idx,membership,set_split,cut_T,cut_T_rep1_diff,cut_T_rep2_diff,cal_T,cal_T_rep1_diff,cal_T_rep2_diff,ppl_T,ppl_T_rep1_diff,ppl_T_rep2_diff,calppl_T,calppl_T_rep1_diff,calppl_T_rep2_diff,cut_200,cut_200_rep1_diff,cut_200_rep2_diff,cal_200,cal_200_rep1_diff,cal_200_rep2_diff,ppl_200,ppl_200_rep1_diff,ppl_200_rep2_diff,calppl_200,calppl_200_rep1_diff,calppl_200_rep2_diff,cut_300,cut_300_rep1_diff,cut_300_rep2_diff,cal_300,cal_300_rep1_diff,cal_300_rep2_diff,ppl_300,ppl_300_rep1_diff,ppl_300_rep2_diff,calppl_300,calppl_300_rep1_diff,calppl_300_rep2_diff,cb_const1,cb_const1_rep1_diff,cb_const1_rep2_diff,cb_const2,cb_const2_rep1_diff,cb_const2_rep2_diff,cb_const3,cb_const3_rep1_diff,cb_const3_rep2_diff,cbm_T,cbm_T_rep1_diff,cbm_T_rep2_diff,cbpm_T,cbm_200,cbm_200_rep1_diff,cbm_200_rep2_diff,cbpm_200,cbm_300,cbm_300_rep1_diff,cbm_300_rep2_diff,cbpm_300,lz_bins3,lz_bins3_rep1_diff,lz_bins3_rep2_diff,lz_bins4,lz_bins4_rep1_diff,lz_bins4_rep2_diff,lz_bins5,lz_bins5_rep1_diff,lz_bins5_rep2_diff,slope_600,slope_800,slope_1000,apen_600,apen_800,apen_1000,elbow_frac,elbow_delta_slope,flat_frac,nei_delta
192,1,test,0.6274606703235526,0.24412230184722605,0.36185901385538266,1.200359543227666,0.4670165774468673,0.6922520265059495,1.872848755478596,0.4056743638280813,0.5686333260606977,3.5828410974373144,0.7760726960189386,1.0878202759422044,0.4120264070413654,0.04845192559863337,0.1450925238115805,0.7292502779493194,0.08575562052855468,0.2568009271001426,1.5098743071155922,0.07141231547569693,0.20392020910645203,2.6723439063992784,0.12639347871804762,0.3609207240822161,0.5359992978868019,0.19664233828156547,0.29904158662706215,1.024202480038475,0.3757496909838831,0.57141704451031,1.7091553444842864,0.30511090156262166,0.44176782406393733,3.2659019321355793,0.5830144615846273,0.8441423389756766,0.12060301507537685,-0.0043969849246231485,-0.0043969849246231485,0.085427135678392,-0.004572864321607972,-0.004572864321607972,0.05025125628140703,-0.004748743718593018,-0.004748743718593018,0.16612377850162863,0.04905060776992132,0.07186592368039357,0.130718954248366,0.1758793969849246,0.06309744209770651,0.08572914656756236,0.08080808080808077,0.15719063545150502,0.0369903015616887,0.06486583011223912,0.1174496644295302,14.0,-5.0,-5.0,20.0,-11.0,-11.0,22.0,-13.0,-13.0,1.5599253582258264e-05,0.00015219587363465205,-0.00029270694770069537,-0.15332316918721256,-0.15035407877852203,-0.15553609017321302,0.08143322475570032,0.18933979187083547,0.003257328990228013,-3.1841933727264404
141,1,test,2.999593595732509,1.3392306427938774,1.8510699111605011,6.27395912389853,2.801138901721545,3.8717034783051703,20.077375733750674,14.816155660518467,16.923841873018926,41.99390038967698,30.989516419710377,35.39795933745943,3.0730061343738613,1.315533660332258,1.8493095662639696,5.8533450178549735,2.5057784006328725,3.5224944119313704,21.606757962125506,15.808993103699894,18.207026087494274,41.15572945166763,30.11236781657123,34.68004969046529,2.999593595732509,1.3392306427938774,1.8510699111605011,6.27395912389853,2.801138901721545,3.8717034783051703,20.077375733750674,14.816155660518467,16.923841873018926,41.99390038967698,30.989516419710377,35.39795933745943,0.5728643216080402,-0.0021356783919597166,-0.0021356783919597166,0.507537688442211,-0.0024623115577889765,-0.0024623115577889765,0.457286432160804,-0.0027135678391959628,-0.0027135678391959628,0.43956043956043955,0.15985294413082352,0.2239696965640936,0.4154411764705882,0.457286432160804,0.16405334945403705,0.22857190795379234,0.4292929292929293,0.43956043956043955,0.15985294413082352,0.2239696965640936,0.4154411764705882,29.0,-13.0,-13.0,36.0,-6.0,-6.0,42.0,-6.0,-6.0,0.0003228472150401314,0.00026814044845466917,6.594529298645121e-05,-0.012763454989317857,-0.009189676355536136,-0.009953252449150796,0.09157509157509157,0.27135414035942845,0.040293040293040296,-1.7609970569610596
243,1,test,1.269836858636109,0.5813752952874532,0.8060270047718399,4.126969790567355,1.8894697096842235,2.61958776550848,3.5602716873955385,1.5696210010602578,1.9701511009880173,11.5708829840355,5.101268253445838,6.4029910782110555,1.1830617934480947,0.4950046547597513,0.7171376416120192,3.585035737721499,1.5000141053325797,2.17314436852127,3.264353694276272,1.2745079133958348,1.670867562508855,9.891980891746277,3.8621451921085894,5.06323503790562,1.3605556063057551,0.5899063586173358,0.8391037533605781,4.122895776684106,1.7875950261131384,2.542738646547206,3.898358652847779,1.7371897205214393,2.213887172739894,11.813208038932663,5.264211274307391,6.708749008302709,0.2613065326633166,-0.003693467336683409,-0.003693467336683409,0.1959798994974874,-0.004020100502512558,-0.004020100502512558,0.16080402010050254,-0.004195979899497493,-0.004195979899497493,0.25617283950617287,0.07589548973729765,0.12578269576900658,0.23529411764705888,0.24623115577889443,0.07580509061598717,0.119353025561866,0.21212121212121215,0.2575250836120402,0.07555513369551259,0.11180761976331943,0.2516778523489933,17.0,-7.0,-7.0,21.0,-8.0,-8.0,27.0,-9.0,-9.0,-0.0002701285606236238,0.0005093252966530179,-0.00018961635269511653,-0.15235074929993697,-0.16583494402838994,-0.1512590441121029,0.09567901234567901,0.12614514745681582,0.0030864197530864196,-2.4879910945892334
131,1,test,0.6523703731602877,0.210312460577108,0.3316691913813828,1.5024287381873291,0.4843559698139457,0.7638441983328815,1.9200867612317776,0.36418091688013976,0.5419930413846188,4.422017995564094,0.8387196873603218,1.2482263983403343,0.970877480104343,0.36416232237608337,0.5395653489763786,1.981382612457843,0.7431884130124151,1.101153773421181,2.6402602190015174,0.805864428638889,1.1009842880869127,5.388286161227587,1.6446212829365083,2.2469067103814546,0.6610968828806717,0.2359050645546985,0.3557438348670789,1.5256081912630886,0.544396302818535,0.8209473112317206,1.9369157393416572,0.4070318880626731,0.5798116980161436,4.469805552326901,0.9393043570677069,1.3380269954218695,0.2160804020100503,-0.003919597989949675,-0.003919597989949675,0.15577889447236182,-0.004221105527638214,-0.004221105527638214,0.1306532663316583,-0.004346733668341707,-0.004346733668341707,0.16831683168316836,0.061232811913810914,0.0815989392572628,0.0927152317880795,0.2160804020100503,0.06821072782458659,0.10422731352924897,0.13131313131313127,0.1705685618729097,0.06205437155571436,0.08046845063820451,0.09395973154362414,12.0,0.0,0.0,18.0,-3.0,-3.0,20.0,-3.0,-3.0,0.002212463520765414,0.0007303524252526014,0.0002235752100549368,-0.098872895663626,-0.10378787517069821,-0.10178287070771042,0.1419141914191419,0.10572463298288114,0.37293729372937295,-1.5170283317565918
195,1,test,0.7612767396133242,0.30776391169972994,0.40997578329992257,1.6621208814890913,0.6719512072110772,0.8951137935381643,2.1410079859572657,0.5671769018493664,0.7200930910796677,4.6745341026733636,1.23833623570445,1.5722032488572744,0.448135635242621,0.09891528607013012,0.1767076801484445,0.8222672206286623,0.18149593774335793,0.324234275501733,1.5653910034435357,0.14742940085694944,0.25355464611847367,2.872277070538597,0.27051266212284286,0.46523788278619005,0.5792982570286778,0.2201714337007718,0.3283243267671719,1.114035109670534,0.423406603270715,0.6313929360907151,1.7847855304931728,0.35270711948800804,0.49950895342299506,3.4322798663330243,0.6782829220923228,0.9605941411980674,0.10552763819095479,-0.0044723618090452,-0.0044723618090452,0.09547738693467334,-0.004522613065326642,-0.004522613065326642,0.055276381909547756,-0.004723618090452297,-0.004723618090452297,0.19897959183673475,0.05757831795138446,0.07776747062461353,0.20204603580562663,0.11055276381909551,0.030352262565962684,0.03876645330156625,0.09090909090909094,0.14715719063545152,0.036973551236453184,0.0403718736165416,0.13758389261744963,12.0,-3.0,-3.0,15.0,-4.0,-4.0,15.0,-4.0,-4.0,0.0006211085927767754,-0.0005896324195222056,0.00021619265345329793,-0.10461003292306792,-0.12063816450175802,-0.11225743137292632,0.08673469387755102,0.0965587446165601,0.6556122448979592,-2.3739163875579834
174,1,test,1.4548416155469384,0.6754083931267827,0.9320175619095026,2.7173765807629597,1.2615386653230136,1.7408374001183238,4.283804923768423,2.103568717522933,2.597020424128881,8.001359771406538,3.9290795011204223,4.850756539321187,0.41235136600556427,0.13359989958516444,0.21814145982160443,0.7566080110193839,0.24513743043149439,0.4002595593056962,1.5103650340352406,0.18888616285647752,0.29601387801251167,2.771311989055487,0.34658011533298616,0.5431447302981867,1.3904830094291263,0.6448377014053669,0.8893797321563294,2.512921101377939,1.165369339889217,1.6073127689572217,4.016789731830199,1.9089885546107972,2.366248460624946,7.25925855150036,3.4499793155616816,4.276352639683637,0.09045226130653261,-0.0045477386934673625,-0.0045477386934673625,0.07035175879396982,-0.004648241206030135,-0.004648241206030135,0.055276381909547756,-0.004723618090452297,-0.004723618090452297,0.2808641975308642,0.11753600030436195,0.15971430020026878,0.2941176470588235,0.10552763819095479,0.020314605609501157,0.03708022583703163,0.0505050505050505,0.26086956521739135,0.10728024969151484,0.145185471780239,0.2751677852348994,14.0,-2.0,-2.0,18.0,-3.0,-3.0,19.0,-3.0,-3.0,-0.0020796389220268897,-0.0001346361245567796,-0.0011345938397875697,-0.10135844465895971,-0.1131170109088524,-0.10354756177811364,0.07716049382716049,0.26928290742204575,0.6296296296296297,-2.0433363914489746
58,1,test,2.1989181650337475,1.042390860673663,1.3318823372532727,6.363535901840088,3.0166159755859034,3.854386763869319,9.015255203644063,5.836380382469947,6.635409089237818,26.089602180242668,16.890131106844848,19.202471758248837,2.1915636558785296,1.0008363470984212,1.3914402315699665,5.923145015887918,2.7049631002660037,3.760649274513424,8.949195642293235,5.659722842279323,6.723380010998337,24.187015249441178,15.29654822237655,18.171297327022533,2.1300473717259947,0.9821756301001034,1.3556259967663298,6.204021471046587,2.8607057187381657,3.9484252332999894,8.41526544764697,5.263786841044055,6.2459289161260925,24.510481886350398,15.33141798362346,18.192025969299298,0.4371859296482412,-0.002814070351758735,-0.002814070351758735,0.35678391959798994,-0.0032160804020100464,-0.0032160804020100464,0.29145728643216084,-0.0035427135678391952,-0.0035427135678391952,0.34120734908136485,0.126266326800893,0.167209304115578,0.29210526315789476,0.3517587939698492,0.13371368118789428,0.18314443670774572,0.25757575757575757,0.3377926421404682,0.12410315966968355,0.17983936071666395,0.2751677852348994,18.0,-1.0,-1.0,28.0,-6.0,-6.0,34.0,-4.0,-4.0,0.0013124860262089004,-0.00018303405069823575,0.00044499776340322874,-0.10227725866666582,-0.09746024452893653,-0.10043034268309103,0.09448818897637795,0.08305087682961508,0.07086614173228346,-0.8426566123962402
237,1,test,1.2925690360813522,0.5771441776585852,0.636330993047425,3.2592197737750226,1.4552721468918088,1.6045120201034535,3.6421313138611904,1.5970759571542064,1.7146039112111926,9.183653689252141,4.027035612394209,4.32338298041962,1.0626970054448206,0.385930552206182,0.6035056215968257,1.88087965565455,0.6830629242587294,1.0681515426492494,2.8941660544834473,0.9266606400552622,1.311372459557392,5.122417795545925,1.6401073275314375,2.3210132027564456,1.228301372181889,0.5268345354992702,0.7541659259848681,2.5239069291408676,1.0825367167793223,1.5496560122976741,3.415423073532904,1.3987143522566603,1.8087984900522094,7.017992616848432,2.874070586828754,3.7167092261346766,0.23115577889447236,-0.003844221105527623,-0.003844221105527623,0.17085427135678388,-0.004145728643216162,-0.004145728643216162,0.1306532663316583,-0.004346733668341707,-0.004346733668341707,0.2649572649572649,0.08245993304691268,0.08900418577837932,0.30406852248394,0.22613065326633164,0.04317325978262232,0.08088858314947023,0.2828282828282829,0.2675585284280937,0.0789107821843541,0.11627932931797136,0.31879194630872487,15.0,-3.0,-3.0,18.0,0.0,0.0,23.0,-2.0,-2.0,0.00018252197495784858,-0.0005693241368071415,-7.225119208568363e-05,-0.16039854125521646,-0.1459917355038325,-0.1555298128305571,0.053418803418803416,0.06773855610370014,0.11965811965811966,-2.028189182281494
251,1,test,0.4837818807523282,0.16577753258401973,0.25384599020422205,1.1928362403282595,0.408749183394186,0.6258950750836925,1.6221977745024605,0.24781553724260386,0.3636784501433914,3.999770085223624,0.6110260956439775,0.8967033541703469,0.2964518532240878,0.03649493769163564,0.09566167717379648,0.6814985131588225,0.08389640848651869,0.2199119015489574,1.345077797278916,0.04820358695166527,0.12270953450241295,3.092132867307853,0.11081284356704657,0.2820908839135927,0.5192993014764976,0.13146193761159097,0.24657957893003413,1.1983830034073022,0.30337370218059456,0.569029797530848,1.6808494682314645,0.20705939495708736,0.36731742841935366,3.8788833882264564,0.47782937297789374,0.8476556040446623,0.06030150753768848,-0.0046984924623114654,-0.0046984924623114654,0.04020100502512558,-0.00479899497487446,-0.00479899497487446,0.025125628140703515,-0.004874371859296511,-0.004874371859296511,0.13043478260869568,0.028109201213346813,0.05295544376572048,0.11838006230529596,0.1306532663316583,0.020377577108600664,0.03883356683249306,0.0757575757575758,0.137123745819398,0.031948453665808674,0.05036067574153369,0.12751677852348997,13.0,-4.0,-4.0,13.0,0.0,0.0,14.0,-1.0,-1.0,-0.00047143234734231163,9.803941701664654e-05,-6.359049026069438e-05,-0.16554068273230538,-0.17409233911059419,-0.17065882649259612,0.07763975155279502,0.07914879969095544,0.003105590062111801,-2.6625139713287354
12,1,test,1.8062685944456178,0.8199217479084636,1.024389077909939,4.242630884628079,1.9258627102036008,2.4061231829977636,6.087689360944807,3.406268444999833,3.90211312672107,14.298991289661057,8.000770068487979,9.165428506949489,1.381167838639013,0.5519893016411561,0.8169968335000278,2.4885907002504735,0.9945753182723531,1.4720663666667166,3.9795463828360953,1.6881107455135695,2.221556568876578,7.170353842947919,3.0416409829073325,4.002804628606446,1.730368433373274,0.7628626858712687,1.0751225245267213,3.655707957830861,1.611681730713948,2.271385615197299,5.642732496462362,3.0113595377676203,3.717116511297529,11.92126583759654,6.362027192466803,7.853063052037032,0.3467336683417085,-0.003266331658291488,-0.003266331658291488,0.2361809045226131,-0.0038190954773869024,-0.0038190954773869024,0.1758793969849246,-0.004120603015075441,-0.004120603015075441,0.3449131513647643,0.10823409312436783,0.1396345589893977,0.3656716417910447,0.3015075376884422,0.09098122189896851,0.14791822216256567,0.2727272727272727,0.3210702341137124,0.09235570990670072,0.15199348216710507,0.34563758389261745,19.0,-10.0,-10.0,29.0,-14.0,-14.0,34.0,-16.0,-16.0,-6.358081791509433e-05,-0.0008404791872183653,-3.2046998583980456e-05,-0.07684844076207575,-0.070600537879983,-0.0748310573084181,0.07692307692307693,0.15851384807893665,0.2803970223325062,-1.7509809732437134
266,1,test,3.0462185400280637,1.4624248053094973,1.6983392300880003,7.93476086773777,3.8093101216145584,4.423817755019641,21.035648371493984,16.162239164326365,17.18639457685461,54.793455338921454,42.09924572743694,44.76695593372308,3.1627407390015883,1.4890809029017253,2.0406055781984653,7.270668365520892,3.4231744894292535,4.691047306203368,23.63528538859024,18.3036403078442,20.56388023756043,54.33398939905803,42.07733404102115,47.27328790243777,3.0923282737130404,1.483315225069845,2.0140699140254084,7.997400707878553,3.8361600648358056,5.20880150178985,22.02830624227521,17.030430110020536,19.088750800350056,56.969757523125544,44.04421580177725,49.367458966422554,0.6532663316582914,-0.0017336683417086274,-0.0017336683417086274,0.5376884422110553,-0.0023115577889447625,-0.0023115577889447625,0.42713567839195976,-0.002864321608040288,-0.002864321608040288,0.40092165898617516,0.1166869063969922,0.14969976260298845,0.36489607390300227,0.42211055276381915,0.12135867306457104,0.20174327396582248,0.3535353535353535,0.4013377926421404,0.1192008978174326,0.18443011744747972,0.3557046979865772,22.0,0.0,0.0,32.0,0.0,0.0,39.0,1.0,1.0,0.00048803923205297987,0.0004031028905006102,0.0001346922943159246,-0.015755862481853455,-0.01918417916218118,-0.01732694978653182,0.08294930875576037,0.11331298056453214,0.02534562211981567,-1.0263783931732178
249,1,test,1.2416819246035362,0.5739793224587891,0.7603337305443563,4.146534133538415,1.9167749850917364,2.53909612768941,3.4614304365520683,1.511677623224028,1.843175783080275,11.559272283531678,5.048171145445378,6.155192523313946,1.3886661795194637,0.6095111053307808,0.8624821878407383,3.5606825115883685,1.562848988027643,2.2114927893352263,4.009498533543756,1.82986867181249,2.3170370106139058,10.280765470625013,4.691970953365358,5.941120540035655,1.347135935699384,0.6187124789428846,0.8546463173370941,3.8859690452866844,1.7847475354121674,2.4653259153954634,3.8463934218180604,1.7745816910157495,2.2100082945168538,11.09536563985979,5.118985647160816,6.375023926490924,0.3517587939698492,-0.0032412060301507672,-0.0032412060301507672,0.2361809045226131,-0.0038190954773869024,-0.0038190954773869024,0.1758793969849246,-0.004120603015075441,-0.004120603015075441,0.2892561983471075,0.09393295212977593,0.12698835865991298,0.23480662983425415,0.29145728643216084,0.09847483029180992,0.13786797090628433,0.23737373737373735,0.29096989966555187,0.08896656076738829,0.12856723003262638,0.24496644295302017,17.0,-3.0,-3.0,21.0,0.0,0.0,28.0,-1.0,-1.0,8.807355115016699e-05,0.00032228080476545153,2.3148529370585273e-05,-0.17656546383543237,-0.19178243994359523,-0.17788481155009794,0.06887052341597796,0.3220947372181006,0.02203856749311295,-1.6713875532150269
135,1,test,1.3578995931470712,0.6211643363844263,0.8401520752027892,5.084900604125203,2.3260621958225327,3.146101387993424,3.8880182991051027,1.7989143182381588,2.2097751226752216,14.559387673244641,6.736360000210979,8.27490258703913,1.248351082829969,0.5192271420471389,0.7554500234714383,3.8410802548614433,1.5976219755296581,2.3244616106813485,3.484592413418334,1.4113289031782412,1.8475338716644598,10.721822810517951,4.342550471317666,5.6847196051214155,1.334522854015239,0.5907089652310551,0.8303821702626127,4.8235765807779725,2.1350926454134527,3.0013813382986005,3.7981832261118273,1.6942387837943458,2.142620968626291,13.728373106428291,6.123754640220527,7.7444131396131,0.3266331658291457,-0.0033668341708542604,-0.0033668341708542604,0.2160804020100503,-0.003919597989949675,-0.003919597989949675,0.1507537688442211,-0.0042462311557789345,-0.0042462311557789345,0.2934472934472935,0.09003335319124794,0.11944924848150662,0.2571428571428571,0.2814070351758794,0.07839951637888687,0.11613157607738189,0.21717171717171713,0.2876254180602007,0.09063042640744612,0.1252227484272752,0.24496644295302017,20.0,-5.0,-5.0,26.0,-6.0,-6.0,31.0,-6.0,-6.0,0.00037590960806794166,-0.000203017136695135,0.00018274908974057118,-0.15703996722240365,-0.1583749455177621,-0.16923592843030555,0.08262108262108261,0.08190158228112361,0.002849002849002849,-0.9540859460830688
230,1,test,1.9073031799583506,0.8788822029837335,0.8788822029837335,7.502059174502846,3.4569366650693523,3.4569366650693523,6.7349014683174735,3.9382550909363077,3.9382550909363077,26.49061244204873,15.490470024349476,15.490470024349476,2.7110864421389564,1.278969308674263,1.7467203286711404,5.830293423954744,2.7504716315575544,3.7563878035938494,15.045612826277534,10.85805739884789,12.42248846012388,32.35615661565061,23.350661072791162,26.71502894650297,2.7388400150596506,1.3010742911297724,1.7766691515398083,6.790512434032192,3.2258040275944775,4.404964838528451,15.46903084220219,11.257754697875622,12.851658573720801,38.35296903025337,27.91178850712965,31.86361629848133,0.6331658291457287,-0.0018341708542712887,-0.0018341708542712887,0.46733668341708545,-0.002663316582914521,-0.002663316582914521,0.35678391959798994,-0.0032160804020100464,-0.0032160804020100464,0.3113207547169812,0.0943119570630222,0.0943119570630222,0.24763705103969758,0.40201005025125625,0.11378949887281009,0.17329552604424459,0.3484848484848485,0.3745819397993311,0.11247843395625934,0.16657304102291282,0.3389261744966443,22.0,0.0,0.0,32.0,0.0,0.0,38.0,0.0,0.0,0.002629317694467009,-0.00021058328811749888,0.0012472280519773918,-0.11783916129992722,-0.08787766093035376,-0.12241452502646855,0.05849056603773585,0.08502369327878037,0.5075471698113208,-0.5450104475021362
173,1,test,1.4774888234337666,0.6803407154123269,0.7786060413709874,4.412634405557222,2.0318900560972177,2.3253670363093244,4.381928058056039,2.1627250900005275,2.370423894940551,13.086966347885486,6.459145403021709,7.079453914419767,1.6538160462751126,0.7347600806374756,1.033875605042826,3.1501258024287857,1.3995430107380487,1.9692868667482397,5.226887863990058,2.71996521261788,3.368070534310183,9.955976883790585,5.180886119272151,6.41537244630511,1.7888507059585093,0.8331449816259567,1.1457120347960776,3.779262054841921,1.760165454139345,2.420518383371995,5.982572778501121,3.382067603236858,4.080130118209414,12.639238264438987,7.145213246275052,8.619993207484676,0.3417085427135679,-0.003291457286432098,-0.003291457286432098,0.2613065326633166,-0.003693467336683409,-0.003693467336683409,0.20603015075376885,-0.003969849246231116,-0.003969849246231116,0.2927927927927928,0.11056557119549248,0.12368233335975276,0.291196388261851,0.2864321608040201,0.10096850165615046,0.1461984379325677,0.31818181818181823,0.32441471571906355,0.11740302957549098,0.1709108225043806,0.3557046979865772,18.0,0.0,0.0,24.0,1.0,1.0,28.0,0.0,0.0,0.0006603225659605537,-0.0003398292492510815,0.0005793869466377453,-0.13449722701716205,-0.13069734949623335,-0.1375805188926913,0.05630630630630631,0.12265666367040554,0.0022522522522522522,-1.4484895467758179
164,1,test,1.704433374361892,0.772935972490303,1.06781104037927,3.8206761546098784,1.73262157591786,2.3936166945414503,5.4982693240306855,2.9599621247540004,3.608183317791923,12.32497955856543,6.635082883676753,8.088142470755049,1.91629908931064,0.8219820964378068,1.1745325590369764,3.452791151911063,1.4810488224104628,2.116274881147705,6.795761366054267,3.808619618671803,4.696120045776553,12.24461507397165,6.862377691300544,8.46147755995775,1.8738441424722265,0.8409340238431628,1.1733926397608863,3.798332721227486,1.7045959942766813,2.378498594109904,6.513286336713608,3.704057195814123,4.498624209148369,13.20260743928434,7.508224045569168,9.118832856381829,0.44723618090452266,-0.0027638190954772934,-0.0027638190954772934,0.31658291457286436,-0.003417085427135591,-0.003417085427135591,0.25125628140703515,-0.003743718592964851,-0.003743718592964851,0.2942942942942943,0.09039624331978158,0.1334551334551335,0.2349397590361446,0.31658291457286436,0.08350020780594702,0.13795186281994287,0.26262626262626265,0.3076923076923077,0.09400282522152303,0.1430649439548216,0.261744966442953,19.0,-2.0,-2.0,28.0,1.0,1.0,35.0,-1.0,-1.0,0.000728581718591619,0.0002687420086677965,0.0004670360777314639,-0.10674930271118654,-0.11129647714298141,-0.11845865626973229,0.09009009009009009,0.12705907340227018,0.9009009009009009,-1.543038249015808
61,1,test,2.054343540394352,0.929713981906537,1.1114094217732648,4.452815694154256,2.015166854183205,2.408994025874031,7.801714680692935,4.7226386606440425,5.234210942922402,16.910315576933417,10.23637922890866,11.345218642781042,0.6317349593708854,0.12621944339674995,0.25186178523346997,1.1486090170379735,0.229489897085,0.45793051860630907,1.8808709848514833,0.22303104167056564,0.41877183916187777,3.4197654270026967,0.405510984855574,0.7614033439306866,2.332662225809326,1.036281435299124,1.4434017282846483,4.485888895787165,1.9928489140367773,2.775772554393555,10.305340188781475,6.649299471981447,7.872010656218299,19.817961901502837,12.787114369195091,15.138482031189035,0.12562814070351758,-0.004371859296482428,-0.004371859296482428,0.07537688442211055,-0.004623115577889414,-0.004623115577889414,0.06030150753768848,-0.0046984924623114654,-0.0046984924623114654,0.17370892018779338,0.029511968253444043,0.044676662123277255,0.20235294117647062,0.1306532663316583,0.025390108436921466,0.04050301591429606,0.09090909090909094,0.14381270903010035,0.01693457881307192,0.03702739201119043,0.18791946308724827,11.0,-1.0,-1.0,12.0,0.0,0.0,16.0,-2.0,-2.0,0.001037675567920245,-0.0019883155143331005,0.0001002850987345793,-0.1849492294756434,-0.18077764586934197,-0.1871786410701617,0.6314553990610329,0.13213809769367998,0.34507042253521125,-1.135333776473999
49,1,test,0.917166458515259,0.3765595618520795,0.5414083117451591,1.79287906579819,0.7360994824905056,1.0583461913210455,2.5021902755040886,0.785141658393758,1.0460953455839475,4.891287205222682,1.5347966881595498,2.0449095456047788,0.18670937301562265,0.001372381876445894,0.04808744781994684,0.3275603035361801,0.002407687502536615,0.08436394354376636,1.2052769481389336,0.001652965730181366,0.056587220886710865,2.1145209616472522,0.0028999398775111374,0.09927582611703656,0.7877397109609159,0.303223239076921,0.45266349693935964,1.440987276148017,0.5546766568480263,0.8280429822061457,2.198421737699856,0.5750318733027109,0.80037480575861,4.021503178719249,1.051887573114715,1.4641002544364818,0.055276381909547756,-0.004723618090452297,-0.004723618090452297,0.035175879396984966,-0.00482412060301507,-0.00482412060301507,0.02010050251256279,-0.004899497487437232,-0.004899497487437232,0.21739130434782605,0.07412068206128486,0.09911173445535293,0.2383720930232558,0.08040201005025127,0.010226571453760047,0.02030184310534311,0.07070707070707072,0.19397993311036787,0.06209345564793045,0.08274522788233674,0.21140939597315433,12.0,-3.0,-3.0,14.0,-3.0,-3.0,14.0,-2.0,-2.0,-0.0012541742803489878,-0.0004534879431669995,-0.0007576701830176595,-0.06866755237915356,-0.08615803968513003,-0.08013237165302556,0.07246376811594203,0.05763550847416871,0.5043478260869565,-2.1907951831817627
210,1,test,0.4772649864112575,0.18029695720452482,0.23883475593321404,1.216867680584994,0.4596975398923314,0.6089495432734264,1.611660455595908,0.26588818224273214,0.3424053079736946,4.10920049936705,0.6779268222745163,0.8730201560918709,0.37698237670830814,0.046995094456607656,0.13068219405026169,0.8767032016472283,0.10929091734094809,0.3039120791866551,1.45787861652472,0.06692817793100225,0.1785950818832729,3.3904153872667906,0.1556469254209354,0.41533739972854145,0.5933599373106003,0.17548585305241526,0.28440153435363813,1.4016376471903944,0.41453351114743753,0.6718146480794601,1.8100598975705482,0.2913304671512169,0.44805418365579075,4.275732041505232,0.6881822058690164,1.0583957094231278,0.085427135678392,-0.004572864321607972,-0.004572864321607972,0.04020100502512558,-0.00479899497487446,-0.00479899497487446,0.03015075376884424,-0.0048492462311557905,-0.0048492462311557905,0.13802083333333337,0.036590404204594695,0.05493187927663734,0.12271540469973885,0.13567839195979903,0.03041523406506219,0.05053648878784578,0.09595959595959591,0.15719063545150502,0.04867644513430969,0.07598930063504228,0.14429530201342278,12.0,-3.0,-3.0,13.0,-2.0,-2.0,14.0,-2.0,-2.0,0.0004924202392904247,5.7557230412011714e-05,0.00022532639767494918,-0.16998104256142388,-0.16538512970881314,-0.17152377477598368,0.06510416666666667,0.08653255881019983,0.0026041666666666665,-2.618835926055908
121,1,test,2.17716870039861,1.0162754247133154,1.3956729843654232,4.058123972171559,1.8942820841595132,2.601458487864803,8.82129513903136,5.628511100012878,6.636557569114366,16.4424140686707,10.491238376894753,12.370182135628141,2.4211676370741952,1.0973469044544804,1.5245964842746735,4.103673961142704,1.8599100075499666,2.5840618377536844,11.258998066302965,7.501246718816725,8.807814116131041,19.083047570005025,12.713977489519873,14.928498501917016,2.17716870039861,1.0162754247133154,1.3956729843654232,4.058123972171559,1.8942820841595132,2.601458487864803,8.82129513903136,5.628511100012878,6.636557569114366,16.4424140686707,10.491238376894753,12.370182135628141,0.5376884422110553,-0.0023115577889447625,-0.0023115577889447625,0.40201005025125625,-0.002989949748743781,-0.002989949748743781,0.3065326633165829,-0.0034673366834171437,-0.0034673366834171437,0.3589743589743589,0.1048610134533352,0.16165401792685585,0.2867647058823529,0.35678391959798994,0.1036510875177894,0.15645002978162936,0.297979797979798,0.3589743589743589,0.1048610134533352,0.16165401792685585,0.2867647058823529,19.0,-7.0,-7.0,29.0,-12.0,-12.0,35.0,-12.0,-12.0,0.0003319964459059787,0.00042664596556007885,0.00010393846269479825,-0.02990781191383185,-0.031034566706520827,-0.031263583453306154,0.09157509157509157,0.206302142521689,0.06227106227106227,-0.6535658836364746
66,1,test,3.1423865057725044,1.4908005054724307,1.8676795543471152,9.057466987226631,4.29701322165583,5.383311656647567,23.15907021571228,17.94382556468994,19.58141738530799,66.75261415117069,51.7204383923416,56.440555992946564,4.034480928785233,1.8724063575427135,2.5825690688904297,7.989071146109373,3.7077353614707205,5.113998156218673,56.51357805202936,47.824432828209595,52.24230526293869,111.90807535055319,94.70184718457345,103.45010943156177,3.5221516794106438,1.6681309654696843,2.2786003579012784,8.320043337190498,3.940466847566184,5.382520530475461,33.85719998539187,27.4717579719385,30.389292709486433,79.9776377607682,64.89391646914606,71.78573080981047,0.7185929648241206,-0.0014070351758793676,-0.0014070351758793676,0.5879396984924623,-0.002060301507537776,-0.002060301507537776,0.4824120603015075,-0.0025879396984924696,-0.0025879396984924696,0.370843989769821,0.10775331288604073,0.1528576750093127,0.3128205128205128,0.4371859296482412,0.13392778428483265,0.20179360911401756,0.38383838383838387,0.3946488294314381,0.10750358736132126,0.18107819539361825,0.3489932885906041,29.0,-14.0,-14.0,42.0,-12.0,-12.0,49.0,-14.0,-14.0,0.0009220182720291774,0.001917456085311542,0.0003054090191133106,-0.018256078975955603,-0.027777193537379397,-0.02194171230895492,0.06905370843989769,0.2261006475056863,0.8312020460358056,-0.5920548439025879
127,1,test,0.5220846796862946,0.21865560454170585,0.2898080477710476,1.1792971588208065,0.493904424376559,0.6546252373181312,1.6855377960661877,0.33104227592994473,0.4240691530137368,3.8073324334671534,0.7477660821005809,0.9578973809251465,0.08587414471764926,-0.17144835174616524,-0.13093314691925484,0.16838067591695932,-0.33617323871797106,-0.2567316606259899,1.0896691790526323,-0.20379301743579536,-0.15243553605348925,2.1366062334365337,-0.3995941518348931,-0.29889320794801844,0.21502994150242918,0.02414345691619474,0.07968252528367864,0.485029943238562,0.054458925374875344,0.1797350194368691,1.2398990208498313,0.029576966775537894,0.09496453677701,2.79676470868383,0.06671496265158927,0.21420572205340616,0.02010050251256279,-0.004899497487437232,-0.004899497487437232,0.01005025125628145,-0.004949748743718563,-0.004949748743718563,0.01005025125628145,-0.004949748743718563,-0.004949748743718563,0.16187989556135773,0.060184980307120495,0.07781342439811234,0.17801047120418845,0.06030150753768848,0.02521378823944287,0.026912525901628404,0.030303030303030276,0.0735785953177257,0.01514787745462054,0.016848895651429774,0.07046979865771807,11.0,-2.0,-2.0,11.0,-2.0,-2.0,13.0,-4.0,-4.0,-0.00019329324355324504,-0.0008857442917528553,-7.67463447513361e-05,-0.08803174746702158,-0.10378239135721445,-0.09686045847643232,0.06527415143603134,0.06974505941135581,0.6997389033942559,-2.7233986854553223
215,1,test,0.7682726142026057,0.31950148713033866,0.41396390424032437,1.4186243155276024,0.5899632111197417,0.7643891627135293,2.156038724599792,0.5896526118049248,0.7308436341021423,3.981150575191244,1.0888004041235124,1.3495112685513977,0.2916057633203904,-0.013753704598855665,0.042095884882104695,0.4628662909847467,-0.021831277141040717,0.06681886489222971,1.3385751981616998,-0.018537555671687356,0.05517895581791521,2.1247225367646028,-0.029424691542360826,0.0875856441554208,0.364851839258644,0.11757340997475466,0.18184090081882232,0.6476659868496639,0.208710195221458,0.3227944984949509,1.4403005963358526,0.15976499457777904,0.23947305314704326,2.5567466207145313,0.2836064992504954,0.42510009434386387,0.07035175879396982,-0.004648241206030135,-0.004648241206030135,0.05025125628140703,-0.004748743718593018,-0.004748743718593018,0.035175879396984966,-0.00482412060301507,-0.00482412060301507,0.20707070707070707,0.06457385965582685,0.07901596611274031,0.20759493670886076,0.12562814070351758,0.04542763945038475,0.055511279267791314,0.045454545454545414,0.1270903010033445,0.035270601504179266,0.05033835439600298,0.08053691275167785,12.0,-3.0,-3.0,14.0,-4.0,-4.0,15.0,-5.0,-5.0,7.127014112529073e-05,-0.001214897089646411,-8.868861624614658e-06,-0.08683941049373933,-0.0800299362672372,-0.08580815354444482,0.06565656565656566,0.09825516594047572,0.7424242424242424,-2.7477331161499023
27,1,test,1.8676830928235815,0.862467004496031,1.1844771204712856,4.044585240750405,1.867726559405312,2.5650597244643074,6.473281020133284,3.74078335024709,4.493064935604314,14.018297308500557,8.100901692256944,9.730014794321924,1.7068980903818876,0.7400392317698017,1.0422025239934671,3.251234457870262,1.4095985367043842,1.985147664749461,5.511837710757142,2.8821664075442612,3.5679390675940272,10.49873849668027,5.489840776274783,6.7960744144648135,1.9740103772533257,0.9176657761905718,1.2600492321099488,4.0013723863243085,1.8601333301160237,2.5541538488715174,7.199491346833548,4.323651934727418,5.157427175156599,14.593563540878813,8.764159327150171,10.45424427396608,0.4522613065326633,-0.0027386934673366836,-0.0027386934673366836,0.2864321608040201,-0.003567839195979916,-0.003567839195979916,0.22613065326633164,-0.003869346733668344,-0.003869346733668344,0.3282208588957055,0.08932346226477139,0.13944534869162384,0.34461538461538466,0.321608040201005,0.07348773944912523,0.1262824976300534,0.33333333333333337,0.33444816053511706,0.0857002473464693,0.14312446754290353,0.3657718120805369,17.0,0.0,0.0,24.0,-1.0,-1.0,33.0,-3.0,-3.0,-0.0014187559489807146,0.0001126482710638856,-0.0001891282943245061,-0.07464731404101776,-0.09052501657835421,-0.08901760364238598,0.07668711656441718,0.14923021781406415,0.10429447852760736,-1.9799538850784302
165,1,test,2.0204283551008375,0.9585741058542943,1.0018209093208335,5.276757033800592,2.5035100317790344,2.61645780040707,7.541554705294218,4.649826699707321,4.772219077749357,19.696294469677987,12.143962284873911,12.46361471901561,2.3709511183421577,1.0677885246320824,1.4947690565285694,4.0878467557623415,1.8410146976415218,2.5771880284975337,10.707571610230245,7.026652078538838,8.30585902078364,18.46133036246594,12.114917376791102,14.320446587558001,2.08343798410652,0.9841331896945702,1.3462488822567633,4.5622729578974885,2.1550361818129273,2.9479902531169997,8.0320355108127,5.029957274068792,5.941983185183046,17.588398928786933,11.014504979712685,13.011642011349736,0.5025125628140703,-0.0024874371859296973,-0.0024874371859296973,0.38190954773869346,-0.0030904522613065533,-0.0030904522613065533,0.31155778894472363,-0.003442211055276312,-0.003442211055276312,0.3326530612244898,0.10635336703488729,0.11466674646398145,0.33742331288343563,0.3668341708542714,0.1162076044382313,0.1815253227741378,0.4242424242424242,0.34448160535117056,0.1040809375715378,0.16539372993404045,0.3657718120805369,21.0,-10.0,-10.0,29.0,-8.0,-8.0,38.0,-13.0,-13.0,0.0010525732752042713,-4.8848733630836646e-05,0.00025772561178049756,-0.11212723137079728,-0.09244992114142203,-0.11174701709724655,0.05102040816326531,0.10377623014612813,0.0020408163265306124,-1.5187172889709473
163,1,test,2.0531509223100213,0.9180905027618984,1.1763534620518143,5.106213008082715,2.283303003622124,2.925606337440551,7.792415760808145,4.681054236524606,5.389224706293682,19.37983919733454,11.641842679148855,13.403071834483637,1.9398011603251044,0.7581485756473465,1.1092028878875966,3.958777878214499,1.5472419911170339,2.2636793630359113,6.957367432412295,3.6976106542235057,4.662676252249846,14.198709045739378,7.546144192292869,9.515665820918054,2.0140990957106806,0.8700695217009375,1.221563693136071,4.612440677200032,1.9925256222158878,2.797474106418483,7.493972986720539,4.354579657465114,5.28498297549414,17.161770198596656,9.972319826255987,12.103014447696506,0.44723618090452266,-0.0027638190954772934,-0.0027638190954772934,0.35678391959798994,0.001783919597989958,0.001783919597989958,0.2814070351758794,0.0014070351758793676,0.0014070351758793676,0.3691099476439791,0.11682236594463269,0.15698873552276693,0.3385826771653543,0.35678391959798994,0.09613229052530825,0.15144168253622037,0.28787878787878785,0.3712374581939799,0.11748119775992316,0.16879029467896323,0.325503355704698,21.0,0.0,0.0,28.0,1.0,1.0,38.0,0.0,0.0,0.0004276005473952897,-0.0006228892223145793,0.00014368713168732175,-0.07397565210134971,-0.062207119745843364,-0.0691413493745765,0.06544502617801047,0.10729207869565399,0.002617801047120419,-1.817187786102295
169,1,test,0.05321333603514386,-0.05128323401144304,-0.020551439855795578,0.09691170469976532,-0.09339661823276049,-0.03742811894267406,1.0546546169556303,-0.05549696913583446,-0.021898927406866386,1.9207286070383998,-0.10107063915466541,-0.039882152562173756,0.07261938688734423,-0.06149900192141999,-0.043414051271836174,0.12740243313569166,-0.10789298582705262,-0.07616500223129152,1.0753211776753586,-0.0682070148963172,-0.0477122460004511,1.8865283818865943,-0.11966142964266147,-0.08370569473763334,0.05321333603514386,-0.05128323401144304,-0.020551439855795578,0.09691170469976532,-0.09339661823276049,-0.03742811894267406,1.0546546169556303,-0.05549696913583446,-0.021898927406866386,1.9207286070383998,-0.10107063915466541,-0.039882152562173756,0.025125628140703515,-0.004874371859296511,-0.004874371859296511,0.02010050251256279,-0.004899497487437232,-0.004899497487437232,0.0,-0.0050000000000000044,-0.0050000000000000044,0.054744525547445244,0.018314653051998975,0.017123166324144234,0.0146520146520146,0.07537688442211055,0.020239039810581727,0.026962861049823372,0.02020202020202022,0.054744525547445244,0.018314653051998975,0.017123166324144234,0.0146520146520146,12.0,-3.0,-3.0,13.0,-4.0,-4.0,16.0,-7.0,-7.0,4.783739594612631e-05,0.00011773900323581992,5.508364149472567e-05,-0.06006757175028388,-0.046791766966008286,-0.05144600074225403,0.09124087591240876,0.06215834281616129,0.0036496350364963502,-3.005737781524658
73,1,test,0.29608802445897225,0.10325896339755047,0.10325896339755047,1.4832073000935433,0.517259854028851,0.517259854028851,1.3445885082990476,0.13191302595799081,0.13191302595799081,6.735508789236351,0.6607979618082531,0.6607979618082531,0.20589240365048064,-0.119721196740559,-0.09376653907611879,0.7224294864929146,-0.42007437452827734,-0.32900540026708347,1.228621001748469,-0.15625914657869933,-0.12077750516205321,4.310950883327962,-0.548277707293682,-0.42378071986685395,0.2060595202424946,-0.05553427298297095,-0.023217470873902524,0.744793446659619,-0.20072628789025648,-0.0839185694237441,1.22882634186055,-0.0701724312825962,-0.028864017963025956,4.441540994676687,-0.2536352937925166,-0.10432777576997321,0.0653266331658291,-0.004673366834170856,-0.004673366834170856,0.03015075376884424,-0.0048492462311557905,-0.0048492462311557905,0.015075376884422065,-0.004924623115577953,-0.004924623115577953,0.108411214953271,0.01847964115072942,0.01847964115072942,0.101123595505618,0.11557788944723613,0.03287112252994284,0.043791578929706865,0.07070707070707072,0.09698996655518399,0.021864757874048735,0.032473837522925875,0.06711409395973156,11.0,-2.0,-2.0,14.0,-5.0,-5.0,15.0,-4.0,-4.0,-0.00019493137627172173,0.00012172914353119875,3.2083526630105204e-05,-0.23205995510351052,-0.21655273244745388,-0.21527300390971416,0.04672897196261682,0.1160690583256379,0.001869158878504673,-2.2888379096984863
52,1,test,0.6897005273207557,0.25106957022875853,0.36589433006068756,1.5647580713589644,0.5696140874564958,0.8301227613251848,1.9931185593038452,0.4425356091591566,0.61073918705675,4.521887731420598,1.0040026632798362,1.3856145306350012,0.33753768186881533,0.0623698586845457,0.1492248935273069,0.6137048761251187,0.11339974306281031,0.271317988231467,1.40149241825043,0.08474078047193245,0.19428136040471422,2.5481680331825998,0.1540741463126043,0.3532388370994801,0.5609805200441715,0.1706137184659527,0.29258136986145056,1.129490979954708,0.3435175539582941,0.5890900064324509,1.7523899116139359,0.2748672594739414,0.4445208395914846,3.5283018354643008,0.5534240123636405,0.8950084018620497,0.08040201005025127,-0.004597989949748693,-0.004597989949748693,0.07035175879396982,-0.004648241206030135,-0.004648241206030135,0.04020100502512558,-0.00479899497487446,-0.00479899497487446,0.20441988950276246,0.06510954467517627,0.08907287092993743,0.1800554016620498,0.10050251256281406,0.030327073966322837,0.0287162020452848,0.045454545454545414,0.16722408026755853,0.0520320936231512,0.07378692787601238,0.13758389261744963,10.0,0.0,0.0,14.0,-4.0,-4.0,15.0,-1.0,-1.0,-0.00010957684029268566,-0.00043707010511543325,-6.06977404812583e-05,-0.0678764671158274,-0.09239558256834046,-0.08176281267528074,0.07458563535911603,0.14412067868308434,0.5607734806629834,-2.3680450916290283
34,1,test,0.3417378261212976,0.1253012516427847,0.19250699201298496,0.6084600318745055,0.2230973504859337,0.34275635163287566,1.4073912679136946,0.16574693699654985,0.2464503248648493,2.505842989212188,0.2951104000182476,0.43880179793009777,0.182866506735712,-0.044136742284723474,0.027260078485036393,0.3099432317554441,-0.07480803777071776,0.046203522855993884,1.2006541181447434,-0.05417982677004285,0.03228784151531294,2.035006979906345,-0.0918302148644794,0.054725155110699975,0.3417378261212976,0.1253012516427847,0.19250699201298496,0.6084600318745055,0.2230973504859337,0.34275635163287566,1.4073912679136946,0.16574693699654985,0.2464503248648493,2.505842989212188,0.2951104000182476,0.43880179793009777,0.045226130653266305,-0.004773869346733739,-0.004773869346733739,0.035175879396984966,-0.00482412060301507,-0.00482412060301507,0.02010050251256279,-0.004899497487437232,-0.004899497487437232,0.10996563573883167,0.022636868615544037,0.04041033357235502,0.08965517241379306,0.09547738693467334,0.03547738693467328,0.04056890107776823,0.030303030303030276,0.10996563573883167,0.022636868615544037,0.04041033357235502,0.08965517241379306,12.0,-3.0,-3.0,15.0,-6.0,-6.0,16.0,-7.0,-7.0,-0.0007417071873762526,0.00017018219799543952,-6.569825157197759e-05,-0.051488381008775175,-0.04794743681682023,-0.0523518660842357,0.0859106529209622,0.163907943759619,0.9896907216494846,-2.043614149093628
65,1,test,1.8383808112935367,0.8299599165811862,1.042922879245078,6.641357705664038,2.998323662604105,3.767676347543029,6.286351226975506,3.545082383661341,4.070895934448039,22.710151729884483,12.807009331965746,14.706569997420395,2.423291239736253,1.0679060380770204,1.508585643631522,5.635561022642449,2.4835024141326056,3.508338706119819,11.282933109834783,7.4046785307942145,8.786892810097967,26.23937932519717,17.22018262975399,20.4346344420883,2.012772491326545,0.9098422827627795,1.2707075573529627,6.038317473979634,2.729526848288338,3.812122672058888,7.484038040630305,4.471056273998929,5.383770086123782,22.45211412189092,13.413168821996788,16.15131025837135,0.4723618090452262,-0.0026381909547738003,-0.0026381909547738003,0.35678391959798994,-0.0032160804020100464,-0.0032160804020100464,0.2864321608040201,-0.003567839195979916,-0.003567839195979916,0.30500000000000005,0.09151685393258435,0.12318181818181828,0.24310776942355894,0.3316582914572864,0.11110691301117115,0.14634944337715283,0.2676767676767676,0.3076923076923077,0.10401951971234114,0.14751433216394283,0.24496644295302017,18.0,0.0,0.0,25.0,0.0,0.0,34.0,0.0,0.0,0.0011012086108498306,0.0015089995467867591,0.000349213114584412,-0.11120786832168061,-0.11448747751484945,-0.11356542760667843,0.0625,0.05503971899770275,0.215,-1.0865757465362549
197,1,test,0.9331969937247679,0.4204787718531937,0.5565891692912424,4.244908276333396,1.912665632941967,2.53180195299553,2.542624953684189,0.8728009700179036,1.0852922866619485,11.56584277712442,3.9701800221546097,4.936756377133009,1.3987101970020221,0.5841929586500948,0.8469167672867699,4.303723683083145,1.797516795846446,2.605897745497754,4.0499729294189475,1.7918876372220787,2.313608655009209,12.461455167442915,5.513500422221781,7.118795861566796,0.9895193715308529,0.42126473624794003,0.6069094828694529,4.240797306560798,1.805420298205457,2.6010406408690834,2.6899412992375016,0.9247578269578061,1.2238353253086602,11.528319853875006,3.963247829819168,5.245008537037115,0.3668341708542714,-0.0031658291457286047,-0.0031658291457286047,0.24120603015075381,-0.0037939698492461815,-0.0037939698492461815,0.16080402010050254,-0.004195979899497493,-0.004195979899497493,0.2446236559139785,0.07549613913545505,0.11168132942326492,0.1617250673854448,0.31658291457286436,0.10605659878339069,0.13795186281994287,0.2222222222222222,0.2575250836120402,0.0772245827773157,0.12181874323384223,0.15771812080536918,16.0,-6.0,-6.0,25.0,-12.0,-12.0,28.0,-11.0,-11.0,0.0012676837807608793,0.0004822262664231029,0.0005322993690796135,-0.12451433096782649,-0.1181588023433644,-0.12774727900032756,0.07258064516129033,0.07797148812134728,0.20161290322580644,-0.7409740686416626
247,1,test,1.7310402995013485,0.8266636540855146,0.9869152100704146,6.161329879581071,2.942362158609459,3.5127490527930014,5.646524931158067,3.176133418035903,3.541925638079705,20.097800602427018,11.304881657415924,12.606853966046407,2.3016399625534882,1.0665654007212193,1.4731311582833677,4.795083255319767,2.22201125150254,3.0690232464236824,9.99055316054541,6.551918258479734,7.700651658874929,20.81365241780294,13.649829705166113,16.04302428932277,2.053179457598716,0.9643650890457562,1.323012979093694,5.703276271107544,2.6787919140159895,3.675036053038039,7.792638122814075,4.821888353448358,5.717212030065465,21.646217007816876,13.394134315134329,15.881144527959627,0.5326633165829145,-0.0023366834170853723,-0.0023366834170853723,0.37688442211055273,-0.003115577889447274,-0.003115577889447274,0.29648241206030146,-0.0035175879396985854,-0.0035175879396985854,0.31264916467780435,0.099299939409628,0.12007829468757947,0.23923444976076558,0.3517587939698492,0.09862596188964867,0.15643325139889763,0.28787878787878785,0.3377926421404682,0.09906142344263846,0.15091833735737592,0.2785234899328859,18.0,0.0,0.0,30.0,0.0,0.0,39.0,0.0,0.0,0.0009519914738784017,0.001415829080818241,0.0002313200909809907,-0.08441759597327536,-0.10038871028856722,-0.09121164697592565,0.06682577565632458,0.07407245533854068,0.6443914081145584,-1.5054978132247925
107,1,test,1.1822281777582562,0.48923101597933794,0.7137059047390228,2.327220822358772,0.9630531810616887,1.404932883344533,3.2616336117288043,1.2619336267863492,1.6640020270247275,6.420538605765363,2.4841213125715536,3.275594541387259,1.4574554017938581,0.6008677634229013,0.8800010852937747,2.886050300581897,1.1898371552928737,1.7425764065223261,4.295016520137833,1.939906042370981,2.5135189956437918,8.504983208193728,3.841398103704913,4.977265337908499,1.1822281777582562,0.48923101597933794,0.7137059047390228,2.327220822358772,0.9630531810616887,1.404932883344533,3.2616336117288043,1.2619336267863492,1.6640020270247275,6.420538605765363,2.4841213125715536,3.275594541387259,0.3668341708542714,-0.0031658291457286047,-0.0031658291457286047,0.2562814070351759,-0.00371859296482413,-0.00371859296482413,0.18592964824120606,-0.004070351758793889,-0.004070351758793889,0.28915662650602414,0.11280392109520254,0.1556452780414046,0.23790322580645162,0.3065326633165829,0.10603141018375084,0.1546127968725095,0.29292929292929293,0.28915662650602414,0.11280392109520254,0.1556452780414046,0.23790322580645162,17.0,-7.0,-7.0,24.0,-11.0,-11.0,29.0,-12.0,-12.0,0.0005995933465173197,0.0003990939739188626,0.00013750325242214452,-0.06940595243588099,-0.07151357767377586,-0.06387833026433132,0.10040160642570281,0.17625761738433474,0.03614457831325301,-1.6397191286087036
234,1,test,2.147056568595079,0.995128467467965,1.196937298584262,5.847904074989228,2.710415694287746,3.260079221143976,8.559626607602665,5.395338508421492,5.973608532275756,23.31371983912831,14.695198305832223,16.27022323922476,2.5504132858413184,1.1425360065078283,1.578888578464968,5.544376708350692,2.4837739271909305,3.4323664749238425,12.812397871235273,8.725127814804647,10.170428250688845,27.853038850511464,18.9676691626188,22.109626631932272,2.4061290234810886,1.0899208016183988,1.506220967868508,5.683769346805721,2.574616066815115,3.558002286303562,11.090945153571058,7.361691122955252,8.631568178719316,26.199083039931633,17.389821550287998,20.38953113083303,0.5376884422110553,-0.0023115577889447625,-0.0023115577889447625,0.457286432160804,-0.0027135678391959628,-0.0027135678391959628,0.3417085427135679,-0.003291457286432098,-0.003291457286432098,0.3438256658595642,0.10803364651252667,0.1385470734841976,0.31796116504854366,0.38190954773869346,0.09619526202440776,0.17155896343151478,0.38888888888888884,0.3612040133779264,0.09743105845305167,0.15764450281062936,0.3557046979865772,16.0,0.0,0.0,26.0,0.0,0.0,33.0,0.0,0.0,0.00039439875106664823,0.0008296715535701375,0.00029264170377914277,-0.051605154895813854,-0.05948448527900041,-0.06009136419737171,0.09443099273607748,0.05112088693851267,0.6682808716707022,-0.6288726329803467
260,1,test,0.5549715239787641,0.1723039235337817,0.2485020669759132,1.0381556866468424,0.322319777356726,0.4648595879748426,1.7418913819318504,0.27570079397074276,0.3832714114142046,3.2584634806287354,0.515738798671638,0.7169654263270693,0.5611540739288833,0.0873262117487319,0.21627773900138975,1.0488861194932397,0.1632265640163213,0.40425745607736396,1.7526940720839783,0.1465635846543527,0.340878755455742,3.276063686138277,0.27395062552215466,0.6371565522537233,0.44792006348998586,0.09595786503195508,0.1649303731261602,0.785824672789449,0.16834713163500903,0.28935153180028117,1.5650535857315346,0.14319881133178303,0.23796210581523303,2.7457080451430436,0.25122598479260194,0.41747737862321577,0.16080402010050254,-0.004195979899497493,-0.004195979899497493,0.09547738693467334,-0.004522613065326642,-0.004522613065326642,0.055276381909547756,-0.004723618090452297,-0.004723618090452297,0.18933333333333335,0.03087794052374615,0.04270576735092868,0.1737967914438503,0.19095477386934678,0.04057883401972273,0.06741554181592446,0.16161616161616166,0.18729096989966554,0.045387797946410124,0.06270810004427063,0.15100671140939592,11.0,-1.0,-1.0,15.0,-4.0,-4.0,17.0,-4.0,-4.0,0.0004931292213304894,-0.00024411605121902387,0.0001878658485779465,-0.25379010478819364,-0.2314413097921615,-0.24891014641769837,0.072,0.0707759036607342,0.0026666666666666666,-1.508866786956787
14,1,test,1.1782006105787242,0.495594560319949,0.5743902997198667,2.4324141637754306,1.0231629632411852,1.1858380381313378,3.248523581727628,1.2694951163026225,1.4194486982824344,6.706629330018329,2.6208931433344462,2.930474731937929,0.7064598685415006,0.2200414983304353,0.3611156807425101,1.0313282752430664,0.3212284647159639,0.527176176266438,2.026803392707712,0.40032306790412053,0.6143273996919463,2.9588370696462944,0.5844132378162343,0.8968283207181695,0.9786851609645377,0.3710632146435384,0.5532399509722568,1.7581170556249182,0.666580625108153,0.9938442233034555,2.6609552130033776,0.8248952590552328,1.1306836527870283,4.780159065275528,1.481847770757903,2.0311682385395717,0.17085427135678388,-0.004145728643216162,-0.004145728643216162,0.12562814070351758,-0.004371859296482428,-0.004371859296482428,0.08040201005025127,-0.004597989949748693,-0.004597989949748693,0.22371364653243853,0.0505292889905391,0.06633339237799085,0.2488789237668162,0.1959798994974874,0.06064155363282575,0.08078791285308007,0.15656565656565657,0.20735785953177255,0.03874350226966905,0.0638650897876124,0.20805369127516782,15.0,-4.0,-4.0,16.0,-2.0,-2.0,22.0,-7.0,-7.0,0.00010216554859499602,-0.0005625429507598723,-0.00030147505320278094,-0.17619998156631667,-0.17754604841574828,-0.1801083033996953,0.05592841163310962,0.030908783271547634,0.37360178970917224,-2.2459235191345215
172,1,test,1.3047562744725707,0.5816787309481901,0.8079200188042548,5.103413782430688,2.2751737704176045,3.160092225449554,3.686790419255059,1.6260248619491984,2.0432770385694443,14.420484044934343,6.36002129547218,7.9920582901007355,1.3851388590594993,0.6201519874556264,0.8633708705632142,4.776340893308618,2.1384551291573324,2.9771409329766003,3.9953806611002154,1.8464144991092266,2.3103765754893093,13.77717469344902,6.366946548652506,7.966815777549344,1.3291297948352587,0.5686834822915318,0.8067165625681224,5.047328334817439,2.1595575276893615,3.0634806173473006,3.7777545352804736,1.6385237622859625,2.0916628604371135,14.345903298533445,6.22224213526315,7.943023520647267,0.31658291457286436,-0.003417085427135591,-0.003417085427135591,0.22613065326633164,-0.003869346733668344,-0.003869346733668344,0.14070351758793975,-0.004296482412060265,-0.004296482412060265,0.26623376623376627,0.08308951988044377,0.11612577487307507,0.19218241042345274,0.27135678391959794,0.08338685910756782,0.12110636655732754,0.1767676767676768,0.2675585284280937,0.0839191294297631,0.11294228816113039,0.19463087248322153,16.0,0.0,0.0,23.0,0.0,0.0,27.0,0.0,0.0,0.0007751308342156245,0.0003804280650274747,-9.856762865169248e-05,-0.1649312678089343,-0.16181316796657708,-0.15773652229085489,0.08116883116883117,0.10931302706623126,0.10064935064935066,-1.5598801374435425
1,1,test,1.3436009648871095,0.6155133386985793,0.850991129126764,3.8258468152717695,1.752648150870531,2.4231611812423113,3.8328205373485433,1.7617044674378786,2.1962386762599406,10.91379407245009,5.016378822534976,6.253696569689322,1.5560507844974423,0.6472530774907951,0.942560420139559,3.536479055676005,1.4710297215699888,2.142182773044452,4.740064695708275,2.2587272510633567,2.8931982970550445,10.772874308427898,5.133471025143993,6.575450675125102,1.3491554751614168,0.6070740299445857,0.8484065014562532,3.550409145161623,1.597563236696278,2.2326486880427714,3.8541692142369217,1.7538665814090235,2.204212632107753,10.142550563781374,4.6154383721290095,5.800559558178298,0.3668341708542714,-0.0031658291457286047,-0.0031658291457286047,0.23115577889447236,-0.003844221105527623,-0.003844221105527623,0.15577889447236182,-0.004221105527638214,-0.004221105527638214,0.27761194029850744,0.07194875102876075,0.11673805747824928,0.22754491017964074,0.27638190954773867,0.06836185942242534,0.10442865412202917,0.21717171717171713,0.27090301003344486,0.07056912021708428,0.11406207566192095,0.21812080536912748,15.0,-4.0,-4.0,19.0,-1.0,-1.0,25.0,-5.0,-5.0,0.0012367201308342215,-8.298732414932974e-05,0.0003664932138947537,-0.1527587136472608,-0.1399925043153738,-0.15023176382401893,0.07462686567164178,0.18376691699225617,0.11940298507462686,-1.622173547744751
220,1,test,2.9058106595619435,1.406147861715799,1.901624261609576,5.794010345429572,2.803773615178775,3.7917235276942454,18.280056549924446,13.799878460026562,15.550371058504123,36.449324878334195,27.516121293022657,31.0064974439264,2.962178647896069,1.394724975840963,1.907819673534023,5.020641776095032,2.3639406370185814,3.2335926670068185,19.340061073320037,14.545636612740557,16.46992633918276,32.77976453105091,24.653621377526367,27.915129388445354,2.912392662269068,1.4031024108364794,1.9018632206748964,5.74814341237316,2.769281074019367,3.753677409226769,18.400772773063174,13.877253679560395,15.653717737792473,36.31731468367732,27.389316472816567,30.895495535116723,0.6783919597989949,-0.0016080402010050232,-0.0016080402010050232,0.5175879396984925,-0.002412060301507535,-0.002412060301507535,0.40703517587939697,-0.00296482412060306,-0.00296482412060306,0.4024390243902439,0.10867951145264876,0.17018750309206954,0.3700305810397554,0.40703517587939697,0.11380209317263001,0.1766512025905823,0.3535353535353535,0.4013377926421404,0.1108536524084176,0.1699696057678356,0.3657718120805369,24.0,-3.0,-3.0,34.0,-5.0,-5.0,44.0,-5.0,-5.0,0.0005817587218868945,0.00021970720440687416,0.00011682097998849101,-0.004283012838283362,-0.005253179564330246,-0.004330138411220652,0.15853658536585366,0.07104531993139092,0.051829268292682924,-0.9537899494171143
90,1,test,0.6086682363818232,0.20412258593247956,0.26966849534197307,1.490187751141705,0.4997484000415878,0.6602228679062099,1.837982010568063,0.3393605631987877,0.43443902881708496,4.499886991390775,0.8308482754177215,1.0636265877935527,0.05030576925609786,-0.03571284428196444,-0.02765439192358688,0.09315883195573677,-0.06613489681845267,-0.05121183689553127,1.0515925919063398,-0.03823402173915169,-0.02948699697033641,1.947393688715444,-0.070803743961392,-0.0546055499450675,0.5734521388200827,0.17224160832636404,0.28258482182703354,1.1946919558751723,0.3588366840132583,0.5887183788063198,1.7743819033524164,0.28075021293410085,0.4367948062549669,3.6966289653175344,0.5848962769460435,0.9099891796978476,0.015075376884422065,-0.004924623115577953,-0.004924623115577953,0.01005025125628145,-0.004949748743718563,-0.004949748743718563,0.005025125628140725,-0.004974874371859284,-0.004974874371859284,0.18352941176470583,0.04369392410313122,0.062317290552584614,0.19575471698113212,0.04020100502512558,0.0026070200627195117,-0.006543569265358595,0.010101010101010055,0.14715719063545152,0.021948509500226088,0.0403718736165416,0.1610738255033557,11.0,-2.0,-2.0,12.0,-3.0,-3.0,12.0,-3.0,-3.0,0.00021556790731198447,-0.0008403074093664843,5.47692796604504e-06,-0.12312309679124045,-0.126672655600788,-0.1357556143041765,0.058823529411764705,0.06268014739249424,0.33176470588235296,-2.178933620452881
115,1,test,0.7244125267391215,0.30120291522669784,0.43266520486756005,1.3985767857275524,0.5815131426920063,0.8353189504379482,2.063518481879578,0.5366641732125761,0.7247537835398243,3.983902733802191,1.0361030858554936,1.3992356283370015,0.7364346161703819,0.10176630692755195,0.2977596715668423,1.2697148554661757,0.17545914987508948,0.5133787440807626,2.0884760058109633,0.2020796683626822,0.5378248478807235,3.600820699674075,0.3484132213149693,0.9272842204840059,0.5872351871416897,0.23620184455687365,0.34906640634319663,1.0874725687809066,0.4374108232534696,0.6464192710059196,1.7990076136958664,0.3784729242749203,0.5300842690484857,3.3314955809182707,0.7008757856942966,0.9816375352749733,0.14070351758793975,-0.004296482412060265,-0.004296482412060265,0.10552763819095479,-0.0044723618090452,-0.0044723618090452,0.08040201005025127,-0.004597989949748693,-0.004597989949748693,0.1561561561561562,0.043712378045211664,0.06824406824406826,0.10542168674698793,0.16080402010050254,0.05804712786992605,0.08233991325576129,0.07070707070707072,0.137123745819398,0.04363459723842977,0.05925945215977624,0.07046979865771807,14.0,-3.0,-3.0,17.0,-4.0,-4.0,19.0,-5.0,-5.0,0.0017480492576388929,0.00011492301937614638,0.00025285500859068385,-0.03879107533258441,-0.05293086317407614,-0.0555716440282743,0.0990990990990991,0.07459352612645538,0.024024024024024024,-1.5982155799865723
207,1,test,0.8332912105757954,0.3147975579032922,0.4769753592265836,1.4719450580973903,0.5560657592160344,0.8425404155681256,2.300878969484585,0.6213831302688804,0.8728204382324327,4.064326354855982,1.0976256753654674,1.5417704091405016,0.7405682183528838,0.19410717396085775,0.35881604367571734,1.265928578380998,0.33180713497582515,0.6133607584200296,2.0971268019438045,0.3699968485468137,0.6322777884778277,3.5848321400748797,0.6324732453791686,1.0808167324407312,0.8332912105757954,0.3147975579032922,0.4769753592265836,1.4719450580973903,0.5560657592160344,0.8425404155681256,2.300878969484585,0.6213831302688804,0.8728204382324327,4.064326354855982,1.0976256753654674,1.5417704091405016,0.14572864321608037,-0.004271356783919655,-0.004271356783919655,0.11557788944723613,-0.004422110552763869,-0.004422110552763869,0.09547738693467334,-0.004522613065326642,-0.004522613065326642,0.20746887966804983,0.05425976993720094,0.08333094863356705,0.1875,0.16582914572864327,0.03299706552814197,0.05063715908423594,0.13131313131313127,0.20746887966804983,0.05425976993720094,0.08333094863356705,0.1875,14.0,-2.0,-2.0,17.0,-1.0,-1.0,20.0,-3.0,-3.0,0.00020201234186494713,-0.00022402007794657968,-0.00037247561683829825,-0.0565132302735738,-0.05683349562864626,-0.05260684368673685,0.1037344398340249,0.23383854008048907,0.6597510373443983,-2.388965129852295
7,1,test,2.851882138758286,1.375159124425909,1.5205234099210316,6.545069508450266,3.1559901905574606,3.489601225768767,17.32035048455375,12.941776862293535,13.534166192542715,39.75020436205085,29.70137789896366,31.060911411885527,3.306965726284701,1.5307989550464962,2.111819523015864,5.853036683689737,2.7093786814982237,3.737733669054627,27.302157443004255,21.39498801060664,23.998116646248594,48.32240255398984,37.8672354170029,42.47454273672318,3.086224355507018,1.472135145615534,2.0005333390458193,5.859919662355098,2.7951933144598753,3.7984810235047206,21.894256792392877,16.87094613473092,18.932771245288126,41.57137365644218,32.03344202797011,35.948299832825555,0.5979899497487438,-0.0020100502512562235,-0.0020100502512562235,0.4974874371859297,-0.002512562814070307,-0.002512562814070307,0.4371859296482412,-0.002814070351758735,-0.002814070351758735,0.37117903930131,0.11708961727295675,0.1336423824098144,0.3238512035010941,0.4170854271356784,0.14390246974219467,0.21174319007390885,0.3787878787878788,0.38795986622073575,0.1225174622140579,0.18551270270571907,0.3422818791946308,26.0,0.0,0.0,37.0,0.0,0.0,43.0,0.0,0.0,0.001472904062394075,0.0003463134352510081,0.0003284428538482655,-0.03196615867954744,-0.023574664445288107,-0.03410994472461315,0.056768558951965066,0.12194851916478101,0.8034934497816594,-1.5406863689422607
122,1,test,1.574716811608564,0.7115535584885813,0.9883522801959076,4.808135331444816,2.172610198585135,3.0177689621981716,4.829373801845987,2.4587259971322872,3.0319318227722816,14.745688008303082,7.507310044577251,9.2574984988647,1.382118551698209,0.6129913441826106,0.8614190108399361,4.458446940961965,1.977391432847131,2.778771002709471,3.9833315885890985,1.8254495401787958,2.3001268801721704,12.84945673738419,5.888546903802568,7.419764129587646,1.574716811608564,0.7115535584885813,0.9883522801959076,4.808135331444816,2.172610198585135,3.0177689621981716,4.829373801845987,2.4587259971322872,3.0319318227722816,14.745688008303082,7.507310044577251,9.2574984988647,0.31155778894472363,-0.003442211055276312,-0.003442211055276312,0.21105527638190957,-0.0039447236180903955,-0.0039447236180903955,0.14572864321608037,-0.004271356783919655,-0.004271356783919655,0.29385964912280704,0.09692310645322277,0.14808705437062042,0.2599118942731278,0.2613065326633166,0.08085540484376774,0.12441170795547019,0.21212121212121215,0.29385964912280704,0.09692310645322277,0.14808705437062042,0.2599118942731278,16.0,0.0,0.0,18.0,0.0,0.0,22.0,0.0,0.0,0.0003339359530414471,-4.73826179692562e-05,-2.382128295380892e-05,-0.13477350814426803,-0.12986967068465205,-0.12910943512674855,0.11842105263157894,0.21273600292658953,0.06578947368421052,-1.3306198120117188
31,1,test,2.3541736927942236,1.0996592745445728,1.3976604342115142,5.005852852260245,2.338286479388734,2.9719482859332746,10.529424726521716,7.023289280987852,7.926818706122683,22.389491039362113,14.93413709748516,16.85537823774439,1.9094535976530518,0.8398592758292631,1.179547483739554,3.978028328443858,1.7497068246442984,2.4573905911240708,6.749399902865022,3.8352028688600037,4.674514107243117,14.061249797635464,7.990005976791675,9.738571056756495,2.3006885055860082,1.0607947937747113,1.4651823123656893,4.895081926778741,2.2570101995206624,3.1174091752461477,9.981052099773816,6.525805906388517,7.675071074908567,21.236281063348546,13.88469341784791,16.329938457252272,0.4522613065326633,-0.0027386934673366836,-0.0027386934673366836,0.3467336683417085,-0.003266331658291488,-0.003266331658291488,0.27638190954773867,-0.0036180904522613577,-0.0036180904522613577,0.4067357512953368,0.14670987807412073,0.18679440232172972,0.4077922077922078,0.35678391959798994,0.11116988451027066,0.16646672427244735,0.30808080808080807,0.4013377926421404,0.14257318496267468,0.20445236438852532,0.3993288590604027,22.0,-3.0,-3.0,30.0,-2.0,-2.0,37.0,-3.0,-3.0,0.0003127320506090687,-0.0006785360919028511,0.00012068955406208352,-0.0346379343691261,-0.026266558805375873,-0.03113693795578243,0.08549222797927461,0.14452522288718708,0.32642487046632124,-0.5546059608459473
246,1,test,0.6358672651729317,0.20959882074063246,0.20959882074063246,1.633738171409661,0.5385237027940011,0.5385237027940011,1.8886593999085703,0.357127548754995,0.357127548754995,4.852545685903703,0.9175702861576354,0.9175702861576354,0.11037278898530482,-0.037782262048194196,-0.010512599692561422,0.19886989006361228,-0.06807614783458416,-0.018941621067678244,1.1166942842032053,-0.04299840977124769,-0.011801282383126166,2.0120617733391084,-0.07747461220044638,-0.02126357186148864,0.24193797373107787,-0.005270078002138856,0.03569706758060512,0.5457247527768674,-0.011887393989786887,0.08051970130963565,1.2737151865652967,-0.0067302974047478425,0.04466593270704444,2.873041774207436,-0.0151811219655964,0.10075022415122836,0.025125628140703515,-0.004874371859296511,-0.004874371859296511,0.02010050251256279,-0.004899497487437232,-0.004899497487437232,0.015075376884422065,-0.004924623115577953,-0.004924623115577953,0.1853281853281853,0.03479055091958316,0.03479055091958316,0.2166344294003868,0.06030150753768848,0.00015113159783886054,0.0068791369199923125,0.04040404040404044,0.1070234113712375,0.010195364626663261,0.021372688345653534,0.09731543624161076,12.0,-3.0,-3.0,12.0,-3.0,-3.0,13.0,-3.0,-3.0,-0.0013176794066353432,-0.000207006531740678,-0.0007173281878811424,-0.22093185284265449,-0.22012865223519684,-0.22815502261084353,0.04826254826254826,0.06167000560097476,0.5984555984555985,-2.067225933074951
239,1,test,1.4329501679935321,0.6660880450694369,0.7340275768584021,3.0772109598386455,1.4304010553104038,1.5762988516867071,4.191045259065432,2.038045464586778,2.1794610182412817,9.000124842048347,4.376632195840729,4.680317209679434,0.766609825119605,0.30860077455587887,0.44279563777559944,1.3568315488842566,0.5461960611608475,0.7837090934081405,2.1524566658753974,0.5715333546315517,0.770066248256958,3.8096578157086682,1.0115634595248704,1.3629491119592179,0.9669670165781707,0.41188094636810135,0.5907852531470574,1.883701980347086,0.8023654799378599,1.1508803632734885,2.6299557384942016,0.8878648180412332,1.1732438518343784,5.12329039966403,1.729606788392013,2.2855399711059325,0.1507537688442211,-0.0042462311557789345,-0.0042462311557789345,0.12562814070351758,-0.004371859296482428,-0.004371859296482428,0.10050251256281406,-0.004497487437185921,-0.004497487437185921,0.2752688172043011,0.08944712010440847,0.10322580645161294,0.29525862068965514,0.18090452261306533,0.07313509905416804,0.09743206852291508,0.11616161616161613,0.22073578595317722,0.07549371583631581,0.10838873367286572,0.19463087248322153,14.0,-3.0,-3.0,19.0,-7.0,-7.0,20.0,-5.0,-5.0,-0.0008159199021757775,-0.0003965503049779928,-0.000996854217037528,-0.08410299739425131,-0.08349123377206746,-0.08791123792196665,0.060215053763440864,0.19504146967962208,0.002150537634408602,-1.6586395502090454
198,1,test,2.6477644008227155,1.2279834143976696,1.699490510691441,6.36590164453121,2.9523856558922694,4.086009100173039,14.12243123214269,9.98621677821366,11.541180941999672,33.95393040919413,24.009414807194545,27.747945669063043,2.9510936565187804,1.3789002659380263,1.8993606833245598,5.843749814888674,2.7304955761149032,3.761110264009029,19.12686050940895,14.309657888000881,16.264252865036585,37.8749713057603,28.33595621386313,32.206441316904126,2.6885244599048064,1.2511044998635423,1.7282745298213635,6.2523824648948985,2.909545348519866,4.019243092607822,14.709954771106913,10.500134482290402,12.0976054745896,34.2091971421091,24.418917400675348,28.133966219975807,0.6030150753768844,-0.0019849246231156137,-0.0019849246231156137,0.48743718592964824,-0.002562814070351749,-0.002562814070351749,0.40703517587939697,-0.00296482412060306,-0.00296482412060306,0.3905325443786982,0.12465366697840286,0.19368215067791084,0.3086053412462908,0.40703517587939697,0.12883968715759242,0.1983540406540213,0.31313131313131315,0.4046822742474916,0.13256207391360175,0.20445980483703552,0.3120805369127517,21.0,0.0,0.0,34.0,0.0,0.0,43.0,0.0,0.0,0.0014182389739205857,0.0004591940306590558,0.0006551594721993325,-0.014457170617188986,-0.014392589893342134,-0.015702428962967474,0.07396449704142012,0.18638758811082812,0.15976331360946747,-1.1576628684997559
148,1,test,2.6875621595587393,1.2861410634195936,1.6463586795243275,5.04250523996417,2.413106252653594,3.088960096731288,14.695806185226417,10.634839292657986,11.863182214994586,27.572824476241646,19.953485603551375,22.258148809321526,3.342539988793216,1.5960959480690917,2.1725602807548725,5.617714266879355,2.682514198435449,3.6513618163947443,28.290894076569746,22.55671819338257,25.068966817928978,47.54772113709201,37.91045074518079,42.13271734105711,3.001543493623231,1.4397559403628706,1.9570450914975335,5.145503131925539,2.468153040622064,3.3549344425672,20.116562759278267,15.349227260134107,17.274590120641413,34.48553615876274,26.31296101737275,29.613583063956707,0.7035175879396984,-0.001482412060301641,-0.001482412060301641,0.5728643216080402,-0.0021356783919597166,-0.0021356783919597166,0.4723618090452262,-0.0026381909547738003,-0.0026381909547738003,0.40740740740740744,0.1392436029159939,0.18355599000760292,0.3289124668435013,0.42211055276381915,0.11133361040792944,0.19506547763861048,0.36363636363636365,0.4247491638795987,0.12925667640046679,0.20450444752809704,0.3523489932885906,22.0,1.0,1.0,37.0,0.0,0.0,46.0,-1.0,-1.0,0.001337271469695739,0.0007983533456791491,0.0003718091639607529,-0.01818049168126823,-0.022614395762380113,-0.01997025531661656,0.082010582010582,0.1710651610661719,0.7857142857142857,-1.4675014019012451
252,1,test,1.85967119304133,0.8717989284218256,0.9694430168860466,5.358177624950333,2.5118706625153853,2.7932076924029223,6.421624949287959,3.7361106241049216,3.9859395960800836,18.502306885135933,10.764668735702307,11.484488461205743,3.060894859009937,1.436568566969665,1.9720128403084234,5.059330345470971,2.374493499123414,3.259525355881692,21.346650860523216,16.27165204242754,18.37570011269625,35.28372043061689,26.89529263211164,30.373058037514465,2.388429340233062,1.132474401247531,1.5453709798153534,5.081764553687367,2.4095200026543218,3.288023361309263,10.896366011786352,7.385176265902176,8.572903905729715,23.183757471885855,15.713140991281225,18.24022107602067,0.7085427135678393,-0.0014572864321606982,-0.0014572864321606982,0.542713567839196,-0.0022864321608039306,-0.0022864321608039306,0.4170854271356784,-0.0029145728643216184,-0.0029145728643216184,0.3239130434782609,0.08721380352169195,0.10494921161120319,0.24183006535947715,0.40201005025125625,0.09624563922368734,0.1666177297170326,0.3939393939393939,0.36789297658862874,0.1024505725819509,0.16878285423045303,0.2919463087248322,21.0,0.0,0.0,36.0,0.0,0.0,41.0,0.0,0.0,0.0018160970243105545,0.0018177545430877544,0.0006110057846242179,-0.11619490280104472,-0.13702362939077517,-0.13470904694022057,0.05434782608695652,0.19996385476868347,0.4391304347826087,-0.7376893758773804
236,1,test,0.4297785895842556,0.10713255714438141,0.15913593821253025,1.0217377790116264,0.25469249434324637,0.37832317386375114,1.5369171963982646,0.15614068209752685,0.2261106246477118,3.653803146154365,0.3712023763073282,0.537546013313428,0.2682207639212634,-0.017065450967440887,0.06645447134667265,0.5108966931833588,-0.032505620890363685,0.12657994542223355,1.3076357869562611,-0.02250689332765421,0.08407376779179909,2.4907348322976404,-0.04287027300505564,0.16014051007961738,0.3370321543244399,0.05526139178946815,0.11694507536641574,0.7021503215092498,0.11512789956139202,0.24363557368003286,1.4007841042809666,0.07530926761508083,0.15459886190578986,2.9183002172520136,0.15689430753141842,0.32208096230372885,0.08040201005025127,-0.004597989949748693,-0.004597989949748693,0.055276381909547756,-0.004723618090452297,-0.004723618090452297,0.03015075376884424,-0.0048492462311557905,-0.0048492462311557905,0.1511936339522546,0.030663832627751297,0.04464426933837384,0.13829787234042556,0.1306532663316583,0.030402639765242268,0.04718081224150805,0.09090909090909094,0.14046822742474918,0.025276240780341852,0.04480638092864242,0.1174496644295302,13.0,-4.0,-4.0,17.0,-8.0,-8.0,17.0,-8.0,-8.0,0.00042229969128364106,-0.00035944264254100534,9.41977768313266e-05,-0.2531130010785989,-0.2849615326429178,-0.26911050500150857,0.07692307692307693,0.08069679983379961,0.002652519893899204,-2.32049298286438
238,1,test,1.2872984162372645,0.5907099632288407,0.8105070635287639,3.110971172573389,1.4275490778030315,1.9587254035278459,3.6229855236959483,1.6160911228469739,2.0120882240667513,8.755548348931875,3.9055535468801867,4.862546541494648,1.3491520824474774,0.5826508864877769,0.8329530962640884,3.0318024324662414,1.309327834803993,1.8718047107058167,3.854156138165486,1.7019332791500816,2.1785097634629156,8.661025029585362,3.8245691666293977,4.895527558343631,1.2749515255019048,0.5645833075018125,0.7982092768282143,2.89761710341342,1.2831438806859374,1.814111992791396,3.578527938551399,1.5437875898054187,1.9677097385372075,8.13301804216227,3.508608158648679,4.4720675875845615,0.3517587939698492,-0.008241206030150772,-0.008241206030150772,0.2160804020100503,-0.008919597989949679,-0.008919597989949679,0.17085427135678388,-0.009145728643216167,-0.009145728643216167,0.26512968299711814,0.06800738083884472,0.10481687752302238,0.23699421965317924,0.27135678391959794,0.06333673379428462,0.11442857023011543,0.2222222222222222,0.28093645484949836,0.07559421778772879,0.12298317342569409,0.24161073825503354,16.0,0.0,0.0,20.0,0.0,0.0,26.0,0.0,0.0,0.0009050808077959104,-8.313489200746807e-05,0.00026727583318545594,-0.1526659812006974,-0.14501053010921883,-0.14875666868706983,0.0893371757925072,0.10008540898779314,0.05763688760806916,-1.623558521270752
209,1,test,0.20387500712682963,0.03023425942174654,0.07442281512928872,0.3889530277809728,0.05768096301028236,0.14198395226793378,1.2261448845056093,0.036516772091940375,0.08794018963643979,2.3392409498724036,0.06966674959384367,0.16777241852625746,0.24731365200728236,-0.00796783280604249,0.017538907428678557,0.47560317693708143,-0.015322755396235566,0.03372866813207415,1.2805807065037205,-0.010244210846445556,0.02226417112156054,2.462655204814847,-0.019700405473933813,0.04281571369530868,0.20387500712682963,0.03023425942174654,0.07442281512928872,0.3889530277809728,0.05768096301028236,0.14198395226793378,1.2261448845056093,0.036516772091940375,0.08794018963643979,2.3392409498724036,0.06966674959384367,0.16777241852625746,0.05025125628140703,-0.004748743718593018,-0.004748743718593018,0.03015075376884424,-0.0048492462311557905,-0.0048492462311557905,0.025125628140703515,-0.004874371859296511,-0.004874371859296511,0.10074626865671643,0.022533978153923107,0.027545276100885197,0.0561797752808989,0.12060301507537685,0.020352388508960817,0.0354611119034236,0.07070707070707072,0.10074626865671643,0.022533978153923107,0.027545276100885197,0.0561797752808989,11.0,-2.0,-2.0,13.0,-2.0,-2.0,13.0,-2.0,-2.0,0.00010776214338676626,0.0002519446146182566,0.00011676028210804763,-0.16018110437073796,-0.1654041340595085,-0.17038555553849188,0.09328358208955224,0.09513017163347505,0.033582089552238806,-1.24631929397583
144,1,test,0.5933317001599324,0.24306692219035014,0.34913683108035015,1.045822037150588,0.4284361406284455,0.6153977477123344,1.8100087873581092,0.3905654511926957,0.5334157125882446,3.190369024181718,0.6884209215467214,0.9402125439055422,0.4935691361136035,0.12912277819474743,0.22249927583225126,0.7772742301001629,0.20334295778700384,0.35039256036575,1.6381525879250292,0.19843588821708247,0.3267859082952074,2.579767855000046,0.3124974617591847,0.5146234776302476,0.4658627299559528,0.19214272692312273,0.27905096362737714,0.7513914999289562,0.3099076240695528,0.45008219939899535,1.5933882598590234,0.27854166222561094,0.38798789310183124,2.5699810642887475,0.44926074552517914,0.6257869243577923,0.11055276381909551,-0.004447236180904479,-0.004447236180904479,0.085427135678392,-0.004572864321607972,-0.004572864321607972,0.07035175879396982,-0.004648241206030135,-0.004648241206030135,0.1522988505747126,0.044694833358069896,0.06725486230491784,0.12968299711815567,0.13567839195979903,0.040440296721703795,0.06389208144226977,0.06565656565656564,0.13377926421404684,0.0419595647148816,0.06147670581582665,0.08724832214765099,16.0,-7.0,-7.0,20.0,-11.0,-11.0,19.0,-6.0,-6.0,0.0009153739381825358,-0.00021329023982336582,0.00026450037093242923,-0.0743445309891082,-0.08284570508213784,-0.07711034996532296,0.07183908045977011,0.20387766364298696,0.0028735632183908046,-1.6991084814071655
33,1,test,0.26937488622558914,0.07694415313810385,0.13470882659448685,0.48751896586839755,0.13925475567939039,0.24379818310045168,1.3091458298033727,0.09695329383832796,0.16499118867796536,2.369313004858865,0.17546761768286334,0.29860368503067347,0.1136517805207551,-0.10091596166258542,-0.040080721404246664,0.1894196342012585,-0.16819326943764235,-0.06680120234041109,1.1203619251043881,-0.11896414768057029,-0.04581696933787027,1.8672698751739802,-0.19827357946761737,-0.07636161556311727,0.26937488622558914,0.07694415313810385,0.13470882659448685,0.48751896586839755,0.13925475567939039,0.24379818310045168,1.3091458298033727,0.09695329383832796,0.16499118867796536,2.369313004858865,0.17546761768286334,0.29860368503067347,0.035175879396984966,-0.00482412060301507,-0.00482412060301507,0.02010050251256279,-0.004899497487437232,-0.004899497487437232,0.01005025125628145,-0.004949748743718563,-0.004949748743718563,0.12925170068027214,0.02568633565480527,0.04667251515991011,0.12286689419795227,0.08040201005025127,0.025264165438722452,0.03699633392337309,0.04040404040404044,0.12925170068027214,0.02568633565480527,0.04667251515991011,0.12286689419795227,11.0,-2.0,-2.0,12.0,-3.0,-3.0,15.0,-6.0,-6.0,-0.0007342286792338155,5.4643167064295623e-05,-9.033080715657843e-05,-0.11729667987243486,-0.11814572082539865,-0.11880327902855559,0.08503401360544217,0.10529532722377595,0.9931972789115646,-1.9481348991394043
214,1,test,1.2125193511672951,0.5259654176999825,0.6186982164499317,2.8207029116628655,1.2235616559125908,1.4392874298466833,3.3619439094679926,1.3750870281269085,1.551049024434373,7.820943199920277,3.198886665432072,3.6082298357894365,0.9104619444929116,0.38723792680839564,0.5548093649163001,1.5174365741548528,0.6453965446806594,0.9246822748605001,2.485470417606715,0.7980111298756529,1.058358763214903,4.142450696011192,1.3300185497927552,1.7639312720248386,0.9679698782367462,0.3951480858258474,0.5760523893032448,1.9889792018563277,0.8119481215599604,1.183669293088859,2.6325945432249718,0.8593307626944788,1.152778938023977,5.409440842243092,1.7657481425229014,2.3687238452547468,0.22613065326633164,-0.003869346733668344,-0.003869346733668344,0.1758793969849246,-0.004120603015075441,-0.004120603015075441,0.12562814070351758,-0.004371859296482428,-0.004371859296482428,0.26077097505668934,0.06258297958670067,0.08677293009090248,0.27954545454545454,0.2361809045226131,0.08580496467298904,0.12098891787820576,0.19696969696969702,0.24749163879598657,0.08054673061568607,0.11289764547006886,0.22483221476510062,11.0,0.0,0.0,18.0,0.0,0.0,20.0,0.0,0.0,-0.0005257229838729246,-0.00032256131118213027,-9.636224317528069e-05,-0.1350628513635148,-0.16048036371560848,-0.14733699548086765,0.05668934240362812,0.21532918315504834,0.31065759637188206,-1.9729695320129395
85,1,test,2.115202484848867,0.9861315868960514,1.1912423788917637,5.181620288327994,2.4157306329879606,2.9181913897111853,8.291264451588699,5.198482796536608,5.772017303935523,20.311144869572317,12.734744838852993,14.139734697214832,2.5904089441858527,1.210886075180496,1.6636565320927965,4.709834443974277,2.201611045782719,3.0248300583505383,13.335223850548088,9.362218319441327,10.808932363227143,24.245861546451067,17.022215126256956,19.65260429677662,2.2740177695606705,1.0579710913946008,1.4520477799951432,4.872895220487151,2.267080910131287,3.11153095713245,9.718368645492866,6.344545121178764,7.443391538332737,20.825075668913286,13.595453831097352,15.950124724998723,0.5376884422110553,-0.0023115577889447625,-0.0023115577889447625,0.44221105527638194,-0.0027889447236180143,-0.0027889447236180143,0.35678391959798994,-0.0032160804020100464,-0.0032160804020100464,0.35108958837772397,0.12013432840190774,0.14678851310890673,0.3228155339805825,0.3919597989949749,0.13632070125061402,0.19663425642402332,0.3939393939393939,0.36789297658862874,0.12916175789079898,0.18991744822377887,0.3422818791946308,20.0,-1.0,-1.0,28.0,2.0,2.0,39.0,1.0,1.0,-0.00048380016277695435,0.0005452476195200166,6.04082839969688e-05,-0.07786770536385479,-0.08329116599993469,-0.08529551118551382,0.06779661016949153,0.15204342531718404,0.5472154963680388,-1.3924670219421387
108,1,test,1.1615721704797537,0.5053417653640766,0.5743501716478787,3.139010508320287,1.3656259611624453,1.5521129638579583,3.194952339423052,1.2674396590135568,1.3959684514405026,8.63397834582182,3.425104792810446,3.7724385532975493,0.39157668254495326,0.0134229565883342,0.1076258159221154,0.9001762817125363,0.030857371467434946,0.24741566878647225,1.4793113605186543,0.019724058433934433,0.15094369855862966,3.4007157713072513,0.04534266306651613,0.34699700818075785,1.0893196551378252,0.4535347686759794,0.6523055217024674,2.402911003980497,1.0004443426676015,1.4389092390495604,2.9722512286728473,1.0837474076830382,1.424173272111396,6.5564365338371635,2.390619281653761,3.141558688481021,0.07537688442211055,-0.004623115577889414,-0.004623115577889414,0.07035175879396982,-0.004648241206030135,-0.004648241206030135,0.055276381909547756,-0.004723618090452297,-0.004723618090452297,0.26269315673289184,0.07085192189275957,0.07891994070161135,0.2809734513274337,0.16080402010050254,0.0405032682208033,0.0623065242741252,0.09595959595959591,0.2441471571906354,0.05883830911050181,0.09509265218507368,0.27181208053691275,10.0,0.0,0.0,13.0,-3.0,-3.0,16.0,-6.0,-6.0,0.000497587390789347,-0.0010939853949231877,-0.00010159838094945218,-0.14464518556956119,-0.12607092318343316,-0.1428665796007893,0.05518763796909492,0.22058754677848874,0.26490066225165565,-2.1923911571502686
60,1,test,0.06458575551703201,-0.04572567995772897,-0.012154881766183637,0.11762306468333644,-0.08327524495612892,-0.022136374077486753,1.0667170511946897,-0.04990872199569241,-0.013044938874281042,1.9426966164141701,-0.09089336787294977,-0.023757339009452316,0.0883038315143173,-0.0539010814498561,-0.036698788009853364,0.15491900265669703,-0.09456330078922123,-0.06438383861377783,1.0923199528407062,-0.06049289779339695,-0.04083146853976971,1.9163507944573794,-0.1061278908656087,-0.07163415533292916,0.06458575551703201,-0.04572567995772897,-0.012154881766183637,0.11762306468333644,-0.08327524495612892,-0.022136374077486753,1.0667170511946897,-0.04990872199569241,-0.013044938874281042,1.9426966164141701,-0.09089336787294977,-0.023757339009452316,0.025125628140703515,-0.004874371859296511,-0.004874371859296511,0.02010050251256279,-0.004899497487437232,-0.004899497487437232,0.01005025125628145,-0.004949748743718563,-0.004949748743718563,0.054744525547445244,0.020136146676771327,0.017123166324144234,0.0146520146520146,0.07537688442211055,0.02525157113890253,0.03030175921342937,0.02020202020202022,0.054744525547445244,0.020136146676771327,0.017123166324144234,0.0146520146520146,12.0,-3.0,-3.0,12.0,-3.0,-3.0,14.0,-5.0,-5.0,5.811522941544963e-05,0.00014356970372527358,6.724918098548553e-05,-0.02297907332326754,-0.017861850725717443,-0.02070582991742209,0.09124087591240876,0.07685985310049527,0.010948905109489052,-3.0211129188537598
189,1,test,1.40980958990826,0.602543083839609,0.706054746747972,3.208036107648388,1.371092935675845,1.6066347808652832,4.095175567073698,1.8534038327119715,2.0738473204428916,9.318613790381985,4.2174393336200975,4.71906073937515,0.5799236540699838,0.1200262972341285,0.23343160863325269,1.0739326927221922,0.22227092080394162,0.43228075672824573,1.7859020791900426,0.20199068021730526,0.3718038339383791,3.307226072574153,0.3740568152172319,0.6885256184044057,0.8228131523956518,0.3047367038341131,0.45750257347392975,1.6792105150931669,0.6219116404777818,0.9336787213753668,2.2768960921910084,0.598100799398187,0.8359346212717593,4.64672671875716,1.2206138763228305,1.70598902300359,0.12562814070351758,-0.004371859296482428,-0.004371859296482428,0.09547738693467334,-0.004522613065326642,-0.004522613065326642,0.08040201005025127,-0.004597989949748693,-0.004597989949748693,0.17752808988764046,0.03274694510649567,0.04751831471657497,0.23198198198198194,0.14070351758793975,0.025415297036561313,0.045544919925168514,0.14646464646464652,0.17725752508361203,0.03368490404855362,0.05044996112365652,0.21476510067114096,14.0,-5.0,-5.0,19.0,-8.0,-8.0,20.0,-8.0,-8.0,-0.0007135428046652811,-0.0024017850592612596,-0.0003506865294771458,-0.18552634678207314,-0.20170197772695397,-0.20597525393341343,0.056179775280898875,0.15185388160390817,0.4786516853932584,-1.7358238697052002
226,1,test,1.1564135464532503,0.5052911753428119,0.7059721564606047,2.291543408002453,1.0012825131026273,1.3989509603483148,3.1785132195962804,1.2608212359239328,1.6095086440063027,6.298526195887107,2.4984371730271797,3.1893944295339614,0.8999373127690835,0.324703536237151,0.4898962311741692,1.5253174792696331,0.5503449766731373,0.8303325952104563,2.459448930281394,0.6819029033908031,0.9525692414191393,4.1685575089515154,1.1557676328657678,1.6145241379985409,1.1409140903475246,0.4590237117608388,0.6709954359297128,2.194065558360624,0.8827379072323822,1.2903758383263706,3.1296278206689414,1.1520151831605023,1.529763774617206,6.018515039747964,2.2154138137701964,2.9418534127253957,0.14070351758793975,-0.004296482412060265,-0.004296482412060265,0.12060301507537685,-0.0043969849246231485,-0.0043969849246231485,0.10552763819095479,-0.0044723618090452,-0.0044723618090452,0.2142857142857143,0.04994462901439645,0.08515348288075564,0.23052959501557635,0.15577889447236182,0.027959345600181318,0.043925805991560485,0.15656565656565657,0.21404682274247488,0.05377971088938638,0.09168864699164059,0.23154362416107388,16.0,0.0,0.0,16.0,0.0,0.0,21.0,0.0,0.0,-0.0010124477774860956,0.0003155262289748091,-0.00047177094692211054,-0.07723255312136201,-0.08690638121751704,-0.08744918884860242,0.07763975155279502,0.1864625835611624,0.3695652173913043,-1.86098051071167
17,1,test,1.106847405727586,0.4199377066507445,0.43310994928425817,2.924407356185517,1.109519624940388,1.1443220765299875,3.024807356724845,1.037243494281999,1.0632524932422438,7.991859437241432,2.7405064954187557,2.8092250084610866,0.4073831377055775,0.04155067944379831,0.10523159453122927,0.7274698887599598,0.07419764186392563,0.1879135616629094,1.502879805289148,0.061166130085542614,0.1501135916260754,2.6837139380163357,0.10922523229561198,0.2680599850465635,0.5219939945916573,0.10917960435727653,0.190080402077224,1.2428428442658508,0.25995143894589656,0.4525723858981524,1.6853849498421787,0.1743204182721665,0.29175252680589714,4.012821309148045,0.4150486149337298,0.6946488733473744,0.10552763819095479,-0.0044723618090452,-0.0044723618090452,0.07537688442211055,-0.004623115577889414,-0.004623115577889414,0.045226130653266305,-0.004773869346733739,-0.004773869346733739,0.22355289421157687,0.053064359814767315,0.05444243477853683,0.246,0.18592964824120606,0.05309756804070476,0.07240711067860173,0.11111111111111116,0.1705685618729097,0.03200428808326028,0.05265977433119673,0.14429530201342278,13.0,-4.0,-4.0,17.0,-8.0,-8.0,19.0,-7.0,-7.0,-0.0018033011139230387,-0.00012968633652233228,-0.0010952300690296088,-0.23160785080190216,-0.2524370170126602,-0.2373164406009005,0.0499001996007984,0.17030042980971621,0.6427145708582834,-1.8821848630905151
19,1,test,1.1105401375278945,0.4764997938390436,0.6575361855384331,2.239692679595363,0.960985617742429,1.32609253061103,3.0359978079921266,1.1507856906012974,1.46296740489066,6.122878260810937,2.3208582922182592,2.9504538165671974,0.8771749724392025,0.3200073480847253,0.503011422637689,1.5389034604196536,0.5614164001486409,0.8824761800661213,2.404098459678276,0.6583775059051571,0.9503235640679177,4.217716595926801,1.1550482559739597,1.6672343229261717,0.899279688877297,0.38644386118464624,0.5507219731920271,1.7405413333108972,0.7479558603573797,1.0659134965006976,2.4578320696055878,0.7878116933704218,1.040809744627702,4.757094328268879,1.5247968258782358,2.0144704734729717,0.21105527638190957,-0.0039447236180903955,-0.0039447236180903955,0.18090452261306533,-0.0040954773869347205,-0.0040954773869347205,0.11055276381909551,-0.004447236180904479,-0.004447236180904479,0.23333333333333328,0.07105871474803505,0.1003910068426197,0.21169916434540392,0.2211055276381909,0.07824838478104801,0.11259133732099558,0.14646464646464652,0.22073578595317722,0.07716316491811881,0.10616403956830511,0.17114093959731547,13.0,-4.0,-4.0,17.0,-7.0,-7.0,23.0,-11.0,-11.0,0.001562475698688389,-0.0007600234841244046,0.00030644220970071586,-0.07472385939490112,-0.07143598490295933,-0.07523337325197321,0.08611111111111111,0.08213083610016796,0.002777777777777778,-2.096231460571289
41,1,test,2.580767515869141,1.2179156876355919,1.6488456054325222,5.345875568586077,2.52282535295944,3.4154658969673672,13.207271060706894,9.299950626055779,10.667886099540048,27.357918625749996,19.264183439686974,22.097764063332956,2.389929821307598,1.0912021147822013,1.5153892437427101,4.779859642615196,2.1824042295644026,3.0307784874854202,10.91272807518163,7.248096861226512,8.514954625218309,21.82545615036326,14.496193722453024,17.029909250436617,2.4672018602674832,1.1539593084698012,1.5857156756379167,5.212398296339753,2.4379422009925373,3.3501035400801054,11.789412232669102,8.07120155553125,9.374926820314256,24.907208942258666,17.05183427224912,19.80618342319913,0.5628140703517588,-0.0021859296482411583,-0.0021859296482411583,0.40201005025125625,-0.002989949748743781,-0.002989949748743781,0.321608040201005,-0.0033919597989949812,-0.0033919597989949812,0.3804034582132565,0.09119482511973132,0.1663272118789456,0.36416184971098264,0.35678391959798994,0.08360096220450619,0.14643333529081126,0.31818181818181823,0.36454849498327757,0.08408104924037274,0.15987663736370028,0.3355704697986577,20.0,0.0,0.0,31.0,0.0,0.0,36.0,1.0,1.0,0.00012995017611794582,-0.0003709774146606568,4.044487120030269e-05,-0.008047515837705355,-0.006340558039664934,-0.007348255271748094,0.10951008645533142,0.07787347769378143,0.002881844380403458,-1.213134765625
139,1,test,2.0052496898566243,0.8697898177002719,0.8697898177002719,7.343728996627239,3.185389199922187,3.185389199922187,7.4279483485874565,4.315343734566707,4.315343734566707,27.20301613754214,15.803874736525755,15.803874736525755,3.0843975148362635,1.4759145823609077,2.007634418017875,6.425828155908882,3.0748220465852243,4.182571704203907,21.854295985755574,16.859068606308092,18.919132667426815,45.529783303657446,35.123059596475194,39.41485972380587,2.701062469145931,1.2978427945154758,1.7580296069870505,6.809401182720834,3.2718725912154856,4.432007412572396,14.895549382128669,10.827271949534051,12.327792107438412,37.55180516503026,27.29564357025391,31.078467497743894,0.5778894472361809,-0.002110552763819218,-0.002110552763819218,0.4824120603015075,-0.0025879396984924696,-0.0025879396984924696,0.38190954773869346,-0.0030904522613065533,-0.0030904522613065533,0.32065217391304346,0.08800310255429467,0.08800310255429467,0.2704174228675136,0.37688442211055273,0.10871399604538978,0.17988943045779815,0.4040404040404041,0.34448160535117056,0.08738644675350782,0.1487085241498357,0.3489932885906041,20.0,0.0,0.0,30.0,1.0,1.0,38.0,0.0,0.0,0.002470426366968102,-6.238795431414593e-05,0.001092414110202708,-0.12675724344264072,-0.10374399306130311,-0.1228679598375253,0.06884057971014493,0.12599943462588814,0.3822463768115942,-1.0588788986206055
185,1,test,0.8919548710157249,0.3666051724528073,0.524380528942306,3.543382364309044,1.4563767124837552,2.0831555259351884,2.439894671647338,0.7488445688639147,0.9956675102669612,9.692732257229151,2.9748619858977436,3.9553914791427234,0.9454633841327239,0.32116165889379245,0.4851566712174431,3.1515446137757466,1.0705388629793084,1.6171889040581438,2.574005855750584,0.7070639919570794,0.9894459402893783,8.580019519168614,2.3568799731902654,3.2981531342979284,0.8919548710157249,0.3666051724528073,0.524380528942306,3.543382364309044,1.4563767124837552,2.0831555259351884,2.439894671647338,0.7488445688639147,0.9956675102669612,9.692732257229151,2.9748619858977436,3.9553914791427234,0.20100502512562812,-0.003994974874371837,-0.003994974874371837,0.1507537688442211,-0.0042462311557789345,-0.0042462311557789345,0.11557788944723613,-0.004422110552763869,-0.004422110552763869,0.20069204152249132,0.04870585844822539,0.07756200700005178,0.14930555555555558,0.20603015075376885,0.05816047656830514,0.08249091870034653,0.13131313131313127,0.20069204152249132,0.04870585844822539,0.07756200700005178,0.14930555555555558,15.0,-6.0,-6.0,20.0,-7.0,-7.0,25.0,-11.0,-11.0,0.0005119434455279994,0.0008970297669206662,0.0001516272096282187,-0.1650604833399396,-0.17736617348041017,-0.1736973544824365,0.08650519031141868,0.08669536420374356,0.09342560553633218,-1.2766518592834473
254,1,test,1.493513561482442,0.7122736278828071,0.9709226316803059,3.9140355404367444,1.8666481282445981,2.5444868968173537,4.452712947243737,2.2685341233572935,2.766321631444032,11.66917875829393,5.945123909488078,7.249670482405048,1.4542908941061476,0.6456611901615036,0.9125503309691358,3.5908417138423396,1.5942251608926012,2.253210693750953,4.2814463900558914,2.0366165933289304,2.56245010870217,10.571472568039237,5.028682946491186,6.3270373054374565,1.5036607160657902,0.6838703104257933,0.9542996578746247,3.9570018843836583,1.7996587116468241,2.511314889143749,4.498125327399902,2.2281013239600176,2.7659794036288945,11.837171914210268,5.863424536736889,7.278893167444459,0.3266331658291457,-0.0033668341708542604,-0.0033668341708542604,0.25125628140703515,-0.003743718592964851,-0.003743718592964851,0.15577889447236182,-0.004221105527638214,-0.004221105527638214,0.29702970297029707,0.10757336030143383,0.16311093238851881,0.29470198675496684,0.29145728643216084,0.09596856462764958,0.15623191080611742,0.2828282828282829,0.29431438127090304,0.10232773686355745,0.15638334678814436,0.2953020134228188,14.0,0.0,0.0,19.0,0.0,0.0,22.0,0.0,0.0,-0.0004335945363855789,-3.2837033545368676e-05,-7.224847360588787e-06,-0.12087468118552191,-0.131721661170757,-0.12363708433605503,0.0858085808580858,0.12376456296357494,0.42244224422442245,-1.8296377658843994
232,1,test,1.622760804849079,0.7645214929756986,0.8387584655353238,4.716148589092636,2.2218905889606244,2.437641790462035,5.067060187983803,2.708056622475649,2.8768394347456185,14.726143671327927,7.870289559069853,8.360814607229454,2.4669678503200543,1.131764741026497,1.5648795399459285,4.885084852118919,2.2411182990623706,3.0987713662295615,11.78665371570511,7.9858858764069875,9.321908822905552,23.339908347930912,15.813635398825719,18.459225391892183,2.044724442314937,0.9446408983174488,1.3062186595256167,4.868391529321279,2.249144995993926,3.1100444274419443,7.727029002294118,4.7226119878246955,5.634222932100963,18.397688100700282,11.244314256725469,13.414816505002293,0.48743718592964824,-0.002562814070351749,-0.002562814070351749,0.38190954773869346,-0.0030904522613065533,-0.0030904522613065533,0.3266331658291457,-0.0033668341708542604,-0.0033668341708542604,0.29094827586206895,0.09934440072751571,0.11304016247008464,0.21166306695464365,0.3417085427135679,0.10361330461832974,0.1614080418788434,0.29292929292929293,0.30434782608695654,0.08564999637076287,0.14194515645403105,0.24496644295302017,26.0,0.0,0.0,32.0,0.0,0.0,40.0,0.0,0.0,0.00035724459825559415,0.0013519971094706114,0.0007372041832801794,-0.13956409731460884,-0.15563023183252334,-0.16565778118406538,0.05387931034482758,0.16080719761716747,0.25646551724137934,-0.6142168045043945
250,1,test,1.9028795456544596,0.8631723755649807,0.9580160203997676,6.174378385899785,2.800783092742315,3.1085275067516935,6.705174526185437,3.876785869909105,4.1327122476889855,21.75665021083946,12.579221284180594,13.409639740753073,2.051429791275082,0.8838194011408302,1.2517777731868986,4.6623404347160955,2.0086804571382504,2.8449494845156784,7.779015527291909,4.564713002314837,5.554248912055247,17.679580743845246,10.374347732533717,12.623292981943742,1.8189243559012733,0.8042764730428296,1.1252204552276295,5.511891987579616,2.4372014334631196,3.4097589552352408,6.165223295935599,3.4068313466695135,4.1641095457133925,18.68249483616848,10.32373135354398,12.61851377488907,0.4371859296482412,-0.00781407035175874,-0.00781407035175874,0.3266331658291457,-0.008366834170854265,-0.008366834170854265,0.27638190954773867,-0.008618090452261362,-0.008618090452261362,0.3110151187904968,0.08555665061358209,0.10084894088238339,0.303030303030303,0.3266331658291457,0.08853792773390756,0.1496715631580272,0.303030303030303,0.2976588628762542,0.08730827856907553,0.12969445798192714,0.2751677852348994,19.0,0.0,0.0,30.0,0.0,0.0,38.0,0.0,0.0,0.00011054684675938697,-0.000160425672291891,3.947672749444757e-05,-0.10160810570146506,-0.10775649908786722,-0.10993401884077603,0.06047516198704104,0.16944255583829468,0.0021598272138228943,-1.5134137868881226
95,1,test,2.3604514300744963,1.1157618154205777,1.3540932436220898,8.530754291146426,4.032402350467351,4.893740494493869,10.595733605759643,7.123876587220092,7.860113372611094,38.293353031341866,25.745939946795417,28.406725522068164,2.995304851071007,1.4252372010740904,1.943090694139137,7.395814447088906,3.519104200182939,4.797754800343548,19.99145337697985,15.184480002470071,17.12746796090766,49.36161327649346,37.49254321597549,42.290044347920144,2.8898217547622402,1.403344538536222,1.8950709684880658,8.229111473084856,3.996190638307909,5.396440186456493,17.990102665621322,13.568610574827204,15.28605229478746,51.22895901924548,38.638233922603185,43.528853677537626,0.6633165829145728,0.0033165829145729298,0.0033165829145729298,0.49246231155778897,0.0024623115577889765,0.0024623115577889765,0.40201005025125625,0.0020100502512562235,0.0020100502512562235,0.35523114355231145,0.10857257733116932,0.13528979457870438,0.2902439024390244,0.40201005025125625,0.11128323320864975,0.18164277145325958,0.3484848484848485,0.40604026845637586,0.1296583589086372,0.19175455417066156,0.35690235690235694,22.0,0.0,0.0,34.0,0.0,0.0,40.0,0.0,0.0,0.0007090144558088242,0.0013966965287945886,0.0002583071452209805,-0.05151545354198106,-0.0688507333020496,-0.061396003839240265,0.0827250608272506,0.10928808924752673,0.9294403892944039,-0.08393025398254395
199,1,test,1.7768488250715277,0.837914704300431,1.101613476973986,4.14220808902025,1.9533552979232982,2.5680925641559167,5.9111998142655295,3.3539455732773975,3.946704552474368,13.780249248542573,7.818752100761322,9.20059787392114,2.1102372156529148,0.9346804096680752,1.316287780241122,4.05814849164022,1.7974623262847595,2.5313226543098493,8.250198128656233,5.010251665388767,6.0380823235501895,15.865765632031218,9.63509935651686,11.611696776058057,1.892337942406848,0.8759045544992741,1.210493596843342,3.9978970614229183,1.850502579928044,2.5573808384014267,6.634862488546457,3.871541016993631,4.657340884431114,14.017315116647444,8.179312007733024,9.839452572741788,0.4623115577889447,-0.002688442211055242,-0.002688442211055242,0.3517587939698492,-0.0032412060301507672,-0.0032412060301507672,0.2864321608040201,-0.003567839195979916,-0.003567839195979916,0.32054794520547947,0.09482975095103352,0.13677472917419897,0.30219780219780223,0.3316582914572864,0.09857558469036909,0.14301054521354684,0.33838383838383834,0.3277591973244147,0.10238357128100906,0.14755897485500424,0.31879194630872487,23.0,-3.0,-3.0,33.0,-5.0,-5.0,40.0,-6.0,-6.0,6.334560578705185e-05,0.0006042615884789302,0.00021390885281228201,-0.1183521010835209,-0.12164722089179847,-0.11969426895660806,0.0684931506849315,0.11429926908542408,0.42191780821917807,-1.8512792587280273
261,1,test,1.1547371159851054,0.5343285754411762,0.5767696164315675,3.707727338401155,1.7156672626410556,1.8519405371136046,3.173189127173835,1.3135014827004814,1.3907771337155337,10.188743319905102,4.2175013594192325,4.465624538188652,1.7114566621866842,0.7659432839619598,1.068017711472218,3.3557973768366356,1.5018495763959994,2.0941523754357214,5.537021175443486,2.962886631390539,3.634007164743846,10.856904265575462,5.809581630177528,7.125504244595777,1.5605720813902741,0.6894996780195977,0.9712498633442346,3.520087401632197,1.5552624316231525,2.190789165438123,4.761544457087007,2.372072499294932,2.958778338210206,10.740325843053398,5.35053947209383,6.673936101226027,0.42713567839195976,-0.002864321608040288,-0.002864321608040288,0.3015075376884422,-0.0034924623115578646,-0.0034924623115578646,0.2160804020100503,-0.003919597989949675,-0.003919597989949675,0.2866242038216561,0.09574403415039412,0.10676105621657306,0.2021276595744681,0.3417085427135679,0.10862583594665054,0.16474694004244939,0.23232323232323238,0.33444816053511706,0.11241143265531739,0.16982079679763096,0.261744966442953,16.0,-1.0,-1.0,24.0,-4.0,-4.0,27.0,-1.0,-1.0,0.000998494920695402,0.0006849780478321444,0.0005730110982200835,-0.2126415506399466,-0.20424679820442293,-0.22311996707572757,0.09554140127388536,0.13169687170450947,0.9384288747346072,-1.6084550619125366
235,1,test,2.651235333308796,1.262873539518917,1.7074332386564377,5.333298984446764,2.540431655078752,3.4347203521809737,14.171534405090842,10.163256119960966,11.60180116817979,28.50785409396181,20.444689636665665,23.33850700110586,2.6390228366237087,1.2327896496794772,1.696515197538122,4.36202121755985,2.0376688424454175,2.8041573513026816,13.999517106446572,9.918961378607875,11.433108123015765,23.139697696605904,16.394977485302274,18.897699376885562,2.6172473292050826,1.2435394477557604,1.6976730960117081,5.065639992009837,2.406850544043407,3.285818895506532,13.697965651340564,9.747996056205192,11.189743406553974,26.512191583239797,18.867089141042303,21.657567883652852,0.5778894472361809,-0.002110552763819218,-0.002110552763819218,0.42713567839195976,-0.002864321608040288,-0.002864321608040288,0.3316582914572864,-0.0033417085427135396,-0.0033417085427135396,0.37681159420289856,0.1138058138560778,0.17153300182753195,0.36046511627906974,0.37688442211055273,0.12188442211055273,0.17388941379108513,0.33333333333333337,0.3745819397993311,0.11958193979933107,0.17924342703573504,0.34563758389261745,16.0,0.0,0.0,23.0,0.0,0.0,32.0,0.0,0.0,0.0001805012472458672,-9.918559770020033e-05,-6.406916003908287e-05,-0.009017775778188408,-0.008556084691829113,-0.008216667980339487,0.08405797101449275,0.10707333812266562,0.20579710144927535,-0.9218225479125977
242,1,test,2.581631680271383,1.2182504232013205,1.6700637294978207,5.304079634012115,2.50295086948635,3.4312218442409774,13.218689247092852,9.309299616632503,10.730468362857586,27.1583979076635,19.126379212354053,22.04623500005286,2.762664652396761,1.3201161194214954,1.793220853461166,4.88967195114471,2.3364887069407003,3.1738422185153383,15.842000179880733,11.610534062011979,13.205522540081601,28.038938371470326,20.54961780887076,23.372606265631156,2.7057209933757935,1.2620888680922804,1.7397450789328284,5.375604622600915,2.507461327335657,3.456447176687739,14.96510254159579,10.729048754456429,12.337752066595142,29.73199180449495,21.315990902893567,24.512090198533397,0.6582914572864322,-0.0017085427135676845,-0.0017085427135676845,0.5175879396984925,-0.002412060301507535,-0.002412060301507535,0.3517587939698492,-0.0032412060301507672,-0.0032412060301507672,0.3698224852071006,0.09655808343457473,0.16116106788426598,0.3115727002967359,0.37688442211055273,0.07863880807546497,0.14816989790354107,0.30808080808080807,0.3712374581939799,0.08910056336927208,0.15321743594703885,0.31879194630872487,21.0,0.0,0.0,32.0,0.0,0.0,41.0,0.0,0.0,0.0008305183416550237,0.00032747373884254606,0.0004489055647840068,-0.0052048767129040385,-0.00704007920363825,-0.008203602071946925,0.08875739644970414,0.060680705234441405,0.4349112426035503,-1.1049234867095947
153,1,test,0.5155140716469513,0.15066364519249031,0.2560719617626496,1.0047599103437395,0.2936501619675288,0.4990956706966292,1.6744990930823869,0.23420053160780419,0.37829234910108944,3.263673391612805,0.45646727816552923,0.7373086549358812,0.5335956924449039,0.10331119644174891,0.23042872795650104,0.9361327937629894,0.18124771305569987,0.4042609262394756,1.7050521426118685,0.1673572132251615,0.35091160366100116,2.991319548441875,0.2936091460090551,0.6156343923877214,0.5175884751781845,0.12872253489353552,0.2444759180337565,0.9953624522657394,0.24754333633372216,0.4701459962187625,1.6779762852170388,0.2026695263458378,0.3639281432093926,3.2268774715712283,0.3897490891266111,0.6998618138642163,0.1507537688442211,-0.0042462311557789345,-0.0042462311557789345,0.10050251256281406,-0.004497487437185921,-0.004497487437185921,0.0653266331658291,-0.004673366834170856,-0.004673366834170856,0.1934426229508197,0.07232969332725181,0.09638700681123413,0.15131578947368418,0.16582914572864327,0.04302212818478357,0.06566220082046292,0.11111111111111116,0.19397993311036787,0.07044070105694555,0.0960933925097005,0.15100671140939592,13.0,-4.0,-4.0,15.0,-4.0,-4.0,17.0,-6.0,-6.0,0.00048612432950466866,0.00024983033564740796,2.9287915119215993e-05,-0.16667680104855087,-0.14944361515652504,-0.16920502887758637,0.12459016393442623,0.09664135541131628,0.02622950819672131,-1.7950022220611572
76,1,test,2.282162877266403,0.9935614155812704,0.9935614155812704,6.743340027176999,2.93577751609607,2.93577751609607,9.797849053664835,6.17013953805488,6.17013953805488,28.950706525800616,18.231542250862724,18.231542250862724,2.9938084338871604,1.378758052733897,1.8901000436305184,6.172800894612702,2.8428001087296844,3.897113492021687,19.961560194530648,14.933418953888683,16.94623286813004,41.157856071197216,30.79055454410038,34.940686326041316,2.615445773448489,1.2017518606520237,1.623279481270994,6.538614433621222,3.004379651630059,4.058198703177485,13.673310218204998,9.562196732973977,10.976239426366254,34.183275545512494,23.90549183243494,27.440598565915632,0.6080402010050252,-0.001959798994974782,-0.001959798994974782,0.457286432160804,-0.0027135678391959628,-0.0027135678391959628,0.40201005025125625,-0.002989949748743781,-0.002989949748743781,0.3390804597701149,0.10643138841136612,0.10643138841136612,0.2936660268714012,0.40201005025125625,0.1288270928577725,0.18164277145325958,0.3232323232323232,0.37792642140468224,0.13919520270685248,0.17881629904650653,0.30536912751677847,27.0,-4.0,-4.0,34.0,-3.0,-3.0,41.0,-2.0,-2.0,0.00021373761584302597,0.0009092188058867779,0.0010919469558375232,-0.09966808975193686,-0.10404767812068627,-0.10838498034618915,0.04789272030651341,0.2056569017104136,0.12643678160919541,-0.9888310432434082
111,1,test,1.2906502684849326,0.5973213622542516,0.7293958791742388,2.5938922469063037,1.2004702499939106,1.465907815706275,3.635149610589278,1.6347861262215866,1.8822797075111324,7.3057640954282075,3.2855213853819203,3.782923119485788,0.6951136756465726,0.2629418945245107,0.39042219201933076,1.1722679784209147,0.44343590686760703,0.6584238662020917,2.0039368598123066,0.4633371214287596,0.6477303332744628,3.3795206364631274,0.7813905691891794,1.0923587823865941,1.147757891201962,0.48892518810175634,0.7005065877973149,2.049567662860646,0.8730806930388504,1.2509046210666335,3.1511198298513796,1.2185846548991304,1.5871125395900794,5.626999696163177,2.17604402660559,2.834129534982284,0.13636363636363635,-0.008636363636363664,-0.008636363636363664,0.101010101010101,-0.008989898989898992,-0.008989898989898992,0.0757575757575758,-0.009242424242424163,-0.009242424242424163,0.24330900243309006,0.08170511421923832,0.10352405619653093,0.275609756097561,0.14646464646464652,0.03563341220771954,0.049149210223035755,0.1725888324873096,0.22742474916387956,0.07383543363800305,0.11062830867444684,0.261744966442953,12.0,0.0,0.0,15.0,0.0,0.0,17.0,0.0,0.0,-0.00033112409846724957,-0.001232192857375516,0.00011801068140423453,-0.11241956015378962,-0.10258986775084722,-0.11634837537073706,0.06082725060827251,0.0790079929129436,0.2725060827250608,-2.258349895477295
55,1,test,2.5069563350351545,1.2037263581340654,1.4274966252286059,7.6843661573903645,3.689682967323983,4.375587481678988,12.26753491400772,8.586367341855619,9.324445914708042,37.60266136684975,26.31908250438353,28.581453782039866,3.326124728215044,1.5826101098446628,2.1577021998195365,6.719443895383927,3.1971921411003286,4.358994343069771,27.830282550442032,22.11287991031579,24.613368507087717,56.22279303119603,44.67248466730463,49.72397678199539,2.8556670865139777,1.3661372505879121,1.8591253503929714,7.260170558933842,3.4732302981048613,4.726589873880436,17.38603132711585,12.951021480675262,14.677133798471855,44.20177456046403,32.92632579832694,37.31474694526743,0.6633165829145728,-0.006683417085427079,-0.006683417085427079,0.542713567839196,-0.007286432160804046,-0.007286432160804046,0.40201005025125625,-0.007989949748743785,-0.007989949748743785,0.36492890995260663,0.1190660257918501,0.1469425951920983,0.2660332541567696,0.36180904522613067,0.06105716552688256,0.138102868264528,0.30808080808080807,0.36454849498327757,0.10454849498327756,0.1647704705659635,0.2751677852348994,23.0,0.0,0.0,33.0,0.0,0.0,42.0,0.0,0.0,0.0007897198510345421,0.00162659823405479,0.00028036121985468174,-0.017121728108716816,-0.0186789941099077,-0.020060012077898648,0.07582938388625593,0.10426358046271722,0.8080568720379147,-1.179283857345581
82,1,test,1.7297970696419873,0.8007247813701913,0.998887692437587,4.059935475218547,1.8793481633335665,2.344448172250572,5.639509364646525,3.107350390593723,3.562540867698857,13.236260214670374,7.293134152040562,8.361492977716729,0.8286379341213104,0.3240806413441597,0.4728795445887874,1.4411094506457574,0.5636185066854953,0.8223992079804999,2.290197215402955,0.6339450920480929,0.8629345504008392,3.9829516789616615,1.1025132035619007,1.5007557398275466,1.719883872572135,0.7628208502608019,1.0637327170389659,3.2247822610727535,1.4302890942390039,1.9944988444480614,5.583879985003502,2.979842752836444,3.6565200531165,10.469774971881566,5.587205161568332,6.8559750995934365,0.12060301507537685,-0.0043969849246231485,-0.0043969849246231485,0.10050251256281406,-0.004497487437185921,-0.004497487437185921,0.09045226130653261,-0.0045477386934673625,-0.0045477386934673625,0.2814070351758794,0.1057483149751266,0.13477946919347472,0.2770780856423174,0.1306532663316583,0.037921436757723415,0.045511363159705054,0.08585858585858586,0.2642140468227425,0.09393024047883602,0.13406944170594604,0.25838926174496646,14.0,1.0,1.0,16.0,0.0,0.0,18.0,1.0,1.0,0.00047641495590009653,-0.0013157995360531685,0.0002361288860838225,-0.06466594573523698,-0.07733545347665105,-0.07147576900385699,0.06281407035175879,0.19371736928406727,0.32160804020100503,-2.050412178039551
202,1,test,0.7462073678857714,0.3159269053009572,0.3404079072547455,2.038212124853707,0.8629317756220432,0.9297998838158192,2.108986220659698,0.5712974934274138,0.6084846080223534,5.76054521985906,1.560458296333164,1.6620322436267703,0.31299357262614785,0.045706345511888014,0.11366511678523955,0.5961782335736149,0.08705970573692945,0.21650498435283716,1.3675127414837214,0.06109711104561599,0.1469299338643797,2.6047861742547074,0.11637544961069723,0.2798665406940568,0.7398452359953178,0.2525784616977476,0.3998143185013019,1.5098882367251385,0.5154662483627503,0.8159475887781672,2.0956111642201067,0.4677503413350308,0.6906201355262933,4.276757478000218,0.9545925333367977,1.4094288480128436,0.09045226130653261,-0.0045477386934673625,-0.0045477386934673625,0.06030150753768848,-0.0046984924623114654,-0.0046984924623114654,0.03015075376884424,-0.0048492462311557905,-0.0048492462311557905,0.20125786163522008,0.05047252132108393,0.05463029565281541,0.20798319327731096,0.12562814070351758,0.022871248472941086,0.03046954304074634,0.101010101010101,0.19397993311036787,0.057085108402521456,0.07829583967321552,0.20805369127516782,12.0,-3.0,-3.0,15.0,-4.0,-4.0,17.0,-6.0,-6.0,0.0001804741834302913,-0.0005849619496947822,-0.0002582955902140557,-0.21372924895024648,-0.21754156711444228,-0.22855553643627546,0.05241090146750524,0.07243608862295468,0.1740041928721174,-1.7802141904830933
45,1,test,1.0133934857548137,0.44690193040839277,0.5447729989259374,2.418325363733078,1.066470515747301,1.3000264747096235,2.7549339996686566,0.9928599450717432,1.157145497774649,6.5742743173911125,2.369324868921206,2.7613699378713217,0.5356015006161724,0.14253051405403178,0.26254384089970184,0.9396517554669692,0.250053533428126,0.4606032296485998,1.7084755823658904,0.22695202850548557,0.3944995762413974,2.9973255830980534,0.3981614535183957,0.6921045197217497,0.7544741990641021,0.2953203217306034,0.4380266235305847,1.4325459475900673,0.5607347880960823,0.8316961206276924,2.126493117280338,0.5437588863119205,0.7542488161052132,4.037645159393047,1.032453581604912,1.4321180052630629,0.13567839195979903,-0.004321608040200986,-0.004321608040200986,0.09547738693467334,-0.004522613065326642,-0.004522613065326642,0.055276381909547756,-0.004723618090452297,-0.004723618090452297,0.22911694510739855,0.06821110482134374,0.08346689623154324,0.23444976076555024,0.17085427135678388,0.05807231646956579,0.07569567369401264,0.09595959595959591,0.21070234113712372,0.05377412744764121,0.08723181833400917,0.19463087248322153,13.0,-1.0,-1.0,18.0,-5.0,-5.0,21.0,-5.0,-5.0,0.00029550471619272544,-0.0006537724672383649,-5.302169216015876e-05,-0.17615422759201094,-0.1791707429975422,-0.17653889763572117,0.06443914081145585,0.11031480290466587,0.5393794749403341,-2.150271415710449
29,1,test,1.481079458703755,0.6575522153442672,0.6995334724872417,4.443238376111266,1.972656646032802,2.098600417461726,4.397690244688767,2.119167660910375,2.212842844853052,13.193070734066302,6.357502982731125,6.638528534559157,1.537317662711762,0.6081315441869027,0.9089452464336532,3.137382985126045,1.2410847840549035,1.8549902988441902,4.6520950322841195,2.119647805528877,2.7775379358610905,9.494071494457387,4.325811848018117,5.66844476706345,1.567900764094693,0.6927574297213267,0.977251500442495,3.793308300229096,1.676026039648371,2.3643181462318426,4.796568488843476,2.397349328946018,2.9914084290266056,11.604601182685828,5.800038699062947,7.237278457322433,0.3417085427135679,-0.003291457286432098,-0.003291457286432098,0.26633165829145733,-0.0036683417085426884,-0.0036683417085426884,0.20100502512562812,-0.003994974874371837,-0.003994974874371837,0.2800829875518672,0.08111925698191902,0.0914221859878398,0.26195426195426197,0.27638190954773867,0.0708681250865858,0.11778424677645316,0.23737373737373735,0.2775919732441472,0.08059698159139261,0.12964981529086572,0.25838926174496646,15.0,-3.0,-3.0,21.0,-2.0,-2.0,28.0,-4.0,-4.0,0.00026518477798713865,4.550269928640323e-05,-3.1720095495531846e-05,-0.16088366168411206,-0.16086966549140502,-0.16872897206809245,0.08713692946058091,0.0742490596787154,0.006224066390041493,-1.5005489587783813
74,1,test,0.335468179676622,0.0678989129019435,0.1472056541402592,0.7634793054709329,0.1545285603975266,0.3350197645950727,1.398595025732691,0.09181088230861523,0.1914446441762523,3.1830093689088828,0.20894890456443482,0.43570160398733293,0.4338983600293002,0.022591584833225375,0.13744151764451457,0.9432573044115221,0.04911214094179428,0.29878590792285764,1.5432620030399702,0.03447385869263142,0.19817749493503167,3.3549173979129785,0.07494317107093762,0.43082064116311214,0.335468179676622,0.0678989129019435,0.1472056541402592,0.7634793054709329,0.1545285603975266,0.3350197645950727,1.398595025732691,0.09181088230861523,0.1914446441762523,3.1830093689088828,0.20894890456443482,0.43570160398733293,0.10050251256281406,-0.004497487437185921,-0.004497487437185921,0.07537688442211055,-0.004623115577889414,-0.004623115577889414,0.04020100502512558,-0.00479899497487446,-0.00479899497487446,0.12927756653992395,0.03629843940519906,0.038253546312363884,0.08015267175572516,0.1507537688442211,0.03045301696452185,0.04557847669063175,0.101010101010101,0.12927756653992395,0.03629843940519906,0.038253546312363884,0.08015267175572516,12.0,-3.0,-3.0,14.0,-4.0,-4.0,16.0,-6.0,-6.0,2.6150639795261057e-05,0.000318244585125977,0.0002572023751509464,-0.1063661035974679,-0.10486173580139524,-0.10772949353770045,0.11026615969581749,0.08220207547811281,0.24334600760456274,-1.501508355140686
206,1,test,1.6208177214088484,0.7116482423211482,0.9573323870046639,3.619494788913011,1.5892022098459995,2.1378465574828076,5.057224026577814,2.5749639184476703,3.115676528724173,11.293432795548002,5.750226173711361,6.957707094819625,1.7554252882147754,0.7023790127590026,1.0216186330816597,3.0265953245082335,1.2109982978603493,1.761411436347689,5.785907897222637,2.9195383140162963,3.7029131196006237,9.975703271073513,5.033686748303959,6.384332964828662,1.7004208581986993,0.740283398504207,1.0437380996482435,3.291137144900708,1.4328065777500778,2.020138257383697,5.476251632211495,2.8641961311136823,3.5478668375833773,10.599196707506119,5.54360541505874,6.866839040483955,0.35678391959798994,-0.0032160804020100464,-0.0032160804020100464,0.3065326633165829,-0.0034673366834171437,-0.0034673366834171437,0.24120603015075381,-0.0037939698492461815,-0.0037939698492461815,0.29476584022038566,0.09118949909246266,0.1178352439349507,0.3149171270718232,0.31155778894472363,0.10604400448357076,0.13626563535540814,0.35858585858585856,0.3076923076923077,0.10068062154873514,0.140840249850261,0.33221476510067116,19.0,-5.0,-5.0,26.0,-3.0,-3.0,30.0,-3.0,-3.0,-0.0016825620531084429,0.0006003882528254403,-0.00047279744119471526,-0.10030582853713632,-0.12078479513820461,-0.11143156059343706,0.06887052341597796,0.06534696548513587,0.05234159779614325,-2.057610034942627
78,1,test,4.357828079218915,2.12377261387762,2.8375643502264314,7.898563393584283,3.8493378626531864,5.143085384785407,78.08735057184255,68.74969262779273,73.51391938933634,141.5333229114646,124.6088178878743,133.2439788931721,5.692891775884411,2.7814541341679857,3.749944909548037,8.647980636648839,4.225262387018543,5.6964811984737365,296.7505170560581,278.36730901050475,289.77122933177003,450.78895339050047,422.86331674114854,440.1868292902461,4.83090023137629,2.328094689016159,3.1608535512412086,8.05150038562715,3.880157815026931,5.268089252068681,125.32373024194655,113.10700978889713,120.01131446626724,208.8728837365776,188.51168298149523,200.01885744377876,0.7878787878787878,-0.0021212121212121904,-0.0021212121212121904,0.6212121212121212,-0.0037878787878787845,-0.0037878787878787845,0.5151515151515151,-0.00484848484848488,-0.00484848484848488,0.34582132564841495,0.08395082205129267,0.1385876990599496,0.2052023121387283,0.31313131313131315,0.04360990255196806,0.09836621246017219,0.2182741116751269,0.34448160535117056,0.06735305777187173,0.12534923605194925,0.22483221476510062,10.0,0.0,0.0,10.0,0.0,0.0,10.0,0.0,0.0,0.003591198253547231,0.0006249204371833642,0.0017917687089027007,0.00031748659871144724,-8.228337184501555e-05,0.00015057161927245488,0.15273775216138327,0.6429982625871855,0.8069164265129684,-0.12646722793579102
147,1,test,2.318203982203896,1.0520789566721342,1.3889557014923264,4.857809468326142,2.204637364262394,2.910564475599089,10.157415015845585,6.6103339668908525,7.624810361740035,21.284920229833727,13.85199196432746,15.977832949039513,2.027761316606352,0.8814202839846939,1.2553310091333287,4.1809511682605205,1.8173614102777198,2.5883113590377915,7.597059895631889,4.450401595524278,5.4320383623946,15.664041021921422,9.176085763967585,11.200079097720826,2.3820753375426786,1.1036632983172876,1.5246196252240547,4.732600008362938,2.19270853970322,3.0290456130279226,10.827349969093117,7.2364170340494915,8.470194193670268,21.511291329324074,14.37698748486654,16.828200384775368,0.4773869346733668,-0.0026130653266331905,-0.0026130653266331905,0.3668341708542714,-0.0031658291457286047,-0.0031658291457286047,0.2613065326633166,-0.003693467336683409,-0.003693467336683409,0.3709677419354839,0.10788049361333618,0.15982404692082108,0.36118598382749323,0.3668341708542714,0.1162076044382313,0.1748475264469258,0.303030303030303,0.3745819397993311,0.11581733211986533,0.1843705938593978,0.3691275167785235,20.0,-10.0,-10.0,27.0,-12.0,-12.0,35.0,-14.0,-14.0,-3.4102898115678886e-05,-0.0003804298303672999,-0.0003355659587537212,-0.04671951051426415,-0.04894785728609197,-0.0474767834270331,0.06720430107526881,0.06475200067868486,0.2903225806451613,-1.3156676292419434
0,1,test,1.6706523218653695,0.7579245001626208,1.0545681372762208,3.040039470935344,1.3791740904598508,1.9189682497977127,5.315634170860534,2.824525597206478,3.4639711146335905,9.67271136009048,5.1397105129494935,6.303291700398829,1.7433838168447044,0.702202668319166,1.0391400244143645,3.0058341669736284,1.2106942557226998,1.7916207317489043,5.716654844045505,2.884094129874696,3.6943380287837133,9.85630145525087,4.9725760859908545,6.369548325489161,1.6706523218653695,0.7579245001626208,1.0545681372762208,3.040039470935344,1.3791740904598508,1.9189682497977127,5.315634170860534,2.824525597206478,3.4639711146335905,9.67271136009048,5.1397105129494935,6.303291700398829,0.3467336683417085,-0.003266331658291488,-0.003266331658291488,0.2562814070351759,-0.00371859296482413,-0.00371859296482413,0.20100502512562812,-0.003994974874371837,-0.003994974874371837,0.25791855203619907,0.0592729538420681,0.10303133399108633,0.2272727272727273,0.2613065326633166,0.06581781085880534,0.10604776805563709,0.2272727272727273,0.25791855203619907,0.0592729538420681,0.10303133399108633,0.2272727272727273,19.0,-2.0,-2.0,25.0,-1.0,-1.0,30.0,-3.0,-3.0,0.00020160787717778155,0.00028977393953698,0.00020414295563913026,-0.08485041815445804,-0.08760627326729864,-0.08921103960322263,0.11312217194570136,0.28785331637255535,0.027149321266968326,-2.2564783096313477
201,1,test,1.3078872540859854,0.5724911770038887,0.8076315795492933,2.4442483109147926,1.069901543908907,1.509344263419991,3.698351774635985,1.612043606904865,2.0492089139962264,6.9116738083361025,3.0126716588058127,3.8296691179601603,0.5167726337071971,0.18870250712124237,0.2847940552625108,0.9066186556266616,0.3310570300372673,0.4996386934430013,1.6766078808526406,0.2883215561964869,0.4155151668809882,2.941417334829194,0.5058272915727842,0.7289739769841899,1.2631871909712395,0.5440913208279958,0.7706859592952692,2.296703983584072,0.9892569469599926,1.4012471987186714,3.53667560388222,1.4840990281967619,1.9002714726168786,6.430319279785854,2.6983618694486577,3.455039041121597,0.09547738693467334,-0.004522613065326642,-0.004522613065326642,0.0653266331658291,-0.004673366834170856,-0.004673366834170856,0.055276381909547756,-0.004723618090452297,-0.004723618090452297,0.26099706744868034,0.10726353889816787,0.14467253176930595,0.25,0.10552763819095479,0.015302074281180356,0.025394082264410534,0.06060606060606055,0.2441471571906354,0.10391343431918298,0.13847418722400584,0.23154362416107388,13.0,0.0,0.0,15.0,0.0,0.0,17.0,0.0,0.0,-0.0012777909299140913,-8.82464429011911e-05,-0.0004964579080345658,-0.07768292599427884,-0.08574010482595984,-0.0811923741098739,0.12023460410557185,0.11353592431983242,0.4868035190615836,-1.951348900794983
16,1,test,2.323376947552189,1.089685625737117,1.491779930172917,3.890305586599014,1.8245898849551727,2.497864069126745,10.21009511042802,6.776213377618576,7.913110974207942,17.095973208158544,11.346217748570638,13.249860235883066,2.139516367947752,0.9648537184381829,1.3502091712337316,3.478888403167076,1.568867834858834,2.1954620670467184,8.495328022271552,5.258277283305499,6.293457587633002,13.81354149962854,8.550044363098372,10.233264370134961,2.323376947552189,1.089685625737117,1.491779930172917,3.890305586599014,1.8245898849551727,2.497864069126745,10.21009511042802,6.776213377618576,7.913110974207942,17.095973208158544,11.346217748570638,13.249860235883066,0.44723618090452266,-0.0027638190954772934,-0.0027638190954772934,0.3266331658291457,-0.0033668341708542604,-0.0033668341708542604,0.26633165829145733,-0.0036683417085426884,-0.0036683417085426884,0.34843205574912894,0.0962581427056507,0.16303228749883925,0.3356643356643356,0.321608040201005,0.08852533343408764,0.14965478477529548,0.2828282828282829,0.34843205574912894,0.0962581427056507,0.16303228749883925,0.3356643356643356,17.0,0.0,0.0,25.0,0.0,0.0,33.0,-2.0,-2.0,-0.0008070099581087264,0.0004040454261234018,5.946809946138399e-05,-0.0207679888466048,-0.022807345716979732,-0.021701543846686988,0.1672473867595819,0.0982356508589977,0.003484320557491289,-1.1642224788665771
28,1,test,0.41233153619269014,0.14428396828200196,0.15348109801619214,1.2801142463498552,0.4479404244049082,0.4764936049522306,1.510335084076196,0.2029257548101706,0.2148950421124638,4.688948790432635,0.6299982583975883,0.6671578104798712,0.5261621185760835,0.05907884519843143,0.16633935541823547,1.0738002419920072,0.12056907183353349,0.3394680722821132,1.6924245039501027,0.09709025719312425,0.259349105657777,3.4539275590818423,0.1981433820267844,0.529283889097504,0.5604505692079079,0.162984108406867,0.2778123338243708,1.3238989823808849,0.38500183088236306,0.6562496074591437,1.7514614771488557,0.2634115920201465,0.4248363281905003,4.137310575942179,0.6222321071342041,1.0035503815523628,0.11557788944723613,-0.004422110552763869,-0.004422110552763869,0.085427135678392,-0.004572864321607972,-0.004572864321607972,0.07035175879396982,-0.004648241206030135,-0.004648241206030135,0.12658227848101267,0.02858438596257218,0.027853050719526817,0.11416490486257924,0.1507537688442211,0.010402891651238644,0.033892333118010765,0.15656565656565657,0.16387959866220736,0.03700146844517893,0.06265601690469902,0.16442953020134232,14.0,-5.0,-5.0,17.0,-8.0,-8.0,20.0,-7.0,-7.0,0.0005906009835985841,-8.968476819958152e-05,0.00011523188087860474,-0.14170408248193977,-0.13848414153783883,-0.12955141610572296,0.05485232067510549,0.048635146064615775,0.002109704641350211,-2.0905041694641113
142,1,test,3.1246600490597807,1.5004831128477192,2.0110162008206776,6.35831986727281,3.053308659864545,4.09218412957696,22.752159160783698,17.67791826673807,19.706723855821448,46.297998292292405,35.97250810092049,40.10089156707853,3.669545971863346,1.7196645148637273,2.3617876724275044,6.115909953105577,2.866107524772879,3.936312787379174,39.23408843573874,32.20623400748083,35.53621355001278,65.3901473928979,53.677056679134715,59.22702258335463,3.2920930614121833,1.580837946180505,2.147491642608074,6.134334897041335,2.945660769280444,4.00153722225107,26.89910625708556,21.36320093894719,23.757917168698512,50.12255824301658,39.80720671853514,44.26941087335127,0.7336683417085428,-0.001331658291457205,-0.001331658291457205,0.592964824120603,-0.0020351758793969443,-0.0020351758793969443,0.4723618090452262,-0.0026381909547738003,-0.0026381909547738003,0.38968481375358166,0.09497808986230838,0.16583339635377714,0.31896551724137934,0.4321608040201005,0.12138386166421078,0.19009068715866473,0.35858585858585856,0.39799331103678925,0.09749247631224833,0.16551277711020418,0.3355704697986577,14.0,0.0,0.0,22.0,0.0,0.0,31.0,0.0,0.0,0.0012346939704452257,0.0007912430516263084,0.0005609603475622541,0.00030958874559949834,-9.003042194333233e-05,0.00014563222364660788,0.07163323782234957,0.2188969709623404,0.6389684813753582,-0.7176299095153809
222,1,test,2.8891638962724726,1.400404199614175,1.652233776435669,5.791955924131136,2.807414079415209,3.3122611084205626,17.9782716158559,13.54667602975426,14.533250203835635,36.04134639971112,27.157251474743205,29.135053474670496,3.1052254276171403,1.4959538314868344,2.030038736604207,4.904284603935007,2.3626572417926988,3.2061722903510894,22.31424865624288,17.315080168612905,19.38370870130321,35.24234509993916,27.346832964714036,30.61395263142333,3.1307660958777963,1.5185799919189804,2.054314203812667,5.460638539321738,2.6486860324168267,3.583106169440698,22.89150991799391,17.87775006167024,19.95725989432322,39.92705218254752,31.18212220058763,34.80917423428468,0.6111111111111112,-0.0038888888888888307,-0.0038888888888888307,0.5151515151515151,-0.00484848484848488,-0.00484848484848488,0.43434343434343436,-0.005656565656565582,-0.005656565656565582,0.41273584905660377,0.13711747449829992,0.16542402109961452,0.38534278959810875,0.4242424242424242,0.1446454469124494,0.2178665853162497,0.3959390862944162,0.4247491638795987,0.13259557456407278,0.2056167945803774,0.41946308724832215,20.0,0.0,0.0,32.0,1.0,1.0,40.0,0.0,0.0,-1.3939567403060224e-05,-2.123725663119465e-05,0.0002613471397077087,-0.025674293700064688,-0.02033617303492985,-0.027956968158602713,0.06367924528301887,0.17966232931880755,0.02830188679245283,-1.1788740158081055
179,1,test,1.7693203940488986,0.8360444996724632,1.0100823227492604,5.507508595009354,2.6024242320631568,3.1441660272044656,5.866864849961724,3.3240392735972173,3.730217222971748,18.26227103672296,10.347009468189835,11.611352859475968,1.6611297272227865,0.7155150119326255,1.016726367545652,3.8630923888902013,1.6639883998433151,2.3644799245247716,5.265255788531266,2.690860376019987,3.360405608797003,12.244780903561084,6.2578148279534584,7.814896764644193,1.7284924359472122,0.7320692456611463,1.0561837753211916,4.8013678776311455,2.033525682392073,2.933843820336644,5.632156668038179,2.9235802488800116,3.6734024646777543,15.644879633439386,8.121056246888921,10.203895735215983,0.3919597989949749,-0.0030402010050251116,-0.0030402010050251116,0.2864321608040201,-0.003567839195979916,-0.003567839195979916,0.1959798994974874,-0.004020100502512558,-0.004020100502512558,0.3196125907990315,0.1055859886224898,0.13192930634155342,0.308252427184466,0.3015075376884422,0.08346242490648725,0.1245459350173237,0.2676767676767676,0.3076923076923077,0.09233337613972004,0.13527851458885942,0.28859060402684567,17.0,0.0,0.0,22.0,0.0,0.0,28.0,0.0,0.0,0.0003231413961382486,-0.00013962900095325305,3.7437206971716574e-05,-0.1328550337678216,-0.1348454845539786,-0.13377022675012373,0.10653753026634383,0.05174601298796237,0.002421307506053269,-1.3532510995864868
171,1,test,0.966987935507802,0.41588792873926717,0.577569811320503,2.200059799578154,0.9462148177356484,1.314068228440608,2.630010754928669,0.8948500979944491,1.1538891304566197,5.983715744435026,2.035934115571264,2.6252913773476116,0.8786434459723651,0.22791819759492415,0.40714443080104834,1.7061037785871167,0.4425596069804354,0.7905717102932978,2.407631408023125,0.4907008322361841,0.8052370007068881,4.675012442763349,0.952817149973173,1.5635669916638602,1.0919521151544205,0.41669930503874253,0.6171407213508389,2.2592112727332836,0.8621364931836051,1.2768428717603562,2.980085868855714,1.0155563027131518,1.372374924212924,6.165694901080787,2.101150971130658,2.8393963949232908,0.21105527638190957,-0.0039447236180903955,-0.0039447236180903955,0.1306532663316583,-0.004346733668341707,-0.004346733668341707,0.10552763819095479,-0.0044723618090452,-0.0044723618090452,0.24852071005917165,0.07274523000008748,0.10186716675208507,0.24629080118694358,0.24120603015075381,0.05574237100288415,0.07092222380684732,0.23737373737373735,0.254180602006689,0.058855059435737433,0.09066558532148328,0.2785234899328859,16.0,-7.0,-7.0,21.0,-10.0,-10.0,24.0,-11.0,-11.0,-0.0010662386372999487,0.00020659940465846187,-0.00014762287969464472,-0.16435695209731804,-0.1594413392752232,-0.1611460280505126,0.07396449704142012,0.11477956797630356,0.0029585798816568047,-2.7780964374542236
118,1,test,0.7388258428177338,0.28272129608851554,0.36751846075363614,1.30819621709929,0.5005982582117752,0.6507436965637777,2.0934760009667572,0.5155606989394903,0.6438474062266311,3.7067969558402214,0.9128735311497396,1.140023389006787,0.5913299306854715,0.13553225367474758,0.26111798560206945,1.1052895900663018,0.25333131527990205,0.4880710011253635,1.806389191026461,0.22895802913596186,0.4151262224628327,3.376428394441983,0.4279589329644149,0.7759368644165097,0.47499372668222534,0.113852304861767,0.18636402210898761,0.8333223275126761,0.19974088572239823,0.32695442475260983,1.608004109933377,0.17303772784585147,0.27340666824452486,2.8210598419883812,0.3035749611330729,0.4796608214816227,0.1507537688442211,-0.0042462311557789345,-0.0042462311557789345,0.09547738693467334,-0.004522613065326642,-0.004522613065326642,0.06030150753768848,-0.0046984924623114654,-0.0046984924623114654,0.19480519480519476,0.02359896912426096,0.04426756039659263,0.19010416666666663,0.20100502512562812,0.03308522562688121,0.06077130225417571,0.13636363636363635,0.22073578595317722,0.06213812318189171,0.0816924044181383,0.14429530201342278,13.0,-3.0,-3.0,17.0,-6.0,-6.0,19.0,-5.0,-5.0,0.00029642012543574256,-0.000708510934010697,9.383083035337312e-05,-0.1935515245165127,-0.17991486159562076,-0.19497121176733456,0.07012987012987013,0.08841298338488206,0.0025974025974025974,-1.5721380710601807
92,1,test,1.069863484654611,0.4153843054756762,0.553656237187175,4.430630300580508,1.7202328302851368,2.292858982264279,2.9149815331025275,0.9908414089764361,1.239321315352113,12.071825696870249,4.10337583500024,5.13240675162125,1.4836857501662661,0.6004299002128342,0.8680648866385238,3.663421605348805,1.4825429634884792,2.14337009046549,4.409166856429382,1.9904048299935861,2.5583615159807813,10.88683174427008,4.914579827144657,6.316942014767361,1.176560532169383,0.4451383077941766,0.6483812813029686,4.104280926172266,1.5528080504448019,2.2617951673359364,3.243200114983716,1.165166177437789,1.547358321513926,11.31348877319901,4.064533177108567,5.397761586676486,0.3668341708542714,-0.0031658291457286047,-0.0031658291457286047,0.2211055276381909,-0.003894472361809065,-0.003894472361809065,0.17085427135678388,-0.004145728643216162,-0.004145728643216162,0.2657894736842106,0.07656476934781109,0.10547666821011481,0.16094986807387868,0.29145728643216084,0.060880845329403965,0.10280954018842126,0.16666666666666663,0.28093645484949836,0.07893311595133479,0.11742143816429262,0.15100671140939592,17.0,-4.0,-4.0,27.0,-6.0,-6.0,30.0,-5.0,-5.0,0.0012637256266032782,0.0003692076200901494,0.00046832274139464643,-0.1834669403925595,-0.1971143026975124,-0.19810882249599704,0.14736842105263157,0.06168480378875119,0.3105263157894737,-1.2239962816238403
104,1,test,0.9164548514834138,0.3852097411589981,0.4036822902574554,2.5577892465130305,1.075105153291215,1.12666130727222,2.5004103326940466,0.799361348443667,0.8304956094052096,6.978546352264741,2.230985910345602,2.317880401390812,0.5711047786206711,0.17878720798219155,0.2888153965208294,0.9137676457930738,0.28605953277150653,0.46210463443332706,1.7702216745819217,0.28981390378113225,0.44405924244817885,2.8323546793310745,0.46370224604981125,0.710494787917086,0.7856520856167563,0.3007255675192509,0.44420880398203477,1.6482211586365516,0.6308927989914355,0.9319065817804926,2.1938370439895514,0.569781378230124,0.7868602543701313,4.602455337041016,1.1953455487345255,1.6507557783988767,0.1306532663316583,-0.004346733668341707,-0.004346733668341707,0.09547738693467334,-0.004522613065326642,-0.004522613065326642,0.055276381909547756,-0.004723618090452297,-0.004723618090452297,0.24543610547667338,0.08332870932672409,0.08707833421567635,0.25813008130081305,0.16080402010050254,0.0354907368924825,0.0572981770287162,0.1515151515151515,0.21070234113712372,0.0571130256112472,0.08834416538628942,0.2214765100671141,13.0,0.0,0.0,14.0,0.0,0.0,16.0,-1.0,-1.0,0.00019171771858485557,-0.00045907828692198815,-0.0004451899120700989,-0.1664164910422281,-0.1741843337860871,-0.18523129791517068,0.05070993914807302,0.15696223326915956,0.1460446247464503,-1.7723989486694336
5,1,test,0.3697657524643006,0.11919535720519225,0.19712603683293872,0.6655783544357411,0.2145516429693461,0.3548268662992897,1.4473955261143718,0.16263749849733955,0.2589576737533916,2.605311947005869,0.2927474972952111,0.46612381275610515,0.1972079693416343,-0.08535194564380974,-0.03613701740898728,0.33710763990022957,-0.14590076178429018,-0.06177267933160219,1.217997320468633,-0.10852393074864519,-0.04481973887357338,2.082046701655783,-0.18551099273272698,-0.07661493824542465,0.3697657524643006,0.11919535720519225,0.19712603683293872,0.6655783544357411,0.2145516429693461,0.3548268662992897,1.4473955261143718,0.16263749849733955,0.2589576737533916,2.605311947005869,0.2927474972952111,0.46612381275610515,0.04020100502512558,-0.00479899497487446,-0.00479899497487446,0.03015075376884424,-0.0048492462311557905,-0.0048492462311557905,0.02010050251256279,-0.004899497487437232,-0.004899497487437232,0.09293680297397766,0.022435875330192867,0.03113210581699377,0.07462686567164178,0.07537688442211055,0.027757836803062874,0.035310106458838475,0.030303030303030276,0.09293680297397766,0.022435875330192867,0.03113210581699377,0.07462686567164178,11.0,-2.0,-2.0,13.0,-4.0,-4.0,15.0,-4.0,-4.0,-0.0004600070075139971,-5.02130272474608e-05,8.137985920494663e-05,-0.06733361623966116,-0.06666444283950712,-0.07184034343998724,0.09293680297397769,0.20464313646189283,0.0037174721189591076,-1.814131736755371
46,1,test,1.600948446561882,0.7248468725113743,0.8363115225478012,3.8704248158638905,1.7523770544231025,2.021852032533146,4.95773233942573,2.556213050673738,2.8095180713942622,11.985726534875392,6.179855726903543,6.792241491282832,1.2766047317994265,0.5172594598826006,0.750472130863674,2.3861770687839745,0.9668401119300944,1.402751646474157,3.584448876392594,1.4475721871807057,1.8920743280829966,6.699904441855316,2.7057424059452444,3.5365875291270963,1.3544619644000508,0.5784852176991365,0.8215538827137848,2.802335098758726,1.196865967653386,1.6997666538905893,3.874675682252248,1.7019624006228828,2.1707955488484294,8.016570377073617,3.5213015185301026,4.491301135548475,0.3266331658291457,-0.0033668341708542604,-0.0033668341708542604,0.22613065326633164,-0.003869346733668344,-0.003869346733668344,0.18090452261306533,-0.0040954773869347205,-0.0040954773869347205,0.3006833712984055,0.09135458859078316,0.11202256973437807,0.33105022831050224,0.2864321608040201,0.08593090767118805,0.12282615078732562,0.303030303030303,0.2876254180602007,0.08562207916203712,0.12855978958411618,0.3087248322147651,18.0,0.0,0.0,24.0,0.0,0.0,29.0,0.0,0.0,-0.0007837766873600647,-0.000588160557511632,-0.00016071139418614137,-0.11335851265645225,-0.11106749366562063,-0.1153873834683905,0.05694760820045558,0.11804804071636318,0.7129840546697038,-2.0151114463806152
137,1,test,2.450904794106967,1.133948332110056,1.5599946829696985,5.749490945574238,2.660089320438628,3.659536399146962,11.598836531889146,7.866791079540278,9.161489633165194,27.209300736461756,18.45442719410952,21.491614778552936,2.5782366161463997,1.1800983065352946,1.6404577088081522,4.730709387424586,2.165317993642742,3.010014144602114,13.173887045658374,9.12622958253522,10.619585273426516,24.172269808547473,16.745375380798567,19.48547756592021,2.531778129222357,1.1885013610739446,1.6267777256152263,5.710777735088023,2.680830137760777,3.669423441237352,12.575847750024131,8.744269599194098,10.103914829277107,28.36657387223488,19.72391638915962,22.79078532919648,0.6633165829145728,-0.0016834170854271857,-0.0016834170854271857,0.4824120603015075,-0.0025879396984924696,-0.0025879396984924696,0.3266331658291457,-0.0033668341708542604,-0.0033668341708542604,0.39549839228295824,0.09854815151249274,0.17196898051825238,0.3032258064516129,0.3869346733668342,0.08618279366758608,0.15321180191441353,0.2777777777777778,0.3946488294314381,0.09247854562509417,0.16661768371397423,0.31543624161073824,19.0,-5.0,-5.0,29.0,-6.0,-6.0,38.0,-8.0,-8.0,0.0009339953767869245,0.00035444121946768463,9.085173161912393e-05,-0.011968110009443755,-0.015320399373255356,-0.017612925078840824,0.12540192926045016,0.10954161487175627,0.18971061093247588,-1.092668056488037
22,1,test,0.35897114464253693,0.09541685317233023,0.17096689464025092,0.7850669748686377,0.20867588214111243,0.37390320860347565,1.4318554842737146,0.13030752829815917,0.22501683986801102,3.1314563030051157,0.2849815049772748,0.492109999386138,0.47744685120354674,0.06162065401622907,0.18077452566678415,0.8924240209412088,0.11517879255369912,0.33789630965754036,1.6119535865441974,0.09633116000717123,0.2665792041593871,3.0129973580265372,0.18005824300405848,0.49827888627922823,0.35897114464253693,0.09541685317233023,0.17096689464025092,0.7850669748686377,0.20867588214111243,0.37390320860347565,1.4318554842737146,0.13030752829815917,0.22501683986801102,3.1314563030051157,0.2849815049772748,0.492109999386138,0.13567839195979903,-0.004321608040200986,-0.004321608040200986,0.09045226130653261,-0.0045477386934673625,-0.0045477386934673625,0.045226130653266305,-0.004773869346733739,-0.004773869346733739,0.13805970149253732,0.04122543706050752,0.052451761045887224,0.09363295880149813,0.16582914572864327,0.027984534199821165,0.05063715908423594,0.12121212121212122,0.13805970149253732,0.04122543706050752,0.052451761045887224,0.09363295880149813,14.0,-5.0,-5.0,16.0,-6.0,-6.0,19.0,-6.0,-6.0,0.0001861743412905819,0.0004549548990550898,0.00016014303451657811,-0.1431291563095658,-0.14602383165899813,-0.1485477771651107,0.1791044776119403,0.04617011285961378,0.11194029850746269,-1.6118454933166504
71,1,test,2.1922672385655733,1.0183456258477621,1.151659938460421,5.145580616944065,2.390210199528685,2.7031189229148738,8.955494356983586,5.720841503141612,6.124558637009482,21.01989090007028,13.427674616182125,14.375259391530028,2.4198703400217534,1.132143478807195,1.5547218170529145,4.523122130881782,2.1161560351536353,2.9060220879493723,11.244401271534691,7.619863165313964,8.869042416406167,21.0175724701583,14.242734888437315,16.577649376460123,2.3154317247659955,1.1162858924765797,1.5118293399150218,5.053387486898049,2.4362735901496158,3.2995399462378945,10.129295042430252,6.812012845526482,7.895722401037066,22.10700158895362,14.867093728557798,17.232270057737832,0.5577889447236181,-0.00221105527638199,-0.00221105527638199,0.42713567839195976,-0.002864321608040288,-0.002864321608040288,0.29145728643216084,-0.0035427135678391952,-0.0035427135678391952,0.3429203539823009,0.09540654182760477,0.11418135104974958,0.3082039911308204,0.3467336683417085,0.09360083626150795,0.1380525331163328,0.3282828282828283,0.3557046979865772,0.10779850033163585,0.15369576941514862,0.3367003367003367,18.0,0.0,0.0,27.0,1.0,1.0,34.0,0.0,0.0,0.0005521451598352667,7.481621186839372e-05,0.0005020121642903815,-0.09472010097578476,-0.07839939362326387,-0.09929166802695732,0.06415929203539823,0.17032321233362802,0.8584070796460177,-1.4131908416748047
50,1,test,1.6358831296245495,0.7688410238169467,0.8741600649979878,4.37209241191323,2.054819164844101,2.3362968403815265,5.1339899742093245,2.7541289190177136,2.992026189551818,13.721199395357063,7.360737408565199,7.996546185171227,2.0246163020074257,0.9174426024406572,1.2825031220849916,3.7843295364624776,1.714845985870387,2.397202097355124,7.573204563697792,4.547410069928125,5.4728352773265545,14.155522548967834,8.499831906407708,10.229598649208512,1.8898450745421307,0.8427043608791807,1.188410951522282,4.168775899725288,1.8589066784099573,2.621494746005034,6.618343251753963,3.7688513062246707,4.601700503327621,14.59928658475139,8.313642587260304,10.150809933810928,0.5226130653266332,-0.002386934673366814,-0.002386934673366814,0.3417085427135679,-0.003291457286432098,-0.003291457286432098,0.2562814070351759,-0.00371859296482413,-0.00371859296482413,0.328125,0.1051595596432553,0.12284640762463339,0.2527964205816555,0.3417085427135679,0.08356317930504653,0.1447135510608133,0.2777777777777778,0.3277591973244147,0.08735852954478196,0.14755897485500424,0.2684563758389261,11.0,0.0,0.0,20.0,0.0,0.0,28.0,-2.0,-2.0,0.0008228046757799493,0.000520904565066523,0.00034059493285784864,-0.12162091071193792,-0.11462636072416554,-0.12486082886852579,0.05803571428571429,0.16357198633023895,0.5022321428571429,-1.4970264434814453
194,1,test,2.827608024071458,1.37087725470751,1.5887427143266346,5.642245369133414,2.7354660816411323,3.1701976180370917,16.904976128662597,12.613070789414834,13.453281491076076,33.732406495267114,25.16828345594245,26.84485068173438,3.3364799406460977,1.5911653979616671,2.1706909243699437,5.514842877100988,2.6300254511763095,3.5879188832561058,28.11996832856401,22.392265529440095,24.911514921845413,46.479286493494236,37.01200913957041,41.17605772205854,3.289976319766811,1.5746909803931137,2.143744082919577,5.607914181420701,2.684132352942808,3.6541092322492785,26.84222801815379,21.283966741252062,23.69591204255072,45.753797758216685,36.27948876349783,40.39075916343872,0.6432160804020101,-0.001783919597989958,-0.001783919597989958,0.5527638190954773,-0.0022361809045226,-0.0022361809045226,0.48743718592964824,-0.002562814070351749,-0.002562814070351749,0.41705069124423966,0.15698164636506817,0.18831168831168832,0.3533487297921478,0.44723618090452266,0.15650936386191616,0.231877249351935,0.40909090909090906,0.43143812709030105,0.13427619052936612,0.21675514600020096,0.40268456375838924,27.0,1.0,1.0,37.0,1.0,1.0,46.0,0.0,0.0,0.0009656133449855435,0.0005587467105039708,0.0006198338406851095,-0.06504715326818644,-0.057652947108033814,-0.0701011429225673,0.1336405529953917,0.07822074720709384,0.771889400921659,-1.7427358627319336
203,1,test,0.5820204512767091,0.19843512012307757,0.2932686294423731,1.0118201691425865,0.34497182421396555,0.5098362327228947,1.7896506823380656,0.3221139086261353,0.4548902533133845,3.1112388785261755,0.5599826411500506,0.7908092096063455,0.422861826739066,0.1044226145282855,0.1967517942045961,0.6820352044178485,0.16842357181981538,0.3173416035558002,1.5263233843163662,0.15134334766960467,0.2726097773416807,2.4618119101876874,0.2441021736606528,0.43969318926077516,0.5820204512767091,0.19843512012307757,0.2932686294423731,1.0118201691425865,0.34497182421396555,0.5098362327228947,1.7896506823380656,0.3221139086261353,0.4548902533133845,3.1112388785261755,0.5599826411500506,0.7908092096063455,0.11557788944723613,-0.004422110552763869,-0.004422110552763869,0.085427135678392,-0.004572864321607972,-0.004572864321607972,0.055276381909547756,-0.004723618090452297,-0.004723618090452297,0.1644444444444444,0.03805863513180585,0.05366157886098799,0.1741071428571429,0.1507537688442211,0.015415422979559446,0.033892333118010765,0.15656565656565657,0.1644444444444444,0.03805863513180585,0.05366157886098799,0.1741071428571429,12.0,-1.0,-1.0,19.0,-6.0,-6.0,19.0,-2.0,-2.0,0.00017251557935994049,-2.9400193677185326e-05,-0.00010683198224600718,-0.059579978584678894,-0.06313694814159998,-0.06514145488146283,0.19555555555555557,0.03740580286471977,0.7155555555555555,-2.57871675491333
205,1,test,0.8062785879568027,0.36917511737606096,0.4053711164870494,2.1164812933866073,0.96908468311216,1.0640991807785047,2.23955814106721,0.6913418774624014,0.7463790406269539,5.878840120301427,1.814772428338804,1.9592449816457544,0.21549110451001208,-0.00456763593347434,0.06055775330398391,0.35915184085002017,-0.007612726555790539,0.10092958883997322,1.2404709482771357,-0.005678979559816444,0.07289080757354305,2.067451580461893,-0.009464965933027258,0.12148467928923856,0.6096359125279237,0.23636502015639171,0.34860221163101796,1.235748471340386,0.47911828410079405,0.7066261046574689,1.8397614427348277,0.38728369104784144,0.541490025127185,3.729246167705732,0.7850345088807598,1.0976149157983484,0.05025125628140703,-0.004748743718593018,-0.004748743718593018,0.04020100502512558,-0.00479899497487446,-0.00479899497487446,0.015075376884422065,-0.004924623115577953,-0.004924623115577953,0.16485900216919736,0.05001609859389944,0.05635460334221787,0.1934782608695652,0.08040201005025127,0.0052140401254392454,0.0069462504509190115,0.07070707070707072,0.13377926421404684,0.0319428702240635,0.04924088824074313,0.15771812080536918,11.0,0.0,0.0,11.0,0.0,0.0,11.0,0.0,0.0,-3.270049213170178e-06,-0.0007072963798935541,-0.0002809394631434449,-0.18057191180419974,-0.19356940141828316,-0.19411026964127398,0.05422993492407809,0.12829370297137152,0.2950108459869848,-1.8735092878341675
181,1,test,2.785978486487492,1.2988584006402082,1.5288318003049102,7.529195023608602,3.5102059308441067,4.131716321077194,16.2156769373278,11.791341489731913,12.700300246511254,43.823380077461835,31.866473519718525,34.322963324432315,3.15308626054847,1.4873200793775896,2.02598154602195,6.92985991329334,3.2688353392914054,4.452706694553736,23.40819700889362,18.1184724239833,20.321490355631827,51.446586832733225,39.820818514249005,44.662616166223785,2.747874216197789,1.2935506594115929,1.7424991674388164,7.231247937362602,3.4040806826620864,4.58552412483899,15.609414349862073,11.327828114008742,12.876482286442636,41.07740618384756,29.810073984233526,33.88547970116483,0.592964824120603,-0.0020351758793969443,-0.0020351758793969443,0.4773869346733668,-0.0026130653266331905,-0.0026130653266331905,0.40703517587939697,-0.00296482412060306,-0.00296482412060306,0.37089201877934275,0.12939143261287145,0.1480181184860876,0.3364705882352941,0.39698492462311563,0.1388395612145943,0.19998993297036105,0.3484848484848485,0.36789297658862874,0.13250065605440509,0.1743445894918545,0.31543624161073824,24.0,0.0,0.0,36.0,0.0,0.0,44.0,0.0,0.0,0.00019913266403564502,0.0009081492324153898,-3.419572037760106e-05,-0.09587101698618561,-0.11087671913216468,-0.10063231994910637,0.05868544600938967,0.12617619615124073,0.0892018779342723,-1.4140045642852783
180,1,test,2.871518637658058,1.3866885304294356,1.8176420330521028,6.35962103186846,3.071132266779302,4.025575300195149,17.66382278792836,13.249607382147108,14.795072186124111,39.120490959767714,29.344222484387153,32.76700036313376,3.282423968374233,1.57157015904914,2.1391271649032335,5.563430454871582,2.663678235676509,3.6256392625478533,26.640269670147358,21.106585497802183,23.50317595318617,45.15299944092773,35.77387372508845,39.83589144607826,3.084953645433075,1.4817204317321608,2.014411622681378,6.211316064630353,2.983329728319787,4.055862327546398,21.8664532086135,16.897380655313672,18.949493078287578,44.02641585626879,34.02157178922216,38.15334176836425,0.6532663316582914,-0.0017336683417086274,-0.0017336683417086274,0.49246231155778897,-0.002537688442211028,-0.002537688442211028,0.4120603015075377,-0.0029396984924623393,-0.0029396984924623393,0.3916666666666667,0.12019852262234543,0.1756353861192571,0.3398328690807799,0.3919597989949749,0.1269597989949749,0.17565364258898486,0.3787878787878788,0.3846153846153846,0.10794871794871796,0.16596943566976863,0.36241610738255037,21.0,0.0,0.0,32.0,0.0,0.0,39.0,0.0,0.0,0.0009997588385363733,0.0007485325485122588,0.0005091601341645375,-0.0020676650402444707,-0.0036245534195717966,-0.0026708534582731147,0.08333333333333333,0.10735079317183356,0.002777777777777778,-0.5182516574859619
89,1,test,1.1746400336013167,0.5312806943392104,0.5690215948222385,3.429073390016266,1.5509436418598068,1.6611189414065346,3.23697753095137,1.3341150159305077,1.4045924544168131,9.449561736317664,3.8946214750766375,4.100363065688833,1.216215564915957,0.4777573641274472,0.7160610715638056,2.384736401795994,0.9367791453479357,1.4040413167917758,3.3743933665218613,1.2816868738597669,1.7254173596688451,6.616457581415414,2.513111517372092,3.383171293468324,1.2893325547840329,0.5713234107601832,0.8057800851159523,3.045667452245747,1.349582860063425,1.9034175238959505,3.630362678738084,1.5800154800489707,2.0085370117015158,8.575659871034844,3.732320031611742,4.744575618192557,0.2864321608040201,-0.003567839195979916,-0.003567839195979916,0.19095477386934678,-0.004045226130653168,-0.004045226130653168,0.13567839195979903,-0.004321608040200986,-0.004321608040200986,0.2857142857142857,0.08763121862163392,0.09705348415025827,0.28846153846153844,0.27135678391959794,0.08088059344340748,0.12277581563913054,0.2828282828282829,0.2876254180602007,0.1039860190618701,0.14746968947288142,0.2953020134228188,16.0,-3.0,-3.0,21.0,-6.0,-6.0,27.0,-8.0,-8.0,0.00039134110937247957,-8.614914279591995e-05,0.00025628713522004925,-0.20043078541692605,-0.19169006567176705,-0.20526394285638627,0.08742004264392324,0.04087603728095321,0.0021321961620469083,-1.7557035684585571
126,1,test,0.06824559277518445,-0.051080197784898806,-0.047535688578397,0.1364911855503689,-0.10216039556979761,-0.095071377156794,1.0706282147479635,-0.05610872400958522,-0.0521220641070983,2.141256429495927,-0.11221744801917044,-0.1042441282141966,0.1065370000984564,-0.10528113855672619,-0.06903584278644603,0.193703636542648,-0.19142025192132034,-0.1255197141571746,1.1124190852999198,-0.12350401270246958,-0.0795097237222282,2.0225801550907634,-0.22455275036812639,-0.14456313404041454,0.07178860101954586,-0.0810891672967904,-0.041776633787210346,0.14454080742190442,-0.16326677979219542,-0.08411402775948393,1.0744281870309675,-0.0907543609825423,-0.04583677974639966,2.163278228921411,-0.1827269013071322,-0.09228881828134172,0.025125628140703515,-0.004874371859296511,-0.004874371859296511,0.025125628140703515,-0.004874371859296511,-0.004874371859296511,0.01005025125628145,-0.004949748743718563,-0.004949748743718563,0.0444444444444444,0.004824793097376268,0.010653525753842485,0.015923566878980888,0.0653266331658291,0.00768252289013982,0.00856536438452693,0.025252525252525304,0.04682274247491636,0.006755964511644286,0.015677025011067602,0.016778523489932917,11.0,-2.0,-2.0,13.0,-4.0,-4.0,13.0,-4.0,-4.0,0.00027123291756115335,8.722111780063796e-05,1.9407006954412092e-05,-0.05768399353948461,-0.06703572044956474,-0.06686011435110695,0.07936507936507936,0.04831499577168981,0.0031746031746031746,-3.487143039703369
133,1,test,1.0098803882889757,0.4515881320824222,0.4661098013994619,2.514396068801123,1.124362288041949,1.1605182810353947,2.7452726286215414,0.9975872770538541,1.0227831995994445,6.835168585547511,2.483788730623882,2.546521435737392,0.5090301201884361,0.1603301168653719,0.2703905224032146,0.951458168576516,0.29968246143060173,0.5054028456134851,1.663676845624488,0.24645288154224354,0.3941559296492636,3.1096763469616593,0.46065959166774473,0.7367400554191841,0.958527847443328,0.38566237783401625,0.5688913255077117,1.929921840489922,0.7765014318805696,1.1454187761900236,2.6078544864718465,0.8345132530559227,1.131410445154495,5.250713731151369,1.680228026287093,2.278007607693614,0.12060301507537685,-0.0043969849246231485,-0.0043969849246231485,0.08040201005025127,-0.004597989949748693,-0.004597989949748693,0.0653266331658291,-0.004673366834170856,-0.004673366834170856,0.21765913757700206,0.06586426578213023,0.07103157159459739,0.220164609053498,0.15577889447236182,0.03798440825682292,0.05895084772778758,0.12121212121212122,0.22073578595317722,0.07716316491811881,0.10950108072514608,0.21812080536912748,12.0,-1.0,-1.0,15.0,-3.0,-3.0,20.0,-5.0,-5.0,0.0002841621756194301,-0.0004548003350073997,-0.00044579085742655543,-0.20429691489835422,-0.19661403242614917,-0.22572361466155133,0.07802874743326489,0.08817206204231988,0.002053388090349076,-2.043083667755127
229,1,test,1.198382651062372,0.4837794382374343,0.7058849385091164,2.440877546949126,0.9853667085572282,1.4377533716872801,3.3147514752287583,1.2713757391319969,1.678353102660233,6.751518342183728,2.5895505852259078,3.418486074130045,0.4642709705676927,0.1292378516495744,0.2186976727942181,0.8518733404911791,0.23713367275151265,0.4012801335673726,1.5908539866489269,0.19286730238662453,0.3125000059915939,2.9189981406402326,0.35388495850756785,0.5733945064065944,1.1067474771321635,0.4310164215490333,0.6382410223053706,2.128360532946468,0.8288777337481408,1.2273865813564817,3.024505107076206,1.0590357888747908,1.4268987938161104,5.81635597514655,2.0366072862976745,2.744036141954058,0.09547738693467334,-0.004522613065326642,-0.004522613065326642,0.07035175879396982,-0.004648241206030135,-0.004648241206030135,0.04020100502512558,-0.00479899497487446,-0.00479899497487446,0.21752265861027187,0.05462673100846194,0.08284929177610101,0.24848484848484853,0.14070351758793975,0.04045289102152372,0.0605699616613955,0.09595959595959591,0.20735785953177255,0.053768544005896035,0.07832560146725642,0.22818791946308725,14.0,-3.0,-3.0,15.0,-2.0,-2.0,15.0,1.0,1.0,-0.0011450396991901383,-0.00017295663569004194,-0.0010180012368368107,-0.1275203140615253,-0.14073760400578816,-0.12869584608638585,0.0755287009063444,0.20420555442232682,0.6102719033232629,-2.3339967727661133
109,1,test,3.01164621682342,1.4351029789046599,1.9553914734615714,5.20193437451318,2.4788142362898675,3.377494363251805,20.32082488912169,15.482622532003639,17.445243881723304,35.09960662666473,26.7427116461881,30.132693977522067,2.9938059234465166,1.3771818694296558,1.9122733088822206,4.790089477514426,2.203490991087449,3.0596372942115524,19.961510082281524,14.925449962986825,17.012314012291583,31.93841613165044,23.88071994077892,27.219702419666532,2.9976250998927734,1.4332349149385164,1.950559903800971,5.1683191377461615,2.471094680928477,3.3630343168982266,20.037892377307177,15.25813309945029,17.188615610363634,34.54809030570203,26.307126033534985,29.63554415579937,0.6733668341708543,-0.001633165829145744,-0.001633165829145744,0.542713567839196,-0.0022864321608039306,-0.0022864321608039306,0.4170854271356784,-0.0029145728643216184,-0.0029145728643216184,0.4092409240924092,0.10775822228021814,0.18201809203971986,0.36092715231788075,0.4170854271356784,0.10881475044394906,0.18503200476506076,0.3434343434343434,0.40802675585284276,0.10752592112830184,0.1799956101353789,0.35906040268456374,21.0,-6.0,-6.0,36.0,-10.0,-10.0,44.0,-9.0,-9.0,0.000497874330969711,0.00030920963356926683,5.654353827977887e-05,0.0004912393671849813,8.815173034548707e-05,-5.432400123339676e-05,0.08250825082508251,0.07059883635173603,0.026402640264026403,-0.8923392295837402
10,1,test,1.9462183958627475,0.9059452727774213,1.0420496040106073,5.083064516253294,2.36611588890103,2.7215883775335867,7.002158060242541,4.17216821587691,4.532279973439505,18.28798928675111,10.896721693231461,11.837248871806707,2.4249774616723756,1.1079534668868318,1.5397869824313153,4.145260618243378,1.8939375502339013,2.632114499882591,11.301974688800653,7.569677192504562,8.878528725128547,19.31961485265069,12.939619132486433,15.17697217970692,2.4036227979401774,1.1063348677572789,1.5320514997073031,4.905352648857505,2.2578262607291406,3.1266357136883745,11.063183546509942,7.403824785393428,8.672519196020195,22.57792560512233,15.109846500802915,17.699018767388154,0.4824120603015075,-0.0025879396984924696,-0.0025879396984924696,0.4120603015075377,-0.0029396984924623393,-0.0029396984924623393,0.3417085427135679,-0.003291457286432098,-0.003291457286432098,0.3227990970654627,0.11535828534054726,0.13316077839488594,0.29864253393665163,0.3919597989949749,0.14885202957141597,0.20498150183303832,0.3787878787878788,0.38795986622073575,0.147559198441103,0.20553494964676466,0.37248322147651003,16.0,0.0,0.0,27.0,0.0,0.0,35.0,0.0,0.0,0.00023307757042683082,0.0007919327527265896,0.0006233399343635125,-0.12522187213333247,-0.13628014521343168,-0.14284590895368332,0.056433408577878104,0.19192442026945883,0.5507900677200903,-1.2477778196334839
69,1,test,1.3726073968477857,0.5731595308122054,0.8323389107278838,2.581437774753506,1.0779307085161363,1.5653646559711907,3.9456251053798828,1.7213126344554603,2.229157457316333,7.420465397049666,3.237241375027031,4.1923358998392395,1.7602872608732327,0.7592210017916989,1.0828990709755464,2.88571682110366,1.2446245931011457,1.7752443786484366,5.814107320084787,3.09292555317187,3.845378255058777,9.531323475548831,5.0703697592981465,6.30389877878488,1.412751456778418,0.579454253253607,0.8528724116334496,2.5378768684642243,1.040935784287917,1.532106128682844,4.107240766806037,1.8063480082297785,2.3567800060426967,7.378276826597673,3.2449365417301417,4.233736537801253,0.4522613065326633,-0.0027386934673366836,-0.0027386934673366836,0.3065326633165829,-0.0034673366834171437,-0.0034673366834171437,0.2160804020100503,-0.003919597989949675,-0.003919597989949675,0.2909090909090909,0.09604504257072233,0.13094933235778305,0.2613981762917933,0.3467336683417085,0.1017336683417085,0.15538591459794804,0.33333333333333337,0.29431438127090304,0.08764771460423637,0.1311623279967632,0.2651006711409396,17.0,0.0,0.0,24.0,0.0,0.0,30.0,0.0,0.0,0.0002011391259313295,0.0005973201250049627,0.00014977295217277447,-0.15175594644474089,-0.16165624207943097,-0.1617185922915496,0.07575757575757576,0.16925710594473486,0.6424242424242425,-1.7375630140304565
83,1,test,1.292409490148731,0.5694827454209469,0.5694827454209469,2.845519607065661,1.2538396927079216,1.2538396927079216,3.6415502729765796,1.581095453206816,1.581095453206816,8.017662188999937,3.4811243240132903,3.4811243240132903,0.8765153011201462,0.2841687675516158,0.44148963788719325,1.3589384513490639,0.44057173263816407,0.6844800587398345,2.4025130678524897,0.5942865626152789,0.857510359645504,3.724826461786806,0.921374515682603,1.3294734258069831,1.4040462570770675,0.5827765547771376,0.8206944314739623,2.4207694087535647,1.0047871634088579,1.4149903990930384,4.0716415894933276,1.7982570621341072,2.2796066253499783,7.020071706022979,3.1004432105760475,3.9303562506034115,0.2211055276381909,-0.003894472361809065,-0.003894472361809065,0.14572864321608037,-0.004271356783919655,-0.004271356783919655,0.09547738693467334,-0.004522613065326642,-0.004522613065326642,0.265625,0.08673936950146632,0.08673936950146632,0.2367906066536204,0.2211055276381909,0.06110552763819088,0.0879940467729663,0.1262626262626263,0.28093645484949836,0.09926978818283172,0.1366523261036604,0.24832214765100669,15.0,-6.0,-6.0,21.0,-8.0,-8.0,23.0,-9.0,-9.0,-0.00016845545633564942,-0.0005929964117064271,-0.00010781046834019322,-0.15620530537919652,-0.1499909973442337,-0.16698008544112763,0.052734375,0.1615186838331365,0.001953125,-1.87720787525177
129,1,test,0.6584118858238585,0.20188021223708613,0.31758377972818785,1.3865379713231842,0.42513597635809897,0.6687940773099484,1.931722101853083,0.3531326858655346,0.5256105837644212,4.067979485078846,0.7436558914109495,1.106874052868605,0.19324354718785935,0.039515988933769064,0.08415401769150421,0.33902376699624454,0.06932629637503346,0.1476386275289548,1.2131782236868172,0.04700509443498624,0.09791602895234663,2.128382848573364,0.08246507795611624,0.1717825069339416,0.47306839244686727,0.135136168048552,0.22424463258483077,0.9589224171220282,0.27392466496328105,0.45454993091519746,1.6049111430229128,0.20286566731354116,0.32239516066579177,3.2531982628842826,0.4112141905004214,0.6535037040522806,0.045226130653266305,-0.004773869346733739,-0.004773869346733739,0.03015075376884424,-0.0048492462311557905,-0.0048492462311557905,0.025125628140703515,-0.004874371859296511,-0.004874371859296511,0.21288515406162467,0.05204599322246384,0.077010276251263,0.2191011235955056,0.09547738693467334,0.012770620017380052,0.023691076417144075,0.045454545454545414,0.15719063545150502,0.0236347089072646,0.040394194962072305,0.15436241610738255,12.0,-3.0,-3.0,13.0,-2.0,-2.0,13.0,-2.0,-2.0,-2.88458518295493e-06,-0.0005541173469904863,9.865606831091122e-07,-0.1383395038831483,-0.15025005038671013,-0.15092503209424457,0.0784313725490196,0.041318821336083666,0.7282913165266106,-2.3336730003356934
93,1,test,0.6879414159638824,0.27736875607687594,0.3961047962757385,1.4067519980287082,0.5671835460802784,0.8099835257176962,1.98961552382866,0.4819345974936551,0.6507312713865459,4.068508667316298,0.9854944653876663,1.3306620228994106,0.7272685706909319,0.26064036931481016,0.40858579358222186,1.1019220768044422,0.3949096504769851,0.6190693842154877,2.069420405423895,0.4748119854514483,0.6941054311169799,3.135485462763477,0.7194120991688608,1.0516748956317876,0.7303178782120697,0.28419160724817705,0.40778033300843425,1.4044574581001341,0.5465223216311098,0.7841929480931429,2.0757403354385766,0.5134916147070265,0.6951136096405215,3.991808337381878,0.9874838744365895,1.3367569416163874,0.13567839195979903,-0.004321608040200986,-0.004321608040200986,0.10552763819095479,-0.0044723618090452,-0.0044723618090452,0.10552763819095479,-0.0044723618090452,-0.0044723618090452,0.17924528301886788,0.05051686857616777,0.06732059682639924,0.17034700315457418,0.16582914572864327,0.045528393848944027,0.07067054806587203,0.15656565656565657,0.18729096989966554,0.04872669611001612,0.07160687646251318,0.18120805369127513,15.0,-5.0,-5.0,20.0,-6.0,-6.0,22.0,-6.0,-6.0,-0.0008323230258236902,-0.00026598106341777053,-6.872454110367867e-05,-0.11152612289854513,-0.10258069913546386,-0.11819715241821127,0.07861635220125786,0.1322803566482902,0.17295597484276728,-1.6221579313278198
264,1,test,0.2667667723881682,0.06153793562517279,0.12244986677337139,0.45193429675172025,0.10425250270617509,0.20744448018077036,1.3057358771547523,0.07792987718630995,0.15048572137325555,2.2120701918856978,0.13202238017445422,0.2549405162088092,0.38209508972912204,0.0423090482701029,0.14068291948858253,0.6212928288278408,0.06879520043919174,0.2287527146155814,1.4653514183777168,0.06070439619502177,0.19230577966274365,2.3826852331344988,0.09870633527645811,0.3126923246548676,0.27184433381645057,0.06661549705345515,0.12752742820165375,0.4605362831713986,0.11285448912585344,0.2160464666004487,1.3123826918044907,0.08457669183604843,0.15713253602299404,2.223330677880549,0.1432828661693053,0.2662010022036603,0.07537688442211055,-0.004623115577889414,-0.004623115577889414,0.06030150753768848,-0.0046984924623114654,-0.0046984924623114654,0.05025125628140703,-0.004748743718593018,-0.004748743718593018,0.07317073170731703,0.019257688229056158,0.019868298335358747,0.04195804195804198,0.09045226130653261,0.01777055704588093,0.022004848952609457,0.06060606060606055,0.08013937282229966,0.02622632934403879,0.02683693945034138,0.04195804195804198,12.0,-3.0,-3.0,13.0,-2.0,-2.0,15.0,-3.0,-3.0,0.00011901652745783767,0.00043907878068464494,0.00017228515805754182,-0.08890534528658733,-0.0904422645959877,-0.09133266785507277,0.09059233449477352,0.1603918688498251,0.04529616724738676,-0.7402127981185913
98,1,test,2.020336825538417,0.9152761283973161,1.071378680914103,5.2746518319446105,2.3895831855163467,2.7971323645422093,7.5408644616814025,4.521456729019496,4.957847335015716,19.68752637900055,11.804521759595808,12.943840946508097,2.2965375859291552,0.9921103657979482,1.414232762784934,4.686811399855419,2.02471503224071,2.8861893118059876,9.93970742299707,6.254129958560197,7.523244610613119,20.28511718978994,12.763530527673872,15.353560429822693,2.2263807198246894,0.9841328867709034,1.3854941687129672,5.137801661133898,2.271075892548238,3.197294235491462,9.2662680954833,5.802878251827008,6.947846630413912,21.38369560496146,13.39125750421617,16.033492224032106,0.42713567839195976,-0.002864321608040288,-0.002864321608040288,0.35678391959798994,-0.0032160804020100464,-0.0032160804020100464,0.27135678391959794,-0.0036432160804020786,-0.0036432160804020786,0.32183908045977017,0.09336606094197453,0.11362793676475547,0.2995391705069125,0.3417085427135679,0.111132101610811,0.17142473636966138,0.3282828282828283,0.33444816053511706,0.1023947381644994,0.15424793806570658,0.3221476510067114,17.0,0.0,0.0,27.0,0.0,0.0,35.0,0.0,0.0,5.613134490351342e-05,0.0005783630980803468,0.00031847512784619373,-0.1045050562527754,-0.11249457587608891,-0.11112920439035534,0.07586206896551724,0.14706631599896494,0.04367816091954023,-0.9379913806915283
101,1,test,1.8155993340506775,0.8292277095732612,1.0600664101443362,4.480806048778915,2.0464914627288815,2.6161895378562146,6.14475783666755,3.463270479812172,4.016012156085141,15.164947225109016,8.54717394056209,9.91131205187679,2.024956258238922,0.8892896488672988,1.2525851147638805,3.715516070163159,1.6317241263620157,2.2983213114933583,7.575779559449742,4.462531387697478,5.410886113752953,13.900512953118792,8.188130986600875,9.928231401381565,1.7646747169915702,0.7825695779108777,1.0944719053027114,3.921499371092378,1.739043506468617,2.432159789561581,5.839672502867458,3.1696013019131293,3.88503879986596,12.977050006372128,7.043558448695841,8.633419555257689,0.42211055276381915,-0.0028894472361808976,-0.0028894472361808976,0.3467336683417085,-0.003266331658291488,-0.003266331658291488,0.27638190954773867,-0.0036180904522613577,-0.0036180904522613577,0.3046875,0.09012313068920674,0.12286931818181823,0.30287206266318534,0.3417085427135679,0.1161446329391318,0.17142473636966138,0.3484848484848485,0.2976588628762542,0.09398607489628763,0.12969445798192714,0.2986577181208053,21.0,-1.0,-1.0,26.0,0.0,0.0,34.0,0.0,0.0,-0.0008499869203692901,0.00041224737716689377,-0.0001763544354428918,-0.15612086632784994,-0.17188766414262346,-0.1603519799815576,0.06510416666666667,0.1390496941121463,0.0026041666666666665,-1.9254049062728882
106,1,test,0.5632134718009637,0.224704319515461,0.33313234874140696,1.1618491745328057,0.4635409861702592,0.6872164175294433,1.7563072857717201,0.3534526975509633,0.4976051702171742,3.6230741492649323,0.7291351245076476,1.0265062630895168,0.41126381438393217,0.08144526139989106,0.18157971699124834,0.6797748998081523,0.13462026677667938,0.30013176362189803,1.5087233269756197,0.11800756263199252,0.25052084927680673,2.4937575652489583,0.19505382253221892,0.4140840483914161,0.5792654014083533,0.19558368840359586,0.316485523872149,1.1508584133940793,0.388576864378005,0.6287791865009583,1.7847268912207424,0.3170486667814345,0.48418648193861413,3.545815015670349,0.6298980134730487,0.9619598978912864,0.09045226130653261,-0.0045477386934673625,-0.0045477386934673625,0.07537688442211055,-0.004623115577889414,-0.004623115577889414,0.05025125628140703,-0.004748743718593018,-0.004748743718593018,0.17431192660550454,0.03232719378107707,0.06037499883337838,0.17177914110429449,0.17085427135678388,0.05807231646956579,0.07068732644860354,0.11111111111111116,0.17391304347826086,0.04536546417942944,0.05711660298882815,0.17449664429530198,13.0,-4.0,-4.0,17.0,-8.0,-8.0,19.0,-10.0,-10.0,7.030353305992519e-05,9.353538031519158e-05,1.4679329072628453e-05,-0.20372481108329543,-0.2094692723318965,-0.21449590717472367,0.07951070336391437,0.144916357652077,0.0030581039755351682,-2.5886497497558594
80,1,test,0.2780953199614021,0.02902609848436133,0.08297313193691128,0.5598497888696647,0.058434119317201105,0.1670380156098346,1.3206120719015355,0.03778124246026038,0.10515257989061033,2.658600618433354,0.07605960653183974,0.2116887463587287,0.39421595858384534,0.02294247082339479,0.11884472399140672,0.8299283338607271,0.048299938575568024,0.25019941892927733,1.4832208283595572,0.033641366938522044,0.1662013210332729,3.122570164967489,0.07082393039688872,0.3498975179647852,0.28017967981486397,0.039337739917742615,0.08628531608413403,0.5566483704931072,0.0781544501677005,0.17142778029960404,1.3233675734169523,0.05104765701962277,0.10939953628876076,2.629207099503879,0.10141918613170109,0.21735007209687573,0.10050251256281406,-0.004497487437185921,-0.004497487437185921,0.0653266331658291,-0.00967336683417086,-0.00967336683417086,0.04020100502512558,-0.00479899497487446,-0.00479899497487446,0.1311475409836066,0.0296745458935902,0.0471780753347516,0.07565789473684215,0.15577889447236182,0.04049067392098338,0.06062029680959058,0.08585858585858586,0.13043478260869568,0.025259490455106337,0.039222324321710134,0.0738255033557047,13.0,-4.0,-4.0,16.0,-4.0,-4.0,17.0,-5.0,-5.0,0.0008383691983362405,0.0002927345149824776,7.022959538368618e-05,-0.1589661478890394,-0.15530349818615408,-0.15725077039296176,0.08196721311475409,0.12172861864836218,0.12786885245901639,-1.9602676630020142
18,1,test,0.7375510054222455,0.3102886294475558,0.44190241077894593,1.2921006335592722,0.5435883508366955,0.7741598624924391,2.0908088599209615,0.5577540142015605,0.7468110741022302,3.6628455967036393,0.9771179346538612,1.3083231598933804,0.4273773504710661,0.08299353809903409,0.18470031345848822,0.7497848253878353,0.14560269841935802,0.32403563764647053,1.5332311180614229,0.12211098111088337,0.25857422742406033,2.6898791544937244,0.21422979142260212,0.4536389954808073,0.7375510054222455,0.3102886294475558,0.44190241077894593,1.2921006335592722,0.5435883508366955,0.7741598624924391,2.0908088599209615,0.5577540142015605,0.7468110741022302,3.6628455967036393,0.9771179346538612,1.3083231598933804,0.08040201005025127,-0.004597989949748693,-0.004597989949748693,0.07537688442211055,-0.004623115577889414,-0.004623115577889414,0.055276381909547756,-0.004723618090452297,-0.004723618090452297,0.1594827586206896,0.04335372636262513,0.05919622566940019,0.12121212121212122,0.10050251256281406,0.020302011309681234,0.0370634474542999,0.04040404040404044,0.1594827586206896,0.04335372636262513,0.05919622566940019,0.12121212121212122,14.0,-5.0,-5.0,15.0,-4.0,-4.0,18.0,-5.0,-5.0,0.000372328466323402,4.228513571948876e-05,-0.00012662520329501507,-0.12528099017585692,-0.12413663756331372,-0.1281097028038607,0.10775862068965517,0.29805313014028684,0.8405172413793104,-1.5390474796295166
166,1,test,1.4473061624974326,0.6280445337595331,0.8855064829876118,3.355841761395146,1.4562351277281482,2.0532073396745725,4.2516458317303485,1.9828218472515746,2.497819845225939,9.858211763682457,4.59753197549541,5.791648212556848,1.459184602739402,0.6171497965056316,0.8855593640245154,3.393452564510237,1.4352320848968176,2.0594403814523616,4.302449891810011,1.9813647584255665,2.527760816551837,10.005697422813979,4.60782501959434,5.8785135268647375,1.4473061624974326,0.6280445337595331,0.8855064829876118,3.355841761395146,1.4562351277281482,2.0532073396745725,4.2516458317303485,1.9828218472515746,2.497819845225939,9.858211763682457,4.59753197549541,5.791648212556848,0.3266331658291457,-0.0033668341708542604,-0.0033668341708542604,0.24623115577889443,-0.0037688442211055717,-0.0037688442211055717,0.18592964824120606,-0.004070351758793889,-0.004070351758793889,0.30952380952380953,0.10762357199411832,0.1354731766124171,0.26315789473684215,0.3065326633165829,0.09851261319126958,0.1362488569726764,0.26262626262626265,0.30952380952380953,0.10762357199411832,0.1354731766124171,0.26315789473684215,17.0,-1.0,-1.0,21.0,-1.0,-1.0,25.0,0.0,0.0,0.00026185163929431465,0.000144064468343292,0.00019038689826860158,-0.10277034336789015,-0.105052839448323,-0.10632519469420831,0.11904761904761904,0.14365357574210652,0.4,-1.5195815563201904
146,1,test,0.7445786969820499,0.28264997901323785,0.37859020350527534,1.4378071389998204,0.5458068560255627,0.7310707378032902,2.105554171763494,0.5184220065747029,0.6636155209050103,4.065897710991574,1.0010907713166675,1.2814644541613989,0.22909571048271338,-0.03250161444675509,0.04480773443842906,0.38829781437748034,-0.05508748211314418,0.07594531260750692,1.257462385582451,-0.04154097524796341,0.05510036087775472,2.1312921789533066,-0.07040843262366714,0.0933904421656857,0.6008517494536073,0.18147842938367525,0.3092808872699738,1.1126884249140876,0.33607116552532457,0.5727423838332849,1.823671450223605,0.3026633785703752,0.48514296904271315,3.377169352265935,0.5604877380932871,0.8984129056346539,0.055276381909547756,-0.004723618090452297,-0.004723618090452297,0.035175879396984966,-0.00482412060301507,-0.00482412060301507,0.03015075376884424,-0.0048492462311557905,-0.0048492462311557905,0.17391304347826086,0.04236770503637066,0.06540864465128138,0.17948717948717952,0.09547738693467334,0.022795682674021656,0.03203832182615918,0.025252525252525304,0.14046822742474918,0.023606791698538854,0.04258168682408181,0.13758389261744963,14.0,-5.0,-5.0,14.0,-5.0,-5.0,16.0,-7.0,-7.0,0.0004202082692288822,-0.0010572442514620451,0.00015241490837285732,-0.10795045166975692,-0.13988960474140066,-0.12868893827142314,0.0639386189258312,0.1375453940198566,0.5396419437340153,-2.5852203369140625
35,1,test,0.8538497939241998,0.38571187659245304,0.46946855798797404,2.126862213956643,0.9607732198757466,1.1694034989882263,2.348671370283315,0.7516537263719518,0.8799661120950459,5.850326867796621,1.872301100235589,2.1919155883094783,0.22703318057201893,-0.010032101211066125,0.051350631325779994,0.4366022703308056,-0.019292502328973338,0.09875121408803844,1.2548715046038443,-0.012652356688355848,0.06281192623610288,2.4132144319304696,-0.024331455169915195,0.12079216583865904,0.7105775847394631,0.28121445263684314,0.41360232803338687,1.5560093096484593,0.6157980714675397,0.9056985285402632,2.0351664002972187,0.49888759502548496,0.6893844003406713,4.456568759774932,1.0924545876470475,1.5096008766584044,0.05025125628140703,-0.004748743718593018,-0.004748743718593018,0.035175879396984966,-0.00482412060301507,-0.00482412060301507,0.02010050251256279,-0.004899497487437232,-0.004899497487437232,0.20243902439024386,0.06723804996880656,0.08709200581741883,0.2102689486552567,0.11557788944723613,0.02785859120162204,0.03711378260249487,0.06565656565656564,0.19397993311036787,0.06543235381153645,0.09275635135285953,0.19463087248322153,11.0,-2.0,-2.0,11.0,-1.0,-1.0,14.0,-4.0,-4.0,0.0002021060684185513,-0.0010933489690830706,0.0001247561850728674,-0.15851180474538218,-0.17177032459271802,-0.16858374222235817,0.06097560975609756,0.12103379457287645,0.3878048780487805,-2.449275016784668
30,1,test,2.6570567456410843,1.268577235418381,1.725724433469158,5.361560933168617,2.559807635754948,3.4822653746788372,14.254273345327174,10.245523192203041,11.716385159835287,28.76308728610662,20.674002155695426,23.641991483239064,3.2693818500809533,1.5773663729955658,2.137310740314314,5.636865258760265,2.7195971948199418,3.6850185177833,26.295080016849234,20.864665457777342,23.193005428324366,45.336344856636615,35.97356113409887,39.987940393662704,2.8381328857846704,1.3546627138490164,1.8381765565644108,5.676265771569341,2.7093254276980328,3.6763531131288216,17.083838263213913,12.675621824725523,14.365675141649842,34.167676526427826,25.351243649451046,28.731350283299683,0.6432160804020101,-0.001783919597989958,-0.001783919597989958,0.5226130653266332,-0.002386934673366814,-0.002386934673366814,0.42211055276381915,-0.0028894472361808976,-0.0028894472361808976,0.3875739644970414,0.11726377247340769,0.19072357079625402,0.2967359050445104,0.40703517587939697,0.11129582750846967,0.1916762443268093,0.3535353535353535,0.3846153846153846,0.10247848979067675,0.17549413878668607,0.3120805369127517,26.0,0.0,0.0,31.0,0.0,0.0,43.0,0.0,0.0,0.001155821373126734,0.0006153261854387071,0.0009054552313990064,-0.013124024603063056,-0.01891011202935644,-0.020843277773399116,0.07396449704142012,0.12456885291424341,0.7544378698224852,-1.539541244506836
36,1,test,2.351524155284026,1.140964577672709,1.2163319734937785,5.587780170971943,2.711202956846041,2.8902937984010575,10.501563546667448,7.1462018340555495,7.3897920354036,24.95421040792265,16.981073665082494,17.559901866305584,2.6513190980689223,1.232274705882184,1.7010380159662695,5.250136827859252,2.440147932439968,3.3683921108242956,14.172721529989829,10.03955266597627,11.586284971811748,28.06479510889075,19.880302308863904,22.943138558043064,2.391193829553754,1.0963154921777887,1.5238631986674904,5.434531430803986,2.491626118585883,3.463325451517023,10.926530574855715,7.275978763445448,8.54598277099861,24.83302403376299,16.536315371466927,19.422688115905935,0.5778894472361809,-0.002110552763819218,-0.002110552763819218,0.44221105527638194,-0.0027889447236180143,-0.0027889447236180143,0.3467336683417085,-0.003266331658291488,-0.003266331658291488,0.37160751565762007,0.13490261471914244,0.14189099561851937,0.32008368200836823,0.37688442211055273,0.10620773038122944,0.17154218504878316,0.28787878787878785,0.34782608695652173,0.10909486825869197,0.15316535280746724,0.27181208053691275,23.0,-5.0,-5.0,33.0,-5.0,-5.0,37.0,-1.0,-1.0,0.0004950079382035508,0.0006386691592670271,3.0149360028704995e-05,-0.01944891207907684,-0.026686196821281705,-0.023183419767232927,0.07515657620041753,0.14397365761217804,0.025052192066805846,-1.261829137802124
145,1,test,2.2110118740576925,1.0422964517698625,1.0467239799275239,6.5942459401720654,3.108603452646958,3.1218083611873517,9.124945018291521,5.907088622463877,5.92130427893161,27.2147483001677,17.617632733664195,17.660030305585508,2.1613933699300745,0.9077785661914213,1.317712451370403,6.650441138246383,2.7931648190505274,4.054499850370471,8.68322818226632,5.180245488713438,6.3583191356024225,26.717625176204063,15.939216888349039,19.564058878776684,2.3510736871641624,1.0505671028101122,1.4798571372624996,6.653982133483479,2.973303121160695,4.18827491678066,10.496833992417637,6.825678045615097,8.107017575706273,29.708020733257463,19.317956732872922,22.944389365206437,0.39698492462311563,-0.0030150753768843908,-0.0030150753768843908,0.31155778894472363,-0.003442211055276312,-0.003442211055276312,0.27135678391959794,-0.0036432160804020786,-0.0036432160804020786,0.343811394891945,0.10926772462697931,0.10822977221354813,0.3169291338582677,0.3065326633165829,0.09099381619878844,0.13290995880907042,0.24242424242424243,0.3377926421404682,0.10573921976985057,0.15314303146193653,0.30536912751677847,19.0,1.0,1.0,28.0,1.0,1.0,34.0,1.0,1.0,0.0006472004333987427,-4.3001384516602285e-05,0.00016811195636314244,-0.0582904220026359,-0.05771755563044412,-0.054749868677594904,0.0550098231827112,0.13230381787722043,0.007858546168958742,-1.5447371006011963
160,1,test,1.3384125416021913,0.633967463472147,0.6948119990905868,5.883964569685105,2.787064509226609,3.0545508639265417,3.81298574217781,1.7902618224900597,1.9096641951771998,16.762748640140185,7.870396313965735,8.395316178797879,1.6558531935637044,0.696798149091033,1.0100067177671912,4.799574474097694,2.019704779974009,2.9275557036730175,5.23754665750998,2.628316955426965,3.329945573316473,15.181294659449218,7.618310015730334,9.652016154540501,1.4495518568593833,0.6416827645855849,0.905048170795623,5.176970917354939,2.2917241592342315,3.232314895698653,4.261204457662732,2.018081455492008,2.5374518100869063,15.21858734879547,7.207433769614315,9.062327893167522,0.35678391959798994,-0.0032160804020100464,-0.0032160804020100464,0.27638190954773867,-0.0036180904522613577,-0.0036180904522613577,0.1959798994974874,-0.004020100502512558,-0.004020100502512558,0.27311827956989243,0.07762955776538116,0.09423264907135875,0.24784482758620685,0.29648241206030146,0.10099369025579019,0.13621530020721295,0.2777777777777778,0.28428093645484953,0.09229429204750395,0.13188939029244684,0.25503355704697983,17.0,-6.0,-6.0,27.0,-12.0,-12.0,31.0,-10.0,-10.0,-0.0003774733342624402,0.0006881780142989082,8.72876841467569e-05,-0.13372973004715583,-0.1490706665227588,-0.1528269339056596,0.060215053763440864,0.06326532698522003,0.14838709677419354,-0.6353898048400879
253,1,test,2.4193542470936866,1.1345510702609842,1.3759038965452208,4.724588010833897,2.2155855806039972,2.686906665894912,11.238599612784407,7.62464303595266,8.399603947770482,21.947076602324262,14.889633098511325,16.403000162155557,1.8588214381815726,0.784036889393781,1.130188229451492,3.3492278165433738,1.4126790799887945,2.0363751882008865,6.416170460097327,3.486808762086691,4.343924117116804,11.560667495670858,6.282538310066109,7.826890301111357,2.2609171365138665,1.0290280475788598,1.4322845915606992,4.265881389648804,1.9415623539223765,2.7024237576616956,9.591882199344132,6.164183547750103,7.301697326165795,18.097890942158738,11.63053499575491,13.776787407859988,0.44723618090452266,-0.0027638190954772934,-0.0027638190954772934,0.3668341708542714,-0.0031658291457286047,-0.0031658291457286047,0.27135678391959794,-0.0036432160804020786,-0.0036432160804020786,0.3946731234866828,0.12018702916987511,0.16104653502138466,0.4150485436893204,0.38190954773869346,0.13128298132265337,0.18324510700413588,0.3282828282828283,0.3946488294314381,0.12085918001574525,0.1899769718118608,0.40604026845637586,15.0,-1.0,-1.0,24.0,-6.0,-6.0,30.0,-4.0,-4.0,0.0003008651353784525,-0.0008140660149266295,0.00014838037081119874,-0.0715613253485694,-0.05616287671896014,-0.06548952644499817,0.06053268765133172,0.24576319355187065,0.36803874092009686,-1.3229916095733643
88,1,test,0.6922180442731728,0.2849143741860803,0.4071474503015993,1.1829042528718776,0.48687899386228906,0.6957583011483026,1.9981425904533838,0.4953822106979371,0.6682866858355789,3.4145474646988205,0.8465392208129305,1.1420088935164956,0.16855739092327746,-0.030705169792178633,0.02384675564748026,0.2983316653509336,-0.05434543326049318,0.04220664716368189,1.1835961525716636,-0.0369062272403744,0.02789105098100797,2.094860447029493,-0.0653207561776541,0.04936469200178406,0.6922180442731728,0.2849143741860803,0.4071474503015993,1.1829042528718776,0.48687899386228906,0.6957583011483026,1.9981425904533838,0.4953822106979371,0.6682866858355789,3.4145474646988205,0.8465392208129305,1.1420088935164956,0.05025125628140703,-0.004748743718593018,-0.004748743718593018,0.025125628140703515,-0.004874371859296511,-0.004874371859296511,0.015075376884422065,-0.004924623115577953,-0.004924623115577953,0.14869888475836435,0.044802780862260416,0.06340840268172654,0.17537313432835822,0.11557788944723613,0.02785859120162204,0.03878323168429787,0.0757575757575758,0.14869888475836435,0.044802780862260416,0.06340840268172654,0.17537313432835822,12.0,-3.0,-3.0,13.0,-4.0,-4.0,14.0,-5.0,-5.0,-0.0012952755848990452,-0.0010399591254318685,-2.676255920970929e-05,-0.09847113636892413,-0.09028897066094999,-0.09674630549248264,0.7397769516728625,0.06497780614214645,0.828996282527881,-2.769261121749878
67,1,test,1.45894273517483,0.697325909456921,0.7683234196734503,3.377452431929732,1.6143094803927722,1.7786687165440376,4.301409394569325,2.159673157719245,2.3064587399657395,9.957762748427989,4.999643360120053,5.339451983020687,1.2010020052249495,0.48028132019898406,0.7112201614101805,2.183640009499908,0.8732387639981527,1.293127566200328,3.323445364520118,1.2675310209734278,1.691485205604504,6.042627935491123,2.304601856315323,3.0754276465536434,1.525882106290566,0.6977229365523078,0.9664231188334637,3.135374191008012,1.4336772668883033,1.9858009291098566,4.599198762648057,2.3100977496697244,2.8494731419731507,9.450408416400117,4.746776197951489,5.855081798574968,0.25125628140703515,-0.003743718592964851,-0.003743718592964851,0.21105527638190957,-0.0039447236180903955,-0.0039447236180903955,0.16582914572864327,-0.004170854271356772,-0.004170854271356772,0.2683982683982684,0.10191178191178196,0.11297304845691947,0.2928416485900217,0.24120603015075381,0.09333635596529011,0.1176667980973315,0.28787878787878785,0.2642140468227425,0.10561638405145701,0.1451929122287492,0.30536912751677847,17.0,-8.0,-8.0,24.0,-15.0,-15.0,27.0,-15.0,-15.0,-0.0001458490032233012,-0.0009135438882042363,0.00012467899287063665,-0.2137695325480804,-0.20031989008379636,-0.20505768923576007,0.27705627705627706,0.02706470263610712,0.05194805194805195,-1.8614047765731812
68,1,test,1.0105058039340107,0.3961961844138714,0.5203044293825876,2.1147698783361255,0.8291528395465557,1.0888845274707761,2.7469901020847725,0.8986100286421677,1.1143451420839905,5.74885557446607,1.8805962455088663,2.332083132402578,0.2003282954989085,0.03586856222339346,0.07272075521969101,0.3514531499980851,0.06292730214630432,0.12758027231524738,1.221803805015365,0.04304770106666633,0.08569676607526788,2.1435154473953775,0.07552228257309901,0.15034520364082105,0.42836480590804843,0.12720505005902216,0.2081857716385449,0.9114144806554222,0.27064904267877055,0.44294845029477636,1.5347458632136894,0.18332064083645006,0.28844602221749405,3.265416730241893,0.3900439166732981,0.6137149408882854,0.05025125628140703,-0.004748743718593018,-0.004748743718593018,0.03015075376884424,-0.0048492462311557905,-0.0048492462311557905,0.025125628140703515,-0.004874371859296511,-0.004874371859296511,0.19506172839506175,0.05572757303131326,0.07091705586329244,0.22524752475247523,0.07537688442211055,0.020239039810581727,0.026962861049823372,0.030303030303030276,0.12374581939799334,0.016901078162601002,0.030308667006447187,0.12080536912751683,11.0,0.0,0.0,13.0,0.0,0.0,16.0,0.0,0.0,-0.00018786712463807447,-0.0015097757076605381,-0.00014759250908504234,-0.09927596556868856,-0.11010838111960464,-0.10577950373554401,0.06172839506172839,0.14694143501183551,0.745679012345679,-2.2745471000671387
40,1,test,2.255248341044303,1.0877586169391629,1.3212154527232451,6.782327731522941,3.271274075942042,3.973361177675054,9.537661608905859,6.3237469176511905,6.992910400223767,28.683114691488946,19.01773889205395,21.030149659496477,2.705870778940445,1.2517459145248666,1.7337734707366006,6.442549473667727,2.9803474155353973,4.128032073182383,14.967344265814823,10.686608663970656,12.323861418081233,35.63653396622577,25.44430634278727,29.3425271859077,2.528267357082972,1.191298618677554,1.6350869712729825,6.653335150218347,3.1349963649409314,4.3028604507183745,12.531774225434397,8.72428971195896,10.08888759379936,32.97835322482736,22.958657136734104,26.549704194208836,0.5477386934673367,-0.002261306532663321,-0.002261306532663321,0.4371859296482412,-0.002814070351758735,-0.002814070351758735,0.3417085427135679,-0.003291457286432098,-0.003291457286432098,0.3431372549019608,0.11914704682362542,0.14958886780518654,0.29729729729729726,0.371859296482412,0.11120766740973032,0.17820320299326342,0.31818181818181823,0.3745819397993311,0.12416457752888033,0.19215702322536,0.33221476510067116,23.0,-1.0,-1.0,34.0,-1.0,-1.0,40.0,2.0,2.0,0.0007024023341234933,0.00113348652567544,0.00026428776258600545,-0.06389675481865709,-0.06907481798370707,-0.06668712691762124,0.07107843137254902,0.13949053052404112,0.21568627450980393,-1.1255292892456055
87,1,test,1.870232173992429,0.8711799819437465,1.0777797542289758,5.449237629258516,2.5383301632173905,3.140293528508886,6.48980298785437,3.774096347941387,4.280996277223415,18.909138202021726,10.996467776375985,12.47340641924808,2.266465976267024,1.026466069439888,1.435050122034299,4.44405093385691,2.0126785675291923,2.8138237686947045,9.645253955318797,6.18964081252551,7.348685910281073,18.912262657487837,12.136550612795117,14.409188059374653,2.043303952345071,0.9202078838801602,1.29027787347442,4.90392948562817,2.2084989213123842,3.096666896338608,7.71606062717724,4.641702720970015,5.592644698913741,18.518545505225376,11.140086530328036,13.422347277392978,0.4723618090452262,-0.0026381909547738003,-0.0026381909547738003,0.36180904522613067,-0.0031909547738693256,-0.0031909547738693256,0.27638190954773867,-0.0036180904522613577,-0.0036180904522613577,0.32920792079207917,0.10300272919751796,0.1415246363346011,0.2853598014888338,0.3266331658291457,0.08603166206974722,0.1396548686672091,0.303030303030303,0.3377926421404682,0.10573921976985057,0.1687158901938609,0.2953020134228188,13.0,0.0,0.0,19.0,0.0,0.0,25.0,0.0,0.0,0.00021238518130540376,0.0009109971271395793,0.00011527970282842109,-0.06135360263647449,-0.07167745304582507,-0.06615306070278315,0.07178217821782178,0.1525210257796091,0.48267326732673266,-1.059790015220642
227,1,test,2.7841896636694243,1.3533044808767407,1.6344948861934812,5.868215137272479,2.852349444309438,3.445012298592414,16.186695893116486,12.004296150982693,13.029466787943166,34.11657442087629,25.301362656686603,27.462106922280213,2.253978164747555,1.0515362346971626,1.450046090727735,4.50795632949511,2.1030724693943252,2.90009218145547,9.525554787730178,6.197320464680992,7.291245640226919,19.051109575460355,12.394640929361984,14.582491280453837,2.723910118967364,1.3098528129631073,1.7786060136357915,5.376138392698745,2.5852358150587644,3.5104066058601147,15.239795308497722,11.127187601071054,12.666199404664807,30.078543372034975,21.961554475798128,24.99907777236475,0.5125628140703518,-0.0024371859296482556,-0.0024371859296482556,0.4120603015075377,-0.0029396984924623393,-0.0029396984924623393,0.29145728643216084,-0.0035427135678391952,-0.0035427135678391952,0.3804878048780488,0.09303348088292085,0.1341534940276089,0.37897310513447435,0.38190954773869346,0.11624538733769096,0.19493125057675686,0.2828282828282829,0.36789297658862874,0.07907828543670892,0.15765938370764987,0.35906040268456374,20.0,0.0,0.0,28.0,0.0,0.0,36.0,0.0,0.0,0.0008556250824661716,-0.0005959909162653671,0.0001335666099109127,-0.0232470778073548,-0.017507646650940067,-0.017444836592907187,0.06341463414634146,0.19556596319295225,0.43658536585365854,-1.063561201095581
187,1,test,0.8614289458646996,0.33709105257831173,0.3442667011271121,1.9538774726658414,0.7645837965298978,0.7808594721019497,2.3665399362089845,0.6771999815280996,0.6892787031639784,5.367742855310379,1.5360126853750988,1.5634094221764787,0.21026148817701548,-1.7270176573797036e-05,0.03823866147667185,0.3754669431732419,-3.0839601024623686e-05,0.06828332406548548,1.2340006943643684,-2.1311593910944282e-05,0.04629575007503206,2.2035726685078005,-3.805641769805135e-05,0.08267098227684277,0.5103842836487356,0.13777945553510673,0.22314062064523932,1.1015488136303646,0.2973657313707341,0.4815984618242576,1.665931262098281,0.2144206318088402,0.3331823465794874,3.5955350980538436,0.4627783420334679,0.7190985897399007,0.04020100502512558,-0.00479899497487446,-0.00479899497487446,0.035175879396984966,-0.00482412060301507,-0.00482412060301507,0.02010050251256279,-0.004899497487437232,-0.004899497487437232,0.19678714859437751,0.04031774036970348,0.04233944575957793,0.2334004024144869,0.08040201005025127,0.012732837117920393,0.02030184310534311,0.06565656565656564,0.13377926421404684,0.02359562481504851,0.03478037656109911,0.13758389261744963,12.0,-2.0,-2.0,13.0,-1.0,-1.0,14.0,-2.0,-2.0,-0.0012802207843374321,-0.0006029034540562842,-0.0010423889389855293,-0.1926906638471042,-0.19697083504486557,-0.200180700956607,0.050200803212851405,0.0535867525519606,0.7389558232931727,-2.0222206115722656
43,1,test,1.2420194729622591,0.5279865838372579,0.545240561075287,2.9058568801381157,1.2352893659588677,1.2756571617610488,3.462599033932728,1.4203883511857898,1.4553223658248617,8.101175098257704,3.3231727461705276,3.4049051577789218,0.7554739403440297,0.2733110714107393,0.4173645654129739,1.2487172567669913,0.45175383704254435,0.6898587858065685,2.1286201232818573,0.5090465812442253,0.7263262524685243,3.5183803690609214,0.8413993078416948,1.200539260278553,1.0641401176162086,0.38763653487579264,0.5841907984356641,2.0078115426720915,0.7313896884448916,1.1022467895012529,2.898345675848559,0.9313573925766798,1.2823531755552244,5.468576746884073,1.757278099201283,2.4195342935004236,0.13567839195979903,-0.004321608040200986,-0.004321608040200986,0.11557788944723613,-0.004422110552763869,-0.004422110552763869,0.085427135678392,-0.004572864321607972,-0.004572864321607972,0.2585858585858586,0.08805104526597962,0.08849788204626918,0.2651821862348178,0.14572864321608037,0.020415360008060324,0.042222800144294026,0.1262626262626263,0.21070234113712372,0.04709633112042921,0.07833304191576662,0.21812080536912748,15.0,0.0,0.0,18.0,0.0,0.0,19.0,0.0,0.0,-6.663385872177682e-06,-0.00037977025328011073,-0.0005289714443793661,-0.13272553110394636,-0.12902842904053546,-0.12560911815198494,0.05858585858585859,0.14036851105884263,0.21616161616161617,-1.4611058235168457
168,1,test,1.195919482681533,0.506623178307637,0.7174376105995457,4.285378146275493,1.8153997222690323,2.570818104648372,3.3065967315810254,1.3142836737226111,1.692973875704392,11.848638288165342,4.709516497506024,6.066489721274071,1.6276755227338264,0.607944038314443,0.9318161766311213,3.7417828108823596,1.3975725018722827,2.1421061531749914,5.092024655720581,2.319574437792913,3.0865929621385315,11.70580380625421,5.332355029408995,7.095616004916164,1.3382827473483028,0.5583350200988237,0.8116612901506487,4.168193140178568,1.738980948016128,2.5279867266150413,3.812490870654752,1.6311326337317338,2.1192887921945625,11.874320524226778,5.080298515476962,6.600701550689314,0.36180904522613067,-0.0031909547738693256,-0.0031909547738693256,0.24623115577889443,-0.0037688442211055717,-0.0037688442211055717,0.1758793969849246,-0.004120603015075441,-0.004120603015075441,0.2274052478134111,0.057099570957515944,0.09250788710959879,0.16081871345029242,0.2864321608040201,0.0834246420070276,0.12449559986912861,0.202020202020202,0.24832214765100669,0.06741762503794135,0.10658107622243529,0.17508417508417506,18.0,-9.0,-9.0,24.0,-15.0,-15.0,31.0,-19.0,-19.0,0.001420956513750035,0.00018096415230381397,0.0007486547553560696,-0.1506674611618477,-0.14725982178656594,-0.16435575600138197,0.10204081632653061,0.08144798862473752,0.5014577259475219,-1.8253324031829834
136,1,test,0.09461890843362876,-0.09926940458365403,-0.07363051920821197,0.18503253204798514,-0.1941268356302568,-0.14398857089605893,1.099239864252544,-0.11472082752514323,-0.08399184028526441,2.149624623427197,-0.22434295160472484,-0.16425070989118407,0.12475686374234686,-0.10020764490524527,-0.08685240127524625,0.24951372748469372,-0.20041528981049053,-0.1737048025504925,1.1328729770830392,-0.11940529327070237,-0.10279199612476053,2.2657459541660785,-0.23881058654140475,-0.20558399224952106,0.09461890843362876,-0.09926940458365403,-0.07363051920821197,0.18503253204798514,-0.1941268356302568,-0.14398857089605893,1.099239864252544,-0.11472082752514323,-0.08399184028526441,2.149624623427197,-0.22434295160472484,-0.16425070989118407,0.025125628140703515,-0.004874371859296511,-0.004874371859296511,0.02010050251256279,-0.004899497487437232,-0.004899497487437232,0.015075376884422065,-0.004924623115577953,-0.004924623115577953,0.06463878326996197,0.015302919892352884,0.019126773156181942,0.007633587786259555,0.08040201005025127,0.030276696767043254,0.033657435759767096,0.010101010101010055,0.06463878326996197,0.015302919892352884,0.019126773156181942,0.007633587786259555,11.0,-2.0,-2.0,11.0,-1.0,-1.0,13.0,-3.0,-3.0,0.00012364793194762747,2.8735844181891754e-05,0.00011006840515308605,-0.022909346078722137,-0.01829094050882113,-0.020679047149822327,0.09505703422053231,0.1474217744728923,0.0076045627376425855,-2.069364547729492
217,1,test,1.105078315442374,0.4351462454490359,0.518130681335656,5.094992654355367,2.0062532158597657,2.3888551413159718,3.019460929965629,1.0653563561751012,1.2209705519991019,13.92130407710469,4.911853515838887,5.629316860795859,1.2609459703762513,0.5122925632484224,0.7479317293512111,4.670170260652783,1.897379863883046,2.7701175161155964,3.528758009532985,1.4146068115231714,1.8584396528162817,13.069474109381424,5.239284487122856,6.883109825245487,1.2195772831801577,0.4623870924111736,0.697063083824357,4.814120854658516,1.8252122068862109,2.7515648045698295,3.3857562149791898,1.253479709770159,1.6994942917736036,13.364827164391537,4.9479462227769435,6.708530099106329,0.26633165829145733,-0.0036683417085426884,-0.0036683417085426884,0.20603015075376885,-0.003969849246231116,-0.003969849246231116,0.16080402010050254,-0.004195979899497493,-0.004195979899497493,0.24942791762013727,0.06999934619156589,0.08716007793294278,0.2018348623853211,0.2562814070351759,0.08334907620810816,0.11437823508192047,0.16666666666666663,0.2675585284280937,0.0872580275933692,0.11850402342253197,0.2046979865771812,15.0,0.0,0.0,22.0,-3.0,-3.0,27.0,-1.0,-1.0,0.000757695015791187,0.0007270879277853345,0.00012621089394774853,-0.2133155782628844,-0.22513849816616105,-0.21757044320692387,0.057208237986270026,0.14744706767585264,0.08466819221967964,-0.5465121269226074
188,1,test,1.2434189736292167,0.551888000191988,0.594397761276803,3.1578894568361062,1.4016203179479063,1.5095816159410873,3.467448336099444,1.4706781396260904,1.5537814975184792,8.806217996443033,3.7350555927011824,3.9461117397294716,0.6353153835954154,0.13238428106998457,0.2898404683322466,1.086009202727206,0.22629791635894803,0.4954537920209344,1.8876173711442448,0.23405644005838555,0.47495671665379935,3.226696360930333,0.40009647873228316,0.811891823339828,0.9680885506559799,0.40805460257957593,0.5859667130371757,2.016851147199958,0.8501137553741163,1.2207639854941161,2.6329069781266137,0.8821750448579024,1.1675163641666155,5.485222871097112,1.837864676787297,2.432325758680449,0.14070351758793975,-0.004296482412060265,-0.004296482412060265,0.10552763819095479,-0.0044723618090452,-0.0044723618090452,0.08040201005025127,-0.004597989949748693,-0.004597989949748693,0.2359081419624217,0.0669821774160192,0.07461781938177658,0.2677824267782427,0.1507537688442211,0.040478079621163454,0.06561186567226784,0.14646464646464652,0.22742474916387956,0.08385212812882115,0.1117406557267272,0.23154362416107388,14.0,-5.0,-5.0,19.0,-8.0,-8.0,22.0,-8.0,-8.0,-0.0002219765793748428,-0.0006435754010180857,-0.0006821308321869164,-0.14955598648802493,-0.1457803031898699,-0.15625131167674589,0.05219206680584551,0.18116533044878325,0.2797494780793319,-1.7020785808563232
176,1,test,1.4859502468616828,0.6509113734694496,0.7728299224053239,3.077536767196945,1.3480960673277227,1.600600360621453,4.419162713726699,2.1142590677576916,2.378814830203107,9.15248391421122,4.378820912844129,4.926739719425393,0.6870582210129548,0.2655249271084063,0.4008205783111239,1.073528470332742,0.414882698606885,0.6262821536111312,1.9878590811985322,0.4635621212306271,0.6564502639497167,3.1060298143727065,0.7243158144228548,1.0257035374214323,1.0193041368723785,0.41782944568943137,0.6026360715889552,1.9728467165271841,0.8087021529472864,1.1663923966237841,2.7712656712524293,0.946457826064701,1.2543667533054548,5.363740008875669,1.831853856899421,2.42780661930088,0.13567839195979903,-0.004321608040200986,-0.004321608040200986,0.11055276381909551,-0.004447236180904479,-0.004447236180904479,0.09547738693467334,-0.004522613065326642,-0.004522613065326642,0.27064220183486243,0.08622066689786356,0.10446429372147048,0.27356321839080455,0.13567839195979903,0.04294656238586414,0.04886703970604278,0.07070707070707072,0.20735785953177255,0.06211578941491114,0.08277498967637764,0.1778523489932886,14.0,0.0,0.0,15.0,0.0,0.0,20.0,0.0,0.0,0.00026579617945777774,-0.0012345637453112029,-0.00029560622762814606,-0.08552686584187086,-0.08860742115118558,-0.09144402692641584,0.0871559633027523,0.17620553441058645,0.5137614678899083,-2.075983762741089
81,1,test,1.1479183326480005,0.4970690044048435,0.6637617803885203,2.3083140384769574,0.9995409327706091,1.3347383627377853,3.1516254406328996,1.2344569976005653,1.528819760970108,6.337507679533548,2.482332006044615,3.074257128037717,0.5556645076199013,0.16597050619550496,0.28157708503007184,0.9338899287729433,0.27894202721933603,0.4732387983698686,1.7430989025118475,0.2665699935067365,0.4277691157628807,2.92957798741487,0.44801679580964127,0.7189396903577827,0.8665732785648069,0.36050408760166486,0.5149640821935904,1.7103419971673819,0.7115212255296016,1.016376478013665,2.3787455729995206,0.7199874711489975,0.9573926277237037,4.694892578288527,1.4210279035835471,1.8895907126125726,0.13567839195979903,-0.004321608040200986,-0.004321608040200986,0.11055276381909551,-0.004447236180904479,-0.004447236180904479,0.06030150753768848,-0.0046984924623114654,-0.0046984924623114654,0.2520325203252033,0.06529368405998004,0.09171971485110753,0.25,0.19095477386934678,0.04559136534804353,0.07242388906133346,0.08585858585858586,0.19732441471571904,0.04540454827164564,0.07830328012172572,0.1610738255033557,12.0,-2.0,-2.0,17.0,-5.0,-5.0,20.0,-6.0,-6.0,-0.00011440201074953029,-0.0010237032469286695,-0.0001328018532280678,-0.11407771448397286,-0.12360796135137209,-0.12653953306618382,0.07046070460704607,0.1235996300943323,0.8536585365853658,-2.3760695457458496
221,1,test,0.34327451902033246,0.057488646397291565,0.13056884331798643,0.6613755733125073,0.11076145872544851,0.2515626381259872,1.409555658657284,0.07874819622745388,0.1725351461920146,2.715743902346367,0.15172152473156109,0.33241771499661477,0.49625830774693547,0.05546652837039967,0.1700225627401415,0.9275856219568887,0.10367575396336381,0.31779918269185325,1.6425637899769068,0.08862668307627697,0.2568217778478292,3.07021269154562,0.16565735154444283,0.4800407062576246,0.34327451902033246,0.057488646397291565,0.13056884331798643,0.6613755733125073,0.11076145872544851,0.2515626381259872,1.409555658657284,0.07874819622745388,0.1725351461920146,2.715743902346367,0.15172152473156109,0.33241771499661477,0.11055276381909551,-0.004447236180904479,-0.004447236180904479,0.08040201005025127,-0.004597989949748693,-0.004597989949748693,0.05025125628140703,-0.004748743718593018,-0.004748743718593018,0.11111111111111116,0.03312150972462935,0.04760071850141134,0.06271777003484325,0.14572864321608037,0.042971750985503876,0.06392563820773312,0.09090909090909094,0.11111111111111116,0.03312150972462935,0.04760071850141134,0.06271777003484325,13.0,-4.0,-4.0,15.0,-6.0,-6.0,16.0,-3.0,-3.0,0.0010165860027085468,0.0005264636427955893,0.00018849405502635895,-0.08779081661863586,-0.08907704057751742,-0.0900166632214996,0.1076388888888889,0.1617610108827302,0.14583333333333334,-1.5475308895111084
84,1,test,0.6516940819641528,0.2337379204898667,0.3452418870023142,1.4871993152515282,0.533401921117901,0.7878596908514349,1.9187886624552044,0.3999345738364848,0.5601921442887914,4.378774127141364,0.9126712069601837,1.2783872010692936,0.583540729382073,0.19190371414938046,0.2898024647393727,1.0237556655825844,0.33667318271821134,0.5084253767357416,1.792373518296191,0.312972904254728,0.45094076096295477,3.144514944379283,0.5490752706223296,0.7911241420402715,0.6740161676360849,0.23490044564586188,0.3617419204893896,1.3849647280193524,0.4826721485873875,0.7433053160740882,1.9621016469720602,0.4107668464207348,0.5955722385361057,4.031715712956288,0.8440414652480852,1.2237785723344636,0.12562814070351758,-0.004371859296482428,-0.004371859296482428,0.09045226130653261,-0.0045477386934673625,-0.0045477386934673625,0.06030150753768848,-0.0046984924623114654,-0.0046984924623114654,0.21971830985915497,0.06360016639923938,0.08286591494224393,0.2005649717514124,0.18090452261306533,0.045566176748403686,0.069051434132264,0.14141414141414144,0.22073578595317722,0.06213812318189171,0.07835536326129733,0.20134228187919467,15.0,-2.0,-2.0,16.0,0.0,0.0,19.0,-2.0,-2.0,-9.644699308927602e-05,4.401288272478907e-06,-4.335175893054229e-05,-0.21044344705586493,-0.22315403706636294,-0.21746277290336335,0.10422535211267606,0.08310752016300281,0.0028169014084507044,-2.436434507369995
259,1,test,1.6810690719403376,0.7554183009303561,0.9576331461192059,4.240632304055948,1.905603584927543,2.4157068395652224,5.371295203734664,2.8477852504965537,3.3097909721793295,13.549525320388733,7.183767954478404,8.349214645949148,1.7920300004186251,0.74567490613257,1.0838831599202703,3.446211539266587,1.4339902041010961,2.084390692154366,6.001623406724597,3.1543691981621635,3.971397967894968,11.541583474470377,6.066094611850313,7.637303784413398,1.7629309712662011,0.7893118700715517,1.103955724278571,3.8324586331873935,1.7158953697207644,2.3999037484316754,5.8294984719424665,3.181989728026534,3.8966878062795027,12.672822765092318,6.917368973970726,8.4710604484337,0.4321608040201005,-0.002839195979899567,-0.002839195979899567,0.321608040201005,-0.0033919597989949812,-0.0033919597989949812,0.2160804020100503,-0.003919597989949675,-0.003919597989949675,0.3128205128205128,0.0913096293377984,0.12024964283028794,0.29048843187660667,0.3266331658291457,0.08853792773390756,0.1413243177490121,0.297979797979798,0.3311036789297659,0.09070301115013313,0.1464540682512342,0.3087248322147651,21.0,0.0,0.0,26.0,0.0,0.0,36.0,0.0,0.0,0.00021791238337194336,0.00014896214237009438,0.00014007039359263928,-0.0997940732326974,-0.09991977567469323,-0.10093481529658366,0.07692307692307693,0.06551048466274875,0.038461538461538464,-2.255204200744629
124,1,test,0.9696203443049651,0.4157554100059394,0.530331698228623,2.111270104535005,0.9052738766258359,1.1547545042074856,2.6369431388075246,0.8969782497869692,1.0853400519076317,5.741731028048642,1.9530978019554972,2.363240435605327,0.6899009506760413,0.18988198553298075,0.341507994425228,1.243064775992867,0.3421297036630283,0.6153297196850954,1.9935180668469665,0.34476552761556745,0.5767291904340017,3.5919244447693086,0.6211991488568782,1.0391516944756787,0.7339074880048254,0.26127503608850744,0.3972905857096133,1.4113605538554335,0.502451992477899,0.7640203571338717,2.0832048225567363,0.47899317286917165,0.683002275962721,4.006163120301416,0.9211407170560992,1.313465915312925,0.13567839195979903,-0.004321608040200986,-0.004321608040200986,0.10050251256281406,-0.004497487437185921,-0.004497487437185921,0.10050251256281406,-0.004497487437185921,-0.004497487437185921,0.20297029702970293,0.060819493568639915,0.08078065871103235,0.20099255583126552,0.17085427135678388,0.06308484779788659,0.08404291910302764,0.10606060606060608,0.17725752508361203,0.040362700375765614,0.07047220806470211,0.1476510067114094,12.0,-3.0,-3.0,16.0,-7.0,-7.0,20.0,-9.0,-9.0,0.0005676945686702429,-5.8062434146189165e-06,0.00010131808563066586,-0.1307210881225398,-0.16886166216484577,-0.14766635206111323,0.06188118811881188,0.07590077008941448,0.0024752475247524753,-1.9670194387435913
97,1,test,0.29509509175789134,0.06700721922671041,0.12199161713662096,0.7742593991667446,0.1758110207433491,0.32007701525945104,1.3432540850055583,0.08705837932666438,0.15426495608674884,3.5243795299650786,0.22842050021352556,0.40475458775236106,0.32341113048674364,-0.0180862575322272,0.06371960036751062,0.7793039288837197,-0.043581343451149834,0.15354120570484497,1.381833347954121,-0.02521957015160825,0.08530326346006323,3.329718910732822,-0.06077004855809198,0.20555003243388725,0.29509509175789134,0.06700721922671041,0.12199161713662096,0.7742593991667446,0.1758110207433491,0.32007701525945104,1.3432540850055583,0.08705837932666438,0.15426495608674884,3.5243795299650786,0.22842050021352556,0.40475458775236106,0.0653266331658291,-0.004673366834170856,-0.004673366834170856,0.04020100502512558,-0.00479899497487446,-0.00479899497487446,0.025125628140703515,-0.004874371859296511,-0.004874371859296511,0.10984848484848486,0.017220885604628533,0.0267250591557896,0.07984790874524716,0.12060301507537685,0.03037745116560242,0.0404694591488326,0.08080808080808077,0.10984848484848486,0.017220885604628533,0.0267250591557896,0.07984790874524716,12.0,-3.0,-3.0,12.0,-3.0,-3.0,14.0,-2.0,-2.0,-0.00019024469547981046,0.0001363054795007351,0.0001375444887458478,-0.12506946921373951,-0.11564285605098568,-0.12315091615726059,0.0946969696969697,0.07645514223137269,0.26136363636363635,-2.4823055267333984
167,1,test,1.543811592502401,0.6926687276916846,0.9525606727705231,3.027250664627613,1.358249851507158,1.867870369510914,4.682403715521118,2.3400814350031687,2.876157243388949,9.181696671217388,4.588651305509007,5.639839063852074,0.6562463490223142,0.19463443525031082,0.3304659277400855,1.1122819474954477,0.32988887330561156,0.5601117419323483,1.9275434127367095,0.3409139780409709,0.5424322181978753,3.26702273345205,0.5778203017643575,0.9193766410133479,1.4231506767799316,0.635468729343844,0.891945385376121,2.668407518962372,1.1915038675197078,1.6723975975802272,4.150175725250198,1.9518809724713866,2.449194473585739,7.78157948484412,3.659776823383849,4.592239637973261,0.1758793969849246,-0.004120603015075441,-0.004120603015075441,0.12562814070351758,-0.004371859296482428,-0.004371859296482428,0.085427135678392,-0.004572864321607972,-0.004572864321607972,0.3114285714285714,0.09459547585082528,0.14525066331517944,0.33810888252148996,0.1959798994974874,0.04811022531202369,0.07244066744406508,0.13636363636363635,0.2976588628762542,0.09732497305989363,0.14193027555701065,0.3120805369127517,15.0,-4.0,-4.0,19.0,-6.0,-6.0,22.0,-6.0,-6.0,-0.001082251077990218,-0.0005465198157454419,-0.0006930643628239371,-0.092192656517879,-0.09403140382103015,-0.08371265163590458,0.07714285714285714,0.08475068202230672,0.4714285714285714,-1.2929041385650635
225,1,test,1.1878110739220002,0.5299530344222911,0.6195412306527124,2.550300246950177,1.1378403386125664,1.3301914658131768,3.2798938987212254,1.3492413778344476,1.5146835813512045,7.04212513548969,2.8969006053504316,3.2521147481952335,0.4260090772587112,0.07839347282707354,0.15280434376914753,0.7745619586522021,0.14253358695831553,0.2778260795802683,1.5311346735757212,0.1154467126184695,0.2169654018304501,2.783881224683129,0.2099031138517624,0.3944825487826362,0.8168552033643385,0.312545309885384,0.45445244110379435,1.5708753910852662,0.6010486728565075,0.8739470021226814,2.263370792855291,0.6075283744309368,0.8265932876585866,4.352636140106329,1.168323796982571,1.589602476266513,0.09547738693467334,-0.004522613065326642,-0.004522613065326642,0.0653266331658291,-0.004673366834170856,-0.004673366834170856,0.06030150753768848,-0.0046984924623114654,-0.0046984924623114654,0.2745995423340961,0.10202811376266752,0.1211293566058459,0.2981651376146789,0.1306532663316583,0.015365045780279862,0.030486321423477958,0.12121212121212122,0.20735785953177255,0.06211578941491114,0.09167376609462019,0.22483221476510062,12.0,0.0,0.0,16.0,-2.0,-2.0,18.0,-1.0,-1.0,-0.0002205340769642605,-0.0006998664034572068,-0.00019316737328597939,-0.15372977013466738,-0.1655754011429602,-0.15138810155296456,0.057208237986270026,0.12830061329196102,0.39816933638443935,-2.1663990020751953
161,1,test,1.7917271802699335,0.8536491740875659,1.0559839957958057,5.154461525849012,2.4557878413968384,3.0378670023980785,5.9998062693789675,3.4447403941740387,3.9127738029633314,17.26031223872065,9.909869104978934,11.256313041858277,1.8818373288988148,0.8390518371492439,1.1771048957820882,5.534815673231808,2.467799521027188,3.4620732228884945,6.565556874427752,3.728448113329893,4.542251631415921,19.31046139537574,10.966023862734977,13.359563621811528,1.9985848266495558,0.9206917571907642,1.2746686479435574,5.4015806125663675,2.4883561005155794,3.4450503998474526,7.378606699254413,4.440124852110547,5.3161121865710586,19.94218026825517,12.000337438136615,14.367870774516376,0.37688442211055273,-0.003115577889447274,-0.003115577889447274,0.27638190954773867,-0.0036180904522613577,-0.0036180904522613577,0.21105527638190957,-0.0039447236180903955,-0.0039447236180903955,0.3005050505050505,0.0911733985504477,0.1196643857934181,0.260759493670886,0.2864321608040201,0.0884371733353484,0.12115670170552262,0.2525252525252525,0.30434782608695654,0.09232779269797486,0.1408328094017508,0.2919463087248322,15.0,1.0,1.0,21.0,1.0,1.0,29.0,1.0,1.0,0.0006446299229821448,0.0006101465353056495,0.0002353187097231507,-0.11366888321238022,-0.10745388630109165,-0.11147556275324622,0.09090909090909091,0.10398229938178036,0.1994949494949495,-1.0825015306472778
113,1,test,1.607335554948667,0.75387217387365,0.75387217387365,5.406492321190971,2.5357518575750047,2.5357518575750047,4.989499254600872,2.641735265790322,2.641735265790322,16.782861129112025,8.885836803112902,8.885836803112902,1.9739420710506073,0.8756219389686126,1.2397519851839829,3.832897225340985,1.7002367746963354,2.407285408124239,7.198999593713226,4.199875935450832,5.115205978736125,13.978639987792672,8.155098903788025,9.932438793662378,1.8001555080605054,0.8241643923473186,1.142510721318231,4.4631954745301785,2.043382790943765,2.8326712098799116,6.050588306509247,3.39679217948075,4.1203474586994275,15.00145861117995,8.421798792101033,10.215737500907672,0.48743718592964824,-0.002562814070351749,-0.002562814070351749,0.3517587939698492,-0.0032412060301507672,-0.0032412060301507672,0.26633165829145733,-0.0036683417085426884,-0.0036683417085426884,0.31528046421663447,0.10120421788232359,0.10120421788232359,0.2558139534883721,0.3517587939698492,0.09862596188964867,0.16144159864430663,0.2727272727272727,0.32441471571906355,0.0890223951848399,0.14310214619737283,0.261744966442953,20.0,0.0,0.0,30.0,0.0,0.0,35.0,0.0,0.0,0.0004541523002236553,0.0006422581138181726,0.0005078806420718871,-0.1331131093925011,-0.13565561427880812,-0.14685996727077644,0.048355899419729204,0.1640314597121731,0.14313346228239845,-2.2085928916931152
204,1,test,1.0967325363474847,0.4817295577929339,0.5576298156978737,4.23434127076768,1.8598949883483709,2.152935984085704,2.994366039921842,1.1447039310522282,1.2798982246787693,11.560856710654763,4.419552568584254,4.94152010223803,1.4644395840738853,0.5659035126438547,0.855275222270314,3.405673451334617,1.3160546805671038,1.9890121448146838,4.3251186955881495,1.8691136334104823,2.4862245891816706,10.058415571135232,4.3467758916522845,5.781917649259699,1.2905758024173601,0.5154814886462032,0.7607296921948601,3.65257302570951,1.4589098735269905,2.153008562815642,3.634878925371297,1.4640820718045897,1.9362080449516275,10.287393185013105,4.14362850510733,5.479834089485738,0.33668341708542715,-0.0033165829145728187,-0.0033165829145728187,0.2361809045226131,-0.0038190954773869024,-0.0038190954773869024,0.18592964824120606,-0.004070351758793889,-0.004070351758793889,0.23927765237020315,0.053257359247317004,0.06821215872406439,0.20588235294117652,0.2814070351758794,0.07589325071472652,0.1111232288319729,0.24747474747474751,0.27090301003344486,0.07891636562609927,0.10961268745279973,0.23154362416107388,17.0,-8.0,-8.0,25.0,-14.0,-14.0,30.0,-14.0,-14.0,0.0005212712886724284,0.000574469121425295,0.00010961919048774005,-0.21566314285892307,-0.23243213827768816,-0.23088384002600382,0.056433408577878104,0.17915781121743213,0.21218961625282168,-1.309757113456726
138,1,test,1.6839992166095117,0.7620785229310052,1.0660939779719043,3.084178340532027,1.3957168453680207,1.952509195611465,5.387056956573274,2.8729423570160955,3.5320188496992913,9.86618296540948,5.261680945995771,6.468753623606567,1.080664493413892,0.4460413041359005,0.6513527094367096,1.8472897323314394,0.7624637677536761,1.1134234349345464,2.946636921491084,1.0603256962590752,1.4104369992308858,5.03698619058305,1.8125225577078212,2.4110034174886943,1.6012049780461661,0.7315662384929031,1.0131521390337068,2.893743936228011,1.3221076599269332,1.8309978416271808,4.959004317005619,2.572955604224557,3.1585251398375576,8.962055994588468,4.649919766670886,5.70817796356185,0.24623115577889443,-0.0037688442211055717,-0.0037688442211055717,0.21105527638190957,-0.0039447236180903955,-0.0039447236180903955,0.14572864321608037,-0.004271356783919655,-0.004271356783919655,0.34461538461538466,0.12648942455394074,0.18289583497362416,0.3641975308641975,0.24120603015075381,0.0883238246369693,0.12768349258814948,0.23737373737373735,0.3311036789297659,0.12409199278619332,0.17203805045368137,0.3523489932885906,16.0,0.0,0.0,18.0,1.0,1.0,23.0,0.0,0.0,-0.0023820003084822064,5.7299680361590594e-05,-0.0009646719006683293,-0.015814540042862202,-0.01918243004260667,-0.02071213424273788,0.07692307692307693,0.18201662421416342,0.39384615384615385,-1.7347408533096313
191,1,test,1.2034822734805748,0.5140700443851018,0.7021825313298375,2.898181801443017,1.2379645966824904,1.6909701774881802,3.3316986314840813,1.3391546019017326,1.680833055033193,8.023274255410644,3.2249029188653964,4.047720418243199,0.806298891061414,0.253665622035639,0.423211114379046,1.6624719403328123,0.5230219011044104,0.8726002358330845,2.239603611512025,0.5017804576008216,0.7727968356616888,4.6177394051794325,1.0345988816511782,1.593395537446781,1.1888564683229261,0.5254325603146631,0.7288488106590747,2.6224775036535135,1.1590424124588157,1.6077547293950178,3.2833244742783942,1.3418962350272057,1.6992383589313746,7.242627516790576,2.960065224324719,3.7483199094074444,0.1959798994974874,-0.004020100502512558,-0.004020100502512558,0.14572864321608037,-0.004271356783919655,-0.004271356783919655,0.09547738693467334,-0.004522613065326642,-0.004522613065326642,0.26912181303116145,0.0838318554639762,0.11858417862255932,0.3039772727272727,0.20603015075376885,0.04061661691918239,0.062457529718710436,0.23232323232323238,0.2642140468227425,0.08391354598801803,0.11404719476490044,0.30536912751677847,11.0,0.0,0.0,18.0,-5.0,-5.0,24.0,-8.0,-8.0,-0.0007669135276640936,-0.00012748227426626524,-0.0005189593137882644,-0.18822255125800336,-0.17368654217677726,-0.17517225706092,0.0708215297450425,0.06651976692040074,0.29745042492917845,-1.8606723546981812
255,1,test,1.6534020479568248,0.7453185569431117,0.9256591523471972,5.479456373807328,2.4700226556544442,3.067680331332447,5.224724389072876,2.745158522594752,3.1543221731532474,17.314995702629943,9.09759146744211,10.453580094499603,2.018057868440132,0.8647195650578074,1.2267080243650132,4.339909394494907,1.8596119678662526,2.6380817728279853,7.52369872251021,4.354945189272872,5.317326046358424,16.17999725271013,9.365473525318006,11.43510977711489,1.8752143502317034,0.8308232547021472,1.1585915812108665,5.022895580977776,2.225419432237894,3.10337030681482,6.522217009233004,3.6805493166446763,4.474710391137711,17.47022413187412,9.858614241012527,11.985831404833156,0.42713567839195976,-0.002864321608040288,-0.002864321608040288,0.3316582914572864,-0.0033417085427135396,-0.0033417085427135396,0.2613065326633166,-0.003693467336683409,-0.003693467336683409,0.28500000000000003,0.08400124843945067,0.10709188660801572,0.26817042606516295,0.3266331658291457,0.09856299039054917,0.1480021140762242,0.3434343434343434,0.31438127090301005,0.09067509394140738,0.1408551307472815,0.31543624161073824,16.0,0.0,0.0,19.0,0.0,0.0,29.0,0.0,0.0,-1.6433641393693755e-05,0.000790322451741812,2.7541150280975374e-05,-0.09976593277378143,-0.11250297043140556,-0.10631529767526438,0.0625,0.07639224101654296,0.8275,-1.8812592029571533
241,1,test,2.058385560593515,0.9502247357001319,1.297238487593185,4.748009359769042,2.191851723681638,2.9922967780482805,7.833313186899414,4.80453038007472,5.692582800198014,18.068842417781315,11.082450076705687,13.130890992456754,1.8486008427873535,0.8007944416345065,1.1287517850931357,3.7726547811986806,1.6342743706826663,2.3035750716186447,6.350927357464786,3.4995379092929793,4.296804224304295,12.961076239724054,7.141914100597917,8.76898821286591,1.9431546233501609,0.8686369302038557,1.210787515304263,4.38305554139134,1.9593314215124567,2.7310996585810443,6.9807378708978565,4.052157785288811,4.900739505085259,15.746025272701932,9.140205530726643,11.054299635530658,0.39698492462311563,-0.0030150753768843908,-0.0030150753768843908,0.3065326633165829,-0.0034673366834171437,-0.0034673366834171437,0.25125628140703515,-0.003743718592964851,-0.003743718592964851,0.3536231884057971,0.11049728391954527,0.16789493816141787,0.375,0.31658291457286436,0.08851273913426783,0.14129076098354887,0.33333333333333337,0.3511705685618729,0.11410879894584613,0.17208269314474278,0.3691275167785235,21.0,0.0,0.0,26.0,0.0,0.0,34.0,0.0,0.0,-0.0009445495573991409,-0.0003396286131628419,-0.0003537679127935078,-0.08423719471187141,-0.08111895859394735,-0.07583428973760853,0.07246376811594203,0.15102712805303745,0.3826086956521739,-1.761030912399292
99,1,test,1.2132180604409115,0.5250631665014471,0.5962556815799124,3.5293616303735607,1.5274564843678462,1.7345619827779268,3.364293751687593,1.3742534434252722,1.511003861337625,9.787036368545726,3.9978281990553386,4.395647596618547,2.088128509875623,0.8741122573310365,1.2616431243175712,3.539200864195971,1.4815461988661633,2.1383781768094425,8.069798475197977,4.70281829880448,5.784525718550865,13.67762453423386,7.970878472549967,9.804280878899771,1.4442981583191727,0.6223974593835904,0.8855334347424597,3.3588329263236574,1.4474359520548612,2.0593800807964175,4.2388760786677935,1.9640566006433553,2.490364807703566,9.857851345739055,4.567573489868269,5.791546064426898,0.42713567839195976,-0.007864321608040292,-0.007864321608040292,0.3316582914572864,-0.008341708542713544,-0.008341708542713544,0.27638190954773867,-0.008618090452261362,-0.008618090452261362,0.23042505592841167,0.05277142464349549,0.06522466492156909,0.17713004484304928,0.3316582914572864,0.10108185035452955,0.14968834154075883,0.28787878787878785,0.254180602006689,0.07221065209016142,0.11291252636708948,0.19798657718120805,19.0,-2.0,-2.0,26.0,-3.0,-3.0,34.0,-5.0,-5.0,0.000352759240322558,0.0010927590289320545,0.0003604839472187376,-0.18150007094195697,-0.1891244262616505,-0.1881152202865657,0.06487695749440715,0.1799549187704466,0.36017897091722595,-1.4434155225753784
248,1,test,0.8160326455202858,0.3292089249686374,0.3358975855095532,2.0421319470809163,0.8238494705245298,0.8405879275565704,2.2615098049456583,0.6343700521478042,0.645217120986423,5.659456697803709,1.587519024972897,1.6146639510112504,0.23491384582420125,-0.06726262378016531,-0.024837652913643066,0.4157767182729226,-0.11904889164631027,-0.043960447634766475,1.2647997962547455,-0.08800013746094182,-0.03180804168882756,2.2385837101853903,-0.15575245568308294,-0.056297418918278996,0.5827492041074949,0.1458700171977637,0.2670526361398129,1.1279016853693449,0.2823290655440589,0.516876069948025,1.7909553706788566,0.24308630776398954,0.4197412484715701,3.46636523357198,0.47048962793030213,0.8124024163965871,0.05025125628140703,-0.004748743718593018,-0.004748743718593018,0.045226130653266305,-0.004773869346733739,-0.004773869346733739,0.025125628140703515,-0.004874371859296511,-0.004874371859296511,0.22132796780684105,0.07358927433950435,0.07274536761133765,0.2520161290322581,0.085427135678392,0.005226634425259169,0.013640825160862735,0.06565656565656564,0.15719063545150502,0.0369903015616887,0.0504053184325951,0.18120805369127513,11.0,-2.0,-2.0,12.0,-1.0,-1.0,14.0,-3.0,-3.0,-0.0007438555677359656,-0.000546542143830798,-0.0008153602452912801,-0.1602241091954486,-0.1654406088436553,-0.17611099458458712,0.05030181086519115,0.15072322929973944,0.39235412474849096,-2.463153839111328
62,1,test,0.5100339481580208,0.20890271550279227,0.2969263480988253,2.4593417774194974,1.0073117240682583,1.4317544456272122,1.6653477294741392,0.3139610535106847,0.42782992840548095,8.030169873628726,1.5138943950104249,2.062960750667524,0.6732671160959265,0.22888057821437802,0.3676794164602994,2.0715911264490043,0.7042479329673168,1.1313212814163056,1.9606324820202765,0.401099294234863,0.6032099566652609,6.032715329293159,1.2341516745688095,1.8560306358931102,0.532555213598329,0.18881968346488492,0.2974292967196732,2.3154574504275174,0.8209551454994997,1.293170855302927,1.7032789945466675,0.29307336525586214,0.43821094242180925,7.405560845855076,1.2742320228515744,1.9052649670513446,0.15577889447236182,-0.004221105527638214,-0.004221105527638214,0.11557788944723613,-0.004422110552763869,-0.004422110552763869,0.085427135678392,-0.004572864321607972,-0.004572864321607972,0.1367521367521367,0.04429125481757057,0.054640699801990045,0.09142857142857141,0.18090452261306533,0.04807244241256403,0.074059781377673,0.12121212121212122,0.137123745819398,0.03361790274761167,0.05481006395065502,0.09060402684563762,17.0,-8.0,-8.0,20.0,-8.0,-8.0,22.0,-7.0,-7.0,0.0005994835413189992,0.00023489401732506402,0.0002993130766256552,-0.1628401195309772,-0.16919353545257243,-0.16249674736748787,0.07122507122507123,0.17607110779162957,0.022792022792022793,-1.237611174583435
86,1,test,0.3102727090154738,0.04568552574435042,0.1312724648404751,0.5668443722398079,0.08346394126371709,0.2398246953816372,1.363796983156438,0.06090397444126494,0.16777594695015519,2.4915521807665693,0.11126687638307997,0.3065137492358603,0.4309282996773358,0.11259206533480381,0.2123875104472477,0.7182138327955597,0.18765344222467306,0.35397918407874623,1.5386852217747493,0.1638467703508486,0.29442545378467866,2.5644753696245823,0.2730779505847476,0.49070908964113125,0.3102727090154738,0.04568552574435042,0.1312724648404751,0.5668443722398079,0.08346394126371709,0.2398246953816372,1.363796983156438,0.06090397444126494,0.16777594695015519,2.4915521807665693,0.11126687638307997,0.3065137492358603,0.085427135678392,-0.004572864321607972,-0.004572864321607972,0.0653266331658291,-0.004673366834170856,-0.004673366834170856,0.055276381909547756,-0.004723618090452297,-0.004723618090452297,0.10563380281690138,0.03884997153394887,0.04942771382392719,0.014134275618374548,0.1306532663316583,0.037921436757723415,0.06220585397773515,0.015151515151515138,0.10563380281690138,0.03884997153394887,0.04942771382392719,0.014134275618374548,12.0,-2.0,-2.0,13.0,-1.0,-1.0,15.0,-3.0,-3.0,0.00013738069567468476,0.00060203328025011,0.00025641100650870363,-0.051079969125534364,-0.05487154903308156,-0.059519163977344025,0.0880281690140845,0.346174588844824,0.04929577464788732,-2.2463479042053223
117,1,test,2.0739870287882227,0.9817694384977353,1.3296960513733116,5.068123232320516,2.3991126419627755,3.249327674834783,7.956482687630579,4.975605575050219,5.851534237858759,19.442954173294442,12.158698130580465,14.29917169392246,2.603906036915618,1.196652343512351,1.6611128693005681,5.105698111599251,2.346377144141865,3.2570840574520945,13.51643073561059,9.431708648758622,10.949288864571562,26.502805363942336,18.49354637011495,21.469193852101103,2.221927468082965,1.0410320160973947,1.4309891149773821,5.049835154734011,2.3659818547668063,3.2522479885849593,9.225094816479817,5.967805172624488,7.019629855988491,20.966124582908677,13.563193574146565,15.953704218155663,0.5477386934673367,-0.002261306532663321,-0.002261306532663321,0.4522613065326633,-0.0027386934673366836,-0.0027386934673366836,0.3517587939698492,-0.0032412060301507672,-0.0032412060301507672,0.3439306358381503,0.1130504049579194,0.1630899711265179,0.2811594202898551,0.3869346733668342,0.12377677862999203,0.1866007835504736,0.33838383838383834,0.34782608695652173,0.10241707193147997,0.16095178217342943,0.30201342281879195,24.0,-11.0,-11.0,33.0,-11.0,-11.0,42.0,-12.0,-12.0,0.0011693793040116387,0.00035490708310813226,0.0005464377872377794,-0.06960062024049396,-0.07180755320117793,-0.07254581895160417,0.07225433526011561,0.1820863828914365,0.523121387283237,-1.7385976314544678
158,1,test,1.5693969608891247,0.6950771285804354,0.873695764769472,3.6619262420746246,1.621846633354349,2.038623451128768,4.803750470730093,2.4065062594656745,2.798635911058374,11.208751098370218,5.615181272086574,6.530150459136207,1.4673326140389138,0.4996196260123372,0.8146174388357449,2.574267743927919,0.8765256596707671,1.4291534014662193,4.33764951084896,1.705731168531074,2.416900585628213,7.609911422542036,2.9925108219843404,4.240176466014409,1.4665523513503196,0.6459098876427081,0.9122588780029445,2.952789969161717,1.3004897066631704,1.8367628416166666,4.334266324837996,2.062307304876152,2.5935556331283647,8.726710721150328,4.152296586998964,5.2219240935470435,0.3065326633165829,-0.0034673366834171437,-0.0034673366834171437,0.2361809045226131,-0.0038190954773869024,-0.0038190954773869024,0.15577889447236182,-0.004221105527638214,-0.004221105527638214,0.27901234567901234,0.08789027416236628,0.1128344375656204,0.20792079207920788,0.2814070351758794,0.10095590735633053,0.14952055771344197,0.13636363636363635,0.274247491638796,0.09895533804948053,0.1452152335742799,0.1778523489932886,18.0,-9.0,-9.0,25.0,-13.0,-13.0,27.0,-12.0,-12.0,0.0013606758643386631,0.0003500612289132436,0.00034479020989779694,-0.05044060546413753,-0.06005855191356968,-0.05531605000623596,0.06172839506172839,0.24341024172110592,0.0024691358024691358,-1.7041420936584473
23,1,test,1.231132888911199,0.5557420485530091,0.611880777855627,2.887006624496762,1.3032151038568065,1.4348604240714455,3.425107605590085,1.460306856239775,1.5675693157198793,8.03187733510875,3.424419577882272,3.675950045363117,0.4670738716491206,0.11443089197542461,0.21267027642668868,0.7984168746138814,0.1956083623511532,0.3635389340627157,1.595319247927981,0.17249617194304645,0.30562703506893363,2.72704144944954,0.29486525118469453,0.522439376186211,1.0067090956711593,0.41359610189333595,0.6009253902644822,1.973939403276783,0.8109727488104628,1.178285078949965,2.736580355955487,0.926967385785396,1.2361023838714535,5.365843835206837,1.8175831093831292,2.4237301644538305,0.10552763819095479,-0.0044723618090452,-0.0044723618090452,0.08040201005025127,-0.004597989949748693,-0.004597989949748693,0.055276381909547756,-0.004723618090452297,-0.004723618090452297,0.2585470085470085,0.08885650694615477,0.10018923728601148,0.28479657387580304,0.13567839195979903,0.02540270273674139,0.04051979429702779,0.1262626262626263,0.23076923076923073,0.07551046616155122,0.10507401386155557,0.2516778523489933,12.0,0.0,0.0,15.0,-2.0,-2.0,17.0,-2.0,-2.0,6.425395239513825e-05,-0.0013753743629083195,-0.0004453720807399824,-0.1413340402663339,-0.14293241341053164,-0.15747721454884278,0.053418803418803416,0.15053616196221867,0.2606837606837607,-2.0306925773620605
184,1,test,1.7298703824015362,0.793741716460601,0.793741716460601,5.481396512910893,2.515109294326965,2.515109294326965,5.639922827796426,3.0898327939420023,3.0898327939420023,17.871080767595906,9.790674997671646,9.790674997671646,2.114012305976339,0.974944108037286,1.3489895708488553,4.697805124391865,2.1665424623050797,2.997754601886345,8.281402233877628,5.157546040903513,6.132359001005941,18.403116075283616,11.461213424230028,13.62746444667987,1.669708764537104,0.7684565101532466,1.0633650131937207,4.816467590010877,2.2167014715959037,3.0673990765203483,5.310620930795881,2.8479358415528995,3.4769063202370893,15.319098838834273,8.215199542941058,10.029537462222374,0.4371859296482412,-0.002814070351758735,-0.002814070351758735,0.35678391959798994,-0.0032160804020100464,-0.0032160804020100464,0.2814070351758794,-0.003592964824120637,-0.003592964824120637,0.3123809523809524,0.102214774472839,0.102214774472839,0.2824427480916031,0.3417085427135679,0.1161446329391318,0.16641638912425238,0.297979797979798,0.29096989966555187,0.10065270434000928,0.14191539465999015,0.24161073825503354,19.0,1.0,1.0,31.0,0.0,0.0,35.0,0.0,0.0,0.0005907613559635222,0.0006257110720810242,0.00030130452083031346,-0.08994532594441207,-0.10443061495835604,-0.09207117073728366,0.06095238095238095,0.11252867783777971,0.02857142857142857,-1.7433241605758667
193,1,test,0.8346323794318893,0.33673544771520847,0.4818303795509491,1.5974089910981193,0.6444804264218229,0.922178673445194,2.30396690696002,0.6587093661654386,0.8809175553639501,4.409579047095667,1.260708654449084,1.6859945264912684,0.6309498223029484,0.1980667616423386,0.31789383664265153,1.08784452121198,0.3414944166247218,0.548092821797675,1.879394822891836,0.33769889763585326,0.5117967281251303,3.2403359015376485,0.5822394786825056,0.8824081519398801,0.8346323794318893,0.33673544771520847,0.4818303795509491,1.5974089910981193,0.6444804264218229,0.922178673445194,2.30396690696002,0.6587093661654386,0.8809175553639501,4.409579047095667,1.260708654449084,1.6859945264912684,0.1507537688442211,-0.0042462311557789345,-0.0042462311557789345,0.1306532663316583,-0.004346733668341707,-0.004346733668341707,0.09045226130653261,-0.0045477386934673625,-0.0045477386934673625,0.21875,0.06277079722703638,0.09172921478060048,0.2473867595818815,0.1758793969849246,0.050566113776904564,0.06569575758592627,0.19191919191919193,0.21875,0.06277079722703638,0.09172921478060048,0.2473867595818815,13.0,0.0,0.0,19.0,-4.0,-4.0,23.0,-4.0,-4.0,-0.0012948032276838897,-0.0006650629122206772,6.982760310656146e-05,-0.08520648660223706,-0.0686950554602963,-0.07615434689415146,0.08680555555555555,0.10325276040420521,0.4409722222222222,-2.424086093902588
4,1,test,1.3764487432731272,0.6012481997944644,0.6735167397954761,3.108759844563209,1.3579410561211562,1.5211621976844167,3.9608107662930805,1.7897832973626797,1.941145064657435,8.945636023383884,4.0422910569703445,4.384147146031182,0.8450571969897608,0.2903478087941993,0.4472541445666626,1.4323003338809506,0.4921149301596599,0.7580578721468859,2.3281109717015154,0.5866761419893705,0.8395601371453081,3.945950799494094,0.9943663423548652,1.4229832832971323,1.1868732349322004,0.4866007792446305,0.6989992064970698,2.297174003094581,0.9418079598283169,1.3529016899943285,3.276819328291962,1.2625178876936398,1.6479696799830383,6.342230957984443,2.443583008439303,3.189618735451042,0.19095477386934678,-0.004045226130653168,-0.004045226130653168,0.14572864321608037,-0.004271356783919655,-0.004271356783919655,0.11055276381909551,-0.004447236180904479,-0.004447236180904479,0.27489177489177485,0.07921609921609918,0.08916352464739563,0.297180043383948,0.20100502512562812,0.04060402261936247,0.0724574458267967,0.16666666666666663,0.254180602006689,0.07388010117196453,0.11068783226252887,0.24832214765100669,16.0,-1.0,-1.0,20.0,0.0,0.0,28.0,-2.0,-2.0,0.00013053136485256174,-0.0003982275010737265,-0.00040444285952166253,-0.17620243693863546,-0.17432229679380118,-0.17017997130754559,0.05411255411255411,0.11036226082016681,0.4004329004329004,-1.8669856786727905
105,1,test,0.5066364930528559,0.17385419945176517,0.26955019647131667,0.950725270914001,0.32624491748973217,0.5058225909091374,1.6596993857589522,0.2648557867235919,0.3921488874283863,3.114497612782231,0.4970133281726663,0.7358843319643791,0.40016214135827,0.06148214232093069,0.14874228101963227,0.6782409175563898,0.10420702088293332,0.2521055610502242,1.4920666037350079,0.08897232188969895,0.20621675537172535,2.5289264470084882,0.15080054557576128,0.3495199243588569,0.4117773143067746,0.11977070551141283,0.20277357340663868,0.7818556600761544,0.22741273198369527,0.385013114063238,1.5094982552333849,0.17038638770703574,0.2770486462408439,2.866135927658326,0.3235184576715868,0.5260417333686909,0.07537688442211055,-0.004623115577889414,-0.004623115577889414,0.06030150753768848,-0.0046984924623114654,-0.0046984924623114654,0.045226130653266305,-0.004773869346733739,-0.004773869346733739,0.1089108910891089,0.01171155006769209,0.03316994707154575,0.08609271523178808,0.11557788944723613,0.037883653858263644,0.05046937525691897,0.03535353535353536,0.13043478260869568,0.03527618494592444,0.05479518305363451,0.07718120805369133,13.0,-2.0,-2.0,15.0,-3.0,-3.0,17.0,-3.0,-3.0,0.0008006667344678261,0.0003957243895230617,-6.387934322713565e-05,-0.10280513755858567,-0.09399684371488437,-0.1059283406872662,0.0891089108910891,0.19822195198471163,0.0033003300330033004,-1.6320286989212036
77,1,test,1.7201367204435285,0.8311770294871524,0.9935367773602808,6.093365670723686,2.9443389688612687,3.519477736750825,5.5852920356813085,3.152694354545992,3.5172548393949445,19.78518704165074,11.16801898474767,12.45942815989057,2.380025937147576,1.144834249417751,1.5556110361268147,5.6667284217799425,2.725795831947026,3.7038358003019396,10.805183115925836,7.366145437073553,8.524637086188775,25.726626466490085,17.538441516841793,20.296754967116136,1.9950803825938714,0.915522180593594,1.2732793200405856,6.170351698743933,2.831511898743075,3.9379772784760387,7.352794040794104,4.4094151559270465,5.2946573333126885,22.740600126167337,13.637366461630045,16.375228865915535,0.49246231155778897,-0.002537688442211028,-0.002537688442211028,0.371859296482412,-0.003140703517587995,-0.003140703517587995,0.3065326633165829,-0.0034673366834171437,-0.0034673366834171437,0.29496402877697847,0.09376642398655932,0.11803343249154352,0.25240384615384615,0.3417085427135679,0.1061195702824902,0.16641638912425238,0.3282828282828283,0.3177257525083612,0.10069737187397054,0.1586601240322767,0.28859060402684567,22.0,0.0,0.0,31.0,0.0,0.0,39.0,0.0,0.0,0.0002809213788594875,0.0011179211772523012,0.0001414840484553325,-0.08440049210502476,-0.10432320914630733,-0.09644808618474876,0.05995203836930456,0.08853795635444417,0.8513189448441247,-0.8821514844894409
213,1,test,1.7194747008407791,0.7938124821909142,0.8488537543688999,4.448206291305493,2.0535583778417124,2.1959477558673712,5.581595686529406,3.058056844892757,3.1932022288706774,14.439345362978244,7.911060098744305,8.260675331208926,1.3757956019343482,0.4761384276294678,0.7422199844416053,2.64576077295067,0.9156508223643613,1.4273461239261642,3.958224641690912,1.499464601158869,2.0738884282127437,7.611970464790215,2.883585771459363,3.988246977332199,1.7000363122590922,0.7100720846880206,1.0184073860611473,3.806051445356177,1.5897136224358674,2.2800165359577926,5.474146166732108,2.783007964654817,3.4970505131854592,12.255551119549496,6.230614846242127,7.829217566833117,0.321608040201005,-0.0033919597989949812,-0.0033919597989949812,0.23115577889447236,-0.003844221105527623,-0.003844221105527623,0.18592964824120606,-0.004070351758793889,-0.004070351758793889,0.3073684210526316,0.0939089047539986,0.10306734578381438,0.3502109704641351,0.2814070351758794,0.07589325071472652,0.1094537797501699,0.3484848484848485,0.3177257525083612,0.10069737187397054,0.1486490005617539,0.37248322147651003,18.0,-4.0,-4.0,26.0,-8.0,-8.0,30.0,-4.0,-4.0,-0.00023991491930969513,-0.0010965177551040303,2.6510624855108375e-05,-0.13671845677320604,-0.12834001498914116,-0.1421490115555324,0.05263157894736842,0.05310597768974888,0.05894736842105263,-1.6079975366592407
110,1,test,1.2577569213836832,0.5796697798818095,0.8014769027091835,2.8786690102091343,1.3267090032506204,1.8343661505667934,3.517522552091864,1.5474169597206855,1.9393303459033153,8.050667812886308,3.5416233233043863,4.43860818604632,1.3045840409297023,0.5678163467190539,0.8054572597868723,2.13866236217984,0.930846470031236,1.3204217373555287,3.6861554849593983,1.5969837377916245,2.038873280361792,6.042877844195735,2.618006127527254,3.3424152137078567,1.2723079345353197,0.5741468331227526,0.8007979781664818,2.7658868142072164,1.2481452893972882,1.7408651699271342,3.5690802678100297,1.5590272446340934,1.9666683282841644,7.758870147413107,3.389189662248029,4.275365931052531,0.26633165829145733,-0.0036683417085426884,-0.0036683417085426884,0.2160804020100503,-0.003919597989949675,-0.003919597989949675,0.17085427135678388,-0.004145728643216162,-0.004145728643216162,0.25,0.09745762711864403,0.1350102669404517,0.23529411764705888,0.2613065326633166,0.09589299882873015,0.14110619877350028,0.24242424242424243,0.24749163879598657,0.09891067051551916,0.13514458651567507,0.23154362416107388,18.0,0.0,0.0,23.0,0.0,0.0,26.0,0.0,0.0,-0.001271012660990313,0.0002584752542563624,-0.00030872598645212163,-0.09975509962677531,-0.10723066944675086,-0.11454025834494574,0.07716049382716049,0.2122902062149278,0.22839506172839505,-1.5000591278076172
6,1,test,0.8901876398538519,0.3658002600067374,0.5276891804361734,1.4860390439495752,0.610650434043505,0.8809004866958702,2.435586621533327,0.7461630651596238,0.9986716142347656,4.065858311753215,1.2456109232906623,1.66713729150481,0.8362661141869429,0.30985343690141354,0.46971454765585213,1.3709280560441686,0.5079564539367434,0.7700238486161509,2.30773405419219,0.6148854454131825,0.8649832579062853,3.7831705806429343,1.0080089269068568,1.4180053408299762,0.8901876398538519,0.3658002600067374,0.5276891804361734,1.4860390439495752,0.610650434043505,0.8809004866958702,2.435586621533327,0.7461630651596238,0.9986716142347656,4.065858311753215,1.2456109232906623,1.66713729150481,0.16080402010050254,-0.004195979899497493,-0.004195979899497493,0.14070351758793975,-0.004296482412060265,-0.004296482412060265,0.10552763819095479,-0.0044723618090452,-0.0044723618090452,0.17961165048543692,0.05128235266461367,0.08928906984027563,0.1609756097560976,0.16582914572864327,0.04302212818478357,0.07400944622947803,0.14141414141414144,0.17961165048543692,0.05128235266461367,0.08928906984027563,0.1609756097560976,15.0,0.0,0.0,16.0,0.0,0.0,19.0,0.0,0.0,0.00015272003230181185,0.00037105900122605677,0.0002906089172872473,-0.1342540919265649,-0.13512848006234934,-0.1353692373057087,0.12135922330097088,0.22170598093955182,0.9902912621359223,-2.628211498260498
2,1,test,0.8104456852508781,0.34075441518612287,0.3985705508454068,1.8063665024497184,0.7594924278775277,0.8883562526305585,2.248910069401622,0.6494097660447107,0.7392641476776705,5.012496075084212,1.4474406725772653,1.647713125172121,0.23649070998771657,0.04928559036129751,0.09859588244552767,0.40923175032657044,0.0852854998425931,0.1706137444057392,1.2667957870170468,0.06092117878425962,0.11894096580420022,2.192107492316455,0.10542012676580592,0.20581958430465974,0.7580200077838631,0.2813323237981762,0.43338573115598933,1.4577307841997367,0.5410236996118772,0.8334340983769024,2.1340466388754216,0.5233163302558392,0.7505220727013966,4.103935843991195,1.006377558184306,1.4433116782719164,0.05555555555555558,-0.009444444444444366,-0.009444444444444366,0.0505050505050505,-0.004494949494949552,-0.004494949494949552,0.030303030303030276,-0.004696969696969755,-0.004696969696969755,0.2192393736017897,0.06616674790346566,0.08434201289797738,0.22869955156950672,0.10606060606060608,0.0027860468666514038,0.01713443156396177,0.06598984771573602,0.1906354515050167,0.05207117771536729,0.08273778743382654,0.2046979865771812,11.0,1.0,1.0,13.0,1.0,1.0,16.0,-2.0,-2.0,0.0005362625368008323,-0.0007178876097584117,-1.0802322576584404e-05,-0.15485831331833122,-0.1611891350669925,-0.17157528843971237,0.05592841163310962,0.11815182977887381,0.23042505592841164,-1.766088843345642
233,1,test,2.7501330191411597,1.318483229137603,1.4208808441384793,6.9856320004922505,3.3490884162586174,3.609189309977421,15.644712792044103,11.459113934031043,11.866495906240434,39.739243723106675,29.10737496612163,30.14216874579789,3.288078103746561,1.542652095046107,2.1202260651659732,6.263005911898212,2.9383849429449658,4.038525838411378,26.79132399960716,21.062982720687522,23.576244649563368,51.031093332585066,40.119967087023845,44.907132665834986,2.8590688027126516,1.359213909511218,1.856262311086625,6.353486228250337,3.020475354469373,4.1250273579702785,17.44527437840715,12.964235584441347,14.719352999606665,38.76727639646033,28.809412409869665,32.70967333245926,0.6683417085427136,-0.0016582914572863539,-0.0016582914572863539,0.5628140703517588,-0.0021859296482411583,-0.0021859296482411583,0.4723618090452262,-0.0026381909547738003,-0.0026381909547738003,0.4156118143459916,0.14269295238603374,0.15656978111040998,0.36152219873150104,0.4321608040201005,0.13391518998501273,0.20678517797669482,0.398989898989899,0.42140468227424754,0.13425944020413072,0.20672170118414745,0.3557046979865772,20.0,-8.0,-8.0,30.0,-9.0,-9.0,41.0,-13.0,-13.0,0.00012857942686329222,0.0009331500739768355,0.00031062213346680947,-0.006696394958471963,-0.006255033816905176,-0.007948802284856171,0.05485232067510549,0.11496308365887922,0.1729957805907173,-1.2074580192565918
8,1,test,0.29959260918405606,0.10126352132114474,0.16374490937125408,0.5540658495150916,0.18727651232283998,0.3028294408251506,1.349308999495961,0.1299453939318298,0.20380158018139305,2.4954088123208438,0.24032069841609527,0.37691015129932337,0.22610061034954454,-0.07599167452351346,-0.003208426669965514,0.4110920188173537,-0.1381666809518426,-0.005833503036300924,1.2537017943088877,-0.09898425910142405,-0.004028869983898398,2.279457807834341,-0.17997138018440761,-0.007325218152542501,0.2832978925805237,0.07836833902625726,0.14342484238571857,0.5278842718891746,0.14602796091849185,0.26725125910382347,1.3275005554879338,0.10006196225678288,0.1773727743967326,2.473603519542734,0.18645086134804245,0.33050827527341475,0.0653266331658291,-0.004673366834170856,-0.004673366834170856,0.04020100502512558,-0.00479899497487446,-0.00479899497487446,0.02010050251256279,-0.004899497487437232,-0.004899497487437232,0.13398692810457513,0.03937028862659797,0.05463910201761857,0.1081967213114754,0.09547738693467334,0.030314479666502914,0.04706336356238616,0.0505050505050505,0.12374581939799334,0.0319261198988281,0.04921856689521242,0.09731543624161076,11.0,-2.0,-2.0,13.0,-4.0,-4.0,15.0,-6.0,-6.0,0.00015786387183733578,0.0001715813277693129,-8.51625693636429e-05,-0.07235535900398449,-0.07587727805997613,-0.08255201528943479,0.08496732026143791,0.11216492810399743,0.0032679738562091504,-1.895990014076233
70,1,test,1.6139569913569003,0.6776800060177356,0.6972472414240144,3.887463714758688,1.6322965529561806,1.6794272497761118,5.0226465267942135,2.472178237069889,2.5215987621465623,12.09781687463414,5.954621619096223,6.073658556901094,1.6682347128608241,0.6702550929480515,0.9534948018496001,3.626597201871357,1.4570762890175035,2.072814786629565,5.302798567810777,2.590003157638028,3.2591434868644575,11.527822973501689,5.6304416470391905,7.085094536661863,1.4376900104142636,0.5649352765482711,0.820927497519687,3.6551440942735516,1.4362761268176385,2.0871038072534414,4.210957305874799,1.8174620832587745,2.358037788086159,10.705823659003727,4.620666313369766,5.9950113256427775,0.3316582914572864,-0.0033417085427135396,-0.0033417085427135396,0.27135678391959794,-0.0036432160804020786,-0.0036432160804020786,0.21105527638190957,-0.0039447236180903955,-0.0039447236180903955,0.29000000000000004,0.07921078921078928,0.0827663734115347,0.29659318637274545,0.29145728643216084,0.09596856462764958,0.12952072549726934,0.297979797979798,0.2775919732441472,0.07058028710057462,0.10740287424525952,0.25838926174496646,17.0,-5.0,-5.0,24.0,-7.0,-7.0,31.0,-8.0,-8.0,6.52081195908279e-05,0.00028367334705510315,-0.00016398408697675755,-0.15640910815609832,-0.17291248933874126,-0.1674998663347509,0.064,0.0813812215409593,0.002,-1.6616021394729614
47,1,test,0.49209881395981636,0.15074285623820338,0.191428394607642,1.3816620545794844,0.423239557899571,0.5374720310137641,1.6357457457340185,0.22889181346925036,0.284981663267718,4.592670747637822,0.642657783971357,0.800140823790132,0.2506706582787638,0.061956600032063686,0.11600108696506328,0.4516588437455203,0.11163351357128593,0.2090109675046185,1.2848868477942497,0.07719127527772907,0.14072818875384452,2.3151114374671162,0.13908337887879085,0.2535643040609812,0.5569214626171768,0.14674920148812703,0.2589272980978918,1.0991870972707436,0.2896365818844613,0.5110407199300495,1.745291276957462,0.23821390335381132,0.3981373503916037,3.4446538361002537,0.47015901977725916,0.7857974020886913,0.0653266331658291,-0.004673366834170856,-0.004673366834170856,0.035175879396984966,-0.00482412060301507,-0.00482412060301507,0.02010050251256279,-0.004899497487437232,-0.004899497487437232,0.16933638443935928,0.026479241582216373,0.03150647241589888,0.16284403669724767,0.12060301507537685,0.03037745116560242,0.0421389082306356,0.06060606060606055,0.17725752508361203,0.03201545496675062,0.04711291996681555,0.1778523489932886,11.0,-1.0,-1.0,11.0,0.0,0.0,13.0,-2.0,-2.0,0.00048236900508359215,-0.0002570216385153167,7.215763835615932e-05,-0.19308447353832925,-0.1937153924152657,-0.2033627737523953,0.057208237986270026,0.14281943762446073,0.002288329519450801,-1.66208815574646
182,1,test,2.0549766908285165,0.9414749459182989,1.0192900296838212,4.965324390022203,2.274832864249291,2.462853066647203,7.806655903833962,4.76165333461913,4.989615980321513,18.86278279302013,11.505314656237086,12.056127952451982,1.9316836344133712,0.8424375729306774,1.1811445291465001,3.9828528544605595,1.7369846864550054,2.4353495446319595,6.901119428186025,3.929086930296367,4.782977818022529,14.22911222306397,8.10121016555952,9.861809934067072,2.1078471381722004,0.9359146426443827,1.3103773157465457,4.516815296083286,2.0055313770951053,2.8079513908854548,8.2305030616412,5.002277916542173,6.010586029168742,17.636792274945428,10.719166964018942,12.879827205361591,0.4120603015075377,-0.0029396984924623393,-0.0029396984924623393,0.2814070351758794,-0.003592964824120637,-0.003592964824120637,0.22613065326633164,-0.003869346733668344,-0.003869346733668344,0.31789473684210523,0.08761082517018093,0.09893090497504753,0.30168776371308015,0.29648241206030146,0.07091850228586538,0.11618191122557697,0.23737373737373735,0.29431438127090304,0.07060820430930037,0.11633885290605317,0.2785234899328859,20.0,0.0,0.0,27.0,0.0,0.0,33.0,0.0,0.0,0.0008378350492275927,-0.0001765223851907568,-0.000145336531227825,-0.058852654791316183,-0.060391552939270454,-0.05472313260701345,0.11368421052631579,0.09308781419906334,0.002105263157894737,-1.5563054084777832
265,1,test,1.9648452405327779,0.879561167124975,1.0414628585416434,5.721947963983968,2.561424750208542,3.0329087299422186,7.13380848032524,4.173527844009949,4.616016341788174,20.77480712851472,12.153989870056,13.442588130477723,2.7104582976431106,1.243312094504881,1.7248093522911403,5.0662771918562814,2.3239478401960394,3.223942714562879,15.036164975012616,10.699323973955964,12.356614773040178,28.104981261705824,19.99873639991769,23.09647621129005,2.4288088379936474,1.106374929051018,1.5353547004529198,5.737343711796018,2.613484084372484,3.626822127054141,11.34535986640551,7.592816245526623,8.901804398783737,26.800062676548446,17.935786406755803,21.027884406575755,0.542713567839196,-0.0022864321608039306,-0.0022864321608039306,0.44723618090452266,-0.0027638190954772934,-0.0027638190954772934,0.371859296482412,-0.003140703517587995,-0.003140703517587995,0.33488372093023255,0.10491856413580747,0.12862761144831658,0.28671328671328666,0.3919597989949749,0.12128310726565161,0.19830370550582632,0.3737373737373737,0.35785953177257523,0.10076437317491249,0.16764818583264196,0.3389261744966443,20.0,-1.0,-1.0,30.0,-6.0,-6.0,38.0,-4.0,-4.0,0.0007556437949439468,0.001259304291913108,0.0003431992253201238,-0.08548438515517809,-0.09899034503030091,-0.09539964267249879,0.08372093023255814,0.06673251544360442,0.6488372093023256,-1.3372830152511597
91,1,test,1.5101610256781803,0.6734562191163083,0.819635754484687,3.2216768547801182,1.4367066007814577,1.748556276233999,4.527459772900907,2.2187131112804397,2.532696723229175,9.65858084885527,4.7332546373982725,5.403086342888907,0.7985728611256732,0.23372143145763014,0.4008270271385393,1.3091358379109397,0.3831498876354593,0.6570934871123596,2.2223670378470675,0.4631806374490821,0.7339013734047932,3.6432246522083074,0.7593125204083315,1.2031170055816283,1.1324259882087138,0.44951151006774026,0.6637266415223614,2.163871315048498,0.8589391912122426,1.268267467877124,3.1031756432807853,1.1235366961574296,1.5052611350448855,5.929634987160736,2.1468854066702474,2.8762951625061506,0.1758793969849246,-0.004120603015075441,-0.004120603015075441,0.13567839195979903,-0.004321608040200986,-0.004321608040200986,0.09547738693467334,-0.004522613065326642,-0.004522613065326642,0.272289156626506,0.08697026372638561,0.0992686287672685,0.3091787439613527,0.18090452261306533,0.028022317099280825,0.04734859606882491,0.18686868686868685,0.25083612040133785,0.07387451773021936,0.10623100360489734,0.25838926174496646,16.0,0.0,0.0,18.0,0.0,0.0,21.0,0.0,0.0,-0.0006716027463882172,-0.0017632010982112016,-0.0001822515300948913,-0.07527835808266081,-0.06650339179458786,-0.07368009872440062,0.060240963855421686,0.1384441452900058,0.3469879518072289,-1.7555485963821411
25,1,test,2.4046370787082845,1.1341662855438437,1.1959494438999192,5.797318105598686,2.734351391385405,2.8833038573230727,11.074410413450332,7.511881031362211,7.725323870835562,26.699197382922335,18.110327040957408,18.624914480677816,2.301375762773953,1.0584054594689762,1.4680728468070163,3.9339756628614584,1.8092401016563695,2.509526233858148,9.98791400725017,6.522021063364712,7.6870081049196495,17.07335727735072,11.148753954469594,13.140184794734445,2.1873867124516986,1.0016682327210324,1.3932766778121533,4.233651701519416,1.9387127084923206,2.696664537700941,8.911893317463992,5.638855729423517,6.699422219738852,17.24882577573676,10.913914315013258,12.966623651107456,0.4824120603015075,-0.0025879396984924696,-0.0025879396984924696,0.39698492462311563,-0.0030150753768843908,-0.0030150753768843908,0.3015075376884422,-0.0034924623115578646,-0.0034924623115578646,0.3395061728395061,0.09079085937599118,0.09903696462836242,0.34845360824742266,0.35678391959798994,0.11618241583859146,0.17314452059965935,0.35858585858585856,0.35451505016722407,0.1157838314693943,0.17097778654097262,0.33221476510067116,19.0,0.0,0.0,26.0,0.0,0.0,32.0,1.0,1.0,0.0004898373820222242,0.000139501893098298,-0.0003857577555566316,-0.09203929610432926,-0.08060354840056139,-0.07567231984702971,0.06378600823045268,0.16317799436259178,0.09465020576131687,-1.7170956134796143
151,1,test,0.44064211009776905,0.15867006273839418,0.24524641764105579,0.8812842201955381,0.31734012547678836,0.49049283528211157,1.553704547658512,0.22796288616988436,0.3379125766241642,3.107409095317024,0.4559257723397687,0.6758251532483284,0.2975385577043689,0.04729454793705751,0.1210486169146496,0.5459423077144383,0.08677898704047254,0.22210755397183413,1.346540293854411,0.06220152419448355,0.15351786801862422,2.4707161355126805,0.11413123705409811,0.28168416150206266,0.44064211009776905,0.15867006273839418,0.24524641764105579,0.8812842201955381,0.31734012547678836,0.49049283528211157,1.553704547658512,0.22796288616988436,0.3379125766241642,3.107409095317024,0.4559257723397687,0.6758251532483284,0.05025125628140703,-0.004748743718593018,-0.004748743718593018,0.05025125628140703,-0.004748743718593018,-0.004748743718593018,0.04020100502512558,-0.00479899497487446,-0.00479899497487446,0.1392405063291139,0.038187874750166495,0.0522839845899834,0.13983050847457623,0.08040201005025127,0.002707774461278789,0.010285148614525008,0.0757575757575758,0.1392405063291139,0.038187874750166495,0.0522839845899834,0.13983050847457623,13.0,-2.0,-2.0,13.0,0.0,0.0,15.0,-2.0,-2.0,-0.00016133521629038867,-0.00023600777742472824,-0.0002565436153133215,-0.07304829585785977,-0.07089076192626931,-0.0741486975392962,0.10548523206751055,0.05838195114541503,0.7172995780590717,-2.4451804161071777
186,1,test,0.8455360464122729,0.35445305857246556,0.4984010798189492,1.5584389875049736,0.653305637368858,0.9186215980976711,2.32922605325263,0.6951410970932925,0.9142183620018836,4.293083313838181,1.2812404534660686,1.6850299221211191,0.7953274104518755,0.25823394870198535,0.40739088059828527,1.3366847234485304,0.4340066364739251,0.6846905556273704,2.215166146635829,0.5041396826682167,0.7412299162649365,3.722968313673662,0.8472935843163305,1.2457645651511537,0.8455360464122729,0.35445305857246556,0.4984010798189492,1.5584389875049736,0.653305637368858,0.9186215980976711,2.32922605325263,0.6951410970932925,0.9142183620018836,4.293083313838181,1.2812404534660686,1.6850299221211191,0.15577889447236182,-0.004221105527638214,-0.004221105527638214,0.13567839195979903,-0.004321608040200986,-0.004321608040200986,0.085427135678392,-0.004572864321607972,-0.004572864321607972,0.1850533807829181,0.05183846071187015,0.0738107772326223,0.1964285714285714,0.16582914572864327,0.02547826853566082,0.045628811838826944,0.18181818181818177,0.1850533807829181,0.05183846071187015,0.0738107772326223,0.1964285714285714,15.0,0.0,0.0,18.0,1.0,1.0,20.0,1.0,1.0,-0.0006467315382644931,-0.0005448097172674204,-0.00021226137386335295,-0.10703959595278434,-0.09982866823937897,-0.09783495641157414,0.08896797153024912,0.055037917094145294,0.30604982206405695,-2.074376106262207
143,1,test,1.0785130561706098,0.4875466156155309,0.5667594569989215,4.265028903947411,1.9280252526614179,2.241276034495735,2.940304231710747,1.134571526006676,1.272090221530595,11.627566734492497,4.486714671026399,5.0305386033255335,1.4452427694477912,0.5882063623917829,0.8581577297015441,3.9595692313638113,1.6115242805254324,2.351117067675463,4.242882059933906,1.8867144451475424,2.4441445422680017,11.624334410777823,5.169080671637102,6.696286417172607,1.0963123210678174,0.46688346426935623,0.6664601621296002,4.216585850260836,1.7957056318052165,2.563308315883078,2.99310802589582,1.1165695249646923,1.4560777553329785,11.511953945753154,4.2944981729411245,5.600299058972994,0.2864321608040201,-0.003567839195979916,-0.003567839195979916,0.2211055276381909,-0.003894472361809065,-0.003894472361809065,0.1758793969849246,-0.004120603015075441,-0.004120603015075441,0.2235023041474654,0.06815132601167717,0.0778522552716101,0.21478060046189373,0.2613065326633166,0.08586793617208854,0.12107280979186419,0.25757575757575757,0.21404682274247488,0.06880475262561347,0.09725038225304217,0.20134228187919467,17.0,-1.0,-1.0,21.0,0.0,0.0,25.0,-2.0,-2.0,-6.834664731757019e-05,0.0005655366761589889,-0.0001578627914434134,-0.18260783064826747,-0.19323520930420024,-0.19343370702666896,0.0576036866359447,0.09083917987983653,0.2304147465437788,-1.0251303911209106
216,0,test,3.474360518475415,1.6246769593883539,2.226447897732495,7.3860531301854975,3.4538587108675496,4.733147978396352,32.27718127445226,25.91937394056008,28.79411638779027,68.6172245275069,55.10132641909276,61.21266700621149,3.3195315890611456,1.5216149585147383,2.096503222051215,6.445692405943972,2.9545921524558025,4.070880042817894,27.647397181731126,21.610340248132864,24.249936252869368,53.68426637229345,41.96182572452984,47.08725485994052,3.4335592029766913,1.6245982851127343,2.209594844416549,7.357626863521481,3.4812820395272874,4.73484609517832,30.986734792204867,24.88263331918692,27.586092379932996,66.40014598329614,53.31992854111482,59.11305509985642,0.6834170854271358,-0.0015829145728643024,-0.0015829145728643024,0.5376884422110553,-0.0023115577889447625,-0.0023115577889447625,0.44723618090452266,-0.0027638190954772934,-0.0027638190954772934,0.4191419141914191,0.10612708717329722,0.18203982857122147,0.39403973509933776,0.42713567839195976,0.1238775330285512,0.1984211541849481,0.33333333333333337,0.42140468227424754,0.11589550030429763,0.1855871071908215,0.38590604026845643,20.0,0.0,0.0,30.0,1.0,1.0,37.0,0.0,0.0,7.826780221086809e-05,0.00030669880391462844,-0.0002631930816104424,0.0004912393671849813,8.815173034548707e-05,-5.432400123339676e-05,0.08250825082508251,0.128782413896722,0.0033003300330033004,-0.7584896087646484
39,0,test,2.738133346620329,1.2945280702926056,1.7715482363790516,5.093310980426625,2.40800326362121,3.2953274886491446,15.458103227873945,11.222163172828637,12.829151694373692,28.754233976324958,20.87479303477215,23.86401643848533,2.713999610172414,1.2525116590959866,1.7332466152944823,4.803539133048521,2.2168347948601537,3.067693124415013,15.089507129304454,10.777135774785146,12.4230438099077,26.707092264255675,19.074576592540083,21.987688159128673,2.738133346620329,1.2945280702926056,1.7715482363790516,5.093310980426625,2.40800326362121,3.2953274886491446,15.458103227873945,11.222163172828637,12.829151694373692,28.754233976324958,20.87479303477215,23.86401643848533,0.6130653266331658,-0.001934673366834172,-0.001934673366834172,0.4723618090452262,-0.0026381909547738003,-0.0026381909547738003,0.3467336683417085,-0.003266331658291488,-0.003266331658291488,0.38113207547169814,0.0986461997654835,0.16657749579792147,0.39015151515151514,0.37688442211055273,0.09618266772458783,0.15818659239435906,0.3787878787878788,0.38113207547169814,0.0986461997654835,0.16657749579792147,0.39015151515151514,18.0,0.0,0.0,30.0,0.0,0.0,36.0,0.0,0.0,0.0004557105737130507,-0.0001721720832172665,1.2989682162808126e-05,-0.018088645277037685,-0.013233858072652538,-0.014297173876652636,0.13584905660377358,0.1190036236211589,0.0037735849056603774,-0.965461015701294
182,0,test,1.3858478358473416,0.6305252981093349,0.770358148115981,5.477398589301398,2.492076178241657,3.044748871125068,3.998214297620095,1.8699164285764542,2.147651722113185,15.802466033450854,7.390622074849796,8.488337758828301,1.7071526212054398,0.7454762459766283,1.0572551423477483,4.163786880988877,1.818234746284459,2.5786710788969467,5.51324082190889,2.897162493422079,3.59789636626254,13.446928833924122,7.066249983956291,8.775356990884244,1.5093595857855033,0.6677676944203101,0.9225979297578593,4.8689018896306555,2.15408933683971,2.97612235405761,4.523832739645124,2.203775421743307,2.7256768103632982,14.593008837564918,7.108952973365508,8.79250583988161,0.3919597989949749,-0.0030402010050251116,-0.0030402010050251116,0.26633165829145733,-0.0036683417085426884,-0.0036683417085426884,0.18090452261306533,-0.0040954773869347205,-0.0040954773869347205,0.2777777777777778,0.0883929768127597,0.10377973281199093,0.24455205811138014,0.31155778894472363,0.0985252074910895,0.14461288076442314,0.2727272727272727,0.29431438127090304,0.09731938961814846,0.13747344689937913,0.2516778523489933,14.0,0.0,0.0,22.0,0.0,0.0,24.0,0.0,0.0,0.00022721619256998825,0.0007145662264262315,3.920410869218895e-05,-0.12488636908892037,-0.1369356706724334,-0.12806118082262774,0.06038647342995169,0.202130369664834,0.38164251207729466,-1.9236547946929932
125,0,test,2.318104682434217,1.0504935849022874,1.2809078269147633,5.000309576769096,2.265986162197604,2.763005364863259,10.156406436950633,6.604050251521221,7.3351090215812675,21.90805995823906,14.245385882862529,15.822329407808809,2.299170756508683,0.9900456135485101,1.4039220865867583,4.789939076059756,2.0625950282260628,2.9248376803890803,9.965914857332322,6.262982099392531,7.517970413396428,20.76232261944234,13.047879373734443,15.662438361242561,2.2345206101332913,0.9655307272547953,1.3705346216736238,4.893110825109397,2.114300862601741,3.0011707043947964,9.342002317314916,5.784744817077202,6.969403294316277,20.45693938098157,12.66732441695738,15.261467067845864,0.5376884422110553,-0.0023115577889447625,-0.0023115577889447625,0.40703517587939697,-0.00296482412060306,-0.00296482412060306,0.2864321608040201,-0.003567839195979916,-0.003567839195979916,0.36009732360097324,0.11100862372247988,0.13624590620116872,0.3439024390243902,0.38190954773869346,0.11875165300185131,0.16321171802249979,0.3484848484848485,0.3612040133779264,0.11412554927108165,0.15541980870606875,0.3389261744966443,25.0,0.0,0.0,32.0,1.0,1.0,41.0,0.0,0.0,0.0004539091421169317,-6.421985226577189e-05,0.00025931715494314085,-0.029363052186699434,-0.024102004773724595,-0.027401870502743897,0.07542579075425791,0.06981957446690118,0.0024330900243309003,-1.6282522678375244
183,0,test,3.37581938998995,1.5180957060983908,1.8541913061932416,7.061663009672855,3.1756083647976543,3.8786654874450464,29.248239680100276,22.839108734115648,24.668564456213083,61.18254218796486,47.775686637690896,51.60260932167023,3.292657423268569,1.390492944576585,1.9621084863799179,6.3935095597447935,2.6999863001487086,3.8099193910289664,26.914291371174468,20.2139097799314,23.13117185963428,52.26075994402809,39.25031025229397,44.914896814823834,3.3488864241001504,1.4641850024474623,2.0400912715671637,6.834462090000307,2.9881326580560454,4.1634515746268645,28.471011352369445,21.886623159624147,24.76930032520147,58.10410480075397,44.666577876783975,50.549592500411165,0.5628140703517588,-0.0021859296482411583,-0.0021859296482411583,0.5226130653266332,-0.002386934673366814,-0.002386934673366814,0.4623115577889447,-0.002688442211055242,-0.002688442211055242,0.45721271393643037,0.15074140746512388,0.19328309516810194,0.4509803921568627,0.4321608040201005,0.12639639299253158,0.19342958532227073,0.4242424242424242,0.4448160535117057,0.1342985242963468,0.2034367431668781,0.43624161073825507,26.0,0.0,0.0,33.0,1.0,1.0,40.0,0.0,0.0,0.00041874716477628026,0.00010542924830589316,0.00010669237812895117,-0.037804044273290316,-0.03773683319053678,-0.03720628045843988,0.06601466992665037,0.19892437721917614,0.0024449877750611247,-0.7907125949859619
219,0,test,2.425181458193817,1.1572296914307503,1.516998213691329,6.190148477207995,2.953768093512055,3.872058377603742,11.304280487502048,7.75071391746353,8.824467263340905,28.853583062505226,19.78329076835097,22.52398986796804,2.6184504007130704,1.230012906602665,1.6889141231665923,5.427829476478136,2.5497142543117746,3.500978234480749,13.714455200597644,9.705873476031737,11.181121059327683,28.428922759572202,20.119466893024125,23.17753219589801,2.442500573218614,1.1584589645333607,1.5829839060617334,5.957318471264912,2.825509669593563,3.8609363562481307,11.501765820824906,7.890560470452148,9.139747044310676,28.053087367865626,19.245269440127192,22.292065961733357,0.5252525252525253,-0.0047474747474747225,-0.0047474747474747225,0.4494949494949495,-0.005505050505050457,-0.005505050505050457,0.36868686868686873,-0.001313131313131266,-0.001313131313131266,0.39010989010989006,0.14182456775049357,0.1965615030131158,0.3471074380165289,0.3939393939393939,0.12945576673536374,0.20266422615415902,0.35532994923857864,0.3846153846153846,0.13920636959034283,0.20552750919825447,0.3355704697986577,22.0,0.0,0.0,33.0,0.0,0.0,42.0,0.0,0.0,0.0008581790870730252,-5.242681076471593e-05,0.000381850766097165,-0.02678491375088843,-0.026186981057891856,-0.03109556496436383,0.07417582417582418,0.04501438625797497,0.1813186813186813,-0.9926040172576904
40,0,test,2.328043962377503,1.102331109564554,1.2681942643107973,6.62366056392567,3.1363098020514086,3.6082172294262036,10.257857142038919,6.851263524745635,7.371919947309957,29.185258062188147,19.49294977040532,20.974301269443163,2.514649286471376,1.1441937528720476,1.589800343603676,5.848021596445061,2.6609157043535996,3.6972101014038983,12.362272402567562,8.425128614254152,9.840785059625993,28.749470703645493,19.593322358730582,22.885546650293005,2.451598710593365,1.1426984936546132,1.5649024120243553,6.451575554193067,3.0071012990910875,4.118164242169357,11.606887948964111,7.904787983295315,9.179789964568048,30.544441970958186,20.80207364025083,24.15734201202118,0.5175879396984925,-0.002412060301507535,-0.002412060301507535,0.38190954773869346,-0.0030904522613065533,-0.0030904522613065533,0.31155778894472363,-0.003442211055276312,-0.003442211055276312,0.3386363636363636,0.09686564853988233,0.12162756598240465,0.30751708428246016,0.3467336683417085,0.11365096157479115,0.1547470239343629,0.29292929292929293,0.3511705685618729,0.10409210445502814,0.16095922262193962,0.31543624161073824,18.0,0.0,0.0,27.0,1.0,1.0,36.0,0.0,0.0,0.0006401413609164291,0.0003754265019972172,-1.3661872705308976e-05,-0.04594760738933079,-0.053135800586303183,-0.05116665434569523,0.06363636363636363,0.2592524107369979,0.020454545454545454,-1.4464538097381592
58,0,test,2.6936126403656813,1.2143840662700867,1.6760869004673147,7.192833753943522,3.242805803336605,4.475704580368763,14.784992416202389,10.395434260598156,12.018650775695441,39.4808039245844,27.759236542036835,32.09375976367024,3.032899157334627,1.409157372690671,1.9242393700800562,6.85848786715444,3.1866172405164033,4.351404939158308,20.757324188467905,15.685290877952713,17.72702975593159,46.93985810801264,35.470146417188516,40.08726047079983,2.6936126403656813,1.2143840662700867,1.6760869004673147,7.192833753943522,3.242805803336605,4.475704580368763,14.784992416202389,10.395434260598156,12.018650775695441,39.4808039245844,27.759236542036835,32.09375976367024,0.696969696969697,-0.003030303030302939,-0.003030303030302939,0.5505050505050505,-0.004494949494949441,-0.004494949494949441,0.4242424242424242,-0.00575757575757585,-0.00575757575757585,0.38842975206611574,0.08946067990116724,0.15628689492325865,0.2821576763485477,0.41414141414141414,0.10179884487189272,0.1725306758863806,0.31979695431472077,0.38842975206611574,0.08946067990116724,0.15628689492325865,0.2821576763485477,23.0,0.0,0.0,34.0,0.0,0.0,44.0,1.0,1.0,0.0004775662037745525,0.0003590827040798362,0.0004190062961486657,-0.028081602660637195,-0.030866078365264116,-0.03288754244720682,0.10330578512396695,0.12436818718274134,0.8925619834710744,-0.7327895164489746
198,0,test,2.0836337787981445,0.9638764542894898,1.3266043701700818,4.823226339810519,2.231195496040485,3.070843449467782,8.033608294695,4.969497766162215,5.901674593908361,18.596315496979166,11.503467051301424,13.661283782195278,2.228020945063096,0.9472582844817194,1.3323082657843304,5.304811773959753,2.255376867813618,3.1721625375817393,9.281479333797567,5.682095546623378,6.832398757166944,22.098760318565635,13.528798920531852,16.267616088492723,2.0836337787981445,0.9638764542894898,1.3266043701700818,4.823226339810519,2.231195496040485,3.070843449467782,8.033608294695,4.969497766162215,5.901674593908361,18.596315496979166,11.503467051301424,13.661283782195278,0.4170854271356784,-0.0029145728643216184,-0.0029145728643216184,0.3266331658291457,-0.0033668341708542604,-0.0033668341708542604,0.29145728643216084,-0.0035427135678391952,-0.0035427135678391952,0.321285140562249,0.11687632292697847,0.1664119763432904,0.2661290322580645,0.31658291457286436,0.10355033311923023,0.16132414996518485,0.2525252525252525,0.321285140562249,0.11687632292697847,0.1664119763432904,0.2661290322580645,20.0,-11.0,-11.0,30.0,-20.0,-20.0,36.0,-21.0,-21.0,0.0005517662071918236,0.000356795434574595,0.0004818872382966695,-0.0619562603086008,-0.06463145769033485,-0.06861784906117752,0.10843373493975904,0.13276935455783578,0.4979919678714859,-2.6393773555755615
223,0,test,2.5818072579046687,1.203355605732023,1.2187340898470853,6.948906768615757,3.2388188111723593,3.280209837567155,13.221010357027527,9.252258497613024,9.312824981039512,35.58420872689324,24.90235531804356,25.065369363861663,2.5001301461830443,1.1165926242122894,1.5626668801528811,5.882659167489516,2.6272767628524454,3.676863247418544,12.184079568970613,8.19509173920163,9.63058391266295,28.668422515224975,19.28256879812148,22.66019744155988,2.6232358919499235,1.2039176504470441,1.6631203658759612,6.726245876794676,3.0869683344796006,4.264411194553746,13.78024289344224,9.645942008967337,11.168244683550288,35.333956137031386,24.733184638377786,28.63652482961612,0.507537688442211,-0.0024623115577889765,-0.0024623115577889765,0.40703517587939697,-0.00296482412060306,-0.00296482412060306,0.371859296482412,-0.003140703517587995,-0.003140703517587995,0.3900990099009901,0.13589525124619284,0.13789959641125404,0.37896825396825395,0.3869346733668342,0.1312955756224733,0.1949480289594886,0.36363636363636365,0.4013377926421404,0.14591208312628068,0.21335114080676776,0.38926174496644295,15.0,0.0,0.0,29.0,-5.0,-5.0,38.0,-7.0,-7.0,0.0005014023859404386,-0.00036082143513802836,-0.00015936759378588114,-0.03959502717895447,-0.03535490098177352,-0.03172383866665651,0.09504950495049505,0.07594810952051168,0.0019801980198019802,-1.2313578128814697
266,0,test,4.088844437517993,1.9926566037803761,2.691277612855447,6.675161702213109,3.253071925448686,4.393591765565217,59.67089839732856,51.535800019636795,55.62555344867596,97.41453894985565,84.13374581519018,90.81039147344086,4.158079269754258,2.028697219477641,2.737038230689782,6.548156330321666,3.1947987708309307,4.31029642628312,63.948576599436805,55.53890814628765,59.80714701258687,100.70641984163277,87.46284747446876,94.18448348438878,4.095075534241753,1.9988877005041354,2.6975087095792065,6.685334155298283,3.2632443785338596,4.403764218650391,60.04387435468837,51.90877597699661,55.99852940603577,98.02343343446113,84.74264029979565,91.41928595804634,0.8442211055276382,-0.0007788944723617908,-0.0007788944723617908,0.7135678391959799,-0.0014321608040201994,-0.0014321608040201994,0.542713567839196,-0.0022864321608039306,-0.0022864321608039306,0.45185185185185184,0.10989251728623262,0.19569421638387152,0.4423791821561338,0.44221105527638194,0.09384012795808616,0.1817769985151132,0.43434343434343436,0.4555555555555556,0.11359622098993638,0.1993979200875753,0.44981412639405205,26.0,0.0,0.0,39.0,0.0,0.0,44.0,0.0,0.0,8.283686908165597e-05,0.00010807495582559761,-2.8788191683737845e-05,-0.0001833147886074471,0.00021597805698636563,6.13263787334617e-05,0.1037037037037037,0.07452510854698643,0.003703703703703704,-0.5422782897949219
59,0,test,3.2925209485962257,1.5903086820263546,2.1462070555687998,5.656948743896871,2.732342433548636,3.68744299480277,26.910618502710697,21.4245478751933,23.7640456004737,46.23569353485865,36.80996144999654,40.82950116591455,3.1809704918905757,1.498109461370767,2.053759704469984,5.172309742911505,2.435950343692304,3.339446673934933,24.070102059317346,18.689173087981153,20.9830679727821,39.13837733222333,30.388899330050656,34.11880971184081,3.2925209485962257,1.5903086820263546,2.1462070555687998,5.656948743896871,2.732342433548636,3.68744299480277,26.910618502710697,21.4245478751933,23.7640456004737,46.23569353485865,36.80996144999654,40.82950116591455,0.7638190954773869,-0.001180904522613102,-0.001180904522613102,0.5879396984924623,-0.002060301507537776,-0.002060301507537776,0.4623115577889447,-0.002688442211055242,-0.002688442211055242,0.43529411764705883,0.11044088868424085,0.18105682951146562,0.452755905511811,0.4371859296482412,0.10886512764322864,0.18009077105057847,0.4444444444444444,0.43529411764705883,0.11044088868424085,0.18105682951146562,0.452755905511811,20.0,0.0,0.0,32.0,0.0,0.0,44.0,0.0,0.0,-0.00018437557206469243,-0.00019604875380864933,-0.00022376977123235008,-7.936596070123869e-05,-0.0001398081572467902,0.00011389473326595123,0.10588235294117647,0.050424709204019875,0.6196078431372549,-0.7957606315612793
248,0,test,0.9651295099255813,0.34504289377623465,0.5117141245060067,6.253234949726162,2.235590415925187,3.315481098361835,2.625127614542129,0.7660385525335174,1.0514498809886794,17.008639335887544,4.963291454956748,6.812519020572484,0.9738937637211252,0.336836279752202,0.48505209323965254,6.086836023257033,2.1052267484512623,3.0315755827478283,2.6482360152289193,0.757327359115374,1.0178094606957815,16.551475095180745,4.733295994471087,6.3613091293486335,0.9595457950129892,0.3470223891390428,0.5008552689082284,6.257907358780365,2.263189494385062,3.2664474059232287,2.610510497218873,0.765429078558663,1.0285094582253211,17.025068460123084,4.991928773208672,6.707670379730354,0.1758793969849246,-0.004120603015075441,-0.004120603015075441,0.1306532663316583,-0.004346733668341707,-0.004346733668341707,0.12562814070351758,-0.004371859296482428,-0.004371859296482428,0.18709677419354842,0.04538984987792849,0.06585213900041542,0.15533980582524276,0.18090452261306533,0.033034848427601626,0.052356943314233906,0.13636363636363635,0.1906354515050167,0.045393381388155296,0.06271554049278094,0.15771812080536918,17.0,-2.0,-2.0,19.0,0.0,0.0,23.0,-1.0,-1.0,0.000491363785408637,0.00026797308897040897,-2.3602133376698404e-05,-0.3475906005882088,-0.3485039360463471,-0.3446281922456782,0.08064516129032258,0.26631537542996914,0.0064516129032258064,-0.5226749181747437
84,0,test,3.0059839211224832,1.4658262304250933,1.492446775097902,7.957946906971626,3.88058207317801,3.951056462496024,20.206087514738464,15.540761623258739,15.663316661298701,53.49295799954446,41.142121560521815,41.466569898069714,4.004537059983412,1.9166847967980645,2.6099560445123675,7.087676212360022,3.3923624722089643,4.61939122922543,54.84642791475057,46.778858386788734,50.81314357992256,97.07332374292137,82.79443962263494,89.93476739809303,3.593240748390471,1.7547122367030656,2.364937498919094,7.186481496780942,3.5094244734061313,4.729874997838188,36.35169192871238,30.06441213661162,32.93626244343562,72.70338385742475,60.12882427322324,65.87252488687125,0.7386934673366834,-0.0013065326633165952,-0.0013065326633165952,0.6683417085427136,-0.0016582914572863539,-0.0016582914572863539,0.6281407035175879,-0.0018592964824121205,-0.0018592964824121205,0.44023904382470125,0.14670670551624354,0.14893894607299063,0.3792415169660679,0.49246231155778897,0.149103915567814,0.2503921946963532,0.5606060606060606,0.5050167224080268,0.18782139686545585,0.2747608825860023,0.47651006711409394,23.0,0.0,0.0,30.0,0.0,0.0,39.0,0.0,0.0,0.0014376689242343304,0.0004942900163101378,0.0013539614479343744,-0.032868206022847346,-0.029881983565374526,-0.03152970114851783,0.05776892430278884,0.1003263724154594,0.5756972111553785,-0.8792159557342529
47,0,test,2.052800374582485,0.964398125477776,1.1017092797576657,5.616864828612198,2.6387826010005404,3.0144928759013427,7.7896846258957115,4.820158908040796,5.201152172464116,21.314106399690107,13.188901061265,14.231373428950898,2.150538745731837,0.9751878576268642,1.3554187610902901,4.57561435262093,2.0748677821848176,2.883869704447426,8.589484699086103,5.3502053300395644,6.374777987432269,18.275499359757667,11.383415595828861,13.563357420068659,2.154311213268781,1.0164598307974602,1.3838922219975949,5.3412674709143335,2.5201483408201493,3.4311377404899046,8.621949448877967,5.501892100723138,6.461278082280971,21.37673417077182,13.641054795181336,16.019697724663565,0.44221105527638194,-0.0027889447236180143,-0.0027889447236180143,0.3467336683417085,-0.003266331658291488,-0.003266331658291488,0.3015075376884422,-0.0034924623115578646,-0.0034924623115578646,0.33483146067415726,0.1092422350849317,0.1256427998725932,0.29054054054054057,0.3417085427135679,0.1161446329391318,0.17309418545146438,0.24242424242424243,0.3311036789297659,0.10906695104996622,0.15980223287859796,0.2651006711409396,17.0,-5.0,-5.0,30.0,-12.0,-12.0,34.0,-9.0,-9.0,0.0007293777370475067,9.204622532673114e-05,0.00025342133816808786,-0.06836096032080707,-0.06574023730353229,-0.06816811940954359,0.09213483146067415,0.10048106918021833,0.015730337078651686,-1.6093740463256836
26,0,test,2.3996517148703136,1.1094246281868414,1.2820456341770823,7.231827085910534,3.3434714822069194,3.8636991714925766,11.019337840718304,7.38572623383927,7.961811875969376,33.208963355589404,22.258353033488206,23.994501544017293,2.915191088781946,1.3474307761279727,1.8574377770692894,5.919622721098032,2.7361094331578215,3.771735894252944,18.452338100687246,13.656443249490742,15.572444608131152,37.46954369425267,27.730940884169975,31.621596704266317,2.5492340310135653,1.1797005032000478,1.6219699747911227,6.828305440214907,3.159912062142985,4.344562432476222,12.79729769441864,8.863782302499349,10.269713314166754,34.27847596719278,23.742274024551826,27.508160662946658,0.6363636363636364,-0.0036363636363636598,-0.0036363636363636598,0.48484848484848486,-0.00015151515151512474,-0.00015151515151512474,0.398989898989899,-0.0010101010101010166,-0.0010101010101010166,0.357630979498861,0.09824531396985081,0.12204935682046414,0.2990867579908676,0.398989898989899,0.1118362465969519,0.1775133889227849,0.3248730964467005,0.36789297658862874,0.11580616523637499,0.16989520128273328,0.2953020134228188,25.0,-2.0,-2.0,36.0,-3.0,-3.0,44.0,-2.0,-2.0,0.0006675328914888107,0.001139326031717787,5.8249622850235815e-05,-0.009396872725585759,-0.012604149789565255,-0.011245175206881619,0.07289293849658314,0.10099718009503436,0.15945330296127563,-1.0813500881195068
8,0,test,3.010540491416217,1.4382512967983485,1.9550574938762064,5.882665328054677,2.8103760971921754,3.8202272868845415,20.29836805458075,15.480703903606107,17.425005408694464,39.66347780780146,30.24965130589699,34.04886114342596,3.010540491416217,1.4382512967983485,1.9550574938762064,5.882665328054677,2.8103760971921754,3.8202272868845415,20.29836805458075,15.480703903606107,17.425005408694464,39.66347780780146,30.24965130589699,34.04886114342596,3.010540491416217,1.4382512967983485,1.9550574938762064,5.882665328054677,2.8103760971921754,3.8202272868845415,20.29836805458075,15.480703903606107,17.425005408694464,39.66347780780146,30.24965130589699,34.04886114342596,0.6094674556213018,0.08446745562130176,0.08446745562130176,0.46153846153846156,0.06153846153846154,0.06153846153846154,0.3905325443786982,0.055532544378698256,0.055532544378698256,0.3905325443786982,0.13094552372973067,0.18228107090129153,0.35119047619047616,0.3905325443786982,0.13094552372973067,0.18228107090129153,0.35119047619047616,0.3905325443786982,0.13094552372973067,0.18228107090129153,0.35119047619047616,20.0,1.0,1.0,27.0,1.0,1.0,33.0,3.0,3.0,-0.00034993844751415924,0.00010008540930613647,0.0004076346561464994,-0.025637702634631054,-0.025530097445707334,-0.03058809574325405,0.7396449704142012,0.15124754916201524,0.48520710059171596,-1.1471076011657715
264,0,test,1.5591809242285846,0.7081290889871736,0.7081290889871736,6.002260400037859,2.7260307786573903,2.7260307786573903,4.7549250058309,2.4128159361969264,2.4128159361969264,18.3046737066573,9.288434280697942,9.288434280697942,2.4253273256016743,1.0853207100988442,1.5168528654669986,5.915432501467499,2.647123683167913,3.699641135285362,11.305929533862587,7.486860763519563,8.825394044163259,27.575437887469725,18.2606360085843,21.52535132722746,2.0603122156919875,0.926917002113675,1.2959628459745383,5.77657630567847,2.5988327162065654,3.633540689648238,7.848419827659118,4.742235049789317,5.700823199063815,22.004915404651733,13.295986120904628,15.983616445973315,0.5477386934673367,-0.002261306532663321,-0.002261306532663321,0.4170854271356784,-0.0029145728643216184,-0.0029145728643216184,0.3316582914572864,-0.0033417085427135396,-0.0033417085427135396,0.30919765166340507,0.10391905928803846,0.10391905928803846,0.23333333333333328,0.37688442211055273,0.11122026170955024,0.17154218504878316,0.33333333333333337,0.36454849498327757,0.12080892904003881,0.17989888430474588,0.2986577181208053,24.0,-9.0,-9.0,36.0,-15.0,-15.0,42.0,-11.0,-11.0,0.0013840392651474026,0.0007426547296262572,0.0012381119930402614,-0.1337091216912336,-0.12159254470150849,-0.15135520062397134,0.0547945205479452,0.04905676026735876,0.50293542074364,-1.122380256652832
227,0,test,3.0421294043280205,1.4749214884348234,1.9863213415703433,6.7656957952255175,3.280225390279047,4.417578663652444,20.949806380154076,16.156560034158204,18.075509552187047,46.59236938946267,35.93218951596785,40.19993324406399,3.010813976530379,1.4254282483197973,1.952283627611308,6.207863869134802,2.939027316123293,4.025327067239811,20.30392011525383,15.422746293376346,17.42178796865741,41.86375281495636,31.79947689355948,35.92121230651013,3.0421294043280205,1.4749214884348234,1.9863213415703433,6.7656957952255175,3.280225390279047,4.417578663652444,20.949806380154076,16.156560034158204,18.075509552187047,46.59236938946267,35.93218951596785,40.19993324406399,0.6080402010050252,-0.001959798994974782,-0.001959798994974782,0.5175879396984925,-0.002412060301507535,-0.002412060301507535,0.457286432160804,-0.0027135678391959628,-0.0027135678391959628,0.4368231046931408,0.1557420236120597,0.22553859088761863,0.3913043478260869,0.457286432160804,0.17407841211067865,0.25027474601723143,0.38383838383838387,0.4368231046931408,0.1557420236120597,0.22553859088761863,0.3913043478260869,19.0,0.0,0.0,32.0,1.0,1.0,37.0,0.0,0.0,-0.0003567840235037162,0.0003192101822218516,-3.0757907695385215e-05,-0.004907353283193139,-0.005055629786792082,-0.004777260637781389,0.09386281588447654,0.0831256791303132,0.021660649819494584,-0.664597749710083
206,0,test,2.077968735953255,0.9267650429854637,0.9267650429854637,8.374843693387362,3.7351439611232333,3.7351439611232333,7.988226226556092,4.826229533435587,4.826229533435587,32.19497236763516,19.451167513543425,19.451167513543425,3.247443166973266,1.4683539794113922,2.0455147546326096,7.297625094321946,3.299671863845825,4.596662369960921,25.724482553341524,19.80002466283626,22.397956898806058,57.80782596256522,44.494437444575865,50.33248741304732,3.0280608719130697,1.4391327381658514,1.9543359938159581,8.110877335481437,3.854819834372816,5.2348285548641735,20.657136892263964,15.75864131098006,17.730877708874885,55.331616675707046,42.210646368696594,47.493422434486305,0.6281407035175879,-0.0018592964824121205,-0.0018592964824121205,0.5326633165829145,-0.0023366834170853723,-0.0023366834170853723,0.4170854271356784,-0.0029145728643216184,-0.0029145728643216184,0.31261770244821097,0.09169883636805454,0.09169883636805454,0.21320754716981127,0.38190954773869346,0.08115766803944535,0.1565339216952878,0.31313131313131315,0.37792642140468224,0.10079787382538341,0.16991752262826398,0.3087248322147651,24.0,0.0,0.0,35.0,-1.0,-1.0,44.0,0.0,0.0,0.003102787321162342,0.0008718315808221463,0.0016512174209514859,-0.09503563698219519,-0.08300676356234593,-0.10267711948218583,0.08286252354048965,0.12124566303681714,0.6195856873822976,-1.214341640472412
71,0,test,3.128132924321455,1.4969660494290573,1.522377628369095,7.16626815390006,3.4294131314192953,3.487628748627382,22.83131193578574,17.721478157923812,17.84969115561445,52.30446007107279,40.59829541633455,40.89201973831674,3.413104837359896,1.5864593479476963,2.19280690307996,6.205645158836174,2.884471541723084,3.9869216419635642,30.359358950281646,24.146348895585227,26.97116190697538,55.198834455057536,43.902452537427685,49.03847619450069,3.109391998723313,1.4549584456324132,2.0033661388749886,6.218783997446626,2.9099168912648263,4.006732277749977,22.40741652043016,17.177300020809074,19.38509316122612,44.81483304086032,34.35460004161815,38.77018632245224,0.6884422110552764,-0.0015577889447235815,-0.0015577889447235815,0.5628140703517588,-0.0021859296482411583,-0.0021859296482411583,0.44221105527638194,-0.0027889447236180143,-0.0027889447236180143,0.4055666003976143,0.11559639185739579,0.11915408817865047,0.37649402390438247,0.42211055276381915,0.11634614173625024,0.1917265794750045,0.36868686868686873,0.3812709030100334,0.09245621185811359,0.16658792191993332,0.3422818791946308,19.0,0.0,0.0,32.0,0.0,0.0,38.0,0.0,0.0,0.00019303054899736768,0.0007064106281776654,0.00033614073752658697,-0.006730926351623978,-0.00815192704312917,-0.006332839345486896,0.08946322067594434,0.0955058058711227,0.019880715705765408,-1.3839035034179688
232,0,test,1.599992978601562,0.5812585290666166,0.6346479620155379,10.147323890604644,3.686402776448806,4.025004180151175,4.9529976473030795,2.1833102813992538,2.3273042393115655,31.412432447369532,13.846783626768953,14.76000846510756,1.9654016242267203,0.8744219786043994,1.219280066375584,7.861606496906881,3.4976879144175976,4.877120265502336,7.137778719425129,4.160589484607466,5.0289734631816785,28.551114877700517,16.642357938429864,20.115893852726714,1.761891938591696,0.747849527578889,1.0427346759017686,8.525283573830787,3.618626746349463,5.045490367266622,5.823444578195489,3.066722252088001,3.7707419857385807,28.177957636429785,14.838978639135487,18.245525737444744,0.42713567839195976,-0.002864321608040288,-0.002864321608040288,0.371859296482412,-0.003140703517587995,-0.003140703517587995,0.3467336683417085,-0.003266331658291488,-0.003266331658291488,0.340956340956341,0.09069673555654867,0.10048713274519727,0.3104166666666667,0.371859296482412,0.15381418370045707,0.2032449392203085,0.30808080808080807,0.3612040133779264,0.13749783641632374,0.1843408320653569,0.3120805369127517,17.0,-7.0,-7.0,24.0,-12.0,-12.0,30.0,-12.0,-12.0,0.0005070018168921001,0.0006873297656851454,0.0001753841845082976,-0.16765121649245263,-0.17834673061120743,-0.1780874855117851,0.05197505197505198,0.1433373918098049,0.079002079002079,-2.219191789627075
79,0,test,1.631625675681688,0.7284985656182454,0.7685018527722768,4.956062989883128,2.212814393065421,2.334324377795791,5.112178711519929,2.6448721121718655,2.741624380105512,15.528242836241786,8.033799040722041,8.327684054570494,2.1668637355728992,0.892575705775142,1.3013020896788285,4.248752422691959,1.7501484426963567,2.551572724860448,8.73085877498404,5.154704386839716,6.35451840192699,17.119330931341253,10.107263503607287,12.45984000377841,1.7862277717503212,0.7522414094168488,1.0825719936037208,4.54125704682285,1.912478159534361,2.752301678653527,5.966901445130223,3.154647261504001,3.9457734314916313,15.170088419822603,8.020289647891529,10.031627368199064,0.4824120603015075,-0.0025879396984924696,-0.0025879396984924696,0.35678391959798994,-0.0032160804020100464,-0.0032160804020100464,0.26633165829145733,-0.0036683417085426884,-0.0036683417085426884,0.30515463917525776,0.0899126206376677,0.0930334270540456,0.262396694214876,0.321608040201005,0.07348773944912523,0.1262824976300534,0.303030303030303,0.3210702341137124,0.10404185347932171,0.14198235869658227,0.2651006711409396,19.0,0.0,0.0,25.0,0.0,0.0,33.0,0.0,0.0,0.00034209869466455655,0.0007507140170720377,0.0004228046124472402,-0.14785426326928963,-0.1562357468182265,-0.15701090244865057,0.05154639175257732,0.2510265388534811,0.19175257731958764,-1.6386654376983643
129,0,test,3.0913325987073823,1.4678971602334532,1.940140433183935,5.857261765971882,2.7812788299160163,3.6760555576116656,22.00638412379659,16.935904373284597,18.844423880206897,41.69630676087775,32.08908197043397,35.70522419407622,3.07636174034961,1.4434827312157212,1.9828096049083574,4.769553085813349,2.2379577228150715,3.0741234184625696,21.67938351147595,16.560793518465726,18.694525628131625,33.611447304613876,25.675648865838333,28.983760663769964,3.081582407329998,1.4622333405660657,1.9883905503397277,5.569124832524093,2.6425903745169856,3.593476898204327,21.792860307673465,16.743058145240994,18.8090776106089,39.384687303024336,30.258538816700593,33.992308934835364,0.6633165829145728,-0.0016834170854271857,-0.0016834170854271857,0.507537688442211,-0.0024623115577889765,-0.0024623115577889765,0.4170854271356784,-0.0029145728643216184,-0.0029145728643216184,0.38718662952646243,0.09928676860852081,0.155515075274263,0.34078212290502796,0.4120603015075377,0.1413836097782144,0.19503192087314702,0.31313131313131315,0.39799331103678925,0.10917861988486943,0.17552390058072698,0.3389261744966443,20.0,0.0,0.0,28.0,0.0,0.0,40.0,0.0,0.0,0.00041057171617217114,-8.732922432536937e-05,0.0001517712721136844,0.0002700994800370893,-0.00012876567244202164,0.00012093524551914925,0.07242339832869081,0.29919967079680077,0.002785515320334262,-1.1069657802581787
19,0,test,2.381358330421362,1.1284615299436787,1.2016924663424569,6.060493952024736,2.871904740227034,3.058275536035565,10.819589464561268,7.3191210212775175,7.566302483343445,27.53556895478291,18.62696937161104,19.256039653376703,3.5468971931112896,1.6778388593945592,2.293989570193334,5.629995544621095,2.663236284753269,3.6412532860211653,34.70546589414381,28.223276429013907,31.204959567044412,55.08804110181558,44.79885147462525,49.53168185245145,2.842229613272917,1.3452404521758001,1.8357024337375611,6.047297049516845,2.8622137280336175,3.9057498590160877,17.153969649535053,12.685753929778386,14.417887076424499,36.4978077649682,26.99096580803912,30.676355481754253,0.6984924623115578,-0.0015075376884421399,-0.0015075376884421399,0.5728643216080402,-0.0021356783919597166,-0.0021356783919597166,0.4773869346733668,-0.0026130653266331905,-0.0026130653266331905,0.34375,0.10545655567117584,0.11794354838709675,0.3152400835073069,0.44723618090452266,0.13645923854863296,0.220191105779314,0.4949494949494949,0.3846153846153846,0.12418132785411584,0.18772995636176948,0.37583892617449666,21.0,0.0,0.0,34.0,0.0,0.0,42.0,0.0,0.0,0.001082216357975875,0.0008012014664443037,0.0012227709129429291,-0.09430731920876756,-0.10000932853761135,-0.10677829408947392,0.0625,0.14354962922024553,0.3625,-0.7656614780426025
213,0,test,2.8429294766293975,1.3564216553942168,1.500239613188419,6.72097686526232,3.206719913521713,3.5467203163069807,17.165979286373116,12.744351873702293,13.336649247018569,40.582135646246186,30.12895494244491,31.52920668141313,3.04863763107224,1.4140209490093878,1.9489956129008892,5.752146473721208,2.667964054734694,3.6773502130205458,21.08659712006259,15.959104959499275,18.083506340492516,39.786032302004884,30.111518791508068,34.11982328394814,3.1236022740742864,1.4861039295886833,2.0236987940200613,6.12471034132213,2.9139292737033005,3.9680368510197277,22.728105220028656,17.585816048227173,19.724229144030847,44.56491219613462,34.48199225142584,38.67495910594284,0.6030150753768844,-0.0019849246231156137,-0.0019849246231156137,0.4824120603015075,-0.0025879396984924696,-0.0025879396984924696,0.40703517587939697,-0.00296482412060306,-0.00296482412060306,0.39347826086956517,0.12203417835056407,0.138346296060181,0.355119825708061,0.39698492462311563,0.11127063890882993,0.18496489123413395,0.3484848484848485,0.4013377926421404,0.1175314487356296,0.19110419976116155,0.37583892617449666,24.0,0.0,0.0,35.0,0.0,0.0,44.0,1.0,1.0,0.0003464478299149295,0.0008049493716918666,3.955084095313587e-05,-0.024871385324266804,-0.03428244204181752,-0.029146081819264147,0.05652173913043478,0.05842736527281684,0.07173913043478261,-0.8454334735870361
17,0,test,1.865811839670158,0.8628276039564584,1.1861297748781139,4.816027141712715,2.227127661494448,3.061634119770858,6.4611791989282095,3.7347732606566684,4.4879289321730695,16.677573658771962,9.640183971951402,11.584226816378353,2.07280967912921,0.86637332374607,1.2565945038642772,4.5061079981069785,1.8834202690131958,2.731727182313646,7.947120637735918,4.605565344094046,5.6851980023072715,17.276349212469388,10.012098574117491,12.359126091972328,1.8647335463133017,0.8552298409862318,1.1804694205470145,4.781368067470004,2.192897028169825,3.026844668069268,6.454215907230831,3.70997718129529,4.47190334128771,16.549271557002132,9.512762003321258,11.466418823814642,0.4522613065326633,-0.0027386934673366836,-0.0027386934673366836,0.3316582914572864,-0.0033417085427135396,-0.0033417085427135396,0.25125628140703515,-0.003743718592964851,-0.003743718592964851,0.3156146179401993,0.08344214696175811,0.1321892035755584,0.2533333333333333,0.321608040201005,0.0860190677699273,0.1413075393662805,0.25757575757575757,0.31438127090301005,0.08399729761419539,0.1308440072767586,0.2516778523489933,17.0,-3.0,-3.0,26.0,-1.0,-1.0,31.0,0.0,0.0,0.0012859352937227048,0.0003801540488503753,0.00021334416888321177,-0.07348149500377943,-0.07033137753608631,-0.06912170344303625,0.09634551495016612,0.1308483556384039,0.20930232558139536,-1.6855230331420898
32,0,test,3.4189643838523183,1.6402152920407258,2.2309544638912326,5.29332049276628,2.539419614580819,3.454015794349371,30.5377732284329,24.615329878291192,27.25722707095391,47.27929357701541,38.110028491770635,42.20027541442103,3.294466485655103,1.5504227579902183,2.12729108731287,5.147603883836099,2.422535559359716,3.3238923239263594,26.96302507121521,21.242596499758058,23.750120437395935,42.12972667377377,33.19155703087196,37.10956318343115,3.419115478538643,1.6440525422651926,2.2333987709229763,5.31468727233986,2.5555220864225796,3.47160430713416,30.542387672300105,24.641735182588384,27.269355884453493,47.47521399839395,38.30321530972287,42.38759982039403,0.6532663316582914,-0.0017336683417086274,-0.0017336683417086274,0.5477386934673367,-0.002261306532663321,-0.002261306532663321,0.42713567839195976,-0.002864321608040288,-0.002864321608040288,0.39473684210526316,0.07453979777028774,0.1562248070943223,0.41254125412541254,0.3869346733668342,0.08868905933174642,0.1665673945688375,0.38888888888888884,0.3913043478260869,0.07243957320171301,0.15326207863810026,0.4093959731543624,25.0,0.0,0.0,34.0,-2.0,-2.0,40.0,1.0,1.0,-0.00032414890099699556,4.5390624989773135e-05,4.137421508666104e-06,0.00048729044062767457,8.427820529455232e-05,-5.782855820246624e-05,0.08223684210526316,0.17270767250679966,0.26973684210526316,-1.108281135559082
77,0,test,2.585578529702662,1.2554388337162206,1.6942052321846164,6.383146995203447,3.099364620736919,4.182569166955771,13.270964516678672,9.489392895628898,10.83248841056945,32.762693650550474,23.426938711083842,26.742705763593328,2.6666410349352736,1.2726390260486917,1.7312919091238035,6.349145321274461,3.0300929191635517,4.122123593151914,14.391547210149913,10.360597497562727,11.843444299188981,34.265588595595034,24.668089279911257,28.198676902830908,2.6202326129322224,1.259900372187989,1.7089810844875726,6.288558271037333,3.023760893251173,4.1015546027701735,13.73891906365766,9.841431072637832,11.251485383518387,32.97340575277838,23.619434574330796,27.003564920444127,0.5778894472361809,-0.002110552763819218,-0.002110552763819218,0.4824120603015075,-0.0025879396984924696,-0.0025879396984924696,0.38190954773869346,-0.0030904522613065533,-0.0030904522613065533,0.4031746031746032,0.13059140190677432,0.19620522619466652,0.3853503184713376,0.40703517587939697,0.12883968715759242,0.2067012860630364,0.3787878787878788,0.41137123745819393,0.1342426898788951,0.20113764457721506,0.3926174496644296,18.0,0.0,0.0,29.0,0.0,0.0,39.0,0.0,0.0,0.00043559344797709077,0.0002504400489486419,0.0001135709114748777,-0.01726676884682643,-0.01708237386706557,-0.017270107284960368,0.08253968253968254,0.10358691049638605,0.18095238095238095,-1.3053836822509766
138,0,test,1.097102231320605,0.41418369207778594,0.5800306487345485,8.382986280347186,3.1647882112610315,4.432029059561422,2.995473246646253,1.0158262599911907,1.3183640708202928,22.88848788463034,7.761954499419867,10.0736536693448,1.356336497345109,0.5618091612923284,0.7759397539474122,7.294890891126397,3.0216222458695494,4.173297595555001,3.881945701286314,1.6685511435781741,2.0951985309962375,20.878572825837203,8.97409939383937,11.268770477520306,1.097102231320605,0.41418369207778594,0.5800306487345485,8.382986280347186,3.1647882112610315,4.432029059561422,2.995473246646253,1.0158262599911907,1.3183640708202928,22.88848788463034,7.761954499419867,10.0736536693448,0.303030303030303,-0.0019696969696970656,-0.0019696969696970656,0.21212121212121215,-0.002878787878787814,-0.002878787878787814,0.15656565656565657,-0.0034343434343434565,-0.0034343434343434565,0.2525252525252525,0.044121891180714634,0.05767642833712261,0.14527027027027029,0.25757575757575757,0.04850774750019082,0.07972340858246896,0.15228426395939088,0.2525252525252525,0.044121891180714634,0.05767642833712261,0.14527027027027029,17.0,0.0,0.0,24.0,0.0,0.0,28.0,0.0,0.0,0.001342477474414178,0.00041994521764345655,0.00021425280834453192,-0.2173231832866751,-0.21233560873659663,-0.21240163895242326,0.14814814814814814,0.09881318982673208,0.797979797979798,-0.31619739532470703
136,0,test,2.8458426817750127,1.3113153975951168,1.8124981522670318,5.4824322251842155,2.526210545367063,3.4917243815732526,17.216060218155032,12.576928197711164,14.405610452448217,33.166233655563374,24.229082263237686,27.751984842216423,2.8458426817750127,1.3113153975951168,1.8124981522670318,5.4824322251842155,2.526210545367063,3.4917243815732526,17.216060218155032,12.576928197711164,14.405610452448217,33.166233655563374,24.229082263237686,27.751984842216423,2.8458426817750127,1.3113153975951168,1.8124981522670318,5.4824322251842155,2.526210545367063,3.4917243815732526,17.216060218155032,12.576928197711164,14.405610452448217,33.166233655563374,24.229082263237686,27.751984842216423,0.6538461538461539,0.2088461538461539,0.2088461538461539,0.5,0.16000000000000003,0.16000000000000003,0.3846153846153846,0.11961538461538457,0.11961538461538457,0.39230769230769236,0.11644562334217512,0.16016483516483526,0.31007751937984496,0.39230769230769236,0.11644562334217512,0.16016483516483526,0.31007751937984496,0.39230769230769236,0.11644562334217512,0.16016483516483526,0.31007751937984496,20.0,3.0,3.0,27.0,4.0,4.0,33.0,5.0,5.0,-1.704917848921499e-05,0.0001930588819381534,-1.0907180018422558e-05,-0.01863869007180874,-0.021032511574450297,-0.019506576728065106,0.19230769230769232,0.05351193246960588,0.6076923076923076,-0.913693904876709
97,0,test,2.570909791955237,0.40368520104342753,0.40368520104342753,9.333520331663577,1.4655527950924432,1.4655527950924432,13.077717031970971,4.343707111465061,4.343707111465061,47.47779878998157,15.769545382927507,15.769545382927507,3.161850082920448,1.4489739065149285,2.005583861665523,6.51927852148546,2.987575064979234,4.135224457042316,23.614243849707655,18.069357212729148,20.436198870709166,48.68916257671682,37.25640662418381,42.13649251692612,3.0062956927128703,1.3875667165859777,1.8783420190147655,6.884646624533291,3.1776337021052923,4.30154660843076,20.212388180911756,15.165716382863984,17.12305992706821,46.28791186468341,34.73064820503202,39.213114336797425,0.5628140703517588,-0.0021859296482411583,-0.0021859296482411583,0.5025125628140703,-0.0024874371859296973,-0.0024874371859296973,0.4371859296482412,-0.002814070351758735,-0.002814070351758735,0.407673860911271,0.04599253148800608,0.04599253148800608,0.36254501800720285,0.42713567839195976,0.153952720998476,0.22513233949379619,0.31313131313131315,0.4247491638795987,0.15763731079111787,0.22675138857370325,0.3389261744966443,10.0,0.0,0.0,10.0,0.0,0.0,10.0,0.0,0.0,0.002086144481386849,0.001396142679817831,0.00018256728882935682,-0.020677002434127623,-0.0362025780811992,-0.03236318439052255,0.02997601918465228,0.5351609160829842,0.001199040767386091,0.0782020092010498
123,0,test,3.911170491674661,1.9167375529354462,2.5237788308599676,6.47617067458688,3.173760785325669,4.178908203656504,49.95739247665609,42.60935741642565,45.95300086886258,82.72014754274218,70.55316855929085,76.08962004332595,4.632289972858288,2.236265504714075,3.034250790420918,7.29494483914691,3.521677960179645,4.778347701450265,102.74908753082138,91.76964714451023,97.80575758388952,161.80958666271084,144.51912936143341,154.0248150927394,4.206756796381034,2.045993844549444,2.7656646071560145,7.011261327301725,3.4099897409157403,4.609441011926691,67.13844269428989,58.4606868511109,62.91313456049707,111.89740449048315,97.43447808518484,104.85522426749512,0.8442211055276382,-0.0007788944723617908,-0.0007788944723617908,0.7587939698492463,-0.001206030150753712,-0.001206030150753712,0.7336683417085428,-0.001331658291457205,-0.001331658291457205,0.5154929577464789,0.18778550345674605,0.26427106136329215,0.4011299435028248,0.4371859296482412,0.058739814360020626,0.17842132196877547,0.48484848484848486,0.5150501672240803,0.16279641096364617,0.256985651095048,0.4395973154362416,28.0,-2.0,-2.0,42.0,-5.0,-5.0,46.0,-3.0,-3.0,0.0005055432667691683,0.0008566954362309557,0.0004244167734182449,-0.007609772985640362,-0.008600177837697842,-0.007446166241599883,0.07605633802816901,0.17792887361340556,0.9915492957746479,-1.4156479835510254
247,0,test,2.049338427434642,0.9821923365389253,1.0819658013427327,6.0823313583476875,2.9150964860097592,3.2112190129595204,7.76276377559033,4.855692642409775,5.1317410856596855,23.03948479550207,14.411446752793113,15.230744376028422,2.695774279277416,1.229166972059061,1.7148978446002912,5.391548558554832,2.458333944118122,3.4297956892005823,14.81698679881186,10.482482274060505,12.150194311402604,29.63397359762372,20.96496454812101,24.300388622805208,2.38310422868967,1.1271935142948206,1.5421755912233859,5.8600923656303365,2.7717873302331655,3.792235060385375,10.838495866596059,7.3274613982076335,8.519976825565575,26.652039016219817,18.018347700510574,20.950762685816986,0.6030150753768844,-0.0019849246231156137,-0.0019849246231156137,0.457286432160804,-0.0027135678391959628,-0.0027135678391959628,0.3417085427135679,-0.003291457286432098,-0.003291457286432098,0.3203463203463204,0.09440037440037441,0.1062700740120095,0.24728850325379614,0.371859296482412,0.0861450107681263,0.16317816125703632,0.2727272727272727,0.33444816053511706,0.0907085945918783,0.15536028511798694,0.25838926174496646,19.0,-1.0,-1.0,27.0,-2.0,-2.0,32.0,0.0,0.0,0.00012228625411112745,0.001142050982659107,0.00040020237815780417,-0.06212203861787202,-0.0788068327269249,-0.0742797517033118,0.08874458874458875,0.08643437207020391,0.2878787878787879,-1.5838470458984375
161,0,test,2.1598171669492268,1.0064626531118546,1.3817696686360705,5.274336125086156,2.457810971729674,3.3743215821040273,8.66955243283192,5.5007475322415305,6.492335340144042,21.17129833235041,13.432984915691272,15.854471084264796,2.203095039772568,0.9964235437080562,1.3941792802959208,5.007034181301291,2.264598962972855,3.16858927339982,9.05298954631922,5.710648424702317,6.807517511757036,20.57497624163459,12.978746419777993,15.471630708538719,2.254227156731232,1.073550624260621,1.4618422438316097,5.324946039522596,2.5359463565211517,3.4531706547203376,9.527926869814856,6.2713502321801045,7.3192692637648955,22.506913865704384,14.814213146882137,17.289612434090305,0.46733668341708545,-0.002663316582914521,-0.002663316582914521,0.3517587939698492,-0.0032412060301507672,-0.0032412060301507672,0.27638190954773867,-0.0036180904522613577,-0.0036180904522613577,0.33333333333333337,0.09559187716691431,0.1462046204620462,0.25970149253731345,0.33668341708542715,0.10109444465434947,0.15471346716889955,0.2222222222222222,0.33444816053511706,0.0973863909190903,0.1509108969088656,0.261744966442953,22.0,-2.0,-2.0,29.0,-3.0,-3.0,36.0,1.0,1.0,0.0012774471983844635,0.0004522810090837066,0.00038100116898243574,-0.08373102060120718,-0.07542172058754648,-0.07716475267408995,0.10714285714285714,0.1539347370913985,0.05357142857142857,-1.5460686683654785
22,0,test,2.3466440488191025,1.0159937770502017,1.386090579235859,8.000938756926082,3.464054973180687,4.72590883206131,10.45043964501451,6.666936752087022,7.8372972769402445,35.63102278966852,22.731079592830035,26.72145166804388,3.173700712214453,1.3980274861281576,1.96172192693287,6.975166400471325,3.0725878816003465,4.311476762489825,23.89575223084472,17.991497533946017,20.535625182453064,52.5181367710873,39.54175282185938,45.133242159237504,2.6239331781402635,1.126557105038886,1.5943277028351739,7.793860925169099,3.34620922288778,4.7356268401044765,13.789855017322532,9.319910156775173,10.989894054303399,40.959965397987716,27.682901455767833,32.64324966624772,0.6331658291457287,-0.0018341708542712887,-0.0018341708542712887,0.5678391959798995,-0.0021608040201005485,-0.0021608040201005485,0.4824120603015075,-0.0025879396984924696,-0.0025879396984924696,0.4005602240896359,0.1250357485651603,0.18452894354222626,0.3202247191011236,0.4723618090452262,0.1540660696968552,0.23363059034739642,0.4191919191919192,0.4280936454849499,0.13260115800581795,0.20228719387204663,0.3557046979865772,21.0,-5.0,-5.0,32.0,-1.0,-1.0,42.0,-5.0,-5.0,0.001190365480137811,0.00074837426752631,0.0005781534494624541,-0.033766043152255065,-0.043238983077858784,-0.03835032599984611,0.0700280112044818,0.29486568557191084,0.9299719887955182,-1.4118530750274658
142,0,test,2.7825274860042315,1.340564947188484,1.5080395823283201,5.690961193094627,2.7417889417610617,3.0843162498298673,16.1598130769274,11.930825847112018,12.58294383749897,33.05083941525423,24.401508067396527,25.735251649545408,3.350956386736777,1.5715547672886612,2.1582614034343663,5.448709571929719,2.5553736053474165,3.5093681356656363,28.530006319720037,22.603697150476886,25.234054535710275,46.390254178406565,36.75397910646648,41.030982984894756,2.8674039362324955,1.369787386077631,1.8646559828150588,5.4791158017181445,2.6174281262629897,3.5630369098376926,17.591290757282156,13.120270848308422,14.865528944365549,33.6139313833417,25.070581238805907,28.405469320443725,0.6934673366834171,-0.0015326633165829717,-0.0015326633165829717,0.5577889447236181,-0.00221105527638199,-0.00221105527638199,0.457286432160804,-0.0027135678391959628,-0.0027135678391959628,0.38359201773835916,0.10784450943271129,0.128460052928975,0.34444444444444444,0.42211055276381915,0.11885240740041059,0.18337933406598939,0.38383838383838387,0.37792642140468224,0.1074756701525954,0.1621310932623018,0.31879194630872487,18.0,0.0,0.0,27.0,0.0,0.0,39.0,0.0,0.0,0.00011045064411388682,0.0011120964349030404,3.2769569189332607e-05,-0.016327167861797776,-0.02408032304992158,-0.01958139553142324,0.09977827050997783,0.10720436476205454,0.06651884700665188,-1.2826809883117676
36,0,test,2.74765100238988,1.2877414189328906,1.7665339098442066,6.011639105900006,2.8174745139068613,3.8650339235517537,15.605930501881765,11.30036028591105,12.938496152645175,34.144519084654064,24.72427820944297,28.308387555451862,3.3010097376524876,1.5484810309574673,2.129835834043088,5.3674955083780285,2.5178553348901906,3.4631476976310367,27.140029399305973,21.370856606974773,23.91425223108772,44.130129104562556,34.74936033654434,38.88496297737841,2.8502431250205356,1.3397463313192228,1.8344706595286788,5.8970547414217975,2.771888961350116,3.795456536955887,17.291985443862504,12.763005239501991,14.530489710010116,35.77652160799139,26.406217736900672,30.06308215864162,0.6834170854271358,-0.0015829145728643024,-0.0015829145728643024,0.5326633165829145,-0.0023366834170853723,-0.0023366834170853723,0.42713567839195976,-0.002864321608040288,-0.002864321608040288,0.36923076923076925,0.11156205757432758,0.16800502867918599,0.31481481481481477,0.38190954773869346,0.09440954773869348,0.1622756043110728,0.36363636363636365,0.3712374581939799,0.1029041248606466,0.16591004420951816,0.3221476510067114,23.0,0.0,0.0,33.0,0.0,0.0,40.0,0.0,0.0,0.0010917397862636965,0.00022552497890242687,0.00040409470613188183,-0.033350808517452535,-0.028503266770954383,-0.034307805230923805,0.11076923076923077,0.11646866890434825,0.5723076923076923,-0.8374271392822266
37,0,test,3.016269023243979,1.4448991536050046,1.9655247586983244,5.495394247828071,2.6324874990337754,3.5810245603681796,20.41498159532316,15.601744408121451,17.555202837183646,37.19441852298603,28.425095976440453,31.984136675964724,3.2168494672005545,1.529711083469083,2.0857068537219137,5.317106557356289,2.5284480718497244,3.4474493449948986,24.949392350225203,19.545397950746764,21.850196689697068,41.23866504169455,32.3064428937963,36.11602758627615,3.016269023243979,1.4448991536050046,1.9655247586983244,5.495394247828071,2.6324874990337754,3.5810245603681796,20.41498159532316,15.601744408121451,17.555202837183646,37.19441852298603,28.425095976440453,31.984136675964724,0.7085427135678393,0.0035427135678391952,0.0035427135678391952,0.5577889447236181,-0.00221105527638199,-0.00221105527638199,0.44221105527638194,-0.0027889447236180143,-0.0027889447236180143,0.4188679245283019,0.12187544332529443,0.18983162915909035,0.375,0.40703517587939697,0.10127076485182807,0.1699734062633702,0.3787878787878788,0.4188679245283019,0.12187544332529443,0.18983162915909035,0.375,21.0,0.0,0.0,31.0,0.0,0.0,40.0,0.0,0.0,0.00038756170217483046,0.0003433288995957572,2.7695433680551728e-05,-0.0001486651793047855,0.00023534568223659846,7.884916357880911e-05,0.10566037735849057,0.0685371467162821,0.7735849056603774,-0.9210984706878662
109,0,test,2.51966206788558,0.890952605021597,0.890952605021597,8.267641160249559,2.923438235227115,2.923438235227115,12.424397351208965,7.327105124145654,7.327105124145654,40.76755380865441,24.042063688602926,24.042063688602926,3.956607862059858,1.877776468624826,2.5594239396605634,9.891519655149645,4.694441171562065,6.398559849151409,52.279684925274026,44.28456462241175,48.235888651843354,130.69921231318506,110.71141155602936,120.58972162960838,3.1551158275478337,1.492528263095447,2.0330382098588653,9.10129565638798,4.305369989698404,5.864533297669803,23.455753756535863,18.182816484276678,20.384525338638337,67.66082814385345,52.45043216618272,58.80151539991828,0.4120603015075377,-0.0029396984924623393,-0.0029396984924623393,0.3266331658291457,-0.0033668341708542604,-0.0033668341708542604,0.27638190954773867,-0.0036180904522613577,-0.0036180904522613577,0.2718600953895072,0.061693917481393745,0.061693917481393745,0.20700636942675155,0.25125628140703515,0.07832395057996744,0.11936980394459773,0.12121212121212122,0.2575250836120402,0.08223293002272469,0.12181874323384223,0.1476510067114094,10.0,0.0,0.0,10.0,0.0,0.0,10.0,0.0,0.0,0.007265976849050627,0.001635047383312006,0.001557057134906447,-0.13570937205909495,-0.1291914769153344,-0.12620339714767592,0.0397456279809221,2.8519578792639737,0.0047694753577106515,-0.4268326759338379
225,0,test,1.3943266528089588,0.6299222329012443,0.8712466400084262,5.389608792588476,2.4348917079451944,3.367703358494109,4.032258548354077,1.8845436909015265,2.345042245506047,15.586230158060953,7.284486189830901,9.064490218206066,1.4011526024099217,0.62638254047265,0.8706450718130705,5.389048470807391,2.4091636172025,3.3486348915887327,4.0598766947853715,1.88978361197378,2.3600819071894965,15.61491036455912,7.268398507591462,9.077238104574986,1.3943266528089588,0.6299222329012443,0.8712466400084262,5.389608792588476,2.4348917079451944,3.367703358494109,4.032258548354077,1.8845436909015265,2.345042245506047,15.586230158060953,7.284486189830901,9.064490218206066,0.29648241206030146,-0.0035175879396985854,-0.0035175879396985854,0.2211055276381909,-0.003894472361809065,-0.003894472361809065,0.18090452261306533,-0.0040954773869347205,-0.0040954773869347205,0.24,0.060448877805486245,0.10046511627906973,0.17085427135678388,0.24120603015075381,0.06075490233120495,0.1026417563611044,0.1717171717171717,0.24,0.060448877805486245,0.10046511627906973,0.17085427135678388,20.0,0.0,0.0,27.0,0.0,0.0,30.0,0.0,0.0,0.002111692230340641,0.0011878254360247447,0.0007602078514382522,-0.12625293817236827,-0.12649795370594497,-0.1266206253159261,0.135,0.17200542965618199,0.77,-0.6971309185028076
18,0,test,3.874281174450908,1.8900358437888598,2.549001028425632,6.35624255183352,3.100840056216098,4.181954812260802,48.148075781805915,40.87451959794245,44.384836317887135,78.99293682952532,67.05975871537433,72.81887208403357,3.8598459642064573,1.8623536649406678,2.525836324591734,6.225558006784609,3.0037962337752706,4.07392955579312,47.45804056886654,40.08749079747653,43.661806124967825,76.54522672397829,64.65724322173635,70.4222679434965,3.874281174450908,1.8900358437888598,2.549001028425632,6.35624255183352,3.100840056216098,4.181954812260802,48.148075781805915,40.87451959794245,44.384836317887135,78.99293682952532,67.05975871537433,72.81887208403357,0.7688442211055276,-0.0011557788944723812,-0.0011557788944723812,0.6381909547738693,-0.0018090452261306789,-0.0018090452261306789,0.5276381909547738,-0.002361809045226204,-0.002361809045226204,0.43540669856459335,0.11082435966244542,0.18898380508287638,0.3846153846153846,0.42713567839195976,0.103827407715268,0.178387765203312,0.3737373737373737,0.43540669856459335,0.11082435966244542,0.18898380508287638,0.3846153846153846,28.0,0.0,0.0,39.0,0.0,0.0,46.0,0.0,0.0,0.0006421628875372539,0.0003819650096170274,0.00023656584374902567,0.0002394104448821821,0.00011303634068582369,6.066638605339847e-05,0.21052631578947367,0.15816490531879496,0.06220095693779904,-0.6294519901275635
41,0,test,2.123084153510507,0.9614237607975868,1.0210296525859266,7.920737034250737,3.5868501845140734,3.809226011570572,8.35687165828453,5.1616374405974526,5.346527227866644,31.177559648215365,19.256878143767416,19.946659273194786,2.8243812363081138,1.3033701650447158,1.7996274748834682,6.8057379188147324,3.1406510001077494,4.336451746707153,16.85051527261752,12.27366489416982,14.064106017978604,40.60365125931933,29.575096130529683,33.88941209151471,2.449251717250844,1.1209053603306933,1.5566295471083786,7.734479107107928,3.5397011378864,4.915672254026459,11.579678602787611,7.804882544601165,9.138155248207632,36.567406114066145,24.64699750926684,28.857332362760946,0.5226130653266332,-0.002386934673366814,-0.002386934673366814,0.42211055276381915,-0.0028894472361808976,-0.0028894472361808976,0.3417085427135679,-0.003291457286432098,-0.003291457286432098,0.31404958677685946,0.09961659708613779,0.10681596018839412,0.2650103519668737,0.3417085427135679,0.09420854271356782,0.15202468248062273,0.28787878787878785,0.3210702341137124,0.102736900780379,0.1534786691858544,0.2684563758389261,21.0,0.0,0.0,32.0,0.0,0.0,37.0,0.0,0.0,0.0006906043483500129,0.0010527148595989252,0.0006434010320612904,-0.1020350900385143,-0.12246026401345045,-0.11797183639040476,0.06198347107438017,0.06327526193669915,0.18388429752066116,-0.7919507026672363
49,0,test,2.3433665292936223,1.0594062242284301,1.1292869796489626,7.194284503946025,3.2524445864847342,3.466982956629299,10.416244193768698,6.805332435528495,7.049050890548947,31.97853312991409,20.892804037737164,21.64103521811842,2.974643715537643,1.3251302108739766,1.8540567526978782,5.949287431075286,2.6502604217479533,3.7081135053957563,19.582645014400935,14.378197742535269,16.51599132751797,39.16529002880187,28.756395485070538,33.03198265503594,2.732233010228324,1.2457855927517307,1.7254069232628482,6.454093724948796,2.942800612799364,4.075764385660271,15.367163769375518,10.945803431553252,12.630263238613718,36.300386856792564,25.856228578472248,29.835267492788315,0.5979899497487438,-0.0020100502512562235,-0.0020100502512562235,0.4723618090452262,-0.0026381909547738003,-0.0026381909547738003,0.39698492462311563,-0.0030150753768843908,-0.0030150753768843908,0.3492723492723493,0.09174379267837218,0.09902796999571195,0.29374999999999996,0.39698492462311563,0.12380196722963188,0.18496489123413395,0.3484848484848485,0.38795986622073575,0.11750911496864891,0.17550157923519627,0.34563758389261745,21.0,0.0,0.0,29.0,0.0,0.0,38.0,0.0,0.0,0.0018359746999792948,0.00024222676876806536,0.0007576618858847775,-0.06264161285751957,-0.05588546401409911,-0.06678457836727869,0.05197505197505198,0.34860658485907337,0.5051975051975052,-1.2607581615447998
91,0,test,2.9315951295362472,1.42246499030019,1.9240246785283652,5.917816255275033,2.8714355394258493,3.8839007485821035,18.757527331545035,14.234732450641186,16.018588792024378,37.86457380591389,28.734708363095564,32.335660605018155,3.199642353607213,1.5481107505562646,2.097307331608161,5.332737256012022,2.580184584260441,3.495512219346936,24.523757794980913,19.308796831205132,21.51256878105268,40.87292965830152,32.18132805200855,35.85428130175446,3.0330255187259065,1.4515448720607294,1.9763557482470604,5.795590163170522,2.7736526217720945,3.776475952064447,20.759947278556766,15.897797668765177,17.883172579373092,39.66868906730592,30.377957328850655,34.171667349120554,0.7085427135678393,-0.0014572864321606982,-0.0014572864321606982,0.5678391959798995,-0.0021608040201005485,-0.0021608040201005485,0.46733668341708545,-0.002663316582914521,-0.002663316582914521,0.41975308641975306,0.14086248549525382,0.20825411311379827,0.368421052631579,0.44221105527638194,0.13143411292049223,0.20681873474215828,0.3939393939393939,0.43143812709030105,0.14429288502018423,0.2156427989479206,0.3825503355704698,24.0,0.0,0.0,33.0,1.0,1.0,45.0,0.0,0.0,0.000657973385413574,0.0004287779819060791,0.0004465853369321733,-0.01868300110706933,-0.022916839229502273,-0.02759929924883764,0.08024691358024691,0.20894993157606673,0.8672839506172839,-0.8699662685394287
156,0,test,1.13278833603832,0.5208789882200373,0.5859471865847771,4.91238018801233,2.258811766223431,2.540982511055139,3.104300275981819,1.2603514966413538,1.3765137069640898,13.46191754295962,5.465562740242794,5.9693046330846595,2.1479669038850426,0.9435259942349672,1.332680868434018,4.57014234869158,2.0075021153935473,2.835491209434081,8.567422285574496,5.232528235899382,6.307600316464924,18.228558054413824,11.133038799785922,13.420426205244521,1.4721522817388748,0.6818280210305803,0.9283672216237755,4.648901942333289,2.153141119043938,2.931685963022449,4.358606001183081,2.154494984190725,2.6360916420025,13.764018951104468,6.803668371128606,8.324499922113159,0.4522613065326633,-0.0027386934673366836,-0.0027386934673366836,0.3266331658291457,-0.0033668341708542604,-0.0033668341708542604,0.25125628140703515,-0.003743718592964851,-0.003743718592964851,0.2222222222222222,0.06461955851522994,0.07559465623981754,0.14476614699331847,0.3065326633165829,0.08096875354214683,0.12456271340005531,0.2525252525252525,0.2675585284280937,0.0839191294297631,0.12295341163165319,0.17449664429530198,21.0,0.0,0.0,27.0,1.0,1.0,33.0,1.0,1.0,0.0004482320967750481,0.0016008328008042688,0.000416264383212161,-0.0920810805141965,-0.11141547166259524,-0.1108931149392256,0.06888888888888889,0.05016920238591162,0.34444444444444444,-1.2993932962417603
187,0,test,3.4740542314400353,1.6396112188346335,2.2423849046476327,6.159404258985576,2.9069863771770796,3.9756878309428303,32.267296706124135,26.00565118978149,28.840351250165007,57.20904497085793,46.10731670404502,51.13316329758985,3.199945512194808,1.4404233516318874,2.000549834345775,5.3780596843610216,2.4208795825746003,3.362268629152563,24.53119350980001,18.721532863737252,21.213082401123692,41.228896655126064,31.464761115524794,35.652239329619654,3.483247078130435,1.6166238278913767,2.225886513045687,5.97128070536646,2.771355133528074,3.8158054509354633,32.56529263470569,26.098868639133958,29.049163998572062,55.82621594520975,44.740917667086784,49.79856685469496,0.6834170854271358,-0.0015829145728643024,-0.0015829145728643024,0.5527638190954773,-0.0022361809045226,-0.0022361809045226,0.4371859296482412,-0.002814070351758735,-0.002814070351758735,0.4250764525993884,0.09988561290473197,0.17482212909989703,0.42944785276073616,0.42211055276381915,0.10381481341544818,0.1750320886569744,0.38888888888888884,0.42140468227424754,0.10087045856807053,0.1733512896157381,0.4261744966442953,19.0,-4.0,-4.0,32.0,-7.0,-7.0,40.0,-8.0,-8.0,-9.736989107636995e-05,-0.00019845642878340726,-0.00015375798733474643,-0.015609556467364172,-0.014514070094136855,-0.014482935722891277,0.07951070336391437,0.08780743205381758,0.6269113149847095,-0.9252238273620605
172,0,test,1.9981788227922692,0.5727757502974926,0.7927294563728597,12.079899246880537,3.462689763162114,4.792409895345015,7.375611564532383,3.216077465839133,4.037352722038976,44.58892445830941,19.442650134391123,24.407632365053814,2.0889436203891196,0.6440207874288164,1.0300410286879276,9.284193868396088,2.8623146107947406,4.577960127501901,8.076378934313274,3.834854110036268,5.19317373512251,35.895017485836775,17.04379604460564,23.08077215610005,2.026363802004563,0.6324946838209813,0.9990437359473199,11.052893465479436,3.4499710026598978,5.449329468803563,7.5864503087501225,3.5560362363124147,4.792881095745127,41.38063804772794,19.396561288976805,26.142987794973415,0.4974874371859297,-0.002512562814070307,-0.002512562814070307,0.44221105527638194,-0.0027889447236180143,-0.0027889447236180143,0.3668341708542714,-0.0031658291457286047,-0.0031658291457286047,0.42713567839195976,0.07205412255758081,0.10357751612412003,0.4030226700251889,0.4371859296482412,0.08380247100162463,0.15337958574173038,0.4040404040404041,0.4280936454849499,0.08084823646992478,0.15668096472855386,0.3993288590604027,22.0,-10.0,-10.0,27.0,-4.0,-4.0,32.0,-7.0,-7.0,6.354499978567711e-05,0.00010175853689427991,1.1083627884141614e-05,-0.18031641977654989,-0.18892968509373187,-0.18497150649272598,0.06532663316582915,0.0841267306613763,0.002512562814070352,-2.1909828186035156
147,0,test,2.6650544231646953,1.2685294319062046,1.7312083032141004,5.143087483300289,2.4480392545558334,3.340928304448264,14.36873151655969,10.327598948724983,11.824455542533293,27.729130996869575,19.930454111574527,22.8191247312046,2.8511785486872174,1.3378978464368931,1.84050396207404,5.091390265512888,2.3891032972087376,3.2866142179893565,17.308168344044496,12.766562306546692,14.56071455848088,30.907443471508024,22.797432690261946,26.00127599728728,2.6650544231646953,1.2685294319062046,1.7312083032141004,5.143087483300289,2.4480392545558334,3.340928304448264,14.36873151655969,10.327598948724983,11.824455542533293,27.729130996869575,19.930454111574527,22.8191247312046,0.6180904522613065,-0.0019095477386934512,-0.0019095477386934512,0.4974874371859297,-0.002512562814070307,-0.002512562814070307,0.3668341708542714,-0.0031658291457286047,-0.0031658291457286047,0.3744292237442922,0.09196908707003248,0.17260828292486885,0.3165137614678899,0.38190954773869346,0.09619526202440776,0.16988951434971178,0.3484848484848485,0.3744292237442922,0.09196908707003248,0.17260828292486885,0.3165137614678899,24.0,-10.0,-10.0,33.0,-9.0,-9.0,41.0,-9.0,-9.0,0.000344690554033478,0.00019213937479254628,0.0002456021564811189,-0.010160881380433473,-0.011199392914750028,-0.01178259164262574,0.1141552511415525,0.29101745465860523,0.7488584474885844,-1.3268659114837646
207,0,test,3.252973878960805,1.5728945319099938,2.1246194751123735,6.284657017856249,3.0387894357988996,4.1047070131422725,25.867151423916916,20.501169694861574,22.776584935015308,49.974632682941525,39.60770199551488,44.003742323430934,3.6165316871077233,1.7050250091345551,2.335703330827612,6.4580922984066484,3.0446875163117055,4.1708988050493065,37.20829376523765,30.44502256769085,33.608673506263045,66.44338172363865,54.36611172801936,60.015488404041136,3.252973878960805,1.5728945319099938,2.1246194751123735,6.284657017856249,3.0387894357988996,4.1047070131422725,25.867151423916916,20.501169694861574,22.776584935015308,49.974632682941525,39.60770199551488,44.003742323430934,0.7135678391959799,-0.0014321608040201994,-0.0014321608040201994,0.6130653266331658,-0.001934673366834172,-0.001934673366834172,0.507537688442211,-0.0024623115577889765,-0.0024623115577889765,0.4593639575971732,0.15248565071886633,0.23844738885451744,0.3794326241134752,0.457286432160804,0.12395309882747063,0.20853851897215625,0.3939393939393939,0.4593639575971732,0.15248565071886633,0.23844738885451744,0.3794326241134752,24.0,0.0,0.0,36.0,0.0,0.0,46.0,0.0,0.0,0.0010658822599926437,0.0001444190066723733,0.00022484189439357126,-0.03633917861612623,-0.029868744986734974,-0.032348049325609196,0.14487632508833923,0.08881780901915656,0.9611307420494699,-0.5149991512298584
188,0,test,2.2207860647761635,1.0547279633781943,1.1131739802304799,7.243637768330305,3.440253625515452,3.6308896267920345,9.214571269698787,6.00525439973706,6.187450022280579,30.05558145686987,19.587608310551754,20.18188396529102,2.6935914078681735,1.2462982218099277,1.7235384877619115,6.264166064809706,2.8983679576975065,4.008229041306771,14.784678497220414,10.533087836355683,12.146594433871263,34.3829732493498,24.495553107803914,28.247894032258753,2.25427613852151,1.0713834313020547,1.4541015771669683,6.38002680713635,3.0322172584020417,4.115381822170665,9.52839357616054,6.264591792477821,7.302464120319062,26.967151630643034,17.729976771163642,20.66735128392187,0.5025125628140703,-0.0024874371859296973,-0.0024874371859296973,0.40703517587939697,-0.00296482412060306,-0.00296482412060306,0.3467336683417085,-0.003266331658291488,-0.003266331658291488,0.331958762886598,0.11053754764457946,0.12081506787193519,0.30165289256198347,0.371859296482412,0.13376405838717387,0.19489769381129352,0.33333333333333337,0.33444816053511706,0.12409757622793838,0.17204549090219157,0.2919463087248322,17.0,0.0,0.0,29.0,0.0,0.0,35.0,0.0,0.0,0.00021772562671096003,0.0008973166164194063,0.00038951718478213765,-0.09643399470782832,-0.11616449563002895,-0.11528349661539483,0.05979381443298969,0.15254448949381233,0.13402061855670103,-1.3787691593170166
226,0,test,2.615962477091614,1.2617501327224598,1.711039625226411,6.110277318754135,2.9471535946801986,3.9965889056383324,13.680377092991067,9.806668486696552,11.20863586751473,31.95416547267987,22.906086976225524,26.18075531098331,2.8765472013997053,1.382877874883758,1.8774324123430666,5.6961330720786245,2.7383720294727882,3.7176879452337954,17.752870149263956,13.299463571018476,15.036993508920123,35.15419831537417,26.335571427759355,29.776224770138857,2.571771716655592,1.2413074963559372,1.6825604352020171,6.027589960911543,2.909314444584228,3.9435010200047276,13.088993898511841,9.306194866377282,10.655784121920973,30.677329449637124,21.81139421807175,24.974494035752276,0.5829145728643217,-0.002085427135678275,-0.002085427135678275,0.4824120603015075,-0.0025879396984924696,-0.0025879396984924696,0.371859296482412,-0.003140703517587995,-0.003140703517587995,0.37617554858934166,0.11326475046727591,0.1822235152212499,0.2987421383647799,0.37688442211055273,0.09868893338874818,0.17821998137599515,0.2828282828282829,0.36789297658862874,0.110797817990966,0.17545693654413486,0.2785234899328859,25.0,0.0,0.0,37.0,0.0,0.0,41.0,0.0,0.0,0.002588567550518526,0.00040553586282281363,4.245429643254877e-05,-0.04371032063647373,-0.037016388059327276,-0.03969565495769434,0.1755485893416928,0.0557809583097223,0.12225705329153605,-0.9881284236907959
114,0,test,0.8110146784957678,0.3430506483975395,0.3430506483975395,5.7548712802850375,2.4342498064373355,2.4342498064373355,2.250190048154575,0.6534500810802635,0.6534500810802635,15.967101985535203,4.63681016437776,4.63681016437776,1.1212478105555554,0.4791810909603591,0.6852243782982144,4.312491579059828,1.8430041960013805,2.6354783780700544,3.0686809477486423,1.1682765212091035,1.5221359143826314,11.80261902980247,4.4933712354196285,5.854368901471659,1.0407893064968565,0.41419466195747057,0.6087997270264004,4.878699874204015,1.9415374779256438,2.853748720436252,2.8314510152617376,0.9602234929790283,1.2911319511245554,13.272426634039395,4.501047623339195,6.052181020896353,0.25125628140703515,-0.003743718592964851,-0.003743718592964851,0.18592964824120606,-0.004070351758793889,-0.004070351758793889,0.1507537688442211,-0.0042462311557789345,-0.0042462311557789345,0.19922630560928434,0.05357625673342903,0.05357625673342903,0.15697674418604646,0.2361809045226131,0.07327363635218698,0.10596387614197866,0.1717171717171717,0.2240802675585284,0.06548260478724288,0.09727270359857287,0.1778523489932886,18.0,-6.0,-6.0,24.0,-7.0,-7.0,26.0,-6.0,-6.0,0.0007354192750869907,0.0004660094329654835,0.0005563626188775968,-0.23304041534340136,-0.2274855875590971,-0.24242673961635663,0.09864603481624758,0.0760835392137391,0.058027079303675046,-1.1701151132583618
262,0,test,0.9278065985911299,0.24054913283115464,0.24054913283115464,8.858646564630376,2.296749939497462,2.296749939497462,2.5289560739359294,0.5407008827975495,0.5407008827975495,24.146334021004694,5.162582401505368,5.162582401505368,2.0224436837030297,0.9089046438175856,1.270876509054225,7.77862955270396,3.4957870916060987,4.887986573285479,7.5567687416887654,4.511652607060854,5.4364484152454065,29.064495160341405,17.35251002715713,20.9094169817131,1.4517207580840392,0.6345470230803428,0.8955211762093199,7.918476862276578,3.4611655804382337,4.884660961141746,4.270456619114669,2.0063647562145404,2.526424779683481,23.29339974062547,10.943807761170223,13.780498798273536,0.39698492462311563,-0.0030150753768843908,-0.0030150753768843908,0.33668341708542715,-0.0033165829145728187,-0.0033165829145728187,0.29145728643216084,-0.0035427135678391952,-0.0035427135678391952,0.20545977011494254,0.031461725149155684,0.031461725149155684,0.1611510791366907,0.3316582914572864,0.1236382413319731,0.17306062868600092,0.2828282828282829,0.2642140468227425,0.10060803680604802,0.13629413581050676,0.2046979865771812,17.0,0.0,0.0,28.0,0.0,0.0,35.0,0.0,0.0,0.003808948132813375,0.00025112183884869703,0.0007020994131552516,-0.2069595256216501,-0.1925163996993895,-0.20155114894305282,0.040229885057471264,0.06986963476272078,0.1307471264367816,-0.6534256935119629
217,0,test,1.6233971386569104,0.7382027411343884,0.8004093335423617,6.57683968994338,2.9906675153649585,3.2426839666587983,5.070285555784186,2.6468300963500844,2.7929917627712766,20.541156867023112,10.723055262136238,11.31519739789389,2.4787576687419857,1.1391221025406202,1.5773623477200829,5.110840554107187,2.3487053660631347,3.2522935004537796,11.926438622983616,8.108786652572505,9.463401180459954,24.590595098935292,16.7191477372629,19.512167382391656,2.049856228586115,0.9150963445071785,1.2784795569314171,5.747260453979761,2.5656906855341446,3.5845221222376176,7.766784384460062,4.656357794174581,5.604042794131958,21.776030984467464,13.05520876871378,15.712269516257827,0.5678391959798995,-0.0021608040201005485,-0.0021608040201005485,0.4371859296482412,-0.002814070351758735,-0.002814070351758735,0.3266331658291457,-0.0033668341708542604,-0.0033668341708542604,0.3023255813953488,0.07951671127919258,0.0892268521675873,0.2563559322033898,0.36180904522613067,0.09614488482512817,0.1564668081643611,0.3939393939393939,0.34448160535117056,0.1024114884897348,0.1542702594112373,0.31879194630872487,22.0,-5.0,-5.0,31.0,-2.0,-2.0,38.0,-1.0,-1.0,0.0007847622167113946,0.0007392061075011068,0.0010037617072987625,-0.13385843581581902,-0.13285456429632525,-0.15409018339892633,0.052854122621564484,0.17136424472248676,0.4989429175475687,-1.1540827751159668
38,0,test,2.831829103332535,1.331237076794252,1.8273703227080875,5.685111457447892,2.6725592829581575,3.6685843599821455,16.976484187225196,12.492141052460392,14.246055075506739,34.081578103141496,25.078919537136393,28.60003481067641,3.1162024837656497,1.4621011915835014,2.009183237167421,5.467021901343245,2.5650898097956163,3.524882872223546,22.560542735511763,17.332163710488288,19.535215548594458,39.579899535985554,30.407304755242613,34.27230797999028,2.831829103332535,1.331237076794252,1.8273703227080875,5.685111457447892,2.6725592829581575,3.6685843599821455,16.976484187225196,12.492141052460392,14.246055075506739,34.081578103141496,25.078919537136393,28.60003481067641,0.7437185929648241,-0.0012814070351758744,-0.0012814070351758744,0.5628140703517588,-0.0021859296482411583,-0.0021859296482411583,0.4321608040201005,-0.002839195979899567,-0.002839195979899567,0.3939393939393939,0.08203013117946956,0.1559041294557667,0.38783269961977185,0.4120603015075377,0.09376456215916673,0.16665128648249594,0.4242424242424242,0.3939393939393939,0.08203013117946956,0.1559041294557667,0.38783269961977185,21.0,-1.0,-1.0,36.0,-5.0,-5.0,41.0,0.0,0.0,0.0006643126960014948,0.0004753382740935819,1.6876372787433978e-05,-0.004809366445895691,-0.0054271490665511735,-0.004101624788923175,0.10606060606060606,0.08226215888317687,0.9583333333333334,-0.634357213973999
212,0,test,2.316687667100943,1.1079219658301411,1.2007611375223388,6.791779992991584,3.248069365663519,3.5202438317425084,10.14202484517298,6.792676841013878,7.08962984150429,29.733141161004017,19.91393458980466,20.784504876956674,3.0124354725387694,1.4000923366390199,1.9340831185163208,5.737972328645275,2.666842545979085,3.6839678447929916,20.336869547142182,15.322322308556435,17.397037790672808,38.73689437550892,29.18537582582178,33.13721483937678,2.8255832201646864,1.3239025955523323,1.819548559598672,6.421780045828833,3.0088695353462103,4.135337635451528,16.870781497347625,12.381554057242491,14.136046165007961,38.3426852212446,28.139895584642023,32.12737764774536,0.6180904522613065,-0.0019095477386934512,-0.0019095477386934512,0.4974874371859297,-0.002512562814070307,-0.002512562814070307,0.39698492462311563,-0.0030150753768843908,-0.0030150753768843908,0.34819532908704887,0.10959511699797142,0.12141136036759625,0.28510638297872337,0.3919597989949749,0.10624551328068921,0.18160921468779623,0.3535353535353535,0.36454849498327757,0.09910609097659973,0.16543837262510186,0.3355704697986577,20.0,1.0,1.0,32.0,0.0,0.0,40.0,1.0,1.0,0.001089547346200564,0.000457565070300337,0.0004966320586452769,-0.041282288483219354,-0.03851160841499279,-0.04847803331563316,0.055201698513800426,0.22965316334884803,0.6050955414012739,-0.6827435493469238
159,0,test,3.148226858148074,1.3095084083549833,1.887125513239371,5.870131329255264,2.441687553078563,3.518702779894244,23.29472309116945,17.00624899163641,19.765416759914086,43.4349524304097,31.709568432322058,36.85426666692314,3.148226858148074,1.3095084083549833,1.887125513239371,5.870131329255264,2.441687553078563,3.518702779894244,23.29472309116945,17.00624899163641,19.765416759914086,43.4349524304097,31.709568432322058,36.85426666692314,3.148226858148074,1.3095084083549833,1.887125513239371,5.870131329255264,2.441687553078563,3.518702779894244,23.29472309116945,17.00624899163641,19.765416759914086,43.4349524304097,31.709568432322058,36.85426666692314,0.5730337078651686,0.023033707865168562,0.023033707865168562,0.5224719101123596,0.022471910112359605,0.022471910112359605,0.449438202247191,0.024438202247190954,0.024438202247190954,0.4382022471910112,0.11887451609857425,0.20872463525071272,0.4124293785310734,0.4382022471910112,0.11887451609857425,0.20872463525071272,0.4124293785310734,0.4382022471910112,0.11887451609857425,0.20872463525071272,0.4124293785310734,22.0,-6.0,-6.0,31.0,-4.0,-4.0,39.0,-4.0,-4.0,0.00022613508572252885,2.408850353921486e-05,-2.6264057077040188e-05,-6.263726599531338e-05,-3.0112808140358993e-06,1.9189486478943252e-05,0.1404494382022472,0.23679174107014433,0.16853932584269662,-2.788647413253784
12,0,test,2.511809198936323,1.1824698276587104,1.4593729366571804,4.5897604453291,2.1606948669036443,2.6666723660735756,12.327212277291018,8.548665930685353,9.46259068409685,22.52517879759541,15.620744109706873,17.290733886395156,2.4301673187083592,1.1067852331589447,1.5447927637223207,3.8270351475722193,1.7429688711164486,2.43274450979893,11.360782792487433,7.604679410156718,8.936890690133755,17.890996523602254,11.975873086860972,14.073843606509847,2.4160925399539472,1.1487200776177056,1.5658448419527538,4.175789996799019,1.9853601341485203,2.7062867499645864,11.202002309475205,7.650493740119721,8.861775859920868,19.36068607244559,13.222529643328306,15.316017237666708,0.5778894472361809,-0.002110552763819218,-0.002110552763819218,0.4321608040201005,-0.002839195979899567,-0.002839195979899567,0.3316582914572864,-0.0033417085427135396,-0.0033417085427135396,0.3940149625935162,0.1212876898662435,0.15550078859547123,0.4,0.38190954773869346,0.11373912167353051,0.17990620884052988,0.3737373737373737,0.38590604026845643,0.11622429822490532,0.18054889741131352,0.3804713804713805,25.0,-14.0,-14.0,33.0,-15.0,-15.0,44.0,-17.0,-17.0,-0.0004019234338091962,-0.0003632297492187272,-0.0001601905921023143,-0.009246813518449137,-0.006615946323076827,-0.008359193034152668,0.0798004987531172,0.1418215803598778,0.20199501246882792,-0.943098783493042
179,0,test,2.318385462779165,1.1144025427906792,1.3283504633799827,6.637569338641719,3.190549745797972,3.8030855732385813,10.159258556644268,6.825891504265224,7.4679298910570715,29.08609641559797,19.542620882074406,21.38078557850586,2.132704608640536,0.9397077860864353,1.326747561371772,4.792594626158508,2.1117028900818773,2.9814551940938703,8.437656537680503,5.1407097558935115,6.1988183899191,18.961025927371917,11.552156754816881,13.929928966110337,2.360687064776883,1.0792204950949802,1.503678466331558,5.711339672847298,2.611017326842694,3.637931773382802,10.598230622474746,6.996312304361435,8.242128528525262,25.640880538245355,16.92656202668089,19.940633536754667,0.44221105527638194,-0.0027889447236180143,-0.0027889447236180143,0.321608040201005,-0.0033919597989949812,-0.0033919597989949812,0.26633165829145733,-0.0036683417085426884,-0.0036683417085426884,0.3213429256594724,0.11176208733611914,0.1297495727757969,0.32692307692307687,0.321608040201005,0.10356292741905004,0.15132423385709848,0.3282828282828283,0.33444816053511706,0.11241143265531739,0.15980967332710816,0.34563758389261745,19.0,-8.0,-8.0,26.0,-12.0,-12.0,34.0,-11.0,-11.0,0.00013463549393218576,-0.00026059470430258794,0.00010993569136364031,-0.1079187192862543,-0.09552526646279613,-0.10436556122563445,0.05995203836930456,0.1570840800479515,0.002398081534772182,-1.1914575099945068
42,0,test,3.5564584723330728,1.6876818473572182,2.3006439445171156,6.428982623063631,3.0508094932995866,4.158856361242478,35.03888596523122,28.55852233234513,31.52818919499541,63.33952462945644,51.62502113923927,56.99326508326093,3.741233859064956,1.744664096566148,2.3956616496551644,6.133170260762223,2.860105076337948,3.927314179762565,42.14996521012476,34.78621190641405,38.30958179459344,69.09830362315535,57.02657689576073,62.80259310589088,3.5564584723330728,1.6876818473572182,2.3006439445171156,6.428982623063631,3.0508094932995866,4.158856361242478,35.03888596523122,28.55852233234513,31.52818919499541,63.33952462945644,51.62502113923927,56.99326508326093,0.728643216080402,-0.001356783919598037,-0.001356783919598037,0.5527638190954773,-0.0022361809045226,-0.0022361809045226,0.4824120603015075,-0.007587939698492474,-0.007587939698492474,0.4199288256227758,0.12330360359790904,0.1856092989955569,0.3928571428571429,0.4321608040201005,0.1464465183058148,0.19509903440407372,0.40909090909090906,0.4199288256227758,0.12330360359790904,0.1856092989955569,0.3928571428571429,26.0,0.0,0.0,37.0,0.0,0.0,48.0,0.0,0.0,0.0007205667057693392,0.00047709508033014377,3.5507490468641725e-05,-0.00025954392907312496,0.0001733692814402943,2.277625207813827e-05,0.08896797153024912,0.14906516415151566,0.5302491103202847,-0.7719674110412598
93,0,test,1.9745507361846435,0.6863117632790847,0.6863117632790847,8.877451683822015,3.0856130495392993,3.0856130495392993,7.2033827075548285,3.5769879576315335,3.5769879576315335,32.38594014047008,16.081905207888116,16.081905207888116,2.411799905923853,1.0107367324692742,1.4364602409225422,7.907540675160174,3.313890926128768,4.709705707942761,11.154019273643353,7.094505633155592,8.501951400993589,36.57055499555198,23.260674207067517,27.875250495060946,2.118201650701014,0.8350686797979918,1.1869519422269712,8.361322305398739,3.2963237360447044,4.685336614053833,8.316168656055064,4.708243093008052,5.778490100853876,32.82698153705946,18.585170103979152,22.809829345475826,0.42211055276381915,-0.0028894472361808976,-0.0028894472361808976,0.36180904522613067,-0.0031909547738693256,-0.0031909547738693256,0.31658291457286436,-0.003417085427135591,-0.003417085427135591,0.32065217391304346,0.0762728972757023,0.0762728972757023,0.3030852994555354,0.3316582914572864,0.08855052203372749,0.14634944337715283,0.31818181818181823,0.3311036789297659,0.09905025655914823,0.13421825067615079,0.30201342281879195,24.0,0.0,0.0,29.0,1.0,1.0,35.0,0.0,0.0,0.00015421484350987695,0.00018331669284657443,0.00053481277529572,-0.15086647018831556,-0.15270408248060274,-0.1592516900406924,0.04528985507246377,0.16760984255653155,0.007246376811594203,-1.1026010513305664
259,0,test,3.135928189014723,1.5011531640465845,2.0288837885828235,6.498549982054606,3.1108234242893076,4.204433875135489,23.009983547106867,17.881679420255164,19.984580260655605,47.68333939882387,37.056010364866125,41.41382897388873,3.191071040388992,1.4749145584653316,2.0261428955765526,6.020888755450928,2.782857657481757,3.8229111237293445,24.314455265807794,18.75134984133876,21.108762736518898,45.87633069020338,35.379905361016526,39.82785421984697,3.0824294406897312,1.464457524033228,1.993400304756434,6.1240320013703275,2.9095182596686655,3.9603979564697367,21.811327407378695,16.76847479415215,18.83993954934951,43.33376306101728,33.314850584408255,37.43034347552883,0.728643216080402,-0.001356783919598037,-0.001356783919598037,0.5879396984924623,-0.002060301507537776,-0.002060301507537776,0.48743718592964824,-0.002562814070351749,-0.002562814070351749,0.45189504373177847,0.14230202047596452,0.20849328420098667,0.41520467836257313,0.4723618090452262,0.14986180904522617,0.21612220837966878,0.41414141414141414,0.47157190635451507,0.15490523968784842,0.2262888874865906,0.41946308724832215,23.0,-5.0,-5.0,35.0,-7.0,-7.0,45.0,-8.0,-8.0,0.00034961936080251467,4.294163732971646e-05,0.00017092112236089552,-0.005224621345684355,-0.007806571182993771,-0.007416529867845689,0.08163265306122448,0.07300610256018679,0.0058309037900874635,-5.0107574462890625
45,0,test,2.397570913382512,1.1091169374113923,1.285806365517451,6.3694504385643835,2.9465094542073733,3.415907272248168,10.996432625012664,7.369258105277757,7.9567152332370945,29.213414383316778,19.5773664122138,21.138020589503366,1.928612420196321,0.8959579052080784,1.232512549752343,5.6723894711656495,2.6351703094355243,3.625036911036302,6.879957125700944,4.071445942237597,4.8740430189681,20.23516801676748,11.974841006581167,14.335420644023825,2.041731726653078,0.947222154511814,1.3042530369207146,5.619445119228655,2.607033452784809,3.589687257579948,7.7039387700628055,4.716221705712648,5.613281102960087,21.203501202007722,12.980426712970594,15.44939753108281,0.3467336683417085,-0.003266331658291488,-0.003266331658291488,0.2864321608040201,-0.003567839195979916,-0.003567839195979916,0.2562814070351759,-0.00371859296482413,-0.00371859296482413,0.3568181818181818,0.12072283562067898,0.1407869012707722,0.3667425968109339,0.29145728643216084,0.10348736162013072,0.15122356356070843,0.25757575757575757,0.3210702341137124,0.1107196498065337,0.1631169526899081,0.30536912751677847,18.0,0.0,0.0,29.0,0.0,0.0,34.0,0.0,0.0,0.0005499211772990557,-0.0007379242154449371,-5.0411628899528106e-05,-0.11432246795604595,-0.09470841713510936,-0.10425901715482233,0.12045454545454545,0.11149318112194426,0.37272727272727274,-0.7662627696990967
81,0,test,3.26039116117015,1.5412406795797085,2.10852326461006,5.895050685348049,2.7866876933814932,3.812380448133341,26.059728703090304,20.479942383998345,22.895631102769574,47.11809533185014,37.02939077510812,41.397151185815694,3.26039116117015,1.5412406795797085,2.10852326461006,5.895050685348049,2.7866876933814932,3.812380448133341,26.059728703090304,20.479942383998345,22.895631102769574,47.11809533185014,37.02939077510812,41.397151185815694,3.26039116117015,1.5412406795797085,2.10852326461006,5.895050685348049,2.7866876933814932,3.812380448133341,26.059728703090304,20.479942383998345,22.895631102769574,47.11809533185014,37.02939077510812,41.397151185815694,0.7191011235955056,0.05410112359550556,0.05410112359550556,0.5898876404494382,0.039887640449438155,0.039887640449438155,0.449438202247191,0.024438202247190954,0.024438202247190954,0.4382022471910112,0.11047115475403646,0.19193359047459324,0.4180790960451978,0.4382022471910112,0.11047115475403646,0.19193359047459324,0.4180790960451978,0.4382022471910112,0.11047115475403646,0.19193359047459324,0.4180790960451978,23.0,1.0,1.0,33.0,2.0,2.0,42.0,3.0,3.0,-4.6151653788675696e-05,3.753606489541235e-05,6.198359882196995e-07,-6.263726599531338e-05,-3.0112808140358993e-06,1.9189486478943252e-05,0.1404494382022472,0.10210234128906201,0.011235955056179775,-0.765653133392334
46,0,test,1.6812252316659229,0.7937171691725904,0.9691303139128823,4.50170177163178,2.125282156929239,2.59497393264831,5.372134049214951,2.943065034336876,3.333877279783795,14.38459577651635,7.88044387483624,8.926895084684242,1.657870809812625,0.7496031603567633,1.049580542485935,4.250950794391346,1.9220593855301624,2.6912321602203466,5.248124684361683,2.7681021428473924,3.4108372428464326,13.45672995990175,7.097697802172801,8.74573652011906,1.7117162892996252,0.7918926600335415,1.0943570653817152,4.0755149745229176,1.8854587143655754,2.605612060432655,5.538458922896592,3.0296110593224803,3.6844334176617046,13.186806959277602,7.213359665053526,8.772460518242156,0.3316582914572864,-0.0033417085427135396,-0.0033417085427135396,0.2562814070351759,-0.00371859296482413,-0.00371859296482413,0.2160804020100503,-0.003919597989949675,-0.003919597989949675,0.3004926108374384,0.09656140690623449,0.1274720829782009,0.2617283950617284,0.2814070351758794,0.09140703517587945,0.13831219324576294,0.21212121212121215,0.29096989966555187,0.08930323299888521,0.14113638135256634,0.24496644295302017,19.0,0.0,0.0,25.0,0.0,0.0,31.0,0.0,0.0,0.0010571654512551475,0.00035621393147222344,0.0003251680412023556,-0.13705233025119234,-0.11462532591580388,-0.13107512937473054,0.0665024630541872,0.23478167769708608,0.012315270935960592,-2.0563230514526367
168,0,test,1.4865120053148306,0.6687559571093922,0.7384682668407019,7.068516270170521,3.1800028164589467,3.5114919627323173,4.421645913150802,2.1562352557304854,2.3087832540248026,21.025377505390548,10.253118665004145,10.978499963015897,1.9159516264891003,0.8117426358919291,1.1709638648376295,5.6351518426150005,2.3874783408586144,3.444011367169498,6.793400501815534,3.776563323643896,4.686984846041497,19.98058971122216,11.10753918718793,13.785249547180872,1.7734623044786857,0.785957230663416,1.1014968054337333,6.734666979032984,2.9846477113800614,4.18289926114076,5.89121527249666,3.2066868624579055,3.9331331230074547,22.371703566443014,12.17729188275154,14.93594856838274,0.35678391959798994,-0.0032160804020100464,-0.0032160804020100464,0.2613065326633166,-0.003693467336683409,-0.003693467336683409,0.24120603015075381,-0.0037939698492461815,-0.0037939698492461815,0.2645161290322581,0.08513911506877792,0.08856304985337249,0.24137931034482762,0.26633165829145733,0.07084293648694606,0.11274234276558082,0.25757575757575757,0.274247491638796,0.08393029631325344,0.12630533368551455,0.25838926174496646,15.0,0.0,0.0,20.0,0.0,0.0,27.0,0.0,0.0,0.001049045788181413,0.0002508374907295899,0.00044520120870589604,-0.12346919619240282,-0.11975740374706145,-0.1350066913495409,0.07526881720430108,0.05775836097839246,0.9118279569892473,-1.054271936416626
238,0,test,1.5818931357477986,0.6177037910553371,0.6177037910553371,5.5792518380566065,2.1786079816263086,2.1786079816263086,4.864155607121256,2.2414948864691784,2.2414948864691784,17.155614686194127,7.905631665451173,7.905631665451173,2.1530341691405366,0.9160919987764977,1.3107339498813106,4.221635625765758,1.796258821130388,2.570066568394727,8.610945866485821,5.1658829398910715,6.289244605113206,16.884207581344747,10.129182235080531,12.331852166888638,1.7318293133597387,0.7736439028679447,1.077392616779088,4.3659562521674085,1.9503627803393564,2.71611584061955,5.65098187564476,3.044020262028251,3.726923492254312,14.246172795743092,7.674000660575422,9.395605442657931,0.42713567839195976,-0.002864321608040288,-0.002864321608040288,0.36180904522613067,-0.0031909547738693256,-0.0031909547738693256,0.2864321608040201,-0.003567839195979916,-0.003567839195979916,0.2806122448979592,0.07337861830949388,0.07337861830949388,0.252129471890971,0.3517587939698492,0.11616982153877153,0.16978884405332162,0.31313131313131315,0.2976588628762542,0.09899442214169663,0.1430426226092909,0.25838926174496646,21.0,-6.0,-6.0,33.0,-8.0,-8.0,37.0,-6.0,-6.0,0.001338386660429859,0.00029812293140926184,0.0003796396935292869,-0.1875023858864031,-0.17515524292855833,-0.18591940558963316,0.04251700680272109,0.10212515388602625,0.0663265306122449,-1.5327671766281128
51,0,test,2.112693172688737,0.9635455569112412,1.0001534713470013,5.6836039156572,2.5921470145166543,2.690630262591118,8.270485162642009,5.114983099779474,5.228410609899364,22.2494030190641,13.760416491254565,14.065561151631442,2.9299425196557274,1.3105834505130498,1.8325545732575372,5.528193433312693,2.4727989632321696,3.4576501382217684,18.726554056961916,13.676701384243016,15.730224836168055,35.333120862192295,25.805096951401918,29.67966950220388,2.502134353464973,1.1311402678904736,1.5728710879821437,5.141371959174602,2.3242608244324803,3.231926893113994,12.208523477113408,8.26925876117265,9.675880872222084,25.086007144753577,16.991627591450648,19.88194699771661,0.6281407035175879,-0.0018592964824121205,-0.0018592964824121205,0.44723618090452266,-0.0027638190954772934,-0.0027638190954772934,0.371859296482412,-0.003140703517587995,-0.003140703517587995,0.32995951417004044,0.1034681087099798,0.109040648089884,0.2535496957403651,0.38190954773869346,0.11373912167353051,0.16822006526790878,0.297979797979798,0.3612040133779264,0.11412554927108165,0.16098154396747033,0.2785234899328859,18.0,1.0,1.0,28.0,1.0,1.0,35.0,1.0,1.0,0.000996594053294656,0.0009592759274775174,0.000903630749255878,-0.07667495786069001,-0.07288269150925686,-0.09156637596540218,0.05060728744939271,0.18473320171499966,0.3562753036437247,-1.3333330154418945
55,0,test,1.0211409087946965,0.4344531105006756,0.4344531105006756,5.689213634713309,2.420524472789478,2.420524472789478,2.7763605318427187,0.9783374053782128,0.9783374053782128,15.468294391695148,5.450736972821472,5.450736972821472,1.4394629609652847,0.536824070715643,0.7984938859271373,4.112751317043671,1.5337830591875514,2.281411102648964,4.218429747127617,1.7523274417440682,2.320110144755791,12.05265642036462,5.00664983355448,6.628886127873687,1.2013609100198068,0.520353363470113,0.7386924325006183,4.5621300380499,1.9760254308991634,2.805161136078298,3.324638379073406,1.3487708709167245,1.7363316833261713,12.625209034455974,5.121914699683765,6.593664620225967,0.3316582914572864,-0.0033417085427135396,-0.0033417085427135396,0.24120603015075381,-0.0037939698492461815,-0.0037939698492461815,0.18592964824120606,-0.004070351758793889,-0.004070351758793889,0.24770642201834858,0.08543858233115409,0.08543858233115409,0.21507352941176472,0.29145728643216084,0.09596856462764958,0.13953741998808744,0.24242424242424243,0.28428093645484953,0.10231098653832194,0.15191163723349244,0.23154362416107388,20.0,-11.0,-11.0,26.0,-17.0,-17.0,31.0,-21.0,-21.0,0.0007325425062017897,0.000518793815698483,0.0005844171071848705,-0.23174644417742796,-0.234044382429619,-0.2438718985564452,0.05688073394495413,0.05543277573432216,0.06422018348623854,-0.6827999353408813
134,0,test,2.877697722903068,1.3754662919392087,1.8710988615616029,5.3880297790525535,2.5753411423542634,3.503334038668534,17.7733069623592,13.281606146153603,15.037028254878592,33.277681121012975,24.86768810343654,28.154435881474814,2.868263324214062,1.3294033129024652,1.8395980701326848,5.076572255246128,2.352926217526487,3.2559257878454604,17.60641499900416,12.947139278321824,14.80908538149073,31.161796458414443,22.915290758091725,26.21077058670926,2.877697722903068,1.3754662919392087,1.8710988615616029,5.3880297790525535,2.5753411423542634,3.503334038668534,17.7733069623592,13.281606146153603,15.037028254878592,33.277681121012975,24.86768810343654,28.154435881474814,0.6331658291457287,-0.0018341708542712887,-0.0018341708542712887,0.5326633165829145,-0.0023366834170853723,-0.0023366834170853723,0.4321608040201005,-0.002839195979899567,-0.002839195979899567,0.43726235741444863,0.14693977676928738,0.21855186436767238,0.42366412213740456,0.44723618090452266,0.1489905668694349,0.226868902106526,0.4292929292929293,0.43726235741444863,0.14693977676928738,0.21855186436767238,0.42366412213740456,14.0,0.0,0.0,25.0,1.0,1.0,36.0,0.0,0.0,0.0008457278157121503,-0.000425383231728369,-0.0002080295283280409,-0.011486103579803952,-0.00867752323709059,-0.008961546201966542,0.09505703422053231,0.2573850543734494,0.17490494296577946,-1.2326200008392334
132,0,test,3.117470773396246,1.482171225883698,1.806073344159518,7.075607822764514,3.364029074477607,4.099177702474412,22.589174190574674,17.458179447010973,18.877817742452702,51.269811084225665,39.624182565126034,42.84628296601625,3.9647536576823823,1.8854480713624344,2.5698459794584085,6.835782168417901,3.250772536831784,4.4307689301007045,52.70728375582167,44.708371324768684,48.67268168201309,90.87462716520979,77.08339883580808,83.91841669312603,3.4599171041387966,1.6525739228363503,2.2391646698791137,7.013345481362426,3.349812005749359,4.538847303809014,31.814339128314337,25.720104500294656,28.424601799517156,64.48852526009662,52.13534696005673,57.61743608010234,0.7236180904522613,-0.0013819095477386467,-0.0013819095477386467,0.6080402010050252,-0.001959798994974782,-0.001959798994974782,0.5025125628140703,-0.0024874371859296973,-0.0024874371859296973,0.39702233250620345,0.12316855307621588,0.16535077825400402,0.32587064676616917,0.4321608040201005,0.12639639299253158,0.19509903440407372,0.38383838383838387,0.41137123745819393,0.117548199060865,0.1978006034203741,0.34563758389261745,26.0,0.0,0.0,41.0,0.0,0.0,48.0,0.0,0.0,0.0012216069220845622,0.0021193234886431795,0.0004133166226067437,-0.021922492920775305,-0.03257131807402569,-0.026302152443347104,0.062034739454094295,0.15155733907946872,0.6129032258064516,-0.490497350692749
228,0,test,3.2894725175653985,1.593175533588192,2.1545133517242263,6.555448802862474,3.1749712419364693,4.2936373223647095,26.828708250517735,21.374993489692123,23.717661747173405,53.46578287067463,42.597308454457874,47.26591162472415,3.107893808873548,1.465283858758502,2.009873789953174,5.91979773118771,2.7910168738257184,3.828331028482236,22.373871091425013,17.20522927054965,19.375647374596902,42.616897317000024,32.771865277237424,36.90599499923219,3.2894725175653985,1.593175533588192,2.1545133517242263,6.555448802862474,3.1749712419364693,4.2936373223647095,26.828708250517735,21.374993489692123,23.717661747173405,53.46578287067463,42.597308454457874,47.26591162472415,0.6984924623115578,-0.0015075376884421399,-0.0015075376884421399,0.5276381909547738,-0.002361809045226204,-0.002361809045226204,0.4170854271356784,-0.0029145728643216184,-0.0029145728643216184,0.41007194244604317,0.10486547925035195,0.17442600943168907,0.4151624548736462,0.40201005025125625,0.10125817055200814,0.16494828063522948,0.3737373737373737,0.41007194244604317,0.10486547925035195,0.17442600943168907,0.4151624548736462,20.0,0.0,0.0,28.0,0.0,0.0,35.0,0.0,0.0,-1.1469343718132452e-05,0.00018460404043761004,5.134059001928947e-05,-0.00023875416349117273,0.00018498985658865763,3.328992298534672e-05,0.11870503597122302,0.11898347591266586,0.0035971223021582736,-0.8656535148620605
145,0,test,3.0175975250588083,1.4490438590592027,1.9659714107651003,6.451415398401591,3.0979558366093305,4.2031112919805595,20.44212095877749,15.642419758665312,17.579819193167378,43.70384480842085,33.442414656456876,37.58444103366819,3.0368536500530503,1.4302185159834255,1.962561930815507,5.7299125472699055,2.6985255018555194,3.7029470392745405,20.83957139162628,15.85356566286725,17.911653013939123,39.319946021936374,29.912388043145754,33.795571724413435,3.09753218778455,1.4769793291846716,2.011227334181431,6.408687285071482,3.0558193017613893,4.161160001754684,22.143238444382348,17.087353710993497,19.179934469401335,45.81359678148072,35.35314560895206,39.68262304014069,0.6733668341708543,-0.001633165829145744,-0.001633165829145744,0.5577889447236181,-0.00221105527638199,-0.00221105527638199,0.4170854271356784,-0.0029145728643216184,-0.0029145728643216184,0.41747572815533984,0.12829963768684227,0.1968083438711633,0.3701298701298701,0.40201005025125625,0.09123310789536654,0.1682871787988356,0.33838383838383834,0.4180602006688964,0.11922881502615845,0.1933660961082735,0.3791946308724832,21.0,0.0,0.0,32.0,0.0,0.0,40.0,0.0,0.0,0.00034902856238142597,0.00029741541954960414,9.851502709893602e-05,-0.0018702187124333136,-0.0034314181985735104,-0.004263551828813661,0.16181229773462782,0.08237637054340739,0.045307443365695796,-1.2700645923614502
43,0,test,3.356902459448784,1.342877599156611,1.9566029316779228,7.816071398119558,3.1267000816183783,4.555672497638149,28.700153163216783,21.20673647406845,24.64373836943752,66.82423721584803,49.376878954547436,57.37945053182467,3.356902459448784,1.342877599156611,1.9566029316779228,7.816071398119558,3.1267000816183783,4.555672497638149,28.700153163216783,21.20673647406845,24.64373836943752,66.82423721584803,49.376878954547436,57.37945053182467,3.356902459448784,1.342877599156611,1.9566029316779228,7.816071398119558,3.1267000816183783,4.555672497638149,28.700153163216783,21.20673647406845,24.64373836943752,66.82423721584803,49.376878954547436,57.37945053182467,0.5741935483870968,0.05419354838709678,0.05419354838709678,0.5419354838709678,0.06693548387096782,0.06693548387096782,0.5161290322580645,0.08112903225806445,0.08112903225806445,0.4903225806451613,0.16556373820143144,0.2462112316087588,0.461038961038961,0.4903225806451613,0.16556373820143144,0.2462112316087588,0.461038961038961,0.4903225806451613,0.16556373820143144,0.2462112316087588,0.461038961038961,26.0,-7.0,-7.0,33.0,-3.0,-3.0,38.0,-1.0,-1.0,-0.0001707910866234938,0.0001621758232015657,5.9462899432343174e-05,-0.03607886783551617,-0.036121689507999655,-0.03789353122343542,0.16129032258064516,0.2929891221832501,0.01935483870967742,-2.433692693710327
73,0,test,1.836243467333449,0.8682471466695049,1.1155205931027825,5.897765034909976,2.788692106675783,3.5829008880165643,6.272929480703183,3.6402653243682943,4.21701063633422,20.147798925309374,11.69203862657274,13.544466365853129,2.6120634954879014,1.2031478272638314,1.6677943151863102,5.33074182752633,2.4554037291098605,3.403661867727164,13.627141404300062,9.535624967734616,11.056207601509971,27.81049266183686,19.46045911782575,22.563688982673412,2.1683159696566445,0.988716070700091,1.3693918844855375,5.607713714629253,2.5570243207760974,3.5415307357384593,8.743547236755784,5.490474851933705,6.520399513077454,22.61262216402358,14.199503927414755,16.863102188993416,0.5477386934673367,-0.002261306532663321,-0.002261306532663321,0.40703517587939697,-0.00296482412060306,-0.00296482412060306,0.3417085427135679,-0.003291457286432098,-0.003291457286432098,0.3227513227513228,0.11006968470640865,0.1526633462117334,0.2679045092838196,0.3668341708542714,0.1061825417815897,0.1731780773651228,0.35858585858585856,0.33444816053511706,0.0957169418372873,0.15758497922254755,0.3087248322147651,18.0,0.0,0.0,33.0,0.0,0.0,40.0,0.0,0.0,0.0004706645077095043,0.0012066122606707338,0.0003610200065947789,-0.09014477070349525,-0.11371435261643636,-0.1037139505874114,0.082010582010582,0.08435480824122746,0.8756613756613757,-1.9428023099899292
117,0,test,2.9951505632375146,1.454601760039291,1.6643900046900557,6.859360357258971,3.331264134390501,3.8117118242124595,19.988369176883346,15.321218261255385,16.204448990599584,45.77647241545305,35.087971354792124,37.11070701474102,3.298794370419337,1.5698034145357875,2.1431757565176754,5.787358544595328,2.7540410781329605,3.7599574675748695,27.079970817937838,21.445005707541977,23.90398329795205,47.50872073322428,37.6228170307754,41.93681280342465,3.1367158974518623,1.5080947499394528,2.0463851555242996,6.673863611599708,3.20871223391373,4.354010969200638,23.02811584583014,17.931273768044097,20.052857893431028,48.995991161340726,38.151646314987445,42.665655092406446,0.6834170854271358,-0.0015829145728643024,-0.0015829145728643024,0.5527638190954773,-0.0022361809045226,-0.0022361809045226,0.4723618090452262,-0.0026381909547738003,-0.0026381909547738003,0.4126984126984127,0.13523521904042857,0.15952148210212724,0.3590909090909091,0.42713567839195976,0.13139633002103246,0.2017600523485541,0.36363636363636365,0.42140468227424754,0.12925109295872161,0.20115996592274588,0.36241610738255037,16.0,0.0,0.0,27.0,1.0,1.0,33.0,1.0,1.0,0.0006369370245711884,0.00042955201630046335,0.0002463507564277963,-0.019588820779524063,-0.01835690786323685,-0.0204273441313072,0.07029478458049887,0.09671218777375731,0.061224489795918366,-1.0557403564453125
65,0,test,2.345667362323994,1.1051177456442445,1.5081724722681744,5.0822792850353204,2.3944217822291964,3.267707023247711,10.44023782454639,6.982724574955823,8.129666339510365,22.620515286517175,15.129236579070946,17.614277068939124,2.170929701000232,1.0016665063151353,1.3795161850938378,4.8242882244449605,2.2259255695891897,3.0655915224307506,8.766430412432012,5.5468108808378975,6.559917248018933,19.48095647207114,12.326246401861995,14.577593884486518,2.345667362323994,1.1051177456442445,1.5081724722681744,5.0822792850353204,2.3944217822291964,3.267707023247711,10.44023782454639,6.982724574955823,8.129666339510365,22.620515286517175,15.129236579070946,17.614277068939124,0.46733668341708545,-0.0076633165829145256,-0.0076633165829145256,0.38190954773869346,-0.008090452261306558,-0.008090452261306558,0.29648241206030146,-0.00851758793969859,-0.00851758793969859,0.3590909090909091,0.12099567099567099,0.1778220269156825,0.36986301369863017,0.33668341708542715,0.09357564766186821,0.15638291625070266,0.3434343434343434,0.3590909090909091,0.12099567099567099,0.1778220269156825,0.36986301369863017,21.0,0.0,0.0,34.0,0.0,0.0,40.0,0.0,0.0,-5.4665336704449836e-05,-0.00018473188129513855,-0.00019857860090970682,-0.03183575404209371,-0.030044897697190542,-0.03186680361159233,0.740909090909091,0.08532633688422447,0.16363636363636364,-1.016873836517334
112,0,test,1.5927690160369639,0.09575564953804938,0.15924197361943193,20.500478625766085,1.2324678763123131,2.0495983056178524,4.917346304738977,0.44902242871651676,0.7238826413630353,63.29100566422103,5.779353195415808,9.317070125930677,1.5163801851207124,0.14278869941988082,0.2425693989705442,16.84866872356347,1.5865411046653417,2.695215544117156,4.555704505308063,0.6061946430842347,0.9812564069379168,50.61893894786737,6.735496034269275,10.902848965976851,1.5140626833056627,0.13412127116056194,0.22150759128236053,22.71094024958494,2.011819067408428,3.3226138692354077,4.545158876325221,0.5704901229683985,0.9030783482004163,68.17738314487832,8.557351844525982,13.546175223006244,0.507537688442211,-0.0024623115577889765,-0.0024623115577889765,0.4824120603015075,-0.0025879396984924696,-0.0025879396984924696,0.20603015075376885,-0.003969849246231116,-0.003969849246231116,0.5050251256281407,0.006907183344577406,0.008446435501063498,0.49370277078085645,0.507537688442211,0.011297086938451661,0.02005855655573352,0.48484848484848486,0.5050167224080268,0.009190345112534248,0.016696366456970035,0.4899328859060402,13.0,-1.0,-1.0,24.0,-7.0,-7.0,17.0,6.0,6.0,0.00010115482372489255,-0.0002417171980680013,2.5971375670093428e-05,-0.20524304457708364,-0.21265294947611757,-0.20933844217720576,0.06532663316582915,0.0859935747254996,0.002512562814070352,-1.7495685815811157
25,0,test,2.996190166353246,1.4390320376840748,1.9542933458782406,5.248498636232583,2.5207871556672754,3.423382826572918,20.009159952963312,15.263843467007614,17.174571328971677,35.05052846932884,26.73804303875817,30.085111155577973,3.013394981091807,1.4183615538818022,1.944364877723239,5.286657861564573,2.488353603301407,3.411166452146033,20.356392312046808,15.427898496883383,17.443839058021418,35.712968968503176,27.066488591023482,30.60322641758144,2.996190166353246,1.4390320376840748,1.9542933458782406,5.248498636232583,2.5207871556672754,3.423382826572918,20.009159952963312,15.263843467007614,17.174571328971677,35.05052846932884,26.73804303875817,30.085111155577973,0.7236180904522613,-0.0013819095477386467,-0.0013819095477386467,0.5577889447236181,-0.00221105527638199,-0.00221105527638199,0.3919597989949749,-0.0030402010050251116,-0.0030402010050251116,0.383399209486166,0.07373451520608709,0.14949644995922773,0.3849206349206349,0.3869346733668342,0.06362640269014241,0.14319510742359542,0.3939393939393939,0.383399209486166,0.07373451520608709,0.14949644995922773,0.3849206349206349,20.0,0.0,0.0,28.0,0.0,0.0,39.0,0.0,0.0,0.00011264277303345265,-6.825862106950967e-05,0.0001255275060521111,-0.0037628773649469593,-0.004278355587148397,-0.004298893995085429,0.10276679841897234,0.14865260155544538,0.003952569169960474,-1.2817192077636719
127,0,test,3.2292174662395134,1.548674486825148,2.105220786647576,6.343788158529695,3.0423664474908234,4.135700006905298,25.259882524024846,19.89141237536632,22.18275456969798,49.62296448506656,39.076620761074665,43.5779557227203,3.4929694816933465,1.6310360885746071,2.2468302815187116,5.970888002894609,2.788095877905311,3.840735523963609,32.883449671248414,26.447281277614852,29.406556249578177,56.21102507905712,45.209027824982655,50.26761752064646,3.288102790996367,1.5690357062257136,2.136781203422072,6.282998963687326,2.9981574004313,4.083021407812876,26.79198541187956,21.21266440981846,23.629615914427774,51.19487658320935,40.53375364933464,45.15213232056263,0.6783919597989949,-0.0016080402010050232,-0.0016080402010050232,0.5628140703517588,-0.0021859296482411583,-0.0021859296482411583,0.457286432160804,-0.0027135678391959628,-0.0027135678391959628,0.38972809667673713,0.10164363212168437,0.17666277004357134,0.31212121212121213,0.40703517587939697,0.09876449918766761,0.1866678970814003,0.297979797979798,0.3913043478260869,0.10749800391957609,0.18107075494510805,0.30536912751677847,18.0,0.0,0.0,29.0,0.0,0.0,38.0,0.0,0.0,0.0015495615225058297,0.00033106193562501584,0.0004785515363889014,-0.008492346637979153,-0.00831497375172674,-0.009750236384076238,0.08761329305135952,0.28999387689639256,0.6616314199395771,-0.7929267883300781
111,0,test,2.67238167492773,1.2599340277665554,1.6972753497307072,5.735843594966835,2.704248644962363,3.642932457958591,14.474401492382801,10.368408355291507,11.82295238053783,31.067008081211867,22.254144762576892,25.3760929143251,3.1554343661719852,1.4664954285561291,2.0231425046153984,5.634704225307116,2.6187418367073736,3.612754472527497,23.463226510183055,18.049493162478047,20.360467057550512,41.89861876818402,32.23123779013937,36.35797688848305,2.7379814555823145,1.2560812406156794,1.7465803343341502,5.549962409964151,2.546110622869621,3.5403655425692238,15.455755458835984,11.054454300699474,12.760747597813506,31.32923403818105,22.40767763655299,25.866380265838185,0.6984924623115578,-0.0015075376884421399,-0.0015075376884421399,0.5477386934673367,-0.002261306532663321,-0.002261306532663321,0.4170854271356784,-0.0029145728643216184,-0.0029145728643216184,0.37891737891737887,0.10153473311368044,0.16093106415687053,0.3114285714285714,0.3919597989949749,0.07867659097492474,0.15155913121534215,0.3535353535353535,0.38795986622073575,0.10248407323242192,0.17105219102607505,0.31879194630872487,18.0,0.0,0.0,30.0,0.0,0.0,39.0,0.0,0.0,0.0004891512351136074,0.00045552990566595394,0.0005230854901213649,-0.006134638441635865,-0.008405687922341976,-0.007890700065063427,0.07122507122507123,0.17092271296115136,0.5669515669515669,-1.4145524501800537
60,0,test,3.5122673706580163,1.6623351781506428,2.2742505207841184,5.405837605273643,2.5585506655014245,3.5003681928590353,33.52419344816369,27.16480515435681,30.075426192905024,51.598106437608465,41.81017836801004,46.29000379255817,3.5122673706580163,1.6623351781506428,2.2742505207841184,5.405837605273643,2.5585506655014245,3.5003681928590353,33.52419344816369,27.16480515435681,30.075426192905024,51.598106437608465,41.81017836801004,46.29000379255817,3.5122673706580163,1.6623351781506428,2.2742505207841184,5.405837605273643,2.5585506655014245,3.5003681928590353,33.52419344816369,27.16480515435681,30.075426192905024,51.598106437608465,41.81017836801004,46.29000379255817,0.7386363636363636,0.05863636363636371,0.05863636363636371,0.5681818181818181,0.048181818181818103,0.048181818181818103,0.44318181818181823,0.038181818181818206,0.038181818181818206,0.40340909090909094,0.09462722122070566,0.1524656946826758,0.34857142857142853,0.40340909090909094,0.09462722122070566,0.1524656946826758,0.34857142857142853,0.40340909090909094,0.09462722122070566,0.1524656946826758,0.34857142857142853,20.0,1.0,1.0,33.0,2.0,2.0,37.0,3.0,3.0,0.0002707277908965401,0.0001193144485644678,0.00017806718204542427,-4.296983476148597e-05,1.1200416952128478e-05,3.029473674498462e-05,0.14772727272727273,0.10013869483824345,0.26704545454545453,-0.8496963977813721
7,0,test,3.57512681391579,1.733886587005857,2.341329405502246,5.968155245811037,2.8944719637920358,3.908509572088427,35.6991476773226,29.394795435552197,32.264901636356804,59.59454491294982,49.0703439932202,53.86156966714401,3.563519654441163,1.6925717761579941,2.3099446949186486,5.989108662926324,2.84465844732436,3.882259991459914,35.2871775041258,28.79272807388593,31.78433438139193,59.30618067920303,48.39113961997636,53.41904938049064,3.57512681391579,1.733886587005857,2.341329405502246,5.968155245811037,2.8944719637920358,3.908509572088427,35.6991476773226,29.394795435552197,32.264901636356804,59.59454491294982,49.0703439932202,53.86156966714401,0.6984924623115578,-0.0015075376884421399,-0.0015075376884421399,0.5728643216080402,-0.0021356783919597166,-0.0021356783919597166,0.4824120603015075,-0.0025879396984924696,-0.0025879396984924696,0.4223300970873787,0.11724535132466685,0.19813654870028186,0.4292682926829269,0.4170854271356784,0.11633354743643032,0.19170980109227276,0.4242424242424242,0.4223300970873787,0.11724535132466685,0.19813654870028186,0.4292682926829269,23.0,1.0,1.0,35.0,0.0,0.0,46.0,0.0,0.0,-0.00012690876414279628,-3.946800706233125e-05,1.2051385491955764e-05,0.00026020021046324615,0.0001295261992479979,7.425811391303938e-05,0.19902912621359223,0.10470928343633576,0.23786407766990292,-1.5951673984527588
244,0,test,2.8418132514348784,1.3785955182301863,1.5548948798882,5.708999835471854,2.769499925015999,3.1236727497754018,17.14682887787768,12.826991605114504,13.52521998898614,34.44675444216499,25.76850992098896,27.171200870731088,3.233818506806926,1.5288784934805517,2.0891138711170174,5.575549149667114,2.6359974025526753,3.6019204674431333,25.37637204925887,19.87531638197598,22.23485872038315,43.752365602170464,34.26778686547583,38.33596331100543,3.072507009597672,1.492701507232897,2.0172856964048735,5.422071193407656,2.6341791304109945,3.559915934832129,21.5959761848434,16.741964559206465,18.72336535461192,38.11054620854718,29.544643339776115,33.041232978726924,0.6432160804020101,-0.001783919597989958,-0.001783919597989958,0.5175879396984925,-0.002412060301507535,-0.002412060301507535,0.44221105527638194,-0.0027889447236180143,-0.0027889447236180143,0.40089086859688194,0.12836584078820568,0.1477139380005965,0.3504464285714286,0.42211055276381915,0.133890001385373,0.20007382488401948,0.3737373737373737,0.4013377926421404,0.12420924506284159,0.19110419976116155,0.3557046979865772,19.0,0.0,0.0,29.0,0.0,0.0,36.0,0.0,0.0,7.674320305388945e-05,0.0009989592413212909,0.00014299223349505452,-0.00618898629082576,-0.008871211118504085,-0.007408407753833224,0.07349665924276169,0.08925000553284841,0.2026726057906459,-0.9332351684570312
203,0,test,3.844011896448389,1.8282692409487282,2.495485077266552,6.331313711797347,3.011266985092023,4.1102107154978516,46.712504747708635,39.20620484108736,42.86075771855422,76.93824311387306,64.5749256206145,70.59418918350107,3.844011896448389,1.8282692409487282,2.495485077266552,6.331313711797347,3.011266985092023,4.1102107154978516,46.712504747708635,39.20620484108736,42.86075771855422,76.93824311387306,64.5749256206145,70.59418918350107,3.844011896448389,1.8282692409487282,2.495485077266552,6.331313711797347,3.011266985092023,4.1102107154978516,46.712504747708635,39.20620484108736,42.86075771855422,76.93824311387306,64.5749256206145,70.59418918350107,0.717948717948718,0.007948717948717987,0.007948717948717987,0.5897435897435898,0.004743589743589793,0.004743589743589793,0.5384615384615384,0.003461538461538516,0.003461538461538516,0.4461538461538461,0.14436356482392287,0.22128161446730443,0.4226804123711341,0.4461538461538461,0.14436356482392287,0.22128161446730443,0.4226804123711341,0.4461538461538461,0.14436356482392287,0.22128161446730443,0.4226804123711341,19.0,1.0,1.0,28.0,1.0,1.0,40.0,2.0,2.0,0.0005305179538533067,0.00038218732060137605,0.00025436209660880386,-0.00022981043147218827,-0.0001238107118313181,-7.520514079484286e-05,0.1282051282051282,0.17013225435565923,0.6102564102564103,-0.9767508506774902
189,0,test,2.2474496346926975,1.0546335086254073,1.4419882788597445,6.517603940608822,3.0584371750136805,4.181766008693258,9.463569473662037,6.167218384754289,7.2258408237896266,27.444351473619907,17.88493331578744,20.954938388989916,2.2465072337145835,1.0424407576877535,1.4325138253759937,6.511615170187199,3.0215674135876918,4.152213986597084,9.454655197604591,6.121009610643842,7.1977524485036275,27.40479767421621,17.74205684244592,20.863050575372835,2.2474496346926975,1.0546335086254073,1.4419882788597445,6.517603940608822,3.0584371750136805,4.181766008693258,9.463569473662037,6.167218384754289,7.2258408237896266,27.444351473619907,17.88493331578744,20.954938388989916,0.3467336683417085,-0.003266331658291488,-0.003266331658291488,0.3065326633165829,-0.0034673366834171437,-0.0034673366834171437,0.27638190954773867,-0.0036180904522613577,-0.0036180904522613577,0.301980198019802,0.1167950128346168,0.1654670401250652,0.28358208955223885,0.3015075376884422,0.11604387854057252,0.16461271298059577,0.2828282828282829,0.301980198019802,0.1167950128346168,0.1654670401250652,0.28358208955223885,20.0,0.0,0.0,23.0,0.0,0.0,29.0,0.0,0.0,-0.002466458262383523,-0.0012679472329900454,-0.0007548029000880302,-0.05269297170163689,-0.0536885181788449,-0.054257442921820775,0.12376237623762376,0.35371629578605523,0.6831683168316832,-0.7628300189971924
173,0,test,2.929390738653738,1.388722334122283,1.860671943203723,5.635893051540344,2.6717810123874357,3.5797710211636846,18.716223950440913,14.048514803959138,15.804577256189768,36.0083873829135,27.028120872834428,30.40663232984336,3.339680472206343,1.556924573738347,2.1468794099733106,5.259339326309202,2.451849722422594,3.380912456650883,28.210111350518435,22.263890310447636,24.913809916923146,44.42537220554084,35.0612445833821,39.234346325863214,3.0660342981847686,1.4419745350282083,1.9801940333759749,5.347734241019945,2.515071863421294,3.4538268023999565,21.456643081261742,16.382996716693924,18.49471550434737,37.42437746731699,28.574994273303346,32.25822471688494,0.7336683417085428,-0.001331658291457205,-0.001331658291457205,0.5829145728643217,-0.002085427135678275,-0.002085427135678275,0.4371859296482412,-0.002814070351758735,-0.002814070351758735,0.39660056657223797,0.0995708636019409,0.168839080746236,0.38068181818181823,0.42713567839195976,0.11635873603607005,0.1917433578577361,0.4242424242424242,0.4046822742474916,0.08915639778672368,0.17553878147774749,0.3959731543624161,23.0,-7.0,-7.0,35.0,-8.0,-8.0,43.0,-8.0,-8.0,0.0010344475483829493,0.00026803438371617526,0.0003653165438481467,-0.013019798804492666,-0.01713218413654527,-0.017496427870811182,0.08498583569405099,0.08595625814500399,0.49575070821529743,-1.015779972076416
126,0,test,3.512096291365835,1.6844880039019454,2.2899592120334535,6.902244794837024,3.3104868410017407,4.500405951426858,33.518458643444795,27.299463834179875,30.1240244805839,65.87308191732554,53.651029618561836,59.20207588892529,3.5618159868368346,1.6709791207199944,2.2967571499149386,6.72040752233365,3.15279079381131,4.33350405644328,35.2271110641163,28.60220053914191,31.683809857203904,66.46624729078547,53.966416111588515,59.78077331547907,3.512096291365835,1.6844880039019454,2.2899592120334535,6.902244794837024,3.3104868410017407,4.500405951426858,33.518458643444795,27.299463834179875,30.1240244805839,65.87308191732554,53.651029618561836,59.20207588892529,0.7336683417085428,-0.001331658291457205,-0.001331658291457205,0.5527638190954773,-0.0022361809045226,-0.0022361809045226,0.457286432160804,-0.0027135678391959628,-0.0027135678391959628,0.4148936170212766,0.12285821879118808,0.18376154154957847,0.38434163701067614,0.42713567839195976,0.128890064356872,0.1934128069395391,0.38383838383838387,0.4148936170212766,0.12285821879118808,0.18376154154957847,0.38434163701067614,18.0,0.0,0.0,28.0,0.0,0.0,37.0,0.0,0.0,-0.0002515244537390423,-0.0001090053711474944,6.263212996157958e-05,-0.00026647385093347964,0.00016949575638847136,1.9271695109068787e-05,0.09219858156028368,0.1538879741594137,0.0035460992907801418,-0.6085929870605469
231,0,test,2.3786500711741843,1.1124903899106087,1.5288368397925391,5.296213049098769,2.4770293837853394,3.404050776100575,10.79032685459618,7.243122876821811,8.451116934476318,24.02533713718681,16.127265780423567,18.816940049419927,2.3045720458569083,1.0179512493520897,1.4384520020618692,4.655701102741229,2.056467170408262,2.905963640529029,10.019889281617608,6.399357932810309,7.642221594534064,20.24220056892446,12.92799582385921,15.438831504109217,2.3786500711741843,1.1124903899106087,1.5288368397925391,5.296213049098769,2.4770293837853394,3.404050776100575,10.79032685459618,7.243122876821811,8.451116934476318,24.02533713718681,16.127265780423567,18.816940049419927,0.5226130653266332,-0.002386934673366814,-0.002386934673366814,0.3919597989949749,-0.0030402010050251116,-0.0030402010050251116,0.27135678391959794,-0.0036432160804020786,-0.0036432160804020786,0.3415492957746479,0.0972610708185846,0.14951182504865257,0.29328621908127206,0.3417085427135679,0.09108197629752779,0.1447135510608133,0.26262626262626265,0.3415492957746479,0.0972610708185846,0.14951182504865257,0.29328621908127206,18.0,-2.0,-2.0,33.0,-7.0,-7.0,36.0,-1.0,-1.0,-0.0005761424581610968,0.00016865298035289515,0.00016928197108881222,-0.0002803336946550772,0.00016174870629104277,1.2262581172706177e-05,0.0880281690140845,0.1318858329353477,0.007042253521126761,-1.924748420715332
146,0,test,3.4511076514281203,1.6642348875872046,2.258289052968247,5.508810335612962,2.656525172674411,3.6047806479305358,31.535303094196433,25.56455180340221,28.238943855404628,50.338042497778346,40.80726578946832,45.07624840768814,3.4220043525910566,1.626386231082377,2.2222148464975966,4.888577646558653,2.323408901546253,3.174592637853709,30.63074835353315,24.607551714749434,27.311330221629653,43.75821193361879,35.15364530678491,39.016186030899505,3.496802023145912,1.6716171063580587,2.278240530848495,5.4923591986585,2.625576606845118,3.578388268348421,33.00971866623842,26.80577654014651,29.62739992538058,51.84772565377762,42.103313937402895,46.53518312887002,0.728643216080402,-0.001356783919598037,-0.001356783919598037,0.592964824120603,-0.0020351758793969443,-0.0020351758793969443,0.4974874371859297,-0.002512562814070307,-0.002512562814070307,0.42772861356932157,0.10372272255312132,0.18729681769100948,0.44674556213017746,0.4371859296482412,0.10886512764322864,0.19845471095041145,0.4545454545454546,0.4280936454849499,0.10422052361516687,0.18893902924468287,0.44966442953020136,25.0,-1.0,-1.0,37.0,-2.0,-2.0,45.0,0.0,0.0,-0.00044570585856977557,5.032100754106489e-05,-0.00020640237282184111,0.0003490780111610192,-5.1295171446419374e-05,0.00017032920177317834,0.07374631268436578,0.1831731161892948,0.061946902654867256,-1.0630686283111572
224,0,test,2.31748218121994,1.067670547539635,1.4186806606381215,5.272271962275363,2.4289504956526695,3.2274985029517262,10.150086029045838,6.660400472723307,7.693428935870919,23.09144571607928,15.152411075445524,17.50255082910634,2.5322772236432,1.1200055548624022,1.584609633489431,4.365995213177931,1.9310440601075896,2.7320855749817774,12.582125852026063,8.4768552173826,10.002440099538395,21.693320434527696,14.615267616176897,17.245586378514474,2.3813670115996777,1.0976829981638674,1.5179110940825327,4.8599326767340365,2.240169384007893,3.097777743025577,10.819683391754412,7.209769160396938,8.44834168129426,22.080986513784513,14.713814613054975,17.241513635294407,0.6080402010050252,-0.001959798994974782,-0.001959798994974782,0.4773869346733668,-0.0026130653266331905,-0.0026130653266331905,0.36180904522613067,-0.0031909547738693256,-0.0031909547738693256,0.3911845730027548,0.11057934604264474,0.16733315560295026,0.36187845303867405,0.42211055276381915,0.12135867306457104,0.20341272304762548,0.38383838383838387,0.3913043478260869,0.10582855483777309,0.17105963147458525,0.36241610738255037,22.0,-8.0,-8.0,35.0,-17.0,-17.0,44.0,-14.0,-14.0,0.0008353209759537368,0.00020341886591750369,0.00031790039105661556,-0.03139268855459676,-0.03900811213079347,-0.032980353663169204,0.0743801652892562,0.1244102067187484,0.349862258953168,-1.3626830577850342
3,0,test,1.513289363944324,0.6181308195576131,0.6181308195576131,7.84668559082242,3.205122768076513,3.205122768076513,4.541645375669935,2.0939215440956715,2.0939215440956715,23.54927231828855,10.857370969384963,10.857370969384963,2.7541238163883364,1.273615414517313,1.7557582993099596,6.8003057194773735,3.144729418561267,4.335205677308542,15.707272417147848,11.312092786601642,12.9934299448993,38.783388684315675,27.931093300250964,32.082543073825434,2.2697439412461797,1.0548992325885247,1.445175879243269,7.243863642275041,3.366699678474015,4.612263444393411,9.67692263605579,6.307151908587636,7.396027288898763,30.883795646986563,20.12920821889671,23.60434241137903,0.6080402010050252,-0.001959798994974782,-0.001959798994974782,0.4623115577889447,-0.002688442211055242,-0.002688442211055242,0.371859296482412,-0.003140703517587995,-0.003140703517587995,0.2754919499105546,0.0858536312399778,0.0858536312399778,0.18817204301075274,0.40201005025125625,0.12632082719361215,0.18999001686227457,0.30808080808080807,0.35451505016722407,0.1174532805511973,0.1643037042272908,0.2684563758389261,20.0,0.0,0.0,32.0,0.0,0.0,41.0,0.0,0.0,0.003164406608563603,0.0007125247032606788,0.0013917699270713558,-0.10309139923518096,-0.08578950811499286,-0.10885023111149117,0.044722719141323794,0.12206320113521966,0.4597495527728086,-1.1488710641860962
256,0,test,4.124718417788952,2.0046716473710964,2.7100643522611563,6.491004246941562,3.1547201187576723,4.264785480663608,61.850390828320485,53.518863680739074,57.735328150637244,97.3329834614096,84.22179073968937,90.85717430021333,4.322055497694054,2.1050796638005096,2.843011286137421,6.49933157547978,3.1655333290233227,4.275204941560032,75.343337291621,66.1638088628911,70.95458833150829,113.29825156634736,99.49444941788136,106.69862906993728,4.131247923745392,2.0112011533275362,2.716593858217596,6.501279627367749,3.16499549918386,4.275060861089796,62.25556467664088,53.92403752905946,58.14050199895764,97.9705991490296,84.85940642730937,91.49478998783333,0.7738693467336684,-0.0011306532663316604,-0.0011306532663316604,0.6482412060301508,-0.0017587939698492372,-0.0017587939698492372,0.5628140703517588,-0.0021859296482411583,-0.0021859296482411583,0.42281879194630867,0.09618562611716297,0.17281879194630867,0.3872053872053872,0.4371859296482412,0.11387765897154944,0.18843801645959346,0.4040404040404041,0.4295302013422819,0.10289703551313623,0.17953020134228193,0.38383838383838387,30.0,0.0,0.0,40.0,0.0,0.0,47.0,0.0,0.0,0.0011093292107664297,0.0003139630529647715,5.387681707797765e-06,0.0005109839999661858,0.00010751935559483172,-3.6801216390713876e-05,0.09060402684563758,0.09371407058755744,0.38926174496644295,-1.021303653717041
106,0,test,1.015311526948698,0.24508697486567732,0.24508697486567732,5.31722407076096,1.2835295646669174,1.2835295646669174,2.7602231473465046,0.5999718590947523,0.5999718590947523,14.455390853140585,3.1420748472591846,3.1420748472591846,1.5640018792721058,0.6550812906886013,0.9318794070283246,4.344449664644738,1.8196702519127816,2.588553908412013,4.777903630472507,2.296261256434957,2.896303642662245,13.271954529090298,6.378503490097103,8.045287896284012,1.3168511927720938,0.5659701841341843,0.790389241301039,4.540866181972738,1.9516213246006355,2.7254801424173762,3.731652603494929,1.612786669757302,2.0387205789244005,12.867767598258377,5.561333343990697,7.030070961808278,0.3417085427135679,-0.003291457286432098,-0.003291457286432098,0.24623115577889443,-0.0037688442211055717,-0.0037688442211055717,0.20603015075376885,-0.003969849246231116,-0.003969849246231116,0.23087818696883855,0.04319490251136049,0.04319490251136049,0.1886524822695036,0.29145728643216084,0.08844976763516832,0.12117348008825435,0.21212121212121215,0.2642140468227425,0.08057464782441193,0.12072127707858238,0.20134228187919467,18.0,-3.0,-3.0,25.0,-1.0,-1.0,29.0,-1.0,-1.0,0.002211706388523843,-3.945323610273687e-05,0.0003878527597906778,-0.2128567420805325,-0.20854470144506188,-0.21718885214464656,0.03541076487252125,0.12095367246553458,0.04107648725212465,-0.03680145740509033
165,0,test,2.336019239735872,1.0805746267956253,1.4958432988741583,5.164792537853529,2.3890829639309525,3.3072160436045843,10.339993492580836,6.830595141137422,8.023218936343916,22.86107936250294,15.10201894485852,17.738835617072876,2.3775385026059137,1.0932848046753765,1.5178869708950584,4.707997034863196,2.1649204052977753,3.005716774049621,10.778339330135246,7.166368000720075,8.416001979530549,21.343246198287616,14.190827724198169,16.665350454515938,2.336019239735872,1.0805746267956253,1.4958432988741583,5.164792537853529,2.3890829639309525,3.3072160436045843,10.339993492580836,6.830595141137422,8.023218936343916,22.86107936250294,15.10201894485852,17.738835617072876,0.5678391959798995,-0.0021608040201005485,-0.0021608040201005485,0.4371859296482412,-0.002814070351758735,-0.002814070351758735,0.3417085427135679,-0.003291457286432098,-0.003291457286432098,0.400709219858156,0.14053222870771354,0.19080355948079752,0.3629893238434164,0.4170854271356784,0.14891500107051547,0.20339594466489375,0.36363636363636365,0.400709219858156,0.14053222870771354,0.19080355948079752,0.3629893238434164,22.0,-4.0,-4.0,32.0,-5.0,-5.0,41.0,-4.0,-4.0,0.00039972065718792935,0.000408104113811064,0.00018148713371293843,-0.018159940664542518,-0.019998109326140323,-0.020120299959915044,0.08865248226950355,0.14546182766238497,0.1773049645390071,-1.0560314655303955
210,0,test,2.0343824914931723,0.9434878813771201,0.9437771023338934,7.628934343099396,3.5380795551642006,3.5391641337521005,7.647528253360483,4.670592174572882,4.671453042377337,28.678230950101813,17.514720654648308,17.517948908915013,2.60267132638729,1.185990073454031,1.6526708708919,5.98315247445354,2.7264139619632894,3.799243381360689,13.499752155004343,9.376339012969806,10.914041317909398,31.033913000009985,21.554802328666224,25.08975015611356,2.296299323789428,1.0758258476402174,1.4783173491670056,6.320089881989252,2.9609885714868374,4.068763346331209,9.937339449148665,6.548547583193329,7.671416917794776,27.35047554811559,18.023525458330262,21.113991516866353,0.5527638190954773,-0.0022361809045226,-0.0022361809045226,0.40201005025125625,-0.002989949748743781,-0.002989949748743781,0.321608040201005,-0.0033919597989949812,-0.0033919597989949812,0.3222003929273084,0.0994329738890356,0.09932649263405324,0.28149606299212604,0.35678391959798994,0.1036510875177894,0.15645002978162936,0.33333333333333337,0.3411371237458194,0.09405865963897464,0.15759986011956795,0.2986577181208053,14.0,0.0,0.0,27.0,0.0,0.0,30.0,0.0,0.0,0.0008094248383069169,0.0007558739492333499,0.0008667593723295927,-0.09525866670388794,-0.09778348156312688,-0.10856118167903173,0.05108055009823183,0.06582357553859004,0.343811394891945,-0.8946647644042969
86,0,test,2.889769527713715,1.3440120129477988,1.8566945519779712,4.961197242269564,2.3074188540873712,3.187599496316163,17.98916312019149,13.297638940053968,15.179470819727308,30.884049958558837,22.829574817437784,26.06033043386812,2.889769527713715,1.3440120129477988,1.8566945519779712,4.961197242269564,2.3074188540873712,3.187599496316163,17.98916312019149,13.297638940053968,15.179470819727308,30.884049958558837,22.829574817437784,26.06033043386812,2.889769527713715,1.3440120129477988,1.8566945519779712,4.961197242269564,2.3074188540873712,3.187599496316163,17.98916312019149,13.297638940053968,15.179470819727308,30.884049958558837,22.829574817437784,26.06033043386812,0.6321243523316062,0.007124352331606243,0.007124352331606243,0.49740932642487046,0.007409326424870466,0.007409326424870466,0.37305699481865284,0.0030569948186528473,0.0030569948186528473,0.383419689119171,0.10693390100547595,0.16310987844791458,0.34375,0.383419689119171,0.10693390100547595,0.16310987844791458,0.34375,0.383419689119171,0.10693390100547595,0.16310987844791458,0.34375,21.0,-2.0,-2.0,32.0,-3.0,-3.0,39.0,-2.0,-2.0,0.0002900360343295887,0.00011883718316238637,9.906083048421967e-05,-0.0002101430002401372,-0.00010959901406604189,-6.409989052702514e-05,0.12953367875647667,0.10674109685453073,0.04145077720207254,-1.3469982147216797
174,0,test,2.2410967781101374,1.066979175734419,1.4489686343802228,5.229225815590321,2.4896180767136444,3.380926813553854,9.40363933936966,6.168352464892699,7.195548775696759,21.941825125195873,14.392822418082964,16.789613809959103,2.5178261919967344,1.1734152078985631,1.617359098320375,4.795859413327113,2.2350765864734536,3.080683996800714,12.401608624715866,8.565682171343518,9.940856380143758,23.62211166612546,16.31558508827337,18.934964533607157,2.2410967781101374,1.066979175734419,1.4489686343802228,5.229225815590321,2.4896180767136444,3.380926813553854,9.40363933936966,6.168352464892699,7.195548775696759,21.941825125195873,14.392822418082964,16.789613809959103,0.5577889447236181,-0.00221105527638199,-0.00221105527638199,0.42211055276381915,-0.0028894472361808976,-0.0028894472361808976,0.3417085427135679,-0.003291457286432098,-0.003291457286432098,0.350597609561753,0.10606480638083848,0.1585446294293027,0.268,0.371859296482412,0.11622019873805112,0.17486430482965742,0.29292929292929293,0.350597609561753,0.10606480638083848,0.1585446294293027,0.268,21.0,0.0,0.0,31.0,0.0,0.0,40.0,0.0,0.0,0.0003154790835654366,0.00039942999982055857,0.0007071273436363408,-0.030386725088994204,-0.03389275996510843,-0.03518463091576596,0.11553784860557768,0.17409207980524077,0.9601593625498008,-1.76200270652771
24,0,test,3.532672015538403,1.695911535777661,2.246703749422265,6.814389188442929,3.271348481582045,4.333805593147865,34.21526931190771,27.93909581018014,30.597099699192594,65.99994572187661,53.89344710925459,59.020634938879695,3.6712112170913205,1.7221000908348836,2.365193801259146,6.018379044412001,2.8231149030080056,3.8773668873100755,39.29947724336973,32.27703450277421,35.6080343271212,64.42537253011432,52.9131713160233,58.37382676577248,3.625349395923685,1.7351553255461745,2.3391737393108896,6.755309433398171,3.2332086811419405,4.35870883101408,37.53783643563956,30.917183006555938,33.91891637111588,69.94627907262031,57.6096577761912,63.20294975984326,0.7336683417085428,-0.001331658291457205,-0.001331658291457205,0.592964824120603,-0.0020351758793969443,-0.0020351758793969443,0.48743718592964824,-0.002562814070351749,-0.002562814070351749,0.4289772727272727,0.13677869116698904,0.199260752688172,0.41595441595441596,0.42211055276381915,0.11133361040792944,0.18504878314779238,0.4191919191919192,0.43143812709030105,0.13427619052936612,0.20118228726827658,0.4261744966442953,23.0,0.0,0.0,36.0,0.0,0.0,46.0,0.0,0.0,0.00041422240330075483,8.435410393165338e-05,-9.48683089602614e-05,-0.015783353182982296,-0.013882344590280482,-0.014982061215359721,0.07386363636363637,0.10577325722734582,0.002840909090909091,-0.18465065956115723
107,0,test,0.99035506935672,0.4270693360029235,0.5586789733220017,6.020730024819425,2.596310407763805,3.3964134409893116,2.692190216909904,0.9357560130608691,1.1523539416079747,16.36680719169037,5.688802428608142,7.005580311680228,1.3413926926305295,0.4801644368155946,0.7516249979924506,5.365570770522118,1.9206577472623785,3.0064999919698026,3.824365964526472,1.4583009216802751,2.020796576637302,15.297463858105887,5.833203686721101,8.083186306549209,1.1078281315499523,0.4703671617056455,0.6735803551787432,5.539140657749761,2.3518358085282274,3.3679017758937158,3.0277753185477803,1.1361035535583792,1.4839739803233247,15.138876592738901,5.680517767791896,7.419869901616624,0.24623115577889443,-0.0037688442211055717,-0.0037688442211055717,0.20100502512562812,-0.003994974874371837,-0.003994974874371837,0.16080402010050254,-0.004195979899497493,-0.004195979899497493,0.20418848167539272,0.0682407692570921,0.0859089117829196,0.1548556430446194,0.2211055276381909,0.06571705646024606,0.09923574466657159,0.15656565656565657,0.22073578595317722,0.07048536859090682,0.11172577482970669,0.1610738255033557,17.0,-8.0,-8.0,22.0,-10.0,-10.0,26.0,-13.0,-13.0,0.001085823498536699,0.0003788602972401752,0.0003722686391827572,-0.2709073023935016,-0.2747598777763516,-0.27831993465144134,0.06806282722513089,0.124510854608112,0.11518324607329843,-1.310659646987915
196,0,test,3.540407026264179,1.6520204942899646,1.913916757226237,7.1796161090752655,3.350143886094998,3.881245144886695,34.480950987674596,27.872253834949326,29.394958097704286,69.92416107267965,56.52233800947864,59.61024060743754,3.763881083697358,1.7748566995425097,2.4138676318530408,6.661736431322758,3.1413392912256812,4.272332091775294,43.11543629552822,35.807036203446216,39.257958874994536,76.31050671774906,63.37528531583401,69.48311305308768,3.7693665753038683,1.8076060370717943,2.451916661492869,6.9374844944242975,3.326882276819253,4.512730051827366,43.35259553225089,36.24075882175073,39.61870804086192,79.79005312684212,66.70078310751668,72.91786755986857,0.6984924623115578,-0.0015075376884421399,-0.0015075376884421399,0.5728643216080402,-0.0021356783919597166,-0.0021356783919597166,0.48743718592964824,-0.002562814070351749,-0.002562814070351749,0.4275862068965517,0.13481927233857238,0.1597465197020258,0.4193548387096774,0.42713567839195976,0.128890064356872,0.190073908775933,0.43434343434343436,0.44147157190635455,0.13095404269099564,0.2034293027183679,0.44630872483221473,27.0,-2.0,-2.0,38.0,-1.0,-1.0,45.0,-4.0,-4.0,0.00018410083183168202,0.0007249463921959427,8.713737083271315e-05,-0.021159153036294676,-0.022442959310831512,-0.022560188632521516,0.059770114942528735,0.242600760492173,0.05747126436781609,-0.9084179401397705
249,0,test,1.936714254155579,0.7690291067924826,0.7690291067924826,6.197485613297853,2.4608931417359443,2.4608931417359443,6.935923806220526,3.7213809799119986,3.7213809799119986,22.19495617990568,11.908419135718393,11.908419135718393,2.955383337841486,1.3676730620181194,1.8945130322575066,5.095488513519804,2.3580570034795163,3.2664017797543217,19.20908487778011,14.31655133695882,16.32020077029097,33.119111858241574,24.68370920165314,28.13827719015685,2.515239444136973,1.1862093123481712,1.6264226059805513,5.098458332710081,2.4044783358408877,3.296802579690307,12.369570245617338,8.592192194101544,9.9373200430522,25.073453200575685,17.416605798854484,20.143216303484188,0.6030150753768844,-0.0019849246231156137,-0.0019849246231156137,0.46733668341708545,-0.002663316582914521,-0.002663316582914521,0.3869346733668342,-0.0030653266331658324,-0.0030653266331658324,0.3339130434782609,0.09246631816056783,0.09246631816056783,0.2735191637630662,0.3919597989949749,0.10373924761652875,0.18160921468779623,0.3535353535353535,0.3612040133779264,0.10410885478026366,0.17766674975167496,0.31543624161073824,24.0,0.0,0.0,35.0,0.0,0.0,43.0,0.0,0.0,0.0030050046497770485,0.00042584778812161244,0.0008490872751463778,-0.1298390241263503,-0.10707091937846691,-0.12004840909042613,0.04521739130434783,0.06366324822155656,0.34608695652173915,-1.7118386030197144
185,0,test,2.8214482699681334,1.3398409543209773,1.8034297377336315,5.486149413826927,2.6052463000685675,3.506668934482062,16.80116568422905,12.401153475431174,14.033460475812216,32.668933274889824,24.113353980005062,27.287284258523755,2.9342717729178642,1.3783184931623709,1.89002987135204,5.015849184474982,2.3560999883117457,3.2308202929094705,18.807801796323613,14.068199256868734,15.966558031777414,32.15008854072413,24.048203857895274,27.293261592781903,2.8484326420145702,1.3547365022750053,1.847185677247271,5.242514065057491,2.4933800655368192,3.3997282403324003,17.260706921237677,12.807180931204854,14.539033376875325,31.768172247676706,23.5714986463893,26.75895713535336,0.7035175879396984,-0.001482412060301641,-0.001482412060301641,0.5125628140703518,-0.0024371859296482556,-0.0024371859296482556,0.42211055276381915,-0.0028894472361808976,-0.0028894472361808976,0.4068767908309455,0.11789252759775526,0.17716027079184482,0.35344827586206895,0.42211055276381915,0.11634614173625024,0.18337933406598939,0.3434343434343434,0.4147157190635451,0.12256212974801917,0.19113396155520246,0.3523489932885906,22.0,0.0,0.0,36.0,0.0,0.0,43.0,0.0,0.0,0.0008398320848002635,7.720165597567988e-05,0.0004026759599158127,0.00030958874559949834,-9.003042194333233e-05,0.00014563222364660788,0.07449856733524356,0.13636363853111408,0.19484240687679083,-1.3503823280334473
246,0,test,1.81687936742461,0.8742666965829488,1.1819825549658516,5.287118959205615,2.5441160870563806,3.439569234950628,6.15262836796994,3.585949815940414,4.2658009336404,17.904148550792524,10.435113964386604,12.413480716893563,2.037825104975273,0.9426317919156264,1.3027418087753384,4.794882599941819,2.2179571574485326,3.0652748441772664,7.673901106954244,4.684140519654125,5.588245394489203,18.05623789871587,11.02150710506853,13.148812692915772,1.81687936742461,0.8742666965829488,1.1819825549658516,5.287118959205615,2.5441160870563806,3.439569234950628,6.15262836796994,3.585949815940414,4.2658009336404,17.904148550792524,10.435113964386604,12.413480716893563,0.4371859296482412,-0.002814070351758735,-0.002814070351758735,0.3316582914572864,-0.0033417085427135396,-0.0033417085427135396,0.2864321608040201,-0.003567839195979916,-0.003567839195979916,0.33448275862068966,0.12314255243512262,0.15942555038270334,0.32179930795847755,0.3266331658291457,0.10413316582914567,0.1452687731502772,0.3484848484848485,0.33448275862068966,0.12314255243512262,0.15942555038270334,0.32179930795847755,21.0,0.0,0.0,30.0,0.0,0.0,35.0,0.0,0.0,0.00041952390250407304,-0.0003912511194180354,0.0003675273873017155,-0.14367296140139896,-0.13239649879202897,-0.14344774458454346,0.08620689655172414,0.1379473023761456,0.013793103448275862,-1.2793623208999634
166,0,test,3.31925177599324,1.5485329079038257,2.132735472581684,6.486476753086026,3.0261406444532777,4.167788404434436,27.639662160936513,21.764586913106875,24.364012224041534,54.01338559694464,42.532322517216485,47.612115491256745,3.5203319988671242,1.6426619369392792,2.2637924763218997,6.122316519768912,2.8568033685900507,3.9370303936033038,33.795646717946774,27.25739334183153,30.282403788191893,58.77503777034222,47.404162333620064,52.66505006642069,3.31925177599324,1.5485329079038257,2.132735472581684,6.486476753086026,3.0261406444532777,4.167788404434436,27.639662160936513,21.764586913106875,24.364012224041534,54.01338559694464,42.532322517216485,47.612115491256745,0.778894472361809,-0.0011055276381910506,-0.0011055276381910506,0.6432160804020101,-0.001783919597989958,-0.001783919597989958,0.507537688442211,-0.0024623115577889765,-0.0024623115577889765,0.41960784313725485,0.09148284313725485,0.16863255054947857,0.37401574803149606,0.4120603015075377,0.06456030150753767,0.14583733977708846,0.3939393939393939,0.41960784313725485,0.09148284313725485,0.16863255054947857,0.37401574803149606,21.0,0.0,0.0,31.0,0.0,0.0,42.0,0.0,0.0,0.00026542140818278884,0.00031881646238710433,0.00024580310077394757,-7.936596070123869e-05,-0.0001398081572467902,0.00011389473326595123,0.10196078431372549,0.17088538424353666,0.7333333333333333,-0.9312150478363037
137,0,test,2.117842093413541,0.0,0.0,110.94404049767392,0.0,0.0,8.313179054509645,0.0,0.0,435.48934859509376,0.0,0.0,4.467512573412709,2.1726293854580723,2.925712147607837,12.074358306520834,5.871971312048844,7.907330128669829,87.13969960483594,77.21642281851317,82.4667035204037,235.51270163469172,208.6930346446302,222.88298248757755,3.5844233313522436,1.7414342455623113,2.342213384665217,13.786243582124014,6.697824021393505,9.008513017943141,36.03257287137736,29.71718556062968,32.56931424049331,138.58681873606676,114.29686754088337,125.26659323266658,0.6381909547738693,-0.0018090452261306789,-0.0018090452261306789,0.4773869346733668,-0.0026130653266331905,-0.0026130653266331905,0.33668341708542715,-0.0033165829145728187,-0.0033165829145728187,0.3567937438905181,0.0,0.0,0.2191780821917808,0.17085427135678388,-0.054709638417652195,-0.021132373050561704,0.14141414141414144,0.21739130434782605,-0.016331567104594602,0.0216182231464912,0.12416107382550334,10.0,0.0,0.0,10.0,0.0,0.0,10.0,0.0,0.0,0.00788435649273154,0.004575337780748587,0.003035639831928268,-0.05595531067604309,-0.08317143950461237,-0.09525619216337411,0.053763440860215055,0.7519009386887928,0.05474095796676442,-3.3141403198242188
242,0,test,0.9813353934418115,0.4108437180657063,0.44635926980424523,4.142451174086231,1.7342695001534683,1.884189130058628,2.668016716108709,0.8988800375377997,0.9606092410208784,11.262336049414639,3.7943874150931896,4.0549611324509645,1.3805311076812907,0.5655940192500054,0.8170829981490166,4.4533261538106155,1.8244968362903404,2.635751606932312,3.9770132889916687,1.7179797404568538,2.2202938589125196,12.829075125779577,5.54187013050598,7.162238254556515,1.0700177207354045,0.4481052553506889,0.6378424522145706,4.52120163691016,1.8934024873972772,2.6951089530193126,2.9154311631034724,1.0529445840193978,1.3748260520249211,12.31872322438087,4.449061622617174,5.809124163485583,0.27638190954773867,-0.0036180904522613577,-0.0036180904522613577,0.22613065326633164,-0.003869346733668344,-0.003869346733668344,0.18592964824120606,-0.004070351758793889,-0.004070351758793889,0.19747899159663862,0.05477175130282963,0.05964907957317822,0.15578947368421048,0.25125628140703515,0.08333648190828824,0.11436145669918873,0.18181818181818177,0.20735785953177255,0.06044634033310814,0.09056141904233983,0.14429530201342278,20.0,-6.0,-6.0,25.0,-5.0,-5.0,32.0,-7.0,-7.0,-0.0002905319590214162,0.0010898541619956896,3.8607271825414016e-05,-0.22470215137194494,-0.251731868133688,-0.2406865342680451,0.06302521008403361,0.09366344876697988,0.06722689075630252,-0.6620765924453735
191,0,test,3.4107678132730297,1.6435393253216992,2.2298087896700363,6.093394183263054,2.9362107047882047,3.9835909837925367,30.28849123918167,24.433886491610792,27.030994517573202,54.11090007898748,43.65155002433838,48.2913272842038,3.2364319681216864,1.5257782750275655,2.093528466419583,5.439381459028045,2.5643332353404467,3.5185352376799717,25.44277895405935,19.910202050939166,22.30691881900536,42.760973032032524,33.46252445535995,37.49061986387456,3.417087583875449,1.6398378341834992,2.229753669302645,6.065835947707897,2.9109547352369805,3.9581426082295468,30.480513685506036,24.56694345055048,27.202184445497505,54.10742074350184,43.60995878795943,48.28790138253995,0.6582914572864322,-0.0017085427135676845,-0.0017085427135676845,0.5276381909547738,-0.002361809045226204,-0.002361809045226204,0.4321608040201005,-0.002839195979899567,-0.002839195979899567,0.41324921135646686,0.11403661293126999,0.19184312531239556,0.4113924050632911,0.40703517587939697,0.11380209317263001,0.1933456934086123,0.38888888888888884,0.40802675585284276,0.11086481929190783,0.18666969244906073,0.4093959731543624,25.0,-4.0,-4.0,35.0,0.0,0.0,43.0,-1.0,-1.0,9.76410727047892e-05,0.00018949391209196405,-2.2806339556999666e-05,-0.004239574646165423,-0.004209530753078283,-0.004291588284563552,0.08517350157728706,0.11429681905687267,0.0031545741324921135,-1.1536242961883545
162,0,test,2.4654239494439154,1.1276463300509876,1.5223723832856553,5.610419884952499,2.5661182510775675,3.4643730517077405,11.768470330990356,7.957904769749242,9.20066502852047,26.78081389424087,18.109334572185773,20.93741080208184,2.1524343158843426,0.9138839086241901,1.2936131480795108,5.24983979483986,2.2289851429858296,3.155154019706124,8.605782111471367,5.15517424997932,6.245405546341056,20.989712467003336,12.57359573165688,15.23269645449038,2.2645941617921963,1.0034379262686672,1.4067080081948675,5.186093500287472,2.29794944947023,3.221468721056948,9.627216715801259,6.097716653434501,7.269046104834446,22.047061181224258,13.964236610918707,16.64667046908652,0.42211055276381915,-0.0028894472361808976,-0.0028894472361808976,0.31155778894472363,-0.003442211055276312,-0.003442211055276312,0.2613065326633166,-0.003693467336683409,-0.003693467336683409,0.3615819209039548,0.11193453021284061,0.15532581142203883,0.3682719546742209,0.31155778894472363,0.0784750821778063,0.11456279729196905,0.297979797979798,0.3311036789297659,0.08903356206833013,0.13199355657159018,0.33221476510067116,21.0,0.0,0.0,26.0,0.0,0.0,35.0,0.0,0.0,-0.0008100083412888688,-0.00019768488515323047,-0.0002959022613566056,-0.1050678371391589,-0.10729397379084737,-0.09443727508009303,0.07062146892655367,0.3570632917577365,0.3305084745762712,-1.1801631450653076
205,0,test,3.4477367494899305,1.6575126756622407,2.245083920428198,8.484430435701308,4.078922497499254,5.524858691140697,31.429179646232882,25.43838494993618,28.100243327833,77.34311165116439,62.60054731158207,69.15103358066729,3.5304791945893896,1.650587380649499,2.2678845311385167,7.355164988727895,3.4387237096864567,4.72475943987191,34.14032355392966,27.587527651259002,30.605742906952248,71.1256740706868,57.474015940122925,63.76196438948386,3.4477367494899305,1.6575126756622407,2.245083920428198,8.484430435701308,4.078922497499254,5.524858691140697,31.429179646232882,25.43838494993618,28.100243327833,77.34311165116439,62.60054731158207,69.15103358066729,0.6934673366834171,-0.0015326633165829717,-0.0015326633165829717,0.5778894472361809,-0.002110552763819218,-0.002110552763819218,0.48743718592964824,-0.002562814070351749,-0.002562814070351749,0.43262411347517726,0.13173915772296485,0.20502977385253573,0.3879003558718861,0.44723618090452266,0.1439780355411141,0.218521656697511,0.38383838383838387,0.43262411347517726,0.13173915772296485,0.20502977385253573,0.3879003558718861,19.0,0.0,0.0,36.0,0.0,0.0,43.0,0.0,0.0,6.0986144863494195e-05,0.00013702698854155796,0.0003571244951336838,-0.00026647385093347964,0.00016949575638847136,1.9271695109068787e-05,0.09219858156028368,0.12206856869916792,0.11702127659574468,-0.6052942276000977
1,0,test,2.8906099142354473,1.25368415265459,1.383838620642579,7.6972812573355345,3.33838180078308,3.6849645555396675,18.004287324613593,12.864941696891215,13.492148445836538,47.94284510439962,34.25750189000746,35.927663861484724,2.8103668750807986,1.1935312832455225,1.6772664889426465,6.854553353855607,2.9110519103549333,4.09089387546987,16.616013101837268,11.578887552686144,13.510743977487667,40.526861223993336,28.241189152893035,32.95303409143333,3.09205864456228,1.337882248127573,1.8674652332114487,7.304075538336095,3.1603517672304875,4.411335196562478,22.022367569426056,16.24368113466531,18.619585300583797,52.02134071517966,38.37090031810703,43.98327236358378,0.5477386934673367,-0.002261306532663321,-0.002261306532663321,0.44221105527638194,-0.0027889447236180143,-0.0027889447236180143,0.37688442211055273,-0.003115577889447274,-0.003115577889447274,0.39139784946236555,0.11964704387697356,0.1362658846529814,0.375,0.3869346733668342,0.11375171597335043,0.16322849640523152,0.3535353535353535,0.4046822742474916,0.11920648125917777,0.1799881696868687,0.40268456375838924,24.0,-1.0,-1.0,34.0,-4.0,-4.0,43.0,-3.0,-3.0,0.000314893456808106,-0.00020010071608158093,6.287356885455526e-05,-0.08544750033346116,-0.09426042695652903,-0.09461446058909662,0.06451612903225806,0.15136283904724457,0.002150537634408602,-0.4719979763031006
194,0,test,1.9868862726319751,0.9035157931853985,1.036242499240147,5.516386110972006,2.508519003440206,2.8770211003748183,7.292790610983646,4.338169333233383,4.70541580465898,20.24768573360056,12.04448255872871,13.064104749581144,2.921914950788996,1.2873490600180089,1.817098155911082,4.9523982216762645,2.1819475593525572,3.079827382900139,18.576827130296557,13.44959539507038,15.558155748211693,31.486147678468743,22.795924398424376,26.36975550544355,2.4162072524225073,1.09922377538658,1.5330471130932195,5.177586969476802,2.3554795186855286,3.2851009566283276,11.203287392519057,7.471141117454822,8.784756856228256,24.007044412540836,16.00958810883176,18.824478977631976,0.6231155778894473,-0.0018844221105527303,-0.0018844221105527303,0.49246231155778897,-0.002537688442211028,-0.002537688442211028,0.371859296482412,-0.003140703517587995,-0.003140703517587995,0.32511210762331844,0.10450740437583805,0.12178854946105055,0.24269662921348312,0.3919597989949749,0.11877684160149116,0.17660086744238723,0.33333333333333337,0.36789297658862874,0.11914506339998099,0.17545693654413486,0.2785234899328859,25.0,-13.0,-13.0,34.0,-14.0,-14.0,41.0,-14.0,-14.0,0.0003780320916093074,0.0018326082094349773,0.00024048035266214057,-0.08633405580657172,-0.11075273527169038,-0.10310322721059517,0.05605381165919283,0.11368774317249733,0.36995515695067266,-1.315755844116211
28,0,test,1.6666800147413596,0.7819399210243911,1.0468182019413927,5.4784389373442846,2.5702654811449896,3.440930200825875,5.294560722190349,2.872205997741079,3.435889542657222,17.403417188681242,9.441047492574846,11.293896181882538,1.7537196484320259,0.7326396655679062,1.060644875236275,4.940055347695848,2.0637737058250885,2.9877320429190846,5.776047633952923,2.999856249306446,3.776192443438612,16.270556715360346,8.450299293820972,10.63716181250313,1.6507109723800424,0.726379279021748,1.0250897774243994,5.105291667154771,2.246533852644582,3.170380754920823,5.210683162348924,2.690499720248356,3.3412762994150547,16.115514935099768,8.321133155407288,10.333844224995016,0.40201005025125625,-0.002989949748743781,-0.002989949748743781,0.29145728643216084,-0.0035427135678391952,-0.0035427135678391952,0.2211055276381909,-0.003894472361809065,-0.003894472361809065,0.2966101694915254,0.09491764480887377,0.137274881123979,0.2521246458923513,0.31658291457286436,0.09853780179090943,0.15297690455616986,0.23737373737373735,0.2976588628762542,0.08897772765087852,0.14193027555701065,0.24496644295302017,18.0,0.0,0.0,26.0,-1.0,-1.0,30.0,0.0,0.0,0.0009671031468570967,-0.00013510104015404295,0.0003311966114590817,-0.12255231545555834,-0.11536864352718812,-0.1268601714232691,0.08192090395480225,0.13051181152939556,0.03389830508474576,-1.2050303220748901
64,0,test,2.6146460395301347,1.2085852127521874,1.4741365649185934,6.185505487802719,2.8591673033108895,3.487385930721701,13.662379579631107,9.582527116447046,10.53401779947895,32.32128654838445,22.6695212926233,24.920476394195916,2.640944459884383,1.1514168818851813,1.6318754885343871,5.445246309039965,2.374055426567384,3.3646917289368803,14.026444768281026,9.591444935757005,11.283398796876606,28.920504676868095,19.776175125272175,23.264739787374445,2.7019220020106953,1.2825042236695905,1.7353206052708603,5.873743482631946,2.7880526601512834,3.772436098414914,14.908358100329869,10.773645680135509,12.279363750065592,32.40947413115189,23.420968869859802,26.694269021881723,0.5326633165829145,-0.0023366834170853723,-0.0023366834170853723,0.4170854271356784,-0.0029145728643216184,-0.0029145728643216184,0.35678391959798994,-0.0032160804020100464,-0.0032160804020100464,0.3704600484261501,0.11411180175142221,0.15540628498528986,0.3689320388349514,0.371859296482412,0.10619513608140951,0.17319485574785443,0.3787878787878788,0.3812709030100334,0.12918409165777966,0.18772251591325917,0.38590604026845643,22.0,0.0,0.0,29.0,1.0,1.0,39.0,1.0,1.0,-0.00030418868570192606,0.00011974622388242353,-6.738141877575371e-05,-0.006383420814678686,-0.00555410299730319,-0.006789988021574267,0.06053268765133172,0.06283147499240843,0.002421307506053269,-1.5226836204528809
100,0,test,2.548080292755547,1.2124344996453496,1.6410970763885415,5.679690423546715,2.7025257549346717,3.658017910728657,12.78254147651276,8.98009072633015,10.305702313156127,28.492382527799435,20.016690779300795,22.971489125508313,2.3739799739343663,1.0988529272904721,1.4982548001503309,4.747959947868733,2.1977058545809443,2.9965096003006617,10.740052463456314,7.160896362468217,8.33943693710567,21.480104926912627,14.321792724936435,16.67887387421134,2.548080292755547,1.2124344996453496,1.6410970763885415,5.679690423546715,2.7025257549346717,3.658017910728657,12.78254147651276,8.98009072633015,10.305702313156127,28.492382527799435,20.016690779300795,22.971489125508313,0.542713567839196,-0.0022864321608039306,-0.0022864321608039306,0.4321608040201005,-0.002839195979899567,-0.002839195979899567,0.321608040201005,-0.0033919597989949812,-0.0033919597989949812,0.4020618556701031,0.1310498488090397,0.19291899852724592,0.3758620689655172,0.40201005025125625,0.13133335852193295,0.19833726227128967,0.3282828282828283,0.4020618556701031,0.1310498488090397,0.19291899852724592,0.3758620689655172,22.0,0.0,0.0,31.0,0.0,0.0,41.0,0.0,0.0,-0.00034559497349919896,0.0001829648718376712,-9.410238527346642e-05,-0.056816930569464574,-0.058576388379107946,-0.058656408650452185,0.13058419243986255,0.06410931565163194,0.003436426116838488,-0.8738176822662354
116,0,test,1.4154350375940175,0.6537004764342536,0.8456653250907792,6.171955105787867,2.850438123986571,3.687494150105142,4.118277681936114,1.9762892719792866,2.3504177934111965,17.957606171233053,8.617540430142236,10.248914796851146,2.0229231025223635,0.904152633024101,1.2693546875399406,5.698374936682715,2.546908825420003,3.575647007154763,7.56039246740863,4.4993042801517245,5.4358246216719355,21.296880189883467,12.674096563807675,15.312182032878692,1.6688612014419828,0.7617147936758879,1.0563814944245857,5.96021857657851,2.7204099774138855,3.7727910515163776,5.306121751421296,2.828878356233593,3.4611209589476735,18.950434826504626,10.103136986548545,12.361146281955975,0.44221105527638194,-0.0027889447236180143,-0.0027889447236180143,0.3266331658291457,-0.0033668341708542604,-0.0033668341708542604,0.2613065326633166,-0.003693467336683409,-0.003693467336683409,0.29144385026737973,0.1005226219629739,0.13504111321948142,0.22252010723860594,0.321608040201005,0.09855039609072924,0.14965478477529548,0.2828282828282829,0.3076923076923077,0.10235007063053814,0.15530076152990502,0.25838926174496646,18.0,-7.0,-7.0,27.0,-10.0,-10.0,32.0,-11.0,-11.0,0.0014029752169906764,0.0007974736025576003,0.0005147913221694934,-0.1614486970330562,-0.17004357052831764,-0.1675411335301753,0.0855614973262032,0.07200542151963697,0.44385026737967914,-1.342057228088379
180,0,test,2.478959493824781,1.1695643058525447,1.4315968830010577,6.020330199288755,2.840370457070466,3.4767352872882835,11.92884592036448,8.22491306887434,9.078721610505498,28.970054378028024,19.97478888155197,22.04832391122764,3.2654245992200788,1.535556063680285,2.1027664646519866,5.678999302991442,2.6705322846613653,3.6569851559164985,26.191229405799362,20.551316994151016,22.992805578257194,45.549964183998895,35.741420859393074,39.98748796218643,2.616963556800158,1.2338898733214418,1.6890215369335422,5.730577131679178,2.7019486277111864,3.698587307153742,13.694079098159463,9.706941085448857,11.164780526576143,29.987034521517074,21.25607536959604,24.44842451075068,0.6582914572864322,-0.0017085427135676845,-0.0017085427135676845,0.5678391959798995,-0.0021608040201005485,-0.0021608040201005485,0.4321608040201005,-0.002839195979899567,-0.002839195979899567,0.37592137592137587,0.11825266426493419,0.1667327151198118,0.3201970443349754,0.39698492462311563,0.09122051359554673,0.16827040041610397,0.3939393939393939,0.3846153846153846,0.11416463336329774,0.18772995636176948,0.31879194630872487,14.0,0.0,0.0,25.0,0.0,0.0,31.0,0.0,0.0,-0.00029124793590484826,0.0012551600492580282,-0.0001028633946130227,-0.055990655122149846,-0.0720021443797112,-0.06266378505629078,0.06388206388206388,0.2122515501254222,0.3832923832923833,-1.2929506301879883
254,0,test,2.195310206338105,1.019358031423104,1.403847347478786,4.169510032181725,1.9360469086021546,2.6662999980892055,8.982787142171711,5.741559451475214,6.776165099197261,17.060833133333322,10.904832339492494,12.86983874955451,2.473577091991707,1.0846784521549453,1.5396221916948316,4.2647880896408745,1.8701352623361132,2.654521020163503,11.864812559444308,7.854381868258607,9.320259803142463,20.456573378352257,13.54203770389415,16.0694134536939,2.195310206338105,1.019358031423104,1.403847347478786,4.169510032181725,1.9360469086021546,2.6662999980892055,8.982787142171711,5.741559451475214,6.776165099197261,17.060833133333322,10.904832339492494,12.86983874955451,0.5276381909547738,-0.002361809045226204,-0.002361809045226204,0.4120603015075377,-0.0029396984924623393,-0.0029396984924623393,0.33668341708542715,-0.0033165829145728187,-0.0033165829145728187,0.3460076045627376,0.11071348691567873,0.16269534160445698,0.316793893129771,0.3668341708542714,0.1162076044382313,0.1731780773651228,0.35858585858585856,0.3460076045627376,0.11071348691567873,0.16269534160445698,0.316793893129771,18.0,-5.0,-5.0,27.0,-7.0,-7.0,35.0,-5.0,-5.0,0.0005841833771806808,0.00016793192184708086,-3.0248451803111805e-05,-0.06819345585087078,-0.06180178332948216,-0.06080041070128228,0.12167300380228137,0.15993258278758007,0.053231939163498096,-2.5207343101501465
160,0,test,2.8061333723017454,0.9240249821517112,0.9240249821517112,7.041806387096833,2.31877967219203,2.31877967219203,16.54581785492007,9.978481071209664,9.978481071209664,41.52063725857301,25.0403392919035,25.0403392919035,3.2770565673195575,1.573134971737825,2.1286857003539987,6.363216635571956,3.054631013083155,4.133370291949512,26.497663712667283,21.002207566280525,23.344611730611277,51.45177419935395,40.780985565593255,45.32934316623549,3.1643007261267617,1.5139654933702167,2.058387472134185,6.878914622014699,3.2912293334135145,4.47475537420475,23.672184903397156,18.463459233401068,20.65020185634039,51.46127152912425,40.137954855219704,44.89174316595737,0.6381909547738693,-0.0018090452261306789,-0.0018090452261306789,0.5226130653266332,-0.002386934673366814,-0.002386934673366814,0.42211055276381915,-0.0028894472361808976,-0.0028894472361808976,0.3855421686746988,0.07860179721819838,0.07860179721819838,0.34087481146304677,0.39698492462311563,0.11878943590131108,0.17828709490692196,0.31313131313131315,0.39799331103678925,0.12420366162109642,0.189984412260371,0.32885906040268453,27.0,-11.0,-11.0,37.0,-8.0,-8.0,45.0,-11.0,-11.0,0.0027459257037623325,0.00016521717614885977,0.0001525728256153999,-0.0619421353841032,-0.054548765356327245,-0.05180332744940053,0.04066265060240964,0.23569059020575517,0.010542168674698794,-1.2475171089172363
218,0,test,0.7292120876402822,0.11678630870335849,0.11678630870335849,5.112678007725125,0.818816366639278,0.818816366639278,2.0734462699579193,0.22854497215270397,0.22854497215270397,14.537421038806086,1.6023827261043504,1.6023827261043504,0.9765129870549869,0.24395245887973438,0.44329993520869193,5.425072150305483,1.3552914382207462,2.462777417826066,2.655181428617332,0.5747807103414826,0.9507815833722857,14.751007936762957,3.1932261685637915,5.282119907623809,0.840454109529055,0.242460336799177,0.39534024498081527,5.252838184556594,1.5153771049948563,2.4708765311300955,2.3174190999695385,0.4989522194902192,0.7567512095093236,14.483869374809615,3.118451371813869,4.729695059433272,0.18592964824120606,-0.004070351758793889,-0.004070351758793889,0.1507537688442211,-0.0042462311557789345,-0.0042462311557789345,0.13567839195979903,-0.004321608040200986,-0.004321608040200986,0.1701444622792937,0.002989037059352384,0.002989037059352384,0.13826366559485526,0.18592964824120606,0.018009848742459145,0.04068757812434465,0.1262626262626263,0.1705685618729097,0.005293102774412195,0.025963445076469194,0.12416107382550334,16.0,0.0,0.0,20.0,0.0,0.0,23.0,0.0,0.0,0.0011374976578936503,0.00025662223751822717,0.00028900412309764215,-0.24571477658140184,-0.2474047592136568,-0.2439515926529512,0.052969502407704656,0.16658735421476914,0.0016051364365971107,-0.5532656311988831
102,0,test,3.354995338570261,1.6235807017116903,2.1968658632964844,5.765770432153682,2.7902255173129045,3.775452112371802,28.645470661546565,22.996831629499496,25.461498657406903,49.2290423943944,39.521501063870396,43.757186315423844,3.3367083566240283,1.57323278002579,2.157759722143097,5.2136068072250445,2.458176218790297,3.371499565848589,28.126392112248645,22.29371799969834,24.875437648169296,43.94748767538851,34.83393437452866,38.86787132526453,3.354995338570261,1.6235807017116903,2.1968658632964844,5.765770432153682,2.7902255173129045,3.775452112371802,28.645470661546565,22.996831629499496,25.461498657406903,49.2290423943944,39.521501063870396,43.757186315423844,0.7236180904522613,-0.0013819095477386467,-0.0013819095477386467,0.5879396984924623,-0.002060301507537776,-0.002060301507537776,0.4773869346733668,-0.0026130653266331905,-0.0026130653266331905,0.43356643356643354,0.11768510721390302,0.1905431777524801,0.4,0.4371859296482412,0.11387765897154944,0.19845471095041145,0.3787878787878788,0.43356643356643354,0.11768510721390302,0.1905431777524801,0.4,26.0,-14.0,-14.0,36.0,-16.0,-16.0,43.0,-12.0,-12.0,0.00017263109705310746,0.0004568292801971277,3.1644988588824684e-05,-0.00029419353837489837,0.00015400165618917327,5.253467235455389e-06,0.1258741258741259,0.08522513759963717,0.0979020979020979,-1.0228428840637207
128,0,test,2.2827611628134963,1.0626977571996992,1.3757381116080187,5.3930232471468855,2.5106234513842898,3.2501812886739447,9.803712719044462,6.416310211896979,7.326774889234667,23.161271298742545,15.158532875606618,17.309505675816904,2.961051777679214,1.4259418093814884,1.93245678009939,5.123906989201423,2.4674993049297065,3.3439904281719883,19.31827960925083,14.676443652564284,16.521146515426405,33.429022976007964,25.396628581393855,28.58876657886831,2.6077860122350223,1.2205115251690244,1.6774591032159532,5.395419335658667,2.525196258970395,3.4706050411364546,13.568976024564382,9.565053598858356,11.033638157591819,28.073743499098722,19.789766066603494,22.82821687777618,0.6515151515151515,-0.003484848484848535,-0.003484848484848535,0.5252525252525253,-0.0047474747474747225,-0.0047474747474747225,0.4040404040404041,-0.000959595959595938,-0.000959595959595938,0.3448275862068966,0.09582096369034032,0.13759395961843124,0.2792553191489362,0.4040404040404041,0.11436785995979959,0.1842417463222833,0.3807106598984772,0.3712374581939799,0.10412560510549906,0.16100386531300104,0.31879194630872487,23.0,1.0,1.0,36.0,0.0,0.0,44.0,0.0,0.0,0.0008487611668608038,0.0010478536528557055,0.00036553047311974583,-0.044794431345472674,-0.05992589008627469,-0.05091055807928502,0.08488063660477453,0.04443270584558504,0.7214854111405835,-1.1036484241485596
243,0,test,3.197867672083063,1.5243302036581436,2.0798412295759716,6.260885502572262,2.9843814228246788,4.071978310916812,24.480274531004547,19.14928183135467,21.42146302891868,47.92824832877396,37.491063826447395,41.93961135179862,3.562232583393761,1.6924749221900544,2.3116586170192672,5.9869455183088425,2.84449566754631,3.8851405328054915,35.241789614600584,28.755065390746026,31.749442742610945,59.22989851193376,48.32784099285047,53.3604079707747,3.2530195704468534,1.5613754711159034,2.1228130627669826,6.255806866243948,3.0026451367613523,4.082332813013427,25.868333359507307,20.439935161161095,22.772037516528744,49.74679492212943,39.30756761761749,43.79237983947835,0.7236180904522613,-0.006381909547738651,-0.006381909547738651,0.6030150753768844,-0.006984924623115618,-0.006984924623115618,0.5125628140703518,-0.00743718592964826,-0.00743718592964826,0.4104938271604939,0.11003157754570192,0.18770121935761908,0.3560371517027864,0.44723618090452266,0.1189153788995101,0.2085049622066929,0.4040404040404041,0.4147157190635451,0.10586763892998918,0.1877969203983616,0.3691275167785235,25.0,0.0,0.0,39.0,0.0,0.0,46.0,0.0,0.0,0.0012943696483778725,0.0001177578711383721,0.0003730138489571918,0.0004083119095046328,6.807704299838235e-06,-0.00012791969757852684,0.08641975308641975,0.1064247001615387,0.5864197530864198,-1.2960593700408936
152,0,test,2.8129551561289228,1.3359705276847427,1.8200249112944613,5.5321451403868815,2.6274087044466605,3.5793823255457737,16.65907571868125,12.279356449919774,13.95994370520743,32.762848913406465,24.14940101817556,27.45455595357462,2.9707783389261495,1.3817889747376397,1.9042465157371895,5.258014759161327,2.4456442030754686,3.3703478154640525,19.50709682154458,14.608301294031744,16.601810859939622,34.525835082379785,25.855400520410164,29.38373603529137,2.8129551561289228,1.3359705276847427,1.8200249112944613,5.5321451403868815,2.6274087044466605,3.5793823255457737,16.65907571868125,12.279356449919774,13.95994370520743,32.762848913406465,24.14940101817556,27.45455595357462,0.6482412060301508,-0.0017587939698492372,-0.0017587939698492372,0.5276381909547738,-0.002361809045226204,-0.002361809045226204,0.4120603015075377,-0.0029396984924623393,-0.0029396984924623393,0.4,0.1176220806794055,0.18076379066478077,0.3846153846153846,0.4120603015075377,0.10880215614412914,0.18334577730052604,0.41414141414141414,0.4,0.1176220806794055,0.18076379066478077,0.3846153846153846,24.0,-1.0,-1.0,33.0,0.0,0.0,43.0,0.0,0.0,0.00037694200564922155,0.00017293862009778175,6.770354389031304e-05,-0.022409614799994593,-0.020516166101083755,-0.021880895163318925,0.11063829787234042,0.09005369707782264,0.00851063829787234,-0.935467004776001
78,0,test,3.508304067433658,1.6963343020281971,2.294505190304495,6.00151507982306,2.901851064890875,3.9251180159015973,33.39158985188248,27.269094409706874,30.025341494660918,57.12165370601216,46.648146274473184,51.363147632998626,3.6960797203054194,1.7429157188842594,2.385862886199317,5.356637275804956,2.5259648099771876,3.4577722988395903,40.289050017405984,33.2380884404266,36.5820725931989,58.38992756145795,48.17114266728493,53.01749651188247,3.59628605948941,1.7201189275769955,2.339518466513139,5.831815231604448,2.789382044719452,3.793813729480766,36.46256287218143,29.934128652712726,32.94851858421761,59.12848033326718,48.54183024764225,53.43003013656909,0.7085427135678393,-0.0014572864321606982,-0.0014572864321606982,0.6231155778894473,-0.0018844221105527303,-0.0018844221105527303,0.542713567839196,-0.0022864321608039306,-0.0022864321608039306,0.4464285714285714,0.14776586711950745,0.2167256011315417,0.37014925373134333,0.49246231155778897,0.17166030654525766,0.2570699910235653,0.3939393939393939,0.4548494983277592,0.14433196911240032,0.2234813114534544,0.3791946308724832,27.0,-3.0,-3.0,41.0,-5.0,-5.0,49.0,-2.0,-2.0,0.0008849675193130976,0.00020448647215956815,0.00048388896393216784,0.00036092479082938667,-3.9674596296279674e-05,0.0001777382952132811,0.0744047619047619,0.09119731229214964,0.34523809523809523,-1.0852413177490234
9,0,test,3.2104353220865596,1.5431829174811849,1.898666594329739,5.905433780535369,2.838607109678694,3.4925013959918596,24.789875456331075,19.492283313754545,21.077140731192106,45.599725036645694,35.85507160007144,38.77033684957814,3.7322577410757813,1.7611200228564385,2.414662438275454,5.293982611455009,2.4980425856119695,3.425053103936814,41.77331510595687,34.59447576569228,38.038884708973974,59.252929228307615,49.07017839105288,53.95586483542407,3.5943011215402834,1.7058230940461674,2.3291459420843177,5.529694033138897,2.624343221609488,3.583301449360488,36.39025873077084,29.78095688420074,32.84661613679641,55.98501343195513,45.81685674492421,50.533255595071395,0.7035175879396984,-0.001482412060301641,-0.001482412060301641,0.6030150753768844,-0.0019849246231156137,-0.0019849246231156137,0.5376884422110553,-0.0023115577889447625,-0.0023115577889447625,0.43000000000000005,0.14036204744069913,0.18366568914956016,0.3458646616541353,0.46733668341708545,0.1490409440687145,0.2352832610464678,0.38383838383838387,0.4448160535117057,0.1359679733781498,0.21233551958512065,0.3825503355704698,26.0,-2.0,-2.0,37.0,0.0,0.0,46.0,-1.0,-1.0,0.0004672970472124551,0.0014462697936120966,0.00020282568193775365,-0.007783525753114695,-0.0114253207164845,-0.0094077820858125,0.0625,0.15782015060649024,0.9075,-0.8215184211730957
199,0,test,2.9681488827378155,1.4225137986459233,1.9352833200254715,5.292413616310284,2.536439947850138,3.4507432743311313,19.455871142444888,14.764921313615115,16.64676716653661,34.691156481502254,26.326870278774038,29.6823308736658,3.4257099341926396,1.6220712166799836,2.2187950416094893,5.190469597261575,2.4576836616363384,3.361810669105286,30.744463651611035,24.672763130935273,27.401308916789734,46.582520684259144,37.38297444081102,41.51713472240869,3.0615178701369694,1.4628545707261729,1.9934139344361914,5.218496369551652,2.49350210919234,3.3978646609707805,21.359954205169764,16.41353807914457,18.450097215010025,36.40901284972119,27.9776217258146,31.449029343767087,0.7336683417085428,-0.001331658291457205,-0.001331658291457205,0.6080402010050252,-0.001959798994974782,-0.001959798994974782,0.4522613065326633,-0.0027386934673366836,-0.0027386934673366836,0.4017857142857143,0.10163712587561025,0.17109264497878363,0.35522388059701493,0.42211055276381915,0.10381481341544818,0.1883876813113985,0.398989898989899,0.4013377926421404,0.0991675088357965,0.17219429987239632,0.35906040268456374,22.0,-3.0,-3.0,30.0,-1.0,-1.0,41.0,-2.0,-2.0,0.0010751725331400795,0.00027908283163947814,0.0006351550382594826,0.00036092479082938667,-3.9674596296279674e-05,0.0001777382952132811,0.125,0.11318574550593946,0.5595238095238095,-0.8689723014831543
70,0,test,3.1207607886536457,1.5153350738542013,1.6146019227511033,7.7614776090867865,3.7687089919689973,4.015590274199635,22.66361530737162,17.683636104989038,18.15423894138052,56.36546812196051,43.980027618625584,45.15043881794119,3.2976031878646626,1.5621357906904438,2.1371376229300534,6.1637442763825465,2.9198799825989603,3.9946497624860804,27.047732833592608,21.376154769637473,23.856314090635514,50.55650996933198,39.9554294759579,44.591241290907504,3.2127222603167107,1.5383820710052218,2.0934052539735415,7.086887338933921,3.393489862511519,4.617805707294577,24.846633246275342,19.511359529438227,21.78387160427791,54.80874980796032,43.03976366787845,48.05265795061304,0.6281407035175879,-0.0018592964824121205,-0.0018592964824121205,0.507537688442211,-0.0024623115577889765,-0.0024623115577889765,0.4321608040201005,-0.002839195979899567,-0.002839195979899567,0.40292275574112735,0.11512296429170088,0.12921796590730528,0.38912133891213385,0.42713567839195976,0.14142139267767406,0.21845454316658408,0.40909090909090906,0.41137123745819393,0.115878749979062,0.1978006034203741,0.3959731543624161,24.0,0.0,0.0,33.0,1.0,1.0,44.0,0.0,0.0,-0.0004687387500835766,0.000617665283401872,0.00044764233538630965,-0.00487930074726961,-0.005039949638321772,-0.005759695805704013,0.054279749478079335,0.11845692167229206,0.15031315240083507,-1.1401922702789307
10,0,test,2.643802701469692,1.2687923116511763,1.6138422175989249,7.480982458973499,3.59021231889444,4.566575756465106,14.06659308547387,10.111475269810454,11.265637935867368,39.80324858260013,28.61173002272291,31.87758290000988,2.636583861769715,1.2121538644147491,1.684692938413141,7.223517429506069,3.3209694915472583,4.615597091542853,13.965414241176667,9.80992571306675,11.374810577437312,38.26140887993608,26.876508802922604,31.163864595718668,2.500795118841913,1.1857032820543447,1.620697540789786,7.355279761299744,3.4873625942774846,4.766757472911135,12.192184343185433,8.467091273061493,9.781049374392962,35.85936571525127,24.90320962665145,28.76779227762636,0.5326633165829145,-0.0023366834170853723,-0.0023366834170853723,0.44221105527638194,-0.0027889447236180143,-0.0027889447236180143,0.3517587939698492,-0.0032412060301507672,-0.0032412060301507672,0.3989501312335958,0.13944816530961157,0.18682891911238364,0.34736842105263155,0.3869346733668342,0.1262830442941525,0.1949480289594886,0.2777777777777778,0.3745819397993311,0.12416457752888033,0.18548294091167816,0.2986577181208053,19.0,0.0,0.0,29.0,0.0,0.0,37.0,0.0,0.0,0.0011362404042069127,-0.0005197417439178782,0.00046461046294134,-0.029142404527606303,-0.026915678571787005,-0.031924696875230474,0.06561679790026247,0.21719013866310796,0.0026246719160104987,-1.5461888313293457
113,0,test,2.9712773826122025,1.3888263429675687,1.9117642743499856,5.942554765224405,2.7776526859351374,3.8235285486999713,19.516834144519283,14.649964048888553,16.631868163367,39.033668289038566,29.299928097777105,33.263736326734,3.202455863859253,1.4792710902946171,2.0429576275292,5.569488458885658,2.5726453744254214,3.552969787007305,24.59285279311971,18.990510518800818,21.404519708138576,42.77017877064298,33.02697481530577,37.225251666327964,3.0192669458660246,1.402452119261422,1.9357729292771761,5.881688855583165,2.732049582976796,3.7709862258646285,20.47627596245421,15.439255009291063,17.521289656688005,39.8888492775082,30.07647079732025,34.13238244809351,0.7487437185929648,-0.0012562814070351536,-0.0012562814070351536,0.49246231155778897,-0.002537688442211028,-0.002537688442211028,0.3869346733668342,-0.0030653266331658324,-0.0030653266331658324,0.37142857142857144,0.07665836540638449,0.12855634333987032,0.3280254777070064,0.38190954773869346,0.0886764650319265,0.1331616345500457,0.33333333333333337,0.37792642140468224,0.08243393392555032,0.13321006990301376,0.33221476510067116,26.0,-4.0,-4.0,35.0,-1.0,-1.0,44.0,-3.0,-3.0,0.001049973969468026,0.0003320722485032456,0.00016050678328400483,-0.004231676793052586,-0.004201783702979078,-0.00428457917062719,0.09523809523809523,0.15000334537499194,0.6793650793650794,-1.006079912185669
74,0,test,2.0847655130135934,0.9402399908697794,1.0636266906379208,6.790379099529989,3.062495970261567,3.464384078077799,8.042705350829488,4.901754659156732,5.2663506116321575,26.196240285558904,15.965715175539072,17.1532562778876,2.6282499428762733,1.2042433281243778,1.6732501308112404,5.776373500826974,2.6466886332403905,3.6774728149697586,13.849511245488587,9.69578170653975,11.250841150950091,30.43848625382107,21.309410344043403,24.727123408681514,2.530462814929773,1.1517068516941866,1.5984046399078373,6.488366192127623,2.9530944915235557,4.098473435661122,12.55931743140253,8.589357653108923,10.019586418420221,32.20337802923726,22.023993982330573,25.69124722671852,0.542713567839196,-0.0022864321608039306,-0.0022864321608039306,0.42713567839195976,-0.002864321608040288,-0.002864321608040288,0.3517587939698492,-0.0032412060301507672,-0.0032412060301507672,0.3362637362637363,0.10574781968854419,0.12120997282287604,0.26211453744493396,0.3919597989949749,0.13130816992229322,0.18995646009681133,0.28787878787878785,0.3745819397993311,0.12583402661068332,0.18325824680711755,0.30201342281879195,22.0,0.0,0.0,33.0,0.0,0.0,39.0,0.0,0.0,0.0012873526034236618,0.0009733936193263488,0.0001757781511156817,-0.09668568494214735,-0.10333347255851333,-0.10280831683781866,0.07252747252747253,0.11850887729940988,0.6351648351648351,-1.6688780784606934
195,0,test,0.5275853956472022,0.08362802083677401,0.08362802083677401,5.139960748502288,0.8147396575461467,0.8147396575461467,1.6948350079417882,0.13597097061115626,0.13597097061115626,16.51180166828136,1.324686880348084,1.324686880348084,0.7621434394583304,0.1844994204796785,0.33475496978103564,5.256161651436762,1.272409796411576,2.3086549640071428,2.1428644016082234,0.3610288905607921,0.6096162351390206,14.77837518350499,2.4898544176606343,4.204249897510486,0.7140269101843985,0.2194981582409674,0.34995609765738644,5.492514693726142,1.688447371084365,2.691969981979896,2.0421984725270703,0.40247313294899456,0.6030223502792196,15.709219019439002,3.0959471765307285,4.638633463686304,0.2160804020100503,-0.003919597989949675,-0.003919597989949675,0.17085427135678388,-0.004145728643216162,-0.004145728643216162,0.11055276381909551,-0.004447236180904479,-0.004447236180904479,0.19158878504672894,0.021500808507139535,0.021500808507139535,0.16536661466458658,0.22613065326633164,0.05069205677510358,0.07087188865865213,0.19191919191919193,0.21070234113712372,0.03874908571141422,0.056086100870160416,0.18456375838926176,16.0,-7.0,-7.0,22.0,-10.0,-10.0,22.0,-10.0,-10.0,0.001085618640061045,0.0002200705817288153,0.0002001917237889891,-0.23886094159801408,-0.23739937731765703,-0.23431489837504893,0.03894080996884735,0.18354782298819655,0.001557632398753894,-0.23354023694992065
235,0,test,2.5454193042577,1.214985532545075,1.5165495972529888,5.526794400957326,2.638062509890687,3.292839733262014,12.748572496247519,8.965888643244975,9.950670898046694,27.680602160360635,19.467371474007045,21.605600347692544,3.213000684758116,1.516113491292917,2.07551706103734,5.789190422987596,2.7317360203475975,3.7396703802474587,24.853552119404736,19.396617574302333,21.73464198867934,44.78117498991844,34.94886049423844,39.16151709671953,2.8245771385853757,1.3378878236378668,1.8273946211388694,5.6870680642658575,2.6937338730963765,3.6793180291386633,16.85381665029561,12.431386667222593,14.143182754446139,33.933859027440825,25.029637585011933,28.47620688814659,0.6834170854271358,-0.0015829145728643024,-0.0015829145728643024,0.5226130653266332,-0.002386934673366814,-0.002386934673366814,0.39698492462311563,-0.0030150753768843908,-0.0030150753768843908,0.3698979591836735,0.11766865982061614,0.14995661021006645,0.2710997442455243,0.37688442211055273,0.08615760506794623,0.14983934698534407,0.297979797979798,0.3812709030100334,0.11916739716696167,0.16770026897221357,0.28859060402684567,17.0,0.0,0.0,27.0,0.0,0.0,35.0,0.0,0.0,0.0007266520969467022,0.001352541670422201,0.00026088295628513776,-0.03014576185210327,-0.04556901461893226,-0.03615508772747322,0.0663265306122449,0.2228652268377416,0.5714285714285714,-1.198171854019165
252,0,test,1.324077776558863,0.573079958800848,0.8065179083653059,9.011084868247817,3.900127497394661,5.488802431930554,3.75871737884587,1.639603927787043,2.0807890947840404,25.580159939367725,11.158415619661818,14.16092578394694,1.3774786577742455,0.5760187992572403,0.8260888976039346,8.102815633966149,3.388345877983766,4.859346456493732,3.9648921641221064,1.7360998880739609,2.2292286656384057,23.322895083071213,10.212352282788006,13.113109797872973,1.324077776558863,0.573079958800848,0.8065179083653059,9.011084868247817,3.900127497394661,5.488802431930554,3.75871737884587,1.639603927787043,2.0807890947840404,25.580159939367725,11.158415619661818,14.16092578394694,0.3467336683417085,-0.003266331658291488,-0.003266331658291488,0.22613065326633164,-0.003869346733668344,-0.003869346733668344,0.1758793969849246,-0.004120603015075441,-0.004120603015075441,0.28688524590163933,0.0828036132485781,0.11840698503207414,0.2016460905349794,0.2864321608040201,0.06643216080402015,0.10839555514678223,0.19696969696969702,0.28688524590163933,0.0828036132485781,0.11840698503207414,0.2016460905349794,19.0,0.0,0.0,30.0,0.0,0.0,35.0,0.0,0.0,0.00028096111051067503,0.00011895439695444139,0.00027163854737300764,-0.13925380637623253,-0.14850946162182854,-0.15620486768894803,0.10245901639344263,0.06217412618119066,0.3729508196721312,-0.2634265422821045
5,0,test,2.7567266259469365,1.3034915091958517,1.7812996210208663,5.9017246076610475,2.79057337179957,3.813486512608052,15.748208707508018,11.471280186246222,13.09590919333417,33.71447497945378,24.55823363816092,28.036312639250617,2.7963766809216897,1.2897893909852027,1.7838615385244354,5.130966387012275,2.3665860385049595,3.2731404376595146,16.385170384747283,11.873861679642186,13.632655100670863,30.064532816050058,21.786902164481074,25.014046056276808,2.761514472046081,1.2928162211706464,1.7755045017049094,5.834185504322706,2.7313018757126333,3.7510658486723436,15.823789497350571,11.480212285923791,13.14327173614938,33.43054119158571,24.253969618148854,27.76747549890714,0.6683417085427136,-0.0016582914572863539,-0.0016582914572863539,0.49246231155778897,-0.002537688442211028,-0.002537688442211028,0.3668341708542714,-0.0031658291457286047,-0.0031658291457286047,0.40264026402640263,0.10115756221421157,0.16444048356537078,0.3841059602649006,0.39698492462311563,0.09122051359554673,0.16159260408889198,0.3737373737373737,0.4046822742474916,0.10418143952295067,0.16552765800722458,0.38590604026845643,21.0,0.0,0.0,31.0,0.0,0.0,39.0,0.0,0.0,9.24505140770929e-06,-8.159981097196149e-05,8.225119870816983e-05,0.0004912393671849813,8.815173034548707e-05,-5.432400123339676e-05,0.0858085808580858,0.1432540866253834,0.0033003300330033004,-0.701399564743042
88,0,test,3.3377055964568476,1.611208078781407,1.8745531810470852,7.854491974270734,3.791592924523637,4.411312648877108,28.15445486113631,22.53352268564953,23.834899741403337,66.25477692865229,53.02725718959917,56.08973689145459,3.955880992615305,1.8580120240486933,2.5522429571564165,6.485050807566074,3.045921350899497,4.184004847797404,52.24169822708858,44.09291214996635,48.17171843050058,85.64212824112882,72.28346254092845,78.97003021393539,3.5858386568117724,1.7171611566071887,2.330999974923455,6.808554411667923,3.2604325758364343,4.425949319474915,36.08360679542152,29.60388549526222,32.57633425330085,68.51317745966111,56.2099091682194,61.8537992151282,0.7839195979899498,-0.0010804020100502187,-0.0010804020100502187,0.6331658291457287,-0.0018341708542712887,-0.0018341708542712887,0.5376884422110553,-0.0023115577889447625,-0.0023115577889447625,0.4189814814814815,0.12187165489188612,0.15211931139350499,0.3503480278422274,0.42713567839195976,0.10633367337942845,0.183396112448721,0.38383838383838387,0.4381270903010034,0.13094845924925047,0.2011971681652971,0.3691275167785235,29.0,-4.0,-4.0,39.0,-6.0,-6.0,48.0,-6.0,-6.0,0.0010090008587862766,0.001073383383096995,0.00031372935821735053,-0.004693701199128597,-0.006684371949446266,-0.005643620008504158,0.06481481481481481,0.21607165875600481,0.6064814814814815,-0.2509653568267822
120,0,test,1.2202488533206328,0.3633030727869183,0.3633030727869183,8.109570504360038,2.4144516712297275,2.4144516712297275,3.3880307514259926,1.0320766582409924,1.0320766582409924,22.51628770218524,6.859009457893261,6.859009457893261,1.6719909799579196,0.7454886710061364,1.0418536879504732,7.114855233863488,3.172292217047389,4.433419948725418,5.322754752509172,2.7970950196197992,3.444886374622759,22.65002022344329,11.902531998382127,14.65909095584153,1.4626320150135137,0.6141125732346089,0.8753508627873401,7.43711194074668,3.1226063045827575,4.450936590444103,4.317307806339153,1.9811223747447753,2.518217499205845,21.952412574605866,10.073503600397164,12.80449575867379,0.35678391959798994,-0.00821608040201005,-0.00821608040201005,0.27638190954773867,-0.008618090452261362,-0.008618090452261362,0.25125628140703515,-0.008743718592964855,-0.008743718592964855,0.24803767660910514,0.056444323725429624,0.056444323725429624,0.19339622641509435,0.3065326633165829,0.10853767584791119,0.1562822459543125,0.18181818181818177,0.2775919732441472,0.08560532883680161,0.1274251211863051,0.18120805369127513,16.0,0.0,0.0,27.0,-1.0,-1.0,30.0,0.0,0.0,0.0020901029336927467,0.0004864096714970488,0.0006490388251218459,-0.2571826256405174,-0.25175805973809684,-0.26116621192692335,0.04081632653061224,0.09569142284699293,0.03139717425431711,-0.7321975231170654
52,0,test,2.340747047205205,1.0348618433804497,1.4557142771526759,6.796379584429148,3.0047304399906043,4.2266791731362785,10.388994733991877,6.698039838559768,7.965930939879534,30.16453734167817,19.447817425993712,23.12915036052742,2.141395176675296,0.9125670126393783,1.2998211387165184,5.710387137800789,2.4335120337050093,3.466189703244049,8.511304122021436,5.094081357445662,6.191288224676072,22.696810992057163,13.584216953188433,16.510101932469528,2.328767728816697,1.0288406597917858,1.439678054862355,6.782818627621447,2.996623280946949,4.19323705299715,10.265284122151634,6.596255050158127,7.832370224125914,29.898885792674662,19.212393349975127,22.81272880813373,0.3668341708542714,-0.0031658291457286047,-0.0031658291457286047,0.3065326633165829,-0.0034673366834171437,-0.0034673366834171437,0.26633165829145733,-0.0036683417085426884,-0.0036683417085426884,0.30000000000000004,0.08668683812405453,0.14274193548387104,0.3009118541033434,0.29648241206030146,0.08094356494250698,0.13120695296180396,0.2777777777777778,0.3010033444816054,0.0839749638472147,0.1330389395872783,0.30201342281879195,22.0,-3.0,-3.0,29.0,-1.0,-1.0,34.0,-4.0,-4.0,-9.112120579630428e-05,-4.801880963526513e-05,-0.00041179657117580536,-0.053596732751146625,-0.05218151208410138,-0.05117661270524643,0.07575757575757576,0.1810415106232123,0.6787878787878788,-1.7500016689300537
34,0,test,2.911101001260967,1.3647312935853406,1.5541128097640025,6.812890824940587,3.1938999383908233,3.637112177824655,18.377020555562204,13.682623378261354,14.492544188444047,43.00800098605395,32.0216369114284,33.9171060326413,3.677918450938609,1.7200501738321041,2.35843357669569,6.029374509735425,2.8197543833313183,3.8662845519601476,39.56395398950875,32.479744603309285,35.82246044843725,64.85894096640779,53.245482956244736,58.72534499743812,3.1478186269016937,1.4696687551762135,2.0095686596492346,6.172193386081752,2.8817034415219873,3.940330705194578,23.28521539812858,17.929577216396986,20.163914194724082,45.65728509436977,35.15603375764115,39.53708665632173,0.7035175879396984,-0.001482412060301641,-0.001482412060301641,0.6130653266331658,-0.001934673366834172,-0.001934673366834172,0.5125628140703518,-0.0024371859296482556,-0.0024371859296482556,0.4192825112107623,0.13932730404390903,0.1661055806144769,0.3707865168539326,0.4371859296482412,0.1163839246357099,0.19845471095041145,0.4292929292929293,0.4247491638795987,0.1175705328278458,0.20005505931897583,0.38590604026845643,23.0,0.0,0.0,35.0,0.0,0.0,42.0,0.0,0.0,0.00032945978027073956,0.000860173882561658,0.00026628986732986907,-0.0460834033598978,-0.0570747753195997,-0.05529166466536495,0.05605381165919283,0.15283938284361911,0.3811659192825112,-0.9289355278015137
105,0,test,2.17818889554842,0.9986625101854552,1.3825787249487598,5.236454112530544,2.4008250244862452,3.323775116543483,8.83029917370254,5.577465925131683,6.614506577796451,21.2283959933455,13.408453436175158,15.901541065813692,2.408580850252891,1.0941612302901018,1.5224629502836131,5.017876771360189,2.2795025631043786,3.17179781309086,11.118171593441055,7.3955817521022045,8.692477033212166,23.162857486335533,15.407461983546261,18.109327152525346,2.17818889554842,0.9986625101854552,1.3825787249487598,5.236454112530544,2.4008250244862452,3.323775116543483,8.83029917370254,5.577465925131683,6.614506577796451,21.2283959933455,13.408453436175158,15.901541065813692,0.5175879396984925,-0.002412060301507535,-0.002412060301507535,0.40201005025125625,-0.002989949748743781,-0.002989949748743781,0.3065326633165829,-0.0034673366834171437,-0.0034673366834171437,0.33755274261603374,0.10807905840550747,0.16223717459359333,0.22457627118644063,0.3467336683417085,0.0910945705973476,0.1530775748525599,0.24242424242424243,0.33755274261603374,0.10807905840550747,0.16223717459359333,0.22457627118644063,21.0,0.0,0.0,28.0,0.0,0.0,33.0,0.0,0.0,0.0009737925342670287,0.00023116144844607467,0.0003540223407297237,-0.03179190866266701,-0.03473106631606626,-0.037064567900270795,0.11392405063291139,0.14107185925797505,0.5949367088607594,-1.6794641017913818
96,0,test,2.969094634069539,1.3995193960967531,1.797386315496503,5.785928004853461,2.727268566752647,3.502598973788057,19.474280262340365,14.669673316643053,16.246778729812053,37.94987948558635,28.587055693971077,31.660389319633744,2.7928277334166656,1.262343149582468,1.760302023193926,5.077868606212119,2.2951693628772145,3.2005491330798654,16.327123339075232,11.706708080632717,13.518973881939747,29.6856787983186,21.284923782968576,24.57995251261772,3.0285903661064015,1.4268354312499012,1.9545776483817492,5.540104328243418,2.6100648132620146,3.5754469177714925,20.668077622570248,15.706345317298908,17.7409760245934,37.807459065677286,28.73111948286386,32.453004923036715,0.542713567839196,-0.0022864321608039306,-0.0022864321608039306,0.42713567839195976,-0.002864321608040288,-0.002864321608040288,0.321608040201005,-0.0033919597989949812,-0.0033919597989949812,0.3641160949868074,0.10227398972364954,0.1451522631197497,0.33333333333333337,0.3467336683417085,0.09423366834170854,0.1487303405546868,0.2676767676767676,0.36789297658862874,0.10955964325529544,0.162565562604167,0.3355704697986577,19.0,0.0,0.0,26.0,0.0,0.0,35.0,0.0,0.0,0.0006442702638560533,-0.0001590976029021865,0.00019987230939058853,-0.027065880221528005,-0.02059778446436944,-0.02436158947409961,0.06860158311345646,0.17368963265088164,0.002638522427440633,-2.0140109062194824
233,0,test,2.9975218397096968,1.4372519703283608,1.8726410999285124,6.181330347423951,2.9638246845754335,3.8616610252763106,20.03582336769682,15.275717689106818,16.9559738442101,41.31681089948779,31.50077376567225,34.965708774783536,2.9778762808720107,1.3761075737551687,1.8912843267549584,5.365542848418037,2.4794731058651682,3.4077195076665916,19.646049618380072,14.68424897836912,16.681894755165523,35.39828760068481,26.458106267331743,30.057468027325264,3.0254626096955137,1.4417426771409654,1.953714636221616,6.09153545576278,2.90283760498181,3.9336536299764084,20.603533901422836,15.730484349129032,17.68305393897565,41.483625304878196,31.672116139185974,35.60346430666239,0.6080402010050252,-0.001959798994974782,-0.001959798994974782,0.5326633165829145,-0.0023366834170853723,-0.0023366834170853723,0.44723618090452266,-0.0027638190954772934,-0.0027638190954772934,0.4505494505494505,0.14739444369073995,0.21105775944485616,0.4104683195592287,0.4522613065326633,0.15902822382589632,0.2285551295710606,0.3737373737373737,0.4481605351170569,0.13931245498350098,0.223466430556434,0.40268456375838924,21.0,-5.0,-5.0,31.0,-9.0,-9.0,39.0,-7.0,-7.0,4.1582342272986655e-05,8.573726777094187e-07,-2.9629337711037563e-07,-0.0029643448588743126,-0.0043862285350462216,-0.0040753917530151895,0.06868131868131869,0.2183206240055937,0.0027472527472527475,-5.112905025482178
143,0,test,2.174820839592213,1.007469901998091,1.2296565704388314,6.059500822036235,2.807019589015371,3.426077616946813,8.80060826037152,5.58713958617227,6.227372213192929,24.520315428897202,15.566926846990325,17.350747407792714,2.093994214044458,0.867937035469631,1.253111024179701,5.369215933447328,2.2254795781272585,3.213105190204361,8.1172726242946,4.70950582709219,5.798858951999229,20.813519549473334,12.075655966903055,14.868869107690331,1.916437588762344,0.8459508847728683,1.172422978454236,5.807386632613163,2.563487529614752,3.552796904406775,6.796702640458865,3.8799038682936926,4.692335848820788,20.596068607451105,11.757284449374826,14.219199541881174,0.371859296482412,-0.003140703517587995,-0.003140703517587995,0.29145728643216084,-0.0035427135678391952,-0.0035427135678391952,0.2613065326633166,-0.003693467336683409,-0.003693467336683409,0.29776674937965264,0.09330578283690172,0.1179036017745696,0.29850746268656714,0.2864321608040201,0.08091837634286725,0.12282615078732562,0.2727272727272727,0.28093645484949836,0.08561091227854678,0.11630909111201226,0.261744966442953,21.0,-9.0,-9.0,31.0,-10.0,-10.0,32.0,-6.0,-6.0,-7.785747750742617e-05,-0.00038004984802429877,-5.40267597470947e-05,-0.05988409075680323,-0.06699793950633293,-0.06383997130607533,0.06451612903225806,0.08630966521425931,0.06699751861042183,-1.5068886280059814
209,0,test,3.2449646469241356,1.5452735970174483,1.8042180286043612,7.6362483267290795,3.6364318886334512,4.245795686878741,25.66080285588202,20.18854637949461,21.436954613383428,60.38656324237454,47.50891620826721,50.44674645432079,3.451199944294877,1.6403321256545025,2.2238444602335843,6.63692296979784,3.154484857027889,4.276623961987662,31.5382137120356,25.42246121803947,28.12601971919947,60.650410984683845,48.88934849622974,54.08849945999898,3.313397091872956,1.5807907543590198,2.13300435640065,7.151216745049545,3.4117786065302584,4.603606524605719,27.47831345353366,21.822938922097777,24.222660891442285,59.30571248964099,47.09986817718944,52.27912422613442,0.6381909547738693,-0.0018090452261306789,-0.0018090452261306789,0.6331658291457287,-0.0018341708542712887,-0.0018341708542712887,0.5678391959798995,-0.0021608040201005485,-0.0021608040201005485,0.5185185185185186,0.19250695782487703,0.23894862604540035,0.4872389791183295,0.5175879396984925,0.19177340335764037,0.2938817627368898,0.4696969696969697,0.5117056856187291,0.18950201283074908,0.2892362751626668,0.4731543624161074,26.0,-8.0,-8.0,39.0,-9.0,-9.0,43.0,-4.0,-4.0,0.0004184068500017558,0.0005244927399764376,2.4724556578249725e-05,-0.07781643781803016,-0.0806804022470935,-0.07987623586730752,0.05787037037037037,0.15676510396125481,0.10648148148148148,-0.4748568534851074
101,0,test,3.131905563483235,1.4936257678566625,1.942104719719341,5.533033162153715,2.6387388565467704,3.4310516715041692,22.917608918644046,17.77129972858271,19.6311822887982,40.48777575627115,31.39596285382946,34.68175537687682,3.330320589718217,1.5503198608813702,2.141746282165695,5.0459402874518435,2.3489694861838943,3.2450701244934774,27.947299884204224,22.01743914371365,24.664901704600826,42.34439376394579,33.35975627835401,37.37106318878912,3.1794562388021097,1.5147478195638417,2.067479779484432,5.419527679776324,2.581956510620185,3.5241132604848273,24.033681414930218,18.749549141131496,20.993319803970312,40.96650241181287,31.95945876329232,35.78406784767667,0.6834170854271358,-0.0015829145728643024,-0.0015829145728643024,0.5577889447236181,-0.00221105527638199,-0.00221105527638199,0.42713567839195976,-0.002864321608040288,-0.002864321608040288,0.38648648648648654,0.10173614910457018,0.1548149322342871,0.3523035230352304,0.39698492462311563,0.09873931058802787,0.16493150225249797,0.33838383838383834,0.3812709030100334,0.09245621185811359,0.15657679844941053,0.3389261744966443,23.0,-3.0,-3.0,37.0,-5.0,-5.0,42.0,-4.0,-4.0,0.0012345742004953278,0.0001416021997920365,0.00017597733798454686,-0.02038215220147155,-0.02027028045858703,-0.020378610114698326,0.07297297297297298,0.12392372291443533,0.21351351351351353,-1.1817035675048828
251,0,test,2.523237696743889,1.1887001568558162,1.582169651182793,6.062544264659815,2.856071517814646,3.8014545981438923,12.468901903389265,8.67066289723199,9.906184847637004,29.958838130290985,20.832867900731898,23.80143741915468,2.9808259457542827,1.4086618353194438,1.9287258798494697,5.788011545153947,2.735265699649405,3.745098795824213,19.704084430560737,14.887022855483387,16.84042575088694,38.26035811759366,28.906840496084246,32.69985582696493,2.6751584778528157,1.255009771777856,1.7240413112731363,5.989160771312274,2.809723369651916,3.859793980462245,14.514649907882932,10.376914206943866,11.926049965987996,32.49548486839463,23.23189747823254,26.700111864152234,0.6180904522613065,-0.0019095477386934512,-0.0019095477386934512,0.48743718592964824,-0.002562814070351749,-0.002562814070351749,0.3668341708542714,-0.0031658291457286047,-0.0031658291457286047,0.36414565826330536,0.09701279113043826,0.14909189482244511,0.3370786516853933,0.3668341708542714,0.08362615080414604,0.15314468838348672,0.38383838383838387,0.37792642140468224,0.1108145683162014,0.16991752262826398,0.35906040268456374,24.0,0.0,0.0,32.0,0.0,0.0,39.0,0.0,0.0,0.00025802993913364233,0.0006447864557186791,0.00021545795342089294,-0.025981781643106494,-0.030816154406092977,-0.026516882062448843,0.09803921568627451,0.07055789158689318,0.6946778711484594,-1.2587153911590576
201,0,test,1.4447233986966965,0.6613833340567311,0.7799943649325946,5.508007957531155,2.5215239610912867,2.9737285163055165,4.240679003242758,2.051908297521578,2.2967153018048077,16.167588699863014,7.822900384301015,8.756227088130828,1.5531815129779258,0.6595292458375517,0.951851441827218,4.4376614656512166,1.884369273821576,2.7195755480777657,4.726483656238497,2.2824439999857447,2.9019396957382044,13.504239017824279,6.521268571387843,8.291256273537728,1.7182390005130654,0.7656935799312855,1.0689994785476498,5.053644119156075,2.252039940974369,3.14411611337544,5.5747027665792155,2.982403004945198,3.6606181105261797,16.396184607585926,8.771773543956463,10.766523854488764,0.31155778894472363,-0.003442211055276312,-0.003442211055276312,0.22613065326633164,-0.003869346733668344,-0.003869346733668344,0.20100502512562812,-0.003994974874371837,-0.003994974874371837,0.27699530516431925,0.09997303083841069,0.11766001679677285,0.23764705882352943,0.26633165829145733,0.08838679613606881,0.1311062826654139,0.21212121212121215,0.3010033444816054,0.0990000055834418,0.14749945126692243,0.2751677852348994,17.0,0.0,0.0,24.0,0.0,0.0,28.0,1.0,1.0,0.0018472566859219907,0.0005777913484896472,0.00044029386669861746,-0.12637021190361963,-0.12485204122228488,-0.12548840963425256,0.07981220657276995,0.16340673196009028,0.22300469483568075,-1.013329267501831
237,0,test,1.6055031398401955,0.7458226354232513,0.9920091175022002,5.9916715115685655,2.7833793198269796,3.7021371189257373,4.980364792402238,2.6179589975002946,3.1334916379360953,18.586516029377425,9.770115021599038,11.69406157662749,1.9200585836504194,0.850627393871541,1.1984654135812396,6.193737366614256,2.7439593350694866,3.866017463165289,6.821358077642383,3.907636403784503,4.763649196841199,22.004380895620592,12.605278721885494,15.366610312390968,1.7763577517539206,0.7662069785921168,1.0797161579317496,6.4205701870623635,2.769422814188374,3.9025885226448778,5.908297694396836,3.1622826852250143,3.901296642712565,21.355292871313864,11.429937416475955,14.101072202575534,0.4824120603015075,-0.0025879396984924696,-0.0025879396984924696,0.3316582914572864,-0.0033417085427135396,-0.0033417085427135396,0.2562814070351759,-0.00371859296482413,-0.00371859296482413,0.32409972299168976,0.10003333295019601,0.14814664381280418,0.2583333333333333,0.3517587939698492,0.09361343056132787,0.15810270048070063,0.2727272727272727,0.34448160535117056,0.1024114884897348,0.16539372993404045,0.2785234899328859,16.0,0.0,0.0,25.0,-2.0,-2.0,33.0,-1.0,-1.0,0.0007135616842121905,0.0003532740716381954,0.00026748047783323246,-0.041885572004361826,-0.05927346400482669,-0.05054249240842257,0.06925207756232687,0.22693055011561375,0.9667590027700831,-1.3849201202392578
253,0,test,2.483171689599846,1.1633450529032372,1.2842207623836654,6.41718526525803,3.006397327727467,3.3187727567218324,11.979198527823044,8.236426066207423,8.662562823044459,30.957479341565172,21.285146013794467,22.386398306744105,2.8420894763019433,1.2641779634514476,1.7692159116363384,5.983346265898828,2.661427291476732,3.7246650771291336,17.151565912618334,12.306739033450171,14.22779683289641,36.1085598160386,25.908924280947726,29.953256490308227,2.7609190825524004,1.2676633168828428,1.7473932676242123,6.135375739005334,2.8170295930729843,3.8830961502760273,15.814370983453975,11.362805779016012,13.059072401524539,35.14304662989772,25.25067950892447,29.02016089227675,0.5678391959798995,-0.0021608040201005485,-0.0021608040201005485,0.44723618090452266,-0.0027638190954772934,-0.0027638190954772934,0.38190954773869346,-0.0030904522613065533,-0.0030904522613065533,0.3616557734204793,0.10594304219088191,0.12118656520933557,0.34497816593886466,0.3919597989949749,0.12880190425813276,0.18995646009681133,0.3787878787878788,0.3846153846153846,0.12418132785411584,0.18661760930948912,0.37248322147651003,22.0,0.0,0.0,32.0,0.0,0.0,41.0,0.0,0.0,0.0002844249116817818,0.00047474104145139623,0.0004048165103401606,-0.026633450402009373,-0.024486735388352443,-0.030212217706132805,0.05664488017429194,0.11519270725122653,0.664488017429194,-1.193253755569458
164,0,test,2.6639101718888947,1.2798979553470318,1.4136270205796717,8.097581250973528,3.890550738438991,4.2970516718282745,14.352299480172416,10.361417650036143,10.860968087600789,43.627188486087014,31.49596490971252,33.0144659086673,2.458472864397558,1.1381077802117112,1.5697172650273201,6.146182160993894,2.8452694505292775,3.9242931625682997,11.686950347261165,7.942162056550444,9.254849088185521,29.21737586815291,19.85540514137611,23.1371227204638,2.522607311364232,1.203164551356612,1.6353431951845403,6.817857598281708,3.2517960847475997,4.419846473471731,12.461044166890305,8.71970819264024,10.032567642173156,33.67849774835218,23.566778899027682,27.11504768154907,0.48743718592964824,-0.002562814070351749,-0.002562814070351749,0.38190954773869346,-0.0030904522613065533,-0.0030904522613065533,0.3065326633165829,-0.0034673366834171437,-0.0034673366834171437,0.3733624454148472,0.12363507355007075,0.13778082273645031,0.3719912472647703,0.36180904522613067,0.13373886978753413,0.18484744255501218,0.3484848484848485,0.3812709030100334,0.13586188798499166,0.19550894527922136,0.37248322147651003,17.0,0.0,0.0,26.0,0.0,0.0,32.0,0.0,0.0,0.0006478622782945119,-0.00022435167080616975,-0.00020618267241907781,-0.050960283453257205,-0.044843693152029296,-0.045020701244536276,0.07641921397379912,0.09576873241022311,0.008733624454148471,-1.634272813796997
121,0,test,2.316682526893913,1.081457678230662,1.3083636477076934,6.000351637979887,2.8010425579017766,3.388743112385765,10.141972713199559,6.702820990756871,7.400983507604774,26.268339263380224,17.360722690345437,19.169006973112985,2.255132742674138,0.9236394850427401,1.3529843824649026,4.510265485348276,1.8472789700854801,2.705968764929805,9.536559134492034,5.7498654574110795,7.071666229724074,19.073118268984068,11.499730914822159,14.143332459448148,2.0812318779937016,0.9495171945914913,1.323903753375526,4.766179873268019,2.1744668578431097,3.0318406565851737,8.014335519382248,4.91336639500517,5.881764880782304,18.353440120722706,11.25198411069886,13.469690566677032,0.48743718592964824,-0.002562814070351749,-0.002562814070351749,0.371859296482412,-0.003140703517587995,-0.003140703517587995,0.2864321608040201,-0.003567839195979916,-0.003567839195979916,0.35096153846153844,0.12046934158278688,0.15350308293856674,0.32530120481927716,0.3316582914572864,0.09606931902620874,0.15469668878616794,0.2727272727272727,0.3411371237458194,0.11743094678421673,0.17984680116517426,0.2818791946308725,20.0,-11.0,-11.0,29.0,-18.0,-18.0,35.0,-18.0,-18.0,-0.0001211397154098177,3.362304962785392e-05,-0.00028645392710458813,-0.0812507233605233,-0.09644826030175402,-0.08778069003868527,0.06009615384615385,0.13184786376669977,0.002403846153846154,-1.7484171390533447
139,0,test,2.7668271156726405,1.202438906103831,1.411790182059326,7.711414928842457,3.351313596366807,3.9347958622556702,15.908079354506961,11.12832951850767,12.031175212439535,44.33735665256134,31.01573130319557,33.53204962434761,2.846322392571563,1.1839987726360812,1.693281218545357,6.942249737979423,2.8878018844782476,4.129954191574042,17.224320929333498,11.952775236297377,14.056508785928985,42.01053885203292,29.153110332432625,34.2841677705585,2.8036422197809006,1.199510259033949,1.6718155011011118,7.313849268993653,3.1291571974798673,4.361257828959422,16.5046509968121,11.531110496757222,13.403334435036149,43.05561129603156,30.081157817627528,34.965220265311686,0.5879396984924623,-0.002060301507537776,-0.002060301507537776,0.4723618090452262,-0.0026381909547738003,-0.0026381909547738003,0.38190954773869346,-0.0030904522613065533,-0.0030904522613065533,0.38515081206496515,0.11168615389578784,0.13197388146867972,0.3674418604651163,0.40201005025125625,0.11128323320864975,0.1666177297170326,0.35858585858585856,0.3946488294314381,0.10917303644312426,0.1677300307662546,0.3691275167785235,18.0,0.0,0.0,28.0,0.0,0.0,34.0,0.0,0.0,1.8517886942951757e-05,-0.00016213807460414633,7.266565160316475e-05,-0.09614059371450612,-0.10039833634105477,-0.09854578453488472,0.07192575406032482,0.1363640674976122,0.002320185614849188,-0.9610390663146973
82,0,test,1.5067805458257775,0.6772819213458902,0.948518984851249,5.385938972313418,2.420922612470416,3.3904508394682944,4.512180626330008,2.220011411745911,2.76454891954637,16.128645643051943,7.935359939857724,9.881791882633832,1.6828328881995516,0.6516159128272521,0.9820440991299916,4.808093966284433,1.861759750935006,2.8058402832285476,5.380777541640602,2.576300803732874,3.365435781414344,15.37365011897315,7.360859439236783,9.615530804040983,1.5874523747539497,0.6877607390237485,0.9817260981380415,5.233359477210823,2.267343095682687,3.2364596641913455,4.891271913883416,2.4324271395158386,3.0586892262511807,16.1250722435717,8.018990569832436,10.083590855773124,0.4120603015075377,-0.0029396984924623393,-0.0029396984924623393,0.2864321608040201,-0.003567839195979916,-0.003567839195979916,0.20100502512562812,-0.003994974874371837,-0.003994974874371837,0.27164179104477615,0.07044954067219789,0.1167262001808238,0.23652694610778446,0.29648241206030146,0.07091850228586538,0.12285970755278897,0.24242424242424243,0.28093645484949836,0.07559421778772879,0.12075847932113348,0.24496644295302017,16.0,-7.0,-7.0,23.0,-12.0,-12.0,28.0,-16.0,-16.0,0.0010790708646194426,0.00022693169588304605,0.00037484100747459565,-0.12872786704636052,-0.12770989044877812,-0.1398187491599634,0.08656716417910448,0.16380050374854085,0.22388059701492538,-1.4085551500320435
15,0,test,2.4415417125393457,1.1412050151502706,1.1412050151502706,9.086023087378564,4.246912949237792,4.246912949237792,11.490742515588721,7.820210197353253,7.820210197353253,42.76197750444088,29.102353663007456,29.102353663007456,2.6531467124715626,1.2421975966749432,1.705062122184243,7.919840932750933,3.70805252738789,5.089737678161919,14.198647484089772,10.098802698597641,11.617885777977985,42.38402234056648,30.145679697306388,34.68025605366563,2.76240246095827,1.2947192061142327,1.7748304310936354,8.632507690494593,4.045997519106977,5.54634509716761,15.837847087541414,11.498676353089678,13.153138926068259,49.493272148566916,35.93336360340524,41.10355914396331,0.5276381909547738,-0.002361809045226204,-0.002361809045226204,0.4120603015075377,-0.0029396984924623393,-0.0029396984924623393,0.3316582914572864,-0.0033417085427135396,-0.0033417085427135396,0.3634615384615385,0.1093070907587037,0.1093070907587037,0.2947976878612717,0.3668341708542714,0.11871387010239165,0.1748475264469258,0.24747474747474751,0.3745819397993311,0.10913953579265323,0.18325824680711755,0.30201342281879195,22.0,-2.0,-2.0,31.0,-2.0,-2.0,39.0,-3.0,-3.0,0.00053855625775837,0.00033884957030808093,0.0007955935077792242,-0.05322396758270376,-0.05099292048634485,-0.06097950451546641,0.08269230769230769,0.0853656513424227,0.07115384615384615,-0.8352365493774414
221,0,test,2.0687966829382582,0.9661262887489364,1.2236586250585093,6.943961040123197,3.2428238909312124,4.107236776283344,7.915292778140654,4.90309372579757,5.586993545702613,26.567852281411238,16.45734067963358,18.75286529253225,2.709043259526742,1.2538267967891676,1.7322519546753457,6.156916498924414,2.849606356339017,3.936936260625785,15.014903275054648,10.729492278048102,12.35898275934726,34.124780170578745,24.385209722836596,28.088597180334684,2.2438388285903126,1.0431912785163076,1.4325565734602472,6.664867807693998,3.0985879559890326,4.255118535030437,9.429459977704006,6.107192416760621,7.178667750708915,28.008296963477246,18.140175495328577,21.322775497155195,0.5226130653266332,-0.002386934673366814,-0.002386934673366814,0.4371859296482412,-0.002814070351758735,-0.002814070351758735,0.3668341708542714,-0.0031658291457286047,-0.0031658291457286047,0.3220779220779221,0.1145552242828507,0.15198994553833267,0.26302083333333337,0.3869346733668342,0.13881437261495444,0.1982869271230946,0.31818181818181823,0.35451505016722407,0.1308088732056214,0.1887753393774576,0.2785234899328859,24.0,-13.0,-13.0,36.0,-14.0,-14.0,41.0,-12.0,-12.0,0.0014669429047818507,0.001003692825643859,0.0005579784353525385,-0.10608767660122087,-0.1254639413000529,-0.11596914256267254,0.07012987012987013,0.15306483373966162,0.24415584415584415,-1.4522459506988525
148,0,test,2.6725342846201334,1.2578030750356466,1.514862636926836,5.977280980655782,2.813150963520586,3.3880798761374393,14.47661059490322,10.361230452346378,11.29409596732348,32.377795739138385,23.173504667613404,25.259913561325632,2.821891795534374,1.2847881756672486,1.7793656970091256,5.426714991412258,2.470746491667786,3.421857109632934,16.808619083517037,12.157519692328421,13.972246153769515,32.32426746830199,23.379845562170036,26.869704141864446,2.7609903059512795,1.2580901872856243,1.7478615736322554,5.596601971522864,2.5501828120654544,3.5429626492545716,15.815497376818858,11.320792011076612,13.06129265884781,32.058440628686874,22.947551373803943,26.47559322739421,0.6130653266331658,-0.001934673366834172,-0.001934673366834172,0.4623115577889447,-0.002688442211055242,-0.002688442211055242,0.35678391959798994,-0.0032160804020100464,-0.0032160804020100464,0.3975903614457831,0.11840865266118616,0.14930101638224447,0.3502415458937198,0.40201005025125625,0.1288270928577725,0.18164277145325958,0.3232323232323232,0.40802675585284276,0.12255096286452893,0.18666969244906073,0.34563758389261745,20.0,0.0,0.0,32.0,1.0,1.0,39.0,0.0,0.0,9.257562785843542e-05,0.000497077890237595,2.547692761936177e-05,-0.012558742853908456,-0.015883241049872154,-0.014176965941847364,0.06265060240963856,0.22870282477619017,0.0024096385542168677,-0.16762900352478027
184,0,test,1.765506675030488,0.7984904705720387,1.1086022041223802,6.62065003136433,2.9943392646451454,4.1572582654589265,5.844532886888301,3.214447783264524,3.915720498121205,21.916998325831127,12.054179187241965,14.683951867954518,1.8168003660496939,0.8188475478137517,1.1379415009019453,5.860646342095786,2.641443702625005,3.6707790351675653,6.152142321068962,3.4394196173877707,4.180515764820871,19.84562039054504,11.094901991573455,13.48553472522862,1.765506675030488,0.7984904705720387,1.1086022041223802,6.62065003136433,2.9943392646451454,4.1572582654589265,5.844532886888301,3.214447783264524,3.915720498121205,21.916998325831127,12.054179187241965,14.683951867954518,0.37688442211055273,-0.003115577889447274,-0.003115577889447274,0.29145728643216084,-0.0035427135678391952,-0.0035427135678391952,0.25125628140703515,-0.003743718592964851,-0.003743718592964851,0.29527559055118113,0.0948826632427332,0.14344312981819685,0.23320158102766797,0.3065326633165829,0.10101887885543004,0.1462655514634944,0.2272727272727273,0.29527559055118113,0.0948826632427332,0.14344312981819685,0.23320158102766797,21.0,0.0,0.0,27.0,0.0,0.0,35.0,0.0,0.0,0.00023974455329845652,0.00010185278627160338,0.0004971972506885358,-0.12062424594949217,-0.1251701672348382,-0.1282356371741331,0.11023622047244094,0.10467107114841159,0.15354330708661418,-0.46534931659698486
56,0,test,2.4478367914879384,1.129647588272289,1.1501007510725554,6.8785581347398495,3.174372831848946,3.231847361952488,11.563305803085965,7.826656867609053,7.902306878404671,32.49353530140917,21.993343041381863,22.20592379797514,2.4969094851147555,1.0704748757032434,1.52561838782986,5.044261586090415,2.1625755064711987,3.0820573491512318,12.144901901109415,7.981074875661393,9.503549399242281,24.5351553557766,16.123383587194734,19.199089695438957,2.6899794194395503,1.2112972297524711,1.6832226928843925,5.890465881984417,2.6524756855893528,3.685889108505969,14.731372737415615,10.3442123128468,11.99466203261435,32.258480446895504,22.65155980915357,26.265683283097115,0.5125628140703518,-0.0024371859296482556,-0.0024371859296482556,0.38190954773869346,-0.0030904522613065533,-0.0030904522613065533,0.27135678391959794,-0.0036432160804020786,-0.0036432160804020786,0.35258964143426297,0.10383342252879035,0.10234526215762563,0.33732534930139724,0.321608040201005,0.07599400511328569,0.1162658031392354,0.303030303030303,0.3411371237458194,0.08571141422995965,0.13090353086484052,0.3355704697986577,21.0,0.0,0.0,29.0,0.0,0.0,33.0,1.0,1.0,0.0004333242024539809,1.7007922892968784e-05,0.00046985146998505985,-0.02323443038039219,-0.024366093187642157,-0.0263011588023927,0.049800796812749,0.1686359281576326,0.7410358565737052,-1.5159287452697754
177,0,test,2.123972779698177,0.9840974173001744,1.3544601035997967,6.260130298057784,2.9004976509899874,3.9920929369257165,8.364301093793664,5.237922417233114,6.205587089312187,24.65267690802343,15.438087124476548,18.29015142113066,2.123972779698177,0.9840974173001744,1.3544601035997967,6.260130298057784,2.9004976509899874,3.9920929369257165,8.364301093793664,5.237922417233114,6.205587089312187,24.65267690802343,15.438087124476548,18.29015142113066,2.123972779698177,0.9840974173001744,1.3544601035997967,6.260130298057784,2.9004976509899874,3.9920929369257165,8.364301093793664,5.237922417233114,6.205587089312187,24.65267690802343,15.438087124476548,18.29015142113066,0.37125748502994016,0.046257485029940204,0.046257485029940204,0.3053892215568862,0.035389221556886175,0.035389221556886175,0.27544910179640714,0.04044910179640715,0.04044910179640715,0.28742514970059885,0.09041022432746448,0.14627206818966443,0.20481927710843373,0.28742514970059885,0.09041022432746448,0.14627206818966443,0.20481927710843373,0.28742514970059885,0.09041022432746448,0.14627206818966443,0.20481927710843373,13.0,1.0,1.0,19.0,1.0,1.0,26.0,1.0,1.0,0.0003819701731705503,0.00017084909701010488,0.0003717517607518371,-0.12236850426217583,-0.12482524070847223,-0.1307537635461422,0.1497005988023952,0.24111552604713607,0.1437125748502994,-0.7878618240356445
13,0,test,2.39491570724498,1.1395785416781123,1.5127752400387044,5.292468044405573,2.518327888399779,3.3430465181102234,10.967273558413316,7.458252262347738,8.55120787340539,24.2363205797035,16.48181672790426,18.897113695550182,2.3200841641243355,1.035619496119726,1.4566159458240484,4.687038715402698,2.092160598221669,2.9426584764122192,10.176530768832043,6.563797341170822,7.8051598888323515,20.55864801784251,13.260196648829945,15.767999775418893,2.556402764812185,1.211787994870541,1.655411133810921,5.11280552962437,2.423575989741082,3.310822267621842,12.889367733436577,9.052659492900558,10.427324393880696,25.778735466873155,18.105318985801116,20.85464878776139,0.5025125628140703,-0.0024874371859296973,-0.0024874371859296973,0.4120603015075377,-0.0029396984924623393,-0.0029396984924623393,0.3316582914572864,-0.0033417085427135396,-0.0033417085427135396,0.4061624649859944,0.14881980764333702,0.20674897524992397,0.3651685393258427,0.3919597989949749,0.13632070125061402,0.2099898490784473,0.3282828282828283,0.4280936454849499,0.15597344515106004,0.2278711760744938,0.3993288590604027,18.0,-5.0,-5.0,30.0,-10.0,-10.0,39.0,-13.0,-13.0,-3.155358530985128e-05,0.00042045076153029125,-7.617396967878211e-05,-0.041429512469898455,-0.04295933562433074,-0.0415467701274137,0.08123249299719888,0.17119999621866427,0.0196078431372549,-1.5617504119873047
241,0,test,3.046901848362348,1.445735498005648,1.9737280833047322,6.093803696724696,2.891470996011296,3.9474561666094643,21.050027117342275,16.09121435151586,18.125380189237845,42.10005423468455,32.18242870303172,36.25076037847569,2.966063640490186,1.3828314360985623,1.9011850148660998,5.492710445352196,2.560798955738078,3.520712990492777,19.415343207940257,14.544669799649158,16.514856290035603,35.954339273963434,26.934573703053992,30.58306720376963,3.046901848362348,1.445735498005648,1.9737280833047322,6.093803696724696,2.891470996011296,3.9474561666094643,21.050027117342275,16.09121435151586,18.125380189237845,42.10005423468455,32.18242870303172,36.25076037847569,0.6884422110552764,-0.0015577889447235815,-0.0015577889447235815,0.5577889447236181,-0.00221105527638199,-0.00221105527638199,0.4170854271356784,-0.0029145728643216184,-0.0029145728643216184,0.4186851211072664,0.11816698639224055,0.19544001178620773,0.40625,0.42211055276381915,0.10632107907960864,0.18337933406598939,0.3939393939393939,0.4186851211072664,0.11816698639224055,0.19544001178620773,0.40625,17.0,0.0,0.0,28.0,0.0,0.0,39.0,0.0,0.0,-0.0003655033065255189,-2.6353727408554916e-05,-3.087837055898716e-05,-0.0003149833039568506,0.00014238108104080993,-5.260203672641239e-06,0.10726643598615918,0.09553586570107474,0.32525951557093424,-0.7540712356567383
57,0,test,3.4655474744197488,1.6328988039754777,2.2396257318404875,6.2331721935744095,2.9369499321503385,4.028215726018654,31.993970859889103,25.74355080392422,28.58666556572276,57.54471147716165,46.30263651539148,51.416294316126354,3.4551159677940455,1.5955640803885054,2.2118146754933297,5.856128758972959,2.704345898963569,3.7488384330395426,31.66196023706353,25.241101378122593,28.19491993088156,53.66433938485344,42.78152775952982,47.78799988285011,3.4655474744197488,1.6328988039754777,2.2396257318404875,6.2331721935744095,2.9369499321503385,4.028215726018654,31.993970859889103,25.74355080392422,28.58666556572276,57.54471147716165,46.30263651539148,51.416294316126354,0.7236180904522613,-0.0013819095477386467,-0.0013819095477386467,0.592964824120603,-0.0020351758793969443,-0.0020351758793969443,0.4321608040201005,-0.002839195979899567,-0.002839195979899567,0.4147286821705426,0.09496124031007747,0.18346253229974152,0.38132295719844356,0.40703517587939697,0.09045226130653261,0.1758793969849246,0.3535353535353535,0.4147286821705426,0.09496124031007747,0.18346253229974152,0.38132295719844356,17.0,-1.0,-1.0,28.0,-4.0,-4.0,32.0,-1.0,-1.0,-0.0002150719239108207,8.311466987732328e-05,0.00021311656260637532,-0.00010015572628230274,-0.00015629801580718805,0.00010338106235963096,0.1124031007751938,0.07599136335076621,0.046511627906976744,-0.4210927486419678
257,0,test,3.204000535948727,1.5395041344573306,2.0913499148534362,5.351011204367977,2.5711306163101812,3.4927699608892446,24.63087004096148,19.34785797822511,21.588458043344843,41.13609223335835,32.31291744816978,36.054950546617164,3.241346280134971,1.5060330284620238,2.078453300998775,4.948620275015222,2.2992870663542346,3.1732111465630144,25.568120439654365,19.897416556565645,22.36894539144321,39.0352983811517,30.37773520086358,34.1510616663255,3.1095853802231357,1.4759898780822887,2.0175301946289985,5.097680951185469,2.4196555378398177,3.307426548572129,22.41175011924945,17.28949137814452,19.4313570758028,36.740573965982705,28.343428488761504,31.854683730824263,0.6733668341708543,-0.001633165829145744,-0.001633165829145744,0.5628140703517588,-0.0021859296482411583,-0.0021859296482411583,0.42211055276381915,-0.0028894472361808976,-0.0028894472361808976,0.39628482972136225,0.09334819911858017,0.1645649533052963,0.35403726708074534,0.39698492462311563,0.09372677925970707,0.16827040041610397,0.33333333333333337,0.40802675585284276,0.10919537021010484,0.17888326308309865,0.3489932885906041,23.0,0.0,0.0,33.0,0.0,0.0,41.0,0.0,0.0,0.001077227481254572,2.2343990792159084e-05,0.0001097996475851908,0.00041226083606016317,1.0681229349884802e-05,-0.0001244151406112337,0.0804953560371517,0.0659754368642507,0.12074303405572756,-0.7194757461547852
63,0,test,1.8420208557355386,0.30454707748224963,0.30454707748224963,15.046401937376611,2.4876687592234283,2.4876687592234283,6.309275522234411,1.6564541689215657,1.6564541689215657,51.536819002672665,13.530615106138264,13.530615106138264,2.8629778181919336,1.2241684053668396,1.7322206748298818,9.543259393973113,4.080561351222799,5.774068916099607,17.51360168523699,12.364566199436858,14.415600441800612,58.3786722841233,41.21522066478953,48.05200147266871,2.2852127416496226,0.943988429579204,1.330028728229213,10.23229585813264,4.2268138637874815,5.955352514459164,9.82777677907952,6.004054709225029,7.2286279618981055,44.004970652594864,26.883827056231475,32.366990874170625,0.5025125628140703,-0.0024874371859296973,-0.0024874371859296973,0.40201005025125625,-0.002989949748743781,-0.002989949748743781,0.3517587939698492,-0.0032412060301507672,-0.0032412060301507672,0.2993548387096774,0.04324535679374386,0.04324535679374386,0.2609819121447028,0.36180904522613067,0.11930904522613062,0.1654696109499243,0.2777777777777778,0.3110367892976589,0.07437012263099219,0.11791803236092191,0.24161073825503354,22.0,-2.0,-2.0,34.0,-4.0,-4.0,40.0,-7.0,-7.0,0.004129264727368493,0.001012793512813246,0.00028365277299901036,-0.18253927575823337,-0.1891537260918872,-0.17132927697391942,0.05548387096774193,0.09050812534059798,0.04129032258064516,-1.2137497663497925
31,0,test,2.555661812259435,1.2273548110924668,1.3071674140605338,7.495569095712123,3.599741854484613,3.833826379043395,12.879820860837743,9.10517335966997,9.394729015984856,37.775572158920454,26.704807231714977,27.554052784687293,2.7732998050281887,1.3167397167837058,1.7990725556190694,6.764145865922412,3.211560284838307,4.387981842973341,16.01138137068335,11.720208516131095,13.362262059369804,39.05214968459354,28.58587442958804,32.59088307163368,2.4762547724167963,1.1868075118340484,1.611206592968599,6.692580465991341,3.207587869821752,4.3546124134286455,11.896625308962372,8.265846182689582,9.521504793746026,32.15304137557398,22.34012481807995,25.733796739854125,0.507537688442211,-0.0024623115577889765,-0.0024623115577889765,0.40201005025125625,-0.002989949748743781,-0.002989949748743781,0.3467336683417085,-0.003266331658291488,-0.003266331658291488,0.35,0.11690946930280954,0.12810361681329419,0.33194154488517746,0.3668341708542714,0.1362577297515145,0.1898725681831529,0.33333333333333337,0.34448160535117056,0.1024114884897348,0.16539372993404045,0.3087248322147651,18.0,0.0,0.0,28.0,0.0,0.0,37.0,0.0,0.0,-0.0003176337730786496,0.00026031441606125916,-4.0576366890461736e-05,-0.02566743728697407,-0.021683048963757834,-0.024895245626448848,0.05416666666666667,0.11903072071019782,0.0020833333333333333,-1.7392842769622803
267,0,test,3.720244149507176,1.7994829453662788,2.436149031423187,6.627454809386956,3.205701405983636,4.3398946321379945,41.27447002006069,34.44831743229679,37.66307143109093,73.52869162514122,61.36819463104526,67.09514049644675,3.786056098415886,1.7760502985731197,2.44258181518666,6.057689757465417,2.8416804777169915,3.908130904298656,44.08220112677429,36.61884049326244,40.249866106732064,70.53152180283885,58.59014478921989,64.3997857707713,3.726902689485908,1.8061414853450106,2.442807571401919,6.639316711733173,3.217563308329853,4.3517565344842115,41.55021473861883,34.72406215085492,37.938816149649064,74.01991897144678,61.85942197735083,67.58636784275231,0.7738693467336684,-0.0011306532663316604,-0.0011306532663316604,0.6331658291457287,-0.0018341708542712887,-0.0018341708542712887,0.5125628140703518,-0.0024371859296482556,-0.0024371859296482556,0.43656716417910446,0.10882042302454209,0.18470612199548164,0.41198501872659177,0.4170854271356784,0.08876462513066585,0.16499861578342467,0.38888888888888884,0.43656716417910446,0.10882042302454209,0.18470612199548164,0.40823970037453183,23.0,0.0,0.0,36.0,0.0,0.0,43.0,0.0,0.0,0.0004300215259695675,0.00034444716595796976,0.00015824082433861438,-0.00016945494488584956,0.00022372510708557058,6.833549267337702e-05,0.13059701492537312,0.0907647989943026,0.373134328358209,-0.44779276847839355
192,0,test,2.5906797737333904,1.2020199473420186,1.5075114539614167,5.665332692010382,2.6285930716600188,3.296645926794747,13.338835912294293,9.329362851527389,10.384811879448662,29.169542269742465,20.40157370828517,22.70964356055257,3.0172543678820167,1.4060116397135805,1.930992438416908,5.559570548227049,2.5907066324352086,3.558032363379303,20.435107301723846,15.426075074751257,17.471930521281745,37.65357734299116,28.42397166551389,32.19364975680618,2.8604620801471845,1.3141544831870446,1.8207878147374432,5.7982339462442924,2.663826655108874,3.6907861109542766,17.469597425979778,12.775491811991689,14.641301835395197,35.41134613374279,25.896267186469636,29.678314531206478,0.6767676767676767,-0.003232323232323253,-0.003232323232323253,0.505050505050505,-0.004949494949495037,-0.004949494949495037,0.3787878787878788,-0.006212121212121224,-0.006212121212121224,0.35516372795969775,0.0872391996578109,0.13131231055989323,0.36616161616161613,0.3737373737373737,0.089102613032084,0.13380448783133347,0.46700507614213194,0.3812709030100334,0.09746455910352259,0.16102618665853174,0.4161073825503355,19.0,-2.0,-2.0,32.0,-8.0,-8.0,37.0,-2.0,-2.0,-0.000582091763527372,0.000756463358913188,-0.000203615299467626,-0.036741287700298386,-0.047214928579461635,-0.04142049065708875,0.15365239294710328,0.0734852039035377,0.5566750629722922,-1.2067322731018066
250,0,test,1.0980457669191037,0.46878988847009184,0.5801564541482835,6.201638768092403,2.647672468683195,3.276658283288193,2.9983009160824214,1.1220869876110493,1.3198197565804637,16.93406573731058,6.337420873690576,7.454193273081211,1.7564130431435558,0.76710090037089,1.0698036348057407,6.627973747711531,2.8947203787580746,4.03699484832355,5.791625779734013,3.1022418559374434,3.8046586747074356,21.855191621637786,11.706573041273373,14.357202546065796,1.310723971117748,0.5718939583455936,0.7893929739228724,6.757008058003563,2.9482119576781463,4.06945688280929,3.7088578464357864,1.6153731157513231,2.024589932091197,19.119801656625864,8.327526924304234,10.437110167159792,0.35678391959798994,-0.0032160804020100464,-0.0032160804020100464,0.2814070351758794,-0.003592964824120637,-0.003592964824120637,0.21105527638190957,-0.0039447236180903955,-0.0039447236180903955,0.21250000000000002,0.06892946317103621,0.0805351906158358,0.1378446115288221,0.29648241206030146,0.10099369025579019,0.14623199469803105,0.19191919191919193,0.24496644295302017,0.08583746472856457,0.11438608581016307,0.1515151515151515,21.0,0.0,0.0,28.0,0.0,0.0,33.0,0.0,0.0,0.0014728231715285835,0.0018135391277251365,0.00047056250279299067,-0.1986795375423389,-0.22428161027977334,-0.20985865435964213,0.07,0.09079142968782616,0.135,-1.2991275787353516
110,0,test,3.48962432375711,1.6843912773951182,2.280665916290606,5.203092554583955,2.5114576531220627,3.4005138512356936,32.773633117872,26.692244589008276,29.423639611406784,48.86607572664747,39.79861618361114,43.871175228983766,3.5760952032536233,1.6656121525556076,2.2953500358819285,5.108707433219462,2.3794459322222963,3.279071479831326,35.73373509564368,28.977383424851585,32.13441427269408,51.04819299377669,41.39626203550227,45.906306103848685,3.48962432375711,1.6843912773951182,2.280665916290606,5.203092554583955,2.5114576531220627,3.4005138512356936,32.773633117872,26.692244589008276,29.423639611406784,48.86607572664747,39.79861618361114,43.871175228983766,0.7889447236180904,-0.001055276381909609,-0.001055276381909609,0.6231155778894473,-0.0018844221105527303,-0.0018844221105527303,0.49246231155778897,-0.002537688442211028,-0.002537688442211028,0.44354838709677424,0.12564094242876622,0.19689959353109054,0.4008097165991903,0.457286432160804,0.12896563015579143,0.20186072264494426,0.4040404040404041,0.44354838709677424,0.12564094242876622,0.19689959353109054,0.4008097165991903,24.0,-10.0,-10.0,34.0,-8.0,-8.0,45.0,-12.0,-12.0,0.0003219081396030132,-9.411410148975242e-05,0.00025968955680112405,-3.085650767697956e-05,-0.00010133182060556578,-0.00011602607612637428,0.10080645161290322,0.09376716131918868,0.14112903225806453,-0.8328273296356201
186,0,test,1.7054664813979927,0.7586248122175004,0.7586248122175004,6.547995395732439,2.9126762863241256,2.9126762863241256,5.503952559945742,2.9263965444072437,2.9263965444072437,21.13196384329533,11.235653885826352,11.235653885826352,2.625939218117095,1.2262940856846214,1.6873036194217454,5.528293090772832,2.581671759336045,3.5522181461510436,13.817545782867237,9.763784619663156,11.261054824789271,29.089570069194185,20.55533604139612,23.707483841661624,2.267497984155737,1.0664189566803768,1.4606751974033898,5.915212132580183,2.7819624956879387,3.8104570367044945,9.65521307154868,6.331511717929168,7.414435833953204,25.187512360561772,16.51698709025,19.342006523356183,0.592964824120603,-0.0020351758793969443,-0.0020351758793969443,0.4824120603015075,-0.0025879396984924696,-0.0025879396984924696,0.3316582914572864,-0.0033417085427135396,-0.0033417085427135396,0.3352380952380952,0.11040916073174134,0.11040916073174134,0.24045801526717558,0.40201005025125625,0.11378949887281009,0.18999001686227457,0.30808080808080807,0.37792642140468224,0.1258396100524285,0.18771507546474897,0.2919463087248322,21.0,0.0,0.0,31.0,1.0,1.0,39.0,0.0,0.0,0.0023312462414223183,0.0010499884779060003,0.0012406185441894094,-0.09301870935576151,-0.0888131763950133,-0.10359339944996293,0.049523809523809526,0.11747708071084814,0.6876190476190476,-1.3243558406829834
178,0,test,0.9475834819621143,0.3588250634842529,0.3588250634842529,5.455504901005182,2.0658569188947764,2.0658569188947764,2.5794687889083243,0.7777187823221208,0.7777187823221208,14.850728075947925,4.477545999194346,4.477545999194346,1.2838207781321225,0.4853570976249555,0.7426519488872754,3.5173172003619793,1.3297454729450835,2.034662873663768,3.610407973943546,1.3882835622589407,1.89239422012547,9.891528695735744,3.8035166089286054,5.184641698973891,1.2042119456654532,0.49114901660094024,0.7223832690476073,4.1524549850532875,1.6936172986239324,2.490976789819336,3.3341305664536227,1.2938997861356833,1.7150981830174772,11.497001953288356,4.461723400467875,5.914131665577509,0.3015075376884422,-0.0034924623115578646,-0.0034924623115578646,0.21105527638190957,-0.0039447236180903955,-0.0039447236180903955,0.18090452261306533,-0.0040954773869347205,-0.0040954773869347205,0.23141891891891897,0.06133094237932957,0.06133094237932957,0.21658206429780036,0.27638190954773867,0.0859057190715482,0.12112314494005916,0.29292929292929293,0.2775919732441472,0.1006303705730287,0.14188563286594924,0.2818791946308725,20.0,-11.0,-11.0,29.0,-14.0,-14.0,31.0,-12.0,-12.0,0.0011887429558686768,6.90339146456052e-05,0.0003578958652305789,-0.22838363995717614,-0.20169718266573433,-0.20491185251431787,0.08108108108108109,0.08518129518314316,0.1554054054054054,-1.1510767936706543
94,0,test,1.4464528000699746,0.6240490029355968,0.6942052275670103,7.375319771785366,3.1819641468364503,3.539683797704317,4.248019184564991,1.9720549610230154,2.1262557058181986,21.660229688331384,10.055313207853617,10.841567554941145,2.380432533853181,1.0649825920443896,1.4978341281683223,6.103673163726105,2.7307245949856145,3.840600328636724,10.809577361066493,7.083150077529615,8.392405013242215,27.716865028375622,18.16192327571696,21.518987213441573,2.0037955396935856,0.9345867123413911,1.2808454004095955,6.679318465645285,3.11528904113797,4.269484668031985,7.417154845874132,4.504081002209116,5.356651822114424,24.723849486247108,15.013603340697053,17.85550607371475,0.5175879396984925,-0.002412060301507535,-0.002412060301507535,0.3919597989949749,-0.0030402010050251116,-0.0030402010050251116,0.3266331658291457,-0.0033668341708542604,-0.0033668341708542604,0.265658747300216,0.0757989846249193,0.09068318522787977,0.2056277056277056,0.36180904522613067,0.10616994748176978,0.16982240081878508,0.3232323232323232,0.32441471571906355,0.10237798783926388,0.16201204608613806,0.2751677852348994,18.0,0.0,0.0,28.0,0.0,0.0,35.0,0.0,0.0,0.0014757079193512181,0.0010376878680025228,0.00075405876841835,-0.12413571504745757,-0.11938842456023036,-0.12347007591096926,0.08423326133909287,0.15311228395789922,0.67170626349892,-1.0810520648956299
44,0,test,2.4107277310550534,1.137428142032818,1.230407485329825,5.303601008321118,2.5023419124721995,2.706896467725615,11.142066623302725,7.5694453055721205,7.886650054088514,24.512546571265997,16.652779672258667,17.350630118994733,2.8920955952459035,1.3398782314952749,1.8512657877036836,5.073851921484041,2.3506635640267977,3.2478347152696205,18.031055832206544,13.309127015407736,15.199490137896497,31.633431284572886,23.349345641066208,26.665772171748245,2.6664079410253896,1.2416825381605245,1.7084073661471835,5.160789563274947,2.4032565254719827,3.306594902220355,14.388193019077361,10.231476755428924,11.781713220280665,27.84811552079489,19.802858236314044,22.80331591022064,0.6130653266331658,-0.0069346733668341765,-0.0069346733668341765,0.5025125628140703,-0.007487437185929702,-0.007487437185929702,0.4170854271356784,-0.007914572864321623,-0.007914572864321623,0.3771186440677966,0.12420859115774374,0.13567191875010354,0.29723991507431,0.42713567839195976,0.14142139267767406,0.2101072977575691,0.3232323232323232,0.4046822742474916,0.14257876840441985,0.20334745778475527,0.3087248322147651,19.0,0.0,0.0,32.0,0.0,0.0,39.0,0.0,0.0,0.0007209815697316,0.0011059000538219137,0.00048473497244823626,-0.07347127401539844,-0.08029111041926296,-0.07913610805964932,0.05508474576271186,0.1640731234579496,0.3792372881355932,-1.0002853870391846
103,0,test,1.562615842674898,0.6938286325686907,0.76759928837556,5.7011062385091975,2.531390401637332,2.800538028682707,4.77128586847235,2.387268081612997,2.5568082128457186,17.407738285754586,8.709798391509917,9.328354964054299,2.7603850804602983,1.251510095706015,1.7383411009359226,5.466109070218413,2.4782378132792378,3.4422596058137085,15.805928330661283,11.284287313928374,13.027059416434339,31.29886798150749,22.345123393917575,25.796157260266018,2.134671416367349,0.9610154094807133,1.3431659879801519,5.473516452223972,2.464142075591573,3.444015353795262,8.454268116290663,5.220474291021949,6.2475521364582285,21.677610554591443,13.385831515440895,16.019364452456994,0.4824120603015075,-0.0025879396984924696,-0.0025879396984924696,0.3919597989949749,-0.0030402010050251116,-0.0030402010050251116,0.3316582914572864,-0.0033417085427135396,-0.0033417085427135396,0.24678111587982832,0.08493760033856357,0.09233341304502873,0.18924731182795695,0.3417085427135679,0.111132101610811,0.16474694004244939,0.303030303030303,0.3010033444816054,0.10567780191065379,0.14638710421464207,0.24161073825503354,23.0,-4.0,-4.0,34.0,-4.0,-4.0,40.0,-4.0,-4.0,3.326811014939697e-05,0.0017365374908416282,0.0009536053590640641,-0.1673763104319086,-0.19371455589838416,-0.19563535504064067,0.0536480686695279,0.35443077528160216,0.36909871244635195,-0.9567031860351562
50,0,test,3.6926020995239153,1.7547227961620457,2.393460624981335,6.879669387803485,3.2692156857066683,4.4592450929711775,40.14918332242145,33.20517411464482,36.48303548753224,74.80175226141615,61.86440177311802,67.97136968808091,3.7361201919315747,1.7337920029927756,2.3882401305313548,6.671643199877812,3.096057148201385,4.26471451880599,41.934974482358975,34.52869522314479,38.085717795157656,74.88388300421245,61.65838432704426,68.0102103484958,3.71882420752266,1.7509546502140216,2.4007919562273963,6.844461731636797,3.2226159206393032,4.418635502259011,41.215904257023645,34.06048822246064,37.479841749751245,75.85749249758953,62.68801513336314,68.981303833898,0.7638190954773869,-0.001180904522613102,-0.001180904522613102,0.6331658291457287,-0.0018341708542712887,-0.0018341708542712887,0.5025125628140703,-0.0024874371859296973,-0.0024874371859296973,0.4423076923076923,0.1233974358974359,0.19337606837606836,0.40836012861736337,0.4321608040201005,0.10301507537688437,0.1792294807370184,0.3787878787878788,0.4481605351170569,0.1270903010033445,0.19620958751393536,0.412751677852349,23.0,0.0,0.0,33.0,1.0,1.0,45.0,-2.0,-2.0,0.000485126420320988,0.00010443393084308177,7.268808857913398e-05,-0.005976681380388982,-0.007164082503116731,-0.007772249829590017,0.10897435897435898,0.15125694112134874,0.016025641025641024,-0.3166165351867676
175,0,test,3.4700470075085645,1.6563039491984335,2.2590506494764666,5.6359152739400855,2.6901044007115504,3.669062128679899,32.13825314845579,26.004891096560307,28.78142555943343,52.19769974447182,42.23613184810466,46.74567104283819,3.4485357448384963,1.629065126410169,2.232215977769172,5.517657191741594,2.60650420225627,3.571545564430675,31.454301449344914,25.285709402924518,28.079556445447583,50.32688231895186,40.45713504467923,44.92729031271613,3.4700470075085645,1.6563039491984335,2.2590506494764666,5.6359152739400855,2.6901044007115504,3.669062128679899,32.13825314845579,26.004891096560307,28.78142555943343,52.19769974447182,42.23613184810466,46.74567104283819,0.6582914572864322,-0.0017085427135676845,-0.0017085427135676845,0.5778894472361809,-0.002110552763819218,-0.002110552763819218,0.4773869346733668,-0.0026130653266331905,-0.0026130653266331905,0.4273858921161826,0.1188972792797437,0.20255830590928603,0.4375,0.4321608040201005,0.12138386166421078,0.20511572889489182,0.4444444444444444,0.4273858921161826,0.1188972792797437,0.20255830590928603,0.4375,25.0,0.0,0.0,37.0,1.0,1.0,47.0,1.0,1.0,0.0004243480561401543,4.245327085778169e-05,-0.00032346805735397323,-0.006995640617497578,-0.005307348652395127,-0.005668579359142889,0.12448132780082988,0.1008329777820046,0.35684647302904565,-1.0991673469543457
21,0,test,3.3080896539444886,1.5494561839123788,2.124282292223226,5.799625532548249,2.716451664200816,3.724216423707808,27.33286034361391,21.528360394483638,24.066071943283774,47.91900199481679,37.74275841311372,42.19178435626333,3.1900174036228925,1.4704682410034826,2.0314706198113477,5.54785635412677,2.5573360713104045,3.532992382280605,24.288850153404763,18.706838835858818,21.103549173286535,42.24147852766046,32.533632758015344,36.70182464919397,3.3080896539444886,1.5494561839123788,2.124282292223226,5.799625532548249,2.716451664200816,3.724216423707808,27.33286034361391,21.528360394483638,24.066071943283774,47.91900199481679,37.74275841311372,42.19178435626333,0.6984924623115578,-0.0015075376884421399,-0.0015075376884421399,0.5778894472361809,-0.002110552763819218,-0.002110552763819218,0.4170854271356784,-0.0029145728643216184,-0.0029145728643216184,0.4094202898550725,0.09838954844458425,0.17568535009603636,0.4036363636363637,0.4120603015075377,0.09877709348748753,0.17499853189151093,0.38888888888888884,0.4094202898550725,0.09838954844458425,0.17568535009603636,0.4036363636363637,19.0,0.0,0.0,29.0,0.0,0.0,39.0,0.0,0.0,-0.000180911568858138,0.00043344194309249365,-1.367391936549457e-05,-0.009568054549784044,-0.010289627595365225,-0.008957734590282485,0.10507246376811594,0.12916741560250125,0.007246376811594203,-0.7958054542541504
265,0,test,2.3253485303865022,1.1157550105073737,1.382819315827831,6.098265020086456,2.9260859878206618,3.6264665501180198,10.230245015761058,6.8781232110549,7.663780660244968,26.828986928750854,18.03799199720358,20.098391665278193,2.8331908446399674,1.3340970621948491,1.8308072975037883,5.610278900277163,2.6417763607818796,3.6253609851560165,16.999617514226642,12.52198798950607,14.274848805078259,33.66260893906266,24.796015820804097,28.26702733678863,2.57687005031477,1.2497320911363874,1.68215815404414,6.135404881701834,2.9755525979437794,4.005138462009857,13.155896357281845,9.385658999211556,10.709265552828217,31.323562755432967,22.346807140979898,25.49825131625766,0.6130653266331658,-0.001934673366834172,-0.001934673366834172,0.457286432160804,-0.0027135678391959628,-0.0027135678391959628,0.35678391959798994,-0.0032160804020100464,-0.0032160804020100464,0.35443037974683544,0.11675654915265088,0.1471967531583701,0.30456852791878175,0.3668341708542714,0.1011700104532689,0.15481413746528971,0.33838383838383834,0.3745819397993311,0.12917292477428932,0.1821458997548372,0.3221476510067114,25.0,0.0,0.0,36.0,0.0,0.0,43.0,0.0,0.0,0.0006792233827459632,0.0009530670903796808,0.0002858066263225822,-0.04935793956727608,-0.06498703364337644,-0.05565961047694579,0.06329113924050633,0.17574845135592027,0.9696202531645569,-1.25494384765625
215,0,test,3.2319582804444837,1.5369695659838003,2.0990207699542296,5.429689911146733,2.582108870852785,3.5263548935231057,25.3292101325102,19.882625635287738,22.224446739694333,42.55307302261714,33.4028110672834,37.33707052268648,3.262866125893709,1.558666232908883,2.1221549839654594,5.393167150237536,2.57630782298989,3.5076941883726604,26.124305492009753,20.627319761618885,22.995312759912643,43.18067023472687,34.094743407634525,38.008781421343215,3.2319582804444837,1.5369695659838003,2.0990207699542296,5.429689911146733,2.582108870852785,3.5263548935231057,25.3292101325102,19.882625635287738,22.224446739694333,42.55307302261714,33.4028110672834,37.33707052268648,0.7587939698492463,-0.001206030150753712,-0.001206030150753712,0.5477386934673367,-0.002261306532663321,-0.002261306532663321,0.44221105527638194,-0.0027889447236180143,-0.0027889447236180143,0.4114832535885168,0.10599399344531868,0.16824001034527358,0.3942307692307693,0.4120603015075377,0.10629589047996879,0.16999018464610194,0.3939393939393939,0.4114832535885168,0.10599399344531868,0.16824001034527358,0.3942307692307693,21.0,0.0,0.0,31.0,0.0,0.0,41.0,0.0,0.0,0.0004782485141547886,0.00016572358436324974,7.172398811417707e-05,-0.0067738831179617875,-0.006879621217556142,-0.0069196677575575904,0.14354066985645933,0.048397119108700815,0.47368421052631576,-0.8916459083557129
171,0,test,3.3402743420202383,1.5221735588087004,2.1038564125634713,6.354055703241507,2.8955632359293326,4.002072724650814,28.226869459671196,22.06672158299303,24.78361210267262,53.69472160373544,41.9765455676484,47.1447658795201,3.311552459290415,1.5287754185086793,2.1135526589118996,5.759221668331157,2.6587398582759643,3.675743754629391,27.427672782299524,21.481326024028945,24.11419011904161,47.7003004909557,37.35882786787643,41.93772194615932,3.3402743420202383,1.5221735588087004,2.1038564125634713,6.354055703241507,2.8955632359293326,4.002072724650814,28.226869459671196,22.06672158299303,24.78361210267262,53.69472160373544,41.9765455676484,47.1447658795201,0.7537688442211055,-0.0012311557788945438,-0.0012311557788945438,0.6231155778894473,-0.0018844221105527303,-0.0018844221105527303,0.4974874371859297,-0.002512562814070307,-0.002512562814070307,0.4365079365079365,0.09789407512179793,0.1766134774050342,0.3784860557768924,0.4522613065326633,0.1189279731993299,0.19015780068959154,0.3787878787878788,0.4365079365079365,0.09789407512179793,0.1766134774050342,0.3784860557768924,24.0,-15.0,-15.0,37.0,-19.0,-19.0,48.0,-25.0,-25.0,0.00040046276332753234,6.332731269287813e-05,0.00021572558083472743,-5.857619511928647e-05,-0.00012331829868550415,0.00012440840417138332,0.11904761904761904,0.08444456134042123,0.07936507936507936,-0.6086151599884033
61,0,test,1.3843613592562771,0.5864091683136347,0.7224968156858802,6.01896243154903,2.5496050796244982,3.1412905029820872,3.9922754607251787,1.7712873518599341,2.0538722564499876,17.3577193944573,7.701249355912758,8.929879375869511,1.7165226186052358,0.7202410989900276,1.0297629880228234,5.721742062017453,2.4008036633000924,3.432543293409412,5.565142654357939,2.856949933858079,3.577877040252113,18.550475514526465,9.523166446193597,11.926256800840378,1.428517165578521,0.6089746226025358,0.8483474886708812,5.791285806399409,2.4688160375778474,3.4392465756927613,4.172507464712104,1.9030460457443596,2.3861659587724717,16.915570802886908,7.715051536801459,9.67364577880732,0.27638190954773867,-0.0036180904522613577,-0.0036180904522613577,0.24623115577889443,-0.0037688442211055717,-0.0037688442211055717,0.1959798994974874,-0.004020100502512558,-0.004020100502512558,0.21553884711779447,0.06910580581616743,0.0825965206270809,0.15829145728643212,0.25125628140703515,0.08333648190828824,0.12771704935361283,0.15656565656565657,0.22073578595317722,0.07048536859090682,0.09281587494094146,0.14429530201342278,19.0,1.0,1.0,24.0,1.0,1.0,28.0,0.0,0.0,0.001598816518245303,0.0012078428518123286,0.00046133715510765993,-0.22137879859501997,-0.23227458638355492,-0.226639221493385,0.19047619047619047,0.07302674174529165,0.08771929824561403,-0.7835596799850464
53,0,test,2.748338454600566,1.3114445712568936,1.7323947816842808,5.702012540866692,2.720870633469762,3.594221357402445,15.616662521757835,11.40905633885049,12.854693958858517,32.40008718594585,23.67051343864958,26.669796087057033,3.0561065749895886,1.422498143803107,1.964213459126461,5.314967956503633,2.4739098153097516,3.4160234071764544,21.244681357617274,16.122356390167205,18.2647713065292,36.94727192629092,28.038880678551664,31.764819663529053,3.1236286962053073,1.5026414971579156,2.0410081867390257,5.820426141997467,2.799953100294253,3.803120844855328,22.728705752936282,17.67062456734027,19.776299521734444,42.351625626589346,32.92662962858435,36.850247556026915,0.6934673366834171,-0.0015326633165829717,-0.0015326633165829717,0.5376884422110553,-0.0023115577889447625,-0.0023115577889447625,0.4170854271356784,-0.0029145728643216184,-0.0029145728643216184,0.39722222222222225,0.10873401140391437,0.17825839035516455,0.32033426183844016,0.4170854271356784,0.12134607876475112,0.18336255568325777,0.33333333333333337,0.41137123745819393,0.10586205548824401,0.18222774468844982,0.35906040268456374,20.0,0.0,0.0,35.0,0.0,0.0,41.0,0.0,0.0,0.0006187301664307331,0.0007720991070000205,-0.0001023608346886684,-0.009821849830626839,-0.01523632090660687,-0.01195090889596262,0.08611111111111111,0.1360437933775636,0.9611111111111111,-1.138385534286499
54,0,test,1.229067376806774,0.5289316015544292,0.554636023631053,4.956566798269941,2.1330684259408135,2.2367288821842473,3.418040305681159,1.4040141618661415,1.4551238533419817,13.784228117992871,5.662089898673292,5.8682043921660245,1.7585661093799172,0.6976307069969581,1.0370624688786756,4.817989340766896,1.9113170054711177,2.8412670380237692,5.804108967396584,2.915036796678334,3.74658430413586,15.901668403826259,7.986402182680367,10.264614531879069,1.3924393948262763,0.578590687478358,0.8372391999663406,4.746952482362306,1.9724682527671296,2.8542245453397976,4.024655812638873,1.7680796159747527,2.282366065324265,13.720417543087066,6.027544145368475,7.78079340451454,0.39698492462311563,-0.0030150753768843908,-0.0030150753768843908,0.2864321608040201,-0.003567839195979916,-0.003567839195979916,0.2361809045226131,-0.0038190954773869024,-0.0038190954773869024,0.26476578411405294,0.07554910049248631,0.07903753386967372,0.23469387755102045,0.31658291457286436,0.09603153612674908,0.12960461741092777,0.30808080808080807,0.28093645484949836,0.08394146319674378,0.12632021458253506,0.24832214765100669,19.0,-6.0,-6.0,25.0,-2.0,-2.0,33.0,-7.0,-7.0,0.0007012203898522356,0.0006715358330061873,0.00042687861610784074,-0.2121122839917824,-0.2122463472316829,-0.21876369864010847,0.05091649694501019,0.11953525211028196,0.37678207739307534,-1.088972568511963
197,0,test,2.844372201163465,1.322801904708488,1.781984167716497,6.180364288947776,2.874236237391283,3.8719655989889317,17.190762939534252,12.61135235525776,14.297490963189109,37.35276885627196,27.402444623769945,31.06615320396646,2.7794619804937253,1.2578282935761111,1.7606143434984993,5.503885109888565,2.4907490961903194,3.486365036630692,16.110350932863234,11.530650048430164,13.340350055338234,31.90168501557076,22.832970392931017,26.416534763046005,2.803973725176292,1.3042742769275815,1.793614152368409,6.008515125377769,2.7948734505591033,3.8434588979323054,16.510123284662953,12.029780991425467,13.763534848665511,35.37883560999204,25.77810212448314,29.493288961426092,0.5728643216080402,-0.0021356783919597166,-0.0021356783919597166,0.457286432160804,-0.0027135678391959628,-0.0027135678391959628,0.35678391959798994,-0.0032160804020100464,-0.0032160804020100464,0.3988603988603988,0.12471267158767152,0.18478415252608793,0.38857142857142857,0.371859296482412,0.09685929648241198,0.1672003946521291,0.3484848484848485,0.3913043478260869,0.1196376811594203,0.18597693384162517,0.3791946308724832,17.0,0.0,0.0,28.0,1.0,1.0,35.0,0.0,0.0,8.665888034018256e-05,-0.00019746425639647423,4.2069067654218165e-05,-0.03039860718681542,-0.026716875596404677,-0.027863999738557688,0.17663817663817663,0.06467916992971119,0.002849002849002849,-1.083803653717041
66,0,test,2.9420223361774487,1.3990282989981757,1.906908079988342,6.54493374787302,3.1123310709597094,4.242179569249427,18.954139220094806,14.2755620642311,16.13871132278476,42.16609232296454,31.757953287818466,35.902785334021175,3.068989093429479,1.418698122338705,1.9641913174109744,6.0176256733911355,2.7817610241935395,3.851355524335244,21.52013682751945,16.31164169929594,18.501522856575257,42.19634672062637,31.983611175090083,36.277495797206385,2.962736142371753,1.4034156586255793,1.9167123623198712,6.487743377456393,3.073172975092509,4.1971803554449725,19.350846056532756,14.595257409354213,16.504535027564888,42.374115452261506,31.96041768471725,36.14131757860925,0.6934673366834171,-0.0015326633165829717,-0.0015326633165829717,0.5376884422110553,-0.0023115577889447625,-0.0023115577889447625,0.44221105527638194,-0.0027889447236180143,-0.0027889447236180143,0.41503267973856206,0.11813219034215094,0.19220659278204033,0.35737704918032787,0.42713567839195976,0.11134620470774925,0.1967517051031451,0.35858585858585856,0.4180602006688964,0.12089826410796145,0.1955907902128341,0.35906040268456374,16.0,0.0,0.0,28.0,0.0,0.0,40.0,1.0,1.0,0.0008076372208632469,0.0003735089390511249,-2.7620664315692245e-05,-0.006923247761532636,-0.0054606042928222465,-0.006698756411538831,0.08496732026143791,0.07811183279745716,0.16013071895424835,-0.7281286716461182
154,0,test,2.888003266243577,1.3340576669539679,1.801740732217568,8.639326010130358,3.990770798580245,5.389822703214946,17.957417598191427,13.227321120410831,14.994239026327962,53.71877059288033,39.56890933456231,44.85456118986997,3.0540769148436486,1.3519180706385245,1.882459720810107,8.36733401327027,3.7038851250370532,5.15742389263043,21.201605603910423,15.715828047430776,17.974398162573316,58.08659069564499,43.05706314364596,49.244926472803606,2.928625267612182,1.3110657202582807,1.8204248173152229,8.613603728271123,3.8560756478184723,5.35419063916242,18.701902704948218,13.661129180631232,15.672999879004571,55.00559619102417,40.179791707738914,46.0970584676605,0.5829145728643217,-0.002085427135678275,-0.002085427135678275,0.49246231155778897,-0.002537688442211028,-0.002537688442211028,0.39698492462311563,-0.0030150753768843908,-0.0030150753768843908,0.3954154727793696,0.1321822825075527,0.18622681197780555,0.3620689655172413,0.39698492462311563,0.11628317023715073,0.17494819674331596,0.3434343434343434,0.3946488294314381,0.11418138368853326,0.1777411542367774,0.35906040268456374,19.0,0.0,0.0,29.0,0.0,0.0,33.0,0.0,0.0,0.0007627524700290346,0.00020721140850004285,0.0004070252771720321,-0.052967656962246146,-0.052205261528796676,-0.05543654771036355,0.14613180515759314,0.08475019488249527,0.05730659025787966,-0.4963700771331787
258,0,test,3.1176021549311796,1.4969450110308422,2.0334856796903917,5.912693742110858,2.839033641610218,3.856610771826605,22.592142185918334,17.535730170577573,19.63531595077917,42.847166214672704,33.25741928902644,37.23939232044325,3.295862244978259,1.539210995166642,2.117789294432806,5.539264277274385,2.586909235574188,3.559309738542531,27.00068524099143,21.2076796930493,23.752576339422724,45.37930292603602,35.64315914798202,39.920296368777684,3.1807279677793536,1.5077577120060652,2.0606815222423776,5.818404819108574,2.758093375620851,3.769539369955569,24.064265187028127,18.73629543647471,20.999268631630116,44.01999729334414,34.27371116428301,38.41329627737217,0.728643216080402,-0.001356783919598037,-0.001356783919598037,0.542713567839196,-0.0022864321608039306,-0.0022864321608039306,0.40703517587939697,-0.00296482412060306,-0.00296482412060306,0.39209726443769,0.08253732513571732,0.1605502472486101,0.36585365853658536,0.38190954773869346,0.0736388710469641,0.1381699817954547,0.36868686868686873,0.4013377926421404,0.08581191618137252,0.16552021755871438,0.37248322147651003,22.0,-10.0,-10.0,30.0,-5.0,-5.0,42.0,-12.0,-12.0,0.00010454019470399513,0.00010884819182621035,0.00020780909576783766,-0.004286961764838004,-0.003508888699571777,-0.004333642968188833,0.08814589665653495,0.09517241996566064,0.6595744680851063,-1.1306884288787842
