idx,membership,cut_T,cut_T_rep1_diff,cut_T_rep2_diff,cal_T,cal_T_rep1_diff,cal_T_rep2_diff,ppl_T,ppl_T_rep1_diff,ppl_T_rep2_diff,calppl_T,calppl_T_rep1_diff,calppl_T_rep2_diff,cut_200,cut_200_rep1_diff,cut_200_rep2_diff,cal_200,cal_200_rep1_diff,cal_200_rep2_diff,ppl_200,ppl_200_rep1_diff,ppl_200_rep2_diff,calppl_200,calppl_200_rep1_diff,calppl_200_rep2_diff,cut_300,cut_300_rep1_diff,cut_300_rep2_diff,cal_300,cal_300_rep1_diff,cal_300_rep2_diff,ppl_300,ppl_300_rep1_diff,ppl_300_rep2_diff,calppl_300,calppl_300_rep1_diff,calppl_300_rep2_diff,cb_const1,cb_const1_rep1_diff,cb_const1_rep2_diff,cb_const2,cb_const2_rep1_diff,cb_const2_rep2_diff,cb_const3,cb_const3_rep1_diff,cb_const3_rep2_diff,cbm_T,cbm_T_rep1_diff,cbm_T_rep2_diff,cbpm_T,cbm_200,cbm_200_rep1_diff,cbm_200_rep2_diff,cbpm_200,cbm_300,cbm_300_rep1_diff,cbm_300_rep2_diff,cbpm_300,lz_bins3,lz_bins3_rep1_diff,lz_bins3_rep2_diff,lz_bins4,lz_bins4_rep1_diff,lz_bins4_rep2_diff,lz_bins5,lz_bins5_rep1_diff,lz_bins5_rep2_diff,slope_600,slope_800,slope_1000,apen_600,apen_800,apen_1000
122,1,3.189827073831111,1.4090432802162571,1.9512548802456782,5.653693503273073,2.4974077449350207,3.458431063607857,24.284227701521562,18.349721677404997,20.833544663145318,43.041700133041665,32.52329980064196,36.925661920195495,3.2266218153076553,1.4210321029543769,1.9720267111442578,5.162594904492249,2.273651364727003,3.1552427378308123,25.194401705850314,19.11084376566392,21.68798335316115,40.3110427293605,30.57735002506227,34.70077336505784,3.189827073831111,1.4090432802162571,1.9512548802456782,5.653693503273073,2.4974077449350207,3.458431063607857,24.284227701521562,18.349721677404997,20.833544663145318,43.041700133041665,32.52329980064196,36.925661920195495,0.6884422110552764,-0.0015577889447235815,-0.0015577889447235815,0.5477386934673367,-0.002261306532663321,-0.002261306532663321,0.4371859296482412,-0.002814070351758735,-0.002814070351758735,0.41015625,0.10411336500974655,0.15690949675324672,0.3529411764705882,0.42211055276381915,0.10882734474376898,0.1783709868205804,0.3484848484848485,0.41015625,0.10411336500974655,0.15690949675324672,0.3529411764705882,27.0,0.0,0.0,35.0,0.0,0.0,45.0,0.0,0.0,2.702978899820123e-05,0.0006472904429162458,0.0006554642874537665,-0.007653828045040889,-0.008639046900448477,-0.00893701430318572
122,0,3.152179998617906,1.377598885631753,1.9044365382252713,5.49524427566544,2.4015895011548207,3.3200337511306866,23.38699266087928,17.489182558128245,19.904516920862054,40.77090699169329,30.48916317620218,34.69985302781299,3.616144546911345,1.5859490418121558,2.209348247156866,6.181443669933923,2.711024003097702,3.7766636703536176,37.193891727066294,29.578316630054296,33.111037538938845,63.579302097549224,50.56122500863982,56.600064169126235,3.2167413015429394,1.4117189458328125,1.9441923492652435,5.744180895612391,2.5209266889871653,3.4717720522593636,24.946693828740848,18.8665864566219,21.376753245590844,44.54766755132294,33.690332958253386,38.17277365284079,0.7185929648241206,-0.0014070351758793676,-0.0014070351758793676,0.5778894472361809,-0.002110552763819218,-0.002110552763819218,0.49246231155778897,-0.002537688442211028,-0.002537688442211028,0.42153846153846153,0.12507148765213283,0.17486497126210532,0.3827160493827161,0.4371859296482412,0.1264089872923515,0.19344636370500246,0.4292929292929293,0.42140468227424754,0.12424274571331262,0.1778006778248593,0.3825503355704698,20.0,1.0,1.0,34.0,3.0,3.0,40.0,3.0,3.0,0.0010498602406965412,0.0004426263897194105,0.00048676877025108356,-0.002815776147390814,-0.0034933945993707027,-0.004319624740314332
328,1,3.2732692797472525,1.4176447266172043,1.9753103706711033,6.137379899526098,2.658083862407258,3.703706945008318,26.3974992357586,20.001807783135348,22.735684298221425,49.495311067047375,37.50338959337878,42.62940805916517,3.3791086823496985,1.4514321597075486,2.050354056495907,5.679174256049913,2.43938178102109,3.4459732041948015,29.344604089890463,22.471082887084247,25.56826658510166,49.318662335950364,37.7665258606458,42.97187661361624,3.3280864224386058,1.4910360563553555,2.0646120085435027,6.014614016455312,2.694643475341004,3.7312265214641616,27.884930638856083,21.606937496540958,24.347239074769615,50.394452961788105,39.04868222266438,44.00103447247521,0.6783919597989949,-0.0016080402010050232,-0.0016080402010050232,0.6030150753768844,-0.0019849246231156137,-0.0019849246231156137,0.48743718592964824,-0.002562814070351749,-0.002562814070351749,0.4299363057324841,0.09448320557350154,0.1619278311562129,0.4408945686900958,0.42211055276381915,0.08627095376632543,0.1650153941661564,0.48989898989898994,0.4247491638795987,0.09586769476440671,0.17224638301196804,0.459731543624161,15.0,0.0,0.0,29.0,0.0,0.0,35.0,-1.0,-1.0,-0.00026836239073902286,-6.332695124437474e-05,0.00010474856000168423,0.0004478011750661537,4.5542954798527546e-05,-9.287412789138472e-05
328,0,3.650032379934865,1.6281572316068473,2.267862731529171,6.491843304312724,2.8957939333578926,4.03355585821974,38.47591187638253,30.9234382039791,34.49237674746436,68.43215755156608,54.999543662791396,61.347155786561615,3.6992052931282386,1.6301653074786708,2.285577095058636,6.064270972341375,2.6724021434076572,3.7468476968174365,40.41517337839524,32.49795455376419,36.304330044987424,66.25438258753317,53.275335334039646,59.515295155717084,3.650032379934865,1.6281572316068473,2.267862731529171,6.491843304312724,2.8957939333578926,4.03355585821974,38.47591187638253,30.9234382039791,34.49237674746436,68.43215755156608,54.999543662791396,61.347155786561615,0.7638190954773869,-0.001180904522613102,-0.001180904522613102,0.592964824120603,-0.0020351758793969443,-0.0020351758793969443,0.5025125628140703,-0.0024874371859296973,-0.0024874371859296973,0.42741935483870963,0.11756019990913213,0.17674911355184642,0.40485829959514175,0.4371859296482412,0.1213964559640307,0.18009077105057847,0.41414141414141414,0.42741935483870963,0.11756019990913213,0.17674911355184642,0.40485829959514175,26.0,3.0,3.0,39.0,4.0,4.0,46.0,4.0,4.0,0.0003685588340016153,0.00010498623468696474,0.00027206116291885943,-3.085650767697956e-05,-0.00010133182060556578,-0.00011602607612637428
157,1,3.1998650963547863,1.445340444116269,1.9862182206721564,5.424370243553301,2.450122571042017,3.367011636112693,24.529220892583083,18.748521646266724,21.16348417109554,41.58162044357667,31.78225327201364,35.87606674993201,3.4642194647285804,1.5321566903548065,2.1181566709730095,5.132176984783082,2.2698617634886022,3.138009882922977,31.95151075648287,25.047774342079432,28.109242846752217,47.33557149108573,37.10781384011767,41.6433227359292,3.253415388008424,1.4810119740654852,2.0395790912288634,5.3627726175963035,2.4412285286793716,3.3619435569706546,25.878574526822792,19.993594104827565,22.51220020340776,42.656990978279325,32.95647379916631,37.1080223133095,0.7386934673366834,-0.0013065326633165952,-0.0013065326633165952,0.5979899497487438,-0.0020100502512562235,-0.0020100502512562235,0.4824120603015075,-0.0025879396984924696,-0.0025879396984924696,0.44303797468354433,0.1397204391385206,0.1988274483677549,0.40634920634920635,0.457286432160804,0.13397816148411223,0.19017457907232316,0.4242424242424242,0.4381270903010034,0.13428735741285647,0.19229839174705454,0.40604026845637586,21.0,10.0,10.0,33.0,13.0,13.0,41.0,9.0,9.0,0.000972064790000675,0.00010409771938435017,0.00028217876322663186,-0.004204034307158544,-0.0034408746477625485,-0.004271195822407314
157,0,3.5963259890471417,1.615724673834077,2.221219328232487,6.021277227376071,2.70518473961934,3.718955789554964,36.46401883525847,29.216919368878216,32.50852023813428,61.05118582131847,48.91747071475038,54.42855102727626,3.6688025369117008,1.6262588385387047,2.237749659482369,5.965532580344229,2.644323314697081,3.6386173324916573,39.20493128266593,31.494734591906358,35.02183011571612,63.74785574417225,51.2109505559453,56.9460652288067,3.5963259890471417,1.615724673834077,2.221219328232487,6.021277227376071,2.70518473961934,3.718955789554964,36.46401883525847,29.216919368878216,32.50852023813428,61.05118582131847,48.91747071475038,54.42855102727626,0.728643216080402,-0.001356783919598037,-0.001356783919598037,0.5829145728643217,-0.002085427135678275,-0.002085427135678275,0.5025125628140703,-0.0024874371859296973,-0.0024874371859296973,0.43493150684931503,0.1152733871911954,0.18208412643929228,0.4226804123711341,0.42211055276381915,0.11634614173625024,0.1783709868205804,0.41414141414141414,0.43493150684931503,0.1152733871911954,0.18208412643929228,0.4226804123711341,28.0,1.0,1.0,38.0,-1.0,-1.0,50.0,2.0,2.0,0.0004902875173654128,0.00019587194811934442,2.5799962092133295e-06,-0.000335773069539691,0.00013076050589333477,-1.577387457896151e-05
349,1,3.672798729994718,1.731259910952897,2.361444880679308,5.932982563837621,2.7966506253854493,3.814641730328112,39.36191521802256,32.392447745620586,35.65072050699831,63.58463227526721,52.32626174292556,57.58962543438189,3.635431450216015,1.6245368585690318,2.2665104296238208,5.770526111453992,2.578629934236558,3.597635602577493,37.91820918797087,30.44821223197838,33.987102364926095,60.18763363169979,48.3304956063149,53.94778153162873,3.672798729994718,1.731259910952897,2.361444880679308,5.932982563837621,2.7966506253854493,3.814641730328112,39.36191521802256,32.392447745620586,35.65072050699831,63.58463227526721,52.32626174292556,57.58962543438189,0.7035175879396984,-0.001482412060301641,-0.001482412060301641,0.5879396984924623,-0.002060301507537776,-0.002060301507537776,0.507537688442211,-0.0024623115577889765,-0.0024623115577889765,0.44852941176470584,0.13476794387479762,0.21625557313389898,0.4538745387453874,0.44723618090452266,0.1389655042127933,0.211843860370299,0.4545454545454546,0.44852941176470584,0.13476794387479762,0.21625557313389898,0.4538745387453874,22.0,13.0,13.0,38.0,22.0,22.0,45.0,23.0,23.0,-5.2980599520432035e-05,-0.0001377077877273131,-6.514844888315198e-05,-0.00019717463232815646,0.00020823100688893703,5.431726479621091e-05
349,0,3.6919384732113016,1.7171596945293053,2.3462563824132117,5.696700762428192,2.6495958727414552,3.620298826626838,40.12254810683121,32.91752253458,36.2817426814535,61.909523154089015,50.792091222712145,55.98311908374814,4.0051539255746045,1.868254915891526,2.5466350606611483,5.889932243492065,2.747433699840479,3.7450515597958054,54.88027122624499,46.407149447459076,50.580684684846105,80.70628121506616,68.24580801096923,74.38335983065602,3.6919384732113016,1.7171596945293053,2.3462563824132117,5.696700762428192,2.6495958727414552,3.620298826626838,40.12254810683121,32.91752253458,36.2817426814535,61.909523154089015,50.792091222712145,55.98311908374814,0.7738693467336684,-0.0011306532663316604,-0.0011306532663316604,0.6633165829145728,-0.0016834170854271857,-0.0016834170854271857,0.5628140703517588,-0.0021859296482411583,-0.0021859296482411583,0.44405594405594406,0.12119381491109238,0.19289315335826962,0.43157894736842106,0.4522613065326633,0.11642170753516956,0.19516614793500053,0.45959595959595956,0.44405594405594406,0.12119381491109238,0.19289315335826962,0.43157894736842106,25.0,0.0,0.0,34.0,0.0,0.0,45.0,0.0,0.0,0.0009097384558582599,0.0004339554989501033,9.467893966251761e-06,-0.00029419353837489837,0.00015400165618917327,5.253467235455389e-06
430,1,3.2513010909502533,1.4697465738131554,1.9907292507283225,5.4292061279504225,2.4542658098602446,3.3242320981061457,25.823917333963067,19.884835683415854,22.296479292273464,43.12223516532588,33.20482130867049,37.23191996652363,3.686678627627579,1.6755782218891118,2.3246916076094744,5.4617461150038205,2.4823381065023877,3.4439875668288504,39.912063742262546,32.44052919740988,36.00812092971551,59.128983321870436,48.060043255422045,53.34536434031927,3.285343503074901,1.5015527644405462,2.0590987736689876,5.385809021434264,2.4615619089189282,3.3755717601130946,26.718160509061654,20.76578289563526,23.3097545224259,43.80026312960927,34.04226704202502,38.21271233184574,0.7688442211055276,-0.0011557788944723812,-0.0011557788944723812,0.6381909547738693,-0.0018090452261306789,-0.0018090452261306789,0.5477386934673367,-0.002261306532663321,-0.002261306532663321,0.4367816091954023,0.12257787892280547,0.18164964438601816,0.4034582132564841,0.4623115577889447,0.1314844901197718,0.20354695010947899,0.4545454545454546,0.4481605351170569,0.13430410773809198,0.20233183656310805,0.412751677852349,24.0,9.0,9.0,38.0,11.0,11.0,47.0,12.0,12.0,0.000894920079351709,0.00027080284522546714,0.0005884447487800511,0.0003135376721550287,-8.615689689239758e-05,0.0001481019214590873
430,0,2.9257973453981414,1.2796286759766013,1.7693573534539973,5.8726435925617375,2.5684633136508763,3.551443896501189,18.649089889307305,13.462021555048025,15.470492611257141,37.43234589292617,27.020892186031645,31.052283730508936,3.1557538880774723,1.277772275221843,1.8254056465691666,5.898605398275649,2.3883593929380242,3.4119731711573205,23.470724722884274,16.93043403051621,19.688364389768996,43.87051350071827,31.645671085077026,36.800681102371954,2.9257973453981414,1.2796286759766013,1.7693573534539973,5.8726435925617375,2.5684633136508763,3.551443896501189,18.649089889307305,13.462021555048025,15.470492611257141,37.43234589292617,27.020892186031645,31.052283730508936,0.6884422110552764,-0.0015577889447235815,-0.0015577889447235815,0.5477386934673367,-0.002261306532663321,-0.002261306532663321,0.44723618090452266,-0.0027638190954772934,-0.0027638190954772934,0.4316546762589928,0.13003887733619202,0.18883170975181574,0.38267148014440433,0.4170854271356784,0.10380221911562826,0.15832081945621268,0.38888888888888884,0.4316546762589928,0.13003887733619202,0.18883170975181574,0.38267148014440433,24.0,13.0,13.0,37.0,19.0,19.0,45.0,19.0,19.0,0.0006108620766210897,0.00029606034754388013,1.9199832513078264e-05,-0.00023875416349117273,0.00018498985658865763,3.328992298534672e-05
416,1,3.941141588527828,1.8536919945885595,2.5188412258287878,6.742675970734356,3.1713766654406683,4.309342820092624,51.47733370362889,43.41301208384631,47.33068543130206,88.06965525199159,74.27286404706237,80.975389533071,4.027223474416301,1.8455589770838357,2.5447758080188243,6.602005695764428,3.025506519809567,4.1717636197029915,56.10491804745671,47.243874874190986,51.7012067310415,91.97527548763395,77.44897520359179,84.75607660826476,3.941141588527828,1.8536919945885595,2.5188412258287878,6.742675970734356,3.1713766654406683,4.309342820092624,51.47733370362889,43.41301208384631,47.33068543130206,88.06965525199159,74.27286404706237,80.975389533071,0.7537688442211055,-0.0012311557788945438,-0.0012311557788945438,0.6180904522613065,-0.0019095477386934512,-0.0019095477386934512,0.5125628140703518,-0.0024371859296482556,-0.0024371859296482556,0.431095406360424,0.12774443634278732,0.19137742751201037,0.4148936170212766,0.4371859296482412,0.1364340499489931,0.19010746554139646,0.4242424242424242,0.431095406360424,0.12774443634278732,0.19137742751201037,0.4148936170212766,23.0,1.0,1.0,35.0,4.0,4.0,42.0,0.0,0.0,0.0002537464280987171,0.0001823529908950921,0.00010037099311410373,-0.0002734037727947225,0.00016562223134020115,1.5767138139999304e-05
416,0,3.9128591559315455,1.847860177725456,2.524569512810901,6.236860351575736,2.9453771317684536,4.024010799207678,50.04182500873421,42.156535168224565,46.03383591313234,79.763636226043,67.19496211662461,73.37514451608368,4.039628306824957,1.8675064184108945,2.5719781014802487,6.029295980335756,2.7873230125535735,3.8387732857914156,56.80522476664416,48.028336893822505,52.466197437242954,84.78391756215545,71.68408491615298,78.30775736901933,3.9128591559315455,1.847860177725456,2.524569512810901,6.236860351575736,2.9453771317684536,4.024010799207678,50.04182500873421,42.156535168224565,46.03383591313234,79.763636226043,67.19496211662461,73.37514451608368,0.8040201005025126,-0.0009798994974873354,-0.0009798994974873354,0.6733668341708543,-0.001633165829145744,-0.001633165829145744,0.5728643216080402,-0.0021356783919597166,-0.0021356783919597166,0.4541984732824428,0.12276990185387138,0.19404618901848336,0.421455938697318,0.457286432160804,0.11142177050666868,0.17848843549970217,0.4292929292929293,0.4541984732824428,0.12276990185387138,0.19404618901848336,0.421455938697318,26.0,2.0,2.0,39.0,2.0,2.0,49.0,2.0,2.0,0.0003890512837564651,0.00048380925290773986,0.00019326969559666104,-0.00012787541372372146,-0.00017828449388890277,8.936283448512938e-05
16,1,3.3347129166605645,1.5363755156637038,1.9936595875218692,5.617939778518248,2.5883083011631767,3.3586877735728784,28.070323544734357,22.03072586147203,24.247255210199082,47.289644169957874,37.11482645130873,40.84897949826331,2.9510169646248747,1.3320832373556901,1.8439710954264878,5.044473443803205,2.2770653630011797,3.1520873426093807,19.12539369049929,14.077688474842986,16.09998596043381,32.69298066752015,24.064424743321347,27.52134352210907,3.1531180003813675,1.4513719684657633,1.9942067732622526,5.314243820867473,2.446132531122073,3.361022651565594,23.408939992946145,17.925426565497087,20.22247793964329,39.45326965103283,30.211393087916434,34.08282798816285,0.5829145728643217,-0.002085427135678275,-0.002085427135678275,0.4974874371859297,-0.002512562814070307,-0.002512562814070307,0.42713567839195976,-0.002864321608040288,-0.002864321608040288,0.43163538873994634,0.1398013860625702,0.192143697635352,0.467741935483871,0.42713567839195976,0.1489401896701552,0.2234628904119932,0.43434343434343436,0.4247491638795987,0.13259557456407278,0.21117852984177887,0.459731543624161,23.0,1.0,1.0,33.0,1.0,1.0,42.0,2.0,2.0,-0.0002945975955273531,-0.0005716670033727582,-3.95413524504788e-05,-0.009136243574875635,-0.00717565258038011,-0.00829004149539525
16,0,3.4111347083930856,1.57316370434023,2.1537686795749877,6.436830466685257,2.9685687980205464,4.064173666542631,30.299605977658157,24.015830415133912,26.783458130282753,57.1755276640555,45.3180076760154,50.540536810816036,3.9199800922643,1.8083407246563992,2.492616987730629,6.3739513695354475,2.9403914222055274,4.053035752407526,50.39944142931892,42.13766715536678,46.23174651540835,81.95031126718524,68.51653195994598,75.17357156976968,3.5443503362279274,1.65222060413418,2.255576837602602,6.483567688221819,3.022354763660086,4.1260551907364675,34.61718850210026,27.983707316544173,30.988854832758122,63.32412530872,51.18970850587349,56.68692957211852,0.7688442211055276,-0.0011557788944723812,-0.0011557788944723812,0.6231155778894473,-0.0018844221105527303,-0.0018844221105527303,0.5226130653266332,-0.002386934673366814,-0.002386934673366814,0.4084084084084084,0.09956283119701415,0.1706461706461706,0.34337349397590367,0.4120603015075377,0.09376456215916673,0.16164293923708695,0.398989898989899,0.4180602006688964,0.10754267145353746,0.17668089032406875,0.3557046979865772,26.0,8.0,8.0,38.0,7.0,7.0,45.0,4.0,4.0,0.0007838730629033001,0.0005911378315246744,0.0008421354339828537,0.0003727715704986423,-2.805402114880451e-05,0.00018514738865160751
223,1,2.7428403069628753,1.1808107256000784,1.560397366970584,5.844119972222035,2.515931943750167,3.3247102989430055,15.531035416544526,10.762545948595022,12.268701253871413,33.0916947795693,22.931560970017802,26.140698694328293,2.4269640170150066,1.0207587249801404,1.4489336568122493,4.667238494259628,1.9629975480387318,2.7864108784850945,11.324449002844233,7.244007100150147,8.665235615004935,21.777786543931217,13.93078288490413,16.66391464424026,2.8166519467248565,1.2809896797595541,1.763224961376697,5.6711113021305835,2.5791738518648737,3.5501173718993897,16.720774807173775,12.076374462584416,13.853313760959672,33.665989544645186,24.314847911243792,27.892578042200682,0.5628140703517588,-0.0021859296482411583,-0.0021859296482411583,0.44221105527638194,-0.0027889447236180143,-0.0027889447236180143,0.33668341708542715,-0.0033165829145728187,-0.0033165829145728187,0.4064171122994652,0.10868680522336371,0.15910528434247595,0.386058981233244,0.4170854271356784,0.13888993841387387,0.19504869925587875,0.31313131313131315,0.4147157190635451,0.11588433342080717,0.18445987924152063,0.3926174496644296,25.0,12.0,12.0,38.0,14.0,14.0,44.0,14.0,14.0,0.000310700226787861,-0.0003044114511112374,2.096596230450143e-06,-0.05406188582720084,-0.046367121381763354,-0.05098362492805997
223,0,2.861343300261465,1.3074140796230929,1.7927160254429153,6.072635061705987,2.7747277229410963,3.804685089968777,17.484998771611057,12.754979765796541,14.573618540910331,37.10845063039756,27.069921085683305,30.929622083226956,3.460757025522203,1.5364912491604652,2.1449891424618306,6.292285500949459,2.793620453019027,3.8999802590215094,31.841071897187668,24.990954596183247,28.113459640330365,57.89285799488666,45.43809926578771,51.11538116423702,2.861343300261465,1.3074140796230929,1.7927160254429153,6.072635061705987,2.7747277229410963,3.804685089968777,17.484998771611057,12.754979765796541,14.573618540910331,37.10845063039756,27.069921085683305,30.929622083226956,0.6884422110552764,-0.0015577889447235815,-0.0015577889447235815,0.5678391959798995,-0.0021608040201005485,-0.0021608040201005485,0.4371859296482412,-0.002814070351758735,-0.002814070351758735,0.37414965986394555,0.10589838651929362,0.16713608520331202,0.29692832764505117,0.37688442211055273,0.07362627674714417,0.14316155065813208,0.3484848484848485,0.37414965986394555,0.10589838651929362,0.16713608520331202,0.29692832764505117,25.0,12.0,12.0,38.0,16.0,16.0,42.0,11.0,11.0,0.0025507376327707078,0.0005984135603805596,0.0003169256582852737,-0.04070920441120229,-0.030817087740946825,-0.03619934167734318
104,1,3.9197407207269777,1.8323394696908095,2.5070084176603595,5.902138326611886,2.7590398911436327,3.774920720844909,50.38737868134066,42.32344690485356,46.28021658268717,75.87065065811065,63.72840855788295,69.6863031302531,4.0688944390071695,1.8470967384932964,2.563474208342297,5.651242276398847,2.5654121367962452,3.560380844919857,58.492260071074014,49.268362295052974,53.986213259552244,81.23925009871391,68.42828096535135,74.98085174937812,3.9197407207269777,1.8323394696908095,2.5070084176603595,5.902138326611886,2.7590398911436327,3.774920720844909,50.38737868134066,42.32344690485356,46.28021658268717,75.87065065811065,63.72840855788295,69.6863031302531,0.7889447236180904,-0.001055276381909609,-0.001055276381909609,0.6733668341708543,-0.001633165829145744,-0.001633165829145744,0.5879396984924623,-0.002060301507537776,-0.002060301507537776,0.45210727969348663,0.12132334087895513,0.20115186568074772,0.44999999999999996,0.44221105527638194,0.09634639362224662,0.1834464475969162,0.45959595959595956,0.45210727969348663,0.12132334087895513,0.20115186568074772,0.44999999999999996,26.0,7.0,7.0,39.0,8.0,8.0,50.0,8.0,8.0,0.0005061768570076201,-2.5867316750954796e-05,-0.0001348872583537501,-0.00012094549186336678,-0.00017278787436758591,9.286739145242251e-05
104,0,2.797694595758017,1.295038479043589,1.6379365505810608,5.774920395521896,2.6731810316086912,3.3809813290068953,16.406778879843586,11.913170097191124,13.21761733010352,33.86639918513168,24.590821697945312,27.28342400759336,3.539669020092068,1.5942090752307922,2.2117733371712713,5.205395617782452,2.344425110633517,3.2526078487812806,34.45551322079448,27.458663940865833,30.68241798175805,50.66987238352129,40.3803881483321,45.121202914350064,3.084937454466038,1.4385690040321766,1.9483861212497116,5.71284713790007,2.6640166741336597,3.6081224467587245,21.866099172456487,16.677994456913204,18.750095417026643,40.49277624528979,30.885174920209636,34.72239892041971,0.7386934673366834,-0.0013065326633165952,-0.0013065326633165952,0.6130653266331658,-0.001934673366834172,-0.001934673366834172,0.4974874371859297,-0.002512562814070307,-0.002512562814070307,0.38961038961038963,0.11723684875435847,0.1608713866778383,0.33854166666666663,0.44723618090452266,0.11139658190702895,0.18513267506145092,0.4191919191919192,0.42140468227424754,0.12257329663150962,0.1955982306613443,0.36241610738255037,26.0,16.0,16.0,36.0,11.0,11.0,48.0,16.0,16.0,0.00036065983576707826,0.0012358311016303796,0.00015675476987389524,-0.03370442700438314,-0.051125846251074414,-0.04070208079511861
56,1,3.1515718828837076,1.373431966420549,1.7966421477661803,5.616071222579498,2.4474427458489405,3.201599277535942,23.372774986100634,17.453938343780045,19.496286420050588,41.650063482340464,31.102752688442166,34.74219760160673,3.6904283312696906,1.6411718923714274,2.2913831695782383,5.677582048107216,2.5248798344175802,3.5252048762742128,40.06200309142056,32.29987574738004,36.010673336845535,61.63385090987778,49.69211653443083,55.40103590283928,3.205394869265349,1.4790283869509862,2.024179539119171,5.312809175577926,2.4514282656646174,3.3549937112472437,24.665237638051774,19.045041955187862,21.406905891712572,40.881609344837194,31.566367881526844,35.481059489026364,0.7437185929648241,-0.0012814070351758744,-0.0012814070351758744,0.6030150753768844,-0.0019849246231156137,-0.0019849246231156137,0.5025125628140703,-0.0024874371859296973,-0.0024874371859296973,0.4053333333333333,0.12037993786063028,0.15117888563049853,0.3743315508021391,0.4170854271356784,0.10380221911562826,0.15665137037440968,0.4242424242424242,0.4180602006688964,0.12757606043517355,0.18113027853319008,0.3825503355704698,24.0,9.0,9.0,34.0,6.0,6.0,43.0,8.0,8.0,0.0006252786602104936,0.0007462175037499745,0.000144482274611135,-0.012344535924547095,-0.015482480967698997,-0.013525796173666116
56,0,4.059970804269878,1.8924347958378336,2.5849622542507786,6.7295406481733595,3.136775483512025,4.284663462525263,57.97261850132717,49.23588823355019,53.6015453557983,96.09160052959709,81.61017090766538,88.84639709659717,3.9349201096961246,1.7794008823599006,2.4631381157489605,6.346645338219556,2.87000142316113,3.9728034124983234,51.15806276021627,42.52569158158457,46.8010703988503,82.51300445196172,68.58982513158801,75.48559741750049,4.059970804269878,1.8924347958378336,2.5849622542507786,6.7295406481733595,3.136775483512025,4.284663462525263,57.97261850132717,49.23588823355019,53.6015453557983,96.09160052959709,81.61017090766538,88.84639709659717,0.8040201005025126,-0.0009798994974873354,-0.0009798994974873354,0.6482412060301508,-0.0017587939698492372,-0.0017587939698492372,0.5276381909547738,-0.002361809045226204,-0.002361809045226204,0.44398340248962653,0.11065006915629316,0.18605236800686786,0.4541666666666667,0.4623115577889447,0.13399075578393216,0.20354695010947899,0.43939393939393945,0.44398340248962653,0.11065006915629316,0.18605236800686786,0.4541666666666667,22.0,0.0,0.0,33.0,0.0,0.0,44.0,0.0,0.0,-6.470671553057826e-05,-0.00014982117374448046,1.913453961183456e-05,1.765294534639139e-05,-6.285548396256502e-05,-8.431204445269458e-05
409,1,3.3357465018087358,1.5028830954906538,2.0787904739649194,6.188384889562414,2.788107259910248,3.85651474135561,28.099351613160543,21.847589223664833,24.584645094335038,52.12914195820819,40.53104483562649,45.60875538190432,3.105156932044868,1.2965283576950415,1.8386006438001397,5.495852977070563,2.294740456097419,3.254160431504672,22.3127202813554,16.210647129803192,18.764109178700544,39.49154032098301,28.69141084920919,33.21081270566468,3.3357465018087358,1.5028830954906538,2.0787904739649194,6.188384889562414,2.788107259910248,3.85651474135561,28.099351613160543,21.847589223664833,24.584645094335038,52.12914195820819,40.53104483562649,45.60875538190432,0.6281407035175879,-0.0018592964824121205,-0.0018592964824121205,0.5125628140703518,-0.0024371859296482556,-0.0024371859296482556,0.44221105527638194,-0.0027889447236180143,-0.0027889447236180143,0.4477611940298507,0.1479474137691431,0.21823265804970182,0.43071161048689144,0.4371859296482412,0.13894031561315345,0.19511581278680545,0.3939393939393939,0.4477611940298507,0.1479474137691431,0.21823265804970182,0.43071161048689144,26.0,11.0,11.0,37.0,12.0,12.0,45.0,12.0,12.0,-0.0006138321848702351,-8.225677097585189e-05,0.0002138734223161103,-0.00016945494488584956,0.00022372510708557058,6.833549267337702e-05
409,0,3.8699375042299025,1.807225260286761,2.4683275846354786,6.377829965071627,2.978387998796617,4.0679141757959005,47.93938997810366,40.07211109905574,43.877656207334795,79.0062572264837,66.04063002358349,72.31233844225567,4.129023940119911,1.923937487798311,2.641935236368944,6.30385334369452,2.9373091416768107,4.033488910486938,62.117263167355404,53.04622742129693,57.693066562502075,94.83551628603878,80.98660675007166,88.08101765267492,3.8699375042299025,1.807225260286761,2.4683275846354786,6.377829965071627,2.978387998796617,4.0679141757959005,47.93938997810366,40.07211109905574,43.877656207334795,79.0062572264837,66.04063002358349,72.31233844225567,0.7537688442211055,-0.0012311557788945438,-0.0012311557788945438,0.6381909547738693,-0.0018090452261306789,-0.0018090452261306789,0.5577889447236181,-0.00221105527638199,-0.00221105527638199,0.44557823129251706,0.12978875760830655,0.20236556160925911,0.4368600682593856,0.4522613065326633,0.12644677019181116,0.20351339334401553,0.46464646464646464,0.44557823129251706,0.12978875760830655,0.20236556160925911,0.4368600682593856,28.0,5.0,5.0,39.0,5.0,5.0,49.0,5.0,5.0,0.0004417058527791666,-7.746380239231004e-05,0.0001106456177085296,-0.0003496329132595122,0.00012301345579235345,-2.278298851532412e-05
174,1,2.8607806485449045,1.2498786050879407,1.7436810918012962,5.174915313291419,2.2609269034711788,3.1541747138316434,17.47516357419297,12.46783755726304,14.419185927408611,31.611123917648424,22.553285772373904,26.083113397350605,3.135372375723106,1.3439681281404001,1.8876385214308746,4.823649808804778,2.067643274062154,2.9040592637398075,22.997197845971968,16.99932879734163,19.51475555880568,35.38030437841841,26.152813534371735,30.02270085970104,2.8607806485449045,1.2498786050879407,1.7436810918012962,5.174915313291419,2.2609269034711788,3.1541747138316434,17.47516357419297,12.46783755726304,14.419185927408611,31.611123917648424,22.553285772373904,26.083113397350605,0.7236180904522613,-0.0013819095477386467,-0.0013819095477386467,0.5376884422110553,-0.0023115577889447625,-0.0023115577889447625,0.4321608040201005,-0.002839195979899567,-0.002839195979899567,0.4028268551236749,0.10123955353637326,0.15370817122238234,0.3794326241134752,0.4170854271356784,0.12134607876475112,0.17167641211063667,0.40909090909090906,0.4028268551236749,0.10123955353637326,0.15370817122238234,0.3794326241134752,20.0,0.0,0.0,31.0,0.0,0.0,41.0,0.0,0.0,0.0006755922937786978,0.0004900005500144388,1.018551112058881e-05,-0.0002734037727947225,0.00016562223134020115,1.5767138139999304e-05
174,0,3.531816244736696,1.5958036149212291,2.029421969504901,7.268106061537096,3.2839958601800037,4.176336789875876,34.186001408552784,27.254942308498173,29.69356908505672,70.35119237233758,56.087802329593615,61.10623953819568,3.743206593259495,1.6997264022438356,2.3480203122940884,6.238677655432492,2.8328773370730596,3.913367187156814,42.23319795884523,34.51577734356315,38.197471677241886,70.38866326474205,57.52629557260525,63.662452795403134,3.7700948133117778,1.7448679601831123,2.384662593567784,6.732312166628174,3.1158356431841288,4.258326059942471,43.38417803845394,35.80634823438924,39.387625117809144,77.47174649723917,63.93990756140934,70.3350448532306,0.7537688442211055,-0.0012311557788945438,-0.0012311557788945438,0.6030150753768844,-0.0019849246231156137,-0.0019849246231156137,0.5175879396984925,-0.002412060301507535,-0.002412060301507535,0.44358974358974357,0.13757181785350803,0.17379502218211895,0.40616966580976865,0.4371859296482412,0.11889019029987025,0.18676856737779046,0.398989898989899,0.4481605351170569,0.13764300590169798,0.20233183656310805,0.4261744966442953,22.0,0.0,0.0,36.0,0.0,0.0,43.0,0.0,0.0,0.00013036392177867784,0.00035594235940853574,3.92178982462377e-05,-0.0016884850658369643,-0.003001211581577401,-0.0021566020753418513
277,1,3.1468654101764835,1.4473951016378503,1.9623892904278215,6.029800173047843,2.7733957753963976,3.7601910919810524,23.263030116731443,17.79198146041214,19.994056294757087,44.57496738496283,34.091732217692936,38.31119173898617,3.2985492112049504,1.4205897769538105,1.9799400378155219,5.890266448580268,2.53676745884609,3.53560721038486,27.073332727294293,20.5331870878382,23.33511418114283,48.34523701302552,36.66640551399678,41.66984675204077,3.1468654101764835,1.4473951016378503,1.9623892904278215,6.029800173047843,2.7733957753963976,3.7601910919810524,23.263030116731443,17.79198146041214,19.994056294757087,44.57496738496283,34.091732217692936,38.31119173898617,0.7487437185929648,-0.0012562814070351536,-0.0012562814070351536,0.5728643216080402,-0.0021356783919597166,-0.0021356783919597166,0.40201005025125625,-0.002989949748743781,-0.002989949748743781,0.3783783783783784,0.06303267854701244,0.1311873671424233,0.3593220338983051,0.37688442211055273,0.05608241709802142,0.11144201810387488,0.36363636363636365,0.3783783783783784,0.06303267854701244,0.1311873671424233,0.3593220338983051,22.0,8.0,8.0,33.0,7.0,7.0,42.0,11.0,11.0,0.00014864172265170156,5.306571209057364e-05,7.497838565567567e-05,-0.00036349275698022154,0.0001152664056931485,-2.979210245257491e-05
277,0,3.6432337404485557,1.6883687543436063,2.3117919695841005,5.760505704793005,2.6695673497998387,3.6552941089759083,38.21521521807399,31.15224985721418,34.42871650058891,60.42405756993898,49.2564369470088,54.43702818417723,3.879370790031088,1.7210191063546958,2.406141095784041,5.833640285761034,2.587998656172475,3.6182572868932947,48.3937556561743,39.73689900241756,44.030451107685046,72.7725648965027,59.75473534198129,66.21120467321059,3.667417680140722,1.6940428576387767,2.3167664245691846,5.790659494959034,2.6748045120612263,3.658052249319765,39.15067564493809,31.955758515300836,35.29073712616253,61.8168562814812,50.45646081363291,55.722216514993484,0.7537688442211055,-0.0012311557788945438,-0.0012311557788945438,0.592964824120603,-0.0020351758793969443,-0.0020351758793969443,0.49246231155778897,-0.002537688442211028,-0.002537688442211028,0.41860465116279066,0.12838906243973924,0.18545547989207245,0.42666666666666664,0.4321608040201005,0.12639639299253158,0.18007399266784674,0.46464646464646464,0.42140468227424754,0.13092054204052472,0.18669945424310186,0.4295302013422819,23.0,9.0,9.0,30.0,4.0,4.0,43.0,11.0,11.0,0.00115919717408905,0.0001729325879856368,0.000302101136840345,-0.015535966866118578,-0.011901008479297204,-0.014422497119045197
350,1,3.2104453737383447,1.4695408378509685,2.019022911956162,5.20805582850887,2.3839218036249044,3.275303834951107,24.790124636779296,19.087625431074933,21.498364354890384,40.21509107744197,30.96437014374378,34.875124397933284,3.320268675310528,1.465491218188012,2.0359526279063616,5.147703372574462,2.2720794080434294,3.156515702180405,27.667783210232663,21.277507228268718,24.0555866692855,42.895787922841336,32.98838329964142,37.295483208194575,3.2104453737383447,1.4695408378509685,2.019022911956162,5.20805582850887,2.3839218036249044,3.275303834951107,24.790124636779296,19.087625431074933,21.498364354890384,40.21509107744197,30.96437014374378,34.875124397933284,0.7035175879396984,-0.001482412060301641,-0.001482412060301641,0.5879396984924623,-0.002060301507537776,-0.002060301507537776,0.4522613065326633,-0.0027386934673366836,-0.0027386934673366836,0.42611683848797255,0.12251478016893314,0.18497398134511545,0.403448275862069,0.40703517587939697,0.088739436531026,0.16162616085435522,0.398989898989899,0.42611683848797255,0.12251478016893314,0.18497398134511545,0.403448275862069,20.0,8.0,8.0,31.0,11.0,11.0,40.0,12.0,12.0,0.0004583367201775571,0.0003082192913770329,2.3438611455598344e-05,-0.00032884314767755995,0.00013463403094249315,-1.2269317609892028e-05
350,0,3.1222554803385165,1.4227901930437958,1.9651581265206903,6.143793041956435,2.799683928247469,3.8669240554116806,22.697515753766908,17.226494568848395,19.51682830012876,44.66285357999295,33.89729576450813,38.404081493801755,3.213344926211103,1.3950348608340757,1.9641183883219504,5.842445320383823,2.536427019698319,3.5711243424035457,24.86210921506723,18.70067199438805,21.374464861868237,45.20383493648587,34.00122180797827,38.86266338521497,3.1222554803385165,1.4227901930437958,1.9651581265206903,6.143793041956435,2.799683928247469,3.8669240554116806,22.697515753766908,17.226494568848395,19.51682830012876,44.66285357999295,33.89729576450813,38.404081493801755,0.6683417085427136,-0.0016582914572863539,-0.0016582914572863539,0.5276381909547738,-0.002361809045226204,-0.002361809045226204,0.4321608040201005,-0.002839195979899567,-0.002839195979899567,0.41975308641975306,0.1363855299515806,0.18856293594095686,0.3429752066115702,0.4120603015075377,0.1213334844649312,0.17499853189151093,0.3282828282828283,0.41975308641975306,0.1363855299515806,0.18856293594095686,0.3429752066115702,26.0,5.0,5.0,40.0,9.0,9.0,42.0,2.0,2.0,0.0002522727825037249,0.00016924709154991538,0.0003359979729303461,-0.004671735939937527,-0.005318341891435985,-0.00567764051104902
169,1,3.176383710479083,1.460084123856959,2.0021433731974105,5.0580457998389745,2.3250252624461356,3.188195697537181,23.959950576125728,18.396048988166395,20.724266594649546,38.15361695002629,29.29370844311279,33.00114191430607,3.1698901683241876,1.3622427614186716,1.9119035314140913,4.766752132818327,2.0484853555168,2.8750429043820924,23.804869684114475,17.708780751840724,20.286539009662313,35.796796517465374,26.62974549148981,30.506073698740323,3.176383710479083,1.460084123856959,2.0021433731974105,5.0580457998389745,2.3250252624461356,3.188195697537181,23.959950576125728,18.396048988166395,20.724266594649546,38.15361695002629,29.29370844311279,33.00114191430607,0.6130653266331658,-0.001934673366834172,-0.001934673366834172,0.5276381909547738,-0.002361809045226204,-0.002361809045226204,0.44221105527638194,-0.0027889447236180143,-0.0027889447236180143,0.4212328767123288,0.1272157826952348,0.19116453958248825,0.3883161512027491,0.42713567839195976,0.13640886134935326,0.18840445969413,0.3737373737373737,0.4212328767123288,0.1272157826952348,0.19116453958248825,0.3883161512027491,27.0,8.0,8.0,38.0,8.0,8.0,46.0,8.0,8.0,0.00019298620132128118,0.00026406120768347004,0.00014349850193341748,-0.000335773069539691,0.00013076050589333477,-1.577387457896151e-05
169,0,3.3962960531787267,1.546487566797347,2.1367837891232884,6.318109569516308,2.8769217235274174,3.9750463135896466,29.85331990280777,23.494718255632897,26.32961747096484,55.53595540742916,43.70708616672884,48.98083250113312,3.633985694928385,1.6405399071161497,2.277620675158764,5.814377111885416,2.6248638513858396,3.6441930802540226,37.863428345927865,30.522643326287724,33.981371920559276,60.58148535348458,48.836229322060355,54.37019507289484,3.3962960531787267,1.546487566797347,2.1367837891232884,6.318109569516308,2.8769217235274174,3.9750463135896466,29.85331990280777,23.494718255632897,26.32961747096484,55.53595540742916,43.70708616672884,48.98083250113312,0.7487437185929648,-0.0012562814070351536,-0.0012562814070351536,0.6231155778894473,-0.0018844221105527303,-0.0018844221105527303,0.48743718592964824,-0.002562814070351749,-0.002562814070351749,0.4285714285714286,0.09985855728429993,0.18055032039200902,0.3784860557768924,0.40201005025125625,0.06867671691792288,0.1449148916535935,0.4040404040404041,0.4285714285714286,0.09985855728429993,0.18055032039200902,0.3784860557768924,26.0,6.0,6.0,33.0,4.0,4.0,43.0,5.0,5.0,0.00042561250978261376,0.0004216475279328088,0.00020628656231511913,-5.857619511928647e-05,-0.00012331829868550415,0.00012440840417138332
251,1,4.335150633999739,2.0442368486459483,2.779180293912476,7.773373550620223,3.6655281423996318,4.983357768394784,76.33645688957833,66.4524915109218,71.59677349024193,136.87916407786457,119.15619167475631,128.3804214307786,4.405115290502807,2.0369886041484784,2.7948730986452,6.937189433862688,3.2078560695251626,4.401374958496378,81.86858096895803,71.19120949730039,76.86455795424338,128.92689916371341,112.11214094063052,121.04654795943837,4.335150633999739,2.0442368486459483,2.779180293912476,7.773373550620223,3.6655281423996318,4.983357768394784,76.33645688957833,66.4524915109218,71.59677349024193,136.87916407786457,119.15619167475631,128.3804214307786,0.8391959798994975,-0.0008040201005025116,-0.0008040201005025116,0.7135678391959799,-0.0014321608040201994,-0.0014321608040201994,0.5879396984924623,-0.002060301507537776,-0.002060301507537776,0.4633204633204633,0.12420678316632072,0.20016256858362114,0.43410852713178294,0.46733668341708545,0.12397828742711048,0.1985553812468016,0.4494949494949495,0.4633204633204633,0.12420678316632072,0.20016256858362114,0.43410852713178294,29.0,1.0,1.0,41.0,0.0,0.0,48.0,1.0,1.0,0.0003939302222616849,0.0005094260684355335,0.00037168154904589843,-0.00010708564814265742,-0.00016179463533028127,9.987650539144965e-05
251,0,3.699337234420161,1.7070893013068018,2.3415848893772035,6.352654974969793,2.931484386382025,4.02106646520637,40.42050616038338,33.08850907019038,36.533060322453636,69.41176575127905,56.820956955016584,62.736082898558315,3.7539046469645285,1.7311783693048182,2.3830363338709133,5.958578804705601,2.7479021734997113,3.782597355350656,42.68743638002828,35.12853183939336,38.74866708402796,67.75783552385441,55.75957434824342,61.505820768298335,3.699337234420161,1.7070893013068018,2.3415848893772035,6.352654974969793,2.931484386382025,4.02106646520637,40.42050616038338,33.08850907019038,36.533060322453636,69.41176575127905,56.820956955016584,62.736082898558315,0.7939698492462312,-0.001030150753768888,-0.001030150753768888,0.6130653266331658,-0.001934673366834172,-0.001934673366834172,0.5527638190954773,-0.0022361809045226,-0.0022361809045226,0.45967741935483875,0.1337216849484001,0.21034766064170196,0.4331983805668016,0.46733668341708545,0.14653467840455414,0.2152498720648317,0.4494949494949495,0.45967741935483875,0.1337216849484001,0.21034766064170196,0.4331983805668016,24.0,4.0,4.0,39.0,5.0,5.0,47.0,4.0,4.0,0.00019973493954145627,-1.1931504033265669e-05,7.288353187935101e-05,-0.005695905604293117,-0.005339203154226979,-0.005694664089086032
168,1,3.6663173777716502,1.6403138126187362,2.161344034614185,6.008238169740325,2.688091358124096,3.541938241746594,39.10762175426782,31.523903872302153,34.60358818889313,64.08826120082655,51.66031824007224,56.70720178972794,3.927522836618088,1.6912946493367014,2.3814076716543386,5.65111199513394,2.433517481060002,3.4264858584954516,50.781028830566385,41.423060696024095,46.0878264257869,73.06622853318905,59.60152618132964,66.313419317679,3.9176455181976624,1.7601971691031122,2.4376307256588063,5.847232116712928,2.6271599538852417,3.638254814416128,50.28191743799397,41.63287729123054,45.8889067737749,75.04763796715517,62.13862282273215,68.49090563249985,0.7185929648241206,-0.0014070351758793676,-0.0014070351758793676,0.5979899497487438,-0.0020100502512562235,-0.0020100502512562235,0.5226130653266332,-0.002386934673366814,-0.002386934673366814,0.42048517520215634,0.11092932055881854,0.16242065907312409,0.4,0.4371859296482412,0.1314215186206723,0.18509911829598746,0.4494949494949495,0.4180602006688964,0.10587322237173447,0.17000680801038692,0.4261744966442953,23.0,8.0,8.0,34.0,7.0,7.0,44.0,10.0,10.0,5.861164227462213e-05,0.0006104327408393797,7.074580186972623e-05,-0.018037006853236726,-0.021301283604794996,-0.019379167349908855
168,0,3.1832422469552273,1.4672570117280188,1.92021680571091,5.8571657343976185,2.6997529015795547,3.5331989225080744,24.124845593984656,18.562692751376,20.588742000153093,44.38971589293177,34.15535466253184,37.8832852802817,3.4780755737918105,1.5385761743747843,2.1427086279598875,5.655407437059854,2.5017498770321693,3.484079069853476,32.397315803383314,25.44204751574941,28.595925208425598,52.67856228192409,41.36918295243807,46.49743936329365,3.0991610332476256,1.4108407670621261,1.934695716439097,5.9599250639377415,2.7131553212733195,3.720568685459802,22.179335748344254,16.768950686941704,18.975126560037488,42.652568746815874,32.24798209027251,36.49062800007209,0.7638190954773869,-0.001180904522613102,-0.001180904522613102,0.6180904522613065,-0.0019095477386934512,-0.0019095477386934512,0.44723618090452266,-0.0027638190954772934,-0.0027638190954772934,0.38692098092643057,0.06583254555228091,0.12201384505155277,0.3497267759562842,0.40703517587939697,0.0787143738743844,0.15327891544534022,0.3535353535353535,0.3712374581939799,0.050703234487802895,0.11650998322178863,0.31879194630872487,27.0,9.0,9.0,40.0,11.0,11.0,48.0,11.0,11.0,0.0008927050474593051,0.00016261400009041698,0.000423246620537041,-0.006766887641145303,-0.007147996873541729,-0.006874934503298569
32,1,3.300694250020405,1.4596426068021775,2.0195117301949637,5.874449885452983,2.597816306153876,3.5942500436207987,27.131468406210857,20.828304950363677,23.530573067183383,48.28755388962528,37.06942369142107,41.87881754218947,3.2619258968075315,1.4107072979804467,1.9764271818032713,5.722677011943039,2.4749250841762227,3.4674161084267925,26.099754203856264,19.732179888612755,22.483283107904334,45.78904246290573,34.61785945370659,39.444356329656735,3.300694250020405,1.4596426068021775,2.0195117301949637,5.874449885452983,2.597816306153876,3.5942500436207987,27.131468406210857,20.828304950363677,23.530573067183383,48.28755388962528,37.06942369142107,41.87881754218947,0.6733668341708543,-0.001633165829145744,-0.001633165829145744,0.5577889447236181,-0.00221105527638199,-0.00221105527638199,0.457286432160804,-0.0027135678391959628,-0.0027135678391959628,0.44966442953020136,0.1414567243375715,0.19743228667305845,0.4175084175084175,0.42211055276381915,0.11133361040792944,0.1750320886569744,0.36868686868686873,0.44966442953020136,0.1414567243375715,0.19743228667305845,0.4175084175084175,25.0,3.0,3.0,34.0,4.0,4.0,45.0,3.0,3.0,0.00041523463324062227,0.00031810695675519516,4.940753501968903e-05,-0.004156647188485074,-0.005130351978028358,-0.004846003455981851
32,0,3.9339256721027827,1.8154359353722582,2.4122722359566087,6.376911477609534,2.942829940900236,3.9103043094273797,51.107214546283046,42.788649773091755,46.527423215397356,82.8450281458013,69.36059666414418,75.4211654861464,3.8987998315437356,1.741395959417111,2.4151619411897127,6.091874736787086,2.7209311865892354,3.7736905331089257,49.34319340997252,40.69453793773565,44.93423757039138,77.09873970308206,63.58521552771195,70.20974620373653,3.9956763791400056,1.8322450620780737,2.510293495095337,6.243244342406259,2.86288290949699,3.9223335860864643,54.36259791870651,45.66165573249997,49.94594176245492,84.94155924797893,71.34633708203121,78.04053400383583,0.7688442211055276,-0.0011557788944723812,-0.0011557788944723812,0.6582914572864322,-0.0017085427135676845,-0.0017085427135676845,0.5376884422110553,-0.0023115577889447625,-0.0023115577889447625,0.4350282485875706,0.10639637270604729,0.175986215351989,0.42209631728045327,0.42713567839195976,0.08377728240198479,0.16336272346708502,0.4040404040404041,0.4247491638795987,0.09586769476440671,0.1677969948028467,0.412751677852349,25.0,6.0,6.0,39.0,6.0,6.0,46.0,5.0,5.0,0.0002964611913352284,-4.56375854221759e-05,0.00011054920547532431,0.0002898441128182938,-0.0001093980471917888,0.00013328373458332265
444,1,3.0327136282347515,1.3710018212769983,1.8677385677223914,5.546460218482808,2.507393705223173,3.4158641185083307,20.753473458017716,15.485151978640832,17.54763052789202,37.95555038846021,28.320438378049012,32.09245797079718,3.353731909588953,1.460140030583234,2.02160244964265,5.589553182648255,2.4335667176387235,3.369337416071084,28.609301996810373,21.966114592993897,24.82019844994514,47.68216999468396,36.61019098832316,41.36699741657524,2.897138851542138,1.2920424683757055,1.7792932674662443,5.398395375544357,2.4075325497683955,3.3154532934153624,18.122220758878015,13.14388135114557,15.063962418618246,33.76811321530065,24.49170438101659,28.06949518997189,0.7085427135678393,-0.0014572864321606982,-0.0014572864321606982,0.5829145728643217,-0.002085427135678275,-0.002085427135678275,0.4522613065326633,-0.0027386934673366836,-0.0027386934673366836,0.4164222873900293,0.10895523028900445,0.17693059628543495,0.3941176470588236,0.4321608040201005,0.11135879900756918,0.18341289083145274,0.398989898989899,0.4180602006688964,0.11255101869894646,0.1833549726377507,0.37248322147651003,23.0,6.0,6.0,38.0,12.0,12.0,44.0,7.0,7.0,0.0016108235637205949,-0.00011199346897738238,0.000505579612934254,-0.004323470035097365,-0.003546541887086363,-0.004014366727024488
444,0,3.6855876284780225,1.6805330306081006,2.307687806283714,6.215693730189962,2.8341962462147423,3.8918843003271277,39.86854345927534,32.442044102540386,35.90198107194971,67.23775977996705,54.713068972932966,60.548205915936805,3.5494416538794438,1.501074824014483,2.127139203796509,5.219767138058005,2.2074629764918865,3.128145887936042,34.79388503236196,27.038659876344738,30.64722810437928,51.16747798876759,39.76273511227167,45.06945309467541,3.660410935264766,1.6724461136864996,2.297457670331359,6.134766930611339,2.8029823134410607,3.850487715639149,38.87731564921853,31.576655163346153,34.96959884877456,65.15751226126011,52.92176843018908,58.60826622699647,0.6984924623115578,-0.0015075376884421399,-0.0015075376884421399,0.6030150753768844,-0.0019849246231156137,-0.0019849246231156137,0.5125628140703518,-0.0024371859296482556,-0.0024371859296482556,0.4598070739549839,0.13235924088917328,0.20740065684268438,0.46451612903225803,0.46733668341708545,0.13901588141207288,0.20523317757401371,0.46464646464646464,0.4581939799331104,0.1343208580633274,0.20457885201319936,0.459731543624161,22.0,1.0,1.0,34.0,0.0,0.0,44.0,0.0,0.0,-0.0006072688633801028,-0.00013646594562741424,-0.00010514039661950734,0.00045964795473452114,5.716352994689089e-05,-8.236045698506445e-05
309,1,4.174678443931043,1.9267151462618575,2.609266694023141,6.311131529942813,2.912739956407632,3.944597296258513,65.01892906799421,55.55049726037457,60.23428446065637,98.29332217926184,83.97928115244862,91.06006533169815,4.156811972958359,1.9181751954438555,2.639895559420313,6.158239959938308,2.841741030287193,3.9109563843263886,63.86758610354749,54.48705129232569,59.30943804492989,94.61864607932961,80.72155747011213,87.86583414063688,4.174678443931043,1.9267151462618575,2.609266694023141,6.311131529942813,2.912739956407632,3.944597296258513,65.01892906799421,55.55049726037457,60.23428446065637,98.29332217926184,83.97928115244862,91.06006533169815,0.8140703517587939,-0.0009296482412060048,-0.0009296482412060048,0.6582914572864322,-0.0017085427135676845,-0.0017085427135676845,0.5778894472361809,-0.002110552763819218,-0.002110552763819218,0.46484375,0.13151041666666663,0.19860998376623373,0.4509803921568627,0.44723618090452266,0.11390284757118929,0.18513267506145092,0.4292929292929293,0.46484375,0.13151041666666663,0.19860998376623373,0.4509803921568627,21.0,0.0,0.0,30.0,0.0,0.0,40.0,0.0,0.0,0.00022284215233573068,9.039004756075805e-06,0.0002974701312070278,-8.629588256159337e-05,-0.00014530477676810705,0.00011039017629776993
309,0,4.1797299392406755,1.950322937490415,2.6561437418190343,6.488533143773621,3.0276441791517876,4.12334695158574,65.34820284550028,56.053849935513156,60.759551311710155,101.44530536968139,87.01692894751089,94.32197013151196,4.04111945689024,1.7901345607944674,2.497551598216546,5.691717544915832,2.5213162828091096,3.5176783073472486,56.88999306668439,47.392908193183544,52.20873047227785,80.12675079814703,66.75057491997683,73.53342320039134,4.041756820519233,1.8815874049577292,2.5698077030517794,6.186362480386582,2.879980721874076,3.933379137324153,56.9262642368532,48.25365742828953,52.56854365873655,87.13203709722428,73.85763892085131,80.46205662051513,0.778894472361809,-0.0011055276381910506,-0.0011055276381910506,0.6733668341708543,-0.001633165829145744,-0.001633165829145744,0.5879396984924623,-0.002060301507537776,-0.002060301507537776,0.44307692307692303,0.10052699988183855,0.18616801826627816,0.47530864197530864,0.4522613065326633,0.09637158222188635,0.18514945344418243,0.46464646464646464,0.45150501672240806,0.11093740403459507,0.19788988880249703,0.459731543624161,24.0,1.0,1.0,33.0,2.0,2.0,43.0,-2.0,-2.0,7.625353060198387e-07,-0.00015677811922229542,-0.00024025006858058534,0.00040436298294821427,2.9341792515680254e-06,-0.0001314242545484845
75,1,3.506332490617866,1.6564677815361373,2.2450882933689784,6.212975114954465,2.9351446655289455,3.978138905794155,33.325820623335545,26.96686146835569,29.796010086398912,59.05101549047176,47.78338611059518,52.796438925022635,3.8035456595109336,1.7121325033791797,2.3830597008798033,6.235320753296612,2.806774595703573,3.9066552473439398,44.859960990607526,36.76361250223002,40.720829592388554,73.54091965673365,60.268217216770516,66.75545834817795,3.5227866172790527,1.663355960670815,2.2541734778443487,6.180327398735181,2.918168352054062,3.9546903120076298,33.878704029924556,27.45862352964098,30.322786450708858,59.43632285951677,48.17302373621226,53.1978709661559,0.7336683417085428,-0.001331658291457205,-0.001331658291457205,0.5577889447236181,-0.00221105527638199,-0.00221105527638199,0.49246231155778897,-0.002537688442211028,-0.002537688442211028,0.4304635761589404,0.1412073778118329,0.20138868629109896,0.415282392026578,0.44723618090452266,0.16653442651855777,0.215182758533905,0.4545454545454546,0.43143812709030105,0.14262343593838123,0.20118228726827658,0.4161073825503355,28.0,5.0,5.0,39.0,6.0,6.0,47.0,5.0,5.0,0.0009222469157271436,1.6435729453878643e-05,0.00024584016823873554,0.0004951882937413998,9.202525539642181e-05,-5.081944426521545e-05
75,0,3.48024879812811,1.5550098996885646,2.1438550669649628,6.066131983329443,2.710408316775599,3.7367753122517784,32.467798998675214,25.61101245282121,28.662503187049847,56.591917807746746,44.64042394011295,49.95922343217627,4.0601137391286874,1.8273236072132053,2.5199970952628505,6.444624982743949,2.900513662243183,3.9999953893061124,57.980905401596814,48.65505523629841,53.31577100303298,92.0331831771378,77.23024640682287,84.62820794132219,3.472358066102733,1.5540054096507259,2.1388922312241574,6.056438487388487,2.710474551716382,3.730625984693297,32.21261242582357,25.402881168381857,28.418441830978672,56.18478911480855,44.30735087508463,49.56704970519536,0.7487437185929648,-0.0012562814070351536,-0.0012562814070351536,0.6080402010050252,-0.001959798994974782,-0.001959798994974782,0.5276381909547738,-0.002361809045226204,-0.002361809045226204,0.405144694533762,0.1081944537632965,0.16129442715408282,0.3612903225806452,0.42713567839195976,0.1088399390435888,0.178387765203312,0.41414141414141414,0.40802675585284276,0.11587316653731683,0.16887213961257574,0.35906040268456374,26.0,11.0,11.0,36.0,10.0,10.0,48.0,13.0,13.0,0.0020879397587869448,0.00027725154183330045,0.0003194591512951365,0.00045964795473452114,5.716352994689089e-05,-8.236045698506445e-05
185,1,2.866990223356461,1.2708653233560248,1.479501811688002,5.631128779507309,2.496139065605107,2.9059273251988564,17.58401451903031,12.650138450212445,13.57923546418732,34.53721237370078,24.846460274408294,26.67132346777599,3.1603536318294965,1.3318083124228868,1.8983061304708528,5.643488628266957,2.378229129326583,3.389832375840808,23.578932716018574,17.354107778884327,20.046285528576995,42.105236992890305,30.989478176579148,35.796938443887484,2.9643427336893753,1.347436867924598,1.8553778784878578,5.593099497527123,2.5423337130652794,3.500712978278977,19.381959944754733,14.344480404559857,16.350740925493522,36.56973574482025,27.065057367094067,30.850454576402868,0.6331658291457287,-0.0018341708542712887,-0.0018341708542712887,0.5376884422110553,-0.0023115577889447625,-0.0023115577889447625,0.4371859296482412,-0.002814070351758735,-0.002814070351758735,0.3958810068649885,0.12159529257927426,0.13781649073595625,0.3646788990825688,0.4371859296482412,0.1414465812773139,0.20847140544122955,0.398989898989899,0.40802675585284276,0.13089820827354393,0.1877820395013411,0.37583892617449666,25.0,16.0,16.0,33.0,22.0,22.0,44.0,26.0,26.0,0.00025202639612907906,0.0003768192248845035,0.00019556225442398682,-0.007929636035694188,-0.006263870997919696,-0.009041933639305277
185,0,3.992158052790517,1.8593651319752,2.550658824393292,6.885026206986543,3.2067311696383882,4.39896232033046,54.17166863074823,45.733266912365046,49.94464028095642,93.42650097187013,78.87331539958609,86.13640860049004,3.8955581607531062,1.784290041944962,2.4586466056682665,6.659073779065139,3.0500684477691657,4.202814710544045,49.18349800099601,40.92479033155509,44.97581746170427,84.07435555725814,69.95690654966683,76.88173925077653,3.992158052790517,1.8593651319752,2.550658824393292,6.885026206986543,3.2067311696383882,4.39896232033046,54.17166863074823,45.733266912365046,49.94464028095642,93.42650097187013,78.87331539958609,86.13640860049004,0.7688442211055276,-0.0011557788944723812,-0.0011557788944723812,0.6180904522613065,-0.0019095477386934512,-0.0019095477386934512,0.5326633165829145,-0.0023366834170853723,-0.0023366834170853723,0.4683544303797469,0.13993337774816794,0.22571768423668936,0.461864406779661,0.4522613065326633,0.13145930152013197,0.20852174058942452,0.4444444444444444,0.4683544303797469,0.13993337774816794,0.22571768423668936,0.461864406779661,28.0,0.0,0.0,37.0,0.0,0.0,49.0,0.0,0.0,-0.000204670066706657,1.8436930995469347e-05,-7.340464606699959e-05,4.537263278781012e-05,-4.0869005880850295e-05,-6.618974063954397e-05
23,1,3.3305558778471864,1.4924360202414444,2.0687297283410637,5.476914110237596,2.45422812217482,3.4019111088275276,27.953876325752702,21.66916533129098,24.422011009772824,45.96859662457111,35.63373854478961,40.16064032718198,3.299907489038592,1.401033758627684,1.9770407178612142,5.409684408259987,2.2967766534880067,3.2410503571495317,27.110130820380203,20.43176225880633,23.35596251347635,44.44283741045935,33.494692227551354,38.288463136846474,3.3305558778471864,1.4924360202414444,2.0687297283410637,5.476914110237596,2.45422812217482,3.4019111088275276,27.953876325752702,21.66916533129098,24.422011009772824,45.96859662457111,35.63373854478961,40.16064032718198,0.6582914572864322,-0.0017085427135676845,-0.0017085427135676845,0.5577889447236181,-0.00221105527638199,-0.00221105527638199,0.457286432160804,-0.0027135678391959628,-0.0027135678391959628,0.42711864406779665,0.12085806877168837,0.1914929394454742,0.4013605442176871,0.4321608040201005,0.11386506467172952,0.19342958532227073,0.3939393939393939,0.42711864406779665,0.12085806877168837,0.1914929394454742,0.4013605442176871,25.0,4.0,4.0,33.0,1.0,1.0,43.0,0.0,0.0,0.00063639686563407,0.0003335402953948436,-9.521003355594264e-05,-0.006788943243685175,-0.007098232577272157,-0.0057910761569619496
23,0,3.3295452390398297,1.4887836158612962,2.0460185578729364,5.845201641869923,2.6136423478453863,3.591899246043599,27.925639324629834,21.624303647439284,24.316293004592417,49.02501125879459,37.9626664032823,42.688603274728905,3.8124786837017117,1.675006419251715,2.338246593565268,6.051553466193194,2.6587403480185956,3.71150252946868,45.262491337208786,36.78451090848344,40.894810837324506,71.84522434477584,58.38811255314831,64.91239815448333,3.4224152485263786,1.548193161382721,2.1185079381869314,5.934824130392564,2.6847280255191692,3.6737131876073956,30.643336989660078,24.127588525837403,26.959675195004365,53.13873466415043,41.83974888873538,46.750881841048034,0.7939698492462312,-0.001030150753768888,-0.001030150753768888,0.6733668341708543,-0.001633165829145744,-0.001633165829145744,0.5477386934673367,-0.002261306532663321,-0.002261306532663321,0.4380952380952381,0.11004452494151384,0.18677528033388646,0.4012738853503185,0.4522613065326633,0.1038903792143675,0.18514945344418243,0.4747474747474747,0.4381270903010034,0.10924562118581138,0.18896135059021357,0.412751677852349,23.0,5.0,5.0,36.0,6.0,6.0,45.0,7.0,7.0,0.0009733325826278953,-8.95773356462186e-05,0.00048671125041364297,0.00044385224850973515,4.166942974936916e-05,-9.637868485956602e-05
465,1,3.236089771044882,1.4010570623467546,1.824560687289523,5.956281172792753,2.578757201710693,3.3582493809531795,25.434073998965527,19.16873492579688,21.331850745210982,46.8134405488206,35.28158457356817,39.26297166147528,3.01417826827447,1.290039250108136,1.7931758328290825,5.065845829032723,2.168133193459052,3.0137408955110634,20.37234345957925,14.764652628878551,16.98175858649152,34.23923270517521,24.814542233409334,28.540770733599196,3.1747361070735,1.3922066295894608,1.9345816262984796,5.7722474674063635,2.531284781071747,3.5174211387245085,23.92050658291056,17.97563173964912,20.464359251066636,43.491830150746466,32.682966799362035,37.207925911030244,0.5527638190954773,-0.0022361809045226,-0.0022361809045226,0.4773869346733668,-0.0026130653266331905,-0.0026130653266331905,0.4170854271356784,-0.0029145728643216184,-0.0029145728643216184,0.4368421052631579,0.12803790026972828,0.17584503781447758,0.43271767810026385,0.4120603015075377,0.13386481278573314,0.19002357362773803,0.38383838383838387,0.42140468227424754,0.13092054204052472,0.20115996592274588,0.412751677852349,25.0,4.0,4.0,33.0,0.0,0.0,40.0,2.0,2.0,0.0008304447055409688,8.745796501088597e-05,0.00013914536640667128,-0.007708496149546384,-0.007202767255728659,-0.0075079086869180856
465,0,3.124906781306519,1.4433943109276732,1.9627155635084936,6.061566166148791,2.7998371573416314,3.807195249697199,22.75777354472789,17.384096189004914,19.56084276631662,44.144596875917955,33.72095766782881,37.943321510565966,3.699955971396748,1.6662135883863427,2.3187191572974664,6.271111815926692,2.824090827773462,3.9300324699957057,40.44552356095445,32.802888988890594,36.46570267760815,68.55173484907534,55.598116930323044,61.80627572475958,3.0874447862440126,1.4399783081987354,1.9563208757527397,6.01450283034548,2.805152548439095,3.811014693024818,21.920993528194465,16.727189001720383,18.82185583134157,42.70323414583338,32.58543312023451,36.66595291819787,0.7336683417085428,-0.001331658291457205,-0.001331658291457205,0.6180904522613065,-0.0019095477386934512,-0.0019095477386934512,0.48743718592964824,-0.002562814070351749,-0.002562814070351749,0.42056074766355145,0.12973648638827928,0.19983535906251515,0.375,0.4321608040201005,0.11135879900756918,0.18341289083145274,0.4292929292929293,0.41137123745819393,0.117548199060865,0.1900141740544119,0.36241610738255037,24.0,7.0,7.0,36.0,9.0,9.0,43.0,9.0,9.0,0.0021061105744494377,0.00020478958819426183,0.0005645065628123603,-0.007592272775516662,-0.006274158430819909,-0.007659467116529761
322,1,3.2688593168516418,1.4223204106963143,1.8963113310970041,6.77512182431262,2.9479378344599585,3.9303435968546845,26.28134355296499,19.943497913793983,22.335952854522517,54.4713880343576,41.335406290600936,46.294069882837164,3.608682488676292,1.5669820463430226,2.2068162019320323,5.682964549096522,2.4676882619575156,3.475301105404775,36.91738169106495,29.213683929716503,32.85460649169754,58.13760896230701,46.005801464120474,51.739537782200856,3.366246660417538,1.5483868415975717,2.113962899900133,6.3117124882828834,2.9032253279954467,3.9636804373127497,28.969590037893767,22.810926358674145,25.471266864010325,54.317981321050816,42.770486922514024,47.75862537001936,0.7135678391959799,-0.0014321608040201994,-0.0014321608040201994,0.5979899497487438,-0.0020100502512562235,-0.0020100502512562235,0.507537688442211,-0.0024623115577889765,-0.0024623115577889765,0.4378378378378378,0.12339789181894445,0.17488573617605874,0.3929539295392954,0.44221105527638194,0.12391531592801097,0.19513259116953718,0.4191919191919192,0.4381270903010034,0.13094845924925047,0.20453420932213795,0.3993288590604027,25.0,15.0,15.0,39.0,21.0,21.0,47.0,22.0,22.0,0.00039353126135782614,0.00021273203111544595,0.00021845637470637474,0.00022666128791914986,-0.00017137444798898116,9.376856957832302e-05
322,0,3.633336582849192,1.6718808880263352,2.278807612349883,6.174882369866854,2.8413739230004222,3.8728503756685204,37.83885871231453,30.729189667946848,33.96392339446044,64.30741997905672,52.22448490365351,57.721938773836705,3.595577374175565,1.5775532137258992,2.219522491570358,5.40688326943694,2.3722604717682696,3.3376278068727188,36.4367315435915,28.913286425571822,32.47748047769985,54.792077509160144,43.4786262038674,48.83831650781932,3.75558277755278,1.7278141079308078,2.379806823468564,6.024999108373444,2.771894290798087,3.8178719093078564,42.75913161290809,35.16201585577075,38.800984741057725,68.59753734691138,56.40965110551458,62.24756910330116,0.6783919597989949,-0.0016080402010050232,-0.0016080402010050232,0.5728643216080402,-0.0021356783919597166,-0.0021356783919597166,0.4824120603015075,-0.0025879396984924696,-0.0025879396984924696,0.4215116279069767,0.1167220778344078,0.17810986837618492,0.4577259475218659,0.4170854271356784,0.11132101610810952,0.18002365751965166,0.4747474747474747,0.42140468227424754,0.10921770397708563,0.1755759837202987,0.47651006711409394,22.0,1.0,1.0,33.0,6.0,6.0,37.0,4.0,4.0,-0.0013838399033051345,0.000262223453510508,-0.0003695472286323117,0.00032933337838070287,-7.066279669576403e-05,0.0001579807127098931
462,1,3.287436703592539,1.3868792733668631,1.9389580399804824,5.613123307729814,2.3680225890998035,3.3106677172007175,26.774145549986393,20.08452314911745,22.922583999438864,45.71542936992358,34.29325495141863,39.13909289265891,3.6331121418344314,1.5110148545727364,2.115048440182503,5.190160202620617,2.158592649389624,3.021497771689291,37.83036707343943,29.481738461678923,33.26698650470849,54.043381533484904,42.11676923096989,47.52426643529785,3.3143794377113265,1.4145625670219344,1.9702100644695668,5.4334089142808635,2.318955027904811,3.2298525647042085,27.50531992307488,20.820649751932237,23.67032015922443,45.09068839848341,34.13221270808563,38.80380353971218,0.7236180904522613,-0.0013819095477386467,-0.0013819095477386467,0.592964824120603,-0.0020351758793969443,-0.0020351758793969443,0.5125628140703518,-0.0024371859296482556,-0.0024371859296482556,0.421875,0.11142258190327614,0.15992073804573803,0.3573667711598746,0.4623115577889447,0.14652208410473422,0.19853860286407,0.38888888888888884,0.4280936454849499,0.11757611626959097,0.16891678230363727,0.36241610738255037,26.0,8.0,8.0,37.0,7.0,7.0,48.0,10.0,10.0,0.0018060855909533095,8.066098782390501e-05,0.0003111290485295803,-0.00425142142583379,-0.005222191363933426,-0.0043021019554698725
462,0,3.9287427002383817,1.8567502257607336,2.520188633962036,5.846119520450415,2.762915407710948,3.750137153886092,50.84301255839887,42.90238369170061,46.75297535468317,75.6563488309189,63.84038912975546,69.57021691534196,4.294756587426267,2.0401614239542516,2.7778790958207664,6.135366553466096,2.9145163199346453,3.9683987083153807,73.31436663424735,63.78293277786094,68.75639598410847,104.73480947749621,91.1184753969442,98.22342283444065,3.9361970982822685,1.8587532044388868,2.5242137597236347,5.93396547479739,2.8021405092043516,3.8053473764677905,51.22343275193371,43.2393979828616,47.11934562025634,77.22125540492519,65.18502208471598,71.03418937727086,0.8341708542713568,-0.0008291457286431214,-0.0008291457286431214,0.6783919597989949,-0.0016080402010050232,-0.0016080402010050232,0.5829145728643217,-0.002085427135678275,-0.002085427135678275,0.4580645161290322,0.1392239364188873,0.20591859338225105,0.4271844660194175,0.4623115577889447,0.13399075578393216,0.201877501027676,0.4494949494949495,0.4581939799331104,0.1426681034723425,0.20457885201319936,0.4261744966442953,30.0,-1.0,-1.0,45.0,1.0,1.0,52.0,0.0,0.0,0.0009550640197984634,0.00020243081980995733,0.0002923592618135503,0.0004635968812909397,6.103705499693746e-05,-7.885590001688314e-05
22,1,3.523963387441818,1.6174321125532887,2.234216782534533,5.6992494290725695,2.615846996845442,3.613362944592887,33.918594944595824,27.188890174929444,30.286728802510048,54.855999231383365,43.97215571500934,48.982240408997725,3.4910054901736465,1.5435224629831537,2.1618192019100038,5.41241161267232,2.393058082144424,3.3516576773798508,32.81893023350892,25.80791142321143,29.040962273894678,50.88206237753321,40.01226577242082,45.02474771146461,3.523963387441818,1.6174321125532887,2.234216782534533,5.6992494290725695,2.615846996845442,3.613362944592887,33.918594944595824,27.188890174929444,30.286728802510048,54.855999231383365,43.97215571500934,48.982240408997725,0.7537688442211055,-0.0012311557788945438,-0.0012311557788945438,0.6030150753768844,-0.0019849246231156137,-0.0019849246231156137,0.5025125628140703,-0.0024874371859296973,-0.0024874371859296973,0.45977011494252873,0.13663435968440252,0.2049930448788344,0.4538461538461539,0.457286432160804,0.13397816148411223,0.19685237539953526,0.4444444444444444,0.45977011494252873,0.13663435968440252,0.2049930448788344,0.4538461538461539,21.0,1.0,1.0,33.0,3.0,3.0,43.0,5.0,5.0,-8.57502097437432e-05,-5.648147039877523e-05,-1.2434556364610075e-05,-0.00012094549186336678,-0.00017278787436758591,9.286739145242251e-05
22,0,3.555706936301607,1.4766463477696083,2.1144683971067266,5.963685684303329,2.4766536845502927,3.5464185141346998,35.0125628725412,27.015609917296402,30.78663631977865,58.72360228622417,45.31099131698448,51.63581408064141,3.5975713825705062,1.4453183335111857,2.101338556724479,5.577630050496909,2.2408036178467996,3.2578892352317506,36.50945917783273,27.905236867787146,32.04462164945074,56.603812678810435,43.263933128352164,49.6815839526368,3.555706936301607,1.4766463477696083,2.1144683971067266,5.963685684303329,2.4766536845502927,3.5464185141346998,35.0125628725412,27.015609917296402,30.78663631977865,58.72360228622417,45.31099131698448,51.63581408064141,0.7839195979899498,-0.0010804020100502187,-0.0010804020100502187,0.6482412060301508,0.0032412060301507672,0.0032412060301507672,0.5175879396984925,0.0025879396984924696,0.0025879396984924696,0.43939393939393945,0.07455461992323997,0.1358674910312191,0.40304182509505704,0.42713567839195976,0.06623342275286204,0.12663484366741884,0.3939393939393939,0.43939393939393945,0.07455461992323997,0.1358674910312191,0.40304182509505704,24.0,0.0,0.0,39.0,0.0,0.0,49.0,0.0,0.0,7.584204511151916e-05,-2.418568938491258e-05,-3.065157536459559e-05,-0.000141735257445319,-0.00018927773293242467,8.23537205478786e-05
369,1,3.6979523542299435,1.6655490256839176,2.2812568194548426,6.321130378905371,2.847022226169061,3.899488257885864,40.3645673453421,32.73215982840153,36.241095312952694,68.99756093021531,55.951031824903104,61.949064401943765,3.7676182775641207,1.63180448382245,2.292458052955255,5.623310862036001,2.4355290803320147,3.421579183515306,43.27686850345489,34.81293690393035,38.90513232691863,64.59234104993267,51.959607319299025,58.0673616819681,3.5954180126604824,1.6023167690777713,2.213016949268641,6.128553430671277,2.7312217654734736,3.7721879817079107,36.43092539349877,29.092669163312397,32.44646830818077,62.0981682843729,49.58977698291886,55.30648007076268,0.7587939698492463,-0.001206030150753712,-0.001206030150753712,0.6180904522613065,-0.0019095477386934512,-0.0019095477386934512,0.49246231155778897,-0.002537688442211028,-0.002537688442211028,0.4161849710982659,0.08429463920793401,0.15225535232993748,0.4057971014492754,0.39698492462311563,0.07117038828226352,0.1332119696982409,0.3737373737373737,0.40802675585284276,0.07914528673765076,0.1477375456192499,0.3791946308724832,26.0,4.0,4.0,38.0,7.0,7.0,45.0,4.0,4.0,0.0006757287771052207,-4.2568044642291826e-05,0.0003730582046715067,0.0003214355252678658,-7.840984679496898e-05,0.0001530413170849343
369,0,3.8508491601262773,1.7709333870276653,2.445127149743011,6.664931238680096,3.0650770160094214,4.231950836093674,47.03298481459654,39.02919006352236,42.954514438164836,81.40324294834016,67.5505212637887,74.34435191220837,3.8804038062167527,1.7131370438704994,2.3944218757403553,6.309599684905289,2.7855886892203245,3.893368903642855,48.44377301897702,39.70939476497779,44.02447028798342,78.77036263248296,64.56812156906958,71.58450453330637,3.8508491601262773,1.7709333870276653,2.445127149743011,6.664931238680096,3.0650770160094214,4.231950836093674,47.03298481459654,39.02919006352236,42.954514438164836,81.40324294834016,67.5505212637887,74.34435191220837,0.8090452261306533,-0.0009547738693467256,-0.0009547738693467256,0.6582914572864322,-0.0017085427135676845,-0.0017085427135676845,0.5376884422110553,-0.0023115577889447625,-0.0023115577889447625,0.4017857142857143,0.06325564747056955,0.13175604069520985,0.3811659192825112,0.40201005025125625,0.06115791992544173,0.1298898499173664,0.3787878787878788,0.4017857142857143,0.06325564747056955,0.13175604069520985,0.3811659192825112,26.0,10.0,10.0,38.0,9.0,9.0,47.0,9.0,9.0,0.0003761130320843027,0.00021687255226426338,0.00016866009930890312,0.00013546161697419734,3.058704788116984e-05,-7.2922532465824474e-06
270,1,2.796088455052211,1.2324407470157017,1.5230704225941565,5.2685555611400465,2.3222378890527344,2.8698595462769525,16.380448435293268,11.60423670122492,12.808832870951123,30.86501163502019,21.86539045091918,24.135161937394017,3.3179596692473443,1.4858147246572084,2.0579907004642664,5.065587281293655,2.2684194269575695,3.1419705350599485,27.603971829828424,21.3566994791881,24.078659738884596,42.14346844248614,32.60564805982916,36.76131257844976,2.9468586664136036,1.3397993572136289,1.8317521077729826,5.357924848024734,2.435998831297507,3.3304583777690593,19.04602972400595,14.057908607001176,15.996136569669465,34.62914495273809,25.559833830911224,29.083884672126295,0.6884422110552764,-0.0015577889447235815,-0.0015577889447235815,0.5577889447236181,-0.00221105527638199,-0.00221105527638199,0.457286432160804,-0.0027135678391959628,-0.0027135678391959628,0.40886699507389157,0.1284241906458473,0.15177999605140868,0.36296296296296293,0.4371859296482412,0.13392778428483265,0.19177691462319946,0.4191919191919192,0.41137123745819393,0.1325732407970921,0.19223886815897262,0.3791946308724832,16.0,0.0,0.0,29.0,0.0,0.0,36.0,0.0,0.0,-0.00010292456307140118,0.0010432211279884167,-0.00011547484894004367,-0.016665249570889884,-0.02468949661166775,-0.020006085513670335
270,0,3.7517751274285494,1.7433468687001414,2.390864351215077,5.877058147590386,2.730907522645886,3.7452268160652364,42.596629372281015,35.14503321510747,38.69688589384062,66.72651190686794,55.05378035430128,60.617665186305246,3.8151601864464917,1.738579166043464,2.365195474465943,5.6942689349947635,2.594894277676812,3.5301424992028996,45.38402570651357,37.40687717758643,41.121061625558404,67.73735180076652,55.831159966546906,61.37471884411702,3.7517751274285494,1.7433468687001414,2.390864351215077,5.877058147590386,2.730907522645886,3.7452268160652364,42.596629372281015,35.14503321510747,38.69688589384062,66.72651190686794,55.05378035430128,60.617665186305246,0.7487437185929648,-0.0012562814070351536,-0.0012562814070351536,0.6633165829145728,-0.0016834170854271857,-0.0016834170854271857,0.542713567839196,-0.0022864321608039306,-0.0022864321608039306,0.45185185185185184,0.11543780379270208,0.20185185185185184,0.4200743494423792,0.4623115577889447,0.12396569312729055,0.20855529735488798,0.4191919191919192,0.45185185185185184,0.11543780379270208,0.20185185185185184,0.4200743494423792,25.0,11.0,11.0,35.0,6.0,6.0,45.0,9.0,9.0,0.0003859456996014327,0.0005750051014441801,0.00027153142992385936,-0.0001833147886074471,0.00021597805698636563,6.13263787334617e-05
69,1,3.5991285374102073,1.5995572193631384,2.2209421770189492,6.517340865040104,2.89649550533325,4.02170610433161,36.56635434468228,29.18046512191061,32.59865522287095,66.21474975928953,52.84030170724354,59.02999729546902,3.456761978379446,1.5031073073055898,2.1076064520510807,5.959934445481804,2.5915643229406724,3.6338042276742772,31.714119073990737,24.659696955221214,27.85994966254773,54.67951564481162,42.51671888831244,48.03439596990989,3.5991285374102073,1.5995572193631384,2.2209421770189492,6.517340865040104,2.89649550533325,4.02170610433161,36.56635434468228,29.18046512191061,32.59865522287095,66.21474975928953,52.84030170724354,59.02999729546902,0.7537688442211055,-0.0012311557788945438,-0.0012311557788945438,0.6080402010050252,-0.001959798994974782,-0.001959798994974782,0.4824120603015075,-0.0025879396984924696,-0.0025879396984924696,0.4382022471910112,0.10923028457418882,0.17543761456336482,0.4398496240601504,0.42211055276381915,0.09880228208712738,0.1566681487571413,0.40909090909090906,0.4382022471910112,0.10923028457418882,0.17543761456336482,0.4398496240601504,24.0,0.0,0.0,33.0,0.0,0.0,43.0,0.0,0.0,-0.00038146895705115305,-0.00023643056518646527,3.234182256399053e-05,-0.00016252502302549487,0.00022759863213561715,7.184004964067014e-05
69,0,3.6468863001938074,1.7026693200663192,2.230002498176066,6.028861586356429,2.814773155244771,3.686535661399172,38.35505380376236,31.36689595804419,34.230805383581405,63.40677813504858,51.85428295766764,56.58876385483953,3.8582003050713083,1.7401039662948894,2.41868916156683,5.511714721530441,2.4858628089926995,3.455270230809757,47.38000503842116,39.06471212797848,43.16137203174017,67.6857214834588,55.806731611397836,61.65910290248597,3.797817824676284,1.7608441842789686,2.416338689596852,5.754269431327702,2.6679457337560124,3.661119226661897,44.60374502522638,36.93637519227064,40.62295963092691,67.58143185640361,55.964204836773696,61.54993883473774,0.7587939698492463,-0.001206030150753712,-0.001206030150753712,0.6633165829145728,-0.0016834170854271857,-0.0016834170854271857,0.5326633165829145,-0.0023366834170853723,-0.0023366834170853723,0.43715846994535523,0.11246542765340439,0.17127381696392807,0.41369863013698627,0.44723618090452266,0.10387778491454769,0.17511598057063282,0.4444444444444444,0.4381270903010034,0.11091507026761438,0.18117492122425138,0.4295302013422819,28.0,6.0,6.0,38.0,2.0,2.0,47.0,4.0,4.0,-0.00024163789589722528,0.00040618476943481846,2.2547731700429017e-06,0.00024245699414393584,-0.00015588034778968307,0.00010364736082912884
219,1,4.047924480227642,1.8865553556799388,2.5810856414312164,7.072747168749396,3.296289028056157,4.509808977885312,57.27845103085444,48.59543337422347,52.942942815241736,100.07993092204238,84.9085044670498,92.50470228157621,4.190095604364596,1.9203037114691726,2.6508369059743933,6.348629703582721,2.9095510779835947,4.0164195545066566,66.02910332912874,56.351716657547406,61.36796964507253,100.04409595322537,85.38138887507182,92.98177218950383,4.108158933677801,1.9260317256128894,2.631385070833752,6.92386337136708,3.24612088586442,4.43491865870857,60.834613847314955,51.969469625545884,56.45581757544215,102.53024805727239,87.58899375092003,95.15025434063283,0.8442211055276382,-0.0007788944723617908,-0.0007788944723617908,0.6984924623115578,-0.0015075376884421399,-0.0015075376884421399,0.5628140703517588,-0.0021859296482411583,-0.0021859296482411583,0.4542586750788643,0.10307757271665963,0.1845839636412987,0.40506329113924056,0.4623115577889447,0.12396569312729055,0.19353025561866088,0.4040404040404041,0.4481605351170569,0.0975762279384258,0.17786020141294123,0.40604026845637586,26.0,7.0,7.0,41.0,10.0,10.0,47.0,10.0,10.0,0.0008225452938841557,0.00018926463922613605,0.00027047795299071323,0.00043595439539778624,3.3922379648387846e-05,-0.00010338779879681681
219,0,3.658727328542253,1.6971093934403632,2.325180060924364,6.641638781111732,3.0807399817229517,4.2208682634614245,38.81191660781909,31.70109399518673,35.01743703068877,70.45475307788816,57.54657190209056,63.5666850557089,3.9646900598727277,1.7928720487848464,2.492582893432786,6.835672517021945,3.09115870480146,4.297556712815149,52.70393179461178,43.929710613814976,48.345522428805715,90.86884792174446,75.74088036864651,83.35434901518227,3.658727328542253,1.6971093934403632,2.325180060924364,6.641638781111732,3.0807399817229517,4.2208682634614245,38.81191660781909,31.70109399518673,35.01743703068877,70.45475307788816,57.54657190209056,63.5666850557089,0.7738693467336684,-0.0011306532663316604,-0.0011306532663316604,0.6532663316582914,-0.0017336683417086274,-0.0017336683417086274,0.5276381909547738,-0.002361809045226204,-0.002361809045226204,0.41901408450704225,0.10442708977945003,0.17194148497542627,0.3816254416961131,0.44221105527638194,0.11138398760720902,0.1867853457605222,0.4191919191919192,0.41901408450704225,0.10442708977945003,0.17194148497542627,0.3816254416961131,27.0,1.0,1.0,41.0,7.0,7.0,50.0,4.0,4.0,0.0008934440307987214,-6.646071214468478e-06,0.00021941956632527473,-0.0002803336946550772,0.00016174870629104277,1.2262581172706177e-05
147,1,3.7808910442964874,1.7190777702163844,2.3806371208895865,6.6225798546594525,3.011123482863094,4.169905784997683,43.85510116891545,35.994891558478116,39.79887136113471,76.81626000924682,63.048376933640014,69.71139888096845,3.9166126658569027,1.7345972328434636,2.4274155457616513,6.420676501404759,2.8436020210548585,3.9793697471502485,50.230010452610394,41.36585707741603,45.79647595870535,82.34427943050885,67.81288045478038,75.07619009623828,3.7808910442964874,1.7190777702163844,2.3806371208895865,6.6225798546594525,3.011123482863094,4.169905784997683,43.85510116891545,35.994891558478116,39.79887136113471,76.81626000924682,63.048376933640014,69.71139888096845,0.7487437185929648,-0.0012562814070351536,-0.0012562814070351536,0.6231155778894473,-0.0018844221105527303,-0.0018844221105527303,0.5175879396984925,-0.002412060301507535,-0.002412060301507535,0.44160583941605835,0.11796947577969474,0.19221116629257162,0.44688644688644685,0.44221105527638194,0.10721105527638197,0.18430756110000923,0.4545454545454546,0.44160583941605835,0.11796947577969474,0.19221116629257162,0.44688644688644685,26.0,0.0,0.0,35.0,0.0,0.0,42.0,0.0,0.0,-6.026528581707295e-05,0.00014236435365467466,-4.890145265664057e-05,-0.000211034476049754,0.00020048395678795572,4.730815085896012e-05
147,0,3.409296607678653,1.5450103521707677,2.120975599677598,6.2985310209656475,2.854341159095147,3.9184125485569186,30.24396340425679,23.79263376290922,26.617271150491167,55.87444086549136,43.9558827145272,49.17428060005995,3.85071851260698,1.6811313527928866,2.3486350060785366,6.210836310656419,2.7115021819240104,3.788120977546026,47.02684047318559,38.272171457791146,42.53580404014682,75.84974269868643,61.72930880288894,68.6061355486239,3.572673156508634,1.6442345947220398,2.2543565748589387,6.417975730255032,2.953714840818036,4.049742350045998,35.611661573550286,28.73290048228087,31.874536639268044,63.97304474290471,51.61598889032492,57.25964665736775,0.7386934673366834,-0.0013065326633165952,-0.0013065326633165952,0.6381909547738693,-0.0018090452261306789,-0.0018090452261306789,0.5175879396984925,-0.002412060301507535,-0.002412060301507535,0.4355828220858896,0.12164714061575177,0.18762363841242025,0.37230769230769234,0.4522613065326633,0.1139154418710091,0.19850504609860653,0.4191919191919192,0.4280936454849499,0.10255107453336387,0.18226494693100104,0.3825503355704698,21.0,4.0,4.0,32.0,2.0,2.0,42.0,4.0,4.0,0.0010723523391297828,0.00046001697197594693,0.0008134675797057923,-0.007495254114509464,-0.011237050035772356,-0.012699530268816872
354,1,3.0616149922102194,1.395369523149782,1.8601317299607678,5.0516647371468615,2.30235971319714,3.0692173544352666,21.362028828950944,16.06976833544139,18.03698364807305,35.247347567769054,26.515117753478286,29.76102301932053,3.1491462944740025,1.436602596292219,1.9810404372728705,4.435417316160567,2.0233839384397454,2.790197798975874,23.316150955050606,17.773107565695152,20.10025545442852,32.839649232465646,25.032545867176275,28.31021894989933,3.028468427849454,1.3980090824076261,1.8951643115239905,4.964702340736809,2.2918181678813543,3.106826740203263,20.665557546860434,15.559337848199355,17.559655721002468,33.87796319157448,25.50711122655632,28.786320854102403,0.6231155778894473,-0.0018844221105527303,-0.0018844221105527303,0.5276381909547738,-0.002361809045226204,-0.002361809045226204,0.44723618090452266,-0.0027638190954772934,-0.0027638190954772934,0.4475138121546961,0.15096208801676503,0.20899963815665112,0.4127423822714681,0.44221105527638194,0.15148423823377544,0.21850487831477927,0.38888888888888884,0.4247491638795987,0.1376039218094819,0.20339210047581668,0.3825503355704698,18.0,0.0,0.0,30.0,-1.0,-1.0,39.0,-1.0,-1.0,0.0004898575567878019,-0.00023947733959770313,0.00022044468550730384,-0.012790176630725014,-0.00989940425057334,-0.011577723201005696
354,0,3.3704446020757177,1.5278319200387345,2.1007293370385463,5.955991146133803,2.699867365547901,3.7122477325749657,29.091458305702602,22.778447683114777,25.53161949823648,51.40819344432378,40.252325357832966,45.11751938729461,3.54271899156235,1.5592445606798075,2.188006120601509,5.714062889616693,2.514910581741625,3.529042130002434,34.560761974371495,27.292810812633654,30.685113988596072,55.743164474792735,44.020662601022025,49.49211933644528,3.3704446020757177,1.5278319200387345,2.1007293370385463,5.955991146133803,2.699867365547901,3.7122477325749657,29.091458305702602,22.778447683114777,25.53161949823648,51.40819344432378,40.252325357832966,45.11751938729461,0.7537688442211055,-0.0012311557788945438,-0.0012311557788945438,0.6030150753768844,-0.0019849246231156137,-0.0019849246231156137,0.4974874371859297,-0.002512562814070307,-0.002512562814070307,0.4202334630350194,0.09984511352045633,0.1653822340570117,0.37890625,0.4321608040201005,0.11135879900756918,0.17673509450424074,0.38888888888888884,0.4202334630350194,0.09984511352045633,0.1653822340570117,0.37890625,28.0,9.0,9.0,40.0,12.0,12.0,46.0,7.0,7.0,0.0005283608578814795,0.0004722042388629646,0.00019557380631494476,-9.322580442105988e-05,-0.00015080139628764755,0.00010688561932692409
399,1,3.1981773081110485,1.4695394395808774,2.009414478056774,5.746457623130012,2.640455891439437,3.610498741321262,24.487855679612125,18.85487985291735,21.20483863575907,43.99956956336724,33.878286794546675,38.100672628957476,3.190015356744354,1.388990402921312,1.933357618822959,5.2727526557757916,2.295851905655061,3.1956324278065438,24.288800437129538,18.232949184664854,20.775142163490607,40.14677758203229,30.137106090355125,34.33907795618282,3.2398994969683748,1.4917680092445929,2.0414008562078108,5.751300882192381,2.6481088921501645,3.6237885021440426,25.531155659859184,19.787295490220338,22.216019685308684,45.32157809442459,35.12537660985859,39.436721334867485,0.7035175879396984,-0.001482412060301641,-0.001482412060301641,0.5678391959798995,-0.0021608040201005485,-0.0021608040201005485,0.44221105527638194,-0.0027889447236180143,-0.0027889447236180143,0.408955223880597,0.11387325666748227,0.17360269160651554,0.3892215568862275,0.4120603015075377,0.10128335915164799,0.17165963372790494,0.38383838383838387,0.41137123745819393,0.112539851815456,0.17110427416564666,0.38926174496644295,23.0,10.0,10.0,32.0,7.0,7.0,41.0,9.0,9.0,0.00010777300854375682,0.00018179341217571337,0.0002349054302634681,-0.007530794454516432,-0.0070284586284898865,-0.008196192978508599
399,0,3.0533461323549913,1.344451012872623,1.8820663396966448,5.1751629361949005,2.2787305302925813,3.189942948638381,21.186117501709877,15.663261492377643,17.95999874093003,35.90867373171166,26.547900834538382,30.4406758320848,3.2131851486225225,1.429219163343487,1.9649685293458803,5.355308581037538,2.382031938905812,3.2749475489098008,24.85813712454379,18.90471628550455,21.374013230303177,41.43022854090632,31.507860475840914,35.62335538383863,3.0533461323549913,1.344451012872623,1.8820663396966448,5.1751629361949005,2.2787305302925813,3.189942948638381,21.186117501709877,15.663261492377643,17.95999874093003,35.90867373171166,26.547900834538382,30.4406758320848,0.6783919597989949,-0.0016080402010050232,-0.0016080402010050232,0.5276381909547738,-0.002361809045226204,-0.002361809045226204,0.42713567839195976,-0.002864321608040288,-0.002864321608040288,0.4046822742474916,0.11586758309557177,0.1777634755823081,0.3926174496644296,0.40703517587939697,0.11630835883679047,0.1649650590179612,0.4040404040404041,0.4046822742474916,0.11586758309557177,0.1777634755823081,0.3926174496644296,19.0,2.0,2.0,29.0,3.0,3.0,40.0,3.0,3.0,0.0008521963133615956,0.00020831793087207942,0.00021588970778109196,0.0005070350734097673,0.00010364583054389698,-4.030577335889518e-05
206,1,2.9799934930661145,1.307093190771522,1.8077425274960641,4.9090714064519085,2.1532308118506718,2.9779719897398933,19.687688537857934,14.360091484287077,16.45843513603482,32.432375803910894,23.655996116627502,27.112687832791657,2.7669303387102455,1.1949434067124227,1.646509660960343,4.139993514310818,1.787922841622347,2.4635746054970546,15.90972151953357,11.093513348292491,12.843577729039243,23.804771296144214,16.59856508503914,19.217082466757965,2.905336907476087,1.2764472990133027,1.7597717506667394,4.842228179126812,2.127412165022171,2.9329529177778992,18.27139838607787,13.173187821539308,15.127180555161985,30.452330643463117,21.955313035898847,25.21196759193664,0.6212121212121212,-0.0037878787878787845,-0.0037878787878787845,0.4949494949494949,-5.0505050505078586e-05,-5.0505050505078586e-05,0.3737373737373737,-0.0012626262626262985,-0.0012626262626262985,0.3941176470588236,0.09602660447438893,0.14362841026821693,0.39233038348082594,0.38888888888888884,0.10173523649594174,0.1489560029828486,0.36040609137055835,0.3946488294314381,0.09080909654329117,0.14659543677292863,0.3825503355704698,21.0,0.0,0.0,30.0,0.0,0.0,37.0,0.0,0.0,0.000168221487470506,-0.00011600916783612848,-0.0001869002948245178,-0.021577126211985487,-0.022527390077438092,-0.020773142924873866
206,0,3.7916912490308885,1.7532188290437496,2.4041035147596785,6.148688511941981,2.8430575606114856,3.8985462401508304,44.33131219956379,36.652442053130024,40.326135359887445,71.888614377671,59.43639251858922,65.39373301603369,4.128163022611608,1.9208265726299762,2.6297451621330974,5.98284496030668,2.783806626999966,3.8112248726566635,62.063808341326244,52.97233980782317,57.58920432214175,89.94754832076268,76.77150696785966,83.46261495962572,3.7916912490308885,1.7532188290437496,2.4041035147596785,6.148688511941981,2.8430575606114856,3.8985462401508304,44.33131219956379,36.652442053130024,40.326135359887445,71.888614377671,59.43639251858922,65.39373301603369,0.8241206030150754,-0.0008793969849245631,-0.0008793969849245631,0.6633165829145728,-0.0016834170854271857,-0.0016834170854271857,0.6130653266331658,-0.001934673366834172,-0.001934673366834172,0.4581939799331104,0.14767645071775148,0.2112529343268813,0.4429530201342282,0.457286432160804,0.12144683316331029,0.19852182448133826,0.4747474747474747,0.4581939799331104,0.14767645071775148,0.2112529343268813,0.4429530201342282,22.0,2.0,2.0,37.0,2.0,2.0,41.0,1.0,1.0,0.0007583090898850552,-0.00018087950838399885,0.00015418270508125707,0.0005070350734097673,0.00010364583054389698,-4.030577335889518e-05
484,1,2.992988633453299,1.3099041298863534,1.8098916118274737,5.546329219054701,2.427392963857197,3.3539234388667305,19.945202404800316,14.56307080649812,16.68073371126633,36.960601066522614,26.986933471928715,30.91119015421105,3.652240956847991,1.6114561598726809,2.2509670825587857,5.2550229594935125,2.3186419566513394,3.2388015576385403,38.56098279531797,30.86433566063442,34.50061372180092,55.4834284824719,44.40911605846679,49.641170822735134,3.181560213749225,1.418316787682618,1.953311581357445,5.581684585524957,2.488275066109856,3.4268624234341143,24.084300910916728,18.252980699601956,20.669057961329962,42.25315949283637,32.02277315719642,36.26150519531573,0.7537688442211055,-0.0012311557788945438,-0.0012311557788945438,0.6381909547738693,-0.0018090452261306789,-0.0018090452261306789,0.507537688442211,-0.0024623115577889765,-0.0024623115577889765,0.4036697247706422,0.10748651866377201,0.16664022324470118,0.3159509202453987,0.40703517587939697,0.07620810821022406,0.15327891544534022,0.38383838383838387,0.4247491638795987,0.1209094309914518,0.18448220058705145,0.3422818791946308,26.0,5.0,5.0,38.0,8.0,8.0,49.0,10.0,10.0,0.0015300268601959148,0.0005537758208565936,0.0007985401791208429,-0.017387778270075316,-0.020080788665768345,-0.02420341166074369
484,0,3.531563243695668,1.5959897314389322,2.1882419155828465,6.204760421215305,2.8040652920420124,3.844619476683751,34.17735340863045,27.249337190187013,30.345604519010358,60.04771119710767,47.87557159109246,53.315541272983474,3.4926550202633266,1.477007072624473,2.0738001494034384,5.821091700438878,2.4616784543741215,3.456333582339064,32.87311072032665,25.367521685649002,28.740725105736715,54.788517867211084,42.279202809415,47.901208509561194,3.531563243695668,1.5959897314389322,2.1882419155828465,6.204760421215305,2.8040652920420124,3.844619476683751,34.17735340863045,27.249337190187013,30.345604519010358,60.04771119710767,47.87557159109246,53.315541272983474,0.7587939698492463,-0.001206030150753712,-0.001206030150753712,0.5879396984924623,-0.002060301507537776,-0.002060301507537776,0.4723618090452262,-0.0026381909547738003,-0.0026381909547738003,0.39682539682539686,0.07603331761747611,0.13825019893621482,0.3904382470119522,0.40703517587939697,0.0787143738743844,0.13658442462731013,0.38888888888888884,0.39682539682539686,0.07603331761747611,0.13825019893621482,0.3904382470119522,22.0,4.0,4.0,34.0,3.0,3.0,43.0,7.0,7.0,-0.0003439036673781126,4.504225822526002e-05,0.00012219590414876217,-5.857619511928647e-05,-0.00012331829868550415,0.00012440840417138332
36,1,2.474323991416157,1.0289490467430722,1.24275597014061,5.212408408313225,2.1675830172506347,2.6179884650170213,11.873677691385017,7.6302347904951215,8.447079386322093,25.01307737017656,16.073844863225766,17.79460885951101,2.722668453676617,1.095023497714094,1.5629564266459013,4.427103176709946,1.780526012543242,2.541392563651872,15.220884326609621,10.129015315263379,12.031869532795394,24.749405409121334,16.469943602054272,19.564015500480313,2.645189047657128,1.1110876806603627,1.562351792621583,4.928923691286574,2.070349715516204,2.911214520412888,14.086107777101764,9.448951221978039,11.133061555575619,26.2474057958418,17.606741407412496,20.744835196724758,0.6130653266331658,-0.001934673366834172,-0.001934673366834172,0.5025125628140703,-0.0024874371859296973,-0.0024874371859296973,0.4120603015075377,-0.0029396984924623393,-0.0029396984924623393,0.3913043478260869,0.0764671946294645,0.1107569382464193,0.38498789346246975,0.42713567839195976,0.11635873603607005,0.176718316121509,0.4292929292929293,0.41137123745819393,0.10252315732463801,0.1677672330088057,0.4093959731543624,19.0,7.0,7.0,30.0,8.0,8.0,40.0,10.0,10.0,6.094725463874727e-05,0.0004166068011878329,9.549170709162921e-05,5.290851944561581e-05,0.00034801661665628814,-1.4898134185870049e-05
36,0,4.400669660724577,2.0626653132315087,2.822887662068151,6.9113081210097524,3.239442318857177,4.433381264145494,81.5054313799103,71.14489149938812,76.66123193395917,128.0053249235771,111.73396421378264,120.39744758858973,4.394566674927371,2.0152722215191847,2.7850885443638993,6.4154258028136795,2.9420032430936995,4.065822692502042,81.00951970001735,70.21223750979031,76.0093186053267,118.26207255476984,102.49961680261357,110.96250891288568,4.400669660724577,2.0626653132315087,2.822887662068151,6.9113081210097524,3.239442318857177,4.433381264145494,81.5054313799103,71.14489149938812,76.66123193395917,128.0053249235771,111.73396421378264,120.39744758858973,0.8592964824120604,-0.0007035175879396283,-0.0007035175879396283,0.7437185929648241,-0.0012814070351758744,-0.0012814070351758744,0.5829145728643217,-0.002085427135678275,-0.002085427135678275,0.41393442622950816,0.03970129739515238,0.1319180774556662,0.4156378600823045,0.4170854271356784,0.05367690583242024,0.1366179813927736,0.4191919191919192,0.41393442622950816,0.03970129739515238,0.1319180774556662,0.4156378600823045,26.0,4.0,4.0,39.0,10.0,10.0,46.0,7.0,7.0,-0.00022808977797155123,8.021323351513075e-05,1.8360939015235774e-05,-3.136820234672655e-06,-7.934534252473924e-05,-9.790377231322367e-05
478,1,3.858912273261786,1.8177244078976456,2.4795072080712814,6.148816259592956,2.8963740565402047,3.9508631337399542,47.41375010615516,39.7140000710131,43.44121258268931,75.5493820372802,63.280549563702195,69.2195145548346,4.043606168660686,1.8477614993186449,2.5469395743870504,5.860298795160415,2.6779152164038336,3.6912167744739866,57.03163812428857,48.044048731518814,52.564863470250764,82.65454800621532,69.62905613263595,76.18096155108806,3.858912273261786,1.8177244078976456,2.4795072080712814,6.148816259592956,2.8963740565402047,3.9508631337399542,47.41375010615516,39.7140000710131,43.44121258268931,75.5493820372802,63.280549563702195,69.2195145548346,0.8442211055276382,-0.0007788944723617908,-0.0007788944723617908,0.7085427135678393,-0.0014572864321606982,-0.0014572864321606982,0.5678391959798995,-0.0021608040201005485,-0.0021608040201005485,0.4394463667820069,0.08082567712683442,0.16619722786122615,0.3715277777777778,0.44221105527638194,0.07971105527638189,0.16600473248104086,0.38888888888888884,0.4394463667820069,0.08082567712683442,0.16619722786122615,0.3715277777777778,24.0,0.0,0.0,38.0,0.0,0.0,45.0,0.0,0.0,0.0011792335159406745,0.0005425880343687395,0.00020733040361946606,-0.0003149833039568506,0.00014238108104080993,-5.260203672641239e-06
478,0,3.3843200728548095,1.5594700437509132,2.1309896648631543,6.506628269101505,2.998206922824336,4.096999484704645,29.497929453183744,23.29606460305536,25.995942851361875,56.71214823902423,44.78856291426128,49.97929657874735,3.4404405756811403,1.4806794729856274,2.0833592883878573,5.782253068371665,2.4885369293876094,3.5014441821644664,31.200701410894084,24.103070153267,27.31586339852168,52.438153631754766,40.50936160212942,45.90901411516249,3.3843200728548095,1.5594700437509132,2.1309896648631543,6.506628269101505,2.998206922824336,4.096999484704645,29.497929453183744,23.29606460305536,25.995942851361875,56.71214823902423,44.78856291426128,49.97929657874735,0.7386934673366834,-0.0013065326633165952,-0.0013065326633165952,0.6030150753768844,-0.0019849246231156137,-0.0019849246231156137,0.49246231155778897,-0.002537688442211028,-0.002537688442211028,0.44107744107744107,0.1267917267917268,0.19807632125661245,0.42229729729729726,0.4522613065326633,0.1289530358559715,0.18681890252598543,0.4292929292929293,0.44107744107744107,0.1267917267917268,0.19807632125661245,0.42229729729729726,28.0,15.0,15.0,38.0,13.0,13.0,47.0,13.0,13.0,0.00029222528836574547,0.00015680961085005773,1.5350930724732958e-05,0.0005149329265217162,0.00011139288064487829,-3.329665942342075e-05
392,1,3.5592060524319846,1.5922005599154632,2.0610091555125774,6.516613980056628,2.915188464772756,3.773538502122062,35.135290489926035,27.986054528055323,30.661675085943205,64.32983138010611,51.240167469241385,56.139008973780065,3.508068967704198,1.5071568027197073,2.1160084705348945,5.315256011673027,2.2835709132116775,3.206073440204385,33.383740420877764,25.98794120875691,29.3606092520362,50.58142488011782,39.37566849811653,44.485771593994244,3.653227944039182,1.6699059352168637,2.2909827284492534,6.055073940396434,2.7677998926246357,3.797208942181083,38.599060779566926,31.33221732949677,34.69410985613376,63.97634383353633,51.931851927342706,57.50404948530456,0.6432160804020101,-0.001783919597989958,-0.001783919597989958,0.5527638190954773,-0.0022361809045226,-0.0022361809045226,0.4723618090452262,-0.0026381909547738003,-0.0026381909547738003,0.41534391534391535,0.11943902762925218,0.16412201896072864,0.4190981432360743,0.4321608040201005,0.12890265865669193,0.20177683073128583,0.43434343434343436,0.4347826086956522,0.1359512230529143,0.19674033950766556,0.4429530201342282,20.0,2.0,2.0,33.0,3.0,3.0,39.0,0.0,0.0,-0.0002090704393684731,0.0002672963327121278,-9.142001583226648e-05,0.00019506987546957788,-0.00020236264838668916,7.401098707493503e-05
392,0,3.364316620260982,1.4638796299071188,2.039715541743709,6.223985747482817,2.70817731532817,3.7734737522258617,28.913731487763776,22.22491473564218,25.153046650009795,53.49040325236298,41.11609226093803,46.533136302518116,3.564323156922307,1.5148273571238913,2.136569486933576,6.253198520916329,2.6575918546033184,3.748367520936099,35.31554223284183,27.551556716635133,31.14621924335631,61.95709163656462,48.336064415149366,54.642489900625115,3.364316620260982,1.4638796299071188,2.039715541743709,6.223985747482817,2.70817731532817,3.7734737522258617,28.913731487763776,22.22491473564218,25.153046650009795,53.49040325236298,41.11609226093803,46.533136302518116,0.7035175879396984,-0.001482412060301641,-0.001482412060301641,0.5979899497487438,-0.0020100502512562235,-0.0020100502512562235,0.5025125628140703,-0.0024874371859296973,-0.0024874371859296973,0.41355932203389834,0.10053055722848381,0.1644048688208205,0.37074829931972786,0.4371859296482412,0.1213964559640307,0.18342966921418447,0.3787878787878788,0.41355932203389834,0.10053055722848381,0.1644048688208205,0.37074829931972786,26.0,14.0,14.0,35.0,14.0,14.0,46.0,15.0,15.0,0.0010336158838134583,0.0004365019631677047,-6.765312479919632e-06,-0.00035656283511986686,0.00011913993074319507,-2.6287545484393604e-05
45,1,3.19789531677463,1.4198857253774895,1.974858204365694,5.676737248712361,2.5205072048121115,3.505665451536735,24.480951289997787,18.56288597019094,21.08346064885468,43.45730998224459,32.951868586137756,37.42626150684262,3.20297382105535,1.3737596613479723,1.9244020364595358,5.294171605050165,2.2706771261949954,3.180829812329811,24.60559413764715,18.37660439408979,21.01408752187145,40.67040353330108,30.37455271750379,34.734028961770996,3.19789531677463,1.4198857253774895,1.974858204365694,5.676737248712361,2.5205072048121115,3.505665451536735,24.480951289997787,18.56288597019094,21.08346064885468,43.45730998224459,32.951868586137756,37.42626150684262,0.6231155778894473,-0.0018844221105527303,-0.0018844221105527303,0.5175879396984925,-0.002412060301507535,-0.002412060301507535,0.457286432160804,-0.0027135678391959628,-0.0027135678391959628,0.4046822742474916,0.11753703217737477,0.17108939326862616,0.38926174496644295,0.4321608040201005,0.141433986977494,0.20511572889489182,0.40909090909090906,0.4046822742474916,0.11753703217737477,0.17108939326862616,0.38926174496644295,24.0,12.0,12.0,32.0,11.0,11.0,42.0,13.0,13.0,-0.00024684980832413733,-5.7105515475530895e-05,0.00014118814767146419,-0.024000702220354775,-0.0251615363039992,-0.026517905273259146
45,0,3.400205082453965,1.5809167506861956,2.1423377837973243,5.584694381237239,2.5965895234734164,3.5187000471308005,29.97024578873591,23.802778091879922,26.45233496066915,49.22487297144333,39.09506569280836,43.446851834842064,3.6448709377691375,1.6402925825081787,2.2693163835176593,5.695110840264277,2.562957160169029,3.545806849246343,38.277832310315645,30.854868926952385,34.32056167451782,59.80911298486819,48.210732698363095,53.62587761643409,3.400205082453965,1.5809167506861956,2.1423377837973243,5.584694381237239,2.5965895234734164,3.5187000471308005,29.97024578873591,23.802778091879922,26.45233496066915,49.22487297144333,39.09506569280836,43.446851834842064,0.7738693467336684,-0.0011306532663316604,-0.0011306532663316604,0.592964824120603,-0.0020351758793969443,-0.0020351758793969443,0.4974874371859297,-0.002512562814070307,-0.002512562814070307,0.40614334470989766,0.089277927333407,0.1496166704760724,0.3835616438356164,0.4120603015075377,0.09627082782332719,0.14661789750085985,0.40909090909090906,0.40614334470989766,0.089277927333407,0.1496166704760724,0.3835616438356164,27.0,11.0,11.0,38.0,11.0,11.0,49.0,15.0,15.0,0.0008854098380393618,0.0001539495628462237,6.894158584880091e-05,-0.0003427029913991575,0.00012688698084151184,-1.9278431547142816e-05
370,1,3.067304518914992,1.3455628657862335,1.770259611767408,5.807637490128386,2.5476900961333255,3.3518113461382906,21.483915071161167,15.889651820562895,17.825445510465617,40.677666606817844,30.085482888679998,33.750716626414594,3.0696954691230354,1.3318962238097398,1.8495561821710882,5.159152048946278,2.2384810484197306,3.1084977851614926,21.535343499275772,15.850524744926654,18.147683941740652,36.19385462063155,26.63953738643135,30.50030914578261,2.9257030514969076,1.3176547075996436,1.8071424619038752,5.384729542632345,2.425131363680326,3.3260290709887275,18.647331476772273,13.654274494439814,15.58688568299891,34.32024198178946,25.13056655418371,28.687519661961183,0.6432160804020101,-0.001783919597989958,-0.001783919597989958,0.5527638190954773,-0.0022361809045226,-0.0022361809045226,0.44221105527638194,-0.0027889447236180143,-0.0027889447236180143,0.42741935483870963,0.11869452262394453,0.16544477028347992,0.3854447439353099,0.4321608040201005,0.12389012732837112,0.18842123807686173,0.3434343434343434,0.43143812709030105,0.13427619052936612,0.19895759316371597,0.3657718120805369,20.0,5.0,5.0,28.0,3.0,3.0,39.0,5.0,5.0,0.0010041310426863361,-0.00039792415216560034,0.0005126629777356096,-0.021656104743110305,-0.017634278051954944,-0.020826841397099116
370,0,3.6273144953619174,1.6058021015846,2.208946468828275,6.1366210983177645,2.7166651992561386,3.73705327260674,37.611674542781934,30.06194006771402,33.481300267038144,63.63070967169272,50.85821367620111,56.64302168464672,3.672387431614363,1.5793475060797393,2.195473240925569,6.120645719357272,2.6322458434662326,3.659122068209282,39.34572905494523,31.236198955758244,34.96631827291358,65.57621509157539,52.06033159293041,58.27719712152264,3.6273144953619174,1.6058021015846,2.208946468828275,6.1366210983177645,2.7166651992561386,3.73705327260674,37.611674542781934,30.06194006771402,33.481300267038144,63.63070967169272,50.85821367620111,56.64302168464672,0.7587939698492463,-0.001206030150753712,-0.001206030150753712,0.6281407035175879,-0.0018592964824121205,-0.0018592964824121205,0.5276381909547738,-0.002361809045226204,-0.002361809045226204,0.4715447154471545,0.1409159122017184,0.208031201933641,0.46122448979591835,0.4974874371859297,0.16916663518091712,0.22703668593384285,0.48484848484848486,0.4715447154471545,0.1409159122017184,0.208031201933641,0.46122448979591835,27.0,13.0,13.0,39.0,12.0,12.0,48.0,12.0,12.0,-9.215556663835168e-05,0.00015631478883065068,0.00010992083922706012,-1.699666395538202e-05,-9.033858156382024e-05,-0.00010696492421935488
381,1,2.9670210440699667,1.2903215342287535,1.789830481452834,4.955556424670051,2.1551114986586626,2.9893977190222865,19.433940428132253,14.086064229682371,16.188696354517475,32.45881539592302,23.526724298512047,27.03856731552387,2.9848431306867744,1.283132574302757,1.8051632704300253,5.059056153706398,2.174800973394504,3.0595987634407216,19.783398584793588,14.300079684447834,16.53006606967395,33.531184042023035,24.237423193979385,28.017061135040596,2.938476477179639,1.3008178906934849,1.803976140453044,4.87040300085023,2.1560517525306375,2.9900157024083596,18.887049530578967,13.743936282049095,15.777430138522034,31.304501984385023,22.780004887374186,26.150436693682927,0.6030150753768844,-0.0019849246231156137,-0.0019849246231156137,0.5125628140703518,-0.0024371859296482556,-0.0024371859296482556,0.4170854271356784,-0.0029145728643216184,-0.0029145728643216184,0.42172523961661346,0.11550514392283351,0.1783671099673042,0.3846153846153846,0.4170854271356784,0.11883981310059066,0.18002365751965166,0.35858585858585856,0.4247491638795987,0.1259177782368608,0.18781924174389242,0.3825503355704698,23.0,1.0,1.0,36.0,8.0,8.0,45.0,7.0,7.0,0.0010792543722794655,0.0001399762963738814,-7.87770336057728e-05,-0.026219578264120358,-0.019919394426915815,-0.0240269931511623
381,0,3.575083621114278,1.6676067439325726,2.2767130109581504,5.66732005847093,2.6435356906658396,3.609107557143886,35.69760576442284,28.961534360816437,32.03428294334386,56.58881822882939,45.910614128794236,50.78161898405078,3.746494474123471,1.7111615634256103,2.370716459173029,5.59178279719921,2.5539724827247916,3.538382774885118,42.37228420644922,34.71748414028046,38.414129177379245,63.2422152335063,51.817140507881284,57.33452116026753,3.575083621114278,1.6676067439325726,2.2767130109581504,5.66732005847093,2.6435356906658396,3.609107557143886,35.69760576442284,28.961534360816437,32.03428294334386,56.58881822882939,45.910614128794236,50.78161898405078,0.7688442211055276,-0.0011557788944723812,-0.0011557788944723812,0.6130653266331658,-0.001934673366834172,-0.001934673366834172,0.5175879396984925,-0.002412060301507535,-0.002412060301507535,0.44244604316546765,0.13723957996977643,0.20440776565350594,0.3898916967509025,0.4321608040201005,0.11386506467172952,0.19676848348587683,0.3939393939393939,0.44244604316546765,0.13723957996977643,0.20440776565350594,0.3898916967509025,30.0,15.0,15.0,40.0,8.0,8.0,50.0,13.0,13.0,0.00034432562984119963,0.00021622419506777318,0.00012608977660867084,-0.00023875416349117273,0.00018498985658865763,3.328992298534672e-05
180,1,3.3359142395971,1.4938416673344583,1.761335521590664,6.492317399036509,2.907297235978273,3.4278906563692746,28.104065331577907,21.79446350708741,23.275358389310657,54.69580427760005,42.416130771640965,45.29823112538486,3.845560246376536,1.750470830517973,2.4261776336036407,6.517898722672095,2.9668997127423276,4.112165480684137,46.784888073976425,38.65872052800003,42.650321050737205,79.29642046436683,65.52325513220345,72.28867974701222,3.427572845216579,1.5764682161569132,2.1635718451697166,6.591486240801113,3.031669646455602,4.160715086864839,30.801791233385444,24.434942587752683,27.262236279337515,59.23421391035662,46.9902742072167,52.42737746026445,0.7035175879396984,-0.001482412060301641,-0.001482412060301641,0.6030150753768844,-0.0019849246231156137,-0.0019849246231156137,0.5226130653266332,-0.002386934673366814,-0.002386934673366814,0.42263279445727486,0.1331287575483937,0.16652331254134134,0.38657407407407407,0.46733668341708545,0.1540534753970353,0.2352832610464678,0.4242424242424242,0.43143812709030105,0.14930123226559322,0.21897984010476157,0.38926174496644295,27.0,6.0,6.0,39.0,11.0,11.0,48.0,5.0,5.0,0.0004400664602203598,0.0011799458057159232,0.00014253458158334871,-0.009399167045356371,-0.013726761235521856,-0.011272435472126752
180,0,3.64165165768148,1.655059120320908,2.274875067254634,5.945553726826906,2.7021373392994414,3.7140817424565453,38.154803385497836,30.864154609761915,34.232117514209094,62.293556547751564,50.39045650573374,55.88917145176994,4.005412193398979,1.8196240050359016,2.5120574744471504,5.722017419141399,2.5994628643370024,3.588653534924501,54.89444686497258,45.99678804352829,50.44244114175137,78.42063837853226,65.70969720504041,72.06063020250195,3.6296880352855925,1.6672617213137562,2.279285863082401,5.854335540783214,2.689131808570574,3.676267521100647,37.701053384068494,30.58448020868459,33.842076192050584,60.808150619465316,49.32980678820095,54.5839938581461,0.7738693467336684,-0.0011306532663316604,-0.0011306532663316604,0.6582914572864322,-0.0017085427135676845,-0.0017085427135676845,0.5527638190954773,-0.0022361809045226,-0.0022361809045226,0.43887147335423193,0.11179792092856689,0.19382454947519123,0.3867924528301887,0.46733668341708545,0.13650961574791254,0.2119109739012257,0.41414141414141414,0.4347826086956522,0.1142483849894752,0.19229095129854434,0.37583892617449666,26.0,7.0,7.0,39.0,9.0,9.0,48.0,10.0,10.0,0.001998426010970415,0.00010385744873982395,0.00029755201436867815,0.0004280565422867255,2.617532955007107e-05,-0.00011039691273584396
311,1,3.30841833121741,1.481587296179012,2.0453422943152635,6.074473001579507,2.7202914290499893,3.755382573169009,27.341845510141916,21.1276825516495,23.805563000296726,50.201421264522864,38.79181058663515,43.708574689069394,3.605369503174595,1.5718232636634828,2.2037499627435295,6.325209654692272,2.7575846730938296,3.8662280048132094,36.79527731745506,29.154141651474838,32.73350446922112,64.55311810079836,51.14761693241201,57.42720082319495,3.3029760281776506,1.4660125374065178,2.0364453705409424,5.863271055936657,2.60238911965654,3.614991782025341,27.193447082097524,20.915999318705783,23.644926931337274,48.2723912699956,37.128992873442215,41.97324307337977,0.6884422110552764,-0.0015577889447235815,-0.0015577889447235815,0.5628140703517588,-0.0021859296482411583,-0.0021859296482411583,0.4623115577889447,-0.002688442211055242,-0.002688442211055242,0.4029850746268657,0.10939342037947375,0.16266729905586275,0.35928143712574845,0.4120603015075377,0.10629589047996879,0.17666798097331404,0.3535353535353535,0.39799331103678925,0.10417027263946033,0.15661400069196163,0.3489932885906041,24.0,0.0,0.0,32.0,0.0,0.0,44.0,0.0,0.0,0.0021642546346464894,-0.00013940016972336514,0.0005085438120981085,-0.013382405837801592,-0.010324580442353515,-0.012150757346562457
311,0,3.5730116807497465,1.6459392433590327,2.2680888510937063,6.30105438294381,2.902636098085862,3.9998053387530907,35.623719025013884,28.754348761105,31.93631450056435,62.82290990222043,50.70868261248923,56.32012219356281,3.6672648760541597,1.6503484101156203,2.27527008350281,6.011909632875672,2.705489196910853,3.729950956561984,39.1446937187509,31.6295776657118,35.121826879521834,64.17162904713263,51.85176666510131,57.5767653762653,3.5730116807497465,1.6459392433590327,2.2680888510937063,6.30105438294381,2.902636098085862,3.9998053387530907,35.623719025013884,28.754348761105,31.93631450056435,62.82290990222043,50.70868261248923,56.32012219356281,0.7236180904522613,-0.0013819095477386467,-0.0013819095477386467,0.6130653266331658,-0.001934673366834172,-0.001934673366834172,0.507537688442211,-0.0024623115577889765,-0.0024623115577889765,0.4653846153846154,0.1429278015650377,0.21730277395239028,0.41698841698841704,0.4723618090452262,0.15657233536101567,0.22361389585657843,0.4242424242424242,0.4653846153846154,0.1429278015650377,0.21730277395239028,0.41698841698841704,29.0,14.0,14.0,41.0,15.0,15.0,50.0,12.0,12.0,0.00022280140212960526,0.0004065948030696096,0.00034036215183218363,-0.00011401557000390028,-0.0001672912548489336,9.637194842149199e-05
362,1,3.175431903790344,1.4699146937768666,1.9744209940759203,5.604637310189957,2.594399434516169,3.484853054543999,23.93715618455355,18.432924409632715,20.613681226317407,42.24908066573702,32.534111583001746,36.383147364450224,3.5542088225858297,1.5966559402216092,2.2296674834916965,5.041430954022454,2.2647601988959,3.1626489127541797,34.96014934239437,27.878173926278826,31.199689159072772,49.588864315453,39.54350911528911,44.25487823981953,3.2696019383178507,1.5335217767996838,2.090669860160016,5.389453744479973,2.527783148570907,3.446159110153873,26.300867891547423,20.625813421780794,23.049967250874996,43.35307894211113,33.99859355238592,37.99445151243131,0.728643216080402,-0.001356783919598037,-0.001356783919598037,0.592964824120603,-0.0020351758793969443,-0.0020351758793969443,0.4623115577889447,-0.002688442211055242,-0.002688442211055242,0.40056818181818177,0.10127740167633781,0.16009897360703806,0.36467236467236464,0.4170854271356784,0.10630848477978871,0.16165971761981868,0.38383838383838387,0.40802675585284276,0.10418702296469584,0.17554622192625768,0.37583892617449666,24.0,10.0,10.0,35.0,11.0,11.0,45.0,11.0,11.0,0.0005900009403449322,0.00036332817552567256,0.0004259667460374895,0.0002977419659311309,-0.00010165099709258385,0.00013822313020828148
362,0,3.4177660861711825,1.5725508059146438,2.1501887683205068,6.026061257196559,2.7726553683231874,3.791122302038788,30.50120180169028,24.17173954969165,26.948965611693794,53.77843475561181,42.618593416561595,47.515281473249594,3.369261209689193,1.496466774850169,2.087620714486019,5.759420871263578,2.558062862991742,3.568582417924819,29.057052057492083,22.550599179968746,25.454507219375387,49.67017445725143,38.548032786271364,43.51197815277844,3.4177660861711825,1.5725508059146438,2.1501887683205068,6.026061257196559,2.7726553683231874,3.791122302038788,30.50120180169028,24.17173954969165,26.948965611693794,53.77843475561181,42.618593416561595,47.515281473249594,0.7185929648241206,-0.0014070351758793676,-0.0014070351758793676,0.5778894472361809,-0.002110552763819218,-0.002110552763819218,0.4723618090452262,-0.0026381909547738003,-0.0026381909547738003,0.43445692883895126,0.13352234939969898,0.19410823643546438,0.4135338345864662,0.4371859296482412,0.1264089872923515,0.18342966921418447,0.4040404040404041,0.43445692883895126,0.13352234939969898,0.19410823643546438,0.4135338345864662,24.0,7.0,7.0,34.0,6.0,6.0,45.0,8.0,8.0,-0.00014233782287975146,0.0001026539277608618,0.0001466907388776667,-0.00016252502302549487,0.00022759863213561715,7.184004964067014e-05
193,1,3.843372053439074,1.7915783361615722,2.4477675319776457,6.6764863099741625,3.1122275096749594,4.252121884121168,46.68262563808731,38.90077860957458,42.64521109929799,81.09438967987738,67.57620969891813,74.08082385249479,3.696953188234837,1.6223270331679287,2.273481840319328,6.0605789971062904,2.659552513390047,3.7270194103595538,40.32425658416799,32.36268707397801,36.172749803951085,66.10533866257047,53.053585367177064,59.29958984254276,3.821131420374714,1.774974241400403,2.429137849596108,6.626239457297192,3.0779900139891385,4.212377773866083,45.65583505157583,37.917727317004285,41.632973127372814,79.17196829753034,65.75328436474732,72.1959071572939,0.7135678391959799,-0.0014321608040201994,-0.0014321608040201994,0.5728643216080402,-0.0021356783919597166,-0.0021356783919597166,0.4773869346733668,-0.0026130653266331905,-0.0026130653266331905,0.4158415841584159,0.0995318642243137,0.16776255012987584,0.4470198675496688,0.39698492462311563,0.08370171660306547,0.15324535867987688,0.4292929292929293,0.41137123745819393,0.09083701375201692,0.16220549774740411,0.4429530201342282,24.0,0.0,0.0,35.0,0.0,0.0,44.0,-1.0,-1.0,-0.0007940137608018804,-0.0002443897403361706,-0.00010591711414350881,0.0004912393671849813,8.815173034548707e-05,-5.432400123339676e-05
193,0,3.400401154200236,1.5715908457095287,2.0260483615927454,5.974536607379854,2.7612998036765544,3.5597859063498696,29.97612268329154,23.749648016928067,26.023604887096507,52.66832770522252,41.72835352506988,45.72371699788919,3.8233905964760324,1.74003826733661,2.4073305360640918,6.319653878472781,2.8760963096472896,3.9790587372960204,45.75909622167457,37.7277486651355,41.63824371763924,75.63486978789184,62.35991514898429,68.8235433349409,3.4937762329012254,1.6305691091878036,2.2204362801788182,5.855490893130545,2.7327973897002296,3.721401586891874,32.90998913792389,26.46561757649099,29.337223613067238,55.156406376408746,44.35578364775026,49.16853119508475,0.8040201005025126,-0.0009798994974873354,-0.0009798994974873354,0.6482412060301508,-0.0017587939698492372,-0.0017587939698492372,0.5025125628140703,-0.0024874371859296973,-0.0024874371859296973,0.41333333333333333,0.10041722148246779,0.15624633431085044,0.37165775401069523,0.4170854271356784,0.0812458281381847,0.15164302312900058,0.38383838383838387,0.42140468227424754,0.09586211132266154,0.17112659551117748,0.37248322147651003,29.0,9.0,9.0,40.0,8.0,8.0,47.0,9.0,9.0,0.0011610546455092853,0.0005841292053555931,0.00030325117414703673,-0.0021229500120307776,-0.003678241738780841,-0.002705084274602143
294,1,3.3525088853560963,1.533983793612627,2.1109268809828343,5.70290913650249,2.6094398228301756,3.5908701834110177,28.57433351519215,22.411571280603994,25.11324892828741,48.607426033995345,38.12403158059266,42.71982018779325,3.322637752072895,1.4499861855340006,2.0392975318125934,5.111750387804453,2.230747977744616,3.13738081817322,27.733408016911103,21.227884638850668,24.12473463612034,42.66678156447862,32.65828405977025,37.11497636326206,3.326881789443485,1.5192745572127524,2.097139924517723,5.67082123200594,2.589672540703555,3.5746703258824817,27.8513597556983,21.75551572689536,24.43101324477415,47.47390867448574,37.08326544357164,41.64377257631958,0.6834170854271358,-0.0015829145728643024,-0.0015829145728643024,0.5728643216080402,-0.0021356783919597166,-0.0021356783919597166,0.44723618090452266,-0.0027638190954772934,-0.0027638190954772934,0.4294871794871795,0.11748717948717946,0.19281340549997272,0.4533762057877814,0.42211055276381915,0.10882734474376898,0.1750320886569744,0.4494949494949495,0.43143812709030105,0.12259004695674514,0.19895759316371597,0.44966442953020136,19.0,1.0,1.0,31.0,3.0,3.0,38.0,3.0,3.0,-0.0006013011544875553,-0.0002491336054818996,-5.133840598961865e-05,0.00045569902817899077,5.329000489684432e-05,-8.586501395235757e-05
294,0,3.6794884213929846,1.7044044405069487,2.336767375998974,6.109339265709107,2.829954542728519,3.8799156431681086,39.62611701261704,32.41889211507862,35.79666756541138,65.79430749264715,53.827594455224876,59.43597633502267,3.851724452109792,1.74209898114287,2.423489875726893,5.582209350883757,2.524781132091116,3.5123041677201345,47.0741704312561,38.82901777403594,42.902841905486625,68.22343540761754,56.273938802950646,62.17803174708207,3.6794884213929846,1.7044044405069487,2.336767375998974,6.109339265709107,2.829954542728519,3.8799156431681086,39.62611701261704,32.41889211507862,35.79666756541138,65.79430749264715,53.827594455224876,59.43597633502267,0.8040201005025126,-0.0009798994974873354,-0.0009798994974873354,0.6633165829145728,-0.0016834170854271857,-0.0016834170854271857,0.5175879396984925,-0.002412060301507535,-0.002412060301507535,0.41825095057034223,0.08997770578855857,0.17172756245403376,0.3854961832061069,0.40703517587939697,0.06618304555358245,0.14994001728173423,0.398989898989899,0.41825095057034223,0.08997770578855857,0.17172756245403376,0.3854961832061069,21.0,0.0,0.0,33.0,2.0,2.0,44.0,3.0,3.0,0.0006295715775851316,0.00033673598610725,0.00011679149679447226,-0.00013480533558407615,-0.00018378111340844328,8.585827751517172e-05
492,1,3.0845415161616767,1.4100243520521383,1.9293965308736798,5.990785834857361,2.7385444062977946,3.747267250714199,21.857443259943885,16.521225250562665,18.682959622355224,42.45145049330142,32.08746638259571,36.285979382146564,3.2919881236014055,1.4455877186689006,2.017475698710502,6.330746391541164,2.7799763820555783,3.879760959058658,26.89628367186361,20.559315771278353,23.319326722180186,51.72362244589156,39.537145713996836,44.84485908111574,3.0467236321107998,1.3827124428538355,1.902687340804842,6.17579114617054,2.8027954922712883,3.8567986637935983,21.04627599467987,15.76582669223939,17.90686157711869,42.661370259486226,31.957756808593363,36.2976923860514,0.7336683417085428,-0.001331658291457205,-0.001331658291457205,0.5728643216080402,-0.0021356783919597166,-0.0021356783919597166,0.42211055276381915,-0.0028894472361808976,-0.0028894472361808976,0.4029850746268657,0.09299997775652291,0.1646533963746314,0.37125748502994016,0.40201005025125625,0.09373937355952688,0.1465843407353965,0.36868686868686873,0.38795986622073575,0.07577288792357384,0.15102994408502946,0.3523489932885906,23.0,5.0,5.0,36.0,5.0,5.0,45.0,6.0,6.0,0.0010881965971273448,0.00022206355293916477,0.00040193460870574407,-0.0043106553241765155,-0.004279254203973792,-0.004007992492741863
492,0,3.390448466003665,1.5659545195525357,2.145006320718964,5.798835997026958,2.6783222127519233,3.6687004657814,29.679259425108686,23.479602558332623,26.20478874450995,50.76176784432382,40.158216789424074,44.819224887161845,3.55239240368407,1.6091118311035555,2.2232740215294684,5.2628035610134365,2.3838693794126744,3.2937392911547674,34.896704704783964,27.915087559953193,31.11899328356358,51.69882178486513,41.35568527400473,46.102212271946044,3.390448466003665,1.5659545195525357,2.145006320718964,5.798835997026958,2.6783222127519233,3.6687004657814,29.679259425108686,23.479602558332623,26.20478874450995,50.76176784432382,40.158216789424074,44.819224887161845,0.7487437185929648,-0.0012562814070351536,-0.0012562814070351536,0.6231155778894473,-0.0018844221105527303,-0.0018844221105527303,0.49246231155778897,-0.002537688442211028,-0.002537688442211028,0.42105263157894735,0.09580010632642211,0.1693702628037118,0.43089430894308944,0.4321608040201005,0.10634626767924837,0.17673509450424074,0.45959595959595956,0.42105263157894735,0.09580010632642211,0.1693702628037118,0.43089430894308944,21.0,4.0,4.0,31.0,4.0,4.0,41.0,4.0,4.0,9.535817657654914e-05,-1.619870505567402e-05,0.0001294577426169223,-2.39265858157367e-05,-9.583520108336074e-05,-0.00011149550017286458
70,1,4.482388522634174,2.1128954302185248,2.8884389635289516,7.718019972747585,3.638098091766996,4.973471063029982,88.44567508015099,77.7537040111779,83.52252020836055,152.29056636317387,133.88054995302153,143.81361095479298,4.59569475818519,2.1622848310010685,2.949178840287767,7.472674403553155,3.5159102943106806,4.7954127484353934,99.05693226084887,87.65925110664767,93.86806241224777,161.06818253796564,142.53536765308564,152.63099579227278,4.482388522634174,2.1128954302185248,2.8884389635289516,7.718019972747585,3.638098091766996,4.973471063029982,88.44567508015099,77.7537040111779,83.52252020836055,152.29056636317387,133.88054995302153,143.81361095479298,0.8341708542713568,-0.0008291457286431214,-0.0008291457286431214,0.7336683417085428,-0.001331658291457205,-0.001331658291457205,0.6030150753768844,-0.0019849246231156137,-0.0019849246231156137,0.4633204633204633,0.12035321861911452,0.195027780393634,0.46899224806201545,0.4723618090452262,0.13150967871941166,0.20358050687494234,0.4797979797979798,0.4633204633204633,0.12035321861911452,0.195027780393634,0.46899224806201545,29.0,0.0,0.0,43.0,1.0,1.0,52.0,1.0,1.0,0.0002648236479036585,0.00021570819569267257,0.00014029155115542733,-0.00010708564814265742,-0.00016179463533028127,9.987650539144965e-05
70,0,3.6878950639276313,1.6557440438618194,2.2800532441665484,5.6435969917680415,2.5337901277279355,3.489172388800324,39.96064376667083,32.33016172795377,35.873518640519116,61.151894248996264,49.47494446247471,54.89735428321865,3.9667331411610895,1.7299794455703363,2.408592840610963,5.876641690609021,2.5629325119560535,3.5682856897940187,52.8117202843136,43.44883316738797,48.06174079237734,78.23958560639052,64.36864172946366,71.20257895167013,3.6901591657396144,1.6777876589053453,2.2937678368388603,5.648202804703492,2.5680423350592023,3.510869138018664,40.05122123224006,32.5701835732102,36.010628775615224,61.30288964118377,49.8523217957299,55.11830935043147,0.778894472361809,-0.0011055276381910506,-0.0011055276381910506,0.6582914572864322,-0.0017085427135676845,-0.0017085427135676845,0.5577889447236181,-0.00221105527638199,-0.00221105527638199,0.4437086092715232,0.11478298943681253,0.18159407182658927,0.40863787375415284,0.4623115577889447,0.11394063047064895,0.1851830102096459,0.4444444444444444,0.4448160535117057,0.12094293164192271,0.1834144962258325,0.4093959731543624,26.0,2.0,2.0,38.0,3.0,3.0,46.0,0.0,0.0,0.0012268578583696304,0.00029202373410670677,8.351478057941861e-05,0.0004951882937413998,9.202525539642181e-05,-5.081944426521545e-05
90,1,3.7123520873313725,1.7434209406303491,2.3850233998552435,6.047164720873116,2.8399120982594996,3.885038116745334,40.950011344474014,33.78699516274657,37.17905482687046,66.7047354604954,55.03667765504001,60.562108177103454,3.7230770839518637,1.699517398015316,2.346138685378907,5.863113518034431,2.6764053512052217,3.6947065911478845,41.39156366887081,33.82635684880676,37.42881299569031,65.18356483286742,53.2698533052075,58.94301259163828,3.7123520873313725,1.7434209406303491,2.3850233998552435,6.047164720873116,2.8399120982594996,3.885038116745334,40.950011344474014,33.78699516274657,37.17905482687046,66.7047354604954,55.03667765504001,60.562108177103454,0.7537688442211055,-0.0012311557788945438,-0.0012311557788945438,0.6080402010050252,-0.001959798994974782,-0.001959798994974782,0.5175879396984925,-0.002412060301507535,-0.002412060301507535,0.46899224806201545,0.15177754786859188,0.2254355470310876,0.4669260700389105,0.4522613065326633,0.1389780985126131,0.20017449518040953,0.4494949494949495,0.46899224806201545,0.15177754786859188,0.2254355470310876,0.4669260700389105,21.0,2.0,2.0,32.0,1.0,1.0,41.0,2.0,2.0,-0.00020089781087404612,6.435134541582541e-05,7.223081789732176e-05,-0.00010015572628230274,-0.00015629801580718805,0.00010338106235963096
90,0,5.023916389002944,2.361954335276734,3.222658854050997,8.11791367735232,3.81657255395326,5.207345099533624,152.00545205759056,137.68108533572075,145.94819216459985,245.61856582476526,222.4724854510122,235.83092026596927,5.174626144332502,2.448982652647261,3.3366034991241085,7.781392698244364,3.682680680672573,5.017448870863321,176.73053021391107,161.46429575216598,170.44643014157668,265.7601958103926,242.80345225889621,256.3104212655288,5.023916389002944,2.361954335276734,3.222658854050997,8.11791367735232,3.81657255395326,5.207345099533624,152.00545205759056,137.68108533572075,145.94819216459985,245.61856582476526,222.4724854510122,235.83092026596927,0.8894472361809045,-0.0005527638190955253,-0.0005527638190955253,0.7839195979899498,-0.0010804020100502187,-0.0010804020100502187,0.7085427135678393,-0.0014572864321606982,-0.0014572864321606982,0.46212121212121215,0.09161081514578684,0.18252423479123736,0.43726235741444863,0.457286432160804,0.07884031687258342,0.18349678274511116,0.4444444444444444,0.46212121212121215,0.09161081514578684,0.18252423479123736,0.43726235741444863,29.0,4.0,4.0,38.0,2.0,2.0,47.0,0.0,0.0,-5.9427794759960485e-05,0.0004546887888249031,9.053118647845203e-05,-0.000141735257445319,-0.00018927773293242467,8.23537205478786e-05
353,1,3.0027841963209547,1.3759812013912651,1.8913392669388895,4.775856769386662,2.188465339355632,3.0081300721789965,20.141536922514835,15.053953262158007,17.102790925354654,32.03463491485693,23.942954236003693,27.201581757468833,2.7337522542656365,1.1716730281016432,1.6561217859432775,4.020223903331818,1.7230485707377103,2.4354732146224665,15.390527984781102,10.621801780243633,12.452817685000642,22.63312938938397,15.6202967356524,18.31296718382447,2.8623925658771427,1.3005403947307308,1.7952405936135223,4.472488384183036,2.032094366766767,2.805063427521129,17.503354808107137,12.735711243867772,14.596266577321446,27.3489918876674,19.899548818543394,22.806666527064756,0.5728643216080402,-0.0021356783919597166,-0.0021356783919597166,0.457286432160804,-0.0027135678391959628,-0.0027135678391959628,0.37688442211055273,-0.003115577889447274,-0.003115577889447274,0.42342342342342343,0.11757634696165431,0.1896571896571897,0.42771084337349397,0.40201005025125625,0.12632082719361215,0.18164277145325958,0.3737373737373737,0.41137123745819393,0.117548199060865,0.1800030505838891,0.4093959731543624,25.0,11.0,11.0,38.0,13.0,13.0,42.0,8.0,8.0,8.897261734684635e-05,-0.00014944805446288448,-0.0002850801082841488,-0.008978286512626887,-0.007767835932497746,-0.008191253582882752
353,0,3.2040234376131957,1.4385205955224478,1.9678466533369396,5.611191305250053,2.5192744108113336,3.446280667501998,24.631434135342058,18.78692365015319,21.189007003154,43.13691573961459,32.90145178109729,37.10820915578265,3.5564280562664394,1.6203733210110187,2.22059498121592,5.471427778871445,2.492882032324644,3.416299971101415,35.03782023634867,28.106469294857295,31.234657289122847,53.904338825151804,43.24072199208815,48.053318906342845,3.2373419190728945,1.4446032483751012,1.998983564133127,5.278274868053633,2.3553313832202742,3.259212332825751,25.465941171612705,19.460063085348597,22.015995943735,41.5205562580642,31.728363726111844,35.8956455604375,0.7537688442211055,-0.0012311557788945438,-0.0012311557788945438,0.6080402010050252,-0.001959798994974782,-0.001959798994974782,0.4723618090452262,-0.0026381909547738003,-0.0026381909547738003,0.4065281899109793,0.0983800417628311,0.16467231626833367,0.35416666666666663,0.4120603015075377,0.07622070251004398,0.14661789750085985,0.3737373737373737,0.40802675585284276,0.09583977755568085,0.16442275140345453,0.3557046979865772,26.0,3.0,3.0,39.0,6.0,6.0,48.0,7.0,7.0,0.001965773372313128,0.0001308541928500924,0.0005245797340933983,-0.010745494161649383,-0.00834704401510411,-0.009773498523547808
151,1,3.0779302291088952,1.4084712236750767,1.9252050498404232,5.1415425418069045,2.3527871577299577,3.2159675264379795,21.7134140621133,16.404119341615544,18.546602772598973,36.27127121739381,27.40233571838051,30.981256904227827,3.181038247880025,1.4012380867955894,1.9642480197432333,4.7835161622256015,2.1071249425497585,2.953756420666516,24.07173300815117,18.14306148723789,20.695399944586043,36.1980947490995,27.282799228929157,31.12090217230984,3.0779302291088952,1.4084712236750767,1.9252050498404232,5.1415425418069045,2.3527871577299577,3.2159675264379795,21.7134140621133,16.404119341615544,18.546602772598973,36.27127121739381,27.40233571838051,30.981256904227827,0.7085427135678393,-0.0014572864321606982,-0.0014572864321606982,0.5778894472361809,-0.002110552763819218,-0.002110552763819218,0.4170854271356784,-0.0029145728643216184,-0.0029145728643216184,0.40614334470989766,0.10120296992284483,0.1666427771730078,0.38013698630136983,0.40703517587939697,0.09124570219518646,0.1683039571815672,0.38383838383838387,0.40614334470989766,0.10120296992284483,0.1666427771730078,0.38013698630136983,24.0,6.0,6.0,36.0,9.0,9.0,46.0,9.0,9.0,0.00026904863876222343,0.00016370987329221388,0.0001337171495405138,-0.0003427029913991575,0.00012688698084151184,-1.9278431547142816e-05
151,0,3.8625420368078984,1.7869975066658914,2.4585052895396733,6.129183471581396,2.835654726146475,3.9012209684312187,47.586163528554536,39.617278952894964,43.514560659410286,75.51097805429313,62.865742051001,69.05005134577083,3.958335569755516,1.8152479606843341,2.5102846128622702,5.907963536948531,2.7093253144542295,3.7466934520332384,52.37008701094823,43.84436588563899,48.11527339770291,78.16430897156452,65.4393520681179,71.81384089209388,3.8625420368078984,1.7869975066658914,2.4585052895396733,6.129183471581396,2.835654726146475,3.9012209684312187,47.586163528554536,39.617278952894964,43.514560659410286,75.51097805429313,62.865742051001,69.05005134577083,0.778894472361809,-0.0011055276381910506,-0.0011055276381910506,0.6532663316582914,-0.0017336683417086274,-0.0017336683417086274,0.5376884422110553,-0.0023115577889447625,-0.0023115577889447625,0.43939393939393945,0.09723892994214356,0.17491031218990927,0.4448669201520913,0.44221105527638194,0.10887772194304857,0.1851158966787192,0.4494949494949495,0.43939393939393945,0.09723892994214356,0.17491031218990927,0.4448669201520913,25.0,5.0,5.0,35.0,7.0,7.0,45.0,6.0,6.0,0.00024068851105424064,0.00025287851673713854,-4.061041915045824e-05,-0.000141735257445319,-0.00018927773293242467,8.23537205478786e-05
203,1,2.7651966046751215,1.2407222428394653,1.674130926362956,5.336082096589288,2.394258598344265,3.2306202200625687,15.882162191021951,11.289433369848442,12.904716809587907,30.64828055240452,21.785555205599422,24.902615681204768,2.9223928020228094,1.262460151303738,1.7844277901475103,5.6745491301413775,2.451378934570365,3.464908330383515,18.585706211332063,13.326749565761062,15.465294312777093,36.08874992491663,25.877183622837016,30.0296976947128,2.7768297897134735,1.2489458112741807,1.7171468025555012,5.142277388358284,2.3128626134707053,3.1799014862138915,16.068001176441765,11.45958618410537,13.182545058823568,29.755557734151413,21.221455896491424,24.4121204793029,0.6331658291457287,-0.0018341708542712887,-0.0018341708542712887,0.4824120603015075,-0.0025879396984924696,-0.0025879396984924696,0.3668341708542714,-0.0031658291457286047,-0.0031658291457286047,0.3792134831460674,0.09730604976598323,0.15145199732006542,0.3661971830985915,0.371859296482412,0.09115754209644711,0.13813642502999135,0.36363636363636365,0.3846153846153846,0.11416463336329774,0.17326944468212535,0.3691275167785235,21.0,4.0,4.0,33.0,8.0,8.0,43.0,9.0,9.0,-0.00020602831145483284,-0.00017182222822854635,0.00012193424930222253,-0.029406677451414787,-0.03304367256634766,-0.034740460683313046
203,0,3.229152886018361,1.447217704645156,2.008493384558105,5.734192700626544,2.5699078027941256,3.5665973434880294,25.25825128789852,19.316908411014936,21.86882896224334,44.852531074874335,34.302146451075,38.83373870265029,3.6595476548276356,1.6228529175223172,2.2649141473378753,6.255637016799377,2.7741075513202,3.8716481151074795,38.84376810572288,31.178536427738155,34.810272050101304,66.3996035995263,53.29664346621908,59.504738547181724,3.229152886018361,1.447217704645156,2.008493384558105,5.734192700626544,2.5699078027941256,3.5665973434880294,25.25825128789852,19.316908411014936,21.86882896224334,44.852531074874335,34.302146451075,38.83373870265029,0.7537688442211055,-0.0012311557788945438,-0.0012311557788945438,0.6281407035175879,-0.0018592964824121205,-0.0018592964824121205,0.507537688442211,-0.0024623115577889765,-0.0024623115577889765,0.40753424657534243,0.10497014401123983,0.16379848347739256,0.36426116838487976,0.4371859296482412,0.1063588619790683,0.18342966921418447,0.41414141414141414,0.40753424657534243,0.10497014401123983,0.16379848347739256,0.36426116838487976,26.0,7.0,7.0,40.0,11.0,11.0,48.0,9.0,9.0,0.0016754041334882438,0.0001355339491565097,0.0002651473364015898,-0.008742671091808596,-0.006161826204378329,-0.00755783496443474
220,1,3.444013412312681,1.5603873796324608,2.1228595654534543,5.995134458470222,2.7162298830639133,3.695348132456013,31.312375798200467,24.73506457797697,27.56463259305642,54.50672824131192,43.05733463573769,47.98287895828339,3.6364543665593594,1.6328122759794397,2.2622757504065785,5.912933929364812,2.6549793105356745,3.678497155132648,37.95701618863336,30.540999411276214,34.005186768024096,61.71872550997295,49.660161644351575,55.29298661467333,3.444013412312681,1.5603873796324608,2.1228595654534543,5.995134458470222,2.7162298830639133,3.695348132456013,31.312375798200467,24.73506457797697,27.56463259305642,54.50672824131192,43.05733463573769,47.98287895828339,0.7537688442211055,-0.0012311557788945438,-0.0012311557788945438,0.6180904522613065,-0.0019095477386934512,-0.0019095477386934512,0.4974874371859297,-0.002512562814070307,-0.002512562814070307,0.44483985765124556,0.12512404948073041,0.1892185558760976,0.41428571428571426,0.457286432160804,0.12896563015579143,0.20686906989035325,0.4444444444444444,0.44483985765124556,0.12512404948073041,0.1892185558760976,0.41428571428571426,26.0,13.0,13.0,40.0,14.0,14.0,48.0,10.0,10.0,0.00071504198947448,0.0002690712991531292,0.00013524795355392282,-0.00025954392907312496,0.0001733692814402943,2.277625207813827e-05
220,0,3.4632663081089654,1.6131353658155372,2.1995739044709053,5.957642637163636,2.7749769090517273,3.7837908237624496,31.921070471982567,25.56041812550191,28.382607643360558,54.911841466684294,43.97000498970269,48.82484291030477,4.042687588600657,1.7866754440577814,2.4781056413456417,6.737812647667762,2.977792406762969,4.130176068909403,56.97927405269485,47.43432476165965,52.198598109313636,94.96545675449141,79.05720793609942,86.99766351552272,3.4632663081089654,1.6131353658155372,2.1995739044709053,5.957642637163636,2.7749769090517273,3.7837908237624496,31.921070471982567,25.56041812550191,28.382607643360558,54.911841466684294,43.97000498970269,48.82484291030477,0.7638190954773869,-0.001180904522613102,-0.001180904522613102,0.6432160804020101,-0.001783919597989958,-0.001783919597989958,0.5527638190954773,-0.0022361809045226,-0.0022361809045226,0.4131944444444444,0.10816844791064895,0.17762862458301254,0.3623693379790941,0.42713567839195976,0.10132114205110765,0.16169327438528192,0.4242424242424242,0.4131944444444444,0.10816844791064895,0.17762862458301254,0.3623693379790941,25.0,4.0,4.0,39.0,8.0,8.0,47.0,5.0,5.0,0.0012962341306209557,0.0002333864871818113,0.0002881571141258564,-0.0003080533820964959,0.0001462546060908565,-1.7556467044599344e-06
390,1,2.4181005127692337,1.0583586896913197,1.2884078605274252,4.779170353067495,2.091756089531429,2.546428743212222,11.224518223695979,7.329330699255436,8.12981302045974,22.184307244002902,14.485799825415226,16.06788516779543,2.858152635732488,1.2058436156709473,1.6962975279776709,4.363591810278607,1.8409826193449574,2.58976721828652,17.429298913276014,12.210282173827189,14.233442474848465,26.609616661490097,18.641652173781967,21.730446526486205,2.39756692053881,1.0479876370283057,1.4580718341340924,4.332952266033994,1.893953560894528,2.6350695797604073,10.99638871806357,7.140585728555513,8.43769954289306,19.87299165915103,12.904673003413578,15.248854595589867,0.5879396984924623,-0.002060301507537776,-0.002060301507537776,0.457286432160804,-0.0027135678391959628,-0.0027135678391959628,0.371859296482412,-0.003140703517587995,-0.003140703517587995,0.3588516746411483,0.08883972720984601,0.11251736379070842,0.3309352517985612,0.3869346733668342,0.12127051296583169,0.16489794548703451,0.3484848484848485,0.35451505016722407,0.09408099340595533,0.14539380433852556,0.31543624161073824,25.0,11.0,11.0,35.0,10.0,10.0,43.0,11.0,11.0,-4.593452916435372e-05,0.0006660002248705952,-4.6182263002026074e-05,-0.03825451976665928,-0.04271562466536327,-0.03748098786451326
390,0,3.101656905897371,1.4557637241976498,1.9843468448085024,5.861062015281929,2.7508914512424556,3.749731279155377,22.234761685095446,17.04912212766022,19.17814067402431,42.01603242562864,32.216961813647586,36.24007272194938,3.0771737278406346,1.392976853826815,1.9375619399331663,5.751726594094643,2.603695053881897,3.621611102678815,21.696994048500695,16.30887219499361,18.57143929701945,40.55512906261812,30.4838732616703,34.71297064863449,3.101656905897371,1.4557637241976498,1.9843468448085024,5.861062015281929,2.7508914512424556,3.749731279155377,22.234761685095446,17.04912212766022,19.17814067402431,42.01603242562864,32.216961813647586,36.24007272194938,0.6683417085427136,-0.0016582914572863539,-0.0016582914572863539,0.5276381909547738,-0.002361809045226204,-0.002361809045226204,0.4321608040201005,-0.002839195979899567,-0.002839195979899567,0.42490842490842495,0.13240385452451275,0.19835544074277334,0.4117647058823529,0.4321608040201005,0.13892772131333353,0.20177683073128583,0.41414141414141414,0.42490842490842495,0.13240385452451275,0.19835544074277334,0.4117647058823529,24.0,6.0,6.0,40.0,10.0,10.0,45.0,5.0,5.0,0.0001712683033223479,6.461673778658427e-05,3.3838939191531584e-05,-0.00020410455418851114,0.00020435748183800229,5.0812707827141423e-05
81,1,3.7908080670370983,1.7308912074472813,2.378524874712199,6.368557552622325,2.907897228511432,3.995921789516495,44.292176867222295,36.44685934693595,40.186858925039054,74.41085713693346,61.2307237028524,67.51392299406561,3.637884027394817,1.57810280975999,2.2260379395442245,5.774419091102884,2.504925094857127,3.533393554832102,38.0113206573456,30.16706721909651,33.907796775878786,60.33542961483428,47.88423368110557,53.82189964425204,3.7039566885268806,1.702535379054158,2.3399471716061395,6.207748639989186,2.853411249811438,3.9216991702896196,40.60765877220271,33.2080930709147,36.69581225749683,68.05752866849616,55.65602190656095,61.50136132541368,0.728643216080402,-0.001356783919598037,-0.001356783919598037,0.6180904522613065,-0.0019095477386934512,-0.0019095477386934512,0.5175879396984925,-0.002412060301507535,-0.002412060301507535,0.4208955223880597,0.0989879217919345,0.16667506558567635,0.3802395209580839,0.4120603015075377,0.09125829649500639,0.15162624474626896,0.3282828282828283,0.4147157190635451,0.09418149535736808,0.16443763230047503,0.36241610738255037,25.0,8.0,8.0,35.0,5.0,5.0,47.0,12.0,12.0,0.000692166722746461,5.224574853463158e-05,1.9384955785369286e-05,0.0003648737173866934,-3.5801071247121286e-05,0.00018020799302398416
81,0,3.7360746867978087,1.6887340420673467,2.3289796690762525,5.666084833058288,2.56111323915427,3.532101867793369,41.933066269152754,34.1857953279588,37.848992276942724,63.59517159302787,51.845755947615245,57.40131530152451,4.136715867411551,1.8877385017624162,2.6103437654638113,6.1284679517208165,2.7966496322406167,3.867175948835276,62.59690696693928,53.118868655802615,57.99545406465683,92.73615846953966,78.69462023081869,85.919191206899,3.7552294858721984,1.725840506073434,2.371605279078877,5.661149978701807,2.6017696071458807,3.575284340319915,42.74402783561689,35.13459241636238,38.754694206158085,64.43823291801542,52.96672223572219,58.42416211983631,0.7688442211055276,-0.0011557788944723812,-0.0011557788944723812,0.6582914572864322,-0.0017085427135676845,-0.0017085427135676845,0.5577889447236181,-0.00221105527638199,-0.00221105527638199,0.445141065830721,0.12589223953964124,0.18966661327597645,0.41509433962264153,0.4723618090452262,0.1440410070402136,0.21359720136576044,0.4444444444444444,0.4448160535117057,0.12762072796913482,0.20009970201003724,0.412751677852349,27.0,8.0,8.0,42.0,11.0,11.0,49.0,9.0,9.0,0.0019010444202278822,0.00022984357071809757,0.00045055901249539096,-0.004247472499277372,-0.0034701534490721997,-0.004298597398502579
389,1,4.197387413584071,1.9295426152631432,2.6446326650605503,6.099328585364352,2.8038666128042546,3.842981841416112,66.51233462762164,56.85377241067985,61.78786763625091,96.6507362557627,82.61563803426915,89.78549515892709,4.5151946197203054,2.122678223322072,2.90105848169428,6.271103638500424,2.948164199058433,4.029247891242055,91.39535162938851,80.4543604270039,86.3718052315968,126.93798837415072,111.74216725972765,119.96084059943999,4.197387413584071,1.9295426152631432,2.6446326650605503,6.099328585364352,2.8038666128042546,3.842981841416112,66.51233462762164,56.85377241067985,61.78786763625091,96.6507362557627,82.61563803426915,89.78549515892709,0.8693467336683417,-0.0006532663316582976,-0.0006532663316582976,0.7085427135678393,-0.0014572864321606982,-0.0014572864321606982,0.6130653266331658,-0.001934673366834172,-0.001934673366834172,0.44244604316546765,0.10851426578665258,0.1768958039310179,0.4223826714801444,0.4723618090452262,0.12649714739109086,0.20191105779313934,0.46464646464646464,0.44244604316546765,0.10851426578665258,0.1768958039310179,0.4223826714801444,23.0,0.0,0.0,34.0,-1.0,-1.0,46.0,-1.0,-1.0,0.0006749672661939621,0.00016324990614447168,7.734952146825955e-05,-0.0049142832050534935,-0.0033113389220318368,-0.004154910562782277
389,0,3.6154332782116887,1.6934367127721837,2.3246621663467364,5.957506408122406,2.790442885196932,3.830575393602798,37.16744628208596,30.33285571869559,33.53185736118753,61.244471232116496,49.982441498731106,55.25375238132788,3.612286479029823,1.6434109059360933,2.2876940337788803,5.873636551268005,2.6722128551806392,3.7198276972014317,37.05067162209762,29.88805350395748,33.29001925119728,60.2449945074758,48.598460982044685,54.13011260357281,3.6154332782116887,1.6934367127721837,2.3246621663467364,5.957506408122406,2.790442885196932,3.830575393602798,37.16744628208596,30.33285571869559,33.53185736118753,61.244471232116496,49.982441498731106,55.25375238132788,0.6934673366834171,-0.0015326633165829717,-0.0015326633165829717,0.6231155778894473,-0.0018844221105527303,-0.0018844221105527303,0.5175879396984925,-0.002412060301507535,-0.002412060301507535,0.4367816091954023,0.11746994571547875,0.1909217365839374,0.4192307692307692,0.44723618090452266,0.12643417589199135,0.2068355131248899,0.4242424242424242,0.4367816091954023,0.11746994571547875,0.1909217365839374,0.4192307692307692,24.0,9.0,9.0,34.0,10.0,10.0,44.0,10.0,10.0,-0.00011780267801565838,0.000257028651200719,0.00010931896797108283,-0.00012094549186336678,-0.00017278787436758591,9.286739145242251e-05
459,1,2.960098694138608,1.3366798758681133,1.8378260041805752,5.616597522211718,2.5362643798523177,3.4871570335733995,19.299876446191405,14.229480967384069,16.22804885835877,36.62027838508113,26.99952798939541,30.79168244919356,3.425903147788503,1.5558194646718102,2.1561143931852014,5.856244697074365,2.6595204524304448,3.6856656293764134,30.750404473891393,24.261565091020998,27.190304045802744,52.564793972463924,41.47276083935214,46.47915221504743,2.960098694138608,1.3366798758681133,1.8378260041805752,5.616597522211718,2.5362643798523177,3.4871570335733995,19.299876446191405,14.229480967384069,16.22804885835877,36.62027838508113,26.99952798939541,30.79168244919356,0.7487437185929648,-0.0012562814070351536,-0.0012562814070351536,0.5879396984924623,-0.002060301507537776,-0.002060301507537776,0.46733668341708545,-0.002663316582914521,-0.002663316582914521,0.3966101694915254,0.10388597321402959,0.1553474862897215,0.3197278911564626,0.4170854271356784,0.10630848477978871,0.16332916670162168,0.36868686868686873,0.3966101694915254,0.10388597321402959,0.1553474862897215,0.3197278911564626,21.0,5.0,5.0,29.0,3.0,3.0,39.0,6.0,6.0,0.002025152341991377,0.0004420335817088263,0.0002385959709887591,-0.005032091876683076,-0.003377188847876411,-0.004214488031251129
459,0,3.3829155831367936,1.5433394388642505,2.107965559661781,6.45259824190907,2.9437770778336634,4.020749123058582,29.456528994628684,23.16265899188889,25.878006431118447,56.18560160086582,44.18062733638066,49.35990115565185,3.768208633116142,1.5740403648263612,2.2231038365361795,6.978164135400263,2.9148895644932615,4.11685895654848,43.3024247859544,34.329889575550794,38.6139618497956,80.18967552954518,63.57386958435332,71.50733675888074,3.444448196369669,1.5665932242372107,2.1440843179827014,6.418226452862737,2.9191178091376595,3.995188170154102,31.325992880014468,24.786530402345473,27.655360791691873,58.37141530437479,46.186081495053685,51.53172818327679,0.8341708542713568,-0.0008291457286431214,-0.0008291457286431214,0.6231155778894473,-0.0018844221105527303,-0.0018844221105527303,0.5125628140703518,-0.0024371859296482556,-0.0024371859296482556,0.4188311688311688,0.12709697110021256,0.17801043448991605,0.38110749185667747,0.42211055276381915,0.10381481341544818,0.1583375978389444,0.43939393939393945,0.42140468227424754,0.12424274571331262,0.1778006778248593,0.38926174496644295,24.0,5.0,5.0,34.0,1.0,1.0,47.0,4.0,4.0,0.001026286728732143,0.00020446570663296842,0.0002515939357644202,0.00047149473440466494,6.878410509703059e-05,-7.1846786077856e-05
400,1,2.5195967743710646,1.1131038773573803,1.4908653992249425,5.567997810029883,2.459822148728038,3.2946284748304286,12.423586145123704,8.341970518246256,9.626071559082433,27.454591604656084,18.43472497242074,21.272429741675992,2.5736369415743265,1.0853955361589709,1.5201716550153506,5.199266548635003,2.1927182548666075,3.0710538485158594,13.113430598979097,8.684131274944331,10.24585972343167,26.491778987836557,17.54369954534208,20.69870651198317,2.5014297595390906,1.1240623384748571,1.5468370937511593,5.600215879565129,2.5165574741974415,3.463068120338417,12.199924455392427,8.235473308301113,9.602312184349275,27.31326370610245,18.43762680962936,21.49771384555808,0.6030150753768844,-0.0019849246231156137,-0.0019849246231156137,0.4522613065326633,-0.0027386934673366836,-0.0027386934673366836,0.31658291457286436,-0.003417085427135591,-0.003417085427135591,0.3697478991596639,0.08163601104777574,0.134166276481267,0.3595505617977528,0.38190954773869346,0.0836639337036057,0.1431783290408637,0.36868686868686873,0.3745819397993311,0.09244504497462325,0.14543844702958697,0.3557046979865772,20.0,5.0,5.0,31.0,7.0,7.0,37.0,5.0,5.0,0.00025962422862512574,-2.0388791615810414e-05,3.526780413148206e-05,-0.01608091488761154,-0.015421586629883244,-0.018203515427633654
400,0,3.4021981085048,1.5640312503736602,2.1382984163874488,6.138357433863159,2.8218764887694086,3.857988148085292,30.03003683210471,23.745030445982543,26.490840444877428,54.18117756480268,42.8415628681484,47.795643342344995,3.4071106431472242,1.539534675626226,2.123752226653597,5.925409814169086,2.677451609784741,3.693482133310603,30.17792337983813,23.705335774751024,26.56918433418711,52.48334500841415,41.22667091261048,46.207277102934114,3.485359598561673,1.594311778336688,2.1840672784470536,6.043976182476889,2.764702505786164,3.78739990482148,32.63416019720064,26.007851972714878,28.960118558340817,56.59102924370054,45.100321339968,50.21985877168928,0.6733668341708543,-0.001633165829145744,-0.001633165829145744,0.5477386934673367,-0.002261306532663321,-0.002261306532663321,0.5025125628140703,-0.0024874371859296973,-0.0024874371859296973,0.4323529411764706,0.13426189859203597,0.1965408081040636,0.3893805309734514,0.4623115577889447,0.16406594375385697,0.22858868633652407,0.38383838383838387,0.44147157190635455,0.13429294085460164,0.20009226156152693,0.40268456375838924,29.0,16.0,16.0,41.0,16.0,16.0,49.0,18.0,18.0,0.0008980687982860891,-6.995270555574921e-05,0.0002571635852542531,-0.0028750100457335392,-0.0035514974751178485,-0.0032209202886397392
260,1,3.928667820733169,1.8125552766032702,2.475053420979324,6.83246577518812,3.1522700462665565,4.304440732137954,50.83920560130828,42.5403921730668,46.5606546060854,88.41600974140572,73.98329073576836,80.97505148884419,3.849726650583085,1.7008401340048698,2.358220149869272,6.259718131029407,2.7655937138290567,3.8345043087305237,46.980219460644506,38.40491484099669,42.53643441645215,76.39060074901546,62.44701600162064,69.16493401049131,3.903005904975942,1.7985515846351405,2.46805380039367,6.6908672656730435,3.0832312879459556,4.230949372103435,49.5511715839578,41.348545801858194,45.35172771410503,84.94486557249908,70.88322137461404,77.74581893846576,0.7085427135678393,-0.0014572864321606982,-0.0014572864321606982,0.5979899497487438,-0.0020100502512562235,-0.0020100502512562235,0.4974874371859297,-0.002512562814070307,-0.002512562814070307,0.4482758620689655,0.13841670713938803,0.21365646686562867,0.46540880503144655,0.42211055276381915,0.11634614173625024,0.1783709868205804,0.43434343434343436,0.4347826086956522,0.1292734267257023,0.20230207476906714,0.4530201342281879,24.0,9.0,9.0,35.0,8.0,8.0,41.0,5.0,5.0,-0.0002867123684478029,-0.0003373786988836065,-0.00014790169701902364,0.0004280565422867255,2.617532955007107e-05,-0.00011039691273584396
260,0,3.313072915790843,1.499900886880114,2.0656140880795046,6.108478188489367,2.76544226018521,3.808475974896587,27.46940708522901,21.339546363605937,23.987922430564886,50.64671931339099,39.344788607898444,44.227731981354005,3.664817142726189,1.6056320537009063,2.2498678024312726,6.3186502460796365,2.7683311270705286,3.8790824179849537,39.04899511743094,31.20941646955033,34.93271718616583,67.325853650743,53.80933874060401,60.22882273476867,3.313072915790843,1.499900886880114,2.0656140880795046,6.108478188489367,2.76544226018521,3.808475974896587,27.46940708522901,21.339546363605937,23.987922430564886,50.64671931339099,39.344788607898444,44.227731981354005,0.7336683417085428,-0.001331658291457205,-0.001331658291457205,0.6331658291457287,-0.0018341708542712887,-0.0018341708542712887,0.5175879396984925,-0.002412060301507535,-0.002412060301507535,0.4217687074829932,0.10088585519097282,0.17855603779973528,0.40273037542662116,0.4371859296482412,0.09382753365826624,0.17007407655976037,0.4545454545454546,0.4217687074829932,0.10088585519097282,0.17855603779973528,0.40273037542662116,21.0,2.0,2.0,30.0,0.0,0.0,40.0,0.0,0.0,0.0010840699217179145,-7.560628637233721e-05,0.00021726269508309153,-0.0003496329132595122,0.00012301345579235345,-2.278298851532412e-05
495,1,3.0343323140530973,1.3701575751900321,1.886337343983255,5.851926605673831,2.642446752152205,3.6379363062534202,20.787094014403646,15.505781025933885,17.635227032066915,40.08939559920703,29.904006264301064,34.010794990414766,3.1794319248678695,1.3980602071041457,1.9585050907996349,5.627313141359061,2.474442844432116,3.4663806916807696,24.033097068684654,18.095100979318605,20.642768518793368,42.5364549888224,32.02672739702408,36.535873484590034,3.0343323140530973,1.3701575751900321,1.886337343983255,5.851926605673831,2.642446752152205,3.6379363062534202,20.787094014403646,15.505781025933885,17.635227032066915,40.08939559920703,29.904006264301064,34.010794990414766,0.7236180904522613,-0.0013819095477386467,-0.0013819095477386467,0.5678391959798995,-0.0021608040201005485,-0.0021608040201005485,0.42713567839195976,-0.002864321608040288,-0.002864321608040288,0.3986486486486487,0.08836197073971108,0.15595201943516557,0.3864406779661017,0.40703517587939697,0.09375196785934681,0.15828726269074922,0.40909090909090906,0.3986486486486487,0.08836197073971108,0.15595201943516557,0.3864406779661017,23.0,6.0,6.0,32.0,9.0,9.0,41.0,8.0,8.0,0.0006215235764575156,0.00012300220483118295,6.247000298552122e-05,-0.005039021798542542,-0.0051292267627376376,-0.004843847220187492
495,0,3.417247279049599,1.5013690094383383,2.085585777162966,6.257834079759578,2.749381998533957,3.819228954429682,30.485381665133314,23.692479487690523,26.69805084499853,55.82635517427538,43.386853061833264,48.89080560990355,3.6348718602453642,1.5309686039820138,2.1616484811054564,6.32151627868759,2.6625540938817633,3.7593886627920976,37.89699647416873,29.698889619254835,33.53371948032817,65.90781995507606,51.65024281609537,58.31951213970118,3.417247279049599,1.5013690094383383,2.085585777162966,6.257834079759578,2.749381998533957,3.819228954429682,30.485381665133314,23.692479487690523,26.69805084499853,55.82635517427538,43.386853061833264,48.89080560990355,0.7688442211055276,-0.0011557788944723812,-0.0011557788944723812,0.6432160804020101,-0.001783919597989958,-0.001783919597989958,0.5025125628140703,-0.0024874371859296973,-0.0024874371859296973,0.43150684931506844,0.1101393279475471,0.1843542297250912,0.36426116838487976,0.44221105527638194,0.09384012795808616,0.1684214058606891,0.3787878787878788,0.43150684931506844,0.1101393279475471,0.1843542297250912,0.36426116838487976,26.0,2.0,2.0,42.0,6.0,6.0,51.0,5.0,5.0,0.0013183424588369315,0.0004078081628368829,0.0002475665319121586,-0.000335773069539691,0.00013076050589333477,-1.577387457896151e-05
256,1,3.2809977752332107,1.501985592740442,2.059736447097468,5.538888717329184,2.5356100866693483,3.4771894859602415,26.602302580905448,20.678300886124536,23.210839796540544,44.90926349679737,34.90852945291992,39.18389083932114,3.391871102491216,1.4933327155798382,2.090760178504415,5.426993763985946,2.3893323449277415,3.3452162856070644,29.7215122705839,23.04538288102774,26.04813702820811,47.55441963293424,36.87261260964439,41.677019245132975,3.236692813726572,1.4855249406162545,2.0323572912605425,5.548616252102694,2.5466141839135785,3.484041070732358,25.44941645676966,19.68808920907916,22.114873843668754,43.62757106874799,33.751010072707125,37.91121230343215,0.7437185929648241,-0.0012814070351758744,-0.0012814070351758744,0.6080402010050252,-0.001959798994974782,-0.001959798994974782,0.44723618090452266,-0.0027638190954772934,-0.0027638190954772934,0.40894568690095845,0.09156131688500946,0.15708596320276502,0.3685897435897436,0.4371859296482412,0.1113713933073891,0.18009077105057847,0.3737373737373737,0.4046822742474916,0.08247860145951158,0.1477301051707396,0.35906040268456374,27.0,8.0,8.0,38.0,7.0,7.0,46.0,7.0,7.0,0.0010895573779310572,9.461381906983248e-05,0.00010131893730650529,0.00045175010162257223,4.941647984857411e-05,-8.936957092231523e-05
256,0,3.618974434789465,1.631964685169608,2.2407818348619006,5.69543517606211,2.568337865184957,3.5264763302744675,37.299295340266816,30.005604181867977,33.33157146177553,58.70053037156745,47.22193445015289,52.456243611974614,3.637940543380814,1.5536077793814869,2.181977004418082,5.1238599202546675,2.1881799709598404,3.073207048476172,38.01346896531789,29.974243334324036,33.72485524344961,53.54009713425055,42.21724413285076,47.49979611753467,3.618974434789465,1.631964685169608,2.2407818348619006,5.69543517606211,2.568337865184957,3.5264763302744675,37.299295340266816,30.005604181867977,33.33157146177553,58.70053037156745,47.22193445015289,52.456243611974614,0.7236180904522613,-0.0013819095477386467,-0.0013819095477386467,0.5728643216080402,-0.0021356783919597166,-0.0021356783919597166,0.48743718592964824,-0.002562814070351749,-0.002562814070351749,0.4355400696864111,0.129453113164672,0.18061538834226276,0.43356643356643354,0.42211055276381915,0.11133361040792944,0.1783709868205804,0.4242424242424242,0.4355400696864111,0.129453113164672,0.18061538834226276,0.43356643356643354,24.0,6.0,6.0,36.0,4.0,4.0,46.0,8.0,8.0,0.00017274592724703,2.1190106353815002e-05,3.117443946720112e-07,-0.00030112346023614123,0.00015012813114179124,1.7489102663859057e-06
171,1,3.18273623830723,1.4887231103666927,2.0240324260175493,5.762427715672038,2.695372368242854,3.664563971315984,24.112641301481684,18.67136782757293,20.9268400991246,43.65657161952473,33.805002803605724,37.88859470578349,3.302601013950367,1.4990244569893267,2.078185169958086,5.370082949512792,2.4374381414460595,3.3791628779806278,27.183251064498183,21.111927952345948,23.781072965073154,44.2004082349564,34.328338133895855,38.66841132532221,3.2428329493289807,1.5029598686295886,2.064213040387247,5.790773123801751,2.6838569082671224,3.686094714977227,25.60616004580983,19.909539680094454,22.35627407785899,45.725285796088976,35.55274942874009,39.92191799617676,0.6834170854271358,-0.0015829145728643024,-0.0015829145728643024,0.5628140703517588,-0.0021859296482411583,-0.0021859296482411583,0.4522613065326633,-0.0027386934673366836,-0.0027386934673366836,0.42274052478134105,0.1228860851889102,0.192046487635691,0.38888888888888884,0.4170854271356784,0.11132101610810952,0.18503200476506076,0.3787878787878788,0.42140468227424754,0.11589550030429763,0.1933735365567837,0.3959731543624161,21.0,4.0,4.0,30.0,6.0,6.0,39.0,4.0,4.0,0.00065190869049445,-1.167893167771023e-05,0.0003559619669715648,0.0003332823049371214,-6.678927164482928e-05,0.00016045041052237252
171,0,3.49549925281627,1.6104857641233243,2.206319955350842,6.187978407012586,2.85099506892102,3.9057826236616258,32.96674258423076,26.38029930030381,29.336936242509932,58.360044304516606,46.700259572159446,51.93430605092974,3.4524649902803812,1.5308108737406532,2.1358469437825205,5.754108317133969,2.5513514562344226,3.5597449063042013,31.578136249280586,24.74588578320433,27.84735356527371,52.63022708213431,41.24314297200722,46.412255942122854,3.49549925281627,1.6104857641233243,2.206319955350842,6.187978407012586,2.85099506892102,3.9057826236616258,32.96674258423076,26.38029930030381,29.336936242509932,58.360044304516606,46.700259572159446,51.93430605092974,0.7437185929648241,-0.0012814070351758744,-0.0012814070351758744,0.6080402010050252,-0.001959798994974782,-0.001959798994974782,0.48743718592964824,-0.002562814070351749,-0.002562814070351749,0.4252873563218391,0.1097997846201183,0.1883446811626035,0.42692307692307696,0.4371859296482412,0.11889019029987025,0.19010746554139646,0.43434343434343436,0.4252873563218391,0.1097997846201183,0.1883446811626035,0.42692307692307696,21.0,7.0,7.0,34.0,11.0,11.0,43.0,9.0,9.0,-9.442850440201081e-05,9.211602660738632e-05,1.0536370813546651e-05,-0.00012094549186336678,-0.00017278787436758591,9.286739145242251e-05
120,1,3.265611681000131,1.5126353596455009,2.0720540627715973,5.843726166000235,2.706821169891949,3.70788621759128,26.196129765988122,20.4243740293025,22.897333552178797,46.877284844399796,36.54887984190973,40.97417583021469,3.0589989867042657,1.361031554208919,1.8953849958346003,5.184744045261468,2.306833142726982,3.2125169420925435,21.306218675578315,15.84338615175546,18.104736152861843,36.112235043353074,26.853196867382138,30.685993479426852,3.2407454052896405,1.4902968643170917,2.0477671531291044,5.856768804740314,2.693307586115226,3.700784011679105,25.55276181400781,19.7955773839532,22.25587625725163,46.17969002531532,35.77513985051783,40.22146311551499,0.6130653266331658,-0.001934673366834172,-0.001934673366834172,0.507537688442211,-0.0024623115577889765,-0.0024623115577889765,0.42211055276381915,-0.0028894472361808976,-0.0028894472361808976,0.40327868852459015,0.11522631536583405,0.17863310510038077,0.39144736842105265,0.4120603015075377,0.12885228145741234,0.20170971720035902,0.36868686868686873,0.4046822742474916,0.11085923585016266,0.1799881696868687,0.38926174496644295,19.0,0.0,0.0,27.0,0.0,0.0,37.0,0.0,0.0,-0.0005318819327583034,-6.424237837672778e-05,-8.988485877309385e-05,-0.016953411435969734,-0.01949568321154338,-0.01700501667200882
120,0,3.015557776381086,1.3512010809612551,1.8656144411307194,5.619903128710205,2.5181474690641568,3.4768269130163403,20.400466666168267,15.118192620739269,17.242452709618806,38.019051514222674,28.174813520468632,32.13366186792595,2.9339216228705554,1.2227039218836215,1.7332385602884917,4.889869371450926,2.037839869806036,2.888730933814153,18.801217396466086,13.265519196169569,15.478831851374226,31.335362327443477,22.109198660282615,25.79805308562371,3.015557776381086,1.3512010809612551,1.8656144411307194,5.619903128710205,2.5181474690641568,3.4768269130163403,20.400466666168267,15.118192620739269,17.242452709618806,38.019051514222674,28.174813520468632,32.13366186792595,0.6482412060301508,-0.0017587939698492372,-0.0017587939698492372,0.5025125628140703,-0.0024874371859296973,-0.0024874371859296973,0.4120603015075377,-0.0029396984924623393,-0.0029396984924623393,0.43356643356643354,0.13164671279854523,0.1940315498455033,0.43157894736842106,0.42713567839195976,0.12638379869271166,0.180057214285115,0.40909090909090906,0.43356643356643354,0.13164671279854523,0.1940315498455033,0.43157894736842106,24.0,5.0,5.0,36.0,9.0,9.0,46.0,10.0,10.0,-0.00018285534864062757,8.950677747275101e-05,-7.798426368849495e-05,-0.00029419353837489837,0.00015400165618917327,5.253467235455389e-06
112,1,3.284091205764235,1.4957151224402294,2.055006643813427,5.590774314574829,2.5462769346303906,3.4984041674442867,26.68472237012589,20.704988382347555,23.266623324425037,45.42756308247622,35.247777841377385,39.608656373723576,3.412012869389213,1.451102184922851,2.0628614572060577,5.054833880576611,2.1497810147005194,3.0560910477126773,30.32622559627048,23.220430339440174,26.47207204140748,44.927741624104414,34.40063753991137,39.21788450578886,3.284091205764235,1.4957151224402294,2.055006643813427,5.590774314574829,2.5462769346303906,3.4984041674442867,26.68472237012589,20.704988382347555,23.266623324425037,45.42756308247622,35.247777841377385,39.608656373723576,0.7185929648241206,-0.0014070351758793676,-0.0014070351758793676,0.6080402010050252,-0.001959798994974782,-0.001959798994974782,0.4623115577889447,-0.002688442211055242,-0.002688442211055242,0.4175438596491228,0.09236903447429756,0.1637603904989482,0.43309859154929575,0.4170854271356784,0.0845854271356784,0.1541902524268598,0.4494949494949495,0.4175438596491228,0.09236903447429756,0.1637603904989482,0.43309859154929575,19.0,0.0,0.0,30.0,0.0,0.0,40.0,0.0,0.0,0.0003266115181101671,-3.455898515913358e-06,-9.55946640708641e-05,-0.0002872636165145437,0.00015787518124010802,8.758024202748516e-06
112,0,3.801504665407641,1.757910912382545,2.4091478338379146,6.281919057021137,2.9049166140789575,3.9810740800300293,44.768495446820694,37.05019837598079,40.74417190915516,73.97914495822143,61.22479589789733,67.32902166548335,3.783684356727792,1.680476219989997,2.3497429900512956,6.005848185282209,2.667422571412694,3.7297507778592,43.977773419384334,35.785363248450366,39.78257194229924,69.8059895545783,56.80216388642914,63.14693959095117,3.801504665407641,1.757910912382545,2.4091478338379146,6.281919057021137,2.9049166140789575,3.9810740800300293,44.768495446820694,37.05019837598079,40.74417190915516,73.97914495822143,61.22479589789733,67.32902166548335,0.7839195979899498,-0.0010804020100502187,-0.0010804020100502187,0.6180904522613065,-0.0019095477386934512,-0.0019095477386934512,0.507537688442211,-0.0024623115577889765,-0.0024623115577889765,0.44396551724137934,0.12568594734890626,0.19897984388894385,0.4502164502164502,0.42713567839195976,0.1088399390435888,0.16670162163069102,0.4292929292929293,0.44396551724137934,0.12568594734890626,0.19897984388894385,0.4502164502164502,22.0,2.0,2.0,32.0,1.0,1.0,42.0,2.0,2.0,-3.30364398723655e-05,4.4429890212590435e-05,-1.6989616957573472e-05,-0.006933271320754386,-0.0070060434665242255,-0.0062697747142292926
472,1,3.263792541291979,1.4376027388454196,2.001611333974542,5.493712911118797,2.419815790230489,3.3691718727149125,26.14851866488301,19.938339152916214,22.61539910988368,44.01396619989625,33.56080689714469,38.066914029679985,3.364732471542742,1.3522042850888294,1.9315664639770063,5.257394486785534,2.112819195451296,3.0180725999640723,28.92575780046888,21.44354792347513,24.733807850357096,45.19649656323262,33.50554363042989,38.64657476618296,3.263792541291979,1.4376027388454196,2.001611333974542,5.493712911118797,2.419815790230489,3.3691718727149125,26.14851866488301,19.938339152916214,22.61539910988368,44.01396619989625,33.56080689714469,38.066914029679985,0.6783919597989949,-0.0016080402010050232,-0.0016080402010050232,0.5477386934673367,-0.002261306532663321,-0.002261306532663321,0.4723618090452262,-0.0026381909547738003,-0.0026381909547738003,0.4444444444444444,0.1394536865886219,0.2030651340996168,0.4163568773234201,0.44723618090452266,0.1389655042127933,0.19514936955226891,0.41414141414141414,0.4444444444444444,0.1394536865886219,0.2030651340996168,0.4163568773234201,16.0,0.0,0.0,25.0,0.0,0.0,33.0,0.0,0.0,0.0005275745447000018,0.0003422313250814437,0.00013200007112322478,-0.0001833147886074471,0.00021597805698636563,6.13263787334617e-05
472,0,3.2859123384690956,1.4535000780434264,2.006496624113691,5.622951595241234,2.487272860822976,3.4335771107827866,26.733363067893823,20.484420499197363,23.13882419347662,45.74693145308034,35.05355379541795,39.59584888723272,3.6666306538797504,1.6026406659327597,2.227349940140849,5.68469868818566,2.4847142107484648,3.453255721148603,39.119875157057,31.24253748468186,34.90221413699918,60.65096923574729,48.438042611909864,54.1119599023243,3.26317100899674,1.4683209013722849,2.0157130155551255,5.530798320333458,2.488679493851331,3.416462738229027,26.1322715656316,20.113699049571366,22.650789815463504,44.291985704460345,34.091015338256554,38.3911691787517,0.7688442211055276,-0.0011557788944723812,-0.0011557788944723812,0.6180904522613065,-0.0019095477386934512,-0.0019095477386934512,0.49246231155778897,-0.002537688442211028,-0.002537688442211028,0.43887147335423193,0.12431748274390331,0.18443977366705777,0.4119496855345912,0.4321608040201005,0.10133373635092757,0.16171005276801365,0.45959595959595956,0.4381270903010034,0.13261790833105347,0.19007369764249393,0.4093959731543624,20.0,0.0,0.0,33.0,0.0,0.0,42.0,-1.0,-1.0,0.000688162384485034,0.00023073482614457757,0.00028305554821396315,-0.0027920825880531908,-0.0034701534490721997,-0.004298597398502579
26,1,3.2048089655813894,1.481067481647664,2.006662326438672,5.504730693822151,2.543951203771282,3.4467376430593655,24.650790417207148,19.04532839253484,21.336821170525972,42.3413576577911,32.71315229776573,36.64912812819755,3.7012143350725797,1.6585658541242294,2.307386188825862,5.325488251902993,2.3864256893873805,3.3199801278069963,40.49645077441112,32.785446147057705,36.46620183246145,58.26827449555557,47.17330380871613,52.469355154620786,3.2048089655813894,1.481067481647664,2.006662326438672,5.504730693822151,2.543951203771282,3.4467376430593655,24.650790417207148,19.04532839253484,21.336821170525972,42.3413576577911,32.71315229776573,36.64912812819755,0.8291457286432161,-0.0008542713567838423,-0.0008542713567838423,0.6733668341708543,-0.001633165829145744,-0.001633165829145744,0.5577889447236181,-0.00221105527638199,-0.00221105527638199,0.4467353951890034,0.13112647580649917,0.19987825233186052,0.36896551724137927,0.4522613065326633,0.10639664487852796,0.18681890252598543,0.4444444444444444,0.4467353951890034,0.13112647580649917,0.19987825233186052,0.36896551724137927,25.0,11.0,11.0,39.0,14.0,14.0,48.0,14.0,14.0,0.0015311522089096136,6.3614220811940185e-06,0.00021350475428744424,-0.00032884314767755995,0.00013463403094249315,-1.2269317609892028e-05
26,0,3.54057433200955,1.5909792819307444,2.1903307450698604,6.039803272251586,2.714023480940682,3.7364465651191736,34.486720331489416,27.460878441162073,30.62835506786365,58.83028762430548,46.84502792904118,52.248370409885055,3.4988417817120574,1.5430752726607464,2.1391724480057412,5.509987057814263,2.4300397994657423,3.3687755086704585,33.07711923973351,26.00778358247879,29.18221406475508,52.089951558635455,40.9571394999666,45.956242621661545,3.54057433200955,1.5909792819307444,2.1903307450698604,6.039803272251586,2.714023480940682,3.7364465651191736,34.486720331489416,27.460878441162073,30.62835506786365,58.83028762430548,46.84502792904118,52.248370409885055,0.7386934673366834,-0.0013065326633165952,-0.0013065326633165952,0.6080402010050252,-0.001959798994974782,-0.001959798994974782,0.5125628140703518,-0.0024371859296482556,-0.0024371859296482556,0.47058823529411764,0.1286193233770192,0.2082176944425641,0.46875,0.457286432160804,0.11894056749914983,0.19184402815412616,0.4545454545454546,0.47058823529411764,0.1286193233770192,0.2082176944425641,0.46875,26.0,2.0,2.0,42.0,8.0,8.0,49.0,3.0,3.0,-0.00019019023002229965,-0.00030797692008459115,2.271813825435106e-05,-0.0003149833039568506,0.00014238108104080993,-5.260203672641239e-06
330,1,3.478726873707279,1.599667215748036,2.188465910192466,5.3277798966688055,2.4499407808753704,3.3517045471416145,32.41842304525376,25.871077822660915,28.784688341042102,49.649837096334586,39.62237144011131,44.08465781961403,3.808410015537511,1.7435174886814688,2.39598238954704,5.479726641061167,2.5086582570956386,3.4474566756072518,45.07870741110808,37.19425692567144,40.97279647998335,64.86144951238573,53.51691643981503,58.95366399997606,3.4296512284805143,1.5722423843096494,2.147894648007859,5.276386505354637,2.41883443739946,3.304453304627475,30.86587573379201,24.458762319188136,27.262912669012454,47.48596266737232,37.628865106443286,41.94294256771147,0.7135678391959799,-0.0014321608040201994,-0.0014321608040201994,0.5979899497487438,-0.0020100502512562235,-0.0020100502512562235,0.5175879396984925,-0.002412060301507535,-0.002412060301507535,0.4336283185840708,0.13318649236904867,0.19614058551243196,0.41124260355029585,0.44723618090452266,0.1339529728844725,0.2085049622066929,0.4444444444444444,0.4247491638795987,0.12424832915505779,0.19004393584845303,0.3993288590604027,21.0,0.0,0.0,30.0,0.0,0.0,41.0,0.0,0.0,0.001095726127484427,-0.00022234979986125773,0.0003634183606422147,-0.0043264510304013015,-0.0035476239500669138,-0.004017871283992669
330,0,3.3763636464816855,1.406351462854661,1.9978690310179914,6.100739830194494,2.5411316087442843,3.6099426629428537,29.26416255708954,22.09339870336287,25.2952401833709,52.877314413499725,39.92048593297291,45.705882262366735,3.4399627219492466,1.45906371006961,2.053355598015477,6.088429596370348,2.582413646140903,3.634257695602614,31.185795600969275,23.93653837607274,27.184544354052203,55.19609840879518,42.365554647916355,48.11423779478267,3.3763636464816855,1.406351462854661,1.9978690310179914,6.100739830194494,2.5411316087442843,3.6099426629428537,29.26416255708954,22.09339870336287,25.2952401833709,52.877314413499725,39.92048593297291,45.705882262366735,0.7035175879396984,-0.001482412060301641,-0.001482412060301641,0.5778894472361809,-0.002110552763819218,-0.002110552763819218,0.457286432160804,-0.0027135678391959628,-0.0027135678391959628,0.4137931034482759,0.0906573481901497,0.15264660663298923,0.3846153846153846,0.4170854271356784,0.08375209380234505,0.14997357404719758,0.3787878787878788,0.4137931034482759,0.0906573481901497,0.15264660663298923,0.3846153846153846,24.0,0.0,0.0,33.0,0.0,0.0,45.0,0.0,0.0,0.000198563488083172,0.0003522444323395311,0.00031177083654658006,-0.00012094549186336678,-0.00017278787436758591,9.286739145242251e-05
100,1,2.9852438641421366,1.3310074937912453,1.8267282434676975,5.367251921540525,2.39305492407027,3.2843248729704198,19.791328043160792,14.56224273057218,16.60612632546706,35.58337218122692,26.181856101080555,29.856610543715387,3.378611071025906,1.5202910532208302,2.1074234431730474,5.320647355946308,2.394159138930441,3.3187770758630664,29.33000551511242,22.91705144717319,25.76492147285959,46.18898506316916,36.08984479869794,40.574679484818255,3.0866115348394896,1.3692819183008194,1.8981785468487762,5.173091957831547,2.294885896593552,3.181304827120854,21.902735437394853,16.333099911790505,18.620801092088673,36.70849514647182,27.373910466687995,31.208046523053643,0.7035175879396984,-0.001482412060301641,-0.001482412060301641,0.5577889447236181,-0.00221105527638199,-0.00221105527638199,0.44221105527638194,-0.0027889447236180143,-0.0027889447236180143,0.3988439306358381,0.10302863482054225,0.1613072737443425,0.3449275362318841,0.40201005025125625,0.10125817055200814,0.1599399333898205,0.36868686868686873,0.39799331103678925,0.10250082355765733,0.15883869479652224,0.3422818791946308,24.0,3.0,3.0,33.0,4.0,4.0,43.0,4.0,4.0,0.0009511636224385013,0.00028754984595495063,0.0005366367623395249,0.0003214355252678658,-7.840984679496898e-05,0.0001530413170849343
100,0,3.737237417234549,1.682196702001821,2.3151817169638034,5.896530147192288,2.654132574269539,3.6528422645428895,41.981851478137195,34.174695741809536,37.83621761074751,66.23803233217201,53.92007550374393,59.69714334140162,3.6956498694779287,1.536270354045155,2.173468895690987,5.434779219820483,2.259221108889934,3.1962777877808635,40.27173545752274,31.605976437303077,35.689527476942345,59.22314037870991,46.479377113681,52.48459923079757,3.737237417234549,1.682196702001821,2.3151817169638034,5.896530147192288,2.654132574269539,3.6528422645428895,41.981851478137195,34.174695741809536,37.83621761074751,66.23803233217201,53.92007550374393,59.69714334140162,0.7135678391959799,-0.0014321608040201994,-0.0014321608040201994,0.5778894472361809,-0.002110552763819218,-0.002110552763819218,0.5125628140703518,-0.0024371859296482556,-0.0024371859296482556,0.4558303886925795,0.1313153975109217,0.1961359116067981,0.44326241134751776,0.4321608040201005,0.11386506467172952,0.18174344174964974,0.4191919191919192,0.4558303886925795,0.1313153975109217,0.1961359116067981,0.44326241134751776,20.0,2.0,2.0,32.0,1.0,1.0,40.0,-2.0,-2.0,-0.00010085333130725934,0.0001735424865195323,2.2949590892210233e-05,-0.0002734037727947225,0.00016562223134020115,1.5767138139999304e-05
278,1,3.4610065003877044,1.6159012313002559,2.2004585896451094,5.601629017968539,2.6153314726246912,3.561435867633703,31.849016435256715,25.52025045650052,28.321662802312908,51.54754105128254,41.3044516058968,45.83852939102667,3.4705396405416518,1.5725963688114726,2.1745177800320885,5.066481227068104,2.2957611223525145,3.174478510995749,32.15408941399593,25.4819319084097,28.49936072441567,46.94027651678238,37.19990059621854,41.60490616703017,3.4610065003877044,1.6159012313002559,2.2004585896451094,5.601629017968539,2.6153314726246912,3.561435867633703,31.849016435256715,25.52025045650052,28.321662802312908,51.54754105128254,41.3044516058968,45.83852939102667,0.728643216080402,-0.001356783919598037,-0.001356783919598037,0.592964824120603,-0.0020351758793969443,-0.0020351758793969443,0.48743718592964824,-0.002562814070351749,-0.002562814070351749,0.42652329749103945,0.11525317226742582,0.1821847992788821,0.4244604316546763,0.42211055276381915,0.09629601642296703,0.1700237414115654,0.4191919191919192,0.42652329749103945,0.11525317226742582,0.1821847992788821,0.4244604316546763,23.0,2.0,2.0,32.0,4.0,4.0,43.0,6.0,6.0,3.8755754201554376e-05,-6.057985364005802e-05,4.808208894512606e-05,-0.0002456840853515274,0.00018111633153772289,2.978536601450088e-05
278,0,3.020887307218603,1.3767138965681536,1.8929005175313072,5.678503355974209,2.5878735903844405,3.558173757637963,20.509481824150626,15.332752715336309,17.420051262452013,38.55263355552364,28.821693395284072,32.74528623384967,3.275728057976344,1.390078001330958,1.9767333450591882,4.85293045626125,2.0593748167866037,2.92849384453213,26.46248469185466,19.871847354454207,22.796874867300147,39.20368102496986,29.43977385845067,33.77314795155577,3.020887307218603,1.3767138965681536,1.8929005175313072,5.678503355974209,2.5878735903844405,3.558173757637963,20.509481824150626,15.332752715336309,17.420051262452013,38.55263355552364,28.821693395284072,32.74528623384967,0.7738693467336684,-0.0011306532663316604,-0.0011306532663316604,0.5979899497487438,-0.0020100502512562235,-0.0020100502512562235,0.4623115577889447,-0.002688442211055242,-0.002688442211055242,0.41554054054054057,0.10356752199079355,0.16610233829334953,0.38983050847457623,0.42211055276381915,0.09629601642296703,0.1549986996753383,0.43434343434343436,0.41554054054054057,0.10356752199079355,0.16610233829334953,0.38983050847457623,19.0,7.0,7.0,32.0,14.0,14.0,42.0,14.0,14.0,0.0007443122852325407,3.848102032806633e-05,-6.765689751377018e-05,-0.00036349275698022154,0.0001152664056931485,-2.979210245257491e-05
111,1,2.8814027773869504,1.307064352659509,1.7852986158587276,5.635148469699795,2.5562207909606847,3.491501723419916,17.839280174716443,13.011733398877976,14.846795127967475,34.88821249359101,25.44699759653983,29.035820851531323,2.774707130451298,1.2015787600371952,1.6910445433157155,4.867907246405786,2.1080329123459567,2.9667448128345884,16.033930457975657,11.212221743038393,13.078445986565448,28.12970255785203,19.670564461470867,22.944642081693768,2.796559445435387,1.24224983768918,1.7048069459939708,5.4478430755234815,2.4199672162776236,3.321052492196047,16.38816528611701,11.656346699805962,13.408674229857878,31.924997310617556,22.7071688957259,26.120793954268592,0.6582914572864322,-0.0017085427135676845,-0.0017085427135676845,0.5025125628140703,-0.0024874371859296973,-0.0024874371859296973,0.38190954773869346,-0.0030904522613065533,-0.0030904522613065533,0.4058441558441559,0.10924772148435036,0.16394350789599177,0.4071661237785016,0.39698492462311563,0.09873931058802787,0.16326205317069498,0.38888888888888884,0.40802675585284276,0.10919537021010484,0.16442275140345453,0.3993288590604027,15.0,1.0,1.0,27.0,1.0,1.0,33.0,4.0,4.0,-0.000732207105026768,-0.00020009441321596418,-0.00013312636098013588,0.00047149473440466494,6.878410509703059e-05,-7.1846786077856e-05
111,0,3.407984303899958,1.560733311435353,2.136633983385078,5.9358847491004765,2.718420108379159,3.7214998501817025,30.204300167598483,23.861939828080125,26.638636065148003,52.6085887534545,41.5617303598978,46.398063915669866,3.5473443335624197,1.6089298017208071,2.2098250994321207,6.063836467628068,2.750307353368901,3.7774788024480697,34.72098758174899,27.77326074767977,30.911406487299853,59.35211552435726,47.47565939774321,52.840011089401465,3.362511364805618,1.5513782588550789,2.1164097326235307,5.879478936122105,2.712643856126717,3.700622865815414,28.86158190208531,22.74420676133613,25.384819097867695,50.465573033470804,39.76911006806727,44.38632111264585,0.7437185929648241,-0.0012814070351758744,-0.0012814070351758744,0.5829145728643217,-0.002085427135678275,-0.002085427135678275,0.48743718592964824,-0.002562814070351749,-0.002562814070351749,0.42405063291139244,0.12231287619733244,0.17457694870086615,0.3936507936507937,0.4170854271356784,0.11382728177226986,0.16499861578342467,0.38888888888888884,0.4161073825503355,0.11627488673794018,0.16945559683604983,0.37710437710437705,25.0,6.0,6.0,38.0,9.0,9.0,46.0,6.0,6.0,0.0008768930428995009,0.00019633542504923733,7.136576941221531e-05,0.00043990332195509296,3.7795904697546234e-05,-9.98832418286355e-05
338,1,3.4172467809231555,1.5671110167055837,2.141653881308307,5.200158144883063,2.3847341558563233,3.25903851503438,30.485366479562344,24.124683462424628,26.904542629638357,46.390775077594874,36.71147483412443,40.941695305971415,3.465105231682859,1.554794228007422,2.143610650775563,5.171798853257998,2.320588400011078,3.1994188817545712,31.97982488685952,25.224635526267008,28.230804480421433,47.73108192068585,37.64870974069703,42.13552907525587,3.4172467809231555,1.5671110167055837,2.141653881308307,5.200158144883063,2.3847341558563233,3.25903851503438,30.485366479562344,24.124683462424628,26.904542629638357,46.390775077594874,36.71147483412443,40.941695305971415,0.6532663316582914,-0.0017336683417086274,-0.0017336683417086274,0.5527638190954773,-0.0022361809045226,-0.0022361809045226,0.4623115577889447,-0.002688442211055242,-0.002688442211055242,0.4180327868852459,0.11332931040262828,0.17416357707598162,0.3662551440329218,0.4120603015075377,0.10629589047996879,0.16999018464610194,0.3535353535353535,0.4180327868852459,0.11332931040262828,0.17416357707598162,0.3662551440329218,25.0,0.0,0.0,36.0,0.0,0.0,45.0,0.0,0.0,0.0008628711225150694,-7.5103470135214e-05,0.00023733509627045236,-3.136820234672655e-06,-7.934534252473924e-05,-9.790377231322367e-05
338,0,3.224371139156191,1.4644649538760692,2.007839951534213,5.259001055842985,2.3885658338620375,3.2748191722884212,25.13776103059869,19.32586890280465,21.76230246081898,41.00009152049518,31.52080222115196,35.494664441442715,3.627597073214737,1.6069524159195865,2.2402722301503637,5.850963021314092,2.5918587353541716,3.613342306694135,37.62230427080732,30.079118134247093,33.618180218513615,60.68113592065697,48.51470666814048,54.22287132018326,3.2400158663657197,1.4686031727672861,2.0041690248049995,5.282634564726718,2.3944616947292716,3.2676668882690216,25.53412687793292,19.654973938589315,22.09283536214641,41.631728605325414,32.046153160743444,36.02092722089088,0.7587939698492463,-0.001206030150753712,-0.001206030150753712,0.6381909547738693,-0.0018090452261306789,-0.0018090452261306789,0.5376884422110553,-0.0023115577889447625,-0.0023115577889447625,0.4407894736842105,0.12880260997320891,0.20118334676954963,0.4092409240924092,0.4623115577889447,0.1314844901197718,0.201877501027676,0.4696969696969697,0.4381270903010034,0.13094845924925047,0.19897247406073637,0.4093959731543624,27.0,13.0,13.0,41.0,18.0,18.0,48.0,15.0,15.0,0.0011292857564739152,-7.764622098649117e-06,0.00026920313526768386,0.00048729044062767457,8.427820529455232e-05,-5.782855820246624e-05
175,1,3.522670651065465,1.5903267059990274,2.182387620897015,5.895081497701391,2.6613630590187807,3.6521588757868417,33.8747754726913,26.969097657018473,30.054650909819593,56.688399770626255,45.13195934439827,50.29553825724912,3.7675905083891137,1.6380213146160112,2.2990012600264276,5.9332133990379745,2.5795611253795454,3.6204744252384686,43.27566675720549,34.86442434202395,38.932562980805805,68.15065631055982,54.904605263029836,61.31112280441858,3.6978140112548368,1.6854679009745883,2.317060280614574,5.869546049610852,2.6753458745628387,3.6778734612929744,40.358983577253106,32.878135908387726,36.38108481523552,64.06187869405255,52.18751731490116,57.74775367497701,0.778894472361809,-0.0011055276381910506,-0.0011055276381910506,0.6683417085427136,-0.0016582914572863539,-0.0016582914572863539,0.5527638190954773,-0.0022361809045226,-0.0022361809045226,0.41896024464831805,0.0983495576254173,0.16361945115899967,0.3926380368098159,0.44221105527638194,0.09885265928640696,0.1834464475969162,0.4292929292929293,0.4280936454849499,0.09754272728795488,0.1755908646173192,0.412751677852349,24.0,7.0,7.0,35.0,5.0,5.0,49.0,13.0,13.0,0.0005591100077843283,0.00026126397235338544,0.000518141493992553,0.00039646512983626536,-4.812870849413287e-06,-0.00013843336848395893
175,0,3.6516736727090753,1.7406197677759543,2.3571580458845247,6.163406886741773,2.937871459896981,3.978483685910917,38.53911396490396,31.77890430107567,34.889886007051835,65.04749923176912,53.63740990499016,58.8882202976166,3.775248420298399,1.7458786767528478,2.3856894964369797,6.188931836554753,2.8620961913981113,3.9109663876016065,43.60834016711892,35.99905112348308,39.59526057819964,71.48908224117855,59.0148379073493,64.91026324295022,3.7416792478051075,1.79169250897286,2.416007174658317,6.100563990986589,2.9212377863687937,3.939142132595083,42.16874251131599,35.140148138713755,38.40402784271907,68.75338452931956,57.293719791381136,62.61526278704197,0.7638190954773869,-0.001180904522613102,-0.001180904522613102,0.6180904522613065,-0.0019095477386934512,-0.0019095477386934512,0.5276381909547738,-0.002361809045226204,-0.002361809045226204,0.4339622641509434,0.1309795325967833,0.20069866582458362,0.4069400630914827,0.4522613065326633,0.14148436417677357,0.20017449518040953,0.4191919191919192,0.4381270903010034,0.13094845924925047,0.19786012700845612,0.4161073825503355,27.0,10.0,10.0,41.0,13.0,13.0,46.0,8.0,8.0,0.00046865839894996583,-3.95611626707177e-05,0.00020374579541893118,0.0004320054688413677,3.0048854599229458e-05,-0.0001068923557658863
43,1,2.4502487642723216,1.0609349892114308,1.4662583423428566,4.900497528544643,2.1218699784228616,2.932516684685713,11.591229844456814,7.579133936606141,8.916120055973384,23.182459688913628,15.158267873212282,17.832240111946767,2.60377704558061,1.099749083792289,1.5315773401335102,4.4509009326164275,1.8799129637475027,2.618080923305146,13.51468734560898,9.01490979755627,10.592887810961624,23.10202965061364,15.410102218044905,18.10750053155833,2.4502487642723216,1.0609349892114308,1.4662583423428566,4.900497528544643,2.1218699784228616,2.932516684685713,11.591229844456814,7.579133936606141,8.916120055973384,23.182459688913628,15.158267873212282,17.832240111946767,0.592964824120603,-0.0020351758793969443,-0.0020351758793969443,0.4723618090452262,-0.0026381909547738003,-0.0026381909547738003,0.35678391959798994,-0.0032160804020100464,-0.0032160804020100464,0.3894736842105263,0.11977140750299564,0.16310262236688566,0.3345070422535211,0.3869346733668342,0.11375171597335043,0.1665673945688375,0.33838383838383834,0.3894736842105263,0.11977140750299564,0.16310262236688566,0.3345070422535211,26.0,15.0,15.0,36.0,11.0,11.0,42.0,12.0,12.0,0.0007716138017593853,0.0008029179942215438,6.0547852945828924e-05,-0.01429015718186566,-0.014555962723360238,-0.01254317750420686
43,0,3.2616636398472365,1.4668449541408553,2.0135488188147628,5.649985649352864,2.5409281446046514,3.4879506861436056,26.09291025912961,20.074526855190747,22.609141024531723,45.199194274011404,34.77390717538506,39.164468332112335,3.235118507140845,1.3891960920217787,1.9511916040339135,5.483251707018382,2.354569647494541,3.307104413616803,25.40938279373696,19.075443175454566,21.798591645006283,43.06675049785925,32.33125961941452,36.94676550001064,3.233646186299149,1.440412797845775,1.995363217775909,5.640080557498515,2.512347903219375,3.4802846821672833,25.371999556687687,19.363149520818947,21.92231439801496,44.25348759887387,33.77293521073072,38.23659488025865,0.6633165829145728,-0.0016834170854271857,-0.0016834170854271857,0.5778894472361809,-0.002110552763819218,-0.002110552763819218,0.5025125628140703,-0.0024874371859296973,-0.0024874371859296973,0.4873417721518988,0.1777051212830204,0.24313124583610934,0.4634920634920635,0.46733668341708545,0.15154720973287494,0.2252665665556497,0.4292929292929293,0.4816053511705686,0.17108782195520966,0.24245073493030156,0.4563758389261745,29.0,6.0,6.0,38.0,2.0,2.0,47.0,2.0,2.0,0.0006491248008057464,0.00020210666008918464,-8.205856578983562e-05,-0.00599247708661288,-0.004773785766978733,-0.00586467185330708
117,1,3.3228724106034235,1.5178475477810174,2.0771284967777075,6.2026951664597245,2.8333154225245663,3.877306527318388,27.7399166613075,21.65979404565759,24.264397336544732,51.781177767774004,40.43161555189417,45.2935416948835,3.3314876047211075,1.472135334257752,2.032958452639024,5.694850606360868,2.516470656850858,3.475142654083802,27.979933840914168,21.56035656626763,24.3160301835375,47.82894673660542,36.855310369688254,41.56586356160256,3.273518219041984,1.485880297914053,2.044294921553679,5.9881430836133855,2.718073715696439,3.7395638808908767,26.404071428605604,20.428749825671435,22.985498138199894,48.300130662083426,37.36966431525263,42.04664293573151,0.6884422110552764,-0.0015577889447235815,-0.0015577889447235815,0.5678391959798995,-0.0021608040201005485,-0.0021608040201005485,0.46733668341708545,-0.002663316582914521,-0.002663316582914521,0.435820895522388,0.13030673754921362,0.19252397397323207,0.3802395209580839,0.4321608040201005,0.11887759600005032,0.19176013624046773,0.33838383838383834,0.42140468227424754,0.11923439846790362,0.1833624130862609,0.3557046979865772,22.0,0.0,0.0,34.0,0.0,0.0,44.0,-1.0,-1.0,0.0012655412371719366,9.498885040622857e-06,0.0003795049185886377,-0.0019728908028948666,-0.0035321298498676157,-0.004007992492741863
117,0,3.799091562092733,1.7600075551959522,2.4098334063954625,6.1624799175806535,2.8548959761608756,3.908973955722872,44.6605946822603,36.977026802974606,40.64872191842519,72.44363904855014,59.98017719784835,65.93600822814318,3.9306342997143617,1.7806360361067153,2.464698510230347,5.95550651471873,2.6979333880404774,3.7343916821671925,50.93927819361976,42.354434703111394,46.607683388452855,77.1807245357875,64.17338591380515,70.61770210371644,3.799091562092733,1.7600075551959522,2.4098334063954625,6.1624799175806535,2.8548959761608756,3.908973955722872,44.6605946822603,36.977026802974606,40.64872191842519,72.44363904855014,59.98017719784835,65.93600822814318,0.7738693467336684,-0.0011306532663316604,-0.0011306532663316604,0.6281407035175879,-0.0018592964824121205,-0.0018592964824121205,0.5226130653266332,-0.002386934673366814,-0.002386934673366814,0.42086330935251803,0.10668018547460056,0.17325565385012565,0.4151624548736462,0.4170854271356784,0.09878968778730746,0.16499861578342467,0.4191919191919192,0.42086330935251803,0.10668018547460056,0.17325565385012565,0.4151624548736462,28.0,7.0,7.0,37.0,5.0,5.0,49.0,10.0,10.0,0.00028109033988471603,0.0001591294379424259,0.00011868956463792694,-0.00023875416349117273,0.00018498985658865763,3.328992298534672e-05
106,1,3.7915787798097234,1.7484969158128831,2.3935800901227315,6.893779599654042,3.1790853014779694,4.351963800223148,44.32632657177757,36.611979401483424,40.279234202832136,80.59332103959558,66.56723527542441,73.23497127787661,4.092669875178505,1.8368427754214176,2.5613355333125574,6.87843676500589,3.0871307149939793,4.304765602205979,59.89960286773683,50.3564196563916,55.27525970567097,100.67160145838123,84.63263807796908,92.89959614398482,3.7915787798097234,1.7484969158128831,2.3935800901227315,6.893779599654042,3.1790853014779694,4.351963800223148,44.32632657177757,36.611979401483424,40.279234202832136,80.59332103959558,66.56723527542441,73.23497127787661,0.8140703517587939,-0.0009296482412060048,-0.0009296482412060048,0.6683417085427136,-0.0016582914572863539,-0.0016582914572863539,0.5829145728643217,-0.002085427135678275,-0.002085427135678275,0.44787644787644787,0.12417702591113,0.20397400885205763,0.4147286821705426,0.4623115577889447,0.12396569312729055,0.201877501027676,0.4494949494949495,0.44787644787644787,0.12417702591113,0.20397400885205763,0.4147286821705426,25.0,3.0,3.0,37.0,5.0,5.0,47.0,3.0,3.0,0.0005412294792075749,0.0004389447498732134,0.0002681192668074878,-0.00010708564814265742,-0.00016179463533028127,9.987650539144965e-05
106,0,3.0788160723906297,1.4088365238997216,1.924035847647135,5.120887957139517,2.343268912200557,3.200182073127378,21.732657266056833,16.42059810961273,18.559331343691078,36.147174840482286,27.31181114149873,30.869091928792304,3.0557866581720323,1.3362174077162572,1.8680718072097708,5.314411579429622,2.323856361245665,3.248820534277863,21.237885913813685,15.655762464611568,17.958307601007476,36.935453763154236,27.227412981933163,31.231839306099957,3.229734740129681,1.4917724293100076,2.036682263014428,5.072881790779603,2.343098056507865,3.1989773764624516,25.272952181728147,19.58720635394539,21.975821904708745,39.695736411091325,30.76524558211317,34.51699775608703,0.6984924623115578,-0.0015075376884421399,-0.0015075376884421399,0.5226130653266332,-0.002386934673366814,-0.002386934673366814,0.42713567839195976,-0.002864321608040288,-0.002864321608040288,0.43692307692307697,0.1358478081058727,0.19127312810014963,0.4228395061728395,0.4120603015075377,0.10629589047996879,0.14995679566446596,0.38383838383838387,0.4448160535117057,0.1409763206235588,0.19676266085319627,0.4429530201342282,19.0,3.0,3.0,29.0,1.0,1.0,37.0,3.0,3.0,-0.0005489734292569758,0.00021625259867464737,-3.830282301036881e-06,-0.0052754245387118814,-0.00849764430187161,-0.010318406000529023
31,1,3.404158209130491,1.547886727542814,2.117310587160712,5.6852951533931915,2.585130410947793,3.536126960000365,30.088956451416106,23.68912610534631,26.467603780757376,50.25165922813824,39.56328277387735,44.20362693281129,3.5128121190334682,1.5767556386616057,2.1673719136043146,5.204166102271804,2.335934279498675,3.2109213534878727,33.54246067315175,26.61109763563533,29.70258417006049,49.69253433059519,39.423848349089376,44.00382840008961,3.4629038321134638,1.5614777468658445,2.1146160802505167,5.525910370393825,2.491719808828475,3.374387362101888,31.909501946968735,25.21406604740951,28.05867563458859,50.91941800048202,40.23521177778113,44.77448239562008,0.7587939698492463,-0.001206030150753712,-0.001206030150753712,0.6582914572864322,-0.0017085427135676845,-0.0017085427135676845,0.5376884422110553,-0.0023115577889447625,-0.0023115577889447625,0.44272445820433437,0.11505830673601902,0.19555659002719739,0.4161490683229814,0.4371859296482412,0.08881500232994544,0.17508242380516947,0.4191919191919192,0.4381270903010034,0.11258451934941738,0.19229839174705454,0.41946308724832215,25.0,5.0,5.0,39.0,8.0,8.0,45.0,6.0,6.0,0.00048510325452057575,-4.99071521706015e-05,0.0003062511775647493,0.00041226083606016317,1.0681229349884802e-05,-0.0001244151406112337
31,0,3.61058936226234,1.660022016509446,2.269037394805385,7.063050723257716,3.2473423388651934,4.438700889108343,36.987845632640635,29.955169224588907,33.162870494377245,72.35578561713643,58.59843322766298,64.87335249994965,3.976157877313432,1.829456600562939,2.5186079055036625,7.295702527180608,3.356801101950346,4.621298909181031,53.31180971749941,44.75522373523645,49.01638699837411,97.8198343440356,82.1196765784155,89.9383247676589,3.61058936226234,1.660022016509446,2.269037394805385,7.063050723257716,3.2473423388651934,4.438700889108343,36.987845632640635,29.955169224588907,33.162870494377245,72.35578561713643,58.59843322766298,64.87335249994965,0.7939698492462312,-0.001030150753768888,-0.001030150753768888,0.6683417085427136,-0.0016582914572863539,-0.0016582914572863539,0.5477386934673367,-0.002261306532663321,-0.002261306532663321,0.44569288389513106,0.12793587454933664,0.19538155139201774,0.37969924812030076,0.44221105527638194,0.10887772194304857,0.1817769985151132,0.41414141414141414,0.44569288389513106,0.12793587454933664,0.19538155139201774,0.37969924812030076,27.0,2.0,2.0,40.0,6.0,6.0,50.0,5.0,5.0,0.0008158325353792419,0.0007703779928896564,7.253456834412341e-05,-0.00016252502302549487,0.00022759863213561715,7.184004964067014e-05
131,1,3.3223823467118843,1.5060280322898931,2.075412605276582,6.318641272887633,2.8642250920850727,3.947103727826628,27.726325660298908,21.57692690039567,24.246543335672545,52.731048801795474,41.035873246151276,46.11305787765944,3.6727169865938887,1.661325663580774,2.2880488003615653,5.694134862936261,2.575698703226006,3.547362481180721,39.35869777271374,31.884989313194517,35.3651971862402,61.021236856920524,49.43409195844111,54.829763079442166,3.27402844317382,1.4834430699735799,2.0427696657633314,6.138803330950912,2.7814557562004625,3.830193123306247,26.41754686048013,20.424587302760592,22.992008046092128,49.532900363400245,38.29610119267611,43.11001508642274,0.7839195979899498,-0.0010804020100502187,-0.0010804020100502187,0.6281407035175879,-0.0018592964824121205,-0.0018592964824121205,0.5175879396984925,-0.002412060301507535,-0.002412060301507535,0.4271844660194175,0.11700676004203459,0.18068285138002027,0.3928571428571429,0.42211055276381915,0.08877721943048578,0.1650153941661564,0.4242424242424242,0.4347826086956522,0.1259345285620963,0.18895391014170337,0.38590604026845643,24.0,1.0,1.0,38.0,2.0,2.0,44.0,0.0,0.0,0.0018059598707654142,2.7854331575161454e-06,8.877886761178005e-05,0.0004675458078473582,6.49105800478722e-05,-7.53513430460373e-05
131,0,3.7127288161343293,1.7423681794232087,2.3855279879669418,6.340569341839796,2.975602799924051,4.073986109320167,40.96544129950063,33.792178335607765,37.194966902968225,69.96046144005628,57.71001884587561,63.52127464597821,3.9427459683250543,1.8355615719732663,2.5235346887552916,6.258326933849292,2.9135897967829623,4.005610617071891,51.55998918550086,43.33493901531245,47.42613049019152,81.8412526753982,68.78561748462295,75.27957220665321,3.7127288161343293,1.7423681794232087,2.3855279879669418,6.340569341839796,2.975602799924051,4.073986109320167,40.96544129950063,33.792178335607765,37.194966902968225,69.96046144005628,57.71001884587561,63.52127464597821,0.7839195979899498,-0.0010804020100502187,-0.0010804020100502187,0.6532663316582914,-0.0017336683417086274,-0.0017336683417086274,0.5376884422110553,-0.0023115577889447625,-0.0023115577889447625,0.45038167938931295,0.11895310796074154,0.20038167938931295,0.4482758620689655,0.457286432160804,0.11894056749914983,0.19685237539953526,0.4797979797979798,0.45038167938931295,0.11895310796074154,0.20038167938931295,0.4482758620689655,23.0,0.0,0.0,35.0,2.0,2.0,46.0,3.0,3.0,0.0003863102245744865,0.0003285204671294277,3.305493504391817e-05,-0.00012787541372372146,-0.00017828449388890277,8.936283448512938e-05
109,1,3.1773141597179655,1.4279347989155278,1.9663935483836845,5.165091983777974,2.3212733184341094,3.196600349589241,23.982254468613736,18.23122221650801,20.625681138566627,38.98593090956913,29.63696222388002,33.52943239274378,3.3084672827217445,1.3962599651901875,1.9788599868511625,4.595093448224645,1.9392499516530384,2.748416648404392,27.3431839673704,20.57517249406004,23.563625119641884,37.976644399125554,28.576628463972277,32.72725711061373,3.247622057745688,1.4384616713640452,1.9948188758332903,5.074409465227637,2.24759636150632,3.116904493489516,25.729084837536462,19.623765667003763,22.22894408774686,40.20169505865072,30.66213385469338,34.73272513710447,0.6633165829145728,-0.0016834170854271857,-0.0016834170854271857,0.5376884422110553,-0.0023115577889447625,-0.0023115577889447625,0.4974874371859297,-0.002512562814070307,-0.002512562814070307,0.44680851063829785,0.146353275433442,0.20515026999117958,0.4359756097560976,0.46733668341708545,0.1690910693819977,0.2252665665556497,0.46464646464646464,0.45150501672240806,0.14432638567065514,0.20567631816845922,0.44630872483221473,27.0,13.0,13.0,36.0,9.0,9.0,44.0,10.0,10.0,0.00014762266024901755,0.00011529427790800142,0.0001704943804524569,0.00038856727672431646,-1.255992094950642e-05,-0.00014544248242298607
109,0,3.7679576000451167,1.75825567530265,2.3991316496723023,6.037546095978725,2.8173219592568777,3.8442226433345663,43.29155580957087,35.83046276097136,39.36082269994939,69.36775609252877,57.41255436553305,63.06938841980194,3.7280866153276144,1.6480852058376074,2.2912306641123448,6.213477692212691,2.7468086763960122,3.8187177735205746,41.599436243132516,33.59495604660927,37.39198966065616,69.3323937385542,55.99159341101545,62.31998276776027,3.7679576000451167,1.75825567530265,2.3991316496723023,6.037546095978725,2.8173219592568777,3.8442226433345663,43.29155580957087,35.83046276097136,39.36082269994939,69.36775609252877,57.41255436553305,63.06938841980194,0.7839195979899498,-0.0010804020100502187,-0.0010804020100502187,0.6281407035175879,-0.0018592964824121205,-0.0018592964824121205,0.542713567839196,-0.0022864321608039306,-0.0022864321608039306,0.46886446886446886,0.13431236648786926,0.2106427879874896,0.4375,0.457286432160804,0.11894056749914983,0.18683568090871716,0.4040404040404041,0.46886446886446886,0.13431236648786926,0.2106427879874896,0.4375,26.0,0.0,0.0,37.0,-1.0,-1.0,48.0,0.0,0.0,3.3856431804873774e-05,0.00020981884343326633,6.698328836733685e-05,-0.00020410455418851114,0.00020435748183800229,5.0812707827141423e-05
403,1,3.5059423729626817,1.5386395218750226,1.9480868116307621,6.473763358447371,2.8411157682994608,3.5971649498484313,33.3128221679652,26.16146000339751,28.564194988938574,61.51251349154505,48.3074400992968,52.74411818887728,3.643757925560726,1.6009058706994712,2.2416191687705016,6.8107624776836,2.9923474218681703,4.189942371533647,38.23525231606512,30.522677769535413,34.17136998132863,71.46776133843947,57.05173414866432,63.87171959126846,3.6107831240497705,1.6462230026026738,2.2767906900244292,6.686635414906982,3.0485611159308776,4.216279055600795,36.995013158097464,29.86323837278715,33.19884403008789,68.50928362610641,55.30229328293916,61.479340796459056,0.6934673366834171,-0.0015326633165829717,-0.0015326633165829717,0.592964824120603,-0.0020351758793969443,-0.0020351758793969443,0.5175879396984925,-0.002412060301507535,-0.002412060301507535,0.4545454545454546,0.1279376361343575,0.18084066471163251,0.3949367088607595,0.44723618090452266,0.1289404415561517,0.2068355131248899,0.36363636363636365,0.4548494983277592,0.13431527462158221,0.20790845272153013,0.3993288590604027,25.0,0.0,0.0,31.0,-1.0,-1.0,46.0,0.0,0.0,0.0008104493898690527,0.0004565222249545135,0.00026994322388361556,0.00012398919745848502,-0.0002720860992821983,2.955642644586476e-05
403,0,3.9246705821004966,1.8251317729512362,2.50934947478683,7.266772874670451,3.3793455483550234,4.64621738690999,50.63639477629792,42.4739901582531,46.51858626416584,93.75644970298913,78.64324740239051,86.13206987974458,3.867472575537523,1.7609324782076738,2.446782832506676,7.161986250995413,3.260986070754951,4.531079319456806,47.8213683174973,39.60161583225906,43.68139334292006,88.55808947684685,73.33632561529454,80.89146915355566,3.9246705821004966,1.8251317729512362,2.50934947478683,7.266772874670451,3.3793455483550234,4.64621738690999,50.63639477629792,42.4739901582531,46.51858626416584,93.75644970298913,78.64324740239051,86.13206987974458,0.7587939698492463,-0.001206030150753712,-0.001206030150753712,0.6331658291457287,-0.0018341708542712887,-0.0018341708542712887,0.5276381909547738,-0.002361809045226204,-0.002361809045226204,0.43644067796610164,0.11297344752212701,0.18573645261398897,0.4340425531914893,0.44723618090452266,0.12142164456367055,0.1984882677158749,0.43434343434343436,0.43644067796610164,0.11297344752212701,0.18573645261398897,0.4340425531914893,26.0,6.0,6.0,37.0,4.0,4.0,47.0,6.0,6.0,0.00023150723691895935,-0.00014606485717107154,2.958253555253781e-06,5.230255464905298e-05,-3.5372386360421615e-05,-6.165916468603427e-05
468,1,3.678350831245209,1.634766939466493,2.2568701581094963,5.645383361322861,2.5089738589672916,3.463752595601205,39.58106436289271,31.862843403706577,35.43781366221025,60.74740894197972,48.90179709552827,54.388516155370816,3.94666222591496,1.6614851683666858,2.3262800719867798,5.9797912513863025,2.5174017702525537,3.5246667757375443,51.76230729081121,41.934881200857255,46.70728554690565,78.42773831941092,63.537698789177654,70.76861446500855,3.678350831245209,1.634766939466493,2.2568701581094963,5.645383361322861,2.5089738589672916,3.463752595601205,39.58106436289271,31.862843403706577,35.43781366221025,60.74740894197972,48.90179709552827,54.388516155370816,0.7537688442211055,-0.0012311557788945438,-0.0012311557788945438,0.6432160804020101,-0.001783919597989958,-0.001783919597989958,0.5477386934673367,-0.002261306532663321,-0.002261306532663321,0.4125874125874126,0.08274448065023987,0.1567734590990405,0.4035087719298246,0.44723618090452266,0.11390284757118929,0.17845487873423882,0.4545454545454546,0.4125874125874126,0.08274448065023987,0.1567734590990405,0.4035087719298246,26.0,5.0,5.0,37.0,2.0,2.0,48.0,8.0,8.0,0.0007763938746531367,-0.00022808308480579205,0.00011064316707398368,-0.00029419353837489837,0.00015400165618917327,5.253467235455389e-06
468,0,3.4615933418273928,1.5510278866948914,2.156789642611259,6.2406189824493845,2.796219288689382,3.88829682048227,31.867712243115097,25.110803796044284,28.180746974623776,57.45165024110891,45.270181491460114,50.80472694016681,3.3732907472543383,1.4702092405395533,2.0659211644142195,5.717441944498879,2.4918800687111076,3.501561295617322,29.174374759658903,22.46784591256105,25.477937019930586,49.448092812981194,38.081094767052626,43.18294410157726,3.4615933418273928,1.5510278866948914,2.156789642611259,6.2406189824493845,2.796219288689382,3.88829682048227,31.867712243115097,25.110803796044284,28.180746974623776,57.45165024110891,45.270181491460114,50.80472694016681,0.7487437185929648,-0.0012562814070351536,-0.0012562814070351536,0.5628140703517588,-0.0021859296482411583,-0.0021859296482411583,0.4773869346733668,-0.0026130653266331905,-0.0026130653266331905,0.43529411764705883,0.11631173017152063,0.17844926758186974,0.4173228346456693,0.44221105527638194,0.12642158159217143,0.1884547948423252,0.4040404040404041,0.43529411764705883,0.11631173017152063,0.17844926758186974,0.4173228346456693,24.0,7.0,7.0,38.0,13.0,13.0,46.0,9.0,9.0,8.084351123853713e-05,-7.63947632304806e-05,6.403747237792646e-05,-7.936596070123869e-05,-0.0001398081572467902,0.00011389473326595123
236,1,3.695384701093038,1.676186599950681,2.2996475893634933,6.427887473028031,2.9156203534353398,4.000091229385795,40.26105808218848,32.728775699598195,36.22310818603216,70.03155877676447,56.92963097042786,63.00780085880242,3.755696608193556,1.6596731654423715,2.326075699418163,6.057575174505735,2.6768922023264055,3.7517349990615525,42.76399918929303,34.63023803853127,38.5868838053409,68.97419224079522,55.85522264279237,62.236909363453066,3.695384701093038,1.676186599950681,2.2996475893634933,6.427887473028031,2.9156203534353398,4.000091229385795,40.26105808218848,32.728775699598195,36.22310818603216,70.03155877676447,56.92963097042786,63.00780085880242,0.7537688442211055,-0.0012311557788945438,-0.0012311557788945438,0.6432160804020101,-0.001783919597989958,-0.001783919597989958,0.49246231155778897,-0.002537688442211028,-0.002537688442211028,0.4227642276422764,0.0921354243968403,0.17141287629092505,0.4163265306122449,0.4170854271356784,0.08375209380234505,0.15331247221080369,0.4191919191919192,0.4227642276422764,0.0921354243968403,0.17141287629092505,0.4163265306122449,25.0,4.0,4.0,40.0,9.0,9.0,49.0,10.0,10.0,0.00035461895094956596,3.68905338989995e-05,0.00017299966885118566,-1.699666395538202e-05,-9.033858156382024e-05,-0.00010696492421935488
236,0,3.2856126718742904,1.447933475962964,2.0160852185979907,6.495982305461384,2.862708170033647,3.9860005466937376,26.725353172224597,20.44341099905706,23.1661828815737,52.838675355772295,40.41865228057846,45.801842491050294,3.3684110449786164,1.4545052448428055,2.0498836342357816,6.296095411174984,2.7187013922295433,3.8315581948332373,29.032359275192764,22.252842684274412,25.294446363188285,54.26609210316404,41.59409847527927,47.27933899661361,3.2856126718742904,1.447933475962964,2.0160852185979907,6.495982305461384,2.862708170033647,3.9860005466937376,26.725353172224597,20.44341099905706,23.1661828815737,52.838675355772295,40.41865228057846,45.801842491050294,0.7386934673366834,-0.0013065326633165952,-0.0013065326633165952,0.5829145728643217,-0.002085427135678275,-0.002085427135678275,0.5025125628140703,-0.0024874371859296973,-0.0024874371859296973,0.44573643410852715,0.1362586778222602,0.19960241348997043,0.4202334630350194,0.44723618090452266,0.12142164456367055,0.19514936955226891,0.4191919191919192,0.44573643410852715,0.1362586778222602,0.19960241348997043,0.4202334630350194,24.0,7.0,7.0,36.0,7.0,7.0,48.0,12.0,12.0,-3.92164093954976e-05,-2.464871474884557e-05,0.00012511719091308946,-0.00010015572628230274,-0.00015629801580718805,0.00010338106235963096
274,1,3.689647072239926,1.7366220723911985,2.36185266868483,5.954192365254907,2.8024853549170134,3.8114553648088525,40.03071651280731,32.98073496246009,36.258003391112794,64.59983352595889,53.222879172223955,58.511592774018,3.791199267210074,1.7078923935586983,2.3782656477379334,5.19342365371243,2.339578621313285,3.25789814758621,44.309507364099886,36.27852486808661,40.201518343102066,60.697955293287514,49.69660940833782,55.07057307274256,3.678831783026756,1.710173379345162,2.337272889681932,5.933599650043155,2.7583441602341323,3.7697949833579556,39.60010552488692,32.439042739421396,35.77510389518288,63.871137943366,52.32103667648612,57.70178047610142,0.728643216080402,-0.001356783919598037,-0.001356783919598037,0.6130653266331658,-0.001934673366834172,-0.001934673366834172,0.5175879396984925,-0.002412060301507535,-0.002412060301507535,0.42105263157894735,0.10906576786794575,0.1726937694345272,0.4191419141914191,0.44221105527638194,0.12391531592801097,0.19513259116953718,0.4494949494949495,0.42140468227424754,0.11255660214069163,0.17446363666801845,0.41946308724832215,24.0,6.0,6.0,35.0,5.0,5.0,47.0,8.0,8.0,0.0005104615501237719,7.643953065970147e-05,0.000212862652498883,0.00048729044062767457,8.427820529455232e-05,-5.782855820246624e-05
274,0,3.792321572498399,1.7544210238955977,2.4101720425884086,6.30345342455815,2.916132242421061,4.006096773491544,44.35926407442461,36.68478399869409,40.37580908743464,73.73229028586792,60.97605988972124,67.11114213181703,3.8750089203293,1.7832557132755444,2.4558019567726634,6.054701438014531,2.786337051993038,3.837190557457286,48.18312809855115,40.08402597124312,44.049287244991696,75.28613765398617,62.631290580067386,68.82701132029953,3.792321572498399,1.7544210238955977,2.4101720425884086,6.30345342455815,2.916132242421061,4.006096773491544,44.35926407442461,36.68478399869409,40.37580908743464,73.73229028586792,60.97605988972124,67.11114213181703,0.8391959798994975,-0.0008040201005025116,-0.0008040201005025116,0.6834170854271358,-0.0015829145728643024,-0.0015829145728643024,0.5477386934673367,-0.002261306532663321,-0.002261306532663321,0.42040816326530617,0.06602934452803533,0.15175144684739572,0.40573770491803274,0.4321608040201005,0.07877734537348391,0.15503225644080165,0.4242424242424242,0.42040816326530617,0.06602934452803533,0.15175144684739572,0.40573770491803274,23.0,7.0,7.0,33.0,2.0,2.0,41.0,4.0,4.0,0.00010727712220143125,8.560187358838725e-05,0.0002945160210995019,-1.0066742095027337e-05,-8.484196204427974e-05,-0.00010243434826673337
265,1,2.993853820829975,1.3125298605014175,1.6781762190259597,5.549927130123491,2.4331331847974385,3.1109587456471792,19.962466209282155,14.589801750274136,16.23519047075174,37.005892548339084,27.04618909366856,30.09636724059166,2.9745930511148733,1.3499019911012338,1.8565028209580114,5.1286087088187475,2.3274172260366104,3.2008669326862274,19.58165289612774,14.504802543328594,16.522646273421987,33.76147051056507,25.008280247118268,28.48732116107239,2.9156626092151656,1.3053974173281873,1.8049201119831761,5.269269775690058,2.3591519590268444,3.2619038168370653,18.46104080673302,13.456902698018482,15.424428572957423,33.36332675915606,24.319703671117736,27.875473324621847,0.5979899497487438,-0.0020100502512562235,-0.0020100502512562235,0.5025125628140703,-0.0024874371859296973,-0.0024874371859296973,0.40703517587939697,-0.00296482412060306,-0.00296482412060306,0.4285714285714286,0.12666060054595085,0.1636642926965508,0.40409207161125316,0.40703517587939697,0.11630835883679047,0.1900067952450063,0.35858585858585856,0.4280936454849499,0.13927895433303006,0.21007362323800882,0.3926174496644296,24.0,4.0,4.0,33.0,1.0,1.0,43.0,6.0,6.0,0.0003879106198880836,-0.00030079310765778085,5.904417002587278e-05,-0.009470837433787516,-0.01001119544552509,-0.009649899714205823
265,0,3.461914451383963,1.6366624369944602,2.2116858128026813,6.1565938081368845,2.9106050906550127,3.933214229254497,31.87794691319963,25.673588503504625,28.386805837438967,56.69105153752798,45.657354690016334,50.48248173252659,3.508135397829602,1.5867462683032676,2.200856509178157,5.568468885443813,2.518644870322647,3.493423030441519,33.38595818060259,26.555517932319404,29.689855671094115,52.99358441365491,42.15161576558636,47.12675503348272,3.472842028308473,1.638483004383214,2.227023061820584,6.128544755838481,2.8914405959703773,3.9300406973304423,32.22820588580411,25.96708625471939,28.752425704274707,56.87330450436019,45.824269861269514,50.73957477224948,0.6884422110552764,-0.0015577889447235815,-0.0015577889447235815,0.5628140703517588,-0.0021859296482411583,-0.0021859296482411583,0.4623115577889447,-0.002688442211055242,-0.002688442211055242,0.44512195121951215,0.14984036826669633,0.20982783357245327,0.43730886850152906,0.4321608040201005,0.13140892432085238,0.19509903440407372,0.4292929292929293,0.4381270903010034,0.14430405190367446,0.20675890342669856,0.43288590604026844,16.0,2.0,2.0,29.0,2.0,2.0,36.0,3.0,3.0,0.0002594289996717314,2.610635246819956e-05,0.00018117718802123173,0.00039251620327895864,-8.686395899459853e-06,-0.0001419379254530284
235,1,3.190504106490508,1.393857721883983,1.9327184702320956,5.2920337574722796,2.3119675985740313,3.2057665643969484,24.300674483659822,18.271281228711494,20.783050924898326,40.30710677828605,30.30625688834182,34.47248566584932,2.9613441648195735,1.2091344183703587,1.7278408726992147,4.627100257530584,1.8892725287036858,2.699751363592523,19.323928851625116,13.556595902631813,15.890692729850647,30.19363883066424,21.182181097862205,24.829207390391634,3.190504106490508,1.393857721883983,1.9327184702320956,5.2920337574722796,2.3119675985740313,3.2057665643969484,24.300674483659822,18.271281228711494,20.783050924898326,40.30710677828605,30.30625688834182,34.47248566584932,0.6733668341708543,-0.001633165829145744,-0.001633165829145744,0.5025125628140703,-0.0024874371859296973,-0.0024874371859296973,0.3869346733668342,-0.0030653266331658324,-0.0030653266331658324,0.39492753623188404,0.07847184002935237,0.13589139165357078,0.3745454545454545,0.3869346733668342,0.08618279366758608,0.13651731109638343,0.3232323232323232,0.39492753623188404,0.07847184002935237,0.13589139165357078,0.3745454545454545,24.0,6.0,6.0,36.0,8.0,8.0,45.0,9.0,9.0,-9.823938044960391e-05,0.0003245109524135796,0.00026743584181194817,-0.00022489431977135155,0.00019273690668875076,4.029903692170933e-05
235,0,4.102865261655626,1.9255150031739503,2.6326470213452198,6.205583708254133,2.9123414423005998,3.9818786197846445,60.513426235002186,51.69052937313677,56.1632418119302,91.5265571804408,78.18192567686935,84.94690324054443,4.156211799113595,1.9199776462886384,2.642239227934846,5.8538194353712605,2.704193868012167,3.721463701316685,63.82926594936734,54.471241989291904,59.2845166285224,89.90037457657372,76.72005913984776,83.49931919510198,4.102865261655626,1.9255150031739503,2.6326470213452198,6.205583708254133,2.9123414423005998,3.9818786197846445,60.513426235002186,51.69052937313677,56.1632418119302,91.5265571804408,78.18192567686935,84.94690324054443,0.7839195979899498,-0.0010804020100502187,-0.0010804020100502187,0.6633165829145728,-0.0016834170854271857,-0.0016834170854271857,0.5879396984924623,-0.002060301507537776,-0.002060301507537776,0.4730290456431535,0.137625318935079,0.22061525253970526,0.4708333333333333,0.48743718592964824,0.15159758693215453,0.2303420273319855,0.48484848484848486,0.4730290456431535,0.137625318935079,0.22061525253970526,0.4708333333333333,27.0,4.0,4.0,36.0,1.0,1.0,52.0,7.0,7.0,3.447648538805409e-05,5.0230579236455064e-05,-3.9578218224305935e-05,1.765294534639139e-05,-6.285548396256502e-05,-8.431204445269458e-05
8,1,3.038679198627054,1.3978017973631924,1.6983998667392486,5.419635626988512,2.4930490931326204,3.029180714703768,20.877649787869,15.717955138498642,17.057539352863902,37.23632776018194,28.033755485114465,30.42297062069233,2.7182724200301434,1.1684435623238392,1.6356258628240388,4.686676586258868,2.014557866075585,2.8200445910759293,15.15411966435112,10.443455744579303,12.201636528638328,26.127792524743313,18.00595818030915,21.037304359721258,2.8725344062250193,1.3278277165305303,1.8133765297552193,5.160241448308418,2.3853192512524495,3.2575626283027894,17.68177425961554,12.9951774613481,14.797832928094964,31.763666334638696,23.344630170086404,26.58293340376341,0.6030150753768844,-0.0019849246231156137,-0.0019849246231156137,0.48743718592964824,-0.002562814070351749,-0.002562814070351749,0.3869346733668342,-0.0030653266331658324,-0.0030653266331658324,0.4233576642335767,0.1402470931521672,0.17311328495693934,0.4317073170731708,0.40703517587939697,0.13134595282175288,0.1833289989177943,0.36868686868686873,0.42140468227424754,0.1476150328585547,0.20115996592274588,0.3993288590604027,23.0,7.0,7.0,34.0,9.0,9.0,42.0,9.0,9.0,0.00031791417624798163,-6.974443240998381e-05,0.0001265670740014993,-0.01906820172530832,-0.014786576893134118,-0.01754843302353226
8,0,3.9405241696643425,1.803457595065729,2.4894456898760957,6.12970426392231,2.805378481213356,3.872471073140593,51.445560436474935,42.971018740793035,47.177845758321006,80.02642734562767,66.8438069301225,73.38776006849933,3.8828608450578086,1.7732188335778836,2.4549939815698516,5.883122492511831,2.6866952023907325,3.7196878508634112,48.56294759922307,40.31765856182028,44.393152642767674,73.58022363518647,61.08736145730345,67.26235248904193,3.9405241696643425,1.803457595065729,2.4894456898760957,6.12970426392231,2.805378481213356,3.872471073140593,51.445560436474935,42.971018740793035,47.177845758321006,80.02642734562767,66.8438069301225,73.38776006849933,0.7638190954773869,-0.001180904522613102,-0.001180904522613102,0.6080402010050252,-0.001959798994974782,-0.001959798994974782,0.5326633165829145,-0.0023366834170853723,-0.0023366834170853723,0.43881856540084385,0.11250277592715963,0.18496162290435014,0.4491525423728814,0.44221105527638194,0.12391531592801097,0.19513259116953718,0.4494949494949495,0.43881856540084385,0.11250277592715963,0.18496162290435014,0.4491525423728814,26.0,4.0,4.0,41.0,9.0,9.0,50.0,6.0,6.0,-1.4777251495444163e-05,4.120656753810907e-05,-0.0001136104167415202,4.537263278781012e-05,-4.0869005880850295e-05,-6.618974063954397e-05
448,1,3.206330312525525,1.4217166723702577,1.9588110129554273,5.914379562969381,2.6224908888991916,3.6132122063299437,24.6883213634353,18.731043513488252,21.206626170557108,45.53994413660701,34.551181616096585,39.11762800379792,3.0268680330496935,1.2936543579976914,1.7690685957210428,5.453816275765213,2.3309087531489934,3.187510983281158,20.632510946885088,14.973700650975683,17.114838840818784,37.17569539979295,26.9796408125688,30.83754746093475,3.206330312525525,1.4217166723702577,1.9588110129554273,5.914379562969381,2.6224908888991916,3.6132122063299437,24.6883213634353,18.731043513488252,21.206626170557108,45.53994413660701,34.551181616096585,39.11762800379792,0.6130653266331658,-0.001934673366834172,-0.001934673366834172,0.507537688442211,-0.0024623115577889765,-0.0024623115577889765,0.39698492462311563,-0.0030150753768843908,-0.0030150753768843908,0.38235294117647056,0.07960064759848895,0.14152164533294975,0.35424354243542433,0.3919597989949749,0.0912079192957268,0.15322858029714514,0.31818181818181823,0.38235294117647056,0.07960064759848895,0.14152164533294975,0.35424354243542433,19.0,4.0,4.0,28.0,4.0,4.0,35.0,3.0,3.0,-0.00026485997133999194,0.0003629194898985951,0.00021463612399295656,-0.00019717463232815646,0.00020823100688893703,5.431726479621091e-05
448,0,3.845617297646049,1.7520470427859252,2.3858791868431544,6.235548951550372,2.8408898377376293,3.8686289639773177,46.78755728737536,38.67372532595972,42.48272529566252,75.86457029082896,62.70824389011548,68.88441898223245,3.9713006714480605,1.7932445915070736,2.4710751421992545,6.017122229466758,2.7170372598592025,3.744053245756446,53.05349114375555,44.22436469372185,48.570791207462435,80.38407749053871,67.00661317230583,73.5921078900946,3.845617297646049,1.7520470427859252,2.3858791868431544,6.235548951550372,2.8408898377376293,3.8686289639773177,46.78755728737536,38.67372532595972,42.48272529566252,75.86457029082896,62.70824389011548,68.88441898223245,0.7889447236180904,-0.001055276381909609,-0.001055276381909609,0.6834170854271358,-0.0015829145728643024,-0.0015829145728643024,0.5477386934673367,-0.002261306532663321,-0.002261306532663321,0.4300699300699301,0.08975579394427569,0.174255976581558,0.39649122807017545,0.42713567839195976,0.08127101673782444,0.16503217254888802,0.38888888888888884,0.4300699300699301,0.08975579394427569,0.174255976581558,0.39649122807017545,25.0,1.0,1.0,35.0,3.0,3.0,44.0,0.0,0.0,0.000541374650008056,0.0005061136175764243,0.00014740753859043802,-0.003991564786343993,-0.0026123587895474643,-0.0033095949143149284
364,1,3.9614892178545884,1.8643341850201414,2.4419506112547267,6.404698427104114,3.0141438145479813,3.9479994463898,52.535504533529796,44.39253408972056,47.96538844631497,84.93625622821777,71.77118947545131,77.54756634272067,3.931155046625952,1.7992010536867173,2.483271600875061,5.781110362685223,2.645883902480467,3.6518700012868544,50.96581157340591,42.534486096810596,46.71171062915778,74.9497229020675,62.55071484825087,68.69369210170261,4.043955374322208,1.892318308533468,2.593952529927563,6.285940996355764,2.9414274225908827,4.032050564654242,57.05155737296225,48.452633487877904,52.78843073179608,88.6811772636719,75.31497433348898,82.05455554165195,0.7336683417085428,-0.001331658291457205,-0.001331658291457205,0.6030150753768844,-0.0019849246231156137,-0.0019849246231156137,0.5125628140703518,-0.0024371859296482556,-0.0024371859296482556,0.45355191256830596,0.12885887027635512,0.19744243065237244,0.4575342465753425,0.42211055276381915,0.11383987607208979,0.1783709868205804,0.43939393939393945,0.4448160535117057,0.11593458439651372,0.1956503138009159,0.459731543624161,18.0,0.0,0.0,29.0,-1.0,-1.0,37.0,0.0,0.0,-0.00028029500131636527,-5.450161197086092e-06,-0.0001573596492517486,0.00024245699414393584,-0.00015588034778968307,0.00010364736082912884
364,0,3.893134515383717,1.8378211126908686,2.503838006716981,6.247664970795427,2.9493177137793585,4.0181352443122815,49.064438980517316,41.25515404043077,45.05241234649792,78.7381415974769,66.20587594512244,72.2996796937811,3.8546845158140863,1.7990166239770833,2.4760404906276205,5.71064372713198,2.665209813299383,3.668208134263142,47.21371940959857,39.40166567205182,43.24420399598651,69.94625097718306,58.37283803266936,64.06548740146148,3.893134515383717,1.8378211126908686,2.503838006716981,6.247664970795427,2.9493177137793585,4.0181352443122815,49.064438980517316,41.25515404043077,45.05241234649792,78.7381415974769,66.20587594512244,72.2996796937811,0.7688442211055276,-0.0011557788944723812,-0.0011557788944723812,0.6482412060301508,-0.0017587939698492372,-0.0017587939698492372,0.5376884422110553,-0.0023115577889447625,-0.0023115577889447625,0.45318352059925093,0.1111274458328958,0.19415487800896447,0.47744360902255634,0.4371859296482412,0.10385259631490784,0.18009077105057847,0.4696969696969697,0.45318352059925093,0.1111274458328958,0.19415487800896447,0.47744360902255634,24.0,7.0,7.0,36.0,4.0,4.0,47.0,6.0,6.0,8.769795178828635e-05,-0.0001729044276247667,-5.626040442019457e-05,-0.00016252502302549487,0.00022759863213561715,7.184004964067014e-05
68,1,3.2977393356305136,1.4480576024749994,2.00325521257621,6.374288837773615,2.7989893901498464,3.8721457462601134,27.0514155726819,20.693619847700102,23.40230257745805,52.28840693012294,39.99925299829837,45.23493851862318,3.3059688770591316,1.3570764853451933,1.9043299174546995,5.903515851891306,2.4233508666878447,3.400589138311963,27.27495486918576,20.25404801140889,23.213103143914843,48.705276552117425,36.16794287751587,41.45196989984793,3.27958642718784,1.4359706343593102,1.989562749183695,6.187898919222339,2.7093785553949243,3.753891979591877,26.56478395530277,20.245437506395678,22.931911381396468,50.12223387792975,38.198938691312605,43.26775732338957,0.6532663316582914,-0.0017336683417086274,-0.0017336683417086274,0.5376884422110553,-0.0023115577889447625,-0.0023115577889447625,0.457286432160804,-0.0027135678391959628,-0.0027135678391959628,0.4208860759493671,0.11282920391145246,0.1787808127914724,0.3904761904761904,0.4321608040201005,0.12389012732837112,0.18007399266784674,0.38383838383838387,0.4180602006688964,0.10921212053534046,0.1755685432717885,0.38590604026845643,24.0,9.0,9.0,36.0,10.0,10.0,45.0,12.0,12.0,0.0012439588394241438,0.0002997371460986176,8.418860557451367e-05,-0.011248919282202507,-0.010059211405226698,-0.010570384456495496
68,0,3.0731013944654753,1.344176167609007,1.870789557921892,5.189778375347308,2.2700117932580683,3.159343590164012,21.608816321906673,15.974221580113038,18.281014952369226,36.49243980893423,26.976874199068448,30.872530353235785,3.350170213972504,1.430607469356237,1.999889793562488,4.963215131811117,2.119418473120351,2.9627996941666486,28.507585620213387,21.689608999773313,24.649078236987812,42.23346017809391,32.13275407373824,36.51715294368565,3.0344900586533305,1.328486117493119,1.849074181932745,5.23187941147126,2.2904933060226194,3.188058934366802,20.79037332487892,15.283461816812498,17.5183260180261,35.845471249791245,26.35079623588362,30.204010375907075,0.7336683417085428,-0.001331658291457205,-0.001331658291457205,0.5728643216080402,-0.0021356783919597166,-0.0021356783919597166,0.4623115577889447,-0.002688442211055242,-0.002688442211055242,0.4242424242424242,0.11108054829688718,0.17827468230694032,0.37386018237082064,0.4120603015075377,0.09877709348748753,0.15997349015528395,0.36868686868686873,0.42140468227424754,0.11422605122249463,0.18113771898170028,0.35906040268456374,20.0,8.0,8.0,30.0,9.0,9.0,40.0,11.0,11.0,0.001074024086934675,4.523749256964633e-05,0.00037465103942235794,-0.007996179792476354,-0.006283537226901004,-0.007656217883004857
182,1,3.2775216432246363,1.505993497367182,2.0548366152096627,5.4683783566100885,2.5126736426661003,3.4283905023818972,26.50999000370923,20.63015826369387,23.113695355441934,44.2305715569908,34.42037100680474,38.56402647538975,3.8178224875100293,1.7400234992227177,2.404979342714298,5.656033314829672,2.577812591441063,3.562932359576737,45.50501262676147,37.51814226788142,41.39739525792821,67.4148335211281,55.582432989453956,61.32947445618994,3.2706038441546386,1.5054543763790995,2.056865884032983,5.451006406924398,2.5090906272984994,3.4281098067216385,26.327232089617116,20.484786539449694,22.961188787926254,43.87872014936186,34.141310899082825,38.268647979877095,0.7638190954773869,-0.001180904522613102,-0.001180904522613102,0.6030150753768844,-0.0019849246231156137,-0.0019849246231156137,0.4974874371859297,-0.002512562814070307,-0.002512562814070307,0.3890675241157556,0.09693269265508142,0.15805148133500702,0.3129032258064516,0.40703517587939697,0.10127076485182807,0.17498175350877931,0.3535353535353535,0.3913043478260869,0.09915075851056099,0.1599361609517821,0.3087248322147651,26.0,10.0,10.0,38.0,12.0,12.0,45.0,8.0,8.0,0.0028167697474748687,0.00029147708660122386,0.00046753908368040294,-0.010550386356356078,-0.008200994064520906,-0.009992506043810856
182,0,3.7293713678013196,1.7538761392675835,2.39379912347889,6.276259131177831,2.951645209986909,4.028588768781547,41.65291556824221,34.442726106875064,37.85074447341854,70.09880912704176,57.964587838399495,63.70003338209461,3.5579947305085073,1.604829075061678,2.2265101693350413,5.559366766419543,2.507545429783872,3.478922139586002,35.09275610888287,28.0417828694224,31.306095362480985,54.83243142012948,43.8152857334725,48.91577400387654,3.7293713678013196,1.7538761392675835,2.39379912347889,6.276259131177831,2.951645209986909,4.028588768781547,41.65291556824221,34.442726106875064,37.85074447341854,70.09880912704176,57.964587838399495,63.70003338209461,0.7085427135678393,-0.0014572864321606982,-0.0014572864321606982,0.592964824120603,-0.0020351758793969443,-0.0020351758793969443,0.49246231155778897,-0.002537688442211028,-0.002537688442211028,0.42181818181818187,0.10239894406863559,0.17635264372870185,0.43430656934306566,0.42211055276381915,0.09629601642296703,0.1767015377387774,0.4191919191919192,0.42181818181818187,0.10239894406863559,0.17635264372870185,0.43430656934306566,24.0,4.0,4.0,37.0,4.0,4.0,47.0,9.0,9.0,-0.0007727862587375746,-0.0001611183796685988,7.015344030305273e-05,-0.0002179643979092205,0.00019661043173790915,4.380359388900246e-05
476,1,3.5669999198881466,1.661496806758587,2.26173993242654,5.565266890715537,2.592282975989837,3.528787957398475,35.41020020036102,28.6874110999654,31.72155222908666,55.247328061296244,44.758369150731355,49.49226473438652,3.473401078626738,1.52335296360633,2.1290323961459245,5.033914606705418,2.2077579182700435,3.085554197312934,32.24622811175787,25.21720233758617,28.41046392084656,46.73366393008388,36.54667005447271,41.174585392531256,3.5669999198881466,1.661496806758587,2.26173993242654,5.565266890715537,2.592282975989837,3.528787957398475,35.41020020036102,28.6874110999654,31.72155222908666,55.247328061296244,44.758369150731355,49.49226473438652,0.6884422110552764,-0.0015577889447235815,-0.0015577889447235815,0.5678391959798995,-0.0021608040201005485,-0.0021608040201005485,0.4723618090452262,-0.0026381909547738003,-0.0026381909547738003,0.42760942760942766,0.10660102424808315,0.1756497411592597,0.43918918918918914,0.42713567839195976,0.1138524703719096,0.180057214285115,0.43434343434343436,0.42760942760942766,0.10660102424808315,0.1756497411592597,0.43918918918918914,25.0,9.0,9.0,35.0,6.0,6.0,46.0,9.0,9.0,-0.000654656948559985,-0.00038373000208997456,6.0243852363832225e-05,0.0005149329265217162,0.00011139288064487829,-3.329665942342075e-05
476,0,3.174088529918505,1.4378676784934523,1.973318691079967,5.257592795711164,2.3816987700173593,3.268625319070919,23.905021223835096,18.229168275015887,20.582347362053728,39.59652233486531,30.19498129656478,34.09281127150438,3.7602419553689623,1.70042939883687,2.3529995292768433,5.259079657858689,2.3782229354361824,3.2909084325550255,42.958818838270446,35.11431956591667,38.8741427749939,60.08226410946916,49.11093645582751,54.369430454536925,3.1673282109774075,1.4288599960332782,1.96916679924116,5.136207909693093,2.3170702638377483,3.193243458228908,23.743960679788994,18.055337682016635,20.429942476825563,38.50372002127945,29.278925970837786,33.12963644890632,0.7386934673366834,-0.0013065326633165952,-0.0013065326633165952,0.6331658291457287,-0.0018341708542712887,-0.0018341708542712887,0.5226130653266332,-0.002386934673366814,-0.002386934673366814,0.40993788819875776,0.12156579517550192,0.18473127662850986,0.3489096573208723,0.4170854271356784,0.09127089079482631,0.16499861578342467,0.398989898989899,0.40802675585284276,0.11921206470092294,0.17888326308309865,0.3422818791946308,21.0,0.0,0.0,33.0,1.0,1.0,43.0,2.0,2.0,0.0018644172634898202,0.0002740866363766325,0.0004897454112723201,-0.006928066658553611,-0.005482046067784019,-0.006708496389246754
38,1,3.5140581818066687,1.634461319631187,2.206845034208857,6.084041031187666,2.829813628018175,3.8208063278839917,33.58428273576444,27.033419306799807,29.888423203942384,58.14592234848769,46.804128949086234,51.747120771004724,3.736908610741697,1.6949015994619718,2.3405263087456283,6.126079689740487,2.7785272122327407,3.836928374992833,41.96804984194737,34.261990004041245,37.92749385920089,68.80008170811044,56.16719672793647,62.17621944131293,3.596760788091449,1.6656672700460589,2.2879710594780507,5.73951189589061,2.657979686243711,3.6510176481032723,36.47987680306444,29.582828637033018,32.77818585362497,58.21256936659219,47.20664144207396,52.30561572386963,0.7688442211055276,-0.0011557788944723812,-0.0011557788944723812,0.6180904522613065,-0.0019095477386934512,-0.0019095477386934512,0.4773869346733668,-0.0026130653266331905,-0.0026130653266331905,0.41210374639769454,0.10706777517467292,0.17065702108000147,0.3930635838150289,0.42713567839195976,0.103827407715268,0.176718316121509,0.4040404040404041,0.4180602006688964,0.10754267145353746,0.17668089032406875,0.3993288590604027,24.0,9.0,9.0,34.0,6.0,6.0,43.0,9.0,9.0,0.0005805698304483372,0.0002623698664378302,0.00027983145793013654,0.00031748659871144724,-8.228337184501555e-05,0.00015057161927245488
38,0,3.4303764867060114,1.5794390354573806,2.1629749569295385,6.170949005976574,2.841273482263005,3.8910038627373753,30.88826958373545,24.522485244955732,27.336657779616516,55.56531104465453,44.11381856565406,49.176270244853626,3.7357715314357125,1.7036220668714965,2.336508804432249,5.837143017868301,2.6619094794867135,3.6507950069253887,41.92035596196036,34.289885792461064,37.8681446826721,65.50055619056306,53.577946550720405,59.16897606667515,3.4529336595216322,1.5713225308403411,2.1597350848847507,6.093412340332292,2.7729221132476605,3.811297208620148,31.59293941906087,25.028867507070533,27.948514521239286,55.75224603363683,44.16858971835977,49.320907978657566,0.7135678391959799,-0.0014321608040201994,-0.0014321608040201994,0.6281407035175879,-0.0018592964824121205,-0.0018592964824121205,0.5577889447236181,-0.00221105527638199,-0.00221105527638199,0.4484848484848485,0.13986155045156556,0.214613880742913,0.41337386018237077,0.4522613065326633,0.12143423886349036,0.20852174058942452,0.43434343434343436,0.44147157190635455,0.14097073718181363,0.2034293027183679,0.40604026845637586,25.0,13.0,13.0,40.0,16.0,16.0,48.0,16.0,16.0,0.0012815888277710455,0.00010119785450662152,0.0004839323791190416,-0.007511049821735227,-0.007009091003243206,-0.00852534801092375
426,1,3.1805246686746953,1.4047494333594137,1.946048455915013,5.3856884389558175,2.3787090404886073,3.2953087186827554,24.059373440722013,18.154516424633407,20.622795427230898,40.74053902628928,30.741647812379234,34.92126692344432,3.282146608410169,1.4106698476271766,1.9733913556946268,5.209756521285982,2.239158488297105,3.132367231261312,26.632881750512915,20.134996611160275,22.931318417992642,42.274415477004624,31.960312081206784,36.39891812379784,3.1805246686746953,1.4047494333594137,1.946048455915013,5.3856884389558175,2.3787090404886073,3.2953087186827554,24.059373440722013,18.154516424633407,20.622795427230898,40.74053902628928,30.741647812379234,34.92126692344432,0.6984924623115578,-0.0015075376884421399,-0.0015075376884421399,0.5527638190954773,-0.0022361809045226,-0.0022361809045226,0.457286432160804,-0.0027135678391959628,-0.0027135678391959628,0.41501976284584985,0.10929984174131335,0.1719185801914478,0.39682539682539686,0.4371859296482412,0.13392778428483265,0.20012416003221445,0.41414141414141414,0.41501976284584985,0.10929984174131335,0.1719185801914478,0.39682539682539686,25.0,13.0,13.0,37.0,10.0,10.0,45.0,10.0,10.0,0.00013203784515252522,0.00015278770218717702,0.00015692681263703294,-6.550611697964115e-05,-0.000128814918206821,0.00012090384720320202
426,0,3.6957690915922177,1.668255178691234,2.2944680862252813,6.049622024927737,2.7307748460719603,3.755825736380668,40.276537025190905,32.6813564378436,36.21605778799048,65.92885524956844,53.496267978613034,59.28223745057965,3.9360289549707765,1.734391876922185,2.4246379630513495,6.055429161493502,2.6682951952649003,3.7302122508482305,51.21482059838311,42.1750203472299,46.6817887767895,78.79203168982018,64.88464668804602,71.81813657967616,3.6957690915922177,1.668255178691234,2.2944680862252813,6.049622024927737,2.7307748460719603,3.755825736380668,40.276537025190905,32.6813564378436,36.21605778799048,65.92885524956844,53.496267978613034,59.28223745057965,0.8542713567839196,-0.0007286432160803491,-0.0007286432160803491,0.7185929648241206,-0.0014070351758793676,-0.0014070351758793676,0.5879396984924623,-0.002060301507537776,-0.002060301507537776,0.43795620437956206,0.09187241567282256,0.16611154418538732,0.40293040293040294,0.4321608040201005,0.06624601705268196,0.15002390919539266,0.41414141414141414,0.43795620437956206,0.09187241567282256,0.16611154418538732,0.40293040293040294,23.0,11.0,11.0,34.0,7.0,7.0,46.0,13.0,13.0,0.00033875340181903596,0.00018770102688303876,7.690332268140572e-06,-0.000211034476049754,0.00020048395678795572,4.730815085896012e-05
451,1,3.200220144486853,1.4357751771765546,1.643307147118942,5.505359558906502,2.4699733890891684,2.826991988721858,24.537931492891726,18.699600498809026,19.79377808998127,42.21276337282906,32.16904453626533,34.051365373186165,4.108105587599865,1.8084127476929384,2.527189638816449,6.131500877014723,2.6991235040193104,3.771924834054401,60.83136864582358,50.86024939134948,55.971963906533226,90.79308753107996,75.91081998708877,83.54024463661675,3.4288392019112375,1.5738967792338774,2.162789114314501,5.683158898195421,2.60866869486278,3.5847333386428195,30.840821996139166,24.44949175179615,27.294006748154196,51.11738452398756,40.52401947811516,45.23868521793513,0.7989949748743719,-0.0010050251256281673,-0.0010050251256281673,0.7035175879396984,-0.001482412060301641,-0.001482412060301641,0.592964824120603,-0.0020351758793969443,-0.0020351758793969443,0.4352678571428571,0.12980520385411687,0.1517878962435414,0.3668903803131991,0.4170854271356784,0.0561831714965807,0.1399568795563796,0.4292929292929293,0.45150501672240806,0.13931803842524615,0.2134627475344214,0.3657718120805369,27.0,5.0,5.0,35.0,0.0,0.0,49.0,2.0,2.0,-0.0004031842046394098,0.0013365110215869823,0.00040757759973105356,-0.01129660705829405,-0.016506937644875208,-0.013502247185209981
451,0,3.80421929842575,1.7890163152926646,2.448273514039879,5.9408356167196645,2.793806300594024,3.823331241103373,44.89019058682099,37.38794052994026,41.00976131576347,70.10248940955607,58.386646854975204,64.0426409588635,3.7933267348974793,1.7708694597219687,2.4290297749822543,5.973742889602329,2.7887708027117615,3.8252437401295345,44.40387475545663,36.84700330545549,40.49090364625394,69.92736181961673,58.026776858985016,63.76520259252589,3.80421929842575,1.7890163152926646,2.448273514039879,5.9408356167196645,2.793806300594024,3.823331241103373,44.89019058682099,37.38794052994026,41.00976131576347,70.10248940955607,58.386646854975204,64.0426409588635,0.8291457286432161,-0.0008542713567838423,-0.0008542713567838423,0.6482412060301508,-0.0017587939698492372,-0.0017587939698492372,0.5628140703517588,-0.0021859296482411583,-0.0021859296482411583,0.4229074889867841,0.0866437527230478,0.17107732793261132,0.4601769911504425,0.42713567839195976,0.09380234505862639,0.178387765203312,0.46464646464646464,0.4229074889867841,0.0866437527230478,0.17107732793261132,0.4601769911504425,24.0,6.0,6.0,39.0,9.0,9.0,48.0,9.0,9.0,-0.00021879148370557033,-4.504912642193257e-05,-6.0303062546104614e-06,0.0001146718513931333,1.4097189319883796e-05,-2.088398110533518e-05
165,1,3.6720290147289845,1.609900754143173,2.1730446462965656,6.350658875714862,2.7842728018514777,3.758212480068456,39.331629408211086,31.468943547842237,34.85448977210336,68.02281801033608,54.42454971076097,60.27974559619809,3.7907718012680363,1.5970441878763033,2.270861365623304,5.969719372075647,2.5150302171280363,3.5761596309028403,44.290570606491094,35.32198831667498,39.718754901412545,69.74893008896235,55.62517845145667,62.54922031718511,3.7300364839592106,1.6867009381200377,2.322022460562404,6.016187877353565,2.7204853840645766,3.7451975170361345,41.68062881065092,33.96432440230684,37.59279980608936,67.2268206623402,54.78116839081749,60.63354807433768,0.7638190954773869,-0.001180904522613102,-0.001180904522613102,0.6331658291457287,-0.0018341708542712887,-0.0018341708542712887,0.542713567839196,-0.0022864321608039306,-0.0022864321608039306,0.4285714285714286,0.09010989010989012,0.14313643345901417,0.4325842696629213,0.4371859296482412,0.09884006498658704,0.16673517839615437,0.4545454545454546,0.43143812709030105,0.09587886164789705,0.163362487490746,0.4395973154362416,24.0,12.0,12.0,33.0,8.0,8.0,45.0,13.0,13.0,-0.00036874862452601767,0.0003675101914725138,-0.00017141778794033856,-0.00294214179718999,-0.004364471755069488,-0.0032629051514581064
165,0,3.4110648931947143,1.5858959207077363,2.1602318708995325,5.467988446879969,2.542215068873205,3.462884255361562,30.297490678497127,24.093647469136506,26.804238976177434,48.56733430372152,38.62248011384193,42.967599162817095,3.5217332312809164,1.5294340740044283,2.153730678262929,5.546036584694357,2.408557596857368,3.391701855532172,33.84303546714495,26.51066279191751,29.91553758064859,53.29611884589756,41.74907526286222,47.111082804171005,3.462809781167021,1.6325904857003384,2.2064064564330366,5.41064028307347,2.550922633906779,3.4475100881766196,31.90650096923471,25.67124709771964,28.393736502893642,49.85390776442923,40.111323590186934,44.36521328577131,0.7587939698492463,-0.001206030150753712,-0.001206030150753712,0.6030150753768844,-0.0019849246231156137,-0.0019849246231156137,0.5175879396984925,-0.002412060301507535,-0.002412060301507535,0.4276729559748428,0.11684093085710334,0.18185705639325278,0.41955835962145105,0.4371859296482412,0.1063588619790683,0.18342966921418447,0.4494949494949495,0.4247491638795987,0.1092232874188308,0.1755834241688089,0.4261744966442953,24.0,7.0,7.0,37.0,10.0,10.0,48.0,11.0,11.0,0.00039499510564377013,-3.267141872043239e-05,0.00022090417770368479,0.0004320054688413677,3.0048854599229458e-05,-0.0001068923557658863
80,1,3.125268617319682,1.3390442714420632,1.861387817817312,4.623935439660115,1.98115906827393,2.7539831456595323,22.76600961673965,16.799128613419192,19.226880093555437,33.68304346804171,24.854851106403835,28.446787506839332,3.1924060061948385,1.307920581285462,1.843087469024059,4.660446724372027,1.9093731113656376,2.690638640911035,24.34693590762478,17.763969767700896,20.4921381735689,35.542972127919384,25.93280258058525,29.915530180392555,3.125268617319682,1.3390442714420632,1.861387817817312,4.623935439660115,1.98115906827393,2.7539831456595323,22.76600961673965,16.799128613419192,19.226880093555437,33.68304346804171,24.854851106403835,28.446787506839332,0.592964824120603,-0.0020351758793969443,-0.0020351758793969443,0.48743718592964824,-0.002562814070351749,-0.002562814070351749,0.4371859296482412,-0.002814070351758735,-0.002814070351758735,0.42460317460317465,0.14143485777149145,0.18581689491979736,0.4183266932270916,0.4321608040201005,0.13892772131333353,0.19509903440407372,0.4292929292929293,0.42460317460317465,0.14143485777149145,0.18581689491979736,0.4183266932270916,23.0,3.0,3.0,32.0,1.0,1.0,42.0,1.0,1.0,-0.0001448165127598433,-0.00017776742110330824,2.9149631030658287e-05,-5.857619511928647e-05,-0.00012331829868550415,0.00012440840417138332
80,0,3.7092667069879024,1.6759432211759338,2.3043221078963123,6.769918470677373,3.0588253326380426,4.205702645012941,40.82385969738879,33.18442593308434,36.74855873775067,74.50912097774784,60.56611071939983,67.07113999130449,4.272135109158617,1.9133353603076726,2.663620088356671,6.424263322043032,2.8771960305378528,4.005443741889731,71.67450525707723,61.09625798066775,66.67911758657048,107.78121091289809,91.87407215138008,100.26934975424133,3.7231818800387173,1.7068735124878467,2.3346224286809107,6.531898035155645,2.994514934189205,4.095828822247212,41.395901570065625,33.88535405777961,37.386830940094434,72.62438871941339,59.44798957505195,65.59093147384989,0.7688442211055276,-0.0011557788944723812,-0.0011557788944723812,0.6582914572864322,-0.0017085427135676845,-0.0017085427135676845,0.5628140703517588,-0.0021859296482411583,-0.0021859296482411583,0.4264264264264265,0.11908009958984478,0.1846681846681847,0.37650602409638556,0.4321608040201005,0.10885253334340872,0.16504895093161964,0.4242424242424242,0.4247491638795987,0.1108927365006338,0.17892046532564987,0.37248322147651003,28.0,2.0,2.0,41.0,6.0,6.0,52.0,11.0,11.0,0.001152490748022367,0.0003287184124719173,0.0006488665911464067,-0.002847367559841274,-0.0035243827997710753,-0.004003053097116016
493,1,3.242432666636842,1.4940850511044608,2.0406595471238775,5.74070045896359,2.645265336381669,3.6129710014652265,25.59591239424697,19.85081068253571,22.269903285177843,45.317353091453654,35.1456976018665,39.42868122621651,3.3161214703890547,1.4646345756691732,2.048088191186636,5.181439797482898,2.288491524483083,3.200137798729119,27.553276848329887,21.18399390985247,23.999420606606083,43.05199507551545,33.099990484144485,37.49909469782201,3.266435513129601,1.5098259295917558,2.062277798147945,5.63178536746483,2.6031481544685446,3.5556513761171464,26.21771987144728,20.424955691431784,22.88377011227145,45.20296529559876,35.21544084729618,39.45477605564043,0.7889447236180904,-0.001055276381909609,-0.001055276381909609,0.6381909547738693,-0.0018090452261306789,-0.0018090452261306789,0.457286432160804,-0.0027135678391959628,-0.0027135678391959628,0.43343653250773995,0.1088615711476163,0.17802973539136513,0.43167701863354035,0.42211055276381915,0.08627095376632543,0.1466514542663233,0.43434343434343436,0.4180602006688964,0.08583983339009837,0.15999568453986412,0.4295302013422819,28.0,15.0,15.0,42.0,15.0,15.0,49.0,14.0,14.0,0.0001614917720328341,0.00012882589494249462,-8.34954147799378e-05,-0.004263268205502158,-0.005233811939081789,-0.004312615626377081
493,0,3.31874928642826,1.4925763387658217,2.063453045207911,5.895146758787041,2.6512869175445517,3.665344225040368,27.625777007985473,21.415702166371602,24.116899313384938,49.07210389576367,38.04104990079166,42.83922904351272,3.4254110188939464,1.5057568748123908,2.09105194740438,5.480657630230314,2.409210999699825,3.3456831158470077,30.73527503445299,23.91667522611637,26.93771383344309,49.176440055124786,38.2666803617862,43.100342133508946,3.31874928642826,1.4925763387658217,2.063453045207911,5.895146758787041,2.6512869175445517,3.665344225040368,27.625777007985473,21.415702166371602,24.116899313384938,49.07210389576367,38.04104990079166,42.83922904351272,0.6783919597989949,-0.0016080402010050232,-0.0016080402010050232,0.5628140703517588,-0.0021859296482411583,-0.0021859296482411583,0.4522613065326633,-0.0027386934673366836,-0.0027386934673366836,0.41263940520446096,0.11022753136401564,0.1716010862922236,0.39925373134328357,0.42211055276381915,0.10882734474376898,0.1800404359023834,0.4040404040404041,0.41263940520446096,0.11022753136401564,0.1716010862922236,0.39925373134328357,22.0,11.0,11.0,34.0,8.0,8.0,43.0,10.0,10.0,0.0005294522016468892,0.0005447939338544854,0.000156631746341982,-0.019583369630092662,-0.02156989513417784,-0.01950164049427805
107,1,3.342133233029591,1.5085679399508476,2.0666861552575635,5.631771470022239,2.5420619982597152,3.482537443942303,28.279388932396476,22.023236973338605,24.699087206735612,47.653113946855946,37.110979430211465,41.62000882902963,3.3466423019092884,1.464184979862717,2.031381251173917,5.312130637951252,2.3241031426392333,3.2244146844030426,28.407190561607607,21.83756182477354,24.68146710044536,45.09077866921842,34.66279654725959,39.17693190546883,3.347528131909195,1.5153126315138294,2.0846789950039706,5.6737764947613485,2.5683264940912367,3.53335422882029,28.432365651999078,22.184652504477356,24.896885433621076,48.19045025762556,37.601105939792134,42.1981109044425,0.6532663316582914,-0.0017336683417086274,-0.0017336683417086274,0.5628140703517588,-0.0021859296482411583,-0.0021859296482411583,0.4522613065326633,-0.0027386934673366836,-0.0027386934673366836,0.4375,0.1255131362889984,0.19898796498905913,0.40594059405940597,0.4371859296482412,0.13392778428483265,0.20346305819582056,0.3939393939393939,0.4381270903010034,0.12760956108564447,0.19897247406073637,0.40604026845637586,25.0,-1.0,-1.0,37.0,0.0,0.0,49.0,2.0,2.0,0.0008926932673434031,0.0004675366123474885,4.118823292087798e-05,-0.013430994892611459,-0.011503403340950236,-0.01253564325216594
107,0,3.7507081176154315,1.7572001088946172,2.4032316335210844,6.513053960994365,3.051354243148086,4.1731792555062075,42.551202590455944,35.209960806292194,38.703499062467074,73.88958828207554,61.141621129845234,67.20810310171647,3.6324453875048075,1.662784795545153,2.2998447004014086,5.76578632937271,2.6393409453097663,3.650547143494299,37.80515191949262,30.636908803424454,34.01426242337421,60.00817764998829,48.63001397368961,53.99089273551462,3.7507081176154315,1.7572001088946172,2.4032316335210844,6.513053960994365,3.051354243148086,4.1731792555062075,42.551202590455944,35.209960806292194,38.703499062467074,73.88958828207554,61.141621129845234,67.20810310171647,0.778894472361809,-0.0011055276381910506,-0.0011055276381910506,0.6130653266331658,-0.001934673366834172,-0.001934673366834172,0.5226130653266332,-0.002386934673366814,-0.002386934673366814,0.4765625,0.1529757553606238,0.21941964285714288,0.48235294117647054,0.4623115577889447,0.14150955277641342,0.19519970470046388,0.45959595959595956,0.4765625,0.1529757553606238,0.21941964285714288,0.48235294117647054,28.0,7.0,7.0,43.0,13.0,13.0,50.0,9.0,9.0,-5.676417868416964e-05,-0.00014025646623764464,-3.810360498955316e-05,-8.629588256159337e-05,-0.00014530477676810705,0.00011039017629776993
245,1,3.327937083244324,1.4916909134040048,2.051835008175127,5.961030160096976,2.671929877855525,3.675264904753249,27.88076663671397,21.607820203352865,24.298119054918907,49.94027430532283,38.704117507104584,43.52300446100859,3.1716648837429795,1.3034901201925437,1.848359928870275,5.375703192784711,2.209305288461939,3.1328134387631783,23.847154063657086,17.37068953818544,20.091340380949536,40.41890519263913,29.441846674890577,34.05311928974498,3.3216122986879637,1.4962894143368988,2.0585173286245113,5.931450533371363,2.6719453827444615,3.6759238011151982,27.704983276398515,21.500185148480277,24.168633812912322,49.4731844221402,38.393187765143345,43.15827466591485,0.6683417085427136,-0.0016582914572863539,-0.0016582914572863539,0.592964824120603,-0.0020351758793969443,-0.0020351758793969443,0.42713567839195976,-0.002864321608040288,-0.002864321608040288,0.4246153846153846,0.10049864114380247,0.17691835288559954,0.4135802469135802,0.40201005025125625,0.06867671691792288,0.1348981971627754,0.3787878787878788,0.4280936454849499,0.10922887086057598,0.18226494693100104,0.4161073825503355,23.0,11.0,11.0,38.0,12.0,12.0,43.0,9.0,9.0,0.00024730040380893366,0.0004099631001068727,-6.800362820932621e-05,-0.002815776147391702,-0.0034933945993707027,-0.004319624740314332
245,0,3.719692332534498,1.7408417757013877,2.384735590594054,6.247175584128452,2.9237214438061767,4.005132850869501,41.25170034988834,34.01727770336688,37.45186878036469,69.28170186968426,57.13158178385975,62.89993346445865,3.7332697345982844,1.6708387803797762,2.334636810769943,5.833233960309819,2.6106855943434,3.6478700168280356,41.81561082814632,33.95054462259215,37.76595084089777,65.33689191897862,53.04772597280024,59.009298188902775,3.719692332534498,1.7408417757013877,2.384735590594054,6.247175584128452,2.9237214438061767,4.005132850869501,41.25170034988834,34.01727770336688,37.45186878036469,69.28170186968426,57.13158178385975,62.89993346445865,0.7638190954773869,-0.001180904522613102,-0.001180904522613102,0.6381909547738693,-0.0018090452261306789,-0.0018090452261306789,0.5025125628140703,-0.0024874371859296973,-0.0024874371859296973,0.4444444444444444,0.10983641385171017,0.19094125973106857,0.45769230769230773,0.4371859296482412,0.09884006498658704,0.17341297472336648,0.4545454545454546,0.4444444444444444,0.10983641385171017,0.19094125973106857,0.45769230769230773,25.0,10.0,10.0,35.0,10.0,10.0,43.0,9.0,9.0,8.361179816279117e-05,-0.0002041250734040931,-0.00019489109305393488,-0.00012094549186336678,-0.00017278787436758591,9.286739145242251e-05
397,1,3.210133145021838,1.4254221804743057,1.960109404427733,5.8597668520239905,2.6019611230880186,3.577977484272846,24.782385656210767,18.82452798960273,21.29195983494987,45.23768810260696,34.362233631814505,38.86627588919421,3.144319527113258,1.3208446899869681,1.8603332953937457,5.374905174552578,2.2578541709178945,3.1800569152029845,23.203880488324817,17.01053853133422,19.592875110010056,39.66475297149542,29.077843643306366,33.4920942051454,3.229887936824939,1.4586251722922416,1.9980113489837228,5.600961740158854,2.5294078132235405,3.4647595647116582,25.276824211065275,19.398552661554557,21.84916840918574,43.83264314057562,33.6391086616553,37.88873134540879,0.6030150753768844,-0.0019849246231156137,-0.0019849246231156137,0.5226130653266332,-0.002386934673366814,-0.002386934673366814,0.44221105527638194,-0.0027889447236180143,-0.0027889447236180143,0.44476744186046513,0.12256134606946367,0.19647809679692652,0.47813411078717205,0.4321608040201005,0.12639639299253158,0.18842123807686173,0.48484848484848486,0.44147157190635455,0.13095404269099564,0.19786756745696632,0.4832214765100671,26.0,5.0,5.0,34.0,5.0,5.0,43.0,7.0,7.0,-0.0009454585671031804,3.51279999772126e-05,-0.0002960244340611619,-0.009021724704745715,-0.01055964913356,-0.008218420258823578
397,0,3.536527993478181,1.6275452682737273,2.2373861205180914,5.666717369666793,2.607879552672522,3.5850514445728487,34.34745732882943,27.60123478429928,30.68130803328244,55.03627665555125,44.22653994677194,49.16186199485023,3.6079962385359723,1.6377115163320746,2.2641074510609975,5.550763443901496,2.519556178972423,3.483242232401535,36.89205582363318,29.71933739379412,33.058131955184564,56.75700895943566,45.72205752891403,50.858664546437794,3.536527993478181,1.6275452682737273,2.2373861205180914,5.666717369666793,2.607879552672522,3.5850514445728487,34.34745732882943,27.60123478429928,30.68130803328244,55.03627665555125,44.22653994677194,49.16186199485023,0.7135678391959799,-0.0014321608040201994,-0.0014321608040201994,0.6281407035175879,-0.0018592964824121205,-0.0018592964824121205,0.5326633165829145,-0.0023366834170853723,-0.0023366834170853723,0.44688644688644685,0.11964695876944498,0.19110081960264658,0.38235294117647056,0.44221105527638194,0.10637145627888822,0.1851158966787192,0.3737373737373737,0.44688644688644685,0.11964695876944498,0.19110081960264658,0.38235294117647056,25.0,5.0,5.0,39.0,11.0,11.0,48.0,7.0,7.0,0.000542901832577472,0.0005545219713481972,0.000214098307974193,-0.012274376092189065,-0.013339217024978645,-0.011622024946400522
315,1,3.0066670641066535,1.314549589570332,1.8359133367395706,5.000562064514224,2.1863035279169734,3.0534137600510753,20.219895877667803,14.788927401904807,16.995473819666145,33.62887945970014,24.596321363167995,28.266156457971064,3.172878384590149,1.2936417754730187,1.8613871829537596,4.7712456911130054,1.9453259781549153,2.799078470607157,23.876110170892886,17.327606285471475,20.1644056836528,35.903925069011855,26.05655080522026,30.322414561883907,3.06535302635818,1.3494565775318281,1.8798627727208683,5.025168895669148,2.2122238975931605,3.081742250362079,21.442030253056583,15.880371232057191,18.169739572363113,35.15086926730587,26.03339546238884,29.786458315349364,0.6482412060301508,-0.0017587939698492372,-0.0017587939698492372,0.542713567839196,-0.0022864321608039306,-0.0022864321608039306,0.4170854271356784,-0.0029145728643216184,-0.0029145728643216184,0.4126984126984127,0.1084194903529293,0.1761619818641994,0.39171974522292996,0.3919597989949749,0.086195387967406,0.14988968213353915,0.398989898989899,0.40802675585284276,0.10251757388289284,0.17443387487397732,0.40268456375838924,19.0,8.0,8.0,29.0,11.0,11.0,38.0,12.0,12.0,0.0003452667982670418,0.0001209634643900367,0.0002862086165368426,0.00044385224850973515,4.166942974936916e-05,-9.637868485956602e-05
315,0,3.7211165357444247,1.709584740882982,2.2942813347410898,6.2606463042145535,2.876315559305491,3.8600467954174738,41.31049301035176,33.83573463145103,37.144997656670725,69.50343610746387,56.9274208254271,62.495138237526575,3.5961992710679023,1.6339880257844552,2.2511778753368503,5.24992594316482,2.3853839792473797,3.286391058885912,36.459398481223865,29.3443556933235,32.62112981893845,53.22539924266257,42.83847546470584,47.62208732691743,3.7032553196750757,1.7098791508126676,2.338728380733833,5.941051314986753,2.743121632319788,3.751970664278877,40.57918781068508,33.23891383099967,36.66531669671072,65.1003013005643,53.32446069144333,58.82136368456265,0.7236180904522613,-0.0013819095477386467,-0.0013819095477386467,0.6281407035175879,-0.0018592964824121205,-0.0018592964824121205,0.5125628140703518,-0.0024371859296482556,-0.0024371859296482556,0.43220338983050843,0.10357151394898512,0.18489156187351918,0.43909348441926344,0.457286432160804,0.1264593644916311,0.20519962080855025,0.43939393939393945,0.4280936454849499,0.10255107453336387,0.18893902924468287,0.43288590604026844,16.0,0.0,0.0,29.0,0.0,0.0,39.0,0.0,0.0,0.0005617277031055768,-0.00021473252363353332,1.2809507676594032e-05,0.0002898441128182938,-0.0001093980471917888,0.00013328373458332265
229,1,3.1239036625781016,1.4180181581934115,1.9470616394939775,5.652778056093707,2.5659376195880776,3.523254395274816,22.73495624201325,17.22869691616698,19.49084306715948,41.139444628404924,31.175737276873583,35.26914459771715,3.304657710856529,1.4232318395691568,2.004825876077767,5.601114764163609,2.412257355201961,3.3980099594538427,27.239216304902595,20.67636032313466,23.570536633489144,46.16816322864847,35.04467851378756,39.950062090659564,3.2530329475466835,1.5052639440092515,2.0334443258941315,5.859378622388304,2.7112886702335315,3.662649719532201,25.868679405099634,20.126900916629843,22.48288480059943,46.59479001279995,36.25267092814653,40.496280454091746,0.7236180904522613,-0.0013819095477386467,-0.0013819095477386467,0.5628140703517588,-0.0021859296482411583,-0.0021859296482411583,0.44723618090452266,-0.0027638190954772934,-0.0027638190954772934,0.42228739002932547,0.12360510598832986,0.1867057673509286,0.42647058823529416,0.40703517587939697,0.10127076485182807,0.15661781360894622,0.4545454545454546,0.412751677852349,0.11124414016390682,0.1727963207094919,0.4377104377104377,20.0,9.0,9.0,34.0,14.0,14.0,42.0,15.0,15.0,-0.0008875317318491758,0.0003903342718148966,7.53290399090991e-05,-0.004334348882514938,-0.007051699778790166,-0.007411590472218954
229,0,3.357604918043696,1.5477436458926201,2.1087907093585327,5.834526578895603,2.6895217453216023,3.664455986754171,28.720320915157604,22.6107211133589,25.23411432314273,49.90744290174928,39.29076127895153,43.84944456152671,3.6619418925376395,1.6402111286672665,2.2857324575762026,5.721784207090062,2.562829888542604,3.5714569649628167,38.93688074253372,31.38549745122641,34.977017717772306,60.83887616020893,49.03983976754127,54.65159018401923,3.3589272746274306,1.5420383497962886,2.1095568507100526,5.791253921771433,2.6586868099936014,3.63716698398285,28.758324542242125,22.605637370820627,25.270178329644878,49.583318176279526,38.97523684624246,43.56927298214634,0.7989949748743719,-0.0010050251256281673,-0.0010050251256281673,0.6532663316582914,-0.0017336683417086274,-0.0017336683417086274,0.5376884422110553,-0.0023115577889447625,-0.0023115577889447625,0.43848580441640383,0.1282495839439629,0.19714267744893266,0.4177215189873418,0.44221105527638194,0.09634639362224662,0.1867853457605222,0.45959595959595956,0.4347826086956522,0.11925673223488431,0.19117860424626398,0.412751677852349,22.0,6.0,6.0,38.0,8.0,8.0,45.0,6.0,6.0,0.000645650389177276,4.750213620007046e-05,0.00026998899489925416,0.00043595439539778624,3.3922379648387846e-05,-0.00010338779879681681
189,1,3.2745577618272192,1.498261473347535,1.9994073450605427,6.107983389936782,2.794684613497993,3.729464477833137,26.431533862274343,20.52359930003921,22.852294114991302,49.30234295553763,38.28236138867417,42.6260408362532,3.5672684602401965,1.6528792987024334,2.259206537111263,5.530648775566196,2.562603563879742,3.5026457939709505,35.41971054488746,28.636916205220363,31.72071272626621,54.9142799145542,44.39831969801607,49.17939957560653,3.3753616889583626,1.5772608208271994,2.1494922142184985,5.819589118893729,2.719415208322758,3.706021058997412,29.23485579376952,23.196686504917103,25.827728587434898,50.404923782361244,39.99428707744328,44.53056653006017,0.6934673366834171,-0.0015326633165829717,-0.0015326633165829717,0.5979899497487438,-0.0020100502512562235,-0.0020100502512562235,0.48743718592964824,-0.002562814070351749,-0.002562814070351749,0.4178272980501393,0.12158251362732986,0.17833560694554496,0.36592178770949724,0.42713567839195976,0.11635873603607005,0.1950822560213421,0.36868686868686873,0.43143812709030105,0.13093729236576013,0.19895759316371597,0.37583892617449666,22.0,5.0,5.0,36.0,5.0,5.0,44.0,4.0,4.0,0.0011633756603341536,0.0002379864819078343,0.00043519740260844394,-0.008500045448810667,-0.008436676122740572,-0.009032633158559733
189,0,3.140529183193027,1.335787821163596,1.7341353815980345,6.014113385814646,2.5580336775282864,3.3208692557602357,23.116096272272415,17.03769713189058,19.034885094764583,44.26732436140167,32.62719000757046,36.45180495647417,3.4144381320837773,1.4821078191867414,2.046839982683348,5.908462506823232,2.564690921897057,3.5419231004694454,30.39986391992125,23.494280242976583,26.473954006665434,52.60498191360286,40.655319724802965,45.81145084631672,3.47736002051312,1.5705991440278972,2.1641011718348366,6.2843855792405785,2.838432188002224,3.9110262141593437,32.37414208984156,25.642891991816647,28.655870816974495,58.50748570453295,46.34257588882527,51.78771834392981,0.7525252525252525,0.002525252525252486,0.002525252525252486,0.601010101010101,0.0010101010101010166,0.0010101010101010166,0.505050505050505,5.0505050504967564e-05,5.0505050504967564e-05,0.4345549738219895,0.1195222940834274,0.1588951497750687,0.3910761154855643,0.4545454545454546,0.12205175177467376,0.18273337400854184,0.4314720812182741,0.4448160535117057,0.11259568623290772,0.1856391903303931,0.43624161073825507,23.0,-1.0,-1.0,36.0,0.0,0.0,46.0,0.0,0.0,-6.373441322744184e-05,0.0007460534040684911,6.357533400303782e-05,-0.002158490351036768,-0.00371418552720737,-0.0027280014610209236
286,1,3.3794049612937433,1.5471985724992698,2.1202186912665417,5.56081980403362,2.545919344165465,3.488825465523251,29.3532995662833,23.105643345170925,25.830745653175143,48.30093209055082,38.020397250519345,42.50456030760565,3.576847788077503,1.6372804271158568,2.239250752870089,5.545500446631788,2.5384192668462897,3.471706593597038,35.76063788442271,28.804896889949966,31.95076038893105,55.442849433213496,44.65875486813948,49.53606261849775,3.3342309089807363,1.5159763062093656,2.078382353781838,5.465952309804486,2.485207059359616,3.407184186527603,28.056796693495517,21.895701192702763,24.545980461403836,45.9947486778615,35.89459211918485,40.23931223180956,0.7336683417085428,-0.001331658291457205,-0.001331658291457205,0.5829145728643217,-0.002085427135678275,-0.002085427135678275,0.5025125628140703,-0.0024874371859296973,-0.0024874371859296973,0.4419354838709677,0.13436704586774706,0.19837325211131107,0.4239482200647249,0.44221105527638194,0.13394037858465258,0.1884547948423252,0.43434343434343436,0.44147157190635455,0.13596238993640464,0.1934181792478451,0.41946308724832215,26.0,12.0,12.0,41.0,13.0,13.0,48.0,13.0,13.0,0.0011862142569576386,2.9497215609174007e-05,0.00013816808543299513,0.0004635968812909397,6.103705499693746e-05,-7.885590001688314e-05
286,0,3.538087615779802,1.6514607994782848,2.2585122769496833,5.871312962402157,2.7405322456207206,3.7479095622894736,34.40106818475968,27.803990233746156,30.805955488165996,57.0871780147093,46.13959460410848,51.12123424252411,3.496819116362375,1.6097331948788454,2.223530505381789,5.685884742052643,2.6174523493964967,3.6154967567183562,33.01028291332735,26.41017551427594,29.437700815767087,53.67525676963797,42.94337481996088,47.86618018823917,3.5244974324535767,1.6518858687821654,2.2593339943800568,5.874162387422628,2.7531431146369427,3.765556657300095,33.93671383875375,27.431450695077814,30.39304197906954,56.56118973125625,45.719084491796366,50.655069965115906,0.6733668341708543,-0.001633165829145744,-0.001633165829145744,0.5577889447236181,-0.00221105527638199,-0.00221105527638199,0.457286432160804,-0.0027135678391959628,-0.0027135678391959628,0.41503267973856206,0.10181897663905148,0.1802500710429099,0.4327868852459016,0.42713567839195976,0.1238775330285512,0.1950822560213421,0.4444444444444444,0.42140468227424754,0.11255660214069163,0.19114884245222308,0.43288590604026844,24.0,4.0,4.0,33.0,4.0,4.0,44.0,8.0,8.0,-0.0007276231188923504,-0.00031743909300809995,4.097821404769113e-05,0.00047939258751661384,7.653115519623555e-05,-6.483767214060521e-05
373,1,3.380108095968471,1.5237053968508523,2.0829441613448125,5.734412242414171,2.584992737940998,3.533751039893437,29.373946146838733,22.973275975740204,25.71504110182829,49.83341112473636,38.97456272501199,43.62601500359924,2.8412030192475823,1.2087290031201514,1.7016783446727828,5.073576820084968,2.1584446484288415,3.038711329772826,17.136368522933587,12.019851103356253,14.011086037084027,30.600658076667116,21.46401982742188,25.019796494792903,3.324703009630924,1.5027970318930006,2.049829991233551,5.765380941556516,2.6060064136872843,3.5546184819078928,27.790743833662894,21.607110741433686,24.21249682395084,48.19204133005126,37.468978164335866,41.986988712053474,0.6432160804020101,-0.001783919597989958,-0.001783919597989958,0.4974874371859297,-0.002512562814070307,-0.002512562814070307,0.39698492462311563,-0.0030150753768843908,-0.0030150753768843908,0.4294117647058824,0.12544700699663125,0.18381489582134225,0.4513274336283186,0.4170854271356784,0.12886487575723227,0.17668475935604566,0.36868686868686873,0.41137123745819393,0.114209300897259,0.1699919271133663,0.43624161073825507,24.0,9.0,9.0,34.0,5.0,5.0,42.0,7.0,7.0,-0.00049912696185391,-0.0003558859480908533,-0.00030571627404308107,0.00034512908460637703,-5.516869649557776e-05,0.0001678595039624753
373,0,2.6073595112926324,1.1176980245659298,1.5588379817481488,5.533987534172118,2.3722570317317695,3.308554083710357,13.563190077446297,9.127596319973257,10.70976079043809,28.78717893988602,19.372857495453445,22.730920861337985,2.9278695271841846,1.1676995143970135,1.6576287337411002,5.323399140334881,2.123090026176388,3.0138704249838186,18.68777426038443,12.874348593293044,15.126064164840063,33.97777138251714,23.407906533260075,27.501934845163746,2.6486576799564934,1.1594914747206602,1.597016034853828,5.518036833242695,2.4156072390013756,3.3271167392788086,14.135052141438802,9.701654707510757,11.272705921621585,29.448025294664173,20.21178064064741,23.4848040033783,0.6582914572864322,-0.0017085427135676845,-0.0017085427135676845,0.5025125628140703,-0.0024874371859296973,-0.0024874371859296973,0.4170854271356784,-0.0029145728643216184,-0.0029145728643216184,0.41800643086816724,0.13068700871728445,0.1816427945045309,0.3838709677419355,0.4170854271356784,0.11382728177226986,0.17000696302883367,0.4040404040404041,0.4247491638795987,0.1376039218094819,0.19004393584845303,0.38926174496644295,19.0,4.0,4.0,27.0,2.0,2.0,38.0,3.0,3.0,0.0009817189497899465,0.0001312884930489032,0.0001718499355771237,-0.004215881086828688,-0.0034391652486727153,-0.0042705609427518
59,1,3.1368950749329367,1.4198082435114014,1.9609042769776663,5.677955331163528,2.569932239651922,3.5493462890545464,23.03224233529724,17.46395887016965,19.790889456115558,41.6896453443369,31.610741195167414,35.82261555185163,3.3623759063644028,1.5038613590163803,2.0787657222394103,5.698942214176954,2.548917557654882,3.5233317326091695,28.857672621968312,22.44347092365876,25.248024898252492,48.91130952875985,38.03978122654027,42.793262539411,3.130750647755371,1.4251675579762353,1.9664120863568044,5.624102960039589,2.5601812418734764,3.532476801838571,22.89115628987765,17.386561885512513,19.68735322668033,41.121837646486796,31.23334470451349,35.36650280241975,0.7336683417085428,-0.001331658291457205,-0.001331658291457205,0.5879396984924623,-0.002060301507537776,-0.002060301507537776,0.46733668341708545,-0.002663316582914521,-0.002663316582914521,0.43343653250773995,0.12277192663447878,0.17802973539136513,0.4161490683229814,0.4371859296482412,0.1264089872923515,0.17341297472336648,0.4292929292929293,0.4280936454849499,0.12258446351499996,0.18448964103556165,0.4093959731543624,23.0,6.0,6.0,34.0,8.0,8.0,44.0,7.0,7.0,0.001051608954093617,5.437455880024573e-06,0.0002776787548620968,-0.008930899393953418,-0.0069775617713530025,-0.008496594135847246
59,0,3.351386245353755,1.5678939728825936,2.1335863940663127,5.848916122464515,2.736324513183635,3.7235838979246476,28.542272825021623,22.591671529804763,25.16252921603812,49.812629006725636,39.42750317940449,43.91422296302194,3.5468513067044207,1.6250848675270821,2.243215323587583,5.961094633116674,2.731235071474088,3.770109787542157,34.703873421551926,27.870855495981772,31.021210969039494,58.32583768328055,46.84177394282651,52.136489023595786,3.351386245353755,1.5678939728825936,2.1335863940663127,5.848916122464515,2.736324513183635,3.7235838979246476,28.542272825021623,22.591671529804763,25.16252921603812,49.812629006725636,39.42750317940449,43.91422296302194,0.7989949748743719,-0.0010050251256281673,-0.0010050251256281673,0.6281407035175879,-0.0018592964824121205,-0.0018592964824121205,0.4824120603015075,-0.0025879396984924696,-0.0025879396984924696,0.4285714285714286,0.11047270827892408,0.17522185488080744,0.375,0.40703517587939697,0.07620810821022406,0.13992332279091613,0.36868686868686873,0.4285714285714286,0.11047270827892408,0.17522185488080744,0.375,23.0,5.0,5.0,36.0,4.0,4.0,44.0,5.0,5.0,0.0005085264647765857,0.0005546318064981714,0.00019909390180381499,-0.00020410455418851114,0.00020435748183800229,5.0812707827141423e-05
317,1,3.6947863284024325,1.6742998699425193,2.3230092332765953,5.8272058665089785,2.6406100805950588,3.6637174193390867,40.23697417083323,32.69498126314759,36.29462376509,63.459456406571256,51.56465616359276,57.24180662379908,3.7275187813456934,1.6370504568302384,2.275773879231653,5.325026830493848,2.3386435097574836,3.2511055417595047,41.57582137490176,33.487118959857916,37.30526164850965,59.39403053557394,47.838741371225595,53.293230926442355,3.6947863284024325,1.6742998699425193,2.3230092332765953,5.8272058665089785,2.6406100805950588,3.6637174193390867,40.23697417083323,32.69498126314759,36.29462376509,63.459456406571256,51.56465616359276,57.24180662379908,0.7839195979899498,-0.0010804020100502187,-0.0010804020100502187,0.6281407035175879,-0.0018592964824121205,-0.0018592964824121205,0.4824120603015075,-0.0025879396984924696,-0.0025879396984924696,0.4,0.07876588021778586,0.14848851269649332,0.416058394160584,0.3869346733668342,0.05360134003350081,0.12316171844195944,0.41414141414141414,0.4,0.07876588021778586,0.14848851269649332,0.416058394160584,16.0,0.0,0.0,27.0,0.0,0.0,35.0,0.0,0.0,0.0007557090808508268,9.306737259509175e-05,2.283685487954893e-05,-0.0002179643979092205,0.00019661043173790915,4.380359388900246e-05
317,0,3.4364130936399864,1.631535648511106,2.2207084796870253,5.431112647994231,2.5785764559801962,3.5097404132984598,31.075293854147176,24.996067490086325,27.702624196762542,49.11325178097974,39.50527907915943,43.78288306959598,3.85472072668411,1.7540786416087317,2.4357141069759423,5.75331451743897,2.6180278232966145,3.6353941895163318,47.21542909040978,39.04401411831124,43.08241634348008,70.47078968717877,58.274647937777964,64.30211394549265,3.4364130936399864,1.631535648511106,2.2207084796870253,5.431112647994231,2.5785764559801962,3.5097404132984598,31.075293854147176,24.996067490086325,27.702624196762542,49.11325178097974,39.50527907915943,43.78288306959598,0.7638190954773869,-0.001180904522613102,-0.001180904522613102,0.6331658291457287,-0.0018341708542712887,-0.0018341708542712887,0.5226130653266332,-0.002386934673366814,-0.002386934673366814,0.44160583941605835,0.13195192320476512,0.2049553539791652,0.40293040293040294,0.44723618090452266,0.11640911323534975,0.18847157322505692,0.4545454545454546,0.44160583941605835,0.13195192320476512,0.2049553539791652,0.40293040293040294,27.0,18.0,18.0,38.0,26.0,26.0,48.0,29.0,29.0,0.001381320792071901,0.00043121431252599344,-6.355314386468069e-05,-0.004886563517612963,-0.0050440092116437185,-0.0041408923349086635
50,1,4.179755151922053,1.9864547446300795,2.705425983762642,6.991590435942343,3.322797027381224,4.525439827384783,65.34985046968764,56.38509879464268,60.981745943433985,109.31247714929569,94.31689252922048,102.00582957810776,4.294067804537826,2.003281306962826,2.7451075180296063,6.555828709218054,3.058444743454696,4.19100384432001,73.26388634000995,63.38117898928463,68.5573121908571,111.85326158780144,96.76515876226661,104.66765219978183,4.179755151922053,1.9864547446300795,2.705425983762642,6.991590435942343,3.322797027381224,4.525439827384783,65.34985046968764,56.38509879464268,60.981745943433985,109.31247714929569,94.31689252922048,102.00582957810776,0.7839195979899498,-0.0010804020100502187,-0.0010804020100502187,0.6934673366834171,-0.0015326633165829717,-0.0015326633165829717,0.5678391959798995,-0.0021608040201005485,-0.0021608040201005485,0.4436363636363636,0.11151295165814223,0.18728811696163572,0.44525547445255476,0.4522613065326633,0.12143423886349036,0.19516614793500053,0.4747474747474747,0.4436363636363636,0.11151295165814223,0.18728811696163572,0.44525547445255476,26.0,2.0,2.0,41.0,7.0,7.0,52.0,6.0,6.0,0.00029470655542538184,5.153587421667691e-06,-7.428581487114169e-06,-0.0002179643979092205,0.00019661043173790915,4.380359388900246e-05
50,0,3.555139644201412,1.6252317439796076,2.2310360810991616,6.018177567635069,2.751209292096198,3.7767212091809337,34.99270615502803,28.103830406593076,31.233891850603708,59.23601891602784,47.57445800854644,52.873058753636336,3.679798540757529,1.6257460692405061,2.2735310649543,5.749685219933639,2.540228233188291,3.552392288991094,39.63840774454283,31.83896356973042,35.557712096705316,61.935012100848176,49.748380577703784,55.558925151102066,3.555139644201412,1.6252317439796076,2.2310360810991616,6.018177567635069,2.751209292096198,3.7767212091809337,34.99270615502803,28.103830406593076,31.233891850603708,59.23601891602784,47.57445800854644,52.873058753636336,0.7537688442211055,-0.0012311557788945438,-0.0012311557788945438,0.6180904522613065,-0.0019095477386934512,-0.0019095477386934512,0.48743718592964824,-0.002562814070351749,-0.002562814070351749,0.4147286821705426,0.09751398197711902,0.15828538320147045,0.36964980544747084,0.4120603015075377,0.08373949950252513,0.15830404107348095,0.3787878787878788,0.4147286821705426,0.09751398197711902,0.15828538320147045,0.36964980544747084,25.0,6.0,6.0,38.0,10.0,10.0,47.0,8.0,8.0,9.683853891178707e-05,0.00048793350851217916,0.0002351781174265191,-0.00010015572628230274,-0.00015629801580718805,0.00010338106235963096
380,1,3.2676414862328533,1.503537805543719,2.065457773155349,6.05920275592847,2.7880171228625255,3.8299879237317733,26.24935680925456,20.413018019454395,22.921981781850203,48.67430401716078,37.85195394335915,42.50433707892753,3.544592615348011,1.6015801788182635,2.209791657908671,6.164508896257411,2.785356832727415,3.8431159267976893,34.62557654015253,27.64583116761491,30.82633687938792,60.21839398287397,48.07970637846072,53.611020659805085,3.2676414862328533,1.503537805543719,2.065457773155349,6.05920275592847,2.7880171228625255,3.8299879237317733,26.24935680925456,20.413018019454395,22.921981781850203,48.67430401716078,37.85195394335915,42.50433707892753,0.778894472361809,-0.0011055276381910506,-0.0011055276381910506,0.5879396984924623,-0.002060301507537776,-0.002060301507537776,0.4824120603015075,-0.0025879396984924696,-0.0025879396984924696,0.4229390681003584,0.1259802130019685,0.18932762590727137,0.41007194244604317,0.4321608040201005,0.12138386166421078,0.18007399266784674,0.43939393939393945,0.4229390681003584,0.1259802130019685,0.18932762590727137,0.41007194244604317,24.0,5.0,5.0,37.0,6.0,6.0,48.0,5.0,5.0,0.0007585835189619912,0.00027011213567011477,0.00012803744281290975,-0.0002456840853515274,0.00018111633153772289,2.978536601450088e-05
380,0,3.20370515354218,1.4252136920156195,1.9435688655470176,5.86089589853893,2.6073026953932805,3.5555877481477793,24.623595589718786,18.702677843816094,21.097693596983973,45.046695461191426,34.21489887898121,38.59636887448245,3.778979382922302,1.613958606948057,2.268200605732936,6.144681923450897,2.6243229381269217,3.688131066232416,43.77134514803168,35.05656217495465,39.241087665958666,71.1729189398889,57.00254012187748,63.806646611314896,3.290576436846551,1.4180171555037375,1.9834604106365088,5.841259947064883,2.51719021687054,3.5209356401831515,26.858341332099627,20.353418289838263,23.16284072985415,47.67752899189283,36.13032832515668,41.117468751220386,0.8190954773869347,-0.0009045226130653949,-0.0009045226130653949,0.6582914572864322,-0.0017085427135676845,-0.0017085427135676845,0.5326633165829145,-0.0023366834170853723,-0.0023366834170853723,0.4096774193548387,0.100498675393486,0.15753149660805754,0.3268608414239482,0.42211055276381915,0.07875215677384417,0.13997365793911132,0.3737373737373737,0.4180602006688964,0.11088156961714346,0.16444507274898534,0.3355704697986577,25.0,10.0,10.0,36.0,9.0,9.0,47.0,11.0,11.0,0.0020584178122017537,0.00037011720924883743,0.000489545690295326,-0.010644312568838465,-0.008246873395301613,-0.010031844997261175
456,1,3.3267209126732564,1.5118299308709824,2.075251274316982,5.15828635897651,2.3441857355078155,3.2178053466937477,27.84687947929019,21.706472754410296,24.351403208808584,43.17830750721401,33.6572274169508,37.75835553725376,3.655616894439237,1.6473472271125802,2.288732348230975,5.37590719770476,2.422569451636147,3.365782865045551,38.69138225306134,31.24096776126418,34.768272882294916,56.899091548619616,45.942599648917906,51.1298130621984,3.3267209126732564,1.5118299308709824,2.075251274316982,5.15828635897651,2.3441857355078155,3.2178053466937477,27.84687947929019,21.706472754410296,24.351403208808584,43.17830750721401,33.6572274169508,37.75835553725376,0.7638190954773869,-0.001180904522613102,-0.001180904522613102,0.6231155778894473,-0.0018844221105527303,-0.0018844221105527303,0.5025125628140703,-0.0024874371859296973,-0.0024874371859296973,0.4436363636363636,0.1278468899521531,0.19575244586127294,0.4124087591240876,0.44221105527638194,0.11138398760720902,0.1801075494333102,0.4494949494949495,0.4436363636363636,0.1278468899521531,0.19575244586127294,0.4124087591240876,26.0,5.0,5.0,39.0,5.0,5.0,46.0,3.0,3.0,0.0007364393037758389,0.00040224003250085823,0.00014510549630297742,-0.008598762540553473,-0.0076306991612682395,-0.007463467249724687
456,0,3.6997224303911316,1.6820198091359142,2.316230306415174,6.740590181397541,3.0645018440421445,4.21998124319477,40.43607897560124,32.91505255119105,36.447272233770455,73.67121238020499,59.968520401485065,66.40393434371876,3.821462310139258,1.7037978229984403,2.373312328139025,6.213759853884973,2.7704029642251062,3.859044435998415,45.67094459974567,37.35924188687473,41.4157096322651,74.26169853617182,60.74673477540606,67.34261728823593,3.6997224303911316,1.6820198091359142,2.316230306415174,6.740590181397541,3.0645018440421445,4.21998124319477,40.43607897560124,32.91505255119105,36.447272233770455,73.67121238020499,59.968520401485065,66.40393434371876,0.8140703517587939,-0.0009296482412060048,-0.0009296482412060048,0.6381909547738693,-0.0018090452261306789,-0.0018090452261306789,0.5025125628140703,-0.0024874371859296973,-0.0024874371859296973,0.4,0.06666666666666665,0.12898368883312428,0.3939393939393939,0.42211055276381915,0.09378975075880658,0.1449820051845203,0.41414141414141414,0.4,0.06666666666666665,0.12898368883312428,0.3939393939393939,21.0,0.0,0.0,32.0,2.0,2.0,39.0,0.0,0.0,4.289233784112937e-05,0.00039393865030573936,0.0001971891612241954,-0.0001486651793047855,0.00023534568223659846,7.884916357880911e-05
154,1,3.3341635291686686,1.5062583921760464,2.0751971711362165,5.913422108336884,2.671477148387705,3.680538378996308,28.054906295495137,21.83406510651698,24.533126949073246,49.75775833540647,38.72456830212446,43.51158364552614,3.6862921906476043,1.6592235864436127,2.299098309237015,5.898067505036167,2.6547577383097805,3.6785572947792238,39.89664322460647,32.30484408428018,35.893043524684835,63.83462915937035,51.68775053484828,57.42886963949574,3.3341635291686686,1.5062583921760464,2.0751971711362165,5.913422108336884,2.671477148387705,3.680538378996308,28.054906295495137,21.83406510651698,24.533126949073246,49.75775833540647,38.72456830212446,43.51158364552614,0.7185929648241206,-0.0014070351758793676,-0.0014070351758793676,0.592964824120603,-0.0020351758793969443,-0.0020351758793969443,0.4723618090452262,-0.0026381909547738003,-0.0026381909547738003,0.4270462633451957,0.12331624558320631,0.18444271304933768,0.36071428571428577,0.42211055276381915,0.10381481341544818,0.1767015377387774,0.35858585858585856,0.4270462633451957,0.12331624558320631,0.18444271304933768,0.36071428571428577,27.0,8.0,8.0,40.0,9.0,9.0,46.0,7.0,7.0,0.001076561092750561,0.001150944438716718,8.902290948704373e-05,-0.018751317026723058,-0.020578456527912792,-0.01655409407339903
154,0,3.298829056442359,1.4273958031693976,1.978857079626661,5.14617332805008,2.2267374529442603,3.0870170442175913,27.080910130719477,20.583307692019872,23.33759365457595,42.24621980392238,32.109959999550995,36.40664610113848,3.3567018682633214,1.4659147125574368,2.026975343201805,5.16415672040511,2.2552534039345185,3.118423604925854,28.694396742833707,22.069815536698705,24.91438723449627,44.145225758205704,33.95356236415186,38.32982651460965,3.2641031594579437,1.417590833043864,1.9649109544362202,5.126863601242843,2.2265824602783204,3.086247572412911,26.156642131376213,19.818964948263595,22.490308306333088,41.083731096402424,31.129264316644388,35.325091580627884,0.6984924623115578,-0.0015075376884421399,-0.0015075376884421399,0.5829145728643217,-0.002085427135678275,-0.002085427135678275,0.4723618090452262,-0.0026381909547738003,-0.0026381909547738003,0.4340836012861736,0.11787172327654283,0.1795381467407191,0.4193548387096774,0.42713567839195976,0.1088399390435888,0.16336272346708502,0.40909090909090906,0.43143812709030105,0.11257335246592715,0.17448595801354905,0.4161073825503355,24.0,0.0,0.0,34.0,2.0,2.0,44.0,0.0,0.0,0.0007771292015387738,0.00013854128219671698,-2.162109714638086e-05,0.00045964795473452114,5.716352994689089e-05,-8.236045698506445e-05
428,1,3.271737441907521,1.4317107597103487,1.987562102307207,5.549300523014414,2.428371288569486,3.371168869659185,26.357093502971292,20.060387234227854,22.745405190509793,44.70512544426622,34.025076690099176,38.579223168433735,3.423500703806853,1.4063500427040418,2.0106109808171766,5.0718528945286705,2.083481544746728,2.9786829345439654,30.676617020331797,23.159740757345848,26.56880832164422,45.44684003012118,34.31072704791978,39.36119751354699,3.280240930043734,1.4398889812897149,1.9963114229292684,5.497610497280001,2.4132217563514775,3.3457733345183267,26.582176373340495,20.283421663502917,22.971375822070218,44.55113358660418,33.994561447211595,38.49951255095567,0.7185929648241206,-0.0014070351758793676,-0.0014070351758793676,0.5728643216080402,-0.0021356783919597166,-0.0021356783919597166,0.4773869346733668,-0.0026130653266331905,-0.0026130653266331905,0.43790849673202614,0.12469479363251557,0.18247371412333047,0.39344262295081966,0.44221105527638194,0.11389025327136937,0.1734297531060981,0.4040404040404041,0.4381270903010034,0.12594011200384148,0.18006257417197113,0.3959731543624161,21.0,2.0,2.0,33.0,2.0,2.0,40.0,2.0,2.0,0.0008782526953940877,0.00024001000305774286,0.00016626650319558607,0.00047939258751661384,7.653115519623555e-05,-6.483767214060521e-05
428,0,3.290904608037737,1.4721879349879345,2.027774758759328,4.857248628209544,2.172892769429307,2.9929175525918925,26.86715691239848,20.703213894666423,23.330684101668076,39.65489025051122,30.557147431070156,34.43519240005817,3.447805581979416,1.532876699038746,2.1187407598222583,4.960871340977578,2.205577984228412,3.048547855859365,31.431343069366466,24.644886922333722,27.653833976941733,45.2249540566424,35.46026895299816,39.789689175455734,3.258657482954172,1.4593045114935081,2.0078604603850057,4.815749974809122,2.1566076524534608,2.9672814685492703,26.01458865958474,19.968854223677116,22.521462711105666,38.44520491564247,29.51062200543416,33.282949819367985,0.7185929648241206,-0.0014070351758793676,-0.0014070351758793676,0.5778894472361809,-0.002110552763819218,-0.002110552763819218,0.48743718592964824,-0.002562814070351749,-0.002562814070351749,0.43790849673202614,0.1279574363731354,0.19769110542767832,0.4327868852459016,0.4522613065326633,0.1389780985126131,0.20351339334401553,0.4494949494949495,0.4381270903010034,0.13094845924925047,0.19786012700845612,0.4261744966442953,26.0,10.0,10.0,38.0,10.0,10.0,49.0,12.0,12.0,0.0006351984033354149,9.678616741974244e-05,3.2348056584020383e-05,0.00047939258751661384,7.653115519623555e-05,-6.483767214060521e-05
103,1,3.500981928122164,1.6099036220763112,2.19236047738079,5.6700685575022005,2.6073439096670694,3.5506707731493234,33.147984922150606,26.521474686140067,29.44691683297873,53.68532340652653,42.95325791559642,47.691202262106856,3.781123890349613,1.6919260601996111,2.334850033103953,5.817113677460943,2.602963169537863,3.5920769740060816,43.86531384507659,35.786881555425204,39.618054745054366,67.48509822319475,55.05674085450031,60.95085345392979,3.500981928122164,1.6099036220763112,2.19236047738079,5.6700685575022005,2.6073439096670694,3.5506707731493234,33.147984922150606,26.521474686140067,29.44691683297873,53.68532340652653,42.95325791559642,47.691202262106856,0.7185929648241206,-0.0014070351758793676,-0.0014070351758793676,0.6231155778894473,-0.0018844221105527303,-0.0018844221105527303,0.5276381909547738,-0.002361809045226204,-0.002361809045226204,0.430976430976431,0.10492601080836383,0.18125638618359785,0.3885135135135135,0.42713567839195976,0.103827407715268,0.176718316121509,0.4040404040404041,0.430976430976431,0.10492601080836383,0.18125638618359785,0.3885135135135135,28.0,16.0,16.0,37.0,11.0,11.0,49.0,14.0,14.0,0.0017920713772456812,0.0006884645890373849,0.00021137514752331404,0.0005149329265217162,0.00011139288064487829,-3.329665942342075e-05
103,0,3.746921031705795,1.7427580365573223,2.3900115621767273,7.463866695157943,3.471574008822186,4.76090303185604,42.39036228095363,34.970481460265155,38.50619169542332,84.44160166365963,69.66119906884819,76.70433385728325,3.8428685940689777,1.7653421400278004,2.4410686008246216,7.1164233223499584,3.2691521111625934,4.520497408934485,46.65912874815014,38.674434788377205,42.59662287544261,86.40579397805581,71.61932368218001,78.88263495452335,3.746921031705795,1.7427580365573223,2.3900115621767273,7.463866695157943,3.471574008822186,4.76090303185604,42.39036228095363,34.970481460265155,38.50619169542332,84.44160166365963,69.66119906884819,76.70433385728325,0.7688442211055276,-0.0011557788944723812,-0.0011557788944723812,0.6532663316582914,-0.0017336683417086274,-0.0017336683417086274,0.5276381909547738,-0.002361809045226204,-0.002361809045226204,0.4233870967741935,0.09541928993314719,0.16869540776615066,0.4008097165991903,0.42713567839195976,0.08628354806614524,0.16837107071249402,0.40909090909090906,0.4233870967741935,0.09541928993314719,0.16869540776615066,0.4008097165991903,24.0,4.0,4.0,35.0,6.0,6.0,42.0,2.0,2.0,3.4106830182614766e-05,0.0002724223860585331,0.0002731991078853872,-3.085650767697956e-05,-0.00010133182060556578,-0.00011602607612637428
119,1,3.087238002885208,1.3399610997231093,1.8768400948297628,5.50816564543548,2.3907219620959075,3.348606787897707,21.91646110015587,16.177507447926843,18.56164180353458,39.10275073984645,28.863466525797534,33.11717386529911,3.0391034073566074,1.2747379801792547,1.809376514079686,4.982136733371488,2.089734393736483,2.96619100668801,20.886508147925564,15.048641516998314,17.466212844844954,34.240177291681256,24.669904126226747,28.63313581122124,3.087238002885208,1.3399610997231093,1.8768400948297628,5.50816564543548,2.3907219620959075,3.348606787897707,21.91646110015587,16.177507447926843,18.56164180353458,39.10275073984645,28.863466525797534,33.11717386529911,0.7386934673366834,-0.0013065326633165952,-0.0013065326633165952,0.5778894472361809,-0.002110552763819218,-0.002110552763819218,0.4321608040201005,-0.002839195979899567,-0.002839195979899567,0.43724696356275305,0.10391363022941968,0.17075974956544482,0.4065040650406504,0.42713567839195976,0.103827407715268,0.15668492713987292,0.38383838383838387,0.43724696356275305,0.10391363022941968,0.17075974956544482,0.4065040650406504,24.0,13.0,13.0,34.0,14.0,14.0,41.0,11.0,11.0,-7.653642795949898e-05,6.407371149384402e-05,8.155787025415888e-06,-2.39265858157367e-05,-9.583520108336074e-05,-0.00011149550017286458
119,0,3.640532862328287,1.7022517373807509,2.3198154276952385,6.067554770547145,2.8370862289679177,3.866359046158731,38.112139839107044,31.165339817872663,34.36603183808081,63.52023306517841,51.94223302978778,57.27671973013469,3.9349097103329758,1.7889917629032137,2.4873338287284166,6.1006352098185666,2.773630640160021,3.8563315174083974,51.15753075170991,42.60764476963632,46.9047380151979,79.31400116544172,66.05836398393228,72.72052405457038,3.640532862328287,1.7022517373807509,2.3198154276952385,6.067554770547145,2.8370862289679177,3.866359046158731,38.112139839107044,31.165339817872663,34.36603183808081,63.52023306517841,51.94223302978778,57.27671973013469,0.7939698492462312,-0.001030150753768888,-0.001030150753768888,0.6432160804020101,-0.001783919597989958,-0.001783919597989958,0.5175879396984925,-0.002412060301507535,-0.002412060301507535,0.4193548387096774,0.09556235212649311,0.16190549425198963,0.38129496402877694,0.4321608040201005,0.11135879900756918,0.17840454358604374,0.40909090909090906,0.4193548387096774,0.09556235212649311,0.16190549425198963,0.38129496402877694,25.0,14.0,14.0,35.0,13.0,13.0,45.0,15.0,15.0,0.0006484130165453148,0.0004987049422986374,0.0001314325490305581,-0.0002456840853515274,0.00018111633153772289,2.978536601450088e-05
447,1,3.54378993165457,1.63171609073221,2.240734797044255,5.602563130044367,2.579665438681398,3.5424950124699643,34.59779430615252,27.830686143777847,30.91727030150841,54.69746528401256,43.99898952254402,48.87873209571806,3.5170746622373112,1.542861632729605,2.1596771656365314,4.988758386152215,2.188456216637738,3.0633718661511082,33.68574201544708,26.484791527617595,29.799675386897356,47.78119434815189,37.567080181017865,42.269043101982064,3.550846235807923,1.618901481839466,2.2321313519208577,5.407380054529832,2.4653322058469027,3.399184799879479,34.84279023213969,27.939868551427537,31.104176496157955,53.060086647928465,42.54802317476275,47.36676623780399,0.6984924623115578,-0.0015075376884421399,-0.0015075376884421399,0.5879396984924623,-0.002060301507537776,-0.002060301507537776,0.49246231155778897,-0.002537688442211028,-0.002537688442211028,0.44712990936555896,0.12284634978788178,0.19386357770726748,0.4636363636363636,0.46733668341708545,0.15154720973287494,0.2102415248194227,0.4797979797979798,0.45150501672240806,0.13264024209803416,0.1990022358547774,0.4697986577181208,27.0,6.0,6.0,40.0,6.0,6.0,47.0,6.0,6.0,-0.0005639303037425734,-0.00024221724786479838,-0.0002021878427267737,0.0003806694236105912,-2.030697104693502e-05,0.00019008678427478998
447,0,3.7386081432583325,1.7654153140582458,2.4038944463517526,6.641527407435391,3.136208381444649,4.270447781166055,42.03943655214832,34.84582873008986,38.240528400596546,74.68182258087525,61.90258986168906,67.93317398223621,3.9158184204868336,1.7895847471521145,2.470065669833775,6.367184423555827,2.909893897808316,4.016366942819147,50.19013133836721,41.80689805568832,45.94508493648662,81.60996965588164,67.97869602550946,74.70745518127906,3.748121199400529,1.7679406220364176,2.4106770989834563,6.614331528353874,3.119895215358384,4.254136057029629,42.44126836614032,35.19721738744865,38.63197348891223,74.89635594024763,62.11273656608587,68.1740708627863,0.7537688442211055,-0.0012311557788945438,-0.0012311557788945438,0.6532663316582914,-0.0017336683417086274,-0.0017336683417086274,0.5628140703517588,-0.0021859296482411583,-0.0021859296482411583,0.4418604651162791,0.12013575533186782,0.19103173583451116,0.43333333333333335,0.44221105527638194,0.10386519061472776,0.1767686512697041,0.43939393939393945,0.4448160535117057,0.12261238072372571,0.1934256196963553,0.43624161073825507,26.0,1.0,1.0,37.0,1.0,1.0,50.0,2.0,2.0,0.0005782891239592668,3.1033386142349255e-05,0.00020479621068324226,-0.004176391821266279,-0.0034004299981758024,-0.004235515373064658
89,1,3.2471980491504255,1.443064736128241,1.766690416412907,5.870480315931337,2.6088593919523655,3.1939293991045563,25.718177796920003,19.64347349766505,21.32300154685241,46.49487165032699,35.512655144250346,38.54900716330523,3.7550502955614022,1.707862772723412,2.348559868534638,5.960397294541909,2.710893290037162,3.7278728071978375,42.73636920618094,34.990284450957155,38.65476366082825,67.83550667647768,55.54013404913834,61.35676771560039,3.4034284915413746,1.5586037049650892,2.145308245798789,5.936212485246584,2.718494834241435,3.7418167077885855,30.06700801970763,23.740016900205596,26.54820723379692,52.442455848327256,41.407006221288825,46.30501261708765,0.7989949748743719,-0.0010050251256281673,-0.0010050251256281673,0.6432160804020101,-0.001783919597989958,-0.001783919597989958,0.5376884422110553,-0.0023115577889447625,-0.0023115577889447625,0.44309927360774815,0.1371742433780021,0.17525958641322226,0.3932038834951457,0.4321608040201005,0.10634626767924837,0.18174344174964974,0.4242424242424242,0.4381270903010034,0.12760956108564447,0.20787125047897892,0.3926174496644296,26.0,15.0,15.0,34.0,12.0,12.0,46.0,16.0,16.0,7.347206268983943e-06,0.0007857944112496981,2.9032416456885476e-05,-0.006952487188286227,-0.010134347884397599,-0.008386014756042393
89,0,3.267366249035492,1.5000650411018217,2.05300602269666,5.396843754625788,2.4777193713721632,3.391034823558662,26.242133004029405,20.387102494224152,22.873994475479513,43.3452147131232,33.67421904518616,37.78192122318009,3.9159366473480683,1.7847347864493504,2.470681537963885,6.024517918997028,2.745745825306693,3.801048519944439,50.196065510842686,41.771079120068734,45.953131093691,77.2247161705272,64.26319864625958,70.69712475952461,3.368003396286215,1.5542746474297324,2.126227329446719,5.461627129112781,2.5204453742103774,3.447936209913598,29.020526683830955,22.887252396367536,25.558770365138574,47.06031354134749,37.11446334546086,41.44665464617066,0.7939698492462312,-0.001030150753768888,-0.001030150753768888,0.6582914572864322,-0.0017085427135676845,-0.0017085427135676845,0.5728643216080402,-0.0021356783919597166,-0.0021356783919597166,0.4380664652567976,0.13188245319043257,0.190830284352275,0.3939393939393939,0.44221105527638194,0.10386519061472776,0.1867853457605222,0.48484848484848486,0.4481605351170569,0.14265135314710697,0.20233183656310805,0.412751677852349,25.0,11.0,11.0,38.0,12.0,12.0,49.0,13.0,13.0,0.0009756441638325441,0.00012136836249038886,0.000783768000456395,-0.0066326241382332896,-0.0070129645282914765,-0.008186314187258681
425,1,3.313025946095145,1.4981025327001438,2.0581899177266907,5.819252827597172,2.631382168836004,3.61516260160284,27.468116885837585,21.327511014558308,23.960853650321926,48.24710686165254,37.46127582349879,42.086680764036956,3.548998344483687,1.5284312613639384,2.165666575982902,6.172171033884673,2.658141324111197,3.7663766538833077,34.77846399461025,27.23586299179854,30.790296828498814,60.48428520801783,47.36671824660617,53.54834231043272,3.3428270477913693,1.5174329525074535,2.082823623729287,5.934012510872253,2.6936679630309825,3.6973200421229953,28.299016398017176,22.093776404903466,24.77358283936909,50.23494035150978,39.21972142882272,43.97677427106939,0.6934673366834171,-0.0015326633165829717,-0.0015326633165829717,0.6180904522613065,-0.0019095477386934512,-0.0019095477386934512,0.48743718592964824,-0.002562814070351749,-0.002562814070351749,0.4378698224852071,0.11586095985596045,0.19377533429623073,0.40356083086053407,0.42713567839195976,0.103827407715268,0.175048867039706,0.4242424242424242,0.4347826086956522,0.11925673223488431,0.19896503361222617,0.4093959731543624,22.0,13.0,13.0,30.0,19.0,19.0,41.0,23.0,23.0,0.00046364324355834815,0.0001248209279289161,0.0003059566021480561,-0.004322502103845771,-0.003543750425016867,-0.004015401586178413
425,0,3.443512207731253,1.5860264417611993,2.1672583551593405,5.638278230241283,2.596900437608997,3.5485878562499096,31.296685824266884,24.889079544015736,27.713494435900987,51.24402404193149,40.75244892371807,45.377040340101615,3.692125768517729,1.6944716442075867,2.32120166010323,6.003456534175169,2.7552384458659946,3.7743116424442764,40.13006357555756,32.75832096811112,36.19107450852943,65.25213589521555,53.26556254977419,58.8472756236251,3.443512207731253,1.5860264417611993,2.1672583551593405,5.638278230241283,2.596900437608997,3.5485878562499096,31.296685824266884,24.889079544015736,27.713494435900987,51.24402404193149,40.75244892371807,45.377040340101615,0.7336683417085428,-0.001331658291457205,-0.001331658291457205,0.6080402010050252,-0.001959798994974782,-0.001959798994974782,0.507537688442211,-0.0024623115577889765,-0.0024623115577889765,0.43434343434343436,0.1267804091333503,0.19358195617994056,0.3952702702702703,0.42713567839195976,0.1088399390435888,0.181726663366918,0.398989898989899,0.43434343434343436,0.1267804091333503,0.19358195617994056,0.3952702702702703,23.0,3.0,3.0,33.0,3.0,3.0,44.0,4.0,4.0,0.0011947380358209364,0.00023891732833232948,9.111713630460964e-05,0.0005149329265217162,0.00011139288064487829,-3.329665942342075e-05
30,1,2.801577942618907,1.233392793865854,1.6467601053111438,5.327352875342688,2.345363499216417,3.131403930824818,16.47061596364949,11.672683210336267,13.297170682113846,31.319772324659912,22.196242166805234,25.285293473242394,3.0761595491188856,1.331540947152563,1.8770702074696566,4.732553152490593,2.0485245340808658,2.8878003191840866,21.675000573353177,15.951282529090985,18.357905766551447,33.34615472823565,24.540434660139972,28.242931948540683,2.9676368858503257,1.3413581612356393,1.8539017314300226,5.001635200871335,2.260716002082538,3.12455347993824,19.445912346630333,14.360995256298896,16.40019896190529,32.77400957297247,24.2039245892678,27.6407847672561,0.7336683417085428,-0.001331658291457205,-0.001331658291457205,0.5778894472361809,-0.002110552763819218,-0.002110552763819218,0.42211055276381915,-0.0028894472361808976,-0.0028894472361808976,0.3907103825136612,0.09466672630629425,0.13851096902392512,0.3561643835616438,0.42211055276381915,0.09378975075880658,0.1549986996753383,0.398989898989899,0.38795986622073575,0.07911178608717984,0.1399064735622263,0.3657718120805369,26.0,14.0,14.0,39.0,15.0,15.0,48.0,18.0,18.0,0.0003313585141157715,0.0006150518069786035,7.0228723892836e-05,-0.012455392492552342,-0.017461640482240526,-0.013718546702985002
30,0,3.28649184155388,1.513111293174052,2.071924922127778,5.639117148895729,2.5962674647904502,3.555106150536188,26.748859623975687,20.858125974569155,23.380024852523157,45.89695039305118,35.78935276510773,40.1165453753676,3.7039398565963286,1.6791955287930254,2.323279714947576,5.879269613644966,2.6653897282428973,3.687745579281866,40.6069752726627,33.03280108135595,36.62944878075811,64.45551630581382,52.4330175894539,58.141982191679546,3.2502402968231254,1.4978232021036957,2.0539562868610117,5.603862580729527,2.58245379673051,3.541303942863814,25.7965379986023,20.028009079111346,22.488735702589523,44.47678965276259,34.531050136398875,38.77368224584401,0.7587939698492463,-0.001206030150753712,-0.001206030150753712,0.6281407035175879,-0.0018592964824121205,-0.0018592964824121205,0.5376884422110553,-0.0023115577889447625,-0.0023115577889447625,0.45047923322683703,0.1426642412013187,0.21455999837030137,0.3685897435897436,0.44723618090452266,0.12142164456367055,0.18346322597964793,0.38383838383838387,0.4481605351170569,0.13430410773809198,0.21234296003363085,0.35906040268456374,27.0,15.0,15.0,39.0,15.0,15.0,49.0,17.0,17.0,0.0027346645493603132,0.0004081046308786184,0.000308579839980759,-0.0042237789399397485,-0.0034469122987736966,-0.0042775700566881625
94,1,3.5265822333921575,1.6386227525324715,2.240836300043038,5.821659559885466,2.7050280359266194,3.699158336578983,34.00753893407691,27.401663430299244,30.390173669603534,56.13942935149205,45.23449201192257,50.1679057402979,3.83198014455824,1.7364026440404356,2.398983164023271,5.677007621567763,2.5724483615413862,3.5540491318863277,46.15383908324503,38.023704311458744,41.96259762610752,68.37605790110375,56.3314137947537,62.16681129793706,3.5441605175617945,1.648264174125211,2.255645190057262,5.7785225829811875,2.68738724042154,3.6776823750933625,34.610618137162206,27.952104091197977,30.983221077882053,56.430355658416644,45.57408275738801,50.516121322633786,0.7638190954773869,-0.001180904522613102,-0.001180904522613102,0.6281407035175879,-0.0018592964824121205,-0.0018592964824121205,0.5025125628140703,-0.0024874371859296973,-0.0024874371859296973,0.43086816720257237,0.12107683493932997,0.18487886238973816,0.4096774193548387,0.44221105527638194,0.12892784725633177,0.1801075494333102,0.43434343434343436,0.4280936454849499,0.11423721810598497,0.1833772939832814,0.4093959731543624,27.0,5.0,5.0,34.0,1.0,1.0,46.0,-1.0,-1.0,0.0010596058558285763,0.00018745413628206906,0.0002764596358041183,-0.0069288356406920215,-0.005472058908244648,-0.006708711383029531
94,0,3.29786442867046,1.3922146705963565,1.9316655167740961,5.716298343028798,2.413172095700352,3.3482202290751006,27.05479972815348,20.331024692433605,23.134379253875796,46.89498619546604,35.240442800218254,40.099590706718054,3.327598740707091,1.4451092175126032,2.024719693989939,5.240312977491482,2.2757625472639424,3.1885349511652583,27.871334983044896,21.301494693218014,24.191459017060943,43.891866115031334,33.5456609342016,38.09678585363928,3.335916649139047,1.4294663679799375,1.993049967432261,5.718714255666938,2.450513773679893,3.416657087026733,28.104133049583787,21.37497332173181,24.274125854867524,48.17851379928649,36.64281140868311,41.612787179772894,0.6783919597989949,-0.0016080402010050232,-0.0016080402010050232,0.5477386934673367,-0.002261306532663321,-0.002261306532663321,0.457286432160804,-0.0027135678391959628,-0.0027135678391959628,0.41800643086816724,0.10982023504152194,0.15597434530666987,0.36451612903225805,0.4371859296482412,0.12891525295651185,0.17675187288697247,0.36363636363636365,0.42140468227424754,0.11422605122249463,0.15777843088381371,0.37248322147651003,24.0,0.0,0.0,34.0,-1.0,-1.0,42.0,0.0,0.0,0.000758818342523316,0.000549324357947652,-3.949811047579827e-05,-0.0042158810868278,-0.004186289602780668,-0.004270560942752688
490,1,3.052667462600852,1.35731119622304,1.6278886954886718,5.844070592816946,2.5984561188954594,3.1164535837057903,21.171744002535092,15.723157234792229,17.01480591293321,40.53149189674511,30.100638850390528,32.57338969818294,3.241361186732,1.4141866740672242,1.984170728367402,5.35762179625124,2.3374986348218583,3.279621038623805,25.568501576163268,19.352203825122192,22.05297100627057,42.261986076302925,31.98711376053255,36.451191745901774,3.2054022562543683,1.4601941506751257,2.0031385378020845,6.086206815672852,2.772520539256568,3.8034276034216794,24.665419840564326,18.938326649102713,21.337778594624552,46.83307564664113,35.95884806791655,40.51476948346434,0.6934673366834171,-0.0015326633165829717,-0.0015326633165829717,0.5477386934673367,-0.002261306532663321,-0.002261306532663321,0.44723618090452266,-0.0027638190954772934,-0.0027638190954772934,0.40801886792452835,0.11119907993866263,0.14115669783655183,0.38534278959810875,0.4170854271356784,0.11132101610810952,0.16499861578342467,0.4040404040404041,0.4013377926421404,0.1041758560812055,0.1699696057678356,0.38926174496644295,24.0,7.0,7.0,35.0,11.0,11.0,45.0,11.0,11.0,0.0007409680299925619,0.0002524511919439005,0.0001930481979596207,-0.02280976618686914,-0.02167644053767681,-0.024632988041793702
490,0,3.8307859388172116,1.7801336120117064,2.451280726483142,6.124045548449284,2.8457918287261976,3.918714086554683,46.09875480117069,38.32578483165184,42.12581941949731,73.6952882875858,61.26911180570191,67.34399703116917,3.7651513353664074,1.7252328714371523,2.3892168236945293,5.748322649414362,2.6339433151712246,3.647659272816075,43.17023854940284,35.480256387016155,39.21146403357531,65.90876114412647,54.16833036185673,59.864830585611166,3.8307859388172116,1.7801336120117064,2.451280726483142,6.124045548449284,2.8457918287261976,3.918714086554683,46.09875480117069,38.32578483165184,42.12581941949731,73.6952882875858,61.26911180570191,67.34399703116917,0.7889447236180904,-0.001055276381909609,-0.001055276381909609,0.6281407035175879,-0.0018592964824121205,-0.0018592964824121205,0.5025125628140703,-0.0024874371859296973,-0.0024874371859296973,0.43162393162393164,0.10113352650666085,0.16457847707847706,0.45922746781115875,0.4321608040201005,0.10133373635092757,0.16838784909522575,0.45959595959595956,0.43162393162393164,0.10113352650666085,0.16457847707847706,0.45922746781115875,24.0,4.0,4.0,33.0,0.0,0.0,47.0,6.0,6.0,-0.0005072111223258172,-0.00016666937595681477,-6.842804339599996e-05,6.616239837065052e-05,-2.437914732134061e-05,-5.259801277901488e-05
178,1,2.9516451935859243,1.2931411976056326,1.7885005864258732,5.108616681206408,2.238128995855903,3.0954817841986273,19.137412591622727,13.885963815031165,15.937432440027186,33.12244487011626,24.033398910630865,27.58401768466244,2.585970574287913,1.0515861046485244,1.49540590043746,4.309950957146522,1.7526435077475409,2.492343167395767,13.276168346458483,8.637698814214868,10.3002143048299,22.126947244097472,14.396164690358113,17.167023841383166,2.956625034179177,1.314128590429111,1.8060341708558594,5.011228871490131,2.2273365939476455,3.061074865857389,19.232951542631927,14.064896362207191,16.072892021181953,32.59822295361344,23.838807393571514,27.242189866410094,0.5326633165829145,-0.0023366834170853723,-0.0023366834170853723,0.40703517587939697,-0.00296482412060306,-0.00296482412060306,0.3417085427135679,-0.003291457286432098,-0.003291457286432098,0.40764331210191085,0.12147479063927169,0.16823653244089387,0.41214057507987223,0.37688442211055273,0.10871399604538978,0.15317824514895007,0.3535353535353535,0.41137123745819393,0.1292343426334861,0.17555366237476788,0.4161073825503355,17.0,0.0,0.0,31.0,0.0,0.0,38.0,0.0,0.0,-0.0010403387067296761,2.2932627392992593e-05,-0.00035990790490273594,-0.0074478669968369715,-0.009442403346361594,-0.008469275099425744
178,0,3.252003199380377,1.4916973094729675,2.0253982417710854,5.206964660279563,2.388440200716832,3.2429786876912754,25.842054890542656,20.027839258245024,22.43242087877059,41.3771630328342,32.06769638458886,35.917806840574876,3.6713130947333483,1.6640755993970306,2.3110224718629553,5.605058159898242,2.54057343419394,3.528278582996879,39.30348118539683,31.860752835362014,35.40615539616524,60.00531478686539,48.64237074101071,54.05519907811487,3.252003199380377,1.4916973094729675,2.0253982417710854,5.206964660279563,2.388440200716832,3.2429786876912754,25.842054890542656,20.027839258245024,22.43242087877059,41.3771630328342,32.06769638458886,35.917806840574876,0.7688442211055276,-0.0011557788944723812,-0.0011557788944723812,0.5979899497487438,-0.0020100502512562235,-0.0020100502512562235,0.5175879396984925,-0.002412060301507535,-0.002412060301507535,0.4492753623188406,0.14547789396441024,0.2022874105116117,0.3745454545454545,0.4723618090452262,0.15907860102517601,0.22361389585657843,0.4292929292929293,0.4492753623188406,0.14547789396441024,0.2022874105116117,0.3745454545454545,22.0,0.0,0.0,37.0,0.0,0.0,45.0,-1.0,-1.0,0.0009695552117157663,0.0008590880831490581,0.00011427876229211582,-0.00022489431977135155,0.00019273690668875076,4.029903692170933e-05
216,1,3.093981218197353,1.4013924629591388,1.9336088515822671,5.106570942655826,2.312977851485958,3.191393250184325,22.064747919314417,16.631219329697466,18.87362659736128,36.41754510954807,27.449585301442422,31.15064584030503,2.8140630218850906,1.2367585654180717,1.7213908372529916,4.362888406023396,1.9174551401830566,2.66882300349301,16.677541965371823,11.83565527676648,13.695309454868273,25.856654209878794,18.34985314227361,21.233037914524452,3.056944009851054,1.3793975705846897,1.9115038716293387,4.904188251097947,2.212937279012871,3.0665837512770135,21.262479845903982,15.910072455210397,18.118655076090043,34.110930234070565,25.524180409428446,29.067361084636435,0.5778894472361809,-0.002110552763819218,-0.002110552763819218,0.46733668341708545,-0.002663316582914521,-0.002663316582914521,0.4170854271356784,-0.0029145728643216184,-0.0029145728643216184,0.43952802359882004,0.1523409838344607,0.20890977040941872,0.45857988165680474,0.4321608040201005,0.1614841122907772,0.20845462705849782,0.4242424242424242,0.44147157190635455,0.15599577891804073,0.2156651202934513,0.4563758389261745,17.0,0.0,0.0,28.0,0.0,0.0,36.0,0.0,0.0,-0.00025533637306317426,-0.0003860302678265782,-0.00024391440991763716,0.0003490780111610192,-5.1295171446419374e-05,0.00017032920177317834
216,0,3.4572820145482073,1.5157820706096554,2.097407530285346,6.461824717667483,2.8330688700680464,3.9201545506523723,31.730615852058463,24.761419313157887,27.834911553148135,59.30603200920451,46.280271811497485,52.02477516481259,3.4846631246595527,1.4255539650800007,2.0376110228014808,5.620424394612182,2.2992805888387107,3.286469391615291,32.611439269490724,24.772455853873492,28.360873476415254,52.59909559595278,39.95557395786047,45.7433443167988,3.434820570674628,1.5102266770407682,2.0866561503027716,6.360778834582645,2.7967160685940153,3.8641780561162435,31.025845119602575,24.17347980801025,27.17549370608787,57.45526874000477,44.76570334816713,50.32498834460716,0.7035175879396984,-0.001482412060301641,-0.001482412060301641,0.5829145728643217,-0.002085427135678275,-0.002085427135678275,0.48743718592964824,-0.002562814070351749,-0.002562814070351749,0.4440894568690096,0.1267050868530606,0.1911670339147057,0.4326923076923077,0.44221105527638194,0.12140905026385063,0.1784381003515072,0.4292929292929293,0.44147157190635455,0.11926789911837454,0.1911934851432845,0.4261744966442953,25.0,6.0,6.0,35.0,6.0,6.0,43.0,5.0,5.0,0.0002841110651944592,0.00023889042353501867,-3.470740147194689e-05,-0.006950890247427566,-0.007744822231805948,-0.006723288310319653
407,1,2.370744900297103,0.9990711008706576,1.268542812510679,5.644630714993102,2.378740716358709,3.0203400297873313,10.705363743404313,6.763420544471776,7.694574992911776,25.48896129381979,16.10338224874232,18.32041664978994,2.64992187730032,1.1252325199180069,1.5826251559979116,4.953125004299663,2.1032383549869285,2.9581778616783394,14.152932936856478,9.55921659328676,11.245423877387172,26.4540802558065,17.86769456689114,21.019483882966675,2.4311192207113157,1.0785020874704487,1.4881532687217462,5.064831709815241,2.246879348896768,3.100319309836971,11.371602293117936,7.504068143809331,8.804016821753919,23.69083811066237,15.633475299602775,18.341701711987334,0.5879396984924623,-0.002060301507537776,-0.002060301507537776,0.4623115577889447,-0.002688442211055242,-0.002688442211055242,0.3467336683417085,-0.003266331658291488,-0.003266331658291488,0.37593984962406013,0.0980925404876396,0.13156057298671897,0.3417085427135679,0.371859296482412,0.10118260475308871,0.14815311952080934,0.3484848484848485,0.3946488294314381,0.12920642542476024,0.18775227770730019,0.3489932885906041,26.0,17.0,17.0,34.0,14.0,14.0,46.0,21.0,21.0,0.0003172705190870547,0.0004454649251160462,9.239441506058331e-05,-0.06967618818345844,-0.08021954759348482,-0.0754516469299551
407,0,3.6024209267871323,1.6518007113739461,2.2418950852000323,6.1832597997092575,2.8351803254925945,3.848028877582145,36.68694342545346,29.653895192360046,32.78870080442736,62.97012677503206,50.89847682270755,56.27911332103204,3.3068073622545406,1.4662368434095345,2.037199480980771,6.067536444503744,2.6903428319440996,3.7379806990472857,27.297834105659103,20.997702525965686,23.73837754655723,50.08776900120936,38.527894543056306,43.55665604872886,3.332179689088394,1.5099355940025365,2.0769857208501574,5.9151118741214095,2.6803590426080532,3.6869569009174397,27.999305018194455,21.813580778836865,24.490786168629228,49.70290831632152,38.7223327434974,43.4747683466791,0.6532663316582914,-0.0017336683417086274,-0.0017336683417086274,0.542713567839196,-0.0022864321608039306,-0.0022864321608039306,0.4371859296482412,-0.002814070351758735,-0.002814070351758735,0.4215116279069767,0.11962483545414648,0.18495248812203047,0.4431486880466472,0.4170854271356784,0.12385234442891147,0.19170980109227276,0.41414141414141414,0.4180602006688964,0.11755936594435545,0.1878043608468719,0.41946308724832215,25.0,5.0,5.0,35.0,4.0,4.0,45.0,6.0,6.0,0.0008710639161579258,-0.0006298235893106461,-0.00013470905357759532,-0.010375072531672025,-0.008825142311435386,-0.009435822560684315
248,1,3.2301077220090635,1.403837922547638,1.936591734062238,5.355178591751868,2.327415503171084,3.21066524331371,25.28238029307847,19.071703965417313,21.636798422677693,41.91552522273536,31.61887762687607,35.87153422707091,3.2270488571282008,1.334594956872247,1.874859714093828,4.889467965345759,2.022113571018556,2.8406965365057997,25.20516306663434,18.569531169095956,21.339283829896473,38.18964101005203,28.135653286509022,32.33224822711587,3.2360541126799824,1.410493782330447,1.9476197704505234,5.305006742098332,2.3122848890663064,3.19281929582053,25.433167077643752,19.22689547030975,21.806063772217218,41.69371652072746,31.519500770999592,35.74764552822495,0.6683417085427136,-0.0016582914572863539,-0.0016582914572863539,0.5628140703517588,-0.0021859296482411583,-0.0021859296482411583,0.44221105527638194,-0.0027889447236180143,-0.0027889447236180143,0.42356687898089174,0.10878150537198872,0.17144823491309513,0.4249201277955271,0.4321608040201005,0.11386506467172952,0.18341289083145274,0.43939393939393945,0.4280936454849499,0.11590666718778797,0.17781555872187982,0.4295302013422819,22.0,9.0,9.0,33.0,10.0,10.0,42.0,12.0,12.0,0.00016176812239798095,0.00011772943728344513,-0.00021380284631684624,0.0004478011750661537,4.5542954798527546e-05,-9.287412789138472e-05
248,0,3.4648977410639814,1.5284443447650808,2.1307074026816144,5.63045882922897,2.483722060243257,3.462399529357623,31.973190061557958,25.03907530959234,28.176269580792404,51.95643385003168,40.688497378087554,45.78643806878766,3.378068046953211,1.408442307427777,2.004393246075632,5.4049088751251375,2.253507691884443,3.207029193721011,29.314082939627596,22.146089649927553,25.36424400958355,46.902532703404155,35.43374343988408,40.58279041533368,3.4648977410639814,1.5284443447650808,2.1307074026816144,5.63045882922897,2.483722060243257,3.462399529357623,31.973190061557958,25.03907530959234,28.176269580792404,51.95643385003168,40.688497378087554,45.78643806878766,0.7437185929648241,-0.0012814070351758744,-0.0012814070351758744,0.6231155778894473,-0.0018844221105527303,-0.0018844221105527303,0.4974874371859297,-0.002512562814070307,-0.002512562814070307,0.45493562231759654,0.10161656450175072,0.18532078636895177,0.4612068965517241,0.44221105527638194,0.08882759662976536,0.1584047113698711,0.43939393939393945,0.45493562231759654,0.10161656450175072,0.18532078636895177,0.4612068965517241,19.0,5.0,5.0,30.0,3.0,3.0,40.0,6.0,6.0,-6.085281347910508e-06,-5.419119283718502e-05,-4.4497053659956494e-05,7.309232023011702e-05,-1.888252780091193e-05,-4.806743682639336e-05
393,1,3.2336583666961287,1.450753101152711,1.9467447646959044,6.046267466895365,2.7126060589261627,3.640007138155363,25.37230859959659,19.42519932354427,21.75071698409569,47.440931183620705,36.32107581850204,40.669309360887254,3.4005521505921332,1.4870466068498698,2.0722386458779316,5.812909659131852,2.541960011709179,3.5422882835520197,29.980649311403436,23.203845722361365,26.205977261557525,51.24897318188622,39.664693542498064,44.79654232744876,3.0747229753928043,1.3828424175014808,1.9112953176352987,5.801364104514724,2.609136636795246,3.606217580443959,21.643885192137446,16.214203250798093,18.44299915604863,40.83751923044801,30.59283632226055,34.79811161518609,0.6582914572864322,-0.0017085427135676845,-0.0017085427135676845,0.5527638190954773,-0.0022361809045226,-0.0022361809045226,0.4623115577889447,-0.002688442211055242,-0.002688442211055242,0.4134078212290503,0.12470489235875737,0.17880371565720277,0.3893557422969187,0.4321608040201005,0.13140892432085238,0.18341289083145274,0.3939393939393939,0.3946488294314381,0.12085918001574525,0.179965848341338,0.3557046979865772,24.0,0.0,0.0,34.0,0.0,0.0,44.0,0.0,0.0,0.000400431778661152,7.820798708706079e-05,0.0005088298844008968,-0.03218426849178524,-0.033002146474330196,-0.03569532750933835
393,0,3.292076890052311,1.5129849743609778,2.0715732981150374,5.049982025517138,2.3208895723207235,3.1777532145842327,26.89867126547525,20.97419721225984,23.509777341845524,41.26203941694261,32.1740112576413,36.06354194186012,3.6584539838771724,1.6574928665988078,2.272227156881412,5.263962566729745,2.3848818224443282,3.2693915926351256,38.80130902730161,31.405147764982775,34.801579154676624,55.82922162201671,45.18726297119824,50.074214611045505,3.321509247639506,1.5338462111641096,2.0953849234615,5.110014227137701,2.3597634017909375,3.2236691130176918,27.70212839592612,21.726656718829098,24.294132774484435,42.61865907065557,33.42562572127554,37.3755888838222,0.7487437185929648,-0.006256281407035158,-0.006256281407035158,0.6130653266331658,-0.0069346733668341765,-0.0069346733668341765,0.4773869346733668,-0.007613065326633195,-0.007613065326633195,0.41587301587301584,0.11476366563529794,0.17088885536615206,0.3853503184713376,0.4120603015075377,0.09125829649500639,0.16665128648249594,0.4292929292929293,0.4180602006688964,0.11255101869894646,0.1777932373763491,0.3926174496644296,22.0,0.0,0.0,32.0,0.0,0.0,41.0,-1.0,-1.0,0.0009087438300237929,-5.22620179235156e-05,0.00028430260301889063,-0.004231676793052586,-0.004201783702979078,-0.004910433802594483
239,1,3.008399278578097,1.3733035007710117,1.6729812483808937,5.958944724875845,2.720197318834888,3.3137897804467698,20.254951427017577,15.125002118223918,16.453366635473973,40.12038455736174,29.959138811097375,32.590322374111906,2.9878425023064543,1.2767010988500747,1.8026499025879752,5.637438683597083,2.4088699978303296,3.4012262312980663,19.842825426088794,14.307549569782745,16.571508610595405,37.43929325677131,26.995376546759896,31.266997378481896,3.003794788915577,1.3651367561241337,1.883898451277002,5.66753733757656,2.575729728536101,3.554525379767928,20.161902099288213,15.01364601565874,17.09736558955263,38.04132471563813,28.327633991808938,32.25918035764647,0.6834170854271358,-0.0015829145728643024,-0.0015829145728643024,0.5226130653266332,-0.002386934673366814,-0.002386934673366814,0.3919597989949749,-0.0030402010050251116,-0.0030402010050251116,0.4111922141119222,0.12200630888713482,0.15606024930253803,0.4024390243902439,0.3919597989949749,0.0962204506240476,0.15489802937894814,0.36363636363636365,0.40802675585284276,0.11086481929190783,0.17443387487397732,0.3926174496644296,23.0,7.0,7.0,35.0,10.0,10.0,44.0,10.0,10.0,0.00028334644997527093,5.5604425259628664e-05,0.00010053369608423312,-0.0022730092211675768,-0.0031416903271557217,-0.00279962269759082
239,0,3.4647478111206538,1.560123153300887,2.1581818620908066,6.045387560093278,2.7221459157594783,3.7656552490274073,31.968396682328542,25.25151065854068,28.274928331634914,55.779340418131866,44.05953239041925,49.33487495105953,3.6655334971058906,1.5733815717273156,2.1861785895510346,6.319885339837743,2.712726847805717,3.769273430260405,39.07697805776055,30.974646026151554,34.68686531905943,67.37410009958715,53.40456211405441,59.804940205274875,3.4647478111206538,1.560123153300887,2.1581818620908066,6.045387560093278,2.7221459157594783,3.7656552490274073,31.968396682328542,25.25151065854068,28.274928331634914,55.779340418131866,44.05953239041925,49.33487495105953,0.7135678391959799,-0.0014321608040201994,-0.0014321608040201994,0.5678391959798995,-0.0021608040201005485,-0.0021608040201005485,0.4974874371859297,-0.002512562814070307,-0.002512562814070307,0.41666666666666663,0.12953795379537947,0.18315743183817057,0.38247011952191234,0.42211055276381915,0.10632107907960864,0.1800404359023834,0.40909090909090906,0.41666666666666663,0.12953795379537947,0.18315743183817057,0.38247011952191234,28.0,7.0,7.0,40.0,11.0,11.0,47.0,8.0,8.0,0.0003542008724915558,0.0005840345360369945,0.0005104651252798835,-5.857619511928647e-05,-0.00012331829868550415,0.00012440840417138332
365,1,3.2129493879420417,1.4117049390915426,1.9518033621258197,5.406220227615052,2.3753837597887633,3.2841721242955413,24.852277244011677,18.795096616419777,21.322813216623544,41.817304823756174,31.625282330622497,35.87850607108513,3.1987235096830817,1.3486000050348492,1.9085592008087253,5.243809032267348,2.2108196803849993,3.1287855750962716,24.50123463835158,18.14062959997036,20.867851134488426,40.16595842352718,29.738737049131736,34.20959202375151,3.2129493879420417,1.4117049390915426,1.9518033621258197,5.406220227615052,2.3753837597887633,3.2841721242955413,24.852277244011677,18.795096616419777,21.322813216623544,41.817304823756174,31.625282330622497,35.87850607108513,0.6934673366834171,-0.0015326633165829717,-0.0015326633165829717,0.5678391959798995,-0.0021608040201005485,-0.0021608040201005485,0.4723618090452262,-0.0026381909547738003,-0.0026381909547738003,0.4535714285714286,0.13806340718105425,0.20416525279945708,0.4408602150537635,0.44221105527638194,0.12642158159217143,0.19346314208773419,0.4242424242424242,0.4535714285714286,0.13806340718105425,0.20416525279945708,0.4408602150537635,24.0,15.0,15.0,36.0,21.0,21.0,48.0,26.0,26.0,7.503915360703867e-05,0.0005892453365094298,-0.00013923560223303875,-0.0002526140072118821,0.00017724280649034085,2.6280809047207754e-05
365,0,3.7537089080521553,1.683797453341222,2.3142875996211787,6.676059467341082,2.9946733230565363,4.116014858386659,42.67908160536318,34.75496016220201,38.46082756286604,75.90574916390096,61.81251304015795,68.40348526281544,3.8464895468860414,1.7002181059689523,2.3576964868269,6.519473808281426,2.881725603337207,3.9960957403845763,46.8283855022615,38.27547665692609,42.39664206059347,79.37014491908728,64.87368924902727,71.85871535693809,3.7537089080521553,1.683797453341222,2.3142875996211787,6.676059467341082,2.9946733230565363,4.116014858386659,42.67908160536318,34.75496016220201,38.46082756286604,75.90574916390096,61.81251304015795,68.40348526281544,0.778894472361809,-0.0011055276381910506,-0.0011055276381910506,0.6231155778894473,-0.0018844221105527303,-0.0018844221105527303,0.5477386934673367,-0.002261306532663321,-0.002261306532663321,0.4507575757575758,0.13317723549292548,0.19509006946034657,0.4334600760456274,0.44723618090452266,0.12643417589199135,0.18179377689784482,0.43939393939393945,0.4507575757575758,0.13317723549292548,0.19509006946034657,0.4334600760456274,25.0,8.0,8.0,37.0,9.0,9.0,46.0,8.0,8.0,0.0006723296478290898,0.0006230121341765996,0.00018939940901439167,-0.000141735257445319,-0.00018927773293242467,8.23537205478786e-05
307,1,2.7551579892802307,1.1971482687646928,1.61940522932625,5.449428509184102,2.367840222197569,3.203022497783411,15.723524854954048,10.974165575009607,12.610008463505288,31.099568497643915,21.7058081538864,24.94134270682261,3.152788448815394,1.401139368459632,1.9117991225847624,5.3169906891039265,2.362938426470057,3.2241358084268446,23.401226811129067,17.63712650386893,19.94219292564579,39.464780808599016,29.743967578558618,33.631325357656884,2.813116125039831,1.2362194177565944,1.7054350223454902,5.209474305629316,2.289295218067767,3.1582130043434997,16.661757527794578,11.821844712084602,13.634427346862093,30.85510653295292,21.892305022378892,25.2489395312261,0.6616161616161615,0.0016161616161616266,0.0016161616161616266,0.5454545454545454,0.00045454545454548523,0.00045454545454548523,0.46464646464646464,-0.00035353535353532806,-0.00035353535353532806,0.39495798319327735,0.09845448668978085,0.15253374076903492,0.3286516853932584,0.45959595959595956,0.15481006538941045,0.22134092603891253,0.37055837563451777,0.41137123745819393,0.117548199060865,0.18334009174073007,0.33221476510067116,23.0,0.0,0.0,31.0,0.0,0.0,42.0,-1.0,-1.0,0.0008962693987464403,0.0003369299913092741,0.0006011849983009443,-0.011852084640283422,-0.012093758307559987,-0.01197679474570812
307,0,3.355954503921008,1.5272287628322732,2.107025822656368,6.017573593237669,2.7384791609406274,3.7781152682114185,28.67295958556521,22.447011453723576,25.186353895646715,51.413582705151406,40.24981364115951,45.16173801978031,3.3120361884035656,1.4770246825619544,2.0591389232431436,5.810589804216782,2.5912713729157097,3.6125244267423575,27.440943555601223,21.175737324109654,23.94047348570983,48.14200623789689,37.150416358087114,42.00083067668392,3.355954503921008,1.5272287628322732,2.107025822656368,6.017573593237669,2.7384791609406274,3.7781152682114185,28.67295958556521,22.447011453723576,25.186353895646715,51.413582705151406,40.24981364115951,45.16173801978031,0.7236180904522613,-0.0013819095477386467,-0.0013819095477386467,0.6130653266331658,-0.001934673366834172,-0.001934673366834172,0.44221105527638194,-0.0027889447236180143,-0.0027889447236180143,0.43243243243243246,0.11451335728792378,0.18724629636054546,0.42248062015503873,0.4321608040201005,0.09882747068676712,0.17506564542243774,0.41414141414141414,0.43243243243243246,0.11451335728792378,0.18724629636054546,0.42248062015503873,26.0,5.0,5.0,41.0,15.0,15.0,47.0,7.0,7.0,-0.00020680047149396262,3.4041482649399656e-05,0.00016444848479507874,-0.00010708564814265742,-0.00016179463533028127,9.987650539144965e-05
34,1,3.580120137597941,1.5856911598274896,2.1911833568440526,6.0047517651775,2.6595984003455784,3.675159386876004,35.8778508669823,28.529844912031567,31.86726721137488,60.176077909171376,47.851644640814854,53.449331777808666,3.682540420910821,1.5566922100669385,2.1970854291275765,5.622199115894382,2.3766293283464703,3.3543288994314144,39.74724064324522,31.36723815983277,35.330266000423606,60.68281014235911,47.88891322111873,53.93933740522687,3.633773245141658,1.6256506608830832,2.245381332296254,6.02282858310772,2.6944486091984805,3.721626517618101,37.85538512307175,30.40606638051147,33.846986110567556,62.74373224818521,50.39679510582011,56.09997697884125,0.7135678391959799,-0.0014321608040201994,-0.0014321608040201994,0.6231155778894473,-0.0018844221105527303,-0.0018844221105527303,0.49246231155778897,-0.002537688442211028,-0.002537688442211028,0.43354430379746833,0.09547163397124403,0.16722851432378416,0.4095238095238095,0.4321608040201005,0.10384000201508792,0.17172674725883175,0.4191919191919192,0.43143812709030105,0.09420941256609405,0.17003656980442783,0.41946308724832215,17.0,0.0,0.0,27.0,0.0,0.0,36.0,0.0,0.0,0.0001648086761949392,0.0001207106503922171,-2.836280371003631e-06,-0.004235625719608116,-0.00520669726373324,-0.004288083727594483
34,0,3.110255099054593,1.389420515955043,1.9097927759379876,5.3631962926005485,2.3958597358455553,3.293168312354607,22.42676471756865,16.837573554783308,19.105112473148882,38.671793006576706,29.034021065619935,32.94407214921185,3.6275995909868173,1.592093308452899,2.2008383490803443,6.148473883028505,2.698463234665931,3.7302344899666853,37.62239899531385,29.966271687353114,33.45721170651491,63.766777958159075,50.79029099551376,56.70713848561849,3.110255099054593,1.389420515955043,1.9097927759379876,5.3631962926005485,2.3958597358455553,3.293168312354607,22.42676471756865,16.837573554783308,19.105112473148882,38.671793006576706,29.034021065619935,32.94407214921185,0.7839195979899498,-0.0010804020100502187,-0.0010804020100502187,0.6180904522613065,-0.0019095477386934512,-0.0019095477386934512,0.5276381909547738,-0.002361809045226204,-0.002361809045226204,0.4477611940298507,0.13491203201867752,0.19962223621347353,0.3707865168539326,0.457286432160804,0.1264593644916311,0.18516623182691416,0.43434343434343436,0.4477611940298507,0.13491203201867752,0.19962223621347353,0.3707865168539326,26.0,2.0,2.0,38.0,5.0,5.0,48.0,5.0,5.0,0.0012655945507475314,0.0010805774951136704,0.00011329051285501767,-0.025301978802244385,-0.024833821666682354,-0.022467892706402814
200,1,3.9982448979475653,1.7856075800204598,2.4671375292251394,6.597104081613483,2.946252507033759,4.07077692322148,54.50240875039951,45.36261958527381,49.87911507093118,89.92897443815919,74.84832231570178,82.30053986703643,3.8204644067802622,1.6823552991174018,2.334465414847449,6.11274305084842,2.691768478587843,3.7351446637559187,45.62539214297601,37.142010850386626,41.20601401159826,73.00062742876162,59.427217360618606,65.92962241855722,3.9982448979475653,1.7856075800204598,2.4671375292251394,6.597104081613483,2.946252507033759,4.07077692322148,54.50240875039951,45.36261958527381,49.87911507093118,89.92897443815919,74.84832231570178,82.30053986703643,0.7587939698492463,-0.001206030150753712,-0.001206030150753712,0.6532663316582914,-0.0017336683417086274,-0.0017336683417086274,0.5678391959798995,-0.0021608040201005485,-0.0021608040201005485,0.45627376425855515,0.10712765420162917,0.19205126109799886,0.416030534351145,0.457286432160804,0.10891550484250823,0.19017457907232316,0.38888888888888884,0.45627376425855515,0.10712765420162917,0.19205126109799886,0.416030534351145,26.0,6.0,6.0,38.0,7.0,7.0,48.0,8.0,8.0,-0.0002754558412668022,5.983343353433888e-05,0.0002016855147748855,-0.00013480533558407615,-0.00018378111340844328,8.585827751517172e-05
200,0,3.6362772264950713,1.6743378597806742,2.2918495301989243,5.855022652831047,2.6959677403248143,3.6902661926931835,37.95029307582942,30.83718445264008,34.11430251515908,61.10640410514906,49.65309361018317,54.92980913457817,3.6688713284593133,1.6476212272001343,2.269532595682576,5.732611450717677,2.5744081675002097,3.5461446807540247,39.20762834332934,31.65987384744995,35.15510906088447,61.26191928645209,49.46855288664055,54.92985790763198,3.6362772264950713,1.6743378597806742,2.2918495301989243,5.855022652831047,2.6959677403248143,3.6902661926931835,37.95029307582942,30.83718445264008,34.11430251515908,61.10640410514906,49.65309361018317,54.92980913457817,0.7035175879396984,-0.001482412060301641,-0.001482412060301641,0.5979899497487438,-0.0020100502512562235,-0.0020100502512562235,0.5175879396984925,-0.002412060301507535,-0.002412060301507535,0.43661971830985913,0.12379019282655512,0.19305999934030404,0.42402826855123676,0.4371859296482412,0.1213964559640307,0.19344636370500246,0.4191919191919192,0.43661971830985913,0.12379019282655512,0.19305999934030404,0.42402826855123676,20.0,4.0,4.0,33.0,1.0,1.0,40.0,1.0,1.0,0.0003386382823334153,0.0005553917038744856,-2.896891840802435e-05,-0.0002803336946550772,0.00016174870629104277,1.2262581172706177e-05
406,1,3.2494928816444855,1.4696870026484843,1.9912679706399183,6.284733485378345,2.8424715655619033,3.85124354761127,25.777264478103895,19.84855905747424,22.258095376712486,49.85492910050863,38.388421913356765,43.04862402529008,3.0712948995618965,1.2919198301396646,1.819389687939687,5.584172544657993,2.348945145708481,3.3079812507994304,21.569815343489545,15.643663515819513,18.072816205356663,39.2178460790719,28.443024574217297,32.859665827921205,3.3629034195456615,1.537539139321019,2.111097102841076,6.151652596729869,2.8125715963189375,3.861762993001969,28.87289944047749,22.66784445420397,25.376246120686186,52.816279464288094,41.46556912354385,46.419962415889366,0.6984924623115578,-0.0015075376884421399,-0.0015075376884421399,0.5477386934673367,-0.002261306532663321,-0.002261306532663321,0.4170854271356784,-0.0029145728643216184,-0.0029145728643216184,0.4273504273504274,0.12009580430633071,0.18003859939343814,0.43714285714285717,0.40201005025125625,0.08622057656704574,0.1399065444081845,0.40909090909090906,0.4247491638795987,0.1192399819096488,0.18448220058705145,0.4429530201342282,30.0,19.0,19.0,41.0,18.0,18.0,45.0,13.0,13.0,-0.0007032070197953224,0.00015067133069089243,-0.00029967720931656786,0.0003016908924857731,-9.777747204431364e-05,0.00014069282802076089
406,0,3.3808561712503433,1.5187595686355926,2.089595693222221,6.399477752723865,2.874794897774515,3.9553061335992052,29.395928291006452,22.958709367847256,25.758559800511875,55.64229283654793,43.45755701771088,48.75727390811177,3.486198421698719,1.527221651594098,2.124239590597809,5.908810884235117,2.5885112738883014,3.600406085758999,32.66154597013633,25.56947943344147,28.75771320395892,55.3585524917565,43.33810073464656,48.74188678637106,3.3808561712503433,1.5187595686355926,2.089595693222221,6.399477752723865,2.874794897774515,3.9553061335992052,29.395928291006452,22.958709367847256,25.758559800511875,55.64229283654793,43.45755701771088,48.75727390811177,0.7185929648241206,-0.0014070351758793676,-0.0014070351758793676,0.592964824120603,-0.0020351758793969443,-0.0020351758793969443,0.48743718592964824,-0.002562814070351749,-0.002562814070351749,0.43939393939393945,0.12748467663401508,0.19758033737882608,0.4296577946768061,0.44723618090452266,0.13144670722031215,0.2001577167976779,0.4444444444444444,0.43939393939393945,0.12748467663401508,0.19758033737882608,0.4296577946768061,27.0,7.0,7.0,36.0,5.0,5.0,48.0,11.0,11.0,0.0003055444513932298,0.000129723074616589,5.481246214655147e-05,-0.000141735257445319,-0.00018927773293242467,8.23537205478786e-05
325,1,3.8265741716457318,1.7804412645391303,2.431727634407059,6.188898022508657,2.87959122887196,3.9329472454440686,45.905005878138766,38.16708595961514,41.870650476335314,74.24432073147953,61.72941963876531,67.71936837244027,3.9938152687034414,1.8104412372589014,2.5055781134036894,5.960918311497673,2.70215110038642,3.7396688259756554,54.261517210717926,45.38531282626749,49.832236711677325,80.98733912047452,67.7392728750261,74.37647270399601,3.942638247308125,1.829769266217395,2.5080207569693234,6.192625519332133,2.8739831406555942,3.939299618276424,51.55443539016856,43.28249607892437,47.35639647897659,80.97555296885113,67.98297813443618,74.38177457430878,0.7839195979899498,-0.0010804020100502187,-0.0010804020100502187,0.6783919597989949,-0.0016080402010050232,-0.0016080402010050232,0.5628140703517588,-0.0021859296482411583,-0.0021859296482411583,0.4715189873417721,0.12554742336072944,0.21783477681545638,0.43492063492063493,0.4773869346733668,0.13402853868339182,0.21695287791209805,0.4494949494949495,0.4816053511705686,0.13435994215554348,0.2268778761983773,0.4563758389261745,23.0,0.0,0.0,35.0,0.0,0.0,46.0,0.0,0.0,0.0003811635336847662,0.0002834144039735824,0.00024746374864439757,0.00043990332195509296,3.7795904697546234e-05,-9.98832418286355e-05
325,0,3.815354726531289,1.8146553155190421,2.455803423824454,6.019255282850605,2.862872361129421,3.8743731034249156,45.392855577577045,37.9986296837457,41.49841009501979,71.61357339568056,59.94814869361123,65.46954139214303,3.9128451347351074,1.8075548948201918,2.491288317463832,5.754184021669275,2.6581689629708696,3.6636592903879874,50.041123367394576,41.831637983206186,45.89755717045766,73.58988730499202,61.51711468118556,67.4964076036142,3.815354726531289,1.8146553155190421,2.455803423824454,6.019255282850605,2.862872361129421,3.8743731034249156,45.392855577577045,37.9986296837457,41.49841009501979,71.61357339568056,59.94814869361123,65.46954139214303,0.8090452261306533,-0.0009547738693467256,-0.0009547738693467256,0.6733668341708543,-0.001633165829145744,-0.001633165829145744,0.5376884422110553,-0.0023115577889447625,-0.0023115577889447625,0.4347826086956522,0.0935597290112341,0.17722676112666402,0.44047619047619047,0.44221105527638194,0.09634639362224662,0.1784381003515072,0.4545454545454546,0.4347826086956522,0.0935597290112341,0.17722676112666402,0.44047619047619047,27.0,12.0,12.0,37.0,8.0,8.0,47.0,11.0,11.0,8.542529225325906e-05,5.4432044986931284e-05,-1.6058181535695884e-05,-6.550611697964115e-05,-0.000128814918206821,0.00012090384720320202
98,1,2.7656478550699024,1.1453760433578466,1.5109896623532835,4.944247816374967,2.047629813361433,2.7012503869428977,15.889330640241754,10.834866647865638,12.38269106571352,28.405926003073702,19.369879526137158,22.136980725968982,3.293273230892929,1.437618542784394,1.9940616291118003,5.39880857523431,2.356751709482613,3.2689534903472137,26.930870501258514,20.53498631170688,23.26446556053058,44.14896803485002,33.66391198640473,38.138468132017344,2.8112721498993327,1.2281373420913595,1.6920249666459097,4.9033816568011614,2.142100015275627,2.9512063371730983,16.631061970736084,11.760862926293946,13.56851417275394,29.007666228028054,20.51313301097781,23.666013092012687,0.728643216080402,-0.001356783919598037,-0.001356783919598037,0.5728643216080402,-0.0021356783919597166,-0.0021356783919597166,0.4723618090452262,-0.0026381909547738003,-0.0026381909547738003,0.3915343915343915,0.10355552759779973,0.13346987540535926,0.3342175066312998,0.4321608040201005,0.12138386166421078,0.17506564542243774,0.3787878787878788,0.40802675585284276,0.11587316653731683,0.1699844866648561,0.3389261744966443,25.0,2.0,2.0,33.0,0.0,0.0,44.0,3.0,3.0,0.0003686523471905218,0.00046399232135428095,0.00033023501005554766,-0.012740576596343978,-0.017242265932408962,-0.01772184273541999
98,0,3.82302290020567,1.8002657319027553,2.4527858545212204,6.331881678465641,2.9816901184639386,4.0624265715507715,45.742273865607025,38.183135821942415,41.80599020166369,75.76064108991164,63.240818705092124,69.2411712715055,3.8303462512529074,1.756661164792268,2.4280032565104266,6.228205286590093,2.856359617548403,3.9479727748137012,46.07849020732613,38.12440955594118,42.01377778881896,74.9243743208555,61.99090984705883,68.31508583547799,3.82302290020567,1.8002657319027553,2.4527858545212204,6.331881678465641,2.9816901184639386,4.0624265715507715,45.742273865607025,38.183135821942415,41.80599020166369,75.76064108991164,63.240818705092124,69.2411712715055,0.7939698492462312,-0.001030150753768888,-0.001030150753768888,0.6683417085427136,-0.0016582914572863539,-0.0016582914572863539,0.5175879396984925,-0.002412060301507535,-0.002412060301507535,0.41666666666666663,0.07640201638311273,0.16225860621326615,0.4334600760456274,0.40703517587939697,0.06117051422526165,0.14827056819993123,0.4292929292929293,0.41666666666666663,0.07640201638311273,0.16225860621326615,0.4334600760456274,27.0,6.0,6.0,38.0,9.0,9.0,47.0,9.0,9.0,0.00022076494129185967,-6.665899618644064e-05,6.328659576492842e-06,-0.000141735257445319,-0.00018927773293242467,8.23537205478786e-05
473,1,2.5187736746409666,1.0573567727846698,1.416186391342433,5.845455886430922,2.453865717971969,3.2866212478324384,12.413364502013737,8.10129952723193,9.401415785814152,28.80837422165452,18.80112909150052,21.81838003122907,2.5944982227967612,1.1607562311154973,1.6146080890154555,5.241410551104568,2.3449620830616107,3.2618345232635466,13.389866945485453,9.19550180329995,10.725703421208028,27.050236253505965,18.576771319797878,21.668087719612174,2.340991013424851,1.0136830904135805,1.4071902236745257,5.361048122346987,2.321411657435681,3.222573031315708,10.391529606962166,6.620651390439766,7.84736896286123,23.797396046478244,15.161797077342978,17.97107396075091,0.5477386934673367,-0.002261306532663321,-0.002261306532663321,0.38190954773869346,-0.0030904522613065533,-0.0030904522613065533,0.31658291457286436,-0.003417085427135591,-0.003417085427135591,0.34239130434782605,0.07644829213615711,0.1165848527349228,0.3051771117166212,0.33668341708542715,0.08104431934106626,0.13301062910546058,0.2727272727272727,0.3277591973244147,0.07066403872675198,0.12086264560027682,0.2651006711409396,21.0,1.0,1.0,29.0,3.0,3.0,37.0,1.0,1.0,0.001866648449693162,-0.00045184389740160323,0.0004925786758660579,-0.04724280189590235,-0.04313479099477391,-0.045704463233957604
473,0,2.9007891348859864,1.2981535098577517,1.7650673061561029,6.636337733048515,2.969876375070252,4.038067650054969,18.188492881893822,13.222388902984012,15.075072793828896,41.61108443483622,30.249781806826725,34.488296031925096,3.70594651495392,1.6737911380272203,2.320422529411202,6.992351915007395,3.1580964868438115,4.378155715870193,40.68854140928492,33.0580261255467,36.6916217249413,76.7708328477074,62.3736341991447,69.22947495271943,2.9890427206670958,1.361314850912056,1.8677017622924699,6.8977908938471435,3.141495809797052,4.3100809899057,19.866655447246007,14.774364232226024,16.797688645246517,45.84612795518309,34.09468668975236,38.763896873645805,0.7688442211055276,-0.0011557788944723812,-0.0011557788944723812,0.6231155778894473,-0.0018844221105527303,-0.0018844221105527303,0.5025125628140703,-0.0024874371859296973,-0.0024874371859296973,0.3943217665615142,0.11558160908119919,0.1760636343474533,0.3006329113924051,0.4120603015075377,0.08875203083084593,0.15496514290987495,0.38888888888888884,0.3946488294314381,0.10249524011591216,0.17440411307993642,0.3087248322147651,20.0,0.0,0.0,29.0,0.0,0.0,40.0,0.0,0.0,0.002236480866502155,0.00038391458634640465,0.0007100784292950145,-0.042400969119934295,-0.03977274409386311,-0.047828977803508366
13,1,2.8001629302376196,1.2436710890466969,1.707830363299527,4.900285127915835,2.1764244058317197,2.9887031357741725,16.447326319586843,11.705170525504426,13.466106456045354,28.782821059276976,20.48404841963275,23.56568629807937,2.758389070405433,1.118124756784103,1.590837753922838,4.521949295746611,1.8329914045641038,2.6079307441358,15.774411003701458,10.617878729854134,12.560298353703706,25.85969017000239,17.40635857353137,20.590653038858537,2.80997480596587,1.2387069501815382,1.722130529643729,4.817099667370063,2.123497628882637,2.9522237651035357,16.60949975321164,11.796753557844298,13.641630487713782,28.47342814836281,20.22300609916165,23.385652264652194,0.6381909547738693,-0.0018090452261306789,-0.0018090452261306789,0.5125628140703518,-0.0024371859296482556,-0.0024371859296482556,0.40703517587939697,-0.00296482412060306,-0.00296482412060306,0.4327485380116959,0.13493831903359366,0.18445919294815727,0.407624633431085,0.42713567839195976,0.11134620470774925,0.17170996887610002,0.36868686868686873,0.4347826086956522,0.1342817739711113,0.18895391014170337,0.40604026845637586,22.0,4.0,4.0,33.0,7.0,7.0,42.0,7.0,7.0,0.0007949125444126558,-0.00036077258194419876,0.00013567055380667357,-0.015390922288412767,-0.011836253079736458,-0.01394871564059752
13,0,3.398295751432093,1.5234643767201221,2.106998405078562,6.6617384968549755,2.9864738178561123,4.130385762336546,29.913077262905798,23.393357624875172,26.275574666253963,58.63912765029946,45.85840740749339,51.50846779813276,3.3812111514297563,1.4952836078254719,2.09099954094615,6.379643681942936,2.8212898260857955,3.945282152728585,29.406365115228475,22.813898708156312,25.77280974241376,55.48370776458203,43.045091902181724,48.62794291021464,3.398295751432093,1.5234643767201221,2.106998405078562,6.6617384968549755,2.9864738178561123,4.130385762336546,29.913077262905798,23.393357624875172,26.275574666253963,58.63912765029946,45.85840740749339,51.50846779813276,0.6733668341708543,-0.001633165829145744,-0.001633165829145744,0.542713567839196,-0.0022864321608039306,-0.0022864321608039306,0.457286432160804,-0.0027135678391959628,-0.0027135678391959628,0.43089430894308944,0.12866307162057422,0.19575917380795427,0.4163265306122449,0.42211055276381915,0.11634614173625024,0.1883876813113985,0.4040404040404041,0.43089430894308944,0.12866307162057422,0.19575917380795427,0.4163265306122449,25.0,3.0,3.0,33.0,2.0,2.0,43.0,1.0,1.0,-5.2060983843003946e-05,-0.00013492481960196458,4.8793183040009214e-05,-1.699666395538202e-05,-9.033858156382024e-05,-0.00010696492421935488
92,1,3.3017960533821324,1.472212768711301,2.0341604050516997,5.418829993491853,2.416160955708547,3.3384161941730834,27.161378423762546,20.93008898018151,23.608935024081628,44.57661517782206,34.34996956159201,38.74642865716926,3.8684671370670047,1.7613795279176578,2.4136062437950914,5.7881575960626614,2.6354475643279245,3.6113356580091973,47.868953269872165,39.64469914075575,43.58506576329457,71.62347143386887,59.31800848879995,65.21374501425278,3.3017960533821324,1.472212768711301,2.0341604050516997,5.418829993491853,2.416160955708547,3.3384161941730834,27.161378423762546,20.93008898018151,23.608935024081628,44.57661517782206,34.34996956159201,38.74642865716926,0.7929292929292929,0.0029292929292928926,0.0029292929292928926,0.6515151515151515,0.0015151515151514694,0.0015151515151514694,0.5454545454545454,0.00045454545454548523,0.00045454545454548523,0.4316546762589928,0.11567622024463009,0.18524319300540426,0.38267148014440433,0.46464646464646464,0.1271149785003689,0.19115653176055858,0.4467005076142132,0.4316546762589928,0.11567622024463009,0.18524319300540426,0.38267148014440433,23.0,0.0,0.0,35.0,-1.0,-1.0,44.0,-1.0,-1.0,0.0014098192824659457,0.0007344821687467391,5.6799318395521685e-06,-0.0049142832050534935,-0.004058463276138902,-0.004154910562782277
92,0,3.425597838976753,1.55850099173469,2.138738456017637,5.7716133287002265,2.6258380345590533,3.6034502471085035,30.74101753747076,24.271530337569626,27.11962227587143,51.79395682070832,40.89385111420822,45.6924545011652,3.7230330226409376,1.6940643039257575,2.347798796686382,5.817239097876465,2.646975474883996,3.6684356198224717,41.38973994249246,33.783501800919964,37.43373672945134,64.67146866014447,52.786721563937434,58.49021363976771,3.425597838976753,1.55850099173469,2.138738456017637,5.7716133287002265,2.6258380345590533,3.6034502471085035,30.74101753747076,24.271530337569626,27.11962227587143,51.79395682070832,40.89385111420822,45.6924545011652,0.8190954773869347,-0.0009045226130653949,-0.0009045226130653949,0.6633165829145728,-0.0016834170854271857,-0.0016834170854271857,0.4824120603015075,-0.0025879396984924696,-0.0025879396984924696,0.41877256317689526,0.08183562623995833,0.15586740111206931,0.3913043478260869,0.42713567839195976,0.08127101673782444,0.16336272346708502,0.41414141414141414,0.41877256317689526,0.08183562623995833,0.15586740111206931,0.3913043478260869,26.0,12.0,12.0,36.0,9.0,9.0,47.0,12.0,12.0,0.0008493540466819044,0.0004605261371472363,3.4918149933178964e-06,-0.00023182424163081805,0.0001888633816387042,3.6794479953528025e-05
480,1,3.6156538675639256,1.6467401971420499,2.2731987422831366,5.85735926545356,2.6677191193701213,3.682581962498682,37.17564592932982,30.012754929378847,33.347214674369845,60.22454640551431,48.62066298559374,54.02248777247915,3.506749617993532,1.5588665301039395,2.1622342790305504,5.353816210677148,2.3799489009220447,3.301121036687863,33.33972463510444,26.32590043059373,29.5033978632584,50.90034295435792,40.19221439785302,45.04335551642504,3.6156538675639256,1.6467401971420499,2.2731987422831366,5.85735926545356,2.6677191193701213,3.682581962498682,37.17564592932982,30.012754929378847,33.347214674369845,60.22454640551431,48.62066298559374,54.02248777247915,0.7537688442211055,-0.0012311557788945438,-0.0012311557788945438,0.6231155778894473,-0.0018844221105527303,-0.0018844221105527303,0.507537688442211,-0.0024623115577889765,-0.0024623115577889765,0.4421487603305785,0.10400443043367125,0.1825333757151939,0.48547717842323657,0.4371859296482412,0.10886512764322864,0.17675187288697247,0.4747474747474747,0.4421487603305785,0.10400443043367125,0.1825333757151939,0.48547717842323657,23.0,13.0,13.0,36.0,13.0,13.0,43.0,12.0,12.0,-5.5132413282726624e-05,-0.00013929587154993097,-0.00017000777023894095,1.0723023486036709e-05,-6.835210348388188e-05,-8.884262040620428e-05
480,0,3.3016126528889145,1.4594215825200942,2.016514171117281,5.565575614869885,2.460167810533873,3.399266745597703,27.15639747033177,20.846047925673496,23.541373516680736,45.77792716427356,35.14048078899246,39.684029642404674,3.6200178214653054,1.6088861703446296,2.227484608714404,5.362989365133785,2.383535067177229,3.299977198095413,37.33823323815251,29.866465238700137,33.3131998229453,55.315901093559276,44.24661516844465,49.35288862658563,3.3016126528889145,1.4594215825200942,2.016514171117281,5.565575614869885,2.460167810533873,3.399266745597703,27.15639747033177,20.846047925673496,23.541373516680736,45.77792716427356,35.14048078899246,39.684029642404674,0.7688442211055276,-0.0011557788944723812,-0.0011557788944723812,0.6080402010050252,-0.001959798994974782,-0.001959798994974782,0.507537688442211,-0.0024623115577889765,-0.0024623115577889765,0.41836734693877553,0.1127646304701847,0.16271123834149048,0.40614334470989766,0.42713567839195976,0.103827407715268,0.17004051979429702,0.4444444444444444,0.41836734693877553,0.1127646304701847,0.16271123834149048,0.40614334470989766,20.0,2.0,2.0,32.0,3.0,3.0,43.0,3.0,3.0,0.0006788755427535405,3.982623810166527e-06,2.540732450152466e-05,-0.00970069099638593,-0.0076167684555565884,-0.008399183960048795
132,1,3.0478058413096836,1.354076028629114,1.8392223763562434,6.009999158987072,2.67011621375741,3.626781202814839,21.069064797065206,15.629332700607083,17.720327110139273,41.546301931291495,30.819639201758903,34.94289222280272,3.0048985025990547,1.3399488464686775,1.8487304463482421,5.225910439302704,2.3303458199455265,3.215183384953465,20.18416735149163,14.898760196277653,17.00643432997967,35.10289974172458,25.91088729787418,29.57640753039943,3.145769075406435,1.4113981398660684,1.945318708067637,5.789759034490371,2.5976652880970583,3.5803411804925833,23.237540023348767,17.57217721912456,19.91592749162779,42.768478570580555,32.34143046464643,36.65508127293458,0.6381909547738693,-0.0018090452261306789,-0.0018090452261306789,0.5276381909547738,-0.002361809045226204,-0.002361809045226204,0.44221105527638194,-0.0027889447236180143,-0.0027889447236180143,0.4057142857142857,0.10756877929488484,0.16035749197039517,0.4097421203438395,0.44221105527638194,0.13394037858465258,0.20347983657855218,0.4494949494949495,0.41137123745819393,0.10419260640644101,0.16887958006108605,0.43288590604026844,19.0,0.0,0.0,30.0,-1.0,-1.0,38.0,0.0,0.0,-0.00017197223444371132,-0.00019870983763205496,-0.00010644757493769868,-0.0029144993112968365,-0.004337357079720938,-0.003245617266768086
132,0,4.383079327135531,2.084963759776357,2.8264119563450105,6.669903323901894,3.1727709387901086,4.301061672698928,80.08425973894681,70.12885526064272,75.34127148309793,121.8673517766582,106.71782322271719,114.64976095254033,4.6098022119483755,2.1629477373978747,2.955322815386229,6.314797550614213,2.962942106024486,4.048387418337301,100.46427703755971,88.9123244884571,95.2339207657473,137.62229731172565,121.79770477870838,130.45742570650316,4.383079327135531,2.084963759776357,2.8264119563450105,6.669903323901894,3.1727709387901086,4.301061672698928,80.08425973894681,70.12885526064272,75.34127148309793,121.8673517766582,106.71782322271719,114.64976095254033,0.7688442211055276,-0.0011557788944723812,-0.0011557788944723812,0.6783919597989949,-0.0016080402010050232,-0.0016080402010050232,0.5879396984924623,-0.002060301507537776,-0.002060301507537776,0.4623655913978495,0.1206840171581357,0.213259512732772,0.46402877697841727,0.4723618090452262,0.13652221004773246,0.22528334493838142,0.5101010101010102,0.4623655913978495,0.1206840171581357,0.213259512732772,0.46402877697841727,27.0,4.0,4.0,39.0,5.0,5.0,49.0,11.0,11.0,0.000885142598627105,-0.00015497247585483844,1.4092703953763122e-05,-0.0002456840853515274,0.00018111633153772289,2.978536601450088e-05
179,1,3.0184867865853495,1.3612022845064693,1.8719920607174045,5.041688740837151,2.2735757076351297,3.1267326851982595,20.460307435535608,15.215258865401122,17.31316547813242,34.17424323016488,25.413594537345663,28.917665582394154,3.359560412977209,1.5218467405735052,2.1174948059683785,5.290646319649148,2.3966090402732365,3.3346374897139817,28.776538305692824,22.494379549460348,25.31377952437014,45.317383158571374,35.42421976292968,39.86421972341754,2.9824335826280524,1.3334855488446604,1.8388905558916837,5.0265734538675035,2.2474475542325734,3.0992537458848597,19.735786919472346,14.534281779063614,16.597920681950036,33.262562223829796,24.49598052651171,27.974023621264102,0.6532663316582914,-0.0017336683417086274,-0.0017336683417086274,0.5527638190954773,-0.0022361809045226,-0.0022361809045226,0.4723618090452262,-0.0026381909547738003,-0.0026381909547738003,0.4188311688311688,0.14492517207265987,0.1963689658074107,0.32573289902280134,0.42211055276381915,0.11885240740041059,0.1883876813113985,0.3282828282828283,0.4180602006688964,0.14093165308959754,0.19225374905599313,0.31879194630872487,25.0,2.0,2.0,38.0,6.0,6.0,46.0,6.0,6.0,0.0028023965064902286,0.0004711680335530893,0.000312202552626947,-0.02933063302886385,-0.023713332272530252,-0.026773415850093407
179,0,3.219490527298491,1.4714047860359423,2.013713319377733,5.882525901730577,2.6884926954730797,3.679377423060549,25.015372284963675,19.2717748705913,21.676018843261737,45.707099977464495,35.212625689475466,39.60556529386095,3.6195920052839883,1.585421933402472,2.237532264383194,6.134901703871167,2.687155819326224,3.792427566751176,37.32233739885089,29.676433457948097,33.339240066280425,63.258198981103206,50.29903975923406,56.50718655301767,3.219490527298491,1.4714047860359423,2.013713319377733,5.882525901730577,2.6884926954730797,3.679377423060549,25.015372284963675,19.2717748705913,21.676018843261737,45.707099977464495,35.212625689475466,39.60556529386095,0.728643216080402,-0.001356783919598037,-0.001356783919598037,0.6080402010050252,-0.001959798994974782,-0.001959798994974782,0.4723618090452262,-0.0026381909547738003,-0.0026381909547738003,0.43050847457627117,0.13101608878946913,0.19713756138574134,0.34013605442176875,0.4120603015075377,0.09877709348748753,0.16665128648249594,0.3535353535353535,0.43050847457627117,0.13101608878946913,0.19713756138574134,0.34013605442176875,21.0,11.0,11.0,31.0,14.0,14.0,40.0,15.0,15.0,0.0018972858698856256,0.0005382311469484318,0.0002353037730163471,-0.005024194023570239,-0.0033727742913383096,-0.004210266054954559
197,1,3.2946552147358763,1.5556294497649399,2.125117940557591,5.572441536034753,2.6311263533061324,3.594335282177653,26.968114258375465,21.2763186843454,23.747612174152607,45.61273646169677,35.98587234265827,40.1657144180112,3.4250690326019746,1.560822397093258,2.165581900602763,5.480110452163159,2.4973158353492124,3.4649310409644207,30.724765788822623,24.273691744086676,27.20115191375453,49.159625262116194,38.83790679053868,43.52184306200724,3.2946552147358763,1.5556294497649399,2.125117940557591,5.572441536034753,2.6311263533061324,3.594335282177653,26.968114258375465,21.2763186843454,23.747612174152607,45.61273646169677,35.98587234265827,40.1657144180112,0.6582914572864322,-0.0017085427135676845,-0.0017085427135676845,0.542713567839196,-0.0022864321608039306,-0.0022864321608039306,0.44723618090452266,-0.0027638190954772934,-0.0027638190954772934,0.4212454212454212,0.1305690044264084,0.20321862465589624,0.3602941176470589,0.4170854271356784,0.12886487575723227,0.18837090292866676,0.35858585858585856,0.4212454212454212,0.1305690044264084,0.20321862465589624,0.3602941176470589,28.0,8.0,8.0,39.0,9.0,9.0,46.0,9.0,9.0,0.00040497820570846926,0.0006506789463871374,0.0004221671583741668,-0.00020410455418851114,0.00020435748183800229,5.0812707827141423e-05
197,0,3.469784918417566,1.5835182735032143,2.169416905114642,5.6641894343897565,2.5849865870160578,3.5414265153763345,32.12983116660483,25.535128866461744,28.459183900495663,52.4497784449441,41.68437252795377,46.45769479972806,4.012254583176656,1.8382806658130755,2.5246222558103026,6.07917361087372,2.785273736080417,3.825185236076216,55.271344035252746,46.478186050295164,50.84474167879346,83.74446065947386,70.42149401559874,77.0374873921113,3.482346711350125,1.6069664862561117,2.1893061671245366,5.647048721108311,2.605891599334235,3.5502262169587073,32.53598512276129,26.01268615194729,28.892136109400404,52.76105695582911,42.18273430045506,46.85211260983849,0.7889447236180904,-0.001055276381909609,-0.001055276381909609,0.6683417085427136,-0.0016582914572863539,-0.0016582914572863539,0.5778894472361809,-0.002110552763819218,-0.002110552763819218,0.46843853820598,0.1516889527996782,0.21981975367559325,0.41000000000000003,0.44723618090452266,0.10387778491454769,0.18346322597964793,0.4545454545454546,0.47157190635451507,0.15771547897555016,0.22574320780056623,0.412751677852349,23.0,6.0,6.0,35.0,8.0,8.0,43.0,4.0,4.0,0.0017806936610609593,5.185069954492017e-05,0.00020494043150030893,-0.017963256477568912,-0.013714318223093436,-0.01659334661485179
77,1,3.5860763188255462,1.641096090937035,2.2555647445446843,5.880393963665546,2.691044665246213,3.6986411133662833,36.09218351721686,29.098689939685617,32.30920535024668,59.18341920833948,47.71559371830169,52.980148558200206,3.2662255230860495,1.4016607075265668,1.9645505684057993,5.184484957279444,2.224858265915185,3.118334235564761,26.2122149893151,19.759088014928793,22.536767266137606,41.606690459230315,31.36363176972824,35.77264645418667,3.5803744047381807,1.6315241708529777,2.2491711564733885,5.901716051766232,2.6893255563510623,3.707424983197893,35.88697458540194,28.866363707574966,32.10137892573044,59.154353712200994,47.581918199299395,52.91436086658864,0.6934673366834171,-0.0015326633165829717,-0.0015326633165829717,0.5477386934673367,-0.002261306532663321,-0.002261306532663321,0.40703517587939697,-0.00296482412060306,-0.00296482412060306,0.42105263157894735,0.10578169561835626,0.1748819532419671,0.40594059405940597,0.3869346733668342,0.07615773101094447,0.12983951476917144,0.33333333333333337,0.42140468227424754,0.10420935673167664,0.1733512896157381,0.40604026845637586,25.0,2.0,2.0,32.0,3.0,3.0,41.0,2.0,2.0,-0.00011301153033621676,0.0007650469727072223,-0.000359141710904721,-0.00859155017379365,-0.008933456566137643,-0.008210088375824931
77,0,3.168172515268567,1.4386003411601433,1.9683187610995045,5.09802379360475,2.3149051175013478,3.167294656185497,23.764016273000387,18.125775066214594,20.444384868018673,38.23955918041179,29.16685632482247,32.8978172749336,3.563097430833021,1.6290176609742808,2.2165332107643714,5.054038908983009,2.310663348899689,3.1440187386728673,35.27228156964777,28.354606297486082,31.428086562576993,50.03160506333017,40.21929971274622,44.57884618805248,3.2019201604817624,1.4482911284008844,1.9904188409858283,5.109447064598557,2.3111028644694964,3.176200278168875,24.579681846991452,18.804157593685392,21.221158761351695,39.22289656434806,30.006634458008605,33.86355121492292,0.7386934673366834,-0.0063065326633166,-0.0063065326633166,0.6482412060301508,-0.006758793969849242,-0.006758793969849242,0.4723618090452262,-0.007638190954773805,-0.007638190954773805,0.41455696202531644,0.1080798688183654,0.18192538307794803,0.36190476190476195,0.4120603015075377,0.06619563985340238,0.15663459199167795,0.38383838383838387,0.4147157190635451,0.10419818984818618,0.18223518513696002,0.36241610738255037,25.0,0.0,0.0,38.0,0.0,0.0,45.0,0.0,0.0,0.0018166073142510811,0.00011366170132178013,0.00028166199066853863,0.00043990332195509296,3.7795904697546234e-05,-9.98832418286355e-05
333,1,3.015817047576227,1.2879375073215695,1.7965568718271543,5.061197916476936,2.161439678128773,3.015013760145571,20.40575660527703,14.77705080418172,17.021073868540494,34.24530440192532,24.79911001295843,28.565069512055583,3.3261602332244564,1.4037611712613822,1.9894304153484208,4.7858420621934625,2.019800246419255,2.8624898062567206,27.831270682427654,20.993928666407587,24.02469574650509,40.04499378766569,30.207091606341848,34.56790754892819,2.9652296029604397,1.2970753613157602,1.7985510702178875,4.997577982517595,2.186082069633304,3.031265848681833,19.39915683401189,14.09678497168185,16.187848185452296,32.69520814721105,23.75862635676716,27.282890200200494,0.7185929648241206,-0.0014070351758793676,-0.0014070351758793676,0.6180904522613065,-0.0019095477386934512,-0.0019095477386934512,0.4623115577889447,-0.002688442211055242,-0.002688442211055242,0.41124260355029585,0.0951421604188335,0.15336858780226437,0.3649851632047477,0.42211055276381915,0.09378975075880658,0.1716931904933684,0.38383838383838387,0.41137123745819393,0.08916756467021392,0.16443019185196484,0.3523489932885906,22.0,12.0,12.0,33.0,17.0,17.0,42.0,18.0,18.0,0.001364400052526658,5.4809040649152796e-05,0.0004460632245752256,-0.012204832998427229,-0.010527578869179877,-0.012383358605119632
333,0,3.9022306439447543,1.8373707354152393,2.4962050687103066,6.440574849229207,3.032553640976609,4.119950113405361,49.512771378593776,41.628578066543255,45.43306273397137,81.72010810059167,68.7073618574015,74.98660839587507,4.318353010781446,2.027093327318237,2.7782618960128462,5.997712514974231,2.815407399053108,3.8586970777956204,75.0648953532459,65.17751053829717,70.39988004983155,104.25679910173042,90.5243201920794,97.7776111803216,4.103691662434351,1.9534490183536177,2.6488234651258526,6.5484441421824755,3.1172058803515177,4.226845954988063,60.56345524672606,51.976513531732,56.27953645036312,96.64381156392456,82.94124499744468,89.80777093143051,0.7537688442211055,-0.0012311557788945438,-0.0012311557788945438,0.6683417085427136,-0.0016582914572863539,-0.0016582914572863539,0.5678391959798995,-0.0021608040201005485,-0.0021608040201005485,0.415929203539823,0.09192331252362274,0.17844147046818415,0.37573964497041423,0.4623115577889447,0.126471958791451,0.21523309368209997,0.4242424242424242,0.4347826086956522,0.10590113958046021,0.19896503361222617,0.40268456375838924,25.0,0.0,0.0,39.0,0.0,0.0,48.0,0.0,0.0,0.0006321847440633514,0.0004390208320270597,0.0005571733714634182,0.0003490780111610192,-5.1295171446419374e-05,0.00017032920177317834
201,1,3.903900950284633,1.835859855859805,2.492054954376518,6.619658133091334,3.1129797555883645,4.225658400899313,49.59554198142009,41.68622764867627,45.492018477241416,84.09678857719058,70.68534253471194,77.13864002662673,4.057209249716907,1.8668912807412759,2.5664806429531213,6.440014682090329,2.9633194932401206,4.073778798338289,57.81274480432726,48.87469011732541,53.37241520947519,91.76626159417025,77.57887320210381,84.71811938011935,3.915191465795638,1.8449782985780203,2.5033860499526037,6.598637301902761,3.10951398636745,4.219189971830231,50.15867426218405,42.232161651774604,46.055317275877556,84.53709145311917,71.17780053669875,77.62132125147902,0.8190954773869347,-0.0009045226130653949,-0.0009045226130653949,0.6532663316582914,-0.0017336683417086274,-0.0017336683417086274,0.5125628140703518,-0.0024371859296482556,-0.0024371859296482556,0.41800643086816724,0.09537400711214794,0.1698780886221779,0.4161290322580645,0.3919597989949749,0.06363899698996234,0.12818684407010017,0.398989898989899,0.4147157190635451,0.09585094443917119,0.16554997935275528,0.412751677852349,25.0,0.0,0.0,36.0,0.0,0.0,43.0,0.0,0.0,0.0009501473456136467,1.3894446508039831e-05,0.0001614399451091785,0.00045964795473452114,5.716352994689089e-05,-8.236045698506445e-05
201,0,3.6068096289185667,1.6284089131396953,2.244740146854284,6.311916850607492,2.849715597994467,3.928295256994997,36.84830531790597,29.617136279836433,32.9440405649727,64.48453430633545,51.82998848971376,57.65207098870223,3.585977046333965,1.59131712206584,2.218610721652891,6.236481819711243,2.767508038375374,3.85845342896155,36.08860073407134,28.738897586907672,32.163600838293036,62.76278388534147,49.98069145549161,55.93669711007485,3.6068096289185667,1.6284089131396953,2.244740146854284,6.311916850607492,2.849715597994467,3.928295256994997,36.84830531790597,29.617136279836433,32.9440405649727,64.48453430633545,51.82998848971376,57.65207098870223,0.778894472361809,-0.0011055276381910506,-0.0011055276381910506,0.6281407035175879,-0.0018592964824121205,-0.0018592964824121205,0.48743718592964824,-0.002562814070351749,-0.002562814070351749,0.41255605381165916,0.08145985694365021,0.15324159777589164,0.4144144144144144,0.42713567839195976,0.09380234505862639,0.16169327438528192,0.4242424242424242,0.41255605381165916,0.08145985694365021,0.15324159777589164,0.4144144144144144,24.0,4.0,4.0,38.0,6.0,6.0,44.0,2.0,2.0,0.00041575526637764555,0.0001931282140495034,6.824952980501078e-05,0.00014239153883455202,3.608366740071034e-05,-2.7616772921845723e-06
93,1,3.0695660476549773,1.3801663700453368,1.8987596566763625,5.414638245552879,2.4345791869122713,3.3493648602241426,21.53255654385478,16.11632829797525,18.307964671670973,37.98289477301092,28.428802711956344,32.29479482456246,3.2617789992135973,1.3828230936147918,1.9476396109731589,4.979815265974957,2.1111802955951013,2.9734955892719976,26.095920494349688,19.549254539039886,22.374373694620182,39.84109999137357,29.846190135938755,34.15934915209188,3.0695660476549773,1.3801663700453368,1.8987596566763625,5.414638245552879,2.4345791869122713,3.3493648602241426,21.53255654385478,16.11632829797525,18.307964671670973,37.98289477301092,28.428802711956344,32.29479482456246,0.7185929648241206,-0.0014070351758793676,-0.0014070351758793676,0.6030150753768844,-0.0019849246231156137,-0.0019849246231156137,0.507537688442211,-0.0024623115577889765,-0.0024623115577889765,0.4558303886925795,0.13660640280192693,0.20201135226484745,0.4042553191489362,0.4773869346733668,0.14154733567587308,0.20860563250308295,0.4444444444444444,0.4558303886925795,0.13660640280192693,0.20201135226484745,0.4042553191489362,23.0,7.0,7.0,36.0,11.0,11.0,47.0,10.0,10.0,0.000292880363589711,0.00018747499614474414,0.00028078934238049064,-0.009737776852844604,-0.010457369769248714,-0.011299840358756086
93,0,4.190578414334191,1.9403020458806348,2.6656452728780016,6.654270119464733,3.081029072854415,4.232810350888695,66.06099053561066,56.57063222600354,61.466154180641546,104.8990454109422,89.82919073250012,97.60284922090882,4.051667342832939,1.7672199551878198,2.4950076817612126,5.8719816562796225,2.5611883408519134,3.6159531619727723,57.493238111827594,47.672980183403055,52.75028642294345,83.32353349540232,69.09127562812037,76.44969046803398,4.190578414334191,1.9403020458806348,2.6656452728780016,6.654270119464733,3.081029072854415,4.232810350888695,66.06099053561066,56.57063222600354,61.466154180641546,104.8990454109422,89.82919073250012,97.60284922090882,0.7889447236180904,-0.001055276381909609,-0.001055276381909609,0.6582914572864322,-0.0017085427135676845,-0.0017085427135676845,0.5376884422110553,-0.0023115577889447625,-0.0023115577889447625,0.45486111111111116,0.1065075582514925,0.1927363997947139,0.46341463414634143,0.42713567839195976,0.09129607939446605,0.15334602897626692,0.43434343434343436,0.45486111111111116,0.1065075582514925,0.1927363997947139,0.46341463414634143,27.0,0.0,0.0,36.0,0.0,0.0,45.0,0.0,0.0,-0.00032726449044993264,-0.0002596690699648183,-5.461984078507835e-05,-0.0003080533820964959,0.0001462546060908565,-1.7556467044599344e-06
234,1,3.66815102308054,1.6728736632839332,2.294071115601359,6.40259087664967,2.919924939550138,4.0041968563223715,39.17939704654278,31.825154530292593,35.22795768652242,68.3858566630565,55.54936063469253,61.48879887102096,3.618074213440095,1.5726841497814021,2.2071248682160043,5.788918741504152,2.5162946396502437,3.531399789145607,37.265732827396945,29.533558837558278,33.16588710128768,59.62517252383511,47.253694140093245,53.06541936206029,3.66815102308054,1.6728736632839332,2.294071115601359,6.40259087664967,2.919924939550138,4.0041968563223715,39.17939704654278,31.825154530292593,35.22795768652242,68.3858566630565,55.54936063469253,61.48879887102096,0.6834170854271358,-0.0015829145728643024,-0.0015829145728643024,0.5577889447236181,-0.00221105527638199,-0.00221105527638199,0.48743718592964824,-0.002562814070351749,-0.002562814070351749,0.4111498257839721,0.10680199969701554,0.17476512126485277,0.42307692307692313,0.42211055276381915,0.11885240740041059,0.1817098849841864,0.43434343434343436,0.4111498257839721,0.10680199969701554,0.17476512126485277,0.42307692307692313,24.0,14.0,14.0,33.0,9.0,9.0,43.0,15.0,15.0,-0.0006856898040715114,-0.00035165448689863867,0.00014985589084176126,-0.00030112346023614123,0.00015012813114179124,1.7489102663859057e-06
234,0,3.560291026384776,1.609600663363652,2.2280237652887127,6.284272080128833,2.8411072111720834,3.9326862434290697,35.173432052490725,28.139890450583135,31.383806326822576,62.08464852218162,49.66973952015681,55.3955776104318,3.5833576552232906,1.6026401590564399,2.2210784319420163,5.733372248357265,2.5642242544903033,3.5537254911072256,35.99419427181439,28.746252781593334,32.089110547757386,57.59071083490303,45.994004450549326,51.34257687641182,3.560291026384776,1.609600663363652,2.2280237652887127,6.284272080128833,2.8411072111720834,3.9326862434290697,35.173432052490725,28.139890450583135,31.383806326822576,62.08464852218162,49.66973952015681,55.3955776104318,0.7185929648241206,-0.0014070351758793676,-0.0014070351758793676,0.6130653266331658,-0.001934673366834172,-0.001934673366834172,0.4723618090452262,-0.0026381909547738003,-0.0026381909547738003,0.416030534351145,0.09603053435114506,0.166030534351145,0.3869731800766284,0.4170854271356784,0.09127089079482631,0.16833751394703067,0.38888888888888884,0.416030534351145,0.09603053435114506,0.166030534351145,0.3869731800766284,27.0,12.0,12.0,37.0,9.0,9.0,46.0,10.0,10.0,-0.00021171510169075457,0.00016912789751545216,0.00019870107433049938,-0.00012787541372372146,-0.00017828449388890277,8.936283448512938e-05
44,1,2.8882282064353513,1.2587614760425676,1.5634033499121562,5.101286182794906,2.223267022620639,2.7613357868578343,17.96145739748932,12.860303694637064,14.199930907013272,31.724132546214904,22.71430262948884,25.080397446153313,2.7252891141565603,1.1450954858119409,1.620591336604282,5.093998344217869,2.140365394041011,3.029142685241648,15.26082540978411,10.404929450473025,12.242513280515036,28.52490730800768,19.448466262566402,22.883202393486048,2.676426620786405,1.1641360210382363,1.6236562685819413,4.668185966487916,2.030469804136459,2.831958607991758,14.533068234664274,9.995956627327569,11.667489440369243,25.348374827902802,17.434808070920177,20.350272279713796,0.6934673366834171,-0.0015326633165829717,-0.0015326633165829717,0.5125628140703518,-0.0024371859296482556,-0.0024371859296482556,0.3668341708542714,-0.0031658291457286047,-0.0031658291457286047,0.40049140049140053,0.10355888515397726,0.12776412776412782,0.39655172413793105,0.39698492462311563,0.07367665394642386,0.1348814187800439,0.35858585858585856,0.38795986622073575,0.08578958241439183,0.1321200441962641,0.36241610738255037,22.0,9.0,9.0,31.0,9.0,9.0,39.0,12.0,12.0,0.0004532251961259397,-3.9003137609368595e-05,2.5403395808831383e-05,8.055100533965742e-05,0.00036346756454452844,2.3897505059267132e-06
44,0,3.3439463937706626,1.5326105592449166,2.1034571400673583,6.0668741715553445,2.780593443201491,3.816272239836493,28.330710523276867,22.212095090064288,24.87340597317822,51.40000337794517,40.29908680625949,45.127465122766196,3.465772088448606,1.5498132569650471,2.1539538334396475,5.975469118014838,2.6720918223535297,3.7137135059304267,32.00115796171482,25.20770851330998,28.288239350473347,55.174410278818655,43.4615664022586,48.772826466333356,3.3439463937706626,1.5326105592449166,2.1034571400673583,6.0668741715553445,2.780593443201491,3.816272239836493,28.330710523276867,22.212095090064288,24.87340597317822,51.40000337794517,40.29908680625949,45.127465122766196,0.7185929648241206,-0.0014070351758793676,-0.0014070351758793676,0.6030150753768844,-0.0019849246231156137,-0.0019849246231156137,0.49246231155778897,-0.002537688442211028,-0.002537688442211028,0.44664031620553357,0.12316891581105627,0.19434071042366763,0.4206349206349206,0.4371859296482412,0.10886512764322864,0.17842132196877547,0.4292929292929293,0.44664031620553357,0.12316891581105627,0.19434071042366763,0.4206349206349206,23.0,5.0,5.0,37.0,10.0,10.0,46.0,8.0,8.0,0.00023837744959691526,0.00011569974780032965,0.0001616799741704374,-6.550611697964115e-05,-0.000128814918206821,0.00012090384720320202
293,1,3.7453927333054304,1.6973853241203027,2.3290421783283195,5.796037623486232,2.626722990267618,3.6042191175940506,42.325626638378516,34.57318836979664,38.20357687519668,65.49938601957219,53.502400101676244,59.12046738152608,3.88191772166209,1.6821331308764256,2.3452354580234713,6.0184770878482015,2.6079583424440704,3.636023965927862,48.51716833831651,39.49409870057929,43.86802830400317,75.22041602839768,61.23116077609192,68.01244698295065,3.8021681520053776,1.693863327032986,2.3439032593020763,5.879641472173265,2.619376278916989,3.62459266902383,44.7982085995998,36.56393768316543,40.499713895043605,69.2755803086595,56.542171674998094,62.62842354903652,0.7135678391959799,-0.0014321608040201994,-0.0014321608040201994,0.6030150753768844,-0.0019849246231156137,-0.0019849246231156137,0.5477386934673367,-0.002261306532663321,-0.002261306532663321,0.42815249266862165,0.1016517606042,0.1779081133919843,0.388235294117647,0.44723618090452266,0.1339529728844725,0.1968188186340719,0.3939393939393939,0.4381270903010034,0.11258451934941738,0.19007369764249393,0.3993288590604027,27.0,0.0,0.0,40.0,3.0,3.0,51.0,8.0,8.0,0.0010529446320466742,-0.00010832595203704148,0.0003940481805212162,0.00034118015804818214,-5.904222154651251e-05,0.0001653898061491077
293,0,3.146935108980518,1.3887854648459148,1.9326669550746494,5.331853785682017,2.353019932666394,3.2745186233648202,23.26465157861512,17.46295931761143,19.89682314849813,39.41731122387121,29.587501019994495,33.71119776973517,3.481529413156174,1.5058233261369633,2.1166862826464516,5.1578213528239605,2.23084937205476,3.1358315298465946,32.5094043845563,25.29769443326088,28.594295541866202,48.162080569713034,37.47806582705316,42.36191932128326,3.134040293486222,1.3775942849950245,1.9105887923485343,5.282090382280149,2.321788120778131,3.220093470250338,22.96658408177586,17.174767375937652,19.567685267059545,38.70772598052111,28.946237150456717,32.97924483212283,0.728643216080402,-0.001356783919598037,-0.001356783919598037,0.5829145728643217,-0.002085427135678275,-0.002085427135678275,0.5175879396984925,-0.002412060301507535,-0.002412060301507535,0.45092024539877296,0.14770431890566427,0.20806310254163007,0.41538461538461535,0.4723618090452262,0.1490535383685344,0.21693609952936643,0.4494949494949495,0.4448160535117057,0.1476541169507708,0.20232439611459785,0.40604026845637586,24.0,3.0,3.0,34.0,4.0,4.0,44.0,5.0,5.0,0.0012326683831585315,-0.00023391883946460618,0.0004102095704745392,0.0004004140563926839,-9.393457993667198e-07,-0.00013492881151577762
419,1,3.2038920338791197,1.4467609106112813,1.9885685942035698,5.695808060229546,2.572019396642278,3.535233056361902,24.628197685566477,18.832411560921027,21.256813358118528,43.78346255211818,33.47984277497072,37.78989041443293,3.2030115984193044,1.3565581447554091,1.9078385687505632,5.124818557470887,2.1704930316086544,3.052541710000901,24.606523689690103,18.269219612080054,20.95489593026763,39.37043790350417,29.23075137932809,33.52783348842821,3.20043696806981,1.433451517427076,1.9787925659891086,5.715066014410374,2.55973485254835,3.5335581535519793,24.543252471952393,18.690070438868908,21.150490257686524,43.82723655705784,33.37512578369447,37.76873260301164,0.6432160804020101,-0.001783919597989958,-0.001783919597989958,0.5125628140703518,-0.0024371859296482556,-0.0024371859296482556,0.4120603015075377,-0.0029396984924623393,-0.0029396984924623393,0.4158415841584159,0.12424356109416546,0.18313027790155534,0.4139072847682119,0.40201005025125625,0.11128323320864975,0.1599399333898205,0.3939393939393939,0.4147157190635451,0.12423157882982228,0.1800104910323994,0.412751677852349,22.0,2.0,2.0,33.0,5.0,5.0,43.0,5.0,5.0,-0.0004820096503330629,-0.00030014267979129865,-0.00012875611818702248,0.0004912393671849813,8.815173034548707e-05,-5.432400123339676e-05
419,0,3.2638108316075387,1.4992702640440905,2.05550027051312,6.061362972985429,2.784359061796168,3.8173576452386513,26.14899693391465,20.310107767230644,22.801173005736512,48.562422877270066,37.71877156771406,42.3450355820821,3.333038871611782,1.4488100152693038,2.0292999862003462,6.005475444345553,2.6104684959807276,3.656396371532155,28.023371869161473,21.442094494774707,24.34033044273414,50.49256192641706,38.63440449508956,43.85645124816961,3.2638108316075387,1.4992702640440905,2.05550027051312,6.061362972985429,2.784359061796168,3.8173576452386513,26.14899693391465,20.310107767230644,22.801173005736512,48.562422877270066,37.71877156771406,42.3450355820821,0.728643216080402,-0.001356783919598037,-0.001356783919598037,0.5829145728643217,-0.002085427135678275,-0.002085427135678275,0.4723618090452262,-0.0026381909547738003,-0.0026381909547738003,0.44015444015444016,0.12416214728353459,0.18983351589256592,0.43410852713178294,0.4371859296482412,0.1213964559640307,0.18176022013238147,0.43434343434343436,0.44015444015444016,0.12416214728353459,0.18983351589256592,0.43410852713178294,26.0,14.0,14.0,37.0,13.0,13.0,46.0,14.0,14.0,-7.5415691479269945e-06,0.00015171803844406294,0.0001298687520630422,-0.00010708564814265742,-0.00016179463533028127,9.987650539144965e-05
308,1,3.5009031155752757,1.579620276858149,2.1683019340183165,6.5460673640342435,2.9536095117584327,4.0543397109454915,33.14537254797996,26.315658274135117,29.354481177442278,61.9759628707791,49.20560955400413,54.88766894717018,3.9023046948801934,1.739381011082687,2.412649515229159,5.957717091420142,2.655543528370514,3.6834343743956626,49.516437981386545,40.81991156197569,45.080872199450745,75.59761523875808,62.32047566713845,68.8257590831309,3.5934564608793993,1.6256986380052059,2.2421295234744316,6.455311007567784,2.920416714979412,4.027777587079818,36.35953428847213,29.204917715608435,32.49698679804317,65.31652866192599,52.46392404001515,58.377820595287126,0.7839195979899498,-0.0010804020100502187,-0.0010804020100502187,0.6733668341708543,-0.001633165829145744,-0.001633165829145744,0.5276381909547738,-0.002361809045226204,-0.002361809045226204,0.4222222222222223,0.09417150906849803,0.17090226446087065,0.37898089171974525,0.42713567839195976,0.08127101673782444,0.16503217254888802,0.4242424242424242,0.4180602006688964,0.08583983339009837,0.1677821139058263,0.38590604026845643,22.0,2.0,2.0,38.0,6.0,6.0,47.0,6.0,6.0,0.0012248267945554015,0.0002930658193685629,0.000457153735187707,0.00044385224850973515,4.166942974936916e-05,-9.637868485956602e-05
308,0,3.4717037649268647,1.5701491638339289,2.165104130238443,5.7557193997471705,2.603142034777303,3.5895147422374185,32.191542569403175,25.4952461449452,28.497949799700173,53.370188996642106,42.26843439819862,47.24660098371344,3.4561365836828797,1.5371897749419723,2.1412547337172922,5.358351292531596,2.3832399611503443,3.319774780957042,31.69429143281265,24.88051295574419,27.969980501021844,49.138436329942095,38.57443869107627,43.36431085429743,3.4717037649268647,1.5701491638339289,2.165104130238443,5.7557193997471705,2.603142034777303,3.5895147422374185,32.191542569403175,25.4952461449452,28.497949799700173,53.370188996642106,42.26843439819862,47.24660098371344,0.728643216080402,-0.001356783919598037,-0.001356783919598037,0.592964824120603,-0.0020351758793969443,-0.0020351758793969443,0.5125628140703518,-0.0024371859296482556,-0.0024371859296482556,0.4661354581673307,0.14207979216335453,0.2144798290282579,0.48,0.46733668341708545,0.14402841274039369,0.2202582193102407,0.48484848484848486,0.4661354581673307,0.14207979216335453,0.2144798290282579,0.48,19.0,3.0,3.0,32.0,3.0,3.0,41.0,5.0,5.0,-0.00018809635690404444,-3.173415183748307e-05,-0.0001193515238009867,-5.164627325804361e-05,-0.00011782167916685182,0.0001279129611404528
433,1,3.2458072862507383,1.4950944898113665,1.8376973269811896,5.655784370033476,2.605186106709935,3.2021678744822446,25.68243477019148,19.92372877164518,21.594213577374585,44.75136702445382,34.71688361067786,37.62768546100464,3.5567458358841324,1.6300335012799407,2.251729539946389,5.192329687422091,2.379610950773636,3.2871964086808596,35.0489563107832,28.18205928091204,31.361207122236642,51.166359577785684,41.14169238089349,45.782784120053485,3.559314177586482,1.6703014470071378,2.2768341685785773,5.561428402478878,2.6098460109486528,3.557553388404027,35.13908970403018,28.52625289837897,31.53351920992744,54.90482766254715,44.57227015371714,49.271123765511625,0.7336683417085428,-0.001331658291457205,-0.001331658291457205,0.6381909547738693,-0.0018090452261306789,-0.0018090452261306789,0.507537688442211,-0.0024623115577889765,-0.0024623115577889765,0.4271604938271605,0.10656863192827026,0.15247818688678905,0.3712871287128713,0.44723618090452266,0.11139658190702895,0.1968188186340719,0.4040404040404041,0.4448160535117057,0.10591788990569573,0.19453796674863566,0.4161073825503355,20.0,0.0,0.0,32.0,0.0,0.0,40.0,0.0,0.0,0.0010891230941172112,0.0010416531141250666,0.0004934025465450941,8.844885845160633e-05,0.0003678821210852945,7.329146129997355e-06
433,0,3.5647312088012697,1.6073260175815363,2.221802797481101,6.301038967669849,2.8411185240349686,3.927271142026452,35.32995574673724,28.249026198441527,31.499712119860234,62.44942881993695,49.93313785780861,55.67906860623182,3.702572616500471,1.646599688407878,2.2945858380517326,5.924116186400754,2.634559501452605,3.6713373408827725,40.55149372483965,32.73705666419084,36.46377609144987,64.88238995974345,52.379290662705344,58.3420417463198,3.5647312088012697,1.6073260175815363,2.221802797481101,6.301038967669849,2.8411185240349686,3.927271142026452,35.32995574673724,28.249026198441527,31.499712119860234,62.44942881993695,49.93313785780861,55.67906860623182,0.7487437185929648,-0.0012562814070351536,-0.0012562814070351536,0.6381909547738693,-0.0018090452261306789,-0.0018090452261306789,0.5125628140703518,-0.0024371859296482556,-0.0024371859296482556,0.44799999999999995,0.11865868263473045,0.1926808510638297,0.42168674698795183,0.44723618090452266,0.1189153788995101,0.18847157322505692,0.4494949494949495,0.44799999999999995,0.11865868263473045,0.1926808510638297,0.42168674698795183,23.0,12.0,12.0,34.0,14.0,14.0,45.0,19.0,19.0,0.0002591142924124089,0.00013263816947668976,0.00013690353221298051,-4.4716351397688925e-05,-0.00011232505964553496,0.0001314175181095223
427,1,3.6873288868051586,1.7067788957870038,2.349613375146829,5.9947371472599205,2.7748245851751903,3.8199235853614084,39.938025367985,32.6912978436054,36.1276964649892,64.9299185430431,53.14842900954252,58.7352120443076,3.9229439766562764,1.8023424424103718,2.4926704521474257,5.769035259788641,2.650503591779958,3.6656918413932726,50.54904113573847,42.21289067595856,46.3691988108408,74.33682519961539,62.07778040582141,68.18999825123647,3.6873288868051586,1.7067788957870038,2.349613375146829,5.9947371472599205,2.7748245851751903,3.8199235853614084,39.938025367985,32.6912978436054,36.1276964649892,64.9299185430431,53.14842900954252,58.7352120443076,0.8040201005025126,-0.0009798994974873354,-0.0009798994974873354,0.6582914572864322,-0.0017085427135676845,-0.0017085427135676845,0.5125628140703518,-0.0024371859296482556,-0.0024371859296482556,0.41666666666666663,0.09341524889729047,0.16729638958858095,0.3916349809885932,0.4321608040201005,0.11637133033588998,0.17339619634063475,0.4191919191919192,0.41666666666666663,0.09341524889729047,0.16729638958858095,0.3916349809885932,26.0,16.0,16.0,44.0,22.0,22.0,51.0,23.0,23.0,0.000282992533376955,0.000568828288153285,0.00017577082275683044,-0.000141735257445319,-0.00018927773293242467,8.23537205478786e-05
427,0,3.5069492946971548,1.6559375963516312,2.254394136838524,6.410053015472945,3.026746864854637,4.120614448790945,33.346382466104025,26.980125468771163,29.847109727763634,60.95100371287888,49.31466641974067,54.5549820189587,3.6695800953773996,1.696700658698047,2.336298265896864,6.219627280300678,2.8757638283017752,3.959827569316719,39.23542726354948,32.044073511156824,35.44195475234757,66.5007241755076,54.311989001960725,60.071109749741645,3.5069492946971548,1.6559375963516312,2.254394136838524,6.410053015472945,3.026746864854637,4.120614448790945,33.346382466104025,26.980125468771163,29.847109727763634,60.95100371287888,49.31466641974067,54.5549820189587,0.7688442211055276,-0.0011557788944723812,-0.0011557788944723812,0.6331658291457287,-0.0018341708542712887,-0.0018341708542712887,0.507537688442211,-0.0024623115577889765,-0.0024623115577889765,0.4181818181818182,0.09331793433426827,0.16908871056392216,0.3868613138686131,0.4321608040201005,0.09882747068676712,0.17005729817702875,0.398989898989899,0.4181818181818182,0.09331793433426827,0.16908871056392216,0.3868613138686131,18.0,0.0,0.0,30.0,0.0,0.0,39.0,0.0,0.0,0.0002029788619114641,0.0003111757300349359,3.188866856831783e-05,-0.0002179643979092205,0.00019661043173790915,4.380359388900246e-05
47,1,3.087095512093316,1.3974348113021422,1.9076997274794092,5.684175863536899,2.5730545731912455,3.5125899744065308,21.91333842873948,16.49569623720303,18.660929974887587,40.34836917037745,30.37302799231034,34.35980757280889,3.5156546879054313,1.5329865922426522,2.1666169891135327,5.326749527129441,2.3227069579434123,3.282753013808382,33.63794307110337,26.375849952272205,29.784227760193943,50.96658041076268,39.96340901859425,45.12761781847567,2.9910817816105975,1.3522566788904802,1.8682705605684777,5.471491063921825,2.4736402662630734,3.417568098600874,19.907206097019568,14.758089822759414,16.833723789026795,36.41562090918214,26.996505773340395,30.79339717504902,0.6733668341708543,-0.001633165829145744,-0.001633165829145744,0.5678391959798995,-0.0021608040201005485,-0.0021608040201005485,0.4723618090452262,-0.0026381909547738003,-0.0026381909547738003,0.40634005763688763,0.13008106483113224,0.19030877708947802,0.3988439306358381,0.4371859296482412,0.13392778428483265,0.20346305819582056,0.4494949494949495,0.4046822742474916,0.12922317574999576,0.19889806957563394,0.38926174496644295,24.0,0.0,0.0,37.0,0.0,0.0,40.0,0.0,0.0,0.0004769881767951236,2.4867735321760676e-05,0.0005283192960504859,-0.014476101472962632,-0.017402771781492632,-0.020606841091882266
47,0,3.4286213378042296,1.6170095102441364,2.1902437894903155,5.674959455675967,2.6764295341971915,3.6252310998460393,30.834103619868685,24.71379925836119,27.384092175265973,51.03575771564472,40.905598772459896,45.32539394526782,3.5827479434372793,1.6148809093163132,2.2500558518648157,5.4698441884538616,2.4654670371241423,3.435199773839413,35.97225487637254,28.816856896244282,32.181018860175946,54.91947309369853,43.99520136831188,49.131326504085415,3.4286213378042296,1.6170095102441364,2.1902437894903155,5.674959455675967,2.6764295341971915,3.6252310998460393,30.834103619868685,24.71379925836119,27.384092175265973,51.03575771564472,40.905598772459896,45.32539394526782,0.7839195979899498,-0.0010804020100502187,-0.0010804020100502187,0.6733668341708543,-0.001633165829145744,-0.001633165829145744,0.5025125628140703,-0.0024874371859296973,-0.0024874371859296973,0.4181184668989547,0.08942281472504165,0.1666700312094993,0.4055944055944056,0.42713567839195976,0.07876475107366399,0.16336272346708502,0.4191919191919192,0.4181184668989547,0.08942281472504165,0.1666700312094993,0.4055944055944056,27.0,11.0,11.0,39.0,11.0,11.0,49.0,15.0,15.0,0.0005627869851984602,3.800926901490574e-05,0.0001164121330704391,-0.00030112346023614123,0.00015012813114179124,1.7489102663859057e-06
194,1,3.716110210817103,1.7063666609840165,2.1891783557141986,6.231381314208592,2.861330994837827,3.6709366314159486,41.10419608502704,33.64279246128944,36.500166783957795,68.92581352249077,56.4141148695858,61.20551984733535,3.973575383574519,1.8295815640079214,2.5240589968355174,5.758804903731187,2.651567484069451,3.658056517152924,53.17430992528874,44.64085920022151,48.91325661038055,77.06421728302716,64.69689739162538,70.8887776962037,3.7321131891231474,1.7507673668254764,2.386718984189947,6.019537401811528,2.8238183335894775,3.8495467486934625,41.76727712810157,34.51478013582693,37.92757725717123,67.36657601306705,55.66900021907569,61.17351170511489,0.6984924623115578,-0.0015075376884421399,-0.0015075376884421399,0.6231155778894473,-0.0018844221105527303,-0.0018844221105527303,0.5125628140703518,-0.0024371859296482556,-0.0024371859296482556,0.41253263707571797,0.10353654841861237,0.15935570647943254,0.40575916230366493,0.4321608040201005,0.10384000201508792,0.20845462705849782,0.4444444444444444,0.42140468227424754,0.11422605122249463,0.19003649539994272,0.412751677852349,19.0,0.0,0.0,29.0,0.0,0.0,40.0,-1.0,-1.0,-0.00013395941235389916,9.619233629848848e-05,2.374795554402947e-05,0.00017532524268748517,-0.00022173027363425746,6.166249801253798e-05
194,0,3.2668847287142717,1.4830414504304392,2.048682639438754,5.319845077359853,2.415007389225524,3.3361061560259486,26.229499925501905,20.276809568026486,22.848396581798767,42.71251900436923,33.019066946840944,37.20667858675428,3.323067685467514,1.398778792363018,1.9849235735555937,4.959802515623155,2.087729540840325,2.962572497844169,27.745334098690872,20.895058443456634,23.933371737735747,41.41094641595652,31.186654393218852,35.72145035482947,3.2668847287142717,1.4830414504304392,2.048682639438754,5.319845077359853,2.415007389225524,3.3361061560259486,26.229499925501905,20.276809568026486,22.848396581798767,42.71251900436923,33.019066946840944,37.20667858675428,0.6884422110552764,-0.0015577889447235815,-0.0015577889447235815,0.5728643216080402,-0.0021356783919597166,-0.0021356783919597166,0.4974874371859297,-0.002512562814070307,-0.002512562814070307,0.4511784511784511,0.1352120646238293,0.20593768970028759,0.46621621621621623,0.4623115577889447,0.14401581844057376,0.20688584827308498,0.48484848484848486,0.4511784511784511,0.1352120646238293,0.20593768970028759,0.46621621621621623,23.0,7.0,7.0,35.0,6.0,6.0,42.0,5.0,5.0,-0.00010457910048732468,-0.00023561339412460166,7.058615978021918e-05,-0.010600874376720526,-0.012357094630612409,-0.013309578091478258
170,1,2.5729110576986205,1.1347903578867558,1.5708199071700337,5.026843569376496,2.2171048610735458,3.069000743488274,13.103915225098154,8.891143913949586,10.379943112610043,25.60186905250391,17.371136664248326,20.27988885585084,2.718242113913723,1.1998434621118703,1.6516325535649703,5.278140027016938,2.3297931303143113,3.2070535020679034,15.153660408795483,10.58875107904381,12.248148589732843,29.424583318049482,20.560681706881184,23.782812795597753,2.680910839683635,1.1817185025217254,1.6353454051789658,5.090337037373991,2.243769308585555,3.105086212365125,14.598384029589175,10.120313191612503,11.75337729567567,27.718450689093373,19.2157845410364,22.316539169004436,0.6130653266331658,-0.001934673366834172,-0.001934673366834172,0.4773869346733668,-0.0026130653266331905,-0.0026130653266331905,0.3668341708542714,-0.0031658291457286047,-0.0031658291457286047,0.3857566765578635,0.10575667655786347,0.16561847320149625,0.35119047619047616,0.3919597989949749,0.10373924761652875,0.15823692754255425,0.3484848484848485,0.3846153846153846,0.10414793887247975,0.16103362710704194,0.3557046979865772,21.0,9.0,9.0,31.0,7.0,7.0,41.0,11.0,11.0,0.0010508763063846,0.00010787773227207511,0.0003627113211666454,-0.011714934625828732,-0.009073513894700014,-0.010643504790710523
170,0,4.144964188448116,1.9733960672192166,2.6844678260342683,6.7826686720060065,3.2291935645405356,4.39276553351062,63.115361602226145,54.34333273639284,58.80726422688596,103.27968262182459,88.92545356864281,96.2300687349043,4.179337065423553,1.9574213832666723,2.6833413321274184,6.380667275455806,2.988429592773545,4.096704323858653,65.3225342901881,56.09754819935319,60.8587552160398,99.72905998502,85.6451117547377,92.91413010082412,4.144964188448116,1.9733960672192166,2.6844678260342683,6.7826686720060065,3.2291935645405356,4.39276553351062,63.115361602226145,54.34333273639284,58.80726422688596,103.27968262182459,88.92545356864281,96.2300687349043,0.8140703517587939,-0.0009296482412060048,-0.0009296482412060048,0.7085427135678393,-0.0014572864321606982,-0.0014572864321606982,0.5577889447236181,-0.00221105527638199,-0.00221105527638199,0.4163568773234201,0.07869453966108242,0.16542980686606534,0.42164179104477617,0.4170854271356784,0.06871449981738265,0.14997357404719758,0.4242424242424242,0.4163568773234201,0.07869453966108242,0.16542980686606534,0.42164179104477617,16.0,0.0,0.0,29.0,0.0,0.0,34.0,0.0,0.0,1.8999883487017566e-05,-0.00016602673556249625,-7.087102689019e-05,-0.00017638486674709242,0.00021985158203818855,6.483093570341936e-05
343,1,2.976636945903301,1.3103688619701601,1.6420298416176964,5.305028512476549,2.3353685051112625,2.9264620732830937,19.621716663546437,14.329336484886179,15.823213425990575,34.970259475920535,25.53806191306381,28.200482594765422,3.467496759328411,1.5543762714508114,2.1581521372784263,5.1753682975050905,2.319964584254942,3.221122592952875,32.05639704790077,25.282202404497188,28.352651484455986,47.8453687282101,37.73463045447341,42.31739027530744,3.021150810264026,1.3684447965670086,1.8847366205063194,5.1791156747383305,2.3459053655434436,3.230977063725119,20.514886847160074,15.293797779958993,17.39931040196025,35.16837745227441,26.217939051358275,29.82738926050329,0.6783919597989949,-0.0016080402010050232,-0.0016080402010050232,0.5628140703517588,-0.0021859296482411583,-0.0021859296482411583,0.46733668341708545,-0.002663316582914521,-0.002663316582914521,0.4225,0.1278682896379525,0.16736803519061583,0.368421052631579,0.4120603015075377,0.10880215614412914,0.17332908280970794,0.36363636363636365,0.40802675585284276,0.12255096286452893,0.18444499834450012,0.3422818791946308,21.0,9.0,9.0,33.0,14.0,14.0,40.0,11.0,11.0,0.0009528635237046672,0.0012108825175992724,0.00028676803622587236,-0.004567335550330398,-0.003117410266185061,-0.004168522850572565
343,0,3.9649523326328824,1.8250680105898982,2.5146311798266003,6.786168415467818,3.1236740950480955,4.303887980857066,52.71775641310574,44.21930192493536,48.453272566876386,90.22846770704636,75.68303598690859,82.92963958561535,4.091768945281829,1.9022754928846233,2.6129851570943528,6.494871341717189,3.019484909340672,4.147595487451354,59.845661826911,50.91497367684421,55.45805565077858,94.99311401096983,80.81741853467334,88.02865976314061,3.9649523326328824,1.8250680105898982,2.5146311798266003,6.786168415467818,3.1236740950480955,4.303887980857066,52.71775641310574,44.21930192493536,48.453272566876386,90.22846770704636,75.68303598690859,82.92963958561535,0.778894472361809,-0.0011055276381910506,-0.0011055276381910506,0.6683417085427136,-0.0016582914572863539,-0.0016582914572863539,0.5577889447236181,-0.00221105527638199,-0.00221105527638199,0.40977443609022557,0.0720633666718391,0.14477443609022556,0.3735849056603774,0.42211055276381915,0.08877721943048578,0.1616764960025504,0.38888888888888884,0.40977443609022557,0.0720633666718391,0.14477443609022556,0.3735849056603774,23.0,0.0,0.0,34.0,0.0,0.0,45.0,0.0,0.0,0.0003638021266041296,0.00015488701545567372,-1.3693765040353241e-05,-0.00015559510116602837,0.0002314721571865519,7.534460660885145e-05
138,1,3.5577736657763284,1.639820145766315,2.2510163941719665,6.383806648520646,2.942372318289913,4.039057785287287,35.08499919557381,28.277985407680482,31.39082413340366,62.95393472680974,50.73993126342668,56.32537947341224,3.6107423485223973,1.5749066814595758,2.2169274078389654,6.4477541937899945,2.812333359749242,3.958798942569581,36.9935046976801,29.334855164464624,32.96330897708648,66.05982981728589,52.38366993654397,58.863051744797275,3.5577736657763284,1.639820145766315,2.2510163941719665,6.383806648520646,2.942372318289913,4.039057785287287,35.08499919557381,28.277985407680482,31.39082413340366,62.95393472680974,50.73993126342668,56.32537947341224,0.7839195979899498,-0.0010804020100502187,-0.0010804020100502187,0.6231155778894473,-0.0018844221105527303,-0.0018844221105527303,0.46733668341708545,-0.002663316582914521,-0.002663316582914521,0.4365079365079365,0.10779506522080784,0.17265569376387324,0.398406374501992,0.44221105527638194,0.11138398760720902,0.1784381003515072,0.398989898989899,0.4365079365079365,0.10779506522080784,0.17265569376387324,0.398406374501992,25.0,16.0,16.0,39.0,24.0,24.0,44.0,18.0,18.0,0.0002835002424228196,-0.00018053139540685477,0.00022157579701525022,-5.857619511928647e-05,-0.00012331829868550415,0.00012440840417138332
138,0,3.0147798746824264,1.3504673645488932,1.8537095729251316,5.504257195442914,2.465626021638509,3.384424296022399,20.38460327937293,15.102562627578608,17.191253984306222,37.21734386612784,27.57361813065488,31.387062198619688,3.0496283104671305,1.309821296886158,1.8362108711576266,5.350225106082686,2.2979320998002777,3.221422580978293,21.10749752843036,15.411253509575067,17.74253294078791,37.030697418298885,27.03728685890363,31.127250773312127,3.0147798746824264,1.3504673645488932,1.8537095729251316,5.504257195442914,2.465626021638509,3.384424296022399,20.38460327937293,15.102562627578608,17.191253984306222,37.21734386612784,27.57361813065488,31.387062198619688,0.6683417085427136,-0.0016582914572863539,-0.0016582914572863539,0.5577889447236181,-0.00221105527638199,-0.00221105527638199,0.4321608040201005,-0.002839195979899567,-0.002839195979899567,0.4291666666666667,0.12563236313236315,0.17985918744229,0.40585774058577406,0.42211055276381915,0.11383987607208979,0.1767015377387774,0.40909090909090906,0.4291666666666667,0.12563236313236315,0.17985918744229,0.40585774058577406,22.0,10.0,10.0,34.0,10.0,10.0,45.0,16.0,16.0,0.0002487834720436149,-5.796003968530404e-06,0.00011897401883249351,2.4582867206746073e-05,-5.7358864443912694e-05,-7.978146849918488e-05
292,1,4.161653324354405,1.9826165093259829,2.686048793064269,6.658645318967048,3.172186414921573,4.297678068902831,64.17754122611325,55.33975149448088,59.803862226412306,102.6840659617812,88.5436023911694,95.6861795622597,4.264561183488548,1.9851062880602997,2.7292414340671596,6.271413505130218,2.919273953029852,4.013590344216411,71.13369848222844,61.362345933634714,66.49088865383266,104.60838012092417,90.23874402005104,97.78071860857743,4.154647256219667,1.981862552020845,2.6881452062134494,6.5946781844756615,3.145813574636262,4.266897152719761,63.72948040463861,54.94677314361566,59.3954320937392,101.15790540418827,87.21710022796137,94.27846364085589,0.7889447236180904,-0.001055276381909609,-0.001055276381909609,0.6783919597989949,-0.0016080402010050232,-0.0016080402010050232,0.5879396984924623,-0.002060301507537776,-0.002060301507537776,0.457680250783699,0.1274768079041998,0.20741956256680638,0.44025157232704404,0.457286432160804,0.11894056749914983,0.20686906989035325,0.4444444444444444,0.4548494983277592,0.12262913104896123,0.20457141156468917,0.43624161073825507,27.0,5.0,5.0,36.0,2.0,2.0,48.0,6.0,6.0,0.0003890304940754554,0.00017390712889260297,4.7244617978641984e-05,0.0004280565422867255,2.617532955007107e-05,-0.00011039691273584396
292,0,3.932907857578179,1.8619443400607238,2.5294942001089264,6.991836191250096,3.310123271219065,4.496878577971426,51.05522334419446,43.122760840698255,46.9861566590462,90.76484150079015,76.66268593901913,83.5309451716377,3.854819177982196,1.75268490899923,2.429408770369757,6.424698629970327,2.9211415149987165,4.049014617282928,47.22007773952243,39.036460411685034,43.060513130045244,78.70012956587072,65.0607673528084,71.76752188340875,3.932907857578179,1.8619443400607238,2.5294942001089264,6.991836191250096,3.310123271219065,4.496878577971426,51.05522334419446,43.122760840698255,46.9861566590462,90.76484150079015,76.66268593901913,83.5309451716377,0.7738693467336684,-0.0011306532663316604,-0.0011306532663316604,0.6281407035175879,-0.0018592964824121205,-0.0018592964824121205,0.4974874371859297,-0.002512562814070307,-0.002512562814070307,0.4206642066420664,0.10022221769179018,0.16790347044574738,0.4037037037037037,0.4120603015075377,0.09125829649500639,0.15830404107348095,0.3787878787878788,0.4206642066420664,0.10022221769179018,0.16790347044574738,0.4037037037037037,22.0,9.0,9.0,32.0,7.0,7.0,43.0,11.0,11.0,-0.0004269893878587733,4.485613045850736e-06,0.00014687627299397947,-0.00019024471046957814,0.00021210453193631906,5.782182176528039e-05
85,1,2.823701647533612,1.261530215052022,1.6956950600203473,5.33030311005008,2.38139126156879,3.2009644715892116,16.839067741840964,12.069901810348057,13.749576015528287,31.787117181122245,22.784360101886975,25.955081997227193,2.8027278676104905,1.1559144477832468,1.6601239032506785,4.484364588176785,1.8494631164531947,2.6561982452010855,16.48956683052231,11.2991530534782,13.354645862014227,26.383306928835697,18.078644885565122,21.36743337922276,2.834614865755955,1.2726184133575436,1.7444749073244439,5.031860708442523,2.259085940871379,3.0967010189191306,17.02384257293448,12.255511077485984,14.049152196505396,30.21983888686594,21.755345107963286,24.939323425749222,0.6532663316582914,-0.0017336683417086274,-0.0017336683417086274,0.5125628140703518,-0.0024371859296482556,-0.0024371859296482556,0.4170854271356784,-0.0029145728643216184,-0.0029145728643216184,0.43181818181818177,0.11692456479690516,0.18352883675464315,0.4301994301994302,0.4321608040201005,0.12138386166421078,0.17840454358604374,0.4292929292929293,0.4347826086956522,0.1242650794802933,0.19229095129854434,0.43288590604026844,21.0,6.0,6.0,34.0,8.0,8.0,42.0,8.0,8.0,-0.00021989294283115184,9.69268259226619e-05,5.7694559878951394e-06,-0.0020242268481265313,-0.0035803215495562313,-0.0032392980589337483
85,0,3.4390504891103735,1.5018316314531635,1.9969771335549555,6.15673916830979,2.688644920699078,3.57507613665692,31.157359866093206,24.21793528525573,26.92790396773323,55.77927351637174,43.35601097409197,48.20751588369802,3.6103545079878225,1.5245381108825793,2.1474832838519156,5.685597650374524,2.4008474187127233,3.3818634391368754,36.97915989896937,28.927998154466316,32.66081922968857,58.23489747869192,45.55590260545876,51.434360991635536,3.4715077322861023,1.5255745859367256,2.1098947213502606,5.785846220476837,2.5426243098945425,3.516491202250434,32.18523259480378,25.185071611894255,28.282749619312096,53.64205432467297,41.9751193531571,47.13791603218683,0.6934673366834171,-0.0015326633165829717,-0.0015326633165829717,0.5527638190954773,-0.0022361809045226,-0.0022361809045226,0.4824120603015075,-0.0025879396984924696,-0.0025879396984924696,0.4316939890710383,0.11927925510105197,0.1667868531961605,0.4273972602739726,0.42211055276381915,0.12135867306457104,0.1683542923297624,0.43434343434343436,0.43143812709030105,0.13093729236576013,0.18227238737951124,0.4261744966442953,27.0,9.0,9.0,34.0,3.0,3.0,44.0,7.0,7.0,-1.4845044053016537e-05,0.0003214855883012671,7.8056898383942e-05,0.00024245699414393584,-0.00015588034778968307,0.00010364736082912884
218,1,3.5211416049879425,1.6206628644142846,2.209025337103016,6.767194022086201,3.114711442546203,4.245470569744859,33.82301895925857,27.13392294173775,30.10899368557189,65.00361456232505,52.148008153652235,57.86572223945847,3.536362001045265,1.586203915604632,2.1895522657630293,6.371823425306784,2.8580250731614987,3.945139217591044,34.34175638399289,27.311957582398726,30.49661745269475,61.877038529716906,49.2107343827004,54.94886027512567,3.5211416049879425,1.6206628644142846,2.209025337103016,6.767194022086201,3.114711442546203,4.245470569744859,33.82301895925857,27.13392294173775,30.10899368557189,65.00361456232505,52.148008153652235,57.86572223945847,0.778894472361809,-0.0011055276381910506,-0.0011055276381910506,0.6331658291457287,-0.0018341708542712887,-0.0018341708542712887,0.4974874371859297,-0.002512562814070307,-0.002512562814070307,0.4122448979591836,0.07415935824431596,0.1517292941599977,0.39344262295081966,0.4120603015075377,0.07371443684588352,0.15162624474626896,0.38888888888888884,0.4122448979591836,0.07415935824431596,0.1517292941599977,0.39344262295081966,28.0,13.0,13.0,40.0,15.0,15.0,48.0,14.0,14.0,0.00043429590551658057,-5.169240420075421e-05,7.87318135035429e-06,-1.0066742095027337e-05,-8.484196204427974e-05,-0.00010243434826673337
218,0,3.146603287710038,1.4446959926905223,1.959022363670432,5.887193247973619,2.7029795992274286,3.6652676481575823,23.25693315301074,17.77253536586065,19.977794034624935,43.512971705633,33.251840361932835,37.3778081938144,3.458407313380409,1.4914364161217364,2.093246029994038,5.489535418064142,2.367359390669423,3.3226127460222834,31.766342374758928,24.61735373827157,27.84998773076101,50.42276567422052,39.07516466392313,44.20632973136669,3.146603287710038,1.4446959926905223,1.959022363670432,5.887193247973619,2.7029795992274286,3.6652676481575823,23.25693315301074,17.77253536586065,19.977794034624935,43.512971705633,33.251840361932835,37.3778081938144,0.7738693467336684,-0.0011306532663316604,-0.0011306532663316604,0.5829145728643217,-0.002085427135678275,-0.002085427135678275,0.4623115577889447,-0.002688442211055242,-0.002688442211055242,0.40830449826989623,0.11124059498837635,0.15859218526644403,0.36458333333333337,0.42713567839195976,0.10132114205110765,0.15167657989446393,0.38383838383838387,0.40830449826989623,0.11124059498837635,0.15859218526644403,0.36458333333333337,23.0,2.0,2.0,35.0,0.0,0.0,46.0,2.0,2.0,0.0010831117962202357,0.00041555895152709356,0.00021167488087315555,-0.0003149833039568506,0.00014238108104080993,-5.260203672641239e-06
228,1,4.400091880705299,2.105782540145381,2.8448642742181347,7.200150350245034,3.4458259747833506,4.655232448720584,81.4583527720455,71.54076879869447,76.72218838781646,133.29548635425627,117.06671257968185,125.5453991800633,4.271189624939732,1.9788897086675563,2.718782926424631,6.621999418511212,3.0680460599497,4.215167327790126,71.60677016973426,61.709094821358825,66.8839472430147,111.0182483251694,95.67301522691291,103.69604223723209,4.400091880705299,2.105782540145381,2.8448642742181347,7.200150350245034,3.4458259747833506,4.655232448720584,81.4583527720455,71.54076879869447,76.72218838781646,133.29548635425627,117.06671257968185,125.5453991800633,0.7688442211055276,-0.0011557788944723812,-0.0011557788944723812,0.6231155778894473,-0.0018844221105527303,-0.0018844221105527303,0.5678391959798995,-0.0021608040201005485,-0.0021608040201005485,0.4773519163763066,0.14517800333282838,0.2316972234446727,0.513986013986014,0.48743718592964824,0.16663518091711693,0.2420281709046065,0.5252525252525253,0.4773519163763066,0.14517800333282838,0.2316972234446727,0.513986013986014,25.0,3.0,3.0,38.0,4.0,4.0,45.0,3.0,3.0,3.5734063148183494e-05,-0.0007584639954747893,-7.984270528950165e-05,-0.00030112346023614123,0.00015012813114179124,1.7489102663859057e-06
228,0,3.383147610558404,1.5585749015209098,2.1358373432566102,5.672343299139839,2.6131794756039204,3.581044647376353,29.463364510083743,23.26321932306785,25.982397027789116,49.39965307079909,39.004200062628726,43.56330040587397,3.643450020545691,1.6556655267097447,2.29226955825775,6.2818103802511915,2.8545957357064564,3.9521888935478446,38.22348130239594,30.92413720945177,34.36149953762928,65.90255396964818,53.31747794733065,59.24396472005049,3.383147610558404,1.5585749015209098,2.1358373432566102,5.672343299139839,2.6131794756039204,3.581044647376353,29.463364510083743,23.26321932306785,25.982397027789116,49.39965307079909,39.004200062628726,43.56330040587397,0.7537688442211055,-0.0012311557788945438,-0.0012311557788945438,0.6180904522613065,-0.0019095477386934512,-0.0019095477386934512,0.48743718592964824,-0.002562814070351749,-0.002562814070351749,0.42652329749103945,0.11525317226742582,0.17980100905242202,0.3776978417266187,0.42211055276381915,0.09880228208712738,0.1700237414115654,0.4040404040404041,0.42652329749103945,0.11525317226742582,0.17980100905242202,0.3776978417266187,20.0,5.0,5.0,29.0,3.0,3.0,39.0,6.0,6.0,0.0008076170284690678,0.00017632833453999402,0.00021662137553689532,-0.0002456840853515274,0.00018111633153772289,2.978536601450088e-05
129,1,3.4967867390115432,1.5629881087254593,2.153448187326158,5.594858782418469,2.500780973960735,3.4455170997218527,33.00921414511844,26.09348343186751,29.17739925852495,52.81474263218951,41.74957349098802,46.68383881363992,3.629877603233759,1.5817017523272914,2.2044320310700547,5.541797867532456,2.414811835614185,3.3655450856031366,37.708200972857696,29.954456760244632,33.54849009158578,57.56977247764534,45.731995053808596,51.219068842115696,3.48010945997908,1.559775910723161,2.150019516021141,5.523983269808063,2.4758347789256527,3.4127293905097478,32.463275310828124,25.64004133643987,28.681891825957308,51.52900842988591,40.69847831180932,45.52681242215446,0.7386934673366834,-0.0013065326633165952,-0.0013065326633165952,0.592964824120603,-0.0020351758793969443,-0.0020351758793969443,0.49246231155778897,-0.002537688442211028,-0.002537688442211028,0.4263322884012539,0.11490818824475935,0.17711435305193168,0.4025157232704403,0.44221105527638194,0.12391531592801097,0.1917936930059312,0.4191919191919192,0.4280936454849499,0.11924556535139397,0.18671433514012226,0.3993288590604027,23.0,13.0,13.0,31.0,10.0,10.0,44.0,14.0,14.0,0.0009384719281703645,-0.00027100646041463357,1.9071313142272147e-05,-0.007952741600357527,-0.006240928451352268,-0.007617667756349533
129,0,3.877090531236985,1.8167052412573477,2.4712550000768587,6.337998293579023,2.969823538103329,4.039836018089716,48.283531087291024,40.434537720988615,44.20459769345324,78.93056279539191,66.09957363969994,72.26260581025589,3.7953790156685527,1.7184226518208727,2.3788981838791,5.794471779646645,2.623546033314309,3.6319056242428998,44.495097549152995,36.514954287827074,40.372510743486366,67.93144663992824,55.748021813476456,61.63742098242193,3.877090531236985,1.8167052412573477,2.4712550000768587,6.337998293579023,2.969823538103329,4.039836018089716,48.283531087291024,40.434537720988615,44.20459769345324,78.93056279539191,66.09957363969994,72.26260581025589,0.7236180904522613,-0.0013819095477386467,-0.0013819095477386467,0.6030150753768844,-0.0019849246231156137,-0.0019849246231156137,0.4974874371859297,-0.002512562814070307,-0.002512562814070307,0.42647058823529416,0.10903939557474374,0.17830432906659,0.4723247232472325,0.4321608040201005,0.11637133033588998,0.17673509450424074,0.4797979797979798,0.42647058823529416,0.10903939557474374,0.17830432906659,0.4723247232472325,24.0,2.0,2.0,37.0,6.0,6.0,41.0,-1.0,-1.0,-2.6175083813573645e-05,-0.0003543882414966892,-9.423106276743976e-05,-0.00019717463232815646,0.00020823100688893703,5.431726479621091e-05
366,1,3.422637158877229,1.5849960980154623,2.176853790628626,6.004986153000168,2.78086141747623,3.8192704230789665,30.650137817881863,24.36843520232263,27.17448136580478,53.775391500834644,42.754200684314554,47.67738347413653,3.605415631778276,1.6068474805480737,2.2398802819801533,5.633461924653556,2.5106991883563645,3.4998129405939893,36.796974671367764,29.418491012448428,32.87915477660756,57.49527292401213,45.966392206950665,51.3736793384493,3.422637158877229,1.5849960980154623,2.176853790628626,6.004986153000168,2.78086141747623,3.8192704230789665,30.650137817881863,24.36843520232263,27.17448136580478,53.775391500834644,42.754200684314554,47.67738347413653,0.7638190954773869,-0.001180904522613102,-0.001180904522613102,0.5879396984924623,-0.002060301507537776,-0.002060301507537776,0.5025125628140703,-0.0024874371859296973,-0.0024874371859296973,0.4246575342465754,0.12038402997307107,0.1786438668206073,0.429553264604811,0.4120603015075377,0.09627082782332719,0.15663459199167795,0.43939393939393945,0.4246575342465754,0.12038402997307107,0.1786438668206073,0.429553264604811,21.0,0.0,0.0,32.0,0.0,0.0,39.0,0.0,0.0,0.00043311377020068865,0.00016879486286527226,2.893269084751607e-06,-0.000335773069539691,0.00013076050589333477,-1.577387457896151e-05
366,0,3.3773602110168244,1.5728201855545494,2.151030650941416,5.590113452717503,2.603288582986841,3.5603265946616545,29.293340720190912,23.216165260635826,25.884645583929196,48.485529467902204,38.4267562934662,42.84355131133109,3.2708907247188703,1.4282957426290175,2.005516379265834,5.110766757373235,2.23171209785784,3.1336193426028665,26.334785944288885,20.021887060666426,22.79036661923868,41.14810303795138,31.284198532291285,35.60994784256043,3.3773602110168244,1.5728201855545494,2.151030650941416,5.590113452717503,2.603288582986841,3.5603265946616545,29.293340720190912,23.216165260635826,25.884645583929196,48.485529467902204,38.4267562934662,42.84355131133109,0.6733668341708543,-0.001633165829145744,-0.001633165829145744,0.5527638190954773,-0.0022361809045226,-0.0022361809045226,0.42211055276381915,-0.0028894472361808976,-0.0028894472361808976,0.42160278745644597,0.10160278745644602,0.17710684307637647,0.4370629370629371,0.4120603015075377,0.08875203083084593,0.15663459199167795,0.4191919191919192,0.42160278745644597,0.10160278745644602,0.17710684307637647,0.4370629370629371,20.0,4.0,4.0,31.0,4.0,4.0,40.0,4.0,4.0,-8.879824466628024e-05,-0.00017225576182567742,-4.733395898557029e-05,-0.00030112346023614123,0.00015012813114179124,1.7489102663859057e-06
414,1,3.2751361883499404,1.5254599592585396,2.0558525797194513,5.751856091977756,2.6790416199913656,3.6105271673679917,26.446826985044,20.69408718038726,23.062064934508992,46.446417540898175,36.34334713769504,40.50203443722226,3.673532255929918,1.6611705250818782,2.3115567510515507,5.565957963530178,2.5169250380028454,3.5023587137144703,39.390798795825745,31.909834270959543,35.4869009374669,59.68302847852385,48.34823374387809,53.76803172343469,3.375968036842984,1.591973305242409,2.1721228552028005,5.854279832675695,2.760647350131345,3.7666870321435844,29.25258766203442,23.298995681585644,25.91967971050883,50.72703062780535,40.4028826848306,44.94742146331011,0.8040201005025126,-0.0009798994974873354,-0.0009798994974873354,0.6633165829145728,-0.0016834170854271857,-0.0016834170854271857,0.5175879396984925,-0.002412060301507535,-0.002412060301507535,0.43181818181818177,0.12543520309477751,0.19134897360703806,0.3903133903133903,0.457286432160804,0.11643430183498948,0.19184402815412616,0.4292929292929293,0.44147157190635455,0.13095404269099564,0.19897991450924668,0.40268456375838924,27.0,14.0,14.0,37.0,11.0,11.0,50.0,17.0,17.0,0.0010255177220259003,0.00016933828027219548,0.0003285135543674743,-0.0029115183159929003,-0.0035891506626342107,-0.0032437244450678193
414,0,3.8521066474563934,1.7607998118793646,2.417534123172301,5.875000641092711,2.6854656348774664,3.6870771822683697,47.092165398717405,38.99667767284324,42.894315252528756,71.82212935111649,59.47537991444807,65.41982158625893,3.78152756115899,1.6430801097467604,2.301449691453943,5.908636814310921,2.567312671479313,3.596015142896785,43.883024566230084,35.3967724889782,39.489736794607786,68.5672258847345,55.30745701402843,61.702713741574655,3.8521066474563934,1.7607998118793646,2.417534123172301,5.875000641092711,2.6854656348774664,3.6870771822683697,47.092165398717405,38.99667767284324,42.894315252528756,71.82212935111649,59.47537991444807,65.41982158625893,0.7236180904522613,-0.0013819095477386467,-0.0013819095477386467,0.6180904522613065,-0.0019095477386934512,-0.0019095477386934512,0.5577889447236181,-0.00221105527638199,-0.00221105527638199,0.4595588235294118,0.1256138694009714,0.20650258881058536,0.4538745387453874,0.457286432160804,0.1264593644916311,0.19685237539953526,0.43939393939393945,0.4595588235294118,0.1256138694009714,0.20650258881058536,0.4538745387453874,27.0,13.0,13.0,40.0,14.0,14.0,50.0,14.0,14.0,-0.000390917952914194,8.446852952584287e-05,0.00019556070621706302,-0.004872703673891365,-0.005036262161542737,-0.005529950049892207
254,1,3.3442317808168176,1.4551532774715366,2.0205827506673653,5.557326341651476,2.4181223581512294,3.3577331003737094,28.338796894886546,21.725525130363877,24.58169070719995,47.092412487090876,36.102710878398796,40.8489860281411,3.2699367161372197,1.3128375903396325,1.824360037604828,5.404854076259867,2.1699794881646817,3.0154711365369056,26.309674312762663,19.230911660535444,22.06537527940707,43.487064979772995,31.786630843860234,36.4716946767059,3.3273250239349927,1.4594523785934985,2.01629961977397,5.366653264411279,2.353955449344353,3.252096160925759,27.86370717517637,21.38919901202621,24.15373118791903,44.941463185768335,34.49870808391324,38.957630948256494,0.7135678391959799,-0.0014321608040201994,-0.0014321608040201994,0.5879396984924623,-0.002060301507537776,-0.002060301507537776,0.48743718592964824,-0.002562814070351749,-0.002562814070351749,0.45857988165680474,0.13657101902755808,0.20365862181428507,0.4421364985163204,0.44723618090452266,0.1189153788995101,0.17845487873423882,0.41414141414141414,0.45150501672240806,0.12596244577082205,0.19455284764565606,0.43288590604026844,27.0,18.0,18.0,38.0,20.0,20.0,48.0,21.0,21.0,0.000560595230272622,-4.0622679889711945e-05,-5.416009834549833e-05,0.0003530269377165496,-4.742164639548463e-05,0.0001727988995874341
254,0,3.460685524401914,1.5308888191821783,2.043157507226402,6.595233145980611,2.917505393624675,3.8937661394262317,31.83879530626619,24.95068552379775,27.711889126746033,60.67707587162771,47.54999754273497,52.81218660803955,3.3107467368619528,1.3801476849538086,1.9444814347515578,6.188311657685893,2.5797152989790817,3.6345447378533793,27.40558259165439,20.511943939374007,23.484901831182196,51.22538802178391,38.34008212967104,43.89701276856485,3.4529997903766443,1.5520642242896443,2.134442154018063,6.474374606956208,2.910120420543083,4.002079038783868,31.595028756241064,24.902876290919735,27.85700286180974,59.240678917951996,46.692893045474506,52.23188036589326,0.6231155778894473,-0.0018844221105527303,-0.0018844221105527303,0.5778894472361809,-0.002110552763819218,-0.002110552763819218,0.4773869346733668,-0.0026130653266331905,-0.0026130653266331905,0.4352617079889807,0.11339100647591327,0.1723096063272016,0.42265193370165743,0.457286432160804,0.12896563015579143,0.20686906989035325,0.4242424242424242,0.4448160535117057,0.12595127888733182,0.20232439611459785,0.4295302013422819,25.0,5.0,5.0,39.0,10.0,10.0,47.0,8.0,8.0,0.0005641012480405442,-0.00020170430723174762,0.00012997566015611443,0.0002543037738123033,-0.0001442597726422079,0.00011105645426745525
405,1,3.0011373367279197,1.3125332314698939,1.812524339827434,6.021390197893597,2.6334265472166662,3.636593420672877,20.10839393762754,14.696472979583724,16.825868761722127,40.34486681753296,29.486554067317662,33.75890866205395,3.1969610650335722,1.333511650462446,1.902545857973142,6.268551107908965,2.6147287263969528,3.7304820744571408,24.45809059911527,18.012157436196144,20.809229077474868,47.957040390422094,35.31795575724733,40.80240995583307,2.920595830499528,1.2720792489673727,1.766531376087757,6.170272881337031,2.6874913710578294,3.7321085410304726,18.55233821617783,13.353076792808556,15.381282853663565,39.19508073840387,28.210725618609626,32.49566800069768,0.6582914572864322,-0.0017085427135676845,-0.0017085427135676845,0.5326633165829145,-0.0023366834170853723,-0.0023366834170853723,0.40703517587939697,-0.00296482412060306,-0.00296482412060306,0.4012738853503185,0.11669518900691622,0.1735196480621829,0.3738019169329073,0.3869346733668342,0.08367652800342562,0.14319510742359542,0.36868686868686873,0.38795986622073575,0.10749242047783092,0.15659167934643092,0.3557046979865772,21.0,0.0,0.0,32.0,1.0,1.0,41.0,2.0,2.0,0.0012288634575452508,0.00012127238586386765,7.982431006370052e-06,-0.017695869417230448,-0.01528965189349396,-0.016395051892362567
405,0,3.4337294499079385,1.5553119775741693,2.1449803237219376,6.175588040506068,2.797240198472946,3.857763119529753,30.99201063779813,24.448868676410832,27.363765398720563,55.73936241574141,43.971472768768734,49.213936276803395,3.6005140141626097,1.538121495528722,2.171024978723397,6.154724810534376,2.6292675137243116,3.7111538097835854,36.61705129015704,28.75228737721113,32.44048672002658,62.59325006864452,49.149209191813895,55.45382345303688,3.4337294499079385,1.5553119775741693,2.1449803237219376,6.175588040506068,2.797240198472946,3.857763119529753,30.99201063779813,24.448868676410832,27.363765398720563,55.73936241574141,43.971472768768734,49.213936276803395,0.7587939698492463,-0.001206030150753712,-0.001206030150753712,0.5728643216080402,-0.0021356783919597166,-0.0021356783919597166,0.4773869346733668,-0.0026130653266331905,-0.0026130653266331905,0.43333333333333335,0.1297990297990298,0.1757156048014774,0.41004184100418406,0.42713567839195976,0.11635873603607005,0.17337941795790301,0.43434343434343436,0.43333333333333335,0.1297990297990298,0.1757156048014774,0.41004184100418406,22.0,9.0,9.0,35.0,7.0,7.0,42.0,7.0,7.0,-4.525425342062929e-06,7.550635482244419e-05,0.00014499803222032227,2.4582867206746073e-05,-5.7358864443912694e-05,-7.978146849918488e-05
312,1,2.8987886026652174,1.3058271436656477,1.7843624802646623,5.573154861898289,2.510557992337826,3.4305807685088348,18.152142587926736,13.23384988343565,15.104323985540583,34.89895800775592,25.443143646863383,29.039280952845772,2.5958264359277696,1.0303608084702058,1.494848817102115,4.437310146885077,1.7613005272994973,2.5552971232514787,13.407663358683454,8.622760959473634,10.400558969410014,22.919082664416162,14.739762323886557,17.77873328104276,2.8987886026652174,1.3058271436656477,1.7843624802646623,5.573154861898289,2.510557992337826,3.4305807685088348,18.152142587926736,13.23384988343565,15.104323985540583,34.89895800775592,25.443143646863383,29.039280952845772,0.6030150753768844,-0.0019849246231156137,-0.0019849246231156137,0.48743718592964824,-0.002562814070351749,-0.002562814070351749,0.371859296482412,-0.003140703517587995,-0.003140703517587995,0.41414141414141414,0.1183430948136831,0.1767393984639225,0.45608108108108103,0.42713567839195976,0.128890064356872,0.183396112448721,0.43434343434343436,0.41414141414141414,0.1183430948136831,0.1767393984639225,0.45608108108108103,23.0,10.0,10.0,33.0,14.0,14.0,43.0,13.0,13.0,-0.0010831428403657991,-9.258891499873486e-05,-0.00018721974308908405,-0.005917447482045368,-0.007105979627370473,-0.005798085270900977
312,0,3.8640870121326523,1.8134767092171753,2.4741265137528257,6.563654650745875,3.080426190999037,4.202625858977402,47.659739799131884,39.887096473184755,43.64504833608723,80.95627034373086,67.75342414623164,74.13679443390158,3.990008589011341,1.8363903778746162,2.531285857306438,6.384013742418146,2.9382246045993865,4.0500573716903014,54.05535364337822,45.43937715397494,49.75489046971152,86.48856582940515,72.7030034463599,79.60782475153843,3.8640870121326523,1.8134767092171753,2.4741265137528257,6.563654650745875,3.080426190999037,4.202625858977402,47.659739799131884,39.887096473184755,43.64504833608723,80.95627034373086,67.75342414623164,74.13679443390158,0.7638190954773869,-0.001180904522613102,-0.001180904522613102,0.6582914572864322,-0.0017085427135676845,-0.0017085427135676845,0.5577889447236181,-0.00221105527638199,-0.00221105527638199,0.4331983805668016,0.10592565329407433,0.18151601179156607,0.4186991869918699,0.44221105527638194,0.10887772194304857,0.1851158966787192,0.43939393939393945,0.4331983805668016,0.10592565329407433,0.18151601179156607,0.4186991869918699,26.0,11.0,11.0,38.0,9.0,9.0,45.0,9.0,9.0,0.00033367213625535425,0.000236871107227889,0.00013261984305380298,-2.39265858157367e-05,-9.583520108336074e-05,-0.00011149550017286458
123,1,2.5633747810964653,1.1199836728393398,1.358496361954034,5.666407410844818,2.475753382065909,3.0029919580036544,12.979546614188838,8.744513665112251,9.643193197490806,28.69162935768059,19.329977575511293,21.31653233129547,3.2372741842988746,1.478599009394527,2.041210650848667,5.179638694878199,2.3657584150312427,3.2659370413578666,25.464216300259785,19.65947427015279,22.157143216569256,40.74274608041566,31.455158832244464,35.45142914651081,2.660942294525861,1.237256183612207,1.6938104914132155,5.430494478624206,2.5250126196167493,3.4567561049249305,14.309766762602624,10.15736829659565,11.679377607106792,29.20360563796454,20.729323054276833,23.835464504299576,0.6432160804020101,-0.001783919597989958,-0.001783919597989958,0.507537688442211,-0.0024623115577889765,-0.0024623115577889765,0.40703517587939697,-0.00296482412060306,-0.00296482412060306,0.3556085918854416,0.0969673523145238,0.11904945210049533,0.32296650717703346,0.39698492462311563,0.12129570156547154,0.16993984949790697,0.38383838383838387,0.36454849498327757,0.11747003087643282,0.17878653725246552,0.325503355704698,24.0,0.0,0.0,35.0,0.0,0.0,42.0,0.0,0.0,-0.00032936151788124236,0.000933216208533375,-0.00016585754118179054,-0.06381329316807971,-0.0758879851080696,-0.06492244197393582
123,0,4.046003549749201,1.8664034193376282,2.5608044522052458,6.867831666497361,3.1681001630807946,4.346801403486853,57.168528718871926,48.32575912184497,52.75268420981297,97.03991285100825,82.02987830425994,89.54429986383639,4.212740222413336,1.8673993409820242,2.6078223922740866,6.431664461699749,2.8509913602778996,3.9814082324795215,67.54136482536222,57.104534982629865,62.56391423584842,103.11658751963698,87.18249615668681,95.5174263142724,4.050405330083841,1.8453108523157051,2.5474467627742756,6.713379000138962,3.0585262745564177,4.2222874521120595,57.42072667714497,48.34961813168197,52.925758594291665,95.1724751554889,80.13748861604746,87.72225181374309,0.7889447236180904,-0.001055276381909609,-0.001055276381909609,0.6733668341708543,-0.001633165829145744,-0.001633165829145744,0.5728643216080402,-0.0021356783919597166,-0.0021356783919597166,0.42727272727272725,0.09595653967817352,0.16719208211143688,0.42553191489361697,0.44221105527638194,0.09133386229392582,0.1650825076970831,0.4444444444444444,0.4247491638795987,0.09085934751899771,0.15667352428004366,0.4261744966442953,27.0,3.0,3.0,39.0,2.0,2.0,49.0,5.0,5.0,0.00033115713215780505,6.4135748403082e-05,0.00015936126968994378,0.0003846183501678979,-1.6433446000441165e-05,-0.0001489470393902792
319,1,3.729161192190008,1.7122022047587446,2.338899109673799,6.144421031691309,2.8211414565454964,3.8537301392552754,41.64416206116881,34.12872644738309,37.628259648273975,68.61576961373927,56.232823887398034,61.99889413549805,3.8020002069185725,1.6870263269227723,2.339596872676696,5.470503894846868,2.427376009960824,3.366326435506038,44.79068559231157,36.501316347379586,40.47436495837499,64.44702962922528,52.5198796365174,58.2364963429856,3.7383532878945904,1.721562602543405,2.3491207498590887,6.062194520910146,2.791723139259575,3.809384999771494,42.02872394139545,34.51455308462261,38.01695395104344,68.15468747253315,55.969545542631266,61.649114515205575,0.728643216080402,-0.001356783919598037,-0.001356783919598037,0.6030150753768844,-0.0019849246231156137,-0.0019849246231156137,0.5175879396984925,-0.002412060301507535,-0.002412060301507535,0.4574132492113565,0.1393030129908841,0.21711944018722218,0.4208860759493671,0.4723618090452262,0.14654727270437407,0.22194444677477543,0.4191919191919192,0.46153846153846156,0.14267368691408766,0.21793445708907333,0.42281879194630867,30.0,5.0,5.0,42.0,10.0,10.0,48.0,4.0,4.0,0.0009459713885595924,0.0001419356642002516,6.798613724363496e-05,0.00043595439539778624,3.3922379648387846e-05,-0.00010338779879681681
319,0,3.702688817027625,1.7314844798516695,2.345900876150196,6.525989040011188,3.051741395738567,4.13465029421472,40.5562061035725,33.376888500590866,36.67250752737427,71.48031325754653,58.8267659822914,64.63529451699715,4.081931466433271,1.9186746129878398,2.6227535060947735,6.583760429731082,3.094636472561032,4.230247590475441,59.25981773357838,50.56039341280262,54.95739642027051,95.58035118319094,81.54902163355261,88.64096196817825,3.702688817027625,1.7314844798516695,2.345900876150196,6.525989040011188,3.051741395738567,4.13465029421472,40.5562061035725,33.376888500590866,36.67250752737427,71.48031325754653,58.8267659822914,64.63529451699715,0.8140703517587939,-0.0009296482412060048,-0.0009296482412060048,0.6984924623115578,-0.0015075376884421399,-0.0015075376884421399,0.5477386934673367,-0.002261306532663321,-0.002261306532663321,0.42348754448398573,0.08423354803638361,0.16194908294552424,0.37857142857142856,0.4170854271356784,0.0762332968098639,0.14663467588359158,0.4040404040404041,0.42348754448398573,0.08423354803638361,0.16194908294552424,0.37857142857142856,20.0,1.0,1.0,34.0,4.0,4.0,41.0,0.0,0.0,0.0011937438284453515,0.0002684195338331626,5.8869884691284425e-05,-0.00025954392907312496,0.0001733692814402943,2.277625207813827e-05
446,1,3.2494076882538043,1.459305674006677,1.8841016181302046,5.2681886349987215,2.3659381353044426,3.054649857479183,25.775068519082446,19.785005012048373,21.85814679782215,41.78851534370388,32.07696557272523,35.43810182966059,3.218406571814762,1.416716814673209,1.967572177835847,4.768009736021869,2.098839725441791,2.9149217449419953,24.9882714257139,18.928392884711098,21.495014931754387,37.019661371428,28.04206353290533,31.84446656556205,3.276288483852527,1.4999707916913236,2.054631458582139,5.119200756019573,2.343704362017693,3.2103616540345925,26.477319109431537,20.56925809429332,23.084514067414364,41.37081110848678,32.13946577233332,36.06955323033495,0.6532663316582914,-0.0017336683417086274,-0.0017336683417086274,0.542713567839196,-0.0022864321608039306,-0.0022864321608039306,0.42713567839195976,-0.002864321608040288,-0.002864321608040288,0.42105263157894735,0.1122484265855177,0.1678757009826619,0.4142480211081794,0.42211055276381915,0.12637120439289184,0.1900571303932015,0.41414141414141414,0.4280936454849499,0.12258446351499996,0.19005137629696323,0.42281879194630867,22.0,7.0,7.0,34.0,12.0,12.0,42.0,8.0,8.0,-0.0003295735573216873,0.0001244925072610084,-0.00027546495592827,-0.002150592497924819,-0.0037064384771072767,-0.0027230620653933
446,0,3.2122420199866433,1.4345360391944533,1.7433345372903413,6.440077447837299,2.876035845569462,3.495131863596655,24.834703755664616,18.9184349505154,20.49021763458572,49.78996432567712,37.928706963897376,41.07990234506748,3.770564946696986,1.6667908640064337,2.322248742766047,6.3907880452491295,2.8250692610278545,3.9360148182475374,43.40457918419372,35.207531239639366,39.14863684455249,73.56708336304021,59.673781762100624,66.35362177042796,3.8772256597627366,1.7963996582690567,2.449077691646596,6.426340872534922,2.977457997131033,4.059244792784414,48.290056010506625,40.278972661540564,44.11908874062675,80.03876686824302,66.76072816829927,73.12556144855262,0.7135678391959799,-0.0014321608040201994,-0.0014321608040201994,0.5778894472361809,-0.002110552763819218,-0.002110552763819218,0.46733668341708545,-0.002663316582914521,-0.002663316582914521,0.37378640776699024,0.09984701382759631,0.1235420284903529,0.33819951338199516,0.3919597989949749,0.08368912230324554,0.14822023305173615,0.3939393939393939,0.4180602006688964,0.11755936594435545,0.18669201379459155,0.41946308724832215,26.0,0.0,0.0,36.0,0.0,0.0,46.0,0.0,0.0,0.0011883624110905423,0.001740548758822259,0.0005828894066265512,-0.029250196621116942,-0.03449043292562326,-0.0341148198407879
188,1,3.4791720257110867,1.5540086698549587,2.1498876517448924,5.805482315091872,2.5930795556159665,3.5873864958110038,32.43285738373163,25.57658879768298,28.65451884130171,54.11873243912615,42.67809491684379,47.81404919081113,3.6306058240296255,1.5803349896661327,2.1986861255054686,5.585547421584039,2.4312845994863577,3.3825940392391827,37.73567086984202,29.965665664065085,33.54894213055793,58.05487826129541,46.101024098561666,51.61375712393528,3.4791720257110867,1.5540086698549587,2.1498876517448924,5.805482315091872,2.5930795556159665,3.5873864958110038,32.43285738373163,25.57658879768298,28.65451884130171,54.11873243912615,42.67809491684379,47.81404919081113,0.7236180904522613,-0.0013819095477386467,-0.0013819095477386467,0.6080402010050252,-0.001959798994974782,-0.001959798994974782,0.5125628140703518,-0.0024371859296482556,-0.0024371859296482556,0.41637010676156583,0.09487809965677008,0.16429910084440602,0.4,0.4321608040201005,0.10634626767924837,0.17339619634063475,0.4292929292929293,0.41637010676156583,0.09487809965677008,0.16429910084440602,0.4,21.0,4.0,4.0,34.0,6.0,6.0,43.0,6.0,6.0,0.00020694591883427233,0.0003137665302533517,1.527397397200819e-05,-0.00025954392907312496,0.0001733692814402943,2.277625207813827e-05
188,0,3.4437454722601655,1.5276105383367453,2.123700494458119,6.0711957214660695,2.6931208009195955,3.7440053161557945,31.30398708247137,24.50934118569795,27.560397330558292,55.187769819468045,43.20906075700824,48.58795973831758,3.3608586488656664,1.4369583896971418,2.0292586493168705,5.844971563244638,2.4990580690385076,3.5291454770728183,28.813921301189538,21.96630737829242,25.02682340359164,50.111167480329634,38.202273701378125,43.5249102671159,3.4437454722601655,1.5276105383367453,2.123700494458119,6.0711957214660695,2.6931208009195955,3.7440053161557945,31.30398708247137,24.50934118569795,27.560397330558292,55.187769819468045,43.20906075700824,48.58795973831758,0.7185929648241206,-0.0014070351758793676,-0.0014070351758793676,0.5477386934673367,-0.002261306532663321,-0.002261306532663321,0.4522613065326633,-0.0027386934673366836,-0.0027386934673366836,0.44303797468354433,0.13777481678880754,0.19058355673123017,0.39406779661016944,0.4371859296482412,0.12891525295651185,0.18509911829598746,0.3737373737373737,0.44303797468354433,0.13777481678880754,0.19058355673123017,0.39406779661016944,26.0,7.0,7.0,39.0,12.0,12.0,45.0,8.0,8.0,0.000322439945228333,0.00014335324010516265,-1.4290011024630297e-05,4.537263278781012e-05,-4.0869005880850295e-05,-6.618974063954397e-05
128,1,3.2932690059437473,1.5343192906131045,2.0939069384016027,5.735216772255778,2.6720118258296246,3.646531811093948,26.930756719939588,21.124420834702292,23.61275713212179,46.89982122656146,36.78810703186249,41.121536230089646,3.8711008115030414,1.807035344058165,2.475124756854516,6.14460446270324,2.8683100699335955,3.928769455324629,47.99519066951727,40.11725839721017,43.956275818546096,76.18284233256709,63.67818793207964,69.77186637864459,3.2932690059437473,1.5343192906131045,2.0939069384016027,5.735216772255778,2.6720118258296246,3.646531811093948,26.930756719939588,21.124420834702292,23.61275713212179,46.89982122656146,36.78810703186249,41.121536230089646,0.8090452261306533,-0.0009547738693467256,-0.0009547738693467256,0.6884422110552764,-0.0015577889447235815,-0.0015577889447235815,0.5577889447236181,-0.00221105527638199,-0.00221105527638199,0.4549019607843138,0.14374736195848203,0.2176138251910934,0.3976377952755905,0.44723618090452266,0.09385272225790608,0.18179377689784482,0.4696969696969697,0.4549019607843138,0.14374736195848203,0.2176138251910934,0.3976377952755905,18.0,0.0,0.0,31.0,0.0,0.0,42.0,0.0,0.0,0.0008790723427511874,0.0008134730303392504,0.00044639968568658525,-0.015514053169505715,-0.017468550686469797,-0.018347569530945407
128,0,3.30381331087529,1.4976063463523903,2.0342626868603615,5.9742530854687885,2.7081068128341155,3.678537190229359,27.21622521936794,21.128911030686943,23.656972459157068,49.21483213243218,38.20720181196758,42.77867040541874,4.080168436520064,1.8647910125237481,2.577508116241266,6.6888007156066625,3.057034446760243,4.225423141379125,59.15543294605241,49.99056544620651,54.66180527418647,96.97611958369248,81.95174663312544,89.60951684292866,3.5423139074574346,1.6284245789513978,2.219389434195628,5.970191978860845,2.744535807221457,3.7405439902173505,34.54676479425091,27.767359872100208,30.792379857760523,58.224884484692545,46.79892113275315,51.89726942319189,0.7587939698492463,-0.001206030150753712,-0.001206030150753712,0.6683417085427136,-0.0016582914572863539,-0.0016582914572863539,0.5628140703517588,-0.0021859296482411583,-0.0021859296482411583,0.4224137931034483,0.10821006283085144,0.17216941382681095,0.33429394812680113,0.44723618090452266,0.10889031624286849,0.19347992047046592,0.398989898989899,0.4381270903010034,0.12093176475843248,0.19229839174705454,0.36241610738255037,26.0,7.0,7.0,38.0,8.0,8.0,50.0,8.0,8.0,0.0014448786349695508,0.0007329600548436083,0.00088577032283354,-0.004354093515294366,-0.007069985341056295,-0.00662262544641834
244,1,2.4503470209525844,1.0500210690687146,1.3532209427897433,4.777561025776898,2.04727726029478,2.6384408331779916,11.592368816176368,7.535846833818013,8.596824136100452,22.602206536062468,14.693007897092409,16.761647059331537,3.104083273279008,1.3596001375823674,1.880601173760256,4.775512728121551,2.0916925193574882,2.8932325750157784,22.28877688945149,16.565834163405547,18.8897740723429,34.29042598377152,25.485898712931608,29.061190880527533,2.651906182933412,1.1726748579972186,1.62766022078092,4.763903322634872,2.1066015413123687,2.9239405163729106,14.181044563213069,9.791474332617444,11.396049885974497,25.474930353077372,17.589474849013374,20.4719459029482,0.6783919597989949,-0.0016080402010050232,-0.0016080402010050232,0.5376884422110553,-0.0023115577889447625,-0.0023115577889447625,0.3869346733668342,-0.0030653266331658324,-0.0030653266331658324,0.3927648578811369,0.09211969659081432,0.13763289307175275,0.3031088082901554,0.38190954773869346,0.0836639337036057,0.1281532873046367,0.3484848484848485,0.3846153846153846,0.08578399897264666,0.15658423889792072,0.31543624161073824,21.0,4.0,4.0,33.0,4.0,4.0,43.0,7.0,7.0,0.000875883980366046,0.0012788822568956634,0.0003005207673414842,-0.02091219157582902,-0.026098998632993364,-0.02297133710861754
244,0,3.406311559487149,1.5399809278025558,2.119463063201654,6.265624182414319,2.83266564822076,3.8985743936264003,30.153818326630038,23.68928624988167,26.53246248976437,55.46541765190343,43.57445353992833,48.80423757241329,3.6654129843016965,1.6152111562820357,2.2581380126804333,6.00887374475688,2.64788714144596,3.7018655945580874,39.072269065308014,31.302800020682415,34.98746006192432,64.05290010706231,51.31606560767609,57.356491904793955,3.406311559487149,1.5399809278025558,2.119463063201654,6.265624182414319,2.83266564822076,3.8985743936264003,30.153818326630038,23.68928624988167,26.53246248976437,55.46541765190343,43.57445353992833,48.80423757241329,0.7487437185929648,-0.0012562814070351536,-0.0012562814070351536,0.6180904522613065,-0.0019095477386934512,-0.0019095477386934512,0.5326633165829145,-0.0023366834170853723,-0.0023366834170853723,0.4462151394422311,0.14005211757344382,0.2091290467269994,0.43200000000000005,0.44221105527638194,0.11639651893552982,0.1884547948423252,0.46464646464646464,0.4462151394422311,0.14005211757344382,0.2091290467269994,0.43200000000000005,23.0,7.0,7.0,34.0,5.0,5.0,47.0,11.0,11.0,0.0002259264313407305,0.0003222120060883857,0.00010899850245019316,-0.008418287662779633,-0.009506607837110437,-0.008227361376331288
172,1,3.3363513498163937,1.5776985863502053,2.1453764674499896,6.333412731854849,2.9949532486647965,4.0725790568542175,28.11635259098572,22.31174065203799,24.826065303575064,53.37341508797289,42.35449072929245,47.1274460000069,3.447528609079332,1.5684855465513576,2.164094476775594,5.794165729545096,2.6361101622711893,3.637133574412763,31.422638644623536,24.87540207714673,27.813626350027697,52.81115738592191,41.807398448986106,46.74559050424823,3.4090043836612764,1.5912040162454295,2.1770994497339546,6.312971080854215,2.9466741041582023,4.031665647655471,30.23512668298339,24.076829134083408,26.807373719100276,55.99097533885812,44.58672061867297,49.64328466500051,0.7035175879396984,-0.001482412060301641,-0.001482412060301641,0.5628140703517588,-0.0021859296482411583,-0.0021859296482411583,0.457286432160804,-0.0027135678391959628,-0.0027135678391959628,0.4029850746268657,0.12131592410525616,0.179549126265396,0.37125748502994016,0.42713567839195976,0.1238775330285512,0.186735010612327,0.3787878787878788,0.4147157190635451,0.13090937515703427,0.19113396155520246,0.3791946308724832,21.0,0.0,0.0,35.0,0.0,0.0,43.0,0.0,0.0,0.0002608331854765106,0.0003263757457543521,0.0004904515322849331,-0.019983658223281076,-0.02409364606161457,-0.028650692906872166
172,0,3.718909198213894,1.7323806456466255,2.3616669584368295,6.102825350915109,2.842881059522668,3.8755560343578743,41.219407374080355,33.92922507407556,37.333944037058345,67.64210440874724,55.678728326688095,61.265959445429075,4.436963996695514,2.1147158859004334,2.868470127745102,6.24924506576833,2.9784730787330043,4.040098771471974,84.51795497439694,74.31937889184891,79.7185407736726,119.03937320337599,104.67518153781538,112.27963489249663,3.8128228877300403,1.7887897367227845,2.4345661167251373,6.182956034156822,2.9007401136045154,3.947945054148872,45.27807355063572,37.70928402131277,41.310095050859,73.42390305508495,61.15019030483151,66.9893433257173,0.8341708542713568,-0.0008291457286431214,-0.0008291457286431214,0.6934673366834171,-0.0015326633165829717,-0.0015326633165829717,0.5879396984924623,-0.002060301507537776,-0.002060301507537776,0.42006269592476486,0.10550870531443624,0.17605852491329455,0.37106918238993714,0.4522613065326633,0.11642170753516956,0.19182724977139454,0.4444444444444444,0.4280936454849499,0.10922887086057598,0.18226494693100104,0.38590604026845643,12.0,0.0,0.0,27.0,0.0,0.0,34.0,0.0,0.0,0.002453810848175589,2.6752296960825532e-05,0.0005392348087577141,0.0004280565422867255,2.617532955007107e-05,-0.00011039691273584396
64,1,2.8832668931019017,1.276064461174913,1.7643843297362594,5.389743226309805,2.385370498446286,3.2981957072910757,17.872565671603738,12.883730590010959,14.811134335901473,33.40951196566835,24.08379184155458,27.686722707452184,3.079537295815933,1.3252770273894536,1.8806796844877187,5.264166317634073,2.265430816050348,3.214837067500374,21.74833702119488,15.96916589616734,18.432010796782208,37.176644480675016,27.297719480627936,31.507710763730273,2.881818359113457,1.2617942073989603,1.7542146412607045,5.506659284930173,2.411071733883363,3.352002499224276,17.84669539427924,12.793483035446961,14.758448079764788,34.10196572155269,24.446145927605656,28.200856203372204,0.6984924623115578,-0.0015075376884421399,-0.0015075376884421399,0.5678391959798995,-0.0021608040201005485,-0.0021608040201005485,0.44723618090452266,-0.0027638190954772934,-0.0027638190954772934,0.4085365853658537,0.10564465233693432,0.17222826893583343,0.36085626911314983,0.44723618090452266,0.12142164456367055,0.19347992047046592,0.3787878787878788,0.40802675585284276,0.11086481929190783,0.1699844866648561,0.3557046979865772,21.0,11.0,11.0,33.0,18.0,18.0,41.0,18.0,18.0,0.0007804814390450198,-0.00019675852545167162,0.0004112164260279419,-0.023256776522827316,-0.017704316976542955,-0.021347028519453026
64,0,3.561697528439183,1.6108767908323298,2.2160194318899897,6.4028204123964505,2.8958536528835523,3.9837112330507902,35.22293836413631,28.188479707377137,31.382148279860797,63.31984873552828,50.674087797654856,56.41530702333357,4.088411652263085,1.7986734707234397,2.48797676765997,6.5414586436209365,2.877877553157504,3.980762828255952,59.64507929982042,49.77272672119847,54.68989240944712,95.43212687971267,79.63636275391754,87.50382785511539,3.566784344389287,1.6114259760617848,2.218048542488833,6.369257757838012,2.8775463858246155,3.9608009687300583,35.40256745153449,28.336116489330955,31.55001538969846,63.21887044916872,50.600208016662414,56.3393131958901,0.778894472361809,-0.0011055276381910506,-0.0011055276381910506,0.6683417085427136,-0.0016582914572863539,-0.0016582914572863539,0.5376884422110553,-0.0023115577889447625,-0.0023115577889447625,0.4354838709677419,0.11503298529946493,0.1865568323411324,0.3689320388349514,0.42713567839195976,0.09630861072278685,0.15668492713987292,0.3939393939393939,0.4347826086956522,0.1142483849894752,0.18672921603714276,0.3657718120805369,23.0,7.0,7.0,34.0,8.0,8.0,45.0,11.0,11.0,0.002240230692312819,2.2162396853167647e-05,0.00031339911099222763,0.0004635968812909397,6.103705499693746e-05,-7.885590001688314e-05
96,1,3.036639948886653,1.3691225402832732,1.8836386361737134,7.014873680373818,3.1627792015846152,4.351351268060206,20.83511842673151,15.536122215023648,17.66743255396254,48.130738691209224,35.88964666726393,40.813138768068505,3.0943614633838137,1.3562238441453642,1.8777068864629078,6.188722926767627,2.7124476882907285,3.7554137729258157,22.07313952883466,16.386396854566033,18.697264437891867,44.14627905766932,32.77279370913207,37.394528875783735,3.036639948886653,1.3691225402832732,1.8836386361737134,7.014873680373818,3.1627792015846152,4.351351268060206,20.83511842673151,15.536122215023648,17.66743255396254,48.130738691209224,35.88964666726393,40.813138768068505,0.6834170854271358,-0.0015829145728643024,-0.0015829145728643024,0.5226130653266332,-0.002386934673366814,-0.002386934673366814,0.4321608040201005,-0.002839195979899567,-0.002839195979899567,0.4175084175084175,0.12675211498740913,0.1845856851455956,0.4054054054054054,0.42713567839195976,0.14142139267767406,0.18840445969413,0.40909090909090906,0.4175084175084175,0.12675211498740913,0.1845856851455956,0.4054054054054054,16.0,7.0,7.0,25.0,7.0,7.0,33.0,7.0,7.0,0.0004768885895780185,0.00014300526449365634,8.795687784335244e-05,-0.004160596115041493,-0.004132060252083569,-0.004221497145189268
96,0,3.1903181444078483,1.4366840823628644,1.9807339205030683,6.862626799841342,3.090421155586305,4.260715411729621,24.29615589977846,18.52060259571965,20.944065256165775,52.262954057796826,39.83928184259119,45.05234181002565,3.7619992836036875,1.7226996682599771,2.376794733183783,7.599998552734722,3.480201350020156,4.801605521583399,43.034377955185,35.34915325515612,39.038734823472886,86.93813728320202,71.41243081849721,78.86613095651089,3.1903181444078483,1.4366840823628644,1.9807339205030683,6.862626799841342,3.090421155586305,4.260715411729621,24.29615589977846,18.52060259571965,20.944065256165775,52.262954057796826,39.83928184259119,45.05234181002565,0.7688442211055276,-0.0011557788944723812,-0.0011557788944723812,0.6180904522613065,-0.0019095477386934512,-0.0019095477386934512,0.5125628140703518,-0.0024371859296482556,-0.0024371859296482556,0.412751677852349,0.10286893078367232,0.1649838207094919,0.3164983164983165,0.40201005025125625,0.07870177957456448,0.1449148916535935,0.36868686868686873,0.412751677852349,0.10286893078367232,0.1649838207094919,0.3164983164983165,25.0,0.0,0.0,39.0,3.0,3.0,48.0,1.0,1.0,0.002054988559197541,0.0001894292047354098,0.0002742997556582838,0.0005109839999661858,0.00010751935559483172,-3.6801216390713876e-05
115,1,3.4783310969406585,1.5542551550039694,2.143628179978651,6.037103398138385,2.697615269029878,3.720550059503177,32.40559512526577,25.5567780889193,28.606727925512576,56.24419383810496,44.357166568124306,49.650757663820684,3.7230724833119453,1.668771443993851,2.3268621103664433,6.10339751362614,2.7356908917931984,3.8145280497810545,41.391373241628756,33.58999013516023,37.35151188812097,67.85471023217829,55.06555759862333,61.23198670183765,3.481066033991683,1.5599284027536786,2.150893639903252,6.001837989640833,2.6895317288856533,3.708437310178021,32.49434369358917,25.665621073337658,28.712648420303267,56.024730506188234,44.251070816099414,49.50456624190219,0.7487437185929648,-0.0012562814070351536,-0.0012562814070351536,0.6180904522613065,-0.0019095477386934512,-0.0019095477386934512,0.5025125628140703,-0.0024874371859296973,-0.0024874371859296973,0.43189368770764125,0.12841110064296468,0.187694792680017,0.41000000000000003,0.4321608040201005,0.10885253334340872,0.18675178899505873,0.4292929292929293,0.43143812709030105,0.12592894512035113,0.19117116379775378,0.4093959731543624,26.0,5.0,5.0,39.0,1.0,1.0,47.0,4.0,4.0,0.0007369908888365383,-2.966776661412133e-05,0.00012164575095254421,0.0004991372202978184,9.589878044646838e-05,-4.7314887297922326e-05
115,0,3.737565751509233,1.749688559340833,2.387955893185475,6.140286591765168,2.874488347488511,3.923070395947566,41.99563782203292,34.6956170607008,38.139716940266254,68.99283356476836,56.99994231400845,62.658106401865986,3.8186686146798445,1.755830843971622,2.423116727978022,5.615689139235065,2.5821041823112085,3.5634069529088555,45.54353194813185,37.67526545303142,41.50632991209364,66.97578227666448,55.40480213681091,61.03872045896122,3.737565751509233,1.749688559340833,2.387955893185475,6.140286591765168,2.874488347488511,3.923070395947566,41.99563782203292,34.6956170607008,38.139716940266254,68.99283356476836,56.99994231400845,62.658106401865986,0.8040201005025126,-0.0009798994974873354,-0.0009798994974873354,0.6331658291457287,-0.0018341708542712887,-0.0018341708542712887,0.5175879396984925,-0.002412060301507535,-0.002412060301507535,0.43999999999999995,0.11876588021778578,0.18848851269649325,0.416058394160584,0.4371859296482412,0.1213964559640307,0.18009077105057847,0.4191919191919192,0.43999999999999995,0.11876588021778578,0.18848851269649325,0.416058394160584,23.0,3.0,3.0,36.0,2.0,2.0,44.0,2.0,2.0,0.00017970577991053234,0.0004459179608507033,0.00010985103715816603,-0.0002179643979092205,0.00019661043173790915,4.380359388900246e-05
191,1,2.9350282188035175,1.2768062480889653,1.7774660057103295,4.872716751605839,2.1197462953710002,2.9509387085093817,18.82203426297738,13.57206631879666,15.639867893557156,31.248231640477005,22.532265441885713,25.96521757085702,3.1988071940053047,1.3696745077225467,1.9072980166747653,4.810236381962864,2.059660913868491,2.8681173183079176,24.503285093360187,18.274802826255954,20.865011879362,36.84704525317321,27.48090650564805,31.375957713326315,3.057398719532434,1.3223836673436182,1.8485729328007694,4.904917731870215,2.1214711240806707,2.965625025883587,21.27215029979795,15.603137165579081,17.922601042474295,34.12644433122666,25.03177085387018,28.752835897017583,0.7085427135678393,-0.0014572864321606982,-0.0014572864321606982,0.592964824120603,-0.0020351758793969443,-0.0020351758793969443,0.4824120603015075,-0.0025879396984924696,-0.0025879396984924696,0.43988269794721413,0.1324156408461893,0.18768328445747806,0.3764705882352941,0.4522613065326633,0.12143423886349036,0.18681890252598543,0.398989898989899,0.4347826086956522,0.11758728315308131,0.17004401025293814,0.38926174496644295,22.0,4.0,4.0,32.0,2.0,2.0,39.0,3.0,3.0,0.0004141447366402715,0.00025154223255239146,0.0004380129555519799,-0.001996584362233378,-0.003555371000167895,-0.003223389986453107
191,0,3.3780402390050215,1.5591350281329144,2.125926117532214,5.63006706500837,2.5985583802215246,3.5432101958870237,29.31326778646191,23.14816252277626,25.81553801444589,48.85544631076985,38.58027087129376,43.02589669074315,3.77150952636297,1.728132261066187,2.371611691271492,5.986523057719,2.74306708105744,3.7644630020182417,43.44559763664994,35.72897130155593,39.39081194777622,68.96126608992054,56.71265285961259,62.52509832980353,3.3780402390050215,1.5591350281329144,2.125926117532214,5.63006706500837,2.5985583802215246,3.5432101958870237,29.31326778646191,23.14816252277626,25.81553801444589,48.85544631076985,38.58027087129376,43.02589669074315,0.7185929648241206,-0.0014070351758793676,-0.0014070351758793676,0.6432160804020101,-0.001783919597989958,-0.001783919597989958,0.5376884422110553,-0.0023115577889447625,-0.0023115577889447625,0.46478873239436624,0.15020173766677403,0.22591285417422569,0.43462897526501765,0.4623115577889447,0.1314844901197718,0.21690254276390297,0.4797979797979798,0.46478873239436624,0.15020173766677403,0.22591285417422569,0.43462897526501765,25.0,0.0,0.0,37.0,2.0,2.0,46.0,-2.0,-2.0,0.0009544485640707482,0.00010329589109192373,9.668426570921015e-05,-0.004940067029992612,-0.004070988635697326,-0.004167493952001777
357,1,3.2749751661425437,1.4554396237182217,2.0150377570973785,5.762524609278136,2.5609374799850673,3.5455855616686107,26.442568801424496,20.273576252357813,22.9173679666507,46.52736149758846,35.672631438574946,40.32454909978976,3.141247406676786,1.3002002027475827,1.8481438337564977,5.107719360450059,2.114146671134281,3.0051119248073137,23.132704759056665,16.829569284711724,19.488626071410827,37.614154079766934,27.365153308474348,31.68882288034281,3.24280688276259,1.4398920173356842,1.9998971310709945,5.623364536582526,2.4969225734144818,3.4680297070595287,25.605492589838164,19.538185491962384,22.13980950500855,44.40258830607774,33.88124651785384,38.392733245679565,0.6532663316582914,-0.0017336683417086274,-0.0017336683417086274,0.5527638190954773,-0.0022361809045226,-0.0022361809045226,0.44723618090452266,-0.0027638190954772934,-0.0027638190954772934,0.42367601246105924,0.11729965165235001,0.17911642696883123,0.41874999999999996,0.4321608040201005,0.11135879900756918,0.17172674725883175,0.40909090909090906,0.42140468227424754,0.11756494938610063,0.17891302487713967,0.412751677852349,18.0,0.0,0.0,26.0,0.0,0.0,38.0,0.0,0.0,-0.00011843834239006918,8.325378008435034e-05,-0.0001662517212072037,0.00042015868917300025,1.8428279449089757e-05,-0.00011740602667131839
357,0,2.9829879751936956,1.3255528317770406,1.7916237965175192,6.343341899056473,2.8187960820319,3.8098987962089415,19.74673132648625,14.500892575703023,16.455162893019978,41.99154312198582,30.836235417007032,34.99200301949429,3.2688052270879697,1.4743420694341611,2.039446824054046,6.1099163123139615,2.755779569035815,3.8120501384187775,26.279922039748232,20.26367795962326,22.860886849931,49.12134960700604,37.876033569389264,42.730629626039246,2.9711826218410478,1.3382423489860056,1.8363832400587792,6.1051697709062624,2.7498130458616554,3.7733902192988613,19.5149848018892,14.396081215403088,16.404435354470746,40.09928383949835,29.58098879877346,33.707743879049474,0.6733668341708543,-0.001633165829145744,-0.001633165829145744,0.5125628140703518,-0.0024371859296482556,-0.0024371859296482556,0.4723618090452262,-0.0026381909547738003,-0.0026381909547738003,0.4147727272727273,0.12115570599613157,0.1684384164222874,0.396011396011396,0.457286432160804,0.16405334945403705,0.21688576438117124,0.43939393939393945,0.4147157190635451,0.12923992607523127,0.18112283808467966,0.38926174496644295,23.0,4.0,4.0,35.0,4.0,4.0,43.0,2.0,2.0,0.0009600177672613734,1.3891057288578496e-05,0.0004915498897487327,-0.009873673452170273,-0.009651658098103866,-0.011306256038016826
186,1,3.131971922575259,1.3557582429971218,1.872871008573794,5.5259504610954275,2.392056210345496,3.30443333121928,22.919129760823544,17.01168322641501,19.39687650608617,40.43777492283235,30.014866382237976,34.223224640048585,3.154184464833245,1.3449989629076164,1.8732693915913123,5.170794204644665,2.2049163326354373,3.0709334288382175,23.433918112075425,17.328445601204947,19.83398569143359,38.41625920012365,28.40728787082778,32.514730641694406,3.1117514439649807,1.3431694000226742,1.854560363692319,5.49132607758526,2.3702989412164834,3.272753582986445,22.460348012640356,16.597813364166875,18.94481525641017,39.635908257600626,29.290258877941547,33.43202692307677,0.6733668341708543,-0.001633165829145744,-0.001633165829145744,0.5175879396984925,-0.002412060301507535,-0.002412060301507535,0.40201005025125625,-0.002989949748743781,-0.002989949748743781,0.38888888888888884,0.0985136849737176,0.14758454106280183,0.3836065573770492,0.3869346733668342,0.08868905933174642,0.13651731109638343,0.36868686868686873,0.3913043478260869,0.1008202075923641,0.1499250374812593,0.3825503355704698,24.0,0.0,0.0,36.0,0.0,0.0,43.0,0.0,0.0,0.0004544578049939138,0.00019739457727982292,-0.00012845504723680459,-0.008871665495609804,-0.0076632507561535945,-0.008441238643674076
186,0,3.6799200302448827,1.693129427955783,2.320828725948412,6.534216976780978,3.0063900739984097,4.120958699280194,39.6432236869165,32.35113074633741,35.75056923112416,70.39213436715302,57.44399497907348,63.4801774168038,3.941301115793199,1.843540126838287,2.525485388054613,5.9716683572624225,2.7932426164216464,3.8264930122039593,51.485546396960075,43.337640175090215,47.36570062883931,78.00840363175769,65.6630911743791,71.76621307399895,3.6799200302448827,1.693129427955783,2.320828725948412,6.534216976780978,3.0063900739984097,4.120958699280194,39.6432236869165,32.35113074633741,35.75056923112416,70.39213436715302,57.44399497907348,63.4801774168038,0.7939698492462312,-0.001030150753768888,-0.001030150753768888,0.6733668341708543,-0.001633165829145744,-0.001633165829145744,0.542713567839196,-0.0022864321608039306,-0.0022864321608039306,0.44565217391304346,0.11834656812642497,0.19264012572027234,0.42181818181818187,0.44221105527638194,0.10637145627888822,0.1801075494333102,0.43939393939393945,0.44565217391304346,0.11834656812642497,0.19264012572027234,0.42181818181818187,24.0,2.0,2.0,37.0,3.0,3.0,45.0,2.0,2.0,0.0006247693222380129,0.00036288297540611224,3.574585898160908e-05,-0.00022489431977135155,0.00019273690668875076,4.029903692170933e-05
396,1,2.6200687310351336,1.0936172392121317,1.4803022985955403,5.808345138680296,2.4244044821088218,3.28163401134433,13.73666768802245,9.134849462466773,10.610629549213392,30.452371742122057,20.25075061558899,23.522359482593544,2.8444185784114664,1.2418275875681357,1.7469014108249503,5.316670240021432,2.32117306087502,3.265236281915795,17.191560218298086,12.225677892444835,14.194843783264096,32.1337574173796,22.85173437840156,26.532418286474943,2.7749463455334156,1.200437563710243,1.679735149402033,5.441071265751795,2.3537991445298876,3.2935983321608484,16.03776647476507,11.209397222022965,13.047952420883824,31.446600930911902,21.979210239260716,25.584220433105536,0.6532663316582914,-0.0017336683417086274,-0.0017336683417086274,0.4773869346733668,-0.0026130653266331905,-0.0026130653266331905,0.371859296482412,-0.003140703517587995,-0.003140703517587995,0.3678474114441417,0.09301747947135253,0.12444565191334989,0.34699453551912574,0.3919597989949749,0.10624551328068921,0.15322858029714514,0.398989898989899,0.37792642140468224,0.09412007749817142,0.1421088463212562,0.37248322147651003,18.0,0.0,0.0,27.0,0.0,0.0,34.0,-1.0,-1.0,-0.00025101953457940825,0.00011675192960280381,-5.90310395839513e-05,-0.006565955346949259,-0.010340271909712762,-0.008415160542421418
396,0,3.2696023645760124,1.4882793910698255,2.0395313960793953,5.9901112022766645,2.7266187317309782,3.736546069153091,26.300879102509413,20.363172449299764,22.879406758087203,48.18481667635313,37.30657547963317,41.91647039649565,3.3606181024906023,1.48320115326625,2.061388715041698,5.744646329043765,2.5353865867799144,3.523741393233671,28.80699105042592,22.270392379876494,25.14052089965788,49.24271974431782,38.069046803207684,42.975249401124586,3.2696023645760124,1.4882793910698255,2.0395313960793953,5.9901112022766645,2.7266187317309782,3.736546069153091,26.300879102509413,20.363172449299764,22.879406758087203,48.18481667635313,37.30657547963317,41.91647039649565,0.7587939698492463,-0.001206030150753712,-0.001206030150753712,0.5778894472361809,-0.002110552763819218,-0.002110552763819218,0.46733668341708545,-0.002663316582914521,-0.002663316582914521,0.40167364016736407,0.07390746062665421,0.14854429385303858,0.39915966386554624,0.4120603015075377,0.09376456215916673,0.15329569382807195,0.4191919191919192,0.40167364016736407,0.07390746062665421,0.14854429385303858,0.39915966386554624,25.0,14.0,14.0,37.0,13.0,13.0,47.0,17.0,17.0,0.00014215835572306326,0.00021692243362912204,-1.1688887928664521e-05,3.151278906887711e-05,-5.1862244922595835e-05,-7.525089254567519e-05
255,1,3.5346587774081106,1.635799709441047,2.2045496463399155,5.786976230919325,2.678146501038365,3.6093091884262796,34.28331447672538,27.605043835637634,30.501858437336665,56.12896137584806,45.19523455881138,49.937926371825604,3.573554355894501,1.5897256185710555,2.21471045039464,5.033175149147185,2.239050167001487,3.119310493513578,35.64305637836843,28.37252967848388,31.751364841486662,50.20148785685694,39.96130940631532,44.72023217110798,3.5500071252070144,1.635968770760043,2.2448862047615967,5.489701740010847,2.529848614577386,3.4714735125179335,34.813565540579695,28.03315023594676,31.125430502905576,53.83541062976242,43.350232323629015,48.132109025111724,0.6834170854271358,-0.0015829145728643024,-0.0015829145728643024,0.5678391959798995,-0.0021608040201005485,-0.0021608040201005485,0.49246231155778897,-0.002537688442211028,-0.002537688442211028,0.4387464387464387,0.13860419123577017,0.19925474764184437,0.4485714285714286,0.44221105527638194,0.13644664424881303,0.20181038749674918,0.45959595959595956,0.4448160535117057,0.1426457697053618,0.20677378432371907,0.4563758389261745,27.0,5.0,5.0,35.0,1.0,1.0,48.0,6.0,6.0,-0.0002443510579550397,2.80655244762419e-05,-0.00017494246761724764,0.0003016908924857731,-9.777747204431364e-05,0.00014069282802076089
255,0,3.8907809235294413,1.7863638933280392,2.4382079078592955,6.411848154591885,2.943854783392636,4.018067113462003,48.949097103692715,40.74677719294893,44.67499940417946,80.66611410455484,67.14902568021687,73.62257554872431,4.39109733236495,2.0814602181460495,2.8402077989351593,6.410361069145912,3.0386280556876635,4.146288757569575,80.72895689102047,70.65818743821639,76.01329383362418,117.85249181170872,103.15063859593633,110.9683121658747,3.9345558353718495,1.857382741317287,2.5099328128506686,6.393653232479255,3.018246954640591,4.078640820882336,51.13943058529057,43.157557598429555,46.98313986589775,83.10157470109716,70.13103109744802,76.34760228208383,0.8291457286432161,-0.0008542713567838423,-0.0008542713567838423,0.7236180904522613,-0.0013819095477386467,-0.0013819095477386467,0.6080402010050252,-0.001959798994974782,-0.001959798994974782,0.45341614906832295,0.12473397852568724,0.2023830912170833,0.4080996884735203,0.457286432160804,0.11392803617082903,0.18516623182691416,0.45959595959595956,0.46308724832214765,0.12807887311276744,0.20973903403643335,0.42087542087542085,24.0,0.0,0.0,37.0,0.0,0.0,47.0,0.0,0.0,0.0015438630998142395,-9.519032985239438e-06,0.0005834976523724884,0.0004162097626174699,1.455475439904319e-05,-0.00012091058364038787
314,1,3.5171426496505735,1.573855568179754,2.0402328283164506,5.533245340036049,2.476023822743044,3.2097386755103994,33.688032299764906,26.706369712206097,29.30864065289041,52.99874537536237,42.01504189033261,46.108991152664416,3.2424595182265468,1.3709779995289277,1.921473110997526,4.912817451858404,2.0772393932256477,2.9113228954507964,25.596599694412202,19.098683638603266,21.84948395747154,38.782726809715456,28.93739945242919,33.10527872344173,3.499282917051411,1.5835184857268643,2.1699920212923463,5.328857234088443,2.411449470650047,3.3045563776025575,33.091713944837586,26.299585015727025,29.313350760785944,50.39347301244303,40.05012946557416,44.639620447897386,0.6231155778894473,-0.0018844221105527303,-0.0018844221105527303,0.5276381909547738,-0.002361809045226204,-0.002361809045226204,0.44723618090452266,-0.0027638190954772934,-0.0027638190954772934,0.44266666666666665,0.1457292498890368,0.18948973607038122,0.4197860962566845,0.4371859296482412,0.1364340499489931,0.20513250727762355,0.35858585858585856,0.4381270903010034,0.14597350098547746,0.20787125047897892,0.4093959731543624,26.0,10.0,10.0,41.0,14.0,14.0,46.0,9.0,9.0,0.001025251256899998,-0.00010711324907672748,0.00015725884837732715,0.00020691665513705715,-0.00019074207323654946,8.142008051326144e-05
314,0,3.281797197081826,1.4420221466814365,2.013886643067761,6.334098086675413,2.7832035838047307,3.8869420523545593,26.623577545514845,20.328455528951153,23.07015742470563,51.3853664514832,39.23534074119244,44.52701712740388,3.316353198870942,1.4136987389702174,2.0042223792939335,6.502653331119494,2.771958311706309,3.9298478025371244,27.559662467181273,20.8559970104166,23.845583147749196,54.03855385721818,40.89411178513059,46.75604538774353,3.281797197081826,1.4420221466814365,2.013886643067761,6.334098086675413,2.7832035838047307,3.8869420523545593,26.623577545514845,20.328455528951153,23.07015742470563,51.3853664514832,39.23534074119244,44.52701712740388,0.7135678391959799,-0.0014321608040201994,-0.0014321608040201994,0.5477386934673367,-0.002261306532663321,-0.002261306532663321,0.457286432160804,-0.0027135678391959628,-0.0027135678391959628,0.40727272727272723,0.09874278171918827,0.14487853138397266,0.3211678832116789,0.4170854271356784,0.09878968778730746,0.15498192129260668,0.303030303030303,0.40727272727272723,0.09874278171918827,0.14487853138397266,0.3211678832116789,24.0,0.0,0.0,39.0,-1.0,-1.0,48.0,0.0,0.0,7.526784366781039e-05,0.000581050383311956,0.00031989660895934737,-0.0002179643979092205,0.00019661043173790915,4.380359388900246e-05
304,1,3.2065510471536536,1.439293175375661,1.9816480999519699,6.255725355796699,2.8079461949046642,3.8660373974523097,24.693771532368956,18.838994751579516,21.289935817390585,48.17557881775048,36.75337626381771,41.53496680938777,3.4823509484679254,1.540614336960634,2.136703203247913,5.527541188044326,2.445419582477197,3.3915923861077983,32.53612298185506,25.565276864960445,28.69544946889465,51.64463965373819,40.579804547556265,45.54833249030897,3.248410704143869,1.48283628629724,2.0379379727869775,6.12907680027145,2.7978043137683772,3.8451659863905236,25.749383990997096,19.904455165581165,22.394313666329023,48.5837433792398,37.555575784115405,42.253422011941545,0.7437185929648241,-0.0012814070351758744,-0.0012814070351758744,0.6130653266331658,-0.001934673366834172,-0.001934673366834172,0.5025125628140703,-0.0024874371859296973,-0.0024874371859296973,0.43533123028391163,0.11722099406343922,0.1855935597697458,0.39556962025316456,0.457286432160804,0.1364844271482727,0.20186072264494426,0.4292929292929293,0.43143812709030105,0.10923445430232104,0.18449708148407196,0.3993288590604027,25.0,10.0,10.0,41.0,16.0,16.0,48.0,12.0,12.0,0.0006434204985440905,0.0001634175675410618,0.00018867155797287714,0.00043595439539778624,3.3922379648387846e-05,-0.00010338779879681681
304,0,3.469410288575533,1.5636495405871844,2.1429317732612807,6.2449385194359595,2.814569173056932,3.8572771918703057,32.11779662741984,25.393275279069528,28.350044709647403,57.812033929355714,45.707895502325144,51.03008047736532,3.7590307841947928,1.7301736788368887,2.3473068241716994,6.712554971776415,3.089595855065872,4.1916193288780335,42.90681985141074,35.30143062023771,38.80379709379945,76.61932116323345,63.038268964710184,69.29249481035616,3.469410288575533,1.5636495405871844,2.1429317732612807,6.2449385194359595,2.814569173056932,3.8572771918703057,32.11779662741984,25.393275279069528,28.350044709647403,57.812033929355714,45.707895502325144,51.03008047736532,0.7537688442211055,-0.0012311557788945438,-0.0012311557788945438,0.6482412060301508,-0.0017587939698492372,-0.0017587939698492372,0.5125628140703518,-0.0024371859296482556,-0.0024371859296482556,0.42905405405405406,0.09684494781459374,0.17175068326753717,0.37966101694915255,0.4170854271356784,0.0712207654815431,0.14997357404719758,0.3939393939393939,0.42905405405405406,0.09684494781459374,0.17175068326753717,0.37966101694915255,28.0,3.0,3.0,40.0,3.0,3.0,50.0,5.0,5.0,0.0017248785593741742,0.00048558889208545234,0.00015479761331587994,-0.006795873165547306,-0.004696315265983131,-0.005794580713931019
57,1,3.663104793411091,1.6772973901051378,2.29728541305475,5.989176337227135,2.742381232821901,3.7560616503445172,38.982186813287555,31.6972599276664,35.063253979908836,63.735875439725156,51.82501998173457,57.328420257150945,4.123815024917449,1.8664468803825658,2.5758922958646844,6.064433860172719,2.7447748240920085,3.788076905683359,61.79454085717773,52.23663983569155,57.092847516625454,90.87432478996725,76.81858799366404,83.96006987739037,3.708940019974342,1.6913010009189038,2.3198449999983977,6.080229540941544,2.772624591670334,3.803024590161307,40.8105252507961,33.28997716499925,36.799306913336565,66.90250041114115,54.57373305737582,60.326732644814044,0.7738693467336684,-0.0011306532663316604,-0.0011306532663316604,0.6482412060301508,-0.0017587939698492372,-0.0017587939698492372,0.5728643216080402,-0.0021356783919597166,-0.0021356783919597166,0.4263803680981595,0.10938189949172761,0.1774007762614248,0.41538461538461535,0.4824120603015075,0.1465724613040138,0.21696965629482967,0.4797979797979798,0.43143812709030105,0.11257335246592715,0.17893534622267038,0.41946308724832215,25.0,4.0,4.0,34.0,3.0,3.0,46.0,5.0,5.0,0.0006661165499987269,0.0005250176131477486,0.00020300529606125946,0.0004004140563926839,-9.393457993667198e-07,-0.00013492881151577762
57,0,3.6368112908469308,1.7275740254804277,2.3418929913915703,6.317793973202041,3.001106159648692,4.0682884658148435,37.97056638764854,31.22262643997392,34.319868689682,65.96168904520997,54.239306187390596,59.61977189040912,4.031539169388201,1.8844715072184406,2.5797034984552973,6.399268522838414,2.9912246146324453,4.094767457865551,56.347572995918355,47.787851430931966,52.07662561827094,89.44059205701326,75.85373243005074,82.66131050519198,3.6368112908469308,1.7275740254804277,2.3418929913915703,6.317793973202041,3.001106159648692,4.0682884658148435,37.97056638764854,31.22262643997392,34.319868689682,65.96168904520997,54.239306187390596,59.61977189040912,0.8391959798994975,-0.0008040201005025116,-0.0008040201005025116,0.7135678391959799,-0.0014321608040201994,-0.0014321608040201994,0.5527638190954773,-0.0022361809045226,-0.0022361809045226,0.44074074074074077,0.11726569453001989,0.1882776865535486,0.3754646840148699,0.42713567839195976,0.07876475107366399,0.15501547805806992,0.4040404040404041,0.44074074074074077,0.11726569453001989,0.1882776865535486,0.3754646840148699,23.0,0.0,0.0,34.0,0.0,0.0,43.0,-1.0,-1.0,0.00098872280249596,0.0008996795040077873,0.00019990772664160201,-0.0001833147886074471,0.00021597805698636563,6.13263787334617e-05
411,1,3.176185368287443,1.3578260251567613,1.7136022689949229,5.6544645345745055,2.417295659135579,3.0506730977174183,23.955198778273452,17.793457928327733,19.63810215099337,42.64669917028951,31.67714258989287,34.96110562306891,3.18178128836742,1.3115707573047706,1.8812732905377727,5.392849641300712,2.223001283567408,3.1885987975216485,24.089625927136378,17.599963396112404,20.41846479124083,40.829874452773524,29.83044643408882,34.60756744278106,3.198834370211215,1.417488638783263,1.9648232073058882,5.67840420747553,2.516252021508751,3.487851847288559,24.503951008729853,18.566109224119078,21.068970803784282,43.49813788531927,32.957590338672915,37.40053988837447,0.6281407035175879,-0.0018592964824121205,-0.0018592964824121205,0.5276381909547738,-0.002361809045226204,-0.002361809045226204,0.4170854271356784,-0.0029145728643216184,-0.0029145728643216184,0.4292929292929293,0.11529545136102515,0.15363310524600848,0.42784810126582273,0.4120603015075377,0.10378962481580833,0.16832073556429894,0.4040404040404041,0.42140468227424754,0.11422605122249463,0.18225006603398053,0.4161073825503355,29.0,11.0,11.0,36.0,7.0,7.0,47.0,13.0,13.0,1.0104749257293922e-06,7.16717997913498e-05,4.17823327917589e-05,0.00012398919745848502,-0.0002720860992821983,2.955642644586476e-05
411,0,2.7513366164741937,1.2154179485003889,1.615945634923054,5.673660254311191,2.5063703457776385,3.332317269756581,15.663554063013907,11.017962736814386,12.551163870822897,32.30054933898348,22.720657621114412,25.882343575425747,3.4014721683521367,1.4730617033936972,2.060996491102311,5.765207065003622,2.4967147515147414,3.493214391698833,30.008244733419065,23.129676910802818,26.187384163807334,50.86143175155774,39.20284222169969,44.38539688780904,2.849801740917474,1.2782220519409504,1.7564235196846278,5.624608699179224,2.5228066814624017,3.466625367798607,17.284354720541078,12.470107517144527,14.300015901255126,34.11385800106791,24.612054310153663,28.22371559458248,0.7185929648241206,-0.0014070351758793676,-0.0014070351758793676,0.5879396984924623,-0.002060301507537776,-0.002060301507537776,0.4974874371859297,-0.002512562814070307,-0.002512562814070307,0.40384615384615385,0.130869473462066,0.17999473644634933,0.3471074380165289,0.4623115577889447,0.14150955277641342,0.21523309368209997,0.4242424242424242,0.4013377926421404,0.12921759230825058,0.1899918527088812,0.34563758389261745,22.0,6.0,6.0,35.0,6.0,6.0,45.0,8.0,8.0,0.0004438825295688508,0.0008061926048162828,0.00036074603957284864,-0.01975240457212557,-0.03017021436655387,-0.027372162216377838
482,1,2.820946493308893,1.2624548444235886,1.5280130031560772,5.24069170756941,2.3453605554180443,2.838708601418846,16.792737366184152,12.041088683644771,13.149278420821162,31.19717430695545,22.369666976726734,24.42843724401443,2.9261792820302683,1.2666526270793115,1.7622402442455583,4.917948373160115,2.128827944671112,2.961748309656401,18.656214020288555,13.399392055495353,15.453690696409065,31.354981546703456,22.51998664789135,25.972589405729526,2.731434263911933,1.2316252057496067,1.6934507717459633,5.219301141232993,2.3534239600310958,3.235893194419038,15.354894204708469,10.874060794624107,12.531376580267032,29.34056217460217,20.778460117116126,23.945305567389234,0.6633165829145728,-0.0016834170854271857,-0.0016834170854271857,0.5125628140703518,-0.0024371859296482556,-0.0024371859296482556,0.40201005025125625,-0.002989949748743781,-0.002989949748743781,0.41007194244604317,0.11426355921251019,0.1471198407842641,0.3942307692307693,0.40201005025125625,0.10877696754448929,0.1582704843080175,0.38888888888888884,0.39799331103678925,0.10750917080306643,0.1677374712147648,0.37248322147651003,28.0,19.0,19.0,41.0,22.0,22.0,49.0,22.0,22.0,-0.00019339553222368452,2.1869069175990047e-05,-1.916206272590553e-05,-0.029290949680993883,-0.027471337142415564,-0.028892605666537285
482,0,3.6976745384783785,1.702488352395794,2.342596155835664,6.327710653874972,2.913413166423789,4.008808914563847,40.353354990285,32.99978295707316,36.476290150973455,69.05538917351588,56.471459567385764,62.42069370906021,3.673812348638947,1.6418847785731878,2.287654201916061,6.022643194490077,2.6916143911035864,3.7502527900263294,39.40183341665757,31.77305621867204,35.40237823713855,64.59316953550422,52.08697740765909,58.03668563465337,3.6976745384783785,1.702488352395794,2.342596155835664,6.327710653874972,2.913413166423789,4.008808914563847,40.353354990285,32.99978295707316,36.476290150973455,69.05538917351588,56.471459567385764,62.42069370906021,0.7989949748743719,-0.0010050251256281673,-0.0010050251256281673,0.6130653266331658,-0.001934673366834172,-0.001934673366834172,0.4824120603015075,-0.0025879396984924696,-0.0025879396984924696,0.4173553719008265,0.10189145437505331,0.15636636091181555,0.41908713692946054,0.42713567839195976,0.103827407715268,0.16002382530347892,0.4292929292929293,0.4173553719008265,0.10189145437505331,0.15636636091181555,0.41908713692946054,17.0,0.0,0.0,31.0,0.0,0.0,40.0,-1.0,-1.0,0.00014319675899263163,-4.103051050545061e-05,-0.00013973302654332923,1.0723023486036709e-05,-6.835210348388188e-05,-8.884262040620428e-05
20,1,3.2309049763055233,1.4779905260407504,1.9696955770691444,5.512444509336437,2.521689997036351,3.360618046184322,25.302544816450236,19.531146173535426,21.772857107767717,43.170218644180494,33.32328257096091,37.148002648324066,3.4689585431736316,1.5356969132420215,2.1383418741874722,5.177550064438256,2.2920849451373453,3.191555036100704,32.10329083718291,25.191272876812413,28.319915078345094,47.91535945848195,37.59891474151106,42.268529967679235,3.360490779812918,1.5616068089425197,2.1330764510712354,5.600817966354864,2.6026780149041997,3.5551274184520594,28.80332350067544,22.760423852976214,25.39092871246656,48.0055391677924,37.93403975496035,42.3182145207776,0.7386934673366834,-0.0013065326633165952,-0.0013065326633165952,0.6281407035175879,-0.0018592964824121205,-0.0018592964824121205,0.4824120603015075,-0.0025879396984924696,-0.0025879396984924696,0.4317548746518106,0.10908449913025287,0.17857794405552518,0.3966480446927374,0.4371859296482412,0.0963337993224267,0.17675187288697247,0.43434343434343436,0.43143812709030105,0.09587886164789705,0.181160040327231,0.412751677852349,23.0,12.0,12.0,37.0,16.0,16.0,46.0,16.0,16.0,0.0005312501475576687,0.0005361056634821477,0.00022606571001346405,-0.012269506320977897,-0.01060009378214577,-0.011627357613429368
20,0,3.5855307497669,1.662487649416343,2.2662390745002057,5.760360876674691,2.670881797422977,3.6408431032954116,36.072498108993976,29.2307511639278,32.33172735082146,57.95253794559688,46.96087891909713,51.94277508820497,3.799678056084331,1.7427274397258157,2.3905305182749497,5.62915267568049,2.58181842922343,3.5415266937406655,44.686795535273035,36.86471465517783,40.594330290492515,66.20266005225635,54.614392081744924,60.13974857850743,3.5855307497669,1.662487649416343,2.2662390745002057,5.760360876674691,2.670881797422977,3.6408431032954116,36.072498108993976,29.2307511639278,32.33172735082146,57.95253794559688,46.96087891909713,51.94277508820497,0.7688442211055276,-0.0011557788944723812,-0.0011557788944723812,0.6582914572864322,-0.0017085427135676845,-0.0017085427135676845,0.5577889447236181,-0.00221105527638199,-0.00221105527638199,0.4436860068259386,0.12682058944944796,0.20191529172945732,0.43150684931506844,0.44221105527638194,0.09885265928640696,0.1851158966787192,0.4444444444444444,0.4436860068259386,0.12682058944944796,0.20191529172945732,0.43150684931506844,22.0,1.0,1.0,37.0,1.0,1.0,42.0,-1.0,-1.0,0.0008576446839852655,5.367757621875874e-05,2.5193018739504727e-05,-0.0003427029913991575,0.00012688698084151184,-1.9278431547142816e-05
164,1,3.030854119520921,1.335895226685471,1.8573014692527723,5.04111450491745,2.2219481831605283,3.0891850968183867,20.71491805144717,15.268495977804506,17.48145844290107,34.45440451414172,25.39555963655239,29.076303328498714,3.1209849700256806,1.3992341937539083,1.940563809090519,4.623681437075082,2.0729395463020865,2.874909346800769,22.66869663729498,17.074382349200203,19.41295153045732,33.58325427747404,25.29538125807437,28.759928193270106,3.007591837624642,1.3309354324272822,1.8462283629728855,4.877175952904825,2.158273674206403,2.993883831847922,20.23860335066654,14.89095766554743,17.04431771489582,32.81935678486466,24.147498917103942,27.639434132263492,0.6733668341708543,-0.001633165829145744,-0.001633165829145744,0.48743718592964824,-0.002562814070351749,-0.002562814070351749,0.40201005025125625,-0.002989949748743781,-0.002989949748743781,0.4,0.1050691244239631,0.16356192425793248,0.37037037037037035,0.3919597989949749,0.10624551328068921,0.15990637662435725,0.3484848484848485,0.39799331103678925,0.10917861988486943,0.16440043005792382,0.36241610738255037,24.0,11.0,11.0,32.0,7.0,7.0,41.0,9.0,9.0,0.0010240976047361425,0.0003272240643649184,1.9536887024794423e-05,-0.004271166058614995,-0.0042405189534768795,-0.004319624740314332
164,0,3.586222219331312,1.6870608349102252,2.2587206124833124,6.407869143170669,3.0144437253218235,4.035886576619928,36.09744976921129,29.417159871812494,32.32584112379422,64.49899654194098,52.56264098922842,57.759878556221146,4.1813004172627055,1.878706189663086,2.594696737144011,6.636984789305882,2.9820733169255336,4.118566249434938,65.45091139149534,55.4508200450224,60.56378891279406,103.89033554205609,88.01717467463872,96.13299827427628,3.727938451097163,1.7408760175709697,2.3721508321598668,6.427480088098558,3.0015103751223617,4.08991522786184,41.593273151260505,34.29919772259749,37.71345758150485,71.71253991596639,59.136547797581876,65.0232027267325,0.7487437185929648,-0.0012562814070351536,-0.0012562814070351536,0.6683417085427136,-0.0016582914572863539,-0.0016582914572863539,0.542713567839196,-0.0022864321608039306,-0.0022864321608039306,0.4330484330484331,0.12294885979096515,0.19453425905038813,0.36857142857142855,0.4522613065326633,0.1139154418710091,0.18848835160778854,0.40909090909090906,0.4347826086956522,0.11925673223488431,0.19674033950766556,0.37583892617449666,30.0,6.0,6.0,42.0,7.0,7.0,49.0,6.0,6.0,0.0015619852861041051,0.00048317384043260355,0.0007766870671056917,0.0003016908924857731,-9.777747204431364e-05,0.00014069282802076089
489,1,2.9644152259449217,1.2540751889257222,1.6512321127843175,4.962457206427622,2.099332915382266,2.7641771051015005,19.3833650376766,13.852523188792677,15.665375359345767,32.44792385161722,23.1892458667014,26.223976372473093,3.086504637895517,1.30172325271039,1.842735960008898,4.71222082121453,1.9873637445960148,2.813337343525035,21.9003942270483,15.942116989531623,18.431733097456235,33.43571637717297,24.339109907681866,28.14005053046753,2.793311865832096,1.2040163474139096,1.6710654527019775,4.872055579939702,2.100028512931238,2.914649045410426,16.335029742453063,11.434734198362666,13.263282871444837,28.491330946139062,19.944303834353487,23.13363291531076,0.6231155778894473,-0.0018844221105527303,-0.0018844221105527303,0.48743718592964824,-0.002562814070351749,-0.002562814070351749,0.40703517587939697,-0.00296482412060306,-0.00296482412060306,0.4036939313984169,0.10988628976468828,0.1475844494824834,0.37037037037037035,0.3919597989949749,0.11376431027317035,0.15155913121534215,0.33838383838383834,0.3812709030100334,0.10247290634893158,0.16102618665853174,0.325503355704698,25.0,10.0,10.0,37.0,13.0,13.0,47.0,16.0,16.0,0.0009322543636614787,1.442010373521542e-05,0.00024659992946340345,-0.02351845362535876,-0.025089807970259947,-0.024215508545555764
489,0,2.8648805873199077,1.2246843290504585,1.7190211784924014,5.538769135485155,2.3677230361642203,3.3234409450853097,17.54695775022475,12.390776394054758,14.40181459073336,33.924118317101176,23.955501028505857,27.84350820875116,3.127508930225468,1.3225805291651962,1.842750927614712,5.791683204121236,2.4492232021577705,3.412501717805022,22.817069775908134,16.73753363131325,19.20327645306543,42.253832918348394,30.995432650580092,35.561623061232275,2.853118713085468,1.2330905273604547,1.7107060138485821,5.558023467049613,2.4021244039489376,3.332544182821913,17.34178163317394,12.28854888958875,14.207460208372535,33.78269149319599,23.93873160309497,27.676870535790652,0.6783919597989949,-0.0016080402010050232,-0.0016080402010050232,0.507537688442211,-0.0024623115577889765,-0.0024623115577889765,0.4321608040201005,-0.002839195979899567,-0.002839195979899567,0.39622641509433965,0.11365184680548568,0.16087076655877475,0.3753943217665615,0.42713567839195976,0.1489401896701552,0.1934128069395391,0.41414141414141414,0.3913043478260869,0.10916745300137909,0.15103738453353965,0.3691275167785235,25.0,13.0,13.0,34.0,12.0,12.0,43.0,13.0,13.0,0.0008713413685464776,0.00010520225743399906,0.0002591180105032224,-0.0019057590514410805,-0.0034662799240230413,-0.004295092841534398
287,1,3.499109562877175,1.6330531734596432,2.2250745124517564,6.1990397811466,2.8931250665612196,3.9419529942818152,33.08597785529452,26.62321838340568,29.510728046017977,58.61528175598474,47.16582516072487,52.281351538315796,3.7956186227463,1.7039782650619282,2.3763144564523992,6.0247914646766665,2.7047274048602032,3.771927708654602,44.505760166819144,36.40757196650975,40.37151747308364,70.64406375685579,57.78979677223769,64.08177376679944,3.499109562877175,1.6330531734596432,2.2250745124517564,6.1990397811466,2.8931250665612196,3.9419529942818152,33.08597785529452,26.62321838340568,29.510728046017977,58.61528175598474,47.16582516072487,52.281351538315796,0.7688442211055276,-0.0011557788944723812,-0.0011557788944723812,0.6633165829145728,-0.0016834170854271857,-0.0016834170854271857,0.5276381909547738,-0.002361809045226204,-0.002361809045226204,0.40909090909090906,0.08797398064413764,0.16839323467230438,0.38596491228070173,0.42211055276381915,0.08627095376632543,0.1666848432479594,0.4242424242424242,0.40909090909090906,0.08797398064413764,0.16839323467230438,0.38596491228070173,21.0,3.0,3.0,34.0,5.0,5.0,43.0,5.0,5.0,0.001068954671946404,8.583216866989018e-05,3.856724016516923e-05,-0.00029419353837489837,0.00015400165618917327,5.253467235455389e-06
287,0,3.3596619797971683,1.572613447545442,2.1407688792430943,6.316969231474915,2.9568899552650825,4.0251582519900095,28.779461195609773,22.807660343112627,25.39602066394355,54.11228033186509,42.883864357708774,47.750601727414825,3.5556486886949394,1.6091680090634075,2.238508343710595,5.734917239830548,2.5954322726829155,3.6104973285654762,35.01052353394444,28.006528680426236,31.27779175882895,56.468586345071685,45.17182045230038,50.448051223917666,3.3494283873899326,1.5861299405643035,2.152005073429052,6.241170908179999,2.9555216283806898,4.009947341793265,28.486445777413504,22.654804713607916,25.17487274141605,53.08033374673324,42.2139218265986,46.90970076040258,0.7537688442211055,-0.0012311557788945438,-0.0012311557788945438,0.6030150753768844,-0.0019849246231156137,-0.0019849246231156137,0.457286432160804,-0.0027135678391959628,-0.0027135678391959628,0.4057507987220448,0.09793580669652646,0.16026727056051449,0.3814102564102564,0.40201005025125625,0.08371431090288528,0.1482537898171995,0.38383838383838387,0.4046822742474916,0.09917309227754167,0.15885357569354275,0.37583892617449666,21.0,11.0,11.0,34.0,15.0,15.0,41.0,16.0,16.0,0.0006293079516019148,-3.73330174185427e-05,0.00011318010310167283,-0.002768389028717344,-0.0034469122987736966,-0.0042775700566881625
12,1,3.314649704535296,1.5264103795516781,2.082025757413967,5.246807321249338,2.4161772339637113,3.295668912489445,27.512754703174704,21.53383843797603,24.08253625343255,43.55034035929664,34.08622667317814,38.12059758709172,3.385720116409225,1.5549127971481473,2.1331774917207182,5.1298789642564016,2.355928480527496,3.2320871086677547,29.539256762449206,23.300335335094218,26.040027880814524,44.75644964007455,35.30353838650639,39.45458769820382,3.308338536466643,1.5218754350270796,2.088026106056226,5.16927896322913,2.3779303672298115,3.262540790712853,27.339663861437142,21.371358062007445,23.95141770202844,42.718224783495536,33.39274697188664,37.42409015941944,0.6683417085427136,-0.0016582914572863539,-0.0016582914572863539,0.5477386934673367,-0.002261306532663321,-0.002261306532663321,0.4623115577889447,-0.002688442211055242,-0.002688442211055242,0.42356687898089174,0.12626958168359448,0.18733806542156972,0.4057507987220448,0.4321608040201005,0.13391518998501273,0.19843793256767983,0.398989898989899,0.43143812709030105,0.13594563961116912,0.20229463432055694,0.40604026845637586,25.0,-1.0,-1.0,35.0,0.0,0.0,42.0,0.0,0.0,0.0010113686993637224,0.0003938356227609618,-0.00010413121549772587,0.0004478011750661537,4.5542954798527546e-05,-9.287412789138472e-05
12,0,2.841545239571602,1.2522595271374606,1.642794801459401,5.954474013259594,2.6241168742824317,3.4424857356424527,17.142233940097263,12.241986447991188,13.826263117986262,35.92164752615887,25.6531513769703,28.973012039375707,3.3955823560455936,1.4962934728602666,2.0809185534035355,6.009880276186892,2.6483070316110915,3.683041687439886,29.832021275267397,23.150879594862435,26.10852233097819,52.80003765534053,40.97500813249989,46.20977403712954,2.869122319795615,1.2609674599104643,1.73776332871795,5.73824463959123,2.5219349198209287,3.4755266574359,17.621545329208328,12.627956478153063,14.521678999607996,35.243090658416655,25.255912956306126,29.043357999215992,0.6482412060301508,-0.0017587939698492372,-0.0017587939698492372,0.5226130653266332,-0.002386934673366814,-0.002386934673366814,0.4623115577889447,-0.002688442211055242,-0.002688442211055242,0.40591397849462363,0.1374576026556975,0.17619745845552293,0.3504043126684636,0.42713567839195976,0.14643392400599486,0.1950822560213421,0.3737373737373737,0.40802675585284276,0.14759269909157402,0.2022425511809851,0.34563758389261745,27.0,11.0,11.0,37.0,8.0,8.0,47.0,10.0,10.0,0.0008490660227676337,0.00036102496698068963,0.0004668321389734525,-0.01516136814284419,-0.021877935971966522,-0.020924664939185433
297,1,3.2428054928155468,1.4957148704808483,1.9154365466795122,5.6712077796728515,2.6157935862747257,3.3498273852888274,25.60545699958418,19.867572304823668,21.83434866526872,44.780319775528504,34.745571656381124,38.18518510866631,3.889290936628179,1.8031866210042766,2.483743031182284,5.401792967539137,2.5044258625059395,3.449643098864283,48.8762178981934,40.82273774138648,44.79845754178037,67.88363596971307,56.69824686303679,62.220079919139415,3.5327615793732097,1.6705629716227612,2.269147501783939,5.548840177025983,2.623920897836798,3.5641060237444067,34.21833389987231,27.78045831383242,30.680148214208558,53.74607418828111,43.63422771806139,48.18871447257888,0.7386934673366834,-0.0013065326633165952,-0.0013065326633165952,0.6432160804020101,-0.001783919597989958,-0.001783919597989958,0.5175879396984925,-0.002412060301507535,-0.002412060301507535,0.4136125654450262,0.10903740204633339,0.16630073748803698,0.36220472440944884,0.39698492462311563,0.07117038828226352,0.15658425684348287,0.3939393939393939,0.4180602006688964,0.10754267145353746,0.19114140200371288,0.38590604026845643,25.0,1.0,1.0,37.0,2.0,2.0,45.0,-2.0,-2.0,0.0007267337993466066,0.0011028501214398725,0.00032146044227762677,-0.005378629481376684,-0.008530181755424415,-0.006574008519202756
297,0,3.697818131755582,1.7664202192233303,2.389930366118727,5.998204992789577,2.8652979137401693,3.8766893729484,40.35914987681762,33.46000196778995,36.66079621028608,65.46629543972159,54.27523575007788,59.46722175970823,3.818082416476916,1.793768701010634,2.4593158537252986,5.573842943761921,2.6186404394315823,3.5902421222267136,45.51684223504404,37.945928874459455,41.6254516806415,66.44794486867742,55.3955166050503,60.767082745462034,3.697818131755582,1.7664202192233303,2.389930366118727,5.998204992789577,2.8652979137401693,3.8766893729484,40.35914987681762,33.46000196778995,36.66079621028608,65.46629543972159,54.27523575007788,59.46722175970823,0.8090452261306533,-0.0009547738693467256,-0.0009547738693467256,0.728643216080402,-0.001356783919598037,-0.001356783919598037,0.5628140703517588,-0.0021859296482411583,-0.0021859296482411583,0.4460431654676259,0.09415806672435845,0.18527761522839148,0.40072202166064985,0.4321608040201005,0.0637397513885215,0.15503225644080165,0.38383838383838387,0.4460431654676259,0.09415806672435845,0.18527761522839148,0.40072202166064985,28.0,10.0,10.0,39.0,9.0,9.0,50.0,11.0,11.0,0.00013483209308437982,0.0005155541408847255,8.354068506885286e-05,-0.0049142832050534935,-0.005059503311843017,-0.004154910562782277
450,1,3.202912791391437,1.4594879225849364,1.999824235437866,5.684639921145067,2.5903494255149866,3.5493569211744904,24.604092512328855,18.887202983569992,21.27370537079545,43.66819068413333,33.52165827547521,37.75730489651113,3.5201464999261214,1.5950984506949004,2.2002721163547703,5.7707319670920025,2.61491549294246,3.60700346943405,33.78937824268583,26.933900184249882,30.046427071115907,55.39242334866529,44.15393472827849,49.256437821501486,3.202912791391437,1.4594879225849364,1.999824235437866,5.684639921145067,2.5903494255149866,3.5493569211744904,24.604092512328855,18.887202983569992,21.27370537079545,43.66819068413333,33.52165827547521,37.75730489651113,0.7236180904522613,-0.0013819095477386467,-0.0013819095477386467,0.6030150753768844,-0.0019849246231156137,-0.0019849246231156137,0.46733668341708545,-0.002663316582914521,-0.002663316582914521,0.41947565543071164,0.12601771150547803,0.18784427311439778,0.37593984962406013,0.4321608040201005,0.12138386166421078,0.19176013624046773,0.40909090909090906,0.41947565543071164,0.12601771150547803,0.18784427311439778,0.37593984962406013,22.0,7.0,7.0,34.0,6.0,6.0,40.0,5.0,5.0,0.0007124360423838708,0.000772831594509314,0.0001479648690597157,-0.00016252502302549487,0.00022759863213561715,7.184004964067014e-05
450,0,3.6619096225307834,1.6806562784823467,2.3078280587793483,5.807742012803599,2.6654994480388807,3.6601859021404946,38.93562426939851,31.68379794433675,35.06242223598271,61.75140409605242,50.25009992445765,55.608555011208246,3.6998612149875965,1.6778845522298949,2.3267978411433035,5.3235413165289165,2.4142223773092018,3.3479105627961205,40.44169126994549,32.88845087356838,36.49426664004099,58.18948384164818,47.32151204829982,52.50973617272086,3.6619096225307834,1.6806562784823467,2.3078280587793483,5.807742012803599,2.6654994480388807,3.6601859021404946,38.93562426939851,31.68379794433675,35.06242223598271,61.75140409605242,50.25009992445765,55.608555011208246,0.7939698492462312,-0.001030150753768888,-0.001030150753768888,0.6331658291457287,-0.0018341708542712887,-0.0018341708542712887,0.5175879396984925,-0.002412060301507535,-0.002412060301507535,0.4395161290322581,0.11758453949503478,0.16605768399204368,0.4331983805668016,0.457286432160804,0.1364844271482727,0.18850512999052016,0.4545454545454546,0.4395161290322581,0.11758453949503478,0.16605768399204368,0.4331983805668016,29.0,11.0,11.0,44.0,12.0,12.0,50.0,10.0,10.0,-0.00012845821009264022,3.099109236749357e-05,7.972442718231264e-06,-0.0047063855492393,-0.00534582498903724,-0.005700293390816569
215,1,3.4664957752017855,1.5769762205351137,2.161774591594517,5.820063959417735,2.647660075530007,3.6295057616771094,32.02432515770344,25.408135957608195,28.337664108844503,53.7671564489863,42.658923002510605,47.577446582744194,3.746685435424498,1.6400748184800107,2.303087735779928,5.35240776489214,2.3429640264000153,3.2901253368284693,42.38037644559645,34.16004428614156,38.14446848480521,60.54339492228064,48.80006326591652,54.49209783543601,3.499363679550962,1.5952922327007377,2.2017666046179682,5.674643804677236,2.586960377352548,3.5704323318129214,33.094386622294806,26.381215425900095,29.433896414747228,53.666572901018604,42.78034933929745,47.73064283472523,0.728643216080402,-0.001356783919598037,-0.001356783919598037,0.5778894472361809,-0.002110552763819218,-0.002110552763819218,0.507537688442211,-0.0024623115577889765,-0.0024623115577889765,0.4339622641509434,0.12783981517135157,0.19023841477855852,0.42586750788643535,0.42211055276381915,0.10882734474376898,0.1650153941661564,0.4545454545454546,0.4381270903010034,0.13094845924925047,0.19229839174705454,0.4295302013422819,28.0,5.0,5.0,38.0,7.0,7.0,48.0,6.0,6.0,0.0003209009367168496,0.00016316362382856755,0.00020566856787908007,0.0004320054688413677,3.0048854599229458e-05,-0.0001068923557658863
215,0,3.8132657071377367,1.7679430682231465,2.428442441664127,6.337540189327506,2.93827157817368,4.036002931216436,45.29812800026909,37.56647533270783,41.30400805673105,75.2842127328416,62.434423792387676,68.64609789710232,3.8924456744936844,1.771951563652483,2.4541958359225657,6.381058482776532,2.9048386289384966,4.023271862168141,49.03065302661027,40.69539801639788,44.81733764827223,80.37811971575454,66.71376723999653,73.47104532503644,3.8132657071377367,1.7679430682231465,2.428442441664127,6.337540189327506,2.93827157817368,4.036002931216436,45.29812800026909,37.56647533270783,41.30400805673105,75.2842127328416,62.434423792387676,68.64609789710232,0.7989949748743719,-0.0010050251256281673,-0.0010050251256281673,0.6633165829145728,-0.0016834170854271857,-0.0016834170854271857,0.5226130653266332,-0.002386934673366814,-0.002386934673366814,0.4,0.06878980891719744,0.1355021216407355,0.38888888888888884,0.40703517587939697,0.07620810821022406,0.14660111911812823,0.41414141414141414,0.4,0.06878980891719744,0.1355021216407355,0.38888888888888884,23.0,2.0,2.0,34.0,1.0,1.0,42.0,2.0,2.0,-4.727265418627683e-05,0.00019101962616830396,9.957080612903584e-07,5.923247650940766e-05,-2.987576684176929e-05,-5.7128588733412755e-05
241,1,3.4492248258826588,1.583838809938489,2.1772485898519367,5.728537137723246,2.6304691346346836,3.6160152018593568,31.475983481711836,25.01755502047814,27.908086876169072,52.275902390679306,41.549623542782406,46.350272940538105,3.4115807806427156,1.4965699838902258,2.089527715159635,5.054193749100319,2.2171407168744084,3.0955966150513117,30.31312480602244,23.526112731729196,26.562010044735054,44.90833304595917,34.85350034330251,39.351125992200075,3.4492248258826588,1.583838809938489,2.1772485898519367,5.728537137723246,2.6304691346346836,3.6160152018593568,31.475983481711836,25.01755502047814,27.908086876169072,52.275902390679306,41.549623542782406,46.350272940538105,0.7185929648241206,-0.0014070351758793676,-0.0014070351758793676,0.6030150753768844,-0.0019849246231156137,-0.0019849246231156137,0.5025125628140703,-0.0024874371859296973,-0.0024874371859296973,0.441696113074205,0.13129046933522792,0.19257742917291243,0.42553191489361697,0.4522613065326633,0.1389780985126131,0.21019118967122752,0.4191919191919192,0.441696113074205,0.13129046933522792,0.19257742917291243,0.42553191489361697,22.0,12.0,12.0,29.0,10.0,10.0,41.0,16.0,16.0,-5.27351641570925e-05,0.00010753694591397129,-1.943034299868719e-05,-0.004933137108131369,-0.0050656272674718394,-0.00478858222330647
241,0,3.1430748915887095,1.4359554924850844,1.9709763669062996,5.222820964132482,2.386115096965264,3.275154758938826,23.175018079677173,17.661960416173727,19.9462569105899,38.509731535383956,29.348730243791167,33.144526408641916,3.385679240202784,1.5188220512179202,2.1115140811269786,4.9425974309529686,2.21725846893127,3.0825023082145666,29.53804933436938,23.070112414719397,25.96233432390266,43.12123990418887,33.67899622586772,37.90121799109877,3.198031549469683,1.473802794407153,1.9995022081400935,5.214181874135353,2.4029393387073155,3.260057948054501,24.484286623155036,18.876092553105135,21.169048870481404,39.92003253775278,30.776237858323597,34.51475359317621,0.7236180904522613,-0.0013819095477386467,-0.0013819095477386467,0.5678391959798995,-0.0021608040201005485,-0.0021608040201005485,0.4824120603015075,-0.0025879396984924696,-0.0025879396984924696,0.41741741741741745,0.12356434395414906,0.1836511836511837,0.3975903614457831,0.4623115577889447,0.15404088109721537,0.21523309368209997,0.43939393939393945,0.42140468227424754,0.13258999112232772,0.1933735365567837,0.40268456375838924,22.0,12.0,12.0,34.0,15.0,15.0,44.0,18.0,18.0,0.0007007834856635843,0.0002361876969050623,0.000485098508685974,-0.002847367559841274,-0.0035243827997710753,-0.004003053097116016
355,1,3.126793749114483,1.4195232825091555,1.8900110512429662,5.575858803839621,2.5313666417158345,3.370364534728837,22.80075727248884,17.28686670222644,19.356243694861703,40.65947848591607,30.826826335990013,34.51704540660067,3.0007646383352613,1.3242754154191148,1.8418528951075144,5.086041759890274,2.2445346024052797,3.1217845679788385,20.10090096792366,14.754149239680354,16.91443727005981,34.069323674446885,25.00703260962772,28.668537745864086,3.1037882115928626,1.4144814728142372,1.9472888725676643,5.172980352654771,2.357469121357062,3.2454814542794406,22.282201295510994,16.866476404162196,19.103415371392792,37.137002159184995,28.110794006936995,31.83902561898799,0.6180904522613065,-0.0019095477386934512,-0.0019095477386934512,0.5175879396984925,-0.002412060301507535,-0.002412060301507535,0.42211055276381915,-0.0028894472361808976,-0.0028894472361808976,0.4349030470914127,0.1375309862338746,0.18661370202787408,0.42500000000000004,0.42211055276381915,0.12637120439289184,0.1883876813113985,0.3787878787878788,0.43143812709030105,0.13093729236576013,0.20118228726827658,0.4161073825503355,26.0,9.0,9.0,38.0,7.0,7.0,45.0,7.0,7.0,0.0012595305314951118,-0.0005483669848732046,0.0001421704167456503,-0.004413327414638957,-0.0036328415011634974,-0.004072204635873433
355,0,3.7713435140399425,1.7227596405046994,2.369050751103952,6.550228208595689,2.992161480876583,4.1146670940226535,43.43838573071015,35.68147716948158,39.3738774849226,75.44561732175973,61.97309192594169,68.38620826328662,3.925240991103589,1.7621128379790405,2.4488321264040485,6.331033856618692,2.8421174806113556,3.9497292361355627,50.665286471020494,41.966981696901755,46.288088160017985,81.71820398551692,67.68868015629315,74.65820670970643,3.7713435140399425,1.7227596405046994,2.369050751103952,6.550228208595689,2.992161480876583,4.1146670940226535,43.43838573071015,35.68147716948158,39.3738774849226,75.44561732175973,61.97309192594169,68.38620826328662,0.8040201005025126,-0.0009798994974873354,-0.0009798994974873354,0.6381909547738693,-0.0018090452261306789,-0.0018090452261306789,0.5025125628140703,-0.0024874371859296973,-0.0024874371859296973,0.3916349809885932,0.07284940224096514,0.1312051453375186,0.3854961832061069,0.3919597989949749,0.0711577939824436,0.13653408947911516,0.3939393939393939,0.3916349809885932,0.07284940224096514,0.1312051453375186,0.3854961832061069,27.0,5.0,5.0,37.0,8.0,8.0,48.0,10.0,10.0,0.00024310878636582366,0.0003838025043176036,9.35787641491377e-05,-0.00013480533558407615,-0.00018378111340844328,8.585827751517172e-05
454,1,2.4846030938530475,0.982412535684775,1.3085032121047473,5.726707130953976,2.264341088346616,3.0159403303389913,11.996357881601861,7.504840650013731,8.754651404067996,27.650141946618927,17.297742473812136,20.178403845961604,2.5361382781560695,1.0728217697529703,1.5227761952623287,4.653464730561595,1.9684803114733396,2.794084761949226,12.63080003219152,8.310536045570611,9.875952543974158,23.17577987558077,15.248689991872682,18.12101384215442,2.356447849784009,0.99393452035451,1.374482924411581,5.315295901768441,2.2419575647094208,3.1003374234847687,10.553397540000763,6.647399504815872,7.883700693385432,23.804656105264876,14.994134221389182,17.782783518914506,0.6080402010050252,-0.001959798994974782,-0.001959798994974782,0.457286432160804,-0.0027135678391959628,-0.0027135678391959628,0.3417085427135679,-0.003291457286432098,-0.003291457286432098,0.3687002652519894,0.09320357651026756,0.12627602282774697,0.375,0.3869346733668342,0.11124545030919009,0.14820345466900442,0.398989898989899,0.3712374581939799,0.10579505418730206,0.15321743594703885,0.3557046979865772,25.0,14.0,14.0,35.0,15.0,15.0,41.0,14.0,14.0,-0.0007464011698520267,-0.00020389899875014502,-8.561194119227111e-05,-0.026565957630335646,-0.027459124967734283,-0.027504890329815623
454,0,3.917023908094581,1.7874817033154433,2.458161428461527,6.854791839165517,3.1280929808020264,4.301782499807674,50.25067140254398,41.83965599526985,45.9496072060638,87.93867495445197,73.21939799172223,80.41181261061166,3.9766974521042715,1.8050305888348959,2.468817416160971,6.573053639841771,2.9835216344378446,4.080689944067721,53.340583188098606,44.56768811147096,48.82343873542252,88.16625320346877,73.66560018424953,80.69989873623557,3.917023908094581,1.7874817033154433,2.458161428461527,6.854791839165517,3.1280929808020264,4.301782499807674,50.25067140254398,41.83965599526985,45.9496072060638,87.93867495445197,73.21939799172223,80.41181261061166,0.7437185929648241,-0.0012814070351758744,-0.0012814070351758744,0.6130653266331658,-0.001934673366834172,-0.001934673366834172,0.5577889447236181,-0.00221105527638199,-0.00221105527638199,0.43027888446215135,0.11218743316990487,0.1812722619455951,0.404,0.4321608040201005,0.10634626767924837,0.17840454358604374,0.40909090909090906,0.43027888446215135,0.11218743316990487,0.1812722619455951,0.404,25.0,7.0,7.0,38.0,9.0,9.0,46.0,7.0,7.0,0.00023619699869024513,0.00039679672443115643,0.00031934584902610106,-5.164627325804361e-05,-0.00011782167916685182,0.0001279129611404528
183,1,4.015153138378587,1.8856795896409446,2.5671342687731005,6.521582067184614,3.062800788022868,4.169648388067824,55.43178348599681,47.021345525922655,51.17710639598991,90.03465438937664,76.37406424816528,83.12402735833513,3.844099749272792,1.7690774832481573,2.4281377192966715,6.006405858238738,2.764183567575246,3.7939651864010497,46.71660875345728,38.751884953660515,42.59616019858889,72.994701177277,60.54982024009455,66.55650031029514,4.015153138378587,1.8856795896409446,2.5671342687731005,6.521582067184614,3.062800788022868,4.169648388067824,55.43178348599681,47.021345525922655,51.17710639598991,90.03465438937664,76.37406424816528,83.12402735833513,0.7537688442211055,-0.0012311557788945438,-0.0012311557788945438,0.6281407035175879,-0.0018592964824121205,-0.0018592964824121205,0.5125628140703518,-0.0024371859296482556,-0.0024371859296482556,0.45318352059925093,0.1372956701319612,0.1991361980587777,0.4699248120300752,0.44723618090452266,0.12142164456367055,0.19181047138866292,0.4545454545454546,0.45318352059925093,0.1372956701319612,0.1991361980587777,0.4699248120300752,26.0,3.0,3.0,41.0,3.0,3.0,48.0,2.0,2.0,-0.0001699419350810436,-0.0003529258516387312,-5.0476743149472714e-05,-0.009811095636375278,-0.0069897738758797345,-0.007614544765996101
183,0,3.5585068944371194,1.6639638961280896,2.2688737646006376,6.538756418528206,3.057533659135364,4.1690555424536715,35.11073395612687,28.461225082775808,31.47927991692657,64.51597364438312,52.297501089600544,57.84317684735257,4.245903293092047,1.983697747924769,2.7169714898743322,6.960497201790241,3.251963521188146,4.454051622744807,69.81879850694428,60.21455007890464,65.20555217243168,114.45704673269553,98.71237717853218,106.89434782365849,3.5585068944371194,1.6639638961280896,2.2688737646006376,6.538756418528206,3.057533659135364,4.1690555424536715,35.11073395612687,28.461225082775808,31.47927991692657,64.51597364438312,52.297501089600544,57.84317684735257,0.8090452261306533,-0.0009547738693467256,-0.0009547738693467256,0.7035175879396984,-0.001482412060301641,-0.001482412060301641,0.6381909547738693,-0.0018090452261306789,-0.0018090452261306789,0.4402730375426621,0.1302219302172788,0.20758291268454632,0.3835616438356164,0.4723618090452262,0.1139658190702888,0.21359720136576044,0.4747474747474747,0.4402730375426621,0.1302219302172788,0.20758291268454632,0.3835616438356164,26.0,3.0,3.0,39.0,1.0,1.0,48.0,3.0,3.0,0.0025315381122697923,0.0003882120040260857,0.0003073810269032648,-0.013391132322492894,-0.009632131022139667,-0.011710527784630997
344,1,3.842603535241402,1.7821159997290659,2.445426761215251,6.775116759504577,3.1421518942591424,4.311673500037417,46.64676297308976,38.79696704125079,42.602995606120444,82.24560839992142,68.4051787306264,75.11580804237026,3.8353920941376805,1.7398892837670275,2.4047535595408345,6.2364099091669605,2.82908826628785,3.9101683894972923,46.311582608542466,38.18205505504176,42.13021432055096,75.30338635535361,62.08464236592156,68.50441352935117,3.842603535241402,1.7821159997290659,2.445426761215251,6.775116759504577,3.1421518942591424,4.311673500037417,46.64676297308976,38.79696704125079,42.602995606120444,82.24560839992142,68.4051787306264,75.11580804237026,0.728643216080402,-0.001356783919598037,-0.001356783919598037,0.6180904522613065,-0.0019095477386934512,-0.0019095477386934512,0.5025125628140703,-0.0024874371859296973,-0.0024874371859296973,0.44569288389513106,0.13167419230634603,0.19662688140447104,0.4285714285714286,0.4371859296482412,0.12390272162819105,0.18509911829598746,0.41414141414141414,0.44569288389513106,0.13167419230634603,0.19662688140447104,0.4285714285714286,24.0,9.0,9.0,35.0,7.0,7.0,47.0,12.0,12.0,-0.0002804968922464296,0.00013834557435229273,8.85781951656052e-05,-0.00016252502302549487,0.00022759863213561715,7.184004964067014e-05
344,0,3.7522274208752484,1.7528865431119744,2.382474483540167,6.10827719677366,2.8535362329729814,3.878446833670039,42.61589990623716,35.23171249378371,38.681521368899965,69.37472077759537,57.353950571275796,62.969918507511565,3.8527066791476914,1.7253561832762454,2.400740660518697,5.750308476339837,2.5751584825018585,3.5831950156995473,47.12043066954956,38.727829572890755,42.84892654746696,70.3290009993277,57.80273070580709,63.95362171263725,3.7522274208752484,1.7528865431119744,2.382474483540167,6.10827719677366,2.8535362329729814,3.878446833670039,42.61589990623716,35.23171249378371,38.681521368899965,69.37472077759537,57.353950571275796,62.969918507511565,0.7688442211055276,-0.0011557788944723812,-0.0011557788944723812,0.6130653266331658,-0.001934673366834172,-0.001934673366834172,0.5477386934673367,-0.002261306532663321,-0.002261306532663321,0.4623655913978495,0.14393983111162412,0.20730003716662182,0.4388489208633094,0.44221105527638194,0.13143411292049223,0.1867853457605222,0.4292929292929293,0.4623655913978495,0.14393983111162412,0.20730003716662182,0.4388489208633094,24.0,7.0,7.0,37.0,9.0,9.0,45.0,8.0,8.0,0.0002086732966365037,0.00035113504842189624,0.00011220455451488777,-0.0002456840853515274,0.00018111633153772289,2.978536601450088e-05
272,1,3.4785805595299553,1.4978803933753393,2.0790678804374676,6.241708379865806,2.687686095914616,3.730526054969357,32.41368011734302,25.165864232948284,28.360455852786718,58.16071680629634,45.15577057401359,50.88791014719886,3.5378981930526656,1.4991390182516113,2.091424230178102,6.612893818790029,2.8021290060777786,3.9092041685572,34.3945524577406,26.71348004258643,30.146443372224443,64.28888309858056,49.931738397357805,56.34849228453166,3.4785805595299553,1.4978803933753393,2.0790678804374676,6.241708379865806,2.687686095914616,3.730526054969357,32.41368011734302,25.165864232948284,28.360455852786718,58.16071680629634,45.15577057401359,50.88791014719886,0.7437185929648241,-0.0012814070351758744,-0.0012814070351758744,0.5979899497487438,-0.0020100502512562235,-0.0020100502512562235,0.46733668341708545,-0.002663316582914521,-0.002663316582914521,0.4365079365079365,0.11373565928021379,0.18584830590107637,0.40637450199203184,0.44221105527638194,0.12140905026385063,0.19346314208773419,0.41414141414141414,0.4365079365079365,0.11373565928021379,0.18584830590107637,0.40637450199203184,24.0,9.0,9.0,36.0,7.0,7.0,43.0,7.0,7.0,0.00016495715020129088,0.00019970984209516618,0.0003037862069606073,-5.857619511928647e-05,-0.00012331829868550415,0.00012440840417138332
272,0,3.3348508599863154,1.491705440100869,2.0617920529807705,6.349921500521889,2.840370632520833,3.9258780186894136,28.07419592559743,21.75782122730754,24.50243472727778,53.456345666548536,41.4292760355582,46.65532091906318,3.4951806284075406,1.5524049705075453,2.1263791759268487,6.29762275388746,2.7971260729865675,3.8313138304988255,32.956240248606214,25.978147334972725,29.02560343248091,59.38061306055173,46.80747267562653,52.29838456302866,3.3348508599863154,1.491705440100869,2.0617920529807705,6.349921500521889,2.840370632520833,3.9258780186894136,28.07419592559743,21.75782122730754,24.50243472727778,53.456345666548536,41.4292760355582,46.65532091906318,0.7537688442211055,-0.006231155778894548,-0.006231155778894548,0.6080402010050252,-0.006959798994974786,-0.006959798994974786,0.457286432160804,-0.007713567839195967,-0.007713567839195967,0.41877256317689526,0.09805184245617449,0.16307028226453035,0.39855072463768115,0.42713567839195976,0.09881487638694719,0.16169327438528192,0.41414141414141414,0.41877256317689526,0.09805184245617449,0.16307028226453035,0.39855072463768115,27.0,0.0,0.0,38.0,0.0,0.0,47.0,0.0,0.0,0.00041023579700366956,0.0003707680530315928,-8.238906694454974e-05,-0.00023182424163081805,0.0001888633816387042,3.6794479953528025e-05
351,1,2.776638633173865,1.212815741464894,1.5987385994449308,5.853028027883545,2.5565604550197483,3.370068297693576,16.064929966488737,11.287881444814737,12.8173826690142,33.86414214526887,23.794341000149245,27.018460057978796,3.7755029698712144,1.6899844113498959,2.3410277027984634,5.8084661074941755,2.599976017461378,3.6015810812284053,43.6194420644113,35.570677909456116,39.422000169568484,67.10683394524816,54.72411986070172,60.649231030105355,3.0086635096017336,1.3833618874115925,1.8847232351011254,5.8610328109124685,2.694860819632973,3.6715387696775172,20.260304120709574,15.18035308862683,17.1833497271711,39.4681249104732,29.57211640641591,33.47405791007358,0.7587939698492463,-0.001206030150753712,-0.001206030150753712,0.6582914572864322,-0.0017085427135676845,-0.0017085427135676845,0.5527638190954773,-0.0022361809045226,-0.0022361809045226,0.4,0.12199730094466943,0.17419354838709677,0.2872628726287263,0.40703517587939697,0.0737018425460636,0.14159277187271913,0.38383838383838387,0.4247491638795987,0.14595116721849688,0.21229087689405923,0.3087248322147651,27.0,13.0,13.0,40.0,15.0,15.0,50.0,15.0,15.0,0.0015666371266791336,0.0011552721608486568,0.0007395649226243764,-0.02859269009219645,-0.0403238544501523,-0.041009565967498496
351,0,3.4989508399457643,1.5647944160146785,2.1626180737707945,6.100144556484392,2.728095527920328,3.7703538786135566,33.080726768645704,26.162521208179125,29.27566293976302,57.67363548480994,45.612290264259656,51.03980709892895,3.864019345997566,1.7093639620557437,2.379388586745632,6.605161275209515,2.921989678727767,4.067330917513901,47.65651495784797,39.03159757611682,43.24317942927274,81.46412813307346,66.72067961729373,73.91996483636368,3.4989508399457643,1.5647944160146785,2.1626180737707945,6.100144556484392,2.728095527920328,3.7703538786135566,33.080726768645704,26.162521208179125,29.27566293976302,57.67363548480994,45.612290264259656,51.03980709892895,0.7587939698492463,-0.001206030150753712,-0.001206030150753712,0.6281407035175879,-0.0018592964824121205,-0.0018592964824121205,0.5276381909547738,-0.002361809045226204,-0.002361809045226204,0.428030303030303,0.13313427278455625,0.19503282192199067,0.3954372623574145,0.44723618090452266,0.1289404415561517,0.1968188186340719,0.4444444444444444,0.428030303030303,0.13313427278455625,0.19503282192199067,0.3954372623574145,22.0,8.0,8.0,35.0,9.0,9.0,44.0,12.0,12.0,0.0007834834673324167,0.0008946889673210735,0.0002281940741189284,-0.000141735257445319,-0.00018927773293242467,8.23537205478786e-05
302,1,2.4464152022002357,1.0155504407064115,1.4266301622128317,4.8074903392074395,1.9956747032486457,2.803494155976378,11.546879210126557,7.364564877155762,8.774280508076618,22.690960308271954,14.472226328364231,17.242481463545914,2.932988212336248,1.1968016607665508,1.6885819858549076,4.847914400555782,1.978184563250497,2.7910446047188553,18.783676329872158,13.108018058649389,15.312803055151278,31.047398892350675,21.666145551486593,25.31041827297732,2.5703418470146664,1.0539519064773903,1.4942424224880573,4.7598923092864185,1.9517627897729444,2.7671155972001054,13.070291717532928,8.514542769212895,10.137075739501016,24.20424392135727,15.76767179483869,18.772362480557437,0.6482412060301508,-0.0017587939698492372,-0.0017587939698492372,0.4773869346733668,-0.0026130653266331905,-0.0026130653266331905,0.3869346733668342,-0.0030653266331658324,-0.0030653266331658324,0.3768545994065282,0.07315089570282451,0.13894739308866044,0.34226190476190477,0.3919597989949749,0.0811828566390852,0.15155913121534215,0.3737373737373737,0.36789297658862874,0.07073104002769381,0.12651366624380112,0.34563758389261745,22.0,5.0,5.0,32.0,5.0,5.0,41.0,8.0,8.0,0.0013043387234960167,6.270794192931485e-05,0.000604406165434646,-0.020749207906897382,-0.021434455252821394,-0.023832371986038936
302,0,3.3847931918182934,1.5753037306588946,2.1500475936864,6.1377583211638385,2.8565507649281288,3.8987529698846717,29.51188878494345,23.404560177252172,26.074384882900222,53.514891663364125,42.44026912141727,47.28155125432574,3.651676415798053,1.6515986429405016,2.2930087135689785,6.137271287055552,2.775796038555465,3.8537961572587878,38.53921968126769,31.14958889198225,34.64821381275333,64.77179778364318,52.352250238625636,58.23229212227452,3.3847931918182934,1.5753037306588946,2.1500475936864,6.1377583211638385,2.8565507649281288,3.8987529698846717,29.51188878494345,23.404560177252172,26.074384882900222,53.514891663364125,42.44026912141727,47.28155125432574,0.7989949748743719,-0.0010050251256281673,-0.0010050251256281673,0.6231155778894473,-0.0018844221105527303,-0.0018844221105527303,0.48743718592964824,-0.002562814070351749,-0.002562814070351749,0.43173431734317347,0.12234205214980332,0.19492450139225326,0.40740740740740744,0.42713567839195976,0.103827407715268,0.17170996887610002,0.4242424242424242,0.43173431734317347,0.12234205214980332,0.19492450139225326,0.40740740740740744,23.0,5.0,5.0,36.0,8.0,8.0,46.0,6.0,6.0,0.0003808272471926254,0.0004161498766575352,0.00012274792148425536,-0.00019024471046957814,0.00021210453193631906,5.782182176528039e-05
102,1,3.5615153595344307,1.6618566431756112,2.269767364975279,5.875494265446632,2.741594010210613,3.744474974987466,35.216522424442445,28.532909379239094,31.577380224358063,58.09731383015364,47.07124033185206,52.093757206285616,3.87306576098629,1.7814779250027648,2.445210651454677,6.34928813276441,2.9204556147586307,4.008542051565044,48.08959151069012,39.99182862982943,43.91984556553457,78.83539591916413,65.56037480299906,71.99974682874519,3.5615153595344307,1.6618566431756112,2.269767364975279,5.875494265446632,2.741594010210613,3.744474974987466,35.216522424442445,28.532909379239094,31.577380224358063,58.09731383015364,47.07124033185206,52.093757206285616,0.8140703517587939,-0.0009296482412060048,-0.0009296482412060048,0.6834170854271358,-0.0015829145728643024,-0.0015829145728643024,0.5175879396984925,-0.002412060301507535,-0.002412060301507535,0.4226804123711341,0.09677989779137419,0.17125184094256263,0.3620689655172413,0.42211055276381915,0.07875215677384417,0.1549986996753383,0.3737373737373737,0.4226804123711341,0.09677989779137419,0.17125184094256263,0.3620689655172413,28.0,1.0,1.0,41.0,0.0,0.0,51.0,1.0,1.0,0.0012396076351081414,0.0002964449285190178,0.00025587190285051946,-0.00032884314767755995,0.00013463403094249315,-1.2269317609892028e-05
102,0,3.2914142819233123,1.4772062735626372,2.035198494038741,5.597164393858895,2.512040614935394,3.4609257813065226,26.880853890856002,20.744639468911075,23.368748135527458,45.711826402632134,35.27698048723916,39.73936848715365,3.556113621697354,1.6032944452122875,2.2208276999716685,5.556427533902116,2.5051475706441995,3.4700432812057325,35.026804866338274,27.97827421758765,31.225722263178426,54.729382603653555,43.7160534649807,48.79019103621629,3.3712665424697774,1.5551551398308119,2.1253165025170824,5.746477061028029,2.6508326247116107,3.6226985838359353,29.115379579990233,22.96747440009286,25.639143786050838,49.6284879204379,39.14910409106738,43.70308599895029,0.7537688442211055,-0.0012311557788945438,-0.0012311557788945438,0.6080402010050252,-0.001959798994974782,-0.001959798994974782,0.49246231155778897,-0.002537688442211028,-0.002537688442211028,0.42586750788643535,0.12035569686281333,0.18347506297562732,0.3987341772151899,0.4120603015075377,0.09877709348748753,0.16999018464610194,0.41414141414141414,0.43143812709030105,0.12259004695674514,0.19117116379775378,0.40604026845637586,22.0,8.0,8.0,32.0,7.0,7.0,45.0,11.0,11.0,0.0002815622952235149,0.00036583215803328293,0.0002852962761162072,0.00043595439539778624,3.3922379648387846e-05,-0.00010338779879681681
424,1,3.8380803992176613,1.7815001301420033,2.430278292286715,6.6487958430891805,3.086134063831854,4.2100275467391075,46.43624976792928,38.61706523787352,42.34928694986058,80.4425942949482,66.89723927571018,73.36265365556655,4.03157454639224,1.8386025424267904,2.5483731825453066,6.299335228737875,2.87281647254186,3.981833097727042,56.34956643949665,47.38775833535754,51.94253480599404,88.04619756171351,74.04337239899615,81.16021063436568,4.082585967902754,1.9426492640313473,2.6347189752652556,6.656390165058839,3.167362930485892,4.295737459671613,59.29861606676437,50.79971640234966,55.04458511514565,96.68252619581148,82.82562456904836,89.74660616599836,0.7638190954773869,-0.001180904522613102,-0.001180904522613102,0.6331658291457287,-0.0018341708542712887,-0.0018341708542712887,0.542713567839196,-0.0022864321608039306,-0.0022864321608039306,0.435672514619883,0.1291031715541896,0.19911337483493674,0.4193548387096774,0.457286432160804,0.13397816148411223,0.20353017172674726,0.4444444444444444,0.4581939799331104,0.1426681034723425,0.21792701664056313,0.4530201342281879,25.0,3.0,3.0,39.0,5.0,5.0,44.0,0.0,0.0,0.0005272656670891553,8.57503282625023e-05,0.00012935604496254368,-0.0020005332887889082,-0.0035592445252161653,-0.003225859684264698
424,0,3.698429129340432,1.7011727570545063,2.338798711576696,6.622187292400098,3.0460187879692175,4.187713909242056,40.38381675485304,33.01500568989859,36.48906315083146,72.3088610813247,59.11470613394004,65.33514685790769,3.8134307286248137,1.7222019062058935,2.3926198144259905,6.200700371747665,2.800328302773811,3.890438722643888,45.3056037815288,37.21074758558442,41.16512713095478,73.66764842525009,60.505280626966545,66.93516606659315,3.698429129340432,1.7011727570545063,2.338798711576696,6.622187292400098,3.0460187879692175,4.187713909242056,40.38381675485304,33.01500568989859,36.48906315083146,72.3088610813247,59.11470613394004,65.33514685790769,0.8190954773869347,-0.0009045226130653949,-0.0009045226130653949,0.6733668341708543,-0.001633165829145744,-0.001633165829145744,0.5477386934673367,-0.002261306532663321,-0.002261306532663321,0.4507575757575758,0.12372543965171567,0.19005228608503177,0.4524714828897338,0.44221105527638194,0.10135892495056742,0.1767686512697041,0.4747474747474747,0.4507575757575758,0.12372543965171567,0.19005228608503177,0.4524714828897338,27.0,14.0,14.0,37.0,10.0,10.0,46.0,12.0,12.0,0.0004377851013897538,6.741985246515146e-05,-9.02739593268462e-05,-0.000141735257445319,-0.00018927773293242467,8.23537205478786e-05
471,1,2.7254391026993594,1.2276621454221572,1.6907018240716158,5.321972301892669,2.3972591893716455,3.301438021329034,15.263114530415878,10.791377380480892,12.44874778622073,29.80432499520398,21.072351776749848,24.30870344741751,3.56314453886981,1.5896205055934505,2.2023275319578333,5.12682667463282,2.2872237490553244,3.1688165927450838,35.27394321672373,28.077952447832438,31.37456539736126,50.75387513197659,40.39993157961502,45.14325956454857,2.7254391026993594,1.2276621454221572,1.6907018240716158,5.321972301892669,2.3972591893716455,3.301438021329034,15.263114530415878,10.791377380480892,12.44874778622073,29.80432499520398,21.072351776749848,24.30870344741751,0.7487437185929648,-0.0012562814070351536,-0.0012562814070351536,0.592964824120603,-0.0020351758793969443,-0.0020351758793969443,0.4723618090452262,-0.0026381909547738003,-0.0026381909547738003,0.39236111111111116,0.12026405738494128,0.18335418270464465,0.3310104529616724,0.4321608040201005,0.11637133033588998,0.18675178899505873,0.4292929292929293,0.39236111111111116,0.12026405738494128,0.18335418270464465,0.3310104529616724,22.0,11.0,11.0,37.0,18.0,18.0,44.0,15.0,15.0,0.002756044557421546,0.00029204506564775,0.0003336032478011695,-0.04793474966503197,-0.03683222886790016,-0.04289504603603955
471,0,3.9310779135618636,1.802883748820447,2.4743251981375316,6.650691564453719,3.0501618140421396,4.186122505025132,50.9618805758024,42.562195915189214,46.66988104510733,86.21852751503675,72.00774025903081,78.95722013291744,4.061642709089883,1.7814624588957444,2.4756820940305126,6.498628334543812,2.8503399342331908,3.96109135044882,58.06962427123856,48.291181454335444,53.18564351996814,92.91139883398169,77.26589032693671,85.09702963194901,3.9310779135618636,1.802883748820447,2.4743251981375316,6.650691564453719,3.0501618140421396,4.186122505025132,50.9618805758024,42.562195915189214,46.66988104510733,86.21852751503675,72.00774025903081,78.95722013291744,0.7839195979899498,-0.0010804020100502187,-0.0010804020100502187,0.6633165829145728,-0.0016834170854271857,-0.0016834170854271857,0.5226130653266332,-0.002386934673366814,-0.002386934673366814,0.42164179104477617,0.08644626031851921,0.15861449575941633,0.36704119850187267,0.42211055276381915,0.08877721943048578,0.1516598015117323,0.36868686868686873,0.42164179104477617,0.08644626031851921,0.15861449575941633,0.36704119850187267,18.0,0.0,0.0,32.0,0.0,0.0,36.0,0.0,0.0,0.00019182603430529637,0.0005907580921469365,0.000307453271387693,-0.00016945494488584956,0.00022372510708557058,6.833549267337702e-05
205,1,2.9254125484268236,1.2777528511853682,1.782394480391663,5.360532490972056,2.3413571798257022,3.266063628874108,18.641915156496324,13.447106990328423,15.505695736865118,34.15948699067483,24.6405088984789,28.41267151783105,3.1584513450986775,1.3717708149114962,1.8840451098129647,5.220580735700294,2.267389776713217,3.1141241484511815,23.534121460627468,17.564517838855572,19.95754432642373,38.899374315086725,29.032260890670372,32.98767657260121,2.878918341569677,1.2615785719021806,1.7445717050001373,5.364444114726107,2.3507675252835663,3.2507547298139206,17.79501463830686,12.755348841801352,14.685873158510333,33.158412369515894,23.767730761120536,27.36498104070249,0.6130653266331658,-0.001934673366834172,-0.001934673366834172,0.4974874371859297,-0.002512562814070307,-0.002512562814070307,0.42211055276381915,-0.0028894472361808976,-0.0028894472361808976,0.4067278287461774,0.11817821042556675,0.18902691318157927,0.3742331288343558,0.40201005025125625,0.1238145615294517,0.1716260769624416,0.3737373737373737,0.3946488294314381,0.10917303644312426,0.17551646013221678,0.35906040268456374,23.0,11.0,11.0,34.0,6.0,6.0,45.0,12.0,12.0,0.0010093485684757352,2.4040856761731832e-05,0.0002970362106333177,-0.007491305188954911,-0.006993055871551412,-0.008510612363721748
205,0,3.590152562999014,1.6452126794934039,2.262999151247368,6.8492981521045015,3.1387390835725224,4.317352990677604,36.2396043274703,29.2463928924303,32.469308709080885,69.13796853964192,55.79630984442375,61.94499321094154,3.5288733237951844,1.5867841172024046,2.1992972424491914,6.191005831219623,2.783831784565623,3.8584162148231433,34.085542602766985,27.11223816641965,30.30610173032978,59.79919754871401,47.56533011652571,53.16859952689435,3.590152562999014,1.6452126794934039,2.262999151247368,6.8492981521045015,3.1387390835725224,4.317352990677604,36.2396043274703,29.2463928924303,32.469308709080885,69.13796853964192,55.79630984442375,61.94499321094154,0.7185929648241206,-0.0014070351758793676,-0.0014070351758793676,0.5979899497487438,-0.0020100502512562235,-0.0020100502512562235,0.4623115577889447,-0.002688442211055242,-0.002688442211055242,0.4029850746268657,0.08454932043692154,0.15732750638865234,0.40074906367041196,0.4120603015075377,0.09376456215916673,0.16331238831888995,0.38888888888888884,0.4029850746268657,0.08454932043692154,0.15732750638865234,0.40074906367041196,27.0,5.0,5.0,37.0,9.0,9.0,47.0,8.0,8.0,-1.266459806043197e-05,0.00012128213989563817,9.126133282727557e-05,-0.00016945494488584956,0.00022372510708557058,6.833549267337702e-05
62,1,3.451741443959293,1.5887848335634045,2.1884103707255584,5.684117703911227,2.6163141552701714,3.603740990923066,31.555296268858932,25.112538906127725,28.01811176347904,51.96334113839269,41.35380048128641,46.13852100181603,3.364788579581371,1.494981204476567,2.0939510755813515,5.257482155595892,2.335908131994636,3.271798555595862,28.927380813536534,22.440334101299456,25.36354477375381,45.19903252115083,35.0630220332804,39.63053870899033,3.4268370579716354,1.5788326804266146,2.174052955114854,5.6486325131400585,2.602471451252662,3.583603772167342,30.779136004011,24.4319956244589,27.27906203296439,50.7348395670511,40.27252026009708,44.965486867523715,0.6582914572864322,-0.0017085427135676845,-0.0017085427135676845,0.5728643216080402,-0.0021356783919597166,-0.0021356783919597166,0.46733668341708545,-0.002663316582914521,-0.002663316582914521,0.4105960264900662,0.0932406545892398,0.1683052775913878,0.40199335548172754,0.4170854271356784,0.09878968778730746,0.17334586119243967,0.3939393939393939,0.41137123745819393,0.09250646283382002,0.16665488595652544,0.3993288590604027,23.0,4.0,4.0,37.0,6.0,6.0,41.0,3.0,3.0,-0.0001227735564176366,6.195322812420229e-05,-5.423160735388936e-05,0.0004951882937413998,9.202525539642181e-05,-5.081944426521545e-05
62,0,4.003519789508132,1.8605312874068267,2.5451683665659397,6.6220381383215585,3.07741931862967,4.209846054968528,54.79066263195517,46.26578642316343,50.491795961532404,90.62671765069342,76.52611159723249,83.51615980664279,4.348227496123194,2.050596918067776,2.7995763616927274,6.847602356099517,3.229286485146104,4.40878167195705,77.34125368723333,67.39067630297667,72.63613436036555,121.79724990115486,106.12704929602626,114.38761316592999,4.002649172891343,1.856338816189191,2.541479309719824,6.526058434061973,3.0266393742215074,4.143716265847539,54.74298172952764,46.18974003455344,50.43198187003813,89.2548615155342,75.30935875198931,82.2260573968013,0.864321608040201,-0.0006783919597990185,-0.0006783919597990185,0.728643216080402,-0.001356783919598037,-0.001356783919598037,0.6281407035175879,-0.0018592964824121205,-0.0018592964824121205,0.43934426229508194,0.10873869764696409,0.17980227756225753,0.3980263157894737,0.44221105527638194,0.09384012795808616,0.1700908549424921,0.4191919191919192,0.44147157190635455,0.10591230646395056,0.17784532051592072,0.3993288590604027,23.0,0.0,0.0,35.0,1.0,1.0,43.0,-1.0,-1.0,0.0014481138508781574,0.00028819502104354266,0.00022008814675750606,0.0004833415140721442,8.040468024717029e-05,-6.13331151724239e-05
39,1,3.2925692837672544,1.513382555697092,2.088562742378879,5.225164298152382,2.4016723166497327,3.3144582650795256,26.91191926349451,20.986883470171264,23.578473471389376,42.708045787719556,33.30527159396745,37.41801224807445,3.52179865920963,1.5214673425341712,2.133388337152444,5.295937833397939,2.2879208158408586,3.208102762635254,33.84524981929639,26.453745197268397,29.836777014646643,50.89511251022014,39.78006796581714,44.867333856611495,3.2925692837672544,1.513382555697092,2.088562742378879,5.225164298152382,2.4016723166497327,3.3144582650795256,26.91191926349451,20.986883470171264,23.578473471389376,42.708045787719556,33.30527159396745,37.41801224807445,0.6180904522613065,-0.0019095477386934512,-0.0019095477386934512,0.542713567839196,-0.0022864321608039306,-0.0022864321608039306,0.46733668341708545,-0.002663316582914521,-0.002663316582914521,0.41237113402061853,0.11734540503262536,0.1849425625920471,0.38620689655172413,0.42713567839195976,0.1238775330285512,0.1950822560213421,0.41414141414141414,0.41237113402061853,0.11734540503262536,0.1849425625920471,0.38620689655172413,22.0,0.0,0.0,36.0,0.0,0.0,44.0,0.0,0.0,0.0008701928738577177,5.6627036684102084e-05,0.0002273131728671909,-0.01941404720037454,-0.021277054383152638,-0.020218564646492077
39,0,2.9997466441688188,1.3758068906800889,1.8876473431177925,5.753899995832588,2.6389746207197025,3.62075045931366,20.08044877986838,15.007411265380782,17.03971366267757,38.51688420933818,28.786145585057874,32.684363048878616,3.621762813635208,1.6506162016949149,2.2685601283443444,5.615136145170865,2.5590948863487055,3.5171474858051854,37.40344504328827,30.224541856145922,33.53364558826763,57.989837276415926,46.85975481573011,51.990148198864546,2.9344048906728175,1.34539016386526,1.83815829900829,5.607143103196467,2.570809230315784,3.512404393009472,18.81030561532203,13.911385839948817,15.817394318165231,35.943259137558016,26.582265936207932,30.22432035318197,0.7035175879396984,-0.001482412060301641,-0.001482412060301641,0.5778894472361809,-0.002110552763819218,-0.002110552763819218,0.46733668341708545,-0.002663316582914521,-0.002663316582914521,0.39449541284403666,0.1166328174241893,0.17374261528554225,0.35889570552147243,0.44221105527638194,0.13394037858465258,0.19847148933314318,0.4292929292929293,0.3913043478260869,0.11751469841039408,0.1699472844223049,0.3489932885906041,23.0,4.0,4.0,35.0,2.0,2.0,43.0,5.0,5.0,0.0020794070777134257,0.00014287960557937666,0.0005587138670343893,-0.0447841235363855,-0.03455674037728684,-0.04064633672237594
290,1,2.9876876603688625,1.350801559048107,1.8632700794093071,5.76604688593481,2.606960970646983,3.5959925736370697,19.83975316241629,14.700611358436383,16.76132976811801,38.289459924918056,28.371243577109702,32.348298851845584,3.1858560763411785,1.3689242675396567,1.9268507369447607,5.792465593347597,2.4889532137084664,3.503364976263201,24.187986307907845,18.03503527917435,20.66606967504766,43.97815692346881,32.790973234862456,37.57467213645029,2.992347117650469,1.3599873432870102,1.8769715725964247,5.791639582549294,2.6322335676522775,3.6328482050253377,19.93241134553899,14.816478412550039,16.881697701036188,38.57886066878514,28.67705499203233,32.67425361490875,0.7537688442211055,-0.0012311557788945438,-0.0012311557788945438,0.6030150753768844,-0.0019849246231156137,-0.0019849246231156137,0.4623115577889447,-0.002688442211055242,-0.002688442211055242,0.4403973509933775,0.1362651195884188,0.20251188843831147,0.3986710963455149,0.4321608040201005,0.10384000201508792,0.17506564542243774,0.40909090909090906,0.4347826086956522,0.1292734267257023,0.19674033950766556,0.3959731543624161,17.0,7.0,7.0,29.0,12.0,12.0,37.0,12.0,12.0,0.0008248895935467359,0.00021495331089926202,9.579890195887512e-05,0.0004951882937413998,9.202525539642181e-05,-5.081944426521545e-05
290,0,3.4056369167762797,1.5742703292080673,2.0704610934033334,5.452006467646237,2.520213465618178,3.3145539433869153,30.13348213349465,23.891070499224554,26.332818000231185,48.24000429265591,38.24666987814457,42.155607763527996,3.7229251568041852,1.7265864744382897,2.368891085230555,5.771976987293311,2.676878254943085,3.6726993569465973,41.38527564433756,34.023223761129195,37.51225755335346,64.16321805323653,52.7491841257817,58.15853884240847,3.4444623970267765,1.5984572239470198,2.1844922440254644,5.525875503251513,2.5643698779898716,3.504533011805558,31.326437732856505,24.99197390895737,27.801121467171345,50.25631721848637,40.09407578977118,44.6007296264781,0.7386934673366834,-0.0013065326633165952,-0.0013065326633165952,0.6180904522613065,-0.0019095477386934512,-0.0019095477386934512,0.48743718592964824,-0.002562814070351749,-0.002562814070351749,0.42307692307692313,0.11855017410572977,0.1669674411609896,0.4104683195592287,0.4120603015075377,0.08373949950252513,0.15830404107348095,0.4242424242424242,0.4180602006688964,0.11088156961714346,0.1733438491672279,0.40268456375838924,22.0,0.0,0.0,34.0,0.0,0.0,42.0,0.0,0.0,-0.00046329275699500517,0.00033843159558949817,0.00011320066478276276,-0.0029697842830840315,-0.0036444620763109725,-0.00407961372931176
143,1,3.0707814319224296,1.3888090099435502,1.7476973532296922,6.300670710058457,2.8495770359463517,3.5859489734661043,21.558742784265082,16.18259322854169,17.80375857972708,44.234518873414366,33.20366279016844,36.52999169726385,4.008740415525197,1.860845563979256,2.5593854317958042,6.02818107597774,2.7982640059838437,3.8486998974373,55.07745214982414,46.51064714482687,50.81708652624586,82.82323631552502,69.94082277417574,76.41667146803888,3.4913747031553135,1.6538404468634067,2.246374134960611,6.425843011942295,3.0438781230614844,4.134430923240389,32.831049645780055,26.550017908939573,29.358112873139515,60.42524474683446,48.8650636360851,54.0333365763304,0.7236180904522613,-0.0013819095477386467,-0.0013819095477386467,0.6080402010050252,-0.001959798994974782,-0.001959798994974782,0.542713567839196,-0.0022864321608039306,-0.0022864321608039306,0.3924050632911392,0.13323945014322514,0.16464357746513725,0.35532994923857864,0.457286432160804,0.1414969584765935,0.22022466254477724,0.4747474747474747,0.4247491638795987,0.14762061630029988,0.207841488684938,0.40268456375838924,23.0,0.0,0.0,33.0,0.0,0.0,44.0,0.0,0.0,0.0005072684496562263,0.002030092081093541,0.00025474978944255367,-0.034709430790631046,-0.05254375250402088,-0.04179726911113679
143,0,3.7683167715330383,1.7550297553817131,2.4055547757674383,6.08255478883322,2.8328469421107005,3.882879176102876,43.30710769481513,35.819217940007015,39.40013824863641,69.9033205726092,57.81688982707654,63.59696228176638,3.7346824976667086,1.6703537865322593,2.3302533079178334,5.6586098449495585,2.5308390705034234,3.5306868301785355,41.87472812834446,33.99472176709636,37.80152707569298,63.446557770218874,51.50715419257024,57.27504102377724,3.7683167715330383,1.7550297553817131,2.4055547757674383,6.08255478883322,2.8328469421107005,3.882879176102876,43.30710769481513,35.819217940007015,39.40013824863641,69.9033205726092,57.81688982707654,63.59696228176638,0.7336683417085428,-0.001331658291457205,-0.001331658291457205,0.6231155778894473,-0.0018844221105527303,-0.0018844221105527303,0.5376884422110553,-0.0023115577889447625,-0.0023115577889447625,0.43918918918918914,0.10866642359053824,0.18525660491952622,0.45084745762711864,0.4321608040201005,0.08880240803012551,0.16838784909522575,0.4444444444444444,0.43918918918918914,0.10866642359053824,0.18525660491952622,0.45084745762711864,22.0,0.0,0.0,34.0,0.0,0.0,44.0,0.0,0.0,-0.00046223471307284687,-0.00010633021714212563,-1.1241312318201421e-05,-0.00036349275698022154,0.0001152664056931485,-2.979210245257491e-05
97,1,3.1328214443584352,1.4238515542009857,1.9721883313557664,5.650610457922577,2.5681739689269314,3.5571985853901555,22.938608333371196,17.415339360928193,19.74665482957153,41.37393159516032,31.411716393330614,35.61666576622105,3.56480976085567,1.604857319183634,2.233615587143107,5.892247538604413,2.6526567259233618,3.6919265903191842,35.33273109634629,28.233741655286067,31.547169789104462,58.40120842371288,46.66734157898523,52.14408229604043,3.1328214443584352,1.4238515542009857,1.9721883313557664,5.650610457922577,2.5681739689269314,3.5571985853901555,22.938608333371196,17.415339360928193,19.74665482957153,41.37393159516032,31.411716393330614,35.61666576622105,0.7738693467336684,-0.0011306532663316604,-0.0011306532663316604,0.5728643216080402,-0.0021356783919597166,-0.0021356783919597166,0.4824120603015075,-0.0025879396984924696,-0.0025879396984924696,0.42320819112627983,0.1233785488775575,0.18370762358938997,0.40068493150684936,0.4723618090452262,0.16659739801765727,0.22027499769297243,0.45959595959595956,0.42320819112627983,0.1233785488775575,0.18370762358938997,0.40068493150684936,26.0,12.0,12.0,40.0,14.0,14.0,49.0,15.0,15.0,0.001214411918171754,9.155042707373295e-05,0.0002195160878918661,-0.0003427029913991575,0.00012688698084151184,-1.9278431547142816e-05
97,0,4.006238964887766,1.8820493739792958,2.5278801301830782,6.083548057792533,2.8579268271537455,3.8386327902780075,54.93985079528446,46.57373603064241,50.55410875156486,83.4271808372838,70.72308063912365,76.76735032645034,4.5076455351096305,2.059227083678528,2.829449529797878,6.580504430816978,3.0061709250781425,4.130583255179383,90.70799809618337,79.13796442482514,85.35211283395637,132.42043517691002,115.52987507273743,124.60162457511876,4.006238964887766,1.8820493739792958,2.5278801301830782,6.083548057792533,2.8579268271537455,3.8386327902780075,54.93985079528446,46.57373603064241,50.55410875156486,83.4271808372838,70.72308063912365,76.76735032645034,0.7989949748743719,-0.0010050251256281673,-0.0010050251256281673,0.6984924623115578,-0.0015075376884421399,-0.0015075376884421399,0.6180904522613065,-0.0019095477386934512,-0.0019095477386934512,0.465034965034965,0.14566323728627395,0.21852333712798822,0.4245614035087719,0.4623115577889447,0.11895316179896975,0.19853860286407,0.4747474747474747,0.465034965034965,0.14566323728627395,0.21852333712798822,0.4245614035087719,29.0,5.0,5.0,41.0,5.0,5.0,50.0,7.0,7.0,0.0018711262449902255,0.0005559840522501188,0.00016112009223047432,-0.00029419353837489837,0.00015400165618917327,5.253467235455389e-06
345,1,3.084248130662101,1.335346893970892,1.7275328614428431,5.486266260071756,2.375317516464352,3.0729386383269013,21.851031543631905,16.102748341464466,17.96761519199406,38.86865518821159,28.643598432282417,31.960827023547036,2.9551346080387058,1.2569279012865502,1.746235239809889,4.728215372861929,2.0110846420584805,2.7939763836958225,19.204307600037172,13.74016780463013,15.854511868796529,30.726892160059474,21.984268487408205,25.367218990074445,2.994855882730771,1.3173685625154152,1.8218669380883676,5.193391704157406,2.284454154651009,3.1593068290549726,19.9824798619011,14.630388891099749,16.750842459084893,34.65169918248746,25.370616574161417,29.047703686274385,0.6582914572864322,-0.0017085427135676845,-0.0017085427135676845,0.5226130653266332,-0.002386934673366814,-0.002386934673366814,0.4170854271356784,-0.0029145728643216184,-0.0029145728643216184,0.425974025974026,0.11079892869776142,0.15520178745985203,0.40104166666666663,0.4170854271356784,0.11883981310059066,0.16332916670162168,0.33333333333333337,0.4280936454849499,0.12592336167860596,0.19005137629696323,0.37583892617449666,19.0,0.0,0.0,29.0,0.0,0.0,38.0,1.0,1.0,0.0007162571687435495,-0.00018982442297836273,0.0003057693407460615,0.00016742738957553627,-0.00022947732373523877,5.672310238669098e-05
345,0,3.81220526192464,1.711821507832357,2.363078019888105,6.4632215647572915,2.902226119600835,4.0063679072815575,45.25011727813837,37.08081296306707,40.99072180696313,76.7171528566139,62.86689554083209,69.49576398306966,3.5899147759729892,1.5652651553192967,2.190756151317573,5.743863641556783,2.5044242485108748,3.505209842108117,36.23098804419375,28.657531147368317,32.179198587657694,57.969580870710004,45.852049835789316,51.48671774025232,3.81220526192464,1.711821507832357,2.363078019888105,6.4632215647572915,2.902226119600835,4.0063679072815575,45.25011727813837,37.08081296306707,40.99072180696313,76.7171528566139,62.86689554083209,69.49576398306966,0.7336683417085428,-0.001331658291457205,-0.001331658291457205,0.5678391959798995,-0.0021608040201005485,-0.0021608040201005485,0.4773869346733668,-0.0026130653266331905,-0.0026130653266331905,0.4251700680272109,0.11277618008154033,0.16838273771046885,0.4300341296928327,0.4170854271356784,0.12385234442891147,0.15665137037440968,0.4040404040404041,0.4251700680272109,0.11277618008154033,0.16838273771046885,0.4300341296928327,20.0,0.0,0.0,33.0,0.0,0.0,41.0,0.0,0.0,-0.0005480905598524063,8.133750656870349e-05,4.842108849448318e-05,-0.006782013321825708,-0.007094359052222998,-0.007709167804152095
258,1,3.8559173678986416,1.7917672024811875,2.45802865644312,6.197854910364688,2.880018448159946,3.9509417667981444,47.27196283738084,39.39336329192423,43.225315536022414,75.98315499014589,63.31939375757146,69.47872803949615,3.8239712403647266,1.7043229065857717,2.3639086547553414,5.665142578318113,2.5249228245715134,3.5020868959338385,45.78567367651951,37.45746545337723,41.47944464863993,67.83062766891778,55.492541412410716,61.45102910909618,3.8559173678986416,1.7917672024811875,2.45802865644312,6.197854910364688,2.880018448159946,3.9509417667981444,47.27196283738084,39.39336329192423,43.225315536022414,75.98315499014589,63.31939375757146,69.47872803949615,0.7939698492462312,-0.001030150753768888,-0.001030150753768888,0.6331658291457287,-0.0018341708542712887,-0.0018341708542712887,0.542713567839196,-0.0022864321608039306,-0.0022864321608039306,0.4367816091954023,0.10026153271356675,0.18327842448202647,0.4538461538461539,0.4371859296482412,0.10385259631490784,0.18009077105057847,0.4545454545454546,0.4367816091954023,0.10026153271356675,0.18327842448202647,0.4538461538461539,21.0,9.0,9.0,33.0,7.0,7.0,45.0,10.0,10.0,-0.00036998567517094967,-4.9025009831709874e-05,-9.365607357550827e-07,-0.00012094549186336678,-0.00017278787436758591,9.286739145242251e-05
258,0,3.6723364357437407,1.68851598290912,2.3284585243176315,5.732925213577728,2.6359610622081258,3.634982474073635,39.34372263639677,32.07325616885992,35.50984046566474,61.41992256015273,50.0699165747202,55.43480650473217,3.6650918835970625,1.6499464034124358,2.2638832500245525,5.595560127629103,2.5190021426144056,3.456310305380996,39.059724946250014,31.55790627846444,34.99962076548037,59.63316785687025,48.180009585441894,53.434535519817366,3.6723364357437407,1.68851598290912,2.3284585243176315,5.732925213577728,2.6359610622081258,3.634982474073635,39.34372263639677,32.07325616885992,35.50984046566474,61.41992256015273,50.0699165747202,55.43480650473217,0.7587939698492463,-0.001206030150753712,-0.001206030150753712,0.6532663316582914,-0.0017336683417086274,-0.0017336683417086274,0.542713567839196,-0.0022864321608039306,-0.0022864321608039306,0.46071428571428574,0.12203335879806476,0.20774516457414327,0.4444444444444444,0.4623115577889447,0.12396569312729055,0.200208051945873,0.4292929292929293,0.46071428571428574,0.12203335879806476,0.20774516457414327,0.4444444444444444,28.0,1.0,1.0,42.0,5.0,5.0,48.0,0.0,0.0,-0.00035740038176102835,0.00014727415033292317,-7.192853160837361e-05,-0.0002526140072118821,0.00017724280649034085,2.6280809047207754e-05
280,1,3.1085396949335826,1.3835005571754955,1.9174855676430942,5.559503685169677,2.474337534948482,3.429349188284765,22.388326730717395,16.775586035235335,19.097778694409055,40.04066126839842,30.00249040917089,34.15564266500082,3.055424651907916,1.2378403503131126,1.766286214595403,5.360394126154239,2.171649737391426,3.0987477449042165,21.23019905750531,15.07323196248348,17.600541027196623,37.245963258781245,26.44426660084821,30.878142152976533,3.1085396949335826,1.3835005571754955,1.9174855676430942,5.559503685169677,2.474337534948482,3.429349188284765,22.388326730717395,16.775586035235335,19.097778694409055,40.04066126839842,30.00249040917089,34.15564266500082,0.6482412060301508,-0.0017587939698492372,-0.0017587939698492372,0.48743718592964824,-0.002562814070351749,-0.002562814070351749,0.3919597989949749,-0.0030402010050251116,-0.0030402010050251116,0.38848920863309355,0.09764540252896425,0.15523562011634717,0.3971119133574007,0.38190954773869346,0.09118273069608696,0.1314921854682427,0.38888888888888884,0.38848920863309355,0.09764540252896425,0.15523562011634717,0.3971119133574007,23.0,5.0,5.0,33.0,5.0,5.0,39.0,3.0,3.0,-0.00021669411859976458,-0.00019740695500924458,2.7934170959330867e-05,-0.00023875416349117273,0.00018498985658865763,3.328992298534672e-05
280,0,3.594462983670288,1.620635139243395,2.2402785655271935,5.99077163945048,2.701058565405658,3.733797609211989,36.39614941228668,29.197972089027687,32.52254898254391,60.660249020477806,48.66328681504614,54.20424830423985,3.810476673907371,1.7417533568303845,2.4005480845943925,6.404162477155246,2.927316566101487,4.034534595956963,45.17196603274431,37.25725394557383,41.07630311321916,75.91927064326775,62.617233521972835,69.03580355162885,3.594462983670288,1.620635139243395,2.2402785655271935,5.99077163945048,2.701058565405658,3.733797609211989,36.39614941228668,29.197972089027687,32.52254898254391,60.660249020477806,48.66328681504614,54.20424830423985,0.7638190954773869,-0.001180904522613102,-0.001180904522613102,0.6231155778894473,-0.0018844221105527303,-0.0018844221105527303,0.5326633165829145,-0.0023366834170853723,-0.0023366834170853723,0.4423791821561338,0.12141443261995566,0.18650773592622039,0.417910447761194,0.4371859296482412,0.1063588619790683,0.18342966921418447,0.43434343434343436,0.4423791821561338,0.12141443261995566,0.18650773592622039,0.417910447761194,23.0,0.0,0.0,34.0,0.0,0.0,43.0,-1.0,-1.0,0.0005526460084818228,0.0007264279188088236,0.00010164018703170848,-0.00017638486674709242,0.00021985158203818855,6.483093570341936e-05
40,1,3.0857677322310453,1.351430802635371,1.8805143074383355,6.536955327489451,2.8628994634775626,3.9837210986522638,21.884261647312957,16.219091495827243,18.54665684460859,46.36008059496561,34.35886487931824,39.28962831555241,3.222670363421416,1.3817782815512438,1.92338802316629,6.78456918615035,2.9090069085289345,4.049237943507979,25.095043673230858,18.792885878407258,21.428379367438925,52.83167089101234,39.56397027033107,45.112377615660904,3.1803315933731486,1.4174896532479873,1.9598170267055304,6.446618094675301,2.873289837664839,3.972602081159859,24.05472861835459,18.225749130209568,20.665797502323798,48.75958503720525,36.94408607474912,41.89013007227797,0.7185929648241206,-0.0014070351758793676,-0.0014070351758793676,0.5527638190954773,-0.0022361809045226,-0.0022361809045226,0.44221105527638194,-0.0027889447236180143,-0.0027889447236180143,0.4112149532710281,0.11261464222903739,0.1708004454990073,0.375,0.42211055276381915,0.11383987607208979,0.1600070469207474,0.3737373737373737,0.42140468227424754,0.11923439846790362,0.17446363666801845,0.38926174496644295,23.0,11.0,11.0,36.0,13.0,13.0,45.0,15.0,15.0,0.0008398122583150294,0.00021813609416190268,0.00043167011121050694,0.00042015868917300025,1.8428279449089757e-05,-0.00011740602667131839
40,0,3.3357103954661977,1.4957075612326631,2.0651773820623314,5.777537613062369,2.5906045995206255,3.5769412172975024,28.098337066661994,21.801780959750154,24.535586016246704,48.66705439650607,37.76125460348883,42.49627643336847,3.542850518346432,1.616984569698051,2.200315232946003,5.623572251343543,2.5666421741238903,3.492563861819052,34.565307939200935,27.704220495612923,30.73656978443313,54.8655681574618,43.974953167639555,48.78820600703671,3.3357103954661977,1.4957075612326631,2.0651773820623314,5.777537613062369,2.5906045995206255,3.5769412172975024,28.098337066661994,21.801780959750154,24.535586016246704,48.66705439650607,37.76125460348883,42.49627643336847,0.7437185929648241,-0.0012814070351758744,-0.0012814070351758744,0.6281407035175879,-0.0018592964824121205,-0.0018592964824121205,0.507537688442211,-0.0024623115577889765,-0.0024623115577889765,0.43939393939393945,0.1048003666151115,0.18120754140905282,0.4106463878326996,0.44221105527638194,0.10887772194304857,0.1901242439241282,0.4292929292929293,0.43939393939393945,0.1048003666151115,0.18120754140905282,0.4106463878326996,21.0,0.0,0.0,31.0,0.0,0.0,41.0,0.0,0.0,0.0006307335438517901,0.0004019703044092863,0.00011738225478765032,-0.000141735257445319,-0.00018927773293242467,8.23537205478786e-05
347,1,3.227144408531678,1.35121114586785,1.7537187842240287,6.405144485968965,2.6818454722554788,3.480731191023326,25.20757157040635,18.680663972421133,20.84341203563646,50.031271492532404,37.076850828510985,41.369411705248005,3.52850595371208,1.5949045674458353,2.186916165945469,5.930262107079126,2.6805118780602273,3.6754893545301996,34.073022893972386,27.15865613272735,30.247903091229226,57.26558469575191,45.64480022307119,50.83681191803232,3.3012427474344057,1.4618499086617769,2.017840217913104,6.0022595407898285,2.6579089248395946,3.6688003962056444,27.14635402845917,20.853637620973217,23.53745578689148,49.35700732447122,37.91570476540585,42.79537415798451,0.6884422110552764,-0.0015577889447235815,-0.0015577889447235815,0.5829145728643217,-0.002085427135678275,-0.002085427135678275,0.4974874371859297,-0.002512562814070307,-0.002512562814070307,0.4307692307692308,0.11578843691519747,0.1521768554026619,0.3753213367609255,0.4522613065326633,0.14399062984093391,0.21353008783483352,0.3787878787878788,0.4481605351170569,0.13931245498350098,0.19788244835398683,0.3825503355704698,28.0,11.0,11.0,39.0,12.0,12.0,50.0,12.0,12.0,0.0014188058241492798,0.0007185804152143039,0.0005102097669682183,-0.0071049786335111165,-0.0064992066069802235,-0.0074468844643460486
347,0,3.767477704588056,1.7641298206784262,2.041350688591401,6.838446925974958,3.2021179938364708,3.7053088129053995,43.2707853728265,35.85695011614754,37.651935376397844,78.54192975235735,65.08488424443586,68.34300875043643,4.220461749551284,1.9583896411080648,2.6845838307920324,6.493018076232745,3.012907140166253,4.13012897044928,68.06490597417876,58.461939020086646,63.41950394831997,104.71523996027501,89.94144464628715,97.56846761279995,3.9251643941553938,1.8526219964302295,2.5184455310245846,6.615445608127068,3.1223966231970164,4.244571119704356,50.66140581332254,42.71640900930552,46.57886777539739,85.38439182020652,71.99394776849245,78.50370973381582,0.7638190954773869,-0.001180904522613102,-0.001180904522613102,0.6582914572864322,-0.0017085427135676845,-0.0017085427135676845,0.5678391959798995,-0.0021608040201005485,-0.0021608040201005485,0.44547563805104406,0.13724852333493742,0.17079333111067263,0.4418604651162791,0.4824120603015075,0.14406619563985334,0.24201139252187476,0.505050505050505,0.46488294314381273,0.13934037219222672,0.22795302100810644,0.4664429530201343,31.0,10.0,10.0,41.0,8.0,8.0,49.0,10.0,10.0,0.00014476997937381506,0.0002942963461315601,0.000239603814893541,-0.0023440898991786696,-0.0020914244242220548,-0.002843387352116089
250,1,2.658732622285043,1.1415376568656732,1.5905386511975506,5.300422086734926,2.2757577646488745,3.170881541810502,14.278181777298888,9.718763861111816,11.368062785245211,28.464836748333042,19.375227953883172,22.66325337314911,2.710849850621056,1.1013144791705025,1.571832850199796,5.213172789655877,2.117912459943274,3.022755481153454,15.042053582961213,10.041566264132527,11.918357319576087,28.927026121079255,19.310704354101013,22.919917922261703,2.652922173008871,1.126642533487764,1.580210214240368,5.2018081823703355,2.2091030068387534,3.09845140047131,14.195459685319452,9.59443222486939,11.272163065745373,27.834234677096966,18.81261220562626,22.102280521069357,0.6281407035175879,-0.0018592964824121205,-0.0018592964824121205,0.507537688442211,-0.0024623115577889765,-0.0024623115577889765,0.3869346733668342,-0.0030653266331658324,-0.0030653266331658324,0.41290322580645167,0.12143784738455154,0.17255987816696672,0.33009708737864074,0.4321608040201005,0.13391518998501273,0.18174344174964974,0.30808080808080807,0.4147157190635451,0.12256212974801917,0.17889814398011905,0.32885906040268453,22.0,13.0,13.0,34.0,22.0,22.0,41.0,22.0,22.0,0.0010343674069784434,0.0005130264202063032,-0.00012448784038611584,-0.014188206918515966,-0.0158148582031874,-0.013220624064123498
250,0,3.3747822077445733,1.5119320191189949,2.090055027999604,6.0235938242882785,2.6986228480786707,3.730505195324874,29.217919651611222,22.775847902041505,25.604237714518465,52.1505891456084,40.65224015073687,45.700587083471916,3.683597509585433,1.6444989916488604,2.287960206143919,5.846980173945132,2.610315859760096,3.63168286689511,39.78927921651152,32.10559983985761,35.75173232110974,63.15758605795479,50.96126958707558,56.74878146207895,3.3916993994377926,1.5122995990973918,2.093577996169027,6.056606070424629,2.7005349983881994,3.73853213601612,29.716409434273505,23.16683680328986,26.053999424727984,53.06501684691697,41.36935143444618,46.52499897272854,0.7487437185929648,-0.0012562814070351536,-0.0012562814070351536,0.6030150753768844,-0.0019849246231156137,-0.0019849246231156137,0.4773869346733668,-0.0026130653266331905,-0.0026130653266331905,0.4117647058823529,0.11975818059687171,0.17698209718670077,0.4,0.4321608040201005,0.12138386166421078,0.18508233991325573,0.43939393939393945,0.4147157190635451,0.12256212974801917,0.1800104910323994,0.40268456375838924,25.0,2.0,2.0,35.0,4.0,4.0,42.0,0.0,0.0,0.0012811996721962492,0.00019295962039802503,0.00031325908540387985,-0.004196136454046595,-0.003419797623424259,-0.004253038157908229
156,1,2.67856971731774,1.2400171403041087,1.5936547210736318,5.53472416727533,2.562245361733352,3.292966108737781,14.564247400835601,10.34965629686626,11.60505913490442,30.094080264710026,21.385477652088298,23.97951445554836,3.8956119642784848,1.7950324162768965,2.4661598582452617,6.13482199098974,2.826822702798262,3.883716312197262,49.186144317768864,41.01524034607301,45.00973398283912,77.45849498861239,64.59092967885513,70.88147083911673,3.195806333452563,1.4757637081192514,2.0188022650588344,5.673028994294491,2.6196988901525176,3.583672659867754,24.429864369485085,18.845097857748463,21.185225458712132,43.36662314109778,33.45283643387301,37.606909098305564,0.8090452261306533,-0.0009547738693467256,-0.0009547738693467256,0.6633165829145728,-0.0016834170854271857,-0.0016834170854271857,0.542713567839196,-0.0022864321608039306,-0.0022864321608039306,0.4021447721179625,0.1317297788114029,0.178293354718158,0.29569892473118276,0.457286432160804,0.11392803617082903,0.20019127356314126,0.4292929292929293,0.4381270903010034,0.12927901016744747,0.19897247406073637,0.3489932885906041,28.0,8.0,8.0,38.0,6.0,6.0,47.0,6.0,6.0,0.0007827122156970879,0.0019083214436081293,0.0005348235639342341,-0.03891532012829213,-0.058835678694241444,-0.04741118389663068
156,0,3.951663824976707,1.8448123684511342,2.4997995096028416,7.151784223117353,3.3387708508778196,4.52417702658183,52.021850121921155,43.79953794268861,47.75078040362155,94.14997414703522,79.26910241161436,86.42012404336415,4.009546021121231,1.8463019164968393,2.535902721786,6.364358763684494,2.930637962693395,4.025242415533333,55.12184073093534,46.42252731685642,50.75673112421863,87.49498528719896,73.68655129659749,80.56623987971211,3.951663824976707,1.8448123684511342,2.4997995096028416,7.151784223117353,3.3387708508778196,4.52417702658183,52.021850121921155,43.79953794268861,47.75078040362155,94.14997414703522,79.26910241161436,86.42012404336415,0.728643216080402,-0.001356783919598037,-0.001356783919598037,0.6281407035175879,-0.0018592964824121205,-0.0018592964824121205,0.5527638190954773,-0.0022361809045226,-0.0022361809045226,0.4659863945578231,0.14170795652726287,0.2159863945578231,0.4573378839590444,0.44723618090452266,0.1239279102278309,0.2034966149612839,0.43434343434343436,0.4659863945578231,0.14170795652726287,0.2159863945578231,0.4573378839590444,28.0,7.0,7.0,41.0,9.0,9.0,50.0,10.0,10.0,0.0002042909481117069,1.1460735265093907e-05,-1.8544840449976497e-05,-0.0003496329132595122,0.00012301345579235345,-2.278298851532412e-05
388,1,3.5321651683377393,1.6704889080033225,2.2535425545968164,5.520996907266646,2.611079509356544,3.5224291281310594,34.19793179254476,27.76341813605792,30.606242618918536,53.45352401807671,43.39597339284728,47.83948733677807,3.7256790812890133,1.7208733096596989,2.370034918899223,5.644968304983353,2.6073838025146947,3.5909619983321552,41.49940464744343,34.07475296873936,37.6201456227134,62.877885829459736,51.62841358899903,57.00022064047484,3.6155707708569276,1.7233967060423807,2.337741842628713,5.739001223582425,2.735550327051398,3.710701337505893,37.17255688391909,30.53878161157489,33.58371725098696,59.00405854590332,48.47425652630935,53.3074876999793,0.778894472361809,-0.0011055276381910506,-0.0011055276381910506,0.6381909547738693,-0.0018090452261306789,-0.0018090452261306789,0.507537688442211,-0.0024623115577889765,-0.0024623115577889765,0.43641618497109824,0.1146268631817765,0.19203690833375708,0.4057971014492754,0.4321608040201005,0.10634626767924837,0.18007399266784674,0.40909090909090906,0.4381270903010034,0.11425396843122038,0.19786012700845612,0.4093959731543624,25.0,3.0,3.0,37.0,3.0,3.0,44.0,2.0,2.0,0.0007711482624346956,9.555913142451907e-05,0.00025617891302352904,-0.0028987036050720505,-0.0035747386254163516,-0.004035159168681801
388,0,3.8475343919895564,1.7955124947509478,2.4459574003423894,6.173445013135786,2.8809353023122553,3.924587015238637,46.877339481768345,39.09371658910271,42.815739453352904,75.21561815153791,62.72664130680887,68.69870059182048,3.997003533732352,1.8418270325060462,2.5275089387778626,5.9656769160184355,2.7489955709045466,3.772401401160989,54.43479338686303,45.80538024029838,50.08775581580643,81.24596027890004,68.36623916462446,74.75784450120364,3.8475343919895564,1.7955124947509478,2.4459574003423894,6.173445013135786,2.8809353023122553,3.924587015238637,46.877339481768345,39.09371658910271,42.815739453352904,75.21561815153791,62.72664130680887,68.69870059182048,0.7688442211055276,-0.0011557788944723812,-0.0011557788944723812,0.6381909547738693,-0.0018090452261306789,-0.0018090452261306789,0.5376884422110553,-0.0023115577889447625,-0.0023115577889447625,0.42756183745583043,0.10128317784383745,0.17609297729131812,0.4113475177304965,0.4371859296482412,0.10886512764322864,0.18342966921418447,0.4191919191919192,0.42756183745583043,0.10128317784383745,0.17609297729131812,0.4113475177304965,24.0,0.0,0.0,31.0,0.0,0.0,42.0,-1.0,-1.0,0.0005075743354830911,0.00024553652888903215,9.149007184151995e-05,-0.0002734037727947225,0.00016562223134020115,1.5767138139999304e-05
249,1,3.4418833168926617,1.602784040531275,2.1670560638356187,6.028269624384257,2.8071882328380133,3.7954796956196097,31.24574843643427,24.954879062827036,27.667665182667193,54.725212579419555,43.707100323910936,48.458396244787046,3.6673930218471353,1.6467772126025157,2.2886170522765488,5.276824491866382,2.3694636152554183,3.29297417593748,39.14971026798625,31.60674173450213,35.17967106455288,56.33051837120324,45.47732623669371,50.618231747558106,3.45071676742273,1.6052650279475245,2.1738854483001187,6.053889065653913,2.8162544349956575,3.81383411982477,31.52297885744221,25.192019768781453,27.937717698350617,55.30347167972318,44.1965259101429,49.01353982166775,0.728643216080402,-0.001356783919598037,-0.001356783919598037,0.5829145728643217,-0.002085427135678275,-0.002085427135678275,0.49246231155778897,-0.002537688442211028,-0.002537688442211028,0.4139072847682119,0.11803951617317066,0.17161653586953352,0.3820598006644518,0.4371859296482412,0.1314215186206723,0.19177691462319946,0.4191919191919192,0.4147157190635451,0.12089268066621617,0.17333640871871747,0.3825503355704698,26.0,8.0,8.0,39.0,10.0,10.0,48.0,9.0,9.0,0.0007106108815259819,1.4649304137056712e-05,0.0002511021777343436,0.0004951882937413998,9.202525539642181e-05,-5.081944426521545e-05
249,0,3.170955831576616,1.3882637636695734,1.7683382479335428,5.584881667326383,2.4450951873639784,3.114505652891961,23.830251180627734,17.884409679068263,19.764422483954558,41.97129825056506,31.499117948268882,34.81031167219024,3.7361491025991773,1.628568171334821,2.2816059823232244,5.454232266568142,2.3774717829705416,3.3308116530266054,41.93618686799251,33.70787453151533,37.65366044891236,61.22071075619344,49.20857595841653,54.96884737067498,3.4594518261210974,1.5579659859732542,2.1454281769191894,5.6099218801963735,2.5264313286052764,3.479072719328415,31.799540058778152,25.103704062161036,28.078423962372018,51.56682171693754,40.708709289990864,45.53257939844111,0.7537688442211055,-0.0012311557788945438,-0.0012311557788945438,0.6030150753768844,-0.0019849246231156137,-0.0019849246231156137,0.5175879396984925,-0.002412060301507535,-0.002412060301507535,0.41025641025641024,0.08887356774680721,0.14046168884878563,0.377892030848329,0.42713567839195976,0.11134620470774925,0.17004051979429702,0.45959595959595956,0.4180602006688964,0.10754267145353746,0.17000680801038692,0.40604026845637586,24.0,3.0,3.0,37.0,5.0,5.0,43.0,1.0,1.0,0.00019649028755558818,0.0011405942278463138,6.589799126248558e-05,0.00014768275679433174,-0.0002488449489845834,4.4374613323405754e-05
221,1,3.239639447945537,1.4162849499710908,1.9644174305228057,6.003527648290681,2.6245839981981756,3.6403539796401647,25.524517170981607,19.331920470666514,21.9450211386095,47.30067867349739,35.82488758550089,40.667346865255375,3.1220471265927032,1.3023183039562782,1.8491631756252807,5.477275660688954,2.2847689543092606,3.244145922149616,22.692787133968885,16.522602125478162,19.12165042506203,39.811907252576994,28.987021272768708,33.546755131687775,3.239639447945537,1.4162849499710908,1.9644174305228057,6.003527648290681,2.6245839981981756,3.6403539796401647,25.524517170981607,19.331920470666514,21.9450211386095,47.30067867349739,35.82488758550089,40.667346865255375,0.6582914572864322,-0.0017085427135676845,-0.0017085427135676845,0.5175879396984925,-0.002412060301507535,-0.002412060301507535,0.42211055276381915,-0.0028894472361808976,-0.0028894472361808976,0.428030303030303,0.11990175860686247,0.18495725517136097,0.42205323193916355,0.4170854271356784,0.11382728177226986,0.17000696302883367,0.40909090909090906,0.428030303030303,0.11990175860686247,0.18495725517136097,0.42205323193916355,25.0,13.0,13.0,35.0,7.0,7.0,42.0,10.0,10.0,-0.00039639093553628293,-0.00026012631628386635,-5.580305890154681e-05,-0.000141735257445319,-0.00018927773293242467,8.23537205478786e-05
221,0,3.429967898109649,1.5329496612030167,2.1273574057348705,6.332248427279352,2.830060912990185,3.9274290567413,30.875651566986583,24.20966318567391,27.196763714985604,57.00120289289831,44.69476280432107,50.20940993535804,3.332486138271926,1.3572019236665613,1.933805344450811,5.898205554463587,2.4021272985248876,3.422664326461613,28.00788669721386,20.799218525736936,23.958032848130944,49.57148088002453,36.81277615174679,42.403597961293706,3.429967898109649,1.5329496612030167,2.1273574057348705,6.332248427279352,2.830060912990185,3.9274290567413,30.875651566986583,24.20966318567391,27.196763714985604,57.00120289289831,44.69476280432107,50.20940993535804,0.7487437185929648,-0.0012562814070351536,-0.0012562814070351536,0.6130653266331658,-0.001934673366834172,-0.001934673366834172,0.4824120603015075,-0.0025879396984924696,-0.0025879396984924696,0.4564459930313589,0.12253294955309801,0.18761632906843884,0.46153846153846156,0.457286432160804,0.11142177050666868,0.17514953733609617,0.4545454545454546,0.4564459930313589,0.12253294955309801,0.18761632906843884,0.46153846153846156,20.0,4.0,4.0,37.0,15.0,15.0,42.0,5.0,5.0,-0.00013549290773500665,6.341060300482276e-05,-0.00011859159201054302,-0.00030112346023614123,0.00015012813114179124,1.7489102663859057e-06
295,1,2.8644385438065627,1.2246493310378022,1.7057725474751277,5.627779256655247,2.406075744509564,3.3513413579805453,17.53920294547917,12.385119962635258,14.35352221496944,34.45937519876495,24.33311804423633,28.200449528234074,3.104335560271488,1.2832353799610738,1.7959589544702164,5.644246473220887,2.3331552362928614,3.265379917218575,22.29440076732478,16.11574842372723,18.594238755018814,40.53527412240869,29.30136077041314,33.80770682730693,2.93316374136054,1.246438612887395,1.7414560027133337,5.333024984291891,2.266252023431627,3.16628364129697,18.786973699634537,13.385212067874374,15.494274220732777,34.15813399933552,24.336749214317038,28.171407674059594,0.6432160804020101,-0.001783919597989958,-0.001783919597989958,0.5025125628140703,-0.0024874371859296973,-0.0024874371859296973,0.4120603015075377,-0.0029396984924623393,-0.0029396984924623393,0.39039039039039036,0.1025343184263724,0.14963114963114965,0.3493975903614458,0.40201005025125625,0.10627070188032894,0.1499232388990025,0.35858585858585856,0.3913043478260869,0.09414241126515199,0.15548677274266087,0.3523489932885906,24.0,14.0,14.0,38.0,18.0,18.0,38.0,12.0,12.0,0.001747948137131574,-0.0003044009405207197,0.0005556139396624015,-0.021593259844297386,-0.016462432169301877,-0.019507305346672332
295,0,3.2184497456491727,1.3978417750470167,1.9457285198058802,6.046220620439198,2.6260033346258984,3.655270340675787,24.989350288495796,18.81373838923622,21.418794645974852,46.945311235613495,35.34372818787152,40.23761999966374,3.4688253618364957,1.4289429101671804,2.027859351145765,5.829958591321842,2.401584722970051,3.408166976715572,32.09901556268245,24.409310328945892,27.874240538442677,53.9479253154327,41.02405097301831,46.84746308981963,3.2487621753909517,1.4181885298135448,1.9720320641595561,5.9428576379102775,2.594247310634533,3.607375727121139,25.758435749723308,19.520972023800518,22.17353742899172,47.11908978607922,35.70909516548875,40.56134895547266,0.6934673366834171,-0.0015326633165829717,-0.0015326633165829717,0.5979899497487438,-0.0020100502512562235,-0.0020100502512562235,0.4974874371859297,-0.002512562814070307,-0.002512562814070307,0.43518518518518523,0.11623295097871378,0.17748497984637623,0.3900928792569659,0.4623115577889447,0.12396569312729055,0.19353025561866088,0.4191919191919192,0.44147157190635455,0.11759845003657154,0.18451940282960255,0.3959731543624161,23.0,4.0,4.0,36.0,4.0,4.0,46.0,6.0,6.0,0.0007188823790624657,0.00015955865167174146,0.0004656159639718294,0.0004083119095046328,6.807704299838235e-06,-0.00012791969757852684
9,1,3.095441375966409,1.3679799755539572,1.8979882410901623,5.0961534848227465,2.2521621548754176,3.124736738380146,22.096989465554767,16.470636758619456,18.785317673945595,36.37918997377919,27.116292224556418,30.92704739003238,3.376687349386551,1.4813042749177134,2.0693719972205136,5.039831864756046,2.210901902862259,3.0886149212246474,29.273636984884888,22.618539670625566,25.577399700031446,43.69199549982819,33.7590144337695,38.17522343288275,3.095441375966409,1.3679799755539572,1.8979882410901623,5.0961534848227465,2.2521621548754176,3.124736738380146,22.096989465554767,16.470636758619456,18.785317673945595,36.37918997377919,27.116292224556418,30.92704739003238,0.7487437185929648,-0.0012562814070351536,-0.0012562814070351536,0.6080402010050252,-0.001959798994974782,-0.001959798994974782,0.4824120603015075,-0.0025879396984924696,-0.0025879396984924696,0.43122676579925645,0.1102620162630783,0.17041094379678423,0.33582089552238803,0.42211055276381915,0.08877721943048578,0.1566681487571413,0.3484848484848485,0.43122676579925645,0.1102620162630783,0.17041094379678423,0.33582089552238803,26.0,3.0,3.0,38.0,6.0,6.0,47.0,6.0,6.0,0.0005433343329359202,0.0006366977331960012,0.00019980460931474502,-0.014187176285211045,-0.012753707707002349,-0.01451198622619998
9,0,3.9084205957780402,1.7982546361694616,2.4675239061249616,6.602061817192636,3.037592290826794,4.168114706292165,49.82020356214625,41.570593289029276,45.59572139354435,84.15574926038218,70.22059677200892,77.01979965125736,4.208346041003663,1.9438347073325333,2.6766796353927367,6.524567505432036,3.0136972206705943,4.149890907585638,67.24522693397742,57.61880758942499,62.619347940220194,104.25616578911227,89.33148463476742,97.0842603724344,3.9084205957780402,1.7982546361694616,2.4675239061249616,6.602061817192636,3.037592290826794,4.168114706292165,49.82020356214625,41.570593289029276,45.59572139354435,84.15574926038218,70.22059677200892,77.01979965125736,0.8090452261306533,-0.0009547738693467256,-0.0009547738693467256,0.6783919597989949,-0.0016080402010050232,-0.0016080402010050232,0.5829145728643217,-0.002085427135678275,-0.002085427135678275,0.4538152610441767,0.13317397847904644,0.2001436989613996,0.3870967741935484,0.4371859296482412,0.1013463306507475,0.17341297472336648,0.4040404040404041,0.4538152610441767,0.13317397847904644,0.2001436989613996,0.3870967741935484,27.0,0.0,0.0,37.0,0.0,0.0,47.0,0.0,0.0,0.0005528753733021615,0.00046293503204230445,0.0006263688556474201,-3.7786429536446065e-05,-0.00010682844012599446,0.00013492207507859177
209,1,3.390762410235049,1.5580867467943846,2.1452635189699905,5.933834217911336,2.7266518068901733,3.7542111581974837,29.688578520158472,23.437989744350443,26.213910671720555,51.95501241027733,41.01648205261328,45.87434367551097,3.453661456179978,1.5480383374997555,2.15362011077631,5.041841541868581,2.2599099817514676,3.1439709646369485,31.615941024027695,24.892345103213597,27.94649264472028,46.15465842923751,36.33918993169868,40.797799481343475,3.437754438074935,1.595964635230717,2.1856306611977834,5.729590730124892,2.659941058717862,3.642717768662972,31.11700449453668,24.80918658025507,27.619240950362382,51.86167415756113,41.348644300425114,46.03206825060397,0.7236180904522613,-0.0013819095477386467,-0.0013819095477386467,0.5728643216080402,-0.0021356783919597166,-0.0021356783919597166,0.4623115577889447,-0.002688442211055242,-0.002688442211055242,0.4208955223880597,0.11389105144916256,0.18157079547644106,0.39820359281437123,0.4170854271356784,0.10380221911562826,0.17000696302883367,0.38888888888888884,0.4280936454849499,0.11924556535139397,0.1933884174538042,0.40604026845637586,23.0,9.0,9.0,33.0,7.0,7.0,41.0,7.0,7.0,0.0005393576470944198,0.00014341732166552772,0.00024200687408218376,0.0003648737173866934,-3.5801071247121286e-05,0.00018020799302398416
209,0,3.224234478715537,1.4435369033616854,1.975996576131107,5.997769514169763,2.685289078296469,3.6757785771041025,25.134325927825866,19.2003315444419,21.65012787911492,46.75525145713844,35.71674577621989,40.27389379663313,3.5024075016903518,1.5407775510785393,2.1586111690794842,5.603852002704563,2.465244081725663,3.4537778705271744,33.19527351196761,26.084365458662283,29.361704092043755,53.11243761914818,41.734984733859655,46.97872654727001,3.1954974490264587,1.4179066394654825,1.9555148665883473,6.029240469861243,2.675295546161288,3.6896506916761274,24.42231953015118,18.506732069728038,20.966766253225728,46.07984817009657,34.918362395713274,39.559936326841,0.7386934673366834,-0.0013065326633165952,-0.0013065326633165952,0.6130653266331658,-0.001934673366834172,-0.001934673366834172,0.46733668341708545,-0.002663316582914521,-0.002663316582914521,0.4057971014492754,0.09320665282409446,0.15262017085298996,0.37790697674418605,0.4170854271356784,0.08876462513066585,0.16165971761981868,0.38888888888888884,0.39799331103678925,0.08747578182143034,0.14660287722143883,0.3657718120805369,21.0,8.0,8.0,32.0,7.0,7.0,40.0,4.0,4.0,0.0005252917942295299,-4.839019188310041e-05,0.00041041463934320544,0.0003253844518242843,-7.453632174492242e-05,0.00015551101489830188
217,1,3.7511000260710716,1.7089698815874423,2.3380172333740568,6.788962723241306,3.0929947856899487,4.23148189420516,42.56788203474294,34.86087326657828,38.459280166066016,77.04187100654178,63.09327063035646,69.6058803005561,3.9200654580964516,1.7720291299217363,2.449840136267829,6.533442430160753,2.953381883202894,4.083066893779716,50.4037440032203,41.835726909792484,46.05352877412899,84.00624000536716,69.7262115163208,76.75588129021499,3.7511000260710716,1.7089698815874423,2.3380172333740568,6.788962723241306,3.0929947856899487,4.23148189420516,42.56788203474294,34.86087326657828,38.459280166066016,77.04187100654178,63.09327063035646,69.6058803005561,0.7688442211055276,-0.0011557788944723812,-0.0011557788944723812,0.6331658291457287,-0.0018341708542712887,-0.0018341708542712887,0.5376884422110553,-0.0023115577889447625,-0.0023115577889447625,0.42578125,0.10804245857699801,0.18422280844155847,0.3686274509803922,0.44221105527638194,0.11890278459969017,0.19346314208773419,0.38383838383838387,0.42578125,0.10804245857699801,0.18422280844155847,0.3686274509803922,21.0,-1.0,-1.0,34.0,0.0,0.0,44.0,0.0,0.0,0.00015578883837709677,0.0003416959410595344,0.0004851578118637445,-8.629588256159337e-05,-0.00014530477676810705,0.00011039017629776993
217,0,4.46764207922894,2.111795647684738,2.8753577022917174,7.3227032896237665,3.4613455290453996,4.712864399614236,87.15098543353392,76.60393299108568,82.23602168969347,142.84510630230116,125.55792567177951,134.78921898251534,4.590966727865402,2.1126756095112733,2.915164097211638,6.90370936521113,3.176955803776351,4.383705409340809,98.58969351161895,86.66881787539292,93.24661156177625,148.25517821296083,130.3290494366811,140.22046851394924,4.46764207922894,2.111795647684738,2.8753577022917174,7.3227032896237665,3.4613455290453996,4.712864399614236,87.15098543353392,76.60393299108568,82.23602168969347,142.84510630230116,125.55792567177951,134.78921898251534,0.8291457286432161,-0.0008542713567838423,-0.0008542713567838423,0.728643216080402,-0.001356783919598037,-0.001356783919598037,0.6482412060301508,-0.0017587939698492372,-0.0017587939698492372,0.4528985507246377,0.10027648924181676,0.19024794831499914,0.43999999999999995,0.44723618090452266,0.08382765960126448,0.17845487873423882,0.4494949494949495,0.4528985507246377,0.10027648924181676,0.19024794831499914,0.43999999999999995,29.0,4.0,4.0,39.0,7.0,7.0,52.0,8.0,8.0,0.00029438729616656167,4.2827263932887095e-06,8.157843677252857e-05,-0.00022489431977135155,0.00019273690668875076,4.029903692170933e-05
372,1,3.8004192579920892,1.7281624373447104,2.3906754595770057,6.719581876449781,3.05559155588485,4.2269913922955755,44.719929751430556,36.777201532440486,40.62502360320941,79.07002071992069,65.02635633272085,71.82975187813837,3.8075850357362375,1.7264827571391637,2.389449838123838,6.399302581069307,2.9016516926708635,4.0158820808804006,45.04153372390527,37.028236790269204,40.91212100680475,75.70005667883238,62.232330739948246,68.75986723832732,3.8004192579920892,1.7281624373447104,2.3906754595770057,6.719581876449781,3.05559155588485,4.2269913922955755,44.719929751430556,36.777201532440486,40.62502360320941,79.07002071992069,65.02635633272085,71.82975187813837,0.7487437185929648,-0.0012562814070351536,-0.0012562814070351536,0.6180904522613065,-0.0019095477386934512,-0.0019095477386934512,0.5226130653266332,-0.002386934673366814,-0.002386934673366814,0.44855967078189296,0.13028451677778619,0.19821767351787112,0.4256198347107438,0.44221105527638194,0.12391531592801097,0.20014093841494618,0.4191919191919192,0.44855967078189296,0.13028451677778619,0.19821767351787112,0.4256198347107438,25.0,3.0,3.0,34.0,2.0,2.0,47.0,7.0,7.0,-8.942861920649072e-06,-9.916591227873514e-05,0.00023939903158958327,3.793101625682027e-06,-7.384872300431056e-05,-9.33731963588258e-05
372,0,3.273350962719252,1.4699740558772154,1.9940173885043802,5.881802511136156,2.6413596316543715,3.5829999949688083,26.399655550015414,20.329544457251096,22.805411919400658,47.43688106643395,36.52965019662307,40.978474542673055,3.854742826528885,1.6274857910989708,2.2898063568171607,6.478559372317454,2.735270237141128,3.8484140450708586,47.21647255559381,37.94208072581855,42.43410145476448,79.35541605982154,63.768202900535385,71.31781757103275,3.4043411295549526,1.5490974628137455,2.0935072895507565,6.15242372811136,2.799573727976649,3.7834469088266682,30.094460839518963,23.701204954850454,26.385195482615643,54.387579830455955,42.83350293045263,47.684088221594536,0.8241206030150754,-0.0008793969849245631,-0.0008793969849245631,0.6633165829145728,-0.0016834170854271857,-0.0016834170854271857,0.5276381909547738,-0.002361809045226204,-0.002361809045226204,0.41279069767441856,0.0934873595031559,0.15374866443883695,0.35276967930029157,0.4371859296482412,0.09382753365826624,0.1483712384963214,0.398989898989899,0.4180602006688964,0.08750928247190137,0.1533216022261823,0.35906040268456374,25.0,16.0,16.0,34.0,18.0,18.0,46.0,21.0,21.0,0.0008222925812569344,0.0004485984424280901,0.0005738162654516357,0.00032933337838070287,-7.066279669576403e-05,0.0001579807127098931
213,1,2.844367174541249,1.2346806584362582,1.7162781390974187,4.999635085147247,2.170237652199815,3.0167569352176278,17.19067652828053,12.18943335540381,14.100930069267571,30.216601526513713,21.4257565680036,24.785655431032172,3.3324435044772662,1.492870800848057,2.076784342573643,4.829628267358357,2.1635808707942856,3.009832380541512,28.006692640177324,21.712844292362142,24.496541270178746,40.5894096234454,31.467890278785717,35.50223372489673,3.033704618147783,1.3209262837212215,1.8421021536352453,4.91952100240181,2.1420426222506292,2.9871926815706678,20.774050134830595,15.229705993993868,17.481697273771935,33.68764886729286,24.696820530800867,28.348698281792327,0.7638190954773869,-0.001180904522613102,-0.001180904522613102,0.5628140703517588,-0.0021859296482411583,-0.0021859296482411583,0.4773869346733668,-0.0026130653266331905,-0.0026130653266331905,0.4117647058823529,0.12395266476634703,0.1651893634165995,0.3746312684365781,0.4522613065326633,0.15902822382589632,0.20852174058942452,0.43939393939393945,0.4280936454849499,0.13427060708762095,0.17781555872187982,0.3959731543624161,21.0,8.0,8.0,34.0,12.0,12.0,45.0,13.0,13.0,0.0005288118487481625,0.00036614665935296483,0.0004572963366455684,-0.0028750100457335392,-0.003551497475116072,-0.0032209202886397392
213,0,3.2236506334993225,1.4114260595679042,1.9750903607185133,5.30851164103421,2.324250522005842,3.2524585831397252,25.119655654871195,18.995599949881097,21.634334223488242,41.36551990992376,31.280797743554203,35.62610472672249,3.585113233058297,1.5333290460258313,2.167440350763284,5.515558820089687,2.3589677631166635,3.334523616558898,36.05744038195747,28.275667516000365,31.92993631437493,55.47298520301149,43.501026947692864,49.1229789451922,3.1952684439942987,1.3992088257831479,1.9564082025636786,5.266926006584009,2.306388174367826,3.2248486855445253,24.416727336426447,18.390870889083224,20.96505019306855,40.24735275235128,30.31462234464267,34.557775043519584,0.778894472361809,-0.0011055276381910506,-0.0011055276381910506,0.6231155778894473,-0.0018844221105527303,-0.0018844221105527303,0.5175879396984925,-0.002412060301507535,-0.002412060301507535,0.4470198675496688,0.12470581796289193,0.1959185459637658,0.4219269102990033,0.4773869346733668,0.13653480434755227,0.20359728525767395,0.4797979797979798,0.45150501672240806,0.12930134393442805,0.1990022358547774,0.41946308724832215,28.0,9.0,9.0,41.0,11.0,11.0,51.0,12.0,12.0,0.0011628623191304182,-0.00012679469887838253,0.00023873904401376889,0.0004951882937413998,9.202525539642181e-05,-5.081944426521545e-05
394,1,3.178820535248401,1.4061402477939111,1.9459746556107245,5.987103707492388,2.6483745771333176,3.665117909647193,24.01840797345092,18.13179793067184,20.58742816221428,45.23712421993517,34.15007340316721,38.77509475950788,3.263470798281569,1.308155574668987,1.8637501848146918,6.216134853869655,2.4917249041314036,3.5500003520279844,26.14010691505344,19.073960826285283,22.08603975821532,49.79067983819703,36.33135395482911,42.06864715850538,3.1771014605876196,1.3949546381565678,1.9416924072529496,5.994531057712489,2.6319898833142785,3.663570579722546,23.977154006395693,18.034553564349096,20.53736871778888,45.239913219614515,34.02745955537565,38.74975229771487,0.6683417085427136,-0.0016582914572863539,-0.0016582914572863539,0.5376884422110553,-0.0023115577889447625,-0.0023115577889447625,0.42713567839195976,-0.002864321608040288,-0.002864321608040288,0.38888888888888884,0.08709443538154793,0.1356280193236714,0.36721311475409835,0.4170854271356784,0.10881475044394906,0.15164302312900058,0.38888888888888884,0.3913043478260869,0.08746461493794,0.14102626106301686,0.3691275167785235,26.0,6.0,6.0,37.0,6.0,6.0,47.0,9.0,9.0,0.0009966522493511545,0.0005380682761341048,5.3988633534608237e-05,0.00047939258751661384,7.653115519623555e-05,-6.483767214060521e-05
394,0,4.025288098990315,1.8970905392008661,2.5754127233985544,6.815544622154056,3.212119208419648,4.360641997572552,55.99643897551638,47.596725797521906,51.73385571536691,94.81215235627204,80.58991072534958,87.59482388170078,4.205925677888956,1.9170916850671267,2.6570080862176413,5.9238389829421925,2.700129133897362,3.7422649101656926,67.08266587482106,57.21923573162839,62.37629266779427,94.48262799270573,80.59047286144845,87.85393333492152,4.025288098990315,1.8970905392008661,2.5754127233985544,6.815544622154056,3.212119208419648,4.360641997572552,55.99643897551638,47.596725797521906,51.73385571536691,94.81215235627204,80.58991072534958,87.59482388170078,0.7989949748743719,-0.0010050251256281673,-0.0010050251256281673,0.6783919597989949,-0.0016080402010050232,-0.0016080402010050232,0.5879396984924623,-0.002060301507537776,-0.002060301507537776,0.4612794612794613,0.13354836884248655,0.2149188789726304,0.4763513513513513,0.4623115577889447,0.12145942746313021,0.20855529735488798,0.505050505050505,0.4612794612794613,0.13354836884248655,0.2149188789726304,0.4763513513513513,20.0,0.0,0.0,32.0,0.0,0.0,41.0,0.0,0.0,0.00046330685646653243,-0.0002469078774123259,0.00016529574396743782,0.0005149329265217162,0.00011139288064487829,-3.329665942342075e-05
202,1,3.168078111491323,1.4527376667098368,2.0016223309834835,5.04012426828165,2.31117356067474,3.1843991629282695,23.761772965991714,18.203205390396448,20.551179563945603,37.80282062771409,28.95964493926708,32.69505839718619,3.1439978345554676,1.3507982825237808,1.9051639832267913,4.556518600805026,1.95767867032432,2.761107222067814,23.1964171731707,17.187770451845893,19.744831118722566,33.617995903145946,24.909812249052017,28.615697273510968,3.168078111491323,1.4527376667098368,2.0016223309834835,5.04012426828165,2.31117356067474,3.1843991629282695,23.761772965991714,18.203205390396448,20.551179563945603,37.80282062771409,28.95964493926708,32.69505839718619,0.6984924623115578,-0.0015075376884421399,-0.0015075376884421399,0.5527638190954773,-0.0022361809045226,-0.0022361809045226,0.4522613065326633,-0.0027386934673366836,-0.0027386934673366836,0.4301075268817204,0.11704849289245378,0.17980955310341284,0.42805755395683454,0.4321608040201005,0.11386506467172952,0.18174344174964974,0.4292929292929293,0.4301075268817204,0.11704849289245378,0.17980955310341284,0.42805755395683454,24.0,5.0,5.0,37.0,9.0,9.0,45.0,8.0,8.0,-8.418399671268075e-05,-1.5003984239425958e-05,2.304491358599027e-05,-0.0002456840853515274,0.00018111633153772289,2.978536601450088e-05
202,0,3.125928895876688,1.3895827131847465,1.930708949065553,5.88536957637473,2.616248832409902,3.6350589178958344,22.781046488433844,17.104482133194082,19.476762031021845,42.891211664430614,32.20361118870334,36.67004161702734,3.8413278080111173,1.6529247349010388,2.3220641826671446,6.29725870165757,2.7097126801656377,3.8066625945363035,46.58729236956012,37.66633674983294,42.01843280583839,76.37261044190183,61.748093032513,68.8826767308826,3.125928895876688,1.3895827131847465,1.930708949065553,5.88536957637473,2.616248832409902,3.6350589178958344,22.781046488433844,17.104482133194082,19.476762031021845,42.891211664430614,32.20361118870334,36.67004161702734,0.8040201005025126,-0.0009798994974873354,-0.0009798994974873354,0.6582914572864322,-0.0017085427135676845,-0.0017085427135676845,0.542713567839196,-0.0022864321608039306,-0.0022864321608039306,0.43014705882352944,0.12372504047490562,0.18809326909247814,0.3394833948339483,0.44723618090452266,0.10137151925038734,0.18346322597964793,0.4242424242424242,0.43014705882352944,0.12372504047490562,0.18809326909247814,0.3394833948339483,27.0,3.0,3.0,39.0,4.0,4.0,48.0,2.0,2.0,0.0016680091981541125,0.0014933374329125202,0.00021922453572043108,-0.013879725008858479,-0.015170012990323833,-0.012241211838153632
1,1,3.054764815636941,1.3019310022527435,1.817383915649325,5.545062219688795,2.3632877975674798,3.2989468903634482,21.216195222754287,15.445261948659402,17.76962051339086,38.5120065456518,28.036508102457823,32.25572419278558,3.1923438496326084,1.3230871613927293,1.8689630052107122,5.1489416929558205,2.134011550633435,3.014456460017278,24.345422632818394,17.861947268560435,20.589323912288055,39.26681069809418,28.80959236864586,33.20858695530332,3.086603747562421,1.3262115324657293,1.8391649344844287,5.479178250110807,2.3542216552646087,3.264789824528572,21.90256487538955,16.08784730816243,18.421149900666975,38.8802926782063,28.558308831057566,32.70026609585854,0.6482412060301508,-0.0017587939698492372,-0.0017587939698492372,0.5175879396984925,-0.002412060301507535,-0.002412060301507535,0.42713567839195976,-0.002864321608040288,-0.002864321608040288,0.3933933933933934,0.09204406805606202,0.14863814863814861,0.3644578313253012,0.4120603015075377,0.1163209531366104,0.16832073556429894,0.3787878787878788,0.39799331103678925,0.10250082355765733,0.15550165363968138,0.37248322147651003,24.0,10.0,10.0,34.0,11.0,11.0,43.0,12.0,12.0,0.00020069920242724663,0.0004998311314177565,0.0002729419271124402,0.0003727715704986423,-2.805402114880451e-05,0.00018514738865160751
1,0,3.6146403047062408,1.715754105133663,2.3300817523889195,6.510707536790157,3.0904245628612372,4.196954481712572,37.13798516440577,30.459533328655432,33.52491254182739,66.89311785636943,54.863858224505876,60.38523403618307,3.6118799549850387,1.627427803868168,2.2657976061296488,6.449785633901854,2.906121078336014,4.0460671538029445,37.035612694323326,29.76055203468892,33.19326964792552,66.1350226684345,53.143842919087355,59.273695799866985,3.6146403047062408,1.715754105133663,2.3300817523889195,6.510707536790157,3.0904245628612372,4.196954481712572,37.13798516440577,30.459533328655432,33.52491254182739,66.89311785636943,54.863858224505876,60.38523403618307,0.7185929648241206,-0.0014070351758793676,-0.0014070351758793676,0.5728643216080402,-0.0021356783919597166,-0.0021356783919597166,0.48743718592964824,-0.002562814070351749,-0.002562814070351749,0.4295302013422819,0.12299753802569902,0.18957484419942483,0.4107744107744108,0.4321608040201005,0.13140892432085238,0.18508233991325573,0.4040404040404041,0.4295302013422819,0.12299753802569902,0.18957484419942483,0.4107744107744108,24.0,13.0,13.0,36.0,20.0,20.0,46.0,18.0,18.0,0.00025635252034690765,0.0002835607456881441,0.00021369778681981137,-0.008840074083160232,-0.010381466981270293,-0.009809269016846756
481,1,3.1823035029621867,1.4201732932165365,1.9820615274866284,6.101606716423366,2.722976892778814,3.800316317164445,24.1022091666677,18.277376864291817,20.781288759852064,46.21250022038765,35.044226715005806,39.845115638724614,3.2701900376746402,1.44336072792432,2.020720759222845,5.638258685645932,2.488552979179862,3.484001309004905,26.31633996414949,20.10218772686909,22.827848915438388,45.37299993818878,34.658944356670844,39.35836019903171,3.1823035029621867,1.4201732932165365,1.9820615274866284,6.101606716423366,2.722976892778814,3.800316317164445,24.1022091666677,18.277376864291817,20.781288759852064,46.21250022038765,35.044226715005806,39.845115638724614,0.7135678391959799,-0.0014321608040201994,-0.0014321608040201994,0.5728643216080402,-0.0021356783919597166,-0.0021356783919597166,0.457286432160804,-0.0027135678391959628,-0.0027135678391959628,0.4285714285714286,0.11323665535328609,0.1854059609455293,0.4043478260869565,0.42713567839195976,0.11635873603607005,0.176718316121509,0.4040404040404041,0.4285714285714286,0.11323665535328609,0.1854059609455293,0.4043478260869565,16.0,4.0,4.0,29.0,8.0,8.0,39.0,10.0,10.0,0.00017531232303591424,0.00013681671584803555,0.00014905368645870047,8.695216395082639e-05,-7.889288760054569e-06,-3.900628491937397e-05
481,0,3.4908867664095284,1.5517432581140589,2.140063329678213,6.15908047321936,2.737789060494232,3.7757805243367204,32.81503407786498,25.862240668043047,28.95443089317876,57.89658878706115,45.629558376101436,51.085206098156156,3.7476495863804264,1.6862770409516843,2.3461412140847475,6.093739164846222,2.7419138877263163,3.814863762739427,42.42125723051615,34.56451107638156,38.35993589689863,68.97765403335958,56.20245703476675,62.37387950715223,3.4908867664095284,1.5517432581140589,2.140063329678213,6.15908047321936,2.737789060494232,3.7757805243367204,32.81503407786498,25.862240668043047,28.95443089317876,57.89658878706115,45.629558376101436,51.085206098156156,0.7236180904522613,-0.0013819095477386467,-0.0013819095477386467,0.5829145728643217,-0.002085427135678275,-0.002085427135678275,0.49246231155778897,-0.002537688442211028,-0.002537688442211028,0.4130434782608695,0.10562937337841016,0.16123624934520686,0.38909090909090904,0.4120603015075377,0.10629589047996879,0.17499853189151093,0.4040404040404041,0.4130434782608695,0.10562937337841016,0.16123624934520686,0.38909090909090904,24.0,7.0,7.0,34.0,5.0,5.0,38.0,3.0,3.0,0.0007083833856220163,0.0005921787188570272,3.877802085585783e-05,-0.00022489431977135155,0.00019273690668875076,4.029903692170933e-05
195,1,2.7809878346423007,1.2744040992280805,1.7524700130763564,6.155253074008292,2.8206810729581515,3.878800295609002,16.134951742519856,11.623659072933505,13.338034511948065,35.712026523443946,25.727032081426152,29.521516386445047,2.675257217943968,1.1628576663802748,1.6297103736159808,5.245602388125428,2.280113071333872,3.1955105365019234,14.516083156496265,9.978477195682839,11.671129311268997,28.462908149992675,19.565641560162426,22.884567276998034,2.774506482790944,1.2567655768095138,1.7304660380954318,5.903205282533923,2.6739693123606676,3.6818426342455997,16.030713610080277,11.468805843119952,13.190042175958792,34.107901298043146,24.401714559829685,28.06391952331658,0.728643216080402,-0.001356783919598037,-0.001356783919598037,0.5276381909547738,-0.002361809045226204,-0.002361809045226204,0.3517587939698492,-0.0032412060301507672,-0.0032412060301507672,0.40785498489425986,0.10167097282789483,0.15760372861285288,0.3727272727272727,0.39698492462311563,0.08370171660306547,0.1332119696982409,0.33333333333333337,0.41137123745819393,0.10586205548824401,0.1599808036428435,0.37248322147651003,16.0,3.0,3.0,29.0,5.0,5.0,37.0,5.0,5.0,0.0003108744262469143,-2.0828373223740387e-05,0.00010527594904120773,-0.007511049821735227,-0.010076381811156665,-0.009762902312968613
195,0,3.032074977445474,1.3241788735159312,1.7455107850977285,6.301295483853163,2.751924809764952,3.627541966795279,20.740223467322373,15.222882121963288,17.119897049840194,43.10258731756381,31.636380722739343,35.578780461120395,3.3417636821018393,1.5238243507436013,2.0747697719778517,6.24628725626512,2.8482698144740213,3.8780743401455173,28.268940188770618,22.109786799100696,24.718775796404266,52.83914053975816,41.32670429738448,46.20331924561545,3.1083115032285353,1.4373380592037472,1.9563490282952123,6.475648965059449,2.994454290007807,4.075727142281693,22.383218483119588,17.065877070233476,19.21882161344309,46.63170517316581,35.55391056298642,40.03921169467311,0.6884422110552764,-0.0015577889447235815,-0.0015577889447235815,0.5678391959798995,-0.0021608040201005485,-0.0021608040201005485,0.457286432160804,-0.0027135678391959628,-0.0027135678391959628,0.41239892183288407,0.11764791241161898,0.15628943991695055,0.35945945945945945,0.42211055276381915,0.12135867306457104,0.1750320886569744,0.36868686868686873,0.40802675585284276,0.12922875919174093,0.18333265129221987,0.3557046979865772,25.0,0.0,0.0,39.0,3.0,3.0,48.0,2.0,2.0,0.0013955915098985382,0.0003934383701486995,0.0005215984044895828,-0.018386079049256487,-0.016926923533262972,-0.018580284623930687
340,1,2.757768859382437,1.159290288197572,1.5838891126815424,5.223710326237632,2.1959043554218556,3.0001709118518103,15.764630573394554,10.819128105653201,12.530113138748927,29.861046271297617,20.493374930284897,23.734288379217542,2.6033190219246563,1.0581944295857693,1.5206762630966826,4.607644286592312,1.8729104948420696,2.6914624125605,13.508498716479334,8.819942967719882,10.556026795392619,23.908847285804132,15.610518526937847,18.683233266181624,2.827384896102956,1.2234205026575893,1.7087010779180642,4.819406072902766,2.085375856802709,2.9125586555421554,16.901204576466476,11.92849740935089,13.840381625029657,28.808871437158768,20.33266603866629,23.591559588118734,0.592964824120603,-0.0020351758793969443,-0.0020351758793969443,0.44221105527638194,-0.0027889447236180143,-0.0027889447236180143,0.371859296482412,-0.003140703517587995,-0.003140703517587995,0.4061624649859944,0.10826036708389652,0.16471573966830133,0.3960674157303371,0.38190954773869346,0.0936889963602473,0.1515255744498788,0.36363636363636365,0.40802675585284276,0.12088151378272594,0.18110795718765926,0.40268456375838924,22.0,13.0,13.0,33.0,20.0,20.0,41.0,21.0,21.0,-2.47920505109076e-05,-8.382677558622516e-05,-0.00010814445889156739,0.00027799733314992636,-0.0001210186223419285,0.0001258746411432199
340,0,3.485480081887893,1.5729692704318974,2.160702950557587,6.510235785135433,2.938017315461878,4.035795740983999,32.638092306241624,25.86802647084115,28.87674533105916,60.9619540202789,48.31671610932974,53.9364496126105,3.5614915037874,1.5509597233723884,2.166630321082608,6.303524785464425,2.745061457296263,3.834743931119661,35.21568231801291,27.748395069233027,31.181267830761445,62.32864127081931,49.112203662359335,55.18808465621495,3.4203995892834107,1.5230659730760523,2.1050490029152193,6.494429599905211,2.8918974172330114,3.996928486547885,30.581632672551493,23.91354164493634,26.855575611447122,58.06639115041423,45.40545881949939,50.99159926224138,0.7336683417085428,-0.001331658291457205,-0.001331658291457205,0.5326633165829145,-0.0023366834170853723,-0.0023366834170853723,0.457286432160804,-0.0027135678391959628,-0.0027135678391959628,0.3950617283950617,0.10692613517472271,0.1558420158693944,0.38390092879256965,0.3869346733668342,0.09370159066006722,0.13985620925998943,0.3737373737373737,0.3913043478260869,0.10749800391957609,0.1499250374812593,0.3691275167785235,24.0,0.0,0.0,35.0,-1.0,-1.0,46.0,0.0,0.0,0.0011966773851306855,-0.00019949808847741424,0.00020747608205837263,-0.004267217132057688,-0.0034895210743215443,-0.0043161201833461504
320,1,3.149685385766406,1.4231411145697683,1.8763390065273342,5.795421109810188,2.618579650808374,3.452463772010295,23.3287238776749,17.707528897673036,19.75593539230729,42.92485193492182,32.58185317171839,36.35092112184542,3.282248028558702,1.4582423118333026,2.0399407964597964,4.7916029613995645,2.1288208931873025,2.9780157612551768,26.63558299831408,20.438952249529216,23.171987426498234,38.884062771261426,29.83788649566308,33.82771887080033,3.1113838802611946,1.4124408418445693,1.9489144453373926,5.364454965967577,2.435242830766499,3.360197319547229,22.452093920981685,16.983929224775096,19.254273577937617,38.71050676031325,29.282636594439822,33.19702341023727,0.6783919597989949,-0.0016080402010050232,-0.0016080402010050232,0.5778894472361809,-0.002110552763819218,-0.002110552763819218,0.44723618090452266,-0.0027638190954772934,-0.0027638190954772934,0.4168937329700273,0.11485291664349673,0.16958190501303805,0.3989071038251366,0.42211055276381915,0.10882734474376898,0.1783709868205804,0.38888888888888884,0.42140468227424754,0.11756494938610063,0.18669945424310186,0.3959731543624161,23.0,12.0,12.0,32.0,12.0,12.0,41.0,13.0,13.0,0.000466962029937711,3.820977143697346e-05,0.00026638372833999083,-0.00765716010431472,-0.007152411430082495,-0.008275223308516821
320,0,3.3284779192765086,1.5092042109455694,2.059495611740813,5.928851293711281,2.6882700007467952,3.668476558413323,27.895849638263744,21.728472130322587,24.338619085368958,49.6894821681573,38.70384098213711,43.35316524581346,3.8386848679739027,1.6906493563380054,2.3607321677474484,6.506245538938819,2.865507383623738,4.001240962283812,46.4643275152766,37.89631741796448,42.08036631095898,78.75309748351967,64.23104647112623,71.32265476433726,3.271905648269781,1.4676135320488959,2.0186073473474,5.877674817251103,2.636431494698615,3.6262407437378434,26.361527306675708,20.285858248345484,22.859653141575244,47.356037077860556,36.44166152397393,41.06524516450643,0.7135678391959799,-0.0014321608040201994,-0.0014321608040201994,0.6130653266331658,-0.001934673366834172,-0.001934673366834172,0.5025125628140703,-0.0024874371859296973,-0.0024874371859296973,0.4134897360703812,0.11627158087272382,0.18475073313782986,0.388235294117647,0.42713567839195976,0.10132114205110765,0.180057214285115,0.4444444444444444,0.4147157190635451,0.11755378250261017,0.1800104910323994,0.3791946308724832,24.0,5.0,5.0,33.0,5.0,5.0,45.0,9.0,9.0,0.0007582110683306833,7.83442865087664e-05,0.0005346416023794203,-0.013103003313709394,-0.015355195672546174,-0.018159778286332084
116,1,2.8890698055677775,1.2042237633374102,1.5497265554786337,5.807470269060101,2.4206731486376367,3.115186375479893,17.976580107189232,12.584959320652784,14.160043934869101,36.135663565720485,25.2976847257792,28.463844660955147,3.3616627059390196,1.4697657410268918,2.052496385163712,5.378660329502432,2.351625185643027,3.2839942162619398,28.837098655131793,22.20516134660667,25.134013415372028,46.13935784821087,35.52825815457067,40.21442146459525,3.052590140929589,1.369422568916065,1.8929517136736422,5.355421299876472,2.402495734940465,3.3209679187256884,21.170107031192757,15.787528329009556,17.98132693951197,37.140538651215365,27.697418121069397,31.5461876131789,0.728643216080402,-0.001356783919598037,-0.001356783919598037,0.5829145728643217,-0.002085427135678275,-0.002085427135678275,0.44723618090452266,-0.0027638190954772934,-0.0027638190954772934,0.39746835443037976,0.07382739362127733,0.11398839353106405,0.3451776649746193,0.39698492462311563,0.06866412261810306,0.1415592151072559,0.38888888888888884,0.40802675585284276,0.09583977755568085,0.16108571024661367,0.35906040268456374,16.0,0.0,0.0,28.0,0.0,0.0,36.0,0.0,0.0,0.000329867067994517,0.0010760421499304076,0.0001333901073817398,0.0001279381240131272,-0.0002682125742330399,3.202612425834417e-05
116,0,3.6448897802377047,1.6957118352010676,2.3206925340553552,5.49040359301629,2.5543001061889505,3.4957267285137634,38.27855356596287,31.25564157863233,34.51938710774182,57.660099675311166,47.08128288426895,51.997557795206035,3.6066437690102275,1.6527758429743202,2.2690038698041457,5.26517338541639,2.4128114495975477,3.312414408473205,36.84219416817486,29.786267498463335,33.03215336259928,53.78422506302899,43.48360218753771,48.22212169722522,3.6448897802377047,1.6957118352010676,2.3206925340553552,5.49040359301629,2.5543001061889505,3.4957267285137634,38.27855356596287,31.25564157863233,34.51938710774182,57.660099675311166,47.08128288426895,51.997557795206035,0.7688442211055276,-0.0011557788944723812,-0.0011557788944723812,0.6231155778894473,-0.0018844221105527303,-0.0018844221105527303,0.507537688442211,-0.0024623115577889765,-0.0024623115577889765,0.44303797468354433,0.11461692205196539,0.18637598309869163,0.44491525423728817,0.42713567839195976,0.09881487638694719,0.16837107071249402,0.4242424242424242,0.44303797468354433,0.11461692205196539,0.18637598309869163,0.44491525423728817,25.0,7.0,7.0,37.0,11.0,11.0,49.0,12.0,12.0,-4.490957994224683e-05,6.13151322945225e-05,-9.688572716908294e-05,4.537263278781012e-05,-4.0869005880850295e-05,-6.618974063954397e-05
269,1,2.742967471906117,1.1835118726202156,1.4242689150144827,5.7739465283623765,2.491292491865554,2.9980860661054862,15.533010545362666,10.776779300845872,11.794457849212014,32.69698719798841,22.685120428280563,24.827333772591288,3.1830647602752227,1.3495199882035755,1.9002062386831828,5.092903616440356,2.159231981125721,3.0403299818930924,24.120564135196748,17.864540557360364,20.51362862896817,38.592902616314795,28.58326489177658,32.82180580634907,2.8060832051529134,1.235200876987321,1.7174018746152766,5.261406009661712,2.3160016443512266,3.220128514903643,16.54498781923363,11.73409671282959,13.574633246232597,31.021852161063055,22.001431336555484,25.45243733668612,0.6582914572864322,-0.0017085427135676845,-0.0017085427135676845,0.507537688442211,-0.0024623115577889765,-0.0024623115577889765,0.40201005025125625,-0.002989949748743781,-0.002989949748743781,0.3738095238095238,0.07535530264424439,0.10010473397570174,0.3317422434367542,0.3869346733668342,0.09871412198838803,0.14319510742359542,0.33838383838383834,0.37792642140468224,0.08577283208915631,0.15100762273949875,0.3221476510067114,23.0,8.0,8.0,32.0,3.0,3.0,44.0,9.0,9.0,0.0002633198421322421,0.0010615660901147493,8.04350212199525e-05,2.9214960108880916e-05,0.00033477294703487814,-2.971632105985833e-05
269,0,3.647555854110842,1.683362264404111,2.2903914993318786,5.561619817159105,2.5667107793884463,3.4922801078921712,38.380743179526114,31.251581937037297,34.49558245002429,58.52113316482199,47.650926913898445,52.5972247257796,3.76631206423793,1.7175628994080547,2.3618641176337443,5.194913192052318,2.369052275045593,3.257743610529303,43.22037658438082,35.462185767723916,39.147099130570034,59.61431253018045,48.9133596796192,53.99599880078625,3.63354378280831,1.6794223045954155,2.283751331909829,5.477704195188407,2.531792418988063,3.442841203884164,37.846699734594495,30.788983792487826,33.99007472602389,57.05532623305703,46.41555345601181,51.24131868244808,0.7085427135678393,-0.0014572864321606982,-0.0014572864321606982,0.6180904522613065,-0.0019095477386934512,-0.0019095477386934512,0.5276381909547738,-0.002361809045226204,-0.002361809045226204,0.44299674267100975,0.12267153941897724,0.18947561591044637,0.434640522875817,0.44221105527638194,0.11639651893552982,0.1901242439241282,0.4242424242424242,0.44147157190635455,0.11592900095476855,0.18785644398644352,0.4295302013422819,27.0,5.0,5.0,41.0,8.0,8.0,49.0,5.0,5.0,0.0007224184852194405,0.0003212849579753481,3.334803556604366e-05,-0.004200085380603014,-0.0041707955025822585,-0.00425654271487641
385,1,3.3138539639603732,1.5341906857755048,2.104384492547655,5.713541317173058,2.645156354785353,3.6282491250821645,27.490870396199764,21.563010353494835,24.139164391272505,47.398052407240975,37.17760405774972,41.61924895046984,3.262663589650063,1.4586091262324552,2.027939545646314,5.0979118588282235,2.2790767597382118,3.1686555400723653,26.119014909093014,20.044789578986464,22.681585098650896,40.81096079545783,31.319983717166345,35.43997671664202,3.3138539639603732,1.5341906857755048,2.104384492547655,5.713541317173058,2.645156354785353,3.6282491250821645,27.490870396199764,21.563010353494835,24.139164391272505,47.398052407240975,37.17760405774972,41.61924895046984,0.6683417085427136,-0.0016582914572863539,-0.0016582914572863539,0.5376884422110553,-0.0023115577889447625,-0.0023115577889447625,0.457286432160804,-0.0027135678391959628,-0.0027135678391959628,0.42140468227424754,0.12591219479511562,0.19448588360906405,0.44630872483221473,0.42211055276381915,0.11634614173625024,0.18504878314779238,0.4545454545454546,0.42140468227424754,0.12591219479511562,0.19448588360906405,0.44630872483221473,28.0,7.0,7.0,39.0,6.0,6.0,44.0,1.0,1.0,-0.0007876782915341915,-0.0003556401872143372,7.979295937059607e-05,-0.0041605961150406046,-0.0051342255030784045,-0.004849508012949144
385,0,4.094255287106297,1.9247478385779995,2.631365630931515,6.523513424122701,3.0667648894676125,4.192642571950881,59.99464373214607,51.2406725348632,55.67622346630861,95.59146567988608,81.64347157221538,88.71078272298507,4.230340181283616,1.951120218683137,2.6923400553667634,6.409606335278205,2.95624275558051,4.079303114192066,68.74061246663742,58.97155525989294,64.08534146705003,104.15244313126881,89.35084130286809,97.09900222280308,4.094255287106297,1.9247478385779995,2.631365630931515,6.523513424122701,3.0667648894676125,4.192642571950881,59.99464373214607,51.2406725348632,55.67622346630861,95.59146567988608,81.64347157221538,88.71078272298507,0.8241206030150754,-0.0008793969849245631,-0.0008793969849245631,0.6834170854271358,-0.0015829145728643024,-0.0015829145728643024,0.5778894472361809,-0.002110552763819218,-0.002110552763819218,0.4411764705882353,0.11413244543100254,0.18139993427538614,0.4683544303797469,0.4371859296482412,0.11387765897154944,0.17174352564156337,0.48484848484848486,0.4411764705882353,0.11413244543100254,0.18139993427538614,0.4683544303797469,26.0,9.0,9.0,39.0,11.0,11.0,46.0,10.0,10.0,0.0001360042720657338,0.00018048381044118392,0.0001234888406595559,3.8442710928343615e-05,-4.636562540305533e-05,-7.072031659394185e-05
79,1,4.104524234317998,1.8898562931302343,2.6003710847746384,6.637103017195061,3.0559378356999534,4.204855371124948,60.61389967313265,51.45553218312528,56.113558772768855,98.01396542889535,83.20469033867066,90.73681844107304,4.159489214719839,1.8877460889357707,2.6143650477249003,6.5503767160942346,2.972828486513025,4.117110311377796,64.03880416607365,54.34251622495012,59.350250411562584,100.84851049775378,85.57876570858286,93.46496127805132,4.104524234317998,1.8898562931302343,2.6003710847746384,6.637103017195061,3.0559378356999534,4.204855371124948,60.61389967313265,51.45553218312528,56.113558772768855,98.01396542889535,83.20469033867066,90.73681844107304,0.778894472361809,-0.0011055276381910506,-0.0011055276381910506,0.6733668341708543,-0.001633165829145744,-0.001633165829145744,0.5778894472361809,-0.002110552763819218,-0.002110552763819218,0.4625550660792952,0.13068693421116329,0.20486838965176957,0.46460176991150437,0.457286432160804,0.12144683316331029,0.19351347723592927,0.4696969696969697,0.4625550660792952,0.13068693421116329,0.20486838965176957,0.46460176991150437,29.0,2.0,2.0,42.0,5.0,5.0,50.0,1.0,1.0,0.00018736388017142618,-0.00010663587505119941,-1.2266348022649825e-05,0.0001146718513931333,1.4097189319883796e-05,-2.088398110533518e-05
79,0,3.8039593890013284,1.8031602914988012,2.442653333343139,6.0984110839545105,2.8907807847837925,3.9159997883755087,44.878524719323515,37.483561684323575,40.97723944774693,71.94811105796309,60.0926941288362,65.69366959083239,3.8360211933078476,1.748936213368566,2.4155261910898465,5.993783114543512,2.7327128333883848,3.7742596735778853,46.34072635292216,38.27934456171865,42.201557521939556,72.40738492644087,59.81147587768539,65.93993362803054,3.8407642458593565,1.8162621155563161,2.4644396831989104,6.1616538703626045,2.9137894901972987,3.953646550586487,46.561044931553624,38.988704964171376,42.600725990629996,74.69686352655663,62.548724541451406,68.34341068015509,0.8442211055276382,-0.0007788944723617908,-0.0007788944723617908,0.6582914572864322,-0.0017085427135676845,-0.0017085427135676845,0.5025125628140703,-0.0024874371859296973,-0.0024874371859296973,0.4337748344370861,0.10319632204039186,0.17276161857805528,0.4418604651162791,0.4371859296482412,0.10385259631490784,0.16840462747795737,0.4545454545454546,0.4347826086956522,0.10256224141685422,0.17226870435749875,0.44630872483221473,23.0,6.0,6.0,38.0,10.0,10.0,45.0,7.0,7.0,-0.00020397284035490623,-9.165749906633609e-05,8.71266824647887e-05,0.0004951882937413998,9.202525539642181e-05,-5.081944426521545e-05
440,1,2.817881050471691,1.1971988269090712,1.6028594621191559,5.487452571971188,2.3313871892439804,3.1213578999162506,16.741339009319347,11.684800179282654,13.370972185115953,32.60155491288505,22.75461087544517,26.03820899206791,2.9796387574181487,1.2683942152197762,1.7869070599264567,4.6923444998711,1.997471205070514,2.814026866025916,19.680705851484618,14.144859064348129,16.384633057055808,30.993237561393098,22.275368605272643,25.802571743394974,2.9978289317127853,1.3283131122109881,1.8406990170503212,5.168670571918596,2.290195021053428,3.173618994914347,20.041977153669205,14.732380781971344,16.861186132474923,34.5551330235676,25.40065652064025,29.071010573232634,0.6130653266331658,-0.001934673366834172,-0.001934673366834172,0.5025125628140703,-0.0024874371859296973,-0.0024874371859296973,0.39698492462311563,-0.0030150753768843908,-0.0030150753768843908,0.38482384823848237,0.09118379411128341,0.12480429789635139,0.3288043478260869,0.39698492462311563,0.10625810758050913,0.16326205317069498,0.303030303030303,0.4046822742474916,0.10418143952295067,0.16664000505950494,0.3422818791946308,23.0,3.0,3.0,32.0,3.0,3.0,42.0,4.0,4.0,0.0009013019304039028,0.00022023677616938618,0.0002857913362249719,-0.007659618533218726,-0.007155743923641822,-0.007477325902315535
440,0,4.07224807425291,1.928885076759205,2.625253094946364,6.1335094451710495,2.905234313143494,3.9540849084377334,58.688751071464544,50.160681737943904,54.43842807461797,88.39540284837871,75.5506564448044,81.99368179139992,4.0139240284061914,1.877032725499113,2.5772248706419925,5.653414124515763,2.643708064083258,3.629894184002806,55.36369358168874,46.890637103102776,51.15690664756663,77.97703321364612,66.04315084944054,72.05198119375582,4.07224807425291,1.928885076759205,2.625253094946364,6.1335094451710495,2.905234313143494,3.9540849084377334,58.688751071464544,50.160681737943904,54.43842807461797,88.39540284837871,75.5506564448044,81.99368179139992,0.8190954773869347,-0.0009045226130653949,-0.0009045226130653949,0.6984924623115578,-0.0015075376884421399,-0.0015075376884421399,0.5728643216080402,-0.0021356783919597166,-0.0021356783919597166,0.43621399176954734,0.0809778521391572,0.1721921039446499,0.4421487603305785,0.42713567839195976,0.07375221974534318,0.16837107071249402,0.43434343434343436,0.43621399176954734,0.0809778521391572,0.1721921039446499,0.4421487603305785,19.0,1.0,1.0,33.0,6.0,6.0,39.0,2.0,2.0,0.00017509900878434227,-0.0001855057295812009,-0.00010581425736455034,3.793101625682027e-06,-7.384872300431056e-05,-9.33731963588258e-05
240,1,3.2121206521987915,1.446887127986562,1.8659238909696205,6.18089883074616,2.784161594762021,3.5904899114112396,24.831689805509768,18.98875313954741,20.988907122373675,47.78219098939001,36.53896437458365,40.387745523355406,3.1785453408207727,1.36395480635004,1.93155443603661,4.852740978352324,2.0823737501527324,2.9489380702849006,24.011799150813406,17.873237017633375,20.531943181560468,36.65923534475329,27.287384759745613,31.346478139786974,3.2844579865701222,1.5082416455896561,2.0717398486603633,5.695591884225646,2.6154479403288837,3.59261245432433,26.694511609244444,20.78704935272302,23.33189932346837,46.29106059406551,36.04690639200524,40.459941023355555,0.6633165829145728,-0.0016834170854271857,-0.0016834170854271857,0.5025125628140703,-0.0024874371859296973,-0.0024874371859296973,0.40703517587939697,-0.00296482412060306,-0.00296482412060306,0.4052631578947369,0.10302925513521,0.14035602201985908,0.3825857519788918,0.3919597989949749,0.10875177894484955,0.14655078396993315,0.35858585858585856,0.41137123745819393,0.112539851815456,0.1677672330088057,0.3926174496644296,23.0,3.0,3.0,33.0,5.0,5.0,41.0,8.0,8.0,0.0007406589508777198,-2.9635194465150724e-06,0.0002256335951089597,-0.004464663459868845,-0.003693194807487643,-0.004106462965426161
240,0,3.708664056260576,1.65548070680533,2.2903121950397454,6.387143652448769,2.85110566172029,3.944426558124005,40.79926458052681,33.00659612982415,36.66895707303555,70.26540011090728,56.844693334697155,63.15209273689455,3.734430111832355,1.6392358641013636,2.2771300970260437,6.32954256242772,2.7783658713582433,3.8595425373322776,41.86416087371624,33.73714140172661,37.569811691407786,70.95620487070549,57.1815955961468,63.67764693458947,3.708664056260576,1.65548070680533,2.2903121950397454,6.387143652448769,2.85110566172029,3.944426558124005,40.79926458052681,33.00659612982415,36.66895707303555,70.26540011090728,56.844693334697155,63.15209273689455,0.7487437185929648,-0.0012562814070351536,-0.0012562814070351536,0.6281407035175879,-0.0018592964824121205,-0.0018592964824121205,0.5276381909547738,-0.002361809045226204,-0.002361809045226204,0.42914979757085026,0.08773565615670886,0.1586248985129768,0.41056910569105687,0.4321608040201005,0.09632120502260677,0.16171005276801365,0.40909090909090906,0.42914979757085026,0.08773565615670886,0.1586248985129768,0.41056910569105687,30.0,14.0,14.0,44.0,16.0,16.0,52.0,17.0,17.0,0.0003426748113647647,0.00015647355301590604,0.0001309901407252481,-2.39265858157367e-05,-9.583520108336074e-05,-0.00011149550017286458
160,1,3.4962733076329817,1.601691627928045,2.1895918550509688,5.464121125590343,2.503190194466781,3.421985084943044,32.99227052885902,26.342504438247907,29.29837554481271,51.56169055329879,41.169159941742635,45.78871806457068,3.7225548274553,1.6450230080997823,2.2918807587384897,5.474345334493088,2.4191514824996796,3.370412880497779,41.36995229967201,33.385215499391144,37.18843542779826,60.83816514657648,49.09590514616344,54.68887562911509,3.4962733076329817,1.601691627928045,2.1895918550509688,5.464121125590343,2.503190194466781,3.421985084943044,32.99227052885902,26.342504438247907,29.29837554481271,51.56169055329879,41.169159941742635,45.78871806457068,0.7537688442211055,-0.0012311557788945438,-0.0012311557788945438,0.6080402010050252,-0.001959798994974782,-0.001959798994974782,0.4974874371859297,-0.002512562814070307,-0.002512562814070307,0.4280701754385965,0.11808768857344765,0.1783618907244775,0.4154929577464789,0.4371859296482412,0.1163839246357099,0.17508242380516947,0.43939393939393945,0.4280701754385965,0.11808768857344765,0.1783618907244775,0.4154929577464789,27.0,9.0,9.0,39.0,11.0,11.0,46.0,7.0,7.0,0.0002174491112283053,0.0004977304535467484,-6.659009360840229e-05,-0.0002872636165145437,0.00015787518124010802,8.758024202748516e-06
160,0,3.525160928424314,1.6002904508797589,2.1962570760995774,5.494524575588736,2.494307462544429,3.423216336490403,33.9592381832254,27.10497735551514,30.182337106868808,52.93087962636809,42.2474228055236,47.04397794869496,3.584236312751195,1.5760058354037851,2.2054613239208067,5.120337589644564,2.251436907719693,3.1506590341725813,36.02583474010436,28.575712224175213,32.05579943024612,51.465478200149086,40.822446034536014,45.79399918606588,3.525160928424314,1.6002904508797589,2.1962570760995774,5.494524575588736,2.494307462544429,3.423216336490403,33.9592381832254,27.10497735551514,30.182337106868808,52.93087962636809,42.2474228055236,47.04397794869496,0.7437185929648241,-0.0012814070351758744,-0.0012814070351758744,0.5829145728643217,-0.002085427135678275,-0.002085427135678275,0.4974874371859297,-0.002512562814070307,-0.002512562814070307,0.44244604316546765,0.12826291928755018,0.18168049292623323,0.4115523465703971,0.44723618090452266,0.1339529728844725,0.18346322597964793,0.40909090909090906,0.44244604316546765,0.12826291928755018,0.18168049292623323,0.4115523465703971,26.0,11.0,11.0,37.0,10.0,10.0,42.0,8.0,8.0,3.4533269884210164e-05,0.0002766588766617452,0.00025118131342858957,-0.00023875416349117273,0.00018498985658865763,3.328992298534672e-05
181,1,3.091014575492287,1.3353836173150773,1.8556474125904718,5.633328338767009,2.4337168883612064,3.3818899590406235,21.999386695496217,16.21228868843298,18.55974549796603,40.09355681782743,29.546656307913363,33.8248616175949,3.295940284153924,1.4191160937106029,1.9791801003801506,5.732070059398128,2.468027989061918,3.442052348487218,27.00279243443077,20.470067242008888,23.271479429447872,46.961378146836125,35.600116942624155,40.472138138170216,3.113528885570258,1.3429461521214208,1.876029145682541,5.660961610127742,2.4417202765844013,3.4109620830591654,22.500305470170964,16.626029969160694,19.05332114587457,40.90964630940175,30.229145398473985,34.64240208340831,0.6080402010050252,-0.001959798994974782,-0.001959798994974782,0.4974874371859297,-0.002512562814070307,-0.002512562814070307,0.4120603015075377,-0.0029396984924623393,-0.0029396984924623393,0.39413680781758953,0.10633192976880901,0.1633675770483588,0.3594771241830066,0.3869346733668342,0.10873918464502963,0.16155904732342852,0.3535353535353535,0.3913043478260869,0.1024896566741671,0.1621608550563428,0.35906040268456374,18.0,0.0,0.0,29.0,0.0,0.0,37.0,0.0,0.0,0.0007121353186713427,0.0001195709921762685,0.00012675397638767008,-0.024388609003989536,-0.02196261142739875,-0.02439331305577941
181,0,3.492060839729821,1.5547761472818329,2.133817764663442,5.38209376844957,2.3962787012230313,3.288719132135924,32.853583959645896,25.913702508204196,28.964229967172983,50.63516290687692,39.939160051304405,44.64074618651919,3.416401077155492,1.4265308390306157,2.0098362360681374,5.061334929119247,2.1133790207860974,2.977535164545389,30.45959578899299,23.14501124247461,26.377686503496818,45.125327094804426,34.28890554440683,39.07805407925454,3.492060839729821,1.5547761472818329,2.133817764663442,5.38209376844957,2.3962787012230313,3.288719132135924,32.853583959645896,25.913702508204196,28.964229967172983,50.63516290687692,39.939160051304405,44.64074618651919,0.7688442211055276,-0.0011557788944723812,-0.0011557788944723812,0.6482412060301508,-0.0017587939698492372,-0.0017587939698492372,0.4824120603015075,-0.0025879396984924696,-0.0025879396984924696,0.43624161073825507,0.11295852866120315,0.18066125359539797,0.4242424242424242,0.44723618090452266,0.09134645659374574,0.16509928607981483,0.4191919191919192,0.43624161073825507,0.11295852866120315,0.18066125359539797,0.4242424242424242,23.0,3.0,3.0,36.0,3.0,3.0,47.0,6.0,6.0,0.00035932761339958915,0.0002250820497488758,0.00011034740422643626,0.0005109839999661858,0.00010751935559483172,-3.6801216390713876e-05
101,1,2.9025756584486393,1.1844864669215558,1.6635921179646649,5.3586012155974885,2.186744246624411,3.071246987011689,18.221016096090445,12.647148407527183,14.768913337969877,33.63879894662851,23.3485816754348,27.265686162405924,2.758310677418158,1.0684741045344373,1.5366014485029131,5.2043597687135055,2.0159888764800704,2.8992480160432326,15.773174448969616,10.354579361572835,12.38019228553981,29.76070650748984,19.536942191646855,23.358853368943038,2.868074177898292,1.1827660729358334,1.6487952558279066,5.278664131101151,2.176870072888037,3.0345924953887855,17.60308512539977,12.20897249618281,14.218338937718373,32.39831618171737,22.47050152671683,26.168721971260815,0.6231155778894473,-0.0018844221105527303,-0.0018844221105527303,0.4974874371859297,-0.002512562814070307,-0.002512562814070307,0.40201005025125625,-0.002989949748743781,-0.002989949748743781,0.4565916398713826,0.14037976186175183,0.18279484842753235,0.42903225806451617,0.4321608040201005,0.12890265865669193,0.16337950184981664,0.36363636363636365,0.4581939799331104,0.1343208580633274,0.18678129917671438,0.4295302013422819,23.0,9.0,9.0,31.0,7.0,7.0,41.0,10.0,10.0,0.00023445714578664592,0.00040867196305075627,-0.00010159232909229101,0.00045964795473452114,5.716352994689089e-05,-8.236045698506445e-05
101,0,4.248410161896424,1.9898460075020439,2.722197239594915,7.282988848965298,3.4111645842892178,4.666623839305569,69.99404464263951,60.42470543856943,65.39332413970911,119.98979081595344,103.58520932326188,112.10284138235848,4.305428931461507,1.9933595954857646,2.7412757728565076,7.236015010859676,3.350184194093722,4.60718617286808,74.10099288436831,64.00569927498918,69.322366401147,124.53948383927448,107.57260382351123,116.50817882545714,4.248410161896424,1.9898460075020439,2.722197239594915,7.282988848965298,3.4111645842892178,4.666623839305569,69.99404464263951,60.42470543856943,65.39332413970911,119.98979081595344,103.58520932326188,112.10284138235848,0.8090452261306533,-0.0009547738693467256,-0.0009547738693467256,0.6633165829145728,-0.0016834170854271857,-0.0016834170854271857,0.5778894472361809,-0.002110552763819218,-0.002110552763819218,0.4229074889867841,0.09323715931645438,0.16082842602924385,0.41150442477876104,0.42713567839195976,0.09129607939446605,0.16503217254888802,0.4191919191919192,0.4229074889867841,0.09323715931645438,0.16082842602924385,0.41150442477876104,25.0,0.0,0.0,34.0,0.0,0.0,43.0,0.0,0.0,0.00023435215901281987,5.919308919974082e-05,7.372642504478453e-05,0.0001146718513931333,1.4097189319883796e-05,-2.088398110533518e-05
479,1,3.018309183628955,1.3092352889819627,1.8156905690284324,5.336237230725224,2.314670124167006,3.2100606745254057,20.45667394711501,14.93283050002847,17.12785152452921,36.16649537611493,26.400584309442593,30.281284463256053,3.4166167057938313,1.4788910411148608,2.055959738646666,5.0994279190952705,2.207300061365464,3.0685966248457706,30.4661644583285,23.523222037028653,26.567410644540967,45.471887251236566,35.10928662243083,39.6528517082701,3.0845971506176184,1.3447583824912468,1.870746874394074,5.318270949340722,2.3185489353297357,3.2254256455070243,21.858659320735057,16.162234417368524,18.492237936949806,37.68734365643976,27.86592140925608,31.883168856810013,0.6281407035175879,-0.0018592964824121205,-0.0018592964824121205,0.5276381909547738,-0.002361809045226204,-0.002361809045226204,0.4824120603015075,-0.0025879396984924696,-0.0025879396984924696,0.41692789968652033,0.13367281361453287,0.18335125735075386,0.3647798742138365,0.4321608040201005,0.14895278396997513,0.20177683073128583,0.3939393939393939,0.4180602006688964,0.13592330584418855,0.19114140200371288,0.37248322147651003,27.0,1.0,1.0,38.0,0.0,0.0,46.0,0.0,0.0,0.0015375719274706879,0.0002770650849631779,0.00030286907764267516,0.0004280565422867255,2.617532955007107e-05,-0.00011039691273584396
479,0,4.159121144961005,1.9065276645129408,2.5149886493353772,6.61842756111186,3.033865761790158,4.002112372420644,64.01523775617567,54.50286372690334,58.838720449028365,101.867726168523,86.730644017594,93.63031167106253,4.016319883528666,1.7923738888049567,2.4871263118361506,5.950103531153579,2.655368724155491,3.6846315730905927,55.49649599470116,46.25276127232651,50.88204189966177,82.21703110326096,68.52260929233556,75.38080281431372,4.193662933681322,1.9288124191213298,2.6298341985631395,6.692015319704237,3.077892158172334,4.19654393387735,66.26507152307889,56.63538652726467,61.487995087074,105.74213540916843,90.3756167988266,98.11914109639466,0.7688442211055276,-0.0011557788944723812,-0.0011557788944723812,0.6783919597989949,-0.0016080402010050232,-0.0016080402010050232,0.5879396984924623,-0.002060301507537776,-0.002060301507537776,0.46849315068493147,0.11965594138260593,0.19381084374456004,0.5054945054945055,0.46733668341708545,0.11144695910630853,0.1968859321649986,0.5202020202020202,0.47491638795986624,0.12266263169943215,0.21240248362171277,0.5167785234899329,30.0,6.0,6.0,40.0,5.0,5.0,51.0,9.0,9.0,-0.0012643004640079164,0.0001407485325456162,-0.00041753668090338026,0.0002464059206994662,-0.00015200682273874833,0.00010611705864249643
214,1,3.8839489567163326,1.8253780815252254,2.4880697687914424,6.431485369186185,3.02266908123532,4.120029509611635,48.61581826805713,40.7810533193645,44.57729463458632,80.50361304603008,67.52991624927024,73.81616530888488,4.088719334434624,1.8666898121865447,2.5834638661329627,6.3886239600541,2.916702831541476,4.036662290832753,59.663433850880274,50.437397527009296,55.15812940512126,93.22411539200043,78.80843363595203,86.18457719550197,3.917445300813503,1.8257068964774237,2.50066694467828,6.493003261016855,3.026033530073078,4.144751842008199,50.27185113177239,42.17286889229925,46.14803757367821,83.32351016315864,69.89978269441863,76.48846006686996,0.8040201005025126,-0.0009798994974873354,-0.0009798994974873354,0.6884422110552764,-0.0015577889447235815,-0.0015577889447235815,0.5879396984924623,-0.002060301507537776,-0.002060301507537776,0.4592833876221498,0.1292020868091417,0.21009595533612602,0.4411764705882353,0.46733668341708545,0.12648455309127093,0.2102415248194227,0.45959595959595956,0.46488294314381273,0.13433202494681773,0.21238016227618206,0.44630872483221473,26.0,8.0,8.0,39.0,10.0,10.0,48.0,9.0,9.0,0.0005135077262239392,0.00010311748924333525,-6.853045999469362e-06,0.0004754436609601953,7.265763014618898e-05,-6.834222911056287e-05
214,0,4.0374343296674295,1.8837196480120855,2.5642272923371316,6.091986710444938,2.8422988771779987,3.869100352343009,56.6807320181387,48.06392430092123,52.31752632755744,85.5241814474874,72.52248932979239,78.94064623388844,4.22635570123567,1.9606924873385005,2.689947020727418,6.215228972405397,2.8833713049095593,3.9558044422462024,68.46726180954487,58.82974759414746,63.81939352754271,100.6871497199189,86.51433469727567,93.85204930520985,4.0374343296674295,1.8837196480120855,2.5642272923371316,6.091986710444938,2.8422988771779987,3.869100352343009,56.6807320181387,48.06392430092123,52.31752632755744,85.5241814474874,72.52248932979239,78.94064623388844,0.8291457286432161,-0.0008542713567838423,-0.0008542713567838423,0.728643216080402,-0.001356783919598037,-0.001356783919598037,0.6030150753768844,-0.0019849246231156137,-0.0019849246231156137,0.4409448818897638,0.09320421391333944,0.17654697613060144,0.4031620553359684,0.457286432160804,0.09137164519338548,0.18516623182691416,0.4292929292929293,0.4409448818897638,0.09320421391333944,0.17654697613060144,0.4031620553359684,28.0,11.0,11.0,38.0,6.0,6.0,47.0,7.0,7.0,0.000410178497064982,0.0002613276946718041,0.00027102540428708497,-7.243603883999583e-05,-0.00013431153772813786,0.00011739929023413254
475,1,3.1579495116845884,1.4201839102351939,1.9679770996308246,6.246238372376135,2.8090402342152,3.8925429397109697,23.522314214990278,17.837686716692318,20.235323690175903,46.525753851708714,35.281895049928195,40.0242799460097,3.1193314221636137,1.3607794738122436,1.9058752991411299,5.7235438938781895,2.4968430712151255,3.49701889750666,22.631243835968,16.82721706014223,19.266149076483504,41.525218047647705,30.875627633288502,35.35073225042845,3.1579495116845884,1.4201839102351939,1.9679770996308246,6.246238372376135,2.8090402342152,3.8925429397109697,23.522314214990278,17.837686716692318,20.235323690175903,46.525753851708714,35.281895049928195,40.0242799460097,0.6683417085427136,-0.0016582914572863539,-0.0016582914572863539,0.5226130653266332,-0.002386934673366814,-0.002386934673366814,0.4321608040201005,-0.002839195979899567,-0.002839195979899567,0.4104477611940298,0.10504738875455122,0.17595644605755334,0.36329588014981273,0.4120603015075377,0.10629589047996879,0.16331238831888995,0.33838383838383834,0.4104477611940298,0.10504738875455122,0.17595644605755334,0.36329588014981273,23.0,6.0,6.0,34.0,8.0,8.0,43.0,8.0,8.0,0.0005477112388527658,0.0003898308250565042,0.0003824139739304686,-0.00952051302801138,-0.010265261229777778,-0.010329986939751734
475,0,4.1404731920523234,1.958808114160337,2.6683172551450762,6.7445443820223385,3.1907629029404236,4.3465042080665075,62.83254627739651,53.97149795976632,58.47392434474551,102.34987098016161,87.91583629924199,95.24997739175527,4.061228109963575,1.8850541301876276,2.5941855824304403,6.200348259486374,2.8779452369276757,3.9605886754663207,58.045553645925594,49.233028868334756,53.70916224617718,88.61916587164212,75.16492956997674,81.99872098653005,4.1404731920523234,1.958808114160337,2.6683172551450762,6.7445443820223385,3.1907629029404236,4.3465042080665075,62.83254627739651,53.97149795976632,58.47392434474551,102.34987098016161,87.91583629924199,95.24997739175527,0.7688442211055276,-0.0011557788944723812,-0.0011557788944723812,0.6683417085427136,-0.0016582914572863539,-0.0016582914572863539,0.5678391959798995,-0.0021608040201005485,-0.0021608040201005485,0.48062015503875966,0.140194623123866,0.22159953648205866,0.4863813229571985,0.49246231155778897,0.15161018123197445,0.23202825479652023,0.5,0.48062015503875966,0.140194623123866,0.22159953648205866,0.4863813229571985,24.0,9.0,9.0,36.0,6.0,6.0,46.0,7.0,7.0,-8.219655359939304e-05,-8.739027447677309e-05,-0.0001354465526676219,-0.00010015572628230274,-0.00015629801580718805,0.00010338106235963096
121,1,3.669700860119552,1.6405431124194108,2.239727534173438,5.564383369420408,2.487562654157694,3.3961085980129853,39.24016580592488,31.632489728975656,35.06157807536248,59.50003402094045,47.964481708609824,53.16402327731594,3.684933379666889,1.5125503111686744,2.1524420561209903,5.226855857683531,2.145461434281808,3.053109299462398,39.842468042950664,31.063287522431867,35.21277150428233,56.514139068015126,44.06140074103811,49.9471936230955,3.669700860119552,1.6405431124194108,2.239727534173438,5.564383369420408,2.487562654157694,3.3961085980129853,39.24016580592488,31.632489728975656,35.06157807536248,59.50003402094045,47.964481708609824,53.16402327731594,0.7587939698492463,-0.001206030150753712,-0.001206030150753712,0.6180904522613065,-0.0019095477386934512,-0.0019095477386934512,0.5226130653266332,-0.002386934673366814,-0.002386934673366814,0.42805755395683454,0.09233044444157423,0.1589187979759733,0.4693140794223827,0.457286432160804,0.11894056749914983,0.18182733366330817,0.5202020202020202,0.42805755395683454,0.09233044444157423,0.1589187979759733,0.4693140794223827,21.0,5.0,5.0,31.0,4.0,4.0,43.0,10.0,10.0,-2.2273542961816294e-05,-0.00029141889918761493,-0.00011902438545094871,-0.00023875416349117273,0.00018498985658865763,3.328992298534672e-05
121,0,3.66642086731421,1.7337781589748724,2.358695057649001,6.680533727560246,3.159092719113724,4.297744982342045,39.111669193583964,32.203927906775995,35.413914449013184,71.26482055518059,58.678322627683855,64.5271938120056,3.9690565248230594,1.8064415990608924,2.501161904811295,6.670683234996739,3.0360363009426767,4.203633453464361,52.93456482462095,44.240723113137726,48.59447684368556,88.96565516743017,74.35415649266845,81.67138965325306,3.66642086731421,1.7337781589748724,2.358695057649001,6.680533727560246,3.159092719113724,4.297744982342045,39.111669193583964,32.203927906775995,35.413914449013184,71.26482055518059,58.678322627683855,64.5271938120056,0.7688442211055276,-0.0011557788944723812,-0.0011557788944723812,0.6582914572864322,-0.0017085427135676845,-0.0017085427135676845,0.5276381909547738,-0.002361809045226204,-0.002361809045226204,0.43243243243243246,0.11877307324187591,0.20097175827512903,0.3864406779661017,0.4321608040201005,0.10384000201508792,0.18007399266784674,0.41414141414141414,0.43243243243243246,0.11877307324187591,0.20097175827512903,0.3864406779661017,26.0,15.0,15.0,35.0,14.0,14.0,45.0,17.0,17.0,0.00129428507817128,0.00017544090967160062,0.0002856638671581986,-0.00036349275698022154,0.0001152664056931485,-2.979210245257491e-05
281,1,3.3140678610706056,1.5298280968638653,2.067201529065876,5.685900742032902,2.624705068148789,3.5466692900640027,27.496751242860913,21.541700259508787,24.017328741938353,47.17579870098686,36.9587994648435,41.20620127293345,3.324971220601144,1.4540424162226824,2.0501814963944582,4.925883289779472,2.154136912922492,3.0373059205843824,27.798198615712135,21.30387305880044,24.220249640776377,41.182516467721676,31.561293420445097,35.8818513196687,3.4196147328635123,1.5798968099602508,2.1749503489211657,5.486012940422747,2.534593812770456,3.489225158697058,30.557639898490468,24.26287749621967,27.08587047626891,49.02295170880824,38.92440240035241,43.45326814374692,0.6381909547738693,-0.0018090452261306789,-0.0018090452261306789,0.5326633165829145,-0.0023366834170853723,-0.0023366834170853723,0.4371859296482412,-0.002814070351758735,-0.002814070351758735,0.41833810888252154,0.12220076982672756,0.1788464177779272,0.3706896551724138,0.40703517587939697,0.11630835883679047,0.1833289989177943,0.3282828282828283,0.4147157190635451,0.11588433342080717,0.18334753218924027,0.36241610738255037,24.0,0.0,0.0,35.0,0.0,0.0,45.0,-1.0,-1.0,0.0004195899707793479,0.0001668019748993927,0.00017292113508029207,0.00030958874559949834,-9.003042194333233e-05,0.00014563222364660788
281,0,3.6139731051987165,1.70374639965572,2.3110818719543618,5.347950100117293,2.5212004802986163,3.419934285265798,37.113214983238855,30.358595048492617,33.43329417207308,54.92006055600498,44.92458762226433,49.47452117382533,3.9550405614939166,1.8421117610783422,2.5129876072675326,5.455228360681264,2.5408438083839204,3.466189803127631,52.19781112269174,43.92537697482255,47.968441509973005,71.99698085888517,60.58672686182422,66.16336759996277,3.6139731051987165,1.70374639965572,2.3110818719543618,5.347950100117293,2.5212004802986163,3.419934285265798,37.113214983238855,30.358595048492617,33.43329417207308,54.92006055600498,44.92458762226433,49.47452117382533,0.7889447236180904,-0.001055276381909609,-0.001055276381909609,0.6532663316582914,-0.0017336683417086274,-0.0017336683417086274,0.5326633165829145,-0.0023366834170853723,-0.0023366834170853723,0.43493150684931503,0.12894860086640902,0.20030736106343805,0.39518900343642616,0.44221105527638194,0.11639651893552982,0.1834464475969162,0.41414141414141414,0.43493150684931503,0.12894860086640902,0.20030736106343805,0.39518900343642616,25.0,0.0,0.0,35.0,0.0,0.0,46.0,0.0,0.0,0.001342627470769996,0.00036250942007627727,0.000218770255662908,-0.010796875266682271,-0.007699494783724781,-0.00940089249699394
415,1,3.5089311673400108,1.5474038838105981,2.0970184537577956,5.908907673303697,2.605769747737658,3.531299943356288,33.412536281817246,26.30235824721988,29.30873899096165,56.265450248154515,44.292178746497626,49.35481047062882,3.4641808696727656,1.4844186764184046,2.0920176143267253,5.370823053756226,2.3014243045246583,3.243438161746861,31.95027760993869,24.70925679313674,28.006404531315738,49.535314123935954,38.308925260677114,43.420782219094164,3.541604045242769,1.5811729950631714,2.1872619727367972,5.681717719640806,2.536641168550543,3.508976426850477,34.52225005335809,27.41986216235763,30.648038885466022,55.3832888556547,43.98908368292668,49.16797682160325,0.7386934673366834,-0.0013065326633165952,-0.0013065326633165952,0.5829145728643217,-0.002085427135678275,-0.002085427135678275,0.48743718592964824,-0.002562814070351749,-0.002562814070351749,0.4269662921348315,0.11560584332697732,0.16596922468615116,0.4,0.4321608040201005,0.11386506467172952,0.17005729817702875,0.38383838383838387,0.4280936454849499,0.11757611626959097,0.17670321166959946,0.3959731543624161,24.0,0.0,0.0,34.0,0.0,0.0,44.0,0.0,0.0,0.00037173714609185787,-9.018202924201114e-05,0.0001966022631696842,0.00028194625970456855,-0.00011714509729277012,0.00012834433895747566
415,0,3.286539892932686,1.4977983383999536,2.06381169560471,6.797800462305213,3.0980102383999037,4.268738720823418,26.750144974443284,20.76822516665376,23.353703707304575,55.32935969072884,42.956499917352225,48.30424185613425,3.3409805297851562,1.511457479986033,2.0901835326957383,6.615803029277537,2.992985108883234,4.138977292466809,28.246809969568915,22.01589585560401,24.753684110093815,55.9342771674632,43.59583337743369,49.017196257611516,3.286539892932686,1.4977983383999536,2.06381169560471,6.797800462305213,3.0980102383999037,4.268738720823418,26.750144974443284,20.76822516665376,23.353703707304575,55.32935969072884,42.956499917352225,48.30424185613425,0.7738693467336684,-0.0011306532663316604,-0.0011306532663316604,0.5728643216080402,-0.0021356783919597166,-0.0021356783919597166,0.44723618090452266,-0.0027638190954772934,-0.0027638190954772934,0.4066390041493776,0.08365763768975021,0.14594934897696377,0.38749999999999996,0.40703517587939697,0.09625823352350726,0.14493167003632523,0.398989898989899,0.4066390041493776,0.08365763768975021,0.14594934897696377,0.38749999999999996,26.0,9.0,9.0,39.0,9.0,9.0,46.0,9.0,9.0,0.00014696607956648892,0.00010798466564734103,-7.776449426839942e-07,1.765294534639139e-05,-6.285548396256502e-05,-8.431204445269458e-05
155,1,2.735221019670284,1.1886519614169413,1.6087485114504878,5.061568794132125,2.1996188358179487,2.977013997993429,15.413149668751055,10.717816567375476,12.328393834177543,28.52227180969912,19.833485297359772,22.81388343541102,3.0370573877689226,1.3319778209041824,1.8560043431679663,5.472175473457518,2.3999600376651933,3.344151969672011,20.843817630846218,15.341994218210669,17.58601462174662,37.556428163686874,27.643232825604805,31.68651283197589,2.681568541255683,1.1733323083532325,1.629552406998902,5.156862579337852,2.256408285294678,3.1337546288440423,14.607988567828523,10.089234835441097,11.744570229660843,28.092285707362542,19.402374683540568,22.585711980117004,0.6180904522613065,-0.0019095477386934512,-0.0019095477386934512,0.4824120603015075,-0.0025879396984924696,-0.0025879396984924696,0.37688442211055273,-0.003115577889447274,-0.003115577889447274,0.36871508379888274,0.09953795688117006,0.14486366639907822,0.3221288515406162,0.371859296482412,0.08363874510396585,0.13479752686638524,0.31818181818181823,0.36789297658862874,0.0924338780911329,0.15543468960308926,0.30536912751677847,21.0,9.0,9.0,32.0,13.0,13.0,37.0,11.0,11.0,0.001167216656156043,8.349792094739695e-05,0.0005157643500786965,-0.009844488889516612,-0.012336471636829494,-0.010971600022053885
155,0,3.436809439532804,1.5947928793487351,2.1817133235403463,5.452111309834763,2.5299593845165798,3.4610426022655756,31.087612860366864,24.778364439891988,27.579437310453827,49.316998411995606,39.308085996268446,43.75167280140058,3.7405021442240804,1.722620465764741,2.3531978340145163,5.054732627329838,2.327865494276677,3.1799970729925895,42.11913473597144,34.596761497022754,38.115092898931486,56.91774964320465,46.7523804013821,51.50688229585336,3.4424949067093458,1.5920288101688216,2.1777537688037794,5.435518273751599,2.513729700266561,3.4385585823217575,31.264863862796886,24.90207935938724,27.722688180394,49.36557452020561,39.3190726727167,43.772665547990535,0.7587939698492463,-0.001206030150753712,-0.001206030150753712,0.6281407035175879,-0.0018592964824121205,-0.0018592964824121205,0.542713567839196,-0.0022864321608039306,-0.0022864321608039306,0.45364238410596025,0.13793990476711726,0.20694634886366947,0.40199335548172754,0.44221105527638194,0.11639651893552982,0.1851158966787192,0.4191919191919192,0.4548494983277592,0.14266252003059732,0.20568375861696941,0.40268456375838924,20.0,7.0,7.0,31.0,6.0,6.0,43.0,12.0,12.0,0.0014519086168912512,0.0002370691806209135,0.0001962424385410417,0.0004951882937413998,9.202525539642181e-05,-5.081944426521545e-05
65,1,3.24352536998918,1.4075180326383185,1.954908907580428,6.073862794756808,2.6357344050679337,3.660784833303476,25.6238964198612,19.35244799101981,21.99613248557527,47.98360221298849,36.23961598318359,41.190209877446684,3.0487416581292845,1.2219019245872271,1.7648992459496655,5.6458178854246,2.262781341828198,3.2683319369438246,21.088790810803687,14.874573798156941,17.47830472827765,39.05331631630312,27.54550703362396,32.36723097829194,3.24352536998918,1.4075180326383185,1.954908907580428,6.073862794756808,2.6357344050679337,3.660784833303476,25.6238964198612,19.35244799101981,21.99613248557527,47.98360221298849,36.23961598318359,41.190209877446684,0.6130653266331658,-0.001934673366834172,-0.001934673366834172,0.48743718592964824,-0.002562814070351749,-0.002562814070351749,0.42713567839195976,-0.002864321608040288,-0.002864321608040288,0.4368600682593856,0.1319196934723328,0.1837386153649475,0.4143835616438356,0.42713567839195976,0.1238775330285512,0.16837107071249402,0.35858585858585856,0.4368600682593856,0.1319196934723328,0.1837386153649475,0.4143835616438356,23.0,0.0,0.0,30.0,-1.0,-1.0,40.0,0.0,0.0,-0.0005553474898710504,0.0001252786848282028,-4.4406630793311304e-05,-0.04501594137135356,-0.0474779386529427,-0.045647960930017994
65,0,3.5285467731996656,1.6578269116105815,2.2637336374616437,6.619067050415924,3.109854620400539,4.246452064755635,34.07441376569455,27.581445009528046,30.531983045139373,63.918900305302884,51.738986500631924,57.27378888467524,3.819527381628602,1.7717089554270853,2.4346264325914673,6.365878969381003,2.952848259045142,4.057710720985779,45.5826600266442,37.831686698547806,41.58822979358376,75.971100044407,63.052811164246336,69.31371632263959,3.5285467731996656,1.6578269116105815,2.2637336374616437,6.619067050415924,3.109854620400539,4.246452064755635,34.07441376569455,27.581445009528046,30.531983045139373,63.918900305302884,51.738986500631924,57.27378888467524,0.7638190954773869,-0.001180904522613102,-0.001180904522613102,0.6582914572864322,-0.0017085427135676845,-0.0017085427135676845,0.5477386934673367,-0.002261306532663321,-0.002261306532663321,0.43173431734317347,0.0984009840098401,0.1814275688769158,0.40740740740740744,0.42211055276381915,0.08125842243800463,0.1650153941661564,0.4494949494949495,0.43173431734317347,0.0984009840098401,0.1814275688769158,0.40740740740740744,29.0,4.0,4.0,41.0,8.0,8.0,51.0,7.0,7.0,0.000763320131299681,0.00034361446886641597,3.992375965795153e-05,-0.00019024471046957814,0.00021210453193631906,5.782182176528039e-05
72,1,3.2552526226130927,1.458463407940348,2.025445525639457,6.263029899647412,2.80604948077412,3.8969098124876096,25.926163241893992,19.89590874680377,22.505593607485174,49.88133161744517,38.27926302747626,43.30023565416739,3.5811139423044485,1.559080410441458,2.184753104547956,7.091314737236532,3.087287941468234,4.3262437713820905,35.91352416724408,28.359854212629415,31.873054911028465,71.11588944008729,56.15812715372162,63.114960219858354,3.3110204532393643,1.5006702373466045,2.042243880122922,6.578186330939135,2.9814640477084864,4.057438172429647,27.41308497515801,21.300497192354243,23.856586191747507,54.46308273210201,42.31886859408128,47.39719110943213,0.7386934673366834,-0.0013065326633165952,-0.0013065326633165952,0.5979899497487438,-0.0020100502512562235,-0.0020100502512562235,0.4773869346733668,-0.0026130653266331905,-0.0026130653266331905,0.42987804878048785,0.11176541559936148,0.18545614208677585,0.39449541284403666,0.4170854271356784,0.09628342212314711,0.16165971761981868,0.40909090909090906,0.4280936454849499,0.12258446351499996,0.19116372334924359,0.3926174496644296,27.0,5.0,5.0,34.0,2.0,2.0,46.0,8.0,8.0,0.0008450178613740841,0.00011665579074149945,0.0005039811141598232,-0.006039864205286349,-0.004820268067574851,-0.005906726536932361
72,0,3.6704462190107865,1.7018199448395908,2.3284466804346304,5.994338203828266,2.7793035785545976,3.8026703183429467,39.26942471524134,32.10859200752088,35.442737245407905,64.13231491956574,52.437700556661326,57.88281348954191,3.840887635197472,1.6805961695959453,2.3440613092857605,6.296537106881102,2.755075687862206,3.8427234578455094,46.56679042252857,37.89312505735969,42.09930222627224,76.33900069266979,62.119877143212605,69.01524955126597,3.6704462190107865,1.7018199448395908,2.3284466804346304,5.994338203828266,2.7793035785545976,3.8026703183429467,39.26942471524134,32.10859200752088,35.442737245407905,64.13231491956574,52.437700556661326,57.88281348954191,0.7839195979899498,-0.0010804020100502187,-0.0010804020100502187,0.6633165829145728,-0.0016834170854271857,-0.0016834170854271857,0.5527638190954773,-0.0022361809045226,-0.0022361809045226,0.4254545454545454,0.10059066160699548,0.1848257667362867,0.42700729927007297,0.42713567839195976,0.08127101673782444,0.15334602897626692,0.4545454545454546,0.4254545454545454,0.10059066160699548,0.1848257667362867,0.42700729927007297,25.0,3.0,3.0,38.0,4.0,4.0,47.0,0.0,0.0,0.0007953098616675099,0.00029228104540912717,1.245148903115519e-05,-0.0002179643979092205,0.00019661043173790915,4.380359388900246e-05
78,1,2.7069141002496084,1.1998677486343248,1.6447062042432632,4.629438319176887,2.0520465473802942,2.812821406120581,14.982968163984637,10.469588014507817,12.090217327308546,25.624280780450995,17.905374956629842,20.67701940636291,3.3326904989367154,1.5066837795936687,2.0765286971336234,4.9010154396128165,2.2157114405789247,3.053718672255328,28.01361099244911,21.80456835534627,24.50169483683012,41.196486753601626,32.065541699038626,36.03190417180899,2.7036084199828845,1.1949282684033093,1.6386562554591584,4.6347572913992305,2.048448460119959,2.8091250093585574,14.933521035015113,10.41276089814129,12.032820810651032,25.60032177431162,17.850447253956492,20.627692818258907,0.7487437185929648,-0.0012562814070351536,-0.0012562814070351536,0.5979899497487438,-0.0020100502512562235,-0.0020100502512562235,0.48743718592964824,-0.002562814070351749,-0.002562814070351749,0.4066666666666666,0.1188130892956184,0.1671988174427198,0.31438127090301005,0.4371859296482412,0.11889019029987025,0.19010746554139646,0.3787878787878788,0.4046822742474916,0.11753703217737477,0.1677523521117853,0.3120805369127517,19.0,0.0,0.0,29.0,0.0,0.0,42.0,0.0,0.0,0.0023871371460417114,0.0002573407557757056,0.00020673016940454892,-0.02489966604528515,-0.018947754866893263,-0.022897392581226583
78,0,4.31738983957391,2.031814496432258,2.777754141198953,6.863542821886729,3.2300640712512823,4.415916839854745,74.99262981497456,65.16128882321625,70.32973855230777,119.21905252636982,103.58974120613865,111.80625103187391,4.279136293497517,1.981464302911712,2.725745657626585,6.434791418793258,2.9796455682882885,4.098865650566293,72.17807240707688,62.2270829356992,67.45060023154504,108.53845474748402,93.5745608055627,101.42947403239855,4.31738983957391,2.031814496432258,2.777754141198953,6.863542821886729,3.2300640712512823,4.415916839854745,74.99262981497456,65.16128882321625,70.32973855230777,119.21905252636982,103.58974120613865,111.80625103187391,0.778894472361809,-0.0011055276381910506,-0.0011055276381910506,0.6984924623115578,-0.0015075376884421399,-0.0015075376884421399,0.5376884422110553,-0.0023115577889447625,-0.0023115577889447625,0.44534412955465585,0.11201079622132248,0.18289460061791296,0.4552845528455285,0.44221105527638194,0.11639651893552982,0.1834464475969162,0.4494949494949495,0.44534412955465585,0.11201079622132248,0.18289460061791296,0.4552845528455285,27.0,1.0,1.0,37.0,4.0,4.0,46.0,3.0,3.0,-0.00010739734134217015,-0.00018500857354037466,-0.00012662151315715774,-2.39265858157367e-05,-9.583520108336074e-05,-0.00011149550017286458
63,1,3.424350839142406,1.5575469653741163,2.1415537195176677,5.348509882089091,2.432740022108143,3.3449029523894995,30.70270738503512,24.23511529565036,27.095993344943256,47.954704868054854,37.852941985587236,42.321361034006614,3.7620811582210676,1.6833881232674268,2.346217134600093,5.336285330810025,2.3877845720105344,3.3279675668086424,43.03790152265767,35.043887335977,38.9178567781454,61.04666882646478,49.70764161131489,55.202633727865816,3.528124955186876,1.6286786319465352,2.200283400003075,5.345643871495266,2.4676948968886894,3.333762727277386,34.060043595204384,27.37784995267739,30.287152579747584,51.60612665940058,41.48159083738999,45.88962512082967,0.7135678391959799,-0.0014321608040201994,-0.0014321608040201994,0.6030150753768844,-0.0019849246231156137,-0.0019849246231156137,0.5125628140703518,-0.0024371859296482556,-0.0024371859296482556,0.44036697247706424,0.13807689614118634,0.20028558895722703,0.4049079754601227,0.42713567839195976,0.103827407715268,0.178387765203312,0.4242424242424242,0.4481605351170569,0.14932914947431897,0.2134553070859112,0.42281879194630867,19.0,0.0,0.0,30.0,0.0,0.0,39.0,0.0,0.0,0.0011358222578259573,7.808565364218117e-05,0.0005589704915094776,0.00039646512983626536,-4.812870849413287e-06,-0.00013843336848395893
63,0,3.9264598281847105,1.8370691507541097,2.5197837663375173,6.410999380482381,2.999508387389479,4.11422321170363,50.727076849449794,42.64708650587144,46.64471354565363,82.82556615531634,69.63281356043417,76.16001251239493,3.912199603852315,1.7747329428364673,2.4559521686630665,5.97282382267529,2.7095159432617817,3.749545295668803,50.00883070092943,41.530897777876035,45.718999284967325,76.34935984874721,63.405950805917605,69.79999890834705,3.9264598281847105,1.8370691507541097,2.5197837663375173,6.410999380482381,2.999508387389479,4.11422321170363,50.727076849449794,42.64708650587144,46.64471354565363,82.82556615531634,69.63281356043417,76.16001251239493,0.7688442211055276,-0.0011557788944723812,-0.0011557788944723812,0.6331658291457287,-0.0018341708542712887,-0.0018341708542712887,0.5175879396984925,-0.002412060301507535,-0.002412060301507535,0.4409722222222222,0.11341589639899863,0.17884751090582496,0.4494773519163763,0.44221105527638194,0.11389025327136937,0.1734297531060981,0.4545454545454546,0.4409722222222222,0.11341589639899863,0.17884751090582496,0.4494773519163763,27.0,4.0,4.0,38.0,3.0,3.0,48.0,4.0,4.0,0.0002789034292073837,-0.00011379555510008771,1.9231854435025333e-05,-0.0003080533820964959,0.0001462546060908565,-1.7556467044599344e-06
127,1,3.2089985820734612,1.4451530018968066,1.996368678166476,5.467182769458489,2.462112521750115,3.4012207109502923,24.75428442399569,18.919451801848496,21.39196882187238,42.173966055696354,32.233140106852986,36.44557651133812,3.2026808010273844,1.374764756985758,1.9409657542769,4.889589009202114,2.09887749158131,2.963306495079237,24.59838526198888,18.377476221621002,21.0669123241806,37.55478665952501,28.057215605528246,32.16322492241313,3.2981713527819783,1.5026125688177352,2.069671366608665,5.49695225463663,2.504354281362892,3.4494522776811074,27.063104772966398,21.040265525277427,23.647003281255014,45.105174621610665,35.06710920879571,39.41167213542503,0.6582914572864322,-0.0017085427135676845,-0.0017085427135676845,0.5276381909547738,-0.002361809045226204,-0.002361809045226204,0.4522613065326633,-0.0027386934673366836,-0.0027386934673366836,0.4112149532710281,0.11261464222903739,0.16769163720885194,0.39375000000000004,0.4170854271356784,0.11382728177226986,0.15999026853801568,0.3939393939393939,0.4147157190635451,0.11087598617539818,0.1699993675618766,0.40268456375838924,25.0,2.0,2.0,33.0,3.0,3.0,44.0,7.0,7.0,-0.00015543715685651613,0.0001277614076305862,1.8803961285956024e-05,0.00042015868917300025,1.8428279449089757e-05,-0.00011740602667131839
127,0,3.413374532546316,1.5285724998393193,2.115523146594991,5.8844064027332195,2.635146456778213,3.6470061606944317,30.367547827454086,23.78249713914411,26.706126598534752,52.351416806838024,40.999274209199356,46.039396160664204,3.975069576771415,1.7851296073070628,2.4769503851176746,6.259952089403803,2.8112277280426183,3.9007092679018496,53.25382200584035,44.31914526067156,48.78055421182524,83.86428662337063,69.79392954436467,76.81977041232321,3.413374532546316,1.5285724998393193,2.115523146594991,5.8844064027332195,2.635146456778213,3.6470061606944317,30.367547827454086,23.78249713914411,26.706126598534752,52.351416806838024,40.999274209199356,46.039396160664204,0.8040201005025126,-0.0009798994974873354,-0.0009798994974873354,0.6432160804020101,-0.001783919597989958,-0.001783919597989958,0.5678391959798995,-0.0021608040201005485,-0.0021608040201005485,0.4392857142857143,0.13803794244970713,0.1981930777061418,0.3655913978494624,0.44723618090452266,0.11390284757118929,0.18847157322505692,0.4242424242424242,0.4392857142857143,0.13803794244970713,0.1981930777061418,0.3655913978494624,27.0,7.0,7.0,40.0,7.0,7.0,48.0,7.0,7.0,0.0015951457179096443,0.0009958218337700704,4.9500760846194984e-05,-0.004928143048774203,-0.0050672503619422216,-0.004161919676719528
159,1,2.9700795003923317,1.3141422117740018,1.8168332983051445,4.966912610825593,2.1976615518932454,3.038320092080919,19.49346927288544,14.255482145082768,16.325007572513186,32.59924804957113,23.839676355618636,27.30057763538928,2.945552283195994,1.1952686203593408,1.707663099613427,4.566747725885262,1.85312964396797,2.6475396893231427,19.021164555668044,13.264929281200619,15.57283756363053,29.49017760568689,20.565781831318787,24.143934207179115,2.9700795003923317,1.3141422117740018,1.8168332983051445,4.966912610825593,2.1976615518932454,3.038320092080919,19.49346927288544,14.255482145082768,16.325007572513186,32.59924804957113,23.839676355618636,27.30057763538928,0.6381909547738693,-0.0018090452261306789,-0.0018090452261306789,0.5276381909547738,-0.002361809045226204,-0.002361809045226204,0.42713567839195976,-0.002864321608040288,-0.002864321608040288,0.423728813559322,0.10562390662192778,0.17682915177803682,0.44557823129251706,0.4321608040201005,0.11386506467172952,0.17339619634063475,0.45959595959595956,0.423728813559322,0.10562390662192778,0.17682915177803682,0.44557823129251706,22.0,3.0,3.0,31.0,3.0,3.0,42.0,3.0,3.0,-0.0003613675427737038,-0.00032115041132269604,-0.00014162411580481428,-0.005032091876683076,-0.005125353237687591,-0.005610554860172812
159,0,3.4554686364481006,1.5592984828141052,2.1519772714389775,5.778636815755015,2.607640400638277,3.5987868494120754,31.67312838717756,25.012790922544013,27.990998475831887,52.96749154013874,41.82930007385891,46.809805360713206,3.47539127472058,1.5066752012661082,2.10625427336456,5.430298866750906,2.354180001978294,3.2910223021321254,32.310468333101845,25.14899255886355,28.378512374907626,50.48510677047163,39.29530087322429,44.34142558579316,3.4554686364481006,1.5592984828141052,2.1519772714389775,5.778636815755015,2.607640400638277,3.5987868494120754,31.67312838717756,25.012790922544013,27.990998475831887,52.96749154013874,41.82930007385891,46.809805360713206,0.6683417085427136,-0.0016582914572863539,-0.0016582914572863539,0.5628140703517588,-0.0021859296482411583,-0.0021859296482411583,0.44221105527638194,-0.0027889447236180143,-0.0027889447236180143,0.4101694915254237,0.09883277409733571,0.1756711826189975,0.3877551020408163,0.40703517587939697,0.09876449918766761,0.17164285534517332,0.3737373737373737,0.4101694915254237,0.09883277409733571,0.1756711826189975,0.3877551020408163,24.0,13.0,13.0,36.0,14.0,14.0,42.0,15.0,15.0,0.00035785681275543976,0.0005218957736457813,-9.42263118888847e-05,-0.0050241940235693505,-0.00511873140287733,-0.004210266054954559
124,1,2.9739488511416265,1.3038938806040252,1.7821850570574114,5.701437852741129,2.4997302572905893,3.4166752198835453,19.569042458113948,14.256582640186947,16.276158400330683,37.516341066107955,27.331680531187132,31.203463894556613,2.8733569401592467,1.241980156209856,1.7219174431700044,5.473060838398565,2.3656764880187735,3.2798427488952466,17.696324102010657,12.58541761117688,14.533581709438089,33.70728400382982,23.972224021289293,27.683012779882073,2.847641328106756,1.2228524415891213,1.7033221251776505,5.657565552529979,2.4295081620975925,3.3840836924059285,17.247053686501907,12.169706658887858,14.106750966462497,34.26566957583161,24.178225150108332,28.026657549263245,0.6432160804020101,-0.001783919597989958,-0.001783919597989958,0.507537688442211,-0.0024623115577889765,-0.0024623115577889765,0.38190954773869346,-0.0030904522613065533,-0.0030904522613065533,0.4046242774566474,0.0987079715403415,0.15731244949965817,0.408695652173913,0.3869346733668342,0.08618279366758608,0.14820345466900442,0.36363636363636365,0.3913043478260869,0.09748130942875799,0.15103738453353965,0.3825503355704698,21.0,8.0,8.0,35.0,14.0,14.0,43.0,10.0,10.0,0.0012521064478325065,-0.0003961482692486682,-0.00010043791063168779,-0.023431399715879486,-0.018590964025687384,-0.021132011309395793
124,0,4.289132734373504,1.9979276573514815,2.736532493137669,6.6546544242401025,3.0998150320119953,4.245771625716625,72.90321462253762,63.01636970774512,68.17947753935796,113.11044208102807,97.77085239504699,105.78149242470084,4.405998303063551,2.0025198679559106,2.7866685482468805,6.479409269211104,2.944882158758692,4.098041982716001,81.94090388060432,70.87931733133175,76.89119923874324,120.50132923618283,104.23429019313491,113.07529299815182,4.289132734373504,1.9979276573514815,2.736532493137669,6.6546544242401025,3.0998150320119953,4.245771625716625,72.90321462253762,63.01636970774512,68.17947753935796,113.11044208102807,97.77085239504699,105.78149242470084,0.7989949748743719,-0.0010050251256281673,-0.0010050251256281673,0.7085427135678393,-0.0014572864321606982,-0.0014572864321606982,0.6331658291457287,-0.0018341708542712887,-0.0018341708542712887,0.4274509803921569,0.08302827980507277,0.16408722550297827,0.42913385826771655,0.44723618090452266,0.09134645659374574,0.17845487873423882,0.4545454545454546,0.4274509803921569,0.08302827980507277,0.16408722550297827,0.42913385826771655,26.0,3.0,3.0,33.0,3.0,3.0,44.0,3.0,3.0,-7.336178920775376e-05,0.0004240354680944831,0.00015535414469206585,-7.936596070123869e-05,-0.0001398081572467902,0.00011389473326595123
58,1,3.7262903514661287,1.712863512167258,2.359403981433103,5.922140022865812,2.722229510408678,3.7497670419204674,41.52477975060424,34.03584294228268,37.601663224767265,65.99473924649602,54.09267896184211,59.75978619650512,3.7930092931392805,1.704481655224972,2.369062348916854,5.746983777483758,2.582547962462079,3.589488407449779,44.38978134841972,36.3167613475259,40.23629965731706,67.2572444673026,55.02539598109984,60.96409038987433,3.7262903514661287,1.712863512167258,2.359403981433103,5.922140022865812,2.722229510408678,3.7497670419204674,41.52477975060424,34.03584294228268,37.601663224767265,65.99473924649602,54.09267896184211,59.75978619650512,0.7437185929648241,-0.0012814070351758744,-0.0012814070351758744,0.6231155778894473,-0.0018844221105527303,-0.0018844221105527303,0.5326633165829145,-0.0023366834170853723,-0.0023366834170853723,0.4473684210526315,0.1265429051051643,0.20236842105263153,0.43018867924528303,0.4371859296482412,0.11387765897154944,0.18342966921418447,0.4292929292929293,0.4473684210526315,0.1265429051051643,0.20236842105263153,0.43018867924528303,22.0,5.0,5.0,34.0,8.0,8.0,46.0,10.0,10.0,0.00013092300630336933,5.917990355137961e-05,-2.1214120899789868e-05,-0.004831124142729237,-0.005013021011245122,-0.004738710511125177
58,0,3.328174749253288,1.5702760615037066,2.1318095560756087,5.506299585152036,2.5979436410218386,3.5269728781146195,27.887393734734157,22.087157262769882,24.579322889793847,46.138305864795775,36.542103115367965,40.66526718939715,3.3780399542957094,1.537334665016699,2.1306281292716824,5.6300665904928495,2.562224441694499,3.551046882119471,29.31325944070279,23.01227873232466,25.831938421327585,48.85543240117132,38.35379788720777,43.053230702212645,3.330098656906332,1.566018415260417,2.1370951408629457,5.519500536308837,2.5956106330283153,3.542146642314275,27.941098149565992,22.104896156359768,24.644129299627185,46.311212402595565,36.63794943043055,40.84662314855335,0.6984924623115578,-0.0015075376884421399,-0.0015075376884421399,0.5678391959798995,-0.0021608040201005485,-0.0021608040201005485,0.4371859296482412,-0.002814070351758735,-0.002814070351758735,0.43174603174603177,0.1163736070233693,0.1952096009118185,0.42038216560509556,0.40201005025125625,0.08872684223120608,0.16494828063522948,0.38888888888888884,0.4280936454849499,0.10922887086057598,0.19450076450608444,0.4161073825503355,21.0,1.0,1.0,33.0,2.0,2.0,42.0,4.0,4.0,0.0006448190225541627,0.00021525998686470967,2.054351174634298e-05,0.00044385224850973515,4.166942974936916e-05,-9.637868485956602e-05
391,1,2.4083986865149605,1.0404639112616858,1.3984578418048053,5.269284398981216,2.2764089210028393,3.0596562478274825,11.116146450204072,7.188914751714455,8.370707847207184,24.320781021355575,15.72847409314496,18.314094138435113,2.2457870999772345,0.9105818124143599,1.2906627022695325,5.046712584218504,2.046251263852494,2.900365623077601,9.447849032390526,5.647072913987419,6.848855160699642,21.231121421102305,12.69005149210656,15.390685754381218,2.136688024303985,0.9127387987063167,1.27164800884572,5.169406510412867,2.2082390291281855,3.0765677633364192,8.471334262551837,5.070743311684595,6.096233137716313,20.495163538431864,12.26792736697886,14.748951139636244,0.4773869346733668,-0.0026130653266331905,-0.0026130653266331905,0.35678391959798994,-0.0032160804020100464,-0.0032160804020100464,0.27135678391959794,-0.0036432160804020786,-0.0036432160804020786,0.3555555555555555,0.101741408537525,0.14050179211469527,0.34261838440111425,0.3316582914572864,0.08604425636956714,0.11129101265928976,0.2828282828282829,0.33444816053511706,0.0907085945918783,0.13422569112466098,0.2919463087248322,17.0,0.0,0.0,26.0,0.0,0.0,33.0,3.0,3.0,0.0010770636443676897,-0.0008190100006431046,0.0004025296045740914,-0.08577543603130877,-0.07810197573263888,-0.09152131987469136
391,0,3.3645410668175177,1.4917147222681986,2.050817289977461,6.884368644411229,3.052277816333391,4.1962876856461895,28.92022180357007,22.413561303707795,25.20022139974544,59.17522307499722,45.861594667586715,51.5635299410176,3.4477579126405957,1.4742213304204275,2.0744100759773865,6.50520360875584,2.781549680038542,3.91398127542903,31.429844793735302,24.2337637221936,27.481297108566967,59.301593950443966,45.72408249470491,51.85150397842824,3.3645410668175177,1.4917147222681986,2.050817289977461,6.884368644411229,3.052277816333391,4.1962876856461895,28.92022180357007,22.413561303707795,25.20022139974544,59.17522307499722,45.861594667586715,51.5635299410176,0.7085427135678393,-0.0014572864321606982,-0.0014572864321606982,0.5527638190954773,-0.0022361809045226,-0.0022361809045226,0.4623115577889447,-0.002688442211055242,-0.002688442211055242,0.4037735849056604,0.09680559997157379,0.14781373547027776,0.3787878787878788,0.4120603015075377,0.10880215614412914,0.16164293923708695,0.398989898989899,0.4037735849056604,0.09680559997157379,0.14781373547027776,0.3787878787878788,27.0,10.0,10.0,36.0,7.0,7.0,45.0,9.0,9.0,0.0007613779309395295,0.00026160136989296324,-4.15217205552385e-05,-0.0001486651793047855,0.00023534568223659846,7.884916357880911e-05
133,1,2.7717522749851318,1.2267155969097532,1.6930662829274983,5.505535340723892,2.4366268705741674,3.3629398770477708,15.98662243951744,11.29847886356536,13.045809679716152,31.754250051096285,22.44218404406818,25.912909637792357,2.8311535245809125,1.1672341504209107,1.649475896141775,5.0556312938944865,2.084346697180198,2.945492671681741,16.96501910844892,11.685054608716705,13.705180692666971,30.29467697937307,20.866168944136973,24.473536951191015,2.7717522749851318,1.2267155969097532,1.6930662829274983,5.505535340723892,2.4366268705741674,3.3629398770477708,15.98662243951744,11.29847886356536,13.045809679716152,31.754250051096285,22.44218404406818,25.912909637792357,0.6130653266331658,-0.001934673366834172,-0.001934673366834172,0.46733668341708545,-0.002663316582914521,-0.002663316582914521,0.37688442211055273,-0.003115577889447274,-0.003115577889447274,0.40484429065743943,0.1215973131099437,0.17699618939161665,0.3819444444444444,0.39698492462311563,0.10625810758050913,0.15992315500708887,0.36363636363636365,0.40484429065743943,0.1215973131099437,0.17699618939161665,0.3819444444444444,23.0,10.0,10.0,34.0,11.0,11.0,42.0,13.0,13.0,-1.9487155699104022e-05,0.00012821587376440026,0.00010000739269385507,-0.0003149833039568506,0.00014238108104080993,-5.260203672641239e-06
133,0,3.769001358747482,1.7580108625472333,2.407320541879627,6.229937540047309,2.9058885433868973,3.979159248636324,43.336765337500765,35.86605194043289,39.43401774154244,71.63312388139832,59.28447408977436,65.18211167866721,3.6959018563505395,1.6533701186429282,2.298908569330921,6.159836427250899,2.75561686440488,3.831514282218202,40.28188468487761,32.57178021264921,36.23885922861001,67.13647447479602,54.286300354415346,60.39809871435001,3.769001358747482,1.7580108625472333,2.407320541879627,6.229937540047309,2.9058885433868973,3.979159248636324,43.336765337500765,35.86605194043289,39.43401774154244,71.63312388139832,59.28447408977436,65.18211167866721,0.7085427135678393,-0.0014572864321606982,-0.0014572864321606982,0.6030150753768844,-0.0019849246231156137,-0.0019849246231156137,0.5376884422110553,-0.0023115577889447625,-0.0023115577889447625,0.4535714285714286,0.12023809523809526,0.2053529012555141,0.4551971326164874,0.4723618090452262,0.1490535383685344,0.22862224310198742,0.4696969696969697,0.4535714285714286,0.12023809523809526,0.2053529012555141,0.4551971326164874,22.0,1.0,1.0,35.0,1.0,1.0,45.0,3.0,3.0,6.559355200612632e-07,-0.0002592973430564191,-6.28961648320282e-05,-0.0002526140072118821,0.00017724280649034085,2.6280809047207754e-05
460,1,2.703174904160116,1.1649679066335175,1.596967440761409,5.787779396023806,2.4943177878226845,3.4192738455566363,14.927048520426899,10.270814377813991,11.90417624672952,31.960367690975385,21.99088477212934,25.488082884101853,2.5557537090838256,1.0268954367297187,1.4763318113214188,4.914910979007357,1.9747989167879205,2.8390996371565747,12.881004529860453,8.268097398863754,9.938026812668014,24.77116255742395,15.90018730550722,19.11159002436157,2.5706269709162886,1.083324392564954,1.505710999340646,5.6291101552911424,2.3722431953977092,3.297177370818932,13.074018901432128,8.64887597210421,10.173423660060838,28.62923847028933,18.939144464461773,22.27757005852738,0.5979899497487438,-0.0020100502512562235,-0.0020100502512562235,0.4371859296482412,-0.002814070351758735,-0.002814070351758735,0.35678391959798994,-0.0032160804020100464,-0.0032160804020100464,0.3908045977011494,0.09668695064232591,0.15131290659655505,0.3890489913544669,0.37688442211055273,0.09117013639626703,0.13815320341272297,0.3484848484848485,0.3846153846153846,0.09079234621805565,0.14657311542739793,0.3691275167785235,18.0,6.0,6.0,27.0,11.0,11.0,37.0,13.0,13.0,0.0005523093021797574,-0.00016753100280685548,9.610680538348152e-05,-0.00436199136940818,-0.0035824856755146683,-0.00404009856430676
460,0,3.8888680609457333,1.8080901587953235,2.4721547730667237,6.143284328160651,2.8562583667926122,3.9052879748445344,48.85555370369496,40.84485567331001,44.73200846622829,77.17761382177899,64.52303287522885,70.66360757708526,3.634860850458768,1.6678101188285144,2.291124987605834,5.2679142760272,2.417116114244224,3.3204709965301946,37.896579238621754,30.74701984433642,34.063241626703984,54.9225786066982,44.56089832512526,49.367016850295634,3.672250981713617,1.6878291991324597,2.3223057722656057,5.922985454376802,2.722305159891064,3.745654471396138,39.34036070038496,32.06552097033534,35.48314651437217,63.452194678040264,51.7185822102183,57.230881474793826,0.6733668341708543,-0.001633165829145744,-0.001633165829145744,0.5728643216080402,-0.0021356783919597166,-0.0021356783919597166,0.46733668341708545,-0.002663316582914521,-0.002663316582914521,0.42024539877300615,0.11549807871175044,0.18351070489545518,0.4276923076923077,0.4120603015075377,0.10629589047996879,0.17332908280970794,0.38888888888888884,0.40802675585284276,0.09750922663748385,0.17109683371713647,0.40268456375838924,25.0,0.0,0.0,33.0,-1.0,-1.0,42.0,0.0,0.0,0.0012880570864366094,-0.0005644277439579532,-0.0002472115202906773,0.0004004140563926839,-9.393457993667198e-07,-0.00013492881151577762
303,1,3.515559664446182,1.5863635692449694,2.1905720221909815,5.6165746118370965,2.5344270041191823,3.499730449654231,33.634746829252116,26.750772872394236,29.872607966091444,53.73598605856847,42.737921157079555,47.72546834819343,3.68408841943022,1.5909539958850898,2.2327494181806298,5.581952150651848,2.4105363574016505,3.3829536639100444,39.808816960638964,31.69852049078178,35.53999030637995,60.316389334301455,48.02806134966936,53.84847016118174,3.515559664446182,1.5863635692449694,2.1905720221909815,5.6165746118370965,2.5344270041191823,3.499730449654231,33.634746829252116,26.750772872394236,29.872607966091444,53.73598605856847,42.737921157079555,47.72546834819343,0.8040201005025126,-0.0009798994974873354,-0.0009798994974873354,0.6633165829145728,-0.0016834170854271857,-0.0016834170854271857,0.5376884422110553,-0.0023115577889447625,-0.0023115577889447625,0.44981412639405205,0.11215178873171439,0.17663736496018312,0.4104477611940298,0.4623115577889447,0.1064218334781678,0.1718274175552219,0.43434343434343436,0.44981412639405205,0.11215178873171439,0.17663736496018312,0.4104477611940298,21.0,4.0,4.0,37.0,10.0,10.0,42.0,3.0,3.0,0.00036182603354479193,0.00048502977436867475,0.00014273097189356957,-0.00017638486674709242,0.00021985158203818855,6.483093570341936e-05
303,0,3.7539879221624886,1.750013229000388,2.3917209747936017,5.658184694273896,2.637701098783193,3.6049127736019497,42.69099133276087,35.27250755883211,38.785955546875286,64.345842008799,53.164359219109265,58.45999096920333,3.9648072899286473,1.8393927556084373,2.5169774521375357,5.623840127558365,2.6090677384516843,3.5701807831738095,52.710110641649464,44.33374158066044,48.456237744961015,74.76611438531839,62.88473983072402,68.73225212051207,3.8558868672138074,1.8110100967102745,2.441072609035113,5.7838303008207115,2.716515145065412,3.66160891355267,47.27052103212898,39.54231489585065,43.15479909884425,70.90578154819347,59.31347234377598,64.73219864826638,0.7738693467336684,-0.0011306532663316604,-0.0011306532663316604,0.6984924623115578,-0.0015075376884421399,-0.0015075376884421399,0.592964824120603,-0.0020351758793969443,-0.0020351758793969443,0.4565916398713826,0.11951298818598932,0.20311570404250567,0.43870967741935485,0.4773869346733668,0.11899094469842941,0.21528342883029505,0.4747474747474747,0.46153846153846156,0.11930139976884557,0.21014802772311114,0.44966442953020136,21.0,0.0,0.0,35.0,0.0,0.0,44.0,0.0,0.0,0.0005178937409280336,0.0003607091010375416,0.00027144715225526733,0.00045964795473452114,5.716352994689089e-05,-8.236045698506445e-05
420,1,2.98282662466113,1.3484498002060812,1.8688304750781553,5.162584542682726,2.3338554234336026,3.2345142837891157,19.743545437899616,14.61728299785516,16.697037032970574,34.171520950210876,25.299143650133928,28.89871794167984,2.875371475315573,1.2224428914127503,1.7294846240430537,4.915164915069356,2.089645968226924,2.9563839727231693,17.73200990213257,12.50975864673384,14.586780431038676,30.311128037833456,21.384202814929644,24.934667403484916,2.98282662466113,1.3484498002060812,1.8688304750781553,5.162584542682726,2.3338554234336026,3.2345142837891157,19.743545437899616,14.61728299785516,16.697037032970574,34.171520950210876,25.299143650133928,28.89871794167984,0.6281407035175879,-0.0018592964824121205,-0.0018592964824121205,0.4974874371859297,-0.002512562814070307,-0.002512562814070307,0.40201005025125625,-0.002989949748743781,-0.002989949748743781,0.4386617100371747,0.14738156161416915,0.20503995478377546,0.42910447761194026,0.4170854271356784,0.12385234442891147,0.17835420843784866,0.3939393939393939,0.4386617100371747,0.14738156161416915,0.20503995478377546,0.42910447761194026,24.0,10.0,10.0,40.0,16.0,16.0,46.0,12.0,12.0,-0.00021876861168415216,0.0002913854398630992,0.00030847277287401794,-0.00017638486674709242,0.00021985158203818855,6.483093570341936e-05
420,0,4.484409761428833,2.0782862712340644,2.844967394192133,7.946637886061389,3.6828455247603644,5.041449573531648,88.62462569988641,77.53374191552065,83.47233007771001,157.04804995347519,137.3943514826506,147.91787903476555,4.532226025758677,2.0816612107704424,2.8625482109820855,7.429878730751929,3.412559361918758,4.692701985216534,92.9652740172189,81.37038017729775,87.65481744632554,152.40208855281787,133.39406586442254,143.69642204315662,4.484409761428833,2.0782862712340644,2.844967394192133,7.946637886061389,3.6828455247603644,5.041449573531648,88.62462569988641,77.53374191552065,83.47233007771001,157.04804995347519,137.3943514826506,147.91787903476555,0.8793969849246231,-0.000603015075376856,-0.000603015075376856,0.7386934673366834,-0.0013065326633165952,-0.0013065326633165952,0.6130653266331658,-0.001934673366834172,-0.001934673366834172,0.43333333333333335,0.0799029799029799,0.16048014773776553,0.41422594142259417,0.4321608040201005,0.07376481404516311,0.15670170552260465,0.41414141414141414,0.43333333333333335,0.0799029799029799,0.16048014773776553,0.41422594142259417,27.0,6.0,6.0,37.0,2.0,2.0,49.0,5.0,5.0,0.00020353485801953024,0.0002675424063333068,0.00014106516593699215,2.4582867206746073e-05,-5.7358864443912694e-05,-7.978146849918488e-05
19,1,3.1957711403387306,1.5001032607268796,2.045597147841481,5.781822786797045,2.71400260986771,3.7009158924763637,24.42900462161611,18.97871973756559,21.270262162247814,44.19721230884493,34.3364995252009,38.482382201435186,3.4451077667313004,1.530904542704532,2.135927547227506,6.151978154877321,2.7337581119723784,3.814156334334832,31.34666139188644,24.565128110873765,27.643524683592688,55.976181056940064,43.86630019798886,49.36343693498694,3.1957711403387306,1.5001032607268796,2.045597147841481,5.781822786797045,2.71400260986771,3.7009158924763637,24.42900462161611,18.97871973756559,21.270262162247814,44.19721230884493,34.3364995252009,38.482382201435186,0.6532663316582914,-0.0017336683417086274,-0.0017336683417086274,0.5577889447236181,-0.00221105527638199,-0.00221105527638199,0.49246231155778897,-0.002537688442211028,-0.002537688442211028,0.44525547445255476,0.1574594817385293,0.23530401814187518,0.42490842490842495,0.4723618090452262,0.17912872633845922,0.2536639793290325,0.45959595959595956,0.44525547445255476,0.1574594817385293,0.23530401814187518,0.42490842490842495,25.0,14.0,14.0,39.0,17.0,17.0,47.0,18.0,18.0,0.00019492260960385602,0.00018488712794019656,-5.2325125453110456e-05,-0.000211034476049754,0.00020048395678795572,4.730815085896012e-05
19,0,3.532775841679489,1.5743985776700236,2.1664711899595246,5.491162449567033,2.447163006595798,3.3674497843936093,34.21882193571102,27.131005861915643,30.297986894946238,53.18795148702909,42.17101998102106,47.09361006497079,3.4170219275220552,1.3951955025289848,1.961379084832834,5.511325689551702,2.250315326659653,3.1635146529561844,30.47851251182348,22.926406812159964,26.19127391188431,49.15889114810239,36.978075503483815,42.24399018045857,3.532775841679489,1.5743985776700236,2.1664711899595246,5.491162449567033,2.447163006595798,3.3674497843936093,34.21882193571102,27.131005861915643,30.297986894946238,53.18795148702909,42.17101998102106,47.09361006497079,0.6532663316582914,-0.0017336683417086274,-0.0017336683417086274,0.5527638190954773,-0.0022361809045226,-0.0022361809045226,0.4522613065326633,-0.0027386934673366836,-0.0027386934673366836,0.44561403508771935,0.1233723538267737,0.20174005609121992,0.45070422535211263,0.4321608040201005,0.12389012732837112,0.18341289083145274,0.4242424242424242,0.44561403508771935,0.1233723538267737,0.20174005609121992,0.45070422535211263,25.0,10.0,10.0,35.0,6.0,6.0,43.0,8.0,8.0,-0.00012153832128886844,0.00029703028547822124,0.00021341530794183737,-0.006703848318856842,-0.007046253657154722,-0.007666368187975614
348,1,3.614861087879892,1.6471255425956401,2.274279951146296,5.815211315285044,2.6497236989582036,3.658624269235346,37.14618551184944,29.991728324824567,33.32492197500649,59.75690712775779,48.24756295732648,53.609657090227834,3.9796772057087577,1.8424255558258986,2.523197441564866,5.939816724938444,2.749888889292386,3.7659663306938302,53.49976202219292,45.02365175315023,49.20893383839782,79.85039107789987,67.19948022858244,73.44616990805645,3.614861087879892,1.6471255425956401,2.274279951146296,5.815211315285044,2.6497236989582036,3.658624269235346,37.14618551184944,29.991728324824567,33.32492197500649,59.75690712775779,48.24756295732648,53.609657090227834,0.7185929648241206,-0.0014070351758793676,-0.0014070351758793676,0.6281407035175879,-0.0018592964824121205,-0.0018592964824121205,0.5376884422110553,-0.0023115577889447625,-0.0023115577889447625,0.44067796610169496,0.1259571539189538,0.2016700743316837,0.3945578231292517,0.44221105527638194,0.12391531592801097,0.20514928566035517,0.40909090909090906,0.44067796610169496,0.1259571539189538,0.2016700743316837,0.3945578231292517,20.0,0.0,0.0,30.0,0.0,0.0,41.0,0.0,0.0,0.0012349446898787895,0.000403870926206444,0.00016009676014244102,-0.00035656283511986686,0.00011913993074319507,-2.6287545484393604e-05
348,0,3.869295145818579,1.7770983120924475,2.445481709071661,6.271798667732076,2.880525368620438,3.9639180643775944,47.90860559607942,39.805909693957176,43.755678388817216,77.65577900540977,64.52199741242731,70.92423686553379,3.94819090474191,1.8087927066619667,2.4807130772239754,6.266969690066524,2.8710995343840744,3.937639805117422,51.8414957454367,43.347171555641985,47.50321630367537,82.28808848482016,68.80503421530474,75.40193064075457,3.869295145818579,1.7770983120924475,2.445481709071661,6.271798667732076,2.880525368620438,3.9639180643775944,47.90860559607942,39.805909693957176,43.755678388817216,77.65577900540977,64.52199741242731,70.92423686553379,0.778894472361809,-0.0011055276381910506,-0.0011055276381910506,0.6683417085427136,-0.0016582914572863539,-0.0016582914572863539,0.5678391959798995,-0.0021608040201005485,-0.0021608040201005485,0.43724696356275305,0.10189342820921765,0.1761433296461985,0.4065040650406504,0.4522613065326633,0.11140917620684876,0.19015780068959154,0.41414141414141414,0.43724696356275305,0.10189342820921765,0.1761433296461985,0.4065040650406504,25.0,2.0,2.0,36.0,2.0,2.0,46.0,3.0,3.0,0.0006302722640259254,6.315851487676111e-05,0.0002139121286822552,-2.39265858157367e-05,-9.583520108336074e-05,-0.00011149550017286458
341,1,2.9845386680412886,1.3039362246932806,1.797221598957991,5.429499723781327,2.3721325669561373,3.269521778895328,19.777376195766532,14.408586807263788,16.499102180353667,35.97918155388036,26.212231366886666,30.01531583092588,3.4247447701554803,1.4716362658529607,2.06451855114859,5.804652152805899,2.4942987556829848,3.4991839849976105,30.714804516220568,23.664234236434318,26.817729721744527,52.05899070545859,40.108871587176814,45.45377918939751,3.156333930915016,1.3845228671357994,1.9199188303399919,5.6363105909196705,2.472362262742499,3.4284264827499853,23.484342697774323,17.602847212642207,20.041095081329843,41.93632624602557,31.43365573686108,35.787669788089005,0.7236180904522613,-0.0013819095477386467,-0.0013819095477386467,0.5778894472361809,-0.002110552763819218,-0.002110552763819218,0.48743718592964824,-0.002562814070351749,-0.002562814070351749,0.41744548286604366,0.13128685145080266,0.18428486110438558,0.365625,0.44723618090452266,0.1289404415561517,0.1984882677158749,0.40909090909090906,0.4280936454849499,0.13427060708762095,0.19895015271520577,0.38590604026845643,28.0,13.0,13.0,37.0,10.0,10.0,48.0,14.0,14.0,0.0009270290884784948,0.00030759181978967025,0.0005397512651917675,-0.0069849400874471,-0.009740589723532977,-0.011808655379756061
341,0,2.9391098796210673,1.3436367084165077,1.8252530939443712,5.393934608622755,2.4658787319234774,3.3497542576365453,18.89901642339248,13.968354856078573,15.852932562191537,34.68399036793052,25.635105787007838,29.093734190840152,3.195084576630712,1.3802377484616184,1.9465575206419863,5.3698900447575,2.3197273083388548,3.271525244776448,24.412238309849077,18.27210270024988,20.927032647740702,41.028971949326184,30.709416302940987,35.17148344158102,3.0290143681210417,1.3765988471632478,1.8868995195926985,5.408954228787574,2.458212227077228,3.3694634278441042,20.676842787213378,15.457270188204994,17.54345478325222,36.92293354859532,27.602268193223207,31.327597827236104,0.7135678391959799,-0.0014321608040201994,-0.0014321608040201994,0.5125628140703518,-0.0024371859296482556,-0.0024371859296482556,0.4170854271356784,-0.0029145728643216184,-0.0029145728643216184,0.3913043478260869,0.1137849679811257,0.16506467840459926,0.34267912772585674,0.3869346733668342,0.10122038765254848,0.13651731109638343,0.3434343434343434,0.39799331103678925,0.11919531437568742,0.1699621653193254,0.3489932885906041,22.0,10.0,10.0,35.0,11.0,11.0,43.0,15.0,15.0,0.0012132815990659027,0.00010321954227858764,0.00043531840482776817,-0.002803929367721558,-0.003481774024221451,-0.004309111069407123
259,1,2.4993200355768206,1.048335920863235,1.3176915713227042,5.895454907448853,2.4728394368597484,3.108201882943555,12.174213113884267,7.906901139943667,8.914534961461689,28.716820345103475,18.65098445363182,21.02781482085963,3.1147871017456055,1.3424595361365412,1.8984122210631587,5.876956795746425,2.532942521012342,3.581909851062563,22.528633536142003,16.64409946317904,19.153702532728637,42.50685572856982,31.403961251281206,36.13906138250686,2.9232453167637855,1.288923892642534,1.8046457649603749,5.807772152510832,2.560775945647418,3.5853889370073673,18.60155755564098,13.475579104380223,15.540992517811757,36.956736865511886,26.772673717311708,30.876144075122703,0.7185929648241206,-0.0014070351758793676,-0.0014070351758793676,0.5527638190954773,-0.0022361809045226,-0.0022361809045226,0.4522613065326633,-0.0027386934673366836,-0.0027386934673366836,0.395,0.1053620474406991,0.1359579667644184,0.3408521303258145,0.44221105527638194,0.12140905026385063,0.1784381003515072,0.43434343434343436,0.42140468227424754,0.11422605122249463,0.1855871071908215,0.40604026845637586,22.0,6.0,6.0,35.0,10.0,10.0,43.0,10.0,10.0,0.0003001025884691128,0.0014279281532633174,0.0001400833899784858,-0.025388975313358486,-0.03668200912479325,-0.030453587801233084
259,0,3.8731467723846436,1.8063756429257949,2.421498560835539,7.16128700102369,3.339913298118006,4.477249943211543,48.09348747355122,40.1942113174994,43.82334065002942,88.92285444328482,74.3174219672515,81.02753088937733,3.8681225201592375,1.7250485000507538,2.402964968919192,6.96959012641304,3.1081954955869437,4.32966661066521,47.85245966136966,39.32685439097959,43.52423455755221,86.22064803850388,70.85919710086412,78.42204424784182,3.924974593031765,1.8476418874241678,2.5209720009481558,7.050852562332513,3.3191171630374274,4.528692217272137,50.65179113404189,42.66864404635942,46.58032732887043,90.99124155815909,76.65025876591513,83.67723472252173,0.7587939698492463,-0.001206030150753712,-0.001206030150753712,0.6432160804020101,-0.001783919597989958,-0.001783919597989958,0.5226130653266332,-0.002386934673366814,-0.002386934673366814,0.4463276836158192,0.1261584311475541,0.19706082144573123,0.4504249291784702,0.4371859296482412,0.11387765897154944,0.17508242380516947,0.4444444444444444,0.4347826086956522,0.1142483849894752,0.19229095129854434,0.4530201342281879,24.0,5.0,5.0,35.0,6.0,6.0,45.0,6.0,6.0,-0.00022565549580769309,-6.801476493462933e-05,5.806896756241389e-05,0.0002898441128182938,-0.0001093980471917888,0.00013328373458332265
263,1,3.1658793091773987,1.4639222267860184,1.9998198854685358,5.740540193146971,2.6544613871240457,3.626179430879695,23.70958292343139,18.224912075731794,20.5002618097522,42.99147265031837,33.04637671563416,37.17216147430972,3.4518059629890785,1.5282415438760724,2.1355507587214655,5.522889540782526,2.445186470201716,3.4168812139543445,31.557332251637902,24.71201764565785,27.827903007583224,50.491731602620646,39.53922823305256,44.52464481213316,3.1592094866328413,1.4668474334653994,2.004109117815901,5.744017248423347,2.666995333573453,3.6438347596652743,23.55197042074089,18.119673483692434,20.37762841425,42.82176440134707,32.94486087944079,37.050233480454544,0.7437185929648241,-0.0012814070351758744,-0.0012814070351758744,0.5979899497487438,-0.0020100502512562235,-0.0020100502512562235,0.4974874371859297,-0.002512562814070307,-0.002512562814070307,0.43000000000000005,0.12384359400998346,0.1838802660753881,0.36454849498327757,0.42211055276381915,0.10381481341544818,0.1583375978389444,0.36868686868686873,0.4280936454849499,0.12258446351499996,0.19116372334924359,0.36241610738255037,25.0,2.0,2.0,34.0,2.0,2.0,46.0,7.0,7.0,0.0015827091474422534,0.00042089053443366745,0.00015673261183982395,-0.010199680810596412,-0.007906666751885894,-0.009636737464481016
263,0,3.9567007167869823,1.829305939182079,2.30764026481423,6.544416375445135,3.02568746058808,3.816856471760245,52.28453956653661,43.89156682272449,47.08244964946889,86.47906966279473,72.59702191775528,77.87476904047175,4.0759917192123645,1.8446679027886375,2.556068162784242,5.950352874762576,2.6929458434870623,3.73148636902809,58.90887269010257,49.596687142606605,54.33699699882692,85.99835429212054,72.40392283592205,79.3240832099663,3.887219724447831,1.798833622653469,2.466947616665796,6.170190038806081,2.8552914645293157,3.9157898677234857,48.77508964554033,40.703212187716225,44.63684330944637,77.42077721514339,64.60827331383528,70.85213223721647,0.7688442211055276,-0.0011557788944723812,-0.0011557788944723812,0.6582914572864322,-0.0017085427135676845,-0.0017085427135676845,0.5628140703517588,-0.0021859296482411583,-0.0021859296482411583,0.4398976982097187,0.09890152962734322,0.16032780573660044,0.45128205128205123,0.44723618090452266,0.11139658190702895,0.18680212414325392,0.4797979797979798,0.43143812709030105,0.09253996348429105,0.17448595801354905,0.44630872483221473,22.0,2.0,2.0,32.0,-1.0,-1.0,43.0,0.0,0.0,-0.00044175892338237446,-6.387506245874978e-05,-0.00010231494778251519,0.00014373383023880137,-0.00025271847403463,4.190491550914999e-05
232,1,2.9699970560819926,1.3308139420253162,1.8322131392547518,5.309994736631442,2.379334017560414,3.275775006546375,19.491862213502486,14.340902167216935,16.372015354925733,34.84908698777718,25.6397947838121,29.271178967897523,2.9462413769870546,1.2782141884421716,1.7934903561113371,4.790636385344804,2.0783970543775148,2.916244481481849,19.034276439202014,13.732578216858425,15.867383313136731,30.95004299057238,22.329395474566546,25.800623273393057,2.9699970560819926,1.3308139420253162,1.8322131392547518,5.309994736631442,2.379334017560414,3.275775006546375,19.491862213502486,14.340902167216935,16.372015354925733,34.84908698777718,25.6397947838121,29.271178967897523,0.6381909547738693,-0.0018090452261306789,-0.0018090452261306789,0.5226130653266332,-0.002386934673366814,-0.002386934673366814,0.40201005025125625,-0.002989949748743781,-0.002989949748743781,0.41496598639455784,0.12294561288012662,0.18532797734478412,0.39249146757679176,0.40703517587939697,0.11129582750846967,0.1683039571815672,0.3787878787878788,0.41496598639455784,0.12294561288012662,0.18532797734478412,0.39249146757679176,22.0,7.0,7.0,34.0,7.0,7.0,43.0,7.0,7.0,0.0006578531500803754,0.00026657443196064114,-1.4563459745544783e-05,-0.01437622003794825,-0.014609426013798554,-0.013839093709751005
232,0,3.877500739590875,1.8016199675232207,2.4718650571678764,6.230742567756372,2.895016913330417,3.97203143669045,48.30334145801033,40.33177695872969,44.22522315241024,77.61847282563039,64.80899331988977,71.06535858283853,4.115803895883225,1.9156780208523823,2.629472217292116,6.097487253160333,2.8380415123738993,3.89551439598832,61.30147446301945,52.275324868231216,56.88062581890301,90.81699920447326,77.44492573071291,84.26759380578224,3.877500739590875,1.8016199675232207,2.4718650571678764,6.230742567756372,2.895016913330417,3.97203143669045,48.30334145801033,40.33177695872969,44.22522315241024,77.61847282563039,64.80899331988977,71.06535858283853,0.8090452261306533,-0.0009547738693467256,-0.0009547738693467256,0.6381909547738693,-0.0018090452261306789,-0.0018090452261306789,0.5376884422110553,-0.0023115577889447625,-0.0023115577889447625,0.43534482758620685,0.11706525769373377,0.17746517142574836,0.4242424242424242,0.4522613065326633,0.12644677019181116,0.18848835160778854,0.4494949494949495,0.43534482758620685,0.11706525769373377,0.17746517142574836,0.4242424242424242,28.0,17.0,17.0,40.0,17.0,17.0,47.0,14.0,14.0,0.00022067708671542525,0.0001318757911425673,0.00015680499071307172,8.002224209047171e-05,-1.3385908281371428e-05,-4.3536860872883665e-05
382,1,3.8804197770213755,1.6954553569743158,2.325909291099788,6.8671671205469185,3.0004422074939403,4.116154624249322,48.444546711189325,39.55421448104768,43.71177751031876,85.73216751313504,69.99897350585407,77.35660020007926,3.8956361272227227,1.536942751599407,2.2011006373522912,6.039745933678639,2.3828569792238863,3.4125591276779708,49.18733281419002,38.61021072024028,43.74321628368074,76.25943071967446,59.86079181432602,67.81893997469882,3.8804197770213755,1.6954553569743158,2.325909291099788,6.8671671205469185,3.0004422074939403,4.116154624249322,48.444546711189325,39.55421448104768,43.71177751031876,85.73216751313504,69.99897350585407,77.35660020007926,0.778894472361809,-0.0011055276381910506,-0.0011055276381910506,0.6532663316582914,-0.0017336683417086274,-0.0017336683417086274,0.542713567839196,-0.0022864321608039306,-0.0022864321608039306,0.45704467353951894,0.11913729789629424,0.18161610211094747,0.4413793103448276,0.457286432160804,0.10891550484250823,0.17514953733609617,0.43939393939393945,0.45704467353951894,0.11913729789629424,0.18161610211094747,0.4413793103448276,23.0,3.0,3.0,36.0,1.0,1.0,45.0,3.0,3.0,-2.1640763420489544e-05,7.814457234445682e-05,-9.465045822925441e-05,-0.00032884314767755995,0.00013463403094249315,-1.2269317609892028e-05
382,0,3.752869184627089,1.7483114394229995,2.367509932323862,5.754399416428203,2.6807442071152656,3.630181896229922,42.64325802383418,35.220447626591856,38.646996710788834,65.38632896987907,54.00468636077417,59.25872828987621,3.6474099314991553,1.6612470359523352,2.289343424404863,5.210585616427365,2.3732100513604792,3.270490606292661,38.37514296985142,31.08762588887725,34.48647565210152,54.82163281407345,44.4108941269675,49.26639378871646,3.6811547933214883,1.6944834416912662,2.327593002501928,5.440130236435698,2.504162721711231,3.439792614534869,39.69220390902449,32.40098050348582,35.8210145380763,58.65842942220369,47.88322241894457,52.93745990848714,0.7135678391959799,-0.0014321608040201994,-0.0014321608040201994,0.6030150753768844,-0.0019849246231156137,-0.0019849246231156137,0.4824120603015075,-0.0025879396984924696,-0.0025879396984924696,0.44476744186046513,0.1269154824990718,0.19745561390347588,0.4402332361516035,0.42713567839195976,0.103827407715268,0.17337941795790301,0.38888888888888884,0.44147157190635455,0.12594569544558665,0.1911934851432845,0.4295302013422819,28.0,0.0,0.0,39.0,0.0,0.0,45.0,-1.0,-1.0,0.0010399427404377169,-0.0005444294202262517,0.00010164757272835275,-0.004346195663182506,-0.003566991575318035,-0.004030219773056842
198,1,2.8341903686523438,1.2089898316789085,1.6893566429116238,5.546667040491396,2.3660598546354095,3.306164227538699,17.016617534682332,11.937179984597364,13.87469864151477,33.302460083212665,23.361720337954353,27.153551329099464,2.639900056561034,1.1194480850982393,1.5639366415918843,5.176274620707909,2.194996245290665,3.0665424344938903,14.011803149958574,9.437510972433401,11.078986090204804,27.474123823448185,18.50492347535961,21.723502137656478,2.778564708288697,1.1960291769230842,1.6721177958117361,5.520327235010656,2.3762169077942072,3.322088336049807,16.095902046019596,11.228620722786285,13.07230586167619,31.978613336462775,22.308517992290632,25.971468599356673,0.5577889447236181,-0.00221105527638199,-0.00221105527638199,0.44221105527638194,-0.0027889447236180143,-0.0027889447236180143,0.3467336683417085,-0.003266331658291488,-0.003266331658291488,0.37106918238993714,0.07593574439935624,0.13048340833135974,0.3722397476340694,0.371859296482412,0.07862621377564505,0.14314477227540034,0.3484848484848485,0.36454849498327757,0.07907270199496375,0.13318030810897274,0.3657718120805369,19.0,0.0,0.0,31.0,0.0,0.0,38.0,0.0,0.0,-0.00025132924054148387,3.0490016939826313e-05,-0.00030714232004791774,-0.004235625719608116,-0.004208046382757402,-0.004290870865236052
198,0,3.7426679999740036,1.714834748867022,2.363409795263696,6.001556378656538,2.7498237688932714,3.789846476428767,42.2104575664608,34.61285116046283,38.2385034089255,67.68659171899928,55.50344771884868,61.31736345454918,3.7983518629217867,1.7256645731531948,2.3948339052009744,5.981656477042184,2.717582004965661,3.7713919766944475,44.62757149251863,36.68142343827817,40.558080380557975,70.27964014569864,57.766021162642794,63.87099272528815,3.7426679999740036,1.714834748867022,2.363409795263696,6.001556378656538,2.7498237688932714,3.789846476428767,42.2104575664608,34.61285116046283,38.2385034089255,67.68659171899928,55.50344771884868,61.31736345454918,0.728643216080402,-0.001356783919598037,-0.001356783919598037,0.5979899497487438,-0.0020100502512562235,-0.0020100502512562235,0.5175879396984925,-0.002412060301507535,-0.002412060301507535,0.4555555555555556,0.1376257958513042,0.20186097427476746,0.43122676579925645,0.457286432160804,0.1465094898049143,0.20686906989035325,0.4292929292929293,0.4555555555555556,0.1376257958513042,0.20186097427476746,0.43122676579925645,25.0,8.0,8.0,36.0,8.0,8.0,48.0,11.0,11.0,-5.4227089991106256e-05,0.0002482563752504838,0.0001827882665380377,-0.0001833147886074471,0.00021597805698636563,6.13263787334617e-05
421,1,2.6635282931627926,1.174070515336792,1.389531054392068,4.305703631804514,1.8979335398301522,2.2462344112352977,14.346819688704779,9.912129409133666,10.771705062983694,23.192227316327273,16.023367089952917,17.412906680763115,2.8592558871561558,1.2667560788948868,1.7646526559203395,4.143849111820516,1.835878375209981,2.5574676172758544,17.44853842317249,12.53251572812353,14.460541518842733,25.287736845177523,18.163066272642798,20.95730654904744,2.7092584419409964,1.241833981377082,1.7020512908240004,4.125774277067507,1.8911177381376882,2.5919562804426404,15.018134565837174,10.680086638657674,12.280190901659074,22.870255684016,16.264091327905085,18.700798327399603,0.6331658291457287,-0.0018341708542712887,-0.0018341708542712887,0.5025125628140703,-0.0024874371859296973,-0.0024874371859296973,0.4120603015075377,-0.0029396984924623393,-0.0029396984924623393,0.4125874125874126,0.13668520071314016,0.16332055041732463,0.3761682242990654,0.4170854271356784,0.12886487575723227,0.18503200476506076,0.3535353535353535,0.4180602006688964,0.14760944941680954,0.20448956663107654,0.3691275167785235,27.0,5.0,5.0,35.0,5.0,5.0,45.0,4.0,4.0,0.0006116379989158479,0.00043776594476251074,-2.5701765736822735e-05,-0.00701961893974179,-0.006249253173420399,-0.008428344571909996
421,0,3.2865322277727853,1.5023335788288557,2.062464065812189,6.573064455545571,3.0046671576577113,4.124928131624378,26.749939931090534,20.795133786191304,23.348944502250696,53.49987986218107,41.59026757238261,46.69788900450139,3.4380253427591754,1.5435759145497894,2.1447772961405054,5.927629901308923,2.661337783706533,3.6978918898974227,31.12543537874523,24.476548671493504,27.480830179541574,53.6645437564573,42.20094598533363,47.38074168886479,3.2865322277727853,1.5023335788288557,2.062464065812189,6.573064455545571,3.0046671576577113,4.124928131624378,26.749939931090534,20.795133786191304,23.348944502250696,53.49987986218107,41.59026757238261,46.69788900450139,0.7487437185929648,-0.0012562814070351536,-0.0012562814070351536,0.6080402010050252,-0.001959798994974782,-0.001959798994974782,0.5025125628140703,-0.0024874371859296973,-0.0024874371859296973,0.4257028112449799,0.11708557677604203,0.1840472705240186,0.3870967741935484,0.44221105527638194,0.12140905026385063,0.19847148933314318,0.40909090909090906,0.4257028112449799,0.11708557677604203,0.1840472705240186,0.3870967741935484,24.0,14.0,14.0,35.0,19.0,19.0,45.0,18.0,18.0,0.0004631075653592176,6.718885958772256e-05,0.00029288963231376554,-3.7786429536446065e-05,-0.00010682844012599446,0.00013492207507859177
113,1,2.9897043670377426,1.3374292952179272,1.8479402794272521,5.704282565329681,2.5517822749250025,3.5258247049194815,19.879804497250483,14.660964931236116,16.747515370608706,37.9301791327908,27.97276131051799,31.953848345149126,2.633278219544109,1.1292561901358715,1.5732991296336303,4.57961429485932,1.9639238089319506,2.736172399362836,13.919325796086454,9.41957494234527,11.033015160463272,24.20752312362862,16.381869464948295,19.187852452979605,2.9798183070377364,1.3258641348635343,1.836033310770581,5.552456472741124,2.470554288565592,3.421180082181207,19.684239831986407,14.456629949547118,16.54561423457566,36.678707761465354,26.937819781764816,30.83033708306023,0.5175879396984925,-0.002412060301507535,-0.002412060301507535,0.39698492462311563,-0.0030150753768843908,-0.0030150753768843908,0.3467336683417085,-0.003266331658291488,-0.003266331658291488,0.4,0.13752012882447662,0.18218884120171674,0.40129449838187703,0.36180904522613067,0.12872633845921333,0.1631446044915731,0.33333333333333337,0.3946488294314381,0.13421477267016935,0.179965848341338,0.3926174496644296,21.0,0.0,0.0,30.0,0.0,0.0,39.0,0.0,0.0,-0.0007982568802846977,6.328512789059995e-05,-0.0004013472215102331,-0.008863767642496967,-0.007662671170238333,-0.008442590942658867
113,0,3.8852890795096755,1.8313022773062944,2.500086089714684,6.483891515805108,3.056134319920244,4.172221591277103,48.68101310902426,40.88208110154058,44.6853762130075,81.24039200661842,68.2252911889346,74.57234861521383,3.9442773464337066,1.840967566597286,2.5206524836211104,6.068118994513394,2.832257794765055,3.877926897878631,51.63900751224749,43.44576459703789,47.48686336497304,79.44462694191921,66.83963784159675,73.0567128691893,3.8852890795096755,1.8313022773062944,2.500086089714684,6.483891515805108,3.056134319920244,4.172221591277103,48.68101310902426,40.88208110154058,44.6853762130075,81.24039200661842,68.2252911889346,74.57234861521383,0.8241206030150754,-0.0008793969849245631,-0.0008793969849245631,0.6934673366834171,-0.0015326633165829717,-0.0015326633165829717,0.5376884422110553,-0.0023115577889447625,-0.0023115577889447625,0.44140625,0.09247837475633525,0.17906858766233769,0.44313725490196076,0.44723618090452266,0.10137151925038734,0.18179377689784482,0.4545454545454546,0.44140625,0.09247837475633525,0.17906858766233769,0.44313725490196076,23.0,0.0,0.0,36.0,2.0,2.0,43.0,4.0,4.0,7.121091192312556e-05,0.00010845247299229401,-7.060819324737246e-05,-8.629588256159337e-05,-0.00014530477676810705,0.00011039017629776993
49,1,3.1527789980678236,1.441609306610866,1.9803849545045056,5.017325717355246,2.294173950305464,3.151580357706095,23.4010056530867,17.865573212679312,20.171290183111996,37.24031007157883,28.431234790070306,32.100547818285754,3.327076409929362,1.4677325465592361,2.047264638165578,4.787160302056636,2.1118453907327135,2.945704515346155,27.856780728365344,21.43725742347658,24.26081792823767,40.08169888973431,30.84497471003825,34.90765169530601,3.1527789980678236,1.441609306610866,1.9803849545045056,5.017325717355246,2.294173950305464,3.151580357706095,23.4010056530867,17.865573212679312,20.171290183111996,37.24031007157883,28.431234790070306,32.100547818285754,0.6783919597989949,-0.0016080402010050232,-0.0016080402010050232,0.5527638190954773,-0.0022361809045226,-0.0022361809045226,0.44221105527638194,-0.0027889447236180143,-0.0027889447236180143,0.4101694915254237,0.10898505836129513,0.17454378690310124,0.40816326530612246,0.40201005025125625,0.09624563922368734,0.16327883155342648,0.4292929292929293,0.4101694915254237,0.10898505836129513,0.17454378690310124,0.40816326530612246,25.0,8.0,8.0,35.0,8.0,8.0,41.0,6.0,6.0,-5.1110301582112795e-05,-0.00031043778994603626,6.113653645353779e-05,-0.006788943243685175,-0.0070982325772712684,-0.007712672361120276
49,0,3.4882450820038757,1.5855904351977919,2.2015264243783212,6.001833449918433,2.7281482487962005,3.7879204654744636,32.728461513113174,26.024794803397384,29.107575837713306,56.31220583873884,44.77795576466903,50.08215254430083,3.5916105275178074,1.6112645980421523,2.23858063181335,5.746576844028492,2.5780233568674435,3.58172901090136,36.2924789200287,29.047230023175157,32.42334806828986,58.06796627204592,46.47556803708025,51.87735690926378,3.4882450820038757,1.5855904351977919,2.2015264243783212,6.001833449918433,2.7281482487962005,3.7879204654744636,32.728461513113174,26.024794803397384,29.107575837713306,56.31220583873884,44.77795576466903,50.08215254430083,0.7487437185929648,-0.0012562814070351536,-0.0012562814070351536,0.6331658291457287,-0.0018341708542712887,-0.0018341708542712887,0.5276381909547738,-0.002361809045226204,-0.002361809045226204,0.424892703862661,0.10369356039371025,0.1752493372435454,0.4051724137931034,0.4321608040201005,0.09632120502260677,0.17339619634063475,0.4191919191919192,0.424892703862661,0.10369356039371025,0.1752493372435454,0.4051724137931034,20.0,1.0,1.0,33.0,1.0,1.0,43.0,1.0,1.0,0.0001266605937169888,-2.4698092019672047e-05,0.0001556309050968473,7.309232023011702e-05,-1.888252780091193e-05,-4.806743682639336e-05
21,1,3.0922018037225207,1.323761165856082,1.829893450941947,6.298929600175505,2.696550523040167,3.7275607334002623,22.025520498753774,16.16381478968966,18.491951695072945,44.86680101597991,32.92628938640486,37.668790489963406,3.0260071011643914,1.1972821536747988,1.7114687970472238,5.501831093026166,2.1768766430450883,3.11176144917677,20.614755404590024,14.38881221365353,16.891723724604653,37.48137346289095,26.16147675209732,30.712224953826638,3.0922018037225207,1.323761165856082,1.829893450941947,6.298929600175505,2.696550523040167,3.7275607334002623,22.025520498753774,16.16381478968966,18.491951695072945,44.86680101597991,32.92628938640486,37.668790489963406,0.6432160804020101,-0.001783919597989958,-0.001783919597989958,0.4974874371859297,-0.002512562814070307,-0.002512562814070307,0.4170854271356784,-0.0029145728643216184,-0.0029145728643216184,0.4124087591240876,0.10275484291279435,0.15270002126000992,0.38095238095238093,0.4120603015075377,0.10128335915164799,0.14327899933725385,0.3535353535353535,0.4124087591240876,0.10275484291279435,0.15270002126000992,0.38095238095238093,26.0,10.0,10.0,34.0,5.0,5.0,45.0,9.0,9.0,-0.0002745906751664261,0.000185479486002531,0.00030074828491729135,-0.000211034476049754,0.00020048395678795572,4.730815085896012e-05
21,0,3.8609305370975453,1.8205856530129267,2.482019446067694,6.043195623283115,2.849612326455016,3.8849000025407388,47.50954019563299,39.81627817060781,43.53896451846537,74.36275856707772,62.32113104964701,68.14794446368492,4.0900103890117085,1.9214147233333638,2.595405885042589,5.927551288422767,2.7846590193237164,3.76145780440955,59.74051234580351,50.99451923163491,55.2829390941504,86.58045267507755,73.90510033570277,80.12020158572523,3.8609305370975453,1.8205856530129267,2.482019446067694,6.043195623283115,2.849612326455016,3.8849000025407388,47.50954019563299,39.81627817060781,43.53896451846537,74.36275856707772,62.32113104964701,68.14794446368492,0.7889447236180904,-0.001055276381909609,-0.001055276381909609,0.6633165829145728,-0.0016834170854271857,-0.0016834170854271857,0.5628140703517588,-0.0021859296482411583,-0.0021859296482411583,0.45993031358885017,0.1416694440236328,0.21195812355408772,0.458041958041958,0.48743718592964824,0.15410385259631487,0.2370198236591975,0.4949494949494949,0.45993031358885017,0.1416694440236328,0.21195812355408772,0.458041958041958,26.0,12.0,12.0,38.0,12.0,12.0,48.0,14.0,14.0,0.0004441540285594056,0.00044736539261330143,6.474181888291111e-05,-0.00497665250179935,-0.004093325001585768,-0.004186451575502126
91,1,3.593909421064748,1.5805641039715144,2.190161188755842,6.0724676424887125,2.6706083136070418,3.7006171810012503,36.37600744042196,28.887681121862315,32.305579120168254,61.46290912347158,48.810219826594945,54.58528885821532,3.7015293249532806,1.6672360707367684,2.302646977876597,5.325941474752922,2.398900821203983,3.313161119246902,40.509208755821405,32.86236291660659,36.45853856324505,58.28663130334016,47.283975419577835,52.458328867978494,3.593909421064748,1.5805641039715144,2.190161188755842,6.0724676424887125,2.6706083136070418,3.7006171810012503,36.37600744042196,28.887681121862315,32.305579120168254,61.46290912347158,48.810219826594945,54.58528885821532,0.7236180904522613,-0.0013819095477386467,-0.0013819095477386467,0.6080402010050252,-0.001959798994974782,-0.001959798994974782,0.5175879396984925,-0.002412060301507535,-0.002412060301507535,0.447098976109215,0.13193713624550119,0.19738274455416394,0.40068493150684936,0.46733668341708545,0.15154720973287494,0.2219276683920437,0.41414141414141414,0.447098976109215,0.13193713624550119,0.19738274455416394,0.40068493150684936,25.0,7.0,7.0,37.0,2.0,2.0,45.0,4.0,4.0,0.00129685021407342,0.0007690819776267242,6.729137456142469e-05,-0.0003427029913991575,0.00012688698084151184,-1.9278431547142816e-05
91,0,3.9670332280151985,1.8887112091818632,2.556850829938453,6.260116018775429,2.9804517925239806,4.034799286550276,52.82757076545537,44.83652193677208,48.73086819885762,83.36373883797293,70.75358664010855,76.89900010571175,4.246580595946192,1.9845643948671507,2.7171423289771064,6.533200916840295,3.0531759921033093,4.180218967657087,69.86610299637049,60.26367290384168,65.25051962805182,107.48631230210843,92.71334292898719,100.3854148123874,3.9670332280151985,1.8887112091818632,2.556850829938453,6.260116018775429,2.9804517925239806,4.034799286550276,52.82757076545537,44.83652193677208,48.73086819885762,83.36373883797293,70.75358664010855,76.89900010571175,0.8190954773869347,-0.0009045226130653949,-0.0009045226130653949,0.6934673366834171,-0.0015326633165829717,-0.0015326633165829717,0.5829145728643217,-0.002085427135678275,-0.002085427135678275,0.4558823529411765,0.1274419859686995,0.21138357543506403,0.43173431734317347,0.457286432160804,0.10891550484250823,0.20019127356314126,0.45959595959595956,0.4558823529411765,0.1274419859686995,0.21138357543506403,0.43173431734317347,24.0,8.0,8.0,34.0,6.0,6.0,45.0,9.0,9.0,0.0005024538596565414,0.000256435178671813,-0.0001052002855808684,-0.00019717463232815646,0.00020823100688893703,5.431726479621091e-05
2,1,3.919991391604064,1.7699619105373037,2.4544744599247306,6.669429798215247,3.0113935283447177,4.176015574177493,50.40001091294892,41.81489942125677,46.07023005015441,85.75001856717003,71.14340526533269,78.38337751588769,3.848901432363232,1.722469024295715,2.3907580878566357,6.258376312785743,2.800762641131244,3.887411524970139,46.94146651958858,38.55656703172234,42.643494257560654,76.3275878367294,62.69360492962983,69.33901505294416,3.919991391604064,1.7699619105373037,2.4544744599247306,6.669429798215247,3.0113935283447177,4.176015574177493,50.40001091294892,41.81489942125677,46.07023005015441,85.75001856717003,71.14340526533269,78.38337751588769,0.7989949748743719,-0.0010050251256281673,-0.0010050251256281673,0.6432160804020101,-0.001783919597989958,-0.001783919597989958,0.542713567839196,-0.0022864321608039306,-0.0022864321608039306,0.4426229508196722,0.11133460726139,0.18785455844909993,0.42798353909465026,0.44221105527638194,0.11138398760720902,0.1901242439241282,0.4191919191919192,0.4426229508196722,0.11133460726139,0.18785455844909993,0.42798353909465026,22.0,6.0,6.0,37.0,9.0,9.0,45.0,6.0,6.0,0.00019010937845476906,-0.0001257029865743739,-1.3567900240873955e-05,-3.136820234672655e-06,-7.934534252473924e-05,-9.790377231322367e-05
2,0,3.421513346108523,1.5503079400895814,2.108001400592073,6.446631853338619,2.921007033461467,3.9717831267253074,30.615712149265686,24.119590002792787,26.896499674593432,57.684482037335954,45.444837261359574,50.67694146005714,3.738017663284762,1.6673792501662228,2.311033933657984,6.5009002839734995,2.8997900002890833,4.019189449839972,42.014620434195464,34.08473638999644,37.84850633927432,73.06890510294863,59.27780241738512,65.82348928569448,3.4114070353300674,1.5580172400139858,2.145712931998931,6.3566590720436045,2.903137714311775,3.998222854656394,30.307858500186896,23.926443910405993,26.762305637915144,56.47427049724267,44.58343585789937,49.867650256984746,0.7487437185929648,-0.0012562814070351536,-0.0012562814070351536,0.6030150753768844,-0.0019849246231156137,-0.0019849246231156137,0.46733668341708545,-0.002663316582914521,-0.002663316582914521,0.4025974025974026,0.09951798606579809,0.1585369274354156,0.3843648208469055,0.42211055276381915,0.10130854775128784,0.1633459450843534,0.4191919191919192,0.4013377926421404,0.0974980597539935,0.16552021755871438,0.3825503355704698,25.0,8.0,8.0,36.0,6.0,6.0,44.0,5.0,5.0,0.0013449598573979469,0.00015974220425816858,0.0002554372123354247,-0.002743204971727309,-0.0034231301169853623,-0.004255825295548021
173,1,3.343734594436737,1.53678751041306,2.0932153341340896,6.036796511037137,2.774524478259255,3.7791022789231676,28.324710733056616,22.232889536780846,24.832554908420093,51.13758586400492,40.139378947485426,44.83282886168817,3.2775862804010285,1.4177858218490815,1.986056173382085,5.651010828277636,2.4444583135328997,3.4242347816932504,26.511703589989345,20.089248492419713,22.87335422726958,45.7098337758437,34.63663533175812,39.43681763322341,3.3514516943673227,1.534950571485072,2.0901990231191974,6.130704318964615,2.807836411253181,3.8235347983887764,28.5441409497558,22.393839339817706,25.01430050108063,52.214891981260614,40.9643402557641,45.75786677026945,0.6934673366834171,-0.0015326633165829717,-0.0015326633165829717,0.5829145728643217,-0.002085427135678275,-0.002085427135678275,0.44221105527638194,-0.0027889447236180143,-0.0027889447236180143,0.4204204204204204,0.11307409358383869,0.17966117966117967,0.3885542168674698,0.4170854271356784,0.09377715645898665,0.16666806486522767,0.3434343434343434,0.40802675585284276,0.09417032847387785,0.16442275140345453,0.37248322147651003,20.0,0.0,0.0,33.0,0.0,0.0,43.0,3.0,3.0,0.0007957682166588403,5.84491229572854e-05,8.579840316214201e-05,-0.004302757471064567,-0.0035243827997710753,-0.004003053097116904
173,0,3.07029492334886,1.376135150784019,1.8935254345367907,5.884731936418649,2.6375923723360364,3.6292570828621824,21.548256822027252,16.106185356104994,18.304378948027292,41.30082557555223,30.870188599201235,35.08339298371897,3.3615512943747055,1.494834216639034,2.0764749235543274,5.846176164129923,2.5997116811113634,3.611260736616221,28.83388604782447,22.3668552954124,25.218942024908188,50.145888778825174,38.89887877463027,43.859029608535984,3.07029492334886,1.376135150784019,1.8935254345367907,5.884731936418649,2.6375923723360364,3.6292570828621824,21.548256822027252,16.106185356104994,18.304378948027292,41.30082557555223,30.870188599201235,35.08339298371897,0.6934673366834171,-0.0015326633165829717,-0.0015326633165829717,0.542713567839196,-0.0022864321608039306,-0.0022864321608039306,0.44221105527638194,-0.0027889447236180143,-0.0027889447236180143,0.40727272727272723,0.12596601220920634,0.17994503682532703,0.36496350364963503,0.40703517587939697,0.10628329618014887,0.1699734062633702,0.3939393939393939,0.40727272727272723,0.12596601220920634,0.17994503682532703,0.36496350364963503,23.0,5.0,5.0,30.0,3.0,3.0,38.0,3.0,3.0,0.0008152210595110726,0.0005331208184429561,5.438899976944901e-05,-0.004893493439473318,-0.0032997183468843616,-0.004144396891876845
242,1,2.5970120122529803,1.0897216144969937,1.50261863416015,4.885903955255607,2.050154223884175,2.8269604812165534,13.42356859350981,8.909086836609932,10.436198663933046,25.254510404738795,16.76116337057123,19.63420426604353,2.3016372727389314,0.8889121518813867,1.26357582190168,4.384070995693202,1.6931660035835931,2.4068110893365326,9.990526287846228,5.883393687583695,7.166788537142185,19.02957388161186,11.206464166826084,13.651025785032731,2.5970120122529803,1.0897216144969937,1.50261863416015,4.885903955255607,2.050154223884175,2.8269604812165534,13.42356859350981,8.909086836609932,10.436198663933046,25.254510404738795,16.76116337057123,19.63420426604353,0.48743718592964824,-0.002562814070351749,-0.002562814070351749,0.3668341708542714,-0.0031658291457286047,-0.0031658291457286047,0.2814070351758794,-0.003592964824120637,-0.003592964824120637,0.3393665158371041,0.0775155000357497,0.11981764365665293,0.36363636363636365,0.3266331658291457,0.050943942771501605,0.11127423427655803,0.3282828282828283,0.3393665158371041,0.0775155000357497,0.11981764365665293,0.36363636363636365,20.0,0.0,0.0,26.0,0.0,0.0,34.0,0.0,0.0,0.00024983357354863266,-6.534748732847252e-05,-0.00011851482486014461,-0.04162431366389896,-0.040120452796099215,-0.03985501445659789
242,0,3.3436410313560847,1.5251065423948367,2.1079394590586538,6.174753145497004,2.8164376293860856,3.8927641105243755,28.32206070983594,22.159240562156835,24.88126907162339,52.30278364663134,40.92180921332613,45.94862098628261,3.4545651057257722,1.5557650290283678,2.1596535201392753,5.855195094450462,2.636889879709098,3.6604296951513144,31.644523667175154,24.96664697413179,27.99385047943194,53.63478587656806,42.316350803613204,47.447204202427024,3.3436410313560847,1.5251065423948367,2.1079394590586538,6.174753145497004,2.8164376293860856,3.8927641105243755,28.32206070983594,22.159240562156835,24.88126907162339,52.30278364663134,40.92180921332613,45.94862098628261,0.728643216080402,-0.001356783919598037,-0.001356783919598037,0.5979899497487438,-0.0020100502512562235,-0.0020100502512562235,0.4723618090452262,-0.0026381909547738003,-0.0026381909547738003,0.41666666666666663,0.09191419141914192,0.16864555848724705,0.38645418326693226,0.4170854271356784,0.09878968778730746,0.16165971761981868,0.398989898989899,0.41666666666666663,0.09191419141914192,0.16864555848724705,0.38645418326693226,29.0,8.0,8.0,38.0,7.0,7.0,48.0,6.0,6.0,0.0004031729412011835,-4.240173793799402e-05,0.00014002768313376227,-5.857619511928647e-05,-0.00012331829868550415,0.00012440840417138332
496,1,3.1858436087319126,1.3704489887555873,1.7114632805730838,6.039513950202679,2.598007561621967,3.244480152745183,24.187684743425528,18.044184696422615,19.81935673923034,45.85343079322375,34.20698520648837,37.572240263943776,3.3407159055297697,1.397259211232744,1.9793763822111559,5.02363294064627,2.101141671026683,2.9765058379115126,28.239336167431947,21.256489299918346,24.33792032677977,42.4651671690706,31.964645563786988,36.59837643124777,3.210233528079795,1.4164858496558324,1.9688340787907512,5.698639398958216,2.514471922465974,3.494971737498375,24.784873512733643,18.772932390767526,21.324420706747983,43.99681688650942,33.3247320546169,37.854001254582215,0.6432160804020101,0.00821608040201005,-0.011783919597989967,0.5577889447236181,0.017788944723618028,0.012788944723618134,0.44221105527638194,-0.017788944723618028,-0.012788944723618023,0.4235588972431078,0.11942873453972858,0.15962927847477937,0.414572864321608,0.4120603015075377,0.10629589047996879,0.17499853189151093,0.4040404040404041,0.4247491638795987,0.13092612548226978,0.18448220058705145,0.4093959731543624,21.0,1.0,1.0,32.0,-1.0,-1.0,44.0,0.0,1.0,6.456542095012356e-06,0.0002111155676107368,-3.5309898038016966e-05,0.0001121424177892294,0.00038112579070403996,2.214733300753835e-05
496,0,2.7500582468063435,1.2251500213750413,1.6053683632684543,4.887544277499425,2.177399327088343,2.853142825714077,15.643543044074052,11.048821172735671,12.502076058938698,27.802505410084215,19.636530520264817,22.219329488635125,3.2791804404714,1.4732525328575166,2.039157722062532,5.332000716213659,2.39553257375206,3.3157036131098088,26.55400119486868,20.468385476273458,23.09830922317465,43.17723771523362,33.28192760369668,37.558226379145765,2.8962072596502146,1.339554494408009,1.8412966060924743,5.022324727717136,2.3229268689156233,3.1929998949580485,18.105346106320553,13.362427123909907,15.233627541718626,31.396553941596334,23.17183894319637,26.416695159049638,0.7085427135678393,0.0035427135678391952,0.00854271356783931,0.5477386934673367,-0.007261306532663214,-0.02226130653266334,0.46733668341708545,-0.0076633165829145256,-0.02266331658291454,0.4144385026737968,0.12338376302092624,0.17787936288885053,0.36193029490616624,0.4522613065326633,0.15652195816173597,0.2151995369166365,0.398989898989899,0.4280936454849499,0.14094840341483306,0.2056242350288876,0.37583892617449666,22.0,11.0,11.0,35.0,13.0,12.0,44.0,16.0,16.0,0.0008394142541412272,0.0005903928569321041,0.00035039765981300026,0.00021086558169436387,-0.00018686854818827925,8.388977832662903e-05
377,1,3.166215605566872,1.4313612150592194,1.887638098267227,5.3448043249936195,2.4162427850540955,3.186471652120824,23.717557711435507,18.049455297236456,20.12603054247233,40.036978155083794,30.468805272399152,33.97421669554962,3.685133031864262,1.6962929723352895,2.309133998114661,5.419313282153326,2.494548488728367,3.3957852913450894,39.850423473377354,32.543370375262185,35.89139352095227,58.60356393143728,47.85789761067967,52.78146106022392,3.1495926276497217,1.4347172830087,1.963698588280323,5.338292589236817,2.4317242084893222,3.328302692000548,23.326560049541218,17.770577163389838,20.052947797761824,39.536542456849524,30.119622310830234,33.98804711485055,0.6934673366834171,-0.0015326633165829717,-0.0015326633165829717,0.6231155778894473,-0.0018844221105527303,-0.0018844221105527303,0.5226130653266332,-0.002386934673366814,-0.002386934673366814,0.4386920980926431,0.13665128176611252,0.19138027013565384,0.3770491803278688,0.4321608040201005,0.10133373635092757,0.18007399266784674,0.4040404040404041,0.4247491638795987,0.13092612548226978,0.20005505931897583,0.3489932885906041,26.0,4.0,4.0,40.0,4.0,4.0,48.0,5.0,5.0,0.0011344056570213269,0.0006159402007909298,0.0006019865024357784,-0.010392169263580442,-0.014166639565089234,-0.013354495931864996
377,0,3.190181142111686,1.4240818210854491,1.9595319238335371,6.296410148904643,2.810687804773913,3.867497218092508,24.292827498636772,18.444829846147716,20.86937611644495,47.94637006309889,36.40426943318628,41.1895581245624,3.5261835548745926,1.5842698246548017,2.194463250664076,6.411242827044713,2.8804905902814575,3.9899331830255926,33.993983561166175,27.021902667634514,30.20643003062997,61.80724283848395,49.130732122971835,54.92078187387267,3.190181142111686,1.4240818210854491,1.9595319238335371,6.296410148904643,2.810687804773913,3.867497218092508,24.292827498636772,18.444829846147716,20.86937611644495,47.94637006309889,36.40426943318628,41.1895581245624,0.7386934673366834,-0.0013065326633165952,-0.0013065326633165952,0.5979899497487438,-0.0020100502512562235,-0.0020100502512562235,0.5025125628140703,-0.0024874371859296973,-0.0024874371859296973,0.42140468227424754,0.11422605122249463,0.17446363666801845,0.40604026845637586,0.44221105527638194,0.11639651893552982,0.1884547948423252,0.46464646464646464,0.42140468227424754,0.11422605122249463,0.17446363666801845,0.40604026845637586,15.0,1.0,1.0,28.0,0.0,0.0,34.0,1.0,1.0,0.0010191260455213978,1.5859776929287004e-07,0.00015737322270563539,0.0005070350734097673,0.00010364583054389698,-4.030577335889518e-05
29,1,2.629078908949285,1.0854346318687684,1.533900815414108,5.498848140548857,2.270240039894537,3.208229170267536,13.860996780340528,9.1793764376355,10.871281695428562,28.990958054655895,19.19911832378693,22.73782157424143,2.816859881482532,1.1126305723359662,1.5970670205072823,5.469630837830159,2.1604477132737205,3.101101010693752,16.724251998933433,11.227104565942916,13.337765811414592,32.474275726084336,21.800203040665856,25.898574391096293,2.629078908949285,1.0854346318687684,1.533900815414108,5.498848140548857,2.270240039894537,3.208229170267536,13.860996780340528,9.1793764376355,10.871281695428562,28.990958054655895,19.19911832378693,22.73782157424143,0.592964824120603,-0.0020351758793969443,-0.0020351758793969443,0.48743718592964824,-0.002562814070351749,-0.002562814070351749,0.38190954773869346,-0.0030904522613065533,-0.0030904522613065533,0.40878378378378377,0.11367417164213112,0.16608715457030065,0.3627118644067797,0.4120603015075377,0.13386481278573314,0.16999018464610194,0.3484848484848485,0.40878378378378377,0.11367417164213112,0.16608715457030065,0.3627118644067797,18.0,8.0,8.0,28.0,12.0,12.0,34.0,11.0,11.0,0.0011580664165633278,0.0006333778885787022,9.465714431425073e-05,-0.020400851070813353,-0.021116146889651688,-0.017990317546715318
29,0,3.8947330067928574,1.743439824554005,2.399530469762876,6.841406005353243,3.0624896918152587,4.214964706754525,49.14293078224399,40.54696341725201,44.682690957145105,86.32343762407332,71.22394231846242,78.48867424709042,4.111074167280341,1.8595459732042046,2.565403984324658,6.37375839888425,2.883017012719697,3.9773705183328034,61.01221971331123,51.50997369088534,56.32110523458287,94.59258870280811,79.86042432695402,87.3195429993533,3.8947330067928574,1.743439824554005,2.399530469762876,6.841406005353243,3.0624896918152587,4.214964706754525,49.14293078224399,40.54696341725201,44.682690957145105,86.32343762407332,71.22394231846242,78.48867424709042,0.778894472361809,-0.0011055276381910506,-0.0011055276381910506,0.6532663316582914,-0.0017336683417086274,-0.0017336683417086274,0.5778894472361809,-0.002110552763819218,-0.002110552763819218,0.4548872180451128,0.12843318427400585,0.19613721804511275,0.41132075471698115,0.4723618090452262,0.13652221004773246,0.21526665044756343,0.4292929292929293,0.4548872180451128,0.12843318427400585,0.19613721804511275,0.41132075471698115,27.0,0.0,0.0,33.0,0.0,0.0,45.0,-1.0,-1.0,0.0006113881625253728,0.0006820637253169385,0.00021889364415657208,-0.004831124142729237,-0.005013021011245122,-0.004112855879157884
346,1,2.976712677662189,1.3145343247978987,1.8236383394383695,4.804001648108286,2.121476187545124,2.9430994983015273,19.623202706931398,14.352422740279994,16.45528550383686,31.669129121087305,23.162820858075634,26.55654987252879,3.200843740348241,1.384057721520138,1.9418344702294892,4.741990726441838,2.0504558837335374,2.876791807747391,24.553238017464377,18.40118396191137,21.031307540900617,36.37516743328056,27.261013276905736,31.157492653186097,2.9446216526637508,1.3025193357213924,1.79517210146543,4.775062139454731,2.1121935173860416,2.9110898942682644,19.003471113479463,13.837452400805418,15.847016148923515,30.81643964348021,22.439112001306082,25.697864025281376,0.6834170854271358,-0.0015829145728643024,-0.0015829145728643024,0.5276381909547738,-0.002361809045226204,-0.002361809045226204,0.42713567839195976,-0.002864321608040288,-0.002864321608040288,0.4030769230769231,0.11582653905234552,0.16766238878828443,0.3641975308641975,0.40201005025125625,0.10627070188032894,0.1532621370626085,0.3737373737373737,0.3946488294314381,0.11251193460673026,0.1599436014002924,0.3523489932885906,25.0,7.0,7.0,31.0,1.0,1.0,40.0,4.0,4.0,0.0009010796294721589,-5.571449243780914e-05,0.00016072250680972412,-0.012166834230517232,-0.011233176510719645,-0.01269602571184869
346,0,3.78488293894521,1.7514635680859207,2.394667791294691,6.504559302259134,3.0100002637165226,4.115387162284888,44.030515998410955,36.390349691519134,40.014802066933285,75.66921012900565,62.539103960874186,68.7679532527536,3.8008244385072336,1.6977288117359328,2.3667725282007774,5.938788185167552,2.6527012683373945,3.6980820753137142,44.73805306696368,36.54656457197371,40.542387811445494,69.90320791713074,57.10400714370891,63.347480955383574,3.78488293894521,1.7514635680859207,2.394667791294691,6.504559302259134,3.0100002637165226,4.115387162284888,44.030515998410955,36.390349691519134,40.014802066933285,75.66921012900565,62.539103960874186,68.7679532527536,0.7537688442211055,-0.0012311557788945438,-0.0012311557788945438,0.592964824120603,-0.0020351758793969443,-0.0020351758793969443,0.5326633165829145,-0.0023366834170853723,-0.0023366834170853723,0.4405594405594405,0.1194425121126691,0.1812571149780452,0.38245614035087716,0.4321608040201005,0.11135879900756918,0.17005729817702875,0.3535353535353535,0.4405594405594405,0.1194425121126691,0.1812571149780452,0.38245614035087716,25.0,0.0,0.0,34.0,-1.0,-1.0,46.0,0.0,0.0,-0.0001430278658749993,0.0006652833146603658,0.0001024331471413992,-0.00029419353837489837,0.00015400165618917327,5.253467235455389e-06
435,1,2.948627897719262,1.3104081235307228,1.7646557879218487,5.7049539760220505,2.5353548477007464,3.414225328805316,19.079756382374537,13.933756071921561,15.812429740604353,36.91518082676812,26.958788921761276,30.5936140633432,3.419622833405308,1.4937049632853094,2.0901671522476786,5.385232808512296,2.3522912807642666,3.291601814563273,30.557887432932223,23.69644374233889,26.77890157849529,48.12265737469641,37.317234239903755,42.17149854881147,3.141080341610223,1.4365329867178043,1.9666361704504596,5.676651219777511,2.5961439518996468,3.554161753826132,23.128840415003747,17.629944359601623,19.892496824290276,41.79910918374171,31.861345228195702,35.95029546558484,0.6984924623115578,-0.0015075376884421399,-0.0015075376884421399,0.5728643216080402,-0.0021356783919597166,-0.0021356783919597166,0.46733668341708545,-0.002663316582914521,-0.002663316582914521,0.3915492957746479,0.11306828311642003,0.1569451902028004,0.327683615819209,0.40703517587939697,0.09625823352350726,0.16329560993615821,0.3737373737373737,0.4046822742474916,0.10918978676835966,0.16330296390266397,0.34563758389261745,19.0,2.0,2.0,29.0,0.0,0.0,39.0,2.0,2.0,0.0003309042205895951,0.0005641811280128219,0.000432685284960418,-0.01093874523932925,-0.014089757574648587,-0.013665367467793565
435,0,3.088618501027425,1.355292443401339,1.872319012779002,5.921491521078058,2.598363219514669,3.58960524106038,21.946737627525145,16.28729134421215,18.572061058783444,42.07622946423611,31.225953468839855,35.6063081445466,3.4262298117929966,1.466064570783387,2.067258985217324,5.571105385029263,2.3838448305420927,3.3613967239306084,30.760451165013468,23.65995090295759,26.86826565910824,50.01699376424954,38.47146488285787,43.68823684407844,3.078724666582701,1.3526414106142726,1.8710441669892397,5.882913375635734,2.584665115823451,3.5752436311896303,21.730670865746635,16.112066744972623,18.38495560817179,41.52357490270058,30.78738868466106,35.1304884232582,0.6884422110552764,-0.0015577889447235815,-0.0015577889447235815,0.5778894472361809,-0.002110552763819218,-0.002110552763819218,0.4623115577889447,-0.002688442211055242,-0.002688442211055242,0.41000000000000003,0.12547420965058242,0.17274944567627493,0.3745819397993311,0.42211055276381915,0.10632107907960864,0.1683542923297624,0.40909090909090906,0.40802675585284276,0.12255096286452893,0.1677597925602955,0.37248322147651003,26.0,15.0,15.0,32.0,11.0,11.0,42.0,12.0,12.0,0.0016131554490489116,0.0003268636833706515,0.00013900702586453547,-0.021896401267366805,-0.019774751943197444,-0.02011146065494529
42,1,3.4930018817677215,1.5959314088396068,2.180681231938081,6.53529384330735,2.985936184280555,4.079984240400281,32.884515114723605,26.21817851960407,29.16973068375239,61.52586698883772,49.05336626248504,54.57562515024642,3.865126720025911,1.7086936318858297,2.390830314985151,6.964192288334974,3.0787272646591526,4.307802369342614,47.70931777563233,39.069054205611835,43.341356359761164,85.96273473086906,70.39469226236366,78.09253398155165,3.4930018817677215,1.5959314088396068,2.180681231938081,6.53529384330735,2.985936184280555,4.079984240400281,32.884515114723605,26.21817851960407,29.16973068375239,61.52586698883772,49.05336626248504,54.57562515024642,0.8040201005025126,-0.0009798994974873354,-0.0009798994974873354,0.6331658291457287,-0.0018341708542712887,-0.0018341708542712887,0.5175879396984925,-0.002412060301507535,-0.002412060301507535,0.4186851211072664,0.11298563924198146,0.1643698161590501,0.3819444444444444,0.42211055276381915,0.09378975075880658,0.1549986996753383,0.41414141414141414,0.4186851211072664,0.11298563924198146,0.1643698161590501,0.3819444444444444,21.0,1.0,1.0,35.0,2.0,2.0,42.0,1.0,1.0,0.0011273478995162938,0.00014581920986253598,0.0002912691843680155,-0.0003149833039568506,0.00014238108104080993,-5.260203672641239e-06
42,0,3.6545804087265963,1.6718680628950497,2.291895449628843,6.234284226651253,2.8520102249386143,3.909704002308026,38.651299964102016,31.38888548931476,34.744631486237864,65.93457052699756,53.54574583471342,59.27025371181753,4.01641826533792,1.8215350759334017,2.528355252520652,6.478093976351484,2.9379597998925835,4.077992342775245,55.501956108967924,46.52300395015703,51.07344686867264,89.51928404672246,75.03710314541456,82.37652720753651,3.6545804087265963,1.6718680628950497,2.291895449628843,6.234284226651253,2.8520102249386143,3.909704002308026,38.651299964102016,31.38888548931476,34.744631486237864,65.93457052699756,53.54574583471342,59.27025371181753,0.8492462311557789,-0.0007537688442210699,-0.0007537688442210699,0.6683417085427136,-0.0016582914572863539,-0.0016582914572863539,0.5175879396984925,-0.002412060301507535,-0.002412060301507535,0.4186851211072664,0.10262294494146329,0.16782206011762313,0.39583333333333337,0.4120603015075377,0.08123323383836478,0.13994010117364786,0.4191919191919192,0.4186851211072664,0.10262294494146329,0.16782206011762313,0.39583333333333337,23.0,0.0,0.0,33.0,0.0,0.0,41.0,0.0,0.0,0.0010734849526102216,0.00011398207031253836,0.00011097187923641122,-0.0003149833039568506,0.00014238108104080993,-5.260203672641239e-06
329,1,2.7187815702567666,1.226530846190895,1.334641055581876,6.009269545474068,2.710977057235016,2.949930931262745,15.161837352377079,10.71474390864191,11.170443466705684,33.51191153118859,23.682588171904783,24.689811961456954,3.434220318818212,1.5872218537271474,2.1828048352766123,5.324372587315057,2.460809075545965,3.384193543064515,31.007227386696027,24.66646846456688,27.51194040795847,48.07322075456748,38.24258676677035,42.654171175129406,3.0342661800193147,1.424334588264153,1.935493079932258,5.872773251650286,2.7567766224467474,3.7461156385785634,20.785719325483218,15.783250319479453,17.78523685243383,40.23042450093526,30.54822642479894,34.42303906922676,0.6884422110552764,-0.0015577889447235815,-0.0015577889447235815,0.5678391959798995,-0.0021608040201005485,-0.0021608040201005485,0.46733668341708545,-0.002663316582914521,-0.002663316582914521,0.40042372881355937,0.12317505156488207,0.13551659293868157,0.3418259023354565,0.42713567839195976,0.1238775330285512,0.186735010612327,0.3737373737373737,0.4013377926421404,0.1192008978174326,0.18109307629063875,0.3489932885906041,23.0,0.0,0.0,31.0,0.0,0.0,44.0,0.0,0.0,5.09445756786644e-05,0.0013770318936027139,0.00044115358390718504,-0.04448705134602271,-0.05939372286487021,-0.05316414003209413
329,0,3.6652940477643696,1.6894824889406226,2.287386415257145,6.775971233038078,3.12331960126523,4.228655149258275,39.06762222126513,31.85515159779333,35.101028853725076,72.22369634325987,58.89011578276266,64.89071781511016,3.835314975911049,1.7215920641575977,2.376130007897254,6.5560939759163235,2.9428924173634146,4.061760697260263,46.30801127912827,38.02900528846834,42.0055598157432,79.15899363953551,65.00684664695443,71.80437575340719,3.6652940477643696,1.6894824889406226,2.287386415257145,6.775971233038078,3.12331960126523,4.228655149258275,39.06762222126513,31.85515159779333,35.101028853725076,72.22369634325987,58.89011578276266,64.89071781511016,0.7688442211055276,-0.0011557788944723812,-0.0011557788944723812,0.6281407035175879,-0.0018592964824121205,-0.0018592964824121205,0.4974874371859297,-0.002512562814070307,-0.002512562814070307,0.4107142857142857,0.09698879551820727,0.1660587037665422,0.4014336917562724,0.4170854271356784,0.09377715645898665,0.15832081945621268,0.4242424242424242,0.4107142857142857,0.09698879551820727,0.1660587037665422,0.4014336917562724,22.0,3.0,3.0,34.0,5.0,5.0,43.0,6.0,6.0,0.0008190893165863866,0.00036426872064871773,-3.391403194088e-06,-0.0002526140072118821,0.00017724280649034085,2.6280809047207754e-05
458,1,3.297773901323211,1.4749660634163557,1.9440136186585064,5.530795691008434,2.4737099000794482,3.2603636474362387,27.052350639760142,20.86313825965517,23.180392793025238,45.37031004157082,34.99019600498221,38.87653320444591,3.5005503084192324,1.5692364261977039,2.1856465315698976,5.427209780494934,2.432924691779386,3.3885992737517796,33.13368068596288,26.235112490120652,29.40928809074392,51.37004757513625,40.674593007938995,45.595795489525464,3.284913842095978,1.5023400085825585,2.0649825980432057,5.298248132412867,2.4231290461009007,3.3306170936180735,26.706683223909657,20.761544683756778,23.31972837158331,43.07529552243493,33.48636239315609,37.61246511545694,0.6984924623115578,-0.0015075376884421399,-0.0015075376884421399,0.5778894472361809,-0.002110552763819218,-0.002110552763819218,0.4522613065326633,-0.0027386934673366836,-0.0027386934673366836,0.4235924932975871,0.11126005361930291,0.16846052848820292,0.3978494623655914,0.40201005025125625,0.09798994974874364,0.16247906197654938,0.3787878787878788,0.4046822742474916,0.09866220735785947,0.16722408026755853,0.37248322147651003,22.0,0.0,0.0,33.0,0.0,0.0,45.0,0.0,0.0,0.0005897181069102649,6.841749193286905e-05,0.00016620299928519849,0.0002148145082507824,-0.00018299502313823268,8.635947613910844e-05
458,0,3.516242627771745,1.6437846893556853,2.2329708223346016,5.79462433046058,2.708890074805543,3.679844773541206,33.657725973864395,27.153462126139527,30.04929947137965,55.466558620194895,44.747797279301366,49.520019026814424,3.8033369186535553,1.7591579326419642,2.4001528106279135,6.338894864422592,2.9319298877366067,4.000254684379856,44.850597861156224,37.12778246626372,40.782465120804204,74.75099643526038,61.879637443772864,67.97077520134033,3.562392902454274,1.684691569234193,2.271019957720348,5.852502625460593,2.7677075780276033,3.7309613591120003,35.247439998122374,28.708982159178206,31.609662401770912,57.906508568343895,47.164756404364184,51.93015966005221,0.7487437185929648,-0.0012562814070351536,-0.0012562814070351536,0.6381909547738693,-0.0018090452261306789,-0.0018090452261306789,0.5226130653266332,-0.002386934673366814,-0.002386934673366814,0.4440993788819876,0.12782030911454567,0.19409937888198758,0.37071651090342683,0.457286432160804,0.1264593644916311,0.20019127356314126,0.38383838383838387,0.4530201342281879,0.13308713590322974,0.20078799137104497,0.3804713804713805,23.0,9.0,9.0,34.0,9.0,9.0,45.0,13.0,13.0,0.0015201928253477468,6.597149932180475e-05,0.0005184290992415536,-0.010804481736418126,-0.011785269917980123,-0.014257878190354845
437,1,3.1132689435905387,1.3158690152172643,1.8447215096978589,6.150138649301555,2.599446766257418,3.6441737798939298,22.494457456327833,16.460519077415114,18.938773512928403,44.43690368673351,32.517099036366055,37.41279184762543,3.3998221332703404,1.371079485860304,1.9477606063079074,5.528166070358277,2.229397537984234,3.167090416760825,29.958770904867016,22.354252121122357,25.686858799061824,48.71344862580003,36.34837743271928,41.76725007977532,3.1449171811043217,1.3494778255438662,1.8754092644331712,5.933806002083625,2.5461845764978603,3.538508046100323,23.21775252503297,17.195632532471016,19.658651767807477,43.807080235911265,32.44458968390758,37.09179578831599,0.7085427135678393,-0.0014572864321606982,-0.0014572864321606982,0.5829145728643217,-0.002085427135678275,-0.002085427135678275,0.5025125628140703,-0.0024874371859296973,-0.0024874371859296973,0.41744548286604366,0.0939618125705538,0.15941439478314212,0.38749999999999996,0.4371859296482412,0.10886512764322864,0.16339628023254837,0.43939393939393945,0.4247491638795987,0.10588438925522481,0.17002168890740743,0.3959731543624161,25.0,9.0,9.0,34.0,6.0,6.0,45.0,10.0,10.0,0.0005152422507224037,0.00016249045430612288,0.0002949913031557089,-0.004247472499276483,-0.005219443054173212,-0.004301384536141484
437,0,2.878842430978917,1.2959643996488392,1.772318069887944,6.197508011135168,2.78992336035514,3.815406956008768,17.79366385950294,12.924715207075582,14.769833492757288,38.30580414198549,27.824039681898817,31.796169324685827,3.2456306237072203,1.4088160029673862,1.9714228720876235,6.123831365485321,2.658143401825257,3.7196657963917423,25.6778980466876,19.401384737583022,22.102030734179266,48.4488642390332,36.60638629732645,41.70194478147031,2.9282785530473077,1.2961591089898876,1.795777047143582,6.320025654058938,2.797465702855873,3.875777799590465,18.695419606846762,13.5807160398524,15.592009610045373,40.34982648959733,29.310897927738996,33.6518193022562,0.7236180904522613,-0.0013819095477386467,-0.0013819095477386467,0.592964824120603,-0.0020351758793969443,-0.0020351758793969443,0.42713567839195976,-0.002864321608040288,-0.002864321608040288,0.38834951456310685,0.08786486189751719,0.15261216257171828,0.36038961038961037,0.40201005025125625,0.07118298258208333,0.1399065444081845,0.38888888888888884,0.3946488294314381,0.09414799470689716,0.15660656024345143,0.3657718120805369,16.0,0.0,0.0,28.0,0.0,0.0,36.0,0.0,0.0,0.001325715210419635,0.00023665559093858746,0.00032781721572138276,0.0004675458078473582,6.49105800478722e-05,-7.53513430460373e-05
10,1,3.701064940156608,1.677615765032694,2.309915582511818,6.189712055089499,2.805667744968471,3.863134681097351,40.49040126244494,32.92603043334044,36.47093405797875,67.7167055596062,55.065947448862474,60.99449316592999,3.7131853439101024,1.5733884609675965,2.2189710396086064,5.626038399863791,2.3839219105569645,3.362077332740313,40.98414743091005,32.48643600746864,36.52831318355663,62.09719307713644,49.22187273858885,55.345929065994895,3.701064940156608,1.677615765032694,2.309915582511818,6.189712055089499,2.805667744968471,3.863134681097351,40.49040126244494,32.92603043334044,36.47093405797875,67.7167055596062,55.065947448862474,60.99449316592999,0.6984924623115578,-0.0015075376884421399,-0.0015075376884421399,0.5628140703517588,-0.0021859296482411583,-0.0021859296482411583,0.4773869346733668,-0.0026130653266331905,-0.0026130653266331905,0.42068965517241375,0.1108789839159594,0.17642360012654223,0.4256055363321799,0.42211055276381915,0.12135867306457104,0.1700237414115654,0.4242424242424242,0.42068965517241375,0.1108789839159594,0.17642360012654223,0.4256055363321799,18.0,3.0,3.0,29.0,1.0,1.0,37.0,3.0,3.0,1.0022499850995563e-06,-0.00010759747410063293,-5.03512839862308e-06,-0.00032191322581809345,0.00013850755599076336,-8.764760639934366e-06
10,0,3.8904935407141843,1.7781301402631589,2.432737369526226,6.352274764216945,2.903274635796909,3.9720966090004484,48.93503199549477,40.66727375959472,44.638723471552666,79.89957201524288,66.40023794645693,72.88469538575549,3.9024470313709583,1.7603389539775196,2.4375872255314706,6.097573486517122,2.7505296155898744,3.808730039892923,49.52348647902131,41.00611247882577,45.19654989248654,77.38044762347079,64.07205074816525,70.61960920701021,3.8904935407141843,1.7781301402631589,2.432737369526226,6.352274764216945,2.903274635796909,3.9720966090004484,48.93503199549477,40.66727375959472,44.638723471552666,79.89957201524288,66.40023794645693,72.88469538575549,0.778894472361809,-0.0011055276381910506,-0.0011055276381910506,0.6482412060301508,-0.0017587939698492372,-0.0017587939698492372,0.5276381909547738,-0.002361809045226204,-0.002361809045226204,0.4722222222222222,0.1308010783747352,0.20432383885039773,0.4564459930313589,0.457286432160804,0.11894056749914983,0.19518292631773226,0.43434343434343436,0.4722222222222222,0.1308010783747352,0.20432383885039773,0.4564459930313589,25.0,0.0,0.0,37.0,0.0,0.0,45.0,0.0,0.0,0.0003188595959902333,0.00022759429835003832,-4.350298183720849e-05,-0.0003080533820964959,0.0001462546060908565,-1.7556467044599344e-06
360,1,3.485819188779906,1.6140127320464908,2.2170223582582747,5.841620069109183,2.7048015564515366,3.7153396663119436,32.64916198508095,26.149134166114564,29.092591155503804,54.7142549749983,43.82135121244474,48.75406759576187,3.126363284024761,1.3783615388533457,1.9278783294932778,5.2989208203809515,2.3362059980565184,3.2675903889716578,22.79094445465309,17.04782945975161,19.47585385150249,38.62871941466626,28.89462620296883,33.00992178220761,3.4730859707829147,1.5945948033498398,2.202629904661931,5.788476617971525,2.6576580055830665,3.6710498411032186,32.23606867308961,25.692444496437467,28.67359175614019,53.726781121816025,42.82074082739578,47.78931959356699,0.6783919597989949,-0.0016080402010050232,-0.0016080402010050232,0.5025125628140703,-0.0024874371859296973,-0.0024874371859296973,0.42211055276381915,-0.0028894472361808976,-0.0028894472361808976,0.42105263157894735,0.12384409299109844,0.17816422895312678,0.44224422442244227,0.40703517587939697,0.11380209317263001,0.15995671177255222,0.4040404040404041,0.42140468227424754,0.12424274571331262,0.1778006778248593,0.4429530201342282,21.0,0.0,0.0,37.0,0.0,0.0,40.0,0.0,0.0,-0.0013963971282932896,-5.6561098864560326e-05,-0.00021232638023314137,0.00048729044062767457,8.427820529455232e-05,-5.782855820246624e-05
360,0,3.956742745369776,1.844412523816441,2.5245049552203462,5.795229273521389,2.7014122823574134,3.6975072576459613,52.286737057815,44.01925313246891,48.09867634334782,76.58158457962803,64.4726434768484,70.44755626045892,3.724264465384747,1.6439713648054064,2.2996615872711264,4.999012705214425,2.2066729728931627,3.0867940768739945,41.440740433059844,33.43392506043005,37.28453343883791,55.62515494370449,44.877751758966504,50.046353609178404,3.956742745369776,1.844412523816441,2.5245049552203462,5.795229273521389,2.7014122823574134,3.6975072576459613,52.286737057815,44.01925313246891,48.09867634334782,76.58158457962803,64.4726434768484,70.44755626045892,0.728643216080402,-0.001356783919598037,-0.001356783919598037,0.6381909547738693,-0.0018090452261306789,-0.0018090452261306789,0.5175879396984925,-0.002412060301507535,-0.002412060301507535,0.4394463667820069,0.1112943805989326,0.19433704572331878,0.45486111111111116,0.4371859296482412,0.09884006498658704,0.18342966921418447,0.43434343434343436,0.4394463667820069,0.1112943805989326,0.19433704572331878,0.45486111111111116,26.0,0.0,0.0,39.0,3.0,3.0,46.0,2.0,2.0,-0.001072287785451245,-0.00019762640907670855,-4.738479567414244e-05,-0.0003149833039568506,0.00014238108104080993,-5.260203672641239e-06
48,1,2.8082896722687614,1.2004335440238638,1.3643872290373857,5.629060631969828,2.406202348243389,2.7348384013149376,16.58153409503964,11.589436764179371,12.344335071751534,33.236763897168345,23.23038213619954,24.743533854933077,2.599792609262706,1.0486938616029606,1.518901030320915,4.521378450891663,1.8238154114834102,2.6415670092537655,13.460946069967727,8.744296325545267,10.513639933894202,23.410340991248223,15.20747187051351,18.284591189381224,2.784874670082909,1.2245136043536755,1.7053012298759167,4.914484711911016,2.1609063606241334,3.0093551115457355,16.19778768215599,11.437247879517532,13.254363945131313,28.58433120380469,20.183378610913294,23.390054020819967,0.5778894472361809,-0.002110552763819218,-0.002110552763819218,0.4522613065326633,-0.0027386934673366836,-0.0027386934673366836,0.3467336683417085,-0.003266331658291488,-0.003266331658291488,0.3977777777777778,0.09589098532494755,0.11429781687846208,0.41870824053452116,0.371859296482412,0.0761199481114847,0.14481422135720334,0.40909090909090906,0.40802675585284276,0.11253426837371083,0.18444499834450012,0.4395973154362416,18.0,5.0,5.0,24.0,3.0,3.0,33.0,7.0,7.0,0.00013098088522331625,-0.0006051006918088543,-6.059739550087406e-05,-0.0024230684303034877,-0.0032233596231439066,-0.0028931262614246833
48,0,3.639066764055672,1.669529679779573,2.282116412059965,5.495733480410607,2.521330536809967,3.446461520253825,38.05630463667143,30.888946799035214,34.17197525342073,57.47278659415685,46.648613533236855,51.60665650516601,3.9800354463970242,1.7810313006050693,2.481539828027401,5.768167313618876,2.5812047834856076,3.5964345333730448,53.518931247155,44.50290087170865,49.04397927867068,77.56366847413769,64.49695778508499,71.07823083865316,3.639066764055672,1.669529679779573,2.282116412059965,5.495733480410607,2.521330536809967,3.446461520253825,38.05630463667143,30.888946799035214,34.17197525342073,57.47278659415685,46.648613533236855,51.60665650516601,0.8040201005025126,-0.0009798994974873354,-0.0009798994974873354,0.6633165829145728,-0.0016834170854271857,-0.0016834170854271857,0.542713567839196,-0.0022864321608039306,-0.0022864321608039306,0.423728813559322,0.11070004875390749,0.17908394320982934,0.41496598639455784,0.457286432160804,0.1314718958199519,0.19852182448133826,0.4494949494949495,0.423728813559322,0.11070004875390749,0.17908394320982934,0.41496598639455784,26.0,9.0,9.0,39.0,12.0,12.0,46.0,8.0,8.0,0.0011186677804475003,0.00023345785475642017,0.00011691499662710147,-0.006788943243686063,-0.0046924417409339725,-0.0057910761569619496
301,1,3.3447260196440487,1.4921977830036586,1.9282486208555742,5.257964360098875,2.3457594778082203,3.031238572703001,28.35280649038686,21.97688749598009,24.230233837540474,44.571078515752184,34.548028903145656,38.090326444199434,3.4415254838502585,1.5505718746298924,2.1416373908444237,4.714418471027751,2.124071061136839,2.933749850471813,31.234569675393413,24.608885692656706,27.565683604760178,42.787081747114264,33.71080231870782,37.761210417479695,3.541029514277659,1.6677004239220263,2.2628749213870307,5.338235448659788,2.514121242093507,3.4113692282216546,34.50242164827895,27.992489129709337,30.91241306676701,52.01370097730494,42.199732356345734,46.60162773884473,0.6783919597989949,-0.0016080402010050232,-0.0016080402010050232,0.5829145728643217,-0.002085427135678275,-0.002085427135678275,0.4773869346733668,-0.0026130653266331905,-0.0026130653266331905,0.43044619422572183,0.1342469805953156,0.17922429784253513,0.4078947368421053,0.4371859296482412,0.1264089872923515,0.19845471095041145,0.4040404040404041,0.44147157190635455,0.14430963534541963,0.21455277324117106,0.42281879194630867,22.0,3.0,3.0,36.0,4.0,4.0,46.0,5.0,5.0,0.0005354029114660775,0.00018936472719655674,3.103994498204363e-05,-0.007097532574499965,-0.006481087004436503,-0.00683622868315048
301,0,3.1000924993444374,1.433101847740931,1.9648822724193746,6.371224584859602,2.9452713836330857,4.0381718426274045,22.200004672350214,16.90379900895422,19.088177008243292,45.62483718869216,34.74022141150591,39.22949481694138,3.339836628592793,1.4635167284003792,2.0483563610075732,5.859362506303146,2.567573207719964,3.59360765089048,28.214516883535392,21.68508525021523,24.576348849568856,49.499152427255076,38.044009210903916,43.116401490471674,3.1000924993444374,1.433101847740931,1.9648822724193746,6.371224584859602,2.9452713836330857,4.0381718426274045,22.200004672350214,16.90379900895422,19.088177008243292,45.62483718869216,34.74022141150591,39.22949481694138,0.6934673366834171,-0.0015326633165829717,-0.0015326633165829717,0.5678391959798995,-0.0021608040201005485,-0.0021608040201005485,0.48743718592964824,-0.002562814070351749,-0.002562814070351749,0.430976430976431,0.13181676711088475,0.19917351944227646,0.3581081081081081,0.457286432160804,0.15402828679739544,0.22189411162658035,0.3737373737373737,0.430976430976431,0.13181676711088475,0.19917351944227646,0.3581081081081081,28.0,19.0,19.0,39.0,21.0,21.0,49.0,21.0,21.0,0.0012216676145430157,0.00035325213439272354,0.0001235107630981654,-0.007865865216122536,-0.006155710900255684,-0.00754056750303711
233,1,3.1391933033033474,1.388644072487652,1.9005993509062498,5.408115195789925,2.3923175110183315,3.2742998718582914,23.085236561157423,17.32747241192016,19.63447843920197,39.770605560805855,29.85128910568423,33.8257351328826,3.5497668981552124,1.6010009821196247,2.1938772440354692,5.378434694174564,2.4257590638176136,3.3240564303567717,34.80520338481539,27.78518444484481,30.924991917172804,52.735156643659685,42.098764310370925,46.856048359352734,2.996383656626162,1.3204396481332958,1.8261653829106348,5.050084814538475,2.225460081123532,3.077806825130283,20.013031905363913,14.669194508740535,16.790335913771848,33.72982905398412,24.723361531585166,28.298318955795246,0.7085427135678393,-0.0014572864321606982,-0.0014572864321606982,0.5829145728643217,-0.002085427135678275,-0.002085427135678275,0.4773869346733668,-0.0026130653266331905,-0.0026130653266331905,0.3976945244956772,0.112802438164742,0.16211290181728033,0.361271676300578,0.4170854271356784,0.10630848477978871,0.17835420843784866,0.3939393939393939,0.39799331103678925,0.11251751804847543,0.16884981826704515,0.3355704697986577,29.0,14.0,14.0,40.0,14.0,14.0,50.0,16.0,16.0,0.0011497394278424853,0.00011856741323797982,0.0007576627145900141,0.00031748659871144724,-8.228337184501555e-05,0.00015057161927245488
233,0,3.7292424610682895,1.730794344597609,2.367727013123887,5.962321779073253,2.7671981437578537,3.785527619784897,41.64754657303237,34.26994853547093,37.74544431688146,66.58619721556673,54.79087580222,60.34750678207993,3.699333718074626,1.6411382657310751,2.291027282602644,5.562907846728761,2.467877091324925,3.4451538084250286,40.42036402816693,32.588539877185404,36.3313395182616,60.78250229799538,49.005323123587075,54.633593260543755,3.7292424610682895,1.730794344597609,2.367727013123887,5.962321779073253,2.7671981437578537,3.785527619784897,41.64754657303237,34.26994853547093,37.74544431688146,66.58619721556673,54.79087580222,60.34750678207993,0.7889447236180904,-0.001055276381909609,-0.001055276381909609,0.6432160804020101,-0.001783919597989958,-0.001783919597989958,0.507537688442211,-0.0024623115577889765,-0.0024623115577889765,0.4172932330827067,0.08708685409583994,0.1572932330827067,0.4226415094339623,0.4170854271356784,0.08375209380234505,0.14329577771998558,0.4191919191919192,0.4172932330827067,0.08708685409583994,0.1572932330827067,0.4226415094339623,23.0,11.0,11.0,33.0,10.0,10.0,42.0,10.0,10.0,-0.00023315510124853866,-8.737966434541183e-05,1.712186441953274e-05,-0.00015559510116602837,0.0002314721571865519,7.534460660885145e-05
334,1,2.7790236721308497,1.2317559548012293,1.5631344721598623,5.922509465196892,2.625053674166554,3.331270186570198,16.10329117860819,11.40467649392469,12.72999891610105,34.318489397033844,24.305048265741142,27.129505886772726,2.465896782563559,1.0685943898334198,1.4902185488134818,5.137284963674082,2.2262383121529585,3.104621976694754,11.774036169283036,7.729760797591076,9.121070237313154,24.52924201933966,16.10366832831474,19.00222966106907,2.7392472112457886,1.2408903924909842,1.710318188266901,5.590300431113855,2.5324293724305806,3.4904452821773493,15.475331055188684,11.001000165210197,12.677263491806766,31.582308275895276,22.451020745326932,25.87196630980973,0.5025125628140703,-0.0024874371859296973,-0.0024874371859296973,0.3919597989949749,-0.0030402010050251116,-0.0030402010050251116,0.321608040201005,-0.0033919597989949812,-0.0033919597989949812,0.38046272493573263,0.10831895086641297,0.13217337987219402,0.4020618556701031,0.371859296482412,0.12875152705885307,0.16985595758424843,0.35858585858585856,0.3846153846153846,0.11917298060870674,0.16882005647300413,0.4093959731543624,23.0,11.0,11.0,30.0,9.0,9.0,35.0,6.0,6.0,-0.00045574927639034917,-0.0005674704631673669,-6.63408048542745e-05,-0.026446921433958437,-0.020250827151033768,-0.024000540486921018
334,0,3.50095865843726,1.6398414378879966,2.2281166586282692,5.790774862063793,2.7123863783444704,3.685425392109462,33.14721358796066,26.716296075318507,29.576226689233284,54.82728301576196,44.190197832688995,48.92067765894803,3.6960347902834716,1.7140102425344756,2.3548924682176375,5.600052712550714,2.5969852159613267,3.5680188912388444,40.28723987016973,33.02981875272527,36.463831294453406,61.04127253056019,50.04517992837162,55.248229234020314,3.547798639954532,1.6573936497535275,2.2646763941479238,5.816063344187757,2.71703877008775,3.7125842527015145,34.73676513199742,28.114715128583693,31.128878264092425,56.94551660983184,46.08969693210442,51.03094797392201,0.7537688442211055,-0.0012311557788945438,-0.0012311557788945438,0.6331658291457287,-0.0018341708542712887,-0.0018341708542712887,0.5175879396984925,-0.002412060301507535,-0.002412060301507535,0.45245901639344266,0.14476670870113495,0.21145574485581997,0.41776315789473684,0.44221105527638194,0.11890278459969017,0.19513259116953718,0.43434343434343436,0.4548494983277592,0.13932362186699132,0.2156948820874922,0.42281879194630867,24.0,1.0,1.0,39.0,1.0,1.0,47.0,3.0,3.0,0.0003804247486704225,7.767814588528428e-05,4.01776237624113e-06,0.0004833415140721442,8.040468024717029e-05,-6.13331151724239e-05
331,1,3.5603912859546893,1.6163562960693862,2.2252689217694543,6.1680018052454475,2.800166541077951,3.855043343347083,35.17695870244793,28.190072517550092,31.376497744170965,60.94036507607177,48.836322812093826,54.3564679230004,3.694913399279417,1.678949102154502,2.3176562438228103,5.9595377407732535,2.7079824228298417,3.738155231972275,40.24208744329545,32.73412364377608,36.27807341471877,64.90659265047654,52.796973618993675,58.513021636643174,3.5603912859546893,1.6163562960693862,2.2252689217694543,6.1680018052454475,2.800166541077951,3.855043343347083,35.17695870244793,28.190072517550092,31.376497744170965,60.94036507607177,48.836322812093826,54.3564679230004,0.7989949748743719,-0.0010050251256281673,-0.0010050251256281673,0.6532663316582914,-0.0017336683417086274,-0.0017336683417086274,0.5025125628140703,-0.0024874371859296973,-0.0024874371859296973,0.4448979591836735,0.11292239910220703,0.18980976379697068,0.4221311475409836,0.457286432160804,0.11894056749914983,0.19685237539953526,0.43939393939393945,0.4448979591836735,0.11292239910220703,0.18980976379697068,0.4221311475409836,12.0,0.0,0.0,23.0,0.0,0.0,32.0,0.0,0.0,0.00027899595564858965,0.0001733880426630977,0.0003022682723305282,-1.0066742095027337e-05,-8.484196204427974e-05,-0.00010243434826673337
331,0,3.289975473337006,1.5195211855992417,2.080730784475021,5.955272059331543,2.7505256903885007,3.7663861035433928,26.84220529810158,20.968684274129366,23.491252613529607,48.58778933706995,37.95597280000632,42.52214080676879,3.5484882551221992,1.6069512653962785,2.194982276521989,5.9141470918703325,2.678252108993798,3.6583037942033148,34.760728393872895,27.79127367081692,30.88975507656574,57.93454732312149,46.31878945136154,51.48292512760957,3.289975473337006,1.5195211855992417,2.080730784475021,5.955272059331543,2.7505256903885007,3.7663861035433928,26.84220529810158,20.968684274129366,23.491252613529607,48.58778933706995,37.95597280000632,42.52214080676879,0.7386934673366834,-0.0013065326633165952,-0.0013065326633165952,0.6080402010050252,-0.001959798994974782,-0.001959798994974782,0.4974874371859297,-0.002512562814070307,-0.002512562814070307,0.43157894736842106,0.1198451470181584,0.1935392740895413,0.397887323943662,0.42713567839195976,0.1088399390435888,0.183396112448721,0.4040404040404041,0.43157894736842106,0.1198451470181584,0.1935392740895413,0.397887323943662,24.0,10.0,10.0,35.0,8.0,8.0,43.0,8.0,8.0,0.000725559927184651,0.0006478172864765434,0.0001853598370469823,-0.004962792658078641,-0.005086617987192454,-0.004179442461563987
413,1,2.9008846434440403,1.252296537222874,1.6891302233910486,5.785830360275751,2.497712324241227,3.36897951148874,18.190230121581454,12.990596809356328,14.830856884295443,36.280513923813565,25.909816713166748,29.580225543951904,3.0523043769088822,1.230017926733169,1.7587127263297513,4.923071575659487,1.9838998818276918,2.836633429564115,21.16405824059326,14.97807199878116,17.518200525436445,34.13557780740848,24.15818064319542,28.255162137800713,3.041632386752993,1.34346638871604,1.868368207220924,5.496926000156011,2.427951304908506,3.376569049194441,20.93939654533944,15.475479183515633,17.706869560742874,37.84228291326405,27.967733464184878,32.00036667604134,0.6432160804020101,-0.001783919597989958,-0.001783919597989958,0.5125628140703518,-0.0024371859296482556,-0.0024371859296482556,0.39698492462311563,-0.0030150753768843908,-0.0030150753768843908,0.39226519337016574,0.1067479519908554,0.14886343383937395,0.3795013850415513,0.39698492462311563,0.10375184191634867,0.1398897660254529,0.38888888888888884,0.3946488294314381,0.11251193460673026,0.16550533666169398,0.38590604026845643,23.0,4.0,4.0,35.0,4.0,4.0,42.0,6.0,6.0,-0.00021484193320564412,0.0003170069098131172,-0.00010520183032380527,-0.008289576348400551,-0.01191372358073206,-0.009751918696544237
413,0,3.3300006732866456,1.5442212505914488,2.1101258133509297,5.23865959578021,2.429323674710937,3.3195881697837786,27.938360513755207,21.974133723615605,24.551596626503965,43.95181105212709,34.56906402861479,38.62385322950014,3.5485201409114664,1.6346618332785803,2.2546846651442705,5.105784375412182,2.352031414789324,3.2441505973298854,34.7618367848041,27.982642162451665,31.115090009320983,50.01703134504188,40.26279447834772,44.769913682476236,3.3300006732866456,1.5442212505914488,2.1101258133509297,5.23865959578021,2.429323674710937,3.3195881697837786,27.938360513755207,21.974133723615605,24.551596626503965,43.95181105212709,34.56906402861479,38.62385322950014,0.7437185929648241,-0.0012814070351758744,-0.0012814070351758744,0.5879396984924623,-0.002060301507537776,-0.002060301507537776,0.5025125628140703,-0.0024874371859296973,-0.0024874371859296973,0.4552529182879378,0.14263155906463687,0.2055763335531383,0.4140625,0.4623115577889447,0.15153461543305502,0.20855529735488798,0.4292929292929293,0.4552529182879378,0.14263155906463687,0.2055763335531383,0.4140625,17.0,0.0,0.0,33.0,0.0,0.0,40.0,0.0,0.0,0.0003999766517107157,0.0005987771275297929,0.00031097262883418575,-9.322580442105988e-05,-0.00015080139628764755,0.00010688561932692409
14,1,3.4681711135569877,1.6110565436495927,2.198825812326664,6.762933671436127,3.141560260116706,4.287710334036996,32.07802170532305,25.672793461907943,28.519499665780653,62.55214232537996,50.06194725072049,55.613024348272276,3.328597375495949,1.4864960949441435,2.0608105689626957,5.943923884814193,2.6544573124002557,3.68001887314767,27.899182170041463,21.58939920507718,24.346201748814046,49.81996816078832,38.552498580494955,43.47536026573936,3.4336424001483214,1.5779239608184767,2.166357202340823,6.688913766522704,3.0738778457502796,4.220176368196408,30.989312908142125,24.593020960164644,27.43811424598612,60.36879137949765,47.90848238993112,53.450871907765176,0.6683417085427136,-0.0016582914572863539,-0.0016582914572863539,0.5276381909547738,-0.002361809045226204,-0.002361809045226204,0.44723618090452266,-0.0027638190954772934,-0.0027638190954772934,0.4212218649517685,0.1306921699276915,0.1902058221710199,0.4161290322580645,0.4170854271356784,0.12886487575723227,0.18837090292866676,0.398989898989899,0.4247491638795987,0.1376039218094819,0.1956056711098546,0.4161073825503355,26.0,16.0,16.0,39.0,14.0,14.0,43.0,16.0,16.0,2.1976689879706786e-06,-0.00011286157429432595,-0.00015139129395416,-0.005972732453831675,-0.0047544181417285,-0.00584714906846262
14,0,3.6250454614902363,1.696159906797405,2.316230817360238,5.9598205044839485,2.78860188066692,3.808040496338019,37.52642912821418,30.64459259223349,33.82464594808343,61.69599365147078,50.38178782112964,55.610011134984624,3.8925708478419625,1.760502128958037,2.448382931661038,6.329383492425955,2.8626050877366453,3.9811104579854275,49.03679074174903,40.60449791788456,44.798381940086635,79.73461909227484,66.0235738502188,72.8428974635555,3.6250454614902363,1.696159906797405,2.316230817360238,5.9598205044839485,2.78860188066692,3.808040496338019,37.52642912821418,30.64459259223349,33.82464594808343,61.69599365147078,50.38178782112964,55.610011134984624,0.7989949748743719,-0.0010050251256281673,-0.0010050251256281673,0.6683417085427136,-0.0016582914572863539,-0.0016582914572863539,0.5226130653266332,-0.002386934673366814,-0.002386934673366814,0.4275862068965517,0.0936791500979286,0.18102657386902876,0.40484429065743943,0.42211055276381915,0.08627095376632543,0.1533292505935353,0.4292929292929293,0.4275862068965517,0.0936791500979286,0.18102657386902876,0.40484429065743943,28.0,13.0,13.0,39.0,11.0,11.0,49.0,12.0,12.0,0.0007319855570329228,-4.910501331141354e-05,0.00012146310007790725,-0.00032191322581809345,0.00013850755599076336,-8.764760639934366e-06
494,1,3.6754063236302343,1.711065335833812,2.333072361292548,6.291430824567048,2.928941251339054,3.9936709243301847,39.46468903556849,32.33447689088284,35.63672161650641,67.55426181970842,55.349016324981804,61.00168229649037,4.212307263858354,1.9329793448472259,2.674508467903543,6.581730099778678,3.020280226323791,4.178919481099285,67.51212854315187,57.74201664712672,62.85779469475666,105.4877008486748,90.2219010111355,98.21530421055728,3.6754063236302343,1.711065335833812,2.333072361292548,6.291430824567048,2.928941251339054,3.9936709243301847,39.46468903556849,32.33447689088284,35.63672161650641,67.55426181970842,55.349016324981804,61.00168229649037,0.8291457286432161,-0.0008542713567838423,-0.0008542713567838423,0.6783919597989949,-0.0016080402010050232,-0.0016080402010050232,0.5577889447236181,-0.00221105527638199,-0.00221105527638199,0.4,0.0884681583476764,0.16605504587155961,0.38062283737024216,0.4170854271356784,0.0762332968098639,0.15999026853801568,0.4242424242424242,0.4,0.0884681583476764,0.16605504587155961,0.38062283737024216,18.0,0.0,0.0,32.0,0.0,0.0,37.0,0.0,0.0,0.0016756663495660306,0.00019358014127573395,0.0002360713454086753,-0.004997442267381302,-0.0033578212226306192,-0.004196965246407558
494,0,3.5177124804433655,1.5932601222325131,2.183214547743467,6.577640460007115,2.9791781737635348,4.082312133794291,33.70723424832908,26.855838720528734,29.90914567675969,63.02791061502629,50.21673952537222,55.926005272297225,3.4638330469179395,1.5020882989553703,2.1030283261253127,6.130677959146796,2.6585633609829564,3.722174028540376,31.93916650882186,24.827442095253435,28.039836597386365,56.52949824570241,43.942375389829095,49.62802937590507,3.5177124804433655,1.5932601222325131,2.183214547743467,6.577640460007115,2.9791781737635348,4.082312133794291,33.70723424832908,26.855838720528734,29.90914567675969,63.02791061502629,50.21673952537222,55.926005272297225,0.6984924623115578,-0.0015075376884421399,-0.0015075376884421399,0.542713567839196,-0.0022864321608039306,-0.0022864321608039306,0.4773869346733668,-0.0026130653266331905,-0.0026130653266331905,0.4227941176470589,0.1292161359956827,0.18440780957859926,0.4206642066420664,0.42713567839195976,0.1339025956851928,0.180057214285115,0.4191919191919192,0.4227941176470589,0.1292161359956827,0.18440780957859926,0.4206642066420664,24.0,6.0,6.0,35.0,5.0,5.0,43.0,6.0,6.0,-7.284024287867675e-05,2.3829936052205482e-05,4.015319557659833e-05,-0.00019717463232815646,0.00020823100688893703,5.431726479621091e-05
452,1,2.898617680383191,1.286129925831819,1.7200697059439969,5.1436254916603685,2.282250162505483,3.0522805566261124,18.14904024742905,13.133767759342124,14.89938805000044,32.20564985082998,23.30599965138161,26.439110167157644,2.839559889318955,1.2106136390750628,1.706384518828742,4.772369561880597,2.0346447715547273,2.8678731408886424,17.1082343633153,12.009735018871474,14.002732383642293,28.753335064395465,20.184428603145335,23.5340040061215,2.8797332187958786,1.286678465482798,1.7737795466223223,4.993757026813663,2.2312343332071647,3.0759182889404437,17.809521300247027,12.890769725609776,14.787416107664118,30.88356294840525,22.353935940363773,25.642918105775927,0.6231155778894473,-0.0018844221105527303,-0.0018844221105527303,0.49246231155778897,-0.002537688442211028,-0.002537688442211028,0.37688442211055273,-0.003115577889447274,-0.003115577889447274,0.407202216066482,0.10568077761558292,0.15500280257674592,0.4027777777777778,0.3869346733668342,0.09871412198838803,0.15822014915982252,0.36868686868686873,0.40802675585284276,0.10752592112830184,0.17665856897853793,0.3993288590604027,21.0,6.0,6.0,29.0,4.0,4.0,37.0,7.0,7.0,0.0007818434897325277,1.1380557095078006e-06,0.00021100094443895942,0.0002622016269242522,-0.0001365127225412266,0.00011599584989241407
452,0,4.049057297569385,1.9088496407312912,2.6003819669658625,6.346556101246395,2.991960953730507,4.075879599907166,57.34337381937791,48.84217104088185,53.08590278284406,89.88090615509233,76.55598719329232,83.20767908097467,4.051824473855484,1.8439033480204379,2.5482714497370313,6.233576113623821,2.8367743815699042,3.9204176149800487,57.50227279291725,48.40548714304726,53.004631851310535,88.46503506602654,74.46998022007271,81.54558746355467,4.049057297569385,1.9088496407312912,2.6003819669658625,6.346556101246395,2.991960953730507,4.075879599907166,57.34337381937791,48.84217104088185,53.08590278284406,89.88090615509233,76.55598719329232,83.20767908097467,0.8090452261306533,-0.0009547738693467256,-0.0009547738693467256,0.6834170854271358,-0.0015829145728643024,-0.0015829145728643024,0.5477386934673367,-0.002261306532663321,-0.002261306532663321,0.44244604316546765,0.1103095979230978,0.19483838766307526,0.4476534296028881,0.42713567839195976,0.08377728240198479,0.16503217254888802,0.43939393939393945,0.44244604316546765,0.1103095979230978,0.19483838766307526,0.4476534296028881,20.0,0.0,0.0,34.0,3.0,3.0,42.0,2.0,2.0,0.00016395980755307729,-0.0003037723158499001,0.0001424777838623855,-0.008605395553011874,-0.006074200914986783,-0.00746641310777818
316,1,3.3865426778793335,1.4961683652702664,1.715546152225804,7.140493287792745,3.154656883376458,3.617212877570445,29.563564612897668,22.941717754915707,24.246100465694724,62.334497084741784,48.372395454940204,51.12267409512048,3.3249610824201574,1.4007732880550752,1.9805808881828417,6.649922164840315,2.8015465761101503,3.9611617763656835,27.797916793972046,20.948333657964184,23.96210844642321,55.59583358794409,41.89666731592837,47.92421689284642,3.280551470243014,1.4493996769254898,2.009696579962788,7.131633630963074,3.1508688628814996,4.368905608614757,26.590432489550402,20.349361545418354,23.02653448737703,57.80528802076174,44.237742490039906,50.05768366821094,0.6733668341708543,-0.001633165829145744,-0.001633165829145744,0.5879396984924623,-0.002060301507537776,-0.002060301507537776,0.4623115577889447,-0.002688442211055242,-0.002688442211055242,0.42152466367713004,0.08781805673424092,0.11262925800753087,0.4202247191011236,0.38190954773869346,0.05358874573368089,0.12147549097742472,0.3737373737373737,0.38795986622073575,0.06909509159636185,0.14101882061450666,0.3825503355704698,21.0,7.0,7.0,35.0,12.0,12.0,43.0,11.0,11.0,-0.00016922408109058278,-0.00016067913868358512,8.294542770632247e-05,-7.34571303526721e-05,0.0002773837120182421,-9.392846419498113e-05
316,0,4.101805966695149,1.9291685667235323,2.632334690448511,6.180054323154025,2.906613973863455,3.9660509336090892,60.44935860679904,51.66794498040068,56.102422401859705,91.07703363424388,77.84637043713701,84.52764975213529,3.994574470136633,1.8432896682065185,2.544655300084969,5.789238362516859,2.6714343017485773,3.6879062320072014,54.30272827412118,45.70683294568778,50.03995833235226,78.69960619437853,66.2417868778084,72.52167874253952,4.101805966695149,1.9291685667235323,2.632334690448511,6.180054323154025,2.906613973863455,3.9660509336090892,60.44935860679904,51.66794498040068,56.102422401859705,91.07703363424388,77.84637043713701,84.52764975213529,0.8140703517587939,-0.0009296482412060048,-0.0009296482412060048,0.6934673366834171,-0.0015326633165829717,-0.0015326633165829717,0.5829145728643217,-0.002085427135678275,-0.002085427135678275,0.43999999999999995,0.0941019955654101,0.1800295420974889,0.4464285714285714,0.4321608040201005,0.08378987670180471,0.16838784909522575,0.4292929292929293,0.43999999999999995,0.0941019955654101,0.1800295420974889,0.4464285714285714,21.0,8.0,8.0,36.0,12.0,12.0,46.0,14.0,14.0,-0.000319529022112062,-0.0001971959085276677,-3.5078076269177306e-05,0.00012853169511384266,2.5090428362517514e-05,-1.1822829200092144e-05
306,1,2.8464306796559637,1.210439660044753,1.6912530108106059,5.572103694114402,2.3695273345118495,3.3107558938898527,17.226186201818354,12.091642291617656,14.051598809116097,33.72156450416563,23.670305819348506,27.507069183906058,3.082203925554477,1.271577286692651,1.7922044124776564,5.224074450092334,2.1552157401570358,3.037634597419757,21.806409177516823,15.692131501497567,18.173624390651565,36.96001555511326,26.5968330533857,30.802753204494174,2.9637283549260935,1.2691112612221118,1.7583903124356193,5.736248428889213,2.456344376558926,3.4033360885850694,19.370055737394445,13.925494927978791,16.032168502306405,37.49043045947312,26.952570828346047,31.030003552851106,0.6633165829145728,-0.0016834170854271857,-0.0016834170854271857,0.542713567839196,-0.0022864321608039306,-0.0022864321608039306,0.4371859296482412,-0.002814070351758735,-0.002814070351758735,0.38819875776397517,0.07967162598102939,0.13509958421025614,0.33644859813084116,0.42713567839195976,0.10633367337942845,0.15668492713987292,0.36363636363636365,0.39799331103678925,0.08914523090323334,0.13547940669863578,0.3489932885906041,18.0,1.0,1.0,30.0,3.0,3.0,39.0,5.0,5.0,0.0006318295080761333,0.0006371226211300894,9.603412710173691e-05,-0.007151322399863602,-0.008479187369282215,-0.006906463943002095
306,0,3.5471059927779636,1.651762136946853,2.2497462875097405,5.978769849462228,2.784102218250042,3.7920251890101286,34.712713140439256,28.057876824912498,31.05309171910931,58.5094787524385,47.292521943877674,52.34106025610878,3.4473652767775644,1.5420779067291945,2.135541387885838,5.386508244964944,2.4094967292643665,3.336783418571622,31.417506731841073,24.696167870235044,27.704567202392493,49.089854268501675,38.58776229724226,43.28838625373827,3.5471059927779636,1.651762136946853,2.2497462875097405,5.978769849462228,2.784102218250042,3.7920251890101286,34.712713140439256,28.057876824912498,31.05309171910931,58.5094787524385,47.292521943877674,52.34106025610878,0.7236180904522613,-0.0013819095477386467,-0.0013819095477386467,0.5778894472361809,-0.002110552763819218,-0.002110552763819218,0.49246231155778897,-0.002537688442211028,-0.002537688442211028,0.4382022471910112,0.12605271448073085,0.18913624470035117,0.40601503759398494,0.44221105527638194,0.12892784725633177,0.1851158966787192,0.38888888888888884,0.4382022471910112,0.12605271448073085,0.18913624470035117,0.40601503759398494,22.0,7.0,7.0,34.0,6.0,6.0,42.0,6.0,6.0,-0.0005393282640157109,3.816061839917089e-05,0.00017249898047379575,-0.00016252502302549487,0.00022759863213561715,7.184004964067014e-05
442,1,2.706524263193578,1.1901455103522636,1.471642658555194,5.664169334312333,2.4907168927990666,3.0798294813062306,14.97712838613985,10.421430405868819,11.539156929405339,31.343887241096798,21.809797653519283,24.148957285250347,2.603800076336118,1.089790031769746,1.5373500128424245,5.156039755121026,2.1580000629103884,3.044257451173118,13.514998602653232,8.9700789714643,10.609950166633018,26.762373470600462,17.762532616760993,21.009802310164392,3.021383564607754,1.324693956904725,1.845379493483483,5.665094183639539,2.4838011691963593,3.460086550281531,20.519662331920692,15.063805892876783,17.27826642942893,38.4743668723513,28.24463604914397,32.39674955517924,0.542713567839196,-0.0022864321608039306,-0.0022864321608039306,0.44723618090452266,-0.0027638190954772934,-0.0027638190954772934,0.3517587939698492,-0.0032412060301507672,-0.0032412060301507672,0.3901234567901235,0.1028238267038103,0.13401397487418998,0.3465346534653465,0.40201005025125625,0.12130829586529135,0.17997332237145658,0.29292929292929293,0.4180602006688964,0.12089826410796145,0.1855796667423113,0.3791946308724832,21.0,10.0,10.0,32.0,11.0,11.0,38.0,11.0,11.0,0.00179572389131248,0.0006641981928810989,0.0006243039440733266,-0.02604708850611459,-0.02529909464437008,-0.026178991130080043
442,0,3.4502962177018244,1.4994953504504984,2.0958901089403588,6.166486857169218,2.679949136975359,3.7458461521487267,31.509724664700475,24.47540578374705,27.635265398888674,56.315252592230635,43.743278422016004,49.39068709588614,3.3961840945871633,1.4760127886391305,2.0741010174191366,5.805442896730194,2.523098783998514,3.545471824648097,29.849977754252574,23.027850714116042,26.09875041400144,51.025602998722356,39.36384737455734,44.61324857094264,3.4502962177018244,1.4994953504504984,2.0958901089403588,6.166486857169218,2.679949136975359,3.7458461521487267,31.509724664700475,24.47540578374705,27.635265398888674,56.315252592230635,43.743278422016004,49.39068709588614,0.7386934673366834,-0.0013065326633165952,-0.0013065326633165952,0.592964824120603,-0.0020351758793969443,-0.0020351758793969443,0.4723618090452262,-0.0026381909547738003,-0.0026381909547738003,0.42629482071713143,0.0942868684308491,0.1507981319754096,0.43999999999999995,0.42713567839195976,0.09881487638694719,0.15000713081266093,0.43939393939393945,0.42629482071713143,0.0942868684308491,0.1507981319754096,0.43999999999999995,19.0,4.0,4.0,32.0,10.0,10.0,36.0,5.0,5.0,-0.00022471703785761915,-0.00013516856780017335,-0.0002528888646671239,-5.164627325804361e-05,-0.00011782167916685182,0.0001279129611404528
126,1,3.8203474207212462,1.7899676379518978,2.447685068988439,5.654870687107191,2.6495065532060273,3.6230585922155605,45.620054920354555,38.00307631359298,41.67421297764258,67.52671495636639,56.25207830576385,61.686087526312534,3.6347613688090337,1.6358613368253307,2.270316372449681,5.306220976363552,2.3881187398909938,3.3143304707294616,37.892809411917206,30.51187656988557,33.97925899750746,55.31796994440467,44.54288550348257,49.604757660594814,3.8203474207212462,1.7899676379518978,2.447685068988439,5.654870687107191,2.6495065532060273,3.6230585922155605,45.620054920354555,38.00307631359298,41.67421297764258,67.52671495636639,56.25207830576385,61.686087526312534,0.6984924623115578,-0.0015075376884421399,-0.0015075376884421399,0.5728643216080402,-0.0021356783919597166,-0.0021356783919597166,0.5025125628140703,-0.0024874371859296973,-0.0024874371859296973,0.4261744966442953,0.11126662394747788,0.1873352109300096,0.43434343434343436,0.40703517587939697,0.09876449918766761,0.1666345080997642,0.398989898989899,0.4261744966442953,0.11126662394747788,0.1873352109300096,0.43434343434343436,24.0,0.0,0.0,34.0,0.0,0.0,42.0,0.0,0.0,-0.00044460044291245684,-5.2594503794270534e-05,-4.890095310865963e-05,0.0005109839999661858,0.00010751935559483172,-3.6801216390713876e-05
126,0,3.4143842825871458,1.4629465163563835,2.049018721004197,5.463014852139433,2.3407144261702135,3.278429953606715,30.398226946626984,23.35942648815267,26.481072195045748,48.637163114603176,37.37508238104427,42.3697155120732,3.5355806853903,1.5302697845634992,2.1224291449684176,5.356940432409545,2.3185905826719684,3.2158017348006327,34.31493511141558,26.886532076987546,30.20605077599844,51.99232592638724,40.73716981361749,45.76674359999763,3.4143842825871458,1.4629465163563835,2.049018721004197,5.463014852139433,2.3407144261702135,3.278429953606715,30.398226946626984,23.35942648815267,26.481072195045748,48.637163114603176,37.37508238104427,42.3697155120732,0.778894472361809,-0.0011055276381910506,-0.0011055276381910506,0.6281407035175879,-0.0018592964824121205,-0.0018592964824121205,0.507537688442211,-0.0024623115577889765,-0.0024623115577889765,0.4296577946768061,0.09189688386086681,0.1578499564972865,0.41984732824427484,0.4522613065326633,0.11642170753516956,0.18014110619877344,0.43939393939393945,0.4296577946768061,0.09189688386086681,0.1578499564972865,0.41984732824427484,25.0,0.0,0.0,36.0,0.0,0.0,48.0,0.0,0.0,0.0005644290955644271,0.0006087771591493761,9.742407871394235e-05,-0.00013480533558407615,-0.00018378111340844328,8.585827751517172e-05
226,1,3.436623420579578,1.5736659116725646,2.1614558986570316,5.768617884544292,2.6415106374503767,3.6281581156028753,31.081830512994053,24.639067361371083,27.50252954173362,52.17307264681145,41.35843449944432,46.164960302195716,3.6377002486032457,1.5979968507806865,2.2152313196627387,5.774127378735311,2.5365029377471218,3.5162401899408553,38.004335624639246,30.316007138945515,33.85698830848253,60.324342261332134,48.12064625229446,53.741251283305594,3.436623420579578,1.5736659116725646,2.1614558986570316,5.768617884544292,2.6415106374503767,3.6281581156028753,31.081830512994053,24.639067361371083,27.50252954173362,52.17307264681145,41.35843449944432,46.164960302195716,0.7236180904522613,-0.0013819095477386467,-0.0013819095477386467,0.592964824120603,-0.0020351758793969443,-0.0020351758793969443,0.48743718592964824,-0.002562814070351749,-0.002562814070351749,0.43060498220640564,0.12509876551013566,0.19628545557918675,0.4035714285714286,0.42713567839195976,0.1138524703719096,0.178387765203312,0.4040404040404041,0.43060498220640564,0.12509876551013566,0.19628545557918675,0.4035714285714286,28.0,10.0,10.0,39.0,10.0,10.0,50.0,12.0,12.0,0.0008230747065978146,0.00030862277877992226,7.997405355536765e-05,-0.00025954392907312496,0.0001733692814402943,2.277625207813827e-05
226,0,4.014641557421003,1.8267243287921957,2.5104751563575936,6.290457472137367,2.862255954668026,3.933610754547567,55.4034328935504,46.48681041817636,50.9030323564338,86.81047447014905,72.83920613293876,79.75889146294723,4.043484560808345,1.8235820194039651,2.531071127927631,6.1264917588005225,2.7630030597029775,3.834956254435805,57.02470305094902,47.818269474877354,52.48703410175156,86.40106522871064,72.45192344678387,79.52580924507811,4.014641557421003,1.8267243287921957,2.5104751563575936,6.290457472137367,2.862255954668026,3.933610754547567,55.4034328935504,46.48681041817636,50.9030323564338,86.81047447014905,72.83920613293876,79.75889146294723,0.7939698492462312,-0.001030150753768888,-0.001030150753768888,0.6733668341708543,-0.001633165829145744,-0.001633165829145744,0.5226130653266332,-0.002386934673366814,-0.002386934673366814,0.42040816326530617,0.0925059229394406,0.17481793260044864,0.44672131147540983,0.4170854271356784,0.07372703114570345,0.15832081945621268,0.4494949494949495,0.42040816326530617,0.0925059229394406,0.17481793260044864,0.44672131147540983,23.0,0.0,0.0,34.0,0.0,0.0,44.0,1.0,1.0,-0.00010028197731779586,-3.8120370538317674e-05,6.738281199645933e-05,-1.0066742095027337e-05,-8.484196204427974e-05,-0.00010243434826673337
135,1,3.414446465054849,1.3646994536648602,1.733943217750919,6.070127048986398,2.4261323620708626,3.082565720446078,30.400117242163343,22.634181077795716,25.031860389916247,54.04465287495705,40.23854413830349,44.50108513762888,3.49442250524933,1.3723911216034668,1.9562796665085433,5.417709310464078,2.127738173028631,3.032991731020998,32.93126482808476,24.583186403007147,28.275329414217754,51.05622453966629,38.11346729148395,43.83772002204303,3.4108279780001944,1.4448079791934496,2.006202227908294,5.748586479775608,2.435069627854128,3.381239709957798,30.290313592813465,23.148119687491732,26.21631183167468,51.05109032496651,39.013684866559096,44.184795221923615,0.6030150753768844,-0.0019849246231156137,-0.0019849246231156137,0.507537688442211,-0.0024623115577889765,-0.0024623115577889765,0.4321608040201005,-0.002839195979899567,-0.002839195979899567,0.43107769423558895,0.11818658034322349,0.15541787018866815,0.4170854271356784,0.40703517587939697,0.11129582750846967,0.15661781360894622,0.4040404040404041,0.4280936454849499,0.12425391259680296,0.18226494693100104,0.4093959731543624,26.0,0.0,0.0,36.0,0.0,0.0,43.0,0.0,0.0,-0.0002785346412519347,2.4981723845356667e-05,-6.802588195257874e-05,-0.01843182979242286,-0.01729151988744526,-0.018226792433393868
135,0,3.2277030731668535,1.506720052636594,2.053033122097656,5.96337823883876,2.7837571704200488,3.7931038780218893,25.221658083633407,19.631637214093875,21.984583709062075,46.59855121549343,36.270646804088074,40.61785892588908,3.5120217129213724,1.5840014821118238,2.203674663461383,5.619234740674196,2.5344023713789183,3.5258794615382136,33.51595898214996,26.64007488791827,29.81590633147906,53.62553437143994,42.624119820669236,47.7054501303665,3.2255180679436113,1.5075025096100632,2.05476543905178,6.010282114180643,2.809010887472168,3.8287554764940004,25.166608792377886,19.59315151038292,21.942190276322115,46.89430209759855,36.508977969657614,40.8860688378673,0.7386934673366834,-0.0013065326633165952,-0.0013065326633165952,0.6180904522613065,-0.0019095477386934512,-0.0019095477386934512,0.46733668341708545,-0.002663316582914521,-0.002663316582914521,0.39072847682119205,0.08659624541623334,0.14623508475070746,0.34883720930232553,0.40201005025125625,0.07870177957456448,0.1566010352262145,0.3737373737373737,0.3913043478260869,0.08746461493794,0.14770034337669868,0.3489932885906041,26.0,15.0,15.0,37.0,14.0,14.0,47.0,17.0,17.0,0.0012429934767037704,7.377136321254954e-05,0.00015520525795174463,0.0004951882937413998,9.202525539642181e-05,-5.081944426521545e-05
402,1,4.063466178811415,1.928676074237503,2.6176456425929295,7.016419861550145,3.3302605505467446,4.519909867334375,58.17560907350985,49.72033747574913,53.93027490900568,100.4522939281723,85.8525081879395,93.12184114722722,4.135155299201084,1.9310352434263853,2.6535488531562126,6.461180155001693,3.017242567853727,4.146170083056582,62.49929640763085,53.43702264473714,58.09928802509198,97.6551506369232,83.49534788240177,90.78013753920621,4.063466178811415,1.928676074237503,2.6176456425929295,7.016419861550145,3.3302605505467446,4.519909867334375,58.17560907350985,49.72033747574913,53.93027490900568,100.4522939281723,85.8525081879395,93.12184114722722,0.7839195979899498,-0.0010804020100502187,-0.0010804020100502187,0.6683417085427136,-0.0016582914572863539,-0.0016582914572863539,0.5728643216080402,-0.0021356783919597166,-0.0021356783919597166,0.45126353790613716,0.11252479916739844,0.18955885603338807,0.42391304347826086,0.44723618090452266,0.10889031624286849,0.19181047138866292,0.4191919191919192,0.45126353790613716,0.11252479916739844,0.18955885603338807,0.42391304347826086,25.0,1.0,1.0,39.0,1.0,1.0,47.0,-1.0,-1.0,-0.00012252056331666882,0.00044165387995192195,-4.805803755999101e-06,-0.00023182424163081805,0.0001888633816387042,3.6794479953528025e-05
402,0,3.5311926026226352,1.6578425058645547,2.261108901894583,6.512069474966418,3.0573199458800877,4.169837195701698,34.16468822495329,27.65461895468496,30.603537604172132,63.005009453809954,50.999427163185246,56.437692724577175,3.6433861579128246,1.637356117635549,2.2805193488591327,5.876429286956169,2.640896963928305,3.678257014288924,38.221040328187,30.78729331478014,34.313661358232764,61.64683923901129,49.65692470125829,55.344615093923814,3.5311926026226352,1.6578425058645547,2.261108901894583,6.512069474966418,3.0573199458800877,4.169837195701698,34.16468822495329,27.65461895468496,30.603537604172132,63.005009453809954,50.999427163185246,56.437692724577175,0.728643216080402,-0.001356783919598037,-0.001356783919598037,0.6030150753768844,-0.0019849246231156137,-0.0019849246231156137,0.48743718592964824,-0.002562814070351749,-0.002562814070351749,0.42756183745583043,0.13126554115953415,0.19606947552868592,0.4219858156028369,0.44723618090452266,0.1289404415561517,0.2034966149612839,0.4494949494949495,0.42756183745583043,0.13126554115953415,0.19606947552868592,0.4219858156028369,23.0,7.0,7.0,34.0,6.0,6.0,46.0,14.0,14.0,0.00039836021855397884,-4.386002991620409e-05,9.478299095837532e-06,-0.0002734037727947225,0.00016562223134020115,1.5767138139999304e-05
412,1,3.729492468325046,1.6927899609787063,2.339053723362752,5.92056929346601,2.6873040630536957,3.713247785838369,41.65796006357159,33.99266882619091,37.64134812886218,66.13201160091991,53.963361761578064,59.75564015456871,3.882025687538799,1.7022299977886628,2.3863522575529243,5.751149166724146,2.521822218946167,3.5353366778561846,48.52240681971511,39.67790776741464,44.06006620451619,71.88504714031868,58.78208558135501,65.2741721548388,3.729492468325046,1.6927899609787063,2.339053723362752,5.92056929346601,2.6873040630536957,3.713247785838369,41.65796006357159,33.99266882619091,37.64134812886218,66.13201160091991,53.963361761578064,59.75564015456871,0.8391959798994975,-0.0008040201005025116,-0.0008040201005025116,0.6532663316582914,-0.0017336683417086274,-0.0017336683417086274,0.542713567839196,-0.0022864321608039306,-0.0022864321608039306,0.46640316205533594,0.137014601897545,0.21278949582668938,0.4444444444444444,0.4773869346733668,0.14655986700419388,0.20359728525767395,0.46464646464646464,0.46640316205533594,0.137014601897545,0.21278949582668938,0.4444444444444444,29.0,16.0,16.0,43.0,18.0,18.0,50.0,13.0,13.0,0.00034754580069432117,0.00015259789518526283,0.00030244154452223283,-6.550611697964115e-05,-0.000128814918206821,0.00012090384720320202
412,0,3.4940411717371833,1.5728518960009739,2.169730277873744,6.137559163512027,2.762838527843816,3.8113025275808528,32.91870942725812,26.089634131946717,29.15911572420903,57.82431195445999,45.8285020607222,51.22028880502508,3.786986953050048,1.646905309888131,2.2973634776966607,6.4186219543221155,2.7913649320137814,3.8938364028756958,44.123254352305466,35.62312277412909,39.68782919463824,74.78517686831435,60.37817419343912,67.26750710955635,3.4940411717371833,1.5728518960009739,2.169730277873744,6.137559163512027,2.762838527843816,3.8113025275808528,32.91870942725812,26.089634131946717,29.15911572420903,57.82431195445999,45.8285020607222,51.22028880502508,0.7688442211055276,-0.0011557788944723812,-0.0011557788944723812,0.6180904522613065,-0.0019095477386934512,-0.0019095477386934512,0.48743718592964824,-0.002562814070351749,-0.002562814070351749,0.4135338345864662,0.09270831863899898,0.14853383458646618,0.3849056603773585,0.4170854271356784,0.09377715645898665,0.16165971761981868,0.4191919191919192,0.4135338345864662,0.09270831863899898,0.14853383458646618,0.3849056603773585,28.0,8.0,8.0,35.0,6.0,6.0,44.0,5.0,5.0,0.0005551056513997277,0.00043819597825720696,-2.069357073763049e-05,-0.00015559510116602837,0.0002314721571865519,7.534460660885145e-05
273,1,3.515685780959971,1.579288334200149,2.1765242488108143,5.654947411827123,2.5402703866143903,3.5009187209645645,33.63898899376226,26.70526219146803,29.82314629152337,54.10799644751383,42.955162298540564,47.97024945947862,3.206462325163223,1.3208478711639022,1.8853365923258072,4.97125941885771,2.0478261568432594,2.9230024687221814,24.691580748994138,18.101178051545226,20.94394290650321,38.28152054107618,28.0638419403802,32.47122931240808,3.4489429607040507,1.524311604108099,2.1102051024208093,5.445699411637975,2.406807795960156,3.3319027932960146,31.467112748240066,24.614490721937216,27.6528863764079,49.68491486564221,38.86498535042719,43.66245217327564,0.6432160804020101,-0.001783919597989958,-0.001783919597989958,0.5477386934673367,-0.002261306532663321,-0.002261306532663321,0.4623115577889447,-0.002688442211055242,-0.002688442211055242,0.4558823529411765,0.13135959229506788,0.20245769540692993,0.4336283185840708,0.4371859296482412,0.12390272162819105,0.18509911829598746,0.36363636363636365,0.4548494983277592,0.13431527462158221,0.2034590645124088,0.42281879194630867,23.0,11.0,11.0,36.0,11.0,11.0,40.0,6.0,6.0,0.00021964577829252773,-0.0001696100281611159,1.902173963593464e-05,0.00034512908460637703,-5.516869649557776e-05,0.0001678595039624753
273,0,3.3709555134481315,1.5881487279650222,2.163588417166433,5.715125726822981,2.692551004308514,3.6681527762304453,29.106325260115735,23.159801626906034,25.761658396489178,49.346930757092764,39.26518091917977,43.67637486761095,3.5440714473101362,1.5968985026030544,2.22232799900015,5.2118697754560825,2.348380150886845,3.268129410294339,34.60753549798245,27.59869034478498,30.857581966465787,50.89343455585654,40.586309330566145,45.3787970095085,3.3709555134481315,1.5881487279650222,2.163588417166433,5.715125726822981,2.692551004308514,3.6681527762304453,29.106325260115735,23.159801626906034,25.761658396489178,49.346930757092764,39.26518091917977,43.67637486761095,0.6934673366834171,-0.0015326633165829717,-0.0015326633165829717,0.5979899497487438,-0.0020100502512562235,-0.0020100502512562235,0.457286432160804,-0.0027135678391959628,-0.0027135678391959628,0.41496598639455784,0.11106106279523698,0.17514698186967093,0.40614334470989766,0.42713567839195976,0.1088399390435888,0.181726663366918,0.4242424242424242,0.41496598639455784,0.11106106279523698,0.17514698186967093,0.40614334470989766,23.0,5.0,5.0,34.0,4.0,4.0,44.0,7.0,7.0,0.00045177130903549246,-4.4186925057189934e-05,0.00013273761528084538,-0.0003496329132595122,0.00012301345579235345,-2.278298851532412e-05
288,1,3.4615314745975483,1.563865584310534,2.1474430132249878,6.453702749249667,2.915681597867098,4.003707312792351,31.86574073702357,25.195433707459543,28.14438345919032,59.410703069026994,46.97453742068728,52.47257933069381,3.616537586528452,1.581175021399428,2.1985338847229805,6.129724722929581,2.6799576633888615,3.726328618174544,37.20851327326466,29.553486204988467,33.07964352092194,63.06527673434688,50.090654584726224,56.06719240834228,3.5532391470012854,1.5979932997052473,2.2075924827828284,6.460434812729609,2.905442363100449,4.013804514150596,34.92626576983651,27.86060988725161,31.085596408647902,63.502301399702745,50.655654340457474,56.51926619754163,0.6984924623115578,-0.0015075376884421399,-0.0015075376884421399,0.592964824120603,-0.0020351758793969443,-0.0020351758793969443,0.48743718592964824,-0.002562814070351749,-0.002562814070351749,0.4285714285714286,0.10383698244092787,0.17073523039144878,0.41158536585365857,0.4170854271356784,0.09628342212314711,0.15832081945621268,0.41414141414141414,0.4347826086956522,0.10757058866226321,0.17783043961890022,0.42281879194630867,26.0,1.0,1.0,38.0,4.0,4.0,49.0,4.0,4.0,0.0006339834118811028,0.0005725597704275456,0.0001447960415164509,0.00038856727672431646,-1.255992094950642e-05,-0.00014544248242298607
288,0,4.066734178798405,1.872464318375255,2.56381934471347,6.605205194863651,3.0412637018196818,4.16416517771933,58.36603795451667,49.392591158815144,53.87126644681378,94.7983419006481,80.22363532164243,87.49791684036633,4.137925536189247,1.8627367280349043,2.5625412835327657,6.269584145741283,2.822328375810461,3.882638308382978,62.67267430833195,52.942918411933846,57.840076108246706,94.95859743686658,80.21654304838461,87.63647895188893,4.066734178798405,1.872464318375255,2.56381934471347,6.605205194863651,3.0412637018196818,4.16416517771933,58.36603795451667,49.392591158815144,53.87126644681378,94.7983419006481,80.22363532164243,87.49791684036633,0.8442211055276382,-0.0007788944723617908,-0.0007788944723617908,0.7085427135678393,-0.0014572864321606982,-0.0014572864321606982,0.5829145728643217,-0.002085427135678275,-0.002085427135678275,0.44881889763779526,0.09911359311913126,0.1752586882137115,0.44664031620553357,0.4623115577889447,0.10391556781400735,0.1768357648006309,0.46464646464646464,0.44881889763779526,0.09911359311913126,0.1752586882137115,0.44664031620553357,28.0,11.0,11.0,39.0,8.0,8.0,49.0,9.0,9.0,-0.0001788940615760473,-3.823165365873943e-05,7.850990574989612e-05,-7.243603883999583e-05,-0.00013431153772813786,0.00011739929023413254
27,1,3.7702580698438592,1.69864420123019,2.343188125901478,5.771993024451681,2.600501689512198,3.58725192470484,43.3912613670918,35.45363830000357,39.22478807801163,66.42888982487766,54.27696172732506,60.05031989262606,3.7324885710998994,1.5562032976507356,2.2294000920498855,5.257026156478732,2.191835630493994,3.1400001296477265,41.78295875426923,32.96945314384636,37.287406684356455,58.849237682069344,46.435849498375156,52.517474203318955,3.7702580698438592,1.69864420123019,2.343188125901478,5.771993024451681,2.600501689512198,3.58725192470484,43.3912613670918,35.45363830000357,39.22478807801163,66.42888982487766,54.27696172732506,60.05031989262606,0.7537688442211055,-0.0012311557788945438,-0.0012311557788945438,0.6331658291457287,-0.0018341708542712887,-0.0018341708542712887,0.5477386934673367,-0.002261306532663321,-0.002261306532663321,0.43243243243243246,0.09516430427054379,0.16838748861220776,0.4338983050847458,0.4321608040201005,0.08378987670180471,0.16171005276801365,0.4292929292929293,0.43243243243243246,0.09516430427054379,0.16838748861220776,0.4338983050847458,26.0,0.0,0.0,37.0,0.0,0.0,45.0,0.0,0.0,-0.00022809577658641875,4.4475660669409334e-05,-6.334422781108576e-05,-0.00036349275698022154,0.0001152664056931485,-2.979210245257491e-05
27,0,3.518676024857567,1.6370542147714142,2.2423031668709834,6.800802400985213,3.164054364684246,4.33386326370022,33.739728317832814,27.17558629195839,30.156110484915796,65.21123960589536,52.52424241302882,58.28491942462718,3.485834322982098,1.6017098906907947,2.1971070452757164,6.5770458924190525,3.022094133378858,4.145484991086256,32.6496561078389,26.069065941216344,29.021490139537516,61.60312473177151,49.18691687021951,54.75752856516512,3.518676024857567,1.6370542147714142,2.2423031668709834,6.800802400985213,3.164054364684246,4.33386326370022,33.739728317832814,27.17558629195839,30.156110484915796,65.21123960589536,52.52424241302882,58.28491942462718,0.7688442211055276,-0.0011557788944723812,-0.0011557788944723812,0.6030150753768844,-0.0019849246231156137,-0.0019849246231156137,0.44723618090452266,-0.0027638190954772934,-0.0027638190954772934,0.4279475982532751,0.11422210805719668,0.17685906414587305,0.4035087719298246,0.42713567839195976,0.10633367337942845,0.16837107071249402,0.398989898989899,0.4279475982532751,0.11422210805719668,0.17685906414587305,0.4035087719298246,24.0,3.0,3.0,39.0,8.0,8.0,46.0,5.0,5.0,7.6183208581828385e-06,3.1048655445687375e-05,8.328391787864438e-05,0.00010081200767153575,3.1039502799146135e-06,-2.9945133013242753e-05
95,1,3.296784045318963,1.4736780140613976,2.019779390481614,7.017440325036079,3.1368289156449753,4.299244702596579,27.025585956826774,20.834527719546433,23.439703290066465,57.52589010810271,44.34778043160598,49.89308271742719,3.6509327529063778,1.5733761711821201,2.168728280624083,6.888552363974298,2.9686342852492835,4.091940152120911,38.51057014783439,30.525635624108546,34.10792965788168,72.6614531091215,57.595538913412355,64.35458426015411,3.296784045318963,1.4736780140613976,2.019779390481614,7.017440325036079,3.1368289156449753,4.299244702596579,27.025585956826774,20.834527719546433,23.439703290066465,57.52589010810271,44.34778043160598,49.89308271742719,0.7185929648241206,-0.0014070351758793676,-0.0014070351758793676,0.5778894472361809,-0.002110552763819218,-0.002110552763819218,0.5025125628140703,-0.0024874371859296973,-0.0024874371859296973,0.42760942760942766,0.12004640239934361,0.18124884530259677,0.3682432432432432,0.4321608040201005,0.12138386166421078,0.18174344174964974,0.398989898989899,0.42760942760942766,0.12004640239934361,0.18124884530259677,0.3682432432432432,25.0,6.0,6.0,35.0,6.0,6.0,46.0,4.0,4.0,0.001986489835356515,0.0005183443215205003,0.00022423103441026799,0.0005149329265217162,0.00011139288064487829,-3.329665942342075e-05
95,0,3.611288697599507,1.6485530228458558,2.259816990160769,5.823985818672038,2.6586490946473633,3.644444741357541,37.01372158706727,29.894946482464274,33.15061487502939,59.692649264692314,48.21208132143083,53.46255231290868,4.161273361450464,1.9065937165359657,2.607231139941705,6.304959638561308,2.8887783583878264,3.950350212032886,64.15316077330833,54.62092165362638,59.42260724102881,97.20175874743686,82.75897220246421,90.03425339549818,3.611288697599507,1.6485530228458558,2.259816990160769,5.823985818672038,2.6586490946473633,3.644444741357541,37.01372158706727,29.894946482464274,33.15061487502939,59.692649264692314,48.21208132143083,53.46255231290868,0.7989949748743719,-0.0010050251256281673,-0.0010050251256281673,0.6984924623115578,-0.0015075376884421399,-0.0015075376884421399,0.6030150753768844,-0.0019849246231156137,-0.0019849246231156137,0.4676258992805755,0.14446611472043192,0.2236067605245946,0.36101083032490977,0.4773869346733668,0.13152227301923147,0.20860563250308295,0.41414141414141414,0.4676258992805755,0.14446611472043192,0.2236067605245946,0.36101083032490977,30.0,0.0,0.0,41.0,1.0,1.0,50.0,2.0,2.0,0.0018423884175334435,0.0012437680822383397,0.00019412093751149765,-0.00023875416349117273,0.00018498985658865763,3.328992298534672e-05
267,1,3.8918908661331875,1.785779698505849,2.456940814825509,6.45094239454953,2.959991007112435,4.072463542382009,49.00345795511458,40.78723040983478,44.804022707864355,81.22490976121732,67.60623122726038,74.26420202262449,3.8568395346253364,1.748734623559697,2.425274056255867,6.271283796138758,2.843470932617393,3.9435350508225477,47.31557557463194,39.08295063893303,43.130329596422094,76.93589524330397,63.54951323403745,70.13061722995462,3.8918908661331875,1.785779698505849,2.456940814825509,6.45094239454953,2.959991007112435,4.072463542382009,49.00345795511458,40.78723040983478,44.804022707864355,81.22490976121732,67.60623122726038,74.26420202262449,0.7487437185929648,-0.0012562814070351536,-0.0012562814070351536,0.6381909547738693,-0.0018090452261306789,-0.0018090452261306789,0.5577889447236181,-0.00221105527638199,-0.00221105527638199,0.46058091286307057,0.12931797290447844,0.19989125769065674,0.4291666666666667,0.457286432160804,0.1314718958199519,0.20519962080855025,0.41414141414141414,0.46058091286307057,0.12931797290447844,0.19989125769065674,0.4291666666666667,26.0,13.0,13.0,37.0,11.0,11.0,46.0,11.0,11.0,-1.3735864568016117e-05,0.00018521115429769684,0.00019326951059128798,1.765294534639139e-05,-6.285548396256502e-05,-8.431204445269458e-05
267,0,3.893519335127405,1.813166942921968,2.478062059233614,6.086421029624449,2.8343759107745705,3.8737521845490983,49.08332357870006,41.07603345489272,44.96495431225197,76.72795410003688,64.21081091799323,70.29004352260078,4.190794238493071,1.9604405813275054,2.6711020535640113,5.9025270964691146,2.761183917362684,3.7621155684000165,66.07524963200115,56.77209400658829,61.50443162009457,93.06373187605796,79.96069578392718,86.62596002830222,3.893519335127405,1.813166942921968,2.478062059233614,6.086421029624449,2.8343759107745705,3.8737521845490983,49.08332357870006,41.07603345489272,44.96495431225197,76.72795410003688,64.21081091799323,70.29004352260078,0.8140703517587939,-0.0009296482412060048,-0.0009296482412060048,0.6733668341708543,-0.001633165829145744,-0.001633165829145744,0.5728643216080402,-0.0021356783919597166,-0.0021356783919597166,0.4391143911439115,0.12051402281978629,0.1937156181377765,0.43333333333333335,0.4522613065326633,0.1189279731993299,0.19683559701680353,0.4696969696969697,0.4391143911439115,0.12051402281978629,0.1937156181377765,0.43333333333333335,28.0,1.0,1.0,40.0,2.0,2.0,49.0,1.0,1.0,0.0007703169159116488,0.0005251027196232928,7.690530497317986e-05,-0.00019024471046957814,0.00021210453193631906,5.782182176528039e-05
199,1,3.820201461408794,1.7711379570372658,2.4205335576428326,6.3415344259385975,2.9400890086818614,4.018085705687103,45.61339673442828,37.85276682829496,41.55954326062586,75.71823857915093,62.835592934969625,68.98884181263892,3.8522765684367424,1.7455925696595869,2.4162000129299295,6.01918213818241,2.7274883900931046,3.775312520203015,47.10016802551655,38.87923262088932,42.89599943125923,73.59401253986961,60.748800970139555,67.02499911134254,3.772801800715086,1.7545947310856653,2.3861394180121476,6.28800300119181,2.924324551809442,3.9768990300202454,43.50177756030711,35.976956209252975,39.50030520306191,72.50296260051185,59.96159368208829,65.8338420051032,0.7437185929648241,-0.0012814070351758744,-0.0012814070351758744,0.6130653266331658,-0.001934673366834172,-0.001934673366834172,0.49246231155778897,-0.002537688442211028,-0.002537688442211028,0.4169184290030211,0.09715975630317197,0.16867722297287036,0.40303030303030307,0.40703517587939697,0.09124570219518646,0.1683039571815672,0.38888888888888884,0.4247491638795987,0.1108927365006338,0.17892046532564987,0.40268456375838924,24.0,8.0,8.0,37.0,9.0,9.0,44.0,6.0,6.0,0.0007073799665018072,-2.6085984853115217e-05,9.717070511876997e-05,0.0003806694236105912,-2.030697104693502e-05,0.00019008678427478998
199,0,3.507352557381973,1.5720721281940904,1.9325970806652966,5.850379060878947,2.6222678531762087,3.2236352943884254,33.359832529598364,26.433846497888076,28.53027199588223,55.645294424371045,44.09252264196905,47.58942910788553,3.9140274033474562,1.763137182074364,2.454629238773443,5.3252073514931375,2.398826098060359,3.3396316173788336,50.10032040338205,41.507816179898825,45.79695157435835,68.16370122909123,56.47321929237937,62.30877765218825,3.710860236033947,1.6902301034590788,2.32477331065041,5.484029905468887,2.4978770001858304,3.4356255822419848,40.888965563855734,33.3458889891685,36.88979522074793,60.42704270520552,49.27963890024902,54.51693874987379,0.7638190954773869,-0.001180904522613102,-0.001180904522613102,0.6281407035175879,-0.0018592964824121205,-0.0018592964824121205,0.5527638190954773,-0.0022361809045226,-0.0022361809045226,0.4433497536945813,0.12354655566260098,0.1618248270083643,0.4,0.4170854271356784,0.09377715645898665,0.16499861578342467,0.41414141414141414,0.4347826086956522,0.10924003774406621,0.18227982782802155,0.41946308724832215,28.0,5.0,5.0,40.0,6.0,6.0,48.0,6.0,6.0,0.00024004769691362348,0.0007574538837687501,0.00011570644669485387,-0.0022532645883863722,-0.0031306539358046948,-0.0027872742085257585
196,1,3.8862800228503325,1.8218315396341,2.4743159595193083,6.063533288664073,2.8424961973809153,3.8605291175632583,48.729277144293775,40.84832692175634,44.6252691190676,76.02941433959089,63.73323296828247,69.62617290264161,3.8779677673799906,1.7587976382302117,2.436315765737964,5.788011593104463,2.625071101836137,3.636292187668603,48.32590572943912,40.001679141927724,44.09823155347922,72.12821750662555,59.7039987192951,65.81825604996898,3.8862800228503325,1.8218315396341,2.4743159595193083,6.063533288664073,2.8424961973809153,3.8605291175632583,48.729277144293775,40.84832692175634,44.6252691190676,76.02941433959089,63.73323296828247,69.62617290264161,0.7688442211055276,-0.0011557788944723812,-0.0011557788944723812,0.6482412060301508,-0.0017587939698492372,-0.0017587939698492372,0.542713567839196,-0.0022864321608039306,-0.0022864321608039306,0.4651162790697675,0.1420988709459764,0.21382761927595306,0.4708171206225681,0.46733668341708545,0.14152214707623334,0.2152498720648317,0.46464646464646464,0.4651162790697675,0.1420988709459764,0.21382761927595306,0.4708171206225681,22.0,9.0,9.0,35.0,7.0,7.0,44.0,9.0,9.0,0.0004405122972875771,-0.0001404686799303986,-9.073308945898052e-05,-0.00010015572628230274,-0.00015629801580718805,0.00010338106235963096
196,0,3.4850500115326475,1.6384758314787053,2.2283082337977325,5.501680074385809,2.5865826328399786,3.5177225488604655,32.6240586482354,26.285989444596908,29.11010507500209,51.50202516940532,41.496421538942315,45.954716438626896,3.611424641393537,1.6316383472475464,2.252980701369392,5.51362540670769,2.491050911828315,3.439665192930369,37.018753714846504,29.777558380883555,33.128618408981545,56.517181244040465,45.46192119218864,50.57804337249091,3.4850500115326475,1.6384758314787053,2.2283082337977325,5.501680074385809,2.5865826328399786,3.5177225488604655,32.6240586482354,26.285989444596908,29.11010507500209,51.50202516940532,41.496421538942315,45.954716438626896,0.7738693467336684,-0.0011306532663316604,-0.0011306532663316604,0.6331658291457287,-0.0018341708542712887,-0.0018341708542712887,0.5326633165829145,-0.0023366834170853723,-0.0023366834170853723,0.46071428571428574,0.13451107715813604,0.20299457074991523,0.42652329749103945,0.4623115577889447,0.12145942746313021,0.1918608065368579,0.43434343434343436,0.46071428571428574,0.13451107715813604,0.20299457074991523,0.42652329749103945,28.0,0.0,0.0,36.0,-1.0,-1.0,48.0,0.0,0.0,0.0008363653969438408,0.00015817786604112254,0.00010150688405149687,-0.008633412149855246,-0.0066629806085511945,-0.00748099003456737
237,1,3.428991508219955,1.5670892225439788,2.1447214476456047,5.86594773733225,2.6808067203268062,3.668957445028959,30.845519605623906,24.409551421616243,27.233489174324877,52.76717819326856,41.757220042010175,46.5881072667696,3.75283614355116,1.6911992591414777,2.328878809612256,6.004537829681857,2.7059188146263646,3.72620609537961,42.641849067984786,34.78302579505866,38.48832422316079,68.22695850877565,55.65284127209386,61.581318757057254,3.428991508219955,1.5670892225439788,2.1447214476456047,5.86594773733225,2.6808067203268062,3.668957445028959,30.845519605623906,24.409551421616243,27.233489174324877,52.76717819326856,41.757220042010175,46.5881072667696,0.7638190954773869,-0.001180904522613102,-0.001180904522613102,0.6381909547738693,-0.0018090452261306789,-0.0018090452261306789,0.5326633165829145,-0.0023366834170853723,-0.0023366834170853723,0.4391143911439115,0.1223556434459373,0.18880764267765382,0.38148148148148153,0.4371859296482412,0.1063588619790683,0.18509911829598746,0.41414141414141414,0.4391143911439115,0.1223556434459373,0.18880764267765382,0.38148148148148153,27.0,9.0,9.0,38.0,7.0,7.0,46.0,8.0,8.0,0.0010883360787049719,0.0006279747563035348,0.00011339613780948507,-0.00954130279359422,-0.007527677379412623,-0.00831857914976819
237,0,3.5644279151943556,1.658723899859205,2.2728960438226817,5.830827167630073,2.713403836185867,3.71809006012612,35.319242021810965,28.595102162576683,31.680886239753903,57.77656353856938,46.77695902895492,51.8248023459558,3.516582093646179,1.562023193819307,2.1797000791407255,5.626531349833886,2.499237110110891,3.487520126625161,33.66915356277206,26.608349747865088,29.86199923488499,53.8706457004353,42.57335959658414,47.779198775815985,3.5644279151943556,1.658723899859205,2.2728960438226817,5.830827167630073,2.713403836185867,3.71809006012612,35.319242021810965,28.595102162576683,31.680886239753903,57.77656353856938,46.77695902895492,51.8248023459558,0.7336683417085428,-0.001331658291457205,-0.001331658291457205,0.6080402010050252,-0.001959798994974782,-0.001959798994974782,0.507537688442211,-0.0024623115577889765,-0.0024623115577889765,0.46808510638297873,0.13534174355112027,0.22280208751505426,0.4733096085409253,0.4522613065326633,0.13145930152013197,0.2151995369166365,0.45959595959595956,0.46808510638297873,0.13534174355112027,0.22280208751505426,0.4733096085409253,26.0,13.0,13.0,37.0,11.0,11.0,46.0,13.0,13.0,0.00018288506089021245,-2.892068617125322e-07,1.8021113261706175e-05,-0.00026647385093347964,0.00016949575638847136,1.9271695109068787e-05
144,1,2.9528266981508606,1.327741985599738,1.8412749254944574,5.819815410890358,2.6168868204552975,3.6290244171082615,19.160036894687604,14.081187633452782,16.120966210610206,37.76309597266917,27.753038417095887,31.773299682539882,2.874747880140142,1.2532696401461405,1.7624260378462353,5.528361307961811,2.4101339233579626,3.389280842011991,17.720955753322055,12.660390232847481,14.679543871857808,34.07876106408087,24.346904293937463,28.229892061265012,3.0168190863618882,1.3695461066860604,1.8878425561870982,5.876920298107574,2.6679469610767406,3.6776153691956455,20.426214212792612,15.233414581799686,17.333724402902618,39.79132638855704,29.675482951557832,33.76699559007004,0.6683417085427136,-0.0016582914572863539,-0.0016582914572863539,0.49246231155778897,-0.002537688442211028,-0.002537688442211028,0.3869346733668342,-0.0030653266331658324,-0.0030653266331658324,0.4023668639053254,0.11137720363944648,0.17008339933839622,0.41839762611275966,0.40201005025125625,0.11629576453697055,0.16494828063522948,0.4191919191919192,0.4013377926421404,0.1108536524084176,0.16885725871555535,0.4295302013422819,16.0,2.0,2.0,23.0,1.0,1.0,33.0,2.0,2.0,-0.0004190357860813366,-7.470158550000158e-05,-9.833095477340603e-06,0.0003530269377165496,-4.742164639548463e-05,0.0001727988995874341
144,0,3.3502118445359743,1.4708173537850995,2.0431516755513734,5.98907733851979,2.6293378721774725,3.6524834747870445,28.50877243176958,21.959234576235858,24.81347824416943,50.96431236090316,39.25589194792849,44.358341244713856,3.4924287885876755,1.5603245254971259,2.1641438005664617,6.073789197543784,2.713607870429784,3.7637283488112376,32.86567462257667,25.96165177506661,29.09111021235996,57.15769499578552,45.15069873924628,50.59323515193037,3.3502118445359743,1.4708173537850995,2.0431516755513734,5.98907733851979,2.6293378721774725,3.6524834747870445,28.50877243176958,21.959234576235858,24.81347824416943,50.96431236090316,39.25589194792849,44.358341244713856,0.7939698492462312,-0.001030150753768888,-0.001030150753768888,0.6080402010050252,-0.001959798994974782,-0.001959798994974782,0.49246231155778897,-0.002537688442211028,-0.002537688442211028,0.4307692307692308,0.11407057433928836,0.1622270312807398,0.4092664092664092,0.42211055276381915,0.09128348509464623,0.1466514542663233,0.4242424242424242,0.4307692307692308,0.11407057433928836,0.1622270312807398,0.4092664092664092,24.0,8.0,8.0,38.0,8.0,8.0,45.0,7.0,7.0,0.000280535907296921,0.00032305943180554255,3.626500631486441e-05,-0.004789544611566221,-0.00541178442327972,-0.004091828537344355
243,1,3.6591314289382177,1.675471925519872,2.2830230468334394,6.389549297232217,2.9256971694357152,3.986598619851284,38.82760368805266,31.558307303685183,34.86814079854413,67.80048562786861,55.10689194146042,60.88649966852377,3.4978489528349295,1.5247987077883138,2.132071540445768,6.190883102362708,2.698758774846574,3.773577947691625,33.04429561739637,25.85171341669922,29.125527250211,58.48547896884314,45.75524498530835,51.54960575258584,3.659497781740782,1.6667165805371178,2.2829484911091416,6.237780309785424,2.8409941713700873,3.8913894734814916,38.841830895410155,31.505922842427598,34.880621860034836,66.20766629899458,53.70327757231977,59.4556054432412,0.7035175879396984,-0.001482412060301641,-0.001482412060301641,0.5728643216080402,-0.0021356783919597166,-0.0021356783919597166,0.4623115577889447,-0.002688442211055242,-0.002688442211055242,0.4285714285714286,0.11461794019933558,0.18419215193408744,0.4122807017543859,0.4170854271356784,0.10458542713567842,0.17249308104582817,0.3737373737373737,0.43143812709030105,0.1181047937569677,0.187264986135806,0.412751677852349,22.0,0.0,0.0,35.0,0.0,0.0,43.0,0.0,0.0,-0.0006053590360878747,0.00013060447877827572,-0.00019224909164265022,-0.0043422467366260875,-0.005311282440077392,-0.004027750075244363
243,0,3.3550143540915798,1.5530374107124536,2.1130622475501646,5.841672051830044,2.704112197475801,3.6792142663226386,28.64601537528361,22.58439627064147,25.18364959639775,49.87776794755264,39.32341938888162,43.84917812078667,3.4659411751445215,1.5138659252765923,2.110775314654789,5.211941616758678,2.2764901131978825,3.1740982175259984,32.00656938926734,24.963280380138674,28.129165377836102,48.13017953273284,37.53876748893033,42.29949680877609,3.3550143540915798,1.5530374107124536,2.1130622475501646,5.841672051830044,2.704112197475801,3.6792142663226386,28.64601537528361,22.58439627064147,25.18364959639775,49.87776794755264,39.32341938888162,43.84917812078667,0.7587939698492463,-0.001206030150753712,-0.001206030150753712,0.6281407035175879,-0.0018592964824121205,-0.0018592964824121205,0.48743718592964824,-0.002562814070351749,-0.002562814070351749,0.41355932203389834,0.0954544150965041,0.16327747310492424,0.3945578231292517,0.4371859296482412,0.09132126799410589,0.17341297472336648,0.41414141414141414,0.41355932203389834,0.0954544150965041,0.16327747310492424,0.3945578231292517,22.0,8.0,8.0,37.0,11.0,11.0,44.0,9.0,9.0,0.0008453458628638147,0.00025132298539392754,0.00011041642414523352,-0.005024194023570239,-0.0033727742913383096,-0.004210266054954559
177,1,3.388979838174932,1.5930895375291914,2.1715378529233726,5.0282146512051975,2.3636600203558107,3.2219012709134813,29.635703630235685,23.610867379864565,26.25716930030697,43.97036462529533,35.03134127555992,38.95764792925979,3.674054682554312,1.6790269441480663,2.307895715926252,5.248649546506161,2.3986099202115234,3.2969938798946457,39.4113829742661,32.058976005152424,35.4911190991084,56.301975677523,45.79853715021775,50.701598713012004,3.388979838174932,1.5930895375291914,2.1715378529233726,5.0282146512051975,2.3636600203558107,3.2219012709134813,29.635703630235685,23.610867379864565,26.25716930030697,43.97036462529533,35.03134127555992,38.95764792925979,0.7487437185929648,-0.0012562814070351536,-0.0012562814070351536,0.6331658291457287,-0.0018341708542712887,-0.0018341708542712887,0.4974874371859297,-0.002512562814070307,-0.002512562814070307,0.42647058823529416,0.1255531570426336,0.19908672515460957,0.3948339483394834,0.4321608040201005,0.10384000201508792,0.18675178899505873,0.43434343434343436,0.42647058823529416,0.1255531570426336,0.19908672515460957,0.3948339483394834,24.0,5.0,5.0,39.0,7.0,7.0,44.0,4.0,4.0,0.00025278978487995325,0.0004861957482854917,0.00011684289955774325,-0.00019717463232815646,0.00020823100688893703,5.431726479621091e-05
177,0,2.9540574633713925,1.3684821630335247,1.8724778956871113,6.227981021502745,2.8851439233381955,3.9477081749836556,19.183632919326353,14.301533675229441,16.234298372128535,40.44447449870715,30.151641060515573,34.22645070811812,2.99061506597241,1.3096599502573447,1.8248845846176693,6.431430249403031,2.8164730113061176,3.924482977672407,19.897917260412726,14.527234114329751,16.689651654765637,42.791219914866076,31.24136368673065,35.89172398874331,2.968615032358712,1.3729752035111866,1.8809036986606047,6.058398025221861,2.80199021124732,3.8385789768583773,19.464942603566964,14.533459235340187,16.497467868171533,39.72437266034074,29.66012088844936,33.668301771778644,0.6482412060301508,-0.0017587939698492372,-0.0017587939698492372,0.5025125628140703,-0.0024874371859296973,-0.0024874371859296973,0.42713567839195976,-0.002864321608040288,-0.002864321608040288,0.40909090909090906,0.1261862192270664,0.17622800586510257,0.3829787234042553,0.42713567839195976,0.14142139267767406,0.185065561530524,0.38383838383838387,0.4147157190635451,0.12757047699342827,0.18112283808467966,0.38590604026845643,23.0,5.0,5.0,35.0,6.0,6.0,42.0,4.0,4.0,-5.5134742764547084e-05,4.8498433228460114e-05,0.0002307942661190781,0.0003846183501678979,-1.6433446000441165e-05,-0.0001489470393902792
257,1,3.348807869095733,1.5410604986684122,2.093382371045987,5.911671034220018,2.7204435333636257,3.6954607162342414,28.468774899790315,22.37207655053843,24.959443629470986,50.25610262922167,39.49356370656274,44.0610586520253,3.304596864997442,1.427921378432806,2.0199280629764984,4.932234126861854,2.1312259379594116,3.014818004442535,27.237558961807416,20.70580513873504,23.62408797708398,40.6530730773245,30.904186774231405,35.25983280161788,3.3767686296864894,1.5399868652182025,2.1189640489492154,5.596854082353297,2.5524644174887334,3.5120951087556054,29.27601645157989,22.999709361913148,25.75832625264201,48.52378417388931,38.12106524074002,42.693358429793385,0.6834170854271358,-0.0015829145728643024,-0.0015829145728643024,0.5728643216080402,-0.0021356783919597166,-0.0021356783919597166,0.4623115577889447,-0.002688442211055242,-0.002688442211055242,0.4231884057971015,0.10191488915455449,0.17880912915976033,0.4593023255813954,0.42211055276381915,0.09880228208712738,0.1683542923297624,0.4797979797979798,0.4247491638795987,0.1025454910916187,0.18225750648249084,0.4697986577181208,27.0,9.0,9.0,36.0,8.0,8.0,45.0,9.0,9.0,-0.0005633676387039424,6.588151617892344e-05,-0.00027935022146266736,-0.002894754678515632,-0.004317989454472482,-0.004032689470869322
257,0,3.6779501422085747,1.710580617236797,2.3212513520460067,5.768574433569238,2.6829106522977133,3.6406994889984734,39.565207841323506,32.413368851767856,35.68185548419658,62.05490493007582,50.83781009382538,55.96417333837149,3.6669676771116015,1.6020146749945687,2.24708505341205,5.514237108438499,2.409044624051983,3.3790752682887977,39.13306168577049,31.248134371714954,34.99642681691304,58.846709301910515,46.98967574693978,52.62620573971886,3.6779501422085747,1.710580617236797,2.3212513520460067,5.768574433569238,2.6829106522977133,3.6406994889984734,39.565207841323506,32.413368851767856,35.68185548419658,62.05490493007582,50.83781009382538,55.96417333837149,0.7336683417085428,-0.001331658291457205,-0.001331658291457205,0.592964824120603,-0.0020351758793969443,-0.0020351758793969443,0.46733668341708545,-0.002663316582914521,-0.002663316582914521,0.4175084175084175,0.0998613586848881,0.16778837271558433,0.41216216216216217,0.39698492462311563,0.08370171660306547,0.1415592151072559,0.38888888888888884,0.4175084175084175,0.0998613586848881,0.16778837271558433,0.41216216216216217,23.0,2.0,2.0,33.0,1.0,1.0,44.0,6.0,6.0,0.0004833879600074915,-7.209532796767444e-05,4.150561418227336e-06,0.0005149329265217162,0.00011139288064487829,-3.329665942342075e-05
149,1,3.2034247647970915,1.3663550607431643,1.9208332960046344,5.380916108188578,2.295119285039171,3.226497758648307,24.61669237848841,18.33857783135213,21.010719985877866,41.349607459290986,30.80401635723854,35.292516577585694,3.4032733152859174,1.452955132964498,2.0111288794527047,5.6721221921431955,2.4215918882741634,3.351881465754507,30.062342695973424,23.03141835542334,26.038873816703532,50.10390449328904,38.385697259038906,43.398123027839226,3.2034247647970915,1.3663550607431643,1.9208332960046344,5.380916108188578,2.295119285039171,3.226497758648307,24.61669237848841,18.33857783135213,21.010719985877866,41.349607459290986,30.80401635723854,35.292516577585694,0.7135678391959799,-0.0014321608040201994,-0.0014321608040201994,0.5628140703517588,-0.0021859296482411583,-0.0021859296482411583,0.4773869346733668,-0.0026130653266331905,-0.0026130653266331905,0.4375,0.1275584795321637,0.18425324675324672,0.4156862745098039,0.44221105527638194,0.13644664424881303,0.1917936930059312,0.4292929292929293,0.4375,0.1275584795321637,0.18425324675324672,0.4156862745098039,21.0,10.0,10.0,32.0,11.0,11.0,43.0,12.0,12.0,0.0005786688529472115,0.0005000268515877887,0.0003355949810055186,-0.01735286392534885,-0.019521521967348576,-0.02052654208803517
149,0,3.460137188434601,1.5704808223049214,2.1466011983420463,6.293269651448167,2.856377871440495,3.9042209714811715,31.821341735291515,25.204247302750595,28.102039832656743,57.876400068885914,45.84128200701619,51.11176372248307,3.737237115601199,1.6145428076022932,2.2510790053376484,6.388439513848204,2.759902235217595,3.847998299722476,41.98183881501261,33.628224410680915,37.5617574236144,71.7638270342096,57.484144291762256,64.20813234805881,3.460137188434601,1.5704808223049214,2.1466011983420463,6.293269651448167,2.856377871440495,3.9042209714811715,31.821341735291515,25.204247302750595,28.102039832656743,57.876400068885914,45.84128200701619,51.11176372248307,0.778894472361809,-0.0011055276381910506,-0.0011055276381910506,0.6281407035175879,-0.0018592964824121205,-0.0018592964824121205,0.4974874371859297,-0.002512562814070307,-0.002512562814070307,0.4222222222222223,0.09689874717601155,0.16483305966064588,0.38661710037174724,0.42211055276381915,0.10130854775128784,0.1566681487571413,0.4040404040404041,0.4222222222222223,0.09689874717601155,0.16483305966064588,0.38661710037174724,26.0,7.0,7.0,35.0,4.0,4.0,47.0,12.0,12.0,0.00015279382556925453,0.000638105872201738,0.00017319949241884308,-0.0001833147886074471,0.00021597805698636563,6.13263787334617e-05
439,1,3.1524366396846193,1.4227477660545516,1.96362298275558,5.406510506402118,2.4400492775339715,3.3676642864875483,23.392995493876768,17.75409626864476,20.10981158028688,40.119593308151345,30.448735051406295,34.48884783976661,3.590530266114815,1.6015838246938796,2.207127981040463,5.610203540804398,2.502474726084187,3.448637470375723,36.25329472423018,28.94546424663294,32.26484631631939,56.64577300660966,45.22728788536397,50.413822369249054,3.2140178062445344,1.452039526874435,2.006782721884817,5.356696343740891,2.420065878124059,3.344637869808029,24.878844061587664,19.054896660947577,21.534618704719442,41.46474010264611,31.758161101579297,35.89103117453241,0.7085427135678393,-0.0014572864321606982,-0.0014572864321606982,0.6231155778894473,-0.0018844221105527303,-0.0018844221105527303,0.5125628140703518,-0.0024371859296482556,-0.0024371859296482556,0.4242424242424242,0.12469628203364957,0.18432306940371457,0.3708206686930091,0.42713567839195976,0.10132114205110765,0.16837107071249402,0.41414141414141414,0.4280936454849499,0.12592336167860596,0.1956131115583648,0.37248322147651003,28.0,16.0,16.0,40.0,17.0,17.0,49.0,15.0,15.0,0.0012999032869071138,0.00011382266286550109,0.0006051802138454418,-0.00428301283828425,-0.0042545286833552964,-0.004332925548859556
439,0,3.7835818036562867,1.73589088590075,2.375140932797506,5.9426909850905805,2.7264807936158517,3.7305202694482564,43.97326359489435,36.2232785183553,39.883689338445535,69.0667020593721,56.8941711511124,62.64340336310196,4.217447719382282,1.9877445404028813,2.719816980130443,6.1568579844996805,2.9018168473034756,3.970535737416704,67.86006514740905,58.5629590540354,63.38898179825017,99.06578853636356,85.49337088180349,92.53865955948929,3.7835818036562867,1.73589088590075,2.375140932797506,5.9426909850905805,2.7264807936158517,3.7305202694482564,43.97326359489435,36.2232785183553,39.883689338445535,69.0667020593721,56.8941711511124,62.64340336310196,0.7587939698492463,-0.001206030150753712,-0.001206030150753712,0.6683417085427136,-0.0016582914572863539,-0.0016582914572863539,0.5829145728643217,-0.002085427135678275,-0.002085427135678275,0.45486111111111116,0.13770339880608518,0.21583108801642292,0.3972125435540069,0.457286432160804,0.1264593644916311,0.21354686621756525,0.43434343434343436,0.45486111111111116,0.13770339880608518,0.21583108801642292,0.3972125435540069,28.0,4.0,4.0,41.0,7.0,7.0,51.0,5.0,5.0,0.0014684575958566987,0.0001774848269476813,0.00018543936986877685,-0.0003080533820964959,0.0001462546060908565,-1.7556467044599344e-06
53,1,3.1941669193678948,1.4124164011897118,1.9431250848089752,5.154223892616376,2.2791264655561263,3.135497295941756,24.389846517629127,18.449600686808772,20.895865305351006,39.3563432443561,29.770946562805072,33.71832810636185,3.11803702912738,1.2938051460879292,1.8399589172654773,4.6193141172257475,1.9167483645747097,2.7258650626155214,22.60196906216446,16.403936685749102,19.012235037702634,33.484398610614015,24.302128423332004,28.166274129929825,3.1941669193678948,1.4124164011897118,1.9431250848089752,5.154223892616376,2.2791264655561263,3.135497295941756,24.389846517629127,18.449600686808772,20.895865305351006,39.3563432443561,29.770946562805072,33.71832810636185,0.6180904522613065,-0.0019095477386934512,-0.0019095477386934512,0.5226130653266332,-0.002386934673366814,-0.002386934673366814,0.40703517587939697,-0.00296482412060306,-0.00296482412060306,0.4134275618374559,0.10125824966814367,0.16665905419938298,0.4113475177304965,0.39698492462311563,0.09122051359554673,0.15992315500708887,0.3787878787878788,0.4134275618374559,0.10125824966814367,0.16665905419938298,0.4113475177304965,24.0,6.0,6.0,34.0,4.0,4.0,43.0,6.0,6.0,0.00017862175798015722,0.00039760060929379447,9.285827353354183e-05,-0.007840935935274906,-0.008328119892341057,-0.009031637341340826
53,0,3.618820830722528,1.6566605831490844,2.275970314563821,6.068484162288547,2.7780923625115412,3.8166271428839456,37.293566456809835,30.178886510546103,33.46362117575858,62.538442212188805,50.60767122537732,56.11591858704132,3.717163981504776,1.6253615320513313,2.276979055154926,5.632066638643599,2.462668987956562,3.449968265386251,41.14753331174115,33.04803235538948,36.92605690469972,62.344747442032045,50.072776296044665,55.94857106772685,3.6015683013858606,1.6618445281125773,2.2727718921247533,5.904210330140756,2.724335291987832,3.7258555608602517,36.655676536959746,29.69884749386903,32.87918124062631,60.09127301140942,48.68663523585087,53.90029711578083,0.728643216080402,-0.001356783919598037,-0.001356783919598037,0.6130653266331658,-0.001934673366834172,-0.001934673366834172,0.5326633165829145,-0.0023366834170853723,-0.0023366834170853723,0.4263803680981595,0.10478771878728654,0.17229873544509822,0.39692307692307693,0.4522613065326633,0.12143423886349036,0.20017449518040953,0.40909090909090906,0.4280936454849499,0.10755942177877287,0.17781555872187982,0.3959731543624161,27.0,3.0,3.0,41.0,6.0,6.0,53.0,8.0,8.0,0.0010127814671883045,0.00038050256713421634,0.0001400965743428761,0.0004004140563926839,-9.393457993667198e-07,-0.00013492881151577762
363,1,3.727928557196614,1.7218833680172656,2.354679436815825,6.801834560499085,3.1416819346279934,4.296257218049925,41.59286163358819,34.159002006222806,37.64470371512982,75.88872999812583,62.32519664293284,68.68507344514914,3.8937626939323082,1.7758774736126033,2.4567429479591127,6.1319097542241074,2.7966574387600054,3.8688865322190753,49.09526989122807,40.78173230729434,44.88713409461396,77.31538565547727,64.2232004839281,70.68840014899835,3.7559780006025947,1.7473353263141078,2.3806582607346938,6.870691464516942,3.1963451091111734,4.35486267207566,42.77603434726667,35.322840280627396,38.81969282644479,78.24884331817074,64.61495173285499,71.01163321910632,0.7889447236180904,-0.001055276381909609,-0.001055276381909609,0.6180904522613065,-0.0019095477386934512,-0.0019095477386934512,0.48743718592964824,-0.002562814070351749,-0.002562814070351749,0.4212218649517685,0.1114305326885261,0.168815447839469,0.40645161290322585,0.39698492462311563,0.08871424793138627,0.1415592151072559,0.398989898989899,0.4180602006688964,0.11422046778074946,0.16889446095810656,0.40604026845637586,27.0,6.0,6.0,38.0,4.0,4.0,46.0,7.0,7.0,0.0006435348812877645,0.00012382016810008384,0.00022459696417330408,0.00045964795473452114,5.716352994689089e-05,-8.236045698506445e-05
363,0,3.741694418232093,1.719425117798016,2.3558893508751804,6.868315781412335,3.156205010752523,4.324509219414715,42.16938223399774,34.613931151452675,38.17133893031096,77.40681122405064,63.53790101773505,70.0679372145434,3.8736144022725933,1.7159547410703895,2.3984244465882947,6.402668433508419,2.83628882821552,3.9643379282451146,48.11598268501627,39.46511469823469,43.74411653012978,79.53054989258888,65.23159454253668,72.30432484318972,3.741694418232093,1.719425117798016,2.3558893508751804,6.868315781412335,3.156205010752523,4.324509219414715,42.16938223399774,34.613931151452675,38.17133893031096,77.40681122405064,63.53790101773505,70.0679372145434,0.7889447236180904,-0.001055276381909609,-0.001055276381909609,0.6331658291457287,-0.0018341708542712887,-0.0018341708542712887,0.5276381909547738,-0.002361809045226204,-0.002361809045226204,0.43445692883895126,0.12417655500717562,0.19037224639810446,0.4586466165413534,0.44221105527638194,0.12140905026385063,0.19346314208773419,0.48989898989898994,0.43445692883895126,0.12417655500717562,0.19037224639810446,0.4586466165413534,25.0,5.0,5.0,39.0,8.0,8.0,48.0,7.0,7.0,0.00023168597894339326,-6.630134553015192e-05,-0.00019105464215022315,-0.00016252502302549487,0.00022759863213561715,7.184004964067014e-05
25,1,3.4935586730160386,1.6182471617030072,2.2245961445937428,5.941426314653127,2.752121023304434,3.783326776519971,32.90283002326186,26.379979277584827,29.34566982853776,55.957193917112015,44.86391033602862,49.907601749213875,3.6013053194362317,1.6165253609980754,2.261362940963825,5.7163576498987805,2.565913271425517,3.589464985656866,36.64603802311222,29.36859215440765,32.82721457052666,58.16831432240035,46.61681294350421,52.10668979448676,3.4935586730160386,1.6182471617030072,2.2245961445937428,5.941426314653127,2.752121023304434,3.783326776519971,32.90283002326186,26.379979277584827,29.34566982853776,55.957193917112015,44.86391033602862,49.907601749213875,0.7236180904522613,-0.0013819095477386467,-0.0013819095477386467,0.5979899497487438,-0.0020100502512562235,-0.0020100502512562235,0.4824120603015075,-0.0025879396984924696,-0.0025879396984924696,0.4257028112449799,0.12309760082413823,0.1987335188551268,0.41129032258064513,0.4371859296482412,0.12390272162819105,0.20012416003221445,0.4292929292929293,0.4257028112449799,0.12309760082413823,0.1987335188551268,0.41129032258064513,29.0,18.0,18.0,42.0,19.0,19.0,50.0,19.0,19.0,-6.97873782247169e-05,0.0002868795271739171,0.0002444525246038918,-3.7786429536446065e-05,-0.00010682844012599446,0.00013492207507859177
25,0,3.402316993695718,1.5799935189174528,2.165527749546599,5.588047910857816,2.595019658343211,3.556715273497748,30.033607170992774,23.847391891258688,26.589071044549748,49.3279245050851,39.167534560794564,43.67053486710898,3.4083311473903946,1.5180415885877636,2.1096215375196747,5.325517417797491,2.3719399821683806,3.296283652374492,30.21477814949967,23.593492494462183,26.55021325251009,47.21059085859323,36.864832022597156,41.484708207047014,3.402316993695718,1.5799935189174528,2.165527749546599,5.588047910857816,2.595019658343211,3.556715273497748,30.033607170992774,23.847391891258688,26.589071044549748,49.3279245050851,39.167534560794564,43.67053486710898,0.7386934673366834,-0.0013065326633165952,-0.0013065326633165952,0.6180904522613065,-0.0019095477386934512,-0.0019095477386934512,0.4773869346733668,-0.0026130653266331905,-0.0026130653266331905,0.45185185185185184,0.13392209214760042,0.20800948731983215,0.42750929368029744,0.4522613065326633,0.12143423886349036,0.19683559701680353,0.4191919191919192,0.45185185185185184,0.13392209214760042,0.20800948731983215,0.42750929368029744,21.0,4.0,4.0,29.0,2.0,2.0,39.0,3.0,3.0,-2.5078739880097486e-05,0.00013517731390371858,9.837731120928609e-06,-0.0001833147886074471,0.00021597805698636563,6.13263787334617e-05
305,1,3.157237788738563,1.3844630170342722,1.9145597103500247,5.760279582645357,2.525908589589124,3.4930530885641407,23.50557880041558,17.61841253942622,20.04069852883479,42.88517834331141,32.14423138842125,36.56361486909751,3.115706821781906,1.2779388240019642,1.807864001147876,5.325994567148557,2.1845108102597677,3.090365813927993,22.549363103033432,16.266863056892667,18.851175655282507,38.54591983424518,27.806603516055844,32.22423188937181,3.157010361901095,1.3707665745081459,1.9042156451742762,5.775018954697125,2.50749983141734,3.4833213021480662,23.50023360880919,17.533236599152563,20.00012248823518,42.98823221123632,32.072993778937615,36.58558991750338,0.5979899497487438,-0.0020100502512562235,-0.0020100502512562235,0.4723618090452262,-0.0026381909547738003,-0.0026381909547738003,0.4170854271356784,-0.0029145728643216184,-0.0029145728643216184,0.4064327485380117,0.107162675545311,0.1688960916465161,0.39002932551319647,0.4120603015075377,0.11882721880077074,0.16999018464610194,0.38383838383838387,0.4013377926421404,0.1041758560812055,0.15662144114047194,0.3825503355704698,25.0,1.0,1.0,36.0,2.0,2.0,44.0,1.0,1.0,0.0004190051368375101,-0.00016112280271221544,0.0001438722956006872,0.0003372312314926518,-6.291574659478272e-05,0.0001629201083366283
305,0,3.895216126539554,1.800618535438736,2.4551582629516964,6.851585289246498,3.1672418341307003,4.318560431756062,49.166678438534376,41.04450656027798,44.9457383898686,86.48292668931944,72.19623461628383,79.05840137294837,3.9985162313260028,1.7684749912337945,2.466448022147543,6.449219727945166,2.852379018119023,3.978141971205715,54.51719907956298,45.21694946483629,49.889461017657986,87.93096625735964,72.93056365296175,80.46687260912579,3.909972929236881,1.7943446282341364,2.447185925221146,6.741332636615312,3.0936976348864422,4.219286077967494,49.89760118898257,41.60280543126407,45.57962419555725,86.03034687755616,71.72897488148978,78.58555895785733,0.7135678391959799,-0.0014321608040201994,-0.0014321608040201994,0.6180904522613065,-0.0019095477386934512,-0.0019095477386934512,0.46733668341708545,-0.002663316582914521,-0.002663316582914521,0.4298245614035088,0.1013574081188372,0.17860266502032207,0.4574780058651027,0.38190954773869346,0.06361380839032249,0.1314921854682427,0.43939393939393945,0.43143812709030105,0.09587886164789705,0.1733736109612688,0.46308724832214765,22.0,-1.0,-1.0,35.0,0.0,0.0,40.0,0.0,0.0,-0.0004235675427887434,-0.00014196493710823494,-0.0001517157274911125,-0.0028829078988472645,-0.0035592445252161653,-0.004025280377430107
324,1,3.194949125071041,1.4859621342953535,2.024966422263555,6.431937054419333,2.991476401936699,4.076577139556894,24.408931858032023,18.885568433467306,21.186994950448476,49.139033872090785,38.01963118842761,42.65276615024496,3.2312945840346754,1.4361086828660816,2.00024590153845,5.619642754842914,2.497580318027968,3.478688524414696,25.31240480411692,19.29181095090387,21.8875856024163,44.02157357237726,33.55097556678935,38.06536626507183,3.1441605832664465,1.4502618266310385,1.9839920738043255,6.3732984795941485,2.9397199188467,4.021605555008768,23.20019266738504,17.759541483438326,20.009721812035973,47.027417569023726,35.99907057453715,40.56024691628913,0.6884422110552764,-0.0015577889447235815,-0.0015577889447235815,0.5778894472361809,-0.002110552763819218,-0.002110552763819218,0.44723618090452266,-0.0027638190954772934,-0.0027638190954772934,0.42622950819672134,0.11362721687102573,0.18086418649552183,0.42105263157894735,0.4170854271356784,0.09878968778730746,0.17000696302883367,0.4191919191919192,0.4247491638795987,0.1142316346642398,0.18003281237793023,0.4161073825503355,27.0,14.0,14.0,38.0,12.0,12.0,45.0,12.0,12.0,0.00013736150019426452,-4.3221188337655074e-05,-2.861137819405048e-06,-0.0041921875274901765,-0.005164088488184504,-0.004875388232906452
324,0,3.368031294757854,1.5609724916635268,2.0889787056946663,5.991372252986333,2.776805336929088,3.7160726724417685,29.021336323465395,22.928834516569125,25.428102480068127,51.625894766365576,40.78797697922347,45.2339109444428,4.219183071174813,1.9989222084562641,2.7093944807738497,6.297288165932556,2.983465982770543,4.043872359363954,67.97792847069029,58.76819544214406,63.45215456956644,101.45959473237356,87.71372454051352,94.70470831278573,3.63790363133153,1.7216476059726196,2.3377879758578697,6.063172718885883,2.8694126766210326,3.896313293096449,38.01206583617432,31.216597116158198,34.34234476976943,63.35344306029054,52.02766186026366,57.23724128294906,0.7738693467336684,-0.0011306532663316604,-0.0011306532663316604,0.6984924623115578,-0.0015075376884421399,-0.0015075376884421399,0.592964824120603,-0.0020351758793969443,-0.0020351758793969443,0.42776203966005666,0.1307323366897596,0.19902303672750532,0.3579545454545454,0.4723618090452262,0.1239908817269304,0.21359720136576044,0.43939393939393945,0.4381270903010034,0.13261790833105347,0.21232063868810014,0.3791946308724832,27.0,0.0,0.0,40.0,0.0,0.0,48.0,0.0,0.0,0.0009980644376083633,0.0007753339320239473,0.0009502282844691974,-0.013881349591706282,-0.01952667096442351,-0.02034450421203271
477,1,3.5388989574258978,1.6021443449878552,2.1983946279589914,5.487281529491842,2.4842238158238654,3.4087467264982116,34.42899052979714,27.492786795955837,30.608020482490552,53.38427745069669,42.62926491957197,47.45962726498535,3.938319353744237,1.7739819889517134,2.422205654661677,5.8053744547785415,2.614980857788081,3.5705105576123977,51.332257397876674,42.62342817026989,46.77776676246635,75.66754979390709,62.83009041395338,68.95389322763558,3.5388989574258978,1.6021443449878552,2.1983946279589914,5.487281529491842,2.4842238158238654,3.4087467264982116,34.42899052979714,27.492786795955837,30.608020482490552,53.38427745069669,42.62926491957197,47.45962726498535,0.7474747474747474,-0.002525252525252597,-0.002525252525252597,0.6262626262626263,0.0012626262626262985,0.0012626262626262985,0.5151515151515151,0.00015151515151512474,0.00015151515151512474,0.4254545454545454,0.10966507177033491,0.18361657689348132,0.34671532846715325,0.43434343434343436,0.10940640663562584,0.17092061555148808,0.36548223350253806,0.4254545454545454,0.10966507177033491,0.18361657689348132,0.34671532846715325,26.0,0.0,0.0,38.0,0.0,0.0,46.0,0.0,0.0,0.001367356186832007,0.0012567493585944592,0.00023935499157538365,-0.004893493439473318,-0.005047882736694653,-0.004144396891876845
477,0,4.0982092120257985,1.9294289678943501,2.6350263829520757,6.297248301405495,2.9647323165205868,4.048942978682458,60.2323276315286,51.484720046486444,55.91264113629996,92.55211318990979,79.11066738850356,85.91454613626578,4.306798829505192,2.011576115372659,2.752886225709763,6.152569756435989,2.873680164818084,3.9326946081568046,74.20257325104288,64.27592668044802,69.47263284255828,106.00367607291841,91.82275240064004,99.24661834651184,4.0982092120257985,1.9294289678943501,2.6350263829520757,6.297248301405495,2.9647323165205868,4.048942978682458,60.2323276315286,51.484720046486444,55.91264113629996,92.55211318990979,79.11066738850356,85.91454613626578,0.8291457286432161,-0.0008542713567838423,-0.0008542713567838423,0.7336683417085428,-0.001331658291457205,-0.001331658291457205,0.5829145728643217,-0.002085427135678275,-0.002085427135678275,0.43027888446215135,0.08634250275240984,0.1653782222104957,0.40800000000000003,0.4321608040201005,0.07627107970932356,0.16337950184981664,0.43434343434343436,0.43027888446215135,0.08634250275240984,0.1653782222104957,0.40800000000000003,21.0,-1.0,-1.0,32.0,-1.0,-1.0,42.0,-1.0,-1.0,0.00038605943269903335,-0.0001162187723822376,8.466812038608455e-05,-5.164627325804361e-05,-0.00011782167916685182,0.0001279129611404528
291,1,3.3247030270405307,1.5474362446613803,2.1156573450413485,6.050186322463291,2.8159740963896045,3.8500043546391978,27.79074431748882,21.877073357683408,24.44045842914729,50.57269169403488,39.81118581950526,44.475950513506405,3.6692136759734035,1.6196564487335317,2.2655363213024793,5.9662010991437455,2.6335877215179377,3.6837988964267954,39.22105327529097,31.45659082267017,35.15091344715824,63.77407036632678,51.148928166943364,57.15595682464755,3.438883025510654,1.612294265873417,2.1999524875951857,6.033128114930973,2.828586431356872,3.8595657677108526,31.152142579317285,24.939484977285733,27.70022278666078,54.6528817181005,43.75348241629076,48.596882081861025,0.7487437185929648,-0.0012562814070351536,-0.0012562814070351536,0.6231155778894473,-0.0018844221105527303,-0.0018844221105527303,0.507537688442211,-0.0024623115577889765,-0.0024623115577889765,0.4198717948717948,0.11747179487179482,0.18746241320868184,0.3987138263665595,0.4120603015075377,0.08373949950252513,0.15329569382807195,0.4292929292929293,0.43143812709030105,0.12425949603854813,0.195620552006875,0.412751677852349,17.0,0.0,0.0,27.0,-1.0,-1.0,37.0,0.0,0.0,0.0007553370192534929,3.557455114013769e-05,0.00042406231016498675,-0.004219830013384218,-0.00344303877372365,-0.004274065499719981
291,0,3.518475880493989,1.5945245570153288,2.1973744980187684,5.773410698932126,2.6164297979754294,3.6056366072462662,33.732976177105336,26.885012576599223,29.985429589842195,55.351900135913176,44.11518638259652,49.20261098443719,3.432892794585108,1.4940182627770533,2.090381681604576,5.281373530130936,2.2984896350416206,3.215971817853194,30.966091851190104,24.015168327828246,27.137446245170082,47.64014130952324,36.946412812043455,41.74991730026167,3.518475880493989,1.5945245570153288,2.1973744980187684,5.773410698932126,2.6164297979754294,3.6056366072462662,33.732976177105336,26.885012576599223,29.985429589842195,55.351900135913176,44.11518638259652,49.20261098443719,0.6884422110552764,-0.0015577889447235815,-0.0015577889447235815,0.6130653266331658,-0.001934673366834172,-0.001934673366834172,0.4824120603015075,-0.0025879396984924696,-0.0025879396984924696,0.43243243243243246,0.10528234811540038,0.18411782569085944,0.4203389830508475,0.4371859296482412,0.1013463306507475,0.17508242380516947,0.41414141414141414,0.43243243243243246,0.10528234811540038,0.18411782569085944,0.4203389830508475,26.0,10.0,10.0,36.0,8.0,8.0,47.0,13.0,13.0,-0.0002943598558073049,0.0001539131375806365,5.590671909946817e-05,-0.00036349275698022154,0.0001152664056931485,-2.979210245257491e-05
289,1,3.355607391749225,1.5260557373066346,1.7581378829265126,5.601089029837053,2.547250929940398,2.93463616548636,28.663008579449603,22.43191622985882,23.722493915184785,47.843518079983546,37.442747391192924,39.59694473060919,3.500246514028041,1.5239100091467968,2.1411498834412352,5.4691351781688144,2.38110938929187,3.3455466928769306,33.12361638842694,25.90735861299825,29.230941199171575,51.755650606917094,40.480247832809766,45.673345623705586,3.48428982237111,1.5924012671882724,2.1953952779171226,5.149196781829227,2.353302365302866,3.2444265190893447,32.5992676165763,25.96738608061409,28.97049472599608,48.17625756144281,38.37544740977452,42.8135390039351,0.6482412060301508,-0.0017587939698492372,-0.0017587939698492372,0.5778894472361809,-0.002110552763819218,-0.002110552763819218,0.4974874371859297,-0.002512562814070307,-0.002512562814070307,0.4379232505643341,0.13014422012464977,0.1603083923043146,0.4321266968325792,0.457286432160804,0.13899069281243304,0.21855521346297424,0.45959595959595956,0.4581939799331104,0.1443375525541455,0.22460109895424496,0.459731543624161,22.0,0.0,0.0,30.0,0.0,0.0,38.0,0.0,0.0,0.0005810045597021773,0.00032067801287670504,0.0002571487577862889,-0.010780173013442251,-0.009479427012695218,-0.009726111355600864
289,0,3.1006965605927626,1.3802149094476381,1.9041045625838406,5.526630139087619,2.4600721702071895,3.393844401703841,22.21341888598084,16.626199979299667,18.904597669500077,39.592829516981396,29.634263175539306,33.6952414420105,3.338929006202736,1.4320436317439258,2.0194084642617507,5.299887311432914,2.273085129752263,3.2054102607329376,28.188920374026978,21.456832196836654,24.447293380113578,44.744318054011075,34.05846380450262,38.805227587481866,3.1892718874092485,1.4203524069453513,1.955917597524819,5.562683524551015,2.4773588493232874,3.4114841817293358,24.270749169931328,18.406235954356738,20.83802456990559,42.33270204057789,32.10389992038965,36.34539169169579,0.7386934673366834,-0.0013065326633165952,-0.0013065326633165952,0.6331658291457287,-0.0018341708542712887,-0.0018341708542712887,0.4974874371859297,-0.002512562814070307,-0.002512562814070307,0.4431486880466472,0.12873820769730226,0.1997469285158554,0.41812865497076024,0.4723618090452262,0.1390284757118928,0.20524995595674533,0.4545454545454546,0.4548494983277592,0.12763747829437022,0.19900967630328759,0.43288590604026844,23.0,12.0,12.0,35.0,12.0,12.0,41.0,10.0,10.0,-0.00012247840049640677,0.0006608166499029541,0.0002107790876780915,-0.0043422467366260875,-0.004310242404373277,-0.004027750075244363
336,1,2.444457418547419,1.0532378754909593,1.4700867454266846,4.817019030666972,2.075498166408655,2.896935645399643,11.524295033447483,7.504545711120696,8.874795748361826,22.70964021297004,14.788369489561372,17.488568092360072,2.873665967778345,1.2207109352480598,1.732898695173022,4.634945109319911,1.9688886052388064,2.7949978954403587,17.701793599984132,12.479404221380857,14.572625230477136,28.55127999997441,20.128071324807834,23.50423424270506,2.40505578804973,1.0288226182998284,1.4274453463687198,4.595648002642796,1.9659030922926655,2.7276025726790825,11.079048343445992,7.119091331057956,8.42095137414271,21.170156070278967,13.603359231320937,16.0909898868969,0.6381909547738693,-0.0018090452261306789,-0.0018090452261306789,0.5226130653266332,-0.002386934673366814,-0.002386934673366814,0.42211055276381915,-0.0028894472361808976,-0.0028894472361808976,0.39820359281437123,0.12316622360659846,0.18206813464704052,0.3573573573573574,0.42713567839195976,0.1138524703719096,0.185065561530524,0.4242424242424242,0.3946488294314381,0.12419807817935125,0.18330288949817886,0.34563758389261745,26.0,0.0,0.0,38.0,-1.0,-1.0,47.0,0.0,0.0,0.0006714230489514799,1.8257538387613786e-05,0.0003989095723893678,-0.044325694887198175,-0.041788252693176986,-0.049090828681785936
336,0,3.8029108029824714,1.6367495633937694,2.31578627427419,5.99179550935029,2.5788321609285556,3.6487097693506136,44.83149038983571,36.106762854242014,40.407135285488756,70.63566218398533,56.8891437994162,63.66473059515961,4.058574626194173,1.6296211019832287,2.3933119174823094,5.67632814852332,2.279190352424097,3.3472893950801534,57.89173487949311,46.54473337712647,52.60467285490793,80.96746136992043,65.09752919877828,73.57296902784326,3.8029108029824714,1.6367495633937694,2.31578627427419,5.99179550935029,2.5788321609285556,3.6487097693506136,44.83149038983571,36.106762854242014,40.407135285488756,70.63566218398533,56.8891437994162,63.66473059515961,0.8140703517587939,-0.0009296482412060048,-0.0009296482412060048,0.6834170854271358,-0.0015829145728643024,-0.0015829145728643024,0.5879396984924623,-0.002060301507537776,-0.002060301507537776,0.45925925925925926,0.11111111111111116,0.18148148148148147,0.40892193308550184,0.4623115577889447,0.1080402010050251,0.17252931323283083,0.4292929292929293,0.45925925925925926,0.11111111111111116,0.18148148148148147,0.40892193308550184,25.0,14.0,14.0,41.0,17.0,17.0,49.0,16.0,16.0,0.0005626571369138556,0.0005836556892187863,8.974062245928093e-05,-0.0001833147886074471,0.00021597805698636563,6.13263787334617e-05
296,1,3.4463687359869897,1.5832735581651096,2.172293104917407,5.1249110219081135,2.3544016124009657,3.2303011456543818,31.38621349992543,24.94256331903385,27.810818601764694,46.672763080199985,37.09075478011769,41.355984138375476,3.50355862852317,1.5599844631813218,2.1699805438577027,4.799395381538589,2.136965018056605,2.972576087476305,33.23350748388351,26.24984028587095,29.438910970293712,45.52535271764864,35.958685323110885,40.327275301772204,3.4463687359869897,1.5832735581651096,2.172293104917407,5.1249110219081135,2.3544016124009657,3.2303011456543818,31.38621349992543,24.94256331903385,27.810818601764694,46.672763080199985,37.09075478011769,41.355984138375476,0.6783919597989949,-0.0016080402010050232,-0.0016080402010050232,0.542713567839196,-0.0022864321608039306,-0.0022864321608039306,0.4371859296482412,-0.002814070351758735,-0.002814070351758735,0.40909090909090906,0.10717118832302075,0.16955602536997882,0.41052631578947374,0.40703517587939697,0.11129582750846967,0.17164285534517332,0.40909090909090906,0.40909090909090906,0.10717118832302075,0.16955602536997882,0.41052631578947374,24.0,1.0,1.0,37.0,1.0,1.0,45.0,3.0,3.0,-0.00013890387421520235,-8.740601442470986e-05,-1.6985108538796715e-05,-0.00029419353837489837,0.00015400165618917327,5.253467235455389e-06
296,0,3.4297303511223323,1.581614951773408,2.1689146635575005,5.3413833337151075,2.4631708265323566,3.3778179186551234,30.868318020040885,24.520472930395847,27.34001971707562,48.07361003121122,38.187621776845994,42.578719231511215,3.3311023658244454,1.4250434388955355,2.0203921830533833,5.009176489961572,2.1429224645045646,3.0381837339148623,27.969156958043133,21.242630200070785,24.260350250272584,42.05888264367388,31.94380481213652,36.48172969965802,3.4297303511223323,1.581614951773408,2.1689146635575005,5.3413833337151075,2.4631708265323566,3.3778179186551234,30.868318020040885,24.520472930395847,27.34001971707562,48.07361003121122,38.187621776845994,42.578719231511215,0.6683417085427136,-0.0016582914572863539,-0.0016582914572863539,0.5879396984924623,-0.002060301507537776,-0.002060301507537776,0.48743718592964824,-0.002562814070351749,-0.002562814070351749,0.4401408450704225,0.10446421941137152,0.19423920572616016,0.43462897526501765,0.4321608040201005,0.10384000201508792,0.18007399266784674,0.41414141414141414,0.4401408450704225,0.10446421941137152,0.19423920572616016,0.43462897526501765,19.0,6.0,6.0,31.0,5.0,5.0,39.0,8.0,8.0,-0.00042145578064101716,0.00027843499810426545,4.775801321592961e-05,-0.004955862736218286,-0.00508274446214152,-0.0055720047335183764
467,1,3.1415771687903056,1.4003730677470412,1.7103106306979543,5.97772322394822,2.664598753907564,3.2543410611891628,23.140334306568157,17.43612657490564,18.95633927996161,44.03091388888663,33.17707417725101,36.069701129926955,2.856146714196133,1.2223833883543298,1.7257701571182253,4.967211676862841,2.1258841536597046,3.001339403683871,17.394372149107824,12.271253699445985,14.297549738115,30.25108199844839,21.34131078164519,24.865303892373916,2.8121990415962244,1.245383936172321,1.7263932707784242,5.442965886960434,2.410420521623847,3.3414063305388857,16.64648431030235,11.855120431902389,13.684658900329055,32.21900189090777,22.945394384327205,26.486436581282042,0.6231155778894473,-0.0018844221105527303,-0.0018844221105527303,0.4974874371859297,-0.002512562814070307,-0.002512562814070307,0.4170854271356784,-0.0029145728643216184,-0.0029145728643216184,0.41951219512195126,0.11622352277115955,0.15949264477982028,0.44498777506112475,0.4170854271356784,0.12886487575723227,0.18336255568325777,0.4292929292929293,0.40802675585284276,0.12088151378272594,0.17665856897853793,0.412751677852349,19.0,6.0,6.0,34.0,14.0,14.0,39.0,8.0,8.0,-0.0006211484525570862,-0.00091405215152636,-0.0001653176191597821,6.870422567128998e-05,0.0003568457297351557,-5.0193429350642305e-06
467,0,3.5375726242993504,1.6592922418394638,2.2648980753274843,5.942327048682616,2.787238091629211,3.8045198006905494,34.38335648880381,27.8411114644409,30.81296750475994,57.756312304226626,46.76681083071814,51.758861145636075,3.607286242983449,1.6427132247492726,2.2748919147227884,5.68076573698181,2.586949960235075,3.5825069523193522,36.86587192440089,29.734005161516563,33.07576463114184,58.056491219528965,46.825204978766244,52.0878183167588,3.5375726242993504,1.6592922418394638,2.2648980753274843,5.942327048682616,2.787238091629211,3.8045198006905494,34.38335648880381,27.8411114644409,30.81296750475994,57.756312304226626,46.76681083071814,51.758861145636075,0.7336683417085428,-0.001331658291457205,-0.001331658291457205,0.6281407035175879,-0.0018592964824121205,-0.0018592964824121205,0.5527638190954773,-0.0022361809045226,-0.0022361809045226,0.4261744966442953,0.08446595393072742,0.1694780680728667,0.4612794612794613,0.44221105527638194,0.09885265928640696,0.1834464475969162,0.48989898989898994,0.4261744966442953,0.08446595393072742,0.1694780680728667,0.4612794612794613,24.0,9.0,9.0,35.0,7.0,7.0,46.0,9.0,9.0,-0.00028819821246525663,-0.00026183690528844647,-7.92692904728657e-05,0.0005109839999661858,0.00010751935559483172,-3.6801216390713876e-05
88,1,3.069105273541592,1.3322285571530998,1.8512655372886002,5.674276028989688,2.463073727759801,3.422688609638226,21.522637184671833,15.843060421739743,18.142758772042615,39.79185246933513,29.291239616937432,33.54300749714856,3.259702959851404,1.4051617591084196,1.9568125106363476,5.300330016018544,2.2848158684689754,3.1818089603843056,26.041800533233342,19.653034116407884,22.361882607232175,42.34439111094852,31.956153034809564,36.360784727206784,3.081902300235021,1.3518954080195917,1.8763671818487557,5.637626158966502,2.4729794049138873,3.432378991186748,21.79983280423268,16.159140019068484,18.461287687203527,39.87774293457198,29.55940247390577,33.770648208299136,0.6834170854271358,-0.0015829145728643024,-0.0015829145728643024,0.5326633165829145,-0.0023366834170853723,-0.0023366834170853723,0.42713567839195976,-0.002864321608040288,-0.002864321608040288,0.3974763406940063,0.11243697061526614,0.15718253166987195,0.370253164556962,0.3919597989949749,0.0962204506240476,0.13987298764272116,0.3787878787878788,0.39799331103678925,0.11084806896667243,0.15327695953512077,0.37248322147651003,22.0,11.0,11.0,31.0,9.0,9.0,42.0,14.0,14.0,0.0011782630474258874,-7.574758591583087e-05,0.00017956093191388476,0.00043595439539778624,3.3922379648387846e-05,-0.00010338779879681681
88,0,3.7749907490098,1.7452889653832364,2.38942849929297,6.760440949207092,3.1255501733006974,4.279107247099828,43.597104997466865,35.9852889453697,39.60003237136645,78.0758612372936,64.44424294791698,70.91770503107455,3.9444315924716356,1.7450520348166645,2.422288687842939,6.211703295230922,2.748113440656165,3.814627854870771,51.64697323888393,42.62755750326489,47.0649396957839,81.33381612422666,67.13001181616518,74.11801526895103,3.7749907490098,1.7452889653832364,2.38942849929297,6.760440949207092,3.1255501733006974,4.279107247099828,43.597104997466865,35.9852889453697,39.60003237136645,78.0758612372936,64.44424294791698,70.91770503107455,0.7537688442211055,-0.0012311557788945438,-0.0012311557788945438,0.6432160804020101,-0.001783919597989958,-0.001783919597989958,0.5326633165829145,-0.0023366834170853723,-0.0023366834170853723,0.39560439560439564,0.07019306105229328,0.15078100948990114,0.38235294117647056,0.42211055276381915,0.09378975075880658,0.1666848432479594,0.41414141414141414,0.39560439560439564,0.07019306105229328,0.15078100948990114,0.38235294117647056,26.0,11.0,11.0,37.0,6.0,6.0,45.0,9.0,9.0,0.0004122035094014992,0.0006128765443565478,-5.052670634755292e-05,-0.00020410455418851114,0.00020435748183800229,5.0812707827141423e-05
37,1,3.3422788642741765,1.5295325709438579,2.099814461406356,5.186924576250634,2.373700820481178,3.2587284537672407,28.28350759489851,22.156256017645383,24.81936760432119,43.89353091230151,34.384572180389554,38.5174885225531,3.3533488176575856,1.48782112625864,2.0444427936497407,5.080831541905432,2.254274433725212,3.0976405964390006,28.598344103127687,22.13900057628497,24.89622263904618,43.33082439867831,33.543940267098435,37.721549453100266,3.3422788642741765,1.5295325709438579,2.099814461406356,5.186924576250634,2.373700820481178,3.2587284537672407,28.28350759489851,22.156256017645383,24.81936760432119,43.89353091230151,34.384572180389554,38.5174885225531,0.6884422110552764,-0.0015577889447235815,-0.0015577889447235815,0.5376884422110553,-0.0023115577889447625,-0.0023115577889447625,0.46733668341708545,-0.002663316582914521,-0.002663316582914521,0.41696113074204944,0.10831915543340742,0.1678424468407569,0.3794326241134752,0.40703517587939697,0.11380209317263001,0.17331230442697632,0.35858585858585856,0.41696113074204944,0.10831915543340742,0.1678424468407569,0.3794326241134752,26.0,16.0,16.0,34.0,12.0,12.0,45.0,16.0,16.0,0.0006507835770475602,0.0006836833701793642,-1.1771950074705431e-05,-0.0002734037727947225,0.00016562223134020115,1.5767138139999304e-05
37,0,3.8732586787552785,1.8231153794451749,2.4658338069746355,6.062491845008262,2.853571898262013,3.8595659587429076,48.09886974233503,40.32985542139924,44.013448379535454,75.28518742278527,63.12499109436402,68.89061485492506,4.1645452191482235,1.935170789512389,2.657031486086817,6.21573913305705,2.8883146112125213,3.9657186359504726,64.36340454251157,55.06935436432061,59.847914429853176,96.064782899271,82.19306621540389,89.32524541769129,3.8732586787552785,1.8231153794451749,2.4658338069746355,6.062491845008262,2.853571898262013,3.8595659587429076,48.09886974233503,40.32985542139924,44.013448379535454,75.28518742278527,63.12499109436402,68.89061485492506,0.8341708542713568,-0.0008291457286431214,-0.0008291457286431214,0.7236180904522613,-0.0013819095477386467,-0.0013819095477386467,0.5628140703517588,-0.0021859296482411583,-0.0021859296482411583,0.46341463414634143,0.11384941675503712,0.19690246728655003,0.43356643356643354,0.4773869346733668,0.12400347602675021,0.20860563250308295,0.4696969696969697,0.46341463414634143,0.11384941675503712,0.19690246728655003,0.43356643356643354,30.0,11.0,11.0,43.0,11.0,11.0,50.0,12.0,12.0,0.0011085564455871675,0.0002657948939579864,0.00015157181629211312,-0.00030112346023614123,0.00015012813114179124,1.7489102663859057e-06
300,1,3.224574801634674,1.3531167182018027,1.8376977998461812,6.559078289688712,2.7523624154332125,3.738044388323482,25.1428811706862,18.64511739347599,21.140549928939613,51.14290601764579,37.92586378900229,43.001800423638535,3.5204579350936354,1.4836657093873868,2.090602705434085,6.230899000165727,2.6259570077652867,3.7001817795293546,33.799903082176534,26.133924096586444,29.62180879817052,59.822837313586795,46.2547329143123,52.42798017375314,3.303830342149256,1.3962286095067526,1.9574095109251095,6.607660684298512,2.7924572190135053,3.914819021850219,27.216688750303227,20.479776258891647,23.373044918395436,54.433377500606454,40.959552517783294,46.74608983679087,0.728643216080402,-0.001356783919598037,-0.001356783919598037,0.6030150753768844,-0.0019849246231156137,-0.0019849246231156137,0.4773869346733668,-0.0026130653266331905,-0.0026130653266331905,0.40896358543417366,0.07329924976983804,0.12548362453485795,0.3735955056179775,0.42211055276381915,0.09629601642296703,0.1499903524299293,0.4040404040404041,0.41137123745819393,0.07915087017939593,0.14107090375407827,0.3791946308724832,25.0,5.0,5.0,36.0,4.0,4.0,44.0,6.0,6.0,0.000491558423893626,0.00030938575731512876,0.0004773363821973556,0.00027799733314992636,-0.0001210186223419285,0.0001258746411432199
300,0,3.5032126364693186,1.6572900924925804,2.2578929689831613,5.791024970490098,2.7396019896305925,3.7324353160742056,33.222010943343,26.888070508883843,29.747965782205455,54.91801809001598,44.447626759583486,49.1752087420131,3.5073831836182867,1.6218011121203624,2.2349196559531723,5.15791644649748,2.385001635471121,3.2866465528723117,33.36085423135816,26.770664944178407,29.791218595974204,49.06007975199729,39.36862491790942,43.810615582315,3.5663175295826584,1.6943338080039998,2.303627745396886,5.660821475528029,2.6894187428634915,3.6565519768204537,35.38604486564935,28.884864718126906,31.85112799077237,56.1683251835704,45.84899161607446,50.557346017099,0.7537688442211055,-0.0012311557788945438,-0.0012311557788945438,0.5879396984924623,-0.002060301507537776,-0.002060301507537776,0.4773869346733668,-0.0026130653266331905,-0.0026130653266331905,0.43034055727554177,0.1196759514022806,0.1811129568635953,0.40372670807453415,0.42713567839195976,0.1188650017002304,0.17170996887610002,0.38888888888888884,0.43143812709030105,0.11925114879313914,0.17893534622267038,0.412751677852349,21.0,0.0,0.0,32.0,0.0,0.0,44.0,0.0,0.0,-0.00011940583654534676,7.890901574805386e-05,-2.2115910925115097e-05,-0.004263268205502158,-0.0042327719033776745,-0.004312615626377081
41,1,3.117256282720455,1.3913638884151411,1.8995795702163412,5.170449122781523,2.3077910649193445,3.150744960214604,22.58432954292142,16.966797695943043,19.205002085831143,37.45958505917255,28.142044255290145,31.85445057505646,3.1892005402838164,1.382332230918637,1.9426937868144671,4.655767212093163,2.0180032568155286,2.8360493238167406,24.26901758351856,18.17767624947642,20.790845983330847,35.42922274966213,26.536753648870683,30.35159997566547,3.082612546790005,1.387162138558171,1.9075943630107393,4.97195572062904,2.23735828799705,3.0767651016302247,21.815321560147762,16.36622182819946,18.57711973409793,35.18600251636736,26.397131980966876,29.963096345319244,0.6683417085427136,-0.0016582914572863539,-0.0016582914572863539,0.5326633165829145,-0.0023366834170853723,-0.0023366834170853723,0.4773869346733668,-0.0026130653266331905,-0.0026130653266331905,0.4534883720930233,0.14724744321058492,0.2042215099229353,0.4548104956268222,0.4522613065326633,0.15401569249757552,0.20685229150762152,0.45959595959595956,0.4548494983277592,0.1576875617668243,0.211245493878371,0.44966442953020136,26.0,10.0,10.0,39.0,14.0,14.0,47.0,14.0,14.0,4.965043006936541e-05,-8.385785646656253e-05,2.7523990468259622e-05,-0.0028908057519592134,-0.0035669915753162584,-0.004030219773056842
41,0,3.7857239909120417,1.7468963173178849,2.3804398562029365,6.227403961381938,2.873592758664923,3.91575313623915,44.06756352775689,36.38596495039201,39.9908786233549,72.48983822909122,59.8538358355561,65.78381217332937,4.064110156878754,1.8242435078796806,2.5336876866713487,6.3501721201230525,2.850380481062001,3.9588870104239815,58.21308495533514,48.82100619450688,53.59295667872878,90.95794524271116,76.282822178917,83.73899481051373,3.7857239909120417,1.7468963173178849,2.3804398562029365,6.227403961381938,2.873592758664923,3.91575313623915,44.06756352775689,36.38596495039201,39.9908786233549,72.48983822909122,59.8538358355561,65.78381217332937,0.8090452261306533,-0.0009547738693467256,-0.0009547738693467256,0.6432160804020101,-0.001783919597989958,-0.001783919597989958,0.5477386934673367,-0.002261306532663321,-0.002261306532663321,0.4476534296028881,0.11972550167496021,0.1895501883063695,0.4094202898550725,0.44221105527638194,0.11639651893552982,0.1801075494333102,0.4242424242424242,0.4476534296028881,0.11972550167496021,0.1895501883063695,0.4094202898550725,23.0,6.0,6.0,32.0,3.0,3.0,42.0,2.0,2.0,0.0010271686297108678,0.000549052661297386,7.347202940178551e-05,-0.00023182424163081805,0.0001888633816387042,3.6794479953528025e-05
222,1,3.447520681183701,1.5962467886069565,2.1654734986375925,5.937396728705262,2.749091691489758,3.7294265809869644,31.422389530211387,25.054463118173466,27.818379284745564,54.11633752425294,43.149353147965414,47.90943099039514,3.967259242906043,1.7947980466113398,2.4890086004543446,6.103475758316989,2.7612277640174456,3.8292440006989916,52.83951193248546,44.05964548714307,48.454244366410734,81.2915568192084,67.78406998022011,74.54499133293959,3.488146790692639,1.629515573471651,2.214154009446042,5.912113204563795,2.761890802494324,3.752803405840749,32.725244747808915,26.310294661745743,29.150146058212016,55.46651652171003,44.593719765670755,49.4070272173085,0.7889447236180904,-0.001055276381909609,-0.001055276381909609,0.6532663316582914,-0.0017336683417086274,-0.0017336683417086274,0.5376884422110553,-0.0023115577889447625,-0.0023115577889447625,0.4142394822006472,0.09921524956736771,0.1666614412964491,0.39610389610389607,0.44723618090452266,0.1189153788995101,0.18179377689784482,0.45959595959595956,0.4147157190635451,0.10252874076638319,0.17222406166643722,0.3993288590604027,17.0,0.0,0.0,28.0,0.0,0.0,37.0,0.0,0.0,0.0011145559344069255,-0.00011422819720498638,0.000358153203309396,-0.005964834600719726,-0.004746671091629295,-0.005840139954524481
222,0,3.7192391366994335,1.750621256243632,2.385260662485039,5.568469768913118,2.621041880856388,3.571228254446874,41.233009486731014,34.07223688475003,37.4368933521549,61.734338225943645,51.01318148107827,56.05076770043304,3.994867391921767,1.8530233514526477,2.5464624628450774,5.789662886843141,2.6855410890618083,3.6905253084711265,54.31863705612557,45.803511660293964,50.062317090627744,78.72266240018199,66.38190095694777,72.55408274004022,3.7192391366994335,1.750621256243632,2.385260662485039,5.568469768913118,2.621041880856388,3.571228254446874,41.233009486731014,34.07223688475003,37.4368933521549,61.734338225943645,51.01318148107827,56.05076770043304,0.8040201005025126,-0.0009798994974873354,-0.0009798994974873354,0.6934673366834171,-0.0015326633165829717,-0.0015326633165829717,0.5477386934673367,-0.002261306532663321,-0.002261306532663321,0.43071161048689144,0.09426301235605028,0.1779096179588715,0.3872180451127819,0.40201005025125625,0.04361406027631887,0.1298898499173664,0.3939393939393939,0.43071161048689144,0.09426301235605028,0.1779096179588715,0.3872180451127819,28.0,7.0,7.0,36.0,4.0,4.0,47.0,7.0,7.0,0.0005255789458472695,0.0006970294328791419,0.00012029310123678098,-0.004838054064588704,-0.005016894536296945,-0.004116360436126065
114,1,3.69353499263525,1.6546769990761843,2.2924575971899097,5.684062832977601,2.546419094386703,3.527913787292256,40.186655695110176,32.5048242084151,36.12708431984637,61.84413481223542,50.0223941410939,55.59677048024262,3.806783484454131,1.7072298088742852,2.3768280061505114,5.39969288575054,2.421602565779128,3.371387242766683,45.00544509017834,36.842919125409864,40.826931936890375,63.837510766210414,52.25945975235442,57.910541754454435,3.69353499263525,1.6546769990761843,2.2924575971899097,5.684062832977601,2.546419094386703,3.527913787292256,40.186655695110176,32.5048242084151,36.12708431984637,61.84413481223542,50.0223941410939,55.59677048024262,0.7889447236180904,-0.001055276381909609,-0.001055276381909609,0.6432160804020101,-0.001783919597989958,-0.001783919597989958,0.542713567839196,-0.0022864321608039306,-0.0022864321608039306,0.44921875,0.11978405214424948,0.19467329545454548,0.4274509803921569,0.4623115577889447,0.12396569312729055,0.200208051945873,0.43939393939393945,0.44921875,0.11978405214424948,0.19467329545454548,0.4274509803921569,25.0,6.0,6.0,38.0,5.0,5.0,47.0,7.0,7.0,0.00041673663425454295,0.0002666958548514138,0.00021652384357615076,-8.629588256159337e-05,-0.00014530477676810705,0.00011039017629776993
114,0,3.253932146557042,1.4790165038499163,2.0311201842650375,5.470896905749751,2.4866980779015075,3.414960309808249,25.89195095733031,19.99216753176209,22.495225175495015,43.53262084034656,33.61320475120439,37.82164232803008,3.8573369931935066,1.740354012415164,2.4087260837984,5.757219392826129,2.597543302112185,3.5951135579080598,47.339118968555454,39.03307880421575,43.08192219461631,70.65540144560515,58.25832657345633,64.30137640987509,3.253920826624867,1.474199160366821,2.0313306999889686,5.363605758172858,2.4299986159892653,3.3483473076741244,25.8916578638605,19.963451694724885,22.495685513345578,42.67855691845138,32.90678850778827,37.08080029672348,0.7688442211055276,-0.0011557788944723812,-0.0011557788944723812,0.6381909547738693,-0.0018090452261306789,-0.0018090452261306789,0.507537688442211,-0.0024623115577889765,-0.0024623115577889765,0.3967213114754098,0.08411902014971417,0.1557180399377871,0.35526315789473684,0.4321608040201005,0.11386506467172952,0.17005729817702875,0.40909090909090906,0.39799331103678925,0.08580633273962734,0.15661400069196163,0.3557046979865772,24.0,7.0,7.0,36.0,7.0,7.0,46.0,9.0,9.0,0.002508928116564774,0.0002339035991179947,0.00033730858954853215,-0.008859818715941437,-0.006907838320456605,-0.008433512110409325
5,1,3.0058096441006033,1.4034962632867254,1.9107550257927979,4.871975821243632,2.274861241914977,3.0970531697684214,20.20256636481922,15.23806242636877,17.213220412867283,32.74539192781125,24.69866042567829,27.900101332704317,2.9613481115813207,1.3152664781095988,1.8111625427606106,4.333149075034433,1.9245443319397806,2.6501569559511875,19.324005118718816,14.137388226232664,16.16522609251443,28.275566313419446,20.686325419266915,23.653529355958614,2.852787725901524,1.3088128502937708,1.7950834620489027,4.480818417646373,2.055726989990216,2.8195028199720986,17.336042675519717,12.652874340156364,14.45629043211255,27.22938640133987,19.873624618046644,22.706215338396674,0.6111111111111112,0.0011111111111111738,0.0011111111111111738,0.4797979797979798,-0.00020202020202020332,-0.00020202020202020332,0.4242424242424242,-0.0007575757575758457,-0.0007575757575758457,0.42228739002932547,0.13092575020502095,0.1945259042033235,0.4088235294117647,0.4242424242424242,0.142126555224792,0.19437665243034363,0.37055837563451777,0.42140468227424754,0.12257329663150962,0.19226118950450344,0.38926174496644295,24.0,-1.0,-1.0,37.0,2.0,2.0,45.0,2.0,2.0,0.0008667431310045594,-0.00039110330236187036,0.00013231847245547728,-0.0043264510304013015,-0.003550956443628017,-0.004018588703321058
5,0,3.9019574855025665,1.87017470109824,2.5398660945613987,6.286487059976357,3.0130592406582757,4.092006485682253,49.49924839413836,41.87157565374863,45.59489810221227,79.74878907944513,67.45976077548389,73.4584469424531,3.8916522030854344,1.810690876775523,2.4919661149373713,5.808436124008111,2.702523696679885,3.719352410354286,48.991764035997264,40.979596515293174,44.93783684470404,73.12203587462278,61.163576888497275,67.07139827567767,3.9019574855025665,1.87017470109824,2.5398660945613987,6.286487059976357,3.0130592406582757,4.092006485682253,49.49924839413836,41.87157565374863,45.59489810221227,79.74878907944513,67.45976077548389,73.4584469424531,0.7939698492462312,-0.001030150753768888,-0.001030150753768888,0.6432160804020101,-0.001783919597989958,-0.001783919597989958,0.5376884422110553,-0.0023115577889447625,-0.0023115577889447625,0.44982698961937717,0.12685635058656197,0.19551168467116087,0.40625,0.4371859296482412,0.10385259631490784,0.18342966921418447,0.38383838383838387,0.44982698961937717,0.12685635058656197,0.19551168467116087,0.40625,22.0,5.0,5.0,35.0,6.0,6.0,43.0,7.0,7.0,0.0005028611353983291,0.0003935609761120291,9.091109863967536e-05,-0.0003149833039568506,0.00014238108104080993,-5.260203672641239e-06
67,1,3.111749766236645,1.3652709787360489,1.6708762354003623,5.601149579225961,2.457487761724888,3.0075772237206526,22.46031033030967,16.725935199533247,18.235925994583525,40.42855859455741,30.106683359159845,32.82466679025034,3.101012857715089,1.4037091849341223,1.943052408797248,4.6283773995747595,2.0950883357225707,2.900078222085445,22.220446037726862,16.76123831892687,19.03701216329213,33.16484483242815,25.01677361033861,28.41345098998825,3.2236568257960188,1.4772712649881394,2.0145370606023896,5.402776803010087,2.4758736284717417,3.376319095981658,25.11981120371352,19.385970644846765,21.769277106297128,42.10024224086065,32.49045359471525,36.48482196586111,0.6783919597989949,-0.0016080402010050232,-0.0016080402010050232,0.542713567839196,-0.0022864321608039306,-0.0022864321608039306,0.44723618090452266,-0.0027638190954772934,-0.0027638190954772934,0.41888619854721554,0.1129611683174695,0.1471364429264922,0.40291262135922334,0.4371859296482412,0.1213964559640307,0.19845471095041145,0.4040404040404041,0.43143812709030105,0.12759839420215413,0.18449708148407196,0.42281879194630867,26.0,8.0,8.0,38.0,11.0,11.0,41.0,3.0,3.0,0.0003000410328529307,-0.0001670196198838985,3.6640138271302904e-05,-0.002280907074280414,-0.002057774218681807,-0.002804562093216667
67,0,4.104200704030722,1.9346598787774631,2.6421634846470345,6.107441523855241,2.878958152942653,3.931790899772372,60.594292412700796,51.84002903165291,56.2795517586363,90.17007799509047,77.1429003447216,83.74933297416116,4.254347173412841,1.953158541948774,2.691277557794028,6.210725800602686,2.8513263386113485,3.928872347144566,70.41083611539183,60.42479098470476,65.63738467518291,102.78954177429463,88.2113737002989,95.82099952581447,4.104200704030722,1.9346598787774631,2.6421634846470345,6.107441523855241,2.878958152942653,3.931790899772372,60.594292412700796,51.84002903165291,56.2795517586363,90.17007799509047,77.1429003447216,83.74933297416116,0.8190954773869347,-0.0009045226130653949,-0.0009045226130653949,0.7035175879396984,-0.001482412060301641,-0.001482412060301641,0.6080402010050252,-0.001959798994974782,-0.001959798994974782,0.4618473895582329,0.12317003484881406,0.2041704870215173,0.44758064516129037,0.457286432160804,0.10891550484250823,0.19351347723592927,0.46464646464646464,0.4618473895582329,0.12317003484881406,0.2041704870215173,0.44758064516129037,24.0,12.0,12.0,33.0,7.0,7.0,43.0,9.0,9.0,0.0005543985443353866,0.00016974759803825223,0.0002582956704050454,-3.7786429536446065e-05,-0.00010682844012599446,0.00013492207507859177
438,1,3.3262231082412668,1.5494942305263963,2.110734164459796,5.948069558266735,2.770860271058967,3.7744893293869293,27.83302062905305,21.92252980505831,24.461078277479903,49.771989830777216,39.20264153375133,43.74216350796406,3.811983808201162,1.6987609683628806,2.359332777171918,6.003124107403405,2.675214123406111,3.7154846884597132,45.240097580669925,36.96523065339051,40.965666422882556,71.24424815853531,58.2129616588827,64.51286050847646,3.285195104254528,1.5223767924454277,2.084334480996686,5.866419829025943,2.7185299865096924,3.722025858922654,26.71419585974149,20.88535409893899,23.391220337250203,47.7039211781098,37.29527517667676,41.77003631651822,0.7688442211055276,-0.0011557788944723812,-0.0011557788944723812,0.6482412060301508,-0.0017587939698492372,-0.0017587939698492372,0.5276381909547738,-0.002361809045226204,-0.002361809045226204,0.4257425742574258,0.11437519369729399,0.19742204736390223,0.3841059602649006,0.44723618090452266,0.11390284757118929,0.19347992047046592,0.43434343434343436,0.4280936454849499,0.11757611626959097,0.203399540924327,0.3791946308724832,25.0,15.0,15.0,35.0,12.0,12.0,44.0,14.0,14.0,0.0021993866000016623,4.905842996238534e-05,0.0004210348114294992,-0.0027234603389461043,-0.0034037624917360176,-0.00423830251070445
438,0,3.8392685068414565,1.7855234031151115,2.440395160387889,6.4290709315747465,2.9899593081750093,4.086578878045991,46.49145381798155,38.694406572705326,42.44082008379689,77.85255284312886,64.79595893535861,71.06953895689065,3.8072684853520227,1.685495704300234,2.352315957786791,5.768588614169731,2.55378137015187,3.564115087555744,45.02727806553545,36.68135819607804,40.74299798996742,68.22314858414461,55.577815448603076,61.73181513631427,3.8392685068414565,1.7855234031151115,2.440395160387889,6.4290709315747465,2.9899593081750093,4.086578878045991,46.49145381798155,38.694406572705326,42.44082008379689,77.85255284312886,64.79595893535861,71.06953895689065,0.7738693467336684,-0.0011306532663316604,-0.0011306532663316604,0.6582914572864322,-0.0017085427135676845,-0.0017085427135676845,0.5125628140703518,-0.0024371859296482556,-0.0024371859296482556,0.4148936170212766,0.07330069666729433,0.15663890004014447,0.42348754448398573,0.4120603015075377,0.07120817118172318,0.14995679566446596,0.40909090909090906,0.4148936170212766,0.07330069666729433,0.15663890004014447,0.42348754448398573,18.0,1.0,1.0,33.0,2.0,2.0,42.0,3.0,3.0,-0.00022181686746237977,4.529183749211411e-05,3.980316007579648e-05,-0.00026647385093347964,0.00016949575638847136,1.9271695109068787e-05
423,1,3.5433304183126433,1.6400132342953344,2.2399357188726907,6.31852627041765,2.9244991240930784,3.994290967220532,34.58189981021378,27.87379020022029,30.90012581684896,61.667024137094494,49.70501049689632,55.10162296011527,3.6159551137655823,1.6273189633696226,2.2473302309401544,5.976785312009227,2.6897834105283014,3.7145954230415774,37.186846638461,29.881283363308523,33.25690379225447,61.46586221233223,49.3905510137331,54.9700889128173,3.5433304183126433,1.6400132342953344,2.2399357188726907,6.31852627041765,2.9244991240930784,3.994290967220532,34.58189981021378,27.87379020022029,30.90012581684896,61.667024137094494,49.70501049689632,55.10162296011527,0.7688442211055276,-0.0011557788944723812,-0.0011557788944723812,0.6381909547738693,-0.0018090452261306789,-0.0018090452261306789,0.4974874371859297,-0.002512562814070307,-0.002512562814070307,0.4448818897637795,0.11285831412527259,0.19226408871665912,0.4268774703557312,0.42713567839195976,0.09380234505862639,0.175048867039706,0.4191919191919192,0.4448818897637795,0.11285831412527259,0.19226408871665912,0.4268774703557312,25.0,11.0,11.0,36.0,11.0,11.0,47.0,13.0,13.0,9.784533795919177e-05,9.108290653979377e-05,5.806484378853001e-05,-7.243603883999583e-05,-0.00013431153772813786,0.00011739929023413254
423,0,3.8765382659569214,1.7605307313683127,2.4309807604336386,6.534039341361352,2.967435446583068,4.097502162240347,48.25687313128196,39.95893111187791,44.01265547313029,81.3386289256828,67.35216061624705,74.18485325030765,3.894699767606342,1.718411501077823,2.3815101361744953,6.038294213343166,2.6642038776400354,3.6922637770147206,49.14129733834913,40.32776534836509,44.60010488979714,76.18805788891338,62.52366720676757,69.14744944154594,3.8765382659569214,1.7605307313683127,2.4309807604336386,6.534039341361352,2.967435446583068,4.097502162240347,48.25687313128196,39.95893111187791,44.01265547313029,81.3386289256828,67.35216061624705,74.18485325030765,0.8492462311557789,-0.0007537688442210699,-0.0007537688442210699,0.6884422110552764,-0.0015577889447235815,-0.0015577889447235815,0.5276381909547738,-0.002361809045226204,-0.002361809045226204,0.449438202247191,0.10177465084532189,0.1767109295199183,0.4285714285714286,0.4321608040201005,0.07877734537348391,0.15169335827719566,0.40909090909090906,0.449438202247191,0.10177465084532189,0.1767109295199183,0.4285714285714286,20.0,3.0,3.0,34.0,4.0,4.0,42.0,3.0,3.0,0.00011816530223766952,0.00032594207388913045,0.0001716854308101866,-0.00016252502302549487,0.00022759863213561715,7.184004964067014e-05
224,1,3.1209325487214015,1.4615532670264746,1.977747606603634,5.4972771289661235,2.574411084559323,3.4836467994490405,22.66750834579711,17.4114610388899,19.530765528757883,39.92703246696242,30.668918682714697,34.40190679430957,3.4595756363030055,1.5578641819354275,2.1697254950531724,5.625326237891066,2.533112490951915,3.5280089350458086,31.80347740935444,25.106130566495683,28.17123521766462,51.712971397324296,40.822976530887296,45.806886532788006,3.2581418286199155,1.520886745518296,2.078160235722337,5.553650844238493,2.592420588951641,3.5423185836176203,26.001177582225772,20.31945144990266,22.746863282384048,44.32018906061211,34.635428607788626,38.773062413154626,0.7487437185929648,-0.0012562814070351536,-0.0012562814070351536,0.6231155778894473,-0.0018844221105527303,-0.0018844221105527303,0.5025125628140703,-0.0024874371859296973,-0.0024874371859296973,0.4624277456647399,0.15218243541942966,0.21804846902739872,0.4318840579710145,0.4623115577889447,0.13900328711225296,0.20855529735488798,0.4696969696969697,0.4682274247491639,0.1476932010429869,0.22239872619521506,0.4395973154362416,22.0,9.0,9.0,36.0,13.0,13.0,43.0,10.0,10.0,0.0009353464397770254,6.882817229117403e-05,0.0003447999212760186,-0.012544166552337366,-0.012693125405437655,-0.014963361068891068
224,0,3.447225964212992,1.5847906815918236,2.176410919272877,5.797607303449123,2.665329782677158,3.6603274551407474,31.413130183266972,24.973730733532033,27.849374182992545,52.8311734900399,42.00127441548569,46.837583853214724,3.8694622073341254,1.780694655197348,2.448904487297866,5.862821526263826,2.698022204844466,3.710461344390705,47.91660994892905,39.841652883363345,43.777181510167026,72.600924165044,60.3661407323687,66.32906289419246,3.5456952953019667,1.6405738976084792,2.2451682830466133,5.812615238199945,2.689465405915539,3.6806037426993656,34.66377852770963,27.943555129971784,30.992547586129753,56.825866438868246,45.809106770445545,50.8074550592291,0.728643216080402,-0.001356783919598037,-0.001356783919598037,0.5979899497487438,-0.0020100502512562235,-0.0020100502512562235,0.4623115577889447,-0.002688442211055242,-0.002688442211055242,0.37349397590361444,0.0757496150013588,0.13702103001183086,0.35649546827794565,0.3919597989949749,0.086195387967406,0.15656747846075125,0.38888888888888884,0.3812709030100334,0.08077006828549249,0.14434098087432712,0.3657718120805369,22.0,2.0,2.0,32.0,1.0,1.0,40.0,0.0,0.0,0.0008206792029526921,4.245504165044099e-05,0.0005459656755032577,-0.0028434186332857436,-0.0035205092747192523,-0.004000583399303537
153,1,2.7726127558580322,1.2125437009525253,1.6326226370333075,5.157347043279967,2.255456935968687,3.0368472885749087,16.000384542512972,11.24123466607704,12.873647073320432,29.762373320011175,20.90986137368734,23.946317613067542,3.065425950079108,1.3604484439936622,1.9005087608679074,4.9844324391530215,2.212111291046605,3.090258147752695,21.443593942701227,15.942332021797084,18.237936533508993,34.867632427156465,25.922491092352978,29.655181355299174,2.840718821538332,1.235900322788368,1.7166426660837153,4.954742130590113,2.155640097886688,2.994144185029736,17.12807314101444,12.15111694402804,14.050700619570367,29.874546176187973,21.19380862330472,24.50703596436692,0.6331658291457287,-0.0018341708542712887,-0.0018341708542712887,0.5025125628140703,-0.0024874371859296973,-0.0024874371859296973,0.40201005025125625,-0.002989949748743781,-0.002989949748743781,0.36592178770949724,0.08558705967602442,0.13229519924419908,0.32773109243697474,0.40201005025125625,0.10627070188032894,0.17329552604424459,0.3535353535353535,0.3745819397993311,0.09077559589282025,0.14877548818642783,0.3355704697986577,20.0,4.0,4.0,30.0,7.0,7.0,38.0,7.0,7.0,0.0016383130677760005,0.00014802836568782724,0.00046379868247501104,-0.006160790429877494,-0.007113135148094862,-0.006650738533209299
153,0,4.091849358655019,1.926686751793739,2.621205020687066,6.335766748885191,2.9832569060032084,4.058640032031586,59.85047441194482,51.134455325810976,55.49843599051614,92.6717023152694,79.17593082706215,85.9330621788637,4.284772385304897,1.9502398611936198,2.7033629840958886,5.910030876282616,2.6899860154394757,3.7287765297874325,72.58602319378905,62.2613909093883,67.72421997772473,100.11865268108835,85.87778056467351,93.41271721065482,4.091849358655019,1.926686751793739,2.621205020687066,6.335766748885191,2.9832569060032084,4.058640032031586,59.85047441194482,51.134455325810976,55.49843599051614,92.6717023152694,79.17593082706215,85.9330621788637,0.7587939698492463,-0.001206030150753712,-0.001206030150753712,0.6934673366834171,-0.0015326633165829717,-0.0015326633165829717,0.5979899497487438,-0.0020100502512562235,-0.0020100502512562235,0.4668989547038328,0.1329859112255719,0.2235617588753276,0.4755244755244755,0.49246231155778897,0.15161018123197445,0.23870605112373222,0.505050505050505,0.4668989547038328,0.1329859112255719,0.2235617588753276,0.4755244755244755,18.0,0.0,0.0,29.0,-1.0,-1.0,40.0,0.0,0.0,0.00019935374996412535,5.557412631149592e-05,7.482581708341222e-05,-0.00030112346023614123,0.00015012813114179124,1.7489102663859057e-06
261,1,3.3960015457288355,1.5724385001934178,2.1479500633307396,5.5511563728259805,2.5703321637777017,3.511072218906016,29.84452917222377,23.650640886296912,26.360980587823775,48.78432653151962,38.65970144875457,43.09006442240425,3.6010450621945176,1.6114114177606715,2.23881629071255,5.334881573621507,2.3872761744602538,3.316764875129703,36.6365018673172,29.323647700648483,32.73161515679063,54.276299062692146,43.44244103799775,48.4912817137639,3.4994091413491546,1.6284721577343428,2.233891011217517,5.554617684681197,2.584876440848163,3.545858747964312,33.09589118682058,26.601512511067988,29.550962191936414,52.53316061400092,42.224623033441254,46.90628919354986,0.7035175879396984,-0.001482412060301641,-0.001482412060301641,0.592964824120603,-0.0020351758793969443,-0.0020351758793969443,0.4824120603015075,-0.0025879396984924696,-0.0025879396984924696,0.4070796460176991,0.10369231170252968,0.17057326721495125,0.3698224852071006,0.4120603015075377,0.09627082782332719,0.15663459199167795,0.38383838383838387,0.4147157190635451,0.10419818984818618,0.18223518513696002,0.3791946308724832,24.0,5.0,5.0,36.0,3.0,3.0,46.0,7.0,7.0,0.00034014333746470386,0.0002933074220867803,0.00040066820194726985,0.0003490780111610192,-5.1295171446419374e-05,0.00017032920177317834
261,0,3.519845917718164,1.5507154876361282,2.14758191445665,6.322686185530776,2.7855444870500823,3.85769343893139,33.77922328304468,26.614779488989317,29.834952847414055,60.67749367509877,47.80802982281414,53.5924152999845,3.4249264433156306,1.3866829027692802,1.9830414812480504,6.1159400773493395,2.4762194692308572,3.5411455022286606,30.72038507872429,23.043272266679004,26.491725907261227,54.85783049772194,41.1487004762125,47.30665340582361,3.519845917718164,1.5507154876361282,2.14758191445665,6.322686185530776,2.7855444870500823,3.85769343893139,33.77922328304468,26.614779488989317,29.834952847414055,60.67749367509877,47.80802982281414,53.5924152999845,0.7135678391959799,-0.0014321608040201994,-0.0014321608040201994,0.5979899497487438,-0.0020100502512562235,-0.0020100502512562235,0.507537688442211,-0.0024623115577889765,-0.0024623115577889765,0.4655172413793104,0.13849486616416407,0.21322366339765897,0.44982698961937717,0.46733668341708545,0.12648455309127093,0.1968859321649986,0.43939393939393945,0.4655172413793104,0.13849486616416407,0.21322366339765897,0.44982698961937717,26.0,14.0,14.0,39.0,19.0,19.0,46.0,15.0,15.0,-0.000127363880060005,-1.976732485142341e-05,0.00011368692065107962,-0.00032191322581809345,0.00013850755599076336,-8.764760639934366e-06
84,1,3.5235837198072866,1.6490910455409968,2.249302020539159,6.090144700901482,2.8502808194535745,3.8876825046355834,33.90571959621778,27.388207816211914,30.329587846953114,58.60247831445048,47.3376431391317,52.4215098589313,3.7442952496322555,1.6959357312703869,2.349460347102929,5.805108914158535,2.629357722899824,3.642574181554928,42.2792004348461,34.5240319809743,38.2448919713221,65.54914796100171,53.525630978254725,59.29440615708852,3.5235837198072866,1.6490910455409968,2.249302020539159,6.090144700901482,2.8502808194535745,3.8876825046355834,33.90571959621778,27.388207816211914,30.329587846953114,58.60247831445048,47.3376431391317,52.4215098589313,0.7738693467336684,-0.0011306532663316604,-0.0011306532663316604,0.6482412060301508,-0.0017587939698492372,-0.0017587939698492372,0.5175879396984925,-0.002412060301507535,-0.002412060301507535,0.42652329749103945,0.10451971967350815,0.178609113939192,0.3848920863309353,0.4522613065326633,0.11642170753516956,0.19850504609860653,0.43434343434343436,0.42652329749103945,0.10451971967350815,0.178609113939192,0.3848920863309353,28.0,14.0,14.0,36.0,6.0,6.0,48.0,14.0,14.0,0.0007209175362502908,0.0004083523574709618,0.00011984281600599365,-0.0002456840853515274,0.00018111633153772289,2.978536601450088e-05
84,0,2.891945006952485,1.239297549807581,1.476233763005138,5.503613405301646,2.3584869670346915,2.8093964124150648,18.028340770713605,12.807557423535535,13.908925437210904,34.3094414667325,24.373853775186568,26.469849290198724,3.196342918741044,1.3436396491793148,1.9104275867731602,4.994285810532881,2.099436951842679,2.9850431043330627,24.442976592903822,18.065941505095545,20.824998499846384,38.19215092641222,28.228033601711783,32.53906015600997,3.069675922393799,1.3780934951938253,1.9110920401383296,4.924613779241389,2.2108451794553345,3.0659230590454483,21.534922557861403,16.10685913007676,18.349503405841396,34.54800410352097,25.839880957342395,29.437705998676037,0.6733668341708543,-0.001633165829145744,-0.001633165829145744,0.5778894472361809,-0.002110552763819218,-0.002110552763819218,0.4723618090452262,-0.0026381909547738003,-0.0026381909547738003,0.4106728538283063,0.10592198476689263,0.12914792714208934,0.3651162790697674,0.44723618090452266,0.12643417589199135,0.2034966149612839,0.3939393939393939,0.4280936454849499,0.10755942177877287,0.18782668219240262,0.3791946308724832,23.0,5.0,5.0,34.0,3.0,3.0,46.0,10.0,10.0,0.0006821692834863096,0.0009469323730123192,4.068341352763268e-05,-0.02655713919306102,-0.03106745117741383,-0.025122396577107686
24,1,3.1189068776458058,1.443398676079374,1.9622242947167117,5.574216547281866,2.5796912508652645,3.5069540586426338,22.62163790468328,17.28012888201349,19.44226943405027,40.4301613615616,30.883634597641127,34.747885797026015,3.700599663820698,1.6563828436487968,2.3057826190021573,6.380344247966721,2.85583248904965,3.975487274141651,40.4715664189493,32.74845883229372,36.437329998295795,69.7785627912919,56.46286005567883,62.82298275568241,3.364859094986549,1.5630780155796196,2.1456919326196333,5.735555275545254,2.66433752655617,3.6574294306016473,28.929420711436613,22.86898874332782,25.545052780848128,49.31151257631241,38.9812308124906,43.5427036037184,0.7336683417085428,-0.001331658291457205,-0.001331658291457205,0.5979899497487438,-0.0020100502512562235,-0.0020100502512562235,0.4522613065326633,-0.0027386934673366836,-0.0027386934673366836,0.3791044776119403,0.08998376226171678,0.15964072388800787,0.3293413173652695,0.3869346733668342,0.07365146534678402,0.13317841293277743,0.3737373737373737,0.38795986622073575,0.08245068425078583,0.15659167934643092,0.3557046979865772,23.0,9.0,9.0,38.0,14.0,14.0,44.0,12.0,12.0,0.0015180719441011392,0.0004797716217089562,0.0010341077114284303,-0.02763670310017119,-0.030110475393226643,-0.03386017943363129
24,0,3.4131116333292493,1.5229437083843345,2.1075528137004227,5.84794286220107,2.6093748888878086,3.61102998016187,30.359565272255743,23.739084940757223,26.669814849598257,52.017344319979586,40.67397356091524,45.69541525185943,3.484352702471479,1.4987903761549324,2.111760805347636,5.807254504119132,2.4979839602582206,3.5196013422460597,32.60131752624458,25.318175789814173,28.65575357649066,54.335529210407636,42.19695964969029,47.759589294151105,3.4131116333292493,1.5229437083843345,2.1075528137004227,5.84794286220107,2.6093748888878086,3.61102998016187,30.359565272255743,23.739084940757223,26.669814849598257,52.017344319979586,40.67397356091524,45.69541525185943,0.7386934673366834,-0.0013065326633165952,-0.0013065326633165952,0.592964824120603,-0.0020351758793969443,-0.0020351758793969443,0.457286432160804,-0.0027135678391959628,-0.0027135678391959628,0.42164179104477617,0.10134383946190839,0.16481796970482576,0.41947565543071164,0.40703517587939697,0.0837269052027052,0.14660111911812823,0.4292929292929293,0.42164179104477617,0.10134383946190839,0.16481796970482576,0.41947565543071164,20.0,2.0,2.0,30.0,1.0,1.0,41.0,3.0,3.0,9.587226501930073e-05,2.2797219277720166e-05,-0.0001237552121431784,-0.00016945494488584956,0.00022372510708557058,6.833549267337702e-05
497,1,2.8459983897269834,1.266683672989195,1.603948589391147,5.840225862252247,2.599340453946577,3.2914361678130826,17.218741104344836,12.367111173348434,13.75603705728528,35.334291641207635,25.37834272030877,28.22853437797084,3.388660880189445,1.4845596933630307,2.103370040911404,5.555181770802369,2.43370441534923,3.4481476080514812,29.626252593229285,22.91288174431422,26.01053319570014,48.567627202015224,37.562101220187245,42.64021835360679,3.032603579620055,1.3808349869782277,1.8952996293612208,5.758108062569725,2.621838582870053,3.5986701823314324,20.75118969267843,15.53499269097912,17.63283989699353,39.400993087364114,29.496821565150235,33.480075753785194,0.7487437185929648,0.003743718592964851,0.008743718592964855,0.5477386934673367,-0.007261306532663214,-0.002261306532663321,0.4623115577889447,0.012311557788944771,0.007311557788944767,0.3944020356234097,0.12121270906686588,0.1510002760926179,0.3647959183673469,0.4371859296482412,0.14395284694147426,0.18509911829598746,0.4292929292929293,0.41137123745819393,0.1292343426334861,0.1800030505838891,0.38590604026845643,26.0,17.0,17.0,37.0,21.0,21.0,48.0,24.0,24.0,0.0006563754472852842,0.0009657391573651175,0.0003387058197348534,-0.03318534834135978,-0.03806591399396986,-0.03675928730010014
497,0,3.032158926129341,1.3581971666300987,1.871424458788173,6.010809165326988,2.692426147966725,3.709823780068319,20.741964654869744,15.408709582681826,17.54968761633863,41.117894639359434,30.545500760963385,34.78967486297717,3.513186948383274,1.522811814400398,2.1102630471708395,5.5764872196559905,2.4171616101593623,3.349623884398158,33.555035728479425,26.236757146047275,29.487961406273694,53.261961473776864,41.6456462635671,46.806287946466185,3.009471800813707,1.3582378799457742,1.8667283394244092,5.6782486807805785,2.562712981029762,3.522128942310206,20.276686966645492,15.063278172795624,17.141328655471337,38.257899937066966,28.421279571312496,32.342129538625166,0.7185929648241206,0.003592964824120526,0.003592964824120526,0.5678391959798995,0.00783919597989946,-0.01716080402010045,0.4623115577889447,-0.01268844221105525,-0.01268844221105525,0.4017857142857143,0.11501008278497138,0.1730728429985856,0.34328358208955223,0.4120603015075377,0.11381468747244994,0.16498183740069294,0.38888888888888884,0.41137123745819393,0.119217648142668,0.18556478584529068,0.34563758389261745,25.0,16.0,16.0,40.0,25.0,26.0,46.0,23.0,24.0,0.0018398221135823263,-0.00021499074162599735,0.0006026796439799408,-0.020027555884215786,-0.015300843514431506,-0.01811397142671911
211,1,3.468358485747931,1.60426213494464,2.202160870769287,5.484845977461845,2.536972678517105,3.482486958425849,32.08403279766929,25.63392817784914,28.53669425871775,50.73754023817469,40.537374792877706,45.127795571925745,3.7911439085725562,1.7092609074243037,2.3610493383027884,5.454883321687132,2.4593682121213005,3.397193292521998,44.30705451803687,36.28749897997652,40.12796012671701,63.75115757990917,52.21222874816766,57.73807212477267,3.508918167356663,1.6237084461591942,2.233541805436543,5.370793113301015,2.4852680298355008,3.4186864368926675,33.412101922225325,26.824366037215846,29.832053371699228,51.14097232993672,41.05770311818752,45.661306181172286,0.728643216080402,-0.001356783919598037,-0.001356783919598037,0.6030150753768844,-0.0019849246231156137,-0.0019849246231156137,0.5326633165829145,-0.0023366834170853723,-0.0023366834170853723,0.4365781710914455,0.1302453286761288,0.1971277294820245,0.3846153846153846,0.42211055276381915,0.10632107907960864,0.1750320886569744,0.3939393939393939,0.4347826086956522,0.1376206721347173,0.2034144218213474,0.3825503355704698,27.0,5.0,5.0,36.0,5.0,5.0,47.0,6.0,6.0,0.0010407629439010745,0.00034109289865654315,0.0004957052826992631,0.0003490780111610192,-5.1295171446419374e-05,0.00017032920177317834
211,0,3.7736479158813374,1.7752451515309144,2.4191584854748616,5.586478777432176,2.628058998834981,3.5813032481049425,43.538600650150336,36.161337194715244,39.6638185445694,64.45420292326178,53.532959964725514,58.71800588460764,4.086583928247193,1.9192225421082005,2.620425763087665,5.965815953645537,2.801784733004672,3.8254390702009706,59.536164119719466,50.80095934661906,55.20360596612306,86.91410820397002,74.16198444761906,80.58920578996066,3.7482391017735206,1.7591528995039172,2.3982415583865797,5.5666917353072085,2.6126033160949262,3.5617448886929397,42.44627258739245,35.13742068983014,38.58885653288577,63.0390186941472,52.18428815321308,57.31018296963233,0.8291457286432161,-0.0008542713567838423,-0.0008542713567838423,0.6783919597989949,-0.0016080402010050232,-0.0016080402010050232,0.5628140703517588,-0.0021859296482411583,-0.0021859296482411583,0.43853820598006643,0.11183837181754575,0.1866045043226079,0.4,0.4321608040201005,0.09632120502260677,0.17172674725883175,0.40909090909090906,0.4381270903010034,0.11425396843122038,0.18673665648565296,0.3959731543624161,27.0,5.0,5.0,41.0,7.0,7.0,48.0,5.0,5.0,0.001651085917655805,0.0002845474718729403,0.00018719344312577427,0.0004991372202978184,9.589878044646838e-05,-4.7314887297922326e-05
284,1,3.376474643270298,1.4817989001879064,2.052554815044937,6.251301625254723,2.743444820919324,3.8001586289974836,29.26741096543292,22.617019345944826,25.50928722284998,54.18652087314438,41.873795817635,47.22862320116225,3.3823263010187965,1.4340985545739604,2.0140286463000887,5.368771906379042,2.2763469120221593,3.1968708671429975,29.439175902269554,22.42293390660952,25.510518833437384,46.7288506385231,35.59195858191987,40.492887037202195,3.254734992980957,1.4137525168404554,1.9690474389790162,5.990309803032436,2.6019984972523718,3.624013691372422,25.912746564286923,19.610019064759328,22.295592473072052,47.69217159071213,36.0920596283914,41.03483277252525,0.6582914572864322,-0.0017085427135676845,-0.0017085427135676845,0.5175879396984925,-0.002412060301507535,-0.002412060301507535,0.44723618090452266,-0.0027638190954772934,-0.0027638190954772934,0.4024767801857585,0.1057225297993597,0.16045824259564523,0.3850931677018633,0.40703517587939697,0.11630835883679047,0.16329560993615821,0.3737373737373737,0.3946488294314381,0.09915634195230616,0.15326951908661046,0.35906040268456374,22.0,3.0,3.0,35.0,6.0,6.0,37.0,0.0,0.0,0.0008067556026367684,0.00043292713309563916,-0.00013264293141765072,-0.010703546467182079,-0.012457806281907402,-0.010081626214152095
284,0,3.7923035409352552,1.7630000951599705,2.4053611433103903,6.536146691141352,3.038582516952184,4.145710676411436,44.35846421476481,36.74967963330333,40.35587122866083,76.45311773485935,63.33915372092868,69.55453099998601,3.8551483034488543,1.7265922595682293,2.4142017101403654,5.711330819924228,2.557914458619599,3.576595126133875,47.23562162744845,38.83289674611762,43.01092863648377,69.97869870733103,57.530217401655726,63.71989427627224,3.7923035409352552,1.7630000951599705,2.4053611433103903,6.536146691141352,3.038582516952184,4.145710676411436,44.35846421476481,36.74967963330333,40.35587122866083,76.45311773485935,63.33915372092868,69.55453099998601,0.7587939698492463,-0.001206030150753712,-0.001206030150753712,0.6030150753768844,-0.0019849246231156137,-0.0019849246231156137,0.542713567839196,-0.0022864321608039306,-0.0022864321608039306,0.452054794520548,0.12726846973422323,0.19351265329047962,0.4226804123711341,0.44221105527638194,0.12391531592801097,0.19346314208773419,0.41414141414141414,0.452054794520548,0.12726846973422323,0.19351265329047962,0.4226804123711341,26.0,11.0,11.0,38.0,11.0,11.0,46.0,10.0,10.0,0.0004304046485741529,0.0002474714278636126,4.74874526512179e-05,-0.000335773069539691,0.00013076050589333477,-1.577387457896151e-05
