idx,membership,set_split,cut_T,cut_T_rep1_diff,cut_T_rep2_diff,cal_T,cal_T_rep1_diff,cal_T_rep2_diff,ppl_T,ppl_T_rep1_diff,ppl_T_rep2_diff,calppl_T,calppl_T_rep1_diff,calppl_T_rep2_diff,cut_200,cut_200_rep1_diff,cut_200_rep2_diff,cal_200,cal_200_rep1_diff,cal_200_rep2_diff,ppl_200,ppl_200_rep1_diff,ppl_200_rep2_diff,calppl_200,calppl_200_rep1_diff,calppl_200_rep2_diff,cut_300,cut_300_rep1_diff,cut_300_rep2_diff,cal_300,cal_300_rep1_diff,cal_300_rep2_diff,ppl_300,ppl_300_rep1_diff,ppl_300_rep2_diff,calppl_300,calppl_300_rep1_diff,calppl_300_rep2_diff,cb_const1,cb_const1_rep1_diff,cb_const1_rep2_diff,cb_const2,cb_const2_rep1_diff,cb_const2_rep2_diff,cb_const3,cb_const3_rep1_diff,cb_const3_rep2_diff,cbm_T,cbm_T_rep1_diff,cbm_T_rep2_diff,cbpm_T,cbm_200,cbm_200_rep1_diff,cbm_200_rep2_diff,cbpm_200,cbm_300,cbm_300_rep1_diff,cbm_300_rep2_diff,cbpm_300,lz_bins3,lz_bins3_rep1_diff,lz_bins3_rep2_diff,lz_bins4,lz_bins4_rep1_diff,lz_bins4_rep2_diff,lz_bins5,lz_bins5_rep1_diff,lz_bins5_rep2_diff,slope_600,slope_800,slope_1000,apen_600,apen_800,apen_1000,elbow_frac,elbow_delta_slope,flat_frac
6,1,test,1.3543148414447101,0.022297639997916452,0.03292805229665685,5.088354332856554,0.0837754188493145,0.12371539648601093,3.874105670446827,0.08542745878605684,0.12548935573451558,14.555568447535936,0.3209631665818993,0.4714814365453943,1.3671833487307559,-0.023525300897669466,-0.006952618297376256,4.797134556950021,-0.08254491543041897,-0.024395151920618474,3.9242817808932595,-0.09341440243467458,-0.02737910124448728,13.76940975752021,-0.32776983310412255,-0.096067021910482,1.3543148414447101,0.022297639997916452,0.03292805229665685,5.088354332856554,0.0837754188493145,0.12371539648601093,3.874105670446827,0.08542745878605684,0.12548935573451558,14.555568447535936,0.3209631665818993,0.4714814365453943,0.29648241206030146,-0.0035175879396985854,-0.0035175879396985854,0.24120603015075381,-0.0037939698492461815,-0.0037939698492461815,0.22613065326633164,-0.003869346733668344,-0.003869346733668344,0.2557251908396947,-0.0071319520174482065,-0.01965551982020375,0.24137931034482762,0.2562814070351759,0.008161106283296138,0.012541841091937123,0.23737373737373735,0.2557251908396947,-0.0071319520174482065,-0.01965551982020375,0.24137931034482762,15.0,-4.0,-4.0,22.0,-7.0,-7.0,24.0,-3.0,-3.0,0.00018213567599102348,-2.1380110665609948e-05,0.0001391799292907924,-0.1791556118654123,-0.1737991428509531,-0.17932462886595335,0.04198473282442748,-0.5383167108464312,0.003816793893129771
55,1,test,1.3515516130649023,0.011966640655330707,-0.028051934992920247,5.956256527344163,0.052736707074074296,-0.12362422514321825,3.8634154083317687,0.04595658252359014,-0.10991067402739585,17.025981857648144,0.20252959042372964,-0.4843737843765439,1.4979229358981736,-0.06582775633960325,-0.04324618096335686,4.341805611299054,-0.1908050908394303,-0.1253512491691504,4.472389975605617,-0.30431365814176115,-0.19765693562398123,12.963449204653964,-0.8820685743239451,-0.5729186539825548,1.45156389219447,0.009687766108107398,0.007897787399608891,5.376162563683222,0.035880615215212686,0.0292510644429953,4.269786782676863,0.04116497540173736,0.03358905405425361,15.814025121025416,0.15246287185828677,0.12440390390464273,0.4321608040201005,-0.002839195979899567,-0.002839195979899567,0.29145728643216084,-0.0035427135678391952,-0.0035427135678391952,0.18090452261306533,-0.0040954773869347205,-0.0040954773869347205,0.35449735449735453,0.0017892963731801492,0.0025911961395832517,0.31564986737400536,0.3417085427135679,0.008375209380234505,0.009488175434769874,0.30808080808080807,0.34782608695652173,-0.001088771140306366,-0.005900275668617283,0.3221476510067114,15.0,-6.0,-6.0,24.0,-12.0,-12.0,28.0,-14.0,-14.0,0.0008097734963541033,7.501056404774951e-05,0.0002139911849768216,-0.10001255655027919,-0.10205083508635493,-0.10416224976660793,0.0291005291005291,-0.22401327476204483,0.11375661375661375
46,1,test,1.5899272558906121,0.008006814590861389,0.034159121775657164,5.663169463838942,0.028519511018878063,0.12167153851519785,4.903392222452452,0.03910379506420547,0.16466711851645233,17.465416106640163,0.13928399384774082,0.5865285935728863,1.5423938082399469,0.030784792482405843,0.04829969198477291,4.406839452114134,0.08795654994973123,0.13799911995649428,4.6757697810779675,0.1417495427430273,0.22047103955612535,13.359342231651336,0.40499869355150686,0.6299172558746431,1.5438307704278236,0.029846330769255358,0.055971723294719666,4.980099259444592,0.09627848635243641,0.18055394611199915,4.682493515171456,0.13769025474081875,0.25488744668203545,15.104817790875664,0.4441621120671577,0.8222175699420511,0.42211055276381915,-0.0028894472361808976,-0.0028894472361808976,0.3316582914572864,-0.0033417085427135396,-0.0033417085427135396,0.20603015075376885,-0.003969849246231116,-0.003969849246231116,0.353887399463807,-0.008897071754399133,-0.01170399838565539,0.33333333333333337,0.3467336683417085,0.005881538015893972,0.009504953817501494,0.28787878787878785,0.3712374581939799,0.007297558360924827,0.015286401464280286,0.33221476510067116,16.0,-7.0,-7.0,26.0,-14.0,-14.0,30.0,-14.0,-14.0,0.0006188362723338088,-9.985802141556564e-05,0.00015632309129442158,-0.08562874215850336,-0.07582966807013136,-0.08297243851995173,0.02680965147453083,-0.6922197342687919,0.002680965147453083
87,1,test,1.5186505350165018,0.05216617203518337,0.08475181783499397,6.405590077184988,0.22003423845609404,0.3574788213809361,4.566059298611081,0.23208764345415833,0.37103674093492245,19.25940396465443,0.978933778159206,1.565013945738329,1.6042291320332815,0.05541823772579901,0.09855580992024482,5.628874147485199,0.1944499569326279,0.34580985936927977,4.974023808864372,0.26815273266348605,0.4668364110993526,17.452715118822358,0.9408867812753883,1.6380224950854476,1.534184135000954,0.02208114884903667,0.0630020386334591,6.219665412166029,0.08951817100960824,0.25541367013564464,4.637540379200861,0.10127991584381402,0.2831609831729631,18.800839375138626,0.41059425342086797,1.147949931782282,0.3316582914572864,0.0016582914572864649,0.0016582914572864649,0.2864321608040201,-0.00856783919597992,-0.00856783919597992,0.2562814070351759,0.0012814070351758744,0.0012814070351758744,0.28963414634146345,0.003919860627177751,0.00623333662486425,0.25688073394495414,0.3015075376884422,0.014007537688442206,0.021973427871470497,0.24747474747474751,0.29431438127090304,0.007647714604236411,0.011295513346374686,0.25838926174496646,19.0,-8.0,-8.0,26.0,-12.0,-12.0,34.0,-14.0,-14.0,0.0006974875182684495,0.00018792730081143143,0.00011320010435341977,-0.12831992736710074,-0.1304807600566038,-0.13276664714472375,0.042682926829268296,-0.4625677391344835,0.051829268292682924
26,1,test,1.6181875715011118,0.08466957475314763,0.11372781392236586,5.577582693259151,0.29183981085127453,0.3919979969238989,5.043940246095666,0.4094880812381234,0.5422192934931003,17.38549616739357,1.4114270034165095,1.8689260754443016,1.795162666687372,0.13951856601987744,0.18581177974243923,4.918253881335265,0.382242646629801,0.5090733691573677,6.020453969463292,0.7840023312685958,1.02088907797609,16.49439443688573,2.1479515925167014,2.7969563780166844,1.6929766868821263,0.08671174983906482,0.1355871606578436,5.58124182488613,0.28586291155735655,0.44699063953135276,5.435636836196307,0.4514765703189809,0.689222168554152,17.919681877570245,1.4883842977548838,2.2721609952334685,0.44723618090452266,-0.0027638190954772934,-0.0027638190954772934,0.3417085427135679,-0.003291457286432098,-0.003291457286432098,0.2562814070351759,-0.00371859296482413,-0.00371859296482413,0.34674922600619196,0.008263909159205829,0.004833675027819173,0.27329192546583847,0.3668341708542714,0.025982040528456873,0.027936007248261396,0.2676767676767676,0.3612040133779264,0.007280808035689312,0.010814691909628249,0.2818791946308725,16.0,-2.0,-2.0,25.0,-7.0,-7.0,32.0,-7.0,-7.0,0.0009988694916654099,0.00031348249701521947,0.00018871211089552346,-0.0806244869567383,-0.07549638724339758,-0.08265934625041815,0.030959752321981424,-0.4232143023530796,0.8421052631578947
17,1,test,1.9190555876555193,0.012812148540474855,0.01175032573778001,8.382289972495334,0.05596249787018692,0.05132453600558584,6.814519712810282,0.08675171417223648,0.07960422268686784,29.76530780218076,0.37892494020514533,0.34770523683037524,2.020953074463119,0.0040988068737792815,0.02876739071857437,6.736510248210396,0.013662689579263976,0.09589130239524835,7.545512943461074,0.030864303698199258,0.2139722512536988,25.151709811536914,0.10288101232733027,0.7132408375123305,1.880293349088535,0.0028650997241106424,0.029696657167028517,7.727232941459732,0.011774382427852004,0.12204105685080169,6.555427608873387,0.018755073426047986,0.19181210093591528,26.940113461123506,0.07707564421663449,0.7882689079558141,0.42211055276381915,-0.0028894472361808976,-0.0028894472361808976,0.3417085427135679,-0.003291457286432098,-0.003291457286432098,0.2814070351758794,-0.003592964824120637,-0.003592964824120637,0.3311688311688312,0.002520182520182601,0.0037006004747940358,0.32321041214750545,0.33668341708542715,-0.0016624475762270219,0.0011241516430231524,0.3282828282828283,0.3277591973244147,-0.004461169954383282,-0.004832571307398448,0.3120805369127517,22.0,-6.0,-6.0,29.0,-3.0,-3.0,36.0,-6.0,-6.0,-0.00010100550840279618,5.677043798199657e-05,-5.4986440971914595e-05,-0.08454121278726046,-0.08145137345516851,-0.07896562142962438,0.021645021645021644,-0.45252038615856827,0.0021645021645021645
52,1,test,1.571552762553097,0.00031233869192348607,-0.015699585405228866,5.94724868966172,0.0011819875988479112,-0.05941215653351328,4.8141175746831,0.0015034003887643976,-0.07617605159798568,18.21813121399683,0.005689338726110549,-0.28827407761590607,1.651954760777838,0.009240751563435845,0.01938689120463133,5.0059235175086,0.02800227746495665,0.05874815516554932,5.217168181770768,0.047988488697867204,0.10017053686818755,15.809600550820509,0.1454196627208102,0.3035470814187491,1.6168923305889982,-0.04736627678253469,-0.05839731809377979,5.8441891467072224,-0.17120341005735362,-0.21107464371245666,5.037411357485251,-0.24434458540230608,-0.30293039054483817,18.20751093066958,-0.8831732002492991,-1.094929122451223,0.48743718592964824,-0.002562814070351749,-0.002562814070351749,0.321608040201005,-0.0033919597989949812,-0.0033919597989949812,0.20603015075376885,-0.003969849246231116,-0.003969849246231116,0.35324675324675325,0.0004581669951320144,-0.003546990643764847,0.31770833333333337,0.38190954773869346,0.010982229442954128,0.017969647905638375,0.3232323232323232,0.36454849498327757,0.002278044232025489,0.006372744149017229,0.325503355704698,15.0,0.0,0.0,23.0,0.0,0.0,30.0,1.0,1.0,0.00028259079855464357,0.00013092903555356953,0.0001591043473813406,-0.07284172011319345,-0.08549479329051035,-0.0800669781903336,0.025974025974025976,-0.5118014168094297,0.0025974025974025974
4,1,test,1.2118039281242947,4.8840436295716216e-05,-0.017893050827027634,5.670045540235898,0.00022852500439629608,-0.08372180572152477,3.3595395574928393,0.00016407737090284868,-0.06065343129076828,15.719327065306002,0.0007677200441005283,-0.28379815381729934,1.3259736149308878,-0.024800315700675535,-0.032329772269381385,4.018101863426932,-0.07515247182022922,-0.09796900687691323,3.7658500585498635,-0.09456200746080246,-0.12373851623579757,11.411666844090496,-0.2865515377600065,-0.37496520071453787,1.2376863723957705,-0.044150607842910805,-0.04305434552158771,4.885604101562252,-0.1742787151693843,-0.16995136390100374,3.4476277036619454,-0.15562505015032668,-0.1516771043096381,13.609056724981363,-0.6143094084881309,-0.5987254117485712,0.4120603015075377,-0.0029396984924623393,-0.0029396984924623393,0.2562814070351759,-0.00371859296482413,-0.00371859296482413,0.19095477386934678,-0.004045226130653168,-0.004045226130653168,0.35449735449735453,0.005752308262215844,0.001613679033033888,0.32625994694960214,0.36180904522613067,0.018450649236155692,0.026249779783726668,0.3282828282828283,0.35451505016722407,-0.004416502420422019,0.0007886875420850536,0.32885906040268453,16.0,-7.0,-7.0,29.0,-19.0,-19.0,32.0,-18.0,-18.0,4.049315458559578e-05,8.414580627469996e-05,1.0191587591335629e-05,-0.12747660728901788,-0.13451000001226188,-0.12989649290015048,0.031746031746031744,-0.30263361591763255,0.0026455026455026454
21,1,test,2.9471504901445367,0.10249365880338734,0.09481947941495728,9.018990656586896,0.31365529320554586,0.2901704550770976,19.051588618528694,1.8559319726692216,1.7234617689438672,58.302451916943234,5.6795990488913475,5.2742083049607515,3.1904172099868227,0.18276884370848112,0.26631882940156926,7.3342924367513165,0.4201582613988073,0.6122271940265964,24.29856293175456,4.058815487751129,5.681130290071842,55.858765360355314,9.330610316669265,13.060069632349062,3.1601312656308957,0.10481579635540683,0.1874169823753964,8.102900681104861,0.26875845219335126,0.48055636506511945,23.573690141290758,2.3458089262691253,4.028792087538072,60.445359336642966,6.0148946827413425,10.33023612189249,0.5829145728643217,0.0029145728643216184,0.0029145728643216184,0.5175879396984925,0.0025879396984924696,0.0025879396984924696,0.4723618090452262,0.002361809045226204,0.002361809045226204,0.4339250493096647,0.0033831773884823724,0.0018624882148455812,0.424901185770751,0.4723618090452262,0.011208926839712419,0.018271658794808854,0.4494949494949495,0.47157190635451507,0.010803959776885641,0.015509614919587356,0.4563758389261745,27.0,0.0,0.0,38.0,0.0,0.0,43.0,0.0,0.0,0.0001061664699229781,0.00032586780431696316,0.0005156156580195135,-0.020533993627046776,-0.023356526618862006,-0.023868823896565416,0.021696252465483234,-0.47056347882697985,0.15976331360946747
39,1,test,1.773906097326554,-0.027546190306245055,-0.033399209810423214,5.488495788309509,-0.08522838368257002,-0.10333772608011316,5.893830331929262,-0.16460934354340484,-0.2001734864105984,18.23561179622558,-0.5093041227582269,-0.6193401887233883,1.9025961928693056,-0.003529898627354644,0.020776159445090592,4.4246423089983855,-0.008209066575243007,0.04831664987230422,6.703274865458288,-0.023703691948505856,0.1378315444707079,15.589011315019274,-0.05512486499652525,0.3205384755132741,1.7923201791017283,-0.03504429420958344,-0.03949609657647435,5.220350036218626,-0.10207075983373848,-0.11503717449458506,6.003365202605036,-0.21411351254068656,-0.24185420121763102,17.48552971632535,-0.6236315899243294,-0.7044297122843624,0.4773869346733668,-0.0026130653266331905,-0.0026130653266331905,0.3417085427135679,-0.003291457286432098,-0.003291457286432098,0.25125628140703515,-0.003743718592964851,-0.003743718592964851,0.3434903047091413,-0.005957209103013339,-0.0025507510093337737,0.3305555555555556,0.3467336683417085,0.0017336683417085164,0.0023077116029397438,0.33333333333333337,0.3511705685618729,0.002837235228539514,0.007108415398720869,0.3355704697986577,20.0,-4.0,-4.0,28.0,-1.0,-1.0,36.0,-4.0,-4.0,0.0003537692798092217,-1.7343114165346484e-05,0.00021473915151652288,-0.039911269531639704,-0.046014253425537,-0.043038223073253334,0.027700831024930747,-0.625871460542127,0.00554016620498615
14,1,test,1.5527262696761548,0.010061593327541196,-0.0016987357012303583,6.27628302690151,0.04067001934500869,-0.006866468518657243,4.724332445912263,0.04729597637212457,-0.008032212561922769,19.096249044529568,0.19117531501995444,-0.032467048671350085,1.6625538206738808,0.04110638681770906,0.06592085759248145,4.683250199081354,0.11579263892312408,0.18569255659853923,5.272759346433756,0.21234972003684138,0.3363759204454073,14.852843229390864,0.5981682254558915,0.9475378040715707,1.5818082928244561,-0.01706322829758844,-0.02696952079167403,5.3925282709924645,-0.058170096469051025,-0.09194154815343403,4.863742935446338,-0.08370324904571014,-0.1329576595502857,16.580941825385246,-0.2853519853831017,-0.45326474846688214,0.4723618090452262,-0.0026381909547738003,-0.0026381909547738003,0.2814070351758794,-0.003592964824120637,-0.003592964824120637,0.19095477386934678,-0.004045226130653168,-0.004045226130653168,0.3446475195822454,0.004803769582245376,0.0025165322899677323,0.2853403141361257,0.3467336683417085,0.009233668341708468,0.007299392135385663,0.2676767676767676,0.3311036789297659,0.004437012263099227,0.005909450294915741,0.2684563758389261,15.0,0.0,0.0,23.0,0.0,0.0,31.0,0.0,0.0,0.0003226185922815367,-3.3748620250365794e-05,6.168143264706979e-05,-0.09292190920139287,-0.0921326045197377,-0.09303292410371888,0.9712793733681462,0.398915296526567,0.013054830287206266
11,1,test,2.0356041842230748,0.025942964628282272,0.027024379850593583,5.489962799874353,0.06996738945203429,0.07288393353644906,7.656876892448779,0.19608754256252592,0.2041513927649099,20.65036495236186,0.5288421602443876,0.5505901198811216,2.267414798208783,0.04945213997123554,0.08670632303091752,4.824286804699539,0.10521731908773546,0.184481538363654,9.654409926911919,0.4658184449767955,0.8018340591219815,20.54129771683387,0.9911030744187137,1.7060299130254926,2.1111408077359073,0.03234829580661458,0.050874626909521936,5.277852019339768,0.0808707395165369,0.12718656727380484,8.25765631143841,0.26284686484875763,0.40959777641515505,20.644140778596025,0.6571171621218959,1.023994441037889,0.5025125628140703,-0.0024874371859296973,-0.0024874371859296973,0.4120603015075377,-0.0029396984924623393,-0.0029396984924623393,0.31658291457286436,-0.003417085427135591,-0.003417085427135591,0.3830985915492958,-0.00032837474283897716,0.003821954208142353,0.327683615819209,0.37688442211055273,-0.005615577889447221,-0.002483298355337449,0.3282828282828283,0.3946488294314381,0.012982162764771377,0.011740949298252756,0.33221476510067116,22.0,-5.0,-5.0,34.0,-9.0,-9.0,36.0,-2.0,-2.0,0.0004443640857930767,0.00019185647120063056,0.00024427669165440446,-0.025234966371081136,-0.025164028470435973,-0.027787281189866064,0.028169014084507043,-0.5205867466825433,0.16901408450704225
81,1,test,1.3844363446520176,-0.01653290189373724,-0.012892032175547907,4.3991435250624855,-0.05253445461561412,-0.04096533588491891,3.992574834304689,-0.06655752652198244,-0.051805625597852956,12.686686389379387,-0.21149120577078406,-0.16461600657261677,1.5446272694464975,-0.012344187890255931,0.01427358246024446,3.767383584015848,-0.030107775342087528,0.03481361575669384,4.686224602367629,-0.058206151709836895,0.06641410213730392,11.42981610333568,-0.1419662236825303,0.16198561496903352,1.4345844066090585,-0.051861882628768674,-0.05920374224361846,4.261141801809084,-0.15404519592703636,-0.1758526997335208,4.197900026704597,-0.2234553227703513,-0.25603574715642363,12.469009980310686,-0.6637286814960923,-0.7605022192765052,0.4321608040201005,0.0021608040201004375,0.0021608040201004375,0.27638190954773867,-0.008618090452261362,-0.008618090452261362,0.21105527638190957,-0.0089447236180904,-0.0089447236180904,0.3510324483775811,7.796966979844999e-05,0.004013875552556612,0.2781065088757396,0.3517587939698492,0.010112908683066135,0.006816837087593841,0.2777777777777778,0.3511705685618729,0.010072398844734765,0.012300136668185191,0.28859060402684567,18.0,-3.0,-3.0,23.0,-3.0,-3.0,32.0,-6.0,-6.0,0.0008966761662588139,0.00026121035098517956,0.00037623350178885506,-0.1071220426751136,-0.10562841032790704,-0.10958719766090486,0.05014749262536873,-0.2899361032182448,0.13274336283185842
85,1,test,1.26251482090361,-0.02886928280337231,-0.07474352236291004,8.157788073531018,-0.18653998119102155,-0.48295814449880226,3.534298448320932,-0.10351974211920423,-0.27428889086231223,22.837005358381408,-0.668896795231781,-1.7723282178795543,1.3555157800146744,-0.0068657406840160196,0.007434869476847794,5.422063120058698,-0.027462962736064078,0.029739477907391176,3.878761028210415,-0.02672219625993577,0.028731143477613852,15.51504411284166,-0.10688878503974308,0.11492457391045541,1.2946496886142782,-0.12134881628592731,-0.15506269930523042,6.582964518377686,-0.6170278794199691,-0.7884544032469343,3.649717212677733,-0.47088163797988525,-0.6121713555630279,18.557884132259662,-2.3943134134570414,-3.112735706252682,0.44723618090452266,-0.007763819095477298,-0.007763819095477298,0.2562814070351759,-0.008718592964824134,-0.008718592964824134,0.14572864321608037,-0.004271356783919655,-0.004271356783919655,0.3866348448687351,-0.0035799522673031214,0.009313241740680378,0.33732057416267947,0.37688442211055273,0.025125628140703515,0.03015075376884424,0.28787878787878785,0.3846153846153846,0.030100334448160515,0.041248606465997706,0.3087248322147651,19.0,-10.0,-10.0,27.0,-18.0,-18.0,33.0,-19.0,-19.0,0.00019162920597718904,0.0002514275447237579,8.647776933506299e-05,-0.10542387223460548,-0.10720900600978744,-0.10892991721272427,0.02386634844868735,-0.6371444637876348,0.002386634844868735
16,1,test,1.5257857951034939,0.08417066333508094,0.1308348279593372,4.970133926624252,0.27417968551724314,0.42618473662001843,4.598755829685687,0.3712375246648456,0.5639790985296296,14.980105623431593,1.2092786694528126,1.8371200338242382,1.6689972830692583,0.17698763319352717,0.2680387268037021,4.6361035640812736,0.4916323144264645,0.744552018899173,5.3068438662359165,0.8608223727362159,1.2477548984396032,14.741232961766435,2.3911732576006006,3.465985828998898,1.4835169101819046,0.08785591244743074,0.15097865840502656,4.890715088511773,0.2896348762003216,0.49773184089569167,4.4084224756086865,0.37077991225454365,0.6177696575251574,14.533260908600065,1.2223513590809123,2.0366032665664537,0.42211055276381915,-0.0028894472361808976,-0.0028894472361808976,0.2864321608040201,-0.003567839195979916,-0.003567839195979916,0.2211055276381909,-0.003894472361809065,-0.003894472361809065,0.33231707317073167,0.0035499498830604548,0.010816058971948705,0.25382262996941896,0.3266331658291457,0.005831160816614389,0.01444618753198379,0.21212121212121215,0.3377926421404682,0.010580622107079218,0.017436691083738576,0.24161073825503354,15.0,-1.0,-1.0,24.0,-6.0,-6.0,28.0,-4.0,-4.0,0.001428246696015274,0.00017018264948179544,1.3011862893936042e-05,-0.10657024837821094,-0.10245342488294185,-0.10806448455128859,0.057926829268292686,-0.3983971633451357,0.036585365853658534
3,1,test,1.757606025711492,-0.016041587954013226,-0.017248426576719655,4.841405689005292,-0.044187283182417936,-0.047511575024963726,5.798539211310986,-0.09376785865412529,-0.10088321508287912,15.972339827520262,-0.25828782883818135,-0.27788740154647584,1.8725662726941659,-0.03102717403913724,-0.03423091393664501,4.304750052170497,-0.07132683687157915,-0.07869175617619462,6.50496852062285,-0.2049945459593676,-0.2265259945104967,14.953950622121493,-0.47125182979165103,-0.5207494126678096,1.7637138866564792,-0.08950067831849262,-0.1239339299019846,4.854258403641686,-0.24633214216098853,-0.34110255936325995,5.834064263094615,-0.5462322071980497,-0.7697527459065361,16.057057604847564,-1.5033913959579337,-2.118585539192299,0.4723618090452262,-0.0026381909547738003,-0.0026381909547738003,0.3316582914572864,-0.0033417085427135396,-0.0033417085427135396,0.25125628140703515,-0.003743718592964851,-0.003743718592964851,0.33112582781456956,0.0022002079798588703,0.005134638387256807,0.31229235880398676,0.3316582914572864,0.0033374894522738563,0.0027768223420944205,0.31818181818181823,0.3311036789297659,0.007230557059982878,0.008523033768475519,0.3120805369127517,18.0,-8.0,-8.0,29.0,-14.0,-14.0,36.0,-16.0,-16.0,0.0003212790387747245,-5.244721904765665e-05,0.00012204950669985239,-0.02509284683836821,-0.023445747720377774,-0.02568584917838379,0.039735099337748346,-0.18793487595379996,0.023178807947019868
20,1,test,1.9735655788378734,0.056852843442230405,0.08578574087450641,6.195279773569324,0.17846849115343666,0.26929263004953796,7.196289736578783,0.3977167489727993,0.5916008248247326,22.59009212960818,1.2484847511233106,1.8571121544498155,2.069308028763344,0.06867055353371665,0.12055857677527859,5.592724402063092,0.18559609063166604,0.3258339912845365,7.919341265057315,0.5255733242115799,0.8994379020607317,21.403625040695445,1.4204684438150785,2.430913248812786,1.9689579726506072,0.045591574057455064,0.0908619413491174,5.966539311062446,0.1381562850225917,0.27533921620944657,7.163208339015791,0.3192491115917644,0.6221692739382254,21.706691936411485,0.9674215502780719,1.8853614361764386,0.40703517587939697,-0.00296482412060306,-0.00296482412060306,0.33668341708542715,-0.0033165829145728187,-0.0033165829145728187,0.3266331658291457,-0.0033668341708542604,-0.0033668341708542604,0.33333333333333337,0.00046232085067043904,0.0,0.33147632311977715,0.33668341708542715,0.0008438180879334345,0.0027936007248261507,0.33333333333333337,0.3277591973244147,-0.0027917208725802833,-0.004832571307398448,0.325503355704698,24.0,-15.0,-15.0,31.0,-17.0,-17.0,35.0,-13.0,-13.0,7.947671438745326e-06,0.00013529524268609533,0.00014991783939910186,-0.10844303222489504,-0.10809458221019153,-0.11129936338535362,0.9694444444444444,-0.4864285407071051,0.011111111111111112
58,1,test,1.308197171239184,0.00831504531320082,0.009429393436041655,9.10131460562118,0.05784895810755408,0.0656016371907473,3.6994981349186893,0.030633956756285663,0.03472007156615975,25.737937024362882,0.2131248134330157,0.2415524978959951,1.3541013781522173,-0.026067285869737278,-0.023607105768272074,5.416405512608869,-0.10426914347894911,-0.0944284230730883,3.873278779353536,-0.10229332757786924,-0.09252472537586165,15.493115117414144,-0.40917331031147697,-0.3700989015034466,1.3396503501824608,0.01433125653368239,0.024147713627538536,6.698251750912304,0.07165628266841217,0.12073856813769268,3.8177084109228763,0.054322374916004,0.09108475907257274,19.08854205461438,0.27161187458001734,0.4554237953628615,0.40201005025125625,-0.002989949748743781,-0.002989949748743781,0.23115577889447236,-0.003844221105527623,-0.003844221105527623,0.11557788944723613,-0.004422110552763869,-0.004422110552763869,0.3251028806584362,0.003417371922567747,0.0054547868167938995,0.3010309278350516,0.3417085427135679,0.033437866021838514,0.03619936074361796,0.3282828282828283,0.31438127090301005,0.012210987096666126,-0.00041294489231813447,0.3120805369127517,16.0,-7.0,-7.0,20.0,-6.0,-6.0,29.0,-14.0,-14.0,4.394096196378939e-05,0.00014158087994464003,0.00018329799824248343,-0.14481522564258587,-0.1378314401277656,-0.1493950400202202,0.0205761316872428,-0.40604195167350166,0.00205761316872428
76,1,test,1.5892319955421716,0.014390968460011644,0.01615510328767833,5.5396086701755705,0.050162804346326695,0.05631207431705043,4.899984273110633,0.07001055105176057,0.07852376447552967,17.079945180557065,0.24403677795185175,0.2737114076004197,1.5826598743938418,-0.034899308080565294,-0.02517159450767359,4.277459119983356,-0.09432245427179797,-0.06803133650722604,4.867886573360822,-0.17288511168160614,-0.12408765717496006,13.156450198272493,-0.4672570585989355,-0.33537204641881146,1.639717566187512,0.03124542921508322,0.044255063827253194,5.1241173943359755,0.09764196629713506,0.1382970744601666,5.153713723646957,0.15854026990019499,0.22310476051299766,16.10535538639674,0.49543834343811,0.6972023766031175,0.46733668341708545,-0.002663316582914521,-0.002663316582914521,0.321608040201005,-0.0033919597989949812,-0.0033919597989949812,0.19095477386934678,-0.004045226130653168,-0.004045226130653168,0.3616438356164383,0.0032307029214998506,0.00387257461937085,0.32417582417582413,0.36180904522613067,0.0034130552511932866,0.004546941720287578,0.29292929292929293,0.36454849498327757,0.005616942395631486,0.00859743825357795,0.325503355704698,13.0,0.0,0.0,21.0,-4.0,-4.0,30.0,-10.0,-10.0,0.0006241458307824094,-3.897720002385223e-06,0.00012978210196988197,-0.07076229730265915,-0.06441251247920476,-0.06837207804542178,0.0273972602739726,-0.6561395857978021,0.005479452054794521
70,1,test,1.4120913064760423,0.07350007923173174,0.11345142372637329,5.734468354347831,0.2984820290752035,0.4607234646449063,4.104530265339517,0.29086313648077855,0.440220879001993,16.668397297049502,1.181188103025601,1.787726252532483,1.446547598237558,0.06714220701755713,0.1053615447940277,4.903551180466298,0.22760070175443037,0.3571577789628053,4.2484219080879715,0.2758830894575004,0.4248461257910785,14.401430196908379,0.9351969134152558,1.4401563586138248,1.438900050564427,0.08321367958888848,0.11972019168565207,5.5342309637093345,0.32005261380341743,0.46046227571404685,4.216055817365233,0.3366330511423974,0.4757033152825523,16.215599297558587,1.2947425043938345,1.829628135702123,0.3417085427135679,-0.003291457286432098,-0.003291457286432098,0.29648241206030146,-0.0035175879396985854,-0.0035175879396985854,0.20603015075376885,-0.003969849246231116,-0.003969849246231116,0.3042168674698795,0.00797626596612011,-0.01742641910326681,0.2809667673716012,0.3015075376884422,0.003261923653354426,0.004345601127507259,0.2676767676767676,0.30434782608695654,0.0038469913624156193,-0.011558736760651889,0.2818791946308725,13.0,-4.0,-4.0,20.0,-9.0,-9.0,23.0,-10.0,-10.0,0.0005678602076359242,0.0001923833591884461,9.397826504072206e-05,-0.19514784753911485,-0.19343230449029214,-0.19068810789530666,0.030120481927710843,-0.6291659860455963,0.012048192771084338
50,1,test,1.66708178394616,-0.010232781442670147,0.0007155654620916163,5.9910751610565125,-0.03677405830959568,0.0025715633793916837,5.296688341018713,-0.054478110095346644,0.003788771521609391,19.034973725536002,-0.19578070815515147,0.013615897655785858,1.7014454877017446,-0.01663753476272145,-0.01336447352386294,4.72623746583818,-0.04621537434089262,-0.03712353756628595,5.481865636846186,-0.09196766628434538,-0.07375399204374578,15.227404546794963,-0.255465739678737,-0.20487220012151575,1.6529485394856962,-0.00038248066017665394,0.009054185662875858,5.571736649951784,-0.0012892606522809658,0.030519726953514237,5.222355469506267,-0.0019978320093514412,0.04707076075032912,17.60344540283011,-0.006734265200062595,0.1586654856752645,0.4623115577889447,-0.002688442211055242,-0.002688442211055242,0.3266331658291457,-0.0033668341708542604,-0.0033668341708542604,0.2361809045226131,-0.0038190954773869024,-0.0038190954773869024,0.3575581395348837,0.016978429389956196,0.0193372206688035,0.32361516034985427,0.3668341708542714,0.004334170854271346,0.0107609595397955,0.31313131313131315,0.34782608695652173,0.016159420289855064,0.01375283501423541,0.3087248322147651,16.0,0.0,0.0,22.0,0.0,0.0,32.0,0.0,0.0,6.376864668466144e-05,0.00014727469369616965,9.467199452242852e-05,-0.07952364050572402,-0.0817521621468007,-0.0847137934618516,0.03197674418604651,-0.21754783349337295,0.0029069767441860465
53,1,test,1.8855143570894326,0.056572872254658346,0.07091360312030304,5.387183877398379,0.16163677787045216,0.20261029462943725,6.589743051518787,0.36245156539961343,0.45111818499232736,18.82783729005368,1.0355759011417547,1.2889090999780812,2.226409587306121,0.10441522922316526,0.154271268667435,4.840020841969828,0.22698962874601136,0.33537232319007604,9.266535593166457,0.9187662546696487,1.324748547658265,20.144642593840125,1.997317944934018,2.879888147083186,1.9474332898080347,0.04233741009292746,0.058874637452065226,5.124824446863249,0.11141423708665066,0.15493325645280276,7.010670109245313,0.29061819583486415,0.400835367144861,18.449131866435035,0.7647847258812206,1.054829913539109,0.4623115577889447,-0.002688442211055242,-0.002688442211055242,0.371859296482412,-0.003140703517587995,-0.003140703517587995,0.321608040201005,-0.0033919597989949812,-0.0033919597989949812,0.3370473537604457,-0.00926697169157098,-0.009971219064578762,0.26536312849162014,0.35678391959798994,0.003400460951373363,0.009538510582964843,0.2777777777777778,0.33444816053511706,-0.009458350316301933,-0.009267078619499158,0.2684563758389261,23.0,-13.0,-13.0,34.0,-14.0,-14.0,40.0,-16.0,-16.0,0.000888698425291516,0.0004127758249054728,0.0004744372797167864,-0.07018442474991193,-0.0710164984235897,-0.07270382380441376,0.027855153203342618,-0.4324851103995673,0.28969359331476324
28,1,test,1.6120045328837715,0.008234858928986899,0.0072863547124137895,5.5076821540195535,0.028135768007372164,0.024895045267414595,5.012849585198497,0.04111060682363643,0.03639265429372607,17.12723608276153,0.14046123998075544,0.12434156883689695,1.7311766791205065,0.011396880198677684,0.01163167385175079,4.327941697801266,0.028492200496693876,0.029079184629376975,5.647295054591122,0.06399617412117031,0.06530694337534193,14.118237636477803,0.1599904353029249,0.16326735843835394,1.654817784388937,0.01128442163058585,0.015285273458289339,5.281333354432777,0.03601411158697676,0.04878278763283905,5.232126460192774,0.05870964580590865,0.07936637012257819,16.698275936785446,0.18737121001885626,0.25329692592312014,0.4974874371859297,-0.002512562814070307,-0.002512562814070307,0.3316582914572864,-0.0033417085427135396,-0.0033417085427135396,0.2211055276381909,-0.003894472361809065,-0.003894472361809065,0.3695652173913043,0.007285705858061431,0.007883887968039405,0.34059945504087197,0.35678391959798994,0.003400460951373363,0.007869061501161845,0.31313131313131315,0.3745819397993311,0.005633692720867001,0.009732106651388905,0.3422818791946308,15.0,-4.0,-4.0,21.0,-6.0,-6.0,29.0,-11.0,-11.0,0.00026401156198528283,0.00017224666305070183,0.00011011408745770607,-0.08294967207332071,-0.07744224649512166,-0.08045457733467476,0.02717391304347826,-0.5344949657070328,0.005434782608695652
71,1,test,1.5246020958373352,0.039296143667557626,0.05750326150093499,5.475452688276022,0.1411280858598305,0.2065170896915305,4.593315506273483,0.17699911859106,0.2566799313133439,16.496423431132726,0.6356742538646678,0.9218397533188902,1.6691507317797478,0.03664096216824175,0.048729167061434486,4.573015703506159,0.10038619772121038,0.13350456729160154,5.307658257065973,0.19095790089426767,0.2524372868335396,14.541529471413625,0.5231723312171717,0.6916090050233965,1.581257686318836,0.03361765683250151,0.046209544139451886,5.452612711444262,0.11592295459483282,0.15934325565328233,4.861065664073573,0.16070130233044289,0.21951668521475387,16.76229539335715,0.5541424218291127,0.7569540869474274,0.44723618090452266,-0.0027638190954772934,-0.0027638190954772934,0.31658291457286436,-0.003417085427135591,-0.003417085427135591,0.2562814070351759,-0.00371859296482413,-0.00371859296482413,0.35435435435435436,0.002030516273394789,0.004704004704004672,0.32228915662650603,0.35678391959798994,0.0008941952872130177,0.004530163337555848,0.31818181818181823,0.35785953177257523,0.0022668773485351457,0.007470210304277081,0.3221476510067114,16.0,-7.0,-7.0,26.0,-17.0,-17.0,33.0,-21.0,-21.0,0.00036896976836218727,0.00019711177473018718,0.00012404089787824304,-0.11158452461519275,-0.1140855788219568,-0.11710457624347548,0.036036036036036036,-0.48448953919841137,0.006006006006006006
60,1,test,1.5217594717015577,0.015618271257464844,0.023260209515217234,5.164396317349381,0.053003739464309696,0.0789381913469187,4.580276977350446,0.070980270856559,0.10530870293162664,15.544089584551516,0.24088580109588165,0.3573862280592994,1.6001102565688785,0.03402739498231444,0.05202900672637201,4.383863716627064,0.09322573967757375,0.1425452239078684,4.9535785588626755,0.16572184292936853,0.2511398430917593,13.571448106473085,0.4540324463818326,0.688054364634958,1.6601435491889167,0.002690567279100664,0.01736011205917798,5.030738027845202,0.008153234179093083,0.05260640017932694,5.2600658684431245,0.014133538966571102,0.09052727754151313,15.939593540736741,0.04282890595930766,0.2743250834591322,0.40201005025125625,-0.002989949748743781,-0.002989949748743781,0.31658291457286436,-0.003417085427135591,-0.003417085427135591,0.25125628140703515,-0.003743718592964851,-0.003743718592964851,0.3186046511627907,0.002692920616913841,0.0018891086407964996,0.3100233100233101,0.3266331658291457,0.005831160816614389,0.0044294930411656885,0.31818181818181823,0.33444816053511706,-0.0011111049072869417,-0.0048176904103779394,0.33221476510067116,22.0,-13.0,-13.0,29.0,-13.0,-13.0,36.0,-16.0,-16.0,0.00029795898431311476,0.00013407597619091613,0.00014926837911589794,-0.1455505671889492,-0.14748915644782645,-0.1496196255706117,0.9697674418604652,-0.1675314234310064,0.002325581395348837
51,1,test,1.5678043657346066,0.013726180401503862,0.02978381367059324,6.449009710599052,0.05646129876494843,0.12251280056254288,4.796106129792794,0.06538246565770756,0.14074003998374174,19.7283128431683,0.2689443690456237,0.5789203706547745,1.4048782280824539,0.03326612360741121,0.05622556991779115,4.6829274269415135,0.11088707869137071,0.18741856639263776,4.075030486776775,0.1333304783364384,0.22279872719575256,13.583434955922584,0.4444349277881283,0.7426624239858413,1.5430172681772527,0.00773090795373399,0.015022346440074275,5.577170848833443,0.027943040796628793,0.05429763773520779,4.678685845142637,0.03603103385492901,0.06975955168677572,16.91091269328664,0.13023265248769533,0.25214295790400953,0.42211055276381915,-0.0028894472361808976,-0.0028894472361808976,0.2613065326633166,-0.003693467336683409,-0.003693467336683409,0.16582914572864327,-0.004170854271356772,-0.004170854271356772,0.3492462311557789,-0.00037782899459704034,0.003205175437303809,0.3148614609571788,0.3266331658291457,0.005831160816614389,0.0044294930411656885,0.24242424242424243,0.3511705685618729,0.00117056856187292,0.003778781658432262,0.30201342281879195,16.0,-4.0,-4.0,20.0,-3.0,-3.0,25.0,-4.0,-4.0,0.0005857882778893611,-0.00011191838286672505,0.00018011446130441322,-0.1096639357946474,-0.10331149263829698,-0.10833054030504297,0.02512562814070352,-0.345743716378952,0.002512562814070352
12,1,test,2.046556857344887,-0.008044438512562646,-0.01451666412368846,6.712706492091229,-0.026385758321206154,-0.04761465832569822,7.741201106998086,-0.0625247674622802,-0.1131960430092338,25.391139630953724,-0.20508123727627847,-0.3712830210702869,1.848144488813256,0.0232524683359161,0.03422619206557598,5.133734691147934,0.06459018982198916,0.09507275573771157,6.348029747744146,0.14590446732491902,0.21359280088706267,17.63341596595596,0.40529018701366226,0.5933133357973972,2.001469019200788,-0.018238535633730457,-0.020604336008418045,6.004407057602363,-0.05471560690119137,-0.061813008025254135,7.399918740977065,-0.1362019683252651,-0.1540520320411538,22.199756222931196,-0.4086059049757971,-0.4621560961234614,0.3919597989949749,-0.0030402010050251116,-0.0030402010050251116,0.3417085427135679,-0.003291457286432098,-0.003291457286432098,0.29145728643216084,-0.0035427135678391952,-0.0035427135678391952,0.3625254582484725,0.006472558960578301,0.007686748571053115,0.36122448979591837,0.3467336683417085,0.005881538015893972,0.006166055653895497,0.33333333333333337,0.34448160535117056,-0.0010943545820514267,-0.0014583279080062628,0.3389261744966443,23.0,0.0,0.0,34.0,-4.0,-4.0,36.0,1.0,1.0,-0.00035191903754384056,-0.00021644909368367986,-0.00021855940500982145,-0.07599536044304056,-0.07469939247318536,-0.07176745628452164,0.020366598778004074,-0.26897654254781445,0.002036659877800407
59,1,test,1.642137442766183,-0.04860834131402503,-0.10023360566042894,6.161925261427391,-0.18239701407357956,-0.37611467266865706,5.166200176524236,-0.25732379855562826,-0.5446679508346559,19.385551138576655,-0.9655769202944526,-2.043801644084329,1.8161997161782835,0.008644375867776333,0.0065104528314334775,4.656922349175086,0.0221650663276316,0.016693468798547606,6.148448147138527,0.05292043518042355,0.039899159918757476,15.765251659329557,0.13569342353954816,0.10230553825322453,1.7425526976275525,-0.0325479661928183,-0.044311584624599165,5.744679222947975,-0.10730098744885108,-0.14608214711406298,5.711905596215745,-0.18896951483909596,-0.25879505333617825,18.830458009502454,-0.622976422546472,-0.8531705055038863,0.5025125628140703,-0.0024874371859296973,-0.0024874371859296973,0.3266331658291457,-0.0033668341708542604,-0.0033668341708542604,0.25125628140703515,-0.003743718592964851,-0.003743718592964851,0.3587786259541985,0.008079769537425951,0.011760053129174053,0.34693877551020413,0.3517587939698492,0.005894132315713896,0.006182834036627227,0.3434343434343434,0.36454849498327757,0.003947493313828487,0.006372744149017229,0.3523489932885906,15.0,0.0,0.0,21.0,0.0,0.0,28.0,0.0,0.0,-8.355617966960496e-05,7.653306557325362e-05,-3.558295895735735e-05,-0.07157832135192788,-0.07057741551630858,-0.07135436589461008,0.030534351145038167,-0.40730252853049526,0.002544529262086514
40,1,test,1.2496897955830648,-0.019788136024411873,-0.07179960585493483,6.023785643877919,-0.09538326240980588,-0.3460902349636745,3.4892604055746874,-0.06973363338796412,-0.25974058297760116,16.81901925833192,-0.33613178340939953,-1.2520079786223697,1.4220949265620413,-0.11800188094002251,-0.11774686824342884,4.514587068450925,-0.3746091458413412,-0.37379958172517114,4.145796488420861,-0.5192453717578083,-0.5180558785277061,13.161258693399558,-1.6483980055803436,-1.644621836595892,1.2872741707800435,-0.05529112846254436,-0.07316718055264504,5.01535391213004,-0.21541998102290005,-0.2850669372180974,3.6228976838202844,-0.20595538781470424,-0.2750155876086149,14.115185781117992,-0.802423588888459,-1.0714893023712264,0.46733668341708545,-0.002663316582914521,-0.002663316582914521,0.31658291457286436,-0.003417085427135591,-0.003417085427135591,0.22613065326633164,-0.003869346733668344,-0.003869346733668344,0.37149532710280375,0.0008659564734331271,-0.001916207599053532,0.3302107728337237,0.3869346733668342,0.014434673366834128,0.01755031396583584,0.3282828282828283,0.3745819397993311,0.01458193979933109,0.01720125167502473,0.3221476510067114,20.0,-11.0,-11.0,29.0,-20.0,-20.0,39.0,-30.0,-30.0,4.972097567976128e-05,0.0003032044319132187,1.2683175354562998e-05,-0.13121458928977425,-0.14723082216154992,-0.14039664527214502,0.03271028037383177,-0.18455459370321367,0.018691588785046728
73,1,test,1.565153278385013,0.002087269235989675,0.011048176707201929,5.30479431757974,0.007074408708239943,0.0374457286870058,4.783408072771068,0.00997384783951727,0.052557073133421284,16.212467055804233,0.03380449191408985,0.17813237000946103,1.5813816997916414,-0.0065291019437263564,-0.005590161516764169,4.107484934523744,-0.016958706347341312,-0.014519900043542755,4.86166853908965,-0.03184617985444049,-0.027253617463539825,12.627710491141949,-0.08271735027127392,-0.07078861678841442,1.583280717026387,-0.004022717257114339,0.007752548815958882,4.797820354625415,-0.012190052294285714,0.023492572169572234,4.8709097032228055,-0.0196337565701592,0.03761596704256043,14.7603324340085,-0.0594962320307868,0.11398777891684908,0.39698492462311563,-0.0030150753768843908,-0.0030150753768843908,0.3316582914572864,-0.0033417085427135396,-0.0033417085427135396,0.25125628140703515,-0.003743718592964851,-0.003743718592964851,0.3250564334085779,-0.0037723954202508736,-0.005344348605107352,0.31447963800904977,0.3467336683417085,0.011733668341708525,0.015618859689462194,0.3232323232323232,0.3377926421404682,0.00279264214046826,0.0037193901981819044,0.3221476510067114,21.0,-12.0,-12.0,32.0,-23.0,-23.0,37.0,-22.0,-22.0,7.663577950045557e-05,-8.628807793509677e-05,0.00010317710349777759,-0.12104343306275123,-0.1218219618700429,-0.12674756437827916,0.024830699774266364,-0.4591646681602603,0.002257336343115124
29,1,test,1.7416989040292923,0.018634391163139696,-0.004360751988586875,5.53805823390564,0.059251540651545476,-0.01386582858871055,5.707030889076827,0.10536231584229139,-0.024941288160497344,18.14657478011147,0.3350192386547839,-0.07930550219783328,1.8011755518602042,0.02663961115449176,0.04162002246159102,4.5599381059752,0.06744205355567523,0.1053671454723819,6.056763320452755,0.1592196292164152,0.2469088095439682,15.333578026462671,0.40308766890231773,0.6250855937821989,1.7812037133906211,-0.0003800132561162517,0.0387072043868073,4.994029102964358,-0.0010654577274289423,0.10852487211254402,5.936998563852239,-0.0022565668913170356,0.22541390273433493,16.645790365940854,-0.006326823059769282,0.6320015964514063,0.40703517587939697,-0.00296482412060306,-0.00296482412060306,0.29145728643216084,-0.0035427135678391952,-0.0035427135678391952,0.24120603015075381,-0.0037939698492461815,-0.0037939698492461815,0.30295566502463056,-0.004547410006119801,-0.003984706431869878,0.2938271604938272,0.29648241206030146,-0.004269467638946645,-0.005687871746042461,0.28787878787878785,0.3076923076923077,0.0021831257223577927,0.0006845212629417174,0.30201342281879195,20.0,-9.0,-9.0,27.0,-12.0,-12.0,34.0,-12.0,-12.0,0.00018519674549794172,0.0002982690594828814,1.0788479587202068e-05,-0.1321406622822323,-0.1330310752987991,-0.13426022567585782,0.024630541871921183,-0.6073951352602099,0.0024630541871921183
38,1,test,1.8282200063219058,0.039979588555012935,0.056014171788009604,5.121917954219308,0.11200630761840902,0.1569285923902175,6.222800249478755,0.2438774506168162,0.338982463577274,17.433718159253974,0.6832439687915546,0.949688965418872,1.871617981112558,0.07996032405144238,0.11558459906265095,4.62127896571002,0.1974328988924503,0.28539407175963216,6.498802837630801,0.49941367953634064,0.7093754955173033,16.04642675958222,1.2331201963860252,1.751544433376056,1.8876107892344915,0.046706829277402884,0.07251083494355415,4.79901048110464,0.1187461761289903,0.18434958036496774,6.603572491856241,0.3013398390100077,0.46188245681805284,16.788743623363324,0.7661182347712057,1.1742774325882692,0.4623115577889447,-0.002688442211055242,-0.002688442211055242,0.3417085427135679,-0.003291457286432098,-0.003291457286432098,0.24623115577889443,-0.0037688442211055717,-0.0037688442211055717,0.34375,-0.0023492907801418994,-0.0032685728250244628,0.31908831908831914,0.35678391959798994,-0.004118336041107784,-0.012164327480474135,0.31818181818181823,0.34782608695652173,-0.011105465631124356,-0.012574357982299222,0.325503355704698,18.0,-1.0,-1.0,29.0,-4.0,-4.0,34.0,-3.0,-3.0,0.0005272220452403038,-7.268498818034643e-06,3.175826850027833e-05,-0.08193551884972106,-0.07896059068705519,-0.08170286598689014,0.028409090909090908,-0.5045831842329144,0.002840909090909091
19,1,test,1.3280548042067946,-0.0026426575684250775,-0.017752793202529427,5.6811233291068435,-0.011304701820485263,-0.07594250425526461,3.7736956665721912,-0.00998577409352297,-0.06759183553014125,16.143031462558817,-0.04271692251118253,-0.2891428519900501,1.262254284100804,-0.0391081732458769,-0.03770777934214742,3.712512600296482,-0.11502403895846136,-0.11090523335925706,3.5333777534457025,-0.14092158156209278,-0.1357797163315424,10.392287510134418,-0.41447523988850854,-0.3993521068574779,1.3137104719413293,-0.07942172130901093,-0.10093582590602823,4.5300361101425155,-0.2738680045138304,-0.3480545720897519,3.7199509099252452,-0.30749414399744346,-0.39507980339027693,12.827416930776709,-1.0603246344739432,-1.362344149621645,0.38190954773869346,-0.0030904522613065533,-0.0030904522613065533,0.2613065326633166,-0.003693467336683409,-0.003693467336683409,0.18090452261306533,-0.0040954773869347205,-0.0040954773869347205,0.3145336225596529,0.011503319529349909,0.014435870848998,0.26956521739130435,0.3668341708542714,0.02933417085427137,0.03904714922365571,0.24242424242424243,0.3377926421404682,0.03779264214046818,0.0458947509085037,0.25503355704697983,16.0,-5.0,-5.0,27.0,-14.0,-14.0,35.0,-16.0,-16.0,1.0271317913807235e-05,0.00011437196589945534,-9.440585942629147e-05,-0.11836388697497746,-0.12102479127748467,-0.11589452083992668,0.021691973969631236,-0.4122374375800253,0.0021691973969631237
62,1,test,1.8217898530432166,-0.015283813362146015,-0.038800706845762534,5.143052892822004,-0.04314738079928926,-0.10953738009534497,6.182915061415556,-0.09522436186619565,-0.24461643168306146,17.454844827226992,-0.2688256984991817,-0.6905710032898718,1.7764519003076111,0.020654285581979348,0.029154926578836227,4.179886824253202,0.04859831901642142,0.06859982724432001,5.908853978265787,0.12079143305224704,0.16978514082891838,13.903185831213618,0.2842151365935237,0.3994944490092198,1.834952322973942,-0.011804602647982332,-0.011659710713618487,4.745566352518815,-0.030529144779264605,-0.03015442425935877,6.264835449592327,-0.0743921139420376,-0.0734736775366045,16.202160645497397,-0.19239339812595802,-0.19001813156018343,0.4723618090452262,-0.0026381909547738003,-0.0026381909547738003,0.3417085427135679,-0.003291457286432098,-0.003291457286432098,0.2211055276381909,-0.003894472361809065,-0.003894472361809065,0.36612021857923494,0.0037223984157471746,0.007371440475618107,0.3506849315068493,0.36180904522613067,0.006809045226130683,0.014055301465731307,0.33333333333333337,0.3612040133779264,-0.002129319955406883,0.0004936915133315622,0.3422818791946308,14.0,-1.0,-1.0,23.0,-6.0,-6.0,30.0,-5.0,-5.0,7.942893567645255e-05,1.0777316334956446e-05,-1.4639885290971209e-05,-0.06406769404688539,-0.06325458800887951,-0.06368093369008765,0.9672131147540983,0.1448868801591635,0.00273224043715847
63,1,test,1.5278821439818602,-0.03679002626817396,-0.03339340375370936,6.277602722012426,-0.1511590209714102,-0.13720333281415353,4.608406538403013,-0.17270075133841623,-0.15648868339810473,18.934539907786295,-0.709574826151318,-0.6429643730922123,1.574315994642047,-0.07068292021528522,-0.08951272364647367,5.0784386923937,-0.22800942004930747,-0.2887507214402376,4.8274384947664215,-0.35356579005022315,-0.45204736687868596,15.572382241182005,-1.1405348066136227,-1.4582173125118914,1.4857162896774603,-0.041428743694555514,-0.045855143505913576,5.714293421836386,-0.15934132190213646,-0.17636593656120603,4.418128939795709,-0.18688194489330812,-0.2073107438654196,16.99280361459888,-0.7187767111281076,-0.7973490148669988,0.5175879396984925,-0.002412060301507535,-0.002412060301507535,0.29648241206030146,-0.0035175879396985854,-0.0035175879396985854,0.21105527638190957,-0.0039447236180903955,-0.0039447236180903955,0.3740053050397878,0.004468881198728236,0.005481355870677329,0.348404255319149,0.3869346733668342,-0.00654903590634881,-0.0020469626932659857,0.3535353535353535,0.3812709030100334,0.0023059614407512363,-0.0013764829743937446,0.34563758389261745,16.0,-6.0,-6.0,26.0,-13.0,-13.0,32.0,-13.0,-13.0,0.0004426401109242484,-5.89139518812194e-05,0.00011799065479813286,-0.10085121019252341,-0.09798022072014945,-0.09944498731672535,0.026525198938992044,-0.3143001648735698,0.002652519893899204
48,1,test,1.1497564182954338,-0.005651949363956188,-0.020039125625356924,6.338032255853579,-0.031156370868808736,-0.11046568000977963,3.1574237253608946,-0.017896125373250804,-0.06391022452423423,17.40529828605193,-0.09865239112004431,-0.3523051126898409,1.1745540436955553,-0.013776671239048799,-0.020287298953384658,3.915180145651851,-0.045922237463495996,-0.06762432984461553,3.236699195525721,-0.04489951348858057,-0.06633448282764398,10.78899731841907,-0.14966504496193522,-0.22111494275881327,1.1477981348767103,-0.026938445473758676,-0.03548938162275239,5.063815300926663,-0.1188460829724649,-0.15657080127684964,3.151246645044643,-0.08604342065128323,-0.11384397227537546,13.902558728138132,-0.37960332640271943,-0.5022528188619511,0.3919597989949749,-0.0030402010050251116,-0.0030402010050251116,0.27135678391959794,-0.0036432160804020786,-0.0036432160804020786,0.15577889447236182,-0.004221105527638214,-0.004221105527638214,0.3568181818181818,0.007215457641110312,0.010777126099706713,0.357630979498861,0.35678391959798994,0.010919257943854621,0.011207959664767952,0.3434343434343434,0.3511705685618729,0.012272404955862903,0.010792370564097542,0.3489932885906041,11.0,-1.0,-1.0,14.0,-3.0,-3.0,23.0,-10.0,-10.0,-4.291622392929596e-06,0.00012163839002111527,-7.580066385160896e-05,-0.15080945186518324,-0.1561940734959384,-0.15727763578635123,0.038636363636363635,-0.11623937705984107,0.0022727272727272726
45,1,test,1.3447574420158537,0.023194900235240734,0.057460642856163036,6.114163836365415,0.10545947973622827,0.26125438951935465,3.837255670709405,0.08798046891245326,0.2142760056573607,17.446722449492096,0.4000178653219564,0.9742415723888023,1.387467437106032,0.026251939754888154,0.06569752880449942,4.955240846807257,0.09375692769602928,0.23463403144464134,4.0046950572356055,0.1037630634521598,0.25464230066745897,14.302482347270018,0.3705823694720003,0.909436788098068,1.3561219126422535,0.03351572163674721,0.06849116640584718,5.811951054181086,0.1436388070146304,0.29353357031077376,3.8811127844902993,0.12792261196234556,0.2569230339290969,16.633340504958426,0.5482397655529105,1.1010987168389867,0.3668341708542714,-0.0031658291457286047,-0.0031658291457286047,0.3015075376884422,-0.0034924623115578646,-0.0034924623115578646,0.1959798994974874,-0.004020100502512558,-0.004020100502512558,0.3088235294117647,-0.006888658547119286,-0.017986646713479937,0.28908554572271383,0.3065326633165829,0.008287049281495151,-0.002315416816973004,0.2777777777777778,0.3110367892976589,-0.004489087163109029,-0.01265620291591174,0.28859060402684567,20.0,-11.0,-11.0,24.0,-10.0,-10.0,29.0,-9.0,-9.0,0.00037622117996146407,6.976555782804799e-05,9.254152779315806e-05,-0.1960914654243222,-0.19573758518037465,-0.2021622186972616,0.03235294117647059,-0.31060729921619634,0.0029411764705882353
15,1,test,1.3400681388322961,-0.014879938299961148,-0.017413303391490498,6.0239253478937504,-0.06688886550077822,-0.07827694476936653,3.8193037393972005,-0.057255929915310144,-0.06708912112938936,17.168679666623607,-0.25737903733358536,-0.3015815730768736,1.3332440311667175,-0.030889350824069295,-0.02941170033752205,4.1663875973959925,-0.09652922132521624,-0.09191156355475627,3.7933291270473286,-0.11900195881120235,-0.11322516996718379,11.854153522022902,-0.37188112128500705,-0.3538286561474493,1.268949238128038,-0.04820684498253658,-0.05290311533722303,4.818794575169766,-0.18306396828811344,-0.2008979063438847,3.5571129193325497,-0.17567760244908248,-0.19324902369439156,13.508023744300823,-0.6671301358825907,-0.7338570520040175,0.371859296482412,-0.003140703517587995,-0.003140703517587995,0.2814070351758794,-0.003592964824120637,-0.003592964824120637,0.20100502512562812,-0.003994974874371837,-0.003994974874371837,0.30997876857749473,-0.00463987549030187,-0.004781739731400725,0.3085106382978723,0.321608040201005,0.0016080402010050232,0.0021404861244658235,0.30808080808080807,0.33444816053511706,-0.0005518394648829084,0.0014847865062602716,0.3087248322147651,14.0,-5.0,-5.0,23.0,-12.0,-12.0,29.0,-16.0,-16.0,-0.00014746807152665707,0.0001039183572337937,1.6214054428237122e-05,-0.14551572244310051,-0.15041003767676298,-0.15108267229423422,0.02335456475583864,-0.22826434626346087,0.0021231422505307855
88,1,test,1.7337847051921538,-0.027385981219914646,-0.027633597756240746,5.216172788270411,-0.08239201187529854,-0.08313697786493002,5.66204256992088,-0.15720335050719214,-0.15864447044123864,17.03452123600128,-0.4729536699019796,-0.47728934696851155,1.6813295301178903,-0.15356258152234514,-0.23010414682831914,4.203323825294725,-0.38390645380586363,-0.5752603670707979,5.372694383700548,-0.8917638631499614,-1.3900831061240364,13.43173595925137,-2.2294096578749034,-3.4752077653100883,1.7110915254609282,-0.1168761909817071,-0.14053929074930327,4.9358409388296005,-0.3371428586010783,-0.4054018002383746,5.5349997747273205,-0.6862307232523044,-0.8351999064109643,15.966345504021117,-1.97951170168934,-2.409230499262396,0.49246231155778897,0.01746231155778899,0.01746231155778899,0.3266331658291457,-0.008366834170854265,-0.008366834170854265,0.2361809045226131,0.001180904522613102,0.001180904522613102,0.36752136752136755,0.010480115743273677,0.01659272627014563,0.31714285714285717,0.35678391959798994,-0.011637133033589042,0.0061996124193588464,0.2777777777777778,0.3712374581939799,0.008967007442727826,0.009724666202878707,0.3087248322147651,17.0,-8.0,-8.0,28.0,-17.0,-17.0,36.0,-23.0,-23.0,0.00021437274789726205,-3.5563578130684654e-05,0.0001139576997942775,-0.04805088400659052,-0.04437590557572424,-0.04978067350889237,0.02849002849002849,-0.46976030142624126,0.002849002849002849
77,1,test,1.5753421445456892,0.0073740965553008575,0.02281780947004841,5.055416154769348,0.023664146218374427,0.07322442493570058,4.832394712789086,0.035503481274140825,0.1090161767450386,15.50759394195043,0.11393389899792439,0.34984282173635073,1.612641196475901,0.01342031770259533,0.024890904634974564,4.134977426861285,0.034411071032296014,0.06382283239737063,5.016042100193409,0.06686718556763793,0.12331277574682264,12.86164641075233,0.17145432196830335,0.31618660447903224,1.6089108513532022,0.012364759740028264,0.02704563846096053,4.732090739274124,0.03636694041184807,0.07954599547341346,4.997365388956971,0.061410775218516456,0.13334560105390025,14.698133496932266,0.180619927113284,0.3921929442761769,0.39698492462311563,-0.0030150753768843908,-0.0030150753768843908,0.3065326633165829,-0.0034673366834171437,-0.0034673366834171437,0.2211055276381909,-0.003894472361809065,-0.003894472361809065,0.3664772727272727,0.018035346381663597,0.02630131964809379,0.3475783475783476,0.35678391959798994,0.00928391959798991,0.010694069348405888,0.3232323232323232,0.36454849498327757,0.032881828316610906,0.03047524304099125,0.3422818791946308,17.0,-4.0,-4.0,22.0,-3.0,-3.0,33.0,-11.0,-11.0,0.00018706492444524935,2.7509027697534327e-05,0.00013110408925211988,-0.11905877517171604,-0.11814438445121311,-0.12285533953643046,0.028409090909090908,-0.5987836001170704,0.005681818181818182
10,1,test,1.876943303551991,0.042426211506489064,0.028876314511151024,5.540010073387328,0.12522575331754027,0.08523170250871992,6.533503371972412,0.27139397925417086,0.18596557602568442,19.284372855983086,0.8010499710244083,0.5488983937532304,2.1403724391368004,0.09634502856280713,0.1526392344919616,5.036170445027766,0.2266941848536641,0.35915113998108605,8.50260374165547,0.7809588471741336,1.20363401656485,20.00612645095405,1.8375502286450214,2.8320800389761196,1.9898696322974665,0.024386075259695383,0.05292774335692174,5.282839731763185,0.06474179272485436,0.14051613280598652,7.314580115143913,0.17621655348508636,0.3770772716841373,19.419239243744904,0.46783155792500963,1.0010901018162954,0.48743718592964824,-0.002562814070351749,-0.002562814070351749,0.36180904522613067,-0.0031909547738693256,-0.0031909547738693256,0.3015075376884422,-0.0034924623115578646,-0.0034924623115578646,0.3561643835616438,0.011431141427580838,0.013055879162816808,0.3131868131868132,0.35678391959798994,0.018438054936335768,0.021224654155585942,0.30808080808080807,0.35451505016722407,0.002261293906789974,0.003013381646645663,0.31543624161073824,20.0,-7.0,-7.0,27.0,-8.0,-8.0,36.0,-12.0,-12.0,0.0006850453121271336,0.00019555660036111783,0.0004380095440601654,-0.08374153893862868,-0.08798990040265053,-0.08958011109136965,0.03287671232876712,-0.3684957684214125,0.07397260273972603
23,1,test,1.4399332774976563,0.005020435564804249,0.008076797748933107,5.070403349486428,0.017678342254789925,0.02844063888188142,4.220414211004844,0.02113521920769479,0.03395014321853829,14.861245785559609,0.0744229527419904,0.11954784473761926,1.511464965053512,-0.01646642642791285,-0.010557945288053983,4.198513791815311,-0.04574007341086883,-0.029327625800149804,4.5333671565671,-0.07526633992342013,-0.04811660167049947,12.592686546019722,-0.20907316645394403,-0.13365722686249804,1.421864647026089,-0.005321995064002438,-0.01389645448631005,4.792802180986817,-0.017939309204502152,-0.046841981414528,4.144841906243943,-0.022117630923123244,-0.05800067539611842,13.971377212058234,-0.074553812100417,-0.1955078945936588,0.4623115577889447,-0.002688442211055242,-0.002688442211055242,0.29648241206030146,-0.0035175879396985854,-0.0035175879396985854,0.14572864321608037,-0.004271356783919655,-0.004271356783919655,0.3606060606060606,0.010152888400622562,0.01654167428815312,0.32826747720364746,0.3467336683417085,0.01673366834170853,0.018946646711092807,0.303030303030303,0.35785953177257523,0.00952619843924185,0.013797378609423205,0.3221476510067114,18.0,-9.0,-9.0,22.0,-13.0,-13.0,30.0,-14.0,-14.0,0.0005293117509405207,0.00010605975469590814,6.469542923698403e-05,-0.10918869921090923,-0.09698640995285857,-0.09969046169796858,0.030303030303030304,-0.1951935303140124,0.015151515151515152
1,1,test,1.460743254333209,-0.027109367606315216,-0.037648052184062974,5.302498013229549,-0.09840700441092398,-0.13666242942814844,4.3091611410821535,-0.11841647927257437,-0.16532406121819765,15.642254942128217,-0.42985181975944364,-0.6001263422220564,1.455527108748676,-0.044918129686812636,-0.027589354070526317,4.043130857635211,-0.12477258246336831,-0.0766370946403514,4.286742449633213,-0.1969424852197017,-0.11991503823736771,11.907617915647814,-0.5470624589436159,-0.33309732843713213,1.5027311806677843,-0.03137393911345554,-0.03887129861616079,4.900210371742776,-0.10230632319605082,-0.12675423461791535,4.493946103352678,-0.143227854052828,-0.1781250693069003,14.654172076150036,-0.4670473501722654,-0.5808426173051107,0.4371859296482412,-0.002814070351758735,-0.002814070351758735,0.2864321608040201,-0.003567839195979916,-0.003567839195979916,0.21105527638190957,-0.0039447236180903955,-0.0039447236180903955,0.33149171270718236,-0.005509662808636073,-0.006729206158897827,0.3157894736842105,0.36180904522613067,0.017669394353312717,0.01686708834387529,0.3282828282828283,0.34782608695652173,0.0017362367069376772,-0.0010111223458038054,0.33221476510067116,14.0,-4.0,-4.0,24.0,-13.0,-13.0,32.0,-17.0,-17.0,0.0004147951239111853,-9.538681732191606e-06,4.997495874961862e-05,-0.13780623302280937,-0.12578786349881987,-0.13618923417799778,0.9696132596685083,0.28167379476521487,0.0027624309392265192
82,1,test,1.6174343824840567,-0.013964218429270314,-0.03067860318190241,6.59631935117411,-0.0569497255941549,-0.12511534688967174,5.040142636038247,-0.07087536047447696,-0.15702081030918702,20.55501648958207,-0.28904820923938956,-0.6403718263913802,1.5664520729973372,-0.1195739116813912,-0.13529216968461166,4.607211979403933,-0.35168797553350384,-0.3979181461312109,4.789624773639432,-0.6083615698854201,-0.69387884253163,14.0871316871748,-1.7892987349571179,-2.040820125093031,1.6152106059586082,-0.020402961933338792,-0.013875098201357572,5.384035353195361,-0.06800987311112916,-0.04625032733785872,5.028946938138132,-0.10365929534873253,-0.0702634615839468,16.76315646046044,-0.34553098449577746,-0.23421153861315602,0.3668341708542714,-0.00816582914572861,-0.00816582914572861,0.3065326633165829,0.0015326633165828607,0.0015326633165828607,0.2211055276381909,-0.00889447236180907,-0.00889447236180907,0.31837606837606836,0.0014070182159829914,-0.00322705967867265,0.3126338329764454,0.33668341708542715,0.02089394340121664,0.019488091542856245,0.30808080808080807,0.3277591973244147,0.0005471772910257133,0.0018415110062834916,0.31543624161073824,13.0,-3.0,-3.0,22.0,-7.0,-7.0,27.0,-8.0,-8.0,0.00015761062497464504,2.3649521656773845e-05,-5.6074403660991696e-05,-0.11780483647228124,-0.11772968617545931,-0.12271135390103272,0.9764957264957265,-0.17328891355580667,0.002136752136752137
42,1,test,2.126924812522285,0.04373437334916641,0.08348611309824117,6.359071123153362,0.1307568509316912,0.24960644018147615,8.38902926640408,0.358981799211767,0.6719288525436173,25.08148545975914,1.0732823180515076,2.0089301407681646,2.262295724248987,0.06134903237989464,0.11377252043609953,6.032788597997299,0.16359741967971964,0.30339338782959935,9.605114569396717,0.5715531175641253,1.0329249014986637,25.613638851724577,1.5241416468376663,2.7544664039964353,2.126924812522285,0.04373437334916641,0.08348611309824117,6.359071123153362,0.1307568509316912,0.24960644018147615,8.38902926640408,0.358981799211767,0.6719288525436173,25.08148545975914,1.0732823180515076,2.0089301407681646,0.4623115577889447,-0.002688442211055242,-0.002688442211055242,0.36180904522613067,-0.0031909547738693256,-0.0031909547738693256,0.3316582914572864,-0.0033417085427135396,-0.0033417085427135396,0.339041095890411,0.0022889591382742047,0.0007723031797047808,0.30584192439862545,0.3467336683417085,0.010894069344214774,0.016182750144713487,0.3232323232323232,0.339041095890411,0.0022889591382742047,0.0007723031797047808,0.30584192439862545,25.0,-16.0,-16.0,34.0,-20.0,-20.0,37.0,-17.0,-17.0,0.00023074724973890605,0.00019244792367637394,9.338470379775137e-05,-0.07589621190561147,-0.07587015508054495,-0.07545910256013943,0.03767123287671233,-0.3466215006808902,0.03424657534246575
69,1,test,1.4786563436975233,-0.021103892847614603,-0.03251480270348939,5.2126370096003605,-0.07439655155371216,-0.11462289033856354,4.387047035531634,-0.09356761835935501,-0.14498832886850987,15.4654486404095,-0.32984948290317995,-0.5111204724758576,1.4597659140934447,-0.02442219707593729,-0.02814630519950878,4.112016659418154,-0.06879492134066822,-0.07928536675917996,4.304951681871353,-0.10643072449928148,-0.12288981825484058,12.126624455975643,-0.299804857744455,-0.34616850212631256,1.4902593504791053,-0.04034907533913579,-0.052452946192186545,4.967531168263685,-0.1344969177971187,-0.17484315397395456,4.438246431090704,-0.18274106417726177,-0.23901276573842267,14.794154770302347,-0.6091368805908726,-0.7967092191280756,0.4623115577889447,-0.002688442211055242,-0.002688442211055242,0.2864321608040201,-0.003567839195979916,-0.003567839195979916,0.17085427135678388,-0.004145728643216162,-0.004145728643216162,0.367816091954023,0.00339715364699289,-0.0007078572150874818,0.35158501440922185,0.371859296482412,0.0034382438508330226,0.006249947567553926,0.33838383838383834,0.3745819397993311,0.0006253454754580057,-0.0013913638714141419,0.3557046979865772,15.0,-6.0,-6.0,24.0,-10.0,-10.0,33.0,-17.0,-17.0,0.000251282388978664,0.0001056166517971016,4.326925640130653e-05,-0.07598081928607847,-0.07669713914660736,-0.07801409824848626,0.028735632183908046,-0.42817882593595413,0.0028735632183908046
36,1,test,1.7798438965959318,0.0628187478566431,0.09276952843416875,7.225108887171604,0.2550067982299371,0.376589174831774,5.928930820064988,0.36099081100428343,0.5252823492942031,24.06793699234302,1.465408242690657,2.132334289214093,1.9495530583437366,0.1450551089602028,0.2430999488575707,5.733979583363931,0.4266326734123611,0.7149998495810905,7.0255468692303165,0.9486271080089601,1.5161612753417382,20.663373144795045,2.7900797294381157,4.459297868652168,1.8069662323708244,0.06562862996726526,0.14856824357935516,6.453450829895801,0.23438796416880425,0.5306008699262685,6.091937845699612,0.3869685437113075,0.8410457309245034,21.75692087749861,1.3820305132546693,3.0037347533017957,0.4824120603015075,-0.0025879396984924696,-0.0025879396984924696,0.3517587939698492,-0.0032412060301507672,-0.0032412060301507672,0.2562814070351759,-0.00371859296482413,-0.00371859296482413,0.31784841075794623,0.011002444987775029,0.015795624834192612,0.2818627450980392,0.35678391959798994,0.015075376884422065,0.035175879396984966,0.29292929292929293,0.3210702341137124,0.01672240802675584,0.018952062430323324,0.2751677852348994,21.0,-10.0,-10.0,30.0,-13.0,-13.0,33.0,-9.0,-9.0,0.0001333640569190947,0.0002609010950297866,5.502587534526247e-05,-0.12256455416684986,-0.12317802816444168,-0.12345616873280107,0.02444987775061125,-0.5471935532063993,0.0024449877750611247
9,1,test,1.51767751618222,0.05040495377147636,0.08538595896851464,5.960998437053058,0.19797608348796736,0.33537135691247943,4.561618597708251,0.22422956195379307,0.37333269745770714,17.91671882955289,0.8807088818908007,1.4663428839905137,1.680086358264599,0.06082090907100213,0.11838913652479754,5.419633413756771,0.1961964808742005,0.381900440402573,5.366019351232313,0.3166394233339789,0.5991144733031772,17.30973984268488,1.0214174946257373,1.9326273332360557,1.546685230433223,0.04000868744114028,0.08171244935435973,5.873488216835025,0.15193172446002645,0.31030044058617623,4.695878600142508,0.18416722898142357,0.36845314929684925,17.832450380288005,0.6993692239800886,1.399189174544997,0.3517587939698492,-0.0032412060301507672,-0.0032412060301507672,0.2814070351758794,-0.003592964824120637,-0.003592964824120637,0.2562814070351759,-0.00371859296482413,-0.00371859296482413,0.29230769230769227,0.01538461538461533,0.019487179487179485,0.25617283950617287,0.29145728643216084,0.007537688442211143,0.01675041876046901,0.2525252525252525,0.28428093645484953,0.0016722408026755842,0.00891861761426982,0.25503355704697983,17.0,-8.0,-8.0,23.0,-12.0,-12.0,30.0,-13.0,-13.0,0.0007588521610120048,0.0003098648796591274,8.604127102939799e-05,-0.12178936913516658,-0.12048834143572318,-0.12231362993530936,0.046153846153846156,-0.46064898789057507,0.03076923076923077
35,1,test,1.559114167666775,-0.008213189255260156,-0.007203618533209388,5.207138579391948,-0.027430457318538437,-0.024058687140039225,4.754607593980628,-0.03921129648225552,-0.034374039471014584,15.879466139119769,-0.1309581164067577,-0.11480261726241814,1.524739852580149,0.03714752487111239,0.044329861974726326,4.01247329626355,0.09775664439766407,0.11665753151243763,4.593948310041836,0.1675230126187115,0.19920119340314368,12.089337658004832,0.4408500332071359,0.524213666850379,1.546480113425678,0.004284760778906493,0.02043176518945078,4.8836214108179306,0.013530823512335921,0.06452136375616035,4.6949154943543165,0.020073553871180927,0.09495208839934044,14.826048929539947,0.06339017011951853,0.2998487002084431,0.42713567839195976,-0.002864321608040288,-0.002864321608040288,0.2814070351758794,-0.003592964824120637,-0.003592964824120637,0.20603015075376885,-0.003969849246231116,-0.003969849246231116,0.3440233236151603,0.009234386206135592,0.013622541601475024,0.32163742690058483,0.3316582914572864,0.0033374894522738563,0.0027768223420944205,0.28787878787878785,0.3411371237458194,0.008916756467021392,0.015219437427688165,0.3120805369127517,16.0,-3.0,-3.0,24.0,-8.0,-8.0,32.0,-11.0,-11.0,0.0004930092561341057,1.4458878360405073e-05,9.303677155463178e-05,-0.10656358457199389,-0.10849811539963827,-0.11110045212723563,0.037900874635568516,-0.3201786838193555,0.0029154518950437317
37,1,test,1.5733295558813156,-0.018842164569370157,-0.053286092793161766,7.37966482163379,-0.08837872428966431,-0.24993714952982948,4.822678870245145,-0.09173120223638875,-0.2639517396428408,22.620660415197467,-0.43026302001353756,-1.2380593502295163,1.578027319454856,-0.03488723457330889,-0.029074686400925476,5.7382811616540215,-0.12686267117566885,-0.10572613236700157,4.845387974606406,-0.17202548600488754,-0.14294612303557308,17.619592634932385,-0.625547221835955,-0.5198040837657203,1.608108452494547,-0.041170184796015086,-0.04323602202945165,6.794824447160058,-0.17395852730710626,-0.18268741702585256,4.993357117004067,-0.20986794353679716,-0.2206280701091332,21.098692043679158,-0.8867659586061869,-0.9322312821512675,0.4522613065326633,-0.0027386934673366836,-0.0027386934673366836,0.3266331658291457,-0.0033668341708542604,-0.0033668341708542604,0.22613065326633164,-0.003869346733668344,-0.003869346733668344,0.35368956743002544,0.007242866922411273,0.007648511711550343,0.32397959183673475,0.3517587939698492,0.01675879396984925,0.017316198295972307,0.297979797979798,0.3511705685618729,0.0061705685618729245,0.013767682879297971,0.31879194630872487,13.0,0.0,0.0,22.0,0.0,0.0,31.0,0.0,0.0,0.00022770173324332412,1.7499574823391675e-05,2.273264355424733e-05,-0.09942239515721862,-0.09562904524730342,-0.09827359019161186,0.03307888040712468,-0.3801518662023121,0.002544529262086514
80,1,test,1.5144442610033129,-0.0049591107565067905,0.01045085713612437,4.7697917379263215,-0.015618881541521468,0.032915316400690564,4.546893538517859,-0.02260455156725616,0.04727149073586823,14.32058992972447,-0.07119377456229259,0.14888310633633317,1.5248682544670968,-0.04774019306028521,-0.03689463886787325,3.8604259606761944,-0.12086124825388644,-0.09340414903259031,4.594538219545322,-0.22466423026670235,-0.1726797189106435,11.631742327962842,-0.5687702032068405,-0.4371638453434006,1.5527984131870327,0.00420637902121368,0.004458390171468096,4.753464530164386,0.012876670473103147,0.01364813317796365,4.724673288136095,0.019832026848766837,0.02101754991799787,14.46328557592682,0.06071028627173369,0.06433943852448287,0.4120603015075377,-0.022939698492462357,-0.022939698492462357,0.3065326633165829,0.016532663316582874,0.016532663316582874,0.2211055276381909,-0.003894472361809065,-0.003894472361809065,0.36904761904761907,0.005546135368093896,0.006399397703745535,0.32835820895522383,0.3517587939698492,0.009258793969849188,0.004005050209449856,0.303030303030303,0.38795986622073575,0.02295986622073576,0.022810032702422767,0.3523489932885906,19.0,-10.0,-10.0,28.0,-14.0,-14.0,34.0,-15.0,-15.0,9.185379367653986e-05,0.00017564368860707583,4.09973186532061e-05,-0.07940182262677897,-0.08560901951837607,-0.08395886755759019,0.03571428571428571,-0.4773905291166792,0.002976190476190476
25,1,test,1.919055348312052,0.06460750821117545,0.09404741904995739,6.396851161040174,0.21535836070391845,0.31349139683319116,6.814518081799701,0.4263480964671471,0.6116738789124145,22.71506027266567,1.4211603215571564,2.0389129297080473,1.954068338321684,0.06473481574548323,0.11056814798408277,5.210848902191157,0.17262617532128832,0.2948483946242204,7.0573409058140895,0.4423824147474571,0.7387249468734902,18.819575748837572,1.1796864393265523,1.9699331916626406,1.9436116119021376,0.0703966307492323,0.11965833086154953,6.011169933717952,0.21772153839968755,0.3700773119429366,6.983928717223797,0.47473899948267917,0.7876228844970949,21.59977953780556,1.4682649468536475,2.4359470654549327,0.40201005025125625,-0.002989949748743781,-0.002989949748743781,0.3316582914572864,-0.0033417085427135396,-0.0033417085427135396,0.31658291457286436,-0.003417085427135591,-0.003417085427135591,0.33426183844011137,0.003706282884555767,0.004838573532975454,0.3184357541899442,0.3316582914572864,-0.0008417085427135929,0.0005434828050401297,0.30808080808080807,0.33444816053511706,0.004448160535117096,0.008144053986837374,0.31879194630872487,23.0,-1.0,-1.0,32.0,-1.0,-1.0,38.0,-3.0,-3.0,0.000164195829474177,8.299675973908709e-05,0.00011256163318844235,-0.09129468553889897,-0.09270910507198327,-0.09293272517518769,0.027855153203342618,-0.4452716423605795,0.002785515320334262
86,1,test,2.578505949102037,0.0589362170947938,0.0979485527789592,6.704115467665296,0.15323416444646387,0.2546662372252939,13.177435685454983,0.7541854989252066,1.2295133953620976,34.261332782182954,1.9608822972055364,3.196734827941455,2.477617941409618,0.10384621528938043,0.13941816650216587,5.505817647576929,0.23076936730973419,0.30981814778259054,11.91285347805826,1.175037374184507,1.5502886661584991,26.473007729018356,2.61119416485446,3.4450859247966648,2.5233921471797864,0.04129566304858212,0.1192569184496195,6.154614993121431,0.10072112938678579,0.29087053280395025,12.470827879453497,0.5045025295017034,1.401973764296116,30.416653364520727,1.230493974394399,3.419448205600286,0.48743718592964824,-0.007562814070351753,-0.007562814070351753,0.40703517587939697,-0.007964824120603065,-0.007964824120603065,0.39698492462311563,-0.0030150753768843908,-0.0030150753768843908,0.4267352185089974,0.004398889882553214,0.010312931118968138,0.4201030927835051,0.40201005025125625,0.011032606642233711,0.013028414191156079,0.38383838383838387,0.42140468227424754,0.004042411823496295,0.006499231773691383,0.412751677852349,28.0,-19.0,-19.0,38.0,-25.0,-25.0,43.0,-23.0,-23.0,-0.00017283800618937283,-0.00030053986525462647,-9.423526803873802e-05,-0.06747352393755968,-0.06254027289583508,-0.06565741041028161,0.9717223650385605,-0.4107197566158331,0.13110539845758354
78,1,test,1.8050184138120833,0.0014382299346966665,0.013830262454521902,7.905980652496925,0.006299447113971901,0.060576549550805936,6.080083405002833,0.008738272629627453,0.0835103331999214,26.63076531391241,0.038273634117768296,0.3657752594156527,1.6312198161479377,-0.12556241237883436,-0.13967512723855324,5.931708422356136,-0.4565905904684886,-0.5079095535947395,5.110104306038719,-0.683660052019869,-0.7660054884869156,18.58219747650443,-2.486036552799522,-2.785474503588784,1.8502598569908577,0.007380998480944978,0.014044928954105362,7.208804637626718,0.028757136938746264,0.05472050241859172,6.361472380909466,0.04678115976258024,0.08872192264729062,24.7849573282187,0.18226425881524833,0.34566982849593586,0.40703517587939697,-0.00296482412060306,-0.00296482412060306,0.27638190954773867,-0.0036180904522613577,-0.0036180904522613577,0.20603015075376885,-0.003969849246231116,-0.003969849246231116,0.3249427917620137,0.004166536054251102,0.004317180813822041,0.32339449541284404,0.321608040201005,0.011608040201004921,0.020443314743434304,0.28787878787878785,0.3311036789297659,0.0011036789297659277,0.007019328208345277,0.33221476510067116,18.0,-8.0,-8.0,26.0,-15.0,-15.0,32.0,-12.0,-12.0,0.00027644106810345646,-6.541843260545209e-05,0.00010182827624992997,-0.08656302087371603,-0.08536211196455845,-0.09051354406636847,0.9748283752860412,-0.48545017986527145,0.002288329519450801
18,1,test,2.1398339502726973,0.13250426864829556,0.21162638354286334,5.985332643516386,0.3706278818713198,0.5919404641126471,8.498026416754557,1.054611917593646,1.6208541017870592,23.769842006284488,2.9498565231242573,4.533693357172499,2.1740059378461463,0.15557909202215292,0.22669359213246265,4.9409225860139685,0.353588845504893,0.5152127093919603,8.793439550627445,1.2669642412282602,1.7836172892571582,19.98508988778965,2.879464184609681,4.053675657402632,1.9485900234086098,0.09725659729379554,0.13133925601498242,5.412750065023916,0.2701572147049873,0.3648312667082845,7.018784278984862,0.6504787504725034,0.8638704006367126,19.49662299718017,1.8068854179791742,2.3996400017686454,0.5125628140703518,-0.0024371859296482556,-0.0024371859296482556,0.40201005025125625,-0.002989949748743781,-0.002989949748743781,0.33668341708542715,-0.0033165829145728187,-0.0033165829145728187,0.36103896103896105,-0.007792207792207795,-0.010417539449797508,0.30208333333333337,0.38190954773869346,0.005025125628140725,-0.006700167504187671,0.26262626262626265,0.36789297658862874,-0.015050167224080258,-0.00891861761426982,0.2651006711409396,23.0,-12.0,-12.0,27.0,-9.0,-9.0,38.0,-15.0,-15.0,0.0012671958984801603,-0.0002349159537310429,0.0004639313994314642,-0.08075694518189636,-0.0802651568651358,-0.08602432539955895,0.9714285714285714,-0.38203540275772024,0.007792207792207792
68,1,test,1.2788481980770625,-0.04055858281844604,-0.0704279291744947,6.129651708024541,-0.19440148316427575,-0.3375683501811979,3.592499493838411,-0.1487018728867331,-0.26213476202352126,17.219221711846178,-0.7127434596984799,-1.2564390317679113,1.3727835491568365,-0.05388357458223636,-0.07218072471270687,4.575945163856122,-0.1796119152741209,-0.24060241570902274,3.9463201975720943,-0.21847508987986197,-0.2953804029923339,13.154400658573648,-0.7282502995995408,-0.98460134330778,1.291701530073934,-0.02125702908037508,-0.027205359464219647,5.098821829239213,-0.08390932531726936,-0.10738957683244532,3.638973113143721,-0.07818176944135224,-0.10035852672115775,14.364367551883108,-0.30861224779481233,-0.39615207916246575,0.4522613065326633,-0.0027386934673366836,-0.0027386934673366836,0.31155778894472363,-0.003442211055276312,-0.003442211055276312,0.20100502512562812,-0.003994974874371837,-0.003994974874371837,0.38942307692307687,0.01847469757133613,0.023831679073614498,0.33975903614457836,0.37688442211055273,0.0059571038148134026,0.007936175032088655,0.31818181818181823,0.3946488294314381,0.01568388786215591,0.027574302178935306,0.32885906040268453,20.0,-11.0,-11.0,29.0,-19.0,-19.0,34.0,-21.0,-21.0,3.45503595191399e-05,8.055817952586849e-05,-2.220423538727434e-06,-0.13953935638659054,-0.13658612853880037,-0.14006834152285563,0.028846153846153848,-0.4061663160371124,0.002403846153846154
24,1,test,1.4271026664901276,0.0030553859120245885,0.005996772367436121,5.445955003157729,0.01165963359531208,0.022884234781480828,4.166609628931991,0.012711171705031887,0.024911440715121635,15.900165480522082,0.04850700006977604,0.09506434847609668,1.4985976917528319,0.027600268850527243,0.03426830791600999,4.10574710069269,0.07561717493295106,0.09388577511235585,4.475408765284441,0.1218334333414246,0.15076667254051745,12.261393877491619,0.3337902283326688,0.4130593768233357,1.4630340398039046,0.021449834235723664,0.02181636153823696,5.044944964841051,0.07396494564042655,0.07522883289047222,4.319043820041941,0.09165625407704336,0.09320542311455693,14.893254551868763,0.3160560485415296,0.32139801073985197,0.44221105527638194,-0.0027889447236180143,-0.0027889447236180143,0.29145728643216084,-0.0035427135678391952,-0.0035427135678391952,0.19095477386934678,-0.004045226130653168,-0.004045226130653168,0.3595166163141994,0.009592031095496556,0.008762847469978241,0.2727272727272727,0.36180904522613067,0.015944383571995346,0.017902534374711676,0.2222222222222222,0.36789297658862874,0.017308669409997646,0.016391308068050336,0.27181208053691275,15.0,-5.0,-5.0,21.0,-8.0,-8.0,29.0,-12.0,-12.0,0.000789904846255255,0.0003342629805840803,0.00019723770892388307,-0.09832468243583392,-0.09555919619503683,-0.09746173317119577,0.03927492447129909,-0.4125091486297405,0.07250755287009064
47,1,test,1.2543310147705347,0.002828646348535191,-0.03169133828061499,5.296064284586702,0.011943173471593127,-0.1338078727403742,3.505492467058948,0.009901787536969575,-0.1128728466532598,14.800968194248892,0.04180754737831549,-0.47657424142487415,1.3764058205851024,0.008429363266277079,0.022647152589989394,3.7200157313110878,0.022782062881830267,0.06120852051348491,3.9606407612967955,0.03324536426646674,0.0886891664894387,10.704434489991339,0.0898523358553156,0.2397004499714548,1.3100778484084574,-0.0278938772772519,-0.03027514760624639,4.271992983940622,-0.09095829546929934,-0.09872330741167268,3.706462243165853,-0.1048430446202202,-0.11392960730408053,12.086289923366913,-0.3418794933268057,-0.37150958903504616,0.36180904522613067,-0.0031909547738693256,-0.0031909547738693256,0.2814070351758794,-0.003592964824120637,-0.003592964824120637,0.2160804020100503,-0.003919597989949675,-0.003919597989949675,0.3362637362637363,-0.0003590707538075888,-0.000979665495794535,0.31497797356828194,0.3467336683417085,0.006733668341708521,0.010627179157016275,0.31313131313131315,0.35451505016722407,0.01618171683389069,0.01933192031150821,0.3221476510067114,13.0,0.0,0.0,25.0,-4.0,-4.0,29.0,-1.0,-1.0,-0.00015543412359847992,0.0002771622752081275,2.273233384827619e-05,-0.1669432836193625,-0.18388217021552045,-0.18316885467382793,0.02197802197802198,-0.5021530720640133,0.002197802197802198
57,1,test,1.514349157801893,-0.010679951884046135,-0.07657291966880342,7.571745789009465,-0.05339975942023045,-0.38286459834401754,4.546461134947639,-0.04881619949211835,-0.3618115150781609,22.732305674738193,-0.24408099746059264,-1.8090575753908027,1.7551130612442127,-0.08806963827467928,-0.09961741999287987,6.158291442962151,-0.3090162746479974,-0.349534806992561,5.78410166272017,-0.5325085120923871,-0.6058741374221324,20.295093553404108,-1.8684509196224113,-2.125874166393448,1.6624258219495265,-0.015635517184462877,-0.009542604029780133,7.124682094069399,-0.06700935936198338,-0.040896874413343554,5.272084483155326,-0.08307957103713548,-0.050550221410780694,22.5946477849514,-0.35605530444486533,-0.21664380604619993,0.4120603015075377,-0.0029396984924623393,-0.0029396984924623393,0.321608040201005,-0.0033919597989949812,-0.0033919597989949812,0.2613065326633166,-0.003693467336683409,-0.003693467336683409,0.3017241379310345,0.003554062581195949,-0.00032864799271914436,0.2699784017278618,0.33668341708542715,0.010868880744575038,0.016149193379250137,0.2727272727272727,0.3277591973244147,0.013902769945449811,0.01630202268592751,0.28523489932885904,18.0,-9.0,-9.0,32.0,-19.0,-19.0,36.0,-19.0,-19.0,0.00039469480409221676,0.0005190661334810656,4.4889915980759364e-05,-0.11855455213304911,-0.13240122822217337,-0.1263013708457752,0.021551724137931036,-0.5249626285804155,0.040948275862068964
30,1,test,2.0181612497683994,-0.04517728485276695,-0.0625889093375136,5.726748161735971,-0.1281953724027236,-0.17760271709448272,7.524476572684526,-0.3477310530397091,-0.48599921963131276,21.351506172062074,-0.9867240137537046,-1.3790747086974022,2.059159800148446,-0.010359466728295352,-0.013343475801413263,4.733700689996428,-0.02381486604205829,-0.03067465701474248,7.839380396248525,-0.0816339122160139,-0.10530559146860696,18.021564129306952,-0.1876641660138283,-0.24208181946806206,1.9637812466780298,-0.00800570309106674,-0.01130359463908559,5.505928729003822,-0.022445896517009345,-0.031692321417996716,7.126222188540836,-0.05727939398769166,-0.0810089103205458,19.980062210862155,-0.16059643174119032,-0.22712778594545568,0.5175879396984925,-0.002412060301507535,-0.002412060301507535,0.3869346733668342,-0.0030653266331658324,-0.0030653266331658324,0.2814070351758794,-0.003592964824120637,-0.003592964824120637,0.36858006042296076,0.005628253194045141,0.0034847745653880935,0.35757575757575755,0.37688442211055273,0.006884422110552735,0.007500062709554389,0.36868686868686873,0.36789297658862874,0.0028929765886287484,0.008292532637463323,0.34563758389261745,18.0,0.0,0.0,27.0,0.0,0.0,36.0,0.0,0.0,0.0001971466529333322,-0.00010781602857148638,6.329843557804835e-06,-0.007514998748291646,-0.008507213236502942,-0.008186314187258681,0.9667673716012085,0.5040133423961847,0.0030211480362537764
7,1,test,1.9225137958646838,0.11529124555157089,0.1642547468263429,5.586435015519842,0.3350129671462314,0.4772909672272716,6.838126535950861,0.7446270171442215,1.0357995066410917,19.870208267509387,2.1637350280784986,3.0098232040802735,2.1025475106827716,0.17867014381635804,0.24421656293101113,5.256368776706928,0.44667535954089477,0.6105414073275277,8.186999838621627,1.3395426715769156,1.7739756770532855,20.467499596554067,3.348856678942287,4.4349391926332125,1.9544440811112684,0.09989627645904586,0.149286670424567,5.188789595870625,0.2652113534310958,0.3963362931625678,7.059993149022516,0.6711845412241839,0.979064572692244,18.74334464342261,1.7819058616571262,2.5992864761741004,0.46733668341708545,-0.002663316582914521,-0.002663316582914521,0.371859296482412,-0.003140703517587995,-0.003140703517587995,0.29648241206030146,-0.0035175879396985854,-0.0035175879396985854,0.355,0.010860349127182034,0.01580156402737043,0.3157894736842105,0.35678391959798994,0.001783919597989958,0.009030175837590582,0.303030303030303,0.35785953177257523,0.0061928651059085515,0.013797378609423205,0.3087248322147651,15.0,-1.0,-1.0,26.0,-2.0,-2.0,31.0,1.0,1.0,0.00035166210649070176,0.0004116336530282439,9.996682561164601e-05,-0.045199509371822266,-0.04942387219929589,-0.047456439915263715,0.0275,-0.5723486016621063,0.0125
32,1,test,1.5542021011779403,0.052975172625495004,0.10435863624141817,5.587726601854024,0.19045835872499417,0.37519414458224176,4.7313099120765765,0.2441187548113728,0.46886267158170014,17.010185636275313,0.8776650470599385,1.685672938305638,1.6366952778837058,0.07525576388592747,0.16286357083737313,5.195858025027637,0.23890718693945168,0.5170272090075336,5.138161228838722,0.37248466092281873,0.7722291243322745,16.311622948694357,1.1824909870565676,2.451521029626269,1.5299424638903587,0.06503490568707404,0.10301018659766759,5.597350477647654,0.23793258178197885,0.37686653633293066,4.617911118015659,0.2907679050974723,0.45201137387430546,16.89479677322802,1.0637850186492877,1.6537001483206275,0.3015075376884422,-0.0034924623115578646,-0.0034924623115578646,0.27638190954773867,-0.0036180904522613577,-0.0036180904522613577,0.24120603015075381,-0.0037939698492461815,-0.0037939698492461815,0.2790697674418605,0.002121177060434354,0.0050366182705897655,0.26,0.2814070351758794,0.005717812118235299,0.009286834841989555,0.2525252525252525,0.274247491638796,0.002127291304906187,0.0028348108824000073,0.25503355704697983,21.0,-7.0,-7.0,26.0,-4.0,-4.0,34.0,-8.0,-8.0,0.0005937908275618736,0.00012790690611856902,0.00010520440378608843,-0.147871587002264,-0.1482504676548544,-0.14842758537325018,0.03322259136212625,-0.7069526386895597,0.006644518272425249
0,1,test,1.2885615649741267,0.0013349907669086836,-0.0028694415181738098,6.013287303212591,0.006229956912240375,-0.01339072708481126,3.6275647848189583,0.004839534408469071,-0.010424033428219737,16.928635662488475,0.022584493906190772,-0.04864548933169033,1.3313299447660056,-0.003181418453308993,-0.00233282220777542,4.671333139529844,-0.01116287176599684,-0.008185341079913755,3.7860753117810666,-0.012064270433178148,-0.008842550606707356,13.284474778179183,-0.04233077344974667,-0.031026493356867135,1.301068854611727,-0.004944409018159179,-0.008266204607778826,5.6568211070075085,-0.02149743051373587,-0.03594002003382091,3.6732207090255153,-0.018206879637105544,-0.030489436297655104,15.970524821850066,-0.07916034624828328,-0.13256276651154408,0.44723618090452266,-0.0027638190954772934,-0.0027638190954772934,0.31155778894472363,-0.003442211055276312,-0.003442211055276312,0.17085427135678388,-0.004145728643216162,-0.004145728643216162,0.3911845730027548,0.007942814760996564,0.007020350128854491,0.3729281767955801,0.3919597989949749,-0.0005402010050250539,0.005936504485823502,0.36363636363636365,0.39799331103678925,0.004659977703455942,0.008426163423026822,0.37583892617449666,18.0,-9.0,-9.0,31.0,-19.0,-19.0,37.0,-21.0,-21.0,5.612056244669529e-05,6.337312279186148e-05,3.9361830001346676e-05,-0.10194363555397867,-0.1081927068000832,-0.10943142748351509,0.027548209366391185,-0.36606632317100285,0.0027548209366391185
31,0,test,2.2348789693774034,0.0943254794106192,0.0943254794106192,8.50850350484397,0.35911057518471345,0.35911057518471345,9.345350710131768,0.8412074256483013,0.8412074256483013,35.57908520357309,3.2025968419324613,3.2025968419324613,2.3566060481095,0.13618748498697508,0.2099997600408572,7.034644919729851,0.4065298059312692,0.6268649553458419,10.555067201885208,1.343881680193503,1.9992939598446675,31.507663289209574,4.011587105055231,5.96804167117811,2.285583991860495,0.0627520382758866,0.10690419046833011,7.7042157029005445,0.21152372452546064,0.3603512038258323,9.831426020630094,0.5979834650020699,0.9967909372865513,33.13963827178683,2.0156746011305735,3.3599694515277,0.542713567839196,-0.0022864321608039306,-0.0022864321608039306,0.42713567839195976,-0.002864321608040288,-0.002864321608040288,0.33668341708542715,-0.0033165829145728187,-0.0033165829145728187,0.37969924812030076,-0.0005549063274020716,-0.0005549063274020716,0.3634651600753296,0.3869346733668342,0.021019886399415655,0.0229947735337791,0.3484848484848485,0.3846153846153846,0.012328239373314509,0.01642851031060144,0.3557046979865772,18.0,-5.0,-5.0,29.0,-9.0,-9.0,34.0,-5.0,-5.0,0.00031487724881121824,0.0001328956901882309,0.00024333614949552222,-0.012491234202466117,-0.01186354361798525,-0.011380251289032195,0.018796992481203006,-0.8740897994119311,0.0018796992481203006
40,0,test,2.395102965746755,0.07024765610974182,0.05419297842684223,8.301823061723715,0.24348999598940502,0.18784182747950595,10.969327465928242,0.7441269751468536,0.5786398100240078,38.021503472127215,2.5792671845315738,2.005661296399005,2.6261772353622,0.165648648038224,0.2511012206171479,6.179240553793412,0.38976152479582105,0.5908264014521123,13.820834988476891,2.1098347980094676,3.0690045358123808,32.51961173759268,4.9643171717869805,7.221187143087953,2.521452131487614,0.0831285101044239,0.1377533609586612,6.939776508681507,0.2287940645075892,0.3791376907119117,12.446657730487802,0.9928340358392962,1.6017160086487152,34.256856138957254,2.7325707408420996,4.408392684354265,0.5778894472361809,-0.002110552763819218,-0.002110552763819218,0.507537688442211,-0.0024623115577889765,-0.0024623115577889765,0.40201005025125625,-0.002989949748743781,-0.002989949748743781,0.4565217391304348,0.01026766746919705,0.014684006970121954,0.4139433551198257,0.457286432160804,0.013677409604412993,0.018221323646613663,0.38888888888888884,0.4581939799331104,0.01745942233711706,0.026603323648349497,0.40604026845637586,25.0,0.0,0.0,36.0,1.0,1.0,46.0,0.0,0.0,0.0004054136123087951,0.00042946080280755426,0.00013580356622692002,-0.10927243669383735,-0.11947281049052094,-0.11460462911212677,0.021739130434782608,-0.7125080133420599,0.043478260869565216
39,0,test,2.0778226158891555,0.03995716274565764,0.02850392500325416,6.5531328654965675,0.12601874404399727,0.08989699424103215,7.987059071702274,0.3128483306486842,0.22444850476565215,25.189955533830247,0.986675504353542,0.7078760534916704,2.203997315668909,0.10033139696009563,0.17137730959987918,5.310836905226287,0.24176240231348345,0.41295737252982967,9.061161526712755,0.8650001595538512,1.4271000594363947,21.83412416075363,2.0843377338647002,3.4387953239431184,2.0350995972635237,0.0683016861236796,0.12629784985700976,5.814570277895783,0.19514767463908456,0.36085099959145683,7.653014306805089,0.5052622391578021,0.908012568302734,21.865755162300253,1.4436063975937188,2.594321623722095,0.42713567839195976,-0.002864321608040288,-0.002864321608040288,0.3517587939698492,-0.0032412060301507672,-0.0032412060301507672,0.29145728643216084,-0.0035427135678391952,-0.0035427135678391952,0.3177777777777778,0.002572450363793388,8.471814923427523e-05,0.3051224944320713,0.3417085427135679,0.008375209380234505,0.01449652268017887,0.31818181818181823,0.3177257525083612,0.0105471214566083,0.011830313131275583,0.2919463087248322,21.0,-6.0,-6.0,27.0,-1.0,-1.0,32.0,-2.0,-2.0,2.1944092716987278e-05,0.00038429441121779346,3.604170282318664e-05,-0.12257199204863944,-0.13407939426841953,-0.125411135627866,0.9711111111111111,-0.4574237765065322,0.0022222222222222222
14,0,test,2.0144017851590372,0.11459783820685066,0.0998500345821729,7.64481988957897,0.4349081892604252,0.37893906566841107,7.496241676606813,0.8116578958265217,0.7123444392685032,28.44885160876192,3.080308243997372,2.7034055359124345,2.220932031694777,0.1674441751688076,0.2493711948079529,6.345520090556506,0.47841192905373564,0.7124891280227228,9.215916390442546,1.4208746557743135,2.034038906539923,26.331189686978703,4.059641873640896,5.811539732971209,2.0569461516059673,0.1512993939522953,0.2528759676012682,6.856487172019891,0.5043313131743181,0.8429198920042271,7.8220459565176315,1.0982910949194853,1.74772513527218,26.07348652172544,3.6609703163982843,5.825750450907268,0.4773869346733668,-0.0026130653266331905,-0.0026130653266331905,0.40703517587939697,-0.00296482412060306,-0.00296482412060306,0.3467336683417085,-0.003266331658291488,-0.003266331658291488,0.3874458874458875,0.010148590148590153,0.010124284317832744,0.3709327548806941,0.40201005025125625,0.018551403634714858,0.028053455927383175,0.36868686868686873,0.4013377926421404,0.00901725841843426,0.018690406657713265,0.37583892617449666,23.0,-7.0,-7.0,33.0,-8.0,-8.0,42.0,-9.0,-9.0,0.000434931654911252,0.000432337419530354,3.794675038414222e-05,-0.11232511254981947,-0.11617075180514735,-0.11545664990006888,0.025974025974025976,-0.541979215273632,0.0021645021645021645
78,0,test,2.600002975134382,-0.023315284092617627,-0.05087302154328732,6.822826599178144,-0.061183060941029765,-0.13349900284178062,13.463778091491216,-0.31759988978201115,-0.7026648769932304,35.331122374315875,-0.8334332678172203,-1.84390581815002,2.8250583828623883,0.016743152780930526,0.04917391337387178,5.885538297629976,0.03488156829360545,0.10244565286223306,16.86192940505621,0.27997151685835675,0.8091104579363382,35.129019593867106,0.5832739934549096,1.685646787367375,2.6306535930671164,-0.05440740701773494,-0.05031521435725761,6.522281635703595,-0.13489439756463195,-0.12474846534857242,13.882840665923965,-0.7762548931389173,-0.7163896235334963,34.42026611386107,-1.9245989086088855,-1.776172620330982,0.5728643216080402,-0.0021356783919597166,-0.0021356783919597166,0.4773869346733668,-0.0026130653266331905,-0.0026130653266331905,0.4321608040201005,-0.002839195979899567,-0.002839195979899567,0.4128205128205128,0.0005285794018188295,-0.001646740356417764,0.39588688946015427,0.4371859296482412,0.0036019697484918067,0.0014597192976568696,0.4242424242424242,0.41137123745819393,-0.004321583910754323,-0.006871254199203203,0.3926174496644296,24.0,-10.0,-10.0,34.0,-9.0,-9.0,40.0,-6.0,-6.0,7.404720393063216e-05,0.00022378263754105286,2.6944700430337664e-05,-0.03807738193999999,-0.035572414415018905,-0.03718461059087286,0.9666666666666667,0.2601542048443628,0.023076923076923078
83,0,test,2.424431262321255,0.06263316217352388,0.052192896353675966,8.367022175980873,0.21615504840336364,0.18012435658900294,11.29580324313249,0.6857910679187871,0.5744394617076125,38.983260816524904,2.3667526328926556,1.9824640069458184,2.6393859753869853,0.13309014708524236,0.205676524426194,7.03836260103196,0.35490705889397933,0.5484707318031834,14.004601796943307,1.7451669969642367,2.6035062549178942,37.34560479184882,4.653778658571298,6.942683346447719,2.574379857023086,0.08118018641224589,0.14051069702774432,7.498193758319667,0.23644714489003604,0.409254457362362,13.123176388857997,1.023246350757189,1.720259843459278,38.22284385104271,2.980329176962684,5.010465563473623,0.5276381909547738,-0.007361809045226098,-0.007361809045226098,0.42211055276381915,-0.007889447236180902,-0.007889447236180902,0.39698492462311563,0.0019849246231156137,0.0019849246231156137,0.37554585152838427,-0.010495587948169738,-0.01155092266516411,0.3522975929978118,0.40201005025125625,0.006020075313912909,0.0046811687821410874,0.36868686868686873,0.4013377926421404,0.007347809336631261,0.008679283187190467,0.37248322147651003,24.0,-6.0,-6.0,38.0,-8.0,-8.0,44.0,-5.0,-5.0,0.0004967090142559792,0.00026835142390710495,0.0002015485945319844,-0.019194201518971887,-0.021108345101888304,-0.02291655303947593,0.03056768558951965,-0.296726413888706,0.05895196506550218
19,0,test,2.727429448574528,0.011286753688768858,0.009331689780358143,7.334573787382853,0.030352216000879118,0.025094679274206833,15.29352365976755,0.17164376199993114,0.14205060155061666,41.127178490455975,0.4615825491619745,0.3820009420077355,2.790622701224946,0.023944485927667625,0.057961729764095526,6.066571089619448,0.052053230277538276,0.12600376035672944,16.291161169955863,0.3854503580932569,0.9174194427780975,35.41556776077361,0.8379355610722925,1.9943900929958644,2.8425329638237384,0.02272733850858355,0.03889368708503982,6.767935628151759,0.05411271073472257,0.09260401686914221,17.159174105024324,0.38558411103963053,0.6545716820251606,40.8551764405341,0.9180574072372139,1.5585040048218062,0.5778894472361809,-0.002110552763819218,-0.002110552763819218,0.4773869346733668,-0.0026130653266331905,-0.0026130653266331905,0.44221105527638194,-0.0027889447236180143,-0.0027889447236180143,0.4282115869017632,-0.0026929357113021357,-0.006783525512704003,0.4065656565656566,0.44723618090452266,0.004736180904522658,0.006304400538466037,0.40909090909090906,0.4548494983277592,0.0031828316610925667,0.004239065475373005,0.4295302013422819,27.0,-2.0,-2.0,36.0,-2.0,-2.0,45.0,-6.0,-6.0,0.0001716546528991589,0.00012329355477698955,0.00010684649670936158,-0.029482387231913876,-0.0331089816601251,-0.031432118302572754,0.02518891687657431,-0.5987044232472831,0.007556675062972292
67,0,test,2.050111549627987,0.006352091845110319,0.006352091845110319,9.90584872652107,0.030692408384338066,0.030692408384338066,7.7687676611164544,0.04919152575933783,0.04919152575933783,37.53758533601402,0.23768648729733144,0.23768648729733144,2.0775970292448327,0.00866699376475788,0.007670903168157217,6.492490716390102,0.02708435551486854,0.02397157240049097,7.985257501061058,0.06890912812765748,0.06101979936317914,24.953929690815805,0.21534102539892785,0.19068687300993403,2.089466468357134,0.007248665921143704,0.026859256895554573,7.934682791229623,0.02752657944738157,0.10199717808438447,8.080602756740257,0.058361811644900286,0.21415015412245264,30.685833253444017,0.22162713282873625,0.8132284333764019,0.5175879396984925,-0.002412060301507535,-0.002412060301507535,0.3919597989949749,-0.0030402010050251116,-0.0030402010050251116,0.2814070351758794,-0.003592964824120637,-0.003592964824120637,0.381651376146789,0.0023747388056355456,0.0023747388056355456,0.37316176470588236,0.371859296482412,-0.001574287477487779,0.007919396649356925,0.36363636363636365,0.3712374581939799,0.005628109279121829,0.0030505838891967674,0.3657718120805369,22.0,-12.0,-12.0,31.0,-15.0,-15.0,39.0,-17.0,-17.0,0.0005678027442812866,0.00011711912256441372,1.4393586628443631e-05,-0.03450320068369184,-0.03196047726437801,-0.029595787123149364,0.02018348623853211,-0.1383166116224357,0.001834862385321101
16,0,test,2.4800761596255434,0.06549414725148983,0.07258528889376414,8.029896936409976,0.21205447676531275,0.2350139073972919,11.94217389470795,0.7570797453352238,0.8361142785132305,38.66591967307539,2.451244210421038,2.7071392374239522,2.5249955901767716,0.09643236674422617,0.1431015882498703,5.7386263413108445,0.21916446987324179,0.32523088238606856,12.490840181088183,1.1482665580818239,1.6654534181639704,28.38827313883678,2.609696722913238,3.785121404918115,2.4548762181730175,0.06553805268605828,0.11594280244911248,6.882830518242105,0.18375154958707896,0.32507327789470786,11.644992021276257,0.7387186155196961,1.274822019469596,32.649510340026886,2.0711736883729763,3.5742673443072768,0.5477386934673367,-0.002261306532663321,-0.002261306532663321,0.4723618090452262,-0.0026381909547738003,-0.0026381909547738003,0.40201005025125625,-0.002989949748743781,-0.002989949748743781,0.43073593073593075,0.005871065871065895,0.008448540706605279,0.41865509761388287,0.44221105527638194,0.01614589236911379,0.016501539416615696,0.4191919191919192,0.43143812709030105,0.009067509394140805,0.016532676589744888,0.412751677852349,24.0,-15.0,-15.0,33.0,-19.0,-19.0,41.0,-18.0,-18.0,3.5470838702908623e-06,0.00023766019359711883,1.5926912769507956e-05,-0.11714405606356237,-0.11798596632300384,-0.11705771285656041,0.9761904761904762,0.5157625126160856,0.0021645021645021645
3,0,test,2.345301304955681,0.1062417778631195,0.1399723060531115,6.633852262588926,0.3005124573842526,0.39592166569308684,10.436416797963908,1.0519155312590858,1.363180636358532,29.520150371383625,2.9754182169899863,3.8558537999855638,2.470294479867389,0.1809358361195743,0.29390317145567346,5.8816535234937835,0.43079960980851073,0.6997694558468419,11.82592883688956,1.95732247820448,3.0114886371806406,28.15697342116562,4.6602916147725715,7.170211040906288,2.4196741182447288,0.18801800631622712,0.30091742988832104,6.367563469065075,0.49478422714796544,0.7918879733903186,11.242195091592965,1.926914632515814,2.921409367580429,29.584723925244646,5.070827980304774,7.687919388369551,0.4371859296482412,-0.002814070351758735,-0.002814070351758735,0.40201005025125625,-0.002989949748743781,-0.002989949748743781,0.37688442211055273,-0.003115577889447274,-0.003115577889447274,0.379746835443038,0.0004800844948711358,-0.0005073190046648302,0.36548223350253806,0.39698492462311563,0.006007481014093097,0.014681084890227458,0.36868686868686873,0.3913043478260869,0.005661609929592748,0.01310635005078098,0.37248322147651003,20.0,0.0,0.0,30.0,0.0,0.0,35.0,0.0,0.0,0.00021275483202293143,0.0002913357559974877,0.0001402568889259036,-0.09254027594946024,-0.09971254792032536,-0.09660199170283601,0.02531645569620253,-0.9425676418336487,0.035443037974683546
2,0,test,2.2970146563673763,0.12675361745657243,0.13171776388193024,7.557353564078926,0.41702907728078387,0.43336149796268675,9.94445049487288,1.1838799027790863,1.227260894085921,32.71800124649017,3.89505525265486,4.037782025580398,2.5030981238057426,0.14164580297620022,0.21599956667012554,6.105117375135958,0.34547756823463427,0.5268282113905496,12.220295361730665,1.6139512750817548,2.373967722756529,29.805598443245525,3.936466524589644,5.7901651774549485,2.3922581579471287,0.06176394537155261,0.1356934344089762,6.645161549853135,0.17156651492097907,0.37692620669159993,10.938166182543032,0.6551439061627065,1.3879410955058447,30.383794951508424,1.819844183785296,3.855391931960682,0.5175879396984925,-0.002412060301507535,-0.002412060301507535,0.4623115577889447,-0.002688442211055242,-0.002688442211055242,0.37688442211055273,-0.003115577889447274,-0.003115577889447274,0.41162790697674423,0.014415363422737304,0.013778444611152851,0.365967365967366,0.42211055276381915,0.008576718177352949,0.019773324049294994,0.3434343434343434,0.4147157190635451,0.014047939430823941,0.0231695566608755,0.3557046979865772,23.0,-4.0,-4.0,37.0,-10.0,-10.0,43.0,-9.0,-9.0,0.0005914135028300566,0.00044484913214522996,0.00023748901882121308,-0.10281286781227994,-0.11196638389448754,-0.10898231157817939,0.023255813953488372,-0.5062099310331328,0.027906976744186046
32,0,test,2.0968337575595997,0.10240574718310835,0.11222112634851533,7.061396036487475,0.34486641330782053,0.37792114608544125,8.14035472894658,0.7923558824089874,0.8641264732066469,27.413841660717157,2.668374956936148,2.9100729759459156,2.1195239063967914,0.15952489332302977,0.24950406283937698,5.505256899731926,0.4143503722676094,0.6480625008814984,8.327172030461664,1.2278519718137293,1.8387468790153854,21.629018260939386,3.189225900814879,4.77596591952048,2.133476014378327,0.09418467488053706,0.17914941056417133,6.154257733783635,0.271686562155395,0.5167771458581862,8.444167905477526,0.7590068069209499,1.3850040966525174,24.35817665041594,2.189442712271969,3.9952041249591836,0.4824120603015075,-0.0025879396984924696,-0.0025879396984924696,0.38190954773869346,-0.0030904522613065533,-0.0030904522613065533,0.3065326633165829,-0.0034673366834171437,-0.0034673366834171437,0.3522975929978118,0.014592674965024921,0.017009225451379728,0.32675438596491224,0.37688442211055273,0.03101976045641741,0.039655707586345734,0.31818181818181823,0.3612040133779264,0.01896695160831041,0.028612244746113236,0.325503355704698,22.0,-7.0,-7.0,30.0,-3.0,-3.0,41.0,-11.0,-11.0,0.00019189965789911956,0.00014121843711209167,8.940051035521205e-05,-0.07494027334046205,-0.07560221020428948,-0.08237382776466973,0.9715536105032823,0.578676412567752,0.002188183807439825
50,0,test,2.3708341131749284,0.06295836325040671,0.07477645426755863,7.149259457558505,0.1898511884062648,0.22548868767504082,10.706318842314959,0.6532720706112034,0.7713806089757913,32.28494596636061,1.969944460990373,2.326101216213818,2.480659510804593,0.09829762432025202,0.14520103633230086,6.125085211863192,0.2427101835067953,0.3585210773637062,11.949142408277533,1.1186894289488478,1.6149455994316337,29.504055329080327,2.762196120861354,3.9875199985966283,2.4508741993368406,0.05409755872063027,0.10845489593170843,6.807983887046779,0.1502709964461948,0.3012635998103006,11.598481673580153,0.6107797477906995,1.192099344528474,32.21800464883376,1.6966104105297255,3.3113870681346533,0.4974874371859297,-0.002512562814070307,-0.002512562814070307,0.40703517587939697,-0.00296482412060306,-0.00296482412060306,0.38190954773869346,-0.0030904522613065533,-0.0030904522613065533,0.37371134020618557,0.0043419708368162,0.004209873930525743,0.351421188630491,0.3869346733668342,0.0034760267502927933,0.006300282715749006,0.3484848484848485,0.3812709030100334,0.003975410522554235,0.006409946391568444,0.3557046979865772,22.0,-9.0,-9.0,34.0,-13.0,-13.0,40.0,-12.0,-12.0,0.0009298664703456171,0.00023192843733303446,0.0002693555544709521,-0.06796327751650377,-0.07013749992767959,-0.07141097292009135,0.9716494845360825,0.5776556920862451,0.03865979381443299
76,0,test,2.077031494667506,0.0738748941875933,0.10071900803508504,7.621963788467365,0.2710944777776856,0.3696027884144639,7.980742838554553,0.56832559008578,0.7646583829192632,29.286475952195726,2.085551942189781,2.806023173034081,2.0667988158238586,0.07609610393052213,0.12931968134550154,6.458746299449558,0.2378003247828815,0.4041240042046921,7.899494861322351,0.5788185797888108,0.9582638740417222,24.685921441632345,1.8088080618400326,2.9945746063803824,2.0790960888848544,0.09159081876525343,0.1441294897035139,7.087827575743822,0.3122414276088188,0.4913505330801611,7.99723685493572,0.699930627452642,1.0734240644350876,27.263307460008136,2.386127139043097,3.6594002196650735,0.40201005025125625,-0.002989949748743781,-0.002989949748743781,0.3467336683417085,-0.003266331658291488,-0.003266331658291488,0.321608040201005,-0.0033919597989949812,-0.0033919597989949812,0.35121951219512193,0.00651792876028634,0.009088524902844286,0.3374083129584352,0.3467336683417085,0.01340033500837512,0.017852199226516485,0.31818181818181823,0.34782608695652173,0.008927923350511735,0.015234318324708562,0.32885906040268453,21.0,-5.0,-5.0,26.0,-5.0,-5.0,32.0,-6.0,-6.0,0.00026247526956763815,0.00017138118788519093,6.545333572796837e-05,-0.21069691140689173,-0.21626631226865545,-0.21451071927902632,0.024390243902439025,-0.6151952251399991,0.0024390243902439024
72,0,test,2.5537268272123312,0.19932108028092443,0.2880723319489662,7.323187225094186,0.5715825096291223,0.826089775441889,12.854922696618953,2.3230542900052153,3.217492506812487,36.86338126236318,6.661699802220841,9.226632923947577,2.6461904304494634,0.24187024560736736,0.36912641858136785,6.454123001096253,0.5899274283106521,0.9003083380033363,14.100220427944285,3.029318871228675,4.352202139654265,34.39078153157143,7.388582612752867,10.615127169888453,2.6072198138636824,0.20215542586749446,0.3221229220791759,6.801442992687867,0.5273619805238985,0.8403206662935023,13.561295467003301,2.4821518439250507,3.7346571685903402,35.3772925226173,6.475178723282738,9.742583918061754,0.4974874371859297,-0.002512562814070307,-0.002512562814070307,0.4321608040201005,-0.002839195979899567,-0.002839195979899567,0.42211055276381915,-0.0028894472361808976,-0.0028894472361808976,0.41645244215938304,0.01080417515039711,0.015670428474143572,0.3969072164948454,0.42211055276381915,0.003564186849032147,0.018103874967491884,0.38888888888888884,0.4247491638795987,0.015734138837862455,0.02541657211096693,0.3993288590604027,25.0,0.0,0.0,35.0,0.0,0.0,39.0,1.0,1.0,0.0004264851562661681,3.24731447552596e-05,0.00017215466618090275,-0.057575718493095174,-0.0657282669612318,-0.06213029735959097,0.02570694087403599,-0.7361937815250897,0.012853470437017995
55,0,test,2.6278733249408894,-0.013451211388965767,-0.0382175343668556,6.968102816456165,-0.0356674056830002,-0.1013381072566304,13.844296253248682,-0.18748064954765908,-0.5393352560962761,36.709714581194895,-0.49712610944573044,-1.4301083242294794,2.7831766996540477,0.08997603516443187,0.13860398299551857,6.2543296621439275,0.20219333744816215,0.31146962470903095,16.170307654398286,1.3914050438865342,2.092878907316795,36.33777000988379,3.1267529076101894,4.70309866812763,2.6962642892814395,-0.0032894422983589244,0.025820846749369242,6.471034294275454,-0.007894661516061774,0.06197003219848618,14.824249049715245,-0.04884380225754725,0.37787514045360204,35.578197719316584,-0.11722512541811625,0.9069003370886435,0.5728643216080402,-0.0021356783919597166,-0.0021356783919597166,0.44723618090452266,-0.0027638190954772934,-0.0027638190954772934,0.40201005025125625,-0.002989949748743781,-0.002989949748743781,0.4024390243902439,-0.0007278452808888725,-0.005185609040841088,0.39119804400978,0.42211055276381915,0.01358924950567375,0.018103874967491884,0.398989898989899,0.41137123745819393,0.0023562124164576703,0.006476910428160565,0.3959731543624161,26.0,1.0,1.0,35.0,0.0,0.0,41.0,1.0,1.0,6.429846509710518e-06,0.00026549890856099323,2.2316546368383355e-05,-0.025938778605608448,-0.030866712765199367,-0.02870190067165268,0.026829268292682926,-0.3128645233853597,0.007317073170731708
34,0,test,2.6332784226095254,0.1899503074820208,0.26775341779933814,7.052766684331806,0.5087480263329649,0.7171297833366888,13.919328622620432,2.408040669114035,3.269700166366185,37.280439597647735,6.4495075263683646,8.757308837190557,2.626164070100691,0.17399171974740568,0.2980420282256282,6.328106193013714,0.41925715601784574,0.7181735619894658,13.820653034767734,2.207105003325731,3.5619949331282683,33.302778397030686,5.318325309218629,8.583120320791007,2.61452330192963,0.20381783485967864,0.33229370983775786,6.820495570251208,0.5316986996339441,0.8668531560984993,13.660702794848692,2.5188842355898178,3.8622000575893196,35.6366159865618,6.571002353712565,10.07530449805909,0.44723618090452266,-0.0027638190954772934,-0.0027638190954772934,0.40201005025125625,-0.002989949748743781,-0.002989949748743781,0.3919597989949749,-0.0030402010050251116,-0.0030402010050251116,0.40314136125654454,0.005755740341511828,0.01017948442369998,0.40157480314960625,0.39698492462311563,0.006007481014093097,0.009672737644818463,0.3939393939393939,0.4046822742474916,0.012361740023785428,0.017585500053943215,0.40268456375838924,27.0,-15.0,-15.0,32.0,-6.0,-6.0,38.0,-6.0,-6.0,7.857941558752615e-05,-0.00010563785746639783,6.719837175492311e-05,-0.08354597563562649,-0.08965410380238126,-0.0882587400635737,0.031413612565445025,-0.30198576733712,0.002617801047120419
66,0,test,1.8322301496538569,0.04622096687129473,0.06126603581094625,6.931361226520722,0.17485478976782254,0.23177056943574925,6.247804672556983,0.2822073837120902,0.37128841077728847,23.635562959390093,1.0675958572504527,1.4045910634121945,1.8815243021295947,0.02831316432704667,0.07066110716203977,5.5338950062635135,0.08327401272660762,0.20782678577070524,6.563502001003193,0.18322739704917712,0.4477777841802668,19.304417650009388,0.5389041089681648,1.3169934828831344,1.8301519340004726,0.032568491474002315,0.08455553502589153,6.239154320456157,0.11102894820682607,0.28825750577008513,6.234833869818218,0.19978807620343098,0.505516454098025,21.255115465289382,0.6810957143298779,1.7233515480614514,0.4371859296482412,-0.002814070351758735,-0.002814070351758735,0.3417085427135679,-0.003291457286432098,-0.003291457286432098,0.27638190954773867,-0.0036180904522613577,-0.0036180904522613577,0.36250000000000004,0.0083852867830424,0.0096163245356794,0.3408521303258145,0.3517587939698492,0.009258793969849188,0.010660624252711082,0.31313131313131315,0.36454849498327757,0.0028818283166108793,0.009387562685830297,0.3355704697986577,21.0,-3.0,-3.0,30.0,-6.0,-6.0,37.0,-5.0,-5.0,0.0002956969573215701,0.0002482648690965774,9.945971200214891e-05,-0.10300520902789767,-0.10982499061029571,-0.10629570593740034,0.025,-0.4728228702217786,0.0025
48,0,test,2.8733328721437252,0.02972992740088687,-0.006785218151209804,6.952756085681113,0.07193908358733125,-0.016418552563421507,17.695898191732923,0.5183542719056149,-0.12047880487084939,42.819704266415464,1.254289349302475,-0.29152895993440353,3.1031249972609585,0.03245283797448728,0.08364716254259719,6.3981958706411515,0.06691306798863295,0.17246837637648849,22.2674283196316,0.7110411873120093,1.786833683475475,45.9122233394466,1.466064303736104,3.684193161805105,2.980530704431036,0.03004936631250077,0.0571735091604344,6.574700083303757,0.06628536686581121,0.12611803491272333,19.698267829292874,0.5831154635910316,1.0946290427477798,43.45206138814605,1.2862841108625744,2.414622888414222,0.5879396984924623,-0.002060301507537776,-0.002060301507537776,0.5326633165829145,-0.0023366834170853723,-0.0023366834170853723,0.4773869346733668,-0.0026130653266331905,-0.0026130653266331905,0.44501278772378516,0.005676900112035477,0.001220021350373579,0.4,0.4623115577889447,0.0036649412475913135,0.006551958456724405,0.4040404040404041,0.46153846153846156,0.00744831128804424,0.01103790536493543,0.4093959731543624,29.0,-11.0,-11.0,39.0,-9.0,-9.0,47.0,-12.0,-12.0,0.0006264446796395098,0.0005465657463556916,0.00017190110623611595,-0.048708784548557205,-0.049046970040302895,-0.051048277566668965,0.03580562659846547,-0.4479953785861958,0.15089514066496162
37,0,test,2.122146820675139,0.10889747138139239,0.12032678349491066,6.972768125075456,0.35780597739600406,0.39535943148327846,8.349042158075324,0.8614344432323531,0.9465254566350376,27.43256709081892,2.830427456334874,3.1100122146579814,2.275030307214196,0.21320984210907667,0.30917470942134995,5.617358783244928,0.5264440545903124,0.7633943442502469,9.728213843152803,1.8679477095482921,2.587194025237344,24.02028109420445,4.612216566785907,6.388133395647763,2.1788427010422655,0.11848149954614007,0.2011744370522086,6.1089047692773795,0.3321911202228227,0.5640404777164729,8.836074359532997,0.987270061300686,1.610199864924999,24.77404026037289,2.7680469008430464,4.514579060537383,0.4824120603015075,-0.0025879396984924696,-0.0025879396984924696,0.4371859296482412,-0.002814070351758735,-0.002814070351758735,0.3417085427135679,-0.003291457286432098,-0.003291457286432098,0.4174311926605505,0.009641960129049942,0.01664917897531104,0.38620689655172413,0.40201005025125625,0.003513809649752453,0.01135896510935308,0.35858585858585856,0.40802675585284276,0.0023506289747124987,0.010918858188771585,0.3691275167785235,21.0,1.0,1.0,34.0,0.0,0.0,40.0,1.0,1.0,0.00030004162970204064,0.0003938019246296864,5.193495126950074e-05,-0.11047558279967351,-0.10923328467379623,-0.10719656041007752,0.02522935779816514,-0.6263994647096065,0.009174311926605505
73,0,test,2.5776315151950344,-0.025619958502586915,-0.02442365638002819,6.68465772940579,-0.06644109238337581,-0.06333868221220662,13.165917925378155,-0.3416683467803221,-0.3255188544143053,34.143613819814014,-0.8860599126503033,-0.8441788957810985,2.6258808312565396,0.006913418390513737,0.026225951722377072,6.03650765806101,0.015892915840261423,0.06028954418937271,13.816739043300121,0.09519146942900036,0.3576468181128476,31.762618490345105,0.2188309642045958,0.8221765933628653,2.6484070474708727,-0.013789573516845177,-0.01366139039986658,6.790787301207366,-0.035357880812423303,-0.0350292061535038,14.13150988210739,-0.196217261344243,-0.19438080632355437,36.23464072335228,-0.5031211829339597,-0.49841232390654966,0.5376884422110553,-0.0023115577889447625,-0.0023115577889447625,0.457286432160804,-0.0027135678391959628,-0.0027135678391959628,0.40703517587939697,-0.00296482412060306,-0.00296482412060306,0.4072164948453608,0.002332176079294035,0.00056937852082517,0.40051679586563305,0.42713567839195976,0.0021356783919597166,0.006170620155686923,0.41414141414141414,0.4247491638795987,-0.0035841694537346314,-0.0014439548773380606,0.4161073825503355,24.0,-2.0,-2.0,33.0,-1.0,-1.0,41.0,-1.0,-1.0,4.070837247772621e-05,0.00014085719859869455,4.9777497478296386e-05,-0.03857587562742015,-0.0405968373604102,-0.039541033260219294,0.02577319587628866,-0.4029681281664871,0.002577319587628866
28,0,test,2.4037804252076707,0.16171863826862554,0.20197933251993883,7.751320936358068,0.5214840147068003,0.6513101664592229,11.06492754334927,1.6522092290523354,2.0236445110243846,35.68038229558279,5.327776137161514,6.5255203435206575,2.477275624766173,0.1766942260430273,0.29309488799829353,6.271583860167526,0.44732715453930894,0.7420123746792235,11.908776207940322,1.9287930900963062,3.0254084531858947,30.148800526431195,4.883020481256473,7.659261906799735,2.466376585551736,0.2222787829433721,0.3658568509737439,6.980311091184158,0.6290908951227516,1.0354439178502188,11.779686742492514,2.347784463417378,3.609271485921072,33.338736063658054,6.64467300967182,10.214919299776614,0.4723618090452262,-0.0026381909547738003,-0.0026381909547738003,0.40703517587939697,-0.00296482412060306,-0.00296482412060306,0.40201005025125625,-0.002989949748743781,-0.002989949748743781,0.39639639639639634,0.0031379694301042482,0.0073445879897492405,0.3769751693002258,0.40201005025125625,0.003513809649752453,0.019706210518368072,0.36868686868686873,0.4046822742474916,0.02301560758082488,0.03398305116203104,0.3825503355704698,24.0,-12.0,-12.0,28.0,-9.0,-9.0,34.0,-6.0,-6.0,0.00026010636381774624,0.000119847041120264,7.948350392561594e-05,-0.1795091386693919,-0.17527301100576498,-0.18418234494384755,0.02252252252252252,-1.0179547033718666,0.0022522522522522522
36,0,test,2.4654325902497383,0.14971105339070512,0.2145935193117614,7.756630226247253,0.4710140064369108,0.6751442261423879,11.768572020496656,1.636340960443004,2.2728719599233607,37.025738126024095,5.14818040631684,7.150804858528115,2.502182774173032,0.19614618139995432,0.3347732968284727,6.255456935432579,0.49036545349988536,0.8369332420711819,12.20911463677659,2.1745400061448077,3.4734897670463756,30.522786591941475,5.43635001536202,8.683724417615942,2.4466806185878784,0.16040025445910233,0.26756867240237403,7.05773255361888,0.462693041708949,0.7718327088530019,11.549944347845953,1.711669610425977,2.711490597901072,33.31714715724794,4.937508491613393,7.821607493945397,0.4623115577889447,-0.002688442211055242,-0.002688442211055242,0.4321608040201005,-0.002839195979899567,-0.002839195979899567,0.39698492462311563,-0.0030150753768843908,-0.0030150753768843908,0.39950980392156865,0.00416096671226629,0.009480478408372184,0.3783783783783784,0.40703517587939697,0.011045200942053635,0.028070234310114794,0.36363636363636365,0.39799331103678925,0.010681124058492086,0.014233578000081848,0.3691275167785235,17.0,-6.0,-6.0,30.0,-16.0,-16.0,35.0,-12.0,-12.0,0.0006062177179026832,0.00016122398445872618,0.00011681421554469784,-0.10379885930939814,-0.10790468977643286,-0.10665467851514165,0.024509803921568627,-0.5694278156672749,0.0024509803921568627
43,0,test,2.113700777148078,0.09754163196107735,0.09945705614942657,7.5189661232901095,0.34698015644169544,0.3537938027910901,8.278822740157539,0.7693958859095602,0.783765857058226,29.449857991705443,2.7369349834645433,2.7880525907567453,2.260593946946454,0.10974923755790833,0.16523910395110164,6.028250525190544,0.29266463348775495,0.44063761053627104,9.588782703974719,0.9966695326528541,1.460457966337584,25.57008721059925,2.6577854204076132,3.8945545769002266,2.189116709048861,0.0556538124760495,0.13660680172366302,6.701377680761819,0.1703688137021926,0.4181840869091733,8.927324206421595,0.48326706916987483,1.139901900273487,27.3285434890457,1.479388987254719,3.489495613082102,0.4824120603015075,-0.0025879396984924696,-0.0025879396984924696,0.4522613065326633,-0.0027386934673366836,-0.0027386934673366836,0.3467336683417085,-0.003266331658291488,-0.003266331658291488,0.410752688172043,0.011182333714470527,0.012903225806451646,0.3857758620689655,0.4371859296482412,0.02114582939761467,0.03150980277011095,0.3939393939393939,0.43143812709030105,0.009067509394140805,0.017645023642025137,0.3993288590604027,14.0,0.0,0.0,23.0,0.0,0.0,32.0,0.0,0.0,0.00045556856113499974,0.00030471311021700877,4.915154103557744e-05,-0.12821354188101797,-0.13072918215634033,-0.13161502616117904,0.9763440860215054,-0.4729662263624506,0.004301075268817204
65,0,test,2.5586631815568714,0.025182432823364742,0.03736141707424023,7.136407513185832,0.07023671739850013,0.10420531292815216,12.918536029922977,0.3212581576552811,0.47374972537627436,36.03129096781239,0.8960261540045238,1.321342771457637,2.6031396986724675,0.022784056873042413,0.08924700890204251,6.125034585111688,0.05360954558362874,0.20999296212245255,13.506076545739566,0.30424409742569125,1.1531538602594793,31.779003637034272,0.715868464531038,2.7133032006105395,2.683207379819628,0.04076079726087922,0.07026715015962726,6.598050933982692,0.10023146867429311,0.17278807416301767,14.631948330564152,0.5844182891872318,0.9928543068575966,35.98020081286267,1.4370941537390962,2.441445016862943,0.5477386934673367,-0.002261306532663321,-0.002261306532663321,0.42713567839195976,-0.002864321608040288,-0.002864321608040288,0.3919597989949749,-0.0030402010050251116,-0.0030402010050251116,0.41075794621026895,-0.00021766354582863912,0.0011782785660852113,0.3970588235294118,0.4120603015075377,0.004560301507537723,0.007734178379417922,0.38383838383838387,0.4247491638795987,0.001415830546265373,0.001885678862950546,0.412751677852349,26.0,-15.0,-15.0,37.0,-16.0,-16.0,43.0,-14.0,-14.0,0.0002855183959154812,0.00011835340571218608,0.00019062240256695733,-0.04634389691967211,-0.04745206687278536,-0.048747396159381395,0.02444987775061125,-0.5267948556852472,0.0024449877750611247
21,0,test,2.3864861913141246,0.12860906809966854,0.12276201350672089,7.8031818229152625,0.42051780819431084,0.40139947837394896,10.875213308032665,1.3124462804634547,1.2563684743625547,35.559085619027854,4.291353956515373,4.107994287882825,2.4854847748208786,0.20948983458775716,0.3225920249917298,6.136999444002169,0.5172588508339677,0.7965235184980983,12.006939506152369,2.269336979122084,3.310682100653734,29.646764212721898,5.603301183017493,8.174523705317863,2.498792213324144,0.13137297445656193,0.24089990190239474,6.693193428546814,0.3518918958657906,0.6452675943814148,12.167788988841153,1.4979685255103394,2.604876718881048,32.592291934395945,4.012415693331267,6.977348354145665,0.457286432160804,-0.0027135678391959628,-0.0027135678391959628,0.371859296482412,-0.003140703517587995,-0.003140703517587995,0.33668341708542715,-0.0033165829145728187,-0.0033165829145728187,0.36491935483870963,0.01043798525159989,0.010080645161290258,0.35151515151515156,0.35678391959798994,0.005906726615533819,0.0028607142557528498,0.33838383838383834,0.36789297658862874,0.0006141785919676623,0.009717225754368397,0.35906040268456374,24.0,-12.0,-12.0,33.0,-12.0,-12.0,37.0,-8.0,-8.0,0.00045535160977753803,0.000303871355463202,0.00019634184797642846,-0.12511458491033522,-0.11839665060416227,-0.11986296165531396,0.969758064516129,0.37718357320037155,0.014112903225806451
0,0,test,2.463626691744411,0.08139848106737402,0.08108095572679996,7.502863106676161,0.24789537415972962,0.24692836516798167,11.747338352570319,0.9183330460255412,0.9148940164668815,35.77598498282779,2.7967415492596004,2.7862681410582297,2.6703759610166493,0.15954021409274022,0.23662418871811086,6.358038002420594,0.3798576526017623,0.5633909255193119,14.445399078949793,2.1301809124647626,3.043821017098889,34.39380733083284,5.071859315392295,7.2471928978545,2.576130968907977,0.08624509451635509,0.14840174340182255,7.290936704456539,0.24408989014062765,0.4200049341561014,13.14617667115657,1.086276972642926,1.8130587874501707,37.20616039006577,3.074368790498852,5.131298455047656,0.5025125628140703,-0.0024874371859296973,-0.0024874371859296973,0.4321608040201005,-0.002839195979899567,-0.002839195979899567,0.4170854271356784,-0.0029145728643216184,-0.0029145728643216184,0.40648379052369077,0.00797818653863469,0.009611845264648755,0.37,0.42713567839195976,0.018614375133814365,0.024798449677435608,0.35858585858585856,0.4147157190635451,0.009039592185414835,0.01872016845175417,0.3691275167785235,24.0,0.0,0.0,36.0,1.0,1.0,42.0,0.0,0.0,0.0008138131136631975,0.000791843557814454,0.00028838324843514867,-0.06332720286829385,-0.06806763117143344,-0.06587599898965646,0.02493765586034913,-0.4674377582524116,0.13466334164588528
74,0,test,2.1340608721458993,0.05634952359437628,0.05634952359437628,8.504152347649073,0.2245507331204486,0.2245507331204486,8.449107987149484,0.4629375648058902,0.4629375648058902,33.66937769315208,1.844788792083623,1.844788792083623,2.340524005818252,0.19748733332806934,0.2857532905422442,6.501455571717367,0.5485759259113037,0.7937591403951227,10.3866778165912,1.8613909513066833,2.581629727429335,28.851882823864447,5.170530420296341,7.17119368730371,2.2360264751435515,0.11992975865583189,0.2025421590913279,7.212988629495327,0.3868701892123605,0.6533618035204123,9.356080709148781,1.0573986305172767,1.7154181940691133,30.180905513383166,3.4109633242492805,5.533607077642301,0.5276381909547738,-0.002361809045226204,-0.002361809045226204,0.4120603015075377,-0.0029396984924623393,-0.0029396984924623393,0.321608040201005,-0.0033919597989949812,-0.0033919597989949812,0.37618147448015127,0.011567593737238258,0.011567593737238258,0.3390151515151515,0.37688442211055273,0.008463369478973748,0.017952869522906645,0.33838383838383834,0.36789297658862874,0.008961424000982654,0.014166613963489727,0.33221476510067116,21.0,-8.0,-8.0,34.0,-11.0,-11.0,41.0,-9.0,-9.0,0.0004500070536463251,0.0004233480690644787,0.00027271724902307675,-0.02240141493712322,-0.02160194081145761,-0.023835292371188643,0.9792060491493384,0.3960775978812081,0.11342155009451796
57,0,test,2.1302247905326452,0.021399601153678116,0.010747894769280286,7.559339360848485,0.07593886242728853,0.03814009879932101,8.41675860645365,0.17820175349256573,0.0899780324224082,29.867803110401496,0.6323687224632053,0.31929704561007455,2.3411424984289315,0.06061282416253633,0.09575341579268981,6.002929483151107,0.15541749785265768,0.2455215789556151,10.393103887103987,0.6112436498617644,0.9490145142089634,26.64898432590766,1.5672914099019621,2.4333705492537554,2.1371614888733235,0.026744106364315012,0.03406201790981234,6.0485702515282735,0.07569086706881567,0.09640193748060089,8.475346088834037,0.22366141400966022,0.28382610412727693,23.98682855330388,0.6330040019141343,0.8032814267753139,0.5025125628140703,-0.0024874371859296973,-0.0024874371859296973,0.42713567839195976,-0.002864321608040288,-0.002864321608040288,0.37688442211055273,-0.003115577889447274,-0.003115577889447274,0.38627450980392153,-0.0012010283565481172,-0.0017997814961762115,0.35756385068762275,0.40201005025125625,0.009510050251256286,0.010995075209658922,0.3484848484848485,0.38795986622073575,-0.005373467112597563,-0.0027171593064562183,0.3489932885906041,15.0,-1.0,-1.0,29.0,-4.0,-4.0,31.0,0.0,0.0,4.286565582487687e-06,0.0005511588805465687,0.00026010222326564687,-0.059036075732969095,-0.059144519980511845,-0.0607779030555653,0.021568627450980392,-0.5439697346485269,0.00196078431372549
56,0,test,2.3776139335702853,0.050564671664454774,0.07196331328885774,7.774971111237137,0.1653501671947133,0.23532528725115487,10.779152381329475,0.5314936615994679,0.7484500731174837,35.24861508639127,1.738023068588035,2.4474863704863665,2.3169185462996595,0.11989252028212771,0.16761763139522223,5.792296365749149,0.2997313007053197,0.4190440784880556,10.144366698074755,1.1461534825528652,1.5655077501427321,25.360916745186888,2.8653837063821648,3.913769375356832,2.34902523972891,0.07103381915695284,0.11031790295457533,6.9773026922640895,0.21099154205035475,0.3276769394690353,10.475353787793791,0.7182909091301521,1.094157069627327,31.114912240971655,2.133537353851935,3.249971493942553,0.5175879396984925,-0.002412060301507535,-0.002412060301507535,0.4371859296482412,-0.002814070351758735,-0.002814070351758735,0.3467336683417085,-0.003266331658291488,-0.003266331658291488,0.42281879194630867,0.00875629194630867,0.014216641408674291,0.41255605381165916,0.42211055276381915,0.019610552763819178,0.029431684211406517,0.3939393939393939,0.42140468227424754,0.012389657232511286,0.01762270229649443,0.40268456375838924,25.0,-7.0,-7.0,34.0,-6.0,-6.0,41.0,-7.0,-7.0,6.200383001233312e-05,-5.2379868941034965e-05,-1.0786587469733826e-05,-0.11923194372373391,-0.12023255642411268,-0.11963055158484348,0.02237136465324385,-0.6172271970646044,0.0022371364653243847
17,0,test,1.911013379165382,0.07267044639359632,0.07099011869037786,6.9604389745210655,0.26468585353114715,0.25856563555519685,6.7599357066927865,0.4738225928992499,0.4632509834919132,24.62155444388917,1.7257928586899496,1.6872881349949331,1.9630538569478115,0.07391005678813678,0.1474110721642441,5.378229745062497,0.20249330626886763,0.4038659511349154,7.121040532475808,0.5073369282754712,0.9760156957761925,19.509700088974817,1.389964187056087,2.6740156048662804,1.948829340933016,0.0261449845484667,0.09612622244390501,6.15419791873584,0.08256310910042153,0.30355649192812084,7.0204641980718705,0.18117124823488062,0.6434300736589069,22.169886941279593,0.5721197312680459,2.031884443133393,0.457286432160804,-0.0027135678391959628,-0.0027135678391959628,0.321608040201005,-0.0033919597989949812,-0.0033919597989949812,0.27135678391959794,-0.0036432160804020786,-0.0036432160804020786,0.3221476510067114,0.0007190795781399917,0.0015220400585197469,0.3116591928251121,0.321608040201005,0.014108040201004979,0.01711552772180369,0.303030303030303,0.3210702341137124,0.004403567447045731,0.010304418353445977,0.3087248322147651,24.0,-15.0,-15.0,32.0,-16.0,-16.0,40.0,-17.0,-17.0,7.941047960483444e-05,0.0003563583743630021,-6.021257688737601e-06,-0.08124425915622346,-0.09816870013465095,-0.08834659889791485,0.03131991051454139,-0.4063406990995498,0.0022371364653243847
64,0,test,2.697962589412319,0.11768032105440751,0.1939638106677002,6.980742364213692,0.30448754398692834,0.5018644052241195,14.849446464146434,1.6485826441773472,2.6181398751299216,38.42164469744182,4.265563484934397,6.774208068517979,2.734495152279544,0.13968369951788429,0.23142184317098957,6.144932926470886,0.31389595397277414,0.5200490857775053,15.401965825502517,2.007904115535066,3.181973702938393,34.61115915843262,4.512144079854078,7.150502703232345,2.6355737425546004,0.12896813359739667,0.2198393674909842,6.700611209884578,0.32788508541711003,0.5589136461635187,13.951314630247449,1.6880815062271797,2.7533237662785517,35.46944397520538,4.291732642950457,6.999975676979368,0.507537688442211,-0.0024623115577889765,-0.0024623115577889765,0.42713567839195976,-0.002864321608040288,-0.002864321608040288,0.4120603015075377,-0.0029396984924623393,-0.0029396984924623393,0.41192411924119243,0.00651871383578706,0.013097139769051691,0.40217391304347827,0.4120603015075377,0.009560301507537727,0.011061965401048535,0.398989898989899,0.4013377926421404,0.004671125975473811,0.008441011288089384,0.38926174496644295,22.0,-10.0,-10.0,32.0,-9.0,-9.0,38.0,-7.0,-7.0,0.00010791045540378078,-0.00020576349233213735,0.00013728658048048174,-0.08835673907944663,-0.09177022136303759,-0.09078238437355246,0.9701897018970189,-0.3064214196418472,0.0027100271002710027
82,0,test,2.0361315739425203,0.07732350830486268,0.0874166718330105,6.546728602329075,0.24861655795243998,0.2810688823519705,7.660916115633686,0.5700459413248904,0.6412552852560065,24.631973344016643,1.8328560474543352,2.061813868566187,2.0532947240974946,0.09598401433698855,0.1626243375721561,5.198214491386062,0.24299750465060388,0.41170718372697745,7.79353640469665,0.7132758413535125,1.1697287003190873,19.73047191062443,1.8057616236797784,2.9613384818204764,1.9863555818420517,0.09018615185318812,0.1650875287337492,5.621761080685052,0.25524382599958884,0.4672288549068373,7.288921420936126,0.6285887760216191,1.1092317626164503,20.629022889441867,1.779024837797035,3.1393351772163705,0.457286432160804,-0.012713567839195972,-0.012713567839195972,0.37688442211055273,-0.023115577889447292,-0.023115577889447292,0.33668341708542715,-0.0033165829145728187,-0.0033165829145728187,0.35497835497835495,0.005086346339046144,0.004049713727133031,0.34056399132321036,0.37688442211055273,-0.005615577889447221,-0.0058110853769680615,0.3434343434343434,0.36454849498327757,0.0045484949832775845,0.008277684772400762,0.3389261744966443,20.0,-4.0,-4.0,28.0,-3.0,-3.0,38.0,-9.0,-9.0,-1.8642467747232062e-05,0.0001507275735853543,-0.00012672089783167427,-0.09476580214340213,-0.11109772007205176,-0.10041672473910257,0.9761904761904762,-0.6621447158357171,0.0021645021645021645
85,0,test,2.1610269516950926,0.10148686110908,0.14273379096174654,7.866896359240908,0.36944778386200205,0.5196010811326737,8.680047071965834,0.8376848673755042,1.1545778728481704,31.598416972507206,3.049466841761703,4.203068572210444,2.1452646621305616,0.1358170479752987,0.19387405910492905,6.920208587517941,0.4381195095977377,0.625400190661062,8.54430229132179,1.085106436428199,1.505833797409048,27.56226545587674,3.5003433433167714,4.857528378738863,2.1784947698041455,0.13467597199298043,0.20995637541699463,7.261649232680485,0.4489199066432681,0.6998545847233153,8.833000548009498,1.112966319194629,1.672797105070745,29.44333516003166,3.709887730648763,5.575990350235816,0.39698492462311563,0.0019849246231156137,0.0019849246231156137,0.35678391959798994,0.0067839195979899625,0.0067839195979899625,0.33668341708542715,0.0016834170854271857,0.0016834170854271857,0.35748792270531404,0.012493954068402147,0.015356935413036399,0.35108958837772397,0.3517587939698492,0.010906663644034698,0.016199528527445217,0.33838383838383834,0.3511705685618729,0.008933506792256907,0.014129411720938512,0.3422818791946308,20.0,-2.0,-2.0,23.0,0.0,0.0,28.0,-1.0,-1.0,0.0001874921112572887,3.512150581697781e-05,3.1891178308389927e-06,-0.22684501249461242,-0.2267641955250168,-0.22963328121851134,0.024154589371980676,-0.5875761766868879,0.0024154589371980675
84,0,test,2.6707478639147433,0.19783917931887052,0.2803802931783652,7.630708182613553,0.5652547980539158,0.8010865519381865,14.450772363839556,2.593887683038645,3.533266202450628,41.287921039541594,7.4111076658247015,10.09504629271608,2.8075984599611377,0.24016718728217068,0.4017468173760994,6.684758238002709,0.5718266363861204,0.9565400413716647,16.570076694798068,3.537771724455686,5.482207530901645,39.45256355904302,8.423266010608778,13.052875073575347,2.7372514271825144,0.20784732003288475,0.3611132952800271,7.331923465667449,0.5567338929452275,0.9672677552143591,15.444476435915115,2.898448615441941,4.681220212973786,41.369133310486916,7.763701648505197,12.538982713322643,0.4824120603015075,-0.007587939698492474,-0.007587939698492474,0.4371859296482412,-0.002814070351758735,-0.002814070351758735,0.42713567839195976,0.0021356783919597166,0.0021356783919597166,0.4063324538258575,0.007122967659849544,0.006527957247167371,0.37830687830687826,0.42713567839195976,0.013601843805493563,0.0231290005956325,0.3737373737373737,0.42140468227424754,0.00905075906890529,0.01651035524421418,0.38926174496644295,21.0,-6.0,-6.0,30.0,-4.0,-4.0,35.0,-4.0,-4.0,0.0006666997777928123,0.00018675756177537127,0.0002001427819827721,-0.06746919720436928,-0.06677124490339192,-0.06725394878877555,0.026385224274406333,-1.253122972898699,0.010554089709762533
25,0,test,2.898697344940335,0.10201307973489016,0.09002059437005672,8.835788292408491,0.310955532203943,0.27440012500752253,18.15048614027539,1.7602751594667865,1.5625324508190026,55.3261806444539,5.365658016205984,4.762900121171171,2.8057847289549698,0.16155843885753862,0.22861326415279493,6.525080765011558,0.37571729966869505,0.5316587538437094,16.540050271081277,2.4674974746015756,3.3801879383713516,38.46523318856111,5.7383662200036625,7.860902182258954,2.9654108956192036,0.06341716376918116,0.12692024017783154,7.53918024309967,0.16123007737927342,0.3226785767233,19.40267407754769,1.1922581908063634,2.312722641894606,49.328832400544975,3.031164891880586,5.879803326850691,0.5125628140703518,-0.0024371859296482556,-0.0024371859296482556,0.4371859296482412,-0.002814070351758735,-0.002814070351758735,0.37688442211055273,-0.003115577889447274,-0.003115577889447274,0.4237623762376238,0.006353869808345847,0.007340088847594517,0.4126984126984127,0.37688442211055273,0.0009445724864926008,-0.002080519458729446,0.3535353535353535,0.4147157190635451,0.002361795858202842,-0.00018973143701106476,0.3993288590604027,21.0,-3.0,-3.0,33.0,-4.0,-4.0,39.0,-5.0,-5.0,0.00018761185630963723,-0.00028111449108470985,1.1248689501528894e-05,-0.025743369756019874,-0.023548322699158852,-0.02482390154306202,0.019801980198019802,-0.8926565109219496,0.0019801980198019802
75,0,test,2.5875266533077497,0.06430589492717376,0.06740002142465462,8.376884848838039,0.20818455192250518,0.2182015082093134,13.296843195163573,0.8281524927761605,0.866672575331874,43.04733408506193,2.6810692212177827,2.805774524455707,2.627991237551657,0.05824641990905022,0.07922613810945833,6.5699780938791426,0.14561604977262554,0.19806534527364583,13.84592876660921,0.7834380681825461,1.054630722285042,34.61482191652303,1.9585951704563698,2.6365768057126076,2.534878724123226,0.02106228890565731,0.06120102759502055,7.455525659185958,0.06194790854605081,0.1800030223382958,12.614900872100504,0.2629201173025617,0.7488945986424955,37.10264962382501,0.7732944626545901,2.202631172477929,0.5025125628140703,-0.0024874371859296973,-0.0024874371859296973,0.4522613065326633,-0.0027386934673366836,-0.0027386934673366836,0.39698492462311563,-0.0030150753768843908,-0.0030150753768843908,0.40089086859688194,0.008232359141931989,0.0069514746574880215,0.3861607142857143,0.4120603015075377,0.013564060906033903,0.024748114529240528,0.3737373737373737,0.3946488294314381,0.003997744289534921,0.008664402290169959,0.3691275167785235,24.0,-15.0,-15.0,32.0,-18.0,-18.0,41.0,-18.0,-18.0,-0.00011794583649940423,0.0002896377568631421,-0.00010378048438012218,-0.024356310107625845,-0.02832096350024127,-0.025531277420116183,0.9755011135857461,-0.7627334558471623,0.0022271714922048997
60,0,test,2.6138839303667294,0.015390388317270798,0.01345415966036434,7.170028836769848,0.04221669017584695,0.03690550740169396,13.651971321577735,0.20850057204330774,0.1824457227968228,37.44811577793892,0.5719286524799045,0.5004587535051712,2.6709631911058196,0.04163702956381554,0.09234190662165709,6.0021644743951,0.09356635857037165,0.20750990252057733,14.453884343096398,0.5894599716413271,1.2749287454130531,32.48063897325033,1.3246291497557898,2.8650084166585437,2.605569696036832,-0.07250796885840183,-0.05387479205107404,6.355048039114226,-0.17684870453268697,-0.13140193183188753,13.538936184396915,-1.0181466060496351,-0.7494133608500633,33.0217955716998,-2.483284404999111,-1.82783746548796,0.5226130653266332,-0.002386934673366814,-0.002386934673366814,0.44723618090452266,-0.0027638190954772934,-0.0027638190954772934,0.4170854271356784,-0.0029145728643216184,-0.0029145728643216184,0.4314720812182741,0.007421448306881628,0.008207174082399238,0.40458015267175573,0.4321608040201005,0.01716080402010045,0.0245068938703501,0.38383838383838387,0.43143812709030105,0.006438127090301005,0.005245008333364276,0.3959731543624161,23.0,-10.0,-10.0,33.0,-11.0,-11.0,43.0,-13.0,-13.0,0.00031589695744710687,8.794586225392978e-05,-1.9984681856011666e-07,-0.037297953066082634,-0.0391199822918713,-0.03829245644679613,0.025380710659898477,-0.56379293700332,0.0025380710659898475
6,0,test,2.939550089356756,0.09131546133506774,0.06238346162791686,8.888639555912095,0.2761205616560378,0.1886357053987009,18.907337785855002,1.6500483877448993,1.1434676349092854,57.17218806675203,4.989432029609574,3.4576283246066524,2.7563549089448696,0.12119532870680283,0.20721909549224593,6.6418190576984815,0.29203693664289876,0.4993231216680627,15.742355918437333,1.796818200603548,2.946315081661126,37.93338775527069,4.3296824110928895,7.099554413641272,2.8338383000704273,0.07686952248732704,0.15972868570047583,7.728649909282984,0.20964415223816424,0.435623688274025,17.01062757277845,1.2586049490108664,2.5111935700518817,46.39262065303214,3.432558951847817,6.8487097365051355,0.5376884422110553,-0.0023115577889447625,-0.0023115577889447625,0.44723618090452266,-0.0027638190954772934,-0.0027638190954772934,0.40703517587939697,-0.00296482412060306,-0.00296482412060306,0.4516765285996055,0.007341553230147402,0.005928728013095186,0.4407114624505929,0.4170854271356784,0.028614249190816232,0.029773240157381253,0.3787878787878788,0.43143812709030105,0.015745305721352798,0.016532676589744888,0.40604026845637586,27.0,-14.0,-14.0,39.0,-15.0,-15.0,45.0,-14.0,-14.0,-0.0005456261497567311,2.9895015599643712e-05,-0.00015842726843911018,-0.0073197373580145,-0.008163504464968163,-0.008076728902722152,0.021696252465483234,-0.436724424189246,0.0019723865877712033
12,0,test,2.3405857293500594,0.1733751860192969,0.27082560896082164,7.270314964618326,0.5385370822369309,0.8412370685420205,10.387318938815747,1.6534317091603032,2.464396596463372,32.2650349338436,5.135880795710321,7.6548956226428615,2.4745377363560785,0.1924811657261989,0.3491256455660836,6.970528834805855,0.5422004668343634,0.983452522721362,11.876215901164892,2.0794083685168374,3.4998673080617486,33.454129299056035,5.857488362019261,9.858781149469714,2.3517291317704108,0.1538252602959287,0.2648346224332201,7.273389067331168,0.4757482277193672,0.8190761518553202,10.503716340893352,1.4976006166963582,2.4438698597129473,32.4857206419382,4.631754484627908,7.5583603908647845,0.4120603015075377,-0.0029396984924623393,-0.0029396984924623393,0.3668341708542714,-0.0031658291457286047,-0.0031658291457286047,0.36180904522613067,-0.0031909547738693256,-0.0031909547738693256,0.3542857142857143,0.006211534542490349,0.013132244099986035,0.335243553008596,0.3668341708542714,0.010944446543494468,0.0229276600028524,0.33333333333333337,0.35451505016722407,0.007269641152198969,0.013024505117168461,0.33221476510067116,20.0,-2.0,-2.0,28.0,-4.0,-4.0,33.0,-2.0,-2.0,0.0005844820381159897,0.00029799072783152973,0.00030768302577032164,-0.11817017409013442,-0.12431908086835897,-0.12621836376080875,0.02857142857142857,-0.9395609150914056,0.014285714285714285
4,0,test,2.592037306660108,0.17530002258631727,0.28985017622641385,7.318693571746187,0.49496476965548464,0.8184004975804626,13.356956117854354,2.1477290544511103,3.360934951691908,37.71375845041229,6.064176153744313,9.489698687130094,2.6036410160949934,0.20328041663460183,0.32950340822366897,6.054979107197659,0.47274515496419056,0.7662869958689971,13.512849074673449,2.485697025808358,3.793315726513187,31.425230406217324,5.780690757693858,8.821664480263227,2.5899879739249583,0.18376312644109172,0.30695775509677325,6.815757826118311,0.4835871748449785,0.8077835660441401,13.3296112993261,2.2376033160743507,3.523260477525506,35.07792447191079,5.888429779143031,9.271738098751335,0.4773869346733668,-0.0026130653266331905,-0.0026130653266331905,0.42713567839195976,-0.002864321608040288,-0.002864321608040288,0.4120603015075377,-0.0029396984924623393,-0.0029396984924623393,0.4046997389033943,0.005742763675232632,0.015647930496747176,0.39790575916230364,0.4170854271356784,0.008564123877533025,0.018087096584760265,0.4040404040404041,0.40802675585284276,0.010697874383727601,0.018705287554733774,0.3993288590604027,25.0,-12.0,-12.0,34.0,-10.0,-10.0,39.0,-12.0,-12.0,0.000317014493943544,-8.901719403501998e-05,5.90382138340252e-05,-0.07084662369469719,-0.07585698001779573,-0.07518590171083339,0.031331592689295036,-0.42603379602240615,0.0026109660574412533
18,0,test,2.4179849250455376,0.13311823450869564,0.18124579213850733,7.307687773470958,0.40231288651516905,0.5477650606852666,11.223220882164739,1.398844427798771,1.860470113010125,33.91906755498677,4.227618715125175,5.622754119319488,2.4958350292144424,0.17257085268205996,0.26819531975942557,6.567986918985374,0.4541338228475258,0.7057771572616458,12.131859747467228,1.9229159749571352,2.853918169685226,31.925946703861126,5.0603051972556194,7.510310972855859,2.456936924294946,0.18467689703322954,0.2768591022856315,6.888608198957793,0.5177856926165321,0.7762404736980324,11.669013669902824,1.9677124076298949,2.822018947065393,32.71686075673689,5.51695067559784,7.9122026553235365,0.4773869346733668,-0.0026130653266331905,-0.0026130653266331905,0.4371859296482412,-0.002814070351758735,-0.002814070351758735,0.3919597989949749,-0.0030402010050251116,-0.0030402010050251116,0.4054054054054054,0.007859393135466686,0.012443528572560814,0.38916256157635465,0.4120603015075377,0.011057795241873558,0.019739767283831533,0.3787878787878788,0.40802675585284276,0.010697874383727601,0.012031205241051834,0.38590604026845643,25.0,-16.0,-16.0,36.0,-18.0,-18.0,40.0,-15.0,-15.0,0.00046800215625036754,0.00042294217169090037,0.00018686923127433442,-0.09697850427979127,-0.09893522350225403,-0.09752713709643235,0.03931203931203931,-0.31404167726276816,0.004914004914004914
68,0,test,1.9904644759434196,0.05549352911971828,0.07328452077799863,7.2876683232121975,0.20317792113187227,0.2683159067194474,7.3189324409965755,0.3950895481687198,0.5171822835240141,26.796736517842298,1.4465375392628914,1.8935544896766316,2.070370923146506,0.132104945881949,0.2021722123784444,5.751030342073628,0.36695818300541383,0.5615894788290126,7.927763163407629,0.981068369300715,1.4511435427735053,22.02156434279897,2.725189914724208,4.030954285481961,1.9608495565559942,0.059965319636834824,0.13077552380571866,6.325321150180627,0.1934365149575319,0.4218565284055442,7.105360907690317,0.41355193617039276,0.8710127203074478,22.920519057065537,1.33403850377546,2.8097184526046703,0.42713567839195976,-0.002864321608040288,-0.002864321608040288,0.35678391959798994,-0.0032160804020100464,-0.0032160804020100464,0.2814070351758794,-0.003592964824120637,-0.003592964824120637,0.33333333333333337,0.009187798603454644,0.012707722385141729,0.32964601769911506,0.35678391959798994,0.013425523608014966,0.017885755991979946,0.3484848484848485,0.3311036789297659,0.008900006141785877,0.016309463134437707,0.325503355704698,23.0,0.0,0.0,31.0,0.0,0.0,38.0,1.0,1.0,2.973651921999906e-05,0.00020269583854127697,5.5299831336942165e-05,-0.09364629067356578,-0.09990442299125757,-0.09817324403794192,0.02207505518763797,0.4465173685407033,0.002207505518763797
58,0,test,2.164636499048096,-0.0015903647191062298,-0.017968653763436038,6.757551122028351,-0.004964792424389408,-0.05609445117175227,8.711434726432241,-0.013865381025684798,-0.15794755714466824,27.195312254951933,-0.04328487538146675,-0.4930798739067548,2.413006038773959,0.05772397643246485,0.08370249181392575,5.5471403190205955,0.13269879639647097,0.192419521411324,11.167480619153608,0.6263789289146562,0.896694697672503,25.672369239433582,1.4399515607233475,2.0613671210862137,2.3530729116381734,0.03840301743899088,0.059761819070438094,6.3028738704593925,0.10286522528301134,0.16007630108153048,10.517840511211409,0.39625933666149216,0.6101518063613973,28.172787083601985,1.0614089374861386,1.634335195610884,0.5025125628140703,-0.0024874371859296973,-0.0024874371859296973,0.44723618090452266,-0.0027638190954772934,-0.0027638190954772934,0.4120603015075377,-0.0029396984924623393,-0.0029396984924623393,0.3847736625514403,-0.0026877968524651186,-0.004278145855206805,0.3711340206185567,0.42713567839195976,0.0035767811488519596,0.008103958859405513,0.398989898989899,0.4247491638795987,0.002378546183438468,0.008731366326762191,0.40604026845637586,24.0,0.0,0.0,35.0,0.0,0.0,41.0,0.0,0.0,0.0009372155826149218,3.5938470159452515e-05,0.00016582809969103258,-0.044638673644461946,-0.039865301824606014,-0.0438701473340215,0.0205761316872428,-0.5511493764747453,0.01646090534979424
63,0,test,2.397583707600793,0.1593185002274775,0.15612361674889152,7.889346389199907,0.524243983856632,0.5137310902480419,10.996573316672002,1.619523384615805,1.5895168946141425,36.184670305535576,5.329107353431738,5.230369781601944,2.476348221850965,0.23849299675814173,0.3646372234738986,5.826701698472859,0.5611599923720982,0.8579699375856444,11.897737093813035,2.524530798107037,3.635371001419026,27.9946755148542,5.940072466134204,8.553814120985944,2.381184688546695,0.14538445720425308,0.26675861112070187,6.739201948717061,0.4114654449176971,0.7549772012850049,10.817710893867503,1.4637467005485263,2.532881343168368,30.61616290717218,4.142679341175075,7.168532103306703,0.5125628140703518,-0.0024371859296482556,-0.0024371859296482556,0.40201005025125625,-0.002989949748743781,-0.002989949748743781,0.36180904522613067,-0.0031909547738693256,-0.0031909547738693256,0.3868312757201646,0.018897051670832665,0.019284843657603523,0.37731958762886597,0.3919597989949749,0.03356380902003753,0.049722737225358915,0.36868686868686873,0.3712374581939799,0.01564480376993982,0.025297524934803084,0.35906040268456374,23.0,-7.0,-7.0,32.0,-9.0,-9.0,39.0,-9.0,-9.0,-0.00025104669660589547,0.0001780592795724478,-4.010485869290677e-05,-0.055845411210540874,-0.05391756436594175,-0.05339190980932251,0.977366255144033,-0.4630701594477895,0.00205761316872428
79,0,test,2.4683206804153017,0.1622257844448467,0.20368863076589694,8.048871783962941,0.5289971231897175,0.6642020568453164,11.802609846107174,1.7674501506346925,2.1750283687836998,38.48677123730601,5.763424404243565,7.092483811251199,2.4988647414752334,0.17371319178417766,0.2976226094751988,6.490557770065541,0.4512030955433186,0.7730457388966201,12.168671528083443,1.9404414746393233,3.132440805387196,31.606939033982968,5.040107726335904,8.136209884122586,2.4034770663201743,0.19909386350766534,0.34136075180874803,6.9331069220774255,0.5743092216567272,0.9846944763713887,11.061571408321925,1.9969126211393995,3.1989794756221945,31.908379062467088,5.7603248686713435,9.227825410448638,0.46733668341708545,-0.002663316582914521,-0.002663316582914521,0.4120603015075377,-0.0029396984924623393,-0.0029396984924623393,0.38190954773869346,-0.0030904522613065533,-0.0030904522613065533,0.3897550111358574,0.003770583994589294,0.008523339581605227,0.3816964285714286,0.3919597989949749,0.008501152378433519,0.019672653752904834,0.3737373737373737,0.3745819397993311,0.008972590884472997,0.020855577174192064,0.35906040268456374,23.0,-14.0,-14.0,29.0,-15.0,-15.0,37.0,-16.0,-16.0,-4.421262365756094e-05,1.6036158338956787e-05,-4.487906022436552e-05,-0.19102959608158798,-0.19177984172734064,-0.1916821610116699,0.9755011135857461,-0.8467252804412114,0.0022271714922048997
35,0,test,2.2129991604656225,0.07629328286313264,0.05861831021440711,7.800429664903647,0.2689202949147296,0.20661915018837096,9.143096928047294,0.6716114228860466,0.5205470517212731,32.22779555489011,2.367311185633799,1.834836061740944,2.2847516667783996,0.20464601167686425,0.2853557983076971,6.923489899328484,0.6201394293238316,0.8647145403263554,9.823246482649877,1.817931810699129,2.438652997341814,29.767413583787505,5.5088842748458475,7.389857567702467,2.1969505580698137,0.07398821109961462,0.12614352701120346,6.937738604430991,0.2336469824198355,0.3983479800353793,8.997534164461001,0.6416803658087247,1.0663128868118381,28.413265782508425,2.026359049922288,3.3673038530900143,0.542713567839196,-0.0022864321608039306,-0.0022864321608039306,0.39698492462311563,-0.0030150753768843908,-0.0030150753768843908,0.3065326633165829,-0.0034673366834171437,-0.0034673366834171437,0.35080645161290325,0.0033744274437189636,0.0008553274682306933,0.33131313131313134,0.3668341708542714,0.018463243535975615,0.027936007248261396,0.31313131313131315,0.3612040133779264,0.0022724607902803173,0.00636530370050703,0.325503355704698,19.0,0.0,0.0,30.0,0.0,0.0,36.0,0.0,0.0,0.0001115648398694932,0.000255971296902142,-6.827042693251826e-05,-0.03202254291257045,-0.030314243419836018,-0.03302174247761158,0.020161290322580645,-0.6488521702588966,0.0020161290322580645
47,0,test,1.888846774078923,0.013926639066618174,-0.015759222335442358,7.863770243104088,0.057980293256941096,-0.0656098236006164,6.611739453455967,0.09144109746896678,-0.10502122496833444,27.52642547969423,0.38069354864630967,-0.4372312223171484,2.0709349924617095,0.011058952574386716,0.03289315363172163,6.471671851442842,0.0345592267949586,0.10279110509913014,7.9322362327882985,0.08723894949307365,0.2566717514181809,24.78823822746343,0.2726217171658547,0.8020992231818127,1.9364518666858255,-0.007806104127930036,0.009311862974601404,7.172043950688242,-0.028911496770111178,0.034488381387412836,6.93410414546114,-0.0543401555138292,0.06426972779889883,25.681867205411628,-0.201259835236403,0.23803602888481024,0.4371859296482412,-0.002814070351758735,-0.002814070351758735,0.3668341708542714,-0.0031658291457286047,-0.0031658291457286047,0.2864321608040201,-0.003567839195979916,-0.003567839195979916,0.34643734643734647,0.0033000915353856852,-0.0005812263876779911,0.3349753694581281,0.3668341708542714,-0.0031658291457286047,0.0024414919857189687,0.3434343434343434,0.3511705685618729,-0.0021627647714604903,0.0015590258315731909,0.3355704697986577,21.0,-8.0,-8.0,33.0,-14.0,-14.0,40.0,-14.0,-14.0,0.00018490311143309554,0.0003356916910628923,5.026710001330962e-05,-0.02668347283194361,-0.02644428283553868,-0.026810804378117226,0.972972972972973,-0.3002784860455668,0.05405405405405406
38,0,test,2.440780753560615,0.130356277567659,0.17509857729745804,8.032718748658441,0.4290083463234149,0.5762572581207381,11.482001857961931,1.4032999438067595,1.8443048907600712,37.78778223403889,4.618322949393892,6.0696899763074015,2.4250357477737894,0.14224767960329165,0.258169041179511,6.38167302045734,0.3743359989560302,0.6793922136302912,11.30263345604184,1.4986569610582556,2.5717487414511897,29.743772252741685,3.9438341080480406,6.767759845924182,2.409356092130725,0.17157962467519994,0.2913464264765322,6.950065650377091,0.4949412250246148,0.8404223840669198,11.12679420753916,1.7543260943457817,2.8122219782629614,32.09652175251681,5.060556041382064,8.112178783450851,0.42211055276381915,-0.0028894472361808976,-0.0028894472361808976,0.37688442211055273,-0.003115577889447274,-0.003115577889447274,0.371859296482412,-0.003140703517587995,-0.003140703517587995,0.38181818181818183,0.0015684655866268216,-0.0003910068426197233,0.37129840546697035,0.371859296482412,0.0009319781866726773,0.0012416003221449312,0.3484848484848485,0.3745819397993311,-0.007721899933557097,0.0019456772854267168,0.35906040268456374,22.0,-13.0,-13.0,25.0,-11.0,-11.0,30.0,-8.0,-8.0,0.0002395175251789829,0.0001273403984170413,4.979141078147803e-05,-0.20453073329910243,-0.2042887765301229,-0.20427213948972067,0.025,-0.7908105655237698,0.0022727272727272726
49,0,test,2.9060090752332854,0.045056973659754807,0.014610568584553452,8.807168608375724,0.13655303673569819,0.044279882704106655,18.283683959472516,0.8055239586931471,0.2651929907612285,55.41190107962836,2.4412811999657293,0.8037137266015151,2.903657373095868,0.09504721347061373,0.14920765506949873,6.752691565339227,0.221040031327008,0.3469945466732529,18.2407367001992,1.6538875814773917,2.5283444230015046,42.42031790744,3.846250189482305,5.879870751166294,2.973950184169653,0.07788389335828638,0.13976399403285722,7.497353405469714,0.19634594964273866,0.3523462034441778,19.569068544213387,1.4662745476221808,2.5525221135834393,49.3337862459161,3.696490456190375,6.434929698109514,0.542713567839196,-0.0022864321608039306,-0.0022864321608039306,0.44723618090452266,-0.0027638190954772934,-0.0027638190954772934,0.42211055276381915,-0.0028894472361808976,-0.0028894472361808976,0.4239350912778904,0.00042951883614772424,-0.0012848500710831434,0.4024390243902439,0.42211055276381915,0.011082983841513405,0.01142607864027989,0.36868686868686873,0.4280936454849499,0.007392476870592635,0.00985115382755275,0.3926174496644296,23.0,-9.0,-9.0,33.0,-8.0,-8.0,40.0,-8.0,-8.0,0.0003651471500941406,8.882397418868472e-05,-3.57262714266376e-05,-0.016947794140858896,-0.016992817183607123,-0.019098009031461416,0.028397565922920892,-0.4260878789603667,0.002028397565922921
10,0,test,2.232290951893344,0.11070441116580776,0.16329615413028842,7.030837643758564,0.34867531075844926,0.514318595685948,9.321196048924037,0.9768303815572512,1.4043349785955854,29.35809779188673,3.076631123014966,4.4231022947892455,2.322914043522112,0.12003883389285841,0.23156664794635384,5.956189855184903,0.30779188177656014,0.5937606357598817,10.205369909995474,1.1543702649374925,2.1095538244903462,26.167615153834547,2.9599237562499816,5.409112370488067,2.2700132621229643,0.14702774375305916,0.22951607746619018,6.611689112979508,0.42823614685357025,0.668493429513175,9.679529184327887,1.3234817666041518,1.9850953818656345,28.1928034494987,3.854801261953842,5.781831209317382,0.457286432160804,-0.0027135678391959628,-0.0027135678391959628,0.3869346733668342,-0.0030653266331658324,-0.0030653266331658324,0.3668341708542714,-0.0031658291457286047,-0.0031658291457286047,0.37092731829573933,0.003427318295739279,0.00435840333972759,0.35929648241206025,0.38190954773869346,-0.0005904522613064955,0.005869614294433889,0.36363636363636365,0.37792642140468224,0.0029264214046822445,0.009446954146080655,0.36241610738255037,25.0,-14.0,-14.0,33.0,-10.0,-10.0,40.0,-13.0,-13.0,0.00046247656952802833,0.00029456713420030346,0.00014851868631939546,-0.08341910086784843,-0.07412922250398069,-0.08001652351007671,0.02756892230576441,-0.34374334616525704,0.012531328320802004
53,0,test,2.0294604081366034,0.04373998230597853,0.026851267217573582,6.189134578005244,0.13339143540121068,0.08188684328763518,7.609978967990561,0.32568567936314086,0.20161860762130068,23.207737278269086,0.9932258306819186,0.6148652572848157,2.2063730758313453,0.07353266889873789,0.1258721379682144,5.25326922816987,0.17507778309223276,0.2996955665909864,9.082714265224698,0.6439118303936162,1.074234604891517,21.6255101552969,1.5331234056990866,2.5577014402178975,2.0878190593334285,0.06693219606637557,0.12016168463717358,5.799497387037301,0.1859227668510428,0.33378245732548173,8.067301658025066,0.5222882954618022,0.9134037172667142,22.40917127229185,1.4508008207272276,2.537232547963093,0.457286432160804,-0.0027135678391959628,-0.0027135678391959628,0.3417085427135679,-0.003291457286432098,-0.003291457286432098,0.2864321608040201,-0.003567839195979916,-0.003567839195979916,0.3193473193473193,-0.0019565223290485267,-0.006165877133619158,0.29439252336448596,0.3266331658291457,0.0033248951524539327,0.00276004395936269,0.29292929292929293,0.3110367892976589,-0.0011501889995030323,-0.0026450794453889426,0.2818791946308725,21.0,-11.0,-11.0,28.0,-10.0,-10.0,34.0,-10.0,-10.0,0.0003799823924477793,0.0003758626045098298,8.630350608781539e-05,-0.09682194517014242,-0.1115477323046914,-0.10672979764808055,0.023310023310023312,-0.626521539214574,0.009324009324009324
81,0,test,2.5740772508634064,0.11293812986766394,0.15452013271829168,7.481490714739685,0.32825183069450503,0.4491088749510057,13.1192058356354,1.4010535021317239,1.8783260050436965,38.130641421559005,4.072126725620258,5.45930723768096,2.689854068812894,0.1749809972344174,0.2820068433506835,6.40441444955451,0.4166214219867088,0.6714448651206757,14.729526266342042,2.364487061747864,3.619508248010865,35.07030063414772,5.629731099399677,8.61787678097825,2.6475711025549598,0.11633591915846075,0.22164271393589452,7.09170831041507,0.311614069174448,0.5936858408997168,14.119701654468834,1.5506800552044808,2.8069745017922276,37.82062943161294,4.153607290726285,7.518681701229177,0.5376884422110553,-0.0023115577889447625,-0.0023115577889447625,0.4623115577889447,-0.017688442211055255,-0.017688442211055255,0.4371859296482412,-0.002814070351758735,-0.002814070351758735,0.4119106699751861,0.00349482839102766,-0.0006015489886457281,0.4029850746268657,0.4371859296482412,0.012185929648241167,0.012893084390337761,0.4242424242424242,0.4280936454849499,0.009760312151616546,0.010779550035449281,0.4161073825503355,28.0,-7.0,-7.0,37.0,-5.0,-5.0,43.0,-7.0,-7.0,0.0007363139567609055,0.0004214148775070504,0.000230787303922829,-0.07055637855181107,-0.07182215720320162,-0.0719038184280123,0.9727047146401985,0.5159350778577249,0.08436724565756824
9,0,test,2.5891656480350638,0.02983234463484763,0.03845961827897648,7.056745589742625,0.08130776282831054,0.10482131256426896,13.31865452049132,0.39145859612251144,0.5025053486872295,36.29986232055477,1.066916565902531,1.3695734013240184,2.7568362032807032,-0.010370962821573126,0.03245729248851692,6.058980666550996,-0.02279332488257868,0.07133470876597148,15.749934448779126,-0.16419192713495434,0.5029931739743905,34.61524054676731,-0.36086137831857457,1.1054795032404243,2.604368259801999,0.013275800766931578,0.03675602690880542,6.300890951133868,0.032118872823221345,0.08892587155356146,13.522679783353958,0.1783379935179532,0.4880162709175693,32.71616076617893,0.4314628875434323,1.1806845264134758,0.5527638190954773,-0.0022361809045226,-0.0022361809045226,0.4723618090452262,-0.0026381909547738003,-0.0026381909547738003,0.4321608040201005,-0.002839195979899567,-0.002839195979899567,0.4254807692307693,-0.0018901791485824715,0.0012383449883450748,0.4048192771084337,0.4371859296482412,-0.006423092908149797,-0.001879178865949127,0.4040404040404041,0.42140468227424754,0.0023729627416932964,0.0031621906168504132,0.3926174496644296,22.0,-7.0,-7.0,35.0,-11.0,-11.0,43.0,-9.0,-9.0,0.0005133882065963591,0.00021381222893508003,0.000134412395654013,-0.02223521191233413,-0.025150821082405628,-0.025220338397518027,0.02403846153846154,-0.5929296961256314,0.002403846153846154
86,0,test,2.8580687396912823,0.10916865165863765,0.13368947463041536,7.781322633224007,0.297220458064162,0.36398037609055045,17.427836725432943,1.8024009004458126,2.180890049113483,47.44869095569485,4.90718180637505,5.937649036941224,3.0276071106378533,0.15019777896393993,0.2871448586901675,6.4417172566762835,0.3195697424764674,0.6109465078514198,20.647765609808744,2.8795835742630693,5.153619969584071,43.931416191082434,6.126773562261846,10.965148871455469,2.913034954134591,0.10878159842554203,0.22089191414195408,7.104963302767295,0.2653209717696141,0.5387607661998874,18.41259523606412,1.897854571281048,3.6493148922894942,44.90876886844908,4.628913588490363,8.90076802997438,0.542713567839196,-0.007286432160804046,-0.007286432160804046,0.49246231155778897,0.0024623115577889765,0.0024623115577889765,0.44723618090452266,-0.007763819095477298,-0.007763819095477298,0.43942992874109266,0.010011186155090335,0.015187504498668458,0.4214285714285714,0.44723618090452266,0.008639689676452456,0.02152666504475642,0.4191919191919192,0.44147157190635455,0.0024064633921642153,0.014330303830714985,0.41946308724832215,26.0,-14.0,-14.0,37.0,-14.0,-14.0,46.0,-15.0,-15.0,0.0002463518947782011,0.00041607921787936665,0.00010857426040611316,-0.048465601504319444,-0.05077101195061218,-0.050754229483072955,0.04513064133016627,-0.394932231828576,0.007125890736342043
1,0,test,2.557397058956185,0.14284202213919528,0.20738375251321362,7.4606771343984954,0.416712064586525,0.6049992178580972,12.902189929754798,1.7173975004580075,2.4164806784633583,37.63947137402151,5.0101521065993,7.04958273115626,2.75771605495571,0.1809118062908306,0.32227529897263896,6.809175444335086,0.44669581800205016,0.7957414789447874,15.763798153092493,2.6087674470157953,4.342946740311266,38.92295840269751,6.441401103742706,10.723325284719174,2.645304288478619,0.15428436538932067,0.2785778789588975,7.214466241305325,0.4207755419708743,0.7597578517060839,14.087731165272109,2.014147195362751,3.425300506462369,38.42108499619666,5.4931287146256835,9.34172865398828,0.49246231155778897,-0.002537688442211028,-0.002537688442211028,0.4522613065326633,-0.0027386934673366836,-0.0027386934673366836,0.44221105527638194,-0.0027889447236180143,-0.0027889447236180143,0.41860465116279066,0.009572393098274512,0.010980017731705649,0.3886010362694301,0.44723618090452266,0.016158486668933714,0.026535012290165416,0.38888888888888884,0.43143812709030105,0.012406407557746801,0.018757370694305497,0.3926174496644296,20.0,-10.0,-10.0,31.0,-13.0,-13.0,35.0,-13.0,-13.0,0.0006189938884458601,0.0002334986740167644,0.00020298276463969706,-0.07364370521721852,-0.07852845917814832,-0.07674378413807847,0.025839793281653745,-0.7752582755250932,0.2661498708010336
45,0,test,2.140214981670495,0.0958407937728345,0.14657328794697344,7.481606217976346,0.3350332021631566,0.5123801262419834,8.501265048609683,0.7769419984425383,1.1590417849150576,29.718097477618468,2.7159767295982746,4.051693077181696,2.166762306926916,0.12091479078171119,0.20064876429282585,6.280470454860627,0.3504776544397421,0.5815906211386253,8.729973260709238,0.9942613595012944,1.5871112159842884,25.304270320896347,2.881916984061725,4.600322365171852,2.1223407102715646,0.11495487149430961,0.18263918990310346,6.846260355714724,0.37082216611067587,0.5891586771067852,8.350661107433542,0.9068285955697588,1.393986872274918,26.93761647559207,2.9252535340959938,4.496731846048121,0.4321608040201005,-0.002839195979899567,-0.002839195979899567,0.38190954773869346,-0.0030904522613065533,-0.0030904522613065533,0.321608040201005,-0.0033919597989949812,-0.0033919597989949812,0.3529411764705882,0.015119879040967676,0.01863032603070547,0.3415233415233415,0.38190954773869346,0.02852608909207688,0.03633358780547147,0.35858585858585856,0.3612040133779264,0.02230584977191641,0.029724591798393596,0.34563758389261745,20.0,0.0,0.0,24.0,-2.0,-2.0,30.0,-4.0,-4.0,5.649887205993761e-05,0.00011056962560106946,2.885645325666181e-05,-0.20816263236082833,-0.20691822134269433,-0.20992119025543676,0.9730392156862745,-0.32708448397522893,0.0024509803921568627
27,0,test,2.0473229365575816,0.1433311568954141,0.16532618837199542,7.5068507673777995,0.5255475752831851,0.6061960240306501,7.7471337523954595,1.0344973541696945,1.1805301181388934,28.406157092116686,3.7931569652888797,4.3286104331759425,2.095675508913006,0.22293017056707165,0.33400046687911944,5.7415767367479615,0.6107675905947172,0.9150697722715604,8.130931632296909,1.6247981909506493,2.3087500022155236,22.27652501999153,4.451501893015479,6.325342471823353,2.0517675867507794,0.15361551157322384,0.2563115241466385,6.4117737085961855,0.48004847366632397,0.8009735129582456,7.781643687407715,1.1080928668734558,1.7594230821835,24.31763652314911,3.4627902089795484,5.498197131823439,0.4824120603015075,-0.0025879396984924696,-0.0025879396984924696,0.3869346733668342,-0.0030653266331658324,-0.0030653266331658324,0.321608040201005,-0.0033919597989949812,-0.0033919597989949812,0.3977777777777778,0.019309409298310487,0.02143369175627241,0.37639198218262804,0.3869346733668342,0.008488558078613595,0.029672569860991094,0.33838383838383834,0.3913043478260869,0.01400885533860774,0.028679208782705357,0.35906040268456374,20.0,0.0,0.0,31.0,0.0,0.0,38.0,0.0,0.0,0.0002181165648219951,0.0002350366413784919,7.362029227830636e-05,-0.11761597429808113,-0.12571228310612614,-0.12467581307154596,0.03333333333333333,-0.47344410575197166,0.0022222222222222222
13,0,test,1.9993747363603116,0.08167539323172601,0.07960429032257421,6.397999156352997,0.26136125834152324,0.2547337290322371,7.384437434912183,0.579153612687346,0.5650445639629611,23.630199791718987,1.8532915605995086,1.8081426046814784,2.2270309324718056,0.06490410914902389,0.11470235863464318,5.004563893195069,0.1458519306719639,0.25775810929133325,9.272295099395295,0.5826958377997773,1.0048247965049484,20.836618200888303,1.3094288489882615,2.258033250572918,2.1290716142867536,0.06091938212147996,0.11538935042550635,5.652402515805541,0.1617328728888845,0.30634340820930905,8.40705819457854,0.49686478966316105,0.9162082835337344,22.31962352542975,1.3191100610526405,2.432411372213455,0.42211055276381915,-0.0028894472361808976,-0.0028894472361808976,0.35678391959798994,-0.0032160804020100464,-0.0032160804020100464,0.3015075376884422,-0.0034924623115578646,-0.0034924623115578646,0.31543624161073824,0.0014697611638109231,-0.0012793009112559428,0.3004484304932735,0.3417085427135679,0.0033626780519137034,0.004479828189360879,0.3282828282828283,0.3210702341137124,-0.004472336837873625,-0.00039806399529762615,0.3087248322147651,22.0,-13.0,-13.0,30.0,-21.0,-21.0,36.0,-21.0,-21.0,0.00012419645466841113,0.0005106319291803411,0.00013389245735081725,-0.14419061199339556,-0.15705067348303725,-0.154408777253078,0.02237136465324385,0.3167574863124436,0.2595078299776286
44,0,test,2.756091091749037,0.12641551304260856,0.2049333200352521,7.4530914030396485,0.34185603527015207,0.554185879531949,15.73820336202511,1.8689336762510944,2.916263290006185,42.55964852829325,5.054017828735354,7.886233122270241,2.809069882275093,0.20076985021143434,0.3376691071454676,6.3842497324433936,0.45629511411689627,0.7674297889669726,16.594476221992878,3.0185236818175074,4.755457176576764,37.714718686347446,6.860281095039788,10.807857219492643,2.7628992945681596,0.1391909844307322,0.2702775221506726,7.0243202404275245,0.3538753841459288,0.6871462427559472,15.845717817342443,2.0589633485569117,3.752778286854939,40.28572326442994,5.234652581076894,9.540961746241369,0.507537688442211,-0.0024623115577889765,-0.0024623115577889765,0.44723618090452266,-0.0027638190954772934,-0.0027638190954772934,0.42713567839195976,-0.002864321608040288,-0.002864321608040288,0.42297650130548303,0.0070703735349484376,0.011441799448200562,0.39790575916230364,0.42713567839195976,0.018614375133814365,0.0331456950864506,0.38383838383838387,0.4247491638795987,0.014064689756059456,0.027641266215527538,0.3926174496644296,26.0,-17.0,-17.0,38.0,-15.0,-15.0,46.0,-20.0,-20.0,0.00037478499539715155,-0.00015556243646663097,5.373031776754796e-05,-0.060466385762460106,-0.06720805028980514,-0.06443613733724707,0.02610966057441253,-0.5349943690816641,0.0026109660574412533
51,0,test,2.473559206320614,0.14331682747455865,0.21615411358502357,6.857729661661288,0.3973335492742933,0.5992686459391683,11.864600351207045,1.5841673606288875,2.3063461759514237,32.893581663346424,4.3919674411918095,6.3941459498791176,2.652238969228592,0.21407262271497007,0.3412331679955738,6.240562280537864,0.503700288741106,0.8029015717542913,14.185764605834235,2.733742168163422,4.101201984545858,33.37826966078644,6.432334513325699,9.649887022460842,2.604668597248686,0.16762270957846903,0.2939277509269349,6.566391421635342,0.4225782594415186,0.7409943300679025,13.526741760423832,2.0875436566573473,3.4448507395874888,34.10102964812731,5.262715100816845,8.684497662825603,0.49246231155778897,-0.002537688442211028,-0.002537688442211028,0.44221105527638194,-0.0027889447236180143,-0.0027889447236180143,0.40201005025125625,-0.002989949748743781,-0.002989949748743781,0.4114713216957606,0.013715710723191998,0.02144199618256415,0.38,0.42211055276381915,0.012562814070351758,0.025125628140703515,0.36363636363636365,0.42140468227424754,0.006688963210702448,0.01783723522853964,0.3825503355704698,24.0,-13.0,-13.0,31.0,-13.0,-13.0,39.0,-14.0,-14.0,0.0006145910746713497,0.0005770663692772353,0.00019177704274455937,-0.0815174265935612,-0.09146954045302458,-0.08620221772796466,0.02743142144638404,-0.4955443877259613,0.04239401496259352
26,0,test,2.1617375980471922,0.13462977161560774,0.1296477096333204,7.482937839394127,0.466026132515565,0.4487805333461088,8.686217708063905,1.0941207946242635,1.0562021190614077,30.067676681759675,3.7873412121609107,3.6560842582894892,2.30528954239962,0.1665162756577101,0.24944106496167517,6.066551427367421,0.43820072541502686,0.656423855162303,10.02708109727843,1.5380636185276089,2.213616487925166,26.387055519153762,4.047535838230548,5.82530654717149,2.263710174125178,0.14122643347481256,0.23613331371889057,6.859727800379327,0.4279588893176136,0.7155554961178501,9.618710135366818,1.2668545442901546,2.0230514353013644,29.14760647080854,3.8389531645156225,6.1304588948526195,0.5276381909547738,-0.002361809045226204,-0.002361809045226204,0.4773869346733668,-0.0026130653266331905,-0.0026130653266331905,0.3467336683417085,-0.003266331658291488,-0.003266331658291488,0.42538975501113585,0.017158386824261518,0.019720155793149563,0.3973214285714286,0.44221105527638194,0.03368975201823654,0.036534928398251676,0.40909090909090906,0.4347826086956522,0.020759236408506965,0.016540117038255087,0.4093959731543624,16.0,0.0,0.0,26.0,0.0,0.0,37.0,0.0,0.0,0.0002463193193451502,0.0003962264804468151,0.00014962835272865386,-0.0957110247955697,-0.09894791549677873,-0.09952810047751726,0.022271714922048998,0.40192042279980544,0.022271714922048998
22,0,test,2.221537692737206,0.07391035844659388,0.11507258600982073,7.545884229049518,0.2510508869549595,0.3908663871903828,9.221499802627465,0.6569862592756373,1.002363698468514,31.322615032065194,2.2315814261346034,3.404722975789749,2.2925490319476425,0.11959146236642404,0.20620587278970293,6.7427912704342425,0.35173959519536524,0.606487861146185,9.90014132159894,1.1159157032949096,1.8447374134014254,29.118062710585114,3.2821050096909126,5.425698274710076,2.2704298415989728,0.12426426869326113,0.2036404370682483,7.246052685954168,0.39658809157423747,0.6499162885156862,9.683562317525434,1.1315589037120137,1.7841418003149965,30.90498611976202,3.6113582033362164,5.694069575473392,0.4170854271356784,-0.0029145728643216184,-0.0029145728643216184,0.371859296482412,-0.003140703517587995,-0.003140703517587995,0.3467336683417085,-0.003266331658291488,-0.003266331658291488,0.35121951219512193,0.01139003594664445,0.012021076222492377,0.32762836185819066,0.36180904522613067,0.005919320915353743,0.01289418712930257,0.33333333333333337,0.3511705685618729,-0.0010831876985611943,0.005230635302696074,0.33221476510067116,20.0,-7.0,-7.0,21.0,1.0,1.0,31.0,-10.0,-10.0,0.00044801120581530165,0.0003507722314412382,0.00012929849431642546,-0.20411219167242223,-0.20386030090316165,-0.20383960115419342,0.024390243902439025,-0.8404691437352202,0.0024390243902439024
