text_index,membership_label,set_split,cut_T,cut_T_rep1_diff,cut_T_rep2_diff,cal_T,cal_T_rep1_diff,cal_T_rep2_diff,ppl_T,ppl_T_rep1_diff,ppl_T_rep2_diff,calppl_T,calppl_T_rep1_diff,calppl_T_rep2_diff,cut_200,cut_200_rep1_diff,cut_200_rep2_diff,cal_200,cal_200_rep1_diff,cal_200_rep2_diff,ppl_200,ppl_200_rep1_diff,ppl_200_rep2_diff,calppl_200,calppl_200_rep1_diff,calppl_200_rep2_diff,cut_300,cut_300_rep1_diff,cut_300_rep2_diff,cal_300,cal_300_rep1_diff,cal_300_rep2_diff,ppl_300,ppl_300_rep1_diff,ppl_300_rep2_diff,calppl_300,calppl_300_rep1_diff,calppl_300_rep2_diff,cb_const1,cb_const1_rep1_diff,cb_const1_rep2_diff,cb_const2,cb_const2_rep1_diff,cb_const2_rep2_diff,cb_const3,cb_const3_rep1_diff,cb_const3_rep2_diff,cbm_T,cbm_T_rep1_diff,cbm_T_rep2_diff,cbpm_T,cbm_200,cbm_200_rep1_diff,cbm_200_rep2_diff,cbpm_200,cbm_300,cbm_300_rep1_diff,cbm_300_rep2_diff,cbpm_300,lz_bins3,lz_bins3_rep1_diff,lz_bins3_rep2_diff,lz_bins4,lz_bins4_rep1_diff,lz_bins4_rep2_diff,lz_bins5,lz_bins5_rep1_diff,lz_bins5_rep2_diff,slope_600,slope_800,slope_1000,apen_600,apen_800,apen_1000,loss_seq_orig,nei_delta
422,1,test,2.1378268068150956,0.925098595594821,1.272752589495607,3.872007992763005,1.6755282255878226,2.3051952495060295,8.48098676486308,5.1183406062787,6.105804405759319,15.360668336360401,9.270281237945337,11.058764623018625,2.1309946410020992,0.8962208130286355,1.2704155792153011,3.4934338377083596,1.4692144475879272,2.0826484905168874,8.42324074683737,4.985639803233863,6.0587112408025785,13.808591388257984,8.173180005301415,9.932313509512424,2.1378268068150956,0.925098595594821,1.272752589495607,3.872007992763005,1.6755282255878226,2.3051952495060295,8.48098676486308,5.1183406062787,6.105804405759319,15.360668336360401,9.270281237945337,11.058764623018625,0.4170854271356784,-0.012914572864321627,-0.007914572864321623,0.31658291457286436,-0.003417085427135591,0.0015829145728644134,0.25125628140703515,0.0012562814070351536,-0.003743718592964851,0.33333333333333337,0.07994842037395233,0.13616838487972516,0.3618677042801557,0.29648241206030146,0.04836211130842172,0.10950411489836487,0.3434343434343434,0.33333333333333337,0.07994842037395233,0.13616838487972516,0.3618677042801557,23.0,1.0,1.0,30.0,1.0,0.0,35.0,2.0,1.0,0.0002981387912861008,-0.0008927042295617686,-0.0007593117905286502,-0.08453061704240383,-0.07072585091891526,-0.07048574061607216,"[7.3359375, 5.52734375, 0.455322265625, 5.76171875, 1.1142578125, 0.07672119140625, 5.17578125, 0.787109375, -0.0, 0.317626953125, 6.10546875, 0.48681640625, 0.0019969940185546875, -0.0, 0.0001342296600341797, 5.6328125, 0.0282440185546875, 0.0009608268737792969, 0.316650390625, 0.0035247802734375, 0.10882568359375, 7.17578125, 1.33984375, 0.00998687744140625, 1.0224609375, 0.0178375244140625, 1.0132789611816406e-05, 0.021331787109375, 0.04425048828125, 2.455078125, 0.00408935546875, 0.01349639892578125, 0.003681182861328125, 0.007236480712890625, 0.01560211181640625, 0.10968017578125, 0.01715087890625, 0.01580810546875, 0.00012111663818359375, 1.5537109375, 0.043975830078125, 0.005115509033203125, 0.0006756782531738281, 0.019500732421875, 0.0021724700927734375, 0.445068359375, 4.410743713378906e-05, 0.0009212493896484375, 0.0015192031860351562, 0.395263671875, 0.31982421875, 0.12890625, 0.007007598876953125, 0.005718231201171875, 0.00643157958984375, 1.669921875, 0.09185791015625, 0.0008087158203125, 0.024688720703125, 0.091796875, 0.0305023193359375, 0.148681640625, 0.00010967254638671875, 0.0516357421875, 0.638671875, 0.0001385211944580078, 0.0309906005859375, 0.0027523040771484375, 0.4609375, 0.01178741455078125, 3.5762786865234375e-07, 0.01143646240234375, 0.7666015625, 8.344650268554688e-07, 0.0118255615234375, 0.0015840530395507812, 0.093505859375, 0.0192108154296875, 0.00033545494079589844, 0.004108428955078125, 0.373046875, 0.007648468017578125, 0.01473236083984375, 1.9669532775878906e-05, 0.042388916015625, 0.0186309814453125, 0.150634765625, 0.00045609474182128906, 0.00044536590576171875, 1.7762184143066406e-05, 0.12139892578125, 0.0278778076171875, 0.0004031658172607422, 0.046295166015625, 0.00011837482452392578, 0.000698089599609375, 0.0169830322265625, 0.01000213623046875, 0.03375244140625, 0.188232421875, 0.703125, 5.900859832763672e-05, 0.00029158592224121094, 5.75, 2.0859375, 2.068359375, 5.640625, 4.3125, 3.70703125, 0.2158203125, 0.01534271240234375, 10.6484375, 8.3203125, 4.15625, 9.1640625, 2.435546875, 0.2763671875, 3.4140625, 2.857421875, 6.2265625, 0.05377197265625, 0.004791259765625, 1.79296875, 0.25048828125, 11.1484375, 0.50341796875, 10.5703125, 3.306640625, 9.296875, 6.05078125, 0.7880859375, 5.80859375, 0.489990234375, 0.087158203125, 6.40234375, 0.0082244873046875, 0.4306640625, 1.3046875, 6.296875, 0.210693359375, 1.2744140625, 1.6796875, 6.94921875, 2.943359375, 11.6640625, 1.1796875, 0.83740234375, 2.21484375, 5.5625, 2.02734375, 0.436279296875, 0.455810546875, 0.429443359375, 11.5, 3.3359375, 0.425537109375, 1.5244140625, 2.06640625, 0.95654296875, 2.228515625, 5.6796875, 1.03125, 7.046875, 11.9453125, 4.54296875, 5.7890625, 1.3271484375, 9.453125, 7.8359375, 2.474609375, 8.5390625, 4.80859375, 1.7021484375, 0.00911712646484375, 1.5966796875, 5.640625, 0.1885986328125, 3.978515625, 4.796875, 0.89111328125, 2.59765625, 1.8720703125, 3.2109375, 1.6533203125, 9.6796875, 0.2191162109375, 2.818359375, 3.140625, 12.0703125, 0.249267578125, 1.3955078125, 1.5654296875, 10.0625, 1.1298828125, 8.921875, 6.875, 1.515625, 4.4921875, 4.0625, 0.75048828125, 8.1015625, 3.595703125, 1.404296875, 4.35546875, 0.01751708984375, 2.619140625, 0.0026836395263671875, 0.07159423828125, 2.216796875, 4.6015625, 5.3125, 1.9013671875, 0.043701171875, 0.33544921875, 3.341796875, 0.142333984375, 3.79296875, 3.48046875, 1.111328125, 6.765625, 2.99609375, 5.58984375, 3.439453125, 0.90576171875, 4.015625, 5.71875, 0.04034423828125, 2.216796875, 0.00432586669921875, 0.0606689453125, 8.734375, 3.390625, 1.5888671875, 6.89453125, 0.5390625, 1.609375, 2.310546875, 3.21484375, 6.34375, 0.7333984375, 2.892578125, 5.05078125, 0.04962158203125, 1.2490234375, 0.33642578125, 0.0013017654418945312, 0.84765625, 0.402587890625, 0.022186279296875, 0.002590179443359375, 0.00014579296112060547, 1.5497207641601562e-05, 0.447265625, 2.91015625, 0.01062774658203125, 0.0272369384765625, 0.028472900390625, 0.0005326271057128906]",-1.4011231596155684
235,1,test,2.300295262751372,0.9348164238293986,1.287844080272222,4.325555222347689,1.7578613187226737,2.4217068031205917,9.977127894186884,6.059529392605905,7.224788655132641,18.76133832276447,11.394549836095887,13.58574388410812,2.5110231398338048,0.9548828870129749,1.382606560001387,3.804580514899704,1.4467922530499617,2.0948584242445256,12.317526167297988,7.577037366976958,9.226767513409895,18.662918435299982,11.480359646934787,13.97995077789378,2.230041099232575,0.8962718504309759,1.2663222372612386,4.030194757649232,1.61976840439333,2.28853416372513,9.30024830469703,5.504926331003976,6.678821210374701,16.807677659091016,9.948662043983088,12.070158813930181,0.5979899497487438,-0.0020100502512562235,-0.007010050251256228,0.49246231155778897,0.0024623115577889765,0.0024623115577889765,0.3668341708542714,-0.00816582914572861,-0.018165829145728618,0.38550724637681155,0.09173011178925727,0.14699307237876658,0.36627906976744184,0.40201005025125625,0.08622057656704574,0.1415759934899875,0.398989898989899,0.37792642140468224,0.07742558668014132,0.14655823453037742,0.3557046979865772,14.0,1.0,1.0,26.0,2.0,3.0,33.0,1.0,3.0,0.0005326658231135162,0.0003014161252987979,0.0002379225624874963,-0.08773578505243407,-0.0849224511327078,-0.0915149862831326,"[1.88671875, 5.3046875, 0.005107879638671875, 0.057769775390625, 4.7578125, 10.0, 3.306640625, 2.212890625, 3.365234375, 6.08203125, 1.443359375, 14.328125, 1.2919921875, 3.541015625, 5.67578125, 0.453369140625, 2.70703125, 6.91796875, 0.03570556640625, 4.98828125, 3.3671875, 7.7421875, 0.43603515625, 6.2421875, 0.280029296875, 0.6552734375, 2.267578125, 0.033050537109375, 0.75390625, 1.4423828125, 2.12890625, 1.66796875, 0.0270233154296875, 0.0057373046875, 0.0139312744140625, 0.05029296875, 0.366455078125, 8.703125, 6.40234375, 1.3720703125, 2.89453125, 3.109375, 1.81640625, 0.490966796875, 1.3564453125, 4.1015625, 0.85986328125, 0.455810546875, 0.1585693359375, 5.70703125, 0.64794921875, 0.15478515625, 4.4140625, 0.08685302734375, 7.53125, 0.6982421875, 4.15234375, 0.0129241943359375, 0.90185546875, 3.841796875, 1.4755859375, 0.7978515625, 0.0151519775390625, 2.19921875, 6.20703125, 0.56298828125, 3.884765625, 0.86279296875, 0.00014674663543701172, 0.0677490234375, 0.00965118408203125, 0.002994537353515625, 2.2649765014648438e-06, 0.0016937255859375, 0.010589599609375, 0.0016613006591796875, 0.0008578300476074219, 0.1383056640625, 1.7626953125, 1.9384765625, 0.1329345703125, 0.61572265625, 2.955078125, 0.1693115234375, 4.30078125, 2.544921875, 2.380859375, 6.34765625, 0.490234375, 2.20703125, 0.205322265625, 1.357421875, 2.615234375, 0.462158203125, 3.8515625, 0.1348876953125, 2.19140625, 0.005214691162109375, 0.01800537109375, 0.031982421875, 1.0888671875, 4.35546875, 0.0289764404296875, 4.16015625, 2.53125, 0.560546875, 5.2734375, 6.2109375, 0.1654052734375, 0.271484375, 8.9921875, 3.23828125, 1.0537109375, 3.818359375, 0.208251953125, 1.3134765625, 7.3671875, 9.5234375, 3.81640625, 6.35546875, 0.105224609375, 1.6123046875, 7.06640625, 5.28125, 4.390625, 0.0038738250732421875, 5.99609375, 0.04998779296875, 0.4443359375, 2.041015625, 0.39599609375, 0.3408203125, 1.7958984375, 3.568359375, 0.299072265625, 0.00013494491577148438, 0.033355712890625, 0.0018367767333984375, 0.0016078948974609375, 4.649162292480469e-06, 0.0001665353775024414, 0.002288818359375, 4.410743713378906e-06, 0.00022554397583007812, 0.264404296875, 4.62109375, 4.30078125, 0.1953125, 4.078125, 3.470703125, 1.9169921875, 6.51953125, 0.0086517333984375, 4.203125, 1.1953125, 4.1015625, 2.72265625, 4.921875, 2.703125, 6.796875, 8.296875, 7.421875, 3.677734375, 1.455078125, 5.22265625, 2.5546875, 1.0322265625, 0.0003504753112792969, 4.94140625, 4.8828125, 3.275390625, 3.275390625, 0.000431060791015625, 3.14453125, 2.185546875, 5.61328125, 0.1175537109375, 5.3125, 0.464599609375, 7.51953125, 3.966796875, 2.923828125, 1.703125, 5.1640625, 1.3779296875, 1.8720703125, 1.9326171875, 2.408203125, 2.916015625, 5.9765625, 6.5078125, 0.2666015625, 4.2890625, 6.09375, 2.736328125, 0.1343994140625, 3.681640625, 0.1485595703125, 2.14453125, 1.9404296875, 4.8515625, 1.9892578125, 0.0004112720489501953, 0.2054443359375, 0.006633758544921875, 0.0038280487060546875, 3.5762786865234375e-07, 7.033348083496094e-05, 0.0004639625549316406, 1.52587890625e-05, 0.00022494792938232422, 0.25927734375, 4.97265625, 0.014495849609375, 12.0546875, 1.5263671875, 11.0, 1.29296875, 0.149658203125, 0.004852294921875, 1.28125, 1.572265625, 2.6484375, 1.341796875, 0.4755859375, 1.595703125, 8.203125, 2.984375, 0.30908203125, 1.2734375, 1.28125, 0.1866455078125, 0.8916015625, 0.00035643577575683594, 0.06890869140625, 0.0006737709045410156, 0.0041961669921875, 3.5762786865234375e-07, 1.3709068298339844e-05, 0.00026297569274902344, 4.76837158203125e-07, 7.414817810058594e-05, 2.2578125, 6.198883056640625e-06, 0.0274658203125, 0.0012006759643554688, 0.00882720947265625, 5.841255187988281e-06, 1.1920928955078125e-05, 0.00012242794036865234, 2.2649765014648438e-05, 7.450580596923828e-05, 0.1888427734375, 5.23828125, 8.0, 1.6220703125, 3.484375, 2.814453125, 0.66796875, 1.609375, 0.039947509765625, 7.91015625, 0.97021484375, 8.09375, 0.036895751953125, 3.48828125, 1.34375, 4.69921875, 4.359375, 6.14453125, 3.111328125, 1.505859375, 3.42578125, 0.361572265625, 3.216796875, 5.7816505432128906e-05, 0.35205078125, 0.0002808570861816406, 0.0013933181762695312, 1.1920928955078125e-07, 1.4901161193847656e-05, 6.151199340820312e-05, 1.7881393432617188e-06, 5.7697296142578125e-05, 4.07421875, 0.0001270771026611328, 5.1796875, 0.0027446746826171875, 0.004329681396484375, 1.9550323486328125e-05, 1.049041748046875e-05, 0.0011386871337890625, 5.1975250244140625e-05, 0.00015854835510253906, 0.0179901123046875, 3.400390625, 5.81640625, 0.33447265625, 3.306640625, 6.52734375, 0.334716796875, 1.1923828125, 7.640625, 0.054931640625, 2.93359375, 5.16796875, 0.01580810546875, 8.625, 0.46923828125, 0.024658203125, 4.7734375, 0.0166015625, 5.9375, 0.02264404296875, 3.8203125, 8.015625, 1.990234375, 1.6103515625, 2.634765625, 4.30859375, 8.2421875, 0.17041015625, 4.1796875, 6.83203125, 4.5, 6.3125, 1.4150390625, 8.082389831542969e-05, 3.83203125, 0.0012426376342773438, 0.00027370452880859375, 2.384185791015625e-07, 4.088878631591797e-05, 2.682209014892578e-05, 1.7881393432617188e-06, 5.650520324707031e-05, 0.1834716796875, 4.17578125, 1.9501953125, 3.80859375, 0.36669921875, 7.33984375, 5.3125, 0.02301025390625, 6.234375]",-0.9233745046283888
12,1,test,2.788575687591305,1.1301584041575765,1.5673097967515417,5.267309632116909,2.134743652297644,2.9604740605306894,16.257847049795117,11.006853619957695,12.866368791154029,30.709266649613,20.790723504364536,24.30314104995761,2.5849475339429464,0.8947455517610714,1.2974706894189272,4.070783518020388,1.4090481130095611,2.043260928218783,13.262593235740454,7.8420177815156125,9.638961211269278,20.885973599591264,12.349634301599387,15.179466474439804,2.9418274794135204,1.175681544386822,1.6567633777956499,5.101434935399168,2.038754123214142,2.873000077102283,18.950446237676317,13.102175980268434,15.33554656696822,32.86204549886067,22.720536381968387,26.593433353124084,0.6281407035175879,0.013140703517587893,0.008140703517587888,0.4723618090452262,0.002361809045226204,-0.007638190954773805,0.3417085427135679,-0.023291457286432116,-0.008291457286432102,0.4041297935103245,0.08554572271386429,0.13569321533923306,0.42899408284023666,0.4170854271356784,0.09296482412060303,0.13567839195979903,0.4292929292929293,0.4046822742474916,0.07023411371237454,0.13600891861761422,0.46308724832214765,14.0,3.0,3.0,23.0,7.0,7.0,32.0,5.0,6.0,-0.0008304810985924097,-5.005973038011306e-05,-0.00024787386487468306,-0.03373293218531348,-0.034467890842522664,-0.035668156898210235,"[7.05859375, 1.3818359375, 1.4873046875, 0.00400543212890625, 0.036102294921875, 5.0078125, 2.818359375, 2.48828125, 0.97412109375, 1.8125, 0.8955078125, 0.77587890625, 2.580078125, 4.26953125, 0.003139495849609375, 1.861328125, 5.01171875, 5.0546875, 1.693359375, 6.375, 0.73779296875, 4.37109375, 3.197265625, 1.4794921875, 3.8359375, 4.2109375, 0.018463134765625, 0.047454833984375, 1.1640625, 0.7607421875, 1.1640625, 0.5703125, 0.7998046875, 0.935546875, 1.9990234375, 5.4140625, 4.171875, 6.7734375, 1.97265625, 6.19921875, 1.0244140625, 6.0703125, 1.0576171875, 0.1302490234375, 1.3056640625, 0.000469207763671875, 4.23828125, 0.142822265625, 1.751953125, 4.9765625, 0.042510986328125, 5.72265625, 4.8828125, 3.103515625, 1.619140625, 3.0390625, 4.50390625, 2.8046875, 0.319580078125, 0.4453125, 2.107421875, 1.2939453125, 0.001556396484375, 3.7265625, 0.154296875, 1.1513671875, 0.09051513671875, 0.017364501953125, 0.0765380859375, 0.0003452301025390625, 2.4140625, 0.06927490234375, 3.05078125, 0.0007476806640625, 11.578125, 3.07421875, 2.486328125, 1.7734375, 6.32421875, 0.22509765625, 1.5771484375, 3.458984375, 4.84375, 0.1851806640625, 0.5810546875, 2.6171875, 3.44140625, 2.607421875, 0.00441741943359375, 4.34375, 0.08489990234375, 1.5556640625, 0.0706787109375, 0.0194091796875, 0.07720947265625, 0.00012087821960449219, 2.60546875, 0.0166473388671875, 6.0546875, 5.109375, 0.402099609375, 6.3359375, 8.46875, 0.1292724609375, 6.40234375, 3.34765625, 0.7900390625, 1.2041015625, 1.9423828125, 4.91015625, 2.53125, 7.30078125, 1.9716796875, 6.828125, 1.953125, 11.3828125, 1.02734375, 4.48046875, 3.974609375, 3.376953125, 2.78515625, 5.1171875, 4.921875, 3.49609375, 0.0006470680236816406, 3.68359375, 0.054718017578125, 6.53515625, 8.171875, 3.26171875, 0.01561737060546875, 6.33203125, 0.0007171630859375, 3.83984375, 0.08392333984375, 1.0703125, 0.0821533203125, 0.01082611083984375, 0.035430908203125, 6.198883056640625e-05, 2.73046875, 0.036346435546875, 1.30859375, 0.04815673828125, 0.0275115966796875, 0.00783538818359375, 8.749961853027344e-05, 3.029296875, 0.0198211669921875, 0.88330078125, 0.150390625, 0.037811279296875, 0.00966644287109375, 0.00021588802337646484, 1.59765625, 0.0197296142578125, 15.5234375, 3.435546875, 3.078125, 4.765625, 9.3203125, 3.140625, 0.7294921875, 0.81884765625, 6.4296875, 2.0078125, 0.0149688720703125, 5.265625, 10.1953125, 7.671875, 3.794921875, 1.6396484375, 9.2734375, 2.646484375, 2.3984375, 0.096435546875, 2.07421875, 0.02679443359375, 0.003765106201171875, 1.2939453125, 6.2265625, 4.609375, 0.89013671875, 0.5029296875, 0.7734375, 0.387939453125, 0.251708984375, 4.10546875, 0.058563232421875, 0.58251953125, 2.193359375, 5.38671875, 2.70703125, 1.2314453125, 8.390625, 5.05078125, 0.6064453125, 7.69140625, 1.6064453125, 1.5849609375, 7.1171875, 0.460205078125, 1.900390625, 9.34375, 4.0703125, 4.0078125, 8.7890625, 2.435546875, 6.30078125, 4.40625, 10.34375, 7.26171875, 3.126953125, 7.51953125, 4.609375, 8.0234375, 2.08203125, 7.9453125, 2.947265625, 0.71728515625, 2.212890625, 7.26171875, 3.8046875, 6.47265625, 1.6689453125, 0.685546875, 2.16796875, 2.611328125, 3.984375, 0.0245361328125, 3.57421875, 2.55859375, 1.177734375, 0.78662109375, 0.62109375, 0.0012083053588867188, 4.48046875, 0.06463623046875, 0.37744140625, 0.029815673828125, 0.0074005126953125, 0.0052337646484375, 0.00031828880310058594, 3.736328125, 0.044830322265625, 1.822265625, 0.00038433074951171875, 3.044921875, 9.0390625, 0.133544921875, 9.9609375, 6.40234375, 7.2265625, 5.609375, 7.8828125, 0.0897216796875, 1.2265625, 1.4462890625, 10.171875, 2.880859375, 5.3203125, 0.9697265625, 5.453125, 0.39404296875, 6.82421875, 2.828125, 1.37890625, 2.611328125, 0.51171875, 0.310302734375, 1.99609375, 2.986328125, 3.830078125, 0.1783447265625, 7.0234375, 5.59765625, 2.849609375, 6.7890625, 5.328125, 4.80859375, 0.21826171875, 5.5, 10.4765625, 2.35546875, 7.23828125, 9.59375, 3.572265625, 0.1519775390625, 6.625, 2.541015625, 5.84765625, 3.140625, 4.40234375, 0.25830078125, 6.0703125, 1.5556640625, 8.15625, 2.658203125, 0.4345703125, 0.031524658203125, 0.056640625, 0.44091796875, 0.54443359375, 0.377685546875, 0.572265625, 0.59716796875, 2.83203125, 0.044219970703125, 4.60546875, 1.6611328125, 0.07733154296875, 0.14794921875, 0.199462890625, 0.2388916015625, 1.0810546875, 0.58984375, 0.2330322265625, 0.01262664794921875, 0.84521484375, 5.71875, 0.82470703125, 5.06640625, 1.666015625, 1.7822265625, 0.70556640625, 4.515625, 1.99609375, 0.38916015625, 3.728515625, 1.53515625, 0.0521240234375, 0.0148468017578125, 0.08203125, 1.6943359375, 6.08203125, 0.0038509368896484375, 0.78173828125, 9.890625, 0.0031948089599609375]",-0.6521949384768102
134,1,test,2.8719572587718343,1.1980586081817934,1.5084339678850438,5.921561358292442,2.47022393439545,3.110173129659884,17.671572212959624,12.33865370606156,13.761627277533876,36.43623136692706,25.440523105281567,28.37448923202861,3.168012857437134,1.3224849790783983,1.8582472883077523,5.509587578151537,2.299973876658084,3.231734414448265,23.760222464559764,17.42878132539116,20.054917492045902,41.32212602532133,30.310924044158543,34.878117377471135,2.968739940968644,1.3002171564261649,1.7917025436127065,5.783259625263593,2.5328905644665554,3.490329630414364,19.46737409434389,14.163047720383926,16.222627041321175,37.92345602794264,27.59035270204661,31.602520210365924,0.6130653266331658,-0.0069346733668341765,-0.011934673366834181,0.5527638190954773,0.0027638190954772934,0.017763819095477418,0.4120603015075377,-0.012939698492462348,-0.007939698492462344,0.3884711779448622,0.08521303258145363,0.1206314907503363,0.3743718592964824,0.40201005025125625,0.10050251256281406,0.15745393634840865,0.38888888888888884,0.38795986622073575,0.10200668896321063,0.1583054626532887,0.37583892617449666,20.0,10.0,10.0,30.0,9.0,8.0,38.0,9.0,9.0,0.00020581908391436416,0.0006289384518672021,7.74416387488306e-05,-0.04403065784255489,-0.0475536192238728,-0.04572855429760736,"[6.98828125, 1.2099609375, 2.287109375, 0.005420684814453125, 0.038604736328125, 6.0078125, 7.796875, 8.0859375, 8.15625, 3.17578125, 0.828125, 0.92919921875, 8.5390625, 0.76123046875, 0.78515625, 0.83740234375, 1.7216796875, 0.009918212890625, 4.4296875, 0.75830078125, 2.0546875, 8.2109375, 3.8828125, 5.21484375, 7.9375, 8.0234375, 8.5625, 4.578125, 5.27734375, 12.7109375, 4.49609375, 6.109375, 2.1484375, 1.4443359375, 0.888671875, 2.744140625, 2.654296875, 5.51171875, 3.900390625, 6.23828125, 2.751953125, 2.203125, 0.463623046875, 2.693359375, 5.078125, 6.46875, 2.6953125, 0.56103515625, 2.5859375, 0.76318359375, 0.08917236328125, 0.052398681640625, 0.032623291015625, 2.103515625, 5.80078125, 9.140625, 1.5166015625, 10.2265625, 7.0546875, 3.078125, 0.221923828125, 0.181640625, 7.08203125, 1.755859375, 0.285400390625, 6.48828125, 0.0723876953125, 4.40234375, 0.1107177734375, 7.9609375, 2.3125, 7.046875, 0.058013916015625, 2.134765625, 4.91796875, 2.837890625, 5.8046875, 6.98828125, 2.173828125, 4.87109375, 8.8828125, 1.416015625, 11.453125, 1.5810546875, 0.075927734375, 0.0491943359375, 1.0517578125, 0.0014772415161132812, 0.958984375, 0.0004968643188476562, 0.007709503173828125, 0.00023555755615234375, 0.001068115234375, 0.00011205673217773438, 4.76837158203125e-06, 0.00022470951080322266, 9.775161743164062e-06, 0.0029449462890625, 0.11334228515625, 5.67578125, 8.7265625, 0.5712890625, 0.1151123046875, 10.359375, 0.9248046875, 0.025787353515625, 0.0118560791015625, 0.01221466064453125, 1.3935546875, 10.046875, 2.607421875, 1.48046875, 1.0927734375, 6.88671875, 0.59814453125, 4.4921875, 3.935546875, 6.89453125, 0.1572265625, 2.333984375, 3.21484375, 5.609375, 0.50732421875, 2.76171875, 2.078125, 3.83984375, 0.0548095703125, 3.865234375, 3.39453125, 3.0994415283203125e-06, 0.384033203125, 0.00011026859283447266, 0.00833892822265625, 0.0013456344604492188, 8.976459503173828e-05, 0.00017952919006347656, 5.960464477539062e-07, 0.0005979537963867188, 3.5762786865234375e-07, 0.0009636878967285156, 0.1739501953125, 2.185546875, 3.09765625, 2.765625, 5.44921875, 5.48828125, 0.728515625, 4.44140625, 8.53125, 7.4140625, 0.2340087890625, 0.039764404296875, 0.029998779296875, 0.0182952880859375, 4.01171875, 6.1015625, 4.70703125, 1.8369140625, 2.3984375, 6.46875, 3.498046875, 6.40234375, 3.4609375, 0.95263671875, 9.0625, 5.921875, 0.5625, 0.0447998046875, 0.09283447265625, 0.053497314453125, 10.09375, 3.18359375, 4.109375, 15.9765625, 9.3359375, 3.287109375, 2.52734375, 0.2012939453125, 2.4296875, 4.31640625, 6.8359375, 5.40625, 9.8828125, 1.9091796875, 5.515625, 5.1171875, 1.2646484375, 4.78515625, 4.0703125, 2.49609375, 5.03515625, 0.8837890625, 0.4453125, 0.52734375, 0.34228515625, 0.029083251953125, 0.1668701171875, 0.037078857421875, 9.578125, 4.546875, 0.436279296875, 0.367431640625, 0.04522705078125, 3.052734375, 7.36328125, 4.125, 0.796875, 6.7109375, 0.6552734375, 0.06781005859375, 0.11138916015625, 0.0121612548828125, 3.818359375, 0.45849609375, 1.4970703125, 5.650520324707031e-05, 0.66455078125, 4.601478576660156e-05, 0.0009665489196777344, 0.0006375312805175781, 3.349781036376953e-05, 3.3736228942871094e-05, 3.2186508178710938e-06, 0.0006017684936523438, 1.9073486328125e-06, 0.002559661865234375, 0.10888671875, 5.5625, 2.1953125, 2.15625, 0.361083984375, 3.0, 0.09307861328125, 6.0078125, 5.4375, 0.0175628662109375, 0.0009298324584960938, 0.0577392578125, 1.5908203125, 7.33203125, 0.475830078125, 0.5888671875, 7.82421875, 0.370849609375, 6.8046875, 1.869140625, 3.37109375, 0.10321044921875, 0.0310821533203125, 0.0080108642578125, 0.0231781005859375, 5.453125, 1.9560546875, 3.6875, 7.22265625, 0.10125732421875, 6.9140625, 9.46875, 1.4267578125, 0.1204833984375, 1.337890625, 4.421875, 0.0237884521484375, 0.020599365234375, 1.828125, 0.00820159912109375, 0.001941680908203125, 0.014984130859375, 1.4091796875, 1.6455078125, 0.0011148452758789062, 1.703125, 11.65625, 0.436767578125, 3.34765625, 0.0157623291015625, 0.022369384765625, 10.0078125, 2.572265625, 6.796875, 5.796875, 11.5078125, 0.708984375, 4.60546875, 0.5966796875, 7.77734375, 4.3125, 1.3603515625, 0.6328125, 4.47265625, 2.251953125, 11.078125, 1.35546875, 0.181884765625, 0.6083984375, 6.98046875, 0.037109375, 10.0390625, 2.400390625, 0.06243896484375, 2.7578125, 5.72265625, 7.859375, 9.0625, 8.28125, 2.2109375, 0.71484375, 1.201171875, 0.15869140625, 11.3984375, 2.603515625, 7.8359375, 0.0714111328125, 1.7822265625, 6.7734375, 0.0094146728515625, 5.66796875, 4.21875, 0.91064453125, 3.134765625, 10.078125, 0.07830810546875, 5.55859375, 3.625, 0.15478515625, 2.75, 4.0703125, 7.09375, 2.8203125, 4.89453125, 2.16015625, 3.12109375, 1.7509765625, 1.6513671875, 1.126953125, 0.0025615692138671875, 1.3955078125, 8.7109375, 2.1484375, 3.4453125, 0.53173828125, 6.2421875, 1.49609375, 1.31640625, 6.05078125, 2.203125, 2.5, 0.0226287841796875, 1.7646484375, 2.853515625, 4.1015625, 0.4619140625, 0.0889892578125, 0.01219940185546875, 0.036773681640625, 5.3046875, 3.5859375, 4.21484375, 3.55859375, 1.4189453125, 1.1884765625, 1.5497207641601562e-06, 0.54443359375, 2.014636993408203e-05, 0.00348663330078125, 0.00017714500427246094, 2.2649765014648438e-06, 1.6570091247558594e-05, -0.0, 5.936622619628906e-05, -0.0, 0.000949859619140625, 4.32421875, 1.4543533325195312e-05, 1.0234375, 6.67572021484375e-06, 0.011444091796875, 0.0008149147033691406, 7.581710815429688e-05, 0.0020656585693359375, 1.1920928955078125e-07, 0.0001938343048095703, 9.298324584960938e-06, 0.00258636474609375, 0.1607666015625, 6.09765625, 3.169921875, 6.16796875, 3.513671875, 0.468017578125, 6.96484375, 4.07421875, 1.1240234375, 9.1328125, 3.291015625, 0.31201171875, 4.37890625, 3.05859375, 4.96875]",-0.6717982725392009
237,1,test,3.1864361068824443,1.365311770210107,1.9071627068030381,5.321510046519411,2.2801399614168787,3.1850585306507586,24.20202014833272,18.023218549170235,20.607992791713976,40.41860217665718,30.0996898613046,34.41639405316699,2.956153011202213,1.1348708341590725,1.6257626050298697,4.347283840003254,1.6689276972927534,2.3908273603380428,19.223875289857414,13.044098349387303,15.441355471427121,28.270404838025605,19.182497572628385,22.707875693275174,3.16762118315617,1.3495930537552574,1.8698332792124026,5.16459975514593,2.2004234572096593,3.0486412161071788,23.750918018785416,17.591217684066496,20.089729216858668,38.724322856715354,28.6813331805432,32.75499328835652,0.6281407035175879,0.013140703517587893,0.008140703517587888,0.5125628140703518,-0.012437185929648265,-0.012437185929648265,0.40703517587939697,0.0020351758793969443,-0.012964824120603069,0.4085365853658537,0.08585774213906527,0.14585910057883544,0.42201834862385323,0.4120603015075377,0.08875203083084593,0.14327899933725385,0.3939393939393939,0.4180602006688964,0.09585652788091636,0.15888333748758376,0.42281879194630867,23.0,-1.0,-1.0,29.0,-1.0,-1.0,40.0,-1.0,-1.0,-9.152678746724845e-05,-0.00012573984035844563,-0.0002546902580851002,0.00039251620327895864,-8.686395899459853e-06,-0.0001419379254530284,"[10.3515625, 5.171875, 4.8125, 0.77685546875, 5.796875, 4.15625, 3.546875, 2.62109375, 0.00731658935546875, 0.409912109375, 0.1671142578125, 8.640625, 1.869140625, 0.2890625, 6.04296875, 0.80078125, 0.2069091796875, 8.821487426757812e-06, 0.0013608932495117188, 8.75, 1.169921875, 1.607421875, 0.08258056640625, 1.435546875, 4.45703125, 7.06640625, 6.26171875, 0.5732421875, 7.984375, 8.21875, 7.5703125, 6.48046875, 7.12890625, 2.958984375, 10.859375, 0.5869140625, 4.10546875, 1.1884765625, 0.97705078125, 8.515625, 0.02447509765625, 7.3359375, 2.7265625, 0.331298828125, 1.5166015625, 0.12054443359375, 0.191162109375, 0.10205078125, 0.0272216796875, 2.5033950805664062e-06, 0.00013184547424316406, 0.0014028549194335938, 0.00011563301086425781, 5.29296875, 0.0260009765625, 0.09625244140625, 0.0006694793701171875, 0.05810546875, 0.09893798828125, 0.005435943603515625, 0.08087158203125, 8.2578125, 0.74267578125, 7.19921875, 4.13671875, 2.08984375, 5.03515625, 0.2054443359375, 0.5078125, 1.0, 3.357421875, 6.55078125, 6.47265625, 1.8046875, 2.919921875, 2.876953125, 0.07098388671875, 2.78125, 5.15625, 0.7314453125, 7.50390625, 1.435546875, 0.1866455078125, 3.771484375, 1.3681640625, 0.00012993812561035156, 1.4521484375, 0.462646484375, 4.79296875, 1.78125, 0.121826171875, 2.8671875, 6.28125, 0.2498779296875, 0.349853515625, 3.306640625, 1.1591796875, 1.37890625, 1.61328125, 3.064453125, 0.42236328125, 1.982421875, 2.38671875, 0.0290374755859375, 4.11328125, 5.6640625, 3.6640625, 7.6875, 2.564453125, 4.97265625, 2.970703125, 2.177734375, 2.232421875, 3.69140625, 6.8515625, 0.1197509765625, 9.5078125, 7.59375, 11.53125, 2.064453125, 3.662109375, 6.0234375, 0.70361328125, 3.921875, 13.9453125, 0.95703125, 0.06695556640625, 1.4345703125, 7.87890625, 3.50390625, 2.689453125, 0.0010251998901367188, 6.796875, 0.01023101806640625, 0.56689453125, 0.1712646484375, 2.306640625, 0.27978515625, 11.8984375, 0.17236328125, 0.028076171875, 4.2109375, 1.87890625, 3.845703125, 0.024383544921875, 5.94921875, 0.447021484375, 0.2467041015625, 7.9375, 1.9326171875, 2.453125, 2.283203125, 3.65625, 9.15625, 9.2890625, 5.55078125, 0.354248046875, 2.8515625, 2.00390625, 1.13671875, 3.75, 4.86328125, 2.341796875, 1.36328125, 5.73046875, 7.54296875, 0.56982421875, 6.73046875, 0.52392578125, 1.2373046875, 0.416748046875, 0.87548828125, 3.1796875, 1.9580078125, 3.1484375, 4.02734375, 0.87451171875, 3.40234375, 4.53515625, 0.277099609375, 4.684925079345703e-05, 0.205810546875, 1.7421875, 0.00010967254638671875, 0.07373046875, 0.178466796875, 0.00019681453704833984, 0.018341064453125, 0.806640625, 9.5703125, 0.1002197265625, 4.6484375, 3.26953125, 3.361328125, 5.35546875, 0.310546875, 3.17578125, 5.58984375, 4.7890625, 0.99169921875, 3.353515625, 6.65234375, 6.15234375, 4.640625, 0.0006666183471679688, 7.9765625, 6.9296875, 3.830078125, 1.4775390625, 1.373046875, 4.1640625, 4.07421875, 2.36328125, 8.5625, 5.1328125, 4.8828125, 2.44140625, 4.7109375, 5.203125, 0.91064453125, 7.140625, 0.0562744140625, 2.28515625, 2.38671875, 2.23828125, 2.15234375, 5.97265625, 0.02740478515625, 7.515625, 3.732421875, 1.9189453125, 7.19921875, 8.3359375, 1.74609375, 1.6943359375, 4.1796875, 2.796875, 0.236083984375, 0.54833984375, 0.986328125, 0.2352294921875, 0.45166015625, 0.96923828125, 7.6796875, 0.4404296875, 1.046875, 0.6240234375, 0.57421875, 2.375, 0.2998046875, 7.5546875, 1.1552734375, 2.478515625, 1.638671875, 1.787109375, 1.1943359375, 0.7607421875, 0.0099029541015625, 13.6015625, 3.56640625, 6.65234375, 9.0234375, 2.615234375, 1.5517578125, 3.21875, 0.5439453125, 0.27734375, 5.59375, 2.984375, 6.078125, 0.31298828125, 4.390625, 7.33203125, 4.4921875, 3.1640625, 6.19140625, 6.60546875, 2.16796875, 0.9892578125, 2.015625, 1.6806640625, 5.171875, 0.6572265625, 3.8984375, 6.24609375, 1.326171875, 3.822265625, 8.9140625, 8.4140625, 0.325927734375, 0.383544921875, 0.01666259765625, 6.6328125, 3.17578125, 2.09765625, 3.6484375, 9.3515625, 9.4296875, 2.505859375, 2.865234375, 4.20703125, 3.484375, 11.1640625, 0.77294921875, 4.98828125, 1.734375, 3.36328125, 0.0210723876953125, 0.05401611328125, 8.796875, 0.483154296875, 1.8701171875, 3.17578125, 0.04681396484375, 3.25, 8.4375, 1.90234375, 4.8203125, 0.319091796875, 1.642578125, 7.7734375, 3.072265625, 2.615234375, 4.4609375, 0.0306854248046875, 7.03515625, 7.9609375, 1.759765625]",-1.0127611854454366
66,1,test,2.746940735596508,1.1748455628292997,1.4827052627309234,5.5076851934824465,2.3555948722054807,2.9728613056765756,15.594850063166266,10.778120553632693,12.054465082385688,31.268066207051962,21.610402517082633,24.1695053661904,3.014994463129858,1.221291283220685,1.7581508789211229,5.11016010699976,2.069985225797771,2.9799167439341065,20.388978049112897,14.37730444364562,16.87466671444622,34.557589913750675,24.36831261634851,28.601130024485123,3.0243797043095464,1.343700752390169,1.85783839551509,5.6707119455804,2.5194389107315667,3.4834469915907937,20.581234299949493,15.212034137326981,17.370366289607457,38.5898143124053,28.522564007488093,32.569436793013985,0.6130653266331658,-0.0069346733668341765,-0.0069346733668341765,0.5025125628140703,-0.01748743718592971,-0.012487437185929706,0.42211055276381915,0.002110552763819107,-0.007889447236180902,0.37688442211055273,0.10586811094367699,0.13250514547321157,0.32745591939546603,0.42211055276381915,0.12386493872873139,0.1733626395751714,0.3484848484848485,0.4013377926421404,0.10918420332661449,0.167744911663275,0.3523489932885906,23.0,4.0,6.0,33.0,8.0,7.0,44.0,10.0,11.0,0.0006638041325452114,0.0008673432677840208,0.00024048578606808058,-0.04508990278399594,-0.04907412404343603,-0.04710528695483074,"[4.12890625, 9.609375, 0.6962890625, 9.5234375, 1.544921875, 2.001953125, 8.8671875, 6.15625, 2.34765625, 0.39892578125, 1.54296875, 6.78125, 1.5498046875, 3.00390625, 4.34375, 5.0, 1.55859375, 8.078125, 3.212890625, 3.75390625, 3.12890625, 0.1806640625, 8.46875, 2.904296875, 5.2265625, 5.84765625, 6.81640625, 10.03125, 0.3505859375, 8.078125, 0.2548828125, 8.234375, 1.0419921875, 4.765625, 2.02734375, 11.765625, 5.08984375, 7.37890625, 4.96875, 4.01171875, 5.60546875, 7.55859375, 2.50390625, 2.99609375, 0.0187225341796875, 6.82421875, 2.642578125, 1.6953125, 2.09375, 2.6640625, 3.96875, 5.05078125, 1.634765625, 5.91796875, 9.0625, 1.6884765625, 7.15234375, 6.0390625, 0.09918212890625, 2.958984375, 1.1240234375, 1.6279296875, 0.00998687744140625, 5.91015625, 0.1458740234375, 3.12109375, 0.1546630859375, 0.0880126953125, 0.06884765625, 0.7099609375, 0.396484375, 0.0004379749298095703, 3.861328125, 3.5762786865234375e-07, 0.72265625, 6.328125, 0.0005435943603515625, 3.2186508178710938e-06, 0.01262664794921875, 0.004421234130859375, 0.00020384788513183594, 6.44921875, 9.828125, 8.28125, 5.08203125, 9.046875, 0.06365966796875, 5.33203125, 3.3046875, 1.9169921875, 0.035919189453125, 0.0295867919921875, 0.86279296875, 0.005710601806640625, 0.2086181640625, 0.00788116455078125, 1.3740234375, 0.7900390625, 3.421875, 0.014556884765625, 0.2296142578125, 0.4833984375, 4.49609375, 6.05859375, 0.308837890625, 1.232421875, 3.234375, 1.39453125, 5.19921875, 0.07354736328125, 5.41796875, 6.9765625, 0.544921875, 3.23828125, 8.8125, 2.478515625, 4.35546875, 0.193115234375, 0.76904296875, 0.0005350112915039062, 0.000675201416015625, 3.5762786865234375e-07, 1.1086463928222656e-05, -0.0, 7.152557373046875e-07, 0.00047969818115234375, 1.5126953125, 2.615234375, 5.6171875, 2.5078125, 3.720703125, 5.3515625, 0.2216796875, 4.6484375, 5.58984375, 0.044647216796875, 3.328125, 4.2265625, 9.21875, 4.171875, 2.697265625, 1.8330078125, 0.00016832351684570312, 0.2152099609375, 4.291534423828125e-06, 2.1338462829589844e-05, 5.960464477539062e-07, 3.933906555175781e-06, -0.0, 8.344650268554688e-07, 0.0002105236053466797, 0.2236328125, 5.85546875, 2.2734375, 2.498046875, 1.5419921875, 1.0, 0.74072265625, 6.03125, 6.08984375, 5.078125, 4.25390625, 0.0167694091796875, 0.04010009765625, 0.029998779296875, 1.3720703125, 2.919921875, 0.205810546875, 0.1910400390625, 5.3359375, 0.0168609619140625, 0.03216552734375, 0.038665771484375, 0.72998046875, 2.306640625, 0.0034198760986328125, 0.7509765625, 1.49609375, 0.1507568359375, 0.09478759765625, 0.041961669921875, 2.244140625, 0.0848388671875, 13.25, 9.640625, 2.318359375, 10.703125, 10.7890625, 6.328125, 3.162109375, 1.90625, 0.00022411346435546875, 3.33203125, 5.26171875, 7.34765625, 0.319580078125, 4.41015625, 11.2421875, 7.36328125, 9.90625, 3.654296875, 2.23828125, 2.833984375, 1.6435546875, 0.1435546875, 0.025238037109375, 1.2939453125, 0.0299835205078125, 7.578125, 5.48046875, 10.8046875, 2.55859375, 2.37890625, 0.156494140625, 1.7802734375, 0.188720703125, 0.1353759765625, 0.004261016845703125, 1.0537109375, 0.052215576171875, 8.6171875, 7.5234375, 4.3125, 0.10528564453125, 6.53125, 4.5859375, 5.68359375, 2.34375, 8.046875, 0.96435546875, 3.236328125, 0.06134033203125, 1.0634765625, 2.115234375, 6.3671875, 9.1328125, 0.54150390625, 1.7177734375, 0.03570556640625, 0.07391357421875, 4.26171875, 0.0032749176025390625, 0.0289459228515625, 0.0010137557983398438, 0.035247802734375, 3.185546875, 4.24609375, 4.2578125, 1.322265625, 6.73046875, 10.4609375, 0.65869140625, 2.400390625, 3.41015625, 1.8203125, 6.72265625, 2.5234375, 0.38232421875, 7.33203125, 0.165771484375, 4.625, 9.171875, 0.15576171875, 0.0229644775390625, 4.2109375, 4.17578125, 1.240234375, 2.201171875, 0.044097900390625, 1.134765625, 8.203125, 7.71875, 4.92578125, 2.2578125, 0.943359375, 6.0234375, 0.008270263671875, 1.0947265625, 7.65625, 0.1448974609375, 5.0625, 1.0546875, 1.4462890625, 11.9296875, 0.2247314453125, 1.015625, 5.5, 7.09765625, 2.921875, 3.037109375, 0.134521484375, 0.791015625, 3.92578125, 0.256103515625, 0.73046875, 2.30859375, 0.0024852752685546875, 0.0136566162109375, 0.0021190643310546875, 0.034210205078125, 11.1484375, 2.923828125, 1.6103515625, 1.0013580322265625e-05, 0.3125, 2.2649765014648438e-06, 8.940696716308594e-06, -0.0, 5.960464477539062e-07, -0.0, 3.5762786865234375e-07, 0.0004723072052001953, 0.451171875, 1.6171875, 0.00018930435180664062, 2.326171875, 0.2783203125, 0.75830078125, 1.75390625, 0.004642486572265625, 0.056121826171875, 0.00623321533203125, 0.07293701171875, 0.818359375, 0.004917144775390625, 0.02783203125, 8.53125, 0.38916015625, 0.093505859375, 0.03070068359375, 0.0005164146423339844, -0.0, 5.841255187988281e-06, -0.0, 9.5367431640625e-07, 7.355213165283203e-05, 0.00014078617095947266, 0.0001850128173828125, 0.01259613037109375, 6.246566772460938e-05, 3.2186508178710938e-06, 8.344650268554688e-07, 8.380413055419922e-05, 7.62939453125e-06, 1.430511474609375e-06, 0.54345703125, 0.8251953125, 1.1376953125, 7.59765625, 3.390625, 3.5390625, 7.37890625, 6.2890625, 0.258056640625, 2.513671875, 7.8515625, 1.1845703125, 1.27734375, 5.43359375, 0.95654296875, 0.763671875, 2.703125, 0.00316619873046875, 0.496826171875, 0.5166015625, 0.05230712890625, 13.0234375, 3.603515625, 7.1875, 2.638671875, 0.406494140625, 1.447265625, 5.56640625, 0.36376953125, 0.058349609375, 0.0010480880737304688, 0.0025806427001953125, 7.581710815429688e-05, 1.125, 1.853515625, 0.74560546875, 8.1171875, 7.890625, 0.1141357421875, 1.1806640625, 3.26171875, 11.4296875, 0.1944580078125, 7.59765625, 0.02154541015625, 3.310546875, 3.3828125, 0.630859375, 2.302734375, 0.11090087890625, 0.51953125, 0.11798095703125, 9.4609375]",-1.1875351631461677
221,1,test,3.026030740610333,1.3021456224463854,1.8176781232806218,5.371652202266863,2.3115011049344116,3.2266475561194468,20.61524273174606,15.008975513025472,17.26727800373635,36.59510544096934,26.64315179827007,30.651972787697662,2.900322884770494,1.1818288789322626,1.6961879316885864,4.754627679951629,1.9374243916922338,2.7806359535878467,18.180014471670468,12.603889944929056,14.846140598661163,29.80330241257454,20.662114663818127,24.33793540764125,3.026030740610333,1.3021456224463854,1.8176781232806218,5.371652202266863,2.3115011049344116,3.2266475561194468,20.61524273174606,15.008975513025472,17.26727800373635,36.59510544096934,26.64315179827007,30.651972787697662,0.6482412060301508,-0.006758793969849242,0.0032412060301507672,0.542713567839196,0.0027135678391959628,-0.017286432160804055,0.42713567839195976,0.0021356783919597166,-0.002864321608040288,0.4247491638795987,0.08695652173913049,0.15273132664437017,0.43288590604026844,0.44723618090452266,0.10050251256281417,0.1792294807370185,0.4242424242424242,0.4247491638795987,0.08695652173913049,0.15273132664437017,0.43288590604026844,17.0,-2.0,1.0,29.0,0.0,1.0,35.0,1.0,2.0,-0.0005751014461850432,-1.1562110865491467e-05,-0.00023854085968801547,0.0005070350734097673,0.00010364583054389698,-4.030577335889518e-05,"[9.2265625, 1.322265625, 2.544921875, 3.51171875, 1.015625, 4.1875, 5.23046875, 6.48046875, 2.79296875, 1.935546875, 6.90625, 1.158203125, 0.18994140625, 0.01568603515625, 5.01953125, 3.26171875, 2.236328125, 8.5546875, 0.55810546875, 2.990234375, 2.123046875, 5.25390625, 0.2034912109375, 0.50830078125, 5.375, 2.56640625, 0.0596923828125, 1.7470703125, 2.2578125, 0.462646484375, 2.009765625, 3.904296875, 1.8876953125, 2.8125, 4.0703125, 1.7841796875, 4.203125, 0.0797119140625, 4.48828125, 5.546875, 0.07745361328125, 0.59130859375, 6.78125, 3.20703125, 0.77001953125, 4.2890625, 8.3984375, 7.95703125, 4.71875, 0.03399658203125, 1.1064453125, 6.78125, 0.2144775390625, 0.00847625732421875, 0.10003662109375, 0.3251953125, 0.0743408203125, 0.494384765625, 0.08062744140625, 4.20703125, 0.0020236968994140625, 0.030853271484375, 0.11212158203125, 0.2257080078125, 8.015625, 0.254638671875, 2.185546875, 0.335205078125, 2.326171875, 3.890625, 0.354248046875, 1.9990234375, 1.791015625, 0.81640625, 1.416015625, 1.61328125, 4.328125, 5.40234375, 0.0198211669921875, 0.281494140625, 2.650390625, 4.64453125, 4.125, 2.958984375, 10.7109375, 1.3798828125, 7.1640625, 4.015625, 3.23046875, 2.73046875, 4.359375, 4.984375, 3.677734375, 12.1171875, 2.08203125, 5.00390625, 6.296875, 3.052734375, 8.5078125, 4.27734375, 5.0625, 2.759765625, 11.03125, 0.495361328125, 9.9453125, 0.8388671875, 0.07977294921875, 1.2978515625, 0.1002197265625, 6.3671875, 4.12109375, 1.8369140625, 3.974609375, 1.0771484375, 5.4296875, 0.8486328125, 3.40625, 0.278076171875, 0.0426025390625, 0.100830078125, 1.8935546875, 0.08355712890625, 0.00695037841796875, 0.07708740234375, 1.5595703125, 0.421875, 1.77734375, 3.775390625, 1.0419921875, 6.66796875, 0.1661376953125, 0.923828125, 3.359375, 7.34375, 3.5546875, 0.482666015625, 4.91015625, 0.08831787109375, 1.2294921875, 3.724609375, 0.76611328125, 1.279296875, 0.0197296142578125, 0.26513671875, 0.0293426513671875, 0.00254058837890625, 0.032928466796875, 0.1484375, 0.5498046875, 2.15234375, 3.41015625, 3.509765625, 0.728515625, 0.491943359375, 2.9453125, 3.927734375, 0.2139892578125, 1.166015625, 0.0267486572265625, 3.609375, 9.655952453613281e-06, 0.445556640625, 0.178466796875, 4.13671875, 0.02557373046875, 3.740234375, 2.572265625, 0.736328125, 4.1484375, 0.2109375, 6.203125, 0.64892578125, 8.1796875, 5.32421875, 1.0830078125, 14.4375, 4.25390625, 5.2734375, 3.44921875, 2.5390625, 7.234375, 5.12890625, 8.53125, 4.21484375, 2.390625, 2.853515625, 0.5634765625, 5.44921875, 7.671875, 8.1015625, 4.48828125, 6.6875, 1.5478515625, 5.26171875, 1.427734375, 6.92605972290039e-05, 0.08941650390625, 0.08062744140625, 5.6953125, 4.0390625, 0.310546875, 0.57861328125, 2.00390625, 4.66015625, 0.00852203369140625, 4.97265625, 10.546875, 0.265380859375, 6.359375, 4.6328125, 2.0625, 10.265625, 1.7275390625, 4.50390625, 2.52734375, 1.3017578125, 0.2440185546875, 0.213134765625, 3.984375, 0.30322265625, 1.30859375, 9.375, 4.59765625, 0.352783203125, 2.818359375, 4.671875, 9.7890625, 0.86181640625, 7.03125, 5.56640625, 2.5234375, 2.84375, 0.002887725830078125, 7.13671875, 0.732421875, 2.947265625, 0.1717529296875, 2.26171875, 5.0067901611328125e-05, 0.11578369140625, 0.2091064453125, 2.158203125, 6.15234375, 7.4453125, 0.41796875, 1.7001953125, 4.3671875, 5.88671875, 2.33203125, 6.83203125, 4.55859375, 0.87060546875, 0.03857421875, 7.33203125, 0.0791015625, 0.057220458984375, 3.025390625, 8.03125, 1.1201171875, 2.080078125, 6.09765625, 1.94921875, 0.95751953125, 9.328125, 4.4296875, 3.654296875, 1.38671875, 3.158203125, 4.32421875, 4.87109375, 5.61328125, 2.482421875, 7.486343383789062e-05, 0.1993408203125, 4.3515625, 2.7421875, 6.515625, 9.4375, 0.07830810546875, 1.9169921875, 3.248046875, 8.46875, 1.3603515625, 6.1328125, 3.83984375, 3.443359375, 2.595703125, 0.00042724609375, 5.0625, 0.1654052734375, 2.177734375, 2.0546875, 1.2275390625, 0.017120361328125, 7.05078125, 0.442138671875, 7.578125, 3.228515625, 1.349609375]",-0.7786753560388369
69,1,test,3.3883270866730633,1.5242617495793047,2.0960979323305047,5.674928188108873,2.552904648068406,3.5106425492406617,29.61636519246591,23.16646061121491,25.975471562183653,49.60286931008094,38.80026838565442,43.504930898626604,3.5512436622351258,1.5772821488946527,2.19661850480587,5.46345178805404,2.426587921376389,3.379413084316724,34.85664042981041,27.65750086969971,30.98133237589847,53.625600661246786,42.550001337999554,47.66358827061303,3.3883270866730633,1.5242617495793047,2.0960979323305047,5.674928188108873,2.552904648068406,3.5106425492406617,29.61636519246591,23.16646061121491,25.975471562183653,49.60286931008094,38.80026838565442,43.504930898626604,0.7336683417085428,0.013668341708542808,0.013668341708542808,0.5879396984924623,-0.00706030150753767,-0.00706030150753767,0.4824120603015075,0.002412060301507535,-0.0025879396984924696,0.43014705882352944,0.1132972419737126,0.17404949784791968,0.38745387453874536,0.4321608040201005,0.11966080402010049,0.1825767773978043,0.38888888888888884,0.43014705882352944,0.1132972419737126,0.17404949784791968,0.38745387453874536,28.0,3.0,3.0,36.0,0.0,-1.0,46.0,0.0,1.0,0.00012793802466059303,0.00029138661727367134,0.00018874514673317046,-0.0048648058207794165,-0.0050296403267333645,-0.005524320748161671,"[5.62109375, 5.87890625, 5.8203125, 5.51953125, 1.033203125, 1.62109375, 0.1959228515625, 6.12890625, 6.890625, 5.625, 3.6015625, 0.78759765625, 8.515625, 3.92578125, 0.162353515625, 10.8828125, 1.76171875, 11.046875, 8.609375, 4.6640625, 6.625, 1.1630859375, 0.017425537109375, 5.59765625, 3.072265625, 2.3984375, 0.501953125, 5.03125, 3.052734375, 7.765625, 4.3125, 2.537109375, 8.2265625, 0.07110595703125, 4.9609375, 1.0263671875, 2.255859375, 3.755859375, 9.3515625, 0.396240234375, 1.0244140625, 6.91796875, 0.013702392578125, 2.0859375, 0.3134765625, 1.1474609375, 7.38671875, 3.6953125, 3.185546875, 1.8115234375, 8.9140625, 0.0989990234375, 5.8359375, 4.9609375, 7.2265625, 10.03125, 2.814453125, 5.59375, 0.9208984375, 1.7470703125, 8.6640625, 0.63232421875, 0.70947265625, 0.880859375, 0.054473876953125, 0.20458984375, 0.07843017578125, 0.009765625, 1.7881393432617188e-06, 4.887580871582031e-06, 0.000518798828125, 0.00012183189392089844, 6.49609375, 4.26953125, 5.64453125, 2.943359375, 2.783203125, 4.0078125, 2.95703125, 10.7578125, 7.54296875, 1.79296875, 3.73046875, 5.8984375, 1.1142578125, 1.7509765625, 0.9296875, 2.009765625, 5.48828125, 8.046875, 6.015625, 0.8837890625, 1.634765625, 0.71630859375, 3.390625, 6.81640625, 7.3984375, 1.2978515625, 4.15625, 11.8671875, 1.580078125, 0.372314453125, 1.4306640625, 0.05328369140625, 1.802734375, 6.0703125, 0.007030487060546875, 5.97265625, 0.98583984375, 2.267578125, 1.6240234375, 0.7412109375, 5.44140625, 7.6015625, 3.134765625, 2.634765625, 1.08984375, 8.1328125, 2.45703125, 2.41796875, 3.60546875, 10.8046875, 2.09765625, 5.0078125, 1.3544921875, 6.01171875, 3.587890625, 7.140625, 2.419921875, 12.4453125, 0.015899658203125, 0.92431640625, 4.953125, 0.7626953125, 8.308887481689453e-05, 0.62255859375, 0.2073974609375, 1.9853515625, 5.03125, 5.3125, 1.8623046875, 1.1318359375, 3.66015625, 3.166015625, 2.765625, 10.0078125, 0.50537109375, 5.953125, 0.419189453125, 0.81494140625, 6.19921875, 6.609375, 0.9208984375, 7.9765625, 0.0985107421875, 3.88671875, 1.0302734375, 0.035614013671875, 2.140625, 2.67578125, 1.830078125, 0.2249755859375, 5.9140625, 1.8369140625, 3.935546875, 0.06298828125, 7.4921875, 4.25390625, 2.3984375, 7.44140625, 0.77392578125, 0.348876953125, 1.0888671875, 5.8359375, 0.0207977294921875, 1.5234375, 2.7109375, 8.1796875, 0.77734375, 7.3359375, 0.79345703125, 5.921875, 0.2210693359375, 3.640625, 4.0859375, 5.12890625, 4.27734375, 7.10546875, 6.3984375, 1.037109375, 7.66796875, 3.88671875, 4.33984375, 3.033203125, 5.8650970458984375e-05, 0.69189453125, 0.3291015625, 2.0625, 5.66796875, 7.33203125, 1.2060546875, 2.951171875, 0.026336669921875, 0.63916015625, 7.02734375, 1.6005859375, 1.279296875, 7.8125, 3.21875, 0.1524658203125, 5.0859375, 2.80078125, 0.1285400390625, 2.962890625, 3.849609375, 5.078125, 4.5859375, 1.140625, 7.3671875, 6.359375, 4.02734375, 5.1953125, 0.368408203125, 3.1171875, 7.49609375, 0.7197265625, 8.0859375, 2.482421875, 4.6875, 1.9052734375, 1.515625, 0.0001291036605834961, 0.1724853515625, 0.286865234375, 1.8251953125, 0.0003943443298339844, 2.341796875, 4.015625, 0.0038433074951171875, 3.611328125, 6.84765625, 2.85546875, 1.9130859375, 3.87890625, 1.61328125, 7.01171875, 0.07525634765625, 1.4541015625, 3.50390625, 6.32421875, 0.6826171875, 13.546875, 0.004627227783203125, 6.625, 5.53125, 2.115234375, 3.23046875, 0.383544921875, 4.32421875, 0.15673828125, 0.50341796875, 2.501953125, 2.248046875, 1.5020370483398438e-05, 0.4443359375, 1.0986328125, 5.734375, 0.04095458984375, 1.4794921875, 1.7119140625, 1.5224609375, 5.83984375]",-0.49441269566031076
332,1,test,2.9168780859973698,1.1638350467845562,1.6873794920304694,5.17164274143092,2.06348667804133,2.991734191391446,18.483493415757152,12.711352587044704,15.063978874607209,32.77134722180256,22.53730612058846,26.70852696172689,3.0432612674320163,1.164791160900811,1.6944610665811999,4.83057344036828,1.848874858572716,2.689620740605079,20.973532117642122,14.430045754165393,17.120731947508226,33.29132082165416,22.904834530421255,27.1757649960448,2.9158039850493274,1.1712895651697115,1.6921900672217212,5.169738353860464,2.076703584871452,3.0002633707182667,18.463650936276842,12.740529169842947,15.064200038833162,32.736166383950966,22.58903638088719,26.70891908725634,0.6633165829145728,-0.011683417085427195,-0.021683417085427203,0.5628140703517588,0.01781407035175886,-0.007185929648241274,0.4522613065326633,-0.007738693467336688,-0.0027386934673366836,0.4409722222222222,0.11168279414596571,0.17422857326148322,0.3902439024390244,0.44221105527638194,0.10887772194304857,0.1600741604516741,0.38888888888888884,0.4444444444444444,0.11862122087425375,0.1800102643058763,0.3902439024390244,21.0,-2.0,-1.0,35.0,0.0,0.0,43.0,1.0,1.0,0.0006740385187880566,0.0003533961667594336,8.001590684605552e-05,-0.0003080533820964959,0.0001462546060908565,-1.7556467044599344e-06,"[5.203125, 4.40625, 0.1796875, 1.39453125, 5.21875, 0.14892578125, 8.6953125, 1.55859375, 7.7265625, 1.3515625, 0.50146484375, 5.5703125, 3.69921875, 0.96728515625, 0.78466796875, 4.2421875, 8.9453125, 0.9541015625, 5.79296875, 1.2177734375, 0.401611328125, 5.01171875, 4.60546875, 7.20703125, 6.68359375, 1.9990234375, 5.7734375, 6.0625, 8.296875, 3.0546875, 7.37109375, 3.06640625, 8.2890625, 5.21484375, 0.92333984375, 0.73876953125, 3.732421875, 5.265625, 2.345703125, 3.017578125, 0.62451171875, 2.90625, 3.701171875, 3.525390625, 3.3125, 4.1640625, 4.5859375, 4.19921875, 0.44775390625, 6.26171875, 12.3046875, 4.79296875, 0.90869140625, 5.375, 4.7421875, 6.91796875, 0.4482421875, 8.34375, 1.1064453125, 0.50927734375, 0.6416015625, 6.51171875, 4.11328125, 1.2392578125, 2.99609375, 7.109375, 6.34375, 1.0400390625, 0.0926513671875, 3.380859375, 8.988380432128906e-05, 0.55029296875, 0.046478271484375, 8.515625, 2.388671875, 0.630859375, 2.181529998779297e-05, 0.1143798828125, 6.16015625, 0.0212554931640625, 5.888938903808594e-05, 0.059906005859375, 0.1683349609375, 1.7783203125, 6.40234375, 1.6220703125, 1.07421875, 0.00015413761138916016, 0.492431640625, 0.759765625, 5.375, 0.210693359375, 0.55419921875, 3.91796875, 7.56640625, 2.685546875, 6.6953125, 4.93359375, 5.77734375, 0.050384521484375, 6.60546875, 3.951171875, 3.3125, 5.52734375, 5.0, 1.529296875, 3.61328125, 5.203125, 0.00019085407257080078, 3.328125, 0.92529296875, 3.68359375, 0.054840087890625, 2.162109375, 4.65625, 1.044921875, 7.02734375, 2.947265625, 0.0004506111145019531, 1.193359375, 0.50537109375, 7.3984375, 0.9931640625, 0.488037109375, 5.25, 4.9453125, 1.9384765625, 0.33837890625, 3.4921875, 0.029876708984375, 3.462890625, 4.84765625, 3.365234375, 1.7373046875, 3.16796875, 2.337890625, 4.578125, 2.859375, 2.26171875, 3.40234375, 0.7021484375, 1.4208984375, 0.55224609375, 1.484375, 4.7734375, 0.1263427734375, 8.796875, 0.626953125, 0.69921875, 0.00018990039825439453, 0.68701171875, 0.7548828125, 0.0038700103759765625, 1.0609626770019531e-05, 0.00620269775390625, 1.34765625, 1.4814453125, 0.035247802734375, 1.974609375, 11.3828125, 5.53515625, 0.482421875, 1.55859375, 0.54052734375, 2.203125, 3.353515625, 0.96142578125, 0.19091796875, 1.0869140625, 0.43408203125, 4.125, 2.2421875, 2.59375, 2.85546875, 0.93359375, 1.9716796875, 8.140625, 1.734375, 0.8740234375, 5.23828125, 4.30859375, 4.18359375, 3.873046875, 2.71875, 6.98828125, 4.88671875, 0.5009765625, 10.25, 7.6796875, 5.62109375, 3.875, 1.595703125, 0.00394439697265625, 3.5703125, 2.21875, 2.232421875, 0.0012063980102539062, 0.27783203125, 0.75830078125, 3.498046875, 1.03515625, 1.166015625, 2.107421875, 6.234375, 3.431640625, 5.765625, 0.962890625, 2.53515625, 2.171875, 6.98046875, 0.08331298828125, 0.1195068359375, 8.515625, 4.203125, 7.40234375, 4.54296875, 2.1953125, 1.431640625, 0.3310546875, 0.022857666015625, 0.0072784423828125, 3.8046875, 0.7412109375, 1.486328125, 0.056396484375, 2.32421875, 0.7900390625, 0.0164031982421875, 3.5625, 1.3740234375, 0.5146484375, 1.18359375, 2.287109375, 4.60546875, 5.0067901611328125e-05, 0.8271484375, 0.4267578125, 0.3369140625, 7.125, 0.171630859375, 0.007762908935546875, 2.5390625, 3.933906555175781e-06, 0.045257568359375, 0.1824951171875, 2.96875, 2.8515625, 8.1328125, 1.0751953125, 2.3125, 7.37890625, 0.94140625, 1.388671875, 6.203125, 6.109375, 4.09375, 6.375, 1.1787109375, 4.71875, 0.0005412101745605469, 0.2308349609375, 0.0144195556640625, 3.017578125, 0.328857421875, 6.4765625, 0.056427001953125, 2.314453125, 0.8154296875, 0.007965087890625, 0.01184844970703125, 6.20703125, 3.302734375, 4.05078125, 0.026458740234375, 3.626953125, 8.6640625, 6.33203125, 1.0712890625, 0.301513671875, 1.6806640625, 4.6015625, 0.136962890625, 9.65625, 3.326171875, 5.81640625, 0.76123046875, 1.5205078125, 3.3828125]",-0.770607370469305
371,1,test,3.3775512469479065,1.5572510607613577,2.1141154033114598,5.804635811337608,2.676280717489368,3.633303858957383,29.298937335370177,23.125225900728335,25.761382218330965,50.352947581389955,39.742850542960255,44.2733302445688,3.8922296456955188,1.774997353477203,2.4610594161737818,5.640912529993506,2.572459932575657,3.5667527770634524,49.020062137573355,40.71195092424242,44.836470046143916,71.04356831532371,59.0028274264383,64.98039137122308,3.640640647515007,1.7184410026079169,2.334534314705312,5.809532948162245,2.7421930892679525,3.7253207149552856,38.11624798461054,31.280269315264256,34.42447682182208,60.82379997544234,49.91532337542168,54.93267577950332,0.7487437185929648,-0.006256281407035158,-0.0012562814070351536,0.6281407035175879,-0.0018592964824121205,-0.006859296482412125,0.5376884422110553,-0.0023115577889447625,-0.0023115577889447625,0.4428152492668622,0.13388406332249914,0.19257086999022488,0.3941176470588236,0.4723618090452262,0.15155980403269487,0.22027499769297243,0.43939393939393945,0.4481605351170569,0.129295760492683,0.2012194895108278,0.4161073825503355,23.0,3.0,3.0,34.0,0.0,0.0,41.0,1.0,1.0,0.0011784826370142816,0.0004425644755130447,0.0005631224252974131,0.00034118015804818214,-5.904222154651251e-05,0.0001653898061491077,"[0.8876953125, 4.94140625, 3.63671875, 6.93359375, 3.728515625, 5.7109375, 2.712890625, 0.457275390625, 1.3779296875, 10.9921875, 2.291015625, 7.953125, 7.7421875, 2.05078125, 0.369873046875, 8.3984375, 7.47265625, 7.25, 11.8359375, 11.109375, 5.51171875, 8.8984375, 1.935546875, 9.9375, 4.48828125, 1.8447265625, 5.984375, 7.9375, 1.1708984375, 1.2041015625, 4.07421875, 1.9326171875, 4.78515625, 4.71875, 2.845703125, 0.1978759765625, 0.25146484375, 5.52734375, 0.239501953125, 1.48046875, 4.046875, 3.927734375, 6.69921875, 0.97216796875, 3.369140625, 5.7890625, 1.5576171875, 5.5703125, 0.404541015625, 4.625, 7.3515625, 0.1793212890625, 2.021484375, 5.6328125, 0.466552734375, 0.76171875, 4.45703125, 1.841796875, 5.4453125, 3.302734375, 2.056640625, 8.1875, 1.390625, 1.3779296875, 4.953125, 0.10931396484375, 1.244140625, 3.080078125, 9.2109375, 8.5703125, 0.50537109375, 1.4462890625, 7.31640625, 5.40234375, 0.9892578125, 0.0216827392578125, 5.0859375, 5.140625, 10.4453125, 5.8828125, 0.288330078125, 8.3515625, 12.6328125, 4.41796875, 3.982421875, 3.939453125, 2.150390625, 0.0001780986785888672, 5.35546875, 0.0032825469970703125, 0.0013570785522460938, 10.4296875, 9.4296875, 0.061279296875, 5.390625, 3.70703125, 0.041259765625, 0.0006747245788574219, 0.82421875, 4.49609375, 0.83203125, 5.1171875, 0.07952880859375, 0.90966796875, 8.9296875, 6.30859375, 4.7734375, 7.328125, 2.859375, 3.25390625, 2.349609375, 10.015625, 7.3046875, 0.853515625, 1.76171875, 4.578125, 5.23828125, 4.24609375, 8.1015625, 4.46484375, 0.07366943359375, 1.3720703125, 3.951171875, 2.275390625, 0.205322265625, 0.1285400390625, 4.859375, 3.486328125, 4.20703125, 2.37109375, 0.9619140625, 0.116943359375, 0.0007810592651367188, 9.2109375, 0.305419921875, 1.57421875, 0.195068359375, 0.86474609375, 3.70703125, 6.15234375, 9.28125, 2.548828125, 5.2578125, 2.369140625, 6.76953125, 1.69140625, 1.7265625, 4.47265625, 0.96337890625, 5.53125, 4.01171875, 0.568359375, 4.3125, 0.01505279541015625, 1.056640625, 1.8271484375, 0.8505859375, 5.27734375, 1.8701171875, 4.3203125, 1.5791015625, 6.4375, 9.875, 5.86328125, 4.8359375, 1.2177734375, 0.31982421875, 2.58203125, 7.21484375, 4.29296875, 0.595703125, 6.3515625, 0.01377105712890625, 0.7060546875, 9.3515625, 15.671875, 0.52001953125, 1.3310546875, 8.4453125, 2.572265625, 4.828125, 7.82421875, 0.74267578125, 2.755859375, 0.333740234375, 5.49609375, 0.031494140625, 6.73828125, 2.814453125, 7.49609375, 0.71826171875, 1.08203125, 6.8203125, 0.0240478515625, 6.26953125, 7.85546875, 0.83935546875, 5.48828125, 4.609375, 0.8583984375, 2.58203125, 10.28125, 0.346435546875, 3.056640625, 3.416015625, 3.2109375, 1.291015625, 6.65234375, 9.8671875, 0.0102386474609375, 3.900390625, 4.61328125, 6.58984375, 4.48828125, 0.08575439453125, 3.310546875, 6.87109375, 0.0207061767578125, 0.9326171875, 1.4990234375, 4.921875, 5.89453125, 1.533203125, 5.234375, 6.0625, 3.642578125, 1.240234375, 1.8798828125, 2.75, 0.343505859375, 4.77734375, 0.1397705078125, 4.890625, 0.1461181640625, 1.5078125, 1.7734375, 1.3603515625, 0.0706787109375, 2.462890625, 5.30859375, 6.1171875, 6.5078125, 4.4921875, 0.004627227783203125, 0.062408447265625, 0.007720947265625, 1.642578125, 0.0297698974609375, 0.0008363723754882812, 2.474609375, 3.23828125, 0.3525390625, 3.12890625, 3.4140625, 0.1629638671875, 1.828125, 4.76171875, 4.875, 0.72021484375, 6.80078125, 5.75390625, 0.009033203125, 6.53125, 10.765625, 0.0002779960632324219, 1.6240234375, 3.921875, 9.3984375, 3.318359375, 9.640625, 2.310546875, 1.314453125, 5.69140625, 1.4990234375, 6.53125, 0.1385498046875, 0.060943603515625, 9.15625, 0.1087646484375, 5.76953125, 0.6484375, 2.78515625, 4.84765625, 1.5546875, 0.193115234375, 1.865234375, 7.81640625, 8.1796875, 6.4609375, 2.685546875, 5.1640625, 3.701171875, 1.240234375, 2.5390625, 0.2445068359375, 1.392578125, 2.55859375, 0.006145477294921875, 0.60546875, 0.321044921875, 6.80859375, 3.8046875, 1.7314453125, 4.1484375, 0.327392578125, 0.006885528564453125, 3.409385681152344e-05, 0.07879638671875, 2.30859375, 0.0006771087646484375, 1.3935546875, 0.008880615234375, 6.29425048828125e-05, 0.1090087890625, 4.296875, 0.003818511962890625, 0.0011930465698242188, 6.49609375, 0.3486328125, 0.10980224609375, 0.72412109375, 4.23046875, 0.86279296875, 7.85546875, 0.06768798828125, 1.0146484375, 4.765625, 0.021728515625, 0.0006079673767089844, 0.5771484375, 0.0011034011840820312, 1.3544921875, 0.04095458984375, 0.0131683349609375, 0.14208984375, 0.00848388671875, 0.0013360977172851562, 2.443359375, 0.0005745887756347656, 0.00019419193267822266, 5.08203125]",-0.08837993019137569
243,1,test,2.9535293528291047,1.216228864383654,1.7024337018088342,5.684150829972993,2.340666871077975,3.276381841217001,19.173504515236168,13.491520396327527,15.67933526419343,36.89995208592621,25.964812838215238,30.175324470711885,3.1121847407901706,1.236123985160882,1.7461721494377238,5.14410700957053,2.0431801407617884,2.8862349577483037,22.470082118853256,15.942342333015162,18.550392031405575,37.14063160141034,26.35097906283498,30.661805010587727,2.9751475483278766,1.2208335342958663,1.707304161707494,5.649014332268121,2.3180383562579743,3.2417167627357486,19.592513878998727,13.813032140572624,16.039332424142312,37.20097571961784,26.227276216277136,30.454428653434768,0.6683417085427136,-0.006658291457286469,-0.006658291457286469,0.5175879396984925,0.0025879396984924696,-0.002412060301507535,0.40703517587939697,0.0020351758793969443,-0.00296482412060306,0.39016393442622954,0.06774167583375823,0.13280297477519354,0.368421052631579,0.3869346733668342,0.07866399667510482,0.11648392211474734,0.3787878787878788,0.3913043478260869,0.07243957320171301,0.13101513759249406,0.37248322147651003,23.0,12.0,12.0,30.0,16.0,15.0,40.0,17.0,17.0,0.0008003610389216125,0.00021460463803386003,0.00017353828668888332,0.0004833415140721442,8.040468024717029e-05,-6.13331151724239e-05,"[1.783203125, 4.34765625, 0.00472259521484375, 0.0274505615234375, 7.20703125, 7.08984375, 0.1368408203125, 4.0703125, 0.405517578125, 2.97265625, 8.390625, 2.669921875, 0.6435546875, 8.0625, 6.61328125, 1.94140625, 1.1630859375, 4.19921875, 0.01557159423828125, 0.07232666015625, 0.1488037109375, 2.65625, 2.162109375, 4.0625, 11.4765625, 2.71484375, 4.078125, 1.18359375, 0.07098388671875, 9.21875, 2.83984375, 4.57421875, 13.84375, 2.900390625, 2.9765625, 0.78564453125, 2.23046875, 7.07421875, 1.94140625, 0.533203125, 5.9375, 2.65625, 9.1171875, 1.6220703125, 0.62353515625, 0.83056640625, 6.74609375, 2.01171875, 6.26953125, 0.2303466796875, 4.3046875, 5.609375, 2.734375, 5.1875, 3.046875, 2.12109375, 7.61328125, 1.166015625, 5.8125, 3.27734375, 0.211181640625, 0.244384765625, 2.748046875, 2.92578125, 0.0016412734985351562, 0.01274871826171875, 0.04119873046875, 4.4765625, 7.90234375, 0.7470703125, 4.1640625, 4.3984375, 8.53125, 1.478515625, 3.552734375, 5.17578125, 4.76953125, 1.4501953125, 1.5966796875, 5.140625, 0.0001881122589111328, 0.246826171875, 2.71875, 2.1576881408691406e-05, 0.04718017578125, 0.241943359375, 8.984375, 0.48583984375, 7.5625, 8.6015625, 1.0419921875, 1.8525390625, 1.8828125, 10.71875, 1.0498046875, 3.205078125, 0.406494140625, 0.0338134765625, 0.174072265625, 1.083984375, 7.21484375, 3.064453125, 4.85546875, 0.002193450927734375, 2.724609375, 0.994140625, 5.5390625, 2.014636993408203e-05, 2.390625, 1.609375, 1.6689300537109375e-05, 0.98193359375, 0.329833984375, 8.78125, 1.7119140625, 8.53125, 1.9775390625, 10.90625, 4.46875, 0.396240234375, 6.24609375, 1.98828125, 0.452880859375, 0.364501953125, 7.26171875, 7.36328125, 0.1483154296875, 0.57470703125, 5.39453125, 1.3388671875, 3.115234375, 1.376953125, 8.1171875, 6.46875, 0.08404541015625, 1.041015625, 8.3515625, 10.078125, 1.6083984375, 0.5869140625, 3.841796875, 0.0002834796905517578, 0.74365234375, 1.703125, 0.0005192756652832031, 0.625, 0.23486328125, 1.427734375, 0.000614166259765625, 9.140625, 2.30078125, 0.20947265625, 6.26953125, 3.037109375, 10.5859375, 7.18359375, 0.1741943359375, 0.18359375, 1.787109375, 2.763671875, 1.22265625, 4.3046875, 3.796875, 0.02691650390625, 13.515625, 0.120849609375, 0.362060546875, 0.0124359130859375, 0.12310791015625, 3.44140625, 4.88671875, 1.3947486877441406e-05, 2.322265625, 2.681640625, 3.30078125, 3.55078125, 4.98046875, 1.7470703125, 2.498046875, 8.09375, 1.8525390625, 0.6943359375, 6.6171875, 0.95849609375, 1.5693359375, 0.11041259765625, 0.01250457763671875, 4.21484375, 1.5517578125, 1.9951171875, 7.55859375, 0.01412200927734375, 5.17578125, 4.63671875, 3.063678741455078e-05, 0.6298828125, 2.591796875, 5.9723854064941406e-05, 0.03961181640625, 0.1639404296875, 6.0234375, 8.546875, 5.51171875, 0.169189453125, 1.1767578125, 3.52734375, 3.81640625, 0.07330322265625, 6.578125, 1.7431640625, 1.4833984375, 0.2705078125, 2.9375, 0.943359375, 3.36328125, 2.22265625, 0.108154296875, 5.76953125, 6.4140625, 2.41015625, 1.759765625, 3.908203125, 6.818771362304688e-05, 0.544921875, 1.2470703125, 0.0009984970092773438, 2.947265625, 0.463134765625, 6.75, 2.21875, 2.296875, 3.8828125, 1.5625, 0.375244140625, 6.05859375, 0.38232421875, 1.0107421875, 4.93359375, 4.70703125, 6.7421875, 9.4140625, 0.08624267578125, 6.39453125, 0.607421875, 4.21875, 5.2809715270996094e-05, 0.7197265625, 1.0654296875, 10.390625, 1.6015625, 0.13134765625, 4.55078125, 2.634765625, 8.0390625, 7.40625, 5.66796875, 5.8984375, 1.0791015625, 1.8681640625, 2.8828125, 0.2481689453125, 4.4140625, 2.470703125, 3.404296875, 0.1416015625, 0.08697509765625, 3.095703125, 4.1328125, 3.933906555175781e-06, 5.2421875, 0.20849609375, 2.0742416381835938e-05, 4.41015625, 0.9130859375, 5.90625, 1.4091796875, 0.03533935546875, 0.26806640625, 2.1953125, 2.22265625, 1.6513671875, 0.01262664794921875, 2.8203125, 4.15234375, 0.097412109375, 4.46875, 0.74609375, 0.043060302734375, 0.8037109375, 4.35546875, 5.125, 1.7109375, 0.2454833984375, 3.21484375, 4.3046875, 0.00399017333984375, 6.390625, 0.05322265625, 0.88232421875, 0.142822265625, 0.40185546875, 2.197265625, 2.451171875, 0.005626678466796875, 6.05859375]",-0.6072886040953338
311,1,test,2.6090435116405946,1.1520428792469655,1.5790590006684244,5.330131836664528,2.3535599925720216,3.225930351058806,13.586049736691026,9.292986014569983,10.785027287442613,27.755549462074303,18.985057318109227,22.033215255941045,2.3484793374286825,0.8513123396219135,1.2276067065308167,4.120139188471374,1.4935304203893227,2.153695976369854,10.469636828657883,6.000626425459748,7.402106971630362,18.36778390992611,10.527414781508329,12.986152581807652,2.6250777854568583,1.1686737970262429,1.6042502714109648,5.147211344033056,2.291517249071065,3.1455887674724803,13.805648022940797,9.5151449673933,11.030157451581898,27.069898084197643,18.657146994888826,21.627759708984115,0.5628140703517588,-0.007185929648241274,-0.0021859296482411583,0.4321608040201005,0.0021608040201004375,-0.012839195979899465,0.3266331658291457,-0.01336683417085427,-0.023366834170854278,0.3855421686746988,0.11336171754687929,0.16109327087910763,0.404833836858006,0.39698492462311563,0.12129570156547154,0.16993984949790697,0.38888888888888884,0.3913043478260869,0.11417580024678808,0.15659911979494123,0.40604026845637586,24.0,15.0,15.0,34.0,25.0,25.0,42.0,33.0,33.0,-0.000307778084466756,-0.0002546931038886512,-0.00027022633230743096,-0.07863288351421538,-0.07189890551680111,-0.07758560685527449,"[2.111328125, 9.03125, 0.796875, 0.0307769775390625, 0.180908203125, 1.380859375, 2.689453125, 2.658367156982422e-05, 2.724609375, 0.00206756591796875, 1.4052734375, 5.82421875, 0.004825592041015625, -0.0, 0.00397491455078125, 0.0012159347534179688, 1.9431114196777344e-05, 10.1171875, 4.9140625, 4.62890625, 7.1484375, 3.5703125, 0.77978515625, 0.0021648406982421875, 1.5244140625, 3.0625, 2.427734375, 9.0625, 1.3916015625, 4.78125, 8.78125, 9.6640625, 4.95703125, 0.63427734375, 1.9208984375, 0.005863189697265625, 0.1856689453125, 0.52294921875, 2.265625, 5.01953125, 1.4638671875, 8.296875, 2.7421875, 0.0053253173828125, 2.537109375, 0.9853515625, 0.0733642578125, 1.5322265625, 1.85546875, 4.6015625, 1.603515625, 7.421875, 3.451171875, 1.4013671875, 3.2421875, 2.2734375, 2.3046875, 3.6171875, 0.1844482421875, 4.765625, 0.004756927490234375, 0.31982421875, 10.0, 2.583984375, 0.72119140625, 3.056640625, 3.216796875, 0.374755859375, 1.0546875, 0.054351806640625, 0.1922607421875, 2.753734588623047e-05, 0.011138916015625, 3.5762786865234375e-07, 1.3113021850585938e-05, -0.0, 0.00015819072723388672, 0.00012028217315673828, 1.4189453125, 2.2649765014648438e-06, 0.06103515625, 3.5762786865234375e-07, 3.075599670410156e-05, 2.110004425048828e-05, 7.450580596923828e-05, -0.0, 6.67572021484375e-06, 6.0439109802246094e-05, 0.335693359375, 3.89453125, 8.671875, 0.52734375, 6.02734375, 6.11328125, 2.173828125, 2.560546875, 0.043792724609375, 2.587890625, 5.59765625, 0.163330078125, 3.927734375, 8.234375, 6.5078125, 7.09765625, 0.654296875, 0.85595703125, 3.650390625, 4.2890625, 0.0360107421875, 1.7685546875, 3.2265625, 0.03411865234375, 1.7841796875, 7.00390625, 4.3984375, 0.48193359375, 2.501953125, 3.91796875, 1.2412109375, 5.4765625, 0.062408447265625, 0.365234375, 3.8203125, 0.100341796875, 4.95703125, 5.4140625, 5.0546875, 0.59814453125, 4.4765625, 0.217529296875, 2.744140625, 3.884765625, 0.17529296875, 5.13671875, 3.4765625, 5.7421875, 0.315185546875, 1.59765625, 0.00016939640045166016, 0.273681640625, 1.1563301086425781e-05, 5.245208740234375e-06, 3.0994415283203125e-06, 3.6954879760742188e-06, -0.0, 1.9073486328125e-06, 3.3736228942871094e-05, 0.33544921875, 7.28125, 4.421875, 9.8046875, 3.64453125, 0.09979248046875, 2.158203125, 4.40625, 6.26171875, 0.046600341796875, 2.072265625, 6.09765625, 0.037872314453125, 1.1572265625, 1.8857421875, 2.189453125, 3.087890625, 4.3359375, 2.09375, 0.06768798828125, 1.794921875, 8.390625, 0.046661376953125, 4.51171875, 5.96875, 0.315673828125, 9.3828125, 3.4140625, 1.1162109375, 3.130859375, 3.5390625, 4.390625, 1.00390625, 7.66796875, 4.69140625, 1.064453125, 4.661083221435547e-05, 0.10198974609375, 2.9802322387695312e-06, 1.3113021850585938e-06, -0.0, 2.7418136596679688e-06, -0.0, 1.9073486328125e-06, 2.968311309814453e-05, 2.142578125, 4.76837158203125e-07, 0.01540374755859375, 1.1920928955078125e-07, 9.894371032714844e-06, 4.76837158203125e-07, 7.271766662597656e-06, -0.0, 5.960464477539062e-07, 2.0265579223632812e-05, 1.3349609375, 3.266334533691406e-05, 0.0274658203125, 9.5367431640625e-07, 5.960464477539062e-07, 1.7881393432617188e-06, 7.62939453125e-06, -0.0, 5.960464477539062e-07, 2.0742416381835938e-05, 1.337890625, 1.0967254638671875e-05, 0.01506805419921875, -0.0, 2.2649765014648438e-06, 3.5762786865234375e-07, 7.748603820800781e-06, -0.0, 5.960464477539062e-07, 1.239776611328125e-05, 0.71875, 2.509765625, 11.9453125, 4.296875, 0.5390625, 7.1796875, 3.431640625, 8.671875, 4.5859375, 4.85546875, 7.8828125, 2.640625, 0.139892578125, 7.1796875, 2.484375, 1.3408203125, 10.4453125, 5.3828125, 4.66015625, 4.015625, 0.35107421875, 2.13671875, 10.4140625, 2.39453125, 2.7109375, 5.76171875, 0.67431640625, 6.5390625, 2.705078125, 1.9560546875, 2.0234375, 6.53125, 6.90234375, 0.153076171875, 0.0093231201171875, 4.19140625, 5.24609375, 0.401611328125, 10.5234375, 3.009765625, 2.69140625, 3.94921875, 0.05242919921875, 9.921875, 8.625, 1.44921875, 2.388671875, 4.71484375, 5.7578125, 3.091796875, 11.0, 5.29296875, 0.4892578125, 4.2734375, 6.93359375, 6.9453125, 0.8662109375, 3.19140625, 3.765625, 5.58984375, 1.1025390625, 6.23046875, 0.58837890625, 0.09356689453125, 8.25, 4.2578125, 1.041015625, 4.19921875, 2.21875, 0.8330078125, 0.0255279541015625, 2.431640625, 5.328125, 2.322265625, 8.7265625, 5.3046875, 0.1614990234375, 0.482421875, 0.5576171875, 6.5234375, 20.421875, 1.591796875, 4.296875, 7.0078125, 0.7119140625, 6.42578125, 2.357421875, 0.10711669921875, 0.2958984375, 1.2197265625, 8.84375, 4.125, 1.0205078125, 0.3505859375, 7.3909759521484375e-06, 0.5400390625, 7.748603820800781e-06, 2.9802322387695312e-06, -0.0, 9.5367431640625e-07, -0.0, 2.6226043701171875e-06, 1.239776611328125e-05, 0.33837890625, 4.11328125, 1.38671875, 0.99462890625, 0.169921875, 6.53515625, 0.0628662109375]",-0.6057959468249816
285,1,test,3.087937060692539,1.2365408621345468,1.7118280443164435,5.913500384202052,2.3680161608197534,3.278206646958941,21.931787329733083,15.563082034576762,17.97232192885002,42.00008946151499,29.803810693666605,34.41758382452977,3.123799149115481,1.1635715765859438,1.6901242376896946,5.339827605325609,1.9890112420272548,2.889101261008025,22.73258025717723,15.631637396353987,18.53849646464042,38.85911155073031,26.7207476860752,31.689737546393886,3.087937060692539,1.2365408621345468,1.7118280443164435,5.913500384202052,2.3680161608197534,3.278206646958941,21.931787329733083,15.563082034576762,17.97232192885002,42.00008946151499,29.803810693666605,34.41758382452977,0.6432160804020101,0.00821608040201005,0.00821608040201005,0.5527638190954773,-0.0072361809045227155,-0.012236180904522609,0.4623115577889447,-0.002688442211055242,-0.01268844221105525,0.4486301369863014,0.11529680365296802,0.16844790464005988,0.42611683848797255,0.44723618090452266,0.10137151925038734,0.16176038791620884,0.4242424242424242,0.4486301369863014,0.11529680365296802,0.16844790464005988,0.42611683848797255,15.0,3.0,3.0,29.0,9.0,5.0,36.0,5.0,4.0,0.0006638617674165742,0.0001260866317602487,-0.00021593457784539787,-0.000335773069539691,0.00013076050589333477,-1.577387457896151e-05,"[3.783203125, 0.040191650390625, 0.3896484375, 0.0202484130859375, 0.0006041526794433594, 0.7236328125, 0.0200653076171875, 0.01122283935546875, 5.55859375, 6.2421875, 4.7109375, 0.458740234375, 5.0234375, 7.23828125, 5.9140625, 1.7275390625, 5.63671875, 2.037109375, 0.2493896484375, 1.8935546875, 3.626953125, 2.25, 3.78125, 3.623046875, 4.953125, 1.98828125, 0.0017614364624023438, 6.16015625, 1.5009765625, 0.004337310791015625, 7.510185241699219e-06, 5.89453125, 1.919921875, 1.9501953125, 8.28125, 4.6328125, 4.13671875, 2.087890625, 2.955078125, 2.6796875, 0.1859130859375, 3.294921875, 1.330078125, 0.80908203125, 0.0005426406860351562, 0.91015625, 0.5185546875, 6.76953125, 0.033111572265625, 3.517578125, 8.890625, 4.515625, 4.59375, 3.025390625, 0.02685546875, 5.50390625, 0.316162109375, 6.4375, 7.62890625, 7.046875, 0.01146697998046875, 4.046875, 4.8515625, 2.93359375, 3.05078125, 0.90869140625, 0.59228515625, 3.90234375, 3.775390625, 5.70703125, 0.82275390625, 7.59375, 0.277587890625, 15.71875, 5.390625, 1.458984375, 6.109375, 0.0966796875, 7.328125, 6.1484375, 0.332275390625, 6.546875, 2.962890625, 7.3125, 10.8125, 0.1572265625, 1.8623046875, 2.8515625, 1.19140625, 1.6376953125, 0.000133514404296875, 8.0703125, 1.4462890625, 4.109375, 6.8046875, 0.0070648193359375, 2.2578125, 4.109375, 4.09375, 7.7890625, 6.51171875, 12.46875, 3.86328125, 3.154296875, 10.2109375, 6.15234375, 4.44140625, 9.25, 1.900390625, 0.7958984375, 8.6171875, 3.126953125, 5.59765625, 1.7265625, 7.91796875, 1.2021484375, 7.41015625, 0.2052001953125, 5.6953125, 3.46484375, 1.2880859375, 0.900390625, 9.78125, 0.08624267578125, 1.75, 3.181640625, 2.353515625, 3.8125, 0.8271484375, 2.8014183044433594e-05, 3.25390625, 0.177490234375, 3.37890625, 5.234375, 5.44140625, 7.62109375, 0.2432861328125, 1.865234375, 4.21484375, 5.39453125, 0.1798095703125, 3.20703125, 0.007732391357421875, 0.437255859375, 0.2078857421875, 4.31640625, 4.19140625, 0.2008056640625, 6.46875, 0.18310546875, 6.08203125, 0.1363525390625, 2.951171875, 3.3359375, 0.4375, 2.777576446533203e-05, 4.140625, 0.39990234375, 0.0011625289916992188, 0.00013148784637451172, 4.375, 0.8408203125, 0.0009670257568359375, 4.76837158203125e-05, 2.93359375, 1.4716796875, 0.0007162094116210938, 1.8835067749023438e-05, 4.44140625, 0.8564453125, 0.0016756057739257812, 2.09808349609375e-05, 3.24609375, 0.5341796875, 5.79296875, 0.032318115234375, 4.96484375, 2.033203125, 1.94140625, 0.00690460205078125, 0.11376953125, 0.088623046875, 2.392578125, 4.57421875, 7.1953125, 0.40869140625, 7.08984375, 3.16015625, 0.006542205810546875, 4.546875, 0.23828125, 6.796875, 0.62353515625, 0.49560546875, 1.552734375, 0.88916015625, 3.22265625, 6.01171875, 0.332275390625, 4.19140625, 10.3203125, 7.51171875, 1.8369140625, 4.03125, 4.6640625, 0.01166534423828125, 0.6083984375, 3.2901763916015625e-05, 3.076171875, 3.384765625, 9.359375, 1.8046875, 4.4140625, 7.5078125, 4.390625, 1.955078125, 2.07421875, 1.580078125, 4.95703125, 0.0172882080078125, 7.66015625, 4.01171875, 0.170654296875, 1.8994140625, 0.009002685546875, 0.211181640625, 0.0216064453125, 3.6640625, 1.052734375, 0.00385284423828125, 13.09375, 8.3359375, 0.85009765625, 1.654296875, 0.70556640625, 7.11328125, 0.311767578125, 2.51171875, 2.1640625, 2.751953125, 4.5703125, 11.9453125, 2.705078125, 1.783203125, 0.2349853515625, 4.172325134277344e-06, 4.0703125, 1.666015625, 1.1533203125, 5.48828125, 0.0039825439453125, 0.413818359375, 0.141357421875, 2.515625, 3.4609375, 3.92578125, 4.625, 3.353515625, 5.828125, 1.611328125, 3.759765625, 3.017578125, 4.5703125, 9.546875, 3.31640625, 0.1600341796875, 1.7404556274414062e-05, 5.4609375, 0.53662109375, 4.73046875, 0.0257720947265625, 1.69921875, 0.0069122314453125, 0.161865234375, 0.0139312744140625, 2.451171875, 3.15625, 6.25, 2.544921875, 0.74755859375, 0.67626953125, 3.98828125, 3.46484375, 2.96875, 5.359375, 0.0169830322265625, 7.49609375, 1.41796875, 0.363037109375, 0.00029969215393066406, 2.16796875, 7.05078125]",-0.4533436857674218
220,1,test,3.3091187860929603,1.4549683824428243,2.031758972716262,5.515197976821601,2.4249473040713743,3.386264954527104,27.36100394816338,20.97473375489028,23.773847498368795,45.601673246938965,34.9578895914838,39.62307916394799,3.244438604493836,1.297810455501876,1.8780679659505781,4.771233241902699,1.9085447875027581,2.761864655809673,25.647307734598673,18.64227993027655,21.726213961848536,37.716629021468634,27.415117544524335,31.95031464977726,3.3091187860929603,1.4549683824428243,2.031758972716262,5.515197976821601,2.4249473040713743,3.386264954527104,27.36100394816338,20.97473375489028,23.773847498368795,45.601673246938965,34.9578895914838,39.62307916394799,0.6934673366834171,-0.0015326633165829717,0.0034673366834171437,0.592964824120603,0.007964824120603065,-0.0020351758793969443,0.507537688442211,0.022537688442211046,0.03753768844221106,0.446969696969697,0.12371827920032086,0.18248606976566684,0.42585551330798477,0.4522613065326633,0.1189279731993299,0.18514945344418243,0.4494949494949495,0.446969696969697,0.12371827920032086,0.18248606976566684,0.42585551330798477,26.0,17.0,17.0,38.0,20.0,20.0,50.0,25.0,26.0,7.497660666351931e-05,0.0001309904694240912,2.1274855629017884e-05,-0.000141735257445319,-0.00018927773293242467,8.23537205478786e-05,"[1.783203125, 4.34765625, 0.00472259521484375, 0.0274505615234375, 3.205078125, 6.53125, 1.134765625, 4.21875, 8.484375, 1.951171875, 0.07574462890625, 6.5, 4.73828125, 4.62109375, 9.0390625, 3.427734375, 5.0390625, 0.34326171875, 3.08984375, 0.164306640625, 0.420654296875, 0.9208984375, 2.42578125, 6.8046875, 0.2225341796875, 7.6640625, 8.75, 3.52734375, 5.6484375, 4.39453125, 6.2109375, 7.11328125, 0.005275726318359375, 3.73828125, 1.080078125, 8.0234375, 5.09375, 2.716796875, 5.66796875, 3.177734375, 0.99609375, 3.1015625, 2.23828125, 1.37890625, 2.65234375, 4.15625, 0.07525634765625, 4.13671875, 1.818359375, 3.4609375, 0.0009355545043945312, 8.0546875, 0.8291015625, 2.3359375, 7.109375, 0.478515625, 0.6591796875, 7.09375, 1.3818359375, 0.046356201171875, 0.28662109375, 8.34375, 7.203125, 0.06951904296875, 0.34033203125, 0.94140625, 5.5234375, 5.21875, 0.845703125, 1.994140625, 7.59375, 0.5322265625, 7.62109375, 2.15234375, 0.403076171875, 3.3046875, 0.190673828125, 4.69140625, 0.004314422607421875, 5.6640625, 2.0078125, 3.923828125, 8.3359375, 1.072265625, 1.3291015625, 10.765625, 2.271484375, 6.26953125, 2.541015625, 0.32275390625, 5.13671875, 4.34765625, 7.81640625, 3.419921875, 2.876953125, 1.73046875, 3.333984375, 2.115234375, 0.0002484321594238281, 2.23828125, 2.5234375, 0.0001430511474609375, 1.6328125, 0.120361328125, 7.94921875, 0.031890869140625, 4.94921875, 6.62109375, 4.66015625, 3.595703125, 5.3671875, 0.1260986328125, 4.09375, 0.48095703125, 1.064453125, 10.3515625, 4.421875, 0.99072265625, 4.44140625, 3.833984375, 0.85302734375, 10.0, 3.62109375, 0.045654296875, 0.56640625, 0.402587890625, 7.1484375, 8.734375, 3.419921875, 3.677734375, 1.173828125, 1.0966796875, 0.00041961669921875, 8.7890625, 0.66259765625, 2.669921875, 8.4453125, 6.50390625, 3.8515625, 0.83642578125, 0.00012683868408203125, 2.166015625, 0.1468505859375, 3.138671875, 6.05078125, 4.51953125, 0.87451171875, 2.197265625, 8.421875, 0.54052734375, 6.703125, 3.21484375, 2.353515625, 5.578125, 1.0537109375, 0.0001533031463623047, 0.755859375, 0.46240234375, 6.0390625, 5.1875, 3.34765625, 0.480224609375, 0.071533203125, 6.6484375, 2.765625, 0.787109375, 6.33203125, 3.419921875, 2.177734375, 6.33984375, 0.435791015625, 0.13134765625, 3.365234375, 5.85546875, 7.50390625, 0.56787109375, 0.00107574462890625, 0.418701171875, 4.22265625, 3.94140625, 0.375732421875, 0.69677734375, 6.3125, 0.0202789306640625, 0.011322021484375, 0.8701171875, 1.396484375, 6.1484375, 4.609375, 0.6708984375, 5.9609375, 8.1875, 6.09375, 0.08404541015625, 3.841796875, 1.6982421875, 3.26953125, 3.748046875, 0.0882568359375, 0.79736328125, 3.70703125, 8.0703125, 0.69775390625, 3.2109375, 8.6015625, 6.3984375, 5.37109375, 6.2421875, 3.314453125, 1.6845703125, 1.12890625, 4.39453125, 2.15234375, 0.69580078125, 7.640625, 0.0288848876953125, 0.46044921875, 0.00017535686492919922, 0.0003752708435058594, 1.68359375, 2.26171875, 8.03125, 3.541015625, 0.69921875, 4.40625, 1.4560546875, 4.328125, 5.91796875, 4.3125, 9.25, 0.006595611572265625, 0.004932403564453125, 1.6962890625, 3.79296875, 0.50634765625, 10.890625, 2.294921875, 2.125, 9.859375, 8.1796875, 2.66015625, 5.60546875, 1.4306640625, 1.31640625, 3.671875, 5.39453125, 0.07904052734375, 2.046875, 1.87109375, 3.705078125, 2.48828125, 1.400390625, 1.25390625, 1.1435546875, 12.1875, 1.4970703125, 0.6669921875, 9.9296875, 1.1904296875, 2.189453125, 5.64453125, 1.1162109375, 2.384765625, 1.716796875]",-0.6579415414369469
281,1,test,2.666979569729751,1.14077466785254,1.519243928347211,5.575042038418124,2.384670209635253,3.175820641177786,14.39642007439742,9.795736471049558,11.24537035561325,30.09421145495506,20.476963244566875,23.50727136484126,2.8135971130438184,1.0913246341968406,1.586282836276922,5.571479431769937,2.161038879597704,3.141154131241429,16.669773560944147,11.072539943234087,13.257720172493434,33.009452595929005,21.92582166977047,26.252911232660267,2.8495190067833485,1.2190106247296228,1.7078691212927952,5.855176041335647,2.5048163521841564,3.509320112245469,17.279468534253624,12.172998437739636,14.147537101245291,35.50575726216498,25.013010488506097,29.07028171488758,0.6432160804020101,-0.001783919597989958,-0.0067839195979899625,0.4824120603015075,-0.007587939698492474,0.007412060301507539,0.39698492462311563,-0.008015075376884395,-0.008015075376884395,0.3712737127371274,0.08575273844754683,0.11907429924739132,0.3532608695652174,0.40201005025125625,0.09875190488784769,0.1415759934899875,0.398989898989899,0.3846153846153846,0.09246179529985865,0.14879780953195854,0.3791946308724832,20.0,5.0,4.0,28.0,5.0,4.0,38.0,6.0,6.0,-0.0001213094548707087,0.00020754063241267746,-7.471643804394037e-06,-0.0021071543058059916,-0.003663829701560317,-0.0026958953894542503,"[8.21875, 5.1328125, 2.291015625, 1.654296875, 0.323974609375, 0.0004813671112060547, 5.2578125, 0.88623046875, 0.0008835792541503906, 7.07421875, 0.302001953125, 0.06463623046875, 3.052734375, 5.03125, 0.1553955078125, 0.003185272216796875, 0.00013935565948486328, 1.330078125, 0.0004172325134277344, 0.0003085136413574219, 5.33203125, 5.8515625, 6.83984375, 2.41796875, 0.2000732421875, 1.8818359375, 1.677734375, 3.2890625, 3.18359375, 4.76171875, 3.158203125, 0.1751708984375, 1.009765625, 5.33984375, 6.765625, 1.7880859375, 1.51953125, 3.86328125, 7.91015625, 3.716796875, 1.1435546875, 1.52734375, 4.53125, 0.0972900390625, 3.7109375, 13.046875, 0.42236328125, 3.216796875, 10.0390625, 4.1640625, 7.671875, 4.55859375, 1.12890625, 1.1181640625, 2.041015625, 8.3125, 0.0025482177734375, 4.34375, 7.61328125, 6.36328125, 0.95263671875, 4.30078125, 1.6611328125, 1.5869140625, 0.136962890625, 0.040130615234375, 0.01485443115234375, 0.280517578125, 3.669921875, 3.935546875, 1.330078125, 0.88720703125, 0.2117919921875, 0.048675537109375, 0.1217041015625, 9.390625, 1.3486328125, 1.494140625, 6.3046875, 5.796875, 2.64453125, 0.223388671875, 0.7861328125, 0.012725830078125, 0.01177215576171875, 0.06689453125, 7.95703125, 3.732421875, 4.6484375, 0.82373046875, 5.18359375, 0.1375732421875, 0.66748046875, 0.0165557861328125, 0.01123809814453125, 0.0167694091796875, 5.84765625, 4.64453125, 1.4501953125, 0.494873046875, 2.529296875, 0.35205078125, 1.4912109375, 5.734375, 8.8984375, 2.275390625, 12.234375, 1.3798828125, 3.978515625, 0.720703125, 1.0234375, 4.828125, 6.89453125, 2.84375, 0.98681640625, 3.373046875, 1.8720703125, 0.335205078125, 2.39453125, 0.383056640625, 0.007579803466796875, 0.0096282958984375, 0.0155487060546875, 6.6328125, 9.640625, 6.90234375, 7.09375, 0.10125732421875, 0.0196685791015625, 0.07928466796875, 7.6953125, 3.966796875, 0.1534423828125, 2.337890625, 1.6982421875, 0.2193603515625, 0.375244140625, 0.0083160400390625, 0.0140228271484375, 0.003528594970703125, 11.515625, 0.2861328125, 0.2109375, 1.6142578125, 4.78125, 3.4296875, 1.728515625, 8.1875, 2.09765625, 4.05859375, 8.3515625, 0.1458740234375, 1.72265625, 4.109375, 1.412109375, 2.75390625, 0.42529296875, 0.46240234375, 1.5, 2.76171875, 0.01483917236328125, 0.1785888671875, 1.1982421875, 1.87109375, 2.982421875, 3.916015625, 4.23046875, 5.67578125, 1.466796875, 4.2265625, 0.004901885986328125, 4.48046875, 2.732421875, 0.8203125, 0.01898193359375, 0.11859130859375, 0.041748046875, 0.09185791015625, 4.33984375, 1.15234375, 10.421875, 1.9521484375, 0.05877685546875, 2.916015625, 5.140625, 6.390625, 3.466796875, 3.302734375, 7.37109375, 7.8984375, 6.80859375, 3.1015625, 2.625, 4.9140625, 8.15625, 0.1434326171875, 0.0655517578125, 1.732421875, 0.110595703125, 0.031494140625, 3.71484375, 0.2470703125, 0.65380859375, 5.59765625, 1.2890625, 2.240234375, 4.72265625, 8.984375, 4.5078125, 6.8984375, 0.87646484375, 0.6083984375, 8.5390625, 0.0362548828125, 4.1484375, 7.74609375, 0.99951171875, 4.83203125, 2.4453125, 3.607421875, 4.265625, 6.625, 8.859375, 4.1171875, 2.08203125, 2.6015625, 1.484375, 0.036834716796875, 8.0546875, 0.00759124755859375, 0.00858306884765625, 0.0728759765625, 1.287109375, 7.80078125, 0.0279693603515625, 2.171875, 1.2626953125, 0.12030029296875, 0.026031494140625, 2.611328125, 0.153564453125, 0.36181640625, 3.416015625, 0.64453125, 0.4697265625, 1.7158203125, 6.57421875, 4.8984375, 4.75, 3.6328125, 0.02313232421875, 7.91015625, 1.9853515625, 0.2198486328125, 1.4248046875, 8.4609375, 11.578125, 0.7890625, 2.435546875, 2.373046875, 1.5205078125, 0.07196044921875, 11.734375, 1.9677734375, 0.2841796875, 12.5078125, 2.279296875, 4.75, 0.01457977294921875, 0.83984375, 0.03118896484375, 0.31591796875, 0.341064453125, 1.6064453125, 0.369140625, 2.142578125, 5.4836273193359375e-06, -0.0, 2.574920654296875e-05, 1.9073486328125e-06, 3.5762786865234375e-06, 0.8818359375, 1.66015625, 0.52001953125, 0.0130462646484375, 2.41796875, 0.0027370452880859375, 0.002079010009765625, 0.03631591796875, 1.205078125, 2.505859375, 4.59375, 5.640625, 2.140625, 10.46875, 3.580078125, 7.8671875, 1.8837890625, 8.09375, 0.00949859619140625, 0.0260467529296875, 6.00390625, 1.35546875, 0.24560546875, 1.6357421875, 0.281005859375, 2.85546875, 8.078125, 1.3515625, 0.134521484375, 1.216796875, 3.341796875, 0.01244354248046875, 0.99267578125, 9.0859375, 0.2294921875, 2.630859375, 2.705078125, 5.4609375, 4.15625, 0.46240234375, 6.2578125, 7.1953125, 0.607421875, 0.966796875, 0.417724609375, 3.763671875, 3.482421875, 3.33984375, 3.9921875, 0.352783203125, 0.841796875, 0.206787109375, 0.01348114013671875, 2.42578125, 0.0040435791015625, 0.0007734298706054688, 0.01239776611328125, 0.9677734375, 2.58984375, 0.1107177734375, 0.06353759765625, 0.92578125, 0.309326171875, 0.024627685546875, 1.70703125, 0.1304931640625, 0.3056640625, 1.0966796875, 6.4609375, 0.6650390625, 1.705078125, 0.97119140625, 0.794921875, 1.962890625, 3.51953125, 0.94580078125, 4.58984375, 0.9404296875, 2.15625, 0.173828125, 0.00678253173828125, 1.904296875, 0.03961181640625, 0.166748046875, 5.109375, 2.337890625, 2.001953125, 0.316650390625]",-1.1013812834654395
425,1,test,3.7923826517435066,1.5920220942939887,2.232568441731685,6.4470505079639615,2.706437560299781,3.795366350943865,44.36197358753446,35.33370546554717,39.60403640161226,75.41535509880858,60.06729929143019,67.32686188274084,3.867510992078925,1.569429240634094,2.221365095582639,6.237920954966008,2.5313374848937,3.5828469283590962,47.823205484361736,37.868137651470704,42.63625527347691,77.13420239413183,61.07764137333985,68.76815366689824,3.7923826517435066,1.5920220942939887,2.232568441731685,6.4470505079639615,2.706437560299781,3.795366350943865,44.36197358753446,35.33370546554717,39.60403640161226,75.41535509880858,60.06729929143019,67.32686188274084,0.8341708542713568,-0.01082914572864313,-0.02082914572864314,0.6633165829145728,-0.006683417085427079,-0.021683417085427203,0.5376884422110553,-0.012311557788944771,-0.012311557788944771,0.40506329113924056,0.052742616033755296,0.10267229254571031,0.44491525423728817,0.42211055276381915,0.07035175879396993,0.1222780569514238,0.48484848484848486,0.40506329113924056,0.052742616033755296,0.10267229254571031,0.44491525423728817,22.0,11.0,11.0,32.0,14.0,11.0,44.0,14.0,15.0,-0.0003061161349443125,-7.083963284006538e-05,-5.543328179980171e-05,4.537263278781012e-05,-4.0869005880850295e-05,-6.618974063954397e-05,"[7.03125, 1.359375, 1.5029296875, 0.00634765625, 0.041778564453125, 7.08984375, 1.0556640625, 3.841796875, 2.251953125, 0.019134521484375, 0.0712890625, 4.4453125, 3.154296875, 1.5244140625, 3.2890625, 1.263671875, 1.685546875, 2.966796875, 2.45703125, 4.80078125, 1.0859375, 3.822265625, 5.515625, 2.271484375, 5.921875, 4.8671875, 1.9365234375, 6.828125, 0.0036373138427734375, 0.9765625, 8.984375, 3.94921875, 4.75390625, 0.0004570484161376953, 2.3046875, 0.8740234375, 8.6640625, 0.93896484375, 1.5576171875, 1.533203125, 8.359375, 3.376953125, 1.6044921875, 3.68359375, 9.59375, 5.5546875, 2.013671875, 0.9384765625, 4.375, 11.796875, 4.5234375, 3.876953125, 3.3515625, 1.388671875, 1.3544921875, 4.0859375, 8.1875, 3.46875, 8.1171875, 0.1318359375, 3.068359375, 0.53271484375, 5.55859375, 6.25, 1.2802734375, 3.3046875, 0.0263519287109375, 7.19140625, 6.73046875, 1.16015625, 4.98046875, 7.69921875, 6.359375, 2.833984375, 6.25, 0.0134429931640625, 4.01953125, 1.642578125, 3.802734375, 0.11700439453125, 4.3515625, 1.2685546875, 0.607421875, 6.328125, 0.02520751953125, 10.8671875, 0.525390625, 8.8046875, 2.013671875, 0.76025390625, 3.333984375, 1.546875, 0.0027217864990234375, 1.271484375, 6.52734375, 3.6640625, 8.21875, 1.490234375, 1.0263671875, 3.2734375, 3.916015625, 2.798828125, 4.01171875, 3.380859375, 7.29296875, 4.2421875, 8.53125, 2.56640625, 10.015625, 0.91796875, 3.037109375, 3.203125, 7.73828125, 4.7109375, 9.4375, 3.001953125, 1.3828125, 3.537109375, 8.5234375, 3.279296875, 6.8828125, 4.46875, 0.00301361083984375, 7.99609375, 3.072265625, 0.253662109375, 2.4296875, 7.2734375, 2.46484375, 4.23828125, 3.669921875, 0.2027587890625, 7.94921875, 10.2421875, 2.357421875, 1.66015625, 5.55078125, 0.024261474609375, 4.8984375, 2.953125, 3.828125, 2.376953125, 3.7109375, 1.8388671875, 0.01238250732421875, 3.783203125, 1.732421875, 1.181640625, 7.36328125, 1.6416015625, 6.2109375, 7.32421875, 0.221435546875, 2.466796875, 0.41455078125, 0.001102447509765625, 1.78125, 5.515625, 3.1875, 7.04296875, 2.5859375, 0.98486328125, 5.73828125, 0.978515625, 8.2890625, 7.78515625, 8.09375, 1.267578125, 3.34765625, 5.703125, 14.171875, 3.5078125, 8.2109375, 0.123046875, 3.685546875, 5.34375, 6.59375, 2.66796875, 2.666015625, 3.24609375, 12.5234375, 1.658203125, 2.671875, 1.62890625, 5.65625, 2.32421875, 1.205078125, 1.5947265625, 5.06640625, 8.9609375, 12.3046875, 2.30078125, 6.5546875, 8.03125, 2.875, 2.57421875, 3.06640625, 7.26171875, 6.80078125, 2.125, 5.8984375, 5.34375, 0.04534912109375, 8.84375, 3.2734375, 0.297607421875, 1.3291015625, 2.716796875, 4.8046875, 2.353515625, 1.5859375, 0.000957489013671875, 4.87890625, 6.4921875, 1.9052734375, 0.05029296875, 4.65234375, 6.6796875, 1.8310546875, 9.359375, 2.158203125, 3.548828125, 5.1484375, 1.3271484375, 1.4951171875, 3.373046875, 0.373046875, 1.80078125, 5.04296875, 0.970703125, 2.7109375, 0.98193359375, 0.8515625, 12.9296875, 1.1259765625, 8.171875, 1.3544921875]",-0.8650365529684074
349,1,test,3.1667498889242767,1.3478321279464027,1.85529229447807,5.973210868330223,2.542318085647407,3.4995034297041445,23.730232993593642,17.56505035669935,20.018653244216104,44.76061911965268,33.13168181054069,37.75973516124595,3.068676656814077,1.1847736066304246,1.7076388516102745,5.114461094690128,1.9746226777173743,2.8460647526837906,21.5134141990584,14.93428069611093,17.613175308676222,35.855690331764,24.890467826851555,29.35529218112704,3.170986254478378,1.3423526192870099,1.867902103643186,5.872196767552551,2.4858381838648325,3.459077969709603,23.830976177046555,17.60560146533647,20.15034537594085,44.131437364901025,32.60296567654902,37.31545439989046,0.6783919597989949,-0.0016080402010050232,-0.016608040201005148,0.5628140703517588,0.00781407035175885,0.00781407035175885,0.4120603015075377,-0.017939698492462353,-0.0029396984924623393,0.42038216560509556,0.0738002896114549,0.13860250458814638,0.4249201277955271,0.40201005025125625,0.06115791992544173,0.11820370634474542,0.4040404040404041,0.42140468227424754,0.08417596775004055,0.14220557215188934,0.41946308724832215,26.0,0.0,-2.0,37.0,-1.0,0.0,45.0,0.0,0.0,2.652299234303684e-05,4.2043764481536815e-05,4.367864601958263e-05,-0.004227727866497055,-0.003450785823823743,-0.00428107461365812,"[2.111328125, 9.03125, 0.796875, 0.339111328125, 0.0012054443359375, 0.00018417835235595703, 7.7109375, 0.282470703125, 0.180908203125, 3.6171875, 1.2578125, 6.65625, 2.474609375, 8.9296875, 4.76953125, 2.318359375, 5.4921875, 0.01528167724609375, 5.72265625, 0.1727294921875, 1.4140625, 2.853515625, 0.5771484375, 0.10504150390625, 0.0019330978393554688, 0.2322998046875, 9.5625, 2.25390625, 0.004669189453125, 7.0078125, 0.7822265625, 6.796875, 8.9453125, 0.06402587890625, 0.1524658203125, 0.2381591796875, 4.11328125, 0.0072479248046875, 8.96875, 0.69091796875, 9.4765625, 1.9755859375, 4.421875, 1.994140625, 3.16796875, 0.70068359375, 3.150390625, 4.33203125, 7.31640625, 1.158203125, 0.9970703125, 2.669921875, 4.7421875, 6.0234375, 9.7890625, 0.89794921875, 6.6171875, 1.5810546875, 4.96875, 0.00016176700592041016, 0.295654296875, 0.070068359375, 4.0625, 2.7890625, 0.7041015625, 6.9296875, 6.296875, 1.6689453125, 1.34765625, 0.043060302734375, 2.314453125, 3.84765625, 5.09375, 10.65625, 4.3359375, 0.55126953125, 7.03515625, 8.140625, 3.130859375, 1.8310546875, 4.3125, 5.80078125, 0.00015211105346679688, 0.10113525390625, 2.203125, 0.0030422210693359375, 0.088134765625, 0.095703125, 0.640625, 2.619140625, 5.6953125, 3.525390625, 1.7802734375, 5.1015625, 2.255859375, 1.3564453125, 2.03125, 3.275390625, 0.63134765625, 2.98046875, 4.015625, 2.662109375, 6.3671875, 0.27294921875, 6.93359375, 9.3671875, 1.0, 1.9443359375, 3.958984375, 6.59765625, 8.0625, 6.609375, 10.765625, 8.15625, 2.720703125, 2.505859375, 1.6570091247558594e-05, 0.4541015625, 4.03125, 1.4066696166992188e-05, 0.04248046875, 0.0272979736328125, 4.93359375, 3.20703125, 4.74609375, 0.66796875, 8.7734375, 10.328125, 2.697265625, 6.88671875, 0.0006775856018066406, 4.29296875, 5.13671875, 0.002716064453125, 1.6669921875, 4.0234375, 6.4373016357421875e-06, 1.5234375, 0.025543212890625, 1.9951171875, 0.0011348724365234375, 3.068359375, 3.873046875, 4.72265625, 6.6953125, 5.015625, 1.689453125, 1.580078125, 0.09613037109375, 0.58740234375, 0.98876953125, 4.2734375, 0.546875, 0.0582275390625, 2.390625, 2.953125, 5.140625, 2.103515625, 3.9140625, 5.1796875, 4.28125, 0.01023101806640625, 7.88671875, 1.263671875, 1.216796875, 7.8515625, 2.79296875, 0.1749267578125, 3.943359375, 3.556640625, 7.30859375, 0.327880859375, 9.8671875, 0.78759765625, 2.8828125, 3.53125, 0.031280517578125, 1.3203125, 2.130859375, 0.86328125, 4.61328125, 2.21484375, 3.271484375, 1.1796875, 7.259845733642578e-05, 0.505859375, 3.068359375, 4.76837158203125e-07, 0.027313232421875, 0.004070281982421875, 1.8232421875, 0.0004360675811767578, 1.8427734375, 7.18359375, 3.248046875, 0.348388671875, 3.083984375, 5.83203125, 6.41015625, 2.681640625, 4.97265625, 9.40625, 0.3701171875, 2.517578125, 6.4921875, 6.95703125, 0.525390625, 7.0, 1.5234375, 7.03515625, 10.984375, 6.234375, 5.8828125, 1.38671875, 5.7265625, 3.30078125, 1.3564453125, 4.640625, 4.29296875, 3.435546875, 1.90625, 5.55078125, 1.5693359375, 12.3515625, 3.953125, 7.296875, 1.591796875, 1.99609375, 4.734375, 5.18359375, 0.8701171875, 0.78076171875, 2.154296875, 3.0703125, 0.417724609375, 6.765625, 1.5966796875, 4.34765625, 0.716796875, 4.87109375, 2.84375, 0.9697265625, 6.25, 2.06640625, 1.3984375, 4.234375, 0.0003867149353027344, 0.173828125, 7.05859375, 12.40625, 7.046875, 0.1575927734375, 0.208740234375, 0.7529296875, 5.05078125, 0.0229949951171875, 2.90625, 7.69140625, 1.8076171875, 3.708984375, 0.0001748800277709961, 0.2105712890625, 3.060546875, 1.8477439880371094e-05, 0.06439208984375, 0.0136871337890625, 1.7998046875, 0.0006504058837890625, 4.87890625, 1.9873046875, 5.0234375, 2.4296875, 6.484375, 4.2265625, 0.037750244140625, 11.0390625, 0.469482421875, 4.09375, 1.93359375, 0.048797607421875, 0.35546875, 7.75390625, 0.9326171875, 6.87109375, 0.08258056640625, 0.5869140625, 5.22265625, 6.461143493652344e-05, 0.79541015625, 0.20556640625, 2.853515625, 3.208984375, 3.64453125, 1.64453125, 4.4609375, 6.26171875, 0.405029296875, 1.3896484375, 3.958984375, 3.720703125, 1.0126953125, 2.10546875, 1.42578125, 1.3623046875, 9.34375, 2.98046875, 4.50390625, 4.69140625, 3.259765625, 2.291015625, 0.046356201171875, 0.273193359375, 4.4765625, 1.982421875]",-0.3878985104287507
341,1,test,2.931824664126581,1.1590299867900142,1.6512918559055734,5.293025735906378,2.092476956016871,2.981191337171807,18.76183332706531,12.874549877142858,15.163276771676246,33.87203466429912,23.243314878868652,27.375311755576583,3.032401722280224,1.0757153614860229,1.582337420391413,4.8518427556483585,1.7211445783776362,2.5317398726262605,20.747001335468287,13.671159945792231,16.483612685170318,33.19520213674926,21.87385591326757,26.373780296272507,2.931824664126581,1.1590299867900142,1.6512918559055734,5.293025735906378,2.092476956016871,2.981191337171807,18.76183332706531,12.874549877142858,15.163276771676246,33.87203466429912,23.243314878868652,27.375311755576583,0.7336683417085428,0.008668341708542804,-0.001331658291457205,0.5778894472361809,0.007889447236180791,0.007889447236180791,0.4321608040201005,-0.00783919597989946,-0.002839195979899567,0.4328358208955224,0.09577809277634175,0.14995740898485244,0.41947565543071164,0.42713567839195976,0.08127101673782444,0.12162649642200984,0.43939393939393945,0.4328358208955224,0.09577809277634175,0.14995740898485244,0.41947565543071164,25.0,16.0,15.0,39.0,20.0,20.0,46.0,23.0,21.0,-0.00011841987547209348,-2.505040685842629e-05,-3.528802795546452e-05,-0.00016945494488584956,0.00022372510708557058,6.833549267337702e-05,"[2.859375, 3.21484375, 0.217529296875, 0.020843505859375, 4.184246063232422e-05, 1.068359375, 0.0114898681640625, 0.01314544677734375, 1.5693359375, 10.171875, 7.38671875, 0.8896484375, 5.45703125, 7.19921875, 3.044921875, 10.015625, 6.8359375, 0.6201171875, 10.28125, 0.0997314453125, 1.6064453125, 1.2529296875, 4.5546875, 1.279296875, 4.11328125, 0.625, 0.042388916015625, 0.0160980224609375, 3.791015625, 1.443359375, 2.587890625, 5.7265625, 0.01690673828125, 1.9482421875, 1.0498046875, 6.33984375, 1.302734375, 4.09375, 0.054718017578125, 3.587890625, 3.150390625, 2.8359375, 6.34765625, 3.79296875, 4.92578125, 5.5859375, 3.052734375, 4.43359375, 2.291015625, 3.205078125, 5.08984375, 3.85546875, 1.998046875, 3.474609375, 6.41015625, 0.54931640625, 7.70703125, 6.17578125, 2.48046875, 0.4306640625, 1.6220703125, 0.0034236907958984375, 2.80078125, 0.54638671875, 0.007080078125, 0.0020580291748046875, 4.08203125, 1.4326171875, 2.69140625, 0.0071868896484375, 9.8359375, 1.236328125, 6.1484375, 0.87451171875, 1.8330078125, 4.3984375, 2.5546875, 7.484375, 2.0234375, 2.6015625, 2.689453125, 0.0012922286987304688, 4.28515625, 1.5390625, 3.404296875, 4.1953125, 2.603515625, 0.646484375, 0.705078125, 1.16015625, 1.0771484375, 0.62353515625, 2.232421875, 4.62890625, 0.466064453125, 2.046875, 0.206298828125, 3.7734375, 2.865234375, 1.2646484375, 4.39453125, 6.69921875, 0.78857421875, 4.40625, 1.2021484375, 1.2587890625, 0.72705078125, 4.48046875, 0.71044921875, 2.15625, 1.7607421875, 6.04296875, 0.444580078125, 1.81640625, 4.42578125, 0.26171875, 4.7109375, 1.291015625, 0.6162109375, 3.193359375, 2.259765625, 0.00432586669921875, 1.24609375, 0.947265625, 2.158203125, 3.56640625, 0.02227783203125, 4.9453125, 8.453125, 3.18359375, 0.677734375, 11.1796875, 0.8681640625, 0.274169921875, 1.28515625, 6.41796875, 7.546875, 8.4140625, 5.453125, 3.1953125, 5.66796875, 1.39453125, 4.0078125, 8.59375, 3.041015625, 6.69921875, 3.208984375, 0.462158203125, 0.00530242919921875, 0.0010938644409179688, 0.12939453125, 2.462890625, 0.00020360946655273438, 4.26953125, 3.39453125, 7.578125, 1.912109375, 2.93359375, 0.04949951171875, 2.646484375, 3.892578125, 4.47265625, 1.736328125, 0.97265625, 8.34375, 4.0625, 0.003662109375, 9.75, 6.109375, 3.173828125, 1.109375, 0.0008535385131835938, 2.9765625, 0.85546875, 1.740234375, 6.759166717529297e-05, 5.046875, 1.0166015625, 0.434814453125, 3.8984375, 0.1739501953125, 4.37890625, 0.442626953125, 10.421875, 0.6806640625, 3.451171875, 1.51953125, 2.826171875, 2.791015625, 3.39453125, 2.623046875, 6.47265625, 3.904296875, 4.375, 2.578125, 5.75390625, 9.6484375, 2.494140625, 6.48046875, 0.11859130859375, 3.880859375, 0.1875, 0.404541015625, 1.34765625, 3.97265625, 0.349853515625, 0.0030765533447265625, 0.0004754066467285156, 0.018890380859375, 0.2266845703125, 3.8743019104003906e-05, 3.26953125, 0.74755859375, 3.552734375, 1.5087890625, 3.865234375, 0.0201568603515625, 11.4921875, 0.055755615234375, 1.9765625, 5.625, 1.044921875, 7.6875, 4.4140625, 4.1171875, 4.578125, 2.072265625, 0.379150390625, 2.544921875, 2.283203125, 0.70361328125, 8.28125, 0.9921875, 6.65625, 0.8310546875, 0.01419830322265625, 4.73046875, 2.259765625, 0.470703125, 2.71875, 5.34375, 0.055145263671875, 9.5, 3.646484375, 4.078125, 2.9375, 0.0007781982421875, 3.84375, 0.7626953125, 5.125, 0.8740234375, 4.10546875, 6.70703125, 2.154296875, 0.51513671875, 4.95703125, 3.53515625, 12.1015625, 1.4677734375, 1.921875, 0.07763671875, 0.81201171875, 0.0129852294921875, 3.845703125, 2.939453125, 1.150390625, 1.0625, 0.03790283203125]",-0.6832273206604063
351,1,test,2.9292671749688157,1.1789625765934688,1.4844072363146665,5.459713936444224,2.1974091216319582,2.766712078952688,18.71391144771539,12.957555662100166,14.472653382810332,34.879919458887365,24.150937079125658,26.974851610214557,2.8751269057767477,1.014358269111499,1.4428980390547173,4.752275877316938,1.6766252382008244,2.384955436454078,17.72767372291865,11.298997533813507,13.539650380140452,29.301940037882066,18.67602898150993,22.379587405190833,2.926619912469666,1.2049062027578366,1.6912056802273068,5.25740104036467,2.16450216064282,3.0380940363364792,18.664436327436185,13.070329397484256,15.224633224452763,33.5289275343165,23.479633648175312,27.349640522969036,0.6231155778894473,-0.021884422110552748,-0.006884422110552735,0.5175879396984925,-0.007412060301507539,-0.007412060301507539,0.3919597989949749,-0.0030402010050251116,-0.018040201005025125,0.41161616161616166,0.1014017858280154,0.13302378624959277,0.3924050632911392,0.40703517587939697,0.0837269052027052,0.13324552646370413,0.36363636363636365,0.40802675585284276,0.09583977755568085,0.15886101614205295,0.3825503355704698,21.0,9.0,9.0,30.0,14.0,14.0,40.0,14.0,15.0,4.745361825486097e-05,-0.00020786745237206551,-1.959016548516973e-05,-0.005428475028955937,-0.007260329099985086,-0.006147940914337013,"[6.94921875, 12.0625, 4.96875, 6.19921875, 3.890625, 1.6767578125, 1.521484375, 0.00019490718841552734, 3.0546875, 0.0083160400390625, 0.00018608570098876953, 5.015625, 3.880859375, 1.837890625, 2.58203125, 7.10546875, 3.2734375, 3.634765625, 0.65380859375, 3.357421875, 0.87158203125, 0.2398681640625, 4.1875, 0.609375, 1.990234375, 0.06201171875, 0.03131103515625, 0.59814453125, 6.3515625, 6.81640625, 0.06561279296875, 4.68359375, 3.953125, 6.25390625, 2.484375, 5.76171875, 4.83984375, 1.25, 1.228515625, 2.76171875, 0.469482421875, 2.900390625, 2.134765625, 3.44140625, 2.025390625, 3.619140625, 6.3984375, 5.79296875, 7.24609375, 0.443115234375, 4.25390625, 1.0927734375, 3.306640625, 0.2010498046875, 6.50390625, 0.51171875, 2.427734375, 1.857421875, 3.0, 1.673828125, 2.40625, 3.26953125, 0.0013980865478515625, 0.708984375, 0.302978515625, 0.0012912750244140625, 0.2685546875, 1.0087890625, 5.6171875, 2.25, 0.2890625, 2.6640625, 6.6171875, 7.0703125, 0.08197021484375, 0.18310546875, 0.330078125, 5.24609375, 0.006565093994140625, 0.276611328125, 3.759765625, 6.24609375, 3.705078125, 0.446044921875, 0.01395416259765625, 0.327392578125, 2.318359375, 2.224609375, 4.0859375, 0.873046875, 0.11541748046875, 0.0009508132934570312, 0.024871826171875, 0.365478515625, 5.3515625, 1.1845703125, 6.10546875, 0.1815185546875, 0.495361328125, 0.09356689453125, 0.47412109375, 1.935546875, 2.03125, 0.254150390625, 2.498046875, 6.0, 7.5703125, 0.058868408203125, 12.9140625, 2.19921875, 1.4111328125, 10.84375, 1.2841796875, 2.10546875, 5.609375, 0.493408203125, 2.654296875, 2.734375, 3.80859375, 7.91796875, 8.796875, 0.58251953125, 3.447265625, 1.630859375, 7.78125, 4.6953125, 0.97265625, 9.8828125, 4.3359375, 6.77734375, 4.171875, 1.0537109375, 0.72265625, 0.5888671875, 3.421875, 2.931640625, 1.6435546875, 0.61328125, 4.125, 0.2568359375, 0.07257080078125, 0.1151123046875, 1.4384765625, 1.884765625, 4.06640625, 4.18359375, 11.421875, 5.1015625, 2.5625, 5.7109375, 1.7216796875, 0.0005855560302734375, 0.282470703125, 0.487548828125, 0.0006918907165527344, 0.0703125, 0.41357421875, 0.0004324913024902344, 4.0546875, 1.4052734375, 7.203125, 3.708984375, 3.21484375, 0.294677734375, 6.91796875, 0.81787109375, 0.364501953125, 0.360595703125, 4.22265625, 0.20751953125, 0.56787109375, 0.72705078125, 2.33203125, 0.2303466796875, 1.1337890625, 6.93359375, 5.28515625, 0.0207672119140625, 9.09375, 2.11328125, 8.8203125, 0.53369140625, 0.73876953125, 1.2802734375, 3.044921875, 3.70703125, 2.865234375, 0.96142578125, 2.99609375, 6.31640625, 4.87109375, 2.2109375, 7.37109375, 10.8984375, 1.3447265625, 7.44140625, 0.036163330078125, 0.146728515625, 0.96826171875, 6.2578125, 1.611328125, 1.0556640625, 0.89794921875, 2.142578125, 11.3984375, 2.203125, 4.0, 0.615234375, 6.140625, 2.78125, 0.380859375, 0.336669921875, 0.76806640625, 0.309814453125, 0.07293701171875, 5.14453125, 6.6953125, 6.5234375, 0.323974609375, 10.015625, 10.5234375, 2.82421875, 0.84423828125, 7.22265625, 5.2265625, 6.29296875, 4.71484375, 1.369140625, 3.751953125, 0.00019061565399169922, 0.7763671875, 0.66552734375, 0.38623046875, 0.395751953125, 0.050567626953125, 0.0904541015625, 4.09375, 1.0009765625, 0.2880859375, 0.032379150390625, 13.2890625, 3.203125, 4.5234375, 2.65234375, 0.82177734375, 3.458984375, 0.95263671875, 0.0002732276916503906, 0.12451171875, 1.6357421875, 4.953125, 5.31640625, 1.9599609375, 1.5068359375, 3.58984375, 0.87646484375, 0.6162109375, 0.313232421875, 1.1083984375, 0.25390625, 0.12237548828125, 0.045013427734375, 7.28515625, 5.8515625, 6.6640625, 5.85546875, 5.15625, 3.423828125, 0.1800537109375, 2.19140625, 5.55859375, 0.202880859375, 4.671875, 8.3984375, 4.8046875, 3.634765625, 3.125, 5.1953125, 0.59619140625, 0.65478515625, 7.6953125, 0.01197052001953125, 0.443115234375, 9.9921875, 2.173828125, 4.203125, 4.12109375, 5.76953125, 4.42578125, 1.12890625, 0.0004680156707763672, 0.2049560546875, 1.3662109375, 1.0625, 0.0005254745483398438, 2.380859375, 0.65087890625, 3.2109375, 3.05859375, 0.01065826416015625, 3.056640625, 0.1595458984375, 2.89453125, 0.394287109375, 0.2225341796875, 0.0867919921875, 0.478271484375, 3.28515625, 6.5234375, 3.5546875, 4.16796875, 6.1875, 3.859375, 1.859375, 1.8408203125, 8.96453857421875e-05, 0.1761474609375, 1.279296875, 3.498046875, 6.59375, 3.140625, 5.2578125, 4.296875, 6.30859375, 4.83203125, 3.201171875, 0.346435546875, 1.369140625, 2.4296875, 2.474609375, 8.2265625, 1.52734375, 1.7158203125, 2.837890625, 1.9609375, 2.853515625, 2.802734375, 5.08203125, 2.41015625, 0.2484130859375, 1.626953125, 9.453125, 6.3671875, 1.0712890625, 6.0078125, 3.240234375, 5.90234375, 2.78125, 7.375, 0.763671875, 0.69482421875, 0.87109375, 3.322265625, 1.173828125, 14.3984375, 10.2265625, 4.66015625, 0.62548828125, 0.60400390625, 7.462501525878906e-05, 0.1558837890625, 0.8388671875, 5.1796875, 0.06396484375, 2.65625, 0.57666015625, 1.3564453125, 2.6171875, 6.97265625, 5.34765625, 2.458984375, 1.984375, 5.3125, 0.51904296875, 2.005859375, 4.18359375, 1.7451171875, 2.166015625, 1.2060546875, 0.8662109375, 6.86328125, 3.572265625, 9.7734375, 3.22265625, 2.107421875, 8.328125, 4.609375, 0.145751953125, 0.07568359375, 1.34375, 0.7998046875, 3.521484375, 0.21337890625, 0.22998046875, 0.8271484375, 1.564453125]",-1.1973030497931472
436,1,test,3.0806784781755185,1.366957115335031,1.880130271581839,5.084775767741313,2.2562141634830892,3.1032257708366915,21.773170006541207,16.223594925568154,18.4512324748265,35.93743651617285,26.77765399005066,30.454453600923312,2.804802226061797,1.140422075132965,1.6107311590653068,4.59803643616688,1.8695443854638767,2.640542883713618,16.523807604376834,11.241409659068355,13.223317192811137,27.088209187503008,18.42854042470222,21.677569168542846,3.069620470139494,1.3697447766510944,1.883230388319075,5.0321647051467115,2.2454832404116303,3.087262931670615,21.533728430968107,16.060461444255594,18.258491925727622,35.301194149128044,26.32862531845179,29.93195397660266,0.6432160804020101,-0.01678391959798986,-0.01678391959798986,0.5175879396984925,-0.012412060301507544,-0.002412060301507535,0.3919597989949749,-0.008040201005025116,-0.0030402010050251116,0.4248366013071896,0.10836025546705907,0.1748366013071896,0.4819672131147541,0.4170854271356784,0.08876462513066585,0.15498192129260668,0.46464646464646464,0.4247491638795987,0.1092232874188308,0.17669577122108926,0.4832214765100671,16.0,0.0,1.0,24.0,1.0,0.0,31.0,1.0,1.0,-0.001057585603426249,-9.190442795729633e-05,-9.321893393148129e-05,0.00047939258751661384,7.653115519623555e-05,-6.483767214060521e-05,"[2.859375, 2.21484375, 0.2666015625, 0.05609130859375, 3.802776336669922e-05, 1.1826171875, 0.01139068603515625, 0.01456451416015625, 6.5703125, 7.48046875, 4.16796875, 0.2052001953125, 3.162109375, 0.1776123046875, 1.81640625, 3.830078125, 0.5, 0.162353515625, 0.7841796875, 0.0010366439819335938, 0.0179595947265625, 2.609375, 1.7236328125, 3.875, 5.4375, 1.8046875, 3.9140625, 2.560546875, 4.890625, 0.01148223876953125, 1.2900390625, 6.6640625, 3.828125, 1.16796875, 1.47265625, 0.71728515625, 0.154296875, 0.021820068359375, 0.11199951171875, 0.33984375, 2.611328125, 1.1064453125, 0.41259765625, 0.859375, 0.203125, 2.625, 6.80078125, 7.0, 5.1953125, 3.009765625, 4.50390625, 1.701171875, 0.8505859375, 0.09429931640625, 0.09246826171875, 0.08770751953125, 0.97412109375, 0.054962158203125, 3.16015625, 4.15234375, 7.53515625, 5.51171875, 0.79931640625, 0.041046142578125, 1.5908203125, 6.8125, 8.375, 0.3974609375, 0.91162109375, 4.8671875, 8.9453125, 0.0579833984375, 2.654296875, 5.96875, 0.025146484375, 2.720703125, 4.12890625, 3.0, 1.7109375, 5.18359375, 1.95703125, 6.62890625, 9.515625, 1.5869140625, 7.37109375, 0.50732421875, 4.7265625, 1.298828125, 2.107421875, 0.57080078125, 2.287109375, 1.8017578125, 5.75390625, 0.452880859375, 1.9296875, 0.4384765625, 3.84765625, 8.484375, 5.1875, 2.810546875, 4.94921875, 10.03125, 0.8271484375, 2.92578125, 0.9638671875, 7.25390625, 5.2890625, 3.642578125, 2.83984375, 1.42578125, 0.51171875, 2.552734375, 0.010711669921875, 3.333984375, 2.6953125, 2.849609375, 0.1695556640625, 7.259845733642578e-05, 3.78125, 4.5625, 5.12890625, 0.001865386962890625, 6.53125, 4.04296875, 0.2022705078125, 0.2900390625, 1.787109375, 3.87109375, 4.265625, 2.822265625, 6.22265625, 1.78125, 1.2529296875, 3.86328125, 2.953125, 4.18359375, 0.115966796875, 1.6650390625, 4.38671875, 6.49609375, 4.48828125, 3.240234375, 0.049468994140625, 1.09765625, 0.1572265625, 8.59375, 3.38671875, 1.0849609375, 2.39453125, 0.2156982421875, 1.2998046875, 5.39453125, 0.0433349609375, 2.044921875, 2.48046875, 2.193359375, 9.2265625, 0.380859375, 9.5, 4.7578125, 1.322265625, 3.41796875, 8.3515625, 4.15625, 3.0234375, 4.015625, 1.52734375, 15.5234375, 5.91015625, 0.059417724609375, 0.54638671875, 4.44921875, 0.034088134765625, 2.302734375, 0.384765625, 0.31982421875, 2.384185791015625e-07, 9.5367431640625e-06, 0.0013456344604492188, 9.965896606445312e-05, 0.0010366439819335938, 4.565715789794922e-05, 7.29296875, 3.017578125, 3.79296875, 0.16064453125, 0.0765380859375, 2.427734375, 0.00027871131896972656, 3.87890625, 5.953125, 3.755859375, 0.351318359375, 3.35546875, 0.7822265625, 0.52392578125, 0.70751953125, 3.783203125, 9.9140625, 2.5859375, 0.00534820556640625, 8.0078125, 9.0625, 5.11328125, 1.2705078125, 12.4765625, 1.3466796875, 4.25, 1.2431640625, 1.716796875, 9.578125, 6.3828125, 5.92578125, 7.4765625, 7.171875, 0.499755859375, 0.048126220703125, 0.049102783203125, 5.6015625, 7.53125, 0.00661468505859375, 7.46484375, 9.046875, 0.479248046875, 4.09375, 0.029327392578125, 8.28125, 6.05859375, 3.947265625, 3.71875, 4.859375, 2.125, 9.46875, 1.5751953125, 1.0537109375, 8.234375, 0.465087890625, 7.9765625, 1.103515625, 0.0085906982421875, 7.5234375, 0.157470703125, 3.466796875, 3.19140625, 2.984375, 1.900390625, 7.359375, 1.4462890625, 0.50732421875, 4.61328125, 5.91796875, 4.5703125, 7.02734375, 0.252685546875, 0.33056640625, 4.02734375, 0.320068359375, 4.7578125, 3.248046875, 3.232421875, 6.2109375, 0.86962890625, 2.4609375, 6.26953125, 4.86328125, 1.54296875, 0.93359375, 1.052734375, 1.2080078125, 6.19140625, 1.5244140625, 0.09259033203125, 2.267578125, 0.6884765625, 8.3359375, 3.958984375, 2.90625, 3.056640625, 4.65625, 3.408203125, 7.96875, 6.25, 2.0078125, 4.4609375, 1.0361328125, 6.83984375, 2.501953125, 2.484375, 1.068359375, 0.705078125, 3.447265625, 1.7109375, 0.005859375, 3.28515625, 3.83203125, 4.6015625, 0.269287109375, 1.203125, 3.759765625, 2.41015625, 4.734375, 10.4296875, 0.841796875, 0.28125, 4.08984375, 2.083984375]",-1.1790470925031924
68,1,test,2.851810319322935,1.2177569962723154,1.6886177314838893,5.176853127433353,2.210577986863757,3.0653251813561044,17.31910659143026,12.194502236273774,14.118972898930807,31.43914253858359,22.13651679833137,25.629982650925346,2.816094285878704,1.1505350003290418,1.629521014303019,4.400147321685475,1.797710938014128,2.5461265848484675,16.7114528852235,11.422822607959615,13.435616335249838,26.11164513316172,17.8481603249369,20.99315052382787,2.851810319322935,1.2177569962723154,1.6886177314838893,5.176853127433353,2.210577986863757,3.0653251813561044,17.31910659143026,12.194502236273774,14.118972898930807,31.43914253858359,22.13651679833137,25.629982650925346,0.7085427135678393,-0.006457286432160814,-0.011457286432160707,0.542713567839196,0.0027135678391959628,-0.007286432160804046,0.3869346733668342,-0.0030653266331658324,-0.018065326633165846,0.397887323943662,0.06514084507042261,0.11619718309859162,0.4204946996466431,0.40703517587939697,0.07035175879396982,0.12395309882747063,0.4242424242424242,0.397887323943662,0.06514084507042261,0.11619718309859162,0.4204946996466431,19.0,10.0,10.0,29.0,16.0,18.0,35.0,17.0,19.0,-7.802682045314374e-05,-8.937073037326779e-05,-8.91417214873978e-05,-0.0002803336946550772,0.00016174870629104277,1.2262581172706177e-05,"[7.03125, 1.359375, 0.2252197265625, 0.06805419921875, 1.4384765625, 0.266357421875, 0.054443359375, 9.059906005859375e-06, 1.5224609375, 0.002777099609375, 0.0131072998046875, 4.60546875, 7.0390625, 0.358154296875, 1.8046875, 1.876953125, 3.0703125, 1.380859375, 0.0120697021484375, 7.6484375, 7.2578125, 2.1015625, 3.025390625, 0.67626953125, 1.6201171875, 6.25, 0.09197998046875, 5.1484375, 8.2734375, 2.693359375, 2.001953125, 1.998046875, 1.287109375, 5.40234375, 0.214599609375, 3.466796875, 6.05078125, 4.390625, 1.4853515625, 0.58642578125, 1.5478515625, 0.0006079673767089844, 0.09820556640625, 0.87548828125, 2.162109375, 2.28515625, 3.279296875, 5.015625, 1.7763671875, 0.2451171875, 9.15625, 0.81494140625, 1.7763671875, 5.05078125, 4.09375, 4.59765625, 3.40234375, 1.6474609375, 0.97607421875, 0.10968017578125, 4.515625, 4.671875, 0.7978515625, 2.04296875, 1.1298828125, 8.7734375, 5.49609375, 0.304931640625, 0.359619140625, 0.0049285888671875, 1.3017578125, 6.24609375, 6.16796875, 4.9140625, 0.005542755126953125, 5.48828125, 4.74609375, 9.262561798095703e-05, 0.56298828125, 0.344970703125, 4.04296875, 2.609375, 7.57421875, 0.307373046875, 3.05859375, 4.671875, 0.81689453125, 5.4296875, 0.00981903076171875, 1.43359375, 4.60546875, 4.33203125, 0.2222900390625, 3.6796875, 0.462158203125, 0.79248046875, 1.130859375, 1.3388671875, 8.4453125, 3.015625, 1.8818359375, 4.03515625, 4.671875, 2.796875, 2.419921875, 3.078125, 3.552734375, 3.09765625, 3.6640625, 2.29296875, 1.8349609375, 2.220703125, 0.141845703125, 0.5361328125, 1.6171875, 2.400390625, 9.6875, 1.51953125, 3.529296875, 2.7421875, 9.265625, 6.5625, 3.361328125, 5.984375, 3.8125, 3.0546875, 3.375, 1.560546875, 1.6279296875, 12.703125, 2.890625, 1.6103515625, 1.7724609375, 2.455078125, 1.140625, 5.11328125, 6.3984375, 0.0017938613891601562, 0.75341796875, 0.0001093149185180664, 0.08453369140625, 0.14013671875, 1.650390625, 10.7421875, 0.56298828125, 4.3515625, 3.1796875, 0.6533203125, 1.5048828125, 2.72265625, 4.67578125, 0.37060546875, 1.61328125, 5.953125, 1.7822265625, 1.5986328125, 2.82421875, 2.048828125, 6.62890625, 3.626953125, 2.30078125, 4.78125, 6.37109375, 1.0673828125, 8.1015625, 2.53125, 3.5625, 1.421875, 2.294921875, 5.87890625, 1.9208984375, 4.203125, 0.00030684471130371094, 0.4990234375, 2.154296875, 0.0003037452697753906, 0.005481719970703125, 0.329833984375, 4.78125, 4.56640625, 3.15625, 0.98486328125, 1.04296875, 4.88671875, 0.01873779296875, 0.05224609375, 0.05963134765625, 0.70068359375, 0.428955078125, 2.04296875, 3.49609375, 2.814453125, 5.23828125, 2.04296875, 4.109375, 4.58984375, 1.9794921875, 6.31640625, 2.236328125, 2.001953125, 2.056640625, 6.76171875, 12.328125, 0.7265625, 2.93359375, 7.97265625, 5.08984375, 6.87109375, 0.3095703125, 3.49609375, 0.177734375, 1.86328125, 1.73828125, 1.4775390625, 0.005970001220703125, 0.01134490966796875, 0.03131103515625, 1.4521484375, 0.70458984375, 2.7109375, 2.375, 2.015625, 2.9453125, 3.033203125, 4.0234375, 2.82421875, 3.626953125, 2.6796875, 4.73828125, 5.11328125, 2.087890625, 0.5556640625, 2.1875, 2.14453125, 4.54296875, 3.431640625, 7.66015625, 0.6455078125, 6.94140625, 0.003818511962890625, 0.1553955078125, 5.8984375, 0.2430419921875, 4.21875, 0.381103515625, 5.8203125, 0.09747314453125, 3.97265625, 0.20361328125, 9.234375, 2.76953125, 0.29052734375, 1.6123046875, 9.65625, 0.11431884765625, 3.603515625, 10.0546875, 1.2021484375, 7.653236389160156e-05, 1.15625, 5.328125, 0.0010251998901367188, 2.435546875, 0.0274658203125, 1.677734375, 0.00044655799865722656, 1.62109375, 0.75634765625, 0.005687713623046875, 0.01270294189453125, 0.01081085205078125, 2.7421875, 3.724609375, 1.2451171875, 2.279296875, 7.30078125, 2.7265625, 10.84375, 3.1796875, 2.09375, 10.296875, 1.392578125, 4.05859375, 1.7568359375]",-0.6718956399971332
347,1,test,3.487624799554998,1.553532802538202,2.143161517185497,5.438330195916269,2.4224579293816033,3.3418789759502676,32.708166917699195,25.79040706151147,28.872039846758458,51.00256536319197,40.21554999422128,45.020807896640314,3.4051669470628902,1.4579849555956892,2.033842102392077,4.899520787140849,2.0978200799937974,2.926391514233204,30.119323636825857,23.110415076000763,26.178755757742863,43.337156311979655,33.25239579280685,37.66727447157247,3.487624799554998,1.553532802538202,2.143161517185497,5.438330195916269,2.4224579293816033,3.3418789759502676,32.708166917699195,25.79040706151147,28.872039846758458,51.00256536319197,40.21554999422128,45.020807896640314,0.7185929648241206,-0.0014070351758793676,-0.0014070351758793676,0.592964824120603,-0.012035175879396953,-0.007035175879396949,0.49246231155778897,0.0024623115577889765,-0.007537688442211032,0.4290909090909091,0.10422702524335914,0.17516104210179184,0.47080291970802923,0.42211055276381915,0.09128348509464623,0.1516598015117323,0.45959595959595956,0.4290909090909091,0.10422702524335914,0.17516104210179184,0.47080291970802923,21.0,7.0,8.0,33.0,7.0,8.0,41.0,6.0,6.0,-0.000476924547292482,-0.00014766608425469992,-0.00021650343213968552,-0.0002179643979092205,0.00019661043173790915,4.380359388900246e-05,"[2.859375, 3.21484375, 3.216796875, 1.0986328125, 0.0006871223449707031, 0.96435546875, 0.0131072998046875, 0.033599853515625, 1.7802734375, 7.16796875, 5.9453125, 2.701171875, 11.6953125, 1.58984375, 0.85302734375, 4.53515625, 0.0728759765625, 0.381591796875, 0.60302734375, 4.81640625, 7.5625, 1.4853515625, 0.0322265625, 1.4560546875, 6.91796875, 0.068115234375, 5.4375, 6.421875, 13.671875, 3.576171875, 3.853515625, 0.0084991455078125, 4.8359375, 0.1009521484375, 0.162109375, 0.84033203125, 0.6396484375, 3.814453125, 0.032318115234375, 1.54296875, 8.6953125, 10.1953125, 4.32421875, 0.2470703125, 1.615234375, 3.732421875, 3.423828125, 4.09765625, 8.3125, 0.480712890625, 8.3984375, 5.72265625, 4.4765625, 0.00424957275390625, 6.33203125, 4.0078125, 4.953125, 1.162109375, 1.783203125, 1.6328125, 2.865234375, 3.853515625, 1.8896484375, 6.8359375, 0.040283203125, 0.81103515625, 2.9375, 6.66796875, 1.0693359375, 2.1171875, 5.9140625, 0.005584716796875, 0.01255035400390625, 0.322509765625, 2.337890625, 5.30078125, 0.18017578125, 2.212890625, 4.40625, 1.2138671875, 0.11041259765625, 2.94140625, 2.048828125, 8.6171875, 0.50341796875, 6.21484375, 0.473876953125, 0.6357421875, 3.171875, 5.375, 0.0791015625, 3.177734375, 5.46875, 0.044189453125, 1.8017578125, 4.859375, 0.0274810791015625, 4.78125, 2.59765625, 0.055511474609375, 6.578125, 3.4765625, 2.51171875, 5.96875, 2.142578125, 2.947265625, 6.58203125, 1.3369140625, 0.005702972412109375, 6.90625, 0.03924560546875, 7.67578125, 1.3154296875, 5.28515625, 4.63671875, 0.453125, 1.7919921875, 7.5078125, 6.15234375, 3.119140625, 8.8359375, 4.953125, 4.30859375, 6.85546875, 4.765625, 2.048828125, 6.88671875, 0.4453125, 4.0703125, 9.8203125, 0.04217529296875, 6.15625, 4.9609375, 0.912109375, 9.3984375, 0.468017578125, 0.0226287841796875, 0.401123046875, 0.058746337890625, 5.8203125, 2.24609375, 3.107421875, 0.005908966064453125, 0.119873046875, 0.0445556640625, 3.16015625, 3.744140625, 2.072265625, 2.109375, 0.0721435546875, 7.109375, 4.37109375, 3.853515625, 9.1015625, 0.17138671875, 10.703125, 10.8203125, 6.0, 7.6796875, 2.5546875, 6.4296875, 0.1583251953125, 8.2734375, 4.51171875, 1.6240234375, 5.9453125, 3.46875, 1.123046875, 4.69921875, 2.822265625, 2.005859375, 4.9375, 5.640625, 10.296875, 0.443359375, 3.26171875, 4.3515625, 3.337890625, 9.4375, 8.65625, 2.2421875, 3.560546875, 0.09735107421875, 2.962890625, 1.310546875, 3.578125, 8.2890625, 2.513671875, 0.032928466796875, 4.6484375, 4.375, 2.759765625, 1.0234375, 0.71142578125, 1.0986328125, 0.0017337799072265625, 0.00013065338134765625, 0.1815185546875, 0.78173828125, 0.030181884765625, 4.68359375, 0.006427764892578125, 0.0002894401550292969, 0.035308837890625, 0.849609375, 7.21484375, 0.03436279296875, 8.4375, 2.16796875, 1.115234375, 6.9453125, 6.8984375, 0.2056884765625, 0.0068206787109375, 2.3359375, 5.54296875, 0.01311492919921875, 1.10546875, 1.4599609375, 0.11932373046875, 6.0546875, 13.046875, 5.28125, 0.06573486328125, 2.72265625, 1.3427734375, 3.06640625, 10.328125, 4.4375, 5.7578125, 3.34765625, 1.140625, 5.8125, 4.265625, 4.46875, 4.28125, 0.98583984375, 5.76171875, 0.27001953125, 5.9375, 0.775390625, 1.19921875, 2.7109375, 0.654296875, 9.4140625, 4.15625, 9.3203125, 0.025909423828125, 3.482421875, 2.28515625, 6.8046875, 12.0859375, 3.234375, 0.006946563720703125, 0.7470703125, 7.9296875, 10.6953125, 6.22265625, 0.85400390625, 3.298828125, 0.65087890625, 5.9140625, 6.38671875, 5.65234375, 1.48046875, 7.7890625, 3.4765625, 0.08984375, 7.8671875, 2.98828125, 0.0621337890625, 9.703125, 4.5625, 4.76171875, 2.33984375]",-0.8697522527521309
3,1,test,2.2850054603512002,0.9730773891960018,1.3215458883329003,5.038366077171901,2.1456054233824884,2.913967641976271,9.825739875861412,6.112413503817802,7.204992403133925,21.6654512790733,13.477681949411922,15.886784491382256,2.4671241626068574,1.0642099489506733,1.476861402661031,4.526833325884142,1.9526788054140796,2.709837436075286,11.788496258503455,7.721461336118151,9.096554544616728,21.630268364226524,14.167818965354407,16.69092576993895,2.234344941716529,0.9853788136346993,1.3552750551535748,5.039875808383147,2.2226589781233814,3.057011402602048,9.340361366694262,5.8536251120452825,6.931703027964673,21.06848428577653,13.203665666267554,15.63542036383009,0.5577889447236181,-0.012211055276381999,-0.00221105527638199,0.42713567839195976,0.0021356783919597166,-0.012864321608040186,0.3467336683417085,0.0017336683417085164,-0.003266331658291488,0.3587570621468926,0.08795311292263308,0.14174826449293365,0.3342776203966006,0.3668341708542714,0.08362615080414604,0.15481413746528971,0.33838383838383834,0.35451505016722407,0.09241154432415233,0.154292580756768,0.3120805369127517,22.0,8.0,8.0,32.0,8.0,8.0,40.0,10.0,10.0,0.0013720239730580903,-2.4732210123690823e-05,0.0005113027248895321,-0.030981042912006984,-0.030791661536062165,-0.03529095056205289,"[1.76953125, 4.3671875, 0.004657745361328125, 0.0254669189453125, 1.2890625, 7.33203125, 0.18798828125, 6.0546875, 5.09375, 0.955078125, 2.087890625, 5.4375, 0.027069091796875, 8.8125, 0.70166015625, 1.4384765625, 5.58984375, 0.499267578125, 5.24609375, 0.51708984375, 1.498046875, 6.69921875, 0.90234375, 1.0673828125, 11.6328125, 0.7490234375, 0.156494140625, 0.1336669921875, 7.4375, 0.39990234375, 6.90234375, 4.0390625, 3.365234375, 5.1171875, 0.0159454345703125, 6.0, 8.1171875, 2.4453125, 6.2421875, 3.17578125, 5.99609375, 5.5859375, 0.64599609375, 0.9716796875, 5.32421875, 0.10198974609375, 1.931640625, 4.49609375, 1.6123046875, 1.8017578125, 3.3515625, 4.63671875, 2.3203125, 2.16796875, 0.69970703125, 0.73779296875, 0.11724853515625, 2.21875, 3.66015625, 0.8505859375, 5.58984375, 4.1875, 9.6015625, 2.1875, 1.8447265625, 0.0050048828125, 8.6953125, 1.732421875, 0.5009765625, 0.24951171875, 4.85546875, 1.0302734375, 0.08935546875, 0.419677734375, 5.56640625, 3.11328125, 4.57421875, 1.5283203125, 0.68408203125, 6.46875, 2.033203125, 3.544921875, 3.931640625, 0.456298828125, 0.0638427734375, 1.5546875, 1.298828125, 5.04296875, 3.947265625, 8.0703125, 3.17578125, 3.267578125, 0.254638671875, 0.89697265625, 6.7265625, 4.203125, 3.560546875, 1.3359375, 2.107421875, 3.74609375, 0.0810546875, 0.63134765625, 0.351806640625, 0.0032711029052734375, 0.0164794921875, 5.64453125, 9.6015625, 0.0672607421875, 6.56640625, 1.6904296875, 2.701171875, 9.9921875, 4.0625, 0.7607421875, 0.26318359375, 0.420166015625, 2.701171875, 2.04296875, 6.21875, 8.46875, 1.9453125, 3.166015625, 1.7666015625, 3.759765625, 0.642578125, 4.16015625, 0.15966796875, 1.85546875, 6.94140625, 2.6953125, 3.859375, 2.6171875, 0.0177001953125, 3.36328125, 5.3046875, 2.283203125, 5.33203125, 4.97265625, 1.2763671875, 4.203125, 0.39794921875, 4.85546875, 2.353515625, 0.35546875, 0.9375, 0.0703125, 0.00431060791015625, 0.016571044921875, 2.326171875, 7.08984375, 2.091796875, 1.044921875, 3.859375, 1.966796875, 8.2890625, 0.436279296875, 0.0010395050048828125, 1.3203125, 0.162353515625, 0.021026611328125, 0.0293121337890625, 9.046875, 2.681640625, 2.359375, 0.77783203125, 0.15869140625, 0.159912109375, 0.26513671875, 0.47998046875, 0.8212890625, 0.33837890625, 0.43798828125, 0.11578369140625, 0.15673828125, 0.04937744140625, 0.2022705078125, 0.873046875, 0.4306640625, 0.421142578125, 0.066162109375, 0.0958251953125, 0.0328369140625, 0.08154296875, 0.57080078125, 0.396728515625, 0.1802978515625, 0.056854248046875, 0.04931640625, 0.0290985107421875, 0.10540771484375, 0.5302734375, 0.467041015625, 0.2235107421875, 0.025177001953125, 0.0189361572265625, 0.01531982421875, 0.08209228515625, 0.8115234375, 0.429443359375, 0.206298828125, 0.0400390625, 0.014801025390625, 0.01233673095703125, 0.049468994140625, 0.211181640625, 0.4140625, 0.16943359375, 0.0153656005859375, 0.00664520263671875, 0.0103912353515625, 0.036651611328125, 0.2008056640625, 0.2349853515625, 6.16796875, 0.2269287109375, 7.49609375, 0.033966064453125, 0.00634765625, 0.006595611572265625, 0.416015625, 4.96875, 3.287109375, 0.1710205078125, 0.009735107421875, 0.007564544677734375, 0.008148193359375, 0.01451873779296875, 1.5419921875, 1.9609375, 2.283203125, 2.599609375, 6.1484375, 3.294921875, 0.342041015625, 0.06561279296875, 0.006656646728515625, 0.0034770965576171875, 3.4296875, 4.66796875, 6.3203125, 1.349609375, 6.203125, 2.0703125, 1.78515625, 3.94921875, 1.0673828125, 1.0615234375, 0.0020122528076171875, 5.5, 1.4208984375, 0.525390625, 0.1185302734375, 1.8720703125, 7.046875, 1.291015625, 0.35107421875, 0.5859375, 0.13525390625, 0.01287841796875, 0.057403564453125, 1.078125, 0.1102294921875, 0.253662109375, 0.004878997802734375, 0.00653839111328125, 2.3828125, 2.234375, 7.44921875, 0.8955078125, 0.07427978515625, 0.2454833984375, 0.138916015625, 0.03460693359375, 12.125, 11.2578125, 2.220703125, 1.798828125, 5.23828125, 3.970703125, 6.52734375, 6.50390625, 3.03515625, 1.734375, 0.83642578125, 0.127685546875, 0.0033054351806640625, 0.0057830810546875, 0.061859130859375, 1.1279296875, 0.94384765625, 0.12841796875, 0.003040313720703125, 0.01100921630859375, 0.01409912109375, 0.0192108154296875, 0.5390625, 8.5703125, 0.6953125, 0.78125, 0.0220947265625, 7.4296875, 4.96875, 5.50390625, 0.1702880859375, 4.9921875, 5.4375, 0.814453125, 6.4921875, 0.06463623046875, 5.359375, 1.17578125, 2.4375, 0.12017822265625, 1.865234375, 1.0322265625, 3.3855438232421875e-05, 1.1982421875, 0.07598876953125, 7.41015625, 4.515625, 0.46142578125, 5.52734375, 6.33203125, 3.955078125, 0.47412109375, 4.1171875, 0.2139892578125, 4.8125, 2.640625, 0.2467041015625, 0.012176513671875, 0.00412750244140625, 0.0013484954833984375, 1.0283203125, 7.9140625, 0.455322265625, 0.33251953125, 4.62890625, 6.02734375, 4.80859375, 5.77734375, 0.007198333740234375, 0.86328125, 3.685546875, 0.66796875, 0.01428985595703125, 0.041259765625, 1.986328125, 1.1669921875, 0.2015380859375, 2.689453125, 0.16357421875, 2.580078125, 8.078125]",-0.7400890487735556
300,1,test,2.6560343046423416,1.1833825579879986,1.62547102622634,4.3755478429079036,1.9495030579571075,2.677799089448017,14.239706639919024,9.878923124207216,11.437062580845325,23.458476256514,16.274526534098595,18.841403673646923,2.7251302608892547,1.1022848630332522,1.6093876216596825,4.037230016132229,1.6330146119011144,2.3842779580143443,15.258401370344375,10.190912526372614,12.20656762105208,22.60503906717685,15.097648187218686,18.08380388304012,2.631585158512626,1.1540372812294124,1.608080003890662,4.335270347838719,1.9011596829501882,2.6491491393574487,13.89577946630782,9.513592630891129,11.11284717009061,22.89189102831057,15.672681501757062,18.30729158078511,0.6532663316582914,0.003266331658291377,0.008266331658291382,0.507537688442211,-0.007462311557788981,-0.0024623115577889765,0.371859296482412,0.0018592964824120095,-0.003140703517587995,0.41901408450704225,0.10266962053516171,0.17077052478807264,0.40636042402826855,0.40201005025125625,0.06617045125376253,0.1399065444081845,0.40909090909090906,0.4014084507042254,0.08330651748805662,0.15199393079790213,0.38869257950530034,22.0,4.0,4.0,33.0,5.0,3.0,40.0,3.0,6.0,0.0006511625107285203,-0.00013216991394648277,9.748955605765166e-06,-0.014283227261005393,-0.012806452688378656,-0.012539672948237879,"[9.9140625, 1.6201171875, 1.4404296875, 3.2578125, 0.21826171875, 6.734375, 1.9892578125, 1.302734375, 0.066650390625, 4.5390625, 0.1614990234375, 0.6953125, 1.82421875, 0.052154541015625, 2.6226043701171875e-05, 0.0005626678466796875, 0.0012664794921875, 1.7642974853515625e-05, 5.8828125, 0.59423828125, 3.49609375, 2.580078125, 0.270263671875, 0.136962890625, 0.00466156005859375, 0.0640869140625, 0.45263671875, 2.63671875, 3.96484375, 1.1982421875, 2.3984375, 0.3388671875, 7.55859375, 1.9453125, 4.21875, 7.48046875, 1.82421875, 9.390625, 4.671875, 5.65625, 3.75, 0.3544921875, 0.77197265625, 3.208984375, 3.96875, 5.296875, 2.267578125, 1.4921875, 5.21875, 8.734375, 0.333984375, 0.2186279296875, 0.01157379150390625, 1.6005859375, 2.138671875, 5.578125, 3.86328125, 4.21484375, 8.390625, 6.546875, 5.1796875, 5.75, 1.80078125, 5.19140625, 1.1279296875, 5.59765625, 4.25, 6.78125, 0.0723876953125, 0.00019931793212890625, 0.54248046875, 4.44140625, 6.92578125, 0.0001741647720336914, 0.000457763671875, 0.83837890625, 0.6640625, 5.02734375, 2.67578125, 2.7734375, 0.0230865478515625, 0.57568359375, 2.529296875, 1.2548828125, 0.5205078125, 1.6806640625, 3.169921875, 1.341796875, 6.28515625, 0.60400390625, 0.81005859375, 2.73828125, 5.0234375, 2.8125, 4.6484375, 4.2734375, 3.935546875, 0.79296875, 10.0078125, 0.3720703125, 6.07421875, 2.103515625, 0.7646484375, 0.439208984375, 4.453125, 2.421875, 4.0, 1.6962890625, 0.039215087890625, 0.638671875, 8.0859375, 0.88134765625, 2.220703125, 0.07562255859375, 0.0305023193359375, 0.0132598876953125, 4.6171875, 2.041015625, 0.005596160888671875, 0.2164306640625, 2.123046875, 7.63671875, 3.572265625, 1.9287109375, 2.798828125, 2.208984375, 0.169677734375, 0.78076171875, 8.34375, 1.5927734375, 2.36328125, 0.375732421875, 6.765625, 6.43359375, 1.263671875, 4.01171875, 11.1875, 0.1466064453125, 1.59375, 0.038726806640625, 1.9296875, 0.8447265625, 0.00015676021575927734, 8.21875, 1.7216796875, 0.0224456787109375, 1.0830078125, 2.70703125, 1.41015625, 5.1796875, 1.5380859375, 3.12890625, 2.8359375, 1.8193359375, 3.056640625, 7.06640625, 0.001605987548828125, 6.76171875, 1.7939453125, 2.69921875, 0.00013720989227294922, 6.949901580810547e-05, 0.00043773651123046875, 0.0003120899200439453, 0.000362396240234375, -0.0, 3.4570693969726562e-06, 0.154296875, 0.233642578125, 2.94921875, 0.006305694580078125, 0.0252685546875, 8.9609375, 2.916015625, 4.1640625, 0.1514892578125, 3.681640625, 3.626953125, 0.347900390625, 6.94921875, 3.037109375, 4.20703125, 5.6640625, 0.01300048828125, 2.857421875, 1.490234375, 10.4453125, 2.177734375, 3.111328125, 2.728515625, 4.38671875, 2.60546875, 5.80859375, 2.6328125, 1.2451171875, 2.568359375, 3.025390625, 1.0302734375, 2.87890625, 1.8818359375, 5.4609375, 2.0703125, 6.84375, 0.07073974609375, 4.97265625, 0.90673828125, 1.0830078125, 7.13671875, 0.6181640625, 2.021484375, 5.95703125, 2.2265625, 3.380859375, 5.87109375, 2.052734375, 4.625, 6.06640625, 0.859375, 0.08709716796875, 6.46484375, 4.25, 2.8203125, 1.9462890625, 1.4541015625, 0.003314971923828125, 8.0625, 0.0526123046875, 5.44921875, 0.444580078125, 2.349609375, 4.6953125, 3.8671875, 0.82763671875, 4.16015625, 0.58740234375, 3.732421875, 0.177001953125, 6.19921875, 0.054901123046875, 1.0908203125, 3.740234375, 0.28564453125, 0.08721923828125, 0.46923828125, 0.3974609375, 3.158203125, 5.37109375, 1.4072265625, 0.08648681640625, 3.248046875, 0.0712890625, 2.701171875, 4.6640625, 2.359375, 0.95068359375, 3.4453125, 2.1328125, 1.556640625, 1.7881393432617188e-06, 4.220008850097656e-05, 6.330013275146484e-05, 6.031990051269531e-05, 0.00011909008026123047, -0.0, 5.960464477539062e-07, 0.248779296875, 0.2509765625, 2.298828125, 0.0004100799560546875, 4.125, 5.296875, 5.44921875, 0.50341796875, 12.0703125, 0.430419921875, 0.0016336441040039062, 3.17578125, 0.0308837890625, 3.23046875, 7.703125, 3.251953125, 0.1839599609375, 7.30078125, 2.107421875]",-1.0316459398034592
161,1,test,3.5561907263689263,1.5979648235015054,2.201047328351565,6.07369208216475,2.7291973470694026,3.759214496442029,35.029505700745865,27.942762365698492,31.152188784416914,59.827621122561006,47.72402483250485,53.20547094368235,3.572896095376518,1.5276678214302768,2.15105359413741,5.809587146953688,2.484012717772808,3.4976481205486345,35.61960168211148,27.888678577286363,31.47485156563708,57.91805151562842,45.34744484111604,51.17862043193021,3.518362959890461,1.5731506094256387,2.179633534172682,5.997209590722377,2.6815067206118837,3.7152844332488892,33.72916724413419,26.734050130433904,29.914973035879978,57.49289871159237,45.56940363142142,50.991431311159054,0.6633165829145728,-0.0016834170854271857,-0.006683417085427079,0.5577889447236181,-0.00221105527638199,-0.00221105527638199,0.4522613065326633,0.002261306532663321,-0.007738693467336688,0.40116279069767447,0.0818594525264118,0.1567835140603333,0.3994169096209913,0.39698492462311563,0.09122051359554673,0.16159260408889198,0.38383838383838387,0.4013377926421404,0.0958286106721905,0.15550909408819158,0.37583892617449666,24.0,1.0,0.0,35.0,1.0,0.0,44.0,2.0,2.0,0.00028471709314322645,0.00034602832793183616,6.26193470364995e-05,0.00032933337838070287,-7.066279669576403e-05,0.0001579807127098931,"[2.056640625, 12.3203125, 7.8203125, 1.8447265625, 5.65625, 0.1611328125, 0.00018286705017089844, 8.8125, 0.038360595703125, 0.00812530517578125, 9.2421875, 3.197265625, 11.75, 2.765625, 3.662109375, 12.8359375, 6.60546875, 3.232421875, 3.4921875, 7.78125, 4.375, 3.48828125, 6.421875, 2.716796875, 7.51953125, 7.75390625, 1.947265625, 9.0546875, 1.1044921875, 1.9228515625, 0.0033626556396484375, 0.059600830078125, 0.0038280487060546875, 6.67572021484375e-05, 0.71484375, 2.5078125, 0.00010251998901367188, 0.00012922286987304688, 4.640625, 10.921875, 5.5078125, 8.6484375, 10.2109375, 6.453125, 0.90966796875, 0.84814453125, 5.8359375, 0.48779296875, 3.291015625, 0.0565185546875, 5.28125, 10.3984375, 1.61328125, 1.388671875, 0.157470703125, 5.7734375, 5.3984375, 7.46875, 4.3046875, 0.2408447265625, 1.181640625, 0.76708984375, 0.55810546875, 0.0069427490234375, 0.036651611328125, 0.0260467529296875, 4.863739013671875e-05, 0.0007386207580566406, 1.287109375, 0.450439453125, 0.031707763671875, 0.02099609375, 14.296875, 11.421875, 11.515625, 1.73828125, 4.22265625, 2.2421875, 0.14697265625, 0.00916290283203125, 0.006755828857421875, 7.50390625, 6.34765625, 4.52734375, 5.37109375, 2.748046875, 3.751953125, 2.103515625, 0.173583984375, 0.0284576416015625, 0.005527496337890625, 0.003833770751953125, 4.6953125, 6.69921875, 8.4140625, 0.471435546875, 0.7265625, 3.158203125, 0.0201263427734375, 0.0219268798828125, 0.0006809234619140625, 2.5987625122070312e-05, 0.00421905517578125, 5.18359375, 2.60546875, 0.27685546875, 0.01265716552734375, 0.447998046875, 1.7958984375, 0.0005908012390136719, 0.004566192626953125, 0.006786346435546875, 8.6015625, 15.1875, 9.515625, 7.33203125, 2.390625, 3.88671875, 0.0386962890625, 0.07379150390625, 3.19921875, 0.0034389495849609375, 2.609375, 5.8046875, 1.2607421875, 0.06719970703125, 7.0078125, 0.375732421875, 0.62744140625, 0.87646484375, 7.72265625, 3.541015625, 1.015625, 4.36328125, 5.9375, 3.046875, 0.403564453125, 2.87890625, 0.83935546875, 1.107421875, 12.2890625, 0.9990234375, 5.01953125, 2.716796875, 0.0226593017578125, 1.0439453125, 2.7734375, 0.2178955078125, 6.56640625, 2.3203125, 3.208984375, 1.4453125, 5.16015625, 0.07952880859375, 4.16015625, 9.8984375, 2.806640625, 7.109375, 0.46826171875, 5.03515625, 6.30859375, 3.31640625, 7.015625, 2.1953125, 11.5546875, 3.525390625, 7.90234375, 2.181640625, 2.75, 3.04296875, 1.4365234375, 5.421875, 0.0218505859375, 8.21875, 0.07794189453125, 0.0849609375, 4.33984375, 9.0703125, 1.0234375, 0.77880859375, 2.51171875, 11.6796875, 1.8310546875, 1.970703125, 3.447265625, 13.1015625, 7.125, 4.98828125, 2.12890625, 6.859375, 11.5390625, 1.0224609375, 4.66796875, 2.82421875, 9.1015625, 6.734375, 1.3994140625, 3.107421875, 0.3466796875, 5.59765625, 2.279296875, 0.021392822265625, 0.004497528076171875, 0.357177734375, 12.0234375, 2.994140625, 1.45703125, 0.006038665771484375, 0.343505859375, 6.84375, 1.3642578125, 0.369873046875, 9.1171875, 2.73046875, 1.349609375, 3.306640625, 3.193359375, 0.9501953125, 0.947265625, 6.7578125, 0.58154296875, 4.32421875, 2.7265625, 3.912109375, 7.12890625, 2.712890625, 1.13671875, 3.6875, 0.16650390625, 1.3857421875, 6.74609375, 2.26171875, 1.2099609375, 3.197265625, 5.55859375, 8.4765625, 5.1484375, 4.7421875, 8.1484375, 1.0517578125, 0.003353118896484375, 1.3408203125, 5.5, 0.98828125, 3.857421875, 0.0899658203125, 3.05078125, 2.357421875, 2.357421875, 2.3828125, 0.0943603515625, 4.49609375, 4.54296875, 6.06640625, 1.2021484375, 3.94921875, 6.72265625, 8.140625, 3.009765625, 0.81396484375, 8.609375, 1.6552734375, 3.455078125, 0.0982666015625, 0.50390625, 5.96875, 0.9296875, 1.384765625, 1.07421875, 5.09375, 9.328125, 3.548828125, 0.174560546875, 0.1685791015625, 13.8671875, 0.91748046875, 3.85546875, 5.484375, 1.0078125, 7.67578125, 1.978515625, 2.7421875, 2.185546875, 3.625, 5.3671875, 1.2646484375, 5.39453125, 7.98046875, 5.59765625, 8.03125, 3.685546875, 8.6875, 2.607421875, 1.357421875, 0.0870361328125, 0.1495361328125, 3.68359375, 0.11932373046875, 0.037139892578125, 0.6787109375, 3.330078125, 8.4609375, 2.69140625, 6.26171875, 4.0078125, 2.80078125, 5.8671875, 0.0919189453125, 4.609375, 1.1826171875, 0.0062713623046875, 6.28125, 9.8515625, 0.87255859375, 7.05859375, 0.79931640625, 4.47265625, 4.71484375, 6.99609375, 1.5556640625, 3.85546875, 1.63671875, 1.7197265625, 4.46484375, 4.33203125, 0.375732421875, 7.09375, 0.6572265625, 7.24609375, 5.7109375, 1.6748046875, 0.62353515625, 5.95703125, 7.04296875, 1.2431640625, 4.9609375, 1.291015625, 2.77734375, 0.61865234375, 2.927734375, 1.765625, 2.548828125, 5.66796875, 8.375]",-0.3914756802625434
423,1,test,2.7946191337919726,1.1487589202292543,1.6262238164418574,4.800169335689741,1.9731623806290721,2.7932785553001316,16.356397967413827,11.170929368035877,13.139571458462612,28.094518861675514,19.18771397333221,22.5691462698299,2.6319758478720585,0.9277754008182209,1.363150349106441,4.0805827098791605,1.4384114741367764,2.1134113939634744,13.901209460137665,8.404220684036503,10.34453666845869,21.552262728895602,13.029799510134112,16.03804134644758,2.7946191337919726,1.1487589202292543,1.6262238164418574,4.800169335689741,1.9731623806290721,2.7932785553001316,16.356397967413827,11.170929368035877,13.139571458462612,28.094518861675514,19.18771397333221,22.5691462698299,0.6633165829145728,-0.006683417085427079,-0.006683417085427079,0.5025125628140703,0.012512562814070316,0.002512562814070307,0.3417085427135679,-0.02829145728643212,-0.013291457286432107,0.39518900343642616,0.08987167925117745,0.14033186057928326,0.4482758620689655,0.37688442211055273,0.04856362010554016,0.0930780782040419,0.4494949494949495,0.39518900343642616,0.08987167925117745,0.14033186057928326,0.4482758620689655,23.0,12.0,12.0,33.0,12.0,13.0,40.0,13.0,14.0,-0.0004265458450999156,-0.0005903744892729751,-0.00010305890064367284,-0.005004372189239881,-0.004108819101784178,-0.0048263244353439205,"[1.783203125, 4.34765625, 0.00472259521484375, 0.0274505615234375, 8.203125, 4.41015625, 0.2607421875, 0.0026302337646484375, 0.66015625, 0.07513427734375, 0.0289459228515625, 0.08123779296875, 2.572265625, 2.818359375, 3.17578125, 0.00882720947265625, 0.169677734375, 0.2919921875, 3.2578125, 1.904296875, 1.3310546875, 1.0751953125, 4.40625, 2.146484375, 1.4736328125, 1.3095703125, 0.318115234375, 0.02984619140625, 2.1875, 1.9073486328125e-06, 0.1429443359375, 0.298095703125, 2.240234375, 4.859375, 0.44189453125, 2.591796875, 1.1787109375, 1.7685546875, 0.498046875, 5.51953125, 0.0609130859375, 1.529296875, 0.6171875, 4.35546875, 2.595703125, 1.5595703125, 1.732421875, 6.21484375, 3.091796875, 7.8828125, 1.5029296875, 0.135498046875, 7.921875, 1.470703125, 4.78515625, 2.931640625, 0.0164031982421875, 3.09375, 1.1796875, 0.364013671875, 8.7109375, 5.00390625, 1.609375, 6.10546875, 0.50048828125, 8.796875, 2.931640625, 4.16015625, 0.3564453125, 2.99609375, 8.84375, 5.92578125, 0.93115234375, 2.64453125, 7.37890625, 5.93359375, 1.7216796875, 2.474609375, 0.007274627685546875, 3.896484375, 2.279296875, 0.6552734375, 0.072265625, 6.16015625, 0.0037288665771484375, 1.8603515625, 4.6796875, 0.9130859375, 1.3115234375, 4.1640625, 1.1708984375, 4.4345855712890625e-05, 0.2705078125, 1.6103515625, 1.1444091796875e-05, 0.03997802734375, 0.1234130859375, 6.63671875, 2.41015625, 0.248046875, 0.5869140625, 6.02734375, 2.22265625, 0.443603515625, 0.0721435546875, 0.041290283203125, 6.76171875, 4.85546875, 9.0390625, 3.01171875, 2.7265625, 3.111328125, 11.46875, 8.2421875, 5.140625, 0.0026683807373046875, 1.09765625, 6.6171875, 0.038726806640625, 0.57080078125, 2.435546875, 0.0246734619140625, 4.30859375, 3.470703125, 1.3173828125, 0.000202178955078125, 2.255859375, 2.474609375, 0.0006313323974609375, 1.7841796875, 0.1163330078125, 2.05859375, 7.765625, 7.28515625, 2.728515625, 0.36767578125, 5.609375, 3.23046875, 1.955078125, 0.46044921875, 1.5244140625, 3.447265625, 3.291015625, 2.736328125, 1.7197265625, 7.87973403930664e-05, 4.21875, 0.85107421875, 2.5153160095214844e-05, 1.7197265625, 2.36328125, 2.5272369384765625e-05, 0.106689453125, 0.23046875, 1.779296875, 0.0005311965942382812, 9.3984375, 1.5078125, 0.94873046875, 4.73046875, 5.05078125, 2.51953125, 4.6796875, 0.414306640625, 5.26171875, 0.896484375, 2.42578125, 0.1790771484375, 7.71875, 3.3671875, 2.373046875, 4.41015625, 5.515625, 5.37890625, 0.444580078125, 6.81640625, 3.39453125, 7.69921875, 1.2080078125, 2.951171875, 0.229736328125, 1.4052734375, 4.30859375, 1.7333984375, 5.234375, 1.5048828125, 3.6640625, 3.935546875, 0.0139617919921875, 0.022003173828125, 5.59765625, 4.43359375, 2.1640625, 4.44140625, 6.41015625, 0.82763671875, 1.7958984375, 3.974609375, 2.201171875, 2.34375, 6.89453125, 2.171875, 2.94921875, 10.1796875, 0.244140625, 7.37890625, 2.138671875, 3.2421875, 10.515625, 4.68359375, 0.0028438568115234375, 3.392578125, 3.62109375, 6.8359375, 6.953125, 9.59375, 6.81640625, 4.64453125, 0.43408203125, 5.140625, 1.3837890625, 13.9765625, 1.3486328125, 4.11328125, 6.8125, 0.1650390625, 0.72509765625, 6.079673767089844e-06, 4.67578125, 0.8974609375, 8.225440979003906e-06, 0.62255859375, 1.5986328125, 2.7298927307128906e-05, 0.47998046875, 0.1485595703125, 5.78125, 0.6630859375, 0.88671875, 6.8359375, 3.43359375, 2.703125, 0.1917724609375, 1.669921875, 3.642578125, 0.11224365234375, 9.0078125, 0.2958984375, 4.84765625, 5.05078125, 1.6865234375, 1.1259765625, 2.181529998779297e-05, 0.89892578125, 1.033203125, 2.86102294921875e-05, 0.3056640625, 1.0673828125, 1.9765625, 0.01425933837890625, 4.0703125, 0.54052734375, 1.90234375, 2.80859375, 0.302978515625, 1.2958984375, 5.7734375, 4.4765625, 1.0146484375, 7.46484375, 0.12310791015625, 8.9296875, 3.3984375, 2.491474151611328e-05, 0.9345703125, 1.6474609375, 0.00012254714965820312, 0.56396484375, 0.2332763671875, 0.787109375, 0.0004394054412841797, 5.6171875, 0.07122802734375, 3.177734375, 8.5390625, 3.27734375, 13.0, 6.98046875, 10.1328125, 0.050933837890625, 0.37646484375]",-0.44220037189955574
182,1,test,2.9134807529903592,1.2941218853305232,1.7836009812712077,5.886827548850383,2.6148353162500295,3.6038512977740154,18.42080537985246,13.370953724592123,15.325521042814144,37.220120459290925,27.016653073662162,30.96595005226145,2.850962959941308,1.1186031717684837,1.6154733656218803,5.430405637983444,2.130672708130445,3.0770921249940577,17.30443729993723,11.650456925494506,13.864374956478933,32.96083295226139,22.19134652475144,26.408333250436062,2.9250270878376603,1.3046466937148613,1.793084059535446,5.910157472000751,2.636101196204685,3.6230123120750446,18.63473081762567,13.579717969566751,15.53305352191339,37.65236706301077,27.438471239878027,31.385279376468837,0.6180904522613065,-0.0019095477386934512,-0.0019095477386934512,0.5175879396984925,-0.012412060301507544,-0.007412060301507539,0.40201005025125625,0.0020100502512562235,0.0020100502512562235,0.4013605442176871,0.07198872757931696,0.14909810077877306,0.40273037542662116,0.40201005025125625,0.06366418558960207,0.1298898499173664,0.38383838383838387,0.40816326530612246,0.0804892415370223,0.15590082186720844,0.39931740614334466,24.0,13.0,13.0,33.0,17.0,17.0,41.0,13.0,14.0,-0.0003149859547296166,0.0002835539696604197,-0.00012818500439688605,-0.03983205156549996,-0.04419263826019648,-0.03879855731207904,"[2.13671875, 9.015625, 0.78173828125, 0.272705078125, 0.0011262893676757812, 0.00016200542449951172, 5.6796875, 7.078125, 8.4765625, 1.8564453125, 1.908203125, 8.9609375, 2.60546875, 4.63671875, 3.50390625, 7.19921875, 1.38671875, 7.08984375, 1.7119140625, 0.215087890625, 6.38671875, 5.81640625, 3.822265625, 2.5, 7.2890625, 1.416015625, 4.2734375, 0.1942138671875, 0.07037353515625, 0.0770263671875, 2.880859375, 0.003692626953125, 3.58984375, 5.960464477539062e-07, 4.31640625, 5.15234375, 0.478515625, 5.8125, 0.00959014892578125, 0.53271484375, 12.3125, 0.1005859375, 2.603515625, 0.966796875, 5.20703125, 1.1953125, 6.0390625, 1.9833984375, 5.4375, 0.2457275390625, 5.765625, 5.87890625, 0.270751953125, 0.2705078125, 3.337890625, 0.56103515625, 2.4140625, 3.23828125, 5.30078125, 0.83544921875, 0.015869140625, 3.01171875, 0.0023212432861328125, 1.859375, 1.6669921875, 4.58984375, 0.0039043426513671875, 0.24853515625, 5.04296875, 3.185546875, 4.171875, 10.921875, 2.13671875, 2.18359375, 5.98046875, 0.046539306640625, 0.46826171875, 3.375, 8.5078125, 7.9765625, 2.263671875, 8.58306884765625e-06, 0.7490234375, 7.200241088867188e-05, 9.751319885253906e-05, 1.2874603271484375e-05, 0.0004973411560058594, -0.0, 0.00010585784912109375, 9.381771087646484e-05, 0.193603515625, 1.3720703125, 7.26953125, 0.058868408203125, 3.341796875, 0.001079559326171875, 7.13671875, 0.80615234375, 4.1640625, 0.106689453125, 7.19921875, 5.66796875, 1.302734375, 5.8203125, 3.125, 10.6328125, 0.1339111328125, 2.244140625, 2.07421875, 2.775390625, 1.888671875, 9.3515625, 4.65234375, 0.09832763671875, 2.015625, 4.65234375, 7.94921875, 3.51953125, 2.349609375, 2.45703125, 0.431884765625, 0.00018322467803955078, 0.470947265625, 3.4689903259277344e-05, 2.5987625122070312e-05, 2.467632293701172e-05, 5.6743621826171875e-05, -0.0, 1.1086463928222656e-05, 1.3232231140136719e-05, 0.153564453125, 3.033203125, 0.03680419921875, 5.90234375, 7.5, 3.453125, 0.52685546875, 2.876953125, 0.451171875, 0.427734375, 0.1456298828125, 6.54296875, 4.796875, 4.23046875, 0.01514434814453125, 4.015625, 2.537109375, 3.943359375, 2.091796875, 6.9296875, 2.234375, 4.55859375, 1.146484375, 8.2890625, 3.89453125, 0.2222900390625, 4.234375, 2.30859375, 2.529296875, 0.0030727386474609375, 6.296875, 1.759765625, 7.0078125, 5.58984375, 1.9755859375, 5.64453125, 0.00390625, 5.98046875, 0.58642578125, 2.87890625, 4.59375, 9.90625, 11.0859375, 0.459716796875, 2.13671875, 6.890625, 1.2724609375, 2.8984375, 4.15234375, 2.80859375, 2.244140625, 6.45703125, 9.578125, 3.78515625, 1.7353515625, 5.3048133850097656e-05, 3.171875, 1.6689300537109375e-05, 2.7418136596679688e-06, 6.556510925292969e-06, 0.00014257431030273438, -0.0, 3.0994415283203125e-06, 3.6954879760742188e-06, 1.349609375, 0.00012373924255371094, 0.71875, 1.9073486328125e-06, 1.3113021850585938e-06, 3.5762786865234375e-06, 5.161762237548828e-05, -0.0, 2.1457672119140625e-06, 4.0531158447265625e-06, 0.15673828125, 5.40625, 1.1103515625, 5.953125, 0.11297607421875, 2.78125, 0.09088134765625, 0.00424957275390625, 0.06396484375, 6.23828125, 0.53125, 3.09375, 5.8984375, 0.63037109375, 5.23828125, 3.181640625, 0.62646484375, 1.6650390625, 6.875, 3.615234375, 2.154296875, 0.666015625, 3.583984375, 2.39453125, 4.84765625, 1.4140625, 0.33203125, 1.6875, 4.453125, 0.0091705322265625, 1.99609375, 1.6787109375, 2.31640625, 0.255859375, 6.39453125, 0.002529144287109375, 1.1787109375, 3.416015625, 0.007671356201171875, 0.87939453125, 5.1796875, 7.31640625, 2.65234375, 5.69140625, 6.01171875, 0.9951171875, 1.61328125, 4.859375, 2.84375, 7.66015625, 6.15234375, 0.92431640625, 1.1416015625, 7.44921875, 1.818359375, 2.6015625, 9.3125, 5.83203125, 0.11370849609375, 2.0078125, 0.55859375, 1.7802734375, 5.69921875, 8.6640625, 1.0126953125, 2.83203125, 0.01378631591796875, 3.169921875, 2.060546875, 0.00228118896484375, 4.46875, 4.83203125, 2.212890625, 0.0014286041259765625, 3.169921875, 11.375, 11.25, 8.5859375, 0.0616455078125, 8.34375, 7.703125, 5.44140625, 0.296630859375, 1.419921875, 7.046875, 0.34033203125, 4.46484375, 0.366455078125, 5.48828125, 0.00495147705078125]",-0.4858615455173312
395,1,test,2.6320885563198524,0.97584673147824,1.37992483104411,5.026337785261405,1.863514541437362,2.635157659283029,13.902776332176572,8.663193804640219,10.404873055159003,26.549277694578155,16.543568891993676,19.86954673786388,2.7880186028216953,0.9692090750206024,1.4060674554142527,4.533363581823895,1.5759497154806548,2.2862885453890294,16.248792573106726,10.084277177405191,12.266127755505384,26.420800931880855,16.397198662447465,19.94492317968355,2.577486195691852,0.96761261627174,1.3479774548084693,4.863181501305381,1.8256841816447928,2.543353688317867,13.1640047997369,8.161825990223615,9.744455560882459,24.83774490516396,15.399671679667199,18.385765209212185,0.5829145728643217,-0.0070854271356783904,-0.002085427135678275,0.4522613065326633,-0.007738693467336688,-0.017738693467336697,0.371859296482412,0.016859296482412023,0.006859296482412014,0.3924050632911392,0.08592797008418818,0.12082611592271819,0.37777777777777777,0.38190954773869346,0.07113260538280375,0.11145879648660661,0.38888888888888884,0.3946488294314381,0.08747019837968517,0.1276855368841633,0.37248322147651003,17.0,-1.0,0.0,27.0,-4.0,-4.0,33.0,-3.0,-4.0,0.0005667806015512308,-3.880986822084928e-05,0.00013735736524594938,-0.04861851930248218,-0.05348637284827085,-0.05239609892262376,"[2.12109375, 9.0390625, 0.7978515625, 0.0180816650390625, 0.177490234375, 0.380615234375, 1.1920928955078125e-06, 0.0160980224609375, 0.0004582405090332031, 4.0531158447265625e-06, 1.9462890625, 7.75390625, 5.67578125, 0.1943359375, 5.75, 2.90625, 6.5546875, 8.90625, 2.611328125, 8.75, 3.263671875, 4.76171875, 10.25, 1.666015625, 6.21875, 5.22265625, 1.525390625, 4.73046875, 1.9833984375, 3.296875, 0.13037109375, 1.7666015625, 0.01617431640625, 2.9802322387695312e-06, 0.0755615234375, 0.47509765625, 0.0012788772583007812, 1.0013580322265625e-05, 0.032470703125, 0.3984375, 0.0011196136474609375, 3.6954879760742188e-06, 0.05816650390625, 1.4375, 7.65625, 1.9560546875, 2.1640625, 1.619140625, 2.712890625, 4.515625, 3.37890625, 6.0390625, 4.265625, 0.16162109375, 1.0654296875, 5.71875, 1.4921875, 0.205810546875, 5.06640625, 0.96240234375, 1.2138671875, 0.0074462890625, 6.34375, 0.0010461807250976562, 4.19921875, 0.0004527568817138672, 0.28662109375, 0.77587890625, 0.00044655799865722656, 1.430511474609375e-06, 0.019134521484375, 0.74755859375, 0.0003948211669921875, 7.62939453125e-06, 0.05462646484375, 0.75390625, 6.1484375, 3.923828125, 7.19921875, 1.1920928955078125e-07, 0.0153045654296875, 0.06781005859375, 15.0078125, 3.640625, 1.8994140625, 8.40625, 2.0, 5.36328125, 1.6689300537109375e-06, 0.046112060546875, 4.07421875, 3.359375, 0.91357421875, 0.11700439453125, 0.011505126953125, 0.311767578125, 5.9140625, 5.375, 1.326171875, 2.388671875, 3.701171875, 3.818359375, 8.671875, 7.03515625, 3.623046875, 0.23291015625, 4.49609375, 0.416259765625, 11.453125, 5.234375, 1.578125, 9.96875, 10.5546875, 0.279541015625, 1.265625, 6.77734375, 6.1640625, 4.9765625, 6.28515625, 7.86328125, 0.658203125, 0.60009765625, 3.708984375, 2.791015625, 5.80078125, 5.640625, 2.71484375, 0.227783203125, 0.75927734375, 1.41796875, 6.0677528381347656e-05, 0.2130126953125, 0.7734375, 0.0025501251220703125, 5.960464477539062e-07, 0.01383209228515625, 0.452880859375, 2.404296875, 1.677734375, 0.1363525390625, 4.11328125, 11.21875, 0.57666015625, 2.525390625, 0.404296875, 0.1427001953125, 1.228515625, 9.6875, 3.4765625, 5.17578125, 5.9140625, 0.008331298828125, 0.43896484375, 11.9921875, 3.85546875, 2.1875, 1.591796875, 6.390625, 1.283203125, 4.671875, 1.435546875, 2.57421875, 0.646484375, 0.421142578125, 0.0024471282958984375, 0.193115234375, 1.37109375, 2.779296875, 0.42431640625, 2.04296875, 1.1337890625, 10.1953125, 2.70703125, 0.1407470703125, 5.625, 0.00811004638671875, 0.27734375, 6.19921875, 0.8564453125, 5.76953125, 4.172325134277344e-05, 0.26611328125, 1.375, 4.46484375, 0.0138397216796875, 2.4296875, 0.221923828125, 0.25732421875, 0.005588531494140625, 0.278564453125, 2.517578125, 5.7578125, 6.53515625, 2.19921875, 2.44140625, 5.30078125, 3.720703125, 5.70703125, 1.1015625, 0.7890625, 3.7265625, 4.59375, 5.55078125, 1.5224609375, 0.0004334449768066406, 7.2421875, 6.328125, 0.810546875, 0.093017578125, 2.34765625, 0.4921875, 3.5859375, 0.044342041015625, 2.861328125, 5.08203125, 4.33203125, 6.76171875, 0.0256500244140625, 2.76953125, 1.8916015625, 0.015716552734375, 4.83984375, 1.5166015625, 1.7451171875, 5.82421875, 4.40234375, 1.44921875, 8.1484375, 1.876953125, 3.291015625, 6.35385513305664e-05, 0.2000732421875, 0.07904052734375, 7.03515625, 3.75390625, 0.509765625, -0.0, 0.026947021484375, 0.0802001953125, 4.45703125, 3.59375, 6.32421875, 1.4424324035644531e-05, 6.0625, 0.399169921875, 0.00047206878662109375, 1.1920928955078125e-07, 0.09625244140625, 3.39453125, 0.373291015625, 4.234375, 3.001953125, 4.1171875, 5.15625, 6.40234375, 3.18359375, 2.9802322387695312e-06, 0.214111328125, 0.4697265625, 0.00063323974609375, -0.0, 0.068359375, 0.94873046875, 0.0006937980651855469, 1.7881393432617188e-06, 0.00908660888671875, 1.45703125, 0.0008263587951660156, 1.1920928955078125e-07, 0.06201171875, 0.80712890625, 4.54296875, 5.93359375, 4.1328125, 2.029296875, 0.537109375, 0.13134765625, 2.130859375, 0.7666015625, 4.2890625, 5.47265625, 0.69384765625, 0.134765625, 0.0033016204833984375, 0.2086181640625, 0.537109375, 2.240234375, 3.37890625, 0.03680419921875, 7.0078125, 3.47265625, 2.59765625, 1.34375, 2.818359375, 0.235107421875, 2.25, 0.6884765625, 0.09686279296875, 0.0015630722045898438, 0.08624267578125, 9.8671875, 1.55859375, 9.28125, 1.9755859375, 2.712890625, 1.369140625, 1.7216796875, 1.704692840576172e-05, 0.59765625, 0.7568359375, 10.2109375, 3.501953125, 0.72265625, 7.05859375, 3.701171875, 5.94921875]",-0.6467133617099328
433,1,test,3.759109298713872,1.7183656922479025,2.351319344990931,5.8289985961069535,2.6645543962071905,3.6460331615365704,42.91018879199024,35.21385867959318,38.82327564332895,66.53795097492157,54.60376820569829,60.20064894060502,3.7621467646641946,1.6979507794796183,2.314361104562102,5.7879180994833765,2.6122319684301822,3.560555545480157,43.04072517892023,35.16176462959671,38.787040204354724,66.2165002752619,54.09502250707185,59.67236954516111,3.7917811196358477,1.7364458656102424,2.3828841158526552,5.879660596903689,2.6925901080665153,3.6949785340753207,44.33529646044109,36.52584087520632,40.24385638902962,68.74776982789916,56.63817097737689,62.40344819817884,0.7839195979899498,0.00891959798994979,0.003919597989949786,0.6180904522613065,0.008090452261306558,-0.01190954773869346,0.5276381909547738,-0.007361809045226098,-0.017361809045226106,0.4508196721311475,0.12566629789801864,0.18651449501943085,0.4444444444444444,0.4623115577889447,0.14150955277641342,0.19353025561866088,0.4545454545454546,0.4508196721311475,0.11748633879781412,0.1851520971992674,0.4444444444444444,13.0,0.0,0.0,28.0,1.0,0.0,35.0,2.0,2.0,3.6479943697964914e-05,-0.00022262769143216934,1.6380977817726273e-05,-3.136820234672655e-06,-7.934534252473924e-05,-9.790377231322367e-05,"[10.109375, 1.728515625, 5.58984375, 1.1728515625, 0.1522216796875, 7.176399230957031e-05, 5.26171875, 0.002033233642578125, 0.019439697265625, 5.01953125, 7.51171875, 3.150390625, 0.80859375, 0.0108184814453125, 5.96484375, 9.796875, 3.205078125, 6.9609375, 0.263427734375, 0.84765625, 7.734375, 0.32470703125, 7.53125, 8.234375, 5.37109375, 2.3125, 1.392578125, 4.046875, 1.86328125, 2.27734375, 8.234375, 0.01122283935546875, 0.075439453125, 2.529296875, 7.42578125, 7.51171875, 0.203369140625, 6.671875, 2.21875, 2.404296875, 4.3515625, 7.85546875, 2.67578125, 2.6171875, 1.2412109375, 12.453125, 0.006534576416015625, 6.00390625, 0.3896484375, 0.27734375, 18.28125, 5.25, 1.783203125, 10.4921875, 8.4609375, 0.48828125, 0.8408203125, 2.32421875, 0.57080078125, 10.6875, 1.8642578125, 2.265625, 5.60546875, 9.1796875, 6.9921875, 6.453125, 5.1640625, 3.09765625, 0.0024471282958984375, 6.87109375, 6.96484375, 2.126953125, 1.5361328125, 5.1015625, 4.8046875, 0.61865234375, 5.546875, 0.85888671875, 7.609375, 0.094970703125, 0.041229248046875, 8.3671875, 1.4990234375, 1.8720703125, 3.529296875, 2.119140625, 5.92578125, 0.035614013671875, 3.77734375, 6.00390625, 1.39453125, 2.681640625, 0.1324462890625, 1.89453125, 4.4765625, 0.05389404296875, 3.517578125, 1.2666015625, 1.91015625, 7.08984375, 8.2890625, 1.7421875, 1.6376953125, 3.86328125, 9.0625, 1.341796875, 0.466796875, 4.28515625, 1.4736328125, 3.37890625, 0.002605438232421875, 6.4296875, 1.068359375, 0.2626953125, 4.1171875, 3.625, 4.76171875, 0.0223236083984375, 7.12109375, 6.078125, 7.1640625, 1.962890625, 6.12109375, 0.1602783203125, 0.035308837890625, 3.796875, 3.921875, 4.28125, 5.203125, 0.01129150390625, 0.1580810546875, 4.6796875, 7.2890625, 6.234375, 8.3515625, 0.1795654296875, 1.439453125, 7.265625, 9.1015625, 0.09912109375, 4.46875, 6.12109375, 4.11328125, 1.384765625, 4.640625, 1.8212890625, 3.205078125, 5.41796875, 3.599609375, 4.5625, 5.01953125, 9.2890625, 0.421142578125, 8.171875, 2.947265625, 1.33984375, 2.787109375, 3.166015625, 0.01235198974609375, 4.74609375, 2.03125, 3.70703125, 1.8935546875, 1.607421875, 1.8955078125, 1.5302734375, 1.580078125, 6.4375, 6.46875, 1.0849609375, 5.23828125, 2.12890625, 0.267822265625, 5.8046875, 2.958984375, 4.96875, 6.50390625, 0.0106658935546875, 7.23046875, 0.05859375, 3.75390625, 4.82421875, 1.6904296875, 0.477294921875, 0.006359100341796875, 4.64453125, 3.658203125, 8.7734375, 8.421875, 5.75390625, 2.83984375, 7.1328125, 4.4921875, 0.007778167724609375, 5.91796875, 3.873046875, 3.21484375, 1.40234375, 1.05859375, 1.765625, 0.56884765625, 8.2421875, 3.783203125, 3.501953125, 0.442626953125, 4.6953125, 2.3046875, 4.18359375, 8.3515625, 0.10107421875, 0.74560546875, 1.6279296875, 2.283203125, 1.8251953125, 3.666015625, 7.37109375, 2.990234375, 9.390625, 0.0849609375, 4.69921875, 7.02734375, 1.2607421875, 2.66015625, 3.072265625, 2.482421875, 7.9921875, 8.234375, 1.2080078125, 2.296875, 0.0254669189453125, 6.3984375, 6.625, 2.595703125, 4.296875, 5.08984375, 12.328125, 2.6640625, 3.4609375, 0.05621337890625, 3.81640625, 1.25390625, 5.51953125, 6.61328125, 5.19921875]",-1.025771816245845
432,1,test,2.5075509944403103,1.091847223870327,1.4729232306837512,4.603810555930093,2.0046083951481664,2.70425587855694,12.27483208847409,8.155447540801656,9.460773542413952,22.536331929632325,14.973229082847487,17.369779995860537,2.5857864486512225,1.009849533663323,1.4502314998077186,4.008971238218949,1.5656581917260821,2.248420929934447,13.27372408854106,8.438454355307876,10.160823524316438,20.57941719153653,13.082874969469577,15.753214766382076,2.3870436319938073,0.9915820740935795,1.3907112349634585,4.262577914274655,1.7706822751671059,2.483412919577604,10.881277284327295,6.844439907440935,8.172946774476959,19.430852293441596,12.222214120430241,14.594547811565999,0.6381909547738693,0.0031909547738693256,0.01819095477386934,0.40201005025125625,-0.007989949748743785,-0.007989949748743785,0.3417085427135679,0.0017085427135679065,-0.008291457286432102,0.3670520231213873,0.09682080924855496,0.1344029517626385,0.3623188405797102,0.3668341708542714,0.07537688442211055,0.10552763819095479,0.36868686868686873,0.3411371237458194,0.07023411371237454,0.11817168338907469,0.3422818791946308,16.0,6.0,6.0,27.0,11.0,11.0,33.0,10.0,9.0,-0.00022251230899444406,-0.00017187431459059007,-0.00010482415599545888,-0.06851113180362756,-0.06366412271279653,-0.07169675565872247,"[7.05859375, 1.3818359375, 0.337890625, 0.05712890625, 0.8857421875, 0.1341552734375, 0.1402587890625, 4.0531158447265625e-06, 1.1328125, 0.0028858184814453125, 0.0234375, 6.41796875, 1.095703125, 9.2421875, 4.19140625, 3.314453125, 8.125, 1.4697265625, 1.447265625, 0.083984375, 1.72265625, 9.2890625, 0.45068359375, 1.236328125, 7.7734375, 0.70166015625, 0.1456298828125, 0.0673828125, 0.0008959770202636719, 1.5712890625, 1.484375, 8.1015625, 1.75, 1.466796875, 7.9609375, 0.1483154296875, 0.0545654296875, 6.80859375, 2.59765625, 6.16796875, 1.9033203125, 6.1484375, 3.033203125, 1.390625, 0.89306640625, 4.8203125, 0.00563812255859375, 0.02581787109375, 0.0201416015625, 0.90087890625, 0.72021484375, 4.046875, 2.84375, 1.1220703125, 0.3515625, 0.294921875, 1.4638671875, 5.01171875, 0.33203125, 0.39208984375, 0.1617431640625, 0.0217742919921875, 1.3525390625, 1.6181640625, 0.7158203125, 0.2430419921875, 8.03125, 0.372314453125, 0.0020809173583984375, 1.5595703125, 3.005859375, 1.4482421875, 1.66796875, 5.80859375, 0.015655517578125, 0.0188751220703125, 0.025665283203125, 1.5712890625, 3.55859375, 0.58740234375, 3.673828125, 6.31640625, 3.333984375, 0.73779296875, 1.986328125, 0.763671875, 2.751953125, 6.84765625, 2.607421875, 0.11810302734375, 0.41455078125, 5.609375, 0.87548828125, 3.408203125, 4.29296875, 14.265625, 1.3427734375, 5.24609375, 5.4921875, 1.1982421875, 1.787109375, 4.2109375, 1.572265625, 0.159423828125, 0.47412109375, 0.0011529922485351562, 1.0966796875, 0.267333984375, 0.02081298828125, 0.057769775390625, 0.0031890869140625, 0.0521240234375, 0.0001226663589477539, 0.007801055908203125, 6.67572021484375e-05, 2.3365020751953125e-05, 0.0079345703125, 0.0009331703186035156, 2.5153160095214844e-05, 0.233642578125, 4.83984375, 0.06878662109375, 0.0239105224609375, 0.0187530517578125, 0.00115966796875, 0.56201171875, 1.279296875, 3.0859375, 3.796875, 0.1605224609375, 7.74609375, 0.0293121337890625, 7.0390625, 4.46875, 7.7734375, 1.6845703125, 4.72265625, 1.7060546875, 7.17578125, 3.03125, 0.01342010498046875, 3.1953125, 8.578125, 1.0439453125, 4.9296875, 1.7353515625, 1.7822265625, 1.8720703125, 9.4375, 1.6953125, 3.13671875, 2.3203125, 10.7421875, 4.3984375, 3.7109375, 6.421875, 1.9560546875, 1.33984375, 8.2734375, 4.296875, 1.28125, 0.4716796875, 5.03515625, 4.578125, 12.890625, 3.345703125, 4.29296875, 3.7421875, 0.88720703125, 1.03515625, 7.12109375, 2.52734375, 7.3125, 1.439453125, 0.044189453125, 7.07421875, 1.7099609375, 4.7890625, 1.6015625, 6.484375, 2.58203125, 0.5341796875, 3.96484375, 2.189453125, 6.0703125, 1.390625, 5.93359375, 0.302490234375, 0.09033203125, 2.505859375, 3.048828125, 0.50732421875, 1.1435546875, 0.39990234375, 1.68359375, 3.638671875, 0.2083740234375, 0.0308685302734375, 0.7080078125, 0.036163330078125, 0.0215606689453125, 0.0026035308837890625, -0.0, 9.5367431640625e-07, 4.398822784423828e-05, 1.1920928955078125e-06, 4.887580871582031e-06, 5.0078125, 0.8515625, 1.6796875, 6.4453125, 0.556640625, 0.021148681640625, 0.310791015625, 0.421875, 0.470458984375, 0.1865234375, 0.0246124267578125, 0.475830078125, 0.07208251953125, 0.041229248046875, 0.358154296875, 0.026275634765625, 6.532669067382812e-05, 0.020660400390625, 6.330013275146484e-05, -0.0, -0.0, 1.3709068298339844e-05, 1.3113021850585938e-06, 2.9802322387695312e-06, 3.052734375, 0.48681640625, 4.09765625, 6.765625, 7.4765625, 0.1640625, 1.1640625, 8.9140625, 2.42578125, 2.8828125, 11.0234375, 8.2109375, 0.2109375, 2.18359375, 5.51171875, 2.380859375, 1.7626953125, 0.69775390625, 10.2265625, 1.453125, 6.51171875, 2.240234375, 0.07525634765625, 6.0390625, 1.5517578125, 0.01751708984375, 0.45703125, 0.05938720703125, 0.000255584716796875, 0.0838623046875, 0.00018322467803955078, -0.0, -0.0, 7.62939453125e-06, 5.960464477539062e-07, 2.09808349609375e-05, 0.33251953125, 2.25, 9.5625, 1.4453125, 0.513671875, 5.6484375, 0.004940032958984375, 0.01152801513671875, 0.0060882568359375, 0.0014667510986328125, 4.1953125, 0.003055572509765625, 0.00940704345703125, 0.0180206298828125, 1.392578125, 0.70361328125, 0.98681640625, 3.505859375, 1.4775390625, 2.73046875, 1.0185546875, 4.109375, 3.537109375, 2.763671875, 4.1953125, 0.728515625, 8.0703125, 9.203125, 5.296875, 9.0078125, 7.015625, 0.06683349609375, 0.01056671142578125, 1.162109375, 4.0703125, 1.630859375, 5.6015625, 9.6484375, 2.091796875, 7.234375, 6.0390625, 7.37109375, 11.3671875, 7.2109375, 2.814453125, 2.447265625, 1.5625, 0.0278472900390625, 0.38916015625, 0.022918701171875, 0.00046515464782714844, 0.0014753341674804688, 4.744529724121094e-05, -0.0, -0.0, 1.0728836059570312e-05, 2.1457672119140625e-06, 1.823902130126953e-05, 4.01953125, 0.36767578125, 5.28515625, 0.08935546875, 7.53515625, 2.62109375, 3.193359375, 2.982421875, 8.3203125, 5.58984375, 9.9296875, 6.76171875, 1.78515625, 4.54296875, 1.345703125, 1.041015625, 2.568359375, 5.546875, 3.46484375, 1.193359375, 4.27734375]",-0.8957106670892307
56,1,test,2.7391913298665402,1.2278647339673192,1.7093935414388828,5.0766345980193215,2.2756426402860983,3.1680760301333963,15.474466296507174,10.941726374723643,12.673966812471505,28.679344202859962,20.27866621448782,23.489085159113856,3.025628698531108,1.3154888983972473,1.8434742269633522,5.501143088238377,2.391797997085904,3.3517713217515492,20.606956202572785,15.077221721362356,17.345562984572947,37.46719309558688,27.41313040247701,31.537387244678083,2.7391913298665402,1.2278647339673192,1.7093935414388828,5.0766345980193215,2.2756426402860983,3.1680760301333963,15.474466296507174,10.941726374723643,12.673966812471505,28.679344202859962,20.27866621448782,23.489085159113856,0.6482412060301508,0.0032412060301507672,-0.021758793969849144,0.49246231155778897,-0.012537688442211037,-0.022537688442211046,0.37688442211055273,-0.003115577889447274,0.0018844221105527303,0.38267148014440433,0.08357238104530518,0.14977832288149917,0.37318840579710144,0.3668341708542714,0.06357602549086283,0.12476405399283563,0.398989898989899,0.38267148014440433,0.08357238104530518,0.14977832288149917,0.37318840579710144,24.0,0.0,0.0,34.0,-1.0,0.0,40.0,-1.0,0.0,0.0001486633373626275,0.00010493311284254311,-0.00013796738608173344,-0.021383487740925133,-0.02138250648818385,-0.021373708621895915,"[2.12109375, 9.0390625, 0.7978515625, 0.0180816650390625, 0.177490234375, 0.380615234375, 1.1920928955078125e-06, 0.0160980224609375, 0.0004582405090332031, 4.0531158447265625e-06, 8.9453125, 7.72265625, 3.80078125, 1.607421875, 0.93994140625, 0.07452392578125, 0.865234375, 3.06640625, 7.625, 0.11053466796875, 0.84423828125, 0.83056640625, 4.4296875, 6.578125, 0.305419921875, 2.923828125, 2.13671875, 1.697265625, 2.05078125, 0.040924072265625, 4.76953125, 10.0390625, 0.86572265625, 6.109375, 1.2958984375, 0.36376953125, 6.66796875, 5.3515625, 1.31640625, 3.970703125, 0.38232421875, 3.419921875, 2.6015625, 2.353515625, 2.484375, 0.9482421875, 0.61376953125, 6.19140625, 5.6171875, 4.609375, 5.203125, 0.002582550048828125, 1.314453125, 6.53515625, 1.0830078125, 0.0199737548828125, 0.0633544921875, 0.007343292236328125, 1.029296875, 1.87890625, 0.06683349609375, 1.5869140625, 3.58203125, 0.2349853515625, 1.0132789611816406e-05, 0.065673828125, 0.0006418228149414062, 0.130859375, 0.5244140625, 0.62060546875, 0.354248046875, 0.76708984375, 6.40234375, 0.00034689903259277344, 3.259765625, 3.947265625, 3.4921875, 0.1942138671875, 1.45703125, 2.85546875, 0.91943359375, 0.385009765625, 2.2109375, 0.08660888671875, 0.437255859375, 3.564453125, 0.65576171875, 0.0245361328125, 6.53125, 0.919921875, 1.8701171875, 6.890625, 0.1441650390625, 9.5078125, 0.73291015625, 10.3828125, 6.31640625, 8.5703125, 5.71484375, 1.0791015625, 2.841796875, 4.0859375, 4.37109375, 4.578125, 1.4609375, 7.40234375, 2.693359375, 1.8583984375, 8.03125, 0.66845703125, 2.73046875, 1.912109375, 0.047821044921875, 2.537109375, 3.7734375, 0.06976318359375, 9.546875, 1.197265625, 5.44140625, 5.12109375, 0.94287109375, 9.8828125, 3.80859375, 1.4765625, 0.00011038780212402344, 0.152099609375, 0.50537109375, 2.904296875, 7.63671875, 7.60546875, 0.166015625, 2.470703125, 0.01010894775390625, 0.0438232421875, 0.630859375, 8.765625, 4.27734375, 12.0078125, 7.578125, 1.8583984375, 6.78515625, 8.9375, 0.5322265625, 1.6767578125, 8.90625, 3.46875, 3.958984375, 4.125, 0.97998046875, 1.03515625, 6.2734375, 1.291015625, 2.912109375, 3.048828125, 1.3564453125, 9.0703125, 0.16064453125, 1.56640625, 2.498046875, 1.1064453125, 1.5654296875, 0.288818359375, 5.25, 2.125, 0.0177764892578125, 0.1077880859375, 2.650390625, 1.7998046875, 9.671875, 9.6875, 2.296875, 1.0673828125, 6.671875, 4.67578125, 6.5625, 2.60546875, 0.435302734375, 0.96435546875, 6.41015625, 4.52734375, 0.234130859375, 4.96875, 6.4296875, 2.01171875, 6.20703125, 0.01335906982421875, 0.1649169921875, 2.904296875, 2.626953125, 1.6923828125, 10.203125, 0.7548828125, 3.015625, 2.126953125, 2.970703125, 4.15625, 8.8984375, 5.6484375, 0.06939697265625, 2.236328125, 2.791015625, 1.859375, 0.25048828125, 0.97412109375, 0.93115234375, 0.0004596710205078125, 1.8359375, 0.0195159912109375, 1.2138671875, 2.388671875, 0.02313232421875, 0.00020503997802734375, 0.019378662109375, 0.0013761520385742188, 5.960464477539062e-07, 0.09503173828125, 0.0025081634521484375, 9.131431579589844e-05, 1.140625, 5.56640625, 0.10113525390625, 0.02716064453125, 0.0240478515625, 0.00013566017150878906, 5.24609375, 1.6142578125, 1.7587890625, 1.5205078125, 0.86767578125, 0.005359649658203125, 3.3515625, 1.8740234375, 9.75, 2.77734375, 0.2139892578125, 0.381103515625, 2.341796875, 2.669921875, 0.2181396484375, 0.81884765625, 0.619140625, 0.9013671875, 3.736328125, 3.919921875, 0.09991455078125, 3.611328125, 0.72119140625, 1.208984375, 0.1712646484375, 0.818359375, 8.3203125, 1.171875, 3.6953125, 0.0794677734375, 3.19921875, 0.576171875, 5.24609375, 8.203125, 0.0360107421875, 0.43212890625, 1.412109375, 3.14453125, 1.4501953125, 2.916015625, 3.3125, 2.900390625, 2.380859375, 1.560546875, 0.005649566650390625, 5.75390625, 2.453125, 6.75390625, 9.1015625, 1.3603515625, 4.0078125, 3.583984375, 2.9765625]",-1.098932468503821
38,1,test,3.7104457067231,1.6033794903188356,2.226657906551367,5.780483837842303,2.497896469128291,3.4688986333642355,40.872019401722426,32.64794121009619,36.46240256683148,63.67430391005178,50.862055779939325,56.804585051484835,3.3213114966100186,1.2041655674885852,1.7460904705269529,4.884281612661792,1.7708317168949783,2.567780103716107,27.696650813133502,19.389257083033716,22.864841357119403,40.73036884284338,28.51361335740252,33.62476670164618,3.683998257022793,1.571167195357818,2.2056325450289878,5.739281495151299,2.4477131043469162,3.4361433333083173,39.80522786366823,31.533602213665638,35.419455657828884,62.01235498760945,49.126032922342254,55.17978355114394,0.6884422110552764,0.003442211055276312,-0.01155778894472359,0.5477386934673367,-0.002261306532663321,-0.002261306532663321,0.4773869346733668,-0.007613065326633195,-0.0126130653266332,0.4542372881355933,0.12767214431156615,0.19155408633176008,0.5,0.4371859296482412,0.1013463306507475,0.15171013665992739,0.45959595959595956,0.45084745762711864,0.12089821904843845,0.19041904725507808,0.4965986394557823,23.0,12.0,10.0,32.0,10.0,8.0,42.0,13.0,12.0,-0.001004394098754847,-0.00021242956626803773,-0.00037690250168387183,-0.00035656283511986686,0.00011913993074319507,-2.6287545484393604e-05,"[2.892578125, 2.212890625, 0.25, 0.0423583984375, 3.719329833984375e-05, 0.7880859375, 0.01218414306640625, 0.01407623291015625, 4.58203125, 3.5234375, 8.3203125, 3.978515625, 0.0462646484375, 1.1044921875, 4.8984375, 0.09625244140625, 7.2109375, 2.5, 1.3701171875, 5.8671875, 0.0204010009765625, 3.80078125, 7.45703125, 3.421875, 1.40625, 4.94921875, 0.72021484375, 6.57421875, 5.59375, 3.27734375, 0.8642578125, 3.4140625, 3.736328125, 0.1806640625, 1.111328125, 2.408203125, 1.4140625, 2.1171875, 0.9248046875, 5.60546875, 6.12890625, 4.50390625, 0.1259765625, 3.833984375, 0.03466796875, 1.208984375, 3.529296875, 7.140625, 4.48046875, 4.66796875, 6.4375, 1.5146484375, 0.86474609375, 4.0703125, 7.1015625, 4.625, 4.38671875, 1.6240234375, 0.70361328125, 0.0121002197265625, 0.96875, 0.70263671875, 6.90234375, 0.1790771484375, 0.069091796875, 9.5546875, 7.6640625, 6.66015625, 7.88671875, 3.75390625, 1.7197265625, 0.00913238525390625, 0.20751953125, 3.052734375, 0.00010752677917480469, 1.0517578125, 0.9541015625, 6.3359375, 13.109375, 4.51953125, 5.43359375, 4.484375, 7.25390625, 2.841796875, 0.0208740234375, 6.26953125, 0.1470947265625, 1.4423828125, 6.25390625, 10.671875, 2.857421875, 3.134765625, 4.046875, 1.107421875, 8.5546875, 7.30859375, 5.96875, 0.3935546875, 4.203125, 8.84375, 3.125, 3.748046875, 3.001953125, 8.0234375, 0.75537109375, 8.296875, 4.03515625, 6.1875, 4.515625, 0.005390167236328125, 8.4453125, 0.3388671875, 6.5625, 7.48046875, 0.5576171875, 0.003658294677734375, 0.53076171875, 4.22265625, 0.9677734375, 6.015625, 3.501953125, 0.1475830078125, 4.28515625, 9.1875, 1.1796875, 1.107421875, 3.25390625, 9.4609375, 0.06573486328125, 0.0004336833953857422, 0.38916015625, 0.466796875, 3.697265625, 6.51953125, 1.130859375, 0.82080078125, 8.9453125, 8.2421875, 3.5859375, 3.263671875, 2.63671875, 1.380859375, 6.14453125, 2.82421875, 0.0013885498046875, 0.199951171875, 2.18359375, 4.398822784423828e-05, 1.1201171875, 1.6474609375, 1.51171875, 9.7890625, 0.01282501220703125, 0.16455078125, 8.203125, 0.0277862548828125, 0.032135009765625, 3.494140625, 0.034454345703125, 1.05859375, 0.8427734375, 8.546875, 1.22265625, 0.0009746551513671875, 0.2020263671875, 2.529296875, 6.794929504394531e-06, 2.1484375, 0.079833984375, 1.00390625, 0.00013434886932373047, 5.6796875, 1.65625, 1.5380859375, 6.73828125, 4.2421875, 9.9375, 0.299560546875, 5.453125, 6.953125, 2.185546875, 3.71484375, 1.0, 6.93359375, 4.63671875, 0.07025146484375, 0.55419921875, 1.5791015625, 10.34375, 9.78125, 6.69921875, 4.21875, 0.1500244140625, 1.583984375, 7.10546875, 1.7216796875, 5.72265625, 0.0012826919555664062, 0.0084991455078125, 0.05096435546875, 11.28125, 1.279296875, 7.8828125, 6.78125, 8.5625, 1.8154296875, 7.234375, 1.203125, 5.8125, 6.59765625, 0.08026123046875, 1.603515625, 4.0234375, 0.05023193359375, 2.123046875, 7.67578125, 6.10546875, 5.03515625, 3.134765625, 10.9921875, 1.69921875, 1.224609375, 4.3515625, 7.83203125, 3.623046875, 2.173828125, 9.75, 8.171875, 5.80078125, 0.1865234375, 9.953125, 3.6171875, 9.9765625, 2.892578125, 5.02734375, 1.0712890625, 4.25390625, 5.8359375, 0.08624267578125, 7.07421875, 1.1923828125, 3.1015625, 0.463623046875, 0.060455322265625, 5.8203125, 0.060272216796875, 11.1171875, 3.306640625, 3.09765625, 1.3701171875, 7.7890625, 4.984375, 5.6640625, 0.2135009765625, 7.921875, 0.1829833984375, 16.78125, 11.8203125, 5.96875, 1.0556640625, 4.1171875, 1.7236328125, 4.94140625, 4.140625, 5.95703125, 5.17578125, 6.49609375, 3.3828125, 3.390625, 0.0106964111328125, 0.0027942657470703125, 0.02178955078125, 7.42578125, 6.0859375, 3.5625, 6.99609375, 0.020538330078125, 3.888671875, 3.908203125, 4.7890625, 7.31640625, 1.4345703125, 7.3828125, 3.15234375, 5.51171875, 0.06829833984375, 8.3984375, 1.8642578125, 13.109375, 0.91845703125, 7.08984375, 6.65625, 5.0625, 5.15625, 1.6572265625]",-0.44032066595756403
15,1,test,3.0532528370888934,1.3740961215749994,1.8849464975230603,5.171836438334248,2.327550573280101,3.1928685570288575,21.18414102943916,15.823107841162638,17.96760073384963,35.88334092741735,26.802407159520385,30.434915528765693,3.1974276046657084,1.395078230556665,1.950067460351444,4.503419161500998,1.9648989162769932,2.746573887818936,24.469503929884684,18.405626871575354,20.98836282300163,34.46409004209111,25.923418128979375,29.56107439859385,3.036728038436992,1.3601513524121271,1.863104946652312,4.897948449091922,2.1937925038905277,3.005007978471471,20.836953863785205,15.489734471562826,17.60326647741822,33.60799010287936,24.983442696069076,28.39236528615842,0.6432160804020101,-0.0067839195979899625,-0.001783919597989958,0.5125628140703518,-0.00743718592964826,-0.00743718592964826,0.42211055276381915,-0.0028894472361808976,0.002110552763819107,0.3867069486404834,0.09862248408543062,0.14047579286158896,0.3909090909090909,0.4170854271356784,0.11633354743643032,0.16833751394703067,0.4292929292929293,0.3913043478260869,0.1041591057559701,0.14658799632441843,0.3926174496644296,26.0,0.0,0.0,36.0,1.0,-2.0,45.0,0.0,-1.0,2.3402976982593517e-05,-0.0001971846043931973,-1.3566777900502853e-05,-0.013923685597521107,-0.011811302530348122,-0.013938436869842974,"[2.111328125, 9.03125, 0.796875, 0.0307769775390625, 5.1796875, 0.1051025390625, 2.5033950805664062e-06, 0.027618408203125, 0.0010509490966796875, 4.5299530029296875e-06, 1.4501953125, 7.86328125, 4.75390625, 0.025299072265625, 7.91796875, 4.96875, 0.72900390625, 3.8046875, 0.58837890625, 3.482421875, 8.6640625, 0.0019741058349609375, 0.007305145263671875, 0.76025390625, 0.01142120361328125, 1.1796875, 1.8349609375, 7.15234375, 0.0194549560546875, 3.8125, 5.4765625, 2.205078125, 0.453369140625, 2.884765625, 10.5078125, 7.51953125, 0.003326416015625, 0.0853271484375, 0.34521484375, 0.0035076141357421875, 2.13671875, 8.359375, 0.9287109375, 11.6875, 2.82421875, 0.0186767578125, 0.004756927490234375, 3.466796875, 0.1268310546875, 6.77734375, 1.0244140625, 8.6640625, 2.62890625, 1.009765625, 3.09375, 0.53857421875, 4.3515625, 0.0196990966796875, 0.7001953125, 3.06640625, 10.9921875, 3.333984375, 0.481689453125, 1.7802734375, 2.634765625, 5.6328125, 0.330078125, 1.53125, 7.19140625, 0.75439453125, 0.87353515625, 8.5703125, 5.31640625, 4.25390625, 2.109375, 3.326171875, 4.71484375, 1.4453125, 1.4424324035644531e-05, 4.4609375, 0.55419921875, 3.65625, 7.484375, 3.775390625, 0.101806640625, 6.15234375, 3.072265625, 0.00042629241943359375, 0.029571533203125, 0.030853271484375, 2.580078125, 1.888671875, 3.423828125, 2.646484375, 3.921875, 2.13671875, 1.6826171875, 6.96875, 1.642578125, 0.32958984375, 0.1300048828125, 0.37158203125, 5.94921875, 3.279296875, 7.20703125, 8.6796875, 0.424560546875, 4.734375, 2.11328125, 6.6796875, 0.01043701171875, 1.00390625, 8.046875, 7.140625, 8.2578125, 7.6171875, 11.5078125, 5.62109375, 0.55078125, 0.93359375, 0.44677734375, 0.6201171875, 3.504753112792969e-05, 5.12109375, 0.1688232421875, 2.244140625, 1.904296875, 8.5859375, 6.8359375, 0.040496826171875, 7.96484375, 1.2919921875, 0.1256103515625, 0.7236328125, 8.546875, 1.6572265625, 6.3046875, 2.85546875, 0.90283203125, 0.140625, 3.92578125, 7.421875, 7.58984375, 0.287353515625, 6.62890625, 1.6025390625, 6.73828125, 6.10546875, 0.86767578125, 1.6533203125, 0.78955078125, 0.052490234375, 1.3759765625, 0.09332275390625, 0.060302734375, 0.02703857421875, 0.1280517578125, 0.0008225440979003906, -0.0, 1.1920928955078125e-07, 0.0002532005310058594, 3.0279159545898438e-05, 1.3113021850585938e-06, 1.3671875, 2.873046875, 10.3203125, 0.061126708984375, 1.7900390625, 3.994140625, 5.6640625, 2.19140625, 0.6025390625, 4.82421875, 9.1015625, 0.76904296875, 1.30078125, 8.796875, 1.8896484375, 1.2392578125, 2.4375, 5.70703125, 7.3671875, 3.5703125, 1.1435546875, 8.484375, 9.5390625, 4.359375, 2.19140625, 7.12109375, 3.57421875, 2.236328125, 0.57275390625, 5.6171875, 11.421875, 6.11328125, 2.603515625, 4.0234375, 5.10546875, 1.05859375, 7.3359375, 1.3193359375, 2.541015625, 8.8125, 0.0016937255859375, 0.0300140380859375, 0.445556640625, 0.04193115234375, 1.2158203125, 4.76837158203125e-07, 3.49609375, 1.4736328125, 0.0231475830078125, 9.298324584960938e-06, 3.38671875, 1.3720703125, 0.021209716796875, 0.00015091896057128906, 0.4189453125, 1.44140625, 0.01439666748046875, 5.2809715270996094e-05, 3.32421875, 1.4130859375, 0.00475311279296875, 2.5033950805664062e-06, 0.470458984375, 1.40234375, 0.01006317138671875, 9.5367431640625e-07, 7.5390625, 0.425537109375, 3.607421875, 8.15625, 2.447265625, 1.8359375, 6.7890625, 0.0189208984375, 10.234375, 8.1953125, 1.6396484375, 1.2802734375, 4.171875, 0.0151824951171875, 2.52734375, 2.30859375, 1.1953125, 3.11328125, 0.0223541259765625, 6.47265625, 8.3984375, 2.748046875, 4.5180320739746094e-05, 2.896484375, 2.04296875, 4.8359375, 5.9140625, 0.7099609375, 5.08203125, 2.9921875, 0.66845703125, 2.689453125, 2.87109375, 2.642578125, 0.8935546875, 6.49609375, 0.82666015625, 10.875, 3.087890625, 1.8388671875, 9.28125, 8.7265625, 3.091796875, 0.46435546875, 0.65771484375, 0.00992584228515625, 6.796875, 0.0633544921875, 1.64453125, 9.265625, 0.0867919921875, 1.3759765625, 8.9609375, 0.861328125, 1.2177734375, 6.9453125, 7.5625, 0.509765625, 8.58306884765625e-06, 4.2109375, 0.90380859375, 0.0018606185913085938, 1.5497207641601562e-06, 3.46875, 1.376953125, 2.365234375, 3.8828125, 0.0640869140625, 1.7197265625, 6.84375, 8.765625, 2.21484375, 1.0234375, 1.3681640625, 11.171875, 0.1822509765625, 11.0234375, 5.19140625, 8.828125, 2.248046875, 3.396484375, 0.79541015625, 0.0008497238159179688, 0.0009164810180664062, 0.436279296875, 9.6015625, 0.004364013671875, 0.00637054443359375, 0.6943359375, 4.65625, 2.1484375, 2.111328125, 2.22265625, 2.9453125, 8.140625, 0.005939483642578125, 3.4921875, 6.4140625, 1.0728836059570312e-06, 3.396484375, 1.44140625, 1.6572265625]",-0.8421453028647199
81,1,test,3.354299462887279,1.5126104330450292,2.063969465456257,5.481883693632924,2.472037622005019,3.373115812117083,28.625543909160946,22.318361620598935,24.99155834535338,46.78231747440017,36.4745795628074,40.84334678154895,3.254341147053781,1.339768326426181,1.8996286721304798,4.857225592617583,1.9996542185465387,2.8352666748216113,25.90254294404966,19.11850276814652,22.026896493176025,38.660511856790535,28.535078758427638,32.87596491518809,3.354299462887279,1.5126104330450292,2.063969465456257,5.481883693632924,2.472037622005019,3.373115812117083,28.625543909160946,22.318361620598935,24.99155834535338,46.78231747440017,36.4745795628074,40.84334678154895,0.6934673366834171,-0.0015326633165829717,-0.006532663316582865,0.6080402010050252,0.013040201005025231,0.013040201005025231,0.4773869346733668,0.002386934673366814,0.017386934673366827,0.4385964912280702,0.10759824254155537,0.17138528936109243,0.47887323943661975,0.44723618090452266,0.1189153788995101,0.17177708240702683,0.48484848484848486,0.4385964912280702,0.10759824254155537,0.17138528936109243,0.47887323943661975,19.0,7.0,6.0,35.0,15.0,15.0,43.0,11.0,12.0,-0.0006470946218116814,-0.0002470965621888075,-9.303199297653682e-05,-0.004962792658078641,-0.005086617987192454,-0.005575509290486558,"[3.783203125, 0.040191650390625, 0.3896484375, 0.0202484130859375, 0.0006041526794433594, 0.7236328125, 0.0200653076171875, 0.01122283935546875, 1.5595703125, 7.55078125, 0.08319091796875, 5.45703125, 8.4375, 3.197265625, 3.265625, 0.31005859375, 0.5439453125, 0.0799560546875, 4.8515625, 4.7890625, 4.49609375, 0.6279296875, 3.673828125, 9.109375, 0.0178985595703125, 0.0007100105285644531, 2.921875, 2.060546875, 7.63671875, 3.125, 0.4970703125, 4.05078125, 0.87744140625, 4.72265625, 0.86474609375, 4.6484375, 5.37109375, 4.6796875, 3.193359375, 0.71240234375, 2.28515625, 6.15234375, 4.9140625, 5.59375, 4.98046875, 0.0086669921875, 5.375, 4.01171875, 2.220703125, 0.365234375, 0.12249755859375, 4.58203125, 1.845703125, 2.83203125, 0.0283203125, 2.8125, 5.734375, 3.310546875, 0.1920166015625, 1.0, 2.580078125, 7.79296875, 1.869140625, 0.83837890625, 5.6015625, 3.314453125, 10.703125, 0.15966796875, 0.8046875, 1.4609375, 4.796875, 0.053558349609375, 2.416015625, 0.77392578125, 0.79248046875, 0.09527587890625, 0.1976318359375, 3.298828125, 5.5078125, 2.39453125, 7.734375, 5.2578125, 2.857421875, 5.92578125, 9.15625, 5.9765625, 2.447265625, 2.345703125, 0.0026416778564453125, 0.194091796875, 5.21875, 7.30078125, 4.62109375, 1.4169921875, 0.0225677490234375, 0.434326171875, 6.3515625, 1.943359375, 3.595703125, 10.9921875, 4.1640625, 0.064208984375, 0.6396484375, 5.7109375, 5.4609375, 1.5693359375, 5.01171875, 5.6328125, 3.48046875, 1.712890625, 2.314453125, 0.04107666015625, 4.6484375, 1.7509765625, 12.2109375, 0.59619140625, 0.38525390625, 0.17041015625, 0.42529296875, 1.3837890625, 0.10382080078125, 0.0269927978515625, 0.1571044921875, 1.1689453125, 0.1728515625, 0.00026488304138183594, 0.3671875, 2.40234375, 1.001953125, 5.71484375, 0.00762176513671875, 1.5517578125, 3.6875, 4.12890625, 1.919921875, 9.1953125, 2.845703125, 6.890625, 5.61328125, 4.95703125, 0.6923828125, 3.61328125, 10.125, 9.6171875, 0.00536346435546875, 0.0005359649658203125, 5.78125, 0.8720703125, 3.40625, 0.873046875, 4.08984375, 5.4609375, 3.8359375, 4.1953125, 10.828125, 0.019378662109375, 1.244140625, 5.30859375, 8.671875, 5.09765625, 1.935546875, 1.853515625, 5.890625, 2.712890625, 4.1328125, 5.36328125, 2.8203125, 0.0197906494140625, 2.30859375, 4.2265625, 1.41796875, 2.673828125, 2.1953125, 1.2177734375, 2.505859375, 4.31640625, 0.0018787384033203125, 0.0034160614013671875, 0.94189453125, 3.1640625, 1.0341796875, 4.625, 1.1416015625, 7.42578125, 8.671875, 5.7734375, 5.31640625, 5.95703125, 2.994140625, 1.2197265625, 7.30078125, 7.59375, 1.9599609375, 6.9453125, 3.4140625, 6.40625, 2.65234375, 4.7421875, 6.4375, 1.3203125, 2.224609375, 4.36328125, 4.93359375, 0.29736328125, 0.0190582275390625, 2.990234375, 5.1640625, 2.71484375, 7.609375, 0.96875, 2.650390625, 6.125, 0.65234375, 9.078125, 6.41796875, 0.04119873046875, 5.35546875, 2.82421875, 4.44140625, 0.406005859375, 4.1484375, 5.161762237548828e-05, 0.3564453125, 4.140625, 2.08984375, 0.1807861328125, 0.0008335113525390625, 0.0015888214111328125, 0.05682373046875, 11.484375, 1.8515625, 7.03125, 4.44921875, 0.75341796875, 3.484375, 1.5595703125, 7.08984375, 1.53125, 2.72265625, 8.7109375, 5.859375, 4.87109375, 2.27734375, 3.318359375, 8.71875, 0.0008769035339355469, 0.01178741455078125, 10.796875, 0.08740234375, 5.44140625, 4.125, 2.1484375, 5.49609375, 4.41015625, 6.1171875, 4.296875, 1.76953125, 12.296875, 3.052734375, 5.41015625, 2.7890625, 3.84375, 4.76953125, 12.8046875, 10.484375, 2.828125, 5.58203125, 6.0078125, 1.7412109375, 1.103515625, 2.73046875, 0.284423828125, 3.05078125, 3.826171875, 1.8115234375, 5.6328125, 3.779296875, 2.142578125, 5.640625, 2.501953125, 5.765625, 1.3974609375, 0.837890625, 0.366455078125, 1.1494140625]",-0.9128385414156996
372,1,test,3.647714664845942,1.6660895624494563,2.317558901901039,5.852377374368214,2.6730667705233033,3.718281315137931,38.38683893758723,31.132316184371742,34.6052065576952,61.587675658106974,49.948551240860155,55.52044129036811,3.8038481312181482,1.680978035826528,2.3678093469458634,5.720072377771651,2.527786520039892,3.560615559317088,44.87353191190034,36.51844891839683,40.669522111282056,67.47899535624111,54.914960779544096,61.157176107191056,3.647714664845942,1.6660895624494563,2.317558901901039,5.852377374368214,2.6730667705233033,3.718281315137931,38.38683893758723,31.132316184371742,34.6052065576952,61.587675658106974,49.948551240860155,55.52044129036811,0.7688442211055276,0.013844221105527632,-0.0011557788944723812,0.6030150753768844,-0.006984924623115618,-0.0019849246231156137,0.5527638190954773,-0.0022361809045226,0.0027638190954772934,0.4467353951890034,0.13455700753891764,0.19644968090328907,0.4172413793103448,0.4623115577889447,0.13399075578393216,0.19519970470046388,0.4292929292929293,0.4467353951890034,0.13455700753891764,0.19644968090328907,0.4172413793103448,22.0,2.0,1.0,36.0,2.0,3.0,41.0,-1.0,-1.0,0.0005404300913864334,0.0001723764047777444,-2.3592045383026622e-05,-0.00032884314767755995,0.00013463403094249315,-1.2269317609892028e-05,"[10.8203125, 3.87109375, 9.3515625, 2.99609375, 6.53515625, 0.83642578125, 6.66796875, 0.9462890625, 6.2578125, 0.5927734375, 1.7060546875, 3.384765625, 1.73046875, 1.818359375, 5.66015625, 6.50390625, 0.97998046875, 1.453125, 7.76171875, 1.6435546875, 0.5830078125, 4.125, 3.916015625, 9.9921875, 4.9453125, 6.4375, 0.56787109375, 4.2890625, 2.05859375, 3.099609375, 1.771484375, 2.0625, 0.78955078125, 8.671875, 0.19482421875, 6.7734375, 0.1683349609375, 1.0263671875, 5.08203125, 0.8193359375, 8.8515625, 3.359375, 6.2265625, 7.25, 1.7685546875, 2.46484375, 9.234375, 3.759765625, 0.4677734375, 0.93798828125, 3.123046875, 7.625, 0.96142578125, 4.13671875, 3.25, 0.78173828125, 6.34375, 2.912109375, 0.359619140625, 1.0478515625, 4.76953125, 13.2265625, 6.9921875, 3.98046875, 5.3125, 10.359375, 2.9375, 2.15625, 2.232421875, 7.5234375, 1.0078125, 7.43359375, 2.35546875, 9.609375, 0.1131591796875, 2.310546875, 6.05078125, 4.23046875, 1.3505859375, 6.296875, 0.841796875, 6.203125, 5.66796875, 1.1796875, 10.625, 4.4609375, 9.1171875, 0.73583984375, 0.72216796875, 2.2734375, 1.322265625, 5.87109375, 3.560546875, 0.00936126708984375, 1.3642578125, 8.3125, 1.4072265625, 5.30859375, 9.9375, 1.5947265625, 8.53125, 0.88671875, 1.8125, 7.77734375, 7.546875, 0.07470703125, 6.34765625, 0.093017578125, 8.1953125, 1.279296875, 5.63671875, 0.219482421875, 5.375, 5.83203125, 1.5302734375, 0.08929443359375, 0.12005615234375, 5.16796875, 5.84765625, 1.6708984375, 6.8046875, 1.583984375, 3.79296875, 1.458984375, 5.3515625, 6.09375, 4.03125, 0.051055908203125, 0.00023674964904785156, 4.86328125, 0.841796875, 3.8203125, 0.0161590576171875, 6.2421875, 0.131591796875, 3.82421875, 9.9765625, 4.65234375, 0.047332763671875, 0.174072265625, 5.234375, 1.4873046875, 2.83984375, 1.9384765625, 0.002460479736328125, 4.1171875, 4.5625, 2.640625, 0.003009796142578125, 6.11328125, 3.861328125, 3.1484375, 0.48095703125, 4.91796875, 0.002288818359375, 3.1953125, 5.33984375, 0.08062744140625, 3.689453125, 9.46875, 0.484619140625, 0.051361083984375, 0.64111328125, 0.12225341796875, 0.00506591796875, 3.025390625, 0.60400390625, 4.3828125, 9.375, 3.173828125, 0.177001953125, 6.70703125, 6.82421875, 1.458984375, 4.70703125, 6.23046875, 7.42578125, 1.201171875, 7.63671875, 1.22265625, 6.78125, 3.189453125, 4.13671875, 5.390625, 7.828125, 1.3330078125, 0.9921875, 4.0, 4.5859375, 0.8046875, 1.7041015625, 4.85546875, 4.41015625, 12.28125, 3.3359375, 3.82421875, 6.09375, 2.794921875, 1.4453125, 0.83203125, 3.37109375, 2.58984375, 3.259765625, 1.5126953125, 10.7109375, 2.796875, 1.8046875, 0.4794921875, 2.376953125, 0.01605224609375, 11.96875, 1.0830078125, 6.40234375, 0.40234375, 3.095703125, 3.943359375, 7.71875, 2.828125, 11.140625, 2.169921875, 0.1888427734375, 3.302734375, 0.5703125, 0.1251220703125, 0.0010690689086914062, 3.798828125, 0.76513671875, 4.1171875, 9.875, 4.1796875, 1.2392578125, 0.30322265625, 1.5712890625, 4.65625, 6.921875, 0.86572265625, 8.140625, 0.1669921875, 0.0157470703125, 1.0380859375, 6.4375, 0.005916595458984375, 3.4375, 7.7890625, 3.431640625, 0.650390625, 7.48828125, 0.94580078125, 4.125, 2.244140625, 2.677734375, 3.931640625, 13.0703125, 0.00208282470703125, 0.3349609375, 4.16796875, 10.09375, 4.15625, 2.37109375, 4.171875, 1.26171875, 1.865234375, 2.400390625, 0.8359375, 4.1640625, 10.9453125, 0.81689453125, 0.131103515625, 4.80859375, 1.5615234375, 1.8447265625, 4.03515625, 5.40625, 1.984375, 9.4375, 2.279296875, 0.06256103515625, 0.50244140625, 1.876953125, 5.20703125, 1.4482421875, 2.29296875, 8.265625, 0.1422119140625, 0.049896240234375, 0.242431640625, 6.53125, 5.12109375, 2.94921875, 6.58203125, 1.8759765625]",-0.7023395992226615
283,1,test,2.9690188185247797,1.1413428318883545,1.5489126862822096,5.3078213784004316,2.040419496630596,2.769046736325271,19.472803865141113,13.253388020821902,15.335244319718418,34.812229551360765,23.693556886280668,27.415366024402267,3.122215570516922,1.264150508517479,1.7817861665718397,4.660023239577495,1.8867918037574314,2.659382338166925,22.696609918038526,16.28529066155898,18.875926148181726,33.875537191102275,24.30640397247609,28.173024101763772,2.9858865702032644,1.2748184914521064,1.7772836512718104,5.2079416922149955,2.2235206246257664,3.0999133452415295,19.80405213814039,14.269182139424949,16.45524930431144,34.541951403733236,24.88810838271793,28.701016228450186,0.6432160804020101,0.00821608040201005,-0.0067839195979899625,0.5527638190954773,0.007763819095477409,0.0027638190954772934,0.4120603015075377,-0.012939698492462348,-0.012939698492462348,0.3994708994708994,0.07714593249599855,0.1189234898912318,0.4084880636604774,0.40703517587939697,0.09876449918766761,0.14493167003632523,0.4191919191919192,0.3913043478260869,0.09915075851056099,0.15437442569038062,0.3959731543624161,21.0,0.0,-2.0,33.0,1.0,-3.0,38.0,0.0,-4.0,-0.0005151373759393934,-0.0001957236624330432,-0.00014940217869500056,-0.0030250692548703384,-0.0044458157811142485,-0.0033147688055263913,"[2.111328125, 9.03125, 0.796875, 0.0307769775390625, 0.180908203125, 0.380859375, 5.960464477539062e-07, 0.0136871337890625, 0.0003910064697265625, 3.933906555175781e-06, 5.93359375, 2.947265625, 5.1640625, 0.02996826171875, 3.177734375, 0.11181640625, 1.4892578125, 0.174560546875, 0.315185546875, 0.56494140625, 5.21484375, 3.080078125, 5.015625, 9.015625, 6.4375, 6.00390625, 5.45703125, 3.83203125, 0.49267578125, 1.3759765625, 2.796875, 2.32421875, 7.375, 4.61328125, 2.798828125, 9.734375, 3.822265625, 0.50146484375, 3.6953125, 1.6904296875, 5.46875, 4.4609375, 9.21875, 0.3115234375, 2.150390625, 0.246826171875, 0.1025390625, 0.280029296875, 1.861328125, 6.6015625, 0.487548828125, 0.0728759765625, 0.5673828125, 0.11090087890625, 1.4521484375, 2.037109375, 2.505859375, 3.158203125, 4.96875, 4.59765625, 5.46484375, 0.45703125, 2.734375, 6.84375, 1.3330078125, 1.0263671875, 8.6015625, 5.19921875, 0.4560546875, 2.837890625, 1.2421875, 0.060333251953125, 0.170166015625, 4.0703125, 0.83349609375, 0.0001176595687866211, 0.16357421875, 0.1307373046875, 4.578125, 3.416015625, 3.205078125, 2.173828125, 0.037078857421875, 0.268798828125, 4.71484375, 3.548828125, 0.72607421875, 8.0625, 2.052734375, 0.00027823448181152344, 0.1092529296875, 1.681640625, 5.1328125, 0.09521484375, 6.08203125, 3.2109375, 0.338623046875, 0.796875, 4.5703125, 0.0254058837890625, 7.375, 4.8046875, 0.032928466796875, 2.697265625, 8.171875, 0.69873046875, 2.06640625, 5.8359375, 8.6796875, 2.208984375, 1.7939453125, 1.7685546875, 7.671875, 0.171630859375, 0.0211944580078125, 0.2003173828125, 7.5, 4.046875, 3.248046875, 0.45361328125, 3.837890625, 8.3984375, 0.021575927734375, 1.1162109375, 5.4609375, 2.080078125, 5.8770179748535156e-05, 2.31640625, 0.31982421875, 7.296875, 0.443603515625, 5.78515625, 0.8037109375, 9.8125, 5.66796875, 0.96240234375, 10.7265625, 0.98486328125, 4.30859375, 2.197265625, 5.55859375, 7.1328125, 6.15234375, 8.2890625, 5.26171875, 1.3369140625, 6.13671875, 1.986328125, 4.87109375, 0.259765625, 1.169921875, 5.91015625, 1.0029296875, 3.349609375, 2.25, 2.6484375, 0.20654296875, 7.09375, 6.29296875, 1.744140625, 1.2158203125, 0.00010645389556884766, 0.307861328125, 3.1171875, 0.004058837890625, 0.0004870891571044922, 0.030670166015625, 0.1983642578125, 1.1748046875, 0.0003113746643066406, 2.642578125, 9.453125, 0.16748046875, 10.5, 0.88720703125, 0.021453857421875, 0.05889892578125, 8.1640625, 3.951171875, 2.900390625, 11.921875, 13.0234375, 2.564453125, 0.2626953125, 6.3046875, 2.74609375, 5.94140625, 0.93994140625, 2.65625, 8.2109375, 5.46484375, 10.8203125, 1.599609375, 8.21875, 2.875, 0.4560546875, 1.0556640625, 2.314453125, 0.53466796875, 3.150390625, 0.9013671875, 1.955078125, 2.572265625, 1.1669921875, 2.455078125, 0.0572509765625, 0.446044921875, 4.4921875, 8.7109375, 3.548828125, 0.1502685546875, 8.65625, 2.5, 0.51611328125, 1.88671875, 6.36328125, 1.2314453125, 2.6226043701171875e-06, 0.2149658203125, 0.192138671875, 7.01953125, 1.2705078125, 0.1544189453125, 0.14404296875, 9.09375, 3.123046875, 9.1484375, 5.2578125, 0.71728515625, 0.0007710456848144531, 0.020721435546875, 3.861328125, 0.95849609375, 7.1640625, 3.453125, 0.0689697265625, 1.1015625, 1.0380859375, 0.232666015625, 0.201416015625, 0.333251953125, 0.08160400390625, 9.109375, 4.44921875, 3.6953125, 0.62451171875, 0.054473876953125, 2.33984375, 4.171875, 4.5625, 2.060546875, 0.253662109375, 0.1407470703125, 1.0361328125, 0.0775146484375, 0.10321044921875, 0.0282440185546875, 0.04864501953125, 0.03045654296875, 0.01067352294921875, 0.58984375, 9.46875, 1.9287109375, 0.410400390625, 0.52734375, 0.0167694091796875, 2.080078125, 0.0215301513671875, 3.150390625, 9.390625, 6.83203125, 9.25, 1.892578125, 3.423828125, 1.9765625, 3.21484375, 8.8671875, 3.66796875, 1.4794921875, 2.1457672119140625e-06, 0.7080078125, 0.2744140625, 10.59375, 0.01142120361328125, 0.04302978515625, 2.455078125, 9.3515625, 1.533203125, 1.2470703125, 7.421875, 0.061767578125, 5.70703125, 0.59228515625, 6.62109375, 3.615234375, 1.5908203125, 6.22265625, 2.2109375, 0.857421875, 5.137920379638672e-05, 0.2354736328125, 2.3046875, 0.0014066696166992188, 4.76837158203125e-05, 0.0249481201171875, 0.1917724609375, 2.021484375, 6.59375, 0.9599609375, 4.890625, 0.04595947265625, 0.01708984375, 5.98046875, 3.087890625, 1.1376953125, 1.7314453125, 1.693359375, 3.19921875, 0.6630859375, 4.91796875, 4.21484375, 3.08203125, 0.8427734375, 3.732421875, 0.0093841552734375, 0.0165557861328125, 3.107421875, 3.154296875, 2.666015625, 3.181640625, 10.4375, 0.043182373046875, 0.006160736083984375, 0.70068359375, 0.380615234375, 7.08984375, 3.501953125, 3.470703125, 2.271484375, 9.0546875, 0.114013671875, 4.6484375, 1.609375, 9.4140625, 3.1875, 0.00788116455078125, 3.505859375, 3.126953125, 4.8984375, 2.818359375, 0.473388671875, 2.5391578674316406e-05, 0.64013671875, 3.380859375, 0.002719879150390625, 1.87890625, 0.07763671875, 5.41796875, 9.0390625, 10.2578125, 0.169677734375, 0.0020847320556640625, 0.032196044921875, 2.5625, 0.483154296875, 2.357421875, 4.10546875, 9.0390625, 12.7578125, 2.900390625, 1.0517578125, 6.5, 1.4970703125, 5.8515625, 7.91015625, 8.609375, 0.5146484375, 4.87109375]",-0.5524657948937994
389,1,test,3.858545826722498,1.827362811950621,2.5041979883663235,6.144314821900499,2.9098766516387604,3.987663101039852,47.396378684557135,39.77327941899059,43.52214517847942,75.47358127486544,63.33462429219698,69.30428552877429,4.065614621243884,1.91363657367459,2.6047900667718666,5.607744305163978,2.639498722309779,3.592813885202575,58.300730380412645,49.69887391900198,53.99121888969003,80.4148005247071,68.55017092276137,74.47064674440004,3.858545826722498,1.827362811950621,2.5041979883663235,6.144314821900499,2.9098766516387604,3.987663101039852,47.396378684557135,39.77327941899059,43.52214517847942,75.47358127486544,63.33462429219698,69.30428552877429,0.7638190954773869,-0.001180904522613102,-0.001180904522613102,0.6532663316582914,-0.011733668341708636,-0.01673366834170853,0.5527638190954773,-0.017236180904522724,-0.017236180904522724,0.4486301369863014,0.1101685985247629,0.20375542172434236,0.39518900343642616,0.44221105527638194,0.11389025327136937,0.20181038749674918,0.38888888888888884,0.4486301369863014,0.1101685985247629,0.20375542172434236,0.39518900343642616,20.0,0.0,-1.0,34.0,-1.0,-2.0,40.0,-1.0,-1.0,0.0006997622836402688,0.0004385199558431301,0.00012658105843387578,-0.000335773069539691,0.00013076050589333477,-1.577387457896151e-05,"[10.3359375, 2.47265625, 7.0234375, 6.17578125, 2.18359375, 4.39453125, 2.591796875, 6.78515625, 11.15625, 5.75, 3.19140625, 11.5859375, 4.69140625, 1.484375, 0.30517578125, 9.5625, 3.123046875, 3.044921875, 7.83203125, 0.0230865478515625, 8.9140625, 9.2578125, 3.638671875, 7.28125, 0.473388671875, 7.89453125, 5.33203125, 8.265625, 0.3359375, 7.296875, 2.763671875, 2.681640625, 1.625, 6.71484375, 1.5263671875, 3.24609375, 3.744140625, 5.26171875, 7.6015625, 6.0390625, 0.0670166015625, 0.7548828125, 8.0234375, 14.2890625, 1.814453125, 3.93359375, 2.16015625, 0.1658935546875, 12.390625, 1.5615234375, 8.25, 4.3828125, 5.7265625, 4.99609375, 2.91015625, 4.546875, 5.8203125, 0.0670166015625, 0.33740234375, 0.006786346435546875, 4.57421875, 4.98046875, 0.00766754150390625, 3.63671875, 0.7587890625, 0.0946044921875, 4.91015625, 4.33984375, 5.26953125, 5.51171875, 9.6875, 1.126953125, 6.3125, 7.72265625, 3.947265625, 12.171875, 0.7431640625, 8.640625, 8.2578125, 3.80078125, 0.7314453125, 9.9765625, 8.1953125, 0.76708984375, 7.49609375, 0.384521484375, 3.98828125, 3.388671875, 1.7373046875, 2.435546875, 0.403076171875, 6.2578125, 0.1346435546875, 0.01044464111328125, 0.049652099609375, 3.625, 4.75, 0.28369140625, 5.7578125, 1.3056640625, 1.966796875, 8.65625, 6.43359375, 6.02734375, 3.49609375, 0.99658203125, 0.7841796875, 0.02984619140625, 6.89453125, 4.515625, 8.5703125, 2.384765625, 4.62890625, 3.353515625, 3.513671875, 4.078125, 0.061553955078125, 8.1171875, 1.375, 4.83984375, 0.1583251953125, 0.395263671875, 6.68359375, 0.263671875, 0.03033447265625, 0.002895355224609375, 2.130859375, 7.34765625, 1.2783203125, 5.15625, 1.533203125, 8.328125, 4.79296875, 0.9794921875, 0.23291015625, 2.818359375, 6.44140625, 0.4482421875, 1.177734375, 0.5673828125, 6.94921875, 8.4609375, 5.7890625, 1.3212890625, 10.6015625, 2.26953125, 2.310546875, 0.16748046875, 11.3046875, 6.203125, 4.96484375, 0.72998046875, 2.95703125, 6.4453125, 0.055694580078125, 3.3515625, 0.60107421875, 2.55859375, 0.395751953125, 0.76171875, 0.01776123046875, 0.0018854141235351562, 0.1351318359375, 1.9765625, 2.9140625, 1.517578125, 6.70703125, 9.15625, 2.599609375, 4.87109375, 5.38671875, 2.95703125, 0.397705078125, 8.8046875, 5.21484375, 7.60546875, 0.3515625, 7.078125, 6.73046875, 9.0390625, 17.0, 3.681640625, 11.6171875, 3.755859375, 4.96875, 0.07513427734375, 3.525390625, 3.912109375, 1.1982421875, 1.701171875, 2.58203125, 0.004974365234375, 0.0012006759643554688, 0.31884765625, 4.45703125, 3.830078125, 4.40234375, 0.9833984375, 6.2109375, 0.56396484375, 0.1107177734375, 0.00041794776916503906, 0.20263671875, 1.06640625, 6.26953125, 0.10797119140625, 8.859375, 0.51025390625, 4.48046875, 10.3984375, 0.931640625, 2.52734375, 2.70703125, 6.1484375, 2.416015625, 4.99609375, 0.01776123046875, 0.0016736984252929688, 0.1341552734375, 6.37890625, 1.431640625, 3.46875, 3.67578125, 1.470703125, 0.004276275634765625, 0.0014390945434570312, 0.319580078125, 6.04296875, 2.05078125, 4.52734375, 0.006866455078125, 1.0576171875, 5.3671875, 0.69140625, 5.31640625, 7.6484375, 3.0703125, 4.703125, 8.1796875, 3.82421875, 0.76025390625, 2.06640625, 2.701171875, 3.259765625, 0.06817626953125, 1.3173828125, 5.60546875, 2.626953125, 3.595703125, 8.4296875, 6.72265625, 0.31201171875, 3.947265625, 3.34375, 6.984375, 2.78125, 2.490234375, 5.74609375, 4.07421875, 6.76953125, 0.09967041015625, 11.0390625, 4.08984375, 2.072265625, 5.17578125, 4.0078125, 7.0546875, 5.1953125, 0.8828125, 3.59375, 6.796875, 1.7578125, 5.15625, 3.94140625, 0.0147857666015625, 0.0025806427001953125, 0.138916015625, 2.9140625, 2.7421875, 4.76953125, 4.87109375, 2.328125, 3.076171875, 3.521484375, 5.97265625, 2.224609375, 5.55078125, 5.796875, 4.4921875, 1.53515625, 6.58984375, 2.63671875]",-0.6316904556261349
308,1,test,2.225918073935702,0.822444390232471,1.1980590352726452,3.931491663055266,1.4526290528781307,2.116052322039997,9.261982086171411,5.192671142943362,6.466906810061241,16.358825502848205,9.171471109614249,11.422069171017256,2.0802965715302895,0.6450913862065599,0.9695235683692365,3.4671609525504827,1.0751523103442668,1.6158726139487276,8.006843163941443,3.806336361222132,4.970138294075481,13.344738606569074,6.343893935370221,8.283563823459135,2.225918073935702,0.822444390232471,1.1980590352726452,3.931491663055266,1.4526290528781307,2.116052322039997,9.261982086171411,5.192671142943362,6.466906810061241,16.358825502848205,9.171471109614249,11.422069171017256,0.5477386934673367,-0.01226130653266333,-0.01226130653266333,0.42211055276381915,-0.012889447236180906,-0.0028894472361808976,0.27135678391959794,-0.018643216080402092,-0.018643216080402092,0.4095940959409594,0.09099372761683422,0.14824440268942563,0.4185185185185185,0.40703517587939697,0.07119557688190326,0.13491497554550713,0.41414141414141414,0.4095940959409594,0.09099372761683422,0.14824440268942563,0.4185185185185185,19.0,10.0,10.0,33.0,23.0,23.0,40.0,26.0,26.0,-0.00018649130997475485,-0.00022574130286095637,-4.118275235199522e-05,-0.010540408380114386,-0.01027688180492703,-0.010340500610658943,"[3.783203125, 0.040191650390625, 0.3896484375, 0.0202484130859375, 0.0006041526794433594, 0.7236328125, 0.0200653076171875, 0.01122283935546875, 5.55859375, 4.69140625, 0.2381591796875, 0.73779296875, 2.416015625, 2.70703125, 0.01258087158203125, 0.05029296875, 0.8662109375, 3.814453125, 4.09375, 0.344970703125, 3.78515625, 0.02386474609375, 7.37109375, 2.728515625, 0.01172637939453125, 0.0948486328125, 0.342041015625, 2.5234375, 0.6376953125, 3.923828125, 3.1796875, 0.146240234375, 3.318359375, 5.25390625, 6.02734375, 0.158447265625, 1.0654296875, 2.7421875, 0.06341552734375, 4.24609375, 0.2008056640625, 2.33203125, 1.705078125, 6.84375, 0.91455078125, 1.640625, 0.274169921875, 7.375, 0.3828125, 2.748046875, 2.25390625, 0.15185546875, 0.10858154296875, 3.61328125, 2.5390625, 1.6923828125, 3.541015625, 0.81591796875, 1.22265625, 6.83984375, 1.701171875, 0.004817962646484375, 0.15966796875, 2.341796875, 0.0034122467041015625, 0.0001506805419921875, 0.2413330078125, 0.122802734375, 5.31640625, 0.02362060546875, 0.0258331298828125, 5.15234375, 0.0006504058837890625, 5.875, 2.005859375, 4.45703125, 2.169921875, 4.375, 2.509765625, 2.51171875, 2.685546875, 3.978515625, 0.56640625, 2.9453125, 1.1552734375, 9.4140625, 0.050994873046875, 0.06689453125, 1.4013671875, 4.47265625, 2.515625, 4.11328125, 1.9970703125, 1.2265625, 0.06298828125, 3.447265625, 2.58984375, 3.46875, 1.2255859375, 1.7109375, 0.037506103515625, 3.154296875, 0.7626953125, 0.0008678436279296875, 2.6484375, 0.734375, 0.001285552978515625, 4.744529724121094e-05, 1.2216796875, 0.16650390625, 7.60546875, 7.74609375, 3.78125, 0.72607421875, 6.9375, 6.03515625, 0.71435546875, 4.6875, 0.34130859375, 3.193359375, 1.4931640625, 0.70751953125, 4.12890625, 3.212890625, 0.99951171875, 4.01953125, 7.91796875, 5.8125, 0.89794921875, 0.00690460205078125, 0.09466552734375, 0.6396484375, 0.0004115104675292969, 0.142822265625, 1.240234375, 1.11328125, 5.4609375, 8.46875, 1.599609375, 3.197265625, 0.047515869140625, 0.003269195556640625, 1.8154296875, 0.53662109375, 0.1353759765625, 6.125, 0.578125, 0.90771484375, 0.0007290840148925781, 2.517578125, 2.791015625, 4.482269287109375e-05, 0.72705078125, 0.1116943359375, 3.021484375, 8.921875, 0.023529052734375, 0.1630859375, 0.02880859375, 0.12396240234375, 0.01216888427734375, 4.23046875, 1.4765625, 2.671875, 0.0648193359375, 0.038421630859375, 2.853515625, 0.21826171875, 6.04296875, 0.0013036727905273438, 0.1832275390625, 1.986328125, 0.34912109375, 0.13720703125, 7.140625, 6.07421875, 3.033203125, 0.6767578125, 0.0032196044921875, 2.048828125, 1.591796875, 2.30078125, 2.71875, 3.732421875, 1.361328125, 3.494140625, 2.19140625, 4.3046875, 4.0234375, 2.533203125, 0.0018491744995117188, 2.15234375, 0.82421875, 1.1298828125, 0.0005679130554199219, 1.8935546875, 0.43017578125, 0.00124359130859375, 7.987022399902344e-06, 1.865234375, 1.45703125, 0.0004367828369140625, 1.6808509826660156e-05, 0.213623046875, 0.221923828125, 1.0693359375, 0.00037097930908203125, 4.796875, 0.62646484375, 0.0271453857421875, 1.251953125, 4.0, 4.6875, 0.92236328125, 0.0537109375, 6.8984375, 2.576171875, 1.1015625, 8.8203125, 9.203125, 3.12890625, 6.546875, 2.38671875, 4.76171875, 7.4765625, 8.7890625, 0.255859375, 2.40625, 4.0, 1.1767578125, 2.109375, 7.03515625, 4.5625, 0.0633544921875, 0.25244140625, 0.9560546875, 0.00011146068572998047, 0.7080078125, 1.640625, 0.0004150867462158203, 3.5762786865234375e-07, 0.1922607421875, 0.131591796875, 4.25390625, 3.6953125, 2.701171875, 4.76171875, 8.328125, 1.578125, 1.6708984375, 0.03631591796875, 3.78125, 1.416015625, 2.185546875, 1.697265625, 3.197265625, 7.33203125, 2.166015625, 2.9453125, 2.662109375, 0.669921875, 7.6328125, 1.9541015625, 1.3232421875, 1.6591796875, 0.06817626953125, 0.002704620361328125, 0.14501953125, 4.8671875, 1.625, 2.8828125]",-0.9671287343070958
181,1,test,3.8339652289909103,1.6793901862391567,2.3400370228883247,6.134344366385457,2.687024297982651,3.7440592366213195,46.245549346909684,37.62132487347033,41.79098972336659,73.99287895505549,60.19411979755252,66.86558355738654,3.8174514075619492,1.5819390723630855,2.2564656009726156,5.3766921233266896,2.228083200511388,3.1781205647501634,45.488129761678636,36.13685815096741,40.72461492609378,64.06778839673048,50.89698331122171,57.35861257196307,3.8339652289909103,1.6793901862391567,2.3400370228883247,6.134344366385457,2.687024297982651,3.7440592366213195,46.245549346909684,37.62132487347033,41.79098972336659,73.99287895505549,60.19411979755252,66.86558355738654,0.8341708542713568,0.009170854271356887,0.004170854271356883,0.6683417085427136,-0.011658291457286363,-0.0016582914572863539,0.5326633165829145,0.002663316582914521,0.0076633165829145256,0.43726235741444863,0.08432118094386043,0.15154807170016293,0.44656488549618323,0.44723618090452266,0.08884019092958528,0.15174369342539074,0.4494949494949495,0.43726235741444863,0.08432118094386043,0.15154807170016293,0.44656488549618323,25.0,10.0,10.0,36.0,9.0,9.0,46.0,6.0,6.0,2.0929299535913518e-05,-0.00033625739945871964,-7.309133047133916e-05,-0.00013480533558407615,-0.00018378111340844328,8.585827751517172e-05,"[1.783203125, 4.34765625, 0.00472259521484375, 0.0274505615234375, 6.20703125, 7.30078125, 1.609375, 4.03125, 12.671875, 2.435546875, 3.953125, 2.984375, 5.14453125, 3.083984375, 2.2109375, 8.640625, 6.828125, 3.5625, 5.52734375, 1.84765625, 8.0078125, 3.94140625, 2.828125, 1.7548828125, 10.1015625, 4.71484375, 9.6875, 1.923828125, 0.317138671875, 0.00024819374084472656, 5.1484375, 4.203125, 2.5625, 0.5849609375, 2.529296875, 1.86328125, 8.1328125, 2.8828125, 4.89453125, 8.8671875, 1.0439453125, 2.048828125, 5.44140625, 2.55078125, 0.345947265625, 2.794921875, 0.08001708984375, 5.53515625, 3.287109375, 2.1328125, 1.8193359375, 0.654296875, 1.076171875, 3.1953125, 5.19140625, 0.96044921875, 5.2421875, 5.1015625, 1.7958984375, 4.04296875, 1.0341796875, 1.9658203125, 0.334228515625, 3.716796875, 2.533203125, 4.46484375, 1.2880859375, 0.7275390625, 4.6171875, 2.970703125, 1.173828125, 1.302734375, 0.0014944076538085938, 3.1171875, 0.76513671875, 0.0015459060668945312, 0.0007562637329101562, 0.0029296875, 2.71875, 4.28515625, 3.732421875, 12.296875, 3.03125, 2.560546875, 2.818359375, 0.042327880859375, 1.5029296875, 3.240234375, 1.0673828125, 0.341552734375, 5.30859375, 3.9453125, 5.18359375, 5.5078125, 5.34375, 6.40234375, 3.072265625, 3.484375, 0.5810546875, 5.79296875, 3.98828125, 8.5625, 3.232421875, 4.82421875, 0.76513671875, 6.23046875, 0.69189453125, 0.0268402099609375, 11.578125, 3.765625, 5.59375, 4.46875, 1.12109375, 1.09375, 6.79296875, 1.7236328125, 5.98046875, 2.685546875, 3.609375, 7.953125, 0.70849609375, 2.783203125, 1.6123046875, 7.265625, 2.1875, 4.8984375, 5.5078125, 3.396484375, 1.9052734375, 6.53125, 5.07421875, 0.60986328125, 2.078125, 2.109375, 1.7001953125, 4.203125, 0.96435546875, 6.6328125, 0.73095703125, 5.44140625, 1.96484375, 8.2265625, 4.2421875, 4.8515625, 6.78125, 8.7109375, 7.703125, 1.2626953125, 7.71875, 4.359375, 9.1171875, 1.2392578125, 6.8984375, 5.12109375, 0.1627197265625, 7.4921875, 1.0712890625, 0.08831787109375, 11.25, 7.9921875, 1.583984375, 2.021484375, 5.42578125, 5.37109375, 4.94140625, 10.1640625, 0.0034503936767578125, 8.4921875, 2.138671875, 5.07421875, 6.6484375, 0.5537109375, 11.4296875, 1.8388671875, 0.474609375, 4.9609375, 4.15234375, 1.056640625, 7.4921875, 6.87109375, 4.34375, 2.212890625, 2.662109375, 5.6875, 0.25341796875, 1.630859375, 7.47265625, 0.92919921875, 3.095703125, 0.90576171875, 3.2109375, 10.8984375, 3.341796875, 0.93017578125, 2.228515625, 2.931640625, 9.6171875, 6.59765625, 3.71484375, 8.140625, 1.0693359375, 6.8203125, 5.375, 1.22265625, 3.6015625, 0.96630859375, 1.568359375, 0.002979278564453125, 0.6123046875, 0.10870361328125, 0.0034084320068359375, 0.0009565353393554688, 0.00024390220642089844, 2.23046875, 11.328125, 8.6015625, 5.7734375, 11.015625, 4.08984375, 3.47265625, 2.119140625, 4.5390625, 3.3984375, 5.640625, 5.71484375, 3.888671875, 0.21240234375, 2.9375, 1.84765625, 0.1453857421875, 10.90625, 3.130859375, 1.9267578125, 10.3125, 0.68310546875, 3.51171875, 8.734375, 4.8828125, 3.060546875, 10.0546875, 6.421875, 3.806640625, 6.16015625, 9.296875, 1.3388671875, 0.1676025390625, 5.6796875, 5.81640625, 0.4658203125, 2.94140625, 4.88671875, 1.240234375, 8.6171875, 2.26953125, 5.3203125, 6.0546875, 0.72900390625, 5.59765625, 2.060546875, 3.64453125, 1.203125, 4.46484375, 0.08770751953125]",-0.9620786438423417
194,1,test,3.369679891854002,1.5503703939723146,2.11154491514649,6.061185214278267,2.788716557711207,3.7981248159238747,29.069220274080358,22.90162203451898,25.550367652456895,52.28803143639612,41.194112590392635,45.95852294718662,3.5843636528331433,1.6300822982253484,2.260634098949761,5.644667169815974,2.567058737362754,3.560053699133482,36.03042256495322,28.971578170461456,32.273013828866624,56.7408229369342,45.6245325519078,50.8236438249868,3.369679891854002,1.5503703939723146,2.11154491514649,6.061185214278267,2.788716557711207,3.7981248159238747,29.069220274080358,22.90162203451898,25.550367652456895,52.28803143639612,41.194112590392635,45.95852294718662,0.7185929648241206,-0.006407035175879372,-0.0014070351758793676,0.592964824120603,0.017964824120603073,0.012964824120602958,0.44723618090452266,-0.0027638190954772934,0.0072361809045227155,0.4035087719298246,0.09702891203490338,0.15846793178980123,0.40492957746478875,0.40703517587939697,0.09876449918766761,0.16329560993615821,0.43434343434343436,0.4035087719298246,0.09702891203490338,0.15846793178980123,0.40492957746478875,21.0,2.0,-2.0,30.0,0.0,-2.0,38.0,-1.0,-5.0,0.0005785595405827597,0.0003979412800778459,-0.0001904986025014045,-0.041195080952847185,-0.045755180266917606,-0.03939809036597186,"[2.12109375, 9.0390625, 0.7978515625, 0.0180816650390625, 0.177490234375, 1.380859375, 2.474609375, 0.0008416175842285156, 1.03125, 0.0019969940185546875, 3.505859375, 6.4765625, 0.0021114349365234375, -0.0, 0.0023059844970703125, 0.0034637451171875, 5.8770179748535156e-05, 10.53125, 0.327880859375, 4.4453125, 1.912109375, 0.64892578125, 1.2275390625, 2.935546875, 1.09765625, 7.97265625, 1.576171875, 1.05859375, 5.29296875, 8.078125, 2.220703125, 2.0625, 3.8828125, 7.46875, 1.654296875, 5.046875, 0.0052032470703125, 3.775390625, 2.212890625, 2.462890625, 9.71875, 0.00344085693359375, 1.6708984375, 6.4921875, 6.65625, 8.0625, 1.6494140625, 5.44921875, 1.5693359375, 6.69921875, 14.8203125, 6.34765625, 0.36083984375, 1.9638671875, 4.32421875, 0.08563232421875, 3.92578125, 2.744140625, 2.05859375, 7.3671875, 1.51171875, 6.59765625, 0.650390625, 1.55859375, 9.5390625, 4.8359375, 5.15625, 1.240234375, 5.37109375, 5.58984375, 2.23828125, 4.75, 7.58203125, 6.78125, 5.8046875, 2.833984375, 2.462890625, 6.33984375, 0.6455078125, 0.1080322265625, 9.78125, 1.1845703125, 0.84765625, 2.474609375, 9.6328125, 0.00868988037109375, 3.173828125, 4.05078125, 0.33642578125, 2.95703125, 5.87890625, 4.6328125, 1.9521484375, 10.96875, 9.7421875, 0.83837890625, 7.66796875, 12.9609375, 6.61328125, 3.177734375, 1.1123046875, 7.0546875, 6.07421875, 2.3203125, 7.07421875, 2.330078125, 0.6298828125, 2.947265625, 0.0249481201171875, 7.0390625, 5.296875, 0.3662109375, 1.462890625, 8.328125, 1.7578125, 1.4609375, 2.615234375, 1.625, 4.09765625, 5.515625, 2.234375, 0.16064453125, 0.0987548828125, 2.5153160095214844e-05, 0.0094146728515625, 2.4557113647460938e-05, 2.4199485778808594e-05, -0.0, 0.00022935867309570312, 5.7220458984375e-05, 4.19921875, 4.50390625, 6.38671875, 7.80859375, 1.96484375, 2.986328125, 0.10467529296875, 6.55859375, 9.6015625, 11.0703125, 1.00390625, 11.125, 3.345703125, 6.765625, 4.1796875, 3.37890625, 6.95703125, 4.06640625, 7.46484375, 3.8125, 6.453125, 2.712890625, 1.703125, 8.106231689453125e-05, 0.0645751953125, 3.337860107421875e-06, 9.512901306152344e-05, 9.5367431640625e-06, 1.1682510375976562e-05, -0.0, 2.944469451904297e-05, 3.5643577575683594e-05, 0.22216796875, 2.3984375, 3.373046875, 0.06414794921875, 1.7451171875, 6.02734375, 2.23046875, 0.1512451171875, 0.87744140625, 6.13671875, 2.6171875, 14.3515625, 1.5263671875, 5.390625, 7.97265625, 2.810546875, 2.39453125, 0.40234375, 8.671875, 5.7734375, 1.125, 0.45751953125, 7.796875, 6.48828125, 7.30078125, 4.046875, 1.767578125, 0.5556640625, 1.40234375, 1.1455078125, 8.53125, 9.6171875, 0.2056884765625, 0.822265625, 12.625, 3.150390625, 4.05859375, 3.3984375, 0.00020229816436767578, 0.1920166015625, 9.417533874511719e-06, 2.6106834411621094e-05, 5.364418029785156e-06, 1.1324882507324219e-05, -0.0, 3.6597251892089844e-05, 1.7523765563964844e-05, 2.16796875, 0.000125885009765625, 0.0557861328125, 3.4570693969726562e-06, 7.593631744384766e-05, 2.7418136596679688e-06, 7.748603820800781e-06, -0.0, 5.602836608886719e-06, 2.2530555725097656e-05, 0.39111328125, 0.83056640625, 0.0003991127014160156, 1.4697265625, 3.6796875, 5.0625, 6.28125, 2.244140625, 4.7578125, 0.77734375, 1.091796875, 3.892578125, 11.4140625, 7.95703125, 2.119140625, 4.02734375, 1.64453125, 4.27734375, 1.15234375, 3.837890625, 4.6015625, 3.17578125, 0.6806640625, 3.18359375, 0.62890625, 7.62109375, 4.55859375, 1.1416015625, 2.904296875, 2.005859375, 5.25, 0.00753021240234375, 0.55615234375, 7.9453125, 2.759765625, 2.279296875, 2.513671875, 4.43359375, 3.28125, 0.441162109375, 1.9638671875, 2.806640625, 0.2320556640625, 0.85498046875, 11.5234375, 5.3125, 6.68359375, 1.6923828125, 2.66796875, 4.94140625, 10.7265625, 6.2578125, 5.4921875, 3.8984375, 10.5078125, 0.19140625, 9.0859375, 0.1669921875, 1.74609375, 5.0078125, 0.9677734375, 2.509765625, 2.3359375, 7.59765625, 4.7265625, 4.30078125]",-0.8010368706887228
248,1,test,3.2664365752268645,1.2783581506553319,1.818595885958032,5.755150156352094,2.252345313059394,3.204192751449866,26.217747717230598,18.91625780736257,21.963828659484722,46.193174549406294,33.32864470821024,38.698174304806415,3.131406357539958,1.0061187297246543,1.5401837250315131,5.05065541538703,1.6227721447171843,2.4841672984379244,22.906171167200448,14.530865054483801,17.996423089390518,36.94543736645234,23.436879120135167,29.02648885385568,3.2664365752268645,1.2783581506553319,1.818595885958032,5.755150156352094,2.252345313059394,3.204192751449866,26.217747717230598,18.91625780736257,21.963828659484722,46.193174549406294,33.32864470821024,38.698174304806415,0.7185929648241206,0.003592964824120526,-0.006407035175879372,0.5628140703517588,-0.02718592964824129,-0.0021859296482411583,0.4321608040201005,0.0021608040201004375,0.012160804020100446,0.4067796610169492,0.061601996042329854,0.10689240058853877,0.40816326530612246,0.40703517587939697,0.04362665457613879,0.07481480860059897,0.398989898989899,0.4067796610169492,0.061601996042329854,0.10689240058853877,0.40816326530612246,20.0,0.0,0.0,33.0,-1.0,0.0,41.0,1.0,0.0,-0.0007402368021926487,-7.170708446253508e-05,-0.00010522406862681672,-0.005016296170457402,-0.0033683597347984318,-0.004206044078657101,"[10.2890625, 2.66796875, 2.57421875, 9.8515625, 0.0712890625, 2.02734375, 7.44921875, 8.375, 5.01171875, 0.302001953125, 2.587890625, 4.8828125, 1.1298828125, 1.35546875, 2.009765625, 0.02081298828125, 0.06396484375, 0.4755859375, 0.003902435302734375, 0.0374755859375, 3.400390625, 6.94921875, 6.1015625, 2.154296875, 1.6640625, 10.2578125, 1.84375, 8.7890625, 0.2333984375, 5.54296875, 0.5927734375, 0.71630859375, 0.001567840576171875, 0.459228515625, 2.275390625, 5.1015625, 2.802734375, 4.48046875, 0.497314453125, 3.7890625, 2.015625, 2.314453125, 1.580078125, 6.1171875, 1.333984375, 0.0018568038940429688, 0.261474609375, 1.451171875, 5.453125, 8.8984375, 4.30078125, 2.669921875, 3.65234375, 4.35546875, 0.63720703125, 6.1328125, 1.09375, 0.130859375, 4.4609375, 3.56640625, 3.84765625, 0.82861328125, 1.560546875, 4.5390625, 3.908203125, 2.09765625, 6.77734375, 6.65625, 0.90673828125, 0.07598876953125, 1.4970703125, 3.1953125, 9.203125, 3.396484375, 0.320068359375, 12.25, 4.91796875, 4.01171875, 0.541015625, 4.234375, 1.953125, 3.80078125, 0.0017719268798828125, 2.333984375, 2.21875, 2.607421875, 0.0212860107421875, 3.4765625, 1.2978515625, 1.6962890625, 0.037078857421875, 6.73046875, 0.36083984375, 4.6640625, 1.68359375, 2.95703125, 5.1875, 1.8984375, 0.036895751953125, 2.833984375, 0.919921875, 7.6328125, 0.056671142578125, 3.580078125, 1.9951171875, 3.732421875, 5.51953125, 5.73828125, 0.560546875, 2.484375, 10.1640625, 4.39453125, 9.703125, 0.16162109375, 0.0726318359375, 1.6806640625, 1.37109375, 3.97265625, 1.8720703125, 0.0006685256958007812, 0.2069091796875, 0.78662109375, 3.3984375, 0.027923583984375, 1.7958984375, 5.1171875, 1.9228515625, 2.1875, 9.8828125, 9.421875, 0.344970703125, 2.9609375, 1.39453125, 0.0009365081787109375, 0.389404296875, 0.51123046875, 5.48046875, 3.33984375, 2.69921875, 0.591796875, 6.453125, 0.59375, 10.1796875, 1.9169921875, 9.2734375, 4.56640625, 2.123046875, 1.095703125, 3.181640625, 7.91796875, 5.76953125, 0.03900146484375, 2.861328125, 2.75, 3.939453125, 0.0024242401123046875, 3.095703125, 5.453125, 1.4111328125, 0.5966796875, 3.0703125, 8.7578125, 4.296875, 1.6484375, 1.8994140625, 0.00424957275390625, 3.322265625, 0.33837890625, 6.140625, 0.043731689453125, 0.0004749298095703125, 2.5390625, 1.07421875, 4.15625, 1.8671875, 2.6171875, 2.787109375, 0.189453125, 10.28125, 1.486328125, 1.8369140625, 0.0166473388671875, 5.90625, 3.640625, 13.046875, 2.73046875, 0.0115509033203125, 0.057830810546875, 1.9375, 5.29296875, 2.27734375, 4.12890625, 3.091796875, 8.6640625, 0.1885986328125, 1.4814453125, 5.03515625, 2.57421875, 2.322265625, 4.61328125, 3.880859375, 3.8984375, 3.326171875, 10.3515625, 4.640625, 0.859375, 4.109375, 0.052276611328125, 7.515625, 0.513671875, 0.609375, 1.3564453125, 0.21484375, 12.796875, 0.6689453125, 10.2578125, 6.69140625, 1.55078125, 1.244140625, 7.6875, 5.98046875, 5.40234375, 1.158203125, 0.0030879974365234375, 0.207275390625, 0.787109375, 0.0006647109985351562, 0.01209259033203125, 1.3935546875, 0.0005950927734375, 0.082763671875, 0.83203125, 0.0005211830139160156, 0.059661865234375, 0.44873046875, 2.208984375, 8.0859375, 0.164794921875, 0.47705078125, 7.4140625, 9.296875, 8.3984375, 0.646484375, 7.8671875, 5.10546875, 8.265625, 4.30859375, 5.88671875, 0.30615234375, 2.04296875, 2.615234375, 0.011322021484375, 7.29296875, 0.1573486328125, 0.0097198486328125, 2.40234375, 0.8203125, 0.11328125, 4.87109375, 6.06640625, 0.07745361328125, 0.058441162109375, 3.974609375, 1.087890625, 6.609375, 2.9296875, 0.0012989044189453125, 0.499755859375, 8.5546875, 1.8388671875, 7.33203125, 2.08203125, 8.296875, 8.4140625, 5.67578125, 5.47265625, 9.9921875, 0.66064453125, 4.03515625, 11.8984375, 7.66015625, 6.4765625, 1.1904296875, 0.0012140274047851562, 2.509765625, 5.359375, 6.81640625, 2.44140625, 3.30859375, 8.5859375, 6.2109375, 1.4521484375, 0.1263427734375, 0.59521484375, 1.44140625]",-0.3516774193715242
35,1,test,2.9320530353892935,1.2396244813545845,1.7208219278101164,4.446410097623324,1.8798700926036553,2.609598088327429,18.766118479917274,13.333460278399187,15.408502784638596,28.45850934317125,20.219972729880084,23.366740486594793,2.942749560178824,1.0996718121359261,1.603247014828442,4.203927943112606,1.570959731622752,2.2903528783263463,18.967928138269492,12.651980866231142,15.150783961397932,27.097040197527846,18.0742583803302,21.64397708771133,2.8829112378033726,1.1850865151775571,1.6671551531640412,4.371887371613905,1.7971641658736575,2.52821330919382,17.866210329146924,12.404157349815147,14.493367073672557,27.09381346617885,18.81070015686253,21.978952265569372,0.6482412060301508,-0.0017587939698492372,-0.006758793969849242,0.542713567839196,0.007713567839196078,0.007713567839196078,0.4321608040201005,0.0021608040201004375,0.007160804020100442,0.42181818181818187,0.10602870813397136,0.1642607453006486,0.45620437956204385,0.4321608040201005,0.09130867369428597,0.13833776562277156,0.48989898989898994,0.4181818181818182,0.10602210856294347,0.1630427613498956,0.45985401459854014,25.0,12.0,10.0,34.0,9.0,8.0,46.0,14.0,14.0,9.360891645435005e-05,-0.00027856338554044154,-0.0002144442353337559,-0.004893493439473318,-0.005047882736693765,-0.004770251523845026,"[2.88671875, 1.2119140625, 0.349609375, 0.021087646484375, 0.0001302957534790039, 1.0205078125, 0.00885009765625, 0.0287628173828125, 5.625, 0.365966796875, 1.3876953125, 2.4375, 1.3349609375, 0.1400146484375, 7.984375, 3.3125, 4.39453125, 3.279296875, 0.77099609375, 3.193359375, 5.11328125, 2.595703125, 0.483642578125, 2.44140625, 1.5400390625, 4.625, 0.54541015625, 1.044921875, 5.5703125, 0.152587890625, 6.04296875, 2.513671875, 4.28125, 0.004039764404296875, 0.1444091796875, 1.033203125, 7.9765625, 2.65625, 1.1083984375, 3.396484375, 9.109375, 0.1402587890625, 5.0078125, 2.396484375, 0.00643157958984375, 0.2293701171875, 0.328857421875, 7.015625, 0.63134765625, 2.75390625, 1.517578125, 0.55859375, 9.3203125, 0.0545654296875, 4.89453125, 3.314453125, 6.26953125, 6.21484375, 1.5439453125, 3.078125, 0.0036067962646484375, 3.634765625, 0.272705078125, 1.0283203125, 2.455078125, 2.17578125, 3.8203125, 0.162841796875, 0.00040721893310546875, 1.029296875, 0.34814453125, 0.220703125, 10.578125, 1.7275390625, 4.90625, 4.55859375, 4.671875, 3.8125, 1.5234375, 5.78125, 3.611328125, 1.478515625, 1.947265625, 4.84375, 4.21484375, 6.6953125, 3.064453125, 2.2421875, 0.69189453125, 0.0003147125244140625, 0.173095703125, 3.181640625, 0.00649261474609375, 4.9233436584472656e-05, 0.11700439453125, 0.0926513671875, 4.30078125, 0.0132293701171875, 7.109375, 8.03125, 0.426025390625, 5.18359375, 11.15625, 2.10546875, 3.53125, 2.654296875, 4.83984375, 4.54296875, 6.5234375, 1.353515625, 7.69140625, 5.25390625, 8.6796875, 6.65625, 2.8125, 8.9296875, 0.1470947265625, 0.62744140625, 0.00011265277862548828, 0.288330078125, 1.5205078125, 0.0004677772521972656, 6.198883056640625e-06, 0.02362060546875, 0.380126953125, 2.916015625, 8.171875, 10.09375, 1.11328125, 4.37109375, 4.05078125, 5.703125, 7.9140625, 4.68359375, 0.448486328125, 6.87890625, 0.1497802734375, 8.3984375, 1.43359375, 0.73291015625, 7.3359375, 3.828125, 1.4951171875, 6.3984375, 2.990234375, 2.8828125, 0.0280303955078125, 2.49609375, 0.1983642578125, 1.8447265625, 1.0966796875, 0.296142578125, 0.0022449493408203125, 1.3828125, 4.02734375, 0.023651123046875, 0.0009250640869140625, 1.5888671875, 5.32421875, 3.484375, 5.18359375, 0.041259765625, 9.3828125, 6.2734375, 5.25390625, 1.2080078125, 3.953125, 8.5, 3.615234375, 8.59375, 7.015625, 0.0019235610961914062, 3.15625, 0.60009765625, 4.40625, 2.1484375, 4.6133995056152344e-05, 0.2154541015625, 1.4599609375, 0.00045561790466308594, 1.6689300537109375e-05, 0.02252197265625, 0.051605224609375, 4.36328125, 4.3671875, 1.0380859375, 6.15234375, 3.69140625, 8.078125, 0.025390625, 6.7421875, 0.888671875, 1.7421875, 4.84765625, 5.23046875, 1.5830078125, 5.2890625, 0.7626953125, 2.326171875, 3.142578125, 0.96630859375, 7.462501525878906e-05, 0.310791015625, 1.6650390625, 5.793571472167969e-05, 0.440185546875, 0.168701171875, 1.130859375, 0.00016558170318603516, 4.9375, 0.8095703125, 3.251953125, 3.951171875, 0.0919189453125, 6.83203125, 0.72119140625, 1.5830078125, 1.78515625, 6.78125, 0.328125, 4.1015625, 4.08984375, 6.0, 7.84765625, 2.57421875, 1.76953125, 5.703125, 2.734375, 5.3984375, 0.181640625, 3.357421875, 11.1953125, 3.740234375, 6.29296875, 4.7109375, 3.708984375, 7.11328125, 0.8759765625, 2.384765625, 1.884765625, 1.115234375, 1.3113021850585938e-06, 0.1358642578125, 0.58740234375, 5.671875, 8.28125, 2.076171875, 4.8515625, 2.212890625, 4.4765625, 0.10308837890625, 4.53125, 0.7373046875, 4.4609375, 1.6376953125, 3.72265625, 1.4384765625, 0.796875, 3.478515625, 2.310546875, 1.5224609375, 6.671875, 0.64111328125, 1.4052734375, 2.30859375, 1.068359375, 2.384185791015625e-05, 0.1290283203125, 1.154296875, 2.8515625, 9.46875, 0.0162200927734375, 11.9375, 0.08270263671875, 0.607421875]",-0.6458104194294321
85,1,test,2.895334824271824,1.197993351566619,1.6704320607886942,5.020811833997383,2.077445118323617,2.896702995587331,18.089557250219187,12.63014316988082,14.685722160588533,31.36917442234541,21.901982375515875,25.466570220673756,2.976209675846387,1.0744657878854764,1.5645331618761915,4.76193548135422,1.7191452606167625,2.503253059001907,19.61333468236316,12.915770616957857,15.510506592368532,31.381335491781055,20.665232987132573,24.81681054778965,2.897577917695444,1.208950638890665,1.6732930432154538,5.024701591379383,2.09644619460809,2.9016642367898045,18.130179359684245,12.718132986783935,14.728446812688096,31.439617386735687,22.054565873035727,25.540659212753926,0.6231155778894473,0.003115577889447274,0.018115577889447287,0.4773869346733668,0.002386934673366814,0.002386934673366814,0.3869346733668342,-0.013065326633165841,-0.0030653266331658324,0.3745819397993311,0.08458193979933104,0.11487050805682275,0.3557046979865772,0.3869346733668342,0.08443467336683419,0.11904781812556964,0.36363636363636365,0.3745819397993311,0.08291527313266445,0.11265075222996368,0.3557046979865772,19.0,0.0,1.0,28.0,0.0,-1.0,36.0,2.0,0.0,0.0004985583634941695,0.00016297281732644494,-3.218192857403567e-05,0.0005070350734097673,0.00010364583054389698,-4.030577335889518e-05,"[3.625, 1.9140625, 9.1796875, 1.7744140625, 2.41015625, 8.8515625, 5.8515625, 6.328125, 11.4765625, 0.484375, 7.515625, 2.546875, 4.859375, 7.23828125, 6.01953125, 0.544921875, 0.246337890625, 1.1201171875, 8.40625, 3.00390625, 0.345458984375, 1.046875, 0.392333984375, 1.037109375, 10.328125, 9.1484375, 3.017578125, 0.206787109375, 1.43359375, 0.89697265625, 0.7763671875, 1.328125, 7.19140625, 1.671875, 5.29296875, 0.130859375, 3.34765625, 0.07855224609375, 0.0009665489196777344, 4.1484375, 0.0699462890625, 0.01033782958984375, 0.052825927734375, 0.0037364959716796875, 0.004673004150390625, 0.0028533935546875, 0.0006108283996582031, 0.01519012451171875, 9.015625, 2.16015625, 0.05194091796875, 0.0005245208740234375, 0.00039696693420410156, 2.5859375, 5.703125, 1.7578125, 0.06121826171875, 6.515625, 6.2265625, 1.48828125, 0.603515625, 4.90625, 3.7734375, 4.5859375, 0.27880859375, 6.68359375, 1.765625, 1.86328125, 2.890625, 7.98828125, 4.265625, 4.4375, 0.0008664131164550781, 3.958984375, 1.3994140625, 0.1800537109375, 0.00016319751739501953, 1.119140625, 6.546875, 7.33203125, 2.486328125, 3.267578125, 1.2470703125, 1.4208984375, 4.515625, 3.693359375, 2.345703125, 2.400390625, 0.5068359375, 0.1116943359375, 6.06640625, 0.0205230712890625, 3.779296875, 6.625, 6.27734375, 8.6953125, 1.4921875, 8.3125, 9.3671875, 0.0022830963134765625, 7.85546875, 0.6572265625, 7.3828125, 8.3984375, 6.3203125, 7.1328125, 1.26953125, 2.28515625, 4.546875, 2.419921875, 3.5, 0.580078125, 4.171875, 0.0008516311645507812, 0.2332763671875, 0.01483154296875, 1.8896484375, 0.0015869140625, 5.9140625, 0.29931640625, 0.021759033203125, 0.0009207725524902344, 1.23828125, 2.248046875, 0.01983642578125, 5.87109375, 0.1949462890625, 0.06109619140625, 0.3427734375, 0.1358642578125, 1.5400390625, 4.19921875, 0.411865234375, 2.0859375, 0.00012040138244628906, 0.0679931640625, 0.01416778564453125, 8.6328125, 2.099609375, 6.42578125, 6.54296875, 1.9912109375, 0.1295166015625, 0.1441650390625, 5.078125, 1.9736328125, 2.27734375, 3.33984375, 2.7578125, 0.0199432373046875, 6.71484375, 0.16015625, 0.029693603515625, 4.53125, 4.2578125, 1.0234375, 0.11724853515625, 0.06488037109375, 4.109375, 11.0390625, 1.08203125, 0.00042510032653808594, 0.248779296875, 0.014007568359375, 5.4609375, 0.00021982192993164062, 0.01207733154296875, 0.00928497314453125, 1.0751953125, 9.34600830078125e-05, 0.03424072265625, 0.00868988037109375, 7.79296875, 0.0650634765625, 1.322265625, 8.0390625, 6.21875, 0.84033203125, 7.49609375, 1.5888671875, 8.1875, 0.05816650390625, 0.44970703125, 10.671875, 7.04296875, 4.43359375, 0.43359375, 1.642578125, 2.482421875, 8.8984375, 1.4091796875, 2.50390625, 3.0859375, 2.916015625, 1.052734375, 0.00876617431640625, 0.474853515625, 6.26171875, 14.6640625, 0.3486328125, 0.297119140625, 4.3046875, 4.21875, 5.34375, 14.375, 2.025390625, 1.181640625, 3.251953125, 7.56978988647461e-05, 0.372314453125, 0.0154571533203125, 2.736328125, 0.0005002021789550781, 8.046875, 2.169921875, 7.3984375, 0.429443359375, 1.6337890625, 5.87890625, 1.4560546875, 0.031280517578125, 0.361328125, 0.017364501953125, 0.1815185546875, 0.051025390625, 6.5703125, 1.8974609375, 1.421875, 3.5703125, 8.6015625, 5.28515625, 0.9599609375, 0.93896484375, 6.609375, 6.2265625, 0.267578125, 2.49609375, 0.0187225341796875, 0.3349609375, 11.1328125, 0.5859375, 4.03125, 4.55078125, 3.884765625, 0.9619140625, 6.828125, 4.46875, 1.2138671875, 6.46484375, 2.861328125, 1.3095703125, 2.0078125, 1.697265625, 0.08599853515625, 2.5078125, 0.69580078125, 0.95703125, 0.96533203125, 0.9365234375, 0.006855010986328125, 7.1796875, 5.042552947998047e-05, 1.0185546875, 0.00786590576171875, 1.2333984375, 7.414817810058594e-05, 0.11822509765625, 0.0033092498779296875, 1.501953125, 6.32421875, 2.373046875, 3.138671875, 1.0126953125, 3.962890625, 0.0023326873779296875, 0.098876953125, 7.24609375, 9.4375, 7.3828125, 2.609375, 5.734375, 0.059295654296875, 0.5966796875, 0.00015211105346679688, 2.32421875, 0.0224151611328125, 7.359375, 0.703125, 8.1015625, 0.14208984375, 2.8671875, 4.6015625, 1.4150390625, 9.4765625, 0.50634765625, 4.56640625, 7.545948028564453e-05, 0.1375732421875, 0.0245208740234375]",-0.838315144829128
155,1,test,3.0120779397891977,1.3118767641064615,1.8151244831333393,5.353071157241942,2.3314701040855765,3.225842993340598,20.329599749928043,14.854551022319766,17.01958231522873,36.12980680945761,26.399538863500936,30.247236964370234,2.90736883549235,1.1558411544045597,1.6579025110029666,4.371983211266691,1.738106999104601,2.493086482711228,18.308562296763853,12.545161704588224,14.820081552908965,27.53167262671256,18.86490481892966,22.285836921667617,2.812919129097342,1.1631704453255176,1.643935400044613,4.877894443521402,2.01705857570899,2.8507550289790973,16.6584755524454,11.452804159373654,13.43975566814356,28.887529859731906,19.860354033595932,23.30593468464201,0.6432160804020101,-0.0067839195979899625,-0.0067839195979899625,0.49246231155778897,0.0024623115577889765,0.007462311557788981,0.37688442211055273,-0.003115577889447274,0.006884422110552735,0.3830409356725146,0.08669057070901098,0.14257172746137092,0.3870967741935484,0.3919597989949749,0.0962204506240476,0.13820353856091816,0.3484848484848485,0.3913043478260869,0.1024896566741671,0.14770034337669868,0.36241610738255037,21.0,8.0,8.0,31.0,4.0,4.0,42.0,12.0,10.0,0.0007690703278016727,-0.00026044400163789016,5.575549293625037e-05,-0.00900592899852004,-0.007051158747296782,-0.008209258886900273,"[2.88671875, 2.212890625, 0.2330322265625, 0.0401611328125, 3.814697265625e-05, 1.2705078125, 0.01294708251953125, 0.01422119140625, 5.5859375, 6.85546875, 1.3984375, 1.138671875, 1.2294921875, 10.640625, 0.1705322265625, 6.6484375, 3.556640625, 0.353271484375, 7.14453125, 10.21875, 1.3896484375, 6.0234375, 7.421875, 0.18212890625, 5.8984375, 2.884765625, 8.3984375, 1.8095703125, 0.7919921875, 5.53125, 6.671875, 2.876953125, 2.599609375, 0.7216796875, 3.9453125, 1.44921875, 3.837890625, 3.64453125, 0.95947265625, 11.9296875, 0.2445068359375, 8.0390625, 3.189453125, 2.38671875, 4.2578125, 4.58203125, 0.024810791015625, 0.5419921875, 2.0390625, 8.4140625, 4.30859375, 1.595703125, 1.7587890625, 9.5703125, 6.3984375, 0.15283203125, 1.3623046875, 5.56640625, 4.953125, 2.39453125, 1.8310546875, 1.2080078125, 2.45703125, 0.120849609375, 0.98486328125, 0.452392578125, 2.712890625, 5.8828125, 7.16015625, 2.8359375, 8.6640625, 0.494140625, 1.4697265625, 7.01171875, 4.23046875, 3.826171875, 3.734375, 4.80078125, 4.890625, 4.30078125, 1.0908203125, 0.0426025390625, 9.584426879882812e-05, 3.65234375, 0.763671875, 4.86328125, 5.84375, 0.1962890625, 0.018707275390625, 5.8650970458984375e-05, 3.3828125, 1.4072265625, 3.05078125, 0.1397705078125, 0.003025054931640625, 0.80419921875, 2.896484375, 0.01509857177734375, 1.435546875, 2.916015625, 1.7724609375, 0.14111328125, 8.2265625, 5.2109375, 8.953125, 1.283203125, 9.7265625, 4.0078125, 2.2890625, 0.0218658447265625, 0.135986328125, 0.030059814453125, 0.00026488304138183594, 3.7265625, 2.521484375, 0.65576171875, 9.3046875, 3.150390625, 2.33203125, 7.6015625, 7.05078125, 0.47900390625, 0.916015625, 3.849609375, 8.5, 6.625, 1.439453125, 0.5234375, 0.0009059906005859375, 0.00843048095703125, 0.004913330078125, 0.0002474784851074219, 3.23046875, 0.75927734375, 3.0078125, 2.494140625, 6.83203125, 0.152099609375, 4.94921875, 0.004093170166015625, 0.00099945068359375, 4.078125, 1.400390625, 7.7421875, 2.72265625, 0.48193359375, 1.0380859375, 1.1103515625, 0.5302734375, 5.16015625, 7.98828125, 0.376220703125, 2.431640625, 1.0283203125, 2.009765625, 0.418701171875, 1.1513671875, 5.9296875, 4.7890625, 1.7470703125, 0.00261688232421875, 0.00804901123046875, 0.00675201416015625, 0.00016748905181884766, 4.5390625, 1.4892578125, 2.646484375, 2.521484375, 0.1220703125, 0.451904296875, 0.0026340484619140625, 0.0008463859558105469, 1.5888671875, 9.8203125, 0.1319580078125, 1.888671875, 0.779296875, 10.421875, 0.07440185546875, 1.8486328125, 2.1484375, 6.9296875, 1.8388671875, 1.083984375, 0.4404296875, 0.88232421875, 4.79296875, 7.57421875, 7.85546875, 0.3349609375, 0.0005893707275390625, 0.0037326812744140625, 0.0012712478637695312, 0.0001723766326904297, 3.08203125, 0.9501953125, 4.546875, 7.90234375, 2.30859375, 0.316650390625, 0.0004589557647705078, 0.0014095306396484375, 0.0008873939514160156, 0.0006351470947265625, 2.7578125, 6.859375, 0.006343841552734375, 1.029296875, 0.98486328125, 5.421875, 8.03125, 6.28125, 7.37109375, 1.59765625, 0.304931640625, 0.0003921985626220703, 0.00447845458984375, 0.0010204315185546875, 0.0003757476806640625, 3.8359375, 0.85986328125, 6.5625, 8.84375, 4.82421875, 0.32421875, 0.00959014892578125, 0.004573822021484375, 0.003543853759765625, 0.00015866756439208984, 3.841796875, 0.822265625, 4.4375, 4.609375, 0.176025390625, 6.24609375, 1.0478515625, 0.286865234375, 0.00243377685546875, 0.012664794921875, 0.002777099609375, 0.00016939640045166016, 1.2265625, 2.1875, 2.296875, 0.0501708984375, 0.003971099853515625, 7.2890625, 1.1435546875, 6.26171875, 10.625, 0.9287109375, 5.078125, 0.5400390625, 1.052734375, 3.236328125, 0.0033397674560546875, 4.44140625, 3.27734375, 1.9091796875, 10.765625, 11.921875, 3.66796875, 0.0123748779296875, 0.00061798095703125, 9.6796875, 1.2548828125, 5.15625, 0.466552734375, 0.04248046875, 0.00012755393981933594, 1.5546875, 0.76806640625, 7.71875, 2.529296875, 0.12060546875, 2.109375, 0.002353668212890625, 0.0011873245239257812, 5.6640625, 6.21484375, 0.147216796875, 5.07421875, 0.03253173828125, 1.078125, 2.869140625, 3.10546875, 5.0703125, 11.7109375, 2.302734375, 2.271484375, 3.876953125, 1.33984375, 7.484375, 6.03125, 4.7421875, 0.70361328125, 0.003993988037109375, 0.003917694091796875, 0.002132415771484375, 0.00024819374084472656, 4.19140625, 2.30859375, 2.96484375, 0.0246124267578125, 0.0018672943115234375, 10.2578125, 6.15625, 2.90234375, 5.76171875, 10.5234375, 2.203125, 3.119140625, 2.107421875, 11.2578125, 1.5244140625, 8.890625, 10.1875, 2.34375, 2.279296875, 7.94921875, 5.31640625, 1.9755859375, 11.6015625, 1.841796875, 3.77734375, 3.962890625, 2.931640625, 0.57568359375, 0.64794921875, 2.55859375, 2.111328125, 0.09942626953125, 9.09375, 6.94921875, 1.537109375, 1.5322265625, 3.669921875, 3.2734375, 10.0, 2.90625, 7.2734375, 3.732421875]",-0.7576759931636832
133,1,test,3.145159998790925,1.3549004212220075,1.8797876871198413,5.274491923438197,2.2721932529810065,3.1524389783997337,23.22339089050896,17.23238349481182,19.678978774027478,38.946059257375275,28.899028221112992,33.00201409308956,3.132912830491761,1.1951538714648984,1.731495513992901,5.053085210470582,1.9276675346208036,2.7927346999885496,22.94070469987861,15.997531113990178,18.87975315627524,37.001136612707434,25.802469538693835,30.45121476818587,3.145159998790925,1.3549004212220075,1.8797876871198413,5.274491923438197,2.2721932529810065,3.1524389783997337,23.22339089050896,17.23238349481182,19.678978774027478,38.946059257375275,28.899028221112992,33.00201409308956,0.6884422110552764,0.008442211055276427,0.01344221105527632,0.5628140703517588,-0.017185929648241283,-0.007185929648241274,0.4170854271356784,0.002085427135678386,-0.007914572864321623,0.4200743494423792,0.08983316205833469,0.14071711829281186,0.40671641791044777,0.4120603015075377,0.07120817118172318,0.12658450851922387,0.3939393939393939,0.4200743494423792,0.08983316205833469,0.14071711829281186,0.40671641791044777,29.0,13.0,14.0,36.0,9.0,9.0,50.0,14.0,16.0,-4.8219681241778416e-05,0.0003580492064607213,0.0001848908331964876,-0.00017638486674709242,0.00021985158203818855,6.483093570341936e-05,"[2.12109375, 9.0390625, 0.7978515625, 0.0180816650390625, 0.177490234375, 0.380615234375, 1.1920928955078125e-06, 0.0160980224609375, 0.0004582405090332031, 4.0531158447265625e-06, 1.9462890625, 7.75390625, 0.1993408203125, 9.6171875, 2.919921875, 0.56591796875, 2.451171875, 6.06640625, 7.20703125, 0.7548828125, 0.1400146484375, 3.185546875, 5.03125, 0.9755859375, 6.73828125, 8.4921875, 5.0390625, 6.234375, 2.626953125, 8.1953125, 2.353515625, 2.572265625, 5.6328125, 0.06414794921875, 0.58740234375, 7.25, 6.29296875, 2.197265625, 5.578125, 8.8046875, 1.3798828125, 3.162109375, 0.6865234375, 4.91015625, 2.296875, 5.26953125, 0.0230712890625, 5.28515625, 8.6015625, 3.373046875, 4.24609375, 0.29345703125, 7.2265625, 1.7353515625, 6.57421875, 5.8359375, 0.257568359375, 0.1666259765625, 0.65087890625, 3.59765625, 7.69140625, 10.6875, 5.83203125, 6.1484375, 0.517578125, 9.609375, 0.4228515625, 8.75, 2.5, 6.1484375, 1.6494140625, 0.60009765625, 3.515625, 6.9609375, 1.734375, 0.0311431884765625, 0.67724609375, 3.09375, 0.2369384765625, 4.53515625, 4.4375, 4.1796875, 3.779296875, 4.6953125, 2.505859375, 0.0640869140625, 3.345703125, 3.732421875, 3.876953125, 1.8681640625, 0.000736236572265625, 0.0762939453125, 0.268798828125, 8.3359375, 1.49609375, 3.775390625, 0.8505859375, 2.314453125, 8.0859375, 1.7607421875, 2.212890625, 8.6796875, 2.6796875, 7.05859375, 5.3359375, 7.5625, 6.015625, 2.13671875, 9.310245513916016e-05, 0.2440185546875, 1.01953125, 10.4140625, 0.2247314453125, 0.318115234375, 1.826171875, 4.734375, 1.880859375, 1.5234375, 5.53125, 3.560546875, 3.3203125, 7.54296875, 0.2109375, 1.1904296875, 0.34033203125, 1.4951171875, 1.421875, 6.375, 3.61328125, 2.521484375, 2.59765625, 2.956390380859375e-05, 0.243408203125, 1.5556640625, 2.19140625, 0.00016689300537109375, 5.1953125, 1.8837890625, 5.01171875, 4.5, 3.05859375, 2.0, 7.4453125, 2.2890625, 6.16796875, 3.234375, 6.55078125, 2.197265625, 1.728515625, 5.82421875, 6.06640625, 0.433837890625, 2.431640625, 2.98828125, 6.2734375, 0.08917236328125, 1.1923828125, 0.067626953125, 0.908203125, 5.796875, 0.329833984375, 3.505859375, 1.060546875, 0.410888671875, 0.01441192626953125, 2.8125, 1.1484375, 8.821487426757812e-05, 0.1834716796875, 0.14501953125, 3.154296875, 0.0293731689453125, 5.1875, 0.88818359375, 2.208984375, 0.038482666015625, 8.2578125, 0.7919921875, 3.220703125, 4.6640625, 0.051300048828125, 0.233154296875, 0.453369140625, 7.48828125, 0.08258056640625, 8.796875, 1.8642578125, 5.75, 3.6953125, 0.416259765625, 1.7587890625, 0.708984375, 0.95849609375, 2.369140625, 6.390625, 0.1884765625, 2.482421875, 0.73779296875, 3.185546875, 4.20703125, 5.66015625, 1.318359375, 7.890625, 1.849609375, 7.89453125, 4.44921875, 1.8251953125, 0.00012409687042236328, 0.19384765625, 0.145263671875, 4.8359375, 0.458251953125, 4.03515625, 12.5, 0.2054443359375, 3.439453125, 0.324462890625, 1.1005859375, 2.68359375, 0.061920166015625, 0.1334228515625, 5.69921875, 8.3359375, 0.416259765625, 8.203125, 0.810546875, 2.08203125, 1.759765625, 6.64453125, 1.17578125, 0.318359375, 0.0006918907165527344, 1.6435546875, 10.3359375, 6.21484375, 0.0159454345703125, 5.453125, 0.41552734375, 0.100341796875, 0.8271484375, 1.7041015625, 1.4306640625, 3.416015625, 1.5927734375, 1.2080078125, 0.235107421875, 3.0040740966796875e-05, 0.1744384765625, 0.2078857421875, 1.8193359375, 13.6484375, 3.734375, 4.0625, 1.2392578125, 4.37890625, 2.48828125, 1.0068359375, 4.09765625, 4.50390625, 8.03125, 5.07421875, 2.025390625, 7.92578125, 3.064453125, 1.3955078125, 4.703125, 7.65234375, 4.3671875, 2.228515625]",-0.42996688757687274
322,1,test,3.133829035506343,1.3392739233532978,1.8772086534778138,5.618640223422616,2.4011834247103505,3.3656462840460217,22.9617327200805,16.944935393807505,19.448205699832045,41.168077007008236,30.380564640968487,34.86867649141485,2.959423857118616,1.141617179407875,1.663792211202714,5.058844200202763,1.9514823579621803,2.8440892499191697,19.286856568726016,13.128520159029843,15.633553729404415,32.96898558756584,22.441914801760415,26.724023469067376,3.166901674158996,1.3770165522466844,1.9067217018020999,5.689044923638915,2.4736824291856605,3.4252485661115566,23.73383516594989,17.745070716892602,20.207779143072663,42.63563203464052,31.877372545316053,36.301399658214365,0.6130653266331658,-0.011934673366834181,-0.001934673366834172,0.507537688442211,-0.007462311557788981,0.007537688442211032,0.4120603015075377,-0.007939698492462344,-0.0029396984924623393,0.4304635761589404,0.11145531169613043,0.1815648977448434,0.4418604651162791,0.4120603015075377,0.09877709348748753,0.15496514290987495,0.40909090909090906,0.43143812709030105,0.12592894512035113,0.17671065211810977,0.43624161073825507,24.0,15.0,15.0,37.0,24.0,25.0,46.0,27.0,26.0,-0.00035743412525612877,0.00018018188202105034,-0.0001648848422224887,0.0004951882937413998,9.202525539642181e-05,-5.081944426521545e-05,"[2.111328125, 9.03125, 0.796875, 0.0307769775390625, 0.180908203125, 0.380859375, 5.960464477539062e-07, 0.0136871337890625, 0.0003910064697265625, 3.933906555175781e-06, 4.93359375, 3.92578125, 7.21484375, 0.72509765625, 4.78515625, 5.5703125, 6.48828125, 0.175048828125, 0.57861328125, 7.1171875, 0.216064453125, 4.265625, 3.365234375, 1.5146484375, 0.73193359375, 4.41796875, 6.90625, 5.25390625, 3.5, 5.484375, 4.7265625, 0.434326171875, 6.7421875, 0.00690460205078125, 3.294921875, 0.34130859375, 4.17578125, 0.495361328125, 9.21875, 0.006435394287109375, 0.47412109375, 1.5810546875, 2.603515625, 5.19921875, 7.37890625, 8.3046875, 5.8984375, 2.21484375, 3.98046875, 3.796875, 2.994140625, 5.47265625, 7.203125, 4.07421875, 2.654296875, 0.07586669921875, 0.1536865234375, 5.19921875, 11.25, 1.744140625, 3.01171875, 5.25, 3.4921875, 9.7109375, 4.0859375, 0.040435791015625, 6.515625, 1.4091796875, 1.5947265625, 5.33203125, 0.0248565673828125, 1.8466796875, 10.28125, 1.1328125, 5.546875, 1.5498046875, 3.8515625, 4.79296875, 0.323974609375, 1.62109375, 4.26171875, 1.466796875, 0.43310546875, 5.328655242919922e-05, 2.275390625, 0.65283203125, 7.0234375, 2.9802322387695312e-06, 4.1015625, 1.4462890625, 3.0625, 0.2469482421875, 2.12890625, 8.1171875, 2.86328125, 0.0355224609375, 6.40625, 0.01378631591796875, 0.08380126953125, 0.063720703125, 0.1395263671875, 2.662109375, 4.9921875, 0.01214599609375, 0.003643035888671875, 0.01385498046875, 0.05352783203125, 3.279296875, 6.265625, 0.11920166015625, 10.1328125, 1.5029296875, 1.9775390625, 6.68359375, 8.6328125, 0.1690673828125, 0.1650390625, 0.0243988037109375, 2.009765625, 8.8046875, 1.125, 0.087158203125, 4.3828125, 10.9921875, 7.8046875, 0.199462890625, 3.732421875, 0.040252685546875, 0.0018634796142578125, 0.006488800048828125, 0.058563232421875, 1.978515625, 3.06640625, 1.2783203125, 0.340087890625, 7.3125, 4.03515625, 0.102783203125, 0.00836181640625, 0.004730224609375, 0.009735107421875, 1.759765625, 9.2421875, 0.634765625, 1.615234375, 1.4755859375, 8.0859375, 0.0253448486328125, 0.0302734375, 0.1416015625, 3.119140625, 1.3740234375, 5.86328125, 0.30126953125, 6.93359375, 2.953125, 1.638671875, 0.69580078125, 0.892578125, 6.9375, 1.291015625, 4.46484375, 2.62109375, 1.0947265625, 8.296875, 0.0275421142578125, 4.6328125, 6.234375, 0.0270233154296875, 0.0290069580078125, 0.006816864013671875, 0.032806396484375, 1.0830078125, 2.41796875, 3.107421875, 3.333984375, 0.81591796875, 3.966796875, 9.5367431640625e-07, 3.630859375, 0.5966796875, 7.265625, 1.3408203125, 4.41796875, 8.09375, 4.9609375, 0.86572265625, 0.94775390625, 7.87890625, 1.693359375, 4.47265625, 2.349609375, 0.53564453125, 10.296875, 0.467041015625, 0.48095703125, 5.69140625, 0.5830078125, 2.197265625, 1.6570091247558594e-05, 3.333984375, 1.1787109375, 4.72265625, 0.110107421875, 5.7109375, 5.17578125, 0.88232421875, 2.73828125, 7.17578125, 2.96875, 5.01953125, 0.0029621124267578125, 6.76953125, 2.60546875, 1.9609375, 2.365234375, 0.0001163482666015625, 12.078125, 0.54052734375, 3.662109375, 8.3828125, 7.453125, 7.05078125, 4.40234375, 3.494140625, 4.00390625, 4.62890625, 3.63671875, 0.2017822265625, 4.28125, 3.552734375, 0.0021495819091796875, 8.9609375, 6.77734375, 1.0107421875, 7.48828125, 9.078125, 8.125, 7.63671875, 0.10150146484375, 6.734375, 0.0171051025390625, 0.01537322998046875, 0.008209228515625, 0.055694580078125, 1.5166015625, 3.66796875, 0.62353515625, 4.63671875, 4.1640625, 6.4453125, 0.276611328125, 0.279052734375, 5.27734375, 2.078125, 10.40625, 1.2060546875, 3.197265625, 1.7822265625, 2.728515625, 1.2119140625, 6.1953125, 0.273193359375, 4.109375, 8.0, 4.7109375, 1.796875, 5.62890625, 0.25732421875, 9.84375, 3.0703125, 7.1953125, 2.845703125, 0.0252685546875, 1.1494140625, 4.85546875, 4.796875, 3.5625, 0.7021484375, 3.9453125, 3.08984375, 8.213520050048828e-05, 3.51171875, 0.638671875, 1.951171875, 6.9453125, 0.44384765625, 0.224365234375, 1.9443359375, 1.939453125, 4.59375, 2.45703125, 1.4296875, 3.580078125, 7.140625, 0.91748046875, 9.6875, 2.150390625, 4.08203125, 3.013671875, 0.41259765625, 0.007648468017578125]",-0.6752048351906783
287,1,test,3.2082279759740073,1.3351474348542902,1.8983574517059703,5.203087678983486,2.1653352629367655,3.0787463800103234,24.735215969508232,18.226901288627484,21.02952208578846,40.11544641208707,29.560295038607393,34.10557107502872,3.195892000917214,1.22736317298945,1.7927207255029238,5.326486668195357,2.04560528831575,2.9878678758382065,24.43195730367429,17.271822358203337,20.36387676775369,40.719928839457154,28.786370597005565,33.93979461292282,3.208065148856905,1.3424426975751214,1.8863636130935042,5.2028236067999805,2.177166682605806,3.059294834055491,24.731188733481527,18.271233091001452,20.981392368773296,40.10891506135145,29.632192128354923,34.02751454679259,0.7185929648241206,0.013592964824120535,0.003592964824120526,0.5125628140703518,-0.027437185929648278,-0.00743718592964826,0.4321608040201005,-0.00783919597989946,-0.002839195979899567,0.4285714285714286,0.12164073550212162,0.16076140218620438,0.4422310756972112,0.42713567839195976,0.1088399390435888,0.16002382530347892,0.43434343434343436,0.4206349206349206,0.11172402954581162,0.14754784939481502,0.42629482071713143,19.0,5.0,5.0,29.0,5.0,4.0,39.0,7.0,7.0,-0.00033575044218660916,-8.636959521950739e-05,-8.647559054777984e-05,-5.857619511928647e-05,-0.00012331829868550415,0.00012440840417138332,"[3.76953125, 0.0404052734375, 0.439208984375, 0.0208740234375, 0.0006074905395507812, 0.4072265625, 0.0201873779296875, 0.01070404052734375, 6.875, 1.5859375, 0.78759765625, 4.328125, 3.63671875, 0.37646484375, 7.72265625, 2.21484375, 0.2008056640625, 4.8359375, 2.958984375, 3.146484375, 0.7216796875, 5.62109375, 0.55419921875, 4.62109375, 6.17578125, 0.329833984375, 3.9140625, 5.12890625, 0.07684326171875, 8.921875, 0.042449951171875, 5.7578125, 5.0234375, 0.453857421875, 0.0261383056640625, 4.15234375, 9.8359375, 3.921875, 1.5537109375, 4.703125, 7.640625, 0.240478515625, 0.603515625, 6.1953125, 10.953125, 1.3935546875, 0.0006260871887207031, 0.121337890625, 3.255859375, 1.3740234375, 7.87109375, 2.251953125, 6.06640625, 0.006641387939453125, 4.609375, 1.6826171875, 0.00400543212890625, 4.67578125, 1.30078125, 4.265625, 0.178466796875, 8.3828125, 3.640625, 0.67431640625, 1.263671875, 4.66015625, 4.1875, 1.43359375, 0.060302734375, 6.234375, 1.74609375, 7.74609375, 0.024566650390625, 1.3583984375, 6.765625, 10.140625, 0.191162109375, 6.00390625, 10.6953125, 0.6767578125, 4.71875, 3.77734375, 0.80908203125, 4.1875, 0.794921875, 6.11328125, 2.60546875, 0.68603515625, 1.041015625, 5.53515625, 3.998046875, 0.857421875, 2.099609375, 7.359375, 1.3056640625, 6.01171875, 6.390625, 1.435546875, 2.009765625, 4.625, 0.3251953125, 2.443359375, 1.1572265625, 5.12109375, 4.453125, 1.6591796875, 5.0625, 2.310546875, 1.8466796875, 1.05859375, 1.23828125, 6.70703125, 0.0083465576171875, 0.96728515625, 7.2109375, 1.8779296875, 0.6962890625, 1.58203125, 1.4658203125, 3.375, 0.315673828125, 1.244140625, 0.076416015625, 4.546875, 4.0625, 0.50244140625, 1.3017578125, 1.7705078125, 3.908203125, 0.5791015625, 0.92529296875, 4.171875, 2.23828125, 0.172607421875, 8.03125, 2.15625, 2.404296875, 4.98046875, 4.01953125, 0.055816650390625, 4.9375, 6.90234375, 4.27734375, 0.47509765625, 2.4609375, 4.25390625, 0.01508331298828125, 3.26171875, 0.443115234375, 2.623046875, 8.71875, 0.59912109375, 0.052276611328125, 1.2861328125, 0.0443115234375, 2.05078125, 3.9765625, 1.48046875, 1.7900390625, 10.1875, 3.45703125, 0.00792694091796875, 14.4921875, 11.1328125, 1.388671875, 5.61328125, 2.423828125, 8.6015625, 6.328125, 3.326171875, 0.99169921875, 5.24609375, 0.03759765625, 1.21484375, 1.6669921875, 7.7578125, 9.2890625, 0.337890625, 14.46875, 2.32421875, 6.4765625, 6.3046875, 0.3828125, 0.07232666015625, 0.0008535385131835938, 1.30078125, 4.0625, 0.1619873046875, 4.984375, 4.6484375, 1.7431640625, 6.46484375, 11.046875, 0.03045654296875, 2.62890625, 2.45703125, 2.30859375, 0.1427001953125, 1.0966796875, 2.126953125, 3.876953125, 5.1484375, 4.31640625, 0.1064453125, 10.6953125, 0.297607421875, 5.76953125, 2.416015625, 1.4066696166992188e-05, 0.350830078125, 0.52587890625, 6.62109375, 0.00140380859375, 1.1845703125, 7.13671875, 5.1875, 3.78125, 1.0751953125, 6.453125, 1.8603515625, 0.1058349609375, 4.76953125, 8.40625, 2.279296875, 5.40234375, 4.6953125, 0.56689453125, 5.2578125, 2.373046875, 10.2421875, 9.6484375, 9.8359375, 0.12127685546875, 0.6689453125, 2.8984375, 2.607421875, 0.05328369140625, 0.0162353515625, 0.01104736328125, 0.0005807876586914062, 0.466796875, 0.057037353515625, 0.1673583984375, 1.3916015625, 3.451171875, 6.01953125, 0.1834716796875, 2.603515625, 0.6962890625, 9.7578125, 0.9912109375, 7.65625]",-0.8543535631800454
380,1,test,3.362537324642195,1.5418186463912595,2.0947958783687914,5.706123944847361,2.616419521148804,3.554805126928858,28.862331153760017,22.68603552918119,25.30951189299258,48.97850135183518,38.49751483739838,42.949474727502555,3.5421025345672916,1.5217860873355877,2.1393684931542882,5.286720200846704,2.2713225184113246,3.1930873032153557,34.53946331642568,26.998752523227406,30.473161094837284,51.55143778570997,40.296645557055825,45.48232999229445,3.368346065176003,1.5325750832798875,2.101962842659701,5.715981201510793,2.6007334746567787,3.566967248149796,29.030472819509086,22.760506506553025,25.482475806679126,49.26383266340936,38.6238898293021,43.24298924769791,0.7336683417085428,0.008668341708542804,-0.011331658291457214,0.5879396984924623,-0.002060301507537776,-0.01706030150753768,0.4773869346733668,-0.0026130653266331905,0.007386934673366818,0.4301075268817204,0.10094831400157722,0.17742576287695278,0.43525179856115104,0.42713567839195976,0.103827407715268,0.16336272346708502,0.4545454545454546,0.4336917562724014,0.10453254339225826,0.1774343069279437,0.43525179856115104,22.0,0.0,1.0,31.0,-1.0,0.0,44.0,2.0,2.0,0.00025192645296529225,0.0002666584368135028,-6.05367092739014e-05,-0.0002456840853515274,0.00018111633153772289,2.978536601450088e-05,"[1.88671875, 5.3046875, 0.005107879638671875, 0.057769775390625, 2.7578125, 8.3125, 0.45458984375, 3.365234375, 0.767578125, 0.44677734375, 7.9296875, 2.6171875, 0.065673828125, 6.62109375, 7.640625, 1.583984375, 0.01013946533203125, 1.0595703125, 1.1845703125, 8.8203125, 0.814453125, 7.1484375, 0.32373046875, 9.25, 0.47998046875, 1.8388671875, 5.3671875, 1.5009765625, 0.09326171875, 5.00390625, 4.65625, 8.5, 3.119140625, 4.15625, 0.1209716796875, 2.357421875, 3.90625, 5.46875, 0.039459228515625, 5.40234375, 9.703125, 5.71484375, 12.34375, 0.95751953125, 1.0615234375, 0.859375, 2.42578125, 0.042327880859375, 0.01995849609375, 0.83740234375, 2.232421875, 0.00949859619140625, 0.09234619140625, 0.33349609375, 0.57470703125, 5.1796875, 11.4296875, 3.314453125, 3.10546875, 8.2734375, 3.73828125, 2.44921875, 2.650390625, 13.984375, 1.7109375, 0.7509765625, 1.8994140625, 2.6875, 0.74072265625, 9.5078125, 1.09765625, 0.5322265625, 5.26171875, 5.37890625, 3.54296875, 0.5927734375, 5.82421875, 1.2431640625, 2.2890625, 7.2890625, 0.265869140625, 0.147216796875, 3.587890625, 5.67578125, 3.412109375, 4.20703125, 4.89453125, 3.05078125, 3.64453125, 7.1171875, 0.6484375, 2.19140625, 1.9228515625, 2.79296875, 0.3896484375, 6.48828125, 1.984375, 0.78857421875, 0.00038695335388183594, 7.265625, 8.5234375, 7.72265625, 1.2548828125, 4.328125, 2.4609375, 0.23876953125, 9.8828125, 0.151123046875, 1.2978515625, 5.078125, 13.1796875, 8.3125, 2.896484375, 3.59765625, 0.64599609375, 0.7216796875, 3.919921875, 6.73046875, 0.01097869873046875, 5.203125, 3.783203125, 4.609375, 1.17578125, 6.3359375, 2.216796875, 4.4453125, 0.0007467269897460938, 2.255859375, 2.013671875, 6.91015625, 6.48046875, 3.78125, 4.26953125, 2.8046875, 6.30859375, 6.36328125, 11.0703125, 2.708984375, 6.0703125, 11.09375, 3.126953125, 1.8564453125, 6.2109375, 4.359375, 2.681640625, 1.6806640625, 0.326904296875, 1.28125, 3.98828125, 0.03106689453125, 3.78125, 7.3984375, 2.619140625, 5.29296875, 7.62109375, 4.96875, 0.08551025390625, 2.294921875, 0.185546875, 0.71435546875, 0.476806640625, 1.5712890625, 3.07421875, 0.1778564453125, 0.203125, 2.013671875, 1.6279296875, 5.984375, 1.0693359375, 4.59375, 6.1640625, 8.0546875, 0.0455322265625, 1.83984375, 8.8046875, 5.12890625, 0.10479736328125, 0.10455322265625, 1.15625, 6.5625, 0.1256103515625, 6.09375, 1.28515625, 7.37109375, 2.380859375, 0.818359375, 4.58984375, 2.810546875, 4.08203125, 2.18359375, 3.814453125, 6.23828125, 1.8515625, 9.0625, 0.1451416015625, 0.78173828125, 4.1640625, 0.2427978515625, 7.5703125, 2.43359375, 5.64453125, 5.17578125, 0.0001220703125, 3.416015625, 0.77490234375, 1.63671875, 7.19140625, 0.59228515625, 3.794921875, 1.9013671875, 0.56396484375, 6.50390625, 6.25390625, 0.476318359375, 1.091796875, 6.140625, 6.12109375, 1.1962890625, 2.01953125, 4.55078125, 2.494140625, 3.078125, 0.13427734375, 4.4765625, 6.7734375, 0.697265625, 0.00859832763671875, 5.03125, 4.6875, 3.947265625, 0.342041015625, 0.80224609375, 3.142578125, 0.007648468017578125, 0.0190277099609375, 0.66552734375, 0.00022304058074951172, 0.003734588623046875, 0.43115234375, 0.380859375, 2.779296875, 2.677734375, 0.361328125, 6.2421875, 1.71484375, 8.453125, 1.6611328125, 4.68359375, 3.916015625, 1.107421875, 0.96337890625, 5.09375, 9.25, 2.40625, 4.6875, 1.166015625, 4.09765625, 3.201171875, 0.0122833251953125, 2.115234375, 9.0390625, 6.61328125, 5.0078125, 0.1640625, 4.28125, 4.12890625, 3.056640625, 6.08984375, 1.513671875, 1.998046875, 1.3212890625, 1.1884765625, 0.07037353515625, 6.84375, 0.0528564453125, 2.236328125, 5.875, 6.0, 3.146484375]",-1.0367651579627855
152,1,test,2.8380839482220734,1.2112204603864853,1.69838613602176,5.365144998008851,2.2897044319634925,3.21064776398634,17.08300224226609,11.995110809880728,13.957178605582437,32.293894649763295,22.675688928267682,26.38480339137502,2.906411883819043,1.199290091824083,1.6843817019024352,4.884725855158056,2.0156135997043414,2.8308936166427485,18.2910502678572,12.77797941219006,14.896978941842821,30.741260954381854,21.4755956507396,25.03693939805516,2.8380839482220734,1.2112204603864853,1.69838613602176,5.365144998008851,2.2897044319634925,3.21064776398634,17.08300224226609,11.995110809880728,13.957178605582437,32.293894649763295,22.675688928267682,26.38480339137502,0.6532663316582914,-0.0017336683417086274,0.003266331658291377,0.542713567839196,0.007713567839196078,-0.007286432160804046,0.38190954773869346,-0.013090452261306562,-0.008090452261306558,0.3927272727272727,0.07149315294505854,0.141215785423766,0.4197080291970803,0.3869346733668342,0.04107001171269886,0.11481447303294434,0.41414141414141414,0.3927272727272727,0.07149315294505854,0.141215785423766,0.4197080291970803,24.0,3.0,2.0,33.0,1.0,0.0,41.0,0.0,1.0,-0.0004119181818366565,-0.00026349564219157247,-6.688459067733447e-05,-0.04657359255087812,-0.046630565878750474,-0.051277029845198996,"[2.12109375, 9.0390625, 0.7978515625, 0.0180816650390625, 0.177490234375, 1.380859375, 2.474609375, 2.968311309814453e-05, 1.603515625, 0.00260162353515625, 5.78125, 3.900390625, 0.0042572021484375, -0.0, 0.00434112548828125, 0.0029144287109375, 3.3974647521972656e-05, 2.203125, 8.2578125, 1.5029296875, 5.1796875, 0.87060546875, 7.76171875, 1.85546875, 2.373046875, 1.2958984375, 9.2890625, 0.0037078857421875, 0.00937652587890625, 4.3828125, 2.22265625, 4.25390625, 3.42578125, 4.58984375, 1.333984375, 4.66015625, 0.018402099609375, 5.87109375, 2.134765625, 4.90234375, 9.0546875, 3.70703125, 1.68359375, 7.38671875, 3.732421875, 6.5546875, 1.7265625, 5.5390625, 4.16796875, 3.705078125, 0.95947265625, 0.059051513671875, 0.04638671875, 1.5616416931152344e-05, 0.003520965576171875, 3.5762786865234375e-07, 1.2159347534179688e-05, -0.0, 0.00020444393157958984, 2.384185791015625e-05, 1.3779296875, 2.2649765014648438e-06, 0.06390380859375, -0.0, 6.651878356933594e-05, 1.1563301086425781e-05, 7.593631744384766e-05, -0.0, 3.2782554626464844e-05, 2.384185791015625e-07, 0.366943359375, 7.83984375, 8.0078125, 1.13671875, 5.3125, 4.859375, 2.302734375, 1.005859375, 3.12109375, 5.27734375, 0.619140625, 8.5390625, 7.77734375, 5.31640625, 2.6484375, 6.69140625, 0.01067352294921875, 2.103515625, 1.341796875, 2.119140625, 0.0322265625, 12.328125, 7.6640625, 0.340576171875, 6.546875, 0.8046875, 3.466796875, 9.203125, 2.35546875, 0.673828125, 5.4836273193359375e-05, 0.1329345703125, 4.172325134277344e-06, 8.940696716308594e-06, 2.276897430419922e-05, 1.7881393432617188e-06, -0.0, 8.821487426757812e-06, 2.384185791015625e-07, 0.7421875, 3.728515625, 6.13671875, 3.744140625, 4.8984375, 4.3671875, 0.0027332305908203125, 6.53125, 0.9287109375, 0.323974609375, 2.03515625, 0.282958984375, 5.484375, 2.927734375, 6.0546875, 5.47265625, 1.560546875, 2.630859375, 0.75, 9.7734375, 0.337158203125, 0.0278167724609375, 4.44921875, 0.0210418701171875, 5.31640625, 2.78515625, 5.53515625, 6.82421875, 8.5234375, 0.007213592529296875, 1.9150390625, 6.9609375, 0.184326171875, 1.1044921875, 0.51708984375, 1.158203125, 2.1796875, 3.77734375, 4.61328125, 0.246337890625, 2.455078125, 1.6083984375, 5.67578125, 5.95703125, 3.703125, 2.7109375, 0.0010290145874023438, 6.875, 5.2109375, 2.73828125, 2.462890625, 1.6884765625, 1.669921875, 1.77734375, 4.390625, 2.6640625, 10.2109375, 3.068359375, 2.673828125, 2.84375, 0.37646484375, 2.81640625, 3.228515625, 5.046875, 0.87646484375, 7.55859375, 1.919921875, 5.58984375, 2.111328125, 7.8984375, 1.0771484375, 0.99365234375, 5.3203125, 0.019805908203125, 3.638671875, 2.826171875, 4.85546875, 0.14892578125, 0.1661376953125, 2.380859375, 12.078125, 7.94140625, 0.080322265625, 5.41015625, 2.654296875, 2.1796875, 2.9765625, 2.177734375, 1.9306640625, 11.1328125, 0.82275390625, 4.2734375, 5.44921875, 0.42919921875, 1.0537109375, 3.6796875, 1.0673828125, 4.84375, 4.9140625, 3.482421875, 1.2802734375, 4.671875, 1.3369140625, 5.03515625, 0.032379150390625, 9.390625, 1.0009765625, 1.5595703125, 4.03125, 8.6875, 0.222412109375, 4.91796875, 4.0625, 0.9072265625, 3.599609375, 3.978515625, 5.83203125, 2.94921875, 1.685546875, 0.67724609375, 3.7421875, 0.05755615234375, 1.75, 0.1785888671875, 2.3515625, 0.08197021484375, 2.830078125, 6.06640625, 5.2734375, 2.21875, 2.029296875, 4.12109375, 1.4189453125, 2.68359375, 2.248046875, 1.4638671875, 5.0625, 0.587890625, 1.7216796875, 2.63671875, 0.5830078125, 8.1875, 9.140625, 1.5, 0.93212890625, 7.99609375, 2.623046875, 1.1920928955078125e-06, 0.09637451171875, 8.225440979003906e-06, 3.5762786865234375e-07, 1.1920928955078125e-07, 4.76837158203125e-07, -0.0, 2.9802322387695312e-06, -0.0, 0.366943359375, 0.63916015625, 0.0002467632293701172, 6.01953125, 0.447509765625, 6.80859375, 0.3818359375, 5.640625, 3.359375, 3.2734375]",-0.5943646773425018
264,1,test,2.823976426736854,1.1695245829010787,1.6495896742060565,5.437208344015733,2.2517712118543156,3.1760756413818103,16.84369540322184,11.613483239999313,13.607537633585363,32.43039861217339,22.360288626267334,26.19958738406734,2.8836315229310463,1.2395197665369635,1.7376647381481272,5.291067014552378,2.2743481954806666,3.1883756663268383,17.879083730438076,12.702673779168563,14.733602840063265,32.80565822098729,23.30765831040103,27.034133651492223,2.792345114719079,1.1429506405043588,1.626749699226201,5.376306265653152,2.200606457090482,3.1321001671668647,16.319245465231514,11.115417644193647,13.111413157481,31.420636791266645,21.401326508969856,25.244362646493265,0.7236180904522613,-0.011381909547738656,-0.006381909547738651,0.5326633165829145,0.02266331658291454,-0.017336683417085497,0.40201005025125625,-0.002989949748743781,-0.002989949748743781,0.4046692607003891,0.06874693060330173,0.12394481050633999,0.34765625,0.40703517587939697,0.0837269052027052,0.13491497554550713,0.3434343434343434,0.4046692607003891,0.07651392089456388,0.12653213262794405,0.33984375,23.0,3.0,3.0,34.0,6.0,4.0,43.0,3.0,4.0,5.2377074880980665e-05,0.00030880634332175586,0.00024261367880809876,-9.322580442105988e-05,-0.00015080139628764755,0.00010688561932692409,"[11.3515625, 5.71484375, 1.9248046875, 4.0, 4.72265625, 0.56494140625, 5.39453125, 7.07421875, 2.23046875, 0.365966796875, 6.640625, 5.3671875, 8.4375, 1.1904296875, 0.66552734375, 2.3359375, 4.2438507080078125e-05, 5.37109375, 3.564453125, 0.0302886962890625, 0.01262664794921875, 8.3984375, 5.56640625, 2.20703125, 0.98193359375, 3.08203125, 6.94140625, 2.5703125, 6.35546875, 6.22265625, 0.289794921875, 2.794921875, 3.12109375, 1.5703125, 3.423828125, 2.30859375, 3.357421875, 9.2734375, 0.02655029296875, 0.91259765625, 9.3203125, 6.6328125, 0.91552734375, 5.30859375, 0.037628173828125, 2.611328125, 6.3046875, 1.3876953125, 4.99609375, 9.765625, 0.615234375, 7.31640625, 0.28369140625, 0.312255859375, 2.287109375, 8.46875, 8.3359375, 1.4130859375, 0.432861328125, 2.501953125, 6.90625, 3.44140625, 4.5078125, 0.85888671875, 3.064453125, 0.0017633438110351562, 2.525390625, 10.4609375, 0.451904296875, 0.56591796875, 1.90625, 5.5234375, 0.1630859375, 0.1046142578125, 3.953125, 0.65673828125, 2.19140625, 7.2734375, 5.0, 5.5859375, 2.296875, 1.537109375, 2.90625, 8.0859375, 1.1435546875, 0.35400390625, 1.5234375, 4.42578125, 0.751953125, 1.9091796875, 0.6025390625, 2.498046875, 0.39111328125, 3.580078125, 0.0548095703125, 3.822265625, 1.6142578125, 1.4013671875, 0.666015625, 0.0189971923828125, 0.59326171875, 3.17578125, 3.33984375, 1.208984375, 0.05242919921875, 1.68359375, 6.125, 3.29296875, 3.23046875, 0.1231689453125, 0.00511932373046875, 3.29296875, 1.2763671875, 0.01050567626953125, 3.794921875, 1.748046875, 3.51171875, 1.6875, 3.802734375, 2.1171875, 6.64453125, 0.00485992431640625, 0.2646484375, 2.3203125, 5.15234375, 1.84375, 4.08984375, 9.890625, 1.9892578125, 2.24609375, 1.6328125, 0.0105438232421875, 0.37353515625, 1.1171875, 2.20703125, 1.724609375, 2.216796875, 3.650390625, 3.48828125, 0.301025390625, 2.7265625, 3.9140625, 6.3984375, 0.78271484375, 0.01690673828125, 1.0927734375, 1.921875, 2.8515625, 4.640625, 2.26171875, 8.46875, 2.138671875, 1.1748046875, 4.41015625, 1.1015625, 4.65234375, 0.95068359375, 0.191162109375, 4.23828125, 5.640625, 1.1962890625, 0.98486328125, 0.05010986328125, 0.0039215087890625, 6.47265625, 1.314453125, 5.95703125, 0.10650634765625, 1.767578125, 2.775390625, 2.607421875, 3.828125, 0.01019287109375, 0.42333984375, 3.337890625, 1.8681640625, 1.494140625, 5.21484375, 0.7890625, 3.578125, 4.37890625, 1.2822265625, 4.921875, 1.482421875, 3.751953125, 0.274658203125, 2.72265625, 1.638671875, 2.744140625, 4.66796875, 2.939453125, 1.0234375, 0.003345489501953125, 0.1864013671875, 4.23828125, 1.708984375, 7.0078125, 3.072265625, 0.050872802734375, 6.5859375, 3.79296875, 5.41015625, 4.53125, 9.0234375, 0.2041015625, 0.011260986328125, 0.036865234375, 2.3515625, 9.3203125, 0.1649169921875, 5.93359375, 0.75732421875, 6.3671875, 2.46875, 0.0804443359375, 3.287109375, 4.359375, 3.697265625, 2.728515625, 0.133544921875, 0.003086090087890625, 5.36328125, 1.322265625, 0.703125, 0.0037555694580078125, 0.06353759765625, 4.890625, 6.7265625, 5.18359375, 2.8203125, 2.064453125, 2.76171875, 2.306640625, 0.418701171875, 1.2568359375, 0.0031528472900390625, 6.54296875, 0.0271453857421875, 0.03472900390625, 5.015625, 0.006465911865234375, 4.649162292480469e-06, 0.002410888671875, 0.0007271766662597656, 5.042552947998047e-05, 4.20703125, 0.7333984375, 1.642578125, 0.02374267578125, 2.279296875, 6.00390625, 0.1741943359375, 0.80322265625, 4.90625, 0.1929931640625, 1.228515625, 7.76953125]",-0.9853266185359733
80,1,test,3.6858463087252207,1.7108911094886823,2.341850578454255,5.986837067929405,2.7789618599209236,3.803815101419917,39.878857997979004,32.67256119898888,36.044524097067665,64.77433004296012,53.069304606450146,58.54630792645094,3.801029147814267,1.7984432509422268,2.442948386552771,6.180535199697995,2.924297969011751,3.9722737992727986,44.74721230026319,37.339024138168966,40.858489552404095,72.75969479717592,60.713860387266614,66.43656837789284,3.6858463087252207,1.7108911094886823,2.341850578454255,5.986837067929405,2.7789618599209236,3.803815101419917,39.878857997979004,32.67256119898888,36.044524097067665,64.77433004296012,53.069304606450146,58.54630792645094,0.7236180904522613,-0.011381909547738656,-0.011381909547738656,0.592964824120603,-0.0020351758793969443,0.012964824120602958,0.4723618090452262,0.007361809045226209,-0.007638190954773805,0.42500000000000004,0.1148395721925134,0.17915676959619953,0.43727598566308246,0.4120603015075377,0.10378962481580833,0.17165963372790494,0.43434343434343436,0.42500000000000004,0.1148395721925134,0.17915676959619953,0.43727598566308246,22.0,-1.0,1.0,33.0,-1.0,1.0,44.0,-1.0,1.0,0.0005786577979834322,5.653537429833655e-05,0.00010861580257193937,-0.0002526140072118821,0.00017724280649034085,2.6280809047207754e-05,"[1.869140625, 2.822265625, 0.70068359375, 3.0859375, 9.0234375, 1.1142578125, 1.8291015625, 0.15478515625, 0.006622314453125, 3.7578125, 2.0234375, 3.900390625, 4.48046875, 0.98779296875, 8.3984375, 5.9765625, 2.24609375, 1.93359375, 2.322265625, 2.60546875, 1.8193359375, 0.62158203125, 2.29296875, 8.6796875, 4.6953125, 8.8046875, 6.81640625, 0.18505859375, 3.9453125, 0.0167236328125, 0.69140625, 0.6826171875, 0.5068359375, 0.4326171875, 3.427734375, 3.375, 9.453125, 1.1904296875, 12.7890625, 9.7890625, 10.0078125, 12.796875, 5.41796875, 7.69921875, 5.2578125, 6.0234375, 0.53173828125, 4.2265625, 4.6328125, 0.7607421875, 1.525390625, 3.224609375, 5.078125, 0.828125, 7.4140625, 14.59375, 2.171875, 1.5439453125, 1.833984375, 8.03125, 5.38671875, 1.9921875, 3.802734375, 9.03125, 0.226806640625, 1.46484375, 6.78125, 5.3984375, 15.15625, 2.712890625, 0.84033203125, 11.6328125, 0.004543304443359375, 0.0106048583984375, 0.011871337890625, 0.442138671875, 0.41650390625, 0.56689453125, 1.0244140625, 5.9921875, 4.86328125, 0.00579833984375, 1.2177734375, 5.48046875, 7.8828125, 0.316162109375, 0.7041015625, 8.1875, 7.23046875, 2.259765625, 1.8173828125, 0.94189453125, 2.751953125, 2.951171875, 0.413818359375, 4.26953125, 6.8515625, 12.578125, 0.008026123046875, 6.56640625, 7.5234375, 1.5712890625, 4.55078125, 0.32177734375, 5.2265625, 9.65625, 7.53515625, 6.4609375, 2.654296875, 5.296875, 1.8828125, 4.68359375, 0.87890625, 6.70703125, 2.14453125, 0.12060546875, 6.4765625, 0.021636962890625, 3.349609375, 0.7060546875, 0.1517333984375, 7.40234375, 0.4853515625, 3.4140625, 2.68359375, 1.3359375, 4.48828125, 0.81298828125, 12.9453125, 0.1710205078125, 4.73828125, 6.1640625, 0.93505859375, 0.76220703125, 5.75390625, 1.005859375, 6.1015625, 2.640625, 2.490234375, 8.4765625, 0.190673828125, 6.12109375, 1.7734375, 4.91015625, 3.244140625, 7.4609375, 1.9150390625, 2.759765625, 1.90625, 0.2489013671875, 4.453125, 5.44140625, 5.1875, 2.0625, 0.373779296875, 6.19140625, 0.2432861328125, 0.436767578125, 1.251953125, 1.7353515625, 0.49462890625, 8.578125, 0.0202484130859375, 2.158203125, 0.3515625, 6.6796875, 0.1824951171875, 2.00390625, 0.00891876220703125, 1.177734375, 5.1328125, 2.107421875, 8.890625, 0.234375, 6.03515625, 0.372314453125, 2.908203125, 5.42578125, 6.859375, 2.41796875, 7.4140625, 0.85205078125, 10.09375, 2.24609375, 3.97265625, 11.171875, 1.4091796875, 3.142578125, 7.82421875, 1.880859375, 7.36328125, 7.3984375, 2.33984375, 5.05078125, 0.424072265625, 0.1414794921875, 7.39453125, 4.2578125, 2.00390625, 1.2177734375, 3.94921875, 0.9892578125, 2.615234375, 7.87109375, 11.1796875, 4.484375, 0.1990966796875, 4.015625, 8.2578125, 6.3671875, 6.953125, 7.5234375, 11.9609375, 3.64453125, 0.057525634765625, 0.427490234375, 2.125, 0.04071044921875, 2.111328125, 8.1328125, 0.1363525390625, 7.51171875, 8.6171875, 7.0390625, 4.64453125, 1.033203125, 9.0859375, 1.5107421875, 0.4951171875, 4.23046875, 0.61669921875, 1.103515625, 1.0380859375, 0.5283203125, 5.34765625, 0.91455078125, 3.384765625, 0.6259765625, 2.94921875, 4.35546875, 0.64697265625, 1.94921875, 6.328125, 5.66796875, 0.1864013671875, 1.09375, 0.15771484375, 4.859375, 0.79833984375, 4.4609375, 2.892578125, 1.2392578125, 3.49609375, 4.48828125, 0.041534423828125, 6.65625, 1.923828125, 3.642578125, 2.759765625, 7.10546875, 2.162109375, 0.169189453125, 5.08984375, 7.9765625, 5.2890625, 4.40234375, 2.59375, 0.5859375, 0.00010311603546142578, 1.5146484375, 7.140625, 0.0037174224853515625, 1.0498046875, 0.03729248046875, 3.23828125, 1.8447265625, 7.29296875, 1.94921875, 4.1953125, 5.51171875]",-0.7057047090360098
109,1,test,3.2703533867628374,1.4397034925174157,1.9981551979459946,4.860853121308698,2.1398871582772516,2.9699355947612593,26.320639065404894,20.082699723048883,22.751950467380723,39.121387026175576,29.849695763220193,33.81710670561506,3.2814161274301346,1.3472315496005776,1.8843405730648268,4.526091210248461,1.858250413242176,2.5990904456066577,26.613434040906427,19.69503370324104,22.57007596198418,36.708184884008865,27.165563728608333,31.131139257909215,3.2703533867628374,1.4397034925174157,1.9981551979459946,4.860853121308698,2.1398871582772516,2.9699355947612593,26.320639065404894,20.082699723048883,22.751950467380723,39.121387026175576,29.849695763220193,33.81710670561506,0.7236180904522613,-0.0013819095477386467,-0.006381909547738651,0.592964824120603,0.012964824120602958,0.017964824120603073,0.457286432160804,-0.0027135678391959628,-0.0027135678391959628,0.41328413284132837,0.08731728201259914,0.16052339664500936,0.41481481481481486,0.42713567839195976,0.10633367337942845,0.16002382530347892,0.43939393939393945,0.41328413284132837,0.08731728201259914,0.16052339664500936,0.41481481481481486,25.0,16.0,16.0,38.0,20.0,22.0,44.0,21.0,20.0,0.0001210499114858627,-2.958347293020378e-05,-0.0001092487139273448,-0.00019024471046957814,0.00021210453193631906,5.782182176528039e-05,"[3.783203125, 0.040191650390625, 0.3896484375, 0.0202484130859375, 0.0006041526794433594, 0.7236328125, 0.0200653076171875, 0.01122283935546875, 9.5625, 5.28125, 2.576171875, 4.55859375, 9.4296875, 0.19384765625, 3.685546875, 1.2802734375, 6.94921875, 3.263671875, 1.818359375, 4.28125, 0.009613037109375, 0.3330078125, 0.85107421875, 0.332763671875, 0.354736328125, 8.65625, 3.01953125, 6.57421875, 0.7314453125, 2.033203125, 5.21484375, 2.240234375, 5.11328125, 5.125, 3.33984375, 3.05859375, 10.71875, 6.9609375, 9.109375, 1.2119140625, 9.2109375, 5.86328125, 1.837890625, 8.6171875, 0.42919921875, 2.2890625, 0.00080108642578125, 0.1060791015625, 0.97607421875, 0.006671905517578125, 7.62939453125e-06, 0.1781005859375, 1.064453125, 8.734375, 1.3349609375, 5.16015625, 5.42578125, 2.3203125, 1.10546875, 0.19140625, 3.09375, 0.364013671875, 6.31640625, 2.2734375, 8.734375, 1.873046875, 1.3310546875, 7.65625, 4.7109375, 2.326171875, 3.13671875, 5.17578125, 0.220947265625, 2.107421875, 2.419921875, 1.8251953125, 2.390625, 4.13671875, 0.51220703125, 2.251953125, 4.07421875, 1.18359375, 3.57421875, 7.625, 2.048828125, 1.2998046875, 2.45703125, 6.4609375, 0.32861328125, 1.857421875, 6.33984375, 2.740234375, 4.3515625, 5.66015625, 5.7734375, 0.1484375, 8.09375, 1.6845703125, 0.98486328125, 0.0009241104125976562, 0.458984375, 2.439453125, 4.76837158203125e-05, 1.6123046875, 0.0181732177734375, 8.53125, 0.14990234375, 8.828125, 3.6875, 0.385986328125, 8.53125, 7.484375, 9.7890625, 0.017852783203125, 2.876953125, 3.93359375, 3.697265625, 8.1015625, 0.0772705078125, 6.46875, 2.005859375, 4.84375, 3.01171875, 1.7744140625, 9.09375, 3.34765625, 6.453125, 5.6875, 5.7265625, 3.94921875, 4.2421875, 4.1015625, 5.2421875, 3.29296875, 10.828125, 4.84375, 6.37890625, 2.6015625, 4.97265625, 5.40625, 3.14453125, 1.2275390625, 1.2275390625, 6.44921875, 3.755859375, 1.3916015625, 6.1875, 2.544921875, 4.90234375, 7.7265625, 1.80078125, 2.02734375, 1.908203125, 0.85107421875, 0.1953125, 0.705078125, 1.9921875, 6.515625, 0.316650390625, 4.36328125, 1.5166015625, 6.1953125, 0.1429443359375, 0.263427734375, 0.051971435546875, 1.4541015625, 6.59765625, 4.05859375, 9.015625, 8.828125, 2.28125, 5.4296875, 3.275390625, 0.1876220703125, 1.6728515625, 1.8583984375, 1.04296875, 3.931640625, 3.70703125, 0.039459228515625, 0.50244140625, 4.44140625, 2.62109375, 4.08203125, 3.869140625, 1.6171875, 6.03125, 1.5703125, 1.125, 3.48828125, 1.111328125, 7.200241088867188e-05, 0.91796875, 0.93505859375, 0.0007190704345703125, 5.1140785217285156e-05, 0.0164031982421875, 0.390869140625, 9.234375, 0.03985595703125, 0.038665771484375, 0.05816650390625, 5.12890625, 1.994140625, 3.69140625, 3.1171875, 0.01105499267578125, 2.806640625, 2.359375, 2.02734375, 10.4921875, 4.03125, 0.2276611328125, 3.068359375, 5.421875, 2.474609375, 1.6875, 1.5185546875, 3.947265625, 0.0220794677734375, 1.09765625, 6.7734375, 7.015625, 0.85595703125, 8.125, 1.9873046875, 1.7642974853515625e-05, 0.377685546875, 0.58984375, 1.2001953125, 0.00025200843811035156, 2.005859375, 8.03125, 6.8515625, 4.41015625, 9.2109375, 8.796875, 0.50439453125, 5.33984375, 0.583984375, 12.3984375, 5.8984375, 2.71875, 8.9765625, 0.30859375, 0.15625, 0.11627197265625, 3.271484375, 2.875, 1.0322265625, 10.828125, 0.560546875, 6.90625, 1.70703125, 2.20703125, 0.64208984375, 2.955078125, 6.4609375, 4.4296875, 4.609375, 1.19921875, 2.751953125, 2.67578125, 6.0439109802246094e-05, 0.1666259765625, 0.53076171875, 2.62890625, 2.08203125, 4.5625, 0.57861328125, 7.22265625]",-0.9023513098924361
140,1,test,3.2680964552757823,1.4427792033867795,2.008013229183269,5.702718646789956,2.5176012945004205,3.503915701930536,26.261302171178457,20.056538991451852,22.735587264548318,45.8250910369557,34.9979875018623,39.67283683746686,3.200213092655393,1.3526209118225085,1.9049603300822016,5.378509399420829,2.2733124568445526,3.2016140001381546,24.537758456144573,18.193233807853442,20.885839530227248,41.23993017839424,30.576863542610823,35.1022513113063,3.2830944171743504,1.462725848612451,2.0250987760499335,5.7288895870156455,2.552407521068707,3.5337294078723676,26.65813659574266,20.48400297361326,23.13977424134443,46.517553791228806,35.74389780630502,40.37812954865471,0.6783919597989949,0.00339195979899487,-0.0016080402010050232,0.5678391959798995,0.002839195979899567,-0.0021608040201005485,0.4321608040201005,-0.002839195979899567,-0.01783919597989947,0.42471042471042475,0.10293778501870987,0.18209168273353127,0.43023255813953487,0.40201005025125625,0.07870177957456448,0.1415759934899875,0.398989898989899,0.42471042471042475,0.09908422047150378,0.17952428863853775,0.4263565891472868,19.0,0.0,1.0,31.0,-1.0,-2.0,38.0,0.0,0.0,-0.00013408204532719916,0.00013377804139937243,0.00015138830664553166,-0.00010708564814265742,-0.00016179463533028127,9.987650539144965e-05,"[1.8828125, 2.81640625, 0.8125, 5.09765625, 3.8359375, 0.420654296875, 4.99609375, 0.69482421875, 1.5322265625, 1.220703125, 0.10321044921875, 1.4296875, 10.7890625, 1.337890625, 6.4140625, 7.50390625, 2.09375, 7.76953125, 3.669921875, 5.76953125, 2.013671875, 6.05859375, 3.736328125, 4.24609375, 3.91796875, 7.34765625, 3.123046875, 0.71630859375, 1.3505859375, 2.51171875, 5.390625, 3.779296875, 2.09765625, 6.1875, 1.9208984375, 2.46875, 1.322265625, 3.095703125, 3.18359375, 6.65625, 3.9921875, 8.375, 10.0, 0.5986328125, 4.59765625, 0.5986328125, 0.9970703125, 1.5478515625, 7.625, 0.0516357421875, 1.4228515625, 0.376220703125, 2.103515625, 5.5234375, 8.859375, 7.39453125, 0.185546875, 0.43896484375, 2.734375, 0.057586669921875, 0.342041015625, 5.76953125, 0.366455078125, 5.08203125, 6.30859375, 14.2421875, 3.1875, 4.71484375, 4.66796875, 8.9375, 8.78125, 2.4765625, 2.283203125, 0.468994140625, 0.583984375, 5.40625, 2.71484375, 1.1689453125, 6.30859375, 5.1171875, 0.6181640625, 7.748603820800781e-06, 0.226806640625, 0.1326904296875, 4.4765625, 4.22265625, 8.390625, 5.2109375, 1.0947265625, 0.79345703125, 6.3203125, 1.7021484375, 2.2421875, 5.59375, 4.8203125, 6.08203125, 0.4638671875, 0.716796875, 4.24609375, 5.08984375, 0.115234375, 0.93798828125, 0.431640625, 0.443359375, 7.97265625, 2.9765625, 6.76171875, 4.8125, 0.32763671875, 6.6875, 4.0703125, 0.94921875, 4.5234375, 4.19921875, 6.875, 0.5126953125, 8.1015625, 5.0234375, 0.62841796875, 4.3359375, 0.85205078125, 7.48046875, 2.4453125, 4.61328125, 0.358642578125, 6.0546875, 2.48046875, 0.75048828125, 1.06640625, 6.10546875, 4.203125, 0.192138671875, 3.359375, 2.03125, 11.6953125, 2.123046875, 3.931640625, 0.005779266357421875, 0.36181640625, 1.236328125, 2.513671875, 0.0059661865234375, 0.8408203125, 8.344650268554688e-07, 0.07000732421875, 2.134765625, 9.715557098388672e-05, 0.0254364013671875, 0.703125, 0.84033203125, 0.0021820068359375, 6.66015625, 2.72265625, 0.006221771240234375, 0.75390625, 8.1796875, 5.890625, 0.032501220703125, 0.3427734375, 2.998046875, 3.388671875, 5.44921875, 0.004253387451171875, 8.359375, 0.159423828125, 0.9091796875, 4.4765625, 0.771484375, 0.36181640625, 3.3125, 0.303955078125, 1.3515625, 2.86328125, 1.51953125, 7.71484375, 2.57421875, 3.412109375, 2.23046875, 2.0234375, 0.79931640625, 4.10546875, 4.4609375, 0.76708984375, 10.359375, 0.005451202392578125, 2.294921875, 0.161865234375, 0.4453125, 13.828125, 1.01953125, 2.244140625, 1.6328125, 1.0361328125, 3.232421875, 3.5762786865234375e-07, 0.2489013671875, 0.13037109375, 2.173828125, 9.6640625, 9.3984375, 0.01177215576171875, 0.39892578125, 7.4921875, 0.28759765625, 6.48046875, 0.23583984375, 0.1268310546875, 7.58203125, 8.046875, 0.35888671875, 4.26171875, 6.53515625, 5.93359375, 5.6171875, 0.226318359375, 0.0811767578125, 0.783203125, 6.27734375, 3.48828125, 2.9140625, 7.3984375, 3.66015625, 2.033203125, 1.2421875, 5.953125, 6.58984375, 1.3212890625, 4.9453125, 0.300537109375, 8.984375, 1.59765625, 7.00390625, 2.26171875, 1.15234375, 1.430511474609375e-06, 0.65234375, 0.1292724609375, 3.10546875, 0.03546142578125, 5.734375, 0.385009765625, 3.40625, 9.7421875, 1.109375, 0.3203125, 9.25, 3.46875, 5.71484375, 1.8857421875, 5.4765625, 2.51953125, 3.001953125, 4.2890625, 4.22265625, 5.4140625, 0.341064453125, 3.724609375, 2.47265625, 2.333984375]",-0.468915454209081
462,1,test,3.3496359874767885,1.4859193714389631,2.0555788012581306,5.109614218184932,2.266656668296724,3.1356286798852846,28.492360179925104,22.04470442408117,24.84480479293253,43.462922308360326,33.62751522317467,37.89885476888013,3.148096206799224,1.2696982634172478,1.7836665952046944,4.433938319435527,1.7883074132637296,2.512206472119288,23.291679802985684,16.74866562105462,19.37818959716553,32.8051828211066,23.589669888809325,27.293224784740186,3.3496359874767885,1.4859193714389631,2.0555788012581306,5.109614218184932,2.266656668296724,3.1356286798852846,28.492360179925104,22.04470442408117,24.84480479293253,43.462922308360326,33.62751522317467,37.89885476888013,0.6934673366834171,-0.0015326633165829717,-0.006532663316582865,0.592964824120603,-0.027035175879396967,-0.012035175879396953,0.4321608040201005,-0.012839195979899465,-0.01783919597989947,0.43494423791821557,0.08615017483843823,0.17289232197260374,0.4925373134328358,0.4321608040201005,0.08880240803012551,0.16004060368621065,0.4747474747474747,0.43494423791821557,0.08615017483843823,0.17289232197260374,0.4925373134328358,24.0,15.0,14.0,39.0,19.0,19.0,48.0,24.0,22.0,-0.0002549636513624343,-0.0005005560959035288,-4.7645723043357556e-05,-0.00017638486674709242,0.00021985158203818855,6.483093570341936e-05,"[3.783203125, 0.040191650390625, 0.3896484375, 0.0202484130859375, 0.0006041526794433594, 0.7236328125, 0.0200653076171875, 0.01122283935546875, 8.5625, 2.591796875, 3.607421875, 8.453125, 1.4150390625, 2.056640625, 2.5390625, 0.46875, 2.689453125, 0.004734039306640625, 0.055999755859375, 0.0041656494140625, 0.0004153251647949219, 2.494140625, 0.00022923946380615234, 0.00014674663543701172, 5.70703125, 3.083984375, 7.5390625, 4.703125, 3.564453125, 4.55078125, 0.70361328125, 2.62890625, 9.6171875, 0.0305328369140625, 5.82421875, 0.1026611328125, 2.076171875, 0.01001739501953125, 0.08160400390625, 0.9365234375, 6.8203125, 0.06292724609375, 4.2890625, 3.134765625, 5.04296875, 3.19921875, 0.1630859375, 4.28515625, 2.345703125, 0.10919189453125, 0.06951904296875, 2.251953125, 2.396484375, 2.017578125, 9.65625, 4.3359375, 2.5390625, 5.0859375, 0.252197265625, 9.4375, 5.375, 0.308349609375, 1.86328125, 7.6953125, 5.01953125, 8.9140625, 2.373046875, 1.107421875, 8.1015625, 6.66015625, 6.43359375, 1.876953125, 5.88671875, 4.58984375, 1.978515625, 6.859375, 0.33935546875, 6.953125, 1.45703125, 2.23828125, 1.1064453125, 4.5546875, 0.0364990234375, 10.296875, 0.0017375946044921875, 8.4140625, 5.0703125, 5.33203125, 4.62109375, 4.30078125, 2.763671875, 5.21875, 5.55078125, 1.630859375, 4.90625, 2.330078125, 0.01389312744140625, 2.412109375, 4.16015625, 6.578125, 5.1484375, 9.375, 0.2191162109375, 2.705078125, 2.13671875, 3.322265625, 3.814453125, 0.004695892333984375, 0.365966796875, 0.46728515625, 9.5234375, 0.38330078125, 2.056640625, 6.4140625, 2.462890625, 2.5625, 2.603515625, 6.203125, 0.853515625, 6.734375, 0.324462890625, 2.17578125, 4.828125, 3.015625, 0.77392578125, 2.48828125, 3.298828125, 0.442626953125, 4.7421875, 0.7744140625, 3.65625, 8.6484375, 1.0673828125, 2.375, 4.15625, 6.3515625, 0.67919921875, 2.501953125, 5.9921875, 4.53125, 1.76171875, 3.39453125, 0.00061798095703125, 0.17919921875, 1.447265625, 0.0011548995971679688, 0.00010097026824951172, 0.10888671875, 0.1763916015625, 9.9140625, 6.515625, 2.90625, 1.7939453125, 1.890625, 3.697265625, 3.794921875, 0.01178741455078125, 1.44140625, 5.5546875, 0.0091400146484375, 4.84375, 0.50732421875, 0.1968994140625, 3.599609375, 5.8046875, 0.37646484375, 0.455322265625, 2.916015625, 2.337890625, 5.5234375, 6.60546875, 7.7734375, 3.294921875, 3.162109375, 2.0390625, 2.439453125, 3.51171875, 3.544921875, 0.54345703125, 7.30078125, 3.00390625, 4.94140625, 0.73583984375, 1.6328125, 3.0875205993652344e-05, 0.2890625, 0.9501953125, 1.267578125, 0.00010979175567626953, 7.625, 2.638671875, 7.08984375, 1.1279296875, 3.486328125, 6.1171875, 3.96875, 2.546875, 7.1484375, 6.17578125, 4.69921875, 3.548828125, 0.927734375, 5.84375, 1.4013671875, 3.244140625, 5.87890625, 3.76171875, 7.20703125, 3.943359375, 7.9609375, 3.19921875, 4.703125, 1.8408203125, 1.9775390625, 0.86328125, 1.2278556823730469e-05, 0.46728515625, 0.98095703125, 4.76171875, 0.380126953125, 2.078125, 5.796875, 5.53515625, 1.4228515625, 2.51953125, 0.0157318115234375, 3.111328125, 4.2734375, 1.8564453125, 4.0390625, 4.31640625, 2.177734375, 11.203125, 5.6484375, 0.72802734375, 10.296875, 0.3115234375, 3.6640625, 3.56640625, 5.17578125, 2.77734375, 3.875, 4.37109375, 1.8818359375, 4.7109375, 3.404296875, 0.492919921875, 0.1988525390625, 6.015625, 3.216796875, 7.5703125, 2.40625, 2.78515625, 1.5283203125, 8.015625, 11.6171875, 9.28125, 4.0703125, 7.66015625, 7.1484375, 0.02276611328125, 7.78125, 2.84375, 12.6015625, 0.78076171875, 2.58984375, 4.4140625, 1.85546875, 3.587890625]",-0.619481415553607
149,1,test,2.614971925390412,1.0812874588846153,1.4979609088588715,4.794115196549089,1.9823603412884614,2.746261666241264,13.666832681515908,9.031608956309846,10.611125599662357,25.0558599161125,16.557949753234716,19.453730266047653,2.3968228335356594,0.8606825577573312,1.3163134897276556,4.028273669807831,1.4465253071551785,2.2122915793742113,10.988209491542323,6.341588551967326,8.0420297041453,18.467578977382058,10.658132020113154,13.5160163094879,2.4835045588853766,0.9894755766687693,1.4278484956071698,4.599082516454401,1.8323621790162399,2.644163880754018,11.983186698811217,7.52817813943896,9.109326729263913,22.19108647928003,13.941070628590667,16.86912357271095,0.507537688442211,-0.007462311557788981,-0.007462311557788981,0.40201005025125625,-0.002989949748743781,-0.007989949748743785,0.3417085427135679,0.0017085427135679065,0.011708542713567915,0.3931623931623932,0.09871004607846723,0.14976063363160141,0.37428571428571433,0.39698492462311563,0.10375184191634867,0.16660095133430097,0.3282828282828283,0.3812709030100334,0.10915070267614357,0.16102618665853174,0.3389261744966443,21.0,4.0,4.0,31.0,4.0,4.0,38.0,7.0,5.0,-0.0005167346988402566,0.00020340193795303328,9.501262252612437e-07,-0.11119607162972223,-0.10922792972452822,-0.11132718781059392,"[12.3671875, 3.984375, 5.1171875, 4.74609375, 3.01171875, 1.3662109375, 1.5537109375, 3.271484375, 1.716796875, 5.3515625, 0.6962890625, 0.884765625, 1.9208984375, 0.133544921875, 4.12109375, 1.7841796875, 0.16943359375, 1.4912109375, 4.28515625, 2.599609375, 5.82421875, 5.23828125, 5.37109375, 1.873046875, 7.9921875, 7.71875, 8.7734375, 2.9140625, 4.42578125, 7.140625, 10.625, 1.06640625, 3.29296875, 6.62890625, 0.51171875, 5.6484375, 0.003536224365234375, 0.9384765625, 0.308349609375, 1.0439453125, 4.8984375, 0.0301513671875, 2.681640625, 3.197265625, 1.1318359375, 2.52734375, 0.5009765625, 4.40625, 1.998046875, 0.0025634765625, 1.091796875, 5.47265625, 5.56640625, 6.198883056640625e-06, 1.1920928955078125e-06, 2.08984375, 0.0023670196533203125, 1.1920928955078125e-07, -0.0, 0.0005974769592285156, 1.239776611328125e-05, 1.8358230590820312e-05, 1.1920928955078125e-07, 2.3245811462402344e-05, 0.43505859375, 2.435546875, 0.12176513671875, 0.0240936279296875, 0.1497802734375, 0.00688934326171875, 0.0022106170654296875, 3.337860107421875e-06, 0.0001418590545654297, 0.0001392364501953125, 0.0008115768432617188, -0.0, 9.5367431640625e-07, 0.470703125, 0.00026679039001464844, -0.0, -0.0, 0.0005812644958496094, 0.00015783309936523438, 6.4373016357421875e-06, 2.0265579223632812e-06, 7.62939453125e-06, 0.91064453125, 6.01171875, 0.2161865234375, 0.7177734375, 0.00775146484375, 8.9453125, 0.10028076171875, 0.1331787109375, 0.79345703125, 0.00397491455078125, 8.821487426757812e-06, 0.0224609375, 0.0009365081787109375, 0.0001043081283569336, 6.30859375, 0.6298828125, 0.427490234375, 3.275390625, 2.646484375, 0.282470703125, 7.3671875, 5.41796875, 9.375, 3.568359375, 10.4375, 0.33642578125, 7.8671875, 7.64453125, 3.87890625, 2.41015625, 5.34765625, 0.243408203125, 5.5546875, 5.67578125, 0.18994140625, 7.61328125, 1.431640625, 3.736328125, 4.23828125, 1.3994140625, 0.04522705078125, 5.698204040527344e-05, 0.00027060508728027344, 0.00021457672119140625, 0.0014772415161132812, -0.0, 3.7789344787597656e-05, 0.84619140625, 1.859375, 0.00047850608825683594, 2.6226043701171875e-06, 2.288818359375e-05, 9.250640869140625e-05, 2.7418136596679688e-06, 0.00020074844360351562, 4.601478576660156e-05, 3.5762786865234375e-07, 0.2021484375, 0.380859375, 7.9453125, 1.2900390625, 5.625, 2.4140625, 2.181640625, 9.4921875, 0.70849609375, 4.546875, 5.76171875, 2.896484375, 4.79296875, 1.7236328125, 5.0859375, 1.619140625, 3.330078125, 0.84521484375, 6.3359375, 4.8671875, 0.234130859375, 6.51953125, 4.953125, 3.046875, 1.5888671875, 0.509765625, 0.466064453125, 2.35546875, 7.0390625, 7.37890625, 6.06640625, 3.01953125, 3.962890625, 1.232421875, 1.0986328125, 0.00928497314453125, 7.987022399902344e-06, 2.2411346435546875e-05, 1.0251998901367188e-05, 0.00013017654418945312, 2.384185791015625e-07, 2.0265579223632812e-05, 0.2666015625, 0.8505859375, 4.703125, 1.5888671875, 4.38671875, 2.84765625, 4.92578125, 0.63818359375, 0.7431640625, 6.55078125, 1.6201171875, 4.0078125, 0.06903076171875, 6.1328125, 8.6953125, 1.841796875, 4.609375, 1.5498046875, 2.71875, 9.0546875, 9.9140625, 0.425537109375, 3.01953125, 0.50390625, 9.3671875, 10.5859375, 0.037506103515625, 0.50830078125, 0.53564453125, 0.0024051666259765625, 4.5299530029296875e-06, 1.6450881958007812e-05, 8.106231689453125e-06, 8.237361907958984e-05, -0.0, 3.933906555175781e-06, 0.5, 1.65234375, 4.41796875, 7.19921875, 1.7265625, 3.83203125, 10.234375, 7.95703125, 0.457763671875, 0.78173828125, 0.76025390625, 0.40283203125, 5.71484375, 0.1019287109375, 2.255859375, 9.140625, 6.4375, 3.19140625, 0.4990234375, 5.5546875, 5.58984375, 4.9140625, 8.875, 4.1640625, 0.270263671875, 7.0546875, 2.041015625, 1.1103515625, 2.3828125, 5.203125, 1.626953125, 0.962890625, 0.01311492919921875, 1.3232231140136719e-05, 8.702278137207031e-06, 4.649162292480469e-06, 4.184246063232422e-05, -0.0, 4.76837158203125e-06, 0.9384765625, 2.361328125, 2.5987625122070312e-05, 0.00038814544677734375, 3.337860107421875e-06, 5.960464477539062e-07, 0.00010752677917480469, 3.5762786865234375e-07, 6.67572021484375e-06, 1.7353515625, 0.1939697265625, 3.8671875, 0.0308380126953125, 9.1953125, 0.28466796875, 3.9453125, 3.853515625, 4.9609375, 4.73046875, 5.23828125, 0.086181640625, 7.4609375, 8.8125, 3.3046875, 5.625, 5.65625, 9.53125, 0.0372314453125, 0.426513671875, 0.84765625, 2.462890625, 0.0015716552734375, 1.609325408935547e-05, 1.9788742065429688e-05, 2.5033950805664062e-06, 4.553794860839844e-05, -0.0, 7.271766662597656e-06, 0.5439453125, 0.67138671875, 1.15234375, 5.6624412536621094e-05, 7.28515625, 3.294921875, 1.349609375, 2.001953125, 6.66796875, 3.560546875, 5.93359375, 7.30859375, 1.568359375, 0.1937255859375, 4.984375, 2.89453125, 2.53125, 5.31640625, 4.3984375, 6.62890625, 2.74609375, 5.57421875, 9.3046875, 2.5078125, 3.77734375, 1.63671875, 4.70703125, 8.53125, 1.482421875, 4.203125, 6.3671875, 1.716796875, 6.20703125, 1.4677734375, 1.322265625, 6.33984375, 0.0003674030303955078, 1.2421875, 0.004055023193359375, 3.775390625, 4.2265625, 4.62109375, 1.89453125, 2.337890625, 0.15380859375, 0.12939453125, 4.83203125, 3.755859375, 5.3515625, 1.1640625, 0.68798828125, 5.37890625, 0.1998291015625]",-0.9750449164980157
89,1,test,3.5911673357853524,1.5418551581474067,2.1531857118101403,5.858091716499857,2.5151512267279577,3.512384192390291,36.27639795715916,28.51383794986529,32.06421249996531,59.17587416761589,46.51319815571776,52.30474664056841,3.560609390987224,1.3522603354723266,1.9908138740130819,5.3542998360710135,2.0334741886801906,2.993705073703883,35.18463181091157,26.0839525434329,30.37896639461921,52.90922076828807,39.22398878711714,45.682656232510084,3.5911673357853524,1.5418551581474067,2.1531857118101403,5.858091716499857,2.5151512267279577,3.512384192390291,36.27639795715916,28.51383794986529,32.06421249996531,59.17587416761589,46.51319815571776,52.30474664056841,0.7537688442211055,-0.0012311557788945438,0.0037688442211054607,0.592964824120603,-0.012035175879396953,-0.007035175879396949,0.4371859296482412,0.007185929648241163,-0.00781407035175874,0.38076923076923075,0.05447364535656285,0.11350580365925633,0.38223938223938225,0.371859296482412,0.04604476014155989,0.08805295257590118,0.36868686868686873,0.38076923076923075,0.05447364535656285,0.11350580365925633,0.38223938223938225,21.0,4.0,4.0,30.0,9.0,8.0,42.0,10.0,11.0,-0.0004476625738361968,-0.0002522902481391081,4.74081952382046e-05,-0.00011401557000390028,-0.0001672912548489336,9.637194842149199e-05,"[1.783203125, 4.34765625, 0.00472259521484375, 0.0274505615234375, 7.20703125, 4.55078125, 9.4375, 12.859375, 11.4609375, 1.67578125, 2.744140625, 2.470703125, 3.66796875, 1.7900390625, 10.53125, 1.22265625, 1.8583984375, 2.095703125, 4.8671875, 0.73095703125, 0.5888671875, 5.48828125, 2.3359375, 6.359375, 5.5625, 0.47998046875, 10.5625, 3.419921875, 0.07647705078125, 4.390625, 2.091796875, 5.390625, 0.412109375, 9.1640625, 1.1025390625, 2.109375, 4.0703125, 5.6953125, 2.119140625, 8.7265625, 0.7392578125, 1.0595703125, 0.40380859375, 0.2279052734375, 2.359375, 1.7881393432617188e-05, 0.231689453125, 0.303466796875, 14.453125, 1.0, 0.0230560302734375, 0.09588623046875, 4.01171875, 0.3818359375, 8.0625, 5.42578125, 5.015625, 0.02618408203125, 4.56640625, 3.359375, 1.0703125, 4.109375, 8.9375, 0.46826171875, 9.9140625, 1.216796875, 2.451171875, 0.70849609375, 1.736328125, 6.3828125, 2.884765625, 2.34765625, 7.58984375, 15.03125, 5.765625, 2.150390625, 7.14453125, 2.349609375, 2.525390625, 2.384765625, 0.0001806020736694336, 0.1324462890625, 0.1632080078125, 7.375, 0.95654296875, 1.123046875, 2.451171875, 3.337890625, 4.6953125, 1.623046875, 0.06256103515625, 2.19140625, 2.328125, 4.36328125, 2.896484375, 4.09765625, 3.08984375, 9.28125, 1.41015625, 2.119140625, 5.53125, 1.1591796875, 2.9087066650390625e-05, 0.1920166015625, 1.208984375, 1.529296875, 0.00027179718017578125, 6.359375, 0.00655364990234375, 4.73046875, 3.205078125, 0.220703125, 1.7890625, 4.86328125, 1.037109375, 0.038726806640625, 11.921875, 1.560546875, 0.6474609375, 0.348388671875, 0.32568359375, 1.673828125, 6.03515625, 0.075927734375, 1.12109375, 7.9453125, 10.203125, 2.388671875, 7.92578125, 3.3046875, 0.328857421875, 3.021484375, 0.00013208389282226562, 0.1844482421875, 0.671875, 3.234375, 13.75, 14.4375, 4.109375, 10.0625, 0.447998046875, 5.15625, 3.38671875, 0.47314453125, 3.96875, 1.8671875, 3.580078125, 5.515625, 1.6513671875, 3.10546875, 2.54296875, 2.171875, 2.30078125, 1.6318359375, 3.9140625, 4.34765625, 4.4296875, 1.83984375, 0.2239990234375, 1.4912109375, 0.0001804828643798828, 0.133056640625, 4.09765625, 0.0006651878356933594, 0.69921875, 0.026336669921875, 2.5859375, 10.65625, 10.6640625, 2.599609375, 11.2890625, 3.33203125, 2.787109375, 4.33203125, 10.2734375, 3.02734375, 11.5859375, 3.04296875, 3.330078125, 6.16015625, 1.9033203125, 0.04205322265625, 6.34765625, 1.84375, 2.287109375, 3.19140625, 1.1328125, 2.32421875, 6.09375, 8.265625, 5.66015625, 6.328125, 3.5, 5.15234375, 1.3994140625, 0.6318359375, 5.78515625, 2.34765625, 5.09765625, 1.169921875, 1.615234375, 1.8056640625, 1.4072265625, 6.578125, 0.0743408203125, 1.150390625, 9.859375, 3.185546875, 1.4169921875, 2.626953125, 7.34765625, 0.09759521484375, 0.12493896484375, 5.51953125, 2.259765625, 7.12890625, 1.119140625, 1.033203125, 0.000762939453125, 3.7421875, 7.01953125, 1.0810546875, 1.337890625, 6.625, 6.140625, 2.341796875, 2.455078125, 1.814453125, 7.36328125, 2.015625, 3.314453125, 0.003070831298828125, 4.55078125, 1.9248046875, 7.16015625, 1.3720703125, 5.58203125, 1.0859375, 4.32421875, 4.4296875, 0.08685302734375, 3.158203125, 2.2734375, 9.9296875, 1.970703125, 11.90625, 3.91796875, 12.1796875, 4.34375, 6.8671875, 3.05078125, 0.33935546875, 6.80859375, 7.69921875, 1.1357421875, 8.1796875, 5.19921875, 0.05511474609375, 3.755859375, 0.39501953125]",-0.6445356557002433
147,1,test,2.821328154525852,1.1204727311384053,1.4376679554033904,4.706115842819056,1.8690043067121946,2.3981017347392655,16.799147725978447,11.320515788281279,12.809670508526583,28.02181487901799,18.88318401198786,21.367168234139783,2.8797878146770612,1.1355951895665883,1.6372736860160253,3.9449148146261113,1.5556098487213537,2.242840665775377,17.81049365329885,12.089213261224353,14.346181401329808,24.397936511368286,16.560566111266237,19.652303289492888,2.8406834713990072,1.2121366098971669,1.6817812617938785,4.347984905202562,1.8553111375977043,2.5741549925416507,17.127467671944313,12.031004204159842,13.941034352478036,26.21551174277191,18.41480235330588,21.338317886445978,0.6180904522613065,-0.01190954773869346,-0.016909547738693465,0.48743718592964824,-0.017562814070351762,-0.017562814070351762,0.40703517587939697,-0.00296482412060306,0.0020351758793969443,0.41645885286783046,0.10099750623441406,0.12711378932921857,0.4075,0.4120603015075377,0.11809045226130654,0.16247906197654938,0.4040404040404041,0.42140468227424754,0.11204013377926425,0.181716833890747,0.40604026845637586,24.0,11.0,12.0,35.0,11.0,13.0,44.0,12.0,13.0,-0.00027397063450424435,4.3210213162664306e-05,-6.12475661854534e-05,-0.0031104551414546933,-0.003115202987914678,-0.003368155746557022,"[8.203125, 4.80859375, 4.2890625, 0.96337890625, 5.00390625, 0.1461181640625, 0.0014400482177734375, 3.572265625, 0.007312774658203125, 0.0006918907165527344, 4.84375, 4.390625, 2.9375, 6.4373016357421875e-06, 2.232421875, 0.002758026123046875, 3.759765625, 4.35546875, 5.4609375, 0.34619140625, 3.025390625, 5.703125, 0.0009784698486328125, 0.376708984375, 3.841796875, 0.496826171875, 0.2125244140625, 1.083984375, 4.0625, 9.7578125, 0.3486328125, 1.1728515625, 7.73828125, 0.055755615234375, 8.921875, 0.78857421875, 0.32177734375, 3.392578125, 1.7353515625, 5.640625, 0.444580078125, 6.3984375, 1.44921875, 3.5390625, 6.75390625, 0.202392578125, 0.12274169921875, 1.1796875, 2.724609375, 8.875, 0.027587890625, 1.23046875, 5.421875, 1.3955078125, 0.0102691650390625, 3.8828125, 2.328125, 5.203125, 0.1351318359375, 0.58544921875, 4.1640625, 0.0184326171875, 0.07537841796875, 0.06982421875, 7.7109375, 2.404296875, 0.156005859375, 6.91796875, 0.034423828125, 3.056640625, 3.013671875, 2.185546875, 1.033203125, 2.384185791015625e-06, 0.3095703125, 1.4931640625, 0.939453125, 0.07391357421875, 3.5762786865234375e-07, 0.1558837890625, 0.30029296875, 0.912109375, 2.251953125, 2.02734375, 1.2802734375, 4.03515625, 5.3125, 2.6015625, 1.8837890625, 7.59765625, 9.8828125, 0.6904296875, 7.62890625, 2.078125, 5.44921875, 5.0703125, 0.184326171875, 6.83203125, 0.085693359375, 2.802734375, 6.84375, 1.853515625, 1.265625, 6.0625, 0.09490966796875, 0.00146484375, 7.01953125, 3.25390625, 0.023529052734375, 1.609375, 5.609375, 6.31640625, 0.0020198822021484375, 1.6962890625, 3.9453125, 6.53515625, 1.271484375, 0.325927734375, 0.0789794921875, 4.10546875, 7.01953125, 0.1358642578125, 0.53515625, 1.39453125, 8.5625, 1.08984375, 7.9921875, 0.0252838134765625, 0.72412109375, 2.607421875, 2.65625, 5.90625, 0.0682373046875, 0.0171356201171875, 1.0703125, 6.02734375, 0.0241546630859375, 0.055633544921875, 1.7939453125, 0.5869140625, 7.734375, 4.13671875, 0.0855712890625, 0.341064453125, 3.869140625, 4.375, 0.0228271484375, 5.80078125, 0.178466796875, 0.051055908203125, 0.7158203125, 6.45703125, 1.5634765625, 7.9140625, 0.399658203125, 2.8671875, 5.61328125, 10.5703125, 2.501953125, 1.8837890625, 6.43359375, 4.85546875, 0.78173828125, 1.5009765625, 2.419921875, 4.9140625, 0.004177093505859375, 0.407470703125, 5.95703125, 0.0694580078125, 0.0002484321594238281, 5.75, 0.23779296875, 9.6953125, 7.05859375, 0.251708984375, 0.1473388671875, 3.37109375, 1.869140625, 4.21484375, 0.47998046875, 0.984375, 4.359375, 8.21875, 2.109375, 5.6328125, 8.421875, 0.1951904296875, 4.82421875, 10.140625, 2.25390625, 0.152099609375, 0.192138671875, 6.00390625, 5.77734375, 2.7734375, 1.6962890625, 4.48828125, 6.26953125, 0.66845703125, 4.015625, 1.802734375, 7.30859375, 2.68359375, 3.04296875, 3.89453125, 7.125, 0.35302734375, 0.67724609375, 2.876953125, 3.876953125, 8.8359375, 0.0430908203125, 4.1328125, 0.0028820037841796875, 6.671875, 0.00818634033203125, 0.052032470703125, 0.12939453125, 2.25, 10.5703125, 2.45703125, 0.01180267333984375, 7.171875, 0.1201171875, 0.32080078125, 3.24609375, 2.341796875, 7.9140625, 0.039337158203125, 0.007366180419921875, 6.33984375, 0.040496826171875, 0.421630859375, 2.818359375, 3.5390625, 3.21484375, 2.486328125, 4.1328125, 4.21875, 5.671875, 2.931640625, 5.9140625, 0.8974609375, 2.07421875, 4.09765625, 6.5625, 0.158203125, 1.2021484375, 5.6640625, 0.0012769699096679688, 7.12109375, 5.63671875, 2.373046875, 0.065185546875, 7.03125, 1.62109375, 0.039337158203125, 0.226318359375, 3.021484375, 4.59765625, 6.59765625, 0.014801025390625, 0.0214080810546875, 0.10650634765625, 0.0014524459838867188, 2.859375, 1.3589859008789062e-05, 0.233154296875, 2.16015625, 1.431640625, 0.384521484375, -0.0, 0.0794677734375, 0.4638671875, 0.37353515625, 3.697265625, 3.87109375, 6.69140625, 0.0005068778991699219, 0.70751953125, 2.7265625, 7.5, 0.0780029296875, 7.808208465576172e-05, 3.779296875, 2.216796875, 4.8203125, 0.50390625, 10.7734375, 0.031707763671875, 5.046875, 0.2900390625, 4.15234375, 5.0, 2.51171875, 0.048095703125, 2.982421875, 7.53125, 0.71923828125, 4.7578125, 7.7421875, 4.046875, 0.83251953125, 2.646484375, 5.875, 0.268310546875, 0.67724609375, 1.427734375, 6.95703125, 1.578125, 1.474609375, 0.416015625, 7.1484375, 0.0230255126953125, 2.677734375, 6.01171875, 0.77685546875, 3.06640625, 6.4921875, 0.41796875, 1.998046875, 0.409912109375, 3.3125, 4.1796875, 7.5703125, 0.10943603515625, 0.00046324729919433594, 1.7900390625, 4.78515625, 4.328125, 0.061920166015625, 1.9501953125, 5.7109375, 7.03125, 2.353515625, 0.1365966796875, 0.775390625, 1.9970703125, 2.416015625, 0.066650390625, 1.681640625, 8.8125, 1.88671875, 0.1492919921875, 1.55859375, 7.98828125, 4.70703125, 0.08734130859375, 1.970703125, 5.1953125, 4.82421875, 0.96044921875, 4.6875, 2.2649765014648438e-06, 0.2303466796875, 0.712890625, 0.472412109375, 2.0625, 3.09375, 4.46484375, 0.1712646484375, 0.43603515625, 2.005859375, 3.814453125, 0.054046630859375, 0.26416015625, 0.95849609375, 7.59375, 0.0625, 0.0014257431030273438, 3.6484375, 2.08203125, 2.0390625, 6.2890625, 2.328125, 2.921875, 5.859375, 0.037445068359375, 1.9521484375, 3.044921875, 0.00353240966796875, 4.5703125, 7.7890625, 0.0513916015625, 0.05596923828125, 0.27978515625, 0.39208984375, 6.1640625, 1.6552734375, 5.8984375, 8.3515625, 3.982421875, 0.1510009765625, 4.9765625, 5.82421875, 3.486328125, 0.0149078369140625, 0.0016832351684570312, 2.625, 1.6552734375]",-0.8395223703764918
50,1,test,3.6870236530638576,1.6289181282645777,2.270877737190291,6.202875086919196,2.7404152040215837,3.8204178402142546,39.9258367953582,32.09471690942285,35.80463047844068,67.16934896160262,53.99464138879374,60.23602539314138,3.787736710591532,1.5669268561368015,2.2049537090400557,5.695844677581251,2.356280986671882,3.3157198632181286,44.15634849975396,34.94155801575903,39.28786252045486,66.4005240597804,52.543696264299285,59.079492511962194,3.6870236530638576,1.6289181282645777,2.270877737190291,6.202875086919196,2.7404152040215837,3.8204178402142546,39.9258367953582,32.09471690942285,35.80463047844068,67.16934896160262,53.99464138879374,60.23602539314138,0.7738693467336684,-0.006130653266331665,-0.01113065326633167,0.6130653266331658,-0.001934673366834172,0.013065326633165841,0.5226130653266332,-0.007386934673366818,0.0026130653266331905,0.44561403508771935,0.12631578947368427,0.17543859649122817,0.4084507042253521,0.4371859296482412,0.09798994974874375,0.15410385259631487,0.398989898989899,0.44561403508771935,0.12631578947368427,0.17543859649122817,0.4084507042253521,22.0,5.0,5.0,35.0,9.0,9.0,42.0,5.0,6.0,0.00017669764815678353,0.0004431092860587132,2.3567893119551703e-05,-0.0002872636165145437,0.00015787518124010802,8.758024202748516e-06,"[7.03125, 1.359375, 1.5029296875, 0.00634765625, 0.041778564453125, 5.08984375, 3.51953125, 10.046875, 0.931640625, 4.32421875, 1.37890625, 7.734375, 5.546875, 12.90625, 1.263671875, 7.7578125, 1.3603515625, 7.38671875, 1.013671875, 10.234375, 3.96484375, 4.765625, 1.6162109375, 12.640625, 6.30078125, 1.80859375, 5.2734375, 5.82421875, 3.072265625, 3.1015625, 12.9453125, 1.87109375, 5.28125, 2.482421875, 7.703125, 1.0556640625, 4.3046875, 2.33203125, 0.81982421875, 7.82421875, 2.58203125, 0.98681640625, 7.62109375, 6.58203125, 2.72265625, 5.21484375, 3.48046875, 3.822265625, 4.37890625, 1.431640625, 0.7109375, 2.859375, 8.9375, 3.4453125, 1.46875, 5.48046875, 1.712890625, 5.54296875, 1.181640625, 1.4873046875, 0.003765106201171875, 7.09375, 3.390625, 0.3193359375, 4.54296875, 12.1953125, 4.08203125, 11.0859375, 1.353515625, 4.4296875, 1.408203125, 3.69921875, 3.80078125, 1.71875, 0.1787109375, 0.00238800048828125, 9.3671875, 1.6533203125, 3.77734375, 0.00934600830078125, 9.609375, 2.064453125, 1.69140625, 0.226318359375, 5.55078125, 0.0209197998046875, 1.341796875, 4.390625, 1.0234375, 1.7109375, 6.41796875, 4.6640625, 1.8056640625, 0.098388671875, 1.953125, 8.234375, 0.4130859375, 1.376953125, 5.53515625, 0.8115234375, 0.1514892578125, 0.051361083984375, 0.0723876953125, 7.3203125, 7.2734375, 0.03887939453125, 5.72265625, 0.01788330078125, 1.658203125, 9.078125, 0.19775390625, 6.6953125, 0.400634765625, 1.55078125, 1.3154296875, 7.953125, 3.74609375, 7.05859375, 8.265625, 0.15869140625, 9.6875, 4.62109375, 6.1328125, 0.60986328125, 12.6484375, 4.2890625, 5.1953125, 2.802734375, 2.23046875, 2.166015625, 0.0706787109375, 3.390625, 0.034576416015625, 8.5390625, 14.328125, 2.220703125, 5.21875, 3.212890625, 0.2568359375, 3.216796875, 3.677734375, 2.51171875, 10.7421875, 4.421875, 1.513671875, 4.34765625, 6.78125, 7.9375, 2.228515625, 0.058624267578125, 6.0390625, 3.9453125, 0.027679443359375, 4.14453125, 0.203369140625, 7.7421875, 1.9453125, 1.7265625, 2.9296875, 0.0036411285400390625, 5.31640625, 0.0606689453125, 4.7734375, 0.031341552734375, 3.27734375, 0.4892578125, 4.1640625, 0.54296875, 0.03240966796875, 5.36328125, 5.25390625, 4.60546875, 3.09765625, 4.359375, 1.80859375, 0.7607421875, 0.03057861328125, 6.859375, 6.27734375, 0.0230712890625, 7.36328125, 4.35546875, 0.00774383544921875, 3.451171875, 0.28515625, 6.23046875, 3.166015625, 7.76171875, 1.35546875, 1.4677734375, 4.26171875, 5.42578125, 2.18359375, 0.326171875, 5.859375, 3.75390625, 7.90234375, 9.828125, 0.001453399658203125, 4.44140625, 0.08135986328125, 8.3984375, 0.3818359375, 0.031097412109375, 0.08331298828125, 0.0006899833679199219, 3.654296875, 0.09344482421875, 7.2734375, 3.2109375, 2.87890625, 0.63330078125, 0.01123046875, 1.41796875, 4.44140625, 3.734375, 0.01102447509765625, 4.2109375, 11.4453125, 0.70703125, 8.8828125, 0.955078125, 1.3798828125, 0.0016031265258789062, 7.90234375, 0.203369140625, 0.5029296875, 5.65234375, 2.208984375, 3.17578125, 5.8359375, 1.8828125, 2.94921875, 3.708984375, 11.4140625, 1.2978515625, 6.734375, 0.27294921875, 9.40625, 0.8369140625, 5.24609375, 2.455078125, 0.3642578125, 4.57421875, 1.4892578125, 7.98828125, 0.56494140625, 5.44140625, 0.498046875, 7.16015625, 6.59375, 8.75, 0.34912109375, 2.171875, 4.20703125, 0.37744140625, 8.25, 5.6953125, 5.80859375, 3.4375, 4.37109375, 1.650390625, 5.69140625, 5.34765625, 0.286376953125, 3.388671875, 4.65625, 9.1171875, 2.310546875, 3.5703125, 1.3232421875, 6.3671875, 0.6181640625, 2.265625, 3.16796875, 2.173828125, 0.724609375, 1.546875, 6.90625, 1.41015625, 1.0830078125, 3.955078125, 2.3984375, 6.18359375, 1.7509765625]",-0.6343617305420994
320,1,test,2.9437693868364607,1.2602017683420124,1.754680346207318,5.076680140173058,2.1732820915119735,3.026035567112021,18.987282004141804,13.602549589526678,15.703193830714175,32.744534234687656,23.45828911247714,27.080957025423245,2.596185523660938,0.9259898159597353,1.3752509674577231,4.187396005904739,1.4935319612253797,2.218146721706005,13.412478750648356,8.099271219580555,10.022124020081295,21.63303024298122,13.06334067674283,16.164716161421445,2.9437693868364607,1.2602017683420124,1.754680346207318,5.076680140173058,2.1732820915119735,3.026035567112021,18.987282004141804,13.602549589526678,15.703193830714175,32.744534234687656,23.45828911247714,27.080957025423245,0.6281407035175879,-0.0018592964824121205,-0.016859296482412134,0.4773869346733668,0.002386934673366814,-0.0026130653266331905,0.3668341708542714,-0.0031658291457286047,-0.0031658291457286047,0.42160278745644597,0.10682017876079375,0.16204311190604037,0.45104895104895104,0.40201005025125625,0.07368924824624368,0.12321205359015441,0.398989898989899,0.42160278745644597,0.10682017876079375,0.16204311190604037,0.45104895104895104,20.0,6.0,6.0,33.0,10.0,10.0,42.0,13.0,13.0,-0.0010205547053791964,-0.0001543649629470265,6.910566883115367e-05,-0.00497665250179935,-0.005094365037288995,-0.004186451575502126,"[3.783203125, 0.040191650390625, 0.3896484375, 0.0202484130859375, 0.0006041526794433594, 0.7236328125, 0.0200653076171875, 0.01122283935546875, 2.55859375, 1.9345703125, 7.78125, 1.64453125, 1.833984375, 6.42578125, 6.43359375, 2.498046875, 10.9140625, 0.055419921875, 4.7734375, 5.24609375, 4.54296875, 3.107421875, 7.41796875, 6.171875, 9.6328125, 5.67578125, 2.673828125, 1.3388671875, 7.64453125, 1.9921875, 6.10546875, 6.41015625, 4.68359375, 3.90234375, 0.2113037109375, 0.0714111328125, 0.9912109375, 0.265380859375, 0.0263519287109375, 0.2432861328125, 1.4521484375, 4.0, 8.2578125, 0.38330078125, 4.78515625, 10.5234375, 0.43505859375, 0.73779296875, 3.61328125, 0.845703125, 2.611328125, 1.591796875, 1.443359375, 1.2578125, 9.265625, 0.1751708984375, 0.201416015625, 6.34375, 0.00724029541015625, 3.673828125, 1.2578125, 3.146484375, 4.41796875, 1.7724609375, 0.06854248046875, 4.6015625, 1.5361328125, 3.556640625, 1.83984375, 5.87109375, 0.5556640625, 4.14453125, 0.000766754150390625, 0.53662109375, 3.283203125, 1.4424324035644531e-05, 1.1640625, 2.83984375, 0.0408935546875, 2.94921875, 2.755859375, 0.345947265625, 3.205078125, 2.697265625, 0.449951171875, 6.556510925292969e-06, 0.2308349609375, 1.546875, 3.0875205993652344e-05, 4.56640625, 0.1956787109375, 2.314453125, 0.00015282630920410156, 4.25390625, 0.0562744140625, 3.666015625, 6.2109375, 0.6611328125, 1.5068359375, 5.14453125, 5.640625, 8.6640625, 0.026336669921875, 5.26953125, 3.55078125, 2.41796875, 0.36962890625, 0.084716796875, 3.064453125, 2.17578125, 4.80078125, 0.1661376953125, 1.0029296875, 4.1953125, 0.06854248046875, 4.44921875, 5.5625, 0.27734375, 1.8232421875, 0.5703125, 6.437301635742188e-05, 0.654296875, 1.9677734375, 0.0014429092407226562, 1.0728836059570312e-05, 0.043060302734375, 0.29931640625, 2.302734375, 11.640625, 0.148193359375, 0.01122283935546875, 0.32568359375, 0.321533203125, 0.004180908203125, 4.5078125, 1.181640625, 3.025390625, 1.0810546875, 0.1839599609375, 6.91015625, 1.5341796875, 4.65625, 1.0078125, 5.6640625, 10.0390625, 3.140625, 5.7890625, 2.224609375, 1.0244140625, 3.7550926208496094e-05, 0.3447265625, 2.0390625, 2.181529998779297e-05, 1.7666015625, 0.193603515625, 1.7509765625, 0.00028777122497558594, 4.6328125, 3.74609375, 4.015625, 1.1943359375, 4.84765625, 0.224853515625, 0.0034732818603515625, 0.75, 6.203125, 0.0279693603515625, 0.017425537109375, 2.71484375, 6.9609375, 2.54296875, 5.68359375, 2.990234375, 1.857421875, 3.671875, 5.40625, 4.8671875, 2.0625, 2.20703125, 0.0635986328125, 0.828125, 0.00771331787109375, 0.422607421875, 1.2568359375, 7.975101470947266e-05, 1.048828125, 0.7060546875, 2.09375, 2.869140625, 0.01070404052734375, 4.44140625, 3.58984375, 2.841796875, 8.5390625, 7.01171875, 5.87890625, 1.677734375, 2.55859375, 0.005825042724609375, 9.984375, 7.78515625, 0.96337890625, 7.4765625, 2.904296875, 9.15625, 1.396484375, 6.0234375, 3.21875, 9.234375, 3.16015625, 0.287353515625, 5.6953125, 3.853515625, 8.2578125, 0.004070281982421875, 5.6640625, 2.16796875, 0.73583984375, 7.53515625, 0.3642578125, 0.38916015625, 0.79052734375, 4.8984375, 2.912109375, 9.6171875, 3.701171875, 1.587890625, 4.796875, 0.022186279296875, 1.4404296875, 6.79296875, 5.87890625, 5.15625, 3.43359375, 0.54833984375, 5.84765625, 0.12255859375, 0.0272369384765625, 0.257568359375, 0.159423828125, 1.96875, 0.046905517578125, 0.060577392578125, 0.1771240234375, 10.96875, 11.984375, 0.4326171875, 7.2109375, 0.9267578125, 1.9375, 5.0703125, 9.2734375, 2.33203125, 2.126953125, 3.72265625, 6.484375, 3.771484375, 2.0078125, 0.57421875, 4.53125, 0.017242431640625, 4.6875, 4.625, 3.294921875, 5.16796875, 3.5234375, 0.42626953125, 1.6669921875, 6.34375, 5.4609375, 4.47265625, 1.9130859375, 9.734375, 3.994140625, 2.0078125, 1.2763671875, 1.8603515625, 0.07763671875, 1.408203125, 4.9609375, 10.7734375, 0.00894927978515625, 0.0196075439453125, 3.158203125, 4.83984375, 5.6796875, 5.96484375]",-1.030384131840297
291,1,test,2.9994045420369106,1.1655502834214773,1.6718123812345853,4.860480854264632,1.8887531701227553,2.709141750313876,20.073580390443432,13.81562035785421,16.301630195485256,32.52887424716436,22.387963110016763,26.416497124009243,3.090506928649979,1.079797848467758,1.6109175640855007,4.682586255530271,1.6360573461632697,2.4407841880083345,21.98822161050738,14.519610296061803,17.59707945842976,33.315487288647546,21.99940953948758,26.66224160368146,2.9994045420369106,1.1655502834214773,1.6718123812345853,4.860480854264632,1.8887531701227553,2.709141750313876,20.073580390443432,13.81562035785421,16.301630195485256,32.52887424716436,22.387963110016763,26.416497124009243,0.7236180904522613,-0.0013819095477386467,-0.006381909547738651,0.5728643216080402,0.007864321608040292,0.007864321608040292,0.44723618090452266,-0.0027638190954772934,-0.007763819095477298,0.42164179104477617,0.0845840629255955,0.12759712603236917,0.40074906367041196,0.4371859296482412,0.08630873666578509,0.1333461967600943,0.40909090909090906,0.42164179104477617,0.0845840629255955,0.12759712603236917,0.40074906367041196,24.0,11.0,11.0,36.0,15.0,14.0,45.0,13.0,13.0,4.1113989217128686e-05,0.00029837129459666615,6.946769702187521e-05,-0.00016945494488584956,0.00022372510708557058,6.833549267337702e-05,"[1.859375, 5.28125, 0.00511932373046875, 0.052032470703125, 11.6875, 8.4375, 4.84375, 3.87109375, 2.16015625, 8.40625, 0.01529693603515625, 2.87109375, 2.779296875, 5.703125, 5.34375, 2.0, 1.333984375, 3.248046875, 4.13671875, 3.958984375, 1.0224609375, 5.890625, 0.03173828125, 4.1640625, 0.01143646240234375, 1.6787109375, 3.45703125, 1.478515625, 1.8193359375, 1.0478515625, 5.96484375, 4.62109375, 0.7119140625, 2.845703125, 2.61328125, 8.9609375, 7.60546875, 0.318115234375, 3.958984375, 0.35595703125, 4.16015625, 6.07421875, 6.29296875, 4.1171875, 0.50390625, 4.02734375, 4.90234375, 1.7216796875, 1.59765625, 6.484375, 4.5, 6.42578125, 1.8828125, 5.45703125, 1.087890625, 5.953125, 2.853515625, 1.2705078125, 3.716796875, 3.568359375, 2.064453125, 5.40625, 4.375, 0.92578125, 1.6337890625, 0.006282806396484375, 2.513671875, 2.654296875, 0.01227569580078125, 3.933906555175781e-05, 0.45703125, 0.2471923828125, 7.67578125, 6.4921875, 0.4609375, 3.900390625, 6.5390625, 0.051849365234375, 7.00390625, 1.494140625, 4.91796875, 0.6083984375, 3.712890625, 3.529296875, 3.55859375, 5.609375, 3.16796875, 6.05078125, 0.94091796875, 9.140625, 1.4662742614746094e-05, 1.16015625, 0.0019817352294921875, 0.5546875, 1.5927734375, 0.002490997314453125, 2.658367156982422e-05, 0.044342041015625, 0.484375, 2.837890625, 9.71875, 4.64453125, 2.21875, 4.37109375, 5.55078125, 1.0009765625, 3.81640625, 2.26953125, 3.576171875, 1.9736328125, 2.048828125, 1.5595703125, 2.265625, 1.75, 6.515625, 4.0859375, 5.8046875, 7.234375, 1.7783203125, 4.140625, 4.15234375, 2.9921875, 1.0712890625, 2.662109375, 1.3984375, 0.7763671875, 9.2734375, 2.716796875, 5.015625, 3.99609375, 0.2396240234375, 0.0242919921875, 7.703125, 0.489013671875, 3.509765625, 0.35009765625, 6.69921875, 0.06561279296875, 1.8037109375, 2.861328125, 0.05157470703125, 3.890625, 6.46484375, 1.6806640625, 0.041290283203125, 0.0012416839599609375, 0.90869140625, 0.93994140625, 4.74609375, 1.275390625, 0.365966796875, 3.787109375, 4.98828125, 0.018646240234375, 0.8193359375, 9.4375, 0.92822265625, 8.3515625, 2.341796875, 0.701171875, 1.3486328125, 4.61328125, 4.078125, 5.6640625, 9.8046875, 0.7958984375, 0.0183868408203125, 2.845703125, 0.9248046875, 4.34765625, 2.384765625, 0.003307342529296875, 5.234375, 3.09765625, 2.904296875, 2.2578125, 2.8828125, 0.73486328125, 1.9873046875, 6.34765625, 1.3818359375, 9.417533874511719e-05, 0.16015625, 1.7431640625, 2.3125, 8.6640625, 6.77734375, 0.2685546875, 7.69921875, 5.82421875, 0.6806640625, 4.5078125, 0.3828125, 6.1484375, 4.61328125, 0.362060546875, 0.1395263671875, 1.494140625, 1.2177734375, 3.423828125, 0.282958984375, 2.61328125, 3.6484375, 1.3876953125, 3.87109375, 2.521484375, 2.564453125, 0.00018286705017089844, 0.44482421875, 0.91162109375, 0.004974365234375, 8.106231689453125e-06, 0.0126190185546875, 0.227294921875, 1.4189453125, 0.0006170272827148438, 4.42578125, 1.4033203125, 0.1632080078125, 1.603515625, 0.1661376953125, 4.875, 4.62109375, 0.81494140625, 2.0, 4.68359375, 0.1595458984375, 3.390625, 9.7265625, 0.28076171875, 5.72265625, 11.171875, 5.26171875, 6.03125, 2.73046875, 0.00018155574798583984, 0.22509765625, 1.1005859375, 4.59765625, 0.1376953125, 13.203125, 9.1171875, 3.041015625, 0.7060546875, 0.751953125, 5.6953125, 6.2421875, 0.047760009765625, 4.09375, 0.044708251953125, 4.70703125, 0.0728759765625, 0.451904296875, 4.13671875, 7.46484375, 2.640625, 2.40625, 5.23828125, 2.232421875, 0.0027561187744140625, 5.0078125, 1.2763671875, 1.8681640625, 0.0003914833068847656, 0.1302490234375, 0.87109375, 4.26953125, 1.994140625]",-0.6600338296214145
339,1,test,3.459223401902918,1.529896061239154,2.132109482934591,5.330027894768782,2.3572888290521656,3.2851891012563597,31.792277103250818,24.90739959675468,28.022130381389115,48.98605961827422,38.3777279501016,43.17695599581384,3.3318193575844695,1.443660563250708,2.0210106209711913,4.692703320541506,2.033324736972828,2.84649383235379,27.989217803988087,21.38202552899369,24.280045561054298,39.42143352674378,30.115528914075618,34.19724726909056,3.46097148660832,1.546156540756897,2.150999552177331,5.324571517858954,2.3787023703952257,3.3092300802728167,31.8479013003443,25.06221833832319,28.14183160254857,48.99677123129892,38.55725898203568,43.295125542382415,0.7336683417085428,0.0036683417085427994,0.008668341708542804,0.5678391959798995,-0.012160804020100557,-0.01716080402010045,0.4773869346733668,0.012386934673366823,0.027386934673366836,0.42524916943521596,0.09357421089458573,0.1600557992694701,0.3833333333333333,0.42211055276381915,0.08627095376632543,0.1466514542663233,0.36363636363636365,0.4280936454849499,0.09754272728795488,0.16780443525135702,0.38590604026845643,26.0,9.0,9.0,38.0,8.0,9.0,47.0,11.0,10.0,0.00035740632366523003,0.0004848041811049416,-1.940112011771104e-05,0.0004991372202978184,9.589878044646838e-05,-4.7314887297922326e-05,"[6.2421875, 5.453125, 4.44921875, 3.0859375, 6.54296875, 2.650390625, 8.0625, 1.94140625, 0.9501953125, 4.23828125, 0.0616455078125, 11.1796875, 1.8603515625, 0.0003638267517089844, 3.5, 4.671875, 0.4970703125, 6.62890625, 4.37890625, 4.29296875, 3.4765625, 6.45703125, 0.39306640625, 2.822265625, 0.822265625, 8.5859375, 6.8046875, 1.1533203125, 9.28125, 2.20703125, 5.96875, 6.00390625, 6.06640625, 7.1171875, 0.09881591796875, 10.6953125, 0.28466796875, 3.099609375, 4.984375, 4.4609375, 2.84375, 1.4453125, 3.6875, 7.7421875, 3.9375, 3.89453125, 0.09063720703125, 6.85546875, 4.80859375, 5.39453125, 6.515625, 1.5791015625, 2.373046875, 0.1937255859375, 6.16015625, 6.0625, 1.94140625, 9.9296875, 2.240234375, 3.19921875, 5.0, 1.0576171875, 3.111328125, 0.0235443115234375, 1.0634765625, 1.33203125, 6.00390625, 3.48828125, 7.625, 4.7109375, 1.2197265625, 2.625, 8.2578125, 0.030029296875, 0.732421875, 3.2578125, 9.6796875, 7.80859375, 1.419921875, 5.60546875, 2.626953125, 1.8076171875, 0.0035953521728515625, 1.96875, 2.27734375, 0.6064453125, 5.72265625, 1.326171875, 2.0234375, 0.04901123046875, 3.75390625, 1.1591796875, 0.01256561279296875, 0.005405426025390625, 0.31982421875, 9.6171875, 2.59375, 6.796875, 1.484375, 8.78125, 10.390625, 1.4287109375, 4.92578125, 5.1171875, 2.501953125, 2.1953125, 2.70703125, 0.87158203125, 5.265625, 0.384521484375, 5.62109375, 3.587890625, 3.525390625, 10.359375, 0.04144287109375, 4.23046875, 0.062164306640625, 0.2158203125, 0.0013275146484375, 2.705078125, 1.4052734375, 8.578125, 1.5146484375, 5.609375, 0.0523681640625, 7.53515625, 3.310546875, 0.04150390625, 5.55078125, 0.6904296875, 1.763671875, 4.21484375, 5.296875, 2.216796875, 0.0020275115966796875, 0.72705078125, 3.521484375, 0.044891357421875, 0.236328125, 3.212890625, 0.0017175674438476562, 0.228759765625, 0.7021484375, 3.08203125, 0.01354217529296875, 3.7109375, 0.9111328125, 5.796875, 2.412109375, 0.1650390625, 6.63671875, 0.9462890625, 0.00937652587890625, 1.95703125, 4.30859375, 5.3515625, 0.04803466796875, 2.9296875, 1.7685546875, 1.107421875, 9.390625, 2.181640625, 0.004558563232421875, 6.68359375, 8.2421875, 3.09375, 6.76953125, 0.09295654296875, 8.9609375, 2.98828125, 1.69921875, 11.2265625, 0.08526611328125, 5.09765625, 6.54296875, 4.25390625, 1.681640625, 0.0089263916015625, 1.646484375, 3.685546875, 1.958984375, 1.9150390625, 5.87890625, 1.6923828125, 0.1966552734375, 2.181640625, 0.5166015625, 3.333984375, 2.98046875, 0.280517578125, 0.0008563995361328125, 0.5576171875, 2.583984375, 0.0233001708984375, 0.00015878677368164062, 0.2080078125, 1.837890625, 4.84375, 0.55810546875, 2.296875, 3.9609375, 0.258056640625, 5.50390625, 9.0390625, 7.08203125, 8.5625, 0.5732421875, 0.20166015625, 0.0035343170166015625, 1.626953125, 4.64453125, 7.859375, 0.00481414794921875, 4.78515625, 7.1796875, 6.65234375, 1.0576171875, 0.7529296875, 0.0004303455352783203, 7.60546875, 4.8203125, 1.421875, 2.724609375, 5.49609375, 2.796875, 7.3203125, 2.271484375, 3.412109375, 0.86474609375, 9.140625, 1.96875, 5.91015625, 10.703125, 0.0921630859375, 7.3515625, 4.86328125, 0.525390625, 2.171875, 7.0625, 3.384765625, 0.82666015625, 1.1796875, 0.48974609375, 7.2734375, 0.197265625, 5.078125, 3.869140625, 4.6015625, 3.208984375, 2.033203125, 4.046875, 10.265625, 1.0869140625, 5.171875, 0.6943359375, 6.26953125, 6.31640625, 0.18798828125, 7.0859375, 1.6884765625, 0.67724609375, 9.2734375, 0.03857421875, 2.515625, 5.30859375, 3.060546875, 7.6640625, 0.054351806640625, 1.732421875, 5.63671875, 7.515625, 0.677734375, 11.2578125, 0.13818359375, 2.736328125, 0.03375244140625, 0.90625, 2.658203125, 7.53125, 1.171875, 6.39453125, 8.5625, 0.17919921875, 0.39794921875, 0.0029315948486328125, 1.697265625, 7.78125, 3.400390625, 5.60546875, 7.4609375, 5.41796875, 1.2138671875, 0.00045371055603027344, 0.6728515625, 1.4580078125, 10.5078125, 0.822265625, 2.23046875, 3.8515625, 7.6171875, 0.84619140625]",-0.6261008855116326
398,1,test,2.4755715941816834,0.9050419328264883,1.2796735599221094,4.922018816667111,1.7994363135020763,2.544292136786311,11.888500569118717,7.079305805196915,8.581974758059069,23.637136425659566,14.075325659744454,17.062985107199797,2.7689388624986813,0.9561970678168932,1.4015104868947237,4.326466972654189,1.4940579184638954,2.1898601357730056,15.941708686412275,9.814484673448455,12.016465233211713,24.908919822519177,15.335132302263206,18.7757269268933,2.5826075005292095,0.9447912926944149,1.3460261728765701,4.724282013163188,1.7282767549288076,2.4622429991644577,13.231594607474058,8.087670630605373,9.787774582467206,24.204136477086692,14.79451944622934,17.904465699635132,0.6231155778894473,0.013115577889447283,0.013115577889447283,0.4824120603015075,-0.022587939698492487,-0.007587939698492474,0.371859296482412,0.011859296482412018,0.006859296482412014,0.3857566765578635,0.05242334322453013,0.10046546234266118,0.3928571428571429,0.39698492462311563,0.07367665394642386,0.1148480297984078,0.43939393939393945,0.3913043478260869,0.06743122595630391,0.10654350244232713,0.38926174496644295,13.0,2.0,3.0,24.0,2.0,5.0,29.0,4.0,5.0,-0.00026765217348905527,0.00019963801025878826,0.00017131107911985975,-0.007538692307628381,-0.008784370068399383,-0.008201132374134446,"[2.88671875, 1.2119140625, 0.349609375, 0.021087646484375, 0.0001302957534790039, 1.0205078125, 0.00885009765625, 0.0287628173828125, 6.625, 0.8623046875, 0.88330078125, 2.4609375, 8.546875, 0.7998046875, 0.916015625, 4.67578125, 6.1484375, 1.7392578125, 3.796875, 0.4033203125, 4.29296875, 2.11328125, 6.0625, 3.619140625, 0.0194549560546875, 4.07421875, 1.3369140625, 0.07269287109375, 0.368896484375, 0.10015869140625, 0.505859375, 8.1796875, 0.378173828125, 4.921875, 1.5078125, 0.0709228515625, 8.5546875, 4.5703125, 4.08203125, 0.00013065338134765625, 0.478515625, 3.19921875, 0.01018524169921875, 2.384185791015625e-07, 0.1446533203125, 0.494384765625, 7.8671875, 0.0243682861328125, 2.80859375, 0.70947265625, 2.00390625, 0.1588134765625, 2.869140625, 0.8369140625, 0.230224609375, 0.039306640625, 0.048919677734375, 4.91796875, 4.671875, 4.37109375, 1.97265625, 8.9140625, 0.193115234375, 2.884765625, 2.150390625, 1.99609375, 1.7568359375, 7.796875, 0.181396484375, 1.46875, 3.505859375, 2.65625, 0.285400390625, 2.3828125, 0.1715087890625, 1.919921875, 5.078125, 2.080078125, 3.84375, 0.208251953125, 4.64453125, 0.06268310546875, 1.5791015625, 2.467632293701172e-05, 2.1796875, 1.427734375, 0.00029730796813964844, 4.124641418457031e-05, 0.0311431884765625, 0.4404296875, 7.96484375, 2.689453125, 1.0927734375, 8.390625, 4.59765625, 6.6796875, 1.9619140625, 4.55078125, 1.41796875, 0.5146484375, 0.080810546875, 0.009765625, 3.892578125, 4.05859375, 0.541015625, 2.2578125, 7.05078125, 2.349609375, 0.1728515625, 0.08111572265625, 0.006412506103515625, 2.349609375, 3.509765625, 0.2388916015625, 1.703125, 1.974609375, 6.59765625, 0.4248046875, 5.7890625, 0.025421142578125, 5.25, 3.5703125, 0.00917816162109375, 9.375, 17.078125, 2.544921875, 0.9599609375, 0.84521484375, 9.609375, 9.1640625, 8.828125, 2.04296875, 6.65625, 0.974609375, 1.6552734375, 0.626953125, 0.0015974044799804688, 1.5126953125, 6.109375, 7.59765625, 4.48828125, 2.771484375, 0.56298828125, 0.63720703125, 0.0005297660827636719, 0.0831298828125, 2.3203125, 0.00016260147094726562, 2.626953125, 0.22119140625, 0.80908203125, 0.0042724609375, 1.8955078125, 11.015625, 6.32421875, 1.5791015625, 7.44140625, 4.16015625, 6.375, 5.95703125, 1.1513671875, 3.48828125, 3.15625, 0.2021484375, 7.58984375, 6.80078125, 0.2021484375, 2.07421875, 4.9609375, 3.05859375, 9.1953125, 2.966796875, 5.2421875, 0.0408935546875, 1.1904296875, 3.075599670410156e-05, 3.41015625, 3.109375, 3.521484375, 4.7578125, 0.0277862548828125, 0.05401611328125, 0.0013647079467773438, 2.220703125, 7.1328125, 9.625, 1.50390625, 5.1328125, 3.34765625, 2.896484375, 0.2366943359375, 3.064453125, 0.41259765625, 3.68359375, 0.047882080078125, 4.89453125, 4.42578125, 0.197265625, 7.24609375, 0.443115234375, 2.455078125, 0.7431640625, 0.0003724098205566406, 2.955078125, 0.21630859375, 0.0007109642028808594, 0.00010943412780761719, 1.16796875, 0.97998046875, 1.919921875, 4.9114227294921875e-05, 3.46875, 2.408203125, 0.1324462890625, 2.31640625, 0.78369140625, 0.204833984375, 3.705078125, 0.485107421875, 11.125, 0.794921875, 1.2333984375, 2.5234375, 0.226318359375, 0.442626953125, 0.0021686553955078125, 2.1015625, 1.94140625, 5.28125, 0.03662109375, 3.359375, 3.0994415283203125e-05, 0.75048828125, 1.6318359375, 0.0004303455352783203, 1.693359375, 0.42333984375, 3.7109375, 5.76953125, 1.974609375, 2.357421875, 0.0155029296875, 0.094482421875, 1.23046875, 1.4033203125, 5.75, 2.96484375, 2.8359375, 3.2265625, 0.89892578125, 4.1953125, 1.8125, 6.640625, 1.5625, 2.1171875, 2.3828125, 2.18359375, 8.1015625, 6.7109375, 4.69140625, 3.18359375, 6.2890625, 4.21875, 5.859375, 0.1998291015625, 6.578125, 0.0555419921875, 3.26171875, 6.11328125, 0.035400390625, 3.3203125, 3.466796875, 2.8984375, 0.1226806640625, 0.0028591156005859375, 0.0867919921875, 3.025390625, 0.10162353515625, 3.18359375, 0.199462890625, 2.2421875, 3.732421875, 2.466796875, 2.361328125, 3.86328125, 1.009765625, 0.40771484375, 8.702278137207031e-06, 5.11328125, 0.85498046875, 0.0012645721435546875, 9.5367431640625e-07, 0.86328125, 0.541015625, 1.54296875, 0.0033721923828125, 5.73046875, 1.28515625, 4.625, 3.814453125, 0.72900390625, 4.359375, 3.6328125, 0.0084991455078125, 0.429931640625, 1.8154296875, 0.70263671875, 2.013671875, 0.358154296875, 0.30029296875, 9.298324584960938e-06, 2.888671875, 0.498779296875, 0.0013895034790039062, 1.1920928955078125e-06, 0.81298828125, 2.671875, 5.9485435485839844e-05, 1.466796875, 0.472412109375, 6.484375, 0.304931640625, 4.13671875, 1.65234375, 0.073974609375, 0.005519866943359375, 0.04534912109375, 1.923828125, 0.45068359375, 1.44921875, 1.4150390625, 3.177734375, 3.890625, 0.01447296142578125, 0.26611328125, 1.421875, 6.30078125]",-0.8362312698930237
119,1,test,3.4001506016804623,1.577341041335773,2.1540167733787,5.8085906112041235,2.6946242789486123,3.6797786545219457,29.968613031040622,23.7793899903929,26.491738286749673,51.196380594694396,40.623124566921206,45.25671957319736,3.17605655756428,1.353652939894216,1.9085877556423656,5.293427595940467,2.256088233157027,3.1809795927372764,23.95211329052153,17.765402209738436,20.400262553820095,39.92018881753589,29.609003682897395,34.00043758970016,3.4001506016804623,1.577341041335773,2.1540167733787,5.8085906112041235,2.6946242789486123,3.6797786545219457,29.968613031040622,23.7793899903929,26.491738286749673,51.196380594694396,40.623124566921206,45.25671957319736,0.6532663316582914,-0.006733668341708521,-0.011733668341708636,0.5577889447236181,-0.00221105527638199,0.0027889447236181253,0.4321608040201005,0.0021608040201004375,-0.01783919597989947,0.4055944055944056,0.06877067086491173,0.15443161489673118,0.4385964912280702,0.4120603015075377,0.09627082782332719,0.15830404107348095,0.40909090909090906,0.4055944055944056,0.06877067086491173,0.15443161489673118,0.4385964912280702,24.0,-1.0,1.0,39.0,1.0,3.0,43.0,-1.0,3.0,-0.0006834517671031955,-0.0002485177311837352,-8.180512713136008e-05,-0.015931381964374047,-0.0173952113729392,-0.01868672458113707,"[8.1171875, 6.984375, 1.017578125, 8.25, 0.057647705078125, 0.044677734375, 7.2109375, 1.31640625, 8.65625, 0.331298828125, 0.93701171875, 8.453125, 2.982421875, 0.333984375, 7.3359375, 2.220703125, 2.501953125, 0.2783203125, 9.5078125, 3.0546875, 0.13037109375, 4.4140625, 0.87255859375, 1.3212890625, 0.05963134765625, 3.97265625, 0.003971099853515625, 2.533203125, 3.635883331298828e-05, 7.3828125, 4.4765625, 1.6806640625, 8.344650268554688e-07, 0.268798828125, 5.125999450683594e-06, 8.344650268554688e-07, 2.3484230041503906e-05, 2.86102294921875e-05, -0.0, 0.0004138946533203125, 5.125999450683594e-05, 0.517578125, 11.2734375, 0.78466796875, 6.05078125, 0.07269287109375, 0.317138671875, 2.796875, 2.451171875, 4.28125, 1.7998046875, 5.87109375, 0.083740234375, 0.53564453125, 4.53125, 3.5546875, 0.8447265625, 5.43359375, 0.71142578125, 2.44921875, 6.140625, 0.1019287109375, 0.1783447265625, 10.1484375, 2.416015625, 0.9833984375, 3.8203125, 1.646484375, 9.1953125, 2.54296875, 3.1796875, 7.2421875, 1.216796875, 4.4296875, 4.27734375, 2.4765625, 6.85546875, 8.4140625, 0.1053466796875, 6.77734375, 6.73828125, 0.96533203125, 6.28515625, 0.0926513671875, 7.3046875, 3.375, 2.875, 5.28125, 0.57861328125, 11.59375, 2.41796875, 9.083747863769531e-05, 0.25927734375, 3.1948089599609375e-05, 8.106231689453125e-06, 6.73532485961914e-05, 2.0265579223632812e-06, -0.0, 0.0003509521484375, 5.066394805908203e-05, 0.916015625, 7.28515625, 0.1429443359375, 8.390625, 4.796875, 11.546875, 4.76953125, 3.74609375, 0.71484375, 7.03515625, 2.75, 8.34375, 3.478515625, 8.6640625, 5.96484375, 6.4453125, 4.58203125, 1.0703125, 2.796875, 4.3203125, 3.130859375, 0.100341796875, 3.298828125, 2.57421875, 0.1396484375, 4.296875, 2.662109375, 2.6640625, 1.4375, 1.025390625, 3.2421875, 1.6845703125, 1.4716796875, 1.00390625, 2.064453125, 3.92578125, 6.125, 0.85009765625, 6.32421875, 2.658203125, 7.484375, 3.279296875, 7.44140625, 0.0032215118408203125, 3.267578125, 2.12890625, 4.8828125, 9.7578125, 2.771484375, 1.6220703125, 1.5234375, 3.33984375, 0.2109375, 0.0178680419921875, 2.46875, 7.5390625, 0.33447265625, 1.1962890625, 6.93359375, 0.002918243408203125, 1.0380859375, 6.71875, 5.16796875, 5.453125, 0.097900390625, 0.00698089599609375, 3.21484375, 0.537109375, 5.53125, 5.5078125, 0.042572021484375, 8.296875, 0.5751953125, 8.234375, 0.8984375, 9.96875, 1.1689453125, 0.94970703125, 4.578125, 2.751953125, 2.021484375, 1.572265625, 6.1171875, 4.0625, 4.09765625, 5.32421875, 0.1929931640625, 2.16796875, 2.84375, 9.359375, 1.1328125, 0.331298828125, 0.007137298583984375, 0.1815185546875, 5.25390625, 2.5, 4.22265625, 0.5703125, 0.96826171875, 0.712890625, 6.21875, 2.216796875, 1.5615234375, 4.4765625, 2.82421875, 9.78125, 12.015625, 1.099609375, 6.65625, 3.470703125, 9.375, 2.814453125, 7.09765625, 4.0703125, 2.728515625, 6.1171875, 1.92578125, 1.94921875, 2.537109375, 0.67626953125, 3.298828125, 0.12237548828125, 8.7265625, 5.1875, 0.92724609375, 3.22265625, 7.3828125, 4.3515625, 3.544921875, 3.875, 5.53515625, 3.572265625, 3.39453125, 8.984375, 2.958984375, 2.642578125, 2.65234375, 8.8984375, 0.2064208984375, 2.3984375, 5.6171875, 0.04412841796875, 6.58984375, 11.171875, 7.1015625, 4.19921875, 2.75390625, 5.26171875, 8.7890625, 0.728515625, 8.171875, 2.373046875, 3.876953125, 3.138671875, 3.2265625, 1.2646484375, 3.78515625, 3.90234375, 0.0028858184814453125, 4.08203125, 2.216796875, 4.06640625, 3.423828125, 3.091796875, 4.58203125, 1.0634765625, 0.0254669189453125, 0.7861328125, 3.314453125, 1.2197265625, 2.173828125, 8.25, 4.9375, 5.45703125, 0.1572265625, 2.029296875, 4.16015625, 4.62109375, 3.2578125, 7.86328125, 0.028564453125, 2.904296875, 1.203125, 2.845703125, 2.86328125, 8.3125]",-0.933616335575397
19,1,test,2.9629467454665606,1.3167086686582363,1.8008346535901325,5.070913833037297,2.2534715523305135,3.082025476791072,19.35492183376999,14.167493466158216,16.158244005445255,33.12484134734764,24.246854489345402,27.653910138672476,2.875436259274507,1.1778477220033465,1.6929119395923298,4.259905569295565,1.7449595881531055,2.5080176882849328,17.733158689144968,12.272395614398977,14.470559027926445,26.27134620614069,18.18132683614663,21.437865226557694,2.9891107979426814,1.305357022307852,1.7864296566929536,4.981851329904469,2.1755950371797534,2.9773827611549226,19.86800796106106,14.482273046749569,16.538977391856086,33.113346601768434,24.137121744582615,27.564962319760145,0.6482412060301508,0.0032412060301507672,0.008241206030150772,0.5025125628140703,-0.007487437185929702,0.002512562814070307,0.44221105527638194,0.032211055276381906,0.0272110552763819,0.41982507288629733,0.11997063329386648,0.1832659331013511,0.3713450292397661,0.4522613065326633,0.15652195816173597,0.21019118967122752,0.36363636363636365,0.4180602006688964,0.13425385676238555,0.19002905495143252,0.36241610738255037,26.0,17.0,17.0,36.0,25.0,25.0,47.0,29.0,31.0,0.0003276358861158343,0.00010370156206782024,0.0002170377332394678,-0.022705126557108102,-0.020340778745296717,-0.02323049224873941,"[8.3671875, 4.87109375, 0.049407958984375, 4.3671875, 3.529296875, 9.4921875, 4.1875, 0.0513916015625, 6.19140625, 9.3203125, 3.57421875, 4.1328125, 2.021484375, 1.181640625, 4.83203125, 4.2734375, 0.31201171875, 1.0234375, 1.2890625, 1.990234375, 10.0, 0.0018434524536132812, 7.8125, 0.88623046875, 6.35546875, 6.37109375, 3.169921875, 8.6796875, 2.609375, 5.48046875, 0.00951385498046875, 5.66796875, 11.65625, 10.0, 8.921875, 2.810546875, 3.58984375, 4.37890625, 3.259765625, 0.53564453125, 3.66796875, 0.0143585205078125, 5.359375, 3.48828125, 0.7373046875, 5.328125, 0.158203125, 1.2548828125, 2.22265625, 0.016510009765625, 0.0024547576904296875, 4.7265625, 7.7890625, 7.30078125, 0.1590576171875, 0.0007190704345703125, 10.3984375, 0.1710205078125, 8.8828125, 5.75, 1.03515625, 2.1640625, 0.95068359375, 3.998046875, 0.179931640625, 0.307861328125, 2.06640625, 1.1513671875, 4.5390625, 5.9921875, 1.220703125, 0.5517578125, 1.525390625, 6.5546875, 6.71875, 0.0027637481689453125, 1.3115234375, 6.50390625, 6.5234375, 0.9951171875, 0.7607421875, 0.047760009765625, 4.30859375, 0.1025390625, 1.5009765625, 0.1258544921875, 0.0491943359375, 2.086162567138672e-05, 0.0009217262268066406, 0.0004813671112060547, 3.159046173095703e-05, 5.97265625, 3.935546875, 2.05078125, 8.1328125, 2.619140625, 1.28125, 2.3671875, 3.123046875, 0.045867919921875, 0.3740234375, 3.744140625, 1.57421875, 1.669921875, 4.8515625, 3.04296875, 1.2236328125, 3.125, 0.0906982421875, 0.0010824203491210938, 2.73046875, 3.87890625, 6.203125, 0.00018453598022460938, 3.439453125, 5.515625, 9.078125, 0.443359375, 1.4541015625, 9.1796875, 0.82958984375, 0.0309906005859375, 1.056640625, -0.0, 2.0503997802734375e-05, 0.0016183853149414062, 0.0003197193145751953, 8.392333984375e-05, 8.344650268554688e-07, 4.37109375, 5.4296875, 1.54296875, 0.340576171875, 0.89599609375, 1.521484375, 8.1171875, 6.08984375, 0.29052734375, -0.0, 1.0013580322265625e-05, 0.0006051063537597656, 7.259845733642578e-05, 7.808208465576172e-05, -0.0, 4.0078125, 6.6015625, 3.109375, 0.180419921875, 0.457275390625, 7.69921875, 4.48828125, 5.14453125, 1.73828125, 0.170166015625, 4.27734375, 1.8583984375, 2.55859375, 0.016693115234375, 3.474609375, 1.3583984375, 0.60302734375, 2.796875, 7.36328125, 3.080078125, 8.738040924072266e-05, 1.0609626770019531e-05, 0.000255584716796875, 2.5272369384765625e-05, 1.2278556823730469e-05, -0.0, 7.12890625, 0.30859375, 1.41015625, 4.03515625, 0.01904296875, 0.84130859375, 1.923828125, 7.33984375, 0.88916015625, 3.494140625, 0.4306640625, 4.4140625, 4.04296875, 1.4482421875, 4.0625, 6.53125, 3.357421875, 2.833984375, 3.05859375, 2.28515625, 2.27734375, 3.328125, 4.21875, 2.53515625, 1.13671875, 0.85791015625, 0.131103515625, 3.900390625, 1.98828125, 1.7881393432617188e-06, 1.4901161193847656e-05, 7.414817810058594e-05, 1.728534698486328e-05, 6.198883056640625e-06, 6.198883056640625e-06, 10.1328125, 3.310546875, 0.487548828125, 0.405029296875, 12.2890625, 0.033905029296875, 2.193359375, 14.453125, 0.082275390625, 0.43359375, 7.3046875, 1.4169921875, 4.0859375, 4.81640625, 2.45703125, 8.796875, 8.984375, 2.21875, 1.9951171875, 7.29296875, 4.23828125, 6.18359375, 6.87109375, 1.783203125, 0.274169921875, 6.59375, 14.8203125, 1.412109375, 4.45703125, 7.06640625, 4.48046875, 6.671875, 0.004730224609375, 5.62109375, 1.2890625, 8.463859558105469e-06, 2.6941299438476562e-05, 0.00042176246643066406, 1.704692840576172e-05, 1.704692840576172e-05, 3.5762786865234375e-07, 3.736328125, 7.26953125, 2.158203125, 0.10028076171875, 0.41552734375, 7.91015625, 5.18359375, 0.00933837890625, 7.64453125, 0.062255859375, 9.0390625, 0.368896484375, 2.064453125, 2.806640625, 0.240234375, 6.4609375, 8.3359375, 4.34765625, 2.529296875, 10.65625, 5.98046875, 1.345703125, 8.3671875, 3.107421875, 6.97265625, 0.02581787109375, 1.1416015625, 0.81689453125, 0.8427734375, 7.73828125, 1.2041015625, 2.013671875, 3.607421875, 0.01474761962890625, 3.982421875, 4.3046875, 3.53515625, 0.99560546875, 2.86102294921875e-06, 7.092952728271484e-05, 7.534027099609375e-05, 6.4373016357421875e-06, 8.225440979003906e-06, -0.0, 4.45703125, 8.578125, 2.28125, 2.4609375, 2.2649765014648438e-06, 0.001056671142578125, 0.000171661376953125, 4.5418739318847656e-05, 6.9141387939453125e-06, 0.00672149658203125, 4.94140625, 3.689453125, 1.724609375, 3.427734375, 0.09466552734375, 0.435302734375, 6.53125, 0.68408203125, 2.68359375, 7.453125, 1.5927734375, 4.15234375, 0.0153961181640625, 2.744140625, 0.5498046875, 2.435546875, 0.0777587890625, 0.11285400390625, 8.109375, 11.0390625, 4.6953125, 1.1875, 3.3046875, 3.048828125, 2.994140625, 4.84375, 1.9521484375, 2.177734375, 2.818359375, 6.8671875, 0.082275390625, 4.27734375, 4.921875, 2.494140625, 0.234130859375, 6.0703125, 1.552734375, 2.482421875, 2.8828125, 0.0008392333984375, 4.72265625, 0.02166748046875, 1.330078125]",-0.8465119871384199
72,1,test,2.327338536893289,0.8698541442609384,1.1622115821881542,4.858160224553204,1.8157611098780242,2.426037291780737,10.250623539881119,5.955482501808097,7.044293623847162,21.397476460298293,12.43166292727155,14.704481772183694,2.608836624490556,1.01640890767368,1.4689379621144705,4.207801007242832,1.6393692059252905,2.3692547776039845,13.583239248317708,8.667570943671091,10.456787726353872,21.908450400512432,13.979953134953373,16.86578665540947,2.32674482395019,0.9542259995336617,1.3225345601611584,4.417869918892766,1.811821518101889,2.51114156992625,10.244539418300239,6.299263771052363,7.514788779874442,19.451657123354885,11.960627413390561,14.26858629090084,0.6231155778894473,-0.0018844221105527303,-0.016884422110552744,0.4623115577889447,-0.002688442211055242,-0.002688442211055242,0.35678391959798994,0.011783919597989967,0.01678391959798997,0.3569553805774278,0.05551370298896119,0.08911569338290193,0.33947368421052626,0.40703517587939697,0.088739436531026,0.13658442462731013,0.4191919191919192,0.3846153846153846,0.08077565172723766,0.13544964490459477,0.34563758389261745,22.0,9.0,10.0,33.0,12.0,12.0,40.0,9.0,9.0,0.00013726420209327785,0.0006713582887317076,-3.3394101338151086e-05,-0.03195402318962248,-0.04480628254202568,-0.03711912254890848,"[2.892578125, 2.212890625, 0.25, 0.0423583984375, 3.719329833984375e-05, 0.7880859375, 0.01218414306640625, 0.01407623291015625, 4.58203125, 4.5234375, 1.0673828125, 0.71630859375, 1.248046875, 2.521484375, 3.517578125, 5.7265625, 3.11328125, 2.333984375, 2.64453125, 6.9296875, 0.06329345703125, 2.662109375, 0.270263671875, 0.06768798828125, 1.8740234375, 2.11328125, 0.059356689453125, 1.5830078125, 8.1171875, 9.390625, 0.97119140625, 1.86328125, 3.181640625, 0.58984375, 2.287109375, 0.4736328125, 0.1719970703125, 2.404296875, 0.330078125, 0.0084075927734375, 4.80078125, 6.58984375, 0.0005555152893066406, 3.595703125, 6.84765625, 1.162109375, 0.46044921875, 5.3203125, 1.416015625, 8.265625, 9.4296875, 1.75, 5.0625, 2.31640625, 8.8515625, 1.580078125, 11.3359375, 0.1375732421875, 8.8046875, 1.66796875, 4.27734375, 4.6640625, 1.3564453125, 1.48046875, 1.693359375, 1.3113021850585938e-05, 3.0279159545898438e-05, 0.00026679039001464844, 3.826618194580078e-05, -0.0, 9.875, 2.103515625, 0.18701171875, 0.8466796875, 3.337890625, 8.453125, 0.005069732666015625, 4.82421875, 2.380859375, 0.45654296875, 2.90234375, 3.390625, 5.828125, 6.57421875, 5.0625, 0.826171875, 8.703125, 0.35986328125, 2.53515625, 4.72265625, 1.853515625, 3.466796875, 0.0002639293670654297, 3.068359375, 0.0266265869140625, 0.00444793701171875, 8.5546875, 1.630859375, 6.65625, 0.7314453125, 0.373046875, 0.92529296875, 5.14453125, 1.28125, 1.353515625, 6.83203125, 0.295166015625, 0.751953125, 3.837890625, 3.94140625, 1.4775390625, 1.3251953125, 3.177734375, 0.5771484375, 8.390625, 3.560546875, 2.666015625, 3.298828125, 2.41015625, 2.013671875, 4.1484375, 0.8388671875, 0.03570556640625, 7.1171875, 0.599609375, 1.615234375, 4.50390625, 2.1796875, 0.279296875, 0.316162109375, 4.3671875, 1.0013580322265625e-05, 7.808208465576172e-05, 8.392333984375e-05, 1.33514404296875e-05, -0.0, 4.140625, 8.578125, 6.7265625, 0.406005859375, 1.529296875, 5.19140625, 0.91259765625, 0.0305328369140625, 5.58203125, 2.794921875, 4.97265625, 1.9169921875, 1.7881393432617188e-06, 3.314018249511719e-05, 6.151199340820312e-05, 1.8358230590820312e-05, -0.0, 6.08203125, 7.2734375, 8.2734375, 6.5546875, 0.5361328125, 1.5615234375, 2.205078125, 4.875, 0.455078125, 1.0224609375, 1.84375, 1.994140625, 2.189453125, 1.8828125, 0.1363525390625, 2.033203125, 5.91015625, 3.919921875, 5.01171875, 0.9755859375, 3.28515625, 0.341796875, 0.041015625, 0.343994140625, 5.21484375, 1.486328125, 2.783203125, 0.69384765625, 0.11236572265625, 0.0302734375, 6.1015625, 5.8046875, 1.298828125, 2.119140625, 1.8212890625, 1.4482421875, 0.0136260986328125, 0.02606201171875, 1.412109375, 1.430511474609375e-06, 0.00015079975128173828, 2.4080276489257812e-05, 1.3113021850585938e-05, -0.0, 4.46484375, 4.33984375, 13.0390625, 0.44970703125, 2.263671875, 2.494140625, 1.7744140625, 1.8876953125, 7.5703125, 0.349365234375, 0.29833984375, 1.5703125, 0.441162109375, 0.7568359375, 5.56640625, 1.6826171875, 3.74609375, 0.9326171875, 3.203125, 3.41796875, 4.46484375, 3.193359375, 4.41796875, 0.63134765625, 1.9111328125, 5.69140625, 1.05078125, 2.330078125, 6.44140625, 9.1875, 0.304931640625, 3.58203125, 0.343017578125, 3.20703125, 5.98046875, 0.1571044921875, 0.036712646484375, 0.13671875, 1.263671875, 5.9375, 5.453125, 0.6435546875, 6.1953125, 0.354736328125, 2.052734375, 0.1590576171875, 1.5986328125, 7.24609375, 8.3125, 0.86669921875, 0.5498046875, 5.640625, 0.02301025390625, 0.412109375, 0.39990234375, -0.0, 1.0967254638671875e-05, 2.014636993408203e-05, 3.933906555175781e-06, -0.0, 3.134765625, 5.421875, 3.208984375, 1.0244140625, 1.53515625, 0.334716796875, -0.0, 6.115436553955078e-05, 1.9311904907226562e-05, 3.3855438232421875e-05, 6.318092346191406e-06, 2.421875, 0.431396484375, 0.005023956298828125, 0.1424560546875, 2.158203125, 0.07794189453125, -0.0, 6.389617919921875e-05, 7.748603820800781e-06, 1.9669532775878906e-05, 0.0003387928009033203, 2.1171875, 0.0732421875, 0.0004584789276123047, 0.49853515625, 2.181640625, 0.07354736328125, -0.0, 7.867813110351562e-06, 1.811981201171875e-05, 3.3020973205566406e-05, 4.589557647705078e-05, 6.8828125, 0.355712890625, 1.37109375, 0.13134765625, -0.0, 5.042552947998047e-05, 1.9550323486328125e-05, 1.4662742614746094e-05, 4.601478576660156e-05, 3.5078125, 4.6484375, 5.08984375, 0.0823974609375, 1.4228515625, 0.10552978515625, -0.0, 1.3589859008789062e-05, 6.794929504394531e-06, 2.9206275939941406e-05, 0.00012433528900146484, 8.8359375, 7.2890625, 13.96875, 0.1971435546875, 1.361328125, 0.19921875, -0.0, 8.463859558105469e-05, 1.7881393432617188e-05, 1.537799835205078e-05, 0.0001245737075805664, 9.078125, 1.654296875, 0.404541015625, 1.427734375, 0.09503173828125, -0.0, 0.0001747608184814453, 7.748603820800781e-06, 2.9921531677246094e-05, 4.57763671875e-05, 10.2421875, 4.57421875, 1.890625, 0.359619140625, 0.05279541015625, -0.0, 3.218650817871094e-05, 1.811981201171875e-05, 2.9325485229492188e-05, 0.0009207725524902344, 3.291015625, 6.2109375, 3.859375, 0.51025390625, 0.07568359375, 0.76708984375, 0.84228515625, 0.0003726482391357422, 9.078125, 3.17578125, 8.9765625, 3.349609375, 0.7783203125, 1.3701171875, 0.39013671875, 5.77734375, 2.6640625, 13.734375, 0.9521484375, 0.04132080078125, 0.88671875, 3.94140625, 0.033050537109375, 5.453125, 0.67822265625, 0.1319580078125, 0.68359375, 2.478515625, 2.541015625, 1.8662109375, 0.057403564453125, 6.421875, 2.9765625, 0.00307464599609375, 1.2177734375, 9.8203125, 2.9765625, 0.471435546875, 0.216796875, 0.1319580078125]",-0.8132557071100068
5,1,test,3.070171328227873,1.3257414838785189,1.8615358532019863,5.30128962265434,2.2891685249579394,3.2143289887587096,21.545593727194426,15.822955976350453,18.196681867649467,37.2029506593792,27.3216258473629,31.4203575105997,3.1817351148356146,1.4235476119889325,1.9509536388673412,4.971461116930648,2.2242931437327074,3.048365060730221,24.088513649706535,18.286601739948182,20.66460945979966,37.63830257766646,28.572815218669035,32.288452280936966,3.068856716156006,1.329066675847715,1.8755307811505797,5.299019671374967,2.2949101607805265,3.238494143850069,21.517288239029803,15.821140903256985,18.219256212431574,37.154075344411716,27.31849174599654,31.45933681401229,0.7135678391959799,0.003567839195979916,0.003567839195979916,0.592964824120603,0.002964824120602949,0.002964824120602949,0.46733668341708545,-0.01266331658291453,-0.01266331658291453,0.4296028880866426,0.10347676196051647,0.17270012698220083,0.3586956521739131,0.4522613065326633,0.13145930152013197,0.19349669885319754,0.3737373737373737,0.4223826714801444,0.09986014895762185,0.16067798960739532,0.3659420289855072,24.0,4.0,2.0,34.0,0.0,1.0,42.0,-1.0,0.0,0.0004077512679979365,0.0006063542991114825,0.00018684639048971243,-0.00023182424163081805,0.0001888633816387042,3.6794479953528025e-05,"[9.109375, 1.3798828125, 10.1875, 7.62890625, 2.81640625, 4.93359375, 2.677734375, 0.285888671875, 7.92578125, 3.76171875, 1.158203125, 4.84375, 5.05859375, 3.708984375, 4.57421875, 3.36328125, 3.39453125, 1.6484375, 2.822265625, 6.828125, 6.5390625, 0.465576171875, 3.111328125, 5.8203125, 6.6953125, 0.0007996559143066406, 1.0234375, 0.253173828125, 1.8818359375, 0.56298828125, 10.0625, 1.7529296875, 1.96875, 12.171875, 0.55517578125, 0.24462890625, 0.30712890625, 5.81640625, 7.92578125, 3.244140625, 5.640625, 5.6875, 1.08984375, 3.1328125, 3.95703125, 4.4296875, 4.03125, 6.53125, 1.439453125, 0.252685546875, 10.6484375, 0.45166015625, 0.951171875, 4.69921875, 0.74169921875, 8.0234375, 8.6171875, 5.2421875, 2.6640625, 3.62890625, 3.375, 0.1632080078125, 7.92578125, 12.0859375, 3.484375, 1.412109375, 0.8583984375, 1.4912109375, 0.12078857421875, 2.740234375, 1.5673828125, 10.1328125, 1.0966796875, 6.65234375, 3.890625, 1.1884765625, 5.52734375, 1.458984375, 4.8984375, 5.10546875, 2.703125, 1.1220703125, 4.43359375, 6.78515625, 0.130859375, 11.625, 0.0011997222900390625, 0.5771484375, 0.1341552734375, 0.0012998580932617188, 0.020111083984375, 2.330078125, 1.369140625, 5.21875, 4.21484375, 0.1702880859375, 2.80078125, 3.658203125, 2.572265625, 0.481201171875, 4.67578125, 6.859375, 3.162109375, 2.052734375, 0.48974609375, 0.0018777847290039062, 6.8515625, 0.277099609375, 0.6982421875, 3.53515625, 3.126953125, 0.33935546875, 1.095703125, 5.5859375, 0.281982421875, 1.986328125, 2.1015625, 2.232421875, 2.552734375, 2.822265625, 5.5703125, 6.03125, 0.2239990234375, 6.50390625, 0.005695343017578125, 0.9580078125, 2.193359375, 0.47265625, 0.056854248046875, 1.7978515625, 1.595703125, 4.97265625, 6.89453125, 0.810546875, 2.935546875, 0.00362396240234375, 0.453125, 0.18798828125, 0.0027523040771484375, 0.00016701221466064453, 5.26953125, 0.55029296875, 5.578125, 0.16650390625, 3.603515625, 5.06640625, 2.84765625, 7.1953125, 4.421875, 3.8046875, 5.04296875, 0.420166015625, 5.11328125, 6.3984375, 2.697265625, 3.4453125, 0.198974609375, 4.91015625, 1.171875, 6.328125, 1.083984375, 2.9609375, 4.26953125, 3.345703125, 4.42578125, 0.06011962890625, 2.921875, 5.08203125, 1.6357421875, 4.96484375, 3.193359375, 2.8515625, 0.016937255859375, 3.275390625, 4.8046875, 2.580078125, 5.12890625, 0.0303955078125, 0.7431640625, 4.55859375, 3.419921875, 1.798828125, 1.1044921875, 3.330078125, 0.1153564453125, 2.740234375, 5.609375, 0.22021484375, 3.654296875, 0.009185791015625, 5.171875, 1.248046875, 0.0110015869140625, 0.251953125, 0.05908203125, 0.043487548828125, 5.69140625, 2.279296875, 1.384765625, 0.0010938644409179688, 8.328125, 0.0020809173583984375, 0.327880859375, 0.04205322265625, 0.004276275634765625, 0.0004017353057861328, 9.8671875, 2.533203125, 3.1953125, 4.15234375, 0.99072265625, 0.0012302398681640625, 0.89404296875, 5.859375, 0.08367919921875, 0.93603515625, 11.8125, 4.05859375, 1.7666015625, 1.9892578125, 1.51953125, 0.06201171875, 0.740234375, 5.69140625, 2.203125, 3.455078125, 10.375, 0.072998046875, 1.9833984375, 1.9423828125, 7.2109375, 0.7900390625, 7.27734375, 1.0908203125, 5.23046875, 0.1673583984375, 1.060546875, 3.80078125, 1.578125, 5.44140625, 1.8037109375, 3.861328125, 1.6474609375, 3.2734375, 1.5322265625, 0.00852203369140625, 8.0546875, 1.0947265625, 4.29296875, 1.546875, 6.65234375, 0.9541015625, 9.390625, 2.88671875, 2.171875, 1.9677734375, 7.12109375, 2.8046875, 3.408203125, 0.6904296875, 6.3671875, 0.0506591796875, 2.56640625, 1.0634765625, 2.591796875, 2.78515625, 0.6044921875, 4.6796875, 0.01491546630859375, 5.5, 5.53131103515625e-05, 2.494140625, 0.41357421875, 4.92578125, 0.052154541015625, 1.236328125, 2.787109375]",-1.0103211682626054
421,1,test,3.0321180955187916,1.3664661269132936,1.8913612959360517,5.351871096307264,2.411895031238524,3.338366624754597,20.74111776507852,15.451997298683589,17.611982167250915,36.609322320289195,27.273706075387295,31.086209487979023,3.108150953024476,1.2142286201914894,1.7463468912048805,4.894725910274765,1.9121710554196683,2.750152584574615,22.37962514128822,15.734242108011795,18.476396521749525,35.24350415950901,24.77833402836503,29.096687435826027,3.0321180955187916,1.3664661269132936,1.8913612959360517,5.351871096307264,2.411895031238524,3.338366624754597,20.74111776507852,15.451997298683589,17.611982167250915,36.609322320289195,27.273706075387295,31.086209487979023,0.6381909547738693,0.0031909547738693256,-0.011809045226130688,0.5125628140703518,0.002562814070351749,-0.00743718592964826,0.40201005025125625,0.0020100502512562235,0.0020100502512562235,0.40068493150684936,0.10324903407095187,0.16378288139295416,0.42611683848797255,0.38190954773869346,0.07614513671112455,0.12481438914103071,0.4292929292929293,0.40068493150684936,0.10324903407095187,0.16378288139295416,0.42611683848797255,20.0,2.0,4.0,28.0,-1.0,1.0,35.0,3.0,2.0,-0.0005130178656862088,-0.0004392921575344553,0.00016769746360233858,-0.000335773069539691,0.00013076050589333477,-1.577387457896151e-05,"[2.12109375, 9.0390625, 0.7978515625, 0.0180816650390625, 0.177490234375, 0.380615234375, 1.1920928955078125e-06, 0.0160980224609375, 0.0004582405090332031, 4.0531158447265625e-06, 5.9453125, 8.3828125, 1.58984375, 0.97509765625, 7.12890625, 4.96484375, 3.75390625, 4.9609375, 5.98828125, 3.54296875, 0.52001953125, 1.650390625, 3.349609375, 1.880859375, 0.426025390625, 4.76953125, 2.578125, 0.8505859375, 2.802734375, 3.6796875, 0.36181640625, 3.328125, 0.006374359130859375, 5.44140625, 1.3330078125, 4.1171875, 0.202392578125, 0.033172607421875, 0.9208984375, 3.775390625, 1.3779296875, 0.44580078125, 2.5391578674316406e-05, 0.020599365234375, 0.103271484375, 5.6875, 9.3828125, 0.423828125, 3.939453125, 1.4462890625, 0.439697265625, 0.00013685226440429688, 0.06658935546875, 0.2159423828125, 12.5, 12.3046875, 6.73828125, 0.08111572265625, 1.919269561767578e-05, 0.046356201171875, 0.1326904296875, 1.248046875, 5.63671875, 2.794921875, 0.1273193359375, 8.58306884765625e-05, 0.0887451171875, 0.8798828125, 2.234375, 0.02569580078125, 3.796875, 3.703125, 1.05859375, 0.6728515625, 6.34765625, 0.61083984375, 4.0703125, 0.83984375, 6.453125, 1.4482421875, 8.859375, 3.25, 1.392578125, 2.328125, 4.89453125, 3.4140625, 0.03326416015625, 9.625, 2.09765625, 0.9462890625, 2.16796875, 3.638671875, 1.3173828125, 1.8271484375, 1.3779296875, 2.3828125, 4.01171875, 0.23583984375, 0.034393310546875, 3.314453125, 4.34765625, 0.06317138671875, 7.42578125, 2.8359375, 1.4755859375, 0.251220703125, 0.0858154296875, 0.4501953125, 2.564453125, 3.841796875, 1.9912109375, 7.70703125, 1.8017578125, 2.619140625, 0.303466796875, 0.05914306640625, 6.0546875, 1.26953125, 3.205078125, 0.83251953125, 0.60888671875, 0.01396942138671875, 0.003002166748046875, 0.85400390625, 7.62109375, 2.62890625, 3.080078125, 8.4765625, 1.40625, 0.053253173828125, 0.48046875, 2.48828125, 1.7939453125, 0.791015625, 0.258544921875, 0.00027441978454589844, 0.06829833984375, 2.171875, 7.45703125, 1.4384765625, 9.7265625, 0.79931640625, 5.43359375, 3.017578125, 3.75390625, 4.21875, 5.5390625, 3.21875, 8.2734375, 0.0870361328125, 11.203125, 7.6015625, 3.48828125, 9.546875, 15.5, 3.66796875, 7.51953125, 5.94921875, 0.69140625, 4.5234375, 9.2109375, 7.45703125, 2.18359375, 1.9013671875, 0.8232421875, 0.07513427734375, 1.728534698486328e-05, 0.0816650390625, 2.857421875, 6.3203125, 9.1875, 9.109375, 2.408203125, 1.3623046875, 2.26171875, 9.234375, 6.921875, 5.73046875, 2.466796875, 2.369140625, 0.88671875, 5.87109375, 0.77783203125, 0.07452392578125, 4.76837158203125e-06, 0.092529296875, 1.4609375, 5.171875, 2.169921875, 6.19140625, 0.054473876953125, 8.71875, 7.9453125, 8.875, 2.625, 6.18359375, 9.0859375, 5.203125, 1.2568359375, 5.10546875, 0.353515625, 0.11346435546875, 5.960464477539062e-07, 0.140625, 1.4541015625, 2.322265625, 7.98046875, 0.006114959716796875, 2.240234375, 5.828125, 0.57958984375, 0.19873046875, 6.98828125, 1.298828125, 2.619140625, 5.51953125, 8.1640625, 8.09375, 1.625, 3.76953125, 3.24609375, 0.414794921875, 0.043243408203125, 7.152557373046875e-07, 0.038818359375, 1.453125, 1.7109375, 0.9423828125, 2.134765625, 0.040191650390625, 1.2578125, 4.8828125, 0.880859375, 5.0, 4.67578125, 7.25390625, 5.25, 3.3515625, 5.50390625, 10.515625, 1.9423828125, 3.30078125, 3.470703125, 3.693359375, 0.857421875, 3.884765625, 4.3203125, 1.62109375, 5.46484375, 0.319580078125, 2.892578125, 9.53125, 4.23046875, 0.76953125, 6.25390625, 3.640625, 4.39453125, 0.69091796875, 0.193115234375, 1.633167266845703e-05, 0.335693359375, 1.6796875, 1.76953125, 5.91796875, 0.72900390625, 9.4765625, 0.9892578125, 0.6220703125, 0.0435791015625, 5.81640625, 7.734375, 0.0187530517578125, 0.245849609375, 1.5546875, 2.08203125, 9.8671875, 2.9921875, 7.27734375, 4.5859375, 0.2255859375, 3.61328125, 1.2822265625, 0.1990966796875, 0.0582275390625, 1.430511474609375e-06, 0.2381591796875, 1.455078125, 1.3955078125, 0.81396484375, 5.68359375, 5.1328125, 1.4765625]",-0.18411229693726305
449,1,test,2.7214268938510005,1.1377238223038044,1.5893459832794576,5.3314503476028365,2.2288741548056983,3.1136310198749606,15.201998414540203,10.329031026078045,12.09989342303851,29.781692800415016,20.235236220679212,23.704469571449714,2.878177563748767,1.1773261089781126,1.6940424292380838,4.8372732163844825,1.9786993428203572,2.8471301331732497,17.781837367457616,12.30322717230801,14.513978027278174,29.88544095371028,20.677692726568083,24.393240381980128,2.7220971998961074,1.1615384111316505,1.6266584045889183,5.268575225605368,2.248138860254807,3.1483711056559702,15.212191821944812,10.450710657865919,12.221697211404956,29.44295191344157,20.227181918450164,23.65489782852572,0.6532663316582914,0.003266331658291377,-0.0017336683417086274,0.5125628140703518,-0.012437185929648265,-0.022437185929648162,0.40703517587939697,0.012035175879396953,-0.007964824120603065,0.41017964071856283,0.09926783204890666,0.14623541761099312,0.34534534534534533,0.4120603015075377,0.10378962481580833,0.15162624474626896,0.33838383838383834,0.4046822742474916,0.09416474503213268,0.15440418748442153,0.3355704697986577,25.0,4.0,6.0,40.0,11.0,9.0,46.0,7.0,6.0,0.0011065012436327613,0.00015199775196417372,0.00044447967973110643,-0.004306706397620097,-0.0035282563248193455,-0.004005522794927607,"[10.3515625, 7.0390625, 10.15625, 4.296875, 5.86328125, 6.04296875, 5.71484375, 0.640625, 1.1435546875, 2.03515625, 2.8046875, 9.7890625, 3.224609375, 8.53125, 0.37353515625, 1.3916015625, 3.705078125, 6.0625, 2.154296875, 0.037109375, 3.001953125, 0.72998046875, 2.73828125, 0.050140380859375, 10.078125, 5.15234375, 2.345703125, 1.75, 0.2978515625, 7.296875, 3.77734375, 0.10284423828125, 1.6552734375, 0.544921875, 0.96630859375, 1.6494140625, 0.0019359588623046875, 3.37109375, 0.263427734375, 4.34375, 3.994140625, 0.2122802734375, 7.5625, 4.25, 2.5, 0.642578125, 3.443359375, 5.078125, 6.2578125, 8.5703125, 5.24609375, 0.1988525390625, 0.5458984375, 5.0625, 0.1614990234375, 2.134765625, 3.28125, 5.37109375, 6.2734375, 4.04296875, 5.0859375, 0.09722900390625, 2.626953125, 0.53662109375, 8.0859375, 0.0182037353515625, 1.6416015625, 3.7890625, 3.89453125, 1.7314453125, 3.23828125, 1.6337890625, 0.0248870849609375, 0.005939483642578125, 0.8798828125, 4.89453125, 6.765625, 4.51171875, 1.40625, 0.94921875, 5.9453125, 3.54296875, 3.294921875, 3.34375, 5.3984375, 1.5341796875, 2.97265625, 0.9892578125, 1.6572265625, 0.13427734375, 0.15625, 9.015625, 8.0625, 1.9130859375, 8.2890625, 0.08587646484375, 5.2265625, 5.37890625, 0.79736328125, 2.021484375, 0.0016460418701171875, 10.125, 0.55908203125, 0.2369384765625, 8.6171875, 1.349609375, 0.242919921875, 1.2109375, 0.767578125, 1.9658203125, 3.6328125, 0.153076171875, 0.316650390625, 4.2109375, 4.2265625, 5.04296875, 0.45654296875, 5.51953125, 0.69580078125, 4.38671875, 4.38671875, 7.33203125, 0.25, 2.337890625, 2.333984375, 2.73046875, 0.0615234375, 0.002960205078125, 1.8046875, 1.0068359375, 4.10546875, 3.646484375, 0.035430908203125, 0.05072021484375, 0.89306640625, 4.453125, 0.0009427070617675781, 9.1875, 3.986328125, 6.95703125, 5.2109375, 1.3203125, 10.6875, 0.0202789306640625, 0.00885009765625, 8.9140625, 0.43017578125, 1.7685546875, 2.7734375, 4.02734375, 4.56640625, 2.96875, 5.0390625, 1.515625, 1.2548828125, 1.2802734375, 1.4453125, 0.1986083984375, 0.343994140625, 0.0067291259765625, 0.0007123947143554688, 0.4169921875, 2.5, 8.9765625, 0.061492919921875, 2.091796875, 1.212890625, 3.16015625, 3.466796875, 1.4775390625, 2.109375, 0.1669921875, 0.038818359375, 4.8125, 7.26171875, 2.169921875, 4.60546875, 0.1884765625, 0.052154541015625, 0.94287109375, 0.351806640625, 0.061004638671875, 0.216796875, 0.00876617431640625, 0.0007467269897460938, 0.13232421875, 0.431884765625, 2.578125, 5.1796875, 0.023406982421875, 0.63671875, 2.642578125, 6.0703125, 6.17578125, 0.8515625, 2.318359375, 0.04278564453125, 0.13623046875, 1.6064453125, 4.5, 5.5625, 2.3359375, 3.1796875, 4.625, 0.67529296875, 4.8046875, 0.60498046875, 0.47216796875, 0.0677490234375, 0.49072265625, 0.00511932373046875, 0.000896453857421875, 0.083984375, 0.93603515625, 1.111328125, 0.0009555816650390625, 3.658203125, 9.2734375, 4.33203125, 0.1524658203125, 0.05096435546875, 2.8984375, 1.3525390625, 1.9326171875, 5.359375, 1.0478515625, 1.78125, 5.8828125, 2.67578125, 1.255859375, 0.7001953125, 1.3310546875, 2.537109375, 0.09918212890625, 0.128173828125, 0.716796875, 5.328125, 1.248046875, 3.568359375, 8.3515625, 9.8828125, 2.5234375, 3.466796875, 0.64892578125, 0.32958984375, 0.89404296875, 3.91796875, 3.01953125, 0.334228515625, 0.5107421875, 0.01018524169921875, 0.0006899833679199219, 3.189453125, 0.60986328125, 6.09375, 0.0142822265625, 3.140625, 2.548828125, 12.3046875, 0.055694580078125, 1.3154296875, 3.8984375, 1.51953125, 4.75, 1.66015625, 0.8681640625, 3.322265625, 4.4296875, 2.359375, 3.568359375, 1.3544921875, 3.3359375, 10.0625, 0.248046875, 2.1328125, 3.28125, 5.875, 6.05078125, 1.7431640625, 3.361328125, 0.1422119140625, 1.7275390625, 1.7705078125, 1.8896484375, 0.496826171875, 0.36572265625, 0.395751953125, 0.276611328125, 3.673828125, 2.640625, 2.130859375, 4.95703125, 1.177734375, 0.062744140625, 1.28515625, 0.127685546875, 0.2366943359375, 0.0023670196533203125, 0.0006017684936523438, 2.404296875, 0.24853515625, 0.76025390625, 0.0018396377563476562, 9.96875, 10.1875, 6.73828125, 0.09661865234375, 3.6171875, 0.005794525146484375, 3.005859375, 6.0703125, 1.720703125, 1.0400390625, 1.8056640625, 1.794921875, 3.71875, 0.6259765625, 0.008514404296875, 0.00681304931640625, 0.00684356689453125, 1.59375, 3.494140625, 0.15234375, 2.833984375, 0.0007815361022949219, 6.04296875, 3.935546875, 4.9921875, 4.765625, 1.2080078125, 0.2252197265625, 8.03125, 0.443603515625, 4.16796875]",-1.0671404107602056
7,1,test,3.4028394330997727,1.46769653864809,2.0178789421244785,5.808294894428922,2.5052061607958778,3.444310608109024,30.049302010269052,23.12426847671827,26.054633934009942,51.291049983045454,39.4707341240536,44.472564818396286,3.543509846356646,1.4636284508297792,2.076757226158027,5.288820666203949,2.1845200758653425,3.0996376509821304,34.588105329560065,26.584585724784716,30.252970899272633,51.62403780531353,39.678486156395095,45.15368790936214,3.4028394330997727,1.46769653864809,2.0178789421244785,5.808294894428922,2.5052061607958778,3.444310608109024,30.049302010269052,23.12426847671827,26.054633934009942,51.291049983045454,39.4707341240536,44.472564818396286,0.7135678391959799,-0.006432160804020093,-0.0014321608040201994,0.6030150753768844,0.013015075376884289,0.0030150753768843908,0.4824120603015075,0.002412060301507535,-0.007587939698492474,0.41216216216216217,0.09290540540540537,0.15090090090090091,0.38983050847457623,0.42713567839195976,0.09547738693467334,0.15745393634840865,0.4040404040404041,0.41216216216216217,0.09290540540540537,0.15090090090090091,0.38983050847457623,24.0,12.0,12.0,37.0,15.0,15.0,43.0,14.0,13.0,0.0007869874060117041,0.0002371279913808713,-6.323787788125971e-06,-0.00036349275698022154,0.0001152664056931485,-2.979210245257491e-05,"[7.03125, 1.359375, 1.5029296875, 0.00634765625, 0.041778564453125, 5.08984375, 0.3525390625, 8.578125, 11.1484375, 7.4609375, 1.4765625, 5.4765625, 9.2578125, 0.9794921875, 8.625, 0.190673828125, 6.99609375, 5.0546875, 0.0030231475830078125, 5.29296875, 2.376953125, 10.2109375, 2.90625, 1.8583984375, 1.8544921875, 2.6796875, 5.17578125, 5.23046875, 6.25, 10.1484375, 0.291259765625, 0.076416015625, 4.95703125, 0.175537109375, 0.05084228515625, 2.587890625, 2.671875, 0.97998046875, 2.5859375, 0.0009427070617675781, 2.763671875, 0.277099609375, 3.263671875, 0.03857421875, 8.6484375, 4.40234375, 3.1484375, 6.484375, 7.5390625, 5.1953125, 2.533203125, 13.1015625, 6.70703125, 0.90625, 1.0869140625, 1.9091796875, 1.8779296875, 2.740234375, 0.01235198974609375, 9.1875, 6.9921875, 0.7216796875, 2.01171875, 11.5390625, 7.55078125, 0.2093505859375, 3.576171875, 5.60546875, 9.59375, 4.69140625, 4.19140625, 2.2109375, 5.1015625, 6.6015625, 4.28515625, 0.9384765625, 4.4140625, 3.205078125, 0.01763916015625, 2.50390625, 2.716796875, 1.2373046875, 0.00022292137145996094, 3.220703125, 3.427734375, 6.72265625, 0.1568603515625, 6.1328125, 7.78515625, 7.2578125, 4.2734375, 2.55078125, 3.232421875, 3.6953125, 9.2109375, 1.5693359375, 4.0, 2.599609375, 4.4453125, 2.599609375, 2.126953125, 0.10211181640625, 0.0003287792205810547, 1.673828125, 4.671875, 2.974609375, 3.69921875, 1.4013671875, 0.08514404296875, 4.44921875, 0.1640625, 13.3046875, 4.55859375, 4.8671875, 7.66796875, 5.04296875, 3.2734375, 0.253173828125, 5.828125, 2.634765625, 0.68505859375, 0.69482421875, 1.48046875, 1.466796875, 0.04266357421875, 1.859375, 0.0665283203125, 5.36328125, 0.08514404296875, 0.0230712890625, 0.144775390625, 1.6923828125, 6.984375, 5.06640625, 0.837890625, 5.59765625, 1.998046875, 7.05078125, 0.61181640625, 4.05859375, 0.262451171875, 4.78125, 0.0985107421875, 0.032623291015625, 0.136962890625, 4.1875, 7.234375, 1.3232421875, 7.55078125, 1.9267578125, 0.75146484375, 0.373291015625, 1.892578125, 6.34375, 3.216796875, 5.33203125, 8.1484375, 4.41796875, 7.01171875, 0.0001647472381591797, 0.70556640625, 1.23828125, 8.8828125, 5.26953125, 1.3671875, 5.98828125, 7.01953125, 1.2265625, 0.93994140625, 2.61328125, 0.00937652587890625, 0.48046875, 8.1953125, 0.261962890625, 0.08172607421875, 0.037078857421875, 0.59814453125, 2.490234375, 3.822265625, 5.9453125, 1.0478515625, 0.042694091796875, 0.181884765625, 1.82421875, 4.76953125, 5.66796875, 10.453125, 6.37109375, 3.8515625, 2.048828125, 9.109375, 0.724609375, 0.252197265625, 9.9921875, 1.33203125, 2.841796875, 1.8271484375, 7.1875, 0.227294921875, 2.359375, 0.97998046875, 6.95703125, 5.0, 0.0384521484375, 6.75, 0.0278167724609375, 3.443359375, 4.6953125, 1.9892578125, 8.2265625, 4.9921875, 4.51171875, 7.67578125, 11.3359375, 0.42724609375, 0.828125, 0.0001533031463623047, 3.416015625, 1.595703125, 0.00597381591796875, 1.3589859008789062e-05, 0.10015869140625, 0.302734375, 1.91015625, 0.006866455078125, 1.482421875, 8.3203125, 0.8671875, 7.47265625, 0.0697021484375, 0.1337890625, 2.60546875, 10.3359375, 7.33203125, 0.0033054351806640625, 2.833984375, 0.382568359375, 2.798828125, 8.225440979003906e-06, 3.01953125, 0.52099609375, 1.9189453125, 6.453125, 4.05078125, 0.10443115234375, 0.5126953125, 4.10546875, 0.029693603515625, 11.4140625, 0.1505126953125, 2.078125, 5.375, 7.30078125, 5.65234375, 1.373046875, 6.00390625, 1.3271484375, 9.34600830078125e-05, 0.98974609375, 1.6064453125, 2.9140625, 5.52734375, 0.189208984375, 3.36328125, 7.30078125, 7.41796875, 0.0186767578125, 0.53662109375, 0.00550079345703125, 0.329345703125, 4.64453125, 8.2578125, 0.07568359375, 5.765625, 0.09417724609375, 1.9189453125, 3.12890625, 2.166015625, 2.8515625, 0.51318359375, 2.390625, 1.5498046875, 0.0096893310546875, 11.15625, 0.01251983642578125, 5.2890625, 5.84375, 2.455078125, 1.46484375, 10.15625, 2.01953125, 5.66015625, 0.59228515625, 5.64453125, 7.62109375, 2.00390625]",-0.5244331251125076
331,1,test,2.7440105376999235,1.2246908184855296,1.5996489997777608,5.245061809041,2.3409454707509867,3.0576624110335326,15.549220950127003,10.980105094200788,12.408785282579597,29.721687961961514,20.988013383185887,23.718876034930794,2.900503741436867,1.2039306997026258,1.7074074384523141,4.834172902394779,2.0065511661710436,2.8456790640871907,18.18330274582662,12.728082236909469,14.886027966040178,30.3055045763777,21.213470394849118,24.810046610066962,2.7922615957100656,1.2474297882041603,1.713834193964786,5.235490491956373,2.3389308528828003,3.213439113683974,16.317882554937658,11.630699343251209,13.377830162510445,30.59602979050811,21.807561268596018,25.083431554707087,0.6231155778894473,0.008115577889447279,0.023115577889447292,0.5376884422110553,-0.012311557788944771,-0.0023115577889447625,0.4170854271356784,-0.0029145728643216184,-0.0029145728643216184,0.4289617486338798,0.14246788778804076,0.18947005752928547,0.410958904109589,0.4371859296482412,0.13392778428483265,0.19845471095041145,0.4040404040404041,0.4280936454849499,0.14094840341483306,0.20673658208116785,0.40268456375838924,26.0,15.0,15.0,37.0,16.0,16.0,44.0,12.0,11.0,0.0005093990937402886,4.8685450502328515e-05,0.00011453971663937373,-0.011713827717721337,-0.009919312907312516,-0.010987383701725584,"[1.88671875, 5.3046875, 0.005107879638671875, 0.057769775390625, 6.7578125, 5.8828125, 4.94921875, 5.859375, 6.05078125, 10.0546875, 4.72265625, 0.50390625, 0.069091796875, 0.07171630859375, 1.1630859375, 4.8984375, 9.328125, 3.46875, 2.345703125, 3.86328125, 0.01277923583984375, 2.47265625, 0.2332763671875, 2.205078125, 4.69140625, 9.109375, 0.74609375, 2.8515625, 0.023223876953125, 0.066650390625, 0.033111572265625, 6.48828125, 0.44580078125, 3.841796875, 5.3203125, 10.71875, 2.046875, 7.1875, 6.1484375, 0.6259765625, 0.310302734375, 0.1661376953125, 0.03814697265625, 0.016387939453125, 3.427734375, 3.55859375, 1.4423828125, 4.4921875, 2.638671875, 7.4296875, 6.1796875, 6.18359375, 3.755859375, 0.50244140625, 0.88818359375, 5.953125, 1.76171875, 1.599609375, 7.06640625, 3.193359375, 0.180908203125, 6.4140625, 0.409912109375, 0.00927734375, 0.0084381103515625, 0.046051025390625, 2.927734375, 1.1982421875, 6.15234375, 1.10546875, 3.029296875, 4.27734375, 6.1875, 5.21875, 0.51708984375, 0.022369384765625, 0.3681640625, 0.1007080078125, 0.00153350830078125, 3.935546875, 0.92041015625, 8.2109375, 5.875, 0.71240234375, 0.001300811767578125, 0.0254364013671875, 0.004119873046875, 6.103515625e-05, 3.212890625, 0.8623046875, 4.86328125, 4.21875, 9.8828125, 2.22265625, 6.74609375, 2.822265625, 0.748046875, 0.0010776519775390625, 3.328125, 0.49658203125, 7.77734375, 5.7421875, 3.71484375, 5.734375, 0.317626953125, 0.7197265625, 0.0010290145874023438, 0.0159149169921875, 0.004283905029296875, 3.731250762939453e-05, 4.1015625, 0.40576171875, 4.81640625, 6.34765625, 3.955078125, 2.3515625, 2.44921875, 1.4901161193847656e-05, 3.306640625, 0.474853515625, 7.31640625, 3.029296875, 3.177734375, 0.8759765625, 0.0051727294921875, 0.010589599609375, 0.004772186279296875, 3.135204315185547e-05, 2.541015625, 1.462890625, 4.5703125, 0.49072265625, 5.0078125, 0.127685546875, 1.3193359375, 8.109375, 0.0188140869140625, 6.30859375, 2.462890625, 2.4140625, 8.4453125, 0.034912109375, 2.84375, 1.9541015625, 0.445556640625, 0.0006537437438964844, 0.6875, 6.62890625, 6.1953125, 0.004428863525390625, 9.421875, 2.470703125, 7.26171875, 0.837890625, 5.87109375, 4.71875, 5.1640625, 1.6962890625, 8.8515625, 4.890625, 0.300048828125, 2.34375, 8.8515625, 3.935546875, 0.167724609375, 0.0007123947143554688, 3.5, 1.2431640625, 6.7734375, 0.04052734375, 0.15576171875, 0.0002620220184326172, 0.004726409912109375, 0.00942230224609375, 3.814697265625e-06, 0.375244140625, 1.4638671875, 2.310546875, 6.40625, 2.076171875, 0.88720703125, 1.03125, 0.9775390625, 0.00225830078125, 3.544921875, 6.21875, 3.365234375, 0.23779296875, 0.52099609375, 6.99609375, 3.583984375, 2.21484375, 6.046875, 0.50244140625, 0.427001953125, 3.412109375, 1.259765625, 6.97265625, 4.03125, 0.2125244140625, 0.91357421875, 5.77734375, 1.767578125, 6.04296875, 1.693359375, 5.6953125, 1.525390625, 2.13671875, 0.03582763671875, 0.0309906005859375, 0.05731201171875, 2.275390625, 7.8125, 0.05438232421875, 0.0229949951171875, 0.2276611328125, 1.958984375, 0.1217041015625, 0.1500244140625, 0.759765625, 4.35546875, 5.5, 0.69873046875, 0.92236328125, 4.9921875, 0.23095703125, 0.5712890625, 0.0177459716796875, 0.77099609375, 6.46875, 0.256591796875, 0.2430419921875, 3.4140625, 9.1875, 1.65625, 6.1171875, 4.21484375, 2.98828125, 0.1407470703125, 8.9140625, 0.1197509765625, 6.4453125, 0.040008544921875, 3.072265625, 3.287109375, 0.11431884765625, 0.0235595703125, 0.47216796875, 7.44140625, 6.0, 8.5078125, 0.456298828125, 0.0198822021484375, 0.097900390625, 0.254638671875, 1.78125, 3.671875, 1.302734375, 0.00629425048828125, 2.1796875, 0.80078125, 4.2734375, 4.96484375, 4.30078125, 8.8984375, 8.9765625, 0.50537109375, 0.00030422210693359375, 0.0103759765625, 0.00473785400390625, 6.556510925292969e-06, 4.9765625, 0.7998046875, 3.521484375, 4.3515625, 5.90625, 4.2109375, 1.013671875, 0.0273284912109375, 0.01087188720703125, 0.06805419921875, 0.0892333984375, 0.37451171875, 1.560546875, 3.625, 0.1256103515625, 8.75, 6.3515625, 4.52734375, 6.26171875, 4.9296875, 1.685546875, 0.69921875, 3.3515625, 0.55810546875, 2.2734375, 5.48828125, 0.1475830078125, 3.935546875, 5.109375, 0.0103759765625, 3.3671875, 0.01406097412109375, 0.334228515625, 0.345458984375, 0.96484375, 5.5546875, 5.66015625, 1.333984375, 0.0003941059112548828, 0.01102447509765625, 0.005588531494140625, 7.152557373046875e-06, 3.3828125, 0.43701171875, 8.9296875, 1.5537109375, 0.517578125, 0.0005984306335449219, 0.0018329620361328125, 0.00856781005859375, 1.3709068298339844e-05, 3.91015625, 1.43359375, 1.4833984375, 0.00015270709991455078, 8.28125, 2.857421875, 0.297119140625, 4.3515625, 4.453125, 3.623046875, 5.50390625, 1.509765625, 0.059173583984375, 0.048065185546875, 0.1578369140625, 1.1845703125, 5.9140625, 2.333984375, 2.216796875, 5.6328125, 4.5078125, 1.322265625, 4.26171875, 6.828125, 0.1409912109375, 0.8818359375, 5.8203125, 9.96875, 5.88671875, 0.455810546875, 0.0004775524139404297, 2.90234375, 0.20703125, 7.14453125, 3.107421875, 7.02734375, 1.4267578125, 7.5234375, 3.642578125, 0.038055419921875, 4.1961669921875e-05, 3.44140625, 2.212890625, 1.69140625]",-0.9309689106185579
434,1,test,3.0028795146534586,1.3228501028393524,1.82237004374227,5.188799161349727,2.2858071629944696,3.148948237348776,20.143456871730077,14.77774308755253,16.8874242374245,34.80670856512183,25.53507077628563,29.180475704373226,3.032546413004698,1.276448972870683,1.8001216339947594,5.054244021674497,2.1274149547844714,3.000202723324599,20.750003451306092,14.960205237690445,17.320468123663904,34.583339085510154,24.93367539615074,28.867446872773172,3.0028795146534586,1.3228501028393524,1.82237004374227,5.188799161349727,2.2858071629944696,3.148948237348776,20.143456871730077,14.77774308755253,16.8874242374245,34.80670856512183,25.53507077628563,29.180475704373226,0.7437185929648241,-0.0012814070351758744,0.008718592964824134,0.5527638190954773,-0.0072361809045227155,0.0027638190954772934,0.39698492462311563,-0.018015075376884404,-0.018015075376884404,0.42307692307692313,0.0947187141216993,0.15887237762237771,0.40772532188841204,0.39698492462311563,0.07367665394642386,0.12486472428922579,0.38383838383838387,0.42307692307692313,0.0947187141216993,0.15887237762237771,0.40772532188841204,23.0,13.0,13.0,35.0,19.0,19.0,42.0,19.0,19.0,0.0001103822391673375,-0.00010082030663677134,3.9623116462563514e-05,6.616239837065052e-05,-2.437914732134061e-05,-5.259801277901488e-05,"[1.783203125, 4.34765625, 0.00472259521484375, 0.0274505615234375, 8.203125, 2.00390625, 3.109375, 6.0546875, 2.318359375, 0.12384033203125, 0.061920166015625, 1.849609375, 7.2890625, 0.17724609375, 2.24609375, 1.4423828125, 1.3486328125, 4.7109375, 3.474609375, 6.4296875, 0.75927734375, 8.0859375, 5.30859375, 6.44921875, 0.076416015625, 2.9609375, 1.58203125, 3.08984375, 5.7421875, 7.62890625, 1.1259765625, 1.0009765625, 0.425537109375, 2.453125, 6.96484375, 2.46484375, 1.7978515625, 2.70703125, 0.3310546875, 5.21484375, 0.26220703125, 1.4130859375, 1.5380859375, 1.9267578125, 3.62890625, 7.5703125, 0.06463623046875, 9.2734375, 4.5546875, 5.42578125, 0.06793212890625, 6.125, 5.765625, 1.9072265625, 9.1171875, 0.01480865478515625, 0.203857421875, 2.53125, 1.3740234375, 0.95361328125, 2.083984375, 8.2109375, 1.138671875, 2.41796875, 3.5625, 6.0703125, 10.234375, 2.216796875, 0.1160888671875, 0.258056640625, 3.08984375, 3.271484375, 3.552734375, 3.318359375, 3.505859375, 2.69140625, 2.90625, 6.9453125, 0.6923828125, 3.896484375, 1.91015625, 3.173828125, 5.78515625, 0.60400390625, 0.1383056640625, 0.427001953125, 5.01953125, 0.828125, 5.42578125, 0.04638671875, 3.068359375, 0.45703125, 3.337890625, 9.84375, 5.8125, 5.8359375, 1.6748046875, 10.1015625, 0.0263671875, 1.1572265625, 1.2255859375, 2.009765625, 4.7578125, 1.916015625, 0.0731201171875, 0.2056884765625, 0.57568359375, 4.00390625, 2.15625, 0.10528564453125, 1.2958984375, 4.8203125, 6.234375, 3.416015625, 1.12109375, 2.673828125, 2.07421875, 2.83203125, 0.0158843994140625, 1.41015625, 4.6484375, 1.2236328125, 3.052734375, 2.271484375, 10.4609375, 2.310546875, 3.501953125, 1.775390625, 1.6142578125, 2.37109375, 3.8046875, 3.83203125, 8.4140625, 6.078125, 0.28125, 7.140625, 1.919921875, 6.7109375, 1.5419921875, 0.734375, 0.650390625, 3.935546875, 0.448974609375, 3.025390625, 0.611328125, 4.41796875, 7.71875, 1.9580078125, 4.21484375, 5.60546875, 2.412109375, 1.1455078125, 6.390625, 3.841796875, 1.5712890625, 1.65234375, 1.8623046875, 2.0703125, 0.23095703125, 0.2607421875, 3.60546875, 11.734375, 0.399169921875, 0.716796875, 2.87109375, 7.2265625, 2.58984375, 0.763671875, 5.25390625, 0.0010137557983398438, 4.84375, 9.1484375, 1.9326171875, 5.0703125, 0.00021600723266601562, 0.125, 1.2255859375, 0.015289306640625, 4.88671875, 0.0819091796875, 0.005764007568359375, 0.2578125, 3.826618194580078e-05, 0.056640625, 0.43798828125, 6.84765625, 5.5625, 1.0703125, 0.4736328125, 1.5810546875, 0.019073486328125, 2.939453125, 1.8857421875, 5.0625, 1.0966796875, 7.5234375, 3.703125, 3.48046875, 3.330078125, 3.162109375, 3.29296875, 6.76953125, 0.8046875, 5.0902366638183594e-05, 0.05535888671875, 2.650390625, 3.626953125, 6.57421875, 1.34375, 1.5498046875, 6.699562072753906e-05, 0.140380859375, 0.630859375, 3.470703125, 1.5546875, 6.4375, 0.1314697265625, 3.451171875, 1.6552734375, 11.6484375, 4.9140625, 3.341796875, 0.71728515625, 4.15234375, 0.1141357421875, 3.66796875, 1.11328125, 11.390625, 1.08203125, 0.344482421875, 3.31640625, 1.982421875, 4.7578125, 2.619140625]",-0.6106306171824789
244,1,test,2.7634060669116223,1.1630254694387916,1.5932150210300258,5.090484860100357,2.1424153384398794,2.9348697755816264,15.853750023972772,10.89883212917421,12.631141778217406,29.204276359949844,20.076796027426177,23.267892749347855,2.8588865665934193,1.1232282098742707,1.6006534446752998,4.3982870255283375,1.7280433998065705,2.4625437610389227,17.4420955089667,11.769434299630255,13.922897511863393,26.833993090717996,18.106821999431162,21.41984232594368,2.781570133769811,1.1740998314353992,1.6174418059454492,5.123944983260179,2.162815478959946,2.9794980635837227,16.144349846830366,11.154178224949911,12.941220259805938,29.739591823108572,20.54717041438142,23.839089952274097,0.6683417085427136,0.018341708542713553,0.008341708542713655,0.5527638190954773,-0.0072361809045227155,0.012763819095477302,0.40201005025125625,0.007010050251256228,0.017010050251256237,0.4193548387096774,0.0866178082982284,0.1571379137990695,0.3848920863309353,0.4170854271356784,0.0712207654815431,0.14329577771998558,0.3939393939393939,0.4121863799283154,0.08481607581382522,0.15473703547062767,0.3920863309352518,23.0,11.0,11.0,34.0,13.0,13.0,44.0,13.0,13.0,0.0004822271062944204,0.0002206574672654262,8.700465293191998e-05,-0.0002456840853515274,0.00018111633153772289,2.978536601450088e-05,"[3.76953125, 0.0404052734375, 0.439208984375, 0.0208740234375, 0.0006074905395507812, 0.4072265625, 0.0201873779296875, 0.01070404052734375, 4.875, 5.6875, 2.830078125, 10.328125, 3.142578125, 5.34375, 0.85888671875, 7.88671875, 2.373046875, 4.40625, 0.007671356201171875, 1.333984375, 6.23046875, 3.658203125, 1.5556640625, 4.0546875, 4.46875, 3.125, 6.2578125, 0.049835205078125, 5.578125, 2.865234375, 7.90625, 3.798828125, 7.46875, 1.693359375, 1.2734375, 0.0071258544921875, 0.1646728515625, 2.318359375, 0.004619598388671875, 2.0384788513183594e-05, 0.2587890625, 0.2039794921875, 1.8759765625, 10.109375, 4.3671875, 2.955078125, 0.0970458984375, 0.6884765625, 4.44921875, 2.04296875, 1.259765625, 0.29052734375, 4.91796875, 5.6484375, 6.89453125, 5.73828125, 4.640625, 3.15625, 2.54296875, 6.04296875, 1.6748046875, 6.07421875, 4.1171875, 1.87890625, 9.859375, 0.1790771484375, 0.595703125, 4.53125, 3.125, 1.6728515625, 2.8125, 6.33203125, 0.64453125, 0.038787841796875, 2.865234375, 0.383056640625, 3.94140625, 6.13671875, 2.80078125, 5.4140625, 1.7587890625, 7.08984375, 0.634765625, 3.359375, 0.7294921875, 2.4296875, 0.074462890625, 6.9140625, 2.765625, 1.6806640625, 6.3671875, 4.0078125, 0.10430908203125, 0.8427734375, 11.3203125, 4.6171875, 7.0, 0.322998046875, 0.73779296875, 2.376953125, 0.026214599609375, 0.07904052734375, 0.0198516845703125, 7.37109375, 0.65771484375, 7.74609375, 4.14453125, 4.109375, 0.92919921875, 0.56494140625, 6.21875, 0.245849609375, 0.025115966796875, 2.212890625, 0.5185546875, 0.414794921875, 0.00020778179168701172, 0.59716796875, 0.357421875, 1.8076171875, 6.03515625, 2.798828125, 2.974609375, 1.6953125, 0.83984375, 3.6953125, 9.0546875, 3.462890625, 0.5771484375, 0.73388671875, 2.490234375, 6.70703125, 0.08984375, 0.794921875, 3.802734375, 0.0019626617431640625, 0.0036487579345703125, 1.35546875, 3.212890625, 2.580078125, 1.8701171875, 1.68359375, 1.66796875, 1.8896484375, 2.607421875, 3.4296875, 2.56640625, 1.96875, 2.896484375, 5.9609375, 0.0030422210693359375, 0.0999755859375, 2.2890625, 1.6240234375, 0.72119140625, 0.455078125, 3.626953125, 0.5361328125, 9.09375, 2.658203125, 4.90625, 2.564453125, 7.1953125, 1.5244140625, 4.5234375, 4.49609375, 0.039337158203125, 3.46484375, 2.947265625, 0.231201171875, 1.177734375, 4.63671875, 6.65625, 0.0584716796875, 2.80078125, 5.2265625, 11.359375, 0.1376953125, 4.36328125, 0.333251953125, 3.693359375, 0.57470703125, 4.73046875, 1.6328125, 4.78125, 0.399658203125, 1.70703125, 0.00016355514526367188, 0.156982421875, 3.197265625, 2.1576881408691406e-05, 1.5556640625, 0.03472900390625, 6.0, 1.5234375, 1.853515625, 1.1689453125, 0.09552001953125, 7.21484375, 9.203125, 2.224609375, 6.3671875, 0.333984375, 1.826171875, 5.0, 3.919921875, 2.205078125, 5.37890625, 6.05078125, 0.68603515625, 2.724609375, 4.53125, 5.12890625, 0.62646484375, 0.595703125, 5.70703125, 7.46484375, 1.6318359375, 3.4570693969726562e-06, 0.11627197265625, 0.9296875, 0.0007882118225097656, 2.384185791015625e-06, 0.1463623046875, 0.47705078125, 2.21484375, 8.796875, 0.012054443359375, 0.1473388671875, 0.023834228515625, 1.2783203125, 7.86328125, 0.002216339111328125, 0.01434326171875, 2.654296875, 6.671875, 1.318359375, 0.3251953125, 0.8466796875, 1.58203125, 4.2265625, 4.38671875, 4.31640625, 0.07586669921875, 3.96484375, 6.515625, 0.1258544921875, 3.140625, 1.9228515625, 0.0163726806640625, 2.02734375, 3.147125244140625e-05, 4.21484375, 0.59765625, 0.0006999969482421875, 1.71661376953125e-05, 0.44677734375, 2.51171875, 4.0859375, 0.74560546875, 6.0546875, 1.3681640625, 10.71875, 1.21484375, 1.5908203125, 1.5576171875, 5.0, 3.013671875, 10.2421875, 1.126953125, 5.01171875, 0.10992431640625, 2.294921875, 2.306640625, 0.018890380859375, 2.013671875, 6.794929504394531e-06, 4.00390625, 0.7744140625]",-0.7295701217480457
228,1,test,2.921332190545757,1.2481760618776836,1.726276670529543,4.744951679189472,2.027340512625571,2.8038918042540457,18.566004447820323,13.237044280063039,15.262263258646012,30.155692072823314,21.500168891253907,24.78961547464928,3.029059646117627,1.261382315146863,1.7496560512326118,4.808031184313694,2.002194151026767,2.777231827353352,20.677779014425578,14.820545878559468,17.083283703651844,32.82187145146917,23.52467599771344,27.11632333912991,2.921332190545757,1.2481760618776836,1.726276670529543,4.744951679189472,2.027340512625571,2.8038918042540457,18.566004447820323,13.237044280063039,15.262263258646012,30.155692072823314,21.500168891253907,24.78961547464928,0.6582914572864322,-0.011708542713567693,-0.0017085427135676845,0.5577889447236181,0.0027889447236181253,0.0027889447236181253,0.42211055276381915,-0.012889447236180906,-0.012889447236180906,0.4044943820224719,0.10038990441053164,0.15232046897899365,0.37969924812030076,0.4170854271356784,0.10458542713567842,0.15086246540522918,0.3939393939393939,0.4044943820224719,0.10038990441053164,0.15232046897899365,0.37969924812030076,24.0,15.0,15.0,36.0,26.0,26.0,43.0,29.0,28.0,0.0003723379867333221,0.00046476828567664315,0.00016147580707564908,-0.004838054064588704,-0.005016894536296945,-0.004742215068093358,"[10.625, 5.5546875, 1.4697265625, 0.93701171875, 0.96484375, 4.87109375, 1.708984375, 0.07733154296875, 1.373046875, 0.04669189453125, 3.525390625, 0.005916595458984375, 1.880859375, 2.16796875, 2.15234375, 4.72265625, 5.0, 6.28515625, 4.0703125, 3.125, 4.06640625, 8.5390625, 8.4765625, 0.40625, 2.248046875, 3.849609375, 1.5576171875, 3.9609375, 7.203125, 4.609375, 2.5, 5.5390625, 9.765625, 1.6005859375, 6.3671875, 0.58056640625, 4.890625, 4.77734375, 1.3095703125, 1.26171875, 0.354248046875, 0.0278472900390625, 0.0277557373046875, 0.00036144256591796875, 9.0390625, 2.732421875, 1.607421875, 8.390625, 6.6015625, 0.1383056640625, 3.076171875, 0.06414794921875, 1.27734375, 3.7265625, 3.12890625, 3.7890625, 0.099609375, 3.4296875, 11.7109375, 1.3369140625, 3.982421875, 0.84814453125, 1.634765625, 0.0253143310546875, 0.072265625, 6.0625, 2.673828125, 2.603515625, 5.4296875, 1.4853515625, 3.08984375, 3.306640625, 7.78515625, 0.1036376953125, 4.171875, 5.34375, 0.324462890625, 0.3173828125, 0.2119140625, 0.047393798828125, 0.05072021484375, 0.00010848045349121094, 1.40625, 3.787109375, 10.9296875, 5.9921875, 0.395751953125, 5.6015625, 1.3427734375, 3.140625, 0.0177154541015625, 5.53515625, 3.142578125, 8.640625, 3.95703125, 8.15625, 7.3828125, 1.75390625, 7.89453125, 3.94140625, 5.42578125, 0.1646728515625, 2.81640625, 0.88525390625, 1.234375, 10.25, 5.25390625, 8.453125, 0.0204620361328125, 1.189453125, 2.826171875, 5.734375, 3.966796875, 0.4453125, 2.078125, 5.18359375, 4.8671875, 2.521484375, 0.8662109375, 0.45556640625, 0.052947998046875, 0.258056640625, 5.8770179748535156e-05, 5.1875, 0.03955078125, 4.01171875, 1.419921875, 3.5859375, 3.716796875, 4.57421875, 5.578125, 6.9140625, 0.2408447265625, 4.90234375, 0.095947265625, 7.35546875, 5.75390625, 0.046142578125, 1.5458984375, 9.390625, 2.47265625, 0.1368408203125, 2.880859375, 2.666015625, 5.4453125, 6.37109375, 0.0154571533203125, 5.5234375, 1.6318359375, 1.1376953125, 0.088623046875, 2.61328125, 0.0030117034912109375, 6.72265625, 2.052734375, 7.46484375, 0.2998046875, 3.76953125, 0.1942138671875, 1.2060546875, 0.77294921875, 0.051483154296875, 0.5966796875, 0.00015294551849365234, 1.1015625, 4.45703125, 1.79296875, 0.447998046875, 0.0021114349365234375, 4.7734375, 1.4716796875, 2.544921875, 0.77490234375, 6.4375, 0.71533203125, 4.25, 0.45263671875, 5.86328125, 3.43359375, 3.517578125, 2.68359375, 4.0859375, 1.333984375, 10.8046875, 1.9345703125, 2.703125, 6.6640625, 0.394775390625, 5.78515625, 0.54052734375, 1.2568359375, 0.64599609375, 0.020660400390625, 3.373046875, 0.0716552734375, 1.3564453125, 0.10711669921875, 0.0303192138671875, 3.0994415283203125e-06, 0.0002617835998535156, 0.0005345344543457031, 1.6927719116210938e-05, 5.2421875, 0.1536865234375, 2.259765625, 0.01396942138671875, 0.1610107421875, 2.12890625, 1.8134765625, 1.375, 0.25244140625, 8.0, 5.26953125, 1.9833984375, 0.75830078125, 0.0504150390625, 1.564453125, 1.666015625, 3.24609375, 11.5390625, 3.1640625, 7.31640625, 0.578125, 0.3388671875, 0.88330078125, 0.1845703125, 0.449462890625, 2.126953125, 0.67919921875, 1.076171875, 0.57275390625, 0.0281524658203125, 0.1851806640625, 2.404296875, 9.5390625, 1.515625, 2.57421875, 3.013671875, 0.00034427642822265625, 2.65625, 0.26513671875, 0.404541015625, 0.08306884765625, 3.013671875, 0.000392913818359375, 0.278564453125, 0.01161956787109375, 8.828125, 9.34375, 1.5087890625, 2.85546875, 4.546875, 0.01168060302734375, 0.6455078125, 11.71875, 3.94921875, 2.22265625, 5.67578125, 1.919921875, 11.0234375, 0.57275390625, 4.4375, 0.73193359375, 6.8515625, 0.0027370452880859375, 2.130859375, 3.720703125]",-1.0554122228300975
209,1,test,2.77767735990611,0.9845721657476101,1.4510585272410437,4.718490387019995,1.6725104097635688,2.4649391648645937,16.081625708352107,10.073545923404776,12.313345072518747,27.31814623534172,17.11211326732222,20.916900283445308,2.7765292815826648,0.922136532257589,1.3959975203782047,4.442446850532264,1.4754184516121422,2.2335960326051274,16.063173336881253,9.675355271095288,12.086157448818405,25.701077339010006,15.480568433752463,19.33785191810945,2.77767735990611,0.9845721657476101,1.4510585272410437,4.718490387019995,1.6725104097635688,2.4649391648645937,16.081625708352107,10.073545923404776,12.313345072518747,27.31814623534172,17.11211326732222,20.916900283445308,0.6482412060301508,-0.0017587939698492372,0.0032412060301507672,0.48743718592964824,0.022437185929648273,0.01743718592964827,0.371859296482412,0.006859296482412014,0.0018592964824120095,0.3787878787878788,0.05175574268201866,0.09163422639493168,0.40684410646387836,0.371859296482412,0.04604476014155989,0.06801956359426509,0.4242424242424242,0.3787878787878788,0.05175574268201866,0.09163422639493168,0.40684410646387836,14.0,0.0,0.0,30.0,9.0,9.0,34.0,5.0,4.0,-9.73166667591763e-05,-0.00033415190647996144,-0.00024223885981212098,-0.009425860538727626,-0.010610277688903658,-0.011018296082872858,"[1.859375, 5.28125, 0.00511932373046875, 0.052032470703125, 3.68359375, 4.17578125, 2.669921875, 0.42724609375, 0.037078857421875, 1.4599609375, 2.13671875, 0.01036834716796875, 0.08197021484375, 0.361328125, 1.1171875, 3.3359375, 3.638671875, 1.3056640625, 4.51171875, 0.020416259765625, 11.078125, 2.72265625, 1.0048828125, 3.1796875, 1.064453125, 1.7392578125, 1.048828125, 5.73828125, 12.0078125, 1.29296875, 4.08203125, 4.32421875, 0.01129913330078125, 0.060638427734375, 0.73583984375, 3.943359375, 4.2890625, 0.0154876708984375, 5.625, 2.7421875, 0.00344085693359375, 0.6826171875, 1.2294921875, 5.00390625, 3.953125, 3.90234375, 6.1171875, 0.036346435546875, 2.94140625, 1.3916015625, 2.126953125, 0.02178955078125, 1.021484375, 2.123046875, 3.841796875, 5.96484375, 0.165283203125, 0.02294921875, 4.296875, 0.080322265625, 0.0931396484375, 7.87109375, 1.150390625, 0.04296875, 0.27099609375, 0.7666015625, 0.0019168853759765625, 0.1937255859375, 0.6201171875, 7.05078125, 0.0291290283203125, 1.5234375, 10.125, 0.77734375, 5.984375, 0.05938720703125, 0.822265625, 0.11541748046875, 0.6337890625, 0.810546875, 0.0704345703125, 0.0130157470703125, 0.05535888671875, 0.80224609375, 0.1568603515625, 0.00010192394256591797, 0.0948486328125, 5.12109375, 2.0234375, 4.7109375, 1.7802734375, 3.75390625, 5.55859375, 1.380859375, 1.2900390625, 11.2421875, 0.052703857421875, 0.0005559921264648438, 2.029296875, 2.39453125, 5.98828125, 0.00733184814453125, 4.46484375, 4.87890625, 3.40625, 4.64453125, 6.0859375, 2.53125, 1.93359375, 3.203125, 2.078125, 5.52734375, 1.7724609375, 1.41015625, 0.0016298294067382812, 0.1788330078125, 0.73486328125, 2.125, 0.0002849102020263672, 6.27734375, 3.671875, 1.6455078125, 1.4248046875, 10.2578125, 3.07421875, 7.671875, 0.7392578125, 5.87109375, 1.646484375, 5.18359375, 0.044036865234375, 1.7568359375, 6.69921875, 0.07122802734375, 10.5234375, 6.30859375, 4.86328125, 2.02734375, 2.150390625, 1.091796875, 1.689453125, 3.267578125, 2.498046875, 0.724609375, 2.544921875, 9.75, 7.12890625, 0.08343505859375, 6.640625, 1.982421875, 5.30078125, 0.01418304443359375, 5.15234375, 0.798828125, 0.7939453125, 0.146728515625, 5.43359375, 1.890625, 3.369140625, 5.1640625, 0.050689697265625, 14.046875, 4.17578125, 0.481689453125, 2.845703125, 1.6611328125, 0.1353759765625, 2.0703125, 10.7265625, 0.139404296875, 1.73828125, 3.255859375, 2.349609375, 5.39453125, 5.08984375, 1.85546875, 1.623046875, 9.125, 0.059844970703125, 6.4921875, 5.1015625, 0.62890625, 1.53125, 1.294921875, 0.0004737377166748047, 0.2047119140625, 0.28125, 8.390625, 0.87060546875, 0.0487060546875, 2.0546875, 3.41796875, 0.02978515625, 0.78369140625, 8.5078125, 0.293701171875, 0.79736328125, 8.5703125, 6.12890625, 6.41015625, 0.038543701171875, 9.8359375, 0.0802001953125, 3.40625, 0.86962890625, 4.99609375, 2.154296875, 7.87973403930664e-05, 0.10150146484375, 0.626953125, 1.3779296875, 0.002490997314453125, 6.0703125, 6.12890625, 1.4736328125, 2.458984375, 0.6435546875, 2.958984375, 0.052978515625, 0.354248046875, 0.03228759765625, 0.008758544921875, 0.1583251953125, 1.3642578125, 2.173828125, 1.3310546875, 3.51953125, 3.48046875, 0.80712890625, 5.78515625, 2.80078125, 2.162109375, 5.56640625, 1.05078125, 1.9287109375, 5.63671875, 0.397216796875, 0.1865234375, 0.28271484375, 6.6953125, 3.759765625, 0.286376953125, 1.513671875, 2.26953125, 2.69140625, 2.666015625, 2.3671875, 0.58251953125, 8.797645568847656e-05, 0.2117919921875, 0.26611328125, 7.109375, 0.01444244384765625, 12.5625, 10.546875, 3.66015625, 6.3046875, 6.96484375, 0.84130859375, 8.578125, 4.75390625, 0.2486572265625, 6.37890625, 3.439453125]",-0.800088343295184
107,1,test,3.303121351172822,1.5173581106445582,2.083377548078391,5.487152408505671,2.52063861003249,3.46091133669853,27.197399202436554,21.233268925629595,23.811079144678473,45.18037900295471,35.27275275077266,39.555016721214514,3.0884134308177624,1.347830579876322,1.894094588606531,4.71513500888208,2.0577566104982017,2.8917474635214218,21.94223746687867,16.241572374303885,18.640929174271353,33.499599186074306,24.796293701227306,28.459433853849397,3.3101518991400165,1.5110134665879145,2.090493838620621,5.486439611834281,2.5044422098142225,3.4649069148408076,27.389285564860916,21.34484803509724,24.00325584645708,45.39660590860925,35.378201163144595,39.784401955453724,0.6683417085427136,0.018341708542713553,-0.0016582914572863539,0.5226130653266332,-0.007386934673366818,-0.002386934673366814,0.4120603015075377,0.002060301507537665,-0.007939698492462344,0.40264026402640263,0.08797799055029065,0.15785431452036536,0.4139072847682119,0.4120603015075377,0.10880215614412914,0.16498183740069294,0.41414141414141414,0.4046822742474916,0.09249529595032968,0.1599659227458231,0.41946308724832215,26.0,4.0,6.0,36.0,1.0,3.0,46.0,4.0,4.0,-0.0005837404795918389,8.985939355059109e-05,-8.87609795385675e-05,-0.024066802590011704,-0.02747275185969933,-0.025155373251377178,"[2.205078125, 6.50390625, 5.9140625, 1.6953125, 0.8095703125, 0.06756591796875, 0.9541015625, 0.1544189453125, 0.022247314453125, 0.84912109375, 6.69921875, 5.89453125, 1.513671875, 2.1796875, 9.109375, 0.01233673095703125, 5.94140625, 0.402099609375, 0.0714111328125, 4.953125, 2.484375, 1.279296875, 10.890625, 6.6796875, 0.0006947517395019531, 8.375, 7.16015625, 3.435546875, 0.14892578125, 5.21875, 0.0579833984375, 3.080078125, 4.1171875, 3.533203125, 1.46484375, 2.419921875, 1.056640625, 3.2578125, 0.34033203125, 0.11846923828125, 5.625, 1.009765625, 1.8115234375, 7.47265625, 3.794921875, 3.0390625, 10.6796875, 1.966796875, 2.255859375, 6.03515625, 2.83203125, 4.83984375, 1.9423828125, 3.931640625, 0.344482421875, 6.5703125, 2.48046875, 10.6640625, 2.806640625, 5.3984375, 5.03515625, 4.6328125, 9.0078125, 2.123046875, 5.1796875, 0.8974609375, 5.8125, 2.19140625, 0.74853515625, 1.2763671875, 3.171875, 2.12109375, 7.98046875, 5.06640625, 5.6328125, 0.00865936279296875, 1.458984375, 4.5546875, 7.50390625, 1.732421875, 0.69775390625, 0.1558837890625, 0.051116943359375, 0.032989501953125, 0.0262908935546875, 1.7762184143066406e-05, 9.5367431640625e-07, 0.00024211406707763672, 9.059906005859375e-06, 2.86102294921875e-06, 3.375, 2.404296875, 0.00034546852111816406, 3.484375, 1.408203125, 6.20703125, 0.444091796875, 0.039581298828125, 2.88671875, 0.022796630859375, 0.017730712890625, 0.70458984375, 7.3828125, 2.103515625, 0.78076171875, 2.16796875, 0.65087890625, 1.2099609375, 10.15625, 0.61083984375, 0.330810546875, 0.1949462890625, 1.5458984375, 12.03125, 2.3359375, 2.283203125, 2.064453125, 9.84375, 7.39453125, 3.16796875, 2.83203125, 6.1875, 3.173828125, 4.9453125, 4.3515625, 7.70703125, 7.65625, 0.81689453125, 1.26171875, 6.5390625, 4.078125, 1.2177734375, 1.3349609375, 0.62744140625, 4.37890625, 9.3984375, 6.6171875, 2.23828125, 0.84423828125, 1.4541015625, 0.295654296875, 0.9912109375, 0.52099609375, 7.6015625, 0.330078125, 3.537109375, 11.96875, 2.087890625, 6.98828125, 1.62109375, 8.3515625, 0.006099700927734375, 5.79296875, 0.875, 1.9072265625, 5.84375, 0.50048828125, 0.380126953125, 0.035736083984375, 8.749961853027344e-05, 0.0002830028533935547, 3.5762786865234375e-07, 1.8715858459472656e-05, 7.152557373046875e-07, 1.9669532775878906e-05, 8.463859558105469e-06, 1.1444091796875e-05, 0.83935546875, 0.088134765625, 6.318092346191406e-06, 0.63427734375, 0.78564453125, 0.056640625, 6.67572021484375e-06, 2.951171875, 0.81884765625, 4.40625, 4.7578125, 5.2421875, 8.7265625, 8.0859375, 2.927734375, 6.32421875, 5.0390625, 2.8046875, 10.5390625, 4.65234375, 1.31640625, 4.59375, 2.6796875, 5.75, 0.3955078125, 0.5888671875, 6.875, 1.8173828125, 0.07086181640625, 6.140625, 2.158203125, 3.326171875, 5.296875, 7.171875, 3.65234375, 0.47607421875, 9.2265625, 1.5224609375, 1.572265625, 4.125, 0.02734375, 8.6875, 3.654296875, 0.00023293495178222656, 4.49609375, 2.236328125, 0.8388671875, 0.0005540847778320312, 6.953125, 2.435546875, 7.2421875, 2.16015625, 0.38623046875, 2.3046875, 2.30078125, 7.20703125, 3.24609375, 4.90234375, 2.140625, 3.84375, 2.671875, 4.2265625, 3.95703125, 6.1953125, 7.27734375, 2.912109375, 3.0390625, 0.2410888671875, 4.3046875, 8.6640625, 7.94921875, 4.53515625, 2.548828125, 1.82421875, 6.015625, 9.0234375, 2.923828125, 0.123291015625, 10.40625, 0.1826171875, 0.198974609375, 1.7802734375, 6.4375, 2.86328125, 9.5546875, 8.84375, 1.478515625, 4.4296875, 2.705078125, 4.31640625, 7.06640625, 5.32421875, 7.6328125, 1.6689453125, 0.06640625, 13.1015625, 1.8759765625, 2.66015625, 9.6328125, 0.3828125, 7.46875, 2.48046875, 5.98828125, 1.259765625, 0.0003914833068847656, 3.904296875, 0.450927734375, 0.035552978515625, 4.410743713378906e-06, 2.994140625, 1.4365234375, 3.37890625, 6.9921875, 1.111328125, 3.298828125, 0.333251953125, 5.71484375, 0.0045928955078125, 6.44921875, 1.427734375, 0.10699462890625, 1.869140625, 3.6484375, 8.546875, 0.74755859375, 0.1302490234375, 6.2109375, 3.943359375, 1.6396484375, 10.0078125, 0.498291015625, 4.89453125, 3.24609375, 2.96875, 3.3046875, 1.5908203125]",-0.8996126423574515
314,1,test,3.1731496984392753,1.3791340096356859,1.9170709467321365,5.646018084119538,2.4539074102483234,3.4110641672889046,23.882588969099615,17.869036368574264,20.37096446634326,42.49453761398414,31.794561262704548,36.24626780907973,3.3135584730598793,1.4102939693299084,1.9793509601613626,5.664202518051076,2.4107589219314676,3.3835059148057485,27.48274829421374,20.77499206005395,23.68576260261609,46.97905691318588,35.51280694026316,40.488483081395024,3.1731496984392753,1.3791340096356859,1.9170709467321365,5.646018084119538,2.4539074102483234,3.4110641672889046,23.882588969099615,17.869036368574264,20.37096446634326,42.49453761398414,31.794561262704548,36.24626780907973,0.7537688442211055,0.01376884422110547,-0.016231155778894557,0.5829145728643217,-0.0070854271356783904,-0.012085427135678284,0.4522613065326633,-0.012738693467336692,-0.017738693467336697,0.4513618677042801,0.11932303275282374,0.1874550113006579,0.46484375,0.4371859296482412,0.1063588619790683,0.17174352564156337,0.4747474747474747,0.4513618677042801,0.11932303275282374,0.1874550113006579,0.46484375,21.0,6.0,6.0,35.0,13.0,12.0,44.0,10.0,10.0,0.0001138956039731948,0.00019727126866045267,-4.408320017107548e-05,-0.004768754845984269,-0.005395294564718434,-0.004707169498407104,"[2.859375, 2.21484375, 0.2666015625, 0.05609130859375, 3.802776336669922e-05, 1.1826171875, 0.01139068603515625, 0.01456451416015625, 5.5703125, 7.33984375, 0.1861572265625, 0.11297607421875, 4.3125, 8.2421875, 3.291015625, 3.412109375, 0.6982421875, 5.54296875, 0.07122802734375, 2.4375, 4.796875, 2.5390625, 0.9287109375, 1.9296875, 3.74609375, 2.38671875, 4.828125, 2.2578125, 3.03125, 0.96826171875, 3.654296875, 1.2314453125, 1.3037109375, 4.43359375, 1.9990234375, 4.921875, 2.654296875, 0.900390625, 4.8671875, 5.84375, 4.91796875, 2.623046875, 10.234375, 1.890625, 1.92578125, 4.76953125, 2.65234375, 6.14453125, 2.478515625, 11.59375, 1.4501953125, 4.51171875, 5.3671875, 3.783203125, 0.1527099609375, 3.828125, 3.18359375, 1.7666015625, 5.28515625, 8.84375, 7.5703125, 2.58203125, 4.765625, 9.984375, 0.92529296875, 1.0185546875, 2.71875, 0.358154296875, 1.220703125, 4.5625, 0.58203125, 0.1961669921875, 3.857421875, 1.2099609375, 4.1875, 3.478515625, 0.125244140625, 2.896484375, 1.693359375, 4.515625, 2.208984375, 3.244140625, 1.1103515625, 2.931640625, 4.6953125, 0.494873046875, 0.7412109375, 4.34765625, 10.1953125, 4.55078125, 1.3095703125, 3.580078125, 5.21484375, 3.779296875, 3.173828125, 0.11016845703125, 3.328125, 1.578125, 0.05279541015625, 8.1953125, 1.7509765625, 6.42578125, 2.189453125, 1.01953125, 4.93359375, 8.9609375, 0.634765625, 10.3984375, 1.3037109375, 8.2421875, 3.16796875, 1.017578125, 2.296875, 4.796875, 1.5791015625, 1.7861328125, 5.40625, 0.52197265625, 0.67529296875, 5.85546875, 5.46484375, 0.89892578125, 0.359130859375, 3.353515625, 3.41796875, 7.578125, 4.8984375, 1.021484375, 4.86328125, 5.328125, 1.1318359375, 6.19140625, 4.94921875, 1.4345703125, 2.177734375, 0.00196075439453125, 0.0011987686157226562, 0.32373046875, 5.4921875, 7.02734375, 0.0272064208984375, 1.2314453125, 0.128662109375, 2.537109375, 0.6318359375, 5.328125, 0.10992431640625, 0.27294921875, 4.4375, 6.0625, 1.7236328125, 0.223388671875, 2.48046875, 5.6015625, 7.7578125, 3.9140625, 1.3681640625, 0.1041259765625, 4.04296875, 1.5263671875, 4.47265625, 3.248046875, 4.85546875, 0.89111328125, 2.9453125, 0.9931640625, 0.03912353515625, 4.44921875, 5.046875, 0.4091796875, 2.6875, 6.70703125, 3.447265625, 1.12109375, 0.6806640625, 7.01953125, 1.8212890625, 6.37109375, 0.205078125, 0.3291015625, 8.5078125, 8.1640625, 10.0859375, 0.22802734375, 8.421875, 1.388671875, 1.2216796875, 0.1466064453125, 0.023956298828125, 1.1328125, 6.08984375, 1.2958984375, 1.4326171875, 7.078125, 0.55517578125, 6.53125, 11.9765625, 3.900390625, 10.3125, 4.07421875, 2.349609375, 3.5546875, 0.33544921875, 0.161376953125, 3.591796875, 1.1279296875, 0.00347137451171875, 7.05078125, 3.56640625, 3.173828125, 11.8515625, 2.484375, 6.953125, 5.8046875, 0.004550933837890625, 2.892578125, 1.7890625, 0.347412109375, 2.3359375, 4.07421875, 4.43359375, 5.29296875, 1.9521484375, 0.03668212890625, 0.33837890625, 0.007778167724609375, 7.152557373046875e-05, 3.98828125, 2.197265625, 8.7265625, 2.572265625, 1.2822265625, 9.34375, 4.5078125, 0.11993408203125, 0.004726409912109375, 0.0010366439819335938, 4.203125, 0.388427734375, 4.1953125, 1.0078125, 0.99951171875, 0.1982421875, 3.3359375, 0.93017578125, 4.765625, 0.72900390625, 0.356689453125, 4.10546875, 1.5556640625, 6.08984375, 1.5673828125, 0.978515625, 1.685546875, 3.466796875, 3.408203125, 6.83984375]",-0.9813307588666329
442,1,test,3.135497745322554,1.3811551965773108,1.8898597942632542,5.40297634081005,2.379956694667117,3.2565380635609746,23.000081176191546,17.22043451955847,19.5249301075601,39.63290824146001,29.673630104323912,33.644653575174175,3.3074907813239935,1.3148276808872894,1.8672003190920778,4.863957031358813,1.933570118951896,2.7458828221942317,27.31649634237953,19.981454614606534,23.094574394592012,40.17131815055813,29.384492080303726,33.96260940381178,3.143967541962563,1.4077619057036561,1.9183949237417348,5.32875854569926,2.386037128311282,3.251516819901246,23.19571450419131,17.51994791376076,19.789598575669444,39.31477034608697,29.69482697247587,33.541692501134655,0.7135678391959799,-0.006432160804020093,-0.0164321608040201,0.5728643216080402,-0.01713567839195984,-0.0021356783919597166,0.4723618090452262,-0.007638190954773805,-0.007638190954773805,0.45065789473684215,0.13815789473684215,0.1896929824561404,0.4257425742574258,0.46733668341708545,0.128140703517588,0.18090452261306533,0.4494949494949495,0.4481605351170569,0.1387959866220736,0.1906354515050167,0.4261744966442953,22.0,10.0,10.0,35.0,9.0,8.0,41.0,5.0,3.0,0.0006524397821928318,1.052612512270694e-05,8.130923634735472e-05,0.00048729044062767457,8.427820529455232e-05,-5.782855820246624e-05,"[7.03125, 1.359375, 2.224609375, 0.312744140625, 0.1500244140625, 0.00010728836059570312, 0.953125, 0.001422882080078125, 0.00923919677734375, 8.890625, 4.77734375, 8.25, 1.1103515625, 0.479248046875, 5.12890625, 7.36328125, 4.83984375, 4.4609375, 3.76953125, 0.465576171875, 0.5751953125, 2.603515625, 1.7861328125, 7.89453125, 3.171875, 7.82421875, 3.44140625, 7.6171875, 0.1422119140625, 5.375, 0.64501953125, 1.5869140625, 2.72265625, 6.8671875, 5.4375, 0.0811767578125, 5.34375, 11.203125, 4.34375, 0.016082763671875, 0.72509765625, 0.423095703125, 1.474609375, 4.8359375, 7.484375, 3.298828125, 5.18359375, 0.01497650146484375, 1.935546875, 5.84375, 3.37109375, 1.861328125, 6.8515625, 8.1171875, 0.984375, 0.2958984375, 0.09222412109375, 6.54296875, 0.343017578125, 5.94140625, 0.36962890625, 2.08984375, 4.3125, 5.34375, 7.0703125, 1.3828125, 0.054901123046875, 0.1680908203125, 6.76171875, 4.26953125, 1.0322265625, 2.41796875, 3.650390625, 6.046875, 2.109375, 5.6796875, 0.890625, 3.2265625, 2.634765625, 13.5703125, 6.8828125, 0.11932373046875, 0.50146484375, 8.3125, 5.71875, 1.2724609375, 6.43359375, 0.18603515625, 0.38720703125, 3.427734375, 2.337890625, 1.3505859375, 1.251953125, 5.72265625, 0.005096435546875, 3.486328125, 8.75, 3.732421875, 3.564453125, 0.83349609375, 2.087890625, 0.41162109375, 4.7265625, 4.5390625, 2.09765625, 6.40234375, 4.29296875, 0.1844482421875, 3.53515625, 7.74609375, 3.189453125, 6.40625, 0.88818359375, 0.25537109375, 5.203125, 1.865234375, 5.5390625, 6.6171875, 5.94921875, 6.75, 1.8857421875, 7.015625, 0.492431640625, 2.84765625, 4.671875, 6.6640625, 10.109375, 0.265380859375, 2.388671875, 4.4453125, 3.779296875, 0.64453125, 1.8486328125, 0.2318115234375, 1.998046875, 8.875, 4.203125, 0.01058197021484375, 0.004093170166015625, 6.2890625, 1.947265625, 0.3671875, 0.058197021484375, 1.6806640625, 0.05889892578125, 0.6767578125, 1.5517578125, 5.57421875, 4.5625, 9.203125, 6.16015625, 2.26953125, 0.04339599609375, 4.95703125, 2.8515625, 0.0005340576171875, 2.38671875, 4.94921875, 0.330078125, 1.4775390625, 0.002071380615234375, 1.08203125, 0.6376953125, 2.16796875, 8.296875, 0.134521484375, 4.41796875, 3.904296875, 1.763671875, 6.62109375, 5.8125, 4.9765625, 5.453125, 6.69921875, 0.380859375, 5.40625, 4.6171875, 0.07635498046875, 1.6103515625, 4.10546875, 8.15625, 1.2060546875, 1.4462890625, 4.17578125, 7.06640625, 2.474609375, 4.7578125, 0.13525390625, 3.892578125, 1.5947265625, 2.71875, 3.23046875, 0.016754150390625, 0.003398895263671875, 0.0953369140625, 1.7158203125, 4.63671875, 1.7890625, 0.5693359375, 2.9765625, 0.030181884765625, 5.58203125, 0.10076904296875, 0.027679443359375, 1.2421875, 5.58984375, 8.4609375, 3.400390625, 6.6796875, 0.009368896484375, 0.0364990234375, 0.578125, 5.71875, 3.138671875, 5.56640625, 5.6640625, 2.982421875, 1.6279296875, 0.80078125, 0.061065673828125, 0.270751953125, 5.00390625, 0.48681640625, 0.51953125, 6.60546875, 6.57421875, 2.109375, 0.9443359375, 4.65234375, 6.87890625, 5.84375, 4.5078125, 0.0404052734375, 0.1036376953125, 0.36865234375, 0.162353515625, 7.42578125, 6.93359375, 1.2470703125, 2.2890625, 0.96875, 2.076171875, 0.5556640625, 0.0018529891967773438, 0.9287109375, 0.7275390625, 7.125, 3.62890625, 5.56640625, 0.0248565673828125, 0.216064453125, 0.1458740234375, 5.70703125, 2.900390625, 0.276123046875, 3.095703125, 4.0546875, 2.07421875, 5.63671875, 0.0019159317016601562, 3.994140625, 5.70703125, 0.0831298828125, 4.56640625, 0.01302337646484375, 1.359375, 2.93359375, 1.7421875, 7.19921875, 0.0623779296875, 0.392822265625, 0.060638427734375, 8.59375, 0.05584716796875, 0.34228515625, 8.765625, 0.45458984375, 1.494140625, 4.6640625, 0.02764892578125, 2.173828125, 0.0201263427734375, 0.97119140625, 0.314453125, 7.0390625, 0.372314453125, 5.5703125, 0.1826171875, 7.75390625, 3.798828125, 2.232421875, 1.9755859375, 5.30078125, 11.0390625, 4.72265625, 3.51171875, 0.0001062154769897461, 0.73583984375, 1.318359375, 2.3125, 3.57421875, 4.12890625, 0.09423828125, 3.03515625]",-0.7711642419821336
410,1,test,3.204152145556041,1.3845221637969924,1.9104850512175333,5.743613154533967,2.4818296234020556,3.4246460758527055,24.634604600586602,18.465029428456816,20.988471817841663,44.158839097860024,33.09954743292525,37.6229521415566,3.348585974630998,1.421047476068813,2.015987194962238,5.035467631024057,2.136913497847839,3.0315596916725376,28.46245853703115,21.589885980195568,24.671576271779777,42.800689529370146,32.465993955181304,37.100114694405676,3.343191484942484,1.4867117636179843,2.0455098095014606,5.666426245665227,2.519850446810143,3.4669657788160353,28.309331490419893,21.908168306593048,24.648531590441234,47.981917780372704,37.132488655242454,41.77717218718854,0.7386934673366834,-0.0013065326633165952,-0.011306532663316604,0.5879396984924623,0.0029396984924623393,-0.002060301507537776,0.4522613065326633,-0.012738693467336692,0.002261306532663321,0.41369047619047616,0.10416666666666663,0.15674603174603174,0.3820895522388059,0.42211055276381915,0.09798994974874375,0.14907872696817426,0.38888888888888884,0.41137123745819393,0.09866220735785947,0.16387959866220736,0.3926174496644296,25.0,6.0,6.0,41.0,11.0,11.0,48.0,8.0,8.0,0.0004529934267018514,2.9804661059680972e-05,0.00021946593207665358,-0.00753474338107285,-0.007032332153540821,-0.00819866267632019,"[8.7265625, 5.234375, 7.1953125, 7.0078125, 7.2265625, 3.853515625, 8.953125, 2.388671875, 1.171875, 5.08984375, 0.7138671875, 1.4130859375, 0.72119140625, 7.578125, 1.578125, 5.02734375, 0.92333984375, 0.08154296875, 0.6943359375, 10.9375, 0.1593017578125, 2.7421875, 6.875, 2.40234375, 0.53076171875, 2.609375, 9.2890625, 3.6875, 1.466796875, 7.234375, 0.170166015625, 5.1796875, 1.2626953125, 0.003002166748046875, 0.08331298828125, 0.1800537109375, 6.57421875, 3.07421875, 1.4716796875, 0.01580810546875, 0.009033203125, 1.2783203125, 5.17578125, 1.337890625, 1.3740234375, 9.4609375, 1.9794921875, 2.501953125, 1.7880859375, 10.1484375, 3.1171875, 3.40234375, 0.004642486572265625, 7.01171875, 4.20703125, 0.80615234375, 3.763671875, 0.7919921875, 3.689453125, 0.349365234375, 6.015625, 7.36328125, 2.18359375, 8.671875, 0.0195159912109375, 0.75537109375, 1.7001953125, 3.125, 6.44140625, 1.025390625, 0.01158905029296875, 0.51953125, 6.1953125, 1.1845703125, 4.30859375, 1.8037109375, 2.5859375, 3.255859375, 6.5625, 2.154296875, 3.91015625, 0.129150390625, 6.11328125, 4.32421875, 10.7734375, 4.640625, 1.8095703125, 3.8984375, 5.48046875, 1.1181640625, 2.98828125, 8.8359375, 0.76318359375, 0.7529296875, 1.7294921875, 0.15185546875, 0.00476837158203125, 8.6015625, 6.21875, 1.7412109375, 0.5322265625, 2.25, 4.9453125, 0.167724609375, 0.3271484375, 0.0025806427001953125, 1.4326171875, 2.5546875, 5.09765625, 2.251953125, 2.4921875, 4.61328125, 10.984375, 3.890625, 3.568359375, 1.837890625, 3.16796875, 3.8828125, 2.517578125, 3.185546875, 2.56640625, 9.046875, 5.86328125, 3.974609375, 4.57421875, 5.5546875, 8.625, 1.0263671875, 0.08099365234375, 0.142578125, 2.091796875, 2.169921875, 0.0004544258117675781, 0.41357421875, 0.29052734375, 4.49609375, 6.49609375, 0.75048828125, 11.265625, 1.2216796875, 8.046875, 5.2734375, 5.875, 1.30078125, 0.73583984375, 3.30859375, 3.525390625, 7.05078125, 1.376953125, 2.75, 3.230571746826172e-05, 0.2071533203125, 2.71484375, 2.7060508728027344e-05, 0.010162353515625, 1.06640625, 0.00011992454528808594, 0.0255584716796875, 6.54296875, 4.34375, 1.203125, 8.8046875, 0.1749267578125, 7.546875, 3.2578125, 0.038482666015625, 7.8046875, 2.314453125, 6.31640625, 0.239501953125, 1.2724609375, 5.28125, 2.08203125, 6.21875, 2.2890625, 2.6171875, 3.779296875, 0.3173828125, 6.74609375, 0.99755859375, 6.0703125, 1.4638671875, 0.345458984375, 0.0211944580078125, 4.3359375, 2.525390625, 0.8154296875, 3.677734375, 8.9921875, 0.2313232421875, 8.125, 4.30078125, 3.615234375, 2.72265625, 7.2265625, 1.9794921875, 7.8125, 0.0170440673828125, 3.30859375, 8.828125, 10.40625, 7.37890625, 1.671875, 0.9697265625, 1.7685546875, 0.0011272430419921875, 3.802734375, 0.267578125, 0.276123046875, 2.4453125, 0.09881591796875, 0.043426513671875, 2.25390625, 3.083984375, 5.1875, 0.2396240234375, 0.015380859375, 0.329345703125, 0.1871337890625, 3.267578125, 0.08697509765625, 8.109375, 0.01120758056640625, 3.640625, 3.919921875, 5.046875, 1.326171875, 9.0078125, 0.199951171875, 0.1729736328125, 1.33984375, 4.6015625, 6.1171875, 7.0078125, 7.92578125, 6.15625, 0.1131591796875, 0.016143798828125, 0.8857421875, 1.412109375, 2.666015625, 0.37060546875, 0.056060791015625, 0.00244140625, 4.69921875, 0.29345703125, 2.90234375, 1.3818359375, 4.890625, 3.259765625, 1.2001953125, 9.7578125, 3.89453125, 3.71484375, 6.8515625, 2.798828125, 4.9140625, 13.4296875, 1.6572265625, 0.8125, 0.0006074905395507812, 0.529296875, 0.3857421875, 1.927734375, 6.046875, 0.02642822265625, 10.390625, 6.74609375, 5.72265625, 3.46484375, 0.05523681640625, 6.125, 2.59765625, 4.69140625, 5.19140625, 0.007617950439453125, 2.857421875, 5.390625, 11.0546875, 4.1328125, 4.98046875, 0.955078125, 0.1248779296875, 0.0092620849609375, 0.32763671875, 1.1064453125, 0.7587890625, 4.76953125, 6.0625, 10.15625, 8.234375, 8.0625, 2.3125, 1.3486328125, 0.1798095703125, 0.007297515869140625, 2.525390625, 0.303955078125, 2.662109375, 3.44921875, 8.734375, 0.484619140625, 1.943359375, 0.0010271072387695312, 0.1956787109375, 0.385498046875, 2.515625, 0.1796875, 0.393798828125, 0.642578125, 0.01143646240234375, 0.0015020370483398438, 5.515625, 3.279296875, 0.341796875, 0.1737060546875, 0.003971099853515625, 1.634765625, 1.3974609375, 0.1693115234375, 0.0340576171875, 14.03125, 2.970703125, 3.935546875, 7.09375, 3.0625, 0.09881591796875, 3.5, 0.02392578125, 0.82421875, 4.53125, 3.0859375, 3.826171875, 0.315185546875, 2.08984375, 9.3203125]",-0.4092356775488173
192,1,test,3.0329374078166516,1.3807002475366073,1.815211271933488,5.171367930378622,2.354189362159192,3.0950606940801406,20.75811818130886,15.539476465787827,17.378623702309376,35.394026392093444,26.49588153152763,29.631754699790182,3.035666884489395,1.3538683833671283,1.8956665515153608,4.245687950334818,1.8935222144994799,2.6512818902312736,20.814854375490135,15.439639762997333,17.68808496917113,29.111684441244947,21.593901766429838,24.73858037646312,3.1535691242154225,1.4140868396281292,1.9389384085089654,4.8516448064852655,2.1755182148125067,2.9829821669368703,23.41950270607361,17.72510812250743,20.050453008637867,36.03000416319017,27.269397111549893,30.84685078251979,0.6231155778894473,-0.016884422110552744,-0.01188442211055274,0.4773869346733668,-0.0126130653266332,-0.0126130653266332,0.4120603015075377,0.002060301507537665,-0.0029396984924623393,0.41192411924119243,0.11828406511399348,0.1665673254973019,0.38315217391304346,0.39698492462311563,0.11628317023715073,0.17327874766151297,0.35858585858585856,0.42140468227424754,0.13092054204052472,0.19893527181818527,0.40268456375838924,21.0,2.0,4.0,31.0,2.0,1.0,38.0,3.0,2.0,0.0010209402743504288,-0.00013645241409089651,-2.1679072490601565e-05,-0.06226945325882394,-0.06046126424005838,-0.06157041331442503,"[7.828125, 3.431640625, 6.14453125, 9.171875, 2.541015625, 1.0341796875, 11.0234375, 7.84765625, 0.7919921875, 3.080078125, 0.177001953125, 0.076904296875, 7.62109375, 3.064453125, 1.4716796875, 0.82373046875, 1.185546875, 2.12890625, 6.53515625, 4.10546875, 6.734375, 0.052001953125, 6.328125, 1.21875, 2.044921875, 3.123046875, 1.8076171875, 1.0458984375, 10.3828125, 1.0546875, 3.291015625, 0.837890625, 5.28515625, 0.030975341796875, 3.541015625, 0.5146484375, 0.79541015625, 4.8203125, 6.2890625, 5.18359375, 1.22265625, 5.2109375, 6.16796875, 0.097412109375, 6.609375, 7.5234375, 7.10546875, 8.3984375, 1.7001953125, 0.10833740234375, 1.0595703125, 0.8349609375, 4.13671875, 0.7109375, 8.515625, 6.7890625, 5.1796875, 7.9609375, 9.7578125, 8.78125, 1.6533203125, 2.69921875, 0.85546875, 4.453125, 1.900390625, 0.5146484375, 8.796875, 0.52490234375, 11.421875, 2.638671875, 5.3984375, 4.15625, 4.7578125, 2.9140625, 1.2578125, 2.81640625, 0.5458984375, 9.1953125, 3.498046875, 8.015625, 5.77734375, 1.3583984375, 0.0012178421020507812, 5.78515625, 1.482421875, 2.984375, 1.9560546875, 0.081787109375, 1.3037109375, 0.86328125, 0.9384765625, 1.7900390625, 3.037109375, 4.53515625, 2.240234375, 1.076171875, 4.16015625, 6.01953125, 3.06640625, 0.4248046875, 0.0004723072052001953, 2.1875, 0.32763671875, 0.0120086669921875, 0.44873046875, 0.060882568359375, 0.033355712890625, 11.859375, 4.640625, 3.97265625, 3.560546875, 10.5, 0.94677734375, 0.71630859375, 2.0265579223632812e-06, 3.138671875, 0.0202178955078125, 0.0450439453125, 0.05596923828125, 0.00628662109375, 0.00010752677917480469, 0.01092529296875, 0.001796722412109375, 7.700920104980469e-05, 0.00063323974609375, 0.00141143798828125, 0.0002410411834716797, 0.00485992431640625, 0.00807952880859375, 0.00217437744140625, 0.0100555419921875, 0.00948333740234375, 0.4599609375, 5.56640625, 2.615234375, 4.4296875, 1.4609375, 1.041015625, 3.23828125, 0.203369140625, 5.390625, 1.26171875, 4.609375, 1.4755859375, 0.0462646484375, 1.1025390625, 0.38330078125, 0.260498046875, 0.01326751708984375, 1.25390625, 0.0257415771484375, 0.2060546875, 0.54052734375, 0.0036220550537109375, 5.0067901611328125e-06, 1.919269561767578e-05, 0.00043392181396484375, 7.748603820800781e-06, 4.796875, 2.900390625, 0.61376953125, 2.9765625, 0.0005006790161132812, 0.357177734375, 1.8427734375, 0.52880859375, 5.1953125, 5.05078125, 5.3046875, 10.2421875, 7.23046875, 2.509765625, 1.0751953125, 5.90625, 5.8515625, 0.3359375, 2.404296875, 0.018524169921875, 3.30078125, 6.74609375, 1.70703125, 1.03125, 5.50390625, 1.0712890625, 0.41796875, 0.6142578125, 6.0390625, 4.79296875, 0.828125, 0.72509765625, 5.03515625, 0.08514404296875, 3.83203125, 7.4375, 7.08984375, 13.921875, 2.267578125, 6.03515625, 10.234375, 4.79296875, 2.84765625, 2.26953125, 5.6875, 3.6328125, 1.3896484375, 2.41796875, 11.9765625, 0.08966064453125, 3.888671875, 2.154296875, 0.0487060546875, 2.912109375, 5.6640625, 0.0026226043701171875, 0.0005965232849121094, 0.5400390625, 2.619140625, 0.032440185546875, 6.532669067382812e-05, 0.0008878707885742188, 2.1696090698242188e-05, 0.00033974647521972656, 0.000377655029296875, 0.7666015625, 0.48779296875, 3.38671875, 3.314453125, 2.765625, 3.271484375, 4.37890625, 7.65234375, 0.52001953125, 3.828125, 3.70703125, 1.224609375, 3.3125, 1.255859375, 2.638671875, 5.0859375, 6.51171875, 4.15234375, 3.5078125, 7.17578125, 3.865234375, 12.9609375, 0.056610107421875, 6.16015625, 5.33984375, 5.19140625, 6.26171875, 2.939453125, 8.78125, 8.125, 13.0546875, 7.234375, 0.42822265625, 2.27734375, 9.765625, 7.30078125, 4.44921875, 5.19921875, 6.34375, 3.703125, 7.05078125, 4.52734375, 0.021209716796875, 5.1171875, 11.7890625, 0.34375, 2.17578125, 1.3994140625, 2.115234375, 8.25, 6.36328125, 2.939453125, 5.2578125, 6.85546875, 6.41015625, 3.15234375, 3.33984375, 2.26953125, 6.2578125, 0.0897216796875, 4.21875, 0.5498046875, 0.1822509765625, 0.56591796875, 4.08984375, 4.57763671875e-05, 0.0001285076141357422, 0.0011606216430664062, 6.556510925292969e-06, 4.76837158203125e-07, 2.193450927734375e-05, 1.537109375, 3.3359375, 0.0010242462158203125, 3.7670135498046875e-05, 0.000507354736328125, 2.9802322387695312e-06, 1.9073486328125e-06, 9.179115295410156e-06, 1.7646484375, 0.094482421875, 2.037109375, 2.677734375, 0.26611328125, 0.035400390625, 0.139404296875, 9.6484375, 2.3046875, 7.734375, 1.033203125, 2.41796875, 6.18359375, 2.6640625, 3.76953125, 0.0001227855682373047, 5.459785461425781e-05, 0.00036716461181640625, 5.4836273193359375e-06, 3.5762786865234375e-07, 0.000240325927734375, 1.48046875, 1.6083984375, 2.296875, 9.5, 1.1953125, 9.3671875, 5.078125, 10.25, 4.23046875, 3.396484375, 2.123046875, 0.00457763671875, 9.6328125, 3.318359375, 5.078125, 13.5859375, 1.8564453125, 2.466796875, 3.29296875, 1.224609375, 0.1903076171875, 2.05078125, 8.859375, 2.5078125, 0.0294647216796875, 5.91015625, 3.3984375, 4.76171875, 10.2734375, 0.59765625, 0.00012254714965820312, 0.000152587890625, 0.0003924369812011719, 5.7220458984375e-06, 9.5367431640625e-07, 4.76837158203125e-06, 0.257568359375, 3.404296875, 8.940696716308594e-06, 6.079673767089844e-06, 0.000507354736328125, 1.0251998901367188e-05, 7.152557373046875e-07, 2.5033950805664062e-06, 0.09381103515625, 0.2384033203125]",-1.0519605871784656
411,1,test,3.757406431133464,1.7652761211345758,2.4122320354851574,5.853643703239502,2.7501143781886026,3.758003592124245,42.837180601909346,35.50604587333156,38.99832463990894,66.7358182008693,55.314681992137594,60.75528470217393,3.859432168941402,1.753582208248559,2.42423354368092,5.59337995498754,2.5414234902153034,3.513381947363653,47.43840671886758,39.22432502892965,43.237927471648185,68.75131408531534,56.84684786801399,62.66366300238868,3.7397697214352883,1.7522580260962983,2.3957331053442967,5.826167566025502,2.72983355644476,3.7322999956942726,42.08829701634947,34.790943901922304,38.25380634234746,65.56913640441813,54.200628394573705,59.59540356492026,0.7889447236180904,-0.001055276381909609,-0.006055276381909613,0.6733668341708543,0.0033668341708543714,0.0033668341708543714,0.5276381909547738,-0.002361809045226204,-0.012361809045226213,0.423728813559322,0.08193524333935587,0.1621730074713852,0.41496598639455784,0.42211055276381915,0.07373962544552337,0.1566681487571413,0.4242424242424242,0.4203389830508475,0.08023746020820788,0.15878317696291067,0.40816326530612246,15.0,2.0,3.0,27.0,2.0,6.0,36.0,2.0,4.0,0.00035637797154158466,0.00012439204577004744,7.689909599642421e-05,-0.00035656283511986686,0.00011913993074319507,-2.6287545484393604e-05,"[9.9609375, 2.431640625, 2.998046875, 0.20068359375, 0.0032634735107421875, 2.705078125, 6.75390625, 7.71484375, 1.3837890625, 0.0220794677734375, 4.078125, 9.1875, 2.267578125, 7.06640625, 0.084716796875, 1.0771484375, 3.3984375, 13.7109375, 0.0269622802734375, 6.06640625, 2.84375, 2.755859375, 5.625, 0.1884765625, 8.2265625, 2.125, 6.0390625, 0.7236328125, 6.75, 3.109375, 1.685546875, 3.681640625, 0.9072265625, 6.27734375, 2.384765625, 5.61328125, 0.12158203125, 3.65625, 2.701171875, 1.5673828125, 3.984375, 0.137451171875, 7.75390625, 0.26904296875, 0.329345703125, 1.443359375, 5.02734375, 0.8134765625, 8.7578125, 8.5546875, 0.459228515625, 1.7734375, 0.00508880615234375, 7.578125, 1.21875, 5.41796875, 0.94384765625, 5.140625, 2.0546875, 3.18359375, 6.4921875, 0.1341552734375, 1.3828125, 5.32421875, 1.5859375, 10.125, 1.623046875, 7.140625, 7.28125, 2.6875, 3.615234375, 3.3515625, 10.90625, 1.548828125, 6.13671875, 3.376953125, 10.4375, 3.025390625, 6.796875, 1.7568359375, 1.482421875, 4.76953125, 0.78564453125, 0.38671875, 7.62109375, 2.853515625, 1.865234375, 6.609375, 8.6875, 0.06011962890625, 7.78515625, 0.33642578125, 0.1995849609375, 2.541015625, 7.125, 5.03125, 2.21875, 1.109375, 0.0697021484375, 4.2578125, 2.50390625, 0.054290771484375, 7.7421875, 6.22265625, 8.9921875, 9.8515625, 0.5185546875, 2.306640625, 10.8203125, 1.42578125, 0.0037555694580078125, 0.00042176246643066406, 2.53515625, 3.751953125, 5.1328125, 8.625, 6.37109375, 6.30078125, 6.87109375, 0.76220703125, 4.0390625, 3.47265625, 5.75, 5.296875, 6.72265625, 4.375, 3.66796875, 0.5390625, 3.287109375, 6.5078125, 2.283203125, 3.06640625, 5.16796875, 4.7265625, 0.152587890625, 5.6171875, 2.158203125, 4.9453125, 0.28564453125, 5.81640625, 3.474609375, 1.013671875, 7.65234375, 1.9443359375, 2.740234375, 1.9833984375, 4.671875, 6.65625, 17.6875, 1.326171875, 3.775390625, 0.3330078125, 0.90966796875, 0.297607421875, 3.349609375, 3.775390625, 1.478515625, 3.666015625, 0.0288543701171875, 5.11328125, 6.96484375, 2.26171875, 7.76953125, 6.1875, 7.08984375, 1.279296875, 5.234375, 3.05859375, 5.51171875, 1.5498046875, 7.1484375, 1.1123046875, 5.55078125, 2.2421875, 0.0188751220703125, 7.3984375, 8.609375, 2.8046875, 5.6328125, 4.9765625, 3.134765625, 1.8056640625, 4.640625, 8.7265625, 0.71826171875, 0.06890869140625, 5.58203125, 3.01953125, 1.29296875, 7.484375, 0.75244140625, 2.658203125, 3.197265625, 2.126953125, 5.5078125, 0.329833984375, 5.14453125, 7.41796875, 0.003936767578125, 0.00484466552734375, 6.198883056640625e-06, 0.85498046875, 2.390625, 1.4951171875, 4.77734375, 7.55859375, 3.130859375, 0.1422119140625, 0.0218048095703125, 3.318359375, 5.56640625, 6.7890625, 1.4462890625, 2.513671875, 0.061798095703125, 6.4140625, 2.208984375, 12.4375, 8.2109375, 6.65625, 2.169921875, 1.4580078125, 2.478515625, 2.5, 4.9765625, 4.48828125, 6.66796875, 3.87890625, 2.626953125, 4.4453125, 3.140625, 4.0859375, 9.0, 1.28515625, 1.8779296875, 3.37109375, 8.078125, 0.0034503936767578125, 7.3359375, 1.4462890625, 0.76806640625, 0.0058441162109375, 1.8515625, 6.3359375, 0.05126953125, 2.12890625, 2.06640625, 4.6875, 2.21484375, 7.34375, 6.5625, 4.40625, 3.033203125, 8.078125, 4.0703125, 10.0703125, 1.96484375, 7.66796875, 1.9462890625, 0.35205078125, 1.2509765625, 0.007724761962890625, 5.06640625, 1.4130859375, 2.0859375, 0.07476806640625, 9.0234375, 0.89306640625, 7.15234375, 0.016510009765625, 0.318115234375, 0.3505859375, 2.30859375, 0.96484375, 5.1015625, 6.08984375, 0.258544921875, 0.07196044921875, 12.7734375, 4.38671875, 0.487060546875, 0.280517578125, 1.37890625, 2.306640625, 10.34375, 8.046875, 4.26953125, 2.763671875, 8.890625, 1.24609375, 0.962890625, 4.7578125, 0.40478515625, 1.611328125, 4.1015625]",-0.610487741534993
179,1,test,2.5145773911476135,0.9527086350802771,1.339576511589228,4.883147062809236,1.8500987042526673,2.6013711612152104,12.361383644939883,7.593661009053313,9.12323785296489,24.005009529850998,14.746399765968047,17.716739314467304,2.425855501812307,0.7472705622571891,1.1266278445897187,4.009678515392244,1.2351579541441144,1.8621947844458164,11.311902634167348,5.953933879613831,7.645438827216961,18.697359725896444,9.841213024155094,12.637088970606548,2.5007909651982745,0.9488905686362936,1.332289368503481,4.840240577803112,1.8365623909089557,2.5786245842002855,12.192133701301673,7.47170134382814,8.97496529196899,23.59767813155162,14.461357439667365,17.37090056510127,0.6080402010050252,0.018040201005025125,0.013040201005025231,0.457286432160804,0.01228643216080405,0.017286432160804055,0.3417085427135679,-0.003291457286432098,0.006708542713567911,0.39,0.06720465890183025,0.11172949002217292,0.3946488294314381,0.3919597989949749,0.041082606012518785,0.09145896427043398,0.38383838383838387,0.38795986622073575,0.06408674435095274,0.11209779725521851,0.3926174496644296,19.0,9.0,9.0,30.0,15.0,13.0,41.0,21.0,19.0,2.5819752690455426e-05,0.00020920266809299122,-0.00010289762870787037,-0.00884007408316112,-0.010382592196560125,-0.009041843957533047,"[3.783203125, 0.040191650390625, 0.3896484375, 0.0202484130859375, 0.0006041526794433594, 0.7236328125, 0.0200653076171875, 0.01122283935546875, 1.5595703125, 9.5546875, 3.416015625, 4.2578125, 6.90625, 1.68359375, 0.8818359375, 4.78125, 0.2427978515625, 4.23046875, 3.453125, 0.2418212890625, 0.1180419921875, 3.955078125, 4.21875, 4.78125, 0.08795166015625, 2.474609375, 2.197265625, 3.375, 3.576171875, 0.003597259521484375, 0.5703125, 2.583984375, 1.84375, 1.869140625, 4.79296875, 3.060546875, 8.0390625, 1.9228515625, 5.3359375, 0.006351470947265625, 4.37109375, 2.767578125, 1.4375, 4.39453125, 7.51953125, 2.951171875, 0.1934814453125, 0.97509765625, 0.0001895427703857422, 0.208984375, 2.37890625, 0.007228851318359375, 0.00014638900756835938, 0.24462890625, 0.302978515625, 4.3203125, 1.3251953125, 8.6875, 7.02734375, 8.984375, 1.5419921875, 2.17578125, 3.01953125, 0.0235595703125, 2.720703125, 8.46875, 1.0107421875, 0.00478363037109375, 2.443359375, 5.4140625, 8.2109375, 3.44921875, 1.4873046875, 6.828125, 2.078125, 1.65625, 1.7373046875, 11.7578125, 0.90478515625, 0.417236328125, 1.826171875, 2.390625, 0.01543426513671875, 2.5390625, 4.2734375, 5.42578125, 0.1617431640625, 1.9384765625, 2.46484375, 1.623046875, 5.82421875, 1.3115234375, 3.9609375, 0.24267578125, 1.3232421875, 1.751953125, 3.470703125, 0.71435546875, 3.705078125, 1.611328125, 0.41943359375, 0.16259765625, 7.38671875, 5.46875, 0.00543212890625, 0.0012569427490234375, 0.92626953125, 1.49609375, 1.869140625, 0.0246429443359375, 3.025390625, 5.87109375, 3.955078125, 0.10052490234375, 5.58984375, 0.8828125, 0.69580078125, 0.00012183189392089844, 0.303466796875, 2.04296875, 4.36328125, 9.1328125, 0.95166015625, 1.3115234375, 6.1640625, 2.384765625, 0.513671875, 3.7421875, 2.435546875, 2.369140625, 0.041961669921875, 0.52783203125, 0.12030029296875, 2.1696090698242188e-05, 0.1690673828125, 1.666015625, 0.0005397796630859375, 4.6372413635253906e-05, 0.0111236572265625, 0.402587890625, 4.5390625, 3.140625, 5.58203125, 1.0712890625, 8.2578125, 1.41796875, 2.654296875, 4.27734375, 3.6328125, 0.337158203125, 0.09686279296875, 0.201171875, 0.56396484375, 3.359375, 2.80078125, 2.962890625, 0.444091796875, 0.79541015625, 0.003124237060546875, 0.0012302398681640625, 0.94580078125, 0.389404296875, 6.765625, 1.5849609375, 0.693359375, 0.00013840198516845703, 0.54541015625, 2.193359375, 1.021484375, 7.12890625, 7.0546875, 2.357421875, 6.26953125, 1.8427734375, 1.373046875, 0.009307861328125, 0.0265350341796875, 8.03125, 4.4375, 0.0682373046875, 5.32421875, 3.208984375, 0.00843048095703125, 0.51708984375, 0.001758575439453125, 0.0013418197631835938, 3.443359375, 1.09765625, 0.401123046875, 0.01000213623046875, 5.6796875, 0.73583984375, 0.400390625, 3.24609375, 2.09765625, 0.85400390625, 0.0267791748046875, 1.2958984375, 8.125, 0.374267578125, 6.198883056640625e-05, 0.1307373046875, 4.234375, 0.7265625, 3.0546875, 2.126953125, 0.01873779296875, 5.10546875, 1.8759765625, 4.55859375, 0.9765625, 1.5068359375, 1.7762184143066406e-05, 0.309326171875, 0.1324462890625, 3.9375, 2.4296875, 3.876953125, 3.958984375, 5.03125, 2.080078125, 6.45703125, 2.462890625, 6.828125, 0.0121612548828125, 3.66015625, 2.58203125, 4.56640625, 8.6953125, 6.37109375, 4.38671875, 0.72705078125, 0.01340484619140625, 0.4794921875, 6.20703125, 12.1875, 1.3681640625, 2.1640625, 8.4609375, 0.031494140625, 8.8515625, 4.56640625, 0.40478515625, 1.5361328125, 7.68359375, 0.01096343994140625, 0.00896453857421875, 4.26953125, 4.6796875, 0.0038547515869140625, 0.7822265625, 0.259521484375, 8.421875, 7.03515625, 5.34375, 0.71484375, 3.181640625, 4.140625, 0.509765625, 2.2172927856445312e-05, 0.2314453125, 2.515625, 3.470703125, 0.03485107421875, 2.60546875, 6.99609375, 0.036041259765625, 7.6953125, 0.81982421875, 0.0012969970703125, 0.0005970001220703125, 1.173828125, 8.702278137207031e-06, 5.2265625, 0.80810546875, 0.002201080322265625, 1.7881393432617188e-05, 2.349609375, 0.47607421875, 4.96484375, 0.07159423828125, 0.1839599609375, 0.0109710693359375, 0.0291900634765625, 5.13671875, 0.8427734375, 2.3515625, 1.1220703125, 2.72265625, 4.12890625, 0.01271820068359375, 0.31787109375, 0.0029010772705078125, 0.0011739730834960938, 2.283203125, 8.203125, 3.37109375, 0.41748046875, 7.68359375, 6.63671875]",-0.737055299282074
362,1,test,3.561943262618109,1.5798586604513105,2.162547282906971,5.930048398754324,2.63020425338872,3.600284762202265,35.2315949075353,27.97373793680356,31.178843624144307,58.65479811529229,46.57166260907406,51.90763526437211,3.5262034250863232,1.4670764537267833,2.073946842471151,5.424928346286651,2.257040698041205,3.190687449955617,33.99465903552799,26.155535992419324,29.721913587847173,52.29947543927383,40.23928614218358,45.72602090438026,3.5629893593166186,1.5818092659923746,2.178894185129734,5.873059383488932,2.6073779109764414,3.5915838216424185,35.26846984666461,28.017174703677906,31.2772569286372,58.13484040659001,46.182156104963575,51.555918014237136,0.7035175879396984,0.008517587939698368,0.008517587939698368,0.5778894472361809,-0.007110552763819111,-0.01711055276381912,0.4623115577889447,0.007311557788944767,-0.002688442211055242,0.4403973509933775,0.1164304088446172,0.1848907430638621,0.4651162790697675,0.42211055276381915,0.09629601642296703,0.1600070469207474,0.4494949494949495,0.4381270903010034,0.11425396843122038,0.18451196238109235,0.4664429530201343,25.0,14.0,15.0,41.0,21.0,21.0,45.0,18.0,18.0,-0.00046466516093872845,-0.00011410957446796616,-1.4340133657665342e-05,-0.007072343868738784,-0.008401716868285725,-0.00683637280362781,"[2.859375, 2.21484375, 0.2666015625, 0.05609130859375, 3.802776336669922e-05, 1.1826171875, 0.01139068603515625, 0.01456451416015625, 6.5703125, 2.0859375, 0.86083984375, 3.05078125, 4.89453125, 0.1702880859375, 7.2578125, 5.8828125, 0.04339599609375, 6.80859375, 0.180908203125, 6.3125, 0.0020694732666015625, 1.5771484375, 8.734375, 6.640625, 7.88671875, 3.578125, 1.28125, 0.00907135009765625, 0.0027141571044921875, 0.7041015625, 11.6796875, 3.703125, 0.974609375, 9.3125, 0.399658203125, 1.4951171875, 5.7890625, 0.54345703125, 1.115234375, 3.787109375, 3.17578125, 6.24609375, 1.51171875, 2.771484375, 2.73046875, 2.21484375, 6.39453125, 7.98046875, 9.453125, 1.955078125, 10.53125, 2.55859375, 1.896484375, 0.51220703125, 0.392333984375, 4.5234375, 1.4521484375, 3.41796875, 5.84765625, 0.008544921875, 3.060546875, 2.154296875, 0.0021076202392578125, 4.33203125, 1.7158203125, 5.640625, 10.921875, 0.34375, 0.0008401870727539062, 0.0025043487548828125, 3.986328125, 2.578125, 7.0078125, 8.546875, 11.1875, 0.8779296875, 0.06219482421875, 4.94140625, 3.17578125, 3.76171875, 0.14794921875, 1.236328125, 1.5302734375, 6.5859375, 1.8193359375, 0.34326171875, 5.015625, 9.0859375, 2.396484375, 9.4140625, 0.1864013671875, 0.02606201171875, 0.00015532970428466797, 4.2265625, 1.3466796875, 3.8671875, 4.16015625, 3.529296875, 0.94189453125, 6.27734375, 0.11993408203125, 10.828125, 0.1468505859375, 5.19921875, 9.9296875, 7.75, 2.05078125, 6.14453125, 1.0029296875, 8.96875, 0.50439453125, 5.42578125, 1.134765625, 4.68359375, 4.1328125, 4.8046875, 4.44140625, 4.75, 0.21826171875, 11.5234375, 6.2734375, 0.54833984375, 4.24609375, 2.6015625, 0.7109375, 4.7265625, 2.03515625, 7.08984375, 3.73046875, 1.6328125, 6.5625, 2.697265625, 7.75, 1.78515625, 7.890625, 0.031524658203125, 0.006580352783203125, 0.0002319812774658203, 4.49609375, 0.7529296875, 5.1953125, 2.18359375, 8.0234375, 5.0078125, 0.71875, 10.6953125, 10.578125, 1.9765625, 3.318359375, 5.1875, 8.828125, 3.861328125, 0.9638671875, 3.380859375, 0.72802734375, 2.18359375, 4.0546875, 5.88671875, 2.087890625, 8.0625, 9.46875, 8.34375, 3.904296875, 8.015625, 10.875, 0.0303955078125, 0.0016641616821289062, 1.806640625, 6.07421875, 0.0153350830078125, 0.0009250640869140625, 0.085205078125, 0.021728515625, 0.1923828125, 0.00214385986328125, 0.09625244140625, 0.008331298828125, 9.298324584960938e-06, 0.66357421875, 0.32373046875, 7.83984375, 0.36279296875, 0.0009908676147460938, 0.662109375, 2.037109375, 1.33203125, 7.26171875, 3.2265625, 2.955078125, 7.4609375, 2.134765625, 0.0143585205078125, 6.51953125, 4.2265625, 1.0673828125, 6.17578125, 2.650390625, 2.42578125, 8.953125, 4.14453125, 0.1123046875, 0.095703125, 4.75390625, 0.005474090576171875, 0.05328369140625, 2.65234375, 3.640625, 3.6015625, 1.1982421875, 4.125, 4.7890625, 9.5625, 6.00390625, 0.83740234375, 3.6875, 6.1484375, 1.8505859375, 0.03753662109375, 0.06842041015625, 0.009124755859375, 9.179115295410156e-05, 3.578125, 1.412109375, 3.537109375, 0.54638671875, 0.006053924560546875, 14.75, 3.353515625, 0.6318359375, 0.01221466064453125, 0.162109375, 0.4658203125, 0.00036835670471191406, 4.62890625, 0.026824951171875, 2.541015625, 0.53125, 4.203125, 10.7734375, 9.890625, 3.70703125, 0.003139495849609375, 6.765625, 4.69140625, 3.9765625, 7.40234375, 0.716796875, 8.265625, 3.96875, 3.28515625, 12.1015625, 1.47265625, 5.93359375, 2.330078125, 6.0078125, 8.171875, 1.5751953125, 8.4921875, 0.71142578125, 7.1796875, 0.87060546875, 2.353515625, 9.75, 0.1683349609375, 4.61328125, 1.9873046875, 4.12890625, 3.451171875, 4.328125, 6.30078125, 4.08203125, 3.5625, 0.0147705078125, 2.08984375, 7.23828125, 0.853515625, 1.7138671875, 9.3359375, 2.2890625, 10.1015625, 7.921875, 0.5849609375, 2.935546875, 0.0002753734588623047, 8.375, 1.1064453125, 1.099609375, 7.421875, 2.13671875, 7.55859375, 0.02508544921875, 2.923828125, 1.79296875, 8.0078125, 5.3515625, 1.19921875, 3.89453125, 6.79296875, 0.34619140625, 0.55712890625, 9.296875, 0.51904296875]",-0.7996414007730044
480,1,test,3.563601483796772,1.5753300219024313,2.182964991498241,5.693799018803782,2.5170077444921533,3.487865852337972,35.29006514926769,27.987165643286996,31.312632722167834,56.38524375804782,44.71692387698369,50.03023999184358,3.6425385439216194,1.459933076278264,2.1004574571387593,5.561127547971938,2.2289054599668154,3.2068052780744423,38.18865736571124,29.31927228977009,33.514349569563265,58.30329368810875,44.76224777064136,51.166945907730174,3.5829643044555395,1.5859776219695483,2.194745846509118,5.724736262984829,2.534020111079837,3.50668889442239,35.98003871209565,28.613214672370802,31.972334915741186,57.487659618208696,45.71720333127402,51.08428930671497,0.7688442211055276,0.008844221105527628,0.008844221105527628,0.6331658291457287,0.01816582914572873,0.00816582914572872,0.48743718592964824,0.00743718592964826,-0.002562814070351749,0.43508771929824563,0.10233815712661687,0.17021023971831561,0.44718309859154926,0.4321608040201005,0.09130867369428597,0.14668501103178666,0.4494949494949495,0.4385964912280702,0.1005929886011,0.17488587279166412,0.44718309859154926,24.0,8.0,8.0,39.0,16.0,13.0,45.0,10.0,10.0,0.000123804496343728,-0.0001754802406779399,-1.5484814149859857e-06,-0.0002872636165145437,0.00015787518124010802,8.758024202748516e-06,"[2.88671875, 3.212890625, 0.293701171875, 0.0222015380859375, 8.177757263183594e-05, 1.0322265625, 0.0118408203125, 0.015625, 5.57421875, 4.0625, 0.53857421875, 9.7109375, 3.015625, 4.64453125, 2.8671875, 4.4375, 8.0546875, 0.012420654296875, 1.876953125, 2.48828125, 5.76953125, 3.232421875, 7.0, 2.49609375, 1.8837890625, 11.9609375, 10.546875, 0.73681640625, 4.52734375, 5.74609375, 3.212890625, 6.16015625, 0.002105712890625, 1.7666015625, 5.375, 1.1181640625, 1.6650390625, 1.3759765625, 5.71875, 2.2421875, 1.2607421875, 0.0328369140625, 4.4140625, 0.0009469985961914062, 3.658203125, 6.9375, 8.8125, 0.421630859375, 0.0281219482421875, 0.0034465789794921875, 2.08203125, 1.71484375, 11.3046875, 9.3671875, 5.640625, 7.00390625, 1.818359375, 4.6796875, 8.8046875, 4.7734375, 2.740234375, 7.6328125, 6.03125, 2.765625, 3.59765625, 0.9716796875, 4.28515625, 7.046875, 0.144775390625, 0.1651611328125, 2.982421875, 3.93359375, 1.0751953125, 12.4921875, 7.06640625, 4.0625, 5.8125, 1.0009765625, 4.05078125, 0.0140380859375, 4.08203125, 5.0234375, 0.037353515625, 0.062225341796875, 2.22265625, 0.53271484375, 0.66064453125, 9.703125, 3.8359375, 1.4775390625, 12.65625, 2.734375, 3.142578125, 3.359375, 0.95556640625, 1.9970703125, 5.66015625, 0.0882568359375, 4.03515625, 0.0174102783203125, 11.140625, 0.241943359375, 7.0859375, 10.7421875, 2.193359375, 1.8330078125, 7.66796875, 0.016754150390625, 5.16796875, 0.203369140625, 0.65869140625, 1.048828125, 0.9873046875, 2.6484375, 1.6240234375, 5.91796875, 5.7578125, 0.205322265625, 1.59375, 12.8515625, 0.908203125, 7.60546875, 2.486328125, 6.25, 0.5869140625, 7.46875, 0.3701171875, 8.609375, 2.064453125, 5.37109375, 5.5859375, 1.01953125, 0.0523681640625, 0.0797119140625, 1.85546875, 4.68359375, 1.880859375, 1.7138671875, 7.09375, 4.1484375, 1.048828125, 8.640625, 1.7548828125, 5.44921875, 0.58056640625, 2.744140625, 4.12890625, 2.109375, 10.046875, 0.428466796875, 1.4033203125, 1.56640625, 2.47265625, 6.265625, 0.02618408203125, 7.0, 4.19140625, 2.05859375, 1.37109375, 6.19140625, 5.6640625, 6.1015625, 1.77734375, 4.51953125, 0.429931640625, 6.03125, 5.62890625, 0.2998046875, 2.12109375, 0.0011453628540039062, 0.58349609375, 0.391845703125, 2.16796875, 0.00017964839935302734, 6.13671875, 3.681640625, 7.046875, 0.9453125, 0.23046875, 4.73828125, 0.00988006591796875, 3.3125, 7.25390625, 7.20703125, 7.4765625, 3.978515625, 1.9326171875, 6.62890625, 1.169921875, 2.8828125, 6.04296875, 6.2421875, 3.166015625, 2.587890625, 10.0703125, 2.798828125, 3.779296875, 5.16015625, 0.0007510185241699219, 0.4169921875, 0.4921875, 3.12890625, 0.0011472702026367188, 4.52734375, 5.6328125, 6.078125, 3.41015625, 0.390380859375, 9.5234375, 0.2110595703125, 1.4111328125, 7.16015625, 8.515625, 5.30859375, 4.23828125, 1.7880859375, 5.0078125, 4.72265625, 7.2734375, 6.15234375, 0.1551513671875, 4.64453125, 0.48974609375, 1.0947265625, 6.3984375, 2.251953125, 7.140625, 7.92578125, 9.2578125, 4.75, 3.45703125, 0.450439453125, 1.619140625, 4.58984375, 5.00390625, 0.260009765625, 2.302734375, 7.12890625, 9.1015625, 0.00058746337890625, 0.15185546875, 9.484375, 0.01184844970703125, 5.671875, 0.2095947265625, 3.53125, 2.314453125, 1.5, 4.234375, 2.017578125, 3.96875, 1.73046875, 5.29296875, 0.0005512237548828125, 0.11578369140625, 2.31640625, 0.016326904296875, 0.00021207332611083984, 0.0104827880859375, 0.39453125, 2.376953125, 0.0006132125854492188, 6.25390625, 2.822265625, 0.470947265625, 3.28125, 2.765625, 0.57275390625, 1.2294921875, 3.03515625, 7.72265625, 0.2342529296875, 7.40234375, 1.0517578125, 7.796875, 0.380126953125, 1.2255859375, 0.271240234375, 9.8671875, 6.02734375, 6.25, 4.48046875, 2.603515625, 11.3203125, 0.48779296875]",-0.9014806847823293
219,1,test,3.243200031679068,1.4746561165416194,2.0193797214339826,6.0877944728724405,2.768069581888179,3.790567521797866,25.615561340635292,19.753250219339957,22.21540874989319,48.08284139918133,37.07872666870517,41.700432066838616,3.3758758468244543,1.5311534802524303,2.112960726922533,5.193655148960699,2.3556207388498924,3.2507088106500506,29.249890989740855,22.923547847512758,25.714177482086804,44.99983229190901,35.266996688481164,39.56027304936432,3.127410936515068,1.4282124710006063,1.9523808361827166,5.938122031357724,2.7117958310138097,3.707052220600095,22.814833956130265,17.3452723640899,19.576593541646552,43.31930497999418,32.93406145080361,37.17074723097447,0.6733668341708543,-0.0066331658291456375,0.0033668341708543714,0.5628140703517588,0.00781407035175885,0.002814070351758735,0.4522613065326633,-0.017738693467336697,-0.0227386934673367,0.426865671641791,0.11837088773717108,0.18853399338955668,0.39820359281437123,0.40703517587939697,0.10878956184430921,0.1799901007541883,0.398989898989899,0.4247491638795987,0.14094281997308789,0.18893158879617267,0.3825503355704698,22.0,1.0,2.0,34.0,1.0,1.0,40.0,0.0,1.0,0.0008258843530350564,0.00022732352719604204,0.00036964667564070956,-0.038469421657981506,-0.03904577677088206,-0.038208388447777075,"[7.8125, 10.1875, 3.041015625, 2.236328125, 3.26953125, 0.658203125, 6.046875, 0.04217529296875, 6.4765625, 0.32568359375, 0.736328125, 0.49853515625, 0.07037353515625, 0.154541015625, 0.01678466796875, 0.064697265625, 0.15625, 0.449951171875, 0.474365234375, 14.3984375, 1.7861328125, 3.3359375, 5.7890625, 3.763671875, 2.017578125, 4.328125, 2.203125, 5.58984375, 3.115234375, 3.330078125, 7.19140625, 7.68359375, 5.5078125, 4.0078125, 5.25390625, 3.171875, 4.4453125, 7.88671875, 7.3203125, 4.02734375, 10.0234375, 0.3203125, 6.99609375, 1.96875, 0.67822265625, 5.78515625, 14.8828125, 8.3046875, 5.8515625, 7.66796875, 2.650390625, 1.0400390625, 10.1953125, 4.58203125, 5.96875, 1.3583984375, 7.1171875, 0.73974609375, 8.28125, 7.46875, 4.1328125, 5.80859375, 9.1640625, 2.416015625, 5.5703125, 1.6064453125, 0.72998046875, 0.1732177734375, 0.02239990234375, 0.00554656982421875, 0.047821044921875, 0.0706787109375, 1.40234375, 2.283203125, 0.052764892578125, 0.7578125, 1.2001953125, 1.3193359375, 1.0283203125, 3.734375, 2.2109375, 3.025390625, 0.48583984375, 4.7421875, 0.141845703125, 0.0726318359375, 0.005916595458984375, 0.4248046875, 0.08740234375, 0.012176513671875, 0.0870361328125, 2.572265625, 2.50390625, 4.203125, 8.3671875, 3.97265625, 1.53515625, 9.140625, 0.0211944580078125, 5.98828125, 6.30859375, 5.453125, 2.841796875, 3.341796875, 7.3515625, 2.556640625, 1.2861328125, 9.703125, 0.51416015625, 0.97998046875, 2.55859375, 0.06988525390625, 6.40625, 13.46875, 6.06640625, 0.2646484375, 0.703125, 3.486328125, 10.8515625, 9.0703125, 3.365234375, 0.10565185546875, 0.008941650390625, 0.0190582275390625, 0.0121612548828125, 0.0867919921875, 0.01107025146484375, 0.1004638671875, 2.193359375, 1.244140625, 9.8671875, 13.0703125, 1.123046875, 6.859375, 6.0546875, 4.22265625, 4.15234375, 5.59765625, 3.796875, 3.6171875, 0.09747314453125, 1.8955078125, 8.953125, 5.30859375, 5.80078125, 5.82421875, 2.04296875, 7.5, 6.45703125, 0.9951171875, 3.591796875, 3.37109375, 9.2421875, 0.479736328125, 2.625, 0.025146484375, 0.00473785400390625, 0.008087158203125, 0.0127410888671875, 0.0771484375, 0.00342559814453125, 1.4208984375, 4.62890625, 6.125, 2.919921875, 1.1572265625, 10.21875, 0.70654296875, 0.038848876953125, 2.552734375, 1.47265625, 4.921875, 5.3828125, 5.671875, 0.58642578125, 8.015625, 1.09375, 1.123046875, 5.69921875, 0.1273193359375, 4.17578125, 0.87158203125, 2.96875, 0.0237274169921875, 5.39453125, 1.474609375, 0.0090179443359375, 0.006702423095703125, 0.0183258056640625, 0.00955963134765625, 0.08111572265625, 0.001674652099609375, 2.2890625, 2.435546875, 6.58203125, 4.5859375, 1.5302734375, 1.03125, 4.4765625, 0.70654296875, 7.42578125, 6.12109375, 3.509765625, 4.8828125, 3.935546875, 4.99609375, 2.236328125, 10.140625, 0.0799560546875, 0.68408203125, 1.2216796875, 8.3515625, 7.34765625, 3.27734375, 5.83984375, 0.60107421875, 5.96875, 0.0484619140625, 0.0027675628662109375, 0.01360321044921875, 0.019378662109375, 0.01349639892578125, 0.002437591552734375, 0.04620361328125, 3.8828125, 3.375, 2.73046875, 6.67578125, 3.69140625, 7.14453125, 5.82421875, 0.95751953125, 5.84375, 0.6220703125, 2.958984375, 1.0068359375, 1.66015625, 0.0333251953125, 4.55859375, 3.16015625, 0.11236572265625, 7.54296875, 1.1083984375, 1.4345703125, 1.0263671875, 0.002872467041015625, 7.9375, 0.495361328125, 0.033843994140625, 11.03125, 0.6943359375, 2.431640625, 0.0299835205078125, 0.00848388671875, 0.00745391845703125, 0.0163421630859375, 0.07086181640625, 0.0048065185546875, 0.1375732421875, 7.78515625, 3.787109375, 2.875, 3.423828125, 2.48046875, 8.984375, 0.2349853515625, 8.5, 0.015167236328125, 0.0006256103515625, 6.17578125, 1.083984375, 7.57421875, 0.033599853515625, 4.6015625, 1.203125, 0.005619049072265625, 0.0034923553466796875, 0.0018186569213867188, 0.00612640380859375, 0.03753662109375, 0.003139495849609375, 5.21875, 5.56640625, 3.390625, 0.19677734375, 2.802734375, 5.15625, 0.160888671875, 6.31640625, 4.25, 2.9921875, 2.837890625, 0.0031280517578125, 3.73828125, 0.053924560546875, 0.0089569091796875, 0.004192352294921875, 0.0259857177734375, 0.01375579833984375, 0.0128173828125, 0.11297607421875, 7.9609375, 2.591796875, 5.58203125, 7.953125, 4.6328125, 8.7734375, 5.04296875, 1.587890625, 7.29296875, 1.7470703125, 8.9453125, 1.36328125, 1.3916015625, 0.326904296875, 3.0546875, 1.6259765625, 6.8671875, 6.95703125, 2.009765625, 2.486328125, 2.861328125, 1.9111328125, 8.046875, 0.52880859375, 6.16796875, 2.408203125, 0.004009246826171875, 8.2109375, 0.384765625, 4.43359375, 7.51171875, 0.5009765625, 7.37890625, 3.708984375]",-0.7842228732891936
356,1,test,3.1791835656532874,1.331579575891349,1.8456971686971884,4.675269949490128,1.9582052586637486,2.714260542201748,24.027128968719687,17.682529397944727,20.232880357042788,35.33401318929366,26.00371970285989,29.754235819180572,2.985148895925014,1.1605158790040875,1.6766794091710056,4.117446753000019,1.600711557247017,2.3126612540289733,19.789448585267838,13.588929469343427,16.088942882427986,27.29579115209357,18.74335099219783,22.191645355073085,3.190242062045579,1.344733100718292,1.8520870193049723,4.691532444184674,1.9775486775269,2.7236573813308413,24.294307461161214,17.962986092930898,20.48230343207083,35.726922737001786,26.41615601901603,30.12103445892769,0.6884422110552764,-0.0015577889447235815,-0.006557788944723697,0.542713567839196,-0.007286432160804046,-0.007286432160804046,0.4120603015075377,-0.012939698492462348,-0.0029396984924623393,0.4147157190635451,0.0841648008665501,0.13106722073206567,0.46308724832214765,0.4120603015075377,0.06368937418924192,0.12825395760102687,0.4545454545454546,0.4046822742474916,0.07246190696869359,0.12659551117741374,0.46308724832214765,17.0,5.0,1.0,27.0,7.0,6.0,36.0,7.0,4.0,-0.0007851347513422887,-0.00012174929643787859,-8.350567952184825e-05,0.0005070350734097673,0.00010364583054389698,-4.030577335889518e-05,"[1.892578125, 5.2734375, 0.005222320556640625, 0.050323486328125, 7.68359375, 0.64111328125, 1.099609375, 0.366455078125, 1.244140625, 2.33984375, 4.94921875, 0.982421875, 1.8017578125, 2.880859375, 0.7900390625, 1.50390625, 0.06903076171875, 0.02099609375, 0.32080078125, 0.0031585693359375, 0.092529296875, 0.51171875, 6.36328125, 2.703125, 5.32421875, 4.57421875, 1.8896484375, 0.0062713623046875, 1.6474609375, 0.79833984375, 2.0546875, 6.33203125, 1.8232421875, 4.90625, 0.405029296875, 0.54541015625, 3.56640625, 4.22265625, 4.61328125, 7.13671875, 3.7734375, 0.44091796875, 1.2578125, 1.42578125, 8.96875, 0.035797119140625, 0.09490966796875, 9.5, 1.8291015625, 2.697265625, 3.21875, 3.427734375, 0.70654296875, 1.048828125, 1.68359375, 0.75439453125, 2.208984375, 1.1376953125, 0.361083984375, 4.71484375, 0.1610107421875, 4.8828125, 0.2479248046875, 4.44921875, 0.00034356117248535156, 4.11328125, 3.43359375, 1.5361328125, 1.8857421875, 12.4453125, 0.21826171875, 0.20068359375, 2.36328125, 4.60546875, 0.6171875, 6.0859375, 9.1171875, 4.59765625, 0.488037109375, 5.75390625, 0.0645751953125, 1.5302734375, 4.8203125, 3.251953125, 9.1328125, 0.07672119140625, 3.578125, 5.18359375, 2.357421875, 0.18505859375, 0.94873046875, 2.97265625, 0.0274810791015625, 10.953125, 1.302734375, 5.30078125, 6.1484375, 2.943359375, 3.0546875, 9.03125, 0.47705078125, 2.73828125, 6.26171875, 11.5390625, 4.1875, 2.513671875, 4.83203125, 4.0859375, 2.34375, 6.734375, 0.1375732421875, 5.65234375, 0.1328125, 2.1640625, 3.00390625, 4.23046875, 2.373046875, 3.087890625, 2.88671875, 3.015625, 4.01953125, 4.5, 0.1378173828125, 4.02734375, 3.0390625, 1.560546875, 8.4375, 4.859375, 3.291015625, 2.6796875, 5.46484375, 0.0187225341796875, 0.80078125, 8.171875, 1.8583984375, 4.015625, 2.158203125, 1.025390625, 8.8046875, 0.026397705078125, 4.2890625, 2.24609375, 0.00135040283203125, 2.259765625, 5.3046875, 2.0078125, 14.6484375, 1.802734375, 5.296875, 2.060546875, 5.74609375, 8.1328125, 0.3359375, 1.328125, 0.04962158203125, 0.85888671875, 5.1796875, 1.3720703125, 0.463623046875, 4.41015625, 0.105224609375, 0.032135009765625, 0.748046875, 6.02734375, 0.0102081298828125, 0.1025390625, 1.3505859375, 2.625, 6.99609375, 3.109375, 0.033905029296875, 0.53466796875, 2.916015625, 0.00254058837890625, 6.46875, 0.157958984375, 3.31640625, 1.552734375, 0.1312255859375, 0.06793212890625, 4.4609375, 0.00027561187744140625, 0.25390625, 0.0465087890625, 1.9091796875, 0.00024402141571044922, 4.34765625, 5.4140625, 6.47265625, 7.95703125, 4.84375, 5.1953125, 6.16015625, 2.998046875, 1.84765625, 6.19140625, 4.3125, 5.5078125, 0.60302734375, 3.138671875, 2.388671875, 2.001953125, 0.04376220703125, 8.7578125, 9.0625, 0.10418701171875, 6.00390625, 1.671875, 2.359375, 2.943359375, 4.80078125, 5.02734375, 8.8046875, 1.3642578125, 0.36767578125, 1.013671875, 2.09375, 5.78125, 2.763671875, 7.078125, 1.7392578125, 5.51171875, 0.0885009765625, 6.55859375, 6.1953125, 0.1478271484375, 4.1640625, 5.01171875, 3.630859375, 1.677734375, 1.5927734375, 0.0009860992431640625, 0.318603515625, 0.10186767578125, 9.7734375, 5.1953125, 0.041229248046875, 1.1787109375, 2.318359375, 13.9140625, 13.1875, 3.521484375, 5.3125, 1.3603515625, 3.08203125, 5.84375, 4.5390625, 1.5048828125, 0.0033473968505859375, 0.1761474609375, 1.33984375, 4.1015625, 4.109375, 10.6484375, 4.1015625, 5.2421875, 12.2265625, 6.73046875, 9.7265625, 0.5234375, 5.875, 3.650390625, 4.99609375, 0.78759765625, 3.435546875, 6.19921875, 8.7578125, 0.95556640625, 3.0, 10.4296875, 0.011016845703125, 1.9609375, 5.62890625, 3.19140625, 3.515625, 2.384765625, 1.8046875, 0.62060546875, 2.193359375, 5.1015625, 4.44921875, 0.00016009807586669922, 0.462890625, 5.04296875, 0.0004248619079589844, 1.23828125, 0.013671875, 9.1015625, 0.004787445068359375, 2.318359375, 0.71435546875, 0.74365234375, 3.695487976074219e-05, 0.40380859375, 4.09765625, 0.00012123584747314453, 0.07501220703125, 0.05535888671875, 6.65234375]",-0.7854115137687097
459,1,test,3.3185699279937477,1.4437421905821959,2.003181778874333,5.156272630054802,2.243233833754057,3.1124706134122704,27.620822536195565,21.10112661230078,23.894625511508075,42.91622426322859,32.78615909115552,37.126595552827055,3.26187386824258,1.2644590964670261,1.809760217366565,4.5941885468205355,1.7809283048831355,2.548958052628965,26.098396306424487,18.7284179331101,21.826261526038575,36.7583046569359,26.378053426915635,30.74121341695574,3.3185699279937477,1.4437421905821959,2.003181778874333,5.156272630054802,2.243233833754057,3.1124706134122704,27.620822536195565,21.10112661230078,23.894625511508075,42.91622426322859,32.78615909115552,37.126595552827055,0.6934673366834171,-0.0015326633165829717,-0.006532663316582865,0.592964824120603,-0.007035175879396949,0.002964824120602949,0.4974874371859297,-0.002512562814070307,0.0024874371859296973,0.45486111111111116,0.12557168303485466,0.1950458686168849,0.46341463414634143,0.4623115577889447,0.12396569312729055,0.1918608065368579,0.46464646464646464,0.45486111111111116,0.12557168303485466,0.1950458686168849,0.46341463414634143,23.0,10.0,10.0,34.0,11.0,11.0,40.0,11.0,11.0,-7.310050512071511e-05,0.00021680021016196865,-7.695463536885617e-05,-0.0003080533820964959,0.0001462546060908565,-1.7556467044599344e-06,"[2.859375, 2.21484375, 5.265625, 0.249267578125, 9.191036224365234e-05, 1.2607421875, 0.00768280029296875, 0.022796630859375, 4.796875, 8.953125, 3.07421875, 11.4765625, 12.8359375, 9.140625, 2.5546875, 2.142578125, 0.2177734375, 5.171875, 3.09375, 0.340087890625, 4.27734375, 1.8876953125, 0.5419921875, 1.1181640625, 0.468505859375, 0.039459228515625, 0.4697265625, 4.15234375, 5.75, 5.09375, 8.1640625, 4.5, 0.0863037109375, 2.734375, 3.935546875, 2.041015625, 0.87646484375, 0.822265625, 4.5703125, 1.2509765625, 4.796875, 3.884765625, 0.28271484375, 2.2578125, 4.9233436584472656e-05, 0.53564453125, 0.2061767578125, 9.484375, 1.2158203125, 4.3515625, 5.55078125, 1.5078125, 1.958984375, 0.94140625, 3.802734375, 7.62890625, 6.1484375, 2.7734375, 8.21875, 3.30859375, 1.2685546875, 3.962890625, 5.32421875, 5.953125, 3.283203125, 4.73828125, 0.0201263427734375, 4.7578125, 7.51953125, 6.62109375, 3.107421875, 6.2265625, 8.3671875, 3.79296875, 4.69140625, 0.05291748046875, 0.326416015625, 0.9267578125, 7.09765625, 0.54248046875, 3.677734375, 0.99951171875, 0.2025146484375, 4.4375, 3.76953125, 8.0546875, 0.287841796875, 6.8125, 0.4482421875, 2.25, 7.8828125, 5.19140625, 5.96484375, 0.87451171875, 4.23828125, 0.08111572265625, 4.515625, 0.01313018798828125, 0.07958984375, 0.491943359375, 2.11328125, 5.8125, 8.90625, 3.6796875, 2.62890625, 7.0625, 7.11328125, 0.93603515625, 1.6796875, 9.078125, 9.7578125, 0.23291015625, 0.0190887451171875, 0.006038665771484375, 0.0188140869140625, 0.0194854736328125, 0.0026607513427734375, 4.56640625, 4.4296875, 8.9921875, 1.7578125, 3.6484375, 4.1328125, 6.3671875, 3.33984375, 0.3486328125, 0.0125274658203125, 5.20703125, 0.90478515625, 6.2109375, 2.056640625, 3.888671875, 1.310546875, 0.1573486328125, 8.84375, 3.541015625, 1.185546875, 4.44921875, 0.031280517578125, 5.2734375, 4.44921875, 4.04296875, 2.755859375, 4.79296875, 1.0888671875, 5.12890625, 2.341796875, 4.89453125, 2.6875, 4.62890625, 2.271484375, 0.6787109375, 0.032501220703125, 6.44921875, 0.453857421875, 1.2578125, 0.00023543834686279297, 8.0234375, 4.5546875, 6.1484375, 9.015625, 0.12152099609375, 4.57421875, 0.378173828125, 1.0302734375, 0.6279296875, 3.55078125, 0.10552978515625, 6.62890625, 0.443359375, 1.6953125, 4.57421875, 4.22265625, 0.152587890625, 1.255859375, 8.5390625, 0.1549072265625, 0.445556640625, 0.01251983642578125, 0.0015249252319335938, 1.25390625, 0.027252197265625, 4.546875, 1.2392578125, 2.70703125, 0.0148468017578125, 3.400390625, 3.24609375, 8.9140625, 1.4482421875, 2.85546875, 6.41015625, 0.0013360977172851562, 9.046875, 3.83203125, 2.88671875, 8.4375, 0.68310546875, 5.44140625, 1.580078125, 1.4443359375, 9.5859375, 0.55126953125, 3.3203125, 0.0129241943359375, 0.428955078125, 0.57373046875, 0.34716796875, 0.765625, 1.412109375, 3.04296875, 3.41796875, 9.6328125, 0.048004150390625, 0.2139892578125, 10.09375, 0.08160400390625, 6.453125, 2.7421875, 0.386474609375, 0.004100799560546875, 5.48828125, 0.400634765625, 2.52734375, 7.37890625, 0.426513671875, 0.69677734375, 0.0088348388671875, 0.2479248046875, 6.640625, 10.3359375, 3.482421875, 3.61328125, 4.921875, 3.626953125, 4.015625, 5.76953125, 11.875, 0.03662109375, 2.71875, 4.49609375, 3.232421875, 1.6474609375, 4.98828125, 6.0, 5.92578125, 2.130859375, 1.13671875, 1.1806640625, 4.1796875, 2.451171875, 0.0196685791015625, 4.43359375, 0.130126953125, 0.8583984375, 5.39453125, 8.0546875, 0.8798828125, 3.181640625, 4.08984375, 1.44140625, 1.40234375, 7.65234375, 6.75, 6.75, 1.6005859375, 0.006023406982421875, 4.38671875, 0.1768798828125, 2.91796875, 5.828125, 0.08599853515625, 5.03515625, 7.6015625, 8.6953125, 0.1912841796875, 6.09765625, 2.234375, 11.0859375, 0.001110076904296875, 0.028839111328125, 4.125, 4.40625, 3.22265625, 1.189453125, 2.62109375, 6.21875, 2.736328125]",-0.8676402274933128
305,1,test,3.3393680167897126,1.4661446114401673,2.023286323960808,5.6512381822595135,2.4811678039756675,3.4240230097798285,28.201298325333653,21.692053772667414,24.472516123776412,47.72527408902618,36.70962946143716,41.41502728639085,3.224056225326193,1.3700385932767662,1.9350416333306097,4.998536783451462,2.12409084228956,3.000064547799395,25.129846048329064,18.744423714085045,21.5006375063354,38.96100162531638,29.06112203734115,33.334321715248684,3.409615388283363,1.500118222961656,2.0489916366313743,5.682692313805605,2.5001970382694267,3.41498606105229,30.253606130074946,23.503912165185582,26.354981813175243,50.422676883458244,39.17318694197597,43.92496968862541,0.6984924623115578,0.0034924623115577536,0.013492462311557762,0.5175879396984925,-0.007412060301507539,-0.007412060301507539,0.42713567839195976,-0.002864321608040288,-0.002864321608040288,0.4071661237785016,0.09984905060776983,0.1536449970179382,0.4183006535947712,0.40703517587939697,0.10377703051598841,0.15160946636353723,0.40909090909090906,0.4147157190635451,0.10419818984818618,0.16666232640503564,0.4295302013422819,23.0,6.0,2.0,34.0,6.0,3.0,40.0,3.0,1.0,-0.0004442295398240194,6.092317601119012e-05,-7.373691064672189e-09,0.0004754436609601953,7.265763014618898e-05,-6.834222911056287e-05,"[1.783203125, 4.34765625, 0.00472259521484375, 0.0274505615234375, 7.20703125, 2.59375, 2.19140625, 4.6640625, 5.70703125, 1.0185546875, 2.373046875, 0.92431640625, 0.317626953125, 0.407470703125, 1.771484375, 5.68359375, 3.623046875, 0.030487060546875, 0.30126953125, 2.779296875, 0.0567626953125, 1.455078125, 8.328125, 8.21875, 11.1015625, 1.740234375, 7.83203125, 0.2054443359375, 8.96875, 0.55322265625, 0.1405029296875, 13.390625, 0.63720703125, 5.7734375, 2.859375, 0.139404296875, 0.97314453125, 1.330078125, 1.306640625, 2.568359375, 2.873046875, 10.875, 0.0731201171875, 3.064453125, 1.4365234375, 4.2421875, 6.44140625, 6.2734375, 0.1590576171875, 9.71875, 0.00405120849609375, 0.71923828125, 3.380859375, 3.943359375, 8.2578125, 9.0078125, 1.2744140625, 2.38671875, 6.765625, 1.052734375, 7.75390625, 1.884765625, 4.16796875, 4.09375, 4.69921875, 1.7568359375, 0.112548828125, 0.313232421875, 1.96875, 1.4130859375, 0.004619598388671875, 2.662109375, 0.0084686279296875, 0.05523681640625, 6.0078125, 7.29296875, 7.21875, 1.6318359375, 2.490234375, 1.6865234375, 0.01318359375, 5.96875, 1.5654296875, 3.53515625, 7.640625, 11.8828125, 0.8466796875, 0.15771484375, 1.1748046875, 1.2255859375, 6.03515625, 3.119140625, 0.98388671875, 10.7109375, 0.352294921875, 5.4140625, 0.00043487548828125, 0.049530029296875, 0.74072265625, 2.794921875, 1.1796875, 0.0826416015625, 0.48828125, 1.3837890625, 5.66015625, 4.50390625, 1.951171875, 8.2265625, 5.7421875, 1.763671875, 2.298828125, 6.40234375, 0.004871368408203125, 4.0390625, 0.92236328125, 6.21875, 6.0703125, 4.5703125, 5.30078125, 0.428466796875, 5.17578125, 7.95703125, 5.8984375, 12.2734375, 1.08984375, 2.435546875, 2.3046875, 7.1796875, 0.1116943359375, 2.82421875, 0.69970703125, 5.8125, 1.1943359375, 4.01171875, 1.5, 7.6953125, 2.826171875, 1.6572265625, 5.015625, 3.06640625, 3.919921875, 0.671875, 11.84375, 0.01251220703125, 0.01053619384765625, 0.096923828125, 2.48046875, 0.017669677734375, 0.041748046875, 0.06219482421875, 10.1796875, 4.640625, 1.2490234375, 4.9765625, 3.32421875, 5.78515625, 5.03515625, 0.1614990234375, 4.16015625, 0.0008640289306640625, 4.12109375, 8.6796875, 2.818359375, 1.01953125, 0.7265625, 0.23046875, 3.625, 5.55078125, 2.95703125, 0.22998046875, 0.42236328125, 9.1171875, 5.74609375, 0.1942138671875, 0.85107421875, 3.01171875, 8.796875, 0.0267181396484375, 4.25390625, 0.0160064697265625, 0.1920166015625, 0.0010251998901367188, 1.5859375, 6.390625, 4.8125, 2.94140625, 0.82861328125, 5.23046875, 2.740234375, 5.31640625, 0.146240234375, 1.986328125, 1.6181640625, 1.0609626770019531e-05, 0.0655517578125, 3.3203125, 2.1457672119140625e-06, 0.0195465087890625, 3.328125, 10.5859375, 3.810546875, 0.0994873046875, 7.32421875, 0.76611328125, 9.5078125, 12.5234375, 1.3515625, 1.4091796875, 12.3984375, 2.49609375, 5.0546875, 5.78125, 0.0672607421875, 1.3564453125, 4.7109375, 7.56640625, 0.418701171875, 1.216796875, 5.16796875, 0.0155181884765625, 8.3125, 6.8359375, 1.751953125, 5.4296875, 1.2841796875, 0.0113525390625, 8.328125, 0.10369873046875, 1.8046875, 4.14453125, 2.533203125, 0.2548828125, 0.50244140625, 2.71875, 6.375, 11.09375, 0.03375244140625, 5.14453125, 2.9453125, 6.16015625, 3.861328125, 6.72265625, 0.029083251953125, 0.150390625, 4.203125, 4.86328125, 1.9013671875, 3.826618194580078e-05, 3.162109375, 3.421875, 0.0026454925537109375, 0.57568359375, 0.1331787109375, 8.4375, 5.66015625, 4.0625, 2.12890625, 6.1953125, 8.6796875, 2.60546875, 0.82373046875, 0.1939697265625, 7.57421875, 5.38671875, 2.541015625, 7.125, 3.790855407714844e-05, 0.31982421875, 0.9873046875, 2.240234375, 0.0010242462158203125, 2.205078125, 6.59375, 0.028228759765625, 5.8671875, 0.6328125, 6.65234375, 2.4921875, 1.396484375, 4.8359375, 7.83984375, 5.0703125, 5.77734375, 5.0, 0.353271484375, 0.11566162109375, 6.078125, 9.015625, 0.007534027099609375, 8.40625, 11.9296875, 5.35546875, 6.37890625, 7.87109375, 2.78125, 4.9114227294921875e-05, 4.12890625, 0.99951171875, 8.58306884765625e-06, 0.7041015625, 1.5869140625, 1.6808509826660156e-05, 0.96923828125, 1.53515625, 2.574920654296875e-05, 0.38037109375, 0.53515625]",-0.6948603081004241
370,1,test,3.184891466508832,1.3525762704380773,1.8739937433722424,5.146208810291107,2.1855187194649153,3.0280350881607982,24.16466558799671,17.916329539443357,20.455163264034493,39.04573083710203,28.949549425315254,33.051845726067036,3.2338292263261037,1.3449138987004456,1.870087169522616,4.7556312151854465,1.9778145569124201,2.7501281904744355,25.37664407322369,18.76445134604152,21.46584368154098,37.31859422532895,27.59478139123752,31.567417178736733,3.1837343069545008,1.3668429458350464,1.8781834936978523,5.144339049655295,2.2085710876204705,3.034804967217999,24.13671938655971,17.98401722540011,20.446998505299092,39.00057482800044,29.058920488499613,33.038652952065206,0.6884422110552764,-0.0015577889447235815,0.01344221105527632,0.5527638190954773,-0.012236180904522609,-0.012236180904522609,0.457286432160804,0.01228643216080405,0.01228643216080405,0.4140350877192982,0.09999999999999998,0.16491228070175434,0.4014084507042254,0.4120603015075377,0.10050251256281406,0.15745393634840876,0.40909090909090906,0.4140350877192982,0.10350877192982455,0.1625730994152046,0.40492957746478875,27.0,18.0,18.0,34.0,20.0,20.0,45.0,20.0,19.0,0.0006081916420795103,0.0002678448801381893,-0.00013838878004517884,-0.018871814235471795,-0.02070262419008806,-0.016657093036730686,"[7.05859375, 1.3818359375, 0.337890625, 0.05712890625, 0.8857421875, 0.1341552734375, 0.1402587890625, 4.0531158447265625e-06, 1.1328125, 0.0028858184814453125, 0.0234375, 2.416015625, 9.921875, 0.33935546875, 8.1015625, 1.55078125, 4.328125, 7.28515625, 0.2188720703125, 0.226806640625, 1.0732421875, 3.900390625, 2.169921875, 0.0009598731994628906, 2.720703125, 8.2578125, 3.5078125, 2.546875, 0.0009441375732421875, 4.1171875, 7.546875, 7.2890625, 2.2421875, 6.02734375, 7.82421875, 9.4375, 0.0240936279296875, 4.6953125, 1.443359375, 4.10546875, 1.1298828125, 5.5703125, 5.1875, 0.34130859375, 9.4140625, 4.0546875, 7.9921875, 1.3662109375, 4.78125, 6.28125, 1.744140625, 0.19384765625, 2.34375, 3.224609375, 0.9453125, 3.64453125, 2.6484375, 1.2353515625, 6.421875, 3.267578125, 0.48681640625, 0.4521484375, 9.09375, 5.2265625, 8.25, 5.25, 5.58203125, 0.1109619140625, 0.410888671875, 9.2265625, 7.16796875, 9.53125, 9.734375, 2.2421875, 4.21875, 7.5078125, 4.625, 1.619140625, 3.123046875, 4.78515625, 0.076904296875, 0.311767578125, 2.634765625, 1.685546875, 8.2578125, 0.024017333984375, 4.2890625, 0.261474609375, 1.7802734375, 1.6669921875, 2.1875, 5.90625, 2.330078125, 3.998046875, 1.41015625, 1.689453125, 8.7421875, 0.0718994140625, 6.19140625, 3.201171875, 1.8974609375, 3.052734375, 1.162109375, 0.017822265625, 2.34765625, 0.8310546875, 7.265625, 0.78857421875, 3.228515625, 0.018035888671875, 6.546875, 4.12109375, 0.84033203125, 0.8662109375, 0.0003643035888671875, 1.4208984375, 0.07989501953125, 1.56640625, 2.318359375, 4.41015625, 3.775390625, 7.44921875, 1.7314453125, 1.3701171875, 9.3828125, 12.3359375, 2.78125, 6.078125, 5.453125, 3.162109375, 0.69189453125, 3.365234375, 8.9296875, 3.27734375, 4.90234375, 0.12493896484375, 6.5546875, 5.59375, 4.1328125, 7.0390625, 6.58984375, 3.63671875, 0.037567138671875, 0.2142333984375, 0.36865234375, 2.900390625, 8.59375, 1.34375, 7.03515625, 0.04119873046875, 5.63671875, 10.0546875, 0.1849365234375, 3.96484375, 0.357421875, 1.2216796875, 0.45947265625, 5.22265625, 0.385009765625, 0.0396728515625, 0.260498046875, 0.0343017578125, 0.0203094482421875, 0.00038433074951171875, -0.0, 1.1920928955078125e-07, 2.944469451904297e-05, 2.86102294921875e-06, 8.344650268554688e-07, 0.0222015380859375, 2.150390625, 0.880859375, 2.998046875, 2.939453125, 4.1171875, 4.37109375, 5.21875, 0.73876953125, 0.89892578125, 8.9765625, 1.349609375, 4.98828125, 1.2958984375, 2.28125, 0.0012979507446289062, 2.505859375, 0.6298828125, 5.24609375, 9.890625, 3.3125, 8.1875, 4.28125, 3.41015625, 0.2161865234375, 4.21875, 0.0011014938354492188, 7.6171875, 0.28076171875, 0.0040130615234375, 0.01274871826171875, 0.00882720947265625, 0.0005202293395996094, 0.0002627372741699219, 0.00041866302490234375, 0.0019102096557617188, 0.00644683837890625, 0.8212890625, 5.21875, 0.336669921875, 1.71875, 6.234375, 0.377685546875, 0.98681640625, 10.9609375, 2.673828125, 7.00390625, 0.8935546875, 6.94921875, 0.94677734375, 0.767578125, 3.396484375, 0.0550537109375, 5.39453125, 6.16015625, 2.166015625, 5.65234375, 1.236328125, 3.34765625, 0.196044921875, 5.7109375, 9.0234375, 2.73046875, 6.3515625, 0.25146484375, 0.044342041015625, 3.052734375, 3.384765625, 1.388671875, 2.544921875, 4.172325134277344e-06, 2.19921875, 0.328857421875, 1.1962890625, 0.85205078125, 2.07421875, 7.79296875, 5.23046875, 0.177734375, 1.548828125, 0.7919921875, 2.3515625, 6.33203125, 3.8984375, 2.9296875, 1.185546875, 7.74609375, 7.2734375, 2.73046875, 0.013275146484375, 8.4453125, 7.0859375, 0.446533203125, 2.390625, 9.671875, 6.22265625, 1.826171875, 2.30859375, 6.578125, 2.84375, 0.52099609375, 3.09765625, 2.03515625, 4.4140625, 8.1796875, 4.70703125, 5.05078125, 1.0625, 1.4892578125, 0.0011148452758789062, 8.4375, 2.740234375, 1.576171875, 2.943359375, 4.59765625, 0.1893310546875]",-1.1294248062267638
330,1,test,3.3990671639024774,1.4395023000269962,1.9869089792086225,5.991945320981931,2.537584182739897,3.5025639056562254,29.936161486318138,22.839922922819277,25.831356708130155,52.77207954318903,40.26268463958527,45.5360454790756,3.446549897816912,1.4013442814037096,1.9565797103049265,5.650081799699856,2.297285707219196,3.207507721811355,31.391899998870134,23.66115205570631,26.954936758751657,51.462131145688744,38.788773861813624,44.18842091598632,3.4033782891113393,1.4379883940196136,1.995235599025669,5.999545060933451,2.534915438175601,3.5172422418721725,30.065498620729212,22.927803620783266,25.977143614906296,53.00007769679829,40.41760253663717,45.79304162884124,0.7135678391959799,-0.006432160804020093,-0.006432160804020093,0.5979899497487438,-0.012010050251256232,-0.0020100502512562235,0.4773869346733668,-0.022613065326633208,-0.027613065326633213,0.44890510948905105,0.12103625703003462,0.16977889589681805,0.4578754578754579,0.4371859296482412,0.1063588619790683,0.15838793298713938,0.4545454545454546,0.45255474452554745,0.12468589206653102,0.17342853093331445,0.46886446886446886,23.0,8.0,8.0,36.0,12.0,10.0,45.0,10.0,10.0,0.0003962333161387066,-9.664999565043049e-05,-9.547834805946757e-05,-0.000211034476049754,0.00020048395678795572,4.730815085896012e-05,"[2.88671875, 1.2119140625, 0.349609375, 0.021087646484375, 0.0001302957534790039, 1.0205078125, 0.00885009765625, 0.0287628173828125, 12.625, 3.052734375, 6.47265625, 7.1953125, 2.443359375, 3.021484375, 6.05859375, 5.8515625, 5.125, 0.91064453125, 0.861328125, 7.44140625, 0.1534423828125, 0.66943359375, 6.66015625, 0.448974609375, 2.23046875, 8.8125, 0.6533203125, 1.7255859375, 9.1484375, 0.3662109375, 4.546875, 0.23193359375, 4.171875, 1.0166015625, 1.3709068298339844e-05, 0.01451873779296875, 0.400146484375, 0.11907958984375, 0.209716796875, 1.6123046875, 6.61328125, 5.8125, 1.36328125, 4.88671875, 1.3232421875, 4.91796875, 0.91650390625, 2.08984375, 0.10577392578125, 6.83984375, 0.131103515625, 1.490234375, 0.36181640625, 1.5439453125, 10.0078125, 1.9990234375, 3.1640625, 2.9609375, 4.66015625, 10.9921875, 2.900390625, 4.84375, 0.00103759765625, 0.1881103515625, 0.7275390625, 2.4199485778808594e-05, 3.630859375, 0.619140625, 4.8203125, 9.0390625, 3.525390625, 1.326171875, 1.90625, 6.98046875, 11.46875, 3.78515625, 4.15625, 9.8125, 3.533203125, 4.921875, 0.01496124267578125, 6.15234375, 1.3623046875, 3.171875, 0.0787353515625, 0.22265625, 3.115234375, 3.90625, 6.94921875, 4.43359375, 7.01953125, 2.537109375, 2.875, 6.7421875, 12.8046875, 6.01953125, 6.83984375, 5.5625, 4.71875, 1.5087890625, 4.58984375, 6.734375, 2.390625, 3.447265625, 5.73828125, 2.474609375, 2.2265625, 3.48828125, 5.48046875, 4.75, 5.90625, 1.9794921875, 5.3359375, 2.26171875, 9.21875, 5.52734375, 3.919921875, 2.4140625, 4.8279762268066406e-05, 2.412109375, 2.775390625, 0.00373077392578125, 0.00022864341735839844, 3.58203125, 1.666015625, 3.612041473388672e-05, 1.4609375, 3.125, 0.0033054351806640625, 4.76837158203125e-07, 1.14453125, 0.2802734375, 3.96484375, 8.203125, 5.6171875, 0.0039043426513671875, 0.1580810546875, 5.87890625, 7.6328125, 6.59375, 1.3984375, 6.65234375, 4.1796875, 1.5302734375, 7.046875, 4.390625, 0.08355712890625, 0.29150390625, 0.01076507568359375, 1.912109375, 1.599609375, 12.203125, 0.583984375, 0.21142578125, 5.9609375, 2.76953125, 3.453125, 3.431640625, 7.40234375, 0.0049285888671875, 1.9794921875, 5.14453125, 1.8603515625, 1.3876953125, 5.98046875, 4.23828125, 0.70751953125, 0.0006704330444335938, 0.050262451171875, 5.3125, 6.2265625, 8.53125, 5.73046875, 3.294921875, 10.6640625, 1.150390625, 0.265625, 8.1015625, 3.41015625, 5.45703125, 2.09375, 2.49609375, 2.826171875, 0.74560546875, 3.84375, 0.0748291015625, 4.12890625, 2.689453125, 0.7109375, 9.765625, 0.07666015625, 8.2578125, 8.2421875, 6.5625, 4.56640625, 1.3857421875, 4.01171875, 3.576171875, 2.2172927856445312e-05, 1.5400390625, 0.72802734375, 6.67572021484375e-05, 1.271484375, 0.38818359375, 3.8515625, 5.7421875, 0.479736328125, 5.1796875, 0.0970458984375, 2.234375, 1.134765625, 2.927734375, 5.3359375, 5.2734375, 0.340087890625, 12.4140625, 4.546875, 1.5458984375, 7.1640625, 5.62109375, 1.3603515625, 9.25, 2.5625, 6.8359375, 6.72265625, 1.1279296875, 6.69921875, 3.927734375, 3.68359375, 6.25390625, 2.572265625, 6.318092346191406e-06, 0.853515625, 0.9267578125, 5.4955482482910156e-05, 4.296875, 0.21533203125, 3.57421875, 0.411865234375, 3.765625, 0.3212890625, 3.3515625, 1.619140625, 0.607421875, 8.28125, 0.169921875, 1.8818359375, 3.6796875, 2.2890625, 5.8359375, 4.78515625, 6.74609375, 1.0966796875, 0.94189453125, 7.71875, 0.1783447265625, 2.39453125, 5.48828125, 1.2197265625, 7.13671875, 0.0015325546264648438, 1.033203125, 8.6796875, 1.80859375, 5.4140625, 0.00717926025390625, 2.701171875, 1.50390625, 0.08331298828125, 6.01953125, 0.04644775390625, 9.421875, 2.4921875, 4.296875]",-0.6984455581129034
403,1,test,3.973415059201858,1.8570600488542288,2.5418085185860484,6.6142823851348,3.0913255691292956,4.231181253499946,53.16578547076544,44.864959616657586,48.9803676334258,88.50158191170101,74.68374375211903,81.5343924629588,4.205757020705908,1.9503570048103804,2.675000923698832,6.729211233129453,3.1205712076966083,4.28000147791813,67.07135285540109,57.53224451337592,62.449682923029194,107.31416456864174,92.05159122140148,99.91949267684672,3.973415059201858,1.8570600488542288,2.5418085185860484,6.6142823851348,3.0913255691292956,4.231181253499946,53.16578547076544,44.864959616657586,48.9803676334258,88.50158191170101,74.68374375211903,81.5343924629588,0.7437185929648241,-0.016281407035175888,-0.026281407035175897,0.6934673366834171,0.008467336683417037,-0.006532663316582865,0.5678391959798995,-0.012160804020100557,-0.012160804020100557,0.4338235294117647,0.10354830005396654,0.1783223069178772,0.39852398523985244,0.4371859296482412,0.10385259631490784,0.17174352564156337,0.4292929292929293,0.4338235294117647,0.10354830005396654,0.1783223069178772,0.39852398523985244,29.0,-2.0,0.0,40.0,0.0,-2.0,52.0,1.0,2.0,0.0007768257310213452,0.0005190502350924453,5.7028251927334114e-05,-0.00019717463232815646,0.00020823100688893703,5.431726479621091e-05,"[10.3359375, 0.07293701171875, 0.006427764892578125, 1.0712890625, 3.55078125, 8.765625, 0.33642578125, 5.85546875, 1.9072265625, 6.96875, 8.59375, 1.359375, 7.625, 0.10345458984375, 10.7109375, 8.921875, 2.154296875, 4.22265625, 7.734375, 9.1796875, 2.697265625, 1.458984375, 2.939453125, 1.3828125, 6.8671875, 0.61181640625, 0.74755859375, 0.47119140625, 10.2890625, 6.31640625, 2.166015625, 6.99609375, 7.76953125, 7.51953125, 2.11328125, 2.17578125, 6.41796875, 2.8828125, 7.60546875, 4.046875, 1.8154296875, 2.072265625, 3.981590270996094e-05, 0.0938720703125, 2.361328125, 3.642578125, 5.9765625, 3.318359375, 9.5625, 1.45703125, 9.125, 2.63671875, 7.515625, 3.05859375, 2.919921875, 0.791015625, 0.264404296875, 8.828125, 0.352294921875, 2.19921875, 8.7734375, 2.767578125, 7.671875, 2.365234375, 5.90625, 0.08404541015625, 0.032623291015625, 3.486328125, 9.4921875, 0.468017578125, 3.455078125, 4.8203125, 6.81640625, 11.3671875, 0.410400390625, 3.853515625, 6.6875, 4.046875, 1.5634765625, 3.31640625, 0.96533203125, 4.15234375, 5.67578125, 11.09375, 3.423828125, 0.6669921875, 4.2109375, 0.01198577880859375, 0.005908966064453125, 9.125, 5.53125, 4.515625, 8.7109375, 0.482177734375, 2.83203125, 2.939453125, 1.8154296875, 8.078125, 0.5595703125, 5.33984375, 5.22265625, 0.6337890625, 4.69921875, 7.46484375, 5.6328125, 1.966796875, 5.3359375, 7.12109375, 10.0078125, 0.01285552978515625, 0.95703125, 7.34765625, 2.271484375, 11.2578125, 0.2479248046875, 7.91015625, 9.390625, 7.72265625, 1.640625, 2.955078125, 8.046875, 3.47265625, 0.2474365234375, 6.24609375, 8.8671875, 0.0084228515625, 0.0018625259399414062, 6.06640625, 7.01171875, 1.296875, 1.8505859375, 7.51171875, 4.99609375, 4.375, 1.5380859375, 11.2578125, 3.0703125, 0.444091796875, 5.19140625, 9.515625, 3.005859375, 1.8955078125, 3.1328125, 8.046875, 1.9794921875, 4.9375, 0.004764556884765625, 0.2841796875, 7.25390625, 2.595703125, 8.625, 2.404296875, 9.3203125, 9.8046875, 6.64453125, 0.85498046875, 6.453125, 8.1796875, 9.1328125, 0.01428985595703125, 0.0051727294921875, 2.955078125, 1.142578125, 0.423583984375, 3.8046875, 3.447265625, 4.02734375, 4.1328125, 0.01441192626953125, 7.58203125, 6.36328125, 0.434814453125, 4.8359375, 5.16015625, 9.2578125, 10.0546875, 3.662109375, 4.3125, 0.5947265625, 2.138671875, 0.0305938720703125, 3.5546875, 2.2265625, 3.73046875, 0.049346923828125, 7.38671875, 6.759166717529297e-05, 5.08984375, 4.71875, 0.2457275390625, 9.921875, 3.9609375, 0.6005859375, 0.759765625, 0.032745361328125, 6.33984375, 7.64453125, 4.80859375, 3.984375, 5.98046875, 3.087890625, 1.1650390625, 4.59375, 7.203125, 1.3798828125, 10.0625, 3.93359375, 0.200439453125, 1.736328125, 1.6298828125, 2.46484375, 10.40625, 4.76171875, 8.2734375, 0.70654296875, 7.7890625, 1.3173828125, 5.828125, 2.33203125, 8.0703125, 0.1912841796875, 5.79296875, 8.4609375, 1.2783203125, 6.22265625, 0.2041015625, 3.7890625, 0.03533935546875, 0.005584716796875, 1.3798828125, 3.98828125, 1.1259765625, 7.73046875, 0.324462890625, 7.5390625, 0.611328125, 7.06640625, 0.97705078125, 0.1666259765625, 2.310546875, 0.55126953125, 0.016357421875, 0.351806640625, 0.505859375, 8.734375, 0.287841796875, 0.25537109375, 6.86328125, 2.275390625, 7.734375, 5.48046875, 0.0003540515899658203, 0.165283203125, 1.4931640625, 4.887580871582031e-06, 0.08612060546875, 0.2276611328125, 6.6796875, 1.482421875, 9.5, 9.28125, 0.83056640625, 3.806640625, 0.52880859375, 3.76171875, 2.408203125, 3.671875, 2.59375, 3.75390625, 0.223388671875, 1.68359375, 0.126708984375]",-0.9987681683372047
75,1,test,2.9013969756481126,1.2588072131360681,1.7500044311473864,5.485974741311661,2.380158466217048,3.3089164244108624,18.19955195000477,13.031014470565339,15.036958052571935,34.41179650316994,24.639102073655152,28.431949421242336,3.0429178045023626,1.2210898553632528,1.7566811402127385,4.717702022484283,1.8931625664546554,2.7235366514926174,20.966329723804257,14.783179112976894,17.347188870639975,32.50593755628567,22.919657539499063,26.89486646610849,2.749033050792273,1.2092849982684641,1.66222559600628,5.390260883906417,2.3711470554283607,3.259265874522117,15.627513564182722,10.964098376904936,12.662719854778889,30.64218345918181,21.498232111578304,24.828862460350763,0.6532663316582914,-0.011733668341708636,0.003266331658291377,0.5477386934673367,-0.007261306532663214,-0.007261306532663214,0.457286432160804,0.007286432160804046,0.01228643216080405,0.4359756097560976,0.13917195678806105,0.20169569089200023,0.4525993883792049,0.44723618090452266,0.12142164456367055,0.1968188186340719,0.4797979797979798,0.4180602006688964,0.12757606043517355,0.18669201379459155,0.4161073825503355,26.0,14.0,14.0,39.0,15.0,16.0,46.0,13.0,12.0,0.00043568019553037957,-5.95663048803585e-05,0.00016029664089556737,-0.004283012838283362,-0.003505015174519066,-0.004330138411220652,"[2.88671875, 1.2119140625, 0.349609375, 0.021087646484375, 0.0001302957534790039, 1.0205078125, 0.00885009765625, 0.0287628173828125, 1.6259765625, 7.05078125, 1.54296875, 0.046600341796875, 10.5859375, 1.271484375, 0.43994140625, 7.5, 6.45703125, 2.5546875, 3.646484375, 2.521484375, 4.03515625, 0.06744384765625, 1.4267578125, 6.31640625, 2.603515625, 3.111328125, 0.04644775390625, 0.96142578125, 3.931640625, 3.29296875, 2.796875, 4.5, 7.38671875, 5.45703125, 7.7734375, 1.1435546875, 7.46484375, 7.1171875, 5.69140625, 3.041015625, 3.26953125, 0.005084991455078125, 0.0131072998046875, 1.322265625, 7.28125, 3.45703125, 0.148193359375, 3.4296875, 0.0008764266967773438, 4.578125, 3.416015625, 2.109375, 6.703125, 3.669921875, 1.8427734375, 4.87890625, 2.3359375, 6.61328125, 6.58984375, 1.1123046875, 4.9765625, 4.68359375, 0.01415252685546875, 0.26904296875, 0.356689453125, 10.03125, 2.2890625, 5.83984375, 2.337890625, 3.279296875, 1.712890625, 5.6796875, 1.193359375, 1.2783203125, 1.658203125, 7.5625, 5.82421875, 1.6845703125, 0.130859375, 0.063720703125, 0.0206756591796875, 7.939338684082031e-05, 2.90625, 0.408447265625, 7.94140625, 10.46875, 0.61376953125, 0.0014629364013671875, 0.00992584228515625, 0.003223419189453125, 5.960464477539062e-07, 3.142578125, 1.37109375, 6.94921875, 0.67041015625, 7.078125, 9.0703125, 2.8359375, 0.95068359375, 0.76220703125, 6.3203125, 4.13671875, 5.88671875, 3.548828125, 1.251953125, 3.28515625, 1.591796875, 6.83984375, 3.71484375, 6.75390625, 5.75390625, 0.1815185546875, 7.44921875, 2.328125, 0.87109375, 3.962890625, 4.98046875, 1.2431640625, 3.244140625, 0.0024776458740234375, 0.00041794776916503906, 0.1329345703125, 4.90625, 5.30078125, 1.2119140625, 2.0546875, 6.484375, 3.849609375, 0.031494140625, 0.00020074844360351562, 6.5703125, 0.21923828125, 9.3125, 0.6904296875, 0.453125, 0.0007381439208984375, 0.002552032470703125, 0.0032176971435546875, 1.1920928955078125e-07, 4.32421875, 0.175048828125, 8.671875, 6.796875, 0.2318115234375, 0.0006513595581054688, 0.001880645751953125, 0.00374603271484375, 1.7881393432617188e-06, 5.15234375, 2.18359375, 5.9765625, 0.8994140625, 0.921875, 4.51953125, 0.09503173828125, 8.1171875, 0.7509765625, 4.20703125, 7.2265625, 4.23828125, 3.39453125, 1.5693359375, 0.004138946533203125, 0.0008859634399414062, 0.052001953125, 5.55859375, 6.01171875, 9.9296875, 2.263671875, 7.453125, 6.6328125, 5.78515625, 0.7265625, 0.00013911724090576172, 5.4375, 0.1651611328125, 5.18359375, 3.943359375, 3.45703125, 1.71661376953125e-05, 4.55859375, 3.154296875, 0.2420654296875, 7.66796875, 0.73193359375, 2.3828125, 5.6171875, 3.203125, 0.06085205078125, 2.0859375, 5.25, 6.9765625, 4.71875, 0.6201171875, 1.8037109375, 0.004932403564453125, 0.00202178955078125, 0.02484130859375, 4.4140625, 5.7734375, 1.3427734375, 11.734375, 5.01171875, 10.421875, 0.06976318359375, 2.467632293701172e-05, 3.607421875, 0.10772705078125, 8.1171875, 0.09423828125, 0.254638671875, 6.80685043334961e-05, 0.0004127025604248047, 0.0030517578125, 1.1920928955078125e-07, 0.57275390625, 0.18603515625, 3.37109375, 0.06915283203125, 0.187255859375, 4.076957702636719e-05, 0.0007801055908203125, 0.003627777099609375, 8.344650268554688e-07, 0.15576171875, 0.412841796875, 10.9453125, 2.349609375, 2.78125, 4.8984375, 0.89013671875, 0.17578125, 0.405517578125, 1.609325408935547e-05, 4.546875, 0.1868896484375, 8.625, 0.0077972412109375, 0.12548828125, 0.90673828125, 0.00013196468353271484, 0.0009579658508300781, 0.022552490234375, 1.5497207641601562e-06, 5.29296875, 3.087890625, 9.5546875, 5.59765625, 0.493408203125, 0.228759765625, 0.1661376953125, 0.513671875, 5.07421875, 0.07781982421875, 3.919921875, 10.0078125, 1.4287109375, 3.1796875, 2.755859375, 6.53125, 4.76171875, 1.1123046875, 5.21875, 2.37890625, 1.203125, 4.99609375, 0.748046875, 0.34326171875, 0.814453125, 10.375, 0.0270233154296875, 0.05462646484375, 7.712841033935547e-05, 4.06640625, 0.240478515625, 4.51171875, 0.01261138916015625, 0.046295166015625, 0.91064453125, 4.553794860839844e-05, 0.0016393661499023438, 0.00379180908203125, 2.6226043701171875e-06, 1.630859375, 0.09869384765625, 3.60546875, 0.018524169921875, 0.020172119140625, 3.390625, 1.704692840576172e-05, 4.90625, 0.11212158203125, 4.3125, 0.0010824203491210938, 0.439453125, 6.318092346191406e-06, 0.2060546875, 3.248046875, 1.6240234375, 5.296875, 3.20703125, 7.21875, 3.271484375, 2.3515625, 1.994140625, 10.1015625, 1.3046875, 4.06640625, 0.0184478759765625, 0.104736328125, 8.0078125, 2.8125, 5.4453125, 9.15625, 2.830078125, 4.8984375, 1.724609375, 4.55859375, 6.9765625, 6.09765625, 0.283935546875, 0.319580078125, 8.5625, 4.4140625, 4.12890625, 11.8203125, 3.224609375, 7.8046875]",-0.6721136711719558
106,1,test,3.181537970252659,1.382546361676083,1.9091656565291524,5.341127380363555,2.321002073844091,3.2050841627792437,24.083765197810212,18.040215071246845,20.51445514811346,40.431533089657144,30.285694392335614,34.439418642590475,3.38582642773288,1.404393576338265,1.9771737022106524,5.130040042019515,2.1278690550579773,2.9957177306222005,29.542397286869104,22.2892690888644,25.45195654326112,44.76120801040773,33.771619831612725,38.5635705200926,3.181537970252659,1.382546361676083,1.9091656565291524,5.341127380363555,2.321002073844091,3.2050841627792437,24.083765197810212,18.040215071246845,20.51445514811346,40.431533089657144,30.285694392335614,34.439418642590475,0.7035175879396984,0.0035175879396984744,-0.026482412060301552,0.5778894472361809,-0.002110552763819218,-0.012110552763819227,0.5025125628140703,0.002512562814070307,-0.01748743718592971,0.42028985507246375,0.09840920407788867,0.16366334904836732,0.41454545454545455,0.4522613065326633,0.12394050452765071,0.18181055528057644,0.48484848484848486,0.42028985507246375,0.09840920407788867,0.16366334904836732,0.41454545454545455,20.0,9.0,8.0,31.0,11.0,10.0,43.0,18.0,15.0,0.00042732887035422227,4.183950315698875e-06,-5.8205315950105145e-05,-0.00022489431977135155,0.00019273690668875076,4.029903692170933e-05,"[2.859375, 1.2138671875, 0.351806640625, 0.0308380126953125, 0.0001201629638671875, 1.1474609375, 0.00901031494140625, 0.0285186767578125, 5.59765625, 1.8916015625, 0.0850830078125, 4.515625, 1.4609375, 3.8046875, 0.016021728515625, 5.79296875, 1.82421875, 0.548828125, 10.9609375, 0.95068359375, 2.626953125, 3.001953125, 1.2177734375, 13.9296875, 1.6669921875, 4.55078125, 6.16796875, 6.1015625, 4.22265625, 4.42578125, 6.3671875, 8.0390625, 0.5625, 4.7890625, 5.0546875, 3.298828125, 3.193359375, 8.84375, 5.6171875, 11.140625, 2.228515625, 1.3779296875, 1.0107421875, 0.2822265625, 3.33984375, 0.0007586479187011719, 0.11029052734375, 0.93798828125, 7.53515625, 2.8984375, 1.291015625, 2.0859375, 0.036956787109375, 4.71484375, 4.1015625, 0.127197265625, 0.9189453125, 4.46484375, 0.09033203125, 1.8720703125, 1.2470703125, 0.57177734375, 2.189453125, 8.140625, 0.9638671875, 0.1180419921875, 3.95703125, 3.583984375, 6.8828125, 0.40234375, 2.3671875, 4.63671875, 0.65673828125, 3.794921875, 5.20703125, 0.312744140625, 0.428466796875, 6.421875, 0.29296875, 4.3515625, 9.078125, 2.697265625, 0.053863525390625, 7.70703125, 3.787109375, 0.442138671875, 0.038299560546875, 5.046875, 0.51318359375, 0.05291748046875, 5.44921875, 9.7421875, 1.8671875, 0.27685546875, 3.806640625, 0.646484375, 14.125, 2.064453125, 6.25390625, 2.31640625, 6.4609375, 0.95556640625, 0.7333984375, 7.390625, 0.1727294921875, 6.8515625, 7.921875, 0.00954437255859375, 7.4609375, 0.1302490234375, 4.171875, 4.5703125, 3.201171875, 4.80078125, 1.169921875, 2.09765625, 8.9921875, 2.455078125, 1.771484375, 2.73046875, 5.671875, 6.28515625, 3.173828125, 5.16015625, 1.5263671875, 5.21484375, 0.8525390625, 2.111328125, 7.4609375, 0.06884765625, 6.75390625, 0.053466796875, 2.7109375, 3.177734375, 5.6171875, 2.751953125, 1.1484375, 2.220703125, 0.29541015625, 1.626953125, 4.7734375, 1.5859375, 6.40234375, 4.82421875, 3.31640625, 5.15234375, 2.1875, 1.7197265625, 0.0018701553344726562, 9.78125, 3.044921875, 8.3984375, 0.07745361328125, 3.869140625, 3.318359375, 7.73828125, 0.4697265625, 0.09796142578125, 3.28515625, 4.4453125, 4.2109375, 3.06640625, 4.9921875, 4.83203125, 7.76953125, 5.98828125, 5.921875, 8.171875, 5.1484375, 2.66796875, 0.08770751953125, 1.404296875, 1.666015625, 8.1328125, 4.8046875, 3.75390625, 0.5302734375, 5.328125, 4.83984375, 2.474609375, 6.79296875, 0.26025390625, 8.765625, 0.432373046875, 5.14453125, 5.390625, 7.60546875, 0.11944580078125, 1.447265625, 4.79296875, 0.638671875, 10.3515625, 6.12109375, 5.33984375, 7.152557373046875e-06, 0.453125, 1.662109375, 3.361701965332031e-05, 0.1875, 0.247314453125, 2.330078125, 0.00013136863708496094, 2.783203125, 8.90625, 0.1011962890625, 3.53125, 8.4296875, 0.1728515625, 1.2060546875, 0.1004638671875, 0.5009765625, 9.3828125, 0.297607421875, 7.51953125, 3.666015625, 0.025970458984375, 0.54296875, 0.78955078125, 0.5205078125, 9.5234375, 1.89453125, 0.12371826171875, 5.0390625, 1.02734375, 3.9765625, 0.06304931640625, 7.12890625, 3.958984375, 1.341796875, 4.59375, 0.302734375, 2.255859375, 3.314453125, 6.93359375, 0.298583984375, 0.07464599609375, 1.48046875, 0.86962890625, 7.02734375, 1.6025390625, 2.3828125, 8.4296875, 0.28515625, 2.34375, 0.2169189453125, 1.7490234375, 6.37890625, 3.099609375, 2.1875, 2.095703125, 4.18359375, 0.153076171875, 0.001239776611328125, 0.31591796875, 1.908203125, 4.09375, 2.146484375, 2.314453125, 3.107421875, 2.751953125, 0.525390625, 3.45703125, 2.7578125, 4.92578125, 1.7705078125, 1.419921875, 5.57421875, 0.033294677734375, 2.927734375, 0.01551055908203125, 0.00689697265625, 2.580078125, 0.6015625, 1.6611328125, 1.8447265625, 0.427734375]",-1.0794407284778096
186,1,test,2.8612554463473234,1.2056711514777743,1.6493218051269447,4.9356656449491325,2.07978273629916,2.8450801138439794,17.483462713505553,12.247324236114972,14.123487351471127,30.158973180797076,21.126634307298325,24.363015681287692,2.843250444186992,1.1091720512403613,1.5796828182082387,4.374231452595372,1.7064185403697865,2.4302812587819056,17.171489893134066,11.507784206438512,13.633468558076515,26.417676758667792,17.704283394520786,20.974567012425407,2.8612554463473234,1.2056711514777743,1.6493218051269447,4.9356656449491325,2.07978273629916,2.8450801138439794,17.483462713505553,12.247324236114972,14.123487351471127,30.158973180797076,21.126634307298325,24.363015681287692,0.6834170854271358,-0.0015829145728643024,0.003417085427135813,0.5678391959798995,0.01783919597989947,0.047839195979899496,0.39698492462311563,-0.0030150753768843908,0.0019849246231156137,0.42181818181818187,0.09876918000329982,0.15337803671540073,0.45985401459854014,0.42211055276381915,0.09128348509464623,0.13997365793911132,0.4696969696969697,0.42181818181818187,0.09876918000329982,0.15337803671540073,0.45985401459854014,23.0,13.0,13.0,32.0,17.0,16.0,42.0,18.0,17.0,-0.00012714365169348122,-0.00025808042353959857,-2.3540874965092155e-05,-0.005892599025992595,-0.005047882736693765,-0.005540463720799416,"[2.859375, 3.21484375, 0.217529296875, 0.020843505859375, 4.184246063232422e-05, 1.068359375, 0.0114898681640625, 0.01314544677734375, 5.5703125, 3.544921875, 3.064453125, 5.21484375, 0.5810546875, 0.328125, 1.806640625, 0.094970703125, 0.0029449462890625, 4.017353057861328e-05, 1.875, 0.0003304481506347656, 0.00024330615997314453, 4.58203125, 2.896484375, 0.0665283203125, 0.92578125, 5.5703125, 5.04296875, 0.364013671875, 9.6640625, 0.966796875, 1.0654296875, 1.4208984375, 2.859375, 0.0828857421875, 1.8212890625, 5.28515625, 3.189453125, 4.08984375, 1.591796875, 2.201171875, 1.478515625, 3.310546875, 6.08984375, 1.583984375, 0.54052734375, 0.0051727294921875, 10.09375, 3.4453125, 0.21826171875, 3.232421875, 3.24609375, 0.703125, 1.4892578125, 0.327392578125, 5.41796875, 0.053985595703125, 0.54296875, 10.53125, 4.84765625, 6.0078125, 3.958984375, 4.04296875, 3.236328125, 2.73046875, 0.1461181640625, 0.181396484375, 1.1171875, 2.013671875, 2.0234375, 1.1533203125, 1.185546875, 2.12109375, 1.685546875, 4.89453125, 6.91015625, 1.453125, 5.0546875, 8.046875, 2.17578125, 6.14453125, 5.40234375, 4.171875, 0.7880859375, 3.328125, 4.94921875, 3.01953125, 4.0, 3.662109375, 6.37109375, 0.1572265625, 0.20703125, 3.619140625, 1.5146484375, 2.60546875, 0.6240234375, 0.08905029296875, 0.06683349609375, 0.004482269287109375, 1.9560546875, 0.0018749237060546875, 0.65234375, 0.2861328125, 2.625, 9.1796875, 2.2578125, 1.0029296875, 0.2454833984375, 0.406982421875, 2.716796875, 7.59375, 2.421875, 5.50390625, 2.521484375, 4.16796875, 7.69921875, 0.87451171875, 3.8515625, 0.40380859375, 9.4453125, 5.2578125, 6.05859375, 0.78857421875, 3.490234375, 1.302734375, 0.148681640625, 0.75, 5.05078125, 2.814453125, 2.46875, 1.6171875, 3.623046875, 0.71875, 0.0099029541015625, 4.59375, 2.38671875, 6.15234375, 6.74609375, 0.6806640625, 6.74609375, 7.59375, 0.392578125, 3.578125, 1.7275390625, 0.392578125, 0.51416015625, 5.9765625, 5.0703125, 2.15625, 4.64453125, 1.7021484375, 2.708984375, 4.0, 0.05718994140625, 0.48876953125, 0.6875, 1.1484375, 0.0010633468627929688, 0.329833984375, 2.70703125, 0.00023758411407470703, 1.11328125, 2.27734375, 2.67578125, 3.609375, 0.53515625, 1.740234375, 5.359375, 0.391357421875, 3.32421875, 1.4365234375, 2.037109375, 3.74609375, 6.953125, 5.66796875, 0.0699462890625, 2.97265625, 1.4921875, 1.2451171875, 5.515625, 0.0012369155883789062, 1.2607421875, 9.3125, 6.53515625, 9.0859375, 6.83203125, 0.03485107421875, 1.990234375, 0.8896484375, 3.943359375, 3.65625, 2.837890625, 8.0546875, 9.359375, 7.1328125, 3.46875, 5.35546875, 0.82958984375, 3.439453125, 4.25390625, 0.435791015625, 4.62109375, 7.859375, 0.8720703125, 6.3515625, 1.26171875, 2.9140625, 8.453125, 3.943359375, 0.89453125, 6.85546875, 3.095703125, 0.59228515625, 1.0966796875, 0.0003025531768798828, 0.79443359375, 0.98779296875, 9.1328125, 3.107421875, 0.34375, 4.30078125, 0.349853515625, 2.03125, 4.7578125, 3.01953125, 6.1328125, 5.4140625, 3.5390625, 5.5546875, 4.08984375, 0.4970703125, 0.6015625, 1.623046875, 9.375, 0.48388671875, 3.662109375, 0.2242431640625, 1.3359375, 2.76171875, 2.828125, 3.998046875, 0.2900390625, 0.0001176595687866211, 0.379638671875, 2.060546875, 2.968311309814453e-05, 0.475341796875, 0.293212890625, 4.64453125, 0.03643798828125, 2.095703125, 5.0546875, 0.93701171875, 0.318115234375, 0.169189453125, 0.002552032470703125, 7.078125, 8.46875, 8.4140625, 5.94921875, 2.982421875, 1.9794921875, 0.04962158203125, 5.0546875, 0.381103515625, 0.2061767578125, 2.732421875, 1.7685546875, 6.41796875, 7.14453125, 9.140625, 0.1197509765625, 1.5556640625, 3.5078125, 1.9794921875, 0.2325439453125]",-0.7073182669552889
447,1,test,2.6060861317837825,1.0774052946879256,1.4941619560460542,4.455096962714175,1.841821341757012,2.5542656902239806,13.545929980786006,8.93384126954697,10.50572732666001,23.156729464360435,15.272376695426663,17.959511519318227,2.6734095194830965,0.9859739564362657,1.46584025029643,4.243507173782692,1.5650380260893102,2.326730556026079,14.489286575614353,9.083685982128074,11.143943442612457,22.998867580340242,14.41854917798107,17.688799115257872,2.578653521761049,1.0799242026343914,1.4844030449631411,4.3954321393654245,1.8407798908540762,2.530232463005354,13.17938045817216,8.703382567813506,10.192437397125985,22.464853053702544,14.835311195136654,17.3734728360102,0.6381909547738693,-0.0268090452261307,-0.031809045226130594,0.44723618090452266,0.017236180904522613,0.012236180904522609,0.3517587939698492,0.0017587939698492372,0.006758793969849242,0.38032786885245906,0.07754554479353926,0.13169100952857682,0.375,0.371859296482412,0.06860115111900345,0.10975579063934027,0.38383838383838387,0.3812709030100334,0.0774311701218865,0.129880469194683,0.37248322147651003,19.0,6.0,6.0,32.0,12.0,12.0,40.0,11.0,11.0,0.00012971183998776103,-0.00012841377878288778,8.625171610925628e-05,-0.007897456628572108,-0.009320250991938117,-0.008495145053037945,"[3.783203125, 0.040191650390625, 0.3896484375, 0.0202484130859375, 0.0006041526794433594, 0.7236328125, 0.0200653076171875, 0.01122283935546875, 8.5625, 4.2734375, 0.9443359375, 4.90625, 10.25, 1.9267578125, 4.1328125, 0.04229736328125, 0.0908203125, 1.171875, 2.986328125, 3.619140625, 10.1953125, 1.505859375, 1.2333984375, 1.8994140625, 0.018218994140625, 0.161376953125, 9.1640625, 4.05078125, 0.7158203125, 1.609375, 0.82177734375, 0.81884765625, 0.13818359375, 5.99609375, 2.880859375, 0.7080078125, 2.265625, 4.82421875, 1.85546875, 2.5703125, 4.22265625, 1.658203125, 0.00385284423828125, 0.050811767578125, 2.318359375, 0.01059722900390625, 1.895427703857422e-05, 0.2174072265625, 0.2052001953125, 0.91943359375, 0.73583984375, 6.5078125, 3.982421875, 1.8408203125, 3.115234375, 1.7880859375, 6.73046875, 3.689453125, 1.263671875, 11.5, 2.4453125, 0.221923828125, 3.2578125, 2.138671875, 7.88671875, 1.8427734375, 1.9033203125, 4.94921875, 4.2890625, 1.5205078125, 1.21484375, 1.4150390625, 2.48046875, 1.7470703125, 5.8125, 2.923828125, 2.478515625, 0.0005788803100585938, 0.453857421875, 1.439453125, 0.0019216537475585938, 2.0265579223632812e-05, 0.04705810546875, 0.09429931640625, 6.8125, 4.71484375, 1.03515625, 3.873046875, 2.001953125, 4.90625, 10.171875, 9.1015625, 0.275634765625, 0.1265869140625, 1.7060546875, 0.46728515625, 1.8505859375, 9.0078125, 4.91015625, 3.8046875, 6.828125, 6.6953125, 2.955078125, 2.173828125, 5.68359375, 0.08502197265625, 3.12890625, 5.13671875, 1.82421875, 1.1962890625, 3.94140625, 1.5390625, 1.2451171875, 0.73388671875, 0.304443359375, 7.54296875, 0.0298919677734375, 2.0078125, 2.69921875, 12.0546875, 1.353515625, 5.8046875, 1.798828125, 0.00019288063049316406, 0.59814453125, 1.5986328125, 0.0012416839599609375, 4.7326087951660156e-05, 0.019317626953125, 0.08111572265625, 1.9150390625, 0.00015723705291748047, 4.70703125, 1.2265625, 9.1953125, 0.203369140625, 1.259765625, 3.212890625, 1.0791015625, 0.007610321044921875, 1.6826171875, 4.85546875, 0.8115234375, 5.8984375, 2.166015625, 5.46875, 6.67572021484375e-06, 0.7919921875, 2.013671875, 0.0018405914306640625, 5.91278076171875e-05, 0.0251617431640625, 1.322265625, 1.833984375, 6.74609375, 4.08203125, 1.82421875, 0.6513671875, 7.56640625, 2.33203125, 6.90625, 1.1845703125, 0.0307159423828125, 0.2236328125, 1.7197265625, 0.00041294097900390625, 0.37841796875, 1.94140625, 9.5367431640625e-05, 1.83203125, 1.5009765625, 5.40625, 6.44140625, 0.0015211105346679688, 3.87109375, 4.87109375, 0.9921875, 0.15673828125, 9.96875, 4.6640625, 6.0859375, 5.8125, 2.603515625, 5.96484375, 10.0078125, 0.495361328125, 2.982421875, 0.0908203125, 0.022216796875, 6.4296875, 0.9013671875, 0.0225372314453125, 0.1649169921875, 4.453125, 1.9384765625, 4.2734375, 3.7421875, 5.375, 1.205078125, 2.310546875, 4.0546875, 0.9443359375, 5.31640625, 4.82421875, 0.333984375, 1.4404296875, 2.99609375, 5.47265625, 0.35791015625, 2.91796875, 0.2069091796875, 0.005245208740234375, 0.09832763671875, 3.1796875, 2.43359375, 2.888671875, 3.26171875, 3.6015625, 2.34765625, 2.783203125, 1.572265625, 0.0025806427001953125, 7.32421875, 5.12890625, 0.193359375, 10.4375, 0.7109375, 0.278076171875, 0.025390625, 2.546875, 5.578125, 2.638671875, 0.401611328125, 2.439453125, 0.00018739700317382812, 0.2548828125, 1.5390625, 0.00128936767578125, 3.5762786865234375e-06, 0.029266357421875, 3.158203125, 0.1732177734375, 0.003932952880859375, 0.0007786750793457031, 0.71923828125, 6.11328125, 0.0152435302734375, 6.3984375, 0.59130859375, 2.884765625, 9.4296875, 2.064453125, 3.423828125, 5.87890625, 9.25, 0.9755859375, 7.033348083496094e-06, 0.2313232421875, 1.154296875, 0.0006899833679199219, 1.1920928955078125e-06, 0.045196533203125, 1.724609375, 0.337890625, 0.01727294921875, 0.011444091796875, 0.0025653839111328125, 5.06640625, 4.1171875, 8.6015625, 1.4091796875, 9.5, 0.7802734375, 3.619140625, 1.841796875, 3.01953125, 2.9921875, 0.599609375, 8.225440979003906e-06, 0.35791015625, 2.560546875, 2.300739288330078e-05, 2.806640625, 0.458740234375, 1.0234375, 0.00021779537200927734, 2.7890625, 4.74609375, 0.282958984375, 8.015625, 5.09765625, 3.9375, 1.5283203125, 4.16796875, 4.078125, 0.73681640625, 0.006866455078125, 4.11328125, 1.25390625, 1.63671875, 5.34765625, 1.869140625, 1.4130859375, 9.6328125, 3.939453125]",-0.9831568033968816
1,1,test,2.8729873217924693,1.2050611241296716,1.6991587439603097,5.068244301008254,2.125851418977472,2.997490297037675,17.689784424265063,12.388621598065981,14.455432491983151,31.206594061267598,21.8547991268446,25.500865524318996,2.9402879853943484,1.1244529265558458,1.6218462787671888,4.421485692322328,1.6909066564749557,2.4388665846123136,18.921294584188423,12.775088105049829,15.18370201297708,28.453074562689356,19.210658804586203,22.832634605980566,2.976521911429721,1.2712412100440065,1.7736244876653637,4.879544117097903,2.0840019836786987,2.907581127320268,19.619459619520732,14.116529488972741,16.289708961344452,32.16304855659136,23.141851621266788,26.704440920236806,0.6331658291457287,-0.006834170854271293,-0.0018341708542712887,0.5125628140703518,-0.0024371859296482556,-0.0024371859296482556,0.4120603015075377,-0.012939698492462348,-0.007939698492462344,0.4110787172011662,0.11122427760873532,0.17158702609657184,0.42397660818713445,0.4120603015075377,0.09627082782332719,0.15162624474626896,0.4494949494949495,0.4180602006688964,0.12423716227156745,0.17223150211494753,0.4429530201342282,25.0,6.0,6.0,36.0,11.0,10.0,46.0,14.0,13.0,-0.0005497643140810474,0.00020379580268694103,-0.00023395654539224483,-0.004336807312418145,-0.005305924544705576,-0.00402433396658175,"[3.7734375, 0.040313720703125, 0.8046875, 0.03778076171875, 0.0014133453369140625, 0.4072265625, 0.0200347900390625, 0.0113372802734375, 6.41796875, 2.947265625, 2.359375, 5.98046875, 4.95703125, 5.8828125, 1.7783203125, 4.22265625, 3.255859375, 1.4755859375, 6.54296875, 3.91796875, 10.5234375, 8.7265625, 0.391357421875, 3.080078125, 0.31005859375, 0.11614990234375, 7.3359375, 4.828125, 0.373779296875, 0.9208984375, 0.4658203125, 1.048828125, 5.10546875, 0.046844482421875, 4.16796875, 0.30615234375, 0.03448486328125, 0.2161865234375, 0.0007305145263671875, 0.2191162109375, 5.296875, 0.0244903564453125, 1.1806640625, 2.5078125, 0.29248046875, 0.1951904296875, 0.01195526123046875, 1.791015625, 2.5703125, 1.1669921875, 5.72265625, 0.0198974609375, 0.126953125, 4.671875, 3.140625, 0.56689453125, 0.285888671875, 0.222412109375, 0.51220703125, 0.94775390625, 0.814453125, 3.005859375, 0.006519317626953125, 0.065185546875, 0.209228515625, 0.0693359375, 0.00492095947265625, 0.0258331298828125, 0.006900787353515625, 0.08233642578125, 0.92236328125, 1.0302734375, 9.4609375, 0.1396484375, 1.58203125, 4.58203125, 0.322509765625, 5.91015625, 0.9365234375, 3.607421875, 0.14111328125, 0.8720703125, 2.236328125, 6.75390625, 8.7265625, 0.40966796875, 1.0439453125, 2.28515625, 2.150390625, 3.462890625, 0.018341064453125, 0.82568359375, 4.2890625, 1.1865234375, 1.626953125, 2.28515625, 10.34375, 3.580078125, 1.5625, 8.515625, 4.60546875, 1.2353515625, 6.33203125, 2.359375, 3.69921875, 1.1259765625, 9.96875, 2.455078125, 3.244140625, 7.09375, 4.48828125, 0.0142059326171875, 3.3671875, 3.654296875, 4.41015625, 0.81494140625, 2.9921875, 10.1484375, 3.20703125, 1.81640625, 5.5, 1.1123046875, 0.488037109375, 0.202880859375, 5.62890625, 0.66162109375, 7.4609375, 0.468017578125, 8.5625, 3.01171875, 10.3828125, 0.947265625, 2.21484375, 0.0002181529998779297, 0.22119140625, 0.73388671875, 7.015625, 9.953125, 0.31396484375, 4.40625, 6.390625, 0.18798828125, 0.67529296875, 6.1875, 0.2626953125, 1.7861328125, 2.53125, 4.59375, 3.20703125, 1.0947265625, 9.828125, 2.20703125, 5.37890625, 2.958984375, 10.4375, 2.873046875, 0.751953125, 6.390625, 7.28125, 1.1123046875, 0.41259765625, 5.3203125, 8.625, 4.25, 0.6826171875, 3.67578125, 3.650390625, 3.626953125, 3.986328125, 3.650390625, 4.66015625, 6.4765625, 6.83984375, 0.03314208984375, 1.2861328125, 9.0546875, 3.515625, 1.90234375, 4.8046875, 8.296875, 1.7734375, 0.199951171875, 0.080322265625, 3.51953125, 2.658203125, 1.8115234375, 3.0546875, 5.578125, 1.5966796875, 0.204345703125, 0.62939453125, 0.166748046875, 4.25390625, 7.59375, 0.4990234375, 1.2197265625, 3.69921875, 7.8984375, 2.724609375, 6.1640625, 0.85400390625, 1.255859375, 9.5367431640625e-06, 0.199951171875, 3.462890625, 0.34814453125, 5.39453125, 3.5546875, 5.78125, 11.1015625, 4.546875, 0.2049560546875, 3.857421875, 0.958984375, 2.9140625, 0.5673828125, 4.2734375, 1.6220703125, 0.267333984375, 3.1171875, 7.890625, 1.771484375, 0.818359375, 4.5234375, 0.66357421875, 0.76416015625, 1.361328125, 10.1171875, 2.36328125, 0.58642578125, 0.0003077983856201172, 3.203125, 0.2666015625, 2.66015625, 0.313232421875, 0.036163330078125, 5.2578125, 5.203125, 2.654296875, 9.140625, 0.313232421875, 0.030548095703125, 1.439453125, 0.11126708984375, 1.890625, 11.0625, 0.2349853515625, 0.54833984375, 4.71875, 3.25390625, 1.083984375, 4.3359375, 1.5966796875, 0.646484375, 1.337890625, 2.583984375, 7.96484375, 3.234375, 4.234375, 0.0018434524536132812, 1.203125, 7.828125, 5.3984375, 1.8330078125, 7.26171875, 0.420654296875, 4.484375, 1.2783203125, 3.306640625, 0.619140625, 4.703125, 0.3583984375, 0.07257080078125, 8.3359375, 1.8720703125, 11.1171875, 1.4951171875, 6.3984375, 1.341796875, 0.383056640625, 6.90234375, 0.43798828125, 0.07373046875, 4.1171875, 9.25, 1.11328125, 0.56103515625, 1.25390625, 1.9921875, 9.4375, 1.529296875, 6.74609375, 2.52734375, 3.078125, 0.47119140625, 0.22509765625, 2.607421875, 5.84375, 2.45703125, 1.884765625, 0.009857177734375, 2.470703125, 4.265625, 6.51953125, 0.042022705078125, 0.056060791015625, 4.640625, 1.494140625, 2.123046875, 1.8037109375, 6.4453125, 0.2705078125, 2.58984375, 3.353515625, 1.5849609375, 0.2308349609375, 0.006725311279296875, 1.3740234375, 0.356201171875, 0.8701171875, 1.2744140625, 1.0013580322265625e-05, 0.6279296875, 0.50048828125, 4.37109375, 0.50146484375, 0.0167388916015625, 2.44921875, 1.1533203125, 2.955078125, 0.155029296875, 7.5859375, 9.28125, 0.80859375, 1.6552734375, 1.9072265625, 1.455078125, 7.20703125, 1.76171875, 5.046875, 0.796875, 4.0390625, 0.71630859375]",-1.6655749760285756
379,1,test,3.7373618455160234,1.7324363159339984,2.239377470210251,5.805164505944971,2.6909564087663336,3.478377300039693,41.987075532773055,34.56153463974018,37.51441076773542,65.21762961852865,53.683695198612824,58.27033475808085,3.328572064787898,1.530278774805014,2.0966754145738697,4.931217873759849,2.2670796663777986,3.106185799368696,27.89847603092318,21.85914475456289,24.47075146144526,41.33107560136767,32.38391815490799,36.252965128067046,3.555777773011887,1.6566555712722397,2.2726478976781452,5.38754208032104,2.510084198897333,3.4434059055729476,35.01504313515934,28.33501498430352,31.40712874067858,53.05309565933233,42.93184088530836,47.586558697997845,0.6733668341708543,-0.0066331658291456375,-0.011633165829145753,0.5527638190954773,-0.017236180904522724,-0.0022361809045226,0.40201005025125625,-0.0229899497487438,0.0020100502512562235,0.40476190476190477,0.0824369377870039,0.13594470046082952,0.4297082228116711,0.37688442211055273,0.07112001108298383,0.14316155065813208,0.3787878787878788,0.3946488294314381,0.06743680939804908,0.1499324779297696,0.412751677852349,26.0,-1.0,0.0,37.0,1.0,1.0,42.0,-2.0,-1.0,1.5103835470197847e-05,-0.0009079536575325422,1.2030283768813016e-05,-0.01630378993652304,-0.012583798313894334,-0.014788767657382351,"[9.9609375, 1.828125, 1.9287109375, 0.0589599609375, 0.00047898292541503906, 2.525390625, 2.697265625, 7.57421875, 4.28125, 0.29345703125, 1.8203125, 10.984375, 2.0078125, 0.572265625, 9.9765625, 5.84765625, 1.345703125, 2.287109375, 7.265625, 5.22265625, 0.45068359375, 1.0810546875, 1.2861328125, 8.515625, 6.01953125, 2.21875, 11.1328125, 1.04296875, 1.3955078125, 6.1484375, 0.311279296875, 1.0048828125, 1.115234375, 0.059722900390625, 7.6875, 9.1953125, 1.7236328125, 4.5, 2.7421875, 0.1923828125, 7.40625, 11.703125, 9.703125, 7.6640625, 0.331787109375, 0.313720703125, 6.6875, 2.10546875, 2.380859375, 2.26953125, 0.70458984375, 2.794921875, 4.24609375, 5.95703125, 0.470703125, 4.05078125, 0.8046875, 2.6953125, 1.0244140625, 0.001262664794921875, 0.0005202293395996094, 5.4836273193359375e-06, 0.0004436969757080078, 2.1576881408691406e-05, 8.106231689453125e-06, 0.302490234375, 5.37890625, 5.73046875, 8.765625, 5.77734375, 2.021484375, 9.6171875, 1.265625, 5.23046875, 0.5791015625, 2.794921875, 8.328125, 0.01168060302734375, 0.052001953125, 3.205078125, 2.701171875, 11.53125, 2.708984375, 8.453125, 3.16015625, 0.0062713623046875, 0.2213134765625, 0.0023365020751953125, 11.0546875, 0.345703125, 2.451171875, 2.546875, 5.00390625, 0.77099609375, 0.0816650390625, 2.66015625, 8.3359375, 2.271484375, 0.037261962890625, 3.7265625, 1.2958984375, 6.70703125, 7.95703125, 5.75390625, 0.80419921875, 3.95703125, 5.66796875, 2.673828125, 8.8046875, 5.20703125, 0.8916015625, 2.845703125, 3.185546875, 6.078125, 11.6953125, 5.578125, 1.1630859375, 7.33984375, 9.7578125, 0.253173828125, 1.54296875, 4.3515625, 1.5390625, 2.146484375, 3.966796875, 0.07159423828125, 2.611328125, 2.236328125, 4.7265625, 2.984375, 3.6328125, 4.28125, 3.234375, 0.1925048828125, 0.0004000663757324219, 0.007137298583984375, 1.5497207641601562e-05, 1.6689300537109375e-06, 5.960464477539062e-07, 1.823902130126953e-05, 1.7881393432617188e-06, 3.802776336669922e-05, 0.32373046875, 0.3935546875, 0.07427978515625, 0.09600830078125, 0.01424407958984375, 2.5033950805664062e-05, 0.00018703937530517578, 0.00035572052001953125, 1.1682510375976562e-05, 5.960464477539062e-07, 1.2159347534179688e-05, 5.9604644775390625e-06, 8.702278137207031e-06, 0.76806640625, 2.21875, 2.072265625, 3.501953125, 0.0009570121765136719, 10.0546875, 7.17578125, 0.8779296875, 5.09765625, 0.255126953125, 3.359375, 10.71875, 0.76611328125, 6.35546875, 1.44140625, 2.904296875, 0.408447265625, 7.5390625, 6.3515625, 5.8828125, 7.83984375, 6.09375, 8.8046875, 6.0625, 0.5712890625, 0.52734375, 3.404296875, 9.234375, 2.376953125, 4.0234375, 9.953125, 6.625, 3.693359375, 6.38671875, 0.7412109375, 2.705078125, 2.447265625, 1.5478515625, 0.77978515625, 2.642578125, 0.007106781005859375, 4.51953125, 7.30859375, 3.255859375, 4.37890625, 8.2734375, 0.0149993896484375, 2.080078125, 0.83740234375, 0.875, 1.7392578125, 1.591796875, 5.3125, 11.1484375, 9.03125, 3.3671875, 0.1297607421875, 2.224609375, 2.03515625, 2.732421875, 2.1015625, 7.8515625, 3.412109375, 2.251953125, 11.03125, 2.857421875, 1.921875, 3.322265625, 10.828125, 0.4892578125, 5.26171875, 3.513671875, 6.77734375, 0.7685546875, 10.8046875, 2.2734375, 5.875, 5.41015625, 7.0625, 4.140625, 0.042236328125, 0.001140594482421875, 1.3935546875, 1.3603515625, 3.318359375, 1.76171875, 0.1243896484375, 2.619140625, 1.134765625, 4.5390625, 7.390625, 8.125, 3.287109375, 6.6875, 0.8955078125, 7.0703125, 1.1796875, 5.04296875, 5.28515625, 4.68359375, 3.375, 6.98046875, 4.5859375, 0.5380859375, 2.880859375, 2.35546875, 9.59375, 1.587890625, 8.4921875, 5.84765625, 11.0625, 1.7880859375, 2.7109375, 0.255126953125, 3.451171875, 5.03515625, 4.25, 1.65234375, 0.1435546875, 5.37890625, 0.12384033203125, 1.5185546875, 5.703125, 2.4296875, 2.08984375, 3.517578125, 1.6513671875, 8.9375, 5.8125, 8.09375, 3.798828125, 0.1470947265625, 4.91796875, 6.8828125, 8.0703125, 9.421875, 2.984375, 9.0390625, 1.99609375, 2.53125, 2.7421875, 3.306640625, 0.7841796875, 8.90625, 4.22265625, 4.75390625, 9.4375, 0.3857421875, 9.4375, 4.625, 3.916015625, 5.48046875, 6.14453125, 1.021484375, 3.1015625, 0.47509765625, 0.9912109375, 7.61328125, 2.447265625, 5.05859375, 1.8955078125, 4.6640625, 6.73046875, 7.26953125, 1.1884765625, 0.3349609375, 2.90234375, 6.36328125, 0.363037109375, 0.353759765625, 3.3671875, 2.619140625, 6.515625, 3.01171875, 10.734375, 5.91015625, 0.80712890625, 11.1875, 1.0927734375, 8.9765625, 0.16259765625, 8.703125, 0.1778564453125, 0.521484375, 1.9599609375, 0.0300140380859375, 0.018798828125, 0.2005615234375, 11.421875, 1.8916015625, 3.48046875, 11.125, 3.2265625, 0.013702392578125, 6.83203125, 7.265625, 7.91015625, 3.703125, 3.025390625, 2.642578125, 11.125, 10.0078125, 0.004421234130859375, 9.0390625, 6.0546875, 2.001953125, 5.45703125, 2.66796875, 4.3828125, 0.08154296875, 0.0007557868957519531, 5.2421875, 0.13330078125, 2.65234375, 6.0625, 9.3515625, 6.80859375, 7.5625, 1.427734375, 7.01953125, 3.79296875, 5.77734375, 7.21875]",-0.8900275854837325
41,1,test,2.4183325131984916,0.987254910293879,1.3613075087895743,4.717973860105033,1.9260555918616786,2.655802379110949,11.227122618840804,7.043918021447812,8.349325810141567,21.903220814671016,13.742122274971805,16.288868758435694,2.7961523059624525,1.0662080084181118,1.5361204109936268,4.73924119654653,1.8071322176578168,2.603593916938351,16.381494375227778,10.741154656323037,12.855960442860754,27.765244703775895,18.205346875123787,21.789763462475854,2.502825503365252,1.0084406330589726,1.4311295135241682,4.7522003228454155,1.914760695681594,2.717334519349687,12.216964313502771,7.7603699874838545,9.29663616426766,23.196767683866025,14.734879723070613,17.651840818229736,0.6080402010050252,-0.001959798994974782,-0.01195979899497479,0.4773869346733668,0.002386934673366814,-0.0026130653266331905,0.3517587939698492,0.011758793969849246,-0.008241206030150772,0.3690851735015773,0.08247100027323084,0.12459409270409572,0.31329113924050633,0.3668341708542714,0.05856349416254203,0.10640011409300265,0.33333333333333337,0.36789297658862874,0.07073104002769381,0.1242889721392405,0.325503355704698,26.0,2.0,1.0,31.0,0.0,0.0,41.0,-1.0,1.0,0.0015962704599225355,0.00016507299676540518,0.0003876666241144352,-0.052529331515025035,-0.04855295219057876,-0.05329169688047397,"[2.12109375, 9.0390625, 0.7978515625, 0.271240234375, 0.0012226104736328125, 0.00016176700592041016, 7.71484375, 0.70947265625, 0.85009765625, 7.76171875, 0.0010442733764648438, 0.548828125, 7.6796875, 0.235595703125, 3.43359375, 1.150390625, 0.279052734375, 2.4453125, 4.64453125, 0.8603515625, 10.5, 0.33056640625, 7.51171875, 0.73681640625, 2.064453125, 0.005237579345703125, 10.3828125, 8.5390625, 1.337890625, 8.7734375, 2.78515625, 0.232666015625, 8.71875, 0.26611328125, 0.3603515625, 2.8125, 6.58203125, 4.7578125, 0.00418853759765625, 7.453125, 1.1025390625, 2.91015625, 5.625, 2.296875, 6.2734375, 3.755859375, 1.638671875, 7.55859375, 7.0703125, 0.488525390625, 1.6640625, 5.28125, 6.875, 4.6640625, 5.55078125, 2.880859375, 1.7255859375, 0.1593017578125, 0.10284423828125, 0.03900146484375, 2.45703125, 9.5367431640625e-07, 2.64453125, 0.0024662017822265625, 4.61328125, 7.5703125, 0.384521484375, 7.6015625, 2.494140625, 9.1171875, 2.13671875, 7.6484375, 5.625, 2.076171875, 3.1875, 8.875, 0.06463623046875, 1.6259765625, 1.5791015625, 2.0546875, 0.0670166015625, 4.8125, 4.17578125, 0.25244140625, 0.3798828125, 1.4970703125, 1.6943359375, 5.046875, 0.1343994140625, 12.265625, 0.2039794921875, 0.2398681640625, 1.5419921875, 8.2109375, 0.08184814453125, 1.9521484375, 2.46484375, 3.76953125, 5.09765625, 7.0, 5.859375, 1.93359375, 5.8046875, 0.759765625, 3.6328125, 9.3203125, 0.354248046875, 2.33203125, 11.046875, 0.51513671875, 3.140625, 1.41796875, 3.220703125, 1.68359375, 5.203125, 1.0029296875, 0.57861328125, 3.037109375, 1.7762184143066406e-05, 0.393798828125, 5.602836608886719e-06, 6.9141387939453125e-06, 1.1920928955078125e-07, 0.00017273426055908203, -0.0, 7.009506225585938e-05, 0.0016870498657226562, 0.37548828125, 2.814453125, 0.00045800209045410156, 6.08203125, 3.494140625, 3.1484375, 2.82421875, 4.1328125, 1.681640625, 1.419921875, 0.44482421875, 0.322509765625, 2.814453125, 1.8955078125, 1.9111328125, 0.061553955078125, 0.049468994140625, 5.61328125, 0.83349609375, 3.658203125, 10.953125, 0.459228515625, 9.28125, 3.818359375, 1.9599609375, 6.08203125, 1.0341796875, 2.17578125, 0.00209808349609375, 4.10546875, 0.5283203125, 1.734375, 3.423828125, 5.12890625, 2.916015625, 8.4453125, 0.638671875, 5.61328125, 0.947265625, 0.9384765625, 0.401123046875, 7.66796875, 0.050537109375, 10.3515625, 0.58154296875, 0.84423828125, 1.1920928955078125e-06, 0.04833984375, 2.0384788513183594e-05, 7.152557373046875e-06, 2.384185791015625e-06, 6.473064422607422e-05, -0.0, 2.5153160095214844e-05, 0.0004241466522216797, 0.1622314453125, 2.990234375, 0.00017750263214111328, 4.8515625, 0.003017425537109375, 0.1378173828125, 2.1484375, 1.5068359375, 0.089111328125, 0.304931640625, 0.046875, 3.12109375, 3.802734375, 4.9453125, 1.541015625, 3.82421875, 0.07525634765625, 6.73046875, 0.9775390625, 0.0018720626831054688, 4.4609375, 0.002685546875, 0.529296875, 0.004108428955078125, 0.34912109375, 5.23828125, 0.00457000732421875, 0.061004638671875, 2.173828125, 3.58984375, 1.3173828125, 0.231689453125, 5.3984375, 0.00039315223693847656, 0.1585693359375, 5.23828125, 0.074462890625, 0.08709716796875, 0.5517578125, 7.20703125, 2.126953125, 7.765625, 7.57421875, 0.053466796875, 1.07421875, 4.0546875, 0.391357421875, 1.2529296875, 8.463859558105469e-06, 0.14453125, 1.2278556823730469e-05, 2.9802322387695312e-06, 7.152557373046875e-07, 2.1696090698242188e-05, -0.0, 4.649162292480469e-06, 0.00014531612396240234, 0.14990234375, 3.12109375, 0.0003237724304199219, 9.2578125, 0.91845703125, 5.43359375, 0.68115234375, 4.171875, 5.19921875, 1.6064453125, 0.7822265625, 2.185546875, 2.060546875, 3.40234375, 0.0007290840148925781, 2.83203125, 0.95458984375, 0.56103515625, 0.158203125, 3.224609375, 0.064453125, 1.7197265625, 2.884765625, 0.7216796875, 1.1920928955078125e-07, 0.08331298828125, 3.5762786865234375e-06, 1.7881393432617188e-06, 7.152557373046875e-07, 9.5367431640625e-06, -0.0, 2.1457672119140625e-06, 0.00013828277587890625, 0.15576171875, 5.3359375, 3.958984375, 0.1494140625, 5.3515625, 0.1541748046875, 0.759765625, 8.875, 6.31640625, 2.921875, 1.54296875, 7.94921875, 1.359375, 2.435546875, 2.025390625, 1.798828125, 2.732421875, 5.34765625, 1.525390625, 1.017578125, 0.07952880859375, 1.142578125, 0.035003662109375, 4.32421875, 0.00838470458984375, 0.448974609375, 0.0806884765625, 7.44921875, 0.20654296875, 0.320556640625, 0.06964111328125, 1.10546875, 6.84765625, 0.603515625, 1.2109375, 2.6226043701171875e-06, 0.080078125, 5.960464477539062e-07, 1.7881393432617188e-06, 1.0728836059570312e-06, 2.1576881408691406e-05, -0.0, 4.0531158447265625e-06, 0.0001310110092163086, 0.372802734375]",-0.6759887377170357
303,1,test,2.617400157877377,1.0688707403328266,1.503438513495172,5.253496031168163,2.14537627166803,3.017615873515309,13.700059253221314,8.995512583974097,10.653655966862852,27.497976072537064,18.055278829262296,21.383409476346152,2.679404008328615,0.9469721851789554,1.4123639898823566,4.742307979342682,1.6760569649185055,2.4997592741280648,14.57640329159239,8.922015618134656,11.026075203328276,25.798943878924586,15.791178085194083,19.5151773510235,2.610738537141255,1.0755570848949818,1.4954461345419385,5.240125206690662,2.1587967203963565,3.0015740271877482,13.609097965597487,8.966930180288177,10.558637954371768,27.315403773806384,17.99790986186413,21.192694751274765,0.6432160804020101,-0.001783919597989958,-0.001783919597989958,0.507537688442211,-0.0024623115577889765,0.002537688442211028,0.35678391959798994,-0.00821608040201005,-0.00821608040201005,0.4035714285714286,0.08093328240387065,0.14110111978283002,0.4121863799283154,0.4120603015075377,0.07872696817420433,0.12658450851922387,0.4444444444444444,0.3928571428571429,0.07200152788388092,0.13394977943671538,0.4086021505376344,21.0,10.0,10.0,29.0,10.0,9.0,37.0,13.0,13.0,-0.0002232421855764867,-0.00028403958330801147,4.489812333950468e-05,-0.0002526140072118821,0.00017724280649034085,2.6280809047207754e-05,"[3.76953125, 0.0404052734375, 0.439208984375, 0.0208740234375, 0.0006074905395507812, 0.4072265625, 0.0201873779296875, 0.01070404052734375, 5.875, 3.0, 0.031158447265625, 0.30810546875, 0.0057525634765625, 0.267578125, 3.435546875, 8.6875, 0.29638671875, 1.318359375, 2.869140625, 9.5859375, 1.46484375, 4.1875, 2.00390625, 4.4296875, 2.59375, 8.4609375, 2.89453125, 3.203125, 1.458984375, 6.08203125, 7.48828125, 1.1171875, 4.24609375, 3.3671875, 0.3212890625, 2.982421875, 1.3037109375, 4.26953125, 0.1376953125, 7.25, 0.302001953125, 2.822265625, 2.642578125, 3.384765625, 0.01068878173828125, 7.5546875, 0.58740234375, 0.326171875, 0.376953125, 0.007564544677734375, 0.6884765625, 1.5185546875, 0.0007205009460449219, 0.028656005859375, 0.418212890625, 4.14453125, 3.724609375, 1.0869140625, 8.65625, 4.44921875, 0.1605224609375, 1.6796875, 4.66015625, 0.156005859375, 5.18359375, 1.16015625, 0.5068359375, 1.947265625, 0.70556640625, 2.23828125, 6.97265625, 8.015625, 1.1376953125, 1.740234375, 4.859375, 4.21875, 5.6624412536621094e-05, 3.0625, 2.2890625, 0.005130767822265625, 1.800060272216797e-05, 0.09197998046875, 0.271728515625, 8.078125, 0.0970458984375, 0.06591796875, 0.141845703125, 4.58984375, 5.484375, 4.98046875, 0.0704345703125, 6.55078125, 1.6064453125, 3.52734375, 0.1077880859375, 1.73046875, 2.521484375, 0.397705078125, 0.07672119140625, 2.677734375, 6.34375, 0.09234619140625, 3.31640625, 0.94384765625, 4.6328125, 1.4453125, 1.6337890625, 2.66015625, 1.75, 0.2279052734375, 2.333984375, 0.047943115234375, 2.275390625, 3.474609375, 0.00853729248046875, 3.16015625, 1.61328125, 2.8828125, 4.5390625, 0.71337890625, 1.609325408935547e-05, 0.59814453125, 0.1214599609375, 3.13671875, 9.4375, 8.0859375, 0.085693359375, 0.98681640625, 6.26953125, 0.0830078125, 3.00390625, 4.30859375, 2.603515625, 2.1875, 0.1710205078125, 0.74462890625, 3.078125, 2.78125, 0.1368408203125, 0.043792724609375, 2.603515625, 3.822265625, 7.26953125, 4.95703125, 0.004688262939453125, 5.8515625, 4.703125, 0.155029296875, 0.059112548828125, 0.88134765625, 4.97265625, 3.423828125, 2.3046875, 1.1611328125, 2.060546875, 5.0078125, 3.322265625, 3.310546875, 6.67578125, 1.609325408935547e-05, 0.30126953125, 0.0830078125, 9.15625, 0.1558837890625, 5.6862831115722656e-05, 1.7646484375, 1.5537109375, 0.322021484375, 0.0791015625, 12.2421875, 4.31640625, 4.91796875, 6.7578125, 6.29296875, 1.2568359375, 2.8014183044433594e-05, 4.15234375, 6.2734375, 5.5859375, 10.796875, 1.283203125, 3.10546875, 0.212646484375, 5.16796875, 7.05078125, 6.71875, 1.9697265625, 2.212890625, 0.23583984375, 0.58154296875, 4.734375, 2.5234375, 7.63671875, 1.478515625, 5.75390625, 1.7119140625, 0.1300048828125, 2.89453125, 5.80078125, 0.05218505859375, 7.328125, 6.41015625, 3.841796875, 0.1805419921875, 2.109375, 0.62744140625, 0.90771484375, 2.140625, 6.6875, 4.7265625, 6.34765625, 0.92041015625, 0.1876220703125, 4.65234375, 7.484375, 0.261962890625, 3.0994415283203125e-06, 1.61328125, 0.08941650390625, 9.2734375, 1.1162109375, 1.314453125, 2.37890625, 1.302734375, 2.5078125, 0.0005946159362792969, 6.15234375, 1.4189453125, 2.125, 4.76837158203125e-06, 0.09674072265625, 2.8515625, 0.492919921875, 4.84765625, 0.1121826171875, 0.348876953125, 14.15625, 2.349609375, 1.775390625, 0.8544921875, 4.1484375, 0.2152099609375, 0.003459930419921875, 0.038482666015625, 0.9560546875, 2.2649765014648438e-06, 4.15625, 1.4384765625, 0.0010709762573242188, 2.09808349609375e-05, 0.77294921875, 0.30712890625, 1.935546875, 5.17578125, 1.4609375, 0.11785888671875, 0.41796875, 3.15234375, 0.019561767578125, 0.84814453125, 1.7666015625, 2.966796875, 3.140625, 0.1376953125, 2.490234375, 2.548828125, 0.2509765625, 3.921875, 7.78125, 3.109375, 0.505859375, 10.703125, 1.46484375, 4.91015625, 0.2110595703125, 2.271484375, 4.9921875, 2.8046875, 0.015411376953125, 1.7998046875]",-0.8150482292686192
150,1,test,3.1353054070876816,1.3580864532789279,1.8733677048345398,4.936438300521031,2.138263777502993,2.949557662930978,22.995657806581388,17.08226968243991,19.4633984793473,36.20592931248985,26.895488436181992,30.644499733440437,2.9551891663565706,1.1613364621458828,1.650542109550901,4.048204337474754,1.5908718659532637,2.2610165884258917,19.205355383337977,13.192782819367515,15.518967604742727,26.30870600457257,18.072305232010294,21.258859732524282,3.1353054070876816,1.3580864532789279,1.8733677048345398,4.936438300521031,2.138263777502993,2.949557662930978,22.995657806581388,17.08226968243991,19.4633984793473,36.20592931248985,26.895488436181992,30.644499733440437,0.6934673366834171,-0.0015326633165829717,0.0034673366834171437,0.5175879396984925,-0.007412060301507539,-0.012412060301507544,0.37688442211055273,0.0018844221105527303,0.0018844221105527303,0.3966101694915254,0.07342912042215144,0.1339269676876922,0.435374149659864,0.37688442211055273,0.05357615143386096,0.0964169763676479,0.41414141414141414,0.3966101694915254,0.07342912042215144,0.1339269676876922,0.435374149659864,21.0,8.0,6.0,33.0,11.0,10.0,40.0,12.0,11.0,-0.0005657570708143345,-0.00017076021534493348,2.296257805395989e-06,-0.00035656283511986686,0.00011913993074319507,-2.6287545484393604e-05,"[2.859375, 3.21484375, 0.217529296875, 0.020843505859375, 4.184246063232422e-05, 1.068359375, 0.0114898681640625, 0.01314544677734375, 5.5703125, 0.90283203125, 2.84765625, 2.685546875, 2.34765625, 10.53125, 0.2900390625, 4.609375, 7.94921875, 0.92822265625, 1.443359375, 5.46484375, 2.173828125, 10.15625, 0.708984375, 2.70703125, 0.387939453125, 4.3828125, 9.0390625, 2.671875, 0.12451171875, 4.31640625, 2.185546875, 7.8671875, 5.93359375, 0.4375, 4.2890625, 6.04296875, 2.142578125, 1.08203125, 0.93408203125, 0.298095703125, 6.37890625, 1.7490234375, 2.380859375, 1.064453125, 6.6640625, 1.833984375, 5.10546875, 5.7265625, 3.71484375, 0.6201171875, 0.06048583984375, 1.228515625, 1.294921875, 3.392578125, 1.3798828125, 4.734375, 1.2412109375, 4.1171875, 0.219482421875, 1.78515625, 6.09375, 2.083984375, 0.52099609375, 4.18359375, 6.69140625, 0.58740234375, 4.35546875, 2.98828125, 0.0005331039428710938, 0.006809234619140625, 1.427734375, 0.1500244140625, 2.78515625, 5.92578125, 3.111328125, 1.82421875, 6.25, 0.0183563232421875, 0.00313568115234375, 1.349609375, 6.44140625, 2.7265625, 0.30712890625, 0.449951171875, 7.89453125, 4.62109375, 1.6962890625, 1.8408203125, 0.2099609375, 1.3642578125, 3.51171875, 4.453125, 1.8759765625, 4.37109375, 0.2183837890625, 0.150390625, 0.92529296875, 0.0007500648498535156, 0.030548095703125, 1.0400390625, 3.7265625, 8.5, 2.390625, 4.1875, 2.666015625, 11.2578125, 1.0078125, 0.051239013671875, 0.16064453125, 1.380859375, 0.2191162109375, 0.99169921875, 0.327392578125, 0.382568359375, 3.15234375, 0.359130859375, 1.306640625, 7.94921875, 2.931640625, 0.006259918212890625, 4.19921875, 9.390625, 0.0002536773681640625, 0.046356201171875, 0.1922607421875, 6.23828125, 3.89453125, 0.37255859375, 0.00012564659118652344, 0.382080078125, 0.2105712890625, 2.619140625, 0.00024187564849853516, 7.4765625, 0.0042877197265625, 1.6083984375, 1.427734375, 1.2880859375, 8.2578125, 1.7431640625, 8.03125, 8.6796875, 6.5234375, 2.65234375, 1.5439453125, 4.1640625, 6.875, 2.876953125, 2.90625, 3.470703125, 1.087890625, 2.111328125, 3.751953125, 2.71484375, 0.80029296875, 7.2265625, 1.3115234375, 2.65625, 0.321044921875, 6.5546875, 4.21875, 3.625, 1.2451171875, 2.03515625, 2.560546875, 5.32421875, 7.33203125, 0.484130859375, 8.0625, 1.33984375, 1.51953125, 7.5, 1.2275390625, 4.7890625, 0.020050048828125, 9.2421875, 0.15869140625, 0.95263671875, 3.712890625, 2.998046875, 2.91015625, 0.6484375, 1.580078125, 0.09576416015625, 4.15625, 1.6396484375, 0.55322265625, 5.74609375, 0.353271484375, 0.03863525390625, 6.62890625, 3.294921875, 11.9140625, 3.71484375, 8.515625, 5.41796875, 1.7509765625, 2.68359375, 4.91796875, 8.859375, 6.33203125, 7.5234375, 1.3271484375, 3.267578125, 6.21484375, 1.35546875, 2.1015625, 0.0005707740783691406, 0.9443359375, 0.1851806640625, 4.23046875, 0.0178680419921875, 10.9453125, 2.841796875, 0.97607421875, 4.703125, 2.482421875, 1.78125, 4.828125, 3.533203125, 3.609375, 4.890625, 4.3046875, 7.3359375, 2.1015625, 3.0546875, 8.3671875, 0.9326171875, 8.328125, 1.6962890625, 8.4921875, 2.916015625, 2.771484375, 3.21875, 1.3193359375, 9.5859375, 1.955078125, 11.1484375, 1.6748046875, 0.923828125, 0.2052001953125, 0.1131591796875, 3.44921875, 1.0400390625, 4.21484375, 5.19140625, 0.212646484375, 6.9140625, 3.216796875, 0.79833984375, 2.837890625, 6.5546875, 1.9931640625, 6.109375, 2.369140625, 1.828125, 2.755859375, 0.1044921875, 4.140625, 2.62890625, 4.96484375, 7.6953125, 0.888671875, 0.18408203125, 1.0595703125, 0.65576171875, 3.759765625, 0.013763427734375, 1.1005859375, 8.984375, 14.671875, 9.9140625, 3.072265625, 2.3515625, 0.0005068778991699219, 0.08758544921875, 0.18212890625, 5.05078125, 0.011505126953125, 3.955078125, 8.53125, 0.2384033203125, 3.529296875, 7.953125, 1.2255859375, 6.3984375, 5.4921875, 5.4296875, 3.2890625, 0.26904296875, 7.421875, 0.1268310546875, 0.07366943359375, 0.865234375, 2.19921875]",-1.332075116593959
212,1,test,2.6550488774327263,1.126593171470407,1.5665341529293335,4.902990260325768,2.080442056648685,2.8928664024095028,14.225681357121713,9.61463085377137,11.255821621893762,26.270091572818096,17.755018309964463,20.78575059509715,2.5490936268514126,0.9948520672381225,1.4173763177702376,4.677236012571399,1.8254166371341696,2.6006904913215365,12.795501026690802,8.064004420844643,9.694523760153634,23.47798353521248,14.796338386870904,17.788116991107586,2.623310385406881,1.1025720778582753,1.5391629852246547,4.844379845051374,2.0360831037782816,2.842320979381529,13.781269469609219,9.205667319629335,10.824351793377991,25.449410953878356,16.99979898358217,19.98896964510469,0.6381909547738693,-0.0018090452261306789,0.0031909547738693256,0.49246231155778897,0.012462311557788985,0.0024623115577889765,0.33668341708542715,-0.018316582914572832,-0.0033165829145728187,0.3876811594202898,0.07427536231884058,0.13647342995169076,0.3927272727272727,0.3869346733668342,0.05778894472361806,0.11892797319933002,0.36868686868686873,0.3840579710144928,0.07065217391304357,0.13285024154589375,0.38909090909090904,19.0,9.0,9.0,31.0,17.0,17.0,38.0,17.0,17.0,-9.489062219203605e-05,5.6677369700136966e-05,1.3785694594000351e-05,-0.007238187882615321,-0.005051756261742035,-0.005543968277766709,"[7.05859375, 1.3818359375, 0.337890625, 7.05859375, 0.493896484375, 0.00040149688720703125, 0.80078125, 0.00214385986328125, 0.01873779296875, 4.40625, 6.6953125, 2.19921875, 2.916015625, 6.30859375, 2.451171875, 10.2265625, 1.9501953125, 0.1900634765625, 0.5400390625, 0.0024013519287109375, 0.3662109375, 0.1956787109375, 0.83544921875, 0.392333984375, 0.390380859375, 1.0107421875, 9.6015625, 1.0634765625, 3.91015625, 7.8203125, 0.308837890625, 2.46484375, 1.716796875, 6.0390625, 0.83251953125, 4.9453125, 4.98046875, 2.359375, 0.051483154296875, 1.96875, 2.275390625, 0.34912109375, 5.1484375, 3.384765625, 5.98046875, 0.5625, 4.671875, 0.094482421875, 3.02734375, 0.459716796875, 1.43359375, 5.46484375, 2.091796875, 2.294921875, 1.015625, 3.322265625, 8.6484375, 2.4609375, 2.478515625, 0.1845703125, 5.30078125, 2.5, 4.421875, 0.386962890625, 0.923828125, 2.94921875, 3.24609375, 2.720703125, 0.1865234375, 3.994140625, 3.03125, 0.66455078125, 5.50390625, 0.341064453125, 1.46484375, 2.515625, 1.087890625, 6.671875, 3.412109375, 3.048828125, 4.39453125, 1.755859375, 5.66796875, 1.998046875, 0.75732421875, 0.86328125, 5.3984375, 1.150390625, 4.83984375, 0.001399993896484375, 1.3369140625, 0.229248046875, 2.29296875, 2.328125, 2.919921875, 4.12890625, 0.40576171875, 0.2064208984375, 5.64453125, 6.078125, 4.34375, 6.17578125, 0.171875, 3.92578125, 1.7958984375, 7.765625, 0.541015625, 0.234375, 5.515625, 0.1812744140625, 3.3203125, 0.2110595703125, 0.011016845703125, 0.1693115234375, 0.876953125, 4.53515625, 5.3671875, 0.128173828125, 0.11724853515625, 5.17578125, 10.3671875, 2.3828125, 3.146484375, 4.16796875, 0.64892578125, 0.00041937828063964844, 0.365234375, 0.1351318359375, 4.9140625, 7.83203125, 3.513671875, 0.08624267578125, 11.546875, 4.0625, 0.165283203125, 5.76953125, 4.19921875, 1.3583984375, 0.75390625, 8.5625, 3.658203125, 0.158935546875, 1.95703125, 2.814453125, 0.07293701171875, 2.1796875, 1.330078125, 0.513671875, 0.391357421875, 1.8359375, 4.87109375, 0.0287933349609375, 1.5009765625, 6.15625, 1.5927734375, 2.625, 0.392822265625, 2.720703125, 2.4921875, 0.62255859375, 2.1171875, 2.427734375, 1.8896484375, 0.6337890625, 3.740234375, 2.248046875, 3.197265625, 0.8193359375, 1.9443359375, 0.289306640625, 1.662109375, 0.0002008676528930664, 3.404296875, 0.09405517578125, 4.66796875, 0.02069091796875, 2.689453125, 0.373291015625, 0.7861328125, 1.8935546875, 5.5, 1.046875, 0.241943359375, 0.006038665771484375, 0.67822265625, 1.28125, 1.42578125, 0.8515625, 5.28515625, 3.71484375, 8.140625, 5.9609375, 3.748046875, 0.1571044921875, 1.6455078125, 1.859375, 1.248046875, 0.262939453125, 1.0185546875, 0.4892578125, 0.0006432533264160156, 0.91162109375, 0.11578369140625, 10.9765625, 0.07696533203125, 0.71240234375, 1.0634765625, 0.71484375, 1.828125, 0.08154296875, 1.537109375, 10.65625, 1.8525390625, 6.12109375, 2.931640625, 8.375, 0.4482421875, 3.986328125, 0.49169921875, 0.33447265625, 4.25390625, 10.8203125, 0.0224151611328125, 0.055084228515625, 8.140625, 1.5009765625, 7.31640625, 2.462890625, 1.4853515625, 5.41015625, 2.966796875, 0.9287109375, 4.34375, 0.92724609375, 1.0849609375, 1.466796875, 0.0002522468566894531, 0.99609375, 0.2152099609375, 6.0234375, 2.837890625, 5.93359375, 2.416015625, 0.2734375, 2.61328125, 4.546875, 4.97265625, 0.501953125, 1.5703125, 0.74560546875, 1.751953125, 5.11328125, 2.986328125, 1.904296875, 0.00010263919830322266, 3.23828125, 0.73681640625, 9.671875, 0.427490234375, 2.630859375, 5.26953125, 4.390625, 6.41015625, 0.07080078125, 2.04296875, 6.4140625, 0.0160980224609375, 6.15234375, 1.296875, 0.287109375, 0.00011324882507324219, 3.7734375, 5.24609375, 4.7578125, 7.46484375, 0.360107421875]",-0.7429413493128791
139,1,test,2.969044301560316,1.178038882418766,1.5416624323915078,5.046043902651838,2.0021378315547635,2.6201348066205448,19.47330009761673,13.477822692789825,15.305526977697982,33.095877744380005,22.906254711064324,26.01253239707415,3.003152331515173,1.2020785132366811,1.6904098908663858,4.55023080532602,1.8213310806616385,2.561227107373312,20.14895309611516,14.092805920546734,16.432601472685395,30.5287168122957,21.35273624325263,24.897881019220293,2.8565092943982537,1.1876469670868606,1.6483129044711693,4.632177234159331,1.925914000681396,2.672939845088383,17.400680147585984,12.094552422161158,14.053238422555053,28.21731915824754,19.61278771161269,22.789035279819004,0.6381909547738693,-0.006809045226130683,-0.0268090452261307,0.5125628140703518,0.002562814070351749,0.007562814070351753,0.4170854271356784,-0.007914572864321623,-0.012914572864321627,0.41534391534391535,0.1115130038511809,0.12893140312495155,0.4190981432360743,0.4170854271356784,0.11382728177226986,0.14496522680178858,0.4191919191919192,0.4147157190635451,0.10085929168458019,0.1577635499867931,0.4093959731543624,21.0,7.0,7.0,31.0,6.0,6.0,42.0,10.0,10.0,0.0003563073667065392,-0.00034548145274277363,5.1300994308463534e-05,-0.005357394350943068,-0.0071906056490895764,-0.006103486353707943,"[2.88671875, 1.2119140625, 0.349609375, 0.021087646484375, 0.0001302957534790039, 1.0205078125, 0.00885009765625, 0.0287628173828125, 7.625, 1.490234375, 6.9921875, 5.23828125, 0.058074951171875, 3.7578125, 11.6875, 2.33984375, 6.7578125, 3.677734375, 4.4296875, 5.09375, 6.2890625, 6.48046875, 8.75, 7.23046875, 1.423828125, 0.81787109375, 1.224609375, 3.091796875, 2.400390625, 0.40087890625, 0.1256103515625, 1.8330078125, 3.240234375, 3.54296875, 2.388671875, 4.40234375, 6.94921875, 1.005859375, 4.58984375, 6.046875, 12.9609375, 2.4375, 0.84814453125, 3.689453125, 0.0005397796630859375, 0.1953125, 0.7978515625, 1.8046875, 4.6640625, 5.70703125, 0.25830078125, 3.23828125, 3.966796875, 0.052947998046875, 2.51953125, 5.58203125, 4.7578125, 0.20947265625, 1.4228515625, 0.55322265625, 9.703125, 3.99609375, 5.3125, 2.556640625, 3.826171875, 1.87890625, 0.08123779296875, 0.6298828125, 0.923828125, 7.625, 0.0550537109375, 7.2578125, 1.2607421875, 3.65234375, 8.328125, 0.0230255126953125, 4.1640625, 8.796875, 0.019317626953125, 6.60546875, 0.89453125, 3.46875, 4.55859375, 0.67626953125, 0.53857421875, 1.962890625, 0.00017547607421875, 0.2484130859375, 0.6298828125, 4.0546875, 0.27490234375, 0.121826171875, 4.3203125, 5.6484375, 4.64453125, 1.3994140625, 5.3984375, 4.0703125, 1.4609375, 4.19921875, 0.62451171875, 0.0113372802734375, 4.01953125, 5.51171875, 0.0126800537109375, 3.17578125, 0.453369140625, 2.587890625, 4.7421875, 6.2578125, 1.2529296875, 5.69140625, 2.89453125, 1.6943359375, 0.412353515625, 6.3671875, 6.0390625, 1.669921875, 0.1539306640625, 2.208984375, 6.413459777832031e-05, 0.130615234375, 1.7099609375, 0.0001633167266845703, 0.52783203125, 0.163818359375, 8.5, 2.658203125, 0.02215576171875, 7.76953125, 7.44921875, 1.140625, 0.001399993896484375, 0.142822265625, 0.73876953125, 2.15625, 3.35546875, 3.4140625, 0.638671875, 1.857421875, 11.0703125, 5.1953125, 2.220703125, 3.478515625, 0.005023956298828125, 0.0009160041809082031, 3.091796875, 5.21875, 0.95849609375, 1.677734375, 0.0093536376953125, 0.1334228515625, 1.859375, 0.2003173828125, 5.60546875, 3.892578125, 1.36328125, 0.323974609375, 10.46875, 0.79833984375, 0.7392578125, 6.9453125, 6.03125, 1.103515625, 1.005859375, 0.0311431884765625, 0.02728271484375, 0.5703125, 0.634765625, 5.2928924560546875e-05, 4.26953125, 0.84619140625, 2.5546875, 9.78125, 0.11077880859375, 4.26171875, 0.70068359375, 2.177734375, 4.89453125, 0.193115234375, 0.021759033203125, 0.26708984375, 2.849609375, 5.44921875, 0.68798828125, 10.2734375, 5.57421875, 5.15625, 5.5234375, 2.078125, 7.609375, 0.291748046875, 2.802734375, 1.1376953125, 1.9697265625, 6.6953125, 6.6953125, 0.84521484375, 9.0078125, 4.46484375, 0.126953125, 0.1221923828125, 0.599609375, 0.0214996337890625, 0.034454345703125, 3.2734375, 0.1824951171875, 2.586841583251953e-05, 0.38818359375, 1.6962890625, 5.173683166503906e-05, 0.50341796875, 0.324462890625, 10.5859375, 0.0207366943359375, 0.07696533203125, 3.01171875, 1.017578125, 5.44921875, 3.513671875, 1.611328125, 2.31640625, 1.033203125, 4.4375, 7.9921875, 2.42578125, 1.056640625, 0.397216796875, 6.53125, 0.361328125, 1.3212890625, 0.1444091796875, 3.181640625, 1.3046875, 3.97265625, 1.0693359375, 1.681640625, 5.45703125, 9.5390625, 3.275390625, 5.5546875, 2.62890625, 4.05859375, 6.33984375, 6.5546875, 4.6171875, 6.27734375, 0.58349609375, 2.51171875, 4.1953125, 0.0926513671875, 0.34814453125, 0.0002181529998779297, 0.1614990234375, 1.697265625, 5.53131103515625e-05, 0.908203125, 0.07720947265625, 3.423828125, 0.00865936279296875, 0.03997802734375, 6.8125, 4.46875, 4.34375, 1.4453125, 6.1796875, 1.8369140625, 5.29296875, 8.515625, 0.491455078125, 0.0926513671875, 2.349609375, 8.3359375, 0.031585693359375, 0.081298828125, 0.27783203125, 2.1796875, 1.236328125, 7.58203125, 1.4267578125, 2.099609375, 0.056793212890625, 9.421875, 1.287109375, 0.0030422210693359375, 2.92578125, 3.498046875, 3.404296875, 0.0255584716796875, 0.0265960693359375, 0.044342041015625, 4.796875, 6.8828125, 2.37109375, 0.0304107666015625, 1.810546875, 5.87109375, 4.7734375, 1.9384765625, 1.626953125, 6.55078125, 3.2421875, 2.89453125, 5.7578125, 3.203125, 0.46826171875, 2.3125, 4.1640625, 0.3369140625, 6.984375, 0.53173828125, 1.765625, 0.0523681640625, 0.826171875, 0.00010025501251220703, 0.259033203125, 1.615234375, 0.00014770030975341797, 0.74609375, 0.0345458984375, 2.501953125, 7.921875, 8.640625, 2.279296875, 5.20703125, 0.5771484375, 1.3701171875, 1.958984375, 7.33203125, 1.09375, 1.1533203125, 6.2421875, 1.1806640625, 13.7578125, 7.25390625, 4.1015625, 0.432861328125, 1.484375, 6.73046875, 8.3046875, 6.45703125, 7.43359375, 4.11328125, 6.21875, 3.015625, 5.28515625, 1.1162109375, 4.5078125, 6.51171875, 7.8984375, 0.634765625, 2.005859375, 4.77734375, 3.998046875, 11.875, 6.1484375, 3.57421875, 0.193603515625, 0.490234375, 3.47265625, 0.000545501708984375, 0.26318359375, 1.73828125, 5.1140785217285156e-05, 0.033111572265625, 0.30322265625, 1.9501953125, 0.00010013580322265625, 7.89453125, 7.2734375, 9.796875, 0.3955078125, 1.599609375, 0.0119476318359375, 3.380859375, 2.58984375, 1.158203125, 7.04296875]",-0.8791734241934681
191,1,test,2.5619354053503938,0.9476830227612221,1.3531605391625736,4.514630074062584,1.6700023998658122,2.384532901329169,12.960877608677444,7.936747216986867,9.611498907881153,22.83959529821818,13.986097229934174,16.93733649010764,2.407573625070965,0.7256763290259054,1.099721905334111,3.761833789173383,1.1338692641029775,1.7183154770845483,11.10697872884897,5.731233046210446,7.408758370401248,17.354654263826514,8.95505163470382,11.576184953751948,2.5619354053503938,0.9476830227612221,1.3531605391625736,4.514630074062584,1.6700023998658122,2.384532901329169,12.960877608677444,7.936747216986867,9.611498907881153,22.83959529821818,13.986097229934174,16.93733649010764,0.5979899497487438,-0.007010050251256228,-0.007010050251256228,0.4824120603015075,0.007412060301507539,0.002412060301507535,0.321608040201005,0.006608040201005028,-0.0033919597989949812,0.39583333333333337,0.06481080300404396,0.10714973056197075,0.4285714285714286,0.40201005025125625,0.04862659160463967,0.08648417379048834,0.4191919191919192,0.39583333333333337,0.06481080300404396,0.10714973056197075,0.4285714285714286,18.0,7.0,7.0,28.0,7.0,9.0,37.0,8.0,9.0,-0.0003696104585618607,-6.651866778713253e-05,-0.0001260005417415086,-0.0003080533820964959,0.0001462546060908565,-1.7556467044599344e-06,"[2.859375, 1.2138671875, 0.2264404296875, 2.326171875, 0.380126953125, 0.058837890625, 6.079673767089844e-06, 1.3583984375, 0.0055389404296875, 0.0233917236328125, 6.625, 5.2109375, 0.7861328125, 2.240234375, 0.005794525146484375, 0.2149658203125, 0.49462890625, 3.2734375, 2.24609375, 0.01081085205078125, 1.3759765625, 3.10546875, 4.26953125, 2.818359375, 0.98046875, 4.19140625, 6.890625, 2.921875, 2.376953125, 2.9453125, 0.42041015625, 0.59912109375, 1.8837890625, 0.11273193359375, 1.689453125, 0.38037109375, 2.412109375, 0.90771484375, 4.1328125, 0.96728515625, 3.712890625, 0.52490234375, 6.67578125, 7.78515625, 0.05889892578125, 5.78125, 4.4453125, 3.89453125, 0.00937652587890625, 0.384033203125, 4.375, 0.01406097412109375, 1.1328125, 0.0938720703125, 2.060546875, 0.0014896392822265625, 5.68359375, 1.322265625, 5.40625, 2.125, 7.28515625, 1.115234375, 6.4765625, 5.79296875, 0.2763671875, 0.1304931640625, 4.65234375, 2.740234375, 6.20703125, 0.0640869140625, 0.7587890625, 5.11328125, 2.4921875, 1.419921875, 4.8046875, 3.822265625, 6.79296875, 0.299560546875, 0.6630859375, 4.1953125, 0.0005702972412109375, 2.16015625, 3.32421875, 2.68359375, 2.078125, 6.93359375, 0.6708984375, 0.2529296875, 0.4111328125, 4.48046875, 4.921875, 2.33203125, 0.12152099609375, 0.042633056640625, 2.56640625, 0.0667724609375, 6.140625, 4.375, 0.2333984375, 1.109375, 5.11328125, 3.75390625, 2.404296875, 0.0938720703125, 3.705078125, 5.00390625, 7.80078125, 7.39453125, 9.9375, 0.109130859375, 0.1741943359375, 0.138427734375, 3.4140625, 1.6552734375, 1.7060546875, 1.115234375, 3.5762786865234375e-07, 0.3291015625, 3.208984375, 0.00022161006927490234, 0.7548828125, 0.033905029296875, 6.78125, 0.0423583984375, 8.9765625, 0.48095703125, 4.98828125, 2.4375, 0.06463623046875, 0.00333404541015625, 0.1439208984375, 0.102783203125, 0.3759765625, 0.054290771484375, 2.357421875, 3.125, 0.09124755859375, 0.47607421875, 1.7626953125, 7.82421875, 0.0118865966796875, 4.734375, 2.60546875, 0.430908203125, 1.4248046875, 2.384185791015625e-07, 0.4990234375, 3.203125, 4.1365623474121094e-05, 0.025787353515625, 0.32470703125, 8.8046875, 6.01953125, 5.26171875, 6.02734375, 1.4072265625, 6.7734375, 0.00855255126953125, 5.84765625, 1.880859375, 0.7744140625, 3.146484375, 5.453125, 3.142578125, 3.955078125, 0.1351318359375, 0.99609375, 3.546875, 2.173828125, 0.0015516281127929688, 2.916015625, 0.775390625, 5.960464477539062e-07, 0.4130859375, 2.78515625, 7.95125961303711e-05, 1.6220703125, 0.033294677734375, 1.2490234375, 0.0012063980102539062, 5.3203125, 1.4599609375, 1.958984375, 1.3291015625, 0.1495361328125, 6.74609375, 1.96484375, 0.52294921875, 1.12109375, 3.65234375, 1.111328125, 12.40625, 0.248291015625, 3.544921875, 2.732421875, 3.291015625, 2.529296875, 2.603515625, 2.6875, 1.25390625, 6.9921875, 0.4853515625, 1.44921875, 1.5625, 4.76837158203125e-07, 0.297607421875, 1.8984375, 0.0005059242248535156, 1.6826171875, 0.033966064453125, 7.25390625, 1.9775390625, 3.224609375, 4.34375, 2.7265625, 0.92041015625, 0.705078125, 0.11077880859375, 4.4453125, 1.8173828125, 7.73046875, 1.298828125, 4.515625, 0.044830322265625, 4.44140625, 1.306640625, 0.203369140625, 5.68359375, 1.6240234375, 2.138671875, 0.09625244140625, 4.671875, 2.150390625, 1.3515625, 7.89453125, 0.3662109375, 2.765625, 3.244140625, 7.08984375, 1.060546875, 3.822265625, 0.98828125, 5.08203125, 0.1339111328125, 2.4609375, 1.8359375, 10.5390625, 5.37109375, 0.419677734375, 1.9296875, 2.736328125, 4.84375, 6.81640625, 0.3916015625, 4.49609375, 0.97314453125, 3.7890625, 1.658203125, 0.67041015625, 1.1920928955078125e-07, 3.251953125, 0.8818359375, 4.792213439941406e-05, 0.339599609375, 3.724609375, 0.0009541511535644531, 0.779296875, 0.147705078125, 0.9130859375, 0.0009436607360839844, 1.59375, 3.251953125, 2.4609375, 0.93017578125, 0.446044921875, 1.7470703125, 1.435546875, 2.31640625, 7.67578125, 1.1279296875, 8.25, 6.72265625, 8.203125, 4.15625, 7.2421875, 14.875, 0.2327880859375, 11.1484375]",-0.4507529930108123
78,1,test,2.9209048243833697,1.2141852004980953,1.714801368889985,5.143731766209708,2.1381877744620548,3.0197759955295336,18.558071660971667,13.047217540809068,15.217628585579721,32.680880912402934,22.976232147336724,26.79833964756177,2.9555301492537684,1.1361587350092939,1.6882876271578533,4.845131392219293,1.8625553032939246,2.767684634685006,19.211905197682174,13.043925071048262,15.660858082222349,31.494926553577336,21.38348372302994,25.67353783970877,2.9209048243833697,1.2141852004980953,1.714801368889985,5.143731766209708,2.1381877744620548,3.0197759955295336,18.558071660971667,13.047217540809068,15.217628585579721,32.680880912402934,22.976232147336724,26.79833964756177,0.6834170854271358,-0.016582914572864205,-0.016582914572864205,0.507537688442211,-0.0024623115577889765,-0.012462311557788985,0.39698492462311563,0.0019849246231156137,-0.0030150753768843908,0.4086021505376344,0.08960573476702505,0.13978494623655913,0.41007194244604317,0.39698492462311563,0.07537688442211066,0.12730318257956452,0.4191919191919192,0.4086021505376344,0.08960573476702505,0.13978494623655913,0.41007194244604317,19.0,9.0,9.0,32.0,14.0,13.0,41.0,15.0,14.0,-3.607117563716324e-05,-0.00019909241834809144,-2.415727292584097e-05,-0.0002456840853515274,0.00018111633153772289,2.978536601450088e-05,"[6.6796875, 7.23828125, 0.1263427734375, 0.9765625, 1.8662109375, 0.5810546875, 0.7568359375, 2.2890625, 3.193359375, 0.057159423828125, 0.1881103515625, 2.609375, 0.57080078125, 0.03277587890625, 1.064453125, 2.953125, 4.4296875, 4.05859375, 2.5234375, 5.5078125, 4.59375, 0.3486328125, 10.8515625, 5.09765625, 2.009765625, 3.677734375, 0.0218505859375, 5.6796875, 1.3564453125, 1.84375, 3.505859375, 1.060546875, 0.0032672882080078125, 8.1328125, 0.4521484375, 1.4580078125, 5.87109375, 8.5, 1.1943359375, 1.39453125, 1.7900390625, 5.21875, 2.6171875, 3.83203125, 2.751953125, 3.623046875, 2.40625, 0.0048675537109375, 5.0234375, 0.8115234375, 0.0015239715576171875, 0.0018606185913085938, 4.453125, 0.86328125, 0.00029015541076660156, 0.00040793418884277344, 1.9794921875, 0.8359375, 0.0005044937133789062, 0.00041961669921875, 5.41796875, 3.4609375, 1.9658203125, 6.4375, 5.50390625, 0.193115234375, 3.45703125, 6.69140625, 6.609375, 0.99609375, 7.578125, 0.85205078125, 1.6826171875, 0.05694580078125, 1.123046875, 0.302490234375, 8.3671875, 2.16796875, 3.16015625, 2.53125, 4.15625, 3.87890625, 1.046875, 3.5625, 0.615234375, 1.60546875, 0.0355224609375, 8.6875, 2.955078125, 1.2587890625, 0.4345703125, 0.0006356239318847656, 12.9375, 0.7490234375, 7.57421875, 0.038787841796875, 7.67578125, 5.01953125, 1.4326171875, 0.82177734375, 2.244140625, 0.72607421875, 4.51171875, 4.05078125, 0.0550537109375, 5.53125, 4.90625, 4.84375, 1.369140625, 3.3671875, 1.3876953125, 0.0002014636993408203, 3.265625, 0.2271728515625, 0.00028586387634277344, 1.537799835205078e-05, 2.353515625, 1.7783203125, 2.26171875, 0.0117034912109375, 5.06640625, 4.609375, 5.49609375, 0.4638671875, 5.0546875, 7.75, 6.74609375, 1.9482421875, 7.15625, 1.0966796875, 6.14453125, 1.0732421875, 1.8896484375, 7.390625, 1.880859375, 13.6171875, 1.1474609375, 2.306640625, 0.66455078125, 5.80078125, 1.427734375, 7.60546875, 8.609375, 0.40185546875, 1.83984375, 6.5703125, 4.22265625, 0.0804443359375, 0.56103515625, 0.10107421875, 0.45068359375, 0.12457275390625, 0.10870361328125, 0.22607421875, 5.78125, 6.01171875, 0.728515625, 0.1239013671875, 5.9375, 1.4658203125, 4.390625, 2.890625, 1.7451171875, 6.58203125, 2.212890625, 2.43359375, 3.080078125, 0.00995635986328125, 9.953125, 3.34765625, 1.4208984375, 1.8408203125, 3.05859375, 0.7001953125, 6.29296875, 2.140625, 5.0703125, 0.93994140625, 1.830078125, 0.00894927978515625, 1.32421875, 3.38671875, 0.00925445556640625, 4.49609375, 4.2109375, 1.212890625, 12.1953125, 1.203125, 1.23828125, 3.541015625, 5.37109375, 1.4326171875, 1.970703125, 1.6826171875, 8.546875, 1.572265625, 0.2093505859375, 6.921875, 0.150146484375, 0.37646484375, 1.1513671875, 4.46875, 0.60791015625, 6.97265625, 5.8828125, 2.671875, 1.5244140625, 9.572505950927734e-05, 4.48828125, 0.406005859375, 3.833984375, 0.03546142578125, 1.5654296875, 10.2109375, 0.141357421875, 1.4697265625, 8.1640625, 4.109375, 0.0011949539184570312, 1.2109375, 3.544921875, 0.76513671875, 5.08984375, 14.3828125, 0.383056640625, 0.0014286041259765625, 1.955078125, 1.2236328125, 1.2978515625, 7.69140625, 10.6640625, 7.8984375, 1.08984375, 2.96875, 0.1673583984375, 2.328125, 3.25390625, 6.38671875, 3.5390625, 0.0217437744140625, 2.783203125, 0.7578125, 0.54833984375, 2.6015625, 0.01169586181640625, 4.37890625, 6.66015625, 2.2734375, 4.70703125, 3.736328125, 1.7783203125, 2.423828125, 5.05859375, 0.01213836669921875, 0.978515625, 0.003612518310546875, 3.658203125, 1.9697265625, 1.1630859375, 2.177734375, 0.62841796875, 0.693359375, 0.0002684593200683594, 4.10546875, 3.197265625, 1.154296875, 3.544921875, 2.982421875, 1.4306640625, 0.0017833709716796875, 3.521484375, 0.75244140625, 3.166015625, 3.23828125, 2.28125, 0.05816650390625, 1.568359375, 10.3046875, 3.462890625]",-0.6176333931611859
99,1,test,3.713017573616384,1.6883094639273937,2.3063320376191934,5.913324283907574,2.688789146254738,3.673047319171307,40.97727208521328,33.403372211245554,36.89487010431162,65.26009998756189,53.19796315124292,58.758496832792574,3.68332583640688,1.597204466086548,2.224167555352837,5.416655641774823,2.3488300971860996,3.2708346402247597,39.778471004771525,31.72485349713409,35.476134359203414,58.49775147760518,46.654196319314835,52.170785822357956,3.7082484274058953,1.669078661729786,2.2992078232191897,5.905728976979759,2.6581623131252146,3.6617013480898204,40.78231075241153,33.09808391146815,36.690283106367886,64.94960601309985,52.71176326641225,58.432673095326635,0.7537688442211055,0.0037688442211054607,-0.006231155778894548,0.6331658291457287,-0.0018341708542712887,-0.021834170854271306,0.542713567839196,-0.017286432160804055,-0.007286432160804046,0.4513618677042801,0.10961429488874608,0.1861613502398558,0.4765625,0.4824120603015075,0.1465724613040138,0.21196130904942068,0.5151515151515151,0.46303501945525294,0.11157870877564124,0.19783450199082864,0.48828125,24.0,7.0,9.0,37.0,8.0,8.0,44.0,6.0,5.0,-0.00042961007553687225,-3.5700602424490975e-05,-0.00013637754770109503,-9.322580442105988e-05,-0.00015080139628764755,0.00010688561932692409,"[3.76953125, 0.0404052734375, 0.439208984375, 0.0208740234375, 0.0006074905395507812, 0.4072265625, 0.0201873779296875, 0.01070404052734375, 4.875, 0.80810546875, 2.447265625, 4.5, 0.0025043487548828125, 5.1171875, 2.4921875, 7.46484375, 6.6171875, 5.93359375, 0.07330322265625, 3.85546875, 1.1328125, 3.7109375, 3.71875, 4.4921875, 7.55859375, 9.640625, 0.8115234375, 0.64306640625, 5.80859375, 3.0625, 1.525390625, 4.6875, 1.376953125, 4.1796875, 1.634765625, 7.46484375, 1.998046875, 5.28125, 3.16796875, 6.6640625, 5.0859375, 2.87890625, 1.89453125, 5.26171875, 8.15625, 3.55078125, 1.857421875, 3.890625, 0.0029201507568359375, 4.71875, 1.9169921875, 5.93359375, 0.06396484375, 4.0078125, 8.390625, 5.0, 5.03515625, 1.2578125, 5.609375, 4.57421875, 3.765625, 5.9375, 2.033203125, 9.046875, 1.783203125, 1.0166015625, 11.8359375, 1.599609375, 4.33203125, 8.4921875, 10.7578125, 5.3203125, 7.1484375, 3.357421875, 0.435546875, 10.5078125, 0.053131103515625, 1.263671875, 3.1796875, 5.8515625, 0.09906005859375, 3.150390625, 4.13671875, 6.98828125, 0.0400390625, 1.1396484375, 9.578125, 3.265625, 6.5078125, 0.285400390625, 0.7880859375, 4.70703125, 5.640625, 0.0013217926025390625, 0.189208984375, 3.080078125, 3.330078125, 4.125, 1.5390625, 8.265625, 5.484375, 0.47802734375, 3.849609375, 2.658203125, 4.982948303222656e-05, 0.17578125, 2.08203125, 0.01568603515625, 0.0001169443130493164, 0.1260986328125, 1.0341796875, 1.41015625, 3.171875, 5.8125, 2.7421875, 0.133544921875, 3.294921875, 5.72265625, 3.841796875, 0.9228515625, 4.109375, 6.0, 12.0234375, 1.7138671875, 8.3984375, 1.8623046875, 1.51953125, 0.0003216266632080078, 9.828125, 0.84521484375, 0.254638671875, 3.404296875, 3.62890625, 10.0625, 3.892578125, 3.724609375, 4.47265625, 4.296875, 0.65234375, 0.1495361328125, 5.1328125, 5.59765625, 4.5, 0.83935546875, 7.6171875, 0.1529541015625, 3.33203125, 4.37890625, 5.7109375, 4.55078125, 2.46484375, 9.140625, 4.4765625, 8.71875, 0.383056640625, 2.916015625, 4.21875, 1.6357421875, 14.0703125, 1.4833984375, 1.2763671875, 3.7670135498046875e-05, 0.37060546875, 1.0732421875, 3.32421875, 2.19921875, 2.326171875, 7.7421875, 0.02105712890625, 4.88671875, 5.04296875, 1.4140625, 2.845703125, 6.50390625, 13.1875, 0.00896453857421875, 7.625, 4.9609375, 1.9130859375, 2.6015625, 0.450927734375, 0.0860595703125, 2.615234375, 2.4765625, 2.9609375, 6.52734375, 3.173828125, 4.74609375, 5.91015625, 0.377197265625, 4.0625, 9.9765625, 5.85546875, 10.2421875, 0.4375, 6.58984375, 2.595703125, 3.619140625, 3.783203125, 12.78125, 0.38037109375, 5.30859375, 0.97802734375, 2.73828125, 5.3671875, 0.11907958984375, 9.671875, 0.03515625, 2.43359375, 7.921875, 2.146484375, 3.80859375, 6.15234375, 2.51953125, 5.4921875, 6.5625, 3.765625, 0.003955841064453125, 0.31884765625, 7.17578125, 3.36328125, 0.005157470703125, 4.77734375, 3.328125, 3.564453125, 2.955078125, 8.6796875, 3.126953125, 0.42724609375, 4.28125, 2.455078125, 1.6513671875, 5.6015625, 1.3251953125, 1.7373046875, 3.845703125, 0.014617919921875, 4.38671875, 1.8330078125, 9.890625, 3.052734375, 11.296875, 5.84375, 3.275390625, 6.52734375, 2.119140625, 1.478515625, 11.609375, 0.84716796875, 0.4716796875, 10.34375, 3.30859375, 0.87060546875, 1.9169921875, 3.751953125, 0.01465606689453125, 2.541015625]",-0.6837066504741922
33,1,test,3.4908761363763077,1.5448975756357397,2.136595025844469,5.5556016560622945,2.4586479709812683,3.400312815520771,32.814685254816595,25.814206356638884,28.94071025928669,52.223371045775195,41.08236499440701,46.058081571181866,3.385415635516296,1.4087695019834972,1.9910333167266436,4.871101633836398,2.0270064776740973,2.864796139175027,29.530263992306537,22.311771510766906,25.497780978078456,42.489588478138906,32.1032683608157,36.68745464471721,3.4908761363763077,1.5448975756357397,2.136595025844469,5.5556016560622945,2.4586479709812683,3.400312815520771,32.814685254816595,25.814206356638884,28.94071025928669,52.223371045775195,41.08236499440701,46.058081571181866,0.7336683417085428,-0.001331658291457205,-0.021331658291457223,0.5577889447236181,-0.00221105527638199,-0.007211055276381884,0.4773869346733668,0.017386934673366827,-0.0026130653266331905,0.4192307692307692,0.1044514985973719,0.16091874877041112,0.4555984555984556,0.4321608040201005,0.11386506467172952,0.15336280735899865,0.46464646464646464,0.4192307692307692,0.1044514985973719,0.16091874877041112,0.4555984555984556,23.0,8.0,11.0,36.0,13.0,15.0,46.0,14.0,14.0,-0.00030633950030869333,5.8747425312944265e-05,-8.267381990745874e-05,-0.00011401557000390028,-0.0001672912548489336,9.637194842149199e-05,"[1.859375, 5.28125, 0.00511932373046875, 0.052032470703125, 2.68359375, 2.25, 0.09161376953125, 0.19287109375, 10.5, 5.22265625, 2.96484375, 0.61767578125, 0.1385498046875, 0.79443359375, 0.157958984375, 0.97119140625, 2.80078125, 0.371337890625, 8.8984375, 0.65869140625, 8.2109375, 0.044097900390625, 3.001953125, 6.41796875, 6.6484375, 5.78515625, 1.2333984375, 4.55078125, 0.85986328125, 3.712890625, 7.24609375, 4.8203125, 9.2578125, 0.90234375, 6.265625, 1.669921875, 8.875, 1.2216796875, 6.55859375, 1.533203125, 2.06640625, 3.39453125, 4.0625, 2.974609375, 4.16796875, 1.177734375, 8.546875, 5.3046875, 10.953125, 3.806640625, 1.279296875, 1.0615234375, 0.69140625, 4.53515625, 5.78515625, 5.44921875, 3.076171875, 4.359375, 0.01128387451171875, 1.74609375, 0.9677734375, 3.625, 9.8046875, 8.796875, 1.08984375, 1.0263671875, 3.84765625, 1.8408203125, 5.83203125, 5.44921875, 10.2890625, 0.8544921875, 0.286865234375, 6.15234375, 0.4755859375, 5.23828125, 0.54541015625, 0.2257080078125, 1.5361328125, 4.11328125, 5.71484375, 5.15625, 3.8046875, 1.0703125, 2.865234375, 2.970703125, 4.79296875, 6.203125, 1.5751953125, 4.21875, 0.07598876953125, 3.677734375, 0.5302734375, 0.7880859375, 1.251953125, 4.10546875, 1.720703125, 2.4375, 0.0007696151733398438, 6.14453125, 0.273681640625, 0.5791015625, 0.036834716796875, 0.0157470703125, 1.408203125, 11.53125, 5.23828125, 4.52734375, 0.047607421875, 3.26171875, 6.81640625, 1.16015625, 7.265625, 2.853515625, 0.1666259765625, 0.0643310546875, 1.3623046875, 1.4560546875, 1.880859375, 0.1494140625, 1.88671875, 3.14453125, 1.373046875, 3.373046875, 1.6376953125, 1.6337890625, 2.751953125, 10.6953125, 1.669921875, 11.25, 1.0615234375, 6.18359375, 7.31640625, 0.071044921875, 1.560546875, 0.64697265625, 9.609375, 2.287109375, 1.21875, 2.744140625, 0.70166015625, 7.19140625, 0.5009765625, 4.1953125, 3.99609375, 0.5478515625, 8.984375, 3.138671875, 0.50732421875, 1.607421875, 1.8525390625, 6.4453125, 1.5078125, 4.22265625, 0.39501953125, 11.1171875, 3.58203125, 10.046875, 6.23046875, 1.7275390625, 8.6796875, 1.3623046875, 1.1025390625, 11.765625, 7.2109375, 0.0160980224609375, 5.08984375, 2.876953125, 4.24609375, 1.349609375, 1.287109375, 0.1680908203125, 1.716796875, 0.01873779296875, 0.2161865234375, 1.501953125, 4.15234375, 3.759765625, 0.8232421875, 9.828125, 2.248046875, 7.8671875, 2.27734375, 5.3359375, 1.4716796875, 6.54296875, 0.0296478271484375, 3.056640625, 4.38671875, 2.75390625, 7.6015625, 0.189697265625, 3.05078125, 3.765625, 3.82421875, 3.5703125, 2.0078125, 4.79296875, 4.4765625, 3.767578125, 3.45703125, 6.83984375, 5.796875, 10.53125, 5.43359375, 1.0791015625, 0.061431884765625, 7.16015625, 2.458984375, 8.4921875, 0.0035228729248046875, 5.1796875, 1.45703125, 5.6953125, 8.8359375, 0.1070556640625, 3.419921875, 1.24609375, 3.484375, 1.1142578125, 8.1015625, 11.2265625, 8.640625, 0.0212249755859375, 5.9296875, 1.748046875, 1.4560546875, 9.484375, 3.2265625, 6.515625, 5.484375, 4.41015625, 7.98828125, 3.109375, 0.0723876953125, 2.8515625, 2.068359375, 2.3126602172851562e-05, 3.005859375, 0.0011663436889648438, 0.00311279296875, 0.0002841949462890625, 0.035064697265625, 0.042724609375, 0.611328125, 6.15234375, 6.50390625, 1.34765625, 2.4453125, 8.484375, 0.4501953125, 2.673828125, 7.8984375, 1.451171875, 6.89453125, 0.0012865066528320312, 4.55078125, 7.109375, 0.0218963623046875, 1.9755859375]",-1.1513410228949326
269,1,test,3.1530561713905603,1.4171067676460507,1.9317003062225433,5.517848299933481,2.479936843380589,3.3804755358894507,23.407492686553724,17.73318022576217,20.015709268206464,40.963112201469016,31.033065395083792,35.02749121936131,3.2008467822817703,1.3226211014022873,1.9089747000316242,5.247289807019296,2.1682313137742417,3.1294667213633187,24.553312706895962,18.01142554388739,20.9137189060403,40.25133230638682,29.526927121126867,34.284785091869345,3.1530561713905603,1.4171067676460507,1.9317003062225433,5.517848299933481,2.479936843380589,3.3804755358894507,23.407492686553724,17.73318022576217,20.015709268206464,40.963112201469016,31.033065395083792,35.02749121936131,0.6834170854271358,-0.006582914572864196,-0.006582914572864196,0.542713567839196,0.012713567839195972,0.012713567839195972,0.4723618090452262,0.002361809045226204,-0.0026381909547738003,0.46153846153846156,0.14565713518593104,0.212701252236136,0.4491228070175438,0.4623115577889447,0.15404088109721537,0.19853860286407,0.4494949494949495,0.46153846153846156,0.14565713518593104,0.212701252236136,0.4491228070175438,26.0,12.0,12.0,41.0,13.0,13.0,46.0,13.0,14.0,0.0003874885777134972,-6.172756605331865e-05,-6.560944431113113e-05,-0.00029419353837489837,0.00015400165618917327,5.253467235455389e-06,"[3.283203125, 5.5078125, 3.791015625, 0.03619384765625, 4.36328125, 0.22900390625, 0.10693359375, 6.93359375, 1.8466796875, 0.486572265625, 1.5341796875, 0.8994140625, 6.318092346191406e-06, 1.8835067749023438e-05, 0.0005908012390136719, 9.620189666748047e-05, 7.37890625, 0.56591796875, 9.3125, 0.9599609375, 4.125, 0.0555419921875, 1.8232421875, 6.69140625, 0.345703125, 6.3671875, 0.2064208984375, 3.427734375, 7.08203125, 0.0999755859375, 5.41796875, 1.7216796875, 7.77734375, 0.474365234375, 0.90673828125, 7.2109375, 1.2451171875, 4.87890625, 3.75390625, 7.95703125, 5.5078125, 0.7705078125, 0.388427734375, 5.94140625, 3.91015625, 0.1829833984375, 0.03582763671875, 1.7109375, 6.3125, 2.232421875, 0.70751953125, 2.833984375, 5.8828125, 0.01776123046875, 3.44140625, 0.344482421875, 5.26953125, 0.50439453125, 5.73828125, 0.9208984375, 3.439453125, 0.08111572265625, 6.07421875, 1.0849609375, 5.8046875, 0.95166015625, 4.38671875, 0.279296875, 1.28125, 5.515625, 8.25, 1.51953125, 1.5927734375, 1.431640625, 3.794921875, 9.7265625, 2.630859375, 0.1053466796875, 2.03125, 0.159423828125, 1.7978515625, 1.341796875, 6.6640625, 3.943359375, 5.13671875, 3.97265625, 1.130859375, 0.0015916824340820312, 3.759765625, 3.35546875, 2.935546875, 1.328125, 1.37890625, 7.4765625, 5.37109375, 1.5927734375, 1.9404296875, 0.165283203125, 1.052734375, 3.720703125, 4.35546875, 9.9296875, 0.37353515625, 5.92578125, 4.328125, 8.890625, 0.2366943359375, 0.65234375, 0.7587890625, 7.7109375, 4.1015625, 6.49609375, 0.1304931640625, 8.203125, 0.486083984375, 7.64453125, 0.2154541015625, 1.9150390625, 6.24609375, 8.15625, 1.0537109375, 2.01953125, 6.4296875, 2.853515625, 10.40625, 0.342529296875, 5.03515625, 2.181640625, 0.486572265625, 6.74609375, 0.1702880859375, 0.1810302734375, 7.41015625, 1.7294921875, 5.26953125, 2.98046875, 0.004261016845703125, 8.9453125, 0.10015869140625, 6.77734375, 8.9296875, 4.34375, 7.84375, 0.3515625, 10.71875, 4.1953125, 0.00482940673828125, 7.7265625, 6.01171875, 6.51171875, 4.57421875, 3.318359375, 0.00748443603515625, 3.451171875, 3.814453125, 3.375, 1.5078125, 4.33984375, 0.0031604766845703125, 3.787109375, 5.4921875, 5.546875, 2.017578125, 5.44140625, 3.3671875, 7.78515625, 0.051727294921875, 0.07867431640625, 2.87890625, 1.1875, 8.390625, 3.271484375, 4.55859375, 3.56640625, 0.1514892578125, 1.642578125, 1.26171875, 8.0390625, 1.892578125, 0.277099609375, 3.73828125, 5.125999450683594e-06, 3.9765625, 1.927734375, 0.005878448486328125, 3.3736228942871094e-05, 4.30859375, 1.64453125, 0.004817962646484375, 2.658367156982422e-05, 2.927734375, 1.4423828125, 0.006916046142578125, 5.0067901611328125e-06, 4.97265625, 0.91552734375, 7.37890625, 4.7578125, 0.5361328125, 4.25, 5.79296875, 5.51171875, 3.8359375, 7.37890625, 6.56640625, 2.177734375, 3.18359375, 8.5859375, 0.382568359375, 6.3671875, 0.052947998046875, 0.42626953125, 10.2578125, 0.135498046875, 0.04180908203125, 1.220703125, 3.55859375, 0.01525115966796875, 6.1875, 0.248779296875, 0.043182373046875, 0.02044677734375, 2.3515625, 3.966796875, 1.25, 2.7265625, 1.4873046875, 5.2578125, 2.07421875, 1.205078125, 8.559226989746094e-05, 5.15625, 0.404541015625, 6.09375, 1.8515625, 7.328125, 9.03125, 5.15234375, 2.873046875, 3.505859375, 1.9130859375, 1.0013580322265625e-05, 4.140625, 0.5966796875, 0.0025787353515625, 8.58306884765625e-06, 3.939453125, 1.546875, 4.2421875, 0.01419830322265625, 5.8046875, 1.1181640625, 1.0693359375, 5.8046875, 0.490966796875, 4.48828125, 0.0506591796875, 6.09765625, 11.171875, 4.15625, 2.26953125, 6.76171875, 3.54296875, 6.18359375, 0.0092315673828125, 1.9892578125, 4.109375, 1.939453125, 0.06036376953125, 3.751953125, 0.89111328125, 1.633167266845703e-05, 3.91796875, 1.8017578125, 5.41796875, 2.169921875, 1.0419921875, 9.9296875, 2.0078125, 0.057373046875, 2.0234375, 2.552734375, 0.4853515625, 4.8984375, 0.456298828125, 1.09375]",-0.9394535751609534
249,1,test,3.7316729339968315,1.6878842175228446,2.322786008853747,6.181298725025426,2.795881832706552,3.8475596465675563,41.74889291740211,34.02909091404706,37.657494081934836,69.15460789999122,56.367205808544206,62.377444184800034,3.8602694674352906,1.7107719614278132,2.37407005751752,5.938876103746601,2.6319568637350974,3.652415473103877,47.47814345880049,38.89759781773607,43.057879515799556,73.04329762892382,59.84245818113241,66.24289156276855,3.7316729339968315,1.6878842175228446,2.322786008853747,6.181298725025426,2.795881832706552,3.8475596465675563,41.74889291740211,34.02909091404706,37.657494081934836,69.15460789999122,56.367205808544206,62.377444184800034,0.7688442211055276,0.013844221105527632,0.003844221105527623,0.6432160804020101,0.0032160804020100464,0.00821608040201005,0.4974874371859297,-0.012512562814070316,-0.002512562814070307,0.4237918215613383,0.09665427509293678,0.1561338289962826,0.3955223880597015,0.44221105527638194,0.10552763819095479,0.16582914572864327,0.40909090909090906,0.4237918215613383,0.09665427509293678,0.1561338289962826,0.3955223880597015,25.0,-1.0,-1.0,39.0,1.0,-1.0,49.0,2.0,-1.0,0.00021596842920597824,0.00031074513446430137,2.0015734795350136e-05,-0.00017638486674709242,0.00021985158203818855,6.483093570341936e-05,"[6.26953125, 2.361328125, 9.8203125, 0.1163330078125, 0.226806640625, 7.32421875, 5.875, 4.765625, 2.1953125, 3.529296875, 3.39453125, 5.7578125, 1.8935546875, 4.67578125, 1.7998046875, 10.8671875, 9.484375, 7.97265625, 4.4921875, 11.375, 9.46875, 6.515625, 2.19140625, 0.187744140625, 0.28369140625, 4.28515625, 5.79296875, 1.6220703125, 9.765625, 3.81640625, 2.15625, 2.66796875, 7.75, 0.06256103515625, 2.73046875, 7.17578125, 2.947265625, 4.671875, 4.21875, 4.16015625, 0.03619384765625, 2.46484375, 0.57177734375, 3.109375, 3.427734375, 0.2222900390625, 1.7412109375, 5.94140625, 8.3359375, 1.9990234375, 0.81005859375, 1.57421875, 6.3203125, 2.0078125, 2.943359375, 4.57421875, 2.203125, 5.65625, 1.779296875, 6.82421875, 5.1953125, 2.890625, 6.859375, 0.58984375, 7.29296875, 2.01953125, 0.88232421875, 1.9677734375, 0.0882568359375, 5.921875, 4.98046875, 7.5703125, 10.0, 4.4765625, 0.0009899139404296875, 6.89453125, 1.26171875, 0.5712890625, 9.390625, 2.119140625, 0.00408935546875, 3.072265625, 2.474609375, 2.771484375, 0.148193359375, 4.3515625, 6.5546875, 0.55908203125, 0.6376953125, 1.3955078125, 5.73828125, 0.0247344970703125, 1.8359375, 4.0625, 0.0277099609375, 0.509765625, 3.482421875, 2.373046875, 9.6875, 0.006084442138671875, 5.01171875, 7.41015625, 5.62109375, 0.0050201416015625, 12.03125, 1.5078125, 1.6044921875, 5.94921875, 2.83203125, 5.93359375, 0.037139892578125, 12.0859375, 0.630859375, 6.18359375, 0.5615234375, 4.40234375, 4.90234375, 3.12109375, 11.6875, 2.900390625, 1.3671875, 5.58984375, 0.146728515625, 9.515625, 0.019744873046875, 6.09375, 5.8515625, 1.333984375, 3.662109375, 5.30859375, 1.2314453125, 0.00016188621520996094, 0.1182861328125, 0.23193359375, 5.1171875, 5.03125, 7.28515625, 0.1502685546875, 0.0260467529296875, 1.50390625, 0.91259765625, 8.203125, 0.226318359375, 1.359375, 1.654296875, 0.362548828125, 1.689453125, 3.150390625, 5.73046875, 6.23046875, 1.025390625, 4.81640625, 10.1953125, 6.55078125, 4.80078125, 0.1031494140625, 10.4296875, 1.486328125, 2.912109375, 6.109375, 4.15625, 5.8984375, 4.47265625, 1.0625, 5.435943603515625e-05, 0.1685791015625, 2.353515625, 3.6954879760742188e-06, 0.040679931640625, 0.303466796875, 8.140625, 1.8203125, 9.078125, 2.671875, 10.4921875, 5.015625, 1.2958984375, 9.0390625, 0.057373046875, 10.2578125, 5.01953125, 6.89453125, 8.5859375, 0.012908935546875, 3.845703125, 1.4892578125, 5.8515625, 8.078125, 3.236328125, 1.2734375, 1.9765625, 8.7890625, 11.7109375, 2.814453125, 0.0183563232421875, 7.5703125, 0.1356201171875, 0.041839599609375, 2.6015625, 9.4765625, 2.1640625, 6.68359375, 7.59375, 3.259765625, 5.48046875, 4.9765625, 1.154296875, 0.84521484375, 8.1640625, 1.6875, 4.5390625, 3.337890625, 0.59228515625, 3.615234375, 0.0131072998046875, 1.607421875, 2.562999725341797e-05, 0.3447265625, 0.378173828125, 0.89306640625, 0.00048089027404785156, 7.640625, 0.96630859375, 7.44921875, 2.234375, 8.703125, 0.03277587890625, 0.8271484375, 4.67578125, 3.671875, 5.234375, 1.7666015625, 3.1015625, 12.2265625, 3.1484375, 8.1015625, 3.21484375, 0.833984375, 1.1572265625, 2.16796875, 3.04296875, 5.94140625, 1.30859375, 3.216796875, 0.0025653839111328125, 2.943359375, 0.57763671875, 8.5859375, 1.03125, 6.86328125, 1.2666015625, 3.892578125, 6.359375, 8.015625, 0.1026611328125, 5.2265625, 1.7900390625, 1.9521484375, 3.7109375, 4.87890625, 6.4373016357421875e-06, 0.1317138671875, 2.388671875, 0.97314453125, 6.58984375, 3.2890625, 0.71533203125, 5.87890625, 1.05859375]",-0.5555332389462837
342,1,test,2.515530754854013,1.0602393631839349,1.4847660256228636,4.353301928089329,1.8348183798105406,2.5694914640312776,12.373174158898859,8.08744204859078,9.569965448022018,21.412643363068494,13.9958841669913,16.56149460953033,2.429333029080875,0.9165836792190605,1.332985109193262,3.737435429355192,1.4101287372600932,2.0507463218357875,11.351308561919238,6.812115076622679,8.358093983013607,17.463551633721902,10.480177040957965,12.858606127713239,2.4822839534402292,1.0488827771913827,1.4613083971037617,4.3548841288425075,1.8401452231427764,2.563698942287301,11.968568878986565,7.775632997599808,9.192667387229967,20.99748926137994,13.64146139929791,16.1274866442631,0.5527638190954773,-0.0072361809045227155,-0.0072361809045227155,0.44221105527638194,-0.0027889447236180143,0.00221105527638199,0.31155778894472363,-0.008442211055276316,-0.003442211055276312,0.39039039039039036,0.0950380665523094,0.16261816261816264,0.39457831325301207,0.3869346733668342,0.09620785632422768,0.14319510742359542,0.38383838383838387,0.39799331103678925,0.10750917080306643,0.1699621653193254,0.3993288590604027,22.0,7.0,8.0,31.0,7.0,7.0,37.0,5.0,7.0,-0.0001266262834496811,-0.00019209089456223227,-0.00016662566847078984,-0.04215751403585255,-0.04015293442371792,-0.04299152629683167,"[9.9140625, 1.6201171875, 1.4404296875, 3.2578125, 0.21826171875, 6.734375, 0.9892578125, 4.734375, 2.23828125, 0.04522705078125, 0.68994140625, 0.288330078125, 1.7138671875, 0.0100860595703125, 2.810546875, 0.0245208740234375, 0.233154296875, 0.99951171875, 0.007717132568359375, 4.5299530029296875e-06, 1.8715858459472656e-05, 0.0005202293395996094, 1.1920928955078125e-06, 4.984375, 0.68896484375, 6.58203125, 2.880859375, 10.296875, 0.333251953125, 1.4072265625, 0.2333984375, 0.4189453125, 0.0718994140625, 0.0501708984375, 0.072509765625, 0.8984375, 5.48828125, 5.1640625, 0.0438232421875, 1.26171875, 1.4609375, 10.578125, 2.146484375, 1.9248046875, 1.8037109375, 6.08203125, 0.76513671875, 8.7890625, 0.2205810546875, 0.003574371337890625, 0.250732421875, 2.646484375, 8.4375, 1.4775390625, 1.54296875, 0.0775146484375, 0.0938720703125, 0.1805419921875, 0.148193359375, 0.2384033203125, 0.986328125, 0.1539306640625, 0.23486328125, 5.56640625, 3.96484375, 5.703125, 2.005859375, 11.6953125, 2.498046875, 2.908203125, 3.345703125, 5.9453125, 3.724609375, 2.154296875, 0.214111328125, 0.00013315677642822266, 0.42333984375, 6.18359375, 3.169921875, 7.987022399902344e-06, 0.0005426406860351562, 0.09619140625, 2.087890625, 8.821487426757812e-06, 2.2649765014648438e-06, 0.00015616416931152344, 1.1205673217773438e-05, 1.430511474609375e-06, 2.384185791015625e-07, -0.0, 0.1839599609375, 0.81884765625, 4.1484375, 0.035736083984375, 0.0237884521484375, 0.64892578125, 6.24609375, 6.3203125, 1.8759765625, 0.338134765625, 1.53125, 2.626953125, 2.0625, 1.4921875, 4.80859375, 0.1466064453125, 6.33984375, 4.828125, 2.341796875, 5.3203125, 1.4228515625, 7.53125, 1.712890625, 6.44140625, 1.4033203125, 0.1563720703125, 0.25634765625, 0.4130859375, 1.0458984375, 0.751953125, 8.1484375, 0.10235595703125, 4.8828125, 7.06640625, 7.36328125, 6.50390625, 0.498291015625, 7.28515625, 2.107421875, 4.5234375, 5.8359375, 2.19921875, 6.734375, 6.90234375, 7.98046875, 5.31640625, 5.875, 5.62109375, 2.71484375, 2.626953125, 1.517578125, 4.12109375, 0.03997802734375, 0.1971435546875, 0.74365234375, 1.6572265625, 5.3125, 4.84765625, 0.303466796875, 1.6435546875, 2.6484375, 3.49609375, 2.1796875, 6.046875, 3.634765625, 0.80126953125, 4.63671875, 2.611328125, 1.9921875, 0.4794921875, 2.408203125, 6.6484375, 0.359619140625, 0.361328125, 4.4453125, 5.35546875, 0.5771484375, 2.75390625, 0.10595703125, 0.0401611328125, 8.71875, 1.7939453125, 3.294921875, 0.443115234375, 0.0002956390380859375, 1.0013580322265625e-05, 9.489059448242188e-05, 6.079673767089844e-06, 1.1920928955078125e-06, -0.0, 0.00021374225616455078, 0.2181396484375, 3.419921875, 7.867813110351562e-06, 0.00035572052001953125, 6.794929504394531e-06, 2.1457672119140625e-06, 7.152557373046875e-07, 4.76837158203125e-07, 1.71661376953125e-05, 1.5537109375, 3.119140625, 2.3203125, 0.65771484375, 4.04296875, 4.234375, 2.609375, 2.64453125, 4.6328125, 0.58154296875, 3.6171875, 0.7119140625, 0.83935546875, 2.451171875, 6.46484375, 0.27880859375, 3.5078125, 1.1552734375, 4.21484375, 2.2890625, 6.49609375, 2.7734375, 3.341796875, 4.4921875, 2.431640625, 2.0078125, 0.94384765625, 1.5, 4.84375, 2.169921875, 0.78515625, 4.8984375, 2.12890625, 10.5859375, 0.80517578125, 5.00390625, 2.703125, 0.30859375, 6.86328125, 0.634765625, 2.927734375, 2.17578125, 0.414306640625, 4.93359375, 9.6484375, 0.3525390625, 4.85546875, 5.37890625, 0.00296783447265625, 1.1015625, 7.34765625, 3.599609375, 2.4609375, 0.00026106834411621094, 1.3525390625, 1.1630859375, 0.0018310546875, 3.337860107421875e-06, 2.4199485778808594e-05, 2.1457672119140625e-06, 1.1920928955078125e-06, -0.0, 1.33514404296875e-05, 0.413330078125, 1.26171875, 6.3671875, 4.66015625, 8.3515625, 0.2210693359375, 5.87890625, 2.98828125, 0.0035190582275390625, 5.44140625, 0.02569580078125, 0.0006003379821777344, 0.0509033203125, 2.06640625, 7.33203125, 0.1112060546875, 4.046875, 2.884765625, 9.1640625, 0.40869140625, 8.421875, 4.1875, 1.55078125, 1.337890625, 3.767578125, 3.1015625, 8.3359375, 5.3046875, 1.455078125, 4.1640625, 3.8984375, 0.09185791015625, 6.28125, 0.95263671875, 0.0010442733764648438, 1.7881393432617188e-06, 2.4080276489257812e-05, 8.344650268554688e-07, 4.76837158203125e-07, -0.0, 5.841255187988281e-06, 0.5029296875, 0.97998046875, 3.466796875, 0.032623291015625, 4.6484375, 3.486328125, 3.712890625, 5.2578125, 3.328125, 3.109375, 0.269287109375, 1.37109375, 3.517578125, 0.0228118896484375, 1.8466796875, 1.5556640625, 5.74609375, 0.02410888671875, 3.13671875, 2.21875, 1.33984375, 0.08258056640625, 5.88671875, 1.9287109375, 0.783203125, 0.016448974609375, 8.328125, 0.222412109375, 2.33203125, 7.70703125, 0.8154296875, 2.72265625, 6.515625, 0.0076751708984375, 0.00809478759765625, 1.5302734375, 2.306640625, 12.703125, 0.11248779296875]",-1.0935586196882232
132,1,test,2.7365680206112746,1.1780927019360348,1.6313866070324252,4.988174619848399,2.1474094820099876,2.9736667267426484,15.433925185037204,10.68235409728539,12.414152938228717,28.132724387915914,19.47163278492527,22.628329406391586,2.741586267049588,1.11965386598853,1.5728598858810003,4.569310445082647,1.86608977664755,2.6214331431350004,15.511571085312454,10.448706731020295,12.293679425187044,25.852618475520757,17.414511218367156,20.48946570864507,2.7365680206112746,1.1780927019360348,1.6313866070324252,4.988174619848399,2.1474094820099876,2.9736667267426484,15.433925185037204,10.68235409728539,12.414152938228717,28.132724387915914,19.47163278492527,22.628329406391586,0.6080402010050252,-0.01195979899497479,-0.0219597989949748,0.5025125628140703,0.012512562814070316,0.002512562814070307,0.3417085427135679,-0.023291457286432116,-0.01829145728643211,0.40418118466898956,0.10730618466898956,0.15562627137419183,0.38111888111888115,0.39698492462311563,0.09448492462311564,0.14906479151163476,0.3787878787878788,0.40418118466898956,0.10730618466898956,0.15562627137419183,0.38111888111888115,25.0,6.0,6.0,33.0,2.0,2.0,43.0,8.0,6.0,-6.908289920931415e-05,-6.844729577238353e-05,0.00010505608071759696,-0.00030112346023614123,0.00015012813114179124,1.7489102663859057e-06,"[10.625, 5.5546875, 1.4697265625, 0.93701171875, 0.96484375, 4.87109375, 1.708984375, 0.07733154296875, 1.373046875, 0.04669189453125, 3.525390625, 0.005916595458984375, 3.880859375, 3.20703125, 0.8896484375, 0.369873046875, 0.336669921875, 6.359375, 0.69287109375, 3.5078125, 1.3251953125, 6.86328125, 5.45703125, 0.94970703125, 10.0078125, 6.109375, 0.01174163818359375, 5.875, 5.46484375, 1.244140625, 1.6181640625, 1.8310546875, 10.3515625, 1.6298828125, 0.87255859375, 0.163330078125, 0.0255126953125, 0.0109405517578125, 0.0002961158752441406, 2.6015625, 2.72265625, 1.7197265625, 4.5625, 1.9931640625, 0.2548828125, 3.37890625, 3.05859375, 4.53515625, 4.4140625, 4.15234375, 5.7578125, 2.796875, 1.037109375, 0.01239776611328125, 0.332275390625, 5.137920379638672e-05, 4.18359375, 2.48828125, 2.4921875, 4.4453125, 0.39208984375, 10.1875, 5.24609375, 2.13671875, 0.035797119140625, 7.6796875, 1.50390625, 6.05859375, 4.703125, 2.93359375, 0.11529541015625, 2.87890625, 5.65625, 5.453125, 0.76708984375, 2.3203125, 2.771484375, 4.1953125, 0.491455078125, 5.390625, 4.56640625, 3.279296875, 0.3173828125, 0.429443359375, 0.07806396484375, 0.69091796875, 5.447864532470703e-05, 7.37890625, 2.546875, 0.009979248046875, 0.58642578125, 0.31494140625, 0.1558837890625, 4.703125, 5.73046875, 1.529296875, 9.1796875, 2.365234375, 1.892578125, 2.794921875, 0.297119140625, 6.08203125, 0.95703125, 4.70703125, 6.63671875, 0.5888671875, 1.3857421875, 2.125, 2.58984375, 2.2109375, 2.83203125, 1.669921875, 2.13671875, 0.1885986328125, 6.11328125, 1.9072265625, 0.434326171875, 0.472900390625, 0.027008056640625, 2.44921875, 0.179931640625, 1.431640625, 0.0838623046875, 0.0188751220703125, 7.987022399902344e-06, 0.0019178390502929688, 0.0005078315734863281, 1.1444091796875e-05, 9.0703125, 0.89501953125, 2.291015625, 1.1259765625, 0.6103515625, 2.970703125, 2.642578125, 6.58203125, 0.08294677734375, 2.275390625, 6.95703125, 0.3212890625, 0.58935546875, 0.08197021484375, 9.46875, 0.59375, 3.080078125, 0.1629638671875, 0.609375, 0.18359375, 4.796875, 5.42578125, 4.890625, 0.0135040283203125, 7.92578125, 0.4169921875, 0.014739990234375, 0.97021484375, 0.2425537109375, 0.1251220703125, 4.296875, 9.0859375, 2.798828125, 2.814453125, 10.6953125, 0.51513671875, 10.2890625, 0.100341796875, 1.4580078125, 7.16796875, 9.53125, 0.40576171875, 0.55908203125, 0.489990234375, 1.4423828125, 6.04296875, 0.002704620361328125, 0.69091796875, 0.043243408203125, 3.3046875, 0.81103515625, 2.650390625, 1.2783203125, 1.767578125, 8.109375, 0.259765625, 7.27734375, 3.1953125, 0.049346923828125, 0.09271240234375, 2.310546875, 6.2578125, 9.2734375, 2.564453125, 2.486328125, 1.30859375, 4.7578125, 4.421875, 4.0234375, 3.79296875, 0.4833984375, 0.052093505859375, 5.453125, 0.51806640625, 0.343505859375, 0.0007829666137695312, 0.402587890625, 0.029937744140625, 5.19921875, 0.303466796875, 4.76953125, 4.2421875, 6.01953125, 3.25, 1.2783203125, 5.0234375, 5.85546875, 3.333984375, 10.90625, 5.69921875, 2.158203125, 1.6484375, 4.515625, 2.8671875, 0.00015270709991455078, 4.625, 0.06219482421875, 4.15234375, 0.77197265625, 0.4443359375, 4.5299530029296875e-05, 0.198486328125, 0.06610107421875, 6.93359375, 2.18359375, 3.248046875, 0.00016629695892333984, 0.07061767578125, 0.0179901123046875, 0.94921875, 4.3984375, 6.60546875, 4.09375, 5.890625, 0.028045654296875, 8.0078125, 3.271484375, 1.3388671875, 7.29296875, 0.417724609375, 1.595703125, 2.89453125, 8.625, 0.685546875, 0.428466796875, 0.0010538101196289062, 0.76611328125, 0.0271453857421875, 3.837890625, 0.00035643577575683594, 1.974609375, 9.921875, 0.78369140625, 3.009765625, 7.3515625, 0.12298583984375, 2.990234375, 12.4921875, 1.236328125, 3.359375, 0.00823974609375, 1.828125, 1.201171875, 2.57421875, 3.99609375, 0.038970947265625, 0.00865936279296875, 5.93359375, 5.5078125, 0.047027587890625, 1.400390625, 0.113525390625, 2.015625, 0.6044921875, 5.05859375, 2.615234375, 0.0002206563949584961, 2.87109375, 0.054962158203125]",-0.7682909500308153
184,1,test,3.1907080361362903,1.4502326664171097,1.9877791125843296,4.951699903074898,2.2506343019806505,3.08485938783579,24.305630616933616,18.605578205884207,20.975775070666863,37.72021363502266,28.8742306583121,32.55256896212781,2.9371389522025333,1.2356673984932594,1.7420371173067195,4.484181606416081,1.8865151122034494,2.659598652376671,18.861804516769798,13.37979598771034,15.557910311676652,28.796648117205798,20.427169446886015,23.752534826987258,3.1907080361362903,1.4502326664171097,1.9877791125843296,4.951699903074898,2.2506343019806505,3.08485938783579,24.305630616933616,18.605578205884207,20.975775070666863,37.72021363502266,28.8742306583121,32.55256896212781,0.6532663316582914,0.013266331658291386,0.008266331658291382,0.4723618090452262,-0.022638190954773818,-0.01263819095477381,0.3517587939698492,-0.0032412060301507672,-0.013241206030150776,0.3851590106007067,0.0853353774437402,0.13721541483102395,0.4113475177304965,0.35678391959798994,0.04851324290626058,0.1030276591639332,0.3787878787878788,0.3851590106007067,0.0853353774437402,0.13721541483102395,0.4113475177304965,22.0,1.0,1.0,29.0,1.0,-2.0,36.0,0.0,0.0,-0.0007016889356220494,-0.0003768438972352503,1.4102159062562482e-05,-0.01301024264961903,-0.012302865279917086,-0.013260514293915726,"[2.12109375, 9.0390625, 0.7978515625, 0.0180816650390625, 0.177490234375, 0.380615234375, 1.1920928955078125e-06, 0.0160980224609375, 0.0004582405090332031, 4.0531158447265625e-06, 5.9453125, 0.85595703125, 7.65625, 5.3828125, 1.4326171875, 7.76171875, 0.89501953125, 0.096435546875, 3.662109375, 13.0234375, 0.030914306640625, 1.857421875, 1.0546875, 9.5078125, 1.708984375, 4.49609375, 3.345703125, 10.2265625, 1.802734375, 2.314453125, 1.453125, 1.1650390625, 0.23828125, 1.2890625, 0.285400390625, 0.1265869140625, 1.8056640625, 0.0010004043579101562, 0.79833984375, 0.234130859375, 4.65625, 3.41015625, 0.008636474609375, 7.7265625, 5.65234375, 2.541015625, 0.53564453125, 0.60205078125, 1.037109375, 4.171875, 4.58203125, 2.470703125, 0.1865234375, 10.3046875, 0.458251953125, 4.46484375, 2.91796875, 3.591796875, 1.4208984375, 6.8984375, 2.84375, 8.640625, 2.498046875, 0.0009365081787109375, 1.8046875, 0.54150390625, 0.0019550323486328125, 1.0848045349121094e-05, 1.04296875, 0.9873046875, 8.71875, 0.13427734375, 0.03363037109375, 3.279296875, 1.2294921875, 1.9423828125, 0.0266571044921875, 1.3896484375, 2.357421875, 4.46875, 0.00021386146545410156, 0.75634765625, 0.82861328125, 2.52734375, 4.85546875, 2.8671875, 0.0382080078125, 2.2265625, 11.0390625, 4.07421875, 1.986328125, 0.2191162109375, 7.96484375, 0.01267242431640625, 9.2421875, 0.41943359375, 0.9921875, 6.69921875, 14.359375, 1.669921875, 0.82861328125, 8.65625, 2.466796875, 3.66796875, 1.8876953125, 3.693359375, 8.8984375, 6.25, 4.4296875, 0.255859375, 6.796875, 1.9970703125, 0.00025391578674316406, 2.06640625, 1.37109375, 8.84375, 3.044921875, 4.3515625, 1.064453125, 6.30078125, 3.173828125, 7.859375, 7.7109375, 2.1953125, 0.9921875, 1.9814453125, 6.90234375, 5.46875, 1.986328125, 0.0003368854522705078, 2.7890625, 0.2337646484375, 2.01953125, 0.0002124309539794922, 2.1875, 0.041595458984375, 1.439453125, 1.7685546875, 0.0352783203125, 1.4543533325195312e-05, 0.00286865234375, 0.0004260540008544922, 2.0265579223632812e-06, 0.05535888671875, 0.0003452301025390625, 7.069110870361328e-05, 0.7373046875, 10.4140625, 0.2060546875, 4.23046875, 0.173828125, 0.005359649658203125, 0.245849609375, 0.0015869140625, 1.16796875, 5.46484375, 5.16015625, 4.3515625, 5.109375, 2.787109375, 5.1171875, 1.0859375, 5.234375, 2.822265625, 5.67578125, 10.5390625, 2.2578125, 0.259033203125, 2.982421875, 1.52734375, 7.99609375, 0.472412109375, 0.196533203125, 10.3359375, 3.095703125, 3.802734375, 4.41015625, 0.49853515625, 6.546875, 0.2269287109375, 0.8759765625, 2.103515625, 1.23828125, 1.07421875, 1.5625, 9.4609375, 2.97265625, 2.677734375, 7.5859375, 2.169921875, 9.125, 4.453125, 0.99267578125, 4.359375, 0.40380859375, 1.08203125, 4.18359375, 0.0692138671875, 3.30859375, 2.00390625, 9.21875, 1.95703125, 1.0771484375, 9.953125, 7.54296875, 0.650390625, 7.96484375, 0.0235748291015625, 0.46435546875, 1.16796875, 8.9921875, 9.78125, 0.00640106201171875, 8.9453125, 1.6611328125, 2.29296875, 1.650390625, 0.297119140625, 5.12109375, 9.40625, 1.5732421875, 3.951171875, 3.904296875, 5.79296875, 3.083984375, 1.130859375, 7.64453125, 3.66015625, 8.4921875, 1.583984375, 7.1484375, 3.51171875, 0.365234375, 2.93359375, 5.7109375, 3.76171875, 3.6953125, 1.41796875, 4.7109375, 1.4208984375, 0.6240234375, 8.7109375, 7.78515625, 1.595703125, 3.201171875, 0.77734375, 9.2734375, 1.2548828125, 3.197265625, 9.484375, 1.8369140625, 1.8505859375, 4.62109375, 0.63720703125, 2.05859375, 0.759765625, 8.625, 1.9462890625, 1.6279296875, 7.59765625, 5.33984375, 7.37890625, 0.0036296844482421875, 6.37109375, 2.26953125, 1.0068359375, 1.79296875, 6.7421875, 5.96484375, 0.0611572265625, 0.00795745849609375, 3.8984375, 2.458984375, 7.015625, 5.31640625, 0.3193359375, 8.3359375, 0.03521728515625, 3.23828125, 0.004741668701171875, 1.0517578125, 4.55078125, 0.7509765625]",-0.5638622096065076
431,1,test,3.3846262999069996,1.4291187611115284,2.0070613325929365,5.575726483531005,2.354285116988992,3.3063694584294163,29.50696390039137,22.43945875376629,25.541729513482817,48.60884053064473,36.966055736467624,42.07663861957958,3.7543357610702515,1.5006980122181406,2.154975202923426,5.214355223708683,2.0843027947474178,2.9930211151714254,42.70584350348905,33.18353081415932,37.755977242929504,59.31367153262368,46.08823724188794,52.43885728184654,3.3564999785311644,1.4117537604691601,1.9799245491367046,5.442972938158645,2.289330422382422,3.210688458059521,28.688604223505653,21.69674700072415,24.72729164567365,46.52206090298214,35.18391405522836,40.09831077676808,0.7236180904522613,-0.011381909547738656,0.0036180904522613577,0.5979899497487438,-0.007010050251256228,-0.007010050251256228,0.49246231155778897,0.012462311557788985,0.007462311557788981,0.40064102564102566,0.0998410256410257,0.15117407468153743,0.3890675241157556,0.40201005025125625,0.08622057656704574,0.1348981971627754,0.4242424242424242,0.40802675585284276,0.10418702296469584,0.15886101614205295,0.38590604026845643,27.0,4.0,3.0,38.0,3.0,2.0,44.0,3.0,3.0,0.0010276697805719052,-1.209844089282251e-05,0.00026298470490736936,-0.01567056910175868,-0.015451884286139972,-0.014538672638117589,"[2.88671875, 2.212890625, 5.234375, 0.131591796875, 0.001415252685546875, 1.1201171875, 0.016754150390625, 0.0298309326171875, 11.1015625, 5.1484375, 6.171875, 0.389892578125, 6.40625, 0.99853515625, 0.70849609375, 8.03125, 5.8984375, 7.578125, 7.79296875, 11.3203125, 1.013671875, 5.60546875, 0.05877685546875, 1.1171875, 3.23828125, 0.0546875, 9.0859375, 7.0859375, 3.9921875, 3.255859375, 0.00722503662109375, 2.158203125, 9.109375, 7.43359375, 0.056549072265625, 6.0859375, 4.9296875, 0.237548828125, 0.623046875, 2.80078125, 0.2357177734375, 2.017578125, 5.5625, 2.298828125, 0.0250091552734375, 7.78125, 5.1796875, 8.6015625, 2.87890625, 2.341796875, 0.00868988037109375, 8.140625, 2.322265625, 9.3515625, 0.87548828125, 1.919921875, 5.23828125, 0.451904296875, 0.007537841796875, 2.73828125, 0.396484375, 5.9296875, 1.4375, 0.463623046875, 1.197265625, 4.05078125, 3.591796875, 5.08203125, 0.2159423828125, 1.5087890625, 0.46875, 4.609375, 0.88720703125, 6.10546875, 3.087890625, 5.515625, 2.08984375, 7.46484375, 0.775390625, 1.9306640625, 9.671875, 10.0234375, 2.279296875, 1.109375, 8.5390625, 6.24609375, 0.216552734375, 0.89306640625, 8.15625, 8.2734375, 4.6953125, 1.9501953125, 4.80859375, 0.053985595703125, 0.061920166015625, 3.27734375, 0.9921875, 7.41796875, 4.4296875, 7.875, 0.265380859375, 1.376953125, 3.97265625, 13.1875, 2.853515625, 5.37890625, 0.171630859375, 0.36279296875, 2.783203125, 1.2734375, 0.0004303455352783203, 0.427978515625, 0.1309814453125, 2.73046875, 6.2109375, 3.177734375, 2.578125, 0.00360107421875, 0.2313232421875, 1.4208984375, 0.771484375, 1.2516975402832031e-05, 0.020355224609375, 0.7158203125, 0.031982421875, 1.0609626770019531e-05, 0.065673828125, 0.33740234375, 7.5390625, 2.21875, 1.361328125, 0.007724761962890625, 0.0841064453125, 4.20703125, 9.71875, 7.65234375, 6.25390625, 0.61572265625, 5.3359375, 0.1427001953125, 5.69140625, 2.34375, 8.09375, 7.90234375, 4.64453125, 5.34375, 1.408203125, 1.5947265625, 2.224609375, 11.765625, 5.8984375, 0.0122833251953125, 12.5703125, 1.41796875, 6.42578125, 4.47265625, 12.046875, 2.642578125, 3.333984375, 10.484375, 0.8310546875, 2.892578125, 3.31640625, 4.8046875, 0.281494140625, 4.4609375, 8.6796875, 9.7109375, 3.154296875, 2.47265625, 9.3828125, 9.7734375, 6.74609375, 0.08721923828125, 3.919921875, 3.494140625, 8.0390625, 3.54296875, 9.4140625, 1.8232421875, 5.76171875, 0.826171875, 1.1875, 7.26171875, 4.67578125, 5.3359375, 1.84765625, 6.8828125, 10.484375, 0.0638427734375, 7.69921875, 11.296875, 1.716796875, 3.513671875, 3.84375, 2.302734375, 3.935546875, 2.107421875, 0.2073974609375, 3.37890625, 2.63671875, 0.98046875, 0.317138671875, 2.224609375, 2.154296875, 5.51953125, 1.55859375, 5.43359375, 0.50732421875, 1.712890625, 1.5634765625, 1.1640625, 9.8359375, 0.01036834716796875, 0.70361328125, 4.80078125, 0.6826171875, 1.9521484375, 6.22265625, 4.75390625, 4.21875, 8.4609375, 1.1083984375, 3.396484375, 9.7890625, 3.791015625, 6.3046875, 0.76611328125, 2.53125, 9.015625, 1.201171875, 2.369140625, 7.64453125, 0.1976318359375, 1.1162109375, 6.33203125, 5.43359375, 1.4501953125, 0.045379638671875, 4.1015625, 0.96337890625, 5.65234375, 1.4580078125, 9.78125, 0.44287109375, 8.015625, 4.859375, 3.822265625, 2.669921875, 7.359375, 0.0169219970703125, 2.568359375, 0.44091796875, 0.6728515625, 0.68115234375, 0.00044083595275878906, 4.57421875, 1.98046875, 0.060302734375, 0.002864837646484375, 0.7802734375, 0.0007128715515136719, 2.193450927734375e-05, 0.2362060546875, 0.0003554821014404297, 0.00016295909881591797, 3.8125, 1.6083984375, 1.1025390625, 0.05023193359375, 0.257568359375, 0.0028476715087890625, 0.00014102458953857422, 0.0274200439453125, 0.11444091796875, 0.001453399658203125, 2.923828125, 4.7109375, 1.28125, 2.169921875, 0.7041015625, 5.6328125, 0.11956787109375, 0.042510986328125, 0.0214996337890625, 0.00048804283142089844, 2.201171875, 0.98779296875, 1.84375, 1.236328125, 0.007049560546875, 9.09375, 1.0869140625, 4.6875, 8.84375, 3.296875, 0.0031070709228515625, 0.0012674331665039062, 1.0013580322265625e-05, 3.642578125, 5.19140625, 0.8642578125, 7.515625, 0.004009246826171875, 2.427734375, 6.27734375, 1.107421875, 1.5390625, 1.7138671875, 9.4375, 10.1328125, 3.24609375]",-1.1748200349318676
467,1,test,3.333154707609101,1.3853446164099994,1.9364436719584974,5.582030172983917,2.320034960011927,3.2429598843642307,28.026618172405936,21.013305935163658,23.984733704577977,46.93614368631838,35.19095813238251,40.16720463778722,3.5670638563644945,1.3950633014957439,2.025374982672267,5.3239759050216335,2.0821840320832,3.0229477353317415,35.41246427616635,26.636641269663798,30.739989445245698,52.85442429278559,39.756180999498206,45.880581261560735,3.362811957455714,1.4026619179375124,1.962704050237193,5.631697133570413,2.3490362240158342,3.286938108228553,28.870258785513574,21.769866460831015,24.814621209709774,48.348987604655264,36.45796913319893,41.55701624276697,0.7236180904522613,-0.006381909547738651,0.0036180904522613577,0.6030150753768844,0.0030150753768843908,0.008015075376884395,0.4974874371859297,-0.002512562814070307,-0.002512562814070307,0.44404332129963897,0.1233226005789182,0.1739352780823521,0.42028985507246375,0.457286432160804,0.12144683316331029,0.16346339376347507,0.4545454545454546,0.44404332129963897,0.1233226005789182,0.17153431769819838,0.427536231884058,26.0,8.0,5.0,38.0,8.0,7.0,48.0,9.0,8.0,0.00047940508835228265,1.629664243033993e-05,0.00017955154821772018,-0.03034164327666211,-0.0288277467327136,-0.03092106901411018,"[1.88671875, 5.3046875, 0.005107879638671875, 0.057769775390625, 1.7578125, 7.171875, 0.2020263671875, 11.6796875, 1.3076171875, 0.77880859375, 6.875, 3.861328125, 4.37109375, 7.921875, 3.92578125, 1.703125, 3.775390625, 3.279296875, 0.93310546875, 4.94140625, 1.7236328125, 5.22265625, 0.6728515625, 0.13330078125, 9.140625, 7.9375, 3.759765625, 0.697265625, 0.88330078125, 7.52734375, 1.837890625, 1.9990234375, 0.494384765625, 10.640625, 0.1744384765625, 0.53173828125, 1.1865234375, 0.4453125, 2.74609375, 4.32421875, 7.8828125, 1.896484375, 1.310546875, 9.4765625, 8.078125, 4.54296875, 1.93359375, 3.162109375, 0.82568359375, 3.12890625, 4.92578125, 5.0, 3.046875, 2.7890625, 1.7587890625, 0.98779296875, 0.004222869873046875, 0.00330352783203125, 4.08984375, 0.78125, 1.87109375, 7.17578125, 4.98828125, 0.2337646484375, 8.1875, 2.544921875, 4.23046875, 3.978515625, 11.0625, 0.357421875, 0.8525390625, 3.83203125, 7.94921875, 7.80859375, 0.08087158203125, 7.5625, 1.5009765625, 3.58984375, 6.60546875, 3.4296875, 4.12109375, 2.380859375, 5.70703125, 11.9765625, 5.875, 7.03515625, 3.42578125, 3.580078125, 1.22265625, 0.0036449432373046875, 0.004085540771484375, 4.23046875, 0.80126953125, 0.05169677734375, 0.0008087158203125, 0.050628662109375, 4.3125, 4.375, 1.2099609375, 6.0625, 4.72265625, 8.484375, 8.203125, 5.84375, 2.849609375, 0.0005898475646972656, 0.0023365020751953125, 3.521484375, 0.3828125, 0.00720977783203125, 0.00045752525329589844, 0.005527496337890625, 4.33203125, 1.3828125, 4.02734375, 1.318359375, 0.55029296875, 0.12103271484375, 3.359375, 0.26904296875, 2.533203125, 6.19921875, 5.2421875, 0.25927734375, 7.65625, 7.47265625, 4.74609375, 2.96484375, 5.96875, 10.359375, 9.0390625, 1.2099609375, 6.1484375, 3.876953125, 2.810546875, 5.78125, 0.841796875, 2.0546875, 0.1708984375, 1.7470703125, 2.158203125, 2.134765625, 4.27734375, 6.99609375, 5.5546875, 0.30859375, 7.19140625, 3.943359375, 1.2451171875, 6.26171875, 0.007572174072265625, 0.15185546875, 0.41552734375, 5.265625, 1.5341796875, 2.568359375, 9.0859375, 0.99072265625, 10.5703125, 0.07147216796875, 0.059112548828125, 0.0999755859375, 0.0014848709106445312, 0.006771087646484375, 2.423828125, 3.068359375, 1.8125, 7.62109375, 0.006046295166015625, 5.96484375, 0.058013916015625, 5.08984375, 2.6171875, 2.375, 4.1015625, 4.2578125, 11.109375, 9.0625, 5.55859375, 5.6484375, 8.7890625, 1.431640625, 4.0, 4.26953125, 3.349609375, 0.031402587890625, 7.8125, 0.065673828125, 1.30859375, 2.62109375, 2.853515625, 1.1806640625, 4.96875, 6.21875, 6.19140625, 3.193359375, 10.578125, 1.7373046875, 4.80859375, 13.765625, 8.359375, 1.0341796875, 5.29296875, 0.004695892333984375, 2.962890625, 6.796875, 7.8515625, 4.10546875, 5.74609375, 0.8837890625, 0.81396484375, 3.5234375, 3.185546875, 0.21875, 4.61328125, 2.14453125, 0.587890625, 6.23828125, 1.302734375, 3.751953125, 2.162109375, 0.00010943412780761719, 2.859375, 4.62109375, 0.00135040283203125, 2.8828125, 2.021484375, 1.1630859375, 1.21484375, 12.0078125, 9.5234375, 0.0028839111328125, 10.078125, 3.01953125, 11.1640625, 0.04931640625, 1.943359375, 0.001251220703125, 0.0020084381103515625, 4.51171875, 0.0574951171875, 0.004467010498046875, 9.751319885253906e-05, 0.00399017333984375, 4.69140625, 0.217041015625, 0.007236480712890625, 0.00016748905181884766, 0.007598876953125, 4.01171875, 0.211181640625, 0.0092010498046875, 0.00016200542449951172, 0.0191192626953125, 3.64453125, 0.2225341796875, 0.0189361572265625, 0.00016379356384277344, 0.0014829635620117188, 4.30859375, 0.170654296875, 0.01248931884765625, 8.475780487060547e-05, 0.0006690025329589844, 4.31640625, 0.20947265625, 0.01125335693359375, 6.73532485961914e-05, 0.0014295578002929688, 5.05859375, 3.236328125, 7.83203125, 6.23046875, 3.67578125, 6.8984375, 8.5078125, 0.008087158203125]",-0.5284678643360894
392,1,test,3.0140371017390057,1.3204947069197626,1.832221574625279,4.55245187241829,1.9944972135767247,2.767418003340265,20.369467769414157,14.930755080381177,17.109179795239257,30.766383610052635,22.55166131932574,25.84199031572596,3.126520540846053,1.309583571088973,1.8385460455234959,4.631882282734893,1.940123809020701,2.723771919294068,22.794528767953743,16.64154598403149,19.169092991329858,33.769672248820356,24.654142198565168,28.398656283451636,3.008265046924868,1.3121949210353783,1.8276476879906611,4.543733664626103,1.9819610786471862,2.7605095287358945,20.252232753871542,14.799755072021533,16.99584881369166,30.589309888660143,22.353796723365857,25.67081331234678,0.6633165829145728,0.008316582914572823,0.013316582914572828,0.5376884422110553,-0.0023115577889447625,0.002688442211055353,0.42713567839195976,0.0021356783919597166,0.0021356783919597166,0.4152249134948097,0.10779831591277178,0.17356783639469464,0.42708333333333337,0.4120603015075377,0.09877709348748753,0.15997349015528395,0.4292929292929293,0.4117647058823529,0.10261099258356188,0.1632031408650917,0.41666666666666663,12.0,0.0,-2.0,25.0,4.0,2.0,33.0,4.0,3.0,0.0003144450929418611,4.849677310472699e-05,-0.0002227926479835736,-0.012421998340606422,-0.008912653723363917,-0.010584103932883338,"[3.76953125, 0.0404052734375, 0.439208984375, 0.0208740234375, 0.0006074905395507812, 0.4072265625, 0.0201873779296875, 0.01070404052734375, 4.875, 3.576171875, 7.75390625, 0.004322052001953125, 1.775390625, 1.8251953125, 3.626953125, 5.59765625, 2.958984375, 2.556640625, 3.26171875, 2.56640625, 7.29296875, 0.08331298828125, 0.461181640625, 3.775390625, 5.5390625, 5.55859375, 0.80517578125, 0.3623046875, 8.8125, 0.289306640625, 7.8046875, 2.751953125, 5.69140625, 6.30078125, 0.91162109375, 2.369140625, 3.59765625, 0.03125, 7.54296875, 1.59375, 0.08514404296875, 0.0972900390625, 1.0654296875, 7.12109375, 4.14453125, 7.6640625, 6.72265625, 3.490234375, 0.450927734375, 7.0625, 3.31640625, 1.74609375, 0.06353759765625, 0.06793212890625, 0.061553955078125, 3.17578125, 1.7138671875, 0.0013523101806640625, 0.10577392578125, 2.349609375, 1.8358230590820312e-05, 1.27734375, 0.114501953125, 9.40625, 4.5234375, 0.174560546875, 1.7421875, 4.8515625, 0.03668212890625, 1.7490234375, 6.34375, 4.875, 10.0234375, 4.25, 7.73828125, 1.2294921875, 2.861328125, 3.568359375, 5.59375, 1.5595703125, 0.438720703125, 8.4296875, 1.9775390625, 4.15625, 5.88671875, 2.8515625, 0.72607421875, 0.77392578125, 6.7109375, 1.9013671875, 0.344970703125, 2.572265625, 3.466796875, 0.439453125, 5.16796875, 0.0179290771484375, 4.88671875, 5.78125, 1.896484375, 6.5625, 9.890625, 2.111328125, 5.98046875, 3.78515625, 4.19140625, 0.322265625, 11.2578125, 0.48779296875, 4.22265625, 1.154296875, 8.421875, 2.279296875, 1.8896484375, 3.205078125, 3.779296875, 1.791015625, 11.0625, 0.626953125, 0.484619140625, 2.986328125, 6.2890625, 0.324462890625, 5.5859375, 6.59375, 6.6015625, 5.15234375, 2.265625, 10.1796875, 5.80859375, 2.302734375, 1.267578125, 0.7158203125, 6.30859375, 0.0010004043579101562, 5.49609375, 8.4765625, 1.603515625, 1.20703125, 1.3173828125, 0.0007085800170898438, 1.1884765625, 0.451416015625, 0.0022907257080078125, 5.0902366638183594e-05, 1.7841796875, 1.1298828125, 0.0005993843078613281, 0.0001291036605834961, 0.179443359375, 0.59326171875, 1.212890625, 0.00020968914031982422, 6.08984375, 0.330078125, 3.201171875, 4.33984375, 0.0059051513671875, 3.42578125, 0.7001953125, 10.5859375, 4.15625, 7.46484375, 2.921875, 0.334716796875, 0.09869384765625, 0.315185546875, 6.37890625, 10.3359375, 0.190673828125, 7.1953125, 17.21875, 0.91064453125, 5.453125, 0.81201171875, 2.85546875, 0.40771484375, 5.05859375, 2.197265625, 0.6884765625, 1.43359375, 3.21875, 0.305419921875, 0.74462890625, 3.6835670471191406e-05, 1.669921875, 1.666015625, 1.0371208190917969e-05, 3.91796875, 0.2222900390625, 6.50390625, 1.677734375, 0.1806640625, 0.5654296875, 4.390625, 2.283203125, 2.662109375, 0.176025390625, 10.0625, 5.76171875, 2.173828125, 3.025390625, 0.04425048828125, 0.0341796875, 0.03790283203125, 0.6337890625, 3.615234375, 1.126953125, 8.9296875, 0.233642578125, 2.84375, 5.41796875, 5.3046875, 2.435546875, 2.248046875, 1.1533203125, 0.64111328125, 0.01064300537109375, 0.9072265625, 0.365478515625, 3.736328125, 1.390625, 7.4296875, 6.51171875, 3.837890625, 4.98828125, 0.04046630859375, 4.83984375, 1.4091796875, 1.599609375, 0.001544952392578125, 1.9658203125, 0.50634765625, 0.02935791015625, 0.0033512115478515625, 0.00244903564453125, 0.0004703998565673828, 4.172325134277344e-06, 0.01611328125, 0.0009698867797851562, 3.266334533691406e-05, 0.38134765625, 4.08984375, 5.06640625, 0.327392578125, 2.138671875, 1.7255859375, 9.140625, 0.122802734375, 0.72998046875, 0.17431640625, 4.08203125, 0.4658203125, 5.546875, 5.24609375, 0.026885986328125, 7.390625, 0.250732421875, 0.000339508056640625, 6.17578125, 8.109375, 5.984375, 1.830078125, 6.03515625, 3.59765625, 10.1953125, 1.421875, 4.4609375, 1.994140625, 3.880859375, 1.1806640625, 5.02734375, 0.013336181640625, 1.8857421875, 1.9736328125, 3.2265625, 8.9765625, 4.77734375, 5.29296875, 4.86328125, 0.052978515625, 0.4453125, 2.02734375, 8.65625, 3.853515625, 5.30078125, 7.93359375, 2.365234375, 0.650390625, 3.306640625]",-0.7251441783971027
302,1,test,2.413912148401141,0.9966976034026387,1.4090915018107872,4.55803411551039,1.8819995923073352,2.660696306360369,11.177604166683281,7.051991454683903,8.446186826804688,21.105946691207844,13.315819158550195,15.948388067084146,2.54912823288884,1.0035643656712239,1.4573542918456166,4.046235290299745,1.5929593105892437,2.3132607807073278,12.795943835940125,8.10532806999895,9.816388893935272,20.311021961809722,12.865600111109444,15.58156967291313,2.441121187497142,1.0134135205523613,1.4242211098194673,4.465465586885016,1.853805220522612,2.60528251796244,11.485911386483984,7.316780194135533,8.72130000009727,21.01081351186095,13.384354013662563,15.953597561153542,0.5879396984924623,0.0029396984924623393,-0.002060301507537776,0.46733668341708545,0.012336683417085492,0.0023366834170854833,0.3417085427135679,-0.003291457286432098,0.006708542713567911,0.37812500000000004,0.09575370514820603,0.1525532744282745,0.3479623824451411,0.3919597989949749,0.09872671628820795,0.13987298764272116,0.3535353535353535,0.38795986622073575,0.11083131864143692,0.1699398439737947,0.3489932885906041,19.0,0.0,-1.0,32.0,2.0,0.0,37.0,-1.0,-1.0,0.0007434471205196324,0.00034875782106446994,0.0002443142751282076,-0.06230635185580802,-0.05887877129115626,-0.06283440151216269,"[9.9140625, 1.6201171875, 1.4404296875, 3.2578125, 0.21826171875, 6.734375, 0.9892578125, 4.734375, 2.23828125, 0.04522705078125, 0.68994140625, 0.288330078125, 1.7138671875, 0.0100860595703125, 2.810546875, 0.0245208740234375, 0.233154296875, 0.99951171875, 0.0021572113037109375, 5.4836273193359375e-06, 1.9788742065429688e-05, 0.0005502700805664062, 1.6689300537109375e-06, 9.796875, 4.546875, 4.859375, 3.943359375, 5.640625, 9.625, 0.74755859375, 2.982421875, 5.82421875, 0.83935546875, 1.7197265625, 5.5, 0.15234375, 6.40625, 3.419921875, 1.1669921875, 6.35546875, 1.2197265625, 5.66015625, 0.72412109375, 1.5419921875, 1.748046875, 12.3046875, 1.7822265625, 9.0625, 4.62109375, 5.171875, 0.11181640625, 4.51953125, 0.53369140625, 0.478759765625, 5.31640625, 2.015625, 3.83203125, 1.193359375, 2.533203125, 2.3203125, 0.01508331298828125, 3.8515625, 0.2440185546875, 2.869140625, 2.921875, 6.69921875, 0.1680908203125, 9.6875, 4.7890625, 2.333984375, 5.45703125, 3.16015625, 1.375, 0.07635498046875, 2.6953125, 5.55859375, 0.1015625, 0.7099609375, 0.20068359375, 0.0009412765502929688, 2.529296875, 5.234375, 4.578125, 4.971027374267578e-05, 7.62939453125e-06, 0.1468505859375, 0.3916015625, 8.2109375, 1.587890625, 3.107421875, 0.07891845703125, 0.88330078125, 0.08465576171875, 0.0948486328125, 6.71875, 0.008209228515625, 8.625, 0.01515960693359375, 7.40234375, 2.154296875, 1.896484375, 1.806640625, 8.328125, 11.2109375, 5.23046875, 0.0258026123046875, 1.9912109375, 1.9716796875, 0.258544921875, 2.123046875, 5.62109375, 6.13671875, 1.373046875, 0.01525115966796875, 1.2919921875, 2.6796875, 4.52734375, 0.67041015625, 4.5, 4.49609375, 2.15234375, 2.220703125, 3.02734375, 0.043548583984375, 4.88671875, 0.89013671875, 0.011199951171875, 9.655952453613281e-06, 2.8371810913085938e-05, 0.0009407997131347656, 2.384185791015625e-07, -0.0, 4.5299530029296875e-05, 0.1580810546875, 3.16015625, 1.5020370483398438e-05, 3.5762786865234375e-06, 1.2516975402832031e-05, 0.00022864341735839844, 4.76837158203125e-07, -0.0, -0.0, 0.03973388671875, 0.205322265625, 4.96484375, 3.9296875, 0.61328125, 0.0396728515625, 1.681640625, 4.73828125, 0.0557861328125, 0.06878662109375, 0.82763671875, 0.0022563934326171875, 0.0726318359375, 2.162109375, 6.31640625, 3.916015625, 6.05078125, 5.23828125, 8.640625, 0.58203125, 7.96875, 2.548828125, 6.01953125, 4.2421875, 3.33203125, 7.84375, 3.97265625, 5.1875, 3.595703125, 2.28515625, 1.9599609375, 3.638671875, 1.4990234375, 2.81640625, 0.010009765625, 5.99609375, 0.331787109375, 2.302734375, 6.046875, 0.225830078125, 2.53515625, 1.9130859375, 3.75390625, 0.802734375, 1.048828125, 0.0015172958374023438, 7.152557373046875e-06, 1.430511474609375e-06, 7.30752944946289e-05, 4.76837158203125e-07, -0.0, 3.933906555175781e-06, 0.247314453125, 0.471435546875, 1.4580078125, 0.0002048015594482422, 9.0859375, 0.30859375, 1.78515625, 1.830078125, 2.513671875, 0.405517578125, 0.0126953125, 3.0078125, 4.76171875, 0.2034912109375, 0.1357421875, 4.74609375, 2.6953125, 1.9150390625, 2.650390625, 6.4453125, 7.00390625, 5.04296875, 2.23828125, 3.1171875, 1.3173828125, 4.6015625, 4.2109375, 0.341552734375, 7.07421875, 0.00685882568359375, 6.5, 7.91015625, 0.2000732421875, 0.86865234375, 0.0192413330078125, 7.0234375, 2.767578125, 9.0703125, 0.1875, 0.14111328125, 0.4189453125, 8.9921875, 6.53515625, 8.9296875, 0.4140625, 0.4755859375, 0.7529296875, 7.6484375, 0.44921875, 0.68115234375, 4.5078125, 0.916015625, 4.5, 0.35595703125, 1.9443359375, 0.728515625, 0.1573486328125, 0.6484375, 0.0009899139404296875, 3.4570693969726562e-06, 1.9073486328125e-06, 2.7418136596679688e-05, 1.1920928955078125e-07, -0.0, 4.410743713378906e-06, 0.1114501953125, 2.263671875, 2.2172927856445312e-05, 4.112720489501953e-05, 1.6689300537109375e-06, 1.6689300537109375e-06, 7.152557373046875e-07, 5.960464477539062e-07, 1.1920928955078125e-06, 1.87890625, 0.03369140625, 5.08984375, 0.00222015380859375, 4.16015625, 4.359375, 1.2431640625, 1.173828125, 0.02203369140625, 4.55078125, 0.003082275390625, 6.0390625, 0.283935546875, 0.3115234375, 0.7587890625, 3.466796875, 3.431640625, 2.072265625, 7.046875, 5.015625, 3.51171875, 0.0626220703125, 0.2724609375, 1.8173828125, 9.828125, 0.74169921875, 0.40869140625, 1.0546875, 3.826618194580078e-05, 3.933906555175781e-06, 5.4836273193359375e-06, 1.0251998901367188e-05, 1.1920928955078125e-07, -0.0, 4.76837158203125e-07, 0.45751953125, 0.323974609375, 5.21484375, 0.043487548828125, 2.203125, 7.33984375, 0.73583984375, 1.2138671875, 0.00472259521484375, 1.357421875, 1.0048828125, 3.509765625, 7.13671875, 1.189453125, 3.087890625, 3.9296875, 1.623046875]",-0.9861077357083561
402,1,test,2.6642438181267933,1.0929393008090995,1.5442415986381168,4.465213103005799,1.8317418449314515,2.5881144111253356,14.357088869835662,9.544166228578746,11.292227864125913,24.06216011704301,15.995809321640357,18.925521559987562,2.7124324390037575,0.9747899207427349,1.4175971439793378,4.2381756859433715,1.5231092511605238,2.2149955374677157,15.065877809212944,9.381949949934398,11.415483122755541,23.540434076895224,14.659296796772495,17.836692379305532,2.6642438181267933,1.0929393008090995,1.5442415986381168,4.465213103005799,1.8317418449314515,2.5881144111253356,14.357088869835662,9.544166228578746,11.292227864125913,24.06216011704301,15.995809321640357,18.925521559987562,0.6381909547738693,0.0031909547738693256,-0.0018090452261306789,0.507537688442211,-0.007462311557788981,0.002537688442211028,0.371859296482412,-0.003140703517587995,-0.008140703517588,0.4180602006688964,0.10587322237173447,0.1677821139058263,0.40604026845637586,0.4170854271356784,0.09377715645898665,0.14663467588359158,0.4040404040404041,0.4180602006688964,0.10587322237173447,0.1677821139058263,0.40604026845637586,22.0,13.0,13.0,33.0,22.0,23.0,43.0,28.0,28.0,0.0002485502589115467,7.595163514017963e-05,3.731390313693362e-05,0.0005070350734097673,0.00010364583054389698,-4.030577335889518e-05,"[1.783203125, 4.34765625, 0.00472259521484375, 0.0274505615234375, 6.20703125, 3.271484375, 3.30859375, 0.10662841796875, 3.669921875, 4.921875, 0.5576171875, 2.833984375, 4.453125, 2.7421875, 7.26953125, 0.67822265625, 2.205078125, 6.765625, 0.56689453125, 1.8115234375, 6.04296875, 2.306640625, 1.4814453125, 3.90234375, 0.556640625, 0.167236328125, 1.3818359375, 9.310245513916016e-05, 3.2578125, 0.15478515625, 6.26953125, 0.98486328125, 0.02178955078125, 1.41796875, 4.1796875, 4.7265625, 6.65234375, 0.77734375, 1.8271484375, 3.375, 2.763671875, 0.79833984375, 5.10546875, 1.4423828125, 4.26171875, 2.49609375, 2.947265625, 1.44921875, 1.4658203125, 9.765625, 2.822265625, 0.314208984375, 7.58203125, 9.7109375, 3.91015625, 0.151123046875, 0.927734375, 0.248779296875, 2.826171875, 1.5107421875, 0.0117034912109375, 7.51171875, 9.5625, 2.8359375, 0.12384033203125, 0.333251953125, 2.142578125, 2.36328125, 2.6484375, 0.048187255859375, 1.6025390625, 2.875, 2.884765625, 3.54296875, 0.035308837890625, 0.0211181640625, 1.0439453125, 3.86328125, 0.26513671875, 0.08660888671875, 3.96484375, 3.884765625, 2.33984375, 0.00699615478515625, 2.333984375, 3.44921875, 3.361328125, 6.0859375, 6.2265625, 1.23046875, 0.7900390625, 7.390625, 0.43896484375, 6.18359375, 1.208984375, 7.20703125, 4.84765625, 0.45166015625, 1.255859375, 0.00012385845184326172, 0.63427734375, 2.388671875, 4.375, 4.328125, 9.8515625, 0.4091796875, 0.484130859375, 2.140625, 3.02734375, 5.58203125, 0.84228515625, 1.1298828125, 0.00021576881408691406, 0.294189453125, 0.258056640625, 8.9921875, 1.7861328125, 4.1640625, 8.5859375, 3.4921875, 4.7265625, 2.783203125, 0.0005898475646972656, 3.55078125, 0.336669921875, 6.70703125, 0.0328369140625, 4.51171875, 0.01364898681640625, 3.310546875, 2.47265625, 5.53125, 8.578125, 8.8125, 4.75390625, 0.303955078125, 1.27734375, 7.109375, 0.00017333030700683594, 0.74365234375, 0.986328125, 10.5390625, 1.28515625, 7.43359375, 1.8876953125, 0.188232421875, 3.703125, 5.161762237548828e-05, 0.2001953125, 1.439453125, 0.0919189453125, 3.017578125, 0.09613037109375, 3.662109375, 0.09832763671875, 3.560546875, 0.2291259765625, 6.794929504394531e-05, 0.333740234375, 3.265625, 4.953125, 10.421875, 2.546875, 3.365234375, 0.007778167724609375, 1.3720703125, 4.76953125, 2.064453125, 3.1948089599609375e-05, 0.282958984375, 1.5849609375, 7.328125, 0.08563232421875, 9.5367431640625e-07, 0.1148681640625, 2.201171875, 0.1346435546875, 4.1796875, 0.0386962890625, 1.2636184692382812e-05, 0.1385498046875, 0.705078125, 1.619140625, 0.00034999847412109375, 2.943359375, 9.609375, 5.75390625, 0.68798828125, 2.712890625, 0.01158905029296875, 3.77734375, 1.8984375, 4.80078125, 3.490234375, 6.90625, 7.069110870361328e-05, 0.15234375, 2.146484375, 0.00015461444854736328, 0.004535675048828125, 0.8037109375, 8.2734375, 0.93798828125, 0.6865234375, 0.0394287109375, 2.75, 9.8828125, 0.04534912109375, 4.3984375, 0.19873046875, 1.412109375, 0.00013875961303710938, 0.1285400390625, 2.068359375, 0.1357421875, 6.1640625, 3.0625, 0.435791015625, 2.6464462280273438e-05, 0.085693359375, 0.262939453125, 5.36328125, 9.5859375, 0.06072998046875, 0.149169921875, 0.01995849609375, 0.69384765625, 8.046875, 3.978515625, 1.859375, 5.40234375, 3.384765625, 0.053070068359375, 4.765625, 0.89892578125, 3.275390625, 2.025390625, 4.851818084716797e-05, 0.82373046875, 2.0390625, 4.94921875, 3.466796875, 4.0234375, 6.82421875, 3.44921875, 7.09375, 0.623046875, 1.633167266845703e-05, 0.2218017578125, 2.3671875, 4.54296875, 4.40625, 1.5107421875, 0.021881103515625, 2.2734375, 4.7578125, 5.4140625, 0.260986328125, 1.21484375, 0.7080078125, 2.5, 9.1875, 6.21484375, 0.76953125, 1.5751953125, 0.5087890625, 0.283203125, 0.060028076171875, 2.49609375, 2.1640625, 2.818359375, 0.36962890625, 0.20361328125, 0.06134033203125, 0.02008056640625, 0.020782470703125, 0.0634765625, 1.236328125, 9.9609375, 1.6875, 2.71875, 1.5068359375, 1.4951171875, 6.66796875, 1.0107421875, 2.1953125, 4.38671875, 0.0906982421875, 9.296875, 4.58984375, 1.1337890625, 3.5859375, 4.15625, 1.7431640625, 5.22265625, 2.337890625, 4.26171875, 0.42236328125, 6.12890625]",-0.7103134385718151
29,1,test,2.466195475114019,0.9163124240466731,1.3485529044765103,4.586522072620585,1.7041176178916788,2.507979486983754,11.77755351145145,7.066634298051536,8.719915975714844,21.903376957272513,13.142216225034868,16.216916906055044,2.3338193342314293,0.8283471542903618,1.2066223713064783,3.9556259902227615,1.4039782276107826,2.045122663231319,10.31727148627773,5.810990582805198,7.230280076136765,17.486900824199545,9.84913658102576,12.254711993452144,2.4512454817526317,0.9162872447510184,1.3258483104785888,4.567538164756457,1.7073675368031402,2.4705248021340167,11.602788785403392,6.9616570870725285,8.521348319858546,21.62010332683862,12.972031839265581,15.878288794767478,0.6180904522613065,0.02309045226130657,0.013090452261306562,0.457286432160804,-0.0027135678391959628,-0.007713567839195967,0.321608040201005,-0.023391959798995,-0.008391959798994986,0.4078947368421053,0.08605565638233514,0.1409363123344467,0.4092409240924092,0.40201005025125625,0.06867671691792288,0.11987315542654842,0.38888888888888884,0.40802675585284276,0.08916198122846886,0.14328815741012868,0.40604026845637586,15.0,4.0,4.0,31.0,13.0,13.0,35.0,7.0,8.0,-0.00015141244572389577,0.00014081760875158376,-0.00010685774726483264,-0.03268959180770992,-0.032366084326786115,-0.030902858684908274,"[2.859375, 1.2138671875, 0.2264404296875, 2.326171875, 0.380126953125, 0.058837890625, 6.079673767089844e-06, 1.3583984375, 0.0055389404296875, 0.0233917236328125, 7.625, 1.640625, 11.3671875, 4.64453125, 0.337158203125, 5.62890625, 1.552734375, 3.43359375, 4.5234375, 1.41015625, 6.7890625, 6.1796875, 5.5, 4.1640625, 2.650390625, 2.701171875, 5.78515625, 6.16796875, 0.006458282470703125, 5.25, 4.3671875, 4.34765625, 0.0205535888671875, 0.25537109375, 2.203125, 0.0023403167724609375, 0.09722900390625, 1.3955078125, 0.0010986328125, 0.092041015625, 1.375, 4.2890625, 0.8359375, 5.140625, 0.0595703125, 6.06640625, 0.0073699951171875, 6.02734375, 2.826171875, 0.280517578125, 6.01171875, 0.64404296875, 0.32861328125, 1.7119140625, 0.400390625, 2.978515625, 0.08416748046875, 0.1893310546875, 2.078125, 6.9375, 11.3046875, 2.365234375, 3.505859375, 1.8818359375, 5.328125, 3.529296875, 0.136474609375, 0.68701171875, 5.38671875, 0.379638671875, 2.818359375, 3.349609375, 3.666015625, 2.310546875, 4.69140625, 4.31640625, 2.21484375, 0.8896484375, 0.1689453125, 0.2108154296875, 5.46875, 0.787109375, 0.310791015625, 5.960464477539062e-07, 2.54296875, 0.14453125, 3.0517578125e-05, 0.9248046875, 0.316650390625, 0.0002944469451904297, 0.053741455078125, 0.7080078125, 4.4140625, 3.787109375, 0.070068359375, 5.23828125, 1.14453125, 7.71484375, 0.57958984375, 1.5478515625, 4.4609375, 0.402587890625, 1.09765625, -0.0, 2.076171875, 2.134765625, 2.87109375, 3.107421875, 4.62890625, 0.2098388671875, 1.05078125, 3.005859375, 2.916015625, 3.365234375, 1.7080078125, 1.927734375, 7.25, 0.012298583984375, 4.03125, 0.0230560302734375, 0.00923919677734375, 0.32666015625, 2.626953125, 4.2421875, 0.6611328125, 4.9609375, 4.37109375, 1.208984375, 0.26220703125, 0.0003337860107421875, 3.10546875, 0.058563232421875, 0.0029621124267578125, 0.126953125, 3.2186508178710938e-06, 0.00705718994140625, 6.9141387939453125e-06, 4.696846008300781e-05, 0.0104522705078125, 0.0013494491577148438, -0.0, 2.67578125, 3.01171875, 1.73828125, 1.5703125, 3.6953125, 1.2529296875, 6.44921875, 2.2109375, 1.021484375, 3.310546875, 3.693359375, 0.57080078125, 0.0013360977172851562, 1.81640625, 0.00954437255859375, 0.01348114013671875, 0.079345703125, 4.8046875, 0.7421875, 2.4609375, 0.0168914794921875, 4.15625, 0.07208251953125, 2.884765625, 0.99267578125, 4.62890625, 1.3076171875, 0.173583984375, 1.0859375, 1.6376953125, 4.81640625, 12.65625, 2.212890625, 6.15625, 1.798828125, 4.06640625, 0.1285400390625, 1.3515625, 3.78125, 4.234375, 8.0, 4.984375, 1.8173828125, 0.57861328125, 1.3251953125, 1.228515625, 2.724609375, 0.0006580352783203125, 2.822265625, 5.2109375, 0.07928466796875, 0.42626953125, 5.3671875, 1.33203125, 0.10546875, 3.970703125, 2.884765625, 1.98046875, 3.25, 3.421875, 0.578125, 1.9794921875, 3.134765625, 2.02734375, 4.59375, 4.640625, 0.364501953125, 4.76171875, 6.609375, 0.60888671875, 1.087890625, 2.6171875, 2.24609375, 3.013671875, 11.171875, 7.5, 0.2802734375, 0.29736328125, 0.8720703125, 0.48828125, 1.7646484375, 0.64453125, 0.80224609375, 0.0013103485107421875, 9.4375, 3.439453125, 2.173828125, 9.9140625, 6.98046875, 3.7421875, 3.51171875, 3.40625, 1.3779296875, 1.5146484375, 0.89111328125, 0.67333984375, 1.6630859375, 0.004131317138671875, 5.21484375, 5.7421875, 4.91015625, 2.38671875, 2.25, 2.517578125, 5.921875, 6.125, 5.0859375, 2.9765625, 1.61328125, 3.8203125, 7.37890625, 0.59521484375, 0.92236328125, 0.004489898681640625, 0.8671875, 0.042694091796875, 0.006988525390625, 0.0181732177734375, 3.5762786865234375e-07, 0.0006327629089355469, 1.1920928955078125e-06, 5.1021575927734375e-05, 0.0081329345703125, 0.00047469139099121094, 0.0004725456237792969, 1.20703125, 0.326904296875, 0.0205841064453125, 7.01953125, 1.0126953125, 1.38671875, 4.9375, 4.390625, 5.5625, 5.41796875, 0.62060546875, 2.392578125, 9.453125, 0.64794921875, 0.3564453125, 1.765625, 0.002231597900390625, 2.32421875, 4.14453125, 0.6240234375, 0.60205078125, 3.603515625, 0.64111328125, 0.56689453125, 4.890625, 1.63671875, 4.28125, 7.08984375, 9.0078125, 1.4296875, 0.1466064453125, 4.90234375, 0.464599609375, 3.75390625, 0.251708984375, 0.57275390625, 5.41015625, 6.8125]",-0.9731224665516303
204,1,test,3.2803450021587435,1.475013936060306,2.0360330982584616,5.357896836859281,2.4091894288985,3.3255207271554874,26.58494298061806,20.502958326437966,23.11439707218372,43.422073535009496,33.48816526651534,37.75351521790007,3.2801862386003813,1.3980873848628919,1.9381876785976515,5.0079179215273,2.134484557042583,2.9590651581643534,26.580722595502145,20.013448440326002,22.754038870361548,40.58125587099564,30.55488311500153,34.738990641773356,3.2803450021587435,1.475013936060306,2.0360330982584616,5.357896836859281,2.4091894288985,3.3255207271554874,26.58494298061806,20.502958326437966,23.11439707218372,43.422073535009496,33.48816526651534,37.75351521790007,0.6733668341708543,0.0033668341708543714,-0.0066331658291456375,0.5979899497487438,0.002989949748743781,0.002989949748743781,0.46733668341708545,-0.017663316582914534,-0.0076633165829145256,0.44672131147540983,0.12565791679238325,0.20012730602581852,0.45679012345679015,0.44723618090452266,0.13144670722031215,0.2001577167976779,0.4797979797979798,0.44672131147540983,0.12565791679238325,0.20012730602581852,0.45679012345679015,26.0,17.0,17.0,34.0,24.0,24.0,45.0,27.0,26.0,-0.0002763577479179751,-3.1888779378024734e-05,0.00013326133154071244,-3.136820234672655e-06,-7.934534252473924e-05,-9.790377231322367e-05,"[3.783203125, 0.040191650390625, 0.3896484375, 0.0202484130859375, 0.0006041526794433594, 0.7236328125, 0.0200653076171875, 0.01122283935546875, 6.55859375, 2.751953125, 2.994140625, 8.9609375, 2.283203125, 2.181640625, 0.046905517578125, 0.1522216796875, 5.9296875, 7.09375, 8.203125, 0.2357177734375, 0.89208984375, 3.455078125, 0.463134765625, 0.810546875, 5.5703125, 0.68603515625, 6.453125, 2.78515625, 3.296875, 2.560546875, 4.67578125, 2.50390625, 6.64453125, 5.35546875, 0.1947021484375, 3.44921875, 5.0234375, 0.434326171875, 5.3984375, 0.255859375, 1.4140625, 5.015625, 3.669921875, 0.1279296875, 5.85546875, 3.583984375, 0.03619384765625, 3.05078125, 1.203125, 2.7578125, 0.01541900634765625, 5.85546875, 5.94921875, 9.5390625, 5.37890625, 0.8349609375, 6.125, 8.7109375, 8.375, 2.66796875, 1.8115234375, 6.29296875, 1.6376953125, 0.9072265625, 8.3203125, 6.765625, 4.8125, 2.037109375, 3.57421875, 3.568359375, 2.474609375, 0.55224609375, 0.0224761962890625, 6.5234375, 7.78125, 3.87890625, 0.0302734375, 0.01047515869140625, 0.004413604736328125, 0.027252197265625, 0.52587890625, 0.52587890625, 6.07421875, 0.56298828125, 0.56494140625, 0.009857177734375, 0.0196533203125, 4.20703125, 3.908203125, 0.79541015625, 2.802734375, 1.6787109375, 5.6796875, 0.1494140625, 4.72265625, 5.3828125, 8.90625, 3.994140625, 3.9453125, 8.484375, 4.703125, 9.625, 2.4609375, 7.5625, 2.935546875, 0.86474609375, 5.234375, 9.8125, 8.046875, 3.794921875, 0.958984375, 7.93359375, 0.142333984375, 2.865234375, 0.03369140625, 1.4833984375, 10.84375, 0.423095703125, 5.27734375, 3.205078125, 3.0703125, 4.23828125, 0.53515625, 4.4453125, 2.34375, 1.44921875, 6.98046875, 4.1328125, 4.20703125, 2.2421875, 4.18359375, 4.66015625, 7.15625, 1.5107421875, 2.26171875, 0.0013580322265625, 0.366455078125, 3.109375, 6.5703125, 1.1689453125, 0.3251953125, 6.0859375, 0.18359375, 4.59375, 6.15625, 0.1304931640625, 6.59375, 2.671875, 7.67578125, 4.54296875, 1.40625, 8.96875, 3.6484375, 0.46728515625, 0.1627197265625, 5.5234375, 9.34375, 1.7646484375, 5.16015625, 2.30859375, 2.033203125, 8.5859375, 6.34765625, 1.662109375, 7.703125, 3.322265625, 0.0885009765625, 0.09124755859375, 4.39453125, 5.5, 0.02423095703125, 0.07147216796875, 2.77734375, 4.3984375, 2.72265625, 4.4296875, 0.779296875, 1.140625, 0.0007567405700683594, 1.4228515625, 6.84375, 7.15234375, 3.890625, 0.3583984375, 3.3828125, 7.1875, 0.269775390625, 6.6484375, 5.046875, 0.072265625, 0.0248260498046875, 0.1962890625, 0.005641937255859375, 0.0018873214721679688, 1.47265625, 0.740234375, 5.4140625, 1.4150390625, 0.9501953125, 1.130859375, 2.43359375, 7.05078125, 0.0143280029296875, 3.044921875, 5.77734375, 1.4365234375, 2.10546875, 8.984375, 0.0733642578125, 0.623046875, 3.494140625, 10.3671875, 5.109375, 5.8359375, 2.271484375, 1.4326171875, 3.1796875, 0.011993408203125, 4.10546875, 3.26171875, 3.615234375, 0.611328125, 2.0234375, 0.2073974609375, 2.59375, 0.39794921875, 4.21875, 0.0672607421875, 3.041015625, 1.3095703125, 9.2578125, 5.5, 4.31640625, 2.583984375, 2.03515625, 5.265625, 3.9375, 6.86328125, 1.5625, 1.9296875, 6.44140625, 0.6865234375, 1.0224609375, 2.619140625]",-0.9886841383136686
188,1,test,3.040878623521247,1.2962872392553018,1.8224005333029574,5.126052536792959,2.1851699176017942,3.072046613282128,20.923619145087716,15.200056885148243,17.541582484881914,35.27124370171929,25.62295303496418,29.57009618880094,3.0826642147859737,1.2457025925597653,1.786821706145143,4.742560330439959,1.9164655270150233,2.7489564709925274,21.816448743213584,15.539012709504041,18.162375477276022,33.563767297251665,23.906173399236984,27.942116118886187,3.0470663009046697,1.3139332945254336,1.8196187719900412,5.136483192953587,2.21491612505716,3.0673573584974982,21.053489132478454,15.395135306873382,17.640981050291767,35.49016739474939,25.95179951730084,29.737653770491832,0.6984924623115578,0.0034924623115577536,0.02349246231155777,0.5477386934673367,0.017738693467336697,-0.002261306532663321,0.44221105527638194,-0.0027889447236180143,0.007211055276381884,0.4285714285714286,0.11617754062575802,0.1785714285714286,0.3890784982935154,0.42713567839195976,0.1138524703719096,0.16002382530347892,0.398989898989899,0.4251700680272109,0.10428721573519051,0.17856373318558194,0.39931740614334466,25.0,15.0,15.0,37.0,19.0,18.0,47.0,18.0,17.0,0.0006845350780011654,0.0004896846502740077,-1.9725159407452335e-05,-0.0003496329132595122,0.00012301345579235345,-2.278298851532412e-05,"[1.76953125, 4.3671875, 0.004657745361328125, 0.0254669189453125, 9.2890625, 5.15625, 1.9521484375, 6.3125, 1.6884765625, 0.55517578125, 7.0625, 2.732421875, 0.036102294921875, 0.190673828125, 6.35546875, 6.015625, 0.5107421875, 1.2431640625, 2.708984375, 8.7578125, 3.984375, 1.357421875, 0.06982421875, 0.2069091796875, 5.6796875, 3.947265625, 0.244384765625, 1.0986328125, 0.462158203125, 6.0234375, 0.0282135009765625, 0.93603515625, 4.90625, 7.2734375, 2.787109375, 1.232421875, 9.265625, 4.2421875, 6.375, 0.7509765625, 3.529296875, 1.2255859375, 8.6796875, 0.03240966796875, 5.28515625, 3.232421875, 1.013671875, 3.396484375, 2.44140625, 5.68359375, 0.529296875, 1.970703125, 6.0234375, 7.23046875, 3.892578125, 0.7470703125, 2.87890625, 5.171875, 5.42578125, 9.8046875, 3.0625, 6.8984375, 3.197265625, 4.48828125, 6.765625, 8.703125, 5.328125, 5.765625, 0.0305328369140625, 3.107421875, 5.16015625, 2.283203125, 4.67578125, 1.044921875, 1.5166015625, 5.25390625, 0.5732421875, 0.03826904296875, 8.015625, 6.078125, 0.006134033203125, 4.7734375, 4.75, 3.4921875, 5.26953125, 4.109375, 1.2255859375, 0.00014460086822509766, 0.50048828125, 0.353759765625, 6.9140625, 3.880859375, 4.94140625, 2.11328125, 2.8671875, 4.9375, 6.609375, 0.0977783203125, 6.12890625, 3.3125, 5.64453125, 2.658203125, 3.7421875, 5.37109375, 6.3984375, 0.515625, 10.2109375, 6.2421875, 1.8125, 7.462501525878906e-05, 2.322265625, 2.3203125, 1.3709068298339844e-05, 0.2318115234375, 1.5439453125, 1.1201171875, 3.044921875, 1.603515625, 1.232421875, 2.498046875, 6.76171875, 2.505859375, 9.0390625, 2.3046875, 6.98046875, 3.4375, 2.697265625, 11.1640625, 0.01558685302734375, 9.0234375, 0.564453125, 4.75, 1.0029296875, 8.734375, 1.8134765625, 0.6904296875, 0.0001900196075439453, 0.285888671875, 0.22705078125, 1.8818359375, 0.00020384788513183594, 5.90234375, 0.2415771484375, 0.87451171875, 3.322265625, 3.10546875, 2.455078125, 0.0249176025390625, 5.55078125, 0.434326171875, 7.6484375, 0.155029296875, 1.66796875, 0.1318359375, 0.139404296875, 1.1357421875, 8.4609375, 2.056640625, 0.473876953125, 1.4853515625, 1.041015625, 3.455078125, 0.8876953125, 2.701171875, 0.0552978515625, 5.22265625, 0.008148193359375, 4.79296875, 0.01165771484375, 3.53515625, 0.0377197265625, 0.067138671875, 4.43359375, 1.8994140625, 0.55126953125, 0.008148193359375, 0.006076812744140625, 1.7431640625, 7.734375, 3.068359375, 4.24609375, 6.3671875, 3.115234375, 1.7177734375, 0.264892578125, 2.562999725341797e-05, 0.3232421875, 2.3046875, 2.5510787963867188e-05, 0.0212249755859375, 0.222900390625, 3.611328125, 0.496826171875, 2.744140625, 3.9375, 1.0498046875, 0.2205810546875, 2.015625, 1.54296875, 1.4267578125, 0.677734375, 0.050018310546875, 8.7578125, 6.58984375, 2.154296875, 0.61962890625, 6.4296875, 7.76171875, 0.1456298828125, 0.6328125, 0.002239227294921875, 0.00885772705078125, 1.744140625, 0.00018036365509033203, 0.43994140625, 1.7861328125, 1.8835067749023438e-05, 0.00482177734375, 0.2061767578125, 9.859375, 5.80078125, 14.5, 0.568359375, 0.348876953125, 0.004375457763671875, 0.268798828125, 5.06640625, 8.140625, 0.006053924560546875, 2.70703125, 0.69580078125, 1.7998046875, 4.0390625, 8.75, 8.15625, 2.61328125, 7.84375, 4.89453125, 3.34375, 0.059112548828125, 0.88916015625, 4.6875, 6.0546875, 0.1915283203125, 5.4609375, 6.64453125, 0.0189361572265625, 8.296875, 0.0219268798828125, 1.9287109375, 2.73046875, 0.0018854141235351562, 4.84375, 7.69140625, 1.5751953125, 6.55078125, 1.466796875, 1.7333984375, 2.8515625, 5.37109375, 0.011138916015625, 7.02734375, 5.234375, 4.25, 0.7978515625, 1.9833984375, 9.1484375, 0.0784912109375, 1.091796875, 6.3125, 1.9384765625, 0.8125, 2.583984375, 0.556640625, 0.5009765625, 0.505859375, 5.83984375, 0.712890625, 5.33984375, 4.13671875, 1.703125, 3.296875, 4.40625, 0.0022106170654296875, 3.1328125, 1.1484375, 4.029273986816406e-05, 0.357177734375, 0.4423828125, 5.2109375, 0.129638671875, 5.6328125, 4.5546875, 0.0298614501953125]",-0.7499372067094661
355,1,test,2.8708226670595733,1.1545706077655964,1.5827206738278605,5.196925135753997,2.09006884380131,2.8651302454422294,17.65153356357658,12.087896406709898,14.025635522003117,31.953801784320685,21.88219195676202,25.389996611626156,2.624016906148824,0.9293215380010911,1.367719289938498,4.603538431840042,1.6303886631598088,2.399507526207891,13.79100966275888,8.346022666694855,10.278616505937872,24.194753794313826,14.642145029289221,18.03266053673311,2.7618619753764224,1.0925337043273304,1.5368124753035315,5.052186540322724,1.9985372640134096,2.8112423328723137,15.829289272439256,10.520688613950242,12.424954679008597,28.956016961779127,19.245162098689462,22.7285756323328,0.592964824120603,0.007964824120603065,-0.007035175879396949,0.44221105527638194,-0.012788944723618023,-0.0027889447236180143,0.3417085427135679,-0.008291457286432102,-0.013291457286432107,0.3977272727272727,0.09559961315280463,0.13673020527859236,0.40740740740740744,0.3668341708542714,0.07360108814750443,0.09805286868398755,0.36363636363636365,0.3846153846153846,0.09413124438166176,0.13322495080003416,0.38590604026845643,19.0,6.0,6.0,27.0,1.0,1.0,33.0,3.0,3.0,-0.00017833401101963764,-0.00012338456564624865,-2.936166337364721e-05,0.0002977419659311309,-0.00010165099709258385,0.00013822313020828148,"[2.88671875, 1.2119140625, 0.349609375, 0.021087646484375, 0.0001302957534790039, 1.0205078125, 0.00885009765625, 0.0287628173828125, 1.6259765625, 14.046875, 7.30859375, 1.0087890625, 7.96875, 3.291015625, 8.71875, 6.796875, 9.1015625, 1.91015625, 1.4892578125, 0.202392578125, 0.12646484375, 0.01015472412109375, 0.8916015625, 1.3779296875, 5.2578125, 0.040313720703125, 4.65625, 1.2939453125, 0.0013227462768554688, 1.908203125, 2.673828125, 9.171875, 1.388671875, 6.3671875, 3.25, 4.4453125, 0.024658203125, 0.005859375, 0.18408203125, 4.05078125, 0.4775390625, 3.232421875, 0.041290283203125, 0.09613037109375, 0.83642578125, 3.595703125, 0.149169921875, 2.34375, 6.27734375, 6.5546875, 0.01270294189453125, 3.609375, 0.5654296875, 0.01175689697265625, 8.828125, 3.408203125, 2.486328125, 0.00238037109375, 0.07159423828125, 1.404296875, 8.0108642578125e-05, 0.65234375, 0.3017578125, 1.787109375, 2.9375, 0.014739990234375, 0.006458282470703125, 1.3720703125, 3.744140625, 1.13671875, 4.7890625, 0.68408203125, 9.6015625, 0.9541015625, 1.62109375, 0.5498046875, 5.125, 2.888671875, 3.564453125, 2.056640625, 14.3828125, 0.6806640625, 5.9140625, 4.29296875, 6.15234375, 1.1181640625, 4.27734375, 0.75927734375, 7.45703125, 1.77734375, 0.029327392578125, 1.1396484375, 0.00015354156494140625, 0.126953125, 1.0576171875, 2.5033950805664062e-05, 0.83984375, 0.0479736328125, 6.46875, 7.96875, 4.796875, 0.587890625, 2.41015625, 0.1851806640625, 4.09375, 0.11431884765625, 5.984375, 7.4765625, 0.49072265625, 6.0703125, 6.671875, 9.7109375, 5.6875, 1.306640625, 5.53125, 0.035003662109375, 1.31640625, 2.658203125, 1.583984375, 7.3359375, 4.45703125, 0.047637939453125, 4.6484375, 9.21875, 2.6484375, 4.765625, 4.91796875, 3.5390625, 2.951171875, 0.030364990234375, 5.20703125, 0.044281005859375, 5.109375, 0.012420654296875, 1.3154296875, 2.4140625, 8.984375, 2.04296875, 0.51904296875, 0.0003876686096191406, 3.390625, 1.703125, 0.00020682811737060547, 0.9716796875, 1.609375, 7.402896881103516e-05, 2.064453125, 0.039459228515625, 6.453125, 4.609375, 0.12432861328125, 6.6796875, 1.7646484375, 2.044921875, 0.108154296875, 0.05841064453125, 0.0014162063598632812, 2.283203125, 0.07415771484375, 0.72998046875, 0.5859375, 0.0212249755859375, 0.031494140625, 0.00176239013671875, 0.0635986328125, 0.017364501953125, 2.337890625, 2.2421875, 2.5234375, 3.845703125, 0.03753662109375, 6.671875, 8.2421875, 2.2109375, 4.3359375, 6.5546875, 0.62646484375, 0.382080078125, 4.14453125, 0.017181396484375, 0.55908203125, 7.891654968261719e-05, 4.2890625, 0.472412109375, 7.62939453125e-05, 1.9892578125, 0.59326171875, 2.1696090698242188e-05, 0.72509765625, 0.72314453125, 5.09765625, 0.09637451171875, 6.1953125, 4.140625, 0.96142578125, 1.90234375, 9.15625, 0.32666015625, 4.87109375, 7.1328125, 0.9462890625, 1.5126953125, 0.0274658203125, 0.0272064208984375, 4.54296875, 8.6484375, 0.6826171875, 4.6171875, 5.859375, 11.2734375, 0.47216796875, 1.033203125, 4.40234375, 0.98681640625, 0.0009717941284179688, 7.39453125, 0.33837890625, 3.84375, 0.432861328125, 4.1640625, 7.01171875, 6.44921875, 0.0107421875, 9.625, 4.40625, 6.390625, 6.86328125, 0.6298828125, 3.17578125, 7.283687591552734e-05, 0.763671875, 0.98583984375, 1.6689300537109375e-06, 0.0684814453125, 2.38671875, 5.83984375, 8.2890625, 6.94140625, 2.080078125, 1.1920928955078125e-07, 0.06817626953125, 2.234375, 4.172325134277344e-06, 0.0295257568359375, 0.270751953125, 7.1015625, 2.8046875, 6.625, 0.185791015625, 3.5762786865234375e-07, 0.055877685546875, 0.335693359375, 8.6484375, 3.248046875, 0.07666015625, 7.38671875, 0.10992431640625, 3.5762786865234375e-07, 0.439208984375, 2.396484375, 4.0703125, 6.46484375, 4.3984375, 7.62109375, 4.57421875, 0.29052734375, 1.3113021850585938e-06, 0.3583984375, 1.275390625, 2.3828125, 9.334087371826172e-05, 1.8759765625, 4.9453125, 0.62890625, 0.01397705078125, 0.0098876953125, 0.52734375, 2.853515625, 6.02734375, 0.81787109375, 6.5859375, 1.7685546875, 0.8671875, 4.48828125, 0.1732177734375, 7.44921875, 10.3359375, 0.3369140625, 0.83251953125, 8.3125, 9.109375, 2.96484375, 5.602836608886719e-06, 0.422607421875, 3.943359375, 2.4557113647460938e-05, 0.70703125, 0.76318359375, 7.1875, 4.73046875, 6.73046875, 1.4541015625, 1.0126953125, 4.41015625, 0.11431884765625, 0.0011224746704101562, 0.0013456344604492188, 0.030609130859375, 1.0703125, 4.58984375, 5.10546875, 3.826171875, 10.1015625, 2.375, 11.1953125, 0.254150390625, 9.71875, 0.185791015625, 9.3828125, 2.548828125, 5.4296875, 8.1640625, 2.0703125, 0.303955078125, 1.7470703125, 4.703125, 2.380859375, 1.6845703125, 4.05078125, 2.291015625, 1.50390625, 0.06402587890625, 7.41015625, 5.92578125, 4.390625, 3.6875, 3.388671875, 6.62890625, 2.49609375, 4.62109375, 3.3359375, 5.37890625, 0.6328125, 0.45751953125, 6.58203125, 1.150390625, 0.6240234375, 2.533203125, 2.306640625, 1.609375, 6.52734375, 2.919921875]",-0.7129228125241669
114,1,test,3.2746492225732378,1.4950588159279874,2.0596681313968515,5.23943875611718,2.3920941054847797,3.295469010234962,26.43395142063396,20.506523334478125,23.06372108400583,42.29432227301434,32.810437335165005,36.90195373440933,3.044368587546612,1.2930720018827953,1.853544633929217,4.719951298521879,2.0047627936167367,2.873712610742972,20.996769394807934,15.234700544250058,17.706978668867805,32.553130844663464,23.619690766279163,27.452680106771787,3.1089649160570128,1.3964256977530585,1.9424648620306733,4.908891972721599,2.2048826806627235,3.0670497821536946,22.397848744498773,16.854830187244882,19.18711319503962,35.365024333419115,26.612889769334025,30.29544188690466,0.6482412060301508,-0.011758793969849135,-0.006758793969849242,0.48743718592964824,-0.03756281407035178,-0.022562814070351767,0.40201005025125625,0.007010050251256228,-0.007989949748743785,0.426865671641791,0.11240963587427988,0.18158265277386654,0.41916167664670656,0.39698492462311563,0.09122051359554673,0.15825370592528587,0.3535353535353535,0.42140468227424754,0.10587880581347964,0.17891302487713967,0.38590604026845643,22.0,1.0,1.0,34.0,3.0,5.0,44.0,3.0,7.0,5.6365819835254636e-05,3.74171217912933e-05,-0.00023089247765499177,-0.008015924425257559,-0.00943645674343152,-0.007327062850589705,"[3.9140625, 8.875, 10.7265625, 0.744140625, 2.263671875, 8.8671875, 5.859375, 0.73779296875, 7.6640625, 6.31640625, 1.060546875, 0.51708984375, 4.6640625, 7.58203125, 2.9609375, 0.472412109375, 5.97265625, 8.6640625, 4.328125, 3.677734375, 2.654296875, 4.015625, 3.21484375, 1.9609375, 3.25, 1.36328125, 0.0001811981201171875, 7.20703125, 0.0003228187561035156, 0.00734710693359375, 1.095703125, 0.057281494140625, 3.296875, 0.02081298828125, 10.765625, 2.802734375, 9.9453125, 0.1610107421875, 0.7578125, 4.41796875, 0.038116455078125, 3.94921875, 0.058746337890625, 0.7373046875, 2.23046875, 7.2109375, 11.515625, 9.6953125, 3.03125, 0.0011854171752929688, 2.306640625, 0.0007987022399902344, 0.00818634033203125, 0.25244140625, 0.0068359375, 0.07672119140625, 0.0011692047119140625, 13.1171875, 0.2213134765625, 8.734375, 1.55859375, 6.9921875, 7.15234375, 2.11328125, 0.1983642578125, 0.00014293193817138672, 0.669921875, 0.0014696121215820312, 0.0034198760986328125, 0.0132904052734375, 0.0018768310546875, 0.037811279296875, 0.000827789306640625, 9.09375, 4.40625, 2.388671875, 9.0234375, 1.0703125, 9.4765625, 0.1903076171875, 5.375, 0.259765625, 7.12890625, 0.263671875, 4.63671875, 0.00604248046875, 4.890625, 1.990234375, 0.3955078125, 0.379638671875, 7.796875, 0.90869140625, 2.455078125, 0.00897216796875, 6.0234375, 0.349365234375, 3.568359375, 7.5859375, 5.16796875, 3.220703125, 4.40234375, 0.72216796875, 0.2210693359375, 5.0703125, 0.1973876953125, 0.419921875, 1.1728515625, 0.03216552734375, 6.878376007080078e-05, 0.0012226104736328125, 0.0007586479187011719, 0.00018870830535888672, 6.00390625, 3.71875, 0.51171875, 2.853515625, 0.19873046875, 1.12109375, 0.5263671875, 0.2044677734375, 0.33935546875, 0.529296875, 6.94921875, 0.05487060546875, 0.007350921630859375, 3.654296875, 0.7705078125, 3.607421875, 4.390625, 7.41796875, 0.38818359375, 4.19140625, 2.232421875, 1.54296875, 1.6884765625, 1.7734375, 7.74609375, 2.41015625, 5.8359375, 2.306640625, 0.053985595703125, 0.461669921875, 0.0968017578125, 2.0703125, 1.24609375, 1.330078125, 3.21484375, 8.09375, 2.150390625, 5.02734375, 1.0224609375, 2.6015625, 1.560546875, 10.7109375, 1.4130859375, 3.65234375, 5.91015625, 5.69140625, 4.62890625, 1.6435546875, 1.1904296875, 6.1953125, 0.023284912109375, 3.005859375, 7.890625, 5.5703125, 0.98974609375, 3.962890625, 0.9462890625, 4.48046875, 2.119140625, 5.89453125, 1.1005859375, 1.25390625, 1.841796875, 1.796875, 7.37890625, 9.0859375, 5.5625, 0.88818359375, 1.3408203125, 1.734375, 2.025390625, 2.958984375, 1.3779296875, 4.07421875, 2.560546875, 1.5478515625, 1.8701171875, 7.26171875, 0.10015869140625, 2.64453125, 2.623046875, 1.9716796875, 4.69921875, 5.21484375, 3.056640625, 0.74462890625, 6.45703125, 0.29443359375, 0.004604339599609375, 1.6064453125, 3.826171875, 3.99609375, 6.94140625, 3.91015625, 3.107421875, 3.529296875, 3.626953125, 4.453125, 4.3828125, 0.1824951171875, 2.173828125, 4.51171875, 0.032440185546875, 5.60546875, 4.765625, 8.9140625, 4.49609375, 2.658203125, 5.71484375, 0.327392578125, 0.498291015625, 0.66943359375, 7.19921875, 2.2578125, 3.6328125, 8.5234375, 2.30078125, 7.58984375, 2.779296875, 2.99609375, 0.14111328125, 1.9580078125, 1.2939453125, 1.0791015625, 1.9833984375, 8.2734375, 0.95166015625, 0.96533203125, 0.94921875, 0.72607421875, 1.6865234375, 6.25, 4.6328125, 4.45703125, 5.69140625, 5.0078125, 1.798828125, 6.21484375, 8.59375, 0.007434844970703125, 4.55859375, 0.1776123046875, 0.00035953521728515625, 0.49560546875, 4.60546875, 5.9453125, 1.811981201171875e-05, 0.0010852813720703125, 0.360595703125, 0.61572265625, 4.4765625, 7.5390625, 8.0546875, 0.896484375, 7.171875, 1.091796875, 2.876953125, 0.70703125, 5.6015625, 9.21875, 2.58203125, 3.689453125, 7.9140625, 0.505859375, 2.287109375, 1.990234375, 3.810546875, 0.2081298828125, 6.8046875, 3.693359375, 1.7216796875, 2.82421875, 0.90771484375, 9.421875, 1.875, 0.006832122802734375, 5.1875, 3.515625, 4.99609375, 0.49072265625, 4.1875, 1.1416015625, 3.73046875, 0.57470703125, 0.012054443359375, 4.4765625, 3.61328125, 11.8046875, 4.31640625, 1.646484375, 8.875, 3.6015625, 7.8671875, 1.0263671875, 2.013671875, 1.8642578125, 4.73828125, 4.87890625, 7.25390625, 5.12109375, 4.95703125, 2.8125, 6.4375, 9.03125, 1.546875, 9.90625, 4.35546875, 8.890625, 0.059356689453125, 6.42578125, 7.23046875, 1.34765625, 0.152099609375, 1.8681640625, 5.59765625, 1.8544921875, 0.7158203125, 4.9140625, 4.58984375, 8.0, 4.60546875, 2.673828125, 1.1953125]",-1.1615490119848677
62,1,test,3.571154145205893,1.6011169262004419,2.211851287379397,5.542026951758202,2.4847522109431384,3.4325427997538753,35.55760812140661,28.38666474264602,31.66413007370916,55.18138241482441,44.05289009589878,49.13914525589771,3.3501218359674043,1.3539980595674046,1.9250556719459044,4.926649758775595,1.9911736170108894,2.8309642234498598,28.50620651345036,21.14573660911849,24.34807356099757,41.920891931544645,31.09667148399778,35.80599053087877,3.5785055200391787,1.6206067943878373,2.2362425243850397,5.477304367406906,2.4805206036548526,3.4228201903852646,35.819968600438635,28.73554350708808,31.992272829889895,54.82648255169179,43.982974755747065,48.96776453554576,0.7839195979899498,-0.006080402010050223,-0.006080402010050223,0.6180904522613065,-0.02190954773869347,-0.01190954773869346,0.4773869346733668,0.007386934673366818,-0.0126130653266332,0.4207317073170732,0.08435423395329844,0.14486963835155597,0.4464831804281345,0.42211055276381915,0.06622082845304222,0.12661806528468722,0.4191919191919192,0.4147157190635451,0.065800860966717,0.1355166089411869,0.4395973154362416,20.0,9.0,9.0,34.0,14.0,13.0,45.0,15.0,15.0,-0.0004650251314353734,-7.161268647215408e-05,-0.00019361907593471153,0.00039251620327895864,-8.686395899459853e-06,-0.0001419379254530284,"[1.88671875, 5.3046875, 0.005107879638671875, 0.057769775390625, 5.7578125, 6.7890625, 3.572265625, 1.1923828125, 4.390625, 8.8203125, 2.0, 2.01171875, 4.41015625, 0.255615234375, 7.5, 2.40625, 0.007801055908203125, 1.767578125, 9.453125, 9.0703125, 4.04296875, 1.244140625, 0.313232421875, 0.82373046875, 5.43359375, 1.4482421875, 0.00024509429931640625, 7.58984375, 1.7880859375, 5.25390625, 1.8349609375, 2.3125, 2.71484375, 5.62890625, 5.1015625, 3.9375, 3.791015625, 0.0247802734375, 4.55078125, 9.9140625, 0.1734619140625, 8.703125, 6.2734375, 0.0204925537109375, 0.390625, 0.003948211669921875, 0.830078125, 0.00897216796875, 1.3447265625, 0.28759765625, 1.890625, 5.8046875, 0.338623046875, 5.97265625, 1.25, 4.06640625, 4.50390625, 3.59375, 0.493896484375, 2.904296875, 2.3125, 3.509765625, 3.103515625, 2.646484375, 3.130859375, 4.609375, 1.314453125, 3.01171875, 0.0168914794921875, 0.97412109375, 1.70703125, 4.91015625, 7.453125, 3.03125, 3.25390625, 1.1123046875, 6.21484375, 12.671875, 5.3828125, 5.8828125, 2.005859375, 1.66796875, 4.3359375, 0.017608642578125, 4.27734375, 6.09375, 0.56884765625, 3.1171875, 5.88671875, 1.7880859375, 9.7890625, 0.86474609375, 3.78125, 0.21826171875, 1.234375, 6.11328125, 1.7099609375, 0.24951171875, 0.4560546875, 6.171875, 1.7333984375, 2.564453125, 0.8701171875, 2.712890625, 7.62890625, 1.7373046875, 2.337890625, 10.8671875, 3.66796875, 3.49609375, 2.1640625, 0.031005859375, 3.060546875, 3.1484375, 8.1015625, 7.50390625, 5.25, 7.94921875, 2.5625, 0.11895751953125, 3.564453125, 7.25, 7.2421875, 3.318359375, 5.53125, 3.474609375, 0.059814453125, 5.05859375, 2.681640625, 2.55078125, 0.8662109375, 2.48828125, 6.3203125, 10.0, 1.197265625, 2.841796875, 0.638671875, 0.1904296875, 1.8603515625, 1.685546875, 4.4609375, 2.3515625, 2.765625, 3.08203125, 7.46875, 4.15625, 3.197265625, 2.248046875, 7.40625, 2.8984375, 2.54296875, 2.61328125, 0.07940673828125, 4.12890625, 2.052734375, 1.6630859375, 5.70703125, 3.162109375, 3.623046875, 5.859375, 2.654296875, 1.1142578125, 5.828125, 6.4140625, 7.19140625, 6.18359375, 6.2109375, 1.49609375, 7.34375, 4.4140625, 0.78515625, 2.3828125, 12.5078125, 6.33203125, 1.43359375, 5.44140625, 2.748046875, 3.099609375, 1.388671875, 4.90625, 1.01171875, 0.93017578125, 1.99609375, 0.0004627704620361328, 5.015625, 0.32373046875, 2.259765625, 0.05712890625, 3.052734375, 2.4296875, 0.1768798828125, 2.12109375, 7.0703125, 1.11328125, 2.033203125, 0.65380859375, 1.0234375, 0.143310546875, 0.1766357421875, 0.108154296875, 0.111328125, 1.25390625, 2.287109375, 0.21728515625, 1.7724609375, 1.123046875, 1.3798828125, 3.455078125, 6.3203125, 3.74609375, 2.041015625, 7.9609375, 4.5390625, 11.7578125, 4.45703125, 9.140625, 0.1258544921875, 7.546875, 3.79296875, 6.78515625, 4.890625, 9.90625, 3.853515625, 1.8271484375, 1.4111328125, 0.00027060508728027344, 0.2802734375, 0.279541015625, 12.2109375, 0.2286376953125, 2.4296875, 3.732421875, 5.72265625, 1.2041015625, 10.4921875, 9.3203125, 10.5390625, 3.73046875, 6.77734375, 6.30078125, 7.06640625, 8.109375, 2.216796875, 1.5439453125, 2.181640625, 3.642578125, 8.8203125, 3.0390625, 6.01953125, 4.5703125, 2.537109375, 5.42578125, 0.499267578125, 4.08984375, 0.6396484375, 3.734375, 0.088134765625, 4.41015625, 3.921875, 2.400390625, 3.091796875, 8.125, 3.25, 1.3525390625, 0.61865234375, 3.953125, 3.318359375, 6.20703125, 0.50244140625, 7.03515625, 1.37109375, 5.57421875, 1.5830078125, 2.341796875, 8.640625, 1.2900390625, 0.1943359375, 2.203125, 7.9140625, 8.375, 1.5869140625, 0.5205078125, 3.564453125, 4.03515625, 9.203125, 0.73876953125, 11.75, 2.015625, 7.73046875, 6.73828125, 2.18359375, 0.00018167495727539062, 5.79296875, 3.6796875, 0.97265625, 6.80859375, 3.810546875, 3.02734375, 0.1883544921875, 6.91015625, 1.1474609375, 0.65625, 5.25, 0.384765625, 4.25390625, 0.1114501953125, 0.8671875, 5.90234375, 1.80859375, 5.12109375, 0.1502685546875, 0.1439208984375, 0.99267578125, 4.0078125, 2.05859375, 0.0014200210571289062, 8.2265625, 0.56689453125, 5.78125, 1.3232421875, 2.1953125, 6.17578125, 3.548828125, 2.123046875, 10.90625, 14.15625, 2.548828125, 3.59375]",-1.2975229940763335
454,1,test,2.7544331855851043,1.206473057757166,1.5891591750927776,5.992100263378122,2.6246080554717297,3.45711820546499,15.7121325151425,11.01026333372995,12.505331055067954,34.18077950662579,23.952151813728314,27.204579839095196,3.184451732204188,1.3957304148675154,1.9556243082423768,5.397375817295234,2.365644770961891,3.314617471597249,24.15404189155049,18.17224313982001,20.736821655971866,40.93905405347541,30.800412101389846,35.14715534910486,2.9772083508131097,1.3220218013621128,1.8078580095689203,5.914983478436643,2.6265333801896285,3.591770879938253,19.632931812677352,14.3988755712497,16.41303169009338,39.005824793398716,28.607037558774238,32.60867223197361,0.6381909547738693,-0.011809045226130688,-0.0018090452261306789,0.5376884422110553,-0.012311557788944771,-0.012311557788944771,0.4371859296482412,-0.012814070351758744,-0.012814070351758744,0.39083557951482484,0.10550583523487866,0.15525395683642795,0.37297297297297294,0.42713567839195976,0.11134620470774925,0.183396112448721,0.4444444444444444,0.40802675585284276,0.11587316653731683,0.17665856897853793,0.4093959731543624,23.0,-1.0,-2.0,35.0,0.0,-1.0,45.0,1.0,0.0,3.1913513690218845e-05,0.00046841883586663634,0.00014082282029169042,-0.09532329457640376,-0.10140389419319007,-0.10541082160922244,"[2.111328125, 9.03125, 0.796875, 0.0307769775390625, 0.180908203125, 1.380859375, 3.689453125, 1.6689300537109375e-05, 1.2431640625, 1.5497207641601562e-06, 2.67578125, 4.70703125, 0.2939453125, 1.1920928955078125e-07, 0.00901031494140625, 0.003658294677734375, 0.00012540817260742188, 4.1875, 3.126953125, 3.89453125, 4.03515625, 0.0019121170043945312, 10.875, 0.313232421875, 4.90625, 7.66796875, 1.3095703125, 9.9921875, 2.6640625, 6.43359375, 3.78125, 2.625, 1.2333984375, 6.046875, 1.703125, 8.84375, 0.22802734375, 4.8203125, 4.12109375, 4.10546875, 0.1943359375, 0.00928497314453125, 6.4296875, 2.431640625, 4.046875, 1.3857421875, 9.6640625, 0.60302734375, 1.5556640625, 6.140625, 1.84765625, 1.99609375, 2.4375, 5.09765625, 10.3828125, 2.2265625, 0.319580078125, 10.78125, 0.72119140625, 2.931640625, 4.96484375, 7.20703125, 0.93115234375, 3.916015625, 0.94970703125, 5.40234375, 0.117919921875, 2.798828125, 0.432861328125, 3.716796875, 10.8828125, 2.76171875, 0.414306640625, 6.55078125, 8.6640625, 7.58203125, 0.178955078125, 0.04718017578125, 5.16015625, 9.125, 2.544921875, 5.70703125, 2.255859375, 5.7421875, 4.0546875, 0.8837890625, 7.15234375, 2.044921875, 8.4296875, 2.255859375, 0.139404296875, 0.0377197265625, 0.0002351999282836914, 0.00588226318359375, 1.0728836059570312e-06, 7.43865966796875e-05, -0.0, 0.00018155574798583984, 0.0010766983032226562, 1.2470703125, 4.61328125, 7.65234375, 0.28125, 0.033233642578125, 0.86669921875, 9.828125, 0.482177734375, 1.927734375, 4.46875, 0.61962890625, 4.24609375, 3.59375, 5.72265625, 6.63671875, 1.1923828125, 5.6171875, 6.8046875, 3.396484375, 2.138671875, 7.25390625, 6.27734375, 1.11328125, 4.6875, 2.8046875, 1.2216796875, 0.0011987686157226562, 0.1573486328125, 4.0531158447265625e-06, 0.00015294551849365234, -0.0, 2.682209014892578e-05, -0.0, 2.0503997802734375e-05, 3.1113624572753906e-05, 0.45751953125, 11.7578125, 8.7734375, 1.142578125, 0.052001953125, 0.058837890625, 0.287841796875, 2.4199485778808594e-05, 0.1322021484375, 3.337860107421875e-06, 0.0001289844512939453, -0.0, 7.808208465576172e-05, -0.0, 8.463859558105469e-06, 4.684925079345703e-05, 0.05462646484375, 4.67578125, 4.96875, 0.60498046875, 7.60546875, 3.595703125, 7.8515625, 8.234375, 2.904296875, 8.4765625, 0.11981201171875, 1.9130859375, 10.0078125, 2.4375, 3.2109375, 0.1185302734375, 4.484375, 2.388671875, 3.099609375, 7.80859375, 4.8515625, 1.2080078125, 4.69921875, 0.0030517578125, 1.3955078125, 6.8671875, 5.703125, 2.29296875, 5.15234375, 0.1685791015625, 3.576171875, 5.609375, 2.150390625, 2.44921875, 5.55859375, 0.36865234375, 7.10546875, 0.96533203125, 8.4921875, 5.2109375, 1.6708984375, 5.59765625, 6.890625, 4.44140625, 6.31640625, 0.0880126953125, 3.11328125, 6.84765625, 7.5390625, 4.33984375, 6.6796875, 7.6484375, 1.287109375, 1.27734375, 3.0625, 1.6962890625, 6.51171875, 0.4541015625, 4.546875, 2.935546875, 0.37646484375, 3.9921875, 9.09375, 1.470703125, 6.63671875, 1.9189453125, 1.744140625, 5.609375, 7.390625, 1.62109375, 0.0001596212387084961, 0.373291015625, 9.5367431640625e-06, 3.4332275390625e-05, -0.0, 7.152557373046875e-07, -0.0, 2.6226043701171875e-06, 3.5762786865234375e-06, 2.203125, 0.0001430511474609375, 0.0413818359375, 1.9311904907226562e-05, 4.756450653076172e-05, 1.1920928955078125e-07, 4.76837158203125e-07, -0.0, 4.76837158203125e-07, 2.2649765014648438e-06, 1.392578125, 0.0001652240753173828, 0.0201873779296875, 0.0001571178436279297, 1.71661376953125e-05, 1.1920928955078125e-07, 1.3113021850585938e-06, -0.0, 2.384185791015625e-07, 3.4570693969726562e-06, 0.392822265625, 4.81640625, 6.66015625, 4.2265625, 10.6484375, 8.6640625, 8.8828125, 1.0126953125, 9.8046875, 4.3046875, 1.453125, 5.4140625, 2.490234375, 4.7734375, 4.1875, 6.34375, 5.96875, 7.0390625, 1.7607421875, 3.23828125, 6.21875, 2.2734375, 4.515625, 2.1171875, 7.49609375, 9.3203125, 4.2578125, 7.2109375, 2.19921875, 2.267578125, 1.66796875, 6.79296875, 6.28125, 3.451171875, 5.6743621826171875e-05, 3.16796875, 6.794929504394531e-06, 1.6927719116210938e-05, -0.0, 9.655952453613281e-06, -0.0, 4.76837158203125e-07, 5.602836608886719e-06, 0.7958984375, 9.655952453613281e-06, 0.0830078125, 8.940696716308594e-06, 5.245208740234375e-06, 3.5762786865234375e-07, 3.5762786865234375e-06, -0.0, 1.3113021850585938e-06, 6.318092346191406e-06, 0.7890625, 6.270408630371094e-05, 0.0201873779296875, 0.0001590251922607422, 9.655952453613281e-06, 3.5762786865234375e-07, 2.7418136596679688e-06, -0.0, 2.384185791015625e-07, 5.602836608886719e-06, 0.89306640625, 1.609325408935547e-05, 0.17919921875, 0.00019991397857666016, 8.463859558105469e-06, 1.3113021850585938e-06, 2.7418136596679688e-06, -0.0, 1.1920928955078125e-07, 5.364418029785156e-06, 0.7880859375, 6.95703125, 7.8359375, 3.607421875, 10.6015625, 1.81640625, 0.004238128662109375, 0.045440673828125, 0.19189453125, 2.086162567138672e-05, 0.474609375, 5.3882598876953125e-05, 3.933906555175781e-06, -0.0, 3.5762786865234375e-07, -0.0, -0.0, 7.152557373046875e-07, 0.036224365234375, 1.46875, 1.8876953125, 0.0212249755859375, 8.578125, 0.2171630859375, 4.87109375, 6.19140625, 0.067138671875, 0.93603515625, 0.83056640625, 0.03375244140625, 9.4921875, 2.376953125, 2.8125, 4.12109375, 2.57421875, 7.03515625, 0.05523681640625, 1.2431640625, 7.078125, 2.515625, 5.91015625, 0.09539794921875, 1.544921875, 4.47265625, 1.4482421875, 6.984375, 1.291015625, 8.1640625, 1.03515625]",-0.6510281257552277
128,1,test,3.0327750750830478,1.3291123410429904,1.8372138785414291,5.1756939904111885,2.2682456119595935,3.1353650023012407,20.754748732733315,15.260714964489377,17.44933649672466,35.41978077143111,26.043735119038757,29.77880779381154,3.100093624100613,1.263463113593541,1.827401291418903,4.732967365039104,1.9289513184634215,2.7899256357540505,22.20002964195661,15.924671796808678,18.629577162586422,33.893175025887956,24.3124760256621,28.44210253829988,3.0544742887288754,1.3464005562153405,1.8604818219474737,5.212725582561254,2.2977494522237847,3.1750737679941916,21.210032242454457,15.6917107725183,17.909801239950067,36.19676161137437,26.779266887231827,30.56463085859742,0.6834170854271358,-0.006582914572864196,-0.006582914572864196,0.5477386934673367,-0.03726130653266324,0.007738693467336688,0.4623115577889447,0.017311557788944776,0.017311557788944776,0.41901408450704225,0.1009121512908735,0.15671900253982918,0.4028268551236749,0.44723618090452266,0.11139658190702895,0.17344653148882982,0.4444444444444444,0.426056338028169,0.10443946632342382,0.16844509681037045,0.4134275618374559,21.0,9.0,9.0,32.0,15.0,15.0,40.0,14.0,14.0,0.0001141061224445806,0.00016121606975578,-5.19590286641033e-06,-0.0002803336946550772,0.00016174870629104277,1.2262581172706177e-05,"[4.85546875, 5.84375, 5.23046875, 0.56494140625, 7.6328125, 0.271728515625, 0.2318115234375, 6.14453125, 3.55859375, 1.1826171875, 3.8671875, 11.390625, 1.076171875, 1.8095703125, 6.89453125, 4.1328125, 0.0063323974609375, 0.07525634765625, 0.474853515625, 0.92724609375, 0.002605438232421875, 0.06646728515625, 1.1708984375, 8.1875, 4.4921875, 8.15625, 6.9296875, 1.4208984375, 8.125, 0.56884765625, 0.17822265625, 0.9091796875, 0.0289764404296875, 0.83349609375, 1.65625, 2.978515625, 3.048828125, 1.5234375, 2.955078125, 3.3974647521972656e-05, 0.1561279296875, 0.62939453125, 4.58984375, 4.41015625, 10.5859375, 3.6953125, 3.7734375, 3.3125, 5.3515625, 3.201171875, 2.865234375, 2.00390625, 3.037109375, 2.302734375, 2.583984375, 5.453125, 4.80859375, 1.7724609375, 0.245849609375, 1.119140625, 0.368896484375, 0.7265625, 2.587890625, 0.466796875, 5.87890625, 5.4453125, 0.48681640625, 1.0126953125, 5.3203125, 0.8779296875, 2.84375, 2.498046875, 2.505859375, 10.0859375, 5.7109375, 2.484375, 2.1796875, 3.326171875, 1.3935546875, 6.109375, 0.0161895751953125, 3.396484375, 4.015625, 5.6015625, 3.58984375, 8.328125, 0.3818359375, 3.580078125, 3.693359375, 5.6875, 8.09375, 2.248046875, 4.63671875, 3.384765625, 7.46875, 0.02838134765625, 1.12109375, 6.56640625, 8.59375, 0.10137939453125, 8.5546875, 5.72265625, 0.52294921875, 1.140625, 7.24609375, 4.3203125, 2.49609375, 4.05078125, 0.1788330078125, 0.2421875, 0.00041794776916503906, 0.061614990234375, 2.865234375, 1.7197265625, 10.65625, 9.953125, 5.84765625, 0.09930419921875, 7.40234375, 0.71630859375, 0.73583984375, 1.734375, 2.376953125, 6.34375, 2.755859375, 4.6953125, 4.640625, 2.77734375, 0.0007457733154296875, 0.6572265625, 3.705078125, 0.00020563602447509766, 1.6044921875, 0.2802734375, 4.19140625, 1.5439453125, 0.31103515625, 4.46484375, 0.0313720703125, 6.07421875, 0.88037109375, 1.92578125, 3.693359375, 3.873046875, 0.74658203125, 1.8037109375, 2.091796875, 1.7822265625, 0.0103302001953125, 6.4453125, 0.1805419921875, 0.04815673828125, 2.287109375, 0.642578125, 1.5, 3.208984375, 0.0007600784301757812, 0.225830078125, 2.45703125, 1.935546875, 3.90234375, 7.03515625, 0.199951171875, 0.11956787109375, 5.7578125, 6.36328125, 0.87548828125, 11.3046875, 1.283203125, 1.2783203125, 4.8203125, 0.007022857666015625, 3.8984375, 4.875, 3.25390625, 0.046844482421875, 0.235595703125, 0.198486328125, 4.7578125, 2.859375, 4.078125, 3.099609375, 2.796875, 4.1484375, 0.306640625, 0.0194854736328125, 3.08984375, 9.09375, 0.0014200210571289062, 5.546875, 1.607421875, 2.76171875, 13.421875, 0.369384765625, 3.890625, 4.75, 4.515625, 0.00023126602172851562, 0.783203125, 2.013671875, 2.919921875, 7.8828125, 1.595703125, 1.8544921875, 9.1171875, 0.20751953125, 7.00390625, 8.0859375, 2.841796875, 0.0208587646484375, 4.1171875, 2.486328125, 1.486328125, 2.810546875, 2.205078125, 0.0107574462890625, 1.34375, 7.453125, 4.5546875, 0.53564453125, 1.53515625, 0.00020170211791992188, 0.552734375, 2.076171875, 6.937980651855469e-05, 0.407958984375, 0.3154296875, 9.3984375, 1.791015625, 0.0266265869140625, 4.48828125, 0.0919189453125, 0.265380859375, 4.18359375, 4.89453125, 1.69921875, 0.5244140625, 8.546875, 0.71923828125, 0.2454833984375, 1.5068359375, 0.00020968914031982422, 0.1290283203125, 0.75244140625, 0.447021484375, 6.98046875, 0.52978515625, 0.09112548828125, 0.00048160552978515625, 0.328125, 1.0048828125, 1.1416015625, 0.0003352165222167969, 6.203125, 0.0070343017578125, 0.15869140625, 4.24609375, 0.2705078125, 3.61328125, 5.0625, 15.3359375, 0.046630859375, 7.234375, 1.1865234375, 1.490234375, 6.703125, 1.857421875, 7.09765625, 3.96875, 7.140625, 2.8046875, 2.201171875, 4.375, 3.70703125, 3.6015625, 5.38671875, 1.92578125, 10.265625, 0.49853515625, 0.071533203125, 4.62890625, 3.60546875, 1.845703125, 5.5859375]",-0.9903057507226163
32,1,test,2.9447872171132388,1.2270405536826845,1.6825855646032326,5.29316183329215,2.205566564847357,3.024394305995684,19.006617673184753,13.434658863970093,15.473425882137313,34.16379379230677,24.14837416055384,27.8129933577658,2.7704287803352776,1.083923987108259,1.5237209068071502,4.818137009278744,1.8850851949708858,2.64994940314287,15.965478225463006,10.564906661069784,12.48660702484914,27.76604908776175,18.373750714903974,21.715838304085462,2.9447872171132388,1.2270405536826845,1.6825855646032326,5.29316183329215,2.205566564847357,3.024394305995684,19.006617673184753,13.434658863970093,15.473425882137313,34.16379379230677,24.14837416055384,27.8129933577658,0.6683417085427136,-0.006658291457286469,0.0033417085427135396,0.5125628140703518,-0.0024371859296482556,0.002562814070351749,0.3919597989949749,0.001959798994974893,0.001959798994974893,0.4134275618374559,0.09717314487632511,0.1425206124852768,0.43617021276595747,0.42211055276381915,0.10552763819095479,0.1507537688442212,0.43434343434343436,0.4134275618374559,0.09717314487632511,0.1425206124852768,0.43617021276595747,21.0,5.0,4.0,33.0,8.0,6.0,40.0,5.0,6.0,-0.00038994612045590947,-0.00022837528193429428,-8.448445505320737e-05,-0.014203608024809355,-0.01338457410978755,-0.012577922099819894,"[7.03125, 1.359375, 0.2252197265625, 0.06805419921875, 1.4384765625, 0.266357421875, 0.054443359375, 9.059906005859375e-06, 1.5224609375, 0.002777099609375, 0.0131072998046875, 7.60546875, 1.0771484375, 0.0760498046875, 3.890625, 1.6669921875, 1.0859375, 6.47265625, 4.57421875, 1.0830078125, 4.32421875, 0.86279296875, 4.76171875, 3.76953125, 0.00971221923828125, 0.671875, 0.0804443359375, 8.328125, 6.828125, 1.1259765625, 5.5, 0.24267578125, 1.97265625, 8.484375, 2.849609375, 2.80078125, 4.87109375, 3.501953125, 0.00525665283203125, 1.6474609375, 1.4443359375, 5.245208740234375e-06, 0.20361328125, 0.06207275390625, 3.576171875, 0.00922393798828125, 4.59765625, 4.3828125, 3.64453125, 0.191162109375, 7.4921875, 4.0703125, 10.140625, 0.468505859375, 8.7265625, 6.25, 6.44140625, 0.235107421875, 0.54833984375, 5.046875, 4.14453125, 1.5478515625, 1.6533203125, 0.047515869140625, 2.85546875, 2.447265625, 7.875, 0.2423095703125, 2.1796875, 0.1492919921875, 6.31640625, 4.54296875, 1.15234375, 3.740234375, 11.8359375, 4.26953125, 0.388427734375, 0.91650390625, 6.5546875, 0.10247802734375, 3.97265625, 1.166015625, 2.326171875, 3.826171875, 7.13671875, 0.037261962890625, 3.462890625, 2.337890625, 5.7890625, 1.365234375, 3.2186508178710938e-06, 0.2474365234375, 2.14453125, 0.00047206878662109375, 0.0120697021484375, 0.323486328125, 1.6640625, 1.1103515625, 0.92138671875, 2.53515625, 5.05859375, 2.583984375, 1.04296875, 0.0034503936767578125, 2.17578125, 1.94921875, 1.205078125, 5.40234375, 4.921875, 0.7255859375, 1.5497207641601562e-06, 0.370849609375, 0.328125, 9.429454803466797e-05, 0.017425537109375, 0.7001953125, 7.32421875, 3.326171875, 4.484375, 9.234375, 5.67578125, 5.7734375, 4.01171875, 3.427734375, 0.0025997161865234375, 2.896484375, 3.3828125, 5.13671875, 1.3427734375, 0.6044921875, 4.0859375, 0.94970703125, 3.306640625, 2.251953125, 0.1513671875, 0.006122589111328125, 3.98046875, 1.7373046875, 6.640625, 5.57421875, 1.4248046875, 0.004390716552734375, 11.46875, 1.8125, 0.32177734375, 1.9033203125, 7.921875, 4.265625, 2.841796875, 3.849609375, 0.99560546875, 3.37109375, 3.537109375, 1.140625, 1.7763671875, 0.0411376953125, 6.5234375, 0.2152099609375, 1.0703125, 3.933906555175781e-06, 0.5595703125, 0.703125, 7.891654968261719e-05, 0.01201629638671875, 0.69775390625, 0.7509765625, 0.0010280609130859375, 5.14453125, 0.1771240234375, 1.6318359375, 1.2685546875, 7.81640625, 0.60400390625, 2.080078125, 9.796875, 0.34521484375, 3.203125, 9.0, 2.1484375, 3.78515625, 2.474609375, 1.8466796875, 6.04296875, 4.94140625, 3.48828125, 2.0234375, 2.25390625, 2.26953125, 4.9296875, 3.0546875, 3.109375, 0.974609375, 0.2391357421875, 5.31640625, 5.5546875, 4.67578125, 1.8974609375, 8.375, 2.41015625, 3.857421875, 0.387939453125, 0.08935546875, 6.19921875, 9.3671875, 4.51171875, 3.8828125, 0.00019693374633789062, 1.013671875, 0.056915283203125, 3.9765625, 1.357421875, 5.22265625, 6.8359375, 3.08203125, 5.28125, 9.2265625, 1.8857421875, 5.23046875, 0.75537109375, 1.4140625, 0.2958984375, 6.34765625, 1.849609375, 8.21875, 0.058441162109375, 5.8125, 4.78515625, 1.94140625, 4.11328125, 9.21875, 2.373046875, 0.07568359375, 6.318092346191406e-06, 0.1614990234375, 0.05157470703125, 5.44140625, 1.3046875, 3.611328125, 8.59375, 3.720703125, 1.4892578125, 1.1162109375, 1.30078125, 6.51171875, 3.744140625, 6.05078125, 6.8125, 1.5673828125, 2.833984375, 4.96484375, 1.2373046875, 1.4482421875, 2.521484375, 5.99609375, 1.123046875, 10.6484375, 2.404296875, 2.111328125, 0.86669921875, 2.150390625, 3.1953125, 12.3125, 0.328369140625, 2.80078125, 7.5703125, 4.84375, 1.291015625, 0.04327392578125, 5.9609375, 2.703125, 9.109375, 2.4296875, 0.09222412109375, 2.830078125, 0.446044921875, 0.037506103515625, 3.892578125, 1.837890625, 3.314453125, 0.005977630615234375, 3.48046875, 0.0253753662109375, 1.408203125]",-0.38799052145792823
324,1,test,2.943594077258434,1.2956761745384402,1.788387417620104,5.812192127070793,2.558341491126856,3.5312108246002047,18.983953643501057,13.78780397622068,15.809274215658847,37.48423967825049,27.22432632247395,31.21576437486778,3.212722657313898,1.4078024676524081,1.9625915462007206,5.35453776218983,2.346337446087347,3.2709859103345345,24.84664311032081,18.767156887016657,21.355842500107418,41.41107185053468,31.27859481169443,35.593070833512364,2.982255874668874,1.3114613753305044,1.814357388931412,5.7351074512862965,2.5220411064048167,3.4891488248681,19.7322800246669,14.415890036643745,16.51705133986011,37.946692355128654,27.722865455084126,31.763560268961754,0.6884422110552764,-0.0015577889447235815,0.008442211055276427,0.5678391959798995,0.002839195979899567,0.00783919597989946,0.4824120603015075,0.007412060301507539,0.007412060301507539,0.4368932038834952,0.12833100679141118,0.19039158924409794,0.40909090909090906,0.4522613065326633,0.12394050452765071,0.19349669885319754,0.4444444444444444,0.4347826086956522,0.12259563039849031,0.18784156308942312,0.412751677852349,25.0,8.0,8.0,36.0,4.0,2.0,43.0,5.0,6.0,0.0006566098910712484,6.851700976953586e-05,9.711136191024151e-05,-0.03871975794850613,-0.03729716484342571,-0.035297965246048335,"[10.765625, 5.2265625, 2.83203125, 2.04296875, 1.603515625, 4.19921875, 4.6796875, 1.1376953125, 6.69140625, 4.16015625, 5.2578125, 6.73828125, 3.55078125, 5.86328125, 6.59765625, 1.8828125, 5.6640625, 0.3349609375, 6.5703125, 2.451171875, 0.75244140625, 0.0843505859375, 6.5625, 0.0210723876953125, 0.004062652587890625, 4.31640625, 0.10809326171875, 5.14453125, 2.240234375, 3.767578125, 0.045074462890625, 0.8818359375, 5.73046875, 6.74609375, 2.97265625, 4.65625, 1.4853515625, 7.0390625, 9.515625, 0.391845703125, 0.994140625, 2.185546875, 8.34375, 1.650390625, 0.471923828125, 0.114501953125, 0.197265625, 0.0006327629089355469, 1.2900390625, 0.1724853515625, 5.2109375, 6.28515625, 7.078125, 7.91015625, 0.25048828125, 0.220947265625, 3.685546875, 1.1845703125, 1.927734375, 1.486328125, 0.00772857666015625, 0.0211639404296875, 3.244140625, 8.5234375, 9.578125, 0.4375, 2.9296875, 1.2109375, 3.685546875, 2.435546875, 9.4765625, 1.341796875, 0.1976318359375, 1.8779296875, 5.59375, 5.4609375, 0.7177734375, 5.046875, 1.318359375, 3.15234375, 6.765625, 5.22265625, 2.115234375, 2.369140625, 1.212890625, 3.154296875, 6.7578125, 1.6953125, 6.375, 2.591796875, 0.310791015625, 0.02880859375, 0.2109375, 0.001041412353515625, 6.984375, 4.08203125, 3.6015625, 6.5625, 4.78125, 5.1953125, 8.296875, 0.6484375, 5.44140625, 1.1123046875, 0.56787109375, 0.099609375, 9.1484375, 7.29296875, 0.5556640625, 0.0162353515625, 0.1068115234375, 0.0010385513305664062, 0.072998046875, 0.07464599609375, 2.9802322387695312e-06, 0.121826171875, 0.01483917236328125, 1.32421875, 0.0521240234375, 0.323974609375, 0.1138916015625, 0.040252685546875, 0.008056640625, 0.1016845703125, 0.00945281982421875, 0.1258544921875, 0.0034313201904296875, 0.0023708343505859375, 0.0006175041198730469, 1.4091796875, 0.0039005279541015625, 0.00479888916015625, 1.080078125, 0.008270263671875, 3.974609375, 0.4384765625, 3.10546875, 5.6015625, 0.00917816162109375, 2.96484375, 4.92578125, 1.2021484375, 8.5546875, 4.375, 0.32177734375, 0.474365234375, 3.62109375, 6.23828125, 4.19140625, 4.43359375, 3.509765625, 1.89453125, 1.2958984375, 11.671875, 2.00390625, 3.880859375, 0.86962890625, 4.52734375, 8.53125, 2.3359375, 4.734375, 7.234375, 4.765625, 5.51953125, 4.66796875, 2.052734375, 2.703125, 5.58203125, 4.7421875, 5.35546875, 7.21875, 0.0131072998046875, 8.671875, 3.107421875, 4.96875, 4.015625, 7.0078125, 4.046875, 6.00390625, 4.62109375, 1.501953125, 3.353515625, 0.92919921875, 0.01116180419921875, 0.36865234375, 0.0003020763397216797, 1.8583984375, 6.5, 5.51171875, 5.1328125, 1.6015625, 9.125, 5.45703125, 9.4453125, 5.30078125, 1.8056640625, 3.66796875, 4.3203125, 2.744140625, 1.61328125, 0.8720703125, 0.075927734375, 0.166259765625, 0.00021409988403320312, 1.6787109375, 7.32421875, 1.126953125, 10.59375, 8.78125, 5.96484375, 1.8759765625, 6.7109375, 2.623046875, 9.5390625, 1.4638671875, 2.9296875, 3.634765625, 0.8330078125, 2.708984375, 3.525390625, 9.015625, 1.23046875, 10.390625, 0.19091796875, 1.09765625, 0.2034912109375, 0.041351318359375, 9.21875, 2.109375, 0.28759765625, 0.77001953125, 0.98828125, 0.05426025390625, 0.00563812255859375, 0.0045318603515625, 1.8477439880371094e-05, 0.0628662109375, 0.0222015380859375, 1.0728836059570312e-06, 0.09161376953125, 0.00421142578125, 0.0006113052368164062, 0.009857177734375, 0.0709228515625, 0.0516357421875, 0.0244598388671875, 0.0018177032470703125, 0.01226043701171875, 0.0009737014770507812, 0.06524658203125, 0.0012912750244140625, 0.001796722412109375, 0.00022542476654052734, 3.947265625, 0.001178741455078125, 0.0011920928955078125, 0.30908203125, 0.00015795230865478516, 3.634765625, 1.439453125, 2.548828125, 3.474609375, 4.13671875, 5.91015625, 4.50390625, 2.138671875, 5.56640625, 2.447265625, 6.37109375, 5.4140625, 2.001953125, 4.03515625, 3.359375, 3.078125, 8.171875, 1.935546875, 4.58203125, 0.04705810546875, 6.6640625, 0.229248046875, 0.0022068023681640625, 0.150146484375, 1.08203125, 2.65234375, 9.9609375, 0.390869140625, 1.4931640625, 3.798828125, 1.1904296875, 4.140625, 6.34375, 3.841796875, 2.880859375, 3.810546875, 3.375, 0.022918701171875, 4.45703125, 6.20703125, 3.4140625, 4.9921875, 1.6376953125, 1.8232421875, 3.87890625, 1.072265625, 0.30908203125, 0.01107025146484375, 1.1533203125, 0.00024700164794921875, 2.998046875]",-0.4453395813414196
241,1,test,3.0602080240687717,1.2967929809628271,1.7969355099944664,5.142598099618528,2.179226074517414,3.019702277150465,21.3319942687412,15.499673217638215,17.795016891848,35.84784835693788,26.046788129048835,29.904052054939836,2.8297882894774777,1.010805898048351,1.4870156066379552,4.421544202308559,1.5793842157005487,2.323461885371805,16.94187367190785,10.776292563601121,13.112226476609466,26.471677612356014,16.837957130626755,20.487853869702292,3.0602080240687717,1.2967929809628271,1.7969355099944664,5.142598099618528,2.179226074517414,3.019702277150465,21.3319942687412,15.499673217638215,17.795016891848,35.84784835693788,26.046788129048835,29.904052054939836,0.6381909547738693,0.0031909547738693256,-0.006809045226130683,0.4974874371859297,-0.007512562814070312,-0.022512562814070325,0.3869346733668342,-0.008065326633165837,0.001934673366834172,0.431095406360424,0.10305307831809596,0.1690507530114228,0.45744680851063835,0.39698492462311563,0.08119545093890512,0.1382203169436499,0.40909090909090906,0.431095406360424,0.10305307831809596,0.1690507530114228,0.45744680851063835,19.0,10.0,10.0,33.0,23.0,23.0,43.0,28.0,28.0,-0.00033072388653723403,-0.00021146180943403884,-0.00021229766069172078,-0.0002734037727947225,0.00016562223134020115,1.5767138139999304e-05,"[2.859375, 3.21484375, 0.217529296875, 0.020843505859375, 4.184246063232422e-05, 1.068359375, 0.0114898681640625, 0.01314544677734375, 5.5703125, 1.0556640625, 4.8359375, 0.1661376953125, 0.2406005859375, 2.314453125, 1.2080078125, 2.076171875, 4.609375, 0.07568359375, 0.7841796875, 2.751953125, 1.263671875, 0.03619384765625, 0.33837890625, 3.078125, 1.0634765625, 0.6123046875, 0.361083984375, 0.90673828125, 6.69921875, 5.05859375, 0.01403045654296875, 0.4228515625, 7.921875, 9.2734375, 1.6943359375, 0.0017709732055664062, 0.06719970703125, 0.00908660888671875, 0.1197509765625, 0.035552978515625, 0.81982421875, 1.11328125, 3.205078125, 0.1497802734375, 12.140625, 4.33984375, 5.47265625, 0.45947265625, 6.0625, 4.92578125, 7.33984375, 2.728515625, 4.33203125, 7.109375, 0.1923828125, 1.7587890625, 7.84375, 1.0087890625, 3.953125, 4.23828125, 0.82177734375, 4.55078125, 10.484375, 1.3671875, 6.46484375, 0.1614990234375, 2.998046875, 0.332763671875, 2.29296875, 2.408203125, 4.27734375, 0.88818359375, 5.72265625, 1.7158203125, 6.35546875, 1.8154296875, 4.66015625, 5.88671875, 4.59375, 0.740234375, 5.9375, 0.250732421875, 8.5546875, 0.1060791015625, 1.88671875, 5.75, 0.260986328125, 2.951171875, 0.00481414794921875, 5.7890625, 2.904296875, 1.029296875, 6.41015625, 3.671875, 0.0003638267517089844, 1.818359375, 2.44140625, 6.27734375, 1.572265625, 6.52734375, 1.1142578125, 4.66015625, 2.591796875, 4.9765625, 0.08343505859375, 0.86962890625, 0.0015153884887695312, 12.15625, 0.8759765625, 1.7841796875, 5.24609375, 3.87109375, 3.3671875, 8.2578125, 2.8984375, 0.89599609375, 1.9951171875, 7.25, 0.3193359375, 7.43359375, 0.09820556640625, 6.3984375, 3.16015625, 5.515625, 1.4384765625, 7.06640625, 0.1673583984375, 4.3359375, 5.19140625, 0.09185791015625, 2.849609375, 6.875, 0.87646484375, 7.14453125, 1.9033203125, 4.11328125, 0.1544189453125, 1.09375, 3.806640625, 1.71875, 0.474365234375, 4.80859375, 2.7421875, 3.1171875, 4.05078125, 5.25390625, 0.51708984375, 0.2340087890625, 3.90234375, 0.505859375, 0.0006227493286132812, 6.16015625, 0.53564453125, 0.04296875, 0.0003762245178222656, 6.38671875, 0.3779296875, 0.0325927734375, 0.0005283355712890625, 5.62109375, 2.154296875, 2.630859375, 0.00010442733764648438, 1.8876953125, 0.12384033203125, 0.3515625, 0.1337890625, 0.144287109375, 7.5703125, 1.4111328125, 4.59375, 0.009063720703125, 4.79296875, 2.3125, 0.951171875, 6.96484375, 0.94921875, 0.904296875, 7.13671875, 5.12109375, 0.237548828125, 4.6640625, 0.78173828125, 0.1451416015625, 7.609375, 2.16796875, 0.1907958984375, 6.3203125, 11.125, 2.5546875, 6.84375, 2.73828125, 4.5546875, 0.226318359375, 2.345703125, 0.150390625, 0.1817626953125, 5.1484375, 1.55078125, 0.000782012939453125, 0.16259765625, 1.1806640625, 4.31640625, 3.27734375, 4.515625, 0.1424560546875, 3.40625, 2.751953125, 0.74755859375, 9.584426879882812e-05, 5.34765625, 0.3671875, 0.00673675537109375, 8.33272933959961e-05, 6.98828125, 1.3515625, 2.533203125, 4.609375, 1.0869140625, 0.0679931640625, 3.80859375, 0.892578125, 5.85546875, 4.48828125, 4.90625, 2.162109375, 1.283203125, 5.734375, 8.453125, 6.04296875, 3.4921875, 7.48046875, 3.7890625, 8.578125, 7.23828125, 8.34375, 0.14404296875, 1.3076171875, 5.74609375, 5.59765625, 2.748046875, 0.00032401084899902344, 4.61328125, 0.76220703125, 3.7109375, 10.2890625, 2.76171875, 3.197265625, 6.2265625, 6.85546875, 1.265625, 3.453125, 0.00899505615234375, 5.09375, 0.71337890625, 4.3828125, 3.744140625, 5.3671875, 1.9111328125, 7.3046875, 4.12109375, 2.587890625, 1.14453125, 1.8134765625, 7.1328125, 0.87890625, 9.453125, 0.485107421875, 7.2109375, 0.0033435821533203125, 2.20703125, 5.3515625, 7.41015625, 2.470703125, 5.4453125, 2.59765625, 2.474609375, 5.19921875, 5.05859375, 0.703125, 0.0012388229370117188, 5.82421875, 0.80810546875]",-0.7916300878086697
120,1,test,2.9500960998965384,1.175239332787843,1.6478443369997622,5.626254704802685,2.2413492989596726,3.142674556992404,19.107789896634582,13.208353814121036,15.430221533468456,36.4412850171531,25.190217631216548,29.427636781686275,3.1232452027162716,1.2003681733475198,1.7292794236728735,5.3849055219246065,2.069600298875034,2.981516247711851,22.71999111337639,15.879380289601645,18.68918743881969,39.17239847133861,27.37824187862353,32.222736963482234,2.9500960998965384,1.175239332787843,1.6478443369997622,5.626254704802685,2.2413492989596726,3.142674556992404,19.107789896634582,13.208353814121036,15.430221533468456,36.4412850171531,25.190217631216548,29.427636781686275,0.7085427135678393,0.0035427135678391952,-0.0014572864321606982,0.5628140703517588,-0.012185929648241167,0.012814070351758744,0.457286432160804,-0.0027135678391959628,0.0022864321608040417,0.42105263157894735,0.07958921694480103,0.13480263157894734,0.39245283018867927,0.4522613065326633,0.10639664487852796,0.15676881905353135,0.43939393939393945,0.42105263157894735,0.07958921694480103,0.13480263157894734,0.39245283018867927,24.0,13.0,13.0,37.0,15.0,15.0,44.0,13.0,14.0,0.0003932707580341983,0.0006122546565699038,0.00021281949301329875,-0.00015559510116602837,0.0002314721571865519,7.534460660885145e-05,"[2.859375, 1.2138671875, 0.351806640625, 0.0308380126953125, 0.0001201629638671875, 1.1474609375, 0.00901031494140625, 0.0285186767578125, 6.59765625, 9.984375, 8.0078125, 3.591796875, 4.87109375, 0.55615234375, 3.14453125, 0.5146484375, 0.0859375, 5.62890625, 2.462890625, 7.22265625, 8.203125, 0.020416259765625, 3.498046875, 3.275390625, 8.6953125, 1.3349609375, 8.0546875, 11.6171875, 1.14453125, 6.05859375, 5.0, 1.474609375, 7.55859375, 1.8916015625, 6.68359375, 6.09765625, 2.837890625, 4.859375, 2.646484375, 9.2421875, 0.3212890625, 1.32421875, 0.0012598037719726562, 1.5927734375, 1.1103515625, 4.3515625, 3.86328125, 0.6474609375, 1.9599609375, 4.25, 5.48046875, 7.55078125, 8.390625, 5.46484375, 4.83203125, 2.830078125, 2.19140625, 0.0017404556274414062, 0.0821533203125, 3.255859375, 0.003673553466796875, 1.633167266845703e-05, 0.1258544921875, 0.3076171875, 2.15234375, 9.078125, 4.34765625, 3.697265625, 6.64453125, 1.5419921875, 0.28271484375, 0.0213470458984375, 0.58154296875, 2.98046875, 2.984375, 3.453125, 2.1640625, 1.8935546875, 2.91796875, 2.583984375, 7.73828125, 4.25390625, 4.7890625, 0.003002166748046875, 6.81640625, 1.1396484375, 1.44140625, 0.00855255126953125, 1.619140625, 6.2890625, 4.59765625, 1.6181640625, 1.5859375, 6.73828125, 5.66015625, 4.15625, 7.0859375, 6.44140625, 0.79345703125, 0.002655029296875, 0.2265625, 1.2080078125, 0.00023484230041503906, 5.364418029785156e-06, 0.034515380859375, 0.96533203125, 2.681640625, 0.0121002197265625, 4.7421875, 1.412109375, 0.720703125, 7.81640625, 3.86328125, 0.002590179443359375, 3.4609375, 6.1484375, 0.841796875, 2.505859375, 0.361572265625, 4.30859375, 0.03570556640625, 2.935546875, 3.060546875, 4.7578125, 5.0, 1.5732421875, 5.16796875, 1.5859375, 2.6171875, 6.05078125, 0.59521484375, 5.5234375, 0.311279296875, 5.1953125, 4.27734375, 6.73828125, 1.3388671875, 8.03125, 6.140625, 5.94140625, 5.5, 6.4140625, 5.1953125, 0.83837890625, 1.7431640625, 0.0005927085876464844, 0.50146484375, 4.58984375, 3.216796875, 10.015625, 0.5458984375, 8.8671875, 0.6435546875, 9.1484375, 2.70703125, 6.3359375, 6.94921875, 2.716796875, 3.345703125, 3.646484375, 5.265625, 6.90625, 0.386962890625, 4.171875, 1.8828125, 0.88134765625, 4.22265625, 0.42626953125, 4.859375, 0.1597900390625, 4.9453125, 1.779296875, 2.681640625, 0.3115234375, 0.82373046875, 0.000698089599609375, 0.10302734375, 3.119140625, 5.28515625, 5.140625, 3.873046875, 2.240234375, 1.3388671875, 3.58203125, 1.49609375, 3.361328125, 1.55859375, 0.00023484230041503906, 4.11328125, 2.3359375, 0.00039505958557128906, 0.708984375, 1.5048828125, 0.002826690673828125, 8.344650268554688e-07, 0.38525390625, 1.9560546875, 8.940696716308594e-06, 0.86865234375, 0.1617431640625, 2.96484375, 0.0093994140625, 5.76171875, 2.685546875, 11.96875, 2.359375, 0.01071929931640625, 0.08831787109375, 0.372802734375, 5.78515625, 0.018707275390625, 5.34765625, 4.21875, 0.9296875, 0.381591796875, 3.77734375, 5.12109375, 8.5625, 2.384765625, 1.9853515625, 2.966796875, 4.37109375, 0.00807952880859375, 0.1134033203125, 2.25390625, 2.185546875, 5.7890625, 0.9677734375, 4.87109375, 2.080078125, 2.810546875, 2.767578125, 1.3857421875, 0.00018525123596191406, 1.87890625, 1.0087890625, 1.3896484375, 0.05743408203125, 0.2333984375, 3.31640625, 0.31640625, 4.125, 0.0279083251953125, 2.197265625, 0.10455322265625, 0.279052734375, 0.5751953125, 0.256591796875, 0.197265625, 3.470703125, 0.73193359375, 3.380859375, 0.2315673828125, 6.1484375, 0.04931640625, 1.1533203125, 1.8974609375, 2.646484375, 8.125, 0.30322265625, 7.2578125, 2.880859375, 0.91015625, 1.650390625, 2.455078125, 5.6640625]",-0.6969862288998483
334,1,test,3.1570817722401148,1.4240894521190257,1.9085982894299387,5.8234254451682945,2.6268178495045245,3.520523269622063,23.501911828378642,17.84435399940636,20.016858024450368,43.350676740428995,32.91497421652157,36.922287340436945,3.6420543930638374,1.5979182680203174,2.2403542152104237,5.4359020791997565,2.3849526388362943,3.343812261508094,38.170172769517706,30.44768837487571,34.10807237718514,56.97040711868314,45.44431100727718,50.907570712216625,3.3036473830009383,1.5123406855344017,2.060533096014915,5.445572609342205,2.4928692618698927,3.39648312529931,27.21170966360806,21.214425679263176,23.74531765177047,44.854466478474826,34.968833537246994,39.14063349192935,0.7537688442211055,0.008768844221105465,0.008768844221105465,0.6080402010050252,-0.001959798994974782,-0.006959798994974786,0.48743718592964824,0.0024371859296482556,0.0024371859296482556,0.4084507042253521,0.09902735682732122,0.15918384205526415,0.3587570621468926,0.4170854271356784,0.09377715645898665,0.16165971761981868,0.40909090909090906,0.4147157190635451,0.11588433342080717,0.17556110282327808,0.3825503355704698,20.0,7.0,6.0,34.0,11.0,11.0,40.0,7.0,8.0,0.0008838570034205678,0.0004171033237234276,0.00043657786257082825,-0.021808816682359122,-0.026051556040596502,-0.027198096841209107,"[1.88671875, 5.3046875, 0.005107879638671875, 0.057769775390625, 5.7578125, 1.544921875, 7.27734375, 0.245849609375, 11.0625, 0.472412109375, 3.9453125, 1.1474609375, 3.111328125, 0.3232421875, 4.92578125, 0.1151123046875, 1.3828125, 7.16015625, 0.2335205078125, 11.2578125, 5.44921875, 8.6328125, 2.978515625, 0.68603515625, 5.2734375, 5.4609375, 2.296875, 2.634765625, 5.64453125, 1.0400390625, 1.7275390625, 6.83984375, 6.98828125, 0.68408203125, 1.7333984375, 5.52734375, 3.544921875, 0.162109375, 0.67041015625, 8.71875, 0.2406005859375, 9.1484375, 5.28515625, 2.349609375, 9.0625, 0.06524658203125, 4.62890625, 2.103515625, 4.84765625, 1.994140625, 1.3994140625, 6.04296875, 4.984375, 6.7578125, 2.595703125, 14.234375, 5.86328125, 5.4375, 3.1015625, 6.1875, 1.8759765625, 3.634765625, 5.2421875, 3.724609375, 0.06829833984375, 9.640625, 3.712890625, 1.142578125, 1.3759765625, 0.5966796875, 10.8828125, 3.986328125, 4.50390625, 11.71875, 5.51953125, 5.64453125, 0.91357421875, 2.203125, 3.294921875, 2.83984375, 2.4296875, 0.028656005859375, 0.208984375, 4.32421875, 0.0270233154296875, 0.467529296875, 8.5546875, 1.1259765625, 6.1875, 10.859375, 1.5302734375, 0.0709228515625, 7.31640625, 3.400390625, 0.61474609375, 0.890625, 2.05078125, 10.4375, 3.662109375, 0.0038814544677734375, 3.234375, 4.1796875, 8.375, 7.09765625, 2.390625, 3.267578125, 2.638671875, 4.265625, 1.009765625, 1.4873046875, 4.859375, 0.067626953125, 0.62890625, 10.265625, 0.7294921875, 2.49609375, 4.859375, 5.72265625, 2.095703125, 1.4248046875, 3.5859375, 2.7265625, 0.2027587890625, 0.69287109375, 0.298095703125, 6.5546875, 5.875, 1.4931640625, 4.10546875, 7.0234375, 4.140625, 5.9296875, 0.0003185272216796875, 0.239013671875, 0.029449462890625, 3.306640625, 3.3125, 6.6953125, 6.20703125, 1.623046875, 0.190673828125, 1.2001953125, 1.5400390625, 2.873046875, 2.146484375, 0.46728515625, 6.35546875, 7.15625, 0.0027637481689453125, 1.576171875, 2.150390625, 2.919921875, 0.779296875, 5.23046875, 0.2008056640625, 8.703125, 13.8828125, 5.18359375, 1.9453125, 1.001953125, 11.96875, 1.9072265625, 0.79833984375, 3.541015625, 1.0205078125, 3.826171875, 1.0205078125, 3.6796875, 7.72265625, 0.15234375, 4.80078125, 0.00975799560546875, 0.255126953125, 3.234375, 0.00015211105346679688, 0.99072265625, 0.05230712890625, 4.02734375, 1.1826171875, 7.61328125, 1.4072265625, 10.2890625, 4.140625, 0.441162109375, 4.5703125, 2.787109375, 2.103515625, 10.6484375, 9.2578125, 6.3671875, 4.015625, 0.76611328125, 7.828125, 2.763671875, 1.8974609375, 0.391357421875, 2.37109375, 7.2109375, 2.298828125, 0.043731689453125, 4.7890625, 12.15625, 3.875, 0.04949951171875, 8.9921875, 1.6083984375, 0.00021731853485107422, 0.483642578125, 0.3125, 0.9306640625, 10.296875, 4.1640625, 1.6025390625, 6.796875, 0.0014753341674804688, 5.66796875, 2.099609375, 2.3671875, 3.482421875, 5.921875, 2.19140625, 6.8125, 1.77734375, 6.00390625, 3.251953125, 0.5771484375, 6.10546875, 0.157958984375, 0.07440185546875, 0.03692626953125, 0.00716400146484375, 0.001949310302734375, 4.291534423828125e-06, 0.00018358230590820312, 1.1324882507324219e-05, 0.1553955078125, 0.79052734375, 1.83203125, 4.1604042053222656e-05, 0.8037109375, 0.153076171875, 4.35546875, 5.3515625, 0.002895355224609375, 4.23828125, 1.130859375, 0.2332763671875, 1.919921875, 0.51513671875, 1.650390625, 2.76171875, 10.2109375, 3.57421875, 3.01171875, 4.16796875, 0.02197265625, 7.69921875, 3.74609375, 1.5927734375, 9.09375, 2.375, 3.271484375, 5.046875, 7.3984375, 10.53125, 6.515625, 4.328125, 7.7578125, 5.14453125, 0.68798828125, 3.798828125, 4.09375, 0.80419921875, 1.8818359375, 0.1856689453125, 0.962890625, 3.45703125, 0.1812744140625, 0.41845703125, 0.2152099609375, 0.006923675537109375, 0.0012950897216796875, 0.0027408599853515625, 0.00013244152069091797, 3.707408905029297e-05, 2.6226043701171875e-06, 1.2636184692382812e-05, 1.0371208190917969e-05, 0.0005197525024414062, 2.5703125, 2.787109375, 2.384185791015625e-07, 0.560546875, 0.0823974609375, 10.6171875, 0.352294921875, 2.90625, 0.10528564453125, 0.8779296875, 0.185791015625, 0.119873046875, 2.455078125, 6.87109375, 8.84375, 4.984375, 9.8359375, 8.40625, 0.071044921875, 0.004726409912109375, 2.552734375, 4.40234375, 2.67578125, 5.0390625, 1.478515625, 0.06890869140625, 2.701171875, 0.68408203125, 2.494140625, 2.546875, 2.65234375, 9.7578125, 0.1358642578125, 4.4453125, 9.6171875, 1.181640625, 0.2276611328125, 3.41796875, 1.9755859375, 1.486328125, 0.56787109375, 0.432373046875, 0.455078125, 2.37109375, 6.71875, 2.13671875, 3.6796875, 0.4287109375, 0.1614990234375, 0.10308837890625, 0.0042724609375, 0.005550384521484375, 0.0026416778564453125, 0.000701904296875, 0.00013959407806396484, 1.3113021850585938e-06, 1.3232231140136719e-05, 4.649162292480469e-06, 0.00017642974853515625, 1.638671875, 1.4169921875, 3.6597251892089844e-05, 2.677734375, 3.9921875, 0.9501953125, 3.162109375]",-0.8743589626231665
468,1,test,3.2222580864678982,1.4031736675925126,1.9222344837510477,6.77853073067942,2.9517982641427856,4.043724981061655,25.084699697514775,18.91848949862116,21.415316423503175,52.7696426563573,39.798041933075,45.050513207979236,3.3520714038580506,1.3522265154601263,1.9325678881878345,5.63373345186227,2.272649605815338,3.248013257458545,28.561835506983275,21.173925447497652,24.426768572392024,48.00308488568618,35.586429323525465,41.05339255864206,3.3298991153072754,1.4712550250751268,2.030967874802222,6.704494863034783,2.9622584397485774,4.08919706336018,27.935523294388087,21.520490628069336,24.270146127547214,56.246020055814945,43.32984690215303,48.86606602861856,0.7035175879396984,-0.001482412060301641,-0.026482412060301552,0.542713567839196,0.0027135678391959628,-0.007286432160804046,0.42713567839195976,-0.002864321608040288,-0.007864321608040292,0.4098837209302325,0.09493451918857798,0.1371564482029598,0.41982507288629733,0.40703517587939697,0.10377703051598841,0.12489828105468914,0.43939393939393945,0.40802675585284276,0.09750922663748385,0.1399511162532877,0.41946308724832215,22.0,10.0,9.0,34.0,10.0,8.0,41.0,9.0,9.0,-0.00036828162853923626,0.00012281650820645398,-2.2063418822690395e-05,0.00032933337838070287,-7.066279669576403e-05,0.0001579807127098931,"[1.76953125, 4.3671875, 0.004657745361328125, 0.0254669189453125, 7.2890625, 1.22265625, 0.142578125, 2.6328125, 1.734375, 2.951171875, 4.0859375, 1.974609375, 0.1710205078125, 9.0859375, 0.8759765625, 7.90234375, 5.5390625, 5.83203125, 9.5546875, 0.56201171875, 5.4765625, 1.0869140625, 4.19140625, 0.01221466064453125, 7.73828125, 0.26513671875, 1.94140625, 1.259765625, 0.0215301513671875, 0.00475311279296875, 3.498046875, 4.265625, 0.075439453125, 1.70703125, 9.4453125, 1.6923828125, 8.6171875, 0.35888671875, 0.146240234375, 2.880859375, 3.673828125, 1.888671875, 2.130859375, 2.685546875, 3.984375, 1.4541015625, 2.55859375, 0.64501953125, 1.865234375, 6.21875, 3.482421875, 5.8359375, 14.03125, 1.798828125, 5.1015625, 0.0039043426513671875, 0.138671875, 3.443359375, 7.15234375, 1.462890625, 5.75390625, 2.541015625, 5.0234375, 6.98828125, 0.9658203125, 1.0380859375, 0.6611328125, 4.14453125, 4.4453125, 5.2890625, 4.13671875, 2.923828125, 0.322509765625, 0.5810546875, 0.007427215576171875, 5.44921875, 1.75390625, 0.8603515625, 0.018707275390625, 0.10137939453125, 0.0005130767822265625, 8.535385131835938e-05, 5.56640625, 2.43359375, 0.09637451171875, 0.060760498046875, 2.796875, 6.66796875, 4.96875, 2.708984375, 7.890625, 8.4140625, 6.29296875, 4.08984375, 1.3330078125, 0.5234375, 9.3203125, 4.86328125, 7.05078125, 8.2265625, 2.72265625, 0.141357421875, 0.339111328125, 1.42578125, 2.48828125, 1.298828125, 1.52734375, 0.45947265625, 10.5859375, 7.578125, 0.8671875, 0.244140625, 0.24658203125, 0.34228515625, 0.78955078125, 8.25, 7.53125, 2.16015625, 4.15625, 0.99169921875, 4.91796875, 2.521484375, 2.2578125, 2.12890625, 8.3671875, 12.4140625, 0.64013671875, 0.17724609375, 1.2841796875, 1.7666015625, 1.6591796875, 1.8896484375, 7.88671875, 2.08203125, 0.11553955078125, 0.9267578125, 1.5625, 0.01708984375, 1.798828125, 0.1983642578125, 0.004657745361328125, 7.903575897216797e-05, 0.0003108978271484375, 4.01953125, 3.794921875, 2.6875, 0.95068359375, 2.0390625, 0.317138671875, 5.078125, 1.376953125, 0.41064453125, 4.64453125, 6.890625, 0.50634765625, 1.9501953125, 3.275390625, 1.822265625, 7.42578125, 5.0390625, 7.5390625, 12.28125, 3.15625, 10.546875, 9.09375, 9.0078125, 8.7734375, 5.80859375, 4.03125, 1.298828125, 6.171875, 5.6171875, 2.115234375, 5.40234375, 0.76171875, 4.59375, 4.24609375, 0.4541015625, 1.9267578125, 5.15234375, 5.04296875, 4.0625, 6.30859375, 2.380859375, 1.1240234375, 0.6728515625, 0.66748046875, 0.13330078125, 3.966796875, 0.7978515625, 2.13671875, 0.80419921875, 9.8671875, 4.03515625, 0.1453857421875, 6.01953125, 8.140625, 9.359375, 0.98779296875, 0.40625, 5.01953125, 4.80859375, 8.015625, 0.05560302734375, 0.541015625, 2.279296875, 0.591796875, 1.3916015625, 4.88671875, 2.5625, 1.8505859375, 2.177734375, 5.76953125, 1.458984375, 6.23046875, 2.962890625, 4.5703125, 6.328125, 2.046875, 6.2109375, 0.232666015625, 3.71484375, 2.453125, 0.87548828125, 0.0596923828125, 4.5078125, 2.34765625, 1.8515625, 1.470703125, 0.0789794921875, 6.51953125, 1.1728515625, 0.00196075439453125, 5.91015625, 0.73095703125, 10.421875, 6.45703125, 15.1796875, 9.625, 4.48046875, 5.6484375, 1.27734375, 1.7685546875, 0.67626953125, 4.24609375, 2.646484375, 6.1171875, 5.27734375, 4.59765625, 2.333984375, 1.9443359375, 3.421875, 0.384521484375, 4.05859375, 0.462890625, 0.007297515869140625, 3.123046875, 5.22265625, 3.169921875, 0.256103515625, 1.48828125, 3.0390625, 9.8671875, 2.298828125, 3.513671875, 1.232421875, 1.8037109375, 0.330078125, 5.43359375, 4.33203125, 2.501953125, 9.234375, 1.4423828125, 8.0390625, 2.14453125, 0.014068603515625, 2.66796875, 1.4375, 0.02435302734375, 0.5361328125, 1.86328125, 3.791015625, 1.68359375, 0.0767822265625, 0.441650390625, 1.080078125, 6.19140625, 1.0986328125, 1.591796875, 1.8701171875, 5.25, 0.2373046875, 0.363525390625, 7.3984375, 6.67578125, 1.9013671875, 4.83203125, 1.7373046875, 6.890625, 1.4755859375, 0.70068359375, 0.0380859375, 5.4140625, 2.1953125, 0.2454833984375, 3.4921875, 7.13671875, 3.986328125, 2.546875, 4.4453125, 1.4482421875, 4.15625, 1.240234375, 0.521484375, 11.078125, 0.3837890625, 0.01496124267578125, 0.77880859375, 5.91796875, 1.359375, 3.591796875, 6.8046875, 0.61572265625, 0.4716796875, 0.69873046875, 1.7919921875, 3.689453125, 0.6416015625, 1.291015625, 2.685546875, 3.541015625, 0.010467529296875, 6.26953125, 4.12109375, 4.1015625, 0.1636962890625, 2.48828125, 5.72265625, 0.21728515625, 5.91796875, 0.029083251953125, 0.00617218017578125, 3.927734375, 5.9296875]",-0.7376637503851291
202,1,test,2.7848601503990618,1.2662561338107305,1.738171850819463,5.458325894782161,2.4818620222690315,3.4068168276061472,16.19755249710723,11.631705599457339,13.349349410293593,31.747202894330172,22.798142974936383,26.16472484417544,3.1654418527181423,1.3677637591544984,1.9307096081501438,5.14705992311893,2.2240061124463386,3.1393652165042987,23.699213281534043,17.663596237541206,20.26175528211233,38.53530614883584,28.721294695188956,32.945943548150126,2.766986454306202,1.2487451718869942,1.7178121770568886,5.423293450440156,2.447540536898509,3.3669118670315017,15.91061432808815,11.346423318777223,13.055321863635706,31.18480408305277,22.238989704803355,25.588430852725985,0.7336683417085428,-0.011331658291457214,-0.0063316582914572095,0.5879396984924623,-0.00706030150753767,-0.002060301507537776,0.4723618090452262,-0.007638190954773805,0.002361809045226204,0.41638225255972694,0.09440610264490579,0.17234138990365433,0.40068493150684936,0.457286432160804,0.11894056749914983,0.18683568090871716,0.4747474747474747,0.4300341296928327,0.1097615572907884,0.1859932670367601,0.3972602739726028,19.0,2.0,2.0,34.0,2.0,4.0,39.0,0.0,1.0,0.0011122492547806756,-6.57010294292502e-07,7.884487208041246e-05,-0.02721825522699728,-0.02292001047304648,-0.02410501315921021,"[2.111328125, 9.03125, 0.796875, 0.0307769775390625, 0.180908203125, 1.380859375, 2.689453125, 2.491474151611328e-05, 2.833984375, 0.0001233816146850586, 4.6328125, 4.5, 0.067138671875, 1.1920928955078125e-07, 0.0241546630859375, 0.004261016845703125, 2.5987625122070312e-05, 4.734375, 5.36328125, 0.90673828125, 1.23046875, 5.3671875, 6.9140625, 1.958984375, 0.030914306640625, 4.67578125, 3.2578125, 0.69482421875, 5.78125, 0.72412109375, 5.28515625, 4.53125, 4.30859375, 0.7578125, 5.1328125, 1.1875, 8.8984375, 7.01953125, 4.98046875, 1.396484375, 1.0185546875, 8.3828125, 6.0390625, 5.6953125, 6.2578125, 5.7109375, 4.98828125, 1.9033203125, 0.052337646484375, 0.01238250732421875, 3.798828125, 2.98046875, 6.52734375, 0.12359619140625, 1.8134765625, 6.91015625, 0.6494140625, 1.67578125, 1.7685546875, 3.2109375, 0.096923828125, 0.1409912109375, 0.3515625, 0.0037555694580078125, 2.33984375, 4.44140625, 0.0077667236328125, 6.44921875, 5.13671875, 2.837890625, 13.4140625, 3.65625, 6.23046875, 0.285888671875, 3.34765625, 0.8564453125, 8.09375, 5.625, 1.7626953125, 2.28125, 1.62109375, 2.427734375, 1.615234375, 3.513671875, 3.138671875, 3.8046875, 0.1431884765625, 1.9453125, 0.1064453125, 3.041015625, 0.583984375, 3.1484375, 9.0, 0.03778076171875, 4.06640625, 3.818359375, 0.0819091796875, 2.0390625, 3.44921875, 7.578125, 1.177734375, 9.5390625, 6.96875, 4.91796875, 8.8125, 4.97265625, 0.541015625, 2.205078125, 1.4599609375, 0.296142578125, 5.0703125, 1.7861328125, 1.185546875, 1.5439453125, 4.6328125, 3.482421875, 5.3515625, 2.75390625, 1.1259765625, 2.90625, 1.3505859375, 4.22265625, 0.081787109375, 4.859375, 0.0662841796875, 1.6171875, 3.80078125, 0.386962890625, 2.876953125, 2.419921875, 6.48828125, 1.115234375, 7.70703125, 3.94921875, 3.62109375, 5.24609375, 4.49609375, 0.1632080078125, 8.3125, 2.388671875, 2.546875, 6.0, 4.43359375, 0.3505859375, 0.75439453125, 9.3515625, 3.849609375, 0.58642578125, 0.94677734375, 3.384765625, 4.7578125, 0.91796875, 3.720703125, 5.3671875, 2.74609375, 4.4375, 2.859375, 3.873046875, 4.01953125, 0.1082763671875, 2.7109375, 1.0224609375, 6.12890625, 2.75390625, 3.748046875, 0.051788330078125, 1.966796875, 7.765625, 1.005859375, 1.8154296875, 4.41015625, 1.8466796875, 2.744140625, 0.3466796875, 4.58984375, 9.296875, 1.650390625, 6.328125, 9.7578125, 3.662109375, 5.125, 4.66796875, 4.50390625, 2.40625, 7.7421875, 0.133544921875, 0.0035877227783203125, 1.05859375, 0.027618408203125, 0.007633209228515625, 0.148681640625, 5.890625, 6.3046875, 0.6962890625, 2.978515625, 4.546875, 1.8681640625, 0.8603515625, 2.701171875, 5.35546875, 6.09765625, 1.13671875, 1.353515625, 0.0157470703125, 2.369140625, 0.0206451416015625, 0.06298828125, 0.385986328125, 0.007038116455078125, 0.0084075927734375, 0.049102783203125, 0.49755859375, 2.111328125, 5.5703125, 2.67578125, 2.3046875, 0.15576171875, 2.138671875, 0.14453125, 0.09124755859375, 0.0214996337890625, 0.0113983154296875, 0.03680419921875, 0.0367431640625, 0.98876953125, 1.578125, 0.01000213623046875, 2.3125, 0.0024662017822265625, 0.0013494491577148438, 0.0063018798828125, 0.007419586181640625, 0.005512237548828125, 4.0234375, 0.17041015625, 5.15625, 10.40625, 2.666015625, 0.96923828125, 1.5712890625, 3.669921875, 3.478515625, 0.23193359375, 1.541015625, 2.625, 0.058685302734375, 0.1298828125, 0.0010290145874023438, 0.01335906982421875, 4.172325134277344e-06, 7.033348083496094e-06, -0.0, 5.2809715270996094e-05, 0.00102996826171875, 0.137451171875, 1.693359375, 0.0007958412170410156, 4.9453125, 0.01329803466796875, 2.5078125, 1.6796875, 7.046875, 0.23974609375, 7.74609375, 0.18310546875, 0.8212890625, 5.46484375, 4.125, 0.39453125, 4.6015625, 3.7265625, 0.02581787109375, 3.4921875, 1.669921875, 0.282470703125, 7.640625, 5.11328125, 0.134765625, 1.490234375, 1.607421875, 2.4296875, 7.734375, 0.05853271484375, 2.373046875, 2.29296875, 0.01507568359375, 7.58203125, 1.2978515625, 7.40625, 3.630859375, 2.2734375, 0.544921875, 5.609375]",-0.9551887349463972
391,1,test,2.9030239012281776,1.2425218510994924,1.7274907533109214,4.595160827612516,1.9667725557510685,2.7344238662033833,18.22918536576266,12.967233420702534,14.98931555246089,28.854753306233942,20.52567429159332,23.726403227424722,2.6648301754764576,1.0000971399538627,1.4576302148776952,4.068443015994592,1.5268658625249811,2.225389641034649,14.365509722987575,9.081247371885379,11.02140182582854,21.93207591295813,13.864499804405158,16.826567673020676,2.895852140248832,1.234736016444246,1.724700111125343,4.5838087353671355,1.9544484538368816,2.7300065930112383,18.098917688145022,12.833733524603005,14.873211081372235,28.648554201555754,20.3143589480347,23.542622888161397,0.6432160804020101,-0.001783919597989958,0.0032160804020100464,0.457286432160804,-0.012713567839195972,-0.0027135678391959628,0.3467336683417085,0.0017336683417085164,-0.003266331658291488,0.4,0.10896785109983087,0.15535512965050735,0.435374149659864,0.37688442211055273,0.07362627674714417,0.11645036534928399,0.398989898989899,0.39322033898305087,0.10218819008288171,0.14970286434945446,0.4387755102040817,21.0,9.0,9.0,31.0,8.0,8.0,39.0,7.0,9.0,-0.0008734791893808431,-0.0002942999473129199,-9.630173964614195e-05,-0.005032091876683076,-0.005125353237687591,-0.004840342663218422,"[1.88671875, 5.3046875, 0.005107879638671875, 0.057769775390625, 7.7578125, 0.1993408203125, 0.626953125, 1.4375, 1.08203125, 1.09375, 0.391357421875, 8.390625, 0.002899169921875, 3.56640625, 2.05859375, 1.4794921875, 1.12109375, 4.625, 0.08941650390625, 2.14453125, 5.890625, 1.458984375, 2.0859375, 3.05078125, 0.025299072265625, 5.57421875, 1.833984375, 0.482666015625, 0.050079345703125, 7.96875, 0.05889892578125, 4.359375, 4.0078125, 1.6474609375, 0.5458984375, 0.8388671875, 3.39453125, 0.4501953125, 2.861328125, 3.203125, 2.08984375, 1.5654296875, 1.3935546875, 5.09375, 2.677734375, 4.4140625, 0.002391815185546875, 6.4140625, 2.740234375, 4.109375, 4.42578125, 4.59375, 6.48828125, 0.348388671875, 2.451171875, 5.18359375, 7.70703125, 1.158203125, 0.0018405914306640625, 1.46875, 2.396484375, 0.162109375, 0.00014591217041015625, 0.16748046875, 0.4248046875, 6.20703125, 5.75, 4.90625, 1.3974609375, 1.634765625, 2.435546875, 5.8359375, 0.80810546875, 1.8359375, 6.58203125, 2.53515625, 0.385009765625, 6.70703125, 0.8427734375, 0.2039794921875, 7.54296875, 0.6982421875, 0.94970703125, 4.5234375, 0.2381591796875, 5.88671875, 2.55078125, 0.58740234375, 0.001979827880859375, 0.625, 1.6865234375, 0.002758026123046875, 2.70703125, 0.1781005859375, 5.05859375, 0.0965576171875, 10.4375, 0.53125, 1.5400390625, 1.0498046875, 2.984375, 7.83984375, 0.293212890625, 3.505859375, 1.2197265625, 5.91796875, 1.5341796875, 0.90380859375, 1.107421875, 6.711483001708984e-05, 7.16015625, 0.09613037109375, 0.7158203125, 0.5166015625, 0.047882080078125, 0.0006198883056640625, 0.06768798828125, 7.42578125, 2.599609375, 6.7734375, 0.004467010498046875, 6.13671875, 0.130615234375, 4.328125, 2.548828125, 0.001316070556640625, 1.8955078125, 0.5625, 0.3701171875, 2.521484375, 3.787109375, 0.06292724609375, 6.3046875, 3.4453125, 0.0845947265625, 6.11328125, 1.3701171875, 0.192138671875, 0.572265625, 5.35546875, 4.0703125, 0.496826171875, 2.015625, 0.30078125, 2.439453125, 0.90185546875, 2.15234375, 4.74609375, 3.16796875, 6.37109375, 1.6484375, 1.3544921875, 6.19921875, 1.2138671875, 0.00011265277862548828, 1.0908203125, 1.6064453125, 0.1429443359375, 9.417533874511719e-06, 0.01047515869140625, 0.60888671875, 11.90625, 4.21484375, 8.953125, 1.4296875, 1.048828125, 6.01953125, 0.5615234375, 1.990234375, 5.4375, 0.0170440673828125, 1.578125, 2.095703125, 2.533203125, 0.0016231536865234375, 0.623046875, 4.6640625, 0.129638671875, 6.3359375, 0.310791015625, 0.309326171875, 0.01319122314453125, 4.38671875, 6.23828125, 1.3857421875, 2.52734375, 0.00751495361328125, 3.732421875, 2.36328125, 2.748046875, 10.53125, 7.578125, 0.4833984375, 0.974609375, 6.2890625, 8.0546875, 10.6328125, 0.70849609375, 4.140625, 3.697265625, 1.85546875, 3.58984375, 6.9296875, 1.7373046875, 0.87646484375, 10.8203125, 9.015625, 1.0869140625, 3.775390625, 5.8828125, 6.20703125, 5.18359375, 0.30859375, 0.00998687744140625, 5.73828125, 4.58203125, 4.86328125, 6.9375, 3.498046875, 6.05859375, 3.09765625, 1.2734375, 3.919921875, 4.44140625, 0.7314453125, 0.007671356201171875, 0.00139617919921875, 0.1353759765625, 0.006771087646484375, 11.859375, 0.0135345458984375, 3.7421875, 0.328125, 9.109375, 5.5625, 0.08538818359375, 5.60546875, 0.771484375, 1.564453125, 0.00048613548278808594, 1.7958984375, 6.5546875, 0.11181640625, 6.4453125, 3.26171875, 0.869140625, 0.05438232421875, 0.24609375, 5.1953125, 2.05078125, 8.046875, 8.8046875, 0.054229736328125, 0.1993408203125, 4.609375, 2.83203125, 5.78125, 0.008392333984375, 0.047119140625, 0.1309814453125, 9.4140625, 5.64453125, 4.28515625, 3.1484375, 6.36328125, 8.34375, 3.876953125, 0.299072265625, 3.689453125, 7.25, 3.943359375, 5.5390625, 9.09375, 0.58642578125, 0.9443359375, 0.048919677734375, 1.3857421875, 6.140625, 3.91015625, 5.5, 2.435546875, 0.468994140625, 0.026519775390625, 0.80810546875, 6.3125, 0.994140625, 8.1484375, 0.07965087890625, 10.703125, 0.486328125, 0.389404296875, 0.0220489501953125, 0.37646484375, 6.62890625, 1.5546875]",-0.9181492898423791
266,1,test,2.8425067326142672,1.202506761975533,1.6805544592879222,5.015312926130932,2.1217004124908616,2.965166768481831,17.15872400503738,12.003554644165,13.962557024305706,30.27481669998742,21.179046675830392,24.635506372727868,2.979591465475571,1.2446599319775957,1.7399574451749114,4.381752155111133,1.8303822529082288,2.5587609487866336,19.67977513468148,14.011235449246753,16.225426122899503,28.940845786296293,20.604758013598165,23.86092076896985,2.6448967082045947,1.1325599000301938,1.5537767294080738,4.723029836079633,2.02242839291106,2.7746013025144167,14.081990453923208,9.54466918895555,11.104383391373169,25.14641152486287,17.04405212313491,19.829256056023514,0.6231155778894473,-0.021884422110552748,-0.016884422110552744,0.4974874371859297,-0.002512562814070307,-0.012512562814070316,0.37688442211055273,-0.003115577889447274,-0.008115577889447279,0.38690476190476186,0.08378440529257758,0.13838991041961335,0.3641791044776119,0.38190954773869346,0.0786514023752849,0.12314494005922771,0.3787878787878788,0.3846153846153846,0.08578399897264666,0.1421237272182767,0.3422818791946308,17.0,0.0,1.0,32.0,2.0,3.0,36.0,-1.0,2.0,0.0009387637268340949,-0.00024382713124253302,0.0002651387777122584,-0.007518947674848064,-0.0070235030404610654,-0.008190218723727938,"[2.892578125, 2.212890625, 0.25, 0.0423583984375, 3.719329833984375e-05, 0.7880859375, 0.01218414306640625, 0.01407623291015625, 5.58203125, 5.46875, 1.529296875, 5.61328125, 3.908203125, 12.234375, 0.417236328125, 0.89697265625, 0.8056640625, 2.080078125, 3.509765625, 4.26171875, 5.10546875, 1.783203125, 0.02447509765625, 2.95703125, 5.4296875, 9.3359375, 1.2216796875, 4.453125, 9.375, 0.06890869140625, 9.059906005859375e-06, 3.728515625, 5.82421875, 4.14453125, 3.12109375, 2.115234375, 2.630859375, 4.98828125, 1.3623046875, 3.30078125, 0.56103515625, 9.046875, 0.12164306640625, 2.06640625, 6.44921875, 5.12109375, 0.52099609375, 2.869140625, 0.0175018310546875, 3.865234375, 6.46875, 0.2587890625, 0.609375, 2.666015625, 7.34765625, 0.0297393798828125, 1.3154296875, 2.166015625, 5.921875, 12.1484375, 0.039215087890625, 7.359375, 2.86328125, 15.015625, 0.041229248046875, 1.53515625, 7.75390625, 5.66796875, 2.3984375, 3.544921875, 2.970703125, 10.5703125, 7.6328125, 1.7216796875, 1.21484375, 3.1015625, 3.701171875, 0.90478515625, 5.30078125, 5.10546875, 5.06640625, 3.666015625, 0.37060546875, 2.0, 7.9453125, 0.289794921875, 0.003875732421875, 0.02044677734375, 0.51171875, 0.06549072265625, 5.828125, 0.84130859375, 1.6279296875, 6.06640625, 8.6875, 2.3203125, 7.76171875, 4.5625, 1.4873046875, 2.541015625, 4.25390625, 1.5703125, 0.1678466796875, 2.548828125, 4.50390625, 12.328125, 0.79736328125, 1.45703125, 1.822265625, 1.3095703125, 3.45703125, 1.06640625, 1.5849609375, 0.0012331008911132812, 6.81640625, 1.37890625, 1.0869140625, 5.06640625, 3.197265625, 0.385009765625, 4.5078125, 2.4453125, 0.31689453125, 0.1328125, 1.623046875, 0.72314453125, 5.4453125, 7.1328125, 0.1553955078125, 0.00012171268463134766, 0.0027103424072265625, 0.045196533203125, 0.15185546875, 5.53125, 8.9765625, 0.302978515625, 0.7001953125, 0.193603515625, 2.6640625, 2.892578125, 0.07342529296875, 0.0077667236328125, 0.70947265625, 5.6640625, 5.40234375, 1.365234375, 0.7099609375, 2.51171875, 5.99609375, 3.94140625, 0.03948974609375, 6.413459777832031e-05, 0.398681640625, 0.0270843505859375, 4.1796875, 0.0297088623046875, 0.0037212371826171875, 0.025543212890625, 6.8671875, 2.515625, 0.000850677490234375, 0.73583984375, 8.921875, 4.75390625, 1.326171875, 1.314453125, 2.150390625, 1.9921875, 0.9384765625, 0.0816650390625, 0.0023059844970703125, 0.0026493072509765625, 0.0261688232421875, 7.10546875, 13.0078125, 7.0546875, 1.9619140625, 0.499755859375, 9.0390625, 10.671875, 0.31982421875, 0.619140625, 0.07830810546875, 0.001041412353515625, 0.002227783203125, 0.01331329345703125, 4.81640625, 2.12109375, 4.140625, 0.478759765625, 2.21875, 1.013671875, 1.720703125, 3.966796875, 0.221435546875, 7.7890625, 4.08203125, 1.23828125, 1.1982421875, 2.765625, 0.010162353515625, 2.43359375, 0.89892578125, 4.9375, 9.484375, 8.8828125, 2.9375, 6.8203125, 0.71630859375, 0.0919189453125, 4.16015625, 2.751953125, 3.51171875, 0.0994873046875, 2.5546875, 1.4462890625, 2.115234375, 4.171875, 5.8046875, 1.115234375, 5.8531761169433594e-05, 0.0025691986083984375, 0.039825439453125, 0.096923828125, 2.150390625, 2.318359375, 0.205322265625, 4.37890625, 0.001407623291015625, 0.9267578125, 0.2042236328125, 1.263671875, 0.0004372596740722656, 2.333984375, 1.8935546875, 2.54296875, 1.939453125, 0.351806640625, 0.257568359375, 6.71484375, 6.5390625, 0.468017578125, 0.740234375, 5.08984375, 1.0400390625, 1.3486328125, 0.381591796875, 0.01340484619140625, 5.6796875, 4.32421875, 0.004451751708984375, 2.564453125, 0.314453125, 0.00012874603271484375, 0.002841949462890625, 0.06756591796875, 0.0101318359375, 1.2373046875, 4.07421875, 3.171875, 2.259765625, 0.61767578125, 3.65625, 1.9130859375, 3.5625, 1.1494140625, 4.87109375, 0.96337890625, 3.01171875, 1.73828125, 3.61328125, 0.00787353515625, 0.00014579296112060547, 0.0095672607421875, 0.0271453857421875, 0.318115234375, 1.947265625, 0.9951171875, 0.0055084228515625, 5.52734375, 4.015625, 0.58349609375, 2.640625, 6.73828125, 1.673828125, 0.0301513671875, 0.7001953125, 0.01264190673828125, 9.5367431640625e-06, 3.23828125, 0.0029239654541015625, 0.00124359130859375, 4.15625, 0.36572265625, 0.01074981689453125, 0.022796630859375, 0.020599365234375, 0.306640625, 0.0380859375, 6.10546875, 0.9794921875, 8.5546875, 5.0, 1.287109375, 6.3984375, 8.015625, 5.23046875, 2.162109375, 10.28125, 2.119140625, 0.513671875, 9.8125, 3.119140625, 6.5, 0.354736328125, 7.484375, 7.015625, 0.1729736328125, 1.0185546875, 7.5625, 0.73095703125, 0.08056640625, 1.01953125, 3.064453125, 2.154296875, 4.90625, 6.46484375, 12.390625, 9.4140625, 9.390625, 1.0517578125, 2.439453125, 3.455078125, 8.34375, 7.21484375, 0.1080322265625]",-0.711963091223013
224,1,test,3.52233257540891,1.5544199649441293,2.158971027012724,5.711890662825259,2.520681024233723,3.5010340978584713,33.86332517137584,26.707601066937393,29.954012589041515,54.91350027790676,43.309623351790364,48.57407446871596,3.438526710673193,1.4950588199648243,2.069282741169845,5.209888955565444,2.26524063631034,3.1352768805603706,31.141044586004835,24.158119535227677,27.208668011270504,47.18340088788611,36.60321141701162,41.22525456253106,3.52233257540891,1.5544199649441293,2.158971027012724,5.711890662825259,2.520681024233723,3.5010340978584713,33.86332517137584,26.707601066937393,29.954012589041515,54.91350027790676,43.309623351790364,48.57407446871596,0.7135678391959799,-0.011432160804020097,-0.006432160804020093,0.5829145728643217,-0.0070854271356783904,0.007914572864321734,0.49246231155778897,0.012462311557788985,-0.002537688442211028,0.4381270903010034,0.12093176475843248,0.17783788006741053,0.4563758389261745,0.457286432160804,0.13397816148411223,0.20519962080855025,0.4696969696969697,0.4381270903010034,0.12093176475843248,0.17783788006741053,0.4563758389261745,25.0,13.0,14.0,38.0,17.0,17.0,46.0,16.0,17.0,-0.00031891084067623814,5.184748432007091e-05,-0.00012597551961603766,0.0005070350734097673,0.00010364583054389698,-4.030577335889518e-05,"[2.859375, 2.21484375, 0.2666015625, 0.05609130859375, 3.802776336669922e-05, 1.1826171875, 0.01139068603515625, 0.01456451416015625, 6.5703125, 0.01280975341796875, 0.60107421875, 10.703125, 1.44921875, 6.44140625, 6.33203125, 1.1142578125, 0.5615234375, 5.66796875, 7.19921875, 7.3984375, 4.55859375, 2.267578125, 3.873046875, 3.72265625, 0.13818359375, 0.6279296875, 6.3203125, 4.078125, 4.54296875, 0.86669921875, 5.65625, 1.0009765625, 4.77734375, 0.132568359375, 3.67578125, 3.361328125, 8.5625, 4.58203125, 8.1484375, 5.85546875, 10.015625, 0.1435546875, 0.18701171875, 4.69140625, 2.755859375, 1.3408203125, 5.66015625, 3.248046875, 4.5859375, 0.01025390625, 0.1444091796875, 8.6640625, 1.5244140625, 8.3359375, 4.69921875, 1.3330078125, 3.916015625, 3.65625, 3.9140625, 0.48828125, 3.23046875, 4.63671875, 1.3974609375, 5.09375, 1.8837890625, 0.344482421875, 2.376953125, 1.201171875, 10.265625, 1.388671875, 2.8359375, 1.2373046875, 2.0390625, 4.05859375, 10.1328125, 0.07586669921875, 0.01544952392578125, 2.814453125, 3.2265625, 4.90234375, 8.5078125, 2.3828125, 1.173828125, 3.7734375, 3.421875, 4.6796875, 0.0167388916015625, 6.66015625, 4.4375, 2.421875, 12.7109375, 7.44921875, 1.880859375, 7.921875, 0.4375, 0.69482421875, 5.82421875, 1.720703125, 1.90234375, 0.009613037109375, 6.97265625, 7.359375, 0.861328125, 3.6484375, 1.85546875, 0.317626953125, 0.89208984375, 0.497802734375, 3.892578125, 4.88671875, 4.125, 2.947265625, 6.015625, 8.3125, 0.381591796875, 7.33203125, 0.341064453125, 8.6015625, 4.5546875, 1.076171875, 2.232421875, 0.019287109375, 0.0036869049072265625, 0.31787109375, 9.7734375, 1.4453125, 1.576171875, 2.71484375, 0.26513671875, 3.501953125, 1.3671875, 6.890625, 6.18359375, 0.7470703125, 0.414794921875, 4.02734375, 6.4765625, 0.1495361328125, 5.4296875, 1.1005859375, 8.578125, 8.53125, 3.05078125, 5.30859375, 10.84375, 6.5234375, 0.78759765625, 0.07977294921875, 0.00010216236114501953, 4.26171875, 1.041015625, 7.7890625, 0.71435546875, 1.6689453125, 5.61328125, 7.8203125, 4.0234375, 6.328125, 0.7529296875, 3.765625, 2.04296875, 4.42578125, 4.91015625, 2.310546875, 2.63671875, 2.330078125, 0.0804443359375, 0.1463623046875, 0.007114410400390625, 0.00014293193817138672, 2.947265625, 0.90234375, 10.296875, 6.7734375, 4.9296875, 11.859375, 4.73046875, 7.62109375, 0.60400390625, 0.0069732666015625, 0.00855255126953125, 0.0025997161865234375, 2.2292137145996094e-05, 4.1484375, 1.546875, 4.37890625, 1.0283203125, 3.349609375, 4.9140625, 3.146484375, 0.305419921875, 1.6552734375, 0.441162109375, 0.673828125, 1.625, 4.80078125, 4.3984375, 0.80615234375, 7.0703125, 3.509765625, 3.001953125, 0.8583984375, 1.1484375, 2.505859375, 0.0263824462890625, 9.421875, 0.283203125, 0.0052337646484375, 4.1171875, 1.794921875, 7.15625, 3.826171875, 1.046875, 1.521484375, 0.0274658203125, 10.328125, 2.53515625, 7.27734375, 9.046875, 14.2421875, 1.1396484375, 0.173583984375, 0.03509521484375, 0.0004868507385253906, 3.609375, 2.32421875, 1.6884765625, 0.0003948211669921875, 2.107421875, 11.7578125, 1.8935546875, 6.5, 2.060546875, 5.78515625, 0.46826171875, 1.9755859375, 5.8515625, 1.939453125, 9.6171875, 1.4892578125, 5.15234375, 0.98095703125, 8.2109375, 0.9375, 6.78125, 1.7626953125, 2.23828125, 8.4140625, 1.82421875, 2.6171875, 1.091796875, 6.875, 6.41015625, 7.51171875, 10.8671875, 0.07305908203125, 5.75, 0.0001703500747680664, 1.0927734375, 0.34521484375, 4.47265625, 2.298828125, 0.007049560546875, 6.08984375, 4.77734375, 11.9375, 3.17578125, 2.607421875, 4.51171875, 5.640625, 4.2421875, 6.1796875, 5.08984375, 1.7666015625, 0.282958984375, 3.462890625, 3.771484375, 4.72265625, 8.015625, 0.424560546875, 2.078125, 4.76953125, 1.67578125, 1.37890625, 2.55078125, 1.7568359375, 9.9296875, 1.296875, 6.37890625, 0.017486572265625, 1.1787109375, 4.43359375, 4.08984375, 1.6943359375, 7.69140625, 2.701171875, 1.0234375, 4.44921875, 8.8125]",-0.8798337911682386
208,1,test,3.090683185930483,1.3006977439336334,1.8109911089522275,5.241509496607252,2.2058616709985595,3.071271471322491,21.992097536221593,16.002732263671668,18.396565128331684,37.29653968131147,27.139136587513356,31.198853141615132,3.1944506593685054,1.1980898142329386,1.7295343956910643,5.368824637594127,2.0135963264419137,2.906780496959772,24.39676787458141,17.034552826104758,20.069586991665844,41.00297121778389,28.629500548075228,33.730398305320755,3.090683185930483,1.3006977439336334,1.8109911089522275,5.241509496607252,2.2058616709985595,3.071271471322491,21.992097536221593,16.002732263671668,18.396565128331684,37.29653968131147,27.139136587513356,31.198853141615132,0.6733668341708543,-0.0066331658291456375,-0.021633165829145762,0.5376884422110553,-0.007311557788944656,-0.0023115577889447625,0.46733668341708545,0.017336683417085497,0.012336683417085492,0.4359861591695502,0.12683244587075915,0.1816708542213339,0.4409722222222222,0.44221105527638194,0.11389025327136937,0.1667519567788861,0.45959595959595956,0.4359861591695502,0.12683244587075915,0.1816708542213339,0.4409722222222222,17.0,5.0,4.0,31.0,10.0,10.0,39.0,11.0,10.0,0.0006846569259327538,0.00021376594204617513,-3.412428913537074e-05,-0.0003149833039568506,0.00014238108104080993,-5.260203672641239e-06,"[2.859375, 2.21484375, 0.2666015625, 0.05609130859375, 3.802776336669922e-05, 1.1826171875, 0.01139068603515625, 0.01456451416015625, 6.5703125, 0.086181640625, 0.521484375, 0.9150390625, 5.6640625, 2.529296875, 2.25, 0.127685546875, 2.7421875, 2.970703125, 14.8125, 1.2978515625, 5.02734375, 1.3193359375, 7.17578125, 0.1971435546875, 0.9169921875, 4.0, 4.29296875, 2.0390625, 6.41796875, 1.09375, 2.728515625, 9.40625, 5.48046875, 0.153076171875, 1.86328125, 5.56640625, 4.02734375, 10.0390625, 0.034515380859375, 7.38671875, 1.71875, 2.6875, 5.40234375, 3.240234375, 0.39697265625, 4.140625, 1.162109375, 1.4609375, 3.822265625, 14.15625, 8.7265625, 0.482421875, 8.484375, 3.541015625, 0.53125, 5.79296875, 4.58984375, 7.03515625, 11.3671875, 0.10382080078125, 10.8046875, 1.263671875, 1.2890625, 5.33203125, 2.720703125, 5.90234375, 1.5126953125, 0.00018525123596191406, 6.1875, 1.4521484375, 2.599609375, 6.1171875, 0.026885986328125, 6.04296875, 2.744140625, 0.252685546875, 0.062744140625, 10.8671875, 0.068603515625, 6.37890625, 0.042572021484375, 8.203125, 3.712890625, 5.54296875, 3.091796875, 5.41015625, 0.21728515625, 2.748046875, 1.076171875, 3.7578125, 3.73046875, 5.96484375, 5.265625, 1.76953125, 2.30859375, 11.6953125, 0.05316162109375, 1.5341796875, 8.6796875, 0.199951171875, 2.75, 3.36328125, 7.44140625, 0.1690673828125, 4.2265625, 2.6796875, 0.0101470947265625, 2.173828125, 6.35546875, 0.1392822265625, 1.251953125, 6.01171875, 6.40625, 1.1201171875, 3.009765625, 0.110595703125, 4.375, 6.2734375, 2.548828125, 1.65234375, 1.9073486328125e-05, 3.90234375, 0.459228515625, 0.031982421875, 8.106231689453125e-06, 4.54296875, 1.3623046875, 9.234375, 0.020599365234375, 0.10284423828125, 0.06866455078125, 0.740234375, 3.3046875, 0.11468505859375, 3.82421875, 3.896484375, 3.423828125, 0.9443359375, 3.302734375, 1.1324882507324219e-05, 4.89453125, 1.263671875, 6.12109375, 3.85546875, 5.7578125, 1.5634765625, 0.323974609375, 6.046875, 1.017578125, 0.83056640625, 1.5497207641601562e-06, 3.998046875, 1.4267578125, 4.30859375, 0.02471923828125, 0.11468505859375, 0.0181884765625, 3.310546875, 5.81640625, 0.03839111328125, 5.96484375, 0.0478515625, 3.7734375, 0.81591796875, 8.2421875, 3.48046875, 0.7763671875, 4.4140625, 0.366943359375, 9.9375, 1.3203125, 3.3359375, 4.22265625, 4.75, 0.0252532958984375, 1.609375, 0.173828125, 0.75439453125, 1.3828277587890625e-05, 5.3515625, 0.8935546875, 0.0134429931640625, 1.7881393432617188e-06, 3.87109375, 0.53564453125, 0.0139007568359375, 1.6689300537109375e-06, 4.82421875, 1.482421875, 6.50390625, 2.4609375, 0.96435546875, 0.1666259765625, 10.3984375, 0.2105712890625, 3.369140625, 10.9453125, 4.53125, 4.53515625, 1.025390625, 2.294921875, 0.6962890625, 0.513671875, 0.0509033203125, 2.98828125, 4.5546875, 5.44921875, 7.20703125, 0.312744140625, 1.2392578125, 3.4609375, 0.010498046875, 7.19140625, 1.4755859375, 1.392578125, 3.587890625, 4.5, 0.0235443115234375, 9.1953125, 0.1983642578125, 5.96484375, 3.095703125, 0.4541015625, 0.01145172119140625, 0.09173583984375, 4.3515625, 0.62060546875, 2.28515625, 0.415283203125, 2.09375, 0.78466796875, 0.457275390625, 1.6064453125, 7.48046875, 0.55517578125, 0.42626953125, 0.07586669921875, 1.283203125, 0.0174102783203125, 3.591796875, 3.73828125, 10.5078125, 0.32373046875, 6.64453125, 0.0165863037109375, 5.7890625, 1.9091796875, 6.21484375, 5.37109375, 4.33203125, 2.671875, 0.13671875, 0.042083740234375, 0.060211181640625, 0.00240325927734375, 8.4453125, 2.0078125, 3.81640625, 5.19921875, 7.5703125, 5.8671875, 0.1910400390625, 10.78125, 2.650390625, 4.87109375, 7.515625, 0.0237884521484375, 4.55859375, 1.7509765625, 0.3349609375, 0.033294677734375, 5.22265625, 2.080078125, 6.921875, 0.53759765625, 6.794929504394531e-06, 4.1953125, 0.759765625, 7.73046875, 0.5029296875, 4.21875, 8.546875, 0.0043792724609375, 0.165283203125, 0.0428466796875, 3.02734375, 5.2421875, 5.59765625, 3.111328125]",-0.9902685047433453
214,1,test,3.2400823946324935,1.3861885673493883,1.905395249590468,5.596505954365216,2.3943257072398527,3.2911372492926265,25.535825675646098,19.15119383818739,21.73701839084991,44.10733525793417,33.079334811414576,37.545759038740755,3.1359619207717664,1.2049591482301945,1.7492600710269728,4.824556801187333,1.85378330496953,2.6911693400414967,23.010759727372342,16.11433740905474,19.00912944073366,35.40116881134206,24.791288321622673,29.244814524205623,3.314060831548378,1.39948837132287,1.9168921569043493,5.492918505328803,2.3195939856180168,3.177169320835938,27.496557954516234,20.71252022359492,23.452823339431404,45.57440544947442,34.33014401700816,38.872082883035475,0.6532663316582914,-0.006733668341708521,-0.0017336683417086274,0.5125628140703518,-0.00743718592964826,-0.01743718592964827,0.40703517587939697,0.017035175879396958,0.0020351758793969443,0.4006211180124224,0.08899321103567825,0.1433897130537447,0.4018691588785047,0.3919597989949749,0.08368912230324554,0.12651739498829706,0.38383838383838387,0.39799331103678925,0.08079798549421835,0.1421534890123176,0.40604026845637586,24.0,8.0,10.0,37.0,11.0,12.0,43.0,7.0,7.0,-1.2332303196475574e-05,0.00011535355197698424,-6.915024743131617e-05,-0.017989325620797914,-0.017772506579357916,-0.016635172651088048,"[1.88671875, 5.3046875, 0.005107879638671875, 0.057769775390625, 4.7578125, 4.66796875, 2.359375, 2.5859375, 7.640625, 0.1409912109375, 0.1451416015625, 4.703125, 1.4677734375, 7.82421875, 8.8359375, 8.28125, 4.73828125, 6.24609375, 0.486572265625, 3.021484375, 3.279296875, 5.19140625, 2.896484375, 0.306884765625, 1.685546875, 0.00933837890625, 1.239776611328125e-05, 0.0963134765625, 0.43310546875, 6.34375, 4.32421875, 2.11328125, 9.53125, 1.880859375, 3.8671875, 0.7734375, 0.54052734375, 6.11328125, 2.939453125, 7.30859375, 1.080078125, 4.5390625, 9.734375, 1.7041015625, 2.123046875, 9.4140625, 6.0703125, 0.29541015625, 2.65234375, 0.220458984375, 1.345703125, 4.9765625, 1.548828125, 2.568359375, 6.21875, 4.1796875, 10.65625, 1.5, 0.004116058349609375, 0.27001953125, 0.392333984375, 0.0003733634948730469, 1.1920928955078125e-06, 0.01074981689453125, 0.73974609375, 7.59375, 0.447021484375, 6.0546875, 6.09375, 0.1636962890625, 1.1357421875, 8.1015625, 2.7578125, 6.45703125, 0.00691986083984375, 0.0011930465698242188, 2.4609375, 4.359375, 5.78125, 6.8046875, 0.9951171875, 1.8818359375, 2.80078125, 0.0650634765625, 5.0546875, 4.56640625, 0.91796875, 7.02734375, 6.7265625, 1.9521484375, 8.53125, 0.178955078125, 1.548828125, 2.439453125, 3.0390625, 1.4736328125, 2.515625, 1.87109375, 2.142578125, 0.1597900390625, 0.17138671875, 7.53515625, 7.90625, 2.787109375, 9.34375, 5.83203125, 2.439453125, 5.98046875, 3.11328125, 3.6875, 5.3359375, 0.1971435546875, 5.62890625, 5.3671875, 0.52197265625, 3.19140625, 2.255859375, 7.4296875, 0.0089263916015625, 0.34619140625, 0.74853515625, 0.00024962425231933594, -0.0, 0.005680084228515625, 1.3427734375, 0.0006375312805175781, -0.0, 0.022613525390625, 0.74658203125, 0.0022335052490234375, 1.0728836059570312e-06, 0.005283355712890625, 0.3623046875, 1.5751953125, 6.16015625, 3.02734375, 1.7294921875, 4.38671875, 1.994140625, 0.85400390625, 6.34765625, 12.0859375, 0.0560302734375, 7.91015625, 0.00354766845703125, 4.36328125, 0.72265625, 2.19140625, 8.96875, 3.95703125, 2.861328125, 2.130859375, 1.0322265625, 2.57421875, 7.5234375, 0.09942626953125, 4.98046875, 7.1328125, 1.0908203125, 1.5517578125, 2.51953125, 0.0026073455810546875, 0.84228515625, 0.7138671875, 0.0005698204040527344, -0.0, 0.028076171875, 0.330810546875, 1.4384765625, 0.00016415119171142578, 3.490234375, 9.6015625, 5.41015625, 11.0546875, 0.69384765625, 5.01953125, 5.16015625, 0.3740234375, 9.40625, 0.132568359375, 6.10546875, 5.84765625, 3.140625, 0.3212890625, 0.64111328125, 0.2100830078125, 0.236328125, 1.376953125, 1.7685546875, 7.0859375, 0.8427734375, 10.0546875, 2.453125, 9.0703125, 6.95703125, 0.427490234375, 7.48046875, 2.095703125, 5.19140625, 3.37890625, 5.6171875, 4.828125, 5.34375, 9.46875, 5.09765625, 0.0023651123046875, 0.07012939453125, 0.76904296875, 4.8828125, 4.04296875, 6.84375, 0.7099609375, 1.69921875, 5.43359375, 4.73828125, 0.0003991127014160156, 10.578125, 0.08514404296875, 2.0859375, 9.8828125, 8.2578125, 8.1796875, 1.396484375, 7.21875, 2.025390625, 0.0011606216430664062, 7.125, 0.33984375, 0.0012636184692382812, 1.1920928955078125e-07, 1.470703125, 0.33642578125, 0.0027217864990234375, -0.0, 1.0107421875, 0.35546875, 0.0036716461181640625, -0.0, 1.0068359375, 0.358154296875, 4.71875, 6.60546875, 5.71875, 3.0703125, 1.150390625, 6.28125, 2.5546875, 3.25390625, 4.640625, 4.21484375, 3.048828125, 8.1484375, 2.22265625, 8.671875, 8.1796875, 9.8046875, 1.1435546875, 0.0002002716064453125, 2.20703125, 1.3798828125, 0.002712249755859375, -0.0, 0.11932373046875, 0.1466064453125, 6.71484375, 2.8515625, 4.44140625, 6.25390625, 4.4140625, 1.2978515625, 7.22265625, 2.798828125, 6.546875, 1.87109375, 5.421875, 0.0003108978271484375, 0.51513671875, 0.453857421875, 1.4189453125, 0.62109375, 1.310546875, 8.0546875, 3.0859375, 6.203125, 2.60546875, 8.4375, 0.096923828125, 1.9072265625, 9.34375, 3.68359375, 7.53125, 11.328125, 2.65234375, 11.7734375, 8.171875, 4.5234375, 6.2421875, 0.257080078125, 6.4453125, 1.9677734375, 5.40625, 2.86102294921875e-05, 1.341796875, 3.076171875, 0.0010347366333007812, -0.0, 0.0089569091796875, 0.1912841796875, 0.83935546875, 5.96875, 1.0107421875, 3.5762786865234375e-06, 0.12200927734375, 0.162841796875, 1.0986328125, 4.31640625, 3.341796875, 3.4140625, 5.15234375, 0.460205078125, 7.578125, 1.119140625]",-0.23743401810249187
298,1,test,3.3024039404065,1.4270307061522267,1.97871836304625,5.350730435089013,2.3121510175631017,3.2060246894926583,27.177894492713705,20.654641125077983,23.420650990766067,44.03506955781461,33.46574764569597,37.947383883772865,3.378072455899799,1.406834497077764,2.0125816744548612,5.0045517865182205,2.0841992549300206,2.981602480673868,29.314212184138476,22.13465319662345,25.396566896268055,43.428462495019964,32.79207880981252,37.62454355002674,3.3024039404065,1.4270307061522267,1.97871836304625,5.350730435089013,2.3121510175631017,3.2060246894926583,27.177894492713705,20.654641125077983,23.420650990766067,44.03506955781461,33.46574764569597,37.947383883772865,0.7236180904522613,0.008618090452261251,0.008618090452261251,0.5527638190954773,-0.0022361809045226,0.007763819095477409,0.4623115577889447,-0.007688442211055246,0.0023115577889447625,0.4117647058823529,0.08691147691953494,0.14057826520438677,0.4330708661417323,0.4120603015075377,0.10378962481580833,0.14661789750085985,0.4494949494949495,0.4117647058823529,0.08691147691953494,0.14057826520438677,0.4330708661417323,20.0,9.0,7.0,30.0,8.0,8.0,38.0,9.0,8.0,8.211286207788927e-05,1.884410303287085e-05,1.2523726339415432e-05,-7.936596070123869e-05,-0.0001398081572467902,0.00011389473326595123,"[2.859375, 2.21484375, 0.2666015625, 0.05609130859375, 3.802776336669922e-05, 1.1826171875, 0.01139068603515625, 0.01456451416015625, 5.5703125, 4.37109375, 0.90673828125, 0.94287109375, 8.34375, 1.296875, 7.734375, 4.1484375, 1.630859375, 10.0859375, 7.609375, 3.169921875, 3.34375, 5.3046875, 0.7333984375, 0.0204620361328125, 1.560546875, 1.9482421875, 8.1875, 5.6875, 5.0, 8.9921875, 0.0022411346435546875, 1.83984375, 5.89453125, 0.328857421875, 0.346923828125, 2.66796875, 0.051788330078125, 0.73095703125, 0.68310546875, 2.232421875, 0.056976318359375, 1.7509765625, 3.17578125, 0.033599853515625, 3.638671875, 0.346923828125, 6.16796875, 3.296875, 1.8671875, 3.107421875, 8.578125, 0.2005615234375, 4.390625, 3.298828125, 1.9833984375, 0.58642578125, 7.890625, 0.037200927734375, 1.43359375, 4.8984375, 8.1796875, 0.185302734375, 9.7890625, 6.05078125, 5.578125, 6.30078125, 6.33203125, 1.564453125, 2.681640625, 0.00756072998046875, 8.0625, 1.765625, 0.0269927978515625, 1.810546875, 5.98828125, 7.1796875, 0.116943359375, 6.625, 1.482421875, 5.234375, 0.10333251953125, 0.5634765625, 9.2265625, 0.775390625, 5.94140625, 4.12109375, 0.343017578125, 3.923828125, 0.0484619140625, 3.064453125, 4.64453125, 2.998046875, 1.728515625, 4.65234375, 1.5576171875, 0.355712890625, 1.076171875, 7.8359375, 2.703125, 2.72265625, 7.59375, 1.2978515625, 6.3984375, 3.041015625, 10.125, 0.93359375, 3.6015625, 5.46875, 1.5927734375, 0.3017578125, 0.0821533203125, 9.9375, 0.8173828125, 1.451171875, 0.775390625, 4.31640625, 8.0703125, 2.048828125, 1.35546875, 3.58203125, 3.146484375, 5.78125, 0.6396484375, 0.281982421875, 4.90234375, 5.984375, 0.0094146728515625, 1.30859375, 6.0078125, 5.546875, 0.00403594970703125, 0.53369140625, 15.2421875, 5.03515625, 0.60107421875, 5.57421875, 0.2464599609375, 9.640625, 2.052734375, 1.8251953125, 4.15625, 2.34765625, 5.5390625, 9.9375, 0.06585693359375, 5.93359375, 5.59765625, 5.5390625, 4.48828125, 0.9560546875, 2.8203125, 5.99609375, 6.46484375, 0.5888671875, 0.9453125, 0.00021719932556152344, 4.06640625, 4.4765625, 3.837890625, 0.003009796142578125, 6.83203125, 1.76953125, 1.5849609375, 1.6650390625, 0.282470703125, 3.0234375, 0.4560546875, 9.984375, 1.177734375, 1.2783203125, 6.890625, 0.024871826171875, 7.390625, 7.42578125, 3.16015625, 8.3359375, 0.274658203125, 8.4296875, 1.4443359375, 2.75, 6.640625, 1.5703125, 2.486328125, 4.42578125, 2.578125, 4.2265625, 2.8203125, 0.6611328125, 6.29296875, 1.74609375, 0.038360595703125, 5.66015625, 1.626953125, 0.0308380126953125, 3.7890625, 4.74609375, 0.332275390625, 10.875, 1.6962890625, 0.1185302734375, 0.6494140625, 3.341796875, 0.84619140625, 1.1064453125, 8.015625, 0.0072784423828125, 4.4296875, 4.1875, 9.1171875, 2.44921875, 5.00390625, 8.6328125, 3.703125, 4.265625, 0.0005192756652832031, 2.12890625, 1.71875, 2.57421875, 0.1636962890625, 0.3408203125, 3.060546875, 0.9384765625, 6.43359375, 0.0894775390625, 6.046875, 3.966796875, 1.228515625, 4.89453125, 0.1611328125, 0.86865234375, 0.1680908203125, 2.646484375, 2.56640625, 1.1796875, 0.457763671875, 4.33203125, 1.3193359375, 0.0302276611328125, 0.02081298828125, 0.48046875, 3.765625, 3.2421875, 6.8359375, 1.955078125, 3.0078125, 3.232421875, 2.513671875, 3.798828125, 7.45703125, 7.6640625, 5.96875, 4.51953125, 5.3671875, 2.625, 1.068359375]",-0.7576989991992127
31,1,test,2.0582275409142947,0.7863006903968204,0.7863006903968204,4.558134811638523,1.7413354345268637,1.7413354345268637,7.832075467057009,4.264355059568474,4.264355059568474,17.344853824040413,9.44380777140486,9.44380777140486,2.1249488975534487,0.7496776268062759,1.1107699141962533,4.521167867134998,1.5950587804388854,2.363340242970752,8.372469623513457,4.416319858439234,5.615370779664694,17.81376515641161,9.396425230721773,11.947597403541902,1.8672695195794504,0.7295562076708113,1.0498976848096553,4.211886134389737,1.6456155060243862,2.368190266487944,6.470604397829452,3.350977808010076,4.206063974432459,14.595348265780718,7.558596559421224,9.48736234834389,0.4371859296482412,-0.022814070351758753,-0.01781407035175875,0.35678391959798994,0.001783919597989958,-0.013216080402010055,0.3065326633165829,-0.0034673366834171437,-0.0034673366834171437,0.34174757281553403,0.08954815932579796,0.08954815932579796,0.33852140077821014,0.3517587939698492,0.08860089923300707,0.12805261700824655,0.3282828282828283,0.32441471571906355,0.0790057006940218,0.13420336977913028,0.28859060402684567,13.0,0.0,0.0,21.0,1.0,-1.0,29.0,-1.0,0.0,-0.0009718259507838038,0.00015089007865455405,7.13167307481887e-06,-0.059342600871851836,-0.05722624146831112,-0.06473413302292919,"[5.63671875, 10.890625, 2.70703125, 1.212890625, 5.8671875, 0.6015625, 7.2109375, 0.51171875, 1.45703125, 4.21484375, 2.8046875, 0.6728515625, 0.151611328125, 0.9951171875, 0.02410888671875, 4.68359375, 3.28125, 8.84375, 4.203125, 0.00872039794921875, 0.1285400390625, 0.0005970001220703125, 1.822265625, 0.1964111328125, 3.3671875, 0.02801513671875, 5.66015625, 0.02001953125, 0.8544921875, 0.00848388671875, 6.19921875, 4.0546875, 0.5322265625, 0.003650665283203125, 0.0023708343505859375, 0.00034880638122558594, 5.640625, 1.0849609375, 0.3515625, 3.74609375, 0.88916015625, 0.00762939453125, 2.474609375, 4.9140625, 0.7001953125, 0.0034618377685546875, 0.0038394927978515625, 0.0006194114685058594, 4.98828125, 6.55859375, 0.83837890625, 1.4775390625, 0.0077362060546875, 5.40234375, 0.94580078125, 0.0014629364013671875, 0.010528564453125, 0.0006113052368164062, 5.12109375, 2.017578125, 3.283203125, 0.002910614013671875, 0.2333984375, 0.34619140625, 0.010772705078125, 7.546875, 0.065673828125, 0.003749847412109375, 0.01061248779296875, 0.0003037452697753906, 10.8515625, 1.4765625, 0.5244140625, 7.343292236328125e-05, 0.07427978515625, 0.005207061767578125, 4.46484375, 7.52734375, 4.43359375, 0.10467529296875, 0.0028553009033203125, 0.00485992431640625, 0.000244140625, 6.78125, 11.7265625, 3.86328125, 4.28515625, 6.53125, 0.67626953125, 0.01113128662109375, 4.72265625, 5.58203125, 0.07965087890625, 0.002288818359375, 0.0021514892578125, 0.0111541748046875, 1.62109375, 5.45703125, 0.37939453125, 4.125, 1.810546875, 0.00492095947265625, 7.015625, 3.880859375, 0.34033203125, 0.00397491455078125, 0.004913330078125, 0.0013179779052734375, 1.6787109375, 1.5771484375, 0.305908203125, 1.1787109375, 3.4140625, 0.049072265625, 1.3369140625, 0.087890625, 0.009124755859375, 5.75, 2.091796875, 0.1873779296875, 0.0018320083618164062, 0.0007653236389160156, 0.0002675056457519531, 4.453125, 0.11236572265625, 0.0031833648681640625, 0.378173828125, 0.28857421875, 0.006927490234375, 3.837890625, 2.025390625, 0.19921875, 0.002498626708984375, 0.00331878662109375, 0.0004394054412841797, 2.37109375, 17.171875, 5.8984375, 0.140869140625, 0.0077667236328125, 7.9453125, 0.60693359375, 0.004627227783203125, 0.0030918121337890625, 0.0004494190216064453, 7.98046875, 0.43603515625, 1.1044921875, 0.0088958740234375, 6.91796875, 1.7646484375, 3.783203125, 4.68359375, 0.481201171875, 0.0022525787353515625, 0.0086517333984375, 0.0007257461547851562, 1.2900390625, 0.1778564453125, 4.99609375, 0.5361328125, 2.3671875, 1.26953125, 2.234375, 0.65673828125, 6.828125, 6.7734375, 0.1485595703125, 8.6875, 2.091796875, 2.80078125, 3.212890625, 0.00858306884765625, 7.20703125, 1.4033203125, 0.0027923583984375, 0.0032196044921875, 0.002391815185546875, 3.466796875, 3.751953125, 0.0758056640625, 0.41650390625, 0.00959014892578125, 2.248046875, 3.9453125, 0.437744140625, 0.0026149749755859375, 0.0132904052734375, 0.0005221366882324219, 10.09375, 0.06304931640625, 5.15625, 0.5771484375, 0.017303466796875, 0.08154296875, 0.003971099853515625, 4.26953125, 3.685546875, 0.09979248046875, 0.0012044906616210938, 0.0009608268737792969, 0.00018870830535888672, 2.462890625, 0.31201171875, 0.00160980224609375, 0.004913330078125, 0.1619873046875, 0.006984710693359375, 1.826171875, 5.22265625, 0.056640625, 0.0023651123046875, 0.0012121200561523438, 0.0005669593811035156, 4.37890625, 4.01171875, 3.716796875, 0.287841796875, 0.0794677734375, 0.0082244873046875, 4.76171875, 1.951171875, 0.160888671875, 0.00289154052734375, 0.0028972625732421875, 0.0006995201110839844, 3.154296875, 1.609375, 0.2509765625, 0.021240234375, 0.06524658203125, 0.06524658203125, 0.0098419189453125, 1.9609375, 8.3046875, 0.08270263671875, 0.002368927001953125, 0.0083770751953125, 0.0013179779052734375, 7.8828125, 0.76513671875, 0.7216796875, 0.576171875, 1.6875, 0.303955078125, 1.03515625, 0.8876953125, 1.0263671875, 0.5234375, 2.01171875, 0.177001953125, 0.50390625, 0.276611328125, 2.6171875, 0.265869140625, 0.2476806640625, 1.59375, 0.0084075927734375, 0.029144287109375, 0.419189453125, 0.80810546875, 0.0030918121337890625, 5.35546875, 2.396484375, 0.369140625, 0.00164031982421875, 0.000732421875, 0.0005097389221191406, 7.0625, 7.703125, 3.4375, 1.5341796875, 0.00579833984375, 4.47265625, 2.005859375, 0.0030231475830078125, 0.004123687744140625, 0.0014123916625976562, 1.6611328125, 0.1104736328125, 0.04791259765625, 0.004962921142578125, 10.21875, 0.27734375, 0.0012140274047851562, 0.0011005401611328125, 0.000701904296875, 3.10546875, 1.4873046875, 0.0191802978515625, 0.84326171875, 0.1683349609375, 0.009613037109375, 4.984375, 0.68701171875, 0.0019311904907226562, 0.0015115737915039062, 0.0007886886596679688, 4.59765625, 3.130859375, 7.73046875, 8.4453125, 2.109375, 14.8359375, 3.291015625, 0.71728515625, 0.005107879638671875, 4.3203125, 0.99853515625, 0.001987457275390625, 0.0004684925079345703, 8.213520050048828e-05, 3.9375, 0.4990234375, 0.10894775390625, 0.76025390625, 0.01165008544921875, 5.5, 0.97607421875, 0.0037479400634765625, 0.0013990402221679688, 0.001850128173828125, 3.837890625, 0.0021514892578125, 0.0654296875, 0.00023233890533447266, 0.05950927734375, 0.12890625, 0.005657196044921875, 5.3671875, 4.83203125, 0.1519775390625, 0.002994537353515625, 0.002468109130859375, 0.0016078948974609375, 5.12109375, 5.359375, 1.0703125, 6.10546875, 0.1431884765625, 0.0081329345703125, 2.3125, 5.0, 0.10015869140625, 0.0015115737915039062, 0.00931549072265625, 0.00044655799865722656, 2.97265625, 2.9140625, 0.79931640625, 0.06646728515625, 0.00731658935546875, 3.671875, 0.046905517578125, 0.00103759765625, 0.00357818603515625, 0.0006175041198730469, 1.923828125, 0.14697265625, 0.00855255126953125, 0.033599853515625, 0.00909423828125, 6.95703125, 6.50390625, 0.08868408203125, 0.002872467041015625, 0.0020694732666015625, 0.0012264251708984375, 4.33203125, 10.3125, 5.34375, 0.03466796875, 0.00972747802734375, 4.03515625, 2.951171875, 3.92578125, 0.206298828125, 0.002826690673828125, 0.0169830322265625, 0.00315093994140625, 2.896484375, 2.443359375, 3.271484375, 0.0311431884765625, 3.408203125, 0.1661376953125, 0.00848388671875, 1.3642578125, 0.392578125, 0.67333984375, 0.047943115234375, 0.27880859375, 0.004688262939453125, 5.76171875, 0.173583984375, 0.00074005126953125, 0.0009708404541015625, 0.0009222030639648438, 1.42578125, 0.0501708984375, 0.058258056640625, 0.0009160041809082031, 0.003208160400390625, 0.1273193359375, 0.0029582977294921875, 6.83984375, 10.953125, 0.323486328125, 0.001590728759765625, 0.0032520294189453125, 0.0025177001953125, 1.232421875, 0.2548828125, 1.828125, 2.52734375, 0.002201080322265625, 0.43994140625, 0.005817413330078125, 7.8828125, 0.67578125, 0.00543212890625, 0.005191802978515625, 0.00399017333984375, 2.552734375, 7.46875, 1.0068359375, 0.0058441162109375, 9.234375, 0.2724609375, 0.00835418701171875, 0.0045928955078125, 0.0024356842041015625, 4.68359375, 0.32568359375, 0.244384765625, 0.004970550537109375, 11.2421875, 0.283447265625, 0.0010366439819335938, 0.0056304931640625, 0.0005488395690917969, 15.890625, 0.76416015625, 7.38671875, 0.08355712890625, 0.3681640625, 0.0035266876220703125, 9.109375, 0.485595703125, 6.00390625, 0.0008392333984375, 0.00014412403106689453, 4.359375, 3.5, 3.3984375, 4.5703125, 8.2109375, 5.20703125, 0.0200653076171875, 1.15625, 3.93359375, 5.12890625, 0.939453125, 0.619140625, 4.9765625, 0.10107421875, 2.103515625, 5.09765625, 1.20703125, 0.400390625, 5.33984375, 2.748046875, 2.92578125, 5.5390625, 2.9296875, 0.00832366943359375, 8.359375, 0.390625, 0.302490234375, 0.65087890625, 3.123046875, 1.8603515625, 5.11328125, 7.21484375, 0.190185546875, 4.71875, 8.5546875, 0.0472412109375, 1.5166015625, 3.0078125, 6.0859375, 1.517578125, 0.626953125, 2.537109375, 6.13671875, 0.87060546875, 5.296875, 7.55859375, 0.2369384765625, 2.22265625, 7.8671875, 2.44921875, 0.876953125, 4.07421875, 5.2109375, 11.09375, 4.16796875, 0.8779296875, 0.18896484375, 7.95703125, 7.25, 0.1622314453125, 4.984375, 0.1253662109375, 3.427734375]",-2.852526662882092
232,1,test,3.222244747932041,1.43110832456169,1.8692987180853053,6.409841702875566,2.8468283875689533,3.71849744995464,25.084365106579877,19.0881022174095,21.215558729212205,49.89900585717503,37.97095602387911,42.20299317101353,3.0672558995347527,1.3004138530576095,1.8202377812002197,5.477242677740629,2.3221675947457308,3.250424609286106,21.4828705619172,15.630527839337471,18.002919892139996,38.362268860566424,27.911656855959766,32.14807123596428,2.8542909753761165,1.222654277197779,1.7126839671729983,5.864981456252294,2.512303309310505,3.5192136311773936,17.362122670021016,12.249887609217813,14.230325522858037,35.67559452744044,25.171001936748926,29.240394909982264,0.5879396984924623,0.0029396984924623393,-0.002060301507537776,0.49246231155778897,0.012462311557788985,0.0024623115577889765,0.40703517587939697,-0.007964824120603065,0.0020351758793969443,0.41192411924119243,0.11557770516812071,0.16461229128420318,0.41032608695652173,0.40703517587939697,0.10628329618014887,0.1666345080997642,0.38383838383838387,0.38795986622073575,0.10248407323242192,0.16882749692151444,0.3691275167785235,21.0,0.0,0.0,34.0,1.0,0.0,38.0,-2.0,-1.0,0.0006568997229682973,-0.000694151378581544,-2.388417878329933e-06,-0.09430029383386618,-0.07998922264568797,-0.08867804774116195,"[2.111328125, 9.03125, 0.796875, 0.0307769775390625, 0.180908203125, 1.380859375, 2.689453125, 6.99758529663086e-05, 2.0546875, 7.236003875732422e-05, 1.8193359375, 6.4921875, 0.0037078857421875, -0.0, 0.00394439697265625, 0.003582000732421875, 3.2782554626464844e-05, 2.236328125, 7.30859375, 0.1485595703125, 2.173828125, 14.3125, 9.1171875, 4.2109375, 9.5546875, 5.9140625, 6.640625, 8.03125, 0.6943359375, 10.4375, 1.732421875, 4.73828125, 2.13671875, 3.236328125, 3.330078125, 0.95263671875, 8.375, 4.66796875, 2.244140625, 3.43359375, 4.875, 4.48046875, 4.421875, 3.796875, 0.84619140625, 5.08203125, 2.7265625, 9.7734375, 5.515625, 3.32421875, 0.666015625, 3.025390625, 0.568359375, 1.9453125, 3.341796875, 2.361328125, 2.880859375, 11.734375, 2.197265625, 1.6337890625, 0.54345703125, 1.6171875, 5.2734375, 2.1015625, 8.0703125, 5.0390625, 1.6796875, 5.37109375, 0.10821533203125, 5.51171875, 2.080078125, 8.25, 1.8125, 5.03515625, 4.01953125, 7.4375, 0.72900390625, 7.48828125, 3.509765625, 3.38671875, 6.875, 6.29296875, 1.439453125, 3.236328125, 4.33984375, 5.0234375, 6.2734375, 10.0390625, 7.70703125, 3.064453125, 0.06732177734375, 0.0830078125, 1.0967254638671875e-05, 0.027679443359375, 2.1457672119140625e-06, 6.854534149169922e-05, -0.0, 3.325939178466797e-05, 0.0001398324966430664, 1.4580078125, 6.198883056640625e-06, 0.1373291015625, 3.5762786865234375e-07, 4.00543212890625e-05, 3.4570693969726562e-06, 9.822845458984375e-05, -0.0, 7.987022399902344e-06, 5.137920379638672e-05, 0.367919921875, 4.553794860839844e-05, 0.0997314453125, 9.775161743164062e-06, 1.895427703857422e-05, 1.430511474609375e-06, 6.711483001708984e-05, -0.0, 2.7418136596679688e-05, 2.5987625122070312e-05, 0.75390625, 9.421875, 7.71875, 1.75, 11.0703125, 1.1328125, 6.45703125, 5.9453125, 8.1171875, 6.41015625, 0.458740234375, 0.369873046875, 1.0625, 0.300537109375, 7.32421875, 0.0706787109375, 3.962890625, 2.4609375, 1.9208984375, 8.59375, 1.9326171875, 0.50048828125, 5.8046875, 4.18359375, 4.2265625, 5.7578125, 9.8984375, 8.7890625, 0.884765625, 9.4453125, 1.3583984375, 10.2109375, 1.3837890625, 1.430511474609375e-06, 0.15869140625, 4.291534423828125e-06, 2.0742416381835938e-05, 3.5762786865234375e-07, 8.58306884765625e-06, -0.0, 2.0265579223632812e-06, 9.179115295410156e-06, 3.73046875, 10.4921875, 8.453125, 7.0859375, 7.20703125, 10.65625, 2.736328125, 5.26171875, 1.0132789611816406e-05, 0.230712890625, 2.5033950805664062e-06, 4.410743713378906e-06, 9.5367431640625e-07, 1.2516975402832031e-05, -0.0, 2.9802322387695312e-06, 9.775161743164062e-06, 1.6318359375, 3.814697265625e-06, 0.055999755859375, 3.6954879760742188e-06, 2.9802322387695312e-06, 2.6226043701171875e-06, 6.61611557006836e-05, -0.0, 7.987022399902344e-06, 5.602836608886719e-06, 0.49755859375, 5.9140625, 6.4140625, 2.353515625, 0.90869140625, 6.16796875, 0.96435546875, 6.36328125, 3.669921875, 7.4453125, 10.109375, 5.4296875, 1.2314453125, 9.894371032714844e-06, 4.23828125, 1.9073486328125e-06, 2.384185791015625e-06, 2.384185791015625e-07, 3.0994415283203125e-06, -0.0, 2.384185791015625e-07, 3.6954879760742188e-06, 0.8994140625, 7.748603820800781e-06, 0.346923828125, 1.3113021850585938e-06, 3.814697265625e-06, 5.173683166503906e-05, 2.4318695068359375e-05, -0.0, 2.86102294921875e-06, 4.649162292480469e-06, 0.78955078125, 1.49609375, 0.00023543834686279297, 1.90625, 7.58984375, 0.0543212890625, 4.5859375, 3.029296875, 8.7890625, 7.453125, 4.296875, 9.8671875, 1.4248046875, 11.015625, 3.720703125, 11.484375, 0.95556640625, 6.71484375, 3.451171875, 2.783203125, 11.1875, 3.185546875, 0.111083984375, 0.9375, 2.29296875, 4.7265625, 0.0268402099609375, 4.19140625, 5.92578125, 5.87890625, 2.05859375, 0.1636962890625, 2.17578125, 3.2578125, 4.65234375, 10.3359375, 0.37109375, 2.208984375, 2.703125, 5.22265625, 2.509765625, 5.2890625, 3.287109375, 4.203125, 6.77734375, 13.484375, 1.2841796875, 10.40625, 0.2193603515625, 7.9140625, 2.0390625, 4.80859375, 5.5546875, 1.41015625, 1.3113021850585938e-05, 0.183349609375, 3.2186508178710938e-06, 6.67572021484375e-06, 2.1457672119140625e-06, 3.0994415283203125e-06, -0.0, 4.76837158203125e-07, 3.814697265625e-06, 0.73291015625, 4.887580871582031e-06, 0.0157012939453125, 1.9073486328125e-05, 5.0067901611328125e-06, 5.91278076171875e-05, 2.0265579223632812e-05, -0.0, 9.5367431640625e-07, 6.079673767089844e-06, 0.7705078125, 8.106231689453125e-06, 0.0098114013671875, 9.417533874511719e-06, 4.887580871582031e-06, 4.6133995056152344e-05, 2.0265579223632812e-05, -0.0, 7.3909759521484375e-06, 5.602836608886719e-06, 0.73046875, 2.59765625, 0.0007681846618652344, 8.8203125, 0.461181640625, 0.11907958984375, 0.5703125, 2.712890625, 3.646484375, 2.60546875, 1.2197265625, 4.12890625, 7.6875, 2.49609375, 6.37109375, 8.5703125, 4.88671875, 3.75390625, 4.61328125, 9.375, 4.48828125, 12.46875, 6.3046875, 1.3046875, 2.6015625, 3.490234375, 6.875, 0.06298828125, 12.578125, 1.3046875, 9.34375, 4.08984375, 5.90234375, 8.0859375, 0.3076171875, 1.7998046875, 6.3125, 8.4296875, 7.98046875, 3.861328125, 7.5546875, 4.83984375, 3.966796875, 6.77734375, 1.857421875, 12.8984375, 0.295166015625, 6.27734375, 7.08203125, 0.09832763671875, 10.09375, 1.6748046875, 3.11328125, 9.9453125, 0.44970703125, 5.3671875, 7.37890625, 3.494140625, 11.1953125, 0.52099609375, 13.1484375, 7.02734375, 8.140625, 2.783203125, 6.71875, 6.07421875]",-0.3612284576343652
250,1,test,2.609874324479573,1.1161833711662115,1.549831530008529,5.3899578440339,2.3051613100171755,3.20073902936544,13.597341891427302,9.143838999218474,10.710847378796581,28.081466949686817,18.884015324472934,22.120228282297287,2.806750512602341,1.1125028781138027,1.5757259147609095,4.967700022305029,1.9690316426792966,2.788895424355592,16.55603209741081,11.113482459614415,13.131295380305085,29.302711676833294,19.669880459494543,23.241230761601923,2.609874324479573,1.1161833711662115,1.549831530008529,5.3899578440339,2.3051613100171755,3.20073902936544,13.597341891427302,9.143838999218474,10.710847378796581,28.081466949686817,18.884015324472934,22.120228282297287,0.6884422110552764,0.003442211055276312,0.008442211055276427,0.5477386934673367,-0.002261306532663321,0.0027386934673367946,0.3668341708542714,-0.0031658291457286047,-0.013165829145728614,0.40492957746478875,0.09561499047006117,0.15200217699640473,0.39575971731448767,0.38190954773869346,0.04606994874119974,0.09476430566857663,0.3939393939393939,0.40492957746478875,0.09561499047006117,0.15200217699640473,0.39575971731448767,19.0,-1.0,3.0,26.0,-2.0,0.0,36.0,-1.0,1.0,0.0006122052529652525,-0.00019257719304591086,0.00010991908425094006,-0.042675187392877234,-0.03709187517385448,-0.04247183627344775,"[2.12109375, 9.0390625, 0.7978515625, 0.0180816650390625, 0.177490234375, 1.380859375, 2.474609375, 0.0008416175842285156, 2.03125, 5.650520324707031e-05, 1.306640625, 7.1015625, 0.00148773193359375, 1.1920928955078125e-07, 0.0036678314208984375, 0.0031452178955078125, 5.53131103515625e-05, 2.28515625, 8.4375, 6.4296875, 0.96142578125, 6.203125, 4.359375, 3.11328125, 5.21875, 7.97265625, 8.6953125, 3.23046875, 3.671875, 0.0010042190551757812, 4.96875, 1.2294921875, 2.24609375, 1.357421875, 5.2109375, 0.4599609375, 2.54296875, 7.39453125, 5.17578125, 4.6953125, 0.00677490234375, 9.0859375, 0.43603515625, 3.40234375, 3.9296875, 1.498046875, 3.962890625, 0.4453125, 6.94921875, 1.3720703125, 4.72265625, 0.0236358642578125, 8.578125, 0.4208984375, 2.693359375, 3.28125, 0.024505615234375, 6.6171875, 7.78515625, 3.6796875, 7.328125, 1.587890625, 1.7021484375, 2.771484375, 4.62109375, 4.63671875, 4.14453125, 1.845703125, 4.99609375, 2.169921875, 0.9482421875, 1.17578125, 0.03607177734375, 1.7275390625, 4.21875, 1.5107421875, 3.27734375, 0.888671875, 3.5234375, 2.1171875, 2.52734375, 13.9296875, 0.01041412353515625, 0.3818359375, 4.9609375, 2.26171875, 2.65234375, 1.787109375, 2.234375, 2.970703125, 4.265625, 2.650390625, 1.798828125, 0.2073974609375, 0.37353515625, 4.4296875, 1.583984375, 2.5234375, 0.59521484375, 2.451171875, 2.447265625, 3.26171875, 4.49609375, 2.5703125, 2.439453125, 0.0565185546875, 0.22998046875, 0.00018084049224853516, 0.04010009765625, 3.4332275390625e-05, 6.699562072753906e-05, -0.0, 7.62939453125e-06, 7.665157318115234e-05, 0.73828125, 2.330078125, 0.047210693359375, 6.96484375, 2.125, 2.875, 6.828125, 4.02734375, 3.541015625, 2.091796875, 0.650390625, 3.703125, 1.166015625, 2.212890625, 0.67578125, 7.0625, 0.319580078125, 0.1617431640625, 8.296875, 0.08660888671875, 2.390625, 2.681640625, 4.21484375, 1.3857421875, 4.5859375, 1.2744140625, 4.62890625, 1.4658203125, 5.25390625, 1.37890625, 2.912109375, 0.45849609375, 7.03515625, 4.6796875, 0.01247406005859375, 0.0677490234375, 0.1759033203125, 0.057403564453125, 9.739398956298828e-05, 0.146728515625, 2.283203125, 3.1875, 2.326171875, 0.18994140625, 0.1571044921875, 0.07391357421875, 1.431640625, 4.6875, 1.7470703125, 2.9609375, 4.3984375, 0.70166015625, 1.33203125, 6.875, 0.513671875, 0.291748046875, 3.013671875, 5.17578125, 5.4296875, 5.21875, 6.22265625, 3.484375, 1.23046875, 8.1875, 2.81640625, 2.83984375, 0.984375, 2.744140625, 10.9375, 2.421875, 0.875, 5.26171875, 0.10101318359375, 1.19140625, 5.390625, 0.430419921875, 4.5, 6.1796875, 5.39453125, 2.134765625, 0.27099609375, 2.302734375, 8.8046875, 0.51123046875, 0.203369140625, 2.513671875, 0.2030029296875, 1.1240234375, 3.6640625, 4.40234375, 3.27734375, 0.75146484375, 2.345703125, 1.89453125, 0.2342529296875, 2.267578125, 3.75390625, 8.359375, 13.828125, 7.6796875, 2.244140625, 2.99609375, 3.13671875, 3.73828125, 0.4091796875, 3.337890625, 3.873046875, 6.25, 5.26953125, 4.359375, 5.1796875, 5.234375, 6.0234375, 8.640625, 0.09735107421875, 0.126953125, 3.521484375, 0.892578125, 2.6226043701171875e-06, 0.126220703125, 8.702278137207031e-06, 5.53131103515625e-05, 4.76837158203125e-07, 2.4318695068359375e-05, -0.0, 4.172325134277344e-06, 0.00021028518676757812, 1.365234375, 6.318092346191406e-06, 0.3955078125, 1.7881393432617188e-06, 7.37905502319336e-05, 5.960464477539062e-07, 2.47955322265625e-05, -0.0, 3.814697265625e-06, 0.00012969970703125, 1.341796875, 6.4373016357421875e-06, 0.36181640625, 7.033348083496094e-06, 7.987022399902344e-06, 4.76837158203125e-07, 9.870529174804688e-05, -0.0, 8.344650268554688e-07, 7.700920104980469e-05, 0.342041015625, 4.66015625, 0.032379150390625, 1.8408203125, 4.30078125, 0.26025390625, 3.08203125, 2.79296875, 1.19140625, 1.3896484375, 2.142578125, 3.423828125, 1.81640625, 0.1527099609375, 8.4921875, 8.3359375, 0.174560546875, 3.287109375, 0.1253662109375, 4.90234375, 1.373046875, 5.1328125, 2.005859375]",-0.9889036849350998
408,1,test,2.5899032107604447,1.0021032576261768,1.3350484454212301,5.221804851965653,2.020456838348994,2.691746325092534,13.328481487174537,8.435509177428298,9.821152535554528,26.873100511978933,17.00781039557165,19.801567004118052,2.5414859068453612,0.9108736556903014,1.3510967109000545,4.132497409504652,1.481095375106181,2.1969052209756983,12.698525785506302,7.591525256985127,9.410165010460254,20.64800940732732,12.343943507292888,15.30108131782155,2.537755107401207,1.017085937664781,1.432258242705769,4.728736224971193,1.8951911881952443,2.6688041789548493,12.651238397293866,8.075952583500516,9.63051340969461,23.57373614402584,15.048358851243199,17.945056042909215,0.6130653266331658,0.008065326633165837,-0.0069346733668341765,0.4824120603015075,0.002412060301507535,0.012412060301507544,0.3266331658291457,-0.01336683417085427,-0.01336683417085427,0.3897849462365591,0.08508695965937796,0.11608015640273706,0.398921832884097,0.38190954773869346,0.04606994874119974,0.08975595842316753,0.38888888888888884,0.3812709030100334,0.0774311701218865,0.12876812214240274,0.3825503355704698,18.0,7.0,7.0,26.0,4.0,5.0,36.0,10.0,10.0,-0.0001213924654602366,2.1873777716056728e-05,0.00019277122283771307,-0.03377823531925017,-0.0420693474640812,-0.04166912381868215,"[2.85546875, 2.173828125, 0.31787109375, 0.040069580078125, 3.8504600524902344e-05, 1.3564453125, 0.01220703125, 0.01531219482421875, 1.5693359375, 8.0625, 0.5576171875, 0.50439453125, 7.0234375, 2.521484375, 2.681640625, 3.548828125, 0.1558837890625, 0.84375, 4.21875, 4.046875, 2.712890625, 1.904296875, 3.671875, 3.5625, 13.1640625, 0.55712890625, 0.9619140625, 0.0004324913024902344, 1.693359375, 1.6533203125, 0.005771636962890625, 0.405029296875, 3.4140625, 5.375, 0.01293182373046875, 3.623046875, 5.9765625, 2.046875, 5.08203125, 0.34716796875, 0.9560546875, 0.18505859375, 8.344650268554688e-07, 0.0004131793975830078, 0.0013971328735351562, 0.00011622905731201172, 0.0002815723419189453, 0.0010423660278320312, 5.7734375, 5.27734375, 6.52734375, 1.626953125, 0.51904296875, 2.5859375, 2.10546875, 4.95703125, 0.07232666015625, 1.8193359375, 4.62890625, 2.375, 5.484375, 7.078125, 1.9150390625, 8.2890625, 1.435546875, 0.05859375, 0.5234375, 1.4130859375, 5.453125, 0.005001068115234375, 0.00848388671875, 1.7265625, 0.1842041015625, 2.26953125, 6.12109375, 1.251953125, 5.81640625, 2.7109375, 5.765625, 3.53125, 2.388671875, 2.08203125, 2.080078125, 5.5390625, 0.56103515625, 1.83984375, 4.62109375, 2.53125, 1.54296875, 0.00936126708984375, 0.401123046875, 3.4453125, 6.8125, 7.875, 5.5859375, 8.90625, 1.1455078125, 6.11328125, 8.3359375, 0.5791015625, 5.71484375, 1.7119140625, 10.578125, 1.0849609375, 0.284423828125, 1.90625, 2.372264862060547e-05, 8.189678192138672e-05, 5.054473876953125e-05, 1.7881393432617188e-06, 5.960464477539062e-07, 6.9141387939453125e-06, 2.861328125, 0.7294921875, 0.005649566650390625, 0.0261688232421875, 2.13671875, 0.466552734375, 2.07421875, 6.0625, 4.22265625, 6.625, 7.0234375, 8.125, 4.1875, 0.029144287109375, 7.67578125, 3.98828125, 5.8125, 3.32421875, 6.25, 1.8154296875, 3.869140625, 5.2578125, 0.0760498046875, 6.671875, 2.388671875, 1.4521484375, 2.771484375, 0.003604888916015625, 4.30078125, 0.68603515625, 6.66796875, 0.3369140625, 5.546875, 1.6220703125, 0.341796875, 4.69140625, 1.46484375, 0.354248046875, 3.51953125, 1.2626953125, 2.2109375, 1.3896484375, 5.09375, 1.6328125, 7.8125, 3.119140625, 0.0172576904296875, 9.46875, 0.12188720703125, 2.162109375, 1.5556640625, 0.548828125, 0.05548095703125, 0.7578125, 0.8828125, 1.5498046875, 0.5419921875, 4.05078125, 0.426025390625, 3.474609375, 1.56640625, 0.0014781951904296875, 3.794921875, 0.92919921875, 2.076171875, 3.6875, 2.015625, 2.65625, 2.20703125, 1.03515625, 0.0003597736358642578, 0.00019741058349609375, 4.839897155761719e-05, 4.76837158203125e-06, 2.384185791015625e-07, 2.1457672119140625e-06, 3.7421875, 3.34375, 7.23828125, 0.034698486328125, 1.9775390625, 2.467632293701172e-05, 0.018280029296875, 7.462501525878906e-05, 1.3113021850585938e-05, 3.5762786865234375e-07, 4.7326087951660156e-05, 3.966796875, 0.08343505859375, 0.1761474609375, 1.6611328125, 0.00015974044799804688, 6.5546875, 8.140625, 1.64453125, 2.486328125, 6.7265625, 3.400390625, 7.2890625, 1.4091796875, 8.5546875, 0.215576171875, 0.9716796875, 1.076171875, 5.30859375, 3.515625, 6.79296875, 2.759765625, 0.65185546875, 0.74755859375, 7.1640625, 0.1318359375, 0.1513671875, 1.6650390625, 4.40234375, 1.173828125, 1.46484375, 4.66015625, 0.146484375, 0.74609375, 0.035308837890625, 0.0540771484375, 0.1202392578125, 0.2286376953125, 0.1746826171875, 0.2027587890625, 0.326416015625, 1.0009765625, 0.385986328125, 5.578125, 3.0234375, 1.298828125, 0.314697265625, 0.427490234375, 0.91845703125, 0.48046875, 2.288818359375e-05, 0.0004124641418457031, 6.318092346191406e-06, 5.960464477539062e-07, -0.0, 0.002483367919921875, 7.5078125, 0.4716796875, 0.26318359375, 6.87890625, 4.1484375, 6.421875, 0.140625, 8.6640625, 3.83984375, 1.1201171875, 8.125, 1.45703125, 9.0390625, 0.0081329345703125, 5.6796875, 1.712890625, 0.1297607421875, 0.131103515625, 0.57763671875, 3.6171875, 1.9501953125, 6.828125, 0.1451416015625, 5.58984375, 0.42578125, 0.01812744140625, 0.145263671875, 0.9052734375, 0.33544921875, 4.33203125, 3.57421875, 1.951171875, 3.21484375, 6.72265625, 0.9814453125, 3.734375, 5.42578125, 2.1953125, 4.796875, 8.265625, 3.255859375, 7.93359375, 0.041107177734375, 8.578125, 0.40576171875, 7.2890625, 9.6015625, 3.35546875, 0.012451171875, 6.9375, 1.708984375, 0.052490234375, 0.36474609375, 0.7138671875, 5.269050598144531e-05, 1.9431114196777344e-05, 6.67572021484375e-06, 1.5497207641601562e-06, -0.0, 6.318092346191406e-06, 4.890625, 4.56640625, 1.630859375, 2.26171875, 6.9141387939453125e-06, 0.007114410400390625, 1.4901161193847656e-05, 1.4066696166992188e-05, 3.5762786865234375e-07, 0.00012612342834472656, 4.48046875, 2.828125, 0.12158203125, 7.03125, 5.960464477539062e-07, 0.0187225341796875, 6.4373016357421875e-06, 9.298324584960938e-06, 7.152557373046875e-07, 0.0001252889633178711, 3.966796875, 6.8515625, 5.5703125, 11.171875, 0.2391357421875, 0.07452392578125, 2.49609375, 0.0002777576446533203, 1.591796875, 11.1796875, 5.68359375, 6.27734375, 1.4541015625, 1.27734375, 6.1484375, 0.64794921875, 1.12109375, 6.43359375, 5.1171875, 0.08807373046875, 5.19140625, 2.75390625, 1.60546875, 3.353515625, 4.171875, 0.4267578125, 1.76953125, 5.125, 3.21875, 3.625, 5.48046875, 8.046875, 0.471435546875, 4.53125, 5.33984375, 4.0703125, 0.353515625, 3.814453125]",-0.7929328926788863
207,1,test,3.5200230316682295,1.5327420724505594,2.1343418868313617,5.793826729143359,2.522836330431045,3.513047205032987,33.78520658455793,26.489537038846763,29.78765869777531,55.609190962160575,43.60079077822604,49.02937611745625,3.5445262235612724,1.4497542485961268,2.0648836974250555,5.33011462189665,2.1800815768362805,3.1050882668045947,34.62327776257,26.499689385091024,30.23190216426872,52.065079342210524,39.849156970061685,45.461507013937926,3.5200230316682295,1.5327420724505594,2.1343418868313617,5.793826729143359,2.522836330431045,3.513047205032987,33.78520658455793,26.489537038846763,29.78765869777531,55.609190962160575,43.60079077822604,49.02937611745625,0.7487437185929648,-0.006256281407035158,-0.0012562814070351536,0.6532663316582914,-0.01673366834170853,-0.011733668341708636,0.5226130653266332,-0.007386934673366818,0.0026130653266331905,0.44318181818181823,0.08212321704760273,0.16484428669567208,0.48669201520912553,0.44221105527638194,0.08130879963728421,0.1584047113698711,0.4797979797979798,0.44318181818181823,0.08212321704760273,0.16484428669567208,0.48669201520912553,24.0,15.0,15.0,37.0,20.0,20.0,48.0,23.0,23.0,0.0001301065570291232,0.0001443139226479318,-0.00011594474261462633,-0.010491898927091015,-0.010678264069793997,-0.008919901882952885,"[3.783203125, 0.040191650390625, 0.3896484375, 0.0202484130859375, 0.0006041526794433594, 0.7236328125, 0.0200653076171875, 0.01122283935546875, 1.5595703125, 7.55078125, 0.0699462890625, 6.79296875, 4.01953125, 4.74609375, 0.1536865234375, 3.49609375, 3.025390625, 1.1708984375, 5.26171875, 2.720703125, 2.6171875, 0.439453125, 2.697265625, 3.033203125, 1.470703125, 0.024993896484375, 0.13720703125, 0.7021484375, 2.4765625, 9.1953125, 5.11328125, 7.3671875, 6.7265625, 1.0107421875, 9.0078125, 2.28515625, 5.6171875, 3.49609375, 3.126953125, 0.395263671875, 5.50390625, 4.05078125, 4.37890625, 5.55859375, 2.2578125, 3.822265625, 7.19140625, 5.5234375, 2.15625, 1.9482421875, 2.37890625, 4.3203125, 1.162109375, 0.00354766845703125, 0.1707763671875, 0.55517578125, 9.0703125, 0.412353515625, 3.03125, 9.875, 0.5634765625, 0.77294921875, 6.2578125, 5.83203125, 2.5625, 2.005859375, 8.828125, 3.201171875, 8.234375, 1.3330078125, 3.21875, 4.27734375, 8.0078125, 6.76953125, 9.171875, 3.8046875, 6.35546875, 4.8203125, 3.501953125, 2.419921875, 6.69140625, 0.1280517578125, 3.173828125, 6.6875, 2.79296875, 4.390625, 2.232421875, 6.87109375, 0.3798828125, 6.3984375, 7.0, 2.125, 5.55859375, 0.399658203125, 3.875, 1.7353515625, 5.9140625, 4.09375, 10.3984375, 11.5859375, 6.2421875, 6.3671875, 0.83154296875, 8.59375, 6.640625, 2.13671875, 4.0390625, 0.463623046875, 1.814453125, 2.990234375, 1.5078125, 2.458984375, 0.163818359375, 5.1484375, 3.52734375, 0.1279296875, 8.6015625, 0.1490478515625, 0.0021724700927734375, 3.95703125, 1.9638671875, 0.00011157989501953125, 0.59033203125, 0.1292724609375, 2.861328125, 0.04681396484375, 4.84375, 0.9609375, 5.60546875, 5.61328125, 0.45068359375, 5.01953125, 0.037872314453125, 0.147216796875, 0.10302734375, 4.3671875, 2.89453125, 4.5625, 7.41796875, 2.9375, 5.22265625, 9.0546875, 3.330078125, 1.1123046875, 2.138671875, 1.2734375, 3.173828125, 4.3828125, 8.2421875, 0.87890625, 5.296875, 3.5078125, 4.6796875, 0.232666015625, 6.33984375, 0.1932373046875, 6.49609375, 3.259765625, 2.75390625, 3.189453125, 9.953125, 5.72265625, 3.0517578125e-05, 0.1241455078125, 2.49609375, 2.71875, 5.34765625, 7.08203125, 2.935546875, 7.546875, 2.78125, 4.71484375, 0.89794921875, 2.361328125, 4.10546875, 8.4140625, 0.1422119140625, 0.46435546875, 1.578125, 0.289306640625, 4.05859375, 3.349609375, 1.056640625, 11.015625, 3.73046875, 1.123046875, 5.3359375, 1.232421875, 7.6171875, 9.7578125, 0.11297607421875, 3.22265625, 4.90234375, 3.13671875, 5.37109375, 5.28515625, 0.90234375, 4.84375, 1.6396484375, 0.056243896484375, 3.658203125, 4.8046875, 2.4921875, 4.45703125, 2.728515625, 3.95703125, 7.08203125, 4.98046875, 5.6328125, 4.7109375, 11.109375, 4.421875, 0.7314453125, 1.16015625, 0.0007295608520507812, 9.453125, 0.07269287109375, 3.80859375, 6.65625, 2.064453125, 0.27978515625, 2.17578125, 3.876953125, 0.06365966796875, 0.4931640625, 0.00621795654296875, 0.019622802734375, 0.09228515625, 0.318359375, 1.3525390625, 6.85546875, 6.87890625, 0.385498046875, 4.3203125, 2.7734375, 5.140625, 7.45703125, 9.015625, 6.0, 1.751953125, 6.0390625, 1.9462890625, 1.2880859375, 9.107589721679688e-05, 0.1295166015625, 0.31689453125, 2.134765625, 1.6123046875, 8.0234375, 2.623046875, 5.4296875, 3.09765625, 5.36328125, 0.45556640625, 5.3359375, 7.9765625, 0.306396484375, 0.0396728515625, 6.890625, 2.87890625, 2.169921875, 5.80859375, 5.1015625, 2.337890625]",-0.8269751830534502
286,1,test,2.875632075136608,1.1887317150154642,1.6384211001216893,5.185077524080516,2.143412626038246,2.9542515173178643,17.736631462902455,12.333923188611017,14.290642362896179,31.98107642015572,22.239405542158725,25.767583120662536,3.083880763557089,1.132172902378588,1.6773027853672098,5.18299287992788,1.9028116006362823,2.8189962779280835,21.843005667743853,14.802303808059694,17.761042757434666,36.71093389536782,24.877821526150747,29.85049202930196,2.960630032529799,1.2270890855980077,1.706547360869992,5.04652846453943,2.0916291231784223,2.9088875469374864,19.310133936350343,13.649471367876197,15.805511926104847,32.915001027869906,23.2661443770617,26.941213510405994,0.6180904522613065,-0.006909547738693456,-0.01190954773869346,0.4773869346733668,-0.0126130653266332,0.007386934673366818,0.3668341708542714,-0.0031658291457286047,0.006834170854271404,0.3804034582132565,0.07824518483196152,0.12527149340387234,0.3872832369942196,0.36180904522613067,0.05604463419856176,0.09302774305584682,0.4040404040404041,0.3745819397993311,0.07908945232019915,0.1198544648271398,0.3926174496644296,20.0,-1.0,0.0,31.0,1.0,0.0,37.0,0.0,1.0,-0.000841527551596281,0.00035989264431191865,0.00013029047586056325,-0.009584944738285195,-0.014328574080467504,-0.015226816080604166,"[2.88671875, 1.2119140625, 0.349609375, 0.021087646484375, 0.0001302957534790039, 1.0205078125, 0.00885009765625, 0.0287628173828125, 1.6259765625, 4.05078125, 0.01145172119140625, 8.125, 7.1015625, 0.37158203125, 8.25, 0.019775390625, 0.05828857421875, 3.33984375, 14.3671875, 1.5166015625, 1.3662109375, 2.66796875, 0.5244140625, 0.0662841796875, 0.01482391357421875, 1.462890625, 1.75, 4.7265625, 0.164794921875, 10.0625, 1.8623046875, 1.8994140625, 5.55078125, 0.1280517578125, 3.220703125, 6.58984375, 4.796875, 0.1280517578125, 3.2265625, 2.353515625, 8.625, 1.15234375, 7.88671875, 0.51708984375, 0.050628662109375, 0.1702880859375, 0.271240234375, 6.55859375, 2.033203125, 2.44140625, 2.0078125, 1.755859375, 2.869140625, 0.0014123916625976562, 0.1929931640625, 1.1103515625, 5.733966827392578e-05, 2.48046875, 0.2237548828125, 6.84375, 5.109375, 0.197021484375, 2.38671875, 6.0703125, 0.060455322265625, 3.21484375, 9.0625, 10.3046875, 8.375, 0.0220489501953125, 6.01953125, 0.01560211181640625, 0.025482177734375, 4.61328125, 2.65234375, 4.2421875, 0.256591796875, 0.67333984375, 2.82421875, 3.228515625, 1.0419921875, 7.01953125, 10.1328125, 14.8359375, 0.86865234375, 2.806640625, 0.6142578125, 9.2265625, 0.28369140625, 2.44140625, 0.0169219970703125, 0.06610107421875, 0.0616455078125, 0.0187225341796875, 0.43212890625, 4.9375, 6.29296875, 0.261962890625, 0.84033203125, 1.4521484375, 2.369140625, 1.5302734375, 5.519390106201172e-05, 0.38134765625, 0.84521484375, 5.924701690673828e-05, 3.205078125, 0.11541748046875, 2.251953125, 0.00667572021484375, 1.5341796875, 5.7890625, 0.80615234375, 13.2421875, 2.505859375, 1.6044921875, 5.765625, 10.625, 3.5762786865234375e-07, 0.76806640625, 1.06640625, 2.6106834411621094e-05, 3.26953125, 0.36181640625, 9.265625, 0.47607421875, 2.021484375, 4.99609375, 2.79296875, 3.439453125, 6.2734375, 0.0660400390625, 1.85546875, 5.796875, 0.53173828125, 8.3984375, 6.2890625, 0.033599853515625, 0.0005626678466796875, 1.380859375, 7.55859375, 7.26953125, 2.322265625, 0.10345458984375, 4.234375, 0.484130859375, 5.37890625, 1.7138671875, 2.638671875, 12.71875, 0.71240234375, 7.72265625, 7.1953125, 0.1842041015625, 1.451171875, 0.25927734375, 0.0129852294921875, 1.765625, 3.40234375, 0.0188751220703125, 1.2431640625, 5.92578125, 0.5927734375, 3.39453125, 6.8671875, 7.04296875, 3.998046875, 6.1953125, 0.96728515625, 3.904296875, 6.48828125, 5.0, 1.646484375, 5.1171875, 1.8544921875, 0.4638671875, 0.990234375, 0.00045228004455566406, 6.87890625, 7.4921875, 0.72802734375, 1.2392578125, 6.71484375, 0.06268310546875, 3.09375, 9.2734375, 0.49609375, 0.41064453125, 2.29296875, 3.203125, 0.88134765625, 9.15625, 10.8671875, 7.9375, 2.01171875, 8.8125, 1.6171875, 0.8974609375, 3.357421875, 0.4140625, 1.6845703125, 3.6328125, 2.23046875, 1.2040138244628906e-05, 0.33984375, 3.107421875, 0.00022852420806884766, 0.014678955078125, 2.80859375, 3.8671875, 1.7646484375, 4.5390625, 0.085693359375, 7.2421875, 4.890625, 1.884765625, 9.2265625, 5.71875, 6.80078125, 7.46875, 1.533203125, 7.9453125, 2.498046875, 2.8252601623535156e-05, 0.438720703125, 0.1876220703125, 7.765625, 5.2890625, 3.845703125, 5.57421875, 2.619140625, 8.265625, 1.6181640625, 10.0546875, 2.041015625, 8.171875, 0.84765625, 0.0020694732666015625, 2.08984375, 4.875, 0.0036792755126953125, 0.0012226104736328125, 0.8671875, 9.78125, 5.046875, 1.3837890625, 0.82421875, 5.00390625, 4.4140625, 2.50390625, 6.9765625, 5.19921875, 5.5, 0.004055023193359375, 0.033111572265625, 0.0009355545043945312, 0.1683349609375, 0.9599609375, 0.1671142578125, 6.377696990966797e-05, 0.001209259033203125, 0.00014662742614746094, 2.2649765014648438e-06, 2.384185791015625e-07, 5.257129669189453e-05, 1.3470649719238281e-05, 5.4836273193359375e-06, 1.3837890625, 4.5234375, 5.63671875, 3.4296875, 1.4345703125, 3.203125, 4.40234375, 0.625, 0.002353668212890625, 2.958984375, 11.0078125, 7.171875, 0.55029296875, 1.0146484375, 0.1839599609375, 1.310546875, 7.03125, 3.345703125, 5.953125, 0.88916015625, 2.021484375, 4.5546875, 2.896484375, 0.001987457275390625, 0.061309814453125, 0.0030517578125, 0.180419921875, 3.21484375, 0.07977294921875, 8.690357208251953e-05, 0.00039076805114746094, 3.2186508178710938e-06, 2.6226043701171875e-06, 9.5367431640625e-07, 3.0875205993652344e-05, 3.5762786865234375e-06, 9.5367431640625e-06, 1.7626953125, 2.484375, 2.759765625, 3.6171875, 0.158203125, 4.5390625, 3.939453125, 1.615234375, 0.79052734375, 7.10546875, 2.59765625, 3.552734375, 7.62939453125e-06, 0.52490234375, 1.7099609375, 5.0067901611328125e-06, 0.259521484375, 0.296630859375, 4.26953125, 5.3828125, 4.5703125, 0.1566162109375, 1.1796875, 8.75, 5.46484375, 1.9365234375, 10.6171875, 1.3017578125, 5.41015625, 5.546875, 1.8046875, 0.30908203125, 0.751953125, 4.44921875, 0.129638671875, 0.43212890625, 0.5302734375, 0.1671142578125, 4.265625, 1.9013671875, 4.26171875, 0.149169921875, 0.042572021484375]",-0.8568472587409555
236,1,test,3.4367713893388774,1.5332930505315874,2.125531517782371,5.803073001670564,2.5890030197500575,3.5890122349440032,31.086429993173113,24.377239252071867,27.37565825169986,52.49020146388247,41.161567917432826,46.22447212991944,3.7246597633888974,1.5944179349341314,2.2382722518632896,5.643423883922572,2.415784749900199,3.391321593732257,41.45712511324588,33.04022310149293,37.03602963328594,62.81382592916042,50.060944093171095,56.1151964140696,3.384901438269727,1.5248369679594838,2.0820431659654677,5.737121081813097,2.584469437219464,3.5288867219753697,29.5150835150855,23.09093259000363,25.83528399557019,50.02556527980594,39.13717388136209,43.7886169416444,0.7336683417085428,-0.001331658291457205,0.0036683417085427994,0.6281407035175879,0.008140703517587888,0.003140703517587884,0.48743718592964824,-0.017562814070351762,0.0024371859296482556,0.4415584415584416,0.11740933296849021,0.18777874393425154,0.3908794788273615,0.42211055276381915,0.09378975075880658,0.1516598015117323,0.38383838383838387,0.4247491638795987,0.09252879660080071,0.16668464775056646,0.3791946308724832,28.0,5.0,5.0,38.0,4.0,5.0,46.0,4.0,4.0,0.0013642413145123604,0.00011623898650906845,0.0002105749116111265,0.00047149473440466494,6.878410509703059e-05,-7.1846786077856e-05,"[10.3671875, 2.10546875, 7.1640625, 2.82421875, 2.625, 0.42822265625, 0.267578125, 9.921875, 1.9775390625, 6.05078125, 4.41796875, 2.326171875, 1.302734375, 8.4921875, 5.91015625, 3.65234375, 8.078125, 7.85546875, 3.330078125, 8.6875, 5.09375, 6.15625, 0.1861572265625, 1.7939453125, 0.17333984375, 4.82421875, 2.12890625, 2.865234375, 2.115234375, 6.1484375, 4.8203125, 3.2578125, 1.998046875, 5.18359375, 0.06231689453125, 3.75390625, 7.72265625, 1.7734375, 3.8984375, 2.42578125, 6.9453125, 5.19921875, 0.74755859375, 8.4765625, 2.29296875, 1.478515625, 1.720703125, 0.006587982177734375, 5.53125, 8.75, 6.25390625, 0.65234375, 4.8984375, 1.8359375, 3.84375, 0.0313720703125, 3.890625, 4.171875, 3.560546875, 1.9375, 5.390625, 4.51171875, 2.19921875, 8.21875, 0.7734375, 2.62890625, 0.09246826171875, 4.8125, 1.509765625, 2.916015625, 10.125, 3.47265625, 7.65625, 1.0458984375, 3.533203125, 3.568359375, 3.564453125, 6.4375, 10.7890625, 0.63037109375, 4.02734375, 0.161376953125, 0.0266571044921875, 1.6162109375, 4.13671875, 1.7333984375, 1.08984375, 0.186279296875, 1.9326171875, 8.7890625, 0.8232421875, 8.359375, 3.521484375, 5.42578125, 8.2265625, 0.84814453125, 0.00015795230865478516, 0.81640625, 8.6328125, 0.464111328125, 8.3671875, 2.373046875, 0.28662109375, 8.6953125, 3.56640625, 0.036956787109375, 7.33203125, 0.401611328125, 1.345703125, 2.46875, 6.828125, 1.669921875, 7.55859375, 2.265625, 2.232421875, 1.7451171875, 1.0595703125, 2.19140625, 6.515625, 2.5, 3.15234375, 0.48876953125, 11.703125, 6.00390625, 1.96875, 8.40625, 10.0546875, 2.10546875, 0.296875, 5.0234375, 3.59375, 5.51171875, 0.44189453125, 8.8984375, 9.015625, 1.125, 8.125, 7.77734375, 0.2210693359375, 0.1668701171875, 0.2481689453125, 6.890625, 1.1806640625, 2.98828125, 0.0211639404296875, 4.59765625, 0.477783203125, 8.46875, 10.265625, 0.5634765625, 0.3349609375, 10.140625, 6.22265625, 0.300537109375, 8.5078125, 3.759765625, 0.1390380859375, 5.5859375, 5.66015625, 0.86865234375, 0.3935546875, 10.625, 8.15625, 2.7109375, 6.80078125, 4.32421875, 0.8310546875, 1.46875, 6.84375, 0.79541015625, 5.23828125, 0.93408203125, 5.98046875, 8.8828125, 0.57958984375, 3.0546875, 0.4609375, 2.60546875, 1.049041748046875e-05, 0.258056640625, 0.15087890625, 1.84765625, 0.003993988037109375, 2.419921875, 8.7734375, 6.08203125, 0.5439453125, 3.45703125, 0.1568603515625, 0.2486572265625, 0.0138702392578125, 1.4736328125, 0.389404296875, 0.043243408203125, 0.09716796875, 9.2265625, 0.24609375, 5.73046875, 4.44921875, 5.02734375, 3.396484375, 2.759765625, 1.490234375, 1.0732421875, 9.1796875, 0.0374755859375, 3.990234375, 8.4140625, 0.33251953125, 5.7265625, 4.4765625, 7.15625, 6.94921875, 9.6015625, 0.71484375, 4.16796875, 2.734375, 0.26904296875, 0.045623779296875, 0.72412109375, 2.326171875, 1.103515625, 0.505859375, 0.0267791748046875, 0.1427001953125, 0.1329345703125, 1.70703125, 10.015625, 0.393310546875, 5.51953125, 0.156982421875, 1.5478515625, 0.1934814453125, 0.363037109375, 2.564453125, 1.94921875, 0.046295166015625, 2.748046875, 2.16015625, 0.875, 0.054840087890625, 6.484375, 0.720703125, 0.9287109375, 4.01953125, 3.3515625, 4.28125, 1.7392578125, 5.68359375, 3.900390625, 2.9206275939941406e-05, 0.042144775390625, 0.1451416015625, 5.484375, 0.65576171875, 4.3515625, 8.8671875, 2.69921875, 3.16796875, 0.84326171875, 8.90625, 0.31201171875, 2.59375, 8.734375, 5.0703125, 0.298583984375, 2.67578125, 2.205078125, 2.1875, 0.57470703125, 3.1171875, 4.3828125, 0.420654296875, 0.396484375, 7.9140625, 0.340087890625, 3.873046875, 4.5234375, 0.6240234375, 7.271766662597656e-06, 0.08612060546875, 0.1439208984375, 3.94921875, 0.65283203125, 4.92578125, 4.01953125, 0.06732177734375, 5.484375, 3.701171875, 1.0693359375, 3.541015625, 3.5625, 0.1959228515625, 6.046875, 1.1220703125, 1.07421875, 3.775390625, 4.2578125, 2.83203125, 4.01953125, 2.021484375, 6.2890625, 0.396240234375, 5.81640625, 4.28515625, 4.23828125, 2.603515625, 10.90625]",-0.8048291241193746
473,1,test,3.301645765125548,1.5237359336690761,2.0801149382300324,5.453280083971411,2.5167323848242042,3.4356954597731995,27.157296694278497,21.239821730869377,23.764919791728065,44.855310270325155,35.08150330828987,39.25217089195534,2.9575417263423978,1.3057345409399077,1.8121552748695757,4.5153308799120575,1.993487848763218,2.7666492746100393,19.250590322016883,14.034192008990562,16.106934329403334,29.390214232086844,21.426247341970324,24.590739434203563,3.306292573746561,1.5436472779714414,2.079636323014797,5.460955149896005,2.5496196613685607,3.4349049380132044,27.28378511080958,21.455951745854392,23.873976203777136,45.06422934032593,35.43848209708534,39.432297774777965,0.6180904522613065,-0.0019095477386934512,-0.006909547738693456,0.5226130653266332,-0.017386934673366827,-0.007386934673366818,0.40703517587939697,0.0020351758793969443,-0.007964824120603065,0.4334470989761092,0.1233959916507259,0.18600101498064947,0.4691780821917808,0.40703517587939697,0.09375196785934681,0.1666345080997642,0.4242424242424242,0.4368600682593856,0.12169822839567179,0.18827891048413026,0.46232876712328763,25.0,2.0,2.0,31.0,-1.0,-2.0,41.0,2.0,0.0,-0.000836123548505269,-0.00011356399758325114,-0.00017016780006324876,-0.0003427029913991575,0.00012688698084151184,-1.9278431547142816e-05,"[2.111328125, 9.03125, 0.796875, 0.0307769775390625, 0.180908203125, 0.380859375, 5.960464477539062e-07, 0.0136871337890625, 0.0003910064697265625, 3.933906555175781e-06, 3.93359375, 6.25, 3.982421875, 2.90234375, 4.8203125, 6.38671875, 1.3583984375, 1.3798828125, 0.43896484375, 4.8984375, 5.71875, 3.017578125, 1.4716796875, 1.8310546875, 0.947265625, 0.76806640625, 2.55078125, 0.061279296875, 5.546875, 6.55859375, 1.5419921875, 4.02734375, 3.05859375, 1.576171875, 4.375, 6.125, 2.333984375, 5.6484375, 4.62890625, 3.029296875, 0.336669921875, 0.09326171875, 5.91015625, 0.6826171875, 0.023834228515625, 5.65625, 0.341552734375, 0.9150390625, 0.1453857421875, 0.0665283203125, 0.30517578125, 2.1015625, 8.8515625, 0.0003228187561035156, 6.7578125, 2.310546875, 1.5595703125, 7.640625, 4.0625, 5.3125, 4.33984375, 7.5234375, 0.382568359375, 0.55859375, 5.77734375, 9.6875, 12.2734375, 2.298828125, 7.74609375, 2.115234375, 0.376708984375, 0.73779296875, 2.107421875, 7.44921875, 10.5234375, 0.98779296875, 1.4482421875, 7.98828125, 1.755859375, 6.28125, 3.44921875, 4.03125, 0.2427978515625, 0.001071929931640625, 0.06646728515625, 0.062408447265625, 1.18359375, 8.2734375, 0.384765625, 0.2880859375, 0.1722412109375, 0.05279541015625, 7.17578125, 0.032867431640625, 0.2216796875, 0.342041015625, 8.3125, 3.75390625, 3.099609375, 1.3271484375, 7.328125, 0.245849609375, 2.328125, 5.0625, 3.875, 1.1240234375, 9.2578125, 4.359375, 0.003490447998046875, 0.1400146484375, 3.07421875, 4.21875, 0.1612548828125, 4.19921875, 2.47265625, 1.5283203125, 1.2197265625, 6.4765625, 0.263916015625, 0.0264892578125, 3.947265625, 0.0020847320556640625, 2.48046875, 7.21484375, 3.666015625, 0.11676025390625, 0.311767578125, 7.9296875, 0.1424560546875, 0.00989532470703125, 0.08978271484375, 3.712890625, 4.13671875, 3.443359375, 0.8232421875, 1.83203125, 4.90625, 0.1229248046875, 2.15625, 0.0021343231201171875, 0.0212249755859375, 7.05078125, 1.501953125, 3.337890625, 8.140625, 0.026031494140625, 4.8125, 1.72265625, 4.08984375, 2.86328125, 2.02734375, 0.00013899803161621094, 0.031982421875, 0.2646484375, 1.923828125, 9.890625, 2.693359375, 4.10546875, 5.328125, 1.9150390625, 7.65625, 1.759765625, 3.580078125, 6.4296875, 0.306884765625, 3.0546875, 1.4443359375, 7.92578125, 0.1705322265625, 0.1893310546875, 1.1826171875, 8.984375, 0.0003409385681152344, 4.79296875, 0.2354736328125, 0.8154296875, 5.2109375, 0.127685546875, 2.166015625, 4.0390625, 0.022308349609375, 4.15234375, 5.84765625, 0.057159423828125, 4.1796875, 2.5390625, 6.9296875, 8.328125, 8.46875, 1.87109375, 0.0003788471221923828, 2.0234375, 2.6941299438476562e-05, 0.08843994140625, 0.27001953125, 7.70703125, 2.744140625, 0.0748291015625, 0.1630859375, 2.138671875, 1.5078125, 5.31640625, 4.82421875, 0.0078887939453125, 7.125, 6.578125, 1.6103515625, 0.16748046875, 8.328125, 5.91796875, 7.91015625, 3.44921875, 3.142578125, 7.2265625, 1.09375, 0.08709716796875, 5.88671875, 2.998046875, 9.6328125, 4.71484375, 2.763671875, 9.078125, 1.439453125, 4.12109375, 2.58984375, 0.0001424551010131836, 3.095703125, 0.1563720703125, 7.08203125, 2.2109375, 5.46484375, 0.155517578125, 5.80078125, 5.703125, 1.1552734375, 6.515625, 2.720703125, 9.59375, 13.7421875, 8.0234375, 1.41015625, 0.02471923828125, 6.65625, 13.2265625, 5.5390625, 0.9404296875, 1.0498046875, 4.609375, 5.7109375, 4.67578125, 6.1796875, 1.60546875, 6.89453125, 5.2578125, 3.76953125, 1.2314453125, 4.87890625, 0.85205078125, 4.05078125, 4.3125, 2.5078125, 10.6875, 2.03125, 5.87109375, 3.73046875, 5.0546875, 3.01953125, 2.04296875, 3.31640625, 5.85546875, 0.00238037109375, 1.5625, 8.078125, 4.515625, 0.267333984375, 1.3046875, 2.73828125, 0.241943359375, 10.2265625, 1.341796875, 4.38671875, 2.150390625, 3.6015625, 1.255859375, 9.2734375, 1.31640625, 2.568359375, 2.07421875, 0.388427734375, 4.48046875, 6.01171875, 1.1484375, 7.05859375]",-0.3852064515950331
233,1,test,2.73919261398172,0.9725186829439891,1.433244877331015,5.009345396802187,1.7785101941509942,2.6210711112834315,15.474486167517005,9.62312723140851,11.78330045902821,28.299231552924933,17.59845870401419,21.548912483291314,2.6357904660641847,0.8499353460769454,1.261488475461217,4.544466320800319,1.4654057690981817,2.1749801301055465,13.954338535781304,7.989660252736382,10.002021530312902,24.05920437203673,13.775276297821348,17.24486470743604,2.796570513033329,1.0452516487745576,1.4955300548011647,5.114276212191088,1.911521850841143,2.7349761961089794,16.388346664745118,10.62614944195925,12.715230260408129,29.97046958552703,19.43275274659671,23.25319506526692,0.6231155778894473,-0.016884422110552744,-0.0018844221105527303,0.4522613065326633,-0.0027386934673366836,-0.0027386934673366836,0.35678391959798994,0.011783919597989967,0.01678391959798997,0.4022556390977443,0.07955395054239722,0.12975563909774435,0.4075471698113208,0.38190954773869346,0.06361380839032249,0.10144210199578862,0.38383838383838387,0.40601503759398494,0.0870656942543977,0.13476503759398495,0.4075471698113208,23.0,12.0,12.0,32.0,12.0,12.0,41.0,15.0,16.0,-0.0005606434001252756,-0.00033849730124812003,-3.3851228142104585e-05,-0.00015559510116602837,0.0002314721571865519,7.534460660885145e-05,"[3.76953125, 0.0404052734375, 0.439208984375, 0.0208740234375, 0.0006074905395507812, 0.4072265625, 0.0201873779296875, 0.01070404052734375, 7.875, 4.671875, 1.15625, 7.26171875, 2.962890625, 2.173828125, 7.23828125, 1.91015625, 2.939453125, 1.2763671875, 2.150390625, 0.0081634521484375, 0.46923828125, 1.8681640625, 0.02349853515625, 4.839897155761719e-05, 0.179931640625, 0.66357421875, 4.5625, 0.413818359375, 0.56494140625, 7.1796875, 5.1015625, 3.13671875, 4.1875, 9.8046875, 0.01464080810546875, 3.228515625, 1.1982421875, 2.091796875, 1.306640625, 2.30078125, 5.5703125, 0.04083251953125, 1.6240234375, 0.6318359375, 3.076171875, 3.07421875, 0.67626953125, 2.830078125, 1.0556640625, 4.4140625, 5.0234375, 0.39599609375, 0.51123046875, 5.4296875, 8.2578125, 4.25, 0.06072998046875, 4.55078125, 7.8203125, 4.65625, 0.2479248046875, 7.28515625, 4.15234375, 1.9365234375, 4.51171875, 3.005859375, 0.3740234375, 3.533203125, 0.4921875, 2.177734375, 0.7705078125, 0.00012314319610595703, 1.4794921875, 2.484375, 6.4373016357421875e-06, 0.6982421875, 0.127197265625, 6.8828125, 6.33203125, 3.205078125, 1.4091796875, 1.826171875, 1.416015625, 0.0073089599609375, 1.865234375, 0.52734375, 8.4375, 1.373046875, 0.445556640625, 0.68359375, 4.61328125, 0.92578125, 0.158447265625, 0.018585205078125, 0.09466552734375, 0.88623046875, 5.05078125, 6.359375, 11.2265625, 1.515625, 10.78125, 1.9990234375, 4.13671875, 5.296875, 0.277099609375, 0.2127685546875, 0.6591796875, 5.28515625, 0.0014019012451171875, 2.78515625, 1.453125, 0.0008454322814941406, 0.6083984375, 1.896484375, 7.7890625, 4.33984375, 0.1492919921875, 0.84912109375, 4.50390625, 2.712890625, 1.341796875, 0.72119140625, 6.34375, 6.953125, 0.14794921875, 7.57421875, 0.50439453125, 0.07415771484375, 2.03125, 0.039581298828125, 0.86865234375, 1.400390625, 3.61328125, 2.349609375, 0.58056640625, 4.2265625, 1.02734375, 0.93017578125, 0.380126953125, 5.1856040954589844e-05, 0.1973876953125, 0.7666015625, 3.775390625, 0.419189453125, 3.28515625, 1.8349609375, 3.50390625, 0.25732421875, 10.53125, 1.6201171875, 6.14453125, 0.7392578125, 1.9736328125, 4.8828125, 3.919921875, 1.0751953125, 0.634765625, 6.75390625, 0.6982421875, 0.873046875, 7.033348083496094e-05, 0.34765625, 1.044921875, 1.2919921875, 0.00014960765838623047, 2.193359375, 0.238525390625, 1.8154296875, 6.76953125, 7.0859375, 1.880859375, 2.36328125, 0.02239990234375, 0.041595458984375, 8.7109375, 4.5703125, 2.59765625, 2.9296875, 1.908203125, 3.16015625, 2.087890625, 6.98828125, 7.046875, 0.295654296875, 4.6875, 2.5390625, 9.4375, 4.0390625, 7.953125, 0.01910400390625, 5.62109375, 2.380859375, 1.703125, 3.927734375, 3.23828125, 0.79931640625, 0.0002162456512451172, 0.2166748046875, 1.1240234375, 0.0005354881286621094, 6.67572021484375e-06, 0.062103271484375, 0.047882080078125, 1.869140625, 0.191162109375, 3.978515625, 4.12109375, 0.8037109375, 7.81640625, 0.081787109375, 4.2578125, 1.5751953125, 8.1328125, 0.52734375, 1.4892578125, 5.74609375, 1.1416015625, 3.728515625, 4.19140625, 4.703125, 1.966796875, 4.5234375, 3.32421875, 0.116455078125, 0.06842041015625, 4.49609375, 8.09375, 1.099609375, 2.255859375, 2.19921875, 0.69580078125, 3.103515625, 0.66748046875, 10.046875, 7.703125, 5.76953125, 1.818359375, 8.1171875, 1.3095703125, 7.0703125, 3.392578125, 2.99609375, 3.251953125, 0.05511474609375, 4.69921875, 1.140625, 0.0228729248046875, 3.009765625, 2.283203125, 4.30078125, 6.453125, 2.998046875, 3.13671875, 9.765625, 10.8515625, 2.40625, 0.33251953125, 6.008148193359375e-05, 0.1827392578125, 1.931640625, 3.3736228942871094e-05, 1.681640625, 0.1966552734375, 5.7578125, 0.74560546875, 7.1953125]",-0.6736599117293394
343,1,test,3.2779980837898766,1.4738333546635423,2.0351630352037464,5.506300151984118,2.475708837328085,3.418616559134383,26.522623447634714,20.447728301839003,23.05719925042412,44.55204725192572,34.34758855196551,38.73091334762253,3.068385364422247,1.3163172248655919,1.8434769305303522,4.949008652293947,2.1230922981703095,2.973349887952181,21.50714841781144,15.740632105093372,18.103294026989737,34.6889490609862,25.3881162985377,29.198861333854417,3.2646408561092093,1.4466402515499803,2.030258005725136,5.483863011104795,2.4300305349069893,3.410377211864132,26.170710252110364,20.01117945983465,22.734453070729497,43.960912165061785,33.61428459826157,38.18877229296696,0.6231155778894473,0.008115577889447279,-0.0018844221105527303,0.507537688442211,0.01753768844221104,-0.007462311557788981,0.3919597989949749,0.001959798994974893,-0.0030402010050251116,0.38926174496644295,0.07770395602171931,0.14484210210930004,0.367003367003367,0.37688442211055273,0.06861374541882337,0.14650044882173807,0.31313131313131315,0.3993288590604027,0.08609602823963225,0.15490921620325981,0.367003367003367,20.0,3.0,3.0,29.0,3.0,3.0,39.0,8.0,6.0,-0.0007605125189958018,0.000328627082923665,-4.164567318597163e-05,-0.004164545041597023,-0.0051369738128368425,-0.004225001702157449,"[4.96484375, 14.5546875, 4.66015625, 8.9453125, 3.095703125, 1.595703125, 6.41015625, 7.79296875, 0.83837890625, 9.671875, 0.1317138671875, 0.2020263671875, 1.46484375, 8.6875, 0.958984375, 4.2109375, 0.1358642578125, 0.00018298625946044922, 4.72265625, 3.501953125, 0.00614166259765625, 0.001865386962890625, 9.6328125, 13.6171875, 6.6953125, 1.7294921875, 4.21875, 3.19140625, 0.86865234375, 3.73046875, 6.2578125, 2.037109375, 15.0859375, 5.2109375, 4.11328125, 9.5703125, 1.0771484375, 4.2890625, 0.432861328125, 4.01171875, 0.0191802978515625, 0.70263671875, 0.01398468017578125, 0.00041413307189941406, 2.484375, 0.0014333724975585938, 0.0015802383422851562, 4.5234375, 4.71875, 0.10498046875, 0.07904052734375, 4.72265625, 8.140625, 1.8505859375, 2.30859375, 1.8427734375, 3.783203125, 0.2158203125, 1.2197265625, 0.0014638900756835938, 3.119140625, 0.52294921875, 0.041259765625, 0.0157318115234375, 7.20703125, 0.2744140625, 0.0191192626953125, 1.0390625, 0.515625, 4.1171875, 4.3125, 8.53125, 0.016357421875, 0.007129669189453125, 3.076171875, 5.74609375, 6.5859375, 5.98046875, 6.4609375, 5.0625, 9.7421875, 9.5703125, 0.1873779296875, 0.277099609375, 7.64453125, 8.34375, 0.05438232421875, 0.006702423095703125, 0.1494140625, 0.07733154296875, 3.2890625, 0.0015497207641601562, 0.10858154296875, 0.00445556640625, 0.00016570091247558594, 0.039764404296875, 4.66015625, 2.947265625, 3.013671875, 0.6591796875, 2.375, 0.2484130859375, 0.306640625, 0.1221923828125, 0.1048583984375, 0.54638671875, 0.62255859375, 2.4296875, 3.0390625, 2.1796875, 1.3310546875, 5.26171875, 0.796875, 0.8515625, 2.888671875, 1.4208984375, 0.4501953125, 5.4765625, 0.615234375, 7.59765625, 1.29296875, 0.01300811767578125, 4.5078125, 0.0279388427734375, 1.7880859375, 4.34375, 0.80078125, 6.62109375, 0.27734375, 1.0068359375, 2.0078125, 0.50146484375, 1.916015625, 9.3828125, 0.257568359375, 1.96484375, 3.23828125, 2.6015625, 2.86328125, 2.62890625, 1.1494140625, 8.3984375, 3.13671875, 6.88671875, 0.1888427734375, 2.01171875, 0.2242431640625, 2.58984375, 3.853515625, 1.4248046875, 2.91796875, 0.4248046875, 0.25, 2.44140625, 4.8203125, 5.484375, 2.15625, 8.6015625, 2.3515625, 9.3984375, 9.1015625, 2.1015625, 4.96484375, 4.01171875, 1.2900390625, 4.30859375, 0.7998046875, 3.541015625, 6.6484375, 2.4375, 1.7353515625, 3.03125, 0.52294921875, 2.6953125, 4.484375, 0.1673583984375, 2.6484375, 0.0711669921875, 0.022674560546875, 0.0723876953125, 0.67822265625, 0.69091796875, 0.108154296875, 0.049591064453125, 0.5830078125, 2.40234375, 5.87109375, 9.5390625, 0.93994140625, 1.8896484375, 8.515625, 0.422607421875, 7.3515625, 0.80908203125, 4.3515625, 14.484375, 1.7021484375, 0.1912841796875, 0.7177734375, 0.462646484375, 0.0006656646728515625, 3.12109375, 2.75390625, 1.0048828125, 7.875, 5.6484375, 1.5751953125, 0.1534423828125, 3.275390625, 8.7265625, 1.5078125, 1.03515625, 2.111328125, 9.1171875, 0.673828125, 4.87109375, 3.935546875, 1.8369140625, 4.97265625, 3.69921875, 1.822265625, 7.20703125, 0.431884765625, 2.068359375, 0.98876953125, 8.34375, 6.56640625, 7.18359375, 4.859375, 4.8984375, 4.85546875, 6.109375, 3.892578125, 2.0390625, 5.49609375, 0.07122802734375, 4.7734375, 6.29296875, 9.578125, 0.349853515625, 1.49609375, 0.0006117820739746094, 2.123046875, 4.98828125, 10.1875, 1.9443359375, 1.12109375, 0.8154296875, 0.03375244140625, 0.85546875, 0.7666015625, 6.125, 2.607421875, 1.2431640625, 8.6171875, 4.34375, 9.453125, 2.40234375, 1.69140625, 8.2890625, 6.71484375, 2.38671875, 1.3544921875, 7.8203125, 1.896484375, 8.3671875, 1.634765625, 6.66796875, 2.978515625, 9.640625, 1.85546875, 4.39453125, 4.46875, 3.77734375, 3.07421875, 2.78125, 6.28125, 0.56201171875, 1.5380859375, 6.92578125, 2.37890625, 0.2196044921875, 3.1171875, 5.25, 0.07647705078125, 1.580078125, 6.7109375, 0.27294921875, 0.8505859375, 0.7265625, 6.21875, 4.90234375, 2.234375, 6.171875, 8.5078125, 5.14453125, 3.185546875, 5.0234375]",-1.219183808605143
304,1,test,3.2992385579544363,1.4451184627693447,1.9947620119734746,5.326895588363933,2.333264184679671,3.2207094984988385,27.09200207529548,20.705925437136102,23.406242812134685,43.74229501740416,33.43144211204267,37.79132954042579,3.1227807860877648,1.2394029953371941,1.7699148409330667,4.917765017461047,1.9518157406884948,2.787267466036326,22.709442021480264,16.133763363042455,18.8409454638738,35.76290082122876,25.407501359121976,29.67078025806898,3.268364004865538,1.393477785746788,1.9519187056499978,5.328854355759029,2.2719746506741108,3.1824761505163006,26.26832931181318,19.7482520938211,22.538191054712794,42.82879779099975,32.198237109490925,36.7470506326839,0.6834170854271358,0.008417085427135707,-0.011582914572864311,0.5175879396984925,0.012587939698492479,0.0025879396984924696,0.4371859296482412,-0.002814070351758735,-0.002814070351758735,0.4239482200647249,0.1035598705501618,0.1618122977346278,0.3831168831168831,0.4321608040201005,0.12060301507537685,0.1591289782244556,0.33333333333333337,0.42140468227424754,0.1070234113712375,0.16164994425864,0.3791946308724832,20.0,0.0,1.0,30.0,1.0,2.0,37.0,-1.0,0.0,0.0005947342300919427,0.0005562578961824882,-5.6339918186126974e-05,-0.008883512275278171,-0.008421995685408135,-0.00907760694654769,"[7.44921875, 14.6484375, 11.625, 1.5263671875, 3.408203125, 0.0279083251953125, 7.73046875, 1.048828125, 5.93359375, 4.4921875, 8.9375, 0.919921875, 2.744140625, 0.1959228515625, 5.8828125, 0.378173828125, 8.3984375, 1.359375, 4.3046875, 8.9609375, 0.238037109375, 1.5771484375, 0.947265625, 5.46875, 11.5078125, 0.7421875, 4.7890625, 4.06640625, 1.8837890625, 5.078125, 4.3671875, 0.734375, 3.60546875, 7.125, 0.01352691650390625, 0.8046875, 4.59375, 0.0236968994140625, 2.0546875, 3.43359375, 5.76171875, 5.5078125, 3.115234375, 7.58984375, 1.544921875, 3.064453125, 0.392578125, 0.2919921875, 5.71875, 4.15234375, 2.224609375, 4.4921875, 6.171875, 2.255859375, 1.3876953125, 9.6171875, 1.9970703125, 2.697265625, 6.5859375, 3.533203125, 6.2421875, 4.33984375, 1.1162109375, 0.0033512115478515625, 0.1484375, 1.3935546875, 0.0004763603210449219, 0.0168304443359375, 0.50634765625, 6.0625, 1.556640625, 2.119140625, 5.30859375, 6.82421875, 5.48046875, 0.0731201171875, 5.9453125, 2.732421875, 7.7578125, 1.7138671875, 8.09375, 1.4521484375, 6.546875, 10.5625, 4.03125, 2.369140625, 1.9072265625, 1.3154296875, 1.1162109375, 1.24609375, 9.140625, 3.978515625, 2.490234375, 6.53125, 3.69921875, 2.466796875, 1.4814453125, 3.400390625, 8.8203125, 0.04931640625, 3.697265625, 7.76953125, 0.3720703125, 6.08984375, 3.166015625, 3.591796875, 1.2275390625, 0.0009889602661132812, 0.319580078125, 0.7470703125, 3.58984375, 6.8828125, 1.53125, 6.4609375, 2.09765625, 1.4462890625, 5.41015625, 2.556640625, 6.11328125, 4.6328125, 5.015625, 0.4072265625, 1.9736328125, 1.255859375, 0.00015842914581298828, 0.138671875, 1.900390625, 1.3662109375, 5.625, 0.42919921875, 4.8671875, 0.216796875, 7.1640625, 1.42578125, 3.61328125, 5.8984375, 0.8349609375, 0.00020515918731689453, 0.2330322265625, 0.8291015625, 4.55859375, 4.71875, 0.0078887939453125, 6.43359375, 1.5859375, 3.189453125, 7.39453125, 0.0247344970703125, 0.04620361328125, 2.833984375, 8.749961853027344e-05, 0.20654296875, 1.8837890625, 4.375, 0.6240234375, 0.0472412109375, 7.05859375, 0.0218505859375, 0.0196380615234375, 0.442138671875, 3.170967102050781e-05, 0.041229248046875, 0.578125, 2.966796875, 5.28515625, 1.19921875, 1.5791015625, 2.8252601623535156e-05, 0.05126953125, 0.5771484375, 5.44140625, 2.482421875, 7.653236389160156e-05, 0.04473876953125, 1.4404296875, 0.067138671875, 7.24609375, 0.54541015625, 0.44775390625, 0.1434326171875, 3.790855407714844e-05, 0.114990234375, 1.2314453125, 0.865234375, 6.3203125, 3.744140625, 0.1107177734375, 5.8515625, 0.316162109375, 5.91015625, 0.98046875, 0.05047607421875, 1.7529296875, 1.7216796875, 4.3203125, 4.265625, 0.338623046875, 5.68359375, 8.2734375, 3.541015625, 8.328125, 9.6640625, 0.433349609375, 7.48828125, 1.837890625, 2.869140625, 1.6328125, 5.71484375, 0.90869140625, 2.705078125, 5.24609375, 5.73046875, 0.71484375, 5.4765625, 7.546875, 2.734375, 4.171875, 8.7890625, 3.0390625, 0.496826171875, 1.3271484375, 0.464599609375, 0.0192108154296875, 5.55859375, 0.81201171875, 3.708984375, 0.0135345458984375, 9.8125, 1.140625, 8.1953125, 4.76171875, 4.02734375, 2.8125, 1.8564453125, 1.7451171875, 11.6328125, 0.007541656494140625, 8.5390625, 0.2193603515625, 10.046875, 0.4052734375, 2.416015625, 3.52734375, 4.83984375, 0.90869140625, 5.7697296142578125e-05, 0.339599609375, 0.79052734375, 0.00019407272338867188, 0.0207977294921875, 0.826171875, 2.392578125, 7.98828125, 7.41796875, 5.4296875, 2.431640625, 0.383544921875, 0.00798797607421875, 2.392578125, 1.2275390625, 4.421875, 2.248046875, 1.791015625, 5.44140625, 5.0234375, 1.802734375, 2.9375, 1.1494140625, 4.0390625, 3.265625, 0.06903076171875, 5.29296875, 0.85302734375, 0.88916015625, 0.68115234375, 1.0615234375, 7.16796875, 0.68212890625, 5.05078125, 7.12109375, 0.1668701171875, 1.0595703125, 3.068359375, 6.8046875, 4.6328125, 3.01171875, 9.8671875, 0.9609375, 14.484375, 5.2890625, 2.462890625, 0.01123809814453125, 0.0034275054931640625, 0.70703125, 6.1328125, 7.39453125, 8.765625, 6.83203125, 5.55078125, 0.062744140625, 3.376953125, 6.84375, 2.578125, 2.02734375, 8.015625, 1.8583984375, 6.24609375, 8.8984375, 2.31640625]",-0.3178902910751047
206,1,test,2.408480921241104,1.0413043039034655,1.4502330496537819,3.8820909585794108,1.678418121423349,2.3375466918761614,11.117060621050953,7.192805255952157,8.509936168670567,17.918946395772917,11.593666366501832,13.71667342976506,2.320001465591354,0.975170879392179,1.3941055969540268,3.7120023449461663,1.5602734070274864,2.230568955126443,10.175689219464546,6.338152865557866,7.651560684120909,16.281102751143273,10.141044584892583,12.242497094593453,2.408480921241104,1.0413043039034655,1.4502330496537819,3.8820909585794108,1.678418121423349,2.3375466918761614,11.117060621050953,7.192805255952157,8.509936168670567,17.918946395772917,11.593666366501832,13.71667342976506,0.46733668341708545,-0.002663316582914521,-0.0076633165829145256,0.3869346733668342,0.001934673366834172,0.001934673366834172,0.3266331658291457,-0.0033668341708542604,0.001633165829145744,0.3811475409836066,0.11938884977706266,0.1713382766784295,0.42798353909465026,0.36180904522613067,0.09614488482512817,0.16982240081878508,0.4242424242424242,0.3811475409836066,0.11938884977706266,0.1713382766784295,0.42798353909465026,18.0,0.0,-1.0,28.0,-1.0,-1.0,34.0,-1.0,-1.0,0.00024170007561219643,-0.0003159483598036577,-0.0007970090085706884,-0.07012860585499947,-0.06809118486138388,-0.05789305521312649,"[7.3359375, 5.52734375, 0.455322265625, 5.76171875, 1.1142578125, 0.07672119140625, 5.17578125, 0.787109375, -0.0, 0.317626953125, 6.10546875, 0.48681640625, 0.0019969940185546875, -0.0, 0.0001342296600341797, 5.6328125, 0.0282440185546875, 0.0009608268737792969, 0.316650390625, 0.0035247802734375, 0.10882568359375, 7.17578125, 1.33984375, 0.00998687744140625, 1.0224609375, 0.0178375244140625, 1.0132789611816406e-05, 0.021331787109375, 0.04425048828125, 2.455078125, 0.00408935546875, 0.01349639892578125, 0.003681182861328125, 0.007236480712890625, 0.01560211181640625, 0.10968017578125, 0.01715087890625, 0.01580810546875, 0.00012111663818359375, 1.5537109375, 0.043975830078125, 0.005115509033203125, 0.0006756782531738281, 0.019500732421875, 0.0021724700927734375, 0.445068359375, 4.410743713378906e-05, 0.0009212493896484375, 0.0015192031860351562, 0.395263671875, 0.31982421875, 0.12890625, 0.007007598876953125, 0.005718231201171875, 0.00643157958984375, 1.669921875, 0.09185791015625, 0.0008087158203125, 0.024688720703125, 0.091796875, 0.0305023193359375, 0.148681640625, 0.00010967254638671875, 0.0516357421875, 0.638671875, 0.0001385211944580078, 0.0309906005859375, 0.0027523040771484375, 0.4609375, 0.01178741455078125, 3.5762786865234375e-07, 0.01143646240234375, 0.7666015625, 8.344650268554688e-07, 0.0118255615234375, 0.0015840530395507812, 0.093505859375, 0.0192108154296875, 0.00033545494079589844, 0.004108428955078125, 0.373046875, 0.007648468017578125, 0.01473236083984375, 1.9669532775878906e-05, 0.042388916015625, 0.0186309814453125, 0.150634765625, 0.00045609474182128906, 0.00044536590576171875, 1.7762184143066406e-05, 0.12139892578125, 0.0278778076171875, 0.0004031658172607422, 0.046295166015625, 0.00011837482452392578, 0.000698089599609375, 0.0169830322265625, 0.01000213623046875, 0.03375244140625, 0.188232421875, 0.703125, 5.900859832763672e-05, 0.00029158592224121094, 6.75, 7.8984375, 3.484375, 1.224609375, 10.140625, 5.02734375, 5.92578125, 3.060546875, 1.5830078125, 3.37890625, 0.44189453125, 5.33203125, 0.0012664794921875, 7.00390625, 1.927734375, 2.9609375, 3.81640625, 1.556640625, 8.6328125, 0.004314422607421875, 0.432373046875, 1.6689453125, 0.351318359375, 0.042572021484375, 0.439208984375, 9.9609375, 8.078125, 3.68359375, 1.076171875, 2.759765625, 4.73046875, 0.0004413127899169922, 2.712890625, 7.765625, 1.4189453125, 5.81640625, 5.5, 4.2890625, 0.0104217529296875, 6.3359375, 2.86328125, 6.3671875, 2.48046875, 4.921875, 2.0390625, 3.841796875, 7.5078125, 5.0546875, 11.546875, 4.078125, 2.076171875, 6.6640625, 1.4873046875, 6.61328125, 10.1015625, 0.3291015625, 6.58984375, 3.45703125, 0.262451171875, 13.328125, 9.453125, 1.330078125, 3.6953125, 0.050201416015625, 10.7421875, 7.73828125, 2.08984375, 6.3125, 4.3359375, 6.75390625, 4.98828125, 6.33203125, 3.08984375, 9.15625, 3.029296875, 3.109375, 0.00887298583984375, 4.22265625, 5.6953125, 2.189453125, 1.546875, 4.25, 2.732421875, 1.8408203125, 3.599609375, 2.251953125, 4.8203125, 2.98046875, 1.8125, 5.96484375, 0.0200653076171875, 5.93359375, 3.732421875, 3.9609375, 6.20703125, 10.1328125, 2.248046875, 7.3515625, 2.1015625, 1.1904296875, 3.908203125, 0.0838623046875, 0.1473388671875, 2.146484375, 3.72265625, 0.00511932373046875, 8.6640625, 3.14453125, 3.90234375, 6.0625, 2.685546875, 5.796875, 4.23828125, 0.052703857421875, 0.6044921875, 2.849609375, 4.6484375, 5.70703125, 6.46484375, 3.322265625, 1.0927734375, 6.125, 5.59765625, 1.0244140625, 1.2138671875, 1.6455078125, 0.0004436969757080078, 0.193115234375, 0.4072265625, 8.7578125, 1.9228515625, 2.2890625, 0.32421875, 4.1484375, 0.036590576171875, 0.99267578125, 0.759765625, 0.9833984375, 0.00954437255859375, 1.2763671875, 2.5078125]",-1.4957279773032077
378,1,test,3.372343653277175,1.4595048341890948,2.0419438502915166,5.119671971037369,2.215724955530595,3.0999458452612143,29.146756965424213,22.37447013252786,25.364201603194328,44.24870357963365,33.967459838500844,38.506274972725066,3.3810972184991117,1.2975940704871176,1.8938096360395584,4.538385528186727,1.7417370073652587,2.5420263571000783,29.403014952721836,21.37045602605262,24.97793838186085,39.4671341647273,28.685175873896135,33.52743406961188,3.3849402731412077,1.4810182353481869,2.046725188017107,5.138795336944942,2.248385196668491,3.1072045600466964,29.516229751817388,22.804061489076425,25.703996834047764,44.80961304291448,34.61963739015229,39.02212990868391,0.7135678391959799,0.00856783919597981,-0.0014321608040201994,0.5979899497487438,0.002989949748743781,0.002989949748743781,0.48743718592964824,0.00743718592964826,0.00743718592964826,0.43493150684931503,0.11014518206299029,0.17525041345523762,0.4501718213058419,0.457286432160804,0.10640923917834788,0.18516623182691416,0.4797979797979798,0.4417808219178082,0.12041330055028687,0.1786828720317034,0.45704467353951894,22.0,6.0,6.0,35.0,10.0,10.0,46.0,11.0,11.0,0.00020704528739775365,-0.0001467482424096169,-9.036700516621806e-06,-0.000335773069539691,0.00013076050589333477,-1.577387457896151e-05,"[2.88671875, 2.212890625, 0.2330322265625, 0.0401611328125, 3.814697265625e-05, 1.2705078125, 0.01294708251953125, 0.01422119140625, 5.5859375, 3.921875, 0.0233917236328125, 7.5078125, 2.197265625, 5.6640625, 2.591796875, 3.52734375, 2.458984375, 2.677734375, 1.81640625, 7.16015625, 5.21484375, 6.98046875, 3.892578125, 10.7421875, 8.46875, 4.046875, 2.0078125, 2.1875, 3.345703125, 4.5625, 4.39453125, 8.21875, 9.0703125, 0.03472900390625, 5.6953125, 5.55078125, 0.5927734375, 2.876953125, 4.94921875, 2.26171875, 6.8046875, 0.08984375, 0.0252838134765625, 7.265625, 2.708984375, 6.42578125, 8.5234375, 3.705078125, 0.08343505859375, 1.62109375, 0.2607421875, 1.1416015625, 1.71484375, 3.33203125, 0.87451171875, 0.99560546875, 10.59375, 5.58203125, 1.41015625, 0.127197265625, 1.142578125, 0.82470703125, 3.60546875, 1.9375, 3.693359375, 0.03680419921875, 0.7587890625, 7.82421875, 0.1539306640625, 8.5390625, 6.3984375, 5.5859375, 0.77197265625, 1.5380859375, 0.83642578125, 5.5078125, 2.154296875, 1.1396484375, 2.607421875, 0.18408203125, 4.375, 9.96875, 0.73095703125, 6.63671875, 0.26708984375, 6.46875, 2.44921875, 7.46484375, 1.99609375, 0.2083740234375, 6.16796875, 0.302734375, 4.26171875, 5.69140625, 1.21484375, 3.193359375, 2.634765625, 0.0014467239379882812, 0.003238677978515625, 0.1318359375, 4.828125, 7.71484375, 4.33203125, 2.169921875, 5.06640625, 1.845703125, 6.26953125, 1.6669921875, 3.8984375, 0.7333984375, 4.96875, 2.474609375, 0.441162109375, 3.3203125, 3.6796875, 0.5556640625, 2.001953125, 0.164306640625, 6.83203125, 6.45703125, 6.53125, 5.03515625, 6.328125, 0.004852294921875, 1.40625, 4.41796875, 0.050628662109375, 5.7578125, 1.1982421875, 2.36328125, 1.9921875, 0.193115234375, 0.05377197265625, 0.055511474609375, 0.673828125, 2.580078125, 0.97900390625, 4.7734375, 1.53515625, 0.020660400390625, 1.1328125, 0.0024890899658203125, 0.12347412109375, 3.650390625, 9.4140625, 1.140625, 5.9765625, 2.1328125, 6.74609375, 1.2548828125, 0.4921875, 0.00147247314453125, 0.1915283203125, 1.3564453125, 0.353271484375, 6.3671875, 0.77783203125, 10.3359375, 5.1640625, 10.953125, 7.5, 0.01058197021484375, 5.05078125, 7.828125, 2.376953125, 4.20703125, 5.30859375, 5.63671875, 0.011322021484375, 0.2315673828125, 0.00370025634765625, 0.287841796875, 0.2232666015625, 2.70703125, 7.4453125, 8.328125, 5.37109375, 1.7509765625, 4.03125, 8.484375, 12.546875, 3.1953125, 7.375, 2.642578125, 0.06829833984375, 3.76171875, 5.49609375, 8.6328125, 0.25732421875, 3.951171875, 3.533203125, 5.078125, 1.1923828125, 1.0654296875, 5.78515625, 6.01953125, 3.125, 3.611328125, 0.004329681396484375, 0.7197265625, 11.9375, 6.0703125, 4.8359375, 3.48828125, 4.38671875, 5.24609375, 0.6005859375, 8.2578125, 0.260986328125, 6.11328125, 3.287109375, 7.81640625, 2.15234375, 0.0242462158203125, 0.053680419921875, 6.55078125, 1.875, 3.453125, 8.9609375, 0.247802734375, 1.5283203125, 0.00424957275390625, 0.205322265625, 0.374267578125, 6.74609375, 4.17578125, 4.33984375, 6.55078125, 0.00751495361328125, 6.03515625, 0.51708984375, 0.0191192626953125, 1.8779296875, 5.1328125, 8.3359375, 1.2177734375, 0.8544921875, 6.37109375, 2.66015625, 1.677734375, 2.359375, 1.3046875, 6.75, 10.8046875, 0.31591796875, 1.291015625, 6.33984375, 0.71044921875, 10.15625, 8.078125, 3.990234375, 7.94140625, 5.53125, 7.3359375, 1.5322265625, 1.259765625, 0.0001837015151977539, 6.5, 1.611328125, 1.62109375, 7.64453125, 0.473388671875, 7.30859375, 0.07275390625, 2.888671875, 3.185546875, 5.8828125, 3.587890625, 1.5107421875, 0.01523590087890625, 0.0134124755859375, 3.6953125, 5.5, 2.328125, 2.49609375, 0.401123046875, 9.25, 2.64453125, 0.0001354217529296875, 0.0013647079467773438, 0.9814453125, 3.291015625, 3.326171875, 0.1617431640625, 0.11370849609375, 0.0207977294921875, 0.1583251953125, 4.98828125, 3.7421875, 0.00389862060546875, 3.01171875, 8.953125]",-1.0038031400883036
338,1,test,4.861588515671603,2.2635035169249638,2.771827516495444,7.301352494016024,3.3994314811382296,4.162855347651829,129.2293219493507,115.79134231800147,121.14633885553816,194.0824134073274,173.90065063995053,181.943025513668,5.2105137618941875,2.4171232906580373,3.304664316450867,7.236824669297483,3.3571156814694962,4.589811550626203,183.18814911196483,166.8518352974318,176.46303128923253,254.42798487772893,231.73866013532194,245.0875434572674,4.670702325061811,2.2030815064985947,2.98866575350078,7.076821704639107,3.3380022825736284,4.528281444698152,106.77270525205186,94.97835271250706,101.39621080751877,161.77682613947252,143.9065950189501,153.6306224356345,0.8743718592964824,0.004371859296482428,0.004371859296482428,0.8140703517587939,0.009070351758794004,-0.0009296482412060048,0.7085427135678393,-0.011457286432160707,-0.011457286432160707,0.4655172413793104,0.11004368664376307,0.1595543870293593,0.4419753086419753,0.46733668341708545,0.07886550547222326,0.18519978859237762,0.43939393939393945,0.4548494983277592,0.09591794574011314,0.19456028809416637,0.3825503355704698,27.0,8.0,8.0,39.0,5.0,7.0,47.0,4.0,5.0,-8.995410951964116e-05,0.0005003930741700058,-0.00011257533348063734,8.449993189518779e-05,0.00036567484281491147,4.859448318406123e-06,"[8.3828125, 4.19921875, 6.375, 3.447265625, 3.984375, 7.2109375, 6.125, 3.91015625, 4.75390625, 6.6328125, 1.4140625, 0.434326171875, 7.60546875, 5.67578125, 7.72265625, 1.4912109375, 0.490478515625, 5.328125, 4.8515625, 4.5234375, 7.1796875, 5.07421875, 4.46875, 9.9375, 3.728515625, 8.3671875, 6.859375, 3.19140625, 11.375, 12.0390625, 0.3779296875, 7.3203125, 0.529296875, 5.34375, 0.65966796875, 9.5234375, 3.923828125, 7.76171875, 5.9453125, 0.7529296875, 6.890625, 4.9375, 3.009765625, 1.82421875, 0.6474609375, 4.28515625, 4.28515625, 2.095703125, 6.9453125, 8.8828125, 3.931640625, 8.3203125, 0.78955078125, 2.791015625, 11.0546875, 0.11883544921875, 7.91015625, 8.796875, 3.341796875, 12.5234375, 10.28125, 10.703125, 10.546875, 5.4140625, 15.28125, 8.125, 7.75390625, 8.0703125, 5.56640625, 11.6015625, 3.77734375, 4.796875, 4.421875, 7.77734375, 6.46484375, 7.91015625, 4.56640625, 8.6875, 2.517578125, 7.31640625, 5.6328125, 8.078125, 1.419921875, 2.841796875, 5.76953125, 3.890625, 11.4375, 2.408203125, 4.8671875, 10.6484375, 6.09375, 2.740234375, 2.013671875, 0.0011806488037109375, 7.8828125, 7.37109375, 1.7314453125, 0.043975830078125, 0.623046875, 15.1171875, 0.01568603515625, 1.73828125, 9.1953125, 15.1875, 5.3359375, 10.40625, 4.109375, 7.17578125, 3.84375, 12.03125, 2.947265625, 8.6484375, 9.90625, 3.93359375, 10.2890625, 3.064453125, 2.021484375, 5.8515625, 8.25, 6.3671875, 5.92578125, 6.3671875, 4.6640625, 6.84765625, 7.28515625, 0.0264739990234375, 1.021484375, 8.8359375, 13.1484375, 5.20703125, 4.15234375, 1.37109375, 10.1796875, 3.40625, 11.0234375, 0.434326171875, 0.0108642578125, 3.822265625, 10.328125, 3.00390625, 2.802734375, 2.345703125, 7.48828125, 5.42578125, 2.490234375, 5.5625, 6.0234375, 0.64306640625, 7.89453125, 1.93359375, 0.5283203125, 2.869140625, 5.44140625, 4.92578125, 1.3671875, 7.23828125, 0.455078125, 4.46875, 6.75, 0.61572265625, 11.0703125, 5.65625, 0.76123046875, 3.845703125, 3.85546875, 0.1768798828125, 2.828125, 0.031463623046875, 6.96875, 1.3662109375, 5.5078125, 6.44140625, 9.84375, 3.171875, 4.11328125, 4.05859375, 5.9453125, 4.64453125, 2.109375, 4.49609375, 6.32421875, 0.7685546875, 2.806640625, 3.6171875, 1.6904296875, 0.0097808837890625, 3.796875, 4.9921875, 7.77734375, 3.189453125, 2.8984375, 3.216796875, 7.15625, 3.97265625, 3.546875, 1.2490234375, 3.208984375, 5.921875, 0.3583984375, 0.007518768310546875, 0.427734375, 0.72412109375, 3.9140625, 0.07550048828125, 1.7431640625, 11.828125, 0.2322998046875, 2.134765625, 0.84228515625, 2.896484375, 2.169921875, 0.5615234375, 0.00446319580078125, 0.0199432373046875, 0.32666015625, 0.153076171875, 0.55224609375, 2.447265625, 1.205078125, 8.015625, 7.10546875, 6.25390625, 4.7421875, 0.61376953125, 2.28125, 12.5, 7.74609375, 2.427734375, 7.7421875, 0.33203125, 0.005077362060546875, 3.12109375, 5.55859375, 0.9951171875, 0.7666015625, 6.1171875, 6.90234375, 0.34912109375, 3.99609375, 11.953125, 2.216796875, 2.91796875, 2.267578125, 0.209716796875, 0.1561279296875, 4.60546875, 3.552734375, 1.7099609375, 9.6953125, 6.859375, 0.0157623291015625, 0.041107177734375, 0.354736328125, 9.4296875, 4.9921875, 0.81640625, 5.7734375, 0.369140625, 5.00390625, 0.257080078125, 1.8525390625, 8.3671875, 5.98828125, 2.97265625, 4.546875, 4.0, 4.5625, 4.5703125, 7.4453125, 3.244140625, 8.8828125, 2.60546875, 1.828125, 2.52734375, 4.38671875, 4.1171875, 5.265625, 6.046875, 0.451904296875, 10.875, 11.34375, 5.90625, 0.95751953125, 5.625, 0.036163330078125, 3.60546875, 0.5546875, 2.462890625, 0.25732421875, 0.1378173828125, 0.2010498046875, 0.71484375, 1.43359375, 2.37109375, 7.80078125, 6.54296875, 7.46875, 10.53125, 4.39453125, 8.7734375, 3.185546875, 2.1484375, 3.08984375, 13.1640625, 7.33984375, 4.390625, 4.9765625, 8.9609375, 4.70703125, 9.78125, 0.467529296875, 7.203125, 0.0237579345703125, 1.9033203125, 9.8125, 12.296875, 6.5859375, 7.6171875, 3.994140625, 3.537109375, 8.59375, 7.06640625, 0.2010498046875, 0.21484375, 6.57421875, 11.6640625, 8.703125, 10.2421875, 1.09375, 8.484375, 1.37109375, 2.2578125, 0.2252197265625, 0.0728759765625, 0.071533203125, 0.2398681640625, 6.3671875, 7.53515625, 3.634765625, 6.70703125, 6.34375, 5.33984375, 6.21875, 6.68359375, 9.6484375, 3.802734375, 0.66015625, 4.8125, 11.265625, 0.0465087890625, 5.3984375, 8.3359375, 13.6328125, 10.0390625, 3.728515625, 1.9052734375, 4.2734375, 2.3828125, 5.6015625, 4.65234375, 6.33203125, 6.89453125, 0.408447265625, 8.4609375, 1.634765625, 5.48828125, 2.033203125, 5.078125, 8.390625, 6.3203125, 4.91796875, 4.91015625, 1.9970703125, 11.109375, 0.1875, 1.6396484375, 5.80859375, 14.453125, 6.90625, 9.2109375, 1.9072265625, 6.08984375, 1.3466796875, 10.7890625, 2.162109375, 0.89501953125, 1.96875, 0.9384765625, 9.34375, 7.93359375, 6.00390625, 8.8359375, 7.58203125, 2.8203125, 1.935546875, 6.38671875, 10.1875, 8.9765625, 5.34765625, 0.767578125, 7.93359375, 0.5556640625, 4.12890625, 4.4453125, 10.796875, 9.0390625]",-0.9425816160117462
352,1,test,2.8088041189033235,1.257210888789864,1.6888713393201777,5.245357089518254,2.347803467017216,3.1539163565617776,16.590066604022795,11.871083982325498,13.525418414582688,30.98144968221124,22.168891774222317,25.25831149711225,2.3025834159036376,0.8488729339683612,1.2399982751961407,4.1117560998279234,1.5158445249435015,2.214282634278822,9.999983229109983,5.721021121624151,7.1061409116442755,17.857112909124968,10.216109145757411,12.68953734222192,2.8201149179783953,1.225043827695694,1.701131825866602,5.190395554561464,2.2546818914644677,3.1309174709201266,16.778778744685933,11.850099303806068,13.717039631660088,30.88118787365509,21.809998718661472,25.24608521164433,0.5175879396984925,0.012587939698492479,0.007587939698492474,0.40201005025125625,-0.0229899497487438,-0.017989949748743794,0.321608040201005,-0.008391959798994986,0.0016080402010050232,0.40453074433656955,0.10243058278568107,0.1580291296971723,0.4188311688311688,0.371859296482412,0.0711074167831639,0.12645028145737025,0.3434343434343434,0.4046822742474916,0.09082584686852668,0.1577412286412625,0.41946308724832215,18.0,0.0,-1.0,29.0,-2.0,-1.0,34.0,1.0,-3.0,-0.0012466490661072495,-6.346695410681861e-05,-0.000390922305542705,-0.008859818715940548,-0.01040421025238647,-0.009064310115808993,"[8.109375, 6.98046875, 1.716796875, 2.20703125, 0.313232421875, 0.03851318359375, 8.940696716308594e-06, 4.2265625, 0.0031795501708984375, 0.0007648468017578125, 5.34765625, 6.1875, 2.23046875, 1.40625, 5.87890625, 3.69921875, 1.0283203125, 4.45703125, 2.62890625, 0.9794921875, 0.01242828369140625, 4.40234375, 1.9775390625, 0.8447265625, 2.56640625, 2.041015625, 5.3046875, 1.5244140625, 0.45751953125, 2.390625, 0.75146484375, 3.49609375, 5.02734375, 0.043212890625, 2.068359375, 6.02734375, 4.32421875, 0.205810546875, 2.22265625, 3.96484375, 1.533203125, 4.44921875, 1.5400390625, 5.75, 0.376220703125, 8.546875, 3.798828125, 3.875, 4.9609375, 7.3828125, 0.1766357421875, 0.849609375, 2.447265625, 0.002655029296875, 0.0012960433959960938, 0.00013184547424316406, 0.0162506103515625, 0.9248046875, 0.97900390625, 2.25, 1.169921875, 4.9140625, 0.0280303955078125, 0.1363525390625, 1.5634765625, 5.28125, 0.1524658203125, 0.7607421875, 0.7158203125, 7.33984375, 0.630859375, 8.9296875, 4.078125, 12.9140625, 9.984375, 2.138671875, 0.0001035928726196289, 0.007171630859375, 1.2040138244628906e-05, 0.0094451904296875, 0.896484375, 1.69140625, 5.5789947509765625e-05, 0.00408172607421875, 3.7789344787597656e-05, 0.001556396484375, 0.2354736328125, 1.62890625, 9.828125, 3.58203125, 0.68212890625, 7.033348083496094e-06, 0.0024776458740234375, 2.5391578674316406e-05, 0.0036487579345703125, 0.2452392578125, 0.2225341796875, 5.8984375, 2.677734375, 0.07220458984375, 9.59634780883789e-05, 0.006458282470703125, 7.402896881103516e-05, 0.0011138916015625, 0.4365234375, 2.302734375, 0.064697265625, 3.388671875, 7.43359375, 0.286865234375, 5.2734375, 0.1644287109375, 0.00023949146270751953, 0.006542205810546875, 2.586841583251953e-05, 0.001140594482421875, 0.369140625, 3.494140625, 5.710124969482422e-05, 0.0053863525390625, 0.00011622905731201172, 0.0012292861938476562, 0.84228515625, 0.50732421875, 1.2783203125, 0.00010192394256591797, 8.203125, 3.78515625, 4.6875, 0.53369140625, 1.25, 3.6953125, 2.146484375, 2.46484375, 1.9560546875, 0.6611328125, 4.09765625, 0.42919921875, 6.2421875, 9.1328125, 7.4296875, 1.9091796875, 0.5732421875, 5.6875, 0.162353515625, 3.326171875, 4.62890625, 4.6171875, 0.00048351287841796875, 0.005645751953125, 8.475780487060547e-05, 0.004894256591796875, 0.5244140625, 2.8515625, 2.944469451904297e-05, 0.001705169677734375, 0.0003020763397216797, 0.0022373199462890625, 2.30859375, 0.96044921875, 3.751953125, 0.0982666015625, 1.552734375, 5.625, 6.16796875, 1.51953125, 0.1650390625, 8.8203125, 0.62353515625, 4.8359375, 0.09283447265625, 4.375, 2.435546875, 4.0703125, 5.9296875, 2.611328125, 5.3671875, 7.3125, 2.533203125, 12.546875, 0.87744140625, 0.01143646240234375, 1.185546875, 0.23046875, 0.0177154541015625, -0.0, 7.152557373046875e-07, 1.5139579772949219e-05, 1.4662742614746094e-05, 0.50244140625, 0.31591796875, 1.8564453125, 6.48828125, 3.26953125, 7.671875, 0.444580078125, 1.265625, 4.640625, 0.2056884765625, 0.0156402587890625, 4.6875, 2.27734375, 0.615234375, 6.359375, 5.53515625, 8.4765625, 0.096435546875, 4.515625, 2.890625, 3.48828125, 2.064453125, 4.5546875, 0.004581451416015625, 0.57763671875, 3.126953125, 13.09375, 0.36962890625, 3.1640625, 2.310546875, 4.51171875, 4.7734375, 7.84375, 2.232421875, 4.0625, 2.056640625, 5.71875, 2.263671875, 0.85205078125, 4.86328125, 8.6015625, 0.97265625, 6.25390625, 1.1298828125, 8.359375, 3.4296875, 5.39453125, 6.625, 0.9541015625, 5.54296875, 1.6611328125, 3.298828125, 3.947265625, 5.0625, 3.546875, 3.583984375, 2.095703125, 4.0703125, 10.5859375, 1.412109375, 1.611328125, 8.7578125, 0.29248046875, 1.1005859375, 1.83203125, 6.62109375, 6.671875, 0.40087890625, 0.14013671875, 7.50390625, 2.49609375, 0.1363525390625, 7.58203125, 6.69921875, 3.349609375, 1.111328125, 6.39453125, 8.0859375, 6.4609375, 2.306640625, 1.869140625, 0.02313232421875, 3.521484375, 2.267578125, 0.0031642913818359375, 6.5078125, 7.8359375, 5.36328125, 3.736328125, 3.08984375, 0.445068359375, 5.04296875, 1.3984375, 3.6640625, 2.275390625, 1.283203125, 4.3515625, 1.953125, 0.71826171875, 2.412109375, 3.71875, 6.50390625, 9.6953125, 1.3955078125, 6.22265625, 5.80078125, 8.3984375, 5.58984375, 2.939453125, 0.78662109375, 3.40234375, 1.8369140625, 5.19921875, 0.0714111328125, 2.068359375, 0.382080078125, 0.477294921875, 5.625, 0.98583984375, 0.6298828125]",-0.6752494928520476
65,1,test,3.2386957742702003,1.4396825069816093,1.9543431270257945,5.232892709353241,2.3261536802619522,3.157711811722233,25.500441717524133,19.456760694031505,21.888112968341275,41.20210258988853,31.437080936189794,35.36551586088475,3.586149844691981,1.4971560088244842,2.1011250941607638,5.273749771605854,2.2017000129771827,3.0898898443540643,36.09483732384201,28.018052820114143,31.679762636971866,53.080643123297065,41.20301885310903,46.58788623084098,3.2436487770399522,1.39122386250955,1.9607146863227343,5.148648852444369,2.2082918452532545,3.11224553384561,25.627058784472695,19.25179852943778,22.01985069498403,40.67787108646459,30.55841036418695,34.952143960292105,0.7185929648241206,-0.011407035175879376,-0.0014070351758793676,0.5979899497487438,-0.012010050251256232,-0.012010050251256232,0.49246231155778897,-0.002537688442211028,-0.002537688442211028,0.41954022988505746,0.10820594007157114,0.17320591903461757,0.40634005763688763,0.44221105527638194,0.10637145627888822,0.1667519567788861,0.4545454545454546,0.42140468227424754,0.11088715305888863,0.17891302487713967,0.3959731543624161,14.0,0.0,0.0,24.0,4.0,-1.0,34.0,2.0,2.0,0.0008442539090663508,0.00011057699985562004,0.00047285356565752074,-0.0034702284085845747,-0.005748651645681946,-0.006637451437901731,"[1.76953125, 4.3671875, 0.004657745361328125, 0.0254669189453125, 1.2890625, 6.33203125, 8.3671875, 1.4814453125, 0.472412109375, 3.68359375, 0.90869140625, 0.298583984375, 4.25390625, 1.5302734375, 0.300537109375, 0.763671875, 1.2021484375, 0.09295654296875, 0.0673828125, 5.140625, 2.90625, 7.58203125, 1.9189453125, 3.994140625, 0.084228515625, 0.9296875, 4.44140625, 3.62109375, 0.343505859375, 3.9140625, 1.6435546875, 1.6220703125, 0.4267578125, 10.140625, 8.4765625, 4.94140625, 6.77734375, 6.30859375, 3.173828125, 4.93359375, 3.68359375, 5.73046875, 4.125, 2.990234375, 0.7177734375, 6.359375, 9.125, 9.4765625, 10.75, 13.484375, 3.541015625, 9.1796875, 2.06640625, 19.359375, 6.59375, 4.69140625, 0.61279296875, 2.7421875, 3.263671875, 5.05859375, 3.400390625, 1.2890625, 1.3427734375, 0.0016498565673828125, 3.083984375, 6.67578125, 0.7861328125, 4.8515625, 7.7265625, 1.3125, 0.74658203125, 1.658203125, 0.06793212890625, 2.720703125, 10.59375, 1.9775390625, 2.0546875, 0.6494140625, 5.03515625, 2.173828125, 5.203125, 0.47021484375, 8.46875, 1.7294921875, 0.13330078125, 0.42822265625, 7.84765625, 0.2166748046875, 0.56298828125, 8.8515625, 5.29296875, 0.8642578125, 0.61865234375, 7.11328125, 2.587890625, 5.1953125, 0.1845703125, 4.23046875, 4.69921875, 10.71875, 2.11328125, 5.53515625, 2.97265625, 1.8974609375, 3.138671875, 4.71875, 0.0003657341003417969, 8.15625, 0.310302734375, 0.73681640625, 0.379638671875, 5.2734375, 7.95703125, 2.154296875, 2.298828125, 5.8984375, 7.28515625, 2.97265625, 4.11328125, 2.609375, 1.6904296875, 0.031585693359375, 1.1708984375, 5.15234375, 4.4296875, 8.7734375, 1.30078125, 2.98046875, 9.8515625, 4.8203125, 4.93359375, 6.20703125, 0.300048828125, 6.0625, 1.2255859375, 0.4609375, 0.0997314453125, 0.0008325576782226562, 6.65625, 3.55078125, 10.0859375, 3.205078125, 4.1171875, 0.226806640625, 1.1591796875, 2.51171875, 5.78515625, 4.79296875, 4.0625, 3.4375, 9.5859375, 4.3671875, 4.32421875, 9.171875, 5.203125, 6.437301635742188e-05, 0.2459716796875, 1.9638671875, 4.82421875, 4.2890625, 6.1953125, 0.1580810546875, 2.09375, 2.8984375, 0.70703125, 8.453125, 8.3359375, 4.5859375, 3.87109375, 0.11737060546875, 0.005107879638671875, 3.96875, 9.609375, 0.36865234375, 0.69140625, 8.0108642578125e-05, 0.122802734375, 0.474853515625, 6.23828125, 0.0060272216796875, 2.3203125, 0.86669921875, 3.564453125, 2.154296875, 2.458984375, 2.12890625, 0.0272674560546875, 7.57421875, 3.900390625, 5.140625, 2.611328125, 5.1484375, 0.0836181640625, 0.1234130859375, 1.6591796875, 2.73828125, 6.421875, 0.3759765625, 1.517578125, 7.09375, 0.027862548828125, 0.0770263671875, 0.09393310546875, 2.51171875, 0.2230224609375, 7.87890625, 2.58984375, 4.97265625, 6.26953125, 3.44140625, 8.6484375, 0.56884765625, 1.59375, 4.67578125, 4.0, 1.8291015625, 5.640625, 6.1796875, 1.0107421875, 0.8037109375, 0.00019800662994384766, 0.06573486328125, 2.3671875, 0.0004162788391113281, 1.70703125, 0.236083984375, 3.9765625, 5.66796875, 0.07806396484375, 4.12890625, 0.63671875, 2.2734375, 2.287109375, 8.5234375, 0.68359375, 0.7861328125, 1.1533203125, 0.0767822265625, 0.05780029296875, 0.0016946792602539062, 1.0595703125, 3.1015625, 2.58984375, 0.166748046875, 8.1171875, 0.448486328125, 0.9853515625, 1.1767578125, 0.58056640625, 0.0024566650390625, 5.515625, 4.27734375, 0.47216796875, 0.9765625, 2.5272369384765625e-05, 6.628036499023438e-05, 7.4296875, 7.9609375, 0.67138671875, 2.939453125, 0.1651611328125, 7.41015625, 0.0180206298828125, 0.3876953125, 2.349609375, 0.1712646484375, 1.150390625, 5.9921875, 0.2763671875, 4.5234375, 0.216064453125, 0.453857421875, 0.003749847412109375, 2.130859375, 0.61279296875, 6.66796875, 3.705078125, 8.5078125, 5.4453125, 2.291015625, 5.859375, 0.06884765625, 0.005672454833984375, 3.353515625, 8.421875, 6.2421875, 1.5341796875, 7.98046875, 1.5458984375, 3.4609375, 12.09375, 2.70703125, 0.197998046875, 0.0888671875, 0.0005145072937011719, 0.032501220703125, 0.0030307769775390625, 0.004558563232421875, 1.0132789611816406e-05, 2.384185791015625e-07, 0.0002751350402832031, 6.079673767089844e-06, 5.0902366638183594e-05, 7.89453125, 0.425537109375, 4.12890625, 5.140625, 0.0032558441162109375, 2.517578125, 4.1875, 10.015625, 8.9296875, 0.050079345703125, 6.1875, 7.64453125, 0.410888671875, 4.01171875, 3.306640625, 5.9765625, 4.3125, 3.71484375, 1.935546875, 1.3291015625, 6.203125, 1.5966796875, 9.125, 0.13134765625, 0.0745849609375, 0.0024871826171875, 0.1666259765625, 2.75, 2.365234375, 4.74609375, 2.861328125, 2.609375, 9.265625, 1.8095703125, 0.2178955078125, 2.13671875, 7.61328125, 3.080078125, 4.42578125, 1.1923828125, 1.3251953125, 10.8671875, 0.01195526123046875, 0.025146484375, 0.00428009033203125]",-1.0520776174534325
466,1,test,2.8001347389272464,1.1162217328304886,1.496699355040128,5.615323965698187,2.238444657772969,3.001445480806278,16.446862654441453,11.06027009879223,12.764938867090002,32.98214930164872,22.180004015319902,25.59850643776651,2.814587055139206,1.0540676892702303,1.4951231972855739,5.071328027277849,1.8992210617481629,2.693915670784818,16.686283842275632,10.870826882213036,12.944868933062628,30.065376292388525,19.58707546344691,23.324088167680408,2.6866757861746593,1.0869159706460194,1.5391111042985948,5.483011808519713,2.218195858461264,3.141043069997132,14.682785984998153,9.730943059222255,11.532274922073304,29.96486935713909,19.85906746780052,23.535254943006745,0.5527638190954773,-0.012236180904522609,-0.0022361809045226,0.4824120603015075,-0.0025879396984924696,-0.007587939698492474,0.39698492462311563,-0.0030150753768843908,-0.0130150753768844,0.40053763440860213,0.092741935483871,0.14051808406647115,0.41239892183288407,0.4170854271356784,0.10552763819095479,0.1624790619765495,0.4242424242424242,0.39799331103678925,0.10367892976588622,0.16387959866220736,0.38926174496644295,26.0,14.0,13.0,38.0,15.0,13.0,44.0,12.0,12.0,0.00047598375477431,-0.00036498812463130843,0.00022575746653162126,-0.09990125650382087,-0.08721146568861204,-0.10126804759936991,"[7.05859375, 1.3818359375, 2.337890625, 0.296142578125, 0.0770263671875, 0.00011336803436279297, 1.076171875, 0.0016069412231445312, 0.0085906982421875, 4.89453125, 2.341796875, 4.015625, 8.2109375, 1.076171875, 6.421875, 0.0819091796875, 9.140625, 0.7255859375, 0.693359375, 1.056640625, 7.4453125, 2.087890625, 5.8828125, 0.69384765625, 1.392578125, 5.6015625, 7.453125, 2.6484375, 0.724609375, 8.09375, 2.166015625, 6.36328125, 3.25, 10.046875, 6.6640625, 0.30419921875, 1.6181640625, 0.74560546875, 0.79833984375, 0.94482421875, 6.08203125, 0.98388671875, 1.5419921875, 9.0703125, 0.10614013671875, 0.12188720703125, 6.08203125, 3.326171875, 0.8251953125, 0.03070068359375, 4.20703125, 5.08203125, 0.11456298828125, 0.43603515625, 0.84130859375, 3.61328125, 8.0546875, 4.234375, 3.03125, 8.828125, 0.189453125, 1.314453125, 0.7939453125, 1.8212890625, 4.6328125, 4.5703125, 3.171875, 6.21875, 6.00390625, 0.375244140625, 5.15234375, 5.3828125, 9.109375, 4.421875, 7.83984375, 9.8671875, 8.015625, 8.6796875, 3.775390625, 8.703125, 2.375, 0.1812744140625, 0.040740966796875, 0.034637451171875, 0.68408203125, 0.1688232421875, 0.2490234375, 0.03887939453125, 0.01116180419921875, 8.0859375, 0.4189453125, 0.01032257080078125, 0.017547607421875, 0.006626129150390625, 0.2144775390625, 0.004894256591796875, 0.0177764892578125, 0.007030487060546875, 0.00505828857421875, 3.482421875, 0.450439453125, 0.017608642578125, 0.01045989990234375, 0.0016326904296875, 0.06878662109375, 0.0035190582275390625, 0.019073486328125, 0.005245208740234375, 0.00867462158203125, 5.0859375, 0.50244140625, 0.014495849609375, 0.003101348876953125, 0.0014963150024414062, 0.042388916015625, 0.00156402587890625, 0.00864410400390625, 0.0062103271484375, 0.005672454833984375, 6.46484375, 0.414794921875, 0.022125244140625, 0.0032863616943359375, 0.0014209747314453125, 0.03009033203125, 0.0005817413330078125, 0.00736236572265625, 0.004726409912109375, 0.002960205078125, 5.66015625, 2.216796875, 9.078125, 0.3974609375, 3.353515625, 2.576171875, 0.004993438720703125, 3.568359375, 9.9296875, 0.161376953125, 1.77734375, 5.375, 0.019195556640625, 5.15234375, 11.4375, 6.19921875, 10.0390625, 0.6708984375, 2.736328125, 0.0374755859375, 0.00444793701171875, 0.06378173828125, 0.004547119140625, 0.0142974853515625, 0.006561279296875, 0.001255035400390625, 4.6484375, 1.5400390625, 2.38671875, 0.01520538330078125, 3.97265625, 10.3828125, 2.673828125, 3.158203125, 2.451171875, 5.046875, 5.5390625, 3.138671875, 3.130859375, 4.953125, 3.529296875, 0.0100250244140625, 2.859375, 1.763671875, 6.7421875, 0.8046875, 4.0859375, 5.66015625, 4.953125, 2.142578125, 3.3515625, 8.4296875, 0.2666015625, 1.6376953125, 8.6328125, 6.171875, 6.5703125, 1.2470703125, 6.05078125, 3.18359375, 3.3671875, 9.578125, 3.90234375, 4.3046875, 0.220703125, 0.1494140625, 6.12890625, 3.294921875, 0.231201171875, 0.002773284912109375, 7.6953125, 2.69140625, 3.56640625, 1.2001953125, 0.0262603759765625, 0.0006957054138183594, 0.0084991455078125, 0.0005626678466796875, 0.01496124267578125, 0.0033206939697265625, 0.0006852149963378906, 5.6796875, 0.1766357421875, 0.01058197021484375, 0.00035262107849121094, 0.00017070770263671875, 0.016082763671875, 0.00020301342010498047, 0.0010385513305664062, 0.001903533935546875, 0.0004367828369140625, 6.234375, 0.148193359375, 0.00807952880859375, 0.001522064208984375, 0.00036025047302246094, 0.01568603515625, 0.0004227161407470703, 0.0023651123046875, 0.0026531219482421875, 0.0007700920104980469, 4.48046875, 0.33935546875, 0.00859832763671875, 0.0009756088256835938, 0.00015091896057128906, 0.014892578125, 0.00022840499877929688, 0.0015668869018554688, 0.00269317626953125, 0.0010433197021484375, 4.57421875, 1.3330078125, 5.1875, 10.421875, 0.9697265625, 1.646484375, 0.7216796875, 0.97900390625, 3.53515625, 2.505859375, 5.31640625, 0.03851318359375, 4.984375, 3.51171875, 3.462890625, 7.44140625, 0.0675048828125, 10.890625, 5.94921875, 5.625, 6.14453125, 0.1488037109375, 0.3974609375, 1.4560546875, 6.3828125, 5.28125, 5.3125, 0.5234375, 5.75390625, 0.0289154052734375, 2.349609375, 0.0806884765625, 1.865234375, 2.0703125, 10.328125, 6.234375, 2.51171875, 0.59375, 0.40869140625, 7.76171875, 2.783203125, 4.390625, 0.0386962890625, 1.5205078125, 1.642578125, 0.0003781318664550781, 2.41015625, 8.046875, 0.3193359375, 1.783203125, 2.865234375, 12.2734375, 5.38671875, 1.6162109375, 8.3828125, 1.486328125, 3.177734375, 0.497314453125, 7.44921875, 4.5625, 0.45556640625, 3.58984375, 0.1832275390625, 3.083984375, 2.126953125, 5.484375, 4.98828125, 0.76708984375, 0.0281524658203125, 0.138671875, 0.9228515625, 1.7587890625, 5.88671875, 8.984375, 1.5224609375, 1.9609375, 3.76953125, 6.21484375, 0.01476287841796875, 0.0247039794921875, 9.28125, 3.6953125, 0.703125, 0.619140625, 5.25, 2.0, 3.080078125, 0.039031982421875, 0.001667022705078125, 0.016754150390625, 0.0031833648681640625, 0.0272216796875, 0.0040435791015625, 0.0017080307006835938, 4.140625, 1.4365234375, 5.3359375, 9.59375, 0.33935546875, 5.296875, 1.3115234375, 4.234375, 1.8076171875, 1.013671875, 4.453125, 1.046875, 6.7109375, 2.607421875, 0.79736328125, 5.3671875, 4.24609375, 2.205078125, 3.833984375, 6.0625, 5.45703125, 1.09375, 6.90625, 2.5546875, 2.796875, 0.95458984375, 7.4765625, 3.984375, 9.71875, 1.4462890625, 2.728515625, 9.984375, 1.4306640625, 9.3828125, 4.62109375, 2.595703125, 6.15625, 1.5673828125]",-0.6382075939127194
278,1,test,3.0258554693311455,1.2530316334612983,1.7540160663898363,4.784727121454669,1.9813948489708215,2.773591907936638,20.611629788413556,14.724174671437929,17.04422135578617,32.592774197442125,23.283054529712196,26.9516997793466,3.1022194707812973,1.2479997395484224,1.764097574784223,4.463625137814817,1.795683078486939,2.538269891775861,22.24727370030216,15.860560747006279,18.435396024637555,32.010465755830445,22.82095071511695,26.525749675737487,3.0117662551012327,1.2665969253783778,1.7619849094696578,4.681501950934559,1.968803510950846,2.7388366468440273,20.323264312354265,14.596393189530286,16.833684450197275,31.590566288633575,22.688694076990082,26.166348886317007,0.6683417085427136,0.013341708542713548,0.013341708542713548,0.5276381909547738,0.01263819095477381,0.007638190954773805,0.40201005025125625,0.007010050251256228,-0.007989949748743785,0.40625,0.08955733229329177,0.14117723492723488,0.4106583072100314,0.3869346733668342,0.07866399667510482,0.12149226936015634,0.398989898989899,0.4046822742474916,0.09082584686852668,0.15551653453670178,0.40604026845637586,19.0,7.0,7.0,30.0,7.0,6.0,38.0,8.0,7.0,0.0004280512620191578,0.0001345145872780389,0.00015454540547285374,0.0004241076157285306,2.2301804499136324e-05,-0.00011390146970313708,"[2.88671875, 1.2119140625, 0.349609375, 0.021087646484375, 0.0001302957534790039, 1.0205078125, 0.00885009765625, 0.0287628173828125, 2.625, 8.84375, 0.329345703125, 3.626953125, 6.62890625, 4.80859375, 6.55859375, 2.947265625, 2.259765625, 8.8203125, 2.515625, 5.4609375, 1.03515625, 0.96435546875, 0.0023250579833984375, 7.6640625, 8.0078125, 1.654296875, 5.15625, 0.19775390625, 0.7529296875, 3.224609375, 0.00678253173828125, 0.353271484375, 0.3466796875, 7.70703125, 5.4453125, 3.259765625, 3.736328125, 5.6953125, 4.34375, 4.02734375, 5.73828125, 2.287109375, 11.484375, 5.98828125, 1.578125, 3.478515625, 0.00020051002502441406, 0.489990234375, 0.53271484375, 6.74609375, 1.30859375, 5.27734375, 0.041839599609375, 7.71484375, 1.12109375, 6.125, 0.152099609375, 3.30859375, 0.1964111328125, 8.4921875, 3.091796875, 1.494140625, 6.1640625, 2.46484375, 2.447265625, 5.97265625, 4.38671875, 10.9609375, 2.13671875, 2.1484375, 5.26171875, 0.332275390625, 5.40234375, 2.359375, 6.61328125, 14.015625, 0.006439208984375, 8.4765625, 0.0621337890625, 0.323486328125, 7.05859375, 0.347900390625, 6.77734375, 1.890625, 6.89453125, 8.1640625, 6.02734375, 5.52734375, 2.865234375, 4.09765625, 0.089599609375, 0.0013856887817382812, 0.70458984375, 10.0703125, 2.650390625, 0.0236358642578125, 1.9013671875, 2.15234375, 4.8046875, 0.60009765625, 0.2210693359375, 0.059356689453125, 1.1923828125, 0.1387939453125, 2.9921875, 1.490234375, 0.473388671875, 0.9130859375, 0.7041015625, 0.01395416259765625, 0.00244903564453125, 0.050079345703125, 9.140625, 5.48046875, 0.482666015625, 7.078125, 1.265625, 0.042083740234375, 1.875, 5.93359375, 0.865234375, 0.7001953125, 5.32421875, 0.08099365234375, 7.33984375, 3.08203125, 0.143310546875, 0.802734375, 2.0859375, 4.32421875, 2.271484375, 9.546875, 0.58935546875, 1.541015625, 2.287109375, 5.609375, 0.001659393310546875, 0.0016069412231445312, 0.1298828125, 6.828125, 2.533203125, 2.455078125, 1.34765625, 0.5390625, 8.21875, 0.5009765625, 0.12109375, 7.75390625, 3.279296875, 0.712890625, 2.865234375, 5.7578125, 1.4990234375, 1.216796875, 3.384765625, 1.4462890625, 1.7236328125, 0.00025653839111328125, 1.6240234375, 8.9609375, 5.0, 1.640625, 5.703125, 2.90234375, 10.015625, 8.6484375, 0.56298828125, 0.52197265625, 6.01953125, 2.435546875, 0.451416015625, 2.7265625, 6.140625, 0.000606536865234375, 2.62890625, 5.13671875, 1.0703125, 5.21484375, 1.4267578125, 4.6171875, 7.34765625, 1.3271484375, 1.0478515625, 0.81640625, 0.365966796875, 1.4228515625, 6.4921875, 0.01214599609375, 3.8515625, 0.00463104248046875, 3.2186508178710938e-06, 0.30712890625, 0.056976318359375, 0.360595703125, 12.6015625, 3.46875, 0.2763671875, 3.5390625, 0.2249755859375, 0.58447265625, 1.8427734375, 3.259765625, 0.65380859375, 2.05078125, 0.0003719329833984375, 0.1395263671875, 0.697265625, 5.12109375, 2.66796875, 1.3828125, 7.171875, 3.818359375, 0.2978515625, 1.3876953125, 0.0804443359375, 0.90673828125, 8.109375, 0.1009521484375, 6.12890625, 3.21484375, 0.509765625, 4.05859375, 8.921875, 0.2271728515625, 0.02032470703125, 0.73193359375, 2.177734375, 4.80859375, 6.359375, 0.5908203125, 1.61328125, 1.3113021850585938e-06, 0.1448974609375, 1.8046875, 3.673828125, 4.32421875, 8.1328125, 5.7265625, 10.453125, 10.7578125, 0.397216796875, 1.8935546875, 3.201171875, 3.740234375, 5.07421875, 0.19287109375, 6.15234375, 0.37255859375, 0.0113983154296875, 0.58935546875, 8.5546875, 2.0390625, 0.002887725830078125, 0.041168212890625, 0.07672119140625, 1.8212890625, 2.357421875, 4.5859375, 2.091796875, 4.2578125, 10.3203125, 3.1796875, 0.0241851806640625, 5.828125, 6.58984375, 3.60546875, 4.45703125, 5.20703125, 7.0078125, 2.498046875, 7.152557373046875e-07, 0.185791015625, 0.8935546875, 2.212890625, 0.00083160400390625, 2.521484375, 2.8828125, 0.09820556640625, 0.0953369140625, 5.390625, 0.75634765625, 7.43359375, 6.796875, 3.287109375, 1.2197265625, 7.3125, 5.08203125, 0.11004638671875, 3.1484375, 7.40234375, 0.55908203125, 0.0003662109375, 0.01294708251953125, 0.131103515625, 3.369140625, 2.21875, 0.427001953125, 4.23828125, 1.931640625, 4.359375, 4.62109375, 2.44921875, 2.1796875, 1.623046875, 7.271766662597656e-06, 0.2271728515625, 3.482421875, 3.898143768310547e-05, 0.5986328125, 0.1492919921875, 2.671875, 3.837890625, 1.671875, 3.2578125, 6.26953125, 8.8828125, 6.92578125, 4.65625, 0.1834716796875, 0.8828125]",-0.7640455488115547
126,1,test,3.4224583208560944,1.4822180181268663,2.055837652355275,5.6226100985492975,2.43507245835128,3.3774475717265227,30.644656898000047,23.684233519578484,26.72258261176655,50.34479347528579,38.90981221073608,43.90138571933076,3.401415521176017,1.455181423144125,2.0359002142096285,5.232946955655411,2.2387406509909615,3.1321541757071207,30.006544899240467,23.00427688906446,26.088803527898257,46.16391522960072,35.39119521394532,40.136620812151165,3.4224583208560944,1.4822180181268663,2.055837652355275,5.6226100985492975,2.43507245835128,3.3774475717265227,30.644656898000047,23.684233519578484,26.72258261176655,50.34479347528579,38.90981221073608,43.90138571933076,0.7537688442211055,-0.016231155778894557,-0.011231155778894553,0.6231155778894473,0.008115577889447279,0.003115577889447274,0.4824120603015075,-0.012587939698492479,-0.0025879396984924696,0.4285714285714286,0.09325396825396826,0.1534391534391535,0.4621513944223108,0.4371859296482412,0.09296482412060303,0.16080402010050254,0.45959595959595956,0.4285714285714286,0.09325396825396826,0.1534391534391535,0.4621513944223108,29.0,17.0,17.0,41.0,18.0,19.0,52.0,18.0,19.0,0.00014602860854624164,2.80617084775442e-05,-0.0001128257305539639,-5.857619511928647e-05,-0.00012331829868550415,0.00012440840417138332,"[7.03125, 1.359375, 0.2252197265625, 0.06805419921875, 1.4384765625, 0.266357421875, 0.054443359375, 9.059906005859375e-06, 1.5224609375, 0.002777099609375, 0.0131072998046875, 7.60546875, 6.2109375, 3.009765625, 8.9609375, 3.0234375, 5.546875, 5.703125, 1.1591796875, 3.36328125, 3.69140625, 8.1484375, 0.84912109375, 0.483642578125, 3.134765625, 3.20703125, 1.322265625, 3.822265625, 5.08203125, 2.474609375, 0.376220703125, 0.638671875, 1.79296875, 2.609375, 1.9580078125, 1.2392578125, 2.13671875, 5.984375, 0.08697509765625, 7.29296875, 1.6845703125, 2.015625, 5.49609375, 0.0016574859619140625, 9.6875, 0.029998779296875, 7.98046875, 0.496826171875, 4.5390625, 4.671875, 2.240234375, 5.28125, 8.734375, 4.3203125, 0.00962066650390625, 0.61181640625, 0.37646484375, 2.669921875, 0.006412506103515625, 5.21484375, 2.69921875, 8.140625, 0.0003731250762939453, 1.765625, 6.15625, 1.6494140625, 6.19921875, 2.267578125, 3.740234375, 5.03515625, 2.033203125, 2.3126602172851562e-05, 0.328857421875, 0.06396484375, 7.0390625, 0.8837890625, 3.587890625, 1.662109375, 2.603515625, 2.158203125, 3.416015625, 0.01030731201171875, 2.5703125, 2.392578125, 4.59375, 0.01160430908203125, 9.1875, 2.41796875, 1.80078125, 5.04296875, 1.412109375, 9.8828125, 0.53271484375, 2.302734375, 4.1484375, 4.46875, 5.8359375, 1.890625, 2.541015625, 0.003864288330078125, 2.7734375, 4.96484375, 6.1875, 0.11309814453125, 6.18359375, 9.296875, 0.460693359375, 0.64208984375, 5.07421875, 5.5234375, 3.1796875, 3.44921875, 4.0625, 0.095703125, 0.93701171875, 10.28125, 8.59375, 9.4765625, 3.919921875, 4.88671875, 0.0027370452880859375, 5.53125, 4.7109375, 6.00390625, 4.703125, 3.099609375, 5.14453125, 2.873046875, 1.2080078125, 7.10546875, 2.720703125, 10.0234375, 6.35546875, 1.6884765625, 3.400390625, 9.546875, 4.3046875, 1.984375, 1.6669921875, 6.3671875, 1.87109375, 9.0625, 0.06732177734375, 1.1796875, 7.5, 6.08984375, 1.103515625, 3.5762786865234375e-07, 0.1376953125, 0.323974609375, 1.111328125, 0.002140045166015625, 2.634765625, 4.64453125, 0.9658203125, 6.89453125, 5.85546875, 7.44140625, 5.1171875, 0.444580078125, 0.78271484375, 6.109375, 5.18359375, 4.84765625, 1.837890625, 9.921875, 2.5546875, 8.9375, 6.3125, 3.775390625, 3.357421875, 1.8681640625, 2.36328125, 1.498046875, 6.453125, 3.080078125, 0.91552734375, 6.9765625, 5.953125, 2.328125, 3.8515625, 6.65234375, 4.59765625, 2.578125, 3.837890625, 3.421875, 5.2109375, 2.40234375, 3.654296875, 3.171875, 0.61962890625, 0.56396484375, 4.3046875, 0.231201171875, 2.5546875, 0.425537109375, 1.26171875, 0.2020263671875, 2.56640625, 0.42919921875, 5.53515625, 2.630859375, 9.765625, 1.703125, 4.5234375, 2.76171875, 0.55517578125, 8.6953125, 0.482421875, 1.041015625, 7.03125, 0.287353515625, 9.609375, 0.4208984375, 4.12109375, 2.158203125, 9.140625, 0.09417724609375, 6.12109375, 0.0238494873046875, 3.615234375, 2.2265625, 0.385009765625, 4.125, 1.978515625, 1.1396484375, 0.76806640625, 0.003704071044921875, 8.2734375, 0.4619140625, 0.6162109375, 5.73828125, 0.662109375, 0.268310546875, 6.703125, 1.8076171875, 8.984375, 0.89892578125, 3.29296875, 7.94921875, 4.15234375, 1.3916015625, 6.3828125, 0.036590576171875, 6.30859375, 1.6884765625, 5.4609375, 4.3046875, 0.3818359375, 6.375, 5.3515625, 3.998046875]",-0.7192338407039642
383,1,test,3.3101178407669067,1.5139625744479779,2.081915169825657,5.730950291477033,2.621188934865156,3.6045098462653162,27.38835274623917,21.36191990956418,23.973266762565064,47.418640575578266,36.98481655984246,41.50595439488877,3.269337129353279,1.4230417424270057,2.0195837679999857,5.403863023724428,2.3521351114495963,3.3381549884297286,26.293904108030567,19.95760166823649,22.804421897881156,43.46099852567036,32.98777135245701,37.69325933534076,3.2865152611876978,1.4973857823026155,2.0721695073944617,5.690086123847357,2.5924888171209464,3.587636759071008,26.749486079808772,20.76524528949829,23.38139629644457,46.31254306354952,35.951767963907486,40.48122343862046,0.7386934673366834,-0.011306532663316604,-0.011306532663316604,0.5628140703517588,-0.012185929648241167,-0.017185929648241283,0.4321608040201005,-0.01783919597989947,-0.00783919597989946,0.4112554112554112,0.08512150196815416,0.1608956990251954,0.3913043478260869,0.4170854271356784,0.09127089079482631,0.15498192129260668,0.38888888888888884,0.4112554112554112,0.09592063803726869,0.16233454794605873,0.3913043478260869,19.0,-3.0,-2.0,29.0,-1.0,0.0,38.0,-5.0,-2.0,-0.0002880709007693207,-0.00011988905811958239,8.997614099390222e-05,-0.005538421164462015,-0.0063235959277019305,-0.006767562236905,"[9.3671875, 11.203125, 1.0576171875, 5.2734375, 4.24609375, 6.27734375, 0.226318359375, 3.146484375, 1.64453125, 1.904296875, 3.779296875, 2.34765625, 1.86328125, 0.258544921875, 6.171875, 3.294921875, 3.30078125, 1.314453125, 2.447265625, 8.96875, 0.83642578125, 4.90234375, 2.22265625, 5.51953125, 2.724609375, 0.0005941390991210938, 0.206298828125, 0.8134765625, 2.22265625, 0.0163421630859375, 0.1995849609375, 6.85546875, 3.7421875, 1.822265625, 5.44140625, 0.1656494140625, 2.28515625, 3.392578125, 3.046875, 4.91796875, 1.21875, 1.0244140625, 1.484375, 3.556640625, 5.3203125, 0.10791015625, 5.1953125, 0.55419921875, 2.9609375, 3.73046875, 2.54296875, 4.171875, 0.03240966796875, 0.9091796875, 0.56640625, 5.3125, 3.73046875, 3.83203125, 4.078125, 5.18359375, 1.4365234375, 3.50390625, 3.021484375, 4.8984375, 7.26953125, 2.041015625, 1.9326171875, 5.53125, 0.08355712890625, 3.076171875, 6.13671875, 1.673828125, 1.9970703125, 1.607421875, 7.1953125, 0.67626953125, 2.4609375, 4.58984375, 1.94921875, 2.009765625, 0.91357421875, 8.0859375, 1.4296875, 2.11328125, 3.6484375, 8.4140625, 4.48046875, 7.19921875, 6.64453125, 0.80029296875, 6.3515625, 4.55859375, 2.392578125, 7.0859375, 2.53125, 6.99609375, 5.59375, 1.5703125, 6.125, 1.9306640625, 5.0234375, 0.6845703125, 2.61328125, 8.3828125, 7.1328125, 1.6337890625, 4.62109375, 0.083251953125, 6.12109375, 0.6396484375, 1.9619140625, 4.79296875, 3.623046875, 1.2666015625, 7.80078125, 0.82373046875, 1.7314453125, 1.388671875, 7.62109375, 0.356201171875, 2.083984375, 1.0087890625, 2.58984375, 1.3203125, 7.66796875, 0.07659912109375, 6.94921875, 7.6328125, 2.201171875, 13.6015625, 2.224609375, 3.91015625, 0.63818359375, 7.01953125, 1.7607421875, 0.0204010009765625, 0.001956939697265625, 8.9765625, 1.0458984375, 8.7578125, 0.02874755859375, 1.39453125, 5.78515625, 1.2607421875, 0.74609375, 4.41015625, 2.22265625, 1.7587890625, 2.091796875, 7.12890625, 5.88671875, 0.5732421875, 4.96484375, 1.578125, 3.421875, 4.5, 2.40234375, 0.49951171875, 2.26171875, 0.0305938720703125, 10.296875, 3.4765625, 2.298828125, 3.16796875, 0.046173095703125, 0.03607177734375, 3.345703125, 13.265625, 2.91015625, 4.88671875, 0.13818359375, 1.39453125, 3.822265625, 8.09375, 3.59765625, 0.291748046875, 0.88916015625, 0.291259765625, 10.546875, 0.0018281936645507812, 0.68603515625, 2.591796875, 3.162109375, 0.00849151611328125, 0.00905609130859375, 0.04083251953125, 0.5185546875, 0.414306640625, 0.0037097930908203125, 0.01192474365234375, 0.93359375, 14.34375, 0.056976318359375, 10.359375, 3.546875, 2.875, 5.296875, 0.630859375, 0.04400634765625, 4.63671875, 0.110595703125, 1.076171875, 0.0002951622009277344, 0.48291015625, 0.2060546875, 0.02008056640625, 0.0416259765625, 0.56787109375, 0.03472900390625, 0.0215911865234375, 0.0001348257064819336, 0.0345458984375, 4.21875, 8.5625, 1.8017578125, 2.275390625, 0.0035266876220703125, 12.3359375, 15.359375, 9.1484375, 3.66796875, 0.68505859375, 4.7109375, 0.86865234375, 6.95703125, 4.67578125, 4.0234375, 10.78125, 3.4453125, 7.27734375, 0.64013671875]",-0.9827913045883179
242,1,test,3.5640944922305495,1.6266150055453108,2.2212349041346338,5.940157487050916,2.711025009242185,3.702058173557723,35.30746773847397,28.366234306443587,31.477487712242013,58.84577956412328,47.27705717740598,52.462479520403356,3.454225876223502,1.466435918180296,2.060572692794312,5.709464258220664,2.423861021785613,3.405905277345971,31.633790731729057,24.334406753546936,27.604246871806236,52.287257407816625,40.22215992321807,45.626854333564026,3.5640944922305495,1.6266150055453108,2.2212349041346338,5.940157487050916,2.711025009242185,3.702058173557723,35.30746773847397,28.366234306443587,31.477487712242013,58.84577956412328,47.27705717740598,52.462479520403356,0.7336683417085428,0.0036683417085427994,0.0036683417085427994,0.5527638190954773,-0.0022361809045226,0.007763819095477409,0.4522613065326633,0.007261306532663325,-0.0027386934673366836,0.4136546184738956,0.10503738400495777,0.14796703502930286,0.4354838709677419,0.4120603015075377,0.09376456215916673,0.13827065209184486,0.4242424242424242,0.4136546184738956,0.10503738400495777,0.14796703502930286,0.4354838709677419,25.0,-1.0,-1.0,37.0,3.0,3.0,43.0,-1.0,-2.0,-0.00038501646225723137,-0.00034506412336233366,-0.0001366852616413926,-0.01612099869965533,-0.017435307129408883,-0.016606621266531896,"[2.12109375, 9.0390625, 0.7978515625, 0.0180816650390625, 0.177490234375, 0.380615234375, 1.1920928955078125e-06, 0.0160980224609375, 0.0004582405090332031, 4.0531158447265625e-06, 1.9462890625, 9.7578125, 3.123046875, 6.984375, 0.174072265625, 7.69921875, 1.12109375, 3.474609375, 0.9013671875, 7.65234375, 10.0234375, 1.7890625, 4.94140625, 1.373046875, 4.46484375, 4.8671875, 1.9736328125, 4.8828125, 5.953125, 1.99609375, 8.765625, 0.67431640625, 13.0703125, 1.5478515625, 0.8984375, 6.2265625, 9.2734375, 2.9765625, 6.2734375, 0.81689453125, 5.86328125, 2.603515625, 0.81689453125, 11.5078125, 6.98828125, 2.4140625, 0.587890625, 1.345703125, 6.84375, 2.921875, 0.2060546875, 5.87890625, 5.50390625, 3.48046875, 4.125, 2.44140625, 0.426025390625, 1.7138671875, 0.023529052734375, 2.86102294921875e-06, 0.052276611328125, 0.7900390625, 3.685546875, 1.4736328125, 2.369140625, 0.074462890625, 0.30908203125, 1.7216796875, 0.0252532958984375, 4.2109375, 5.0625, 5.1796875, 0.68701171875, 4.37109375, 1.7080078125, 4.96484375, 3.404296875, 2.302734375, 10.1796875, 6.11328125, 1.291015625, 4.66015625, 0.12432861328125, 6.5390625, 4.8046875, 2.947265625, 0.0660400390625, 2.080078125, 2.236328125, 2.822265625, 6.66796875, 8.515625, 1.04296875, 2.369140625, 1.82421875, 4.046875, 0.73388671875, 1.125, 9.9140625, 11.1875, 7.48046875, 8.046875, 1.6572265625, 8.328125, 3.384765625, 8.75, 0.09033203125, 3.552734375, 1.3984375, 7.24609375, 0.09136962890625, 1.578125, 4.8515625, 8.5703125, 3.060546875, 7.367134094238281e-05, 0.2685546875, 0.79052734375, 0.0020008087158203125, 2.7418136596679688e-06, 0.016387939453125, 0.79296875, 0.0019626617431640625, 2.384185791015625e-06, 0.0241241455078125, 2.43359375, 8.296875, 0.02484130859375, 3.599609375, 4.34375, 0.263916015625, 3.814453125, 1.826171875, 5.2734375, 7.796875, 6.43359375, 0.00836181640625, 4.47265625, 1.46875, 2.65625, 7.97265625, 1.5712890625, 0.72509765625, 2.22265625, 5.37109375, 10.3984375, 11.75, 2.958984375, 1.6630859375, 10.3359375, 1.4462890625, 2.15234375, 3.005859375, 0.0218505859375, 2.6875, 6.99609375, 2.42578125, 5.16796875, 6.51171875, 6.54296875, 0.1783447265625, 1.92578125, 6.9375, 0.005794525146484375, 0.0171051025390625, 3.06640625, 0.006137847900390625, 4.5078125, 0.857421875, 8.4921875, 0.4091796875, 4.75, 2.029296875, 1.9248046875, 7.91015625, 1.650390625, 1.2763671875, 10.2265625, 3.275390625, 1.076171875, 0.07830810546875, 3.0546875, 4.41015625, 3.857421875, 1.013671875, 8.0, 6.79296875, 0.017913818359375, 5.91796875, 6.88671875, 1.435546875, 8.0546875, 5.80859375, 1.3525390625, 4.35546875, 0.0289764404296875, 1.42578125, 6.08203125, 0.303466796875, 3.296875, 5.71484375, 1.4873046875, 5.953125, 0.044464111328125, 2.05859375, 0.0908203125, 1.134765625, 0.0014448165893554688, 10.609375, 0.0814208984375, 0.1549072265625, 3.703125, 3.52734375, 0.80615234375, 5.15625, 9.578125, 7.66796875, 0.998046875, 8.125, 8.2421875, 0.9345703125, 1.7958984375, 2.95703125, 1.4208984375, 11.4453125, 0.33154296875, 0.01087188720703125, 1.5703125, 3.5703125, 4.328125, 7.953125, 7.75, 0.292724609375, 4.203125, 2.5625, 11.1875, 6.984375, 1.677734375, 3.1484375, 4.86328125, 7.8203125, 1.904296875, 8.03125, 0.9873046875, 8.578125, 3.79296875, 3.61328125, 3.720703125, 0.0184478759765625]",-0.43753247615323954
420,1,test,3.508354444644953,1.618771153262867,2.227094548712227,5.815478834873427,2.683289139919426,3.6916512899849403,33.39327206943228,26.776661161729876,29.79209809636106,55.352978158569805,44.38522638221528,49.383640866250666,3.240795037854257,1.390288488674703,1.9608803433553983,5.269585427405296,2.2606316889019564,3.188423322529103,25.554030094583418,19.19098819454288,21.957697169082298,41.5512684464771,31.20485885291525,35.703572632654144,3.538748272685303,1.6201656661710078,2.240962461319263,5.86532862876017,2.685357457742002,3.714302422076126,34.42380299714103,27.612505661519517,30.76262185652841,57.05602706708458,45.766583969369364,50.987771032920016,0.6834170854271358,-0.011582914572864311,-0.006582914572864196,0.5477386934673367,-0.01226130653266333,-0.01226130653266333,0.4120603015075377,-0.022939698492462357,-0.022939698492462357,0.4144736842105263,0.09644089732528038,0.16119857504022062,0.4092409240924092,0.3869346733668342,0.07193467336683423,0.1323589662120921,0.3484848484848485,0.41137123745819393,0.08970457079152727,0.1583190731962627,0.412751677852349,19.0,2.0,0.0,29.0,1.0,1.0,38.0,1.0,2.0,-0.00028089214540657,0.00017760275456400355,-0.0001523622797405051,0.00048729044062767457,8.427820529455232e-05,-5.782855820246624e-05,"[16.328125, 4.44140625, 2.7734375, 1.4140625, 8.078125, 0.51171875, 8.3984375, 1.3486328125, 4.0859375, 4.625, 2.44921875, 3.9296875, 0.62109375, 4.4296875, 1.439453125, 2.4453125, 6.828125, 0.151611328125, 7.00390625, 0.07037353515625, 5.890625, 11.2734375, 4.04296875, 0.0025539398193359375, 10.4375, 5.140625, 0.623046875, 10.75, 3.771484375, 0.5966796875, 0.06304931640625, 1.6611328125, 4.2421875, 1.642578125, 2.228515625, 0.411376953125, 5.83203125, 5.24609375, 6.7734375, 4.19140625, 0.59228515625, 2.830078125, 2.53125, 9.15625, 0.74560546875, 4.84765625, 0.638671875, 5.9296875, 1.9755859375, 2.46484375, 0.101806640625, 0.625, 9.4140625, 4.02734375, 0.1812744140625, 0.298828125, 4.33984375, 3.3359375, 2.78515625, 0.404052734375, 4.55078125, 2.53125, 5.29296875, 6.01171875, 0.0091705322265625, 0.0648193359375, 0.02215576171875, 8.125, 0.12353515625, 0.304443359375, 4.87890625, 7.26171875, 5.609375, 8.1875, 1.4072265625, 4.890625, 1.2041015625, 1.048828125, 8.6640625, 1.375, 2.67578125, 0.5068359375, 3.00390625, 7.484375, 0.13427734375, 9.3671875, 4.015625, 1.8603515625, 1.921875, 1.103515625, 6.671875, 2.060546875, 0.020111083984375, 0.0740966796875, 0.0029296875, 0.0002579689025878906, 1.9912109375, 1.103515625, 1.6259765625, 0.1578369140625, 5.27734375, 5.7578125, 6.7578125, 9.5, 0.99658203125, 1.2919921875, 5.37890625, 6.19140625, 0.26953125, 2.49609375, 1.17578125, 3.52734375, 0.63818359375, 1.2724609375, 0.005283355712890625, 3.171875, 11.3203125, 3.484375, 4.1015625, 0.2154541015625, 1.1689453125, 3.318359375, 12.1953125, 3.953125, 0.5712890625, 2.197265625, 8.25, 12.0546875, 2.984375, 0.31640625, 2.3828125, 0.0029735565185546875, 0.00868988037109375, 0.274169921875, 3.76953125, 4.44140625, 0.54931640625, 2.087890625, 1.3232421875, 1.00390625, 0.7822265625, 0.400146484375, 0.4169921875, 3.986328125, 7.296875, 2.25, 0.03240966796875, 5.01171875, 1.845703125, 0.0013675689697265625, 0.572265625, 0.1666259765625, 2.880859375, 2.05859375, 6.12890625, 0.7900390625, 0.015838623046875, 1.927734375, 0.135009765625, 5.765625, 0.1221923828125, 3.4453125, 6.30078125, 5.6015625, 0.66455078125, 1.083984375, 3.298828125, 1.966796875, 2.3125, 2.974609375, 3.431640625, 0.0295257568359375, 2.6796875, 13.0703125, 0.22509765625, 8.3203125, 7.0234375, 0.097900390625, 1.150390625, 2.89453125, 2.021484375, 3.3203125, 7.546875, 0.264892578125, 8.6015625, 7.90234375, 5.1015625, 8.109375, 2.900390625, 8.3828125, 1.583984375, 1.0107421875, 2.2421875, 0.1558837890625, 0.0013723373413085938, 0.1678466796875, 4.1328125, 3.4375, 0.11279296875, 5.34375, 4.08984375, 2.65234375, 3.013671875, 6.87890625, 0.9765625, 7.42578125, 3.498046875, 6.5078125, 0.9150390625, 1.9921875, 4.8515625, 1.439453125, 0.0103912353515625, 12.6640625, 4.9453125, 5.7734375, 8.21875, 4.96875, 6.90625, 4.890625, 5.46484375, 1.8212890625, 5.46875, 3.35546875, 5.0859375, 3.34375, 1.7431640625, 9.0625, 3.923828125, 6.36328125, 7.734375, 3.84765625, 3.384765625, 0.011444091796875, 5.52734375, 5.234375, 2.00390625, 2.966796875, 6.48828125, 1.1767578125, 0.46044921875, 1.5439453125, 0.0010957717895507812, 7.97265625, 0.12939453125, 5.796875, 0.1739501953125, 4.29296875, 2.8046875, 8.09375, 0.045867919921875, 2.78125, 7.3828125, 0.02392578125, 1.5654296875, 0.56640625, 3.11328125, 0.01309967041015625, 0.80078125, 9.3359375, 8.484375, 9.265625, 2.91796875, 6.37109375, 1.6865234375, 5.9921875, 0.0025653839111328125, 1.4111328125, 7.8125, 12.8515625, 9.0546875, 1.40625, 2.1796875, 6.89453125, 2.375, 0.09490966796875, 5.74609375, 4.76171875, 4.0546875, 4.33203125, 0.0016698837280273438, 0.060821533203125, 4.03515625, 6.92605972290039e-05, 0.07086181640625, 0.0310211181640625, 11.9140625, 1.126953125, 6.83203125, 14.0546875, 1.216796875, 0.004146575927734375, 0.2236328125, 0.22265625, 6.265625, 5.36328125, 10.71875, 1.8173828125, 4.95703125, 3.513671875, 0.026092529296875, 0.85009765625, 4.05078125, 0.01337432861328125]",-0.6176144884605157
199,1,test,3.531346140752419,1.6209859596622767,2.217723049996699,5.650153825203871,2.593577535459643,3.548356879994719,34.16993421000706,27.414412638497375,30.450308339601353,54.67189473601129,43.8630602215958,48.720493343362165,3.5567919698791886,1.5003394580344103,2.109663871004452,5.557487452936232,2.344280403178766,3.2963497984444556,35.05057329645908,27.232387659957315,30.799684460789216,54.76652077571731,42.55060571868331,48.12450696998315,3.531346140752419,1.6209859596622767,2.217723049996699,5.650153825203871,2.593577535459643,3.548356879994719,34.16993421000706,27.414412638497375,30.450308339601353,54.67189473601129,43.8630602215958,48.720493343362165,0.7437185929648241,0.008718592964824134,0.018718592964824143,0.6281407035175879,0.008140703517587888,0.003140703517587884,0.4824120603015075,-0.012587939698492479,-0.017587939698492483,0.45018450184501846,0.11500954788553408,0.18883480859348467,0.4703703703703703,0.4321608040201005,0.08128361103764437,0.15169335827719566,0.4696969696969697,0.45018450184501846,0.11500954788553408,0.18883480859348467,0.4703703703703703,27.0,15.0,17.0,37.0,15.0,15.0,46.0,18.0,18.0,-3.557363706274047e-05,-4.991459589339394e-05,-3.4537207562338876e-05,-0.00019024471046957814,0.00021210453193631906,5.782182176528039e-05,"[2.859375, 1.2138671875, 0.2264404296875, 2.326171875, 0.380126953125, 0.058837890625, 6.079673767089844e-06, 1.3583984375, 0.0055389404296875, 0.0233917236328125, 1.6240234375, 9.890625, 7.453125, 8.21875, 3.291015625, 5.19140625, 9.390625, 0.13134765625, 9.5625, 1.8642578125, 2.3125, 2.80859375, 6.21484375, 2.541015625, 5.1875, 1.9326171875, 2.15625, 2.36328125, 7.17578125, 0.0248870849609375, 8.5, 4.12890625, 6.31640625, 0.02386474609375, 4.2578125, 0.90234375, 0.06121826171875, 2.728515625, 4.23828125, 0.00882720947265625, 7.484375, 2.87890625, 1.357421875, 7.6015625, 0.2744140625, 2.6484375, 7.484375, 5.75, 0.5517578125, 9.3046875, 2.359375, 0.242919921875, 0.058197021484375, 3.646484375, 0.55908203125, 1.8369140625, 6.82421875, 3.298828125, 0.82763671875, 4.15234375, 0.9384765625, 9.6328125, 2.548828125, 5.4140625, 5.41015625, 1.3203125, 2.748046875, 5.60546875, 0.06646728515625, 9.4140625, 1.404296875, 4.33984375, 6.19921875, 10.5625, 2.76953125, 0.62646484375, 3.2890625, 1.404296875, 1.115234375, 0.07073974609375, 8.375, 4.234375, 3.009765625, 5.0546875, 3.71875, 3.86328125, 0.2139892578125, 3.60546875, 0.276611328125, 3.662109375, 2.056640625, 5.6796875, 0.80615234375, 0.66796875, 4.4609375, 0.179443359375, 5.3046875, 3.6953125, 3.5625, 0.669921875, 5.3984375, 0.9580078125, 7.18359375, 1.158203125, 4.0703125, 0.72314453125, 4.82421875, 1.927734375, 7.63671875, 8.03125, 4.21875, 0.484130859375, 3.255859375, 1.533203125, 5.34375, 5.5, 0.089599609375, 1.1920928955078125e-06, 1.36328125, 5.125, 0.0230255126953125, 0.03521728515625, 0.701171875, 4.84765625, 5.0390625, 4.796875, 6.50390625, 2.693359375, 2.498046875, 5.61328125, 0.69921875, 8.7578125, 1.3974609375, 3.86328125, 5.24609375, 4.44140625, 0.004749298095703125, 3.458984375, 3.08984375, 1.70703125, 4.9609375, 0.1824951171875, 5.84375, 1.412109375, 0.347900390625, 6.81640625, 3.76171875, 7.828125, 0.7607421875, 3.77734375, 12.6328125, 8.25, 5.5, 11.328125, 3.9140625, 6.71484375, 2.64453125, 10.2890625, 6.8359375, 2.201171875, 3.828125, 0.336181640625, 5.8671875, 2.51953125, 5.30859375, 3.28125, 0.66552734375, 1.5966796875, 6.1875, 0.1524658203125, 0.54638671875, 2.662109375, 6.9765625, 6.53125, 0.69091796875, 1.259765625, 5.75390625, 2.095703125, 0.005977630615234375, 2.0265579223632812e-06, 0.6416015625, 0.5029296875, 1.15625, 0.0030803680419921875, 5.65234375, 6.84765625, 4.21484375, 2.927734375, 6.48828125, 1.4208984375, 3.677734375, 10.0390625, 0.08734130859375, 9.1953125, 2.646484375, 1.533203125, 2.103515625, 5.9296875, 9.6953125, 3.48828125, 0.0263519287109375, 10.578125, 1.5517578125, 2.875, 1.314453125, 4.6875, 0.8349609375, 5.6875, 5.98046875, 5.16796875, 6.6953125, 2.201171875, 6.87109375, 2.35546875, 5.83984375, 1.9912109375, 1.7978515625, 0.654296875, 7.75390625, 0.6328125, 5.0234375, 0.361328125, 1.1474609375, 2.205078125, 8.6015625, 6.0546875, 4.1875, 0.2313232421875, 2.47265625, 0.06231689453125, 0.021331787109375, 2.05859375, 1.763671875, 7.42578125, 6.0390625, 2.62890625, 3.5625, 6.65234375, 0.8818359375, 1.3447265625, 2.052734375, 5.3828125, 0.125732421875, 0.264404296875, 4.92578125, 0.41357421875, 2.07421875, 0.8037109375, 7.9921875, 4.54296875, 0.01117706298828125, 0.0355224609375, 0.34765625, 1.0576171875, 0.7509765625, 6.640625, 8.734375, 7.7421875, 5.66015625, 3.38671875, 4.34375, 1.724609375, 1.48046875, 12.8203125, 4.2421875, 1.0, 3.98046875, 7.0703125, 2.806640625, 4.0234375, 1.5]",-0.6375376597541726
79,1,test,2.9271198229209796,1.2257450915033286,1.7151125713047053,4.9677404994716055,2.0802645267227917,2.9107910495856997,18.673769206831754,13.192291432705906,15.31354650657751,31.69205402530875,22.38920317436374,25.989276071162976,3.0138831755623747,1.1511894522805526,1.6502181146370105,4.601348359637213,1.7575411485199277,2.5194169689114663,20.36633261641765,13.925268748967369,16.455833328653238,31.093637582317022,21.259952288499797,25.12340966206601,2.9271198229209796,1.2257450915033286,1.7151125713047053,4.9677404994716055,2.0802645267227917,2.9107910495856997,18.673769206831754,13.192291432705906,15.31354650657751,31.69205402530875,22.38920317436374,25.989276071162976,0.6180904522613065,-0.0019095477386934512,-0.006909547738693456,0.49246231155778897,0.007462311557788981,0.0024623115577889765,0.40201005025125625,0.0020100502512562235,-0.007989949748743785,0.40878378378378377,0.10524246843808394,0.16721075007591857,0.41355932203389834,0.39698492462311563,0.10124557625218833,0.14489811327086188,0.4191919191919192,0.40878378378378377,0.10524246843808394,0.16721075007591857,0.41355932203389834,21.0,5.0,5.0,32.0,7.0,7.0,38.0,5.0,5.0,0.0004180150176035432,-3.339300531350655e-05,8.562136096454052e-05,-0.00036349275698022154,0.0001152664056931485,-2.979210245257491e-05,"[3.783203125, 0.040191650390625, 0.3896484375, 0.0202484130859375, 0.0006041526794433594, 0.7236328125, 0.0200653076171875, 0.01122283935546875, 5.55859375, 0.2412109375, 0.626953125, 2.98828125, 0.72021484375, 0.452392578125, 10.984375, 12.90625, 3.40625, 0.467041015625, 3.62109375, 3.021484375, 0.017242431640625, 3.48046875, 2.818359375, 5.328125, 0.0302581787109375, 0.2083740234375, 3.671875, 3.427734375, 2.412109375, 0.354248046875, 0.2071533203125, 11.6953125, 0.2578125, 2.49609375, 4.0625, 10.203125, 0.51025390625, 3.560546875, 6.50390625, 3.080078125, 0.003711700439453125, 0.13427734375, 1.6826171875, 7.152557373046875e-06, 1.265625, 0.218994140625, 3.40234375, 1.171875, 9.265625, 0.36083984375, 5.23828125, 0.7744140625, 5.10546875, 3.841796875, 0.84521484375, 0.58154296875, 0.658203125, 1.8173828125, 0.2822265625, 2.306640625, 5.90625, 0.46435546875, 0.322265625, 0.50341796875, 3.375, 7.31640625, 2.103515625, 1.2783203125, 5.3828125, 1.943359375, 0.258056640625, 3.134765625, 0.79833984375, 0.19287109375, 6.078125, 6.29296875, 4.2890625, 1.3046875, 2.6875, 7.64453125, 2.1171875, 0.35400390625, 9.484375, 7.00390625, 1.888671875, 0.8564453125, 8.765625, 1.8876953125, 0.005718231201171875, 1.7626953125, 0.1905517578125, 0.80029296875, 7.66015625, 0.40283203125, 0.8544921875, 6.50390625, 5.4453125, 0.5263671875, 0.00018990039825439453, 0.73583984375, 0.60498046875, 2.2411346435546875e-05, 5.5078125, 0.06927490234375, 2.134765625, 5.07421875, 1.5673828125, 7.0390625, 4.609375, 4.50390625, 9.5546875, 3.63671875, 2.037109375, 2.15234375, 6.8203125, 0.80859375, 8.34375, 0.0195159912109375, 1.45703125, 10.0703125, 1.310546875, 6.04296875, 1.130859375, 1.150390625, 6.390625, 1.560546875, 2.509765625, 3.861328125, 4.19140625, 0.5078125, 10.3828125, 1.654296875, 6.48828125, 2.388671875, 6.19921875, 5.6484375, 8.2265625, 1.708984375, 4.71484375, 0.2113037109375, 4.6328125, 3.646484375, 7.69921875, 0.039947509765625, 3.560546875, 4.58984375, 1.54296875, 8.3671875, 1.0927734375, 0.031341552734375, 1.9833984375, 7.765625, 6.74609375, 1.0966796875, 5.609375, 6.9765625, 4.87109375, 9.5367431640625e-06, 0.49560546875, 1.66796875, 5.890625, 1.1962890625, 5.33203125, 1.2890625, 0.84033203125, 1.5927734375, 0.0455322265625, 0.426025390625, 1.0869140625, 0.00566864013671875, 10.40625, 10.359375, 7.77734375, 4.38671875, 0.153076171875, 1.04296875, 9.3671875, 1.5107421875, 9.125, 1.1920928955078125e-06, 0.12078857421875, 1.78125, 0.0133819580078125, 9.894371032714844e-06, 0.00794219970703125, 0.77197265625, 0.83642578125, 3.828125, 9.484375, 4.83203125, 4.5, 0.288818359375, 2.2649765014648438e-06, 0.1199951171875, 1.4306640625, 0.0007243156433105469, 2.491474151611328e-05, 0.0282745361328125, 0.97705078125, 2.189453125, 2.30078125, 1.3203125, 4.3515625, 0.8232421875, 3.2265625, 1.2109375, 1.1826171875, 3.333984375, 0.4423828125, 7.35546875, 4.140625, 1.7490234375, 3.05078125, 0.0279388427734375, 1.3857421875, 5.94921875, 3.552734375, 0.9423828125, 3.67578125, 0.13623046875, 3.15625, 0.01568603515625, 4.71484375, 4.390625, 0.1378173828125, 6.0859375, 3.685546875, 7.55078125, 4.20703125, 2.203125, 0.5712890625, 5.58984375, 0.434326171875, 10.9140625, 0.031494140625, 0.15283203125, 1.859375, 9.6953125, 9.21875, 1.009765625, 1.2177734375, 0.98046875, 5.515625, 6.09765625, 2.115234375, 2.62890625, 0.00830841064453125, 3.4140625, 7.46484375, 4.0234375, 1.5693359375, 4.4453125, 1.4365234375, 1.1328125, 3.029296875, 0.076904296875, 1.6669921875, 5.765625, 0.2122802734375, 1.6455078125, 8.96875, 3.53125, 0.2039794921875, 1.291015625, 0.033599853515625, 0.180908203125, 0.004974365234375, 0.0012378692626953125, 7.05859375, 1.763671875, 1.3720703125, 1.625, 3.447265625, 6.41015625, 1.4775390625, 0.6943359375, 0.0014314651489257812, 4.046875, 3.509765625, 0.0743408203125, 3.62890625, 1.349609375, 0.203857421875, 5.70703125, 2.369140625, 2.26953125, 4.13671875, 0.7529296875, 0.71826171875, 2.388671875, 8.0546875, 3.609375, 2.541015625, 0.254150390625, 2.763671875, 0.213134765625]",-0.7551516576393231
162,1,test,3.488791666231356,1.5096842534327044,2.1105564346041192,6.402507783083917,2.770519454101776,3.8732189514163506,32.74635526374138,25.51007417394001,28.77846223083168,60.09495965983308,46.81519106646134,52.813221896141656,3.7069066709010445,1.5364481404774093,2.197846766089268,5.8839788427000705,2.4388065721863637,3.488645660459156,40.72762751567484,31.96532661438648,36.20515027951066,64.64702780265847,50.73861367362933,57.46849250715978,3.5095242708423067,1.556221168382455,2.1463212905589364,6.157060124284749,2.7302125761095706,3.765475948349012,33.43235925206202,26.380416810785466,29.5236665129013,58.65326184572285,46.28143300137802,51.79590616298475,0.7085427135678393,-0.01645728643216071,-0.01645728643216071,0.5829145728643217,0.0029145728643216184,-0.01708542713567829,0.48743718592964824,-0.022562814070351767,-0.007562814070351753,0.4204204204204204,0.10557784170977569,0.16167916167916163,0.3614457831325302,0.4321608040201005,0.10634626767924837,0.16504895093161964,0.35858585858585856,0.4280936454849499,0.10922887086057598,0.1755908646173192,0.3657718120805369,24.0,-1.0,-2.0,34.0,-2.0,-1.0,44.0,-2.0,0.0,0.0012907090549774648,0.00013676588054706523,0.0004654538448469455,0.0003727715704986423,-2.805402114880451e-05,0.00018514738865160751,"[11.3515625, 8.6484375, 10.0078125, 6.25, 6.44140625, 7.8828125, 10.1328125, 4.69140625, 3.49609375, 6.7578125, 0.61669921875, 1.505859375, 2.173828125, 3.62109375, 0.301513671875, 6.609375, 0.84326171875, 0.83984375, 0.54541015625, 1.1904296875, 0.342529296875, 0.05267333984375, 9.775161743164062e-06, 0.0002956390380859375, 0.003345489501953125, 8.45193862915039e-05, 4.58203125, 6.4140625, 4.51171875, 0.615234375, 7.328125, 3.83984375, 1.431640625, 10.140625, 1.7392578125, 3.455078125, 4.48828125, 6.2890625, 14.4765625, 8.921875, 4.15625, 6.71875, 6.39453125, 5.25, 1.291015625, 5.265625, 1.8935546875, 3.958984375, 7.6953125, 4.2421875, 0.1568603515625, 13.8125, 2.5703125, 4.2890625, 4.30078125, 1.60546875, 8.6640625, 5.6796875, 1.9140625, 0.564453125, 0.06317138671875, 0.141357421875, 3.48828125, 1.0283203125, 8.0234375, 1.1123046875, 0.298095703125, 0.00386810302734375, 0.0276031494140625, 4.6015625, 2.55078125, 9.71875, 4.69921875, 1.7333984375, 7.625, 0.031890869140625, 7.0546875, 5.48046875, 5.28125, 2.330078125, 2.328125, 7.70703125, 0.384521484375, 14.0859375, 10.796875, 7.98828125, 2.1328125, 12.2578125, 0.81689453125, 4.4921875, 7.90625, 0.00921630859375, 7.421875, 5.40234375, 1.3017578125, 4.44140625, 5.5234375, 2.2109375, 0.0006318092346191406, 0.01459503173828125, 4.4765625, 0.6240234375, 10.3203125, 1.5556640625, 6.5, 0.04766845703125, 2.791015625, 0.419677734375, 5.6328125, 0.66943359375, 0.0005426406860351562, 0.0276641845703125, 3.814453125, 1.7294921875, 9.8203125, 4.15625, 0.483642578125, 9.265625, 0.00994873046875, 0.0421142578125, 0.55859375, 1.3564453125, 1.3232421875, 11.109375, 3.77734375, 9.375, 2.515625, 3.62890625, 7.2734375, 7.6171875, 1.2314453125, 0.0010709762573242188, 0.00571441650390625, 2.982421875, 1.4814453125, 4.14453125, 0.471923828125, 0.00029969215393066406, 0.0147705078125, 2.00390625, 0.6474609375, 3.02734375, 6.66015625, 1.51953125, 0.48779296875, 9.765625, 0.64794921875, 6.78125, 5.0546875, 7.91796875, 6.28125, 1.1083984375, 6.14453125, 0.00506591796875, 0.05426025390625, 0.333251953125, 5.26953125, 2.826171875, 2.880859375, 8.203125, 6.8671875, 7.09765625, 0.69580078125, 0.00042247772216796875, 0.00534820556640625, 2.6953125, 3.81640625, 3.345703125, 7.765625, 1.96875, 0.193603515625, 6.00390625, 5.59765625, 2.904296875, 2.58984375, 1.9794921875, 6.37109375, 2.49609375, 2.26171875, 7.90234375, 2.90234375, 3.48046875, 0.5537109375, 0.10687255859375, 2.287109375, 1.4541015625, 7.4375, 1.0244140625, 0.0002237558364868164, 0.01480865478515625, 1.5703125, 3.513671875, 10.09375, 1.7021484375, 4.69140625, 2.0703125, 3.046875, 2.431640625, 3.107421875, 10.59375, 4.1015625, 6.5625, 0.0250701904296875, 0.182861328125, 5.21875, 0.1490478515625, 2.50390625, 7.40234375, 6.34765625, 1.31640625, 0.0006570816040039062, 0.0037937164306640625, 3.8515625, 0.47412109375, 7.6875, 0.07611083984375, 6.222724914550781e-05, 0.005367279052734375, 0.5439453125, 1.859375, 5.0234375, 7.12109375, 6.46484375, 2.0390625, 5.78125, 6.33984375, 2.45703125, 1.548828125, 0.053558349609375, 4.59765625, 0.8603515625, 2.400390625, 0.0007290840148925781, 2.708984375, 2.037109375, 5.7109375, 2.5625, 0.02783203125, 0.99658203125, 5.93359375, 0.0019426345825195312, 0.1287841796875, 9.84375, 0.6455078125, 0.96484375, 3.490234375, 2.23828125, 1.701171875, 7.01953125, 0.1365966796875, 4.62890625, 0.74365234375, 2.173828125, 0.31494140625, 3.37890625, 5.02734375, 4.2890625, 5.35546875, 0.036224365234375, 1.0361328125, 3.078125, 0.9814453125, 1.0859375, 9.0859375, 0.783203125, 0.9677734375, 4.90625, 5.73828125, 5.52734375, 6.67578125, 0.054931640625, 3.4296875, 0.80126953125, 5.109375, 9.5390625, 3.36328125, 2.46875, 6.80859375, 0.203857421875, 4.01171875, 12.2109375, 0.004779815673828125, 0.0089569091796875, 0.52783203125, 0.198974609375, 2.021484375, 0.00904083251953125, 0.1153564453125, 5.6796875, 0.62548828125, 2.73828125, 0.06414794921875, 0.12286376953125, 1.201171875, 6.58984375, 3.33984375, 2.2265625, 0.134765625, 4.4375, 1.6728515625, 9.8515625, 1.84765625, 0.86962890625, 10.1875, 6.04296875, 7.3984375, 10.828125, 0.12078857421875, 4.453125, 1.4189453125, 7.50390625, 0.00800323486328125, 0.452392578125, 8.859375, 4.796875, 0.053436279296875, 1.55859375, 0.75927734375, 6.359375, 8.625, 1.640625, 9.0625, 0.268310546875, 0.7001953125, 0.765625, 4.1328125, 3.55859375, 1.53125, 0.004451751708984375, 0.0100555419921875, 1.1494140625, 0.78125, 2.486328125]",-0.7681615732095621
318,1,test,2.4647919333059023,1.0315836985640316,1.4335468325485523,4.39936699723786,1.84125695034394,2.5587144046070085,11.761034817751128,7.568907849692992,8.956479201746047,20.992079587497653,13.509620406138072,15.986273924046724,2.511186054004497,0.9744501183869878,1.383377790221034,3.954623707093696,1.5345671155700598,2.1785477011354866,12.319533030327285,7.670143460771704,9.230653962782569,19.400839417838245,12.078966079955439,14.536462933515857,2.4844650038109974,1.051410235229575,1.4387675234703092,4.410292906173368,1.866408701590962,2.554025189592265,11.994701418410711,7.803217750618801,9.14931898840054,21.292369381794163,13.85186582950083,16.241394653965457,0.5979899497487438,-0.0020100502512562235,0.007989949748743674,0.4371859296482412,-0.00781407035175874,-0.00781407035175874,0.371859296482412,0.016859296482412023,-0.003140703517587995,0.4019607843137255,0.1001663308063846,0.156308610400682,0.3737704918032787,0.3919597989949749,0.10875177894484955,0.14321188580632715,0.3787878787878788,0.4013377926421404,0.1141925505720236,0.16663256461099474,0.37583892617449666,20.0,-1.0,-1.0,31.0,1.0,0.0,42.0,2.0,0.0,0.0007988272855543288,0.00044761936910188215,7.825483726372147e-06,-0.021966907270362768,-0.025622360284979884,-0.02428757983073826,"[2.12109375, 9.0390625, 0.7978515625, 0.0180816650390625, 0.177490234375, 0.380615234375, 1.1920928955078125e-06, 0.0160980224609375, 0.0004582405090332031, 4.0531158447265625e-06, 6.9453125, 3.71875, 1.5068359375, 1.0009765625, 0.07110595703125, 2.36328125, 1.0966796875, 10.6484375, 9.9765625, 0.44189453125, 6.125, 12.1328125, 2.615234375, 3.41796875, 4.1171875, 0.00144195556640625, 0.1624755859375, 0.144287109375, 2.759765625, 3.376953125, 11.828125, 10.609375, 0.5224609375, 0.1114501953125, 3.2265625, 5.328125, 1.5361328125, 5.765625, 3.919921875, 0.1287841796875, 4.3359375, 4.44140625, 0.0106353759765625, 0.046600341796875, 0.0897216796875, 0.06610107421875, 1.658203125, 1.41796875, 5.2265625, 0.3056640625, 3.78125, 6.1875, 5.65234375, 0.0943603515625, 5.13671875, 7.8984375, 1.1142578125, 7.01171875, 7.515625, 1.2958984375, 0.60546875, 5.359375, 0.08624267578125, 2.109375, 3.76171875, 5.35546875, 3.830078125, 4.05859375, 8.421875, 4.39453125, 6.28515625, 0.7021484375, 0.0020084381103515625, 0.1314697265625, 2.7265625, 4.53125, 0.03179931640625, 0.10089111328125, 0.035308837890625, 0.087890625, 4.7265625, 1.65234375, 2.958984375, 2.642578125, 2.4765625, 4.49609375, 4.08203125, 1.55078125, 1.9638671875, 3.24609375, 4.9140625, 4.47265625, 1.0107421875, 2.158203125, 0.0013990402221679688, 1.2373046875, 1.2255859375, 1.5576171875, 2.296875, 0.0032787322998046875, 2.59375, 2.78125, 0.045684814453125, 3.927734375, 3.328125, 2.947265625, 3.76171875, 8.5625, 0.109375, 5.30078125, 1.439453125, 0.252197265625, 9.0078125, 1.3662109375, 0.1829833984375, 0.1307373046875, 1.4833984375, 3.869140625, 6.22265625, 0.1898193359375, 0.364013671875, 7.640625, 0.06024169921875, 7.3046875, 1.9638671875, 0.2337646484375, 0.032440185546875, 2.373046875, 0.0009965896606445312, 2.62890625, 0.056243896484375, 5.23828125, 0.06475830078125, 2.564453125, 0.25341796875, 1.2607421875, 0.050750732421875, 4.37109375, 0.751953125, 5.203125, 0.2386474609375, 5.2421875, 0.0263824462890625, 0.0006279945373535156, 0.0071868896484375, 0.015655517578125, 0.02532958984375, 0.9482421875, 3.14453125, 3.443359375, 4.0859375, 8.2421875, 2.1875, 1.2421875, 3.318359375, 4.01171875, 7.7734375, 1.6376953125, 0.0699462890625, 0.0885009765625, 0.0172576904296875, 0.0275726318359375, 0.00016224384307861328, 2.4557113647460938e-05, 1.1920928955078125e-07, 3.3020973205566406e-05, 4.291534423828125e-06, 1.1920928955078125e-06, 0.22705078125, 1.2998046875, 0.00017786026000976562, 5.43359375, 0.82373046875, 2.3203125, 3.93359375, 1.2578125, 2.583984375, 1.5439453125, 0.00042128562927246094, 0.005016326904296875, 0.0160369873046875, 0.057220458984375, 0.69482421875, 1.3203125, 1.46875, 2.205078125, 0.00841522216796875, 6.0390625, 0.08380126953125, 4.171875, 0.505859375, 1.052734375, 0.087158203125, 1.5380859375, 4.296875, 0.09136962890625, 4.5234375, 10.3359375, 1.6865234375, 13.7421875, 9.5078125, 0.91162109375, 0.951171875, 0.7744140625, 6.50390625, 4.20703125, 1.5244140625, 1.6689300537109375e-06, 0.177001953125, 1.005859375, 4.9233436584472656e-05, 2.60546875, 0.166015625, 2.28125, 0.0083465576171875, 3.876953125, 0.1546630859375, 1.1083984375, 7.48828125, 2.26171875, 4.19140625, 1.693359375, 7.0546875, 3.109375, 5.10546875, 4.62109375, 4.74609375, 2.900390625, 1.1552734375, 1.6728515625, 3.798828125, 0.1427001953125, 9.8671875, 0.2415771484375, 0.11029052734375, 2.23046875, 0.10540771484375, 3.326171875, 1.3896484375, 5.796875, 4.5625, 1.802734375, 1.67578125, 2.669921875, 0.0166778564453125, 1.1552734375, 0.0024890899658203125, 0.00954437255859375, 0.04193115234375, 0.013153076171875, 4.84765625, 2.9453125, 1.3203125, 2.80859375, 4.649162292480469e-06, 0.361572265625, 1.65234375, 2.7418136596679688e-06, 3.001953125, 0.1690673828125, 2.591796875, 2.75390625, 0.01052093505859375, 3.322265625, 0.46630859375, 0.0008263587951660156, 0.011016845703125, 0.0103302001953125, 0.022857666015625, 0.9873046875, 0.29443359375, 4.34765625, 1.8037109375, 0.045013427734375, 0.10772705078125, 0.2666015625, 0.0110931396484375, 0.26513671875, 1.625, 6.69921875, 2.98828125, 0.3984375, 0.27685546875, 6.5859375, 4.46875, 4.02734375, 8.5390625, 0.93701171875, 5.03515625, 2.095703125, 2.951171875, 0.346923828125, 8.4921875, 4.8359375, 4.3671875, 8.140625, 0.80859375, 2.2890625, 2.6345252990722656e-05, 0.394287109375, 2.451171875, 1.8596649169921875e-05, 2.55078125, 0.05902099609375, 4.58203125, 1.333984375]",-0.7692604863565733
227,1,test,2.8572973970053854,1.181366925267666,1.6405078570473601,4.9930550472922395,2.0644088694071336,2.866746053224175,17.41439907422701,12.070634015332402,14.038068334181808,30.43122262465932,21.093128127803087,24.5311699173076,2.525670293587536,0.8487238382128397,1.2674798472019788,3.977433533208718,1.336572973563527,1.9960312554361872,12.499270637270634,7.15007364160415,8.980222820611509,19.68389076735533,11.259958490715197,14.14208318206537,2.8261457338779667,1.1663806244830208,1.6445866547947268,4.73655709588486,1.954827862262046,2.75629048289619,16.880274212934676,11.62219858611801,13.62082222599135,28.290962368046944,19.478545116398898,22.82819367484584,0.5527638190954773,-0.0022361809045226,-0.012236180904522609,0.40201005025125625,-0.002989949748743781,0.0020100502512562235,0.31658291457286436,-0.003417085427135591,-0.003417085427135591,0.3913043478260869,0.09463285723274395,0.14105996854944958,0.41279069767441856,0.36180904522613067,0.07860102517600531,0.11306113203748291,0.36868686868686873,0.37792642140468224,0.07408668851653533,0.134322416955294,0.4161073825503355,19.0,8.0,8.0,28.0,12.0,13.0,38.0,17.0,17.0,-0.0007733004438725741,-0.00011977757126690673,-0.00031295263927710214,-0.01484386567208773,-0.01711657451781612,-0.013466886366350295,"[3.76953125, 0.0404052734375, 0.439208984375, 0.0208740234375, 0.0006074905395507812, 0.4072265625, 0.0201873779296875, 0.01070404052734375, 2.875, 1.9443359375, 6.83203125, 0.042877197265625, 0.60205078125, 9.8203125, 1.5, 1.23046875, 1.931640625, 12.8203125, 2.26171875, 1.654296875, 10.171875, 0.12017822265625, 4.08203125, 6.5859375, 1.482421875, 3.951171875, 7.38671875, 10.2734375, 9.25, 0.12744140625, 1.12109375, 0.30029296875, 2.93359375, 1.564453125, 0.326904296875, 3.857421875, 0.3203125, 0.65234375, 3.529296875, 13.9765625, 0.71142578125, 0.1517333984375, 0.3271484375, 0.0149993896484375, 0.0053863525390625, 0.006374359130859375, 6.914138793945312e-05, 1.621246337890625e-05, 2.384185791015625e-07, 3.933906555175781e-05, 7.355213165283203e-05, 3.528594970703125e-05, 0.1754150390625, 0.168212890625, 0.1202392578125, 0.290283203125, 3.291015625, 2.83203125, 2.76953125, 3.875, 5.1171875, 5.21484375, 0.58447265625, 3.76171875, 0.0010013580322265625, 1.1474609375, 0.251953125, 4.9140625, 0.92236328125, 3.330078125, 0.0577392578125, 6.421875, 0.430419921875, 0.1298828125, 3.66015625, 7.3359375, 1.2578125, 3.828125, 2.849609375, 5.828125, 5.41796875, 1.966796875, 9.6875, 1.453125, 1.9669532775878906e-05, 0.498779296875, 0.2000732421875, 6.875, 0.427734375, 3.875, 0.3076171875, 4.90625, 1.1474609375, 1.859375, 0.92626953125, 0.7548828125, 0.0118255615234375, 3.43359375, 3.794921875, 1.875, 0.83984375, 5.6640625, 2.408203125, 1.251953125, 0.134765625, 4.5703125, 0.351806640625, 5.55859375, 0.7353515625, 0.5703125, 1.775390625, 6.765625, 3.15625, 3.291015625, 5.1484375, 2.736328125, 4.671875, 0.2454833984375, 0.498291015625, 0.7177734375, 0.006183624267578125, 0.08367919921875, 1.419921875, 0.497802734375, 0.00013315677642822266, 0.52587890625, 0.9521484375, 11.1328125, 1.712890625, 0.028228759765625, 2.18359375, 7.28515625, 1.8486328125, 1.2041015625, 0.0028076171875, 5.7421875, 0.09173583984375, 0.004001617431640625, 1.060546875, 4.88671875, 0.59130859375, 0.098388671875, 0.00037384033203125, 0.19384765625, 5.76171875, 10.890625, 0.078125, 0.22509765625, 1.51953125, 8.7578125, 11.3125, 0.029571533203125, 0.341796875, 1.330078125, 4.1171875, 1.4326171875, 2.943359375, 1.583984375, 5.38671875, 9.0625, 6.0859375, 1.7314453125, 4.756450653076172e-05, 0.17236328125, 0.607421875, 2.583984375, 0.00476837158203125, 1.4609375, 9.953125, 0.148193359375, 0.218017578125, 0.5146484375, 1.1748046875, 4.53515625, 1.0869140625, 1.31640625, 6.421875, 5.953125, 1.7490234375, 2.70703125, 5.5859375, 8.296875, 0.07513427734375, 1.5078125, 3.869140625, 0.50439453125, 0.265380859375, 6.69921875, 0.1083984375, 0.65625, 0.6435546875, 9.059906005859375e-05, 0.43310546875, 0.488037109375, 2.478515625, 5.88671875, 2.615234375, 0.0882568359375, 8.59375, 2.087890625, 7.82421875, 6.96484375, 0.67138671875, 7.19140625, 2.44921875, 3.2734375, 2.56640625, 0.07989501953125, 4.890625, 3.263671875, 0.8388671875, 2.03515625, 0.0001646280288696289, 0.126708984375, 0.671875, 6.78125, 3.1484375, 2.9765625, 0.85693359375, 8.4921875, 3.21484375, 1.84765625, 4.109375, 11.4765625, 9.1953125, 3.505859375, 4.95703125, 1.0068359375, 3.107421875, 5.23828125, 6.17578125, 3.2734375, 0.72509765625, 2.41015625, 4.75, 6.28125, 0.3486328125, 1.2080078125, 2.376953125, 6.22265625, 10.25, 2.375, 1.8037109375, 5.50390625, 4.68359375, 0.97705078125, 6.794929504394531e-06, 0.1585693359375, 0.30615234375, 4.58984375, 14.8671875, 6.45703125, 3.8359375, 0.82958984375, 1.3447265625, 5.15234375, 0.0229339599609375, 0.430908203125, 0.54150390625, 0.01042938232421875, 0.01233673095703125, 1.46875, 7.2109375, 0.1431884765625, 0.92626953125, 1.2880859375, 1.0849609375, 11.25, 6.5390625, 3.826171875, 3.064453125, 3.546875, 0.0794677734375, 1.0234375, 5.625, 1.8251953125, 6.26171875, 3.3671875, 0.9228515625, 3.10546875, 5.03125, 1.8427734375, 5.43359375, 0.002109527587890625, 0.9443359375, 11.390625, 0.2220458984375, 3.28125, 7.52734375, 1.2509765625, 7.62890625, 9.5390625, 4.5, 1.126953125, 3.095703125, 0.0226898193359375, 1.6162109375, 0.58251953125, 0.030487060546875, 0.03265380859375, 1.423828125, 4.1484375, 7.140625, 0.91357421875, 1.0888671875, 2.349609375, 3.8671875, 0.016143798828125, 4.1015625, 7.6875, 0.61962890625, 7.15625, 1.9013671875, 0.94580078125, 7.03515625, 0.166015625, 8.703125, 2.69921875, 6.67578125, 0.182373046875, 0.95068359375, 4.4140625, 3.4296875, 0.3115234375, 0.5732421875, 1.625, 8.59375, 0.876953125, 4.2109375, 0.056427001953125, 0.447509765625, 2.369140625, 4.80078125, 0.474609375, 0.00611114501953125, 3.826171875, 7.47265625, 6.1640625, 0.411376953125, 2.6796875, 0.2271728515625, 0.499755859375, 0.97412109375, 5.35546875, 9.6796875]",-0.9667077299477396
105,1,test,2.9150139779495676,1.3028264716830542,1.7952773622563978,5.608888964468478,2.5068178317211864,3.4543612694450685,18.449070281118573,13.435303393955934,15.385023206028324,35.49855592022125,25.85137687526693,29.60290672056484,2.5829452024632364,0.9841586392591906,1.4427655984200878,4.827934957875208,1.8395488584283939,2.696758127888015,13.2360636971309,8.289037819511645,10.108733701270307,24.740305975945606,15.493528634601205,18.8948293481688,2.947785410520842,1.3529843103258525,1.8331853465819983,5.671945720933206,2.603328431592502,3.5273014599750168,19.063688701231627,14.136339775325297,16.015339910479796,36.68116653547327,27.200267567694883,30.815723000164574,0.6331658291457287,-0.0018341708542712887,0.00816582914572872,0.5125628140703518,-0.00743718592964826,0.002562814070351749,0.36180904522613067,-0.0031909547738693256,0.0018090452261306789,0.41726618705035967,0.11026439171822322,0.16008915355753672,0.46570397111913353,0.4120603015075377,0.09877709348748753,0.14828734658266296,0.43939393939393945,0.40287769784172667,0.09408057037314499,0.15048535334411905,0.4476534296028881,23.0,0.0,-1.0,34.0,-1.0,0.0,40.0,1.0,2.0,-0.0008202235446651074,-0.0005025212249073326,-3.4935394733349336e-05,-0.014249545582956102,-0.015535245980088597,-0.01454352723991903,"[2.111328125, 9.03125, 0.796875, 0.0307769775390625, 0.180908203125, 1.380859375, 2.689453125, 0.00104522705078125, 2.046875, 0.0002624988555908203, 1.4755859375, 6.27734375, 0.0012874603271484375, -0.0, 0.003932952880859375, 0.0031795501708984375, 0.00012123584747314453, 2.337890625, 7.390625, 0.8759765625, 1.8466796875, 7.13671875, 1.03515625, 0.5087890625, 5.3359375, 3.990234375, 2.115234375, 7.0859375, 1.5146484375, 7.4453125, 0.01503753662109375, 5.3828125, 2.158203125, 5.62890625, 1.2236328125, 1.498046875, 5.33984375, 0.7412109375, 5.44921875, 0.0687255859375, 4.828125, 0.88232421875, 9.4375, 3.697265625, 3.46875, 0.005279541015625, 5.359375, 0.4853515625, 3.80078125, 2.193359375, 2.515625, 2.044921875, 0.394775390625, 2.1171875, 1.0654296875, 0.9482421875, 5.26171875, 4.578125, 0.50439453125, 3.95703125, 0.89697265625, 3.33984375, 0.09765625, 1.34375, 0.349365234375, 1.5, 5.1171875, 0.41162109375, 0.003940582275390625, 0.402587890625, 0.326171875, 7.84375, 0.3193359375, 0.364501953125, 0.0011005401611328125, 0.382568359375, 1.2646484375, 5.94140625, 2.310546875, 1.4580078125, 6.64453125, 0.8291015625, 1.5576171875, 9.234375, 3.771484375, 1.271484375, 2.96484375, 4.42578125, 0.436279296875, 5.25390625, 2.431640625, 0.68310546875, 9.59375, 2.755859375, 4.109375, 6.32421875, 2.779296875, 4.38671875, 4.14453125, 0.91064453125, 5.65234375, 0.8095703125, 4.92578125, 0.2158203125, 5.921875, 7.3046875, 0.0029697418212890625, 4.17578125, 3.388671875, 2.576171875, 3.181640625, 4.171875, 4.3828125, 0.443115234375, 2.130859375, 0.1834716796875, 4.58203125, 1.0615234375, 0.003543853759765625, 3.94921875, 0.4169921875, 5.19921875, 0.047454833984375, 2.96875, 6.22265625, 0.70556640625, 1.1123046875, 1.9140625, 0.08526611328125, 0.0016069412231445312, 4.16015625, 2.361328125, 7.18359375, 1.0615234375, 4.984375, 0.06805419921875, 0.005313873291015625, 0.392333984375, 2.408203125, 2.56640625, 3.560546875, 5.89453125, 4.13671875, 2.927734375, 0.14990234375, 0.363037109375, 0.0001308917999267578, 0.00815582275390625, 1.8596649169921875e-05, 1.609325408935547e-05, -0.0, 2.0742416381835938e-05, 0.0002410411834716797, 1.9306640625, 1.64453125, 3.18359375, 6.55859375, 2.9140625, 0.364990234375, 7.98828125, 2.890625, 0.59619140625, 3.697265625, 3.720703125, 6.078125, 2.744140625, 3.203125, 1.3113021850585938e-06, 0.09136962890625, 8.344650268554688e-06, 9.21487808227539e-05, 5.602836608886719e-06, 2.9802322387695312e-06, -0.0, 5.960464477539062e-07, 0.0002522468566894531, 3.1796875, 1.263671875, 0.0001233816146850586, 6.61328125, 1.1708984375, 0.677734375, 7.1171875, 4.02734375, 2.845703125, 0.51611328125, 2.62890625, 7.93359375, 1.3076171875, 8.359375, 2.306640625, 1.9326171875, 4.98828125, 6.04296875, 2.61328125, 2.21875, 10.21875, 4.3671875, 0.88671875, 3.88671875, 5.375, 5.61328125, 1.1650390625, 9.328125, 1.0009765625, 5.6875, 3.892578125, 2.677734375, 5.640625, 0.44189453125, 6.26171875, 0.7119140625, 0.50390625, 7.4453125, 1.1904296875, 10.15625, 5.734375, 2.052734375, 2.755859375, 4.9609375, 0.1673583984375, 5.3359375, 0.52392578125, 8.8359375, 0.6318359375, 7.484375, 1.66796875, 2.359375, 12.5234375, 4.28125, 2.001953125, 8.4921875, 10.265625, 0.1783447265625, 0.043060302734375, 0.0113983154296875, 3.080078125, 7.4296875, 2.126953125, 2.345703125, 4.23828125, 6.51953125, 2.482421875, 5.52734375, 1.07421875, 3.552734375, 8.21875, 4.75, 1.7802734375, 5.6953125, 2.537109375, 0.0024127960205078125, 1.5029296875, 5.15625, 1.5185546875, 4.4375, 0.1580810546875, 4.0234375, 5.76171875, 1.3828125, 0.3271484375, 0.98095703125, 3.990234375, 0.736328125, 1.3486328125, 3.009765625, 7.19921875, 6.296875, 3.9375, 5.63671875, 3.041015625, 1.1318359375, 5.171875, 3.73828125, 1.8544921875, 1.3466796875, 2.27734375, 3.08203125]",-0.8213465719771902
39,1,test,2.428554767625458,0.9502516566510681,1.2163044925123252,5.087183144815433,1.9905271544585532,2.547837831683713,11.342477712797429,6.9569800521756004,7.981438300236224,23.759505945754615,14.573042425083628,16.71901286049483,2.415194685734696,0.9257652300827222,1.333630448574738,5.0316555952806175,1.928677562672338,2.7783967678640376,11.191949058289943,6.757384377010064,8.242659725590556,23.31656053810405,14.07788411877097,17.172207761646995,2.5909412828177514,1.0491619459919173,1.5037395746669662,4.950843215575321,2.0047680496660836,2.873387722293566,13.342324595201413,8.669427058446502,10.376361775454033,25.494887761531363,16.565784188114332,19.827442883033182,0.4522613065326633,0.01226130653266333,-0.0027386934673366836,0.4120603015075377,0.002060301507537665,0.002060301507537665,0.3316582914572864,-0.008341708542713544,-0.0033417085427135396,0.3904282115869018,0.11747223674413443,0.1519140375888568,0.3762626262626263,0.37688442211055273,0.10119519905290864,0.15150879606714707,0.3787878787878788,0.39799331103678925,0.12253421253929342,0.18108563584212856,0.4093959731543624,17.0,2.0,2.0,23.0,0.0,2.0,30.0,0.0,2.0,0.0006187309039635828,0.000403197691738118,0.000251907755390574,-0.06834965525283732,-0.0595184632752499,-0.06507473697235344,"[2.892578125, 2.212890625, 0.25, 0.0423583984375, 3.719329833984375e-05, 0.7880859375, 0.01218414306640625, 0.01407623291015625, 7.58203125, 0.452392578125, 1.5361328125, 0.251220703125, 3.26953125, 2.826171875, 0.3798828125, 2.46484375, 0.27392578125, 0.60107421875, 5.796875, 2.767578125, 4.53515625, 0.0965576171875, 3.34375, 6.53125, 1.515625, 5.09375, 4.8671875, 2.556640625, 5.359375, 7.46484375, 4.17578125, 2.638671875, 10.484375, 1.59375, 0.29150390625, 0.5498046875, 3.498046875, 0.225830078125, 5.265625, 15.1953125, 7.8515625, 8.046875, 7.01953125, 2.12890625, 0.027923583984375, 0.13818359375, 0.026763916015625, 0.00017893314361572266, 4.453125, 0.1759033203125, 10.0859375, 7.82421875, 0.382080078125, 0.00276947021484375, 0.05145263671875, 0.0020503997802734375, 0.00039649009704589844, 2.779296875, 0.392333984375, 6.56640625, 0.4375, 0.00133514404296875, 0.020599365234375, 0.0028839111328125, 0.00037980079650878906, 2.71875, 0.37060546875, 10.4765625, 1.0888671875, 0.431640625, 0.0014944076538085938, 0.020355224609375, 0.0014934539794921875, 0.00189208984375, 3.53515625, 0.177490234375, 9.4375, 7.25, 0.56103515625, 0.00023472309112548828, 0.00396728515625, 0.0007996559143066406, 0.00048279762268066406, 4.62109375, 0.0865478515625, 11.609375, 6.921875, 1.984375, 0.2103271484375, 0.00013720989227294922, 0.0086517333984375, 0.0012025833129882812, 0.0005254745483398438, 3.80078125, 0.201171875, 6.8671875, 3.646484375, 4.75, 0.3251953125, 0.00018453598022460938, 0.0016241073608398438, 0.001781463623046875, 0.0008716583251953125, 4.08984375, 0.09942626953125, 7.30078125, 6.1484375, 6.55078125, 2.2265625, 8.9296875, 10.890625, 0.63134765625, 0.0014142990112304688, 0.0011577606201171875, 3.462890625, 0.07330322265625, 8.9140625, 5.16015625, 0.85693359375, 0.00042629241943359375, 0.003498077392578125, 0.0015935897827148438, 8.559226989746094e-05, 4.0859375, 0.11273193359375, 7.8671875, 2.703125, 0.46240234375, 0.26318359375, 0.0008482933044433594, 0.0084075927734375, 0.0010042190551757812, 7.617473602294922e-05, 4.421875, 0.1441650390625, 4.515625, 6.25, 11.2578125, 0.76025390625, 0.410400390625, 0.0003859996795654297, 0.003025054931640625, 0.0017328262329101562, 0.00010585784912109375, 4.1875, 0.09161376953125, 6.6015625, 4.47265625, 0.701171875, 0.00018930435180664062, 0.007770538330078125, 0.0016527175903320312, 0.0001195669174194336, 3.75, 0.0706787109375, 5.69921875, 4.3828125, 0.3857421875, 0.000453948974609375, 0.00797271728515625, 0.0015363693237304688, 0.00023317337036132812, 3.328125, 0.15478515625, 7.8984375, 10.046875, 4.34765625, 0.11029052734375, 0.00243377685546875, 3.23828125, 0.117431640625, 5.9453125, 0.75927734375, 0.0001289844512939453, 0.0033473968505859375, 0.0032978057861328125, 0.00031280517578125, 2.35546875, 0.06304931640625, 7.78125, 2.080078125, 1.845703125, 0.0015211105346679688, 0.0029506683349609375, 0.0015993118286132812, 9.40561294555664e-05, 4.328125, 0.044769287109375, 9.734375, 5.3828125, 3.396484375, 0.197021484375, 0.00010991096496582031, 0.00136566162109375, 0.0017862319946289062, 8.702278137207031e-05, 5.60546875, 0.044281005859375, 4.578125, 6.3671875, 0.3837890625, 0.0005249977111816406, 0.0034046173095703125, 0.0040130615234375, 0.00014591217041015625, 3.2421875, 0.1585693359375, 10.890625, 0.1671142578125, 0.00011539459228515625, 0.003360748291015625, 0.0012674331665039062, 0.0003542900085449219, 5.296875, 3.109375, 4.40234375, 9.765625, 0.06097412109375, 0.8056640625, 11.46875, 0.7138671875, 1.1962890625, 5.68359375, 6.921875, 1.9326171875, 4.4375, 1.9189453125, 0.69921875, 7.02734375, 0.08599853515625, 7.18359375, 0.06744384765625, 4.26171875, 2.6875, 3.80078125, 6.88671875, 2.546875, 2.24609375, 7.1640625, 6.421875, 0.6015625, 5.1015625, 0.1573486328125, 0.2998046875, 2.9765625, 0.19482421875, 3.251953125, 1.728515625, 2.5546875, 0.0170135498046875, 0.53759765625, 5.34375, 0.0753173828125, 4.765625, 2.486328125, 0.0009937286376953125, 9.53125, 8.9140625, 0.42626953125, 1.7451171875, 1.626953125, 3.34375, 3.931640625, 2.74609375, 6.1953125, 1.3203125, 0.01580810546875, 12.328125, 2.810546875, 5.81640625, 3.421875, 1.2021484375, 4.1875, 6.02734375, 1.8505859375, 2.4609375, 9.34375, 1.005859375, 0.19091796875, 0.004638671875, 0.00037479400634765625, 4.57421875, 0.041351318359375, 4.29296875, 2.21875, 7.1796875, 2.212890625, 0.0021572113037109375, 0.004817962646484375, 3.15234375, 0.053466796875, 6.3515625, 5.22265625, 4.35546875, 4.9375, 0.180908203125, 0.00128936767578125, 0.0036163330078125, 0.0015382766723632812, 0.00020575523376464844, 2.513671875, 0.07568359375, 2.71875, 0.7880859375, 0.0010547637939453125, 0.0041046142578125, 0.0008382797241210938, 9.59634780883789e-05, 2.080078125, 4.05859375, 0.55078125, 0.001781463623046875, 0.0261688232421875, 5.4921875, 4.59765625, 0.0139007568359375, 2.55078125, 9.9375, 1.66015625, 1.310546875, 3.70703125, 0.09930419921875, 0.6708984375, 4.2734375, 1.8701171875, 4.02734375, 0.2587890625, 0.000118255615234375, 0.0013141632080078125, 0.0006885528564453125, 1.7404556274414062e-05, 2.423828125, 0.09716796875, 2.474609375, 0.3564453125, 3.3736228942871094e-05, 0.001575469970703125, 0.0011663436889648438, 1.8596649169921875e-05, 2.025390625, 0.96435546875, 9.1328125, 0.233642578125, 0.00014007091522216797, 0.0013189315795898438, 0.000823974609375, 7.939338684082031e-05, 4.79296875, 0.19873046875, 7.24609375, 3.552734375, 0.8583984375, 0.83837890625, 0.0006756782531738281, 0.0016508102416992188, 0.0016088485717773438, 9.715557098388672e-05, 3.412109375, 3.115234375, 0.47802734375, 0.0435791015625, 0.0213623046875, 8.1484375, 4.48828125, 0.0826416015625, 9.3046875, 4.8671875, 0.0032787322998046875, 1.4697265625, 11.046875, 3.75, 5.53515625, 0.236572265625, 0.00041937828063964844, 0.0017461776733398438, 0.0010623931884765625, 9.894371032714844e-06, 2.349609375, 0.218505859375, 4.89453125, 0.068603515625, 0.00021660327911376953, 0.001605987548828125, 0.001354217529296875, 2.1338462829589844e-05, 4.33984375, 0.2078857421875, 10.7109375, 5.0625, 0.131591796875, 0.0004611015319824219, 0.0014429092407226562, 0.0005898475646972656, 9.799003601074219e-05, 3.943359375, 2.197265625, 8.546875]",-0.5033009109328916
131,1,test,3.416340665831327,1.4464844092424065,2.023706117986608,5.8077791319132555,2.459023495712091,3.440300400577233,30.457755740058303,23.28810991513256,26.432314427045508,51.778184758099115,39.58978685572535,44.93493452597736,3.511946035988966,1.3608366112401509,1.9651400629439482,5.321130357559039,2.061873653394168,2.977484943854467,33.51342269315803,24.919034756433152,28.816977066137202,50.77791317145155,37.75611326732295,43.66208646384424,3.3726817540899168,1.4471892285911812,1.999171187308477,5.684295091162781,2.439082969535699,3.369389641531141,29.156613173745143,22.298087340728195,25.207422888661398,49.140359281592936,37.58104607987898,42.48442059886753,0.7386934673366834,0.008693467336683414,-0.0013065326633165952,0.5979899497487438,-0.012010050251256232,-0.0020100502512562235,0.5125628140703518,0.002562814070351749,0.012562814070351758,0.4424778761061947,0.10816270673947892,0.17260545216115053,0.44378698224852076,0.4623115577889447,0.12145942746313021,0.1851830102096459,0.46464646464646464,0.4381270903010034,0.10924562118581138,0.1733884918582893,0.43624161073825507,27.0,12.0,12.0,42.0,15.0,16.0,49.0,13.0,13.0,0.0004528051006411477,2.404595998108988e-05,0.0002814939401522063,-0.018345140302477247,-0.015895126683494354,-0.01657825076549635,"[2.88671875, 3.212890625, 0.293701171875, 0.0222015380859375, 8.177757263183594e-05, 1.0322265625, 0.0118408203125, 0.015625, 1.5732421875, 11.125, 3.576171875, 9.296875, 1.26953125, 7.4453125, 4.1640625, 5.4296875, 2.212890625, 3.646484375, 3.642578125, 0.287109375, 8.4453125, 10.703125, 0.1573486328125, 6.609375, 2.9296875, 0.468994140625, 4.71875, 3.203125, 1.3837890625, 3.93359375, 1.8193359375, 2.90625, 9.5703125, 8.546875, 3.130859375, 6.9765625, 7.984375, 5.97265625, 9.0703125, 2.98046875, 3.029296875, 0.6982421875, 1.0439453125, 0.423095703125, 3.19140625, 3.896484375, 1.9267578125, 4.26953125, 1.6337890625, 3.23046875, 0.0050201416015625, 5.13671875, 8.0078125, 1.287109375, 8.515625, 5.6953125, 5.2421875, 0.468017578125, 7.296875, 5.73046875, 2.916015625, 6.7734375, 7.234375, 0.5048828125, 2.212890625, 4.46484375, 0.04010009765625, 9.46875, 1.1201171875, 5.0546875, 5.125, 8.7109375, 6.4453125, 5.3671875, 6.9296875, 2.080078125, 3.615234375, 0.174560546875, 3.939453125, 7.83984375, 8.171875, 7.8828125, 5.00390625, 0.53955078125, 5.12109375, 0.35595703125, 4.94140625, 4.28515625, 5.4375, 1.439453125, 3.1796875, 11.46875, 4.15234375, 0.7412109375, 1.1552734375, 6.19140625, 0.345703125, 0.9423828125, 0.2005615234375, 1.5537109375, 5.38671875, 9.078125, 4.12109375, 0.0007648468017578125, 4.37890625, 1.8583984375, 0.00518035888671875, 4.565715789794922e-05, 4.5, 1.8544921875, 0.024444580078125, 0.0004525184631347656, 3.337890625, 0.900390625, 0.03790283203125, 0.00240325927734375, 3.939453125, 0.4296875, 0.03485107421875, 0.004558563232421875, 3.923828125, 2.8984375, 0.8134765625, 5.09765625, 2.134765625, 6.36328125, 4.30078125, 2.951171875, 8.703125, 1.2255859375, 1.20703125, 6.05078125, 4.453125, 4.55078125, 0.31689453125, 0.496826171875, 3.37109375, 3.798828125, 1.3173828125, 1.5205078125, 0.53759765625, 0.00014007091522216797, 3.9296875, 0.8203125, 0.01064300537109375, 0.000675201416015625, 4.1015625, 1.4306640625, 0.0269622802734375, 0.0010128021240234375, 3.771484375, 0.81591796875, 3.38671875, 3.666015625, 0.9765625, 0.65185546875, 0.0212860107421875, 0.025146484375, 10.875, 0.1558837890625, 1.970703125, 4.53125, 2.759765625, 6.48046875, 0.0031604766845703125, 2.728515625, 5.02734375, 6.453125, 1.01171875, 4.0859375, 1.2216796875, 7.3828125, 4.421875, 2.359375, 1.357421875, 7.765625, 0.91748046875, 4.83984375, 3.5625, 9.5703125, 8.1953125, 3.380859375, 4.00390625, 0.34375, 2.779296875, 5.828125, 8.8828125, 9.75, 3.626953125, 0.038360595703125, 1.67578125, 1.4111328125, 6.58203125, 5.5625, 1.99609375, 8.28125, 0.7734375, 3.27734375, 6.19921875, 4.20703125, 4.2265625, 1.205078125, 3.818359375, 4.45703125, 7.5859375, 8.1484375, 2.5, 2.568359375, 1.3017578125, 0.00011932849884033203, 4.78515625, 0.385986328125, 5.95703125, 6.37890625, 0.27294921875, 0.8623046875, 0.255859375, 2.095703125, 8.015625, 6.9296875, 5.36328125, 1.5712890625, 8.0546875, 4.9375, 2.486328125, 1.5986328125, 5.6015625, 0.52490234375, 0.92333984375, 1.158203125, 0.0220947265625, 0.047515869140625, 0.09075927734375, 1.693359375, 3.578125, 0.08099365234375, 2.498046875, 1.1357421875, 13.078125, 5.890625, 4.55078125, 7.29296875, 2.982421875, 3.53515625, 9.1640625, 2.09765625, 3.171875, 1.58203125, 2.201171875, 1.1357421875, 2.8046875, 0.30810546875, 3.029296875, 7.939338684082031e-05, 4.2734375, 1.0419921875, 3.009765625, 5.09765625, 0.080322265625, 3.21875, 0.2010498046875, 1.0771484375, 4.2578125, 0.0986328125, 5.8515625, 1.6630859375, 0.94970703125, 0.26318359375, 0.013763427734375, 4.09375, 2.388671875, 2.333984375, 1.9482421875, 1.4462890625, 8.3125, 3.083984375, 3.029296875, 2.162109375, 1.173828125, 4.28515625, 0.689453125, 2.724609375, 5.30859375, 3.8515625, 5.109375, 7.2109375, 0.80615234375, 5.0546875, 5.9296875, 1.1025390625, 6.828125, 0.8017578125, 0.90576171875, 1.1845703125, 0.86572265625, 7.546875, 0.48681640625, 6.24609375, 6.5, 1.4765625, 3.189453125, 2.0859375, 3.705078125, 2.546875, 0.48291015625, 4.15234375, 0.345703125, 5.1328125, 0.164794921875, 1.2958984375, 3.638671875, 0.1097412109375, 0.0228729248046875, 4.2578125, 1.005859375, 6.17578125, 5.40625, 8.828125, 3.166015625, 4.03515625, 2.28125, 1.927734375, 5.8671875, 6.296875, 13.171875, 1.1142578125, 2.228515625, 6.46484375, 0.0222015380859375, 5.04296875, 6.30078125, 0.367919921875, 1.0712890625, 2.53515625, 0.591796875, 7.98828125, 12.0390625, 3.654296875, 5.14453125]",-0.972375555024386
28,1,test,3.616400564124829,1.5783902238983618,2.204115282748891,6.1595467672835795,2.6883549619946288,3.7541060299723044,37.20341522262227,29.528092507006885,33.09808870421136,63.365816895305024,50.293009173224625,56.373518825237404,3.529783968350396,1.47783808881913,2.0865388305942014,5.602831695794279,2.345774744157349,3.311966397768574,34.1165965539594,26.333565331971876,29.8821817496473,54.15332786342761,41.79931005074901,47.43203452324968,3.616400564124829,1.5783902238983618,2.204115282748891,6.1595467672835795,2.6883549619946288,3.7541060299723044,37.20341522262227,29.528092507006885,33.09808870421136,63.365816895305024,50.293009173224625,56.373518825237404,0.7236180904522613,-0.011381909547738656,0.0036180904522613577,0.6130653266331658,-0.011934673366834181,0.008065326633165837,0.49246231155778897,0.007462311557788981,0.0024623115577889765,0.4334600760456274,0.09695817490494296,0.1508238276299113,0.4389312977099237,0.44723618090452266,0.1080402010050252,0.1675041876046902,0.4242424242424242,0.4334600760456274,0.09695817490494296,0.1508238276299113,0.4389312977099237,19.0,4.0,4.0,31.0,4.0,2.0,39.0,5.0,5.0,-0.00034917566825873444,-1.4843430626805997e-05,-2.5646982874689682e-05,-0.00013480533558407615,-0.00018378111340844328,8.585827751517172e-05,"[7.03125, 1.359375, 1.5029296875, 0.00634765625, 0.041778564453125, 6.08984375, 4.9375, 8.9609375, 1.55859375, 0.9326171875, 3.150390625, 0.07647705078125, 7.4296875, 1.0009765625, 6.80859375, 0.0244598388671875, 4.58984375, 0.0926513671875, 2.041015625, 7.5234375, 0.55859375, 2.716796875, 2.681640625, 0.109375, 4.65234375, 2.373046875, 6.39453125, 0.83447265625, 8.796875, 0.94384765625, 0.005771636962890625, 11.0859375, 3.791015625, 1.5087890625, 13.2734375, 6.5703125, 1.716796875, 6.09765625, 0.30419921875, 6.65234375, 0.61962890625, 6.6015625, 1.58984375, 10.59375, 0.453857421875, 0.1689453125, 6.14453125, 2.859375, 9.1953125, 1.99609375, 0.6591796875, 5.2890625, 1.8388671875, 8.2890625, 6.390625, 2.3359375, 4.578125, 3.267578125, 9.4375, 8.0859375, 1.9296875, 4.6953125, 4.53125, 0.281982421875, 0.251953125, 0.78076171875, 2.59765625, 8.828125, 3.2421875, 0.342529296875, 3.849609375, 7.33203125, 8.34375, 0.005054473876953125, 1.59375, 2.30078125, 5.61328125, 5.32421875, 6.9765625, 1.7509765625, 3.896484375, 6.33203125, 4.12890625, 2.037109375, 3.41015625, 6.46875, 3.32421875, 0.002613067626953125, 0.86376953125, 1.87890625, 0.0001436471939086914, 0.221435546875, 0.1812744140625, 3.328125, 0.004543304443359375, 3.283203125, 5.3984375, 6.54296875, 5.21484375, 6.2578125, 0.041290283203125, 4.9921875, 3.087890625, 4.35546875, 1.525390625, 4.98828125, 6.9765625, 1.4892578125, 4.12109375, 4.23828125, 0.33203125, 2.732421875, 4.2421875, 6.09765625, 6.140625, 0.576171875, 0.96533203125, 8.7578125, 0.76513671875, 4.100799560546875e-05, 0.1981201171875, 3.125, 8.9765625, 7.2578125, 2.134765625, 5.046875, 0.325439453125, 0.41259765625, 3.435546875, 0.27001953125, 1.5735626220703125e-05, 0.149658203125, 0.39404296875, 2.076171875, 6.19921875, 2.810546875, 0.01027679443359375, 5.71875, 0.75830078125, 1.880859375, 14.6796875, 5.0859375, 2.341796875, 7.36328125, 0.06903076171875, 3.45703125, 0.0026111602783203125, 0.048858642578125, 5.6796875, 5.578125, 1.3701171875, 1.5419921875, 4.7265625, 4.05859375, 3.3125, 4.98828125, 2.537109375, 8.015625, 2.998046875, 6.88671875, 3.533203125, 6.109375, 2.865234375, 4.57421875, 5.4140625, 0.002437591552734375, 0.028289794921875, 1.6748046875, 5.6796875, 2.76953125, 6.15234375, 0.2685546875, 6.00390625, 0.019927978515625, 0.47802734375, 2.7109375, 1.049041748046875e-05, 2.28125, 0.6162109375, 2.056640625, 0.0002586841583251953, 2.388671875, 5.74609375, 0.41162109375, 1.6708984375, 12.6171875, 0.0799560546875, 1.5771484375, 5.27734375, 8.953125, 3.953125, 1.482421875, 5.671875, 6.81640625, 2.92578125, 1.88671875, 5.9375, 8.2734375, 0.70166015625, 5.07421875, 3.55078125, 2.8671875, 9.53125, 0.006366729736328125, 3.615234375, 12.109375, 3.875, 7.703125, 7.6796875, 0.0016689300537109375, 3.60546875, 5.71875, 5.2578125, 3.419921875, 5.82421875, 4.78125, 0.1318359375, 3.80859375, 2.94921875, 0.0013523101806640625, 3.80859375, 8.625, 10.953125, 2.966796875, 6.796875, 3.431640625, 3.0234375, 0.032684326171875, 2.140625, 0.0256500244140625, 1.37890625, 3.138671875, 0.66357421875, 2.74609375, 0.045013427734375, 1.65234375, 4.40234375, 1.998046875, 1.5634765625, 5.43359375, 2.91015625, 8.2109375, 6.65234375, 0.01033782958984375, 3.990234375, 1.390625, 0.00762939453125, 5.0, 1.9541015625, 5.046875, 3.833984375, 5.890625, 0.2078857421875, 3.6640625, 3.1015625, 0.62109375, 1.6962890625, 6.58203125, 10.8671875, 7.671875, 4.3984375, 2.25390625, 6.88671875]",-0.6268402691576416
201,1,test,2.967406567160066,1.3154974038830873,1.8126035654180357,4.7577971216477035,2.1092053347175757,2.906241470809923,19.44143410529889,14.224503807935264,16.268035903270093,31.171461386708277,22.80688599372861,26.083387174516854,2.827036214234242,1.1062586255548639,1.5938742276635176,4.127060166765316,1.614976095700531,2.3268236900197334,16.89531246016799,11.306439841014512,13.463247920989893,24.664689722872975,16.505751592721914,19.654376526992543,2.967406567160066,1.3154974038830873,1.8126035654180357,4.7577971216477035,2.1092053347175757,2.906241470809923,19.44143410529889,14.224503807935264,16.268035903270093,31.171461386708277,22.80688599372861,26.083387174516854,0.6381909547738693,-0.0018090452261306789,-0.0018090452261306789,0.4974874371859297,-0.022512562814070325,-0.012512562814070316,0.371859296482412,-0.023140703517588013,-0.013140703517588004,0.39860139860139865,0.08446527294694839,0.14860139860139865,0.4421052631578948,0.3869346733668342,0.07615773101094447,0.12149226936015634,0.4292929292929293,0.39860139860139865,0.08446527294694839,0.14860139860139865,0.4421052631578948,25.0,2.0,2.0,35.0,1.0,1.0,44.0,1.0,2.0,-0.0005337437124009844,-0.0003239527940071188,-0.00010255167550823751,-0.007307487101219756,-0.005090491512242501,-0.005579013847453851,"[2.12109375, 9.0390625, 0.7978515625, 0.0180816650390625, 0.177490234375, 0.380615234375, 1.1920928955078125e-06, 0.0160980224609375, 0.0004582405090332031, 4.0531158447265625e-06, 4.9453125, 5.02734375, 0.4443359375, 0.368408203125, 0.393310546875, 0.3203125, 0.24560546875, 0.1531982421875, 0.64453125, 5.640625, 7.71484375, 4.046875, 8.1953125, 0.98583984375, 7.64453125, 3.87890625, 2.33203125, 4.91796875, 0.0014429092407226562, 0.0096435546875, 3.544921875, 3.609375, 3.865234375, 4.19921875, 0.1861572265625, 1.5478515625, 3.935546875, 6.984375, 0.358154296875, 1.5185546875, 1.0634765625, 7.4765625, 0.53125, 1.87890625, 0.1763916015625, 0.0908203125, 0.34033203125, 1.7373046875, 0.650390625, 7.63671875, 1.7685546875, 3.79296875, 0.048828125, 0.89892578125, 0.059661865234375, 4.7421875, 2.189453125, 3.65625, 5.75, 0.2919921875, 2.966796875, 0.1292724609375, 0.01023101806640625, 5.2109375, 2.7578125, 2.5234375, 1.0634765625, 2.5859375, 4.8046875, 1.33203125, 0.96484375, 3.5, 1.8330078125, 3.724609375, 1.1484375, 1.3486328125, 2.55859375, 5.340576171875e-05, 0.07867431640625, 0.65234375, 1.91015625, 0.482421875, 2.88671875, 0.6103515625, 2.666015625, 5.80859375, 1.1943359375, 5.19140625, 2.0625, 2.845703125, 0.6708984375, 3.03125, 2.99609375, 1.0810546875, 0.52734375, 8.1484375, 1.177734375, 2.61328125, 2.400390625, 6.234375, 0.420654296875, 5.3125, 6.65234375, 8.0078125, 0.669921875, 4.45703125, 1.41796875, 2.697265625, 1.7080078125, 1.576171875, 9.109375, 2.21875, 8.7578125, 0.1480712890625, 8.3828125, 7.60546875, 5.9765625, 8.296875, 0.00524139404296875, 0.323974609375, 4.7890625, 0.00955963134765625, 5.8046875, 0.011962890625, 9.671875, 4.86328125, 3.474609375, 5.76953125, 0.126708984375, 1.0947265625, 4.51171875, 0.59716796875, 2.486328125, 0.5380859375, 3.7734375, 2.19140625, 7.0078125, 0.078857421875, 2.134765625, 0.466064453125, 6.54296875, 1.6083984375, 2.224609375, 1.6689453125, 2.994140625, 0.1873779296875, 5.35546875, 5.43359375, 4.44140625, 1.2509765625, 6.95703125, 4.8515625, 0.38427734375, 5.984375, 7.5546875, 9.6484375, 0.00963592529296875, 0.445556640625, 0.80859375, 11.2578125, 1.568359375, 0.89208984375, 7.68899917602539e-05, 0.1658935546875, 0.269775390625, 3.505859375, 8.749961853027344e-05, 8.1796875, 0.436279296875, 0.1785888671875, 5.8046875, 0.294189453125, 10.6484375, 6.2578125, 10.640625, 2.08984375, 1.51953125, 0.239501953125, 2.69140625, 0.2293701171875, 0.0379638671875, 1.373046875, 3.046875, 0.0005784034729003906, 0.4033203125, 0.7177734375, 4.18359375, 3.734375, 3.62890625, 2.373046875, 3.185546875, 0.8701171875, 2.0234375, 6.98046875, 3.162109375, 4.44921875, 2.60546875, 0.47705078125, 2.9453125, 7.69921875, 6.06640625, 6.265625, 2.076171875, 8.84375, 1.12890625, 1.6123046875, 2.23046875, 4.0, 1.9609375, 0.73779296875, 2.73828125, 5.87109375, 0.25732421875, 9.3984375, 3.443359375, 4.37109375, 0.466064453125, 0.07025146484375, 0.732421875, 2.29296875, 8.5078125, 4.26171875, 0.67724609375, 8.8515625, 0.047027587890625, 1.884765625, 2.54296875, 0.061065673828125, 7.04296875, 0.79296875, 4.37890625, 6.34375, 11.5390625, 0.11395263671875, 0.8779296875, 1.4599609375, 0.364501953125, 3.60546875, 5.9609375, 2.1953125, 4.46875, 0.330322265625, 5.1796875, 0.70947265625, 1.076171875, 4.649162292480469e-06, 0.64404296875, 4.0625, 9.40625, 2.859375, 0.96533203125, 1.828125, 6.4921875, 0.08282470703125, 4.109375, 2.103515625, 4.640625, 11.1953125, 2.35546875, 0.66845703125, 4.2578125, 4.88671875, 7.9375, 6.91015625, 4.86328125, 1.728515625, 0.8798828125, 1.806640625, 3.654296875, 8.359375, 3.62890625, 0.6435546875, 5.73046875, 2.625, 6.556510925292969e-06, 0.33447265625, 3.494140625, 0.0003452301025390625, 5.8671875, 0.176025390625, 2.216796875, 0.0001398324966430664, 4.5703125, 0.1710205078125, 2.47265625, 1.2216796875]",-0.7176522650085131
360,1,test,2.3524532015535082,0.9410958020279749,1.3655394238703318,4.56570798881391,1.8265054619241172,2.650277698399224,10.51132451859941,6.409805491430729,7.828382990621159,20.40067717219294,12.440332551415853,15.193548052803196,2.4406086338225323,0.8669680449928416,1.270724408658619,4.478180979490885,1.590767055032737,2.331604419557099,11.480025748878042,6.655846633304049,8.25840611442648,21.06426742913402,12.212562629915684,15.153038742066935,2.417467638002989,0.9684995996669246,1.393130691979139,4.619364913381507,1.850636177707499,2.6620331693868895,11.217416756755592,6.958699343125064,8.43216867839204,21.434554312271832,13.296877725716683,16.11242422622683,0.6180904522613065,0.0030904522613065533,-0.0019095477386934512,0.4120603015075377,-0.017939698492462353,-0.012939698492462348,0.33668341708542715,0.00668341708542719,0.0166834170854272,0.35474006116207946,0.06161029016971309,0.10753761965648434,0.3496932515337423,0.37688442211055273,0.07863880807546497,0.0964169763676479,0.38383838383838387,0.36789297658862874,0.07240048910949681,0.1220642780346799,0.3657718120805369,12.0,3.0,3.0,22.0,9.0,9.0,29.0,8.0,6.0,0.000152314176540878,0.00015667325359592372,-3.185119932046241e-05,-0.004279063911727832,-0.003501141649471684,-0.0043266338542515825,"[1.88671875, 5.3046875, 0.005107879638671875, 0.057769775390625, 4.7578125, 4.91796875, 6.30859375, 6.6796875, 1.3271484375, 0.904296875, 6.07421875, 0.58642578125, 9.0234375, 2.6328125, 0.6064453125, 0.7080078125, 3.802734375, 0.300048828125, 6.65625, 0.473876953125, 4.0234375, 0.5576171875, 1.9033203125, 1.966796875, 5.95703125, 2.154296875, 4.27734375, 1.2548828125, 3.267578125, 0.0283966064453125, 1.1201171875, 0.019134521484375, 0.7080078125, 0.347900390625, 1.8603515625, 1.2265625, 1.603515625, 5.33984375, 3.71484375, 0.2646484375, 5.53125, 1.5224609375, 0.0230865478515625, 0.00211334228515625, 1.3310546875, 0.78076171875, 0.0191650390625, 2.583984375, 2.875, 0.84228515625, 1.455078125, 5.38671875, 2.130859375, 1.0888671875, 1.12109375, 0.810546875, 0.03045654296875, 4.84765625, 0.005615234375, 0.60546875, 0.01256561279296875, 0.93115234375, 15.6328125, 1.404296875, 0.1595458984375, 2.341796875, 4.765625, 1.6806640625, 0.0127105712890625, 4.59375, 0.2298583984375, 0.8779296875, 1.4140625, 4.07421875, 0.08258056640625, 2.564453125, 8.5546875, 4.203125, 3.95703125, 1.037109375, 0.537109375, 1.9697265625, 0.000698089599609375, 7.56640625, 0.61669921875, 6.33984375, 1.9580078125, 3.205078125, 4.71484375, 3.322265625, 0.2144775390625, 0.31787109375, 0.08453369140625, 0.06646728515625, 0.53759765625, 1.6005859375, 4.5078125, 0.06085205078125, 0.11114501953125, 5.0078125, 0.02593994140625, 1.8369140625, 0.2841796875, 5.41796875, 1.1025390625, 0.708984375, 1.5400390625, 2.470703125, 3.328125, 0.0028533935546875, 1.060546875, 0.260009765625, 2.380859375, 0.044891357421875, 0.0276641845703125, 6.71875, 5.57421875, 1.935546875, 7.14453125, 3.525390625, 0.74951171875, 2.150390625, 1.4091796875, 1.923828125, 0.444091796875, 3.552734375, 2.93359375, 3.66015625, 0.06707763671875, 6.50390625, 3.80078125, 3.572265625, 4.35546875, 0.66455078125, 0.50390625, 0.0005669593811035156, 1.474609375, 1.697265625, 0.0004305839538574219, 0.890625, 0.2291259765625, 2.783203125, 0.01493072509765625, 9.609375, 0.54345703125, 0.84326171875, 3.966796875, 1.52734375, 3.521484375, 2.12109375, 4.7578125, 0.62353515625, 9.6796875, 0.70751953125, 0.006855010986328125, 0.07501220703125, 0.62060546875, 0.5, 0.80029296875, 0.0222320556640625, 0.0022735595703125, 3.2890625, 1.177734375, 5.11328125, 0.132568359375, 0.73779296875, 1.646484375, 2.22265625, 0.88037109375, 1.435546875, 0.0001404285430908203, 4.23046875, 5.81640625, 0.57861328125, 2.23046875, 0.12841796875, 1.412109375, 2.71875, 2.00390625, 0.455078125, 5.8515625, 2.80078125, 5.05078125, 3.408203125, 12.125, 6.84765625, 1.1826171875, 1.2900390625, 5.75390625, 0.9609375, 0.221923828125, 5.09765625, 4.421875, 0.0234375, 7.375, 2.51171875, 4.03125, 0.6533203125, 3.94921875, 0.02581787109375, 8.8828125, 3.0390625, 2.86328125, 8.9453125, 6.94140625, 0.0214691162109375, 5.6015625, 0.1148681640625, 0.085693359375, 0.013214111328125, 2.294921875, 6.2109375, 2.30078125, 0.0015802383422851562, 1.6025390625, 2.013671875, 4.58203125, 10.734375, 1.552734375, 0.04058837890625, 9.140625, 0.2386474609375, 2.41015625, 1.1650390625, 1.5205078125, 0.154052734375, 0.6865234375, 0.01395416259765625, 1.3115234375, 3.830078125, 6.40625, 0.075439453125, 2.94921875, 2.89453125, 0.177001953125, 0.53466796875, 8.4453125, 0.405029296875, 0.7724609375, 0.34423828125, 0.002353668212890625, 1.11328125, 1.4521484375, 0.7314453125, 0.01287078857421875, 4.756450653076172e-05, 0.0004425048828125, 4.21484375, 3.96875, 0.07177734375, 0.0047454833984375, 0.060089111328125, 0.0002079010009765625, 2.048828125, 1.4560546875, 1.4892578125, 7.57421875, 0.5390625, 3.142578125, 0.09930419921875, 0.005115509033203125, 6.67578125, 0.986328125, 0.180419921875, 1.74609375, 2.37109375, 0.475830078125, 0.9404296875, 0.9345703125, 1.0244140625, 2.228515625, 7.671875, 3.341796875, 1.0087890625, 1.1669921875, 0.86767578125, 8.7890625, 6.4296875, 4.85546875, 1.11328125, 0.497802734375, 6.23828125, 1.7783203125, 0.84423828125, 1.1923828125, 6.4453125, 0.371337890625, 0.572265625, 0.148193359375, 0.03564453125, 7.578125, 1.365234375, 0.3212890625, 1.337890625, 10.125, 1.3271484375, 5.19921875, 3.669921875, 0.625, 1.7099609375, 3.0703125, 0.86328125, 2.71484375, 0.9951171875, 0.047027587890625, 0.0110626220703125, 3.08203125, 5.1171875, 0.291015625, 0.62548828125, 1.1953125, 1.7685546875, 1.056640625, 4.96875, 1.4033203125, 0.0006155967712402344, 0.003936767578125, 0.297607421875, 4.18359375, 0.394287109375, 0.02423095703125, 0.114990234375, 2.228515625, 7.16796875, 0.07769775390625, 2.330078125, 4.35546875]",-1.2799792592314039
419,1,test,2.3439751401376188,0.9830368728176839,1.3522531709414447,4.451059175686861,1.866724274446347,2.567842457585616,10.422585562455874,6.52273487427869,7.726712874959834,19.791824711684825,12.386257181476026,14.672534555109898,2.228225093391073,0.8905601142475241,1.2872271674480267,3.593911440953344,1.4363872810443938,2.0761728507226236,9.283374325707848,5.473237963348838,6.720836960396721,14.973184396302981,8.827803166691675,10.840059613543097,2.329142198116086,1.0057749974859487,1.3944934920490928,4.134571949318495,1.7853994038212102,2.4754322344066733,10.269128875731045,6.513081402279873,7.722810081471688,18.229222856327297,11.561682962626993,13.709130322139089,0.5175879396984925,-0.007412060301507539,-0.007412060301507539,0.40201005025125625,0.0020100502512562235,0.0020100502512562235,0.3065326633165829,-0.0034673366834171437,-0.013467336683417042,0.3651685393258427,0.08746867957829707,0.13154195086054454,0.3830985915492958,0.371859296482412,0.10118260475308871,0.14648367043900634,0.36868686868686873,0.3712374581939799,0.09077001245107508,0.14320631247651605,0.37583892617449666,19.0,4.0,5.0,31.0,6.0,4.0,36.0,4.0,4.0,4.8203663849711556e-05,-0.0003475052205962267,-0.00013636475470214755,-0.07961743627016737,-0.07525800340084121,-0.08152454478738402,"[9.9140625, 1.6201171875, 1.4404296875, 3.2578125, 0.21826171875, 6.734375, 0.9892578125, 4.734375, 2.23828125, 0.04522705078125, 0.68994140625, 0.288330078125, 1.7138671875, 0.0100860595703125, 2.810546875, 0.0245208740234375, 0.233154296875, 0.99951171875, 0.007717132568359375, 4.5299530029296875e-06, 1.8715858459472656e-05, 0.0005202293395996094, 1.1920928955078125e-06, 4.984375, 2.755859375, 0.347900390625, 0.65380859375, 3.26953125, 1.076171875, 1.2060546875, 5.06640625, 9.2578125, 5.15625, 7.70703125, 0.0242919921875, 1.345703125, 2.669921875, 0.85546875, 3.44140625, 2.283203125, 2.970703125, 0.2291259765625, 1.6484375, 3.943359375, 0.07135009765625, 1.50390625, 5.3203125, 2.0859375, 3.826171875, 3.08984375, 0.406494140625, 2.330078125, 5.04296875, 0.6123046875, 9.6484375, 0.4697265625, 0.08807373046875, 5.22265625, 0.0191802978515625, 2.455078125, 0.145751953125, 0.0003681182861328125, 0.337158203125, 8.625, 5.703125, 0.0009236335754394531, 0.001544952392578125, 0.0643310546875, 0.59375, 2.150390625, 0.521484375, 2.44140625, 2.890625, 6.8125, 0.01690673828125, 0.041961669921875, 0.8310546875, 6.6875, 11.40625, 0.331787109375, 7.05859375, 0.9677734375, 1.8427734375, 3.41796875, 1.7060546875, 5.1875, 3.2890625, 0.50048828125, 8.7578125, 2.58203125, 3.53125, 0.33642578125, 4.33984375, 2.697265625, 0.1265869140625, 2.220703125, 0.182373046875, 0.196533203125, 1.8056640625, 5.16015625, 0.030181884765625, 5.4296875, 0.5712890625, 4.13671875, 3.66015625, 0.0098419189453125, 11.0234375, 0.86572265625, 0.0024433135986328125, 3.5762786865234375e-06, 8.761882781982422e-05, 0.0024318695068359375, 1.2636184692382812e-05, 3.5762786865234375e-07, 6.318092346191406e-06, 0.1588134765625, 1.7138671875, 0.0018253326416015625, 2.384185791015625e-06, 7.3909759521484375e-06, 8.344650268554688e-05, 0.0001316070556640625, 2.4080276489257812e-05, 1.8477439880371094e-05, 5.960464477539062e-07, 0.2183837890625, 0.1959228515625, 3.787109375, 0.68115234375, 1.17578125, 0.00399017333984375, 0.8095703125, 5.3984375, 3.876953125, 3.330078125, 6.57421875, 0.9091796875, 6.91796875, 1.69140625, 0.2451171875, 0.1375732421875, 0.006069183349609375, 0.007587432861328125, 0.82568359375, 0.041778564453125, 1.138671875, 0.7373046875, 2.220703125, 3.935546875, 8.859375, 4.54296875, 0.58203125, 0.74755859375, 3.720703125, 7.203125, 1.80859375, 0.76318359375, 5.58984375, 1.2158203125, 4.7890625, 0.263671875, 3.919921875, 0.03875732421875, 2.685546875, 0.64404296875, 0.12939453125, 0.002101898193359375, 0.1005859375, 0.7041015625, 0.002994537353515625, 7.510185241699219e-06, 8.761882781982422e-05, 0.0002884864807128906, 3.6954879760742188e-06, 8.344650268554688e-07, 5.4836273193359375e-06, 0.97802734375, 0.4541015625, 2.6953125, 5.22265625, 7.15625, 6.86328125, 1.6337890625, 7.22265625, 2.392578125, 2.275390625, 4.0546875, 5.6953125, 3.451171875, 1.58984375, 6.328125, 1.5234375, 0.1439208984375, 0.88134765625, 7.3671875, 4.453125, 5.49609375, 0.76953125, 2.681640625, 1.416015625, 2.11328125, 0.86181640625, 1.560546875, 0.01763916015625, 0.0841064453125, 0.0011510848999023438, 0.0197601318359375, 0.0012311935424804688, 0.0172882080078125, 5.2890625, 3.501953125, 1.9111328125, 0.794921875, 0.0006589889526367188, 5.0067901611328125e-06, 0.0001081228256225586, 0.00010836124420166016, 4.5299530029296875e-06, 3.5762786865234375e-07, 3.5762786865234375e-07, 2.32421875, 0.51708984375, 1.5849609375, 0.00021898746490478516, 8.0390625, 3.142578125, 4.79296875, 0.638671875, 4.12109375, 2.22265625, 0.01404571533203125, 0.01355743408203125, 1.3955078125, 4.00390625, 1.5556640625, 3.90234375, 3.267578125, 0.93115234375, 6.65234375, 7.26171875, 3.83984375, 2.296875, 4.0546875, 5.16796875, 8.78125, 0.45458984375, 7.3359375, 1.736328125, 0.007171630859375, 10.390625, 0.2379150390625, 0.71044921875, 4.59765625, 1.572265625, 5.71484375, 7.97265625, 1.2470703125, 1.1875, 0.0009083747863769531, 5.245208740234375e-06, 1.5854835510253906e-05, 7.033348083496094e-05, 1.430511474609375e-06, 1.1920928955078125e-07, 2.86102294921875e-06, 0.3984375, 0.463623046875, 2.095703125, 9.1875, 5.61328125, 1.8828125, 0.0260162353515625, 0.0139007568359375, 2.240234375, 6.90625, 0.7900390625, 1.2080078125, 4.7578125, 0.339111328125, 5.5625, 8.203125, 6.34375, 2.5546875, 6.16015625, 7.88671875, 2.83203125, 0.04217529296875, 0.414306640625, 3.611328125, 7.01953125, 1.0302734375, 0.40625, 0.01178741455078125, 1.4345703125, 1.4697265625, 2.5390625, 7.29296875, 1.3369140625, 1.083984375, 0.69384765625, 0.0025634765625, 0.03289794921875, 0.990234375, 0.00021731853485107422, 2.0265579223632812e-06, 4.00543212890625e-05, 7.2479248046875e-05, 5.960464477539062e-07, 1.1920928955078125e-07, 9.5367431640625e-07, 0.2159423828125, 0.671875, 5.61328125, 7.94140625, 7.015625, 0.74462890625, 0.91064453125, 4.41796875, 4.5390625, 8.4921875, 10.8515625, 0.46337890625, 7.0703125, 0.5205078125, 0.00492095947265625, 0.08709716796875, 2.353515625, 2.95703125, 3.357421875, 1.208984375, 9.131431579589844e-05, 1.6927719116210938e-05, 0.00016880035400390625, 7.283687591552734e-05, 5.960464477539062e-07, 4.172325134277344e-06, 2.1457672119140625e-06, 3.15234375, 0.66943359375, 1.560546875, 0.0004355907440185547, 4.40625, 6.83984375, 4.171875, 0.0312042236328125, 9.3359375, 6.1953125, 10.921875, 3.837890625, 8.09375, 2.02734375, 4.1796875, 2.5859375, 1.7890625, 0.36669921875, 0.012115478515625]",-0.7818402514029086
369,1,test,3.486036586410859,1.5664154655117635,2.1619634508495107,5.698730467605775,2.560667198112044,3.534227677137223,32.65626060713296,25.83788596694403,28.89756067244462,53.38418650148082,42.23798125135161,47.23972493160109,3.39208571994724,1.496823687722819,2.064790251421027,5.06281450738394,2.234065205556446,3.081776494658249,29.727891710481686,23.073599895387396,25.95706045801323,44.3699876275846,34.43820879908566,38.74188128061675,3.462247599135427,1.5394571076638304,2.1390111511692407,5.659841883616596,2.5165975472588364,3.4967068519113935,31.888568748757134,25.04854987144506,28.13301235641326,52.12921717611196,40.94762943056588,45.98989445090311,0.6934673366834171,-0.0015326633165829717,-0.016532663316582874,0.5527638190954773,0.012763819095477302,-0.0072361809045227155,0.4522613065326633,-0.0027386934673366836,0.002261306532663321,0.4191176470588235,0.10535617916891526,0.1599489429023443,0.4723247232472325,0.42713567839195976,0.1339025956851928,0.180057214285115,0.4747474747474747,0.40808823529411764,0.09249190501888827,0.14647454336257726,0.4538745387453874,19.0,2.0,1.0,33.0,0.0,1.0,40.0,3.0,1.0,-0.00037402325286946394,-0.0004152821807469099,-0.00014725278868841187,-0.00019717463232815646,0.00020823100688893703,5.431726479621091e-05,"[3.76953125, 0.0404052734375, 0.439208984375, 0.0208740234375, 0.0006074905395507812, 0.4072265625, 0.0201873779296875, 0.01070404052734375, 5.875, 3.384765625, 12.5, 7.33203125, 0.251953125, 2.54296875, 0.9921875, 0.2447509765625, 1.142578125, 0.93798828125, 2.96484375, 2.923828125, 1.796875, 2.943359375, 2.1015625, 0.006378173828125, 4.20703125, 5.81640625, 0.86328125, 8.171875, 1.1640625, 0.12493896484375, 2.498046875, 0.040863037109375, 0.0304107666015625, 0.0210723876953125, 2.546875, 1.4560546875, 10.2109375, 1.345703125, 0.197998046875, 6.0625, 3.892578125, 6.3515625, 2.259765625, 8.1015625, 3.876953125, 6.765625, 2.87109375, 0.0010747909545898438, 0.2022705078125, 1.642578125, 6.9141387939453125e-06, 3.228515625, 4.046875, 14.8359375, 0.0694580078125, 5.421875, 9.375, 4.2109375, 1.7939453125, 1.6328125, 0.0032787322998046875, 2.376953125, 5.40234375, 4.66015625, 3.365234375, 1.708984375, 0.1798095703125, 8.0625, 11.3515625, 4.5, 0.5341796875, 0.49658203125, 1.7080078125, 0.0809326171875, 4.33203125, 5.140625, 0.4287109375, 3.71484375, 7.462501525878906e-05, 0.78955078125, 2.501953125, 1.5859375, 7.00390625, 5.34375, 3.34765625, 1.3115234375, 8.4765625, 5.62109375, 1.263671875, 11.5078125, 12.390625, 4.375, 1.990234375, 1.8095703125, 3.9921875, 0.002201080322265625, 0.278076171875, 0.0911865234375, 3.6796875, 0.8662109375, 9.4296875, 2.337890625, 6.28515625, 2.376953125, 2.501953125, 6.78515625, 0.79638671875, 0.638671875, 5.35546875, 4.83984375, 9.5234375, 7.42578125, 5.28125, 0.2244873046875, 1.04296875, 3.890625, 0.02398681640625, 4.71484375, 7.83203125, 2.462890625, 0.953125, 3.41796875, 0.116455078125, 4.296875, 6.17578125, 1.59375, 0.006793975830078125, 0.0015230178833007812, 0.315673828125, 5.015625, 2.05859375, 3.599609375, 0.8125, 3.337890625, 1.3896484375, 1.9130859375, 5.0390625, 4.26953125, 0.70947265625, 2.609375, 0.171630859375, 3.23046875, 0.3740234375, 7.7421875, 8.9375, 2.333984375, 3.603515625, 2.072265625, 6.13671875, 5.55078125, 1.828125, 5.72265625, 0.263916015625, 4.90625, 1.47265625, 1.3837890625, 5.5625, 0.8232421875, 1.2626953125, 8.5859375, 3.435546875, 3.94140625, 6.43359375, 0.822265625, 0.96630859375, 1.3408203125, 0.402099609375, 7.578125, 0.51708984375, 2.65625, 5.828125, 6.6015625, 5.1328125, 6.80859375, 4.1875, 0.330078125, 0.8359375, 6.27734375, 1.015625, 6.79296875, 7.25390625, 0.73095703125, 10.234375, 0.051605224609375, 7.109375, 10.046875, 8.765625, 2.919921875, 1.6796875, 6.49609375, 1.1064453125, 10.6796875, 2.65625, 0.60693359375, 6.328125, 1.306640625, 0.78271484375, 1.5283203125, 4.25390625, 1.0400390625, 2.32421875, 3.08984375, 2.015625, 0.24609375, 0.52001953125, 2.58984375, 0.2216796875, 2.2578125, 7.296875, 0.689453125, 3.42578125, 3.025390625, 4.35546875, 0.0012760162353515625, 8.3125, 0.02978515625, 2.11328125, 3.55859375, 4.9765625, 3.171875, 0.107177734375, 9.421875, 1.6494140625, 4.2421875, 8.0, 6.359375, 10.25, 5.80078125, 7.88671875, 4.0078125, 0.32568359375, 3.884765625, 4.45703125, 6.26171875, 0.9658203125, 5.05859375, 4.40234375, 3.001953125, 2.533203125, 2.0625, 0.384765625, 0.9462890625, 1.666015625, 0.0005979537963867188, 5.3359375, 3.578125, 2.55078125, 10.265625, 7.34765625, 2.34375, 1.2236328125, 3.650390625, 0.65380859375, 11.5390625, 4.9765625, 2.4453125, 2.947265625, 5.68359375, 11.9296875, 4.453125, 0.381591796875, 10.21875, 6.04296875, 3.80859375, 2.380859375, 2.4453125, 1.970703125, 9.0, 0.64453125, 4.02734375, 2.32421875, 1.0224609375]",-1.0968706134487602
44,1,test,3.5663760094852237,1.584093907786033,2.109825017588797,6.054545318428403,2.6892757039158233,3.581795960092608,35.388114298614795,28.128823762965624,31.09698047788686,60.07749636741581,47.75358452782535,52.79254825315676,3.927957280796377,1.740461296565953,2.3968578727772107,5.734244205542156,2.540819411045187,3.4990625879959283,50.80309514585339,41.89022795674741,46.179838270907624,74.16510240270567,61.1536174551057,67.41582229329579,3.570045102400126,1.653483201726322,2.223685220008261,5.950075170666877,2.755805336210537,3.706142033347102,35.518195071348856,28.720647467274695,31.67478549790536,59.19699178558143,47.86774577879116,52.79130916317561,0.7587939698492463,-0.001206030150753712,0.0037939698492462925,0.592964824120603,0.007964824120603065,-0.0020351758793969443,0.49246231155778897,-0.007537688442211032,0.007462311557788981,0.42307692307692313,0.1130632056557983,0.1640348898413415,0.4132231404958677,0.40703517587939697,0.10628329618014887,0.14994001728173423,0.41414141414141414,0.4046822742474916,0.10251199044114767,0.15106714632758056,0.3959731543624161,23.0,7.0,7.0,34.0,8.0,8.0,47.0,13.0,11.0,0.0008506374662068998,0.0001309733308039476,0.00035578251945162886,0.00025035484725499657,-0.00014813329768958994,0.00010858675645497584,"[2.88671875, 2.212890625, 0.2330322265625, 0.0401611328125, 3.814697265625e-05, 1.2705078125, 0.01294708251953125, 0.01422119140625, 1.583984375, 11.0625, 4.47265625, 1.94921875, 5.22265625, 2.81640625, 1.3984375, 8.765625, 4.87890625, 0.455322265625, 7.2890625, 2.169921875, 10.328125, 1.041015625, 4.6875, 11.078125, 3.837890625, 4.8359375, 2.384765625, 6.6953125, 0.056976318359375, 10.5703125, 7.6875, 3.91796875, 0.03125, 4.99609375, 11.1875, 2.615234375, 13.2109375, 3.384765625, 2.59765625, 2.890625, 6.69140625, 9.21875, 2.33203125, 1.2548828125, 8.3125, 0.06689453125, 0.51220703125, 6.23828125, 8.140625, 3.150390625, 6.98046875, 0.69970703125, 1.849609375, 7.9765625, 2.947265625, 3.970703125, 3.419921875, 12.0625, 8.3203125, 3.619140625, 1.6474609375, 11.2734375, 10.5625, 6.4765625, 3.5078125, 0.61279296875, 6.09375, 1.7314453125, 5.7421875, 6.1875, 4.3359375, 0.73681640625, 1.896484375, 2.28515625, 1.0361328125, 8.2578125, 1.8955078125, 8.1484375, 1.9765625, 2.474609375, 7.53125, 8.6875, 3.673828125, 0.1640625, 0.1568603515625, 1.3994140625, 0.359130859375, 8.0703125, 0.83203125, 1.8388671875, 3.1171875, 2.453125, 1.541015625, 10.6875, 1.1962890625, 3.263671875, 7.55859375, 6.2734375, 8.84375, 2.525390625, 1.77734375, 8.2734375, 0.2734375, 8.0234375, 6.41796875, 3.552734375, 1.2998046875, 12.953125, 9.9453125, 1.5283203125, 2.544921875, 1.400390625, 1.5546875, 3.2890625, 5.4609375, 2.06640625, 2.904296875, 1.072265625, 0.0022335052490234375, 0.00873565673828125, 0.00266265869140625, 0.0005846023559570312, 4.3203125, 6.2421875, 14.1640625, 0.94091796875, 5.3515625, 0.810546875, 0.203857421875, 4.1796875, 2.32421875, 2.642578125, 8.296875, 0.00937652587890625, 0.007709503173828125, 11.203125, 1.2412109375, 3.8359375, 3.28515625, 0.03912353515625, 11.2578125, 0.077880859375, 0.173095703125, 1.2353515625, 4.33203125, 7.2734375, 4.51953125, 0.328857421875, 0.6669921875, 0.00809478759765625, 0.7646484375, 5.26171875, 1.3759765625, 5.015625, 6.875, 1.673828125, 3.291015625, 8.1328125, 2.1328125, 1.728515625, 9.9375, 4.47265625, 9.0, 6.6640625, 3.966796875, 6.59375, 1.06640625, 0.47802734375, 1.4287109375, 7.89453125, 8.0859375, 0.83251953125, 0.002044677734375, 0.007755279541015625, 0.003238677978515625, 0.0012578964233398438, 6.9609375, 0.48291015625, 8.4453125, 4.64453125, 0.266845703125, 2.240234375, 6.55859375, 0.41015625, 0.01172637939453125, 0.0030155181884765625, 6.7109375, 1.55078125, 5.44140625, 4.25, 0.98779296875, 1.708984375, 1.107421875, 0.449951171875, 4.9609375, 6.97265625, 0.142578125, 7.91796875, 6.453125, 0.40283203125, 6.6015625, 0.1134033203125, 2.16796875, 6.14453125, 2.587890625, 0.1590576171875, 1.7734375, 5.98046875, 11.0234375, 9.0703125, 0.49853515625, 0.0013170242309570312, 0.00943756103515625, 0.005619049072265625, 0.000545501708984375, 2.484375, 0.2105712890625, 10.25, 3.974609375, 0.5009765625, 0.0004429817199707031, 0.00945281982421875, 0.0022335052490234375, 0.00042748451232910156, 3.384765625, 1.552734375, 4.3046875, 3.97265625, 0.59033203125, 4.3671875, 0.04693603515625, 4.9765625, 1.19921875, 7.2890625, 6.58984375, 3.005859375, 0.060760498046875, 5.9765625, 6.5390625, 5.484375, 5.57421875, 4.44921875, 9.7890625, 0.182373046875, 0.01045989990234375, 0.00045990943908691406, 6.26953125, 0.82421875, 8.640625, 1.9892578125, 0.041839599609375, 0.00045943260192871094, 5.30078125, 0.87939453125, 4.61328125, 7.50390625, 4.62890625, 2.328125, 0.0247955322265625, 0.00021564960479736328, 5.65625, 1.53125, 1.068359375, 6.73828125, 4.69921875, 0.265869140625, 8.7890625, 1.1904296875, 1.9287109375, 0.0157623291015625, 6.496906280517578e-05, 3.255859375, 3.50390625, 0.03143310546875, 0.0001709461212158203, 2.0859375, 0.4873046875, 5.4375, 7.09375, 4.70703125, 4.37109375, 1.3486328125, 0.051422119140625, 0.00014579296112060547, 4.5625, 0.337890625, 6.828125, 0.1583251953125, 0.106689453125, 0.00035881996154785156, 0.0122528076171875, 0.001590728759765625, 0.00019407272338867188, 1.541015625, 2.35546875, 7.3125, 2.927734375, 1.1328125, 1.8564453125, 1.9521484375, 7.78125, 1.8115234375, 2.23046875, 0.697265625, 9.46875, 0.16650390625, 4.875, 10.3046875, 10.734375, 6.23046875, 1.8955078125, 3.80859375, 8.8046875, 4.3046875, 0.10418701171875, 0.1461181640625, 5.37890625, 0.419677734375, 0.73779296875, 3.42578125, 5.0078125, 5.34765625, 6.23046875, 7.26953125, 6.84765625, 0.36962890625, 0.921875, 3.31640625, 5.73046875, 5.125, 0.68115234375, 0.0008730888366699219, 0.003742218017578125, 0.00333404541015625, 0.0009160041809082031, 5.73046875, 2.25, 6.68359375, 0.99951171875, 9.0, 6.859375, 8.140625, 2.3125, 5.78515625, 0.170654296875, 5.86328125, 1.7138671875, 5.7734375, 4.34765625, 2.353515625, 8.140625, 1.126953125, 1.6630859375, 6.95703125, 3.849609375, 5.16796875, 0.0843505859375, 9.739398956298828e-05, 5.859375, 2.453125, 0.07415771484375, 1.6927719116210938e-05, 1.69140625, 0.94140625]",-0.5029179663448544
489,1,test,2.823151299788517,1.2162968632524795,1.6902423196952752,5.059467778834477,2.179767974031129,3.0291421347347907,16.829802948542635,11.842703656523565,13.725128134595392,30.16127607070281,21.22372172152257,24.59728019626927,2.9965240104713633,1.1815978528522406,1.7243125137329232,4.872396764994087,1.9212973217109606,2.8037601849315825,20.015841008475565,13.875218285974416,16.447104918307314,32.546082940610674,22.56133054629986,26.743260029767992,2.8548102610087316,1.2458343179862728,1.7295340228515632,5.128401666482752,2.2380257209334244,3.1069473464399344,17.3711409121944,12.373450225795413,14.290073072317668,31.205642357235448,22.227754896638466,25.67078995027126,0.7085427135678393,0.0035427135678391952,-0.006457286432160814,0.5577889447236181,-0.012211055276381999,-0.007211055276381884,0.4321608040201005,-0.002839195979899567,0.0021608040201004375,0.39937106918238996,0.0759801743629237,0.13995684324096735,0.38801261829653,0.4321608040201005,0.09632120502260677,0.16004060368621065,0.45959595959595956,0.4013377926421404,0.08581191618137252,0.15105970587907036,0.3993288590604027,22.0,13.0,13.0,36.0,26.0,26.0,45.0,28.0,28.0,-0.00033377603393670857,-9.824304224501741e-05,0.00017201132904429565,-0.02300925604514248,-0.025211880596483383,-0.027324134755949636,"[1.783203125, 4.34765625, 0.00472259521484375, 0.0274505615234375, 5.20703125, 5.1953125, 5.265625, 2.181640625, 3.55859375, 5.0390625, 5.1640625, 5.44921875, 0.7060546875, 1.8818359375, 1.8876953125, 0.056060791015625, 0.74072265625, 4.8671875, 2.0, 0.08367919921875, 1.0341796875, 3.169921875, 8.078125, 0.29150390625, 8.4765625, 1.57421875, 6.47265625, 1.7314453125, 6.0234375, 0.5859375, 1.6376953125, 0.498779296875, 3.7734375, 0.861328125, 0.08050537109375, 3.150390625, 0.009429931640625, 7.125, 1.2080078125, 1.734375, 0.7275390625, 4.5625, 0.12841796875, 0.06842041015625, 0.73828125, 1.904296875, 1.18359375, 10.8828125, 2.40234375, 2.19140625, 0.50146484375, 2.802734375, 4.3828125, 0.406005859375, 5.33203125, 1.2666015625, 8.40625, 1.2919921875, 5.28515625, 2.626953125, 0.208251953125, 0.94482421875, 7.19140625, 6.28515625, 7.3203125, 2.1640625, 2.908203125, 5.36328125, 6.20703125, 0.42626953125, 0.701171875, 2.013671875, 0.10760498046875, 1.201171875, 3.09765625, 0.433837890625, 3.708984375, 0.012359619140625, 2.810546875, 3.03515625, 0.140625, 5.4921875, 8.703125, 3.8359375, 0.01372528076171875, 1.8427734375, 4.8984375, 2.3359375, 0.11328125, 1.4267578125, 0.0567626953125, 4.2265625, 2.6941299438476562e-05, 2.380859375, 0.0011615753173828125, 0.006595611572265625, 0.0001373291015625, 0.0007276535034179688, 0.005340576171875, 2.0503997802734375e-05, 0.0005068778991699219, 0.11053466796875, 3.302734375, 4.99609375, 2.259765625, 0.0535888671875, 4.66796875, 4.171875, 3.67578125, 4.0546875, 0.91943359375, 2.2734375, 7.40625, 2.8359375, 3.349609375, 2.87890625, 2.15234375, 3.923828125, 0.466796875, 2.447265625, 3.287109375, 4.1484375, 0.005855560302734375, 10.1171875, 3.40234375, 5.12890625, 0.75048828125, 6.56640625, 2.974609375, 8.28125, 6.4921875, 0.07012939453125, 0.354736328125, 1.8095703125, 1.0869140625, 7.33203125, 0.055145263671875, 7.8671875, 5.9765625, 0.2161865234375, 5.89453125, 5.05859375, 1.2705078125, 4.7734375, 4.4609375, 0.0548095703125, 2.47265625, 5.6796875, 1.732421875, 9.15625, 1.8046875, 2.685546875, 2.42578125, 6.80078125, 4.4765625, 1.080078125, 2.021484375, 2.3046875, 4.51953125, 10.8515625, 4.890625, 0.9345703125, 2.01953125, 8.2109375, 7.27734375, 4.6875, 1.2939453125, 2.08984375, 0.0009665489196777344, 6.19140625, 4.9609375, 1.01171875, 4.47265625, 2.111328125, 0.376220703125, 2.3671875, 2.0078125, 5.52734375, 1.0771484375, 0.2724609375, 3.1171875, 4.67578125, 5.43359375, 1.0400390625, 5.39453125, 0.2626953125, 0.078369140625, 2.958984375, 5.59765625, 2.84375, 0.7861328125, 7.1640625, 5.203125, 0.0078125, 3.751953125, 2.505859375, 2.4765625, 5.59765625, 2.6328125, 0.144775390625, 1.2060546875, 7.04296875, 1.265625, 3.9453125, 1.5771484375, 6.31640625, 1.4033203125, 0.52734375, 6.03515625, 0.0533447265625, 1.35546875, 0.00011718273162841797, 0.08270263671875, 2.0390625, 6.35546875, 1.474609375, 2.166015625, 2.33203125, 7.0703125, 5.4140625, 0.056976318359375, 11.6171875, 0.50048828125, 0.1878662109375, 1.703125, 0.9833984375, 0.958984375, 0.84228515625, 1.5302734375, 4.9375, 6.46484375, 1.314453125, 5.80859375, 2.748046875, 0.96728515625, 2.1484375, 2.951171875, 2.833984375, 1.0013580322265625e-05, 0.1298828125, 0.0037097930908203125, 0.00750732421875, 3.981590270996094e-05, 0.0009417533874511719, 0.005092620849609375, 7.033348083496094e-06, 0.003597259521484375, 0.252685546875, 8.1953125, 2.009765625, 0.00177764892578125, 6.3828125, 0.4111328125, 2.931640625, 5.84375, 3.603515625, 0.77587890625, 9.265625, 0.98828125, 5.41796875, 5.9609375, 1.59375, 4.12890625, 2.45703125, 2.96484375, 6.87890625, 2.158203125, 6.3515625, 1.916015625, 5.3046875, 0.10760498046875, 1.955078125, 8.1171875, 3.544921875, 0.353515625, 7.1484375, 4.51171875, 1.9892578125, 8.078125, 0.96240234375, 1.423828125, 9.6015625, 2.314453125, 2.372264862060547e-05, 0.20654296875, 0.0025081634521484375, 0.0010480880737304688, 1.800060272216797e-05, 0.00038170814514160156, 0.000377655029296875, 3.5762786865234375e-07, 0.0001589059829711914, 0.1881103515625, 0.78515625, 0.002105712890625, 7.99609375, 0.040771484375, 1.15625, 4.41015625, 1.78125, 0.006336212158203125, 8.078125, 4.69921875, 1.5849609375, 0.2366943359375, 2.0703125, 1.0322265625, 2.201171875, 3.814453125, 1.498046875, 2.75390625, 2.40234375, 0.0021495819091796875, 7.36328125, 0.39208984375, 0.0111846923828125, 1.6875, 2.55859375]",-1.0025139357308923
484,1,test,2.989597471612455,1.2836819344909614,1.7908784218500093,4.917799391173151,2.1116188034821732,2.945942019374572,19.877679550669676,14.37125485430305,16.56181280977714,32.69819476382349,23.64028905027365,27.243692077621567,2.881222908820339,1.1282297663353196,1.6278256068077919,4.46701226173696,1.74919343617879,2.523760630709755,17.836071737519188,12.064218912561177,14.333850865896876,27.652824399254552,18.7042153683119,22.223024598289726,2.989597471612455,1.2836819344909614,1.7908784218500093,4.917799391173151,2.1116188034821732,2.945942019374572,19.877679550669676,14.37125485430305,16.56181280977714,32.69819476382349,23.64028905027365,27.243692077621567,0.6834170854271358,0.003417085427135813,-0.011582914572864311,0.4723618090452262,-0.0026381909547738003,0.002361809045226204,0.3869346733668342,-0.0030653266331658324,0.001934673366834172,0.4043321299638989,0.09386281588447654,0.15282791817087849,0.4384057971014492,0.3919597989949749,0.08040201005025127,0.1222780569514238,0.40909090909090906,0.4043321299638989,0.09386281588447654,0.15282791817087849,0.4384057971014492,18.0,8.0,8.0,29.0,12.0,12.0,36.0,11.0,12.0,-0.00019774242125075953,-0.0004673622032777998,-6.323162978283826e-05,-0.004907353283193139,-0.005055629786792082,-0.00554747283473489,"[7.03125, 1.359375, 2.224609375, 10.3125, 0.6865234375, 0.0003132820129394531, 1.01171875, 0.0010356903076171875, 0.00914764404296875, 6.73046875, 0.0740966796875, 0.349853515625, 1.404296875, 0.75146484375, 0.86328125, 4.359375, 0.412353515625, 1.9541015625, 1.8427734375, 1.4521484375, 2.89453125, 0.45458984375, 0.031585693359375, 0.2100830078125, 1.888671875, 1.373046875, 2.427734375, 1.7958984375, 3.71875, 3.458984375, 5.01953125, 8.7578125, 0.309326171875, 1.92578125, 0.1829833984375, 0.005405426025390625, 0.063720703125, 0.0909423828125, 3.078125, 0.5068359375, 0.3173828125, 1.9658203125, 4.41796875, 4.87109375, 2.228515625, 4.82421875, 1.662109375, 1.47265625, 1.353515625, 14.1015625, 2.376953125, 6.296875, 1.0029296875, 0.44189453125, 5.921875, 0.339111328125, 0.00783538818359375, 1.859375, 5.046875, 2.31640625, 4.96875, 0.1116943359375, 1.4775390625, 2.037109375, 0.235107421875, 1.9208984375, 6.9921875, 1.421875, 0.032470703125, 2.298828125, 2.220703125, 4.890625, 0.69189453125, 2.81640625, 3.98046875, 0.1273193359375, 2.72265625, 3.255859375, 0.07879638671875, 3.25390625, 0.00022554397583007812, 0.56103515625, 0.031829833984375, 1.830078125, 0.0006051063537597656, 6.23046875, 1.720703125, 2.798828125, 5.38671875, 8.6328125, 7.01171875, 1.0439453125, 4.0703125, 11.0859375, 1.93359375, 1.2353515625, 3.337890625, 0.99951171875, 4.39453125, 2.56640625, 6.421875, 1.4072265625, 3.8515625, 0.92333984375, 0.87744140625, 1.998046875, 13.3125, 8.9609375, 0.66552734375, 6.0, 1.1533203125, 9.7578125, 1.2421875, 3.107421875, 0.389892578125, 3.60546875, 3.927734375, 0.541015625, 0.58251953125, 7.328125, 2.875, 1.486328125, 8.046875, 0.1832275390625, 5.77734375, 3.908203125, 1.6474609375, 0.00901031494140625, 0.456787109375, 1.453125, 0.00013363361358642578, 0.411865234375, 0.0043792724609375, 5.75390625, 6.5859375, 1.7998046875, 5.59765625, 4.5625, 1.05078125, 3.923828125, 3.52734375, 0.99609375, 7.0546875, 5.51953125, 0.133544921875, 1.720703125, 4.41015625, 3.634765625, 0.28955078125, 6.9140625, 7.3671875, 2.78515625, 1.06640625, 3.009765625, 3.80859375, 4.31640625, 1.4267578125, 0.0016651153564453125, 0.9150390625, 1.888671875, 2.1219253540039062e-05, 0.007659912109375, 0.107666015625, 1.0107421875, 0.0006809234619140625, 5.921875, 2.447265625, 1.51953125, 4.95703125, 0.2763671875, 8.5078125, 4.375, 6.30859375, 6.0703125, 0.1231689453125, 3.888671875, 5.140625, 10.328125, 9.65625, 0.82080078125, 6.47265625, 4.83984375, 3.734375, 3.447265625, 0.2457275390625, 9.0546875, 0.77197265625, 2.953125, 9.0546875, 1.5244140625, 4.390625, 0.0073699951171875, 1.34375, 2.037109375, 0.0015125274658203125, 0.60595703125, 1.4375, 0.00010013580322265625, 1.0361328125, 0.008575439453125, 3.28125, 0.018585205078125, 9.7890625, 7.39453125, 7.39453125, 3.453125, 0.1644287109375, 2.787109375, 1.908203125, 1.103515625, 5.4921875, 0.55224609375, 5.59765625, 9.140625, 1.62109375, 2.998046875, 2.650390625, 1.9169921875, 6.23828125, 0.053619384765625, 1.478515625, 1.8876953125, 0.92724609375, 4.3203125, 0.0141143798828125, 4.70703125, 2.9921875, 5.21484375, 0.06024169921875, 6.73828125, 3.94140625, 0.23095703125, 10.4453125, 3.724609375, 2.576171875, 5.98046875, 6.7734375, 2.05078125, 0.6044921875, 1.40234375, 1.1845703125, 0.237548828125, 4.43359375, 1.0986328125, 9.828125, 5.703125, 1.1826171875, 1.8837890625, 0.01824951171875, 1.1240234375, 3.5078125, 4.34375, 0.438720703125, 0.026947021484375, 6.67578125, 7.91015625, 0.01094818115234375, 4.0234375, 0.0008134841918945312, 1.052734375, 5.09765625, 5.4375, 6.9765625, 0.04962158203125, 0.54248046875, 3.68359375, 2.947265625, 0.230224609375, 1.0458984375, 5.5234375, 5.91796875, 2.953125, 0.58642578125, 4.5078125, 7.48828125, 7.1875, 2.564453125]",-0.8711784759583456
122,1,test,2.7017903315981098,1.0951840276491198,1.5310471159968857,4.97262024220511,2.015676124507583,2.8178781276016305,14.906395239895984,9.920533256211497,11.682007076085887,27.43508326361224,18.258650164806433,21.500626520403472,2.7958368338532185,1.0369883110144251,1.496991917458582,4.368495052895653,1.620294235960039,2.339049871029034,16.376327285723985,10.570578928356223,12.71126651564985,25.588011383943726,16.5165295755566,19.86135393070289,2.7234480269377848,1.112009865992128,1.556514510165957,5.012481031173837,2.046643925138886,2.864750632207283,15.232754747372118,10.222743495656577,12.020627161990596,28.035744933813714,18.81486532942928,22.123853672375333,0.5778894472361809,-0.002110552763819218,-0.022110552763819125,0.48743718592964824,0.012437185929648265,-0.007562814070351753,0.37688442211055273,-0.008115577889447279,-0.018115577889447287,0.3913043478260869,0.09748130942875799,0.14325095516757747,0.3926174496644296,0.3919597989949749,0.08870165363156635,0.13152574223370617,0.40909090909090906,0.39799331103678925,0.10583972172126332,0.1499399183782798,0.40604026845637586,22.0,12.0,12.0,29.0,7.0,8.0,37.0,11.0,10.0,0.00020584364422878982,5.048811059910218e-06,1.668877137822641e-05,-0.012541394257684857,-0.010401553187713297,-0.01235677885656461,"[2.88671875, 1.2119140625, 0.349609375, 0.021087646484375, 0.0001302957534790039, 1.0205078125, 0.00885009765625, 0.0287628173828125, 1.6259765625, 8.046875, 0.193359375, 7.234375, 5.3046875, 8.3515625, 2.388671875, 5.59765625, 7.078125, 2.990234375, 0.9697265625, 0.04486083984375, 2.5234375, 6.90234375, 1.5166015625, 7.4375, 0.10626220703125, 0.469970703125, 6.16796875, 0.68505859375, 0.93505859375, 0.2445068359375, 0.9130859375, 0.92138671875, 0.003719329833984375, 0.27294921875, 1.7412109375, 0.006038665771484375, 2.7418136596679688e-06, 0.1468505859375, 0.295654296875, 6.01171875, 1.59765625, 0.06536865234375, 1.3837890625, 5.06640625, 2.70703125, 5.3828125, 0.0162200927734375, 0.03900146484375, 0.322509765625, 3.525390625, 0.04595947265625, 0.8505859375, 0.061981201171875, 0.16015625, 4.61328125, 0.2314453125, 3.38671875, 3.0390625, 12.21875, 0.6650390625, 0.6416015625, 5.55859375, 4.140625, 5.79296875, 2.19921875, 5.22265625, 5.0234375, 0.1676025390625, 5.12890625, 5.83984375, 3.208984375, 2.767578125, 3.712890625, 4.1796875, 0.36669921875, 5.5546875, 2.291015625, 5.328125, 1.4443359375, 4.09375, 1.3037109375, 8.5, 0.3857421875, 6.19921875, 2.412109375, 0.443115234375, 3.5078125, 12.7109375, 0.0989990234375, 0.69677734375, 0.1290283203125, 8.6953125, 2.41015625, 6.0, 0.2078857421875, 0.90869140625, 8.3515625, 1.205078125, 0.234130859375, 1.0263671875, 6.7421875, 0.00986480712890625, 0.95849609375, 0.03399658203125, 3.369140625, 0.05023193359375, 2.4609375, 1.5966796875, 5.21484375, 8.0859375, 0.6083984375, 5.19140625, 0.6982421875, 7.37890625, 9.140625, 4.2734375, 1.3251953125, 6.19140625, 1.8935546875, 3.958984375, 0.06439208984375, 7.73046875, 0.80126953125, 0.00110626220703125, 0.45361328125, 0.456787109375, 2.431640625, 9.834766387939453e-05, 3.9375, 0.27734375, 3.4140625, 0.44482421875, 6.0234375, 0.576171875, 0.05364990234375, 2.607421875, 7.265625, 4.546875, 7.6484375, 9.3046875, 5.96875, 0.1719970703125, 0.0511474609375, 2.54296875, 6.62890625, 0.6640625, 2.037109375, 1.1220703125, 4.01171875, 1.3642578125, 4.1328125, 1.189453125, 0.0318603515625, 0.875, 7.69140625, 0.0207061767578125, 0.078125, 0.349609375, 0.2000732421875, 0.278564453125, 5.03515625, 0.1724853515625, 8.1640625, 0.265625, 0.0011930465698242188, 0.17333984375, 1.712890625, 8.8203125, 3.607421875, 1.3984375, 5.4609375, 2.353515625, 4.91796875, 0.96484375, 0.00020444393157958984, 1.5029296875, 0.93505859375, 2.486328125, 7.1796875, 5.1875, 5.2421875, 0.3857421875, 0.3525390625, 1.984375, 0.077880859375, 7.77734375, 5.2421875, 0.051177978515625, 1.4697265625, 1.322265625, 6.7265625, 0.0141448974609375, 5.88671875, 3.361328125, 0.292724609375, 1.6640625, 2.919921875, 1.6435546875, 4.54296875, 0.61279296875, 0.5126953125, 1.5020370483398438e-05, 4.22265625, 0.93408203125, 0.0002486705780029297, 5.733966827392578e-05, 1.3779296875, 0.5146484375, 5.97265625, 5.39453125, 0.0011053085327148438, 4.8203125, 6.3515625, 3.185546875, 4.73828125, 0.223876953125, 5.08203125, 12.375, 2.701171875, 0.0237274169921875, 2.26171875, 1.1328125, 4.43359375, 6.36328125, 2.615234375, 2.0546875, 5.4921875, 0.1226806640625, 1.291015625, 0.451171875, 7.7265625, 1.9375, 0.0484619140625, 3.541015625, 2.986328125, 4.05078125, 10.890625, 14.234375, 0.1773681640625, 1.689453125, 0.44189453125, 6.60546875, 0.07806396484375, 0.388671875, 0.0279388427734375, 0.2137451171875, 1.1484375, 0.0200653076171875, 0.00872802734375, 0.23681640625, 2.30859375, 9.059906005859375e-06, 0.216064453125, 0.12164306640625, 4.45703125, 0.07012939453125, 5.37890625, 0.0711669921875, 0.01483154296875, 1.18359375, 0.494140625, 5.2109375, 3.107421875, 2.236328125, 5.2578125, 0.8515625, 0.7041015625, 0.1531982421875, 0.01416015625, 0.58203125, 0.0158233642578125, 0.36865234375, 0.37890625, 0.80224609375, 10.3828125, 4.265625, 0.028533935546875, 5.1796875, 0.65234375, 4.5234375, 0.0361328125, 0.00484466552734375, 4.9765625, 0.67041015625, 0.37060546875, 0.69384765625, 3.162109375, 5.8125, 0.5947265625, 5.5703125, 0.70751953125, 5.0, 6.5234375, 2.068359375, 3.17578125, 2.6328125, 4.63671875, 1.9794921875, 4.41796875]",-1.0684762012998394
478,1,test,3.209576074807149,1.421548943418112,1.9581198048984996,5.475159186435725,2.424995256419132,3.34032202012097,24.768583971923295,18.79093625986445,21.27315443022079,42.252290305045626,32.05512656094524,36.28949873390605,3.7401697983094797,1.574438066796688,2.230374928424855,5.381539278143137,2.26537851337653,3.209172558884684,42.105138939467146,33.38415794016871,37.57933661873081,60.582933725852016,48.03475962614204,54.070987940619865,3.311828943797976,1.4764025439747537,2.029466679091601,5.489219243864048,2.4470760397371607,3.3637569266711616,27.43525715733507,21.167450990172966,23.830111173619446,45.472801918234914,35.084172911888885,39.49742183472836,0.778894472361809,-0.016105527638191064,-0.016105527638191064,0.6432160804020101,-0.021783919597989976,-0.01678391959798986,0.5175879396984925,0.007587939698492474,0.017587939698492483,0.39622641509433965,0.07440537898758925,0.14204231467592965,0.3785488958990536,0.4321608040201005,0.08378987670180471,0.15670170552260465,0.46464646464646464,0.4013377926421404,0.07078687444514542,0.14327327651310817,0.38926174496644295,24.0,6.0,7.0,32.0,4.0,6.0,40.0,4.0,4.0,0.0006223173980635748,0.0002318217031557845,0.0005535242609095626,-0.00556839740252979,-0.008506815057804928,-0.010355160855470835,"[2.859375, 1.2138671875, 0.2264404296875, 0.32666015625, 0.0012578964233398438, 1.1240234375, 0.007511138916015625, 0.03033447265625, 7.890625, 9.6171875, 3.5546875, 2.16015625, 7.63671875, 6.98046875, 2.505859375, 1.044921875, 3.23046875, 3.021484375, 11.953125, 5.3515625, 8.0078125, 10.015625, 1.587890625, 3.666015625, 0.7314453125, 1.6611328125, 0.432861328125, 5.54296875, 2.69140625, 0.923828125, 4.06640625, 8.9296875, 2.3984375, 0.1708984375, 0.032470703125, 0.45263671875, 2.482421875, 1.74609375, 3.232421875, 4.078125, 4.33203125, 0.343994140625, 0.30322265625, 2.873046875, 6.23828125, 6.3125, 5.578125, 1.9296875, 0.77685546875, 10.6484375, 0.54833984375, 2.880859375, 5.18359375, 0.6767578125, 4.81640625, 2.63671875, 3.876953125, 3.83984375, 8.6171875, 1.73828125, 8.046875, 1.720703125, 2.380859375, 3.357421875, 1.9765625, 1.7041015625, 7.53515625, 8.9765625, 3.98046875, 1.125, 0.03155517578125, 5.17578125, 10.59375, 3.9453125, 0.9453125, 8.28125, 0.11932373046875, 3.591796875, 3.830078125, 0.2242431640625, 2.412109375, 1.2587890625, 2.408203125, 5.02734375, 2.455078125, 4.6015625, 3.1796875, 5.34765625, 3.828125, 4.5234375, 4.0859375, 1.087890625, 7.04296875, 2.404296875, 2.251953125, 0.257568359375, 3.4921875, 1.990234375, 8.625, 4.30859375, 2.994140625, 2.875, 8.3671875, 6.2890625, 2.25390625, 2.21484375, 0.59765625, 2.634765625, 4.10546875, 5.3515625, 0.0289459228515625, 0.75146484375, 1.4755859375, 0.08795166015625, 9.5367431640625e-07, 0.31494140625, 1.3798828125, 1.9951171875, 6.8671875, 1.9501953125, 0.078857421875, 5.875, 0.01111602783203125, 0.58056640625, 7.1796875, 1.85546875, 2.333984375, 1.314453125, 7.67578125, 3.92578125, 1.4326171875, 10.4921875, 6.484375, 0.445068359375, 6.60546875, 10.1484375, 3.1796875, 2.240234375, 2.130859375, 9.2421875, 14.375, 6.4296875, 0.724609375, 4.4453125, 3.14453125, 1.5986328125, 4.890625, 0.032806396484375, 4.85546875, 4.6953125, 0.209716796875, 8.3515625, 2.498046875, 1.4677734375, 9.6875, 2.65234375, 3.599609375, 6.9453125, 2.759765625, 2.91015625, 4.125, 6.40625, 0.05413818359375, 4.92578125, 6.18359375, 1.3662109375, 2.17578125, 4.65625, 9.2421875, 5.25, 5.17578125, 0.060760498046875, 6.78515625, 10.453125, 0.04852294921875, 5.4140625, 0.0096282958984375, 0.00098419189453125, 5.046875, 8.2109375, 7.00390625, 6.60546875, 1.4033203125, 1.1552734375, 4.55859375, 4.765625, 6.5, 0.60595703125, 6.3359375, 2.076171875, 5.97265625, 2.84765625, 1.2568359375, 6.03515625, 9.4453125, 0.0369873046875, 4.64453125, 10.4453125, 0.493896484375, 5.7734375, 1.6962890625, 1.1904296875, 8.359375, 0.5146484375, 1.3408203125, 2.15625, 0.0005106925964355469, 2.134765625, 4.51171875, 9.2890625, 5.0703125, 10.6640625, 1.716796875, 10.8359375, 1.1630859375, 3.521484375, 0.67919921875, 4.57421875, 2.00390625, 2.427734375, 2.548828125, 2.478515625, 2.09375, 0.0338134765625, 8.921875, 0.0285491943359375, 0.01044464111328125, 0.0019321441650390625, 0.006443023681640625, 0.028717041015625, 0.057281494140625, 1.236328125, 4.75390625, 4.328125, 0.050628662109375, 0.026275634765625, 1.720703125, 0.285888671875, 7.078125, 3.10546875, 0.8701171875, 7.4609375, 2.671875, 11.3203125, 9.25, 3.765625, 2.478515625, 0.133056640625, 0.004913330078125, 0.02154541015625, 0.025390625, 0.00975799560546875, 2.115234375, 2.380859375, 6.0390625, 0.234375, 2.404296875, 0.051422119140625, 11.3671875, 3.9375, 5.78125, 4.0234375, 3.50390625, 6.234375, 0.63232421875, 2.412109375, 0.78271484375, 3.91015625, 3.20703125, 2.498046875, 4.03515625, 0.057708740234375, 3.146484375, 1.823902130126953e-05, 0.72119140625, 1.392578125, 0.0010967254638671875, 3.2186508178710938e-06, 0.00604248046875, 0.77294921875, 0.0051116943359375, 8.344650268554688e-07, 0.08233642578125, 0.374755859375, 0.0087432861328125, 3.5762786865234375e-07, 0.01334381103515625, 0.4267578125, 0.00835418701171875, 2.384185791015625e-07, 0.0216522216796875, 0.429931640625, 0.0208740234375, 1.1920928955078125e-07, 0.0042266845703125, 1.3642578125, 8.1484375, 2.6328125, 2.92578125, 0.019805908203125, 6.4296875, 0.004627227783203125, 0.0016431808471679688, 0.0027828216552734375, 0.00943756103515625, 0.00426483154296875, 0.0088653564453125, 2.064453125, 0.36083984375, 1.888671875, 0.06475830078125, 6.8203125, 0.11572265625, 3.064453125, 3.9296875, 1.51953125, 4.09375, 0.00504302978515625]",-0.8770704820470989
479,1,test,2.533120385445784,1.1026015915933511,1.532890340939406,4.617333360812568,2.0098054327777537,2.7941292290541067,12.592739093651,8.411871455836256,9.873831867458632,22.953853537794224,15.333031514435703,17.997870745747377,2.1962284939972,0.8583720811669908,1.2452277201501964,3.6301297421441325,1.4187968283751915,2.0582276366118952,8.991039713285835,5.180173892657086,6.402741048078392,14.861222666588157,8.56227089695386,10.583043054675027,2.533120385445784,1.1026015915933511,1.532890340939406,4.617333360812568,2.0098054327777537,2.7941292290541067,12.592739093651,8.411871455836256,9.873831867458632,22.953853537794224,15.333031514435703,17.997870745747377,0.5125628140703518,-0.012437185929648265,-0.00743718592964826,0.38190954773869346,-0.013090452261306562,-0.0030904522613065533,0.2814070351758794,0.0014070351758793676,0.0014070351758793676,0.372822299651568,0.07543099530374187,0.14454883499339877,0.43356643356643354,0.3467336683417085,0.06853817961990394,0.11968859321649983,0.3737373737373737,0.372822299651568,0.07543099530374187,0.14454883499339877,0.43356643356643354,19.0,0.0,0.0,27.0,0.0,-1.0,37.0,3.0,3.0,-0.000511024230540444,-0.00014057555911378185,-0.0003181996125485677,-0.011650392716402891,-0.010338858205722445,-0.009626361325203447,"[3.783203125, 0.040191650390625, 0.3896484375, 0.0202484130859375, 0.0006041526794433594, 0.7236328125, 0.0200653076171875, 0.01122283935546875, 6.55859375, 0.42626953125, 0.1304931640625, 2.177734375, 0.264892578125, 0.19970703125, 0.458984375, 0.0164947509765625, 0.0750732421875, 0.367431640625, 1.6142578125, 3.697265625, 1.0234375, 0.0300750732421875, 1.158203125, 1.0234375, 5.6484375, 0.3779296875, 1.681640625, 5.5546875, 4.4765625, 0.11944580078125, 7.09375, 1.26953125, 2.4140625, 0.0001901388168334961, 0.047119140625, 0.40380859375, 2.154296875, 0.00878143310546875, 0.67041015625, 5.984375, 0.328125, 0.413818359375, 6.1953125, 0.050018310546875, 0.045654296875, 0.8916015625, 2.390625, 1.9501953125, 7.50390625, 1.6298828125, 0.67626953125, 6.3046875, 0.457763671875, 0.0059967041015625, 2.8515625, 4.2421875, 0.1390380859375, 2.9375, 3.19140625, 2.001953125, 8.5859375, 7.6171875, 1.5322265625, 6.7890625, 5.046875, 1.7412109375, 2.525390625, 4.506111145019531e-05, 0.2115478515625, 0.1544189453125, 3.052734375, 0.49267578125, 5.9765625, 0.054351806640625, 4.85546875, 5.6484375, 0.021270751953125, 5.84765625, 2.07421875, 5.13671875, 0.01445770263671875, 0.08331298828125, 1.9990234375, 4.10546875, 5.25, 7.453125, 0.310546875, 0.1800537109375, 5.125, 2.443359375, 0.66455078125, 0.00768280029296875, 0.9970703125, 11.265625, 3.5390625, 9.7578125, 1.19921875, 5.4765625, 1.1923828125, 5.53125, 0.0031871795654296875, 0.72802734375, 3.908203125, 2.109375, 5.0625, 0.1434326171875, 3.076171875, 4.94140625, 1.4111328125, 7.1484375, 3.1328125, 6.2890625, 3.94140625, 2.5546875, 4.09375, 7.72265625, 1.099609375, 0.94775390625, 2.37109375, 8.40625, 0.09027099609375, 8.0390625, 7.86328125, 0.38720703125, 0.0660400390625, 0.0050811767578125, 1.52734375, 0.1268310546875, 0.047027587890625, 0.2265625, 0.02813720703125, 3.08203125, 3.95703125, 0.1307373046875, 1.5634765625, 0.01187896728515625, 0.06195068359375, 3.837890625, 0.06719970703125, 0.0031642913818359375, 0.0189666748046875, 0.3818359375, 0.042449951171875, 0.0252838134765625, 0.00931549072265625, 0.004917144775390625, 1.3203125, 0.054229736328125, 2.171875, 0.385009765625, 0.52783203125, 0.1436767578125, 1.5927734375, 1.7412109375, 3.62890625, 0.054901123046875, 1.26171875, 0.0029125213623046875, 2.712890625, 0.405517578125, 2.287109375, 2.00390625, 1.4765625, 6.03125, 0.16455078125, 9.9453125, 0.11431884765625, 2.1015625, 0.052978515625, 0.005931854248046875, 2.529296875, 3.166015625, 0.91796875, 1.9140625, 1.451171875, 6.65234375, 0.00139617919921875, 12.3515625, 0.272705078125, 0.89697265625, 0.06182861328125, 0.02423095703125, 1.310546875, 4.70703125, 2.416015625, 2.17578125, 3.267578125, 0.93310546875, 1.0244140625, 0.66748046875, 0.1702880859375, 0.0011539459228515625, 2.29296875, 4.078125, 0.34130859375, 0.92138671875, 5.6015625, 0.002079010009765625, 0.92529296875, 7.015625, 8.296875, 3.431640625, 3.583984375, 3.693359375, 9.984375, 4.41015625, 2.953125, 2.328125, 1.811981201171875e-05, 0.6064453125, 2.193359375, 1.4599609375, 0.69873046875, 8.40625, 3.349609375, 0.032867431640625, 3.021484375, 1.14453125, 2.16796875, 1.0478515625, 0.496337890625, 5.71484375, 1.4228515625, 1.800060272216797e-05, 0.03436279296875, 1.4609375, 3.4453125, 1.3212890625, 5.33984375, 0.2724609375, 1.7763671875, 4.0234375, 0.044586181640625, 0.016082763671875, 0.96484375, 3.271484375, 1.158203125, 2.498046875, 3.306640625, 1.5458984375, 0.041900634765625, 1.3671875, 0.0013437271118164062, 3.17578125, 9.65625, 1.8740234375, 1.7568359375, 2.3203125, 3.1015625, 0.99755859375, 5.9921875, 2.9375, 1.890625, 2.1953125, 6.3125, 4.58203125, 4.06640625, 4.53125, 3.947265625, 1.9990234375, 1.66015625, 3.84765625, 6.1875, 5.66796875, 1.9130859375, 1.7294921875, 1.646484375, 0.0003941059112548828, 4.75, 2.611328125, 4.078125, 7.62109375, 7.109375, 2.712890625, 2.11328125, 10.34375, 7.890625, 4.1484375, 3.119140625, 3.57421875, 13.28125, 0.11309814453125, 4.94140625, 3.48046875, 6.53125, 1.1572265625, 1.8466796875]",-1.287560709677507
427,1,test,2.8496698980474293,1.1312892122144165,1.6023246172220056,5.416393848771,2.1502518359820115,3.045553173159557,17.282076051824266,11.706583375741987,13.800986686458677,32.84820128999222,22.25081095531101,26.231662638091667,3.0590643756952716,1.158938260871507,1.659928471056755,5.366779606482933,2.03322501907282,2.9121552123802728,21.307611913270367,14.620874227420163,17.255914512413483,37.38177528643924,25.650656539333617,30.27353423230436,2.8496698980474293,1.1312892122144165,1.6023246172220056,5.416393848771,2.1502518359820115,3.045553173159557,17.282076051824266,11.706583375741987,13.800986686458677,32.84820128999222,22.25081095531101,26.231662638091667,0.7135678391959799,0.003567839195979916,-0.006432160804020093,0.5678391959798995,-0.0021608040201005485,-0.007160804020100442,0.4371859296482412,-0.00781407035175874,0.0021859296482411583,0.41947565543071164,0.09237285169239384,0.1417670626536257,0.3721804511278195,0.42211055276381915,0.09128348509464623,0.13329586161189932,0.40909090909090906,0.41947565543071164,0.09237285169239384,0.1417670626536257,0.3721804511278195,22.0,13.0,13.0,34.0,18.0,17.0,43.0,20.0,20.0,0.00024234528518372035,0.0005415334783437792,0.00011132182433308916,-0.00016252502302549487,0.00022759863213561715,7.184004964067014e-05,"[1.859375, 5.28125, 0.00511932373046875, 0.052032470703125, 2.68359375, 11.25, 2.138671875, 0.2705078125, 1.5478515625, 4.9921875, 3.10546875, 6.08203125, 5.07421875, 0.059234619140625, 5.25390625, 3.21875, 3.080078125, 6.17578125, 7.734375, 1.521484375, 5.29296875, 1.767578125, 1.4521484375, 0.88818359375, 7.1171875, 0.015289306640625, 7.4140625, 4.25, 5.46875, 1.6181640625, 0.419189453125, 8.765625, 0.00429534912109375, 1.8154296875, 9.5234375, 0.0780029296875, 5.0, 3.666015625, 0.60498046875, 6.42578125, 5.27734375, 2.076171875, 6.32421875, 7.859375, 1.1201171875, 0.822265625, 0.01018524169921875, 1.3134765625, 6.06640625, 0.98583984375, 3.689453125, 0.1134033203125, 6.7109375, 3.03515625, 5.9296875, 3.40625, 4.55078125, 1.216796875, 4.1015625, 8.9921875, 0.0987548828125, 0.83740234375, 5.51953125, 2.40625, 1.109375, 4.19921875, 0.89697265625, 0.048004150390625, 0.0008997917175292969, 4.7890625, 1.4443359375, 2.115234375, 0.00026345252990722656, 5.984375, 4.44140625, 0.43408203125, 1.18359375, 0.97265625, 8.0234375, 6.578125, 3.22265625, 1.1669921875, 7.23046875, 8.3359375, 0.7158203125, 4.53125, 0.58984375, 2.375, 1.875, 3.94140625, 3.578125, 4.1328125, 4.94140625, 6.9375, 2.6484375, 1.701171875, 0.0006890296936035156, 3.310546875, 0.73095703125, 6.11328125, 0.61572265625, 5.6015625, 8.125, 0.0380859375, 0.011962890625, 0.341552734375, 1.23828125, 4.52734375, 0.8818359375, 6.09765625, 0.009918212890625, 0.00016188621520996094, 2.0390625, 6.0078125, 0.8935546875, 0.8125, 5.28515625, 3.859375, 2.857421875, 4.8515625, 0.0291595458984375, 0.0006213188171386719, 4.3984375, 1.9296875, 2.951171875, 4.38671875, 0.69775390625, 3.787109375, 3.466796875, 2.275390625, 4.37109375, 0.80126953125, 0.0206451416015625, 3.11328125, 0.001628875732421875, 3.060546875, 0.1248779296875, 2.158203125, 0.25927734375, 2.302734375, 7.78125, 2.650390625, 0.023956298828125, 0.0008921623229980469, 6.58984375, 2.32421875, 1.3095703125, 3.185546875, 5.89453125, 8.8125, 1.7001953125, 0.623046875, 3.154296875, 3.025390625, 2.103515625, 7.96875, 0.08099365234375, 0.365478515625, 1.380859375, 2.2109375, 2.017578125, 9.234375, 0.2327880859375, 0.4755859375, 3.01171875, 6.29296875, 2.8046875, 2.302734375, 2.57421875, 0.00534820556640625, 2.015625, 6.23046875, 1.734375, 1.876953125, 0.87939453125, 0.61865234375, 2.306640625, 0.00021827220916748047, 3.869140625, 0.1365966796875, 3.076171875, 5.2734375, 2.494140625, 0.62841796875, 2.484375, 5.4921875, 2.9140625, 4.6171875, 0.005832672119140625, 6.82421875, 0.0131072998046875, 0.1749267578125, 1.7646484375, 2.185546875, 2.771484375, 9.09375, 5.05078125, 6.9609375, 7.36328125, 0.15771484375, 2.80078125, 4.046875, 0.1705322265625, 3.064453125, 1.1025390625, 3.005859375, 6.203125, 0.319091796875, 1.2783203125, 0.650390625, 3.451171875, 0.022613525390625, 0.003429412841796875, 0.333251953125, 2.302734375, 0.130126953125, 0.91796875, 0.6767578125, 0.31787109375, 0.744140625, 1.8330078125, 8.940696716308594e-05, 2.1640625, 8.1796875, 6.30078125, 2.541015625, 2.974609375, 0.0020542144775390625, 0.0003833770751953125, 5.86328125, 4.29296875, 0.943359375, 1.779296875, 4.578125, 0.00274658203125, 1.4677734375, 4.53125, 4.58984375, 0.353515625, 0.0013723373413085938, 2.455078125, 0.2100830078125, 1.32421875, 6.74609375, 6.8984375, 2.642578125, 5.484375, 4.125, 3.546875, 7.2578125, 0.042877197265625, 3.595703125, 1.6298828125, 2.763671875, 1.578125, 1.1201171875, 1.2392578125, 0.01549530029296875, 0.006572723388671875, 1.5966796875, 1.9296875, 0.393310546875, 1.1435546875, 5.671875, 0.0489501953125, 2.669921875, 1.6630859375]",-0.9104993696069896
123,1,test,2.7794569180561948,1.212375279860647,1.6687569279115453,4.845470349124703,2.1135526269228393,2.9091698315463304,16.110269375424483,11.317628271326367,13.073786216447008,28.08528244057958,19.730196879424575,22.791734259688365,2.797394381695656,1.134127602508327,1.58044400791869,4.270831117092604,1.7314925229134759,2.412891615143038,16.401854073390872,11.12533412787544,13.024980261507753,25.040998585329575,16.985242943321282,19.88546604810344,2.6907247193282267,1.153812323250706,1.5844161646799344,4.639180550565908,1.989331591811562,2.7317520080688524,14.742356120325477,10.09214604495639,11.71917824524606,25.417855379871515,17.400251801648952,20.205479733182862,0.6532663316582914,0.013266331658291386,-0.01673366834170853,0.5276381909547738,-0.002361809045226204,-0.017361809045226106,0.4170854271356784,-0.012914572864321627,0.012085427135678395,0.42153846153846153,0.09588561975658749,0.16360601527438778,0.4012345679012346,0.44723618090452266,0.11139658190702895,0.17845487873423882,0.398989898989899,0.43143812709030105,0.10756500522051804,0.17893534622267038,0.3959731543624161,23.0,12.0,12.0,33.0,10.0,10.0,45.0,18.0,19.0,0.00017108672386390012,8.667928088102664e-05,-6.867921337687959e-05,0.00040436298294821427,2.9341792515680254e-06,-0.0001314242545484845,"[2.88671875, 1.2119140625, 0.349609375, 0.021087646484375, 0.0001302957534790039, 1.0205078125, 0.00885009765625, 0.0287628173828125, 3.625, 6.52734375, 4.84765625, 4.83984375, 6.61328125, 3.294921875, 2.0390625, 0.09637451171875, 1.095703125, 6.11328125, 8.4921875, 7.26953125, 10.5, 2.328125, 8.7421875, 4.2265625, 3.7890625, 7.57421875, 7.5078125, 1.8291015625, 4.27734375, 5.48046875, 0.53662109375, 0.420166015625, 0.9404296875, 3.763671875, 6.9765625, 3.482421875, 4.71484375, 8.390625, 6.3203125, 2.794921875, 0.7802734375, 2.4609375, 1.8251953125, 2.4140625, 1.5439453125, 2.8828125, 3.7734375, 8.40625, 0.76171875, 0.05645751953125, 0.7236328125, 0.338134765625, 0.0024566650390625, 4.18359375, 3.0703125, 2.068359375, 2.552734375, 1.931640625, 3.08203125, 4.61328125, 7.234375, 3.248046875, 8.0546875, 1.73828125, 0.00598907470703125, 5.921875, 0.1378173828125, 0.53857421875, 5.42578125, 0.16015625, 7.453125, 0.7666015625, 0.024383544921875, 0.58154296875, 4.0859375, 0.4443359375, 0.76318359375, 5.34375, 1.89453125, 0.88720703125, 5.1015625, 2.45703125, 0.002834320068359375, 0.051116943359375, 0.00862884521484375, 1.1920928955078125e-07, 3.71484375, 0.41015625, 11.34375, 6.6328125, 4.1640625, 7.671875, 2.70703125, 0.0728759765625, 1.67578125, 1.1920928955078125e-07, 3.50390625, 0.43212890625, 7.06640625, 3.748046875, 0.478759765625, 0.0008788108825683594, 0.0047454833984375, 0.00335693359375, 3.5762786865234375e-06, 4.15234375, 1.404296875, 2.142578125, 4.015625, 0.4619140625, 0.7470703125, 3.1640625, 1.087890625, 0.0145416259765625, 2.482421875, 0.712890625, 1.5185546875, 5.921875, 2.677734375, 2.46875, 4.3046875, 0.66650390625, 9.5367431640625e-06, 3.54296875, 4.20703125, 2.966796875, 4.1328125, 0.9892578125, 2.826171875, 1.2490234375, 2.3984375, 7.2734375, 1.4208984375, 1.0439453125, 1.9580078125, 2.412109375, 4.03125, 0.368896484375, 4.09375, 3.359375, 0.19482421875, 4.73828125, 1.2978515625, 0.2017822265625, 3.818359375, 3.88671875, 0.304443359375, 5.19921875, 0.0338134765625, 0.094482421875, 1.673828125, 0.21923828125, 1.849609375, 0.0885009765625, 1.7333984375, 4.01953125, 0.2900390625, 1.81640625, 0.0361328125, 5.99609375, 1.0224609375, 6.77734375, 6.1640625, 2.041015625, 0.331787109375, 0.0428466796875, 1.1328125, 0.8779296875, 4.33984375, 0.005916595458984375, 0.0074005126953125, 4.41796875, 2.75, 0.340576171875, 2.2578125, 2.79296875, 1.052734375, 0.97998046875, 7.73828125, 2.013671875, 3.408203125, 2.908203125, 5.56640625, 6.24609375, 6.01953125, 4.921875, 3.24609375, 2.478515625, 3.806640625, 1.2490234375, 0.454833984375, 0.0595703125, 10.03125, 0.06689453125, 0.00017631053924560547, 3.306640625, 0.77099609375, 4.6328125, 5.47265625, 0.406494140625, 0.0003941059112548828, 0.003997802734375, 0.003269195556640625, 2.2649765014648438e-06, 4.390625, 0.417236328125, 6.59375, 0.1451416015625, 0.0003714561462402344, 0.004856109619140625, 0.0031890869140625, 3.0994415283203125e-06, 4.55078125, 1.3701171875, 6.3984375, 0.0097808837890625, 2.208984375, 4.52734375, 3.294921875, 0.2288818359375, 2.310546875, 3.25390625, 1.4150390625, 0.3232421875, 0.020721435546875, 0.0010156631469726562, 3.37109375, 1.51953125, 0.87890625, 5.20703125, 1.671875, 7.29296875, 9.5546875, 1.9208984375, 2.548828125, 5.62109375, 5.39453125, 2.0078125, 1.529296875, 4.6171875, 2.9765625, 4.03125, 0.89990234375, 3.685546875, 0.0037326812744140625, 2.66015625, 2.013671875, 1.2041015625, 2.125, 0.157958984375, 3.171875, 2.16015625, 5.90234375, 4.58203125, 5.15234375, 2.900390625, 1.7373046875, 7.15234375, 6.07421875, 2.880859375, 6.4373016357421875e-06, 4.14453125, 1.384765625, 2.23828125, 6.328125, 10.2890625, 0.8447265625, 0.29296875, 2.671875, 5.31640625, 2.04296875, 5.48828125, 0.650390625, 3.18359375, 10.875, 0.3486328125, 1.884765625, 3.9765625, 3.703125, 3.16015625, 3.279296875, 4.07421875, 2.7890625, 1.7509765625, 2.40234375, 3.240234375, 2.482421875, 0.09185791015625, 0.445556640625, 0.14599609375, 0.892578125, 1.8154296875, 0.0005383491516113281, 2.056640625, 1.390625, 0.04620361328125, 0.365966796875, 0.0950927734375, 0.004669189453125, 0.00040531158447265625, 0.192138671875, 1.095703125, 0.71435546875, 6.73828125, 1.7734375, 11.84375, 2.26953125, 1.8642578125, 2.095703125, 3.84765625, 2.525390625, 10.375, 5.421875, 4.8125, 2.279296875, 2.55078125, 0.9619140625, 11.9453125, 0.006427764892578125, 6.72265625, 4.7890625, 2.705078125, 0.9990234375, 3.59375, 4.66015625]",-1.1309840037272525
464,1,test,2.9118703565563595,1.2219313431734664,1.7138095350570146,5.332126237330477,2.2375625894475166,3.1382746031563515,18.391164453784004,12.972014254369164,15.077479591930999,33.67732711666941,23.753948180078602,27.609410681328193,3.0760160954154316,1.1390172440982196,1.67562365540922,4.806275149086612,1.779714443903468,2.6181619615769063,21.67189143726244,14.733993405897248,17.615099735407767,33.86233037072256,23.021864696714452,27.523593336574635,2.9118703565563595,1.2219313431734664,1.7138095350570146,5.332126237330477,2.2375625894475166,3.1382746031563515,18.391164453784004,12.972014254369164,15.077479591930999,33.67732711666941,23.753948180078602,27.609410681328193,0.6834170854271358,0.013417085427135822,0.003417085427135813,0.5226130653266332,0.017613065326633204,0.007613065326633195,0.40201005025125625,-0.002989949748743781,-0.007989949748743785,0.39145907473309605,0.07529566443114222,0.14057150076859903,0.3928571428571429,0.40201005025125625,0.08872684223120608,0.11987315542654842,0.40909090909090906,0.39145907473309605,0.07529566443114222,0.14057150076859903,0.3928571428571429,23.0,6.0,7.0,33.0,7.0,5.0,42.0,7.0,8.0,0.00031143824179084,-0.00012161779225039949,8.014845875906969e-05,-0.00025954392907312496,0.0001733692814402943,2.277625207813827e-05,"[2.859375, 2.21484375, 5.265625, 0.125732421875, 0.0014190673828125, 0.8134765625, 0.0162811279296875, 0.02850341796875, 5.19140625, 4.08203125, 0.48046875, 9.078125, 4.85546875, 4.17578125, 0.490966796875, 6.78125, 0.78076171875, 0.09014892578125, 3.826171875, 4.26171875, 1.126953125, 6.921875, 0.0290069580078125, 2.734375, 7.01171875, 0.2401123046875, 6.7734375, 5.75, 0.900390625, 6.2890625, 0.006435394287109375, 4.13671875, 1.8662109375, 1.947265625, 0.4912109375, 1.166015625, 2.318359375, 0.10662841796875, 5.12109375, 1.7900390625, 2.333984375, 1.9365234375, 2.857421875, 0.1043701171875, 2.2421875, 5.76171875, 1.23046875, 3.056640625, 7.99609375, 1.103515625, 5.04296875, 4.4453125, 7.8046875, 0.35693359375, 0.26318359375, 4.6015625, 7.53515625, 0.1484375, 3.736328125, 3.34765625, 5.32421875, 3.91015625, 0.58984375, 4.71484375, 3.265625, 0.007190704345703125, 7.41015625, 4.49609375, 0.791015625, 2.740234375, 2.48828125, 6.83984375, 10.96875, 0.412841796875, 0.775390625, 0.333740234375, 4.48828125, 1.6181640625, 1.9208984375, 0.0235748291015625, 6.31640625, 3.23046875, 7.69140625, 1.2646484375, 0.0180816650390625, 0.0007023811340332031, 1.462890625, 6.109375, 2.51171875, 1.6728515625, 0.6796875, 0.4462890625, 1.0390625, 0.00023639202117919922, 2.361328125, 1.1962890625, 1.4716796875, 0.1832275390625, 0.00014507770538330078, 1.091796875, 0.5146484375, 0.42578125, 8.3125, 0.46337890625, 0.343994140625, 6.80078125, 2.396484375, 2.265625, 2.14453125, 0.353271484375, 0.34375, 9.765625, 7.00390625, 1.3056640625, 0.7021484375, 1.224609375, 0.05389404296875, 9.0234375, 1.267578125, 1.1474609375, 2.05859375, 0.0246734619140625, 4.2578125, 6.453125, 0.00740814208984375, 4.99609375, 6.0859375, 0.666015625, 3.193359375, 7.1640625, 0.08282470703125, 10.4609375, 4.7734375, 2.361328125, 5.07421875, 0.90576171875, 3.45703125, 1.3837890625, 3.2109375, 0.278564453125, 1.896484375, 4.66015625, 0.55078125, 0.00024127960205078125, 0.572265625, 2.517578125, 0.1705322265625, 4.15234375, 6.8046875, 2.177734375, 0.0108489990234375, 7.859375, 3.431640625, 4.45703125, 1.7568359375, 2.14453125, 9.2890625, 0.375244140625, 1.8369140625, 6.7578125, 10.5390625, 2.134765625, 1.326171875, 0.1566162109375, 5.921875, 1.0576171875, 4.203125, 3.318359375, 1.26953125, 7.015625, 9.953125, 0.9306640625, 1.423828125, 1.0654296875, 11.1640625, 0.96875, 4.25390625, 2.05078125, 0.0012035369873046875, 3.634765625, 0.53515625, 0.1700439453125, 6.3671875, 1.2421875, 7.6796875, 8.6015625, 2.572265625, 1.330078125, 1.6962890625, 3.935546875, 0.6484375, 0.218994140625, 1.8251953125, 8.6953125, 8.59375, 1.7744140625, 4.87109375, 10.484375, 1.5234375, 6.9296875, 0.78076171875, 2.310546875, 5.24609375, 0.09381103515625, 4.7734375, 4.734375, 0.381103515625, 0.334716796875, 3.150390625, 7.1484375, 0.045318603515625, 3.072265625, 1.0625, 5.80078125, 0.034271240234375, 0.62158203125, 5.47265625, 0.01067352294921875, 6.4453125, 7.1015625, 3.74609375, 1.05859375, 0.97998046875, 0.82763671875, 1.341796875, 1.9873046875, 1.7568359375, 4.9140625, 0.045257568359375, 4.19140625, 2.16796875, 2.919921875, 4.0703125, 3.9609375, 1.8154296875, 8.3359375, 0.05316162109375, 0.1279296875, 2.046875, 4.015625, 2.4375, 5.546875, 0.4228515625, 5.7734375, 0.81591796875, 9.6796875, 5.51953125, 4.47265625, 1.5263671875, 4.34765625, 0.88720703125, 0.00014007091522216797, 1.4423828125, 4.10546875, 1.4248046875, 0.08734130859375, 5.841255187988281e-06, 2.30078125, 1.791015625, 0.8740234375, 0.134521484375, 7.152557373046875e-07, 2.30859375, 0.1541748046875, 1.3994140625, 6.41015625, 1.822265625, 0.35791015625, 2.654296875, 1.71875, 4.80078125, 0.42626953125, 0.505859375, 6.0546875, 0.0083465576171875, 0.0110015869140625, 0.712890625, 6.0078125, 0.54638671875, 1.087890625, 2.494140625]",-0.8988288679156864
416,1,test,3.5448105128911824,1.487088214194484,1.9981480184237985,6.132018185807023,2.572451176213207,3.4565119749985147,34.63312219027098,26.80500281891389,29.937350354250214,59.91037724857303,46.36884373887948,51.78735961754184,3.2960401623692346,1.1541976429389451,1.7329124832688159,5.150062753701929,1.8034338170921012,2.7076757551075246,27.005489559837322,18.49037711583224,22.23176094837182,42.19607743724581,28.89121424348787,34.73712648183097,3.6148487480986478,1.534732681707287,2.1517409528129465,6.05840572307036,2.572177678839029,3.606269753317788,37.14572713887428,29.140329120838466,32.82636475392668,62.255408612638455,48.83854042598626,55.01625377753075,0.6683417085427136,-0.016658291457286478,-0.0016582914572863539,0.5527638190954773,-0.0022361809045226,0.007763819095477409,0.4623115577889447,-0.002688442211055242,-0.002688442211055242,0.43131868131868134,0.08701141108548516,0.14001858356697072,0.47658402203856753,0.4321608040201005,0.09632120502260677,0.13833776562277156,0.4545454545454546,0.4347826086956522,0.09755389417144522,0.1633699279392562,0.4832214765100671,16.0,5.0,5.0,23.0,7.0,5.0,37.0,16.0,16.0,-0.000256161685532982,-1.9764927821742825e-05,-0.00024930343630204206,-0.007128591942455742,-0.008433970965954884,-0.006512666054051763,"[1.88671875, 5.3046875, 0.005107879638671875, 0.057769775390625, 2.7578125, 9.3125, 5.0546875, 0.4287109375, 6.75390625, 1.9169921875, 3.93359375, 0.0026798248291015625, 0.01751708984375, 11.703125, 11.15625, 1.64453125, 5.36328125, 4.28515625, 8.1875, 0.31787109375, 4.0625, 2.033203125, 6.3046875, 0.251953125, 0.9345703125, 0.002155303955078125, 0.07147216796875, 5.18359375, 0.368896484375, 2.44140625, 9.5, 0.58837890625, 2.07421875, 2.197265625, 0.41259765625, 0.58203125, 0.033782958984375, 0.0577392578125, 2.013671875, 0.1865234375, 0.77197265625, 7.9140625, 13.34375, 1.68359375, 1.765625, 4.921875, 7.04296875, 4.27734375, 1.6435546875, 4.58984375, 5.25, 1.82421875, 4.08984375, 1.0078125, 0.038848876953125, 0.0001232624053955078, 5.0078125, 0.382080078125, 0.017822265625, 8.237361907958984e-05, 4.42578125, 0.4326171875, 0.0172882080078125, 0.00010347366333007812, 4.890625, 0.42626953125, 0.0138092041015625, 0.00013327598571777344, 4.02734375, 1.4296875, 4.98046875, 6.69140625, 0.01910400390625, 1.78515625, 5.2578125, 0.28857421875, 3.37109375, 2.9921875, 7.03515625, 0.8876953125, 3.38671875, 7.62939453125e-06, 3.478515625, 1.447265625, 0.0112762451171875, 8.344650268554688e-07, 3.966796875, 0.44775390625, 8.1328125, 7.07421875, 0.06939697265625, 0.17041015625, 12.484375, 7.6484375, 0.94580078125, 10.0078125, 0.0044708251953125, 1.6103515625, 4.21484375, 4.2421875, 5.171875, 1.3115234375, 4.16796875, 1.8251953125, 1.2874603271484375e-05, 4.43359375, 0.90771484375, 11.5, 5.796875, 4.640625, 0.9716796875, 2.896484375, 0.291015625, 10.515625, 0.457763671875, 2.82421875, 5.39453125, 8.671875, 4.71875, 3.76171875, 9.9921875, 7.48828125, 4.1640625, 1.43359375, 2.5272369384765625e-05, 4.12890625, 1.7587890625, 0.34912109375, 3.763671875, 11.1796875, 6.0234375, 0.68212890625, 2.169921875, 3.783203125, 0.787109375, 9.09375, 0.1077880859375, 0.79833984375, 0.00704193115234375, 2.66015625, 10.09375, 1.7109375, 2.96875, 2.796875, 3.365234375, 5.0067901611328125e-06, 1.5029296875, 3.384765625, 3.26953125, 3.392578125, 0.309814453125, 5.02734375, 2.025390625, 7.0234375, 0.0046539306640625, 0.052947998046875, 0.0022735595703125, 0.1624755859375, 5.74609375, 0.325439453125, 2.73828125, 4.0859375, 0.98095703125, 1.6181640625, 7.96875, 6.15625, 7.6953125, 3.23828125, 1.833984375, 3.669921875, 6.05078125, 4.6796875, 4.4453125, 3.861328125, 2.619140625, 0.2333984375, 0.376953125, 1.494140625, 2.515625, 4.30078125, 3.509765625, 5.1640625, 0.0211944580078125, 1.6357421875, 5.8984375, 3.375, 4.6484375, 0.452880859375, 3.662109375, 2.421875, 17.25, 2.82421875, 6.70703125, 11.140625, 0.2408447265625, 1.326171875, 3.3359375, 1.0771484375, 7.875, 0.00818634033203125, 1.080078125, 3.4375, 6.9140625, 4.875, 6.7421875, 3.9921875, 6.84375, 0.0216827392578125, 0.666015625, 0.321044921875, 11.25, 2.5078125, 3.337890625, 2.73828125, 0.0867919921875, 7.24609375, 4.56640625, 3.404296875, 3.275390625, 1.4424324035644531e-05, 3.388671875, 0.47998046875, 0.009429931640625, 7.152557373046875e-07, 4.1953125, 1.5302734375, 4.89453125, 1.3310546875, 11.6640625, 10.2890625, 4.4140625, 5.72265625, 0.005645751953125, 0.1737060546875, 4.859375, 7.15234375, 5.3515625, 10.6875, 5.72265625, 3.13671875, 3.94921875, 3.615234375, 10.0625, 3.34765625, 4.2890625, 0.34130859375, 6.265625, 6.48828125, 2.287109375, 1.458984375, 5.109375, 1.6962890625, 2.646484375, 5.56640625, 0.81201171875, 4.78515625, 3.37109375, 0.0828857421875, 0.1441650390625, 6.3125, 2.466796875, 10.0, 5.6953125, 3.8984375, 3.185546875, 2.6171875, 1.716796875, 6.7109375, 5.88671875, 3.431640625, 4.97265625, 9.8828125, 8.390625, 0.204833984375, 7.015625, 3.919921875, 4.5078125, 4.05859375, 7.61328125, 2.712890625, 9.3828125, 4.80078125, 8.328125, 3.498046875, 9.71875, 7.17578125, 2.265625, 7.90234375, 3.462890625, 4.25390625, 6.28515625, 3.873046875, 2.298828125, 7.9765625, 2.05859375, 4.0, 0.244384765625, 3.134765625, 0.0251312255859375, 5.10546875, 8.453125, 1.6513671875, 5.78515625, 2.65625, 3.3828125, 0.2308349609375, 0.11334228515625, 3.4453125, 5.015625, 0.8828125, 8.2734375, 0.53369140625, 5.73828125, 10.5546875, 4.77734375, 2.62890625, 0.004344940185546875, 5.93359375, 0.62939453125, 4.71875, 2.267578125, 7.83984375, 0.68017578125, 0.82568359375, 4.70703125, 1.642578125, 3.65625, 0.147705078125, 0.6865234375, 0.302978515625, 2.1015625, 3.44140625, 2.048828125, 0.0004074573516845703, 2.013671875, 2.30859375, 9.0625, 1.5390625, 3.958984375, 0.166748046875, 9.625, 1.4755859375, 0.322021484375, 7.71875, 1.07421875, 0.6533203125, 6.90234375, 2.578125, 3.615234375, 1.083984375, 0.5625, 5.5625, 2.224609375, 0.73046875, 1.9150390625, 3.525390625, 6.4921875, 4.55859375, 1.81640625, 3.34375, 4.21484375, 4.8515625, 1.63671875, 3.181640625]",-0.7889549938532023
488,1,test,3.075351024747278,1.299408618024035,1.8090341971415256,5.103774041069951,2.1564653660824407,3.0022269654689144,21.657482889826337,15.751638667962549,18.10972143812056,35.94220564694584,26.14101736385274,30.054431322838376,3.24967229546015,1.2649737459122614,1.8249691482040344,4.577003233042465,1.7816531632567059,2.570379081977513,25.78188969038239,18.50503624635533,21.62526593595537,36.31252069067942,26.06343133289483,30.458121036556857,3.081501309688275,1.310661925604519,1.8104191051941592,5.107460734289958,2.1723678324936784,3.0006946494930817,21.79109302975811,15.915309698726329,18.226384810828588,36.11783375098029,26.378966351480102,30.20947758700871,0.728643216080402,-0.001356783919598037,0.0036432160804019675,0.5477386934673367,0.017738693467336697,0.017738693467336697,0.42713567839195976,0.0021356783919597166,-0.007864321608040292,0.3922829581993569,0.07767621662632318,0.1249032790549719,0.37419354838709673,0.371859296482412,0.0610823541265223,0.10641689247573416,0.3787878787878788,0.3913043478260869,0.07911736952892501,0.1276780964356531,0.37248322147651003,21.0,1.0,1.0,32.0,1.0,1.0,37.0,0.0,0.0,0.0005413086302233755,0.0001449441629037753,6.702967848964894e-05,0.00045964795473452114,5.716352994689089e-05,-8.236045698506445e-05,"[1.859375, 5.28125, 0.00511932373046875, 0.052032470703125, 7.68359375, 3.072265625, 11.921875, 6.796875, 9.5, 5.7890625, 0.16845703125, 1.865234375, 3.21875, 5.1953125, 0.07965087890625, 0.591796875, 1.232421875, 7.52734375, 1.15625, 1.05078125, 0.12890625, 8.8046875, 3.3984375, 6.72265625, 0.4892578125, 1.9599609375, 3.11328125, 0.0753173828125, 3.203125, 0.0645751953125, 5.76953125, 6.72265625, 1.734375, 0.09295654296875, 6.64453125, 2.486328125, 1.3916015625, 2.76171875, 8.640625, 3.3125, 5.29296875, 1.30078125, 1.3330078125, 0.09564208984375, 4.96875, 1.2021484375, 0.771484375, 0.97509765625, 1.8369140625, 5.796875, 7.8515625, 0.022979736328125, 1.0322265625, 5.37890625, 10.0234375, 1.7783203125, 6.13671875, 5.5, 4.17578125, 1.7236328125, 0.95703125, 11.9375, 3.154296875, 0.0002751350402832031, 5.1484375, 0.4111328125, 1.4091796875, 4.77734375, 2.533203125, 2.9453125, 2.533203125, 0.01453399658203125, 4.649162292480469e-06, 0.32568359375, 0.5458984375, 7.03515625, 1.1904296875, 1.509765625, 3.603515625, 4.0546875, 2.353515625, 1.9150390625, 3.306640625, 1.7001953125, 2.97265625, 7.33984375, 5.98828125, 0.302490234375, 1.669921875, 4.8041343688964844e-05, 1.2666015625, 0.82373046875, 0.65087890625, 5.37890625, 6.27734375, 2.58984375, 2.244140625, 7.64453125, 7.31640625, 5.9296875, 1.44140625, 2.52734375, 8.5078125, 3.205078125, 0.0109710693359375, 0.0838623046875, 2.0265579223632812e-06, 0.366943359375, 2.052734375, 0.008819580078125, 0.00018334388732910156, 0.08172607421875, 0.6767578125, 2.826171875, 4.649162292480469e-05, 2.451171875, 2.037109375, 9.484375, 3.552734375, 3.0390625, 2.400390625, 7.84375, 3.419921875, 7.30859375, 4.1484375, 0.039581298828125, 1.0888671875, 14.4609375, 1.6884765625, 12.46875, 5.42578125, 0.355712890625, 6.88671875, 0.1524658203125, 0.990234375, 6.8359375, 5.48046875, 4.5625, 1.443359375, 6.265625, 1.2900390625, 2.232421875, 0.0214080810546875, 4.16796875, 2.6796875, 0.0316162109375, 4.28515625, 0.79345703125, 1.7119140625, 3.82421875, 7.14453125, 0.254638671875, 5.25, 6.0078125, 1.2119140625, 0.56396484375, 0.045684814453125, 4.6875, 0.1328125, 1.1435546875, 5.73828125, 2.423828125, 2.951171875, 0.302001953125, 0.04833984375, 1.537109375, 13.875, 0.02203369140625, 1.115234375, 1.4892578125, 1.5302734375, 2.9375, 7.56640625, 0.01129150390625, 4.7890625, 1.6953125, 6.60546875, 0.7138671875, 4.48046875, 1.1826171875, 8.71875, 8.171875, 3.796875, 6.7109375, 3.79296875, 1.962890625, 2.591796875, 1.111328125, 0.08447265625, 12.8671875, 3.794921875, 0.7900390625, 0.3828125, 1.107421875, 5.171875, 1.158203125, 2.287109375, 1.6640625, 2.60546875, 2.74609375, 2.486328125, 4.953125, 1.4013671875, 1.5537109375, 0.896484375, 0.0284271240234375, 12.421875, 0.01293182373046875, 0.1187744140625, 0.26025390625, 4.32421875, 5.3046875, 5.6484375, 5.703125, 0.75634765625, 2.232421875, 2.193359375, 2.5234375, 4.2578125, 0.43017578125, 0.038055419921875, 5.85546875, 2.3515625, 1.3447265625, 1.9755859375, 1.56640625, 2.27734375, 2.6953125, 1.3076171875, 7.3984375, 1.9443359375, 4.7890625, 0.10760498046875, 1.5302734375, 1.5087890625, 0.71142578125, 4.90625, 2.060546875, 5.671875, 0.12432861328125, 0.0977783203125, 2.576171875, 6.48828125, 2.564453125, 0.5908203125, 4.0390625, 7.57421875, 2.703125, 0.140625, 3.3671875, 4.01953125, 6.83984375, 0.247314453125, 2.916015625, 6.7734375, 0.4697265625, 5.3515625, 1.2080078125, 3.02734375, 1.67578125, 5.26953125, 0.37109375, 4.37890625, 3.392578125, 4.35546875, 4.83203125, 2.8515625, 7.26953125, 4.90625, 3.404296875, 1.6962890625, 0.0010814666748046875, 0.55224609375, 1.0888671875, 7.73828125, 4.65625, 0.0179290771484375, 4.73828125, 6.4849853515625e-05, 2.623046875, 0.900390625, 0.0035762786865234375, 3.814697265625e-06, 0.0770263671875, 0.9189453125, 1.8271484375, 0.0005064010620117188, 5.96484375, 4.51953125, 4.87890625, 1.74609375, 4.1328125, 0.0033626556396484375, 0.03082275390625, 2.9140625, 8.2109375, 4.4375, 0.0012845993041992188, 0.1632080078125, 1.3076171875, 3.818359375, 0.84326171875, 4.765625, 4.02734375, 0.020355224609375, 8.625, 1.794921875, 0.81494140625, 0.55859375, 7.1484375, 1.3408203125]",-1.0258009184595092
183,1,test,2.780295309610665,1.0865229277487636,1.4234894228032184,5.66356451957728,2.2132874454141476,2.89970067608063,16.123781752749103,10.683818086420136,12.240013479342629,32.844740607451875,21.763333139003976,24.933360791253502,3.0398974454582635,1.1539416997445109,1.6819599896839148,5.0246238767905185,1.907341652470266,2.780099156502339,20.903099417383892,14.310447086230738,17.014933904904158,34.550577549394866,23.65363154748883,28.12385769405646,2.9751109339321737,1.2386020954107544,1.7299597289541728,5.442276098656416,2.265735540385527,3.1645604797942193,19.591796524075583,13.914308767455765,16.118336560006064,35.83865217818705,25.453003842906888,29.4847620000111,0.6683417085427136,-0.006658291457286469,-0.006658291457286469,0.5628140703517588,-0.0021859296482411583,0.002814070351758735,0.42211055276381915,0.012110552763819116,0.012110552763819116,0.41145833333333337,0.10846743606415266,0.14948374877810366,0.38381201044386426,0.4170854271356784,0.08625835946650551,0.14496522680178858,0.40909090909090906,0.40802675585284276,0.09917867571928685,0.16219805729889392,0.40604026845637586,19.0,10.0,10.0,31.0,21.0,21.0,39.0,27.0,27.0,0.00034545597668315616,0.0005889476400811011,-1.567208743011921e-05,-0.047097047812513004,-0.05287962124314838,-0.04857165386031248,"[2.892578125, 2.212890625, 0.25, 0.0423583984375, 3.719329833984375e-05, 0.7880859375, 0.01218414306640625, 0.01407623291015625, 7.58203125, 2.88671875, 6.35546875, 6.6328125, 0.473876953125, 5.07421875, 2.04296875, 3.435546875, 1.671875, 3.521484375, 1.02734375, 1.3349609375, 6.5390625, 0.04217529296875, 2.3203125, 5.17578125, 0.07568359375, 4.68359375, 3.623046875, 2.216796875, 9.125, 0.383544921875, 4.78125, 1.302734375, 5.21875, 0.7607421875, 1.923828125, 3.1015625, 1.58984375, 11.875, 4.75, 0.76806640625, 7.0234375, 5.1015625, 2.06640625, 2.859375, 0.347412109375, 0.00045800209045410156, 0.90869140625, 7.1171875, 4.0078125, 0.006839752197265625, 9.5625, 8.78125, 7.60546875, 0.1563720703125, 0.4521484375, 9.0234375, 7.5390625, 2.2265625, 4.10546875, 3.158203125, 0.333740234375, 5.59765625, 3.86328125, 0.89111328125, 7.16015625, 3.45703125, 1.4853515625, 4.98828125, 2.017578125, 3.08203125, 4.2109375, 3.0859375, 4.2265625, 6.80078125, 2.26171875, 3.541015625, 0.000484466552734375, 7.0703125, 3.2734375, 1.095703125, 2.33203125, 0.5625, 3.6015625, 0.06060791015625, 1.0390625, 0.57373046875, 1.4794921875, 5.30078125, 1.630859375, 0.013031005859375, 4.82421875, 5.32421875, 0.9638671875, 0.0003960132598876953, 7.20703125, 2.244140625, 5.41015625, 0.69677734375, 0.418701171875, 0.1949462890625, 1.3798828125, 0.8203125, 3.44140625, 5.92578125, 2.986328125, 1.0927734375, 4.171875, 0.27490234375, 8.21875, 0.37841796875, 2.66015625, 4.06640625, 5.900859832763672e-05, 2.5272369384765625e-05, 3.266334533691406e-05, 0.00025391578674316406, 0.00011098384857177734, 0.0001233816146850586, 8.3046875, 2.298828125, 0.1005859375, 1.791015625, 4.8125, 0.045135498046875, 9.09375, 4.15625, 2.576171875, 4.9765625, 1.1025390625, 3.033203125, 0.0977783203125, 3.33984375, 4.0078125, 3.244140625, 2.798828125, 3.984375, 5.34765625, 4.54296875, 0.7197265625, 4.62109375, 1.080078125, 6.30078125, 0.4765625, 2.892578125, 1.2158203125, 0.138427734375, 5.96484375, 3.91796875, 2.712890625, 7.4921875, 2.453125, 2.712890625, 7.34375, 2.111328125, 6.73828125, 11.671875, 1.6875, 0.93701171875, 2.2890625, 1.2040138244628906e-05, 2.6345252990722656e-05, 5.900859832763672e-05, 4.8995018005371094e-05, 2.0265579223632812e-06, 2.2649765014648438e-06, 5.1875, 4.34765625, 2.3984375, 1.142578125, 0.101806640625, 0.08941650390625, 2.89453125, 8.28125, 8.0546875, 0.12310791015625, 2.779296875, 0.296630859375, 2.830078125, 3.166015625, 4.51171875, 2.73828125, 0.908203125, 1.841796875, 2.361328125, 2.7734375, 9.8046875, 0.3876953125, 1.791015625, 0.00012004375457763672, 3.8623809814453125e-05, 3.075599670410156e-05, 9.453296661376953e-05, 1.7881393432617188e-06, 0.0001239776611328125, 15.1796875, 12.28125, 4.27734375, 0.1241455078125, 1.982421875, 0.00010633468627929688, 0.0002474784851074219, 0.00027370452880859375, 0.0004088878631591797, 1.3113021850585938e-06, 0.018157958984375, 5.515625, 2.998046875, 6.38671875, 11.0546875, 6.46484375, 2.76953125, 0.2261962890625, 0.25537109375, 5.2578125, 0.2166748046875, 4.0390625, 0.065185546875, 8.125, 2.107421875, 3.46484375, 8.6171875, 5.984375, 6.171875, 0.188720703125, 1.423828125, 3.890625, 7.45703125, 0.73486328125, 10.734375, 0.1331787109375, 3.49609375, 7.43359375, 0.3330078125, 7.59765625, 0.2459716796875, 3.78515625, 5.05859375, 2.626953125, 3.490234375, 1.0908203125, 2.586841583251953e-05, 0.0004143714904785156, 1.2278556823730469e-05, 0.00014090538024902344, 1.1920928955078125e-07, 6.198883056640625e-06, 4.21484375, 5.44140625, 7.8046875, 0.321533203125, 1.6025390625, 2.181529998779297e-05, 0.00012886524200439453, 7.319450378417969e-05, 0.0004591941833496094, 4.76837158203125e-07, 0.000911712646484375, 7.3671875, 5.02734375, 3.671875, 2.208984375, 6.140625, 0.011627197265625, 5.77734375, 8.859375, 7.79296875, 3.603515625, 1.9208984375, 4.76837158203125e-07, 9.930133819580078e-05, 1.1324882507324219e-05, 0.00024044513702392578, 1.1920928955078125e-07, 1.6689300537109375e-05, 12.8046875, 0.037353515625, 0.0051422119140625, 0.155517578125, 0.358154296875, 1.13671875, -0.0, 0.0004303455352783203, 5.7220458984375e-06, 0.00023889541625976562, 5.960464477539062e-07, 1.6689300537109375e-05, 6.7421875, 5.51171875, 6.7421875, 7.6171875, 6.21484375, 1.8828125, 0.35302734375, 6.30859375, 12.59375, 2.072265625, 7.20703125, 3.46875, 0.031524658203125, 7.60546875, 3.3828125, 1.4638671875, 0.03009033203125, 0.576171875, 2.384185791015625e-07, 0.00015270709991455078, 2.086162567138672e-05, 0.000316619873046875, -0.0, 6.198883056640625e-06, 8.1796875, 6.00390625, 5.8984375, 2.3046875, 0.172119140625, 0.93603515625, 1.4091796875, 0.000301361083984375, 2.439453125, 4.046875, 0.026763916015625, 3.798828125, 3.826171875, 1.51953125, 0.007518768310546875, 1.4697265625, 0.45068359375, 1.3564453125, 4.27734375, 5.03125, 8.65625, 1.62890625, 4.03515625, 7.01171875, 0.7646484375, 4.19140625, 8.106231689453125e-06, 0.0005545616149902344, 5.5909156799316406e-05, 0.00024962425231933594, -0.0, 4.5418739318847656e-05, 11.4609375, 0.00823974609375, 0.002918243408203125, 0.1385498046875, 1.154296875, 1.158203125, -0.0, 0.0011386871337890625, 1.1563301086425781e-05, 0.0006151199340820312, 2.384185791015625e-07, 0.00012350082397460938, 9.953125, 3.921875, 4.4375, 0.04486083984375, 3.484375, 3.4570693969726562e-06, 0.001678466796875, 7.87973403930664e-05, 0.0004591941833496094, 8.344650268554688e-07, 0.000911712646484375, 5.43359375, 4.17578125, 0.035797119140625, 0.1988525390625, 2.244140625, 0.031524658203125, 1.796875, 3.427734375, 1.3486328125, 4.609375, 3.69140625, 0.0297698974609375, 2.017578125, 7.28125, 0.82861328125, 0.367919921875, 6.30078125, 1.9814453125, 5.0]",-0.736054721288383
377,1,test,2.9930801010292387,1.2532242377626064,1.7514033470228925,5.1260797132569715,2.1463265681221646,2.9995298701886317,19.9470268275524,14.25050454217078,16.48561428861655,34.16214939431388,24.40603651475226,28.233983091998457,2.811287032299904,1.0385279900117765,1.5126173746563742,4.259525806515006,1.5735272575936006,2.291844507055112,16.631309482704044,10.744235822674545,12.966890990319165,25.198953761672794,16.279145185870526,19.646804530786614,2.9930801010292387,1.2532242377626064,1.7514033470228925,5.1260797132569715,2.1463265681221646,2.9995298701886317,19.9470268275524,14.25050454217078,16.48561428861655,34.16214939431388,24.40603651475226,28.233983091998457,0.6532663316582914,-0.0017336683417086274,-0.011733668341708636,0.4974874371859297,-0.022512562814070325,-0.012512562814070316,0.38190954773869346,-0.008090452261306558,-0.0030904522613065533,0.4107744107744108,0.08976600741306628,0.1386579494082294,0.44594594594594594,0.4120603015075377,0.09125829649500639,0.13827065209184486,0.43434343434343436,0.4107744107744108,0.08976600741306628,0.1386579494082294,0.44594594594594594,24.0,7.0,7.0,33.0,4.0,4.0,44.0,9.0,11.0,-0.00036479825341355365,-0.00014840349938278677,-0.00017197188867697252,0.0005149329265217162,0.00011139288064487829,-3.329665942342075e-05,"[2.859375, 1.2138671875, 0.351806640625, 0.0308380126953125, 0.0001201629638671875, 1.1474609375, 0.00901031494140625, 0.0285186767578125, 1.5986328125, 6.08984375, 0.10406494140625, 8.03125, 8.7734375, 6.55859375, 0.06402587890625, 0.07342529296875, 0.4482421875, 0.007030487060546875, 0.1124267578125, 7.12109375, 3.654296875, 4.09765625, 0.5322265625, 4.30859375, 0.08807373046875, 5.50390625, 0.79443359375, 0.40478515625, 0.056915283203125, 0.83837890625, 0.381591796875, 1.525390625, 0.301513671875, 3.341796875, 5.52734375, 0.5185546875, 0.0177154541015625, 3.275390625, 3.5703125, 2.9765625, 0.03631591796875, 1.7587890625, 4.6640625, 0.022735595703125, 3.87890625, 0.96923828125, 5.48046875, 6.28125, 1.9169921875, 4.32421875, 10.609375, 2.984375, 3.58203125, 1.9912109375, 0.708984375, 3.375, 6.9140625, 1.5390625, 6.390625, 0.0194091796875, 0.6650390625, 1.2802734375, 3.21484375, 0.599609375, 7.97265625, 10.8359375, 1.8017578125, 4.265625, 2.822265625, 3.6796875, 2.630859375, 2.2421875, 5.1484375, 0.6640625, 0.035247802734375, 1.8203125, 1.0654296875, 0.0242156982421875, 0.360595703125, 2.74609375, 2.86328125, 1.0322265625, 3.34765625, 7.765625, 0.1124267578125, 1.724609375, 3.455078125, 6.5, 6.4375, 0.282470703125, 10.0234375, 7.44140625, 1.4150390625, 0.6435546875, 2.525390625, 10.375, 0.04290771484375, 0.79638671875, 8.171875, 1.53125, 1.38671875, 4.11328125, 10.640625, 2.60546875, 0.1875, 4.5234375, 3.8203125, 5.34375, 2.58203125, 1.2021484375, 4.34765625, 1.1396484375, 2.4375, 0.003803253173828125, 0.107421875, 0.282470703125, 1.94140625, 0.0004215240478515625, 4.48046875, 4.65234375, 9.7421875, 2.708984375, 2.59765625, 7.0703125, 3.0625, 0.45166015625, 2.982421875, 4.890625, 2.00390625, 0.030548095703125, 0.00925445556640625, 1.7255859375, 0.270263671875, 0.34912109375, 0.0816650390625, 0.0036907196044921875, 0.202392578125, 1.189453125, 1.1044921875, 0.04364013671875, 0.061859130859375, 5.7734375, 4.390625, 5.7890625, 1.4638671875, 0.1475830078125, 4.0234375, 3.1953125, 5.0234375, 4.328125, 3.021484375, 8.1953125, 7.609375, 0.040252685546875, 7.2109375, 0.400390625, 0.8779296875, 3.607421875, 7.06640625, 3.8046875, 0.439208984375, 1.099609375, 0.27880859375, 7.0390625, 8.2578125, 3.060546875, 0.40625, 4.9609375, 4.1640625, 7.12109375, 0.1812744140625, 2.189453125, 4.5703125, 1.3974609375, 4.0411949157714844e-05, 3.08203125, 0.417724609375, 1.6455078125, 0.007648468017578125, 6.94921875, 4.328125, 1.0361328125, 0.11163330078125, 2.794921875, 2.90625, 2.16015625, 3.267578125, 2.8671875, 7.05859375, 6.44140625, 1.7880859375, 2.294921875, 0.2447509765625, 5.97265625, 1.4066696166992188e-05, 0.1654052734375, 2.51171875, 0.85546875, 1.912109375, 4.18359375, 0.8203125, 9.6796875, 6.01171875, 1.6123046875, 3.666015625, 6.45703125, 1.744140625, 5.4453125, 2.892578125, 6.79296875, 0.81982421875, 2.56640625, 1.0234375, 5.48046875, 7.859375, 4.16796875, 1.0107421875, 6.2265625, 3.443359375, 0.01708984375, 1.4658203125, 0.0265960693359375, 0.1826171875, 3.619140625, 6.484375, 4.90625, 0.275634765625, 0.0247344970703125, 0.80029296875, 11.9375, 0.049652099609375, 8.640625, 0.8271484375, 2.5546875, 1.6533203125, 0.052215576171875, 0.06787109375, 3.8125, 2.53125, 2.1953125, 7.5546875, 5.1015625, 7.34765625, 1.873046875, 11.0546875, 6.98046875, 6.90625, 6.015625, 11.375, 1.3134765625, 3.501953125, 3.728515625, 3.12109375, 3.30078125, 0.1275634765625, 2.630859375, 9.046875, 0.93212890625, 1.849609375, 2.736328125, 0.00736236572265625, 5.95703125, 2.900390625, 0.09735107421875, 2.71875, 4.35546875, 0.30615234375, 4.40234375, 0.10528564453125, 0.0128936767578125, 0.002170562744140625, 1.88671875, 4.5546875, 0.724609375, 0.40771484375, 0.48583984375, 0.0009508132934570312, 3.79296875, 12.9375, 2.0703125, 1.5986328125, 0.1251220703125, 0.9033203125, 1.5087890625, 3.419921875, 4.62890625, 7.8515625, 0.0081329345703125, 5.81640625, 5.46875, 2.107421875, 3.50390625, 0.01094818115234375, 2.029296875, 7.82421875, 0.064697265625, 1.3388671875]",-1.2168746375877046
174,1,test,2.914414157992915,1.2801138093947293,1.7582686909755556,5.022013097106435,2.2058458297479797,3.0297850324720024,18.438007478758774,13.312137059036688,15.260346238989136,31.771707802380938,22.938993237323107,26.296076852495403,3.0164001856616993,1.3253217143010505,1.839794363015738,4.570303311608635,2.0080632034864396,2.787567216690512,20.417659449279977,14.992330836585094,17.174312444891093,30.935847650424208,22.715652782704687,26.021685522562265,2.8902553850193087,1.304950202137245,1.7815084611069547,5.012003557836952,2.2629194256715235,3.089321030821309,17.997905410095683,13.117124728134229,14.967346916325877,31.21024059554165,22.746459066128722,25.954936849120017,0.6231155778894473,0.003115577889447274,0.008115577889447279,0.5326633165829145,-0.0023366834170853723,0.002663316582914521,0.39698492462311563,-0.018015075376884404,-0.018015075376884404,0.41776315789473684,0.11070240255811947,0.17815703098007596,0.4191419141914191,0.39698492462311563,0.08620798226722592,0.16159260408889198,0.4292929292929293,0.40802675585284276,0.10919537021010484,0.1599733631943333,0.412751677852349,25.0,-2.0,0.0,34.0,-1.0,-1.0,40.0,-2.0,-1.0,2.025443870045952e-05,-0.0001722506981242605,0.00020685459570743032,-0.01854349861074489,-0.01810516949305896,-0.019519479482730695,"[6.8203125, 5.3515625, 6.65234375, 3.056640625, 0.0005254745483398438, 0.0272979736328125, 1.283203125, 0.0718994140625, 0.005615234375, 1.3818359375, 0.14111328125, 0.006961822509765625, 3.6954879760742188e-06, 3.49609375, 0.00109100341796875, 0.02630615234375, 7.8671875, 1.359375, 2.35546875, 5.796875, 0.2578125, 6.1875, 5.72265625, 7.57421875, 3.55859375, 1.607421875, 6.7421875, 4.21484375, 2.333984375, 2.2109375, 0.7373046875, 4.80078125, 0.1484375, 2.25, 0.00771331787109375, 0.1416015625, 1.38671875, 0.003162384033203125, 0.045745849609375, 0.3623046875, 0.000728607177734375, 0.10040283203125, 1.3564453125, 2.685546875, 5.21484375, 3.7109375, 0.7900390625, 0.69970703125, 5.984375, 0.1348876953125, 0.053466796875, 7.01171875, 0.1026611328125, 3.611328125, 0.72412109375, 0.0762939453125, 3.888671875, 1.5810546875, 0.6923828125, 1.3589859008789062e-05, 0.8037109375, 0.345947265625, 9.572505950927734e-05, 0.02410888671875, 0.36328125, 4.279613494873047e-05, 0.0200653076171875, 1.3349609375, 2.373046875, 8.6640625, 0.09332275390625, 4.01171875, 2.890625, 4.50390625, 2.095703125, 5.5625, 9.4609375, 7.11328125, 0.52294921875, 0.42041015625, 6.4453125, 5.57421875, 4.58984375, 11.5859375, 0.025390625, 4.31640625, 0.2337646484375, 0.0026378631591796875, 11.0625, 0.0875244140625, 2.69921875, 2.189453125, 0.0340576171875, 6.41796875, 2.966796875, 1.7548828125, 9.78125, 2.01171875, 2.708984375, 8.6875, 6.80859375, 2.18359375, 6.421875, 0.61083984375, 2.05078125, 6.87109375, 0.0252685546875, 5.26953125, 0.481689453125, 0.0345458984375, 9.640625, 3.58984375, 3.072265625, 4.48046875, 5.7734375, 0.70751953125, 0.02313232421875, 3.458984375, 3.544921875, 3.33984375, 7.75, 2.763671875, 0.436279296875, 5.21875, 2.57421875, 7.8046875, 1.9736328125, 0.9501953125, 3.5762786865234375e-07, 2.490234375, 0.0216522216796875, 2.2649765014648438e-06, 2.798828125, 0.049346923828125, 1.0013580322265625e-05, 0.9150390625, 0.318359375, 2.4557113647460938e-05, 0.015899658203125, 1.3173828125, 2.958984375, 6.015625, 0.04681396484375, 4.3828125, 3.6484375, 0.286376953125, 9.3984375, 7.02734375, 3.197265625, 5.79296875, 1.9345703125, 8.7109375, 10.234375, 2.34765625, 3.5390625, 2.208984375, 5.76953125, 4.015625, 4.203125, 3.732421875, 0.53125, 7.30078125, 0.0268402099609375, 5.5859375, 0.327392578125, 0.1551513671875, 2.064453125, 4.69140625, 6.91015625, 1.4697265625, 7.59375, 6.7578125, 1.2412109375, 1.4775390625, 2.1484375, 1.9453125, 3.826171875, 9.8828125, 0.58984375, 0.2744140625, 0.4365234375, 8.65625, 2.513671875, 7.30859375, 7.59375, 0.3330078125, 7.234375, 0.263427734375, 0.06439208984375, 4.6484375, 0.615234375, 1.494140625, 9.2421875, 0.2122802734375, 9.3359375, 1.7783203125, 6.2578125, 6.39453125, 0.059722900390625, 9.0390625, 5.359375, 5.16796875, 0.7421875, 6.3828125, 3.04296875, 2.482421875, 2.193359375, 5.03125, 2.25390625, 3.958984375, 2.3984375, 1.072265625, 7.44140625, 4.453125, 0.65869140625, 2.1875, 1.4775390625, 6.609375, 0.0877685546875, 7.2109375, 2.515625, 4.16796875, 3.310546875, 4.2109375, 5.5703125, 2.140625, 5.3203125, 0.89990234375, 5.171875, 2.890625, 1.3857421875, 5.8828125, 0.486328125, 4.84375, 0.0311279296875, 7.328125, 1.2724609375, 3.177734375, 5.1953125, 2.177734375, 4.8828125, 0.08258056640625, 5.16015625, 2.384185791015625e-07, 3.8359375, 0.0526123046875, 7.3909759521484375e-06, 0.59375, 2.12890625, 2.9453125, 6.8671875, 0.0217742919921875, 0.45654296875, 3.328125, 0.294189453125, 0.552734375, 3.107421875, 0.492919921875, 2.916015625, 7.31640625, 0.90771484375, 1.623046875, 0.01042938232421875, 0.116943359375, 0.69873046875, 11.6015625, 1.119140625, 1.12890625, 1.2763671875, 1.8447265625, 4.1796875, 6.31640625, 1.08984375, 2.357421875, 3.26953125, 2.91796875, 4.05078125, 1.4111328125, 0.5263671875, 0.0013303756713867188, 4.11328125, 6.046875, 0.638671875, 4.15234375, 2.390625, 0.0186309814453125, 6.198883056640625e-06, 0.003795623779296875, 0.0197296142578125, 0.0002319812774658203, 0.0067291259765625, 1.0848045349121094e-05, 0.0002665519714355469, 6.866455078125e-05, 0.00014781951904296875, 2.982421875, 0.01007843017578125, 0.0010595321655273438, 4.26171875, 2.40234375, 0.44970703125, 7.67578125, 6.73046875, 2.685546875]",-0.5273890589412891
382,1,test,2.380502032539832,0.9449784658692442,1.2466686603081463,6.014735135550643,2.387645590429624,3.149916148378583,10.810328638602439,6.608484259951476,7.70278256078234,27.31409702686883,16.69743689681073,19.462363936910045,2.2810361037901297,0.8771186785317131,1.2385013068492672,4.90545398664544,1.886276728025189,2.663443670643585,9.78681531465625,5.7156982483654275,6.950417712850843,21.04691465517473,12.291824190033179,14.947134866345898,2.4746245253444914,1.0214168551947918,1.41962257417882,5.624146648510208,2.321401943624527,3.2264149413155,11.8772466706582,7.600435534937755,9.005265913052058,26.993742433314093,17.273717124858535,20.466513438754678,0.5326633165829145,-0.0023366834170853723,-0.0023366834170853723,0.4120603015075377,-0.012939698492462348,-0.0029396984924623393,0.31658291457286436,-0.0134170854271356,-0.003417085427135591,0.3835978835978836,0.09165600777225613,0.135308538534345,0.38196286472148544,0.371859296482412,0.0711074167831639,0.12645028145737025,0.35858585858585856,0.3812709030100334,0.09078676277631059,0.15657679844941053,0.37583892617449666,17.0,7.0,7.0,26.0,6.0,7.0,37.0,12.0,15.0,0.0006080870315080673,0.0002288057412331312,1.886540145188077e-05,-0.12930077538990492,-0.1301779764207316,-0.12974961965882237,"[1.88671875, 5.3046875, 0.005107879638671875, 0.057769775390625, 6.7578125, 7.328125, 2.212890625, 2.205078125, 0.292724609375, 0.560546875, 1.361328125, 0.9267578125, 2.076171875, 0.32568359375, 2.197265625, 3.39453125, 0.5732421875, 4.04296875, 3.150390625, 4.609375, 6.89453125, 4.22265625, 3.39453125, 1.841796875, 3.97265625, 0.64892578125, 0.61279296875, 0.2646484375, 4.50390625, 0.2147216796875, 0.29248046875, 4.3359375, 0.0443115234375, 4.625, 5.1953125, 1.5166015625, 2.53515625, 0.0158843994140625, 1.685546875, 3.90234375, 6.453125, 4.76171875, 1.6591796875, 1.9072265625, 2.787109375, 3.201171875, 2.953125, 3.7734375, 12.4453125, 9.0859375, 4.8671875, 0.10321044921875, 7.27734375, 0.77978515625, 2.271484375, 1.92578125, 2.224609375, 6.23828125, 7.97265625, 0.7890625, 6.30078125, 4.3515625, 1.353515625, 3.771484375, 4.66796875, 2.015625, 5.25, 1.4140625, 6.5234375, 5.390625, 3.30078125, 1.21484375, 0.00010037422180175781, 0.349365234375, 0.0020046234130859375, 0.0011615753173828125, 4.887580871582031e-06, 0.0010738372802734375, 8.7738037109375e-05, 4.1484832763671875e-05, 0.0002715587615966797, 3.063678741455078e-05, 0.884765625, 7.84765625, 0.6298828125, 0.26953125, 2.92578125, 8.4765625, 7.71484375, 6.71484375, 4.31640625, 3.0625, 0.60546875, 0.005680084228515625, 8.5859375, 2.185546875, 3.873046875, 0.84228515625, 0.7529296875, 1.451171875, 2.263671875, 2.080078125, 8.5703125, 6.82421875, 2.6640625, 0.10198974609375, 2.625, 8.857250213623047e-05, 4.05859375, 0.002468109130859375, 0.00286865234375, 6.079673767089844e-06, 9.34600830078125e-05, 4.971027374267578e-05, 1.8596649169921875e-05, 0.0001804828643798828, 0.0001952648162841797, 1.1416015625, 9.8046875, 1.345703125, 1.6845703125, 1.7080078125, 0.00022876262664794922, 0.18701171875, 0.00457763671875, 0.0027751922607421875, 2.2649765014648438e-06, 3.409385681152344e-05, 7.843971252441406e-05, 5.9604644775390625e-06, 0.0001304149627685547, 0.00011646747589111328, 0.93701171875, 10.3359375, 6.69921875, 2.267578125, 0.000263214111328125, 0.11993408203125, 0.01045989990234375, 0.0010538101196289062, 1.3947486877441406e-05, 6.198883056640625e-06, 3.5643577575683594e-05, 6.079673767089844e-06, 0.00013375282287597656, 0.00030612945556640625, 0.3779296875, 0.9111328125, 5.0, 3.978515625, 1.162109375, 0.0006289482116699219, 0.11700439453125, 0.0036163330078125, 0.0009946823120117188, 2.7418136596679688e-06, 6.318092346191406e-06, 7.510185241699219e-06, 2.7418136596679688e-06, 5.9723854064941406e-05, 1.2874603271484375e-05, 0.430908203125, 3.421875, 1.2958984375, 0.135986328125, 1.55859375, 6.6640625, 0.173583984375, 6.296875, 3.58984375, 0.57666015625, 2.294921875, 0.302490234375, 3.345703125, 2.609375, 2.984375, 2.30078125, 0.135498046875, 5.5, 3.158203125, 10.5, 4.5859375, 1.1318359375, 1.1923828125, 0.09930419921875, 3.146484375, 5.2890625, 7.6015625, 1.080078125, 0.00016224384307861328, 0.3935546875, 0.0005359649658203125, 0.0003876686096191406, 5.245208740234375e-06, 1.919269561767578e-05, 2.2649765014648438e-06, 2.9802322387695312e-06, 1.33514404296875e-05, 3.5762786865234375e-06, 0.1806640625, 2.349609375, 0.00021028518676757812, 4.41015625, 8.3515625, 2.89453125, 4.078125, 5.28125, 0.0249786376953125, 1.7783203125, 8.1328125, 0.59228515625, 2.546875, 0.72265625, 11.1796875, 8.2578125, 0.365966796875, 3.943359375, 1.6533203125, 4.06640625, 1.619140625, 1.40625, 3.146484375, 6.20703125, 2.908203125, 0.44287109375, 2.70703125, 2.44140625, 5.9765625, 7.8125, 0.112060546875, 9.328125, 9.046875, 3.052734375, 0.45703125, 2.1484375, 1.939453125, 5.875, 5.4140625, 2.384765625, 4.47265625, 8.609375, 0.42919921875, 1.533203125, 2.998046875, 6.859375, 3.72265625, 0.3818359375, 9.84375, 6.99609375, 6.88671875, 0.06939697265625, 6.37890625, 4.0390625, 4.3828125, 7.23046875, 7.9140625, 8.75, 0.97509765625, 0.00042557716369628906, 2.96875, 0.000545501708984375, 0.0003314018249511719, 2.0265579223632812e-06, 1.71661376953125e-05, 3.421306610107422e-05, 3.814697265625e-06, 2.3245811462402344e-05, 3.337860107421875e-06, 1.37109375, 2.6226043701171875e-06, 0.560546875, 0.00012028217315673828, 0.00035881996154785156, 2.6226043701171875e-06, 8.940696716308594e-06, 1.9788742065429688e-05, 2.86102294921875e-06, 0.0001804828643798828, 1.0728836059570312e-05, 0.072998046875, 2.2734375, 0.0158538818359375, 3.232421875, 0.396728515625, 5.8984375, 7.44921875, 5.30859375, 4.6484375, 0.354736328125, 7.88671875, 2.23046875, 4.56640625, 1.6808509826660156e-05, 0.55029296875, 0.0005602836608886719, 0.0002963542938232422, 8.344650268554688e-07, 5.245208740234375e-06, 1.2516975402832031e-05, 4.7326087951660156e-05, 0.00017917156219482422, 1.3947486877441406e-05, 1.3974609375, 5.14984130859375e-05, 0.08489990234375, 0.00035309791564941406, 0.00038170814514160156, 2.6226043701171875e-06, 2.7418136596679688e-06, 1.823902130126953e-05, 1.0728836059570312e-06, 0.00010025501251220703, 1.3470649719238281e-05, 0.1396484375, 0.6171875, 6.7421875, 6.16015625, 5.41796875, 5.7109375, 1.6591796875, 5.58203125, 3.873046875, 4.9140625, 3.658203125, 0.10296630859375, 5.578125, 1.4521484375, 8.094310760498047e-05, 3.37890625, 7.033348083496094e-05, 0.00011086463928222656, 7.152557373046875e-07, 2.1457672119140625e-06, 2.9802322387695312e-06, 3.337860107421875e-06, 9.310245513916016e-05, 5.364418029785156e-06, 0.1500244140625, 3.5546875, 4.76171875, 2.6640625, 0.4140625, 6.09765625, 0.75439453125, 7.73828125, 8.171875, 1.1044921875, 1.0732421875, 7.40234375, 6.06640625, 5.1328125, 0.1524658203125, 2.708984375, 1.5986328125, 9.015625, 4.73828125, 0.37890625, 4.4453125, 0.060577392578125, 3.068359375, 4.2265625, 4.0625, 6.140625, 2.224609375, 0.0002574920654296875, 0.433837890625, 0.00013053417205810547, 0.00032806396484375, 9.5367431640625e-07, 1.3113021850585938e-06, 1.1920928955078125e-05, 1.7881393432617188e-06, 0.0002713203430175781, 5.7220458984375e-06, 0.1492919921875, 5.29296875, 2.75, 0.013336181640625]",-0.46596474716903025
361,1,test,3.319322393885974,1.467428219949144,2.0002969652389204,6.065149295634581,2.681321721268331,3.654992884127661,27.641614084553762,21.26973654118018,23.901839161375726,50.50745191366106,38.86459713545488,43.67404119015774,2.9316779944165865,1.1844124729703203,1.665816866088744,5.479771952180535,2.2138550896641496,3.1136763852126053,18.759081736204713,13.02019340274361,15.212936628519302,35.06370417982189,24.336810098586184,28.43539556732579,3.253956117757587,1.4077595051065452,1.9557250083941031,5.988876290351387,2.590968414306525,3.5994938804799443,25.892571625918265,19.55689501889673,22.229759805633197,47.655039802303556,35.994285310852874,40.913668353926134,0.6080402010050252,-0.016959798994974795,0.0030402010050252226,0.48743718592964824,0.00743718592964826,-0.002562814070351749,0.3517587939698492,-0.01824120603015078,-0.008241206030150772,0.39655172413793105,0.09956463661999704,0.15803755013988607,0.42074927953890495,0.3517587939698492,0.06604450825556352,0.10468032986300446,0.3737373737373737,0.3913043478260869,0.09748130942875799,0.16327320210862306,0.4161073825503355,21.0,5.0,4.0,34.0,12.0,10.0,40.0,7.0,7.0,-0.0010503894151167904,-0.00036839622941176525,-0.00044063638194416494,-0.049702137996948004,-0.04167962346512155,-0.04601296940939381,"[1.88671875, 5.3046875, 0.005107879638671875, 0.057769775390625, 9.7578125, 2.181640625, 0.371826171875, 4.2109375, 1.3955078125, 0.9716796875, 2.23828125, 1.54296875, 4.3203125, 0.66552734375, 2.25390625, 0.837890625, 2.376953125, 0.45068359375, 0.00457000732421875, 3.771484375, 4.57421875, 1.3779296875, 2.126953125, 0.01294708251953125, 12.3515625, 4.05859375, 4.9765625, 3.482421875, 9.1953125, 0.03521728515625, 0.00400543212890625, 0.157470703125, 1.2705078125, 2.45703125, 2.111328125, 0.020751953125, 1.083984375, 2.826171875, 7.27734375, 7.1875, 7.54296875, 0.003772735595703125, 0.04193115234375, 6.0, 0.337646484375, 0.460205078125, 0.04827880859375, 4.41015625, 0.1483154296875, 0.05084228515625, 3.6875, 0.0013914108276367188, 6.734375, 2.705078125, 0.279541015625, 9.8125, 5.125, 6.75, 0.0225677490234375, 0.00606536865234375, 1.556640625, 5.3515625, 0.1029052734375, 2.482421875, 2.783203125, 2.322265625, 0.05267333984375, 1.6787109375, 10.265625, 0.5859375, 2.423828125, 1.87109375, 2.439453125, 5.58203125, 0.0293731689453125, 0.38232421875, 4.078125, 0.0355224609375, 7.796875, 2.830078125, 0.1287841796875, 12.6171875, 2.609375, 1.42578125, 3.880859375, 3.220703125, 9.3046875, 3.958984375, 2.123046875, 8.6875, 6.81640625, 3.650390625, 3.984375, 1.5625, 7.61328125, 1.64453125, 2.1457672119140625e-05, 0.1678466796875, 0.0013093948364257812, 0.0089111328125, 0.00019884109497070312, 0.0018434524536132812, 0.002231597900390625, 1.049041748046875e-05, 0.00012540817260742188, 0.06939697265625, 0.4677734375, 7.9296875, 6.48046875, 1.5810546875, 2.462890625, 5.68359375, 0.513671875, 0.88330078125, 5.65234375, 10.1953125, 1.2646484375, 3.6953125, 0.0872802734375, 0.181884765625, 4.5234375, 7.140625, 0.08197021484375, 2.474609375, 2.28125, 0.051025390625, 0.00867462158203125, 1.240234375, 2.9802322387695312e-05, 0.1986083984375, 0.0035266876220703125, 0.00197601318359375, 7.37905502319336e-05, 0.0007414817810058594, 0.0002956390380859375, 2.0265579223632812e-06, 0.00014662742614746094, 0.0027904510498046875, 0.19873046875, 6.20703125, 1.6923828125, 1.6650390625, 7.00390625, 1.8310546875, 2.875, 4.49609375, 2.005859375, 11.609375, 0.037994384765625, 1.6123046875, 7.0234375, 2.37890625, 7.15625, 2.029296875, 1.4462890625, 1.0848045349121094e-05, 4.11328125, 0.0012159347534179688, 0.0009140968322753906, 2.7179718017578125e-05, 0.0004925727844238281, 0.0007781982421875, 5.364418029785156e-06, 5.3882598876953125e-05, 0.00691986083984375, 0.1663818359375, 5.1953125, 0.317138671875, 0.36572265625, 5.57421875, 10.7578125, 0.8310546875, 8.65625, 1.51953125, 8.5625, 1.197265625, 4.3515625, 12.3359375, 2.2265625, 3.99609375, 11.5625, 6.37890625, 0.96142578125, 0.5673828125, 2.52734375, 5.21875, 8.5234375, 1.0205078125, 1.580078125, 8.6953125, 0.0142822265625, 5.15234375, 5.01953125, 1.2919921875, 0.56982421875, 9.4140625, 6.6640625, 12.7109375, 3.6640625, 1.638671875, 8.3125, 6.96484375, 7.0546875, 8.625, 1.7939453125, 2.396106719970703e-05, 0.241455078125, 0.004123687744140625, 0.001354217529296875, 2.2411346435546875e-05, 4.601478576660156e-05, 0.0001220703125, 1.7881393432617188e-06, 0.00013780593872070312, 0.00036072731018066406, 0.454345703125, 4.16015625, 8.2421875, 0.75390625, 5.33984375, 1.2978515625, 5.00390625, 0.1759033203125, 6.30078125, 1.3671875, 0.1617431640625, 1.3916015625, 6.640625, 3.158203125, 2.189453125, 11.1875, 13.578125, 2.193359375, 7.4296875, 5.20703125, 5.3359375, 10.8203125, 6.8671875, 10.3046875, 2.876953125, 3.982421875, 9.859375, 6.24609375, 0.09765625, 1.4560546875, 1.529296875, 1.087890625, 6.88671875, 5.22265625, 1.88671875, 8.359375, 6.59765625, 7.140625, 2.58203125, 11.5234375, 2.404296875, 0.603515625, 3.85546875, 0.85009765625, 11.2421875, 4.19140625, 6.9453125, 0.03448486328125, 0.1966552734375, 7.65234375, 6.74609375, 10.21875, 7.64453125, 4.328125, 7.72265625, 2.833984375, 7.6875, 3.55078125, 1.0498046875, 0.336669921875, 7.70703125, 5.36328125, 4.6796875, 0.70263671875, 0.00142669677734375, 0.5849609375, 5.30078125, 3.626953125, 0.0004725456237792969, 0.47802734375, 1.7890625, 0.00048732757568359375, 4.6640625, 0.05157470703125, 0.06536865234375, 0.13427734375, 0.0158843994140625, 0.0014410018920898438, 3.5762786865234375e-07, 8.3984375, 13.1875, 0.49853515625, 13.984375, 0.103759765625, 0.475830078125, 0.0955810546875, 0.01232147216796875, 3.033203125, 3.99609375, 0.0032958984375, 7.734375, 8.28125, 0.004596710205078125, 4.04296875, 3.951171875, 11.53125, 1.3212890625, 1.6611328125, 5.2734375, 7.5625, 3.634765625, 0.1282958984375, 16.484375, 2.75, 3.275390625, 3.484375, 3.451171875, 4.75390625, 5.4140625, 0.98486328125, 0.33740234375, 9.6484375, 2.2890625, 2.634765625, 1.2744140625, 0.54296875, 6.1171875, 2.17578125, 7.5703125, 2.279296875, 2.201171875, 11.1796875, 10.96875, 3.03515625, 3.546875, 1.8212890625, 4.5234375, 0.1077880859375, 0.08758544921875, 0.30615234375, 1.388671875, 1.2744140625, 1.9384765625]",-0.8968884482465942
163,1,test,2.3068275573503905,0.9040249612581663,1.2575234755696874,4.575838269498315,1.7932298411842313,2.494431812195609,10.042514763480966,5.975933768292643,7.186851645072434,19.92039813739667,11.853901409236226,14.255886050061713,2.5541269946936986,0.9203354123662599,1.3851660779166117,4.44195999077165,1.6005833258543651,2.408984483333238,12.860067848050116,7.736804635020154,9.641421389235989,22.365335387913248,13.455312408730704,16.76768937258433,2.3279186395498424,0.9468252278574476,1.332946774936512,4.4200986826895745,1.7977694199824956,2.530911597980719,10.256571678926756,6.277321470555043,7.55192343504196,19.474503187835616,11.918964817509579,14.33909512982651,0.5879396984924623,-0.012060301507537674,-0.00706030150753767,0.4522613065326633,-0.007738693467336688,0.007261306532663325,0.37688442211055273,0.0018844221105527303,0.016884422110552744,0.3867403314917127,0.0929472280434368,0.13258588378887792,0.368421052631579,0.39698492462311563,0.09372677925970707,0.1365508678618469,0.398989898989899,0.3913043478260869,0.09748130942875799,0.14881269042897904,0.36241610738255037,23.0,8.0,8.0,34.0,9.0,8.0,43.0,9.0,9.0,0.00024315992243861842,7.459762114476409e-06,0.00018816826946519026,-0.0903710634444046,-0.09069846195731301,-0.09122840915290364,"[9.9140625, 1.6201171875, 1.4404296875, 3.2578125, 0.21826171875, 6.734375, 1.9892578125, 1.302734375, 0.066650390625, 4.5390625, 0.1614990234375, 0.6953125, 1.82421875, 0.052154541015625, 2.6226043701171875e-05, 0.0005626678466796875, 0.0012664794921875, 1.7642974853515625e-05, 6.8828125, 3.330078125, 2.337890625, 3.505859375, 10.1484375, 0.0023860931396484375, 4.69921875, 1.53515625, 5.3203125, 0.89208984375, 4.18359375, 6.4453125, 6.234375, 8.1875, 0.74169921875, 1.3505859375, 5.05859375, 7.62890625, 3.27734375, 10.390625, 1.046875, 0.68310546875, 0.5712890625, 0.455322265625, 0.4794921875, 0.48876953125, 6.10546875, 3.837890625, 0.36328125, 0.00013577938079833984, 3.416015625, 4.703125, 4.1328125, 0.00014293193817138672, 0.0005412101745605469, 0.6005859375, 1.1923828125, 4.2109375, 0.85107421875, 4.6015625, 1.7392578125, 0.76953125, 0.0311126708984375, 5.62109375, 0.5927734375, 2.1640625, 1.57421875, 2.66796875, 3.060546875, 6.3203125, 0.11517333984375, 1.923828125, 1.69921875, 4.4609375, 0.00247955322265625, 0.8466796875, 6.421875, 6.6328125, 0.2509765625, 0.35302734375, 1.857421875, 2.44140625, 1.623046875, 5.7109375, 6.7890625, 2.990234375, 7.02734375, 3.22265625, 2.61328125, 0.86279296875, 1.3798828125, 0.53173828125, 0.0013875961303710938, 6.556510925292969e-06, 5.042552947998047e-05, 0.0003132820129394531, 1.9431114196777344e-05, 1.1920928955078125e-07, 0.0005841255187988281, 0.1729736328125, 1.791015625, 8.356571197509766e-05, 2.2649765014648438e-05, 5.245208740234375e-06, 3.218650817871094e-05, 2.1576881408691406e-05, 8.344650268554688e-07, 4.8160552978515625e-05, 1.6572265625, 0.1412353515625, 3.51171875, 0.8095703125, 0.2578125, 1.828125, 0.0672607421875, 2.185546875, 9.359375, 5.5546875, 1.6845703125, 1.77734375, 2.88671875, 0.69091796875, 3.7578125, 2.84375, 0.1351318359375, 0.1451416015625, 5.46484375, 3.935546875, 0.277587890625, 0.55322265625, 5.99609375, 0.0233917236328125, 1.951171875, 4.16015625, 4.73828125, 5.4375, 3.3359375, 2.6015625, 3.384765625, 0.12646484375, 0.6640625, 8.625, 3.662109375, 6.6796875, 1.3447265625, 4.578125, 10.171875, 0.01271820068359375, 3.734375, 0.427978515625, 0.0005183219909667969, 2.86102294921875e-06, 1.5497207641601562e-06, 2.9802322387695312e-05, 4.649162292480469e-06, 1.1920928955078125e-07, 6.556510925292969e-06, 1.669921875, 0.82373046875, 4.66015625, 0.03680419921875, 7.3515625, 1.4462890625, 0.990234375, 3.673828125, 3.92578125, 7.02734375, 5.92578125, 2.5546875, 0.036163330078125, 0.2127685546875, 0.40380859375, 0.41552734375, 0.1796875, 4.703125, 3.072265625, 1.9208984375, 2.53515625, 5.0859375, 0.047393798828125, 2.3984375, 3.26171875, 3.806640625, 8.3515625, 5.33203125, 0.251708984375, 5.03125, 9.0390625, 5.53515625, 5.68359375, 1.8134765625, 9.0, 0.35791015625, 0.36328125, 0.053802490234375, 0.50146484375, 7.5390625, 1.0771484375, 1.326171875, 2.205078125, 7.58203125, 6.87890625, 0.418212890625, 0.0003616809844970703, 4.76837158203125e-06, 1.1920928955078125e-07, 2.9802322387695312e-06, 8.344650268554688e-07, -0.0, 1.7881393432617188e-06, 0.414794921875, 0.8505859375, 2.467632293701172e-05, 5.316734313964844e-05, 4.76837158203125e-07, 3.6954879760742188e-06, 2.0265579223632812e-06, 4.76837158203125e-07, 1.9073486328125e-06, 1.736328125, 0.0521240234375, 1.328125, 0.00020706653594970703, 5.109375, 3.224609375, 0.57470703125, 0.1295166015625, 3.833984375, 0.006549835205078125, 0.05804443359375, 0.1436767578125, 0.11187744140625, 10.609375, 3.1171875, 5.6484375, 6.01953125, 2.11328125, 2.421875, 5.48046875, 2.404296875, 0.01436614990234375, 2.716796875, 1.4248046875, 2.09375, 0.671875, 2.669921875, 1.216796875, 3.05078125, 4.53515625, 1.1591796875, 5.23046875, 0.84130859375, 0.19970703125, 6.83203125, 2.8125, 0.483154296875, 5.171875, 4.1640625, 5.24609375, 2.73828125, 4.35546875, 4.28125, 2.205078125, 1.1083984375, 0.05548095703125, 0.239990234375, 1.2451171875, 0.21630859375, 0.35302734375, 0.034759521484375, 2.24609375, 0.46923828125, 0.000644683837890625, 3.2186508178710938e-06, 1.1920928955078125e-07, 8.821487426757812e-06, 2.5033950805664062e-06, -0.0, 7.152557373046875e-07, 3.40234375, 1.775390625, 8.344650268554688e-07, 1.9669532775878906e-05, 5.960464477539062e-07, 1.430511474609375e-06, 2.5033950805664062e-06, -0.0, -0.0, 3.73046875, 0.2144775390625, 6.6328125, 2.826171875, 2.314453125, 8.3671875, 0.20263671875, 1.5224609375, 9.4453125, 0.9013671875, 5.8359375, 3.0859375, 8.4453125, 6.07421875, 0.703125, 0.89697265625, 3.40234375, 0.2314453125, 10.375, 1.3896484375, 0.06878662109375, 0.376220703125, 3.337890625, 3.04296875, 4.86328125, 1.490234375, 0.054962158203125, 8.3984375, 9.3203125, 0.60888671875, 0.76318359375, 2.83984375, 4.9948692321777344e-05, 1.5497207641601562e-06, 8.344650268554688e-07, 1.5497207641601562e-06, 7.152557373046875e-07, -0.0, -0.0, 1.45703125, 2.486328125, 6.318092346191406e-06, 9.012222290039062e-05, 2.1457672119140625e-06, 1.5497207641601562e-06, 1.9073486328125e-06, 1.1920928955078125e-07, -0.0, 0.08807373046875, 0.203857421875, 2.994140625, 9.71875, 5.046875, 1.40234375, 3.787109375, 6.09765625, 0.11248779296875, 0.32958984375, 0.036773681640625, 0.9404296875, 2.205078125, 7.83984375, 0.059600830078125, 0.0021457672119140625, 0.044342041015625, 2.458984375, 2.37890625, 2.630859375, 0.05657958984375, 6.90234375, 7.9140625, 0.97412109375, 1.580078125, 1.498046875, 0.282958984375, 3.46484375]",-0.6180710670697755
25,1,test,2.825697323142505,1.2181792042982154,1.6785643398880028,4.940933605037752,2.1300733515157364,2.9350896457470217,16.872706613583258,11.88229637340725,13.72355532841328,29.50313270717987,20.77704394435782,23.99661674568265,2.950812464982421,1.1600634233247222,1.6518214915352996,4.6106444765350325,1.8125990989448781,2.5809710805239052,19.121482954213512,13.127542457775373,15.455886837071468,29.87731711595861,20.51178509027402,24.149823182924166,2.8493938434084125,1.2379298858909191,1.692807430550033,4.9411453931937785,2.1466992240882985,2.935504214826646,17.277305912998088,12.267165418500387,14.098243187753717,29.9606460919042,21.27254118815096,24.44782055679835,0.6934673366834171,-0.0015326633165829717,0.0034673366834171437,0.5276381909547738,0.01263819095477381,-0.017361809045226106,0.40703517587939697,-0.00296482412060306,-0.007964824120603065,0.40327868852459015,0.09394971962115317,0.15900387936428484,0.3980263157894737,0.4170854271356784,0.10129595345146791,0.14663467588359158,0.4242424242424242,0.41137123745819393,0.10586205548824401,0.16331784479968448,0.40268456375838924,18.0,7.0,7.0,30.0,11.0,11.0,40.0,12.0,15.0,0.0003180028233763337,6.491345742410947e-05,5.644907658257191e-05,-0.005951497322399746,-0.007654019335731732,-0.009058735840529408,"[2.88671875, 1.2119140625, 0.349609375, 0.021087646484375, 0.0001302957534790039, 1.0205078125, 0.00885009765625, 0.0287628173828125, 5.625, 0.45849609375, 0.408935546875, 3.5, 2.18359375, 5.75, 5.68359375, 4.15625, 5.234375, 3.01171875, 4.5859375, 4.9453125, 0.1298828125, 0.5146484375, 1.3896484375, 4.4375, 1.1435546875, 0.89892578125, 3.375, 7.7109375, 0.023651123046875, 1.74609375, 1.107421875, 7.41796875, 1.83203125, 1.939453125, 13.3671875, 2.39453125, 5.0, 5.59375, 3.474609375, 0.0648193359375, 5.26171875, 4.30859375, 4.5390625, 2.79296875, 7.2265625, 0.06561279296875, 7.5703125, 5.734375, 1.02734375, 7.71484375, 2.091796875, 2.12109375, 1.8212890625, 0.0131378173828125, 7.95703125, 0.0032558441162109375, 0.1634521484375, 3.8359375, 0.37744140625, 6.375, 0.89892578125, 5.76171875, 3.185546875, 0.7724609375, 2.54296875, 0.0009350776672363281, 0.2491455078125, 2.3984375, 0.00617218017578125, 2.09808349609375e-05, 0.4580078125, 0.47802734375, 6.36328125, 1.970703125, 1.3408203125, 9.0, 5.26171875, 1.849609375, 3.3671875, 6.7578125, 4.453125, 7.45703125, 2.990234375, 4.09765625, 5.09765625, 0.95947265625, 9.572505950927734e-05, 1.5419921875, 0.8515625, 3.861328125, 7.37109375, 2.953125, 5.71484375, 3.517578125, 6.88671875, 1.2451171875, 5.87890625, 0.033660888671875, 1.462890625, 4.1875, 0.818359375, 0.576171875, 1.2373046875, 7.4765625, 3.150390625, 4.73828125, 2.06640625, 2.689453125, 2.37109375, 3.8203125, 2.037109375, 7.5, 0.07257080078125, 2.796875, 2.185546875, 0.59423828125, 6.60546875, 1.021484375, 0.77490234375, 0.671875, 5.2109375, 0.53955078125, 0.217041015625, 1.4443359375, 3.1953125, 0.9638671875, 5.48046875, 0.0823974609375, 1.306640625, 8.40625, 7.26953125, 0.060577392578125, 2.630859375, 0.947265625, 9.1015625, 0.63916015625, 6.62890625, 0.8759765625, 2.435546875, 1.7822265625, 1.82421875, 2.580078125, 3.330078125, 0.8193359375, 0.4453125, 3.765625, 5.12109375, 0.99853515625, 1.33514404296875e-05, 0.327392578125, 0.53125, 1.9697265625, 5.09765625, 5.296875, 0.01139068603515625, 3.890625, 0.15478515625, 0.13623046875, 2.1796875, 10.0078125, 0.06268310546875, 2.365234375, 0.0036983489990234375, 0.1199951171875, 14.328125, 5.09375, 7.87890625, 3.595703125, 7.81640625, 4.50390625, 3.056640625, 1.68359375, 1.6650390625, 0.76220703125, 1.8427734375, 2.376953125, 4.484375, 2.458984375, 0.5283203125, 0.56640625, 4.04296875, 3.947265625, 3.6796875, 1.4560546875, 5.63671875, 0.0771484375, 0.1553955078125, 2.099609375, 5.47265625, 1.08984375, 2.86328125, 6.203125, 2.052734375, 3.11328125, 3.0078125, 0.1744384765625, 8.1015625, 1.0458984375, 1.2993812561035156e-05, 0.2427978515625, 2.291015625, 0.0012979507446289062, 7.033348083496094e-06, 0.06353759765625, 0.035308837890625, 2.056640625, 6.76171875, 0.0045166015625, 2.599609375, 0.73779296875, 6.05078125, 0.03424072265625, 0.463623046875, 2.904296875, 0.0301361083984375, 6.07421875, 6.44921875, 1.6044921875, 4.890625, 0.9580078125, 4.8671875, 7.18359375, 1.318359375, 5.5703125, 3.318359375, 3.0390625, 0.011474609375, 8.203125, 4.859375, 1.3740234375, 1.2490234375, 1.4970703125, 7.53125, 11.421875, 3.04296875, 1.998046875, 12.6953125, 4.37109375, 7.152557373046875e-06, 0.1593017578125, 1.703125, 9.3203125, 0.6025390625, 0.1697998046875, 0.0176239013671875, 1.3212890625, 6.3828125, 0.49609375, 0.0260772705078125, 1.330078125, 0.336181640625, 5.49609375, 1.76171875, 1.0986328125, 0.5078125, 8.171875, 1.462890625, 1.06640625, 6.03125, 1.763671875, 6.09765625, 0.90966796875, 0.413330078125, 4.9921875, 2.6226043701171875e-06, 4.47265625, 0.8271484375, 0.0016813278198242188, 5.435943603515625e-05, 1.8623046875, 1.451171875, 0.0005526542663574219, 4.673004150390625e-05, 1.9140625, 0.298583984375, 6.61328125, 0.05792236328125, 6.05078125, 1.37890625, 0.90625, 6.6015625, 7.3125, 3.005859375, 3.271484375, 0.00766754150390625, 5.11328125, 7.10546875, 0.09686279296875, 0.282470703125, 2.08984375, 8.4453125, 0.043182373046875, 0.07659912109375, 0.95556640625, 0.2088623046875, 3.224609375, 6.9141387939453125e-06, 0.399169921875, 1.9755859375, 0.0004475116729736328, 1.1920928955078125e-07, 0.1580810546875, 0.8330078125, 1.3095703125, 4.859375]",-0.8784633671651121
456,1,test,2.818070970875232,1.170053661468621,1.6398438826164825,5.366147118193555,2.228006373335458,3.1225769740840805,16.744518833126964,11.547852608150778,13.495909236892658,31.88477238882859,21.989324128095497,25.698797229532126,3.3207596480546884,1.3443194245185914,1.9066249633471233,5.108860997007213,2.0681837300286023,2.9332691743801895,27.68137067294421,20.464364398149986,23.56844472495356,42.586724112221866,31.483637535615365,36.25914573069779,2.9167842510153217,1.2325925289096618,1.7207862131328657,5.368314572420838,2.2685752065821996,3.1670911898150904,18.48175909885537,13.093665004385723,15.174902606701085,34.01550754390559,24.098769946722193,27.929268601290346,0.6331658291457287,-0.016834170854271302,-0.011834170854271298,0.5175879396984925,-0.002412060301507535,-0.002412060301507535,0.4371859296482412,-0.012814070351758744,-0.012814070351758744,0.3911671924290221,0.11085223179910086,0.14877474751821407,0.3575949367088608,0.39698492462311563,0.08370171660306547,0.1365508678618469,0.4040404040404041,0.3913043478260869,0.10582855483777309,0.14436330221985783,0.3691275167785235,23.0,0.0,0.0,35.0,2.0,2.0,42.0,2.0,1.0,0.001101838135708769,0.0003264695168835672,0.0003708097470070851,-0.08349742958190731,-0.0781312207602447,-0.07921736497686727,"[9.9140625, 1.63671875, 1.3447265625, 3.25, 0.21533203125, 6.71875, 2.1796875, 1.189453125, 0.06805419921875, 4.7109375, 0.161376953125, 0.82080078125, 1.8505859375, 0.05474853515625, 3.325939178466797e-05, 0.0007796287536621094, 0.0012683868408203125, 1.8835067749023438e-05, 10.03125, 5.9375, 1.5634765625, 4.0703125, 2.95703125, 11.8046875, 1.4912109375, 0.26611328125, 4.09375, 0.390869140625, 2.20703125, 1.451171875, 7.87109375, 1.0419921875, 3.04296875, 0.0732421875, 0.7666015625, 10.140625, 9.8984375, 4.9140625, 3.11328125, 1.13671875, 6.16796875, 6.37109375, 0.31982421875, 2.0390625, 1.7998046875, 5.3515625, 0.328369140625, 9.5, 3.392578125, 3.841796875, 6.859375, 7.1484375, 4.171875, 1.3369140625, 1.3134765625, 8.84375, 10.296875, 2.095703125, 2.830078125, 0.317626953125, 3.2265625, 4.66796875, 6.9609375, 9.0390625, 2.884765625, 1.9150390625, 7.33984375, 9.046875, 0.8115234375, 1.9013671875, 3.15234375, 10.03125, 2.484375, 0.09228515625, 1.318359375, 6.36328125, 1.1005859375, 9.8125, 0.4873046875, 1.7451171875, 1.369140625, 3.595703125, 0.00666046142578125, 5.94140625, 8.1484375, 0.4296875, 14.109375, 0.5654296875, 1.263671875, 7.375, 0.32568359375, 1.4423828125, 0.50146484375, 0.0009317398071289062, 0.84619140625, 4.79296875, 6.71484375, 1.811981201171875e-05, 0.0008425712585449219, 0.56494140625, 1.7958984375, 6.449222564697266e-05, 5.125999450683594e-06, 0.00024771690368652344, 0.00010585784912109375, 4.7087669372558594e-05, -0.0, 1.1920928955078125e-07, 0.08184814453125, 0.435302734375, 5.65234375, 0.181640625, 0.305908203125, 12.2734375, 10.1953125, 4.296875, 5.16796875, 2.734375, 5.51171875, 2.736328125, 3.4609375, 2.88671875, 1.5068359375, 4.59765625, 0.002044677734375, 4.3359375, 5.07421875, 2.908203125, 0.05230712890625, 7.93359375, 3.091796875, 0.0007543563842773438, 2.5033950805664062e-06, 7.903575897216797e-05, 1.8358230590820312e-05, 3.3736228942871094e-05, -0.0, 1.430511474609375e-06, 0.25341796875, 3.40234375, 8.344650268554688e-06, 0.00015807151794433594, 3.24249267578125e-05, 1.2993812561035156e-05, 2.968311309814453e-05, -0.0, 2.384185791015625e-07, 1.7080078125, 0.286376953125, 2.498046875, 8.234375, 3.150390625, 0.390869140625, 9.8828125, 0.66064453125, 5.15234375, 7.71484375, 6.0859375, 0.351806640625, 8.25, 0.3232421875, 6.53125, 0.0251922607421875, 8.2109375, 0.01265716552734375, 6.59765625, 0.005077362060546875, 3.990234375, 7.20703125, 10.6953125, 0.0295257568359375, 3.42578125, 2.4921875, 4.33984375, 8.3046875, 4.81640625, 4.41796875, 0.06658935546875, 8.8203125, 5.19140625, 11.2265625, 1.373046875, 2.76171875, 2.62890625, 7.875, 6.71484375, 2.234375, 0.2333984375, 1.142578125, 6.49609375, 4.734375, 5.4296875, 4.52734375, 7.6953125, 0.02508544921875, 9.5703125, 0.10211181640625, 1.259765625, 1.857421875, 4.4609375, 2.619140625, 0.5029296875, 0.66650390625, 1.521484375, 0.84716796875, 0.002765655517578125, 9.5367431640625e-07, 8.702278137207031e-06, 3.4570693969726562e-06, 3.135204315185547e-05, -0.0, -0.0, 0.69921875, 0.54296875, 8.6015625, 3.962890625, 1.48828125, 0.323974609375, 6.51171875, 4.7109375, 3.126953125, 1.07421875, 3.546875, 7.08203125, 2.736328125, 1.841796875, 3.255859375, 4.6015625, 1.380859375, 1.3056640625, 0.00832366943359375, 5.3125, 0.01739501953125, 2.7890625, 1.1123046875, 0.00010800361633300781, 2.384185791015625e-06, 1.1086463928222656e-05, 2.9802322387695312e-06, 1.633167266845703e-05, -0.0, -0.0, 4.1953125, 3.2421875, 9.059906005859375e-06, 3.421306610107422e-05, 3.337860107421875e-06, 2.384185791015625e-06, 3.337860107421875e-05, -0.0, 3.5762786865234375e-07, 0.86669921875, 5.03515625, 7.152557373046875e-06, 1.8477439880371094e-05, 2.014636993408203e-05, 1.7881393432617188e-06, 1.811981201171875e-05, -0.0, -0.0, 0.7841796875, 0.1630859375, 1.798828125, 1.583984375, 4.11328125, 0.17919921875, 2.478515625, 6.55859375, 6.01953125, 0.359375, 0.43408203125, 1.3779296875, 4.4140625, 0.599609375, 2.994140625, 2.390625, 0.1387939453125, 8.4375, 3.5234375, 1.6669921875, 7.97265625, 13.078125, 0.5419921875, 5.5703125, 0.03448486328125, 3.9140625, 5.6015625, 4.24609375, 2.310546875, 0.732421875, 1.59765625, 2.228515625, 2.8046875, 7.453125, 4.94140625, 0.025970458984375, 3.66015625, 1.626953125, 6.05078125, 0.053955078125, 5.046875, 3.859375, 0.08538818359375, 1.3203125, 0.018951416015625, 0.0745849609375, 0.05279541015625, 0.037322998046875, 0.058258056640625, 0.06097412109375, 1.11328125, 1.5244140625, 0.82568359375, 0.1734619140625, 5.19140625, 0.0098419189453125, 1.703125]",-0.49064079632142343
83,1,test,2.677030924956004,1.091969059715283,1.5237305662119136,4.242546085748989,1.730547457209601,2.4148010727685882,14.541853282548734,9.662260036162856,11.373219984236718,23.045861050121093,15.312704501755167,18.02422582297164,2.6158922024108655,0.9997174884013009,1.3932407044633128,3.875395855423504,1.4810629457797049,2.0640603029086115,13.67941574263803,8.645618018303729,10.283234970450124,20.265801100204488,12.8083229900796,15.234422178444628,2.677030924956004,1.091969059715283,1.5237305662119136,4.242546085748989,1.730547457209601,2.4148010727685882,14.541853282548734,9.662260036162856,11.373219984236718,23.045861050121093,15.312704501755167,18.02422582297164,0.6482412060301508,-0.0017587939698492372,0.013241206030150776,0.4623115577889447,0.007311557788944767,-0.002688442211055242,0.3467336683417085,0.011733668341708525,0.006733668341708521,0.40740740740740744,0.0987197918806052,0.14139755519065866,0.4163568773234201,0.3919597989949749,0.0811828566390852,0.11983959866108507,0.40909090909090906,0.40740740740740744,0.0987197918806052,0.14139755519065866,0.4163568773234201,20.0,8.0,7.0,32.0,11.0,10.0,40.0,10.0,10.0,0.00012918471947973684,-9.811756315078124e-05,2.3927081363070693e-05,-0.004858843830169768,-0.00502851511144442,-0.004752728738999679,"[2.859375, 2.21484375, 0.2666015625, 0.05609130859375, 3.802776336669922e-05, 1.1826171875, 0.01139068603515625, 0.01456451416015625, 6.5703125, 0.83203125, 10.28125, 1.75, 0.96484375, 0.11102294921875, 0.1375732421875, 0.1553955078125, 2.87890625, 3.111328125, 3.6953125, 1.5771484375, 0.39013671875, 2.935546875, 1.5341796875, 1.9521484375, 2.58203125, 0.82373046875, 1.228515625, 5.5078125, 1.310546875, 7.984375, 1.5478515625, 0.896484375, 0.1025390625, 3.70703125, 1.935546875, 0.572265625, 0.94921875, 4.49609375, 4.6328125, 4.4296875, 2.732421875, 0.0266571044921875, 0.00473785400390625, 6.04296875, 4.31640625, 1.708984375, 0.08184814453125, 0.256103515625, 4.38671875, 4.91796875, 8.046875, 5.0703125, 0.19482421875, 9.734375, 0.54345703125, 0.78662109375, 7.48046875, 1.4814453125, 1.767578125, 4.0, 1.810546875, 1.6337890625, 8.21875, 6.87890625, 3.107421875, 7.25390625, 4.17578125, 2.216796875, 1.3251953125, 6.05078125, 0.0919189453125, 0.060089111328125, 3.0234375, 4.15234375, 2.21875, 4.734375, 3.82421875, 0.45654296875, 5.0, 2.359375, 5.9921875, 1.4970703125, 3.828125, 7.09765625, 0.5078125, 0.000896453857421875, 0.1607666015625, 0.1878662109375, 6.28125, 0.043304443359375, 6.17578125, 4.03125, 5.14453125, 5.06640625, 1.9833984375, 1.5400390625, 1.1220703125, 1.4501953125, 0.8603515625, 1.4833984375, 4.53125, 0.09417724609375, 1.2880859375, 4.30078125, 5.25390625, 0.0167999267578125, 0.016754150390625, 6.30078125, 0.03594970703125, 3.435546875, 4.6328125, 0.0855712890625, 0.59326171875, 5.53125, 5.41015625, 2.404296875, 10.6484375, 10.546875, 1.8740234375, 0.61474609375, 0.89453125, 0.69287109375, 0.1593017578125, 2.326171875, 1.373046875, 6.76171875, 0.162353515625, 6.0703125, 0.50146484375, 1.9638671875, 6.9921875, 0.1988525390625, 1.80859375, 3.135204315185547e-05, 0.01702880859375, 0.47314453125, 1.4248046875, 0.59375, 3.150390625, 0.48974609375, 10.5546875, 2.3671875, 6.10546875, 0.00789642333984375, 1.1064453125, 5.80859375, 0.0304412841796875, 2.525390625, 2.158203125, 0.58056640625, 2.919921875, 1.7880859375, 3.701171875, 2.88671875, 3.00390625, 0.130126953125, 0.003826141357421875, 2.6015625, 6.859375, 0.0015935897827148438, 0.2724609375, 8.3203125, 6.0234375, 3.53125, 5.03515625, 0.4384765625, 0.7890625, 1.0947265625, 7.617473602294922e-05, 0.1707763671875, 0.172607421875, 4.16015625, 1.07421875, 1.265625, 5.6875, 1.091796875, 0.1529541015625, 0.1302490234375, 2.685546875, 3.47265625, 0.031585693359375, 2.095703125, 4.88671875, 6.1875, 1.8935546875, 1.017578125, 3.70703125, 4.77734375, 0.188720703125, 2.48046875, 4.40234375, 3.064453125, 1.087890625, 1.5966796875, 2.109375, 5.91278076171875e-05, 0.0628662109375, 0.2105712890625, 1.17578125, 1.0595703125, 3.5390625, 0.288818359375, 6.3828125, 9.0625, 3.5390625, 6.23046875, 1.3046875, 2.267578125, 1.6962890625, 4.671875, 3.537109375, 4.67578125, 1.1591796875, 3.681640625, 5.91796875, 3.533203125, 3.43359375, 7.867813110351562e-06, 0.089111328125, 4.1953125, 2.201171875, 5.0, 4.64453125, 2.58984375, 1.7333984375, 2.435546875, 4.44921875, 2.732421875, 3.933906555175781e-06, 0.0745849609375, 0.2069091796875, 6.88671875, 0.02447509765625, 0.03472900390625, 9.1875, 0.39794921875, 0.463134765625, 0.001209259033203125, 9.6640625, 1.671875, 9.46875, 1.4521484375, 4.2890625, 7.76171875, 2.58203125, 1.03515625, 4.37109375, 0.56591796875, 0.287109375, 0.9521484375, 3.794921875, 5.796875, 5.41015625, 0.0274200439453125, 1.8095703125, 4.02734375, 0.1427001953125, 3.482421875, 6.34375, 0.0096435546875, 4.55859375, 0.0093231201171875, 1.578125, 5.55078125, 0.1759033203125, 1.7021484375, 0.43359375, 1.9431114196777344e-05, 0.1568603515625, 0.184814453125]",-0.8439720829327899
142,1,test,2.910590496598458,1.233292200311232,1.7153503736285847,5.43433035757307,2.302665817036794,3.2027111406356483,18.367641395141824,13.01656200199028,15.063290269289542,34.29401399725847,24.30307462396919,28.12449765468617,2.5432932688363232,0.9477062958109368,1.3625229492654412,4.461918015502322,1.662642624229714,2.390391139062178,12.721497371084434,7.790274653576934,9.464615294247125,22.318416440499007,13.667148515047252,16.60458823552127,2.9164681187292345,1.2327594604865635,1.7283185258689824,5.445304398893191,2.301671144579343,3.2269238299452514,18.475917341533236,13.090425412054472,15.194912948660791,34.49617478324244,24.440984155418164,28.370248859841354,0.6030150753768844,0.008015075376884395,0.013015075376884289,0.4371859296482412,-0.00781407035175874,-0.022814070351758753,0.3316582914572864,0.006658291457286469,0.006658291457286469,0.3843537414965986,0.06686647494311815,0.12077908086311451,0.41638225255972694,0.3869346733668342,0.08868905933174642,0.11815337119655034,0.3737373737373737,0.391156462585034,0.0702736102930136,0.13097546710992092,0.41638225255972694,19.0,3.0,3.0,31.0,2.0,1.0,39.0,5.0,4.0,-0.0009508890791256347,-0.00010267524053339733,-0.00019612474939246678,-0.03389102751134754,-0.03651017175715232,-0.03171683826431515,"[9.8828125, 1.6044921875, 1.3271484375, 3.259765625, 0.2166748046875, 6.72265625, 1.1533203125, 3.82421875, 2.083984375, 0.08233642578125, 0.76708984375, 0.29296875, 1.1220703125, 0.0100250244140625, 2.6875, 0.024505615234375, 0.325439453125, 1.0185546875, 0.002124786376953125, 3.933906555175781e-06, 4.9948692321777344e-05, 0.0005502700805664062, 1.9073486328125e-06, 1.8291015625, 8.046875, 1.41015625, 6.41015625, 3.958984375, 1.5185546875, 5.359375, 0.1644287109375, 6.80859375, 10.4609375, 1.2138671875, 5.04296875, 1.81640625, 4.4375, 2.1796875, 5.5390625, 4.765625, 2.521484375, 3.001953125, 3.1875, 1.482421875, 5.2109375, 0.07470703125, 0.55615234375, 5.9140625, 0.50634765625, 1.404296875, 5.50390625, 3.404296875, 1.6298828125, 0.982421875, 2.1171875, 3.12890625, 1.212890625, 0.28759765625, 3.423828125, 0.06182861328125, 1.1103515625, 10.1953125, 5.85546875, 5.78515625, 1.6953125, 3.384765625, 4.578125, 0.1375732421875, 2.7109375, 2.458984375, 10.1953125, 2.3828125, 0.006511688232421875, 3.095703125, 4.6015625, 0.77294921875, 2.873046875, 7.1796875, 0.6650390625, 3.583984375, 0.058868408203125, 0.0111846923828125, 1.919921875, 4.21875, 0.62451171875, 1.3544921875, 0.51513671875, 2.697265625, 0.0016384124755859375, 4.9375, 0.357666015625, 0.650390625, 2.912109375, 1.0966796875, 5.86328125, 6.91015625, 0.41357421875, 0.09515380859375, 0.233642578125, 9.1796875, 1.890625, 0.235107421875, 4.37109375, 0.2734375, 8.2421875, 2.01171875, 2.376953125, 3.255859375, 0.028533935546875, 2.04296875, 5.453125, 5.03515625, 0.01483154296875, 0.0027217864990234375, 2.734375, 3.833984375, 5.73046875, 6.628036499023438e-05, 7.069110870361328e-05, 0.79736328125, 1.5263671875, 6.568431854248047e-05, 1.2993812561035156e-05, 0.0005784034729003906, 0.0001842975616455078, 7.152557373046875e-07, 5.960464477539062e-07, 1.1920928955078125e-07, 0.294921875, 0.464599609375, 8.78125, 0.447265625, 0.36572265625, 11.8515625, 9.7265625, 1.8193359375, 5.7890625, 5.20703125, 2.228515625, 7.97265625, 1.021484375, 1.33984375, 0.81201171875, 6.48046875, 12.15625, 0.1263427734375, 0.36865234375, 1.5146484375, 0.0556640625, 2.828125, 5.4836273193359375e-06, 5.7220458984375e-06, 0.00018668174743652344, 0.0006575584411621094, 1.1920928955078125e-06, -0.0, 2.0265579223632812e-06, 0.52734375, 1.4970703125, 2.2292137145996094e-05, 5.4836273193359375e-06, 9.906291961669922e-05, 1.4662742614746094e-05, 1.3113021850585938e-06, 7.152557373046875e-07, 3.5762786865234375e-07, 0.06768798828125, 0.40185546875, 4.421875, 0.0268707275390625, 4.2890625, 0.03985595703125, 8.3359375, 1.5029296875, 2.333984375, 1.2216796875, 4.09375, 0.63623046875, 5.23046875, 0.1619873046875, 0.93017578125, 0.00884246826171875, 0.0877685546875, 2.103515625, 2.564453125, 2.470703125, 0.037689208984375, 4.1015625, 4.77734375, 5.58203125, 2.439453125, 9.3203125, 3.470703125, 1.4091796875, 10.2734375, 1.822265625, 2.875, 2.625, 8.734375, 3.208984375, 0.0709228515625, 0.383056640625, 7.7109375, 1.287109375, 5.3515625, 8.953125, 3.640625, 2.4375, 5.609375, 13.484375, 7.47265625, 1.080078125, 2.875, 2.216796875, 5.73046875, 6.7890625, 4.34765625, 2.61328125, 7.4375, 1.93359375, 6.828125, 0.4609375, 0.06243896484375, 0.87841796875, 4.64453125, 2.029296875, 1.34375, 11.34375, 2.15625, 12.140625, 3.359375, 6.23046875, 2.6796875, 1.06640625, 3.2734375, 7.73828125, 2.1953125, 0.86279296875, 7.48828125, 2.814453125, 2.705078125, 7.4375, 5.10546875, 1.3681640625, 4.4921875, 3.12109375, 3.197265625, 6.40234375, 3.076171875, 2.212890625, 1.7138671875, 1.931640625, 7.98828125, 0.62841796875, 6.59375, 1.09375, 5.60546875, 0.185302734375, 0.047210693359375, 3.7109375, 2.677734375, 6.90625, 0.5537109375, 5.26953125, 1.8759765625, 5.79296875, 0.74609375, 5.09765625, 8.2109375, 0.255126953125, 1.740234375, 5.62109375, 6.36328125, 2.78125, 6.15625, 10.4609375, 0.0228424072265625, 3.1875, 1.1435546875, 4.2890625, 0.035125732421875, 1.9375, 0.316650390625, 2.576171875, 0.07330322265625, 4.7265625, 4.55078125, 0.0389404296875, 0.031463623046875, 1.671875, 2.740234375, 4.3203125, 3.068359375, 5.390625]",-1.0364252657306436
223,1,test,3.59811458785153,1.5900419911423618,2.192579702555797,5.494418221989498,2.428037094582255,3.3481284647135823,36.52929669630006,29.080350317621612,32.45158943259356,55.78122333353927,44.40648089042219,49.55445413355502,3.2098188436211053,1.2770737526202114,1.8228972248840611,4.618444379310943,1.8375161908204478,2.6228737048691526,24.774597741625865,17.866149185674175,20.77208792408846,35.64690322536096,25.70668947579018,29.88789629365246,3.633882719138793,1.6071982520348698,2.227915586075032,5.478215154480592,2.4229119377410098,3.3586667126759275,37.859529530242526,30.270646121566095,33.780059305682116,57.07466763353145,45.63413988175793,50.92471252112882,0.5778894472361809,0.007889447236180791,0.007889447236180791,0.48743718592964824,-0.007562814070351753,-0.017562814070351762,0.4321608040201005,-0.002839195979899567,0.0021608040201004375,0.40828402366863903,0.09809200003496099,0.17009504729068625,0.4451038575667656,0.42211055276381915,0.1288774700570522,0.1783709868205804,0.4494949494949495,0.4180602006688964,0.11588991686255246,0.18113027853319008,0.459731543624161,21.0,1.0,0.0,30.0,-2.0,-2.0,38.0,-2.0,-1.0,-0.0023584104414717012,0.00047811715529158587,-0.0008641596938501502,-0.014198456794003889,-0.016557039003209262,-0.013100913425054372,"[7.36328125, 2.263671875, 8.1328125, 3.451171875, 5.87890625, 0.1536865234375, 4.953125, 0.004482269287109375, 0.00015342235565185547, 0.00021195411682128906, 1.84765625, 0.496337890625, 2.1457672119140625e-06, 0.416748046875, 1.81640625, 0.439208984375, 0.08013916015625, 1.6591796875, 6.53515625, 9.2265625, 5.4296875, 0.6044921875, 0.68310546875, 0.0003688335418701172, 2.71484375, 0.228271484375, 0.000682830810546875, 0.0770263671875, 0.8681640625, 0.0223541259765625, 1.3427734375, 0.06817626953125, 10.4140625, 3.375, 1.791015625, 7.9140625, 7.67578125, 0.288330078125, 4.0703125, 7.25390625, 1.783203125, 7.41015625, 2.80859375, 6.40234375, 4.328125, 4.78515625, 4.92578125, 1.2998046875, 5.1328125, 3.41015625, 7.15625, 5.42578125, 1.533203125, 0.1328125, 0.031585693359375, 0.94580078125, 2.525390625, 0.326416015625, 2.126953125, 0.00887298583984375, 0.006877899169921875, 1.990795135498047e-05, 0.0004544258117675781, 0.0001722574234008789, 0.00231170654296875, 0.0865478515625, 3.5762786865234375e-06, 0.00023102760314941406, 0.00024700164794921875, 8.237361907958984e-05, 0.00038242340087890625, 0.00034618377685546875, 1.7881393432617188e-06, 0.0001283884048461914, 7.510185241699219e-06, 8.14199447631836e-05, 0.001033782958984375, 4.4465065002441406e-05, 6.139278411865234e-05, 0.00127410888671875, 0.34228515625, 0.0005764961242675781, 0.00873565673828125, 0.002681732177734375, 1.1920928955078125e-07, 1.1920928955078125e-07, 0.09307861328125, 0.0027904510498046875, 0.0001842975616455078, 0.00012493133544921875, 0.003070831298828125, 0.01216888427734375, 0.00675201416015625, 0.01374053955078125, 0.03125, 8.416175842285156e-05, 0.767578125, 0.02740478515625, 0.000293731689453125, 0.01491546630859375, 1.251953125, 2.646484375, 0.002017974853515625, 1.43359375, 0.038330078125, 6.78125, 5.36328125, 0.000946044921875, 2.509765625, 0.031707763671875, 0.07708740234375, 0.08209228515625, 14.8203125, 5.49609375, 2.876953125, 10.7109375, 0.427490234375, 2.892578125, 8.859375, 8.8984375, 0.2003173828125, 1.900390625, 8.8828125, 0.054534912109375, 0.2335205078125, 0.0019378662109375, 6.15234375, 7.51171875, 9.9921875, 6.8828125, 12.046875, 5.58203125, 12.40625, 8.359375, 0.9912109375, 5.921875, 0.02142333984375, 7.49609375, 7.265625, 11.5, 3.875, 9.84375, 3.248046875, 3.634765625, 6.765625, 3.431640625, 4.9609375, 5.61328125, 4.10546875, 6.890625, 2.69921875, 5.71875, 1.1474609375, 0.11859130859375, 3.37890625, 7.64453125, 10.4375, 3.6328125, 12.9140625, 5.34765625, 9.75, 8.7890625, 2.126953125, 2.0390625, 7.34765625, 0.082763671875, 4.296875, 5.6484375, 0.83984375, 0.071044921875, 5.8515625, 1.0302734375, 7.9453125, 5.6484375, 3.447265625, 7.79296875, 4.9921875, 3.876953125, 2.376953125, 1.580078125, 8.1328125, 6.82421875, 4.1875, 6.13671875, 0.96435546875, 9.0390625, 8.515625, 0.41162109375, 0.06976318359375, 2.53515625, 6.05859375, 11.8046875, 4.4453125, 8.359375, 0.003963470458984375, 6.61328125, 0.0224761962890625, 2.99609375, 3.33984375, 0.0938720703125, 4.921875, 0.041168212890625, 10.828125, 0.7529296875, 0.275634765625, 12.40625, 1.197265625, 6.8125, 1.4287109375, 4.09765625, 8.8828125, 0.0499267578125, 15.171875, 1.6591796875, 6.36328125, 1.4404296875, 0.52001953125, 3.568359375, 1.2138671875, 0.0816650390625, 2.201171875, 1.7978515625, 0.427734375, 0.0307464599609375, 8.3359375, 15.125, 2.5, 3.3359375, 6.265625, 0.646484375, 5.09765625, 0.908203125, 9.25, 9.8125, 0.320556640625, 12.796875, 1.33203125, 0.36279296875, 8.6328125, 9.6640625, 5.0546875, 10.2734375, 2.154296875, 10.328125, 3.244140625, 0.173095703125, 5.171875, 5.796875, 0.2474365234375, 4.29296875, 4.828125, 4.44921875, 12.0625, 1.595703125, 8.5859375, 0.287841796875, 10.6640625, 2.544921875, 10.0625, 5.0078125, 3.171875, 2.626953125, 10.3125, 8.8125, 3.43359375, 9.8671875, 0.09539794921875, 0.0045166015625, 10.2578125, 1.99609375, 0.05548095703125, 4.8828125, 7.56640625, 5.50390625, 1.6162109375, 1.896484375, 0.247802734375, 0.28857421875, 1.17578125, 8.4765625, 2.125, 5.91015625, 4.3359375, 0.377685546875, 2.572265625, 2.029296875, 3.220703125, 5.1015625, 5.375, 3.701171875, 3.328125, 0.07562255859375, 2.02734375, 6.296875, 10.0234375, 7.4140625, 6.82421875, 1.6025390625, 2.98828125, 7.00390625, 3.646484375, 1.2421875, 0.041778564453125, 10.7421875, 2.125, 0.045135498046875, 0.200439453125, 9.6953125, 4.2578125, 5.59765625, 11.59375, 3.94921875, 8.7734375, 1.31640625, 0.07379150390625, 1.4560546875, 4.54296875, 2.478515625, 2.6171875, 0.10711669921875, 2.857421875, 4.2421875, 2.095703125, 0.0029506683349609375, 0.228515625, 5.46484375, 2.046875, 0.5087890625, 0.215087890625, 1.8134765625, 1.0224609375, 2.357421875, 0.014312744140625, 4.265625, 5.41796875, 2.00390625, 10.9765625, 0.55224609375]",-1.9517592410364095
213,1,test,2.4923662887048468,1.0054041356341776,1.312422962889301,4.9455854629274185,1.9950165832741011,2.604231952539503,12.089850376030649,7.666213620842009,8.835660606918468,23.989807814217883,15.212015509419484,17.532541204304188,2.531952484169198,0.9354285697483842,1.3601860919915463,4.18504542837884,1.5461629252039404,2.248241474366192,12.578040602451848,7.642195453114533,9.35035163183309,20.79014975611876,12.631728021676913,15.455126664186928,2.455340198449865,0.9841678420035465,1.3755263416153007,4.575168071645711,1.8338531217457383,2.563092562016088,11.650396321545593,7.296059336623243,8.706264851440553,21.708813021513528,13.595141621037099,16.222853760448235,0.5678391959798995,0.00783919597989946,-0.012160804020100557,0.46733668341708545,0.0023366834170854833,-0.002663316582914521,0.36180904522613067,0.0018090452261306789,-0.0031909547738693256,0.3915343915343915,0.09298749589370459,0.1403124951512048,0.3687002652519894,0.40201005025125625,0.10376443621616849,0.1682871787988356,0.35858585858585856,0.3812709030100334,0.10581180451253758,0.15323975729256956,0.3422818791946308,20.0,11.0,11.0,31.0,22.0,22.0,38.0,28.0,28.0,0.0003432158223135579,0.00011570099680364269,0.00014595990568023115,-0.10762169135638988,-0.10910479739696033,-0.11312962835964768,"[2.88671875, 4.2109375, 4.6953125, 0.1295166015625, 5.75390625, 5.9453125, 6.46875, 5.1640625, 6.50390625, 3.708984375, 3.978515625, 0.95458984375, 0.0001264810562133789, 1.7783203125, 0.01287841796875, 0.01267242431640625, 3.72265625, 7.4375, 1.47265625, 1.443359375, 3.68359375, 0.302490234375, 0.1513671875, 0.1043701171875, 0.0404052734375, 1.2099609375, 0.60498046875, 7.27734375, 1.501953125, 5.75390625, 1.0751953125, 4.50390625, 0.21435546875, 0.09765625, 5.5859375, 2.298828125, 2.162109375, 0.2001953125, 2.2578125, 3.927734375, 5.40625, 2.439453125, 2.6484375, 4.9765625, 6.5859375, 1.453125, 4.2109375, 0.01172637939453125, 0.08404541015625, 0.84716796875, 9.90625, 2.625, 4.6875, 1.0732421875, 8.3125, 4.01953125, 1.10546875, 1.072265625, 6.58203125, 0.0286712646484375, 7.14453125, 6.9296875, 10.5703125, 7.171875, 2.44921875, 0.98583984375, 8.125, 8.2890625, 3.859375, 2.318359375, 1.6201171875, 3.068359375, 0.425537109375, 2.373046875, 3.259765625, 0.28271484375, 3.228515625, 0.03350830078125, 0.0209197998046875, 0.0008707046508789062, 0.116943359375, 5.67578125, 4.984375, 4.97265625, 4.7109375, 4.76171875, 1.6572265625, 0.0106353759765625, 4.37890625, 0.595703125, 2.4140625, 6.578125, 1.03125, 2.173828125, 4.875, 0.37060546875, 4.55078125, 0.046356201171875, 1.4638671875, 7.14453125, 0.348876953125, 0.045745849609375, 0.0369873046875, 0.81884765625, 4.3125, 5.21875, 1.888671875, 0.75244140625, 5.19140625, 0.0112152099609375, 3.037109375, 0.0184173583984375, 0.0753173828125, 0.035675048828125, 0.0009508132934570312, 0.0001628398895263672, 0.000629425048828125, 0.0020351409912109375, 0.0031261444091796875, 0.00030922889709472656, 0.002796173095703125, 0.376220703125, 6.94921875, 2.318359375, 4.02734375, 9.7265625, 5.17578125, 4.7421875, 0.27099609375, 1.5966796875, 5.1796875, 0.984375, 0.7197265625, 3.970703125, 4.2109375, 2.666015625, 0.0001264810562133789, 0.44921875, 6.318092346191406e-06, 8.952617645263672e-05, 1.7404556274414062e-05, 4.3272972106933594e-05, 7.748603820800781e-06, 2.47955322265625e-05, 1.1682510375976562e-05, 0.00128173828125, 0.158935546875, 2.50390625, 0.00035762786865234375, 2.15234375, 4.265625, 0.363037109375, 5.96875, 1.5546875, 0.95703125, 0.0118255615234375, 0.03955078125, 0.0001819133758544922, 9.870529174804688e-05, 0.00225067138671875, 0.01727294921875, 0.334716796875, 1.1396484375, 2.822265625, 1.0537109375, 6.671875, 7.6484375, 0.326416015625, 2.193359375, 5.921875, 3.34765625, 5.17578125, 5.953125, 0.0003578662872314453, 0.405029296875, 3.5762786865234375e-06, 0.0006113052368164062, 2.205371856689453e-05, 2.956390380859375e-05, 4.76837158203125e-06, 1.4901161193847656e-05, 3.5762786865234375e-07, 0.0010204315185546875, 0.1527099609375, 5.0859375, 11.1328125, 4.5625, 0.00013458728790283203, 2.208984375, 2.04296875, 4.484375, 6.484375, 4.640625, 8.578125, 0.67724609375, 0.00012755393981933594, 0.2271728515625, 5.14984130859375e-05, 7.069110870361328e-05, 5.841255187988281e-06, 3.6954879760742188e-06, 7.152557373046875e-07, 6.67572021484375e-06, 2.384185791015625e-06, 8.90493392944336e-05, 0.18603515625, 8.78125, 6.6015625, 1.3603515625, 2.474609375, 2.162109375, 9.859375, 0.16650390625, 1.935546875, 2.556640625, 2.341796875, 11.2265625, 4.3203125, 5.25, 8.234375, 0.6669921875, 2.005859375, 3.689453125, 6.14453125, 0.186279296875, 6.828125, 1.3994140625, 2.822265625, 5.26171875, 2.94140625, 0.00013530254364013672, 0.30517578125, 9.5367431640625e-07, 5.698204040527344e-05, 5.0067901611328125e-06, 2.5033950805664062e-06, 1.9073486328125e-06, 4.410743713378906e-06, 2.384185791015625e-06, 6.73532485961914e-05, 0.15478515625, 7.6640625, 7.52734375, 2.875, 3.626953125, 0.354736328125, 1.052734375, 0.361083984375, 1.232421875, 1.6318359375, 0.339111328125, 0.00640106201171875, 0.042449951171875, 0.00010144710540771484, 1.1920928955078125e-05, 0.0008578300476074219, 3.111328125, 3.86328125, 2.38671875, 0.01313018798828125, 11.3359375, 6.765625, 14.125, 7.1015625, 8.859375, 1.486328125, 2.443359375, 7.30078125, 0.3056640625, 1.5859375, 1.61328125, 4.16015625, 3.701171875, 1.091796875, 3.423828125, 2.513671875, 4.15234375, 4.5, 2.021484375, 3.5, 2.158203125, 0.15673828125, 0.007110595703125, 0.0887451171875, 4.76837158203125e-05, 3.600120544433594e-05, 0.0012292861938476562, 0.289306640625, 4.3359375, 1.3056640625, 1.8715858459472656e-05, 0.178955078125, 2.384185791015625e-07, 4.303455352783203e-05, 4.0531158447265625e-06, 2.7418136596679688e-06, 7.152557373046875e-07, 9.417533874511719e-06, 9.5367431640625e-07, 7.867813110351562e-06, 0.1539306640625, 2.18359375, 12.78125, 3.197265625, 2.287109375, 3.369140625, 2.51171875, 3.041015625, 9.1796875, 0.005573272705078125, 5.7890625, 0.5654296875, 0.5498046875, 0.0274505615234375, 0.006061553955078125, 0.04449462890625, 4.374980926513672e-05, 2.47955322265625e-05, 0.000762939453125, 0.1083984375, 5.04296875, 3.779296875, 3.7421875, 1.693359375, 0.0050201416015625, 2.37890625, 5.1140785217285156e-05, 1.451171875, -0.0, 5.364418029785156e-05, 7.987022399902344e-06, 1.5854835510253906e-05, 2.0265579223632812e-06, 2.1457672119140625e-05, 5.245208740234375e-06, 3.719329833984375e-05, 0.07171630859375, 2.41015625, 10.5, 11.5078125, 8.4921875, 0.463623046875, 4.32421875, 5.21484375, 0.08331298828125, 1.66015625, 1.619140625, 3.390625, 2.240234375, 2.056640625, 3.607421875, 3.046875, 2.982421875, 2.046875, 3.8828125, 0.045074462890625, 0.53955078125, 2.724609375, 5.23046875, 2.31640625, 2.76953125, 6.1796875, 5.84765625, 5.23046875, 1.5400390625, 2.556640625, 0.0085296630859375, 2.6796875, 1.787109375, 6.265625, 2.595703125, 1.2158203125, 2.318359375, 4.30859375, 5.7890625, 2.9140625, 5.83203125, 3.04296875]",-0.8750345959234491
64,1,test,2.61098648254688,1.10681668648353,1.539349507551927,4.277294438745139,1.8131770843901043,2.5217484395071765,13.612472697270071,9.112056881267975,10.692316885666049,22.299829644774086,14.927289162278191,17.516056807674026,2.859378839857015,1.1850613475444927,1.6470899120647102,4.204968882142669,1.742737275800725,2.422191047153986,17.45068389999105,12.115531276481738,14.089514571740967,25.662770441163303,17.816957759531967,20.7198743702073,2.662630118653926,1.1277761004840252,1.5628699320747437,4.248877848915839,1.7996427135383382,2.4939413809703357,14.3339395261598,9.693291495948259,11.330493855165669,22.873307754510318,15.468018344598285,18.08057530079628,0.6231155778894473,0.003115577889447274,0.003115577889447274,0.49246231155778897,-0.002537688442211028,-0.002537688442211028,0.371859296482412,0.0018592964824120095,0.0018592964824120095,0.38769230769230767,0.08615384615384614,0.1415384615384615,0.3364197530864198,0.371859296482412,0.0653266331658291,0.1189279731993299,0.3484848484848485,0.3913043478260869,0.09364548494983271,0.1482720178372352,0.34563758389261745,18.0,7.0,7.0,29.0,9.0,8.0,37.0,12.0,12.0,0.0010903020695403757,1.5427101704647494e-05,0.0006322091023931902,-0.030931079973576914,-0.029986132188225767,-0.03608385526479996,"[7.05859375, 1.3818359375, 0.337890625, 0.05712890625, 0.8857421875, 0.1341552734375, 0.1402587890625, 4.0531158447265625e-06, 1.1328125, 0.0028858184814453125, 0.0234375, 5.41796875, 3.646484375, 7.28125, 5.3671875, 0.71630859375, 3.306640625, 0.12158203125, 2.16796875, 4.15234375, 0.5302734375, 0.01151275634765625, 13.640625, 3.09375, 7.96875, 4.26953125, 2.302734375, 1.6171875, 0.70263671875, 0.85546875, 10.9375, 3.552734375, 3.69140625, 7.62890625, 5.0703125, 2.896484375, 2.287109375, 0.304443359375, 4.04296875, 0.128173828125, 2.361328125, 2.1796875, 5.015625, 7.38671875, 2.677734375, 0.81396484375, 6.1484375, 0.283935546875, 8.921875, 3.244140625, 4.4453125, 9.71875, 10.328125, 5.3125, 7.046875, 0.005306243896484375, 1.58203125, 5.2734375, 2.63671875, 6.98828125, 0.85693359375, 1.7841796875, 8.7734375, 1.2763671875, 7.2109375, 8.0546875, 0.0249481201171875, 2.212890625, 1.29296875, 6.65234375, 5.5703125, 0.974609375, 6.01171875, 1.994140625, 4.03125, 1.6376953125, 1.6943359375, 4.125, 1.513671875, 0.98388671875, 8.859375, 0.029571533203125, 7.45703125, 4.33984375, 1.728515625, 1.6865234375, 4.1484375, 0.427978515625, 7.109375, 5.58984375, 4.5, 0.67431640625, 8.203125, 0.21142578125, 8.8671875, 0.316162109375, 0.0020122528076171875, 4.17578125, 2.96484375, 0.307373046875, 6.59765625, 0.01375579833984375, 0.0338134765625, 1.8076171875, 7.44140625, 4.23828125, 1.8193359375, 7.6484375, 0.41943359375, 9.4375, 1.2265625, 0.841796875, 3.220703125, 3.20703125, 4.25390625, 2.69140625, 3.236328125, 3.228515625, 0.60107421875, 5.9296875, 3.396484375, 2.306640625, 4.71484375, 0.38818359375, 8.9609375, 0.1759033203125, 2.197265625, 10.8984375, 1.818359375, 0.340576171875, 5.3515625, 2.703125, 2.736328125, 0.00891876220703125, 0.4716796875, 0.77490234375, 1.6416015625, 7.07421875, 0.01349639892578125, 0.91162109375, 0.205810546875, 2.140625, 0.03607177734375, 3.580078125, 0.221435546875, 2.380859375, 2.3515625, 0.958984375, 14.4765625, 2.138671875, 0.17626953125, 1.9189453125, 0.0045013427734375, 1.849609375, 5.1796875, 2.55859375, 2.67578125, 10.796875, 2.056640625, 5.71484375, 3.052734375, 5.69140625, 0.33837890625, 0.260498046875, 0.013641357421875, 1.0146484375, 2.880859375, 5.9453125, 0.86181640625, 0.67626953125, 0.0004591941833496094, 2.1328125, 0.00014412403106689453, 0.0204620361328125, 0.01067352294921875, 0.017120361328125, 0.0085601806640625, 0.0001888275146484375, 0.0024814605712890625, 3.337860107421875e-06, 0.007678985595703125, 1.239776611328125e-05, 2.5033950805664062e-06, 0.043701171875, 0.005023956298828125, 1.3470649719238281e-05, 3.908203125, 1.7412109375, 0.890625, 0.0010290145874023438, 0.04864501953125, 0.00012731552124023438, 0.1719970703125, 5.245208740234375e-06, 1.9788742065429688e-05, 0.035064697265625, 0.00014448165893554688, 3.4570693969726562e-06, 3.857421875, 1.8369140625, 3.095703125, 6.27734375, 1.0185546875, 0.076416015625, 0.07476806640625, 0.008209228515625, 2.185546875, 1.8798828125, 3.390625, 5.0, 7.25, 4.08984375, 0.431640625, 2.015625, 1.0419921875, 6.12109375, 2.0703125, 0.1243896484375, 0.0711669921875, 10.6171875, 2.296875, 4.86328125, 5.765625, 1.22265625, 4.15234375, 0.66845703125, 4.65625, 1.783203125, 7.515625, 0.0267486572265625, 3.279296875, 2.974609375, 0.0174560546875, 1.349609375, 4.8046875, 2.673828125, 1.318359375, 0.01010894775390625, 0.002490997314453125, 2.26953125, 0.97705078125, 0.8154296875, 2.390625, 2.927734375, 1.0810546875, 0.83447265625, 3.46484375, 2.025390625, 4.66796875, 0.13720703125, 1.3154296875, 3.3125, 0.309814453125, 4.9453125, 1.09375, 0.900390625, 0.451416015625, 0.037567138671875, 0.1590576171875, 2.107421875, 0.141845703125, 5.09765625, 12.9140625, 5.1875, 4.2890625, 1.392578125, 7.9140625, 1.4169921875, 3.6953125, 4.53125, 4.30078125, 1.2763671875, 1.1572265625, 0.0003924369812011719, 3.38671875, 1.890625, 1.3505859375, 0.032196044921875, 0.013092041015625, 0.09619140625, 0.0001499652862548828, 0.055450439453125, 1.1920928955078125e-06, 0.020965576171875, 0.0025348663330078125, 7.748603820800781e-06, 0.29541015625, 3.5762786865234375e-06, 1.3113021850585938e-06, 2.1640625, 0.759765625, 3.3125, 3.125, 7.15625, 0.349609375, 0.54931640625, 1.400390625, 0.0107421875, 1.2568359375, 2.62109375, 2.498046875, 3.11328125, 1.013671875, 3.26171875, 5.28125, 3.919921875, 4.2890625, 0.63330078125, 1.296875, 2.390625, 0.000274658203125, 10.8203125, 1.6298828125, 3.75, 0.50341796875, 5.2809715270996094e-05, 0.0372314453125, 8.344650268554688e-07, 0.03155517578125, 3.0159950256347656e-05, 7.033348083496094e-06, 1.609375, 6.258487701416016e-05, 2.384185791015625e-06, 5.69140625]",-0.6826031094331007
415,1,test,3.1568033613156583,1.4005834200350242,1.9154439395971068,4.804585335628777,2.131657183240119,2.9152635783977945,23.495369550143135,17.70486203616346,20.03505525490396,35.759436073569496,26.946410901193836,30.492913767079102,2.933740068320653,1.2249583473202683,1.706792639534555,4.1910572404580755,1.7499404961718117,2.438275199335078,18.79780425974868,13.275574498395663,15.387002346629263,26.85400608535526,18.96510642627952,21.98143192375609,3.1568033613156583,1.4005834200350242,1.9154439395971068,4.804585335628777,2.131657183240119,2.9152635783977945,23.495369550143135,17.70486203616346,20.03505525490396,35.759436073569496,26.946410901193836,30.492913767079102,0.6030150753768844,-0.02198492462311563,-0.011984924623115623,0.5175879396984925,-0.007412060301507539,-0.002412060301507535,0.42211055276381915,-0.0028894472361808976,-0.0028894472361808976,0.39855072463768115,0.0875199832271929,0.1503579535533438,0.4436363636363636,0.4321608040201005,0.13140892432085238,0.19342958532227073,0.45959595959595956,0.39855072463768115,0.0875199832271929,0.1503579535533438,0.4436363636363636,23.0,7.0,8.0,36.0,13.0,14.0,43.0,9.0,11.0,-0.0007539618960323574,-0.00041630096521193304,-0.00023377256602602215,-0.00022489431977135155,0.00019273690668875076,4.029903692170933e-05,"[3.783203125, 0.040191650390625, 0.3896484375, 0.0202484130859375, 0.0006041526794433594, 0.7236328125, 0.0200653076171875, 0.01122283935546875, 4.55859375, 3.15625, 2.544921875, 5.453125, 0.058441162109375, 0.0017442703247070312, 0.2783203125, 0.9228515625, 0.005168914794921875, 0.094970703125, 0.31494140625, 0.978515625, 10.2265625, 0.010467529296875, 3.466796875, 2.595703125, 0.95166015625, 5.1015625, 0.0859375, 0.00415802001953125, 1.849609375, 5.67578125, 4.46484375, 0.01454925537109375, 0.284912109375, 5.08984375, 1.16015625, 6.890625, 5.921875, 2.03515625, 1.4462890625, 8.6328125, 5.75390625, 0.93798828125, 3.65625, 2.314453125, 6.98828125, 10.7734375, 0.181640625, 0.79296875, 3.591796875, 0.23876953125, 0.268798828125, 1.4208984375, 2.0234375, 10.34375, 0.0618896484375, 0.086181640625, 7.40234375, 4.8671875, 0.1767578125, 9.4453125, 7.88671875, 0.09124755859375, 3.041015625, 0.3876953125, 6.4921875, 0.7421875, 4.6953125, 0.0144195556640625, 3.845703125, 6.2421875, 5.58203125, 6.7265625, 2.89453125, 0.329833984375, 2.064453125, 5.46484375, 0.05621337890625, 0.19287109375, 0.0031337738037109375, 0.0015821456909179688, 1.4345703125, 1.9990234375, 0.849609375, 0.74951171875, 2.525390625, 0.0002384185791015625, 0.08380126953125, 0.54296875, 4.625, 3.44921875, 9.3203125, 1.412109375, 6.3359375, 0.2685546875, 4.3984375, 2.29296875, 4.35546875, 0.10443115234375, 2.98828125, 3.498046875, 0.045654296875, 7.4375, 0.0037364959716796875, 1.06640625, 9.15625, 2.30859375, 5.10546875, 6.42578125, 0.81884765625, 6.2890625, 0.76513671875, 4.31640625, 1.1787109375, 3.43359375, 3.044921875, 0.802734375, 3.01953125, 6.5, 7.8359375, 0.328125, 3.07421875, 0.1236572265625, 0.2939453125, 0.54443359375, 3.087890625, 3.5234375, 2.982421875, 0.0137176513671875, 1.775390625, 0.62939453125, 0.1964111328125, 4.59375, 4.45703125, 0.477783203125, 8.189678192138672e-05, 2.142578125, 0.49462890625, 5.07421875, 0.0264739990234375, 6.54296875, 2.4765625, 1.2880859375, 3.330078125, 0.08599853515625, 8.2734375, 0.087646484375, 0.401611328125, 1.134765625, 0.87939453125, 1.7109375, 10.8046875, 9.3984375, 4.34375, 9.015625, 1.6484375, 10.6640625, 3.5703125, 2.146484375, 7.21484375, 0.66259765625, 3.5, 5.15234375, 4.73046875, 0.0003426074981689453, 4.6015625, 0.232666015625, 9.6640625, 11.25, 4.5546875, 2.103515625, 3.910064697265625e-05, 0.340576171875, 3.236328125, 2.76171875, 5.69921875, 0.92041015625, 0.006229400634765625, 2.59375, 3.96875, 2.27734375, 0.00888824462890625, 3.283203125, 0.006511688232421875, 10.0, 0.0821533203125, 4.3359375, 5.9765625, 0.007640838623046875, 1.916015625, 9.953125, 0.74951171875, 4.26953125, 1.3583984375, 2.810546875, 0.00041103363037109375, 2.75390625, 6.14453125, 4.04296875, 3.58203125, 5.90625, 0.28076171875, 4.58984375, 1.33984375, 2.84765625, 1.8974609375, 1.5498046875, 0.6123046875, 0.654296875, 3.556640625, 4.37890625, 2.060546875, 7.49609375, 7.08984375, 0.2083740234375, 6.6875, 1.837890625, 0.033660888671875, 2.486328125, 7.44140625, 0.5634765625, 0.6015625, 10.328125, 1.7763671875, 6.75, 3.9765625, 0.241455078125, 4.2109375, 2.048828125, 1.45703125, 1.1748046875, 7.42578125, 1.0419921875, 0.06243896484375, 3.015625, 0.80322265625, 6.64453125, 0.78369140625, 8.546875, 5.4296875, 1.8681640625, 2.810546875, 4.953125, 5.3828125, 0.71435546875, 5.2734375, 3.380859375, 6.140625, 1.419921875, 0.0019311904907226562, 2.724609375, 11.7578125, 6.078125, 1.4189453125, 3.61328125, 7.43359375, 2.90234375, 8.0625, 2.751953125, 2.734375, 5.3828125, 1.6181640625, 1.8154296875, 0.466796875, 0.0005235671997070312, 11.828125, 13.7421875, 2.123046875, 1.23828125, 5.27734375, 1.603515625, 8.6015625, 2.07421875, 10.046875, 2.919921875, 1.83203125, 2.9140625]",-0.7821087919283602
359,1,test,2.7089558666688776,1.1274122831845048,1.5798044932557413,4.600684823839882,1.914711363620612,2.6830199215069577,15.013591137083457,10.151135509431182,11.920560578988844,25.49794248979537,17.23991728976022,20.244974391131894,2.505348829767812,0.9371763602573069,1.3543343016849692,4.040885209302923,1.51157477460856,2.184410164008015,12.24783062863052,7.449958709084741,9.08643201768082,19.754565530049227,12.016062434007647,14.655535512388422,2.683719863859706,1.1330715065018389,1.5694675897409018,4.548677735355434,1.9204601805115913,2.6601145588828845,14.639448892353752,9.92492300291579,11.592160101939928,24.812625241277548,16.821903394772526,19.647728986338862,0.5879396984924623,0.0029396984924623393,-0.00706030150753767,0.4371859296482412,-0.00781407035175874,-0.00781407035175874,0.3316582914572864,-0.0033417085427135396,-0.008341708542713544,0.38613861386138615,0.08415841584158412,0.1397139713971397,0.4304635761589404,0.3668341708542714,0.07537688442211055,0.11055276381909551,0.398989898989899,0.3946488294314381,0.09364548494983271,0.14381270903010024,0.42281879194630867,15.0,3.0,4.0,22.0,6.0,6.0,30.0,7.0,7.0,-0.0011059569583599398,-0.0003163584676868604,2.4278246959769353e-05,0.0004912393671849813,8.815173034548707e-05,-5.432400123339676e-05,"[6.98828125, 1.2099609375, 2.33984375, 0.29833984375, 0.1571044921875, 0.00018680095672607422, 0.98876953125, 0.0015878677368164062, 0.00841522216796875, 4.85546875, 2.703125, 1.3525390625, 10.7421875, 3.873046875, 1.2978515625, 1.5283203125, 0.45361328125, 0.0232391357421875, 1.62890625, 4.7890625, 2.84375, 1.5107421875, 1.1953125, 1.7177734375, 2.990234375, 0.71875, 0.28369140625, 0.35009765625, 4.8359375, 5.15625, 1.544921875, 0.35107421875, 6.09765625, 7.171875, 0.87548828125, 0.183349609375, 0.00310516357421875, 0.0565185546875, 0.2802734375, 0.322021484375, 0.0010395050048828125, 0.1505126953125, 5.65625, 5.92578125, 0.1842041015625, 0.09197998046875, 1.8115234375, 1.5078125, 0.36474609375, 0.93701171875, 2.5510787963867188e-05, 0.21826171875, 4.19140625, 7.152557373046875e-07, 0.08355712890625, 0.26513671875, 4.3828125, 3.318359375, 0.07562255859375, 5.44140625, 1.19140625, 1.3271484375, 6.98828125, 2.080078125, 0.3173828125, 3.037109375, 0.515625, 1.2890625, 4.7421875, 1.279296875, 2.48046875, 3.25, 1.7216796875, 0.1363525390625, 1.669921875, 3.0234375, 4.05859375, 0.386474609375, 0.98095703125, 3.457069396972656e-05, 0.2469482421875, 0.72119140625, 3.6015625, 0.067138671875, 6.58203125, 1.84375, 0.1912841796875, 0.457275390625, 1.1396484375, 0.35546875, 2.048828125, 2.787109375, 5.09765625, 0.04217529296875, 3.830078125, 9.234375, 1.9931640625, 4.90625, 7.975101470947266e-05, 0.2254638671875, 0.348388671875, 1.1083984375, 0.0001354217529296875, 7.203125, 5.2421875, 0.020355224609375, 0.0908203125, 4.24609375, 2.28125, 6.10546875, 10.234375, 4.30859375, 1.4765625, 2.99609375, 3.138671875, 0.556640625, 0.42822265625, 1.6767578125, 2.013671875, 5.92578125, 12.375, 9.0625, 0.002323150634765625, 0.08197021484375, 0.08514404296875, 0.9912109375, 1.91796875, 3.30078125, 3.1328125, 3.380859375, 0.0662841796875, 0.004383087158203125, 1.3603515625, 2.359375, 6.640625, 2.51953125, 3.923828125, 4.453125, 6.14453125, 6.08984375, 0.18115234375, 0.061370849609375, 0.070556640625, 0.492431640625, 1.4384765625, 0.8955078125, 0.126220703125, 2.37890625, 0.14306640625, 10.9921875, 3.435546875, 5.9609375, 3.470703125, 2.037109375, 8.390625, 0.4716796875, 7.109375, 14.78125, 7.1328125, 2.650390625, 0.00018322467803955078, 0.1258544921875, 3.177734375, 4.5299530029296875e-06, 0.0231170654296875, 0.1256103515625, 11.5390625, 0.2381591796875, 0.474853515625, 4.7578125, 3.115234375, 4.7421875, 0.404052734375, 2.69140625, 8.421875, 0.154296875, 2.25390625, 2.919921875, 0.12451171875, 2.697265625, 0.93212890625, 0.10113525390625, 0.20556640625, 5.01953125, 2.216796875, 0.07977294921875, 5.31640625, 8.140625, 2.6796875, 1.638671875, 0.89892578125, 8.421875, 0.42578125, 0.59912109375, 0.7197265625, 5.05078125, 3.76171875, 1.7783203125, 5.3125, 10.265625, 3.03125, 1.55859375, 4.19921875, 0.452392578125, 1.3828125, 1.7578125, 5.5, 1.2119140625, 6.84375, 1.048828125, 0.81298828125, 1.8505859375, 10.8046875, 2.71875, 2.498046875, 9.2265625, 5.1640625, 1.822265625, 0.626953125, 5.4836273193359375e-06, 0.06451416015625, 0.6708984375, 6.10546875, 0.66455078125, 0.70068359375, 0.1605224609375, 7.62890625, 0.0411376953125, 0.0023708343505859375, 2.62109375, 1.4130859375, 6.125, 4.37890625, 3.357421875, 6.109375, 1.9658203125, 1.26171875, 7.0234375, 5.453125, 0.213134765625, 3.736328125, 0.0024547576904296875, 0.054656982421875, 0.02496337890625, 1.6845703125, 2.927734375, 4.54296875, 5.7265625, 2.1640625, 5.203125, 0.0186309814453125, 4.48046875, 3.021484375, 2.09765625, 0.38525390625, 4.1484375, 2.48828125, 7.83203125, 6.62109375, 0.88623046875, 0.13623046875, 3.98828125, 1.099609375, 1.9697265625, 1.517578125, 4.5299530029296875e-05, 4.1015625, 0.56982421875, 2.68359375, 0.050537109375, 0.01084136962890625, 8.7890625, 6.48046875, 2.98828125, 0.7294921875, 1.0458984375, 3.240234375, 1.6484375, 4.2109375, 4.75390625, 7.4296875, 2.453125, 2.279296875, 4.734375, 0.04693603515625, 2.27734375, 5.21484375, 4.34375, 0.04058837890625, 6.57421875, 9.203125, 2.388671875, 1.55859375, 2.185546875, 7.16015625, 0.469482421875, 3.267578125, 0.00875091552734375, 0.1480712890625, 1.958984375, 8.1328125, 4.23046875, 2.923828125]",-0.9139427119749213
43,1,test,2.844093400364121,1.2695480649665123,1.6219795006595896,5.189459521991406,2.316473957403352,2.9595360557058865,17.18597080914131,12.357425059018535,13.791615327089168,31.358287969286277,22.5479082830433,25.164795739001566,2.872712808038721,1.322556770727215,1.8013395987063363,4.5598616000614625,2.09929646147177,2.859269204295772,17.684929001610403,12.972723596519549,14.765543325266746,28.07131587557207,20.591624756380234,23.437370357566262,2.697574139438744,1.21690535844003,1.6776441436473437,4.760424951950725,2.147480044305935,2.9605484887894304,14.843679317256381,10.447794735106733,12.07067868180184,26.194728206923028,18.437284826658942,21.30119767376796,0.6180904522613065,0.0030904522613065533,-0.006909547738693456,0.48743718592964824,0.0024371859296482556,0.01743718592964827,0.3869346733668342,0.011934673366834181,0.0069346733668341765,0.390625,0.09933761378413519,0.1423356549364614,0.36292428198433424,0.3919597989949749,0.1012329819523684,0.16491472386976624,0.33838383838383834,0.3846153846153846,0.11416463336329774,0.16882005647300413,0.3355704697986577,22.0,0.0,0.0,32.0,1.0,-1.0,40.0,0.0,1.0,0.0007664629467948301,-0.00015731228576248518,0.0002453937084290535,-0.06635041338666792,-0.06536128298940724,-0.0660612828032967,"[8.8984375, 3.291015625, 2.75, 0.37646484375, 0.0082244873046875, 5.0234375, 7.02734375, 8.4453125, 2.056640625, 1.6318359375, 4.36328125, 1.681640625, 2.794921875, 1.8740234375, 0.292236328125, 1.759765625, 1.8486328125, 8.421875, 2.48828125, 1.0380859375, 2.53515625, 7.60546875, 11.5390625, 2.9921875, 4.35546875, 0.0246429443359375, 1.568359375, 7.125, 6.2890625, 7.890625, 5.625, 4.75, 0.316162109375, 7.546875, 3.4921875, 8.703125, 2.642578125, 1.1103515625, 6.8984375, 4.98046875, 0.97802734375, 0.59033203125, 5.34375, 5.64453125, 1.8037109375, 0.53125, 1.7744140625, 0.6904296875, 2.26953125, 1.7568359375, 7.1015625, 2.87890625, 0.427001953125, 8.5390625, 2.015625, 10.5390625, 5.421875, 0.1976318359375, 3.32421875, 3.279296875, 2.86328125, 4.0078125, 1.0625, 3.85546875, 1.208984375, 2.87109375, 3.3828125, 1.361328125, 3.4140625, 4.9140625, 1.265625, 4.25, 4.65234375, 6.62890625, 0.0755615234375, 1.2685546875, 7.6484375, 8.796875, 13.6796875, 11.1875, 3.099609375, 0.00039577484130859375, 8.3828125, 1.70703125, 0.447265625, 0.1822509765625, 1.521484375, 0.0887451171875, 0.055999755859375, 5.95703125, 1.767578125, 0.70947265625, 2.908203125, 0.1279296875, 7.0546875, 0.1673583984375, 2.384185791015625e-07, -0.0, 4.100799560546875e-05, 1.1920928955078125e-06, 2.193450927734375e-05, 2.548828125, 4.921875, 5.3515625, 2.828125, 10.390625, 0.049774169921875, 2.30078125, 2.734375, 0.04254150390625, 1.3671875, 0.0253753662109375, 4.780292510986328e-05, 0.0006890296936035156, 8.189678192138672e-05, 0.0011425018310546875, 0.0002281665802001953, 0.00015020370483398438, 0.00013148784637451172, 4.76837158203125e-07, 0.0005517005920410156, 1.1086463928222656e-05, -0.0, 3.5762786865234375e-07, 1.5616416931152344e-05, 2.86102294921875e-06, 5.245208740234375e-06, 0.32763671875, 0.255126953125, 8.8046875, 9.0546875, 1.23828125, 1.1279296875, 5.4453125, 4.2578125, 5.96875, 12.0546875, 4.671875, 3.9765625, 8.515625, 4.08203125, 1.1513671875, 0.3681640625, 7.2421875, 0.0133209228515625, 0.05731201171875, 3.71484375, 3.46484375, 0.2347412109375, 4.203125, 3.646484375, 2.796875, 5.15625, 6.05078125, 0.0374755859375, 0.91748046875, 0.01316070556640625, 1.9073486328125e-05, 0.0004112720489501953, 0.00018596649169921875, 0.00012028217315673828, 0.0002071857452392578, 9.191036224365234e-05, 0.0012636184692382812, 4.76837158203125e-07, 2.3484230041503906e-05, 7.867813110351562e-06, 1.1920928955078125e-07, 2.384185791015625e-07, 2.1219253540039062e-05, 5.4836273193359375e-06, 2.86102294921875e-06, 0.625, 1.462890625, 0.0003764629364013672, 7.03125, 5.00390625, 1.53515625, 0.19091796875, 3.634765625, 2.05078125, 0.05255126953125, 2.248046875, 3.298828125, 0.55712890625, 0.115234375, 3.916015625, 2.83203125, 0.213134765625, 7.80859375, 6.58203125, 5.77734375, 4.59375, 0.0190582275390625, 1.83984375, 2.39453125, 8.65625, 0.025299072265625, 0.1876220703125, 2.013671875, 6.02734375, 7.11328125, 7.30078125, 0.1260986328125, 1.78515625, 8.189678192138672e-05, 0.004024505615234375, 6.246566772460938e-05, 0.00237274169921875, 0.005924224853515625, 1.0728836059570312e-05, 0.00024509429931640625, 0.1854248046875, 8.796875, 7.76953125, 0.225830078125, 0.3095703125, 6.1171875, 0.00870513916015625, 0.0272979736328125, 0.0033855438232421875, 0.0760498046875, 5.53515625, 1.8662109375, 8.0234375, 7.59375, 1.07421875, 3.41015625, 1.3447265625, 0.248779296875, 1.41796875, 5.44921875, 4.65625, 5.9765625, 0.0104827880859375, 1.826171875, 1.4072265625, 4.25, 8.21875, 0.1602783203125, 0.0029582977294921875, 0.01271820068359375, 0.07086181640625, 0.174072265625, 1.1328125, 7.3909759521484375e-06, 0.167724609375, 0.0012254714965820312, 0.0005936622619628906, 6.270408630371094e-05, 0.0003342628479003906, 0.00010776519775390625, 8.463859558105469e-06, 1.3589859008789062e-05, 0.0723876953125, 10.3046875, 2.26953125, 2.97265625, 3.0703125, 2.86328125, 0.11273193359375, 0.01410675048828125, 3.728515625, 3.318359375, 6.5234375, 4.1484375, 5.9296875, 1.875, 11.484375, 0.12152099609375, 2.470703125, 6.2890625, 1.533203125, 11.03125, 0.56201171875, 2.806640625, 2.1875, 7.890625, 3.5390625, 0.170166015625, 6.66796875, 1.896484375, 5.46484375, 2.927734375, 2.720703125, 0.40966796875, 0.239013671875, 0.814453125, 0.63232421875, 1.0751953125, 0.7412109375, 3.15625, 6.05078125, 0.29345703125, 1.2587890625, 4.0531158447265625e-06, 0.07171630859375, 0.0002067089080810547, 0.0002608299255371094, 2.4437904357910156e-05, 0.0003032684326171875, 1.4185905456542969e-05, 2.276897430419922e-05, 2.086162567138672e-05, 0.07403564453125, 4.82421875, 4.875, 2.5078125, 6.64453125, 0.058837890625, 0.09405517578125, 1.099609375, 0.55908203125, 4.96484375, 0.0039215087890625, 7.67578125, 9.359375, 1.560546875, 0.0278167724609375, 0.08026123046875, 0.21337890625, 7.78125, 1.4501953125, 10.046875, 6.8671875, 0.1820068359375, 6.2109375, 6.24609375, 8.8984375, 2.451171875, 2.630859375, 11.609375, 3.236328125, 5.1015625, 5.42578125, 14.0, 2.513671875, 3.73828125, 8.2890625, 5.3828125, 9.53125, 4.6171875, 7.41015625, 0.060791015625, 1.7421875, 7.984375, 1.548828125, 0.0204925537109375, 0.083740234375, 1.734375, 2.2890625, 3.21875, 4.0703125, 2.07421875, 2.607421875, 9.238719940185547e-05, 0.1976318359375, 0.004184722900390625, 0.0002732276916503906, 6.330013275146484e-05, 8.821487426757812e-05, 0.00017261505126953125, 4.0531158447265625e-06, 2.0742416381835938e-05, 0.18994140625, 6.55078125, 0.0706787109375, 8.6875, 4.25390625, 4.1015625, 0.210693359375, 6.6640625, 0.18408203125, 8.4765625, 3.8984375, 10.9765625, 2.2578125, 0.06134033203125, 4.47265625, 4.203125, 0.1092529296875, 10.2578125, 1.1455078125, 0.02667236328125]",-0.8173438726613917
53,1,test,3.1197779328703024,1.3758091055781665,1.922396049010668,5.031318169195459,2.2187904072618987,3.1002803333755864,22.641351184998292,16.921351059727836,19.329915344964963,36.51408659314754,27.28934650672871,31.17367850430766,3.3178893243847183,1.394515795495471,2.022055835648112,4.952073618484654,2.0813668589484644,3.0179937845494207,27.602030100518263,20.758022073464506,23.947989793822945,41.197059851519796,30.982122497708218,35.743268348989474,3.1197779328703024,1.3758091055781665,1.922396049010668,5.031318169195459,2.2187904072618987,3.1002803333755864,22.641351184998292,16.921351059727836,19.329915344964963,36.51408659314754,27.28934650672871,31.17367850430766,0.6783919597989949,-0.006608040201005139,-0.011608040201005032,0.5628140703517588,0.002814070351758735,0.00781407035175885,0.46733668341708545,-0.002663316582914521,-0.002663316582914521,0.41726618705035967,0.11026439171822322,0.16846235929916353,0.3646209386281588,0.4120603015075377,0.08624576516668558,0.15496514290987495,0.3737373737373737,0.41726618705035967,0.11026439171822322,0.16846235929916353,0.3646209386281588,24.0,2.0,2.0,34.0,-1.0,0.0,43.0,0.0,-1.0,0.0007115191079890997,0.000426557213362074,0.0001229815510315923,-0.00023875416349117273,0.00018498985658865763,3.328992298534672e-05,"[8.3828125, 2.794921875, 9.1875, 3.5546875, 4.4375, 9.0234375, 1.1455078125, 0.432373046875, 0.361572265625, 7.4765625, 3.607421875, 7.76953125, 3.455078125, 0.010650634765625, 0.291748046875, 5.69921875, 0.060943603515625, 5.33984375, 1.345703125, 4.8203125, 1.7412109375, 0.07171630859375, 6.80078125, 1.6435546875, 8.0078125, 2.1875, 1.3349609375, 4.79296875, 1.1494140625, 2.52734375, 0.06475830078125, 8.203125, 0.07037353515625, 3.4921875, 4.1640625, 1.6796875, 6.2421875, 4.10546875, 1.4248046875, 7.0234375, 0.02423095703125, 1.69921875, 9.6953125, 2.166015625, 3.189453125, 1.65234375, 6.32421875, 0.1348876953125, 11.8359375, 0.55810546875, 1.609375, 6.69140625, 4.5859375, 0.00885772705078125, 7.35546875, 0.357177734375, 1.162109375, 0.94140625, 3.36328125, 0.767578125, 1.45703125, 6.7421875, 5.75390625, 2.337890625, 9.3984375, 3.533203125, 0.06292724609375, 7.390625, 1.3447265625, 6.4375, 0.057647705078125, 1.935546875, 6.83203125, 5.1875, 0.796875, 0.63232421875, 8.8046875, 2.9765625, 4.1484375, 3.4765625, 0.50634765625, 0.17724609375, 6.98046875, 1.9853515625, 1.4541015625, 8.328125, 0.11798095703125, 3.015625, 4.46484375, 0.24365234375, 1.453125, 0.027618408203125, 5.72265625, 0.94287109375, 12.9296875, 0.70166015625, 1.20703125, 6.74609375, 3.74609375, 5.79296875, 7.51953125, 11.8046875, 5.52734375, 0.8115234375, 3.66796875, 3.0, 1.4111328125, 5.23046875, 0.6982421875, 0.01136016845703125, 6.48828125, 4.01953125, 2.9296875, 0.65478515625, 7.625, 3.09765625, 9.2578125, 5.8828125, 2.08203125, 4.7109375, 4.58984375, 2.75, 11.4375, 0.0703125, 1.6904296875, 4.8984375, 0.0197296142578125, 0.55859375, 6.30078125, 1.2578125, 0.79736328125, 2.943359375, 0.044647216796875, 3.29296875, 0.466552734375, 6.63671875, 1.2861328125, 0.0001806020736694336, 2.240234375, 4.109375, 0.004383087158203125, 0.58056640625, 0.166748046875, 2.080078125, 0.001338958740234375, 3.78125, 8.78125, 0.67578125, 0.24560546875, 0.0784912109375, 0.0006737709045410156, 1.9912109375, 1.880859375, 2.220703125, 0.81591796875, 5.21484375, 5.69921875, 0.587890625, 2.005859375, 5.66796875, 3.138671875, 10.5234375, 2.765625, 6.87109375, 0.1446533203125, 2.578125, 3.345703125, 4.19140625, 8.546875, 0.432861328125, 0.023956298828125, 0.826171875, 4.0390625, 5.765625, 2.640625, 0.397216796875, 0.005474090576171875, 5.875, 5.2578125, 1.15234375, 0.94970703125, 4.38671875, 5.9375, 1.5810546875, 6.10546875, 3.888671875, 2.69140625, 0.56298828125, 6.6875, 0.1451416015625, 3.212890625, 0.2352294921875, 1.6357421875, 1.0048828125, 1.0068359375, 5.421875, 0.8017578125, 2.943359375, 0.1004638671875, 3.4765625, 1.732421875, 3.990234375, 5.35546875, 4.41796875, 2.078125, 5.75390625, 0.0218048095703125, 1.22265625, 5.2421875, 0.0308990478515625, 4.08984375, 4.0390625, 0.435546875, 0.23828125, 0.0026226043701171875, 0.0118408203125, 3.9609375, 5.59765625, 0.0638427734375, 2.82421875, 0.01129150390625, 0.0245819091796875, 1.0146484375, 5.94921875, 3.544921875, 3.935546875, 0.7529296875, 0.406005859375, 2.95703125, 0.11505126953125, 6.0234375, 2.65234375, 3.98046875, 1.55078125, 7.95703125, 0.11126708984375, 1.33203125, 2.203125, 0.224365234375, 5.11328125, 2.689453125, 8.3984375, 2.615234375, 8.9375, 1.486328125, 1.228515625, 0.36572265625, 5.98828125, 1.0615234375, 0.1649169921875, 1.5283203125, 1.05078125, 1.896484375, 1.3203125, 5.44140625, 4.203125, 3.103515625, 0.00405120849609375, 7.01953125, 10.0078125, 1.888671875, 2.423828125, 1.146484375, 0.9931640625, 5.6953125, 1.369140625, 0.0189361572265625, 0.7109375, 3.267578125, 1.8046875, 9.1484375, 0.46826171875, 0.32666015625, 0.623046875, 0.2430419921875, 0.53857421875, 1.005859375, 4.6484375]",-0.5893843023897074
329,1,test,3.008893971292066,1.3230889212917274,1.823777028232673,4.844829275809258,2.1303974156392216,2.936590130205151,20.264973882723837,14.868180009841833,16.99390455476936,32.63004269252143,23.94028984635549,27.363066655984564,3.029094878752627,1.2108582000636574,1.7609143259137918,4.454551292283274,1.7806738236230255,2.5895798910496937,20.67850755990041,14.517522490101403,17.12412789030197,30.409569941030014,21.349297779560885,25.182541015149955,3.008893971292066,1.3230889212917274,1.823777028232673,4.844829275809258,2.1303974156392216,2.936590130205151,20.264973882723837,14.868180009841833,16.99390455476936,32.63004269252143,23.94028984635549,27.363066655984564,0.6633165829145728,-0.006683417085427079,-0.011683417085427195,0.4974874371859297,-0.002512562814070307,-0.002512562814070307,0.37688442211055273,-0.018115577889447287,-0.008115577889447279,0.3802816901408451,0.07922535211267612,0.13145539906103287,0.3745583038869258,0.37688442211055273,0.07035175879396982,0.1021775544388609,0.3737373737373737,0.3802816901408451,0.07922535211267612,0.13145539906103287,0.3745583038869258,25.0,14.0,14.0,34.0,9.0,10.0,39.0,7.0,8.0,-0.00028081496426352374,5.471806612953679e-05,-2.869626295157674e-05,-0.009623493924666882,-0.009319575760059706,-0.008985140144186055,"[7.58984375, 6.30859375, 8.59375, 2.23046875, 2.40234375, 1.0615234375, 1.734375, 1.02734375, 7.5546875, 7.90234375, 0.01654052734375, 1.4833984375, 7.33203125, 1.04296875, 2.333984375, 1.7265625, 3.814453125, 1.2109375, 0.440185546875, 2.251953125, 0.07855224609375, 7.74609375, 4.91015625, 0.319580078125, 2.74609375, 1.443359375, 4.2734375, 1.794921875, 3.900390625, 2.37890625, 2.869140625, 8.2421875, 0.338134765625, 0.6044921875, 1.4375, 0.00017905235290527344, 0.016754150390625, 0.83544921875, 11.578125, 0.8046875, 3.064453125, 0.09454345703125, 8.078125, 2.203125, 0.203369140625, 5.5859375, 1.408203125, 0.869140625, 5.28515625, 6.09375, 0.4560546875, 1.4921875, 6.8046875, 2.283203125, 6.171875, 3.7421875, 1.22265625, 4.15234375, 0.1646728515625, 7.98046875, 1.4912109375, 5.734375, 0.76611328125, 3.892578125, 1.3681640625, 5.29296875, 0.0199737548828125, 1.3173828125, 1.876953125, 4.3984375, 2.515625, 0.12237548828125, 2.46875, 2.521484375, 0.00261688232421875, 3.953125, 0.265380859375, 2.1015625, 3.10546875, 1.1103515625, 3.814697265625e-06, 0.205810546875, 0.367431640625, 7.033348083496094e-06, 0.021820068359375, 0.83154296875, 1.0013580322265625e-05, 0.01113128662109375, 0.8388671875, 5.296875, 4.40234375, 0.421142578125, 0.8740234375, 5.453125, 5.109375, 1.1953125, 8.296875, 0.57763671875, 7.94140625, 9.390625, 4.15625, 0.022186279296875, 1.0078125, 3.92578125, 0.03692626953125, 2.650390625, 10.140625, 0.0516357421875, 0.03851318359375, 4.75390625, 2.109375, 2.962890625, 4.17578125, 7.390625, 0.4697265625, 4.921875, 0.439208984375, 8.71875, 1.3642578125, 5.85546875, 0.76513671875, 8.546875, 1.8017578125, 0.52978515625, 0.028350830078125, 0.206298828125, 6.81640625, 0.397216796875, 1.4248046875, 7.7734375, 2.1328125, 0.650390625, 1.5244140625, 7.2265625, 1.982421875, 6.73828125, 0.04962158203125, 1.396484375, 0.309814453125, 6.03125, 2.107421875, 1.3193359375, 4.59375, 6.58984375, 0.01258087158203125, 8.7265625, 5.328125, 6.7421875, 6.39453125, 6.55859375, 2.1796875, 1.7939453125, 3.325939178466797e-05, 2.447265625, 0.343505859375, 2.5033950805664062e-06, 1.1318359375, 0.7470703125, 1.0132789611816406e-05, 0.023406982421875, 0.71728515625, 4.44921875, 6.58984375, 0.07623291015625, 12.1328125, 4.5390625, 5.66015625, 3.873046875, 1.75390625, 6.3515625, 2.7265625, 5.1015625, 2.859375, 6.8046875, 5.9921875, 0.292236328125, 6.65234375, 9.28125, 1.234375, 0.196533203125, 2.689453125, 0.421142578125, 4.09375, 1.814453125, 5.364418029785156e-06, 0.376708984375, 0.1666259765625, 4.5299530029296875e-06, 0.037139892578125, 1.373046875, 1.5498046875, 9.484375, 3.833984375, 7.625, 1.26953125, 4.984375, 0.591796875, 2.388671875, 5.41015625, 0.1417236328125, 0.394775390625, 2.021484375, 2.619140625, 4.172325134277344e-06, 0.36083984375, 0.79443359375, 4.61328125, 11.2578125, 1.7734375, 1.51953125, 6.5078125, 0.87158203125, 5.3125, 1.56640625, 0.42529296875, 2.47265625, 1.2978515625, 8.5625, 1.71484375, 1.0244140625, 0.46728515625, 0.63623046875, 6.671875, 1.0947265625, 1.2841796875, 5.62890625, 11.25, 0.254638671875, 1.9013671875, 3.814697265625e-05, 0.396728515625, 0.36865234375, 2.777576446533203e-05, 0.01174163818359375, 0.74658203125, 9.6484375, 7.84765625, 6.109375, 2.0625, 0.748046875, 4.64453125, 0.65576171875, 3.505859375, 5.515625, 3.54296875, 9.0, 3.0078125, 3.01171875, 2.28125, 7.59765625, 4.9375, 1.8359375, 2.1219253540039062e-05, 0.411865234375, 0.190185546875, 3.5762786865234375e-05, 0.0088958740234375, 1.369140625, 2.5859375, 0.0831298828125, 5.84765625, 3.541015625, 5.68359375, 8.75, 7.578125, 5.546875, 1.30859375, 5.15234375, 6.82421875, 4.171875, 0.197265625, 0.422119140625, 3.607421875, 2.515625, 3.67578125, 0.7255859375, 0.057769775390625, 5.7890625, 0.6220703125, 0.35595703125, 2.880859375, 11.1328125, 0.01236724853515625, 0.308837890625]",-0.30296182170720165
61,1,test,2.4677766734753512,0.9805615580648808,1.396108608291209,4.363751434803975,1.73391982828546,2.4687286366125036,11.796190890577845,7.37143498033911,8.875944289365851,20.85911803821692,13.034854538404522,15.695267340951808,2.3112223364000943,0.7729657730604784,1.1381092924032483,3.727777961935636,1.2467189888072232,1.8356601490374973,10.086746520177389,5.430281581813859,6.854708048360012,16.26894600028611,8.758518680344935,11.055980723161309,2.4677766734753512,0.9805615580648808,1.396108608291209,4.363751434803975,1.73391982828546,2.4687286366125036,11.796190890577845,7.37143498033911,8.875944289365851,20.85911803821692,13.034854538404522,15.695267340951808,0.592964824120603,-0.0020351758793969443,-0.0020351758793969443,0.40201005025125625,0.007010050251256228,-0.01298994974874379,0.27638190954773867,-0.008618090452261362,-0.023618090452261375,0.370242214532872,0.0731783112513521,0.12628364146037485,0.45138888888888884,0.33668341708542715,0.018387677737056185,0.06623266583334031,0.4545454545454546,0.370242214532872,0.0731783112513521,0.12628364146037485,0.45138888888888884,19.0,6.0,7.0,27.0,6.0,8.0,34.0,5.0,6.0,-0.0005918032806998278,-0.00034452666905879437,-0.000145033766635825,-0.007328276866801708,-0.005102112087389976,-0.005589527518361059,"[3.783203125, 0.040191650390625, 0.3896484375, 0.0202484130859375, 0.0006041526794433594, 0.7236328125, 0.0200653076171875, 0.01122283935546875, 6.55859375, 1.0009765625, 0.8408203125, 0.09185791015625, 0.1937255859375, 0.0210418701171875, 0.0079193115234375, 0.10406494140625, 0.292724609375, 0.63916015625, 2.5078125, 0.19482421875, 0.34423828125, 3.3671875, 0.00921630859375, 0.380615234375, 2.912109375, 1.0537109375, 1.625, 1.9091796875, 2.595703125, 1.390625, 6.7421875, 1.4326171875, 0.183349609375, 6.8125, 1.6181640625, 0.5908203125, 1.4609375, 0.0009198188781738281, 0.041900634765625, 2.314453125, 3.6954879760742188e-06, 1.17578125, 0.12548828125, 4.25, 0.80908203125, 1.25390625, 2.919921875, 3.080078125, 0.163818359375, 1.408203125, 2.47265625, 0.46533203125, 0.76953125, 0.1575927734375, 1.0810546875, 2.859375, 0.07415771484375, 4.19921875, 2.609375, 1.912109375, 1.7216796875, 1.943359375, 1.71484375, 5.5703125, 0.89697265625, 4.3359375, 3.486328125, 4.58984375, 1.7255859375, 1.033203125, 8.0, 0.07513427734375, 0.05621337890625, 1.2998046875, 2.087890625, 2.240234375, 0.00899505615234375, 3.376953125, 0.477783203125, 5.16796875, 6.4375, 2.0234375, 5.86328125, 7.66796875, 6.4765625, 0.29638671875, 4.7890625, 0.04296875, 4.58203125, 3.970703125, 0.355712890625, 2.34765625, 2.412109375, 1.322265625, 0.74951171875, 0.47412109375, 0.00025272369384765625, 0.302978515625, 1.43359375, 0.002437591552734375, 6.794929504394531e-06, 0.152587890625, 0.048797607421875, 1.29296875, 0.00014984607696533203, 5.10546875, 3.33984375, 0.19287109375, 2.080078125, 0.1619873046875, 1.560546875, 4.94921875, 1.671875, 12.078125, 0.405517578125, 0.935546875, 7.9765625, 5.2265625, 0.167236328125, 1.28125, 8.9765625, 2.6953125, 5.05078125, 0.90283203125, 0.54443359375, 1.6298828125, 1.4423828125, 1.9140625, 9.359375, 0.5654296875, 3.95703125, 5.83984375, 0.058746337890625, 1.130859375, 0.261962890625, 1.494140625, 0.2493896484375, 0.0024814605712890625, 1.4072265625, 2.2265625, 1.8388671875, 6.59375, 0.79443359375, 8.5234375, 0.1939697265625, 1.1865234375, 1.1103515625, 6.6796875, 1.751953125, 2.6345252990722656e-05, 0.1326904296875, 0.93017578125, 2.111328125, 1.6357421875, 1.3271484375, 5.109375, 3.314453125, 5.40234375, 3.294921875, 8.71875, 6.6953125, 0.016876220703125, 0.1414794921875, 2.732421875, 9.1875, 4.90234375, 2.326171875, 0.004608154296875, 4.2734375, 0.051239013671875, 1.576171875, 2.21875, 4.67578125, 2.646484375, 1.7509765625, 5.7265625, 2.212890625, 7.22265625, 3.078125, 1.0234375, 0.31103515625, 7.4921875, 4.515625, 0.1778564453125, 6.6796875, 4.4921875, 0.2369384765625, 1.6357421875, 5.1328125, 0.1893310546875, 1.1103515625, 1.4901161193847656e-05, 2.279296875, 1.0380859375, 2.49609375, 0.0002758502960205078, 2.607421875, 8.65625, 0.06646728515625, 0.07275390625, 0.193115234375, 4.046875, 1.7880859375, 0.716796875, 1.962890625, 3.166015625, 1.1494140625, 8.359375, 0.364013671875, 7.640625, 2.03515625, 6.38671875, 0.1431884765625, 1.9990234375, 1.380859375, 9.179115295410156e-06, 0.1575927734375, 0.666015625, 6.05078125, 0.0152740478515625, 0.1336669921875, 2.263671875, 3.705078125, 8.3984375, 1.943359375, 4.77734375, 6.48046875, 3.501953125, 7.55078125, 10.15625, 0.89794921875, 9.3671875, 0.3125, 0.04949951171875, 1.9150390625, 3.451171875, 3.64453125, 2.4765625, 10.2578125, 1.4677734375, 6.2578125, 0.01280975341796875, 3.33984375, 4.8828125, 4.9453125, 1.0263671875, 2.66796875, 2.7421875, 0.385986328125, 1.9169921875, 7.890625, 0.74169921875, 6.3203125, 4.7734375, 2.107421875, 0.0968017578125, 7.12109375, 2.966796875, 4.0390625, 3.44140625, 1.3828125, 5.140625, 0.4677734375, 0.64990234375, 0.203125, 5.125999450683594e-06, 0.1156005859375, 2.51171875, 2.765655517578125e-05, 1.8671875, 3.0625, 11.3125, 0.07037353515625, 1.1376953125, 0.48974609375, 11.2265625, 4.1015625, 0.126953125, 4.70703125, 0.078857421875, 0.439208984375, 0.0274200439453125, 4.76837158203125e-07, 3.12890625, 0.52880859375, 0.0028018951416015625, 4.291534423828125e-06, 0.0858154296875, 3.658203125]",-1.0180283611621
141,1,test,3.6836613578560913,1.7167365407972752,2.3285044887315083,6.725786187096796,3.134490875051205,4.251482914818766,39.79181977428447,32.643160557032346,35.9144506258518,72.65360352046322,59.60127629795232,65.57413737866199,3.7615930375142312,1.6619780109780882,2.3012288450387706,6.166545963138084,2.7245541163575218,3.772506303342247,43.016898958056025,34.853872199151866,38.70937094605332,70.51950648861644,57.13749540844569,63.45798515746447,3.7277527365796144,1.7371437263863103,2.36410027495165,6.696561802238828,3.120617472550258,4.24688672147003,41.585549393833084,34.26555903997571,37.6750993753018,74.70457974940075,61.55489647899829,67.6798192370691,0.7336683417085428,-0.001331658291457205,0.013668341708542808,0.6080402010050252,-0.001959798994974782,0.0030402010050252226,0.4974874371859297,-0.002512562814070307,-0.002512562814070307,0.42592592592592593,0.12238201221252065,0.18465282530990945,0.43034055727554177,0.42713567839195976,0.09630861072278685,0.176718316121509,0.4444444444444444,0.4180602006688964,0.11255101869894646,0.17223150211494753,0.4261744966442953,25.0,13.0,12.0,40.0,15.0,16.0,48.0,14.0,14.0,0.0005926593285953949,-0.00013039368746458173,0.00010248290769874336,0.0004083119095046328,6.807704299838235e-06,-0.00012791969757852684,"[3.76953125, 0.0404052734375, 0.439208984375, 0.0208740234375, 0.0006074905395507812, 0.4072265625, 0.0201873779296875, 0.01070404052734375, 11.875, 8.59375, 3.19140625, 3.2109375, 1.3115234375, 1.6240234375, 0.82958984375, 2.794921875, 2.462890625, 8.671875, 5.8515625, 4.25, 2.419921875, 6.49609375, 6.2109375, 2.80078125, 6.33203125, 1.8935546875, 2.923828125, 0.748046875, 5.328125, 0.280029296875, 0.272705078125, 4.6015625, 7.53515625, 3.953125, 6.12109375, 0.03759765625, 3.912109375, 4.59765625, 2.87890625, 0.251953125, 0.671875, 6.78515625, 0.126708984375, 4.17578125, 11.6640625, 0.048797607421875, 2.701171875, 7.93359375, 0.1728515625, 1.0849609375, 7.8125, 9.0859375, 2.66796875, 1.697265625, 0.9306640625, 6.3125, 5.22265625, 2.298828125, 7.60546875, 3.927734375, 5.0390625, 8.3671875, 7.33203125, 3.0234375, 0.011871337890625, 0.005863189697265625, 0.7109375, 3.79296875, 5.578125, 9.015625, 7.01953125, 1.341796875, 1.732421875, 12.640625, 5.9921875, 3.646484375, 5.60546875, 0.53662109375, 1.4169921875, 7.15625, 8.3203125, 1.9072265625, 0.1805419921875, 0.005588531494140625, 0.00983428955078125, 0.0228118896484375, 0.82421875, 6.7109375, 1.5625, 2.146484375, 3.962890625, 2.974609375, 7.7265625, 1.376953125, 1.9970703125, 1.818359375, 7.328125, 8.1953125, 0.182861328125, 0.96484375, 5.15234375, 4.21484375, 3.306640625, 8.359375, 1.228515625, 2.5234375, 1.169921875, 5.79296875, 5.08984375, 2.65234375, 7.609375, 0.0209808349609375, 0.036712646484375, 0.0628662109375, 3.361328125, 0.8603515625, 8.7109375, 10.296875, 9.6328125, 2.505859375, 9.0390625, 2.58203125, 0.292236328125, 1.4091796875, 7.32421875, 0.32373046875, 10.0703125, 7.265625, 4.39453125, 5.83984375, 7.11328125, 0.0202484130859375, 0.147216796875, 0.7431640625, 4.83203125, 0.039306640625, 2.02734375, 5.48046875, 5.18359375, 3.921875, 0.14208984375, 2.408203125, 8.8359375, 8.15625, 1.8427734375, 3.5390625, 2.404296875, 7.2109375, 3.521484375, 7.3203125, 5.09375, 3.703125, 12.3828125, 0.387451171875, 4.41796875, 0.876953125, 10.1640625, 0.67626953125, 8.875, 4.953125, 5.5, 3.5859375, 0.76611328125, 12.5625, 0.0716552734375, 0.00562286376953125, 0.346435546875, 0.7548828125, 3.9609375, 5.3671875, 2.8515625, 3.978515625, 9.4453125, 6.96875, 3.57421875, 0.58203125, 4.46875, 1.4130859375, 9.3203125, 1.2666015625, 0.357421875, 2.2734375, 0.00058746337890625, 0.1591796875, 0.31787109375, 4.35546875, 6.08984375, 2.005859375, 5.765625, 0.173095703125, 6.890625, 3.564453125, 1.73828125, 7.87890625, 1.80078125, 0.49658203125, 3.71484375, 0.385498046875, 2.68359375, 6.6875, 0.402587890625, 1.3251953125, 4.46875, 5.54296875, 5.734375, 3.265625, 7.609375, 1.982421875, 1.921875, 5.18359375, 1.8017578125, 0.1580810546875, 1.1123046875, 3.46484375, 1.5068359375, 2.974609375, 11.2421875, 1.1591796875, 5.19140625, 0.9921875, 9.7421875, 0.06939697265625, 1.474609375, 5.56640625, 3.51953125, 12.9375, 6.421875, 1.056640625, 2.4453125, 11.4375, 0.537109375, 16.40625, 3.052734375, 10.953125, 0.307861328125, 2.849102020263672e-05, 0.1739501953125, 3.166015625, 7.609375, 0.0027408599853515625, 0.006473541259765625, 2.130859375, 11.3359375, 0.0186309814453125, 0.017333984375, 1.2548828125, 1.787109375, 4.10546875, 1.103515625, 0.1279296875, 0.0572509765625, 0.07379150390625, 1.0048828125, 0.36181640625, 0.0196075439453125, 0.05975341796875, 0.353759765625, 2.7298927307128906e-05, 0.268798828125, 2.08984375, 0.017578125, 6.9141387939453125e-06, 0.01363372802734375, 0.404052734375, 11.453125, 0.75, 0.1658935546875, 0.94775390625, 8.53125, 8.0703125, 1.1708984375, 1.6484375, 7.78125, 0.06494140625, 0.06488037109375, 3.095703125, 5.41015625, 4.53125, 4.96875, 1.755859375, 8.3125, 4.15234375, 8.1875, 6.38671875, 5.375, 8.4609375, 2.19921875, 9.4609375, 2.130859375, 8.421875, 1.4970703125, 8.7734375, 1.4130859375, 1.830078125, 6.23046875, 6.421875, 8.140625, 2.85546875, 2.828125, 7.6796875, 0.056488037109375, 1.150390625, 5.81640625, 1.619140625, 2.212890625, 4.24609375, 8.1171875, 7.9765625, 2.62890625, 3.76953125, 0.71875, 1.4306640625, 1.1682510375976562e-05, 2.4609375, 0.84228515625, 3.837890625, 7.13671875, 8.6328125, 5.49609375, 0.1019287109375, 5.125, 0.397216796875, 6.0078125, 0.26220703125]",-0.5099516945120728
327,1,test,2.7463748356339277,1.1418824758584998,1.5759078472391015,5.000624700720735,2.0791501728059387,2.869427583123219,15.586027434697082,10.610694152438818,12.362529811620364,28.379182901327052,19.320050046348136,22.509808616534187,2.6070189230406107,0.9963565622039219,1.423260095240465,4.2048692307106625,1.6070267132321323,2.2955807987749437,13.558571400824126,8.552445409096169,10.291941546697053,21.868663549716334,13.79426678886479,16.59990572047912,2.6470599078813124,1.0843708831439496,1.495258728951244,4.87188940100855,1.9957746315532812,2.7520099305851113,14.112485582755435,9.340850528965724,10.94859907648583,25.973899845562148,17.191749439814217,20.150795846292937,0.6381909547738693,0.00819095477386933,0.0031909547738693256,0.4371859296482412,-0.012814070351758744,-0.012814070351758744,0.35678391959798994,0.011783919597989967,-0.0032160804020100464,0.3980891719745223,0.10397152491569883,0.14491120587282735,0.4281150159744409,0.38190954773869346,0.09118273069608696,0.12481438914103071,0.41414141414141414,0.39799331103678925,0.10750917080306643,0.14326583606459797,0.4161073825503355,17.0,1.0,0.0,22.0,0.0,2.0,33.0,1.0,-1.0,-0.00027035974531104917,-0.00017354978225959312,-0.0001302352582641278,-0.004227727866497055,-0.003450785823823743,-0.00428107461365812,"[2.111328125, 11.03125, 0.1751708984375, 0.517578125, 0.277099609375, 0.82861328125, 5.888938903808594e-05, 0.2215576171875, 0.0004558563232421875, 8.58306884765625e-06, 3.267578125, 4.7421875, 0.560546875, 0.320068359375, 2.333984375, 0.0038127899169921875, 0.00966644287109375, 0.0023040771484375, 0.048187255859375, 0.78271484375, 7.6015625, 3.736328125, 0.0036640167236328125, 0.09075927734375, 0.66162109375, 1.322265625, 1.744140625, 0.053558349609375, 4.44140625, 1.3125, 2.8515625, 5.1484375, 2.326171875, 1.1435546875, 0.07391357421875, 4.83203125, 7.875, 7.171875, 4.3046875, 2.994140625, 0.873046875, 0.177490234375, 2.416015625, 4.62890625, 2.146484375, 0.90087890625, 5.56640625, 0.37353515625, 5.15625, 0.017791748046875, 1.865234375, 0.0404052734375, 1.8427734375, 9.3515625, 1.318359375, 0.083740234375, 1.244140625, 9.3984375, 2.83984375, 4.37109375, 1.3603515625, 14.375, 2.65625, 5.37890625, 0.030120849609375, 0.26171875, 0.003940582275390625, 0.03594970703125, 5.125, 11.5859375, 7.91796875, 0.432861328125, 1.0908203125, 4.04296875, 0.712890625, 0.623046875, 1.9404296875, 2.85546875, 1.26953125, 1.5166015625, 0.0012197494506835938, 1.83203125, 1.9365234375, 0.004184722900390625, 0.00391387939453125, 2.03125, 0.99267578125, 3.6328125, 2.615234375, 0.003734588623046875, 4.7578125, 1.201171875, 5.4765625, 6.81640625, 6.5390625, 0.66162109375, 1.4892578125, 3.822265625, 8.1484375, 1.216796875, 5.390625, 0.093505859375, 1.0, 2.85546875, 0.062408447265625, 1.7431640625, 0.986328125, 2.162109375, 0.0008182525634765625, 1.12890625, 0.9921875, 0.00048542022705078125, 0.0002701282501220703, 0.164794921875, 0.37353515625, 4.82421875, 16.078125, 0.016937255859375, 3.14453125, 1.3056640625, 3.6953125, 3.07421875, 2.4765625, 0.0255279541015625, 8.078125, 0.094970703125, 6.8828125, 1.6689453125, 1.4853515625, 9.671875, 0.037689208984375, 4.2734375, 3.484375, 3.142578125, 1.345703125, 0.020904541015625, 0.488525390625, 0.53662109375, 6.09375, 1.5498046875, 1.318359375, 4.58984375, 2.853515625, 1.0927734375, 4.90625, 3.8984375, 1.7412109375, 0.4345703125, 0.00029850006103515625, 2.646484375, 0.9658203125, 2.3203125, 7.3203125, 0.02105712890625, 1.6171875, 4.52734375, 3.595703125, 4.43359375, 1.490234375, 4.53125, 0.99609375, 5.08984375, 2.04296875, 6.1328125, 4.6015625, 0.0755615234375, 0.126953125, 0.01091766357421875, 5.74609375, 0.345947265625, 6.25, 0.11395263671875, 1.0009765625, 4.7578125, 3.94921875, 0.55078125, 3.3984375, 0.03399658203125, 3.546875, 7.08203125, 4.20703125, 2.021484375, 7.69921875, 2.93359375, 3.84375, 1.4638671875, 1.052734375, 4.94921875, 0.0794677734375, 1.68359375, 1.5771484375, 0.056610107421875, 6.1953125, 4.05078125, 8.0859375, 0.0706787109375, 0.62255859375, 1.5576171875, 0.00839996337890625, 2.1015625, 9.625, 0.11260986328125, 7.72265625, 5.60546875, 1.2744140625, 2.94140625, 4.2109375, 1.9287109375, 1.05859375, 0.3349609375, 0.004436492919921875, 2.318359375, 7.9765625, 6.51953125, 7.55078125, 0.87353515625, 0.0001405477523803711, 2.76953125, 0.86474609375, 0.0001690387725830078, 0.00019109249114990234, 2.6640625, 1.5244140625, 0.0007238388061523438, 0.0003616809844970703, 0.1123046875, 0.49267578125, 2.798828125, 1.8720703125, 7.09765625, 3.796875, 4.515625, 0.0189666748046875, 2.783203125, 2.404296875, 2.576171875, 0.90234375, 0.0193939208984375, 9.40625, 3.298828125, 0.81982421875, 1.3603515625, 3.572265625, 0.0174560546875, 5.25390625, 4.578125, 0.292724609375, 1.0927734375, 7.4140625, 1.302734375, 2.15625, 7.125, 0.625, 9.2578125, 2.60546875, 0.282958984375, 0.000152587890625, 2.6796875, 0.5107421875, 0.00031495094299316406, 4.76837158203125e-05, 3.060546875, 0.78466796875, 2.056640625, 7.86328125, 0.01114654541015625, 9.7734375, 8.3671875, 0.060028076171875, 1.3154296875, 0.1605224609375, 4.26171875, 1.583984375, 3.484375, 7.328125, 0.93017578125, 5.5546875, 1.103515625, 0.0005326271057128906, 1.7236328125, 0.4892578125, 0.0001666545867919922, 1.6689300537109375e-05, 2.98046875, 0.8037109375, 7.140625, 8.796875, 1.1962890625, 0.0019817352294921875, 0.00037479400634765625, 1.712890625, 4.40234375, 0.00829315185546875, 3.11328125, 4.4609375, 6.03125, 3.068359375, 3.796875, 4.70703125, 0.000919342041015625, 3.751953125, 7.05078125, 4.5078125, 7.29296875, 2.189453125, 6.5078125, 6.40625, 0.302734375, 7.3515625, 6.38671875, 9.9140625, 1.7490234375, 3.08203125, 0.003875732421875]",-0.5530626872542559
307,1,test,3.379782441279871,1.4568416539439564,2.0201582237080467,5.482321518122581,2.3631326828509525,3.2768845605496804,29.364381940952104,22.52333495983298,25.469652485075468,47.63175907863742,36.53494449879884,41.314145600791015,3.4039298026405986,1.4314495411056234,1.987620770542717,5.118691432542254,2.152555700910712,2.9889034143499504,30.08208472329204,22.893601007709975,25.960206115931232,45.23621762901059,34.426467680766876,39.03790393373118,3.379782441279871,1.4568416539439564,2.0201582237080467,5.482321518122581,2.3631326828509525,3.2768845605496804,29.364381940952104,22.52333495983298,25.469652485075468,47.63175907863742,36.53494449879884,41.314145600791015,0.8090452261306533,0.014045226130653288,0.009045226130653283,0.6281407035175879,0.013140703517587893,0.003140703517587884,0.44723618090452266,-0.0027638190954772934,-0.017763819095477307,0.4064748201438849,0.06715704635573416,0.11580496368455473,0.4151624548736462,0.40201005025125625,0.05865165426128127,0.11653425726294242,0.41414141414141414,0.4064748201438849,0.06715704635573416,0.11580496368455473,0.4151624548736462,26.0,6.0,6.0,39.0,9.0,10.0,45.0,5.0,6.0,-0.0003144348566832656,3.967388601390233e-05,8.901639794393405e-05,-0.00023875416349117273,0.00018498985658865763,3.328992298534672e-05,"[1.859375, 5.28125, 0.00511932373046875, 0.052032470703125, 4.68359375, 5.76171875, 0.1417236328125, 2.078125, 1.30078125, 5.8125, 2.40625, 5.90234375, 0.38037109375, 2.943359375, 2.462890625, 2.640625, 7.87890625, 8.484375, 6.3828125, 6.8203125, 5.9765625, 2.767578125, 1.5732421875, 8.7578125, 5.23046875, 8.8359375, 0.7861328125, 2.0703125, 7.7421875, 3.78515625, 0.412109375, 0.3837890625, 8.296875, 1.890625, 2.134765625, 1.2119140625, 4.64453125, 1.517578125, 2.490234375, 4.640625, 0.15673828125, 6.51171875, 2.18359375, 8.890625, 0.0252532958984375, 3.201171875, 4.3515625, 5.40234375, 1.794921875, 2.16015625, 2.98046875, 0.61474609375, 9.203125, 0.07421875, 2.353515625, 5.390625, 3.29296875, 9.8125, 2.544921875, 0.87158203125, 1.5390625, 0.24365234375, 2.029296875, 1.3447265625, 1.509765625, 0.0014066696166992188, 4.109375, 0.5400390625, 0.0144195556640625, 0.0006732940673828125, 3.705078125, 1.384765625, 3.455078125, 1.353515625, 7.3046875, 4.53125, 1.1982421875, 1.2373046875, 6.81640625, 1.783203125, 3.099609375, 0.2470703125, 2.966796875, 2.08203125, 7.8671875, 8.7734375, 0.103759765625, 0.0226287841796875, 0.96533203125, 3.291015625, 1.3974609375, 2.53125, 4.84765625, 1.779296875, 1.01953125, 4.77734375, 2.2890625, 2.921875, 6.3984375, 8.5234375, 3.12109375, 1.2763671875, 1.8564453125, 2.75, 2.048828125, 1.46484375, 1.095703125, 0.00010883808135986328, 4.9609375, 0.74951171875, 8.140625, 5.45703125, 3.62890625, 6.02734375, 4.109375, 3.009765625, 6.3984375, 0.0023365020751953125, 1.4482421875, 3.16015625, 0.541015625, 8.1171875, 3.271484375, 4.8515625, 0.67626953125, 5.5546875, 1.3857421875, 0.0029048919677734375, 3.56640625, 2.15625, 5.98046875, 4.1875, 1.2265625, 4.99609375, 0.1676025390625, 1.8173828125, 4.73828125, 0.67431640625, 3.521484375, 1.4384765625, 8.3359375, 3.509765625, 3.029296875, 1.9599609375, 5.76953125, 5.9375, 5.37109375, 4.8984375, 1.34375, 1.78125, 11.359375, 5.859375, 0.3515625, 7.1171875, 6.76953125, 0.2469482421875, 0.034698486328125, 1.5703125, 0.1158447265625, 1.0732421875, 1.892578125, 3.359375, 4.203125, 4.453125, 2.181640625, 0.56787109375, 2.92578125, 6.23046875, 2.205078125, 7.95703125, 9.6171875, 2.279296875, 1.2275390625, 1.45703125, 8.71875, 3.158203125, 4.43359375, 3.3203125, 2.341796875, 0.033203125, 6.59375, 4.1796875, 2.453125, 2.091796875, 7.75, 6.34765625, 1.2978515625, 6.26171875, 6.031990051269531e-05, 0.05230712890625, 8.078125, 1.28125, 4.69140625, 1.7939453125, 6.70703125, 11.21875, 2.587890625, 0.791015625, 8.375, 7.60546875, 13.75, 3.84375, 3.171875, 1.318359375, 6.32421875, 2.6796875, 1.6875, 1.4892578125, 0.0004849433898925781, 4.71484375, 0.9716796875, 2.44921875, 2.603515625, 0.1363525390625, 2.44140625, 0.00011718273162841797, 0.1915283203125, 8.25, 5.1875, 4.515625, 0.012359619140625, 1.921875, 0.7783203125, 7.53515625, 5.59765625, 3.84765625, 1.455078125, 0.00014984607696533203, 4.0, 0.86962890625, 4.73828125, 2.57421875, 0.355712890625, 0.0227508544921875, 2.87890625, 0.5732421875, 5.87109375, 0.12322998046875, 5.98046875, 4.6953125, 5.85546875, 3.15234375, 2.9206275939941406e-05, 0.1103515625, 10.796875, 3.1171875, 3.81640625, 7.11328125, 5.6484375, 2.099609375, 1.83203125, 2.009765625, 1.744140625, 0.00014865398406982422, 3.74609375, 7.31640625, 0.884765625, 6.73828125, 6.953125, 5.45703125, 2.25390625, 3.89453125, 3.453125, 0.2203369140625, 9.140625, 2.166015625, 0.373291015625, 1.2939453125, 9.03125, 1.5, 1.0458984375, 3.341796875, 4.31640625, 0.0238037109375, 3.76171875, 1.3359375, 5.046875, 0.447265625]",-0.9696958035016232
457,1,test,3.667983607569737,1.6612855854501336,2.272567655440988,6.053298100835947,2.741630812798074,3.750433738120405,39.172838356801805,31.73412407653219,35.13618507880034,64.64719949680789,52.37103912016662,57.98548335090362,3.510875271193346,1.50817415869234,2.0944608616657505,5.401346571066686,2.3202679364497536,3.2222474794857696,33.47755690529576,26.068515154970527,29.35524392207541,51.50393370045501,40.105407930723885,45.16191372626986,3.667983607569737,1.6612855854501336,2.272567655440988,6.053298100835947,2.741630812798074,3.750433738120405,39.172838356801805,31.73412407653219,35.13618507880034,64.64719949680789,52.37103912016662,57.98548335090362,0.7135678391959799,0.003567839195979916,-0.006432160804020093,0.592964824120603,0.002964824120602949,-0.0020351758793969443,0.4522613065326633,-0.017738693467336697,-0.007738693467336688,0.417910447761194,0.09388810139247894,0.16977148994481683,0.49063670411985016,0.4170854271356784,0.09127089079482631,0.15331247221080369,0.48989898989898994,0.417910447761194,0.09388810139247894,0.16977148994481683,0.49063670411985016,20.0,4.0,4.0,31.0,4.0,4.0,41.0,7.0,7.0,-0.0005632158739127004,-0.0008995467506172261,-0.00041155932689140585,-0.00016945494488584956,0.00022372510708557058,6.833549267337702e-05,"[2.859375, 2.21484375, 0.2666015625, 0.05609130859375, 3.802776336669922e-05, 1.1826171875, 0.01139068603515625, 0.01456451416015625, 6.5703125, 3.453125, 3.216796875, 1.0771484375, 0.7041015625, 0.483154296875, 0.1658935546875, 1.619140625, 2.736328125, 1.3828125, 1.427734375, 2.564453125, 0.80224609375, 0.56787109375, 2.4765625, 0.3447265625, 9.1953125, 5.30859375, 1.84765625, 4.9921875, 0.274658203125, 7.19921875, 4.0859375, 1.564453125, 4.83203125, 2.06640625, 1.0048828125, 0.197998046875, 2.146484375, 6.375, 0.09368896484375, 0.6640625, 0.024383544921875, 4.1015625, 1.9951171875, 0.0179443359375, 0.66064453125, 6.50390625, 5.3984375, 1.904296875, 1.1708984375, 3.103515625, 7.0, 6.171875, 8.0703125, 6.98046875, 0.163818359375, 6.40234375, 0.011871337890625, 3.8359375, 5.95703125, 1.029296875, 6.63671875, 3.73828125, 0.062164306640625, 3.42578125, 2.521484375, 3.916015625, 0.2763671875, 1.1728515625, 0.00107574462890625, 5.16015625, 0.0294647216796875, 4.37109375, 5.48828125, 2.859375, 0.39404296875, 1.220703125, 7.73828125, 9.7578125, 7.91796875, 0.0229034423828125, 2.9765625, 0.447998046875, 0.0232086181640625, 0.79248046875, 8.609375, 0.9013671875, 4.49609375, 1.240234375, 3.7109375, 6.8046875, 3.20703125, 2.06640625, 4.09765625, 4.48046875, 0.19189453125, 2.9921875, 3.4921875, 0.278564453125, 11.9921875, 6.3671875, 5.5234375, 2.138671875, 6.83984375, 4.56640625, 3.193359375, 8.484375, 7.9921875, 0.310302734375, 3.443359375, 3.361328125, 0.2491455078125, 8.1328125, 8.140625, 2.462890625, 2.333984375, 5.8671875, 2.822265625, 2.3046875, 0.08233642578125, 6.0546875, 2.748046875, 0.5546875, 6.49609375, 2.111328125, 1.078125, 1.8154296875, 0.0216217041015625, 5.14453125, 2.771484375, 8.0859375, 0.03668212890625, 0.8818359375, 0.00019788742065429688, 0.921875, 0.05780029296875, 1.5078125, 0.0010061264038085938, 2.765625, 5.546875, 0.09844970703125, 1.0244140625, 4.55078125, 2.978515625, 0.00864410400390625, 3.640625, 3.6640625, 8.7265625, 0.0003619194030761719, 1.607421875, 0.265380859375, 0.45068359375, 0.177490234375, 6.07421875, 0.77978515625, 0.2203369140625, 0.091064453125, 12.953125, 7.04296875, 7.53125, 1.3203125, 8.0546875, 0.01043701171875, 7.34765625, 8.0390625, 1.1572265625, 13.8125, 8.1484375, 9.40625, 12.546875, 1.6875, 5.328125, 2.431640625, 8.3203125, 2.443359375, 2.205078125, 11.1875, 10.9609375, 6.84375, 0.2568359375, 2.6484375, 7.5859375, 0.416748046875, 11.6484375, 11.0234375, 0.9140625, 3.203125, 2.005859375, 2.677734375, 10.4296875, 2.080078125, 4.31640625, 1.8095703125, 4.50390625, 4.27734375, 4.0078125, 6.50390625, 4.48828125, 2.947265625, 6.28515625, 7.5859375, 7.30859375, 1.9619140625, 2.5703125, 5.50390625, 0.0095367431640625, 4.41015625, 5.953125, 0.006496429443359375, 8.5625, 4.0, 1.6630859375, 4.94140625, 6.60546875, 2.56640625, 7.890625, 3.130859375, 5.66796875, 10.84375, 3.396484375, 0.8046875, 6.53515625, 1.2998046875, 9.109375, 12.1015625, 7.671875, 1.359375, 7.25, 0.91455078125, 5.94921875, 3.97265625, 3.3828125, 3.359375, 0.044708251953125, 1.8408203125, 5.39453125, 9.5, 2.3515625, 0.2266845703125, 2.767578125, 4.953125, 4.75, 0.6484375, 5.80859375, 5.875, 7.234375, 6.12890625, 4.72265625, 6.45703125, 0.9814453125, 0.00014150142669677734, 3.2109375, 0.0242767333984375, 0.88427734375, 0.0017824172973632812, 6.16015625, 0.296875, 8.7734375, 0.0560302734375, 3.595703125, 0.98193359375, 6.79296875, 9.0625, 0.01861572265625, 0.84326171875, 0.093505859375, 0.07379150390625, 5.265625, 10.4609375]",-0.9528202254380753
472,1,test,2.34674223368628,1.0365833518584173,1.438528028281866,5.193113459060607,2.293858643144756,3.183323314197936,10.45146577041717,6.744703167772444,7.971575767813441,23.12808231776187,14.925375397070635,17.640325731354906,3.041875023338663,1.3012102663534266,1.8510181721366425,5.431919684533327,2.3235897613454046,3.305389593101147,20.94447782545049,15.243345794828704,17.654578871561345,37.40085325973302,27.2202603479084,31.526033699216686,2.6113944679598347,1.1640995797659368,1.6013624015785521,5.120381309725166,2.2825481956194835,3.139926277605004,13.618027520631204,9.366429622976273,10.872338462713689,26.702014746335692,18.36554828034563,21.31831071120331,0.6080402010050252,-0.006959798994974786,-0.001959798994974782,0.49246231155778897,-0.012537688442211037,-0.002537688442211028,0.37688442211055273,0.0018844221105527303,0.0018844221105527303,0.35672514619883045,0.11000981773167717,0.16708682752825366,0.2668621700879765,0.371859296482412,0.09617007342476791,0.15483091584802133,0.30808080808080807,0.3712374581939799,0.10078670694189307,0.16322855941756165,0.2953020134228188,25.0,16.0,16.0,36.0,27.0,27.0,41.0,29.0,29.0,0.0017666532953487387,0.0005596561019142443,0.0010037445342783251,-0.08414807052238338,-0.0844641271634492,-0.09415982823612534,"[6.6640625, 8.953125, 2.423828125, 6.484375, 4.37890625, 2.4140625, 10.8984375, 5.40234375, 0.73291015625, 6.1015625, 5.94140625, 4.40625, 0.077392578125, 6.1953125, 2.57421875, 2.03125, 0.92041015625, 3.4921875, 9.875, 5.421875, 2.1328125, 8.9375, 0.407958984375, 0.78466796875, 0.34716796875, 2.63671875, 2.970703125, 3.0625, 0.736328125, 1.1640625, 7.8046875, 1.4521484375, 1.3232421875, 1.173828125, 10.28125, 3.099609375, 2.703125, 0.228515625, 4.234375, 2.427734375, 5.67578125, 0.041351318359375, 3.158203125, 7.05078125, 1.873046875, 4.234375, 0.0006384849548339844, 6.265625, 1.193359375, 2.013671875, 1.5693359375, 2.599609375, 0.2454833984375, 9.3828125, 2.28515625, 5.6640625, 2.4609375, 6.6953125, 11.8046875, 1.1201171875, 2.00390625, 4.06640625, 7.56640625, 0.326171875, 6.84765625, 0.5908203125, 0.01690673828125, 0.10015869140625, 0.060546875, 0.1898193359375, 4.38671875, 2.091796875, 5.7578125, 0.2274169921875, 12.296875, 7.6328125, 0.69775390625, 1.6923828125, 1.1669921875, 1.69921875, 9.8125, 8.578125, 0.0841064453125, 3.03515625, 7.8515625, 0.0675048828125, 10.15625, 1.3818359375, 7.03515625, 3.7734375, 1.12890625, 8.765625, 0.4375, 1.44140625, 6.265625, 0.09466552734375, 5.234375, 0.0802001953125, 8.4453125, 3.62109375, 0.6572265625, 1.0625, 3.423828125, 2.423828125, 0.007190704345703125, 2.517578125, 11.3984375, 2.25, 2.98828125, 8.765625, 2.95703125, 7.1484375, 0.06378173828125, 3.939453125, 0.80712890625, 1.5224609375, 0.0518798828125, 2.623046875, 7.31640625, 0.80029296875, 3.625, 10.5703125, 3.91015625, 7.515625, 8.6328125, 7.7265625, 3.26171875, 6.7734375, 0.43505859375, 0.95556640625, 5.8125, 1.6044921875, 2.814453125, 6.4609375, 4.28125, 0.82470703125, 7.2578125, 8.578125, 0.591796875, 6.30078125, 0.048675537109375, 4.71875, 6.890625, 0.0034656524658203125, 0.002960205078125, 0.619140625, 0.0184783935546875, 4.7206878662109375e-05, 1.3113021850585938e-06, 0.009307861328125, 3.0159950256347656e-05, 0.0001163482666015625, 2.86102294921875e-06, 0.00047135353088378906, 1.4248046875, 0.60595703125, 6.09765625, 0.43115234375, 0.8125, 2.333984375, 9.765625, 0.50634765625, 0.334228515625, 0.022796630859375, 0.0014934539794921875, 0.002521514892578125, 0.0005974769592285156, 0.0005221366882324219, -0.0, 0.0007910728454589844, 1.4150390625, 0.0005588531494140625, 2.384185791015625e-07, 1.1920928955078125e-06, 0.0019502639770507812, 0.0001844167709350586, 1.0967254638671875e-05, 7.033348083496094e-06, 1.1444091796875e-05, 1.5126953125, 4.0390625, 3.6015625, 8.7421875, 1.8310546875, 1.2060546875, 0.60693359375, 0.06243896484375, 1.3671875, 0.3173828125, 0.03826904296875, 0.381103515625, 3.48046875, 2.1328125, 0.44677734375, 0.002231597900390625, 0.000301361083984375, 0.00013244152069091797, 0.0004706382751464844, 0.00014674663543701172, 1.1920928955078125e-07, 0.0175933837890625, 0.29150390625, 0.0012359619140625, 9.5367431640625e-07, 5.960464477539062e-07, 0.00022339820861816406, 5.042552947998047e-05, 3.5762786865234375e-06, 6.318092346191406e-06, 5.9604644775390625e-06, 0.896484375, 6.5859375, 10.1015625, 4.3515625, 1.6083984375, 0.39013671875, 1.9384765625, 5.4296875, 4.4921875, 2.11328125, 1.400390625, 7.78515625, 0.7880859375, 3.11328125, 3.5390625, 0.2266845703125, 0.006832122802734375, 0.0718994140625, 0.054412841796875, 0.2254638671875, 0.9189453125, 2.96875, 6.109375, 0.1959228515625, 4.28515625, 3.30859375, 8.015625, 2.65234375, 8.7578125, 3.720703125, 0.1318359375, 0.576171875, 5.28125, 1.619140625, 4.51171875, 2.345703125, 0.71484375, 0.12152099609375, 6.61328125, 0.034881591796875, 1.7783203125, 5.328125, 0.1793212890625, 0.158203125, 3.912109375, 0.326904296875, 0.05560302734375, 0.1363525390625, 5.54296875, 0.0005369186401367188, 1.1920928955078125e-07, 0.0012073516845703125, 0.0001608133316040039, 1.0728836059570312e-06, 0.00824737548828125, 6.4140625, 4.5390625, 0.1475830078125, 1.7021484375, 0.169921875, 8.1953125, 3.994140625, 0.1094970703125, 0.0188140869140625, 0.047698974609375, 0.060455322265625, 0.09039306640625, 7.30859375, 4.18359375, 0.0311126708984375, 1.833984375, 1.2451171875, 0.055328369140625, 0.00019669532775878906, 0.336669921875, 2.513671875, 0.0050506591796875, 0.0279541015625, 0.0034847259521484375, 0.06494140625, 0.02386474609375, 4.482269287109375e-05, 0.00023221969604492188, 0.003368377685546875, 0.0016880035400390625, 0.00711822509765625, 0.002666473388671875, 0.00022792816162109375, 7.331371307373047e-05, 0.00023221969604492188, 0.01139068603515625, 0.69384765625, 2.94140625, 0.0260009765625, 0.0010595321655273438, 0.046844482421875, 0.002666473388671875, 0.315185546875, 0.11126708984375, 0.00835418701171875, 0.0118560791015625, 0.00939178466796875, 0.021575927734375, 0.0294189453125, 10.109375, 6.20703125, 0.0260467529296875, 0.1656494140625, 0.005710601806640625, 0.0030364990234375, 0.0400390625, 0.10888671875, 0.007556915283203125, 0.0007162094116210938, 0.005870819091796875, 0.006656646728515625, 0.0010538101196289062, 2.6226043701171875e-06, 1.33514404296875e-05, 0.00067138671875, 0.00035572052001953125, 0.000347137451171875, 4.6253204345703125e-05, 7.855892181396484e-05, 9.894371032714844e-06, 5.447864532470703e-05, 0.0032711029052734375, 0.3701171875, 0.55322265625, 0.0028400421142578125, 0.0006451606750488281, 0.0179901123046875]",-0.9863754897786858
176,1,test,3.479459270050651,1.4797002861740678,2.0507683232376808,5.793468590424142,2.463772806590802,3.41462881005109,32.44217487656548,25.054899444698147,28.26894224534707,54.01779603233962,41.71762383267702,47.069161117252655,3.4421138607676904,1.3662602972773223,1.943032477403263,5.1374833742801345,2.039194473548242,2.900048473736213,31.25295278278403,23.281605175481484,26.77537877620905,46.64619818325974,34.74866444101714,39.96325190478962,3.539742426728724,1.5070168883730446,2.090572725980989,5.648525149035197,2.4048141835740067,3.336020307416471,34.4580425769689,26.823175427217464,30.198466253512112,54.986238154737606,42.80293951151723,48.189041893902306,0.7085427135678393,-0.011457286432160707,-0.0014572864321606982,0.6180904522613065,0.008090452261306558,0.0030904522613065533,0.5125628140703518,-0.00743718592964826,0.002562814070351749,0.4385964912280702,0.09115123575361761,0.16195915007460004,0.42228739002932547,0.4623115577889447,0.1114343648064886,0.1651496212280098,0.40909090909090906,0.4448160535117057,0.09757064449668063,0.17006633159846885,0.4261744966442953,25.0,-1.0,0.0,39.0,1.0,1.0,48.0,0.0,-3.0,4.318520406674952e-05,8.722243417516514e-05,6.671828798098135e-05,0.0003372312314926518,-6.291574659478272e-05,0.0001629201083366283,"[8.9296875, 4.80859375, 6.21875, 2.251953125, 7.46484375, 7.24609375, 2.462890625, 8.2734375, 0.06640625, 7.390625, 0.9501953125, 2.201171875, 3.037109375, 3.462890625, 2.8125, 0.455322265625, 1.0556640625, 1.9765625, 4.41015625, 7.703125, 7.50390625, 4.3359375, 2.314453125, 5.70703125, 1.69921875, 4.03125, 5.8515625, 0.52099609375, 4.95703125, 0.05816650390625, 3.53515625, 3.1640625, 9.734375, 0.36572265625, 0.6943359375, 7.546875, 2.416015625, 11.1484375, 1.7333984375, 3.37109375, 10.0078125, 6.83203125, 4.8515625, 6.19921875, 4.171875, 5.39453125, 0.060882568359375, 8.359375, 2.2265625, 4.63671875, 2.822265625, 0.135009765625, 5.68359375, 2.20703125, 3.625, 0.83251953125, 4.363059997558594e-05, 0.736328125, 0.1943359375, 1.46484375, 0.035369873046875, 11.140625, 3.013671875, 0.931640625, 9.890625, 0.578125, 0.445556640625, 2.431640625, 5.4609375, 4.875, 0.08233642578125, 1.083984375, 4.31640625, 4.32421875, 3.59375, 8.8515625, 1.2021484375, 0.66796875, 5.2421875, 5.3046875, 7.33203125, 5.70703125, 4.58984375, 6.43359375, 0.247802734375, 10.96875, 8.8359375, 3.927734375, 0.015472412109375, 5.8515625, 0.83837890625, 8.0546875, 1.314453125, 0.103759765625, 2.716796875, 6.453125, 0.00550079345703125, 5.12109375, 4.609375, 0.342529296875, 0.0008544921875, 3.2890625, 6.4296875, 0.0010747909545898438, 0.85986328125, 1.49609375, 0.00652313232421875, 3.130859375, 0.5693359375, 5.39453125, 0.1080322265625, 3.75390625, 7.59375, 2.125, 4.4296875, 3.22265625, 0.048797607421875, 6.60546875, 6.3984375, 6.12890625, 4.51953125, 2.564453125, 1.13671875, 5.07421875, 1.306640625, 4.5, 3.92578125, 0.82763671875, 0.0012063980102539062, 2.041015625, 1.212890625, 4.839897155761719e-05, 2.03515625, 0.25537109375, 4.37109375, 6.02734375, 0.063232421875, 0.00782012939453125, 1.7275390625, 0.53173828125, 1.0400390625, 1.2919921875, 5.48828125, 1.2421875, 1.275390625, 0.2003173828125, 0.091552734375, 0.3017578125, 5.48046875, 0.70458984375, 2.7421875, 3.0859375, 3.892578125, 4.47265625, 3.681640625, 2.23046875, 0.57666015625, 0.07098388671875, 3.373046875, 5.28125, 0.1505126953125, 9.4140625, 0.255615234375, 5.1953125, 0.481689453125, 4.57421875, 8.546875, 1.2099609375, 0.0277252197265625, 2.001953125, 3.25, 8.2890625, 10.671875, 2.353515625, 5.53515625, 10.421875, 4.5703125, 3.771484375, 8.6328125, 5.83984375, 5.85546875, 7.1171875, 4.05859375, 6.23046875, 5.0234375, 3.109375, 1.12890625, 0.00031685829162597656, 0.61279296875, 3.162109375, 0.0009832382202148438, 0.52978515625, 2.244140625, 0.0014200210571289062, 0.07080078125, 0.200927734375, 3.302734375, 0.019744873046875, 3.693359375, 5.65625, 6.62109375, 0.01552581787109375, 6.15625, 4.234375, 5.01171875, 0.1229248046875, 0.037689208984375, 0.02960205078125, 0.150146484375, 0.60498046875, 2.69140625, 1.228515625, 0.80029296875, 6.5625, 3.337890625, 2.533203125, 3.376953125, 3.48828125, 3.419921875, 0.10211181640625, 4.0078125, 9.765625, 10.6953125, 2.634765625, 0.08929443359375, 0.38720703125, 0.6494140625, 1.9326171875, 14.0390625, 0.787109375, 9.5703125, 3.099609375, 6.8203125, 2.265625, 7.1875, 9.8828125, 6.09375, 2.31640625, 7.80078125, 9.0234375, 1.5478515625, 3.3515625, 12.15625, 2.12109375, 1.552734375, 10.4765625, 2.708984375, 5.28125, 1.2021484375, 6.33203125, 2.62109375, 6.546875, 4.390625, 6.99609375, 0.0789794921875, 3.185546875, 6.22265625, 3.0234375, 7.6015625, 4.63671875, 6.21875, 7.1328125, 4.234375, 9.2734375, 5.48046875, 9.515625, 3.474609375, 2.60546875, 1.5419921875, 0.0712890625, 8.1484375, 7.98046875, 1.2578125, 0.291748046875, 7.176399230957031e-05, 0.65673828125, 4.1171875, 0.0002225637435913086, 0.11932373046875, 0.06439208984375, 5.4375, 4.359375, 0.53173828125, 1.1298828125, 3.40234375, 5.60546875, 0.01342010498046875, 5.28125, 2.833984375, 2.390625, 5.09375, 0.314208984375, 7.43359375, 1.357421875, 0.0191192626953125, 0.064697265625, 0.6689453125, 3.921875, 1.8564453125, 3.662109375, 7.59375, 0.07940673828125, 7.43359375, 0.60498046875, 7.07421875, 5.13671875, 6.28125, 3.2734375, 4.9921875, 3.955078125, 3.91015625, 5.03515625, 0.0007724761962890625, 0.0031375885009765625, 0.0021343231201171875, 1.7880859375, 1.7333984375, 3.728515625, 0.01320648193359375, 9.0, 0.71923828125, 3.30859375, 3.1015625, 2.796875, 0.85009765625, 0.01953125, 0.01412200927734375, 0.1048583984375, 8.96875, 2.04296875, 2.18359375, 4.24609375, 0.09588623046875, 0.07769775390625, 0.004665374755859375, 0.005962371826171875, 0.0338134765625, 0.029876708984375, 0.0936279296875, 4.3984375, 10.046875, 7.3125]",-0.5084788956140218
474,1,test,2.8534068209136847,1.1926563432008142,1.7062970029688305,4.70812125450758,1.9678829662813433,2.81539005489857,17.346778656023822,12.08351933456643,14.197700321073533,28.622184782439305,19.93780690203461,23.42620552977133,2.8253077598073375,1.115319656367278,1.631202975509554,4.6316520652579305,1.8283928792906199,2.674103238540253,16.866134905852867,11.33723920345924,13.565533208781433,27.649401485004702,18.585638038457773,22.238579030789236,2.853952371575533,1.2056816184022126,1.6933994707196987,4.709021413099629,1.9893746703636501,2.7941091266875024,17.356244784492098,12.15826132993876,14.164547303867346,28.63780389441196,20.061131194398953,23.37150305138112,0.6532663316582914,0.013266331658291386,-0.006733668341708521,0.4974874371859297,-0.007512562814070312,-0.007512562814070312,0.39698492462311563,0.0019849246231156137,0.0019849246231156137,0.4334600760456274,0.12927756653992395,0.18631178707224338,0.3740458015267175,0.4170854271356784,0.11306532663316582,0.16582914572864327,0.33838383838383834,0.4296577946768061,0.12547528517110262,0.18124207858048158,0.3702290076335878,25.0,13.0,12.0,34.0,11.0,9.0,44.0,14.0,15.0,0.0002013709326127555,6.898191228736594e-05,0.0002167978329401059,-0.00013480533558407615,-0.00018378111340844328,8.585827751517172e-05,"[6.765625, 6.10546875, 11.203125, 3.568359375, 9.3671875, 0.09832763671875, 0.53369140625, 8.7578125, 6.78125, 4.84765625, 1.0625, 3.9140625, 2.095703125, 9.484375, 5.32421875, 0.74267578125, 0.67236328125, 2.93359375, 2.693359375, 0.69921875, 6.19921875, 3.71875, 0.01068115234375, 3.369140625, 6.15625, 2.48828125, 7.0546875, 3.99609375, 0.199951171875, 1.236328125, 7.80078125, 1.6630859375, 0.62109375, 2.984375, 1.0400390625, 6.3203125, 1.181640625, 0.75927734375, 1.7578125, 0.48974609375, 0.595703125, 0.7939453125, 1.638671875, 7.33203125, 6.78125, 2.96875, 0.00649261474609375, 0.08270263671875, 1.8798828125, 5.7109375, 1.3427734375, 8.2890625, 4.71875, 2.9921875, 0.1256103515625, 0.5986328125, 0.1309814453125, 1.8740234375, 0.386474609375, 11.125, 0.199462890625, 0.56103515625, 0.60986328125, 5.34765625, 0.464111328125, 0.08172607421875, 0.059844970703125, 1.052734375, 4.23046875, 2.341796875, 1.09375, 4.7578125, 5.37890625, 4.93359375, 4.09375, 0.459716796875, 0.29638671875, 3.125, 0.8203125, 0.395263671875, 0.039794921875, 1.63671875, 4.28515625, 5.00390625, 0.39697265625, 3.29296875, 6.17578125, 6.08203125, 7.0390625, 0.06817626953125, 1.251953125, 1.6005859375, 3.09765625, 7.4921875, 3.1171875, 4.48046875, 1.3544921875, 3.798828125, 3.345703125, 1.333984375, 0.33984375, 2.861328125, 0.8095703125, 6.6015625, 0.08740234375, 1.27734375, 4.6484375, 0.04962158203125, 1.2294921875, 1.564453125, 3.107421875, 0.25830078125, 8.2734375, 0.1424560546875, 5.09765625, 0.0438232421875, 4.73046875, 6.03125, 0.1982421875, 7.23828125, 0.724609375, 3.31640625, 6.484375, 1.02734375, 5.40625, 1.9541015625, 3.435546875, 2.158203125, 0.185546875, 4.87109375, 3.705078125, 1.3662109375, 8.2265625, 2.626953125, 4.64453125, 0.01190948486328125, 5.484375, 4.60546875, 0.1361083984375, 0.0182647705078125, 0.68798828125, 0.006038665771484375, 0.2232666015625, 0.208740234375, 0.007770538330078125, 1.7509765625, 6.0859375, 5.1328125, 2.302734375, 3.853515625, 0.46923828125, 0.2125244140625, 5.62109375, 0.373779296875, 7.96484375, 1.4609375, 6.00390625, 2.36328125, 0.85400390625, 3.6328125, 0.7548828125, 5.875, 0.89794921875, 1.400390625, 3.630859375, 1.9716796875, 2.79296875, 0.033905029296875, 6.77734375, 0.179931640625, 1.2548828125, 0.19482421875, 1.6357421875, 5.8046875, 3.92578125, 0.580078125, 4.08984375, 1.6796875, 0.37255859375, 0.81103515625, 6.4453125, 2.474609375, 0.26611328125, 0.0005154609680175781, 0.404296875, 0.6611328125, 2.4375, 2.568359375, 6.2578125, 3.1953125, 0.1541748046875, 9.46875, 0.04425048828125, 2.7421875, 1.146484375, 0.0472412109375, 0.00789642333984375, 1.76171875, 4.640625, 1.357421875, 2.46875, 5.8125, 3.330078125, 5.37890625, 4.94140625, 0.060455322265625, 4.6171875, 4.5390625, 1.0009765625, 0.0023670196533203125, 4.01171875, 8.3984375, 3.810546875, 2.55859375, 1.611328125, 0.50341796875, 7.6171875, 2.107421875, 0.08538818359375, 0.044586181640625, 2.685546875, 3.650390625, 0.455810546875, 6.6875, 0.363525390625, 0.024566650390625, 2.19140625, 9.875, 1.1474609375, 3.3828125, 2.224609375, 6.41796875, 6.54296875, 4.39453125, 1.0888671875, 3.4375, 7.75390625, 0.98974609375, 0.0869140625, 3.48046875, 0.355712890625, 4.46875, 2.154296875, 0.0704345703125, 1.0087890625, 0.0158843994140625, 0.36083984375, 6.12890625, 3.125, 1.509765625, 1.419921875, 6.3046875, 1.7294921875, 5.26953125, 0.04925537109375, 0.81103515625, 0.005298614501953125, 1.7666015625, 2.95703125, 5.80078125, 5.0703125, 0.94482421875, 3.126953125]",-0.8683908837829706
290,1,test,3.3583786916418044,1.437324149675333,1.993790555434676,5.640591835685682,2.4140692900624376,3.348686899735588,28.742552541224377,21.914397290989374,24.82844190170973,48.274784378631,36.80650152740757,41.70080849789922,3.265171458373717,1.2248302523107117,1.7910915783996317,4.984994592936972,1.869969850856048,2.7344909593887503,26.184600174920273,18.49136644582707,21.817584429801514,39.97648881667217,28.231093810423005,33.309289205803836,3.368416567311239,1.4410216205633304,2.008218817945285,5.6140276121853985,2.4017027009388836,3.3470313632421416,29.03251960198019,22.160933544595302,25.135555754244937,48.38753266996699,36.93488924099217,41.89259292374157,0.7035175879396984,0.0035175879396984744,-0.001482412060301641,0.5879396984924623,-0.00706030150753767,-0.00706030150753767,0.457286432160804,-0.012713567839195972,-0.007713567839195967,0.4554455445544554,0.11936646712447185,0.17663105498255638,0.48344370860927155,0.4321608040201005,0.0687522827168423,0.14000721470457456,0.46464646464646464,0.45150501672240806,0.11427630219820106,0.1789799889137318,0.4832214765100671,21.0,7.0,4.0,35.0,10.0,6.0,45.0,10.0,8.0,-0.0004502742148153916,9.141674397079829e-05,-0.00032844636711309224,0.0004912393671849813,8.815173034548707e-05,-5.432400123339676e-05,"[2.859375, 2.21484375, 0.2666015625, 0.05609130859375, 3.802776336669922e-05, 1.1826171875, 0.01139068603515625, 0.01456451416015625, 5.5703125, 5.69140625, 2.52734375, 2.001953125, 0.011810302734375, 0.0885009765625, 5.71484375, 6.15234375, 1.1240234375, 1.5390625, 2.21875, 4.3984375, 10.34375, 3.76953125, 1.900390625, 2.892578125, 4.04296875, 0.037872314453125, 1.611328125, 3.697265625, 6.65234375, 8.390625, 0.00577545166015625, 4.015625, 7.15234375, 3.716796875, 7.49609375, 6.3203125, 5.66015625, 3.765625, 11.40625, 2.697265625, 1.7744140625, 10.6015625, 1.1572265625, 0.00557708740234375, 3.78515625, 3.66015625, 10.984375, 4.28515625, 8.3828125, 1.21484375, 4.578125, 1.1455078125, 5.33984375, 1.28515625, 0.373046875, 6.63671875, 7.3515625, 2.6484375, 3.591796875, 1.013671875, 6.16796875, 5.078125, 5.359375, 4.3203125, 1.03125, 6.57421875, 2.6484375, 2.455078125, 0.004787445068359375, 6.71484375, 0.134765625, 11.6171875, 7.078125, 4.109375, 5.3046875, 0.0440673828125, 2.09375, 7.15234375, 3.6171875, 3.54296875, 5.30859375, 5.671875, 0.498046875, 3.259765625, 6.0625, 0.0012874603271484375, 0.0038433074951171875, 1.3193359375, 4.5625, 7.96484375, 1.4814453125, 6.71484375, 0.1693115234375, 1.2470703125, 0.05908203125, 0.023681640625, 0.1619873046875, 0.004764556884765625, 3.76953125, 1.0478515625, 0.0221710205078125, 0.031494140625, 0.0256500244140625, 0.053924560546875, 0.0057373046875, 5.76953125, 0.42529296875, 0.01024627685546875, 0.003387451171875, 0.0057373046875, 0.013763427734375, 0.002685546875, 2.53515625, 0.41552734375, 0.01371002197265625, 0.0013971328735351562, 0.006351470947265625, 0.0199737548828125, 0.004619598388671875, 5.80078125, 1.4189453125, 7.328125, 7.828125, 3.283203125, 2.755859375, 0.106689453125, 3.98828125, 2.037109375, 4.46875, 0.02447509765625, 1.8671875, 4.43359375, 5.765625, 0.09869384765625, 0.103271484375, 0.034332275390625, 6.17578125, 2.2734375, 4.91796875, 2.0, 1.5478515625, 9.2890625, 0.033447265625, 0.9521484375, 2.7578125, 8.421875, 0.7646484375, 0.004291534423828125, 0.0065155029296875, 0.0194549560546875, 0.00201416015625, 4.390625, 2.185546875, 3.07421875, 6.2265625, 3.9921875, 2.14453125, 9.1171875, 3.3125, 9.7109375, 4.5703125, 0.023712158203125, 5.37109375, 0.06512451171875, 0.0070953369140625, 0.71484375, 0.642578125, 5.3203125, 0.0267791748046875, 6.07421875, 2.177734375, 4.3046875, 7.65234375, 0.212646484375, 1.193359375, 3.43359375, 3.5859375, 3.85546875, 1.599609375, 3.69921875, 10.4140625, 8.0625, 4.44140625, 2.193359375, 3.01953125, 7.21484375, 2.55859375, 4.859375, 4.03515625, 0.448974609375, 3.236328125, 4.328125, 6.1484375, 4.84765625, 0.0506591796875, 3.3515625, 5.26171875, 8.7734375, 9.2890625, 0.1546630859375, 4.265625, 1.7265625, 4.37890625, 4.375, 8.859375, 0.049560546875, 3.001953125, 1.302734375, 1.388671875, 0.00022649765014648438, 4.93359375, 7.82421875, 1.8515625, 0.302490234375, 5.80859375, 1.056640625, 5.8515625, 6.67578125, 1.1474609375, 0.16064453125, 4.1171875, 2.314453125, 3.060546875, 0.666015625, 5.9921875, 1.94140625, 2.515625, 3.494140625, 7.20703125, 5.44140625, 2.947265625, 7.28125, 1.6875, 7.52734375, 3.36328125, 6.3125, 6.83984375, 3.3046875, 11.8203125, 0.216064453125, 0.015869140625, 2.947265625, 1.17578125, 8.21875, 4.15234375, 3.27734375, 4.92578125, 4.07421875, 2.19921875, 4.7578125, 2.224609375, 0.444580078125, 4.1171875, 1.5576171875, 0.130859375, 2.12890625, 3.544921875, 7.7265625, 0.138916015625, 11.15625, 1.7470703125, 7.14453125, 5.41796875, 7.49609375, 13.8671875, 12.5, 3.583984375, 6.10546875, 6.4375, 1.8193359375, 0.78173828125, 1.595703125, 5.67578125, 0.01324462890625, 0.0023097991943359375, 0.03271484375, 0.005573272705078125, 4.11328125, 4.0703125, 0.0241241455078125, 0.0003066062927246094, 0.00109100341796875, 0.00978851318359375, 0.0007901191711425781, 2.361328125, 1.080078125, 1.720703125, 4.5859375, 10.0390625, 7.4296875, 10.65625, 3.4296875, 1.3173828125, 3.34765625, 0.97705078125, 3.564453125, 1.0830078125, 0.66357421875, 5.86328125, 3.5703125, 1.2958984375, 5.5, 0.06597900390625]",-0.6246106195764574
288,1,test,2.8376960905897977,1.227699926207398,1.691127245398886,4.86462186958251,2.1046284449269677,2.899075277826661,17.07637775422641,12.07358571522682,13.92900252414716,29.2737904358167,20.6975755118174,23.87829004139513,3.0487286457464324,1.1817163571102989,1.6950417585912403,4.839251818645131,1.875740249381427,2.69054247395435,21.088516397169162,14.619576224958454,17.216842724324557,33.47383555106216,23.205676547553097,27.328321784642153,2.8376960905897977,1.227699926207398,1.691127245398886,4.86462186958251,2.1046284449269677,2.899075277826661,17.07637775422641,12.07358571522682,13.92900252414716,29.2737904358167,20.6975755118174,23.87829004139513,0.6633165829145728,0.013316582914572828,0.0033165829145729298,0.5376884422110553,0.01268844221105525,0.02268844221105526,0.40703517587939697,-0.007964824120603065,-0.00296482412060306,0.4147157190635451,0.10252874076638319,0.16221293819591442,0.3926174496644296,0.40201005025125625,0.08120804523872494,0.1282204008355634,0.398989898989899,0.4147157190635451,0.10252874076638319,0.16221293819591442,0.3926174496644296,23.0,0.0,1.0,30.0,-1.0,-1.0,37.0,-3.0,-1.0,0.0006413896550491097,1.2298608502038667e-05,0.00020493380803601513,0.0005070350734097673,0.00010364583054389698,-4.030577335889518e-05,"[2.12109375, 9.0390625, 0.7978515625, 5.01953125, 1.7294921875, 0.0794677734375, 1.9788742065429688e-05, 0.0157928466796875, 0.0004341602325439453, 5.7220458984375e-06, 5.14453125, 11.0390625, 1.8857421875, 9.5703125, 1.1201171875, 10.046875, 3.244140625, 2.083984375, 5.93359375, 4.28125, 2.591796875, 4.85546875, 0.51171875, 1.8837890625, 1.2431640625, 2.8359375, 2.75390625, 0.461181640625, 1.0703125, 7.30859375, 1.806640625, 0.1214599609375, 0.03857421875, 0.002429962158203125, 6.2734375, 6.22265625, 0.1568603515625, 7.3671875, 0.198486328125, 7.40625, 2.849609375, 2.80078125, 0.71240234375, 1.9697265625, 10.015625, 4.94140625, 3.0546875, 3.0546875, 1.5185546875, 2.06640625, 1.685546875, 0.96923828125, 13.25, 0.1812744140625, 9.65625, 2.259765625, 0.07464599609375, 1.3798828125, 2.337890625, 11.3125, 0.195068359375, 5.125, 0.00940704345703125, 0.00989532470703125, 0.99072265625, 0.044769287109375, 0.368896484375, 4.86328125, 0.7158203125, 7.5625, 1.5, 5.34375, 4.015625, 2.3203125, 1.0498046875, 0.3515625, 4.48828125, 1.87890625, 0.00927734375, 0.090087890625, 1.1298828125, 3.78125, 0.1822509765625, 7.9140625, 3.0390625, 6.00390625, 2.162109375, 0.0297393798828125, 0.053741455078125, 0.578125, 5.06640625, 0.07373046875, 2.484375, 7.0078125, 0.0007123947143554688, 0.8994140625, 2.015625, 0.41015625, 0.156982421875, 0.5546875, 7.921875, 0.043609619140625, 4.0703125, 3.009765625, 0.60302734375, 3.076171875, 0.4697265625, 8.8515625, 8.1171875, 0.006076812744140625, 6.89453125, 3.24609375, 1.5634765625, 0.026580810546875, 0.025421142578125, 3.060546875, 1.8388671875, 0.000621795654296875, 4.4296875, 0.9267578125, 0.135498046875, 0.408935546875, 0.1943359375, 8.515625, 2.1796875, 2.689453125, 0.56591796875, 0.006622314453125, 0.051361083984375, 1.20703125, 3.7578125, 3.27734375, 4.234375, 4.9140625, 6.75, 1.3017578125, 2.314453125, 1.37109375, 8.3671875, 7.25, 5.375, 3.21875, 4.40234375, 2.76953125, 3.255859375, 0.0218963623046875, 7.93359375, 4.94140625, 8.4453125, 0.5791015625, 2.103515625, 2.755859375, 8.4609375, 3.7421875, 3.75390625, 2.912109375, 3.283203125, 4.265625, 4.0625, 3.87109375, 4.2890625, 0.01157379150390625, 1.6455078125, 2.423828125, 2.640625, 0.480712890625, 5.359375, 0.78173828125, 1.087890625, 7.87109375, 0.470703125, 0.48974609375, 6.6171875, 0.12432861328125, 0.1641845703125, 7.359375, 0.1082763671875, 4.23828125, 1.6845703125, 0.2069091796875, 7.36328125, 5.6015625, 0.72314453125, 0.0897216796875, 0.166748046875, 3.7109375, 6.64453125, 4.4453125, 4.94140625, 0.05572509765625, 1.9453125, 0.5380859375, 3.48046875, 3.4609375, 5.05859375, 8.5078125, 0.5302734375, 12.2578125, 0.0113677978515625, 2.07421875, 6.48046875, 0.70654296875, 8.578125, 3.580078125, 8.3046875, 0.051544189453125, 5.04296875, 2.576171875, 5.42578125, 0.81005859375, 0.2076416015625, 3.060546875, 0.0008516311645507812, 0.0249786376953125, 0.1951904296875, 1.2880859375, 6.6015625, 0.1766357421875, 3.853515625, 10.65625, 3.35546875, 5.89453125, 0.291259765625, 0.4189453125, 1.3544921875, 6.296875, 1.1728515625, 4.95703125, 4.37109375, 2.0234375, 5.33203125, 2.1015625, 3.39453125, 0.013519287109375, 0.0863037109375, 0.5185546875, 0.0020542144775390625, 0.60595703125, 8.4140625, 2.513671875, 5.421875, 0.8984375, 0.01526641845703125, 2.50390625, 2.099609375, 0.00023126602172851562, 1.4755859375, 0.2484130859375, 0.00508880615234375, 0.03729248046875, 5.56640625, 0.9453125, 0.38134765625, 1.619140625, 3.748046875, 0.1483154296875, 0.01219940185546875, 1.365234375, 5.44921875, 3.068359375, 3.54296875, 3.978515625, 0.3935546875, 4.80078125, 3.9921875, 3.693359375, 2.470703125, 0.00021195411682128906, 0.2056884765625, 0.1553955078125, 5.3125, 1.673828125, 5.26171875, 3.4140625, 0.010498046875, 4.4765625, 3.822265625, 4.7734375, 0.227294921875, 0.0804443359375, 3.89453125, 0.2490234375, 0.13720703125, 1.9951171875, 3.65625, 2.564453125, 0.9521484375, 0.01641845703125, 1.6552734375, 0.00809478759765625, 0.0016937255859375, 0.09991455078125, 1.6025390625, 6.38671875, 0.08941650390625, 3.064453125, 0.916015625, 2.759765625, 4.06640625]",-0.7172279206406711
20,1,test,2.7586172389000962,1.1096585012911884,1.5624645174950669,4.450365932369216,1.7901673059504257,2.520660989550053,15.778010637960323,10.576449821250172,12.470642590031582,25.4540282115161,17.062559932624588,20.11838473087968,2.688785837523302,0.9355221868418613,1.387259112728631,3.9540968198872086,1.3757679218262666,2.0400869304832807,14.7138001265762,8.940385756924703,11.038897174217507,21.637941362612057,13.147626113124565,16.233672315025746,2.7586172389000962,1.1096585012911884,1.5624645174950669,4.450365932369216,1.7901673059504257,2.520660989550053,15.778010637960323,10.576449821250172,12.470642590031582,25.4540282115161,17.062559932624588,20.11838473087968,0.592964824120603,0.002964824120602949,-0.012035175879396953,0.4773869346733668,0.007386934673366818,-0.0026130653266331905,0.36180904522613067,-0.013190954773869334,-0.0031909547738693256,0.415807560137457,0.09162231142390642,0.14609327442317133,0.42068965517241375,0.39698492462311563,0.08370171660306547,0.1165174788802108,0.398989898989899,0.415807560137457,0.09162231142390642,0.14609327442317133,0.42068965517241375,20.0,9.0,8.0,33.0,11.0,10.0,38.0,9.0,7.0,9.874662543228412e-06,-1.8210504939460653e-05,-0.00010595540680389089,-0.00032884314767755995,0.00013463403094249315,-1.2269317609892028e-05,"[2.859375, 1.2138671875, 0.2264404296875, 0.32666015625, 0.0012578964233398438, 1.1240234375, 0.007511138916015625, 0.03033447265625, 6.890625, 0.07122802734375, 0.4677734375, 1.0322265625, 5.484375, 2.388671875, 0.004535675048828125, 3.03515625, 8.515625, 0.136962890625, 5.2421875, 6.0078125, 0.0850830078125, 4.71484375, 6.9609375, 7.34375, 6.8828125, 4.015625, 1.3662109375, 4.93359375, 0.006923675537109375, 0.95263671875, 3.037109375, 0.09515380859375, 0.0640869140625, 0.5556640625, 0.0020847320556640625, 2.173828125, 1.640625, 0.435546875, 1.142578125, 1.01171875, 6.31640625, 5.37890625, 1.009765625, 3.037109375, 5.95703125, 0.0430908203125, 9.0546875, 0.014068603515625, 8.8359375, 0.0269927978515625, 4.80859375, 1.1083984375, 4.19921875, 0.0989990234375, 2.04296875, 5.15234375, 0.0723876953125, 4.19921875, 8.1484375, 4.48828125, 0.62060546875, 0.599609375, 6.2734375, 2.578125, 0.035430908203125, 5.13671875, 1.3955078125, 5.28125, 2.87890625, 0.97314453125, 0.422607421875, 1.2763671875, 2.328125, 3.287109375, 5.65625, 1.66015625, 7.07421875, 1.6328125, 2.162109375, 2.01171875, 3.234375, 1.4697265625, 8.90625, 0.56591796875, 1.1884765625, 0.000682830810546875, 0.497802734375, 3.37109375, 2.7060508728027344e-05, 0.43212890625, 0.37158203125, 8.1171875, 0.298828125, 0.034881591796875, 5.26953125, 4.20703125, 0.107421875, 6.55078125, 5.16796875, 7.8984375, 3.65234375, 3.58203125, 2.58203125, 5.22265625, 7.66015625, 2.015625, 6.81640625, 5.203125, 0.685546875, 3.58984375, 4.2109375, 3.923828125, 0.82373046875, 0.5615234375, 8.237361907958984e-05, 0.454833984375, 0.13916015625, 9.5546875, 0.669921875, 5.6171875, 0.1207275390625, 2.71484375, 0.30322265625, 0.000705718994140625, 0.1357421875, 2.447265625, 4.05078125, 1.640625, 0.0318603515625, 0.00235748291015625, 0.033477783203125, 0.0498046875, 0.1783447265625, 2.30078125, 7.74609375, 0.326416015625, 0.041961669921875, 0.0034618377685546875, 0.0011014938354492188, 0.130859375, 0.046630859375, 3.859375, 9.484375, 2.31640625, 7.6484375, 2.85546875, 0.71826171875, 4.36328125, 0.85595703125, 1.3583984375, 7.7109375, 0.58642578125, 5.32421875, 0.001129150390625, 0.01099395751953125, 0.48486328125, 1.0322265625, 1.0609626770019531e-05, 1.931640625, 2.529296875, 0.002201080322265625, 6.318092346191406e-06, 2.314453125, 0.473388671875, 1.5283203125, 0.0001226663589477539, 5.12890625, 3.2578125, 1.9501953125, 7.578125, 8.8671875, 8.75, 1.357421875, 2.8671875, 2.806640625, 4.14453125, 2.900390625, 0.654296875, 2.501953125, 6.296875, 8.0625, 0.70556640625, 0.88232421875, 2.9765625, 0.01177215576171875, 12.09375, 6.31640625, 0.89111328125, 0.00020813941955566406, 3.576171875, 1.4638671875, 0.0004489421844482422, 2.1457672119140625e-06, 0.64306640625, 3.400390625, 0.0003046989440917969, 5.2734375, 0.1998291015625, 5.67578125, 3.3359375, 0.1605224609375, 6.9453125, 3.158203125, 0.38134765625, 2.53515625, 5.10546875, 6.3515625, 0.169921875, 0.06549072265625, 1.982421875, 0.00057220458984375, 0.0251617431640625, 1.0859375, 0.7734375, 4.6484375, 4.19140625, 6.1640625, 5.75, 6.51953125, 0.40771484375, 0.7236328125, 5.054473876953125e-05, 4.6015625, 2.0390625, 2.798828125, 2.294921875, 1.369140625, 8.2890625, 0.767578125, 7.10546875, 2.189453125, 1.9228515625, 2.525390625, 8.0078125, 6.40625, 4.40234375, 1.0693359375, 1.1801719665527344e-05, 2.2421875, 1.955078125, 9.918212890625e-05, 3.64453125, 0.37158203125, 2.853515625, 6.21484375, 0.07769775390625, 6.3515625, 3.75390625, 3.95703125, 4.2109375, 0.0750732421875, 1.5703125, 2.923828125, 0.07232666015625, 3.7421875, 4.484375, 3.296875, 3.369140625, 2.365234375, 5.16015625, 2.15234375, 6.90234375, 2.7109375, 1.7626953125, 4.58203125, 0.0755615234375, 8.7890625, 1.6875, 0.164306640625, 2.2734375, 4.33203125, 0.591796875, 1.1920928955078125e-05, 1.6767578125, 0.603515625, 1.69921875, 0.0001475811004638672, 6.42578125, 0.7939453125, 1.9970703125, 0.912109375, 8.8046875, 0.94091796875, 0.15380859375, 4.5390625, 0.509765625, 2.572265625, 3.30859375, 4.59765625, 8.2421875, 4.640625]",-0.7680350972205092
293,1,test,3.2769710511205066,1.334998674319698,1.7396738879290776,6.226244997128963,2.536497481207426,3.305380387065248,26.49539783006906,19.522908035840214,21.843398162524178,50.34125587713122,37.093525268096414,41.502456508795945,3.355004705975403,1.3537653001378303,1.9463066596286656,5.591674509959005,2.256275500229717,3.2438444327144422,28.64573899653254,21.247519180729682,24.555112866576543,47.74289832755424,35.412531967882806,40.92518811096091,3.2521137457627516,1.3528452529303447,1.9130931275531673,5.7729829806439374,2.4015004489887777,3.3960233033488176,25.844911794131203,19.163906343174126,22.029606759436952,45.87854164638675,34.01876865652211,39.10581081556855,0.6633165829145728,-0.0016834170854271857,-0.0016834170854271857,0.542713567839196,0.012713567839195972,0.0027135678391959628,0.4723618090452262,0.002361809045226204,0.017361809045226217,0.4221635883905013,0.10200548562370282,0.13672859327808684,0.3941798941798942,0.44221105527638194,0.14145917557713383,0.1767686512697041,0.38383838383838387,0.43143812709030105,0.12425949603854813,0.18004769327495063,0.3926174496644296,23.0,14.0,14.0,35.0,22.0,22.0,45.0,24.0,24.0,0.0011810844256494645,2.0704504013428094e-05,0.00035458725837558645,0.00019112094891227116,-0.00020623617343673573,7.15412892633438e-05,"[1.88671875, 5.3046875, 0.005107879638671875, 0.057769775390625, 11.7578125, 11.9375, 4.49609375, 1.6494140625, 9.3671875, 3.650390625, 0.6416015625, 7.2578125, 1.201171875, 4.08203125, 1.2587890625, 5.96484375, 2.25390625, 6.8828125, 1.396484375, 8.328125, 7.0, 8.3671875, 3.927734375, 1.00390625, 0.422119140625, 2.306640625, 10.40625, 8.2890625, 1.2919921875, 1.0107421875, 3.56640625, 3.107421875, 0.90576171875, 0.81640625, 8.7890625, 5.32421875, 5.7421875, 8.6171875, 9.3984375, 4.69921875, 1.8037109375, 0.044158935546875, 8.078125, 8.375, 3.640625, 2.1484375, 3.525390625, 1.7041015625, 4.5078125, 5.34375, 9.2109375, 1.5322265625, 4.6171875, 5.71875, 4.87890625, 1.9462890625, 2.220703125, 2.541015625, 0.218505859375, 4.97265625, 2.5703125, 4.578125, 2.95703125, 0.73828125, 7.8125, 0.0015354156494140625, 1.8505859375, 0.0193939208984375, 0.22265625, 0.2403564453125, 2.01171875, 6.6640625, 0.1805419921875, 5.23828125, 10.3515625, 0.233154296875, 0.1357421875, 0.529296875, 0.0902099609375, 2.380859375, 1.7060546875, 4.828125, 4.1796875, 0.0127716064453125, 9.25, 3.052734375, 7.8671875, 0.37841796875, 5.94140625, 0.319580078125, 6.32421875, 0.299560546875, 6.73828125, 0.91259765625, 5.06640625, 0.3310546875, 6.1328125, 1.4619140625, 3.13671875, 5.83984375, 0.0011806488037109375, 0.213623046875, 0.32177734375, 4.04296875, 8.5859375, 8.6640625, 0.02349853515625, 12.4296875, 7.19921875, 4.66015625, 2.990234375, 3.47265625, 1.572265625, 13.8515625, 6.18359375, 3.201171875, 0.0086669921875, 0.194580078125, 0.2103271484375, 3.787109375, 0.0009870529174804688, 0.2578125, 0.0303497314453125, 4.26953125, 7.7890625, 5.765625, 0.0036983489990234375, 0.003139495849609375, 0.1282958984375, 0.263916015625, 0.0005168914794921875, 0.5400390625, 0.03302001953125, 7.26953125, 2.359375, 5.30078125, 7.34765625, 3.818359375, 0.1396484375, 1.361328125, 1.5634765625, 2.923828125, 0.5166015625, 1.1015625, 3.14453125, 0.003204345703125, 0.0027904510498046875, 0.139404296875, 0.2783203125, 5.984375, 4.03125, 0.365966796875, 0.70654296875, 0.373779296875, 0.591796875, 3.37109375, 0.251953125, 1.5712890625, 7.78515625, 3.162109375, 7.5546875, 6.2890625, 1.736328125, 0.278076171875, 6.7109375, 6.55078125, 1.0478515625, 7.0859375, 0.1717529296875, 0.072265625, 0.80517578125, 0.0190582275390625, 3.69140625, 6.75390625, 6.65625, 8.4140625, 3.48828125, 6.8359375, 5.25390625, 1.53125, 0.001605987548828125, 0.0004241466522216797, 0.0751953125, 1.8447265625, 1.6337890625, 1.1162109375, 4.08984375, 7.25390625, 2.1484375, 2.251953125, 6.59375, 1.84375, 0.11639404296875, 0.290771484375, 0.017547607421875, 0.00809478759765625, 0.050872802734375, 0.0328369140625, 6.49609375, 7.462501525878906e-05, 0.43310546875, 0.052520751953125, 4.04296875, 11.984375, 1.041015625, 0.07330322265625, 8.3828125, 1.1884765625, 0.197265625, 3.039836883544922e-05, 2.384185791015625e-06, 8.726119995117188e-05, 2.276897430419922e-05, 0.085693359375, 1.0185546875, 6.74609375, 0.10467529296875, 2.84375, 6.3984375, 0.693359375, 2.67578125, 0.76171875, 7.875, 4.18359375, 4.09375, 0.86962890625, 4.4296875, 2.419921875, 0.228759765625, 7.60546875, 2.716796875, 2.005859375, 6.265625, 6.5703125, 6.3984375, 0.00017750263214111328, 0.3876953125, 0.02587890625, 7.48046875, 7.734375, 1.87890625, 1.0595703125, 7.35546875, 0.06866455078125, 5.09765625, 8.2109375, 1.78515625, 3.947265625, 6.1015625, 0.646484375, 9.6640625, 6.91015625, 9.0390625, 0.6162109375, 6.83984375, 0.0008091926574707031, 0.277099609375, 4.078125, 6.699562072753906e-05, 0.022369384765625, 0.0408935546875, 5.33984375, 2.27734375, 8.0546875, 6.01171875, 0.328857421875, 1.51953125, 1.4619140625, 3.869140625, 5.40625, 6.015625, 0.408203125, 1.7451171875, 5.44140625, 2.197265625, 0.8779296875, 6.48046875, 1.5869140625, 5.2890625, 0.576171875, 6.5703125, 3.560546875, 0.0004901885986328125, 0.8349609375, 0.03973388671875, 1.9111328125, 7.2890625, 9.1328125, 0.1329345703125, 4.0546875, 1.6962890625, 0.181396484375, 2.58984375, 3.46484375, 0.0174102783203125, 0.7041015625, 7.703125, 0.8837890625, 8.109375, 0.462158203125, 5.8515625, 0.1361083984375, 6.83203125, 0.0249786376953125, 4.8046875, 2.6015625, 0.0008473396301269531, 0.11968994140625, 0.06982421875, 8.640625, 1.1982421875, 3.4140625, 5.91796875, 4.82421875, 0.49169921875, 4.83203125, 1.75, 0.054840087890625, 6.34375, 2.90625, 2.005859375, 10.7578125, 7.8828125, 0.458740234375, 5.64453125, 1.0693359375, 2.611328125, 4.7265625, 0.06658935546875, 1.57421875, 6.05859375, 2.75, 3.04296875, 1.5517578125, 8.9765625, 5.19921875, 3.703125, 2.283203125, 7.0859375, 7.6015625, 2.09765625, 0.486328125, 6.0, 4.05078125, 2.216796875, 2.5078125, 3.66796875, 6.3671875, 5.671875, 0.66455078125, 8.4375, 6.7421875, 2.49609375, 0.22216796875, 0.2176513671875, 2.1171875, 0.99658203125, 0.0008454322814941406, 3.1015625, 2.181640625, 7.963180541992188e-05, 0.01300811767578125, 0.06982421875, 1.7939453125, 0.0004105567932128906, 7.87890625, 1.0546875, 2.5703125, 3.013671875, 4.62109375, 6.07421875, 5.29296875, 1.2099609375, 3.6484375, 2.306640625, 2.564453125, 8.3359375, 0.053619384765625, 0.51220703125]",-0.6667249709131848
252,1,test,2.8288591627214776,1.1275702468313442,1.5821515380499742,4.782491181175537,1.9062789808308915,2.6747976278634926,16.92613983427915,11.445132435877007,13.447269499405321,28.61546292425094,19.349229421979913,22.734057827723912,2.75127864902343,1.0090036873487085,1.4451277558853022,4.168604013671863,1.5287934656798612,2.189587508917124,15.662646113030998,9.952326698078522,11.970710440041746,23.731281989440905,15.079282875876547,18.13744006066931,2.82383847196764,1.1338866865488955,1.5907803978078374,4.732690176482078,1.9003687484059695,2.666112398560621,16.841371895382956,11.422152481945485,13.409663971776853,28.22576295315579,19.14327231610975,22.474297159402546,0.6381909547738693,-0.011809045226130688,-0.006809045226130683,0.5025125628140703,0.002512562814070307,0.007512562814070312,0.35678391959798994,-0.023216080402010064,-0.04321608040201008,0.4098360655737705,0.09232379061468698,0.1393889554320039,0.45065789473684215,0.39698492462311563,0.07868918527474467,0.1181869279620138,0.43939393939393945,0.40802675585284276,0.09917867571928685,0.12882764573048455,0.4395973154362416,20.0,6.0,6.0,28.0,2.0,2.0,39.0,6.0,5.0,-0.0007957457123991016,-0.0003404490024025041,-9.816403446455058e-05,0.0004833415140721442,8.040468024717029e-05,-6.13331151724239e-05,"[2.88671875, 1.2119140625, 0.349609375, 0.021087646484375, 0.0001302957534790039, 1.0205078125, 0.00885009765625, 0.0287628173828125, 5.625, 5.34765625, 1.123046875, 0.251953125, 1.34375, 0.398681640625, 0.150634765625, 0.268798828125, 0.98974609375, 4.17578125, 2.787109375, 2.279296875, 0.9921875, 0.02740478515625, 4.87890625, 3.390625, 4.171875, 6.9140625, 0.9658203125, 7.50390625, 1.43359375, 1.67578125, 2.509765625, 1.4677734375, 5.14453125, 1.1572265625, 3.02734375, 3.0234375, 0.051177978515625, 1.32421875, 1.9375, 2.32421875, 4.44140625, 0.1322021484375, 2.7265625, 0.0241241455078125, 7.41796875, 0.005512237548828125, 10.3828125, 1.6591796875, 4.00390625, 2.18359375, 3.01953125, 0.09625244140625, 3.8359375, 0.0006227493286132812, 0.168212890625, 0.9287109375, 4.42578125, 4.6171875, 6.34765625, 3.693359375, 4.44140625, 1.8349609375, 3.0234375, 4.75390625, 0.06610107421875, 1.482421875, 0.00601959228515625, 0.2313232421875, 7.34765625, 0.085205078125, 0.05194091796875, 6.55859375, 1.5341796875, 1.119140625, 5.18359375, 2.525390625, 2.38671875, 0.00033593177795410156, 0.20703125, 2.58203125, 0.00016999244689941406, 0.07965087890625, 0.302001953125, 8.484375, 3.578125, 1.732421875, 8.453125, 7.23046875, 0.7041015625, 1.427734375, 4.24609375, 0.052978515625, 2.181640625, 2.95703125, 0.369384765625, 0.07379150390625, 4.31640625, 3.58203125, 0.6435546875, 0.03204345703125, 0.0231170654296875, 1.3212890625, 2.140625, 2.349609375, 7.28125, 2.234375, 4.46484375, 1.9658203125, 3.783203125, 7.66015625, 0.34521484375, 2.55078125, 5.97265625, 6.80078125, 6.703125, 3.123046875, 2.744140625, 4.20703125, 6.53515625, 6.71484375, 0.0011968612670898438, 0.6025390625, 8.0078125, 0.861328125, 5.91015625, 1.8330078125, 4.66015625, 0.390869140625, 0.01776123046875, 4.8828125, 0.546875, 4.44921875, 1.8125, 0.00800323486328125, 2.5234375, 1.041015625, 2.521484375, 3.333984375, 7.55859375, 1.28125, 8.404254913330078e-05, 0.1341552734375, 1.642578125, 0.00020635128021240234, 0.07275390625, 0.234375, 6.7890625, 0.45458984375, 0.1851806640625, 3.89453125, 6.015625, 7.13671875, 3.697265625, 6.49609375, 0.94384765625, 6.2265625, 0.267578125, 0.00677490234375, 13.390625, 2.828125, 6.079673767089844e-06, 0.09112548828125, 1.0, 9.671875, 0.77392578125, 3.0234375, 1.1920928955078125e-07, 0.05914306640625, 0.46435546875, 1.833984375, 7.90625, 6.734375, 0.015869140625, 0.401611328125, 9.179115295410156e-06, 0.036712646484375, 1.267578125, 3.318359375, 5.28515625, 3.544921875, 4.78125, 8.6796875, 0.310546875, 5.89453125, 3.201171875, 0.00360870361328125, 2.056640625, 9.6171875, 5.5078125, 1.185546875, 7.95703125, 0.0031719207763671875, 9.421875, 0.224609375, 2.330078125, 1.69921875, 2.91796875, 1.4951171875, 3.46484375, 8.7890625, 0.317626953125, 2.814453125, 3.232421875, 0.1292724609375, 0.7392578125, 1.6171875, 0.09210205078125, 0.053497314453125, 0.373779296875, 0.7998046875, 6.4921875, 2.783203125, 1.6943359375, 1.1376953125, 0.5244140625, 0.00045800209045410156, 0.31640625, 0.264404296875, 1.744140625, 7.367134094238281e-05, 2.48828125, 4.55859375, 3.794921875, 2.162109375, 0.4619140625, 8.15625, 0.24462890625, 5.7109375, 7.93359375, 0.0279998779296875, 0.703125, 0.12188720703125, 4.00390625, 1.765625, 3.2578125, 1.0302734375, 4.77734375, 3.474609375, 0.0010614395141601562, 0.2244873046875, 0.12115478515625, 9.328125, 0.00807952880859375, 0.52490234375, 0.005237579345703125, 0.0004277229309082031, 0.1256103515625, 5.6640625, 11.0390625, 0.007293701171875, 9.515625, 5.1484375, 0.1363525390625, 0.225341796875, 2.162109375, 2.603515625, 3.224609375, 4.39453125, 0.1650390625, 7.140625, 3.193359375, 4.89453125, 8.015625, 7.0078125, 1.43359375, 1.5966796875, 4.08984375, 3.08203125, 6.6171875, 1.541015625, 0.075927734375, 3.90234375, 1.0693359375, 1.435546875, 5.8359375, 2.48828125, 3.1640625, 0.46630859375, 2.1328125, 3.77734375, 0.701171875, 8.203125, 5.73046875, 8.4609375, 1.86328125, 7.56640625, 3.248046875, 1.193359375, 8.46875, 0.8115234375, 5.87890625, 0.008941650390625, 0.470458984375, 3.921875, 5.8125, 0.478759765625, 5.734375, 6.15234375, 1.7314453125, 2.61328125, 7.3671875, 2.95703125, 5.9609375, 0.1414794921875, 3.21875]",-0.6853830095197333
289,1,test,2.9542730511451256,1.2228891107500819,1.7056247909593476,5.55102261202428,2.297785271791555,3.2048363906560984,19.187769121880876,13.539303480414578,15.702141012617997,36.05345153474432,25.440092526893633,29.504022921798146,2.973718793547932,1.118177554415698,1.6000150046755919,5.0832799889708244,1.911414622932817,2.735068384060841,19.56454096911585,13.16938234491996,15.614587539502043,33.443659776266415,22.51176469217088,26.691602631627426,2.9542730511451256,1.2228891107500819,1.7056247909593476,5.55102261202428,2.297785271791555,3.2048363906560984,19.187769121880876,13.539303480414578,15.702141012617997,36.05345153474432,25.440092526893633,29.504022921798146,0.6884422110552764,0.008442211055276427,0.008442211055276427,0.5276381909547738,0.01263819095477381,0.01263819095477381,0.3869346733668342,-0.008065326633165837,-0.018065326633165846,0.4319727891156463,0.09863945578231292,0.1507936507936508,0.41979522184300344,0.3919597989949749,0.057788944723618174,0.0938023450586265,0.3787878787878788,0.4319727891156463,0.09863945578231292,0.1507936507936508,0.41979522184300344,22.0,6.0,5.0,32.0,6.0,6.0,41.0,7.0,7.0,0.0005175573691679001,0.00020815919383445356,-3.114476954379837e-05,-0.0003496329132595122,0.00012301345579235345,-2.278298851532412e-05,"[7.03125, 1.359375, 4.2265625, 0.14892578125, 0.034088134765625, 0.00040793418884277344, 1.1318359375, 0.0015764236450195312, 0.007686614990234375, 4.90234375, 5.73828125, 2.6015625, 10.5078125, 1.892578125, 7.46484375, 2.875, 0.251953125, 5.5, 3.837890625, 1.7548828125, 3.12890625, 8.2578125, 10.40625, 0.08709716796875, 2.119140625, 5.59765625, 3.966796875, 1.2431640625, 3.845703125, 3.373046875, 6.03515625, 2.009765625, 0.4814453125, 6.66796875, 1.1396484375, 1.8857421875, 12.3125, 0.0709228515625, 4.3203125, 0.245849609375, 1.00390625, 1.5810546875, 4.83984375, 1.6435546875, 7.15234375, 0.0673828125, 0.0209197998046875, 8.5234375, 0.2724609375, 8.5546875, 0.71142578125, 3.353515625, 0.9208984375, 0.6826171875, 2.072265625, 4.8046875, 8.53125, 4.94140625, 2.677734375, 8.984375, 6.91015625, 4.1640625, 0.88671875, 3.767578125, 3.6875, 4.70703125, 3.8671875, 0.04150390625, 0.65625, 1.796875, 9.984375, 3.9609375, 1.7216796875, 4.40234375, 2.392578125, 0.92626953125, 2.328125, 0.037261962890625, 0.90966796875, 9.9609375, 0.88671875, 1.263671875, 2.849609375, 1.62109375, 0.94921875, 2.4765625, 0.427490234375, 1.23828125, 1.2568359375, 2.8359375, 2.912109375, 0.000675201416015625, 2.029296875, 6.65625, 5.20703125, 7.2890625, 0.7109375, 6.12109375, 7.3828125, 4.765625, 2.75390625, 0.356689453125, 3.7734375, 1.833984375, 2.2734375, 2.966796875, 5.4296875, 3.880859375, 1.6171875, 0.76123046875, 0.00019884109497070312, 3.609375, 0.34912109375, 0.1318359375, 4.4765625, 2.451171875, 0.259765625, 7.1171875, 0.59814453125, 0.3056640625, 0.063232421875, 2.50390625, 0.15087890625, 0.137939453125, 0.134033203125, 2.944469451904297e-05, 3.73046875, 0.00014102458953857422, 9.47713851928711e-05, 4.625, 0.49560546875, 3.12109375, 5.67578125, 0.0635986328125, 0.56591796875, 0.275634765625, 1.9521484375, 8.6953125, 3.35546875, 4.3515625, 1.9599609375, 5.31640625, 0.9248046875, 0.958984375, 0.7412109375, 8.4453125, 1.203125, 1.08203125, 1.5830078125, 0.0953369140625, 0.285888671875, 3.20703125, 0.00017130374908447266, 0.38623046875, 1.6279296875, 4.96484375, 2.193359375, 4.46875, 0.414306640625, 1.3330078125, 2.29296875, 0.693359375, 0.6826171875, 2.369140625, 0.242919921875, 7.19921875, 2.296875, 1.712890625, 5.5078125, 8.8359375, 1.4921875, 7.26171875, 3.212890625, 2.7109375, 1.29296875, 0.0001291036605834961, 0.94091796875, 3.75, 4.3511390686035156e-05, 0.03729248046875, 0.4228515625, 7.94140625, 0.11053466796875, 0.1578369140625, 2.177734375, 1.3994140625, 6.62890625, 8.5234375, 3.529296875, 3.3671875, 4.0703125, 7.8828125, 0.03985595703125, 5.14453125, 2.4453125, 2.826171875, 9.5, 2.251953125, 4.01171875, 2.025390625, 0.537109375, 5.91015625, 4.01953125, 0.2384033203125, 4.90234375, 4.66796875, 3.181640625, 3.833984375, 4.9921875, 4.203125, 1.0341796875, 1.111328125, 0.8349609375, 3.419921875, 5.8671875, 0.0173797607421875, 0.3427734375, 1.8193359375, 5.0390625, 0.37646484375, 6.86328125, 8.0078125, 5.8125, 2.076171875, 3.1015625, 0.83251953125, 4.8359375, 0.018157958984375, 0.1280517578125, 0.0401611328125, 3.591796875, 5.3203125, 1.64453125, 4.00390625, 1.4111328125, 9.3984375, 0.92578125, 1.802734375, 7.07421875, 5.5703125, 5.49609375, 5.78125, 0.3857421875, 8.734375, 3.30859375, 0.317138671875, 6.4765625, 5.4453125, 6.32421875, 0.1888427734375, 6.55859375, 0.470703125, 0.15673828125, 0.04931640625, 1.5439453125, 8.1015625, 5.359375, 9.4453125, 3.201171875, 1.419921875, 4.046875, 3.033203125, 3.35546875, 0.0007348060607910156, 0.01094818115234375, 2.38671875, 0.253662109375, 3.181640625, 6.95703125, 0.0131988525390625, 5.50390625, 1.3466796875, 1.58984375, 5.2265625, 0.3212890625, 6.127357482910156e-05, 0.5361328125, 1.7587890625, 0.002971649169921875, 0.1829833984375, 0.46142578125, 4.3828125, 4.6171875, 0.0238037109375, 4.82421875, 5.8671875, 3.2578125, 0.00836181640625, 4.12890625, 3.556640625, 0.0050201416015625, 1.044921875, 0.274169921875, 0.003826141357421875]",-0.4679405032371986
4,1,test,2.995251893020067,1.2897210220347002,1.7378054369713383,5.112825324364486,2.201523791101093,2.966393466830145,19.990394696606618,14.486087728016624,16.473964043824886,34.123138854207575,24.727414865963258,28.1206735073662,3.414097364823423,1.406600111548864,1.991073898547614,4.709099813549549,1.9401380848949845,2.746308825582916,30.38950640642909,22.94484449750541,26.239858593546387,41.91656056059185,31.64806137586953,36.19290840489157,3.098147026272522,1.367035911343883,1.8970312466026722,4.970289346961265,2.1931057401238765,3.0433656362609716,22.156857145848186,16.50993233945591,18.83303363666537,35.545760127029176,26.486522469715368,30.213422946521987,0.6984924623115578,-0.0015075376884421399,0.008492462311557869,0.5376884422110553,-0.017311557788944665,-0.0023115577889447625,0.4371859296482412,0.007185929648241163,0.012185929648241167,0.3879781420765027,0.09329874234935398,0.13284617726711856,0.33698630136986296,0.40703517587939697,0.09375196785934681,0.15661781360894622,0.3535353535353535,0.3812709030100334,0.0724228228764775,0.1421162867697664,0.32885906040268453,19.0,10.0,10.0,30.0,18.0,18.0,37.0,19.0,19.0,0.0010484134829275244,-1.7651333543493715e-05,0.0004272607325054169,-0.03959946870939479,-0.0487834636662674,-0.04663603263395544,"[7.93359375, 10.40625, 4.88671875, 2.974609375, 6.953125, 2.79296875, 3.55078125, 3.43359375, 0.411865234375, 1.88671875, 1.5263671875, 2.837890625, 4.0078125, 3.482421875, 2.359375, 10.5234375, 5.109375, 3.966796875, 1.794921875, 5.9375, 2.294921875, 3.255859375, 2.798828125, 1.2578125, 1.1708984375, 8.625, 1.0546875, 6.1875, 0.08099365234375, 0.8857421875, 0.194580078125, 0.181396484375, 11.328125, 3.244140625, 1.5986328125, 7.6875, 6.08984375, 2.4375, 0.2498779296875, 1.2568359375, 9.2734375, 2.4609375, 5.65234375, 8.640625, 6.97265625, 11.4140625, 7.9609375, 9.6640625, 0.69873046875, 0.0830078125, 1.0830078125, 2.49609375, 8.3046875, 11.46875, 4.23828125, 13.015625, 5.71875, 0.544921875, 8.1640625, 7.22265625, 5.2265625, 4.2421875, 6.16796875, 7.31640625, 2.1015625, 9.125, 3.54296875, 0.947265625, 0.019195556640625, 4.96875, 0.107666015625, 0.167724609375, 1.095703125, 0.02069091796875, 1.2040138244628906e-05, 0.0037517547607421875, 0.0006928443908691406, 5.054473876953125e-05, 4.9609375, 5.578125, 1.900390625, 6.36328125, 4.953125, 0.9169921875, 0.460205078125, 6.26171875, 8.0859375, 0.01233673095703125, 0.763671875, 1.9365234375, 3.66015625, 0.040679931640625, 2.798828125, 10.203125, 1.5693359375, 1.173828125, 5.578125, 1.701171875, 2.361328125, 1.1318359375, 0.102294921875, 1.1484375, 6.515625, 0.08758544921875, 1.556640625, 10.640625, 0.434814453125, 4.1796875, 3.390625, 5.26171875, 7.69921875, 0.281005859375, 1.7919921875, 7.3671875, 1.55078125, 0.85400390625, 0.09619140625, 5.26953125, 5.33984375, 0.019775390625, 4.375, 5.296875, 0.0025157928466796875, 0.003383636474609375, 0.2861328125, 1.205078125, 5.890625, 2.37890625, 4.26953125, 10.0625, 0.49072265625, 0.2164306640625, 8.625, 0.18310546875, 2.66796875, 0.0982666015625, 0.06689453125, 1.3017578125, 10.8984375, 5.09765625, 3.03515625, 5.29296875, 6.12890625, 1.232421875, 1.1318359375, 6.76171875, 5.27734375, 9.0, 1.2041015625, 9.4140625, 1.4287109375, 1.7275390625, 0.57275390625, 1.8076171875, 1.8056640625, 2.236328125, 0.0006527900695800781, 0.00015854835510253906, 0.0012254714965820312, 0.00832366943359375, 7.867813110351562e-06, 0.0001633167266845703, 0.16357421875, 2.21484375, 0.0013284683227539062, 0.0026702880859375, 0.0027446746826171875, 0.00222015380859375, 3.5762786865234375e-07, 1.6808509826660156e-05, 1.046875, 0.08050537109375, 9.046875, 5.21484375, 0.1634521484375, 2.255859375, 1.32421875, 2.400390625, 4.65625, 3.330078125, 5.1484375, 16.140625, 4.6640625, 0.9560546875, 1.47265625, 5.28125, 6.16015625, 0.68359375, 1.0732421875, 3.146484375, 7.3515625, 2.892578125, 6.43359375, 2.52734375, 4.59765625, 1.2646484375, 4.8041343688964844e-05, 0.00019490718841552734, 0.0029163360595703125, 0.0016984939575195312, 2.86102294921875e-06, 1.3113021850585938e-06, 1.5869140625, 3.767578125, 9.119510650634766e-05, 4.184246063232422e-05, 0.0026760101318359375, 0.00027179718017578125, 5.960464477539062e-07, -0.0, 0.054290771484375, 0.298828125, 8.0703125, 5.16796875, 1.83203125, 1.2080078125, 2.171875, 1.7919921875, 4.50390625, 0.09283447265625, 3.66796875, 3.177734375, 2.24609375, 3.404296875, 2.2890625, 5.4453125, 4.2890625, 6.28515625, 0.202880859375, 1.892578125, 10.25, 0.85009765625, 2.044921875, 6.515625, 0.0114593505859375, 0.55615234375, 4.00390625, 0.11737060546875, 0.52392578125, 9.417533874511719e-06, 3.1113624572753906e-05, 0.0010166168212890625, 0.00066375732421875, 4.76837158203125e-07, 9.5367431640625e-07, 2.373046875, 0.591796875, 11.4375, 1.5615234375, 8.515625, 4.5625, 1.880859375, 4.0546875, 0.55126953125, 2.30859375, 0.1649169921875, 9.3125, 0.374755859375, 5.1796875, 0.07354736328125, 2.11328125, 7.67578125, 5.125, 0.875, 1.7607421875, 7.109375, 2.44140625, 1.7705078125, 13.4375, 1.578125, 0.0235443115234375, 0.86865234375, 4.33203125, 2.1328125, 6.55859375, 2.19921875, 0.392822265625, 0.06805419921875, 9.3125, 4.96484375, 2.455078125, 2.009765625, 1.6171875, 6.0546875, 0.02166748046875, 0.058380126953125, 0.00392913818359375, 3.18359375, 1.3193359375, 2.62109375, 1.982421875, 5.08984375, 0.477783203125, 7.748603820800781e-06, 2.8371810913085938e-05, 0.00040984153747558594, 0.0002543926239013672, 5.960464477539062e-07, 1.1920928955078125e-07, 0.1751708984375, 0.11749267578125, 7.5390625, 5.25, 0.35693359375, 3.904296875, 1.3193359375, 5.05078125, 4.01171875, 1.4296875, 4.60546875, 2.716796875, 0.42919921875, 4.8203125, 0.5888671875, 4.546875, 2.99609375, 0.6279296875, 6.67572021484375e-06, 6.115436553955078e-05, 0.00015783309936523438, 0.0005764961242675781, 8.344650268554688e-07, -0.0, 0.054931640625, 1.5859375, 0.00011038780212402344, 2.5033950805664062e-06, 0.000362396240234375, 0.00024175643920898438, 4.76837158203125e-07, -0.0, 0.0267333984375, 0.482177734375, 5.5703125, 0.0753173828125, 1.818359375, 6.6640625, 4.10546875, 3.25, 0.132568359375, 5.515625, 0.01517486572265625, 0.0303497314453125, 0.018341064453125, 8.0234375, 2.578125, 9.75, 5.14453125, 2.224609375, 0.826171875, 5.29296875, 10.6015625, 3.3828125, 3.259765625, 3.134765625, 1.56640625, 0.488525390625, 0.000331878662109375, 6.80859375, 5.921875, 12.8359375, 6.734375, 2.45703125, 1.2666015625, 1.9423828125, 1.3076171875]",-0.6106774816747573
475,1,test,3.2746883115824863,1.4870672263930163,2.037333339703376,5.388928823429431,2.447164027899187,3.3526990396089533,26.434984717800667,20.459763714166442,22.988499370441776,43.50223213269139,33.66922281117682,37.83058876980467,3.049635956634828,1.2175972063090013,1.753425359957968,4.17758350223949,1.6679413785054806,2.4019525478876274,21.107658920513156,14.861049959139354,17.452240386350248,28.914601260976927,20.35760268375254,23.907178611438695,3.2865225339812976,1.5099917660612763,2.0717313684055974,5.162077278504656,2.371714815803052,3.2540283273386352,26.74968062400737,20.840360610158925,23.3800903196192,42.015205168597966,32.7335506965847,36.72265495228147,0.6582914572864322,-0.0017085427135676845,0.008291457286432213,0.5226130653266332,-0.002386934673366814,-0.012386934673366712,0.42211055276381915,-0.0028894472361808976,0.007110552763819111,0.4171597633136095,0.10696773967993145,0.17700228299864884,0.4391691394658753,0.42211055276381915,0.11634614173625024,0.1650153941661564,0.4494949494949495,0.42140468227424754,0.11923439846790362,0.18002537192941992,0.46308724832214765,20.0,7.0,7.0,32.0,9.0,7.0,40.0,9.0,9.0,-0.0013067562721391906,-6.490616590294666e-05,-0.000349706290531276,-0.008053871084553244,-0.006340008356667148,-0.0073692621902701205,"[3.76953125, 0.0404052734375, 0.439208984375, 0.0208740234375, 0.0006074905395507812, 0.4072265625, 0.0201873779296875, 0.01070404052734375, 9.875, 9.9375, 9.0703125, 1.541015625, 6.1015625, 3.21875, 0.036346435546875, 6.42578125, 0.474853515625, 0.007564544677734375, 0.2362060546875, 1.10546875, 8.1953125, 2.39453125, 0.10113525390625, 0.364501953125, 1.576171875, 0.52392578125, 0.95068359375, 8.203125, 1.1552734375, 4.25390625, 12.6875, 3.439453125, 0.00783538818359375, 0.0003936290740966797, 0.74560546875, 4.41796875, 1.2333984375, 1.3349609375, 3.830078125, 1.8046875, 0.892578125, 1.328125, 0.0035552978515625, 0.13671875, 2.54296875, 5.0067901611328125e-06, 1.232421875, 0.1031494140625, 4.2890625, 5.45703125, 7.84375, 2.974609375, 5.55859375, 2.59375, 1.765625, 2.162109375, 5.8828125, 2.083984375, 0.405517578125, 3.626953125, 0.59423828125, 0.0760498046875, 0.3564453125, 2.34765625, 0.396240234375, 5.62109375, 2.818359375, 0.33984375, 3.068359375, 4.25, 2.12109375, 6.6171875, 3.685546875, 6.12890625, 8.3203125, 2.3359375, 4.63671875, 0.218505859375, 7.5625, 2.669921875, 6.2265625, 2.27734375, 6.109375, 2.8359375, 1.998046875, 0.46826171875, 0.0003981590270996094, 2.544921875, 0.462890625, 0.0030727386474609375, 2.2172927856445312e-05, 1.251953125, 1.4287109375, 0.0007314682006835938, 7.510185241699219e-06, 0.1744384765625, 1.9326171875, 2.753734588623047e-05, 1.953125, 0.1885986328125, 7.61328125, 1.4560546875, 1.248046875, 3.6953125, 1.384765625, 3.26953125, 4.796875, 0.0587158203125, 2.037109375, 0.0025997161865234375, 0.04156494140625, 2.9609375, 1.4921875, 4.12890625, 6.44921875, 0.145263671875, 2.28515625, 9.640625, 4.86328125, 0.492431640625, 5.2109375, 10.4921875, 4.66015625, 6.09765625, 5.21875, 14.4453125, 8.4765625, 1.0205078125, 6.80078125, 1.15625, 5.22265625, 0.3955078125, 0.0200958251953125, 0.10931396484375, 0.03875732421875, 0.0034046173095703125, 0.0001894235610961914, 0.0004892349243164062, 1.1324882507324219e-05, -0.0, 1.895427703857422e-05, 1.5497207641601562e-06, 9.059906005859375e-06, 1.9189453125, 2.595703125, 2.3828125, 8.1015625, 2.44921875, 0.249755859375, 5.03125, 9.1171875, 3.953125, 6.84765625, 3.455078125, 8.1484375, 5.30078125, 1.3359375, 7.375, 4.95703125, 1.83203125, 2.875, 0.2244873046875, 0.246826171875, 4.55078125, 3.87109375, 0.484130859375, 2.63671875, 7.7421875, 4.23046875, 3.8359375, 7.1953125, 0.0242767333984375, 5.296875, 3.859375, 5.125, 6.2578125, 0.0543212890625, 6.72265625, 6.17578125, 8.203125, 3.600120544433594e-05, 0.9287109375, 1.3134765625, 3.580078125, 6.5546875, 3.638671875, 7.140625, 3.501953125, 1.236328125, 1.0498046875, 0.0034637451171875, 0.0127716064453125, 8.6640625, 5.21875, 10.9375, 2.478515625, 5.45703125, 7.08984375, 0.281982421875, 0.51953125, 0.62158203125, 0.141845703125, 0.1390380859375, 3.271484375, 4.265625, 0.58447265625, 5.5078125, 1.224609375, 0.2337646484375, 6.359375, 0.39453125, 10.3203125, 2.640625, 1.1640625, 12.2734375, 2.2890625, 0.472900390625, 6.20703125, 0.296630859375, 0.30712890625, 0.4326171875, 7.15625, 4.859375, 11.4765625, 6.41015625, 3.369140625, 0.00484466552734375, 1.9072265625, 2.0703125, 9.40625, 5.4609375, 0.322509765625, 3.546875, 11.890625, 4.18359375, 2.98046875, 3.08984375, 8.2734375, 2.58203125, 3.708984375, 7.5078125, 4.0234375, 0.162109375, 4.05078125, 1.75, 5.265625, 0.06707763671875, 0.01047515869140625, 2.97265625, 9.1640625, 2.11328125, 8.2109375, 7.27734375, 2.94140625, 4.62890625, 9.2421875, 2.001953125, 6.421875, 1.6953125, 8.6875, 1.951171875, 6.51171875, 5.13671875, 2.833984375, 0.35400390625, 3.24609375, 1.4970703125, 3.634765625, 1.224609375, 0.609375, 5.29296875, 1.6728515625, 7.8515625, 2.5625, 3.4453125, 12.265625, 3.806640625, 4.328125, 6.41015625, 4.19140625, 5.7109375, 0.62646484375, 0.56640625, 0.13232421875, 4.953125, 10.734375, 3.650390625, 1.3310546875, 7.64453125, 1.7783203125, 6.80685043334961e-05, 0.92333984375, 2.458984375, 1.704692840576172e-05, 3.849609375, 0.09149169921875, 2.28125, 2.517578125, 0.381591796875, 1.83984375, 9.953125, 4.81640625, 2.234375, 3.8125, 4.22265625, 2.642578125, 0.0264129638671875, 0.00666046142578125, 2.859375, 0.97705078125, 0.57666015625, 3.919921875, 4.98828125, 0.0931396484375, 2.015625, 0.0105133056640625, 0.1358642578125, 2.154296875, 2.978515625, 4.88671875, 4.89453125, 1.755859375, 6.35546875, 2.37109375, 1.2666015625, 15.390625, 1.26171875, 1.8173828125, 2.14453125, 4.63671875, 0.405029296875, 5.44140625, 5.3671875, 4.46875, 2.634765625, 4.08203125, 6.46484375, 5.8671875]",-1.0397872247639492
95,1,test,2.712538808181479,1.1585912350150065,1.612365026352545,5.098886240695565,2.1778582075914996,3.0308380558652273,15.067480439480882,10.337374625063074,12.062792300702665,28.32304867421406,19.431647238251472,22.674995653852477,2.7570514373443835,1.0696805598274863,1.5240465341878928,4.376272122768863,1.6979056505198198,2.4191214828379253,15.753324736012795,10.348073795356655,12.321799274909164,25.00527735875047,16.425513960883578,19.55841154747486,2.712538808181479,1.1585912350150065,1.612365026352545,5.098886240695565,2.1778582075914996,3.0308380558652273,15.067480439480882,10.337374625063074,12.062792300702665,28.32304867421406,19.431647238251472,22.674995653852477,0.6532663316582914,0.003266331658291377,-0.006733668341708521,0.49246231155778897,0.01746231155778899,0.027462311557789,0.38190954773869346,-0.0030904522613065533,-0.013090452261306562,0.41891891891891897,0.11031858165079078,0.16835712116611,0.4101694915254237,0.4120603015075377,0.09627082782332719,0.13994010117364786,0.4040404040404041,0.41891891891891897,0.11031858165079078,0.16835712116611,0.4101694915254237,15.0,5.0,5.0,27.0,13.0,14.0,38.0,14.0,16.0,0.0003218783494139039,8.84707127443755e-05,8.859560245415925e-05,-0.00036349275698022154,0.0001152664056931485,-2.979210245257491e-05,"[1.783203125, 4.34765625, 0.00472259521484375, 0.0274505615234375, 1.2060546875, 10.34375, 0.079833984375, 4.2265625, 3.001953125, 6.484375, 3.064453125, 1.8701171875, 1.076171875, 3.642578125, 2.4921875, 2.220703125, 7.68359375, 0.52783203125, 1.763671875, 0.282958984375, 6.21875, 1.70703125, 1.6982421875, 4.32421875, 1.859375, 1.99609375, 6.7265625, 2.431640625, 0.215087890625, 0.07501220703125, 1.0166015625, 3.263671875, 1.978515625, 1.6123046875, 3.033203125, 1.04296875, 4.2890625, 6.99609375, 1.3046875, 0.351318359375, 0.364990234375, 0.83447265625, 7.25, 0.701171875, 5.23046875, 0.80126953125, 1.51171875, 3.640625, 1.240234375, 3.4921875, 2.802734375, 1.076171875, 0.68798828125, 5.46484375, 5.8515625, 1.76953125, 1.6357421875, 1.703125, 11.328125, 3.498046875, 1.0595703125, 0.29248046875, 6.01171875, 0.234130859375, 0.9931640625, 6.079673767089844e-06, 0.23193359375, 2.4140625, 2.8014183044433594e-05, 6.79296875, 0.228759765625, 5.69921875, 4.71875, 0.370849609375, 5.98046875, 3.177734375, 0.0191650390625, 0.0179901123046875, 0.0055389404296875, 5.80859375, 0.1773681640625, 5.91015625, 3.3203125, 13.140625, 0.1185302734375, 0.385498046875, 5.7109375, 0.316650390625, 7.53125, 6.45703125, 3.609375, 2.005859375, 6.171875, 6.8515625, 3.052734375, 4.4140625, 0.7314453125, 4.6875, 3.83203125, 0.16845703125, 3.529296875, 1.6435546875, 0.128173828125, 0.595703125, 3.6796875, 3.380859375, 1.7021484375, 0.60498046875, 0.256591796875, 0.1898193359375, 0.01016998291015625, 0.0535888671875, 0.44091796875, 8.2265625, 3.86328125, 3.94921875, 0.712890625, 6.16015625, 2.6328125, 3.71875, 6.36328125, 3.28125, 0.002056121826171875, 6.875, 6.25, 0.345947265625, 3.349781036376953e-05, 3.515625, 0.92236328125, 2.1219253540039062e-05, 2.630859375, 1.37890625, 1.0609626770019531e-05, 4.23046875, 1.4345703125, 5.364418029785156e-06, 0.63037109375, 2.439453125, 0.0012102127075195312, 2.107421875, 0.11749267578125, 1.76953125, 0.00055694580078125, 8.53125, 0.461181640625, 3.294921875, 4.66796875, 3.841796875, 7.1015625, 1.1181640625, 3.935546875, 7.80859375, 1.09765625, 6.515625, 0.0594482421875, 6.1875, 5.84765625, 0.0205078125, 0.25146484375, 0.005657196044921875, 2.765625, 0.2369384765625, 5.4375, 0.025115966796875, 10.5703125, 0.443603515625, 4.8125, 8.640625, 0.5703125, 0.03729248046875, 1.8505859375, 5.30859375, 0.044952392578125, 8.8828125, 3.99609375, 4.12109375, 0.006256103515625, 1.6171875, 0.68505859375, 4.7578125, 4.5, 3.203125, 0.07501220703125, 1.3271484375, 8.625, 2.625, 0.083740234375, 2.01953125, 6.12890625, 1.396484375, 1.97265625, 9.298324584960938e-06, 1.359375, 1.1337890625, 0.0007748603820800781, 1.2216796875, 0.0799560546875, 5.609375, 3.248046875, 3.31640625, 0.09619140625, 0.83984375, 4.2734375, 3.119140625, 5.87109375, 1.6064453125, 1.162109375, 1.3369140625, 1.994140625, 3.0625, 2.23046875, 6.53125, 0.1318359375, 5.328125, 7.4296875, 1.447265625, 1.10546875, 1.283203125, 0.0011539459228515625, 4.078125, 3.6328125, 1.8056640625, 8.1171875, 4.16015625, 2.740234375, 3.150390625, 0.1583251953125, 0.1396484375, 5.0, 7.609375, 0.8232421875, 2.736328125, 0.01213836669921875, 6.3828125, 2.015625, 0.001056671142578125, 9.0625, 0.0162200927734375, 3.17578125, 1.5859375, 4.1796875, 5.421875, 6.79296875, 0.324462890625, 2.64453125, 0.00801849365234375, 1.6279296875, 0.09356689453125, 0.00299072265625, 5.5390625, 5.30078125, 1.423828125, 0.009124755859375, 0.0007948875427246094, 6.6015625, 3.5390625, 5.90234375, 0.345703125, 1.884765625, 1.7431640625, 0.640625, 5.94140625, 0.0106201171875, 4.8046875, 11.9140625, 3.3046875, 1.5576171875, 5.75390625, 3.615234375, 1.9189453125, 1.5497207641601562e-05, 3.1796875, 0.47119140625, 3.147125244140625e-05, 1.5, 0.2091064453125, 0.00010848045349121094, 2.314453125, 1.48046875, 0.82861328125, 4.56640625, 0.1375732421875, 2.826171875, 0.01015472412109375, 1.4892578125, 0.01033782958984375, 0.00801849365234375, 1.1953125, 0.00506591796875, 0.82470703125, 0.187255859375, 3.642578125, 2.080078125, 0.0133514404296875, 6.0234375, 6.7421875]",-0.9994417731020904
165,1,test,3.3071921392163235,1.5699243921666544,2.1195483488529456,5.083626773995378,2.4131980656733147,3.258048604808242,27.308339704356086,21.626541618492798,24.02899443206877,41.97681931698164,33.24308397356893,36.93599715558,3.0848225738534976,1.398606865424443,1.9284442742088235,4.7096527845091565,2.1352776571365544,2.9441897316165244,21.86358732587368,16.464576758978847,18.68518613675004,33.37952263492165,25.13675841065473,28.527001735496242,3.3071921392163235,1.5699243921666544,2.1195483488529456,5.083626773995378,2.4131980656733147,3.258048604808242,27.308339704356086,21.626541618492798,24.02899443206877,41.97681931698164,33.24308397356893,36.93599715558,0.6633165829145728,0.013316582914572828,0.008316582914572823,0.5226130653266332,0.007613065326633195,0.007613065326633195,0.457286432160804,0.007286432160804046,0.007286432160804046,0.45895522388059706,0.15355485144111847,0.21577904522054747,0.4719101123595506,0.457286432160804,0.1515220211332351,0.21855521346297424,0.4494949494949495,0.45895522388059706,0.15355485144111847,0.21577904522054747,0.4719101123595506,23.0,0.0,1.0,36.0,2.0,2.0,43.0,-2.0,1.0,-0.0004266206053406076,-0.0004247285947695725,9.958242043326952e-05,-0.00016945494488584956,0.00022372510708557058,6.833549267337702e-05,"[2.12109375, 9.0390625, 0.7978515625, 0.0180816650390625, 0.177490234375, 0.380615234375, 1.1920928955078125e-06, 0.0160980224609375, 0.0004582405090332031, 4.0531158447265625e-06, 5.9453125, 3.294921875, 8.2421875, 2.365234375, 0.94580078125, 10.90625, 1.0576171875, 1.9609375, 3.830078125, 8.328125, 0.017303466796875, 5.02734375, 3.884765625, 1.9287109375, 4.48828125, 3.859375, 4.28125, 4.73046875, 1.787109375, 0.0284881591796875, 6.44140625, 3.357421875, 2.24609375, 4.76171875, 3.78125, 1.353515625, 7.875, 0.01079559326171875, 0.2261962890625, 8.6171875, 0.291015625, 1.8583984375, 0.289794921875, 4.44921875, 12.171875, 3.55078125, 3.13671875, 7.65234375, 1.6884765625, 0.9365234375, 1.20703125, 3.8671875, 5.4453125, 1.4033203125, 3.1484375, 0.7998046875, 1.720703125, 0.022003173828125, 5.28125, 3.544921875, 3.654296875, 8.9296875, 0.0105743408203125, 1.0810546875, 7.84765625, 3.0390625, 0.160400390625, 4.25390625, 0.1461181640625, 6.875, 3.62109375, 1.1162109375, 4.4609375, 0.7685546875, 1.572265625, 2.044921875, 8.6953125, 0.023773193359375, 5.6328125, 2.783203125, 0.9453125, 2.029296875, 6.6171875, 5.4453125, 0.28125, 0.065673828125, 4.60546875, 3.875, 0.056182861328125, 3.59375, 3.556640625, 4.18359375, 0.260986328125, 4.671875, 3.318359375, 3.552734375, 5.23828125, 1.22265625, 8.1875, 0.1517333984375, 4.03125, 6.2265625, 0.9052734375, 9.15625, 3.548828125, 2.6875, 1.3671875, 4.625, 2.72265625, 0.2459716796875, 0.262939453125, 4.62890625, 7.01171875, 3.41015625, 3.67578125, 0.619140625, 2.923828125, 12.421875, 0.181884765625, 3.599609375, 0.1021728515625, 9.640625, 5.6484375, 0.371337890625, 10.125, 5.9921875, 1.5927734375, 9.0859375, 0.11834716796875, 6.0859375, 0.0684814453125, 0.55908203125, 3.185546875, 0.01265716552734375, 0.134521484375, 0.362060546875, 6.41015625, 6.58984375, 0.42041015625, 4.11328125, 0.6064453125, 0.01515960693359375, 1.73828125, 2.65625, 5.66015625, 9.234375, 1.666015625, 0.325439453125, 0.5556640625, 0.638671875, 0.002536773681640625, 3.69140625, 0.052886962890625, 3.529296875, 4.0234375, 0.00045609474182128906, 0.1279296875, 0.0010595321655273438, 5.602836608886719e-06, 0.66455078125, 0.001216888427734375, 0.0002892017364501953, 1.0654296875, 5.19140625, 0.1207275390625, 0.0308837890625, 0.027008056640625, 0.0003170967102050781, 7.48046875, 0.40771484375, 0.458984375, 2.0703125, 4.421875, 3.009765625, 0.2042236328125, 1.7822265625, 8.6875, 2.537109375, 1.3974609375, 1.60546875, 6.88671875, 0.270263671875, 1.1865234375, 0.32666015625, 0.0645751953125, 6.51953125, 6.4765625, 4.51171875, 1.9912109375, 5.20703125, 6.328125, 0.2442626953125, 1.822265625, 11.7421875, 1.5947265625, 2.583984375, 4.4375, 1.2900390625, 2.91015625, 4.16796875, 10.8828125, 5.95703125, 6.2421875, 6.0390625, 0.020599365234375, 4.2890625, 1.3681640625, 0.0002009868621826172, 3.521484375, 4.1640625, 4.17578125, 6.4609375, 5.7578125, 0.16259765625, 12.7578125, 0.97314453125, 3.12890625, 0.0008792877197265625, 3.80078125, 0.357421875, 1.029296875, 1.3349609375, 0.830078125, 4.34375, 8.03125, 8.5390625, 2.8125, 8.65625, 0.00243377685546875, 9.7265625, 1.6337890625, 3.326171875, 4.99609375, 3.923828125, 5.60546875, 5.47265625, 0.99658203125, 1.443359375, 3.763671875, 2.076171875, 4.6015625, 1.0908203125, 1.1796875, 5.02734375, 8.8125, 4.83203125, 1.5146484375, 7.75, 2.7109375, 7.4140625, 4.62890625, 2.8828125, 6.1328125, 3.166015625, 4.3046875, 2.7734375, 4.42578125, 7.5625, 3.607421875, 8.09375, 2.83203125, 2.953125, 4.5390625, 11.1953125, 0.0128173828125, 1.2744140625, 0.105224609375, 2.00390625]",-0.8800184206286472
116,1,test,2.551575495004654,1.0042398048538137,1.423811553484056,4.740890271582721,1.8659023534629497,2.645477022214203,12.827297213844693,8.12836314021049,9.738555049376018,23.833434946711435,15.10269941483554,18.094475739890008,2.5000611651482894,0.926537294163875,1.3166368077674782,4.545565754815071,1.6846132621161356,2.393885105031778,12.183239127542002,7.359623046900855,8.917701681772725,22.151343868258184,13.381132812547008,16.21400305776859,2.55742609500885,1.0094363406822957,1.432124816270771,4.735974250016389,1.869326556819066,2.65208299309402,12.902564563860011,8.20055608046316,9.821419571288773,23.893638081222242,15.186214963820667,18.187814020905137,0.6231155778894473,-0.016884422110552744,-0.01188442211055274,0.4623115577889447,-0.01268844221105525,-0.007688442211055246,0.3467336683417085,-0.013266331658291497,-0.0182663316582915,0.42000000000000004,0.10552412645590681,0.14949002217294904,0.4347826086956522,0.4120603015075377,0.09125829649500639,0.12491505943742087,0.4242424242424242,0.4180602006688964,0.10086487512632547,0.1533216022261823,0.43624161073825507,24.0,6.0,6.0,37.0,4.0,4.0,43.0,5.0,7.0,-0.0003388380513454768,-8.077719614575308e-05,-3.949159065144934e-05,-0.004156647188485074,-0.0033877273600468882,-0.004223566863500672,"[1.859375, 5.28125, 0.00511932373046875, 0.052032470703125, 1.68359375, 9.0078125, 2.265625, 0.129638671875, 0.2403564453125, 0.039703369140625, 0.053131103515625, 0.0751953125, 1.4306640625, 2.18359375, 1.2958984375, 2.916015625, 1.6220703125, 3.693359375, 4.7265625, 1.451171875, 1.41015625, 4.78515625, 5.5078125, 5.26953125, 1.1650390625, 0.66748046875, 3.880859375, 0.53369140625, 2.521484375, 0.252197265625, 0.06317138671875, 5.90234375, 1.974609375, 0.92724609375, 3.89453125, 0.48095703125, 0.05999755859375, 0.00119781494140625, 3.873046875, 1.50390625, 4.09765625, 5.328125, 3.25390625, 1.53515625, 0.004154205322265625, 7.71875, 4.1328125, 1.7099609375, 4.53125, 0.46337890625, 3.669921875, 7.90234375, 0.49755859375, 1.8544921875, 3.9453125, 0.2332763671875, 0.6005859375, 0.9208984375, 2.79296875, 2.404296875, 1.72265625, 1.2294921875, 1.5419921875, 4.94140625, 0.07232666015625, 3.404296875, 2.76953125, 0.7021484375, 1.9580078125, 4.32421875, 0.90673828125, 0.446044921875, 1.5029296875, 1.998046875, 0.32763671875, 2.5546875, 0.055816650390625, 4.4226646423339844e-05, 5.1640625, 1.375, 8.765625, 0.08709716796875, 8.1171875, 0.265625, 2.12109375, 6.265625, 0.0093994140625, 0.07470703125, 6.4453125, 1.576171875, 4.3671875, 2.150390625, 1.5888671875, 3.9765625, 0.13720703125, 6.28125, 2.544921875, 2.529296875, 2.73046875, 1.7470703125, 2.625, 0.343505859375, 1.201171875, 4.75, 0.0221405029296875, 0.04425048828125, 0.640625, 0.22705078125, 3.8828125, 0.09307861328125, 0.178955078125, 4.546875, 4.94921875, 2.158203125, 5.99609375, 6.5, 4.87890625, 4.484375, 0.06597900390625, 5.3359375, 0.144287109375, 3.57421875, 0.023101806640625, 3.025390625, 1.0625, 0.32421875, 2.150390625, 5.16796875, 0.72265625, 1.341796875, 5.65234375, 0.017669677734375, 3.81640625, 0.0003228187561035156, 4.46875, 1.4443359375, 9.46875, 1.150390625, 3.10546875, 0.71484375, 0.023590087890625, 4.27734375, 0.70458984375, 5.296875, 0.142822265625, 3.28125, 4.2578125, 3.25390625, 5.265625, 6.40625, 0.1787109375, 0.6240234375, 6.79296875, 5.5546875, 7.01953125, 0.50146484375, 2.400390625, 1.9521484375, 1.279296875, 4.35546875, 7.09375, 0.5380859375, 5.125, 6.140625, 2.56640625, 9.15625, 1.0771484375, 0.04840087890625, 0.008758544921875, 0.00017523765563964844, 1.1845703125, 7.8203125, 0.56591796875, 4.62109375, 1.443359375, 0.0081634521484375, 0.38134765625, 1.6845703125, 0.08709716796875, 2.55859375, 1.251953125, 1.8515625, 6.87890625, 3.12890625, 0.408447265625, 7.796875, 0.46875, 0.001129150390625, 0.0007004737854003906, 0.00024890899658203125, 6.08984375, 2.078125, 0.00016021728515625, 4.48828125, 0.36669921875, 0.005290985107421875, 0.0002493858337402344, 3.50390625, 1.3671875, 1.5830078125, 0.00026226043701171875, 3.88671875, 0.9638671875, 4.9921875, 6.015625, 5.515625, 0.7861328125, 3.025390625, 3.373046875, 5.3203125, 8.953125, 0.56982421875, 0.00838470458984375, 0.50830078125, 0.31640625, 0.9833984375, 0.01546478271484375, 0.1063232421875, 0.330810546875, 5.26953125, 5.8359375, 0.77734375, 8.03125, 7.37109375, 2.169921875, 3.873046875, 0.01312255859375, 8.1171875, 7.13671875, 2.24609375, 0.00045943260192871094, 3.97265625, 3.443359375, 0.002895355224609375, 0.00017595291137695312, 3.0703125, 0.48046875, 0.014862060546875, 0.0005002021789550781, 4.41015625, 3.390625, 0.012176513671875, 0.00012421607971191406, 3.314453125, 0.29248046875, 0.0299530029296875, 0.0008974075317382812, 3.888671875, 2.314453125, 0.0103912353515625, 0.0002391338348388672, 2.171875, 0.4912109375, 0.0168609619140625, 0.0006718635559082031, 4.69140625, 0.312744140625, 0.01922607421875, 0.000774383544921875, 4.53125, 2.271484375, 3.85546875, 3.3203125, 0.0033512115478515625, 4.23828125, 3.537109375, 1.9375, 5.296875, 1.357421875, 9.9765625, 5.91015625, 4.375, 2.455078125, 3.421875, 3.23046875, 2.4375, 7.46484375, 2.12890625, 3.107421875, 0.55078125, 2.880859375, 2.974609375, 1.904296875, 2.998046875, 1.7294921875, 1.185546875, 0.00450897216796875, 3.853515625, 5.2890625, 0.76904296875, 5.046875, 10.8671875, 3.822265625, 3.20703125, 1.064453125, 1.0283203125, 3.158203125, 5.5703125, 0.7314453125, 0.80224609375]",-0.8650540578365327
59,1,test,2.842303754408148,1.2479413932369139,1.7010729196228875,5.005612723041017,2.1977634536450097,2.995778419558085,17.155241511466652,12.23005393164967,14.024622241583607,30.212286439638493,21.538483868516362,24.69891805878891,2.5143169440216755,1.0081784167179655,1.4532093330023308,4.05534990971238,1.6260942205128472,2.3438860209715013,12.358164577313593,7.8488799247867185,9.46859484057505,19.932523511796116,12.659483749655998,15.271927162217821,2.844011959024895,1.241944445089341,1.6999331407662552,4.989494664955957,2.178849903665511,2.9823388434495706,17.184571217655794,12.221287736249987,14.045023287527307,30.148370557290868,21.44085567763156,24.64039173250405,0.6080402010050252,0.02304020100502524,-0.001959798994974782,0.4522613065326633,-0.012738693467336692,0.022261306532663228,0.3065326633165829,-0.013467336683417042,-0.008467336683417037,0.4113924050632911,0.09859619653248541,0.15560293137908054,0.4571428571428572,0.3869346733668342,0.07615773101094447,0.13150896385097444,0.3939393939393939,0.41137123745819393,0.09918425916103202,0.16220549774740411,0.459731543624161,22.0,-2.0,-1.0,32.0,0.0,-2.0,41.0,3.0,-1.0,-0.0007016438238273043,2.0841751153260424e-05,-0.0001374086345530952,0.00043990332195509296,3.7795904697546234e-05,-9.98832418286355e-05,"[2.12109375, 9.0390625, 0.7978515625, 0.0180816650390625, 4.17578125, 0.0187530517578125, 4.0531158447265625e-06, 0.01351165771484375, 0.0004220008850097656, 4.172325134277344e-06, 7.75390625, 3.59765625, 0.8056640625, 0.402587890625, 0.04681396484375, 0.0853271484375, 0.280029296875, 7.33203125, 1.2646484375, 9.8515625, 0.79345703125, 2.669921875, 0.07916259765625, 3.19921875, 1.1923828125, 0.0020923614501953125, 4.291534423828125e-06, 0.0210723876953125, 1.9921875, 0.1973876953125, 2.3515625, 6.44140625, 3.697265625, 2.646484375, 2.607421875, 5.265625, 8.1796875, 3.7734375, 4.7109375, 2.357421875, 2.767578125, 1.7138671875, 5.88671875, 4.4765625, 0.06317138671875, 1.8583984375, 1.3232421875, 1.919921875, 4.8046875, 1.8984375, 1.6845703125, 0.01239013671875, 5.3984375, 9.1171875, 2.8359375, 2.78515625, 1.6474609375, 3.046875, 1.037109375, 2.599609375, 2.740234375, 0.76416015625, 0.05389404296875, 2.005859375, 0.1712646484375, 1.2060546875, 4.51171875, 3.48046875, 4.887580871582031e-06, 0.335205078125, 0.490966796875, 5.9453125, 0.0011653900146484375, 7.87109375, 2.078125, 6.984375, 1.0341796875, 0.8916015625, 10.375, 5.87890625, 3.271484375, 2.92578125, 0.68212890625, 9.3046875, 0.328369140625, 9.9609375, 1.115234375, 4.27734375, 0.71533203125, 1.2705078125, 3.9375, 0.55029296875, 3.32421875, 1.1376953125, 3.001953125, 0.34375, 9.4296875, 1.6943359375, 0.02947998046875, 1.8671875, 3.9296875, 1.560546875, 0.7197265625, 3.072265625, 6.40625, 2.140625, 1.0498046875, 0.703125, 0.66943359375, 1.8779296875, 8.703125, 0.386962890625, 0.0053863525390625, 0.2744140625, 3.640625, 0.407470703125, 0.05352783203125, 0.2626953125, 8.6328125, 2.97265625, 0.1126708984375, 0.6064453125, 5.96875, 2.466796875, 5.30078125, 0.74169921875, 5.66015625, 1.7744140625, 0.2900390625, 7.8046875, 0.2183837890625, 0.0031223297119140625, 0.0259246826171875, 5.5703125, 0.080078125, 0.0196990966796875, 0.60205078125, 5.5, 2.69140625, 0.138916015625, 2.9765625, 2.9921875, 2.751953125, 0.50439453125, -0.0, 0.278076171875, 0.2093505859375, 8.3046875, 0.0308380126953125, 0.00855255126953125, 7.6796875, 6.9765625, 0.59521484375, 0.0256805419921875, 0.325439453125, 3.076171875, 11.0078125, 2.63671875, 0.042144775390625, 0.161865234375, 1.4736328125, 0.66357421875, 0.08001708984375, 0.27001953125, 2.912109375, 2.69140625, 4.703125, 3.583984375, 0.0465087890625, 7.828125, 0.053497314453125, 0.0193328857421875, 1.3974609375, 6.59375, 0.031707763671875, 0.013580322265625, 0.1514892578125, 4.57421875, 1.7001953125, 5.4453125, 3.58984375, 0.341796875, 4.2421875, 0.02252197265625, 2.12890625, 0.85302734375, 0.005008697509765625, 0.004062652587890625, 0.019622802734375, 3.84765625, 1.8818359375, 0.01233673095703125, 1.599609375, 4.4296875, 0.454833984375, 0.9853515625, 2.33203125, 8.8203125, 3.029296875, 0.26513671875, 6.35546875, 6.62109375, 4.98828125, 7.30078125, 4.72265625, 6.453125, 3.287109375, 1.8251953125, 4.62890625, 2.296875, 3.080078125, 0.461669921875, 6.7421875, 2.943359375, 7.40625, 7.6640625, 2.271484375, 2.75, 5.29296875, 0.5947265625, 10.4296875, 7.31640625, 3.29296875, 2.095703125, 4.890625, 0.0972900390625, 2.107421875, 12.5546875, 0.95263671875, 1.330078125, 4.5625, 4.07421875, 1.6357421875, 5.875, 0.067626953125, 6.671875, 3.578125, 0.016510009765625, 5.29296875, 1.4736328125, 4.15625, 5.9140625, 0.2110595703125, 0.296630859375, 1.7392578125, 5.1875, 2.12109375, 8.9921875, 0.6806640625, 8.7734375, 0.343505859375, 4.80859375, 6.7265625, 0.15185546875, 5.51171875, 3.2734375, 0.011993408203125, 3.85546875, 2.619140625, 0.0120086669921875, 5.45703125, 5.72265625, 0.41455078125, 4.5703125, 3.158203125, 6.1015625, 0.55078125, 4.78515625, 2.2109375, 8.734375, 0.1846923828125, 7.75390625, 5.9453125, 3.6484375, 6.02734375, 0.775390625, 0.908203125, 4.0531158447265625e-06, 0.4306640625, 5.16015625, 0.07049560546875, 0.016571044921875, 0.2293701171875, 0.369384765625, 0.67822265625, 0.0003199577331542969, 2.205078125, 8.75, 3.361328125, 3.857421875, 0.2724609375, 4.37109375, 6.28515625, 0.08453369140625, 1.3916015625, 1.353515625, 3.62890625, 3.044921875, 7.0859375, 0.274169921875, 0.62353515625, 2.689453125, 2.11328125, 1.4228515625, 2.984375, 0.09112548828125, 2.998046875, 6.828125, 3.279296875, 4.5703125, 0.279296875, 13.515625, 1.392578125, 0.318359375, 4.015625, 0.412353515625]",-0.993629454057428
74,1,test,2.4438278678962386,0.9961711205124386,1.3954314577239197,4.228645973663154,1.7237118265046685,2.41456679201667,11.51704218926072,7.263905533444654,8.663969899199337,19.928365136473605,12.569005080342434,14.991588364906715,2.554411148905155,0.9699230226355968,1.3782349316620048,4.187559260500254,1.5900377420255682,2.2594015273147616,12.863722609722121,7.986928173175203,9.621768665475008,21.08806985200348,13.09332487405771,15.773391254877065,2.472758677890867,1.018355577980621,1.403983168057638,4.191116403204859,1.7260264033569848,2.379632488233285,11.855106201993516,7.573179381849708,8.943294370813195,20.093400342361893,12.835897257372388,15.158126052225754,0.6130653266331658,0.013065326633165841,0.0030653266331658324,0.48743718592964824,0.022437185929648273,0.022437185929648273,0.321608040201005,-0.01339195979899499,0.006608040201005028,0.3648208469055375,0.06725987129578137,0.11346656738224392,0.3431372549019608,0.36180904522613067,0.04601957154192016,0.09803609030125593,0.33333333333333337,0.3712374581939799,0.06572827622402999,0.1220717184831901,0.3389261744966443,21.0,10.0,8.0,27.0,6.0,5.0,37.0,12.0,11.0,0.0009062693329844795,0.00023125729334573847,0.00011389983382309168,-0.004200085380603014,-0.0041707955025822585,-0.00425654271487641,"[2.88671875, 2.212890625, 0.2330322265625, 0.0401611328125, 3.814697265625e-05, 1.2705078125, 0.01294708251953125, 0.01422119140625, 9.5859375, 3.677734375, 0.62353515625, 3.95703125, 9.078125, 2.53125, 2.763671875, 0.1416015625, 10.390625, 3.390625, 2.08203125, 2.349609375, 2.30859375, 1.0810546875, 3.83984375, 1.6005859375, 2.322265625, 4.23828125, 4.32421875, 2.134765625, 1.7021484375, 2.294921875, 7.109375, 3.46875, 0.2183837890625, 4.65234375, 0.07952880859375, 7.0390625, 0.01114654541015625, 0.68017578125, 6.26953125, 0.112548828125, 4.15234375, 0.720703125, 1.7666015625, 7.16796875, 0.705078125, 0.1446533203125, 7.30859375, 7.22265625, 5.27734375, 2.13671875, 1.3701171875, 4.96875, 2.91015625, 0.312744140625, 2.17578125, 8.453125, 7.44921875, 0.9267578125, 2.10546875, 0.362548828125, 0.6708984375, 4.98828125, 0.380859375, 2.484375, 0.72900390625, 0.0284881591796875, 2.34765625, 3.314453125, 8.765625, 3.234375, 8.2421875, 0.000621795654296875, 3.76953125, 5.515625, 0.345458984375, 1.84375, 0.0297393798828125, 1.5126953125, 5.21875, 0.06890869140625, 2.177734375, 0.708984375, 0.003566741943359375, 1.755859375, 0.436279296875, 7.46484375, 0.334228515625, 0.29638671875, 1.9482421875, 0.004657745361328125, 1.61328125, 3.01953125, 0.00107574462890625, 8.1796875, 1.8876953125, 0.05267333984375, 0.09271240234375, 4.90234375, 5.875, 1.4306640625, 0.007152557373046875, 5.640625, 1.6044921875, 11.6328125, 3.669921875, 4.1875, 5.6484375, 5.109375, 2.431640625, 0.12139892578125, 2.044921875, 1.5078125, 3.607421875, 1.189453125, 4.0, 1.259765625, 0.297119140625, 4.9296875, 0.03466796875, 0.50537109375, 12.546875, 0.27685546875, 4.22265625, 5.15234375, 0.44482421875, 0.265869140625, 1.8564453125, 7.12109375, 5.34375, 2.2578125, 0.0537109375, 0.63330078125, 0.053253173828125, 0.14697265625, 0.6875, 0.00577545166015625, 7.515625, 5.859375, 5.20703125, 2.234375, 0.556640625, 9.0, 7.8125, 10.4375, 0.00704193115234375, 3.484375, 1.580078125, 3.583984375, 2.919921875, 1.7578125, 5.79296875, 0.146484375, 0.1298828125, 1.2265625, 2.18359375, 6.83203125, 3.966796875, 0.140869140625, 2.05859375, 0.276123046875, 3.96484375, 0.07177734375, 0.0160675048828125, 3.921875, 2.2109375, 2.541015625, 5.86328125, 0.35302734375, 1.6650390625, 2.455078125, 3.029296875, 2.1953125, 0.31689453125, 1.8212890625, 0.66259765625, 0.0006113052368164062, 1.03125, 0.02813720703125, 1.3212890625, 0.005092620849609375, 0.0145111083984375, 0.019683837890625, 0.0011320114135742188, 2.0265579223632812e-05, 0.0020294189453125, 0.0014200210571289062, 4.76837158203125e-07, 1.341796875, 0.482666015625, 0.00506591796875, 0.09747314453125, 1.6044921875, 0.003414154052734375, 2.384185791015625e-05, 5.6743621826171875e-05, 0.04345703125, 0.00019550323486328125, 2.0265579223632812e-06, 4.33984375, 1.404296875, 0.74560546875, 7.890625, 1.037109375, 1.4091796875, 0.2142333984375, 0.25341796875, 0.04461669921875, 3.900390625, 2.193359375, 0.3291015625, 3.421875, 11.3515625, 6.9765625, 3.861328125, 1.45703125, 4.12890625, 0.03173828125, 2.68359375, 4.27734375, 0.1705322265625, 4.44140625, 1.61328125, 2.1875, 3.603515625, 4.22265625, 4.16796875, 0.036376953125, 2.361328125, 5.67578125, 0.19970703125, 7.9296875, 1.47265625, 0.0021457672119140625, 6.59375, 0.6259765625, 4.45703125, 0.0703125, 1.255859375, 1.7490234375, 0.65087890625, 0.4404296875, 0.08349609375, 2.51171875, 1.1025390625, 3.857421875, 1.4609375, 1.0791015625, 4.40625, 0.83154296875, 1.6328125, 1.84765625, 1.201171875, 4.44921875, 0.474853515625, 4.9921875, 0.32958984375, 0.1904296875, 3.52734375, 0.00032138824462890625, 2.265625, 8.0390625, 4.28125, 5.07421875, 4.0390625, 0.8212890625, 10.109375, 1.30078125, 0.00434112548828125, 1.306640625, 4.76171875, 1.1044921875, 4.42578125, 0.87353515625, 3.681640625, 3.486328125, 0.007465362548828125, 0.00502777099609375, 0.0004429817199707031, 0.004505157470703125, 0.14208984375, 0.10357666015625, 0.003978729248046875, 2.9453125, 0.0758056640625, 7.5234375, 0.1063232421875, 0.0009393692016601562, 0.08123779296875, 0.00440216064453125, 0.002460479736328125, 1.7548828125, 0.0684814453125, 7.91796875, 3.83203125, 10.140625, 0.03216552734375, 0.037872314453125, 0.0025691986083984375, 0.0011606216430664062, 1.0244140625, 0.16943359375, 5.19921875, 4.94921875, 0.042694091796875, 0.294677734375, 0.0015211105346679688, 0.0011377334594726562]",-1.1433393951347672
376,1,test,3.667668360382763,1.6055744180797538,2.243998226441832,5.7696069528828255,2.525728178148852,3.530032297735981,39.160491176013295,31.29807514489132,35.00815905223337,61.60334576811448,49.234983707460614,55.07131453246068,3.7991469631242993,1.5971899859015029,2.2548649574193975,5.628365871295258,2.3662073865207445,3.340540677658366,44.66306899381514,35.62037645543113,39.978462095604314,66.16750962046687,52.77092808212019,59.227351252747134,3.667668360382763,1.6055744180797538,2.243998226441832,5.7696069528828255,2.525728178148852,3.530032297735981,39.160491176013295,31.29807514489132,35.00815905223337,61.60334576811448,49.234983707460614,55.07131453246068,0.7185929648241206,-0.0014070351758793676,-0.006407035175879372,0.6180904522613065,0.0030904522613065533,-0.006909547738693456,0.5226130653266332,-0.017386934673366827,-0.02238693467336672,0.43656716417910446,0.10882042302454209,0.1785026480500722,0.39700374531835203,0.4371859296482412,0.09884006498658704,0.17508242380516947,0.40909090909090906,0.43656716417910446,0.10882042302454209,0.1785026480500722,0.39700374531835203,23.0,8.0,8.0,35.0,10.0,9.0,44.0,13.0,13.0,0.00030312224576992987,0.0004409587627910459,0.00014149753597132708,-0.02711358331001179,-0.030019240046975426,-0.028942004188031056,"[2.12109375, 12.0390625, 0.9892578125, 3.443359375, 3.068359375, 0.20458984375, 0.0002067089080810547, 1.0029296875, 0.00013649463653564453, 4.7206878662109375e-05, 5.04296875, 3.478515625, 2.87109375, 1.548828125, 9.2578125, 0.054534912109375, 2.4609375, 3.685546875, 0.2017822265625, 1.7939453125, 0.24462890625, 1.6171875, 7.7109375, 7.43359375, 10.4375, 8.7734375, 11.921875, 11.7265625, 5.75390625, 4.03515625, 0.66650390625, 7.2421875, 10.4140625, 3.96875, 3.46484375, 0.67578125, 3.701171875, 7.04296875, 3.81640625, 2.953125, 5.08984375, 1.189453125, 4.97265625, 7.109375, 0.06842041015625, 6.47265625, 7.38671875, 1.3369140625, 3.447265625, 3.708984375, 4.74609375, 0.35546875, 0.70703125, 4.671875, 4.19921875, 1.3759765625, 14.3046875, 7.09765625, 3.744140625, 1.365234375, 4.109375, 3.642578125, 4.02734375, 0.033782958984375, 8.171875, 0.947265625, 9.0234375, 7.52734375, 2.037109375, 9.8515625, 2.775390625, 0.049072265625, 4.4765625, 9.921875, 4.17578125, 5.7578125, 9.4609375, 6.6484375, 4.58984375, 2.115234375, 8.1875, 2.0859375, 0.7841796875, 6.10546875, 0.0582275390625, 3.68359375, 7.1171875, 2.80859375, 4.21484375, 4.578125, 4.22265625, 7.0234375, 12.15625, 2.865234375, 3.3125, 2.234375, 6.8359375, 6.45703125, 5.296875, 1.322265625, 4.52734375, 5.390625, 11.34375, 2.4375, 2.111328125, 1.689453125, 0.8486328125, 2.7060508728027344e-05, 0.38916015625, 1.4326171875, 0.050048828125, 1.2755393981933594e-05, 0.171630859375, 0.8740234375, 0.039581298828125, 3.1828880310058594e-05, 0.049285888671875, 0.80615234375, 1.62890625, 0.0003178119659423828, 6.70703125, 4.4765625, 0.50927734375, 3.0625, 0.53369140625, 2.41015625, 0.03302001953125, 1.0615234375, 1.279296875, 2.517578125, 3.98046875, 1.3125, 5.9765625, 1.26953125, 5.41015625, 9.4296875, 3.056640625, 10.46875, 5.33984375, 4.8359375, 3.828125, 3.931640625, 4.83984375, 4.8125, 3.318359375, 0.00020122528076171875, 0.86279296875, 0.75341796875, 0.1702880859375, 1.4066696166992188e-05, 0.6064453125, 1.36328125, 0.03753662109375, 5.125999450683594e-06, 0.06689453125, 0.71435546875, 4.85546875, 9.9140625, 5.31640625, 1.6298828125, 7.65625, 0.0171966552734375, 0.9697265625, 1.8408203125, 8.984375, 3.783203125, 6.41796875, 3.376953125, 3.541015625, 2.470703125, 4.55859375, 6.5, 9.234375, 5.94921875, 0.76220703125, 0.0237884521484375, 8.46875, 0.77880859375, 4.7890625, 3.5390625, 1.47265625, 2.689453125, 5.05859375, 0.222900390625, 4.4140625, 13.265625, 1.19140625, 7.53515625, 0.8642578125, 1.6708984375, 7.96484375, 0.09393310546875, 9.0, 7.66796875, 3.16796875, 0.0007195472717285156, 0.119873046875, 0.34130859375, 8.6875, 0.005100250244140625, 2.806640625, 2.673828125, 1.0078125, 5.68359375, 1.9921875, 3.560546875, 4.60546875, 6.49609375, 0.91064453125, 3.765625, 0.00820159912109375, 6.91015625, 2.298828125, 10.890625, 11.8203125, 4.95703125, 3.45703125, 7.7421875, 2.216796875, 8.8125, 0.446044921875, 4.765625, 6.88671875, 5.38671875, 0.52490234375, 3.380859375, 0.07183837890625, 2.26171875, 9.328125, 0.045654296875, 0.0762939453125, 2.421875, 9.107589721679688e-05, 0.0933837890625, 0.73876953125, 0.06634521484375, 3.933906555175781e-06, 0.08978271484375, 0.73681640625, 0.040863037109375, 9.5367431640625e-07, 0.033233642578125, 0.33642578125, 10.359375, 5.7578125, 2.759765625, 0.211181640625, 4.21484375, 6.23046875, 3.0, 0.00730133056640625, 7.9375, 10.390625, 6.0234375, 5.53515625, 0.0012331008911132812, 1.7998046875, 4.43359375, 0.89404296875, 3.228515625, 2.5625, 1.8740234375, 8.21875, 0.142333984375, 1.09375, 0.970703125, 1.171875, 9.28125]",-0.5730886281426275
357,1,test,2.229285880583751,0.8950729414383098,1.1433780977233523,4.746221552210566,1.9056391656428526,2.4342888532174594,9.293227235293614,5.496220940258134,6.33109966804885,19.78558056546382,11.70163167925925,13.47911542229755,2.3836193090707214,0.9363122252309608,1.3316394908619347,4.256463051912002,1.671986116483858,2.3779276622534544,10.844080001192676,6.592430252239255,7.9807656491745975,19.36442857355835,11.772196878998669,14.251367230668924,2.164117934711801,0.8972198748270275,1.2328273677242656,4.416567213697553,1.8310609690347497,2.51597421984544,8.706918458154188,5.157094333586457,6.169136215061261,17.769221343171814,10.524682313441751,12.59007390828829,0.542713567839196,-0.017286432160804055,-0.017286432160804055,0.4321608040201005,-0.012839195979899465,-0.00783919597989946,0.3065326633165829,-0.008467336683417037,0.0015326633165828607,0.38227848101265827,0.08265774776360646,0.12616899909672474,0.36802030456852797,0.371859296482412,0.0761199481114847,0.13145862870277925,0.3737373737373737,0.3846153846153846,0.11249518428149474,0.16103362710704194,0.3489932885906041,25.0,-1.0,0.0,34.0,0.0,0.0,43.0,0.0,-1.0,0.0002446879686684911,0.000491856014751792,1.6199965236563453e-05,-0.06459162165574028,-0.07176479776073741,-0.06751705340305758,"[2.13671875, 9.015625, 0.78173828125, 0.017822265625, 0.1502685546875, 1.376953125, 2.470703125, 0.0010528564453125, 2.306640625, 0.00020182132720947266, 4.4765625, 4.3359375, 0.063232421875, -0.0, 0.0048370361328125, 0.003925323486328125, 4.208087921142578e-05, 5.94921875, 3.068359375, 0.2178955078125, 2.822265625, 0.8115234375, 0.58544921875, 0.153564453125, 0.1571044921875, 0.59716796875, 1.1669921875, 0.5244140625, 0.4033203125, 0.6298828125, 5.125, 6.05078125, 6.79296875, 1.115234375, 1.5556640625, 9.8359375, 3.138671875, 2.18359375, 0.132080078125, 6.55078125, 3.091796875, 1.8232421875, 6.64453125, 3.359375, 2.978515625, 1.57421875, 0.0100250244140625, 5.80859375, 1.0537109375, 3.509765625, 0.08294677734375, 7.859375, 3.0234375, 5.24609375, 1.7626953125, 0.46826171875, 3.037109375, 0.99853515625, 7.453125, 4.01171875, 1.80078125, 2.623046875, 6.734375, 0.9677734375, 0.77099609375, 0.06561279296875, 0.315673828125, 2.60546875, 0.75537109375, 6.22265625, 2.39453125, 0.3271484375, 2.05078125, 0.412109375, 2.2890625, 1.2587890625, 2.244140625, 4.36328125, 0.2020263671875, 1.3837890625, 0.0167388916015625, 1.0810546875, 2.673828125, 6.03515625, 0.5947265625, 4.77734375, 0.1571044921875, 3.322265625, 5.69921875, 0.01502227783203125, 0.0100555419921875, 0.70458984375, 5.76171875, 5.9765625, 8.9375, 7.61328125, 0.1380615234375, 0.005123138427734375, 0.07958984375, 0.2354736328125, 8.3203125, 0.02069091796875, 8.0, 0.21826171875, 0.10150146484375, 0.047027587890625, 1.78125, 0.1361083984375, 4.03125, 1.865234375, 5.9296875, 6.7890625, 0.1571044921875, 7.015625, 3.107421875, 4.5, 1.6015625, 2.607421875, 8.046875, 0.0033359527587890625, 0.12457275390625, 0.028350830078125, 5.01171875, 0.53076171875, 1.7314453125, 1.267578125, 6.0859375, 1.21484375, 2.181640625, 6.9375, 2.681640625, 8.078125, 2.59765625, 6.3828125, 0.5615234375, 2.865234375, 4.19140625, 0.0367431640625, 2.791015625, 6.1015625, 5.87109375, 5.0078125, 1.9912109375, 1.771484375, 2.111328125, 3.96875, 6.421875, 1.548828125, 4.9921875, 10.2109375, 2.337890625, 6.6875, 0.92626953125, 0.70703125, 3.041015625, 6.4140625, 2.01171875, 0.0243072509765625, 0.42138671875, 0.00038433074951171875, 0.003570556640625, 4.0531158447265625e-06, 3.4570693969726562e-06, -0.0, 2.3126602172851562e-05, 0.00013828277587890625, 2.18359375, 1.704692840576172e-05, 0.16455078125, 1.7881393432617188e-06, 2.6226043701171875e-06, 4.410743713378906e-06, 7.867813110351562e-06, -0.0, 6.306171417236328e-05, 3.349781036376953e-05, 2.154296875, 0.00034737586975097656, 0.057403564453125, 5.543231964111328e-05, 5.364418029785156e-06, 1.3113021850585938e-05, 9.298324584960938e-06, -0.0, 0.00017023086547851562, 1.2159347534179688e-05, 0.1568603515625, 2.623046875, 0.0001590251922607422, 2.830078125, 7.5546875, 5.84375, 0.1531982421875, 0.1810302734375, 0.004901885986328125, 1.3955078125, 5.84375, 4.43359375, 1.232421875, 4.26953125, 4.140625, 5.484375, 0.1798095703125, 2.451171875, 2.92578125, 4.77734375, 6.13671875, 8.0859375, 3.408203125, 0.427734375, 1.4619140625, 2.572265625, 1.6650390625, 0.003688812255859375, 1.361328125, 4.91796875, 5.87109375, 3.005859375, 2.22265625, 0.5615234375, 1.2822265625, 1.4501953125, 3.484375, 2.357421875, 4.91796875, 3.271484375, 3.275390625, 0.1446533203125, 4.08984375, 2.890625, 0.06878662109375, 5.1484375, 6.5078125, 2.30078125, 1.146484375, 1.3947486877441406e-05, 0.1624755859375, 7.390975952148438e-05, 1.5020370483398438e-05, 4.851818084716797e-05, 2.7418136596679688e-06, -0.0, 8.463859558105469e-06, 1.71661376953125e-05, 0.1561279296875, 3.798828125, 0.00046825408935546875, 5.53515625, 3.173828125, 0.0005993843078613281, 4.16015625, 0.40380859375, 0.022552490234375, 1.3447265625, 2.3671875, 2.044921875, 1.13671875, 0.1575927734375, 0.57177734375, 0.9052734375, 4.76953125, 2.064453125, 4.4453125, 3.302734375, 2.19921875, 1.25, 0.1629638671875, 0.006496429443359375, 4.6328125, 2.05078125, 0.00765228271484375, 5.171875, 2.060546875, 2.384185791015625e-06, 3.197265625, 2.9921531677246094e-05, 8.225440979003906e-06, 4.279613494873047e-05, 9.5367431640625e-07, -0.0, 1.2278556823730469e-05, 3.0279159545898438e-05, 1.455078125, 7.152557373046875e-06, 0.401611328125, 2.3126602172851562e-05, 2.384185791015625e-07, 1.7642974853515625e-05, 9.5367431640625e-07, -0.0, 1.2278556823730469e-05, 2.3484230041503906e-05, 1.4482421875, 0.0001837015151977539, 0.050323486328125, 7.62939453125e-06, -0.0, 1.6450881958007812e-05, 2.7418136596679688e-06, -0.0, 3.349781036376953e-05, 3.2782554626464844e-05, 0.79345703125, 2.138671875, 1.171875, 0.42822265625, 8.203125, 2.453125, 6.1015625, 6.1484375, 1.2724609375, 4.9453125, 3.82421875, 6.21875, 8.2890625, 5.234375, 0.931640625, 5.109375, 0.01605224609375, 4.80078125, 0.365966796875, 5.87109375, 3.0859375, 0.374267578125, 0.73974609375, 3.248046875, 2.57421875, 8.3125, 5.44921875, 1.873046875, 0.349365234375, 0.07080078125, 7.31640625, 2.828125, 9.1875, 0.556640625, 0.63623046875, 0.31494140625, 0.27099609375, 2.572265625, 5.34375, 0.110595703125, 2.08203125, 6.7734375, 0.02581787109375, 0.89599609375, 0.001399993896484375, 9.8359375, 1.9970703125, 2.919921875, 1.884765625, 1.89453125, 3.51171875, 7.99609375, 13.984375, 4.1796875, 1.9033203125, 3.41796875, 1.3056640625, 0.767578125, 4.0546875, 0.4853515625, 3.845703125, 1.1611328125, 1.359375, 0.82861328125, 0.003337860107421875, 2.8515625, 4.16015625, 2.328125, 4.48828125, 8.28125, 0.02606201171875, 1.2431640625, 1.9677734375, 4.9233436584472656e-05, 0.919921875, 1.7881393432617188e-06, 4.172325134277344e-06, 3.0994415283203125e-06, 3.2186508178710938e-06, -0.0, 8.463859558105469e-06, 1.1086463928222656e-05, 1.3310546875, 1.5497207641601562e-06, 0.0132598876953125, 1.990795135498047e-05, -0.0, 3.2782554626464844e-05, 7.271766662597656e-06, -0.0, 3.3736228942871094e-05, 1.2516975402832031e-05, 0.327392578125]",-0.6107364449319959
129,1,test,2.491997341540727,1.0375050262077865,1.4183584031515108,4.704144714245329,1.9584987927879607,2.6774359161095362,12.085390682765956,7.803081831669668,9.159382970430496,22.81359845463306,14.729881746413863,17.290172131347404,2.1759952606268262,0.720956633040557,1.0788930884391739,3.5672053452898793,1.1818961197386182,1.7686771941625803,8.810949951390965,4.526300983337702,5.815476881875885,14.44418024818191,7.420165546455249,9.533568658812925,2.5113222591055675,0.9974856255236195,1.415643817854222,4.40582852474661,1.7499747816203857,2.4835856453582847,12.321211127848951,7.777079567315363,9.329999771525479,21.616159873419214,13.643999240904147,16.368420651799088,0.542713567839196,-0.0022864321608039306,0.0027135678391959628,0.37688442211055273,-0.013115577889447283,-0.013115577889447283,0.2814070351758794,-0.008592964824120641,-0.008592964824120641,0.3664772727272727,0.08704464861379757,0.1289406158357771,0.3874643874643875,0.36180904522613067,0.07609475951184497,0.11306113203748291,0.3434343434343434,0.3612040133779264,0.08574491488043057,0.12872347945134133,0.3959731543624161,19.0,10.0,10.0,27.0,15.0,15.0,33.0,15.0,16.0,-0.0004589635336879789,-0.0002644380650273092,-0.00041316354063284175,-0.03203907496019642,-0.034328605214383856,-0.03153325375469773,"[3.76953125, 0.0404052734375, 0.439208984375, 0.0208740234375, 0.0006074905395507812, 0.4072265625, 0.0201873779296875, 0.01070404052734375, 1.875, 9.546875, 7.2734375, 5.98046875, 2.228515625, 3.44140625, 0.65234375, 2.666015625, 0.004131317138671875, 0.0002512931823730469, 0.0015850067138671875, 0.0848388671875, 1.3203125, 1.1396484375, 3.35546875, 7.1328125, 0.0004124641418457031, 3.87109375, 4.1015625, 2.109375, 0.434326171875, 1.2060546875, 1.7587890625, 1.4375, 5.37109375, 5.64453125, 0.2998046875, 7.30859375, 2.875, 1.45703125, 1.7138671875, 1.658203125, 4.1171875, 3.2421875, 0.84912109375, 5.01953125, 1.142578125, 2.302734375, 4.546875, 2.369140625, 4.34375, 0.662109375, 1.6103515625, 0.62158203125, 0.259765625, 2.244140625, 0.0004456043243408203, 0.07965087890625, 0.46484375, 4.8984375, 1.5771484375, 5.1875, 0.14697265625, 4.57421875, 0.4287109375, 0.023651123046875, 0.153564453125, 4.68359375, 0.356201171875, 2.251953125, 1.3212890625, 0.50341796875, 0.01080322265625, 0.0047454833984375, 0.006305694580078125, 0.0262908935546875, 0.744140625, 8.8984375, 2.578125, 1.7255859375, 4.8515625, 2.474609375, 1.9619140625, 2.173828125, 4.96484375, 7.3671875, 4.1640625, 6.2890625, 2.40234375, 1.1748046875, 1.5974044799804688e-05, 0.3466796875, 0.2376708984375, 3.09765625, 0.2548828125, 0.1572265625, 0.033935546875, 0.32763671875, 0.01403045654296875, 0.0023822784423828125, 0.01064300537109375, 0.04132080078125, 1.298828125, 7.58203125, 0.09912109375, 1.3544921875, 2.484375, 0.06494140625, 4.890625, 5.28515625, 2.5859375, 5.6640625, 4.328125, 7.359375, 0.89599609375, 0.00026702880859375, 1.6455078125, 0.900390625, 6.546875, 3.283203125, 2.447265625, 0.02783203125, 0.73291015625, 1.8916015625, 0.6962890625, 1.22265625, 1.1953125, 1.78125, 0.81787109375, 5.35546875, 1.4814453125, 1.3916015625, 0.241455078125, 0.48388671875, 0.28564453125, 1.576171875, 0.205078125, 0.533203125, 8.8828125, 6.50390625, 0.38671875, 0.130126953125, 1.53125, 8.785724639892578e-05, 0.2666015625, 3.125, 1.3947486877441406e-05, 0.75146484375, 0.039093017578125, 8.2109375, 0.001995086669921875, 0.0870361328125, 1.7841796875, 0.048065185546875, 0.136962890625, 0.01210784912109375, 7.11328125, 0.053802490234375, 0.08209228515625, 0.012664794921875, 0.033843994140625, 0.85888671875, 0.689453125, 3.033203125, 6.71484375, 7.47265625, 1.6171875, 1.3076171875, 5.5859375, 0.002689361572265625, 6.5625, 8.578125, 6.1171875, 8.375, 9.4140625, 0.006908416748046875, 3.453125, 0.2421875, 3.078125, 1.6533203125, 0.003551483154296875, 0.052734375, 0.031585693359375, 0.0175323486328125, 1.4521484375, 2.978515625, 0.0150909423828125, 3.185546875, 3.380859375, 4.8671875, 2.509765625, 0.61474609375, 12.2265625, 0.131591796875, 1.591796875, 0.08709716796875, 0.767578125, 0.01418304443359375, 0.6796875, 0.0037784576416015625, 0.0016775131225585938, 0.0016613006591796875, 0.04736328125, 1.2080078125, 1.3837890625, 13.296875, 5.125, 0.031036376953125, 0.45849609375, 2.904296875, 0.003795623779296875, 0.146728515625, 5.48046875, 7.74609375, 9.640625, 4.953125, 2.494140625, 2.57421875, 6.90625, 2.412109375, 1.7451171875, 3.09375, 7.75, 0.328369140625, 0.73095703125, 2.6345252990722656e-05, 0.170654296875, 1.6513671875, 0.006572723388671875, 6.556510925292969e-06, 0.07147216796875, 3.234375, 3.20703125, 0.272705078125, 0.010498046875, 1.4716796875, 1.37890625, 9.75, 0.09246826171875, 0.1444091796875, 3.640625, 1.154296875, 7.12890625, 0.9208984375, 9.5367431640625e-07, 0.08880615234375, 4.64453125, 0.88916015625, 13.4921875, 9.796875, 2.958984375, 0.0113067626953125, 0.0189666748046875, 9.578125, 1.1552734375, 5.9375, 4.0703125, 0.0067596435546875, 0.490478515625, 0.10443115234375, 3.0, 0.13037109375, 2.0078125, 11.6875, 5.6484375, 0.2381591796875, 1.6927719116210938e-05, 0.52783203125, 1.9453125, 1.0848045349121094e-05, 1.3408203125, 0.196533203125, 8.234375, 3.21875, 3.6328125, 0.339599609375, 1.875, 0.00275421142578125, 0.01485443115234375, 3.7578125, 0.43603515625, 3.736328125, 0.0806884765625, 2.869140625, 10.8125, 0.424560546875, 7.72265625, 4.58203125, 11.75, 4.9765625, 0.82763671875, 11.1875, 2.111328125, 12.0703125, 4.0859375, 4.98828125, 3.751953125, 3.466796875, 5.03515625, 4.26953125, 3.8515625, 0.03497314453125, 2.6015625, 2.822265625, 0.056915283203125, 0.3310546875, 0.01506805419921875, 0.5263671875, 0.0024127960205078125, 0.0004794597625732422, 0.00495147705078125, 0.46630859375, 5.265625, 0.3173828125, 2.173828125, 0.125, 0.331298828125, 0.007656097412109375, 3.224609375, 0.06414794921875, 0.0016078948974609375, 0.0274658203125, 0.031707763671875, 0.29541015625, 0.56103515625, 1.1920928955078125e-06, 5.265625, 0.58251953125, 0.0009717941284179688, 2.2649765014648438e-06, 1.05859375, 0.379638671875, 9.8515625, 0.0227508544921875, 0.056121826171875, 8.1328125, 3.8515625, 7.921875, 0.59228515625, 0.02215576171875, 5.87890625, 2.18359375, 3.95703125, 4.4609375, 0.026947021484375, 5.42578125, 3.34765625, 6.3046875, 1.505859375, 11.2578125, 0.07958984375, 3.37109375, 7.39453125, 9.921875]",-0.9662231403318318
405,1,test,3.3556528810594903,1.547284019775078,2.120344662536038,4.889665626686686,2.2546138573865417,3.0896450796953685,28.664312469596315,22.5638239003904,25.224874013603014,41.7679981699832,32.87871482628316,36.75624499125011,3.61528602676775,1.5920037118034749,2.2253960902167726,4.852732921835906,2.1369177339643954,2.987108845928554,37.16197372488428,29.59886498260496,33.147565535817236,49.881843926019165,39.730020110879146,44.49337655814394,3.400424944517206,1.5695452116006194,2.153831737761779,4.928152093503197,2.2747032052182887,3.121495272118521,29.976835833234695,23.73746260641469,26.498363520684006,43.444689613383616,34.402119719441586,38.40342539229566,0.7185929648241206,-0.011407035175879376,-0.011407035175879376,0.5879396984924623,0.01793969849246224,0.022939698492462357,0.48743718592964824,0.00743718592964826,-0.002562814070351749,0.419672131147541,0.10983606557377046,0.17704918032786887,0.4013157894736842,0.44723618090452266,0.14572864321608048,0.1993299832495813,0.4494949494949495,0.4280936454849499,0.11872909698996659,0.18729096989966565,0.4093959731543624,22.0,10.0,10.0,31.0,10.0,10.0,41.0,12.0,12.0,0.00033477034704460434,-0.00013158462525379646,-2.999795220864557e-05,0.0004833415140721442,8.040468024717029e-05,-6.13331151724239e-05,"[7.03125, 1.359375, 1.5029296875, 0.00634765625, 0.041778564453125, 5.08984375, 1.763671875, 2.109375, 0.5390625, 3.115234375, 0.1781005859375, 0.53662109375, 0.9599609375, 0.357177734375, 4.3828125, 3.767578125, 9.3203125, 15.375, 2.00390625, 5.6875, 0.484130859375, 3.533203125, 0.128173828125, 1.6005859375, 1.0166015625, 3.9140625, 1.9970703125, 4.66015625, 0.310791015625, 8.2109375, 4.78515625, 2.36328125, 0.81005859375, 0.0213775634765625, 9.2578125, 6.3515625, 0.1341552734375, 6.82421875, 5.4296875, 6.28125, 5.26953125, 0.04620361328125, 2.09375, 8.4375, 6.26171875, 11.3125, 1.287109375, 10.9140625, 6.2109375, 1.3212890625, 6.85546875, 1.9482421875, 2.380859375, 1.42578125, 3.611328125, 3.822265625, 3.830078125, 1.6337890625, 1.4091796875, 3.484375, 1.140625, 13.21875, 0.01007080078125, 0.2008056640625, 9.0703125, 1.1259765625, 1.7060546875, 3.251953125, 11.609375, 4.24609375, 0.5009765625, 13.171875, 8.8125, 0.2215576171875, 0.58447265625, 4.5, 0.0026721954345703125, 0.00682830810546875, 0.92041015625, 1.576171875, 2.80078125, 0.004474639892578125, 4.61328125, 7.96484375, 3.796875, 0.00637054443359375, 7.00390625, 1.0634765625, 2.1953125, 0.050048828125, 1.5068359375, 10.0, 4.453125, 0.82421875, 1.1376953125, 1.197265625, 4.49609375, 0.86962890625, 0.196044921875, 8.84375, 1.5625, 0.99951171875, 1.7626953125, 6.765625, 4.59375, 1.3916015625, 6.671875, 4.12109375, 3.61328125, 8.6640625, 3.65625, 0.057647705078125, 0.017120361328125, 6.4921875, 2.349609375, 3.546875, 2.4453125, 0.005512237548828125, 2.169921875, 7.1796875, 5.26953125, 0.1136474609375, 0.2239990234375, 0.0108489990234375, 2.76953125, 4.27734375, 3.4375, 0.446533203125, 0.1392822265625, 0.5107421875, 6.50390625, 1.3642578125, 0.402099609375, 0.035125732421875, 2.48828125, 4.5078125, 4.39453125, 0.03521728515625, 0.034332275390625, 0.317626953125, 7.453125, 1.556640625, 5.0703125, 4.6328125, 0.07550048828125, 4.05078125, 10.703125, 4.92578125, 2.34375, 3.98828125, 7.80078125, 6.01953125, 1.1435546875, 0.93994140625, 5.73828125, 0.470703125, 4.6640625, 8.2421875, 12.7109375, 4.015625, 0.0017852783203125, 5.91015625, 0.0799560546875, 2.646484375, 6.67578125, 9.65625, 1.44140625, 8.8046875, 1.1845703125, 3.412109375, 9.0234375, 8.1484375, 1.337890625, 0.72314453125, 0.36767578125, 6.59375, 8.6015625, 5.3046875, 0.482421875, 8.1328125, 4.99609375, 1.294921875, 1.9296875, 0.0031909942626953125, 1.7275390625, 3.32421875, 0.01012420654296875, 4.41796875, 4.828125, 6.13671875, 5.45703125, 0.115478515625, 6.71875, 6.35546875, 1.9443359375, 5.1171875, 5.4609375, 3.072265625, 5.40234375, 3.044921875, 1.716796875, 2.162109375, 1.3251953125, 3.001953125, 0.11578369140625, 1.353515625, 5.7890625, 1.0087890625, 0.6787109375, 1.48046875, 10.2265625, 4.73046875, 4.671875, 3.86328125, 0.86767578125, 3.4296875, 0.006809234619140625, 7.59375, 0.0024089813232421875, 0.0250091552734375, 0.07965087890625, 0.001750946044921875, 0.376220703125, 0.149658203125, 0.00042438507080078125, 0.0010547637939453125, 3.0546875, 2.2734375, 0.36279296875, 2.423828125, 1.0634765625, 3.833984375, 0.95947265625, 1.6025390625, 2.427734375, 0.0085601806640625, 4.14453125, 1.0126953125, 0.0712890625, 0.0196380615234375, 3.013671875, 1.0498046875, 10.46875, 3.126953125, 5.44921875, 0.1981201171875, 9.5625, 1.1826171875, 1.8388671875, 0.10015869140625, 3.7421875, 0.56689453125, 12.8359375, 0.2242431640625, 3.4765625, 4.9765625, 3.24609375, 2.55859375, 4.6953125, 1.9541015625, 0.336669921875, 6.87890625, 1.0185546875, 0.7890625, 10.4453125, 0.71484375, 3.6328125, 0.2310791015625, 0.716796875, 1.25, 1.0185546875, 1.416015625, 0.2486572265625, 0.65625, 1.439453125, 0.0017004013061523438, 4.73046875, 8.578125, 3.689453125, 8.265625, 5.3125, 3.458984375, 3.84375, 0.58203125, 6.66796875, 5.9609375, 0.01629638671875, 2.6328125, 1.1201171875, 3.16796875, 17.390625, 5.3671875, 2.837890625, 3.26171875, 5.07421875, 7.7109375, 13.390625, 2.958984375, 0.248779296875, 1.236328125, 0.217529296875, 0.1103515625, 0.234619140625, 3.212890625, 1.7353515625]",-0.8887380834485663
335,1,test,3.1060198620704322,1.3229719780608271,1.8269073114310652,5.4535930136352935,2.3228926591533123,3.207709349140591,22.331982907592153,16.384025403451574,18.738533601770385,39.21080719821413,28.767300417688226,32.90137876589916,2.954999999784345,1.1718892640803926,1.6445671761255567,4.924999999640575,1.9531487734673214,2.7409452935425946,19.201722715692213,13.253391360596133,15.493944536615228,32.00287119282036,22.08898560099356,25.823240894358715,3.0993152972447833,1.3286555720412214,1.8325874111724139,5.437395258324182,2.3309746877916173,3.2150656336358145,22.182757485249713,16.30802969604988,18.633537396389634,38.91711839517494,28.610578414122593,32.6904164848941,0.6130653266331658,-0.0069346733668341765,0.0030653266331658324,0.5025125628140703,-0.0024874371859296973,0.002512562814070307,0.38190954773869346,-0.02309045226130657,-0.013090452261306562,0.38870431893687707,0.0897009966777409,0.14174972314507195,0.3833333333333333,0.39698492462311563,0.09045226130653272,0.15242881072026804,0.3484848484848485,0.3913043478260869,0.09030100334448155,0.14158305462653287,0.3791946308724832,22.0,8.0,6.0,34.0,11.0,9.0,40.0,8.0,8.0,-0.00012562444634379137,0.00024012984840761264,-0.0001492377662197494,0.0004991372202978184,9.589878044646838e-05,-4.7314887297922326e-05,"[7.05859375, 1.3818359375, 1.4873046875, 0.00400543212890625, 0.036102294921875, 6.0078125, 0.302490234375, 8.765625, 1.859375, 2.23828125, 0.1568603515625, 1.318359375, 7.0390625, 6.01953125, 0.007434844970703125, 10.7265625, 2.837890625, 2.419921875, 7.9609375, 6.41015625, 0.73828125, 9.328125, 0.282470703125, 8.703125, 5.27734375, 0.59619140625, 0.67626953125, 8.5234375, 3.845703125, 4.98828125, 2.951171875, 7.96875, 0.286376953125, 4.484375, 1.357421875, 2.134765625, 0.417724609375, 7.8125, 0.58203125, 0.191650390625, 0.49658203125, 11.265625, 13.3046875, 3.26171875, 5.34375, 4.3359375, 0.1754150390625, 2.658203125, 3.095703125, 0.0288848876953125, 0.6064453125, 1.833984375, 4.9609375, 2.212890625, 1.3720703125, 0.0177154541015625, 6.437301635742188e-05, 0.345703125, 0.10430908203125, 0.0273590087890625, 7.3828125, 4.34375, 0.0921630859375, 5.6953125, 1.4736328125, 5.20703125, 0.36474609375, 0.0738525390625, 3.265625, 5.12890625, 4.9921875, 0.394287109375, 5.44921875, 1.490234375, 1.625, 2.87890625, 3.490234375, 5.08984375, 1.62890625, 2.158203125, 10.0, 2.326171875, 5.3671875, 11.6953125, 1.7529296875, 1.4814453125, 4.91796875, 0.7724609375, 1.0322265625, 0.1192626953125, 0.012054443359375, 3.695487976074219e-05, 3.162109375, 0.12158203125, 0.00995635986328125, 9.9140625, 6.80078125, 4.6328125, 4.5859375, 1.287109375, 0.521484375, 5.28515625, 0.75390625, 0.16845703125, 6.671875, 3.5703125, 0.416259765625, 5.79296875, 3.09375, 1.8818359375, 0.818359375, 7.37890625, 0.0026531219482421875, 5.52734375, 8.1015625, 0.2919921875, 0.017425537109375, 0.02423095703125, 2.69921875, 0.38671875, 0.2587890625, 2.462890625, 0.442138671875, 2.369140625, 6.6796875, 3.693359375, 0.0015001296997070312, 0.063720703125, 0.8759765625, 0.07025146484375, 0.0013170242309570312, 9.775161743164062e-06, 0.68310546875, 0.365966796875, 0.005092620849609375, 7.5234375, 4.34765625, 2.912109375, 0.5888671875, 0.01415252685546875, 7.7421875, 3.3671875, 5.9921875, 5.1875, 0.42919921875, 5.7890625, 6.22265625, 0.329345703125, 2.349609375, 1.8515625, 1.29296875, 4.49609375, 0.0655517578125, 7.3984375, 2.822265625, 9.8515625, 0.00848388671875, 1.1201171875, 0.1090087890625, 0.006496429443359375, 4.363059997558594e-05, 2.212890625, 0.1485595703125, 0.00689697265625, 6.328125, 9.0625, 0.8564453125, 3.615234375, 4.69140625, 0.17236328125, 0.49755859375, 1.4052734375, 9.703125, 0.0841064453125, 3.4921875, 3.376953125, 2.837890625, 1.4873046875, 5.1328125, 10.015625, 0.11639404296875, 6.25, 1.818359375, 2.07421875, 1.4716796875, 0.98974609375, 0.072265625, 0.0022525787353515625, 3.337860107421875e-05, 0.10809326171875, 0.036834716796875, 0.007236480712890625, 2.94921875, 0.004070281982421875, 3.21484375, 4.0859375, 3.083984375, 9.1875, 2.79296875, 2.900390625, 0.0372314453125, 0.2061767578125, 3.37109375, 0.0188751220703125, 0.0001214742660522461, 0.45361328125, 0.022613525390625, 0.036712646484375, 1.4423828125, 0.1085205078125, 2.525390625, 9.78125, 1.57421875, 7.60546875, 6.125, 0.240966796875, 2.373046875, 5.99609375, 0.71337890625, 2.912109375, 1.517578125, 5.40625, 8.8828125, 6.7421875, 2.171875, 5.3203125, 4.4375, 2.482421875, 4.41015625, 8.046875, 0.93408203125, 4.328125, 2.60546875, 12.4140625, 2.205078125, 7.72265625, 0.0784912109375, 5.25390625, 0.01018524169921875, 0.0496826171875, 1.087890625, 6.1328125, 8.9921875, 2.212890625, 5.87890625, 0.5009765625, 12.4765625, 7.68359375, 1.220703125, 0.00411224365234375, 4.046875, 1.37109375, 0.001064300537109375, 2.0623207092285156e-05, 0.10968017578125, 0.0123443603515625, 0.0207061767578125, 4.640625, 1.736328125, 0.302978515625, 5.45703125, 3.513671875, 3.923828125, 2.421875, 0.50927734375, 0.91796875, 2.125, 7.796875, 4.109375, 2.841796875, 0.9892578125, 8.046875, 4.9765625, 1.1298828125, 1.328125, 0.257568359375, 0.63330078125, 0.0887451171875, 1.3798828125, 5.57421875, 0.8447265625, 12.75, 4.07421875, 10.3828125, 2.08984375, 8.3515625, 5.0078125, 4.40625, 2.09375, 3.330078125, 0.0006260871887207031, 1.779296875, 13.203125, 2.3125, 2.392578125, 6.5546875, 0.0039005279541015625, 2.2734375, 6.953125, 5.83984375, 0.91357421875]",-0.5657397433372826
251,1,test,3.7829414015056706,1.7846668764990585,2.420251521486211,6.954792268921964,3.281041411409808,4.44953933565542,43.94511203743965,36.56879457677103,40.038424335118485,80.79139828421597,67.23032233729444,73.60910320071783,3.839849174921237,1.770958859671787,2.466973125042039,6.677998565080413,3.079928451603108,4.290388043551372,46.518457760601244,38.602423820606205,42.57177250867657,80.90166567061087,67.1346501227934,74.037865232481,3.7829414015056706,1.7846668764990585,2.420251521486211,6.954792268921964,3.281041411409808,4.44953933565542,43.94511203743965,36.56879457677103,40.038424335118485,80.79139828421597,67.23032233729444,73.60910320071783,0.7839195979899498,-0.02608040201005024,-0.011080402010050228,0.6331658291457287,0.023165829145728734,0.0031658291457287158,0.48743718592964824,-0.017562814070351762,0.0024371859296482556,0.4327731092436975,0.11411482832126563,0.1715999248861556,0.36708860759493667,0.42713567839195976,0.11635873603607005,0.16837107071249402,0.3484848484848485,0.4327731092436975,0.11411482832126563,0.1715999248861556,0.36708860759493667,17.0,0.0,-2.0,30.0,0.0,0.0,37.0,-2.0,-2.0,0.00017861155851097538,0.00023207678303144112,3.376716557258557e-05,3.8442710928343615e-05,-4.636562540305533e-05,-7.072031659394185e-05,"[12.125, 9.2890625, 7.7578125, 1.2099609375, 10.421875, 6.05078125, 0.329345703125, 6.12109375, 5.30078125, 1.7509765625, 6.78515625, 3.900390625, 6.71875, 1.4931640625, 3.896484375, 3.259765625, 5.2578125, 4.10546875, 1.921875, 12.0234375, 0.129638671875, 4.99609375, 2.56640625, 1.78125, 3.18359375, 7.9375, 1.146484375, 7.328125, 0.51904296875, 9.265625, 0.154541015625, 7.55078125, 1.74609375, 4.4921875, 0.5341796875, 0.546875, 8.21875, 1.78515625, 10.09375, 3.138671875, 1.6494140625, 4.68359375, 5.32421875, 6.5546875, 0.2490234375, 3.267578125, 7.2421875, 1.509765625, 1.3828125, 0.461669921875, 1.8544921875, 8.046875, 0.067626953125, 1.2236328125, 2.365234375, 2.744140625, 6.640625, 7.53515625, 1.1337890625, 1.2724609375, 1.94140625, 1.287109375, 1.220703125, 1.376953125, 7.3984375, 0.484130859375, 1.705078125, 10.9453125, 5.70703125, 1.6328125, 1.55859375, 7.62890625, 2.138671875, 0.1488037109375, 1.0556640625, 5.85546875, 0.935546875, 5.9921875, 8.3671875, 1.1064453125, 0.9560546875, 1.794921875, 0.66845703125, 9.6953125, 4.3984375, 4.17578125, 7.79296875, 3.16796875, 2.1796875, 10.453125, 7.01953125, 16.640625, 0.90869140625, 1.0283203125, 3.9140625, 0.93701171875, 6.4921875, 2.29296875, 1.5830078125, 0.8916015625, 6.75, 1.9091796875, 2.947265625, 3.078125, 2.783203125, 3.6015625, 0.6201171875, 1.1484375, 9.109375, 1.60546875, 3.197265625, 7.76953125, 0.01525115966796875, 8.2578125, 6.27734375, 2.92578125, 6.6796875, 1.9931640625, 6.86328125, 0.92578125, 4.12109375, 9.21875, 0.5029296875, 1.7548828125, 7.88671875, 2.07421875, 0.10223388671875, 7.87890625, 4.0234375, 7.17578125, 5.9609375, 3.77734375, 4.96875, 0.09161376953125, 1.4443359375, 0.8544921875, 3.416015625, 2.482421875, 1.111328125, 1.9443359375, 2.837890625, 1.1591796875, 5.94140625, 2.876953125, 7.109375, 8.2265625, 0.10028076171875, 0.5244140625, 3.939453125, 5.5390625, 2.552734375, 0.5986328125, 3.927734375, 6.4375, 0.184814453125, 11.3046875, 0.00983428955078125, 0.003597259521484375, 6.03515625, 1.453125, 7.3125, 0.295654296875, 2.978515625, 1.345703125, 5.91015625, 0.06024169921875, 4.94140625, 3.76953125, 4.48828125, 2.6484375, 1.142578125, 5.64453125, 0.369384765625, 6.9609375, 5.8046875, 3.71875, 0.003875732421875, 7.66015625, 0.2081298828125, 7.4140625, 0.345458984375, 4.4921875, 0.36279296875, 8.4140625, 1.4052734375, 2.66015625, 4.76953125, 0.7314453125, 2.140625, 0.068115234375, 6.8515625, 7.32421875, 1.96484375, 1.1767578125, 5.1640625, 5.10546875, 2.20703125, 1.130859375, 4.36328125, 0.076171875, 0.07952880859375, 1.1025390625, 2.208984375, 6.65234375, 4.5078125, 1.8486328125, 7.59375, 0.1251220703125, 0.52197265625, 4.2109375, 0.5986328125, 0.95849609375, 3.638671875, 0.501953125, 5.89453125, 5.328125, 0.09405517578125, 1.869140625, 3.9296875, 6.0859375, 2.501953125, 1.0166015625, 8.6796875, 4.859375, 5.45703125, 12.8046875, 2.826171875, 1.501953125, 8.140625, 0.97216796875, 11.4375, 6.41015625, 2.71484375, 0.669921875, 5.03125, 5.203125, 0.1317138671875, 1.2685546875]",-0.28367131898383136
247,1,test,2.5983544204749314,1.1171346454187456,1.533793721136379,4.434524877610549,1.9065764615146588,2.6176746174060863,13.441600602808537,9.043293246971135,10.542035679365028,22.940331695459903,15.433887141497404,17.991740892782982,2.5588632438650083,1.0005023974459248,1.4325710758654988,4.061687688674616,1.5880990435649598,2.2739223426436483,12.921120800607847,8.170093604787874,9.836921221421957,20.50971555652039,12.96840254728234,15.614160668923738,2.5983544204749314,1.1171346454187456,1.533793721136379,4.434524877610549,1.9065764615146588,2.6176746174060863,13.441600602808537,9.043293246971135,10.542035679365028,22.940331695459903,15.433887141497404,17.991740892782982,0.6532663316582914,-0.006733668341708521,-0.0017336683417086274,0.48743718592964824,-0.002562814070351749,-0.002562814070351749,0.3417085427135679,0.0017085427135679065,0.011708542713567915,0.40784313725490196,0.09864548559149688,0.15230206815451086,0.4448818897637795,0.4120603015075377,0.09125829649500639,0.13660120301004186,0.45959595959595956,0.40784313725490196,0.09864548559149688,0.15230206815451086,0.4448818897637795,22.0,2.0,2.0,31.0,3.0,3.0,41.0,3.0,2.0,-0.00029795642626274314,5.1270626893581996e-05,-9.071717631326078e-05,-7.936596070123869e-05,-0.0001398081572467902,0.00011389473326595123,"[2.12109375, 9.0390625, 0.7978515625, 0.0180816650390625, 0.177490234375, 0.380615234375, 1.1920928955078125e-06, 0.0160980224609375, 0.0004582405090332031, 4.0531158447265625e-06, 6.9453125, 0.44873046875, 0.1710205078125, 1.1015625, 0.2099609375, 0.33984375, 0.0028896331787109375, 0.0711669921875, 0.23046875, 1.1376953125, 1.6669921875, 0.1661376953125, 0.01654052734375, 0.325439453125, 3.498046875, 1.5693359375, 3.33984375, 0.00574493408203125, 0.71484375, 1.3779296875, 0.200439453125, 0.056182861328125, 1.654296875, 2.947265625, 5.2109375, 4.44140625, 0.02423095703125, 4.33984375, 0.3095703125, 0.10235595703125, 0.7041015625, 0.94091796875, 1.0107421875, 5.65234375, 2.419921875, 3.55859375, 9.671875, 6.09765625, 2.974609375, 4.61328125, 2.677734375, 10.5859375, 0.88330078125, 0.35205078125, 4.1015625, 2.05859375, 1.30859375, 3.154296875, 2.33984375, 1.3486328125, 2.65625, 0.0311737060546875, 4.26953125, 2.078125, 1.5224609375, 4.3515625, 6.1640625, 8.8671875, 0.08111572265625, 5.296875, 3.791015625, 1.080078125, 7.4296875, 0.951171875, 0.445068359375, 3.509765625, 1.5810546875, 0.728515625, 0.01342010498046875, 3.30078125, 2.029296875, 6.81640625, 0.233154296875, 2.90234375, 6.23828125, 0.43212890625, 0.07171630859375, 2.673828125, 2.34765625, 5.98828125, 6.92578125, 0.0014810562133789062, 7.21484375, 1.986328125, 1.5068359375, 4.734375, 6.29296875, 0.02642822265625, 2.095703125, 5.06640625, 2.89453125, 3.609375, 4.8046875, 1.482421875, 2.669921875, 2.7421875, 2.822265625, 4.30078125, 5.1640625, 0.07684326171875, 2.171875, 1.6396484375, 1.298828125, 3.521484375, 0.51611328125, 2.787109375, 1.9189453125, 2.9140625, 1.4765625, 1.33203125, 0.057342529296875, 6.2109375, 5.23828125, 0.392333984375, 0.110107421875, 1.3720703125, 1.1455078125, 5.890625, 4.984375, 2.77734375, 0.0030422210693359375, 2.2734375, 1.3017578125, 2.3359375, 0.006153106689453125, 5.5, 3.443359375, 0.87158203125, 1.486328125, 2.916015625, 0.385009765625, 2.234375, 4.61328125, 1.1103515625, 0.00435638427734375, 0.2174072265625, 0.5595703125, 5.9140625, 0.005615234375, 8.25, 5.9453125, 4.5234375, 2.771484375, 3.658203125, 2.62890625, 7.453125, 7.4375, 1.220703125, 5.16015625, 1.5615234375, 0.1800537109375, 2.85546875, 0.35400390625, 2.26171875, 8.03125, 0.751953125, 4.21875, 5.8125, 0.87158203125, 6.27734375, 2.626953125, 4.8359375, 0.269287109375, 2.494140625, 7.5390625, 0.05877685546875, 0.9326171875, 0.166259765625, 9.5703125, 0.876953125, 1.728515625, 1.3935546875, 0.046539306640625, 0.004047393798828125, 6.30859375, 0.05517578125, 0.037322998046875, 1.1953125, 7.0703125, 0.045135498046875, 0.68896484375, 3.685546875, 0.0012960433959960938, 0.049285888671875, 1.7412109375, 3.474609375, 3.6875, 4.78515625, 2.009765625, 0.002593994140625, 1.6376953125, 1.998046875, 0.0006480216979980469, 6.734375, 0.91162109375, 0.167236328125, 0.5615234375, 2.5078125, 0.478515625, 0.0263671875, 0.08221435546875, 3.24609375, 2.2578125, 0.174072265625, 6.296875, 2.451171875, 4.11328125, 0.1756591796875, 0.1787109375, 1.4228515625, 4.64453125, 0.41064453125, 2.682209014892578e-05, 0.066650390625, 0.072021484375, 7.49609375, 5.6875, 1.0908203125, 4.23828125, 1.5654296875, 6.16015625, 0.5380859375, 0.61328125, 3.1171875, 6.49609375, 12.1171875, 0.72216796875, 4.5625, 0.9521484375, 1.251953125, 6.05859375, 1.7021484375, 1.8408203125, 4.7890625, 13.0234375, 0.1624755859375, 2.763671875, 6.3125, 0.70751953125, 2.037109375, 1.884765625, 5.6484375, 0.006580352783203125, 3.701171875, 6.2421875]",-0.6753358032189163
10,1,test,2.6203976758042273,1.0650766218266292,1.4832285761810702,5.22556048140029,2.123960937712406,2.957833730407599,13.741187036270436,9.004580048685643,10.623257723685905,27.40248345023697,17.956807887785907,21.184752321071308,2.7966293204369856,1.07549982993447,1.5228402033523099,4.863703165977367,1.8704344868425569,2.6484177449605393,16.389310449201247,10.798470749494488,12.814939804941861,28.503148607306517,18.779949129555632,22.2868518346815,2.611624118476408,1.0519905403306251,1.474293357552493,5.293832672587314,2.132413257426943,2.9884324815253236,13.621155266816547,8.864077438350733,10.502721864978907,27.610449865168675,17.96772453719743,21.289301077659946,0.6281407035175879,0.008140703517587888,-0.006859296482412125,0.4824120603015075,0.002412060301507535,0.002412060301507535,0.40201005025125625,-0.01298994974874379,0.0020100502512562235,0.39766081871345027,0.10087719298245612,0.14155133679751675,0.375366568914956,0.4170854271356784,0.11306532663316582,0.1507537688442211,0.4191919191919192,0.3946488294314381,0.09866220735785947,0.1482720178372352,0.3926174496644296,20.0,11.0,11.0,35.0,23.0,23.0,42.0,23.0,23.0,-0.0002096469330707986,0.0002532468495743438,0.0004164504896321188,-0.007357904796982062,-0.010269029266204655,-0.012071826638377914,"[7.05859375, 1.3818359375, 0.337890625, 0.05712890625, 0.8857421875, 0.1341552734375, 0.1402587890625, 4.0531158447265625e-06, 1.1328125, 0.0028858184814453125, 0.0234375, 4.41796875, 5.17578125, 1.55859375, 8.6015625, 5.70703125, 1.966796875, 1.91796875, 0.48974609375, 4.6484375, 4.5546875, 2.9296875, 3.771484375, 0.013885498046875, 3.14453125, 5.6328125, 5.265625, 0.0830078125, 5.1953125, 0.80712890625, 0.755859375, 0.017486572265625, 6.84375, 0.171875, 9.0234375, 2.64453125, 3.70703125, 3.916015625, 0.005062103271484375, 6.078125, 1.3837890625, 0.0007925033569335938, 0.16845703125, 0.73681640625, 0.00099945068359375, 5.15234375, 6.3359375, 0.0016241073608398438, 1.1416015625, 0.145751953125, 2.6484375, 5.41796875, 1.6845703125, 1.1787109375, 5.47265625, 1.3203125, 0.447265625, 4.65234375, 3.951171875, 1.333984375, 6.15234375, 0.2318115234375, 6.3671875, 1.0576171875, 0.41259765625, 8.1328125, 6.78125, 0.05084228515625, 0.205078125, 0.79931640625, 9.7421875, 6.79296875, 1.615234375, 2.41796875, 4.83984375, 2.595703125, 3.123046875, 1.8212890625, 0.0001329183578491211, 0.021759033203125, 3.703125, 5.375, 4.8125, 4.04296875, 5.87890625, 2.53125, 4.234375, 0.57421875, 0.5654296875, 0.732421875, 2.138671875, 0.7177734375, 3.8828125, 2.291015625, 9.3203125, 0.017547607421875, 1.1337890625, 3.734375, 2.110004425048828e-05, 2.107421875, 0.1353759765625, 0.0001100301742553711, 3.9140625, 1.8876953125, 0.00040268898010253906, 0.275390625, 0.055755615234375, 4.39453125, 7.08984375, 0.491455078125, 11.328125, 6.625, 1.3291015625, 8.8671875, 1.6708984375, 1.9248046875, 3.82421875, 0.094482421875, 8.515625, 6.21484375, 0.041534423828125, 5.61328125, 0.343017578125, 6.88671875, 1.0771484375, 3.4921875, 4.515625, 0.1309814453125, 5.95703125, 5.1953125, 0.5625, 7.8828125, 0.360107421875, 2.1953125, 1.365234375, 1.841796875, 0.0002090930938720703, 8.28125, 1.5419921875, 2.244140625, 0.353515625, 10.203125, 3.1484375, 0.0672607421875, 0.0242919921875, 4.31640625, 0.1314697265625, 7.36328125, 5.203125, 0.1304931640625, 0.007495880126953125, 3.552734375, 8.5234375, 4.7890625, 1.904296875, 1.5107421875, 1.453125, 4.6953125, 4.6640625, 0.434814453125, 2.015625, 2.625, 4.2578125, 2.427734375, 1.712890625, 2.93359375, 5.18359375, 0.55517578125, 3.798828125, 3.033203125, 7.0703125, 11.7578125, 5.94140625, 0.048858642578125, 0.00734710693359375, 0.003948211669921875, 0.52734375, 0.06341552734375, 0.6650390625, 1.430511474609375e-06, 4.02734375, 0.3798828125, 2.968311309814453e-05, 4.625, 0.343994140625, 7.30752944946289e-05, 3.18359375, 0.73486328125, 3.647804260253906e-05, 2.693359375, 0.73583984375, 3.2901763916015625e-05, 3.505859375, 1.443359375, 2.560546875, 7.06640625, 2.552734375, 0.82275390625, 7.33984375, 0.13232421875, 4.234375, 0.716796875, 11.546875, 7.14453125, 0.0264892578125, 9.8515625, 5.33984375, 0.939453125, 1.8583984375, 2.65234375, 7.4375, 12.390625, 2.76171875, 4.19921875, 6.8359375, 0.2373046875, 0.07916259765625, 4.3984375, 0.4208984375, 3.46875, 0.060333251953125, 7.6796875, 1.3828125, 2.384185791015625e-07, 3.052734375, 0.323974609375, 3.759765625, 0.029327392578125, 7.1953125, 0.350830078125, 5.23828125, 1.6494140625, 9.0390625, 0.93408203125, 5.87890625, 6.3828125, 0.004009246826171875, 4.85546875, 0.460205078125, 0.022918701171875, 0.00994873046875, 4.8359375, 0.450439453125, 5.22265625, 0.8486328125, 2.80078125, 5.0, 2.248046875, 0.0006837844848632812, 0.051483154296875, 1.08984375, 4.03515625, 2.291015625, 0.12017822265625, 1.1220703125, 0.94384765625, 1.4482421875, 6.27734375, 0.62890625, 0.29052734375, 0.42578125, 0.6435546875, 2.333984375, 0.249267578125, 0.138916015625, 6.28125, 4.76171875, 0.43115234375, 7.015625, 0.05999755859375, 1.130859375, 0.055755615234375, 2.62109375, 0.48828125, 0.004421234130859375, 0.0069122314453125, 3.7265625, 4.37109375, 0.298828125, 0.00033164024353027344, 0.052520751953125, 0.765625, 0.39990234375, 0.0018396377563476562, 0.9189453125, 0.260986328125, 0.0254364013671875, 0.068359375, 0.0030307769775390625, 0.018402099609375, 4.172325134277344e-06, 0.0034427642822265625, 6.437301635742188e-05, 8.344650268554688e-06, 0.031951904296875, 0.0003571510314941406, 1.7881393432617188e-05, 0.318115234375, 4.796875, 0.084228515625, 0.01187896728515625, 0.02716064453125, 0.00045609474182128906, 2.04296875, 1.71484375, 0.1824951171875, 1.5810546875, 5.33984375, 0.1929931640625, 0.01386260986328125, 1.2353515625, 0.3486328125, 5.57421875, 0.3359375, 5.00390625, 1.83984375, 3.125, 11.875, 2.056640625, 1.7158203125, 1.0615234375, 1.5986328125, 2.640625, 6.73828125, 7.15625, 0.86962890625, 3.5234375, 1.0302734375, 5.06640625, 5.3125, 5.62890625, 5.359375, 0.051055908203125, 1.5537109375, 0.0157318115234375, 0.48388671875, 5.10546875, 0.91796875, 4.78125, 1.6396484375, 1.6845703125, 0.63671875]",-0.6234856955489221
366,1,test,3.2173972183658233,1.3605188440480214,1.8911890744511053,5.685287130180517,2.4040986391984918,3.3418170576948505,24.963062152441054,18.559346617032865,21.19632878932749,44.11086550800663,32.79520907896148,37.4548764402321,3.5257217842130806,1.4824250228317832,2.1129618749653654,5.262271319721015,2.2125746609429595,3.1536744402468133,33.978289760636905,26.262284619172615,29.87101427735767,50.71386531438344,39.19743973010838,44.5836033990413,3.241203529380237,1.3619916311401332,1.9016749960578423,5.65326196984925,2.3755667985002322,3.3168749931241432,25.564470831662824,19.0161287635163,21.747227453666213,44.58919331103981,33.16766644799355,37.93121067499921,0.7185929648241206,-0.0014070351758793676,0.008592964824120641,0.5879396984924623,-0.00706030150753767,0.012939698492462348,0.48743718592964824,0.0024371859296482556,0.00743718592964826,0.42903225806451617,0.09730923068931485,0.15971895334348618,0.3980582524271845,0.4321608040201005,0.10133373635092757,0.16838784909522575,0.4292929292929293,0.4280936454849499,0.09754272728795488,0.16224269998995544,0.40268456375838924,22.0,1.0,1.0,31.0,-4.0,0.0,42.0,1.0,2.0,0.000531053359445088,-4.233573780309573e-05,0.00022951954123919715,0.0004635968812909397,6.103705499693746e-05,-7.885590001688314e-05,"[7.296875, 2.224609375, 7.38671875, 2.4765625, 3.388671875, 1.53515625, 10.2109375, 0.267333984375, 0.5087890625, 4.16015625, 6.140625, 4.6484375, 2.009765625, 7.48828125, 3.517578125, 0.302978515625, 7.4765625, 0.054962158203125, 2.4453125, 4.9921875, 1.31640625, 1.3828125, 1.0498046875, 2.63671875, 5.984375, 0.09698486328125, 10.328125, 0.05938720703125, 4.0703125, 9.375, 6.1953125, 3.349609375, 3.669921875, 1.11328125, 2.765625, 3.8515625, 1.4296875, 0.80908203125, 6.1171875, 4.94140625, 1.927734375, 2.33203125, 7.62890625, 3.990234375, 2.279296875, 4.3125, 4.55859375, 1.0966796875, 1.8984375, 2.03515625, 0.11846923828125, 6.6953125, 0.57666015625, 0.0450439453125, 6.3125, 0.7119140625, 5.51171875, 3.22265625, 7.42578125, 7.54296875, 1.5244140625, 3.970703125, 0.6513671875, 0.0005016326904296875, 0.5087890625, 1.5478515625, 2.8252601623535156e-05, 0.04376220703125, 0.220947265625, 4.34375, 0.01303863525390625, 0.11163330078125, 5.01171875, 9.6015625, 0.10479736328125, 7.4609375, 5.51953125, 1.423828125, 5.94140625, 0.52490234375, 6.33984375, 4.16796875, 3.814453125, 2.765625, 11.359375, 2.44140625, 0.136474609375, 0.0289764404296875, 1.4140625, 14.75, 0.09857177734375, 0.298828125, 0.70166015625, 7.3828125, 3.099609375, 0.47998046875, 0.55859375, 7.796875, 9.2890625, 3.869140625, 8.21875, 2.236328125, 1.2509765625, 2.3484230041503906e-05, 0.48779296875, 0.432373046875, 2.599609375, 8.375, 0.0645751953125, 8.8515625, 0.01629638671875, 0.70068359375, 2.361328125, 9.515625, 0.71337890625, 3.1171875, 5.875, 2.466796875, 4.6171875, 2.865234375, 1.455078125, 3.361328125, 6.078125, 1.19140625, 4.78515625, 9.5078125, 1.3408203125, 2.29296875, 0.0032367706298828125, 9.9453125, 0.70556640625, 7.37890625, 4.58203125, 1.1279296875, 8.609375, 0.998046875, 7.3828125, 4.421875, 0.34228515625, 0.73828125, 7.32421875, 0.143798828125, 6.234375, 1.56640625, 0.79833984375, 5.447864532470703e-05, 0.496337890625, 1.4306640625, 5.4836273193359375e-06, 0.02301025390625, 0.169677734375, 6.140625, 1.03125, 9.6015625, 4.80078125, 0.406494140625, 0.148193359375, 0.560546875, 12.0703125, 3.345703125, 8.421875, 0.010833740234375, 0.023101806640625, 5.74609375, 5.265625, 3.236328125, 3.537109375, 5.234375, 6.04296875, 2.96875, 6.0703125, 3.787109375, 4.796875, 1.140625, 1.134765625, 7.0234375, 4.36328125, 5.35546875, 5.7578125, 3.97265625, 4.234375, 1.2099609375, 0.73193359375, 2.037109375, 2.48046875, 1.181640625, 5.30078125, 3.24609375, 0.109375, 2.09375, 6.22265625, 1.8359375, 2.015625, 5.58984375, 4.59765625, 10.03125, 0.322509765625, 9.109375, 0.89453125, 1.888671875, 2.5703125, 2.115234375, 0.0433349609375, 0.1817626953125, 0.022705078125, 0.876953125, 2.88671875, 0.00042819976806640625, 0.541015625, 1.392578125, 1.1086463928222656e-05, 0.04168701171875, 0.1650390625, 8.6484375, 4.7109375, 0.5009765625, 0.08575439453125, 1.03125, 0.045654296875, 4.5390625, 0.45458984375, 5.703125, 4.7421875, 2.41015625, 0.197265625, 6.8984375, 0.01055145263671875, 0.00782012939453125, 2.146484375, 1.3935546875, 9.765625, 0.400634765625, 0.1915283203125, 0.70654296875, 1.228515625, 7.796875, 3.609375, 7.99609375, 12.2734375, 3.537109375, 2.453125, 3.64453125, 0.8974609375, 1.7021484375, 2.86328125, 8.234375, 1.294921875, 7.109375, 0.314697265625, 5.2578125, 4.85546875, 6.8671875, 4.515625, 3.6640625, 1.197265625, 0.00019347667694091797, 3.66015625, 0.80078125, 4.5299530029296875e-06, 2.1640625, 0.15283203125, 3.3515625, 0.0209808349609375, 7.87890625, 2.515625, 4.64453125, 7.09375, 3.421875, 4.9765625, 0.00501251220703125, 0.0220947265625, 3.189453125, 2.25, 2.5, 1.341796875, 3.84375, 1.3828125, 1.119140625, 4.21875, 1.9892578125, 2.90234375, 9.9140625, 0.529296875, 1.01171875, 5.9296875, 0.0135498046875, 7.484375, 0.01190948486328125, 4.0234375, 2.572265625, 0.1099853515625, 0.9365234375, 4.5078125, 0.08355712890625, 5.18359375, 0.006916046142578125, 5.0078125, 3.603515625, 1.056640625, 2.220703125, 2.494140625, 0.8291015625, 1.3603515625, 7.37905502319336e-05, 3.642578125, 1.3603515625, 4.53125, 9.65625, 0.0085601806640625, 2.169921875]",-0.2903494781063447
255,1,test,3.396225202567463,1.4618203097513938,2.0465554039621816,5.564899127098493,2.395271832845657,3.353391987215141,29.85120485177162,22.931280118911765,25.995052838094786,48.91281758844506,37.574145737012046,42.594303445552896,3.4162853920280036,1.3697938954829723,1.965793881460044,5.379976995319691,2.1571557409180664,3.095738396000069,30.45607227058417,22.715377118147302,26.19086187454712,47.962318536353024,35.77224743015323,41.24545177094035,3.396225202567463,1.4618203097513938,2.0465554039621816,5.564899127098493,2.395271832845657,3.353391987215141,29.85120485177162,22.931280118911765,25.995052838094786,48.91281758844506,37.574145737012046,42.594303445552896,0.7738693467336684,-0.006130653266331665,-0.006130653266331665,0.6080402010050252,-0.006959798994974786,0.013040201005025231,0.457286432160804,0.0022864321608040417,0.0022864321608040417,0.40590405904059046,0.0762539669595591,0.13105743327371933,0.4,0.4170854271356784,0.0662082341532223,0.12493183782015249,0.40909090909090906,0.40590405904059046,0.0762539669595591,0.13105743327371933,0.4,27.0,13.0,13.0,41.0,17.0,17.0,50.0,16.0,15.0,-0.00035330118524536455,0.0002255831310857939,0.00014740966562007662,-0.00019024471046957814,0.00021210453193631906,5.782182176528039e-05,"[1.783203125, 4.34765625, 0.00472259521484375, 0.0274505615234375, 5.20703125, 5.375, 2.990234375, 10.5078125, 1.23046875, 7.8515625, 4.546875, 0.427734375, 0.9423828125, 7.5859375, 4.40625, 1.3388671875, 7.77734375, 1.724609375, 1.1865234375, 4.87109375, 2.291015625, 8.109375, 5.31640625, 5.9453125, 3.572265625, 5.66796875, 1.484375, 10.734375, 3.2421875, 6.5546875, 5.84375, 1.11328125, 1.3173828125, 10.2109375, 0.08038330078125, 2.841796875, 4.5703125, 6.22265625, 7.3359375, 6.9921875, 1.4453125, 1.2412109375, 5.52734375, 5.8671875, 9.984375, 0.00444793701171875, 2.744140625, 6.83203125, 1.7451171875, 6.58984375, 1.0126953125, 5.2734375, 5.765625, 6.2265625, 2.751953125, 4.625, 0.0887451171875, 2.8984375, 5.95703125, 2.640625, 2.015625, 2.396484375, 0.416748046875, 5.9375, 0.44140625, 3.80078125, 0.376220703125, 3.107421875, 4.67578125, 0.206298828125, 4.828125, 1.025390625, 1.5751953125, 3.02734375, 2.443359375, 4.0234375, 1.8955078125, 7.75, 4.4296875, 3.10546875, 2.748046875, 0.10382080078125, 5.12890625, 1.4677734375, 2.73828125, 0.3916015625, 1.0615234375, 2.6171875, 6.687641143798828e-05, 0.69482421875, 0.07635498046875, 3.62109375, 6.46484375, 1.0830078125, 3.4453125, 2.138671875, 0.06414794921875, 0.56201171875, 8.875, 0.05975341796875, 0.634765625, 4.65625, 0.022125244140625, 5.03515625, 5.89453125, 5.34765625, 2.7421875, 6.8671875, 2.23046875, 0.1575927734375, 5.41015625, 1.8232421875, 4.69140625, 8.4375, 2.521484375, 0.0010118484497070312, 7.19921875, 1.49609375, 2.09375, 6.2890625, 0.72509765625, 2.26953125, 4.40234375, 0.353271484375, 1.3876953125, 2.611328125, 2.1640625, 3.9921875, 0.123779296875, 0.759765625, 5.1171875, 0.0654296875, 5.3515625, 2.337890625, 2.1015625, 1.9296875, 4.1171875, 4.8984375, 3.421875, 0.97021484375, 8.03125, 3.7421875, 7.17578125, 10.3359375, 3.369140625, 4.60546875, 0.41064453125, 3.3828125, 11.2421875, 1.5771484375, 1.6591796875, 0.0004467964172363281, 5.2109375, 3.57421875, 1.8251953125, 1.3388671875, 1.66796875, 1.515625, 6.12109375, 9.6796875, 0.33251953125, 0.269775390625, 3.03515625, 1.8349609375, 10.390625, 2.07421875, 4.50390625, 0.72509765625, 5.15625, 2.791015625, 9.40625, 8.078125, 2.8014183044433594e-05, 0.439208984375, 1.33203125, 1.3486328125, 8.421875, 7.86328125, 1.9462890625, 0.34765625, 1.2744140625, 1.0371208190917969e-05, 0.113525390625, 1.822265625, 2.753734588623047e-05, 0.0285491943359375, 1.66015625, 2.123046875, 6.58203125, 2.345703125, 7.515625, 1.798828125, 1.9521484375, 5.44921875, 4.1875, 6.30859375, 0.30322265625, 0.06756591796875, 0.06903076171875, 1.7607421875, 0.0338134765625, 0.0031299591064453125, 0.022979736328125, 0.21923828125, 3.4140625, 2.9802322387695312e-06, 3.2890625, 1.814453125, 5.447864532470703e-05, 0.78466796875, 0.943359375, 2.185546875, 8.0625, 13.8203125, 3.6796875, 8.7734375, 4.18359375, 2.298828125, 13.734375, 0.089599609375, 2.404296875, 1.4638671875, 3.708984375, 6.5, 0.051055908203125, 0.67529296875, 1.7763671875, 2.703125, 2.2292137145996094e-05, 3.216796875, 2.0390625, 2.724609375, 3.916015625, 4.76171875, 0.75634765625, 5.0390625, 0.568359375, 5.0546875, 0.93896484375, 4.87890625, 3.16015625, 9.1875, 1.400390625, 6.3046875, 0.419677734375, 0.55224609375, 9.4296875, 10.7421875, 3.03515625, 1.3828125, 4.88671875, 0.8525390625, 2.110004425048828e-05, 0.1993408203125, 1.1474609375, 2.9609375, 8.359375, 13.765625, 2.369140625, 0.0699462890625, 6.1328125, 11.796875, 5.51171875, 0.1602783203125, 3.16796875, 1.1015625, 0.1724853515625, 0.7197265625, 5.42578125, 6.109375, 0.92626953125]",-0.6265790576864432
270,1,test,3.3582486668319413,1.446523717903815,2.0467173284885494,5.174045911107352,2.2286557281657617,3.153372628194567,28.738815539251977,21.97406795492193,25.02696207342667,44.27782626687078,33.85539539566461,38.558982264291096,3.3474613757588756,1.3111865333077848,1.8939613992568376,5.0337765049005645,1.9717090726432853,2.84806225452156,28.430467680075026,20.768453917787948,24.15240622256226,42.75258297755643,31.230757771109694,36.31940785347708,3.3582486668319413,1.446523717903815,2.0467173284885494,5.174045911107352,2.2286557281657617,3.153372628194567,28.738815539251977,21.97406795492193,25.02696207342667,44.27782626687078,33.85539539566461,38.558982264291096,0.7035175879396984,-0.01148241206030165,-0.0064824120603015345,0.5879396984924623,-0.00706030150753767,-0.01706030150753768,0.4773869346733668,-0.007613065326633195,-0.017613065326633204,0.446969696969697,0.10670504668614311,0.18374551560949548,0.4448669201520913,0.44723618090452266,0.10889031624286849,0.17511598057063282,0.45959595959595956,0.446969696969697,0.10670504668614311,0.18374551560949548,0.4448669201520913,20.0,8.0,8.0,34.0,13.0,12.0,45.0,13.0,14.0,-0.00011791986489412584,0.00012279033246961706,6.688386434227457e-05,-0.000141735257445319,-0.00018927773293242467,8.23537205478786e-05,"[1.783203125, 4.34765625, 0.00472259521484375, 0.0274505615234375, 6.20703125, 0.345703125, 4.28515625, 0.141845703125, 0.1405029296875, 0.74658203125, 0.083251953125, 0.173095703125, 0.2056884765625, 3.8203125, 0.371337890625, 7.20703125, 4.34765625, 4.50390625, 0.00439453125, 1.0546875, 4.35546875, 4.11328125, 3.759765625, 3.888671875, 2.326171875, 0.0011444091796875, 3.67578125, 0.51416015625, 2.916015625, 5.92578125, 4.2109375, 9.3984375, 0.007335662841796875, 0.77734375, 7.51953125, 3.3671875, 1.1845703125, 5.16015625, 5.53125, 5.98046875, 0.7626953125, 7.265625, 3.68359375, 2.107421875, 5.5234375, 9.40625, 0.138671875, 4.63671875, 0.77880859375, 7.0390625, 2.029296875, 4.07421875, 3.697265625, 2.96875, 5.859375, 0.208251953125, 3.890625, 0.032073974609375, 6.2734375, 0.0218505859375, 4.34765625, 5.01171875, 4.87890625, 12.84375, 1.2197265625, 3.705078125, 6.36328125, 3.466796875, 7.53515625, 11.5078125, 0.319580078125, 2.04296875, 1.603515625, 6.91796875, 4.3046875, 4.31640625, 7.82421875, 1.9599609375, 6.53125, 5.421875, 3.685546875, 0.331298828125, 2.736328125, 0.56494140625, 7.48046875, 0.483154296875, 5.64453125, 1.98046875, 0.5283203125, 5.6484375, 0.51416015625, 0.373291015625, 6.8515625, 3.150390625, 0.349609375, 2.5234375, 10.15625, 6.796875, 7.578125, 1.5947265625, 1.2099609375, 0.2283935546875, 0.1627197265625, 0.83544921875, 4.34375, 0.8291015625, 4.6953125, 6.30859375, 2.21484375, 4.76953125, 0.70703125, 2.427734375, 4.85546875, 2.19921875, 7.2109375, 5.01171875, 6.62109375, 5.18359375, 9.1015625, 0.8603515625, 1.994140625, 2.30078125, 1.2451171875, 9.2890625, 3.8515625, 2.345703125, 7.1171875, 3.775390625, 0.84521484375, 4.87890625, 1.2255859375, 3.14453125, 4.84765625, 6.578125, 5.58984375, 0.62255859375, 0.406982421875, 3.87890625, 3.2421875, 0.0003285408020019531, 0.199951171875, 0.68017578125, 1.0927734375, 0.0003247261047363281, 5.04296875, 5.7421875, 0.0274200439453125, 5.015625, 8.3359375, 2.669921875, 0.49267578125, 0.187255859375, 11.015625, 0.8251953125, 5.2109375, 8.8828125, 0.485595703125, 1.1025390625, 0.0082855224609375, 7.375, 1.9345703125, 0.51220703125, 9.765625, 0.01233673095703125, 2.896484375, 7.81640625, 0.548828125, 2.291015625, 0.00017261505126953125, 0.26904296875, 0.7626953125, 2.55859375, 8.375, 1.2607421875, 0.09979248046875, 1.376953125, 9.96875, 3.697265625, 0.03778076171875, 3.005859375, 1.19921875, 7.50390625, 7.17578125, 2.712890625, 2.96875, 1.3271484375, 7.08203125, 0.80712890625, 2.310546875, 2.099609375, 4.5078125, 2.625, 3.359375, 2.13671875, 3.39453125, 2.71484375, 2.6875, 0.9150390625, 0.03131103515625, 2.29296875, 2.751953125, 3.390625, 0.02508544921875, 8.1640625, 1.779296875, 0.494140625, 0.287841796875, 0.59521484375, 0.0635986328125, 0.68505859375, 2.208984375, 3.4921875, 7.69921875, 3.921875, 0.2122802734375, 2.36328125, 0.300537109375, 5.82421875, 0.75390625, 6.28125, 0.423095703125, 0.83154296875, 0.00749969482421875, 7.43359375, 10.0546875, 0.340087890625, 6.24609375, 7.98046875, 3.18359375, 3.443359375, 4.09375, 0.3876953125, 0.0273590087890625, 4.6953125, 1.78515625, 2.013671875, 0.5556640625, 7.83984375, 0.427978515625, 0.1263427734375, 12.5390625, 0.72705078125, 5.2734375, 11.453125, 0.007495880126953125, 12.1640625, 5.02734375, 3.140625, 2.08984375, 3.8984375, 2.05078125, 10.0078125, 7.4140625, 1.4033203125, 1.65625, 0.00012385845184326172, 0.1456298828125, 4.16796875, 3.814453125, 3.138671875, 0.90625, 0.5078125, 4.4765625, 3.078125]",-0.5961287459640792
14,1,test,2.4961979675437904,1.0706000259758528,1.4752735747462027,4.93260676221228,2.115556937557074,2.9152112554865077,12.13626366350248,7.975918921272523,9.360504193056594,23.981838376980946,15.760797868382829,18.496804692866323,2.7179445279902548,1.088598401089675,1.539365194759725,4.646059022205564,1.860851967674658,2.6313934953157694,15.149151563686502,10.048613040687915,11.899397459494892,25.895985578951286,17.17711630886823,20.340850358110927,2.550743700269871,1.086461176659315,1.5142565485659465,4.812723962773342,2.049926748413802,2.857087827482918,12.816631971821728,8.492192528036664,9.997336131646005,24.182324475135335,16.023004769880497,18.862898361596233,0.6180904522613065,-0.0019095477386934512,-0.01190954773869346,0.5276381909547738,-0.007361809045226098,-0.012361809045226213,0.3919597989949749,-0.0030402010050251116,-0.01304020100502512,0.42249240121580545,0.119002264645244,0.18083416056868717,0.3932926829268293,0.4623115577889447,0.126471958791451,0.19853860286407,0.4242424242424242,0.4381270903010034,0.13094845924925047,0.1934107387993349,0.3993288590604027,20.0,11.0,10.0,28.0,10.0,8.0,42.0,18.0,16.0,0.0006379872683866498,0.00022949156912273027,0.0003027617359461213,-0.061696320482176326,-0.06376534995767713,-0.06583950985280929,"[2.88671875, 4.2109375, 4.6953125, 0.320068359375, 2.962890625, 3.138671875, 4.1640625, 7.4765625, 6.9296875, 7.5234375, 0.716796875, 3.814697265625e-05, 0.86083984375, 0.007232666015625, 0.0252685546875, 5.10546875, 5.91015625, 3.220703125, 1.548828125, 0.12890625, 0.1282958984375, 0.5673828125, 3.10546875, 0.025360107421875, 0.08837890625, 3.669921875, 8.9453125, 4.453125, 2.669921875, 3.017578125, 1.5302734375, 1.4169921875, 0.367431640625, 4.1640625, 5.609375, 6.7890625, 0.041229248046875, 0.007305145263671875, 2.19921875, 2.595703125, 3.658203125, 2.650390625, 7.53515625, 2.43359375, 3.4609375, 6.00390625, 6.00390625, 1.2265625, 3.98046875, 0.8125, 6.2421875, 1.9111328125, 0.006526947021484375, 2.01953125, 5.39453125, 0.10516357421875, 4.71875, 0.328857421875, 3.107421875, 1.3662109375, 6.48828125, 3.400390625, 5.58984375, 4.30078125, 5.72265625, 4.08203125, 1.7333984375, 0.72021484375, 7.39453125, 3.4296875, 4.2734375, 3.052734375, 3.76953125, 0.0076904296875, 0.1263427734375, 0.00128173828125, 0.006114959716796875, 0.0005235671997070312, 4.410743713378906e-06, 0.004077911376953125, 5.3882598876953125e-05, 0.0007071495056152344, 0.056243896484375, 4.56640625, 2.701171875, 0.013641357421875, 4.5625, 2.486328125, 5.09375, 7.27734375, 2.1640625, 2.88671875, 3.419921875, 9.7734375, 0.234619140625, 6.83203125, 1.2626953125, 0.38916015625, 2.7734375, 0.56787109375, 0.61865234375, 2.35546875, 2.029296875, 3.349609375, 0.8974609375, 0.08197021484375, 0.147216796875, 6.4921875, 7.30859375, 4.5390625, 3.876953125, 0.83740234375, 1.740234375, 12.6796875, 0.01396942138671875, 2.126953125, 5.7578125, 3.685546875, 0.460205078125, 7.0078125, 5.66015625, 2.224609375, 7.16015625, 0.9462890625, 0.406982421875, 0.64599609375, 8.5, 2.3046875, 4.673004150390625e-05, 0.39892578125, 9.5367431640625e-07, 0.0002810955047607422, 1.6689300537109375e-05, 3.5762786865234375e-07, 6.73532485961914e-05, 6.4373016357421875e-06, 3.5762786865234375e-05, 0.332763671875, 2.974609375, 5.37890625, 0.1837158203125, 3.224609375, 0.07232666015625, 3.12109375, 2.134765625, 3.26171875, 0.59375, 0.06103515625, 1.7578125, 5.4453125, 1.6728515625, 1.9638671875, 1.87890625, 1.791015625, 6.984375, 5.578125, 9.59375, 0.1632080078125, 8.1484375, 2.30859375, 4.69140625, 4.46875, 8.375, 0.697265625, 3.546875, 3.275390625, 3.888671875, 6.1484375, 5.69921875, 0.236328125, 4.887580871582031e-05, 0.03753662109375, 7.271766662597656e-06, 0.00042057037353515625, 1.609325408935547e-05, 3.5762786865234375e-07, 2.276897430419922e-05, 5.960464477539062e-07, 4.279613494873047e-05, 0.3544921875, 5.22265625, 0.040374755859375, 8.9296875, 4.56640625, 0.461669921875, 2.4375, 2.947265625, 5.19921875, 3.09375, 4.59375, 0.0265045166015625, 0.24072265625, 1.3994140625, 2.09765625, 0.027679443359375, 3.470703125, 0.1722412109375, 0.271484375, 1.015625, 4.45703125, 2.96484375, 2.341796875, 0.84033203125, 2.638671875, 3.21875, 0.2000732421875, 4.96484375, 1.4765625, 3.650390625, 5.94140625, 4.06640625, 0.12744140625, 5.62109375, 3.9140625, 5.4765625, 5.98828125, 3.234375, 6.24609375, 0.033477783203125, 0.38623046875, 4.69921875, 0.49951171875, 0.385986328125, 1.078125, 3.875, 0.184814453125, 1.71661376953125e-05, 0.1826171875, 8.106231689453125e-06, 0.0001169443130493164, 1.800060272216797e-05, 1.1920928955078125e-07, 2.7060508728027344e-05, 2.2649765014648438e-06, 4.3392181396484375e-05, 0.1474609375, 1.3857421875, 0.0001462697982788086, 5.5625, 0.262451171875, 3.61328125, 1.5263671875, 1.611328125, 0.0009975433349609375, 4.9140625, 6.1171875, 0.80712890625, 6.50390625, 2.3203125, 0.462646484375, 5.89453125, 0.08087158203125, 0.0850830078125, 8.6640625, 4.453125, 0.09271240234375, 1.0888671875, 5.23828125, 5.41796875, 1.134765625, 1.1220703125, 4.125, 6.0703125, 0.429931640625, 3.046875, 0.1558837890625, 6.31640625, 0.86279296875, 8.702278137207031e-06, 0.22802734375, -0.0, 4.458427429199219e-05, 3.4570693969726562e-06, 1.1920928955078125e-07, 8.463859558105469e-06, 4.76837158203125e-07, 1.1682510375976562e-05, 0.13720703125, 3.923828125, 0.6669921875, 0.006725311279296875, 6.88671875, 1.4208984375, 0.9384765625, 0.173095703125, 3.50390625, 2.38671875, 2.123046875, 3.369140625, 3.041015625, 5.41796875, 6.2578125, 3.0, 1.056640625, 4.57421875, 0.0004203319549560547, 2.04296875, 1.8818359375, 3.046875, 4.6484375, 1.9033203125, 5.58984375, 0.0115966796875, 9.5703125, 8.3046875, 0.0223541259765625, 3.529296875, 0.6533203125, 8.702278137207031e-06, 0.91650390625, 2.384185791015625e-07, 7.450580596923828e-05, 1.5735626220703125e-05, -0.0, 2.0623207092285156e-05, 4.76837158203125e-07, 3.2067298889160156e-05, 0.1474609375, 2.169921875, 2.04296875, 0.135986328125, 1.7685546875, 0.578125, 0.9794921875, 4.55078125, 2.072265625, 1.8994140625, 7.37109375, 0.2196044921875]",-0.6448867034767174
428,1,test,2.737512130431462,1.2699402654288006,1.7167019785855167,4.421146351494943,2.0509833394718653,2.7725139935841208,15.448503385996927,11.109815964166447,12.673061002841955,24.949695609309593,17.94261357593079,20.46729100928466,2.7466444172451845,1.2043949635499875,1.6644416155248567,4.00969987919005,1.7582408227007114,2.4298417744888416,15.590229707488305,10.915134846313391,12.639056461706733,22.759459426990226,15.934503425275024,18.451177316360194,2.785885695629694,1.285532635128646,1.7493932475326175,4.308070663344887,1.9879370646319265,2.705247289998893,16.214172340562495,11.73090068347772,13.394861568248048,25.07346238231314,18.14056806723359,20.713703456053683,0.6331658291457287,0.013165829145728725,0.01816582914572873,0.4623115577889447,0.012311557788944771,-0.007688442211055246,0.3668341708542714,-0.0031658291457286047,-0.0031658291457286047,0.39358600583090375,0.10537639884400418,0.16289196868525369,0.38888888888888884,0.3869346733668342,0.09370159066006722,0.13985620925998943,0.3737373737373737,0.39799331103678925,0.10917861988486943,0.16551277711020418,0.3993288590604027,22.0,0.0,0.0,33.0,-1.0,-1.0,41.0,1.0,1.0,0.0001268387652108009,2.149323660942482e-05,-8.147745695524782e-05,-0.010782524998306009,-0.009591310650658436,-0.009796760663019377,"[2.111328125, 9.03125, 0.796875, 0.0307769775390625, 0.180908203125, 0.380859375, 5.960464477539062e-07, 0.0136871337890625, 0.0003910064697265625, 3.933906555175781e-06, 5.93359375, 9.171875, 6.15625, 3.18359375, 6.4453125, 6.0234375, 0.61083984375, 1.041015625, 3.271484375, 5.29296875, 1.4638671875, 7.75390625, 6.7265625, 0.025665283203125, 12.2265625, 2.49609375, 3.3671875, 2.822265625, 0.751953125, 2.041015625, 4.04296875, 0.052490234375, 4.64453125, 11.4140625, 0.94775390625, 0.41162109375, 0.78369140625, 0.0121612548828125, 0.043212890625, 2.275390625, 7.27734375, 1.6875, 0.1697998046875, 3.728515625, 5.4140625, 3.94921875, 0.129150390625, 0.1824951171875, 0.042510986328125, 0.082763671875, 10.6484375, 3.83203125, 6.17578125, 0.133544921875, 3.40234375, 0.0574951171875, 0.1605224609375, 6.7890625, 3.423828125, 0.007556915283203125, 5.2890625, 1.1474609375, 0.1375732421875, 1.5888671875, 4.15625, 3.244140625, 1.8115234375, 0.5751953125, 4.015625, 4.703125, 7.05078125, 0.92431640625, 0.343994140625, 1.943359375, 7.7734375, 1.3359375, 6.30859375, 0.462646484375, 0.1424560546875, 1.724609375, 3.48046875, 1.7197265625, 0.497314453125, 0.06829833984375, 5.90234375, 5.41796875, 2.9921875, 5.0, 0.409423828125, 1.78125, 3.197265625, 2.033203125, 4.76953125, 4.22265625, 2.30859375, 1.7861328125, 1.8095703125, 1.7568359375, 5.04296875, 4.80859375, 9.0, 0.93603515625, 0.96630859375, 0.00010156631469726562, 0.89990234375, 0.0384521484375, 1.16015625, 4.078125, 0.033935546875, 0.0013475418090820312, 0.051300048828125, 0.007343292236328125, 3.5762786865234375e-06, 0.5087890625, 0.00753021240234375, 1.2040138244628906e-05, 0.38037109375, 3.8046875, 0.0223388671875, 0.0079803466796875, 0.059295654296875, 0.00011980533599853516, 2.04296875, 1.01171875, 1.8212890625, 5.6484375, 0.2266845703125, 1.4091796875, 0.0584716796875, 0.01403045654296875, 9.078125, 4.203125, 0.190673828125, 1.3486328125, 6.28515625, 0.2457275390625, 0.0019140243530273438, 0.03814697265625, 1.7216796875, 2.4296875, 0.3828125, 1.41015625, 6.38671875, 3.71484375, 2.607421875, 1.5859375, 1.287109375, 1.2919921875, 1.2666015625, 0.006549835205078125, 11.5625, 7.8046875, 1.0849609375, 0.1368408203125, 1.37109375, 5.515625, 2.1171875, 1.55078125, 1.4619140625, 1.0458984375, 3.138671875, 9.234375, 2.53125, 0.419921875, 1.58984375, 3.65625, 5.2734375, 0.3759765625, 3.16015625, 6.72265625, 1.5458984375, 4.296875, 0.70751953125, 5.0703125, 3.62890625, 0.53173828125, 1.267578125, 4.55859375, 0.8466796875, 7.0, 2.57421875, 9.3671875, 0.00905609130859375, 0.2437744140625, 0.347412109375, 4.875, 0.08111572265625, 1.16796875, 2.142578125, 7.85546875, 3.01171875, 6.94921875, 0.004795074462890625, 5.15234375, 9.15625, 0.0124053955078125, 7.390625, 1.4345703125, 7.515625, 7.72265625, 0.042510986328125, 0.2239990234375, 4.3828125, 10.0859375, 3.666015625, 6.46484375, 1.09375, 5.83203125, 2.103515625, 0.583984375, 2.1015625, 5.47265625, 0.060546875, 1.0966796875, 2.04296875, 0.66650390625, 9.6640625, 0.41162109375, 0.1700439453125, 0.1578369140625, 0.01097869873046875, 0.01727294921875, 3.099609375, 4.625, 3.38671875, 4.015625, 0.583984375, 2.853515625, 4.96484375, 0.016845703125, 0.9287109375, 2.494140625, 8.1640625, 1.3896484375, 2.255859375, 3.5625, 0.0246429443359375, 0.374267578125, 1.048828125, 5.16015625, 0.1087646484375, 2.333984375, 1.6416015625, 0.00830841064453125, 0.035491943359375, 0.65283203125, 5.0703125, 2.029296875, 4.09375, 5.4140625, 6.16796875, 0.13330078125, 1.953125, 2.34765625, 6.52734375, 0.01039886474609375, 0.058441162109375, 0.0010776519775390625, 0.0017986297607421875, 0.007671356201171875, 0.8681640625, 9.078125, 0.1068115234375, 1.5478515625, 0.65478515625, 1.916015625, 1.2041015625, 9.4140625, 0.10540771484375, 0.33740234375, 3.83984375, 2.791015625, 0.56298828125, 0.79052734375, 0.6123046875, 8.3515625, 3.01171875, 4.24609375, 5.1640625, 4.59765625, 0.290771484375, 3.279296875, 3.927734375, 0.368896484375, 3.880859375, 5.41796875, 2.404296875, 7.51171875, 5.1015625, 1.3193359375, 2.599609375, 3.283203125, 1.9482421875, 12.109375, 0.9384765625, 4.79296875, 2.263671875, 8.6328125, 7.23046875, 0.1788330078125, 0.297607421875, 4.16796875, 13.7421875, 1.36328125, 3.966796875, 2.6171875, 1.0439453125, 4.9453125, 1.044921875, 2.771484375, 3.197265625, 0.00415802001953125, 0.035980224609375, 0.85498046875, 6.359375, 0.419189453125, 1.1357421875, 6.51171875, 0.353271484375, 3.685546875, 0.11187744140625, 1.8388671875, 0.09503173828125, 0.0036773681640625, 0.01076507568359375, 1.5185546875, 8.625, 0.0006046295166015625, 2.8125, 0.50244140625, 3.37890625, 6.67578125, 1.8876953125, 2.587890625, 2.5234375, 3.685546875, 5.9921875, 0.99462890625, 0.10284423828125, 1.9619140625, 0.439697265625, 0.08551025390625, 3.17578125]",-1.3104529193121905
374,1,test,3.525569003801966,1.5507268484353365,2.1218594017652097,5.798397752445872,2.5504340045332436,3.4897586100097864,33.97309894009624,26.767616722741394,29.90282785855921,55.874538358330874,44.02389755415335,49.180285412046615,3.392290763519517,1.4242518738210008,1.955961656664841,5.179069867968728,2.1744303417114517,2.986201002541742,29.733987848559877,22.577360067708117,25.528757351770615,45.39540129551126,34.46925201176812,38.97520206377193,3.5393672846631463,1.5362388675159253,2.109196844228002,5.802241450267453,2.5184243729769267,3.457699744636069,34.44511834006485,27.032909995273627,30.265706868134064,56.467407114860414,44.31624589389119,49.61591289858043,0.7336683417085428,-0.001331658291457205,-0.011331658291457214,0.5829145728643217,-0.022085427135678293,-0.012085427135678284,0.4723618090452262,-0.0026381909547738003,-0.0026381909547738003,0.4365325077399381,0.10268397605523949,0.16464785274508742,0.44720496894409933,0.4321608040201005,0.09632120502260677,0.16504895093161964,0.43434343434343436,0.43143812709030105,0.09253996348429105,0.16225014043846564,0.4395973154362416,23.0,0.0,0.0,35.0,-2.0,-2.0,46.0,-1.0,1.0,-2.0701549257563585e-05,8.011044230127651e-05,-9.610646154039289e-05,0.00041226083606016317,1.0681229349884802e-05,-0.0001244151406112337,"[2.88671875, 3.212890625, 0.293701171875, 0.0222015380859375, 8.177757263183594e-05, 1.0322265625, 0.0118408203125, 0.015625, 3.572265625, 9.703125, 11.2109375, 4.65234375, 0.64013671875, 1.48828125, 0.338623046875, 3.74609375, 9.1796875, 0.67578125, 9.390625, 3.53515625, 1.9248046875, 3.484375, 0.0143280029296875, 3.900390625, 5.9140625, 5.5, 4.52734375, 5.43359375, 8.078125, 1.4609375, 5.48046875, 5.95703125, 5.8203125, 3.078125, 2.7265625, 3.158203125, 6.05078125, 1.0107421875, 1.9150390625, 5.0, 1.2578125, 2.181640625, 5.4453125, 0.41015625, 1.03515625, 5.609375, 1.8515625, 0.3271484375, 5.6875, 4.890625, 0.187744140625, 8.1484375, 4.65234375, 3.474609375, 0.64892578125, 4.64453125, 2.255859375, 2.033203125, 5.24609375, 3.51171875, 2.974609375, 5.7578125, 1.7822265625, 9.3984375, 4.19140625, 0.2412109375, 4.83203125, 2.28125, 2.548828125, 4.63671875, 1.75, 0.134033203125, 0.0258331298828125, 4.0625, 0.7841796875, 8.21875, 4.18359375, 7.12890625, 4.89453125, 0.80615234375, 2.291015625, 8.78125, 3.677734375, 4.3046875, 1.5546875, 0.047271728515625, 0.011077880859375, 0.1439208984375, 12.296875, 1.21484375, 2.1171875, 12.9140625, 3.080078125, 6.38671875, 6.57421875, 9.625, 1.986328125, 7.2890625, 1.572265625, 1.748046875, 1.3720703125, 10.203125, 4.0859375, 4.6953125, 5.02734375, 5.73046875, 0.049285888671875, 2.048828125, 1.6689453125, 1.4248046875, 1.537109375, 1.384765625, 0.0229339599609375, 0.008453369140625, 7.63671875, 0.69775390625, 0.7177734375, 0.29052734375, 5.59765625, 5.3359375, 1.7646484375, 1.7568359375, 0.051300048828125, 0.72607421875, 0.52587890625, 1.4296875, 7.203125, 11.1796875, 0.64404296875, 0.1295166015625, 7.45703125, 4.3359375, 3.216796875, 2.849609375, 2.34375, 3.912109375, 5.1015625, 0.10369873046875, 1.3447265625, 7.2265625, 0.1463623046875, 0.2724609375, 2.451171875, 7.34375, 5.546875, 0.0889892578125, 0.76220703125, 0.05401611328125, 0.00887298583984375, 2.841796875, 3.015625, 7.62890625, 0.63037109375, 1.4169921875, 0.00027632713317871094, 3.181640625, 2.1640625, 2.318359375, 0.270751953125, 0.006122589111328125, 0.002819061279296875, 0.217529296875, 2.689453125, 6.95703125, 4.67578125, 0.11370849609375, 8.4375, 10.015625, 4.3359375, 5.37890625, 2.150390625, 6.6015625, 2.078125, 10.4921875, 0.2476806640625, 1.2109375, 0.22607421875, 7.12109375, 3.849609375, 6.890625, 2.193359375, 4.46484375, 1.2578125, 10.328125, 6.29296875, 2.6796875, 1.736328125, 4.27734375, 7.12890625, 5.25, 4.1796875, 1.1025390625, 0.0023040771484375, 3.33203125, 0.430908203125, 0.002979278564453125, 0.0008616447448730469, 6.5625, 2.158203125, 4.47265625, 9.8046875, 5.6328125, 2.48828125, 5.64453125, 0.591796875, 6.03515625, 5.46875, 5.37109375, 0.619140625, 2.892578125, 0.149169921875, 0.1044921875, 4.24609375, 8.6796875, 0.1798095703125, 4.421875, 1.1953125, 10.6171875, 0.5205078125, 6.40625, 2.376953125, 2.25, 1.6123046875, 10.6796875, 2.21484375, 11.6640625, 0.436279296875, 2.5703125, 4.62109375, 2.373046875, 0.004764556884765625, 5.10546875, 2.345703125, 6.1171875, 1.087890625, 1.7998046875, 3.865234375, 6.78125, 1.46484375, 4.3203125, 6.94140625, 2.439453125, 1.9609375, 8.4609375, 2.275390625, 5.62109375, 1.4609375, 0.3349609375, 0.0044403076171875, 2.734375, 5.89453125, 7.75, 0.96142578125, 6.140625, 4.80078125, 2.64453125, 0.00020039081573486328, 4.21484375, 1.4052734375, 8.0546875, 0.3623046875, 3.05859375, 0.040924072265625, 3.2421875, 1.9658203125, 1.4599609375, 0.03704833984375, 0.1356201171875, 0.10076904296875, 6.58984375, 2.212890625, 11.3046875, 3.3046875, 2.27734375, 4.54296875, 5.38671875, 5.98828125, 0.0308380126953125, 3.7734375, 0.73193359375, 0.0001926422119140625, 4.6015625, 1.4267578125, 7.7578125, 8.1875, 6.96875, 0.33642578125, 0.0677490234375, 7.55859375, 9.6875, 4.8671875, 2.703125, 13.0625, 6.84765625, 3.078125, 7.20703125, 2.568359375, 0.57275390625, 6.578125, 4.60546875, 1.244140625, 1.724609375, 4.8046875, 0.15771484375, 0.403564453125, 0.0255889892578125, 4.04296875, 7.58984375, 4.65625, 8.2578125, 4.0078125, 4.13671875, 1.0478515625, 1.533203125, 5.5703125, 5.015625, 6.953125, 0.12017822265625, 2.923828125, 3.193359375, 8.0108642578125e-05, 4.1875, 0.74365234375]",-0.6417307436650752
13,1,test,3.184490801715561,1.4106364971978524,1.963323905208884,5.076724466503068,2.2488407926342573,3.129936660477931,24.1549855965998,18.261460514793338,20.763843058469615,38.507948052550404,29.112473284453145,33.1017787888646,3.198899807043411,1.306138762409694,1.8912252486299646,4.382054530196454,1.7892311813831427,2.5907195186711847,24.505554522123997,17.86788421452831,20.807989287256238,33.569252770032875,24.47655371853193,28.50409491404964,3.122004523723819,1.361314877668435,1.8830759040303557,4.955562736069554,2.160817266140373,2.9890093714767554,22.69182037672746,16.875373075254288,19.23990720561311,36.018762502742,26.7863064686576,30.53953524700494,0.6582914572864322,0.003291457286432209,-0.0017085427135676845,0.5125628140703518,-0.022437185929648162,-0.00743718592964826,0.44221105527638194,-0.007788944723618019,0.00221105527638199,0.42249240121580545,0.11444991259668558,0.17072293711064868,0.39634146341463417,0.4321608040201005,0.12138386166421078,0.18007399266784674,0.38888888888888884,0.4247491638795987,0.1275872273186638,0.18114515943021048,0.3825503355704698,20.0,-1.0,0.0,30.0,-1.0,-1.0,40.0,1.0,-2.0,0.0003795200483285431,0.00016471267289669165,-2.308671805112692e-05,-0.006043813131842768,-0.00722993242896397,-0.005910231093900542,"[7.79296875, 7.19140625, 4.34375, 4.62890625, 5.54296875, 10.1171875, 5.59765625, 0.8125, 5.66015625, 0.259033203125, 0.00025081634521484375, 5.61328125, 1.3544921875, 0.172119140625, 0.0012331008911132812, 8.3984375, 2.09765625, 2.82421875, 0.52392578125, 5.32421875, 3.416015625, 0.66357421875, 3.830078125, 7.51953125, 0.53173828125, 1.578125, 11.546875, 8.5546875, 1.1728515625, 0.01152801513671875, 0.02447509765625, 0.23876953125, 0.0171966552734375, 0.10430908203125, 0.270751953125, 0.0660400390625, 0.04339599609375, 0.053070068359375, 0.2724609375, 2.0546875, 3.564453125, 0.216796875, 0.8427734375, 6.77734375, 1.494140625, 7.22265625, 0.0394287109375, 7.7421875, 6.7578125, 2.9765625, 7.15625, 0.607421875, 4.6171875, 6.265625, 0.0999755859375, 2.818359375, 0.626953125, 5.46875, 6.6640625, 6.4765625, 2.177734375, 1.4521484375, 2.630859375, 0.009735107421875, 3.521484375, 5.5234375, 3.166015625, 0.1597900390625, 11.21875, 8.7578125, 2.109375, 1.77734375, 0.107177734375, 0.0295867919921875, 1.6953125, 1.2451171875, 3.7421875, 2.810546875, 1.86328125, 5.4609375, 4.5, 3.791015625, 0.7587890625, 2.263671875, 7.53515625, 1.232421875, 2.27734375, 4.59765625, 6.86328125, 5.171875, 5.9296875, 11.1875, 0.180419921875, 0.03399658203125, 5.984375, 3.28125, 1.7080078125, 7.1484375, 0.98388671875, 1.431640625, 8.3984375, 4.125, 0.59033203125, 0.0051422119140625, 0.149169921875, 3.765625, 1.4208984375, 0.330078125, 1.5419921875, 1.701171875, 6.2890625, 0.2998046875, 0.74169921875, 4.44140625, 2.36328125, 3.84375, 7.53515625, 0.28271484375, 1.43359375, 3.8359375, 1.779296875, 5.24609375, 0.016082763671875, 1.37109375, 0.202880859375, 10.5, 3.01953125, 0.26904296875, 2.07421875, 0.2144775390625, 0.002719879150390625, 0.244140625, 2.22265625, 5.31640625, 3.525390625, 0.0027599334716796875, 8.171875, 4.546875, 6.1875, 0.29345703125, 4.93359375, 0.001811981201171875, 5.04296875, 10.9765625, 0.7763671875, 0.0260009765625, 6.21875, 1.9404296875, 0.0276031494140625, 13.984375, 1.1201171875, 1.1591796875, 11.0859375, 4.47265625, 0.8232421875, 9.4140625, 2.591796875, 4.84375, 1.8369140625, 1.033203125, 3.982421875, 4.6171875, 1.84765625, 11.53125, 3.11328125, 1.7099609375, 0.51123046875, 5.12890625, 11.0, 8.1171875, 0.2115478515625, 2.7418136596679688e-06, 4.291534423828125e-06, 9.047985076904297e-05, 0.0006189346313476562, 6.69140625, 0.72314453125, 0.03369140625, 3.658203125, 0.302978515625, 2.7418136596679688e-06, 0.4765625, 0.432861328125, 3.18359375, 1.2021484375, 6.70703125, 1.09765625, 4.7890625, 0.7646484375, 0.00980377197265625, 0.359375, 4.015625, 0.7041015625, 5.31640625, 4.08984375, 7.09765625, 2.318359375, 3.70703125, 7.86328125, 3.103515625, 11.0625, 1.3115234375, 5.36328125, 5.72265625, 0.007511138916015625, 5.81640625, 9.15625, 9.9453125, 0.70947265625, 1.5068359375, 0.59375, 9.265625, 0.08013916015625, 1.0732421875, 0.796875, 8.0390625, 1.3876953125, 0.6806640625, 0.07818603515625, 2.59375, 3.138671875, 3.9140625, 0.88671875, 2.814453125, 0.1796875, 0.31591796875, 3.373046875, 5.841255187988281e-06, 1.009765625, 0.385986328125, 8.5859375, 0.0211181640625, 7.08203125, 2.212890625, 1.6357421875, 1.1376953125, 0.01727294921875, 0.267333984375, 0.041778564453125, 3.455078125, 3.033203125, 8.3125, 0.0567626953125, 7.58984375, 2.5625, 3.890625, 1.6220703125, 4.0078125, 3.85546875, 3.640625, 6.9609375, 1.4169921875, 5.40625, 0.2052001953125, 0.0341796875, 2.728515625, 7.5703125, 1.9990234375, 4.4140625, 3.572265625, 3.28125, 0.005771636962890625, 0.2568359375, 2.984375, 2.287109375, 3.587890625, 0.0268402099609375, 0.1019287109375, 1.45703125, 4.203125, 3.091796875, 0.53466796875, 5.046875, 6.36328125, 1.333984375, 6.0234375, 2.54296875, 5.70703125, 0.01010894775390625, 6.1328125, 7.296875, 2.958984375, 2.505859375, 7.58203125, 4.71484375, 4.71484375, 1.28125, 0.9951171875, 0.0102386474609375, 0.1456298828125, 0.0338134765625, 0.97900390625, 0.406494140625, 1.3154296875, 6.4375, 0.003936767578125, 4.6875, 0.484375, 4.84765625, 3.638671875, 3.865234375, 0.86962890625, 6.17578125, 1.95703125, 7.3359375, 9.734375, 0.1329345703125, 2.6796875, 0.2802734375, 4.7734375, 4.56640625, 1.3076171875, 1.4609375, 4.9921875, 5.19921875, 0.448486328125, 1.3818359375, 7.546875, 0.066162109375, 6.52734375, 0.115966796875, 4.0859375, 0.50537109375, 3.986328125, 5.67578125, 7.2890625, 2.44921875, 6.91796875, 0.7958984375]",-1.3084024172785798
196,1,test,2.6600196487214194,1.0645078012110456,1.5146527300151944,4.6376258797080245,1.8559219780276344,2.640729628769946,14.29657000523915,9.36571773446277,11.152975416324672,24.925433569343653,16.328712071079075,19.444716301759772,2.7853099808621047,1.1059184094084653,1.5920645767093857,4.456495969379367,1.7694694550535441,2.547303322735017,16.204840288659604,10.842547882033976,12.90707384469879,25.927744461855365,17.348076611254363,20.651318151518062,2.718200929587501,1.125877914138856,1.5688864109549412,4.633297039069604,1.9191100809185047,2.674238200491377,15.153036328353009,10.237882673960893,11.997007559233854,25.829039196056264,17.450936376069706,20.449444703239525,0.6231155778894473,0.003115577889447274,0.008115577889447279,0.5125628140703518,0.007562814070351753,0.007562814070351753,0.37688442211055273,0.0018844221105527303,-0.013115577889447283,0.4156626506024096,0.10889573330917646,0.17017166863848177,0.3927492447129909,0.4170854271356784,0.09878968778730746,0.17334586119243967,0.4040404040404041,0.4046822742474916,0.09750364319573868,0.15551653453670178,0.3926174496644296,12.0,0.0,0.0,21.0,-3.0,-1.0,31.0,1.0,1.0,6.121760512076883e-05,0.00010113100737908437,0.0001868859885324595,-0.006636573064789708,-0.0077639624074477,-0.008188783885070272,"[1.76953125, 4.3671875, 0.004657745361328125, 0.0254669189453125, 5.2890625, 3.58203125, 2.30859375, 3.388671875, 8.34375, 2.83203125, 1.3466796875, 7.40234375, 0.183837890625, 0.07806396484375, 2.087890625, 0.9736328125, 3.37890625, 9.2890625, 0.140380859375, 2.091796875, 8.3046875, 6.5, 6.890625, 0.96240234375, 3.5, 5.62109375, 3.197265625, 3.46484375, 3.666015625, 0.884765625, 0.13720703125, 0.35498046875, 0.7822265625, 5.0187110900878906e-05, 2.232421875, 0.6474609375, 5.77734375, 0.485595703125, 7.79296875, 4.99609375, 0.3046875, 8.5390625, 3.03125, 0.8193359375, 1.0654296875, 1.619140625, 2.544921875, 0.01468658447265625, 0.062469482421875, 2.041015625, 3.8504600524902344e-05, 0.92236328125, 2.30859375, 6.556510925292969e-06, 0.10614013671875, 0.25732421875, 1.6591796875, 0.1883544921875, 6.6484375, 0.41259765625, 2.05078125, 0.2252197265625, 3.234375, 1.91015625, 2.7265625, 2.591796875, 0.18994140625, 1.6240234375, 3.654296875, 1.0078125, 0.08251953125, 4.51953125, 6.4375, 0.435546875, 4.4296875, 1.1357421875, 2.87109375, 0.568359375, 7.09765625, 4.30859375, 16.53125, 5.1875, 0.37744140625, 7.8046875, 1.83984375, 6.7734375, 4.19921875, 2.69921875, 6.140625, 1.681640625, 0.313232421875, 2.03125, 2.60546875, 0.0005941390991210938, 4.48046875, 5.87109375, 0.10052490234375, 0.07421875, 9.265625, 0.452392578125, 0.56494140625, 0.72119140625, 3.375, 3.498046875, 1.357421875, 0.7099609375, 2.66015625, 2.7890625, 1.6484375, 3.435546875, 1.349609375, 5.7109375, 0.0550537109375, 2.8515625, 7.0234375, 0.146240234375, 7.0390625, 4.5234375, 0.87109375, 5.41796875, 0.0003018379211425781, 0.266357421875, 1.650390625, 7.2421875, 3.70703125, 4.50390625, 0.06982421875, 0.052490234375, 0.317138671875, 6.48046875, 0.09210205078125, 5.30859375, 2.490234375, 0.0064544677734375, 0.55029296875, 1.2666015625, 1.9794921875, 8.0390625, 2.96875, 8.15625, 0.833984375, 4.26953125, 0.70068359375, 3.275390625, 0.1336669921875, 5.7890625, 3.767578125, 3.1640625, 4.046875, 0.74609375, 0.78662109375, 0.82568359375, 1.4140625, 2.677734375, 0.26416015625, 0.1455078125, 0.293701171875, 5.37890625, 4.3125, 6.78125, 0.02099609375, 0.07659912109375, 0.6943359375, 1.029296875, 0.229248046875, 3.541015625, 0.2232666015625, 5.921875, 5.63671875, 2.822265625, 2.9609375, 0.77197265625, 0.0001723766326904297, 0.272216796875, 1.1650390625, 8.796875, 0.0230255126953125, 0.09625244140625, 0.306884765625, 0.02655029296875, 0.3857421875, 10.46875, 0.0887451171875, 6.65625, 2.697265625, 5.140625, 5.0234375, 3.29296875, 6.85546875, 0.14453125, 0.8427734375, 5.31640625, 2.95703125, 1.8271484375, 1.673828125, 7.8828125, 0.08746337890625, 4.6015625, 5.97265625, 6.09375, 0.0701904296875, 4.703125, 7.01953125, 1.3837890625, 1.7177734375, 2.5510787963867188e-05, 0.056121826171875, 1.6748046875, 0.0007219314575195312, 0.70166015625, 0.034454345703125, 2.197265625, 5.4296875, 2.951171875, 0.431396484375, 0.06011962890625, 5.61328125, 0.00661468505859375, 0.3857421875, 1.79296875, 0.00627899169921875, 0.08184814453125, 0.22265625, 0.0125885009765625, 5.078125, 8.4921875, 7.4296875, 2.8125, 4.125, 0.060760498046875, 4.05859375, 0.5244140625, 3.22265625, 3.498046875, 3.724609375, 1.015625, 1.0126953125, 5.38671875, 0.0013942718505859375, 4.8671875, 5.3828125, 4.53125, 2.54296875, 6.8046875, 2.0703125, 0.70361328125, 2.1015625, 4.9765625, 8.109375, 3.3984375, 2.1328125, 6.88671875, 3.7421875, 2.087890625, 0.382568359375, 0.00849151611328125, 0.60302734375, 2.59375, 3.2186508178710938e-06, 0.2120361328125, 4.7109375, 8.6953125, 2.171875, 1.103515625, 2.6226043701171875e-06, 0.111083984375, 1.5634765625, 7.171875, 2.5859375, 1.0703125, 0.038482666015625, 5.960464477539062e-07, 0.043182373046875, 2.466796875, 6.265625, 4.65625, 0.1514892578125, 0.2237548828125, 8.344650268554688e-07, 0.0916748046875, 1.26953125, 7.1796875, 10.3359375, 0.53564453125, 4.4609375, 0.021331787109375, 1.9073486328125e-06, 0.06585693359375, 1.6533203125, 6.06640625, 6.18359375, 0.091064453125, 6.0859375, 4.33984375, 0.036346435546875, 1.7881393432617188e-06, 0.058563232421875, 0.56103515625, 1.361328125, 7.4375, 5.28125, 0.0633544921875, 0.5380859375, 4.81640625, 0.1240234375, 3.814697265625e-06, 0.12152099609375, 0.68505859375, 6.55859375, 3.208984375, 0.93701171875, 0.379638671875, 2.626953125, 0.52001953125, 1.0498046875, 0.008636474609375, 2.4453125, 2.9453125, 0.055023193359375, 0.0780029296875, 0.182861328125, 0.0180816650390625, 0.626953125, 4.5078125, 6.63671875, 6.56640625, 1.55859375, 4.59375, 6.15625, 1.375, 5.80859375, 0.366455078125]",-0.5785448425505533
275,1,test,2.7620133904378807,1.0238177697803132,1.4508113673612246,5.088915082382123,1.886349178567838,2.673070259042257,15.831686246711708,10.14461372373206,12.121054949650123,29.169339728530478,18.691103367698112,22.33262864010879,2.543335110697914,0.7578864373229444,1.1820329548147488,4.3107374757591765,1.284553283598211,2.0034456861266934,12.722029673352841,6.759775220977092,8.82075961588146,21.562762158225155,11.457246137249308,14.950440026917729,2.7620133904378807,1.0238177697803132,1.4508113673612246,5.088915082382123,1.886349178567838,2.673070259042257,15.831686246711708,10.14461372373206,12.121054949650123,29.169339728530478,18.691103367698112,22.33262864010879,0.592964824120603,-0.012035175879396953,-0.007035175879396949,0.49246231155778897,0.007462311557788981,0.012462311557788985,0.3517587939698492,-0.008241206030150772,-0.008241206030150772,0.42910447761194026,0.0939089468856833,0.14002259175586085,0.44569288389513106,0.4120603015075377,0.07622070251004398,0.10822056861939078,0.4292929292929293,0.42910447761194026,0.0939089468856833,0.14002259175586085,0.44569288389513106,22.0,12.0,12.0,34.0,14.0,15.0,44.0,18.0,18.0,-0.00037250876899892743,-0.00044795906556220757,1.1393082901013635e-05,-0.00016945494488584956,0.00022372510708557058,6.833549267337702e-05,"[3.783203125, 0.040191650390625, 0.3896484375, 0.0202484130859375, 0.0006041526794433594, 0.7236328125, 0.0200653076171875, 0.01122283935546875, 7.55859375, 0.408935546875, 0.04620361328125, 4.66015625, 5.2109375, 3.353515625, 4.203125, 0.2236328125, 7.58203125, 3.771484375, 6.77734375, 0.0136871337890625, 6.7578125, 0.59423828125, 5.6171875, 4.86328125, 3.0625, 0.003765106201171875, 0.70556640625, 0.70166015625, 5.2890625, 1.45703125, 3.740234375, 0.208251953125, 1.869140625, 4.57421875, 2.306640625, 0.00293731689453125, 7.6015625, 2.212890625, 2.21875, 0.00011491775512695312, 0.40673828125, 1.2880859375, 0.005603790283203125, 2.7179718017578125e-05, 0.333984375, 2.947265625, 1.919921875, 6.14453125, 1.5986328125, 3.910064697265625e-05, 0.5048828125, 3.4765625, 6.44140625, 0.0243377685546875, 7.7421875, 1.59765625, 2.173828125, 5.16015625, 0.0195159912109375, 1.0576171875, 2.765625, 0.17041015625, 4.96875, 4.91796875, 1.572265625, 2.091796875, 0.00011444091796875, 0.2783203125, 0.98046875, 6.04296875, 0.66064453125, 4.05078125, 1.2958984375, 0.002288818359375, 5.81640625, 0.62158203125, 1.671875, 1.1962890625, 2.052734375, 5.12109375, 3.7265625, 2.64453125, 0.138671875, 2.30859375, 2.0703125, 2.9609375, 7.17578125, 0.953125, 2.501953125, 7.73046875, 3.130859375, 4.09375, 8.28125, 5.125, 6.73046875, 0.354248046875, 2.896484375, 6.59375, 0.7490234375, 0.55029296875, 0.00013315677642822266, 0.1915283203125, 0.1961669921875, 3.462890625, 8.1796875, 1.1611328125, 1.0751953125, 5.07421875, 0.84521484375, 8.78125, 0.21826171875, 1.0205078125, 9.6171875, 0.76318359375, 0.01410675048828125, 0.25830078125, 1.662109375, 2.5510787963867188e-05, 0.304931640625, 2.263671875, 4.66796875, 3.236328125, 4.71484375, 5.90234375, 4.359375, 2.693359375, 3.1875, 3.330078125, 0.0250091552734375, 3.75390625, 0.9453125, 0.348388671875, 2.24609375, 5.88671875, 4.35546875, 1.0107421875, 5.34375, 0.0022258758544921875, 0.035125732421875, 0.2379150390625, 10.71875, 0.8818359375, 2.8203125, 3.875, 3.234375, 0.0025005340576171875, 2.705078125, 3.453125, 1.5625, 0.94775390625, 1.71661376953125e-05, 0.16748046875, 1.3447265625, 0.0009212493896484375, 9.5367431640625e-07, 0.05804443359375, 0.79443359375, 6.03125, 0.0181732177734375, 7.8359375, 0.025115966796875, 0.1474609375, 3.25, 0.2607421875, 1.830078125, 1.2333984375, 1.5537109375, 3.490234375, 2.236328125, 3.056640625, 0.91015625, 2.318359375, 0.08819580078125, 4.83984375, 0.16552734375, 1.0146484375, 3.314018249511719e-05, 0.240478515625, 0.66650390625, 3.421875, 3.138671875, 2.984375, 1.08984375, 4.6328125, 0.3408203125, 5.390625, 0.68017578125, 7.89453125, 1.4892578125, 0.332763671875, 2.3515625, 8.328125, 1.8486328125, 0.095703125, 7.6328125, 6.56640625, 7.55859375, 2.6015625, 0.2244873046875, 3.455078125, 3.474609375, 0.52685546875, 0.378173828125, 6.76953125, 3.283203125, 3.017578125, 1.8212890625, 8.796875, 0.046844482421875, 2.986328125, 0.12249755859375, 0.93798828125, 0.00013709068298339844, 3.30859375, 0.2020263671875, 3.77734375, 4.484375, 18.515625, 4.46484375, 7.45703125, 7.0859375, 4.5546875, 3.107421875, 1.3759765625, 11.4140625, 1.9619140625, 6.73828125, 0.0494384765625, 4.36328125, 0.5751953125, 3.4609375, 7.12890625, 6.765625, 1.0908203125, 0.40087890625, 3.318359375, 6.078125, 0.0640869140625, 3.017578125, 3.919921875, 0.027496337890625, 4.77734375, 2.283203125, 2.080078125, 1.9073486328125e-06, 0.6455078125, 0.387939453125, 4.28125, 1.646484375, 7.15234375, 0.04595947265625, 10.3984375, 3.787109375, 5.9375, 0.42626953125, 6.58203125, 0.5361328125, 3.279296875, 0.5341796875, 3.791015625, 2.0, 0.01131439208984375, 4.48828125, 8.09375, 2.46875, 2.044921875, 0.18310546875, 1.853515625]",-0.3920288535196388
280,1,test,3.5327527711024653,1.5939881092659327,2.2288386762775403,5.038516247310073,2.2733928771497727,3.1788354891171475,34.21803249685032,27.267872629305838,30.534345710359876,48.80276765944226,38.890244569665704,43.54898486559524,3.476461349420212,1.5532144611304377,2.1429886252682824,4.697920742459746,2.0989384609870783,2.8959305746868678,32.34506145310867,25.501920100455017,28.55086471909535,43.709542504200904,34.46205418980407,38.582249620399125,3.531036067925967,1.6204118940074461,2.218853194209832,5.036067834582936,2.3110792586663575,3.1645938999386125,34.15934068439397,27.40203546821311,30.445068026728286,48.71905966462746,39.08159156941869,43.421654398776404,0.7638190954773869,-0.001180904522613102,-0.011180904522613111,0.592964824120603,0.007964824120603065,0.002964824120602949,0.4623115577889447,-0.01268844221105525,-0.01268844221105525,0.42692307692307696,0.11022442049313452,0.1711686012197522,0.4555984555984556,0.4120603015075377,0.08875203083084593,0.14327899933725385,0.43939393939393945,0.42692307692307696,0.11406319208622473,0.1686110564627189,0.4555984555984556,20.0,-2.0,-1.0,33.0,0.0,-1.0,40.0,-2.0,-1.0,-0.0002763899207733411,0.00019386562744812182,-5.0755400789160816e-05,-0.00011401557000390028,-0.0001672912548489336,9.637194842149199e-05,"[3.76953125, 0.0404052734375, 0.439208984375, 0.0208740234375, 0.0006074905395507812, 0.4072265625, 0.0201873779296875, 0.01070404052734375, 4.875, 3.640625, 4.09375, 2.8359375, 1.0107421875, 0.332763671875, 12.6484375, 0.486328125, 0.14111328125, 2.212890625, 3.58984375, 2.1796875, 5.5546875, 8.1640625, 2.177734375, 2.845703125, 0.0736083984375, 0.2459716796875, 1.55859375, 2.515625, 2.23828125, 3.53125, 0.004627227783203125, 0.039642333984375, 2.57421875, 4.89453125, 8.4765625, 5.4296875, 8.359375, 0.072998046875, 7.078125, 0.348388671875, 1.7900390625, 4.88671875, 11.859375, 3.873046875, 11.0546875, 1.9921875, 8.1640625, 1.3525390625, 5.4296875, 1.51171875, 2.134765625, 8.4921875, 7.86328125, 1.19921875, 2.314453125, 7.0859375, 3.462890625, 0.82958984375, 7.5234375, 6.890625, 0.333984375, 0.97509765625, 7.43359375, 4.15234375, 1.6298828125, 1.7216796875, 5.80859375, 6.52734375, 5.34765625, 0.1702880859375, 2.513671875, 6.71875, 5.1171875, 5.01953125, 2.60546875, 7.7109375, 0.771484375, 6.33203125, 6.3515625, 3.1484375, 0.9453125, 2.025390625, 6.7734375, 1.9833984375, 1.78515625, 5.1875, 4.28125, 0.457275390625, 3.890625, 5.9140625, 1.34765625, 5.9375, 0.7548828125, 4.40234375, 3.150390625, 1.716796875, 8.7109375, 7.92578125, 1.0537109375, 0.55517578125, 1.1435546875, 3.140625, 9.921875, 0.30224609375, 6.796875, 1.857421875, 5.62109375, 3.498046875, 1.05859375, 0.032318115234375, 4.0859375, 10.84375, 3.3359375, 4.39453125, 5.76953125, 11.4375, 4.55859375, 4.46484375, 5.15625, 1.7080078125, 0.0005745887756347656, 6.22265625, 2.44921875, 3.173828125, 0.9794921875, 6.28515625, 2.13671875, 0.369873046875, 8.796875, 3.2109375, 2.29296875, 10.0625, 2.271484375, 2.91796875, 1.611328125, 8.1875, 0.77490234375, 0.08294677734375, 2.1171875, 1.65625, 4.70703125, 2.275390625, 2.14453125, 1.501953125, 5.8515625, 1.1044921875, 2.810546875, 4.9453125, 1.896484375, 3.689453125, 2.2265625, 7.37109375, 2.818359375, 1.375, 10.3046875, 0.0009741783142089844, 5.33203125, 0.91748046875, 0.70166015625, 1.4072265625, 0.0004050731658935547, 0.404052734375, 1.1865234375, 9.85860824584961e-05, 0.340087890625, 0.467041015625, 1.4482421875, 0.00010013580322265625, 4.015625, 2.9921875, 0.03973388671875, 5.05859375, 9.546875, 4.296875, 0.14892578125, 0.1158447265625, 3.423828125, 9.1953125, 0.0027561187744140625, 0.33056640625, 1.17578125, 4.921875, 4.53515625, 4.34375, 1.158203125, 2.232421875, 9.7265625, 4.953125, 13.0, 3.951171875, 3.857421875, 0.09942626953125, 3.46484375, 1.71875, 3.98828125, 0.303466796875, 1.5634765625, 6.01171875, 1.935546875, 6.50390625, 6.1953125, 6.125, 4.82421875, 2.861328125, 4.19921875, 8.3046875, 2.091796875, 1.880859375, 8.28125, 3.8515625, 7.72265625, 0.74072265625, 6.13671875, 8.1484375, 0.11138916015625, 0.12939453125, 2.134765625, 0.6318359375, 3.849609375, 2.662109375, 6.76953125, 0.01349639892578125, 6.41796875, 0.4228515625, 0.80322265625, 1.431640625, 1.3798828125, 0.8720703125, 2.419921875, 5.80859375, 0.01995849609375, 2.001953125, 5.00390625, 0.14208984375, 11.6171875, 0.00946807861328125, 1.31640625, 4.50390625, 0.91015625, 4.1953125, 8.1015625, 0.314453125, 0.0140228271484375, 7.359375, 11.140625, 0.697265625, 1.4326171875, 3.685546875, 9.65625, 11.078125, 1.232421875, 4.6640625, 3.00390625, 5.94921875, 0.0230255126953125, 0.317626953125, 6.91796875, 0.96728515625, 0.431884765625, 6.1796875]",-0.8008582404026616
438,1,test,2.4618118095249404,0.9953995774804296,1.399932390850412,4.662961192159004,1.8854039055805782,2.6516366461990155,11.726037652046136,7.392378599050518,8.834236862403486,22.2104948468168,14.002034758201571,16.73308393937602,2.5419015902370665,1.0227937552011928,1.4511438896799629,4.0347644289477245,1.6234821511130044,2.3034029994920044,12.703805449032675,8.13565761390839,9.727276913351728,20.16477055402012,12.91374224429903,15.440122084685285,2.3947027044551428,1.0287253029287187,1.3941593056828914,4.518306989538005,1.940991137601356,2.630489256005456,10.964937747324436,7.045385590662101,8.245178406454315,20.688561787404595,13.29318035973981,15.556940389536441,0.6030150753768844,0.028015075376884413,0.013015075376884289,0.46733668341708545,-0.002663316582914521,-0.01266331658291453,0.3417085427135679,-0.008291457286432102,0.01670854271356792,0.3769470404984424,0.07212588964307698,0.12202476070569634,0.375,0.39698492462311563,0.09122051359554673,0.1415592151072559,0.40909090909090906,0.39799331103678925,0.09916192539405133,0.15105226543056016,0.3825503355704698,20.0,0.0,0.0,32.0,6.0,3.0,38.0,-1.0,-1.0,0.00010719100961862695,2.7259271040528777e-05,-5.477573337008422e-05,-0.005996426013169298,-0.007185700558946628,-0.005873750685554846,"[2.111328125, 9.03125, 0.796875, 0.0307769775390625, 4.1796875, 0.0214691162109375, 4.5299530029296875e-06, 0.013031005859375, 0.0005431175231933594, 7.867813110351562e-06, 4.73828125, 2.5859375, 0.27392578125, 0.1383056640625, 1.375, 2.5078125, 7.01953125, 3.7734375, 11.8359375, 2.6953125, 0.2186279296875, 6.58203125, 5.7265625, 1.61328125, 8.5546875, 0.7236328125, 1.98828125, 0.92041015625, 3.046875, 1.9326171875, 0.2017822265625, 0.044036865234375, 2.279296875, 2.564453125, 0.94775390625, 1.9609375, 0.327392578125, 2.748046875, 0.32275390625, 2.7421875, 0.32861328125, 3.54296875, 0.34228515625, 5.75390625, 1.361328125, 4.19140625, 1.8818359375, 1.138671875, 2.21875, 4.15234375, 9.4375, 0.055694580078125, 0.9443359375, 4.09375, 3.5078125, 4.10546875, 0.00798797607421875, 0.0009927749633789062, 0.474853515625, 0.0218048095703125, 4.359375, 7.01953125, 0.0016622543334960938, 0.9541015625, 7.6015625, 0.47802734375, 0.69482421875, 0.19189453125, 1.03125, 2.388671875, 0.54736328125, 5.0078125, 0.31396484375, 0.019866943359375, 1.5185546875, 2.09375, 1.6484375, 4.0234375, 0.19873046875, 3.564453125, 1.24609375, 0.00243377685546875, 3.533203125, 1.2783203125, 0.56103515625, 1.7685546875, 0.375732421875, 7.16015625, 4.6015625, 2.69140625, 0.88818359375, 0.2362060546875, 4.81640625, 0.02252197265625, 0.06646728515625, 4.63671875, 0.040313720703125, 0.067138671875, 4.70703125, 0.28759765625, 0.06439208984375, 4.828125, 0.07318115234375, 0.67236328125, 4.8359375, 4.63671875, 0.208740234375, 1.109375, 3.216796875, 0.0087127685546875, 0.31640625, 5.08984375, 1.064453125, 2.193359375, 7.1328125, 0.96240234375, 3.77734375, 0.08624267578125, 3.736328125, 7.77734375, 3.763671875, 8.1875, 6.1796875, 2.37109375, 0.046630859375, 0.1068115234375, 0.14990234375, 3.564453125, 2.94140625, 0.33056640625, 5.4296875, 0.080810546875, 2.732421875, 4.1875, 3.6875, 0.0027790069580078125, 3.5762786865234375e-07, 0.58642578125, 4.77734375, 0.82470703125, 0.007190704345703125, 1.6689300537109375e-06, 5.66796875, 0.07769775390625, 1.4150390625, 2.216796875, 4.890625, 3.625, 2.533203125, 11.9140625, 2.185546875, 2.421875, 1.16796875, 2.166015625, 0.42626953125, 4.38671875, 0.08380126953125, 1.490234375, 7.65234375, 0.0009303092956542969, 10.3203125, 0.1343994140625, 0.84375, 4.77734375, 2.251953125, 3.486328125, 6.42578125, 3.4375, 9.4765625, 5.03125, 6.4453125, 0.8701171875, 2.775390625, 1.2421875, 7.625, 0.1171875, 1.5087890625, 0.07916259765625, 0.483154296875, 0.86669921875, 0.5234375, 1.435546875, 7.98828125, 7.19140625, 6.83203125, 1.439453125, 4.2421875, 2.13671875, 0.32373046875, 2.470703125, 5.25, 1.6748046875, 2.623046875, 0.2646484375, 0.82568359375, 5.733966827392578e-05, 5.265625, 0.76904296875, 0.98388671875, 0.0018520355224609375, 2.09808349609375e-05, 1.7802734375, 2.640625, 0.779296875, 7.01953125, 1.2548828125, 0.270751953125, 0.0386962890625, 1.498046875, 0.0035228729248046875, 0.2127685546875, 0.02734375, 1.177734375, 4.640625, 0.059112548828125, 10.6875, 1.5322265625, 3.873046875, 2.56640625, 0.65380859375, 3.8046875, 1.6416015625, 6.031990051269531e-05, 3.583984375, 4.08203125, 0.418701171875, 0.0016040802001953125, 1.6689300537109375e-06, 3.71875, 0.327880859375, 1.3994140625, 9.078125, 0.4384765625, 0.1842041015625, 1.6884765625, 8.53125, 0.06048583984375, 1.5576171875, 0.0044708251953125, 0.32080078125, 0.05615234375, 1.986328125, 5.20703125, 8.2421875, 3.060546875, 3.248046875, 4.40234375, 1.87890625, 1.9423828125, 0.0001709461212158203, 7.73828125, 0.409912109375, 0.0015039443969726562, 3.5762786865234375e-06, 2.103515625, 2.9375, 0.859375, 6.5546875, 0.0035800933837890625, 0.84521484375, 4.48046875, 0.00873565673828125, 0.89892578125, 0.00203704833984375, 0.09222412109375, 0.0297088623046875, 1.033203125, 0.35791015625, 1.2822265625, 4.03515625, 2.17578125, 2.19140625, 0.2288818359375, 1.9873046875, 0.48046875, 3.76953125, 7.03515625, 1.431640625, 4.34375, 1.7802734375, 1.6279296875, 9.0234375, 4.4453125, 0.890625, 1.8271484375, 2.086162567138672e-05, 2.98828125, 0.72265625, 0.5302734375, 0.0008358955383300781, 1.0609626770019531e-05, 3.52734375, 1.9990234375, 0.467041015625, 0.002902984619140625, 6.377696990966797e-05, 5.3984375, 0.2841796875, 0.95068359375, 2.15234375, 6.937980651855469e-05, 9.7421875, 0.096435546875, 0.01519775390625, 4.88671875, 2.08984375, 11.40625, 0.322021484375, 2.09375, 2.5703125, 2.0625, 1.828125, 0.040771484375, 8.8046875, 3.279296875, 4.09765625, 9.5, 1.298828125, 1.26953125, 8.4453125, 3.580078125]",-0.9810793113857041
282,1,test,2.9054666174309594,1.2332587757447853,1.6908018526755473,4.719283927734679,2.0031544276548243,2.7463313329585475,18.273768522049775,12.949859342574909,14.904604109722992,29.681670258358302,21.034164596899128,24.20921245567723,2.7718567003556833,0.9862247365732413,1.4557568345489635,4.199782879326793,1.4942799038988501,2.2056921735590356,15.988291935656912,10.02494455907493,12.259441970407714,24.22468475099532,15.189309937992316,18.574912076375323,2.8691236644983293,1.1852787781367329,1.65805337087134,4.660252888578211,1.9252215991700687,2.6931387122245463,17.6215690249641,12.235343390075776,14.264493237721771,28.62231731800527,19.873592442839843,23.169494796530735,0.6733668341708543,-0.0066331658291456375,0.0033668341708543714,0.5376884422110553,0.017688442211055255,0.007688442211055246,0.371859296482412,-0.013140703517588004,-0.013140703517588004,0.42500000000000004,0.08988413547237084,0.16252969121140148,0.4659498207885304,0.40201005025125625,0.06617045125376253,0.10651756277212432,0.46464646464646464,0.42500000000000004,0.09166666666666667,0.16252969121140148,0.4659498207885304,23.0,9.0,10.0,32.0,10.0,9.0,45.0,14.0,13.0,-0.00020902375587104107,-0.00030343238924031497,-0.00011026027052523938,-0.0002526140072118821,0.00017724280649034085,2.6280809047207754e-05,"[2.88671875, 1.2119140625, 0.349609375, 0.021087646484375, 0.0001302957534790039, 1.0205078125, 0.00885009765625, 0.0287628173828125, 10.625, 0.306396484375, 3.05078125, 0.97119140625, 3.005859375, 0.0770263671875, 0.38916015625, 2.91796875, 0.0027446746826171875, 0.1092529296875, 0.333740234375, 3.42578125, 2.6796875, 1.0849609375, 0.66259765625, 1.30078125, 2.291015625, 3.572265625, 0.69580078125, 1.5185546875, 8.3046875, 3.056640625, 3.521484375, 4.6796875, 2.443359375, 0.008087158203125, 0.1827392578125, 0.31982421875, 3.140625, 6.5625, 0.126708984375, 7.03515625, 0.2308349609375, 0.57861328125, 0.002307891845703125, 0.06317138671875, 2.509765625, 5.9140625, 2.775390625, 0.1112060546875, 3.822265625, 3.119140625, 0.155517578125, 1.4521484375, 8.2734375, 2.44921875, 6.796875, 5.33984375, 5.2578125, 2.052734375, 1.447265625, 1.083984375, 5.66015625, 1.6669921875, 2.611328125, 9.484375, 5.5, 4.84765625, 6.11328125, 1.3095703125, 1.99609375, 5.203125, 3.685546875, 0.61669921875, 0.0006108283996582031, 0.1683349609375, 0.228515625, 7.3828125, 5.7265625, 0.00939178466796875, 2.958984375, 4.05078125, 0.1353759765625, 5.08203125, 1.9169921875, 9.578125, 2.41015625, 3.439453125, 2.3203125, 3.0159950256347656e-05, 3.12109375, 0.62353515625, 2.841796875, 7.367134094238281e-05, 5.37890625, 0.8984375, 1.6904296875, 1.6728515625, 6.6953125, 1.8359375, 1.0908203125, 0.93359375, 1.25, 2.630859375, 5.7734375, 6.578125, 2.783203125, 0.60400390625, 7.6640625, 1.8232421875, 4.4609375, 5.4453125, 0.07305908203125, 2.26171875, 2.22265625, 0.98291015625, 3.201171875, 6.3671875, 2.94140625, 2.046875, 4.0703125, 1.7412109375, 3.865234375, 0.73388671875, 3.505859375, 0.6435546875, 5.05078125, 8.171875, 0.5126953125, 3.9765625, 1.78125, 7.41015625, 5.83984375, 0.435302734375, 1.326171875, 0.00769805908203125, 1.7568359375, 1.6865234375, 0.3408203125, 9.3359375, 1.314453125, 6.01171875, 3.615234375, 2.62890625, 0.3271484375, 5.05078125, 0.148681640625, 4.25, 2.244140625, 0.6962890625, 4.39453125, 2.576171875, 5.1328125, 4.94140625, 5.51953125, 6.0546875, 0.53271484375, 0.00020396709442138672, 0.0780029296875, 2.201171875, 0.0019969940185546875, 0.00037670135498046875, 0.01531219482421875, 0.120849609375, 5.00390625, 0.86279296875, 6.92578125, 2.912109375, 2.2734375, 1.56640625, 7.69921875, 6.78515625, 3.765625, 5.96484375, 0.050750732421875, 8.53125, 0.270263671875, 3.283203125, 1.1396484375, 1.2333984375, 1.93359375, 2.01171875, 0.11016845703125, 6.546875, 2.189453125, 8.875, 0.1455078125, 7.75390625, 4.484375, 1.724609375, 0.7890625, 6.3359375, 3.25390625, 9.0625, 4.50390625, 0.0267791748046875, 0.4091796875, 5.20703125, 0.0087738037109375, 0.055877685546875, 0.001964569091796875, 1.0439453125, 2.30859375, 1.498046875, 0.1571044921875, 3.09375, 8.609375, 0.377197265625, 0.0031223297119140625, 0.002872467041015625, 2.40234375, 7.26171875, 4.28125, 0.88818359375, 4.78125, 1.298828125, 13.3984375, 1.0625, 0.0004169940948486328, 0.0005369186401367188, 3.30859375, 6.21875, 0.446533203125, 0.1656494140625, 3.626953125, 1.68359375, 0.394775390625, 6.10546875, 6.1171875, 5.19140625, 2.5390625, 7.5859375, 0.025543212890625, 0.79541015625, 3.49609375, 2.046875, 2.1796875, 8.65625, 5.484375, 3.404296875, 0.462646484375, 0.5068359375, 0.66748046875, 1.392578125, 6.140625, 0.66943359375, 2.724609375, 3.62109375, 3.818359375, 5.40234375, 3.505859375, 0.399169921875, 1.74609375, 1.08203125, 0.98095703125, 0.00010371208190917969, 0.194091796875, 0.57470703125, 5.92578125, 4.01171875, 3.1171875, 8.5234375, 0.046600341796875, 2.232421875, 8.2421875, 3.236328125, 7.92578125, 5.0, 0.2100830078125, 3.962890625, 0.51708984375, 4.51171875, 10.0234375, 0.90966796875, 4.9765625, 4.94140625, 2.0546875, 0.927734375, 3.865234375, 3.255859375, 6.49609375, 1.6767578125]",-0.8785497533423561
271,1,test,2.8929820115122054,1.1297658953417022,1.6218409366600517,5.057928814829285,1.97521984351132,2.8355364720414142,18.04704593929332,12.215884978553103,14.48212785853739,31.552451178632026,21.357573737337873,25.31974671956206,2.78695912936225,0.9508155356219066,1.4298248934420368,4.8051019471762935,1.6393371303825974,2.465215333520753,16.231586524912654,9.959283512931645,12.346542810255873,27.985494008470095,17.171178470571803,21.287142776303227,2.8929820115122054,1.1297658953417022,1.6218409366600517,5.057928814829285,1.97521984351132,2.8355364720414142,18.04704593929332,12.215884978553103,14.48212785853739,31.552451178632026,21.357573737337873,25.31974671956206,0.6582914572864322,-0.011708542713567693,-0.011708542713567693,0.4623115577889447,-0.02268844221105526,-0.01268844221105525,0.3668341708542714,0.0018341708542713997,0.0018341708542713997,0.4106463878326996,0.08616820946457815,0.1337816596405378,0.39312977099236646,0.40201005025125625,0.08622057656704574,0.12154260450835142,0.36363636363636365,0.4106463878326996,0.08616820946457815,0.1337816596405378,0.39312977099236646,23.0,8.0,8.0,33.0,4.0,4.0,42.0,8.0,9.0,4.623521181579017e-05,-0.00014751682372499402,0.00020144544727789042,-0.00013480533558407615,-0.00018378111340844328,8.585827751517172e-05,"[9.3359375, 8.5234375, 1.841796875, 6.28125, 5.19921875, 9.046875, 1.1826171875, 1.7177734375, 1.306640625, 2.060546875, 6.30078125, 1.3349609375, 0.0005512237548828125, 0.09197998046875, 0.26171875, 3.9375, 6.5078125, 9.0390625, 0.414306640625, 5.5546875, 5.828125, 6.60546875, 2.740234375, 1.6142578125, 0.0018901824951171875, 0.168701171875, 1.109375, 10.65625, 1.234375, 0.283447265625, 6.38671875, 1.2080078125, 0.98779296875, 4.1796875, 2.826171875, 4.3828125, 5.59375, 0.06573486328125, 1.7890625, 0.63037109375, 11.3359375, 2.841796875, 5.1484375, 2.30078125, 0.23046875, 3.962890625, 1.6162109375, 3.5546875, 0.73193359375, 0.72412109375, 1.2998046875, 6.65234375, 4.5078125, 1.828125, 1.150390625, 1.1103515625, 3.052734375, 1.1357421875, 0.103759765625, 4.93359375, 1.8623046875, 0.00024068355560302734, 0.18603515625, 0.8125, 0.00041222572326660156, 0.03472900390625, 0.392578125, 5.95703125, 1.3955078125, 2.640625, 7.12109375, 1.728515625, 1.6728515625, 0.4990234375, 5.3828125, 4.90625, 1.6708984375, 1.1044921875, 10.78125, 2.955078125, 0.1650390625, 2.39453125, 8.2109375, 0.30810546875, 0.177734375, 0.1827392578125, 0.3046875, 0.03173828125, 0.2095947265625, 1.6240234375, 1.5966796875, 1.04296875, 4.16015625, 4.56640625, 0.60595703125, 4.48046875, 1.0810546875, 0.87841796875, 2.302734375, 1.6201171875, 4.46875, 6.3671875, 2.88671875, 0.302978515625, 7.3984375, 6.98046875, 8.2109375, 1.32421875, 7.7421875, 2.037109375, 5.94140625, 3.443359375, 2.552734375, 5.1953125, 1.1005859375, 1.494140625, 5.25390625, 0.55712890625, 5.2265625, 0.1668701171875, 1.763671875, 3.744140625, 2.467632293701172e-05, 0.21435546875, 0.388671875, 2.5703125, 0.0307769775390625, 4.87109375, 4.83984375, 0.41259765625, 0.40673828125, 7.16015625, 2.935546875, 1.6982421875, 6.34375, 0.931640625, 5.3359375, 2.556640625, 0.59716796875, 5.88671875, 7.7421875, 1.44140625, 4.71875, 0.89599609375, 1.525390625, 3.220703125, 0.69091796875, 5.08984375, 0.28125, 0.17138671875, 4.40625, 2.3126602172851562e-05, 0.67041015625, 1.3671875, 0.000141143798828125, 0.00753021240234375, 0.386962890625, 4.5234375, 5.9453125, 1.12109375, 2.646484375, 2.166015625, 0.19921875, 0.469482421875, 0.6708984375, 5.09375, 3.037109375, 0.1075439453125, 0.390380859375, 3.001953125, 7.00390625, 0.367919921875, 2.126953125, 2.23046875, 7.5078125, 2.869140625, 5.73828125, 5.34375, 0.4990234375, 2.20703125, 5.671875, 2.982421875, 4.0, 0.2442626953125, 1.7373046875, 5.555152893066406e-05, 0.58837890625, 0.7890625, 0.00018978118896484375, 0.04150390625, 0.449462890625, 8.828125, 0.07476806640625, 2.40234375, 1.908203125, 2.984375, 4.94140625, 5.19921875, 0.62158203125, 2.38671875, 3.0859375, 3.611328125, 3.125, 0.07806396484375, 3.8515625, 1.5732421875, 2.615234375, 0.125, 2.458984375, 3.103515625, 1.3642578125, 0.0007877349853515625, 4.8125, 4.765625, 4.73828125, 1.5107421875, 6.62890625, 4.9609375, 2.146484375, 4.90625, 2.962890625, 0.313232421875, 7.64453125, 1.833984375, 4.07421875, 3.142578125, 4.6484375, 1.5498046875, 0.89892578125, 1.9833984375, 4.25, 0.1181640625, 5.6953125, 3.052734375, 1.9501953125, 6.69921875, 2.412109375, 0.4951171875, 1.564453125, 6.63671875, 1.6044921875, 3.978515625, 1.9912109375, 1.3994140625, 0.0592041015625, 8.3828125, 2.580078125, 4.94140625, 0.66357421875, 0.79052734375, 6.61328125, 2.95703125, 0.11749267578125, 5.24609375, 7.49609375, 3.8828125, 6.3828125, 4.7890625, 5.98046875, 1.9833984375, 2.1015625, 6.6953125, 0.25341796875]",-0.5504774992910173
98,1,test,3.1494950488296864,1.4053147899604317,1.9404114929826006,6.035065931556327,2.6928657707063017,3.7182186709107934,23.324283982385882,17.603074340607332,19.973871203423283,44.69401902770033,33.73103071971126,38.27395431717423,3.7457382032020607,1.6829247891327155,2.3332095902261774,5.945616195558826,2.671309189099548,3.7035072860732976,42.34025139429909,34.47217654139038,38.23392579866955,67.20674824491918,54.71774054188949,60.68877110899928,3.102198492723165,1.3996351099757887,1.91742560717464,5.780494085819562,2.6080157328741405,3.572842746288149,22.24680700059643,16.75880978672275,18.976862915027663,41.453677640862914,31.2275958758809,35.360614127380735,0.7487437185929648,0.008743718592964855,0.01374371859296486,0.5778894472361809,-0.012110552763819227,-0.01711055276381912,0.5125628140703518,-0.0024371859296482556,-0.012437185929648265,0.41520467836257313,0.10863533529687974,0.17082540172523197,0.3372434017595308,0.4170854271356784,0.10630848477978871,0.15665137037440968,0.36868686868686873,0.4180602006688964,0.12757606043517355,0.1833549726377507,0.32885906040268453,24.0,1.0,2.0,38.0,0.0,1.0,46.0,-1.0,1.0,0.0017365224883478343,2.3416910826281694e-05,0.0007376139305899285,-0.04739828881547403,-0.043933027247539336,-0.052435398222950624,"[7.36328125, 4.91015625, 3.419921875, 0.712890625, 5.453125, 1.86328125, 5.296875, 0.2498779296875, 8.6875, 2.853515625, 5.75, 11.5625, 1.4609375, 1.7939453125, 1.3916015625, 2.228515625, 4.28515625, 8.109375, 7.7734375, 4.98046875, 4.41015625, 5.03125, 0.67919921875, 10.71875, 0.9130859375, 4.328125, 10.34375, 0.0019779205322265625, 4.3359375, 1.1298828125, 6.14453125, 3.404296875, 9.0390625, 5.1015625, 3.873046875, 4.078125, 3.626953125, 1.9267578125, 6.875, 5.625, 1.9365234375, 0.55322265625, 4.109375, 1.7412109375, 0.0252838134765625, 0.89990234375, 2.5703125, 5.7421875, 10.7421875, 1.7294921875, 6.390625, 0.053619384765625, 12.9765625, 10.234375, 0.47216796875, 3.283203125, 1.3076171875, 11.7578125, 3.318359375, 0.470458984375, 7.7734375, 1.2734375, 2.203125, 5.0625, 4.80859375, 0.380126953125, 1.9951171875, 3.3125, 3.310546875, 6.68359375, 8.765625, 0.0010538101196289062, 6.03125, 3.099609375, 10.7109375, 1.24609375, 5.078125, 0.29736328125, 10.9140625, 5.53125, 0.302734375, 1.828125, 5.953125, 2.814453125, 2.357421875, 1.8662109375, 1.4052734375, 0.0186309814453125, 11.03125, 2.3671875, 0.006603240966796875, 1.1904296875, 1.7744140625, 6.8984375, 0.0013580322265625, 0.377685546875, 0.2568359375, 0.26318359375, 8.28125, 3.7109375, 3.404296875, 8.015625, 1.6826171875, 0.54931640625, 5.33984375, 0.002338409423828125, 0.28515625, 6.890625, 9.6875, 3.486328125, 7.32421875, 3.263671875, 2.740234375, 5.95703125, 9.9453125, 10.359375, 3.744140625, 0.0022716522216796875, 0.46142578125, 0.8388671875, 6.711483001708984e-05, 0.437744140625, 6.186962127685547e-05, 0.0004508495330810547, 0.00023615360260009766, 2.9921531677246094e-05, 6.031990051269531e-05, 0.00011944770812988281, 0.0003314018249511719, 0.0005097389221191406, 0.415283203125, 10.5234375, 1.5830078125, 8.2734375, 5.73828125, 2.93359375, 1.68359375, 2.24609375, 1.5927734375, 5.59765625, 0.0016851425170898438, 0.958984375, 6.37890625, 4.48046875, 8.53125, 1.9423828125, 3.6484375, 3.23046875, 4.5625, 5.4921875, 6.1796875, 4.1015625, 0.4736328125, 6.22265625, 3.1953125, 5.015625, 7.6484375, 5.25390625, 3.287109375, 0.224365234375, 1.3017578125, 3.466796875, 10.0234375, 0.26953125, 6.85546875, 6.8359375, 4.94921875, 0.003208160400390625, 1.7998046875, 2.515625, 0.89794921875, 8.8359375, 2.201171875, 1.615234375, 5.32421875, 0.72119140625, 1.7509765625, 9.9375, 3.501953125, 0.289794921875, 2.154296875, 2.80859375, 1.1240234375, 3.96484375, 0.1337890625, 2.333984375, 2.96875, 4.51953125, 11.078125, 0.2464599609375, 0.021331787109375, 8.75, 4.6640625, 0.447021484375, 1.5576171875, 1.15625, 7.83984375, 0.337890625, 3.88671875, 5.4296875, 8.3203125, 1.330078125, 1.9140625, 6.14453125, 1.8544921875, 0.61962890625, 0.0011749267578125, 0.1387939453125, 5.47265625, 9.894371032714844e-06, 0.1363525390625, 3.445148468017578e-05, 3.2067298889160156e-05, 0.0002321004867553711, 3.337860107421875e-06, 3.2186508178710938e-06, 2.86102294921875e-05, 1.4066696166992188e-05, 7.319450378417969e-05, 0.456787109375, 2.837890625, 11.453125, 7.28125, 2.38671875, 4.19921875, 7.99609375, 0.59326171875, 4.3671875, 0.5478515625, 0.09332275390625, 0.06231689453125, 1.3974609375, 0.0245819091796875, 0.006694793701171875, 0.1744384765625, 4.5234375, 0.0200653076171875, 0.9091796875, 4.71875, 7.92578125, 0.130859375, 0.60693359375, 3.34765625, 2.4609375, 0.4560546875, 2.002716064453125e-05, 0.5029296875, 2.086162567138672e-05, 7.87973403930664e-05, 9.822845458984375e-05, 8.344650268554688e-06, 7.033348083496094e-06, 1.0728836059570312e-06, 5.5670738220214844e-05, 3.707408905029297e-05, 2.248046875, 0.006744384765625, 0.0036487579345703125, 1.1920928955078125e-07, 2.3245811462402344e-05, 0.0002181529998779297, 8.58306884765625e-06, 2.384185791015625e-06, 2.0265579223632812e-06, 7.748603820800781e-06, 1.3470649719238281e-05, 2.2578125, 2.9802322387695312e-06, 0.02203369140625, 0.0003542900085449219, 1.5616416931152344e-05, 4.863739013671875e-05, 8.106231689453125e-06, 2.9802322387695312e-06, 5.0067901611328125e-06, 5.5789947509765625e-05, 0.00011622905731201172, 0.02099609375, 1.8330078125, 0.0623779296875, 3.419921875, 3.482421875, 0.0276641845703125, 4.421875, 2.5546875, 0.75048828125, 10.0390625, 2.234375, 10.0625, 2.748046875, 6.2578125, 6.078125, 0.09503173828125, 1.17578125, 4.23046875, 0.330078125, 8.4609375, 4.8203125, 0.00225067138671875, 2.21484375, 7.03515625, 0.423095703125, 2.111328125, 8.3671875, 0.0093994140625, 1.64453125, 8.96875, 3.521484375, 7.71484375, 13.4140625, 2.791015625, 0.78857421875, 6.3359375, 0.80224609375, 6.69140625, 0.00936126708984375, 6.71875, 2.095703125, 6.80859375, 0.16845703125, 3.1484375, 1.4169921875, 3.30078125, 6.6875, 1.19921875, 11.390625, 6.0234375, 2.369140625, 3.5078125, 0.0064849853515625, 5.59765625, 1.01171875, 5.11328125, 1.8642578125, 0.059600830078125, 5.453125, 0.0264892578125, 0.1136474609375, 0.1043701171875, 0.57275390625, 6.17578125, 2.701171875]",-0.39237745254360457
84,1,test,3.3418985087424518,1.5292766677358083,2.1211066751781535,5.830159898403951,2.66792288229997,3.700408927892322,28.27275185196104,22.146262777955812,24.882880967239288,49.323659480866816,38.635599737629434,43.409808643933765,3.6150609278798704,1.6556556804497145,2.28692436696695,5.477365042242227,2.5085692128025974,3.4650369196468938,37.15360954734624,30.058503569829988,33.3796053432341,56.29334779900945,45.543187227015125,50.575159610960746,3.253589290041589,1.4913445964176304,2.0411509493294115,5.708051386037876,2.6163940288028606,3.5809665777708983,25.88307525487995,20.05757606493839,22.52140368698674,45.408903955929745,35.18872993848841,39.511234538573234,0.7437185929648241,-0.0012814070351758744,-0.0012814070351758744,0.6231155778894473,-0.01188442211055274,-0.01188442211055274,0.5226130653266332,-0.002386934673366814,-0.002386934673366814,0.446875,0.13174239469578786,0.19843425155925154,0.39811912225705326,0.46733668341708545,0.13650961574791254,0.2102415248194227,0.4191919191919192,0.4347826086956522,0.11758728315308131,0.1856168689848624,0.37583892617449666,25.0,0.0,1.0,36.0,-1.0,1.0,46.0,-1.0,2.0,0.0012763116219268512,0.00045000493453536077,0.00014739568455012067,-0.034886567063201035,-0.037707798942127724,-0.037156603711994585,"[2.111328125, 7.02734375, 11.984375, 9.21875, 6.45703125, 0.50830078125, 3.908203125, 1.2431640625, 6.58984375, 0.05316162109375, 1.578125, 1.6689300537109375e-06, 4.66015625, 4.375, 0.122802734375, 5.245208740234375e-06, 8.640625, 0.00766754150390625, 0.0003070831298828125, 10.6875, 4.39453125, 2.53515625, 3.84765625, 11.71875, 3.234375, 5.65625, 0.38330078125, 6.1640625, 12.4453125, 12.0234375, 1.330078125, 4.12890625, 5.5078125, 1.646484375, 6.85546875, 1.21875, 4.39453125, 8.0625, 7.13671875, 2.572265625, 2.326171875, 4.32421875, 2.248046875, 0.1279296875, 3.55078125, 0.701171875, 4.09375, 0.7548828125, 3.470703125, 7.04296875, 8.4375, 1.10546875, 3.423828125, 0.38818359375, 0.07672119140625, 4.51953125, 3.208984375, 8.6640625, 6.4296875, 6.1875, 1.19921875, 4.51953125, 1.56640625, 1.408203125, 6.953125, 7.16796875, 0.405517578125, 0.162841796875, 1.2294921875, 4.23828125, 4.8359375, 2.79296875, 4.671875, 0.029510498046875, 5.2734375, 6.51953125, 2.734375, 2.677734375, 6.31640625, 4.83984375, 3.61328125, 5.625, 3.986328125, 3.39453125, 1.4951171875, 5.36328125, 0.95361328125, 4.6796875, 5.59375, 2.654296875, 10.40625, 7.09765625, 4.27734375, 0.00921630859375, 6.25, 0.053985595703125, 1.6220703125, 8.6953125, 7.43359375, 2.099609375, 5.72265625, 3.35546875, 7.203125, 8.6796875, 0.0018787384033203125, 0.00015056133270263672, 4.99609375, 6.46484375, 2.845703125, 0.037872314453125, 1.486328125, 0.0013322830200195312, 0.00772857666015625, 2.6941299438476562e-05, 0.00035071372985839844, -0.0, 2.4199485778808594e-05, 4.76837158203125e-07, 0.426513671875, 3.060546875, 6.59375, 4.328125, 5.30859375, 0.2359619140625, 0.8955078125, 3.212890625, 7.0078125, 1.7578125, 1.517578125, 4.390625, 1.0146484375, 3.078125, 5.93359375, 0.336669921875, 5.1953125, 7.05078125, 4.71875, 4.7734375, 9.25, 2.890625, 3.75390625, 3.990234375, 2.23828125, 1.876953125, 0.00017905235290527344, 0.09649658203125, 1.2874603271484375e-05, 3.528594970703125e-05, 1.1920928955078125e-07, 3.445148468017578e-05, -0.0, 8.225440979003906e-06, 5.960464477539062e-07, 0.197265625, 2.111328125, 0.0002987384796142578, 6.02734375, 3.482421875, 8.328125, 1.158203125, 1.421875, 7.48046875, 7.00390625, 0.3671875, 10.4453125, 0.45361328125, 6.58203125, 1.7255859375, 5.171875, 2.263671875, 5.83203125, 0.020782470703125, 6.35546875, 0.50927734375, 5.28125, 2.1484375, 8.859375, 2.5625, 4.6796875, 2.578125, 4.7421875, 2.6171875, 0.07574462890625, 6.76171875, 3.048828125, 3.171875, 2.62890625, 2.88671875, 0.13916015625, 5.33984375, 2.390625, 4.55859375, 0.287841796875, 2.34375, 8.4296875, 5.90625, 4.75, 1.2998046875, 2.322265625, 5.8125, 6.984375, 1.3828125, 3.912109375, 0.0015811920166015625, 0.000980377197265625, 1.4248046875, 1.8369140625, 5.765625, 2.587890625, 6.9765625, 2.396484375, 5.11328125, 5.4140625, 9.2578125, 3.109375, 1.9892578125, 0.333251953125, 3.73828125, 8.765625, 2.59765625, 0.2958984375, 0.0016613006591796875, 3.24609375, 1.8505859375, 7.97265625, 1.1748046875, 4.09375, 8.8203125, 2.564453125, 3.83984375, 0.226806640625, 1.9052734375, 0.0011425018310546875, 0.0189666748046875, 2.642578125, 1.28515625, 1.865234375, 0.1351318359375, 4.65625, 6.26953125, 6.5, 0.12274169921875, 5.55859375, 0.01137542724609375, 6.48828125, 1.41015625, 3.197265625, 1.37109375, 4.77734375, 0.1614990234375, 1.8193359375, 6.78515625, 0.050933837890625, 1.9892578125, 2.90625, 0.01068115234375, 0.002811431884765625, 6.01171875, 3.953125, 4.90625, 1.6630859375, 1.2993812561035156e-05, 0.10418701171875, 4.0531158447265625e-06, 3.516674041748047e-05, -0.0, 2.0384788513183594e-05, -0.0, 4.5299530029296875e-06, 8.344650268554688e-07, 0.1192626953125, 4.24609375, 13.9296875, 3.701171875, 5.45703125, 3.55078125, 3.16015625, 1.90234375, 0.482421875, 0.54736328125, 3.787109375, 4.01953125, 2.78515625, 1.1279296875, 0.98876953125, 6.4296875, 2.42578125, 1.220703125, 4.203125, 3.44140625, 2.0265579223632812e-06, 0.08001708984375, 0.00014126300811767578, 3.921985626220703e-05, -0.0, 8.845329284667969e-05, -0.0, 8.58306884765625e-06, 7.152557373046875e-07, 0.11669921875, 9.1484375, 0.2171630859375, 2.765625, 11.296875, 5.12109375, 7.53125, 4.08203125, 7.94921875, 1.703125, 4.43359375, 2.96484375, 5.19921875, 1.3310546875, 3.9140625, 0.11016845703125, 5.8671875, 6.80078125, 9.4765625, 5.6484375, 1.2119140625]",-0.7379645626991986
417,1,test,3.240724832453626,1.4321555663051155,1.9631188132175466,5.456322421988248,2.4112823310239193,3.305251063070359,25.552236126636753,19.450524867335766,21.964196389174873,43.021622049949634,32.74833268480001,36.98053473687606,3.531387145195774,1.4975944908212857,2.1130816012898697,4.9737847115433445,2.109288015241248,2.976171269422352,34.17133535786526,26.528316570478843,30.041219150697273,48.128641349106005,37.36382615560401,42.311576268587714,3.4197473605739632,1.519952883717789,2.085055100259285,5.371330932838685,2.387360550342076,3.274955654857515,30.56169295707499,23.87717247964516,26.762866240294088,48.002659094882176,37.50341227169396,42.035915560671334,0.7386934673366834,0.013693467336683418,0.013693467336683418,0.5628140703517588,-0.017185929648241283,0.002814070351758735,0.4522613065326633,-0.0027386934673366836,0.01226130653266333,0.3951367781155015,0.08405938813067604,0.13932282462712942,0.39939024390243905,0.40201005025125625,0.09624563922368734,0.1549315861444115,0.4545454545454546,0.39799331103678925,0.08914523090323334,0.15550165363968138,0.4161073825503355,24.0,15.0,15.0,40.0,28.0,27.0,43.0,22.0,23.0,-0.0004133330343924628,0.0003510232556628046,0.00027071230091659697,-0.023656242299059826,-0.024888601911056796,-0.028076203637948716,"[9.9140625, 1.6201171875, 1.4404296875, 3.2578125, 0.21826171875, 6.734375, 0.9892578125, 4.734375, 2.23828125, 0.04522705078125, 0.68994140625, 0.288330078125, 1.7138671875, 0.0100860595703125, 2.810546875, 0.0245208740234375, 0.233154296875, 0.99951171875, 0.007717132568359375, 4.5299530029296875e-06, 1.8715858459472656e-05, 0.0005202293395996094, 1.1920928955078125e-06, 1.982421875, 8.078125, 9.03125, 1.1884765625, 6.1640625, 2.423828125, 4.44140625, 7.8046875, 1.49609375, 6.03515625, 1.3515625, 1.2216796875, 1.990234375, 2.498046875, 2.0390625, 4.51171875, 3.001953125, 2.404296875, 8.0234375, 0.072265625, 0.369384765625, 4.125, 3.908203125, 1.5166015625, 9.7734375, 1.8779296875, 7.546875, 0.6484375, 2.693359375, 3.056640625, 1.919921875, 6.0078125, 7.75390625, 4.0859375, 6.09375, 8.5546875, 0.2138671875, 6.2734375, 7.0390625, 1.966796875, 2.314453125, 0.31396484375, 3.802734375, 7.62109375, 0.1553955078125, 0.0005998611450195312, 0.95751953125, 1.05859375, 6.27734375, 1.3486328125, 9.5546875, 1.712890625, 0.1893310546875, 6.21875, 1.052734375, 5.8671875, 4.5390625, 2.853515625, 2.888671875, 1.17578125, 0.638671875, 4.8359375, 2.1171875, 0.390869140625, 1.689453125, 0.703125, 2.791015625, 3.09765625, 1.7333984375, 1.650390625, 5.16015625, 0.1732177734375, 3.373046875, 7.12109375, 0.27490234375, 0.006107330322265625, 0.7353515625, 6.234375, 1.9921875, 3.986328125, 4.92578125, 2.365234375, 5.6328125, 4.3671875, 6.5625, 2.099609375, 2.36328125, 0.99658203125, 6.55859375, 1.1748046875, 10.9453125, 0.02276611328125, 0.1343994140625, 3.271484375, 4.63671875, 1.7265625, 8.28125, 4.9140625, 1.9619140625, 6.37890625, 3.341796875, 6.203125, 1.603515625, 0.490234375, 6.5078125, 0.1944580078125, 0.32177734375, 3.609375, 1.732421875, 1.2587890625, 5.64453125, 0.062103271484375, 6.44140625, 0.818359375, 0.00472259521484375, 8.8203125, 1.9892578125, 2.134765625, 9.2578125, 4.9296875, 1.0830078125, 6.00390625, 10.734375, 0.461181640625, 2.544921875, 6.41796875, 4.02734375, 3.966796875, 9.9453125, 5.54296875, 1.2587890625, 4.12109375, 0.0225067138671875, 8.9375, 12.28125, 7.34375, 13.3046875, 10.4609375, 1.837890625, 9.7265625, 0.050811767578125, 2.25, 0.200439453125, 0.67529296875, 0.01074981689453125, 11.2734375, 9.359375, 8.4140625, 9.03125, 7.3125, 5.3828125, 1.22265625, 13.5546875, 2.560546875, 7.12890625, 2.578125, 1.3828125, 5.78515625, 8.296875, 3.779296875, 0.0282440185546875, 5.640625, 0.369140625, 6.55859375, 0.74609375, 2.48046875, 7.60546875, 5.3359375, 6.58203125, 0.7724609375, 0.00830078125, 0.0025005340576171875, 0.01300811767578125, 1.4662742614746094e-05, 2.5033950805664062e-06, 0.0035915374755859375, 0.043365478515625, 1.6787109375, 0.0007348060607910156, 0.0009407997131347656, 0.0011911392211914062, 3.3020973205566406e-05, 1.6927719116210938e-05, 0.00040984153747558594, 1.47265625, 0.102294921875, 4.08203125, 4.32421875, 2.1875, 0.263427734375, 2.8359375, 8.1875, 7.34765625, 0.70703125, 2.642578125, 2.224609375, 0.013397216796875, 3.283203125, 4.1484375, 0.468994140625, 8.203125, 3.064453125, 2.875, 1.9072265625, 1.5712890625, 4.01171875, 3.0703125, 13.7265625, 3.998046875, 0.2137451171875, 5.21484375, 0.60205078125, 9.5703125, 1.5302734375, 8.8046875, 3.404296875, 5.984375, 5.07421875, 7.4765625, 0.0360107421875, 3.4375, 9.0078125, 10.046875, 1.1416015625, 4.0859375, 7.3046875, 0.50927734375, 1.2412109375, 6.10546875, 11.1015625, 5.35546875, 11.0703125, 2.466796875, 1.8896484375, 2.3515625, 1.2431640625, 5.15234375, 4.4375, 1.5439453125, 0.00018215179443359375, 5.984306335449219e-05, 0.0009927749633789062, 1.3232231140136719e-05, 1.1920928955078125e-07, 2.0265579223632812e-05, 0.9833984375, 1.544921875, 0.0004775524139404297, 0.0009741783142089844, 0.00021004676818847656, 5.364418029785156e-06, 1.1920928955078125e-06, 1.3947486877441406e-05, 1.9482421875, 0.172607421875, 8.5234375, 1.259765625, 5.7578125, 1.5654296875, 4.9140625, 5.98828125, 2.853515625, 1.107421875, 5.984375, 1.2900390625, 1.259765625, 2.9140625, 5.375, 8.28125, 3.826171875, 1.6376953125, 7.66796875, 0.36376953125, 3.5625, 9.4140625, 4.7578125, 2.267578125, 3.544921875, 0.0002034902572631836, 5.626678466796875e-05, 0.0009775161743164062, 7.271766662597656e-06, 1.1920928955078125e-07, 8.463859558105469e-06, 3.189453125, 2.61328125, 3.2186508178710938e-06, 5.125999450683594e-06, 0.0005116462707519531, 3.0994415283203125e-06, 4.76837158203125e-07, 1.0728836059570312e-06, 0.4716796875, 4.1328125, 0.002864837646484375, 0.0026683807373046875, 0.00028395652770996094, 7.033348083496094e-06, 3.4570693969726562e-06, 1.8715858459472656e-05, 2.66796875, 0.1541748046875, 2.75390625, 0.038787841796875, 9.046875, 7.63671875]",-0.3169340782977166
292,1,test,3.582814571310262,1.6689234796417294,2.265858761613119,5.931010607912258,2.7627449494069167,3.7509148418595544,35.97465171104846,29.195234835694713,32.24260869311117,59.55263290004643,48.329949559089215,53.37458871494755,3.6156649919011485,1.6082133972783383,2.237321020476759,5.562561526001767,2.47417445735129,3.442032339195014,37.176059486051884,29.73173748259382,33.20773496179895,57.19393767084905,45.74113458860588,51.088823018152226,3.5861927134091736,1.6724148183964136,2.257430363865979,5.936602802603024,2.7685245304535226,3.7369624266700328,36.09638469638205,29.317735184914355,32.32001802422264,59.7541503419838,48.53273729935146,53.50273254009829,0.7688442211055276,0.008844221105527628,0.018844221105527637,0.6180904522613065,-0.0019095477386934512,0.008090452261306558,0.48743718592964824,-0.012562814070351758,-0.002562814070351749,0.4426229508196722,0.11951456636159452,0.1892169562692635,0.43621399176954734,0.44221105527638194,0.11389025327136937,0.1767686512697041,0.4494949494949495,0.4385245901639344,0.11746119548090783,0.18511859561352573,0.4320987654320988,24.0,0.0,1.0,37.0,2.0,2.0,47.0,4.0,3.0,7.296017130026437e-05,0.00017928320346335218,8.467393984991183e-05,-3.136820234672655e-06,-7.934534252473924e-05,-9.790377231322367e-05,"[2.111328125, 9.03125, 0.796875, 0.0307769775390625, 0.180908203125, 0.380859375, 5.960464477539062e-07, 0.0136871337890625, 0.0003910064697265625, 3.933906555175781e-06, 5.93359375, 1.8115234375, 11.296875, 11.1875, 6.23828125, 5.515625, 0.9501953125, 1.71484375, 7.64453125, 4.734375, 8.515625, 6.75, 1.6181640625, 1.2490234375, 5.8671875, 0.2978515625, 6.08984375, 4.30859375, 2.939453125, 1.8837890625, 7.44140625, 0.75341796875, 1.5, 3.37890625, 7.69140625, 10.2734375, 1.1337890625, 2.435546875, 6.8203125, 10.625, 4.49609375, 0.1451416015625, 5.328125, 1.447265625, 8.4140625, 1.859375, 0.418701171875, 3.1796875, 4.71875, 7.28125, 2.109375, 3.4375, 0.0241546630859375, 5.671875, 2.220703125, 0.73486328125, 2.07421875, 2.396484375, 2.68359375, 5.48046875, 2.27734375, 3.69140625, 1.080078125, 0.56787109375, 0.759765625, 0.38818359375, 4.39453125, 1.8447265625, 4.765625, 8.734375, 7.9765625, 1.103515625, 8.1015625, 0.167724609375, 4.640625, 0.48974609375, 0.061920166015625, 1.6240234375, 3.05078125, 3.72265625, 1.1787109375, 8.6796875, 2.81640625, 4.5703125, 2.552734375, 6.68359375, 0.028900146484375, 2.083984375, 4.68359375, 0.59912109375, 6.28125, 5.46875, 9.5234375, 0.1895751953125, 1.865234375, 3.7578125, 3.955078125, 6.37109375, 2.361328125, 0.56494140625, 7.26171875, 1.7373046875, 9.1171875, 0.00852203369140625, 5.11328125, 4.14453125, 1.708984375, 2.419921875, 6.05859375, 8.859375, 2.96484375, 3.2734375, 6.3671875, 1.0791015625, 7.61328125, 5.98046875, 3.529296875, 7.76171875, 0.36474609375, 0.10845947265625, 1.0634765625, 2.75390625, 4.40234375, 1.33203125, 1.9404296875, 5.359375, 9.5703125, 4.61328125, 6.4609375, 0.348876953125, 1.1513671875, 4.6328125, 1.48046875, 0.8447265625, 2.001953125, 6.578125, 1.2763671875, 5.4296875, 4.01171875, 1.0419921875, 7.09765625, 0.28076171875, 8.875, 2.7890625, 6.02734375, 2.453125, 0.00598907470703125, 2.1640625, 5.0078125, 7.30859375, 0.000926971435546875, 6.26171875, 2.53515625, 0.453857421875, 5.3828125, 10.828125, 3.400390625, 0.2197265625, 0.09844970703125, 4.13671875, 4.61328125, 6.34375, 8.0546875, 1.16796875, 4.34375, 1.1298828125, 9.359375, 0.70849609375, 6.171875, 4.52734375, 3.419921875, 2.021484375, 4.390625, 13.0625, 2.91796875, 0.369140625, 1.90625, 2.41796875, 0.255615234375, 9.5, 0.11541748046875, 8.328125, 0.020416259765625, 7.40234375, 3.6171875, 1.08984375, 3.09765625, 3.2734375, 0.5546875, 0.2303466796875, 0.08294677734375, 2.583984375, 4.15625, 5.45703125, 3.81640625, 0.2242431640625, 0.1043701171875, 0.294921875, 6.4296875, 0.37353515625, 1.8427734375, 7.56640625, 0.042510986328125, 4.34765625, 7.53125, 1.173828125, 0.006534576416015625, 1.419921875, 10.0859375, 0.390869140625, 3.69140625, 5.96875, 0.1837158203125, 3.646484375, 5.7578125, 4.0546875, 3.796875, 9.6875, 4.86328125, 3.62890625, 0.88427734375, 1.185546875, 1.70703125, 2.69140625, 3.771484375, 0.0261688232421875, 0.0355224609375, 3.27734375, 6.375, 3.791015625, 4.62890625, 0.82568359375, 0.0499267578125, 0.60791015625, 0.489501953125, 3.505859375, 2.59765625, 2.515625, 0.00689697265625, 3.962890625, 14.546875, 0.88427734375, 12.1171875, 0.0810546875]",-0.640936019967814
274,1,test,3.0844483564437275,1.2966882332260559,1.8120651413066746,5.49417363491539,2.3097259154339116,3.227741032952514,21.855407121539212,15.879355277200688,18.286058161105444,38.929943935241724,28.285101587513726,32.572041099469075,3.0537025371388573,1.2539184032325048,1.7740656993355945,4.847146884347392,1.9903466717976261,2.8159773005326896,21.193669681075516,15.145327989487548,17.598335881943935,33.64074552551669,24.040203157916743,27.933866479276087,3.0844483564437275,1.2966882332260559,1.8120651413066746,5.49417363491539,2.3097259154339116,3.227741032952514,21.855407121539212,15.879355277200688,18.286058161105444,38.929943935241724,28.285101587513726,32.572041099469075,0.6683417085427136,-0.0016582914572863539,-0.0016582914572863539,0.5326633165829145,-0.0023366834170853723,0.002663316582914521,0.42713567839195976,0.007135678391959721,-0.002864321608040288,0.4084507042253521,0.0938637094977599,0.14498466207078542,0.39575971731448767,0.42211055276381915,0.09128348509464623,0.1549986996753383,0.4040404040404041,0.4084507042253521,0.0938637094977599,0.14498466207078542,0.39575971731448767,26.0,-2.0,-1.0,36.0,-5.0,-5.0,44.0,-2.0,-3.0,-0.00034652592521579686,0.0001426061775437224,-4.0915414001151256e-05,-0.0002803336946550772,0.00016174870629104277,1.2262581172706177e-05,"[2.12109375, 9.0390625, 0.7978515625, 0.0180816650390625, 0.177490234375, 0.380615234375, 1.1920928955078125e-06, 0.0160980224609375, 0.0004582405090332031, 4.0531158447265625e-06, 6.9453125, 3.794921875, 2.173828125, 6.8828125, 4.24609375, 7.24609375, 1.4130859375, 0.1317138671875, 0.10858154296875, 6.06640625, 3.974609375, 7.01953125, 6.62890625, 8.140625, 1.666015625, 7.50390625, 0.88623046875, 5.171875, 7.09765625, 1.1796875, 2.396484375, 9.3125, 4.296875, 0.070556640625, 5.55078125, 3.01171875, 2.919921875, 0.0469970703125, 0.14208984375, 0.8359375, 4.09765625, 4.23828125, 0.408203125, 1.0791015625, 5.140625, 2.27734375, 8.4375, 2.779296875, 5.18359375, 2.171875, 3.216796875, 2.31640625, 4.953125, 0.2347412109375, 1.763671875, 0.44140625, 0.09320068359375, 0.74560546875, 5.1796875, 7.62890625, 4.33203125, 2.185546875, 0.1339111328125, 0.0026912689208984375, 3.96875, 5.87890625, 4.28125, 3.107421875, 8.0390625, 3.35546875, 0.58642578125, 1.0087890625, 1.7578125, 10.1171875, 7.0234375, 2.498046875, 6.25390625, 8.6171875, 3.0703125, 0.444091796875, 0.460693359375, 2.55859375, 2.8671875, 8.390625, 1.1318359375, 0.362060546875, 3.1015625, 4.6640625, 4.42578125, 0.89453125, 2.013671875, 8.7109375, 0.74658203125, 5.91015625, 0.1646728515625, 5.515625, 0.8896484375, 3.162109375, 0.0012559890747070312, 8.6015625, 3.189453125, 8.140625, 2.009765625, 2.310546875, 6.48828125, 1.7890625, 0.58349609375, 1.0107421875, 1.8828125, 0.462890625, 1.890625, 1.23046875, 0.159423828125, 0.78369140625, 8.46875, 0.1591796875, 0.87744140625, 0.00010383129119873047, 0.06219482421875, 0.2724609375, 1.78125, 0.00015175342559814453, 5.6328125, 0.53564453125, 4.29296875, 0.1466064453125, 5.35546875, 0.0261383056640625, 0.09930419921875, 2.3671875, 7.7734375, 0.50927734375, 6.67578125, 7.21875, 0.406982421875, 2.470703125, 5.49609375, 5.6953125, 2.83984375, 6.015625, 3.904296875, 0.0047149658203125, 9.90625, 0.195556640625, 0.008087158203125, 4.3125, 0.327880859375, 1.130859375, 4.6171875, 4.41796875, 4.58984375, 4.890625, 0.14892578125, 1.9189453125, 1.10546875, 0.351806640625, 0.380126953125, 1.765625, 0.9375, 5.40234375, 7.90234375, 1.7890625, 3.5546875, 4.75390625, 2.22265625, 7.63671875, 1.947265625, 0.0001348257064819336, 0.097412109375, 0.2265625, 4.53515625, 3.38671875, 2.138671875, 0.9814453125, 0.07916259765625, 3.755859375, 1.28515625, 1.876953125, 2.708984375, 0.01216888427734375, 1.80078125, 5.2734375, 0.021240234375, 5.3359375, 1.6513671875, 0.048583984375, 2.111328125, 6.453125, 0.0160064697265625, 0.0197906494140625, 0.603515625, 1.2021484375, 5.16796875, 4.37890625, 2.19921875, 1.8935546875, 6.984375, 9.40625, 8.1484375, 3.3671875, 0.175537109375, 0.2177734375, 0.0560302734375, 1.4296875, 2.373046875, 3.9296875, 1.55859375, 2.779296875, 8.5390625, 2.681640625, 7.23046875, 1.638671875, 3.560546875, 7.1015625, 2.193359375, 1.0546875, 0.0003256797790527344, 2.333984375, 3.302734375, 0.0025157928466796875, 0.91064453125, 0.106689453125, 1.482421875, 0.00023877620697021484, 6.15625, 9.3359375, 2.21875, 7.08984375, 1.107421875, 6.9140625, 0.16552734375, 1.13671875, 3.21484375, 0.0166015625, 4.1640625, 0.54150390625, 7.6328125, 0.69384765625, 1.6640625, 0.0098114013671875, 0.01519775390625, 4.52734375, 3.5234375, 0.0285797119140625, 0.0161590576171875, 1.5205078125, 11.2421875, 0.9326171875, 0.3515625, 1.8740234375, 0.49609375, 2.294921875, 5.59765625, 7.5390625, 1.9658203125, 0.02947998046875, 3.85546875, 10.5703125, 5.4921875, 4.02734375, 6.05078125, 3.314453125, 0.849609375, 8.320808410644531e-05, 2.77734375, 1.177734375, 0.0011806488037109375, 2.872943878173828e-05, 0.79931640625, 0.45166015625, 6.80078125, 11.1015625, 10.7265625, 1.125, 0.3115234375, 5.125, 6.47265625, 4.5625, 2.53125, 12.9375, 2.615234375, 0.583984375, 9.578125, 6.03125]",-0.34157012004247855
354,1,test,2.78827733540054,1.2636842778367035,1.7053083259321409,4.35121306152192,1.9720274829021207,2.6611986431586776,16.252997209026972,11.659723218207684,13.299561884938285,25.36342165354882,18.195442510924998,20.754473255419388,2.7140898950135885,1.0590167661675323,1.5297870065636665,4.143648694677235,1.6168194903321105,2.3355526817765906,15.09086954456082,9.857406919293574,11.82246196212057,23.039495487879112,15.049476212661945,18.04956024751232,2.7631192207336426,1.2301230868433473,1.6939146156703537,4.3173737823963165,1.92206732319273,2.646741586984928,15.849203088538452,11.217168841165854,12.93614154468684,24.76437982584133,17.526826314321646,20.21272116357319,0.6180904522613065,0.008090452261306558,0.0030904522613065533,0.5025125628140703,0.022512562814070325,-0.007487437185929702,0.3919597989949749,-0.0030402010050251116,0.001959798994974893,0.4034582132564841,0.10705533555864244,0.16787659057808724,0.3872832369942196,0.42211055276381915,0.10632107907960864,0.1650153941661564,0.3787878787878788,0.40802675585284276,0.10585647204649884,0.1777709160308183,0.38926174496644295,22.0,9.0,8.0,34.0,16.0,15.0,45.0,15.0,14.0,0.0002599722745867246,-0.00016676913829537633,0.00011807839960353469,-0.0132063970138514,-0.014780047590333467,-0.01657267649071681,"[2.88671875, 1.2119140625, 0.19287109375, 0.2197265625, 0.0020275115966796875, 1.119140625, 0.0074615478515625, 0.031036376953125, 5.92578125, 4.62109375, 11.921875, 6.234375, 0.86962890625, 2.4140625, 5.6171875, 5.45703125, 0.0517578125, 10.8203125, 5.3984375, 0.87158203125, 2.068359375, 6.71875, 0.0491943359375, 5.2421875, 0.57666015625, 0.448974609375, 5.28515625, 0.0943603515625, 2.19921875, 3.94140625, 7.51953125, 5.8203125, 1.5595703125, 2.77734375, 0.04730224609375, 2.28125, 7.89453125, 3.201171875, 5.3125, 1.283203125, 5.21484375, 7.22265625, 9.4609375, 6.2578125, 3.0703125, 5.5859375, 5.59765625, 4.25, 1.2216796875, 4.3125, 7.8671875, 3.962890625, 0.0186920166015625, 11.6328125, 3.21484375, 10.1640625, 0.478759765625, 3.4609375, 1.2421875, 2.0625, 0.8310546875, 0.00482940673828125, 0.62255859375, 5.140625, 5.515625, 2.013671875, 4.6171875, 2.44921875, 0.01544952392578125, 3.861328125, 4.1796875, 7.29296875, 1.9091796875, 0.2039794921875, 5.67578125, 0.1317138671875, 0.193115234375, 0.40380859375, 6.28515625, 0.8388671875, 2.31640625, 0.76904296875, 0.74365234375, 0.203857421875, 5.84375, 0.0088958740234375, 0.0110321044921875, 5.4453125, 3.671875, 3.453125, 9.0546875, 1.5869140625, 0.250732421875, 0.61083984375, 3.27734375, 0.07379150390625, 3.640625, 1.654296875, 4.4375, 0.0007810592651367188, 0.054351806640625, 0.8427734375, 0.69091796875, 1.2109375, 3.361328125, 0.60595703125, 0.012603759765625, 0.0281524658203125, 0.27783203125, 3.734375, 6.3125, 0.246337890625, 0.8896484375, 1.6259765625, 1.6630859375, 5.16796875, 0.02130126953125, 0.0167694091796875, 2.193359375, 1.859375, 4.08984375, 1.1259765625, 9.5625, 5.3515625, 0.1551513671875, 0.43701171875, 2.59375, 0.0013561248779296875, 0.005828857421875, 3.6796875, 0.0285797119140625, 0.58837890625, 2.76953125, 9.15625, 0.001758575439453125, 3.095703125, 2.900390625, 1.3232231140136719e-05, 0.1119384765625, 0.144775390625, 1.466796875, 0.0006322860717773438, 2.130859375, 1.4130859375, 0.057647705078125, 0.0035190582275390625, 0.050201416015625, 0.002201080322265625, 9.5367431640625e-07, 0.08282470703125, 4.8279762268066406e-05, 5.7578086853027344e-05, 3.330078125, 0.44287109375, 3.798828125, 2.41015625, 4.5625, 0.364501953125, 0.00939178466796875, 0.134033203125, 0.0004229545593261719, 1.61328125, 0.55517578125, 7.2421875, 1.017578125, 5.55859375, 3.021484375, 2.546875, 3.16796875, 3.27734375, 7.296875, 0.1829833984375, 3.322265625, 3.419921875, 0.0177001953125, 1.333984375, 4.99609375, 1.4462890625, 4.19140625, 0.04241943359375, 11.4296875, 0.81103515625, 4.078125, 1.0546875, 4.02734375, 3.142578125, 0.332763671875, 0.0164794921875, 3.45703125, 7.92578125, 0.431396484375, 1.9033203125, 0.30322265625, 2.345703125, 7.671875, 3.37109375, 3.619140625, 7.375, 2.791015625, 7.5546875, 2.00390625, 0.54345703125, 1.7041015625, 1.5546875, 1.97265625, 3.640625, 0.955078125, 3.900390625, 0.931640625, 6.859375, 0.126708984375, 0.91943359375, 4.296875, 3.638671875, 0.28857421875, 0.3642578125, 0.96240234375, 2.263671875, 1.71875, 5.578125, 7.33984375, 1.4501953125, 1.169921875, 1.6025390625, 1.669921875, 4.21875, 3.419921875, 1.1689453125, 1.560546875, 1.345703125, 0.9697265625, 14.0390625, 8.359375, 6.48828125, 0.362060546875, 4.5625, 3.212890625, 0.2120361328125, 9.015625, 0.962890625, 2.26171875, 2.521484375, 1.3955078125, 1.7060546875, 3.572265625, 3.7109375, 3.248046875, 3.984375, 0.07659912109375, 0.1373291015625, 5.81640625, 2.349609375, 7.35546875, 7.5390625, 3.826171875, 0.039154052734375, 3.8671875, 3.625, 0.1751708984375, 0.006633758544921875, 7.6328125, 6.234375, 0.75537109375, 4.0234375, 0.3720703125, 0.0579833984375, 0.0080718994140625, 0.00045943260192871094, 0.0001951456069946289, 4.76837158203125e-07, 8.487701416015625e-05, 1.0251998901367188e-05, 3.814697265625e-06, 0.38427734375, 3.744140625, 0.0002987384796142578, 2.15234375, 0.478271484375, 7.44921875, 8.65625, 1.9169921875, 6.41796875, 6.6328125, 0.86279296875, 9.3671875, 0.325439453125, 0.548828125, 5.65234375, 0.86474609375, 8.9375, 3.103515625, 0.31298828125, 0.348388671875, 6.43359375, 0.146728515625, 0.2379150390625, 5.73828125, 0.51025390625, 0.255126953125, 7.8359375, 0.351318359375, 0.006809234619140625, 0.2183837890625, 8.890625, 3.533203125, 0.36328125, 7.93359375, 0.80078125, 0.2357177734375, 0.0186309814453125, 0.20556640625, 5.22265625, 1.02734375, 0.237060546875, 4.40625, 2.306640625, 0.05657958984375, 0.0111236572265625, 0.220703125, 7.1171875, 2.037109375, 0.280029296875, 0.0634765625, 0.13916015625, 2.412109375, 9.1953125, 2.412109375, 7.15625, 1.470703125, 0.45654296875, 1.7470703125, 3.96484375, 7.40234375, 8.5078125, 5.40625, 1.873046875, 10.0078125, 1.375, 0.2305908203125, 1.494140625, 6.86328125, 0.10162353515625, 9.0078125, 1.248046875, 1.3681640625, 2.365234375, 2.3125]",-1.1924973056364472
381,1,test,2.6973400506235303,1.1475591096848614,1.5958874356221162,4.709863197202744,2.0037690153564673,2.786601377226182,14.840204984618662,10.129766779227502,11.831671892972988,25.91268953272792,17.687727484972374,20.659447813118636,2.841093792987229,1.1442884586570263,1.6126662743989544,4.439209051542545,1.7879507166516038,2.5197910537483663,17.13449688370173,11.678009020258184,13.718642939646,26.77265138078395,18.24688909415341,21.435379593196874,2.6083131801324546,1.0798958611228362,1.5209212480342866,4.575988035320096,1.8945541423207652,2.6682828912882224,13.576131038906793,8.96525753633674,10.60960396833874,23.81777375246806,15.728521993573231,18.613340295331128,0.6030150753768844,-0.0019849246231156137,0.0030150753768843908,0.4974874371859297,0.007487437185929702,0.0024874371859296973,0.4120603015075377,0.002060301507537665,-0.007939698492462344,0.40476190476190477,0.11204273685700139,0.16614804337576616,0.391044776119403,0.4321608040201005,0.14394025264165433,0.18508233991325573,0.4040404040404041,0.39799331103678925,0.11585641621208143,0.157726347744242,0.36241610738255037,24.0,2.0,0.0,35.0,2.0,0.0,44.0,1.0,0.0,0.0007366103627104166,-0.0002852559749135846,0.00021167813486014551,-0.0379784048055134,-0.03265664570622118,-0.03802180174701775,"[9.9140625, 1.6201171875, 1.4404296875, 3.2578125, 0.21826171875, 6.734375, 0.9892578125, 4.734375, 2.23828125, 0.04522705078125, 0.68994140625, 0.288330078125, 1.7138671875, 0.0100860595703125, 7.80859375, 0.76904296875, 2.265625, 2.98046875, 0.00403594970703125, 2.3245811462402344e-05, 0.0003693103790283203, 0.001132965087890625, 1.1920928955078125e-06, 7.55078125, 0.76513671875, 0.1712646484375, 10.109375, 0.619140625, 4.3828125, 0.86328125, 0.0714111328125, 0.048736572265625, 0.042633056640625, 1.4365234375, 4.19140625, 11.7578125, 4.33203125, 2.41796875, 1.34765625, 1.7705078125, 0.896484375, 5.91015625, 3.021484375, 7.23046875, 9.9296875, 0.337158203125, 1.673828125, 4.71875, 3.669921875, 3.376953125, 1.9453125, 7.484375, 3.7421875, 4.328125, 0.8720703125, 0.20263671875, 5.26953125, 4.203125, 1.8974609375, 2.693359375, 0.465087890625, 0.6181640625, 2.990234375, 4.1796875, 3.55859375, 5.3671875, 1.212890625, 0.4921875, 0.91162109375, 7.1953125, 4.24609375, 7.265625, 7.4921875, 7.55078125, 0.028961181640625, 1.8369140625, 4.546875, 2.95703125, 6.41015625, 0.560546875, 11.828125, 3.138671875, 1.3896484375, 2.625, 0.0067901611328125, 5.65625, 10.1953125, 0.338623046875, 0.286865234375, 0.000431060791015625, 1.3720703125, 5.4140625, 0.0009012222290039062, 0.2261962890625, 6.75, 5.85546875, 7.72265625, 2.263671875, 0.447265625, 0.11419677734375, 6.640625, 4.0078125, 0.283203125, 4.5703125, 10.296875, 5.890625, 0.131103515625, 5.58984375, 8.375, 0.41162109375, 0.0145263671875, 0.88720703125, 2.12890625, 0.2744140625, 0.0003597736358642578, 0.57177734375, 5.328125, 5.34765625, 5.3763389587402344e-05, 0.00015437602996826172, 0.245849609375, 2.080078125, 1.07421875, 4.62109375, 8.5234375, 4.70703125, 3.12109375, 9.40625, 3.205078125, 0.0030727386474609375, 1.375, 6.01171875, 1.4013671875, 1.033203125, 0.107666015625, 6.35546875, 4.35546875, 1.455078125, 0.345458984375, 2.90234375, 5.0546875, 0.9384765625, 0.302490234375, 0.0016021728515625, 6.079673767089844e-06, 0.00047850608825683594, 0.0003001689910888672, 0.00012171268463134766, -0.0, 1.6689300537109375e-06, 0.08502197265625, 2.58984375, 7.748603820800781e-06, 4.0531158447265625e-06, 0.0003757476806640625, 0.00012826919555664062, 1.621246337890625e-05, -0.0, -0.0, 0.0743408203125, 0.28076171875, 7.02734375, 0.1016845703125, 5.91796875, 0.1690673828125, 3.689453125, 5.05859375, 0.0021228790283203125, 8.078125, 0.037261962890625, 4.66796875, 2.939453125, 5.58984375, 2.201171875, 5.375, 0.316650390625, 0.2900390625, 1.94921875, 5.01953125, 6.4375, 5.05078125, 1.568359375, 3.73046875, 0.0096588134765625, 7.0625, 2.328125, 7.375, 6.48046875, 7.64453125, 0.89794921875, 3.98828125, 0.56298828125, 5.671875, 3.77734375, 3.6015625, 0.10943603515625, 0.8212890625, 0.2144775390625, 2.982421875, 0.127685546875, 1.4345703125, 0.060577392578125, 0.599609375, 0.09405517578125, 0.6650390625, 2.375, 3.564453125, 4.5390625, 13.734375, 0.6982421875, 2.5546875, 8.6796875, 2.28515625, 0.412109375, 0.29248046875, 0.8447265625, 0.00014197826385498047, 2.7418136596679688e-06, 0.00011372566223144531, 2.276897430419922e-05, 1.6570091247558594e-05, -0.0, 8.58306884765625e-06, 0.2178955078125, 0.49072265625, 0.82568359375, 0.00017762184143066406, 2.796875, 4.84375, 7.06640625, 0.904296875, 3.548828125, 1.3173828125, 0.449951171875, 2.447265625, 4.01953125, 7.38671875, 4.1953125, 2.708984375, 7.92578125, 0.6484375, 5.1796875, 5.08984375, 0.1505126953125, 0.2919921875, 6.44921875, 0.0667724609375, 1.31640625, 0.04266357421875, 0.54931640625, 1.4033203125, 1.7705078125, 0.73193359375, 0.98388671875, 7.02734375, 3.810546875, 1.20703125, 0.0004963874816894531, 5.841255187988281e-06, 0.00020003318786621094, 6.9141387939453125e-06, 1.4901161193847656e-05, -0.0, 3.826618194580078e-05, 0.1578369140625, 2.71875, 1.1205673217773438e-05, 5.7578086853027344e-05, 4.303455352783203e-05, 1.2874603271484375e-05, 1.990795135498047e-05, -0.0, 2.384185791015625e-06, 1.4892578125, 0.794921875, 5.80078125, 13.953125, 0.10870361328125, 1.69140625, 4.59375, 6.203125, 2.38671875, 7.4765625, 4.7265625, 0.65576171875, 3.765625, 1.0888671875, 0.192626953125, 0.76123046875, 3.287109375, 0.0277557373046875, 4.796875, 1.361328125, 0.453369140625, 2.662109375, 1.2978515625, 1.5517578125, 3.8125, 2.115234375, 4.71484375, 3.814453125, 7.0078125, 0.0003674030303955078, 4.375, 8.6015625, 3.7109375, 0.33984375, 8.5703125, 0.01316070556640625, 3.865234375, 5.53125, 0.6484375, 5.76953125, 8.28125, 0.1866455078125, 0.005615234375, 0.2271728515625, 1.384765625, 0.34033203125, 0.03912353515625, 5.82421875, 3.892578125, 4.64453125, 0.9755859375, 1.8603515625, 5.78515625, 3.6171875, 0.8681640625, 1.390625, 3.375, 2.78125, 8.8828125, 0.3212890625, 2.52734375, 7.33984375, 4.35546875]",-1.1836437788747607
91,1,test,3.1320569360465336,1.3793239292601938,1.9034993538278338,5.4620017299348085,2.4054063644415575,3.31951716582171,22.921078278427053,17.150726723160954,19.504780027112876,39.97212431481791,29.909194163561175,34.01443346191636,3.0080679241736332,1.21276519879759,1.698466439339978,4.812908678677813,1.9404243180761438,2.7175463029439646,20.248240971480936,14.226943726076792,16.54354393144649,32.3971855543695,22.76310996172287,26.469670290314383,3.134810737977948,1.3876914296248513,1.8910273752899924,5.466804091839592,2.4199984687360208,3.2977672520301082,22.98428537803292,17.246236083845645,19.515573311467264,40.082351329984235,30.07575317060887,34.03325589682706,0.6834170854271358,0.008417085427135707,-0.006582914572864196,0.5577889447236181,-0.00221105527638199,0.0027889447236181253,0.42211055276381915,-0.0028894472361808976,-0.007889447236180902,0.43157894736842106,0.09182413125633704,0.1655346066449671,0.4436619718309859,0.42211055276381915,0.08125842243800463,0.13830420885730832,0.4242424242424242,0.4385964912280702,0.10584692905644144,0.1562160944952814,0.44718309859154926,28.0,0.0,1.0,39.0,1.0,2.0,48.0,2.0,2.0,-0.00022624750995360208,-6.620291296444569e-05,-9.892161165864731e-05,-0.004954894804965804,-0.005079996152381305,-0.005569879988756021,"[2.111328125, 9.03125, 0.796875, 4.03125, 1.7001953125, 0.07952880859375, 7.748603820800781e-06, 0.0234222412109375, 0.0004315376281738281, 5.7220458984375e-06, 8.125, 6.89453125, 1.6083984375, 4.10546875, 3.99609375, 9.3984375, 3.291015625, 3.57421875, 1.6767578125, 0.2252197265625, 0.02264404296875, 0.2347412109375, 3.498046875, 0.923828125, 3.587890625, 2.271484375, 2.61328125, 2.73046875, 0.338134765625, 5.29296875, 3.666015625, 1.4208984375, 8.5, 2.130859375, 0.2314453125, 4.08203125, 7.375, 0.89306640625, 0.92919921875, 5.23828125, 4.296875, 0.167724609375, 1.763671875, 0.002269744873046875, 6.34375, 1.5947265625, 0.238037109375, 0.75341796875, 0.625, 2.521484375, 8.0703125, 8.15625, 0.352783203125, 1.3076171875, 2.193359375, 0.53076171875, 3.05859375, 1.982421875, 2.14453125, 0.483154296875, 7.16015625, 1.619140625, 1.2119140625, 0.001560211181640625, 4.96484375, 1.60546875, 0.310302734375, 5.87109375, 7.87890625, 1.2490234375, 0.04046630859375, 8.796875, 6.2890625, 0.36865234375, 5.89453125, 3.275390625, 6.4609375, 3.22265625, 3.955078125, 5.34765625, 0.264404296875, 2.25390625, 2.876953125, 2.322265625, 1.6865234375, 9.15625, 0.05255126953125, 1.6630859375, 9.3203125, 0.81494140625, 1.8095703125, 6.00390625, 5.44140625, 5.6875, 3.24609375, 1.9443359375, 3.318359375, 5.890625, 5.90625, 1.2705078125, 1.5546875, 0.8984375, 0.0001798868179321289, 5.33203125, 1.9462890625, 0.2349853515625, 5.3046875, 8.4921875, 1.1142578125, 8.9296875, 3.6015625, 6.01171875, 0.044921875, 0.162109375, 1.080078125, 5.18359375, 0.0165557861328125, 1.146484375, 4.3203125, 4.62109375, 2.771484375, 0.68603515625, 4.234375, 3.8359375, 2.681640625, 5.65625, 5.5, 1.9619140625, 5.2578125, 2.2578125, 7.7890625, 2.173828125, 2.41015625, 0.0132598876953125, 2.806640625, 0.0004589557647705078, 3.158203125, 0.1890869140625, 7.46875, 3.220703125, 2.8046875, 0.95654296875, 2.322265625, 2.873046875, 2.6015625, 2.033203125, 0.44287109375, 0.00531768798828125, 5.34375, 3.388671875, 5.20703125, 7.15234375, 0.548828125, 0.24853515625, 5.38671875, 0.82763671875, 0.21337890625, 6.71875, 3.8359375, 0.1580810546875, 3.67578125, 3.63671875, 0.2734375, 7.1875, 0.0039520263671875, 0.7275390625, 0.2734375, 2.10546875, 5.19921875, 7.6953125, 3.076171875, 0.269775390625, 0.0014705657958984375, 3.84765625, 2.341796875, 0.0006093978881835938, 0.00038886070251464844, 1.3271484375, 2.203125, 0.00026798248291015625, 0.001064300537109375, 0.09368896484375, 7.26953125, 0.001026153564453125, 6.1484375, 5.3828125, 0.02056884765625, 8.0859375, 0.88720703125, 2.298828125, 0.0001531839370727539, 7.22265625, 7.17578125, 0.257568359375, 6.13671875, 10.328125, 2.54296875, 0.0151519775390625, 3.029296875, 1.5126953125, 6.82421875, 5.0625, 4.296875, 4.12890625, 7.70703125, 2.31640625, 8.15625, 1.49609375, 0.63671875, 3.013671875, 1.025390625, 6.31640625, 0.4365234375, 0.2392578125, 0.423095703125, 5.28515625, 2.638671875, 6.65234375, 3.904296875, 3.814453125, 0.77490234375, 2.283203125, 4.66796875, 3.29296875, 8.4140625, 0.028564453125, 1.203125, 4.46484375, 0.108642578125, 2.091796875, 6.96484375, 5.7421875, 0.525390625, 3.04296875, 5.77734375, 8.8984375, 0.8125, 2.037109375, 1.068359375, 2.494140625, 2.607421875, 2.5390625, 5.50390625, 2.552734375, 3.7265625, 0.045501708984375, 3.498046875, 4.44921875, 0.1439208984375, 5.7734375, 0.0161895751953125, 6.49609375, 5.62109375, 0.362548828125, 3.875, 0.01873779296875, 0.96923828125, 0.05914306640625, 6.0234375, 4.2421875, 0.94482421875, 5.78515625, 2.912109375, 6.390625, 10.140625, 2.91796875, 4.6484375, 0.01763916015625, 4.9765625, 1.822265625, 6.72265625, 6.35546875, 0.375244140625, 9.7890625, 7.3515625, 0.06817626953125, 0.06854248046875, 2.505859375, 4.81640625, 5.01953125, 5.80859375, 0.0004703998565673828, 1.4189453125, 0.52099609375, 4.58203125]",-0.6195440447121334
439,1,test,2.362998247465348,0.8978255778674726,1.1946592647583365,4.89571460110224,1.8601358657475262,2.475122786101526,10.622753397007923,6.2944628570399495,7.406108101725666,22.00846698275122,13.041014206574479,15.344146619597371,2.209355742488075,0.7577122190710539,1.1277633536265095,4.2082966523582375,1.4432613696591496,2.1481206735743035,9.109845415691213,4.839718611134813,6.160473054309885,17.3520865060785,9.218511640256787,11.734234389161685,2.2661849902226376,0.8531480678410408,1.2245549105533005,4.926489109179647,1.8546697126979148,2.6620758925071746,9.642544154288757,5.534130744153119,6.808711529917968,20.962052509323385,12.03071900902852,14.801546804169496,0.48743718592964824,-0.007562814070351753,-0.007562814070351753,0.38190954773869346,-0.0030904522613065533,-0.0030904522613065533,0.2864321608040201,0.006432160804020093,-0.003567839195979916,0.3609625668449198,0.07391316764598788,0.10876315335518372,0.353887399463807,0.3668341708542714,0.08863868213246684,0.12643350307463863,0.31313131313131315,0.3612040133779264,0.07906711855321857,0.12872347945134133,0.3389261744966443,17.0,3.0,3.0,29.0,8.0,8.0,34.0,5.0,4.0,-0.0001415537056090261,-6.024826691282792e-05,0.00015372185118822464,-0.07979316451520813,-0.0797541380814728,-0.0825406325400655,"[1.88671875, 5.3046875, 0.005107879638671875, 0.057769775390625, 1.7578125, 9.171875, 5.4765625, 3.080078125, 1.1142578125, 1.5185546875, 13.1953125, 0.75830078125, 0.315673828125, 2.611328125, 9.8125, 0.427978515625, 0.013641357421875, 0.038482666015625, 6.34765625, 1.734375, 4.8984375, 6.21875, 2.50390625, 0.60986328125, 3.546875, 1.8125, 2.1640625, 0.20068359375, 3.607421875, 1.392578125, 0.113525390625, 4.62890625, 0.2169189453125, 2.8125, 0.82763671875, 2.744140625, 8.703125, 5.7421875, 6.198883056640625e-06, 1.765625, 0.00010561943054199219, 0.0059356689453125, 0.004039764404296875, 0.0010290145874023438, 0.033111572265625, 0.0008220672607421875, 0.0018529891967773438, 0.02130126953125, 0.002140045166015625, 0.01497650146484375, 0.2275390625, 5.265625, 5.33203125, 0.06451416015625, 9.2734375, 1.091796875, 0.22216796875, 0.278076171875, 0.2498779296875, 0.0023708343505859375, 1.427734375, 3.525390625, 0.0271148681640625, 0.61474609375, 7.5, 2.6484375, 6.84765625, 4.99609375, 0.268798828125, 8.3125, 6.10546875, 6.375, 2.544921875, 9.6171875, 2.796875, 10.5703125, 6.25390625, 0.94189453125, 0.9375, 0.0169677734375, 5.48046875, 0.40283203125, 4.3203125, 2.298828125, 1.318359375, 0.46875, 10.296875, 5.23828125, 1.83984375, 1.69140625, 4.88671875, 0.8447265625, 2.279296875, 4.55859375, 0.076171875, 2.150390625, 1.2333984375, 7.74609375, 4.390625, 3.7109375, 0.900390625, 5.03515625, 1.615234375, 0.0909423828125, 2.95703125, 0.5498046875, 2.8252601623535156e-05, 1.15234375, 9.274482727050781e-05, 0.0004138946533203125, 0.00017452239990234375, 5.900859832763672e-05, 0.003353118896484375, 4.76837158203125e-06, 3.647804260253906e-05, 0.3134765625, 1.0609626770019531e-05, 1.5020370483398438e-05, 3.28125, 0.314697265625, 9.9921875, 0.006687164306640625, 1.76171875, 1.2666015625, 3.33984375, 0.99169921875, 0.140869140625, 0.485107421875, 0.0298614501953125, 2.0265579223632812e-06, 0.1090087890625, 2.8252601623535156e-05, 6.699562072753906e-05, 7.164478302001953e-05, 3.695487976074219e-05, 0.0007638931274414062, 1.9073486328125e-06, 1.9073486328125e-05, 1.7642974853515625e-05, 8.344650268554688e-06, 3.0994415283203125e-06, 0.33837890625, 6.2421875, 0.178466796875, 2.826171875, 5.1640625, 0.25, 0.4267578125, 0.0184783935546875, 0.5615234375, 2.41015625, 6.0625, 2.255859375, 1.232421875, 8.375, 1.423828125, 4.94921875, 2.693359375, 2.341796875, 2.6226043701171875e-06, 0.1907958984375, 0.0001342296600341797, 8.952617645263672e-05, 0.00019502639770507812, 3.7789344787597656e-05, 0.0001964569091796875, 8.344650268554688e-06, 3.707408905029297e-05, 0.0009217262268066406, 0.0001475811004638672, 7.18832015991211e-05, 1.02734375, 2.40625, 0.00019621849060058594, 6.953125, 1.33984375, 0.209716796875, 0.11279296875, 0.02166748046875, 0.35400390625, 1.9677734375, 7.3203125, 0.30078125, 7.65234375, 0.2066650390625, 0.03253173828125, 0.04510498046875, 6.41796875, 0.74560546875, 5.1640625, 3.6953125, 1.7861328125, 3.728515625, 0.6591796875, 3.376953125, 6.2265625, 2.544921875, 3.9921875, 0.0254364013671875, 1.951171875, 3.37109375, 3.8046875, 0.669921875, 7.5625, 0.5927734375, 4.890625, 2.166015625, 4.86328125, 0.276611328125, 1.4990234375, 2.064453125, 6.21484375, 0.030670166015625, 7.16015625, 9.7421875, 8.1015625, 2.146484375, 7.125, 6.0, 8.6796875, 3.25, 0.0732421875, 2.716796875, 1.5087890625, 6.24609375, 0.2393798828125, 1.2626953125, 2.8046875, 2.59765625, 0.0014553070068359375, 0.99462890625, 3.6954879760742188e-06, 0.078125, 0.00013566017150878906, 8.14199447631836e-05, 0.00016415119171142578, 7.224082946777344e-05, 0.0004940032958984375, 1.0967254638671875e-05, 6.961822509765625e-05, 0.006748199462890625, 7.092952728271484e-05, 2.3126602172851562e-05, 0.84521484375, 2.32421875, 3.98828125, 0.026275634765625, 6.92578125, 0.1650390625, 0.004665374755859375, 0.09283447265625, 2.078125, 0.693359375, 3.705078125, 0.9140625, 1.80859375, 5.609375, 2.34765625, 6.0078125, 0.1220703125, 0.38916015625, 1.4794921875, 3.40234375, 5.19140625, 0.7060546875, 3.583984375, 2.73046875, 1.8505859375, 1.4453125, 2.611328125, 1.9765625, 1.6728515625, 1.7119140625, 0.00039577484130859375, 6.9765625, 2.02734375, 0.103271484375, 2.916015625, 0.41943359375, 3.33203125, 2.205078125, 5.78515625, 1.189453125, 1.9345703125, 13.0390625, 1.8505859375, 4.875, 6.8984375, 2.884765625, 0.2152099609375, 0.00045871734619140625, 0.15673828125, 0.00010228157043457031, 9.465217590332031e-05, 0.0005393028259277344, 0.00010645389556884766, 0.000537872314453125, 0.00018084049224853516, 0.00027823448181152344, 0.00250244140625, 9.572505950927734e-05, 1.6450881958007812e-05, 0.04559326171875, 6.44921875, 2.947265625, 0.7119140625, 1.0185546875, 0.006679534912109375, 0.208251953125, 6.42578125, 2.931640625, 11.78125, 0.467041015625, 0.4140625, 0.00466156005859375, 0.466552734375, 8.203125, 2.24609375, 7.02734375, 0.7109375, 2.462890625, 1.537109375, 3.130859375, 4.47265625, 0.075439453125, 4.10546875, 0.055633544921875, 0.166015625, 7.26953125, 3.208984375, 3.521484375, 2.490234375, 3.982421875, 0.0211334228515625, 9.234375, 9.09375, 4.87890625, 6.6640625, 10.09375, 1.865234375, 3.26171875, 0.441162109375, 0.11334228515625, 6.546875, 0.57666015625, 0.03887939453125, 0.68798828125, 2.40625, 6.78515625, 1.0322265625, 6.28515625, 3.52734375, 1.63671875, 10.390625, 5.18359375, 10.15625, 0.978515625, 8.6171875, 0.00250244140625, 0.0023956298828125, 1.4599609375, 7.724761962890625e-05, 0.72900390625, 0.081298828125, 0.77294921875, 0.0003542900085449219, 0.01361083984375, 1.0390625, 0.052276611328125, 0.045166015625, 0.318603515625, 5.296875, 1.4169921875, 0.162841796875]",-1.177411317506576
159,1,test,3.1396341297491763,1.3569551870103098,1.6910130555070833,5.693203221945173,2.460612072445362,3.066370340652844,23.09541538732484,17.149651925422887,18.838175339411965,41.87968656901571,31.0980354914335,34.15989128213369,4.148451340258421,1.886739152147209,2.611336561833679,6.382232831166801,2.9026756186880136,4.017440864359505,63.335838644733506,53.73632737177352,58.684687353694784,97.43975176112846,82.67127287965155,90.28413439029967,3.5804282103892553,1.605390017484205,2.227367155604712,5.713449271897748,2.5617925810918165,3.554309290858583,35.88890555938279,28.682010658565943,32.01965414720762,57.26953014795126,45.76916594452012,51.09519278809725,0.728643216080402,-0.02635678391959806,-0.02635678391959806,0.6331658291457287,0.013165829145728725,0.00816582914572872,0.5577889447236181,-0.007211055276381884,0.007788944723618019,0.4078624078624079,0.11461087412007664,0.1458878233071782,0.3152709359605911,0.457286432160804,0.12896563015579143,0.20853851897215625,0.40909090909090906,0.4381270903010034,0.13595680649465947,0.19007369764249393,0.35906040268456374,24.0,1.0,0.0,36.0,0.0,1.0,43.0,-2.0,-2.0,0.0004377423968246819,0.002084818854564451,0.0002695616654509476,-0.02648504398133067,-0.029192706699703308,-0.027849949514880734,"[6.6875, 8.46875, 6.75, 7.55859375, 2.81640625, 6.83203125, 5.15625, 4.82421875, 3.998046875, 6.41796875, 1.0205078125, 9.515625, 2.705078125, 5.91015625, 10.84375, 0.445556640625, 4.77734375, 5.49609375, 3.017578125, 11.0546875, 0.6923828125, 12.34375, 9.546875, 0.666015625, 8.6875, 9.890625, 4.3046875, 9.0859375, 4.953125, 11.9296875, 5.44140625, 0.08111572265625, 10.7421875, 4.69921875, 2.73046875, 3.544921875, 0.6240234375, 0.66796875, 9.296875, 8.890625, 11.4453125, 9.6875, 4.9453125, 0.56494140625, 1.703125, 6.2890625, 1.7607421875, 0.1082763671875, 0.1231689453125, 0.09210205078125, 5.73046875, 3.267578125, 5.0625, 2.6796875, 1.3876953125, 1.0830078125, 6.8515625, 1.6591796875, 0.06695556640625, 0.005077362060546875, 0.3056640625, 0.2783203125, 6.7734375, 2.794921875, 6.6796875, 0.97509765625, 4.4375, 1.0654296875, 3.158203125, 0.63916015625, 1.943359375, 4.95703125, 7.71484375, 8.9921875, 0.219970703125, 7.42578125, 4.1484375, 2.783203125, 8.078125, 4.109375, 1.0537109375, 3.78125, 8.21875, 3.087890625, 0.0655517578125, 3.6328125, 1.54296875, 3.580078125, 0.06903076171875, 1.041015625, 0.005130767822265625, 0.88037109375, 1.6533203125, 0.5810546875, 0.8125, 0.07098388671875, 1.02734375, 5.484375, 12.0859375, 2.4765625, 5.0234375, 0.3681640625, 6.85546875, 0.84765625, 4.41796875, 1.1982421875, 6.59765625, 5.95703125, 5.8828125, 3.412109375, 8.375, 4.23828125, 1.65625, 4.08203125, 5.30859375, 0.7255859375, 1.6826171875, 3.9765625, 8.1640625, 2.67578125, 1.451171875, 3.998046875, 13.7734375, 4.01171875, 4.71875, 6.40234375, 8.109375, 5.53125, 4.80859375, 1.134765625, 4.703125, 0.54443359375, 0.054351806640625, 0.59619140625, 0.60986328125, 0.041961669921875, 0.5068359375, 0.6826171875, 0.37890625, 0.476806640625, 0.39404296875, 0.9443359375, 0.04132080078125, 0.1956787109375, 5.640625, 6.1953125, 2.388671875, 5.47265625, 6.6796875, 11.734375, 5.53125, 6.39453125, 5.01171875, 1.3349609375, 9.2265625, 7.59765625, 1.837890625, 3.330078125, 0.2568359375, 0.07110595703125, 1.6962890625, 2.96875, 1.21484375, 0.025909423828125, 15.4296875, 6.27734375, 11.0, 3.291015625, 8.1875, 6.3671875, 5.44140625, 5.55078125, 3.544921875, 5.73046875, 3.92578125, 1.787109375, 0.91796875, 1.8818359375, 7.15625, 5.15234375, 12.0859375, 2.341796875, 1.5009765625, 0.48974609375, 5.7890625, 1.75, 4.109375, 5.58984375, 6.04296875, 10.53125, 9.0859375, 0.9443359375, 6.16796875, 4.74609375, 1.5615234375, 0.467041015625, 0.07025146484375, 5.359375, 0.1466064453125, 0.62158203125, 0.0088958740234375, 0.01479339599609375, 3.373046875, 7.4609375, 0.00191497802734375, 7.593631744384766e-05, 0.0014514923095703125, 1.212890625, 0.001926422119140625, 3.814697265625e-06, 0.0028018951416015625, 0.0028209686279296875, 9.894371032714844e-06, 7.17578125, 0.032257080078125, 1.453125, 0.94140625, 4.234375, 0.908203125, 0.70751953125, 2.919921875, 0.432861328125, 0.0011568069458007812, 8.3359375, 2.4765625, 0.935546875, 0.418212890625, 2.421875, 2.5078125, 3.111328125, 0.392578125, 3.0703125, 4.73828125, 10.0546875, 12.6015625, 1.6416015625, 2.48828125, 3.798828125, 0.01012420654296875, 0.00018966197967529297, 0.00522613525390625, 0.00884246826171875, 2.3126602172851562e-05, 0.0010404586791992188, 6.556510925292969e-06, 4.7109375, 0.002651214599609375, 1.3113021850585938e-06, -0.0, 0.0012140274047851562, 3.9696693420410156e-05, 6.794929504394531e-06, 0.81689453125, 4.42578125, 3.357421875, 5.23828125, 1.27734375, 5.14453125, 0.61767578125, 1.3876953125, 1.435546875, 0.986328125, 1.7236328125, 4.7265625, 7.46484375, 3.689453125, 2.59375, 0.927734375, 9.515625, 2.138671875, 2.03125, 2.630859375, 5.8125, 0.88525390625, 0.167724609375, 3.013671875, 0.16259765625, 2.234375, 3.322265625, 0.189208984375, 5.50390625, 0.54052734375, 5.8984375, 3.9921875, 1.9375, 2.58203125, 0.0728759765625, 3.0625, 7.46484375, 2.150390625, 6.390625, 9.4375, 0.03814697265625, 0.004398345947265625, 2.150390625, 4.78125, 4.65234375, 4.98828125, 1.6103515625, 0.0016489028930664062, 8.484375, 0.53125, 1.9306640625, 0.00264739990234375, 0.005565643310546875, 1.125, 2.85546875, 7.29296875, 3.2890625, 0.1656494140625, 0.2491455078125, 7.20703125, 0.1644287109375, 6.17578125, 2.57421875, 5.078125, 0.078857421875, 8.1484375, 0.002033233642578125, 2.486328125, 8.328125, 1.3828125, 8.109375, 4.0390625, 5.19921875, 1.1171875, 1.224609375, 2.62890625, 3.072265625, 5.62890625, 1.591796875, 1.6953125, 0.70166015625, 0.1617431640625, 0.0684814453125, 2.025390625, 0.00839996337890625, 7.748603820800781e-06, 0.0007328987121582031, 0.0005321502685546875, 6.4373016357421875e-06, 8.45193862915039e-05, 8.344650268554688e-07, 2.353515625, 0.002376556396484375, 1.0728836059570312e-06, -0.0, 0.0005955696105957031, 1.1801719665527344e-05, 2.4318695068359375e-05, 1.4345703125, 4.20703125, 2.873046875, 0.7548828125, 1.8818359375, 3.5390625, 0.428955078125, 0.170654296875, 0.185546875, 3.556640625, 4.02734375, 1.37890625, 0.76904296875, 5.9296875, 0.78466796875, 7.32421875, 4.58203125, 4.30078125, 3.453125, 1.3740234375, 1.205078125, 1.8515625, 9.21875, 0.62939453125, 0.053436279296875, 0.0216522216796875, 0.031982421875, 3.6015625, 0.015533447265625, 4.410743713378906e-06, 7.128715515136719e-05, 9.226799011230469e-05, 2.384185791015625e-06, 5.841255187988281e-06, 8.344650268554688e-07, 3.580078125, 0.001544952392578125, 2.384185791015625e-07, 1.1920928955078125e-07, 0.00012481212615966797, 3.5762786865234375e-06, 2.7418136596679688e-05, 0.86181640625, 1.91015625, 0.5849609375, 0.0740966796875, 0.01617431640625, 2.248046875, 2.763671875, 1.0537109375, 3.26953125, 8.484375, 0.004619598388671875, 0.8857421875, 6.515625, 1.5322265625, 0.00429534912109375]",-1.443299296154144
295,1,test,3.2794826983646224,1.462023480859463,1.9887083049798828,6.041152339092726,2.6932011489516423,3.663410035489258,26.562028564433255,20.405831559871437,22.926427713258263,48.93005261869284,37.58968971555265,42.23289315600206,3.261615586640248,1.3864537332897544,1.9510495149643534,5.481706868302938,2.330174341663453,3.2790748150661404,26.09165644123722,19.56978181906857,22.383384175152678,43.85152343065079,32.890389611879954,37.619133067483496,3.237550151387983,1.4555388203647048,1.9851088575845655,5.9586812602232815,2.678905804352217,3.6535745845114698,25.471244555647587,19.529449230356285,21.972370236008263,46.87959120671335,35.943771589612794,40.439945219647115,0.7135678391959799,0.003567839195979916,0.00856783919597981,0.5778894472361809,0.007889447236180791,0.012889447236180906,0.4522613065326633,0.007261306532663325,0.017261306532663223,0.44904458598726116,0.13266938725912125,0.18845136564827814,0.4440894568690096,0.42211055276381915,0.10381481341544818,0.1549986996753383,0.4191919191919192,0.44147157190635455,0.12427624636378365,0.1856317498818829,0.43288590604026844,21.0,1.0,0.0,34.0,-2.0,-1.0,41.0,-1.0,0.0,7.531332950923125e-05,-0.00017560390275154328,-6.016198805061986e-05,0.0004478011750661537,4.5542954798527546e-05,-9.287412789138472e-05,"[2.12109375, 9.0390625, 0.7978515625, 5.01953125, 1.7294921875, 0.0794677734375, 1.9788742065429688e-05, 0.0157928466796875, 0.0004341602325439453, 5.7220458984375e-06, 7.14453125, 1.99609375, 5.0546875, 5.4140625, 5.2578125, 6.08203125, 1.2783203125, 7.359375, 2.861328125, 4.51953125, 3.705078125, 2.625, 1.1279296875, 5.93359375, 5.88671875, 8.015625, 6.03515625, 0.388427734375, 2.310546875, 0.64697265625, 1.7109375, 0.0772705078125, 0.291748046875, 5.1328125, 1.4208984375, 0.8623046875, 1.0791015625, 10.984375, 1.650390625, 13.140625, 3.37109375, 1.28125, 4.54296875, 0.02838134765625, 1.337890625, 6.2265625, 2.6484375, 4.73046875, 0.383544921875, 2.515625, 2.921875, 0.1629638671875, 3.822265625, 8.6171875, 0.125732421875, 2.12890625, 2.908203125, 12.046875, 4.19140625, 2.32421875, 1.8076171875, 6.3984375, 0.00933837890625, 0.501953125, 0.50439453125, 2.18359375, 2.041015625, 0.61669921875, 2.685546875, 5.77734375, 4.390625, 0.251953125, 4.13671875, 11.5703125, 0.375, 0.0762939453125, 5.375, 3.474609375, 1.9921875, 0.6953125, 0.36328125, 2.142578125, 7.484375, 2.169921875, 3.24609375, 1.8857421875, 6.53515625, 9.0234375, 5.31640625, 4.3125, 1.564453125, 1.5078125, 1.8232421875, 2.158203125, 11.15625, 1.783203125, 7.74609375, 0.12548828125, 1.1416015625, 6.62890625, 3.5078125, 8.96875, 7.75390625, 1.2998046875, 4.80859375, 1.15234375, 0.0021228790283203125, 0.93994140625, 0.09893798828125, 2.2890625, 0.0001500844955444336, 3.880859375, 9.21875, 4.2734375, 3.32421875, 3.59375, 0.07196044921875, 1.220703125, 7.59375, 5.04296875, 0.019622802734375, 0.0518798828125, 5.2578125, 0.18603515625, 0.0035247802734375, 0.30908203125, 8.5625, 5.546875, 9.09375, 0.09759521484375, 1.1064453125, 7.73046875, 8.3359375, 1.279296875, 3.083984375, 5.87890625, 4.27734375, 0.1317138671875, 3.55078125, 3.1328125, 1.8408203125, 3.458984375, 0.0007824897766113281, 4.52734375, 3.392578125, 0.4892578125, 5.6328125, 7.12109375, 1.279296875, 0.1475830078125, 0.0017595291137695312, 0.01201629638671875, 2.94921875, 1.8349609375, 5.0546875, 0.6796875, 7.546875, 3.6171875, 4.3515625, 3.310546875, 0.162841796875, 4.34375, 2.404296875, 3.392578125, 5.49609375, 8.34375, 0.165771484375, 1.251953125, 7.1875, 8.9296875, 0.017242431640625, 9.8359375, 3.470703125, 0.037628173828125, 2.01171875, 5.9453125, 4.55859375, 10.0546875, 0.037322998046875, 0.37744140625, 0.004428863525390625, 0.053314208984375, 2.029296875, 2.251953125, 3.419921875, 0.1636962890625, 0.0635986328125, 12.015625, 0.1678466796875, 0.023193359375, 4.4375, 5.30859375, 0.10345458984375, 0.53857421875, 2.580078125, 0.253173828125, 2.1640625, 4.38671875, 0.026702880859375, 3.48046875, 8.515625, 6.80859375, 6.08203125, 0.10565185546875, 3.556640625, 0.2822265625, 0.74853515625, 9.078125, 0.026763916015625, 6.5390625, 7.55078125, 0.3974609375, 7.375, 6.1328125, 2.080078125, 0.0006055831909179688, 0.86181640625, 0.2041015625, 2.556640625, 0.15673828125, 0.01363372802734375, 3.486328125, 0.033172607421875, 0.008636474609375, 0.86865234375, 2.62890625, 2.24609375, 2.58984375, 1.998046875, 2.0, 1.318359375, 4.828125, 0.34130859375, 4.87109375, 0.5849609375, 7.25390625, 3.912109375, 0.46923828125, 0.01177215576171875, 5.34765625, 2.19140625, 0.1893310546875, 1.953125, 5.3828125, 8.328125, 1.111328125, 7.375, 0.059967041015625, 4.59375, 0.8095703125, 0.0005517005920410156, 0.7421875, 1.3896484375, 0.85107421875, 0.0009274482727050781, 3.33203125, 1.671875, 0.19140625, 2.46875, 10.546875, 0.0306396484375, 0.0023708343505859375, 5.53125, 5.73828125, 8.484375, 0.404296875, 1.6494140625, 7.62109375, 5.5625, 6.2265625, 5.390625, 7.73828125, 2.658203125, 6.12109375, 3.5234375, 3.68359375, 0.18701171875, 0.486328125, 6.84765625, 3.984375, 3.4453125, 7.27734375, 0.0762939453125, 4.7421875, 7.828125, 6.44140625, 7.0078125, 1.3212890625, 3.166015625, 0.079833984375, 0.00379180908203125, 1.7421875, 0.0149383544921875, 0.005615234375, 6.99609375, 6.01171875, 4.765625, 0.94580078125, 3.708984375, 8.015625, 6.87109375, 3.5390625, 6.6015625, 0.054290771484375, 0.1746826171875, 0.1671142578125, 5.5234375, 7.49609375, 3.4921875, 6.34765625, 3.58984375, 1.3935546875, 1.6865234375, 6.77734375]",-0.750817442016237
166,1,test,3.199025532622246,1.3388919370115957,1.9029434616725218,5.567364877215511,2.3301158019815063,3.3117524332974826,24.508635690837764,18.084040679044698,20.85368694180956,42.65315051167899,31.472225491155143,36.29232810314924,3.161140172325786,1.1748639634195408,1.7588103749870234,5.182197003812765,1.9260064974090838,2.883295696700039,23.59748579687724,16.309142896073432,19.53282702166688,38.6844029457004,26.73629982962858,32.02102790437194,3.2463855990598036,1.3818259753065154,1.9531257595998317,5.695413331683866,2.4242560970289744,3.4265364203505824,25.69729154670508,19.244198075616403,22.052643366997273,45.08296762579839,33.761751009853334,38.68884801227592,0.7236180904522613,0.0036180904522613577,-0.011381909547738656,0.5577889447236181,-0.017211055276381892,-0.007211055276381884,0.42713567839195976,-0.007864321608040292,0.01713567839195973,0.40445859872611467,0.07377497392484278,0.12797554787865706,0.39616613418530355,0.4170854271356784,0.0812458281381847,0.1199234905747435,0.40909090909090906,0.41137123745819393,0.07748142109759293,0.13217212733583572,0.40268456375838924,19.0,-1.0,-1.0,32.0,-2.0,-1.0,43.0,0.0,0.0,-0.0003626327310316526,0.00037869746017028474,1.7235111676763987e-05,0.0004478011750661537,4.5542954798527546e-05,-9.287412789138472e-05,"[8.2109375, 0.4716796875, 9.875, 9.046875, 3.37109375, 0.118408203125, 3.470703125, 0.5498046875, 1.126953125, 5.10546875, 0.0760498046875, 0.98779296875, 8.1796875, 3.810546875, 3.068359375, 0.3408203125, 0.45068359375, 2.966796875, 6.34375, 5.20703125, 1.771484375, 1.90625, 2.8515625, 0.48779296875, 0.1318359375, 1.7060546875, 6.76953125, 0.681640625, 4.171875, 3.888671875, 5.359375, 0.68212890625, 5.31640625, 2.55859375, 1.6884765625, 0.50537109375, 2.818359375, 5.03515625, 0.0126953125, 7.0390625, 3.859375, 8.4296875, 6.19921875, 0.87109375, 0.1434326171875, 4.45703125, 4.98828125, 1.9716796875, 3.896484375, 2.236328125, 8.03125, 2.76953125, 2.443359375, 1.771484375, 4.46875, 1.64453125, 1.8984375, 2.21484375, 12.875, 2.826171875, 0.07659912109375, 5.37890625, 5.76171875, 0.305419921875, 5.796875, 0.233154296875, 1.5908203125, 0.00020003318786621094, 3.53125, 0.3310546875, 2.537109375, 9.3359375, 0.0282440185546875, 4.23046875, 2.18359375, 0.51171875, 0.0117950439453125, 0.8115234375, 0.496337890625, 2.41796875, 0.0003669261932373047, 2.556640625, 3.3203125, 2.939453125, 4.38671875, 6.05078125, 0.759765625, 7.3359375, 0.953125, 8.3203125, 9.875, 7.40625, 2.3203125, 0.041015625, 0.03033447265625, 3.421875, 2.9921875, 2.275390625, 2.2265625, 2.88671875, 1.5224609375, 0.0130462646484375, 3.85546875, 1.9033203125, 1.3486328125, 2.837890625, 0.07806396484375, 5.87109375, 2.076171875, 3.029296875, 0.75830078125, 0.058837890625, 1.986328125, 4.09765625, 5.08984375, 1.525390625, 11.9765625, 3.248046875, 1.0029296875, 0.1815185546875, 4.24609375, 6.89453125, 2.189453125, 0.58203125, 0.5322265625, 1.5791015625, 5.1875, 4.37890625, 6.8515625, 0.144287109375, 1.4482421875, 6.3046875, 5.1796875, 1.380859375, 1.1533203125, 9.167194366455078e-05, 5.6484375, 0.247314453125, 2.24609375, 2.25, 5.6015625, 4.59765625, 6.359375, 4.140625, 3.48046875, 0.209228515625, 2.34765625, 0.78271484375, 0.083251953125, 4.87109375, 0.167236328125, 3.384765625, 6.9609375, 1.751953125, 0.78076171875, 0.170654296875, 2.15625, 0.072265625, 5.19140625, 2.830078125, 6.1328125, 2.216796875, 1.314453125, 0.345703125, 1.7099609375, 1.9580078125, 2.25, 1.61328125, 2.71484375, 1.38671875, 3.015625, 1.26953125, 1.4424324035644531e-05, 5.69140625, 0.0982666015625, 4.453125, 5.796875, 7.4296875, 1.365234375, 0.64697265625, 8.8984375, 0.0212249755859375, 7.6953125, 2.029296875, 6.328125, 2.689453125, 10.90625, 4.6171875, 12.1328125, 4.94921875, 6.30078125, 2.705078125, 0.13330078125, 1.8017578125, 1.3505859375, 1.208984375, 5.87890625, 9.3203125, 0.1724853515625, 3.470703125, 8.109375, 4.6484375, 7.296875, 7.25, 7.38671875, 0.0633544921875, 1.400390625, 10.640625, 6.55078125, 2.990234375, 4.57421875, 6.1484375, 1.84765625, 0.00010585784912109375, 3.53515625, 0.2059326171875, 5.50390625, 0.0140228271484375, 1.3701171875, 4.5234375, 10.2890625, 9.21875, 6.33984375, 5.7109375, 1.4072265625, 2.029296875, 1.3291015625, 3.03125, 4.265625, 0.1649169921875, 5.7109375, 2.771484375, 5.1015625, 4.25390625, 1.748046875, 3.51953125, 1.478515625, 3.916015625, 3.546875, 4.15625, 5.37109375, 4.94921875, 1.564453125, 8.21875, 2.154296875, 0.81591796875, 7.343292236328125e-05, 3.5234375, 0.197265625, 5.08984375, 5.70703125, 7.25, 0.42529296875, 1.6142578125, 9.59375, 0.69921875, 3.01953125, 0.123779296875, 0.0184173583984375, 0.0030059814453125, 0.42041015625, 1.5830078125, 1.28515625, 1.654296875, 6.32421875, 1.1376953125, 1.3056640625, 3.046875, 1.93359375, 0.69873046875, 8.2890625, 0.869140625, 2.03125, 2.8359375, 3.35546875, 2.775390625, 0.77392578125, 6.16015625, 6.453125, 6.05859375, 9.1875, 1.89453125, 4.28515625, 10.6015625, 0.73583984375, 0.63818359375, 0.8662109375, 0.900390625, 0.013946533203125, 0.377197265625, 9.1484375, 6.85546875, 0.1943359375, 1.8828125, 1.810546875, 0.97021484375, 0.1622314453125, 0.638671875, 3.435546875, 0.56689453125, 5.6640625, 4.4140625, 0.59423828125, 2.78125, 0.77783203125, 0.927734375, 1.1884765625, 2.0390625, 1.609325408935547e-05, 0.158935546875, 0.150146484375, 7.75, 0.27294921875, 6.5390625]",-0.8845883399058301
277,1,test,2.429685037319477,0.9141895702067497,1.3334727488231608,4.168828011400787,1.5685568415126343,2.287958505875529,11.355305019403662,6.803629245502109,8.362496386825661,19.483312822766283,11.673595442282565,14.348283274237716,2.6498978006180804,0.9482412499262416,1.3860814204755119,3.9848087227339555,1.4259266916184083,2.0843329631210707,14.152592185289501,8.669569407380177,10.613690643220146,21.282093511713533,13.036946477263422,15.960437057473904,2.3691687129413004,0.8826347859392836,1.2694515627983889,4.084773643002242,1.5217841136884198,2.1887095910317047,10.688503375472678,6.266760531320878,7.685186959295406,18.42845409564255,10.804759536760136,13.25032234361277,0.6180904522613065,-0.01190954773869346,-0.01190954773869346,0.4623115577889447,-0.017688442211055255,0.0023115577889447625,0.36180904522613067,0.006809045226130683,0.006809045226130683,0.37230769230769234,0.06355193193902875,0.1235871191244784,0.3549382716049383,0.3869346733668342,0.08117026233926528,0.10813667670573235,0.398989898989899,0.37792642140468224,0.07742558668014132,0.12319894643249096,0.35906040268456374,23.0,11.0,11.0,35.0,13.0,13.0,39.0,11.0,11.0,0.000518187706123967,5.975259454382444e-05,0.000256034216576657,-0.02515507099582237,-0.025074723956251432,-0.02927958771193495,"[2.88671875, 1.2119140625, 0.349609375, 0.021087646484375, 0.0001302957534790039, 1.0205078125, 0.00885009765625, 0.0287628173828125, 7.625, 4.24609375, 2.361328125, 0.30078125, 1.5576171875, 8.15625, 0.19677734375, 8.3984375, 6.9140625, 0.052398681640625, 4.77734375, 7.609375, 0.2401123046875, 0.051544189453125, 0.03302001953125, 0.045806884765625, 0.01020050048828125, 7.359375, 1.416015625, 0.2237548828125, 2.251953125, 0.1221923828125, 3.873046875, 0.494873046875, 0.5615234375, 5.2578125, 1.7724609375, 4.5234375, 2.439453125, 1.8662109375, 5.80078125, 9.546875, 0.080078125, 0.95458984375, 0.73388671875, 1.4443359375, 1.7021484375, 0.065673828125, 7.234375, 1.197265625, 2.28515625, 3.48828125, 6.88671875, 0.5205078125, 2.755859375, 2.998046875, 11.0, 0.005382537841796875, 0.974609375, 2.91796875, 0.8046875, 3.794921875, 0.05828857421875, 8.21875, 3.44921875, 1.5703125, 0.6982421875, 0.00400543212890625, 10.3203125, 2.65234375, 0.85986328125, 6.734375, 1.115234375, 1.431640625, 6.6953125, 6.51171875, 2.546875, 1.0341796875, 0.1270751953125, 6.4765625, 0.17626953125, 2.21484375, 5.30078125, 5.07421875, 6.3671875, 0.0222625732421875, 2.259765625, 4.77734375, 6.640625, 0.0355224609375, 6.5078125, 9.3203125, 0.88916015625, 1.67578125, 5.21875, 0.9169921875, 0.955078125, 0.0653076171875, 3.794921875, 0.00530242919921875, 2.099609375, 0.0028781890869140625, 0.1251220703125, 2.283203125, 0.007534027099609375, 2.181529998779297e-05, 0.12841796875, 0.10382080078125, 2.453125, 0.00021946430206298828, 5.16796875, 2.08984375, 5.9453125, 0.167724609375, 3.458984375, 0.04107666015625, 2.541015625, 1.873046875, 3.2265625, 0.0097198486328125, 0.1591796875, 2.24609375, 8.0546875, 8.59375, 0.0072174072265625, 1.9482421875, 5.44921875, 0.033660888671875, 1.4130859375, 2.646484375, 0.55908203125, 1.88671875, 8.857250213623047e-05, 2.47265625, 2.798828125, 8.106231689453125e-05, 1.7109375, 0.19384765625, 1.8564453125, 0.030029296875, 3.462890625, 0.841796875, 4.93359375, 5.16796875, 0.552734375, 1.9970703125, 6.8203125, 2.443359375, 0.21435546875, 3.857421875, 6.16015625, 7.6484375, 0.118408203125, 1.625, 5.11328125, 4.65234375, 7.3828125, 5.703125, 0.1583251953125, 1.4580078125, 4.08203125, 1.7646484375, 3.634765625, 3.451171875, 5.10546875, 2.740234375, 1.9501953125, 3.18359375, 1.794921875, 0.03216552734375, 3.298828125, 0.2890625, 1.203125, 8.940696716308594e-05, 1.2197265625, 1.568359375, 0.0005288124084472656, 4.649162292480469e-05, 0.0177001953125, 0.1961669921875, 1.494140625, 0.00022089481353759766, 5.34375, 0.067138671875, 6.24609375, 4.98828125, 6.390625, 0.0643310546875, 8.609375, 3.859375, 1.2822265625, 0.1917724609375, 4.24609375, 1.361328125, 5.0234375, 6.12890625, 0.265625, 0.5859375, 3.380859375, 2.125, 0.003734588623046875, 4.578125, 9.5546875, 0.1845703125, 0.492431640625, 0.066162109375, 2.12109375, 2.39453125, 1.9072265625, 1.2421875, 8.25, 0.042388916015625, 1.076171875, 7.16796875, 6.109375, 7.75390625, 2.001953125, 1.8596649169921875e-05, 0.491943359375, 0.7919921875, 0.0005130767822265625, 6.556510925292969e-06, 0.024627685546875, 0.050506591796875, 3.12890625, 0.00032401084899902344, 5.22265625, 1.623046875, 4.81640625, 0.2447509765625, 3.271484375, 0.497802734375, 9.8359375, 0.052398681640625, 0.21484375, 0.1627197265625, 3.00390625, 1.5498046875, 3.10546875, 0.1669921875, 0.5146484375, 3.337890625, 0.80810546875, 2.099609375, 2.23828125, 0.345947265625, 0.0601806640625, 0.09088134765625, 1.0849609375, 8.1953125, 7.21484375, 3.060546875, 3.103515625, 0.0030078887939453125, 0.00978851318359375, 8.4921875, 2.365234375, 1.1171875, 8.609375, 0.81640625, 2.251953125, 2.40625, 0.007720947265625, 2.7578125, 0.6669921875, 2.177734375, 0.013031005859375, 0.09423828125, 0.490966796875, 1.791015625, 0.0005745887756347656, 1.2421875, 1.48828125, 0.1480712890625, 0.005950927734375, 0.0019931793212890625, 0.00041365623474121094, 3.5762786865234375e-06, 0.006587982177734375, 0.002635955810546875, 2.396106719970703e-05, 3.7109375, 1.1103515625, 0.52587890625, 0.0009140968322753906, 0.053619384765625, 0.0010175704956054688, 0.00014770030975341797, 0.01561737060546875, 0.01336669921875, 0.000553131103515625, 0.48291015625, 5.328125, 0.0777587890625, 0.0127716064453125, 0.0211181640625, 8.869171142578125e-05, 1.3994140625, 2.291015625, 2.94140625, 0.13818359375, 0.50634765625, 1.1142578125, 1.271484375, 3.876953125, 3.060546875, 4.76953125, 1.943359375, 0.54248046875, 1.3603515625, 10.4140625, 3.068359375, 2.916015625, 1.50390625, 6.16015625, 2.580078125, 0.010498046875, 3.56640625, 6.1015625, 4.14453125, 6.4609375, 1.3203125, 0.80908203125, 3.54296875, 8.6953125, 6.44140625, 1.55078125]",-1.1575887988163873
340,1,test,2.9371891170740128,1.264773642493261,1.7343334538174104,5.101433729654864,2.1967121159093477,3.0122633671565544,18.862750740502648,13.537736027585797,15.53313913150115,32.76161970718881,23.512909942649014,26.978610070501993,3.055566327056693,1.2470763274772683,1.7662080101032354,4.888906123290709,1.995322123963629,2.825932816165176,21.233207062190072,15.131979445437565,17.60275085622886,33.97313129950412,24.211167112700107,28.164401369966175,2.9371891170740128,1.264773642493261,1.7343334538174104,5.101433729654864,2.1967121159093477,3.0122633671565544,18.862750740502648,13.537736027585797,15.53313913150115,32.76161970718881,23.512909942649014,26.978610070501993,0.6934673366834171,-0.0015326633165829717,-0.006532663316582865,0.542713567839196,0.007713567839196078,0.0027135678391959628,0.40201005025125625,-0.017989949748743794,0.0020100502512562235,0.41891891891891897,0.09628378378378388,0.15990990990990994,0.4101694915254237,0.39698492462311563,0.08793969849246241,0.13735343383584597,0.40909090909090906,0.41891891891891897,0.09628378378378388,0.15990990990990994,0.4101694915254237,23.0,11.0,11.0,34.0,12.0,13.0,43.0,16.0,16.0,0.0001826979284820639,-0.00028103890484854684,0.00022298003014303014,-0.00036349275698022154,0.0001152664056931485,-2.979210245257491e-05,"[7.03125, 1.359375, 1.5029296875, 0.00634765625, 0.041778564453125, 7.08984375, 5.59375, 0.65380859375, 0.186767578125, 1.1953125, 0.63134765625, 2.65234375, 5.5234375, 8.078125, 1.134765625, 0.1473388671875, 4.05078125, 4.7265625, 3.31640625, 2.484375, 1.0283203125, 1.8798828125, 0.457763671875, 2.515625, 0.022003173828125, 2.54296875, 7.8515625, 0.035888671875, 8.4375, 4.48828125, 7.5078125, 0.62353515625, 3.689453125, 3.8046875, 10.1875, 0.260009765625, 0.900390625, 1.2373046875, 4.92578125, 2.533203125, 0.0145263671875, 5.46875, 3.83984375, 2.2734375, 1.396484375, 3.529296875, 4.94140625, 6.78515625, 5.94921875, 1.435546875, 3.322265625, 0.0230560302734375, 1.1474609375, 0.379150390625, 5.5078125, 2.482421875, 3.640625, 3.349609375, 2.052734375, 2.962890625, 0.076171875, 2.87109375, 0.08148193359375, 6.97265625, 2.595703125, 9.21875, 0.342041015625, 0.1405029296875, 6.87890625, 0.9970703125, 1.802734375, 6.35546875, 1.7880859375, 0.137451171875, 1.3173828125, 0.1177978515625, 0.0006999969482421875, 0.00495147705078125, 1.947265625, 6.87109375, 0.55859375, 1.2431640625, 0.64599609375, 9.671875, 3.154296875, 0.012542724609375, 4.4375, 7.60546875, 1.1904296875, 7.44140625, 2.24609375, 0.0806884765625, 0.1766357421875, 3.103515625, 0.2646484375, 7.59765625, 0.013763427734375, 2.2265625, 3.8125, 0.4619140625, 0.28955078125, 0.0078277587890625, 1.560546875, 1.5751953125, 1.16015625, 0.0005507469177246094, 2.626953125, 0.0477294921875, 0.0005350112915039062, 0.0125885009765625, 3.87109375, 0.8720703125, 5.0703125, 0.92431640625, 4.5859375, 3.6015625, 9.203125, 0.85986328125, 0.6005859375, 0.60205078125, 0.36767578125, 6.22265625, 7.84375, 2.7109375, 8.9609375, 0.89111328125, 3.8984375, 6.6484375, 0.9921875, 0.6796875, 1.25390625, 6.0078125, 1.185546875, 5.16015625, 0.0019083023071289062, 6.68359375, 5.83984375, 2.916015625, 1.7109375, 1.87109375, 0.008758544921875, 1.2177734375, 0.59619140625, 2.365234375, 0.0007429122924804688, 4.54296875, 1.35546875, 0.0237579345703125, 0.00012862682342529297, 0.00372314453125, 0.755859375, 7.45703125, 2.015625, 6.98828125, 2.01171875, 11.2890625, 1.310546875, 7.4765625, 9.0390625, 3.798828125, 2.619140625, 1.716796875, 6.9453125, 3.44921875, 2.181640625, 0.352783203125, 7.2734375, 0.1451416015625, 2.234375, 1.3505859375, 5.30859375, 1.2119140625, 3.6484375, 3.232421875, 2.712890625, 4.38671875, 10.6875, 6.05859375, 3.263671875, 1.4326171875, 5.7734375, 7.15625, 3.5546875, 0.384521484375, 1.759765625, 0.8369140625, 3.80078125, 3.150390625, 11.0078125, 0.74755859375, 1.3935546875, 2.228515625, 5.51953125, 5.66015625, 3.408203125, 6.34765625, 1.6494140625, 10.796875, 2.724609375, 5.0546875, 7.9921875, 4.75, 0.6357421875, 5.34765625, 3.255859375, 5.5909156799316406e-05, 5.99609375, 5.26953125, 0.0081787109375, 2.15625, 0.262451171875, 4.9140625, 1.947265625, 1.9169921875, 2.919921875, 0.009185791015625, 3.0390625, 6.875, 3.87890625, 0.007678985595703125, 6.86328125, 5.8046875, 1.5576171875, 2.435546875, 0.00251007080078125, 8.5234375, 2.95703125, 0.76708984375, 8.453125, 0.7607421875, 0.80322265625, 7.03125, 5.44140625, 0.9052734375, 0.1953125, 7.2890625, 0.17431640625, 3.056640625, 0.111572265625, 4.4609375, 0.8046875, 0.221923828125, 9.265625, 0.14892578125, 0.3857421875, 0.00298309326171875, 0.31640625, 0.26708984375, 8.5625, 0.56982421875, 5.09765625, 5.6796875, 0.0029773712158203125, 0.032012939453125, 1.3056640625, 4.921875, 3.064453125, 5.27734375, 5.6953125, 0.041412353515625, 2.705078125, 3.142578125, 4.6875, 1.1640625, 3.333984375, 5.22265625, 1.0810546875, 0.0111083984375, 2.12890625, 3.95703125, 1.48828125, 0.0030460357666015625, 0.59619140625, 0.260986328125, 1.2958984375, 0.000545501708984375, 3.078125, 0.2255859375, 0.029876708984375, 3.5881996154785156e-05, 0.0012102127075195312, 2.939453125, 1.462890625, 5.8203125, 4.1796875, 0.390380859375, 1.5576171875, 2.0234375, 2.376953125, 5.01953125, 2.158203125, 4.25390625, 4.046875, 2.998046875, 1.2802734375, 0.00241851806640625]",-0.6912841647863388
313,1,test,2.4861500515967987,0.887429615560871,1.2597800565298045,4.427581833461715,1.5804224052404274,2.2435408871907194,12.014930101839843,7.068231346216537,8.606097132232348,21.397375518445116,12.58780526264406,15.32658871302053,2.4600639157558803,0.6592011543874514,1.0911593223629972,4.0662213483568275,1.0895886849379366,1.803569127872723,11.705559685766767,5.650690567031996,7.774517439266885,19.348032538457467,9.339984408317349,12.850442048375019,2.521369367937579,0.8993481859840087,1.2963182342067936,4.397737269658568,1.5686305569488521,2.2610201759420816,12.445627643535369,7.382313783673709,9.041287488582082,21.707490075933784,12.876128692454145,15.769687480085029,0.5979899497487438,-0.0020100502512562235,-0.017010050251256237,0.4371859296482412,-0.03281407035175876,-0.03281407035175876,0.3467336683417085,-0.008266331658291493,-0.008266331658291493,0.40506329113924056,0.08910752494650753,0.12822118587608267,0.4095238095238095,0.40201005025125625,0.06115791992544173,0.10150921552671532,0.3939393939393939,0.4013377926421404,0.08915081434497851,0.12547572367662319,0.4093959731543624,15.0,5.0,5.0,25.0,9.0,8.0,36.0,12.0,12.0,-8.879161668090877e-05,-5.92406284364704e-05,7.58662966874388e-05,0.00043990332195509296,3.7795904697546234e-05,-9.98832418286355e-05,"[2.859375, 1.2138671875, 0.351806640625, 0.0308380126953125, 0.0001201629638671875, 1.1474609375, 0.00901031494140625, 0.0285186767578125, 5.59765625, 1.001953125, 3.478515625, 0.05963134765625, 2.80859375, 7.046875, 6.6484375, 0.27294921875, 2.28125, 1.58984375, 2.6015625, 3.580078125, 0.1602783203125, 0.431396484375, 0.38330078125, 0.69677734375, 3.587890625, 0.042938232421875, 3.619140625, 1.3427734375, 1.71484375, 1.439453125, 10.890625, 0.9072265625, 7.96875, 0.371337890625, 0.853515625, 8.2265625, 0.3818359375, 1.2802734375, 3.310546875, 2.57421875, 0.01128387451171875, 0.1324462890625, 0.3271484375, 3.6328125, 2.076171875, 6.31640625, 0.74755859375, 2.70703125, 3.189453125, 0.005016326904296875, 3.482421875, 3.548828125, 0.83935546875, 11.3125, 4.1171875, 3.28125, 3.66015625, 3.78125, 0.27783203125, 1.853515625, 1.5703125, 4.0234375, 5.34375, 3.681640625, 0.051544189453125, 2.8984375, 1.658203125, 2.921875, 2.189453125, 2.39453125, 1.001953125, 0.00044083595275878906, 0.163818359375, 0.138916015625, 4.74609375, 6.0234375, 6.109375, 2.46875, 4.390625, 6.26953125, 0.22412109375, 3.623046875, 1.130859375, 1.9267578125, 3.26953125, 5.24609375, 4.61328125, 3.958984375, 0.158203125, 0.357177734375, 1.595703125, 2.236328125, 7.045269012451172e-05, 4.3359375, 9.0625, 0.10595703125, 0.64404296875, 0.010711669921875, 1.9033203125, 8.828125, 6.95703125, 2.775390625, 0.006389617919921875, 0.2822265625, 5.55859375, 0.48779296875, 2.63671875, 12.59375, 0.01548004150390625, 4.87890625, 6.05859375, 0.0017423629760742188, 0.97705078125, 1.13671875, 6.37109375, 0.1580810546875, 0.0006914138793945312, 3.099609375, 1.5576171875, 0.00011944770812988281, 0.263427734375, 0.693359375, 6.359375, 0.01177215576171875, 1.5166015625, 0.0176544189453125, 3.1484375, 5.390625, 3.419921875, 2.279296875, 1.9638671875, 3.419921875, 4.23046875, 5.96484375, 5.08203125, 2.052734375, 3.33203125, 3.6328125, 0.88623046875, 0.0002237558364868164, 0.095703125, 2.375, 0.004947662353515625, 0.0001742839813232422, 0.02850341796875, 0.07196044921875, 3.08984375, 6.05078125, 0.1346435546875, 3.5859375, 1.4833984375, 0.01898193359375, 0.7294921875, 1.9921875, 0.8251953125, 3.169921875, 2.771484375, 10.65625, 1.208984375, 2.880859375, 0.92724609375, 8.0390625, 1.0517578125, 6.83203125, 0.1773681640625, 0.5419921875, 0.1285400390625, 0.88232421875, 0.91748046875, 1.2412109375, 5.37890625, 0.65478515625, 0.0002903938293457031, 0.2119140625, 0.513671875, 3.95703125, 0.034027099609375, 1.8154296875, 0.0031337738037109375, 1.3330078125, 0.01181793212890625, 2.1953125, 1.376953125, 0.8427734375, 1.529296875, 3.2890625, 9.0078125, 0.472412109375, 1.048828125, 0.326904296875, 2.357421875, 7.890625, 2.82421875, 3.59375, 5.765625, 2.798828125, 0.0067596435546875, 0.1441650390625, 4.82421875, 1.5234375, 1.697265625, 3.109375, 4.10546875, 0.08984375, 0.2498779296875, 3.43359375, 0.92724609375, 3.528594970703125e-05, 0.53759765625, 0.454345703125, 2.32421875, 5.84765625, 8.2109375, 1.0654296875, 0.11663818359375, 0.048614501953125, 0.0010728836059570312, 0.70263671875, 0.01026153564453125, 0.278564453125, 6.59765625, 0.306884765625, 0.14013671875, 12.7109375, 4.0859375, 6.61328125, 2.1015625, 5.43359375, 6.0390625, 1.171875, 1.9311904907226562e-05, 0.09454345703125, 0.60009765625, 4.125, 5.48828125, 0.458251953125, 2.453125, 3.482421875, 0.0035037994384765625, 0.74365234375, 2.787109375, 4.671875, 1.7412109375, 4.1328125, 0.00576019287109375, 0.00884246826171875, 1.0927734375, 0.751953125, 4.28515625, 1.390625, 2.086162567138672e-05, 0.2705078125, 0.93408203125, 13.390625, 0.467041015625, 0.05902099609375, 0.11541748046875, 2.681640625, 8.046875, 2.3359375, 1.595703125, 2.505859375, 3.21484375, 2.357421875, 4.79296875, 11.0234375, 8.046875, 0.83056640625, 1.150390625, 2.46875, 0.0589599609375, 2.05078125, 2.888671875, 8.7890625, 0.4306640625, 3.68359375, 1.3310546875, 6.794929504394531e-06, 0.079833984375, 0.39111328125, 5.5078125, 0.0291900634765625, 9.078125, 0.8515625, 0.006107330322265625, 0.010498046875, 5.40625, 4.9375, 6.7890625, 0.383544921875, 0.0008068084716796875, 0.0186767578125, 3.46875, 4.83984375, 5.58984375, 3.716796875, 3.376953125, 0.3330078125, 0.59130859375, 0.712890625, 1.3564453125, 3.1015625, 0.0038661956787109375, 0.330810546875, 3.376953125, 2.720703125, 1.318359375, 1.4736328125, 2.994140625, 5.515625, 2.791015625, 1.2998046875, 0.414794921875, 6.556510925292969e-06, 0.2413330078125, 4.08203125]",-0.501877044197879
253,1,test,3.575673836660802,1.574392907857479,2.1728473568580693,6.089266335699583,2.6811443579355085,3.7002945087087906,35.718681265251,28.320154247042183,31.652003143859567,60.827853243793776,48.228381490012424,53.90242119548361,4.119213533760914,1.762906688676745,2.469069526312154,5.96987468661002,2.554937229966297,3.578361632336455,61.51084703178661,50.958937465530155,56.30311730673196,89.14615511853133,73.85353255873936,81.59872073439415,3.7467680539574513,1.6953984778535531,2.328256297687421,6.043174280576534,2.7345136739573435,3.7552520930442275,42.383877994768824,34.60533086812598,38.25291001875403,68.36109353994972,55.81504978729997,61.69824196573231,0.7537688442211055,0.008768844221105465,-0.0012311557788945438,0.6532663316582914,0.008266331658291382,0.013266331658291386,0.5527638190954773,-0.0072361809045227155,-0.012236180904522609,0.45189504373177847,0.13894016745812487,0.19285301049619685,0.435672514619883,0.48743718592964824,0.15159758693215453,0.2136475365139554,0.5151515151515151,0.4581939799331104,0.14934589979955448,0.20680354611775997,0.4530201342281879,23.0,6.0,5.0,36.0,6.0,6.0,48.0,7.0,8.0,0.0003518192227461428,0.00040709800082222494,0.000385577634351686,0.0003332823049371214,-6.678927164482928e-05,0.00016045041052237252,"[1.88671875, 5.3046875, 0.005107879638671875, 0.057769775390625, 3.7578125, 10.109375, 8.6171875, 1.572265625, 2.84765625, 0.0228424072265625, 0.2366943359375, 0.63720703125, 2.90234375, 11.375, 4.21484375, 5.4609375, 4.58203125, 0.17724609375, 9.84375, 11.5859375, 0.94287109375, 4.30078125, 1.166015625, 4.2421875, 3.517578125, 6.8203125, 4.1484375, 0.351318359375, 4.1328125, 3.94140625, 11.2890625, 1.2548828125, 0.007793426513671875, 5.1484375, 3.26171875, 0.90087890625, 0.01023101806640625, 8.9921875, 0.031951904296875, 1.6337890625, 3.994140625, 0.026275634765625, 3.642578125, 7.53515625, 3.37890625, 0.39013671875, 0.53369140625, 1.5029296875, 5.01171875, 4.87109375, 3.40625, 2.193359375, 0.6123046875, 8.8984375, 4.0390625, 4.25, 1.818359375, 1.6962890625, 2.224609375, 6.48046875, 10.046875, 4.0546875, 7.1796875, 0.869140625, 6.01171875, 7.98828125, 1.00390625, 7.7890625, 6.3671875, 4.50390625, 6.7109375, 0.07403564453125, 0.94921875, 2.251953125, 6.21484375, 0.240966796875, 0.4150390625, 7.8984375, 6.01171875, 1.763671875, 7.765625, 0.8583984375, 3.14453125, 0.006450653076171875, 4.2265625, 3.271484375, 0.0244598388671875, 0.00013959407806396484, 7.07421875, 1.17578125, 0.0131378173828125, 0.0005488395690917969, 2.013671875, 1.052734375, 0.01378631591796875, 0.0012369155883789062, 6.546875, 1.380859375, 1.0361328125, 14.125, 4.5625, 2.8046875, 4.62890625, 7.02734375, 6.83984375, 6.375, 3.9375, 5.87890625, 4.83984375, 0.66552734375, 6.67578125, 0.11798095703125, 8.6484375, 10.328125, 7.48828125, 8.140625, 4.80078125, 5.12890625, 0.0017948150634765625, 2.58203125, 1.462890625, 0.0070648193359375, 6.127357482910156e-05, 5.69921875, 0.4931640625, 2.0859375, 0.13427734375, 5.9453125, 2.1015625, 7.18359375, 1.3154296875, 0.2047119140625, 7.0625, 3.53515625, 2.830078125, 5.97265625, 8.0078125, 5.30078125, 1.150390625, 9.3828125, 11.046875, 2.541015625, 12.4609375, 4.8359375, 0.880859375, 11.3515625, 1.556640625, 1.572265625, 4.4375, 7.34375, 6.0859375, 5.44140625, 0.625, 8.765625, 5.33984375, 1.2080078125, 4.9375, 0.50244140625, 0.285888671875, 4.203125, 12.828125, 9.0625, 0.86376953125, 4.9375, 9.0078125, 6.12890625, 6.921875, 4.84375, 10.8984375, 2.75390625, 0.8564453125, 4.64453125, 1.240234375, 0.453369140625, 8.0546875, 1.916015625, 10.3515625, 7.70703125, 0.6845703125, 7.25390625, 11.3359375, 0.8466796875, 6.8828125, 0.50244140625, 0.2340087890625, 4.24609375, 4.6875, 4.703125, 6.96875, 6.5703125, 0.153564453125, 4.48828125, 5.29296875, 9.171875, 0.3759765625, 4.93359375, 4.015625, 1.599609375, 2.23046875, 4.06640625, 0.52490234375, 1.7919921875, 9.421875, 5.25390625, 1.5654296875, 1.017578125, 1.7978515625, 0.00021350383758544922, 2.60546875, 0.67724609375, 0.041595458984375, 0.2939453125, 0.019989013671875, 0.0171356201171875, 0.109130859375, 1.294921875, 3.130859375, 1.638671875, 3.5859375, 7.65234375, 0.6328125, 0.435546875, 7.96484375, 0.2412109375, 1.7626953125, 0.90283203125, 1.5859375, 1.76953125, 5.03515625, 3.798828125, 6.46875, 2.373046875, 5.234375, 1.666015625, 1.8681640625, 4.49609375, 0.372314453125, 0.56982421875, 3.544921875, 0.14892578125, 1.9638671875, 5.625, 4.3515625, 3.52734375, 0.0858154296875, 7.94140625, 1.2080078125, 1.943359375, 5.8671875, 4.94921875, 5.2109375, 2.708984375, 3.416015625, 3.818359375, 6.8828125, 1.9482421875, 1.048828125, 4.43359375, 2.86328125, 0.08343505859375, 0.466552734375, 4.1640625, 0.00457763671875, 3.494140625, 4.1328125, 8.0, 5.86328125, 11.90625, 0.0037097930908203125, 4.8984375, 1.1689453125, 5.96875, 0.019805908203125, 1.916015625, 1.1142578125, 0.5302734375, 8.5546875, 1.65625, 5.02734375, 5.4921875, 1.2119140625, 0.650390625, 3.216796875, 10.7578125, 8.8671875, 9.5703125, 1.5810546875, 7.27734375, 2.67578125, 2.38671875, 0.031494140625, 0.038665771484375, 0.7060546875, 3.845703125, 0.044525146484375, 4.48046875, 1.529296875, 0.032745361328125, 0.00039458274841308594, 6.23046875, 0.93017578125, 0.01326751708984375, 0.00027370452880859375, 4.70703125, 0.93603515625, 0.01534271240234375, 0.0002930164337158203, 4.27734375, 1.18359375, 1.798828125, 0.0003325939178466797, 0.62109375, 0.10333251953125, 0.0108489990234375, 0.06890869140625, 0.01520538330078125, 0.007175445556640625, 0.11962890625, 3.59765625, 1.3779296875, 2.677734375, 0.9453125, 1.6572265625, 1.146484375, 1.0341796875, 9.921875, 4.33203125, 0.218994140625, 0.1337890625, 1.671875, 0.0009603500366210938, 5.23828125, 1.7939453125, 0.56787109375, 9.828125, 1.5458984375, 0.9951171875, 8.859375, 5.59375, 5.81640625, 4.51953125, 3.98828125, 10.1171875]",-0.6490943251128796
222,1,test,2.745321018550232,1.0390243500434282,1.4713055450174344,4.911696788290551,1.858934721506269,2.6323357710175865,15.569611264059207,10.06108749643439,11.99443144637916,27.855835118690962,18.00044905824656,21.459424968691966,2.8069064994553226,0.9429748038351036,1.3580670718225625,4.717489915050963,1.5848316030842078,2.2824656669286765,16.558614822185863,10.109572158092067,12.300445089977474,27.82960474316952,16.990877576625326,20.673016957945336,2.762386914427954,1.053452991751141,1.5108677540543922,4.942229649622802,1.8847492301397963,2.7031171382061574,15.837600865885479,10.314530547939722,12.3419514880813,28.335299508352932,18.45388798713025,22.081178512689675,0.6381909547738693,-0.006809045226130683,-0.016809045226130692,0.5326633165829145,-0.0023366834170853723,-0.0023366834170853723,0.4170854271356784,0.002085427135678386,-0.0029145728643216184,0.4312977099236641,0.10558342420937838,0.15591699926376568,0.45977011494252873,0.4371859296482412,0.10886512764322864,0.1467017894145184,0.46464646464646464,0.43511450381679384,0.11130498000727007,0.16100282868989024,0.4559386973180076,17.0,6.0,4.0,30.0,9.0,10.0,37.0,7.0,7.0,0.00013303149199453933,9.876723326269595e-05,-0.0001088268628127447,-0.00012787541372372146,-0.00017828449388890277,8.936283448512938e-05,"[2.88671875, 1.2119140625, 0.349609375, 0.021087646484375, 0.0001302957534790039, 1.0205078125, 0.00885009765625, 0.0287628173828125, 4.625, 2.4765625, 0.69384765625, 1.169921875, 2.3359375, 0.2303466796875, 5.98828125, 5.2421875, 5.21484375, 2.83984375, 1.5478515625, 0.01471710205078125, 3.634765625, 5.1640625, 3.38671875, 6.84765625, 1.771484375, 0.044036865234375, 0.1549072265625, 0.345947265625, 7.3828125, 0.0030765533447265625, 1.68359375, 3.263671875, 2.4375, 0.1585693359375, 2.8359375, 6.28125, 0.165771484375, 6.71484375, 0.363525390625, 4.3515625, 0.066650390625, 9.15625, 2.556640625, 7.77734375, 2.01171875, 1.1748046875, 0.01235198974609375, 5.9140625, 1.47265625, 6.5390625, 1.498046875, 0.450439453125, 4.80859375, 9.4453125, 0.8203125, 4.64453125, 0.6201171875, 0.380859375, 6.1640625, 0.85595703125, 0.006099700927734375, 0.391845703125, 3.134765625, 0.0020580291748046875, 0.00015783309936523438, 0.253662109375, 0.0826416015625, 3.10546875, 0.0194549560546875, 2.74609375, 0.84716796875, 2.32421875, 5.16796875, 2.513671875, 4.2265625, 2.0859375, 6.59375, 4.95703125, 0.34912109375, 4.296875, 2.556640625, 0.025146484375, 0.287353515625, 0.435302734375, 5.54296875, 0.10174560546875, 5.0, 0.0589599609375, 0.38525390625, 0.00867462158203125, 5.26953125, 4.36328125, 7.46875, 1.89453125, 6.99609375, 3.072265625, 5.51953125, 1.5380859375, 1.1630859375, 6.05078125, 2.41796875, 3.427734375, 4.37109375, 1.427734375, 5.94140625, 0.053192138671875, 3.76171875, 2.734375, 3.51171875, 2.83984375, 0.92724609375, 0.0036411285400390625, 0.650390625, 1.4267578125, 0.0005116462707519531, 1.7642974853515625e-05, 0.06292724609375, 0.0643310546875, 6.296875, 2.21484375, 3.62890625, 6.296875, 6.13671875, 4.72265625, 0.448486328125, 4.95703125, 3.05078125, 2.951171875, 1.041015625, 3.193359375, 3.890625, 3.111328125, 2.279296875, 0.45703125, 0.403076171875, 3.001953125, 4.33203125, 1.009765625, 4.765625, 5.1796875, 1.5771484375, 2.7578125, 7.76171875, 3.5078125, 2.291015625, 3.556640625, 6.046875, 4.29296875, 1.1953125, 5.48828125, 2.474609375, 5.3203125, 5.65234375, 10.1484375, 1.3857421875, 8.4375, 7.86328125, 2.8984375, 6.2109375, 0.48046875, 0.008697509765625, 0.0865478515625, 0.98681640625, 5.2734375, 0.038848876953125, 2.65234375, 6.2578125, 4.06640625, 0.1043701171875, 1.8310546875, 10.078125, 12.8046875, 0.057373046875, 1.5615234375, 0.60986328125, 0.8583984375, 0.018310546875, 4.390625, 0.7080078125, 2.099609375, 0.16064453125, 1.47265625, 0.32275390625, 2.6953125, 0.4853515625, 0.0245361328125, 5.95703125, 0.046600341796875, 1.7744140625, 0.043426513671875, 0.08294677734375, 0.005321502685546875, 0.421142578125, 2.99609375, 2.2578125, 10.4609375, 3.486328125, 3.271484375, 5.27734375, 0.0167083740234375, 1.1513671875, 3.923828125, 5.41796875, 2.201171875, 1.8974609375, 2.03515625, 5.50390625, 1.3193359375, 1.119140625, 0.01019287109375, 2.580078125, 5.7265625, 1.033203125, 6.109375, 3.439453125, 1.3798828125, 6.54296875, 11.0390625, 2.896484375, 0.224609375, 0.0295562744140625, 0.01947021484375, 0.002685546875, 0.537109375, 1.29296875, 0.0001933574676513672, 6.015625, 3.560546875, 1.3740234375, 4.45703125, 2.255859375, 0.6474609375, 1.162109375, 6.8828125, 0.2266845703125, 0.0312347412109375, 6.7578125, 1.361328125, 7.32421875, 0.0185089111328125, 1.76171875, 0.2481689453125, 3.509765625, 0.01271820068359375, 0.16162109375, 2.546875, 6.60546875, 2.2578125, 0.8232421875, 3.33203125, 3.18359375, 1.2490234375, 0.54736328125, 5.11328125, 0.66796875, 1.1328125, 3.56640625, 1.1015625, 3.921875, 3.43359375, 4.83984375, 5.546875]",-0.633728759434387
218,1,test,2.979573791596427,1.199205631327313,1.7162100736452321,4.947563888515054,1.9912735483151058,2.849756233398564,19.679427319787795,13.7473873617402,16.142127342134355,32.67756758656121,22.827451853753786,26.80390280885272,2.8920549190224114,1.051173046128239,1.5494729819919313,4.590563363527637,1.6685286446479979,2.459480923796716,18.030322411866198,11.728228955291858,14.201405636055986,28.6195593839146,18.6162364369712,22.541913708025373,2.9574093204825673,1.1708867821802362,1.6938797773809278,4.910759921048213,1.9442502741140961,2.812676914293022,19.248041599789655,13.279381052444759,15.71015500019826,31.961254261379114,22.050330266096537,26.086615401563773,0.6281407035175879,-0.016859296482412134,-0.016859296482412134,0.5175879396984925,0.0025879396984924696,-0.007412060301507539,0.42211055276381915,0.012110552763819116,-0.0028894472361808976,0.44402985074626866,0.12559409655632447,0.19216880856264584,0.46441947565543074,0.4321608040201005,0.10133373635092757,0.16004060368621065,0.46464646464646464,0.4402985074626866,0.12186275327274243,0.1884374652790638,0.46441947565543074,18.0,6.0,6.0,31.0,9.0,8.0,37.0,5.0,5.0,-0.0003007869676828262,-0.000325010777934084,-0.00013763334564139654,-0.00016945494488584956,0.00022372510708557058,6.833549267337702e-05,"[3.76953125, 0.0404052734375, 0.439208984375, 0.0208740234375, 0.0006074905395507812, 0.4072265625, 0.0201873779296875, 0.01070404052734375, 5.875, 1.2998046875, 3.529296875, 5.625, 0.24755859375, 7.03125, 1.5458984375, 1.3251953125, 1.4287109375, 0.00958251953125, 3.916015625, 2.5546875, 0.53759765625, 3.033203125, 0.6923828125, 5.1171875, 0.056549072265625, 5.72265625, 1.9169921875, 3.6796875, 0.0276336669921875, 3.068359375, 0.345947265625, 6.53515625, 4.0078125, 2.33984375, 2.15234375, 3.291015625, 5.71484375, 0.7626953125, 5.0625, 10.8671875, 6.81640625, 1.5009765625, 6.390625, 0.6953125, 7.30859375, 0.36083984375, 5.73828125, 5.15234375, 4.94921875, 2.115234375, 3.421875, 0.07879638671875, 2.58203125, 0.419921875, 0.326904296875, 3.048828125, 3.654296875, 4.26953125, 0.0240020751953125, 4.640625, 0.09735107421875, 0.407958984375, 0.1976318359375, 1.1142578125, 0.55517578125, 1.4609375, 5.609375, 6.125, 6.3515625, 1.7998046875, 8.1015625, 0.2042236328125, 1.0927734375, 6.77734375, 1.7978515625, 3.080078125, 10.3515625, 1.81640625, 2.65234375, 2.609375, 5.015625, 4.25390625, 0.81640625, 0.0007429122924804688, 0.39208984375, 2.501953125, 8.940696716308594e-06, 1.173828125, 0.11749267578125, 10.109375, 0.1435546875, 2.181640625, 5.46875, 2.90625, 4.23046875, 0.5390625, 4.765625, 0.93359375, 0.0094451904296875, 0.05560302734375, 0.0181884765625, 0.00901031494140625, 8.125, 4.4140625, 3.67578125, 4.890625, 5.3125, 0.00835418701171875, 8.7109375, 0.007419586181640625, 3.267578125, 1.5927734375, 0.49853515625, 0.401123046875, 0.448486328125, 12.8984375, 6.09375, 4.3515625, 0.4990234375, 0.70849609375, 2.6796875, 1.4814453125, 0.00010418891906738281, 0.26708984375, 1.27734375, 3.462890625, 4.4140625, 2.390625, 1.5693359375, 0.022186279296875, 4.86328125, 2.16796875, 2.95703125, 0.7216796875, 6.59375, 1.826171875, 0.50146484375, 4.8046875, 4.859375, 0.484375, 4.81640625, 1.54296875, 3.376953125, 0.229736328125, 1.87109375, 0.020751953125, 7.9921875, 0.235107421875, 3.08203125, 0.103759765625, 2.53125, 0.4873046875, 0.0748291015625, 0.1407470703125, 0.4345703125, 8.7890625, 2.994140625, 4.26171875, 0.451171875, 0.2447509765625, 4.484375, 0.00019025802612304688, 0.351318359375, 0.54541015625, 6.14453125, 1.1669921875, 5.4453125, 2.345703125, 7.3203125, 4.375, 6.828125, 0.58056640625, 5.42578125, 4.03515625, 2.88671875, 4.671875, 6.46484375, 2.2109375, 3.982421875, 2.53125, 4.43359375, 3.240234375, 1.064453125, 8.171875, 1.2607421875, 7.2265625, 9.921875, 0.494873046875, 8.5078125, 3.669921875, 4.8515625, 0.84912109375, 0.05938720703125, 0.923828125, 4.8359375, 2.248046875, 0.035247802734375, 7.375, 0.595703125, 3.783203125, 1.064453125, 1.4755859375, 3.884765625, 0.12939453125, 9.1015625, 3.728515625, 2.08203125, 1.9951171875, 7.4453125, 0.07171630859375, 9.2734375, 0.892578125, 5.4453125, 5.6953125, 4.0, 1.0810546875, 0.7421875, 0.8505859375, 0.0007305145263671875, 8.2578125, 8.0390625, 0.038665771484375, 0.01288604736328125, 0.01165008544921875, 0.0009665489196777344, 2.2172927856445312e-05, 0.51904296875, 0.004131317138671875, 2.2292137145996094e-05, 3.919921875, 4.2421875, 0.451904296875, 3.59765625, 4.91015625, 6.8359375, 6.56640625, 10.0234375, 0.1993408203125, 7.9921875, 0.425048828125, 3.5390625, 3.369140625, 4.125, 1.927734375, 3.625, 0.77880859375, 6.83203125, 3.11328125, 0.2095947265625, 0.004886627197265625, 2.998046875, 2.001953125, 0.307373046875, 3.15234375, 6.76953125, 0.251220703125, 0.69677734375, 1.1435546875, 10.359375, 1.3515625, 6.90234375, 0.77587890625, 3.7578125, 10.078125, 7.96484375, 5.828125, 1.5029296875, 2.5078125]",-1.1805757826833583
175,1,test,2.2774852613894327,0.9502792137275622,1.3065963021582845,4.477767632562275,1.868345572752495,2.5689012042434065,9.75212550134798,5.981631424793903,7.111834974290655,19.173670477226537,11.76049568264564,13.98259079691044,2.476936179189826,0.9243111537656812,1.3469486454087392,4.060551113425944,1.515264186501117,2.2081125334569496,11.904734512543449,7.180880353923591,8.809116603309807,19.515958217284343,11.771935006432116,14.441174759524273,2.089898362207572,0.8207379297184032,1.1537616795561076,4.207849051424642,1.6524924759430935,2.323010093065988,8.08409347313394,4.526229232276279,5.533982995863946,16.276698268054915,9.113213219348214,11.142247642679088,0.5477386934673367,-0.002261306532663321,-0.007261306532663214,0.40703517587939697,-0.007964824120603065,-0.012964824120603069,0.3316582914572864,0.011658291457286474,0.006658291457286469,0.3631123919308358,0.08253685236249042,0.1382834574244819,0.361271676300578,0.371859296482412,0.0861450107681263,0.12144193421196126,0.3787878787878788,0.34448160535117056,0.06568360869006873,0.1142257655291461,0.31879194630872487,20.0,0.0,0.0,30.0,3.0,1.0,36.0,0.0,0.0,1.3084349791037153e-05,-0.0003594256847754447,0.0004444106676586727,-0.06392474077629107,-0.06935557181769791,-0.07626793638305873,"[2.111328125, 9.03125, 0.796875, 0.0307769775390625, 0.180908203125, 1.380859375, 4.6875, 0.000751495361328125, 0.97314453125, 1.621246337890625e-05, 4.91015625, 4.27734375, 0.050933837890625, 4.76837158203125e-07, 0.01180267333984375, 0.0010662078857421875, 1.704692840576172e-05, 1.861328125, 4.7421875, 0.1082763671875, 1.9775390625, 10.75, 1.1962890625, 0.1717529296875, 0.08465576171875, 0.01031494140625, 0.408447265625, 5.1875, 1.2646484375, 1.5986328125, 9.03125, 0.410888671875, 7.6953125, 2.1328125, 0.426513671875, 7.1015625, 0.030731201171875, 3.087890625, 0.1396484375, 6.9140625, 2.673828125, 2.84765625, 0.2476806640625, 0.0009899139404296875, 10.1171875, 1.166015625, 1.3662109375, 6.140625, 0.051239013671875, 1.658203125, 0.06439208984375, 0.043182373046875, 6.794929504394531e-05, 0.012054443359375, -0.0, 3.5762786865234375e-06, -0.0, 8.225440979003906e-06, 0.0005145072937011719, 0.28857421875, 6.1796875, 0.0236663818359375, 7.328125, 0.5771484375, 10.4921875, 5.7109375, 1.171875, 1.955078125, 3.66015625, 0.0156402587890625, 4.40234375, 1.232421875, 5.10546875, 5.16796875, 8.984375, 2.787109375, 4.70703125, 3.177734375, 2.931640625, 0.5107421875, 7.09765625, 0.23876953125, 1.8134765625, 0.216552734375, 0.7548828125, 5.734375, 4.43359375, 3.927734375, 7.51171875, 1.4794921875, 1.634765625, 3.5703125, 0.01261138916015625, 7.26953125, 3.349609375, 2.03515625, 9.6171875, 4.78515625, 3.197265625, 6.1875, 2.26171875, 2.642578125, 6.84765625, 9.34375, 0.038787841796875, 0.427001953125, 1.0751953125, 3.2734375, 0.888671875, 0.8154296875, 7.092952728271484e-05, 2.15234375, 4.291534423828125e-06, 3.5762786865234375e-07, -0.0, 9.5367431640625e-07, -0.0, 1.1920928955078125e-07, 5.829334259033203e-05, 1.3974609375, 0.00033545494079589844, 0.1593017578125, 7.510185241699219e-06, 8.344650268554688e-07, 7.152557373046875e-07, 3.5762786865234375e-06, -0.0, 1.1920928955078125e-07, 7.867813110351562e-06, 0.369384765625, 4.0078125, 0.064208984375, 12.8828125, 0.1358642578125, 1.46484375, 7.1796875, 0.2003173828125, 2.96875, 0.5703125, 1.35546875, 5.90234375, 9.4296875, 1.3271484375, 4.2109375, 4.44921875, 0.984375, 3.634765625, 2.203125, 2.91015625, 1.3828125, 5.14453125, 2.193359375, 3.7890625, 1.009765625, 0.040679931640625, 3.16015625, 0.29443359375, 0.52978515625, 8.7578125, 0.1781005859375, 1.27734375, 0.1190185546875, 1.32421875, 2.662109375, 0.020355224609375, 0.2340087890625, 7.4140625, 3.078125, 2.837890625, 2.017578125, 4.59765625, 0.059539794921875, 1.9404296875, 2.412109375, 5.0234375, 1.533203125, 0.55810546875, 0.66748046875, 4.8359375, 0.364990234375, 0.231201171875, 0.459228515625, 7.95703125, 0.410888671875, 3.296875, 0.1185302734375, 0.053253173828125, 3.484375, 1.43359375, 2.30859375, 0.06890869140625, 12.671875, 2.8125, 7.1640625, 0.024139404296875, 3.171875, 0.1600341796875, 7.546875, 0.0304718017578125, 4.69140625, 2.8046875, 1.3876953125, 4.109375, 3.013671875, 0.67724609375, 2.173828125, 3.740234375, 1.6328125, 4.69140625, 0.462646484375, 0.75341796875, 1.4716796875, 3.5762786865234375e-06, 0.5986328125, 6.711483001708984e-05, 7.152557373046875e-07, 1.1920928955078125e-07, 1.1920928955078125e-07, -0.0, 2.384185791015625e-07, 0.00015842914581298828, 0.370849609375, 5.19921875, 1.603515625, 5.3046875, 1.8134765625, 0.0316162109375, 6.8359375, 0.003170013427734375, 1.654296875, 0.32080078125, 0.97998046875, 1.1083984375, 0.364501953125, 2.0546875, 0.85791015625, 3.36328125, 0.2196044921875, 6.203125, 0.7587890625, 5.3828125, 0.8662109375, 4.78125, 3.07421875, 4.6328125, 3.03125, 7.12109375, 0.14794921875, 5.5, 0.6142578125, 0.94873046875, 1.3947486877441406e-05, 0.291259765625, 4.076957702636719e-05, 7.152557373046875e-07, 1.1920928955078125e-07, 1.1920928955078125e-07, -0.0, 2.384185791015625e-07, 6.0439109802246094e-05, 0.91796875, 0.0003380775451660156, 0.01093292236328125, 1.0251998901367188e-05, 2.384185791015625e-07, 4.76837158203125e-07, 3.5762786865234375e-07, -0.0, 1.1920928955078125e-07, 8.702278137207031e-06, 0.8349609375, 0.0003523826599121094, 0.01806640625, 4.887580871582031e-06, -0.0, 4.76837158203125e-07, 1.1920928955078125e-07, -0.0, -0.0, 8.106231689453125e-06, 0.794921875, 1.7762184143066406e-05, 0.003681182861328125, 1.5497207641601562e-06, -0.0, 4.76837158203125e-07, 3.5762786865234375e-07, -0.0, -0.0, 7.987022399902344e-06, 1.400390625, 5.015625, 0.046356201171875, 9.5, 1.90234375, 4.09765625, 0.48974609375, 0.10400390625, 0.93017578125, 4.6015625, 0.007572174072265625, 2.44140625, 1.0771484375, 1.3466796875, 3.376953125, 0.482666015625, 2.052734375, 0.020050048828125, 0.0291900634765625, 4.7109375, 7.0546875, 10.2578125, 0.7099609375, 2.833984375, 4.1953125, 4.96484375, 4.72265625, 1.748046875, 2.0546875, 2.419921875, 5.609375, 2.712890625, 3.416015625, 7.046875, 7.30859375, 0.09844970703125, 3.12109375, 4.75, 0.038604736328125, 4.46484375, 0.27587890625, 11.0703125, 6.20703125, 12.21875, 2.966796875, 6.78125, 4.734375, 0.070068359375, 2.640625, 0.61865234375, 0.2105712890625, 3.64453125, 0.1314697265625, 0.499755859375, 7.96484375, 0.91650390625, 3.0625]",-0.9654201169522421
86,1,test,3.490117417822639,1.541218113984993,2.1185630508464017,6.809389927080534,3.0069919846280633,4.133420218084938,32.78979758684258,25.768842199521252,28.84832515573184,63.97450018691665,50.276272543121884,56.28449453460967,3.704872241571321,1.56674588804868,2.1868370403995865,6.499775862405827,2.748676996576632,3.8365562112273457,40.64485426244315,32.16132666538795,36.081603750396376,71.30676186393535,56.42338011471571,63.30105921122171,3.490117417822639,1.541218113984993,2.1185630508464017,6.809389927080534,3.0069919846280633,4.133420218084938,32.78979758684258,25.768842199521252,28.84832515573184,63.97450018691665,50.276272543121884,56.28449453460967,0.7487437185929648,-0.016256281407035167,-0.0012562814070351536,0.6130653266331658,-0.0069346733668341765,-0.011934673366834181,0.5376884422110553,0.01268844221105525,0.01268844221105525,0.44244604316546765,0.12230215827338131,0.19424460431654678,0.42599277978339345,0.44221105527638194,0.1080402010050252,0.17252931323283083,0.4292929292929293,0.44244604316546765,0.12230215827338131,0.19424460431654678,0.42599277978339345,26.0,12.0,11.0,40.0,15.0,15.0,47.0,13.0,12.0,0.0004232196444616368,0.00018367095103740866,6.849487715919938e-06,-0.00023875416349117273,0.00018498985658865763,3.328992298534672e-05,"[7.03125, 1.359375, 1.5029296875, 0.00634765625, 0.041778564453125, 5.08984375, 7.66015625, 3.78515625, 6.99609375, 0.0909423828125, 9.8515625, 0.308837890625, 2.408203125, 3.52734375, 3.28515625, 0.10992431640625, 0.1688232421875, 4.37890625, 8.4375, 10.9921875, 0.49560546875, 0.72607421875, 3.18359375, 1.720703125, 3.048828125, 6.29296875, 0.54052734375, 5.51171875, 7.5390625, 3.08984375, 9.1015625, 2.166015625, 3.8515625, 4.09375, 8.1875, 0.01910400390625, 4.02734375, 6.14453125, 6.9921875, 7.0625, 2.94921875, 2.8125, 8.3515625, 4.59375, 1.34375, 7.8359375, 9.234375, 8.515625, 4.37890625, 5.6328125, 2.640625, 6.078125, 0.56494140625, 2.365234375, 0.000499725341796875, 5.48828125, 0.309814453125, 0.02423095703125, 0.0035114288330078125, 7.30859375, 6.83203125, 3.125, 0.0005097389221191406, 7.1953125, 0.52294921875, 1.7001953125, 1.2099609375, 6.31640625, 0.01360321044921875, 1.349609375, 3.869140625, 2.130859375, 2.6875, 5.56640625, 1.599609375, 2.498046875, 0.0259246826171875, 1.61328125, 0.0008769035339355469, 1.2822265625, 4.21484375, 0.229736328125, 4.0625, 8.15625, 2.81640625, 2.025390625, 4.109375, 1.2275390625, 3.92578125, 0.02056884765625, 0.97998046875, 3.236328125, 0.029693603515625, 1.3466796875, 5.5390625, 2.2265625, 10.125, 3.908203125, 3.126953125, 1.1455078125, 3.62890625, 9.171875, 0.0199127197265625, 1.1416015625, 2.919921875, 6.78125, 1.005859375, 5.65625, 3.66015625, 7.0546875, 0.06329345703125, 0.0059356689453125, 8.8828125, 4.33203125, 5.9453125, 5.93359375, 0.0011625289916992188, 2.166015625, 1.830078125, 6.56640625, 0.755859375, 8.7890625, 0.91845703125, 4.62109375, 3.958984375, 1.208984375, 10.4921875, 9.78125, 3.19921875, 1.931640625, 7.1640625, 0.98046875, 4.45703125, 4.45703125, 10.828125, 8.9765625, 4.60546875, 1.70703125, 6.24609375, 0.191650390625, 2.05859375, 6.61328125, 3.97265625, 7.328125, 3.23046875, 6.49609375, 4.7734375, 6.34765625, 0.0124969482421875, 1.2509765625, 5.9453125, 9.4375, 3.7578125, 3.537109375, 0.0016183853149414062, 11.5390625, 1.9248046875, 2.55859375, 0.0027866363525390625, 1.3125, 6.73828125, 0.0360107421875, 7.55859375, 3.453125, 0.470458984375, 4.828125, 3.3046875, 6.72265625, 0.435546875, 0.83203125, 5.8046875, 8.25, 3.12109375, 6.20703125, 0.0028896331787109375, 0.00444793701171875, 11.8828125, 3.423828125, 1.2607421875, 5.33984375, 7.390625, 2.19140625, 0.005443572998046875, 3.802734375, 1.2763671875, 4.41796875, 0.005645751953125, 7.328125, 0.77685546875, 12.203125, 2.732421875, 0.043914794921875, 0.8623046875, 1.9765625, 7.1015625, 0.013916015625, 0.2076416015625, 0.5048828125, 1.0732421875, 4.21484375, 0.626953125, 7.21875, 0.026092529296875, 6.81640625, 0.734375, 3.43359375, 5.93359375, 2.15234375, 10.140625, 0.5126953125, 0.0108642578125, 0.0101470947265625, 0.576171875, 0.0004487037658691406, 2.5390625, 0.72119140625, 3.298828125, 0.334716796875, 4.33203125, 5.4375, 0.00893402099609375, 4.359375, 2.46875, 0.007740020751953125, 4.265625, 4.3828125, 1.0791015625, 4.3671875, 0.028076171875, 6.1640625, 7.10546875, 0.74755859375, 11.3125, 3.833984375, 6.703125, 3.001953125, 2.978515625, 0.006103515625, 6.90625, 5.90234375, 5.2890625, 5.2890625, 0.673828125, 0.07366943359375, 1.640625, 6.00390625, 0.11273193359375, 4.54296875, 7.46484375, 5.42578125, 0.8330078125, 1.4638671875, 0.053009033203125, 10.8359375, 1.7978515625, 1.0830078125, 0.74462890625, 0.2054443359375, 1.25390625, 7.7109375, 3.375, 0.98388671875, 4.7265625, 0.08819580078125, 1.423828125, 0.39306640625, 0.133544921875, 2.861328125, 0.0209503173828125, 0.000591278076171875, 0.00415802001953125, 0.050079345703125, 0.00164794921875, 4.5625, 6.40625, 1.7021484375, 3.734375, 1.6044921875]",-0.7875129113094412
211,1,test,2.93959589841073,1.2525603897872561,1.736161805136806,5.064604981599209,2.1580257318021396,2.9912185317417257,18.90820393295068,13.504765441384674,15.576665819528234,32.57678508930057,23.267246483349496,26.83690617099443,2.8938443576870254,1.0651005353932539,1.5553763485630083,4.630150972299241,1.7041608566292061,2.4886021577008135,18.062615452516113,11.83655474701203,14.249418207602714,28.90018472402578,18.93848759521925,22.799069132164345,2.956431498025593,1.2667038260983898,1.7567943413632585,5.093610894188672,2.1823933389405994,3.0267661543969395,19.22922963134211,13.8112246020038,15.910317172382207,33.12987755761352,23.795242386584864,27.411751272899465,0.7035175879396984,0.0035175879396984744,-0.001482412060301641,0.5376884422110553,0.007688442211055246,0.007688442211055246,0.42713567839195976,-0.012864321608040186,0.007135678391959721,0.44561403508771935,0.12162104034165977,0.16323363835493054,0.45070422535211263,0.44723618090452266,0.11640911323534975,0.14339644801637574,0.43939393939393945,0.44561403508771935,0.11636709988631833,0.17373538864664584,0.454225352112676,24.0,13.0,13.0,34.0,18.0,16.0,44.0,17.0,18.0,0.00018861982682605178,-3.923120044826756e-05,-0.00011603438182341371,-0.0002872636165145437,0.00015787518124010802,8.758024202748516e-06,"[2.88671875, 2.212890625, 0.2330322265625, 0.0401611328125, 3.814697265625e-05, 1.2705078125, 0.01294708251953125, 0.01422119140625, 7.5859375, 11.2109375, 0.5263671875, 1.58984375, 5.046875, 3.88671875, 0.005626678466796875, 0.0005464553833007812, 3.94140625, 0.298095703125, 0.01428985595703125, 1.466796875, 2.884765625, 0.49609375, 3.8515625, 0.96728515625, 7.6953125, 7.89453125, 0.5048828125, 4.3203125, 0.0211029052734375, 8.484375, 1.2578125, 0.189208984375, 3.62109375, 3.3359375, 0.85009765625, 6.67578125, 0.335205078125, 4.39453125, 0.7197265625, 3.525390625, 2.837890625, 6.4140625, 8.109375, 3.486328125, 3.421875, 4.7265625, 0.66748046875, 1.4384765625, 3.1796875, 0.1513671875, 1.533203125, 3.92578125, 5.78515625, 1.2353515625, 6.625, 0.0303802490234375, 2.24609375, 3.884765625, 5.00390625, 1.814453125, 2.03125, 0.05474853515625, 3.0, 5.11328125, 1.4833984375, 0.67333984375, 6.2421875, 5.5, 0.400146484375, 4.55078125, 5.2421875, 0.412841796875, 2.634765625, 6.7890625, 0.65771484375, 9.453125, 2.3125, 2.1875, 1.8408203125, 8.140625, 3.013671875, 1.49609375, 4.21484375, 2.8046875, 7.03515625, 0.043365478515625, 6.4609375, 10.5, 1.69921875, 1.5517578125, 3.755859375, 4.85546875, 1.666015625, 0.373291015625, 5.74609375, 1.1669921875, 0.1617431640625, 2.87890625, 0.943359375, 1.537109375, 3.341796875, 2.9609375, 0.155029296875, 0.4248046875, 5.90625, 0.312255859375, 1.9306640625, 6.26171875, 1.07421875, 0.0280303955078125, 1.5966796875, 7.46484375, 4.95703125, 3.24609375, 1.46484375, 9.1875, 5.703125, 0.02020263671875, 4.33203125, 4.51953125, 3.078125, 5.59765625, 0.05120849609375, 3.189453125, 1.7060546875, 5.23046875, 0.269287109375, 2.17578125, 6.50390625, 1.4462890625, 0.53564453125, 1.3544921875, 5.12109375, 2.83984375, 2.83203125, 5.9921875, 7.4609375, 0.1380615234375, 6.359375, 1.0859375, 4.14453125, 4.18359375, 4.76953125, 3.4609375, 3.017578125, 2.58203125, 5.00390625, 0.1451416015625, 1.7119140625, 4.9609375, 3.619140625, 4.51953125, 4.53125, 0.35009765625, 0.77734375, 2.28125, 7.21875, 3.078125, 1.8232421875, 1.583984375, 3.20703125, 2.52734375, 0.332763671875, 2.751953125, 0.140869140625, 5.04296875, 0.2257080078125, 0.31494140625, 5.0390625, 0.417724609375, 0.759765625, 1.2734375, 0.9033203125, 1.55078125, 0.08660888671875, 7.359375, 0.11944580078125, 0.045684814453125, 1.1689453125, 4.39453125, 0.0030879974365234375, 4.26953125, 1.05859375, 1.943359375, 0.035552978515625, 1.677734375, 0.10491943359375, 4.46484375, 0.004634857177734375, 0.396240234375, 3.41796875, 0.0257415771484375, 2.48828125, 1.7646484375, 6.76953125, 6.06640625, 0.98046875, 3.208984375, 6.16015625, 6.453125, 2.248046875, 4.234375, 2.603515625, 5.49609375, 5.69140625, 8.625, 10.875, 1.1904296875, 0.724609375, 0.619140625, 3.3984375, 0.79443359375, 6.19921875, 3.56640625, 4.94140625, 3.3125, 3.421875, 0.27783203125, 1.5546875, 0.052581787109375, 0.8818359375, 0.040374755859375, 1.1484375, 1.9599609375, 5.265625, 7.43359375, 0.00252532958984375, 2.67578125, 5.21875, 7.91015625, 3.97265625, 3.189453125, 3.3203125, 4.03125, 0.027862548828125, 0.802734375, 6.5078125, 0.591796875, 2.357421875, 2.25390625, 1.37109375, 0.028900146484375, 2.294921875, 0.0654296875, 0.04412841796875, 0.0186614990234375, 0.798828125, 5.80859375, 3.775390625, 5.10546875, 3.396484375, 4.41796875, 5.0, 2.89453125, 1.3251953125, 1.259765625, 1.6484375, 0.06927490234375, 1.498046875, 12.2109375, 0.98828125, 4.74609375, 0.0579833984375, 3.30859375, 1.0185546875, 10.0546875, 1.384765625, 1.6591796875, 0.0516357421875, 1.404296875, 5.52734375, 4.796875, 3.994140625, 0.0203857421875, 1.2861328125, 3.26953125, 2.931640625, 2.982421875, 4.2109375, 5.67578125, 0.06390380859375, 1.5048828125, 4.4921875, 2.3125, 5.60546875]",-0.9984305298119263
169,1,test,2.6619417999496906,1.167168594781789,1.6215127139030896,5.292930788272059,2.320765461717278,3.224170628807306,14.324076602285464,9.865751289246095,11.493645349902572,28.481594174311795,19.616784540245142,22.85364366085279,2.4220717935705904,0.9727005560667357,1.3929566514408929,4.613470082991601,1.8527629639366392,2.6532507646493197,11.269182566044497,7.008747694881482,8.470594180237764,21.465109649608564,13.349995609298059,16.134465105214787,2.5878591972051255,1.1522002941309406,1.5882695641121285,5.141442113652568,2.2891396572137896,3.155502445255885,13.301265714522645,9.098852634882896,10.584099150120524,26.426355724217178,18.077190665330257,21.028011556530846,0.5175879396984925,-0.027412060301507446,-0.012412060301507544,0.42211055276381915,0.007110552763819111,0.002110552763819107,0.31658291457286436,-0.0134170854271356,-0.008417085427135595,0.39882697947214074,0.1103935973345126,0.1671554252199413,0.4205882352941176,0.3668341708542714,0.07610735381166489,0.13311129940185074,0.36363636363636365,0.3846153846153846,0.10080904070887375,0.15658423889792072,0.40268456375838924,20.0,9.0,9.0,29.0,10.0,10.0,35.0,11.0,10.0,-0.0005481887674830623,-0.00011272918660118353,-0.0005034423656426258,-0.09954146700770217,-0.09588587392277059,-0.09161284666499281,"[2.111328125, 9.03125, 0.796875, 0.339111328125, 0.0012054443359375, 0.00018417835235595703, 8.7109375, 3.078125, 0.07305908203125, 7.87890625, 7.609375, 8.953125, 4.64453125, 5.078125, 0.0972900390625, 3.0078125, 0.98486328125, 0.416015625, 0.027008056640625, 2.3671875, 0.289306640625, 0.184326171875, 0.040496826171875, 1.4990234375, 5.602836608886719e-06, 3.69921875, -0.0, 2.58984375, 5.890625, 1.017578125, 1.6689300537109375e-05, 0.12249755859375, -0.0, 0.0004203319549560547, -0.0, 0.0004851818084716797, -0.0, 1.3113021850585938e-05, 0.001033782958984375, 1.451171875, 4.72265625, 0.2156982421875, 1.3994140625, 5.16015625, 0.11370849609375, 8.3515625, 0.69677734375, 4.84765625, 0.045440673828125, 0.93505859375, 4.35546875, 0.003566741943359375, 3.19140625, 6.93359375, 2.09375, 3.189453125, 11.3203125, 2.50390625, 0.021728515625, 2.3359375, 1.5556640625, 2.75, 3.99609375, 0.56787109375, 1.103515625, 1.811981201171875e-05, 0.2822265625, 1.3589859008789062e-05, 0.00017702579498291016, -0.0, 1.9431114196777344e-05, -0.0, 2.384185791015625e-07, 1.9311904907226562e-05, 0.7509765625, 4.3203125, 2.75390625, 2.57421875, 1.4521484375, 0.8154296875, 0.9580078125, 13.671875, 0.060211181640625, 2.412109375, 2.9375, 1.5458984375, 0.6064453125, 6.265625, 1.0634765625, 3.474609375, 8.46875, 1.5634765625, 1.865234375, 4.5390625, 12.203125, 1.6142578125, 4.47265625, 3.2109375, 4.62109375, 5.48046875, 3.259765625, 7.510185241699219e-06, 0.382080078125, 1.4543533325195312e-05, 4.6133995056152344e-05, -0.0, 9.5367431640625e-07, -0.0, 4.76837158203125e-07, 5.745887756347656e-05, 0.89306640625, 1.6689300537109375e-06, 0.083740234375, 1.4424324035644531e-05, 4.4465065002441406e-05, -0.0, 2.6226043701171875e-06, -0.0, 4.76837158203125e-07, 5.424022674560547e-05, 1.1240234375, 1.1920928955078125e-06, 0.0211334228515625, 2.3365020751953125e-05, 1.1920928955078125e-06, -0.0, 2.6226043701171875e-06, -0.0, 4.76837158203125e-07, 1.0848045349121094e-05, 0.8759765625, 7.91015625, 2.484375, 1.4033203125, 6.75, 0.552734375, 5.328125, 4.01171875, 5.58984375, 0.2093505859375, 5.34375, 4.71484375, 3.513671875, 2.1484375, 4.453125, 11.03125, 0.27978515625, 1.1376953125, 3.681640625, 7.0390625, 3.40625, 4.19140625, 0.057464599609375, 5.41015625, 3.21875, 7.5234375, 6.91796875, 1.7822265625, 1.2626953125, 2.26171875, 5.05078125, 1.0615234375, 0.80712890625, 8.703125, 3.541015625, 2.7578125, 8.59375, 1.912109375, 6.51953125, 1.8544921875, 1.4443359375, 3.33984375, 2.2421875, 4.33984375, 0.1551513671875, 0.006946563720703125, 5.203125, 8.375, 6.41796875, 5.859375, 2.748046875, 5.265625, 7.4609375, 0.62109375, 7.9296875, 7.71484375, 1.478515625, 0.000171661376953125, 0.69921875, 1.3113021850585938e-06, 2.3365020751953125e-05, -0.0, 6.318092346191406e-06, -0.0, 1.1920928955078125e-06, 4.887580871582031e-06, 1.3369140625, 7.033348083496094e-06, 0.01171875, 0.00013375282287597656, 4.172325134277344e-06, -0.0, 7.033348083496094e-06, -0.0, 8.940696716308594e-06, 2.753734588623047e-05, 2.15234375, 3.2186508178710938e-06, 0.0716552734375, 1.895427703857422e-05, 7.748603820800781e-06, 1.1920928955078125e-07, 2.6226043701171875e-06, -0.0, 1.1324882507324219e-05, 1.9431114196777344e-05, 0.3349609375, 8.28125, 1.6474609375, 0.32421875, 2.560546875, 4.9453125, 2.505859375, 2.796875, 4.765625, 0.0016908645629882812, 3.55859375, 3.779296875, 6.765625, 2.400390625, 1.5517578125, 4.375, 8.3046875, 0.90283203125, 4.78515625, 0.8466796875, 1.0478515625, 7.89453125, 10.46875, 1.056640625, 0.4404296875, 0.91943359375, 9.0, 1.8408203125, 3.314453125, 0.8173828125, 7.24609375, 1.9462890625, 7.4921875, 1.490234375, 9.28125, 4.5625, 0.0254058837890625, 6.28125, 0.00310516357421875, 6.62109375, 3.0390625, 4.3046875, 0.94873046875, 6.6796875, 4.03515625, 1.8671875, 3.9765625, 0.68408203125, 0.05450439453125, 4.01953125, 1.1435546875, 3.150390625, 1.89453125, 0.13671875, 1.939453125, 3.55859375, 4.95703125, 1.6083984375, 3.794921875, 5.09765625, 2.283203125, 1.68359375, 2.8828125, 3.38671875, 0.01097869873046875, 6.3671875, 8.078125, 2.166015625, 4.453125, 7.22265625, 0.5302734375, 0.149169921875, 0.77685546875, 6.14453125, 2.126953125, 5.984375, 1.5673828125, 2.97265625, 7.33984375, 1.2763671875, 1.25, 7.25390625, 4.34375, 6.98828125, 2.357421875, 3.1484375, 0.94921875, 3.751953125, 6.97265625, 3.29296875, 8.828125, 2.583984375, 4.203125, 0.9267578125, 9.953125, 7.58984375, 3.654296875, 2.8984375, 7.234375, 4.04296875, 0.136962890625, 1.9765625, 4.8041343688964844e-05, 0.67822265625, 7.033348083496094e-06, 1.3470649719238281e-05, -0.0, 8.344650268554688e-07, -0.0, -0.0, 2.2649765014648438e-06, 0.358642578125, 5.48046875, 5.5, 5.78515625, 1.826171875, 2.302734375, 3.4375, 0.055877685546875, 10.34375, 0.1104736328125, 6.48828125, 5.0, 3.87890625, 6.34375]",-0.5529029037246258
455,1,test,3.1183130041997233,1.2887129581027212,1.8131226728598873,5.625605217035988,2.3249078365772067,3.270971308470202,22.608207502998987,16.376813613244664,18.91981645968848,40.786428400680606,29.544656991461657,34.13237158605963,3.1846996947149537,1.2878711120038655,1.8335505144172932,5.39779609273721,2.1828323932268914,3.1077127363004977,24.160031931044983,17.49530766252034,20.298170974864775,40.94920666278811,29.653063834780234,34.40367961841487,3.1147304226581314,1.2821072209264621,1.8141041505460003,5.619142046281899,2.312990729644361,3.272741947268798,22.527356669937284,16.27709580209728,18.85576130441391,40.64056912752199,29.36476066999982,34.016812623503476,0.6934673366834171,0.0034673366834171437,0.0034673366834171437,0.5678391959798995,-0.01716080402010045,-0.0021608040201005485,0.457286432160804,0.01228643216080405,0.007286432160804046,0.4323308270676691,0.10400062068868221,0.16108082706766913,0.41509433962264153,0.42713567839195976,0.09129607939446605,0.15334602897626692,0.43939393939393945,0.424812030075188,0.09648182369620106,0.152312030075188,0.4188679245283019,25.0,13.0,13.0,37.0,14.0,14.0,46.0,14.0,16.0,0.000247506121175762,0.00022893840272436236,4.3551195809115176e-05,-0.00015559510116602837,0.0002314721571865519,7.534460660885145e-05,"[2.88671875, 2.212890625, 6.234375, 0.1697998046875, 5.793571472167969e-05, 0.96484375, 0.0074462890625, 0.0228424072265625, 6.7734375, 4.32421875, 0.269287109375, 1.1982421875, 1.529296875, 4.734375, 0.32861328125, 7.609375, 4.44921875, 0.341064453125, 3.6875, 6.3515625, 7.70703125, 0.75244140625, 2.263671875, 7.5, 0.09869384765625, 8.7265625, 2.55078125, 3.912109375, 7.046875, 4.1796875, 0.124267578125, 2.396484375, 0.0004420280456542969, 0.287109375, 0.123046875, 3.12109375, 1.5185546875, 0.294921875, 5.1953125, 1.6357421875, 1.01171875, 6.74609375, 5.8828125, 6.19140625, 8.2109375, 4.12109375, 7.12109375, 10.53125, 3.923828125, 2.12109375, 1.763671875, 3.34375, 1.1259765625, 1.6318359375, 5.86328125, 4.9765625, 7.52734375, 0.1641845703125, 12.1640625, 0.98486328125, 3.955078125, 0.646484375, 0.177001953125, 0.171875, 0.4365234375, 3.685546875, 0.0018301010131835938, 0.00390625, 6.55078125, 4.10546875, 0.81201171875, 4.73046875, 0.58349609375, 5.171875, 1.265625, 0.16748046875, 6.0703125, 1.73828125, 6.36328125, 1.4208984375, 6.1796875, 4.203125, 6.68359375, 0.239501953125, 0.40185546875, 5.3203125, 1.982421875, 2.04296875, 3.171875, 3.177734375, 2.404296875, 3.78515625, 0.0019073486328125, 5.6796875, 7.36328125, 1.0439453125, 2.35546875, 5.49609375, 0.7119140625, 0.10382080078125, 1.1787109375, 9.0703125, 0.2476806640625, 3.146484375, 6.0078125, 8.453125, 2.9296875, 8.6953125, 2.412109375, 11.015625, 5.546875, 0.003856658935546875, 1.30078125, 4.88671875, 5.19921875, 0.291748046875, 0.71142578125, 2.240234375, 7.2890625, 4.43359375, 9.644031524658203e-05, 4.95703125, 0.020599365234375, 3.98828125, 4.28515625, 4.328125, 0.73681640625, 3.552734375, 2.791015625, 2.763671875, 5.015625, 0.0247955322265625, 8.6953125, 0.10028076171875, 0.0379638671875, 0.912109375, 5.15234375, 0.86572265625, 0.9072265625, 2.599609375, 5.6875, 0.441162109375, 0.04071044921875, 0.10400390625, 0.480224609375, 2.673828125, 0.0021648406982421875, 0.003543853759765625, 8.390625, 0.98681640625, 4.5, 2.12890625, 7.91015625, 5.875, 3.140625, 1.005859375, 5.625, 5.68359375, 0.8818359375, 1.0654296875, 0.28369140625, 4.19140625, 4.98828125, 7.85546875, 2.68359375, 2.91015625, 4.14453125, 2.576171875, 1.1875, 5.94921875, 1.0869140625, 0.0250091552734375, 0.37646484375, 1.3935546875, 0.00022280216217041016, 0.0159149169921875, 0.1495361328125, 2.234375, 9.1015625, 0.31201171875, 8.203125, 0.1549072265625, 2.5390625, 10.90625, 0.07159423828125, 2.353515625, 11.3125, 0.04620361328125, 0.07342529296875, 3.927734375, 3.46875, 2.236328125, 5.2265625, 4.0, 3.89453125, 1.3408203125, 6.12109375, 2.212890625, 2.68359375, 0.53125, 9.6640625, 0.1824951171875, 4.36328125, 6.0078125, 2.92578125, 2.12890625, 2.611328125, 7.48046875, 0.97705078125, 3.681640625, 4.94140625, 1.708984375, 4.86328125, 3.908203125, 3.71484375, 0.063720703125, 0.0433349609375, 7.70703125, 3.326171875, 5.4765625, 6.89453125, 0.061279296875, 0.003574371337890625, 10.796875, 0.37158203125, 0.455322265625, 4.984375, 2.294921875, 5.48828125, 0.206298828125, 2.87890625, 7.328125, 2.23828125, 2.3125, 0.132080078125, 0.85986328125, 0.005336761474609375, 0.5654296875, 0.468505859375, 1.599609375, 0.00038051605224609375, 2.89453125, 1.48046875, 4.10546875, 0.0711669921875, 0.1824951171875, 6.375, 8.4140625, 1.609375, 2.517578125, 3.25, 2.380859375, 0.462890625, 2.763671875, 0.051513671875, 4.44921875, 9.96875, 2.005859375, 3.59765625, 0.99560546875, 0.91015625, 0.0299072265625, 1.484375, 4.1484375, 0.201171875, 3.86328125]",-0.5311003430445393
424,1,test,3.4213944201982476,1.5122929850280815,2.1011544667054305,5.450160960818314,2.4090295289140795,3.3470651555056357,30.612071364325722,23.865047928412668,26.867751632252922,48.76395287684047,38.016181875913645,42.799383253387816,3.4227518909540606,1.440925997269922,2.059818273551664,4.889645558505801,2.058465710385603,2.942597533645235,30.653654573587367,23.397675029156357,26.746014549376177,43.79093510512482,33.42525004165194,38.208592213394546,3.4651148466760895,1.5667802306614147,2.160089679269224,5.529438585121419,2.500181219140555,3.4469516158551445,31.98013237413756,25.30536324685798,28.292350469692835,51.03212612894291,40.380898798177626,45.14736777078643,0.728643216080402,-0.006356783919598041,0.008643216080401972,0.5879396984924623,-0.00706030150753767,0.0029396984924623393,0.4723618090452262,-0.007638190954773805,0.002361809045226204,0.43670886075949367,0.10969464275001495,0.17460359760159894,0.4,0.42713567839195976,0.09380234505862639,0.16503217254888802,0.38383838383838387,0.44147157190635455,0.11425955187296555,0.18229470872504194,0.40604026845637586,21.0,0.0,0.0,34.0,-2.0,-1.0,43.0,0.0,0.0,0.00014223809129648428,0.0001759060733797204,-5.27565864215282e-05,-0.009304590473588448,-0.011920652477972915,-0.01126059583943384,"[8.3359375, 7.46484375, 3.076171875, 6.06640625, 3.298828125, 0.9267578125, 13.4921875, 3.529296875, 0.197265625, 5.8828125, 8.71875, 7.63671875, 1.734375, 2.66796875, 7.41796875, 0.064453125, 2.419921875, 3.724609375, 0.67724609375, 0.0506591796875, 4.28515625, 2.3125, 7.16796875, 7.95703125, 3.888671875, 3.11328125, 4.859375, 8.125, 0.60205078125, 2.29296875, 0.88623046875, 10.515625, 2.298828125, 5.8828125, 2.93359375, 6.23046875, 5.7734375, 5.19140625, 0.7255859375, 0.6845703125, 9.765625, 0.7119140625, 0.95947265625, 5.55078125, 3.61328125, 5.0234375, 9.921875, 2.27734375, 8.3984375, 5.35546875, 7.16015625, 1.8564453125, 4.16015625, 2.810546875, 5.1484375, 1.328125, 4.99609375, 6.09765625, 5.71484375, 5.80859375, 6.90234375, 3.251953125, 0.0105743408203125, 5.73046875, 7.35546875, 1.4521484375, 0.5400390625, 4.75390625, 2.822265625, 0.00017178058624267578, 0.1456298828125, 0.76953125, 0.0010700225830078125, 0.022735595703125, 0.75244140625, 0.0002143383026123047, 0.034332275390625, 1.37109375, 0.00033354759216308594, 0.0278167724609375, 1.3486328125, 0.0001131296157836914, 0.0179901123046875, 0.73291015625, 3.68359375, 0.04248046875, 7.8359375, 6.35546875, 5.76171875, 5.6640625, 0.07305908203125, 2.04296875, 1.470703125, 5.1328125, 2.51953125, 0.7890625, 4.109375, 5.53125, 1.3857421875, 4.71484375, 1.158203125, 1.169921875, 7.47265625, 0.5849609375, 1.078125, 4.9375, 6.65234375, 3.9921875, 5.66015625, 2.5234375, 0.94580078125, 3.529296875, 0.346435546875, 1.2353515625, 5.43359375, 2.9375, 8.078125, 1.16015625, 1.041015625, 1.73828125, 3.986328125, 0.051361083984375, 2.41796875, 4.86328125, 9.0390625, 0.0189971923828125, 5.7421875, 0.90576171875, 3.685546875, 1.708984375, 2.609375, 3.435546875, 5.40625, 0.00975799560546875, 4.60546875, 4.96875, 8.046875, 2.154296875, 0.80029296875, 2.814453125, 0.21044921875, 8.03125, 4.75390625, 0.279052734375, 0.488037109375, 2.89453125, 2.001953125, 2.970703125, 0.021087646484375, 3.69921875, 0.434326171875, 3.109375, 1.146484375, 10.2890625, 0.8310546875, 11.421875, 0.9541015625, 5.6171875, 9.1484375, 10.9140625, 1.341796875, 4.859375, 0.10369873046875, 3.6953125, 3.541015625, 4.578125, 7.59375, 5.640625, 2.556640625, 5.01953125, 0.41064453125, 3.060546875, 4.96875, 1.5751953125, 0.032196044921875, 4.86328125, 2.375, 0.5986328125, 1.03125, 0.0019350051879882812, 12.0625, 1.2880859375, 2.2734375, 1.8779296875, 4.8515625, 2.98046875, 0.9462890625, 0.11395263671875, 0.90478515625, 0.6943359375, 4.89453125, 5.08203125, 0.8896484375, 0.10662841796875, 0.35986328125, 2.828125, 5.26953125, 3.478515625, 1.4736328125, 6.0390625, 2.33203125, 4.3359375, 1.1494140625, 1.677734375, 0.07647705078125, 2.73828125, 5.83203125, 10.3125, 0.00302886962890625, 13.1875, 9.578125, 0.284912109375, 4.109375, 2.67578125, 3.859375, 2.78125, 0.84228515625, 3.7421875, 1.5859375, 0.1585693359375, 3.8515625, 1.9423828125, 4.32421875, 4.90234375, 5.2734375, 10.3359375, 0.012176513671875, 3.685546875, 0.0596923828125, 2.75, 3.162109375, 2.595703125, 4.54296875, 0.00833892822265625, 2.802734375, 7.0390625, 3.60546875, 3.126953125, 6.359375, 7.0546875, 1.259765625, 0.0269622802734375, 11.1484375, 0.214111328125, 3.267578125, 2.8359375, 8.1640625, 0.53759765625, 5.06640625, 0.9853515625, 3.28515625, 5.71484375, 2.62890625, 5.26953125, 8.3359375, 7.16796875, 3.220703125, 1.2993812561035156e-05, 0.89990234375, 0.388671875, 5.109375, 10.515625, 1.595703125, 4.57421875, 6.85546875, 0.3486328125, 4.26171875, 0.0303955078125, 3.708984375, 2.634765625, 1.2568359375, 2.30078125, 9.6640625, 5.9453125, 2.291015625, 6.44921875, 0.6728515625, 3.849609375, 8.4765625, 5.109375, 0.8896484375, 4.51171875, 9.0078125, 1.3935546875, 8.0625, 0.012786865234375, 3.052734375, 2.796875, 3.376953125, 3.751953125, 3.984375, 8.416175842285156e-05, 0.3759765625, 0.2174072265625, 2.193450927734375e-05, 0.0537109375, 0.3876953125, 0.00011277198791503906, 0.07843017578125, 0.837890625, 4.484375, 1.7294921875, 4.6328125, 0.2578125, 11.125, 4.88671875, 0.344970703125, 3.001953125, 0.0029697418212890625, 0.056304931640625, 0.46875, 2.2109375, 4.0531158447265625e-05, 2.490234375, 0.35791015625, 8.203125]",-0.6979617351972602
490,1,test,3.4399360933474132,1.559382674832638,2.1351310201416513,5.753702632325138,2.60825316445221,3.571260813451214,31.184965177891915,24.627832481010508,27.497994843545076,52.16056675587874,41.192981709309244,45.99366994664385,3.2695049550665085,1.406994628554332,1.9789917964259096,4.670721364380727,2.0099923265061888,2.8271311377512998,26.298317271551888,19.85843456609402,22.66366604159262,37.56902467364556,28.369192237277176,32.37666577370375,3.4399360933474132,1.559382674832638,2.1351310201416513,5.753702632325138,2.60825316445221,3.571260813451214,31.184965177891915,24.627832481010508,27.497994843545076,52.16056675587874,41.192981709309244,45.99366994664385,0.6783919597989949,-0.006608040201005139,-0.006608040201005139,0.5376884422110553,-0.017311557788944665,-0.007311557788944656,0.44723618090452266,0.0072361809045227155,0.002236180904522711,0.40714285714285714,0.09519989814107466,0.16129962673905662,0.4301075268817204,0.4120603015075377,0.11130842180828959,0.16832073556429894,0.4242424242424242,0.40714285714285714,0.09519989814107466,0.16129962673905662,0.4301075268817204,19.0,0.0,2.0,31.0,1.0,0.0,38.0,1.0,2.0,-0.0004754158909710069,-0.00031766140667246974,3.551188420501669e-05,-0.01433414665756505,-0.014506130427848873,-0.015614067959117683,"[2.892578125, 2.208984375, 0.2340087890625, 0.0792236328125, 3.790855407714844e-05, 1.3134765625, 0.012176513671875, 0.01447296142578125, 7.5859375, 0.79443359375, 5.56640625, 12.1875, 4.12109375, 2.947265625, 10.1015625, 1.2001953125, 0.1533203125, 1.3310546875, 0.36474609375, 0.1492919921875, 3.984375, 0.7529296875, 3.236328125, 1.1982421875, 1.99609375, 0.193115234375, 3.6953125, 5.9609375, 4.27734375, 2.240234375, 6.8203125, 0.0293426513671875, 12.015625, 4.03515625, 13.203125, 0.39306640625, 0.446044921875, 7.00390625, 5.3984375, 2.55078125, 6.94140625, 2.4609375, 2.193359375, 6.01171875, 0.057647705078125, 1.3818359375, 0.035186767578125, 4.9609375, 1.0888671875, 8.171875, 1.3056640625, 5.30859375, 3.3359375, 0.9013671875, 3.958984375, 0.923828125, 1.458984375, 0.213623046875, 4.04296875, 6.453125, 6.33203125, 6.09375, 5.3046875, 6.68359375, 2.580078125, 3.18359375, 5.64453125, 2.068359375, 7.33984375, 0.8056640625, 2.818359375, 2.76953125, 3.279296875, 6.359375, 0.001422882080078125, 0.004791259765625, 0.320068359375, 6.31640625, 8.265625, 3.130859375, 1.158203125, 5.53515625, 8.046875, 7.3046875, 13.3515625, 0.4638671875, 5.5625, 0.4501953125, 3.306640625, 15.15625, 0.78515625, 8.3125, 1.7958984375, 0.9296875, 0.388427734375, 0.0024929046630859375, 0.448486328125, 0.09710693359375, 0.008697509765625, 0.60986328125, 2.05859375, 0.3349609375, 1.1552734375, 2.173828125, 6.77734375, 0.77685546875, 0.09173583984375, 0.1849365234375, 0.035491943359375, 0.00402069091796875, 6.687641143798828e-05, 5.960464477539062e-07, -0.0, 0.00011289119720458984, 5.960464477539062e-07, 1.7881393432617188e-06, 0.5537109375, 3.326171875, 9.625, 0.350830078125, 6.8671875, 0.0234222412109375, 8.875, 0.005001068115234375, 5.8046875, 1.9189453125, 3.9765625, 7.91015625, 2.75, 1.6875, 0.387451171875, 6.0677528381347656e-05, 4.234375, 1.677734375, 3.046875, 3.845703125, 3.8984375, 0.1768798828125, 0.98828125, 4.5546875, 3.09375, 0.7919921875, 1.9462890625, 2.30859375, 2.123046875, 1.1611328125, 4.046875, 2.212890625, 8.7421875, 3.53125, 5.05859375, 2.8828125, 5.29296875, 1.263671875, 12.0625, 3.091796875, 1.6826171875, 4.1953125, 4.6875, 3.642578125, 0.353515625, 6.734375, 3.64453125, 1.4814453125, 1.18359375, 0.00017845630645751953, 2.775390625, 5.66796875, 3.1953125, 0.15625, 4.76953125, 0.061981201171875, 4.65625, 9.0703125, 0.2142333984375, 0.0543212890625, 1.24609375, 2.001953125, 0.04901123046875, 8.7890625, 11.2265625, 3.69140625, 6.13671875, 7.125, 0.04071044921875, 8.484375, 2.75, 6.65625, 0.26416015625, 1.326171875, 5.15234375, 2.640625, 9.296875, 0.0284881591796875, 7.078125, 7.046875, 1.0791015625, 2.41015625, 6.6796875, 8.5546875, 6.46875, 4.7734375, 3.5703125, 3.939453125, 3.169921875, 1.9794921875, 1.2080078125, 2.833984375, 2.994140625, 5.3203125, 5.83984375, 0.58154296875, 6.21484375, 1.033203125, 11.40625, 4.0078125, 4.48828125, 2.80859375, 0.72412109375, 10.9921875, 1.7822265625, 2.283203125, 8.3984375, 6.47265625, 5.07421875, 0.4970703125, 5.38671875, 0.57275390625, 3.1484375, 8.4921875, 4.12109375, 2.423828125, 5.05078125, 2.79296875, 0.44677734375, 0.8359375, 0.171875, 3.03515625, 5.42578125, 8.6484375, 1.0400390625, 0.64208984375, 2.923828125, 8.359375, 1.1826171875, 4.81640625, 1.9833984375, 1.2138671875, 7.97265625, 1.3720703125, 8.28125, 0.36474609375, 1.35546875, 2.423828125, 10.2265625, 0.333251953125, 5.69140625, 0.818359375, 6.09765625, 2.626953125, 1.787109375, 5.91015625, 0.10919189453125, 3.947265625, 2.365234375, 3.599609375, 3.267578125, 7.98828125, 1.763671875, 2.037109375, 6.1015625, 5.609375, 1.34765625, 4.21484375, 1.71484375, 0.0247955322265625, 6.75, 2.310546875, 8.234375, 0.376708984375]",-1.068679877264159
88,1,test,3.1345903841969203,1.3658522746460042,1.876320614242553,6.2691807683938405,2.7317045492920085,3.752641228485106,22.97922126181472,17.115771601904278,19.459894290652343,45.95844252362944,34.231543203808556,38.91978858130469,3.441558292762718,1.4398872811773775,2.0067082603416124,5.8331496487503705,2.440486917249793,3.4012004412569707,31.235594464466622,23.834180845285644,27.036579219049656,52.94168553299428,40.396916686924826,45.82471054076213,3.161277754250976,1.3727055976823757,1.8841101881552145,6.239363988653242,2.7092873638467942,3.7186385292537127,23.60073260774894,17.619826039173706,20.014265712743484,46.58039330476765,34.77597244573758,39.50184022252003,0.6834170854271358,-0.006582914572864196,-0.016582914572864205,0.592964824120603,-0.0020351758793969443,-0.0020351758793969443,0.4623115577889447,-0.002688442211055242,-0.017688442211055255,0.3993399339933993,0.0863251069752774,0.14687012060152227,0.3807947019867549,0.42211055276381915,0.08877721943048578,0.1566681487571413,0.43434343434343436,0.39799331103678925,0.08246743457602135,0.14104114196003725,0.3825503355704698,26.0,0.0,1.0,40.0,0.0,-1.0,47.0,1.0,-1.0,0.0009207659987426543,2.616873252750166e-05,0.00018905532029163516,-0.004176391821267167,-0.004149943507010256,-0.004238302510703562,"[2.859375, 2.21484375, 0.2666015625, 0.05609130859375, 3.802776336669922e-05, 1.1826171875, 0.01139068603515625, 0.01456451416015625, 4.5703125, 11.6328125, 7.74609375, 3.345703125, 5.703125, 6.5, 1.216796875, 5.0859375, 0.0040283203125, 3.734375, 2.41796875, 8.796875, 1.4970703125, 4.171875, 0.426025390625, 2.068359375, 0.6708984375, 6.3046875, 0.7744140625, 4.73828125, 6.93359375, 5.9140625, 4.49609375, 1.5458984375, 1.126953125, 6.578125, 0.0723876953125, 3.134765625, 0.442138671875, 8.0078125, 8.03125, 0.1282958984375, 6.7578125, 9.625, 0.0186920166015625, 5.09765625, 1.8759765625, 3.763671875, 0.7822265625, 0.0167083740234375, 9.5390625, 0.1942138671875, 1.5361328125, 0.74755859375, 0.1015625, 2.3125, 5.56640625, 2.470703125, 6.07421875, 0.0462646484375, 0.6943359375, 7.87109375, 9.9921875, 2.2265625, 8.3828125, 0.0880126953125, 5.52734375, 4.74609375, 2.54296875, 2.109375, 6.73828125, 3.58203125, 0.0209808349609375, 0.37158203125, 3.36328125, 4.515625, 10.3828125, 4.66015625, 4.109375, 1.8134765625, 0.69873046875, 0.1219482421875, 3.8984375, 0.1649169921875, 10.1171875, 6.4921875, 3.064453125, 2.341796875, 8.453125, 1.6826171875, 0.009185791015625, 0.0004074573516845703, 3.880859375, 2.337890625, 2.52734375, 1.685546875, 6.484375, 2.3203125, 0.1060791015625, 8.484375, 6.76171875, 1.2021484375, 9.0703125, 0.953125, 2.564453125, 0.001987457275390625, 1.4970703125, 5.16796875, 2.12890625, 5.80859375, 0.01352691650390625, 9.8828125, 7.75, 3.927734375, 5.6015625, 3.46875, 7.515625, 10.296875, 0.487548828125, 3.962890625, 3.943359375, 3.029296875, 1.107421875, 0.0113067626953125, 7.12890625, 2.798828125, 2.470703125, 5.140625, 1.55859375, 2.697265625, 0.3857421875, 0.1295166015625, 0.0016355514526367188, 0.26318359375, 0.00661468505859375, 6.4373016357421875e-06, 0.96240234375, 2.171875, 2.453125, 8.65625, 0.019775390625, 2.45703125, 3.314453125, 4.8828125, 5.6640625, 0.95556640625, 0.091064453125, 6.0859375, 1.2109375, 12.1328125, 0.488037109375, 11.3515625, 7.78125, 4.1953125, 2.189453125, 1.0185546875, 7.84375, 0.1619873046875, 2.51953125, 8.203125, 0.035675048828125, 5.53515625, 6.828125, 7.671875, 0.418212890625, 0.58642578125, 2.59375, 4.26953125, 7.36328125, 3.169921875, 0.80712890625, 2.6328125, 1.9462890625, 0.303955078125, 1.09375, 3.94921875, 2.521484375, 6.4140625, 6.484375, 6.64453125, 1.6318359375, 9.3984375, 1.6484375, 7.57421875, 3.36328125, 0.1494140625, 0.0173187255859375, 0.0017948150634765625, 0.00017511844635009766, 8.59375, 0.79345703125, 5.3359375, 0.61376953125, 5.50390625, 0.0290069580078125, 0.0033740997314453125, 0.0007982254028320312, 4.57421875, 0.35302734375, 6.9453125, 0.4541015625, 5.3125, 0.01947021484375, 0.00588226318359375, 0.0011310577392578125, 4.296875, 1.3505859375, 2.537109375, 9.375, 0.0089263916015625, 1.34765625, 1.7900390625, 0.01505279541015625, 2.9921875, 4.51953125, 8.375, 6.15625, 1.6875, 2.984375, 2.251953125, 1.9140625, 3.919921875, 0.013336181640625, 2.84375, 0.89501953125, 0.1854248046875, 0.08831787109375, 0.12066650390625, 6.5390625, 2.21875, 7.38671875, 0.000911712646484375, 0.603515625, 4.1796875, 3.287109375, 11.515625, 5.78515625, 0.1302490234375, 2.65234375, 1.8955078125, 9.3046875, 0.241455078125, 2.1015625, 1.1943359375, 2.1953125, 0.82958984375, 0.0804443359375, 0.182373046875, 0.203369140625, 5.11328125, 0.0011425018310546875, 0.049530029296875, 2.767578125, 4.25390625, 7.6484375, 1.361328125, 3.9921875, 7.8203125, 0.050628662109375, 1.62890625, 0.12103271484375, 0.02191162109375, 6.16796875, 2.294921875, 2.361328125, 0.046905517578125, 0.01399993896484375, 0.0009183883666992188, 0.07904052734375, 0.00829315185546875, 2.9802322387695312e-05, 0.55029296875, 0.384765625, 10.4765625, 1.66015625, 6.734375, 1.1220703125, 0.015716552734375, 7.37905502319336e-05, 3.546875, 1.3837890625, 1.4072265625, 0.00015032291412353516, 3.583984375, 0.441162109375, 0.440673828125, 1.0009765625, 0.0731201171875, 4.671875, 5.0546875, 8.7265625, 2.990234375, 0.95947265625, 5.50390625, 7.24609375, 3.64453125, 2.435546875, 8.1484375, 3.119140625, 1.5673828125, 1.6318359375, 0.58642578125, 0.005126953125, 3.42578125, 0.54150390625]",-0.7922999890330602
54,1,test,3.322540013531174,1.5386297911656965,2.1073412806835825,4.865796303969151,2.2532939018164297,3.0861610012196725,27.730697526516426,21.77760865831289,24.359733607499336,40.61107615905138,31.892891368458223,35.67436397163837,3.3244085551506313,1.4835227605994799,2.0657813376699767,4.6822655706346925,2.0894686769006765,2.9095511798168685,27.782561929288722,21.480443758017135,24.26197675854954,39.13036891449116,30.2541461380523,34.17179825147823,3.322540013531174,1.5386297911656965,2.1073412806835825,4.865796303969151,2.2532939018164297,3.0861610012196725,27.730697526516426,21.77760865831289,24.359733607499336,40.61107615905138,31.892891368458223,35.67436397163837,0.6984924623115578,-0.006507537688442255,-0.011507537688442149,0.6030150753768844,0.0030150753768843908,-0.011984924623115623,0.4371859296482412,-0.00781407035175874,-0.002814070351758735,0.41947565543071164,0.0774195806643565,0.15546569279061206,0.3834586466165414,0.4170854271356784,0.07372703114570345,0.15331247221080369,0.36363636363636365,0.41947565543071164,0.0774195806643565,0.15546569279061206,0.3834586466165414,26.0,1.0,1.0,36.0,0.0,2.0,43.0,-3.0,-2.0,9.295011542971986e-05,0.000329324252859142,0.0002268289368909639,-0.006594905431593467,-0.006989773875878846,-0.007614544765996101,"[2.22265625, 5.71875, 5.42578125, 3.255859375, 9.3828125, 3.630859375, 2.13671875, 6.65234375, 0.364013671875, 0.76708984375, 10.9453125, 0.89453125, 2.787109375, 7.68359375, 5.39453125, 3.2109375, 3.21875, 6.984375, 2.67578125, 9.5390625, 7.6640625, 2.263671875, 7.56640625, 0.14990234375, 5.30859375, 2.658203125, 0.005451202392578125, 2.736328125, 5.93359375, 0.1634521484375, 5.2578125, 4.59765625, 3.724609375, 7.546875, 4.046875, 7.5234375, 0.039703369140625, 5.90625, 6.54296875, 1.5234375, 2.37109375, 11.703125, 0.5673828125, 3.818359375, 0.0196990966796875, 0.56591796875, 0.2880859375, 0.334228515625, 0.9443359375, 5.5859375, 0.9267578125, 3.2734375, 1.23046875, 3.802734375, 3.068359375, 3.619140625, 1.7138671875, 1.7216796875, 7.69921875, 1.783203125, 0.380615234375, 2.400390625, 5.05078125, 2.517578125, 8.3125, 5.53515625, 1.689453125, 0.2015380859375, 6.7109375, 0.012603759765625, 1.2666015625, 8.71875, 1.7763671875, 2.611328125, 0.003810882568359375, 4.97265625, 2.2421875, 7.12890625, 1.806640625, 4.765625, 1.720703125, 3.330078125, 3.8359375, 6.859375, 1.83203125, 2.1875, 2.779296875, 3.46875, 0.023681640625, 0.666015625, 0.0167694091796875, 1.404296875, 2.89453125, 0.5966796875, 2.61328125, 5.12890625, 0.27978515625, 8.0859375, 7.51171875, 2.609375, 2.7265625, 2.599609375, 3.833984375, 0.92822265625, 7.234375, 1.8837890625, 2.984375, 8.8515625, 3.708984375, 2.798828125, 2.166015625, 11.1640625, 0.0831298828125, 0.279052734375, 10.84375, 11.0078125, 2.498046875, 1.2939453125, 0.95947265625, 0.002315521240234375, 6.0, 4.71484375, 3.484375, 5.30078125, 3.1875, 5.0234375, 2.84375, 2.369140625, 5.82421875, 0.05322265625, 1.94921875, 11.890625, 0.286865234375, 0.13427734375, 0.78662109375, 0.299560546875, 0.01030731201171875, 0.07708740234375, 0.22607421875, 0.1474609375, 0.75048828125, 0.8955078125, 4.52734375, 5.19921875, 3.380859375, 0.1419677734375, 3.78125, 0.875, 2.48046875, 5.44140625, 0.2108154296875, 3.591796875, 8.53125, 3.123046875, 0.8466796875, 0.84912109375, 8.4453125, 0.900390625, 4.24609375, 0.0008130073547363281, 0.68408203125, 0.377197265625, 5.328125, 0.0009908676147460938, 6.70703125, 0.1717529296875, 1.6474609375, 4.94921875, 6.5546875, 4.33984375, 3.267578125, 5.77734375, 1.8818359375, 2.541015625, 8.203125, 2.443359375, 0.74609375, 6.2421875, 0.220458984375, 2.431640625, 0.029388427734375, 0.2305908203125, 2.6171875, 0.00421905517578125, 0.306396484375, 4.70703125, 0.556640625, 1.82421875, 5.4296875, 0.7353515625, 4.55859375, 0.6796875, 6.21875, 3.95703125, 7.88671875, 0.68701171875, 2.328125, 2.859375, 7.04296875, 3.765625, 7.6171875, 2.685546875, 4.76953125, 0.16845703125, 0.1302490234375, 3.638671875, 2.380859375, 3.27734375, 7.48046875, 0.71826171875, 4.8125, 3.228515625, 3.998046875, 5.12890625, 0.005428314208984375, 3.4609375, 1.8095703125, 1.4287109375, 2.556640625, 7.484375, 3.302734375, 7.30859375, 0.77490234375, 1.3310546875, 5.515625, 0.017059326171875, 5.9921875, 4.63671875, 0.2484130859375, 3.583984375, 1.2783203125, 1.8154296875, 6.79296875, 3.990234375, 0.85546875, 3.25390625, 11.53125, 7.39453125, 0.71826171875, 1.2109375, 0.9814453125, 5.5625, 0.51611328125, 2.0, 7.81640625, 6.6796875, 3.048828125, 1.54296875, 11.625, 2.802734375, 5.2421875, 3.51953125, 3.501953125, 1.9599609375, 4.5390625, 2.037109375, 4.09375, 5.55078125, 0.481201171875, 4.48046875, 0.0006227493286132812, 0.12091064453125, 3.38671875, 0.04962158203125, 2.6702880859375e-05, 0.05914306640625, 0.53466796875]",-0.8104794337954861
187,1,test,2.8942217509241868,1.2454099830455414,1.7456236139471022,4.522221485819042,1.9459530985086584,2.7275368967923472,18.06943344788509,12.868637046990745,14.91566479023243,28.233489762320453,20.10724538592304,23.305726234738174,2.7762550073652412,1.0734112214817513,1.5372197769181057,3.9102183202327345,1.5118467908193685,2.165098277349445,16.058768226716627,10.569231945443615,12.60648702491983,22.617983417910743,14.88624217668115,17.7556155280561,2.8942217509241868,1.2454099830455414,1.7456236139471022,4.522221485819042,1.9459530985086584,2.7275368967923472,18.06943344788509,12.868637046990745,14.91566479023243,28.233489762320453,20.10724538592304,23.305726234738174,0.6331658291457287,-0.031834170854271315,-0.031834170854271315,0.4773869346733668,0.012386934673366823,-0.007613065326633195,0.36180904522613067,-0.00819095477386933,0.0018090452261306789,0.3905109489051095,0.09725047531676712,0.14779250230316776,0.4652014652014652,0.38190954773869346,0.08617019936776615,0.1398394308772577,0.4545454545454546,0.3905109489051095,0.09725047531676712,0.14779250230316776,0.4652014652014652,19.0,10.0,10.0,30.0,18.0,18.0,36.0,19.0,19.0,-0.00017342938425511794,-0.0005452840192991098,-0.00037936157084935996,-0.000211034476049754,0.00020048395678795572,4.730815085896012e-05,"[2.859375, 1.2138671875, 0.351806640625, 0.0308380126953125, 0.0001201629638671875, 1.1474609375, 0.00901031494140625, 0.0285186767578125, 4.59765625, 2.791015625, 0.048828125, 0.062042236328125, 2.775390625, 0.328369140625, 1.3984375, 0.09130859375, 0.204833984375, 0.07763671875, 0.1121826171875, 0.311767578125, 0.943359375, 4.30078125, 2.396484375, 0.744140625, 0.002910614013671875, 1.06640625, 0.32373046875, 0.70751953125, 1.091796875, 1.3916015625, 1.412109375, 1.4677734375, 0.077880859375, 1.966796875, 2.966796875, 2.296875, 0.0005502700805664062, 0.1795654296875, 1.736328125, 0.0004832744598388672, 0.0552978515625, 0.207763671875, 5.78515625, 0.6865234375, 12.6171875, 6.60546875, 4.57421875, 5.0234375, 2.072265625, 4.62890625, 0.5029296875, 0.153076171875, 1.1884765625, 0.0631103515625, 0.137451171875, 5.1171875, 3.908203125, 0.41259765625, 1.216796875, 0.0008835792541503906, 3.107421875, 0.5341796875, 4.25, 1.6962890625, 5.64453125, 1.4814453125, 0.006076812744140625, 5.0078125, 9.7734375, 5.359375, 4.40625, 6.1171875, 7.796875, 2.732421875, 1.53515625, 5.62109375, 4.0859375, 6.19140625, 1.1865234375, 9.296875, 5.54296875, 1.330078125, 0.72998046875, 7.62890625, 4.54296875, 0.779296875, 0.0005140304565429688, 1.3671875, 0.0008921623229980469, 0.08856201171875, 1.0888671875, 2.697265625, 0.0002944469451904297, 5.08203125, 1.0615234375, 0.033905029296875, 3.96484375, 5.078125, 4.02734375, 2.25, 3.837890625, 2.603515625, 0.086669921875, 1.4599609375, 6.22265625, 3.458984375, 9.9765625, 0.91455078125, 10.453125, 2.197265625, 0.2396240234375, 0.65673828125, 0.04376220703125, 0.02301025390625, 0.60986328125, 4.58984375, 0.09075927734375, 2.359375, 9.6328125, 0.033294677734375, 0.587890625, 1.2314453125, 2.328125, 1.4736328125, 6.81640625, 2.0625, 9.3984375, 7.69921875, 7.078125, 0.35400390625, 3.068359375, 7.7890625, 2.94921875, 0.810546875, 0.192626953125, 1.5, 2.064453125, 7.3515625, 5.53125, 1.7431640625, 1.125, 4.9453125, 7.80078125, 5.0625, 5.44140625, 8.9453125, 5.3125, 1.263671875, 9.78708267211914e-05, 0.2064208984375, 0.50341796875, 6.5078125, 6.2578125, 2.5078125, 2.8125, 0.0012845993041992188, 2.376953125, 0.74853515625, 0.445556640625, 5.83984375, 0.5849609375, 3.083984375, 9.140625, 2.923828125, 1.537109375, 0.80810546875, 4.0234375, 1.099609375, 4.65625, 4.60546875, 2.146484375, 3.298828125, 2.251953125, 10.9921875, 10.15625, 1.2578125, 6.2265625, 1.3486328125, 1.873046875, 5.7421875, 4.0625, 3.896484375, 3.701171875, 0.125732421875, 0.471923828125, 6.0859375, 1.392578125, 2.435546875, 0.07208251953125, 0.11517333984375, 1.5458984375, 0.59814453125, 4.6484375, 4.94140625, 3.939453125, 1.123046875, 4.078125, 2.412109375, 2.017578125, 1.8835067749023438e-05, 3.31640625, 0.912109375, 4.5859375, 9.7578125, 4.41015625, 0.172119140625, 1.775390625, 0.1783447265625, 2.435546875, 7.328125, 3.08203125, 1.1181640625, 4.796875, 4.73046875, 0.93359375, 4.4140625, 2.71484375, 1.7451171875, 2.8984375, 8.234375, 0.056427001953125, 6.3515625, 1.537109375, 0.14599609375, 0.86181640625, 2.8671875, 2.072265625, 1.7626953125, 0.263916015625, 0.00036716461181640625, 9.0078125, 0.115966796875, 1.310546875, 1.3564453125, 0.90576171875, 1.009765625, 0.054962158203125, 0.02398681640625, 3.93359375, 1.21875, 4.1953125, 4.18359375, 1.5048828125, 5.21875, 0.0853271484375, 3.904296875, 11.3125, 0.978515625, 0.97314453125, 2.54296875, 2.908203125, 13.8515625, 1.0009765625, 0.65869140625, 5.78515625, 5.55078125, 2.1953125, 4.28515625, 1.8076171875, 6.58984375, 0.051605224609375, 1.75, 6.44140625, 2.671875, 3.115234375, 13.40625, 0.56396484375, 10.4375, 1.1962890625, 4.08203125, 1.080078125, 2.91015625, 1.205078125, 3.533203125]",-1.1445479710606765
127,1,test,3.3424243931214295,1.5631480523946073,2.115368219297034,5.486985708939225,2.566092756532188,3.472627596996287,28.287623960672782,22.362057185360293,24.876451119600777,46.43748673312758,36.70996670891517,40.83764230038509,3.3166099631007593,1.4387073767422276,2.015649194657443,4.913496241630754,2.131418335914411,2.9861469550480635,27.566739711241365,21.026965854714586,23.893916005112366,40.83961438702424,31.15106052550309,35.39839408164795,3.3424243931214295,1.5631480523946073,2.115368219297034,5.486985708939225,2.566092756532188,3.472627596996287,28.287623960672782,22.362057185360293,24.876451119600777,46.43748673312758,36.70996670891517,40.83764230038509,0.728643216080402,0.008643216080401972,0.0036432160804019675,0.5829145728643217,-0.012085427135678284,-0.012085427135678284,0.46733668341708545,-0.0076633165829145256,0.0023366834170854833,0.3992932862190812,0.0977059846317796,0.1513496904493985,0.3794326241134752,0.4170854271356784,0.10630848477978871,0.17835420843784866,0.3787878787878788,0.3992932862190812,0.0977059846317796,0.1513496904493985,0.3794326241134752,27.0,18.0,18.0,36.0,24.0,26.0,47.0,31.0,30.0,0.0003256961061348391,0.0001563997234252228,0.00012318004196060719,-0.0002734037727947225,0.00016562223134020115,1.5767138139999304e-05,"[9.9140625, 2.521484375, 1.2236328125, 0.154052734375, 0.003131866455078125, 4.25, 2.970703125, 3.275390625, 0.35595703125, 1.583984375, 3.68359375, 2.19921875, 3.361328125, 6.08203125, 6.6796875, 7.14453125, 1.4189453125, 3.681640625, 2.626953125, 1.548828125, 6.84375, 0.09814453125, 8.421875, 2.40234375, 5.34375, 6.25, 0.354248046875, 0.68701171875, 2.50390625, 1.921875, 3.337890625, 6.2890625, 2.1796875, 11.2734375, 4.4453125, 10.3671875, 8.828125, 4.00390625, 3.77734375, 12.0078125, 9.5234375, 5.1640625, 4.41015625, 5.73046875, 0.55224609375, 0.732421875, 1.4013671875, 9.9140625, 6.30078125, 3.326171875, 3.27734375, 3.349609375, 5.00390625, 3.130859375, 5.9921875, 0.021759033203125, 6.1015625, 0.005420684814453125, 10.734375, 0.80224609375, 1.7744140625, 0.04412841796875, 3.1484375, 0.82861328125, 6.85546875, 2.81640625, 0.4970703125, 8.84375, 6.30078125, 0.49560546875, 3.921875, 1.3251953125, 2.048828125, 1.08984375, 7.359375, 3.501953125, 0.3369140625, 0.15966796875, 1.1416015625, 9.359375, 1.767578125, 2.498046875, 1.765625, 6.2890625, 5.390625, 4.15625, 0.08404541015625, 1.6708984375, 0.95556640625, 0.31689453125, 0.240966796875, 3.119140625, 7.734375, 3.787109375, 0.67138671875, 3.361328125, 2.373046875, 2.912109375, 0.046478271484375, 1.666015625, 0.11767578125, 0.181640625, 3.981590270996094e-05, 2.5033950805664062e-06, 5.3763389587402344e-05, 5.602836608886719e-06, 0.0005331039428710938, 1.595703125, 7.73828125, 2.673828125, 3.109375, 2.369140625, 1.923828125, 3.236328125, 8.796875, 2.9609375, 0.371826171875, 3.00390625, 0.96435546875, 4.19140625, 5.984375, 1.5478515625, 2.6171875, 0.4052734375, 7.52734375, 2.166015625, 7.37109375, 4.56640625, 0.1600341796875, 0.01568603515625, 1.22265625, 2.767578125, 4.5390625, 5.7816505432128906e-05, 2.02734375, 5.03125, 3.578125, 4.53125, 1.69921875, 8.296875, 0.26904296875, 9.484375, 0.57958984375, 0.2900390625, 7.80859375, 5.00390625, 9.1796875, 0.051116943359375, 1.6689453125, 7.859375, 0.491943359375, 0.488037109375, 1.3330078125, 3.943359375, 1.2255859375, 3.583984375, 3.24609375, 1.0673828125, 7.94921875, 3.42578125, 1.505859375, 0.324951171875, 5.21484375, 5.09765625, 2.380859375, 7.1796875, 0.06414794921875, 0.5751953125, 6.3515625, 8.4765625, 3.423828125, 0.6474609375, 6.7890625, 0.05621337890625, 0.03216552734375, 0.0208282470703125, 9.875, 5.0078125, 2.0703125, 5.93359375, 3.3359375, 6.40234375, 3.46484375, 1.439453125, 5.3359375, 6.30078125, 2.62890625, 0.07977294921875, 1.626953125, 4.7421875, 6.61328125, 0.0848388671875, 1.84765625, 3.150390625, 0.006771087646484375, 3.540515899658203e-05, 0.2105712890625, 2.158203125, 0.00585174560546875, 5.125999450683594e-06, 0.1875, 0.361572265625, 12.1640625, 11.5703125, 6.4921875, 9.5859375, 0.35546875, 7.39453125, 0.0192413330078125, 0.619140625, 9.28125, 0.98974609375, 3.34765625, 5.515625, 1.9306640625, 2.880859375, 1.19140625, 2.060546875, 1.84375, 0.00017964839935302734, 8.953125, 3.875, 4.34765625, 0.6142578125, 1.1396484375, 8.90625, 0.59765625, 6.86328125, 3.078125, 5.19140625, 1.736328125, 3.37109375, 6.03125, 1.2578125, 4.453125, 0.02740478515625, 0.006114959716796875, 0.006580352783203125, 1.6923828125, 9.4609375, 6.94140625, 2.9140625, 0.05670166015625, 2.548828125, 0.84619140625, 0.465576171875, 0.33447265625, 1.982421875, 1.9912109375, 1.38671875, 6.1484375, 9.6953125, 4.75, 1.0771484375, 0.69482421875, 0.58544921875, 8.1015625, 5.2578125, 8.53125, 1.2998046875, 1.7275390625, 7.87109375, 4.98828125, 2.564453125, 9.6953125, 5.1328125, 1.505859375, 1.6162109375, 0.303955078125, 1.4033203125, 0.07855224609375, 0.14208984375, 2.068359375, 4.63671875, 1.0166015625, 10.234375, 0.413330078125, 2.578125, 0.00029468536376953125, 1.458984375, 0.7392578125, 7.859375, 0.01299285888671875]",-0.7669119830687561
470,1,test,2.4826134582981467,1.0769148663278183,1.4935656311038832,4.340351420289958,1.882769528205778,2.6111997768278776,11.972513230380295,7.8941383641336715,9.283840058715523,20.93153673610705,13.801316731852747,16.230931259114893,2.3157359667159803,0.9593259150689948,1.3580062344620667,3.735058010832226,1.5472998630145076,2.1903326362291393,10.132377267753279,6.250146022159608,7.526603319193973,16.342543980247225,10.080880680902593,12.139682772893504,2.518868159968406,1.1059671411731917,1.538675518035163,4.403735490557009,1.933561600554492,2.6900653614628363,12.414537438235094,8.306682338277199,9.749567860860811,21.704327358002853,14.522567081205716,17.04516285878387,0.592964824120603,0.012964824120602958,0.002964824120602949,0.457286432160804,-0.007713567839195967,-0.027713567839195985,0.3065326633165829,-0.013467336683417042,0.0015326633165828607,0.43359375,0.1236522295321637,0.18813920454545452,0.48235294117647054,0.40201005025125625,0.09624563922368734,0.1515926879808055,0.43434343434343436,0.43359375,0.12560154727095518,0.18813920454545452,0.4784313725490196,21.0,1.0,0.0,28.0,0.0,1.0,34.0,-2.0,-1.0,-0.0002976885962827139,-0.0002700270570155477,-0.00025475948777001824,-8.629588256159337e-05,-0.00014530477676810705,0.00011039017629776993,"[2.111328125, 9.03125, 0.796875, 0.0307769775390625, 0.180908203125, 0.380859375, 5.960464477539062e-07, 0.0136871337890625, 0.0003910064697265625, 3.933906555175781e-06, 6.93359375, 0.8193359375, 7.12890625, 3.240234375, 1.453125, 1.220703125, 0.0303955078125, 0.521484375, 4.10546875, 1.376953125, 1.8232421875, 0.067138671875, 0.003963470458984375, 0.16552734375, 1.76171875, 4.71875, 0.0078887939453125, 0.6796875, 2.00390625, 0.01496124267578125, 1.314453125, 0.77490234375, 9.715557098388672e-05, 0.0794677734375, 0.490478515625, 0.042877197265625, 0.7265625, 4.74609375, 3.708984375, 0.337158203125, 2.908203125, 0.024078369140625, 3.3125, 3.81640625, 2.009765625, 3.537109375, 4.55859375, 0.428955078125, 1.048828125, 1.9482421875, 2.16796875, 1.2197265625, 0.253662109375, 0.2685546875, 0.004421234130859375, 2.677734375, 2.673828125, 3.76953125, 5.0703125, 0.035491943359375, 2.875, 0.8291015625, 1.896484375, 2.744140625, 2.265625, 4.890625, 2.458984375, 11.703125, 6.6640625, 1.0146484375, 3.099609375, 0.99658203125, 0.09869384765625, 0.955078125, 2.50390625, 2.306640625, 7.152557373046875e-05, 3.875, 1.439453125, 0.0005841255187988281, 4.4453125, 0.81103515625, 0.266357421875, 0.2255859375, 2.24609375, 5.79296875, 0.79541015625, 7.55078125, 0.9765625, 3.16015625, 1.2080078125, 6.25, 3.068359375, 3.123283386230469e-05, 2.40234375, 5.515625, 8.34375, 0.2188720703125, 3.375, 2.044921875, 2.73046875, 6.3203125, 0.9091796875, 1.3857421875, 0.0100250244140625, 0.00038552284240722656, 2.9609375, 4.30078125, 1.46875, 0.1409912109375, 8.7265625, 8.4609375, 0.054595947265625, 4.08984375, 3.49609375, 0.376220703125, 6.328125, 1.1904296875, 0.0002429485321044922, 0.0310211181640625, 0.1051025390625, 7.046875, 0.9462890625, 2.953125, 0.255615234375, 4.20703125, 3.97265625, 3.248046875, 0.019683837890625, 1.3720703125, 3.271484375, 2.17578125, 4.96875, 1.6748046875, 2.98828125, 3.666015625, 2.794921875, 0.0208587646484375, 4.55078125, 2.033203125, 3.933906555175781e-05, 0.06842041015625, 0.7197265625, 2.056640625, 10.796875, 0.10845947265625, 0.0128936767578125, 0.0282745361328125, 0.0227813720703125, 0.5751953125, 6.328125, 0.09039306640625, 5.5546875, 2.10546875, 0.1046142578125, 2.978515625, 2.044921875, 0.5029296875, 0.78515625, 0.011138916015625, 2.6953125, 6.62890625, 0.0574951171875, 7.5390625, 0.82861328125, 0.06597900390625, 0.58154296875, 6.25, 1.8662109375, 2.515625, 1.6865234375, 2.58984375, 1.3779296875, 5.1975250244140625e-05, 0.1719970703125, 0.2034912109375, 6.51953125, 0.0081939697265625, 4.84375, 0.53369140625, 0.6240234375, 0.78662109375, 3.08984375, 2.60546875, 0.06842041015625, 0.837890625, 5.27734375, 6.6953125, 2.62890625, 0.10186767578125, 4.58984375, 0.705078125, 2.826171875, 3.0625, 6.5390625, 2.953125, 5.609375, 6.1796875, 3.458984375, 3.9765625, 7.46875, 2.87890625, 5.80078125, 2.443359375, 5.859375, 1.150390625, 1.4111328125, 4.5625, 4.0546875, 1.6572265625, 2.162109375, 2.615234375, 3.009765625, 0.09637451171875, 0.45703125, 0.0001016855239868164, 0.34228515625, 4.11328125, 0.000995635986328125, 1.6572265625, 0.0261688232421875, 1.5927734375, 0.00020396709442138672, 9.8828125, 4.27734375, 12.21875, 6.09375, 3.6875, 2.927734375, 1.173828125, 0.09307861328125, 1.0732421875, 5.625, 0.10784912109375, 2.990234375, 4.8046875, 5.6484375, 3.4375, 3.4140625, 2.708984375, 6.49609375, 0.9306640625, 0.01236724853515625, 1.974609375, 0.42041015625, 3.017578125, 7.593631744384766e-05, 4.375, 0.8740234375, 5.4609375, 7.37890625, 2.5234375, 0.417236328125, 4.609375, 4.3203125, 3.591796875]",-1.1728154281154275
173,1,test,3.1872683060371267,1.3705557740340797,1.8951090866563007,5.183689113115326,2.2290357643631182,3.0821554376388183,24.22216943198731,18.070567454743315,20.581530418558344,39.3942975377376,29.389494322000115,33.47325826314983,3.3281573362685926,1.4114880394096947,1.9747613315007193,4.559119638724099,1.933545259465335,2.705152508905095,27.88690813620173,21.08863046224424,24.016360501257765,38.20124402219415,28.888534879786633,32.89912397432571,3.168688154220581,1.3487301830518044,1.8890133102061386,5.153470844226879,2.193539198809528,3.0722414275880054,23.77627308522037,17.604674025882964,20.180802638476447,38.669103479259505,28.631777536600865,32.82152517026938,0.7236180904522613,0.008618090452261251,0.0036180904522613577,0.5628140703517588,0.00781407035175885,-0.0021859296482411583,0.44723618090452266,-0.007763819095477298,-0.017763819095477307,0.43050847457627117,0.11864406779661019,0.16158192090395473,0.41156462585034015,0.42713567839195976,0.11557788944723613,0.1675041876046901,0.40909090909090906,0.43050847457627117,0.11694915254237281,0.16271186440677965,0.41156462585034015,23.0,4.0,5.0,33.0,4.0,4.0,40.0,2.0,2.0,0.000947980025712923,0.00029972870074800723,7.205681386880459e-05,-0.00035656283511986686,0.00011913993074319507,-2.6287545484393604e-05,"[7.05859375, 1.3818359375, 1.4873046875, 0.00400543212890625, 0.036102294921875, 7.0078125, 2.986328125, 0.6865234375, 5.0234375, 0.9248046875, 3.755859375, 3.912109375, 1.333984375, 5.03515625, 1.7001953125, 4.70703125, 6.36328125, 3.75390625, 2.376953125, 9.203125, 8.6875, 6.68359375, 0.00792694091796875, 7.921875, 2.259765625, 6.9296875, 9.921875, 0.036285400390625, 3.072265625, 2.7265625, 5.0234375, 7.27734375, 3.65625, 1.373046875, 2.771484375, 2.58203125, 0.0013141632080078125, 4.92578125, 1.935546875, 1.8046875, 8.3359375, 3.484375, 0.6650390625, 0.5595703125, 9.40625, 0.8037109375, 7.7578125, 5.6484375, 5.06640625, 7.6015625, 2.939453125, 3.2734375, 7.2578125, 4.70703125, 0.10772705078125, 0.2484130859375, 0.81884765625, 0.7958984375, 7.1484375, 1.125, 0.0084228515625, 0.7548828125, 8.03125, 0.1748046875, 0.047393798828125, 0.0006375312805175781, 0.01474761962890625, 0.00408935546875, 1.18359375, 4.9609375, 0.5908203125, 4.51171875, 2.828125, 3.01171875, 0.974609375, 0.62255859375, 2.92578125, 5.57421875, 13.5859375, 0.88671875, 1.3564453125, 1.314453125, 8.109375, 0.1422119140625, 5.42578125, 5.45703125, 3.044921875, 0.58154296875, 4.28125, 10.1171875, 3.87890625, 6.33984375, 8.078125, 0.33203125, 5.52734375, 0.07891845703125, 2.35546875, 6.88671875, 7.7734375, 1.5341796875, 0.032257080078125, 1.291015625, 3.595703125, 6.0078125, 4.21875, 0.07208251953125, 3.943359375, 1.3173828125, 4.7109375, 8.34375, 1.6328125, 0.87158203125, 3.47265625, 4.73828125, 2.57421875, 0.0005888938903808594, 0.81005859375, 0.3408203125, 6.2265625, 6.34765625, 1.068359375, 1.6142578125, 10.2265625, 0.2166748046875, 2.654296875, 0.0006151199340820312, 1.3681640625, 8.625, 9.2734375, 6.6796875, 9.125, 0.76611328125, 0.78173828125, 0.0027217864990234375, 2.283203125, 0.10491943359375, 10.84375, 4.328125, 3.462890625, 1.775390625, 9.09375, 0.611328125, 0.061737060546875, 2.20703125, 0.0843505859375, 6.41015625, 0.062042236328125, 1.83203125, 2.052734375, 0.01171875, 5.78125, 1.4619140625, 2.455078125, 0.185791015625, 4.65234375, 1.0166015625, 1.6044921875, 1.0234375, 9.3671875, 0.71875, 0.7275390625, 8.21875, 4.72265625, 0.455078125, 0.020050048828125, 0.0160369873046875, 4.3125, 0.478759765625, 2.03515625, 2.205078125, 5.6796875, 3.349609375, 1.59375, 3.0234375, 1.9765625, 0.5087890625, 0.269775390625, 4.9921875, 5.80078125, 4.65625, 2.51171875, 6.3671875, 0.131591796875, 0.10931396484375, 3.6640625, 5.30859375, 2.564453125, 4.5, 7.93359375, 9.4140625, 2.736328125, 0.12298583984375, 1.9990234375, 2.748046875, 4.875, 6.76171875, 1.23046875, 3.3828125, 0.2169189453125, 3.525390625, 8.0859375, 3.576171875, 0.72705078125, 0.144287109375, 0.00193023681640625, 0.25, 0.1505126953125, 1.369140625, 0.00041604042053222656, 5.80859375, 0.73681640625, 7.99609375, 3.94140625, 1.34375, 4.265625, 5.640625, 1.30859375, 1.53125, 0.32421875, 3.853515625, 3.17578125, 2.21875, 4.7578125, 4.8828125, 1.7744140625, 1.6201171875, 7.42578125, 0.266357421875, 0.168701171875, 7.09375, 5.52734375, 0.017852783203125, 3.337890625, 5.421875, 8.734375, 0.004894256591796875, 0.1318359375, 8.125, 1.498046875, 0.9150390625, 0.0018892288208007812, 0.1177978515625, 0.1329345703125, 2.611328125, 5.78515625, 4.578125, 4.2578125, 6.05078125, 0.53515625, 0.0241546630859375, 7.48046875, 2.796875, 5.765625, 5.4921875, 0.0841064453125, 2.994140625, 3.419921875, 2.755859375, 3.740234375, 5.015625, 1.5703125, 6.12890625, 0.01090240478515625, 5.03515625, 1.5, 7.41796875, 2.021484375, 10.09375, 6.28125, 0.0013227462768554688, 1.3359375, 4.0859375, 4.109375, 1.0625, 0.207275390625, 5.7734375, 0.26953125, 0.0018367767333984375, 0.69580078125, 0.07269287109375, 0.98388671875, 7.10546875, 9.143352508544922e-05, 0.31005859375, 0.1319580078125, 1.451171875, 0.037872314453125, 0.0013551712036132812, 0.003948211669921875, 6.015625, 1.2470703125, 4.0078125, 3.970703125, 4.51953125, 0.00313568115234375]",-0.690050314644636
309,1,test,2.85715637001498,1.2669034822431895,1.746376103568175,5.008629540206983,2.220897068269688,3.0614183502309578,17.411943347101822,12.50695416381925,14.375216420700545,30.52334646991946,21.92484133536989,25.199927580866618,2.684158470163393,1.0260358469874877,1.52135352687011,4.473597450272322,1.7100597449791466,2.5355892114501835,14.645871255261913,9.396424856566863,11.446977836725818,24.40978542543652,15.660708094278105,19.07829639454303,2.85715637001498,1.2669034822431895,1.746376103568175,5.008629540206983,2.220897068269688,3.0614183502309578,17.411943347101822,12.50695416381925,14.375216420700545,30.52334646991946,21.92484133536989,25.199927580866618,0.6080402010050252,-0.006959798994974786,-0.01195979899497479,0.49246231155778897,0.0024623115577889765,0.0024623115577889765,0.3517587939698492,-0.0032412060301507672,-0.0032412060301507672,0.38620689655172413,0.06606920292005458,0.14308763049667828,0.44982698961937717,0.3919597989949749,0.086195387967406,0.14988968213353915,0.46464646464646464,0.38620689655172413,0.06606920292005458,0.14308763049667828,0.44982698961937717,22.0,13.0,13.0,29.0,20.0,20.0,37.0,24.0,24.0,-0.0011211784938232375,-0.0005315043292434827,-0.00019496411841530352,-0.025165016482387337,-0.026614616780304523,-0.025823697015692204,"[9.9140625, 1.63671875, 1.3447265625, 3.25, 0.21533203125, 6.71875, 1.1796875, 4.72265625, 2.146484375, 0.050140380859375, 0.64208984375, 0.28662109375, 1.6923828125, 0.01031494140625, 2.68359375, 0.02447509765625, 0.3310546875, 1.080078125, 0.005550384521484375, 2.0265579223632812e-06, 1.895427703857422e-05, 0.0005202293395996094, 1.1920928955078125e-06, 6.875, 0.07861328125, 2.951171875, 1.810546875, 1.8662109375, 2.66015625, 0.88623046875, 3.56640625, 0.00426483154296875, 0.048980712890625, 0.0806884765625, 1.0068359375, 2.62890625, 7.515625, 3.2890625, 2.173828125, 3.86328125, 4.67578125, 4.5703125, 0.08734130859375, 3.16796875, 0.79248046875, 4.24609375, 6.1953125, 0.63818359375, 4.171875, 0.4384765625, 0.12408447265625, 0.740234375, 0.25537109375, 1.9482421875, 2.3828125, 1.0390625, 5.05078125, 0.005863189697265625, 2.658203125, 3.201171875, 4.41796875, 0.0181427001953125, 0.8427734375, 2.07421875, 2.41015625, 0.35400390625, 0.86572265625, 0.0011310577392578125, 0.0036716461181640625, 0.1632080078125, 0.83837890625, 0.12237548828125, 6.389617919921875e-05, 5.3984375, 2.33984375, 5.03125, 0.00015878677368164062, 0.0030040740966796875, 0.11846923828125, 1.66796875, 0.0027790069580078125, 6.556510925292969e-06, 1.5497207641601562e-06, 0.00019991397857666016, 5.054473876953125e-05, 3.5762786865234375e-07, 0.00012755393981933594, -0.0, 0.08209228515625, 0.4775390625, 8.6953125, 3.28515625, 3.935546875, 6.9609375, 2.828125, 4.45703125, 2.7421875, 2.34765625, 4.9765625, 2.4453125, 2.46484375, 2.341796875, 4.8046875, 7.5703125, 0.03680419921875, 0.01067352294921875, 0.07867431640625, 0.083984375, 0.358154296875, 8.484375, 3.5625, 0.00391387939453125, 1.3056640625, 0.279296875, 8.21875, 4.1640625, 3.990234375, 4.4609375, 3.640625, 12.7109375, 2.701171875, 8.7265625, 7.4453125, 8.78125, 1.9541015625, 1.068359375, 0.9833984375, 5.953125, 10.515625, 0.0015401840209960938, 1.0419921875, 2.6328125, 2.10546875, 3.775390625, 0.0259857177734375, 4.73828125, 0.1461181640625, 1.0615234375, 8.796875, 0.630859375, 1.4140625, 0.8564453125, 8.234375, 0.068603515625, 6.8046875, 2.88671875, 2.412109375, 0.00011539459228515625, 2.869140625, 3.5859375, 4.1953125, 0.09521484375, 1.8505859375, 0.2509765625, 2.052734375, 1.6953125, 1.6689453125, 8.546875, 0.1279296875, 6.60546875, 2.900390625, 6.6640625, 0.953125, 4.26953125, 6.5234375, 11.234375, 8.1484375, 0.6220703125, 10.8671875, 0.447265625, 4.17578125, 4.48046875, 3.849609375, 6.8046875, 1.5546875, 1.4814453125, 5.5546875, 7.5, 1.748046875, 4.79296875, 2.650390625, 0.55419921875, 0.322509765625, 1.0244140625, 1.435546875, 5.0625, 0.19677734375, 10.515625, 5.17578125, 2.708984375, 2.251953125, 5.3828125, 4.73828125, 0.06597900390625, 8.0390625, 1.0712890625, 0.0015735626220703125, 5.6743621826171875e-05, 0.00013840198516845703, 6.61611557006836e-05, 2.384185791015625e-07, 1.1920928955078125e-07, 0.00015115737915039062, 0.31494140625, 0.837890625, 7.578125, 3.34375, 8.375, 0.147216796875, 2.830078125, 6.47265625, 0.000438690185546875, 9.8046875, 0.1837158203125, 5.1640625, 2.796875, 0.1337890625, 0.8486328125, 3.75, 1.2138671875, 7.1484375, 3.083984375, 2.486328125, 5.171875, 2.509765625, 1.640625, 8.484375, 6.08203125, 1.2958984375, 2.396484375, 2.515625, 3.947265625, 0.00440216064453125, 0.01123809814453125, 1.3251953125, 1.939453125, 7.35546875, 2.701171875, 0.013916015625, 8.34375, 0.326416015625, 0.09100341796875, 2.75, 0.08734130859375, 0.0033435821533203125, 2.9375, 2.154296875, 4.05859375, 2.1328125, 7.015625, 1.7861328125, 3.802734375, 0.1737060546875, 3.30078125, 0.04486083984375, 9.0, 0.05487060546875, 3.447265625, 1.8369140625, 2.45703125, 0.0018568038940429688, 4.9609375, 3.640625, 1.130859375, 0.83984375, 9.09375, 4.50390625, 0.266357421875, 0.02764892578125, 2.119140625, 4.0703125, 0.160400390625, 2.859375, 2.6015625, 9.125, 7.46875, 7.22265625, 2.408203125, 3.66015625, 3.5546875, 1.7060546875, 8.5859375, 2.458984375, 4.51953125, 10.484375, 7.87890625, 1.6953125, 4.484375, 0.1053466796875, 8.0390625]",-0.9670871755172468
90,1,test,3.3183841829869283,1.3883351446627286,1.9195918771939995,6.716729430624143,2.810124148232992,3.8854389803444804,27.615692582771587,20.725844482869554,23.565387101319665,55.896823541031644,41.95110690508536,47.698614855683175,2.7707260499647512,0.9926226571414531,1.4508511481613635,5.178927196195796,1.8553694526008466,2.711871304974511,15.970224982757893,10.051604513947476,12.227271871470261,29.850887818239052,18.78804582046257,22.854713778449085,3.2970144214438752,1.3847026230998027,1.9165997843460827,6.381318235052661,2.680069593096392,3.709547969702095,27.031812723814678,20.26309408622457,23.055262612907523,52.319637529963885,39.21889177978948,44.623088928208105,0.6030150753768844,0.0030150753768843908,0.008015075376884395,0.4623115577889447,0.007311557788944767,0.017311557788944776,0.3266331658291457,-0.008366834170854265,-0.008366834170854265,0.4029850746268657,0.10492248148230532,0.14975766648386668,0.4251497005988024,0.3517587939698492,0.05351317993476146,0.08798583904497448,0.3484848484848485,0.3846153846153846,0.10080904070887375,0.13100025669547355,0.412751677852349,16.0,0.0,-1.0,29.0,0.0,0.0,33.0,-2.0,-3.0,-0.0008100380075180894,-0.00043093689063855415,-0.0005394578315303662,-0.0066484198444580755,-0.00877662301829929,-0.008196192978508599,"[2.88671875, 1.2119140625, 0.349609375, 0.021087646484375, 0.0001302957534790039, 1.0205078125, 0.00885009765625, 0.0287628173828125, 4.625, 6.6015625, 8.6875, 3.439453125, 0.84765625, 0.6767578125, 7.26171875, 1.2578125, 0.86767578125, 6.4921875, 10.4140625, 2.576171875, 5.984375, 1.6240234375, 12.34375, 0.6962890625, 0.050628662109375, 7.64453125, 0.001094818115234375, 0.440185546875, 2.791015625, 1.0728836059570312e-06, 1.3583984375, 0.51611328125, 0.6708984375, 4.8984375, 2.16796875, 1.59765625, 2.1219253540039062e-05, 0.5341796875, 2.1875, 0.00010347366333007812, 0.08258056640625, 0.85693359375, 2.892578125, 2.357421875, 2.361328125, 4.34375, 7.18359375, 1.4423828125, 0.08721923828125, 6.4921875, 1.462890625, 1.09765625, 3.74609375, 0.98876953125, 2.07421875, 1.8095703125, 0.05474853515625, 3.53515625, 1.8984375, 7.8046875, 7.46484375, 6.64453125, 0.68408203125, 7.3671875, 5.1171875, 1.171875, 0.5615234375, 3.392578125, 0.9853515625, 1.3603515625, 2.072265625, 1.6923828125, 2.552734375, 0.5009765625, 5.40625, 5.6875, 0.96435546875, 1.1982421875, 3.138671875, 0.0003178119659423828, 0.6953125, 0.8330078125, 0.00039696693420410156, 1.3173828125, 1.1884765625, 1.6650390625, 4.375, 11.234375, 0.90673828125, 8.953125, 4.08984375, 2.12109375, 1.9208984375, 0.89794921875, 0.267333984375, 2.251953125, 14.2421875, 3.998046875, 2.205078125, 1.916015625, 7.20703125, 8.7890625, 15.1796875, 3.935546875, 1.8232421875, 4.41796875, 0.1937255859375, 6.05078125, 4.7578125, 0.421875, 2.3126602172851562e-05, 0.261962890625, 1.7197265625, 4.649162292480469e-06, 0.0272674560546875, 1.9228515625, 5.65625, 6.1484375, 4.68359375, 0.0523681640625, 4.76837158203125e-07, 0.1351318359375, 1.6484375, 1.4185905456542969e-05, 0.026458740234375, 0.460205078125, 11.390625, 11.046875, 5.62890625, 2.173828125, 0.0209808349609375, 4.76837158203125e-07, 0.1392822265625, 1.6875, 1.0371208190917969e-05, 0.11370849609375, 1.392578125, 0.246826171875, 6.05078125, 8.296875, 12.5703125, 1.068359375, 0.0215606689453125, 1.430511474609375e-06, 0.60986328125, 1.080078125, 6.318092346191406e-06, 0.02679443359375, 1.0673828125, 3.083984375, 4.41796875, 0.0023040771484375, 2.134765625, 2.744140625, 2.9802322387695312e-06, 3.8125, 0.451904296875, 8.58306884765625e-06, 1.857421875, 0.45263671875, 6.58203125, 0.64404296875, 3.193359375, 0.5751953125, 1.166015625, 2.138671875, 6.01953125, 0.00757598876953125, 2.029296875, 7.015625, 5.265625, 0.4296875, 7.34375, 0.028656005859375, 6.71484375, 0.01438140869140625, 3.470703125, 6.12890625, 4.08984375, 3.279296875, 7.15234375, 9.0078125, 0.69482421875, 5.2578125, 0.37255859375, 4.68359375, 5.81640625, 2.04296875, 2.359375, 5.48046875, 0.03955078125, 0.154296875, 0.6904296875, 1.0728836059570312e-06, 1.7763671875, 1.44921875, 1.5020370483398438e-05, 0.64697265625, 2.259765625, 8.4765625, 4.046875, 15.21875, 3.130859375, 9.6171875, 1.943359375, 4.30859375, 10.2890625, 6.00390625, 2.103515625, 6.0390625, 0.60009765625, 3.947265625, 4.171875, 5.29296875, 0.9111328125, 2.5033950805664062e-06, 0.95751953125, 0.461669921875, 4.3359375, 10.7734375, 4.01171875, 0.1513671875, 4.7734375, 0.54296875, 8.796875, 0.14697265625, 10.65625, 0.06890869140625, 1.10546875, 0.058868408203125, 4.86328125, 0.09356689453125, 0.72119140625, 0.0226898193359375, 10.4453125, 1.212890625, 2.791015625, 10.015625, 6.17578125, 10.796875, 6.37890625, 0.492431640625, 10.234375, 8.8359375, 4.03125, 8.484375, 0.004550933837890625, 1.4189453125, 8.765625, 5.34375, 3.076171875, 5.96484375, 6.5078125, 0.01190185546875, 1.7265625, 2.119140625, 11.0234375, 1.7822265625, 0.0296630859375, 0.2763671875, 0.59375, 1.0728836059570312e-06, 2.79296875, 1.58984375, 1.6689300537109375e-05, 0.7421875, 0.187255859375, 4.82421875, 0.72119140625, 1.1630859375, 5.96484375, 1.2607421875, 5.9140625, 6.140625, 2.439453125, 3.9765625, 4.515625, 5.34765625, 0.10498046875, 1.400390625, 4.703125, 11.453125, 9.828125, 0.2059326171875, 1.7861328125, 8.8203125, 4.140625, 11.8203125, 8.265625, 5.15234375, 10.3125, 8.8515625, 4.3515625, 4.953125, 6.65625, 6.8515625, 1.537109375, 5.67578125, 0.07135009765625, 1.638671875, 3.51171875, 7.43359375, 7.234375, 0.2442626953125, 0.91259765625, 9.5367431640625e-07, 2.85546875, 1.4462890625, 2.014636993408203e-05, 0.0816650390625, 0.197998046875, 0.90185546875, 0.376708984375, 5.78515625, 0.71044921875, 3.615234375, 0.00310516357421875, 0.541015625, 4.984375, 7.28515625, 7.84765625, 2.05859375, 9.3046875, 3.076171875, 4.78515625, 5.0078125, 4.3359375, 4.1015625, 0.5927734375, 10.6328125, 0.47265625, 4.84765625, 4.3671875, 5.9375, 7.296875]",-0.42893694585828657
102,1,test,2.3965538612081985,1.022360575558651,1.353635178410635,4.095519274552977,1.7471326267762857,2.3132544832932913,10.985254364702243,7.0333669723188645,8.147767700949156,18.772922951885523,12.019462807155243,13.923884709603254,2.4568125872156727,0.9760182446775036,1.3858871630012761,3.639722351430626,1.4459529550777828,2.0531661674092976,11.667562869021149,7.271126298182549,8.749484157495491,17.285278324475776,10.772038960270443,12.962198751845172,2.4078795283933148,0.9803047971205872,1.3861103276588274,3.883676658698895,1.5811367695493344,2.2356618188045605,11.110376910274388,6.941799907346282,8.332271465387558,17.919962758507076,11.196451463461745,13.43914752481864,0.5829145728643217,0.0029145728643216184,0.0029145728643216184,0.4623115577889447,0.007311557788944767,-0.02268844221105526,0.36180904522613067,-0.00819095477386933,-0.013190954773869334,0.3939393939393939,0.11883623025301149,0.16324535679374386,0.4116022099447514,0.40703517587939697,0.11380209317263001,0.17331230442697632,0.4292929292929293,0.4046822742474916,0.13089262483179875,0.18443755789598992,0.41946308724832215,21.0,8.0,6.0,34.0,10.0,10.0,41.0,8.0,6.0,-6.45386702715045e-05,0.00019121994939617757,1.9711820466844412e-05,-0.022699501066620442,-0.030737482779896297,-0.02942877324522275,"[2.88671875, 2.212890625, 0.2330322265625, 0.0401611328125, 3.814697265625e-05, 1.2705078125, 0.01294708251953125, 0.01422119140625, 7.5859375, 0.771484375, 4.59375, 0.2467041015625, 4.25390625, 0.1580810546875, 0.85693359375, 0.40478515625, 0.037445068359375, 2.09375, 0.60302734375, 3.685546875, 0.028961181640625, 4.60546875, 3.51171875, 4.45703125, 6.41796875, 2.783203125, 1.5546875, 3.21875, 6.0859375, 1.197265625, 1.2666015625, 2.349609375, 2.62890625, 0.005279541015625, 2.123046875, 5.12890625, 0.9443359375, 0.2373046875, 0.99609375, 0.54150390625, 1.173828125, 0.0823974609375, 0.00501251220703125, 0.248291015625, 0.0121917724609375, 0.4375, 3.154296875, 1.8876953125, 5.17578125, 0.1005859375, 5.1171875, 3.87890625, 2.203125, 5.68359375, 2.1796875, 1.0234375, 1.44921875, 4.02734375, 0.2293701171875, 2.48828125, 0.103515625, 0.145263671875, 5.9375, 0.2333984375, 4.53515625, 3.06640625, 4.8203125, 0.323486328125, 1.0927734375, 6.484375, 0.045654296875, 4.75, 4.97265625, 0.048980712890625, 9.375, 0.7919921875, 0.75927734375, 1.3369140625, 0.94580078125, 0.0009126663208007812, 6.3046875, 4.53125, 0.474853515625, 6.41796875, 2.677734375, 5.28515625, 4.83984375, 5.13671875, 6.640625, 3.05078125, 0.2144775390625, 1.7578125, 0.0050811767578125, 0.00441741943359375, 0.65966796875, 3.046875, 1.4306640625, 2.857421875, 0.038482666015625, 5.640625, 2.603515625, 0.19970703125, 6.82421875, 3.73828125, 9.65625, 0.6494140625, 0.01177978515625, 0.0006351470947265625, 2.05078125, 7.83984375, 5.14453125, 2.318359375, 3.330078125, 6.24609375, 3.025390625, 0.7724609375, 4.984375, 0.69921875, 3.775390625, 1.650390625, 4.07421875, 0.10760498046875, 0.164306640625, 0.22314453125, 6.2734375, 0.2509765625, 0.0035877227783203125, 8.2109375, 7.15625, 4.1484375, 0.0263214111328125, 0.00899505615234375, 0.0014429092407226562, 0.2091064453125, 3.244140625, 0.1915283203125, 5.65234375, 1.3515625, 0.73095703125, 0.11102294921875, 2.703125, 0.1337890625, 1.0966796875, 0.853515625, 2.783203125, 0.1871337890625, 5.515625, 0.146240234375, 6.61328125, 0.291748046875, 0.79248046875, 3.8359375, 1.8955078125, 0.43310546875, 3.419921875, 1.6318359375, 2.556640625, 1.41015625, 2.291015625, 0.005832672119140625, 6.91796875, 0.1397705078125, 1.0205078125, 1.3916015625, 2.751953125, 0.89306640625, 3.68359375, 4.65234375, 1.306640625, 9.6640625, 0.039947509765625, 5.41796875, 6.88671875, 0.673828125, 6.08203125, 3.05859375, 7.24609375, 0.396728515625, 0.00042939186096191406, 5.49609375, 4.32421875, 4.28125, 4.3511390686035156e-05, 7.53515625, 0.1038818359375, 1.4638671875, 0.07647705078125, -0.0, 1.0728836059570312e-06, 0.00713348388671875, 4.7326087951660156e-05, 1.3113021850585938e-06, 0.0003542900085449219, 4.51171875, 5.24609375, 0.11932373046875, 1.3994140625, 8.1171875, 3.62890625, 5.00390625, 0.087158203125, 0.36865234375, 6.31640625, 3.763671875, 2.9921875, 0.94775390625, 1.3671875, 0.71630859375, 0.30810546875, 0.493896484375, 0.00024080276489257812, 3.90234375, 2.248046875, 3.98828125, 0.07159423828125, 0.505859375, 1.2119140625, 2.552734375, 3.515625, 0.286376953125, 0.12384033203125, 3.8046875, 4.87109375, 0.288818359375, 5.625, 0.01044464111328125, 2.828125, 1.0673828125, 2.263671875, 7.53515625, 0.5458984375, 0.156494140625, 2.283203125, 4.73046875, 0.425048828125, 0.98486328125, 7.17578125, 8.3515625, 3.751953125, 1.8671875, 4.91796875, 8.625, 1.1689453125, 1.6435546875, 5.4609375, 0.06292724609375, 1.341796875, 1.80078125, 0.0595703125, 4.57421875, 0.456787109375, 1.521484375, 2.2649765014648438e-06, 4.887580871582031e-06, 1.0371208190917969e-05, 6.556510925292969e-06, 2.384185791015625e-07, 1.6689300537109375e-05, 7.89453125, 10.1171875, 3.91796875, 0.0841064453125, 1.466796875, 0.299072265625, -0.0, 2.372264862060547e-05, 7.3909759521484375e-06, 2.384185791015625e-06, 1.5497207641601562e-06, 0.0009169578552246094, 3.44140625, 6.06640625, 4.53125, 0.1580810546875, 0.34765625, 8.4765625, 1.064453125, 8.3984375, 0.422119140625, 0.009490966796875, 0.755859375, 0.09716796875, 3.90234375, 3.935546875, 5.8125, 0.58740234375, 6.36328125, 4.4609375, 2.01171875, 1.896484375, 4.83984375, 2.369140625, 5.0546875, 0.515625, 1.130859375, 8.463859558105469e-06, 0.0002301931381225586, 5.4836273193359375e-06, 2.384185791015625e-06, 2.384185791015625e-07, 4.744529724121094e-05, 4.38671875, 7.62109375, 3.84765625, 0.8515625, 4.359375, 2.61328125, 7.03125, 1.126953125, 5.59765625, 5.89453125, 3.38671875, 5.05859375, 4.41796875, 1.572265625, 9.0859375, 0.67041015625, 0.5458984375, 0.367919921875, 2.2890625, 5.109375, 8.671875, 8.875, 1.7890625, 1.38671875, 1.662109375, 8.344650268554688e-07, 0.0001016855239868164, 5.4836273193359375e-06, 2.7418136596679688e-06, 8.344650268554688e-07, 4.684925079345703e-05, 5.69921875, 3.060546875, 0.1392822265625, 0.458740234375, 1.4501953125, -0.0, 7.128715515136719e-05, 2.86102294921875e-06, 9.5367431640625e-07, 8.821487426757812e-06, 4.6133995056152344e-05, 5.33984375, 6.046875, 0.10687255859375, 0.361083984375, 0.8974609375, -0.0, 0.0001901388168334961, 8.225440979003906e-06, 9.5367431640625e-07, 3.4570693969726562e-06, 0.00012767314910888672, 9.4296875, 0.74658203125, 0.27294921875, 0.73388671875, 8.84375, 0.1998291015625, 0.1881103515625, 2.6953125, 5.4765625]",-1.0880247482583543
483,1,test,3.1470824871212244,1.4264165362642494,1.9663570795456051,4.765157916820344,2.1598099440604903,2.9773614270478266,23.268080532379166,17.679831807968803,20.011344725329604,35.23138608912129,26.76993401112258,30.300196494484922,2.7379147293579638,1.1429752811758171,1.6381961948692538,3.829251369731418,1.598566826819325,2.291183489327628,15.45472418903648,10.526693527166918,12.451403615227868,21.614998865785285,14.72264828974394,17.414550510808205,3.0131807351192106,1.3635933628106292,1.887792237613853,4.497284679282403,2.0352139743442224,2.817600354647541,20.35203150413681,15.147199777808888,17.270617766177864,30.37616642408479,22.607760862401324,25.777041442056515,0.6080402010050252,-0.001959798994974782,-0.001959798994974782,0.4824120603015075,0.012412060301507544,0.002412060301507535,0.36180904522613067,-0.013190954773869334,-0.00819095477386933,0.41874999999999996,0.09737714508580342,0.1786252598752598,0.44200626959247646,0.3919597989949749,0.08870165363156635,0.15990637662435725,0.36868686868686873,0.4280936454849499,0.11757611626959097,0.19227607040152384,0.4429530201342282,17.0,4.0,4.0,28.0,6.0,6.0,35.0,5.0,6.0,-0.0003674235336754037,-0.0003822885255349957,-0.00026801406301962295,-0.011034497139378985,-0.00857474156313387,-0.01043245806132198,"[1.76953125, 4.3671875, 0.004657745361328125, 0.0254669189453125, 5.2890625, 6.18359375, 1.7685546875, 0.97216796875, 8.21875, 4.078125, 3.515625, 0.93701171875, 6.203125, 0.1787109375, 5.21875, 0.462158203125, 0.088623046875, 1.69921875, 5.49609375, 0.1962890625, 3.458984375, 0.06536865234375, 0.5322265625, 0.40283203125, 2.19140625, 1.6455078125, 0.01129913330078125, 1.5361328125, 3.15234375, 0.3759765625, 0.09393310546875, 4.1640625, 1.7509765625, 4.57421875, 2.970703125, 0.490966796875, 2.974609375, 0.2802734375, 9.9453125, 0.3134765625, 8.1484375, 2.158203125, 0.0125885009765625, 0.1727294921875, 1.7353515625, 7.328125, 0.44287109375, 14.234375, 2.306640625, 7.91796875, 2.1015625, 3.318359375, 0.77197265625, 0.79296875, 10.8046875, 0.395263671875, 0.03851318359375, 1.1708984375, 2.703125, 1.8759765625, 1.8134765625, 9.1875, 0.045379638671875, 3.673828125, 3.341796875, 2.19921875, 7.140625, 2.90234375, 0.35107421875, 5.2265625, 1.0693359375, 2.060546875, 6.6796875, 0.52587890625, 5.41796875, 0.017303466796875, 1.38671875, 8.34375, 2.7265625, 7.91796875, 7.171875, 2.134765625, 0.304443359375, 7.875, 7.6640625, 1.701171875, 1.8232421875, 5.85546875, 6.14453125, 0.174072265625, 5.8828125, 4.39453125, 1.974609375, 3.02734375, 0.0011539459228515625, 5.3359375, 1.4521484375, 0.1385498046875, 0.0025482177734375, 1.8477439880371094e-05, 0.00458526611328125, 4.3828125, 5.2265625, 0.158447265625, 0.00266265869140625, 0.056640625, 0.00043487548828125, 4.359375, 2.509765625, 1.3271484375, 5.7578125, 4.0234375, 0.063232421875, 1.8173828125, 5.05859375, 2.599609375, 9.859375, 2.982421875, 5.05859375, 0.0180206298828125, 0.07855224609375, 0.1329345703125, 0.004039764404296875, 0.68017578125, 1.4306640625, 5.109375, 1.7822265625, 3.923828125, 4.21484375, 4.54296875, 9.90625, 0.2344970703125, 1.458984375, 6.31640625, 0.265380859375, 2.685546875, 4.06640625, 0.216796875, 3.146484375, 6.3515625, 0.10479736328125, 8.890625, 0.209716796875, 7.8125, 0.260986328125, 4.1640625, 8.734375, 1.9755859375, 0.29931640625, 4.21875, 1.0791015625, 0.2122802734375, 4.43359375, 2.498046875, 9.5390625, 2.19921875, 0.8935546875, 3.765625, 1.0400390625, 1.6884765625, 3.595703125, 5.35546875, 5.02734375, 1.89453125, 0.05804443359375, 7.13671875, 1.9404296875, 2.3984375, 6.3359375, 0.203857421875, 0.074462890625, 2.197265625, 4.09375, 2.828125, 2.064453125, 0.0748291015625, 0.0693359375, 0.0013256072998046875, 0.0005397796630859375, 0.01605224609375, 0.004894256591796875, 0.0014276504516601562, 0.002864837646484375, 0.005558013916015625, 0.0261688232421875, 0.00012934207916259766, 0.0031299591064453125, 0.06256103515625, 3.933906555175781e-06, 8.344650268554688e-07, 9.691715240478516e-05, 3.4332275390625e-05, 6.961822509765625e-05, 0.513671875, 3.638671875, 5.671875, 0.291259765625, 2.67578125, 10.2578125, 1.9912109375, 7.53515625, 8.53125, 0.96044921875, 1.77734375, 6.27734375, 7.19921875, 0.325927734375, 2.2109375, 0.57373046875, 0.51611328125, 2.73046875, 5.40625, 3.46484375, 6.71875, 0.27734375, 4.8125, 0.69091796875, 2.587890625, 0.0016813278198242188, 7.09375, 0.28076171875, 2.439453125, 3.66015625, 4.08203125, 5.3671875, 0.94921875, 2.548828125, 0.150146484375, 4.33203125, 1.9658203125, 5.87109375, 0.12127685546875, 6.63671875, 0.6728515625, 0.255615234375, 8.6796875, 4.35546875, 1.1640625, 0.289306640625, 1.576171875, 5.71484375, 0.424560546875, 2.498046875, 0.320556640625, 7.17578125, 4.7265625, 5.43359375, 3.005859375, 8.265625, 3.490234375, 1.056640625, 3.15625, 7.85546875, 1.693359375, 5.24609375, 6.39453125, 3.1171875, 0.2486572265625, 3.90625, 0.54541015625, 2.400390625, 1.689453125, 2.255859375, 2.435546875, 4.3828125, 8.5078125, 0.0005288124084472656, 1.7177734375, 5.66796875, 4.9921875, 9.7734375, 3.294921875, 1.7568359375, 8.046875, 0.0148773193359375, 6.73046875, 4.55859375, 3.47265625, 3.544921875, 5.02734375, 6.43359375, 2.66015625, 2.869140625, 5.859375, 2.2421875, 1.826171875, 7.83203125, 4.3203125, 4.15234375, 5.42578125, 7.15234375, 1.861328125, 6.38671875, 0.9755859375, 5.11328125, 1.1201171875, 1.2138671875, 0.392333984375, 7.97265625, 5.71484375, 7.33984375, 1.5966796875, 4.25, 9.15625, 7.359375, 8.875, 1.52734375, 3.513671875, 2.408203125, 8.125, 5.40234375, 0.2041015625, 7.83203125, 2.0859375, 8.3046875, 0.53564453125, 8.2890625, 4.28125, 7.26953125, 0.08160400390625]",-1.4251707401126623
437,1,test,2.343025306267525,0.9673600069777932,1.3891506443391688,4.287576920992954,1.7702030059661662,2.5420511790968465,10.412690537733445,6.45498162957988,7.816942692913871,19.05451533775712,11.81217726773461,14.304473363223345,2.349928225704174,0.9200603882751273,1.326008659007004,3.982929196108769,1.5594243869069953,2.2474723034017012,10.484817157352065,6.306670196564317,7.700731341387076,17.770876537884856,10.689271519600538,13.052087019300128,2.343025306267525,0.9673600069777932,1.3891506443391688,4.287576920992954,1.7702030059661662,2.5420511790968465,10.412690537733445,6.45498162957988,7.816942692913871,19.05451533775712,11.81217726773461,14.304473363223345,0.5477386934673367,-0.017261306532663223,-0.01226130653266333,0.44723618090452266,0.002236180904522711,0.002236180904522711,0.33668341708542715,-0.008316582914572823,-0.013316582914572828,0.39925373134328357,0.12044332242135047,0.17029333530367963,0.38951310861423216,0.4170854271356784,0.13458542713567845,0.18247644211072,0.4191919191919192,0.39925373134328357,0.12044332242135047,0.17029333530367963,0.38951310861423216,18.0,2.0,3.0,29.0,5.0,4.0,39.0,6.0,6.0,0.00016877364255187517,0.00019327909394308072,-9.316708801533943e-06,-0.016404024059704092,-0.014421423733529615,-0.015525626280724403,"[10.625, 5.5546875, 1.4697265625, 0.93701171875, 0.96484375, 4.87109375, 1.708984375, 0.07733154296875, 1.373046875, 0.04669189453125, 3.525390625, 0.005916595458984375, 7.8828125, 2.74609375, 0.654296875, 0.01531982421875, 0.310302734375, 0.0172576904296875, 0.17578125, 0.29736328125, 0.2261962890625, 0.01351165771484375, 0.273193359375, 3.744140625, 0.0728759765625, 2.703125, 2.990234375, 0.323486328125, 3.53515625, 5.0625, 3.46875, 0.7431640625, 0.95361328125, 0.050537109375, 6.6484375, 6.21484375, 3.291015625, 2.083984375, 3.2109375, 0.640625, 5.109375, 0.59375, 0.1759033203125, 0.035125732421875, 0.005779266357421875, 0.0002849102020263672, 1.9375, 4.69140625, 0.3134765625, 0.8994140625, 0.82861328125, 0.027099609375, 3.9765625, 2.3828125, 6.2109375, 0.352294921875, 4.046875, 5.8359375, 1.0693359375, 1.5458984375, 1.73828125, 2.75390625, 6.19140625, 2.76953125, 2.771484375, 5.89453125, 1.0458984375, 6.58984375, 0.09112548828125, 2.47265625, 4.1796875, 3.220703125, 3.486328125, 0.270751953125, 0.0033245086669921875, 9.40625, 2.322265625, 4.12890625, 1.3203125, 0.60302734375, 5.71484375, 3.8046875, 2.830078125, 8.3984375, 0.0330810546875, 0.5498046875, 0.4716796875, 0.08380126953125, 0.1728515625, 0.057159423828125, 0.00032019615173339844, 1.3046875, 7.97265625, 0.08343505859375, 0.252197265625, 1.6279296875, 0.0135345458984375, 0.473388671875, 1.0986328125, 1.1240234375, 3.537109375, 2.287109375, 2.640625, 0.08416748046875, 5.6015625, 3.29296875, 1.85546875, 9.625, 0.1290283203125, 1.634765625, 2.9921875, 0.6865234375, 0.411376953125, 0.306396484375, 0.74658203125, 4.5, 3.962890625, 11.7578125, 0.263427734375, 1.326171875, 9.953125, 3.68359375, 4.703125, 0.7060546875, 0.3349609375, 6.8203125, 4.0078125, 3.443359375, 5.5546875, 0.49609375, 3.2109375, 4.015625, 0.89208984375, 0.03338623046875, 3.40625, 3.818359375, 4.57421875, 3.919921875, 4.359375, 0.291015625, 0.1297607421875, 8.171875, 0.47216796875, 1.078125, 0.0582275390625, 0.17236328125, 1.9073486328125e-05, 0.007152557373046875, 0.00013196468353271484, 2.9802322387695312e-06, 8.7578125, 0.162109375, 1.2080078125, 7.91015625, 0.014923095703125, 0.8505859375, 2.17578125, 0.642578125, 2.4765625, 0.0117645263671875, 3.359375, 3.35546875, 5.18359375, 0.31982421875, 0.93603515625, 0.09039306640625, 5.75, 0.00543975830078125, 0.100830078125, 4.68359375, 7.76171875, 4.125, 1.0205078125, 0.81982421875, 1.564453125, 0.08331298828125, 0.005382537841796875, 1.189453125, 10.9375, 0.03265380859375, 3.455078125, 1.4404296875, 5.109375, 2.892578125, 2.4375, 0.8564453125, 0.73681640625, 3.36328125, 0.55126953125, 0.28076171875, 3.169921875, 0.38427734375, 2.31640625, 0.26611328125, 0.908203125, 0.00017547607421875, 0.437255859375, 0.01035308837890625, 3.177734375, 0.365478515625, 4.2890625, 3.1875, 0.61767578125, 0.0298004150390625, 6.11328125, 1.9296875, 2.73046875, 0.1507568359375, 1.5107421875, 0.333251953125, 1.009765625, 12.1171875, 0.09918212890625, 0.0019683837890625, 1.25, 2.021484375, 0.117431640625, 1.5517578125, 0.87255859375, 2.654296875, 5.05859375, 1.9169921875, 0.087890625, 3.21875, 6.81640625, 0.2216796875, 0.07098388671875, 1.2548828125, 8.45193862915039e-05, 3.296875, 0.01546478271484375, 1.681640625, 0.0018177032470703125, 0.03106689453125, 2.892578125, 6.9296875, 1.6044921875, 2.30859375, 0.0950927734375, 0.63427734375, 2.2421875, 4.83984375, 0.28125, 2.373046875, 1.5537109375, 2.904296875, 2.07421875, 2.014636993408203e-05, 0.1605224609375, 0.00959014892578125, 2.724609375, 3.3828125, 4.9765625, 6.16015625, 0.8056640625, 2.025390625, 0.163330078125, 0.051055908203125, 0.54248046875, 5.46875, 0.06317138671875, 7.5625, 0.0009326934814453125, 1.052734375, 9.5078125, 5.99609375, 6.25390625, 3.50390625]",-0.8473142590095746
171,1,test,3.690733213244744,1.6303502770598302,2.306335593753205,5.774911968959422,2.5510186688112633,3.608736870225603,40.07421913617896,32.225244244773975,36.081798911981785,62.70436641308002,50.423029230058106,56.45740300345385,3.573557932772229,1.50168426403226,2.1492860532815214,5.497781435034198,2.3102834831265535,3.3065939281254173,35.64318386945095,27.703498338984847,31.488352346368565,54.835667491463,42.6207666753613,48.44361899441317,3.690733213244744,1.6303502770598302,2.306335593753205,5.774911968959422,2.5510186688112633,3.608736870225603,40.07421913617896,32.225244244773975,36.081798911981785,62.70436641308002,50.423029230058106,56.45740300345385,0.7587939698492463,0.0037939698492462925,0.013793969849246301,0.5628140703517588,-0.017185929648241283,-0.022185929648241176,0.4773869346733668,0.007386934673366818,0.03238693467336684,0.4528301886792453,0.1326795295455353,0.1981250443881537,0.43181818181818177,0.42211055276381915,0.10882734474376898,0.1650153941661564,0.398989898989899,0.4528301886792453,0.1326795295455353,0.1981250443881537,0.43181818181818177,24.0,10.0,10.0,37.0,13.0,12.0,43.0,8.0,8.0,-0.00041726671742297683,8.354529241448434e-05,0.0003254981576896249,-0.0001486651793047855,0.00023534568223659846,7.884916357880911e-05,"[4.2109375, 11.1640625, 0.80517578125, 1.25, 1.3857421875, 0.44775390625, 11.3671875, 8.1484375, 5.296875, 0.2269287109375, 2.2578125, 1.7373046875, 1.541015625, 4.0703125, 2.11328125, 1.4658203125, 7.14453125, 0.019195556640625, 7.671875, 0.62939453125, 0.8876953125, 0.7294921875, 8.265625, 2.28515625, 2.98046875, 4.62109375, 2.8828125, 5.12890625, 0.47216796875, 3.111328125, 7.21484375, 3.314453125, 4.6953125, 6.2734375, 7.0, 0.44580078125, 1.419921875, 0.5712890625, 5.42578125, 2.265625, 2.98046875, 0.72607421875, 13.3828125, 0.75537109375, 8.9140625, 6.828125, 3.783203125, 8.2578125, 4.875, 0.71875, 0.276611328125, 6.921875, 6.96484375, 3.390625, 1.3447265625, 7.5078125, 1.294921875, 2.82421875, 1.52734375, 6.76953125, 12.0703125, 3.9375, 6.84765625, 4.921875, 9.3125, 4.71875, 5.33203125, 7.453125, 4.57421875, 0.82763671875, 3.693359375, 1.2548828125, 6.71875, 8.2890625, 0.56982421875, 1.3955078125, 7.45703125, 0.3974609375, 0.560546875, 5.2578125, 3.2109375, 0.98583984375, 6.26953125, 4.8984375, 4.46875, 0.017120361328125, 11.3671875, 4.6640625, 6.87890625, 2.697265625, 6.68359375, 0.03497314453125, 11.046875, 1.91015625, 1.98828125, 0.0005202293395996094, 0.5478515625, 1.423828125, 3.064453125, 12.7265625, 1.501953125, 7.16796875, 3.921875, 3.69140625, 0.0643310546875, 1.8193359375, 0.626953125, 4.05859375, 4.0859375, 1.408203125, 1.31640625, 9.21875, 1.0517578125, 7.50390625, 2.87109375, 1.302734375, 5.7890625, 7.21484375, 0.7724609375, 0.12384033203125, 2.111328125, 4.1640625, 2.779296875, 1.5478515625, 9.84375, 1.4453125, 4.1328125, 1.7490234375, 5.4453125, 7.68359375, 0.30126953125, 0.01461029052734375, 3.037109375, 1.05859375, 0.0328369140625, 0.18017578125, 0.406005859375, 1.634765625, 0.0010166168212890625, 3.708984375, 4.89453125, 1.1171875, 2.31640625, 7.37109375, 0.16064453125, 0.301025390625, 0.0030117034912109375, 0.02734375, 2.9921875, 4.16015625, 1.0556640625, 5.22265625, 0.25048828125, 0.81298828125, 8.2421875, 1.0224609375, 2.943359375, 6.37890625, 6.26953125, 4.30859375, 1.708984375, 6.0703125, 0.91064453125, 7.5, 3.99609375, 2.552734375, 1.7216796875, 2.759765625, 4.61328125, 10.1015625, 2.333984375, 1.216796875, 2.494140625, 3.564453125, 0.326171875, 1.232421875, 1.755859375, 5.90625, 0.265380859375, 4.33984375, 0.399658203125, 8.8359375, 1.4482421875, 0.4130859375, 5.95703125, 4.66015625, 1.880859375, 3.654296875, 2.181640625, 2.91015625, 0.42529296875, 0.0012025833129882812, 0.0018758773803710938, 0.3359375, 10.1171875, 0.185546875, 1.859375, 3.30859375, 5.78515625, 0.377685546875, 0.491943359375, 0.216064453125, 0.93994140625, 0.56201171875, 2.197265625, 5.7734375, 4.35546875, 10.0078125, 8.0859375, 1.904296875, 2.732421875, 2.052734375, 5.546875, 4.25390625, 0.966796875, 9.8203125, 0.05731201171875, 1.7470703125, 5.01953125, 0.85205078125, 6.4296875, 3.546875, 2.8125, 2.498046875, 7.98046875, 1.0634765625, 3.736328125, 5.8828125, 4.19921875, 4.3828125, 3.47265625, 5.37109375, 9.3046875, 4.765625, 0.58203125, 4.640625, 0.060272216796875, 11.671875, 2.171875, 4.2421875, 5.33203125, 7.515625, 0.12255859375, 8.3203125, 3.140625, 6.3671875, 6.26953125, 8.25, 0.6875, 5.40234375, 1.1689453125, 4.3125, 4.35546875, 1.458984375, 6.48828125, 0.4599609375, 6.94921875, 6.34765625, 1.3330078125, 9.1875, 2.638671875, 1.7705078125, 4.15625, 4.984375, 4.4140625]",-0.6869952489744944
367,1,test,3.2829050491596092,1.3248545250586146,1.8800769464845564,5.825154690886867,2.3508089438540045,3.3359901916280843,26.653088875292312,19.567588295569387,22.586404154196163,47.29298087018331,34.72053776835787,40.077095176043194,3.1920858070478966,1.1103136236320128,1.6405532917465664,5.410314927199825,1.8818874976813778,2.7805987995704515,24.339141287498464,16.320474409156912,19.620445169246896,41.25278184321774,27.661821032469348,33.25499181228288,3.2829050491596092,1.3248545250586146,1.8800769464845564,5.825154690886867,2.3508089438540045,3.3359901916280843,26.653088875292312,19.567588295569387,22.586404154196163,47.29298087018331,34.72053776835787,40.077095176043194,0.6783919597989949,-0.0016080402010050232,0.008391959798994986,0.5527638190954773,-0.0072361809045227155,-0.017236180904522724,0.46733668341708545,-0.01266331658291453,-0.01266331658291453,0.4379310344827586,0.10402397768413552,0.16843562163872194,0.44982698961937717,0.457286432160804,0.11392803617082903,0.15678559743626308,0.43939393939393945,0.4379310344827586,0.10402397768413552,0.16843562163872194,0.44982698961937717,20.0,7.0,8.0,36.0,14.0,14.0,45.0,13.0,13.0,0.00015189826312826272,0.00012323041093658857,-0.00019653066331227952,-0.00032191322581809345,0.00013850755599076336,-8.764760639934366e-06,"[1.783203125, 4.34765625, 0.00472259521484375, 0.0274505615234375, 9.203125, 5.07421875, 5.5078125, 0.42919921875, 1.3232421875, 3.2890625, 1.49609375, 0.50048828125, 3.068359375, 4.2734375, 2.904296875, 0.2442626953125, 0.99658203125, 1.0615234375, 0.51806640625, 0.42578125, 0.159912109375, 8.890625, 1.9853515625, 5.15625, 3.66796875, 7.796875, 2.9140625, 2.47265625, 5.37109375, 5.34375, 2.3828125, 4.8984375, 1.9169921875, 9.53125, 6.80078125, 4.94921875, 7.00390625, 4.72265625, 0.0107269287109375, 5.56640625, 3.271484375, 5.55078125, 4.97265625, 1.814453125, 1.8466796875, 0.0128021240234375, 0.7236328125, 4.41015625, 3.349609375, 1.11328125, 2.33203125, 0.1533203125, 1.466796875, 4.2734375, 5.58984375, 3.865234375, 4.140625, 6.765625, 1.3935546875, 2.25, 4.5859375, 0.017913818359375, 2.646484375, 0.159423828125, 2.859375, 6.2578125, 0.41552734375, 8.8515625, 2.123046875, 3.060546875, 0.0158843994140625, 1.5087890625, 0.007450103759765625, 0.99267578125, 3.58984375, 1.228515625, 5.07421875, 9.0625, 4.50390625, 12.96875, 0.406005859375, 3.01953125, 0.1900634765625, 1.6533203125, 0.6533203125, 6.5703125, 0.005130767822265625, 1.796875, 1.3076171875, 5.0546875, 1.2529296875, 3.80859375, 3.28125, 10.4296875, 3.568359375, 0.4482421875, 7.33203125, 4.98828125, 8.09375, 10.578125, 0.0982666015625, 8.09375, 4.40234375, 6.38671875, 3.26953125, 3.697265625, 3.421875, 0.57470703125, 4.984375, 0.341552734375, 0.0521240234375, 0.0006513595581054688, 0.3740234375, 0.005321502685546875, 0.025146484375, 0.1163330078125, 4.59765625, 1.341796875, 6.03515625, 7.609375, 6.26171875, 4.79296875, 11.8359375, 3.294921875, 2.552734375, 2.931640625, 9.265625, 5.76171875, 1.0166015625, 5.921875, 0.002674102783203125, 6.05078125, 0.2841796875, 5.75390625, 5.1140785217285156e-05, 0.2822265625, 0.1387939453125, 4.22265625, 0.1695556640625, 0.95947265625, 2.091796875, 1.607421875, 5.390625, 0.263916015625, 4.54296875, 0.443603515625, 6.3203125, 6.7109375, 2.22265625, 7.2578125, 2.34765625, 1.1953125, 7.10546875, 0.0849609375, 5.74609375, 3.80859375, 3.630859375, 0.3310546875, 0.97998046875, 7.62939453125e-05, 0.05413818359375, 0.166748046875, 3.349609375, 0.01043701171875, 2.998046875, 0.404541015625, 1.23046875, 0.018310546875, 4.234375, 5.68359375, 8.703125, 2.486328125, 0.1219482421875, 5.39453125, 0.7109375, 0.055328369140625, 12.15625, 0.34033203125, 4.44921875, 4.83984375, 0.81884765625, 1.8994140625, 5.7816505432128906e-05, 0.04632568359375, 4.23046875, 6.0558319091796875e-05, 0.01142120361328125, 0.1646728515625, 4.046875, 9.15625, 0.0145721435546875, 7.80859375, 0.004566192626953125, 2.123046875, 4.140625, 0.427734375, 5.05078125, 0.5625, 9.453125, 2.13671875, 1.2119140625, 5.11328125, 10.125, 0.30615234375, 5.30859375, 4.69921875, 0.0799560546875, 1.3935546875, 0.00015878677368164062, 0.15283203125, 0.322265625, 2.337890625, 9.234375, 0.86328125, 2.873046875, 6.21875, 5.328125, 2.04296875, 2.001953125, 0.95751953125, 7.54296875, 9.71875, 0.779296875, 7.01953125, 3.83203125, 0.3466796875, 0.0289764404296875, 3.271484375, 7.78125, 0.9189453125, 8.125, 0.80615234375, 0.75830078125, 4.02734375, 3.1875, 1.0380859375, 2.865234375, 1.5205078125, 4.30859375, 0.311767578125, 2.57421875, 0.0046844482421875, 2.787109375, 1.1484375, 1.5974044799804688e-05, 0.261962890625, 0.314208984375, 1.8427734375, 0.00048732757568359375, 9.3515625, 0.9765625, 3.4921875, 2.08203125, 6.9453125, 4.03515625, 5.1015625, 11.46875, 4.875, 2.685546875, 5.453125, 4.796875, 0.1395263671875, 5.83984375, 2.197265625, 7.73046875, 2.451171875, 6.796875, 11.4296875, 7.1484375, 0.65283203125, 3.529296875, 0.0087890625, 3.896484375, 2.935546875, 2.1171875, 0.2315673828125, 4.9375, 12.671875, 0.7578125, 5.05078125, 1.6806640625, 0.2646484375, 1.18359375, 8.2578125, 5.90625, 0.74609375, 0.10150146484375, 7.2265625, 3.6171875, 3.37890625]",-0.7966423560833107
257,1,test,3.0755593232844833,1.4078216845673412,1.654079884994032,5.816818720125001,2.6626192729860585,3.1283684781408865,21.661994581704935,16.361831242944998,17.518748997292818,40.96942453496368,30.945202568178583,33.1332861470538,4.062990370108254,1.9226476627850033,2.631859292778074,6.25075441555116,2.957919481207697,4.049014296581652,58.14793519665885,49.64558424907448,53.96450689882191,89.45836184101361,76.37782192165304,83.02231830587985,3.3600714186760894,1.5806264329997999,2.146803906545564,6.222354479029795,2.927085987036666,3.9755627898991928,28.791247038564173,22.86468086207268,25.426786912752494,53.3171241454892,42.34200159643089,47.08664243102314,0.7487437185929648,-0.011256281407035162,-0.0012562814070351536,0.6432160804020101,0.00821608040201005,0.00821608040201005,0.5477386934673367,-0.002261306532663321,0.0027386934673367946,0.41013824884792627,0.11899900834159716,0.14523111297304847,0.3464203233256351,0.44723618090452266,0.11640911323534975,0.19014102230685992,0.4292929292929293,0.4147157190635451,0.11922323158441317,0.19113396155520246,0.3557046979865772,24.0,1.0,1.0,34.0,0.0,0.0,42.0,-1.0,-1.0,-0.00026115856948391087,0.0012127032907740263,0.0005557212428481176,-0.028429429950214136,-0.03733831646555963,-0.03407021134986721,"[6.39453125, 4.48046875, 0.77587890625, 9.5546875, 7.06640625, 3.619140625, 8.234375, 8.5078125, 9.359375, 5.23046875, 1.685546875, 1.7666015625, 8.5234375, 6.97265625, 2.873046875, 3.62890625, 11.078125, 5.4140625, 2.103515625, 3.8125, 6.63671875, 5.30078125, 9.1875, 0.1204833984375, 0.193115234375, 7.21484375, 0.83349609375, 2.357421875, 1.515625, 0.03759765625, 1.599609375, 8.390625, 0.802734375, 0.03271484375, 1.759765625, 1.044921875, 3.251953125, 7.54296875, 7.63671875, 3.849609375, 5.7578125, 2.62890625, 1.6513671875, 3.236328125, 1.921875, 0.88330078125, 5.24609375, 6.5546875, 8.28125, 0.35205078125, 2.64453125, 0.74609375, 0.0013628005981445312, 10.734375, 0.2274169921875, 9.765625, 6.265625, 0.405517578125, 1.1796875, 0.30126953125, 3.244140625, 0.0740966796875, 0.47900390625, 1.3916015625, 6.3359375, 0.358642578125, 7.19921875, 5.29296875, 7.26953125, 0.59619140625, 0.09490966796875, 6.0677528381347656e-05, 7.02734375, 6.26171875, 0.4423828125, 2.830078125, 2.720703125, 0.01556396484375, 0.133544921875, 1.7998046875, 0.038330078125, 7.13671875, 2.15234375, 0.400634765625, 4.359375, 3.44921875, 0.04693603515625, 4.05859375, 0.00029659271240234375, 5.9375, 3.154296875, 6.51953125, 0.0697021484375, 3.162109375, 0.275146484375, 6.89453125, 1.091796875, 4.5859375, 0.12152099609375, 3.921875, 2.3828125, 8.1953125, 0.70947265625, 1.9873046875, 4.4296875, 0.1318359375, 1.5556640625, 9.359375, 0.99560546875, 12.9921875, 3.7734375, 6.55078125, 0.004608154296875, 1.5166015625, 7.85546875, 0.395751953125, 5.59375, 1.65625, 0.70947265625, 12.828125, 0.456787109375, 3.654296875, 5.14453125, 5.796875, 0.10833740234375, 0.90625, 0.315673828125, 6.01953125, 3.154296875, 0.4755859375, 4.4375, 4.9375, 3.78515625, 3.7421875, 10.578125, 6.75, 10.1875, 4.20703125, 1.806640625, 2.001953125, 5.390625, 8.84375, 9.0078125, 4.953125, 7.0703125, 3.298828125, 13.9921875, 4.74609375, 1.99609375, 9.8984375, 8.8046875, 8.1875, 10.4921875, 5.484375, 11.953125, 2.251953125, 9.0859375, 0.261962890625, 0.0399169921875, 8.1953125, 6.92578125, 2.267578125, 15.6875, 1.771484375, 2.705078125, 5.5234375, 7.98828125, 6.08984375, 5.07421875, 5.1484375, 1.486328125, 5.00390625, 1.8642578125, 0.89501953125, 6.8828125, 0.0269775390625, 0.01250457763671875, 4.09375, 4.54296875, 5.9375, 0.01058197021484375, 2.560546875, 9.125, 3.0234375, 3.37109375, 2.302734375, 1.0947265625, 2.75390625, 4.56640625, 0.888671875, 2.578125, 1.6396484375, 5.15234375, 3.357421875, 0.1004638671875, 5.546875, 2.48046875, 0.136962890625, 3.375, 5.51953125, 0.9736328125, 0.49658203125, 0.94140625, 0.392822265625, 7.164478302001953e-05, 0.496337890625, 0.00301361083984375, 0.008758544921875, 0.0003371238708496094, 9.012222290039062e-05, 0.055419921875, 0.005107879638671875, 0.0013208389282226562, 0.0011053085327148438, 2.90234375, 6.6015625, 6.07421875, 2.138671875, 0.0017747879028320312, 6.37890625, 9.625, 0.01110076904296875, 6.734375, 0.0018739700317382812, 0.0002053976058959961, 1.916015625, 12.3125, 11.28125, 1.2431640625, 12.640625, 7.4296875, 1.2197265625, 6.70703125, 2.15234375, 1.7041015625, 3.078125, 1.7404556274414062e-05, 2.837890625, 0.0006890296936035156, 0.00263214111328125, 0.006214141845703125, 0.00788116455078125, 9.655952453613281e-06, 0.003963470458984375, 0.0178070068359375, 9.107589721679688e-05, 0.08905029296875, 3.0994415283203125e-05, 3.135204315185547e-05, 0.0126495361328125, 0.146240234375, 0.09637451171875, 0.0179595947265625, 0.55615234375, 0.00665283203125, 0.005847930908203125, 0.004665374755859375, 0.026641845703125, 1.361328125, 2.626953125, 9.1875, 0.0120086669921875, 0.01971435546875, 0.02130126953125, 8.8203125, 0.0858154296875, 3.505859375, 1.0546875, 1.1875, 0.9287109375, 1.25390625, 0.33349609375, 3.349609375, 1.728515625, 0.053436279296875, 3.841796875, 0.09515380859375, 0.473388671875, 2.541015625, 0.0208740234375, 8.666515350341797e-05, 0.0009975433349609375, 0.0013103485107421875, 0.0003192424774169922, 5.8984375, 3.560546875, 5.96484375, 5.12890625, 1.7705078125, 3.1015625, 1.6650390625, 3.666015625, 0.2069091796875, 4.76953125, 4.0546875, 2.611328125, 1.7802734375, 2.515625, 2.576171875, 5.578125, 3.587890625, 0.022918701171875, 8.734375, 3.478515625, 1.337890625, 0.004154205322265625, 5.36328125, 2.623046875, 0.56787109375, 2.685546875, 6.16796875, 1.3544921875, 3.3984375, 0.87109375, 1.2705078125, 0.07537841796875, 5.352497100830078e-05, 2.673828125, 6.5078125, 4.2890625, 3.4570693969726562e-06, 7.212162017822266e-05, 0.1500244140625, 2.541015625, 5.4001808166503906e-05, 2.7418136596679688e-06, 0.00023472309112548828, 4.76837158203125e-06, 9.5367431640625e-07, 4.76837158203125e-07, 6.198883056640625e-06, 0.97705078125, 0.1319580078125, 6.46875, 2.361328125, 2.615234375, 0.340576171875, 1.4892578125, 0.2734375, 0.65576171875, 0.06292724609375, 1.4951171875, 2.10546875, 0.20751953125, 9.609375, 0.0584716796875, 0.38037109375, 0.0274810791015625, 1.78515625, 3.1015625, 5.78515625, 6.51171875, 7.8671875, 0.67626953125, 1.701171875, 5.37109375, 6.7109375, 3.62109375, 1.908203125, 1.4765625, 9.59375, 4.6796875, 2.68359375, 0.6982421875, 10.265625, 6.49609375, 3.423828125, 7.16015625, 1.3876953125, 0.2174072265625, 6.90625, 0.004673004150390625, 0.041259765625, 2.26171875, 4.05078125, 4.59375, 0.6904296875, 3.1171875, 3.416015625, 0.53271484375, 2.521484375, 4.171875, 0.267578125, 0.5400390625, 3.00390625, 5.91015625, 2.083984375, 0.007537841796875, 0.9853515625, 3.74609375, 12.0390625, 0.0177001953125, 1.3359375, 0.9619140625, 0.2120361328125, 1.3193359375, 5.3515625, 1.677734375, 0.177734375, 0.040985107421875, 0.2386474609375, 0.0006122589111328125, 6.318092346191406e-06, 0.0002522468566894531, 5.0067901611328125e-06, 3.5762786865234375e-07, -0.0, 2.7179718017578125e-05, 0.966796875, 0.301513671875, 8.28125, 8.796875, 3.857421875, 1.4189453125, 3.322265625, 0.01593017578125, 0.177978515625, 0.179931640625, 3.572265625, 5.11328125, 1.0634765625, 0.01198577880859375, 5.55078125, 3.865234375, 0.0745849609375, 2.5625, 2.04296875, 5.1953125, 3.6015625, 6.0546875, 0.0026607513427734375, 0.8037109375, 3.244140625, 0.0014476776123046875]",-1.110175902393007
414,1,test,2.8759441012516618,1.2345671355597254,1.7320882282304493,5.642119343676924,2.42201338808282,3.398066218742179,17.742166618623624,12.579893725400876,14.603318557734678,34.80715130523872,24.67963883532844,28.64925854456346,3.038472874679757,1.2430189796749875,1.7496296359877044,5.064121457799596,2.071698299458313,2.916049393312841,20.873342673100222,14.851135121623457,17.244755954702146,34.788904455167035,24.75189186937243,28.741259924503577,2.8759441012516618,1.2345671355597254,1.7320882282304493,5.642119343676924,2.42201338808282,3.398066218742179,17.742166618623624,12.579893725400876,14.603318557734678,34.80715130523872,24.67963883532844,28.64925854456346,0.6884422110552764,0.02344221105527633,0.008442211055276427,0.5125628140703518,0.007562814070351753,0.002562814070351749,0.40703517587939697,0.012035175879396953,0.012035175879396953,0.39453125,0.09433631822612087,0.15557021103896107,0.4,0.40201005025125625,0.10125817055200814,0.1432454425717905,0.4292929292929293,0.39453125,0.09433631822612087,0.15557021103896107,0.4,20.0,8.0,8.0,32.0,14.0,14.0,41.0,13.0,14.0,0.00032891789268893197,0.0001496956167207748,-0.00012944569250836029,-8.629588256159337e-05,-0.00014530477676810705,0.00011039017629776993,"[1.783203125, 4.34765625, 0.00472259521484375, 0.0274505615234375, 3.205078125, 7.53125, 3.69921875, 0.09478759765625, 2.0, 5.3359375, 0.058990478515625, 0.075439453125, 0.0249176025390625, 0.36083984375, 0.0243377685546875, 0.3935546875, 0.00545501708984375, 0.01450347900390625, 12.609375, 5.52734375, 6.4765625, 3.046875, 0.412353515625, 4.6796875, 3.650390625, 1.744140625, 5.32421875, 1.16796875, 0.791015625, 1.787109375, 0.51806640625, 0.1436767578125, 0.50537109375, 4.31640625, 1.4912109375, 6.578125, 0.06744384765625, 2.966796875, 0.5625, 1.1923828125, 3.3515625, 1.333984375, 0.0280609130859375, 5.37890625, 2.892578125, 1.9013671875, 0.587890625, 10.6875, 5.3203125, 5.46484375, 0.82275390625, 0.326171875, 1.3427734375, 1.5673828125, 3.80859375, 5.0234375, 1.876953125, 1.5673828125, 2.8984375, 0.40283203125, 1.3515625, 8.8046875, 4.73046875, 2.150390625, 0.00041747093200683594, 0.414306640625, 2.361328125, 6.246566772460938e-05, 7.8125, 0.080810546875, 8.8359375, 3.134765625, 2.76171875, 0.220458984375, 6.60546875, 1.115234375, 1.6357421875, 1.6376953125, 0.74951171875, 0.322265625, 0.87744140625, 9.4921875, 0.6396484375, 2.046875, 4.0625, 1.9697265625, 4.15625, 1.0927734375, 9.015625, 1.685546875, 1.2587890625, 0.1839599609375, 0.32275390625, 1.3896484375, 3.8984375, 4.921875, 4.57421875, 5.19140625, 6.30859375, 7.6015625, 4.72265625, 5.12890625, 5.390625, 5.10546875, 0.8486328125, 1.904296875, 3.861328125, 0.1888427734375, 4.10546875, 2.296875, 2.501953125, 2.8515625, 1.578125, 2.11328125, 7.22265625, 2.619140625, 3.1796875, 2.05859375, 4.8828125, 6.4375, 8.40625, 0.75634765625, 2.763671875, 4.94140625, 1.86328125, 5.16015625, 0.70751953125, 0.251708984375, 0.004001617431640625, 3.775390625, 8.7734375, 0.37060546875, 0.1651611328125, 4.2578125, 1.9912109375, 4.2734375, 2.416015625, 1.056640625, 0.00632476806640625, 0.0011873245239257812, 6.06640625, 8.9609375, 12.4609375, 5.2578125, 3.939453125, 0.90869140625, 0.478271484375, 0.6171875, 0.88916015625, 0.0093536376953125, 0.01111602783203125, 8.84375, 7.66796875, 5.40625, 5.39453125, 1.16015625, 2.93359375, 0.2491455078125, 3.36328125, 0.2047119140625, 1.4306640625, 0.03662109375, 0.0161285400390625, 11.71875, 2.34765625, 2.26171875, 2.59375, 0.60888671875, 0.435302734375, 0.0200042724609375, 0.01548004150390625, 7.60546875, 2.390625, 2.7421875, 9.796875, 0.31884765625, 4.15625, 2.71875, 4.3828125, 11.0390625, 0.1473388671875, 2.3515625, 0.955078125, 1.400390625, 0.0235443115234375, 0.0184326171875, 6.50390625, 2.3125, 1.1015625, 6.4296875, 11.2578125, 7.30078125, 5.60546875, 2.796875, 9.921875, 2.19921875, 4.25, 1.1591796875, 0.3935546875, 0.024200439453125, 0.023162841796875, 0.00447845458984375, 4.3203125, 6.64453125, 8.484375, 0.751953125, 4.1015625, 0.287109375, 7.01953125, 1.619140625, 0.50439453125, 3.263671875, 2.63671875, 0.251953125, 0.125732421875, 0.9541015625, 0.70263671875, 0.0027294158935546875, 1.7587890625, 3.6484375, 3.3203125, 4.421875, 0.77490234375, 3.353515625, 5.9140625, 4.51171875, 5.57421875, 0.0109100341796875, 0.00852203369140625, 0.63818359375, 2.740234375, 6.6015625, 1.0107421875, 1.2744140625, 0.07476806640625, 0.77978515625, 0.0811767578125, 0.057220458984375, 0.40869140625, 0.89990234375, 7.87109375, 0.55419921875, 0.11639404296875, 1.919921875, 0.12078857421875, 0.1685791015625, 0.0238189697265625, 0.71923828125, 0.40185546875, 9.7265625, 2.955078125, 5.86328125, 1.6845703125, 4.9765625, 4.12890625, 0.35205078125]",-1.0398970013484359
443,1,test,3.281105167774373,1.4364002810476622,1.971780229156079,5.833075853821108,2.5536004996402886,3.505387074055252,26.605159623190158,20.278927063495097,22.901486961450694,47.298061552338055,36.051425890657946,40.713754598134564,3.333260781201885,1.3740356560205387,1.9352185804001185,5.128093509541362,2.1139010092623676,2.977259354461721,28.029591214166892,20.935763108004863,23.982322747889818,43.122448021795215,32.20886632000748,36.89588115059971,3.281105167774373,1.4364002810476622,1.971780229156079,5.833075853821108,2.5536004996402886,3.505387074055252,26.605159623190158,20.278927063495097,22.901486961450694,47.298061552338055,36.051425890657946,40.713754598134564,0.728643216080402,-0.001356783919598037,-0.001356783919598037,0.5778894472361809,-0.002110552763819218,0.022889447236180915,0.4371859296482412,0.012185929648241167,0.0021859296482411583,0.41463414634146345,0.08246023329798524,0.14812197948167205,0.4195804195804196,0.3919597989949749,0.0661452626541228,0.11149235325207008,0.4040404040404041,0.41463414634146345,0.08246023329798524,0.14812197948167205,0.4195804195804196,22.0,6.0,6.0,31.0,4.0,5.0,41.0,8.0,8.0,5.755250397834354e-05,0.00014490284660424645,-0.00013574903679006777,-0.00030112346023614123,0.00015012813114179124,1.7489102663859057e-06,"[2.859375, 1.2138671875, 0.2264404296875, 0.32666015625, 0.0012578964233398438, 1.1240234375, 0.007511138916015625, 0.03033447265625, 7.890625, 2.0, 8.3828125, 4.27734375, 8.7421875, 1.623046875, 8.9453125, 0.32861328125, 3.548828125, 4.1171875, 3.2890625, 1.1044921875, 0.049407958984375, 0.037841796875, 3.0625, 14.1640625, 1.984375, 4.8515625, 7.8359375, 1.3466796875, 0.293212890625, 0.4033203125, 3.92578125, 0.83154296875, 0.1378173828125, 0.8642578125, 1.724609375, 7.6640625, 4.0703125, 6.97265625, 0.11474609375, 4.69921875, 3.029296875, 2.783203125, 4.1640625, 3.9296875, 6.71875, 1.158203125, 8.5546875, 0.9306640625, 5.33203125, 1.109375, 0.82470703125, 2.869140625, 2.404296875, 3.33984375, 0.01409912109375, 7.3515625, 3.52734375, 6.67578125, 1.7255859375, 1.111328125, 2.212890625, 6.80078125, 0.06536865234375, 6.859375, 1.4326171875, 10.4453125, 2.029296875, 5.640625, 2.427734375, 1.759765625, 3.45703125, 5.34765625, 9.1875, 2.73046875, 4.74609375, 7.859375, 0.05242919921875, 6.58203125, 5.58203125, 1.6083984375, 5.45703125, 0.019134521484375, 2.580078125, 1.1044921875, 4.1640625, 0.8623046875, 1.767578125, 14.21875, 7.16796875, 0.0162353515625, 0.9658203125, 0.3896484375, 2.125, 0.95068359375, 9.8359375, 0.833984375, 0.0004875659942626953, 2.2109375, 0.3603515625, 10.0078125, 6.34375, 1.6845703125, 2.35546875, 0.79833984375, 2.2734375, 0.1468505859375, 3.662109375, 0.90234375, 3.7421875, 1.1591796875, 2.482421875, 1.7197265625, 0.001384735107421875, 0.156005859375, 2.23828125, 0.032135009765625, 0.0181121826171875, 0.00035643577575683594, 2.62890625, 0.0767822265625, 2.78125, 9.5703125, 5.46875, 10.4140625, 4.83984375, 2.544921875, 9.6015625, 14.0234375, 9.0234375, 2.7109375, 4.890625, 4.4296875, 4.859375, 4.59765625, 3.322265625, 1.771484375, 7.52734375, 0.07476806640625, 2.857421875, 6.04296875, 3.009765625, 5.28515625, 7.0703125, 2.259765625, 1.1787109375, 0.654296875, 0.00014221668243408203, 1.61328125, 3.38671875, 8.106231689453125e-06, 0.74658203125, 0.92529296875, 3.5859375, 1.017578125, 3.21484375, 1.916015625, 0.09326171875, 1.1982421875, 5.83984375, 0.043182373046875, 10.421875, 1.80078125, 0.462158203125, 3.5703125, 6.1328125, 3.09375, 2.798828125, 0.93603515625, 3.16796875, 1.2802734375, 3.453125, 4.04296875, 0.03948974609375, 0.050689697265625, 1.634765625, 4.421875, 7.28125, 0.0201416015625, 0.7578125, 3.1328125, 2.046875, 0.70947265625, 2.1015625, 0.2276611328125, 6.90625, 1.6376953125, 5.84765625, 0.007709503173828125, 3.1953125, 9.8203125, 1.5869140625, 7.6875, 7.109375, 2.537109375, 2.798828125, 0.004184722900390625, 11.4921875, 3.529296875, 3.509765625, 4.63671875, 4.3515625, 3.587890625, 1.181640625, 0.6591796875, 1.2099609375, 1.7578125, 7.27734375, 2.25, 3.642578125, 6.12890625, 0.222412109375, 0.0244903564453125, 2.802734375, 2.8125, 0.351806640625, 0.7177734375, 6.140625, 0.382568359375, 0.195068359375, 5.22265625, 6.078125, 0.84033203125, 0.00018513202667236328, 0.1649169921875, 0.92919921875, 4.78125, 5.57421875, 0.0218963623046875, 3.109375, 5.66015625, 5.40625, 0.78515625, 12.7890625, 2.171875, 5.19140625, 4.703125, 4.671875, 5.3828125, 4.296875, 1.2724609375, 2.966796875, 0.0236358642578125, 6.21875, 3.79296875, 3.3828125, 3.228515625, 1.9599609375, 0.466064453125, 2.802734375, 0.337158203125, 0.63720703125, 1.6337890625, 0.324462890625, 3.521484375, 2.2265625, 1.248046875, 7.081031799316406e-05, 0.1505126953125, 0.609375, 3.49609375, 0.63330078125, 3.1328125, 0.0743408203125, 1.095703125, 5.0859375, 4.59765625, 5.29296875, 8.21875, 7.8828125, 4.3359375, 0.7099609375, 6.29296875, 5.55859375, 0.79248046875, 10.2890625, 0.15380859375, 4.7109375, 3.3671875, 0.0236663818359375, 3.107421875, 4.73828125, 2.435546875, 1.4697265625, 5.74609375, 8.4453125, 8.6796875, 3.83203125]",-0.6002625156362713
261,1,test,3.397033397306843,1.49172102463505,2.048168089649082,5.574618908400973,2.447952450683159,3.3610963522446475,29.87534019021003,23.153833275398668,26.02228916839327,49.02619928649851,37.99603409296192,42.703243763517165,3.6494801829208683,1.5707569632190488,2.191231761495455,5.28910171437807,2.2764593669841284,3.1756982050658764,38.454671457721204,30.460415970093585,34.15624755428269,55.73140790974088,44.145530391439976,49.50180804968507,3.484239042403307,1.5450583514277676,2.125750719507761,5.559955918728681,2.4655186458953735,3.3921554034698307,32.59761226884594,25.6445603307247,28.70730430377444,52.01746638645629,40.92217074051814,45.809528144320915,0.7487437185929648,0.003743718592964851,-0.02125628140703517,0.6030150753768844,-0.011984924623115623,-0.016984924623115627,0.5025125628140703,-0.007487437185929702,0.002512562814070307,0.432601880877743,0.12430767117508257,0.17087091111757613,0.46226415094339623,0.457286432160804,0.12896563015579143,0.19351347723592927,0.5303030303030303,0.4280936454849499,0.11256776902418197,0.17002912935591763,0.4697986577181208,23.0,8.0,9.0,36.0,14.0,12.0,42.0,9.0,9.0,-0.0007365093002212738,-9.049181798992486e-05,0.00021419245652872965,-0.004247472499277372,-0.004217277803177488,-0.004298597398502579,"[2.88671875, 1.2119140625, 0.349609375, 0.021087646484375, 0.0001302957534790039, 1.0205078125, 0.00885009765625, 0.0287628173828125, 3.625, 3.52734375, 1.6201171875, 0.3994140625, 0.04339599609375, 1.076171875, 1.0068359375, 1.50390625, 0.29248046875, 7.3046875, 11.1640625, 3.91015625, 3.798828125, 0.46142578125, 0.568359375, 0.787109375, 3.029296875, 7.06640625, 3.62890625, 5.578125, 0.4873046875, 2.025390625, 1.96875, 0.36865234375, 1.4990234375, 6.66015625, 1.1982421875, 0.97998046875, 3.775390625, 5.20703125, 7.125, 0.392333984375, 5.6171875, 3.412109375, 7.87890625, 0.15673828125, 2.828125, 0.00350189208984375, 1.4287109375, 0.061248779296875, 2.66796875, 0.0819091796875, 0.239501953125, 0.054931640625, 5.84765625, 2.474609375, 4.38671875, 2.50390625, 8.9453125, 0.77001953125, 12.09375, 2.572265625, 4.71875, 4.51171875, 5.55078125, 7.80859375, 9.546875, 4.390625, 0.201171875, 2.548828125, 1.5693359375, 1.88671875, 0.41455078125, 0.3681640625, 0.416259765625, 0.97216796875, 0.904296875, 0.28857421875, 0.962890625, 0.8671875, 6.0078125, 1.0595703125, 5.0234375, 4.109375, 1.646484375, 1.8603515625, 4.7578125, 11.71875, 0.042144775390625, 1.3857421875, 2.166015625, 6.546875, 5.06640625, 4.640625, 4.3515625, 3.205078125, 0.0241241455078125, 3.263671875, 5.171875, 0.943359375, 8.0546875, 2.78125, 2.716796875, 3.90625, 4.65234375, 6.08203125, 2.197265625, 5.03125, 3.580078125, 2.50390625, 10.1171875, 3.318359375, 6.34765625, 6.48046875, 4.66796875, 6.9140625, 4.9375, 4.9921875, 0.0231781005859375, 0.274658203125, 0.6220703125, 6.40625, 10.2421875, 6.3515625, 2.88671875, 8.1875, 4.8671875, 0.39501953125, 7.15625, 1.654296875, 2.03515625, 3.056640625, 1.0068359375, 4.75, 4.6171875, 6.81640625, 1.6201171875, 1.794921875, 6.9609375, 2.5859375, 2.69921875, 4.5703125, 0.0273895263671875, 1.4384765625, 7.19140625, 9.8359375, 2.181640625, 1.611328125, 7.04296875, 0.0228118896484375, 0.056060791015625, 1.0390625, 4.8984375, 8.5546875, 0.034576416015625, 4.1015625, 5.2578125, 5.734375, 2.11328125, 5.63671875, 2.498046875, 11.5234375, 5.1328125, 3.533203125, 1.826171875, 10.6171875, 0.60693359375, 0.685546875, 10.1171875, 4.21484375, 13.421875, 4.4921875, 2.13671875, 4.23828125, 1.2119140625, 5.2265625, 6.12109375, 0.32421875, 3.470703125, 3.984375, 5.21875, 5.23828125, 9.25, 4.24609375, 0.88037109375, 4.98046875, 1.7861328125, 6.76171875, 3.994140625, 5.40234375, 9.6015625, 8.1171875, 7.06640625, 1.7734375, 9.7265625, 0.004528045654296875, 2.693359375, 2.900390625, 1.5185546875, 0.7197265625, 10.765625, 1.361328125, 6.8671875, 0.16015625, 5.8046875, 4.234375, 0.68359375, 2.154296875, 11.4375, 0.0869140625, 9.7109375, 0.2744140625, 9.6875, 0.133544921875, 0.1697998046875, 2.712890625, 8.1875, 6.7890625, 2.43359375, 3.83984375, 5.26171875, 5.0078125, 4.234375, 0.87646484375, 1.185546875, 0.53662109375, 0.61474609375, 0.061737060546875, 1.431640625, 0.235107421875, 0.8544921875, 7.45703125, 0.58837890625, 0.0033473968505859375, 0.318603515625, 0.564453125, 5.8515625, 2.625, 4.34765625, 1.8505859375, 5.2109375, 1.30078125, 9.4453125, 3.328125, 1.6298828125, 0.006885528564453125, 7.20703125, 1.171875, 0.19189453125, 1.3251953125, 4.38671875, 2.9765625, 2.5859375, 3.220703125, 5.33203125, 6.83203125, 0.40478515625, 0.401123046875, 4.1796875, 8.640625, 9.4296875, 9.1171875, 2.279296875, 3.458984375, 6.7109375, 9.65625, 2.26171875, 1.177734375, 0.0018939971923828125, 0.11175537109375, 1.740234375, 0.00289154052734375, 1.109375, 0.06329345703125, 6.8046875, 1.71875, 6.3984375, 6.15625, 1.232421875, 4.5390625, 3.21875, 5.00390625, 2.00390625, 0.001865386962890625, 1.2314453125, 0.001880645751953125, 0.196044921875, 1.654296875, 9.71875, 0.99267578125, 5.28515625, 0.498291015625, 5.04296875, 6.01171875, 0.08551025390625, 0.91162109375, 1.4736328125, 0.491943359375, 3.3046875, 1.6982421875, 1.5986328125, 5.078125, 1.7236328125, 4.72265625, 1.9365234375, 1.4384765625, 1.681640625, 0.0010728836059570312, 0.31884765625, 0.96875, 2.89453125, 4.140625, 0.12066650390625, 3.736328125, 0.066650390625, 1.22265625, 0.30712890625, 5.0078125, 0.3466796875, 1.029296875, 3.880859375]",-1.1197150310378836
2,1,test,2.8060278016100364,1.1928816136618925,1.6595271037779178,4.8391377656508405,2.0571850582911675,2.8619389574134146,16.544071193683973,11.525495395311413,13.396910441605645,28.53109283701188,19.87630343622567,23.103653935224106,2.7834323225308903,1.0557290774683132,1.5227728977220252,4.315398949660295,1.636789267392734,2.3608882135225198,16.174441683314008,10.546728108524132,12.646694678890599,25.076653772579856,16.351516447324233,19.60727857192341,2.8454908248854847,1.2370916605197992,1.6968996694984637,4.907193757886344,2.1334275343095936,2.9263898491949547,17.210003694334045,12.215194738116008,14.056257054924448,29.679527329150925,21.065725057349763,24.24073072945054,0.6180904522613065,-0.016909547738693465,-0.02190954773869347,0.5025125628140703,0.007512562814070312,0.007512562814070312,0.38190954773869346,-0.008090452261306558,-0.018090452261306567,0.4006968641114983,0.09982729889410702,0.15156592552517156,0.4195804195804196,0.40703517587939697,0.11129582750846967,0.13825387370911313,0.4191919191919192,0.40418118466898956,0.11374640206029385,0.16200273739204862,0.41608391608391604,13.0,0.0,0.0,17.0,-1.0,-2.0,26.0,-2.0,-1.0,0.00029176529490440654,0.00012332421994508034,-0.00010604219756751385,-0.00030112346023614123,0.00015012813114179124,1.7489102663859057e-06,"[3.76953125, 0.0404052734375, 0.439208984375, 0.0208740234375, 0.0006074905395507812, 0.4072265625, 0.0201873779296875, 0.01070404052734375, 12.875, 0.1368408203125, 5.7421875, 0.7099609375, 0.9287109375, 0.18701171875, 0.912109375, 1.3330078125, 3.12890625, 2.984375, 2.61328125, 5.64453125, 0.2333984375, 0.034271240234375, 0.166015625, 0.01477813720703125, 2.490234375, 7.34375, 2.572265625, 0.04461669921875, 1.0908203125, 1.0654296875, 6.27734375, 0.82861328125, 1.0595703125, 3.720703125, 2.435546875, 2.30078125, 7.296875, 1.642578125, 1.7705078125, 9.0, 3.40234375, 0.43017578125, 2.21875, 0.6083984375, 1.203125, 2.794921875, 2.3125, 5.93359375, 5.125, 3.326171875, 5.6328125, 2.9921875, 0.9775390625, 2.623046875, 0.349853515625, 5.453125, 1.28125, 8.1953125, 1.095703125, 6.890625, 5.51171875, 10.4765625, 0.82373046875, 3.046875, 3.65234375, 8.890625, 0.6826171875, 7.6328125, 1.7509765625, 1.8720703125, 0.084716796875, 4.4296875, 0.7978515625, 2.2421875, 2.025390625, 0.00042438507080078125, 5.046875, 4.12890625, 3.8203125, 3.466796875, 1.5, 7.265625, 5.546875, 19.265625, 4.109375, 2.48046875, 1.4111328125, 0.38671875, 3.306640625, 0.49169921875, 8.28125, 0.1474609375, 0.2462158203125, 0.002178192138671875, 9.640625, 0.32275390625, 0.0003352165222167969, 0.62109375, 0.0180206298828125, 0.1842041015625, 3.55078125, 3.384765625, 0.00260162353515625, 9.1875, 2.017578125, 5.59765625, 0.759765625, 0.52587890625, 3.87109375, 5.09765625, 0.39208984375, 3.46875, 1.98046875, 4.91796875, 1.5419921875, 5.6015625, 0.80712890625, 0.078369140625, 0.16943359375, 1.47265625, 4.82421875, 6.91015625, 0.49462890625, 0.00688934326171875, 0.0013151168823242188, 3.15625, 6.4921875, 2.056640625, 0.95751953125, 2.337890625, 5.97265625, 0.001598358154296875, 5.39453125, 1.908203125, 10.1953125, 6.2265625, 1.7314453125, 0.0005974769592285156, 0.55908203125, 0.22900390625, 2.85546875, 8.1796875, 0.472412109375, 3.443359375, 0.0118408203125, 3.298828125, 4.578125, 2.8125, 0.3759765625, 3.92578125, 3.57421875, 2.67578125, 0.005878448486328125, 5.89453125, 3.189453125, 6.19140625, 7.25, 4.83203125, 0.69677734375, 4.40234375, 8.2578125, 0.294921875, 1.8330078125, 1.484375, 0.80224609375, 3.140625, 0.16943359375, 0.0093841552734375, 0.0014390945434570312, 7.927417755126953e-05, 1.7001953125, 2.18359375, 0.0010251998901367188, 5.9140625, 0.27978515625, 0.464599609375, 0.64697265625, 0.1004638671875, 6.453125, 3.224609375, 0.1109619140625, 0.00920867919921875, 1.421875, 1.732421875, 0.92138671875, 0.0958251953125, 2.869140625, 4.73828125, 4.0859375, 5.71484375, 1.171875, 6.9921875, 1.2265625, 2.107421875, 1.23046875, 0.2301025390625, 6.15234375, 0.342041015625, 0.1700439453125, 2.841796875, 5.0625, 0.325439453125, 7.224082946777344e-05, 0.03521728515625, 1.2529296875, 3.600120544433594e-05, 0.6953125, 0.394775390625, 1.427734375, 0.020172119140625, 5.34375, 0.363037109375, 0.0193328857421875, 5.09375, 9.3203125, 11.0703125, 6.15234375, 8.2578125, 0.18896484375, 1.7587890625, 0.8720703125, 0.1832275390625, 5.18359375, 0.0221099853515625, 0.1473388671875, 1.0244140625, 5.41796875, 3.451171875, 10.359375, 2.681640625, 1.96484375, 3.70703125, 4.171875, 1.8681640625, 5.81640625, 0.99462890625, 2.40625, 6.15234375, 0.025421142578125, 0.1209716796875, 2.03515625, 0.484375, 0.0276336669921875, 4.60546875, 0.833984375, 0.257568359375, 2.47265625, 4.78515625, 0.0147705078125, 0.74951171875, 0.38623046875, 2.947265625, 1.6025390625, 1.7080078125, 3.345703125, 8.8359375, 11.5234375, 2.3203125, 4.42578125, 2.958984375, 6.5390625, 4.046875, 0.0179443359375, 0.0149383544921875, 0.0047454833984375, 5.359375, 6.4140625, 1.951171875, 0.79150390625, 0.316650390625, 5.09765625, 0.85595703125, 0.6435546875, 8.2109375, 5.3125, 4.40625, 0.9453125, 1.046875, 3.8623809814453125e-05, 2.416015625, 0.5263671875, 1.9091796875, 11.0078125, 4.77734375, 0.72412109375, 5.55078125, 1.3427734375]",-0.8937145155896706
326,1,test,2.529100260264437,1.1070754976842734,1.4928383519113044,5.1744809922651696,2.265051018250582,3.054312949887496,12.542216328082752,8.396710715046966,9.723555444036435,25.661086280445172,17.179477095153565,19.89417090848834,2.530386286165247,1.0428715372573212,1.4717352247569382,4.252750060781928,1.75272527270138,2.4735045794234254,12.558356319133052,8.132274405157897,9.675876242191555,21.10648120862698,13.667688075895628,16.26197687763287,2.6218743659182135,1.1202505528988416,1.5619241694801869,4.978242466933318,2.127058011833244,2.965678802810482,13.761493500809003,9.272521093621519,10.875266259517876,26.129418039510767,17.606052709407948,20.649239733261794,0.6180904522613065,0.0030904522613065533,0.0030904522613065533,0.48743718592964824,0.022437185929648273,0.0024371859296482556,0.36180904522613067,-0.0031909547738693256,0.0018090452261306789,0.3802816901408451,0.09336185891721638,0.14372255035589887,0.364406779661017,0.40703517587939697,0.09876449918766761,0.16162616085435522,0.38383838383838387,0.4013377926421404,0.1041758560812055,0.17330664692467657,0.3959731543624161,22.0,-1.0,1.0,33.0,1.0,0.0,42.0,4.0,3.0,0.000501286082573216,3.792099768982896e-05,-4.141202222028025e-05,-0.07016826611937255,-0.0745444087557594,-0.07198101079952757,"[2.111328125, 9.03125, 0.796875, 0.0307769775390625, 0.180908203125, 1.380859375, 2.689453125, 6.99758529663086e-05, 5.0546875, 0.00014698505401611328, 4.2421875, 6.19140625, 0.010528564453125, -0.0, 0.0021209716796875, 0.0033817291259765625, 5.3763389587402344e-05, 8.640625, 2.791015625, 1.431640625, 4.80859375, 1.361328125, 8.5, 0.428466796875, 4.41015625, 3.099609375, 0.154052734375, 6.609375, 4.4453125, 6.7109375, 0.880859375, 3.96875, 4.1796875, 2.158203125, 3.6640625, 4.19921875, 2.44140625, 2.853515625, 2.22265625, 6.5546875, 0.25537109375, 0.336669921875, 3.63671875, 5.6640625, 0.1280517578125, 7.671875, 1.5224609375, 2.28125, 1.6591796875, 4.32421875, 0.228759765625, 2.029296875, 2.009765625, 1.3857421875, 6.2265625, 0.050872802734375, 2.328125, 0.443359375, 1.0615234375, 0.094482421875, 4.515625, 0.953125, 0.0046844482421875, 8.609375, 3.162109375, 4.1796875, 4.30078125, 3.546875, 0.1558837890625, 3.880859375, 4.99609375, 8.8984375, 9.078125, 1.1787109375, 1.7255859375, 5.45703125, 2.046875, 3.32421875, 2.15234375, 0.353759765625, 0.0044708251953125, 2.4609375, 7.6328125, 5.015625, 9.171875, 2.63671875, 3.814453125, 0.134765625, 0.0004131793975830078, 0.0013418197631835938, 8.6953125, 0.59814453125, 7.07421875, 1.048828125, 4.078125, 3.4609375, 1.212890625, 3.833984375, 2.845703125, 0.962890625, 0.3408203125, 0.00308990478515625, 0.0005559921264648438, 7.31640625, 1.49609375, 1.3212890625, 0.603515625, 6.7421875, 2.84765625, 4.62109375, 4.40234375, 11.078125, 0.295166015625, 5.8984375, 1.91796875, 1.923828125, 7.46484375, 0.521484375, 0.0694580078125, 3.0625, 3.50390625, 3.16796875, 1.5517578125, 10.7734375, 3.357421875, 1.56640625, 11.1171875, 1.8291015625, 3.802734375, 0.11810302734375, 0.06982421875, 0.1937255859375, 0.0078887939453125, 2.240234375, 0.057342529296875, 0.38818359375, 1.71484375, 1.017578125, 1.609375, 0.480224609375, 1.40625, 3.59765625, 5.57421875, 1.8271484375, 2.724609375, 2.30859375, 0.00827789306640625, 5.796875, 1.056640625, 2.078125, 0.005672454833984375, 0.073974609375, 0.00012624263763427734, 0.0171966552734375, 1.0728836059570312e-06, 0.0006580352783203125, -0.0, 0.0006666183471679688, 5.602836608886719e-05, 1.5947265625, 8.344650268554688e-07, 0.1900634765625, 2.7418136596679688e-06, 6.794929504394531e-06, 2.86102294921875e-06, 0.0010099411010742188, -0.0, 0.00022685527801513672, 1.895427703857422e-05, 0.453125, 1.704692840576172e-05, 0.053070068359375, 1.2516975402832031e-05, 1.5139579772949219e-05, 8.344650268554688e-07, 0.00021827220916748047, -0.0, 7.712841033935547e-05, 1.9550323486328125e-05, 0.93505859375, 4.2578125, 8.828125, 1.71875, 3.787109375, 3.87890625, 4.08203125, 3.439453125, 4.6328125, 3.25390625, 0.64453125, 0.004608154296875, 6.08984375, 2.28515625, 2.45703125, 3.869140625, 1.560546875, 2.494140625, 3.23828125, 6.5, 0.77978515625, 6.921875, 0.59814453125, 0.7548828125, 2.578125, 0.0003371238708496094, 11.796875, 1.0546875, 5.2109375, 4.7734375, 0.5205078125, 4.02734375, 0.0399169921875, 1.291015625, 1.11328125, 6.59375, 7.32421875, 6.6171875, 2.392578125, 5.7265625, 3.486328125, 0.12152099609375, 7.71875, 3.966796875, 3.509765625, 1.9716796875, 3.0994415283203125e-06, 0.1707763671875, 1.3589859008789062e-05, 1.9311904907226562e-05, 1.1920928955078125e-07, 5.042552947998047e-05, -0.0, 2.586841583251953e-05, 7.3909759521484375e-06, 3.587890625, 1.4169921875, 7.80859375, 1.0712890625, 8.8125, 5.72265625, 0.1434326171875, 2.08984375, 3.52734375, 0.007572174072265625, 2.609375, 3.103515625, 1.271484375, 3.173828125, 2.26171875, 2.689453125, 0.00897216796875, 11.3828125, 7.9609375, 2.484375, 9.1953125, 5.86328125, 2.87109375, 5.02734375, 0.468017578125, 2.2265625, 10.7265625, 3.791015625, 3.302734375, 7.140625, 3.806640625, 7.296875, 1.6923828125, 0.9287109375, 7.1953125, 3.46484375, 3.83203125, 2.37109375, 0.337890625, 2.556640625, 0.47119140625, 1.880859375, 0.460693359375, 6.6953125, 0.1361083984375, 4.765625, 0.4482421875, 1.138671875, 4.16015625, 3.798828125, 8.90625, 1.05859375, 3.2186508178710938e-06, 0.1434326171875, 7.152557373046875e-06, 2.86102294921875e-06, 5.960464477539062e-07, 3.170967102050781e-05, -0.0, 3.337860107421875e-06, 8.702278137207031e-06, 0.9072265625, 4.76837158203125e-07, 0.0811767578125, 5.364418029785156e-06, 9.5367431640625e-07, 1.4901161193847656e-05, 0.00027680397033691406, -0.0, 1.0251998901367188e-05, 1.0848045349121094e-05, 0.943359375, 2.5033950805664062e-06, 0.00952911376953125, 3.933906555175781e-06, 2.2649765014648438e-06, 4.76837158203125e-06, 0.00012481212615966797, -0.0, 1.3709068298339844e-05, 1.5139579772949219e-05, 0.90869140625, 9.28125, 2.1796875, 1.1796875, 10.1953125, 2.23828125, 7.11328125, 2.16015625, 3.62890625, 0.052703857421875, 2.3828125, 5.364418029785156e-06, 0.1463623046875, 6.687641143798828e-05, 4.649162292480469e-06, 5.960464477539062e-07, 3.314018249511719e-05, -0.0, 1.0013580322265625e-05, 1.0848045349121094e-05, 2.423828125, 3.0994415283203125e-06, 0.0275115966796875, 5.0067901611328125e-06, 2.0265579223632812e-06, 7.62939453125e-06, 0.00016546249389648438, -0.0, 9.417533874511719e-06, 2.9087066650390625e-05, 0.2568359375, 12.0859375, 1.1923828125, 11.9453125, 3.001953125, 8.25, 3.27734375, 12.6796875, 7.640625, 5.28125]",-0.6510028033189372
125,1,test,3.4602464983481487,1.5404707812170946,2.1263282588723356,5.2909583085207155,2.355487299186604,3.2513042562989782,31.824820313523656,25.005391496823513,28.02893283012409,48.66237059567861,38.2349881608406,42.85819380420137,3.4831679981557566,1.4630651833424015,2.0561189337990786,5.160248886156676,2.1675039753220764,3.0461021241467834,32.562717474011905,25.023617449034166,28.396331178259658,48.24106292446208,37.072025850420985,42.0686387826069,3.4602464983481487,1.5404707812170946,2.1263282588723356,5.2909583085207155,2.355487299186604,3.2513042562989782,31.824820313523656,25.005391496823513,28.02893283012409,48.66237059567861,38.2349881608406,42.85819380420137,0.7336683417085428,-0.011331658291457214,0.0036683417085427994,0.6281407035175879,-0.0018592964824121205,0.003140703517587884,0.49246231155778897,-0.01753768844221104,-0.007537688442211032,0.44656488549618323,0.10687022900763365,0.17684478371501278,0.45210727969348663,0.4321608040201005,0.085427135678392,0.1507537688442211,0.43939393939393945,0.44656488549618323,0.10687022900763365,0.17684478371501278,0.45210727969348663,25.0,5.0,5.0,37.0,4.0,5.0,48.0,8.0,9.0,-0.00041393825968298527,0.0002657884892812832,1.576566414212902e-05,-0.00012787541372372146,-0.00017828449388890277,8.936283448512938e-05,"[7.03125, 1.359375, 0.2252197265625, 0.06805419921875, 1.4384765625, 0.266357421875, 0.054443359375, 9.059906005859375e-06, 1.5224609375, 0.002777099609375, 0.0131072998046875, 8.609375, 0.14697265625, 6.24609375, 7.11328125, 5.515625, 2.537109375, 3.03125, 7.796875, 0.77783203125, 5.15234375, 3.154296875, 1.1748046875, 8.125, 2.0, 8.546875, 4.02734375, 8.28125, 5.5078125, 0.73291015625, 5.08203125, 1.228515625, 3.892578125, 2.263671875, 5.9609375, 2.19140625, 0.0709228515625, 7.78515625, 2.697265625, 8.2734375, 1.6142578125, 0.14453125, 0.60107421875, 0.7197265625, 2.560546875, 4.0546875, 9.1875, 3.474609375, 6.59375, 1.4375, 10.2421875, 9.78125, 3.6640625, 1.90625, 3.369140625, 0.02020263671875, 4.734375, 7.31640625, 1.5634765625, 3.517578125, 1.705078125, 9.8984375, 3.84375, 3.232421875, 4.1953125, 11.6015625, 1.1591796875, 3.09375, 3.6796875, 12.3671875, 4.47265625, 4.4453125, 7.7109375, 2.962890625, 1.32421875, 2.171875, 0.0008559226989746094, 4.2265625, 4.37890625, 5.43359375, 1.26171875, 3.859375, 5.55859375, 5.31640625, 0.0782470703125, 1.6259765625, 7.19921875, 5.1953125, 2.568359375, 4.41796875, 0.00226593017578125, 3.267578125, 3.21484375, 1.484375, 4.1640625, 4.31640625, 4.69140625, 6.25390625, 2.822265625, 2.828125, 0.70458984375, 7.27734375, 1.755859375, 0.023651123046875, 1.896484375, 4.4296875, 7.00390625, 0.197021484375, 0.427978515625, 2.015625, 0.00786590576171875, 7.4140625, 5.125, 4.34375, 0.441162109375, 4.12890625, 0.0296783447265625, 8.8046875, 2.046875, 1.6982421875, 0.09356689453125, 0.10968017578125, 0.65478515625, 3.814453125, 1.9326171875, 4.33984375, 4.265625, 0.1363525390625, 1.732421875, 0.2261962890625, 2.25, 1.9287109375, 5.00390625, 0.39453125, 0.1279296875, 1.748046875, 3.376953125, 4.84765625, 5.9140625, 1.7080078125, 6.578125, 7.7578125, 1.96484375, 6.09375, 4.6171875, 0.302490234375, 3.927734375, 2.97265625, 0.2445068359375, 1.1920928955078125e-07, 0.1806640625, 4.078125, 0.00010979175567626953, 1.8271484375, 0.08203125, 0.69873046875, 0.001834869384765625, 4.44140625, 9.234375, 0.1907958984375, 0.0007944107055664062, 5.5390625, 2.34375, 6.08984375, 0.2266845703125, 6.98046875, 0.27734375, 4.5703125, 7.90625, 1.330078125, 0.59912109375, 1.919921875, 7.50390625, 7.59765625, 9.8828125, 5.40234375, 9.0546875, 0.1986083984375, 0.2958984375, 2.6640625, 2.85546875, 0.4609375, 3.658203125, 2.17578125, 0.0198974609375, 3.078125, 2.546875, 0.87744140625, 8.578125, 12.1640625, 2.392578125, 7.6171875, 4.73828125, 2.986328125, 1.4775390625, 2.38671875, 6.23046875, 0.200439453125, 9.890625, 5.74609375, 1.7919921875, 6.8046875, 0.0064239501953125, 0.0014801025390625, 1.9765625, 5.34375, 4.35546875, 7.296875, 0.8310546875, 3.14453125, 2.8984375, 3.08984375, 8.8125, 0.953125, 0.01091766357421875, 4.3984375, 5.640625, 0.86962890625, 7.42578125, 0.55419921875, 1.44140625, 4.36328125, 2.1875, 4.9453125, 4.87109375, 1.1650390625, 1.9619140625, 5.6328125, 3.482421875, 0.68505859375, 3.3671875, 4.8828125, 5.40234375, 0.66943359375, 5.8828125, 1.3203125, 5.171875, 0.26171875, 0.464111328125, 2.935546875, 4.29296875, 0.17431640625, 3.712890625, 8.1328125, 1.5712890625, 7.2734375, 1.7041015625, 2.650390625, 7.96875, 0.00893402099609375, 0.9228515625, 3.505859375, 3.91796875, 2.095703125, 2.466796875, 0.86572265625, 4.7734375, 8.7109375, 0.6923828125, 0.83642578125, 5.234375, 9.296875]",-0.6185670545082966
336,1,test,2.7866084726651508,1.0189199273333704,1.4397673190899978,4.848376591168846,1.7728028793488124,2.505028688127684,16.225895808195418,10.368596986834056,12.380636067298225,28.231182880155032,18.040160075358674,21.540875469692285,2.702746269091889,0.7371091298814629,1.1810493049219075,4.394709380637218,1.1985514307015661,1.9204053738567604,14.920651635028566,7.78119166379241,10.340660950538085,24.261222170778158,12.652344168768147,16.814082846403394,2.7934117070009874,1.0259617230316318,1.4687722410303443,4.844066543932348,1.7791243751993613,2.5470038861797875,16.336660732335037,10.480759069499982,12.575831528696305,28.329469478037637,18.174726710115575,21.80780033877972,0.6482412060301508,0.0032412060301507672,-0.01675879396984925,0.507537688442211,-0.007462311557788981,-0.012462311557788985,0.37688442211055273,-0.003115577889447274,0.01188442211055274,0.4,0.07886855241264557,0.12394678492239475,0.4381270903010034,0.4170854271356784,0.06871449981738265,0.1115762451657285,0.45959595959595956,0.4013377926421404,0.07078687444514542,0.12436337662434283,0.4395973154362416,15.0,5.0,5.0,25.0,11.0,11.0,35.0,16.0,16.0,-0.0005999086698819092,-0.0002892470351001235,-8.378082587891887e-05,0.0005030861468533487,9.977230549385041e-05,-4.381033032618831e-05,"[2.859375, 1.2138671875, 0.351806640625, 0.0308380126953125, 0.0001201629638671875, 1.1474609375, 0.00901031494140625, 0.0285186767578125, 10.6015625, 1.650390625, 2.333984375, 2.71484375, 0.66064453125, 1.900390625, 0.619140625, 0.0548095703125, 0.60009765625, 0.564453125, 3.900390625, 3.197265625, 5.1015625, 1.9970703125, 1.560546875, 1.896484375, 5.5703125, 2.482421875, 5.328125, 4.45703125, 3.28125, 2.1015625, 2.181640625, 0.356201171875, 4.32421875, 1.1728515625, 4.6484375, 0.01430511474609375, 0.01110076904296875, 3.845703125, 5.9375, 8.8984375, 1.04296875, 6.6171875, 0.5078125, 0.76904296875, 0.8037109375, 1.5087890625, 7.14453125, 0.403076171875, 0.499267578125, 2.763671875, 3.044921875, 6.2734375, 0.0010251998901367188, 2.7109375, 2.849609375, 2.71875, 0.8349609375, 0.451904296875, 0.006870269775390625, 0.422119140625, 5.51171875, 0.0124359130859375, 11.8125, 2.92578125, 1.0126953125, 4.4765625, 3.8046875, 8.6171875, 0.037261962890625, 4.94140625, 3.798828125, 1.6123046875, 4.30078125, 4.16796875, 3.05859375, 2.1328125, 0.002941131591796875, 0.462158203125, 2.5078125, 0.0026683807373046875, 2.562999725341797e-05, 0.366455078125, 0.16845703125, 3.220703125, 0.00010466575622558594, 2.212890625, 0.000247955322265625, 0.89111328125, 5.75390625, 0.97509765625, 1.087890625, 4.2890625, 2.1796875, 13.875, 6.2265625, 0.1920166015625, 2.5703125, 2.2734375, 1.978515625, 2.345703125, 4.03515625, 0.49951171875, 1.2841796875, 5.08203125, 3.626953125, 0.75, 5.23046875, 3.701171875, 2.212890625, 8.796875, 0.72802734375, 3.806640625, 2.93359375, 0.00945281982421875, 0.9970703125, 3.325939178466797e-05, 0.4716796875, 0.4345703125, 5.7734375, 0.0162811279296875, 1.8916015625, 4.17578125, 2.46875, 2.908203125, 0.2403564453125, 0.9716796875, 7.40234375, 0.0738525390625, 5.2734375, 1.6220703125, 9.894371032714844e-06, 0.0877685546875, 3.66015625, 0.191650390625, 2.810546875, 7.57421875, 3.064453125, 8.9375, 3.80078125, 1.140625, 4.20703125, 4.5078125, 3.275390625, 1.18359375, 2.384185791015625e-06, 0.227294921875, 0.5087890625, 4.08984375, 0.9990234375, 1.9326171875, 0.08447265625, 7.4609375, 3.16796875, 1.4365234375, 5.38671875, 0.1148681640625, 9.875, 0.296142578125, 0.912109375, 2.41796875, 4.25, 3.619140625, 1.6279296875, 1.8955078125, 6.1640625, 3.767578125, 2.21484375, 6.05078125, 0.4365234375, 8.3515625, 0.60595703125, 3.365234375, 6.95703125, 0.65673828125, 0.280029296875, 4.06640625, 3.236328125, 4.15625, 1.603515625, 2.697265625, 6.98828125, 2.705078125, 3.8671875, 13.625, 4.26953125, 3.935546875, 0.04010009765625, 0.59814453125, 0.93994140625, 1.0371208190917969e-05, 0.1519775390625, 0.38232421875, 4.46484375, 0.80859375, 2.73828125, 0.07562255859375, 9.7421875, 0.17919921875, 0.10821533203125, 12.25, 3.1015625, 9.53125, 0.120849609375, 1.1064453125, 0.09857177734375, 0.68701171875, 0.01007080078125, 1.6943359375, 2.912109375, 5.37109375, 2.0390625, 1.4775390625, 0.33740234375, 3.59375, 9.515625, 3.412109375, 1.25, 2.294921875, 2.513671875, 2.38671875, 6.0703125, 0.034637451171875, 8.640625, 3.53515625, 0.497802734375, 0.17236328125, 1.2705078125, 4.76837158203125e-05, 0.0882568359375, 0.29931640625, 2.255859375, 0.00012826919555664062, 5.37109375, 0.0286407470703125, 8.34375, 0.8505859375, 3.8046875, 2.857421875, 1.8095703125, 3.732421875, 0.02423095703125, 0.470703125, 1.0283203125, 0.279541015625, 0.04388427734375, 0.0191192626953125, 0.09033203125, 0.041717529296875, 3.236328125, 6.609375, 4.19921875, 0.0016927719116210938, 0.2264404296875, 12.3359375, 5.34765625, 0.301513671875, 7.0703125, 3.26953125, 1.3515625, 0.018646240234375, 0.287841796875, 0.720703125, 1.060546875, 5.52734375, 0.984375, 0.69287109375, 1.529296875, 6.5390625, 6.65234375, 0.19677734375, 4.09375, 7.2578125, 2.44140625, 2.66015625, 1.921875, 4.5234375, 4.23828125, 3.078125, 1.958984375, 0.49560546875, 4.5703125, 11.953125, 6.01171875, 1.484375, 2.05078125, 8.25, 0.01470947265625, 2.71484375, 7.46484375, 4.1328125, 2.658203125, 2.328125, 1.24609375, 7.015625, 1.642578125, 5.23046875, 6.98046875, 2.09765625, 0.0101165771484375, 0.75244140625]",-0.8409411756197613
396,1,test,2.414295418659846,0.9562427092834902,1.3407586798074065,4.97741726723708,1.9714318869474696,2.7641668672741737,11.181889031002024,6.884306298597035,8.256180340019188,23.053072591312393,14.192987642997997,17.02130330373819,2.452508887453894,0.8932374604284214,1.2905117496916236,4.541683124914618,1.6541434452378176,2.3898365735030067,11.617457078957143,6.86210171964042,8.421146700780055,21.513809405476188,12.707595777111887,15.594716112555655,2.416993992384461,0.9518645476698813,1.3373561608620212,5.000677225623023,1.9693749262135478,2.766943781093837,11.212104934517523,6.884001480359599,8.268491660464296,23.197458485208667,14.242761683502618,17.10722412509854,0.5879396984924623,0.007939698492462233,0.007939698492462233,0.42211055276381915,-0.0028894472361808976,-0.007889447236180902,0.36180904522613067,0.006809045226130683,0.016809045226130692,0.37,0.06717138103161402,0.11501108647450109,0.3612040133779264,0.3919597989949749,0.08368912230324554,0.12484794590649406,0.3737373737373737,0.3712374581939799,0.06739772530583299,0.11873467732634924,0.36241610738255037,13.0,3.0,3.0,23.0,9.0,9.0,28.0,6.0,6.0,0.00017969374363964626,0.00012910901763801236,-2.3923114205315982e-05,-0.023537825592314654,-0.022085015015784748,-0.021592026742133008,"[1.859375, 5.28125, 0.00511932373046875, 0.052032470703125, 6.68359375, 0.2139892578125, 0.3203125, 0.73046875, 0.0926513671875, 0.1514892578125, 5.48828125, 1.8251953125, 3.791015625, 0.271728515625, 0.95751953125, 1.4609375, 0.052734375, 0.16796875, 8.7421875, 1.0859375, 1.7294921875, 3.361328125, 10.0, 16.296875, 4.39453125, 10.203125, 0.75, 0.404541015625, 2.287109375, 0.26171875, 2.98046875, 3.66796875, 2.625, 4.34765625, 6.15625, 3.5703125, 0.69970703125, 5.7109375, 1.642578125, 0.0198822021484375, 0.385498046875, 2.50390625, 0.265380859375, 0.07421875, 2.34765625, 3.17578125, 1.6298828125, 3.546875, 0.01375579833984375, 9.4609375, 2.53515625, 4.640625, 1.5390625, 4.4609375, 5.85546875, 0.266845703125, 2.224609375, 1.638671875, 2.171875, 5.109375, 0.77880859375, 2.126953125, 3.9453125, 2.2578125, 1.0546875, 4.79296875, 6.66796875, 1.404296875, 0.7763671875, 0.0140838623046875, 2.34375, 1.2099609375, 3.966796875, 0.007137298583984375, 1.421875, 4.5390625, 4.39453125, 0.343994140625, 5.75390625, 0.23876953125, 5.40234375, 0.394775390625, 2.173828125, 1.8203125, 0.051055908203125, 0.00907135009765625, 0.1622314453125, 0.080078125, 0.0021762847900390625, 1.05078125, 0.0960693359375, 2.603515625, 8.28125, 3.751953125, 0.345458984375, 5.34375, 0.0936279296875, 0.323974609375, 3.369140625, 0.90966796875, 6.55078125, 0.1898193359375, 1.0390625, 2.029296875, 3.912109375, 1.322265625, 5.01171875, 4.1015625, 1.583984375, 0.0079498291015625, 0.005374908447265625, 0.01363372802734375, 0.00716400146484375, 0.0013408660888671875, 2.345703125, 0.08660888671875, 3.9765625, 11.40625, 5.91796875, 0.38134765625, 4.42578125, 0.70703125, 3.0234375, 1.833984375, 1.71484375, 1.5029296875, 1.6025390625, 0.164306640625, 0.7109375, 0.296630859375, 4.0390625, 0.00524139404296875, 0.0024242401123046875, 0.00431060791015625, 0.0004100799560546875, 0.00223541259765625, 6.1328125, 0.03765869140625, 7.375, 6.109375, 0.08782958984375, 6.24609375, 5.10546875, 3.81640625, 0.0021457672119140625, 0.0019207000732421875, 0.004123687744140625, 0.00098419189453125, 0.0008797645568847656, 1.1123046875, 0.03851318359375, 4.73828125, 0.0162200927734375, 4.42578125, 1.1953125, 3.369140625, 7.4609375, 0.21923828125, 1.396484375, 2.21484375, 4.99609375, 0.427734375, 1.9912109375, 2.830078125, 4.5390625, 0.8125, 3.966796875, 4.21484375, 6.3359375, 7.28125, 4.3046875, 8.7734375, 1.0419921875, 4.00390625, 1.1884765625, 0.6923828125, 0.002079010009765625, 0.0018796920776367188, 0.0015392303466796875, 0.00015163421630859375, 0.00030684471130371094, 0.496337890625, 0.0299224853515625, 1.251953125, 0.0001493692398071289, 3.896484375, 0.81103515625, 0.375, 2.474609375, 0.26611328125, 3.78515625, 0.251953125, 0.61767578125, 1.296875, 3.267578125, 6.05859375, 3.72265625, 0.1392822265625, 5.99609375, 2.115234375, 3.00390625, 0.00713348388671875, 0.0016622543334960938, 0.001514434814453125, 0.00014853477478027344, 0.0005478858947753906, 0.1885986328125, 5.03515625, 0.093017578125, 0.01323699951171875, 0.005306243896484375, 0.016510009765625, 0.00011670589447021484, 0.001953125, 0.282958984375, 0.1572265625, 6.109375, 3.462890625, 6.84375, 3.017578125, 0.448486328125, 4.45703125, 6.671875, 0.400146484375, 3.171875, 2.109375, 9.078125, 0.1904296875, 1.0537109375, 0.966796875, 0.94189453125, 7.5078125, 2.46484375, 1.8564453125, 2.037109375, 2.62109375, 1.654296875, 2.048828125, 2.19921875, 0.16796875, 0.8603515625, 2.578125, 6.671875, 2.056640625, 6.4921875, 1.94921875, 1.021484375, 0.75048828125, 3.84375, 0.2149658203125, 3.275390625, 1.8173828125, 1.974609375, 0.0589599609375, 6.8203125, 5.37109375, 2.0703125, 10.765625, 3.6015625, 0.418212890625, 0.6689453125, 0.0023479461669921875, 0.0014429092407226562, 0.0008578300476074219, 5.614757537841797e-05, 0.00038433074951171875, 0.2115478515625, 0.365234375, 1.146484375, 0.00037097930908203125, 7.1875, 3.57421875, 0.1590576171875, 5.20703125, 7.16796875, 6.046875, 8.203125, 2.052734375, 8.78125, 1.5947265625, 4.359375, 0.36865234375, 0.68359375, 0.81103515625, 3.248046875, 0.537109375, 1.8369140625, 0.045013427734375, 4.3125, 0.962890625, 1.482421875, 8.0859375, 1.0830078125, 2.369140625, 1.591796875, 1.052734375, 2.400390625, 3.591796875, 4.796875, 1.607421875]",-0.8744628592332204
375,1,test,2.351141992368196,1.0148342596223416,1.417978748507107,4.194843266959085,1.8106395423477757,2.529918918199731,10.497551005292774,6.692582429013475,7.955011863406082,18.72944352023459,11.940722607160732,14.193114691544663,2.021479244807258,0.836334427784805,1.172953742559376,3.4853090427711346,1.4419559099738022,2.022334038895476,7.549484213293826,4.278323706402984,5.213284623277211,13.016352091885908,7.3764201834534235,8.988421764271056,2.339385163446187,1.0109266088700453,1.4033462985518694,4.173867054206147,1.8036676187033902,2.5038121010134073,10.374855760795441,6.5996361555793746,7.82499471741308,18.510534019260934,11.774890407076873,13.961141654089527,0.40201005025125625,0.0020100502512562235,-0.002989949748743781,0.31155778894472363,-0.003442211055276312,0.0015577889447235815,0.26633165829145733,-0.023668341708542706,-0.008668341708542693,0.35627530364372473,0.09970964707806818,0.15977463069621467,0.3943089430894309,0.31155778894472363,0.08098134784196676,0.11623224637377205,0.3484848484848485,0.35627530364372473,0.10375005111847224,0.161120525716403,0.3943089430894309,23.0,0.0,-2.0,31.0,0.0,2.0,35.0,-1.0,0.0,0.00031317620549348423,-0.0006302462065431049,-0.0009471641719604674,-0.07339900522582887,-0.06793372571554723,-0.06094203964099787,"[7.36328125, 5.52734375, 0.87109375, 6.078125, 1.1396484375, 0.137939453125, 5.27734375, 0.43212890625, -0.0, 0.322509765625, 6.07421875, 1.00390625, 0.0016202926635742188, -0.0, 0.00022113323211669922, 6.67578125, 0.1593017578125, 0.0008969306945800781, 0.202880859375, 0.00402069091796875, 0.1729736328125, 7.25390625, 3.083984375, 0.0269775390625, 0.7314453125, 0.012664794921875, 1.0132789611816406e-05, 0.052764892578125, 0.044464111328125, 2.375, 0.004108428955078125, 0.0174713134765625, 0.004428863525390625, 0.0078125, 0.0198822021484375, 0.083251953125, 0.0263519287109375, 0.0161590576171875, 0.00012087821960449219, 1.2548828125, 0.032745361328125, 0.0044097900390625, 0.001049041748046875, 0.0130157470703125, 0.0003707408905029297, 0.4453125, 4.2438507080078125e-05, 0.0025005340576171875, 0.0015192031860351562, 0.365966796875, 0.321044921875, 0.1298828125, 0.00702667236328125, 0.0035037994384765625, 0.00139617919921875, 2.056640625, 0.10308837890625, 0.0009417533874511719, 0.02069091796875, 0.06298828125, 0.01490020751953125, 0.1483154296875, 0.00010204315185546875, 0.051605224609375, 0.63525390625, 0.000102996826171875, 0.01214599609375, 0.004608154296875, 0.420654296875, 0.01145172119140625, 3.5762786865234375e-07, 0.006954193115234375, 0.42724609375, 2.2649765014648438e-06, 0.0161895751953125, 0.0017175674438476562, 0.0775146484375, 0.05120849609375, 0.00033545494079589844, 0.0035190582275390625, 0.44482421875, 0.0034122467041015625, 0.01535797119140625, 2.4557113647460938e-05, 0.047271728515625, 0.01556396484375, 0.10064697265625, 0.00046896934509277344, 0.00034117698669433594, 4.863739013671875e-05, 0.18896484375, 0.01480865478515625, 0.0009794235229492188, 0.07928466796875, 5.1140785217285156e-05, 0.0010690689086914062, 0.01320648193359375, 0.00986480712890625, 0.04718017578125, 0.1568603515625, 0.70361328125, 2.9206275939941406e-05, 0.00012183189392089844, 9.875, 3.0234375, 1.9189453125, 4.3125, 9.53125, 2.404296875, 3.751953125, 3.001953125, 6.984375, 0.98193359375, 1.6142578125, 4.62109375, 0.5498046875, 0.2607421875, 6.90234375, 0.1397705078125, 0.04400634765625, 6.01171875, 8.765625, 6.57421875, 0.164794921875, 6.1640625, 0.6953125, 7.04296875, 1.6298828125, 2.04296875, 6.63671875, 1.23828125, 5.06640625, 6.37109375, 3.25390625, 8.7109375, 3.787109375, 0.80517578125, 5.35546875, 4.1953125, 0.87060546875, 0.071533203125, 0.93310546875, 3.1171875, 7.30078125, 3.283203125, 4.1875, 11.0234375, 9.1953125, 3.83203125, 8.828125, 6.45703125, 3.71875, 1.3544921875, 4.2578125, 1.8154296875, 0.08013916015625, 0.724609375, 0.458984375, 1.876953125, 1.47265625, 7.8515625, 0.040008544921875, 0.72021484375, 7.12890625, 0.36767578125, 8.0625, 0.026397705078125, 0.83251953125, 6.09375, 9.6015625, 0.3544921875, 0.4853515625, 1.3310546875, 4.10546875, 3.03125, 0.1275634765625, 1.5068359375, 3.482421875, 0.9091796875, 6.890625, 4.3515625, 1.6162109375, 1.4267578125, 2.611328125, 5.73046875, 0.280029296875, 9.0, 1.615234375, 3.1015625, 0.430419921875, 6.0546875, 0.120361328125, 6.26953125, 0.8330078125, 1.595703125, 6.1171875, 1.60546875, 5.15625, 0.0130157470703125, 2.80078125, 0.17138671875, 0.034088134765625, 1.1015625, 3.533203125, 1.7998046875, 3.9140625, 10.5, 9.0859375, 2.189453125, 8.7109375, 4.15625, 0.50732421875, 0.52978515625, 8.0390625, 7.37890625, 3.4921875, 2.33203125, 5.69921875, 9.3125, 6.484375, 3.3125, 1.7314453125, 0.0033397674560546875, 0.177490234375, 0.21923828125, 3.775390625, 1.8720703125, 5.6171875, 1.4697265625, 2.037109375, 8.2578125, 0.08905029296875, 5.8515625, 0.04388427734375, 2.810546875, 4.1328125, 8.3671875, 4.046875, 0.0151214599609375, 1.046875, 5.26171875, 7.00390625, 3.96484375, 7.9296875, 5.4609375, 0.03521728515625, 0.495361328125]",-1.6338598100762618
96,1,test,3.322416197664384,1.4265706366912492,2.00355762960944,5.886697155593271,2.5276150878287904,3.5499276121939074,27.727264238717627,21.069088319914023,23.988113284538265,49.12750173839901,37.33046521112283,42.5024289068329,3.4565173261728717,1.461438842754268,2.0678038145828888,5.620353375890848,2.376323321551655,3.36228262533803,31.7063610938219,24.353581017259128,27.696672777919446,51.555058689141305,39.59931872725062,45.03524028929992,3.322416197664384,1.4265706366912492,2.00355762960944,5.886697155593271,2.5276150878287904,3.5499276121939074,27.727264238717627,21.069088319914023,23.988113284538265,49.12750173839901,37.33046521112283,42.5024289068329,0.7437185929648241,-0.0012814070351758744,-0.0012814070351758744,0.5879396984924623,0.0029396984924623393,-0.002060301507537776,0.457286432160804,-0.012713567839195972,0.0022864321608040417,0.42585551330798477,0.11406844106463876,0.1761723700887199,0.4122137404580153,0.42713567839195976,0.10050251256281406,0.16917922948073694,0.4242424242424242,0.42585551330798477,0.11406844106463876,0.1761723700887199,0.4122137404580153,12.0,-1.0,0.0,22.0,-1.0,-1.0,32.0,0.0,0.0,0.00016540124306618867,9.537767536210452e-05,-8.079737409704915e-05,-0.00013480533558407615,-0.00018378111340844328,8.585827751517172e-05,"[5.5703125, 4.07421875, 5.421875, 0.031829833984375, 0.04693603515625, 6.625, 1.576171875, 6.96875, 2.60546875, 2.578125, 2.16015625, 5.4609375, 10.171875, 0.0033092498779296875, 0.2203369140625, 0.00519561767578125, 2.142578125, 1.2646484375, 0.07318115234375, 0.40771484375, 10.1484375, 1.2021484375, 11.21875, 1.9287109375, 7.45703125, 8.1875, 3.4609375, 4.16796875, 0.73486328125, 6.55859375, 0.0027408599853515625, 8.4921875, 1.9814453125, 5.03515625, 5.8125, 2.38671875, 0.89404296875, 0.0888671875, 5.75, 2.884765625, 4.7890625, 1.9072265625, 5.6953125, 0.10101318359375, 0.1087646484375, 1.94140625, 8.8828125, 1.3017578125, 2.927734375, 2.171875, 0.1009521484375, 6.37890625, 3.0625, 5.55078125, 7.10546875, 1.123046875, 5.2109375, 3.9609375, 4.64453125, 2.01171875, 4.71484375, 4.16015625, 1.361328125, 5.24609375, 0.174560546875, 0.388916015625, 4.83203125, 4.60546875, 0.734375, 0.5927734375, 0.076416015625, 1.115234375, 1.763671875, 3.455078125, 5.2421875, 2.00390625, 3.40234375, 0.310546875, 1.166015625, 5.27734375, 3.630859375, 0.67529296875, 2.119140625, 2.3671875, 4.4765625, 2.1640625, 5.25, 3.359375, 2.900390625, 4.5703125, 10.234375, 10.7421875, 1.3173828125, 0.74267578125, 0.376953125, 1.9716796875, 1.1748046875, 3.521484375, 1.048828125, 5.1640625, 1.06640625, 0.0701904296875, 20.453125, 0.482177734375, 3.732421875, 0.010345458984375, 0.461181640625, 3.2421875, 0.0006470680236816406, 1.640625, 0.1378173828125, 5.421875, 9.3671875, 0.057525634765625, 9.21875, 5.62890625, 2.33984375, 3.95703125, 1.15625, 4.921875, 8.09375, 1.1806640625, 2.015625, 6.94140625, 1.2744140625, 5.84375, 0.0006651878356933594, 0.108642578125, 3.197265625, 6.0625, 4.27734375, 0.0677490234375, 7.68359375, 0.1185302734375, 2.494140625, 3.1640625, 2.5859375, 6.73828125, 6.3515625, 3.408203125, 0.75, 0.054718017578125, 5.16015625, 5.859375, 0.09075927734375, 2.1015625, 5.7890625, 1.56640625, 2.470703125, 0.0004565715789794922, 2.521484375, 9.78125, 0.282470703125, 1.841796875, 6.359375, 2.9453125, 0.00838470458984375, 0.1990966796875, 2.115234375, 1.15625, 0.1575927734375, 0.139892578125, 3.509765625, 3.8359375, 3.9609375, 1.8720703125, 0.0682373046875, 0.083740234375, 8.2578125, 2.138671875, 2.5625, 3.478515625, 1.66015625, 3.72265625, 5.88671875, 10.2265625, 1.0068359375, 0.0594482421875, 1.06640625, 1.130859375, 0.2191162109375, 0.159423828125, 8.1015625, 0.57470703125, 7.33984375, 0.0435791015625, 12.265625, 3.955078125, 6.328125, 5.69921875, 7.03125, 1.671875, 9.28125, 3.537109375, 9.4375, 5.9375, 2.185546875, 8.4140625, 11.015625, 8.6015625, 8.765625, 0.49169921875, 0.0128326416015625, 4.35546875, 4.95703125, 0.07421875, 3.013671875, 2.916015625, 4.2421875, 0.1729736328125, 0.9619140625, 2.84375, 1.5654296875, 0.64306640625, 0.004947662353515625, 0.0190582275390625, 0.346923828125, 7.3515625, 2.095703125, 3.5703125, 0.159912109375, 1.8076171875, 0.9638671875, 0.46435546875, 0.174072265625, 0.0031890869140625, 0.056732177734375, 6.2265625, 5.76171875, 1.0634765625, 1.314453125, 1.4091796875, 6.56640625, 8.5703125, 5.13671875, 0.8017578125, 5.421875, 2.140625, 8.5859375, 0.0007367134094238281, 3.130859375, 6.14453125, 7.37109375, 0.058868408203125, 4.91015625, 5.45703125, 8.3125, 0.7919921875, 0.92919921875, 5.43359375, 0.0011529922485351562, 2.25390625, 0.89599609375, 0.056121826171875, 0.050994873046875, 9.046875, 0.00797271728515625, 8.1328125, 1.5771484375, 3.396484375, 0.244140625, 0.003894805908203125, 4.69140625]",-0.9436298495463094
315,1,test,2.7300342155151625,1.1440650847772877,1.6022607801080677,4.851566828776945,2.0331277108993966,2.8473911453727707,15.333411651510728,10.449389309653316,12.244640162735323,27.249135163829305,18.569697869564628,21.760053301246508,2.8051680937484282,1.1262307999165624,1.6475710327567812,4.67528015624738,1.8770513331942702,2.745951721261302,16.529854237705813,11.169997247302494,13.347576974542871,27.54975706284302,18.616662078837493,22.24596162423812,2.7300342155151625,1.1440650847772877,1.6022607801080677,4.851566828776945,2.0331277108993966,2.8473911453727707,15.333411651510728,10.449389309653316,12.244640162735323,27.249135163829305,18.569697869564628,21.760053301246508,0.6733668341708543,0.008366834170854265,-0.0066331658291456375,0.5025125628140703,-0.02748743718592972,-0.01748743718592971,0.371859296482412,0.0018592964824120095,-0.013140703517588004,0.391156462585034,0.06687802455447378,0.13097546710992092,0.3549488054607508,0.3869346733668342,0.051095074369340465,0.11982282027835334,0.3484848484848485,0.391156462585034,0.06687802455447378,0.13097546710992092,0.3549488054607508,20.0,-1.0,0.0,33.0,-2.0,-1.0,41.0,-1.0,-1.0,0.0005773741173959904,0.00034964831981206175,5.885244332934337e-05,-0.0003496329132595122,0.00012301345579235345,-2.278298851532412e-05,"[9.5625, 10.2109375, 1.3876953125, 1.91015625, 2.701171875, 1.5458984375, 0.060089111328125, 0.49755859375, 2.513671875, 6.046875, 0.342041015625, 2.837890625, 5.19921875, 4.59765625, 4.15234375, 0.89697265625, 2.916015625, 6.92578125, 4.66015625, 2.09765625, 1.45703125, 8.2734375, 4.98828125, 0.7939453125, 6.1953125, 7.82421875, 3.630859375, 9.21875, 1.0419921875, 4.47265625, 0.75341796875, 3.30859375, 1.390625, 5.16015625, 1.517578125, 0.0496826171875, 1.3798828125, 0.6689453125, 6.25, 5.6796875, 3.380859375, 3.083984375, 0.01276397705078125, 0.007442474365234375, 0.386474609375, 3.279296875, 0.225830078125, 0.130859375, 1.6591796875, 0.310791015625, 2.634765625, 2.466796875, 0.056549072265625, 0.09814453125, 1.41796875, 9.5859375, 0.044036865234375, 0.326171875, 2.404296875, 8.0546875, 5.4453125, 1.623046875, 3.818359375, 2.17578125, 1.46875, 0.0311126708984375, 2.60546875, 4.6328125, 0.169677734375, 0.13916015625, 5.5546875, 0.31884765625, 3.880859375, 6.8359375, 4.24609375, 4.2109375, 4.38671875, 2.421875, 4.32421875, 4.52734375, 2.14453125, 2.39453125, 0.47998046875, 2.580078125, 2.5546875, 7.60546875, 1.5234375, 0.25439453125, 7.50390625, 8.09375, 2.59375, 0.353271484375, 1.9794921875, 3.712890625, 1.8486328125, 6.34765625, 1.5791015625, 0.7822265625, 4.4140625, 0.026641845703125, 9.53125, 3.244140625, 2.57421875, 0.2998046875, 3.986328125, 1.322265625, 5.9140625, 7.0234375, 2.619140625, 6.76953125, 0.294921875, 1.017578125, 0.0008792877197265625, 0.2900390625, 0.2132568359375, 2.609375, 0.0174713134765625, 1.5517578125, 10.28125, 0.79541015625, 0.449462890625, 1.822265625, 0.14794921875, 2.951171875, 3.783203125, 1.5869140625, 7.69140625, 0.1319580078125, 4.08203125, 4.1953125, 0.05877685546875, 4.02734375, 0.0079193115234375, 2.140625, 2.486328125, 2.369140625, 6.0078125, 3.65234375, 0.27197265625, 3.33203125, 1.001953125, 2.07421875, 2.486328125, 2.181640625, 0.201171875, 0.048919677734375, 0.1243896484375, 2.6875, 11.6953125, 3.736328125, 3.81640625, 3.685546875, 2.765625, 1.986328125, 0.00325775146484375, 1.6650390625, 4.55859375, 0.0137176513671875, 4.7890625, 5.88671875, 4.1875, 2.162109375, 1.05078125, 0.05767822265625, 0.7373046875, 3.115234375, 0.0016775131225585938, 4.375, 6.5078125, 5.17578125, 4.7265625, 0.253662109375, 0.76220703125, 1.984375, 1.462890625, 0.89794921875, 0.53076171875, 0.168212890625, 0.1881103515625, 0.7080078125, 2.70703125, 1.203125, 0.0002231597900390625, 0.1053466796875, 0.2415771484375, 0.82568359375, 0.049163818359375, 7.765625, 8.3359375, 6.5390625, 0.0966796875, 0.0350341796875, 1.3427734375, 3.07421875, 4.05078125, 6.90625, 0.00809478759765625, 0.0274658203125, 0.263916015625, 0.132080078125, 2.587890625, 1.462890625, 6.16796875, 2.19921875, 6.125, 0.5244140625, 0.41845703125, 0.00734710693359375, 0.24609375, 3.7265625, 6.83984375, 0.051116943359375, 6.828125, 5.8828125, 4.44140625, 3.337890625, 0.0399169921875, 4.2109375, 0.0208587646484375, 0.0426025390625, 0.087158203125, 7.76953125, 2.47265625, 1.083984375, 5.80859375, 4.1171875, 1.8095703125, 0.3701171875, 2.3671875, 0.000560760498046875, 0.1279296875, 0.1337890625, 1.9375, 2.6796875, 5.36328125, 3.90234375, 2.73828125, 2.66796875, 3.8359375, 0.92138671875, 1.359375, 0.037353515625, 0.0020599365234375, 2.642578125, 9.1171875, 7.5, 1.2626953125, 4.51171875, 5.86328125, 0.0004000663757324219, 6.25, 0.230224609375, 1.537109375, 9.9609375, 1.779296875, 0.00020253658294677734, 0.0008134841918945312, 0.0020923614501953125, 2.560546875, 3.041015625, 0.014434814453125, 4.26171875, 2.83203125, 0.08062744140625, 7.05859375, 2.400390625, 1.2470703125, 0.1295166015625, 2.064453125, 5.66796875, 1.7734375, 5.21875, 2.884765625, 0.133056640625, 0.47802734375, 0.402099609375, 5.9765625, 0.67626953125, 0.028533935546875, 0.09210205078125, 0.477783203125, 0.0004398822784423828, 0.171630859375, 0.2255859375, 8.6015625, 1.47265625, 1.8330078125, 4.234375, 8.25, 4.6640625, 5.41015625, 3.658203125, 1.1962890625, 0.0014972686767578125]",-0.667622702056859
57,1,test,3.1563578745753493,1.4051080148619863,1.9389719931513991,5.724574530285727,2.548394660495031,3.5166448571441524,23.48490500563086,17.723105386926502,20.10656021909266,42.59374075555411,32.14376877628906,36.46655642220532,2.9646578559923413,1.1675749424430184,1.690517297813228,5.024843823715833,1.9789405804118956,2.865283555615641,19.388068595043944,13.356042760875617,15.812441549290787,32.86113321193889,22.63736061165359,26.800748388628456,3.1563578745753493,1.4051080148619863,1.9389719931513991,5.724574530285727,2.548394660495031,3.5166448571441524,23.48490500563086,17.723105386926502,20.10656021909266,42.59374075555411,32.14376877628906,36.46655642220532,0.6783919597989949,0.00339195979899487,-0.0016080402010050232,0.5276381909547738,0.0026381909547738003,-0.007361809045226098,0.37688442211055273,-0.013115577889447283,-0.013115577889447283,0.3883161512027491,0.08985989048233745,0.13574472263132054,0.41034482758620694,0.3869346733668342,0.06112013702598207,0.11147557486933835,0.4040404040404041,0.3883161512027491,0.08985989048233745,0.13574472263132054,0.41034482758620694,16.0,4.0,3.0,24.0,2.0,2.0,32.0,4.0,3.0,-0.0005921729699462365,-0.00022846989152056353,-5.112402251355456e-05,-0.011436752597807853,-0.012327231645505421,-0.012082598960947877,"[1.859375, 5.28125, 0.00511932373046875, 0.052032470703125, 1.68359375, 7.0078125, 0.2626953125, 8.078125, 3.71875, 4.9375, 2.734375, 1.43359375, 2.990234375, 2.587890625, 1.4873046875, 3.9140625, 2.037109375, 0.0926513671875, 3.947265625, 3.5, 6.671875, 6.02734375, 1.916015625, 2.65625, 3.095703125, 6.96875, 2.267578125, 0.034149169921875, 5.625, 0.90869140625, 2.873046875, 0.0306396484375, 1.5341796875, 2.462890625, 0.74658203125, 0.90966796875, 2.3671875, 6.62890625, 2.2265625, 1.8642578125, 0.0887451171875, 2.802734375, 3.369140625, 2.69921875, 1.42578125, 6.5, 2.212890625, 0.0191650390625, 0.5322265625, 0.1466064453125, 0.005870819091796875, 0.83837890625, 1.541015625, 2.28515625, 0.0021800994873046875, 0.06585693359375, 0.0733642578125, 0.0010824203491210938, 0.75439453125, 1.3935546875, 2.478515625, 2.515625, 1.5126953125, 2.732421875, 0.06396484375, 1.6796875, 13.0234375, 2.62109375, 3.119140625, 0.00926971435546875, 7.43359375, 0.86865234375, 2.24609375, 2.18359375, 2.12109375, 1.380859375, 5.94921875, 3.13671875, 4.640625, 1.3583984375, 9.203125, 4.14453125, 4.89453125, 2.4453125, 0.806640625, 3.98828125, 3.974609375, 0.806640625, 2.341796875, 6.9375, 8.171875, 0.085693359375, 0.0209197998046875, 1.4501953125, 1.6484375, 3.8515625, 7.9296875, 0.1300048828125, 1.39453125, 3.412109375, 4.6953125, 1.4072265625, 9.140625, 4.1328125, 1.251953125, 4.1015625, 1.8544921875, 3.486328125, 4.75390625, 8.9453125, 0.9443359375, 0.0004246234893798828, 4.7578125, 9.6875, 1.958984375, 2.525390625, 4.53125, 4.2109375, 0.5771484375, 7.70703125, 1.119140625, 2.16015625, 0.0006232261657714844, 2.216796875, 1.447265625, 6.140625, 0.06414794921875, 5.11328125, 1.73828125, 7.0625, 2.2890625, 4.984375, 5.16796875, 6.01953125, 7.34375, 2.279296875, 4.03515625, 7.859375, 5.0546875, 1.2724609375, 5.3671875, 3.556640625, 6.875, 4.81640625, 0.184326171875, 1.6533203125, 6.62109375, 0.2032470703125, 0.5009765625, 6.0390625, 4.15625, 0.133056640625, 16.046875, 10.9921875, 1.5615234375, 0.00019156932830810547, 0.091064453125, 0.83056640625, 0.464111328125, 0.0152740478515625, 0.7236328125, 0.607421875, 6.78515625, 0.7314453125, 3.466796875, 3.3736228942871094e-05, 0.012847900390625, 0.00772857666015625, 3.719329833984375e-05, 3.7265625, 0.76416015625, 2.970703125, 0.00010597705841064453, 0.0161590576171875, 0.0080413818359375, 0.00011348724365234375, 0.305908203125, 0.78662109375, 2.470703125, 4.41015625, 9.6953125, 0.365234375, 4.5625, 0.9365234375, 7.3359375, 0.9462890625, 13.0625, 1.4931640625, 0.67333984375, 2.953125, 2.841796875, 1.0751953125, 5.17578125, 0.58154296875, 11.7734375, 0.2137451171875, 0.8115234375, 6.0234375, 0.79296875, 5.06640625, 0.400634765625, 1.0390625, 3.833984375, 0.1719970703125, 4.2421875, 2.296875, 0.1934814453125, 0.038726806640625, 1.419921875, 7.14453125, 5.80859375, 0.03564453125, 9.4296875, 5.52734375, 9.9453125, 6.58203125, 3.296875, 5.6953125, 1.986328125, 3.771484375, 5.109375, 2.46484375, 0.10198974609375, 2.21484375, 6.46484375, 2.1796875, 13.6328125, 1.916015625, 8.375, 4.15625, 1.0380859375, 1.3408203125, 2.396484375, 0.541015625, 3.087890625, 7.11328125, 0.64306640625, 6.140625, 2.287109375, 6.17578125, 1.6640625, 0.71728515625, 1.6826171875, 3.892578125, 5.23828125, 0.67626953125, 11.3984375, 2.232421875, 5.5, 3.640625, 8.6484375, 0.08154296875, 4.03515625, 2.51171875, 0.8642578125, 4.99609375, 2.923828125, 0.71142578125, 1.1767578125, 0.0004875659942626953, 4.875, 0.031829833984375, 1.5849609375, 8.4765625, 0.1815185546875, 2.93359375, 0.39453125, 7.20703125, 3.998046875, 1.6103515625, 10.15625, 0.2432861328125, 7.92578125, 0.0264739990234375, 0.6171875, 8.0390625, 5.09375, 4.078125, 7.7265625, 6.47265625, 1.6611328125, 4.52734375, 0.227783203125, 3.14453125, 5.29296875, 5.73828125, 1.5009765625, 0.056976318359375, 0.10076904296875, 1.150390625, 1.376953125]",-0.7134958603947434
393,1,test,2.8670585792405263,1.1934550270262672,1.6276505593067605,5.268783043525784,2.1932079292472237,2.99112746762656,17.58521653097,12.25387152748093,14.131648115121259,32.31628797052603,22.518894796574905,25.96967794977781,2.826533712933411,1.1349324613336282,1.5909040773518228,4.558925343440985,1.8305362279574648,2.5659743183093915,16.8868246764186,11.458659067636056,13.446280548553752,27.236813994223546,18.481708173606542,21.68754927186089,2.8741218186541144,1.2119873084052648,1.6568023372892373,5.042318980094938,2.126293523518009,2.906670767174101,17.709864817595417,12.439315930657559,14.331744345903271,31.06993827648319,21.82336128185537,25.14341113316363,0.6231155778894473,-0.01188442211055274,0.003115577889447274,0.4623115577889447,-0.02268844221105526,-0.027688442211055264,0.3869346733668342,-0.0030653266331658324,0.001934673366834172,0.3857142857142857,0.07900957815365806,0.1256947353721547,0.3724928366762178,0.40201005025125625,0.08872684223120608,0.1265509517537604,0.38383838383838387,0.3846153846153846,0.08745344805444966,0.13544964490459477,0.3791946308724832,19.0,7.0,7.0,33.0,9.0,11.0,42.0,9.0,9.0,0.0006709216084706689,-9.352610672243815e-05,6.398281012591283e-05,0.0003056398190430798,-9.39039469933789e-05,0.00014316252583412847,"[2.88671875, 1.2119140625, 0.19287109375, 0.2197265625, 0.0020275115966796875, 1.119140625, 0.0074615478515625, 0.031036376953125, 7.92578125, 6.66015625, 1.076171875, 5.1875, 1.2294921875, 3.8828125, 3.873046875, 10.1015625, 0.10791015625, 1.423828125, 5.609375, 6.3203125, 5.02734375, 1.42578125, 7.09765625, 0.6845703125, 3.673828125, 4.73046875, 0.345947265625, 6.015625, 2.849609375, 7.06640625, 7.88671875, 6.53515625, 2.005859375, 2.91015625, 4.22265625, 0.322998046875, 6.9296875, 5.70703125, 0.78564453125, 2.341796875, 1.56640625, 3.142578125, 6.96875, 0.61376953125, 1.44140625, 1.1826171875, 2.859375, 5.1875, 1.4951171875, 4.60546875, 0.0198516845703125, 2.458984375, 4.7109375, 0.01078033447265625, 4.51953125, 6.28125, 0.66650390625, 6.62109375, 7.3359375, 5.09765625, 1.642578125, 6.92578125, 0.0849609375, 0.0027370452880859375, 2.1640625, 9.171875, 1.5234375, 2.927734375, 3.576171875, 2.642578125, 0.1531982421875, 1.9150390625, 5.25, 1.7685546875, 0.72265625, 0.08966064453125, 0.69873046875, 1.806640625, 10.234375, 1.646484375, 0.0025539398193359375, 8.796875, 8.4453125, 0.8984375, 0.12078857421875, 0.435546875, 4.484375, 4.74609375, 10.515625, 1.083984375, 0.00014793872833251953, 0.130615234375, 0.1756591796875, 5.28515625, 6.1796875, 1.3017578125, 5.042552947998047e-05, 0.07720947265625, 0.1708984375, 4.35546875, 5.91015625, 6.45703125, 6.3046875, 2.220703125, 5.161762237548828e-05, 0.1160888671875, 0.17431640625, 1.61328125, 6.765625, 1.443359375, 0.9365234375, 4.71875, 0.062744140625, 3.29296875, 0.0164337158203125, 0.0027103424072265625, 0.148193359375, 0.88134765625, 0.242919921875, 8.3828125, 7.609375, 6.01953125, 2.876953125, 7.66796875, 5.26953125, 2.82421875, 5.95703125, 0.006191253662109375, 5.6015625, 0.5810546875, 0.07476806640625, 0.353515625, 3.376953125, 13.2265625, 2.275390625, 4.31640625, 3.861328125, 0.86962890625, 2.806640625, 1.1640625, 1.712890625, 2.189453125, 1.0693359375, 5.6328125, 0.06884765625, 2.4609375, 0.0234375, 0.476318359375, 1.298828125, 7.1796875, 0.427978515625, 0.219970703125, 0.24462890625, 0.03424072265625, 0.2357177734375, 2.681640625, 0.0213165283203125, 3.009765625, 0.0185089111328125, 0.74267578125, 0.4443359375, 2.2265625, 7.4921875, 2.150390625, 3.599609375, 0.358642578125, 0.5078125, 8.796875, 1.26953125, 0.0419921875, 0.163330078125, 2.3515625, 1.7548828125, 6.26171875, 0.044525146484375, 6.140625, 0.00917816162109375, 0.77099609375, 1.08984375, 0.00107574462890625, 0.63623046875, 2.666015625, 0.054656982421875, 0.007244110107421875, 5.233287811279297e-05, 5.12890625, 0.156005859375, 4.4140625, 4.34765625, 0.0322265625, 0.004322052001953125, 0.06414794921875, 0.693359375, 0.12744140625, 3.953125, 8.28125, 0.99169921875, 5.09375, 3.80078125, 6.78515625, 0.3095703125, 2.23046875, 7.88671875, 0.419189453125, 0.1097412109375, 2.982421875, 1.177734375, 3.0703125, 4.23046875, 1.6455078125, 2.2421875, 5.703125, 0.89013671875, 0.00806427001953125, 2.548828125, 2.03125, 0.1361083984375, 10.03125, 0.931640625, 6.8515625, 2.595703125, 0.74560546875, 4.5390625, 2.384765625, 11.078125, 6.140625, 4.328125, 0.00044727325439453125, 0.740234375, 0.2890625, 0.325439453125, 0.6337890625, 5.1796875, 12.0546875, 0.377685546875, 1.3037109375, 1.0888671875, 0.00011348724365234375, 0.339111328125, 0.083251953125, 4.94140625, 0.98974609375, 7.66796875, 2.294921875, 1.8251953125, 0.7412109375, 0.62841796875, 0.00049591064453125, 3.240234375, 0.4658203125, 0.0004723072052001953, 0.00048160552978515625, 1.3947486877441406e-05, 2.033203125, 0.0635986328125, 8.078125, 8.75, 2.681640625, 1.466796875, 0.081298828125, 0.468505859375, 5.745887756347656e-05, 4.87109375, 0.1326904296875, 1.5830078125, 1.8935546875, 8.375, 11.5859375, 0.57080078125, 2.787109375, 4.5234375, 0.034881591796875, 0.002971649169921875, 0.0631103515625, 4.6796875, 6.00390625, 0.0982666015625, 5.06640625, 0.034423828125, 0.01279449462890625, 0.1278076171875, 9.3671875, 4.64453125, 13.75, 2.685546875, 1.5234375, 2.3359375, 5.1328125, 0.020843505859375, 4.59375, 2.091796875, 1.8515625, 8.03125, 9.1953125, 6.98828125, 3.390625, 4.71484375, 3.17578125, 0.2242431640625, 8.703125, 0.3427734375, 6.05859375, 2.734375, 5.359375, 12.5703125, 4.9765625, 3.76171875, 0.9130859375, 6.19921875, 0.058685302734375, 7.109375, 2.5078125, 0.036376953125, 0.0024356842041015625, 0.05767822265625, 0.4365234375, 0.034912109375, 0.0670166015625, 3.20703125, 1.3505859375, 5.09765625, 0.0167999267578125, 0.034881591796875, 0.01708984375, 2.44921875, 9.7421875, 5.9453125, 2.875, 6.453125, 2.626953125, 7.55859375, 0.84521484375, 1.6630859375, 2.4140625, 4.69140625, 5.90234375, 4.21484375, 0.54150390625, 4.2734375, 0.26220703125, 0.0283966064453125, 0.0482177734375, 3.457069396972656e-05, 1.125, 0.37109375, 2.673828125, 0.0004038810729980469, 1.8798828125, 2.203125, 3.314453125]",-0.9768122989790782
448,1,test,3.1525034196134927,1.355331662206882,1.8865446265650936,5.106686825923611,2.195478774452084,3.0559816465411167,23.394557728614366,17.36199596219688,19.848066270745136,37.89644731477298,28.12440281595635,32.15154594734739,3.203826473585924,1.3482328771011973,1.8876876520143064,4.746409590497665,1.9973820401499216,2.7965742992804534,24.626583106632044,18.23108964009617,20.897587878350862,36.48382682464006,27.009021689031357,30.959389449408683,3.1580396532148556,1.361787277944971,1.905958180168817,5.115654876845117,2.205936116905011,3.0874293327880835,23.524434647957143,17.497416562295378,20.026819069451314,38.106832733825314,28.343768349449242,32.441104574491305,0.7135678391959799,0.013567839195979925,-0.011432160804020097,0.5829145728643217,-0.002085427135678275,0.0029145728643216184,0.44723618090452266,0.002236180904522711,-0.007763819095477298,0.427536231884058,0.08576407998532376,0.16006635236598565,0.4290909090909091,0.4371859296482412,0.0963337993224267,0.16673517839615437,0.4494949494949495,0.427536231884058,0.09480567130539619,0.15765671381176882,0.4363636363636364,24.0,0.0,1.0,35.0,1.0,1.0,43.0,-2.0,-1.0,0.00038163579898513566,0.00020819825348463556,-8.159362938391829e-05,-0.00022489431977135155,0.00019273690668875076,4.029903692170933e-05,"[6.8203125, 5.3515625, 6.65234375, 3.056640625, 0.0005254745483398438, 0.0272979736328125, 1.283203125, 0.0718994140625, 0.005615234375, 1.3818359375, 0.14111328125, 0.006961822509765625, 3.6954879760742188e-06, 3.49609375, 0.00109100341796875, 0.02630615234375, 5.8671875, 0.2685546875, 2.072265625, 8.25, 0.170166015625, 7.91015625, 1.8154296875, 2.548828125, 1.3125, 6.9609375, 5.59375, 0.460693359375, 4.21484375, 4.35546875, 7.5546875, 3.310546875, 5.74609375, 5.8125, 6.5078125, 1.927734375, 9.0234375, 1.5703125, 1.9072265625, 0.7197265625, 0.2119140625, 2.892578125, 4.5546875, 0.1517333984375, 0.11346435546875, 7.50390625, 0.78369140625, 3.86328125, 4.87890625, 0.0108642578125, 2.83984375, 0.282470703125, 2.447265625, 3.79296875, 4.73046875, 3.06640625, 1.8828125, 0.01314544677734375, 4.5703125, 2.720703125, 0.9169921875, 0.36328125, 0.91748046875, 8.328125, 1.2109375, 1.435546875, 3.279296875, 7.1015625, 0.14990234375, 1.0478515625, 5.19140625, 0.8427734375, 1.7021484375, 6.97265625, 1.8330078125, 4.69921875, 3.306640625, 9.7890625, 0.006038665771484375, 6.03125, 4.12890625, 2.1640625, 8.6640625, 2.572265625, 8.78125, 5.69921875, 6.796875, 4.83984375, 4.2265625, 0.5595703125, 0.471923828125, 0.1435546875, 2.740234375, 7.25390625, 0.1407470703125, 4.21875, 4.84765625, 5.76953125, 4.05859375, 4.17578125, 4.78125, 2.73828125, 7.91796875, 3.916015625, 0.0125885009765625, 5.23046875, 0.492919921875, 4.4296875, 0.0104217529296875, 4.97265625, 5.44921875, 0.079345703125, 2.79296875, 6.8359375, 2.130859375, 6.26171875, 2.3984375, 2.8671875, 6.08984375, 1.42578125, 6.625, 4.765625, 1.8740234375, 1.970703125, 10.2109375, 4.37890625, 7.17578125, 3.0390625, 12.2109375, 1.484375, 5.5625, 4.49609375, 2.841796875, 9.2578125, 0.69091796875, 2.763671875, 5.58984375, 10.6796875, 7.89453125, 0.061981201171875, 2.388671875, 2.251953125, 4.68359375, 4.875, 0.397216796875, 4.60546875, 3.701171875, 6.62109375, 2.06640625, 0.6962890625, 1.5986328125, 0.001377105712890625, 4.125, 0.470703125, 0.03826904296875, 0.154541015625, 1.46484375, 2.740234375, 2.658203125, 5.9375, 1.9189453125, 0.101318359375, 1.580078125, 5.61328125, 2.28515625, 2.380859375, 0.7734375, 2.255859375, 4.0546875, 1.7509765625, 1.443359375, 1.5625, 6.765625, 3.12890625, 0.0191497802734375, 0.2152099609375, 4.79296875, 0.0924072265625, 3.4921875, 1.935546875, 7.30859375, 1.3564453125, 0.271240234375, 3.291015625, 1.646484375, 0.0013303756713867188, 0.1939697265625, 0.05035400390625, 1.8427734375, 6.90234375, 0.051910400390625, 0.124755859375, 0.00616455078125, 7.59765625, 0.33447265625, 1.16796875, 4.09375, 7.078125, 5.46484375, 8.2265625, 0.06927490234375, 9.0625, 0.01348876953125, 0.50439453125, 4.00390625, 3.4453125, 0.388671875, 0.61474609375, 4.10546875, 2.66015625, 2.197265625, 2.28125, 0.0001621246337890625, 2.224609375, 0.0188751220703125, 7.8046875, 0.0201416015625, 0.365966796875, 0.79296875, 3.357421875, 3.197265625, 1.3974609375, 1.638671875, 3.044921875, 0.0164794921875, 3.20703125, 8.6171875, 0.286376953125, 0.1121826171875, 5.79296875, 4.21484375, 0.003307342529296875, 0.0070343017578125, 1.39453125, 4.4296875, 3.0625, 4.4296875, 7.28515625, 1.345703125, 1.8291015625, 0.314697265625, 5.91015625, 5.4375, 1.306640625, 0.199951171875, 5.91015625, 1.37109375, 6.80859375, 8.5546875, 4.453125, 2.828125, 8.75, 3.890625, 0.9892578125, 11.7109375, 1.9638671875, 0.66943359375, 4.96484375, 4.28515625, 1.8193359375, 5.40234375, 0.5458984375, 4.51953125, 0.065673828125, 1.677734375, 0.0277862548828125, 1.6494140625, 0.00010073184967041016, 0.257568359375, 0.033172607421875, 6.58984375, 7.18359375, 2.376953125, 5.48046875, 0.0316162109375, 0.9169921875]",-0.882091116214144
279,1,test,2.3804662925355573,0.9770043737536998,1.3706044664553918,4.919630337906819,2.019142372424313,2.83258256400781,10.809942284314877,6.7406792159284965,8.064720613544162,22.340547387584078,13.930737046252226,16.66708926799127,2.2919089686331438,0.8157075024814975,1.1979377955982593,4.167107215696625,1.483104549966359,2.1780687192695622,9.893806631848157,5.5175160512849555,6.907697718743119,17.988739330633013,10.031847365972647,12.55945039771476,2.263541251520648,0.9439559805275473,1.307047777565975,4.6194719418788734,1.9264407765868312,2.6674444440121943,9.617085455025013,5.87521626130433,7.014530925708651,19.62670501025513,11.990237267968023,14.315369236140105,0.5527638190954773,0.007763819095477409,0.0027638190954772934,0.457286432160804,0.007286432160804046,-0.0027135678391959628,0.33668341708542715,-0.0033165829145728187,-0.0033165829145728187,0.38235294117647056,0.09454090006046467,0.1436053873604236,0.3893805309734514,0.40703517587939697,0.0787143738743844,0.12990662830009814,0.3939393939393939,0.39799331103678925,0.09415357814864234,0.15438930658740102,0.38590604026845643,25.0,3.0,4.0,34.0,1.0,0.0,41.0,1.0,2.0,5.772736984235593e-05,-0.00015515455041326638,0.00012749967206987956,-0.07867045940723205,-0.07862155602216969,-0.08164421593390436,"[2.111328125, 9.03125, 0.796875, 0.0307769775390625, 0.180908203125, 1.380859375, 2.689453125, 6.99758529663086e-05, 2.0546875, 1.7762184143066406e-05, 2.439453125, 7.13671875, 0.0036773681640625, -0.0, 0.004283905029296875, 0.003787994384765625, 4.3272972106933594e-05, 4.62109375, 0.372314453125, 0.89892578125, 2.294921875, 6.14453125, 0.10693359375, 7.37109375, 2.587890625, 2.01953125, 4.80859375, 2.17578125, 4.35546875, 5.0703125, 5.3046875, 2.51953125, 2.0234375, 6.07421875, 0.0044097900390625, 1.43359375, 7.43359375, 7.55859375, 4.734375, 1.935546875, 0.139404296875, 0.33935546875, 2.944469451904297e-05, 0.01464080810546875, 7.748603820800781e-06, 0.0002646446228027344, -0.0, 1.3709068298339844e-05, 0.0004754066467285156, 0.3818359375, 4.26953125, 4.2578125, 0.193115234375, 1.5810546875, 6.51953125, 6.04296875, 4.8984375, 4.8359375, 3.419921875, 0.7724609375, 4.17578125, 2.7734375, 0.07232666015625, 0.4130859375, 0.50927734375, 4.17578125, 4.37109375, 5.4296875, 3.130859375, 0.6318359375, 0.06884765625, 0.3623046875, 0.58056640625, 1.4013671875, 6.0703125, 0.038848876953125, 0.4306640625, 6.18359375, 0.6591796875, 1.703125, 3.66796875, 1.0986328125, 5.5078125, 3.0078125, 2.640625, 3.451171875, 4.203125, 0.298828125, 5.5703125, 3.861328125, 2.955078125, 3.990234375, 0.658203125, 0.425537109375, 0.00035762786865234375, 0.356201171875, 1.621246337890625e-05, 5.745887756347656e-05, 2.7418136596679688e-06, 3.230571746826172e-05, -0.0, 1.7881393432617188e-06, 3.218650817871094e-05, 0.342529296875, 6.69140625, 5.7578125, 0.345703125, 0.63037109375, 0.25634765625, 2.994140625, 0.61083984375, 1.2431640625, 7.30859375, 1.1806640625, 0.291259765625, 2.251953125, 6.546875, 5.078125, 3.310546875, 9.1953125, 5.39453125, 0.517578125, 2.478515625, 0.0018568038940429688, 2.19921875, 0.91455078125, 1.6904296875, 2.103515625, 6.52734375, 0.0014925003051757812, 5.76171875, 0.1424560546875, 2.79296875, 3.41796875, 0.251953125, 0.00983428955078125, 8.5, 4.28125, 2.3359375, 1.9619140625, 1.931640625, 7.01171875, 0.0498046875, 3.755859375, 5.109375, 3.177734375, 0.0191192626953125, 0.238525390625, 2.30859375, 8.1484375, 0.318603515625, 1.3603515625, 0.0875244140625, 4.34375, 4.703125, 3.767578125, 1.544921875, 3.84765625, 2.66015625, 1.8544921875, 6.5625, 0.4111328125, 0.48486328125, 2.5625, 1.4169921875, 0.00026869773864746094, 0.09088134765625, 1.3828277587890625e-05, 2.0265579223632812e-05, 1.3113021850585938e-05, 1.3947486877441406e-05, -0.0, 2.384185791015625e-07, 3.2067298889160156e-05, 1.373046875, 1.7404556274414062e-05, 0.037322998046875, 3.337860107421875e-06, 5.841255187988281e-06, 2.5033950805664062e-06, 4.57763671875e-05, -0.0, 4.76837158203125e-07, 1.1682510375976562e-05, 0.151611328125, 1.8466796875, 0.00015783309936523438, 4.296875, 3.275390625, 6.34765625, 2.0234375, 0.04364013671875, 7.2578125, 3.798828125, 0.1907958984375, 7.05859375, 4.1015625, 2.16015625, 3.775390625, 0.78076171875, 2.267578125, 6.37109375, 6.3828125, 0.10955810546875, 0.1553955078125, 1.6220703125, 4.62890625, 4.55078125, 1.3955078125, 6.57421875, 0.10772705078125, 3.1015625, 8.453125, 1.5517578125, 0.38427734375, 1.3203125, 2.279296875, 2.65234375, 4.2421875, 3.9453125, 0.2471923828125, 2.7578125, 2.265625, 1.35546875, 4.0078125, 1.4521484375, 0.4130859375, 0.767578125, 3.65625, 0.6953125, 1.537799835205078e-05, 0.07000732421875, 1.5497207641601562e-06, 9.5367431640625e-06, 1.7881393432617188e-06, 2.7179718017578125e-05, -0.0, 1.1920928955078125e-07, 9.5367431640625e-06, 0.716796875, 7.78515625, 2.94140625, 11.5078125, 1.607421875, 11.40625, 0.007049560546875, 4.65625, 0.300537109375, 0.07464599609375, 1.0771484375, 1.7939453125, 2.18359375, 3.1640625, 1.7900390625, 2.294921875, 1.0849609375, 3.08203125, 2.68359375, 0.046875, 5.98828125, 7.203125, 4.01171875, 10.359375, 4.38671875, 3.263671875, 0.85693359375, 0.9296875, 6.49609375, 0.036468505859375, 1.1162109375, 2.330078125, 0.470458984375, 0.51416015625, 0.1270751953125, 3.650390625, 0.1588134765625, 0.02215576171875, 0.10443115234375, 0.026458740234375, 0.0038433074951171875, 0.156494140625, 2.578125, 11.046875, 3.931640625, 0.12060546875, 0.033172607421875, 0.061370849609375, 0.01507568359375, 0.0034275054931640625, 0.171142578125, 0.494384765625, 9.3515625, 0.9130859375, 3.2734375, 0.11029052734375, 0.031646728515625, 0.06451416015625, 0.01329803466796875, 0.0016021728515625, 0.94140625, 9.3984375, 0.0689697265625, 11.53125, 1.275390625, 6.62109375, 0.92626953125, 7.152557373046875e-07, 0.2042236328125, 7.748603820800781e-06, 1.8835067749023438e-05, 8.344650268554688e-07, 7.343292236328125e-05, -0.0, -0.0, 2.0265579223632812e-05, 0.368408203125, 6.04296875, 0.0209197998046875, 6.7109375, 0.0260467529296875, 10.0234375, 5.41796875, 0.059814453125, 4.0859375, 0.0802001953125, 8.5, 2.7421875, 7.98046875, 11.21875, 3.673828125, 4.83984375, 0.0936279296875, 8.765625, 0.03863525390625, 2.91015625, 1.494140625, 3.662109375, 10.75, 0.60009765625, 0.00428009033203125]",-0.761314322317348
216,1,test,3.2041711565610527,1.2454762985085754,1.7463775461436117,5.532783915689724,2.1506189573084122,3.015547274445655,24.635072933629846,17.545005454173882,20.33860355619589,42.53846896097711,30.295736162149083,35.11956544296615,3.3558690338278536,1.1763162074603297,1.7351891006667628,4.971657827893116,1.7426906777190072,2.5706505195063154,28.67050900976538,19.828157701607495,23.61398176121969,42.474828162615374,29.37504844682592,34.98367668328843,3.2041711565610527,1.2454762985085754,1.7463775461436117,5.532783915689724,2.1506189573084122,3.015547274445655,24.635072933629846,17.545005454173882,20.33860355619589,42.53846896097711,30.295736162149083,35.11956544296615,0.7085427135678393,0.0035427135678391952,-0.0014572864321606982,0.5628140703517588,0.00781407035175885,0.00781407035175885,0.457286432160804,-0.007713567839195967,0.0022864321608040417,0.43918918918918914,0.12384348935782319,0.15716671727907683,0.43050847457627117,0.4170854271356784,0.08625835946650551,0.1332790832291676,0.4242424242424242,0.43918918918918914,0.12384348935782319,0.15716671727907683,0.43050847457627117,21.0,4.0,3.0,32.0,2.0,3.0,39.0,2.0,1.0,0.0006133836532814705,6.020640864976886e-05,4.5094472671252926e-05,-0.00036349275698022154,0.0001152664056931485,-2.979210245257491e-05,"[1.859375, 5.28125, 0.00511932373046875, 0.052032470703125, 4.68359375, 0.677734375, 3.333984375, 3.099609375, 1.8349609375, 0.99560546875, 11.90625, 8.46875, 4.9921875, 2.78125, 9.9140625, 0.7109375, 4.984375, 0.08673095703125, 5.77734375, 0.42529296875, 4.28515625, 11.1953125, 0.11474609375, 6.00390625, 1.224609375, 0.52734375, 0.00421142578125, 2.337890625, 2.517578125, 4.08984375, 5.33984375, 0.0305633544921875, 7.3203125, 1.3330078125, 1.63671875, 6.84375, 3.376953125, 7.109375, 1.7705078125, 1.5185546875, 5.31640625, 4.23828125, 8.2265625, 6.875, 2.482421875, 1.3486328125, 0.37939453125, 0.0003063678741455078, 4.2265625, 2.08203125, 0.0743408203125, 7.05859375, 0.2093505859375, 4.375, 5.36328125, 0.003902435302734375, 9.1640625, 2.919921875, 1.626953125, 0.270751953125, 3.11328125, 1.7021484375, 1.3113021850585938e-06, 4.8828125, 2.15625, 6.25390625, 5.43359375, 2.912109375, 1.8759765625, 1.447265625, 10.5625, 5.140625, 14.578125, 1.59765625, 7.890625, 0.6767578125, 2.26171875, 7.515625, 5.015625, 0.001434326171875, 2.158203125, 2.65234375, 1.107421875, 2.37890625, 1.580078125, 5.375, 0.407470703125, 3.162109375, 0.01442718505859375, 0.712890625, 0.95751953125, 1.34375, 0.30126953125, 6.80078125, 3.2890625, 8.84375, 0.09661865234375, 8.3671875, 0.298095703125, 0.289306640625, 7.1796875, 7.18359375, 0.00958251953125, 0.1796875, 2.66796875, 2.07421875, 3.3046875, 1.392578125, 6.6875, 4.5546875, 5.13671875, 0.006561279296875, 6.48046875, 4.40234375, 2.619140625, 4.37890625, 1.79296875, 0.9306640625, 0.48876953125, 3.4689903259277344e-05, 4.18359375, 0.90771484375, 5.3828125, 0.0223541259765625, 2.494140625, 3.73828125, 0.9912109375, 4.8984375, 1.0712890625, 3.3671875, 1.953125, 0.0079345703125, 8.3515625, 3.2421875, 2.06640625, 0.0002503395080566406, 3.9296875, 0.830078125, 0.1431884765625, 3.921985626220703e-05, 5.9453125, 1.5341796875, 9.8203125, 5.2109375, 1.1005859375, 0.0958251953125, 6.80078125, 2.4921875, 4.80859375, 0.654296875, 5.30859375, 0.043060302734375, 6.83984375, 10.9765625, 6.87109375, 2.70703125, 9.250640869140625e-05, 3.845703125, 0.85693359375, 0.01275634765625, 2.110004425048828e-05, 4.2265625, 1.4033203125, 2.77734375, 0.00011348724365234375, 7.484375, 8.5234375, 2.96875, 5.6796875, 5.98046875, 0.303466796875, 6.453125, 0.232177734375, 9.7734375, 5.10546875, 0.454833984375, 1.375, 6.4296875, 6.109375, 0.74365234375, 4.00390625, 1.8818359375, 4.4921875, 0.10858154296875, 0.58544921875, 0.70458984375, 0.1568603515625, 6.46875, 0.0037212371826171875, 4.7109375, 4.05078125, 6.6484375, 1.3798828125, 1.7041015625, 4.9140625, 4.74609375, 7.0, 1.583984375, 6.43359375, 5.47265625, 0.4375, 4.421875, 9.828125, 1.2529296875, 0.00023639202117919922, 5.10546875, 0.7177734375, 0.01280975341796875, 3.0994415283203125e-06, 4.5234375, 1.6171875, 5.55078125, 0.006561279296875, 5.07421875, 1.037109375, 0.2763671875, 3.642578125, 0.81982421875, 4.96875, 0.6806640625, 1.33203125, 3.923828125, 0.0738525390625, 0.2156982421875, 0.1396484375, 8.328125, 0.91162109375, 4.91015625, 0.061370849609375, 5.43359375, 1.3994140625, 3.625, 1.001953125, 0.6953125, 1.5341796875, 6.92578125, 6.16015625, 3.69140625, 0.020904541015625, 1.9755859375, 7.53125, 4.171875, 4.34375, 0.126953125, 0.09765625, 4.780292510986328e-05, 3.595703125, 4.1796875, 9.0859375, 10.5859375, 1.333984375, 3.484375, 0.27490234375, 4.38690185546875e-05, 4.515625, 2.3828125, 10.0546875, 0.1927490234375, 8.6953125, 10.1640625, 0.5390625, 2.2649765014648438e-05, 4.43359375, 1.6142578125, 0.48291015625, 3.3671875, 4.734375, 0.0633544921875, 7.44921875, 2.984375, 0.30908203125, 2.4557113647460938e-05, 4.22265625, 2.326171875, 3.703125, 0.005481719970703125, 2.234375, 2.1875, 0.029571533203125, 2.892578125, 8.671875, 0.0755615234375, 2.17578125, 7.9609375, 3.359375, 0.404296875, 2.603515625, 7.515625, 0.1834716796875, 5.1328125, 5.09375, 3.9296875, 0.54931640625, 0.016815185546875, 0.0017633438110351562, 0.1317138671875]",-0.4890456441286446
0,1,test,2.1224448469084534,0.8286454372113401,1.072616387351486,4.412451129099153,1.7227102510446275,2.229913015809668,8.351530762477758,4.704915508447672,5.494369805111026,17.362392900940602,9.781271714930687,11.42250564746766,1.59311411368787,0.5268083890873672,0.7716117409907498,3.389604497208234,1.120868912951845,1.641727108490957,4.919043562240378,2.014414407436063,2.6451300240600184,10.466050132426338,4.285988100927795,5.627936221404295,1.8774192692045384,0.7703298241349819,1.0674005020980186,3.805579599738929,1.5614793732465846,2.1636496664149023,6.536613835346417,3.5110742676310047,4.288663661545449,13.24989290948598,7.117042434387172,8.693237151781316,0.3919597989949749,-0.0030402010050251116,-0.018040201005025125,0.321608040201005,-0.008391959798994986,0.0016080402010050232,0.2160804020100503,0.0010804020100503298,-0.008919597989949679,0.3807106598984772,0.1069464013433441,0.13926393458078412,0.3587786259541985,0.3417085427135679,0.08606944496920699,0.1280190602427832,0.25757575757575757,0.34448160535117056,0.09072534491711381,0.14982087120211607,0.31543624161073824,21.0,12.0,12.0,29.0,14.0,16.0,35.0,18.0,18.0,0.0009441359145694591,-0.0008408167838174662,0.00022943102080308147,-0.09351162528272994,-0.08318703802042737,-0.0895834680634442,"[2.13671875, 9.015625, 0.78173828125, 0.272705078125, 0.0011262893676757812, 0.00016200542449951172, 8.6796875, 2.650390625, 4.13671875, 6.48828125, 0.2281494140625, 1.490234375, 1.125, 3.626953125, 0.014373779296875, 4.75390625, 2.134765625, 1.658203125, 4.15234375, 6.546875, 3.109375, 2.638671875, 5.21484375, 0.6865234375, 2.244140625, 0.333740234375, 2.150390625, 1.6875, 0.08233642578125, 2.37890625, 1.373046875, 0.51708984375, 0.01374053955078125, 2.734375, 4.24609375, 0.027587890625, 4.25390625, 2.251953125, 6.4921875, 1.0078125, 3.580078125, 0.206787109375, 0.1259765625, 0.036224365234375, 2.591796875, 2.8252601623535156e-05, 2.8984375, 2.5033950805664062e-06, 4.25390625, 4.0859375, 0.460693359375, 6.5859375, 0.1624755859375, 1.73828125, 2.267578125, 3.01953125, 0.08148193359375, 0.7060546875, 3.271484375, 4.53515625, 7.7421875, 0.18994140625, 7.796875, 2.927734375, 9.34375, 0.73095703125, 2.4609375, 2.25390625, 4.57421875, 2.435546875, 2.98828125, 7.5859375, 0.415771484375, 0.0224609375, 0.716796875, 0.65185546875, 2.865234375, 0.7802734375, 5.44140625, 3.126953125, 5.1015625, 1.54296875, 2.984375, 0.450927734375, 0.04547119140625, 4.1328125, 4.47265625, 4.73046875, 0.0936279296875, 6.234375, 2.22265625, 0.54443359375, 0.0001327991485595703, 0.1917724609375, 8.344650268554688e-06, 1.2874603271484375e-05, 1.1920928955078125e-07, 6.318092346191406e-06, -0.0, 0.0009675025939941406, 0.00021719932556152344, 0.8056640625, 1.6808509826660156e-05, 0.038421630859375, 1.430511474609375e-06, 3.5762786865234375e-07, 2.1457672119140625e-06, 3.5762786865234375e-07, -0.0, 0.00013697147369384766, 9.417533874511719e-06, 1.455078125, 7.510185241699219e-06, 0.0953369140625, 2.110004425048828e-05, 1.430511474609375e-06, 5.960464477539062e-07, -0.0, -0.0, 0.00013339519500732422, 1.430511474609375e-06, 1.4287109375, 4.565715789794922e-05, 0.01485443115234375, 9.5367431640625e-07, 5.960464477539062e-07, 3.5762786865234375e-07, -0.0, -0.0, 0.00013244152069091797, 1.3113021850585938e-06, 0.896484375, 1.0848045349121094e-05, 0.0149383544921875, 1.1086463928222656e-05, 1.1920928955078125e-07, 1.1920928955078125e-07, 3.5762786865234375e-07, -0.0, 5.3763389587402344e-05, 5.960464477539062e-07, 0.424072265625, 4.53515625, 1.083984375, 2.22265625, 5.71875, 0.16943359375, 0.4716796875, 4.60546875, 3.955078125, 6.5078125, 4.31640625, 2.9609375, 0.53271484375, 1.6064453125, 4.8828125, 0.58837890625, 4.15625, 2.203125, 0.01216888427734375, 9.4609375, 4.109375, 0.0190887451171875, 0.77197265625, 0.7958984375, 1.7523765563964844e-05, 0.609375, 2.9802322387695312e-06, 1.3232231140136719e-05, 4.76837158203125e-07, -0.0, -0.0, 1.9073486328125e-05, 1.430511474609375e-06, 0.77783203125, 4.0531158447265625e-06, 0.005218505859375, 2.86102294921875e-06, 1.1920928955078125e-07, 2.384185791015625e-07, 1.1920928955078125e-07, -0.0, 2.2530555725097656e-05, 1.7881393432617188e-06, 1.4228515625, 2.384185791015625e-06, 0.0277099609375, 2.205371856689453e-05, 1.3113021850585938e-06, 1.3113021850585938e-06, -0.0, -0.0, 2.1576881408691406e-05, 5.960464477539062e-07, 0.77392578125, 7.748603820800781e-06, 0.00931549072265625, 1.609325408935547e-05, 5.543231964111328e-05, 7.748603820800781e-06, 1.1920928955078125e-07, -0.0, 2.3245811462402344e-05, 3.933906555175781e-06, 0.424072265625, 2.705078125, 5.91796875, 0.377685546875, 2.322265625, 10.1015625, 3.78125, 0.006931304931640625, 2.248046875, 0.268310546875, 6.28515625, 6.56640625, 0.1903076171875, 1.8818359375, 0.0003864765167236328, 0.583984375, 9.5367431640625e-07, 2.2411346435546875e-05, 2.384185791015625e-07, -0.0, -0.0, 1.9669532775878906e-05, 1.6689300537109375e-06, 2.24609375, 10.359375, 0.251708984375, 2.837890625, 7.1484375, 0.71240234375, 3.099609375, 0.160400390625, 9.453125, 1.0537109375, 0.24853515625, 1.8017578125, 0.697265625, 4.4765625, 2.40234375, 4.11328125, 0.67626953125, 4.31640625, 0.0283660888671875, 0.0005431175231933594, 1.1904296875, 0.36962890625, 3.046875, 0.201171875, 0.047882080078125, 0.18701171875, 12.3359375, 1.5458984375, 4.86328125, 3.52734375, 0.1983642578125, 9.78125, 1.2177734375, 4.32421875, 0.429931640625, 0.0638427734375, 0.78076171875, 0.448486328125, 6.31640625, 0.59912109375, 0.00719451904296875, 0.405517578125, 0.443115234375, 5.94140625, 0.263671875, 0.0004470348358154297, 1.5341796875, 0.380859375, 0.125732421875, 4.2265625, 0.6015625, 0.0021495819091796875, 5.0703125, 1.853515625, 1.947265625, 0.1541748046875, 10.96875, 1.1435546875, 2.146484375, 3.47265625, 5.375, 7.734375, 2.482421875, 12.4609375, 3.455078125, 3.76171875, 8.296875, 1.328125, 0.1361083984375, 0.0699462890625, 3.509765625, 6.05078125, 3.43359375, 1.53515625, 9.734375, 4.71484375, 0.0263824462890625, 3.990234375, 1.5126953125, 12.7421875, 0.044097900390625, 0.277587890625, 1.189453125, 5.390625, 3.765625, 6.50390625, 1.25, 0.34765625, 1.4833984375, 2.201171875, 5.14453125, 0.64111328125, 6.2734375, 1.37890625, 0.338623046875, 1.5458984375, 2.255859375, 8.1015625, 0.12042236328125, 3.966796875, 6.1015625, 3.447265625, 5.8515625, 0.312255859375, 1.59765625, 3.005859375, 3.40234375, 4.09765625, 3.673828125, 9.1328125, 0.005558013916015625, 0.2529296875, 3.41015625, 1.4658203125, 0.043609619140625, 3.212890625, 0.345458984375, 2.1696090698242188e-05, 1.0068359375, 2.288818359375e-05, 3.0994415283203125e-06, -0.0, -0.0, -0.0, 7.867813110351562e-06, 2.384185791015625e-07, 0.137451171875, 6.71484375, 0.6767578125, 0.63525390625, 1.3408203125, 0.092041015625, 8.8671875, 0.3017578125, 3.5546875, 0.0232696533203125, 6.1015625, 1.37890625, 6.0390625, 4.16796875, 0.779296875, 4.50390625, 0.10498046875, 0.65283203125, 0.006072998046875, 0.7822265625, 2.986328125, 8.125, 2.16796875, 0.409912109375, 0.052581787109375, 3.2734375, 0.96630859375, 3.458984375, 7.6328125, 4.93359375, 0.01558685302734375, 5.6484375, 7.85546875, 1.583984375, 6.76953125, 0.0156097412109375, 5.79296875, 5.28515625, 7.19140625, 0.018951416015625, 12.1171875]",-0.7021637174683777
225,1,test,3.1169241558799343,1.3617078507277047,1.8743740006392158,5.280436217020124,2.3068933000563465,3.1754100716711418,22.576829926385965,16.792131059577457,19.112392864847315,38.24780599293622,28.447845559754747,32.37864202985898,3.1789845371965186,1.269161379164204,1.8007759347863916,4.96716333936956,1.983064654944069,2.813712398103737,24.022347362174127,17.270452687565204,20.054559989742636,37.534917753397075,26.98508232432063,31.33524998397287,3.1169241558799343,1.3617078507277047,1.8743740006392158,5.280436217020124,2.3068933000563465,3.1754100716711418,22.576829926385965,16.792131059577457,19.112392864847315,38.24780599293622,28.447845559754747,32.37864202985898,0.6934673366834171,0.0034673366834171437,-0.006532663316582865,0.5678391959798995,-0.01716080402010045,-0.007160804020100442,0.46733668341708545,0.007336683417085488,0.0023366834170854833,0.445993031358885,0.1225147704893198,0.18179836160222218,0.4370629370629371,0.457286432160804,0.1314718958199519,0.18850512999052016,0.4696969696969697,0.445993031358885,0.1225147704893198,0.18179836160222218,0.4370629370629371,24.0,13.0,13.0,33.0,9.0,10.0,44.0,15.0,16.0,0.0003855779168413738,0.00020163365952265068,-0.00013003271882838078,-0.00030112346023614123,0.00015012813114179124,1.7489102663859057e-06,"[2.859375, 1.2138671875, 0.351806640625, 0.0308380126953125, 0.0001201629638671875, 1.1474609375, 0.00901031494140625, 0.0285186767578125, 6.59765625, 4.22265625, 3.548828125, 0.032379150390625, 5.99609375, 3.900390625, 4.36328125, 4.921875, 2.55859375, 4.03515625, 5.0546875, 1.8447265625, 7.32421875, 3.783203125, 2.083984375, 5.14453125, 1.736328125, 7.42578125, 0.1751708984375, 1.0439453125, 6.89453125, 5.73046875, 1.9443359375, 7.46875, 3.69140625, 4.484375, 3.767578125, 2.78515625, 6.7265625, 1.4091796875, 3.185546875, 0.0186767578125, 0.1834716796875, 0.7060546875, 2.287109375, 4.390625, 0.07183837890625, 0.27734375, 6.3203125, 0.042572021484375, 2.66015625, 4.265625, 2.466796875, 3.396484375, 6.5546875, 2.82421875, 1.068359375, 6.51953125, 3.13671875, 2.623046875, 10.5546875, 4.90234375, 1.90625, 7.8515625, 3.244140625, 0.53076171875, 7.984375, 1.9658203125, 7.0546875, 1.6044921875, 2.072265625, 5.609375, 8.34375, 0.304931640625, 1.470703125, 6.5625, 8.375, 1.205078125, 6.98046875, 7.5234375, 0.70556640625, 0.10467529296875, 8.140625, 0.1556396484375, 0.0201416015625, 2.177734375, 0.32958984375, 1.9912109375, 0.057220458984375, 0.0260162353515625, 0.71337890625, 0.0136260986328125, 0.85302734375, 3.6328125, 4.01171875, 10.0625, 2.32421875, 3.68359375, 8.5625, 5.35546875, 7.30078125, 5.0390625, 2.3359375, 0.0029544830322265625, 6.58203125, 5.23046875, 1.0712890625, 4.33984375, 1.740234375, 0.01042938232421875, 0.8056640625, 0.00012218952178955078, 0.164794921875, 2.47265625, 1.7404556274414062e-05, 0.8955078125, 0.1322021484375, 7.046875, 0.1029052734375, 4.53125, 4.84375, 1.8251953125, 11.203125, 2.99609375, 7.87109375, 6.31640625, 1.712890625, 6.1640625, 1.1123046875, 3.64453125, 0.1990966796875, 1.1005859375, 11.984375, 2.31640625, 5.953125, 11.5, 7.09765625, 0.128173828125, 3.75390625, 3.41796875, 5.4296875, 0.96240234375, 7.01953125, 0.611328125, 1.6640625, 0.2386474609375, 2.5078125, 0.01387786865234375, 2.45703125, 0.25341796875, 1.6083984375, 0.01200103759765625, 1.4091796875, 0.243896484375, 5.66015625, 3.994140625, 2.470703125, 0.1724853515625, 6.94140625, 4.72265625, 1.5419921875, 3.7109375, 0.004123687744140625, 5.08984375, 0.2149658203125, 6.98046875, 5.26171875, 0.411376953125, 6.78515625, 3.294921875, 4.20703125, 0.316650390625, 7.86328125, 0.00196075439453125, 0.228515625, 8.1171875, 4.671875, 0.0031108856201171875, 0.1729736328125, 8.234375, 0.27197265625, 0.04180908203125, 2.2109375, 0.0010328292846679688, 0.1484375, 1.650390625, 5.66796875, 0.021453857421875, 3.212890625, 2.353515625, 7.14453125, 5.30078125, 5.83984375, 3.2734375, 5.390625, 0.67822265625, 3.689453125, 0.0007772445678710938, 2.234375, 2.5234375, 3.6954879760742188e-06, 0.93994140625, 0.94970703125, 0.0017528533935546875, 5.0187110900878906e-05, 0.017730712890625, 0.65966796875, 2.4609375, 6.51171875, 0.006793975830078125, 2.15234375, 10.2109375, 0.30615234375, 0.53955078125, 5.609375, 0.357666015625, 3.841796875, 3.490234375, 5.2421875, 2.84375, 3.01953125, 0.215576171875, 3.818359375, 5.49609375, 0.8720703125, 0.06591796875, 0.8837890625, 7.84375, 2.896484375, 2.833984375, 1.1123046875, 2.36328125, 0.3271484375, 3.23046875, 1.3564453125, 3.2265625, 2.39453125, 4.29296875, 5.703125, 5.87109375, 0.85205078125, 6.75, 5.4765625, 0.79443359375, 4.1875, 0.314453125, 1.6455078125, 5.1640625, 9.1328125, 4.1015625, 0.93603515625, 2.03515625, 5.81640625, 3.52734375, 5.1171875, 4.94921875, 1.6318359375, 1.3818359375, 0.12744140625, 3.40625, 2.2734375, 3.208984375, 0.2232666015625, 0.005634307861328125, 4.65625, 1.3125, 0.336181640625, 5.03515625, 5.359375, 0.062164306640625, 0.58935546875, 1.6708984375, 0.5576171875, 1.837890625, 1.5498046875, 5.9921875, 4.3515625, 3.484375, 2.029296875, 2.099609375, 6.13671875, 5.234375, 8.7421875, 1.6630859375, 3.76953125, 2.146484375, 1.1337890625, 0.1680908203125, 7.203125]",-0.888900886844675
104,1,test,2.3460255327783983,0.8710712900794468,1.27823589887278,4.919085794535351,1.8264398017794852,2.680172046023571,10.443977879020618,6.0731421083148005,7.53503531842559,21.89866329472065,12.734007646466514,15.799267603150428,2.537743276088082,0.8945052759831826,1.2668430767583683,4.572510407365913,1.611721217987716,2.2826001383033656,12.65108871741643,7.479199711507383,9.087029234753874,22.794754445795366,13.476035516229517,16.37302564820518,2.3376082632453943,0.88181860466392,1.2640331976612433,4.836430889473229,1.8244522855115584,2.6152410986094687,10.356437046465715,6.068568965558416,7.430616220481943,21.42711113061872,12.555659928741552,15.373688732031606,0.592964824120603,0.002964824120602949,0.002964824120602949,0.4723618090452262,-0.01263819095477381,0.002361809045226204,0.3417085427135679,-0.013291457286432107,-0.008291457286432102,0.4012345679012346,0.08382316574406967,0.14250766851725105,0.3529411764705882,0.42211055276381915,0.10882734474376898,0.1583375978389444,0.35858585858585856,0.39799331103678925,0.08914523090323334,0.13659175375091603,0.3489932885906041,21.0,12.0,12.0,32.0,21.0,22.0,39.0,23.0,21.0,0.0013290197896050208,0.0001562524990934811,0.00028075148205186466,-0.04504196777483127,-0.038626490030707394,-0.040913684935664385,"[3.76953125, 0.0404052734375, 0.439208984375, 0.0208740234375, 0.0006074905395507812, 0.4072265625, 0.0201873779296875, 0.01070404052734375, 8.875, 0.22802734375, 5.17578125, 2.181640625, 9.5859375, 0.1124267578125, 1.1123046875, 1.197265625, 3.078125, 4.79296875, 6.68359375, 4.03515625, 1.7060546875, 1.1376953125, 8.0703125, 1.3544921875, 4.84375, 0.60400390625, 4.60546875, 4.60546875, 7.44140625, 0.036651611328125, 11.7265625, 1.0537109375, 6.41015625, 0.63623046875, 5.5, 2.76953125, 0.64697265625, 3.51171875, 4.4609375, 6.37890625, 0.22802734375, 8.9609375, 3.203125, 5.734375, 3.845703125, 2.0859375, 1.9384765625, 6.1953125, 1.3134765625, 8.0078125, 0.1912841796875, 0.86279296875, 1.296875, 8.0859375, 8.15625, 4.67578125, 4.0390625, 0.7412109375, 1.59765625, 0.0009198188781738281, 0.1846923828125, 2.322265625, 2.276897430419922e-05, 0.75244140625, 0.07763671875, 1.98046875, 7.8984375, 2.376953125, 0.21240234375, 1.654296875, 0.97900390625, 4.671875, 2.466796875, 3.826171875, 1.6748046875, 6.3984375, 2.181640625, 2.583984375, 0.419677734375, 0.316162109375, 5.515625, 0.85693359375, 2.736328125, 0.262451171875, 0.5498046875, 2.3603439331054688e-05, 0.415283203125, 2.048828125, 9.059906005859375e-06, 7.3671875, 0.456787109375, 6.6328125, 0.498046875, 8.4375, 7.37109375, 3.326171875, 7.96875, 2.1484375, 0.78759765625, 10.703125, 2.9765625, 4.8203125, 4.01171875, 7.31640625, 3.646484375, 1.4150390625, 0.00012314319610595703, 1.05078125, 1.2529296875, 4.625, 1.1455078125, 4.62109375, 8.2265625, 0.783203125, 0.2047119140625, 2.96875, 2.279296875, 8.265625, 0.6455078125, 0.00012481212615966797, 2.912109375, 0.9072265625, 0.0030231475830078125, 1.0609626770019531e-05, 3.466796875, 0.78125, 0.0009016990661621094, 1.7762184143066406e-05, 2.90625, 0.7890625, 0.0007143020629882812, 2.7418136596679688e-06, 2.798828125, 0.52001953125, 0.0019664764404296875, 9.5367431640625e-07, 2.533203125, 0.66796875, 0.0011005401611328125, 2.0265579223632812e-06, 2.0625, 1.265625, 3.412109375, 3.3125, 4.203125, 0.06890869140625, 0.474853515625, 4.291534423828125e-06, 3.212890625, 0.61669921875, 0.0016527175903320312, 1.0132789611816406e-05, 3.451171875, 1.7119140625, 0.0014524459838867188, 5.0067901611328125e-06, 3.419921875, 0.919921875, 4.35546875, 2.84375, 2.8203125, 1.1728515625, 2.173828125, 2.0546875, 1.236328125, 0.205810546875, 1.2900390625, 3.857421875, 5.6953125, 1.3662109375, 0.422607421875, 0.71337890625, 4.887580871582031e-06, 2.904296875, 0.38427734375, 0.0006937980651855469, 5.0067901611328125e-06, 1.884765625, 1.1396484375, 0.0010862350463867188, 2.6226043701171875e-06, 2.44921875, 0.6220703125, 1.4462890625, 0.51171875, 1.0361328125, 5.3515625, 1.8876953125, 8.203125, 2.38671875, 4.296875, 4.34375, 3.806640625, 0.72412109375, 0.1732177734375, 1.3113021850585938e-06, 3.228515625, 3.193359375, 1.6689300537109375e-06, 3.30078125, 1.4345703125, 0.003147125244140625, 1.1920928955078125e-07, 3.041015625, 0.400146484375, 0.0040740966796875, 1.1920928955078125e-07, 2.44140625, 0.83203125, 0.0036773681640625, 4.76837158203125e-07, 1.3876953125, 1.458984375, 0.00350189208984375, 6.556510925292969e-06, 0.6787109375, 0.599609375, 0.89697265625, 0.00014019012451171875, 8.171875, 0.53515625, 0.71484375, 2.7421875, 0.56201171875, 7.67578125, 9.5234375, 3.4453125, 5.9921875, 3.150390625, 1.1943359375, 0.0043182373046875, 4.36328125, 0.83203125, 3.8671875, 0.68505859375, 6.98828125, 2.55078125, 0.380126953125, 1.3017578125, 4.6875, 3.984375, 0.04168701171875, 3.646484375, 0.161376953125, 0.984375, 1.7158203125, 0.287353515625, 2.751953125, 3.689453125, 2.4140625, 3.640625, 1.6005859375, 3.90625, 3.7890625, 2.15234375, 0.433837890625, 0.0002281665802001953, 2.97265625, 0.43408203125, 0.0004725456237792969, 4.76837158203125e-07, 3.0, 0.26220703125, 0.0005884170532226562, 9.5367431640625e-07, 3.3984375, 0.26416015625, 0.0018968582153320312, 1.1920928955078125e-07, 3.234375, 0.461181640625, 0.0018453598022460938, 3.5762786865234375e-07, 2.05078125, 0.459716796875, 0.0021648406982421875, 4.76837158203125e-07, 0.71142578125, 1.0380859375, 0.0026702880859375, 4.76837158203125e-07, 0.310791015625, 0.51708984375, 5.17578125, 7.38671875, 4.13671875, 2.4453125, 6.3359375, 1.806640625, 0.857421875, 3.322265625, 5.8125, 0.210205078125, 3.4453125, 4.73828125, 2.126953125, 0.859375, 5.82421875, 3.033203125, 3.427734375, 3.3984375, 0.1387939453125, 1.650390625, 4.12109375, 0.10601806640625, 0.58837890625, 2.4375, 2.357421875, 0.5166015625, 0.01084136962890625, 1.4453125, 7.9609375, 1.8642578125, 6.37890625, 0.1112060546875, 1.638671875, 0.62353515625, 1.765625, 2.177734375, 8.4453125, 0.57421875, 0.229736328125, 3.671875, 8.421875]",-0.48609059423576184
193,1,test,2.6783857028884697,0.9986337948105566,1.2625380191898024,5.006328416613962,1.8666052239449655,2.359884148018322,14.561567615729512,9.197342630591216,10.441590191878259,27.217883393886936,17.19129463661909,19.516991012856558,3.0606716715510767,1.2129707864858592,1.667053801535504,4.897074674481723,1.940753258377375,2.6672860824568065,21.341887087389456,14.996672724930168,17.31248552190318,34.14701933982313,23.994676359888274,27.699976835045092,2.7235226017176903,1.0571751653222585,1.5359272182411954,4.5141258592005915,1.7522240309208703,2.54573572084176,15.233890769063516,9.941090610341696,11.954704235829784,25.249542711154994,16.476945762997282,19.814426910215108,0.6331658291457287,0.013165829145728725,-0.016834170854271302,0.49246231155778897,0.01746231155778899,0.007462311557788981,0.37688442211055273,0.0018844221105527303,-0.013115577889447283,0.368421052631579,0.06929714775047757,0.09080619437155946,0.33668341708542715,0.36180904522613067,0.06857596251936371,0.11473058111928591,0.33838383838383834,0.36454849498327757,0.08575049832217574,0.12873091989985153,0.3221476510067114,21.0,-4.0,-1.0,33.0,1.0,1.0,40.0,0.0,0.0,0.0001773942492441398,0.0006585113721813567,3.11760801954169e-05,-0.005437863379720298,-0.006602702653457193,-0.006153136814708304,"[2.892578125, 1.2138671875, 0.350341796875, 0.02142333984375, 0.00013005733489990234, 0.9638671875, 0.0084686279296875, 0.0264129638671875, 7.59765625, 6.45703125, 0.6845703125, 7.203125, 1.13671875, 5.6796875, 5.2890625, 6.4765625, 5.2265625, 0.267822265625, 7.3515625, 8.6328125, 8.078125, 4.796875, 5.99609375, 1.95703125, 9.03125, 1.419921875, 6.65625, 0.939453125, 5.19140625, 2.5234375, 7.47265625, 2.375, 10.59375, 5.3046875, 1.525390625, 6.35546875, 1.7265625, 4.3671875, 3.380859375, 0.00997161865234375, 7.16015625, 2.95703125, 2.66015625, 3.55859375, 0.10595703125, 3.0078125, 2.369140625, 0.61669921875, 2.4765625, 0.019775390625, 1.845703125, 1.8994140625, 0.0013208389282226562, 0.5693359375, 0.77734375, 0.6171875, 5.29296875, 7.8828125, 0.4296875, 1.73046875, 6.06640625, 0.0523681640625, 0.016448974609375, 4.8515625, 5.8046875, 0.67626953125, 0.148681640625, 1.8408203125, 0.6328125, 0.427001953125, 0.1556396484375, 0.048431396484375, 0.12017822265625, 0.0926513671875, 0.146728515625, 8.65625, 4.35546875, 2.166015625, 7.796875, 0.85546875, 4.0390625, 0.337890625, 6.2734375, 1.4609375, 0.9560546875, 9.28125, 2.572265625, 1.509765625, 2.28515625, 0.6259765625, 1.5283203125, 1.7705078125, 3.140625, 0.763671875, 9.7265625, 6.30078125, 7.9921875, 8.6953125, 4.51171875, 2.5, 5.75, 0.626953125, 1.01171875, 1.7783203125, 7.2890625, 3.052734375, 1.3466796875, 9.3125, 3.390625, 0.234375, 0.54833984375, 3.08984375, 3.2421875, 0.460693359375, 8.0859375, 2.64453125, 1.0859375, 0.5107421875, 5.54296875, 0.477294921875, 0.031707763671875, 0.167236328125, 0.213623046875, 1.2294921875, 0.1563720703125, 2.298828125, 0.1741943359375, 0.3349609375, 7.4296875, 5.173683166503906e-05, 0.67724609375, 2.83984375, 0.00030922889709472656, 2.80078125, 2.416015625, 12.546875, 7.30859375, 11.171875, 1.4111328125, 2.693359375, 2.944469451904297e-05, 0.45556640625, 2.888671875, 0.0008130073547363281, 0.91650390625, 0.77978515625, 6.23828125, 0.0494384765625, 8.4296875, 4.3515625, 0.04718017578125, 0.137451171875, 10.265625, 0.55712890625, 3.462890625, 2.9375, 3.236328125, 1.0703125, 0.88330078125, 0.06817626953125, 9.1953125, 1.9677734375, 0.120849609375, 5.52734375, 0.55322265625, 0.227783203125, 0.8056640625, 0.0718994140625, 2.162109375, 3.55078125, 9.2578125, 6.16796875, 1.1201171875, 1.5390625, 4.75390625, 0.90283203125, 4.87109375, 6.16796875, 7.75, 1.490234375, 3.923828125, 4.851818084716797e-05, 0.3173828125, 1.8203125, 0.00020647048950195312, 1.0703125, 0.59375, 0.98486328125, 1.1787109375, 0.103271484375, 11.03125, 0.1572265625, 6.37890625, 11.1953125, 6.8828125, 1.4306640625, 6.794929504394531e-06, 0.47412109375, 0.611328125, 1.810546875, 0.0002510547637939453, 5.07421875, 1.5166015625, 0.9033203125, 5.79296875, 4.0703125, 1.876953125, 1.6337890625, 0.740234375, 4.42578125, 2.884765625, 0.63134765625, 9.4140625, 5.80078125, 1.888671875, 7.91015625, 0.177734375, 0.55126953125, 0.5244140625, 1.240234375, 2.6171875, 0.01580810546875, 1.4326171875, 1.615234375, 9.894371032714844e-06, 0.034088134765625, 0.406494140625, 4.24609375, 0.312255859375, 6.9375, 1.9287109375, 0.66259765625, 0.1534423828125, 0.1392822265625, 2.458984375, 2.474609375, 0.022796630859375, 4.0546875, 6.9921875, 8.484375, 0.39599609375, 0.04119873046875, 4.2734375, 6.375, 2.435546875, 0.1822509765625, 1.28125, 3.498046875, 0.004940032958984375, 2.787109375, 4.84375, 1.345703125, 4.3125, 5.796875, 0.194091796875, 2.130859375, 5.2265625, 11.3515625, 1.3486328125, 5.9296875, 0.4208984375, 2.365234375, 1.236328125, 0.016571044921875, 0.5283203125, 3.283203125, 0.29541015625, 1.4482421875, 0.003467559814453125, 0.0012731552124023438, 0.463134765625, 1.5830078125, 7.212162017822266e-05, 2.65625, 1.4951171875, 0.00012969970703125, 0.0323486328125, 1.9423828125, 0.9052734375, 3.763671875, 1.4833984375, 0.090576171875, 0.1492919921875, 0.442138671875, 2.384185791015625e-07, 0.1339111328125, 2.271484375, 3.0994415283203125e-06, 0.02935791015625, 0.1588134765625, 0.5029296875, 4.80078125, 0.69970703125, 5.265625, 0.006591796875, 0.0010766983032226562, 0.011260986328125, 0.059906005859375, 0.05255126953125, 1.1920928955078125e-07, 0.11614990234375, 2.3125, 1.430511474609375e-06, 0.07562255859375, 0.2249755859375, 0.85546875, 0.32275390625, 3.25390625, 0.69189453125, 1.1328125, 0.0980224609375, 0.0863037109375, 5.245208740234375e-06, 0.125, 0.8330078125, 2.876953125, 3.572265625, 0.034942626953125, 1.6279296875, 4.8359375, 2.072265625, 8.703125, 0.040252685546875, 1.8984375, 7.16015625, 0.0902099609375, 3.837890625, 5.7890625, 3.357421875, 5.4765625, 2.341796875, 0.342529296875, 11.1328125, 0.0131988525390625, 0.002544403076171875, 0.01104736328125, 2.26953125, 6.222724914550781e-05, 0.80419921875, 2.486328125, 0.00010323524475097656, 1.90625, 0.433349609375, 1.1474609375, 6.640625, 8.359375, 1.4716796875, 9.59375, 7.81640625, 1.1083984375, 1.814453125, 5.18359375, 0.1842041015625, 8.2890625, 2.77734375, 8.6484375, 4.32421875, 0.364501953125, 5.50390625, 5.71484375, 1.390625, 6.11328125, 0.01178741455078125, 3.888671875, 3.572265625, 2.654296875, 0.07373046875, 0.0163421630859375, 0.05767822265625, 1.982421875, 0.361572265625, 3.552734375, 0.39013671875, 3.369140625, 0.002208709716796875, 0.0041351318359375, 0.1494140625, 9.03125, 2.71484375, 0.035247802734375, 0.0071258544921875, 0.053924560546875, 3.21875, 5.546875, 7.87890625, 4.5703125, 4.796875, 7.152557373046875e-06, 0.408935546875, 2.505859375, 2.396106719970703e-05, 0.026336669921875, 0.1962890625, 1.470703125, 6.2265625, 4.8671875, 5.9296875, 5.83203125, 4.5078125]",-0.9942965824203682
143,1,test,2.668703429979788,1.1539951361378018,1.4477380760056386,5.083244628532929,2.1980859735958127,2.7575963352488353,14.42125889388218,9.873164667652684,11.030799746338843,27.469064559775582,18.806027938386066,21.011047135883512,3.171310225323816,1.3410496467715318,1.8984477791947927,4.698237370850098,1.9867402174393067,2.8125152284367303,23.83869796929649,17.60318668194867,20.26763805628172,35.316589584142946,26.078795084368398,30.02613045375069,2.8659874491867012,1.2452834974434113,1.710378512191599,5.179495390096448,2.250512344777249,3.091045503960721,17.566390561371524,12.509741860751927,14.390433774971497,31.746488966334077,22.60796721822637,26.00680802705692,0.5979899497487438,-0.0020100502512562235,-0.0020100502512562235,0.507537688442211,-0.0024623115577889765,0.002537688442211028,0.4170854271356784,-0.007914572864321623,0.002085427135678386,0.37593984962406013,0.10810505613219534,0.1472008466915088,0.3492462311557789,0.39698492462311563,0.08871424793138627,0.15825370592528587,0.3939393939393939,0.3946488294314381,0.11752028185213925,0.18663993065501983,0.3657718120805369,22.0,-2.0,0.0,34.0,1.0,2.0,41.0,0.0,1.0,-7.575429071090257e-06,0.0008324906042231885,-6.7875160929932784e-06,-0.05809051326753778,-0.060547354841462564,-0.05954090860257466,"[9.8984375, 2.853515625, 2.31640625, 0.06292724609375, 0.0004258155822753906, 2.830078125, 5.2578125, 1.080078125, 9.9609375, 3.091796875, 0.003681182861328125, 2.03125, 10.1328125, 0.030426025390625, 0.1839599609375, 1.8212890625, 6.37109375, 7.65234375, 2.17578125, 0.81591796875, 2.236328125, 0.60595703125, 6.97265625, 2.376953125, 5.4140625, 11.5234375, 0.84716796875, 0.1517333984375, 7.0, 1.6142578125, 0.039642333984375, 0.0001958608627319336, 4.76837158203125e-07, 0.00014710426330566406, 2.6941299438476562e-05, 0.0313720703125, 0.591796875, 4.96875, 6.93359375, 4.5859375, 0.82470703125, 3.0546875, 4.11328125, 0.27490234375, 3.64453125, 0.135986328125, 6.359375, 0.33935546875, 0.350830078125, 5.015625, 9.6796875, 0.5322265625, 5.5234375, 0.16845703125, 0.07232666015625, 7.0703125, 5.88671875, 1.828125, 0.0088348388671875, 0.050140380859375, 5.1953125, 8.25, 3.908203125, 4.71875, 10.484375, 0.059295654296875, 0.26708984375, 2.150390625, 0.064453125, 0.0167694091796875, 7.07421875, 4.15625, 3.017578125, 0.45556640625, 1.5087890625, 1.5908203125, 0.0178070068359375, 0.00939178466796875, 3.865234375, 6.20703125, 1.7529296875, 9.75, 0.1702880859375, 0.28564453125, 12.6171875, 0.44580078125, 1.953125, 2.59375, 2.419921875, 2.150390625, 4.04296875, 3.345703125, 1.6728515625, 4.2265625, 6.1875, 4.90625, 1.8583984375, 7.93359375, 4.43359375, 3.52734375, 7.03125, 0.7275390625, 5.859375, 2.6640625, 0.0004105567932128906, 0.66064453125, 0.290283203125, 4.35546875, 7.21484375, 0.93505859375, 2.275390625, 5.00390625, 1.1708984375, 5.88671875, 6.45703125, 2.658203125, 7.52734375, 1.6171875, 7.7578125, 13.640625, 4.921875, 2.34765625, 1.2998046875, 0.78125, 0.0137939453125, 0.036163330078125, 0.352294921875, 0.0021953582763671875, 0.00030803680419921875, 4.172325134277344e-06, 1.5020370483398438e-05, 7.176399230957031e-05, 0.0007357597351074219, 0.341064453125, 4.60546875, 0.10748291015625, 9.1953125, 1.990234375, 3.7734375, 2.779296875, 2.890625, 9.3984375, 5.6640625, 9.5390625, 0.75341796875, 8.984375, 0.23486328125, 0.1361083984375, 0.22607421875, 5.01953125, 0.0122528076171875, 4.89453125, 8.71875, 13.875, 0.339111328125, 3.08984375, 1.6015625, 8.34375, 8.7578125, 0.142333984375, 0.419189453125, 0.349853515625, 3.79296875, 4.14453125, 0.2802734375, 3.986328125, 4.58984375, 7.421875, 11.1015625, 9.8828125, 1.134765625, 4.671875, 5.00390625, 3.763671875, 0.75244140625, 0.293212890625, 0.008880615234375, 0.01016998291015625, 0.390869140625, 0.004459381103515625, 8.058547973632812e-05, 2.86102294921875e-06, 4.2557716369628906e-05, 4.649162292480469e-06, 0.00044798851013183594, 0.1904296875, 8.1015625, 3.861328125, 0.6279296875, 6.265625, 0.1859130859375, 6.23828125, 3.966796875, 0.06475830078125, 9.9609375, 0.11773681640625, 1.865234375, 1.3896484375, 0.01922607421875, 1.1953125, 3.3125, 1.9814453125, 3.154296875, 0.417724609375, 0.404052734375, 0.0053558349609375, 0.00296783447265625, 0.053375244140625, 0.0007457733154296875, 0.00011348724365234375, 4.410743713378906e-06, 6.67572021484375e-06, 2.8252601623535156e-05, 8.738040924072266e-05, 0.1383056640625, 3.630859375, 3.2578125, 3.74609375, 0.46630859375, 11.3359375, 8.421875, 0.00836181640625, 5.81640625, 3.337890625, 2.2265625, 3.380859375, 6.09765625, 0.5205078125, 2.798828125, 4.73828125, 7.19921875, 1.21875, 12.1484375, 1.4482421875, 1.9912109375, 2.72265625, 2.908203125, 4.53515625, 9.25, 2.490234375, 7.3828125, 5.22265625, 4.29296875, 1.3251953125, 7.125, 2.517578125, 10.796875, 0.348876953125, 0.1942138671875, 0.117431640625, 0.5537109375, 0.81591796875, 0.00072479248046875, 8.6484375, 6.60546875, 5.00390625, 1.1044921875, 3.771484375, 5.8984375, 0.0032062530517578125, 7.31640625, 0.07525634765625, 5.33984375, 9.0546875, 0.01422119140625, 2.337890625, 0.499267578125, 1.03125, 0.0771484375, 0.08978271484375, 0.0133819580078125, 0.00701904296875, 0.0027446746826171875, 3.119140625, 0.046661376953125, 0.00021255016326904297, -0.0, 0.00020110607147216797, 0.0011434555053710938, -0.0, 1.396484375, 7.152557373046875e-07, 0.1650390625, 0.3310546875, 1.0728836059570312e-05, 0.05035400390625, 0.0258941650390625, 0.09027099609375, 0.005840301513671875, 0.05316162109375, 0.0029201507568359375, 0.0026264190673828125, 0.0198516845703125, 0.54541015625, 0.0083465576171875, 2.562999725341797e-05, -0.0, 3.62396240234375e-05, 0.0010118484497070312, -0.0, 0.042266845703125, 2.384185791015625e-07, 0.05950927734375, 0.0531005859375, 6.198883056640625e-06, 0.180908203125, 0.0029926300048828125, 0.484130859375, 0.019744873046875, 0.319091796875, 0.0006279945373535156, 0.0027141571044921875, 0.0288238525390625, 0.08929443359375, 0.005863189697265625, 1.3947486877441406e-05, -0.0, 2.682209014892578e-05, 0.0003719329833984375, -0.0, 0.0030059814453125, 4.76837158203125e-07, 0.0084228515625, 0.007259368896484375, 4.5299530029296875e-06, 0.100341796875, 0.0097198486328125, 0.10589599609375, 0.038909912109375, 0.023162841796875, 0.0003859996795654297, 0.0030574798583984375, 0.0301971435546875, 9.046875, 5.5703125, 0.290283203125, 0.4326171875, 0.07073974609375, 11.7421875, 0.7626953125, 6.19921875, 6.87890625, 1.2060546875, 0.56005859375, 0.229736328125, 3.806640625, 6.68359375, 0.362060546875, 6.7734375, 0.32763671875, 2.62109375, 1.5615234375, 0.1654052734375, 3.748046875, 0.061553955078125, 0.027008056640625, 0.505859375, 0.25146484375, 0.4404296875, 0.9365234375, 0.92724609375, 0.7578125, 0.038818359375, 4.46875, 0.0031642913818359375, 2.3126602172851562e-05, 4.87109375, 0.003261566162109375, 0.159423828125, 2.560546875, 0.24267578125, 13.8046875, 6.0234375, 8.875, 3.978515625, 5.53125, 0.75830078125, 1.353515625, 1.8154296875, 3.330078125, 5.21484375, 3.900390625, 0.36083984375, 0.024810791015625, 0.410888671875, 9.234375, 4.03125, 5.3359375, 6.94140625, 0.658203125, 13.5625, 0.966796875, 11.4609375, 4.82421875, 6.06640625, 2.9453125, 0.2254638671875, 3.716796875, 0.276611328125]",-0.8941329786353243
40,1,test,2.847254456933012,1.1781714202845412,1.6303309313952485,5.038777584390542,2.0850063922611275,2.885191708893409,17.240382589109426,11.933083622504697,13.863599439125105,30.510252824363345,21.117941925887095,24.534369916512304,2.6899429913142217,0.9295439694150294,1.397773714533824,4.520912590444071,1.5622587721261003,2.3491995202249147,14.730836110897481,8.916078963901578,11.090160481923132,24.757707749407533,14.98500666201946,18.638925179702746,2.847254456933012,1.1781714202845412,1.6303309313952485,5.038777584390542,2.0850063922611275,2.885191708893409,17.240382589109426,11.933083622504697,13.863599439125105,30.510252824363345,21.117941925887095,24.534369916512304,0.6281407035175879,0.003140703517587884,0.003140703517587884,0.48743718592964824,0.0024371859296482556,-0.002562814070351749,0.3517587939698492,0.0017587939698492372,-0.013241206030150776,0.4192439862542955,0.09162820580832631,0.15981541482572403,0.4482758620689655,0.40703517587939697,0.09124570219518646,0.11488158656387104,0.4191919191919192,0.4192439862542955,0.09162820580832631,0.15981541482572403,0.4482758620689655,26.0,13.0,14.0,38.0,13.0,16.0,46.0,13.0,17.0,-0.000548744809245102,-7.472418171015915e-05,-0.00014724110845326663,-0.00032884314767755995,0.00013463403094249315,-1.2269317609892028e-05,"[1.859375, 5.28125, 0.00511932373046875, 0.052032470703125, 6.68359375, 1.490234375, 0.121337890625, 0.04876708984375, 0.16064453125, 0.40673828125, 1.8896484375, 1.1025390625, 0.5576171875, 2.720703125, 0.006557464599609375, 5.73828125, 2.61328125, 0.59912109375, 2.806640625, 0.0260467529296875, 0.0126953125, 5.5390625, 0.0016422271728515625, 9.59375, 0.290771484375, 7.3515625, 5.9140625, 2.12890625, 6.55859375, 4.7421875, 4.7109375, 2.78515625, 2.9765625, 0.8173828125, 1.6806640625, 0.00048828125, 0.68505859375, 0.25244140625, 7.66015625, 1.6279296875, 3.5703125, 4.23828125, 2.8984375, 3.826171875, 0.40380859375, 4.0390625, 3.701171875, 5.45703125, 4.01171875, 0.5029296875, 3.677734375, 0.77490234375, 1.380859375, 6.44921875, 0.580078125, 0.314697265625, 6.609375, 0.50439453125, 1.708984375, 0.09033203125, 0.71142578125, 0.392822265625, 3.9921875, 5.84765625, 2.43359375, 3.15234375, 0.07110595703125, 1.3232421875, 3.29296875, 4.625, 3.8671875, 3.060546875, 0.0897216796875, 3.373046875, 0.97509765625, 0.63623046875, 0.0035152435302734375, 0.5771484375, 0.80419921875, 0.0015516281127929688, 0.248046875, 0.2169189453125, 5.23828125, 0.16162109375, 4.4453125, 4.25, 7.375, 0.08544921875, 8.1015625, 0.0565185546875, 2.404296875, 8.1328125, 5.3125, 6.140625, 8.921875, 1.734375, 0.0511474609375, 3.427734375, 4.45703125, 2.31640625, 5.43359375, 4.859375, 0.81982421875, 4.9375, 0.074462890625, 1.755859375, 8.015625, 1.662109375, 3.79296875, 0.08575439453125, 1.76953125, 1.841796875, 2.974609375, 2.123046875, 0.0142974853515625, 8.03125, 2.5234375, 3.53125, 2.087890625, 7.390975952148438e-05, 2.73828125, 1.7880859375, 1.87109375, 2.5033950805664062e-06, 1.0908203125, 2.859375, 1.4013671875, 0.0002130270004272461, 7.484375, 0.7939453125, 4.87109375, 2.90234375, 1.7958984375, 0.06671142578125, 0.85400390625, 1.185546875, 2.69140625, 0.55908203125, 4.95703125, 0.2017822265625, 3.193359375, 5.40625, 0.89697265625, 1.2255859375, 2.337890625, 0.4267578125, 6.76171875, 0.1868896484375, 0.035888671875, 1.2099609375, 0.0178375244140625, 0.0016536712646484375, 0.04205322265625, 5.24609375, 5.484375, 0.004642486572265625, 0.95458984375, 6.30078125, 0.37060546875, 6.73046875, 1.2724609375, 2.037109375, 9.5546875, 1.1474609375, 4.578125, 2.30078125, 0.0482177734375, 0.07342529296875, 0.86669921875, 0.06658935546875, 0.043701171875, 1.451171875, 4.67578125, 2.69140625, 1.4794921875, 2.91015625, 0.190185546875, 4.296875, 8.53125, 0.95703125, 9.2265625, 0.10968017578125, 0.0958251953125, 7.93359375, 0.417724609375, 0.0474853515625, 5.58203125, 7.2421875, 0.0280914306640625, 7.73828125, 4.3046875, 2.578125, 5.53125, 0.1279296875, 1.4208984375, 7.375, 0.59619140625, 9.734375, 2.25390625, 11.046875, 0.0017719268798828125, 1.3271484375, 0.0005197525024414062, 0.280029296875, 0.9912109375, 0.0011625289916992188, 1.8671875, 0.5048828125, 6.671875, 0.26025390625, 2.23828125, 2.302734375, 2.541015625, 2.28515625, 4.36328125, 0.1297607421875, 4.74609375, 1.3212890625, 0.146240234375, 4.1015625, 9.171875, 7.92578125, 4.4296875, 2.193359375, 3.74609375, 4.32421875, 5.8671875, 3.0, 8.328125, 2.962890625, 0.3583984375, 6.96484375, 0.43212890625, 0.075439453125, 0.2095947265625, 3.359375, 0.0003972053527832031, 0.40673828125, 2.67578125, 3.88671875, 6.05078125, 6.6015625, 8.3203125, 4.3671875, 2.283203125, 0.00012934207916259766, 0.038299560546875, 3.318359375, 2.419921875, 5.78125, 1.5546875, 9.3828125, 0.163330078125, 4.5234375, 0.6064453125, 2.865234375, 1.9033203125, 5.140625, 6.41796875, 5.74609375, 5.40625, 0.2001953125, 0.0225372314453125, 0.0101470947265625, 1.98828125, 8.1796875, 0.244384765625, 2.888671875, 4.9140625, 0.1656494140625, 1.7578125, 0.00905609130859375, 0.0225677490234375, 0.83056640625, 5.1328125, 0.00905609130859375, 3.75390625, 0.048248291015625, 0.1614990234375, 6.7265625, 6.40234375, 7.41015625, 3.884765625, 4.55078125, 3.203125, 9.3125, 10.421875, 5.7578125, 6.515625, 0.259521484375, 2.083984375]",-1.1868851762456991
67,1,test,2.9475685494058084,1.358833581182045,1.8570431499114244,5.277383211211597,2.4328816812780323,3.3248856396617716,19.059554976681483,14.16200552447798,16.083717811436436,34.12459244328002,25.3559260587959,28.79659656059578,3.1197490027202432,1.3848539947693241,1.9294375463567754,4.65634179510484,2.066946260849737,2.879757531875784,22.64069617678576,16.972363534082852,19.352591027595047,33.792083845948895,25.331885871765454,28.884464220291115,2.93222897644811,1.3424937524287672,1.8484156603924036,5.249918945856198,2.4036265387796494,3.309438817109753,18.769420501144545,13.86696979587259,15.813490519176696,33.60513011881569,24.82768843692159,28.312776438525947,0.7135678391959799,0.003567839195979916,0.013567839195979925,0.5678391959798995,0.002839195979899567,-0.0021608040201005485,0.4321608040201005,0.007160804020100442,-0.002839195979899567,0.412751677852349,0.0978438051555316,0.1660998921380633,0.4107744107744108,0.4321608040201005,0.12138386166421078,0.17506564542243774,0.4494949494949495,0.4261744966442953,0.1079165401953841,0.1772905680728667,0.4107744107744108,22.0,-1.0,-1.0,33.0,-1.0,0.0,41.0,0.0,-1.0,0.000334620650914467,-0.0002566518013098004,-7.251697239952742e-05,-0.028393117578014326,-0.025144951636002943,-0.025950504345436443,"[2.13671875, 9.015625, 0.78173828125, 0.017822265625, 0.1502685546875, 1.376953125, 2.470703125, 0.0010528564453125, 2.306640625, 0.00020182132720947266, 1.4765625, 7.23828125, 0.00426483154296875, 1.1920928955078125e-07, 0.00997161865234375, 0.003940582275390625, 4.494190216064453e-05, 7.078125, 0.62890625, 4.12109375, 5.01171875, 0.045867919921875, 0.59814453125, 4.99609375, 0.0244903564453125, 9.3984375, 0.0950927734375, 2.6171875, 0.425048828125, 3.6015625, 0.08233642578125, 3.298828125, 6.5546875, 0.1075439453125, 3.921875, 6.609375, 3.498046875, 1.0537109375, 7.22265625, 2.19921875, 2.2265625, 5.4765625, 9.0625, 0.9404296875, 1.5869140625, 0.6240234375, 0.2091064453125, 2.0234375, 7.32421875, 1.615234375, 3.8359375, 1.1376953125, 5.89453125, 7.37890625, 0.6298828125, 6.13671875, 5.4921875, 2.642578125, 8.6640625, 0.97900390625, 1.390625, 5.015625, 8.4765625, 0.267578125, 5.94921875, 0.07293701171875, 4.6953125, 2.455078125, 0.90576171875, 2.779296875, 3.580078125, 4.1875, 6.94140625, 12.4375, 0.49267578125, 0.1571044921875, 4.56640625, 1.3095703125, 7.2109375, 3.33984375, 2.669921875, 1.9892578125, 0.99560546875, 2.990234375, 4.80078125, 5.76171875, 4.16015625, 0.31005859375, 5.94921875, 0.20703125, 3.05859375, 0.3173828125, 6.0703125, 5.375, 9.7421875, 3.908203125, 1.2041015625, 2.5, 8.6640625, 0.72607421875, 2.126953125, 8.3125, 0.315185546875, 4.93359375, 4.7109375, 0.1275634765625, 2.025390625, 4.03125, 2.92578125, 3.140625, 6.4296875, 2.353515625, 5.3203125, 1.0751953125, 3.37890625, 1.9736328125, 2.55859375, 0.475341796875, 0.5390625, 0.76220703125, 1.69140625, 1.59375, 1.5380859375, 0.30029296875, 0.357666015625, 0.1939697265625, 2.859375, 0.1710205078125, 0.256591796875, 6.532669067382812e-05, 0.0022678375244140625, 8.463859558105469e-06, 3.814697265625e-06, -0.0, 7.62939453125e-06, 0.00013756752014160156, 0.1986083984375, 4.4921875, 0.2103271484375, 1.076171875, 6.79296875, 1.232421875, 1.6806640625, 8.8515625, 2.576171875, 6.515625, 1.7001953125, 3.5078125, 4.83984375, 2.650390625, 4.8828125, 8.9453125, 5.51171875, 1.794921875, 6.2578125, 2.9296875, 5.578125, 7.9609375, 1.2490234375, 6.390625, 5.3984375, 1.466796875, 3.205078125, 0.197021484375, 4.953125, 0.75439453125, 2.439453125, 8.328125, 0.96240234375, 3.35546875, 1.72265625, 2.17578125, 3.43359375, 0.7958984375, 7.97265625, 1.650390625, 6.54296875, 7.8515625, 0.36572265625, 1.6279296875, 1.6796875, 6.2578125, 5.5390625, 1.3759765625, 4.58984375, 6.03515625, 2.603515625, 1.986328125, 2.744140625, 2.353515625, 4.36328125, 8.71875, 1.865234375, 4.6875, 5.78515625, 0.3037109375, 5.8828125, 2.9296875, 5.28125, 1.1806640625, 6.97265625, 3.201171875, 7.04296875, 2.46484375, 6.04296875, 7.5, 0.392578125, 4.64453125, 0.71484375, 4.08984375, 3.291015625, 0.040374755859375, 6.6328125, 1.8349609375, 1.4814453125, 3.7578125, 7.50390625, 2.638671875, 4.14453125, 4.92578125, 1.6328125, 3.09375, 4.8359375, 0.01230621337890625, 1.392578125, 4.25, 0.09210205078125, 6.34765625, 1.2080078125, 1.9311904907226562e-05, 0.168212890625, 6.16312026977539e-05, 5.4836273193359375e-06, 2.6226043701171875e-06, 1.3113021850585938e-06, -0.0, 2.384185791015625e-07, 5.1140785217285156e-05, 1.384765625, 2.5033950805664062e-06, 0.11602783203125, 2.3603439331054688e-05, 2.1338462829589844e-05, 4.410743713378906e-06, 2.7418136596679688e-06, -0.0, 2.384185791015625e-07, 0.00012958049774169922, 0.351318359375, 4.1875, 1.5205078125, 2.611328125, 7.33203125, 0.408203125, 1.7744140625, 1.0068359375, 3.96875, 6.30859375, 1.912109375, 1.6806640625, 6.37109375, 0.326416015625, 5.98046875, 3.6953125, 1.1591796875, 7.40625, 0.01165008544921875, 0.99853515625, 0.73388671875, 1.005859375, 0.2099609375, 4.171875, 0.1737060546875, 5.453125, 0.29248046875, 5.49609375, 3.52734375, 2.66796875, 4.21875, 1.8798828125, 1.1865234375, 0.94970703125, 9.0859375, 2.26953125, 1.6845703125, 4.953125, 5.0078125, 3.681640625, 3.408203125, 1.8251953125, 1.7119140625, 6.7890625, 2.92578125, 4.1484375, 0.396240234375, 0.05120849609375, 0.58837890625, 7.65625]",-0.6681974990255881
259,1,test,2.7368621100550112,1.040794265619785,1.4893048027308775,5.109863939582478,1.9432170392785588,2.780609544983084,15.438464807004275,9.98599956471853,11.956637280196723,28.82441695180567,18.644380690197025,22.323663823719894,2.760815316109202,0.962263721107312,1.4762570668728547,4.640025741360003,1.61724995144086,2.4811043140720246,15.812730067563077,9.771838600128746,12.199658540038103,26.576016920274082,16.423258151476887,20.503627798383366,2.7263123371130646,1.0425920539152254,1.5099389901764813,5.111835632086996,1.9548601010910476,2.831135606580902,15.276448628333437,9.890894092388535,11.901522801202567,28.643341178125194,18.545426423228506,22.31535525225481,0.6030150753768844,-0.016984924623115627,0.0030150753768843908,0.4371859296482412,-0.022814070351758753,-0.012814070351758744,0.37688442211055273,0.006884422110552735,-0.003115577889447274,0.3944099378881988,0.07192931773316003,0.112385144499769,0.36137071651090347,0.39698492462311563,0.09623304492386753,0.1282036224528318,0.3484848484848485,0.3913043478260869,0.0707701241199099,0.11544227886056968,0.35906040268456374,23.0,3.0,5.0,34.0,5.0,5.0,41.0,4.0,4.0,0.0006240803878988607,0.0001648141497646078,9.170950010717466e-06,-0.020878893818748523,-0.026649101288860777,-0.025209646014755727,"[10.9140625, 4.90234375, 3.05078125, 0.0948486328125, 3.46484375, 5.28125, 0.97021484375, 0.654296875, 1.96484375, 1.5126953125, 8.453125, 5.56640625, 6.87890625, 1.1279296875, 1.533203125, 3.763671875, 1.529296875, 8.5859375, 3.197265625, 2.830078125, 0.06707763671875, 7.00390625, 4.34765625, 0.06866455078125, 10.7109375, 1.0693359375, 5.46875, 4.08984375, 7.9765625, 1.1748046875, 1.1181640625, 9.890625, 0.07745361328125, 7.13671875, 1.9541015625, 9.234375, 4.296875, 0.35693359375, 1.7880859375, 2.7265625, 4.5546875, 0.1998291015625, 1.51953125, 4.23828125, 0.05853271484375, 2.8046875, 6.53125, 4.53515625, 3.208984375, 1.4033203125, 2.58984375, 0.49755859375, 1.779296875, 3.90234375, 1.0263671875, 3.951171875, 0.87060546875, 0.01904296875, 5.841255187988281e-06, 5.4453125, 0.8154296875, 1.990234375, 0.0012178421020507812, 6.546875, 4.46484375, 9.765625, 2.904296875, 2.29296875, 4.6015625, 3.841796875, 0.003082275390625, 10.0625, 1.4072265625, 4.48828125, 4.640625, 5.88671875, 1.302734375, 2.40625, 0.8740234375, 5.8515625, 1.431640625, 1.865234375, 9.2265625, 4.21484375, 0.334228515625, 1.8046875, 3.978515625, 3.8515625, 0.0296630859375, 0.09759521484375, 0.13525390625, 0.845703125, 0.1829833984375, 0.007720947265625, 0.12066650390625, 0.8583984375, 0.71826171875, 6.95703125, 0.191162109375, 0.0218658447265625, 0.16162109375, 0.333740234375, 0.307373046875, 0.0038967132568359375, 1.4091796875, 5.88671875, 0.445068359375, 9.775161743164062e-06, 5.06640625, 0.4658203125, 0.0435791015625, 1.1920928955078125e-07, 4.52734375, 0.468994140625, 0.0262908935546875, 4.76837158203125e-07, 3.69921875, 1.462890625, 2.453125, 6.51171875, 4.1640625, 6.62890625, 7.98046875, 0.52001953125, 0.5439453125, 0.53076171875, 0.008270263671875, 4.6953125, 1.1875, 0.06915283203125, 7.3828125, 11.65625, 0.419677734375, 1.8837890625, 4.649162292480469e-06, 4.4921875, 0.256103515625, 0.01067352294921875, 4.76837158203125e-07, 4.828125, 0.204345703125, 0.01027679443359375, 1.1920928955078125e-07, 4.00390625, 4.1796875, 7.7578125, 0.07427978515625, 5.9765625, 6.25, 1.3974609375, 11.21875, 8.4296875, 0.84619140625, 0.347900390625, 1.1982421875, 0.2376708984375, 3.169921875, 4.649162292480469e-06, 4.20703125, 2.322265625, 6.34375, 1.912109375, 1.71484375, 0.7724609375, 11.1484375, 0.04522705078125, 0.1494140625, 2.57421875, 6.8671875, 0.2052001953125, 0.454833984375, 0.26123046875, 0.1348876953125, 4.1484375, 7.72265625, 0.236328125, 0.3427734375, 0.1856689453125, 0.053009033203125, 4.76171875, 0.0186309814453125, 3.498046875, 2.103515625, 0.51904296875, 6.20703125, 1.4736328125, 4.78515625, 0.0244293212890625, 2.466796875, 0.6533203125, 0.99853515625, 1.96484375, 1.4306640625, 0.0195465087890625, 1.4375, 0.34716796875, 0.92919921875, 7.2890625, 0.00043129920959472656, 0.391845703125, 0.2203369140625, 7.5390625, 0.457763671875, 2.59765625, 2.873046875, 0.00048089027404785156, 8.0703125, 1.3515625, 1.87890625, 5.8046875, 0.0323486328125, 5.11328125, 2.212890625, 0.13525390625, 3.951171875, 1.85546875, 1.486328125, 10.4296875, 2.798828125, 1.837890625, 1.4296875, 1.4736328125, 4.23828125, 0.181640625, 3.498046875, 2.18359375, 3.271484375, 1.1376953125, 2.47955322265625e-05, 4.59765625, 2.205078125, 2.341796875, 1.9287109375, 4.87890625, 8.5625, 3.568359375, 1.8408203125, 2.162109375, 2.396484375, 0.71435546875, 2.208984375, 0.314697265625, 4.63671875, 2.765625, 4.22265625, 2.01953125, 3.29296875, 5.359375, 0.43701171875, 0.60791015625, 2.4453125, 2.8984375, 1.36328125, 1.056640625, 1.1279296875, 0.36572265625, 1.43359375, 5.71875, 2.591796875, 0.6826171875, 5.734375, 0.1041259765625, 5.6328125, 1.29296875, 4.887580871582031e-06, 3.8984375, 1.427734375, 5.2109375, 0.016143798828125, 7.6015625, 2.849609375, 0.1376953125, 6.24609375, 6.03515625, 0.22705078125, 1.3759765625, 7.74609375, 2.255859375, 2.00390625, 1.5020370483398438e-05, 4.40625, 0.322998046875, 0.00490570068359375, -0.0, 4.45703125, 0.385009765625, 0.0084686279296875, -0.0, 4.09765625, 0.53271484375, 0.00937652587890625, 1.1920928955078125e-07, 4.75390625, 2.234375, 7.9921875, 1.712890625, 3.1796875, 1.4794921875, 5.84765625, 4.78125, 0.251708984375, 0.437744140625, 0.0018110275268554688, 0.07598876953125, 1.900390625, 2.5033950805664062e-06, 4.359375, 0.66162109375, 0.0101470947265625, -0.0, 4.2265625, 1.6630859375, 3.662109375, 7.80078125, 11.4453125, 4.5703125, 4.84375, 5.12890625, 0.12408447265625, 0.5615234375, 6.8671875, 1.9208984375]",-0.8119464646215024
34,1,test,4.104038244322803,1.916379323506506,2.5973043496130526,6.840063740538005,3.19396553917751,4.3288405826884215,60.58444908124788,51.67012954167447,56.0724789482699,100.97408180207981,86.11688256945746,93.45413158044983,4.034384696926903,1.824932323286025,2.5263925692249893,6.021469696905825,2.723779586994067,3.770735177947745,56.50813990705813,47.397414153969216,51.9904890913374,84.34050732396736,70.74240918502869,77.59774491244389,4.019240094666497,1.8511416495367836,2.5311061128260004,6.447978761497054,2.969745961823717,4.060598041966846,55.65879433779497,46.9171488301717,51.22997079937196,89.29218342961761,75.26815320348402,82.18711892947374,0.7236180904522613,-0.01638190954773866,-0.011381909547738656,0.6130653266331658,-0.016934673366834185,0.0030653266331658324,0.4974874371859297,-0.002512562814070307,-0.002512562814070307,0.43465045592705165,0.11446836184510933,0.1838921141676988,0.4725609756097561,0.4120603015075377,0.08875203083084593,0.16999018464610194,0.4545454545454546,0.43143812709030105,0.11591225062953314,0.1833847344317916,0.4530201342281879,23.0,0.0,-1.0,34.0,0.0,0.0,42.0,0.0,1.0,-0.000689736153306634,-6.112505371712421e-05,-0.0001192585303913428,0.00038856727672431646,-1.255992094950642e-05,-0.00014544248242298607,"[2.111328125, 9.03125, 0.796875, 0.0307769775390625, 0.180908203125, 0.380859375, 5.960464477539062e-07, 0.0136871337890625, 0.0003910064697265625, 3.933906555175781e-06, 2.93359375, 10.09375, 2.80859375, 0.69873046875, 5.71875, 1.521484375, 3.50390625, 1.7626953125, 0.0087890625, 0.11383056640625, 3.501953125, 2.693359375, 2.48046875, 0.65087890625, 8.5078125, 1.3837890625, 0.353759765625, 5.0234375, 9.8671875, 1.9228515625, 11.7734375, 2.27734375, 0.71875, 7.42578125, 0.00213623046875, 0.48193359375, 5.8515625, 10.671875, 6.0078125, 6.71875, 4.265625, 9.421875, 0.05450439453125, 8.203125, 0.84619140625, 5.46484375, 1.3935546875, 2.013671875, 0.337890625, 0.1473388671875, 3.408203125, 5.996227264404297e-05, 1.1630859375, 2.38671875, 13.453125, 0.1419677734375, 0.10870361328125, 6.0703125, 6.62109375, 1.66015625, 7.0390625, 7.328125, 0.1900634765625, 6.6640625, 0.60595703125, 0.256591796875, 2.2265625, 7.765625, 14.1640625, 5.75, 5.6640625, 9.53125, 6.0703125, 3.099609375, 7.19140625, 0.55712890625, 6.78515625, 0.393798828125, 7.93359375, 0.59765625, 5.046875, 3.54296875, 5.84765625, 9.0390625, 3.068359375, 0.591796875, 14.7578125, 5.57421875, 8.9765625, 10.609375, 8.9140625, 5.8203125, 4.9140625, 2.7890625, 3.208984375, 4.71875, 0.79638671875, 9.5234375, 14.078125, 9.6484375, 5.15234375, 8.109375, 4.70703125, 3.025390625, 7.3984375, 1.59765625, 8.171875, 1.2470703125, 1.0771484375, 5.2890625, 2.876953125, 0.190673828125, 0.00788116455078125, 0.47412109375, 0.35888671875, 1.1513671875, 3.3515625, 1.5107421875, 6.00390625, 2.525390625, 8.0390625, 3.71484375, 0.00861358642578125, 2.59765625, 2.33984375, 4.05859375, 1.234375, 1.904296875, 0.410888671875, 0.37890625, 3.90234375, 0.40283203125, 1.169921875, 4.6253204345703125e-05, 0.18212890625, 0.93603515625, 1.4072265625, 1.7822265625, 2.77734375, 3.357421875, 5.28515625, 5.78515625, 0.251953125, 1.3515625, 5.5859375, 8.515625, 2.359375, 2.755859375, 0.95849609375, 3.25, 0.0264739990234375, 1.232421875, 4.0625, 0.004520416259765625, 5.71484375, 4.90625, 4.671875, 8.6796875, 2.02734375, 8.6484375, 7.703125, 13.2578125, 10.3515625, 4.05078125, 2.751953125, 8.078125, 7.09375, 6.51953125, 10.8828125, 4.0390625, 2.224609375, 6.9609375, 2.177734375, 0.090087890625, 0.29541015625, 0.5556640625, 0.09600830078125, 0.662109375, 0.78759765625, 4.47265625, 11.359375, 6.18359375, 14.9921875, 13.1015625, 0.20556640625, 1.966796875, 4.703125, 0.491943359375, 0.46875, 3.55859375, 7.4765625, 5.16015625, 7.5078125, 5.1015625, 8.984375, 1.234375, 3.67578125, 3.40625, 1.857421875, 0.63720703125, 3.13671875, 8.40625, 5.83984375, 4.49609375, 11.5703125, 0.8095703125, 1.978515625, 4.27734375, 3.0040740966796875e-05, 2.34765625, 1.6552734375, 0.0035648345947265625, 1.1324882507324219e-05, 2.361328125, 0.49365234375, 4.71875, 4.0078125, 3.69140625, 3.62396240234375e-05, 0.9150390625, 1.166015625, 5.710124969482422e-05, 0.91357421875, 0.426025390625, 6.7734375, 10.1484375, 13.046875, 3.322265625, 4.34765625, 3.7578125, 1.11328125, 1.2998046875, 9.3125, 10.4140625, 2.689453125, 2.7418136596679688e-06, 2.6328125, 2.34765625, 4.4765625, 5.80859375, 4.55078125, 6.359375, 7.75390625, 2.466796875, 5.05078125, 5.33984375, 11.640625, 4.48828125, 4.5234375, 2.927734375, 10.96875, 3.142578125, 1.8271484375, 1.619140625, 3.16015625, 6.75390625, 8.3671875, 6.703125, 0.06207275390625, 6.91796875, 10.8125, 7.4609375, 1.876953125, 7.23046875, 1.42578125, 6.76953125, 6.40234375, 1.7197265625, 4.5234375, 1.828125, 3.435546875, 5.359375, 1.365234375, 0.053497314453125, 7.04296875, 4.00390625, 4.859375, 7.1328125, 4.2578125, 7.48046875, 7.6171875, 0.6328125, 1.9091796875, 10.3515625, 0.92578125, 0.06182861328125, 0.04034423828125, 1.7841796875, 1.1920928955078125e-05, 0.89013671875, 2.265625, 0.0015926361083984375, 3.0994415283203125e-06, 0.11285400390625, 1.2724609375, 11.3203125, 5.09765625, 9.8515625, 2.099609375, 1.4541015625, 0.0124969482421875, 0.1341552734375, 4.453125, 6.26953125, 7.3828125, 0.09991455078125, 0.81005859375, 6.6328125, 4.40234375, 9.3046875, 5.04296875, 1.740234375, 4.03125, 0.038116455078125, 8.375, 9.3828125, 8.9296875, 4.1640625, 7.05078125, 2.314453125, 9.28125, 0.003513336181640625, 1.66015625, 9.34375, 7.328125, 11.7421875, 5.58984375, 5.98046875, 2.171875]",-0.2337856234750486
154,1,test,3.1546235041026653,1.0779933770852672,1.5818293681895572,5.322217568271368,1.8187004828125675,2.668730529154161,23.44420878120163,15.466668511899464,18.624111378377595,39.553112974419925,26.094072642775163,31.421046804011276,3.15927377058633,0.9013015208764572,1.410743804219223,5.054838032938128,1.4420824334023314,2.257190086750757,23.553484483176426,13.989807739825045,17.80733505184908,37.685575173082285,22.383692383720074,28.491736082958532,3.1550437142379093,1.0798492294716282,1.56558925721877,5.322926511751073,1.8218315221147097,2.641331568927372,23.454062345483067,15.487966752855115,18.552987893377,39.56973708593769,26.1300052578844,31.301053194347702,0.7437185929648241,-0.011281407035175883,-0.011281407035175883,0.5979899497487438,0.007989949748743674,-0.012010050251256232,0.4623115577889447,0.0023115577889447625,-0.002688442211055242,0.44525547445255476,0.08642123037240901,0.13457586280206935,0.43223443223443225,0.457286432160804,0.07382778554426261,0.123396615800203,0.43939393939393945,0.44160583941605835,0.08095010171114037,0.12000389766848552,0.43223443223443225,20.0,8.0,9.0,30.0,8.0,8.0,39.0,10.0,9.0,0.0001409477183008053,0.00021092192907564005,4.335126884827627e-05,-0.000211034476049754,0.00020048395678795572,4.730815085896012e-05,"[1.88671875, 5.3046875, 0.005107879638671875, 0.057769775390625, 8.7578125, 1.0341796875, 3.498046875, 4.84765625, 2.01953125, 4.76953125, 10.8515625, 5.98046875, 0.1927490234375, 5.80078125, 2.21484375, 5.55859375, 1.53125, 3.76953125, 3.236328125, 1.556640625, 1.2177734375, 3.98046875, 1.4794921875, 5.40234375, 0.6640625, 3.677734375, 0.318359375, 2.095703125, 4.76953125, 0.09033203125, 1.57421875, 7.01953125, 13.234375, 2.544921875, 1.3056640625, 2.49609375, 4.90625, 5.4453125, 2.291015625, 3.072265625, 0.2454833984375, 1.5810546875, 7.59375, 0.4873046875, 2.345703125, 0.251953125, 4.625, 0.8154296875, 3.439453125, 3.701171875, 0.319091796875, 8.6328125, 4.9375, 1.0771484375, 4.81640625, 2.255859375, 4.55078125, 7.859375, 4.62890625, 2.375, 3.17578125, 2.701171875, 6.39453125, 6.6328125, 2.349609375, 3.09375, 3.1171875, 0.0063323974609375, 5.046875, 0.8095703125, 7.796875, 1.501953125, 0.87255859375, 5.53515625, 0.2149658203125, 4.1953125, 1.0302734375, 0.96875, 3.955078125, 3.208984375, 3.841796875, 4.94921875, 8.2578125, 4.859375, 0.0021839141845703125, 6.48828125, 0.05731201171875, 1.7021484375, 4.73828125, 0.67138671875, 0.0011568069458007812, 4.8828125, 1.08203125, 0.00954437255859375, 0.0006666183471679688, 3.537109375, 3.40625, 2.427734375, 3.14453125, 1.69140625, 9.1015625, 0.6162109375, 1.296875, 1.5546875, 2.0234375, 6.09375, 6.6953125, 0.1712646484375, 4.8203125, 6.4921875, 2.78125, 0.77392578125, 0.0006136894226074219, 4.015625, 0.403564453125, 0.005756378173828125, 0.0004253387451171875, 4.78515625, 1.416015625, 2.08203125, 3.1875, 2.296875, 0.04071044921875, 8.765625, 0.286376953125, 3.791015625, 6.91796875, 1.1650390625, 6.57421875, 6.421875, 3.6953125, 2.859375, 2.42578125, 0.000644683837890625, 3.892578125, 1.521484375, 10.7109375, 0.472900390625, 8.59375, 4.9140625, 4.37109375, 2.8046875, 3.4921875, 1.84765625, 3.8828125, 4.11328125, 3.318359375, 4.546875, 3.197265625, 1.9814453125, 5.8671875, 0.204345703125, 6.6875, 0.1435546875, 0.003963470458984375, 1.4619140625, 7.6875, 1.587890625, 0.529296875, 5.67578125, 1.5712890625, 1.162109375, 0.0001392364501953125, 4.45703125, 0.439453125, 0.009735107421875, 0.00015413761138916016, 3.20703125, 1.3828125, 3.8125, 0.08929443359375, 7.21484375, 0.06640625, 2.849609375, 4.296875, 8.640625, 9.359375, 3.41015625, 2.03125, 2.55859375, 0.00017464160919189453, 3.669921875, 1.5439453125, 1.9697265625, 0.9892578125, 0.1318359375, 4.7421875, 4.1953125, 7.64453125, 0.1646728515625, 8.03125, 7.59765625, 0.07586669921875, 2.68359375, 1.337890625, 5.4375, 1.0458984375, 1.7109375, 1.0234375, 4.5703125, 6.8203125, 1.4619140625, 2.087890625, 4.29296875, 3.734375, 5.23828125, 2.671875, 2.947265625, 8.3203125, 0.96728515625, 2.203125, 0.153076171875, 1.0419921875, 6.50390625, 0.56298828125, 0.84619140625, 5.97265625, 0.64013671875, 7.6953125, 7.625, 6.1015625, 0.1204833984375, 0.0005545616149902344, 3.880859375, 0.41455078125, 6.26953125, 0.006381988525390625, 6.34765625, 1.873046875, 1.439453125, 3.638671875, 3.419921875, 0.95068359375, 1.54296875, 0.02191162109375, 0.96484375, 4.0703125, 0.43359375, 5.90234375, 4.62109375, 1.8330078125, 0.001186370849609375, 2.849609375, 1.427734375, 3.97265625, 0.0198211669921875, 7.796875, 4.0625, 0.315185546875, 3.150390625, 5.09765625, 0.4423828125, 1.732421875, 0.052093505859375, 0.175537109375, 7.46484375, 6.96484375, 0.42626953125, 2.5859375, 5.4140625, 2.951171875, 2.97265625, 10.984375, 0.1048583984375, 6.4453125, 3.953125, 6.40234375, 0.361572265625, 4.9453125, 2.443359375, 0.90087890625, 3.02734375, 1.587890625, 0.1435546875]",-0.40615344482616766
310,1,test,2.5114057876672775,0.9745458681513892,1.3804793666854063,4.503210377886153,1.7474615566852498,2.4753423126772804,12.322240343876855,7.672274289140654,9.22371463377481,22.09505165108953,13.757181483976344,16.53907451573414,2.4740444637423185,0.8312867327683267,1.2421693945889898,3.8961330137674306,1.3091129649894908,1.956172274943291,11.870359133715995,6.700953430070524,8.442708537371857,18.69347895073385,10.552682567040197,13.295603995861192,2.5053512296549054,0.9945634132569725,1.4013259679690069,4.421208052332186,1.7551119057475981,2.4729281787688353,12.24786002207644,7.717561589876107,9.231577073199503,21.613870627193716,13.619226335075481,16.291018364469707,0.6180904522613065,-0.006909547738693456,-0.006909547738693456,0.4773869346733668,0.012386934673366823,0.012386934673366823,0.31155778894472363,-0.02344221105527633,-0.008442211055276316,0.38585209003215437,0.07445562133231487,0.11740289217119182,0.3774193548387097,0.40201005025125625,0.07619551391040413,0.11820370634474542,0.38888888888888884,0.37792642140468224,0.06740889218932333,0.11874955822336963,0.37583892617449666,17.0,6.0,6.0,24.0,8.0,8.0,33.0,10.0,11.0,5.261591322364772e-05,2.470670153570065e-05,-7.478039239780881e-05,-0.00888351227527906,-0.007677260486030235,-0.008454539452222853,"[4.44140625, 3.75390625, 0.52099609375, 2.544921875, 2.94140625, 0.99462890625, 1.6826171875, 2.19921875, 4.0703125, 0.2685546875, 0.0222930908203125, 2.08984375, 0.720703125, 6.29296875, 1.890625, 1.126953125, 8.3046875, 1.34375, 1.8212890625, 2.6796875, 2.658203125, 0.580078125, 1.265625, 1.6787109375, 4.8125, 5.8984375, 0.34814453125, 3.162109375, 0.650390625, 6.66015625, 0.395751953125, 2.087890625, 6.45703125, 0.31298828125, 1.216796875, 0.55078125, 11.921875, 0.5595703125, 0.426513671875, 1.98828125, 2.880859375, 0.5849609375, 4.01953125, 1.3154296875, 0.810546875, 7.328125, 3.814453125, 0.37255859375, 0.018585205078125, 2.693359375, 3.810546875, 0.931640625, 3.5703125, 2.421875, 2.7734375, 0.0119476318359375, 8.53125, 1.52734375, 1.591796875, 1.1669921875, 0.1904296875, 4.01953125, 3.814453125, 5.33203125, 7.68359375, 1.240234375, 3.05859375, 2.71484375, 1.51171875, 0.94677734375, 1.185546875, 1.0380859375, 2.591796875, 3.20703125, 0.01702880859375, 7.7734375, 4.03125, 1.1484375, 3.7109375, 0.05377197265625, 0.0684814453125, 0.89013671875, 1.59375, 5.734375, 2.615234375, 0.740234375, 1.1171875, 1.6923828125, 4.410743713378906e-06, 0.1368408203125, 0.408203125, 5.33203125, 0.01305389404296875, 6.2890625, 7.1640625, 5.13671875, 3.06640625, 3.66015625, 0.48193359375, 3.83203125, 2.693359375, 0.004177093505859375, 0.389404296875, 1.890625, 0.88330078125, 0.01050567626953125, 4.20703125, 2.8014183044433594e-05, 5.046875, 1.71484375, 1.5654296875, 5.03515625, 0.88134765625, 8.8125, 3.6171875, 0.197998046875, 2.5390625, 0.468505859375, 3.64453125, 4.4921875, 2.6328125, 4.28515625, 6.82421875, 8.0703125, 1.357421875, 0.141845703125, 0.045379638671875, 4.234375, 1.1484375, 5.8770179748535156e-05, 0.375244140625, 1.3818359375, 0.0006885528564453125, 0.025970458984375, 1.3671875, 0.00011265277862548828, 0.0242767333984375, 3.3984375, 0.189453125, 7.4375, 2.63671875, 1.16015625, 3.61328125, 1.1708984375, 4.2890625, 0.65625, 1.3113021850585938e-05, 0.21484375, 0.366455078125, 2.619140625, 1.1943359375, 3.05078125, 2.73046875, 0.1904296875, 1.552734375, 3.345703125, 1.2763671875, 1.5888671875, 2.26171875, 5.9921875, 12.9453125, 8.2109375, 2.3046875, 7.859375, 3.447265625, 3.775390625, 0.72509765625, 1.7060546875, 0.919921875, 0.00200653076171875, 7.68359375, 0.301025390625, 0.2236328125, 0.46630859375, 0.00730133056640625, 0.3505859375, 1.1767578125, 1.68359375, 0.451416015625, 7.8125, 0.00296783447265625, 0.00867462158203125, 0.0171051025390625, 0.227294921875, 2.857421875, 4.921875, 3.263671875, 0.71044921875, 7.54296875, 2.216796875, 4.28515625, 0.054656982421875, 9.015625, 0.005710601806640625, 0.0120391845703125, 0.01161956787109375, 0.12310791015625, 1.3369140625, 2.682209014892578e-05, 2.552734375, 1.4228515625, 3.361701965332031e-05, 0.78857421875, 0.79345703125, 3.0994415283203125e-06, 0.00881195068359375, 2.44921875, 7.54296875, 1.5859375, 3.529296875, 0.55029296875, 1.26171875, 12.828125, 2.916015625, 9.0390625, 2.6796875, 1.0322265625, 0.0004897117614746094, 7.71484375, 0.1663818359375, 3.35546875, 3.123046875, 2.4453125, 5.70703125, 1.6005859375, 0.619140625, 2.12109375, 1.2783203125, 1.0400390625, 7.09375, 2.021484375, 0.357666015625, 4.09765625, 0.2159423828125, 1.1025390625, 5.9453125, 7.3125, 7.73828125, 5.04296875, 2.474609375, 4.36328125, 2.5078125, 8.5234375, 2.2421875, 1.811981201171875e-05, 0.361572265625, 0.3671875, 1.811981201171875e-05, 0.01107025146484375, 0.79296875, 1.823902130126953e-05, 0.0716552734375, 1.39453125, 1.83984375, 0.01056671142578125, 5.25390625, 7.22265625, 1.7060546875, 5.9453125, 0.87060546875, 2.208984375, 2.900390625, 0.0052032470703125, 0.03466796875, 0.69091796875, 0.0024356842041015625, 2.828125, 1.0029296875, 1.984375, 2.8359375, 0.221923828125, 1.533203125, 2.59375, 0.01154327392578125, 2.333984375, 2.384765625, 0.023834228515625, 14.7578125, 3.734375, 1.677734375, 3.55859375, 1.5888671875, 3.40234375, 7.7265625, 0.313720703125, 1.4052734375, 2.3359375, 0.83544921875, 0.56396484375, 0.09893798828125, 0.1141357421875, 0.4384765625, 8.828125, 0.0665283203125, 2.19921875, 3.884765625, 0.037353515625, 2.1875, 7.1015625, 0.765625, 2.474609375, 5.62109375, 0.01727294921875, 2.896484375, 0.9716796875, 0.08184814453125, 1.7744140625, 0.2340087890625, 9.3046875, 6.640625, 4.3984375]",-0.7244075916204422
234,1,test,3.8545974031718755,1.7883448034611593,2.456958111414644,5.940614821359008,2.756154932393081,3.7866060305331577,47.2096066768903,39.31442546874621,43.163968563219996,72.75833499614859,60.59046748712651,66.52329272684494,3.848408323436526,1.766368941809374,2.4329710053877145,5.497726176337895,2.52338420258482,3.4756728648395923,46.91832496953648,38.89751523147689,42.80003789604358,67.02617852790925,55.56787890210983,61.14291128006224,3.8785284040531436,1.8141798406436993,2.4745798011945213,5.977496716834845,2.7959712838155837,3.8137641641939095,48.35300660061566,40.47284380176149,44.28176260468588,74.52051605506648,62.37579456506771,68.24601060251588,0.7889447236180904,0.0089447236180904,-0.001055276381909609,0.6582914572864322,0.013291457286432218,0.008291457286432213,0.5226130653266332,0.0026130653266331905,0.017613065326633204,0.4252873563218391,0.08685523395090222,0.16414085950655244,0.4307692307692308,0.4170854271356784,0.0762332968098639,0.14830412496539458,0.4292929292929293,0.4291187739463601,0.0887746056863219,0.1692461624813919,0.4423076923076923,21.0,-1.0,-1.0,34.0,-2.0,2.0,41.0,0.0,1.0,-0.0002446470239917381,0.00012420669203833687,-4.664488161440232e-05,-0.00012094549186336678,-0.00017278787436758591,9.286739145242251e-05,"[2.88671875, 2.212890625, 11.234375, 0.09112548828125, 0.0001876354217529297, 0.97509765625, 0.005764007568359375, 0.03668212890625, 1.609375, 5.046875, 0.0259246826171875, 2.306640625, 2.787109375, 1.326171875, 10.2890625, 4.7421875, 4.56640625, 2.205078125, 9.9609375, 0.1512451171875, 5.33203125, 0.56640625, 5.09765625, 6.44140625, 5.42578125, 0.03253173828125, 6.58203125, 4.54296875, 1.0595703125, 1.7177734375, 3.8046875, 9.71875, 0.0160064697265625, 12.7890625, 10.9921875, 0.1173095703125, 5.63671875, 1.623046875, 1.7626953125, 13.6171875, 0.042938232421875, 0.03955078125, 1.3115234375, 7.55859375, 2.30859375, 4.546875, 0.2294921875, 2.99609375, 7.61328125, 0.334716796875, 7.28515625, 0.92041015625, 0.94775390625, 6.16796875, 2.76953125, 5.04296875, 7.0625, 3.41796875, 4.296875, 1.53515625, 2.162109375, 7.890625, 5.10546875, 9.2265625, 5.8671875, 10.34375, 6.703125, 2.029296875, 3.611328125, 2.86328125, 6.4609375, 8.4375, 4.34765625, 2.748046875, 4.734375, 2.849609375, 0.99462890625, 0.64697265625, 2.7890625, 1.1513671875, 8.9453125, 1.9306640625, 3.439453125, 3.95703125, 2.673828125, 4.27734375, 6.80859375, 2.603515625, 1.025390625, 1.2490234375, 5.234375, 1.181640625, 3.78125, 2.369140625, 9.3125, 0.8525390625, 8.859375, 3.857421875, 2.15234375, 2.20703125, 6.53125, 4.94921875, 0.861328125, 3.787109375, 1.451171875, 3.685546875, 0.030242919921875, 0.83984375, 14.59375, 6.53125, 3.21875, 1.712890625, 0.231689453125, 0.046539306640625, 1.732421875, 9.75, 5.67578125, 4.625, 2.673828125, 6.16015625, 1.0263671875, 3.35546875, 7.5703125, 10.625, 0.007843017578125, 0.442626953125, 2.078125, 7.33203125, 0.0650634765625, 0.76513671875, 4.79296875, 0.06085205078125, 3.353515625, 4.47265625, 2.951171875, 3.16796875, 7.9140625, 2.18359375, 1.201171875, 9.328125, 5.01953125, 5.66015625, 0.26708984375, 4.125, 3.71484375, 1.4462890625, 6.8125, 2.17578125, 2.154296875, 5.7578125, 8.953125, 0.9345703125, 2.80859375, 1.080078125, 8.0859375, 0.407958984375, 2.544921875, 4.1953125, 0.8125, 1.248046875, 4.83203125, 0.59130859375, 4.921875, 0.045166015625, 2.185546875, 4.76171875, 0.79833984375, 5.84375, 1.4970703125, 2.53515625, 0.10662841796875, 4.53125, 11.3203125, 7.24609375, 0.339599609375, 1.734375, 3.771484375, 4.08984375, 6.15234375, 0.36474609375, 0.054901123046875, 3.6015625, 1.810546875, 7.98046875, 4.42578125, 5.5546875, 0.947265625, 3.265625, 6.0078125, 9.34375, 6.62890625, 3.42578125, 0.638671875, 7.31640625, 2.38671875, 3.369140625, 0.14794921875, 7.6875, 1.9814453125, 3.302734375, 5.75, 0.6640625, 3.42578125, 1.6337890625, 3.9453125, 5.09375, 1.072265625, 8.71875, 10.09375, 5.92578125, 7.390625, 3.208984375, 7.421875, 2.791015625, 3.12890625, 2.654296875, 8.4453125, 0.07830810546875, 9.5625, 2.296875, 6.6484375, 1.4453125, 1.091796875, 0.0007205009460449219, 10.8515625, 1.0751953125, 0.7490234375, 8.2109375, 1.4765625, 3.0, 6.93359375, 8.546875, 7.59765625, 0.0030975341796875, 5.171875, 0.007171630859375, 0.00041675567626953125, 0.31591796875, 3.494140625, 0.003387451171875, 0.0008258819580078125, 5.9765625, 4.94921875, 0.485595703125, 5.515625, 3.14453125, 2.533203125, 2.451171875, 1.04296875, 7.17578125, 6.01953125, 8.1875, 7.31640625, 6.16796875, 3.486328125, 5.23828125, 3.337890625, 4.21484375, 1.2919921875, 2.408203125, 4.203125]",-0.46160476052441357
404,1,test,3.714358457584971,1.6430207190489412,2.2625724012026556,5.862663078998982,2.5933083781745454,3.571195357573922,41.03225470684863,33.09682315364881,36.76151922507934,64.76442364540434,52.23931005873219,58.023587101206324,3.8096386889117446,1.5518654275905264,2.2194097637465138,5.254674053671372,2.1405040380558984,3.0612548465469156,45.13412845885969,35.57235458680216,40.229256810494874,62.253970288082336,49.06531667145126,55.4886300834412,3.714358457584971,1.6430207190489412,2.2625724012026556,5.862663078998982,2.5933083781745454,3.571195357573922,41.03225470684863,33.09682315364881,36.76151922507934,64.76442364540434,52.23931005873219,58.023587101206324,0.8040201005025126,0.014020100502512567,-0.0009798994974873354,0.6834170854271358,0.003417085427135813,-0.006582914572864196,0.5226130653266332,-0.02238693467336672,-0.017386934673366827,0.429553264604811,0.08478482549674926,0.15298183603338245,0.4517241379310345,0.44723618090452266,0.08884019092958528,0.16009093883440584,0.4949494949494949,0.429553264604811,0.08478482549674926,0.15298183603338245,0.4517241379310345,22.0,13.0,13.0,36.0,23.0,23.0,46.0,24.0,24.0,0.0005091935447669833,-3.3426617153974e-05,-2.2725467746143433e-05,-0.00032884314767755995,0.00013463403094249315,-1.2269317609892028e-05,"[2.859375, 1.2138671875, 0.351806640625, 0.0308380126953125, 0.0001201629638671875, 1.1474609375, 0.00901031494140625, 0.0285186767578125, 5.59765625, 10.4609375, 1.5625, 3.8515625, 3.271484375, 7.22265625, 6.09375, 0.71435546875, 0.56298828125, 4.8671875, 1.4990234375, 3.92578125, 1.92578125, 4.94140625, 6.27734375, 7.890625, 2.50390625, 2.80078125, 6.2890625, 6.19921875, 2.697265625, 1.68359375, 0.000461578369140625, 3.6328125, 1.611328125, 3.18359375, 4.87109375, 1.4404296875, 3.57421875, 4.6953125, 3.857421875, 2.99609375, 1.0771484375, 5.15234375, 5.44921875, 3.271484375, 4.49609375, 2.74609375, 4.2421875, 0.04241943359375, 0.00605010986328125, 0.703125, 9.9609375, 5.19921875, 2.384185791015625e-07, 3.69921875, 1.537109375, 3.740234375, 2.537109375, 0.00926971435546875, 5.1328125, 5.6015625, 3.619140625, 2.578125, 7.77734375, 6.3125, 6.40234375, 5.62890625, 1.259765625, 7.3515625, 3.67578125, 8.7265625, 0.46240234375, 7.16015625, 2.310546875, 9.125, 8.5859375, 6.75390625, 6.5625, 2.55078125, 2.458984375, 9.078125, 0.73583984375, 5.47265625, 5.55859375, 6.20703125, 5.109375, 5.41015625, 5.6171875, 2.90625, 9.0625, 8.4453125, 0.78662109375, 5.0067901611328125e-06, 4.39453125, 2.095703125, 2.201171875, 12.546875, 0.865234375, 6.97265625, 1.8701171875, 2.51171875, 1.3681640625, 5.46484375, 1.55859375, 0.9873046875, 4.16015625, 5.81640625, 10.859375, 0.072509765625, 5.6484375, 6.3359375, 2.095703125, 0.327880859375, 0.05584716796875, 1.6484375, 0.00023055076599121094, 3.3125, 0.474609375, 2.126953125, 9.515625, 5.96875, 4.3515625, 6.609375, 2.384765625, 1.2958984375, 0.99267578125, 4.23828125, 9.1484375, 6.71484375, 2.4765625, 4.33984375, 4.8515625, 2.056640625, 5.68359375, 3.724609375, 0.59130859375, 0.162353515625, 4.3828125, 2.138671875, 3.27734375, 7.75, 3.263671875, 5.0859375, 1.44140625, 7.515625, 4.33984375, 1.673828125, 0.076416015625, 6.79296875, 3.19140625, 2.650390625, 1.46875, 3.419921875, 8.9765625, 1.1318359375, 0.0102386474609375, 2.76171875, 1.69921875, 1.0400390625, 3.181640625, 2.19140625, 0.0215606689453125, 8.1953125, 0.55078125, 6.80859375, 3.8515625, 1.7744140625, 5.265625, 2.314453125, 2.23828125, 5.37890625, 4.89453125, 9.15625, 6.37890625, 7.00390625, 0.8095703125, 11.1328125, 8.7421875, 0.178955078125, 12.4296875, 4.63671875, 1.8720703125, 0.004848480224609375, 0.02069091796875, 6.98046875, 3.3125, 3.935546875, 4.4765625, 6.3671875, 2.419921875, 9.6796875, 6.015625, 3.431640625, 7.3046875, 6.12890625, 0.466796875, 0.1087646484375, 0.0014982223510742188, 0.06390380859375, 0.3408203125, 1.4662742614746094e-05, 2.375, 2.341796875, 8.8125, 1.0205078125, 11.234375, 1.7529296875, 3.1875, 0.46435546875, 7.56640625, 3.654296875, 2.705078125, 4.51171875, 2.5234375, 0.87744140625, 0.06268310546875, 2.56640625, 8.6171875, 0.16357421875, 3.498046875, 0.127685546875, 10.9921875, 3.216796875, 4.25390625, 1.16796875, 10.84375, 6.6328125, 3.8203125, 0.970703125, 3.109375, 6.875, 2.697265625, 1.2109375, 0.77587890625, 9.75, 1.7744140625, 0.7021484375, 1.029296875, 5.36328125, 3.7421875, 7.59765625, 7.28125, 1.09375, 3.173828125, 0.4990234375, 0.830078125, 2.89453125, 0.0394287109375, 5.875, 6.27734375, 1.8017578125, 2.52734375, 3.49609375, 7.5390625, 2.74609375, 10.2890625, 9.9453125, 0.494873046875, 0.422607421875, 7.109375, 5.5078125, 1.6337890625, 4.109375, 0.92724609375, 4.79296875, 7.0234375, 9.265625, 0.9697265625, 0.0058135986328125, 0.04656982421875, 0.0043792724609375, 3.5762786865234375e-07, 3.2421875, 0.38818359375, 2.330078125, 0.00745391845703125, 7.59765625, 0.9580078125, 0.047027587890625, 0.01052093505859375, 2.89453125, 2.216796875, 6.640625, 0.048553466796875, 2.029296875, 2.19140625, 4.87109375, 7.4765625, 4.671875, 1.1279296875, 7.1796875, 0.06390380859375]",-0.8442639026445211
409,1,test,1.81350025306445,0.6975733908870487,0.8165444364841632,4.635692954578949,1.7831461826225152,2.087261518113364,6.131873020195288,3.0794770013035224,3.421853557749086,15.674373637422274,7.871799198598354,8.746986609157428,1.5880473426838018,0.5635555389958864,0.829807918992471,3.736581982785416,1.3260130329314972,1.9524892211587552,4.894182929703018,2.108503500930112,2.7596679956739254,11.51572454047769,4.961184708070851,6.493336460409235,1.689482250739898,0.6458360725580381,0.9134275794756994,4.259198951445121,1.6281581661127014,2.3027586037202505,5.416675499265283,2.5771238260099487,3.243792903305518,13.655484451929285,6.49695082187382,8.177629167997104,0.3517587939698492,-0.013241206030150776,-0.0032412060301507672,0.26633165829145733,-0.0186683417085427,-0.0186683417085427,0.21105527638190957,-0.013944723618090404,0.006055276381909613,0.3364269141531323,0.08381972991211262,0.10377784279438351,0.32325581395348835,0.3065326633165829,0.07344995654966557,0.09785152809120723,0.2676767676767676,0.3210702341137124,0.08567791357948873,0.12196011175553667,0.2953020134228188,20.0,-2.0,-2.0,28.0,-2.0,1.0,35.0,0.0,0.0,-0.0002325563531101029,-6.947360218163858e-05,-0.00018670171165889173,-0.1340155061935846,-0.13957025041789084,-0.13739475547089075,"[2.15234375, 8.9453125, 0.78271484375, 0.273193359375, 0.0011949539184570312, 0.0001583099365234375, 6.67578125, 2.875, 0.1312255859375, 3.353515625, 1.869140625, 4.37890625, 0.337890625, 0.416015625, 0.18212890625, 7.19140625, 7.8984375, 1.2041015625, 6.796875, 1.5703125, 2.015625, 5.20703125, 2.982421875, 4.14453125, 5.90625, 2.109375, 0.1031494140625, 0.05810546875, 6.0859375, 4.84375, 2.982421875, 0.26953125, 0.130126953125, 0.0196990966796875, 2.853515625, 0.181396484375, 0.0225677490234375, 1.0498046875, 4.515625, 0.0005512237548828125, 1.4580078125, 6.45703125, 1.486328125, 1.6689300537109375e-05, 0.08270263671875, 8.344650268554688e-07, 0.002971649169921875, 0.00308990478515625, 0.003021240234375, 0.0244140625, 0.0033512115478515625, 4.5299530029296875e-06, 0.00028896331787109375, 0.0015773773193359375, 1.404296875, 1.704692840576172e-05, 0.1312255859375, 2.384185791015625e-06, 0.0022182464599609375, 0.002819061279296875, 0.0004086494445800781, 0.022003173828125, 0.0018787384033203125, 2.0265579223632812e-06, 7.867813110351562e-05, 0.00029754638671875, 0.81103515625, 1.2080078125, 9.03125, 1.578125, 0.6611328125, 1.392578125, 0.030120849609375, 8.453125, 7.2578125, 0.59716796875, 6.75390625, 3.8984375, 8.53125, 7.0078125, 0.03179931640625, 8.0625, 8.34375, 0.53662109375, 7.08203125, 2.2734375, 0.60888671875, 2.974609375, 1.703125, 0.00012564659118652344, 0.199462890625, 2.1219253540039062e-05, 0.00140380859375, 0.0006628036499023438, 0.00045371055603027344, 0.004062652587890625, 0.0009489059448242188, 1.6689300537109375e-05, 0.00035190582275390625, 0.0005025863647460938, 0.395263671875, 6.556510925292969e-06, 0.19580078125, 2.9802322387695312e-06, 0.0001322031021118164, 0.00037932395935058594, 0.00044846534729003906, 0.0010213851928710938, 0.00010538101196289062, 9.5367431640625e-07, 0.00012445449829101562, 8.404254913330078e-05, 0.79345703125, 5.53515625, 7.01171875, 2.654296875, 0.122802734375, 0.95068359375, 5.50390625, 2.96484375, 5.81640625, 0.239501953125, 0.15673828125, 5.65234375, 2.900390625, 3.568359375, 1.873046875, 4.02734375, 4.41015625, 4.90234375, 2.1015625, 0.00013053417205810547, 0.447265625, 3.4570693969726562e-06, 0.00029468536376953125, 0.0001310110092163086, 0.003108978271484375, 0.0021209716796875, 0.0001513957977294922, 6.079673767089844e-06, 0.00029468536376953125, 0.00023996829986572266, 0.75048828125, 9.5367431640625e-07, 0.09228515625, 5.960464477539062e-07, 6.413459777832031e-05, 0.0002199411392211914, 0.00131988525390625, 0.0018854141235351562, 0.00021886825561523438, 1.6689300537109375e-06, 8.58306884765625e-05, 8.392333984375e-05, 0.791015625, 5.37109375, 0.80615234375, 0.9560546875, 2.66796875, 0.56689453125, 4.58984375, 0.78515625, 4.3203125, 2.71875, 8.5546875, 0.0340576171875, 4.5625, 2.19921875, 5.70703125, 0.49853515625, 1.544921875, 6.67572021484375e-06, 0.1451416015625, 3.814697265625e-06, 6.604194641113281e-05, 0.00013530254364013672, 0.0006036758422851562, 0.0009641647338867188, 0.0002930164337158203, 7.033348083496094e-06, 0.0004162788391113281, 8.881092071533203e-05, 0.79931640625, 2.7418136596679688e-06, 0.03717041015625, 2.86102294921875e-06, 5.3048133850097656e-05, 0.0002193450927734375, 0.0006494522094726562, 0.0017652511596679688, 0.00031638145446777344, 1.7881393432617188e-06, 0.00021648406982421875, 8.487701416015625e-05, 0.7900390625, 1.83203125, 0.0006136894226074219, 5.25, 0.495361328125, 5.11328125, 6.1796875, 4.171875, 4.89453125, 0.677734375, 2.25390625, 1.6455078125, 1.2412109375, 0.51513671875, 1.8896484375, 6.12109375, 4.37109375, 3.396484375, 1.704692840576172e-05, 0.307373046875, 3.0994415283203125e-06, 0.00015687942504882812, 0.0001398324966430664, 0.001956939697265625, 0.0023784637451171875, 0.00010716915130615234, 1.2755393981933594e-05, 0.0008058547973632812, 0.00010538101196289062, 1.4404296875, 6.556510925292969e-06, 0.06512451171875, 4.76837158203125e-07, 9.584426879882812e-05, 0.00044274330139160156, 0.001651763916015625, 0.004047393798828125, 0.00016379356384277344, 3.933906555175781e-06, 0.00020778179168701172, 8.440017700195312e-05, 0.458251953125, 7.91015625, 0.646484375, 1.9599609375, 3.376953125, 8.9609375, 0.35888671875, 7.9296875, 4.0390625, 1.509765625, 0.626953125, 2.341796875, 3.533203125, 7.91015625, 1.5595703125, 0.484375, 0.302978515625, 6.37890625, 3.07421875, 2.69140625, 7.890625, 10.3203125, 4.34765625, 5.37890625, 2.1640625, 0.0003631114959716797, 0.3935546875, 6.556510925292969e-06, 5.6862831115722656e-05, 8.761882781982422e-05, 0.0011568069458007812, 0.00045228004455566406, 5.3048133850097656e-05, 1.5020370483398438e-05, 0.00011074542999267578, 9.167194366455078e-05, 1.34375, 3.2186508178710938e-06, 0.1783447265625, 1.3113021850585938e-06, 4.887580871582031e-05, 0.0004391670227050781, 0.00051116943359375, 0.00313568115234375, 9.1552734375e-05, 1.0967254638671875e-05, 0.00017714500427246094, 8.0108642578125e-05, 0.336669921875, 6.81640625, 9.3828125, 0.74462890625, 0.344970703125, 1.2392578125, 2.52734375, 1.466796875, 5.77734375, 2.9375, 0.486328125, 1.37890625, 2.1484375, 5.57421875, 3.404296875, 1.951171875, 5.55859375, 6.328125, 1.87890625, 2.8671875, 1.099609375, 5.765625, 1.2275390625, 4.54296875, 5.7109375, 0.61181640625, 7.296875, 3.568359375, 2.85546875, 1.763671875, 0.53173828125, 1.59765625, 2.71484375, 2.166015625, 6.3984375, 1.505859375, 0.169921875, 0.315673828125, 1.4755859375, 6.67572021484375e-06, 0.5751953125, 2.586841583251953e-05, 3.528594970703125e-05, 0.00038552284240722656, 0.0012731552124023438, 0.0007843971252441406, 0.00017499923706054688, 1.3709068298339844e-05, 8.082389831542969e-05, 0.0002002716064453125, 0.80419921875, 8.344650268554688e-07, 0.049560546875, 1.3113021850585938e-06, 4.3272972106933594e-05, 0.00046539306640625, 0.0005369186401367188, 0.0007433891296386719, 0.0001647472381591797, 4.291534423828125e-06, 0.00020182132720947266, 3.24249267578125e-05, 1.4365234375, 1.2705078125, 0.0009293556213378906, 6.09765625, 3.001953125, 0.1617431640625, 2.80078125, 2.400390625, 1.9375, 4.4140625, 2.90625, 8.3671875, 9.0546875, 1.23828125, 0.7431640625, 1.4716796875, 3.25390625, 4.98046875, 6.015625, 0.51953125, 6.5, 1.529296875, 1.828125, 2.578125, 6.198883056640625e-06, 0.468994140625, 5.9604644775390625e-06, 4.971027374267578e-05, 0.000453948974609375, 0.0034313201904296875, 0.0064239501953125, 0.000263214111328125, 1.8835067749023438e-05, 0.00034165382385253906, 0.00023233890533447266, 0.90380859375, 4.76837158203125e-07, 0.17724609375, 8.344650268554688e-07, 3.1828880310058594e-05, 0.0006756782531738281, 0.001247406005859375, 0.0032253265380859375, 0.00010085105895996094, 4.649162292480469e-06, 0.0001016855239868164, 8.7738037109375e-05, 4.7734375, 0.49951171875, 1.7119140625, 3.84765625, 0.826171875, 2.912109375, 4.91796875, 0.94970703125, 6.1328125, 5.125, 2.8984375, 2.458984375, 4.12890625, 0.6630859375, 0.009521484375, 7.45703125, 4.33984375, 8.703125, 0.142333984375, 4.78515625, 2.6796875, 2.794921875, 8.328125, 1.8349609375, 0.65087890625, 0.7060546875, 3.830078125, 1.9775390625, 0.77685546875, 1.1591796875, 6.52734375, 12.7421875, 1.734375, 0.061859130859375, 0.10870361328125, 2.666015625, 0.4169921875, 8.8828125, 0.35498046875]",-0.6262199007441438
240,1,test,3.6120784410824607,1.5450765715432988,2.160374136284231,6.1806675547411,2.6437976890852006,3.6966401887530185,37.04296447814196,29.141865432176687,32.77257812149256,63.384628107042914,49.86496973950233,56.07752256344283,3.7936734679955335,1.5643576703089566,2.233025691753628,5.662199205963483,2.3348621944909804,3.3328741667964596,44.41927371802692,35.12576845213961,39.65736882289722,66.29742345974167,52.426520077820314,59.19010272074211,3.6120389101895998,1.5320222159220087,2.145950949548393,6.122099847778983,2.5966478235966255,3.637204999234565,37.0415001656249,29.036897621467148,32.709246166510134,62.782203670550686,49.2150807143511,55.43940028222057,0.7638190954773869,-0.011180904522613111,-0.011180904522613111,0.6432160804020101,-0.01678391959798986,-0.01678391959798986,0.542713567839196,-0.02228643216080395,-0.0022864321608039306,0.4364820846905537,0.09232624053470961,0.16513073333920236,0.4183006535947712,0.4522613065326633,0.09976130653266324,0.16274383565079975,0.4444444444444444,0.4381270903010034,0.09479375696767,0.16509712359734074,0.41946308724832215,20.0,0.0,0.0,32.0,0.0,1.0,40.0,-2.0,-1.0,0.0009957822175644094,-2.2500380408833006e-05,0.000227457076253444,-0.016647185904037798,-0.014497193991579671,-0.01688104081748154,"[7.99609375, 2.7421875, 1.1787109375, 3.310546875, 2.966796875, 9.6328125, 2.59375, 6.91796875, 5.28125, 0.85400390625, 8.078125, 0.72265625, 5.6171875, 5.3046875, 1.5078125, 12.25, 0.6123046875, 4.32421875, 3.625, 0.41748046875, 7.76171875, 1.6865234375, 14.09375, 1.0830078125, 3.19921875, 0.1795654296875, 5.10546875, 1.3818359375, 0.33544921875, 9.5390625, 0.04937744140625, 4.67578125, 1.728515625, 0.323486328125, 0.170166015625, 4.3046875, 6.06640625, 0.10546875, 6.34765625, 2.18359375, 3.234375, 1.294921875, 0.2364501953125, 6.66796875, 2.189453125, 0.33349609375, 0.00099945068359375, 0.001697540283203125, 2.060546875, 7.984375, 4.4296875, 5.94140625, 8.3359375, 0.2325439453125, 6.4921875, 5.74609375, 7.1953125, 2.8359375, 6.0078125, 8.390625, 5.55859375, 6.33203125, 1.408203125, 6.265625, 3.57421875, 2.173828125, 3.50390625, 0.525390625, 0.072021484375, 3.445148468017578e-05, 4.79296875, 0.406005859375, 0.0194091796875, 1.4543533325195312e-05, 5.12109375, 1.40625, 8.28125, 1.7705078125, 4.4609375, 2.5546875, 2.353515625, 9.59375, 8.59375, 1.919921875, 5.9140625, 3.052734375, 7.828125, 2.93359375, 0.984375, 0.410400390625, 4.0078125, 5.4140625, 5.10546875, 10.1171875, 0.75048828125, 4.42578125, 2.5390625, 4.49609375, 4.1015625, 2.14453125, 0.00904083251953125, 5.21484375, 3.18359375, 1.7958984375, 10.765625, 2.74609375, 7.45703125, 1.5556640625, 5.4296875, 2.380859375, 0.03424072265625, 4.80859375, 6.3046875, 4.7265625, 0.82421875, 12.3359375, 0.008697509765625, 1.171875, 6.7109375, 4.8515625, 4.92578125, 1.3564453125, 1.923828125, 0.156494140625, 5.25390625, 4.06640625, 4.96484375, 7.578125, 2.40234375, 3.234375, 1.6416015625, 5.0625, 3.59765625, 6.171875, 0.18359375, 0.498291015625, 1.5927734375, 9.1328125, 9.1640625, 3.771484375, 5.17578125, 4.6328125, 2.521484375, 6.109375, 6.1953125, 0.63232421875, 6.4921875, 1.6982421875, 3.55078125, 5.93359375, 2.11328125, 3.92578125, 5.3984375, 3.171875, 0.11651611328125, 7.53125, 9.796875, 3.125, 6.56640625, 3.7890625, 7.625, 1.357421875, 1.5966796875, 0.0006866455078125, 2.625, 2.17578125, 9.6015625, 0.3798828125, 1.908203125, 0.72900390625, 0.30517578125, 3.14453125, 0.10498046875, 1.01953125, 6.1796875, 0.1575927734375, 5.33984375, 5.20703125, 4.45703125, 7.6328125, 9.1015625, 6.9765625, 5.48046875, 2.44140625, 2.701171875, 3.466796875, 0.00011813640594482422, 4.140625, 0.404296875, 0.009765625, 1.9073486328125e-06, 4.16015625, 1.404296875, 1.7822265625, 10.421875, 0.9033203125, 0.125, 8.7109375, 2.47265625, 6.35546875, 9.859375, 2.359375, 6.6796875, 3.296875, 7.3046875, 3.087890625, 2.166015625, 0.8828125, 4.78125, 3.72265625, 3.189453125, 5.17578125, 6.81640625, 1.626953125, 9.5234375, 5.4921875, 4.01171875, 6.43359375, 2.38671875, 6.890625, 5.45703125, 2.826171875, 4.1640625, 8.0703125, 0.53466796875, 1.8955078125, 3.981590270996094e-05, 3.939453125, 0.40380859375, 0.00914764404296875, 4.76837158203125e-07, 4.16015625, 0.1817626953125, 0.0208282470703125, 4.76837158203125e-07, 4.0078125, 3.408203125, 1.623046875, 2.162109375, 0.681640625, 7.80078125, 2.583984375, 4.98046875, 4.19921875, 1.4326171875, 0.59423828125, 0.18994140625, 2.765655517578125e-05, 3.974609375, 2.95703125, 2.62109375, 9.7578125, 2.36328125, 1.9794921875, 3.6954879760742188e-06, 3.986328125, 0.38427734375, 0.0095367431640625, 3.5762786865234375e-07, 4.6953125, 0.66015625, 0.006801605224609375, 7.152557373046875e-07, 5.03125, 0.458984375, 0.011138916015625, 7.152557373046875e-07, 4.69921875, 2.517578125, 1.1025390625, 6.23046875, 4.3515625, 2.0390625, 0.07818603515625, 0.49951171875, 7.32421875, 2.962890625, 2.802734375, 0.91650390625, 1.5497207641601562e-06, 4.22265625, 2.296875, 3.416015625, 1.2548828125, 7.78515625, 1.720703125, 8.0625, 0.00882720947265625, 0.1392822265625, 1.7265625, 2.37109375, 8.0625, 8.3046875, 7.78125, 2.1171875, 1.1484375, 12.2109375, 1.3427734375, 9.734375, 0.8642578125, 5.78515625, 0.5966796875, 8.296875, 8.859375, 0.350341796875, 3.4453125, 0.71044921875]",-0.32958935409881374
465,1,test,3.994487077098782,1.9080335427138766,2.578644156860093,6.718000993302496,3.2089655036551554,4.3368106274465195,54.29798280109738,46.241689726795144,50.17802500254696,91.3193347109365,77.7701145405191,84.39031477701079,4.147145563633598,1.9056301847774177,2.636479034096352,5.924493662333711,2.7223288353963113,3.7663986201376463,63.253190159091275,53.84561362527987,58.723441159245624,90.36170022727326,76.92230517897124,83.89063022749376,3.994487077098782,1.9080335427138766,2.578644156860093,6.718000993302496,3.2089655036551554,4.3368106274465195,54.29798280109738,46.241689726795144,50.17802500254696,91.3193347109365,77.7701145405191,84.39031477701079,0.8090452261306533,0.014045226130653288,-0.0009547738693467256,0.6532663316582914,-0.02673366834170854,-0.011733668341708636,0.5829145728643217,0.017914572864321743,0.022914572864321636,0.43728813559322033,0.11864406779661019,0.1819209039548022,0.41156462585034015,0.44723618090452266,0.10301507537688448,0.1792294807370185,0.41414141414141414,0.43728813559322033,0.11864406779661019,0.1819209039548022,0.41156462585034015,24.0,1.0,0.0,36.0,1.0,0.0,45.0,1.0,0.0,0.0003094026699919545,0.00024753043948781207,5.639259566871866e-05,-0.00035656283511986686,0.00011913993074319507,-2.6287545484393604e-05,"[8.3828125, 8.3984375, 9.7265625, 3.564453125, 7.85546875, 3.794921875, 6.359375, 3.142578125, 1.74609375, 0.1058349609375, 9.875, 9.4453125, 9.421875, 1.5185546875, 2.2734375, 1.646484375, 4.265625, 5.21484375, 1.4296875, 2.841796875, 1.1865234375, 7.28125, 0.403564453125, 10.34375, 0.0264892578125, 4.6875, 5.00390625, 0.07476806640625, 1.9794921875, 5.3828125, 4.81640625, 4.72265625, 2.083984375, 3.2734375, 3.39453125, 2.98046875, 4.67578125, 0.50439453125, 0.33837890625, 8.9375, 3.21875, 0.242431640625, 6.66796875, 2.376953125, 0.697265625, 0.339599609375, 7.83984375, 3.884765625, 4.19140625, 8.375, 5.9765625, 1.1552734375, 1.4560546875, 0.1651611328125, 5.67578125, 4.08203125, 9.1796875, 0.0902099609375, 5.8125, 1.310546875, 7.15625, 2.05859375, 5.71484375, 1.78125, 6.64453125, 0.294921875, 2.9765625, 3.396484375, 6.15625, 6.53515625, 1.353515625, 2.81640625, 5.78515625, 2.302734375, 4.28125, 10.5625, 3.869140625, 6.78515625, 4.3125, 2.11328125, 0.03009033203125, 6.48046875, 10.0546875, 0.51806640625, 3.65234375, 8.4609375, 1.4638671875, 6.171875, 1.7373046875, 0.055511474609375, 1.0869140625, 0.984375, 11.4921875, 5.35546875, 0.6220703125, 8.6484375, 0.7451171875, 0.95751953125, 10.421875, 4.15234375, 8.3984375, 0.189697265625, 6.28515625, 2.466796875, 4.48828125, 9.6875, 0.5078125, 0.390380859375, 0.361572265625, 2.935546875, 7.6171875, 10.3203125, 3.53125, 5.49609375, 2.794921875, 0.59375, 11.6328125, 2.802734375, 8.015625, 2.052734375, 7.34765625, 0.11431884765625, 7.30078125, 1.6318359375, 5.046875, 2.287109375, 4.54296875, 4.8125, 0.271484375, 2.794921875, 5.5234375, 2.595703125, 4.6328125, 4.4765625, 2.498046875, 0.8818359375, 6.23828125, 1.9267578125, 0.32373046875, 7.83203125, 2.056640625, 3.74609375, 5.58984375, 0.029266357421875, 7.9765625, 4.6875, 6.66796875, 4.0546875, 0.11212158203125, 3.68359375, 9.4140625, 0.78369140625, 1.30078125, 0.0173187255859375, 5.69140625, 3.626953125, 0.2359619140625, 4.13671875, 14.0625, 14.0625, 6.2578125, 1.7734375, 12.296875, 0.3203125, 0.302978515625, 6.81640625, 8.59375, 3.7421875, 1.544921875, 1.240234375, 0.91552734375, 2.462890625, 3.9453125, 2.443359375, 0.52001953125, 4.59375, 8.5625, 6.078125, 6.171875, 2.12109375, 2.025390625, 5.20703125, 9.4296875, 5.3515625, 0.07513427734375, 1.240234375, 3.07421875, 4.4765625, 7.19921875, 1.669921875, 8.671875, 0.330810546875, 4.59765625, 0.701171875, 3.9296875, 1.3251953125, 5.28515625, 5.8359375, 2.169921875, 0.1812744140625, 1.41015625, 0.027435302734375, 7.640625, 4.41015625, 1.11328125, 0.3740234375, 1.744140625, 2.7109375, 1.189453125, 0.65869140625, 0.32470703125, 9.5234375, 11.4140625, 1.341796875, 0.7275390625, 7.61328125, 1.5712890625, 3.3203125, 7.01953125, 2.712890625, 5.4921875, 2.759765625, 1.9130859375, 7.83984375, 0.1422119140625, 0.06640625, 0.34423828125, 4.1953125, 1.1591796875, 1.8515625, 0.65087890625, 10.640625, 9.5234375, 6.03125, 1.5576171875, 10.75, 6.37109375, 8.9140625, 1.5380859375, 3.365234375, 0.08734130859375, 0.3173828125, 6.30078125, 0.7099609375, 0.07757568359375, 11.078125, 2.583984375, 7.7890625, 0.98486328125, 3.951171875, 1.0986328125, 4.43359375, 2.595703125, 1.4453125, 1.341796875, 5.3828125, 9.1328125, 1.9267578125, 0.477294921875, 5.078125, 2.193359375, 1.9287109375, 0.00400543212890625, 0.1552734375, 6.0546875, 1.7451171875, 12.3671875, 5.86328125, 3.07421875, 0.66796875, 5.19921875, 7.69140625, 5.1328125, 3.8046875, 8.9296875, 0.188720703125, 4.37890625, 0.00431060791015625, 1.1005859375, 7.7578125, 1.3955078125, 5.58203125, 6.5546875, 1.1357421875, 0.490966796875, 3.478515625, 9.1875, 0.48388671875, 1.2666015625, 11.5078125, 3.2265625, 3.466796875, 6.53125, 2.076171875, 0.10284423828125]",-0.5672871767464329
387,1,test,2.934755591402282,1.3289691675645094,1.8277261277514514,4.3357695671973415,1.963401684743547,2.7002587013011397,18.816903560107168,13.83512771020158,15.79154546310495,27.799847470711093,20.43983691858927,23.330222945491734,3.0876854801896827,1.3223272097769692,1.8699599153033053,4.258876524399563,1.8238995996923717,2.5792550555907665,21.926270413651487,16.082604818075726,18.54677786433194,30.243131605036535,22.18290319734583,25.581762571492334,2.934755591402282,1.3289691675645094,1.8277261277514514,4.3357695671973415,1.963401684743547,2.7002587013011397,18.816903560107168,13.83512771020158,15.79154546310495,27.799847470711093,20.43983691858927,23.330222945491734,0.7085427135678393,-0.006457286432160814,-0.011457286432160707,0.5829145728643217,0.007914572864321734,0.007914572864321734,0.457286432160804,0.007286432160804046,0.01228643216080405,0.42662116040955633,0.10068259385665534,0.17974971558589303,0.3938356164383562,0.44221105527638194,0.11055276381909551,0.19430485762144056,0.41414141414141414,0.42662116040955633,0.10068259385665534,0.17974971558589303,0.3938356164383562,23.0,0.0,0.0,29.0,-1.0,-2.0,42.0,0.0,3.0,0.00035555466510478267,-2.5640898133896825e-05,1.9808107552343554e-05,-0.0003427029913991575,0.00012688698084151184,-1.9278431547142816e-05,"[8.09375, 8.25, 9.3359375, 0.425537109375, 2.96484375, 0.92822265625, 4.62109375, 0.64990234375, 2.064453125, 2.564453125, 5.66015625, 1.1083984375, 1.2138671875, 1.9130859375, 2.53125, 2.943359375, 1.5205078125, 1.787109375, 2.05078125, 1.1787109375, 0.083740234375, 8.8515625, 3.115234375, 0.447509765625, 0.126708984375, 4.85546875, 1.328125, 10.2109375, 0.1414794921875, 7.0, 2.36328125, 0.003490447998046875, 2.8515625, 3.0703125, 3.521484375, 2.3828125, 1.716796875, 6.0390625, 0.8916015625, 0.09765625, 0.03253173828125, 0.076416015625, 1.0390625, 8.609375, 1.1416015625, 3.58984375, 1.0693359375, 5.44140625, 2.794921875, 6.3984375, 7.1171875, 0.078125, 3.83984375, 2.48828125, 0.415283203125, 0.794921875, 3.404296875, 7.2265625, 2.2734375, 1.193359375, 2.74609375, 4.04296875, 5.921875, 3.408203125, 1.3154296875, 6.546875, 3.431640625, 0.1778564453125, 0.931640625, 8.46875, 0.1102294921875, 5.13671875, 3.01171875, 2.208984375, 6.703125, 0.251220703125, 4.390625, 8.2421875, 1.064453125, 0.5537109375, 0.01450347900390625, 3.765625, 6.6953125, 0.004680633544921875, 5.43359375, 0.274169921875, 0.00090789794921875, 0.5703125, 7.8203125, 0.334228515625, 2.66796875, 0.66650390625, 1.123046875, 9.4375, 3.380859375, 0.3505859375, 0.6748046875, 5.64453125, 2.44140625, 2.5859375, 2.2890625, 5.83203125, 5.9765625, 6.55859375, 1.69140625, 0.837890625, 4.90625, 1.8642578125, 12.453125, 0.45947265625, 5.35546875, 3.85546875, 4.3671875, 0.0287933349609375, 5.78125, 2.4296875, 3.638671875, 2.07421875, 5.87890625, 1.5361328125, 0.5009765625, 2.14453125, 0.0003859996795654297, 0.6767578125, 0.07708740234375, 7.26171875, 2.794921875, 4.8125, 0.71044921875, 6.26953125, 2.498046875, 5.23046875, 1.8046875, 6.26171875, 0.060455322265625, 6.69921875, 3.388671875, 4.34375, 6.6171875, 5.515625, 2.42578125, 5.890625, 0.15087890625, 7.17578125, 3.884765625, 0.06817626953125, 3.767578125, 5.9921875, 3.0859375, 0.0153045654296875, 3.80859375, 6.62890625, 0.063232421875, 0.013671875, 1.8203125, 6.01171875, 6.62109375, 5.29296875, 1.5791015625, 0.9072265625, 1.5849609375, 0.00027370452880859375, 2.291015625, 1.58203125, 7.152557373046875e-05, 3.759765625, 0.0479736328125, 3.21875, 3.10546875, 1.533203125, 5.23828125, 0.12152099609375, 0.8427734375, 2.71875, 7.71484375, 0.17236328125, 0.0255889892578125, 0.0160064697265625, 1.0595703125, 6.984375, 0.1038818359375, 7.4765625, 6.80859375, 2.833984375, 0.00212860107421875, 1.2666015625, 0.325927734375, 2.44921875, 8.09375, 6.3125, 0.399169921875, 4.1796875, 4.140625, 4.56640625, 3.8046875, 2.162109375, 2.349609375, 2.0390625, 4.4140625, 3.8046875, 1.9169921875, 5.0546875, 0.01430511474609375, 0.50048828125, 2.962890625, 2.853515625, 6.3828125, 0.39990234375, 5.35546875, 4.43359375, 6.24609375, 0.024810791015625, 0.84326171875, 3.892578125, 1.6552734375, 0.53466796875, 0.007640838623046875, 3.732421875, 0.206298828125, 0.0574951171875, 0.4736328125, 0.05218505859375, 0.00013256072998046875, 0.00014317035675048828, 0.1998291015625, 5.078125, 0.0233917236328125, 0.01081085205078125, 0.022125244140625, 0.00012195110321044922, 3.998046875, 1.8583984375, 1.7783203125, 5.24609375, 0.00677490234375, 5.875, 1.615234375, 0.0211334228515625, 6.359375, 5.953125, 0.751953125, 2.326171875, 2.578125, 0.201171875, 0.5478515625, 4.6953125, 0.07867431640625, 3.5546875, 4.2421875, 0.0494384765625, 4.08984375, 5.23828125, 0.5966796875, 1.1220703125, 7.84375, 9.953125, 0.269287109375, 0.0625, 2.1328125, 7.83984375, 0.65771484375, 2.2578125, 3.2578125, 0.464111328125, 2.90625, 6.859375, 1.5869140625, 0.09625244140625, 4.38671875, 6.390625, 0.09588623046875, 0.02239990234375, 2.7578125, 3.69921875, 3.69140625, 0.712890625, 0.5888671875, 3.029296875, 0.37060546875, 0.1285400390625, 1.333984375, 3.671875, 5.640625, 0.00830078125, 4.0859375, 4.3125, 4.265625, 1.0263671875, 11.2265625, 2.5859375, 8.734375, 0.498291015625, 1.994140625]",-0.7497260293862924
321,1,test,2.8952156436518304,1.1323093286507664,1.5995304053573087,5.130965501805189,2.0067037546644144,2.8347233294943424,18.087401454037806,12.258046713983326,14.433902820280732,32.05489479910034,21.723982787559343,25.580083331497523,2.8571410640400257,0.9598698210856471,1.469870240894078,4.608292038774235,1.5481771307833019,2.3707584530549646,17.41167684237261,10.74400171231544,13.407769086691363,28.083349745762277,17.329035019863614,21.625434010792524,2.9262004349144006,1.1731344567670499,1.6473199086348196,5.103837967873955,2.046164750175087,2.873232398781662,18.65660865719591,12.884335420204208,15.063993022429012,32.54059649510914,22.47267805849571,26.274406434469203,0.6532663316582914,-0.006733668341708521,-0.0017336683417086274,0.507537688442211,-0.007462311557788981,-0.01746231155778899,0.42211055276381915,-0.007889447236180902,0.007110552763819111,0.4371069182389937,0.10586672985594825,0.1567721902055209,0.41640378548895896,0.4371859296482412,0.0963337993224267,0.1400239930873063,0.398989898989899,0.4381270903010034,0.10924562118581138,0.15781563312636493,0.4161073825503355,25.0,13.0,13.0,33.0,8.0,8.0,45.0,14.0,15.0,0.0004990251321912527,0.00025127010995269826,4.1002146307579656e-05,-0.026502235776661998,-0.032417945931880965,-0.02888356276957804,"[1.859375, 5.28125, 0.00511932373046875, 0.052032470703125, 7.68359375, 10.4609375, 3.513671875, 9.65625, 2.2421875, 3.705078125, 0.7451171875, 2.458984375, 8.5078125, 0.08074951171875, 1.0322265625, 1.0927734375, 10.390625, 0.55908203125, 8.0859375, 1.408203125, 0.017547607421875, 2.12890625, 0.1856689453125, 3.6171875, 1.345703125, 6.45703125, 0.349365234375, 3.841796875, 3.4453125, 0.70068359375, 0.390380859375, 2.1015625, 0.95751953125, 4.6171875, 1.0966796875, 0.00937652587890625, 3.73828125, 6.97265625, 7.03515625, 2.568359375, 6.69921875, 2.947265625, 3.85546875, 4.78515625, 1.74609375, 7.421875, 1.6982421875, 0.06915283203125, 0.04925537109375, 1.8076171875, 5.97265625, 6.5859375, 2.640625, 2.48828125, 1.4326171875, 4.1953125, 1.728515625, 4.76953125, 1.724609375, 3.97265625, 3.859375, 7.25390625, 0.00982666015625, 7.9765625, 4.58984375, 1.330078125, 6.37890625, 9.28125, 0.01433563232421875, 0.73046875, 5.6796875, 0.10748291015625, 0.036407470703125, 0.07232666015625, 4.60546875, 0.0237579345703125, 6.15625, 7.01953125, 0.0238037109375, 1.1162109375, 4.67578125, 0.2412109375, 4.26953125, 7.48828125, 1.55859375, 0.0008988380432128906, 5.9375, 2.853515625, 0.41357421875, 6.50390625, 2.984375, 1.3486328125, 0.0005617141723632812, 4.60546875, 1.11328125, 0.016387939453125, 0.0020313262939453125, 4.1640625, 0.82666015625, 0.0191497802734375, 0.003620147705078125, 3.9140625, 1.3935546875, 6.19140625, 0.319091796875, 7.87109375, 1.0654296875, 4.59765625, 4.81640625, 0.06756591796875, 0.06201171875, 1.1171875, 6.8671875, 9.4140625, 3.296875, 8.84375, 7.703125, 1.5703125, 3.828125, 6.05859375, 0.003742218017578125, 2.544921875, 3.6875, 2.55859375, 0.017120361328125, 7.06640625, 7.90234375, 5.3828125, 5.0234375, 4.265625, 1.0, 1.3798828125, 3.251953125, 0.475830078125, 0.0005326271057128906, 5.6875, 0.384033203125, 0.0077056884765625, 0.00017261505126953125, 5.66015625, 0.3828125, 0.006847381591796875, 0.00024127960205078125, 4.2890625, 0.159912109375, 0.00848388671875, 0.0005369186401367188, 4.09765625, 0.1688232421875, 0.0075531005859375, 0.0006918907165527344, 5.05078125, 0.364013671875, 0.01473236083984375, 0.0015783309936523438, 3.498046875, 1.3583984375, 2.953125, 0.0002791881561279297, 4.64453125, 1.15625, 2.744140625, 0.958984375, 4.23046875, 0.1932373046875, 5.234375, 8.0546875, 3.162109375, 4.14453125, 0.57080078125, 2.998046875, 2.62890625, 0.056488037109375, 0.0263671875, 0.10064697265625, 3.791015625, 0.00014495849609375, 3.193359375, 2.650390625, 6.31640625, 4.4375, 0.08648681640625, 1.3876953125, 6.13671875, 1.7451171875, 0.072265625, 2.380859375, 4.5390625, 4.62890625, 0.004764556884765625, 6.80859375, 4.546875, 2.296875, 0.623046875, 4.7265625, 0.162109375, 0.1788330078125, 0.48291015625, 1.95703125, 3.240234375, 2.2734375, 0.6181640625, 0.00021004676818847656, 4.71484375, 0.359130859375, 0.007526397705078125, 5.555152893066406e-05, 5.83203125, 4.38671875, 1.826171875, 9.53125, 1.029296875, 4.59375, 0.63818359375, 2.947265625, 0.50732421875, 0.002410888671875, 0.0016927719116210938, 1.318359375, 5.44140625, 5.6640625, 5.703125, 2.552734375, 2.765625, 3.8359375, 6.58984375, 3.189453125, 4.55078125, 6.8515625, 8.671875, 0.69189453125, 0.036651611328125, 2.107421875, 7.03515625, 7.31640625, 2.501953125, 4.48828125, 9.59375, 0.34765625, 2.4765625, 5.0703125, 2.625, 6.7578125, 2.5, 4.98046875, 0.84033203125, 4.54296875, 3.146484375, 6.13671875, 2.64453125, 0.00011897087097167969, 3.583984375, 0.84765625, 2.119140625, 1.865234375, 0.5595703125, 1.8798828125, 0.20849609375, 9.1171875, 5.703125, 3.607421875, 3.775390625, 0.00952911376953125, 1.51953125, 4.921875, 0.0220489501953125, 9.6015625, 0.0509033203125, 1.4765625, 4.421875, 0.5322265625, 5.34375, 0.0965576171875, 1.58203125, 1.8544921875, 0.341064453125, 0.024566650390625, 0.00380706787109375, 0.03680419921875, 1.0927734375, 2.6226043701171875e-05, 4.46484375, 0.95068359375, 0.00873565673828125, 6.008148193359375e-05, 4.39453125, 0.513671875, 0.0063934326171875, 0.00012552738189697266, 5.8125, 0.406982421875, 13.015625, 10.25, 8.734375, 5.24609375, 0.0027599334716796875, 3.056640625, 0.001712799072265625, 2.384765625, 1.73046875, 0.0002815723419189453, 5.00390625, 0.46484375, 0.09527587890625, 3.933906555175781e-05, 3.544921875, 1.404296875, 3.849609375, 0.0318603515625, 2.931640625, 0.57080078125, 2.80859375, 0.94482421875, 5.73828125, 2.52734375, 4.04296875, 4.84375, 5.2109375]",-0.40033470272268135
42,1,test,3.1330517376219476,1.2654641831047309,1.7720387177053245,5.0516058915589825,2.040383261522796,2.8571635504574613,22.943891548665814,16.4712289452961,19.043749325626635,36.99380266554544,26.55754329943809,30.705371103678896,3.0911211488234938,1.0834268231732476,1.5902826464028867,4.683516892156809,1.6415557926867392,2.4095191612164952,22.00173136835844,14.555602177650577,17.516282814938926,33.33595661872491,22.053942693409965,26.53982244687716,3.147647970206254,1.2861260073646943,1.7779140117401457,5.075140266568511,2.073697551200378,2.866636636906864,23.281241959272755,16.847721055519266,19.34693809128174,37.537732821973485,27.16458394906758,31.194220405605947,0.6984924623115578,0.008492462311557869,-0.0015075376884421399,0.5326633165829145,0.0076633165829145256,-0.007336683417085488,0.3919597989949749,-0.018040201005025125,-0.018040201005025125,0.41608391608391604,0.09496698763714462,0.1451536835257765,0.43508771929824563,0.38190954773869346,0.06361380839032249,0.09810320383218263,0.41414141414141414,0.4055944055944056,0.08098707575147368,0.13931533582696376,0.4280701754385965,22.0,7.0,7.0,35.0,13.0,13.0,40.0,8.0,8.0,-0.000311119685931698,-0.00013887163646653688,-7.066239603509119e-06,-0.00029419353837489837,0.00015400165618917327,5.253467235455389e-06,"[2.892578125, 1.2138671875, 0.350341796875, 0.02142333984375, 0.00013005733489990234, 0.9638671875, 0.0084686279296875, 0.0264129638671875, 10.59375, 0.07513427734375, 9.2734375, 0.88623046875, 5.36328125, 0.1632080078125, 3.86328125, 4.19921875, 0.85400390625, 12.2578125, 6.72265625, 0.71044921875, 1.03125, 5.81640625, 0.0086212158203125, 8.71875, 3.17578125, 0.052886962890625, 0.009490966796875, 0.00040602684020996094, 4.1796875, 6.6171875, 0.166259765625, 0.95556640625, 3.271484375, 4.53515625, 4.41796875, 0.161376953125, 9.5625, 5.22265625, 0.0159454345703125, 6.36328125, 0.0250701904296875, 0.022552490234375, 0.292236328125, 0.004489898681640625, 0.0726318359375, 3.177734375, 2.103515625, 3.072265625, 0.03656005859375, 2.26953125, 2.583984375, 1.8798828125, 4.5703125, 1.5419921875, 7.6484375, 2.736328125, 1.2958984375, 4.53125, 3.646484375, 6.28515625, 3.716796875, 1.37109375, 7.50390625, 0.285888671875, 1.7060546875, 2.8671875, 1.6279296875, 0.14697265625, 1.0380859375, 4.2109375, 8.6328125, 0.24609375, 1.416015625, 0.0007510185241699219, 0.52978515625, 1.4775390625, 1.75, 1.96875, 9.4140625, 2.34765625, 7.5, 2.986328125, 6.984375, 1.740234375, 4.33203125, 2.734375, 8.0546875, 0.364013671875, 0.73046875, 9.2578125, 2.779296875, 0.78466796875, 4.390625, 2.767578125, 0.845703125, 2.017578125, 0.0030536651611328125, 0.2408447265625, 3.638671875, 0.000339508056640625, 0.2066650390625, 0.1787109375, 2.828125, 8.4921875, 3.3359375, 0.8291015625, 0.60888671875, 5.16796875, 6.87109375, 1.5146484375, 4.11328125, 2.587890625, 4.875, 6.734375, 2.701171875, 1.2451171875, 9.4140625, 0.0003349781036376953, 0.05230712890625, 3.31640625, 5.0390625, 2.548828125, 2.146484375, 1.69921875, 7.04296875, 1.6552734375, 3.17578125, 4.14453125, 3.708984375, 3.564453125, 1.1025390625, 0.67822265625, 0.0003578662872314453, 1.455078125, 0.2012939453125, 6.05859375, 0.7822265625, 1.7119140625, 5.70703125, 0.35107421875, 8.4296875, 4.05859375, 1.5810546875, 6.703125, 1.552734375, 2.416015625, 4.09375, 6.984375, 5.9375, 10.5625, 7.546875, 10.375, 0.412109375, 0.82958984375, 2.548828125, 2.822265625, 3.935546875, 2.03125, 7.51171875, 1.4208984375, 0.01204681396484375, 0.73046875, 1.9970703125, 3.060546875, 6.98828125, 5.93359375, 0.73193359375, 4.84765625, 1.37890625, 6.73828125, 1.3369140625, 3.75390625, 1.3642578125, 3.697265625, 0.049285888671875, 1.4658203125, 3.568359375, 3.28515625, 0.013519287109375, 6.92578125, 0.73779296875, 2.14453125, 5.265625, 3.623046875, 1.361328125, 7.84375, 0.8212890625, 0.281982421875, 1.580078125, 0.970703125, 0.00036597251892089844, 8.3125, 1.34375, 0.2059326171875, 0.84619140625, 1.1181640625, 11.0859375, 2.802734375, 12.125, 0.262939453125, 2.3671875, 9.1640625, 0.2144775390625, 4.6328125, 0.8125, 0.00897216796875, 0.0006036758422851562, 0.0007634162902832031, 2.859375, 3.8359375, 0.83984375, 5.43359375, 0.0102691650390625, 3.123046875, 1.904296875, 2.337890625, 3.263671875, 1.2470703125, 1.203125, 8.546875, 3.453125, 0.11773681640625, 2.375, 7.390625, 3.763671875, 0.7724609375, 9.0390625, 4.26171875, 0.00957489013671875, 3.759765625, 4.453125, 2.232421875, 6.8828125, 4.4921875, 2.39453125, 0.6201171875, 5.0625, 6.0625, 6.4296875, 4.23828125, 2.81640625, 5.484375, 1.720703125, 5.53515625, 2.732421875, 8.3203125, 0.0067138671875, 5.484375, 0.0216522216796875, 3.029296875, 8.59375, 2.46484375, 1.0341796875, 0.5234375, 8.578125, 0.431884765625, 1.73828125, 4.91015625, 3.494140625, 1.21875, 4.94140625, 1.1083984375, 4.0234375, 2.291015625, 0.283447265625, 6.604194641113281e-05, 0.1988525390625, 3.314453125, 0.0009584426879882812, 1.875, 0.0289459228515625, 10.015625, 8.4921875, 0.734375, 1.42578125, 6.36328125, 4.20703125, 0.81201171875, 5.140625, 3.265625, 0.137939453125, 0.036224365234375, 8.125, 4.05859375, 6.08203125, 4.19140625]",-0.8000594531739509
388,1,test,2.647712485022741,1.099098097388268,1.5363628613469709,4.193404097900882,1.7407337434311492,2.433266585808987,14.121698073859102,9.416751641874658,11.083241672732136,22.365716408868742,14.914098546320407,17.553458433029817,2.6917618884513126,1.0455714070741866,1.489942992195883,3.901104186161323,1.5153208798176618,2.1593376698491062,14.757654368959189,9.57047289336187,11.431493002542744,21.387904882549552,13.870250570089668,16.56738116310543,2.647712485022741,1.099098097388268,1.5363628613469709,4.193404097900882,1.7407337434311492,2.433266585808987,14.121698073859102,9.416751641874658,11.083241672732136,22.365716408868742,14.914098546320407,17.553458433029817,0.6783919597989949,0.018391959798994995,-0.0016080402010050232,0.4974874371859297,0.012487437185929706,0.0024874371859296973,0.371859296482412,0.0018592964824120095,0.0018592964824120095,0.4143835616438356,0.10327245053272449,0.15925827690579464,0.4329896907216495,0.40703517587939697,0.07620810821022406,0.10987323931846205,0.4696969696969697,0.4143835616438356,0.10327245053272449,0.15925827690579464,0.4329896907216495,21.0,10.0,10.0,32.0,14.0,12.0,41.0,18.0,16.0,-0.00022134587824470658,-0.0003530716127924352,9.076766058210412e-05,-0.000335773069539691,0.00013076050589333477,-1.577387457896151e-05,"[2.859375, 3.21484375, 3.216796875, 1.0986328125, 0.0006871223449707031, 0.96435546875, 0.0131072998046875, 0.033599853515625, 5.78125, 0.31640625, 0.252685546875, 0.9482421875, 1.4658203125, 2.693359375, 1.3408203125, 5.74609375, 1.486328125, 4.80859375, 0.0249481201171875, 4.73046875, 3.03515625, 2.830078125, 6.48046875, 0.6396484375, 0.66845703125, 0.382568359375, 0.46337890625, 0.146728515625, 1.615234375, 1.6591796875, 4.109375, 0.767578125, 0.0528564453125, 0.5986328125, 3.689453125, 2.251953125, 5.0390625, 6.5, 0.99267578125, 6.734375, 3.4140625, 0.436767578125, 5.76953125, 1.9609375, 1.8359375, 3.4375, 0.54296875, 1.8193359375, 0.70263671875, 0.491455078125, 3.04296875, 0.298828125, 2.59375, 0.10443115234375, 2.505859375, 0.06353759765625, 0.03619384765625, 2.7890625, 2.619140625, 2.69921875, 4.609375, 0.328369140625, 2.234375, 3.53125, 0.07342529296875, 7.38671875, 1.9384765625, 1.08984375, 1.0927734375, 1.5732421875, 10.953125, 1.6630859375, 0.8203125, 8.625, 0.2413330078125, 6.1796875, 0.038665771484375, 0.1368408203125, 0.069091796875, 7.7578125, 2.19140625, 0.028411865234375, 4.48046875, 0.8115234375, 5.07421875, 2.7421875, 3.5078125, 0.93359375, 3.935546875, 0.01904296875, 0.048492431640625, 1.990234375, 1.9833984375, 4.14453125, 0.0174102783203125, 5.1796875, 4.32421875, 0.76953125, 1.720703125, 1.587890625, 3.51953125, 3.78125, 3.005859375, 3.4921875, 6.0859375, 1.7568359375, 2.48046875, 0.97998046875, 3.337860107421875e-05, 1.09375, 0.1318359375, 3.443359375, 1.5087890625, 0.19677734375, 1.7060546875, 0.08868408203125, 6.90234375, 1.7744140625, 3.3984375, 0.10247802734375, 0.062408447265625, 4.390625, 0.966796875, 1.0009765625, 3.712890625, 0.2138671875, 3.861328125, 0.019561767578125, 3.576171875, 2.2649765014648438e-06, 0.1998291015625, 0.0498046875, 2.13671875, 10.2421875, 2.12890625, 3.6953125, 0.69482421875, 0.14892578125, 3.87890625, 2.279296875, 5.98828125, 3.2109375, 1.0546875, 1.2755393981933594e-05, 0.12152099609375, 0.2005615234375, 4.2421875, 6.3046875, 9.5859375, 2.66015625, 1.490234375, 1.9130859375, 0.00733184814453125, 3.19921875, 3.740234375, 6.6015625, 0.77783203125, 0.0093841552734375, 1.435546875, 6.3515625, 3.404296875, 0.47998046875, 10.609375, 7.70703125, 4.6875, 0.196533203125, 5.15625, 0.298583984375, 6.00390625, 5.9296875, 0.40673828125, 6.30078125, 1.7626953125, 6.3046875, 4.55078125, 1.4716796875, 7.36328125, 3.658203125, 3.009765625, 0.45751953125, 5.546875, 2.5033950805664062e-05, 0.2454833984375, 0.06719970703125, 5.49609375, 5.92578125, 9.6171875, 1.478515625, 6.59765625, 2.78125, 0.81396484375, 2.595703125, 1.8046875, 2.763671875, 4.6796875, 7.30078125, 0.007610321044921875, 7.375, 8.3203125, 0.88232421875, 2.90234375, 3.046875, 2.412109375, 1.1455078125, 1.0132789611816406e-05, 0.7060546875, 0.049468994140625, 5.16796875, 7.625, 2.431640625, 3.76953125, 7.8125, 3.470703125, 0.1258544921875, 1.859375, 0.5322265625, 4.23046875, 0.498291015625, 11.0, 0.049713134765625, 7.16796875, 0.82080078125, 0.181396484375, 1.939453125, 4.05859375, 2.12890625, 0.432861328125, 10.5546875, 2.630859375, 3.55859375, 0.1278076171875, 0.00467681884765625, 3.169921875, 5.80859375, 1.8408203125, 0.006317138671875, 3.41796875, 6.69921875, 1.6806640625, 3.71484375, 4.55078125, 12.4609375, 5.69921875, 8.328125, 6.58203125, 3.9296875, 1.1328125, 4.172325134277344e-06, 0.33203125, 3.076171875, 1.1920928955078125e-06, 0.03436279296875, 0.055572509765625, 4.9453125, 0.043121337890625, 1.9365234375, 5.8359375, 0.032562255859375, 5.3125, 0.64404296875, 1.8759765625, 0.486083984375, 0.16796875, 0.0026264190673828125, 2.548828125, 2.900390625, 0.923828125, 3.484375, 6.42578125, 2.8046875, 0.99267578125, 0.88330078125, 0.00019848346710205078, 2.99609375, 1.9111328125, 0.07183837890625, 0.0908203125, 12.3828125, 0.2359619140625, 0.3486328125, 0.43701171875, 0.329345703125, 0.0877685546875, 0.34033203125, 0.49072265625, 2.353515625, 0.011871337890625, 2.15625, 2.146484375, 0.066650390625, 0.04345703125, 5.109375]",-1.1217977841422981
178,1,test,3.4859168085836827,1.534603173161944,2.125362380930132,5.34907924075772,2.3548221105416043,3.2613319293583056,32.652349345439625,25.61442256473449,28.753995287398155,50.10446709903666,39.30488979760982,44.12251000997303,3.388335074012603,1.3078103432107215,1.9025574819904505,5.095240712800906,1.9666320950537162,2.8609886947224816,29.61660174937536,21.607931541509302,25.198201959614707,44.5362432321434,32.49313013760798,37.892033021977,3.4859168085836827,1.534603173161944,2.125362380930132,5.34907924075772,2.3548221105416043,3.2613319293583056,32.652349345439625,25.61442256473449,28.753995287398155,50.10446709903666,39.30488979760982,44.12251000997303,0.7487437185929648,-0.0012562814070351536,-0.006256281407035158,0.5879396984924623,-0.00706030150753767,-0.012060301507537674,0.4623115577889447,0.0023115577889447625,0.007311557788944767,0.4323308270676691,0.10212444808080234,0.16483082706766916,0.4528301886792453,0.4170854271356784,0.06871449981738265,0.1182540414929405,0.4444444444444444,0.4323308270676691,0.10212444808080234,0.16483082706766916,0.4528301886792453,18.0,5.0,6.0,31.0,4.0,6.0,41.0,9.0,8.0,-0.00029478733059941386,-0.0003545347513706519,-7.787855920466244e-05,-0.00015559510116602837,0.0002314721571865519,7.534460660885145e-05,"[1.783203125, 4.34765625, 0.00472259521484375, 0.0274505615234375, 3.205078125, 4.53125, 0.02545166015625, 6.44140625, 6.765625, 5.078125, 1.2021484375, 8.0234375, 8.46875, 6.5546875, 2.212890625, 4.25390625, 5.85546875, 0.09124755859375, 2.48828125, 0.03125, 2.451171875, 2.931640625, 0.0212554931640625, 4.62109375, 8.7578125, 4.96484375, 0.1431884765625, 1.880859375, 0.2247314453125, 2.404296875, 6.58203125, 0.51611328125, 3.501953125, 1.1513671875, 3.689453125, 0.453857421875, 0.79150390625, 0.430419921875, 5.48828125, 2.3671875, 6.2890625, 0.10919189453125, 8.1015625, 0.36083984375, 2.193359375, 5.6328125, 1.1474609375, 5.30859375, 8.015625, 0.6005859375, 0.203125, 4.26953125, 0.8330078125, 5.5390625, 1.314453125, 2.255859375, 0.8720703125, 4.5390625, 0.1224365234375, 1.416015625, 3.65625, 1.6123046875, 1.4873046875, 4.34375, 3.357421875, 9.9453125, 2.822265625, 7.21484375, 1.47265625, 5.72265625, 3.712890625, 0.45849609375, 1.8720703125, 5.13671875, 1.9521484375, 6.03125, 3.814453125, 6.28515625, 7.8359375, 3.32421875, 1.66015625, 3.36328125, 0.052764892578125, 12.0390625, 0.377685546875, 2.791015625, 2.814453125, 0.240478515625, 5.71484375, 3.7421875, 0.1251220703125, 2.484375, 2.05859375, 1.1904296875, 7.14453125, 0.40576171875, 0.416748046875, 6.46875, 4.54296875, 2.2890625, 2.482421875, 1.525390625, 2.857421875, 5.62109375, 5.0703125, 1.0791015625, 3.833984375, 4.91015625, 0.78173828125, 4.39453125, 9.328125, 2.017578125, 7.109375, 1.021484375, 3.8203125, 0.0192413330078125, 5.828125, 1.5810546875, 7.890625, 0.171142578125, 0.0606689453125, 0.33935546875, 0.273681640625, 10.3515625, 0.0399169921875, 0.01611328125, 1.154296875, 4.90234375, 2.625, 2.748046875, 3.291015625, 0.8310546875, 2.517578125, 1.9482421875, 4.15234375, 2.029296875, 3.63671875, 5.66796875, 4.82421875, 7.953125, 2.16796875, 6.556510925292969e-06, 0.291748046875, 0.397705078125, 7.5234375, 8.828125, 2.142578125, 5.47265625, 1.517578125, 7.51953125, 8.9765625, 3.462890625, 2.59375, 1.96875, 5.0234375, 1.50390625, 0.00017309188842773438, 0.261962890625, 2.5859375, 1.049041748046875e-05, 0.0538330078125, 0.2117919921875, 2.451171875, 7.15625, 1.1572265625, 0.01534271240234375, 7.0859375, 2.341796875, 7.640625, 1.9736328125, 6.1796875, 5.53515625, 2.689453125, 7.7421875, 1.15625, 2.21875, 9.3984375, 2.138671875, 1.0439453125, 3.845703125, 4.16015625, 0.448486328125, 5.65234375, 5.4140625, 3.228515625, 1.7255859375, 11.703125, 1.2587890625, 8.3671875, 6.56640625, 4.0703125, 1.2353515625, 4.21484375, 13.8515625, 11.5078125, 1.4013671875, 0.8740234375, 0.172607421875, 0.21142578125, 0.46728515625, 9.298324584960938e-06, 0.193115234375, 1.3330078125, 4.94921875, 6.14453125, 0.2381591796875, 0.00214385986328125, 8.0234375, 0.0018100738525390625, 0.043548583984375, 1.3203125, 4.83984375, 2.775390625, 10.2578125, 10.7421875, 6.296875, 5.54296875, 3.611328125, 1.2529296875, 0.595703125, 4.5546875, 2.90234375, 5.53125, 5.6953125, 8.6484375, 3.376953125, 4.140625, 0.51025390625, 8.6015625, 2.40234375, 0.8564453125, 10.5625, 0.0621337890625, 4.1875, 4.3203125, 1.0390625, 4.734375, 4.2109375, 1.81640625, 4.265625, 0.06744384765625, 3.431640625, 2.14453125, 5.75, 1.857421875, 5.33984375, 5.27734375, 4.20703125, 6.16015625, 2.650390625, 8.6953125, 1.6005859375, 5.10546875, 6.9765625, 0.08648681640625, 1.693359375, 13.8515625, 1.1015625, 2.28515625, 0.921875, 0.0205230712890625, 0.8662109375, 8.53125, 0.00928497314453125, 0.73681640625, 9.921875]",-0.8047373738503993
30,1,test,2.883416619283933,1.2010338727041339,1.683971442792996,4.975651849130202,2.0725157681418898,2.9058775506732797,17.875241862967812,12.49688588818043,14.556966508232986,30.845691751340798,21.564748209482083,25.119643425792287,2.863454931345417,1.049342045532399,1.5127926372004112,4.439465009837856,1.6268868922982929,2.3454149413959864,17.52195964865448,11.386328891298064,13.661978521428834,27.165828912642603,17.65322308728382,21.18136204872687,2.8626117393480124,1.1802289927682132,1.6721466821981659,4.939750745338339,2.0366146643500267,2.885472628427323,17.507191499567426,12.128835524780044,14.218581256049653,30.21058045352184,20.929636911663124,24.535722533305194,0.6783919597989949,0.00339195979899487,-0.006608040201005139,0.5175879396984925,-0.012412060301507544,0.0025879396984924696,0.39698492462311563,0.006984924623115618,0.006984924623115618,0.3971631205673759,0.08510638297872342,0.13120567375886527,0.41637010676156583,0.40703517587939697,0.07537688442211055,0.12897822445561136,0.43434343434343436,0.4078014184397163,0.0957446808510638,0.13829787234042556,0.43060498220640564,22.0,12.0,11.0,35.0,11.0,10.0,42.0,13.0,13.0,-8.764300012018068e-06,7.178553037963335e-05,-0.00016372821501348187,-0.0049420028924966886,-0.005074997412042315,-0.00479478342262496,"[7.04296875, 1.2373046875, 0.1424560546875, 0.04791259765625, 0.8916015625, 0.1072998046875, 0.0548095703125, 9.417533874511719e-06, 1.1357421875, 0.0027484893798828125, 0.02227783203125, 6.6171875, 2.9453125, 0.31591796875, 1.2353515625, 1.421875, 5.5234375, 6.59765625, 8.546875, 1.150390625, 1.3779296875, 2.8125, 4.03125, 0.87841796875, 0.0171051025390625, 4.76171875, 4.76171875, 2.6171875, 2.109375, 1.9501953125, 0.00335693359375, 2.298828125, 2.34765625, 4.8671875, 4.48046875, 0.2034912109375, 1.2470703125, 4.48828125, 2.72265625, 1.818359375, 4.72265625, 3.92578125, 0.498291015625, 1.05078125, 1.876953125, 1.08203125, 2.892578125, 3.029296875, 7.8046875, 0.006664276123046875, 6.12890625, 0.41943359375, 0.026611328125, 2.91015625, 0.0036411285400390625, 0.1417236328125, 0.74365234375, 1.783203125, 0.0035610198974609375, 2.861328125, 6.4140625, 0.8212890625, 0.16845703125, 3.58984375, 0.736328125, 6.02734375, 0.71826171875, 8.8125, 5.3359375, 4.66015625, 6.203125, 7.0546875, 8.5234375, 1.4296875, 2.103515625, 0.00295257568359375, 4.734375, 1.52734375, 6.796875, 5.3515625, 0.024261474609375, 0.13037109375, 0.002658843994140625, 1.6201171875, 2.34375, 5.08984375, 3.8515625, 7.765625, 4.22265625, 5.02734375, 0.01244354248046875, 2.716796875, 5.16796875, 0.06890869140625, 1.9541015625, 7.76171875, 3.869140625, 2.57421875, 4.9453125, 0.7099609375, 0.1324462890625, 1.69140625, 8.7734375, 12.3828125, 0.70458984375, 0.0183868408203125, 1.3017578125, 3.349609375, 1.1298828125, 5.11328125, 0.045684814453125, 6.58203125, 2.568359375, 1.9404296875, 7.1640625, 0.77587890625, 4.58984375, 0.80322265625, 4.9140625, 0.1807861328125, 0.406005859375, 10.3984375, 6.5, 4.4296875, 2.4296875, 2.919921875, 4.51953125, 1.21484375, 0.05267333984375, 1.1005859375, 7.45703125, 5.875, 1.318359375, 6.34375, 5.76171875, 1.576171875, 2.240234375, 0.802734375, 1.666015625, 3.890625, 1.9716796875, 5.265625, 6.03515625, 2.99609375, 0.00481414794921875, 5.9140625, 0.07208251953125, 0.0012350082397460938, 6.328125, 2.583984375, 5.52734375, 0.06365966796875, 1.95703125, 0.146484375, 4.5546875, 2.83984375, 7.5703125, 9.5367431640625e-07, 0.0843505859375, 0.1514892578125, 3.69140625, 0.7197265625, 7.5859375, 0.306640625, 1.48046875, 9.0390625, 7.10546875, 0.83203125, 6.10546875, 7.081031799316406e-05, 0.000133514404296875, 1.287109375, 8.0234375, 4.6640625, 4.5859375, 4.84765625, 3.357421875, 0.0972900390625, 0.1455078125, 2.21484375, 0.1185302734375, 0.44482421875, 0.3408203125, 4.3828125, 3.630859375, 3.64453125, 2.630859375, 7.75, 0.369873046875, 1.07421875, 1.3359375, 2.45703125, 2.53125, 4.23046875, 4.578125, 0.07586669921875, 0.70751953125, 1.662109375, 1.4814453125, 3.791015625, 3.53515625, 1.4072265625, 0.0340576171875, 0.03790283203125, 0.0538330078125, 0.89501953125, 2.662109375, 0.5517578125, 1.0625, 4.0625, 0.3994140625, 5.046875, 4.515625, 2.189453125, 6.03515625, 1.7451171875, 0.03466796875, 1.314453125, 5.56640625, 0.509765625, 1.2529296875, 5.7220458984375e-06, 0.1309814453125, 0.336181640625, 0.97265625, 0.0005426406860351562, 7.4296875, 0.076416015625, 0.6689453125, 2.345703125, 0.006664276123046875, 0.05126953125, 7.01171875, 2.87109375, 2.70703125, 7.0625, 0.61572265625, 2.248046875, 1.482421875, 2.111328125, 2.916015625, 1.96875, 9.734375, 3.689453125, 5.1015625, 0.2301025390625, 0.046844482421875, 0.681640625, 8.3046875, 0.296875, 3.337890625, 1.0927734375, 1.958984375, 1.5068359375, 8.46875, 1.4951171875, 8.5234375, 6.625, 1.0, 6.25390625, 4.07421875, 1.3251953125, 5.98046875, 1.6953125, 1.46875, 2.607421875, 6.02734375, 4.05859375, 1.9677734375, 1.97265625, 9.6328125, 0.74169921875, 0.00832366943359375, 0.30322265625, 0.60888671875, 8.0625, 4.4375, 5.43359375, 0.69482421875, 0.59716796875, 7.86328125, 9.2109375]",-0.7216773367097193
117,1,test,3.1562384138815105,1.3340911746277433,1.858765635802713,4.946056538826514,2.0906184870690856,2.9128217585444953,23.482099650152342,17.296974505249672,19.822064401746797,36.79816835420215,27.10562468200711,31.062625312493456,3.0777461097468084,1.2226464191589113,1.7302468985819424,4.428411668700444,1.7592034808041888,2.4895638828517157,21.70941657018658,15.317081095647328,17.861625594174576,31.23657060458501,22.038965605247956,25.700180711042556,3.1562384138815105,1.3340911746277433,1.858765635802713,4.946056538826514,2.0906184870690856,2.9128217585444953,23.482099650152342,17.296974505249672,19.822064401746797,36.79816835420215,27.10562468200711,31.062625312493456,0.7185929648241206,-0.01640703517587938,-0.006407035175879372,0.5778894472361809,0.012889447236180906,0.0028894472361808976,0.457286432160804,-0.012713567839195972,-0.0027135678391959628,0.43359375,0.09246314571150094,0.1478794642857143,0.5294117647058824,0.44723618090452266,0.12142164456367055,0.15675204067079984,0.5404040404040404,0.43359375,0.09246314571150094,0.1478794642857143,0.5294117647058824,15.0,4.0,4.0,24.0,2.0,1.0,34.0,6.0,7.0,-1.9700523293669838e-05,-0.0002434581641806482,-0.0003745820488612617,-8.629588256159337e-05,-0.00014530477676810705,0.00011039017629776993,"[2.859375, 1.2138671875, 0.2264404296875, 2.326171875, 0.380126953125, 0.058837890625, 6.079673767089844e-06, 1.3583984375, 0.0055389404296875, 0.0233917236328125, 5.625, 1.4677734375, 2.884765625, 0.06988525390625, 3.65234375, 0.163818359375, 0.389404296875, 2.162109375, 0.5205078125, 2.16796875, 1.4130859375, 0.51904296875, 0.036651611328125, 1.9951171875, 1.923828125, 3.77734375, 5.265625, 0.3857421875, 6.765625, 4.20703125, 0.1517333984375, 5.19140625, 0.1458740234375, 0.0005660057067871094, 2.77734375, 2.95703125, 0.9482421875, 2.681640625, 2.091796875, 6.7265625, 2.791015625, 0.435791015625, 6.4609375, 1.6279296875, 4.33984375, 0.55224609375, 7.07421875, 5.7109375, 0.476318359375, 2.435546875, 0.34912109375, 3.384765625, 6.140625, 0.68212890625, 1.4814453125, 0.6416015625, 6.1328125, 0.031524658203125, 6.3515625, 3.68359375, 2.892578125, 4.48828125, 3.56640625, 2.220703125, 1.294921875, 1.1767578125, 4.21875, 3.498046875, 0.35546875, 2.89453125, 4.73046875, 6.57421875, 4.44140625, 1.087890625, 1.9443359375, 1.91796875, 4.17578125, 0.19189453125, 0.4833984375, 1.0185546875, 3.11328125, 0.5126953125, 2.84375, 0.314697265625, 0.061798095703125, 1.279296875, 1.5673828125, 6.55859375, 1.583984375, 3.5234375, 4.34765625, 4.65234375, 7.9140625, 1.1494140625, 0.380615234375, 5.1171875, 5.5859375, 0.420166015625, 1.4404296875, 2.904296875, 5.05078125, 4.12890625, 0.7412109375, 1.8330078125, 6.28515625, 4.84375, 6.4375, 1.3388671875, 5.8671875, 3.884765625, 1.2275390625, 4.98046875, 2.140625, 4.12890625, 7.03515625, 0.430419921875, 1.919921875, 4.265625, 3.986328125, 6.5078125, 3.333984375, 4.109375, 0.296630859375, 2.244140625, 2.15625, 4.5703125, 9.1328125, 0.80517578125, 1.109375, 3.48046875, 7.59375, 2.087890625, 6.53125, 5.10546875, 1.5087890625, 3.994140625, 0.1041259765625, 7.375, 0.86669921875, 5.42578125, 5.33203125, 4.109375, 0.38134765625, 0.025115966796875, 0.1607666015625, 4.6171875, 0.599609375, 2.9921875, 1.8974609375, 3.05859375, 5.8046875, 1.474609375, 0.16748046875, 13.9453125, 7.328125, 9.25, 7.34765625, 8.2578125, 1.8603515625, 3.818359375, 3.494140625, 0.62939453125, 3.884765625, 0.11151123046875, 3.611328125, 1.30859375, 3.515625, 0.017913818359375, 1.9990234375, 5.74609375, 0.01001739501953125, 10.078125, 5.84375, 5.953125, 8.4375, 2.52734375, 7.91796875, 5.32421875, 4.109375, 3.095703125, 3.66015625, 6.56640625, 7.234375, 12.984375, 0.4140625, 0.00165557861328125, 0.019561767578125, 3.154296875, 0.4150390625, 0.8193359375, 0.0008029937744140625, 4.43359375, 1.470703125, 6.48828125, 1.638671875, 1.10546875, 0.70654296875, 4.29296875, 2.173828125, 5.55078125, 0.00704193115234375, 8.15625, 2.796875, 10.359375, 1.6796875, 2.833984375, 3.568359375, 0.91357421875, 6.37109375, 14.140625, 3.09765625, 2.236328125, 2.791015625, 1.6064453125, 0.1435546875, 6.92578125, 0.11187744140625, 0.05560302734375, 1.8232421875, 0.07122802734375, 0.0186920166015625, 4.296875, 3.39453125, 4.90625, 1.220703125, 4.84375, 1.056640625, 2.59765625, 3.376953125, 7.12109375, 2.693359375, 0.76318359375, 2.220703125, 5.1640625, 4.3125, 2.638671875, 6.9765625, 3.888671875, 5.890625, 4.39453125, 2.26953125, 0.407958984375, 1.6240234375, 4.67578125, 5.9921875, 4.86328125, 2.318359375, 1.6875, 0.410400390625, 5.55078125, 0.8310546875, 3.953125, 4.8203125, 0.2061767578125, 6.5859375, 1.55078125]",-0.9107944001443684
471,1,test,2.6697797254174054,1.0684668482442026,1.5154672367313644,4.539980751344319,1.8169360109736443,2.5770635751523203,14.436788784910627,9.47724936680028,11.264946794429536,24.549869253528225,16.116134710041088,19.156127797633985,2.693474038162423,0.9279701795985291,1.38176568476478,3.8478200545177477,1.325671685140756,1.9739509782354001,14.78294332568586,8.938426899706013,11.070432747760277,21.118490465265516,12.769181285294303,15.814903925371826,2.838724972412339,1.1717063865226534,1.6320224456748331,4.60333779310109,1.9000644105772757,2.6465228848781077,17.09395637050124,11.797602759314179,13.751511532180766,27.71992924946147,19.13124771780678,22.299748430563405,0.5979899497487438,0.007989949748743674,-0.007010050251256228,0.4623115577889447,-0.007688442211055246,-0.007688442211055246,0.38190954773869346,-0.0030904522613065533,0.01190954773869346,0.4011976047904192,0.08729625949893938,0.15119760479041922,0.4264264264264265,0.40703517587939697,0.10127076485182807,0.13658442462731013,0.4545454545454546,0.4046822742474916,0.09082584686852668,0.1477301051707396,0.4563758389261745,17.0,5.0,5.0,27.0,8.0,7.0,36.0,11.0,10.0,-0.0011281093712936828,0.00028315382736436313,-8.09757362939964e-05,-0.020848571263541338,-0.02176870378402551,-0.02302126098101187,"[2.88671875, 2.212890625, 0.2330322265625, 0.0401611328125, 3.814697265625e-05, 1.2705078125, 0.01294708251953125, 0.01422119140625, 1.583984375, 6.0625, 0.06463623046875, 6.60546875, 0.05206298828125, 2.0546875, 4.5234375, 0.8896484375, 8.0703125, 2.55078125, 0.07977294921875, 0.71484375, 1.7822265625, 6.62109375, 0.9482421875, 6.53125, 0.0435791015625, 5.6484375, 6.8203125, 0.108154296875, 2.2421875, 0.006595611572265625, 6.01171875, 0.056121826171875, 2.224609375, 1.96875, 0.4267578125, 0.79248046875, 13.96875, 1.2099609375, 1.20703125, 0.0797119140625, 0.391357421875, 1.9482421875, 9.1328125, 3.68359375, 5.8671875, 0.0004916191101074219, 0.12274169921875, 0.055389404296875, 0.1212158203125, 1.7646484375, 0.1943359375, 0.17236328125, 0.183837890625, 0.09063720703125, 0.071044921875, 8.45193862915039e-05, 0.362548828125, 4.71875, 0.0086822509765625, 0.00034999847412109375, 0.29296875, 0.1441650390625, 0.07855224609375, 6.8828125, 3.111328125, 0.377685546875, 0.149169921875, 0.043212890625, 3.349609375, 2.201171875, 0.392333984375, 10.7578125, 6.73046875, 1.0341796875, 0.035491943359375, 0.1666259765625, 9.9296875, 0.0023670196533203125, 0.202880859375, 0.1541748046875, 4.1875, 3.904296875, 4.7890625, 1.572265625, 0.73095703125, 0.9609375, 6.88671875, 0.6201171875, 0.282470703125, 0.00896453857421875, 0.1429443359375, 5.390625, 1.2529296875, 0.018524169921875, 0.0015926361083984375, 0.87255859375, 0.031524658203125, 0.0006933212280273438, 0.095703125, 0.0701904296875, 4.9453125, 0.6875, 5.23828125, 1.0517578125, 2.337890625, 6.1328125, 4.87109375, 0.0794677734375, 0.11981201171875, 2.35546875, 4.74609375, 1.2998046875, 2.279296875, 3.97265625, 3.00390625, 6.83203125, 7.91015625, 0.307861328125, 3.43359375, 2.1171875, 1.609375, 3.05859375, 0.06353759765625, 2.111328125, 1.0478515625, 3.23828125, 5.8515625, 1.275390625, 2.5859375, 6.9453125, 3.146484375, 0.361328125, 7.6640625, 5.5078125, 2.37890625, 7.1015625, 0.84814453125, 0.0765380859375, 3.81640625, 1.4384765625, 3.6953125, 3.7109375, 5.01953125, 3.423828125, 3.806640625, 5.8203125, 1.7607421875, 0.0038967132568359375, 0.70556640625, 0.57373046875, 0.37744140625, 3.60546875, 0.397705078125, 4.20703125, 10.4453125, 0.2178955078125, 3.666015625, 0.482421875, 1.736328125, 8.1953125, 4.38671875, 1.3623046875, 3.0546875, 1.8818359375, 4.5, 2.560546875, 4.01171875, 3.177734375, 5.1015625, 4.55859375, 7.34765625, 0.477783203125, 0.02825927734375, 0.14794921875, 0.031036376953125, 0.0001652240753173828, 4.24609375, 0.85546875, 1.07421875, 0.0006251335144042969, 9.640625, 0.92529296875, 3.390625, 3.830078125, 4.17578125, 12.4609375, 0.60205078125, 3.6171875, 3.455078125, 4.9609375, 7.6328125, 8.5625, 7.0546875, 2.724609375, 1.3828125, 9.328125, 1.78125, 4.29296875, 4.9609375, 2.341796875, 2.998046875, 3.31640625, 6.39453125, 0.755859375, 1.7646484375, 4.21484375, 0.97314453125, 0.43408203125, 3.30078125, 1.9072265625, 3.857421875, 7.1328125, 5.26953125, 7.58984375, 1.5341796875, 4.64453125, 5.296875, 7.1875, 0.78662109375, 0.011016845703125, 0.00016057491302490234, 3.80859375, 1.4443359375, 6.9140625, 0.07269287109375, 2.443359375, 10.4453125, 5.84375, 2.35546875, 11.7109375, 5.2265625, 1.0546875, 6.1484375, 0.51708984375, 5.625, 1.236328125, 3.51953125, 1.515625, 7.21875, 2.96484375, 5.91015625, 3.4453125, 4.2578125, 1.8095703125, 2.216796875, 0.44921875, 0.10430908203125, 0.025665283203125, 0.286376953125, 0.11322021484375, 0.01248931884765625, 0.0033817291259765625, 0.038299560546875, 0.0023670196533203125, 6.985664367675781e-05, 1.6982421875, 0.419677734375, 9.1875, 3.478515625, 2.931640625, 10.5625, 3.84765625, 2.904296875, 5.68359375, 2.70703125, 6.71875, 2.095703125, 0.9208984375, 1.8203125, 0.5244140625, 5.09375, 0.978515625, 5.0703125, 1.8544921875, 2.390625, 1.990234375, 4.41796875, 0.0875244140625, 4.32421875, 2.11328125, 2.330078125, 2.048828125, 6.09375, 3.6875, 11.734375, 3.53515625, 9.0234375, 4.1796875, 0.353271484375, 2.271484375, 3.2109375, 0.0736083984375, 0.00047087669372558594, 0.0217437744140625, 0.0013484954833984375, 4.601478576660156e-05, 1.041015625, 2.201171875, 4.0625, 0.125244140625, 0.058746337890625, 0.01885986328125, 0.1871337890625, 0.30322265625, 0.005893707275390625, 0.0010709762573242188, 0.03619384765625, 0.00048828125, 0.00012755393981933594, 1.7646484375, 2.16796875, 7.734375, 1.82421875, 0.18212890625, 0.004039764404296875, 0.050201416015625, 0.005001068115234375, 0.0001220703125, 3.443359375, 0.3876953125, 0.90185546875, 0.0003514289855957031, 7.765625, 0.88623046875, 1.412109375, 2.669921875, 2.78515625, 0.09381103515625, 0.48974609375, 0.334228515625, 2.17578125, 3.361328125, 2.55859375, 3.173828125]",-1.0245910211951434
230,1,test,2.703522116871354,1.1573814738180772,1.6068427014099083,4.824517368781477,2.065382409078668,2.8674596273779027,14.932232281296212,10.23891030116242,11.938025300526817,26.64702224783799,18.27164655953294,21.30376890646498,2.7914703795404145,1.1484513735463624,1.615137563158832,4.273096965604172,1.7580140256594312,2.4724028851431346,16.304976688744013,11.134220172060454,13.06251501754863,24.95915662353891,17.043921648000232,19.995696065324438,2.592558774661061,1.1025099655379023,1.5209517022201806,4.62956924046618,1.968767795603397,2.715985182536037,13.363923159446697,8.92661106441598,10.443854666654197,23.864148499011957,15.940376900742816,18.649740476168205,0.6666666666666667,-0.0033333333333331883,0.006666666666666821,0.5151515151515151,-0.009848484848484884,-0.014848484848484889,0.36363636363636365,-0.016363636363636358,-0.026363636363636367,0.39751552795031053,0.08743800857046558,0.14544941224783114,0.3769470404984424,0.38383838383838387,0.06897692288120505,0.11873771269744426,0.3807106598984772,0.39799331103678925,0.09415357814864234,0.14549053016915858,0.3557046979865772,19.0,-1.0,-1.0,28.0,-2.0,-1.0,37.0,0.0,-1.0,0.0006684797641153791,0.00012866047860445826,5.040368726811112e-05,0.0004162097626174699,1.455475439904319e-05,-0.00012091058364038787,"[3.76953125, 0.0404052734375, 0.439208984375, 0.0208740234375, 0.0006074905395507812, 0.4072265625, 0.0201873779296875, 0.01070404052734375, 1.875, 8.546875, 7.67578125, 11.375, 2.25390625, 4.66796875, 9.1015625, 8.1328125, 4.125, 3.234375, 0.798828125, 1.5224609375, 4.07421875, 0.52587890625, 2.15625, 1.0869140625, 2.720703125, 10.0703125, 0.1409912109375, 3.353515625, 3.775390625, 3.259765625, 1.3994140625, 0.20654296875, 1.3203125, 8.015625, 2.509765625, 1.2119140625, 5.23828125, 4.171875, 4.34375, 1.2314453125, 1.0751953125, 2.232421875, 0.619140625, 3.751953125, 5.03125, 1.5419921875, 8.2109375, 1.103515625, 0.1376953125, 3.255859375, 2.365234375, 7.125, 6.15625, 1.033203125, 7.90625, 0.81298828125, 4.05078125, 1.8427734375, 0.000774383544921875, 0.06854248046875, 0.544921875, 1.55078125, 0.796875, 2.94140625, 2.27734375, 0.99365234375, 2.515625, 13.46875, 3.564453125, 1.740234375, 1.86328125, 1.0947265625, 3.224609375, 0.3955078125, 2.337890625, 4.53515625, 0.521484375, 5.6796875, 1.955078125, 1.9365234375, 2.529296875, 6.640625, 4.4140625, 0.595703125, 3.078125, 10.8515625, 1.7197265625, 2.744140625, 0.90966796875, 4.1171875, 4.55859375, 0.75830078125, 1.0728836059570312e-05, 0.1517333984375, 0.09564208984375, 1.3056640625, 1.4892578125, 0.0009436607360839844, 0.01168060302734375, 0.02166748046875, 8.0546875, 2.373046875, 6.91015625, 2.193359375, 2.453125, 2.0546875, 0.7802734375, 3.6796875, 2.275390625, 4.63671875, 5.90625, 8.734375, 2.228515625, 7.671875, 7.109375, 1.9033203125, 5.54296875, 0.2734375, 6.96484375, 0.372802734375, 2.091796875, 0.54541015625, 5.70703125, 5.53125, 4.72265625, 2.205078125, 3.880859375, 2.9921875, 5.37109375, 0.07537841796875, 0.30908203125, 0.45654296875, 0.333984375, 0.441162109375, 0.055145263671875, 3.615234375, 3.099609375, 1.88671875, 0.94677734375, 2.328125, 0.130126953125, 3.5762786865234375e-06, 3.08984375, 2.1875, 0.0169525146484375, 9.012222290039062e-05, 0.041107177734375, 0.1971435546875, 6.33984375, 0.469970703125, 0.1053466796875, 1.484375, 3.857421875, 3.08984375, 2.0859375, 0.447509765625, 0.556640625, 1.2353515625, 10.6015625, 9.3203125, 3.3671875, 3.734375, 3.365234375, 0.0162353515625, 2.162109375, 8.4921875, 2.853515625, 1.7548828125, 3.92578125, 0.7666015625, 4.0390625, 0.94189453125, 0.1683349609375, 3.666015625, 0.026397705078125, 0.00858306884765625, 0.00365447998046875, 3.236328125, 0.4248046875, 1.546875, 2.984375, 1.662109375, 6.484375, 7.2421875, 0.29541015625, 0.0909423828125, 5.3125, 2.986328125, 2.236328125, 5.765625, 5.19921875, 5.4375, 0.007396697998046875, 0.615234375, 7.05718994140625e-05, 0.218994140625, 0.39501953125, 1.82421875, 0.0002332925796508789, 1.654296875, 5.86328125, 0.68310546875, 1.134765625, 3.134765625, 0.7646484375, 0.00801849365234375, 0.008026123046875, 0.0008153915405273438, 0.06097412109375, 0.94384765625, 2.931640625, 8.53125, 0.92431640625, 0.455078125, 6.36328125, 1.6103515625, 0.0011138916015625, 5.14453125, 4.58984375, 2.2890625, 1.2109375, 3.001953125, 1.208984375, 2.5546875, 0.0079345703125, 2.138671875, 6.4296875, 0.70458984375, 1.3193359375, 2.1640625, 1.2880859375, 0.44677734375, 3.966796875, 3.357421875, 0.8525390625, 0.342529296875, 5.75390625, 5.08203125, 0.62060546875, 9.2265625, 6.09765625, 0.261474609375, 3.501953125, 6.24609375, 1.3671875, 4.8828125, 4.19140625, 1.6953125, 2.232421875, 2.646484375, 0.26220703125, 0.12347412109375, 7.88671875, 0.06512451171875, 3.07421875, 0.315673828125, 0.07574462890625, 1.9501953125, 0.0126190185546875, 0.10894775390625, 0.0016393661499023438, 1.71484375, 4.1796875, 1.0419921875, 0.04852294921875, 4.609375, 0.035247802734375, 2.79296875, 0.0287628173828125, 0.006259918212890625, 3.513671875, 0.468994140625, 0.019561767578125, 2.818359375, 2.328125, 0.4189453125, 8.1796875, 10.390625, 2.841796875, 5.8125, 4.0546875, 0.7626953125, 4.390625, 0.541015625, 1.3466796875, 0.82470703125, 2.8371810913085938e-05, 0.465087890625, 1.4638671875, 0.0017299652099609375, 6.4373016357421875e-06, 0.031951904296875, 0.204345703125, 1.658203125, 7.328125, 0.148681640625, 1.8525390625, 1.435546875, 1.0107421875, 5.71875, 0.048675537109375, 0.7021484375, 6.875, 8.9140625, 8.578125, 4.00390625, 0.1463623046875, 2.599609375, 8.375, 11.0234375, 0.1336669921875, 0.51318359375, 1.2822265625, 2.98046875, 3.34765625, 4.25390625, 3.892578125, 2.56640625, 3.66796875, 1.2392578125, 4.54296875, 6.26953125]",-0.9355750968737633
363,1,test,2.921406685521728,1.2896956973658056,1.752571602095509,5.091594509052155,2.2477553582661183,3.054481935080745,18.567387573392853,13.45477271065401,15.349146102166891,32.360304056484686,23.449746724282704,26.75136892091944,3.0000230277602995,1.1936778078613586,1.7247115414094265,4.615420042708153,1.8364273967097824,2.6534023713991175,20.08599945344292,13.997843602668873,16.506183153070708,30.901537620681413,21.535144004105955,25.394127927801087,2.9104051773364725,1.2514771022370432,1.7094660231358603,5.046945394225097,2.1701915067694393,2.96439194763444,18.364237832776638,13.11056155412853,15.041001343637925,31.84549913198261,22.735077839529247,26.082661289545534,0.6783919597989949,0.008391959798994986,-0.0016080402010050232,0.5175879396984925,-0.002412060301507535,-0.022412060301507553,0.44221105527638194,-0.007788944723618019,0.00221105527638199,0.42434210526315785,0.12220745830092472,0.1770773350224576,0.429042904290429,0.44221105527638194,0.11890278459969017,0.1767686512697041,0.4747474747474747,0.4247491638795987,0.12257888007325479,0.18225750648249084,0.4295302013422819,19.0,5.0,5.0,33.0,9.0,9.0,40.0,10.0,10.0,-4.313691515679871e-05,4.4405742898093586e-05,4.137897613620882e-05,-0.008847971936272181,-0.009390424426243271,-0.009676233037385629,"[2.859375, 2.21484375, 0.2666015625, 0.05609130859375, 3.802776336669922e-05, 1.1826171875, 0.01139068603515625, 0.01456451416015625, 2.5703125, 1.765625, 6.8515625, 6.1796875, 0.285888671875, 1.6513671875, 9.8203125, 9.8125, 0.1689453125, 4.94140625, 1.853515625, 1.4013671875, 2.97265625, 5.65234375, 0.08892822265625, 4.0703125, 6.65234375, 4.0390625, 6.21484375, 0.9765625, 4.03125, 6.91015625, 1.3232421875, 2.5625, 3.087890625, 0.0214691162109375, 1.05078125, 7.25390625, 3.87890625, 1.96484375, 1.7353515625, 0.58740234375, 4.51171875, 5.01953125, 1.4384765625, 4.4140625, 7.71484375, 0.1031494140625, 1.095703125, 5.6875, 4.38671875, 0.818359375, 1.0166015625, 0.336181640625, 1.1845703125, 4.56640625, 0.0181884765625, 4.03515625, 0.1551513671875, 5.12109375, 3.478515625, 2.0, 3.384765625, 4.4140625, 0.0489501953125, 0.1705322265625, 2.658203125, 7.703125, 6.2109375, 4.41015625, 0.5244140625, 0.002796173095703125, 4.71875, 8.8984375, 0.1300048828125, 4.0078125, 3.9375, 5.48828125, 6.16015625, 0.09698486328125, 3.408203125, 0.00021564960479736328, 0.00010728836059570312, 0.00048422813415527344, 0.0030364990234375, 1.430511474609375e-05, 8.59375, 1.6962890625, 0.1103515625, 0.10723876953125, 4.37890625, 5.8671875, 7.51171875, 2.705078125, 3.875, 3.861328125, 2.5, 1.7421875, 4.6015625, 8.140625, 0.32958984375, 4.00390625, 1.501953125, 4.22265625, 0.29541015625, 0.0084991455078125, 2.328125, 0.02978515625, 1.7490234375, 6.9765625, 3.62890625, 2.04296875, 1.2099609375, 0.58984375, 4.90625, 5.4296875, 2.298828125, 4.578125, 2.005859375, 0.251953125, 5.50390625, 2.982421875, 2.482421875, 3.25, 2.11328125, 3.904296875, 3.087890625, 5.7421875, 0.06927490234375, 1.2001953125, 3.2265625, 0.0260162353515625, 3.849609375, 0.95751953125, 9.8671875, 3.314453125, 2.810546875, 0.01404571533203125, 7.46875, 2.193359375, 0.2763671875, 1.076171875, 0.0675048828125, 0.03564453125, 0.32177734375, 3.8828125, 0.50390625, 1.9345703125, 6.203125, 5.4296875, 0.12091064453125, 1.5341796875, 0.25390625, 2.97265625, 9.5367431640625e-07, 7.224082946777344e-05, 7.62939453125e-06, 9.965896606445312e-05, -0.0, 7.71875, 13.25, 7.41796875, 8.84375, 0.475830078125, 1.6552734375, 0.1676025390625, -0.0, 6.496906280517578e-05, 2.1696090698242188e-05, 5.173683166503906e-05, 5.960464477539062e-07, 6.0625, 9.578125, 13.2734375, 11.125, 0.20263671875, 0.452880859375, 5.6484375, 0.100830078125, 1.580078125, 4.69140625, 0.0126190185546875, 5.44140625, 4.6953125, 6.7890625, 0.92822265625, 0.72412109375, 1.9912109375, 4.1796875, 0.00432586669921875, 0.84423828125, 4.04296875, 1.5654296875, 0.006076812744140625, 9.125, 1.8310546875, 7.1171875, 5.42578125, 4.5625, 3.29296875, 8.484375, 7.58203125, 0.681640625, 2.70703125, 0.9873046875, 3.74609375, 1.0625, 6.9296875, 8.015625, 4.62109375, 0.3623046875, 4.7087669372558594e-05, 0.00021207332611083984, 1.049041748046875e-05, 9.751319885253906e-05, 4.76837158203125e-07, 8.5234375, 7.109375, 0.078857421875, 0.599609375, 1.5546875, 0.00021386146545410156, 8.9296875, 0.405517578125, 0.23388671875, 1.2333984375, 5.1328125, 0.9638671875, 0.828125, 7.86328125, 3.109375, 0.55126953125, 0.18798828125, 4.37890625, 0.0082244873046875, 1.9462890625, 2.130859375, 4.1640625, 1.5283203125, 1.9921875, 4.1953125, 0.039947509765625, 1.3642578125, 4.07421875, 2.783203125, 3.5703125, 0.2119140625, 0.6220703125, 5.01171875, 2.359375, 3.271484375, 1.404296875, 2.6226043701171875e-06, 0.000152587890625, 8.463859558105469e-06, 9.202957153320312e-05, 1.1920928955078125e-07, 4.5078125, 3.908203125, 7.1640625, 0.0806884765625, 0.432861328125, 6.05859375, 3.900390625, 0.128173828125, 0.64501953125, 7.171875, 0.016845703125, 10.4453125, 1.2333984375, 4.31640625, 0.036865234375, 0.035858154296875, 5.703125, 0.67724609375, 9.3984375, 0.89990234375, 0.151123046875, 0.00518035888671875, 1.10546875, 5.12109375, 9.21875, 3.0078125, 6.8203125, 0.0038738250732421875, 6.43359375, 9.1953125, 5.86328125, 2.009765625, 2.685546875, 1.5087890625, 2.12109375, 10.4296875, 5.8828125, 2.958984375, 1.341796875, 1.0728836059570312e-06, 5.936622619628906e-05, 8.106231689453125e-06, 0.0001709461212158203, 1.3113021850585938e-06, 2.2734375, 7.24609375, 7.7109375, 0.06689453125, 0.59912109375]",-0.6291747697089849
430,1,test,2.548367242715512,1.032166237002599,1.4439344428830663,5.265602194285666,2.1327290318788643,2.9835512886077815,12.786209952587056,8.23132166258769,9.768697502830435,26.419698877935904,17.008092351009505,20.18471833416168,2.701797604560852,1.0855320459021662,1.5290164310665482,4.5793179738319525,1.8398848235629934,2.5915532729941493,14.90650365394743,9.872248615253149,11.675537622396442,25.265260430419374,16.732624771615505,19.789046817621088,2.5321160283774438,1.0412317892093244,1.4445910165446687,5.238860748367125,2.154272667329636,2.98880899974759,12.580097836363219,8.139077128561878,9.61317595488983,26.027788626958383,16.839469921162504,19.889329561841024,0.6030150753768844,-0.0019849246231156137,0.013015075376884289,0.4773869346733668,0.002386934673366814,0.002386934673366814,0.38190954773869346,0.006909547738693456,0.006909547738693456,0.4005847953216374,0.10715413838733079,0.1650031726432405,0.4105571847507331,0.40201005025125625,0.09123310789536654,0.1532621370626085,0.4292929292929293,0.4013377926421404,0.1008369579175995,0.16663256461099474,0.4093959731543624,18.0,0.0,0.0,28.0,0.0,-1.0,36.0,-1.0,1.0,0.0005215015226178185,-9.342889669135031e-05,0.00011743651505123263,-0.04642490358113349,-0.043104897390860764,-0.04483857368771371,"[2.111328125, 9.03125, 0.796875, 0.0307769775390625, 0.180908203125, 0.380859375, 5.960464477539062e-07, 0.0136871337890625, 0.0003910064697265625, 3.933906555175781e-06, 6.93359375, 0.14794921875, 0.375, 0.83056640625, 0.74267578125, 0.58984375, 3.482421875, 0.33984375, 1.6064453125, 1.3330078125, 1.921875, 3.484375, 1.357421875, 4.35546875, 0.354248046875, 2.8671875, 0.11297607421875, 0.030242919921875, 3.6015625, 0.353759765625, 3.9921875, 4.51953125, 1.5341796875, 8.5703125, 2.431640625, 0.84912109375, 1.81640625, 4.0703125, 1.97265625, 8.3671875, 0.41015625, 5.43359375, 0.16796875, 1.3427734375, 0.22412109375, 0.0338134765625, 0.37939453125, 7.609375, 5.54296875, 1.0107421875, 1.984375, 6.01953125, 0.89404296875, 0.41015625, 0.1575927734375, 0.74169921875, 0.061126708984375, 5.8359375, 6.73046875, 1.875, 1.87890625, 5.77734375, 7.4609375, 1.8359375, 1.6796875, 2.865234375, 9.5859375, 0.9716796875, 0.07354736328125, 0.360595703125, 5.109375, 4.3984375, 2.42578125, 4.7890625, 0.47802734375, 1.322265625, 0.6259765625, 3.5703125, 0.57470703125, 0.5810546875, 4.4453125, 11.0390625, 2.662109375, 0.16845703125, 12.28125, 0.11279296875, 7.91015625, 1.841796875, 3.6328125, 4.55859375, 0.0994873046875, 0.337890625, 5.0390625, 0.08160400390625, 8.2421875, 4.74609375, 1.3505859375, 9.179115295410156e-05, 0.1414794921875, 0.873046875, 5.0859375, 3.541015625, 0.031951904296875, 0.018951416015625, 13.703125, 2.33203125, 6.15625, 6.375, 1.5927734375, 0.0088958740234375, 0.00850677490234375, 0.131591796875, 3.517578125, 4.7421875, 4.0703125, 3.2734375, 6.94921875, 0.11712646484375, 2.39453125, 0.5703125, 4.82421875, 3.505859375, 1.7900390625, 4.3828125, 0.43505859375, 3.884765625, 4.07421875, 0.029541015625, 0.77490234375, 1.04296875, 2.326171875, 0.9052734375, 0.00803375244140625, 1.0341796875, 11.8671875, 4.29296875, 0.54345703125, 5.09375, 0.080810546875, 4.35546875, 8.234375, 3.09375, 2.0234375, 0.00033593177795410156, 0.09100341796875, 0.90185546875, 10.2734375, 2.517578125, 4.9375, 4.5234375, 3.12109375, 4.52734375, 3.236328125, 1.8154296875, 5.140625, 9.7890625, 3.0078125, 4.70703125, 5.36328125, 3.203125, 5.11328125, 0.00514984130859375, 1.7041015625, 7.07421875, 2.205078125, 0.17333984375, 11.6484375, 4.8828125, 3.2109375, 2.5078125, 4.484375, 0.0225067138671875, 4.296875, 5.2890625, 0.06488037109375, 0.01139068603515625, 0.81494140625, 0.102783203125, 0.94140625, 0.00531005859375, 0.004878997802734375, 0.10986328125, 2.65625, 2.025390625, 0.7099609375, 1.2392578125, 7.48828125, 2.146484375, 1.169921875, 3.90625, 1.01953125, 0.186767578125, 0.093994140625, 0.1507568359375, 0.033966064453125, 0.4443359375, 0.00024509429931640625, 0.0850830078125, 0.32421875, 4.13671875, 0.0204315185546875, 5.9921875, 0.1346435546875, 2.736328125, 2.701171875, 0.568359375, 0.0221710205078125, 0.01197052001953125, 0.1536865234375, 0.03656005859375, 0.1805419921875, 0.0028972625732421875, 0.0008368492126464844, 0.033966064453125, 4.08203125, 0.1190185546875, 3.759765625, 0.34423828125, 4.73828125, 0.888671875, 5.95703125, 3.3046875, 3.96875, 6.234375, 1.509765625, 2.048828125, 4.12890625, 0.0236663818359375, 0.07745361328125, 0.11553955078125, 0.08172607421875, 0.034942626953125, 1.6640625, 0.00020325183868408203, 0.14404296875, 0.1708984375, 0.8701171875, 0.0006847381591796875, 5.65234375, 6.24609375, 3.896484375, 1.28515625, 7.12890625, 0.46484375, 5.640625, 3.923828125, 0.16943359375, 3.2421875, 3.7109375, 1.435546875, 0.09161376953125, 0.01407623291015625, 0.07562255859375, 0.01245880126953125, 0.472412109375, 0.0037670135498046875, 0.0006957054138183594, 0.0302886962890625, 0.63671875, 7.01171875, 2.220703125, 3.04296875, 0.02294921875, 0.159912109375, 0.1046142578125, 0.074462890625, 0.0272979736328125, 8.34375, 1.6279296875, 4.40625, 1.484375, 0.0019893646240234375, 8.328125, 0.008880615234375, 10.8828125, 0.54052734375, 0.046783447265625, 1.6279296875, 4.71875, 9.328125, 0.186279296875, 4.59765625, 3.794921875, 4.3125, 2.3515625, 4.0234375, 0.0033779144287109375, 1.4921875, 4.40625, 3.8515625, 0.7734375, 3.845703125, 0.09619140625, 8.6328125, 0.2841796875, 0.0208587646484375, 1.9033203125, 2.021484375, 8.2890625, 2.802734375, 1.2734375, 4.3125, 3.158203125, 8.106231689453125e-05, 0.09429931640625, 0.2384033203125, 4.109375, 2.62890625, 0.0888671875, 6.5078125, 0.0016775131225585938, 0.002277374267578125, 2.728515625, 5.20703125, 0.00240325927734375, 3.560546875, 3.060546875, 0.71044921875, 3.669921875, 5.62890625, 3.1171875, 2.154296875, 10.015625, 0.2183837890625, 0.1009521484375, 7.28515625, 0.2841796875, 0.0399169921875, 1.37890625, 9.875, 0.51220703125, 0.1641845703125, 7.23046875, 0.062744140625, 0.366943359375, 1.0537109375, 2.5987625122070312e-05, 1.029296875, 0.128173828125, 7.59375, 3.109375, 4.984375]",-0.7316177083037751
306,1,test,2.6946609466306626,1.0565119658065867,1.4714570987823679,5.109997282939855,2.003507447352735,2.7903851080568076,14.80049974317386,9.65486372250159,11.402442572707038,28.06680134223824,18.30891840059753,21.622924634828596,2.7241084707442242,0.9825439226389987,1.4209292669768139,4.540180784573708,1.6375732043983318,2.368215444961357,15.242818448788862,9.536554281612846,11.561837776305214,25.404697414648105,15.89425713602141,19.26972962717536,2.7252431254721805,1.0412870886895575,1.4806360400914567,5.174512263554774,1.9771273835877676,2.811334253338209,15.260123600638728,9.873299251230275,11.78855310011233,28.97491822906088,18.746770730184068,22.383328671099363,0.6381909547738693,-0.016809045226130692,-0.011809045226130688,0.4723618090452262,-0.01263819095477381,-0.017638190954773814,0.38190954773869346,0.0019095477386934512,0.01190954773869346,0.4193548387096774,0.08602150537634401,0.12536342240066456,0.40129449838187703,0.4120603015075377,0.08373949950252513,0.12491505943742087,0.4040404040404041,0.4180602006688964,0.09919542604452247,0.1332993552851366,0.40604026845637586,19.0,0.0,1.0,31.0,5.0,5.0,41.0,3.0,3.0,0.0002610945554143443,0.00016145417333688033,0.00013187164805669336,-0.015301064908872064,-0.015080756758330871,-0.014210007971861671,"[2.859375, 3.21484375, 0.217529296875, 0.020843505859375, 4.184246063232422e-05, 1.068359375, 0.0114898681640625, 0.01314544677734375, 8.5703125, 5.5625, 8.6640625, 2.970703125, 3.66796875, 1.5322265625, 5.94140625, 4.0, 7.66015625, 6.390625, 0.2347412109375, 1.6865234375, 4.234375, 3.990234375, 4.09375, 5.3359375, 4.984375, 6.265625, 0.1883544921875, 0.6015625, 0.63134765625, 3.984375, 3.611328125, 1.716796875, 0.368408203125, 0.2335205078125, 6.40234375, 5.26171875, 7.33984375, 0.297119140625, 3.0234375, 0.2379150390625, 0.2078857421875, 1.58203125, 0.39990234375, 5.50390625, 0.10162353515625, 3.697265625, 7.09765625, 0.69140625, 0.494384765625, 0.02679443359375, 0.1683349609375, 0.7333984375, 0.1395263671875, 0.047698974609375, 0.85693359375, 3.85546875, 2.412109375, 2.03515625, 1.7900390625, 5.15625, 1.193359375, 5.02734375, 3.923828125, 2.142578125, 4.08984375, 5.18359375, 0.07672119140625, 1.1279296875, 8.0234375, 4.25, 0.436279296875, 1.44140625, 0.07147216796875, 1.88671875, 1.0498046875, 0.0005893707275390625, 2.64453125, 3.962890625, 0.8125, 10.171875, 0.9912109375, 6.50390625, 2.447265625, 3.580078125, 1.1357421875, 4.46875, 0.005710601806640625, 2.318359375, 2.71484375, 2.46875, 1.451171875, 0.40673828125, 4.95703125, 1.7041015625, 0.00015854835510253906, 0.2327880859375, 3.28515625, 0.002655029296875, 7.152557373046875e-05, 0.03814697265625, 0.30322265625, 2.73046875, 7.57421875, 5.47265625, 4.56640625, 3.087890625, 2.240234375, 4.94921875, 0.08978271484375, 4.171875, 1.7451171875, 1.6181640625, 2.171875, 1.111328125, 3.658203125, 6.45703125, 8.640625, 0.0268402099609375, 4.41015625, 4.30078125, 2.42578125, 8.3203125, 2.095703125, 0.8271484375, 6.8828125, 9.46875, 10.4140625, 1.6171875, 3.1484375, 9.078125, 0.6875, 0.0001455545425415039, 0.3076171875, 2.234375, 0.0007696151733398438, 1.5020370483398438e-05, 0.03125, 0.208251953125, 1.8037109375, 5.34765625, 0.068359375, 1.080078125, 9.2421875, 1.1806640625, 3.4921875, 1.0771484375, 0.50537109375, 8.0, 12.4765625, 5.0390625, 4.84375, 1.6865234375, 4.2578125, 4.5859375, 0.75390625, 1.20703125, 0.000774383544921875, 3.501953125, 1.46875, 0.0019254684448242188, 4.76837158203125e-06, 0.365966796875, 2.298828125, 0.0006561279296875, 4.267692565917969e-05, 0.07000732421875, 0.277099609375, 1.560546875, 2.505859375, 0.041107177734375, 1.8525390625, 6.02734375, 5.2890625, 0.7158203125, 7.02734375, 1.361328125, 1.73046875, 3.900390625, 3.53515625, 1.00390625, 5.5625, 0.33349609375, 1.810546875, 0.669921875, 0.00015974044799804688, 3.4296875, 0.1983642578125, 0.0007371902465820312, 5.316734313964844e-05, 0.84912109375, 0.9462890625, 2.1171875, 5.2265625, 7.60546875, 8.9375, 2.90625, 1.935546875, 3.578125, 4.046875, 7.59765625, 1.4931640625, 7.9921875, 6.5234375, 4.671875, 3.033203125, 5.16796875, 3.689453125, 0.491943359375, 2.763671875, 2.857421875, 2.904296875, 0.034881591796875, 0.73779296875, 1.6806640625, 2.724609375, 4.265625, 4.39453125, 1.529296875, 9.0234375, 7.796875, 3.44921875, 1.8759765625, 0.95166015625, 8.9453125, 4.83203125, 0.0311737060546875, 2.181640625, 5.1796875, 1.3203125, 3.728515625, 2.73046875, 0.5107421875, 0.0003542900085449219, 0.85205078125, 4.171875, 0.0011434555053710938, 1.09765625, 0.073974609375, 9.3125, 0.010498046875, 6.14453125, 1.8525390625, 4.609375, 0.168701171875, 1.41796875, 4.00390625, 0.01611328125, 2.939453125, 4.87890625, 0.010162353515625, 0.685546875, 3.185546875, 9.2109375, 2.369140625, 2.41015625, 5.15625, 4.89453125, 4.40625, 1.318359375, 3.564453125, 0.00449371337890625, 1.9833984375, 1.1474609375, 3.859375, 7.73828125, 5.5859375, 0.86474609375, 6.747245788574219e-05, 5.28125, 0.73828125, 0.0007028579711914062, 1.1920928955078125e-06, 0.62109375, 2.22265625, 0.0006737709045410156, 1.823902130126953e-05, 0.0272064208984375, 0.168701171875, 1.8505859375, 7.62939453125e-05, 4.734375, 0.8984375, 0.39990234375, 4.39453125, 4.75390625, 0.190673828125, 2.646484375, 1.5283203125, 0.03466796875, 3.76171875, 6.62109375, 1.076171875, 0.0199737548828125, 1.4580078125, 1.8271484375, 0.00012540817260742188, 3.603515625, 0.199462890625, 0.000659942626953125, 8.344650268554688e-07, 0.6953125, 0.95361328125, 0.0003643035888671875, 1.9189453125, 1.17578125, 2.73828125, 0.01294708251953125, 5.54296875, 5.2265625, 2.232421875]",-0.5423121006258071
333,1,test,2.4938165882761165,1.0509844604080654,1.3720872379996432,4.813934508712105,2.0287660230762654,2.6486062106659776,12.107397001703982,7.874730691479037,9.037238006347419,23.371492719707184,15.200972678078934,17.445016649068645,2.9268792130839287,1.200375504529656,1.7399716894430932,4.683006740934286,1.9206008072474496,2.7839547031089493,18.669276654763557,13.04830968065904,15.39234496664207,29.870842647621693,20.877295489054465,24.627751946627317,2.597034324770388,1.11560587859074,1.5489130470665002,4.779817775651021,2.0532623532344907,2.850760209324847,13.423868110459205,9.024642859118714,10.571580685243745,24.706505724771542,16.609772133347327,19.456896966706278,0.5979899497487438,0.01298994974874379,-0.007010050251256228,0.4974874371859297,-0.002512562814070307,0.01748743718592971,0.4120603015075377,0.01706030150753768,0.00706030150753767,0.40568475452196384,0.12015503875968991,0.16717058052391887,0.37823834196891193,0.4120603015075377,0.11306532663316582,0.17252931323283083,0.4040404040404041,0.40802675585284276,0.1270903010033444,0.1906354515050167,0.3825503355704698,21.0,12.0,12.0,33.0,18.0,18.0,43.0,22.0,22.0,0.0003577577918800629,0.00041446292657908455,0.00020560437277918888,-0.05290264414903145,-0.05846288845755776,-0.05656103505977139,"[6.2421875, 2.466796875, 2.6328125, 1.486328125, 6.671875, 0.1907958984375, 3.857421875, 4.30859375, 3.89453125, 2.087890625, 0.72900390625, 6.8828125, 1.8203125, 4.6796875, 0.10406494140625, 10.7109375, 2.150390625, 11.1875, 5.40234375, 0.88671875, 4.51953125, 1.00390625, 0.02337646484375, 0.0802001953125, 7.18359375, 0.853515625, 0.40087890625, 6.5625, 10.0390625, 12.40625, 5.30859375, 12.9921875, 4.734375, 0.04931640625, 0.1689453125, 1.5966796875, 4.15625, 0.630859375, 0.99365234375, 3.560546875, 0.24755859375, 3.0994415283203125e-05, 3.349781036376953e-05, 0.009185791015625, 0.0016641616821289062, 0.69970703125, 2.638671875, 1.677734375, 4.01171875, 6.1328125, 5.3515625, 0.391357421875, 0.0036029815673828125, 0.0014085769653320312, 0.09625244140625, 3.26171875, 0.1171875, 0.0034542083740234375, 2.884765625, 0.007198333740234375, 4.291534423828125e-06, 1.049041748046875e-05, 0.0012226104736328125, 0.00027251243591308594, 0.018341064453125, 0.37060546875, 2.111328125, 9.8984375, 5.4921875, 0.260986328125, 7.8203125, 7.80078125, 1.2216796875, 3.791015625, 6.73828125, 8.9609375, 3.15234375, 1.5703125, 9.1171875, 4.80859375, 3.943359375, 2.90234375, 0.297119140625, 2.76171875, 0.297607421875, 3.734375, 3.95703125, 0.79833984375, 0.0002963542938232422, 8.8671875, 1.6240234375, 5.6953125, 4.71875, 2.021484375, 0.8818359375, 2.01953125, 1.9033203125, 0.80810546875, 0.087890625, 6.62890625, 0.7138671875, 1.26171875, 2.755859375, 4.14453125, 0.0226898193359375, 2.390625, 1.9462890625, 5.109375, 9.6796875, 0.2353515625, 2.3984375, 7.2578125, 0.84423828125, 4.98046875, 0.048004150390625, 3.886222839355469e-05, 5.1796875, 0.0056304931640625, 2.6226043701171875e-06, 7.152557373046875e-07, 0.00016021728515625, 1.4185905456542969e-05, 1.9431114196777344e-05, 0.352783203125, 1.25390625, 0.001861572265625, 5.9921875, 5.87109375, 2.771484375, 6.859375, 0.84521484375, 5.640625, 3.76953125, 1.478515625, 3.525390625, 0.0347900390625, 0.104736328125, 3.7421875, 2.79296875, 8.546875, 4.84765625, 1.623046875, 0.23974609375, 2.6796875, 0.33447265625, 7.4609375, 0.55029296875, 5.95703125, 11.4375, 0.01000213623046875, 3.45703125, 1.8876953125, 6.44921875, 8.1328125, 0.97705078125, 0.70263671875, 0.0012826919555664062, 0.0006494522094726562, 0.0256805419921875, 4.03125, 0.02410888671875, 0.0001010894775390625, 2.248046875, 0.00199127197265625, 3.5762786865234375e-06, 8.702278137207031e-06, 0.00018155574798583984, 2.6345252990722656e-05, 1.9431114196777344e-05, 0.76171875, 7.3515625, 4.7265625, 3.83203125, 5.76953125, 6.29296875, 2.8125, 1.556640625, 4.74609375, 0.241943359375, 6.46875, 0.583984375, 11.75, 5.43359375, 0.6376953125, 6.03125, 2.0859375, 0.48974609375, 1.474609375, 8.5, 2.103515625, 4.09765625, 0.459716796875, 5.07421875, 3.3984375, 4.8828125, 0.450439453125, 0.05670166015625, 0.0008544921875, 0.0015535354614257812, 0.0271453857421875, 3.900390625, 0.045257568359375, 4.661083221435547e-05, 4.140625, 0.0006475448608398438, 5.7220458984375e-06, 1.5497207641601562e-05, 0.00011336803436279297, 7.033348083496094e-06, 1.430511474609375e-06, 0.76220703125, 0.062408447265625, 8.0390625, 8.3984375, 0.1453857421875, 0.0012149810791015625, 0.0005021095275878906, 0.02667236328125, 3.095703125, 0.0210418701171875, 3.4928321838378906e-05, 3.541015625, 0.0002834796905517578, 9.5367431640625e-07, 7.295608520507812e-05, 0.00014531612396240234, 4.76837158203125e-07, 3.5762786865234375e-07, 0.350830078125, 0.04937744140625, 6.44140625, 3.095703125, 0.2054443359375, 0.001583099365234375, 0.000408172607421875, 0.0106353759765625, 2.0859375, 0.00971221923828125, 5.841255187988281e-06, 2.720703125, 0.00024437904357910156, 4.76837158203125e-07, 2.0265579223632812e-06, 7.975101470947266e-05, 8.344650268554688e-07, 1.0728836059570312e-06, 0.7421875, 0.0679931640625, 4.90625, 9.4453125, 3.74609375, 3.8046875, 4.3125, 0.5634765625, 3.43359375, 0.00566864013671875, 2.574920654296875e-05, 3.4296875, 6.020069122314453e-05, 2.5033950805664062e-06, 8.344650268554688e-07, 5.793571472167969e-05, 2.86102294921875e-06, 0.0001480579376220703, 0.75830078125, 5.3671875, 1.72265625, 11.40625, 2.408203125, 2.619140625, 3.15625, 3.880859375, 6.41015625, 1.521484375, 4.16015625, 5.578125, 2.8828125, 1.0439453125, 8.9375, 4.80859375, 2.859375, 5.09765625, 5.203125, 9.96875, 0.1688232421875, 2.931640625, 2.837890625, 5.2265625, 4.29296875, 3.810546875, 0.17138671875, 0.0016622543334960938, 0.0006623268127441406, 0.0124359130859375, 3.142578125, 0.0202178955078125, 5.638599395751953e-05, 3.873046875, 0.00026035308837890625, 3.4570693969726562e-06, 3.445148468017578e-05, 0.0001201629638671875, 8.344650268554688e-06, 7.033348083496094e-06, 0.340576171875, 0.046630859375, 4.08203125, 4.83203125, 4.72265625, 6.15625, 7.72265625, 5.23046875, 0.52294921875, 0.0007109642028808594, 0.0004620552062988281, 0.005367279052734375, 2.251953125, 0.0186004638671875, 6.198883056640625e-06, 3.80078125, 0.0003039836883544922, 9.417533874511719e-06, 2.86102294921875e-06, 4.112720489501953e-05, 2.86102294921875e-06, 1.9073486328125e-06, 0.7490234375, 0.049468994140625, 4.9921875, 3.68359375, 2.5546875, 0.2423095703125, 0.00024509429931640625, 0.00010013580322265625, 0.01139068603515625, 3.798828125, 0.0185546875, 2.1219253540039062e-05, 5.984375, 4.315376281738281e-05, 2.7179718017578125e-05, 5.8770179748535156e-05, 4.220008850097656e-05, 9.5367431640625e-07, 9.5367431640625e-07, 0.76708984375, 2.17578125, 0.0010595321655273438, 6.23828125, 5.8984375, 0.462158203125, 4.69140625, 0.8515625, 2.482421875, 5.0390625, 4.73046875, 5.32421875, 0.90576171875, 5.84765625, 2.931640625, 6.76171875, 0.19580078125, 2.322265625, 0.2724609375, 9.4921875, 2.875, 2.16796875, 5.69140625, 0.50927734375, 7.21484375, 1.123046875, 9.40625, 1.099609375, 0.032196044921875, 1.603515625, 0.4365234375, 0.0219268798828125, 0.125732421875, 6.796875, 3.685546875, 5.37109375, 6.7734375, 3.259765625, 0.057464599609375, 1.4384765625, 0.1510009765625, 0.14599609375]",-0.4892165919606999
200,1,test,3.2143154930561146,1.353845829385482,1.889545275540727,5.414590979374289,2.280585534024354,3.182984005821582,24.88625126781126,18.459496791993292,21.124930297795725,41.92148279042016,31.095461857941075,35.585448061167796,3.338083467890869,1.322198437175481,1.8796191303811276,4.982214131180401,1.9734305032469859,2.805401687136011,28.16509563566452,20.657726941892136,23.865743533165052,42.03745617263361,30.8324282714808,35.62051273606724,3.2143154930561146,1.353845829385482,1.889545275540727,5.414590979374289,2.280585534024354,3.182984005821582,24.88625126781126,18.459496791993292,21.124930297795725,41.92148279042016,31.095461857941075,35.585448061167796,0.6984924623115578,-0.011507537688442149,0.0034924623115577536,0.5728643216080402,-0.012135678391959726,-0.007135678391959832,0.457286432160804,-0.012713567839195972,-0.012713567839195972,0.43262411347517726,0.10165066214774365,0.1684731700789508,0.4128113879003559,0.42713567839195976,0.09129607939446605,0.14499878356725193,0.40909090909090906,0.43262411347517726,0.10165066214774365,0.1684731700789508,0.4128113879003559,22.0,7.0,7.0,36.0,13.0,12.0,43.0,8.0,9.0,0.0004493724450036177,0.0003270087991000392,-1.065458639945367e-05,-0.00026647385093347964,0.00016949575638847136,1.9271695109068787e-05,"[3.783203125, 0.040191650390625, 0.3896484375, 0.0202484130859375, 0.0006041526794433594, 0.7236328125, 0.0200653076171875, 0.01122283935546875, 8.5625, 4.2109375, 12.046875, 4.80078125, 2.85546875, 10.578125, 2.140625, 2.33984375, 0.55908203125, 1.150390625, 1.9248046875, 5.3125, 0.178955078125, 10.921875, 2.77734375, 1.791015625, 5.640625, 0.38427734375, 5.12109375, 0.35888671875, 5.97265625, 4.3828125, 0.007965087890625, 4.41015625, 6.42578125, 3.701171875, 0.82763671875, 2.84765625, 2.455078125, 8.765625, 2.298828125, 9.6015625, 4.0703125, 0.54052734375, 5.2109375, 0.83251953125, 6.0859375, 0.332275390625, 0.8974609375, 7.109375, 4.87890625, 0.0070648193359375, 11.84375, 2.66015625, 6.53125, 1.2587890625, 0.84130859375, 4.05859375, 1.412109375, 0.035003662109375, 0.802734375, 0.07574462890625, 0.95654296875, 4.7109375, 11.3671875, 0.60791015625, 6.6328125, 1.63671875, 1.23828125, 6.671875, 7.1953125, 4.59765625, 4.58984375, 2.1953125, 6.41796875, 6.66015625, 3.533203125, 6.88671875, 0.211669921875, 2.654296875, 4.71875, 0.79541015625, 5.640625, 2.37109375, 4.83203125, 1.2109375, 5.00390625, 8.1640625, 3.1875, 3.46875, 0.00225830078125, 0.1256103515625, 0.62841796875, 2.736328125, 5.1484375, 2.796875, 0.1676025390625, 4.07421875, 1.5791015625, 1.7685546875, 9.5, 4.8828125, 7.54296875, 3.150390625, 4.01171875, 5.21484375, 0.0033626556396484375, 3.58984375, 4.96875, 3.076171875, 7.74609375, 0.83740234375, 2.927734375, 5.12890625, 4.734375, 2.689453125, 0.0061492919921875, 3.048828125, 0.335693359375, 1.3759765625, 0.034210205078125, 1.5302734375, 1.318359375, 8.6640625, 4.83203125, 0.1546630859375, 2.2578125, 6.1328125, 0.60888671875, 5.078125, 3.345703125, 0.7197265625, 10.6953125, 1.392578125, 6.265625, 2.794921875, 9.09375, 1.3056640625, 0.01023101806640625, 0.9580078125, 2.896484375, 2.380859375, 0.5908203125, 2.056640625, 5.53515625, 3.955078125, 3.62109375, 1.1787109375, 7.203125, 6.3671875, 5.28515625, 0.63818359375, 2.1576881408691406e-05, 0.0243072509765625, 0.65380859375, 7.3671875, 3.361328125, 3.447265625, 0.498779296875, 0.0924072265625, 0.08807373046875, 1.72265625, 6.0390625, 2.51953125, 0.242431640625, 7.0859375, 1.646484375, 0.019989013671875, 2.91015625, 4.93359375, 2.630859375, 7.4375, 0.488525390625, 1.6591796875, 3.37890625, 1.1689453125, 0.006603240966796875, 4.9375, 2.05859375, 0.070068359375, 5.3515625, 3.490234375, 0.92529296875, 3.70703125, 0.34912109375, 0.023406982421875, 3.564453125, 5.4375, 10.78125, 0.85205078125, 2.318359375, 12.3828125, 0.006397247314453125, 8.71875, 2.494140625, 3.91796875, 1.5224609375, 9.5367431640625e-06, 0.0810546875, 0.8056640625, 11.015625, 0.11260986328125, 1.091796875, 6.140625, 2.271484375, 0.282958984375, 2.16796875, 2.7265625, 0.054168701171875, 7.69921875, 0.174560546875, 4.68359375, 3.220703125, 4.69140625, 0.130615234375, 6.40625, 1.4716796875, 5.412101745605469e-05, 0.10107421875, 0.3046875, 7.55078125, 0.432373046875, 7.9375, 4.71484375, 4.19140625, 0.1329345703125, 4.3515625, 4.2109375, 3.5762786865234375e-07, 0.1279296875, 2.2265625, 0.00479888916015625, 5.030632019042969e-05, 0.01529693603515625, 0.09100341796875, 10.2109375, 1.587890625, 0.07550048828125, 3.693359375, 5.11328125, 0.703125, 3.3359375, 0.75927734375, 6.0234375, 1.4140625, 5.6015625, 0.4697265625, 5.96484375, 4.0546875, 0.348876953125, 6.44140625, 2.328125, 5.87109375, 0.71337890625, 4.92578125, 1.84375, 5.078315734863281e-05, 0.1044921875, 0.6533203125, 8.9921875, 0.6279296875, 2.369140625, 1.39453125, 5.65625, 0.0136260986328125, 7.0625, 2.33203125, 0.8583984375, 6.48046875, 8.34375, 0.48486328125, 0.032806396484375, 3.58203125, 3.705078125, 8.3359375, 3.404296875, 4.71484375, 1.974609375, 1.466796875, 4.86328125, 0.69482421875, 0.244140625, 9.375, 2.55078125]",-0.5196561027080455
460,1,test,2.6099226177497066,1.0086316812129419,1.3050101186640406,4.451556326378287,1.7203501402506456,2.225861414517887,13.59799856738875,8.638567963535944,9.910632135734394,23.1931230976241,14.734180855554813,16.90384875099286,2.9245966013951517,1.1544304103707548,1.6290246571727733,4.332735705770594,1.71026727462334,2.4133698624781825,18.62671054508204,12.754881419485846,14.973625807616315,27.595126733454872,18.89612062146051,22.18314934461676,2.7535132999005527,1.1086531660229866,1.5779111580705167,4.393904201968967,1.7691273925898723,2.517943337346569,15.697685795052264,10.51740048519526,12.45759244274385,25.04949860912595,16.783085880630733,19.87913687671891,0.6834170854271358,0.018417085427135715,0.02341708542713583,0.5326633165829145,-0.0023366834170853723,-0.0023366834170853723,0.371859296482412,-0.008140703517588,-0.008140703517588,0.38167938931297707,0.08396946564885488,0.11286218501190182,0.3622448979591837,0.3869346733668342,0.0653266331658292,0.12060301507537685,0.3939393939393939,0.3812709030100334,0.08193979933110362,0.1382385730211817,0.3825503355704698,23.0,11.0,12.0,32.0,11.0,11.0,38.0,12.0,11.0,-2.8105939348442014e-05,0.0007846106949996304,3.094963438133608e-05,-0.018905626585420165,-0.02035495697819112,-0.019517997367995754,"[6.98828125, 1.2099609375, 0.3408203125, 0.04638671875, 0.89111328125, 0.1239013671875, 0.1336669921875, 9.417533874511719e-06, 1.29296875, 0.0028247833251953125, 0.01203155517578125, 3.369140625, 8.765625, 2.658203125, 0.06121826171875, 1.5498046875, 8.796875, 0.2393798828125, 6.51953125, 4.5859375, 0.70751953125, 9.0390625, 0.1378173828125, 0.85546875, 10.1796875, 5.8125, 0.0784912109375, 6.66015625, 2.8359375, 2.17578125, 9.765625, 0.4912109375, 0.1810302734375, 2.423828125, 1.2880859375, 7.48828125, 2.595703125, 12.8828125, 0.1842041015625, 7.40625, 6.53125, 0.76953125, 0.0552978515625, 10.484375, 1.369140625, 7.79296875, 0.5595703125, 0.088134765625, 0.319580078125, 0.0138092041015625, 0.00737762451171875, 0.006992340087890625, 1.1920928955078125e-07, 8.344650268554688e-07, 3.0875205993652344e-05, 1.1920928955078125e-07, 2.384185791015625e-06, 1.3994140625, 0.7294921875, 7.671875, 0.417724609375, 2.916015625, 3.865234375, 3.20703125, 0.2108154296875, 9.5703125, 2.654296875, 4.17578125, 2.513671875, 0.2288818359375, 1.8408203125, 9.703125, 0.7236328125, 3.056640625, 4.12109375, 6.5546875, 1.24609375, 2.548828125, 4.0703125, 2.466796875, 5.70703125, 1.9619140625, 2.568359375, 4.44140625, 0.225341796875, 0.0244293212890625, 8.3984375, 0.265625, 1.1875, 4.7734375, 1.2685546875, 2.552734375, 3.044921875, 4.4765625, 2.078125, 8.0703125, 3.69921875, 1.837890625, 2.025390625, 1.646484375, 8.140625, 0.1754150390625, 0.272216796875, 0.21142578125, 3.701171875, 0.004058837890625, 0.0007004737854003906, 2.189453125, 4.484375, 5.91796875, 5.5546875, 1.0517578125, 3.51953125, 4.58203125, 3.91015625, 0.330078125, 2.623046875, 3.53515625, 2.47265625, 0.006378173828125, 0.5087890625, 7.15234375, 0.0006656646728515625, 0.6318359375, 0.029449462890625, 9.421875, 2.27734375, 0.90576171875, 0.66845703125, 0.0016574859619140625, 0.00011098384857177734, 3.462890625, 0.29150390625, 2.529296875, 0.15771484375, 1.1259765625, 4.44140625, 2.62109375, 3.345703125, 4.3046875, 2.818359375, 6.44140625, 5.8359375, 0.41650390625, 0.76806640625, 1.5546875, 3.19921875, 1.8525390625, 4.6171875, 4.9765625, 4.1015625, 8.1171875, 5.22265625, 0.76904296875, 7.7421875, 7.7421875, 0.732421875, 2.017578125, 0.74169921875, 2.3203125, 2.759765625, 1.7177734375, 5.18359375, 2.833984375, 3.361328125, 0.0118408203125, 2.822265625, 3.2265625, 1.701171875, 0.28173828125, 1.1640625, 1.384765625, 2.96484375, 1.7841796875, 1.26171875, 5.390625, 1.484375, 2.958984375, 10.1796875, 0.630859375, 2.494140625, 2.79296875, 0.006015777587890625, 1.0849609375, 4.31640625, 11.34375, 3.17578125, 5.04296875, 1.21484375, 6.556510925292969e-06, 0.33056640625, 0.2117919921875, 2.298828125, 6.1328125, 4.7890625, 3.283203125, 3.48828125, 6.41015625, 3.615234375, 5.875, 3.29296875, 0.859375, 7.89453125, 6.3671875, 5.1875, 0.1253662109375, 1.9794921875, 2.470703125, 0.00013339519500732422, 1.8134765625, 8.7421875, 0.269775390625, 1.087890625, 0.0036182403564453125, 0.00017392635345458984, 10.9140625, 0.365478515625, 0.0009870529174804688, 1.5400390625, 0.01873779296875, 6.6875, 5.88671875, 4.74609375, 4.3046875, 10.796875, 1.578125, 0.85595703125, 0.479736328125, 6.90625, 2.3984375, 5.578125, 3.443359375, 1.119140625, 5.06640625, 7.05078125, 0.5185546875, 3.212890625, 0.0037860870361328125, 7.20703125, 0.11651611328125, 0.0010099411010742188, 0.0294036865234375, 0.00122833251953125, 0.0003802776336669922, 7.033348083496094e-05, 9.66787338256836e-05, 0.00458526611328125, 0.004673004150390625, 1.607421875, 6.9765625, 1.6181640625, 0.1796875, 0.2113037109375, 0.0021038055419921875, 7.939338684082031e-05, 8.1640625, 8.5, 0.5078125, 0.002094268798828125, 0.41162109375, 5.0, 0.265625, 0.0198822021484375, 0.0021572113037109375, 0.0765380859375, 4.83984375, 1.2578125, 0.1827392578125, 4.4296875, 2.58203125, 0.051239013671875, 0.162109375, 5.56640625, 0.1666259765625, 1.7177734375, 5.84765625, 7.23046875, 1.0625, 1.0371208190917969e-05, 2.146484375, 1.408203125, 0.0005593299865722656, 1.4013671875, 0.71435546875, 0.00025081634521484375, 0.0657958984375, 0.7236328125, 3.681640625, 0.27197265625, 3.328125, 0.01421356201171875, 7.328125, 2.76171875, 6.98828125, 0.004673004150390625, 6.8828125, 0.414306640625, 0.061492919921875, 0.0020427703857421875, 0.0002243518829345703, 3.97265625, 3.98828125, 0.1773681640625, 5.3515625, 4.1953125, 1.728515625, 11.0, 0.8203125, 0.919921875, 1.1920928955078125e-07, 0.55859375, 0.323974609375, 4.80078125, 0.044158935546875, 9.3203125, 2.005859375, 0.66455078125, 4.88671875, 5.2109375, 4.19140625, 0.08837890625, 0.166015625, 0.0012416839599609375, 0.00022137165069580078, 1.85546875, 4.01171875, 4.72265625, 0.58544921875, 1.0498046875, 5.62890625, 0.004222869873046875, 0.0006804466247558594, 1.408203125, 3.6484375, 2.18359375, 0.7978515625, 9.640625, 0.88427734375, 8.1640625, 2.89453125, 1.2060546875, 0.017913818359375, 0.09698486328125, 0.59130859375, 1.0751953125, 0.75390625, 0.059051513671875, 1.59765625, 2.06640625, 6.34375, 0.021240234375, 3.208984375, 1.1025390625, 1.16015625, 1.4677734375, 9.7421875, 0.251953125, 0.33154296875, 4.50390625, 0.17626953125, 1.7900390625, 0.92236328125, 0.34228515625, 0.06585693359375, 0.73876953125, 0.06951904296875, 0.54052734375, 2.55078125, 0.59423828125, 2.4199485778808594e-05, 0.4853515625, 1.3330078125, 1.3589859008789062e-05, 0.0440673828125, 0.71240234375, 7.609375, 0.0160064697265625, 7.10546875, 10.09375, 0.316650390625, 3.396484375, 0.01983642578125, 0.020721435546875, 4.29296875, 1.7333984375, 0.126708984375, 0.026641845703125, 0.06048583984375, 1.5712890625, 5.5859375, 0.5595703125, 2.9765625, 0.07061767578125]",-1.2402034103112065
301,1,test,2.9700148102094435,1.3332879606689696,1.8364822412797412,4.794452479338102,2.1523077079370516,2.964607046637297,19.492208277580502,14.353884825918236,16.385596819306308,31.465993362379955,23.171271218982298,26.45103486545161,2.8436152629516833,1.2545693956651542,1.7277234186687211,4.308507974169217,1.900862720704779,2.617762755558668,17.177755517704004,12.278683185247207,14.125466385422332,26.02690229955152,18.604065432192733,21.402221796094437,2.9609061635058858,1.3305587474273788,1.827620929852326,4.724850260913647,2.1232320437670937,2.916416377423924,19.315466798732917,14.209818604007053,16.209623620046383,30.822553402233375,22.675242453202742,25.86642067028678,0.6231155778894473,-0.006884422110552735,-0.016884422110552744,0.5125628140703518,-0.022437185929648162,-0.012437185929648265,0.39698492462311563,0.011984924623115623,-0.008015075376884395,0.42307692307692313,0.12765594818770598,0.18488794669897035,0.42433234421364985,0.40201005025125625,0.09624563922368734,0.1666177297170326,0.398989898989899,0.4013377926421404,0.1158619996538266,0.17441899397695693,0.40604026845637586,21.0,1.0,2.0,31.0,0.0,0.0,40.0,1.0,3.0,0.0003110779737006223,-0.0004706926170849899,2.009240957896092e-05,0.0003530269377165496,-4.742164639548463e-05,0.0001727988995874341,"[2.111328125, 9.03125, 0.796875, 0.0307769775390625, 0.180908203125, 0.380859375, 5.960464477539062e-07, 0.0136871337890625, 0.0003910064697265625, 3.933906555175781e-06, 6.93359375, 5.45703125, 12.53125, 7.9921875, 0.167236328125, 0.222412109375, 3.33203125, 1.4931640625, 5.390625, 2.55859375, 0.482666015625, 0.0262908935546875, 13.8203125, 0.2568359375, 3.224609375, 5.34375, 6.99609375, 5.20703125, 0.2305908203125, 0.79833984375, 0.2276611328125, 0.66064453125, 1.27734375, 1.2119140625, 2.666015625, 0.94873046875, 0.0166168212890625, 1.48828125, 3.04296875, 4.30078125, 8.7109375, 7.484375, 2.48828125, 4.75, 2.443359375, 0.329345703125, 7.18359375, 4.390625, 3.3671875, 5.0390625, 0.748046875, 1.33203125, 1.0419921875, 1.14453125, 5.77734375, 5.68359375, 0.11138916015625, 0.54736328125, 2.541015625, 3.41796875, 2.470703125, 5.35546875, 0.625, 3.626953125, 0.411376953125, 3.212890625, 6.02734375, 0.66552734375, 1.0419921875, 1.6748046875, 7.66015625, 0.1634521484375, 0.041656494140625, 0.26708984375, 1.2861328125, 9.390625, 2.193359375, 0.005767822265625, 3.169921875, 7.203125, 3.65625, 0.8115234375, 3.328125, 0.73828125, 5.90234375, 1.044921875, 10.46875, 0.73486328125, 2.494140625, 0.13525390625, 0.01861572265625, 1.923828125, 6.85546875, 3.439453125, 0.0228424072265625, 8.125, 5.21875, 4.01953125, 6.55078125, 4.12109375, 4.1796875, 4.58203125, 3.294921875, 5.4765625, 0.2481689453125, 8.6640625, 0.97314453125, 6.5078125, 4.484375, 0.75830078125, 6.39453125, 8.734375, 5.9375, 8.640625, 3.375, 3.65625, 0.273193359375, 4.53125, 5.30859375, 1.4130859375, 2.0546875, 5.26171875, 6.14453125, 3.12890625, 0.093994140625, 0.1019287109375, 0.5888671875, 6.52734375, 0.51513671875, 0.239501953125, 0.99560546875, 4.90625, 1.5966796875, 3.4765625, 4.203125, 0.79345703125, 2.1171875, 0.15234375, 0.41259765625, 2.533203125, 1.603515625, 1.7509765625, 1.7646484375, 5.5078125, 12.1015625, 0.5849609375, 2.154296875, 0.82666015625, 4.5546875, 2.73046875, 7.1171875, 3.330078125, 0.67822265625, 3.44140625, 0.54833984375, 7.47265625, 0.99365234375, 3.3046875, 0.139892578125, 2.21875, 0.1507568359375, 2.8515625, 3.62890625, 2.1328125, 1.5693359375, 1.931640625, 0.1356201171875, 0.042083740234375, 0.01268768310546875, 0.12152099609375, 0.02142333984375, 0.279052734375, 0.8828125, 2.703125, 0.6884765625, 1.89453125, 2.65625, 0.75830078125, 4.3515625, 0.0821533203125, 3.783203125, 0.058319091796875, 5.515625, 0.28955078125, 0.0706787109375, 2.994140625, 0.02667236328125, 0.9990234375, 3.88671875, 6.77734375, 1.7314453125, 8.90493392944336e-05, 0.06396484375, 2.55859375, 0.00035834312438964844, 1.0439453125, 0.2091064453125, 3.19140625, 1.9462890625, 2.98046875, 0.251220703125, 1.376953125, 6.3359375, 0.031982421875, 0.034637451171875, 0.1314697265625, 0.1651611328125, 3.794921875, 1.01953125, 3.10546875, 0.09747314453125, 0.50732421875, 10.1875, 4.66015625, 0.473388671875, 0.4267578125, 2.0703125, 6.21875, 0.4384765625, 0.68359375, 5.49609375, 0.37255859375, 5.109375, 2.052734375, 3.162109375, 0.0006451606750488281, 1.7099609375, 5.46875, 0.11492919921875, 0.008056640625, 0.180908203125, 1.8427734375, 4.02734375, 0.06646728515625, 1.5693359375, 3.6875, 0.367919921875, 6.2578125, 2.80859375, 9.6015625, 5.29296875, 3.240234375, 3.78125, 5.9140625, 0.3662109375, 9.6953125, 7.640625, 4.91796875, 5.4453125, 0.288330078125, 1.7626953125, 10.1953125, 6.55859375, 1.1943359375, 7.06640625, 3.056640625, 1.08984375, 2.169921875, 4.82421875, 2.09765625, 0.054168701171875, 0.0109100341796875, 0.5302734375, 0.00759124755859375, 5.63671875, 6.98046875, 0.7080078125, 5.6875, 0.239501953125, 8.8671875, 8.6640625, 8.6796875, 2.16796875, 1.22265625, 1.4501953125, 5.078125, 3.171875, 1.0068359375, 0.9287109375, 1.009765625, 11.3515625, 4.35546875, 0.044952392578125, 2.89453125, 1.3447265625, 5.58203125, 0.65673828125, 0.427734375, 0.2325439453125, 1.3798828125, 0.736328125, 8.625, 0.76708984375, 8.1484375, 0.11212158203125, 7.203125, 2.50390625, 12.1328125, 7.265625, 0.34228515625, 2.32421875, 3.6953125, 6.8671875, 0.84228515625, 0.7451171875, 0.00913238525390625, 2.693359375, 1.42578125, 4.4140625, 0.314697265625, 3.396484375, 1.9375, 4.71875, 1.4404296875, 3.439453125, 0.017852783203125, 4.58203125, 1.0009765625, 0.521484375, 5.25390625, 0.055999755859375, 0.06134033203125, 0.071533203125, 9.59375, 1.162109375, 4.45703125, 6.3828125, 5.72265625, 6.17578125, 0.0478515625, 3.251953125, 0.64599609375, 4.859375, 7.6484375, 6.03125, 2.859375, 6.68359375, 1.1806640625]",-1.195314169282744
22,1,test,2.532333994284272,0.9973707754378085,1.3239710203709694,5.356860372524422,2.1098227941953644,2.80070792770782,12.582840167652618,7.941685347866109,9.234840765986789,26.617546508495924,16.799719005101387,19.535240081895132,2.4908430103081556,0.9299757016341534,1.3819059259318411,5.032006081430618,1.8787387911801083,2.7917291432966493,12.071448187520051,7.3084977850701245,9.04031334654352,24.38676401519202,14.764641990040655,18.263259285946503,2.566362121830816,1.0889113993847883,1.524341979420911,5.032082591825129,2.1351203909505654,2.9889058420017864,13.018378916282787,8.63661781083341,10.183440703781875,25.526233169181936,16.934544727124337,19.967530791729168,0.5276381909547738,0.0026381909547738003,-0.002361809045226204,0.42211055276381915,0.012110552763819116,0.01711055276381912,0.3316582914572864,-0.008341708542713544,0.006658291457286469,0.390625,0.09413605331599484,0.12962793255131966,0.3577023498694517,0.37688442211055273,0.08615760506794623,0.12980595800370798,0.31313131313131315,0.39799331103678925,0.11084806896667243,0.16328808300564357,0.35906040268456374,22.0,0.0,0.0,35.0,1.0,0.0,41.0,0.0,1.0,0.0008788536901669689,2.5281087446609958e-05,0.0002583483986429505,-0.07808717920114372,-0.07044197363814497,-0.07310805771885232,"[10.3125, 5.890625, 2.51171875, 4.484375, 3.51171875, 7.8203125, 0.497802734375, 8.9921875, 1.248046875, 4.84765625, 4.56640625, 1.5673828125, 0.09478759765625, 3.693359375, 2.294921875, 5.6484375, 4.6875, 5.546875, 9.1171875, 8.1875, 2.640625, -0.0, 0.355712890625, -0.0, 9.810924530029297e-05, 5.5909156799316406e-05, 1.9550323486328125e-05, 2.110004425048828e-05, 5.7220458984375e-05, 0.0010995864868164062, 0.00016748905181884766, 3.9453125, 3.234375, 5.76953125, 3.755859375, 1.8017578125, 1.6826171875, 4.5546875, 0.0712890625, 0.023651123046875, 0.5390625, 0.00039124488830566406, 1.3330078125, 1.3113021850585938e-06, 5.161762237548828e-05, 2.956390380859375e-05, 6.413459777832031e-05, 4.208087921142578e-05, 0.00013363361358642578, 0.002838134765625, 0.0002593994140625, 0.58984375, 4.3125, 0.016082763671875, 7.90625, 5.2421875, 0.2291259765625, 0.210693359375, 7.65234375, 4.5234375, 8.4296875, 0.3525390625, 8.1953125, 9.1875, 1.373046875, 3.240234375, 1.33203125, 5.37109375, 8.5, 2.72265625, 4.55078125, 0.07659912109375, 2.88671875, 0.00017118453979492188, 1.3662109375, 9.5367431640625e-07, 1.811981201171875e-05, 3.0159950256347656e-05, 2.47955322265625e-05, 2.6941299438476562e-05, 2.2411346435546875e-05, 0.00015401840209960938, 1.6808509826660156e-05, 3.046875, 6.49609375, 11.8359375, 6.07421875, 6.84765625, 1.2314453125, 9.171875, 0.0792236328125, 3.14453125, 7.88671875, 2.00390625, 9.6796875, 5.25, 4.2421875, 0.350341796875, 8.984375, 0.108642578125, 2.625, 3.39453125, 3.546875, 8.6015625, 2.515625, 0.267333984375, 0.9345703125, 4.2734375, 1.9287109375, 1.98828125, 2.974609375, 0.98583984375, 1.521484375, 0.040283203125, 0.155029296875, 0.74609375, 2.4199485778808594e-05, 1.984375, 4.5299530029296875e-06, 4.780292510986328e-05, 5.829334259033203e-05, 1.2755393981933594e-05, 5.543231964111328e-05, 5.507469177246094e-05, 7.82012939453125e-05, 4.780292510986328e-05, 1.541015625, -0.0, 0.06707763671875, 8.344650268554688e-07, 5.364418029785156e-06, 7.510185241699219e-06, 3.2186508178710938e-06, 3.6954879760742188e-06, 8.58306884765625e-06, 7.414817810058594e-05, 1.430511474609375e-05, 0.257080078125, 1.5166015625, 0.0006542205810546875, 2.564453125, 5.02734375, 0.0333251953125, 3.287109375, 4.3671875, 1.07421875, 9.5390625, 0.141845703125, 8.6953125, 0.1392822265625, 3.958984375, 0.430419921875, 1.8583984375, 0.67822265625, 5.890625, 0.95703125, 6.8359375, 8.609375, 0.9990234375, 1.865234375, 9.5859375, 4.44140625, 3.794921875, 9.1796875, 1.4091796875, 0.357177734375, 0.060272216796875, 6.49609375, 3.490234375, 2.369140625, 0.267822265625, 1.26171875, 0.126708984375, 0.5791015625, 6.29425048828125e-05, 2.462890625, 1.3113021850585938e-06, 1.2755393981933594e-05, 2.7060508728027344e-05, 3.4570693969726562e-06, 3.5762786865234375e-06, 9.894371032714844e-06, 6.29425048828125e-05, 2.47955322265625e-05, 0.61474609375, 2.09765625, 1.7919921875, 6.546875, 0.251953125, 0.05487060546875, 0.00688934326171875, 4.30078125, 0.2467041015625, 1.48828125, 6.51953125, 4.54296875, 1.2138671875, 5.27734375, 2.951171875, 0.76708984375, 0.11297607421875, 3.80078125, 0.14453125, 0.931640625, 0.0219879150390625, 2.572265625, 0.0274810791015625, 6.0390625, 0.6259765625, 4.65234375, 1.1982421875, 8.320808410644531e-05, 0.2032470703125, 8.344650268554688e-05, 4.0703125, 0.419677734375, 4.05078125, 5.203125, 0.57177734375, 3.09765625, 7.7421875, 0.0867919921875, 0.280029296875, 5.57421875, 0.09478759765625, 0.0794677734375, 0.01241302490234375, 0.41552734375, 0.06060791015625, 5.69140625, 5.95703125, 9.6796875, 3.333984375, 9.4765625, 1.0673828125, 3.505859375, 0.298828125, 0.06097412109375, 4.125, 2.248046875, 7.17578125, 1.0234375, 3.287109375, 0.0008172988891601562, 5.921875, 0.03973388671875, 3.84375, 8.1875, 1.1357421875, 6.70703125, 0.58349609375, 0.58642578125, 2.259765625, 0.0462646484375, 1.4521484375, 0.95263671875, 1.2626953125, 3.197265625, 0.339111328125, 1.6982421875, 7.94921875, 2.392578125, 6.55078125, 0.49267578125, 0.282958984375, 2.689453125, 5.6484375, 11.546875, 3.138671875, 4.8046875, 7.62890625, 5.47265625, 3.9296875, 0.4404296875, 1.8818359375, 4.26171875, 5.4140625, 3.087890625, 0.0726318359375, 0.0181732177734375, 3.8359375, 6.9921875, 7.359375, 0.09234619140625, 6.28515625, 0.0184173583984375, 0.0230255126953125, 1.8828125, 6.84375, 0.2296142578125, 0.07421875, 0.010467529296875, 1.7490234375, 0.78369140625, 3.30859375, 3.880859375, 2.14453125, 2.16796875, 2.662109375, 2.873046875, 1.8173828125, 5.9765625, 4.24609375, 7.23046875, 1.0576171875, 8.25, 3.048828125, 9.046875, 1.78125, 5.87109375, 1.2197265625, 1.5537109375, 0.1070556640625, 1.96875, 8.7890625, 5.52734375, 3.5, 3.361328125, 4.98046875, 0.396240234375, 0.02532958984375, 0.0050201416015625, 6.53125, 2.53515625, 6.44140625, 0.484130859375, 4.7421875, 0.74658203125, 9.265625, 0.1519775390625, 2.1484375, 0.0286407470703125, 2.96875, 10.203125, 0.6923828125, 3.7578125, 4.18359375, 0.68505859375, 1.158203125, 1.4443359375, 0.00146484375, 4.00390625, 1.62109375, 0.32373046875, 3.056640625, 0.896484375, 0.00022399425506591797, 0.073974609375, 0.0013332366943359375, 0.00014197826385498047, 0.00015485286712646484, 0.0002065896987915039, 0.0005645751953125, 0.00015628337860107422, 0.003833770751953125, 2.7418136596679688e-06, 0.08258056640625, 6.318092346191406e-06, 8.094310760498047e-05, 8.4375, 0.1624755859375, 0.0010499954223632812, 0.30810546875, 2.236328125, 1.30859375, 0.04449462890625, 0.001781463623046875, 0.0090179443359375, 5.74609375, 2.111328125, 1.1640625, 0.310302734375, 0.0033016204833984375, 0.021209716796875, 1.5400390625, 1.0439453125, 2.734375, 3.0859375, 9.375, 5.6015625, 1.2294921875, 1.4404296875, 0.00664520263671875, 5.03125]",-0.68666753731668
407,1,test,2.785955533154609,1.1012198547073395,1.5471216900275164,5.217627703711521,2.0624001903189475,2.8974995813232094,16.215304737768758,10.824278958065136,12.763718711629096,30.368547601370388,20.272060013948575,23.904305563975875,2.714554735763588,0.880046939961254,1.3395501878993394,4.413910139452988,1.4309706340833395,2.178130386828194,15.097886026325037,8.83583484742787,11.14279131621153,24.54940817288624,14.367211134029056,18.118359863758585,2.7793110812388138,1.0892922918407606,1.5527211009118314,5.115296468537694,2.0048324389707246,2.8577688973837385,16.107920076322934,10.68833754145486,12.69833713121961,29.64647866807902,19.67178688611324,23.37117263414652,0.6231155778894473,0.003115577889447274,-0.016884422110552744,0.4723618090452262,-0.007638190954773805,-0.007638190954773805,0.38190954773869346,-0.008090452261306558,-0.018090452261306567,0.3900928792569659,0.07788267832960882,0.12026795649692468,0.4006211180124224,0.4120603015075377,0.09125829649500639,0.12157616127381488,0.41414141414141414,0.3913043478260869,0.082456267692531,0.12322870822653187,0.3959731543624161,25.0,14.0,14.0,34.0,15.0,15.0,43.0,14.0,14.0,-5.897678656483472e-05,-9.388135722398835e-05,-0.0001543539034162031,-0.0293977647803203,-0.02952558074437661,-0.02683020618092158,"[2.88671875, 2.212890625, 0.2330322265625, 0.0401611328125, 3.814697265625e-05, 1.2705078125, 0.01294708251953125, 0.01422119140625, 1.583984375, 10.0625, 7.5859375, 0.168212890625, 2.587890625, 5.97265625, 0.394775390625, 4.46875, 5.828125, 3.015625, 0.418701171875, 6.63671875, 4.3046875, 0.6435546875, 0.00794219970703125, 4.296875, 4.6953125, 5.55078125, 0.00018155574798583984, 5.25, 6.15234375, 0.96435546875, 1.5966796875, 1.7626953125, 1.1376953125, 5.94921875, 3.560546875, 0.56787109375, 1.701171875, 1.5322265625, 8.109375, 0.031219482421875, 0.004154205322265625, 2.5390625, 1.205078125, 7.18359375, 0.80517578125, 0.191162109375, 1.375, 1.6806640625, 2.248046875, 3.15234375, 7.34375, 0.52197265625, 4.78515625, 1.8837890625, 5.3828125, 0.228271484375, 1.2548828125, 2.099609375, 2.197265625, 0.00196075439453125, 0.90771484375, 5.6640625, 2.09375, 1.6689300537109375e-06, 0.00014340877532958984, 7.891654968261719e-05, 5.4001808166503906e-05, 1.9073486328125e-05, -0.0, 4.52734375, 7.10546875, 7.3046875, 0.10235595703125, 0.79150390625, 2.2890625, 2.787109375, 0.2406005859375, 1.0537109375, 0.0007562637329101562, 6.51953125, 3.6953125, 4.93359375, 3.173828125, 4.79296875, 0.31298828125, 6.6796875, 3.427734375, 0.09912109375, 1.201171875, 0.03955078125, 6.9140625, 2.392578125, 2.484375, 1.1953125, 5.7109375, 6.69921875, 0.484375, 1.1416015625, 0.241943359375, 0.476806640625, 1.931640625, 2.384185791015625e-07, 6.556510925292969e-06, 6.306171417236328e-05, 8.58306884765625e-06, 7.033348083496094e-06, -0.0, 4.7578125, 4.65234375, 8.859375, 8.4140625, 0.0843505859375, 1.3828125, 7.58203125, 0.69775390625, 7.35546875, 0.1080322265625, 11.4453125, 4.10546875, 0.404052734375, 2.41796875, 7.02734375, 4.1328125, 2.1015625, 4.6171875, 4.3203125, 8.375, 3.0390625, 1.564453125, 3.671875, 0.78759765625, 0.744140625, 0.0006084442138671875, 2.775390625, 2.5859375, 6.84765625, 3.392578125, 1.7119140625, 3.599609375, 0.1810302734375, 6.16796875, 2.16796875, 1.5139579772949219e-05, 2.1696090698242188e-05, 5.793571472167969e-05, 1.7881393432617188e-06, 7.033348083496094e-06, -0.0, 8.6015625, 0.09942626953125, 0.388427734375, 8.1875, 7.02734375, 0.463623046875, 0.01326751708984375, 0.055816650390625, 0.384033203125, 2.96875, 5.38671875, 3.71875, 4.4140625, 3.53515625, 1.46484375, 3.349609375, 0.0007624626159667969, 5.06640625, 1.4677734375, 1.6171875, 0.0002734661102294922, 5.80078125, 3.125, 0.427978515625, 3.671875, 0.0155487060546875, 5.5078125, 0.9619140625, 6.12109375, 0.11102294921875, 1.4111328125, 7.42578125, 3.310546875, 1.751953125, 3.189453125, 1.306640625, 6.875, 0.203857421875, 0.04949951171875, 0.00012946128845214844, 2.16796875, 0.9140625, 0.6689453125, 1.662109375, 1.4873046875, 7.171875, 6.5703125, 1.3515625, 5.2421875, 8.5625, 3.42578125, 2.041015625, 2.912109375, 4.3515625, 7.15234375, 1.390625, 7.44921875, 0.07421875, 0.59814453125, 5.046875, 0.0687255859375, 0.57958984375, 6.72265625, 1.9853515625, 6.80078125, 8.7265625, 0.002716064453125, 10.7265625, 5.23046875, 9.703125, 0.830078125, 2.83984375, 9.171875, 2.75390625, 1.0728836059570312e-06, 2.5391578674316406e-05, 3.814697265625e-06, 1.7881393432617188e-06, 6.556510925292969e-06, -0.0, 4.82421875, 0.00658416748046875, 2.158203125, 0.40576171875, 2.798828125, 2.181640625, 0.121337890625, 0.1226806640625, 0.0012922286987304688, 1.4658203125, 5.453125, 0.2232666015625, 7.62890625, 0.52978515625, 0.007488250732421875, 1.2900390625, 7.83984375, 1.845703125, 3.802734375, 2.404296875, 2.857421875, 3.970703125, 5.0625, 0.05999755859375, 2.619140625, 3.70703125, 6.33984375, 0.51318359375, 1.54296875, 3.5762786865234375e-07, 0.00026917457580566406, 8.344650268554688e-06, 7.152557373046875e-07, 1.704692840576172e-05, -0.0, 8.09375, 2.509765625, 0.047943115234375, 2.44921875, 3.814697265625e-06, 0.0010890960693359375, 4.2557716369628906e-05, 7.033348083496094e-06, 5.1856040954589844e-05, 4.553794860839844e-05, 8.5546875, 1.4189453125, 12.40625, 7.359375, 0.48779296875, 2.189453125, 5.56640625, 2.525390625, 3.623046875, 8.7890625, 0.7841796875, 6.51171875, 0.708984375, 7.13671875, 1.4677734375, 2.216796875, 2.029296875, 2.392578125, 2.30859375, 1.326171875, 7.625, 3.25390625, 5.8671875, 0.003566741943359375, 8.65625, 0.6845703125, 0.262939453125, 0.0008111000061035156, 2.259765625, 1.140625, 5.3203125, 0.05023193359375, 5.21875, 6.1875, 2.30078125, 4.125, 0.75244140625, 2.720703125, 4.9375, 1.0126953125, 2.212890625, 2.794921875, 10.1015625, 0.077880859375, 2.03125, 6.6875, 2.44921875, 2.51171875, 1.2216796875, 6.0546875]",-0.7952793987911919
24,1,test,3.8891475414782364,1.7588000899464928,2.2986299292148655,6.551987299607479,2.963023574954902,3.8724666375061245,48.86920978807577,40.451418710281594,43.96292196214177,82.32920928261413,68.1478855749789,74.0636613236082,3.9640957170994437,1.7517995189142184,2.4122901424721706,5.872734395702879,2.5952585465395823,3.573763174032845,52.67261690043834,43.53594496612878,47.9526321222731,78.03350651916791,64.4976962461167,71.04093647744163,3.7782709965339074,1.751717378043908,2.3906712447994125,6.126925940325255,2.840622775206337,3.8767641807558038,43.740349102811535,36.152458624047185,39.735124130780356,70.93029584239709,58.62560857953598,64.43533642829247,0.7386934673366834,0.003693467336683409,0.003693467336683409,0.6482412060301508,-0.0017587939698492372,-0.006758793969849242,0.542713567839196,0.0027135678391959628,0.007713567839196078,0.42627345844504017,0.10632700596846723,0.1574562541439649,0.4301075268817204,0.44723618090452266,0.11139658190702895,0.18513267506145092,0.4292929292929293,0.42140468227424754,0.10087045856807053,0.17223894256345773,0.4093959731543624,25.0,0.0,0.0,37.0,-1.0,-2.0,45.0,-1.0,0.0,0.0006380797224941071,-0.00011528117488857101,0.00042332925809612283,-0.00622546375242905,-0.00717565258038011,-0.006691200109063544,"[2.88671875, 2.212890625, 0.2330322265625, 0.0401611328125, 3.814697265625e-05, 1.2705078125, 0.01294708251953125, 0.01422119140625, 1.583984375, 12.0625, 3.150390625, 0.047943115234375, 10.4921875, 0.33154296875, 5.65234375, 3.4609375, 10.859375, 4.13671875, 7.7578125, 6.17578125, 5.1171875, 3.865234375, 5.015625, 13.34375, 6.296875, 8.953125, 5.34765625, 8.5078125, 0.481689453125, 2.333984375, 6.6171875, 0.57861328125, 9.1328125, 9.03125, 12.890625, 8.3046875, 1.8134765625, 3.251953125, 8.8828125, 8.265625, 6.51953125, 3.36328125, 0.5869140625, 5.0234375, 0.034881591796875, 0.62646484375, 7.15625, 7.43359375, 1.6806640625, 11.8671875, 0.217041015625, 1.9150390625, 9.9296875, 2.5234375, 0.5634765625, 10.21875, 12.4140625, 5.25390625, 8.296875, 2.287109375, 4.67578125, 6.28125, 2.79296875, 8.0, 4.10546875, 0.73486328125, 9.8984375, 2.900390625, 0.04931640625, 0.0015172958374023438, 0.277587890625, 2.40234375, 6.77734375, 9.625, 2.115234375, 2.365234375, 1.1318359375, 7.75, 2.359375, 0.6240234375, 4.90625, 0.0259857177734375, 5.0859375, 4.8828125, 0.006011962890625, 1.29296875, 4.8515625, 0.69677734375, 6.85546875, 6.74609375, 1.0966796875, 2.91015625, 0.421630859375, 2.0078125, 6.2734375, 2.451171875, 4.640625, 5.453125, 9.734375, 0.80517578125, 0.2470703125, 0.214111328125, 8.0703125, 6.91015625, 3.7109375, 5.2578125, 3.990234375, 4.18359375, 7.7421875, 3.248046875, 2.404296875, 11.328125, 2.890625, 0.44189453125, 8.0078125, 8.296875, 6.91796875, 6.14453125, 9.0078125, 10.15625, 14.0625, 2.388671875, 3.71484375, 7.484375, 8.9921875, 2.986328125, 0.5322265625, 0.9521484375, 5.30859375, 1.8291015625, 2.697265625, 4.12890625, 0.034942626953125, 5.21484375, 2.267578125, 1.4326171875, 0.6796875, 3.361328125, 3.396484375, 4.50390625, 2.69140625, 5.01171875, 5.9765625, 8.390625, 4.8515625, 6.91015625, 0.55078125, 6.17578125, 2.98046875, 2.251953125, 6.5859375, 1.1591796875, 9.3671875, 7.8828125, 1.4716796875, 5.71875, 3.51953125, 0.62548828125, 0.0009899139404296875, 5.671875, 3.271484375, 6.59765625, 0.0013017654418945312, 3.8828125, 5.00390625, 0.005741119384765625, 8.2578125, 0.56884765625, 0.08038330078125, 0.01556396484375, 0.472900390625, 1.365234375, 0.0455322265625, -0.0, 3.5762786865234375e-06, 0.00019490718841552734, 8.118152618408203e-05, 0.0273895263671875, 0.00012755393981933594, 3.380859375, 3.005859375, 0.061676025390625, 0.0048675537109375, 0.00455474853515625, 0.7958984375, 0.363037109375, 2.4140625, 5.0546875, 1.951171875, 1.693359375, 1.1416015625, 2.2578125, 4.07421875, 2.55859375, 4.41796875, 4.171875, 4.70703125, 0.021575927734375, 1.6591796875, 9.546875, 1.2802734375, 5.83984375, 0.10748291015625, 0.64892578125, 7.09765625, 8.1796875, 5.16796875, 7.17578125, 10.4921875, 1.8681640625, 1.482421875, 2.94921875, 1.5068359375, 2.78515625, 0.06939697265625, 0.09967041015625, 2.556640625, 3.57421875, 6.44140625, 10.21875, 1.3115234375, 5.59765625, 6.546875, 4.625, 4.3359375, 1.7412109375, 1.7900390625, 0.66357421875, 3.302734375, 2.08984375, 0.130859375, 0.0303955078125, 0.10552978515625, 1.474609375, 2.86328125, 0.185302734375, 1.18359375, 0.039642333984375, 0.01024627685546875, 0.005786895751953125, 0.58642578125, 1.10546875, 6.23046875, 12.484375, 1.802734375, 0.767578125, 1.8603515625, 2.021484375, 12.3984375, 3.775390625, 2.142578125, 2.615234375, 1.908203125, 0.2978515625, 0.68994140625, 1.430511474609375e-06, 4.9591064453125e-05, 1.6450881958007812e-05, 6.318092346191406e-06, 0.0004203319549560547, 0.0001270771026611328, 7.78125, 6.2109375, 0.28759765625, 0.406494140625, 4.8125, 9.5078125, 0.84521484375, 11.265625, 1.314453125, 6.453125, 6.03125, 3.048828125, 3.986328125, 7.2265625, 5.04296875, 6.25, 4.45703125, 6.69140625, 0.5302734375, 1.4248046875, 1.8759765625, 3.423828125, 2.119140625, 4.14453125, 1.0849609375, 6.921875, 0.354736328125, 5.12890625, 1.5859375, 0.1182861328125, 2.306640625, 11.21875, 1.208984375, 0.0004799365997314453, 3.45703125, 3.35546875, 7.12890625, 5.3125, 0.8408203125, 10.421875, 0.95849609375, 4.25, 2.162109375, 3.587890625, 5.06640625, 10.6484375, 6.8828125, 7.28515625, 0.11309814453125, 0.58349609375, 0.329833984375, 0.0006604194641113281, 9.71875, 0.116943359375, 0.65185546875, 10.0859375, 1.55078125, 0.0046844482421875, 1.248046875, 8.0, 9.3828125, 5.74609375, 6.1484375, 4.60546875, 4.515625, 3.2265625, 7.3203125, 0.0058746337890625, 0.00893402099609375, 0.318359375, 8.375, 3.416015625, 1.27734375, 8.75, 4.3203125, 3.470703125, 2.525390625, 0.0029277801513671875, 0.0097503662109375, 4.01953125, 6.31640625, 2.72265625, 4.53515625, 4.859375, 2.62109375, 2.8203125, 3.880859375, 7.4609375, 3.005859375, 4.76953125, 0.2110595703125, 10.9609375, 2.421875, 1.1025390625, 2.498046875, 4.6953125, 3.505859375, 3.70703125, 9.828125, 6.7734375, 13.125, 8.3984375, 10.6640625, 5.30859375, 0.6005859375, 11.25, 0.97607421875, 1.6416015625, 2.482421875, 5.53515625, 9.3046875, 7.9765625]",-0.598066546961705
239,1,test,2.41015622072582,0.8366202077965716,1.1038343010039948,5.3619205809405885,1.8612449566710247,2.455721253919,11.135700636425403,6.3120259873483375,7.44313349029296,24.773805910249774,14.04248478084237,16.558881248067483,2.4997121802526503,0.8904645851061652,1.3327160212324796,4.097888820086312,1.4597780083707628,2.1847803626761957,12.178988102921368,7.1799395988135135,8.966659296343526,19.96555426708421,11.770392784940189,14.699441469415618,2.501317320061368,0.9475370443487416,1.353058777073362,4.904543764826212,1.8579157732328269,2.653056425634043,12.198552779375119,7.469238233426039,9.045854940769395,23.918730939951214,14.64556516358047,17.736970472096857,0.5226130653266332,-0.012386934673366712,0.0026130653266331905,0.4170854271356784,-0.012914572864321627,-0.022914572864321525,0.33668341708542715,0.0016834170854271857,-0.0033165829145728187,0.3949367088607595,0.09910864312118928,0.12807453877278296,0.3934010152284264,0.38190954773869346,0.10120779335272856,0.1348310836318487,0.3939393939393939,0.3745819397993311,0.08910614681101725,0.13320262945450345,0.38926174496644295,18.0,-1.0,-1.0,28.0,0.0,0.0,36.0,-1.0,1.0,-0.000635045672330329,-6.923574003604858e-05,-0.00027658475295318024,-0.1218959826928856,-0.12268272396640079,-0.12222029411130908,"[8.390625, 4.87109375, 0.10076904296875, 3.37109375, 1.2666015625, 1.537109375, 0.0526123046875, 0.004985809326171875, 0.174560546875, 0.6826171875, 0.035186767578125, 0.006374359130859375, 0.07159423828125, 0.2476806640625, 4.86328125, 1.1025390625, 0.0115509033203125, 0.363525390625, 0.145263671875, 0.007480621337890625, 0.3837890625, 0.038909912109375, 0.410400390625, 0.056396484375, 0.039947509765625, 0.025299072265625, 0.008453369140625, 1.0859375, 0.0130767822265625, 0.95068359375, 0.023773193359375, 4.05859375, 0.329833984375, 0.01541900634765625, 1.430511474609375e-06, 6.9141387939453125e-06, 0.0004837512969970703, 5.364418029785156e-06, 4.859375, 2.98828125, 7.77734375, 3.5625, 0.00516510009765625, 3.412109375, 13.421875, 10.2578125, 0.84814453125, 2.0703125, 4.72265625, 0.01247406005859375, 5.58984375, 2.884765625, 2.419921875, 7.12890625, 0.00875091552734375, 0.61669921875, 3.8046875, 4.8984375, 0.0019016265869140625, 5.421875, 0.1544189453125, 0.84228515625, 6.24609375, 0.2880859375, 8.390625, 2.716796875, 5.109375, 4.9609375, 2.755859375, 4.54296875, 3.84375, 2.546875, 1.3642578125, 4.33203125, 0.5009765625, 1.9375, 4.9765625, 0.16748046875, 8.34375, 8.8125, 3.61328125, 1.8056640625, 8.0390625, 5.1484375, 5.45703125, 9.0546875, 0.0138092041015625, 1.947265625, 1.435546875, 0.2178955078125, 0.1094970703125, 0.07208251953125, 5.10546875, 5.38671875, 0.77734375, 0.76904296875, 0.2127685546875, 0.04876708984375, 0.32275390625, 0.2763671875, 0.128173828125, 0.004207611083984375, 0.0714111328125, 1.232421875, 8.421875, 0.058319091796875, 0.095458984375, 4.96875, 3.36328125, 1.25390625, 5.77734375, 0.0209197998046875, 2.765625, 0.151123046875, 0.90771484375, 0.293212890625, 0.96826171875, 0.61767578125, 3.612041473388672e-05, 0.0018205642700195312, 0.0009288787841796875, 6.794929504394531e-06, 0.0024623870849609375, 3.814697265625e-06, 3.560546875, 5.28125, 2.869140625, 0.04852294921875, 1.4736328125, 0.09228515625, -0.0, 0.0003542900085449219, 0.0003635883331298828, 2.9802322387695312e-06, 0.0005216598510742188, 0.0024890899658203125, 3.865234375, 6.6796875, 0.07989501953125, 0.40185546875, 7.07421875, 0.055145263671875, 1.1318359375, 3.048828125, 4.9921875, 3.6875, 0.015380859375, 6.08984375, 2.298828125, 0.9384765625, 5.0078125, 2.08203125, 4.09765625, 2.666015625, 7.05078125, 0.1988525390625, 6.3359375, 0.1390380859375, 2.626953125, 2.43359375, 3.5234375, 8.84375, 6.73046875, 11.1015625, 0.7509765625, 1.15234375, 1.9677734375, 2.35546875, 4.78125, 0.0032444000244140625, 3.6484375, 8.03125, 1.009765625, 2.94921875, 2.939453125, 0.324951171875, 3.8984375, 1.5771484375, 2.2109375, 10.390625, 2.701171875, 0.693359375, 1.14453125, 0.1435546875, 0.59228515625, 0.441650390625, 0.300537109375, 0.25048828125, 0.0295562744140625, 1.23046875, 7.75390625, 6.65234375, 1.39453125, 1.703125, 9.390625, 7.796875, 0.0474853515625, 7.65234375, 4.2734375, 3.150390625, 0.8447265625, 5.875, 2.375, 5.3359375, 3.779296875, 8.1015625, 0.0975341796875, 3.431640625, 2.583984375, 8.3984375, 0.23779296875, 1.3046875, 0.947265625, 0.11016845703125, 0.496826171875, 2.3126602172851562e-05, 0.0004658699035644531, 4.7206878662109375e-05, 1.9431114196777344e-05, 3.0994415283203125e-06, 1.0013580322265625e-05, 2.4140625, 1.1396484375, 0.0005488395690917969, 0.148193359375, 1.4404296875, 0.0640869140625, -0.0, 0.0003554821014404297, 4.9948692321777344e-05, 1.0013580322265625e-05, 2.6226043701171875e-06, 0.00013017654418945312, 5.30859375, 4.71484375, 4.4296875, 0.07568359375, 0.38671875, 7.3515625, 0.2274169921875, 2.451171875, 0.0809326171875, 4.6796875, 1.955078125, 6.46484375, 11.640625, 0.298583984375, 2.0078125, 4.0859375, 5.9296875, 0.0242919921875, 2.294921875, 3.8828125, 6.140625, 6.21875, 3.255859375, 4.887580871582031e-06, 3.325939178466797e-05, 1.823902130126953e-05, 8.940696716308594e-06, 9.5367431640625e-07, 9.5367431640625e-06, 3.466796875, 8.1640625, 5.86328125, 0.8759765625, 8.390625, 0.63525390625, 2.927734375, 0.7421875, 5.18359375, 2.09375, 2.015625, 1.2080078125, 0.467041015625, 0.0191802978515625, 1.6806640625, 3.015625, 4.7890625, 0.0233612060546875, 9.6796875, 1.1083984375, 4.5625, 0.0002694129943847656, 1.0078125, 1.322265625, 0.880859375, 1.587890625, 2.19921875, 0.97314453125, 1.39453125, 4.203125, 0.059356689453125, 5.37890625, 2.904296875, 9.234375, 9.6171875, 0.00879669189453125, 7.8515625, 3.037109375, 0.04248046875, 2.556640625, 7.13671875, 3.666015625, 0.580078125, 3.01953125, 11.6796875, 1.5634765625, 1.681640625, 7.6171875, 1.0390625, 3.4809112548828125e-05, 7.593631744384766e-05, 1.811981201171875e-05, 8.702278137207031e-06, 1.1920928955078125e-07, 3.6954879760742188e-06, 2.556640625, 0.147216796875, 0.78759765625, 0.0094451904296875, -0.0, 5.7816505432128906e-05, 2.5033950805664062e-06, 1.3113021850585938e-06, 4.76837158203125e-07, 0.0001533031463623047, 3.71875, 0.1673583984375, 0.137451171875, 2.181640625, 0.026092529296875, -0.0, 7.748603820800781e-05, 6.67572021484375e-06, 1.430511474609375e-06, 3.5762786865234375e-07, 0.0004074573516845703, 4.328125, 7.21875, 2.947265625, 0.41943359375, 0.17529296875, 2.19140625, 6.186962127685547e-05, 3.59375, 0.76318359375, 7.21875, 3.626953125, 3.10546875, 0.3564453125, 0.0025787353515625, 6.26171875, 3.2578125, 3.083984375, 4.96875, 5.16015625, 5.86328125, 2.505859375, 7.14453125, 2.185546875, 0.003574371337890625, 3.0546875, 8.344650268554688e-07, 6.711483001708984e-05, 2.5033950805664062e-06, 4.887580871582031e-06, 9.5367431640625e-07, 4.649162292480469e-05, 2.4296875, 1.3173828125, 0.0004222393035888672, 0.05694580078125, 0.5234375, 0.48486328125, -0.0, 0.00014400482177734375, 2.5033950805664062e-06, 1.9073486328125e-06, 9.5367431640625e-07, 0.00013554096221923828, 4.47265625, 11.3203125, 8.25, 0.0936279296875, 0.79296875, 2.513671875, 3.841796875, 2.45703125, 0.054718017578125, 6.01953125, 8.5234375, 4.6875, 6.77734375, 8.9609375]",-1.1151633555376077
52,1,test,2.8291647938273896,1.253127339581712,1.730712991719485,5.42256585483583,2.401827400864948,3.31719990079568,16.931313779734584,12.095557887632648,13.931795200783363,32.45168474449129,23.183152617962577,26.70260746816811,2.9551320812810005,1.2126159060324313,1.7399001350856942,5.139360141358262,2.108897227882489,3.025913278409903,19.204259075466275,13.49256208782197,15.833183193593086,33.398711435593526,23.465325370125164,27.535970771466243,2.8291647938273896,1.253127339581712,1.730712991719485,5.42256585483583,2.401827400864948,3.31719990079568,16.931313779734584,12.095557887632648,13.931795200783363,32.45168474449129,23.183152617962577,26.70260746816811,0.6532663316582914,0.003266331658291377,0.013266331658291386,0.5226130653266332,0.0026130653266331905,0.0126130653266332,0.4321608040201005,0.007160804020100442,0.022160804020100455,0.40604026845637586,0.11123289827212124,0.17278133988494726,0.40740740740740744,0.4321608040201005,0.12890265865669193,0.18675178899505873,0.4444444444444444,0.40604026845637586,0.11123289827212124,0.17278133988494726,0.40740740740740744,24.0,15.0,15.0,36.0,26.0,26.0,40.0,22.0,22.0,2.7913068874608292e-05,-7.502995485381782e-05,6.209672548879242e-05,-0.06082012953499305,-0.05732370837802314,-0.05813647315071169,"[2.12109375, 9.0390625, 0.7978515625, 0.0180816650390625, 0.177490234375, 1.380859375, 5.4765625, 0.00872039794921875, 1.3740234375, 5.960464477539062e-07, 1.12890625, 4.2734375, 0.048248291015625, 1.430511474609375e-06, 0.0164337158203125, 0.00141143798828125, 3.337860107421875e-05, 5.7109375, 5.66796875, 8.1484375, 1.462890625, 4.15625, 0.13671875, 1.31640625, 5.99609375, 1.0390625, 4.69140625, 2.30078125, 0.25146484375, 5.80078125, 1.5732421875, 7.05078125, 2.19140625, 9.21875, 0.45458984375, 2.62109375, 1.4501953125, 2.037109375, 4.55078125, 6.08984375, 0.442138671875, 0.053985595703125, 7.8984375, 7.85546875, 3.828125, 1.66015625, 0.1888427734375, 0.10162353515625, 0.114013671875, 1.31640625, 2.798828125, 0.3427734375, 5.23828125, 6.94921875, 11.5078125, 0.1549072265625, 1.8056640625, 2.7265625, 2.140625, 2.919921875, 0.04412841796875, 7.61328125, 0.8154296875, 2.30078125, 2.033203125, 6.34765625, 0.91748046875, 0.10516357421875, 6.55859375, 0.030609130859375, 5.51953125, 5.96875, 0.02362060546875, 2.267578125, 0.333251953125, 0.192138671875, 4.484375, 7.91796875, 4.16015625, 3.517578125, 6.41796875, 3.505859375, 0.037322998046875, 5.078125, 2.41796875, 0.1502685546875, 5.01171875, 1.1923828125, 4.62890625, 7.31640625, 4.38671875, 3.744140625, 8.640625, 4.51953125, 1.5048828125, 0.09515380859375, 0.11737060546875, 7.486343383789062e-05, 0.0013132095336914062, 1.1920928955078125e-07, 8.487701416015625e-05, -0.0, 4.267692565917969e-05, 0.00026154518127441406, 1.4853515625, 4.553794860839844e-05, 0.04864501953125, 8.58306884765625e-06, 0.0001424551010131836, 3.5762786865234375e-07, 7.05718994140625e-05, -0.0, 1.5497207641601562e-06, 4.0650367736816406e-05, 0.428466796875, 2.271484375, 0.0001169443130493164, 5.57421875, 10.5, 5.796875, 1.5, 9.515625, 4.86328125, 4.4375, 3.994140625, 0.30810546875, 11.75, 0.29638671875, 3.06640625, 5.33203125, 1.6123046875, 4.29296875, 7.0234375, 0.10211181640625, 0.049835205078125, 1.056640625, 5.39453125, 0.086181640625, 2.71484375, 3.68359375, 2.6015625, 1.1982421875, 0.373779296875, 0.0733642578125, 0.22900390625, 3.326171875, 2.6640625, 0.0049896240234375, 4.125, 4.0234375, 0.85791015625, 3.966796875, 0.84423828125, 2.30859375, 2.94921875, 0.016021728515625, 3.14453125, 1.4599609375, 0.23046875, 9.1875, 1.7314453125, 6.83203125, 4.15625, 3.259765625, 6.32421875, 0.2646484375, 5.25, 7.4375, 1.6044921875, 4.88671875, 10.6484375, 0.7890625, 7.40234375, 3.650390625, 2.8359375, 6.9375, 3.853515625, 2.111328125, 5.265625, 6.9609375, 2.630859375, 0.1361083984375, 7.6953125, 1.5869140625, 8.6328125, 5.3671875, 4.6328125, 4.4609375, 0.380615234375, 6.2890625, 4.0859375, 0.58642578125, 1.5869140625, 7.42578125, 5.45703125, 1.0048828125, 2.47955322265625e-05, 0.28125, 3.421306610107422e-05, 3.612041473388672e-05, -0.0, 9.059906005859375e-06, -0.0, 1.0728836059570312e-06, 5.602836608886719e-06, 0.376220703125, 1.142578125, 0.00029850006103515625, 6.328125, 1.2177734375, 1.146484375, 4.5234375, 5.32421875, 3.58203125, 4.75, 7.390625, 1.9013671875, 2.259765625, 2.40234375, 1.9970703125, 12.2265625, 2.11328125, 0.363037109375, 5.41015625, 0.53466796875, 0.09979248046875, 6.79296875, 1.62109375, 5.7109375, 4.67578125, 1.869140625, 3.041015625, 3.017578125, 0.07666015625, 0.1676025390625, 2.322265625, 4.4765625, 0.04461669921875, 6.51953125, 8.3515625, 3.71484375, 0.11273193359375, 2.75390625, 5.26171875, 3.947265625, 0.004276275634765625, 5.453125, 6.6171875, 2.265625, 5.59765625, 6.875, 5.03125, 1.8828125, 1.9404296875, 0.1480712890625, 5.28125, 1.6162109375, 5.390625, 0.2406005859375, 1.0927734375, 4.2421875, 6.9609375, 1.505859375, 8.821487426757812e-06, 0.1820068359375, 1.990795135498047e-05, 4.1484832763671875e-05, -0.0, 3.2186508178710938e-06, -0.0, 5.960464477539062e-07, 1.9073486328125e-06, 0.1806640625, 15.5, 4.7734375, 2.298828125, 0.035064697265625, 0.068359375, 0.376953125, 2.0742416381835938e-05, 0.08740234375, 1.8596649169921875e-05, 2.6702880859375e-05, -0.0, 5.125999450683594e-06, -0.0, 3.5762786865234375e-07, 5.9604644775390625e-06, 0.06011962890625, 4.515625, 6.62890625, 1.8603515625, 2.6015625, 7.40234375, 3.970703125, 0.86474609375, 9.65625, 5.359375]",-0.6953761073566924
121,1,test,2.602139524693759,1.1473453026989306,1.5740961946039425,4.611569490985051,2.0333508420053277,2.789648255992543,13.492574872560692,9.208972968713198,10.696984440572038,23.91184102414923,16.32034653899728,18.957433536347118,2.6268306868759232,1.0899686917668814,1.5417393399855421,3.9501213336480046,1.6390506643110996,2.3184050225346495,13.829869185404391,9.179893479220468,10.870159018692652,20.7967957675254,13.80435109657213,16.346103787507747,2.558429664592679,1.1008907856152808,1.5430371662007925,4.462377321963975,1.9201583470033965,2.6913438945362658,12.915519684805043,8.620144613819651,10.155073029158002,22.527069217683213,15.035135954336601,17.712336678763958,0.6633165829145728,0.008316582914572823,0.018316582914572832,0.5125628140703518,0.012562814070351758,0.007562814070351753,0.38190954773869346,0.0019095477386934512,0.0019095477386934512,0.39308176100628933,0.08538945331398162,0.14935791163390444,0.4037854889589906,0.40201005025125625,0.07368924824624368,0.1382370953263815,0.4191919191919192,0.3946488294314381,0.09080909654329117,0.1499324779297696,0.40268456375838924,27.0,6.0,5.0,37.0,3.0,3.0,46.0,5.0,3.0,0.0004937825484899138,0.00021093292637050796,3.6762874242942516e-05,-0.04896705044455896,-0.044920130503768974,-0.04442704967163014,"[2.12109375, 9.0390625, 0.7978515625, 0.0180816650390625, 0.177490234375, 1.380859375, 2.474609375, 0.00011813640594482422, 2.171875, 0.0003273487091064453, 5.515625, 5.18359375, 0.0260009765625, -0.0, 0.003696441650390625, 0.0015516281127929688, 5.1140785217285156e-05, 8.3125, 2.814453125, 1.03515625, 5.0078125, 2.388671875, 8.453125, 1.2431640625, 6.3984375, 0.58544921875, 1.607421875, 0.58447265625, 2.130859375, 5.75, 2.041015625, 1.9990234375, 3.220703125, 4.5625, 6.57421875, 0.0017805099487304688, 5.03125, 4.91015625, 4.6328125, 3.115234375, 2.017578125, 3.185546875, 0.0176849365234375, 3.44921875, 2.27734375, 1.95703125, 9.3515625, 0.7626953125, 6.5546875, 0.020355224609375, 3.548828125, 5.09375, 1.62890625, 6.8671875, 0.01873779296875, 0.350341796875, 6.20703125, 0.79150390625, 2.150390625, 9.2109375, 0.71826171875, 1.9248046875, 7.0390625, 4.48046875, 4.890625, 6.34765625, 0.78125, 6.81640625, 4.390625, 1.1396484375, 0.047943115234375, 0.06793212890625, 1.2724609375, 3.591796875, 2.318359375, 1.3115234375, 4.47265625, 4.04296875, 7.78125, 0.08660888671875, 5.359375, 4.4609375, 2.033203125, 3.5, 1.3251953125, 4.22265625, 4.2734375, 2.755859375, 4.203125, 2.185546875, 0.0208740234375, 0.0673828125, 6.127357482910156e-05, 0.0723876953125, 2.1457672119140625e-06, 1.5497207641601562e-05, -0.0, 0.0005526542663574219, 0.0002067089080810547, 2.205078125, 2.384185791015625e-06, 0.10736083984375, 7.152557373046875e-07, 1.3470649719238281e-05, 3.5762786865234375e-06, 8.106231689453125e-06, -0.0, 0.0008378028869628906, 8.225440979003906e-06, 0.3701171875, 7.75390625, 0.360107421875, 0.4345703125, 1.806640625, 5.0234375, 0.04241943359375, 4.91015625, 0.84228515625, 0.006702423095703125, 6.95703125, 4.60546875, 0.1339111328125, 0.39013671875, 2.98828125, 6.95703125, 1.4404296875, 2.248046875, 5.25, 5.33203125, 8.3203125, 2.70703125, 0.93359375, 1.6474609375, 0.0048675537109375, 4.98828125, 0.05230712890625, 0.288818359375, 2.728515625, 0.15283203125, 0.377685546875, 4.7734375, 0.291015625, 0.3857421875, 0.1956787109375, 5.99609375, 0.05450439453125, 0.02764892578125, 1.3740234375, 5.00390625, 1.994140625, 1.0341796875, 2.9921875, 1.1923828125, 4.65234375, 4.125, 1.65234375, 3.32421875, 1.4443359375, 3.33984375, 0.65625, 5.6015625, 1.296875, 1.5341796875, 5.484375, 2.291015625, 2.04296875, 3.037109375, 0.7216796875, 0.0120697021484375, 7.9765625, 5.19921875, 4.578125, 2.640625, 0.8642578125, 1.65625, 5.453125, 1.6630859375, 4.4140625, 0.54931640625, 2.3984375, 0.1552734375, 0.0489501953125, 5.69921875, 6.88671875, 1.7119140625, 4.6484375, 6.20703125, 3.873046875, 1.59375, 2.2734375, 5.19140625, 8.828125, 0.74609375, 1.2724609375, 3.21484375, 3.28125, 0.0033588409423828125, 5.5234375, 0.054443359375, 2.248046875, 11.125, 3.3828125, 5.91015625, 0.79736328125, 1.8955078125, 3.298828125, 7.6484375, 6.08203125, 0.2137451171875, 2.77734375, 4.15234375, 2.798828125, 6.99609375, 0.422607421875, 1.1298828125, 6.6875, 2.1875, 5.4453125, 9.8828125, 1.0009765625, 4.19140625, 0.0672607421875, 7.65625, 0.53662109375, 0.8427734375, 0.94384765625, 7.2421875, 6.71484375, 2.515625, 1.228515625, 3.54296875, 7.68359375, 3.533203125, 2.09375, 2.583984375, 2.123046875, 4.19140625, 0.078857421875, 8.0859375, 1.890625, 2.220703125, 1.895427703857422e-05, 0.12841796875, 3.0159950256347656e-05, 1.3113021850585938e-05, 2.7418136596679688e-06, 3.5762786865234375e-06, -0.0, 4.00543212890625e-05, 7.987022399902344e-06, 1.3349609375, 1.1920928955078125e-07, 0.04083251953125, 6.794929504394531e-06, 9.5367431640625e-07, 1.9073486328125e-06, 8.344650268554688e-07, -0.0, 3.743171691894531e-05, 2.9802322387695312e-06, 1.3359375, 2.372264862060547e-05, 0.0196990966796875, 7.033348083496094e-06, 9.5367431640625e-07, 4.5299530029296875e-06, 4.76837158203125e-07, -0.0, 9.000301361083984e-05, 3.4570693969726562e-06, 0.336669921875, 0.849609375, 0.0003495216369628906, 5.28125, 7.4375, 2.966796875, 0.95166015625, 5.50390625, 0.018585205078125, 4.64453125, 5.00390625, 3.669921875, 0.01044464111328125, 6.4140625, 3.58984375, 0.053009033203125, 6.02734375, 0.27490234375, 0.05682373046875, 2.5546875, 1.166015625, 0.99755859375, 2.810546875, 1.4892578125, 12.203125, 1.9951171875, 6.296875, 0.61328125, 0.560546875, 0.0234375, 0.03326416015625, 3.5, 8.2578125, 1.4853515625, 1.5625, 0.256103515625, 5.53125, 2.037109375, 0.003520965576171875, 2.724609375, 9.921875, 0.047943115234375, 0.1944580078125, 9.84375, 6.72265625, 1.8115234375, 5.98046875, 2.572265625]",-0.5900735337779208
8,1,test,2.754001767392371,1.1611300512144718,1.6058290912079514,4.873654813082005,2.0548087984975205,2.8417762007331726,15.705355477302653,10.787504134471853,12.552928339160747,27.793185254777168,19.090246080666482,22.214451836155252,2.296908767379109,0.8228214507895621,1.171450799718049,4.101622798891265,1.469324019267075,2.091876428067944,9.9433975428201,5.576349321763771,6.861769731133213,17.756067040750175,9.957766646006732,12.253160234166451,2.7461363204745544,1.1409794430714861,1.5875349014585152,4.846122918484507,2.013493134832034,2.8015321790444383,15.582310374184761,10.6036697965007,12.39683535974195,27.498194777973108,18.712358464413,21.876768281897558,0.592964824120603,0.002964824120602949,-0.007035175879396949,0.46733668341708545,-0.002663316582914521,-0.01266331658291453,0.3065326633165829,-0.008467336683417037,-0.02346733668341705,0.4140127388535032,0.10399684060231085,0.15977545071791,0.46006389776357826,0.4170854271356784,0.08876462513066585,0.14496522680178858,0.4292929292929293,0.4046822742474916,0.09249529595032968,0.15106714632758056,0.459731543624161,18.0,7.0,8.0,31.0,17.0,16.0,39.0,17.0,19.0,-0.001393460732028168,-7.206170609405343e-05,-0.00024307301011540866,0.0004478011750661537,4.5542954798527546e-05,-9.287412789138472e-05,"[2.88671875, 2.212890625, 0.2330322265625, 0.0401611328125, 3.814697265625e-05, 1.2705078125, 0.01294708251953125, 0.01422119140625, 9.5859375, 4.4375, 0.17236328125, 0.2220458984375, 0.082763671875, 0.0740966796875, 2.216796875, 0.007610321044921875, 0.12396240234375, 0.295654296875, 0.81298828125, 2.486328125, 7.53125, 2.68359375, 0.70947265625, 2.123046875, 4.6015625, 1.349609375, 2.205078125, 1.9501953125, 3.95703125, 0.0227203369140625, 2.689453125, 1.7900390625, 4.28125, 0.44140625, 2.578125, 2.484375, 0.267333984375, 1.1416015625, 0.0005674362182617188, 4.89453125, 2.166015625, 4.5625, 0.68115234375, 0.5107421875, 5.00390625, 0.5654296875, 4.3203125, 0.053131103515625, 0.57080078125, 4.3671875, 2.087890625, 8.4921875, 2.986328125, 2.88671875, 1.4423828125, 3.189453125, 1.876953125, 4.390625, 5.31640625, 0.9404296875, 0.348876953125, 0.94091796875, 2.982421875, 1.673828125, 1.8642578125, 0.0269622802734375, 0.024688720703125, 0.68701171875, 0.0002567768096923828, 0.8095703125, 0.0791015625, 7.87890625, 4.42578125, 0.0019359588623046875, 3.66015625, 0.76513671875, 6.78125, 3.24609375, 1.9384765625, 10.0859375, 6.734375, 3.103515625, 6.32421875, 0.030517578125, 7.890625, 4.8671875, 3.546875, 6.84375, 11.5234375, 4.2265625, 0.006496429443359375, 1.58984375, 4.27734375, 0.0125732421875, 1.78125, 2.978515625, 1.1591796875, 4.7578125, 0.0116119384765625, 3.451171875, 0.6611328125, 0.0007925033569335938, 0.23193359375, 1.4296875, 0.016937255859375, 0.059478759765625, 3.646484375, 0.4130859375, 6.421875, 2.298828125, 0.0004200935363769531, 3.357421875, 6.58203125, 5.1875, 0.455810546875, 0.0010633468627929688, 2.490234375, 0.814453125, 0.039642333984375, 0.08966064453125, 4.3515625, 2.396484375, 0.490966796875, 3.2067298889160156e-05, 0.681640625, 0.779296875, 3.583984375, 0.0012693405151367188, 0.98193359375, 2.48828125, 1.232421875, 4.2109375, 2.1484375, 0.8212890625, 1.5732421875, 3.095703125, 3.544921875, 1.7900390625, 2.080078125, 0.18408203125, 5.40234375, 3.818359375, 2.09375, 0.1573486328125, 3.0234375, 3.552734375, 0.642578125, 0.000629425048828125, 2.05859375, 9.572505950927734e-05, 0.8134765625, 4.2578125, 0.0139923095703125, 0.0004878044128417969, 0.041046142578125, 0.1890869140625, 6.671875, 1.306640625, 0.4873046875, 0.00017559528350830078, 6.765625, 0.422119140625, 0.763671875, 7.9609375, 5.99609375, 5.171875, 4.09765625, 4.32421875, 1.2255859375, 3.021484375, 4.5625, 0.0003018379211425781, 0.82177734375, 0.332275390625, 2.884765625, 0.00015211105346679688, 3.6796875, 0.82275390625, 5.234375, 6.17578125, 3.2421875, 7.76953125, 3.802734375, 4.04296875, 1.3359375, 2.201171875, 2.703125, 2.21484375, 0.31591796875, 0.2060546875, 0.61279296875, 2.166015625, 0.057586669921875, 0.6591796875, 0.00020933151245117188, 4.86328125, 0.95751953125, 0.00048041343688964844, 1.9833984375, 0.318115234375, 9.234375, 2.8515625, 5.1796875, 8.4140625, 1.3056640625, 0.483154296875, 1.9091796875, 8.6171875, 0.174560546875, 0.399658203125, 6.625, 0.63720703125, 0.07342529296875, 0.8544921875, 3.1875, 3.349609375, 3.2734375, 6.0078125, 4.375, 9.796875, 1.978515625, 0.517578125, 1.06640625, 10.1875, 0.19287109375, 7.484375, 3.23828125, 7.83203125, 5.78125, 1.0400390625, 0.370849609375, 1.357421875, 9.7578125, 5.546875, 2.259765625, 8.96875, 0.51513671875, 3.255859375, 2.07421875, 6.21484375, 6.28125, 1.1572265625, 5.96875, 1.859375, 9.03125, 7.16796875, 10.453125, 0.0232696533203125, 8.0703125, 8.1953125, 8.4140625, 1.10546875, 5.4921875, 3.341796875, 5.17578125, 0.004589080810546875, 0.54248046875, 2.4921875, 3.703125, 0.8916015625, 1.0107421875, 4.982948303222656e-05, 1.4345703125, 3.158203125, 0.0017900466918945312, 0.0007457733154296875, 7.1796875, 0.2025146484375, 5.3046875, 0.5, 1.6044921875, 0.0008006095886230469, 1.39453125, 8.3203125, 6.34765625, 5.81640625, 1.6796875, 5.24609375, 0.002986907958984375, 5.06640625, 6.63671875, 2.404296875, 6.5625, 4.19921875, 3.294921875, 4.09765625, 0.0025615692138671875, 2.9375, 0.99169921875, 6.71875, 10.1640625, 0.0011577606201171875, 0.426025390625, 4.73046875, 0.23583984375, 1.45703125, 4.2578125, 0.0012454986572265625, 3.880859375, 2.13671875, 0.345703125, 5.42578125, 3.314453125, 0.05499267578125, 6.22265625, 5.390625, 0.0265350341796875, 4.09765625, 0.0274505615234375, 0.035919189453125, 0.09375, 1.65234375, 2.46484375, 6.91015625]",-0.6147833755061884
418,1,test,3.6545103013747395,1.6620547540790118,2.262281686445471,6.082991340352793,2.7665169454992586,3.7656043555027847,38.64859031879985,31.31507084399699,34.6247827333009,64.33120195000234,52.1244405016208,57.633509323816995,3.7300795502399082,1.632283954141068,2.2542886113705656,5.69477793929757,2.4920365712077377,3.4416620020924666,41.682423878964116,33.53423567645168,37.30792951635606,63.63728836483071,51.197306376262105,56.958671017337494,3.647264955572581,1.6428909695228175,2.2588849521036245,6.070931345404683,2.7346185170121737,3.759950436404743,38.3695799012072,30.94813338800927,34.36122862595154,63.86678460975135,51.51366718778318,57.19481926126127,0.8241206030150754,-0.0058793969849245675,-0.0008793969849245631,0.6934673366834171,-0.01153266331658298,0.008467336683417037,0.5276381909547738,-0.002361809045226204,-0.007361809045226098,0.42801556420233466,0.08432624381398512,0.1511720971906917,0.39453125,0.44221105527638194,0.07379000264480295,0.1650825076970831,0.398989898989899,0.43190661478599224,0.09598428468890485,0.14600752034873477,0.39453125,24.0,8.0,8.0,37.0,10.0,10.0,46.0,9.0,9.0,0.00026746020150806687,0.00034971736931464114,0.00030109750683175984,-9.322580442105988e-05,-0.00015080139628764755,0.00010688561932692409,"[1.88671875, 5.3046875, 0.005107879638671875, 0.057769775390625, 1.7578125, 6.171875, 4.6875, 7.390625, 5.24609375, 3.87890625, 10.21875, 0.5078125, 2.44921875, 1.3408203125, 3.74609375, 1.408203125, 11.734375, 3.01953125, 0.136962890625, 13.546875, 5.98046875, 5.16015625, 3.880859375, 1.708984375, 2.365234375, 3.392578125, 2.994140625, 0.5986328125, 10.9453125, 2.66796875, 5.6015625, 1.2802734375, 12.3984375, 2.884765625, 5.296875, 5.0625, 5.01953125, 3.564453125, 4.234375, 5.25390625, 5.48828125, 1.333984375, 2.703125, 5.2421875, 7.95703125, 2.1171875, 3.96875, 8.1875, 1.1396484375, 7.2109375, 4.5390625, 6.68359375, 11.125, 0.476806640625, 2.611328125, 5.76953125, 7.30859375, 4.7890625, 0.24951171875, 0.364013671875, 2.146484375, 4.99609375, 3.513671875, 7.15234375, 2.109375, 5.2109375, 2.630859375, 2.029296875, 3.392578125, 1.3095703125, 0.435302734375, 10.546875, 2.2578125, 0.71728515625, 0.26025390625, 4.2734375, 2.697265625, 8.96875, 0.03753662109375, 7.74609375, 4.7265625, 3.810546875, 2.162109375, 0.88623046875, 2.740234375, 1.6552734375, 0.5908203125, 7.78125, 0.1497802734375, 3.64453125, 2.90234375, 6.65234375, 2.861328125, 8.6953125, 5.1875, 0.58251953125, 2.615234375, 4.89453125, 5.34765625, 0.020263671875, 8.203125, 0.86083984375, 0.2255859375, 0.0009851455688476562, 0.2978515625, 1.65234375, 2.12109375, 2.119140625, 3.59765625, 0.865234375, 10.171875, 4.52734375, 0.434326171875, 6.765625, 0.87451171875, 6.1015625, 4.97265625, 10.59375, 11.5625, 6.52734375, 3.248046875, 7.5234375, 1.578125, 8.953125, 3.126953125, 7.2109375, 1.7890625, 2.2890625, 6.26953125, 3.818359375, 2.4375, 2.328125, 5.1015625, 4.875, 1.4150390625, 4.34765625, 0.640625, 1.453125, 1.4560546875, 3.197265625, 10.3828125, 3.974609375, 3.126953125, 0.29736328125, 3.734375, 0.020965576171875, 1.5361328125, 5.58203125, 0.04766845703125, 5.65625, 0.78955078125, 6.46484375, 3.947265625, 3.544921875, 2.16796875, 2.115234375, 0.00420379638671875, 3.9140625, 0.75634765625, 4.80859375, 3.4765625, 3.06640625, 3.248046875, 2.111328125, 3.615234375, 0.258544921875, 1.20703125, 3.82421875, 2.498046875, 4.4609375, 9.4375, 4.0625, 6.75390625, 1.3935546875, 6.52734375, 4.0078125, 0.324951171875, 1.8271484375, 0.74951171875, 1.158203125, 1.8369140625, 5.06640625, 4.03125, 0.06829833984375, 1.4541015625, 1.4150390625, 2.47265625, 3.01953125, 5.609375, 3.416015625, 0.403076171875, 2.1171875, 6.265625, 3.017578125, 1.728515625, 6.4609375, 5.01953125, 2.943359375, 2.5078125, 1.1728515625, 4.27734375, 3.939453125, 0.09381103515625, 0.52197265625, 2.2109375, 1.58203125, 3.6875, 1.095703125, 7.9453125, 0.337158203125, 1.396484375, 7.51171875, 1.0185546875, 2.48046875, 9.1953125, 4.55859375, 1.4345703125, 13.0390625, 0.66015625, 9.7109375, 1.798828125, 6.2421875, 0.0032482147216796875, 1.619140625, 0.2396240234375, 3.111328125, 1.529296875, 2.875, 1.5361328125, 7.796875, 5.3203125, 1.49609375, 4.3046875, 0.333740234375, 1.8046875, 8.2265625, 0.1231689453125, 3.017578125, 6.359375, 0.196044921875, 3.462890625, 0.10992431640625, 4.21484375, 3.728515625, 2.6796875, 0.0130157470703125, 10.1796875, 8.21875, 7.01171875, 1.052734375, 4.0859375, 0.70947265625, 2.42578125, 4.4296875, 0.2279052734375, 5.1484375, 0.048126220703125]",-0.7264124929673015
384,1,test,2.5018591436359525,0.9564819727000315,1.3788266396404218,4.09395132594974,1.5651523189636873,2.2562617739570534,12.205164033751798,7.515423906591189,9.131001541262815,19.972086600684758,12.297966392603762,14.941638885702787,2.578064575866239,0.9174627352853251,1.3534613824350916,4.1249033213859825,1.4679403764565202,2.1655382118961466,13.171620801388475,7.909143737563662,9.76880524609396,21.07459328222156,12.65462998010186,15.630088393750338,2.5266216943488304,0.9804206155607365,1.409719812071113,4.134471863479904,1.6043246436448415,2.306814237934548,12.5111681116062,7.817562478538504,9.455794493868417,20.47282054626469,12.792374964881187,15.473118262693774,0.5879396984924623,-0.002060301507537776,-0.012060301507537674,0.44221105527638194,-0.027788944723618036,-0.0027889447236180143,0.35678391959798994,0.0067839195979899625,0.0067839195979899625,0.3797909407665505,0.0737039842448114,0.11907251666458063,0.37412587412587417,0.371859296482412,0.06358861979068264,0.10808634155753727,0.36868686868686873,0.372822299651568,0.07890925617330713,0.11094512699803383,0.36363636363636365,11.0,0.0,0.0,20.0,0.0,2.0,27.0,1.0,1.0,-1.979438736947379e-06,-6.909743190766677e-05,0.00012816325202408808,-0.00030112346023614123,0.00015012813114179124,1.7489102663859057e-06,"[2.892578125, 3.212890625, 3.208984375, 0.9716796875, 0.00034737586975097656, 1.0244140625, 0.01284027099609375, 0.0312042236328125, 8.796875, 3.396484375, 0.082763671875, 1.0498046875, 1.537109375, 2.6015625, 0.0031986236572265625, 0.09027099609375, 0.2705078125, 0.966796875, 19.53125, 3.87109375, 0.86572265625, 3.28515625, 1.515625, 8.25, 6.953125, 2.408203125, 0.00726318359375, 5.23828125, 0.37841796875, 2.0234375, 5.3671875, 3.39453125, 2.2265625, 3.1171875, 0.88037109375, 4.3046875, 0.1634521484375, 0.052490234375, 0.08056640625, 4.07421875, 7.6328125, 0.0008935928344726562, 2.0234375, 6.07421875, 2.3515625, 8.4296875, 0.1788330078125, 3.05859375, 0.62353515625, 7.51171875, 0.3388671875, 0.0128631591796875, 2.833984375, 0.48388671875, 6.3203125, 0.191162109375, 0.193115234375, 4.37109375, 0.79150390625, 0.023651123046875, 0.1610107421875, 5.0703125, 0.86376953125, 0.048797607421875, 2.1640625, 7.546875, 7.484375, 0.340087890625, 3.4609375, 0.033233642578125, 1.021484375, 0.0001443624496459961, 1.376953125, 0.07421875, 6.0859375, 3.048828125, 0.41552734375, 0.056884765625, 2.876953125, 1.5166015625, 7.69921875, 1.591796875, 0.8388671875, 6.15234375, 0.06024169921875, 0.127685546875, 2.48828125, 2.12109375, 2.060546875, 0.260986328125, 6.25390625, 0.1053466796875, 3.955078125, 0.2509765625, 0.0782470703125, 0.78857421875, 1.0, 2.853515625, 0.1302490234375, 0.10260009765625, 1.3896484375, 6.18359375, 2.1875, 0.0693359375, 0.953125, 2.7578125, 1.6689300537109375e-06, 0.2496337890625, 0.0430908203125, 3.798828125, 0.01430511474609375, 0.00347137451171875, 0.5224609375, 13.671875, 4.0625, 5.2109375, 2.154296875, 3.50390625, 0.1251220703125, 0.35400390625, 2.205078125, 1.6875, 4.79296875, 3.744140625, 1.873046875, 4.46484375, 1.6064453125, 0.376953125, 0.02978515625, 4.8671875, 5.09375, 1.2001953125, 4.76837158203125e-07, 0.22216796875, 0.033782958984375, 9.71875, 0.23095703125, 0.51416015625, 3.701171875, 0.023284912109375, 0.0133514404296875, 0.3798828125, 2.35546875, 4.99609375, 6.89453125, 4.5, 3.82421875, 0.56494140625, 4.16015625, 0.33447265625, 5.515625, 1.8447265625, 9.828125, 0.7724609375, 1.7041015625, 0.0028972625732421875, 9.1796875, 0.81396484375, 7.37109375, 2.845703125, 2.53515625, 0.63330078125, 0.9560546875, 6.0234375, 0.80224609375, 7.510185241699219e-06, 1.6044921875, 0.50439453125, 3.919921875, 1.55078125, 5.44140625, 9.0546875, 6.40234375, 6.765625, 0.09466552734375, 7.5546875, 1.91015625, 3.306640625, 0.8388671875, 1.099609375, 1.521484375, 2.677734375, 5.5625, 0.97314453125, 2.17578125, 5.25, 4.65625, 0.4423828125, 1.7841796875, 2.146484375, 4.4140625, 1.294921875, 0.71728515625, 0.77490234375, 1.3037109375, 3.29296875, 3.30859375, 1.0341796875, 4.859375, 9.828125, 2.48046875, 4.3671875, 3.072265625, 0.873046875, 1.8857421875, 6.296875, 0.2125244140625, 0.04345703125, 0.6044921875, 0.2286376953125, 2.12890625, 5.05078125, 5.3828125, 4.2109375, 2.19140625, 3.232421875, 2.666015625, 0.0002605915069580078, 5.34375, 1.0947265625, 0.3203125, 0.84326171875, 0.199462890625, 1.7060546875, 5.828125, 0.055999755859375, 4.9296875, 3.125, 1.041015625, 6.265625, 0.98193359375, 2.267578125, 0.00943756103515625, 7.296875, 3.505859375, 0.72509765625, 0.03240966796875, 0.446044921875, 0.012847900390625, 0.004703521728515625, 0.325439453125, 1.2802734375, 1.015625, 8.344650268554688e-07, 0.701171875, 4.10546875, 0.00010657310485839844, 1.060546875, 0.027618408203125, 6.6015625, 11.734375, 1.6201171875, 2.173828125, 0.326171875, 2.291015625, 0.10675048828125, 4.6953125, 1.3984375, 0.050201416015625, 0.0194091796875, 0.114013671875, 1.400390625, 3.228515625, 0.1756591796875, 9.5078125, 0.498291015625, 0.007106781005859375, 0.004825592041015625, 3.083984375, 2.623046875, 3.986328125, 0.5673828125, 4.76837158203125e-07, 0.130859375, 0.03955078125, 3.955078125, 1.017578125, 5.4296875, 3.28515625, 0.0251007080078125, 2.337890625, 0.90185546875, 1.322265625, 4.4375, 1.7021484375, 7.6953125, 5.34765625]",-0.91331724796561
350,1,test,3.0969561445085625,1.2200439822328346,1.5963868095648228,5.13017517851201,2.021029379263956,2.644449454105206,22.13048665391207,15.597186740405135,17.646245274888965,36.6596322397413,25.837078904758073,29.23138891188129,3.3911073848829796,1.340505371875837,1.9165389090180152,5.257530829275937,2.07830290213308,2.971378153516302,29.69882209386605,21.92624320215253,25.32967212145393,46.04468541684658,33.99417550721322,39.27080949062625,3.175855205210555,1.3039452232345856,1.835182312169057,5.234926162434981,2.1493602580789872,3.0250257892896544,23.947290961643724,17.446590190887623,20.125676783680593,39.47355653018196,28.75811569926531,33.1741925005724,0.728643216080402,0.0036432160804019675,0.013643216080401865,0.592964824120603,0.022964824120602967,0.032964824120602976,0.4371859296482412,-0.012814070351758744,-0.012814070351758744,0.39473684210526316,0.06359360951656412,0.08975150486186145,0.38522427440633245,0.42211055276381915,0.10130854775128784,0.13663475977550532,0.4242424242424242,0.3913043478260869,0.07577847136531901,0.11766697296513029,0.38926174496644295,22.0,7.0,7.0,36.0,15.0,14.0,44.0,11.0,12.0,9.594167592032425e-05,0.0002252432551714352,5.574743615810735e-05,-0.0030329671079831755,-0.003706438477109053,-0.003319708201150462,"[1.892578125, 5.2734375, 0.005222320556640625, 0.050323486328125, 1.6826171875, 9.1171875, 1.75390625, 5.8984375, 3.701171875, 0.00797271728515625, 5.0703125, 0.034210205078125, 5.87109375, 1.40625, 1.029296875, 1.458984375, 2.087890625, 1.7587890625, 10.5546875, 0.08251953125, 3.552734375, 3.439453125, 2.1953125, 5.98828125, 9.28125, 0.7451171875, 4.3984375, 10.8515625, 0.380126953125, 0.287841796875, 0.72216796875, 10.7734375, 0.11297607421875, 5.6171875, 1.83984375, 2.21484375, 0.059844970703125, 0.252197265625, 4.26171875, 9.8046875, 4.65234375, 1.9501953125, 1.888671875, 4.65625, 3.587890625, 0.591796875, 2.17578125, 5.507469177246094e-05, 1.12109375, 0.342041015625, 4.23046875, 0.044036865234375, 9.015625, 7.67578125, 2.099609375, 7.140625, 3.771484375, 0.413330078125, 0.68701171875, 11.5859375, 6.12890625, 2.1484375, 5.71875, 11.0390625, 0.1678466796875, 3.7890625, 5.38671875, 7.26953125, 5.703125, 6.96875, 0.56396484375, 4.16796875, 1.08203125, 2.76171875, 0.00014781951904296875, 0.35595703125, 2.46484375, 1.6689300537109375e-06, 2.673828125, 0.036041259765625, 2.8671875, 1.9951171875, 6.17578125, 6.203125, 2.08984375, 5.015625, 1.1591796875, 1.5478515625, 4.8125, 5.078125, 1.1064453125, 2.2890625, 0.0019178390502929688, 6.0234375, 7.421875, 5.5390625, 5.01953125, 3.24609375, 4.80078125, 1.26171875, 7.58984375, 6.23828125, 3.091796875, 4.11328125, 0.0830078125, 1.0859375, 0.5869140625, 4.1640625, 2.00390625, 2.146484375, 7.68359375, 9.109375, 0.98779296875, 2.38671875, 0.00019550323486328125, 1.0087890625, 0.90869140625, 4.303455352783203e-05, 3.5, 0.0396728515625, 7.05859375, 1.474609375, 0.697265625, 12.1484375, 4.4765625, 0.2274169921875, 0.59716796875, 0.24462890625, 0.00014066696166992188, 0.2027587890625, 1.638671875, 0.00019061565399169922, 0.08502197265625, 0.275146484375, 7.5, 2.001953125, 10.0703125, 1.1953125, 1.4990234375, 5.41015625, 0.330322265625, 0.0003578662872314453, 0.4833984375, 1.6083984375, 4.2319297790527344e-05, 0.1063232421875, 0.204833984375, 1.6845703125, 8.484375, 2.740234375, 1.9169921875, 0.0034465789794921875, 0.262451171875, 2.447265625, 1.9073486328125e-05, 8.65625, 0.038970947265625, 4.33203125, 3.771484375, 8.0234375, 0.001277923583984375, 1.4736328125, 8.0234375, 3.947265625, 3.068359375, 1.6884765625, 1.8955078125, 3.921875, 6.2265625, 0.0140228271484375, 2.619140625, 2.35546875, 5.33984375, 4.3359375, 1.8955078125, 6.14453125, 6.8984375, 12.734375, 4.76953125, 3.556640625, 4.59375, 7.2109375, 6.87890625, 2.59765625, 4.453125, 3.935546875, 5.78515625, 8.640625, 2.447265625, 0.99169921875, 1.5654296875, 5.81640625, 2.580078125, 3.466796875, 2.0390625, 0.017242431640625, 7.91015625, 4.18359375, 4.95703125, 1.880859375, 1.9296875, 1.76953125, 1.9228515625, 0.0009975433349609375, 2.326171875, 0.193359375, 3.380859375, 1.1181640625, 5.859375, 0.77685546875, 7.328125, 10.375, 0.179931640625, 0.55322265625, 5.30859375, 0.69775390625, 0.00014722347259521484, 0.333740234375, 0.302490234375, 4.1796875, 4.1796875, 2.2578125, 5.37890625, 6.6171875, 0.400390625, 0.86865234375, 9.894371032714844e-06, 0.025848388671875, 4.09375, 2.5033950805664062e-06, 0.68896484375, 0.06878662109375, 1.41015625, 6.85546875, 2.203125, 6.66796875, 2.375, 7.5625, 5.33203125, 0.9287109375, 1.5020370483398438e-05, 0.92333984375, 1.5947265625, 2.86102294921875e-06, 0.01192474365234375, 0.11767578125, 0.859375, 3.15234375, 9.96875, 0.62890625, 0.04541015625, 4.28515625, 3.140625, 5.7578086853027344e-05, 0.425048828125, 2.265625, 4.851818084716797e-05, 1.5078125, 0.06695556640625, 4.6171875, 8.2890625, 2.630859375, 2.671875, 1.20703125, 7.39453125, 5.60546875, 6.1640625, 1.8017578125, 9.1015625, 1.21875, 2.669921875, 0.88671875, 1.7265625, 6.33203125, 4.5859375, 0.011627197265625, 1.7080078125, 8.5546875, 2.3828125, 4.6328125, 1.9599609375, 1.5166015625, 5.17578125, 0.1754150390625, 11.1953125, 2.220703125, 1.970703125, 6.9765625, 0.1876220703125, 1.42578125, 7.3359375, 1.9765625, 0.39599609375, 3.123046875, 0.95068359375, 1.669921875, 0.0004119873046875, 1.7392578125, 2.265625, 3.838539123535156e-05, 0.1529541015625, 0.082763671875, 1.2333984375, 0.0005640983581542969, 8.9375, 2.0390625, 11.625, 3.4140625, 3.912109375, 2.814453125, 6.5625, 2.310546875, 0.2181396484375, 4.23046875, 8.5859375, 3.908203125, 0.2154541015625, 1.189453125, 3.30859375, 1.828125, 0.031982421875, 5.4296875, 1.705078125, 0.058502197265625, 12.078125, 1.79296875, 6.77734375, 1.693359375, 1.7919921875, 2.02734375, 8.2109375, 3.08203125, 2.091796875, 0.473876953125, 0.02996826171875, 3.833984375, 6.22265625, 0.0086517333984375, 0.364990234375, 3.109375, 3.595703125, 3.135204315185547e-05, 1.0009765625, 2.255859375, 0.00012767314910888672, 6.453125, 0.0927734375, 3.927734375, 0.1385498046875, 0.258544921875, 1.0419921875, 8.0859375, 1.4501953125, 3.03515625, 2.650390625, 4.7734375, 2.31640625, 0.51708984375, 8.671875, 7.0546875, 0.53271484375, 5.69921875, 6.39453125, 0.7509765625, 5.72265625, 5.75390625, 4.60546875, 2.53125, 0.0021915435791015625, 0.05364990234375, 0.403564453125, 0.60546875, 3.838539123535156e-05, 2.427734375, 0.1087646484375, 12.2734375, 0.447265625, 0.8916015625, 0.34423828125, 3.974609375]",-0.6215377939374824
160,1,test,2.7585927841956157,1.0677810781052666,1.519541680464596,4.358881415911304,1.68721209026578,2.401043760292124,15.777624796090723,10.353743279623579,12.32528879481944,24.93039056177871,16.360058441836152,19.475318206178784,2.7955743607564187,0.854768571831898,1.316236749494309,4.081130453659005,1.247837331141457,1.9215135029114,16.372029504437748,9.407668989589062,11.981992697755071,23.900772999179193,13.733823342465783,17.49196014270813,2.7453875633708216,1.0667430623978933,1.5211201245690706,4.338015707867707,1.6855719107502627,2.4035378763909074,15.570647375520963,10.212359483247788,12.168974139521895,24.603343366845277,16.136656421043465,19.228323778471058,0.6532663316582914,-0.006733668341708521,0.008266331658291382,0.5276381909547738,-0.012361809045226213,-0.012361809045226213,0.39698492462311563,-0.0130150753768844,-0.008015075376884395,0.4035087719298246,0.07251052324330975,0.12696268091465535,0.3802816901408451,0.42211055276381915,0.07624589110968383,0.10658467630305124,0.398989898989899,0.40701754385964917,0.0742679816880204,0.1328051751315278,0.3943661971830986,23.0,14.0,14.0,33.0,20.0,21.0,42.0,24.0,24.0,-0.00016713782975863613,4.9867049277783956e-05,4.843068519401955e-05,-0.0002872636165145437,0.00015787518124010802,8.758024202748516e-06,"[1.88671875, 5.3046875, 0.005107879638671875, 0.057769775390625, 9.7578125, 8.578125, 3.6015625, 2.55859375, 4.3125, 4.9921875, 3.6015625, 0.1319580078125, 1.1201171875, 8.3984375, 3.876953125, 0.4365234375, 6.0625, 4.89453125, 6.4453125, 2.916015625, 6.51171875, 4.58203125, 0.050628662109375, 1.3681640625, 0.99560546875, 0.4921875, 2.888671875, 1.7255859375, 0.380126953125, 7.90625, 0.01505279541015625, 0.055633544921875, 2.509765625, 7.44921875, 5.49609375, 6.828125, 2.099609375, 0.4453125, 0.65380859375, 4.80859375, 3.345703125, 2.61328125, 3.556640625, 1.626953125, 0.9609375, 3.279296875, 0.0007619857788085938, 0.288330078125, 0.54931640625, 2.033203125, 2.6171875, 0.07257080078125, 0.08453369140625, 4.8515625, 0.314453125, 3.28515625, 0.2734375, 6.62890625, 0.1253662109375, 5.9296875, 2.833984375, 5.2734375, 2.955078125, 0.6083984375, 1.818359375, 0.00502777099609375, 0.61474609375, 3.076171875, 2.35546875, 6.203125, 6.0859375, 4.125, 1.56640625, 0.01061248779296875, 0.17529296875, 3.830078125, 0.313232421875, 2.619140625, 0.1368408203125, 0.0030612945556640625, 0.0560302734375, 0.466796875, 5.66015625, 2.98828125, 1.0830078125, 0.8681640625, 0.049774169921875, 0.176513671875, 0.03033447265625, 4.31640625, 1.8681640625, 3.28515625, 2.345703125, 3.611328125, 0.9765625, 0.459716796875, 2.0859375, 5.08203125, 1.9140625, 7.98046875, 4.6328125, 2.11328125, 3.033203125, 2.462890625, 1.2431640625, 0.1356201171875, 0.2392578125, 0.0709228515625, 1.8955078125, 3.73828125, 0.00505828857421875, 2.6484375, 8.546875, 2.404296875, 8.21875, 6.36328125, 1.39453125, 5.046875, 0.006526947021484375, 3.818359375, 0.06378173828125, 0.32373046875, 0.273193359375, 1.5703125, 0.0038852691650390625, 0.45654296875, 0.27197265625, 2.884765625, 0.003856658935546875, 8.96875, 5.25, 9.59375, 5.16015625, 0.143798828125, 2.650390625, 0.314697265625, 1.5234375, 0.062286376953125, 2.55859375, 2.734375, 0.004913330078125, 11.7890625, 7.859375, 6.37109375, 6.17578125, 2.0546875, 0.2264404296875, 4.01171875, 0.82861328125, 4.3671875, 9.984375, 2.90234375, 6.30859375, 0.43994140625, 2.40625, 1.841796875, 1.5166015625, 3.36328125, 0.004535675048828125, 4.65234375, 5.0390625, 1.578125, 3.267578125, 2.015625, 2.5703125, 5.13671875, 4.63671875, 2.67578125, 9.4765625, 3.419921875, 4.4609375, 0.86962890625, 4.80078125, 0.6708984375, 1.181640625, 1.97265625, 0.90869140625, 0.053955078125, 10.0390625, 0.08056640625, 0.8603515625, 2.986328125, 0.31103515625, 4.0078125, 3.525390625, 3.27734375, 0.337890625, 4.00390625, 0.91455078125, 0.54736328125, 3.91796875, 0.6533203125, 0.09246826171875, 0.248779296875, 0.041107177734375, 4.08203125, 7.56640625, 2.546875, 5.01171875, 0.039459228515625, 3.28125, 9.96875, 7.33203125, 3.96875, 0.6982421875, 4.21484375, 3.517578125, 0.2093505859375, 1.689453125, 0.466064453125, 1.171875, 2.513671875, 0.002361297607421875, 5.38671875, 3.69921875, 0.01108551025390625, 1.1123046875, 1.0751953125, 1.3544921875, 7.6171875, 1.6767578125, 1.0361328125, 2.23046875, 7.6640625, 7.08984375, 2.060546875, 0.461181640625, 0.46875, 0.061798095703125, 1.44140625, 0.1318359375, 0.8095703125, 4.875, 2.923828125, 1.171875, 7.37109375, 9.859375, 1.44921875, 0.0001093149185180664, 2.443359375, 0.05230712890625, 1.5537109375, 0.00019049644470214844, 1.1572265625, 3.2734375, 0.0022258758544921875, 4.24609375, 0.4921875, 6.0390625, 2.712890625, 3.001953125, 3.2578125, 2.34765625, 4.12109375, 0.0872802734375, 7.21875, 0.00843048095703125, 1.435546875, 1.56640625, 0.262939453125, 8.53125, 2.291015625, 0.1546630859375, 2.345703125, 2.4375, 2.697265625, 3.765625, 1.50390625, 2.51171875, 4.82421875, 6.79296875, 0.40869140625, 1.638671875, 0.06622314453125, 0.476806640625, 2.6328125, 0.8603515625, 4.21484375, 0.326416015625, 8.09375, 2.17578125, 5.2890625, 1.900390625, 0.2349853515625, 4.3515625]",-1.103422701567934
27,1,test,3.1896417461166875,1.4389419451500605,1.9594375854428403,5.204152322611438,2.3477473841922043,3.1969771130909503,24.27972757811677,18.52109641619105,20.857799489993603,39.61429236429578,30.218630994838023,34.03114653630534,3.286978490987615,1.4075380303152842,1.9506451266894191,4.662380838280305,1.996507844418843,2.766872520126836,26.761880109313687,20.212041165118716,22.95681400453327,37.96011363023218,28.669561936338603,32.56285674401882,3.1933575792854847,1.4291216170907421,1.9625927185932532,5.15057674078304,2.305034866275391,3.165472126763312,24.370114823141275,18.53300394259322,20.946267521875043,39.30663681151819,29.89194184289229,33.78430245463717,0.7085427135678393,0.0035427135678391952,-0.006457286432160814,0.5628140703517588,-0.0021859296482411583,-0.0021859296482411583,0.44723618090452266,0.002236180904522711,0.002236180904522711,0.4110032362459547,0.09385113268608414,0.15533980582524276,0.39935064935064934,0.40703517587939697,0.07788944723618085,0.14070351758793964,0.4191919191919192,0.41137123745819393,0.09364548494983271,0.15607580824972123,0.4093959731543624,26.0,11.0,9.0,39.0,14.0,13.0,47.0,10.0,8.0,0.0005661854630801099,0.00026325939068427883,-2.5390639888778404e-05,-0.00860420470577683,-0.010123765309177912,-0.008218116196869296,"[6.98828125, 1.2099609375, 0.3408203125, 0.04638671875, 0.89111328125, 0.1239013671875, 0.1336669921875, 9.417533874511719e-06, 1.29296875, 0.0028247833251953125, 0.01203155517578125, 5.37109375, 5.53515625, 4.234375, 2.791015625, 1.2255859375, 1.546875, 0.6982421875, 1.814453125, 0.98095703125, 0.921875, 4.69921875, 0.06591796875, 9.765625, 1.5439453125, 5.328125, 5.609375, 0.127197265625, 0.1351318359375, 1.2490234375, 10.2421875, 4.80859375, 0.1746826171875, 8.0, 2.638671875, 0.349853515625, 2.970703125, 10.015625, 6.9453125, 1.2685546875, 8.1484375, 4.5234375, 2.443359375, 1.884765625, 10.234375, 2.353515625, 7.49609375, 4.7890625, 4.12890625, 4.984375, 5.3828125, 9.3046875, 0.83837890625, 10.8515625, 5.02734375, 2.9765625, 3.14453125, 4.53125, 2.67578125, 3.1953125, 2.837890625, 4.25, 6.83203125, 0.05047607421875, 11.1640625, 6.38671875, 2.078125, 3.619140625, 2.2265625, 4.10546875, 1.9541015625, 9.4453125, 6.6171875, 4.171875, 5.2109375, 2.791015625, 0.03582763671875, 0.64013671875, 0.350341796875, 3.89453125, 0.6591796875, 4.76953125, 7.49609375, 3.162109375, 5.8046875, 1.4169921875, 2.140625, 2.84375, 7.78515625, 2.884765625, 1.5966796875, 4.52734375, 2.75, 1.103515625, 5.27734375, 4.57421875, 0.213623046875, 1.4384765625, 7.82421875, 0.73876953125, 2.12890625, 9.03125, 0.99462890625, 4.109375, 6.01171875, 4.49609375, 0.93017578125, 4.3828125, 5.45703125, 6.75390625, 0.95947265625, 1.3896484375, 0.20849609375, 1.8486328125, 3.19921875, 0.5849609375, 5.59375, 9.9765625, 1.1455078125, 1.0576171875, 2.73046875, 6.25, 1.0859375, 2.0703125, 9.015625, 0.494873046875, 1.962890625, 3.0078125, 3.23828125, 2.0234375, 6.58984375, 1.94140625, 3.501953125, 1.2490234375, 3.845703125, 0.0880126953125, 5.37890625, 10.3046875, 1.384765625, 6.39453125, 9.4453125, 1.2705078125, 4.20703125, 1.48828125, 2.1171875, 4.25, 0.35498046875, 0.97021484375, 2.724609375, 8.75, 3.666015625, 11.3359375, 0.67431640625, 6.4373016357421875e-06, 0.2047119140625, 0.3291015625, 1.771484375, 0.0007128715515136719, 6.33203125, 0.176025390625, 0.15576171875, 0.10760498046875, 0.0028667449951171875, 0.048980712890625, 3.325939178466797e-05, 0.007778167724609375, 0.00038552284240722656, 2.3484230041503906e-05, 0.032928466796875, 0.00034618377685546875, 9.298324584960938e-06, 0.7099609375, 5.77734375, 0.495361328125, 0.1981201171875, 0.0936279296875, 0.0020618438720703125, 3.2109375, 3.203125, 6.44140625, 4.421875, 6.6796875, 0.2181396484375, 5.58984375, 0.243896484375, 0.07598876953125, 0.03167724609375, 4.88671875, 2.173828125, 5.26953125, 5.6484375, 1.9140625, 5.3515625, 7.4453125, 1.4560546875, 6.0859375, 2.998046875, 4.875, 2.076171875, 6.4375, 6.47265625, 8.171875, 1.58203125, 2.486328125, 5.8984375, 0.6298828125, 0.1767578125, 0.67138671875, 0.98095703125, 1.8701171875, 4.02734375, 2.0234375, 7.69140625, 4.14453125, 2.501953125, 6.44140625, 0.302001953125, 5.08203125, 0.8662109375, 8.421875, 3.494140625, 0.037109375, 1.337890625, 10.296875, 0.376708984375, 3.23046875, 7.21484375, 2.890625, 2.345703125, 1.4619140625, 0.00396728515625, 0.681640625, 2.2578125, 3.9609375, 0.09454345703125, 4.13671875, 2.947265625, 1.6953125, 9.09375, 1.7822265625, 7.10546875, 5.5625, 1.4921875, 1.5625, 2.4296875, 0.7724609375, 7.82421875, 1.01171875, 5.75, 0.0284881591796875, 2.541015625, 1.728515625, 2.947265625, 7.328125, 1.8251953125, 3.138671875, 6.2890625, 1.263671875, 0.00185394287109375, 0.00786590576171875, 0.7021484375, 7.14453125, 0.1357421875, 3.58203125, 0.2203369140625, 4.6015625, 0.137939453125, 0.87353515625, 3.41015625, 0.7939453125, 1.9931640625, 8.8828125, 0.250244140625, 0.49560546875, 8.5390625, 3.390625, 1.12109375, 3.638671875, 0.380859375, 0.9189453125, 2.884765625, 0.04193115234375, 7.390625, 6.45703125, 1.9150390625, 7.59375, 3.576171875, 0.343505859375, 3.03515625, 3.380859375, 0.2041015625, 0.04547119140625, 2.306640625, 6.421875, 0.08026123046875, 0.59228515625, 1.7626953125, 0.0007042884826660156, 8.2265625, 0.090087890625, 7.203125, 0.49755859375, 6.51953125, 6.03125, 0.57861328125, 0.0007801055908203125, 2.130859375, 1.978515625, 6.765625]",-0.8944561161269649
172,1,test,2.5094414768594033,1.0318312582843123,1.4061417825324376,5.0048637275911005,2.0578980961312823,2.8044280243803366,12.298059391220695,7.9155993560997135,9.283964165030707,24.527414540032336,15.786977486746355,18.51606260846906,2.541422902040146,0.9472672860088913,1.3799897026289034,4.458636670245871,1.6618724315945466,2.4210345660156203,12.697725742566206,7.773556316092084,9.503217378233044,22.276711829063522,13.637818098407168,16.672311189882535,2.57778917826139,1.0326762002225067,1.4512154185925965,4.863753166530925,1.9484456607971827,2.7381422992313142,13.1679938680151,8.479492573232477,10.082925681630766,24.845271449085093,15.99904259100467,19.02438807854861,0.6331658291457287,0.0031658291457287158,0.00816582914572872,0.44221105527638194,-0.027788944723618036,-0.017788944723618028,0.33668341708542715,0.00668341708542719,-0.008316582914572823,0.3904494382022472,0.08189403848275212,0.12163223390117195,0.3380281690140845,0.3919597989949749,0.0761703253107644,0.11983959866108507,0.30808080808080807,0.4013377926421404,0.1008369579175995,0.14661031766994914,0.3489932885906041,23.0,0.0,1.0,32.0,0.0,-1.0,41.0,-1.0,-1.0,0.0007721752268523923,-3.2498960108689424e-05,0.0003019225873806754,-0.00995148643247834,-0.010606131433156918,-0.010837415732011912,"[9.609375, 2.08984375, 5.78515625, 4.796875, 4.1015625, 0.105224609375, 6.76953125, 6.53125, 8.9609375, 2.52734375, 0.0299224853515625, 0.011749267578125, 4.63671875, 0.4052734375, 7.89453125, 10.0390625, 2.244140625, 1.9833984375, 1.302734375, 2.609375, 4.45703125, 6.51953125, 2.40234375, 1.1318359375, 9.53125, 0.98193359375, 4.65234375, 1.119140625, 0.2108154296875, 2.12109375, 7.46875, 0.356689453125, 1.216796875, 1.025390625, 2.755859375, 0.1536865234375, 1.6904296875, 4.625, 3.3359375, 3.255859375, 5.078125, 0.17138671875, 3.4765625, 7.17578125, 3.224609375, 6.67578125, 0.351318359375, 0.013946533203125, 6.015625, 0.0170135498046875, 1.5869140625, 2.408203125, 3.080078125, 0.2315673828125, 0.53759765625, 1.4873046875, 1.673828125, 7.6171875, 5.72265625, 0.90283203125, 2.888671875, 11.15625, 5.59375, 2.650390625, 5.859375, 0.3046875, 5.61328125, 2.05859375, 4.41015625, 10.984375, 4.96875, 1.5322265625, 0.01261138916015625, 0.1343994140625, 0.04876708984375, 4.649162292480469e-05, 3.2890625, 1.0341796875, 1.8466796875, 6.06640625, 0.06597900390625, 1.83984375, 0.1383056640625, 1.7783203125, 2.916015625, 0.244873046875, 4.9609375, 0.1392822265625, 4.17578125, 1.6171875, 6.5703125, 3.123046875, 0.3076171875, 2.54296875, 2.5, 0.265380859375, 0.34375, 1.8203125, 0.325927734375, 1.5556640625, 1.02734375, 8.5625, 2.064453125, 3.80859375, 1.5673828125, 3.974609375, 4.62890625, 1.2978515625, 1.6982421875, 1.205078125, 1.37109375, 0.451171875, 0.03692626953125, 0.33642578125, 0.138427734375, 0.059356689453125, 0.9658203125, 0.286376953125, 0.50146484375, 0.1783447265625, 0.2880859375, 1.0380859375, 3.595703125, 0.002010345458984375, 0.49951171875, 0.261474609375, 4.33203125, 1.8525390625, 1.8095703125, 3.0234375, 5.390625, 8.6640625, 1.5302734375, 1.9443359375, 3.599609375, 3.146484375, 1.97265625, 1.095703125, 1.509765625, 1.001953125, 3.474609375, 1.1884765625, 0.6015625, 4.0, 0.3359375, 6.1328125, 0.27783203125, 0.152587890625, 3.044921875, 2.228515625, 4.1171875, 0.043670654296875, 0.1336669921875, 0.685546875, 0.6015625, 0.01216888427734375, 1.642578125, 1.763671875, 3.462890625, 10.75, 7.8515625, 0.346435546875, 0.0028553009033203125, 0.008331298828125, 0.0036144256591796875, 0.00016868114471435547, 5.86328125, 0.1744384765625, 7.3125, 2.416015625, 2.431640625, 0.0123748779296875, 0.00015413761138916016, 4.15625, 0.173095703125, 4.22265625, 0.006317138671875, 2.30859375, 0.0004401206970214844, 0.0222015380859375, 0.0009870529174804688, 0.00017845630645751953, 1.3056640625, 2.1640625, 5.140625, 2.951171875, 0.039276123046875, 4.046875, 1.5771484375, 4.875, 0.1051025390625, 1.6220703125, 4.93359375, 0.058197021484375, 5.203125, 0.1361083984375, 0.377685546875, 0.083251953125, 0.0960693359375, 4.16796875, 7.1953125, 2.625, 1.33984375, 0.70849609375, 0.02166748046875, 1.6533203125, 5.0703125, 6.0, 1.0556640625, 0.001617431640625, 0.007549285888671875, 0.00365447998046875, 0.00021016597747802734, 3.541015625, 0.64990234375, 8.671875, 7.61328125, 0.4921875, 0.0004734992980957031, 0.0039043426513671875, 0.0013875961303710938, 0.0004589557647705078, 4.37890625, 1.796875, 2.486328125, 0.755859375, 5.90625, 1.18359375, 0.253173828125, 8.6015625, 1.6171875, 4.89453125, 1.1865234375, 1.953125, 0.008758544921875, 7.16015625, 0.0274200439453125, 5.234375, 4.6796875, 1.6005859375, 3.275390625, 6.3203125, 5.32421875, 1.0146484375, 2.822265625, 0.283203125, 9.0703125, 0.99267578125, 0.02398681640625, 2.048828125, 6.171875, 10.21875, 1.056640625, 0.1522216796875, 7.5078125, 4.40625, 0.11480712890625, 2.267578125, 8.015625, 5.18359375, 5.8515625, 3.4375, 0.6630859375, 0.0011730194091796875, 0.004619598388671875, 0.0027141571044921875, 7.915496826171875e-05, 4.109375, 1.515625, 1.666015625, 0.85888671875, 4.90234375, 0.1588134765625, 3.794921875, 0.05108642578125, 1.2587890625, 0.05157470703125, 0.339111328125, 0.0299224853515625, 0.041839599609375, 3.501953125, 3.421875, 0.0104217529296875, 4.046875, 3.033203125, 0.61279296875, 0.0212249755859375, 0.0003235340118408203, 1.89453125, 7.48046875, 2.619140625, 2.509765625, 7.31640625, 3.697265625, 0.7470703125, 7.55078125, 2.841796875, 3.8671875, 0.0006265640258789062, 0.00836181640625, 0.0006923675537109375, 4.8995018005371094e-05, 4.0625, 1.4677734375, 4.73828125, 0.005802154541015625, 5.0234375, 0.01468658447265625, 0.1624755859375, 0.03662109375, 0.0300750732421875, 2.099609375, 2.384765625, 0.0267486572265625, 1.2431640625, 6.72265625, 0.032318115234375, 5.41015625, 1.17578125, 3.869140625, 2.390625, 1.1572265625, 2.701171875, 0.367431640625, 5.2109375, 1.0439453125, 0.365478515625, 2.51171875, 2.708984375, 0.54736328125, 0.75, 5.46875, 8.6796875, 3.826171875, 2.30859375, 5.96484375, 3.515625, 1.740234375, 0.2158203125, 0.00079345703125, 0.0006265640258789062, 3.046875, 0.375, 10.4375, 4.96875, 0.20849609375, 0.001811981201171875, 0.004161834716796875, 0.0008955001831054688, 0.0001615285873413086, 3.98046875, 1.412109375, 1.0576171875, 0.00041365623474121094, 9.140625, 0.0255889892578125]",-1.2555493297201865
297,1,test,3.208888016518193,1.4219363956684077,1.9477945091660194,5.134220826429109,2.2750982330694525,3.1164712146656313,24.751547604094874,18.780325459148322,21.222268933868992,39.602476166551796,30.048520734637314,33.955630294190385,3.2406245440094916,1.3862163354205832,1.9594433309537838,5.024224099239522,2.1491726130551676,3.0378966371376492,25.54967366112644,19.16175684361237,21.948783027636935,39.61189714903324,29.708150145135455,34.029120973080516,3.2011297510619148,1.402772466137094,1.9259910846416348,5.13550227443088,2.2504371114498833,3.089825269478559,24.560261510942073,18.520543735560558,20.981063820718806,39.40148905498729,29.712102249562392,33.65946067494996,0.6733668341708543,0.0033668341708543714,-0.021633165829145762,0.5527638190954773,-0.0022361809045226,0.017763819095477418,0.457286432160804,0.017286432160804055,-0.012713567839195972,0.4455445544554455,0.14570929910124453,0.1897816565410657,0.41721854304635764,0.4371859296482412,0.1264089872923515,0.19511581278680545,0.4191919191919192,0.44147157190635455,0.14764853350902563,0.18674409693416327,0.412751677852349,25.0,12.0,11.0,39.0,12.0,12.0,46.0,11.0,9.0,0.0007532608911627989,0.0003412143104021611,-4.3091569287573125e-06,-0.007076292795295203,-0.008405590393337548,-0.00683987736059688,"[1.859375, 5.28125, 0.00511932373046875, 0.052032470703125, 5.68359375, 2.353515625, 1.1005859375, 4.5390625, 1.734375, 3.001953125, 4.66796875, 1.1357421875, 1.2255859375, 2.052734375, 11.6015625, 0.34228515625, 5.6875, 4.21875, 2.369140625, 2.259765625, 1.7578125, 5.2421875, 0.2100830078125, 10.625, 1.69140625, 2.72265625, 0.416259765625, 4.81640625, 0.01401519775390625, 4.4140625, 0.5849609375, 10.390625, 3.74609375, 5.1796875, 5.66796875, 0.85009765625, 3.96875, 5.9453125, 2.22265625, 6.4453125, 2.35546875, 2.505859375, 6.8125, 4.45703125, 6.49609375, 0.33544921875, 4.49609375, 4.765625, 1.4140625, 5.56640625, 6.58203125, 0.5234375, 6.88671875, 3.298828125, 0.85498046875, 2.107421875, 0.493896484375, 5.02734375, 3.33984375, 7.75, 5.6484375, 5.71875, 8.5546875, 7.6328125, 0.2998046875, 2.58984375, 1.5712890625, 1.498046875, 0.58984375, 7.875, 0.90869140625, 2.927734375, 0.49169921875, 0.002838134765625, 0.75341796875, 2.6328125, 3.396484375, 3.51171875, 0.07952880859375, 4.28125, 7.703125, 9.7890625, 6.15625, 6.359375, 3.109375, 6.140625, 7.72265625, 6.5703125, 0.07305908203125, 0.0146484375, 1.4287109375, 0.35546875, 0.004093170166015625, 0.9033203125, 1.16015625, 4.54296875, 5.296875, 5.44140625, 5.10546875, 0.0333251953125, 1.3525390625, 0.1649169921875, 0.7607421875, 0.267333984375, 8.140625, 4.66796875, 1.3369140625, 3.5859375, 2.9609375, 0.134033203125, 0.059539794921875, 7.9375, 0.2017822265625, 1.84375, 7.96484375, 10.21875, 3.814453125, 1.6416015625, 3.443359375, 7.640625, 8.5234375, 5.62109375, 9.140625, 0.1365966796875, 0.293701171875, 3.466796875, 0.337890625, 10.21875, 6.64453125, 3.3515625, 6.44921875, 7.3359375, 0.07049560546875, 0.82568359375, 3.931640625, 8.1796875, 1.591796875, 9.4765625, 0.1583251953125, 6.06640625, 0.97802734375, 1.6357421875, 4.72265625, 1.0927734375, 7.0078125, 0.6748046875, 5.46484375, 5.05078125, 1.3818359375, 2.234375, 3.876953125, 1.390625, 0.02740478515625, 2.22265625, 0.157958984375, 0.416015625, 0.22802734375, 0.1556396484375, 9.167194366455078e-05, 2.8848648071289062e-05, 3.5762786865234375e-07, 0.00014138221740722656, 4.76837158203125e-06, 7.867813110351562e-06, 0.441162109375, 3.310546875, 4.05859375, 5.046875, 0.69775390625, 0.79150390625, 3.357421875, 3.591796875, 0.99609375, 6.00390625, 0.1094970703125, 1.03125, 0.78515625, 4.46875, 1.2041015625, 7.44921875, 7.89453125, 0.09173583984375, 2.158203125, 3.24609375, 4.88671875, 0.024871826171875, 2.078125, 1.380859375, 1.9033203125, 7.665157318115234e-05, 2.509765625, 5.72265625, 0.39404296875, 0.1072998046875, 1.0986328125, 10.3828125, 6.87109375, 0.32666015625, 0.80712890625, 1.1787109375, 6.671875, 0.012420654296875, 6.1796875, 4.3046875, 0.45556640625, 5.68359375, 3.349609375, 8.3828125, 1.9814453125, 9.078125, 2.9921875, 5.515625, 6.18359375, 2.833984375, 0.39013671875, 3.724609375, 0.30810546875, 1.8388671875, 4.8984375, 3.03515625, 2.7109375, 3.28515625, 11.21875, 1.341796875, 3.41796875, 0.01515960693359375, 8.078125, 0.01148223876953125, 0.11346435546875, 3.24609375, 0.00018131732940673828, 0.002895355224609375, 2.0384788513183594e-05, 0.0002448558807373047, 0.0011186599731445312, 0.003414154052734375, 4.76953125, 5.1796875, 12.609375, 9.9453125, 0.90234375, 0.9736328125, 2.6015625, 0.0021610260009765625, 0.0003864765167236328, 3.17578125, 4.02734375, 0.002254486083984375, 8.28125, 4.5390625, 3.63671875, 3.06640625, 2.87109375, 1.4794921875, 0.1458740234375, 2.783203125, 1.349609375, 0.8798828125, 3.24609375, 1.3203125, 4.76953125, 4.90234375, 6.01171875, 1.42578125, 0.86083984375, 0.7734375, 0.2142333984375, 8.296875, 4.515625, 3.7734375, 8.4609375, 1.328125, 0.0391845703125, 0.380859375, 6.53515625, 4.265625, 1.7470703125, 1.119140625, 2.814453125, 1.439453125, 6.390625, 3.67578125, 4.73046875, 0.85546875, 1.7744140625, 0.08807373046875, 5.671875, 0.41015625, 0.350341796875, 0.00614166259765625, 2.015625, 1.54296875, 4.9453125, 7.54296875, 1.365234375, 4.4140625, 0.324462890625, 0.91064453125, 9.28125, 3.55078125, 1.1865234375, 3.2578125, 7.16015625]",-1.0921345130838578
16,1,test,3.0281736955096825,1.3510884731932933,1.8704804893804268,5.246486984080729,2.340839331462799,3.2407161967172513,20.65946763622286,15.309528297343618,17.476884397865767,35.793728811595415,26.524647864002308,30.279718317232543,3.1337965289552008,1.3253953452794969,1.8899447834882457,4.858599269697986,2.0548765043092976,2.9301469511445672,22.96098632547294,16.860300570701686,19.492037050626237,35.59842841158596,26.140000884808817,30.220212481591066,3.0281736955096825,1.3510884731932933,1.8704804893804268,5.246486984080729,2.340839331462799,3.2407161967172513,20.65946763622286,15.309528297343618,17.476884397865767,35.793728811595415,26.524647864002308,30.279718317232543,0.7135678391959799,-0.031432160804020115,-0.0164321608040201,0.5728643216080402,-0.012135678391959726,0.0028643216080401768,0.4623115577889447,0.0023115577889447625,0.017311557788944776,0.4444444444444444,0.12679738562091503,0.19472439965161126,0.40878378378378377,0.4321608040201005,0.11135879900756918,0.17172674725883175,0.38888888888888884,0.4444444444444444,0.12679738562091503,0.19472439965161126,0.40878378378378377,17.0,1.0,2.0,30.0,1.0,-1.0,38.0,1.0,0.0,0.00046251816454317014,0.00011771572569218989,2.174589767573018e-05,0.0005149329265217162,0.00011139288064487829,-3.329665942342075e-05,"[2.544921875, 3.01171875, 4.99609375, 0.85546875, 5.796875, 9.4921875, 4.2734375, 1.3984375, 0.31103515625, 2.8125, 3.0, 3.177734375, 1.048828125, 11.796875, 1.5888671875, 3.54296875, 1.7998046875, 6.10546875, 6.02734375, 1.615234375, 3.525390625, 9.5703125, 0.45947265625, 1.8984375, 0.64892578125, 0.837890625, 3.0625, 5.4609375, 6.41015625, 7.0390625, 4.37109375, 0.212890625, 0.26953125, 2.91796875, 3.009765625, 0.327880859375, 1.7861328125, 0.92041015625, 4.21875, 6.71484375, 0.1781005859375, 3.224609375, 4.23046875, 1.0859375, 3.615234375, 5.10546875, 3.412109375, 1.177734375, 0.466064453125, 7.9375, 2.634765625, 5.99609375, 3.46484375, 6.2109375, 4.01953125, 0.97607421875, 3.6640625, 0.210205078125, 2.76171875, 0.239013671875, 0.03643798828125, 0.8349609375, 3.921875, 1.1552734375, 6.06640625, 6.38671875, 1.0927734375, 6.4375, 3.36328125, 0.69189453125, 1.1513671875, 4.08203125, 3.1015625, 6.30859375, 4.3828125, 4.70703125, 8.6953125, 5.25, 6.0546875, 0.91162109375, 3.9609375, 2.7109375, 1.9560546875, 2.1796875, 0.9140625, 2.505859375, 2.841796875, 1.7021484375, 6.50390625, 8.125, 5.3671875, 3.19921875, 1.826171875, 1.5771484375, 7.71484375, 1.392578125, 1.806640625, 1.349609375, 6.375, 3.857421875, 1.6708984375, 5.9453125, 2.42578125, 0.8857421875, 3.39453125, 2.708984375, 1.037109375, 2.89453125, 0.6650390625, 9.765625, 0.9423828125, 1.2705078125, 4.078125, 0.45361328125, 0.025634765625, 1.0224609375, 0.044647216796875, 0.00308990478515625, 0.26953125, 5.234375, 4.46484375, 13.828125, 0.57763671875, 0.07208251953125, 2.150390625, 0.787109375, 4.16015625, 2.9453125, 0.2890625, 6.125, 8.8671875, 0.09466552734375, 3.091796875, 3.51953125, 9.671875, 0.1943359375, 5.13671875, 3.56640625, 3.234375, 6.359375, 1.07421875, 0.009796142578125, 3.16015625, 0.68994140625, 3.611328125, 0.429443359375, 2.37109375, 1.1396484375, 0.1326904296875, 1.9619140625, 5.3359375, 0.0736083984375, 2.5078125, 1.1552734375, 0.07098388671875, 1.78125, 2.3125, 4.3671875, 5.87109375, 0.82861328125, 0.19775390625, 0.59912109375, 1.2666015625, 1.9248046875, 0.05755615234375, 12.296875, 1.251953125, 3.08984375, 1.240234375, 0.287109375, 0.0011644363403320312, 0.0074920654296875, 1.5498046875, 0.304443359375, 0.1507568359375, 1.609375, 0.005035400390625, 4.39453125, 1.1396484375, 4.5703125, 4.19921875, 3.5625, 4.74609375, 3.0625, 1.53515625, 3.826171875, 3.171875, 0.51611328125, 2.90625, 1.103515625, 0.40234375, 4.87890625, 7.53125, 1.01171875, 6.375, 10.4609375, 8.75, 6.4609375, 5.08984375, 4.71875, 5.83984375, 6.37109375, 0.7705078125, 1.880859375, 8.6015625, 0.299072265625, 0.0030689239501953125, 0.056976318359375, 0.010284423828125, 3.5762786865234375e-07, 3.724609375, 2.36328125, 3.3203125, 5.8515625, 3.576171875, 4.921875, 1.6259765625, 0.052337646484375, 0.67919921875, 6.75, 8.703125, 2.427734375, 6.1328125, 0.428955078125, 0.25, 0.2359619140625, 6.15234375, 1.5888671875, 4.4375, 7.66796875, 0.288818359375, 2.330078125, 6.59765625, 6.02734375, 0.1666259765625, 2.7418136596679688e-06, 2.662109375, 1.2509765625, 1.423828125, 3.138671875, 10.5625, 1.9443359375, 5.4296875, 0.87109375, 4.37109375, 2.673828125, 7.1171875, 0.156494140625, 0.0100860595703125, 0.008270263671875, 0.01345062255859375, 8.344650268554688e-07, 2.27734375, 0.059539794921875, 5.38671875, 9.390625, 3.66015625, 0.72412109375, 5.1171875, 4.1484375, 2.494140625, 4.66015625, 5.40625, 3.90625, 4.4453125, 0.85986328125, 0.0009379386901855469, 0.00952911376953125, 0.0110321044921875, 2.2649765014648438e-06, 2.34765625, 2.685546875, 3.5078125, 0.1890869140625, 0.0007123947143554688, 0.003910064697265625, 0.00548553466796875, 2.384185791015625e-06, 4.0859375, 0.53076171875, 0.728515625, 7.7265625, 5.61328125, 0.47509765625, 3.09765625, 5.1328125, 2.6640625, 5.29296875, 4.23828125, 9.1796875, 3.169921875, 5.1796875, 0.779296875, 3.275390625, 0.1497802734375, 0.0011034011840820312, 0.00208282470703125]",-0.9958703413555519
425,0,test,3.453499223193983,1.5859128623737617,2.1794028125086107,5.97303324766255,2.742931051275374,3.769407380124956,31.61081229154637,25.138157414569946,28.035343097281437,54.672788554561336,43.47794521387884,48.488800954417584,3.6710543141293166,1.649877874052895,2.289873865724581,5.736022365827057,2.577934178207648,3.5779279151946572,39.293311522707604,31.746112982875104,35.31371495840755,61.39579925423063,49.60330153574235,55.177679622511796,3.453499223193983,1.5859128623737617,2.1794028125086107,5.97303324766255,2.742931051275374,3.769407380124956,31.61081229154637,25.138157414569946,28.035343097281437,54.672788554561336,43.47794521387884,48.488800954417584,0.7185929648241206,-0.006407035175879372,-0.006407035175879372,0.5829145728643217,-0.01708542713567829,-0.01708542713567829,0.48743718592964824,-0.012562814070351758,-0.02756281407035177,0.43795620437956206,0.13923124991690272,0.2098008645737368,0.42490842490842495,0.42713567839195976,0.1188650017002304,0.183396112448721,0.4444444444444444,0.43795620437956206,0.13923124991690272,0.2098008645737368,0.42490842490842495,22.0,12.0,11.0,34.0,18.0,16.0,42.0,16.0,17.0,0.0007166015929678597,0.000257613764054772,5.601637660472697e-05,-0.007224328038894612,-0.005044009211644607,-0.005536959163829458,"[1.783203125, 4.34765625, 0.00472259521484375, 0.0274505615234375, 5.20703125, 0.646484375, 5.53515625, 2.3046875, 1.2294921875, 5.66015625, 2.349609375, 5.72265625, 3.060546875, 0.46484375, 6.625, 8.25, 0.3486328125, 2.0078125, 6.796875, 9.7734375, 3.3125, 2.076171875, 7.84375, 0.34033203125, 2.3515625, 1.701171875, 4.99609375, 0.038330078125, 4.078125, 0.0218048095703125, 5.89453125, 0.0055084228515625, 2.9296875, 5.6328125, 4.33984375, 6.32421875, 3.623046875, 6.28515625, 0.85302734375, 1.1923828125, 9.0625, 3.45703125, 4.796875, 5.05859375, 2.25, 7.9765625, 0.8818359375, 2.79296875, 2.484375, 5.28125, 0.14404296875, 3.443359375, 10.4921875, 0.1480712890625, 1.1962890625, 4.81640625, 0.036529541015625, 5.8515625, 8.46875, 1.7646484375, 6.44140625, 1.6416015625, 0.6552734375, 10.203125, 1.025390625, 1.21484375, 12.6171875, 0.0021152496337890625, 5.64453125, 4.4453125, 6.06640625, 0.039093017578125, 7.16015625, 0.317138671875, 7.69921875, 4.6953125, 5.33203125, 4.3984375, 1.8232421875, 5.4140625, 1.453125, 1.2216796875, 0.1541748046875, 10.109375, 0.6318359375, 6.6328125, 6.4140625, 9.1640625, 0.35546875, 4.6640625, 8.421875, 1.0595703125, 0.57568359375, 2.1875, 3.044921875, 0.006916046142578125, 1.9365234375, 6.4765625, 1.81640625, 2.541015625, 0.1741943359375, 1.4541015625, 8.1875, 0.56787109375, 4.421875, 8.6484375, 3.935546875, 1.0693359375, 7.0234375, 3.78125, 3.353515625, 0.494140625, 6.14453125, 4.2265625, 1.1611328125, 0.01511383056640625, 0.54052734375, 2.119140625, 2.38671875, 1.544921875, 6.78515625, 5.01171875, 5.875, 3.455078125, 3.650390625, 0.82421875, 7.96875, 0.7861328125, 0.7587890625, 8.7265625, 0.09893798828125, 0.89306640625, 12.2890625, 1.3955078125, 8.9140625, 4.48828125, 8.0234375, 0.33203125, 5.96484375, 11.0703125, 6.09375, 0.325439453125, 0.016876220703125, 7.96484375, 0.31201171875, 2.255859375, 4.265625, 0.9267578125, 8.3203125, 10.9375, 2.861328125, 4.2265625, 8.1796875, 2.12109375, 0.89501953125, 6.03125, 2.23046875, 0.73095703125, 5.79296875, 5.17578125, 0.1158447265625, 0.41259765625, 0.66796875, 0.8984375, 0.0006151199340820312, 5.34765625, 0.0025882720947265625, 11.953125, 14.03125, 0.890625, 0.02606201171875, 2.501953125, 0.00013172626495361328, 0.85986328125, 0.06170654296875, 2.875, 0.019561767578125, 4.80078125, 1.8740234375, 1.287109375, 2.1953125, 1.0, 5.77734375, 1.6416015625, 5.23046875, 3.287109375, 0.0045166015625, 10.296875, 4.69140625, 6.7578125, 0.157958984375, 1.04296875, 8.0546875, 7.09765625, 0.64794921875, 0.4833984375, 3.6953125, 3.212890625, 7.1796875, 5.32421875, 2.10546875, 8.6796875, 2.775390625, 5.65234375, 4.94921875, 1.1396484375, 0.022369384765625, 10.234375, 0.02685546875, 1.4091796875, 2.173828125, 12.890625, 3.638671875, 1.38671875, 0.0089569091796875, 0.260498046875, 8.606910705566406e-05, 0.055206298828125, 0.05419921875, 3.498046875, 0.260986328125, 1.35546875, 0.007549285888671875, 0.8203125, 4.98046875, 1.0615234375, 3.970703125, 3.015625, 0.861328125, 5.1015625, 4.70703125, 0.7802734375, 8.0, 1.703125, 4.2890625, 3.79296875, 12.65625, 7.3359375, 3.662109375, 0.474365234375, 1.912109375, 8.0625, 1.201171875, 3.37890625, 0.04119873046875, 9.7421875, 3.990234375, 0.0024318695068359375, 0.2347412109375, 0.00016021728515625, 0.11822509765625, 0.055755615234375, 5.09765625, 6.51953125, 0.008575439453125, 0.055511474609375, 0.0013589859008789062, 0.07928466796875, 1.6808509826660156e-05, 2.435546875, 0.0284881591796875, 0.34765625, 0.1495361328125, 9.4609375, 3.8984375, 5.92578125, 3.50390625, 0.32177734375, 4.015625, 2.990234375, 5.07421875, 0.55322265625, 0.00909423828125, 0.5205078125]",-0.6093073830987414
155,0,test,3.2601115602951545,1.424547404662443,1.9604554464481263,6.068520916453029,2.651717759281295,3.649281523810067,26.05244339867898,19.783773745330844,22.38440833443848,48.49521090476992,36.82642221269417,41.66736250205717,3.2261118307784575,1.264563419918238,1.797541789305056,5.514721078253774,2.161646871655108,3.0727210073590703,25.181556226534205,18.071227971266527,21.008828130923032,43.04539525903283,30.890987985070986,35.912526719526554,3.2522767363583363,1.4044417086445287,1.9358227254680926,6.060142987003111,2.6169721279090594,3.607123090934334,25.849124615013128,19.50305903160215,22.1189538620201,48.16607071120459,36.34110378559407,41.21544197891944,0.7035175879396984,0.0035175879396984744,0.008517587939698368,0.5728643216080402,-0.007135678391959832,-0.0021356783919597166,0.4371859296482412,-0.002814070351758735,-0.002814070351758735,0.43181818181818177,0.1011860910564314,0.16615943451796578,0.4364820846905537,0.4321608040201005,0.10133373635092757,0.15837115460440765,0.4191919191919192,0.4280936454849499,0.10255107453336387,0.1633550470422358,0.4295302013422819,21.0,10.0,10.0,29.0,7.0,10.0,38.0,9.0,9.0,0.0003127351033198136,0.00012473347386163044,2.0119432589289934e-07,-0.010644312568837577,-0.009455737273915688,-0.010029057859619606,"[2.88671875, 2.212890625, 0.2330322265625, 0.0401611328125, 3.814697265625e-05, 1.2705078125, 0.01294708251953125, 0.01422119140625, 6.5859375, 0.87109375, 0.52392578125, 4.39453125, 4.65625, 0.052398681640625, 7.1171875, 0.35107421875, 3.28515625, 8.4140625, 6.40625, 2.15234375, 7.1171875, 5.77734375, 3.412109375, 2.1484375, 0.18408203125, 1.771484375, 9.6171875, 3.271484375, 6.609375, 6.51171875, 0.07110595703125, 2.626953125, 3.349609375, 1.6015625, 14.453125, 7.6640625, 2.564453125, 5.36328125, 5.578125, 3.63671875, 0.4462890625, 3.10546875, 0.77197265625, 3.3203125, 0.012908935546875, 1.583984375, 4.1953125, 5.35546875, 2.240234375, 1.263671875, 5.390625, 1.6708984375, 1.8447265625, 4.24609375, 4.25390625, 2.421875, 3.87109375, 6.6015625, 8.0546875, 2.34375, 1.8359375, 2.125, 1.7822265625, 4.94921875, 7.21484375, 0.58154296875, 4.16015625, 5.91015625, 3.791015625, 6.484375, 6.81640625, 1.3232421875, 3.92578125, 6.203125, 0.82958984375, 2.75, 1.982421875, 4.27734375, 4.37109375, 7.32421875, 4.15234375, 0.0772705078125, 2.607421875, 1.13671875, 0.29150390625, 3.220703125, 7.23828125, 10.484375, 5.640625, 1.9296875, 1.8515625, 3.90234375, 0.0283050537109375, 2.94921875, 2.353515625, 9.0546875, 5.6015625, 0.2607421875, 7.375, 4.2421875, 8.3359375, 5.84375, 0.6318359375, 3.99609375, 6.54296875, 5.1015625, 5.72265625, 1.2724609375, 9.1328125, 2.6484375, 1.2685546875, 6.53125, 1.908203125, 2.33984375, 1.537109375, 4.17578125, 0.375, 3.77734375, 0.3896484375, 0.00020396709442138672, 0.953125, 5.77734375, 5.7578125, 0.00020575523376464844, 4.92578125, 4.71484375, 1.447265625, 0.5107421875, 2.8984375, 1.896484375, 9.8828125, 0.54931640625, 8.328125, 5.15625, 6.14453125, 2.42578125, 2.685546875, 8.09375, 1.8134765625, 0.49951171875, 12.46875, 2.2109375, 1.828125, 4.58203125, 6.29296875, 1.2109375, 0.49462890625, 0.1483154296875, 0.241455078125, 10.71875, 5.63671875, 0.24609375, 5.53515625, 2.296875, 1.4462890625, 7.152557373046875e-06, 2.7179718017578125e-05, 2.9087066650390625e-05, 0.0008325576782226562, 5.960464477539062e-07, 2.384185791015625e-07, 7.1953125, 4.1015625, 0.0751953125, 1.375, 0.2410888671875, -0.0, 2.7418136596679688e-06, 3.3020973205566406e-05, 0.0002262592315673828, 1.7881393432617188e-06, 1.7642974853515625e-05, 7.88671875, 7.58203125, 0.2276611328125, 0.75927734375, 3.13671875, 0.0001271963119506836, 5.98828125, 0.81591796875, 1.79296875, 0.01519012451171875, 6.328125, 4.48828125, 4.05078125, 0.8759765625, 0.06640625, 2.2421875, 2.388671875, 0.020477294921875, 1.044921875, 2.123046875, 4.46875, 7.265625, 0.263916015625, 1.53125, 0.40478515625, 6.65625, 0.91015625, 8.6953125, 2.51953125, 7.33984375, 1.9013671875, 8.203125, 5.06640625, 0.11639404296875, 3.61328125, 2.09808349609375e-05, 2.193450927734375e-05, 4.410743713378906e-06, 7.033348083496094e-05, 1.1920928955078125e-07, -0.0, 5.3828125, 4.4609375, 4.80078125, 1.2490234375, 0.95361328125, 0.2225341796875, -0.0, 0.00012552738189697266, 2.0265579223632812e-06, 7.140636444091797e-05, 5.960464477539062e-07, 0.00034046173095703125, 3.189453125, 7.41796875, 0.0972900390625, 0.845703125, 7.18359375, 0.358642578125, 6.7578125, 7.90234375, 3.7265625, 1.3720703125, 7.82421875, 0.0711669921875, 0.01096343994140625, 6.3671875, 0.6826171875, 9.6171875, 5.25390625, 4.59765625, 2.77734375, 0.51904296875, 1.8935546875, 0.07781982421875, 6.234375, 3.408203125, 6.296875, 2.017578125, 1.947265625, 2.603515625, 7.3359375, 7.09375, 2.658203125, 8.2578125, 2.810546875, 6.15234375, 2.505859375, 1.6015625, 6.67578125, 3.51171875, 0.6533203125, 2.28515625, 1.09375, 2.216796875, 1.2275390625, 8.546875, 11.96875, 6.54296875, 0.339599609375, 1.2431640625, 6.85546875, 0.00560760498046875, 0.0005602836608886719, 4.66796875, 6.140625, 5.5078125, 2.08203125, 4.87109375, 6.1171875, 0.91259765625, 1.134765625, 1.10546875, 5.38671875, 5.64453125, 0.045074462890625, 3.53125, 2.65234375, 7.76953125, 2.736328125, 2.134765625, 2.763671875, 1.109375, 5.87890625, 1.60546875, 2.046875, 4.859375, 3.705078125, 4.28515625, 3.818359375, 0.50439453125, 6.8671875, 0.0209197998046875, 6.5703125, 0.70166015625, 1.26171875]",-0.9357402425307733
299,0,test,3.924962421885708,1.7579639006353989,2.422391549478732,7.104678814299447,3.1821371872261026,4.384835336398211,50.65117464744562,41.919138998436125,46.15794890303565,91.6850376529712,75.87894780729579,83.5517302928367,3.7542743347398,1.5364844968499973,2.1765333263697304,6.704061312035356,2.743722315803566,3.8866666542316604,42.70322032080087,33.5162166772316,37.859219435902624,76.25575057285869,59.85038692362785,67.60574899268326,3.924962421885708,1.7579639006353989,2.422391549478732,7.104678814299447,3.1821371872261026,4.384835336398211,50.65117464744562,41.919138998436125,46.15794890303565,91.6850376529712,75.87894780729579,83.5517302928367,0.778894472361809,0.018894472361808967,0.003894472361808954,0.6432160804020101,0.01821608040201006,0.0032160804020100464,0.49246231155778897,-0.022537688442211046,-0.01753768844221104,0.43157894736842106,0.09357544474145085,0.15619971749677575,0.4401408450704225,0.4120603015075377,0.07622070251004398,0.13326230484643586,0.4040404040404041,0.43157894736842106,0.09357544474145085,0.15619971749677575,0.4401408450704225,26.0,16.0,16.0,38.0,17.0,18.0,45.0,19.0,20.0,-0.00014078677902125658,-9.21228430834447e-05,-3.9056960447493855e-05,-0.0002872636165145437,0.00015787518124010802,8.758024202748516e-06,"[2.96875, 11.125, 1.64453125, 8.859375, 1.3603515625, 1.8203125, 0.9794921875, 0.0016717910766601562, 6.453125, 0.0802001953125, 0.0261688232421875, 5.90234375, 1.451171875, 3.005859375, 5.40234375, 0.607421875, 9.9765625, 1.8125, 6.26953125, 1.1689453125, 6.51953125, 6.03515625, 1.3857421875, 8.3515625, 2.923828125, 1.33203125, 9.8671875, 1.7529296875, 3.74609375, 3.919921875, 4.3515625, 3.328125, 9.1484375, 0.059295654296875, 1.2158203125, 4.16015625, 0.0011053085327148438, 10.609375, 2.19140625, 6.1015625, 8.34375, 0.1246337890625, 2.861328125, 0.341064453125, 0.73876953125, 12.1875, 10.5546875, 1.4658203125, 5.30859375, 1.7705078125, 2.61328125, 3.810546875, 5.25, 1.2177734375, 0.67822265625, 7.9140625, 0.365234375, 6.671875, 4.76953125, 2.857421875, 0.4755859375, 0.87109375, 0.9638671875, 8.5, 0.496337890625, 5.55078125, 3.736328125, 2.201171875, 7.36328125, 0.52392578125, 2.84375, 2.33984375, 3.4453125, 5.69921875, 1.7607421875, 0.89013671875, 11.5703125, 6.53125, 3.166015625, 1.35546875, 4.6484375, 3.23046875, 5.70703125, 1.2978515625, 2.7265625, 4.09765625, 0.489501953125, 0.68359375, 0.0016889572143554688, 10.3671875, 3.291015625, 9.1953125, 4.13671875, 9.9140625, 4.390625, 6.21484375, 10.8046875, 3.98046875, 8.3359375, 2.05078125, 5.640625, 2.50390625, 2.84375, 1.8603515625, 0.034820556640625, 7.515625, 0.7919921875, 4.70703125, 7.140625, 2.40234375, 7.56640625, 6.625, 0.06536865234375, 8.359375, 3.115234375, 0.00919342041015625, 7.56640625, 2.091796875, 4.61328125, 4.24609375, 0.02069091796875, 5.0625, 0.486083984375, 2.126953125, 5.2265625, 0.378173828125, 3.9765625, 10.703125, 2.43359375, 6.765625, 0.33056640625, 0.6513671875, 3.0625, 4.93359375, 2.224609375, 5.80078125, 7.13671875, 4.36328125, 3.83203125, 2.33203125, 0.411376953125, 0.505859375, 0.0012216567993164062, 6.9140625, 4.51953125, 0.9599609375, 8.4375, 3.515625, 0.5107421875, 6.1640625, 5.1640625, 7.4296875, 8.0703125, 2.62109375, 1.8369140625, 6.390625, 2.4453125, 0.23095703125, 8.921875, 5.40234375, 0.2127685546875, 5.55078125, 4.12109375, 3.05078125, 5.41015625, 0.419189453125, 1.603515625, 3.44140625, 7.26953125, 2.923828125, 1.3115234375, 0.1903076171875, 1.962890625, 3.453125, 2.916015625, 8.4609375, 0.05633544921875, 0.006938934326171875, 3.37890625, 2.857421875, 6.01171875, 1.8798828125, 1.37109375, 2.265625, 0.273193359375, 0.2452392578125, 0.0013675689697265625, 3.033203125, 4.984375, 2.05859375, 3.1796875, 0.343994140625, 3.763671875, 0.254150390625, 0.33447265625, 6.0625, 0.861328125, 7.44140625, 1.3583984375, 0.1414794921875, 7.72265625, 3.2578125, 10.75, 1.6787109375, 5.32421875, 4.0625, 8.828125, 5.0859375, 6.875, 5.85546875, 1.4580078125, 5.75390625, 5.0078125, 1.2060546875, 10.34375, 5.64453125, 1.7314453125, 7.265625, 9.9921875, 4.26953125, 9.0390625, 1.333984375, 10.71875, 5.34765625, 2.1171875, 3.861328125, 0.603515625, 8.421875, 5.55859375, 3.771484375, 5.89453125, 2.083984375, 3.693359375, 0.8291015625, 1.8994140625, 0.1588134765625, 0.407958984375, 0.0018701553344726562, 7.99609375, 2.353515625, 5.20703125, 6.421875, 2.748046875, 8.1953125, 8.9375, 0.8466796875, 0.375732421875, 3.66796875, 2.724609375, 5.04296875, 2.67578125, 2.58203125, 6.72265625, 11.28125, 2.55859375, 1.5830078125, 1.8662109375, 8.5703125, 5.2265625, 1.673828125, 0.435791015625, 3.65234375, 6.0234375, 6.65625, 6.54296875, 4.64453125, 3.09375, 0.10260009765625, 2.16015625, 2.408203125, 3.91796875, 1.6591796875, 11.6484375, 0.96240234375, 5.5625, 4.0390625, 0.87939453125, 0.0011739730834960938, 4.71484375, 8.5546875, 4.6953125, 3.40234375, 8.1640625, 7.10546875, 0.401611328125]",-0.8316179308974951
256,0,test,3.6142363612716264,1.6291648435058028,2.2175222237603194,6.2408616238236805,2.81315092163502,3.829093607307063,37.122986548623935,29.843418563348344,33.08108954341393,64.10190119151923,51.53194949601429,57.122579037174056,3.651214733794706,1.5650024426388645,2.1906400141316498,5.889056022249526,2.524197488127201,3.5332903453736284,38.52143092380837,30.46708114124925,34.21299596458263,62.13134019969092,49.14045345362783,55.18225155577844,3.6142363612716264,1.6291648435058028,2.2175222237603194,6.2408616238236805,2.81315092163502,3.829093607307063,37.122986548623935,29.843418563348344,33.08108954341393,64.10190119151923,51.53194949601429,57.122579037174056,0.7185929648241206,-0.0014070351758793676,-0.0014070351758793676,0.6080402010050252,-0.01195979899497479,-0.006959798994974786,0.4974874371859297,0.0024874371859296973,0.0024874371859296973,0.41554054054054057,0.08164509366027073,0.1593607652596417,0.423728813559322,0.40703517587939697,0.07620810821022406,0.14660111911812823,0.4242424242424242,0.41554054054054057,0.08164509366027073,0.1593607652596417,0.423728813559322,24.0,9.0,9.0,33.0,6.0,6.0,42.0,8.0,7.0,-4.1797598171123683e-05,-0.00020612780082324882,-7.159372875544144e-05,-0.00036349275698022154,0.0001152664056931485,-2.979210245257491e-05,"[1.859375, 5.28125, 0.00511932373046875, 0.052032470703125, 8.6875, 8.0859375, 0.44384765625, 2.8046875, 11.703125, 2.9140625, 8.8046875, 5.67578125, 1.2529296875, 5.62109375, 5.546875, 0.209228515625, 7.5703125, 1.1796875, 0.14404296875, 8.6640625, 1.8955078125, 2.3203125, 4.19921875, 0.78857421875, 2.912109375, 3.05078125, 0.349853515625, 0.1070556640625, 2.296875, 0.216552734375, 4.22265625, 2.748046875, 2.2890625, 5.08203125, 1.466796875, 3.322265625, 0.203857421875, 3.9453125, 2.47265625, 6.79296875, 5.07421875, 6.921875, 1.2841796875, 0.52197265625, 3.888671875, 12.484375, 0.1588134765625, 2.166015625, 1.3408203125, 0.1995849609375, 0.1473388671875, 1.8310546875, 3.580078125, 0.82421875, 2.49609375, 6.82421875, 1.9931640625, 8.6171875, 0.15673828125, 0.06591796875, 2.255859375, 4.31640625, 6.23828125, 3.27734375, 0.3701171875, 9.2890625, 2.6328125, 3.185546875, 6.4296875, 0.84033203125, 0.45361328125, 14.234375, 3.18359375, 1.265625, 4.63671875, 1.236328125, 7.359375, 6.578125, 0.0662841796875, 5.3359375, 3.865234375, 5.2578125, 0.286376953125, 0.75830078125, 4.6875, 1.671875, 4.0546875, 5.05859375, 8.0546875, 12.5, 0.841796875, 2.38671875, 1.712890625, 9.1484375, 0.0303192138671875, 6.08984375, 0.69091796875, 5.16796875, 11.515625, 5.265625, 1.9375, 6.3515625, 0.12164306640625, 6.44921875, 1.7216796875, 7.26953125, 5.34765625, 3.00390625, 1.86328125, 0.3134765625, 7.84765625, 0.061614990234375, 6.7890625, 1.2138671875, 1.3583984375, 2.228515625, 0.85595703125, 6.6796875, 0.006656646728515625, 5.75390625, 0.7333984375, 4.515625, 5.51953125, 4.55859375, 3.478515625, 0.2225341796875, 0.53857421875, 3.63671875, 7.83984375, 2.748046875, 1.513671875, 3.08203125, 5.21875, 0.51806640625, 0.97607421875, 0.0015411376953125, 4.4609375, 3.091796875, 6.3046875, 2.802734375, 0.2213134765625, 7.16015625, 0.51220703125, 3.302734375, 0.037994384765625, 3.8203125, 1.5556640625, 0.9658203125, 2.6015625, 0.425537109375, 10.359375, 0.8046875, 0.10797119140625, 5.484375, 10.46875, 0.042938232421875, 5.08203125, 2.6953125, 0.208984375, 0.9677734375, 4.71484375, 5.515625, 1.40234375, 4.140625, 9.0546875, 1.9169921875, 3.580078125, 2.52734375, 7.40234375, 4.80078125, 8.09375, 9.2421875, 0.08404541015625, 1.9521484375, 1.12890625, 0.0902099609375, 0.11260986328125, 3.654296875, 0.56494140625, 0.07464599609375, 6.75390625, 9.96875, 7.04296875, 11.4765625, 0.334716796875, 0.76611328125, 7.43359375, 3.119140625, 6.265625, 5.94140625, 0.037017822265625, 6.94921875, 0.281494140625, 7.0625, 10.921875, 1.8173828125, 3.060546875, 3.234375, 6.93359375, 4.9609375, 4.98046875, 2.638671875, 2.08984375, 3.75390625, 1.1328125, 8.8359375, 6.00390625, 8.5234375, 1.361328125, 4.58984375, 10.8125, 0.176513671875, 1.7119140625, 8.0390625, 5.19921875, 4.55859375, 3.1484375, 0.033966064453125, 0.9853515625, 0.7373046875, 7.5703125, 2.232421875, 3.5546875, 0.4677734375, 0.0129241943359375, 1.4052734375, 0.0020694732666015625, 2.5546875, 2.140625, 0.010528564453125, 5.19140625, 0.90771484375, 2.5546875, 0.0170440673828125, 3.322265625, 2.12109375, 0.80224609375, 6.3828125, 6.34765625, 2.123046875, 3.439453125, 0.00563812255859375, 5.58984375, 10.09375, 0.17724609375, 1.919921875, 12.2421875, 2.41796875, 8.265625, 0.406494140625, 4.3359375, 7.421875, 3.451171875, 0.75830078125, 7.41015625, 5.453125, 0.07537841796875, 0.037384033203125, 9.0390625, 2.654296875, 1.7548828125, 2.849609375, 5.62890625, 0.80517578125, 8.8125, 4.78125, 7.203125, 6.0859375, 0.9443359375, 5.4609375, 0.0307464599609375, 5.65625, 2.998046875, 0.02496337890625, 0.261962890625, 1.97265625, 1.650390625, 0.37451171875, 3.201171875, 3.333984375, 0.517578125, 7.421875, 5.625, 1.3076171875, 7.7265625, 1.1884765625, 6.48828125, 1.986328125, 4.05859375, 8.765625, 3.193359375, 5.7578125, 0.59765625, 6.390625, 0.492431640625, 0.06329345703125]",-0.8170127804214888
344,0,test,3.309424771955519,1.4582683102668115,2.0341650371080813,5.447189842038587,2.4002552932963046,3.3481598436872146,27.3693773095567,21.00219864486712,23.789746265266373,45.048975074736184,34.56883627881855,39.15703577823347,3.523441770567966,1.5874734594369655,2.167876076241397,5.592764715187247,2.519799141963437,3.441073136891106,33.900907046689426,26.970155115249383,30.021952407959358,53.81096356617369,42.80977002420537,47.653892711046595,3.309424771955519,1.4582683102668115,2.0341650371080813,5.447189842038587,2.4002552932963046,3.3481598436872146,27.3693773095567,21.00219864486712,23.789746265266373,45.048975074736184,34.56883627881855,39.15703577823347,0.7035175879396984,-0.016482412060301543,-0.0064824120603015345,0.6130653266331658,-0.001934673366834172,-0.001934673366834172,0.46733668341708545,-0.0076633165829145256,-0.02266331658291454,0.4242424242424242,0.1016009148084619,0.18052383127760008,0.3954372623574145,0.4170854271356784,0.0845854271356784,0.16417361349175164,0.40909090909090906,0.4242424242424242,0.1016009148084619,0.18052383127760008,0.3954372623574145,20.0,1.0,3.0,32.0,-1.0,1.0,43.0,3.0,5.0,0.0004293778308902538,0.00024669744078640357,-8.779977780174225e-05,-0.000141735257445319,-0.00018927773293242467,8.23537205478786e-05,"[5.62109375, 11.28125, 4.18359375, 0.18896484375, 4.75390625, 0.81103515625, 5.91015625, 0.5146484375, 0.919921875, 0.6630859375, 1.91796875, 11.125, 5.82421875, 4.66015625, 2.734375, 3.421875, 2.466796875, 1.6337890625, 6.5234375, 0.73193359375, 7.82421875, 6.9609375, 0.2734375, 4.52734375, 1.6962890625, 9.140625, 3.439453125, 4.0703125, 4.21484375, 7.06640625, 1.38671875, 0.283935546875, 0.07952880859375, 0.298583984375, 0.00013136863708496094, 7.9140625, 4.0, 6.8203125, 6.2421875, 0.4375, 7.98046875, 5.53125, 7.15625, 0.04400634765625, 0.72607421875, 2.76171875, 3.1171875, 4.8125, 2.369140625, 8.015625, 0.42529296875, 1.5390625, 2.01171875, 1.4599609375, 0.02996826171875, 0.115966796875, 0.128662109375, 0.84423828125, 0.1591796875, 0.036224365234375, 0.40234375, 0.0005259513854980469, 8.734375, 3.4140625, 0.2476806640625, 0.6435546875, 7.546875, 0.405517578125, 7.51171875, 2.220703125, 4.46875, 7.625, 5.5078125, 9.1015625, 4.3984375, 4.984375, 7.5390625, 2.80859375, 0.75, 0.0401611328125, 0.24365234375, 0.0005292892456054688, 6.15625, 2.384765625, 1.0556640625, 12.4140625, 1.103515625, 0.0004565715789794922, 0.0108795166015625, 6.453125, 0.11572265625, 0.2432861328125, 7.59765625, 0.41015625, 4.078125, 5.9453125, 0.194091796875, 0.07867431640625, 4.8671875, 8.7578125, 0.62744140625, 0.5576171875, 3.044921875, 3.708984375, 3.0703125, 4.40234375, 2.154296875, 1.99609375, 2.8828125, 2.439453125, 3.068359375, 7.0546875, 1.3212890625, 3.73046875, 1.28125, 1.146484375, 2.9765625, 3.94140625, 6.4765625, 1.5439453125, 0.97607421875, 0.30810546875, 0.6240234375, 0.022491455078125, 0.2237548828125, 0.00021076202392578125, 8.140625, 10.3046875, 4.7109375, 4.1796875, 7.95703125, 6.0078125, 0.0474853515625, 2.34765625, 2.44140625, 4.58203125, 0.0201568603515625, 7.66015625, 2.962890625, 1.9228515625, 2.814453125, 2.6953125, 9.390625, 14.8359375, 4.76953125, 2.40234375, 6.04296875, 7.328125, 3.240234375, 7.76171875, 0.796875, 7.57421875, 4.44140625, 0.03192138671875, 1.421875, 7.1484375, 7.44921875, 1.7119140625, 5.6171875, 4.45703125, 3.03515625, 2.75, 3.6484375, 4.49609375, 1.8544921875, 0.3662109375, 0.328857421875, 0.0241851806640625, 0.2486572265625, 0.00019681453704833984, 5.87890625, 0.80859375, 4.484375, 4.25390625, 2.857421875, 1.2685546875, 0.43310546875, 0.400634765625, 10.9921875, 4.140625, 0.276123046875, 2.5703125, 0.5166015625, 5.703125, 6.62109375, 9.578125, 5.92578125, 6.39453125, 2.3046875, 3.568359375, 4.703125, 2.884765625, 7.88671875, 3.388671875, 2.37109375, 9.7734375, 5.44140625, 2.92578125, 3.06640625, 0.06866455078125, 0.002834320068359375, 5.5625, 3.39453125, 5.203125, 4.48046875, 3.412109375, 2.08203125, 6.70703125, 2.19140625, 5.19140625, 0.117431640625, 6.37890625, 1.330078125, 1.5361328125, 4.6953125, 0.135498046875, 0.3935546875, 0.300048828125, 0.0433349609375, 2.37109375, 0.402099609375, 0.875, 0.03704833984375, 0.0369873046875, 4.5299530029296875e-06, 0.0012035369873046875, 0.0004794597625732422, 6.42538070678711e-05, 6.92578125, 1.12890625, 4.4609375, 0.17333984375, 3.296875, 2.8984375, 1.9052734375, 0.71435546875, 9.203125, 7.203125, 1.583984375, 3.283203125, 8.390625, 3.27734375, 1.89453125, 6.10546875, 0.74755859375, 0.339111328125, 0.5302734375, 0.77197265625, 7.21875, 1.1181640625, 4.45703125, 4.25, 0.095947265625, 6.1171875, 2.82421875, 3.48828125, 1.16015625, 3.146484375, 0.00012171268463134766, 0.1583251953125, 0.02197265625, 6.6328125, 1.9248046875, 4.03125]",-0.9960828879565904
444,0,test,3.263318966872425,1.4634524679596483,2.011638478383313,6.300018561045376,2.8252762923109875,3.883579840212229,26.13613832707113,20.087298443264356,22.639924957247544,50.45726704809565,38.77964560574647,43.70763290357512,3.6835420706763338,1.644959382688913,2.2649380742737018,6.139236784460556,2.7415989711481883,3.7748967904561694,39.7870734034224,32.10735647664763,35.65572436879954,66.311789005704,53.512260794412725,59.42620728133257,3.263318966872425,1.4634524679596483,2.011638478383313,6.300018561045376,2.8252762923109875,3.883579840212229,26.13613832707113,20.087298443264356,22.639924957247544,50.45726704809565,38.77964560574647,43.70763290357512,0.7437185929648241,0.013718592964824139,-0.0012814070351758744,0.6080402010050252,0.008040201005025227,-0.006959798994974786,0.5175879396984925,-0.007412060301507539,0.012587939698492479,0.4296028880866426,0.12690018538393988,0.18470492890296908,0.4057971014492754,0.46733668341708545,0.14402841274039369,0.1985553812468016,0.4696969696969697,0.4296028880866426,0.12690018538393988,0.18470492890296908,0.4057971014492754,24.0,-1.0,-1.0,37.0,0.0,0.0,46.0,-2.0,-1.0,0.0011003189991960127,0.00042496176229885556,0.0001461569687663933,-0.019636273217907174,-0.017433719850255436,-0.01737248931862112,"[2.12109375, 9.0390625, 0.7978515625, 0.271240234375, 0.0012226104736328125, 0.00016176700592041016, 6.71484375, 3.52734375, 3.111328125, 2.42578125, 0.44921875, 5.50390625, 11.515625, 2.51953125, 7.75390625, 9.3203125, 2.970703125, 5.46484375, 0.17529296875, 1.75, 5.75, 4.23828125, 3.56640625, 0.52490234375, 2.181640625, 9.03125, 4.5625, 0.78369140625, 7.54296875, 0.1251220703125, 0.1412353515625, 6.03125, 0.295654296875, 10.4375, 0.1712646484375, 8.0703125, 0.85107421875, 0.962890625, 4.60546875, 1.53125, 3.78515625, 5.7109375, 8.484375, 5.05078125, 1.57421875, 1.740234375, 10.7890625, 6.5703125, 2.646484375, 0.4921875, 0.1573486328125, 0.1396484375, 3.5390625, 6.4140625, 0.55908203125, 6.578125, 10.5625, 0.921875, 3.04296875, 0.00489044189453125, 0.126708984375, 2.73828125, 4.5, 2.01953125, 0.08642578125, 1.1396484375, 9.0546875, 0.26953125, 6.73046875, 5.9296875, 5.16796875, 3.029296875, 9.21875, 1.041015625, 7.390625, 0.6689453125, 0.2412109375, 3.71484375, 2.857421875, 7.72265625, 6.078125, 2.931640625, 8.390625, 5.203125, 8.5546875, 4.06640625, 1.3388671875, 1.73046875, 0.068115234375, 4.44140625, 2.748046875, 0.189208984375, 3.61328125, 0.0011110305786132812, 5.1484375, 4.70703125, 0.6279296875, 1.7578125, 4.52734375, 1.712890625, 10.671875, 7.6796875, 2.994140625, 9.984375, 0.0484619140625, 1.1806640625, 0.9140625, 4.21484375, 0.01044464111328125, 6.76171875, 7.03515625, 3.041015625, 1.228515625, 8.5234375, 0.2440185546875, 0.0767822265625, 4.16015625, 1.259765625, 4.5234375, 1.8046875, 1.09765625, 4.05078125, 6.75, 4.69140625, 7.3671875, 0.87744140625, 6.41015625, 0.00688934326171875, 1.3212890625, 8.3515625, 13.015625, 8.265625, 1.076171875, 0.58837890625, 5.48828125, 3.373046875, 1.28515625, 4.38671875, 0.41162109375, 2.64453125, 5.28515625, 7.45703125, 0.3623046875, 5.078125, 4.3828125, 3.013671875, 4.74609375, 2.474609375, 1.9111328125, 5.26171875, 1.9736328125, 0.85546875, 6.21875, 0.36181640625, 0.23388671875, 5.82421875, 0.51953125, 1.2333984375, 7.328125, 6.0625, 0.70751953125, 4.796875, 7.046875, 1.2734375, 4.734375, 0.0074615478515625, 0.0021419525146484375, 4.23828125, 1.2685546875, 1.58984375, 3.576171875, 4.8984375, 1.1787109375, 1.8486328125, 4.99609375, 4.19921875, 4.41796875, 5.7421875, 1.7900390625, 2.025390625, 3.28125, 1.8955078125, 0.01043701171875, 5.171875, 7.5, 4.3671875, 4.95703125, 1.5927734375, 2.345703125, 0.55517578125, 2.912109375, 7.55859375, 5.1328125, 1.40625, 0.302978515625, 5.81640625, 11.1171875, 1.5224609375, 4.51171875, 2.384765625, 5.42578125, 4.8671875, 0.2261962890625, 4.5234375, 0.990234375, 0.72998046875, 3.5859375, 7.74609375, 4.9296875, 1.5712890625, 5.94140625, 4.984375, 0.3271484375, 2.568359375, 6.32421875, 1.33984375, 2.048828125, 7.0703125, 0.97021484375, 6.2578125, 10.15625, 1.0341796875, 3.326171875, 0.358642578125, 1.455078125, 8.921875, 1.2607421875, 0.005970001220703125, 0.00852203369140625, 0.077880859375, 4.4140625, 7.5546875, 2.755859375, 2.509765625, 5.24609375, 0.67578125, 0.360595703125, 1.103515625, 0.30224609375, 1.049041748046875e-05, 0.5498046875, 0.00021696090698242188, 0.0007600784301757812, 0.0016956329345703125, 0.0003285408020019531, 0.0005402565002441406, -0.0, 0.0002269744873046875, 6.73532485961914e-05, 2.888671875, 0.0194549560546875, 7.152557373046875e-06, 0.198486328125, 4.935264587402344e-05, 0.0031833648681640625, 0.0012731552124023438, 0.0002372264862060547, 0.0005087852478027344, 1.4424324035644531e-05, 0.0006604194641113281, 0.0006771087646484375, 1.154296875, 5.06640625, 4.19140625, 0.5146484375, 3.078125, 1.7412109375, 1.8564453125, 0.041778564453125, 7.26953125, 0.8134765625, 7.66796875, 0.67822265625, 2.271484375, 8.546875, 0.08673095703125, 1.1708984375]",-0.786202002518444
48,0,test,3.688993558491746,1.7398958309851575,2.3640111429209894,5.8743212643374,2.7705949917318,3.7644307873687497,40.00456443551848,32.982215786246215,36.24244523581909,63.70292054134193,52.520593616142065,57.712154641820625,3.7951141817485867,1.76862172739426,2.4099896595696695,5.421591688212267,2.526602467706086,3.442842370813813,44.48331529828849,36.895888912093795,40.48799191807308,63.54759328326927,52.708412731562575,57.83998845439011,3.688993558491746,1.7398958309851575,2.3640111429209894,5.8743212643374,2.7705949917318,3.7644307873687497,40.00456443551848,32.982215786246215,36.24244523581909,63.70292054134193,52.520593616142065,57.712154641820625,0.7688442211055276,0.008844221105527628,0.008844221105527628,0.6331658291457287,-0.006834170854271293,-0.021834170854271306,0.542713567839196,0.012713567839195972,0.0027135678391959628,0.4486301369863014,0.12042500878117313,0.1912269479202422,0.3883161512027491,0.44221105527638194,0.11138398760720902,0.1884547948423252,0.3737373737373737,0.4486301369863014,0.12042500878117313,0.1912269479202422,0.3883161512027491,26.0,7.0,7.0,40.0,14.0,13.0,50.0,13.0,11.0,0.0003411408965644751,0.00025101420412580684,0.00011824030508417719,-0.000335773069539691,0.00013076050589333477,-1.577387457896151e-05,"[4.21875, 8.953125, 10.5859375, 7.9765625, 4.18359375, 2.578125, 8.6640625, 5.9453125, 0.4091796875, 4.30859375, 4.75, 0.30029296875, 3.33984375, 9.125, 7.0625, 10.328125, 0.364013671875, 3.904296875, 5.22265625, 8.7734375, 5.18359375, 4.4921875, 2.09765625, 4.3984375, 1.55078125, 4.86328125, 6.98828125, 6.33203125, 3.052734375, 0.315185546875, 1.7236328125, 7.7734375, 1.3232421875, 3.89453125, 9.1875, 3.3828125, 5.14453125, 2.92578125, 7.04296875, 0.708984375, 5.55078125, 4.72265625, 4.37109375, 0.10064697265625, 6.14453125, 4.1171875, 0.927734375, 1.009765625, 1.4228515625, 6.2421875, 7.70703125, 1.6015625, 0.70654296875, 3.70703125, 7.0546875, 1.1728515625, 5.609375, 3.673828125, 5.79296875, 2.197265625, 0.51416015625, 0.0889892578125, 1.8720703125, 0.51513671875, 2.462890625, 1.4443359375, 2.099609375, 1.82421875, 0.734375, 4.44921875, 3.65234375, 0.81591796875, 6.83984375, 5.40234375, 3.798828125, 1.7919921875, 3.302734375, 2.72265625, 10.0078125, 4.39453125, 10.9296875, 3.228515625, 9.75, 0.61767578125, 3.2265625, 3.68359375, 0.5283203125, 11.578125, 4.4453125, 1.4970703125, 2.7578125, 0.96875, 6.79296875, 5.80078125, 4.21875, 2.248046875, 1.57421875, 7.09765625, 1.33984375, 2.576171875, 0.08612060546875, 5.6328125, 1.546875, 3.419921875, 5.59765625, 0.015350341796875, 1.3857421875, 6.57421875, 2.236328125, 4.53125, 6.1484375, 3.06640625, 11.3671875, 1.166015625, 1.0478515625, 3.10546875, 2.193359375, 3.244140625, 4.54296875, 8.2421875, 1.3515625, 4.34765625, 2.458984375, 0.55908203125, 1.1806640625, 5.0234375, 0.59228515625, 7.1171875, 10.0234375, 6.77734375, 2.98046875, 4.4765625, 1.4580078125, 7.9140625, 0.295654296875, 0.95458984375, 6.5859375, 2.7890625, 0.26025390625, 0.0882568359375, 2.53515625, 4.90234375, 5.6015625, 0.54443359375, 0.0513916015625, 7.12109375, 0.86767578125, 4.109375, 6.31640625, 2.6953125, 10.78125, 1.755859375, 2.87890625, 3.5546875, 1.904296875, 4.69921875, 8.078125, 0.5703125, 5.171875, 0.58154296875, 0.63330078125, 3.77734375, 0.451416015625, 0.0240936279296875, 0.02020263671875, 2.5546875, 0.06927490234375, 0.042327880859375, 3.0, 0.6669921875, 3.150390625, 1.0205078125, 3.982421875, 0.250732421875, 9.671875, 4.37890625, 11.265625, 4.17578125, 1.7802734375, 6.6171875, 0.119384765625, 3.958984375, 7.234375, 0.37060546875, 1.240234375, 7.72265625, 1.49609375, 0.02862548828125, 0.01494598388671875, 0.22265625, 6.15234375, 0.11676025390625, 0.2322998046875, 8.859375, 2.294921875, 10.0, 9.7421875, 1.220703125, 6.0390625, 8.4453125, 4.5703125, 0.6728515625, 1.859375, 6.0078125, 4.2109375, 7.2265625, 3.55078125, 3.49609375, 4.6796875, 1.658203125, 3.9765625, 1.8095703125, 7.32421875, 4.15625, 2.013671875, 9.2421875, 0.01421356201171875, 0.011016845703125, 0.39892578125, 6.328125, 2.00390625, 2.212890625, 7.2734375, 0.1448974609375, 1.400390625, 9.0625, 0.31982421875, 2.56640625, 2.46484375, 2.751953125, 7.66015625, 3.169921875, 0.38037109375, 0.5986328125, 8.171875, 3.998046875, 1.6591796875, 6.16796875, 1.9130859375, 4.49609375, 2.390625, 8.140625, 13.9609375, 0.027099609375, 7.3125, 0.54541015625, 3.259765625, 7.109375, 1.3271484375, 5.09765625, 7.046875, 1.4814453125, 0.037139892578125, 0.09124755859375, 0.8935546875, 0.91162109375, 0.032745361328125, 2.322265625, 8.046875, 1.30859375, 0.00957489013671875, 1.8427734375, 4.484375, 1.16796875, 1.16796875, 6.0859375, 0.1680908203125, 1.51171875, 6.171875, 7.84765625, 0.3037109375, 6.20703125, 0.051727294921875, 0.05413818359375, 0.428955078125, 0.763671875, 7.5703125, 3.6953125, 10.6328125, 0.1490478515625, 0.71923828125, 3.806640625, 2.12109375, 6.66796875, 4.19921875, 4.22265625, 2.22265625, 1.8984375, 4.72265625, 0.1412353515625, 5.87109375, 6.359375]",-0.7097300438031757
457,0,test,2.78243377367998,1.192739453165342,1.327098098116932,6.102979739439578,2.6161502156692644,2.9108519604923275,16.15829877424001,11.256048592282465,11.872376870827503,35.44155155670568,24.688974506657296,26.040826627050894,2.8021243708816606,1.1861686080185014,1.676465158783515,5.094771583421201,2.1566701963972754,3.048118470515482,16.47961843309486,11.446922743892745,13.397370398547597,29.962942605627017,20.812586807077718,24.358855270086536,2.6382371378582854,1.1302148591123162,1.571530418396279,5.496327370538094,2.354614289817325,3.2740217049922475,13.988522023116838,9.47073499345385,11.082727893388004,29.14275421482675,19.730697903028855,23.089016444558343,0.5628140703517588,-0.022185929648241176,0.002814070351758735,0.4824120603015075,0.012412060301507544,-0.0025879396984924696,0.3869346733668342,0.011934673366834181,-0.008065326633165837,0.41594827586206895,0.11917408231368187,0.1393109347085988,0.3909287257019438,0.3919597989949749,0.11195979899497488,0.17398974907816955,0.3434343434343434,0.38795986622073575,0.10962653288740243,0.17375342892883783,0.3422818791946308,22.0,1.0,1.0,28.0,-1.0,0.0,39.0,2.0,0.0,0.0005084283742726935,0.000191871897307808,-0.00035391934004480927,-0.03911877477439063,-0.03735222507728775,-0.031633908078527284,"[3.1015625, 6.515625, 0.2413330078125, 0.11468505859375, 3.85546875, 7.53515625, 6.078125, 9.3984375, 2.845703125, 8.2890625, 5.546875, 8.671875, 0.390380859375, 5.7734375, 7.00390625, 8.6875, 3.162109375, 3.80859375, 3.546875, 3.1953125, 0.8466796875, 7.11328125, 1.185546875, 1.296875, 4.81640625, 6.98828125, 3.13671875, 10.609375, 10.984375, 0.1773681640625, 5.77734375, 8.6796875, 2.470703125, 5.56640625, 5.671875, 5.05078125, 13.640625, 5.9609375, 2.70703125, 4.96875, 0.86572265625, 0.1224365234375, 4.87109375, 2.134765625, 1.7529296875, 4.95703125, 8.2578125, 0.54296875, 7.3359375, 5.09765625, 0.60791015625, 2.55859375, 7.578125, 0.1839599609375, 7.78125, 0.51220703125, 6.359375, 2.810546875, 4.1328125, 0.9765625, 0.830078125, 0.314697265625, 0.08367919921875, 0.0303955078125, 0.0009322166442871094, 1.6025390625, 1.03515625, 0.0007719993591308594, 0.9599609375, 0.1448974609375, 0.055572509765625, 0.0172119140625, 0.8232421875, 0.055694580078125, 4.84375, 6.73828125, 0.0035076141357421875, 2.251953125, 0.0006222724914550781, 0.00021016597747802734, 0.0011920928955078125, 0.024169921875, 0.0087738037109375, 5.125999450683594e-06, 5.316734313964844e-05, 0.019989013671875, 0.0014638900756835938, 0.00151824951171875, 0.00015687942504882812, 0.0001348257064819336, 0.377197265625, 0.313720703125, 0.0272064208984375, 3.76171875, 2.177734375, 0.00362396240234375, 0.00188446044921875, 0.001049041748046875, 3.52734375, 0.83056640625, 0.1824951171875, 0.05975341796875, 0.145751953125, 0.09356689453125, 1.6943359375, 0.0059051513671875, 3.236328125, 11.78125, 2.47265625, 4.453125, 0.08001708984375, 0.03009033203125, 1.84765625, 0.0106201171875, 1.6181640625, 0.1748046875, 0.0013275146484375, 0.003299713134765625, 0.017669677734375, 0.0005974769592285156, 0.49267578125, 0.662109375, 3.376953125, 0.014892578125, 8.28125, 8.59375, 2.08203125, 4.3515625, 4.19140625, 5.28125, 0.011993408203125, 0.0097198486328125, 3.1171875, 0.01224517822265625, 3.77734375, 1.4609375, 4.1953125, 0.90771484375, 3.416015625, 2.248046875, 2.267578125, 3.384765625, 4.47265625, 3.818359375, 5.703125, 2.1796875, 5.85546875, 7.078125, 0.09674072265625, 1.3896484375, 8.0390625, 7.5703125, 2.11328125, 0.712890625, 0.51513671875, 5.37890625, 1.3837890625, 9.734375, 1.8037109375, 7.29296875, 2.28125, 2.87890625, 0.420654296875, 1.0087890625, 3.73046875, 0.50537109375, 3.34765625, 1.0556640625, 0.7021484375, 0.09197998046875, 0.1826171875, 0.10870361328125, 8.2265625, 8.5078125, 4.3125, 0.2042236328125, 1.6240234375, 0.004611968994140625, 0.82373046875, 3.55859375, 4.58984375, 0.2763671875, 0.634765625, 0.00907135009765625, 0.0176849365234375, 0.0648193359375, 7.390625, 3.298828125, 0.84326171875, 0.12054443359375, 0.1336669921875, 0.01367950439453125, 0.91650390625, 0.5517578125, 7.60546875, 12.5703125, 0.316162109375, 0.002147674560546875, 2.279296875, 2.244140625, 0.177734375, 0.382568359375, 0.00788116455078125, 0.01364898681640625, 0.0202789306640625, 10.6796875, 0.6357421875, 0.2293701171875, 3.3203125, 14.0078125, 2.068359375, 7.57421875, 4.71875, 0.705078125, 0.2509765625, 0.00562286376953125, 0.0182342529296875, 0.020111083984375, 5.09375, 6.7734375, 6.9765625, 6.97265625, 4.80078125, 0.8701171875, 0.099853515625, 1.8193359375, 0.31494140625, 1.3427734375, 1.1533203125, 1.560546875, 5.6015625, 1.5791015625, 1.8466796875, 0.00452423095703125, 4.2578125, 3.306640625, 0.424560546875, 0.00041365623474121094, 6.546875, 0.5595703125, 7.4140625, 4.51953125, 6.2890625, 2.0078125, 6.6015625, 0.994140625, 0.13525390625, 0.007541656494140625, 0.004650115966796875, 0.04150390625, 1.955078125, 0.18017578125, 0.381591796875, 0.0526123046875, 0.806640625, 0.0950927734375, 0.06610107421875, 0.005779266357421875, 0.00215911865234375, 0.005054473876953125, 2.259765625, 0.004161834716796875, 0.0166168212890625, 0.0243072509765625, 1.705078125, 0.10791015625, 1.7880859375, 3.23828125, 4.1875, 4.4453125, 4.421875, 3.91796875, 3.791015625, 7.82421875, 5.73828125, 1.689453125, 0.43408203125, 2.822265625, 0.0309600830078125, 6.8671875, 0.001605987548828125, 3.298828125, 0.351806640625, 3.85546875, 0.1397705078125, 0.0020046234130859375, 2.1328125, 0.1436767578125, 8.9453125, 5.99609375, 6.44140625, 4.359375, 0.318115234375, 0.00394439697265625, 0.01186370849609375, 0.01715087890625, 3.9921875, 0.203125, 0.032745361328125, 0.256591796875, 0.02203369140625, 0.00569915771484375, 0.054901123046875, 2.22265625, 1.6611328125, 0.06793212890625, 0.004364013671875, 0.0027313232421875, 0.004375457763671875, 4.5078125, 0.0074310302734375, 0.026397705078125, 6.078125, 2.35546875, 11.96875, 0.623046875, 2.23046875, 14.578125, 7.42578125, 2.93359375, 2.634765625, 11.296875, 5.703125, 5.6796875, 2.9375, 5.82421875, 7.53125, 6.7578125, 3.240234375, 0.1553955078125, 8.2421875, 8.3828125, 4.171875, 1.35546875, 3.181640625, 6.5078125, 6.15625, 6.125, 8.8046875, 3.208984375, 4.78515625, 6.75390625, 0.88330078125, 0.37353515625, 1.6171875, 4.05078125, 5.3515625, 7.01171875, 2.484375, 3.779296875, 3.451171875, 1.9189453125, 3.150390625, 0.78955078125, 0.003047943115234375, 0.0036907196044921875, 0.006031036376953125, 2.134765625, 0.055084228515625, 0.033233642578125, 3.10546875, 2.462890625, 2.03515625, 0.0096435546875, 0.006389617919921875, 0.016021728515625, 2.126953125, 0.08331298828125, 0.00238037109375, 0.06341552734375, 0.003253936767578125, 0.0003619194030761719, 2.173828125, 0.56787109375, 1.841796875, 0.3095703125, 0.0072174072265625, 0.0032062530517578125, 0.010284423828125, 5.14453125, 0.0197906494140625, 3.23828125, 4.2734375, 6.16796875, 2.904296875, 3.34765625, 6.21484375, 2.798828125, 6.6640625, 0.10406494140625, 1.5458984375, 0.0129547119140625, 3.748046875, 1.6044921875, 1.1455078125, 0.00011491775512695312, 6.72265625, 0.04022216796875, 0.00865936279296875, 1.232421875, 0.007495880126953125, 1.869140625, 7.11328125, 2.48046875, 12.1875, 3.333984375, 5.64453125, 6.04296875, 0.2080078125, 4.93359375, 0.0016679763793945312, 3.787109375, 0.85205078125, 6.56640625, 0.04718017578125, 6.83984375, 7.66796875, 1.1611328125, 0.7177734375, 0.005023956298828125, 1.7666015625, 0.0004570484161376953, 3.453125, 2.685546875, 3.947265625, 8.3828125, 0.001522064208984375, 0.002716064453125, 1.451171875, 0.003082275390625, 2.515625, 8.8359375, 5.16015625, 5.8046875, 0.02056884765625, 0.7294921875, 0.021697998046875, 0.60546875, 0.001285552978515625, 3.05859375, 1.06640625, 1.650390625, 6.5625, 0.73193359375, 3.884765625, 4.2890625, 5.0859375, 6.29296875, 0.03167724609375, 1.8525390625, 7.31640625, 5.91015625, 3.537109375, 0.0792236328125, 1.40234375, 3.13671875, 6.34765625, 5.19921875, 7.5859375, 5.6875, 4.71484375, 3.087890625, 3.71484375, 4.39453125]",-0.9841589673325934
417,0,test,3.205600592154491,1.3605944168270392,1.880785237054361,6.0848825611555295,2.5826852103842595,3.570113294288816,24.670312363975782,18.3421734953647,20.908821613184504,46.829275565151626,34.8171796289258,39.689200307661594,3.32257483053447,1.3143254544812693,1.8824448308100963,5.446843984482737,2.1546318925922443,3.0859751324755673,27.731663043111705,20.281399728178567,23.510418501156003,45.461742693625744,33.24819627570257,38.54166967402624,3.1114670819662087,1.2839564651510589,1.802303182311137,5.945478500572373,2.4534199971039343,3.4438914311677777,22.453962051191777,16.23557462552213,18.750885777035766,42.90565997043015,31.023391004182418,35.82971804529128,0.6683417085427136,0.008341708542713655,-0.011658291457286363,0.5678391959798995,0.00783919597989946,0.002839195979899567,0.5025125628140703,0.007512562814070312,-0.0024874371859296973,0.43670886075949367,0.13339132521446995,0.19670886075949368,0.43492063492063493,0.46733668341708545,0.14152214707623334,0.2069026266558167,0.4797979797979798,0.4381270903010034,0.13595680649465947,0.19897247406073637,0.42281879194630867,25.0,13.0,13.0,37.0,17.0,16.0,42.0,13.0,11.0,0.0005329634029140294,-0.00010262201334086106,-3.6285681163115e-05,-0.004235625719608116,-0.004205657228030013,-0.004288083727594483,"[2.88671875, 2.212890625, 0.2330322265625, 0.0401611328125, 3.814697265625e-05, 1.2705078125, 0.01294708251953125, 0.01422119140625, 5.5859375, 0.966796875, 8.8515625, 3.435546875, 6.30078125, 6.51171875, 2.275390625, 9.6640625, 0.00734710693359375, 3.662109375, 6.62890625, 8.8046875, 4.375, 6.98828125, 0.455810546875, 2.779296875, 0.54638671875, 3.279296875, 5.0, 2.029296875, 5.015625, 1.0810546875, 5.51953125, 4.74609375, 1.6923828125, 6.046875, 4.56640625, 6.55859375, 4.65234375, 8.09375, 0.1810302734375, 1.091796875, 2.609375, 4.1796875, 2.18359375, 0.365966796875, 6.5390625, 0.048736572265625, 0.05078125, 5.26171875, 1.13671875, 3.521484375, 4.3984375, 3.15625, 5.890625, 0.76220703125, 3.701171875, 6.70703125, 0.055511474609375, 4.9921875, 2.859375, 1.6416015625, 1.1962890625, 0.0074462890625, 5.85546875, 7.12109375, 0.000980377197265625, 10.9296875, 0.06231689453125, 1.9560546875, 0.064453125, 0.000255584716796875, 0.0006270408630371094, 0.0008020401000976562, 4.649162292480469e-06, 3.927734375, 6.09765625, 0.67333984375, 0.182861328125, 5.640625, 0.1456298828125, 4.23828125, 0.9765625, 1.130859375, 11.1640625, 4.6171875, 0.68798828125, 5.109375, 6.76953125, 2.615234375, 1.0185546875, 7.30078125, 1.798828125, 5.45703125, 6.453125, 4.31640625, 7.671875, 6.9921875, 3.958984375, 11.484375, 5.1171875, 0.79248046875, 6.64453125, 3.6328125, 8.34375, 0.06500244140625, 0.96435546875, 1.638671875, 5.32421875, 0.1363525390625, 0.39013671875, 3.90625, 0.427734375, 9.5367431640625e-06, 0.0012226104736328125, 0.0005164146423339844, 7.677078247070312e-05, 4.76837158203125e-07, 4.5234375, 6.84765625, 7.7421875, 1.716796875, 1.9326171875, 1.0371208190917969e-05, 0.001407623291015625, 0.00014328956604003906, 9.202957153320312e-05, 1.7881393432617188e-05, 6.9609375, 7.265625, 0.2266845703125, 0.3671875, 2.43359375, 0.01715087890625, 7.30078125, 5.1875, 6.59765625, 4.140625, 0.11065673828125, 11.9375, 0.1494140625, 0.006710052490234375, 7.1875, 4.0078125, 0.7236328125, 5.42578125, 7.140625, 0.085205078125, 3.185546875, 2.83984375, 4.01171875, 8.5546875, 5.2734375, 0.264404296875, 6.60546875, 3.494140625, 5.8203125, 0.76904296875, 3.33984375, 10.0625, 0.08709716796875, 4.47265625, 0.17822265625, 1.4677734375, 6.171875, 0.10211181640625, 1.7822265625, 6.84765625, 0.271240234375, 2.287109375, 6.53515625, 7.1875, 0.057952880859375, 0.02593994140625, 1.1920928955078125e-06, 1.056640625, 4.62109375, 4.60546875, 7.27734375, 0.1199951171875, 3.3046875, 6.1171875, 1.97265625, 3.845703125, 8.25, 0.08612060546875, 2.912109375, 3.93359375, 0.2384033203125, 5.00390625, 0.921875, 6.44140625, 1.3671875, 2.912109375, 0.04547119140625, 1.193359375, 8.7890625, 2.52734375, 0.89306640625, 5.5234375, 4.40234375, 0.04388427734375, 5.17578125, 2.943359375, 9.546875, 1.4130859375, 5.960464477539062e-07, 6.985664367675781e-05, 2.9325485229492188e-05, 2.2172927856445312e-05, -0.0, 4.46875, 2.734375, 0.045989990234375, 2.453125, 7.033348083496094e-06, 0.0008530616760253906, 1.52587890625e-05, 4.0531158447265625e-05, 2.384185791015625e-06, 3.6953125, 8.109375, 11.2421875, 0.1832275390625, 0.07470703125, 3.990234375, 0.0060577392578125, 4.92578125, 3.568359375, 0.34375, 2.53515625, 0.53662109375, 2.765625, 0.0679931640625, 6.7734375, 4.12890625, 4.19140625, 7.18359375, 7.21875, 2.064453125, 2.30859375, 3.40234375, 6.03125, 1.4912109375, 5.245208740234375e-06, 0.0002015829086303711, 5.841255187988281e-05, 2.3126602172851562e-05, -0.0, 6.5, 0.10113525390625, 0.087890625, 1.3388671875, 1.9073486328125e-06, 0.004085540771484375, 3.0875205993652344e-05, 2.956390380859375e-05, 2.384185791015625e-07, 5.72265625, 6.7890625, 2.65625, 0.77294921875, 0.172119140625, 1.900390625, 8.3984375, 12.484375, 0.8935546875, 0.056793212890625, 2.12890625, 13.71875, 0.145263671875, 0.014373779296875, 10.34375, 4.05859375, 0.322998046875, 3.51171875, 3.091796875, 6.69140625, 2.333984375, 0.0980224609375, 4.29296875, 0.890625, 1.1669921875, 0.0003483295440673828, 8.953125, 0.51611328125, 0.72900390625, 10.5625, 1.650390625, 9.0546875, 3.80078125, 2.5390625, 0.0132904052734375, 7.015625, 0.005718231201171875, 0.0306549072265625, 2.3671875, 6.81640625, 6.04296875, 0.02691650390625, 2.08203125, 4.5078125, 7.62890625, 1.564453125, 1.673828125, 5.1484375, 5.34375, 5.5546875, 0.016815185546875, 0.54345703125, 10.875, 2.03125, 0.06854248046875, 1.1064453125, 7.9296875, 7.609375, 13.34375, 0.2335205078125]",-0.4426332983789565
195,0,test,3.8677935996145574,1.755963462295298,2.3893481170912985,6.311859493849522,2.8655600059542894,3.899181589854511,47.83672259253806,39.57337207194709,43.450600517373346,78.06483564181057,64.57985871863758,70.90711495473197,4.186414166311523,1.9039864242425941,2.6204320940099035,6.06726690769786,2.7594006148443397,3.7977276724781217,65.78646817270736,55.98602366998137,60.99909399711101,95.34270749667733,81.13916473910344,88.40448405378407,3.870546503786771,1.7376176793171276,2.397644943803897,6.316351963234853,2.835621488946969,3.912721196637034,47.968593937053306,39.529045331108584,43.60672090341405,78.28003673163299,64.50752182868025,71.16188810004991,0.8090452261306533,0.00404522613065339,0.009045226130653283,0.7085427135678393,0.023542713567839213,0.02854271356783933,0.5628140703517588,-0.012185929648241167,-0.0021859296482411583,0.43018867924528303,0.10250506342607402,0.1742288298099004,0.43181818181818177,0.4371859296482412,0.09382753365826624,0.16172683115074538,0.48989898989898994,0.4188679245283019,0.08741783036634332,0.16416278023721032,0.428030303030303,22.0,6.0,4.0,36.0,5.0,3.0,44.0,5.0,6.0,0.0005950533712537656,0.0005179625274305421,-0.0001416540484004358,-0.0001486651793047855,0.00023534568223659846,7.884916357880911e-05,"[3.7734375, 0.040313720703125, 0.8046875, 0.03778076171875, 0.0014133453369140625, 0.4072265625, 0.0200347900390625, 0.0113372802734375, 8.421875, 0.48583984375, 6.52734375, 3.126953125, 0.01418304443359375, 8.1953125, 2.15234375, 2.044921875, 7.9921875, 3.583984375, 3.20703125, 9.09375, 3.404296875, 8.2265625, 8.265625, 1.6279296875, 2.748046875, 2.828125, 1.8681640625, 5.22265625, 9.140625, 4.234375, 1.5185546875, 4.24609375, 6.5390625, 4.29296875, 2.294921875, 0.0099639892578125, 0.277099609375, 2.134765625, 5.2578125, 7.0625, 4.71875, 3.43359375, 0.005462646484375, 8.8203125, 1.984375, 3.77734375, 0.00015878677368164062, 0.2279052734375, 1.310546875, 9.0625, 1.24609375, 3.404296875, 3.830078125, 6.84765625, 6.83203125, 4.44140625, 8.359375, 4.67578125, 3.14453125, 1.8662109375, 1.19921875, 5.42578125, 4.9375, 6.765625, 3.966796875, 6.6015625, 0.1929931640625, 10.0078125, 3.373046875, 6.08984375, 0.72412109375, 10.6171875, 4.7109375, 1.5986328125, 8.671875, 1.30078125, 8.5703125, 8.703125, 7.63671875, 0.01428985595703125, 5.05859375, 7.28125, 0.2276611328125, 8.5390625, 0.71435546875, 6.08203125, 9.4453125, 0.394775390625, 1.3115234375, 0.0003440380096435547, 0.59521484375, 0.482666015625, 4.77734375, 8.8125, 1.3291015625, 4.3984375, 2.4140625, 5.73046875, 0.173095703125, 8.3359375, 2.8046875, 4.60546875, 0.82958984375, 2.103515625, 4.14453125, 0.230712890625, 0.0164642333984375, 8.03125, 1.583984375, 5.16796875, 2.1015625, 2.86328125, 2.681640625, 6.22265625, 3.08203125, 2.818359375, 6.3984375, 1.302734375, 14.515625, 2.46484375, 8.3046875, 14.40625, 11.296875, 7.37890625, 13.8203125, 4.1015625, 4.19140625, 2.806640625, 4.8828125, 7.4765625, 10.828125, 0.470458984375, 1.30078125, 3.86328125, 7.6796875, 3.11328125, 3.12890625, 11.1796875, 2.98828125, 3.087890625, 4.734375, 5.95703125, 1.49609375, 9.828125, 1.7470703125, 7.76953125, 6.5078125, 3.060546875, 1.759765625, 2.181640625, 3.93359375, 0.33740234375, 0.387939453125, 3.224609375, 2.6640625, 7.609375, 6.2890625, 2.443359375, 0.137451171875, 0.8505859375, 4.125, 0.759765625, 1.6259765625, 3.076171875, 2.482421875, 4.296875, 1.548828125, 11.078125, 0.0771484375, 7.94140625, 0.8720703125, 0.37158203125, 5.19921875, 6.7109375, 1.93359375, 7.12109375, 8.015625, 6.62890625, 2.7578125, 3.498046875, 3.9296875, 0.0095062255859375, 8.375, 4.75390625, 10.15625, 2.09375, 9.640625, 4.54296875, 0.0114898681640625, 1.0009765625, 0.55126953125, 1.650390625, 7.20703125, 7.57421875, 3.70703125, 1.029296875, 5.7421875, 4.96484375, 3.990234375, 1.82421875, 6.3984375, 0.1788330078125, 9.203125, 5.40625, 2.78515625, 6.359375, 0.330078125, 0.94189453125, 8.015625, 0.92578125, 6.046875, 0.70849609375, 0.0205841064453125, 1.69140625, 4.37890625, 0.038330078125, 1.4765625, 2.873046875, 0.01006317138671875, 9.140625, 0.55322265625, 0.0025730133056640625, 0.007572174072265625, 8.453125, 2.4296875, 3.41796875, 3.833984375, 0.54541015625, 2.92578125, 1.1298828125, 8.203125, 1.3876953125, 0.09027099609375, 0.50927734375, 4.26953125, 2.060546875, 6.484375, 0.0338134765625, 8.046875, 0.017547607421875, 0.071533203125, 0.8544921875, 5.80859375, 6.34765625, 0.6845703125, 1.21875, 8.203125, 1.6123046875, 1.4814453125, 0.00010704994201660156, 0.09857177734375, 0.2344970703125, 0.8779296875, 0.0006895065307617188, 6.87109375, 0.0187225341796875, 2.34375, 6.96484375, 0.25390625, 1.2138671875, 10.0546875, 1.1552734375, 0.99072265625, 8.109375, 5.75]",-0.737666567316595
82,0,test,3.9599306438908433,1.7822294072705516,2.4711297840191637,6.5178982647892765,2.9334831858801005,4.067387532702351,52.45368783923848,43.62769378996454,48.02190983066759,86.33681538756645,71.80955810149443,79.04227394488764,4.121142114227141,1.8463470570451164,2.577431997078107,6.593827382763426,2.9541552912721865,4.123891195324971,61.62959011582477,51.903664566120426,56.947661524768165,98.60734418531963,83.04586330579268,91.11625843962906,3.9565437562537915,1.7894632763596836,2.4663826780013114,6.5123235739581045,2.9453898648156285,4.059573973107749,52.27633360135179,43.543582257214595,47.83852330518985,86.04489692147965,71.6711136531793,78.74042655823175,0.8241206030150754,0.00412060301507533,0.009120603015075446,0.6532663316582914,0.003266331658291377,-0.011733668341708636,0.542713567839196,-0.017286432160804055,-0.007286432160804046,0.4696969696969697,0.1426648335911096,0.2039538966491108,0.42205323193916355,0.4773869346733668,0.14906613266835422,0.20359728525767395,0.43434343434343436,0.43939393939393945,0.10669072578335348,0.17742920387756667,0.40304182509505704,26.0,-1.0,1.0,37.0,0.0,-1.0,48.0,1.0,2.0,0.0002667788974389743,0.0003468550991251057,0.00022501236709076677,-0.000141735257445319,-0.00018927773293242467,8.23537205478786e-05,"[12.140625, 0.810546875, 11.0, 2.248046875, 2.875, 2.28125, 7.8359375, 5.12890625, 6.46875, 11.671875, 1.724609375, 2.888671875, 1.0791015625, 2.2578125, 5.04296875, 1.2978515625, 6.00390625, 4.8515625, 0.06109619140625, 6.0078125, 3.236328125, 7.0859375, 1.58203125, 11.28125, 4.81640625, 0.74853515625, 4.82421875, 7.8671875, 12.8828125, 6.66015625, 1.119140625, 7.203125, 6.015625, 1.416015625, 5.73046875, 6.6953125, 7.87109375, 1.8466796875, 5.51171875, 3.37890625, 11.625, 7.48828125, 6.8515625, 0.52197265625, 1.1962890625, 0.0153656005859375, 4.3203125, 0.43798828125, 3.521484375, 2.49609375, 4.3515625, 0.86083984375, 4.71875, 6.60546875, 1.896484375, 7.46484375, 0.87646484375, 7.1953125, 1.4404296875, 7.4140625, 0.414306640625, 6.99609375, 5.9375, 1.9267578125, 5.3671875, 0.08935546875, 2.0234375, 4.1171875, 0.07940673828125, 5.19921875, 4.60546875, 1.16796875, 8.5703125, 5.4609375, 2.10546875, 5.3203125, 0.38232421875, 1.150390625, 0.1781005859375, 1.5693359375, 8.7734375, 1.349609375, 4.35546875, 0.04266357421875, 7.8671875, 12.859375, 0.90234375, 0.658203125, 1.150390625, 4.078125, 3.431640625, 4.1328125, 0.74853515625, 8.09375, 2.5078125, 12.7265625, 0.1072998046875, 7.984375, 9.03125, 1.30859375, 2.05859375, 6.6484375, 0.10955810546875, 9.671875, 4.96875, 0.9091796875, 3.078125, 0.00719451904296875, 0.5576171875, 0.5029296875, 1.68359375, 0.0038299560546875, 4.8984375, 7.5, 3.41796875, 0.595703125, 7.18359375, 1.921875, 6.390625, 0.293212890625, 7.51953125, 4.2578125, 0.7841796875, 4.74609375, 1.208984375, 6.046875, 4.08984375, 1.6630859375, 2.59375, 8.21875, 1.546875, 1.8251953125, 2.34765625, 1.4755859375, 6.4921875, 2.916015625, 6.1875, 8.6796875, 4.109375, 3.09375, 5.4453125, 0.45166015625, 6.40234375, 0.00783538818359375, 3.708984375, 1.44921875, 4.90234375, 12.96875, 1.6064453125, 4.6640625, 1.1640625, 10.546875, 4.30078125, 4.2109375, 1.708984375, 5.28125, 1.59375, 1.9892578125, 0.5986328125, 4.0234375, 0.82421875, 2.29296875, 10.53125, 5.453125, 0.03533935546875, 4.31640625, 7.95703125, 7.10546875, 2.5625, 4.3984375, 3.646484375, 0.8916015625, 7.0, 0.01110076904296875, 6.5078125, 5.53515625, 2.724609375, 7.984375, 8.0703125, 4.8828125, 3.376953125, 1.7197265625, 4.29296875, 3.765625, 6.83203125, 2.041015625, 6.0390625, 11.375, 1.04296875, 4.765625, 0.047760009765625, 4.703125, 3.056640625, 1.5205078125, 1.4931640625, 4.625, 0.1302490234375, 4.35546875, 2.89453125, 11.171875, 0.84814453125, 1.4970703125, 4.32421875, 0.0556640625, 2.291015625, 0.0117950439453125, 0.359130859375, 0.401123046875, 1.2978515625, 0.0049285888671875, 7.41796875, 0.998046875, 6.75390625, 2.435546875, 1.52734375, 4.19921875, 5.98828125, 2.248046875, 6.26171875, 0.77783203125, 5.98828125, 0.0986328125, 4.83984375, 8.046875, 5.24609375, 3.048828125, 0.06024169921875, 2.140625, 3.15234375, 2.6640625, 0.0015506744384765625, 0.10589599609375, 0.7666015625, 5.390625, 2.412109375, 0.0225067138671875, 2.791015625, 6.53125, 10.1015625, 2.783203125, 8.03125, 5.0859375, 0.26025390625, 1.6025390625, 6.84375, 8.4375, 8.5234375, 0.003459930419921875, 8.2578125, 0.890625, 3.41015625, 7.81640625, 7.48828125, 0.9404296875, 4.5078125, 3.470703125, 3.9609375, 1.7578125, 11.5859375, 1.466796875, 3.197265625, 1.927734375, 0.44384765625, 0.892578125]",-0.5883386279597427
106,0,test,4.112279812494914,1.9447865450216968,2.662040395430293,6.399446674500512,3.026437488601179,4.142613424349388,61.085823164947975,52.34946630541968,56.82168786522405,95.06052256567746,81.465180711243,88.42476145318574,4.2613349895381445,1.9391715609590867,2.7128406555242326,6.266669102261977,2.8517228837633626,3.9894715522415183,70.90457716814468,60.70686468705324,66.2001955481094,104.27143701197747,89.2748010103724,97.3532287472197,4.112279812494914,1.9447865450216968,2.662040395430293,6.399446674500512,3.026437488601179,4.142613424349388,61.085823164947975,52.34946630541968,56.82168786522405,95.06052256567746,81.465180711243,88.42476145318574,0.8542713567839196,-0.0057286432160803535,0.004271356783919655,0.7085427135678393,-0.011457286432160707,-0.006457286432160814,0.5829145728643217,-0.002085427135678275,-0.0070854271356783904,0.44202898550724634,0.0912152422884398,0.174559105989174,0.41454545454545455,0.4371859296482412,0.07377740834498303,0.15504903482353338,0.3939393939393939,0.44202898550724634,0.0912152422884398,0.174559105989174,0.41454545454545455,28.0,0.0,0.0,39.0,-1.0,-1.0,48.0,0.0,0.0,-6.761452081193864e-05,0.0002925659162999663,0.00013331804648790733,-0.00022489431977135155,0.00019273690668875076,4.029903692170933e-05,"[13.0703125, 0.53076171875, 3.345703125, 3.470703125, 7.50390625, 7.80859375, 1.2109375, 8.203125, 3.642578125, 8.765625, 1.2724609375, 8.4140625, 5.69140625, 2.654296875, 9.296875, 0.25537109375, 8.2578125, 4.25, 4.7421875, 2.443359375, 3.486328125, 3.064453125, 11.0546875, 8.515625, 3.40234375, 9.09375, 4.07421875, 8.5, 3.9375, 5.07421875, 8.96875, 6.23046875, 8.9296875, 12.2109375, 7.90625, 5.55859375, 2.27734375, 5.96484375, 0.03753662109375, 1.8349609375, 3.833984375, 5.0546875, 8.15625, 1.396484375, 1.4423828125, 2.4453125, 2.267578125, 3.08203125, 6.9140625, 0.0933837890625, 4.88671875, 1.6923828125, 1.244140625, 5.2109375, 0.132568359375, 0.347900390625, 6.234375, 0.352294921875, 1.21875, 3.01953125, 2.1171875, 5.46484375, 2.869140625, 1.83203125, 3.603515625, 0.01248931884765625, 1.91796875, 1.966796875, 1.3994140625, 0.041656494140625, 6.96484375, 2.912109375, 10.0078125, 8.6640625, 3.8671875, 2.486328125, 5.3359375, 4.88671875, 3.53125, 4.7265625, 1.37890625, 2.201171875, 12.2109375, 1.9921875, 7.5, 5.5625, 9.9453125, 7.5390625, 0.99755859375, 3.576171875, 0.8388671875, 4.5859375, 3.705078125, 0.01486968994140625, 0.0323486328125, 0.7197265625, 6.35546875, 5.37890625, 1.3408203125, 1.74609375, 6.33203125, 5.734375, 0.72314453125, 3.01953125, 3.490234375, 1.1533203125, 5.26171875, 0.0011796951293945312, 2.98046875, 6.05078125, 1.0263671875, 1.935546875, 10.140625, 1.578125, 0.141357421875, 0.00341796875, 0.002239227294921875, 0.0504150390625, 9.1796875, 4.95703125, 8.2109375, 2.51953125, 2.888671875, 6.4765625, 5.625, 6.66796875, 1.990234375, 5.3828125, 10.609375, 0.321533203125, 3.953125, 3.240234375, 5.48828125, 9.15625, 4.73046875, 0.171875, 3.849609375, 1.3291015625, 10.2109375, 3.095703125, 1.7333984375, 3.083984375, 0.2440185546875, 7.59765625, 5.734375, 3.02734375, 1.72265625, 2.9609375, 11.0390625, 7.21484375, 2.11328125, 2.962890625, 0.37841796875, 2.18359375, 1.6171875, 5.890625, 3.388671875, 0.6435546875, 2.888671875, 3.40234375, 6.921875, 7.234375, 6.0078125, 8.265625, 4.84765625, 3.697265625, 7.12890625, 10.21875, 0.4921875, 8.90625, 3.62109375, 2.48046875, 5.0078125, 6.98046875, 2.50390625, 2.296875, 5.66796875, 4.83203125, 4.44921875, 4.30859375, 5.41796875, 4.82421875, 1.6826171875, 1.3896484375, 2.1640625, 7.9140625, 9.8203125, 0.484375, 2.642578125, 4.9375, 1.9697265625, 8.796875, 2.904296875, 3.255859375, 1.3046875, 8.0703125, 0.057403564453125, 4.828125, 8.171875, 0.56591796875, 4.22265625, 4.38671875, 3.275390625, 0.76708984375, 2.173828125, 3.4296875, 0.1890869140625, 1.162109375, 5.6015625, 1.42578125, 7.8203125, 0.341064453125, 4.06640625, 4.80078125, 0.01776123046875, 1.2099609375, 8.140625, 6.84765625, 0.0045623779296875, 9.171875, 7.6953125, 2.501953125, 2.01953125, 4.64453125, 3.904296875, 0.00922393798828125, 6.31640625, 5.640625, 1.1865234375, 5.90234375, 10.5703125, 2.58984375, 7.96484375, 6.0, 1.244140625, 8.5546875, 0.96337890625, 1.26171875, 4.56640625, 2.328125, 0.10430908203125, 8.1015625, 3.0625, 3.4140625, 5.8359375, 5.07421875, 0.9755859375, 4.8671875, 5.33984375, 1.1494140625, 0.0262908935546875, 4.58984375, 1.0185546875, 7.78515625, 2.015625, 2.630859375, 7.13671875, 3.447265625, 1.1904296875, 3.634765625, 6.33203125, 0.61767578125, 2.3515625, 7.6171875, 4.4765625, 10.171875, 0.1640625, 4.609375, 3.35546875, 0.5966796875, 2.171875, 7.3515625, 0.490966796875, 4.6796875, 0.88525390625, 0.01114654541015625]",-0.5980993111928301
188,0,test,3.504751841893932,1.5422037996317126,2.15708628532049,6.164240004272269,2.7124643299404827,3.7939341135930973,33.27318581702173,26.155746300623758,29.42475472540903,58.52166211346763,46.00334202286179,51.752950958219415,3.699744873909495,1.5865153455038823,2.250448423533382,5.780851365483586,2.478930227349816,3.51632566177091,40.43698651366641,32.162064239197306,36.17687025627609,63.18279142760377,50.25322537374579,56.52635977543139,3.504751841893932,1.5422037996317126,2.15708628532049,6.164240004272269,2.7124643299404827,3.7939341135930973,33.27318581702173,26.155746300623758,29.42475472540903,58.52166211346763,46.00334202286179,51.752950958219415,0.7185929648241206,-0.011407035175879376,-0.011407035175879376,0.6180904522613065,-0.0019095477386934512,-0.006909547738693456,0.5175879396984925,-0.007412060301507539,-0.002412060301507535,0.44966442953020136,0.11968117994896188,0.18180728667305845,0.3973063973063973,0.457286432160804,0.1264593644916311,0.18349678274511116,0.40909090909090906,0.44966442953020136,0.11968117994896188,0.18180728667305845,0.3973063973063973,28.0,-1.0,0.0,40.0,0.0,1.0,50.0,2.0,1.0,0.000651432238999238,0.0002746041711749039,0.00012983938418885432,-0.008832176230047395,-0.010374845146460032,-0.009034203941748586,"[8.84375, 4.40234375, 11.2421875, 11.4296875, 6.52734375, 0.89599609375, 2.810546875, 1.9951171875, 7.8359375, 4.5234375, 1.1611328125, 7.40625, 2.599609375, 1.7236328125, 5.34765625, 5.45703125, 0.08404541015625, 5.546875, 10.8125, 0.1802978515625, 1.5234375, 0.74169921875, 4.921875, 2.181640625, 1.822265625, 9.359375, 10.21875, 11.2265625, 5.93359375, 0.91796875, 3.814453125, 0.09124755859375, 0.43701171875, 5.921875, 4.28515625, 0.257568359375, 1.9375, 1.583984375, 0.270263671875, 3.8515625, 4.09765625, 5.72265625, 7.44921875, 5.51171875, 2.26171875, 4.02734375, 0.0115814208984375, 0.35107421875, 0.9287109375, 9.1171875, 4.35546875, 3.04296875, 8.203125, 7.25, 0.308837890625, 0.0245513916015625, 0.00629425048828125, 0.01168060302734375, 0.0239105224609375, 0.05426025390625, 3.296875, 2.16015625, 9.125, 3.6953125, 1.654296875, 0.022247314453125, 0.004486083984375, 0.01320648193359375, 0.01953125, 0.0260467529296875, 3.986328125, 3.720703125, 6.23828125, 0.01284027099609375, 2.087890625, 7.23828125, 10.046875, 6.67578125, 4.96875, 8.6328125, 7.5, 1.5009765625, 0.1658935546875, 4.56640625, 4.82421875, 6.80078125, 4.10546875, 7.78515625, 0.62841796875, 7.19921875, 0.002124786376953125, 0.009246826171875, 1.76953125, 2.875, 3.51953125, 0.490234375, 1.8876953125, 2.72265625, 1.87890625, 8.078125, 8.421875, 6.5390625, 0.85595703125, 6.10546875, 9.6640625, 2.341796875, 1.2412109375, 5.609375, 6.7578125, 2.97265625, 2.4453125, 3.4375, 6.9375, 6.78125, 3.4765625, 7.16015625, 3.54296875, 3.0078125, 3.091796875, 0.5576171875, 4.8515625, 0.77685546875, 4.546875, 9.5234375, 2.857421875, 7.328125, 0.51904296875, 5.265625, 0.09173583984375, 4.63671875, 3.70703125, 6.421875, 1.5771484375, 1.689453125, 0.0030994415283203125, 2.009765625, 1.7099609375, 6.7578125, 6.09765625, 6.1171875, 0.98583984375, 0.003871917724609375, 0.0012569427490234375, 0.0261993408203125, 0.0036830902099609375, 0.01218414306640625, 5.21875, 0.83837890625, 1.3603515625, 5.94921875, 1.0712890625, 0.8525390625, 4.94921875, 1.498046875, 0.1259765625, 4.9140625, 9.71875, 0.8818359375, 4.6953125, 4.26953125, 2.4140625, 6.1484375, 10.796875, 0.167236328125, 4.40234375, 3.6171875, 3.837890625, 1.4931640625, 4.22265625, 9.890625, 6.76953125, 1.1337890625, 1.6865234375, 0.00042700767517089844, 4.796875, 8.1171875, 5.015625, 0.1324462890625, 0.755859375, 8.1953125, 6.30859375, 4.078125, 4.10546875, 4.6484375, 2.16015625, 2.28125, 2.681640625, 8.109375, 5.52734375, 5.9140625, 0.424072265625, 0.0209197998046875, 0.0005097389221191406, 0.052886962890625, 0.00832366943359375, 0.0127105712890625, 3.15625, 1.3916015625, 9.84375, 1.1513671875, 3.154296875, 8.0078125, 0.916015625, 0.1767578125, 3.443359375, 4.59765625, 2.953125, 6.09375, 1.380859375, 1.759765625, 1.951171875, 2.45703125, 1.45703125, 2.1640625, 3.23828125, 2.8671875, 3.763671875, 5.54296875, 5.98046875, 0.34765625, 2.21875, 4.04296875, 7.73046875, 1.4453125, 0.16650390625, 3.326171875, 7.4375, 1.4931640625, 3.42578125, 8.7265625, 0.1771240234375, 6.20703125, 2.11328125, 6.08984375, 0.338623046875, 3.552734375, 2.044921875, 2.1015625, 3.3359375, 6.95703125, 0.08013916015625, 0.01467132568359375, 2.24609375, 5.4765625, 3.931640625, 9.96875, 7.421875, 1.6015625, 0.716796875, 1.373046875, 0.86572265625, 0.849609375, 5.54296875, 1.80859375, 0.7880859375, 3.95703125, 1.7822265625, 9.5234375, 0.89111328125, 7.6015625, 4.765625, 3.578125, 7.07421875, 1.701171875, 6.1015625, 0.0251007080078125, 0.00554656982421875, 0.136474609375, 0.0030574798583984375, 0.0002244710922241211, 0.007381439208984375, 0.0018253326416015625, 8.511543273925781e-05, 1.0205078125, 0.75634765625, 1.1123046875, 0.0023479461669921875, 3.9140625, 7.3828125, 8.03125, 2.44140625, 2.005859375, 2.353515625, 0.85107421875, 3.611328125, 4.703125, 6.9453125, 5.4921875, 4.2734375, 3.55078125, 0.024261474609375, 0.0203704833984375, 2.775390625, 6.67578125, 1.9326171875, 1.69921875, 7.43359375, 3.279296875]",-0.5727318121282847
484,0,test,3.499263790074517,1.5170447122382396,2.101761110050747,6.635640964882047,2.876766269133254,3.985561808688823,33.0910810064427,25.83224796490842,29.045995536658374,62.75049435295801,48.98559614086337,55.07981375840403,3.5741784225157156,1.4864376946823765,2.100786661149879,6.4399611216499375,2.6782661165448225,3.7852011912610437,35.665306962333474,27.598637203399832,31.301295208341813,64.2618143465468,49.72727424036005,56.398730105120386,3.499263790074517,1.5170447122382396,2.101761110050747,6.635640964882047,2.876766269133254,3.985561808688823,33.0910810064427,25.83224796490842,29.045995536658374,62.75049435295801,48.98559614086337,55.07981375840403,0.7638190954773869,0.013819095477386911,0.008819095477386907,0.5879396984924623,-0.00706030150753767,0.0029396984924623393,0.48743718592964824,-0.002562814070351749,0.0024371859296482556,0.41960784313725485,0.0986685084992901,0.15363652631848046,0.3976377952755905,0.42211055276381915,0.10882734474376898,0.1666848432479594,0.3939393939393939,0.41960784313725485,0.0986685084992901,0.15363652631848046,0.3976377952755905,21.0,5.0,5.0,37.0,10.0,12.0,43.0,7.0,9.0,-0.00012687129352938737,0.0002017905294548998,0.0002987972031188737,-7.936596070123869e-05,-0.0001398081572467902,0.00011389473326595123,"[1.859375, 5.28125, 0.00511932373046875, 0.052032470703125, 6.68359375, 5.5234375, 3.646484375, 0.47900390625, 1.734375, 9.515625, 1.1279296875, 8.0703125, 3.3359375, 1.87109375, 5.44140625, 5.0546875, 0.322021484375, 4.96875, 5.546875, 13.0625, 3.958984375, 6.0703125, 3.85546875, 4.5625, 11.1328125, 2.46875, 12.1640625, 1.39453125, 0.5, 7.28515625, 7.20703125, 6.5390625, 2.052734375, 2.4921875, 0.026763916015625, 1.60546875, 7.31640625, 0.71044921875, 9.1640625, 8.296875, 2.1484375, 3.634765625, 0.08978271484375, 0.9072265625, 8.34375, 5.21484375, 0.26611328125, 0.57373046875, 7.70703125, 1.6982421875, 1.4013671875, 3.265625, 3.271484375, 8.375, 0.00020503997802734375, 11.3203125, 13.71875, 1.5283203125, 1.0517578125, 4.2890625, 4.5859375, 9.46875, 8.9375, 2.083984375, 0.81982421875, 3.08203125, 2.173828125, 3.646484375, 5.23828125, 6.34375, 0.275390625, 6.640625, 1.396484375, 2.693359375, 1.9453125, 5.18359375, 2.103515625, 6.21875, 0.74951171875, 5.63671875, 6.11328125, 1.7919921875, 3.24609375, 5.51953125, 4.55078125, 5.73828125, 5.0546875, 0.014007568359375, 5.34375, 2.92578125, 2.056640625, 5.2109375, 4.00390625, 5.9921875, 3.150390625, 7.58984375, 7.59765625, 10.8046875, 0.057220458984375, 0.32177734375, 0.1544189453125, 0.646484375, 0.55615234375, 0.55517578125, 0.00032258033752441406, 2.109375, 1.412109375, 0.0165252685546875, 0.0018224716186523438, 4.279613494873047e-05, 1.7314453125, 2.22265625, 3.1015625, 0.406005859375, 9.4140625, 6.75, 2.505859375, 2.041015625, 1.0966796875, 12.1015625, 7.71484375, 0.94873046875, 1.1259765625, 4.12890625, 1.1328125, 1.908203125, 0.48193359375, 0.0484619140625, 2.810546875, 5.43359375, 1.0888671875, 0.67626953125, 1.150390625, 3.994140625, 6.05078125, 3.904296875, 3.34375, 1.322265625, 3.810546875, 1.376953125, 1.0517578125, 2.95703125, 0.77294921875, 6.80078125, 0.0982666015625, 2.58984375, 1.78515625, 3.796875, 6.453125, 0.7314453125, 3.107421875, 2.00390625, 1.39453125, 0.5712890625, 5.8984375, 5.05859375, 3.142578125, 1.3779296875, 1.6162109375, 2.54296875, 2.6640625, 6.984375, 4.0859375, 5.75390625, 0.0287933349609375, 1.224609375, 0.3583984375, 1.9345703125, 5.02734375, 1.06640625, 8.1484375, 4.98046875, 0.0543212890625, 3.107421875, 1.9580078125, 4.81640625, 13.03125, 4.61328125, 3.658203125, 2.146484375, 6.20703125, 0.81103515625, 1.2158203125, 8.726119995117188e-05, 1.419921875, 0.0494384765625, 0.019927978515625, 9.59634780883789e-05, 0.00011432170867919922, 1.0810546875, 0.47314453125, 0.0086669921875, 5.140625, 7.65234375, 6.2265625, 3.552734375, 0.0063629150390625, 9.3671875, 5.640625, 2.1015625, 6.1953125, 8.484375, 0.0010204315185546875, 0.2314453125, 0.01169586181640625, 0.595703125, 2.3984375, 3.876953125, 0.200439453125, 1.5517578125, 6.140625, 0.353271484375, 1.8701171875, 3.779296875, 2.49609375, 8.5625, 0.002079010009765625, 0.203125, 2.1328125, 2.80859375, 1.9072265625, 6.72265625, 1.6396484375, 5.78125, 7.10546875, 5.52734375, 2.650390625, 3.271484375, 0.9326171875, 7.7109375, 8.015625, 2.515625, 10.703125, 0.6474609375, 5.16796875, 1.8232421875, 0.005359649658203125, 2.591796875, 5.265625, 8.703125, 0.07598876953125, 0.58837890625, 2.7890625, 0.1348876953125, 5.3125, 2.109375, 6.1328125, 6.09375, 3.21484375, 4.8515625, 0.23828125, 4.19921875, 1.3369140625, 7.484375, 0.0247039794921875]",-1.0720610352123483
96,0,test,3.424016629062822,1.4789290428743835,2.08814665740429,6.175833674505949,2.667516187761158,3.766350412741481,30.69244794525611,23.69820351783957,26.889144671629047,55.35938463745581,42.74399898309714,48.49943885557633,3.578976951651837,1.4991126833369686,2.1500743311866266,5.726363122642939,2.3985802933391493,3.440118929898602,35.836859247080874,27.833476719108653,31.66274315897079,57.3389747953294,44.53356275057385,50.66038905435327,3.415869243315869,1.4757038180347668,2.082386525768274,6.161138389784451,2.661698911056573,3.755960972858113,30.443400652153805,23.483498432960914,26.64916600104183,54.91018277136944,42.35673950484974,48.066593891449685,0.7688442211055276,-0.0011557788944723812,-0.0011557788944723812,0.6281407035175879,0.03314070351758791,-0.0018592964824121205,0.5125628140703518,-0.0024371859296482556,-0.0024371859296482556,0.4368600682593856,0.1012552982423498,0.16217221354882938,0.3972602739726028,0.4371859296482412,0.10886512764322864,0.17007407655976037,0.3939393939393939,0.4436860068259386,0.10637765929612597,0.16672800455579107,0.40068493150684936,25.0,16.0,16.0,39.0,24.0,25.0,47.0,27.0,28.0,0.0009434008918273013,0.0003961205275519428,1.02761801177081e-05,-0.0003427029913991575,0.00012688698084151184,-1.9278431547142816e-05,"[10.4375, 3.224609375, 4.3125, 2.84765625, 5.55078125, 0.087158203125, 0.310546875, 0.333740234375, 3.4609375, 5.2421875, 0.60205078125, 3.7265625, 5.24609375, 0.050140380859375, 8.421875, 3.619140625, 6.171875, 0.07501220703125, 1.755859375, 7.87109375, 5.27734375, 5.51953125, 4.515625, 3.798828125, 9.71875, 1.9375, 2.298828125, 2.845703125, 0.87109375, 2.75, 0.2125244140625, 8.953125, 4.61328125, 5.8359375, 4.25, 0.436767578125, 3.59375, 4.88671875, 3.333984375, 3.388671875, 2.568359375, 6.03125, 1.5859375, 8.3828125, 5.1953125, 2.154296875, 0.61279296875, 5.95703125, 0.9677734375, 11.984375, 0.2490234375, 7.31640625, 10.5859375, 1.4453125, 1.5791015625, 2.595703125, 10.671875, 0.60400390625, 6.94921875, 1.111328125, 3.123046875, 5.50390625, 7.73828125, 2.56640625, 2.2734375, 9.8671875, 11.015625, 0.02935791015625, 0.0005307197570800781, 4.32421875, 0.6845703125, 9.921875, 0.0279541015625, 2.572265625, 1.681640625, 2.00390625, 5.08984375, 5.99609375, 0.0002841949462890625, 2.39453125, 0.2178955078125, 4.453125, 1.287109375, 0.03564453125, 2.017578125, 8.9296875, 3.46875, 7.453125, 7.58203125, 0.87744140625, 1.8291015625, 1.9365234375, 0.7294921875, 5.67578125, 3.771484375, 3.857421875, 5.703125, 0.57470703125, 1.185546875, 7.53125, 3.51171875, 7.42578125, 4.140625, 0.916015625, 7.69921875, 7.3515625, 3.48046875, 1.296875, 5.9296875, 3.31640625, 6.92578125, 4.54296875, 1.7880859375, 4.9921875, 0.1629638671875, 0.088623046875, 7.40234375, 1.345703125, 6.16796875, 0.081787109375, 3.095703125, 1.79296875, 6.07421875, 4.515625, 2.216796875, 10.1953125, 8.6484375, 0.387451171875, 2.46875, 3.150390625, 0.1700439453125, 4.578125, 0.57470703125, 1.21875, 5.6171875, 6.109375, 3.751953125, 5.421875, 5.96875, 0.64208984375, 9.6328125, 0.826171875, 0.8984375, 3.404296875, 4.03515625, 3.193359375, 2.291015625, 3.87109375, 0.000385284423828125, 0.46533203125, 6.58203125, 6.389617919921875e-05, 1.17578125, 1.5361328125, 0.8935546875, 3.572265625, 5.28125, 7.6328125, 0.97216796875, 6.3828125, 2.64453125, 2.55859375, 0.22021484375, 2.451171875, 5.28125, 1.46484375, 5.32421875, 1.109375, 1.5810546875, 3.615234375, 5.8359375, 1.220703125, 2.0, 0.0005736351013183594, 2.642578125, 0.373046875, 3.416015625, 6.87890625, 10.765625, 0.2266845703125, 4.84375, 0.060211181640625, 2.763671875, 7.3046875, 0.03173828125, 1.0, 7.26171875, 5.44921875, 0.36572265625, 0.1015625, 2.458984375, 1.37890625, 1.154296875, 1.0869140625, 5.41796875, 0.00075531005859375, 3.025390625, 2.07421875, 2.849609375, 3.7670135498046875e-05, 0.82275390625, 1.60546875, 1.2724609375, 9.655952453613281e-06, 0.06927490234375, 1.1650390625, 1.0419921875, 8.140625, 3.609375, 3.87890625, 0.7236328125, 4.83984375, 0.81103515625, 10.1796875, 3.87890625, 1.591796875, 5.71484375, 2.580078125, 0.0009603500366210938, 2.84375, 0.26806640625, 1.5625, 0.0004987716674804688, 4.96875, 4.078125, 0.0743408203125, 5.82421875, 5.515625, 0.89501953125, 3.1875, 0.7041015625, 5.61328125, 5.3828125, 0.57421875, 1.7783203125, 1.123046875, 4.41796875, 12.28125, 0.039703369140625, 3.630859375, 4.27734375, 3.302734375, 4.5546875, 6.50390625, 1.302734375, 1.4296875, 0.04876708984375, 2.6484375, 1.6689453125, 6.69140625, 4.5, 0.07208251953125, 2.478515625, 1.7890625, 7.46484375, 0.259521484375, 0.0244140625, 3.865234375, 0.921875, 3.166015625, 5.0859375, 1.4580078125, 2.12890625, 0.034393310546875, 8.359375, 0.08245849609375, 0.47607421875, 9.0859375, 2.712890625, 0.1195068359375, 0.0080108642578125, 3.31640625, 0.564453125, 0.483154296875, 3.0390625, 3.74609375, 2.5625, 5.02734375, 1.3203125, 7.88671875, 9.53125, 5.7734375, 4.40234375, 4.09375, 0.75048828125, 1.435546875, 0.059356689453125, 10.46875, 4.3203125, 3.947265625, 3.38671875, 4.921875, 6.0703125]",-0.7531445876730181
274,0,test,2.745887621756523,1.1412208625184512,1.4429043088607192,6.12894253695931,2.5472554058422885,3.220626192153207,15.578435555421933,10.602234502045562,11.89817588282963,34.77175670933956,23.664656015615506,26.5572544567026,3.1787864143524938,1.3006039284661088,1.859264090839622,5.342498175382342,2.1858889554052245,3.124813598049785,24.01758845783398,17.4759838654934,20.27595479793718,40.365694887115936,29.371401454610762,34.07723495451627,2.8987636338906944,1.2518327982098043,1.7453543846305843,5.836436846759788,2.520468721227794,3.514136344893794,18.151689356829685,12.960666107140991,14.982711005616586,36.5470255506638,26.09530088686106,30.166532226073663,0.6482412060301508,-0.0017587939698492372,-0.006758793969849242,0.5376884422110553,-0.017311557788944665,-0.012311557788944771,0.457286432160804,0.0022864321608040417,-0.0027135678391959628,0.4069478908188585,0.11946338028602088,0.1479058575832769,0.32587064676616917,0.44221105527638194,0.12391531592801097,0.1901242439241282,0.3535353535353535,0.41137123745819393,0.117548199060865,0.17444131532248763,0.32885906040268453,27.0,12.0,10.0,39.0,13.0,11.0,47.0,13.0,9.0,0.001141767176769599,0.0012375534940941523,0.0004269245549868033,-0.044968932377627446,-0.05685986510598351,-0.05004168430693845,"[9.390625, 1.5791015625, 8.625, 4.48046875, 3.744140625, 2.36328125, 5.72265625, 0.4453125, 5.578125, 0.880859375, 6.5390625, 2.90625, 5.91796875, 3.11328125, 2.49609375, 4.48046875, 8.3125, 4.78125, 0.3662109375, 5.69921875, 10.6875, 11.953125, 4.6015625, 2.576171875, 0.33154296875, 9.1640625, 3.8359375, 7.9609375, 3.626953125, 0.071533203125, 5.7109375, 7.296875, 3.3046875, 2.775390625, 4.15625, 4.015625, 1.0185546875, 8.40625, 0.230224609375, 0.65087890625, 1.3798828125, 6.97265625, 5.375, 5.77734375, 6.4296875, 8.015625, 4.41796875, 7.66796875, 0.1453857421875, 4.015625, 0.5927734375, 0.2301025390625, 0.013397216796875, 0.01708984375, 7.17578125, 2.7109375, 6.1796875, 7.8125, 2.98046875, 1.05078125, 8.1953125, 0.0199432373046875, 0.0024051666259765625, 6.8203125, 1.875, 0.0203857421875, 5.40234375, 6.94140625, 1.708984375, 1.9951171875, 3.859375, 6.40625, 3.419921875, 1.2431640625, 1.5029296875, 0.0228729248046875, 10.0078125, 2.90625, 1.8388671875, 1.923828125, 0.186767578125, 0.0195465087890625, 0.03302001953125, 0.0069580078125, 0.455322265625, 4.48828125, 2.201171875, 4.203125, 1.71484375, 0.266845703125, 0.39013671875, 0.0185699462890625, 4.859375, 0.8037109375, 8.015625, 8.0234375, 4.1875, 2.5546875, 5.21875, 6.6953125, 0.95751953125, 2.7578125, 2.84375, 5.7421875, 1.2880859375, 5.421875, 1.5068359375, 0.1378173828125, 0.81787109375, 0.024566650390625, 4.83984375, 6.7265625, 3.15234375, 0.09130859375, 5.12109375, 8.203125, 3.986328125, 1.341796875, 4.91015625, 1.619140625, 3.107421875, 0.3095703125, 0.147216796875, 0.0289764404296875, 2.828125, 2.65234375, 6.71484375, 3.076171875, 0.01202392578125, 3.279296875, 8.375, 0.583984375, 9.5546875, 0.159423828125, 0.60791015625, 1.4873046875, 3.9453125, 1.978515625, 2.1015625, 6.56640625, 0.95947265625, 6.375, 6.18359375, 6.8046875, 0.038421630859375, 0.90283203125, 4.83203125, 2.94140625, 0.443603515625, 0.0019702911376953125, 6.05859375, 0.966796875, 3.4453125, 4.96875, 0.62841796875, 5.30859375, 4.140625, 0.264892578125, 0.028533935546875, 0.01995849609375, 0.00774383544921875, 4.140625, 0.0958251953125, 9.5234375, 5.76953125, 0.0014047622680664062, 3.27734375, 0.036895751953125, 7.092952728271484e-05, 1.3589859008789062e-05, 0.007633209228515625, 7.271766662597656e-06, 0.001239776611328125, 0.00421142578125, 0.0001825094223022461, 0.99169921875, 3.203125, 9.203125, 2.1328125, 2.41015625, 6.628036499023438e-05, 1.5087890625, 0.0003185272216796875, 0.0012760162353515625, 1.0251998901367188e-05, 0.0250091552734375, 2.944469451904297e-05, 0.0015993118286132812, 0.0130767822265625, 0.00020265579223632812, 2.177734375, 5.28515625, 4.41015625, 3.1171875, 6.171875, 0.03594970703125, 9.2421875, 2.666015625, 0.10211181640625, 0.02764892578125, 0.004169464111328125, 0.00972747802734375, 1.5703125, 0.082275390625, 4.3515625, 0.2406005859375, 2.302734375, 4.184246063232422e-05, 4.12109375, 0.01540374755859375, 3.3020973205566406e-05, 6.4373016357421875e-06, 0.0002551078796386719, 0.0001354217529296875, 0.00043463706970214844, 0.005916595458984375, 7.224082946777344e-05, 2.037109375, 8.6953125, 12.4921875, 1.095703125, 1.92578125, 1.0107421875, 1.0458984375, 1.9091796875, 0.0001888275146484375, 0.0010213851928710938, 3.005859375, 4.5625, 1.1142578125, 3.296875, 0.70068359375, 0.0011987686157226562, 6.2890625, 5.86328125, 5.94140625, 6.25390625, 0.031341552734375, 1.9365234375, 0.2149658203125, 0.0240478515625, 0.00620269775390625, 0.004848480224609375, 1.037109375, 5.078125, 8.953125, 2.4609375, 0.935546875, 10.4609375, 3.630859375, 8.1328125, 1.615234375, 7.2421875, 2.640625, 0.315673828125, 7.12890625, 1.7744140625, 2.041015625, 9.328125, 2.966796875, 0.0001035928726196289, 4.19140625, 0.0007314682006835938, 9.357929229736328e-05, 3.445148468017578e-05, 0.00020003318786621094, 5.364418029785156e-05, 0.00034618377685546875, 0.002262115478515625, 0.00019633769989013672, 1.2431640625, 7.58203125, 0.00021839141845703125, 3.146484375, 0.0006084442138671875, 0.0013093948364257812, 3.898143768310547e-05, 0.00017499923706054688, 0.000392913818359375, 0.002361297607421875, 0.0038299560546875, 7.176399230957031e-05, 0.0618896484375, 6.7734375, 0.481201171875, 9.9296875, 0.701171875, 10.8203125, 2.404296875, 5.5859375, 8.5625, 2.244140625, 1.2373046875, 10.21875, 0.0001239776611328125, 0.0031795501708984375, 2.0625, 0.1322021484375, 0.0005412101745605469, 3.712890625, 4.03515625, 1.9931640625, 6.8515625, 0.1697998046875, 6.625, 6.234375, 1.0078125, 0.310546875, 1.890625, 3.54296875, 12.09375, 2.01953125, 1.4892578125, 6.6796875, 1.1474609375, 3.162109375, 1.009765625, 4.96875, 1.1044921875, 0.458740234375, 8.21875, 5.98828125, 7.1796875, 5.2265625, 3.611328125, 2.2890625, 2.26171875, 0.53173828125, 3.240234375, 2.80859375, 0.0250701904296875, 2.943359375, 7.046875, 3.9609375, 0.237060546875, 9.3046875, 10.9765625, 0.428466796875, 3.93359375, 0.07330322265625, 2.08203125, 4.265625, 0.07861328125, 0.015594482421875, 0.0012378692626953125, 0.0013103485107421875, 0.84326171875, 5.98046875, 7.08984375, 7.88671875, 6.0703125, 0.06414794921875, 0.0168609619140625, 3.220703125, 8.296875, 4.41015625, 1.5029296875, 1.466796875, 0.00020396709442138672, 4.515625, 0.0037841796875, 6.139278411865234e-05, 8.344650268554688e-06, 3.409385681152344e-05, 2.944469451904297e-05, 0.0002503395080566406, 0.00385284423828125, 7.236003875732422e-05, 2.46484375, 0.1141357421875, 0.00015461444854736328, 3.54296875, 0.00019431114196777344, 0.0007810592651367188, 9.059906005859375e-06, 0.005046844482421875, 0.0017414093017578125, 0.0008640289306640625, 0.004024505615234375, 0.0005664825439453125, 0.791015625, 2.453125, 4.76837158203125e-05, 3.029296875, 0.0012807846069335938, 0.0008969306945800781, 1.537799835205078e-05, 0.00025010108947753906, 0.0190277099609375, 0.0020503997802734375, 0.003173828125, 0.0004458427429199219, 0.02880859375, 4.8984375, 1.8134765625, 9.375, 0.1419677734375, 0.012969970703125, 0.89208984375, 0.1080322265625, 0.1693115234375, 3.455078125, 0.22216796875]",-0.5573190604486773
380,0,test,3.421205843792481,1.4837985038172177,2.067442690412083,5.256540228743656,2.2797945761774967,3.176539550372732,30.606299194199416,23.66556653125969,26.7343302321584,47.02530344942098,36.36115691000838,41.076184471285046,3.644288549471141,1.5305074988392664,2.1496559123087016,5.3989459992165045,2.2674185167989127,3.1846754256425203,38.255546238908956,29.976058902133943,33.79784757972177,56.674883316902154,44.408976151309545,50.07088530329151,3.421205843792481,1.4837985038172177,2.067442690412083,5.256540228743656,2.2797945761774967,3.176539550372732,30.606299194199416,23.66556653125969,26.7343302321584,47.02530344942098,36.36115691000838,41.076184471285046,0.7386934673366834,0.008693467336683414,0.003693467336683409,0.592964824120603,-0.012035175879396953,-0.012035175879396953,0.4723618090452262,-0.0026381909547738003,-0.017638190954773814,0.41836734693877553,0.1127646304701847,0.17176101209714656,0.41979522184300344,0.4371859296482412,0.10886512764322864,0.17341297472336648,0.4545454545454546,0.41836734693877553,0.1127646304701847,0.17176101209714656,0.41979522184300344,18.0,3.0,3.0,33.0,3.0,4.0,38.0,2.0,1.0,0.0008551420125534558,-0.0002939705452022452,0.00011125105130427595,-0.006782013321825708,-0.004688568215883038,-0.005787571599993768,"[3.783203125, 0.040191650390625, 0.3896484375, 0.0202484130859375, 0.0006041526794433594, 0.7236328125, 0.0200653076171875, 0.01122283935546875, 6.55859375, 3.001953125, 4.9453125, 5.38671875, 2.28515625, 2.759765625, 2.232421875, 1.9599609375, 0.54736328125, 7.4921875, 5.9296875, 1.01953125, 8.1171875, 1.515625, 11.4375, 4.83203125, 1.3740234375, 0.1324462890625, 0.7314453125, 1.087890625, 0.034088134765625, 5.125, 0.92236328125, 5.76171875, 5.6796875, 1.2294921875, 7.44140625, 8.4921875, 0.3828125, 4.1796875, 1.4150390625, 6.9140625, 0.0021266937255859375, 3.259765625, 1.3427734375, 6.875, 5.5703125, 2.193359375, 1.9775390625, 7.1171875, 15.421875, 6.859375, 1.6259765625, 6.99609375, 2.294921875, 0.76025390625, 6.8203125, 4.921875, 6.6953125, 0.83642578125, 1.287109375, 6.50390625, 6.328125, 1.8525390625, 4.79296875, 1.1337890625, 4.48046875, 1.478515625, 13.7109375, 3.630859375, 2.0546875, 0.47216796875, 3.3359375, 6.1640625, 3.494140625, 2.140625, 7.6484375, 0.66796875, 1.876953125, 5.72265625, 6.58984375, 0.0286407470703125, 0.165771484375, 2.177734375, 2.24609375, 7.53125, 0.459228515625, 5.84765625, 0.61083984375, 3.732421875, 0.54248046875, 0.328369140625, 2.302734375, 6.8515625, 0.134521484375, 6.171875, 1.9677734375, 5.26171875, 2.560546875, 8.1640625, 1.07421875, 5.4921875, 0.56298828125, 7.12109375, 0.857421875, 0.0799560546875, 0.031524658203125, 0.456298828125, 0.9501953125, 6.46484375, 2.15625, 0.385009765625, 2.568359375, 6.953125, 4.6953125, 9.03125, 9.125, 2.353515625, 6.17578125, 0.9169921875, 2.34765625, 0.313232421875, 9.1484375, 3.3125, 0.02581787109375, 4.2890625, 1.7880859375, 3.28125, 3.6796875, 2.361328125, 1.6982421875, 9.3125, 0.35302734375, 2.083984375, 7.66015625, 0.0065765380859375, 0.003475189208984375, 0.109375, 2.529296875, 2.86328125, 7.2578125, 3.279296875, 0.9921875, 5.82421875, 4.6953125, 1.1357421875, 1.9169921875, 0.7783203125, 0.0007185935974121094, 9.890625, 12.53125, 3.30078125, 6.49609375, 1.2255859375, 4.015625, 4.09765625, 2.109375, 0.00830841064453125, 10.78125, 4.3359375, 2.275390625, 5.52734375, 6.32421875, 6.78515625, 2.064453125, 1.642578125, 5.83984375, 3.865234375, 0.876953125, 4.546875, 2.427734375, 0.9609375, 1.2744140625, 0.1685791015625, 7.00390625, 0.791015625, 4.796875, 0.5361328125, 0.057220458984375, 5.09765625, 8.015625, 3.220703125, 5.21875, 9.9765625, 4.26953125, 5.28515625, 10.8984375, 9.65625, 9.703125, 0.01045989990234375, 5.609375, 0.6650390625, 2.005859375, 0.409423828125, 12.96875, 2.435546875, 0.32373046875, 0.406494140625, 5.94140625, 4.9296875, 5.01171875, 1.361328125, 4.91015625, 8.7890625, 4.75390625, 7.1953125, 9.171875, 3.787109375, 1.33203125, 7.5859375, 0.83203125, 3.099609375, 0.603515625, 6.95703125, 1.3271484375, 10.25, 3.548828125, 1.0830078125, 1.3271484375, 0.157958984375, 2.1484375, 7.8984375, 6.23046875, 7.27734375, 6.84765625, 6.421875, 1.1376953125, 9.453125, 3.11328125, 3.556640625, 2.98828125, 0.97705078125, 0.00799560546875, 1.54296875, 0.638671875, 0.072509765625, 0.004718780517578125, 0.00376129150390625, 0.0014219284057617188, 5.8531761169433594e-05, 0.030364990234375, 0.0028438568115234375, 1.8358230590820312e-05, 0.1673583984375, 4.9921875, 0.0035247802734375, 0.0026702880859375, 0.0213623046875, 0.0006237030029296875, 2.31640625, 2.29296875, 6.546875, 3.173828125, 3.234375, 3.05859375, 0.7744140625, 7.53515625, 7.1328125, 0.97314453125, 5.4140625, 1.3125, 3.25, 0.3916015625, 1.3203125, 0.748046875, 4.56640625, 0.0035686492919921875, 0.00739288330078125, 1.404296875, 11.1875, 0.0022602081298828125, 0.054351806640625, 0.057373046875, 0.44140625, 1.7998046875, 5.73828125, 1.7548828125, 0.0504150390625, 6.0703125, 7.03515625, 4.875, 4.37109375, 0.0413818359375, 0.09283447265625, 0.92236328125, 3.68359375, 6.9453125, 0.464599609375, 0.1976318359375, 6.35546875, 5.2890625, 3.7421875, 0.01360321044921875, 0.0018987655639648438, 1.3818359375, 5.140625]",-0.7130858050722653
459,0,test,3.5023820132810353,1.6016218930936776,2.1966518690479586,6.557651429121939,2.998781416856248,4.112880095238731,33.19442742803168,26.50344897042974,29.50404480618916,62.15126837588911,49.623478923357816,55.2416158073329,3.4635920141210508,1.5286484627133299,2.1188618805167243,6.184985739501876,2.7297293977023744,3.7836819294941497,31.931469049895238,25.007815836025436,28.09431816711202,57.02048044624149,44.656813992902556,50.16842529841432,3.5023820132810353,1.6016218930936776,2.1966518690479586,6.557651429121939,2.998781416856248,4.112880095238731,33.19442742803168,26.50344897042974,29.50404480618916,62.15126837588911,49.623478923357816,55.2416158073329,0.7336683417085428,-0.0063316582914572095,-0.001331658291457205,0.5778894472361809,0.0028894472361808976,-0.002110552763819218,0.46733668341708545,0.017336683417085497,0.012336683417085492,0.43726235741444863,0.12227184508048283,0.18441785678233735,0.4389312977099237,0.4321608040201005,0.10885253334340872,0.17673509450424074,0.43939393939393945,0.43726235741444863,0.12227184508048283,0.18441785678233735,0.4389312977099237,26.0,6.0,10.0,38.0,8.0,10.0,46.0,5.0,9.0,0.0003524629075504562,0.00016811344397818316,4.690412564686815e-05,-0.005680862207870341,-0.004333321782352684,-0.004333939564772571,"[1.783203125, 4.34765625, 0.00472259521484375, 0.0274505615234375, 1.2060546875, 11.34375, 2.21484375, 0.045989990234375, 2.69140625, 7.296875, 4.890625, 6.45703125, 0.43603515625, 2.576171875, 0.0199432373046875, 0.57861328125, 9.03125, 11.4140625, 1.65625, 1.1767578125, 1.3837890625, 0.60791015625, 1.6083984375, 0.315185546875, 0.47021484375, 2.775390625, 9.546875, 0.87158203125, 0.032012939453125, 8.0625, 2.064453125, 4.43359375, 10.828125, 0.564453125, 0.09576416015625, 4.0234375, 0.0635986328125, 2.421875, 4.46484375, 6.84765625, 6.6875, 4.72265625, 5.953125, 3.794921875, 1.705078125, 7.640625, 0.2822265625, 0.1629638671875, 0.33251953125, 0.9912109375, 0.72998046875, 1.275390625, 1.0439453125, 0.353759765625, 0.155517578125, 0.28857421875, 1.109375, 6.81640625, 3.685546875, 6.421875, 2.650390625, 7.06640625, 5.09375, 0.0215911865234375, 10.0, 5.421875, 1.013671875, 5.83203125, 0.2142333984375, 1.1083984375, 8.671875, 5.26171875, 7.1953125, 4.5703125, 10.2890625, 0.66064453125, 6.6640625, 4.91796875, 3.89453125, 2.986328125, 8.078125, 2.271484375, 1.2509765625, 3.919921875, 0.2403564453125, 1.234375, 5.81640625, 3.166015625, 4.2734375, 1.1787109375, 0.00021767616271972656, 0.184814453125, 0.28466796875, 4.21875, 9.65625, 0.95458984375, 7.765625, 7.19921875, 8.2265625, 3.435546875, 6.1171875, 1.8447265625, 4.6171875, 3.20703125, 4.41015625, 1.22265625, 4.44921875, 3.818359375, 7.24609375, 4.91015625, 1.42578125, 7.3125, 3.8515625, 8.015625, 10.6484375, 0.0276641845703125, 0.93017578125, 8.28125, 9.640625, 1.388671875, 3.77734375, 7.77734375, 4.69921875, 1.9794921875, 1.84375, 9.0703125, 9.546875, 0.1480712890625, 2.755859375, 4.234375, 4.125, 1.046875, 4.4140625, 0.5322265625, 2.560546875, 5.80078125, 0.00757598876953125, 4.640625, 1.615234375, 4.30859375, 0.53271484375, 3.9921875, 0.02764892578125, 0.01134490966796875, 1.9736328125, 12.1328125, 7.46875, 0.06109619140625, 5.8046875, 2.791015625, 4.94140625, 8.7421875, 2.1171875, 4.15234375, 3.861328125, 1.5439453125, 2.548828125, 2.55859375, 1.798828125, 12.53125, 7.23046875, 6.6796875, 1.6240234375, 5.5078125, 0.61474609375, 1.2294921875, 3.08203125, 0.120361328125, 3.443359375, 1.0078125, 6.9453125, 0.396240234375, 3.505859375, 1.2119140625, 5.0625, 2.33984375, 2.451171875, 0.72265625, 6.99609375, 2.359375, 6.515625, 0.098876953125, 2.451171875, 1.27734375, 2.41796875, 2.302734375, 3.212890625, 1.5390625, 1.8623046875, 0.0042877197265625, 2.21484375, 0.6220703125, 4.703125, 0.452880859375, 0.427978515625, 0.010162353515625, 0.00566864013671875, 0.43994140625, 6.08984375, 0.94384765625, 9.1875, 9.4296875, 6.0390625, 2.974609375, 4.578125, 5.33984375, 1.732421875, 3.392578125, 1.134765625, 1.0908203125, 2.34375, 3.548828125, 8.1171875, 3.412109375, 0.97021484375, 0.196533203125, 0.52685546875, 5.56640625, 6.046875, 0.044708251953125, 2.78515625, 1.8408203125, 4.62109375, 5.3203125, 2.111328125, 4.7265625, 6.12890625, 1.8564453125, 9.65625, 0.404541015625, 2.78125, 3.34765625, 4.7734375, 0.9990234375, 7.77734375, 5.015625, 0.0003116130828857422, 0.61279296875, 0.1287841796875, 9.53125, 5.9453125, 0.431396484375, 4.58984375, 5.8125, 1.7099609375, 8.296875, 2.857421875, 0.72998046875, 1.3017578125, 4.26171875, 2.3515625, 0.00012552738189697266, 0.1357421875, 2.611328125, 0.00044846534729003906, 3.560546875, 0.4208984375, 5.2890625, 5.07421875, 0.6455078125, 5.93359375, 8.015625, 1.37109375]",-0.8540737896364452
297,0,test,3.5381981508502403,1.571772521202601,2.1764207688139967,5.478500362606823,2.43371229089435,3.3699418355829622,34.40487091941854,27.259779332322346,30.50174643578462,53.27205819780935,42.20869057907976,47.228510610247156,3.6007315339754573,1.6146694894875973,2.2192749628247554,5.539586975346857,2.484106906903996,3.4142691735765474,36.625017090629015,29.338234926410465,32.644321517474104,56.34618013942925,45.135746040631474,50.22203310380631,3.5381981508502403,1.571772521202601,2.1764207688139967,5.478500362606823,2.43371229089435,3.3699418355829622,34.40487091941854,27.259779332322346,30.50174643578462,53.27205819780935,42.20869057907976,47.228510610247156,0.7889447236180904,-0.01605527638190951,-0.011055276381909618,0.592964824120603,-0.0020351758793969443,-0.007035175879396949,0.5125628140703518,-0.012437185929648265,-0.012437185929648265,0.43096234309623427,0.12616067295009648,0.17226971444533024,0.46218487394957986,0.4371859296482412,0.12390272162819105,0.17341297472336648,0.4797979797979798,0.43096234309623427,0.12616067295009648,0.17226971444533024,0.46218487394957986,22.0,-1.0,-3.0,35.0,-1.0,0.0,45.0,1.0,0.0,-0.00017955337136415876,7.346245263381263e-05,5.244379039316178e-05,3.151278906887711e-05,-5.1862244922595835e-05,-7.525089254567519e-05,"[2.859375, 1.2138671875, 0.351806640625, 0.0308380126953125, 0.0001201629638671875, 1.1474609375, 0.00901031494140625, 0.0285186767578125, 9.6015625, 7.56640625, 1.298828125, 0.3154296875, 6.5625, 4.26953125, 3.486328125, 5.26171875, 3.060546875, 1.697265625, 1.548828125, 3.876953125, 1.736328125, 3.8046875, 7.609375, 4.5, 3.71484375, 0.64599609375, 0.51513671875, 1.515625, 3.103515625, 0.9345703125, 3.521484375, 5.2265625, 4.171875, 6.34765625, 2.9375, 3.98046875, 1.38671875, 8.7109375, 4.859375, 0.451904296875, 5.9453125, 1.2822265625, 2.951171875, 0.49755859375, 0.6748046875, 4.52734375, 3.421875, 3.80859375, 4.73828125, 0.5517578125, 4.62890625, 1.3818359375, 1.814453125, 1.5205078125, 5.83984375, 0.59375, 3.947265625, 12.2109375, 1.884765625, 0.30224609375, 1.205078125, 0.73876953125, 3.33984375, 3.6796875, 1.3134765625, 6.23828125, 7.16796875, 8.046875, 0.67578125, 2.859375, 2.74609375, 0.385986328125, 2.85546875, 2.3359375, 1.6845703125, 0.077880859375, 1.302734375, 12.90625, 7.76171875, 2.60546875, 7.41015625, 7.265625, 0.11907958984375, 2.08203125, 10.7109375, 8.3359375, 4.83203125, 0.9013671875, 2.826171875, 0.0215301513671875, 2.734375, 7.3203125, 0.45849609375, 1.7685546875, 6.91015625, 4.03125, 2.572265625, 1.841796875, 5.27734375, 0.44287109375, 1.4951171875, 5.890625, 8.75, 6.48828125, 7.45703125, 5.0390625, 4.234375, 7.265625, 0.0019369125366210938, 3.630859375, 3.302734375, 0.217041015625, 1.232421875, 2.044921875, 6.38671875, 0.65087890625, 12.203125, 1.154296875, 2.166015625, 1.5498046875, 0.9130859375, 9.5078125, 1.60546875, 6.00390625, 4.16015625, 6.4140625, 0.11492919921875, 6.34375, 5.828125, 1.849609375, 1.9248046875, 4.15234375, 0.4833984375, 1.7998046875, 3.818359375, 1.33984375, 6.390625, 1.7880859375, 1.1572265625, 7.61328125, 3.05078125, 10.4140625, 5.42578125, 0.662109375, 3.478515625, 12.328125, 2.466796875, 4.5, 0.01085662841796875, 4.515625, 1.138671875, 7.140625, 3.28125, 5.140625, 6.24609375, 0.53515625, 5.57421875, 4.65625, 5.27734375, 8.6484375, 1.46875, 7.79296875, 0.37109375, 1.275390625, 5.23046875, 2.74609375, 2.060546875, 3.0390625, 4.05859375, 5.55859375, 0.453369140625, 5.875, 0.74560546875, 0.5751953125, 0.7177734375, 6.58203125, 3.16015625, 4.7578125, 3.783203125, 3.09765625, 4.9609375, 2.90234375, 1.021484375, 3.142578125, 5.96875, 1.080078125, 9.46875, 0.44873046875, 8.28125, 4.91015625, 4.19140625, 1.396484375, 7.09375, 0.8291015625, 0.10986328125, 1.1953125, 8.4921875, 0.62841796875, 5.24609375, 3.494140625, 1.400390625, 4.40234375, 11.078125, 7.09375, 1.458984375, 0.003459930419921875, 7.19921875, 0.0005922317504882812, 0.52783203125, 0.970703125, 5.9375, 1.12109375, 0.051513671875, 2.826171875, 6.2734375, 5.79296875, 6.21875, 0.167236328125, 0.279296875, 7.21875, 5.25, 5.734375, 3.095703125, 2.298828125, 2.611328125, 3.6484375, 1.984375, 0.0001380443572998047, 0.25390625, 1.3671875, 0.00038433074951171875, 0.6982421875, 0.87939453125, 8.2109375, 0.76416015625, 0.1151123046875, 0.9755859375, 6.12109375, 10.3515625]",-0.7786434514751992
56,0,test,3.5356038049812173,1.571632126297397,2.200553201706371,5.959382514056392,2.6490403135075624,3.7091085412409273,34.31572846784871,27.18814908930069,30.515540224324756,57.840347354612916,45.8265657605823,51.434998617100845,3.4163967586641935,1.5145994361920572,2.119569044216993,5.29673916071968,2.3482161801427246,3.2861535569255707,30.45946424977765,23.76154229374834,26.801789195681618,47.22397558105062,36.839600455423785,41.553161543692426,3.559470706664668,1.6020914666661612,2.2272607522659684,5.999611002428496,2.7003805853240954,3.7541250415552168,35.144590423849905,28.06384463193903,31.355181862893787,59.23742285277846,47.30258088905447,52.85024364311657,0.6884422110552764,0.008442211055276427,-0.0015577889447235815,0.5628140703517588,0.00781407035175885,0.00781407035175885,0.457286432160804,-0.012713567839195972,0.007286432160804046,0.44194756554307113,0.1179775280898876,0.19225967540574274,0.4398496240601504,0.4170854271356784,0.10552763819095479,0.16917922948073705,0.4040404040404041,0.44569288389513106,0.11610486891385763,0.19225967540574285,0.443609022556391,23.0,6.0,7.0,37.0,11.0,11.0,45.0,11.0,11.0,-2.1688578942413835e-05,7.952462669898195e-05,0.00023000054970651285,-0.00016252502302549487,0.00022759863213561715,7.184004964067014e-05,"[5.29296875, 1.7412109375, 0.2056884765625, 10.9140625, 0.9365234375, 11.625, 11.09375, 0.136962890625, 2.859375, 0.09881591796875, 0.493408203125, 1.58203125, 0.0574951171875, 0.0281219482421875, 0.43359375, 2.912109375, 7.75, 5.14453125, 3.201171875, 4.50390625, 0.319580078125, 9.2734375, 6.19140625, 0.20654296875, 0.422607421875, 7.73828125, 1.4169921875, 4.96875, 4.515625, 2.73828125, 11.2265625, 7.0625, 0.11724853515625, 5.5625, 1.5400390625, 2.58203125, 10.59375, 8.9609375, 1.0810546875, 0.3125, 3.8515625, 2.75390625, 2.4453125, 5.61328125, 2.8671875, 0.109130859375, 9.40625, 7.84375, 1.1162109375, 4.03515625, 1.263671875, 1.29296875, 6.8515625, 0.08587646484375, 2.830078125, 0.919921875, 3.025390625, 2.6953125, 6.3203125, 1.6123046875, 5.1796875, 0.1361083984375, 0.0322265625, 3.23046875, 3.66015625, 5.97265625, 4.22265625, 0.00827789306640625, 1.4462890625, 2.04296875, 7.234375, 7.16015625, 6.12890625, 3.35546875, 3.337890625, 2.580078125, 3.1953125, 0.91259765625, 4.8515625, 1.013671875, 3.83984375, 5.49609375, 0.335205078125, 2.560546875, 2.09375, 3.814453125, 8.75, 5.765625, 7.6484375, 6.09375, 1.1708984375, 0.0144195556640625, 0.01111602783203125, 0.32958984375, 7.19921875, 0.35888671875, 9.0078125, 6.00390625, 0.87060546875, 9.390625, 0.2509765625, 3.900390625, 4.49609375, 1.298828125, 10.28125, 0.17578125, 0.583984375, 8.1484375, 6.16796875, 0.020660400390625, 0.7783203125, 8.96875, 5.33203125, 1.9033203125, 0.57373046875, 8.9765625, 7.125, 2.572265625, 0.54833984375, 0.74951171875, 6.953125, 4.8671875, 6.43359375, 5.1328125, 5.03125, 0.42138671875, 2.53515625, 6.35546875, 5.39453125, 1.8046875, 1.1982421875, 0.6005859375, 1.69921875, 8.625, 1.1103515625, 3.22265625, 0.2015380859375, 9.6171875, 1.4072265625, 0.42138671875, 1.361328125, 6.51171875, 4.08203125, 12.46875, 0.97998046875, 3.115234375, 2.6796875, 4.109375, 1.4931640625, 1.17578125, 1.173828125, 0.1859130859375, 2.45703125, 3.888671875, 0.06732177734375, 0.353271484375, 0.671875, 0.05316162109375, 0.041656494140625, 2.306640625, 1.7021484375, 0.56787109375, 0.02398681640625, 5.90625, 3.263671875, 6.38671875, 3.796875, 1.1533203125, 2.947265625, 0.65869140625, 0.040771484375, 6.28125, 4.421875, 0.86767578125, 10.5, 0.254638671875, 6.12890625, 5.07421875, 0.740234375, 1.6376953125, 6.54296875, 0.3701171875, 2.4921875, 0.041290283203125, 6.16796875, 0.33740234375, 3.1640625, 0.69873046875, 0.005733489990234375, 2.87890625, 0.97412109375, 3.5625, 0.0112457275390625, 0.00018775463104248047, 4.5703125, 0.0158843994140625, 0.0019426345825195312, 7.30859375, 6.65234375, 0.11724853515625, 8.9296875, 7.08984375, 5.87109375, 4.23046875, 6.0546875, 1.8369140625, 6.4375, 10.4921875, 3.40234375, 4.11328125, 0.47900390625, 3.650390625, 1.0, 3.1015625, 1.1787109375, 5.7265625, 2.68359375, 0.603515625, 0.6279296875, 0.155029296875, 0.33984375, 8.015625, 4.859375, 0.406494140625, 5.9140625, 3.421875, 6.21875, 4.03515625, 3.52734375, 3.923828125, 1.4677734375, 8.5234375, 5.71875, 4.33984375, 2.36328125, 6.984375, 0.0220489501953125, 5.53125, 0.0419921875, 9.8828125, 4.484375, 5.7890625, 0.2022705078125, 1.1826171875, 7.6875, 4.4140625, 7.88671875, 7.15625, 4.33203125, 0.56787109375, 12.25, 2.216796875, 3.859375, 4.4765625, 2.533203125, 4.44921875, 1.529296875, 3.201171875, 3.93359375, 3.623046875, 0.212158203125, 1.8310546875, 2.787109375, 2.060546875, 4.88671875, 3.783203125, 4.90234375]",-0.703419880474105
93,0,test,4.2457587544511,2.036508172533734,2.759540618546479,6.3174844117435045,3.030226015758026,4.106063450487833,69.8087077219673,60.6998202524491,65.38836100438688,103.87199281521639,90.31840724310196,97.2947299282142,4.161885620960638,1.9680638928805005,2.6787151458526397,6.031718291247302,2.8522665114210155,3.882195863554551,64.19245118283561,55.22302477797067,59.78555567488022,93.03253794613858,80.03336924343577,86.64573286214525,4.2457587544511,2.036508172533734,2.759540618546479,6.3174844117435045,3.030226015758026,4.106063450487833,69.8087077219673,60.6998202524491,65.38836100438688,103.87199281521639,90.31840724310196,97.2947299282142,0.8341708542713568,0.004170854271356883,-0.005829145728643126,0.6783919597989949,0.00339195979899487,-0.0016080402010050232,0.5778894472361809,-0.002110552763819218,0.012889447236180906,0.46341463414634143,0.1246722406372136,0.19719841793012527,0.47346938775510206,0.4723618090452262,0.1390284757118928,0.21192775228395744,0.4747474747474747,0.46341463414634143,0.1246722406372136,0.19719841793012527,0.47346938775510206,25.0,0.0,1.0,35.0,0.0,-1.0,45.0,0.0,2.0,-0.00031646927971864126,2.865867665529335e-05,-5.894670710954894e-05,-1.699666395538202e-05,-9.033858156382024e-05,-0.00010696492421935488,"[3.22265625, 9.234375, 1.37890625, 2.03515625, 7.640625, 2.203125, 1.0146484375, 1.73046875, 0.12078857421875, 0.2391357421875, 9.21875, 1.6572265625, 5.7265625, 3.333984375, 7.875, 2.978515625, 5.7734375, 2.310546875, 2.748046875, 4.90234375, 4.953125, 0.152099609375, 5.390625, 8.375, 3.630859375, 2.068359375, 1.5390625, 0.99755859375, 1.998046875, 7.296875, 3.771484375, 10.7734375, 2.44140625, 10.0859375, 1.9677734375, 2.75390625, 5.70703125, 1.7451171875, 3.658203125, 3.54296875, 0.15185546875, 3.607421875, 2.85546875, 1.59375, 4.5, 5.05078125, 1.52734375, 0.446533203125, 7.98828125, 1.4033203125, 6.515625, 9.125, 3.326171875, 1.0908203125, 6.62109375, 0.2734375, 6.54296875, 3.001953125, 0.0693359375, 3.388671875, 1.25, 12.765625, 5.48828125, 4.62109375, 0.4833984375, 7.5, 2.529296875, 9.921875, 9.6640625, 7.9921875, 9.1015625, 1.2548828125, 13.5, 0.002651214599609375, 0.93505859375, 5.74609375, 0.95751953125, 6.76171875, 3.693359375, 0.9755859375, 11.59375, 0.261474609375, 7.03125, 0.72509765625, 5.015625, 0.458251953125, 5.7265625, 1.4375, 3.7890625, 1.4501953125, 6.1484375, 3.8828125, 4.75390625, 5.32421875, 7.28125, 1.0615234375, 8.0, 6.875, 1.021484375, 6.44140625, 4.19140625, 0.64306640625, 9.8359375, 2.193359375, 11.2109375, 1.0390625, 4.3828125, 4.52734375, 4.11328125, 7.55859375, 7.74609375, 0.943359375, 5.515625, 0.314453125, 6.328125, 2.265625, 2.697265625, 4.78515625, 6.51953125, 0.249755859375, 4.46484375, 0.1964111328125, 1.1826171875, 0.10845947265625, 6.828125, 3.572265625, 1.2763671875, 4.91015625, 10.3515625, 0.40869140625, 4.33203125, 7.98828125, 6.2578125, 0.418701171875, 6.57421875, 4.01953125, 1.138671875, 11.0078125, 2.53125, 7.9140625, 1.740234375, 6.734375, 1.421875, 5.625, 3.58984375, 3.4765625, 7.4375, 1.7099609375, 4.73046875, 6.86328125, 1.15234375, 7.15234375, 6.1484375, 4.484375, 8.3046875, 0.341796875, 9.5078125, 2.130859375, 3.740234375, 4.36328125, 3.02734375, 0.01091766357421875, 0.036163330078125, 0.71044921875, 3.083984375, 7.1171875, 4.50390625, 1.3876953125, 4.77734375, 0.8466796875, 1.4609375, 10.2109375, 8.9375, 0.467041015625, 0.226318359375, 6.296875, 5.3203125, 1.720703125, 2.158203125, 3.828125, 1.65625, 4.4921875, 3.26171875, 0.3251953125, 5.21875, 4.234375, 3.58984375, 5.08203125, 9.609375, 0.74462890625, 0.99609375, 3.767578125, 2.18359375, 2.3984375, 5.9765625, 4.8125, 4.42578125, 6.20703125, 7.45703125, 3.30078125, 6.55078125, 7.0703125, 3.837890625, 3.0546875, 0.166015625, 4.84375, 7.71875, 0.98828125, 6.578125, 5.625, 1.021484375, 2.58203125, 7.984375, 8.71875, 3.58984375, 11.4609375, 1.5146484375, 6.5078125, 0.3212890625, 0.032470703125, 2.115234375, 4.33203125, 1.61328125, 6.61328125, 13.4765625, 4.44921875, 3.267578125, 4.84765625, 4.30859375, 7.98828125, 5.54296875, 1.6552734375, 6.796875, 4.125, 2.599609375, 9.5, 11.390625, 0.09686279296875, 3.880859375, 3.126953125, 5.3828125, 0.92822265625, 9.171875, 0.84375, 5.01171875, 1.4619140625]",-0.476315754215892
350,0,test,4.1790023044303615,1.9505329722976872,2.6489213159410134,6.822347135545951,3.1843038282691154,4.324443835060329,65.3006705135053,56.015028551223246,60.682119656895104,106.60531150096345,91.44622130952709,99.0653881145697,4.268422838431507,1.945130802327185,2.647756973160666,6.669410685049229,3.0392668786362265,4.137120270563541,71.40892335029795,61.199695157022504,66.35246723592229,111.57644273484055,95.62452368284767,103.67573005612857,4.18256745117682,1.9454602685700682,2.6543773570617084,6.828167344993483,3.176022486641497,4.333350986528451,65.53389247476012,56.167695113776716,60.92406655841194,106.98605337746983,91.69545407128608,99.4603737188532,0.7889447236180904,0.0089447236180904,-0.006055276381909613,0.6633165829145728,0.0033165829145729298,0.013316582914572828,0.5728643216080402,-0.0021356783919597166,-0.0021356783919597166,0.4555555555555556,0.1172930786609161,0.18831417624521074,0.46468401486988853,0.4623115577889447,0.12897822445561136,0.19686915378226688,0.48989898989898994,0.4629629629629629,0.128397343739303,0.193258529465426,0.4795539033457249,22.0,-2.0,1.0,37.0,-1.0,-1.0,46.0,0.0,1.0,-8.035780660647125e-05,-0.0002022281985456281,-0.00018137623739888147,-0.00983188540195723,-0.007001394451028986,-0.007625058436902421,"[2.13671875, 11.015625, 0.1751708984375, 0.51025390625, 0.296142578125, 0.82470703125, 0.25732421875, 0.31982421875, 2.384185791015625e-07, 0.1767578125, 0.001117706298828125, 1.4543533325195312e-05, 4.7109375, 7.67578125, 6.203125, 0.3173828125, 0.78759765625, 6.48046875, 4.44921875, 0.00408935546875, 1.080078125, 5.41796875, 6.38671875, 10.3359375, 4.796875, 3.943359375, 0.01184844970703125, 9.1953125, 0.0203094482421875, 2.15625, 1.9814453125, 0.0171051025390625, 0.0097808837890625, 6.56640625, 11.75, 10.0078125, 3.181640625, 1.8671875, 7.19921875, 6.4921875, 4.90234375, 3.9765625, 8.421875, 4.1796875, 1.6396484375, 4.32421875, 1.22265625, 7.3515625, 5.0703125, 0.2371826171875, 6.75390625, 11.9921875, 6.3984375, 6.01171875, 1.998046875, 11.9140625, 1.2626953125, 4.7578125, 2.037109375, 9.9140625, 2.087890625, 9.265625, 3.857421875, 6.5859375, 2.720703125, 7.875, 5.55078125, 3.580078125, 2.255859375, 6.4609375, 2.75390625, 7.33984375, 0.927734375, 4.796875, 4.94140625, 5.0078125, 4.21484375, 1.5498046875, 7.1953125, 5.015625, 10.515625, 0.03924560546875, 0.0280914306640625, 0.9169921875, 6.1328125, 0.019195556640625, 8.7578125, 4.02734375, 0.01366424560546875, 7.04296875, 0.09222412109375, 4.0, 6.13671875, 1.11328125, 0.0333251953125, 0.60595703125, 0.5322265625, 4.4140625, 0.81982421875, 0.5322265625, 11.390625, 0.94775390625, 9.4609375, 0.07440185546875, 3.337890625, 2.466796875, 2.2578125, 2.396484375, 4.46484375, 7.375, 1.34765625, 9.921875, 1.9609375, 0.82177734375, 3.6484375, 13.9453125, 1.087890625, 0.35888671875, 4.66796875, 0.79736328125, 6.59375, 7.37890625, 6.1484375, 5.59375, 5.14453125, 13.234375, 5.0703125, 3.30078125, 3.65625, 2.595703125, 1.75, 9.234375, 2.861328125, 7.26953125, 1.509765625, 7.40234375, 2.419921875, 9.0390625, 2.0390625, 2.501953125, 8.2890625, 7.9140625, 5.53125, 1.8955078125, 6.8203125, 0.139892578125, 0.0015096664428710938, 0.759765625, 5.75, 1.2470703125, 8.03125, 4.24609375, 3.7109375, 6.3984375, 1.251953125, 0.1717529296875, 6.734375, 3.4765625, 12.3203125, 1.7685546875, 8.4453125, 10.1796875, 5.453125, 0.544921875, 2.65625, 4.01171875, 5.3203125, 4.96875, 6.97265625, 1.447265625, 7.296875, 3.48828125, 6.12109375, 1.5869140625, 7.98828125, 3.640625, 6.76953125, 0.034515380859375, 2.806640625, 1.55078125, 0.221435546875, 6.37890625, 13.1875, 7.6640625, 3.650390625, 3.56640625, 3.63671875, 5.9453125, 10.046875, 1.10546875, 7.2734375, 1.5087890625, 5.3125, 0.1533203125, 0.814453125, 7.4765625, 1.701171875, 5.3984375, 8.2578125, 1.6220703125, 4.0546875, 2.697265625, 4.94921875, 0.434326171875, 1.9658203125, 5.1484375, 3.1484375, 8.4609375, 2.1328125, 3.77734375, 0.73193359375, 4.60546875, 6.55859375, 5.234375, 4.44140625, 1.86328125, 0.00449371337890625, 0.7666015625, 5.63671875, 7.23046875, 4.59765625, 4.06640625, 7.51953125, 9.6328125, 1.9501953125, 2.341796875, 6.59375, 1.3125, 3.86328125, 7.21484375, 0.058563232421875, 4.8359375, 2.6015625, 4.08984375, 1.4140625, 6.80078125, 7.62109375, 2.216796875, 4.41015625, 6.26953125, 3.38671875, 1.6416015625, 3.40625, 9.25, 9.34375, 1.2802734375, 6.96875, 3.76953125, 7.67578125, 2.06640625, 0.3994140625, 0.72314453125, 1.650390625, 6.828125, 0.050689697265625, 1.865234375, 7.11328125, 2.82421875, 7.40625, 5.78125, 4.109375, 0.053131103515625, 3.25, 2.94921875, 2.388671875, 1.8251953125, 7.35546875, 2.3828125, 2.603515625, 1.70703125]",-0.36555717432940416
74,0,test,3.4845123912425753,1.5664689440687731,2.1609866301465925,6.124950352308377,2.75348267808362,3.798504449263886,32.606524006273595,25.798898055411826,28.849880924966612,57.31457325326352,45.34837360050649,50.71128137742578,3.6646473401754944,1.560769160587081,2.210754454830443,5.637918984885376,2.4011833239801246,3.401160699739143,39.0423650613741,30.844463785143276,34.76262238542255,60.06517701749861,47.453021207912734,53.48095751603469,3.4845123912425753,1.5664689440687731,2.1609866301465925,6.124950352308377,2.75348267808362,3.798504449263886,32.606524006273595,25.798898055411826,28.849880924966612,57.31457325326352,45.34837360050649,50.71128137742578,0.728643216080402,0.0036432160804019675,0.008643216080401972,0.6130653266331658,0.018065326633165846,0.018065326633165846,0.4974874371859297,-0.012512562814070316,0.0024874371859296973,0.43617021276595747,0.10342684993409901,0.1684815335206744,0.4128113879003559,0.457286432160804,0.13397816148411223,0.18015788458150517,0.43939393939393945,0.43617021276595747,0.10342684993409901,0.1684815335206744,0.4128113879003559,23.0,-1.0,-1.0,35.0,2.0,1.0,45.0,1.0,-1.0,0.000568399345735477,0.00023816629715705395,8.425935407432216e-05,-0.0049420028924966886,-0.004073957376339088,-0.0041689287906567785,"[2.748046875, 7.19140625, 3.794921875, 2.9921875, 1.216796875, 5.36328125, 0.499755859375, 10.390625, 2.87890625, 2.197265625, 4.88671875, 5.484375, 0.1629638671875, 10.625, 0.875, 8.9921875, 6.96875, 8.109375, 0.3173828125, 0.66552734375, 1.7568359375, 4.05859375, 6.4609375, 2.5078125, 8.9375, 6.59765625, 4.58203125, 0.697265625, 2.001953125, 0.00022745132446289062, 0.11431884765625, 1.1416015625, 1.3564453125, 6.578125, 0.155029296875, 4.796875, 4.94921875, 1.7177734375, 1.51953125, 4.0390625, 0.7646484375, 4.73828125, 5.34375, 1.25390625, 2.4765625, 6.6484375, 0.7060546875, 6.4140625, 0.9345703125, 7.29296875, 7.328125, 5.48046875, 0.56982421875, 8.6796875, 5.94140625, 7.25390625, 6.96484375, 4.63671875, 4.61328125, 0.424560546875, 1.0439453125, 6.985664367675781e-05, 0.11383056640625, 2.7890625, 5.4140625, 10.0703125, 3.322265625, 2.091796875, 4.20703125, 0.48681640625, 11.5859375, 3.564453125, 2.970703125, 3.1640625, 7.1015625, 4.73046875, 3.990234375, 2.078125, 6.21484375, 2.04296875, 5.1171875, 9.703125, 8.2109375, 1.23046875, 0.072265625, 2.26171875, 2.51171875, 0.95703125, 4.09765625, 2.291015625, 1.326171875, 3.09765625, 0.292236328125, 0.0012683868408203125, 0.41943359375, 1.4638671875, 0.0008220672607421875, 0.00972747802734375, 0.93408203125, 0.0007562637329101562, 0.00701141357421875, 0.93359375, 4.54296875, 1.552734375, 6.0078125, 0.3408203125, 6.3125, 4.81640625, 5.23046875, 4.21875, 6.4765625, 0.9443359375, 3.44140625, 1.92578125, 0.2259521484375, 8.0546875, 5.12890625, 5.84375, 3.421875, 6.2109375, 0.357666015625, 0.438232421875, 4.91796875, 4.13671875, 8.0390625, 0.0035266876220703125, 8.4765625, 4.1328125, 13.671875, 3.61328125, 8.8359375, 0.9453125, 0.0008378028869628906, 2.759765625, 1.9287109375, 0.1590576171875, 0.00022423267364501953, 0.056304931640625, 1.9189453125, 3.693359375, 3.9140625, 9.7890625, 0.509765625, 1.6318359375, 5.2421875, 7.8828125, 0.0165557861328125, 0.051605224609375, 5.59375, 7.6171875, 7.0703125, 10.0390625, 6.171875, 0.3916015625, 3.673828125, 5.74609375, 0.87841796875, 1.150390625, 7.92578125, 10.40625, 10.046875, 9.34375, 1.8623046875, 0.5390625, 10.8359375, 9.09375, 6.546875, 4.97265625, 7.87109375, 2.189453125, 5.25, 4.94921875, 1.4580078125, 1.349609375, 0.880859375, 5.5625, 0.12744140625, 2.67578125, 6.35546875, 3.5390625, 0.316162109375, 3.712890625, 0.329345703125, 1.9443359375, 1.8232421875, 2.5546875, 0.017333984375, 0.00011742115020751953, 4.1640625, 1.3212890625, 0.0178070068359375, 0.0002512931823730469, 1.759765625, 1.162109375, 0.00921630859375, 0.00014853477478027344, 0.95703125, 3.12890625, 4.7578125, 3.4375, 5.75390625, 5.4453125, 0.50634765625, 4.20703125, 0.13916015625, 4.49609375, 0.016448974609375, 0.10064697265625, 2.181640625, 3.933906555175781e-05, 0.501953125, 0.828125, 2.548828125, 6.5859375, 2.84375, 2.322265625, 3.40234375, 13.3828125, 7.921875, 7.0625, 4.58984375, 0.31982421875, 4.0859375, 0.176025390625, 0.51904296875, 1.9521484375, 3.0390625, 7.81640625, 2.158203125, 5.8203125, 3.1328125, 5.8046875, 0.115966796875, 2.27734375, 3.345703125, 5.13671875, 4.30078125, 1.43359375, 5.72265625, 6.4921875, 8.6953125, 0.0036602020263671875, 0.003326416015625, 3.177734375, 6.671875, 0.97900390625, 2.110004425048828e-05, 0.19970703125, 1.39453125, 0.0006718635559082031, 0.01271820068359375, 0.44970703125, 2.33203125, 5.8125, 0.0040130615234375, 3.0859375, 1.3701171875, 11.84375, 2.98828125, 1.1484375, 5.6171875, 4.37109375, 0.11041259765625, 0.24755859375, 0.0247039794921875, 0.132080078125, 3.76953125, 9.7578125, 2.427734375, 1.0576171875, 0.013214111328125, 0.02716064453125, 4.53125, 5.875, 11.21875, 4.82421875, 2.826171875, 7.27734375, 1.55859375, 6.270408630371094e-05, 0.60107421875, 1.6376953125]",-0.13638537868540324
53,0,test,3.8559443631510097,1.6934247702494316,2.3237378548053806,7.283450463729685,3.1986912326933705,4.389282614632386,47.273238973172305,38.58022603098384,42.64486085468885,89.29389583821435,72.87376028074726,80.55140383663449,4.007549865161954,1.704708904508749,2.3904755081116646,6.792457398579582,2.889337126286015,4.051653403579092,55.01191868734509,45.00935968338428,49.97359030423743,93.24054014804253,76.28705031082082,84.70100051565667,3.8559443631510097,1.6934247702494316,2.3237378548053806,7.283450463729685,3.1986912326933705,4.389282614632386,47.273238973172305,38.58022603098384,42.64486085468885,89.29389583821435,72.87376028074726,80.55140383663449,0.7688442211055276,-0.016155778894472395,-0.016155778894472395,0.6432160804020101,-0.0067839195979899625,-0.01678391959798986,0.5326633165829145,0.0076633165829145256,-0.012336683417085381,0.43700787401574803,0.10694893491948088,0.16606546563878466,0.45849802371541504,0.42211055276381915,0.09128348509464623,0.14331255610271731,0.4494949494949495,0.43700787401574803,0.10694893491948088,0.16606546563878466,0.45849802371541504,30.0,19.0,20.0,42.0,19.0,17.0,47.0,17.0,16.0,6.242803935353954e-05,0.00019609680183961994,5.56342950828424e-05,-7.243603883999583e-05,-0.00013431153772813786,0.00011739929023413254,"[2.859375, 1.2138671875, 0.351806640625, 0.0308380126953125, 0.0001201629638671875, 1.1474609375, 0.00901031494140625, 0.0285186767578125, 4.59765625, 6.25, 3.8359375, 7.01953125, 2.625, 2.099609375, 0.68359375, 0.12274169921875, 1.1591796875, 1.3896484375, 5.44921875, 7.015625, 3.5078125, 7.31640625, 7.4921875, 8.7890625, 6.27734375, 1.37890625, 3.470703125, 7.390625, 9.1640625, 0.404052734375, 5.921875, 3.681640625, 4.96484375, 2.44921875, 7.78515625, 9.0859375, 0.89111328125, 3.658203125, 5.5546875, 1.3125, 5.28125, 4.67578125, 5.05859375, 4.515625, 7.875, 4.88671875, 9.0546875, 3.169921875, 6.7734375, 5.7421875, 7.40625, 0.57958984375, 13.0546875, 8.171875, 2.66015625, 4.96875, 4.51953125, 0.99365234375, 2.3046875, 1.8642578125, 4.4375, 4.28515625, 2.3515625, 2.552734375, 0.07037353515625, 9.9296875, 0.0291900634765625, 7.33984375, 1.791015625, 0.006366729736328125, 0.351318359375, 0.321044921875, 1.84375, 0.0003933906555175781, 2.61328125, 5.9453125, 2.283203125, 8.453125, 1.7734375, 8.859375, 3.19140625, 5.85546875, 1.6279296875, 10.703125, 10.2578125, 1.7900390625, 0.1151123046875, 0.8974609375, 8.6875, 0.5595703125, 2.087890625, 3.599609375, 0.1558837890625, 1.7275390625, 11.1171875, 0.05780029296875, 0.357421875, 1.8466796875, 3.396484375, 1.1162109375, 1.02734375, 1.1748046875, 2.669921875, 12.046875, 4.0703125, 3.421875, 4.88671875, 1.6767578125, 7.06640625, 0.021575927734375, 1.4560546875, 10.5078125, 2.521484375, 3.96875, 7.6171875, 2.0, 0.308837890625, 7.83203125, 6.00390625, 6.8359375, 4.4296875, 1.376953125, 2.779296875, 7.4140625, 3.421875, 6.45703125, 10.65625, 8.5546875, 1.2099609375, 7.078125, 4.3984375, 2.171875, 6.10546875, 1.8720703125, 0.004344940185546875, 0.16259765625, 0.307373046875, 1.7001953125, 0.000698089599609375, 1.7841796875, 10.109375, 1.052734375, 1.45703125, 2.12109375, 3.474609375, 7.2265625, 0.0085296630859375, 3.3515625, 10.2265625, 0.447998046875, 0.51025390625, 6.5234375, 6.7109375, 4.58984375, 7.43359375, 6.0234375, 12.0078125, 0.77001953125, 8.1640625, 0.180908203125, 3.271484375, 2.703125, 7.67578125, 9.109375, 1.765625, 1.59375, 7.15625, 1.984375, 1.3515625, 4.71875, 8.3671875, 0.08123779296875, 8.0390625, 0.01026153564453125, 0.4921875, 2.359375, 5.53515625, 4.8203125, 6.91015625, 0.810546875, 6.296875, 0.020355224609375, 0.99755859375, 3.150390625, 2.1796875, 4.25390625, 5.0625, 10.359375, 11.7265625, 7.53515625, 0.316162109375, 3.228515625, 7.64453125, 2.208984375, 5.89453125, 4.6484375, 0.01116180419921875, 4.3125, 3.236328125, 1.005859375, 2.501953125, 3.5546875, 9.828125, 0.019561767578125, 0.943359375, 5.69921875, 0.98046875, 5.52734375, 4.0078125, 2.40234375, 0.0008339881896972656, 0.26171875, 0.207275390625, 0.88330078125, 0.00033283233642578125, 4.8203125, 1.2041015625, 10.7890625, 3.859375, 4.953125, 6.328125, 1.259765625, 4.71875, 3.22265625, 5.04296875, 0.002086639404296875, 7.87109375, 1.2626953125, 7.265625, 1.14453125, 4.10546875, 0.0198974609375, 1.87109375, 5.703125, 0.1231689453125, 2.169921875, 11.5859375, 0.390380859375, 0.72705078125, 1.8916015625, 0.351806640625, 5.19140625, 5.7890625, 2.044921875, 8.171875, 1.7841796875, 0.90869140625, 3.275390625, 0.6181640625, 2.765625, 6.6171875, 4.3671875, 1.9990234375, 5.8125]",-0.504920752968375
189,0,test,3.7110816309417505,1.700221278365217,2.3268463621823106,6.230118859217362,2.854310873376758,3.9062814686333325,40.89801917479163,33.42827798017264,36.906247070327915,68.65909885707443,56.11898788186558,61.95776023321716,3.7031716857124213,1.6593279968909873,2.310335578873934,5.527121918973763,2.476608950583563,3.4482620580207968,40.57579415432161,32.855567763663934,36.54954139563395,60.560886797494945,49.03816084128946,54.55155432184172,3.7110816309417505,1.700221278365217,2.3268463621823106,6.230118859217362,2.854310873376758,3.9062814686333325,40.89801917479163,33.42827798017264,36.906247070327915,68.65909885707443,56.11898788186558,61.95776023321716,0.8291457286432161,0.014145728643216171,0.014145728643216171,0.6532663316582914,-0.0017336683417086274,-0.006733668341708521,0.5125628140703518,-0.0024371859296482556,-0.0024371859296482556,0.4528985507246377,0.10931808056188907,0.18301903265234853,0.4036363636363637,0.4522613065326633,0.10639664487852796,0.17513275895336444,0.40909090909090906,0.4528985507246377,0.10931808056188907,0.18301903265234853,0.4036363636363637,26.0,6.0,3.0,36.0,6.0,2.0,46.0,4.0,2.0,0.00012379175004709577,0.0003470649784471942,5.002783790873545e-05,-0.00022489431977135155,0.00019273690668875076,4.029903692170933e-05,"[1.783203125, 4.34765625, 0.00472259521484375, 0.0274505615234375, 7.20703125, 8.8125, 4.3359375, 6.1953125, 1.75, 9.7265625, 8.8359375, 0.45654296875, 4.17578125, 4.2265625, 3.443359375, 10.765625, 6.26171875, 6.640625, 2.83984375, 4.8125, 4.82421875, 2.4453125, 3.330078125, 2.041015625, 1.0283203125, 4.2265625, 4.296875, 1.279296875, 2.076171875, 4.73828125, 6.58203125, 1.6982421875, 2.482421875, 4.13671875, 6.140625, 3.890625, 8.84375, 5.4140625, 0.67138671875, 5.55078125, 3.8046875, 0.47314453125, 8.6796875, 2.5078125, 2.0625, 6.69921875, 1.06640625, 1.2705078125, 2.884765625, 0.238037109375, 10.84375, 1.150390625, 6.703125, 2.287109375, 9.4296875, 3.751953125, 1.1689453125, 9.1796875, 2.796875, 0.52099609375, 7.97265625, 5.6875, 8.2578125, 3.396484375, 4.109375, 5.44921875, 2.79296875, 1.5634765625, 7.9296875, 7.46875, 0.007038116455078125, 5.40625, 4.24609375, 2.90234375, 4.96484375, 1.16015625, 3.53125, 8.3828125, 6.64453125, 5.6171875, 0.69580078125, 2.841796875, 6.82421875, 0.98876953125, 0.5908203125, 1.66796875, 5.9140625, 1.349609375, 4.34765625, 0.48681640625, 0.473388671875, 5.6953125, 0.2393798828125, 4.3515625, 4.3515625, 1.646484375, 1.6904296875, 2.431640625, 1.17578125, 1.896484375, 2.35546875, 0.0013170242309570312, 3.28125, 0.7919921875, 0.005035400390625, 0.0016574859619140625, 0.0005016326904296875, 6.89453125, 2.408203125, 3.857421875, 4.34375, 1.1259765625, 2.28515625, 0.376220703125, 1.99609375, 2.357421875, 2.576171875, 1.92578125, 7.59765625, 3.697265625, 9.234375, 7.9765625, 1.2822265625, 4.36328125, 7.60546875, 5.4609375, 3.328125, 5.1953125, 2.541015625, 3.74609375, 5.19140625, 1.580078125, 6.625, 1.236328125, 1.884765625, 7.015625, 3.904296875, 6.8359375, 2.443359375, 8.5390625, 1.10546875, 0.4140625, 0.86181640625, 4.23828125, 5.93359375, 1.7783203125, 7.95703125, 0.406494140625, 1.955078125, 5.21875, 2.06640625, 3.892578125, 3.0, 3.37890625, 3.955078125, 11.4375, 2.994140625, 3.85546875, 3.19921875, 4.87109375, 2.671875, 7.2734375, 1.599609375, 0.361083984375, 5.5703125, 3.01953125, 5.92578125, 3.7578125, 5.58203125, 0.78173828125, 3.828125, 6.5546875, 4.2265625, 0.82373046875, 1.8564453125, 1.7548828125, 0.385986328125, 3.087890625, 4.17578125, 3.65625, 12.6875, 0.27197265625, 0.7998046875, 2.279296875, 5.46484375, 3.927734375, 4.12890625, 2.0859375, 7.26171875, 2.5703125, 3.25390625, 2.14453125, 0.0036525726318359375, 0.34326171875, 0.07366943359375, 0.003955841064453125, 0.0007376670837402344, 0.00269317626953125, 10.7265625, 6.47265625, 0.2249755859375, 2.619140625, 0.38720703125, 4.234375, 2.943359375, 8.359375, 2.58203125, 0.9970703125, 2.033203125, 2.876953125, 5.8515625, 11.203125, 2.13671875, 3.35546875, 2.501953125, 9.9921875, 6.48046875, 1.65625, 7.6875, 2.75390625, 0.91259765625, 3.08984375, 5.08203125, 3.0390625, 7.0625, 2.462890625, 5.4375, 4.5546875, 2.94140625, 5.24609375, 6.4453125, 0.11322021484375, 0.93212890625, 0.12939453125, 0.33251953125, 0.2783203125, 4.1953125, 1.67578125, 6.984375, 0.482666015625, 1.2646484375, 3.107421875, 5.140625, 0.8095703125, 0.9208984375, 0.51416015625, 7.84765625, 5.88671875, 0.2259521484375, 11.625, 5.09375, 6.625, 4.5234375, 2.52734375, 6.91015625, 0.01568603515625, 1.494140625, 6.73046875, 0.32666015625, 2.453125, 7.05078125, 1.140625, 5.5078125, 0.28173828125, 4.03125, 2.333984375, 7.21484375, 4.7578125, 6.0078125, 1.5478515625, 1.376953125, 1.5703125, 6.03515625, 2.71875, 8.234375, 3.33203125]",-1.31204258704531
136,0,test,3.5702718098958335,1.6783398114040176,2.2748730785444065,5.6425274757794295,2.6524811005406153,3.5952539563009505,35.52624822522621,28.894078572126993,31.873796194257654,56.14637831399387,45.66476753357133,50.3739716077079,3.598637470647917,1.6306373935819498,2.2661136697550157,5.536365339458334,2.508672913203,3.4863287227000246,36.548402231649256,29.392052212971468,32.757804191454,56.22831112561424,45.21854186610995,50.39662183300616,3.5702718098958335,1.6783398114040176,2.2748730785444065,5.6425274757794295,2.6524811005406153,3.5952539563009505,35.52624822522621,28.894078572126993,31.873796194257654,56.14637831399387,45.66476753357133,50.3739716077079,0.7537688442211055,0.008768844221105465,0.01376884422110547,0.6030150753768844,-0.006984924623115618,-0.011984924623115623,0.5276381909547738,0.01263819095477381,0.01263819095477381,0.45777777777777773,0.12296624784429655,0.20519284424749706,0.4285714285714286,0.4773869346733668,0.15157239833251468,0.22029177607570405,0.45959595959595956,0.45777777777777773,0.12296624784429655,0.20519284424749706,0.4285714285714286,18.0,0.0,0.0,33.0,1.0,1.0,40.0,-1.0,1.0,0.00018106000438047824,6.326213287585118e-05,-9.202741861128095e-05,0.00012853169511384266,2.5090428362517514e-05,-1.1822829200092144e-05,"[8.546875, 2.546875, 10.28125, 0.447265625, 0.791015625, 8.8515625, 1.802734375, 1.1328125, 5.33203125, 6.5625, 5.58984375, 0.007110595703125, 4.0390625, 1.6123046875, 4.171875, 0.30908203125, 1.349609375, 4.72265625, 1.1806640625, 6.02734375, 2.271484375, 5.23046875, 5.69921875, 1.87890625, 3.91015625, 1.9501953125, 2.57421875, 0.50927734375, 3.07421875, 1.3916015625, 6.76171875, 14.1484375, 2.330078125, 1.5126953125, 7.015625, 4.02734375, 2.96484375, 4.23046875, 2.73046875, 3.5, 0.439453125, 0.00634002685546875, 7.66796875, 11.3125, 3.8515625, 4.40234375, 1.01953125, 5.90625, 5.3359375, 5.4296875, 1.01171875, 4.78515625, 0.552734375, 9.96875, 0.1339111328125, 6.56640625, 0.97412109375, 1.845703125, 8.0703125, 3.2421875, 0.1380615234375, 0.182373046875, 4.4765625, 5.953125, 0.330322265625, 2.005859375, 4.4609375, 0.765625, 5.43359375, 4.4453125, 0.93505859375, 5.171875, 2.765625, 0.429443359375, 0.8515625, 0.71240234375, 6.87109375, 1.7568359375, 7.89453125, 0.5703125, 2.6171875, 1.6943359375, 7.23046875, 3.830078125, 9.3046875, 6.20703125, 4.46875, 0.1773681640625, 9.78125, 6.6484375, 3.6875, 4.53515625, 5.96484375, 3.03125, 0.5263671875, 2.228515625, 8.8671875, 5.33984375, 6.94140625, 12.265625, 0.37060546875, 3.646484375, 0.92236328125, 0.7861328125, 6.27734375, 7.04296875, 0.329833984375, 7.1328125, 0.3037109375, 1.2392578125, 0.8212890625, 3.767578125, 5.0703125, 2.130859375, 7.64453125, 0.314697265625, 1.46875, 2.97265625, 5.4375, 3.703125, 2.900390625, 0.58447265625, 0.1783447265625, 0.89697265625, 2.369140625, 7.8203125, 3.015625, 7.06640625, 2.58984375, 0.415771484375, 1.74609375, 2.8125, 0.76220703125, 3.712890625, 13.671875, 0.207275390625, 0.77783203125, 2.134765625, 0.80517578125, 1.7080078125, 4.39453125, 7.92578125, 4.44921875, 5.45703125, 0.9931640625, 7.62890625, 3.18359375, 0.254638671875, 1.306640625, 1.330078125, 4.328125, 0.0311737060546875, 5.01171875, 4.62109375, 1.3525390625, 0.00839996337890625, 6.171875, 1.4912109375, 4.43359375, 6.7109375, 0.43603515625, 1.642578125, 4.01171875, 6.734375, 0.11712646484375, 0.08795166015625, 5.2421875, 4.546875, 3.033203125, 1.330078125, 2.3125, 0.6455078125, 2.32421875, 0.0235137939453125, 4.140625, 4.12890625, 6.57421875, 5.6796875, 6.078125, 3.10546875, 0.401123046875, 5.40625, 0.96337890625, 7.99609375, 0.3388671875, 4.17578125, 7.62890625, 0.9951171875, 0.7451171875, 6.47265625, 2.609375, 4.21484375, 0.52001953125, 1.705078125, 3.52734375, 4.31640625, 5.41796875, 6.08984375, 6.984375, 0.81982421875, 3.39453125, 5.33984375, 1.0224609375, 1.8681640625, 3.21484375, 3.49609375, 1.1650390625, 4.9921875, 0.515625, 5.234375, 0.91015625, 7.8203125, 4.52734375, 0.010498046875, 1.77734375, 4.27734375, 1.5634765625, 2.86328125, 7.109375, 2.9453125, 8.1875, 2.849609375, 6.15625, 2.142578125, 0.72509765625]",-0.8995439211527505
83,0,test,2.512823758199233,0.9890806989486169,1.308401746912368,5.603308150467256,2.2055362712187554,2.917585504609189,12.33972531122671,7.750353936708173,9.004894284995093,27.516169084804385,17.282398433579143,20.07987921021894,2.963346702968655,1.2317364284147583,1.719861902203224,5.153646439945487,2.1421503102865365,2.9910641777447378,19.362664528231008,13.712920301356622,15.894987932424868,33.67419917953219,23.8485570458376,27.64345727378238,2.4998799084022294,1.050566817682984,1.4488150701105562,5.474189580442838,2.300511279597775,3.172587744767641,12.1810310333833,7.920843885606852,9.320335358292608,26.673790584051023,17.344913618117197,20.409493485312282,0.6281407035175879,-0.01185929648241213,-0.006859296482412125,0.5276381909547738,0.0026381909547738003,-0.007361809045226098,0.42211055276381915,0.012110552763819116,0.012110552763819116,0.40051679586563305,0.09987163457531045,0.14049724552350207,0.33678756476683935,0.42713567839195976,0.1138524703719096,0.17337941795790301,0.36363636363636365,0.41137123745819393,0.1392510371243041,0.1877894799498513,0.31879194630872487,21.0,11.0,11.0,31.0,15.0,16.0,41.0,17.0,15.0,0.000846932972712222,0.00036200206689228,0.0004017581923539623,-0.06155289245903539,-0.0688769548284851,-0.06708213610906988,"[6.88671875, 7.01171875, 2.51953125, 4.578125, 2.51953125, 4.890625, 4.359375, 5.19921875, 2.146484375, 1.8154296875, 3.7578125, 0.032867431640625, 6.33203125, 1.095703125, 6.26171875, 0.09722900390625, 2.892578125, 9.0625, 7.66796875, 5.125, 6.35546875, 0.68994140625, 13.71875, 0.74560546875, 2.228515625, 0.328857421875, 5.3984375, 1.3671875, 4.00390625, 0.0058746337890625, 3.716796875, 2.529296875, 4.71875, 4.671875, 7.8203125, 7.41796875, 0.3095703125, 8.1640625, 0.400634765625, 5.3984375, 6.078125, 1.609375, 7.44140625, 7.5703125, 0.1583251953125, 0.96337890625, 4.15234375, 0.59033203125, 2.7734375, 0.6083984375, 0.9111328125, 7.828125, 0.412109375, 1.705078125, 5.7421875, 3.701171875, 0.53173828125, 3.18359375, 10.9453125, 1.1025390625, 3.43359375, 5.88671875, 4.640625, 7.76953125, 3.658203125, 0.1024169921875, 1.203125, 8.765625, 0.2498779296875, 0.494140625, 0.01238250732421875, 4.02734375, 1.19921875, 5.6015625, 0.6923828125, 4.59765625, 0.012908935546875, 3.96875, 0.1932373046875, 0.06939697265625, 3.697265625, 9.9921875, 1.28515625, 1.8662109375, 3.8125, 6.69140625, 5.37890625, 5.43359375, 0.09954833984375, 9.3984375, 0.034515380859375, 0.1668701171875, 10.515625, 0.00010836124420166016, 4.4296875, 0.00015151500701904297, 5.710124969482422e-05, 2.5987625122070312e-05, 0.00054168701171875, 6.377696990966797e-05, 0.0009570121765136719, 0.00047850608825683594, 3.546875, 0.00011789798736572266, 2.873046875, 4.76837158203125e-07, 9.34600830078125e-05, 6.198883056640625e-06, 2.0503997802734375e-05, 2.7179718017578125e-05, 0.00018274784088134766, 0.0005965232849121094, 0.1607666015625, 1.125, 2.458984375, 6.61328125, 4.26953125, 3.806640625, 3.80078125, 1.05859375, 4.51953125, 1.2373046875, 0.018280029296875, 2.234375, 4.05859375, 1.0556640625, 0.3525390625, 7.625, 5.80859375, 0.576171875, 1.9013671875, 7.3125, 2.4765625, 1.66796875, 5.61328125, 2.59765625, 2.56640625, 2.369140625, 4.33203125, 1.1923828125, 3.11328125, 1.103515625, 2.869140625, 6.51953125, 0.5625, 2.041015625, 1.88671875, 5.17578125, 0.8310546875, 2.10546875, 0.0227203369140625, 0.121826171875, 8.4453125, 0.8740234375, 0.53759765625, 0.4296875, 0.157470703125, 7.8828125, 0.447265625, 2.728515625, 0.0046539306640625, 0.0877685546875, 9.0546875, 2.763671875, 1.7783203125, 1.9431114196777344e-05, 3.4140625, 3.337860107421875e-06, 1.2874603271484375e-05, 4.0531158447265625e-06, 3.3855438232421875e-05, 4.38690185546875e-05, 0.0002105236053466797, 0.0005540847778320312, 0.1434326171875, 1.5595703125, 0.002017974853515625, 7.19921875, 5.5703125, 3.130859375, 2.80078125, 7.1328125, 1.388671875, 3.580078125, 5.59765625, 8.375, 0.298095703125, 2.8125, 0.4296875, 4.45703125, 4.21484375, 3.3203125, 1.6396484375, 2.6640625, 2.51953125, 5.00390625, 0.615234375, 0.55322265625, 7.641315460205078e-05, 4.46484375, 0.00010156631469726562, 4.649162292480469e-06, 5.841255187988281e-06, 1.633167266845703e-05, 6.794929504394531e-06, 0.0001016855239868164, 0.00020515918731689453, 1.349609375, -0.0, 3.98046875, -0.0, 3.0279159545898438e-05, 3.5762786865234375e-07, 7.62939453125e-06, 2.2649765014648438e-06, 1.049041748046875e-05, 2.7418136596679688e-05, 2.13671875, -0.0, 5.078125, -0.0, 1.704692840576172e-05, 3.5762786865234375e-06, 2.0742416381835938e-05, 4.410743713378906e-06, 1.537799835205078e-05, 2.8133392333984375e-05, 0.0631103515625, 2.6796875, 5.7109375, 0.035125732421875, 3.947265625, 6.58203125, 5.7265625, 13.171875, 0.11309814453125, 0.13134765625, 0.1605224609375, 8.03125, 0.3232421875, 0.6796875, 4.02734375, 0.72216796875, 1.99609375, 2.896484375, 9.5, 1.3134765625, 4.875, 3.103515625, 6.64453125, 1.61328125, 0.004802703857421875, 4.08203125, 2.375, 4.41796875, 0.282470703125, 0.007541656494140625, 1.408203125, 6.3203125, 6.3828125, 4.6171875, 3.439453125, 1.5732421875, 6.67572021484375e-05, 2.900390625, 5.960464477539062e-07, 3.933906555175781e-06, 3.337860107421875e-06, 3.814697265625e-06, 1.049041748046875e-05, 5.4836273193359375e-06, 2.2649765014648438e-05, 1.3359375, -0.0, 2.681640625, -0.0, 8.344650268554688e-06, 1.1920928955078125e-06, 7.62939453125e-06, 3.2186508178710938e-06, 2.86102294921875e-06, 9.775161743164062e-06, 1.341796875, -0.0, 5.13671875, 3.5762786865234375e-07, 6.4373016357421875e-06, 6.198883056640625e-06, 7.867813110351562e-06, 4.172325134277344e-06, 4.649162292480469e-06, 1.633167266845703e-05, 1.328125, -0.0, 3.900390625, 3.5762786865234375e-07, 6.318092346191406e-06, 5.364418029785156e-06, 2.002716064453125e-05, 4.76837158203125e-06, 4.649162292480469e-06, 4.649162292480469e-06, 2.140625, -0.0, 3.58984375, -0.0, 8.344650268554688e-07, 8.344650268554688e-07, 6.794929504394531e-06, 2.384185791015625e-06, 4.172325134277344e-06, 4.291534423828125e-06, 0.1407470703125, 1.8076171875, 5.05859375, 0.357177734375, 2.26953125, 4.5859375, 0.1822509765625, 0.904296875, 0.06207275390625, 0.0030040740966796875, 8.1796875, 0.505859375, 3.72265625, 5.98828125, 1.18359375, 0.03411865234375, 1.2119140625, 9.078125, 6.984375, 0.2998046875, 4.6015625, 0.0254364013671875, 0.007480621337890625, 7.7578125, 2.0234375, 8.6015625, 0.07232666015625, 4.5390625, 1.6650390625, 1.427734375, 1.736328125, 2.125, 0.0011739730834960938, 6.96875, 3.435546875, 0.04278564453125, 1.572265625, 3.603515625, 2.169921875, 6.09375, 1.75, 10.1640625, 4.3515625, 2.47265625, 3.244140625, 1.0634765625, 3.419921875, 0.6025390625, 1.5078125, 2.814453125, 2.630859375, 2.2421875, 9.1484375, 0.8935546875, 0.072509765625, 5.04296875, 1.09765625, 7.14453125, 0.0528564453125, 5.36328125, 0.77197265625, 8.140625, 0.912109375, 1.626953125, 0.006656646728515625, 3.75390625, 10.125, 7.12890625, 0.349365234375, 7.3515625, 1.7314453125, 1.3935546875, 6.29296875, 0.28369140625, 5.328125]",-0.4588692807411965
249,0,test,3.684723435681759,1.6171277392784176,2.2295012803042034,6.063468944792769,2.6610962798252444,3.6687995751841327,39.83410423442868,31.928311910233933,35.548668842050716,65.54979177817378,52.540260105448255,58.49780948691891,3.6714650296685685,1.5426606632771644,2.1582892953730974,5.781834692391446,2.429386871302621,3.3988807801151144,39.30945321093283,30.904641484767524,34.76832387151308,61.90465072587847,48.66872674766539,54.75326593939068,3.684723435681759,1.6171277392784176,2.2295012803042034,6.063468944792769,2.6610962798252444,3.6687995751841327,39.83410423442868,31.928311910233933,35.548668842050716,65.54979177817378,52.540260105448255,58.49780948691891,0.778894472361809,-0.0011055276381910506,-0.0011055276381910506,0.6432160804020101,-0.001783919597989958,0.0032160804020100464,0.48743718592964824,0.00743718592964826,-0.012562814070351758,0.43243243243243246,0.0913919700046868,0.1538701731256289,0.4612403100775194,0.42713567839195976,0.08628354806614524,0.14332933448544893,0.4494949494949495,0.43243243243243246,0.0913919700046868,0.1538701731256289,0.4612403100775194,22.0,9.0,10.0,32.0,7.0,8.0,41.0,9.0,9.0,-4.6076300642895735e-05,0.00017573068969433558,-5.435402832158057e-05,-0.00010708564814265742,-0.00016179463533028127,9.987650539144965e-05,"[2.859375, 3.21484375, 0.217529296875, 0.020843505859375, 4.184246063232422e-05, 1.068359375, 0.0114898681640625, 0.01314544677734375, 1.5693359375, 14.171875, 1.380859375, 0.5263671875, 0.42578125, 1.78515625, 9.59375, 3.056640625, 0.576171875, 3.73828125, 1.419921875, 2.3203125, 0.054962158203125, 0.158203125, 5.87890625, 0.02020263671875, 0.0248870849609375, 4.57421875, 4.6640625, 3.775390625, 2.908203125, 4.609375, 5.87109375, 5.6015625, 1.3857421875, 1.150390625, 4.21875, 0.045928955078125, 5.1171875, 3.81640625, 1.0693359375, 1.75, 8.640625, 8.859375, 0.0723876953125, 6.32421875, 8.296875, 7.16796875, 2.2890625, 2.638671875, 3.375, 2.64453125, 0.9951171875, 3.533203125, 1.716796875, 3.60546875, 0.1380615234375, 6.30078125, 9.109375, 8.5, 1.81640625, 4.53125, 1.119140625, 10.5703125, 7.8046875, 1.0751953125, 2.880859375, 0.73974609375, 2.6640625, 6.05859375, 2.494140625, 0.0028247833251953125, 0.436767578125, 0.170166015625, 12.2265625, 2.716796875, 6.91796875, 6.55859375, 2.234375, 1.380859375, 12.0703125, 3.447265625, 3.384765625, 5.82421875, 2.455078125, 3.044921875, 6.43359375, 3.75390625, 8.96875, 1.8984375, 5.23046875, 2.447265625, 2.685546875, 0.0007185935974121094, 7.53515625, 0.681640625, 9.46875, 2.3671875, 3.86328125, 4.8359375, 1.705078125, 5.3515625, 0.86328125, 4.6484375, 7.484375, 0.30322265625, 2.595703125, 4.51171875, 2.517578125, 4.9453125, 1.03515625, 0.8369140625, 5.36328125, 9.9140625, 2.482421875, 8.2578125, 12.515625, 2.345703125, 6.19921875, 0.392578125, 0.19775390625, 1.44140625, 3.78125, 1.5341796875, 3.79296875, 9.0234375, 0.006366729736328125, 6.9375, 7.4375, 7.828125, 7.43359375, 4.0703125, 9.984375, 0.2034912109375, 1.0400390625, 2.73828125, 3.5625, 2.603515625, 5.23046875, 7.58984375, 2.419921875, 0.66455078125, 5.23828125, 1.01953125, 6.95703125, 1.81640625, 1.7548828125, 2.8359375, 1.5771484375, 4.109375, 6.8359375, 0.245849609375, 6.23828125, 5.71875, 3.0546875, 2.44921875, 0.0374755859375, 10.703125, 4.02734375, 3.408203125, 0.01953125, 6.375, 3.09375, 7.34765625, 4.5234375, 3.81640625, 0.011505126953125, 9.9609375, 0.93408203125, 8.6796875, 6.2421875, 7.83984375, 3.86328125, 1.4208984375, 4.03515625, 2.263671875, 0.52685546875, 2.09765625, 0.0006365776062011719, 1.48046875, 5.25390625, 1.8095703125, 0.13037109375, 3.751953125, 5.0, 4.56640625, 10.046875, 0.368896484375, 0.01166534423828125, 2.076171875, 0.01160430908203125, 2.6953125, 3.744140625, 0.1875, 0.72509765625, 6.73046875, 7.27734375, 2.625, 0.64013671875, 5.69921875, 1.4091796875, 6.32421875, 1.1982421875, 5.72265625, 0.9970703125, 3.55859375, 3.623046875, 5.14453125, 2.2578125, 9.7421875, 4.6484375, 1.794921875, 0.034759521484375, 6.8125, 5.22265625, 0.0309906005859375, 8.625, 0.67333984375, 2.62890625, 3.14453125, 0.0025482177734375, 0.546875, 0.67333984375, 5.6796875, 5.11328125, 10.0859375, 1.5185546875, 3.744140625, 11.4765625, 0.8447265625, 4.61328125, 10.0, 0.430419921875, 4.8671875, 5.3125, 2.08203125, 0.94873046875, 2.96875, 3.501953125, 0.0008950233459472656, 0.1964111328125, 2.5625, 3.912109375, 3.701171875, 2.1015625, 1.7919921875, 1.4091796875, 6.2890625, 3.099609375, 2.697265625, 6.2109375, 3.849609375, 0.87353515625, 6.3359375, 0.0155029296875, 7.87109375, 2.30078125, 1.3564453125, 7.11328125, 2.017578125, 7.26171875]",-0.7045177828851354
167,0,test,3.7997828840734473,1.7439864852792466,2.382563271301346,6.2996400446480845,2.8913460150682253,3.9500391076838106,44.69148020772715,36.87842250241809,40.565846588003616,74.09376981807397,61.14054256979841,67.25390355379547,3.8710495515085346,1.7315501139684373,2.4056858860137593,6.0485149242320855,2.7055470530756836,3.7588841968964988,47.99273049936189,39.497546305239375,43.663613194708375,74.98864140525295,61.71491610193652,68.22439561673183,3.8217452987731693,1.748050785962263,2.409653653273441,6.336051416387097,2.898084197779541,3.994952109374389,45.68387078686313,37.72971515717452,41.5793391299904,75.7390489361152,62.55189618163144,68.93416750498409,0.8190954773869347,0.0040954773869347205,-0.0009045226130653949,0.6733668341708543,0.0033668341708543714,-0.001633165829145744,0.5628140703517588,0.00781407035175885,-0.007185929648241274,0.4701195219123506,0.13015928334376214,0.20389435634943676,0.472,0.46733668341708545,0.11896575609878968,0.1968859321649986,0.4747474747474747,0.4661354581673307,0.12617521959874223,0.2038838025381916,0.46399999999999997,20.0,4.0,4.0,36.0,5.0,6.0,43.0,4.0,5.0,0.00013359592635229443,0.00029226497658832386,9.532049969366863e-05,-5.164627325804361e-05,-0.00011782167916685182,0.0001279129611404528,"[1.88671875, 5.3046875, 0.005107879638671875, 0.057769775390625, 5.7578125, 3.6328125, 3.927734375, 5.33203125, 0.4990234375, 5.796875, 1.244140625, 4.52734375, 7.109375, 6.04296875, 5.5859375, 1.9697265625, 3.498046875, 2.923828125, 6.60546875, 0.07916259765625, 1.263671875, 10.1953125, 4.0, 4.8671875, 0.50048828125, 2.58984375, 0.030548095703125, 5.40625, 2.427734375, 0.98583984375, 2.421875, 1.7333984375, 1.0986328125, 2.8515625, 3.5234375, 1.2783203125, 4.1484375, 4.26171875, 7.75390625, 2.53125, 0.78955078125, 5.11328125, 2.037109375, 4.421875, 8.5, 2.654296875, 1.55078125, 4.21875, 0.008026123046875, 12.6171875, 5.44921875, 4.9453125, 3.01171875, 0.9794921875, 0.69873046875, 5.875, 10.609375, 2.35546875, 13.5234375, 1.12890625, 5.2265625, 0.1634521484375, 5.640625, 5.2578125, 5.63671875, 8.2265625, 5.171875, 1.0107421875, 4.1875, 2.416015625, 5.4609375, 3.5078125, 7.60546875, 1.423828125, 5.62890625, 0.294189453125, 3.748046875, 6.01171875, 4.1484375, 3.873046875, 2.466796875, 7.37890625, 5.66796875, 3.51953125, 6.22265625, 1.9072265625, 5.3984375, 0.2274169921875, 7.71484375, 0.83203125, 3.09765625, 0.2315673828125, 1.564453125, 2.541015625, 2.88671875, 2.64453125, 2.458984375, 8.375, 6.73828125, 0.137451171875, 3.2890625, 2.6171875, 2.630859375, 9.515625, 5.01171875, 4.0625, 3.72265625, 3.833984375, 1.130859375, 0.0004439353942871094, 0.188232421875, 0.313232421875, 5.16015625, 1.26953125, 8.0625, 0.1583251953125, 1.2939453125, 8.4375, 3.884765625, 4.84375, 13.4375, 3.951171875, 7.16015625, 7.79296875, 8.75, 4.66015625, 4.24609375, 8.390625, 0.3173828125, 0.3759765625, 1.7197265625, 2.76171875, 7.62109375, 7.08984375, 0.92578125, 2.947265625, 0.265869140625, 6.296875, 4.18359375, 2.58984375, 1.1669921875, 6.8359375, 5.421875, 5.13671875, 7.3671875, 7.3203125, 5.7890625, 1.6025390625, 8.4765625, 0.1165771484375, 1.6201171875, 6.4765625, 0.1253662109375, 3.32421875, 9.3359375, 3.0625, 0.006519317626953125, 2.63671875, 3.16015625, 4.8828125, 0.216064453125, 5.46484375, 1.84765625, 2.736328125, 4.83984375, 11.9921875, 1.1123046875, 5.9296875, 8.5859375, 1.1435546875, 1.6044921875, 5.4375, 4.7578125, 0.0182647705078125, 0.311767578125, 8.21875, 2.578125, 3.234375, 5.76953125, 8.2890625, 3.9765625, 0.47607421875, 4.375, 1.2177734375, 2.64453125, 8.3046875, 0.03363037109375, 0.0012798309326171875, 4.09765625, 5.39453125, 2.25, 1.37890625, 1.775390625, 4.55859375, 7.21875, 0.98095703125, 5.51171875, 0.41259765625, 1.4072265625, 7.97265625, 0.3076171875, 10.3671875, 2.328125, 6.46484375, 2.087890625, 0.9404296875, 8.3359375, 0.313232421875, 2.31640625, 1.90625, 0.0016326904296875, 5.48046875, 0.0027446746826171875, 0.763671875, 9.984375, 0.6484375, 0.99462890625, 3.921875, 7.65625, 1.4853515625, 4.3125, 6.671875, 7.4765625, 0.023468017578125, 0.034881591796875, 2.994140625, 6.6171875, 0.00775909423828125, 6.67578125, 2.236328125, 2.861328125, 6.16015625, 1.87109375, 5.08984375, 0.07177734375, 1.7412109375, 2.6328125, 1.9423828125, 7.3046875, 1.08984375, 5.625, 0.27685546875, 4.5546875, 1.8603515625, 1.7646484375, 8.5703125, 1.5185546875, 7.6484375, 0.03948974609375, 3.92578125, 4.19140625]",-0.6761625886438378
63,0,test,3.28199883647587,1.4998170938663529,2.06100818010573,5.3477275159048006,2.443819617652822,3.358230975819337,26.628946448831424,20.68613848649354,23.238401513462833,43.38951862544885,33.70623741622771,37.86492481899532,3.338536919061862,1.453446348361066,2.0598345612872775,5.136210644710557,2.2360713051708707,3.168976248134273,28.177870027324193,21.5909190275567,24.58589442649533,43.350569272806446,33.21679850393338,37.824452963838965,3.28199883647587,1.4998170938663529,2.06100818010573,5.3477275159048006,2.443819617652822,3.358230975819337,26.628946448831424,20.68613848649354,23.238401513462833,43.38951862544885,33.70623741622771,37.86492481899532,0.7437185929648241,0.00371859296482413,0.008718592964824134,0.5879396984924623,0.01793969849246224,0.012939698492462348,0.4623115577889447,-0.002688442211055242,-0.017688442211055255,0.40217391304347827,0.0857182168409466,0.14675222629649032,0.4036363636363637,0.40703517587939697,0.09124570219518646,0.14827056819993123,0.4242424242424242,0.40217391304347827,0.0857182168409466,0.14675222629649032,0.4036363636363637,23.0,13.0,13.0,37.0,15.0,16.0,47.0,21.0,21.0,0.0003252408687002636,5.211666026827503e-06,1.786811163813879e-05,-0.00022489431977135155,0.00019273690668875076,4.029903692170933e-05,"[9.3046875, 1.375, 3.1171875, 0.587890625, 4.2734375, 0.93896484375, 6.484375, 3.13671875, 0.2249755859375, 8.8203125, 2.60546875, 5.234375, 9.953125, 0.1898193359375, 0.552734375, 0.259521484375, 0.0587158203125, 4.1484375, 0.2459716796875, 0.060272216796875, 1.2529296875, 4.9609375, 1.1162109375, 4.2265625, 7.50390625, 5.125, 2.4765625, 8.0390625, 3.443359375, 0.9580078125, 0.3037109375, 2.224609375, 0.039703369140625, 2.080078125, 3.34375, 1.3466796875, 7.734375, 1.85546875, 0.055450439453125, 2.740234375, 4.3125, 9.015625, 4.26953125, 0.052978515625, 1.47265625, 0.0262908935546875, 1.2177734375, 3.13671875, 5.59375, 3.232421875, 4.109375, 0.70458984375, 0.857421875, 7.0546875, 4.0390625, 5.4921875, 1.7333984375, 0.02215576171875, 0.63671875, 10.4921875, 0.65380859375, 4.921875, 0.0070648193359375, 1.71484375, 8.6171875, 3.619140625, 1.5380859375, 1.0576171875, 0.08367919921875, 5.44140625, 1.9287109375, 2.3359375, 0.007762908935546875, 9.1875, 1.408203125, 6.20703125, 1.4228515625, 5.84765625, 0.0184478759765625, 4.30859375, 2.048828125, 2.39453125, 0.6474609375, 7.03515625, 6.55078125, 0.039031982421875, 10.1015625, 3.103515625, 12.4609375, 0.8798828125, 7.59375, 3.0234375, 3.205078125, 3.3125, 0.56689453125, 6.890625, 0.328125, 3.6328125, 3.919921875, 2.701171875, 0.8818359375, 3.1328125, 2.259765625, 4.98046875, 1.203125, 1.634765625, 0.01552581787109375, 1.501953125, 7.4609375, 8.6953125, 1.279296875, 5.3984375, 2.515625, 1.6767578125, 9.546875, 2.681640625, 1.1484375, 1.1640625, 5.0859375, 0.133544921875, 0.237060546875, 8.0078125, 0.03314208984375, 8.515625, 2.771484375, 2.783203125, 8.40625, 3.916015625, 0.47607421875, 1.5322265625, 0.0078887939453125, 4.3984375, 10.59375, 1.3681640625, 3.359375, 2.7265625, 8.5078125, 1.5361328125, 4.2734375, 1.9794921875, 2.25, 4.0859375, 6.25, 0.8310546875, 0.93505859375, 0.56103515625, 3.587890625, 0.76123046875, 0.748046875, 4.15625, 7.0390625, 1.6826171875, 0.446044921875, 1.0625, 7.7890625, 8.875, 3.248046875, 3.896484375, 0.192138671875, 2.07421875, 0.414306640625, 9.84375, 2.501953125, 6.25390625, 2.748046875, 1.5078125, 9.3515625, 0.84765625, 0.001964569091796875, 1.599609375, 3.70703125, 0.6416015625, 6.63671875, 6.3671875, 7.890625, 8.21875, 3.482421875, 0.81982421875, 5.51171875, 1.3798828125, 4.859375, 2.150390625, 0.544921875, 3.56640625, 0.048248291015625, 5.6640625, 8.5546875, 0.12152099609375, 1.5439453125, 0.884765625, 4.63671875, 1.8740234375, 3.18359375, 0.5771484375, 4.7421875, 2.0390625, 1.6650390625, 8.078125, 4.32421875, 0.595703125, 3.80078125, 1.771484375, 6.375, 6.87890625, 3.98828125, 1.0283203125, 2.6484375, 7.87890625, 9.5703125, 0.006084442138671875, 0.0055999755859375, 4.08203125, 1.2158203125, 2.298828125, 0.0694580078125, 2.671875, 1.8681640625, 2.228515625, 10.5546875, 0.7509765625, 5.328125, 2.103515625, 1.283203125, 4.54296875, 6.60546875, 10.46875, 5.3046875, 1.78515625, 1.7822265625, 3.46484375, 0.1365966796875, 0.0007748603820800781, 0.63037109375, 0.005146026611328125, 0.61376953125, 2.390625, 5.5390625, 3.125, 6.08984375, 1.78125, 0.025421142578125, 1.0771484375, 1.3798828125, 1.9453125, 1.5029296875, 4.2265625, 7.17578125, 3.48828125, 2.78515625, 6.3125, 4.25, 0.1300048828125, 1.2578125, 1.26953125, 9.0, 8.859375, 1.12109375, 7.796875, 1.3212890625, 0.0016794204711914062, 6.484375, 0.86181640625, 6.6875, 2.435546875, 0.68017578125, 0.35498046875, 0.68994140625, 0.0019235610961914062, 4.40625, 0.78125, 1.951171875, 1.9091796875, 1.021484375, 1.19921875, 3.33984375, 7.11328125]",-1.1299336319384365
419,0,test,3.2623865790125253,1.447445754581463,2.013482138523365,5.90641230317954,2.6205390458762436,3.645323871705701,26.11178066614858,19.971067879628293,22.625259493231418,47.27426957204678,36.156769952006776,40.9620711086608,3.2656747929414913,1.4091457632530506,1.9460154613363794,5.535042021934731,2.3883826495814415,3.2983312904006428,26.197783106765996,19.79630428427349,22.45563677766048,44.40302221485762,33.55305810893812,38.06040131806861,3.2623865790125253,1.447445754581463,2.013482138523365,5.90641230317954,2.6205390458762436,3.645323871705701,26.11178066614858,19.971067879628293,22.625259493231418,47.27426957204678,36.156769952006776,40.9620711086608,0.6934673366834171,0.0034673366834171437,-0.016532663316582874,0.6030150753768844,0.008015075376884395,0.0030150753768843908,0.4773869346733668,0.002386934673366814,0.002386934673366814,0.44565217391304346,0.12015488639043947,0.1938449449973808,0.4545454545454546,0.44723618090452266,0.10137151925038734,0.18012432781604182,0.4696969696969697,0.44565217391304346,0.12015488639043947,0.1938449449973808,0.4545454545454546,24.0,1.0,1.0,40.0,6.0,3.0,44.0,1.0,2.0,8.033729115394858e-05,0.00014419760182400365,6.263414698997841e-06,-0.007569170740939768,-0.008052164327070344,-0.006547286768684657,"[2.12109375, 9.0390625, 0.7978515625, 0.0180816650390625, 0.177490234375, 1.380859375, 11.4765625, 0.6435546875, 0.0433349609375, 2.546875, 0.059112548828125, 3.375, 3.115234375, 0.1165771484375, 3.6954879760742188e-06, 0.0177154541015625, 0.003032684326171875, 5.710124969482422e-05, 4.828125, 7.89453125, 5.77734375, 1.6630859375, 1.078125, 0.802734375, 3.048828125, 0.0110321044921875, 10.390625, 4.640625, 6.3828125, 3.17578125, 3.16796875, 2.73828125, 2.109375, 1.8486328125, 6.63671875, 1.7822265625, 5.53125, 4.9453125, 10.421875, 0.6845703125, 6.16015625, 5.140625, 8.4609375, 0.2095947265625, 0.138671875, 5.73046875, 0.07098388671875, 1.63671875, 7.8671875, 0.93017578125, 5.03125, 0.62255859375, 3.80859375, 2.279296875, 7.83203125, 3.431640625, 1.98046875, 0.85888671875, 6.14453125, 2.041015625, 2.634765625, 7.71484375, 1.5830078125, 7.640625, 8.640625, 0.01540374755859375, 1.009765625, 5.79296875, 0.71826171875, 2.265625, 0.146728515625, 2.75, 1.6064453125, 3.283203125, 5.60546875, 0.9755859375, 0.8515625, 4.0, 6.33203125, 4.73046875, 5.2578125, 1.2841796875, 0.090576171875, 7.26171875, 2.099609375, 3.67578125, 8.734375, 1.66015625, 1.3017578125, 3.775390625, 0.1627197265625, 1.318359375, 7.984375, 0.332275390625, 0.0022373199462890625, 0.0831298828125, 5.6953125, 4.30859375, 0.36572265625, 2.78125, 1.0888671875, 0.142822265625, 5.3203125, 8.8046875, 2.83203125, 8.03125, 8.1171875, 0.170166015625, 4.5625, 2.1171875, 5.625, 4.14453125, 6.625, 0.2685546875, 8.6015625, 5.69140625, 0.026702880859375, 0.02978515625, 1.255859375, 2.048828125, 0.0006961822509765625, 4.25390625, 4.34765625, 3.990234375, 3.9140625, 11.3125, 1.5224609375, 3.53125, 0.52587890625, 5.3359375, 2.623046875, 6.53515625, 4.99609375, 3.04296875, 0.78173828125, 0.10302734375, 0.447509765625, 0.002410888671875, 5.10546875, 1.271484375, 3.529296875, 3.78125, 8.46875, 0.984375, 2.384765625, 0.095703125, 5.49609375, 3.65625, 3.263671875, 0.63623046875, 4.171875, 4.171875, 3.1875, 4.3515625, 1.23828125, 3.076171875, 0.34423828125, 7.4921875, 3.09765625, 0.00308990478515625, 2.73828125, 3.73828125, 1.8203125, 8.34375, 0.060394287109375, 0.73291015625, 0.60302734375, 5.41796875, 0.88037109375, 4.7734375, 4.4375, 4.16015625, 0.69287109375, 2.162109375, 2.734375, 0.0177764892578125, 6.89453125, 3.91015625, 6.84375, 0.09344482421875, 3.875, 9.03125, 4.734375, 2.904296875, 11.296875, 4.796875, 5.64453125, 5.6171875, 0.6708984375, 2.0234375, 1.810546875, 3.3203125, 0.2313232421875, 4.390625, 0.313232421875, 0.03106689453125, 3.578125, 0.861328125, 0.47314453125, 10.6015625, 9.4921875, 10.3984375, 7.23828125, 2.552734375, 0.320556640625, 1.8125, 1.5947265625, 0.8759765625, 6.3125, 0.035552978515625, 5.171875, 0.07470703125, 1.783203125, 2.392578125, 1.92578125, 5.0, 0.0035190582275390625, 3.83203125, 5.3125, 6.609375, 10.03125, 3.55859375, 4.08984375, 6.40625, 2.193359375, 1.685546875, 0.68603515625, 1.2587890625, 1.837890625, 0.178466796875, 0.07659912109375, 0.0001780986785888672, 0.0015954971313476562, 0.03753662109375, 0.003772735595703125, 0.0028209686279296875, 1.3113021850585938e-06, 0.00255584716796875, 0.006626129150390625, 0.38134765625, 1.0068359375, 0.0007185935974121094, 4.015625, 5.7265625, 1.6357421875, 4.3671875, 6.9375, 6.32421875, 6.55078125, 0.386474609375, 1.46484375, 5.66015625, 0.1136474609375, 7.6640625, 1.9814453125, 6.8984375, 4.0, 3.998046875, 3.06640625, 0.0133514404296875, 0.004360198974609375, 3.58203125, 6.44921875, 0.61279296875, 5.328125, 7.67578125, 0.65869140625, 7.14453125, 0.74365234375, 4.078125, 1.9404296875, 1.607421875, 5.9140625, 0.489990234375, 11.0703125, 4.94921875]",-0.5645921044591544
445,0,test,4.011954753548949,1.7844627662356731,2.4542971102973077,6.291972755565838,2.7985836825663286,3.849088910684849,55.25477453288578,45.97820341127875,50.507087100034944,86.6563950324493,72.10789278162297,79.21056829349743,3.831524711757449,1.6354686532251357,2.2453784217616537,5.718693599637983,2.440997989888262,3.351311077256199,46.132823896909905,37.143334424074794,41.247936228630714,68.85496104016403,55.43781257324595,61.56408392332941,4.011954753548949,1.7844627662356731,2.4542971102973077,6.291972755565838,2.7985836825663286,3.849088910684849,55.25477453288578,45.97820341127875,50.507087100034944,86.6563950324493,72.10789278162297,79.21056829349743,0.7236180904522613,0.0036180904522613577,-0.0013819095477386467,0.592964824120603,-0.0020351758793969443,-0.012035175879396953,0.5125628140703518,0.007562814070351753,-0.00743718592964826,0.4405594405594405,0.11769731141458883,0.18939664986176608,0.4526315789473684,0.4371859296482412,0.12390272162819105,0.17842132196877547,0.4545454545454546,0.4405594405594405,0.11769731141458883,0.18939664986176608,0.4526315789473684,29.0,4.0,9.0,41.0,5.0,8.0,50.0,5.0,7.0,-0.0003005805922656458,3.67189458568288e-05,-5.819437110302047e-05,-0.00029419353837489837,0.00015400165618917327,5.253467235455389e-06,"[2.859375, 1.2138671875, 0.351806640625, 0.0308380126953125, 0.0001201629638671875, 1.1474609375, 0.00901031494140625, 0.0285186767578125, 8.6015625, 10.2109375, 10.453125, 1.66015625, 7.42578125, 4.25, 0.71630859375, 0.443115234375, 9.984375, 8.40625, 7.72265625, 2.01953125, 5.10546875, 0.0156402587890625, 6.01171875, 0.4365234375, 2.0859375, 5.96875, 5.1953125, 0.48681640625, 5.97265625, 3.369140625, 8.1015625, 0.042205810546875, 0.62890625, 7.55859375, 4.4765625, 2.015625, 4.765625, 0.01236724853515625, 2.89453125, 6.015625, 1.78515625, 7.24609375, 2.380859375, 1.34375, 2.333984375, 7.75390625, 0.96484375, 0.67822265625, 3.556640625, 1.6142578125, 3.171875, 9.28125, 11.234375, 0.0217437744140625, 8.5625, 8.3515625, 3.828125, 3.30859375, 4.02734375, 1.8955078125, 1.4267578125, 7.421875, 0.517578125, 6.85546875, 5.5703125, 0.207763671875, 11.8984375, 3.642578125, 0.505859375, 6.6484375, 0.085205078125, 10.0390625, 6.1328125, 2.44140625, 10.9453125, 9.109375, 3.513671875, 3.193359375, 0.0005717277526855469, 0.2391357421875, 1.2529296875, 0.00019741058349609375, 0.057647705078125, 0.1492919921875, 6.75390625, 6.15234375, 6.28125, 1.4482421875, 10.265625, 0.1463623046875, 1.8134765625, 7.12109375, 1.0048828125, 5.13671875, 3.70703125, 1.23828125, 0.130615234375, 6.09765625, 0.63720703125, 6.64453125, 1.314453125, 6.6171875, 6.7421875, 2.6953125, 1.3232421875, 4.92578125, 0.1141357421875, 7.91015625, 1.5986328125, 5.64453125, 0.0278778076171875, 0.0009937286376953125, 0.0010051727294921875, 9.40625, 1.12890625, 7.33984375, 0.7412109375, 6.91796875, 7.98828125, 0.010345458984375, 12.546875, 1.0419921875, 5.80078125, 1.623046875, 3.28125, 4.06640625, 10.984375, 8.859375, 6.42578125, 6.51953125, 4.10546875, 2.423828125, 0.00027823448181152344, 0.099853515625, 2.28515625, 0.280029296875, 0.0682373046875, 7.6875, 5.0625, 0.12384033203125, 1.013671875, 7.30859375, 5.87109375, 0.10919189453125, 1.3046875, 4.484375, 2.39453125, 1.380859375, 7.67578125, 0.623046875, 2.193359375, 1.8916015625, 11.2734375, 0.01324462890625, 7.4375, 4.41796875, 9.8984375, 6.0390625, 0.9296875, 7.2890625, 5.4140625, 1.6748046875, 9.15625, 3.08984375, 3.71484375, 0.79345703125, 2.607421875, 1.4677734375, 0.136474609375, 4.7890625, 3.068359375, 3.798828125, 10.7578125, 5.26171875, 11.7421875, 1.93359375, 0.4013671875, 0.5986328125, 5.6875, 4.36328125, 6.1015625, 1.359375, 7.1171875, 3.3984375, 5.6875, 7.2265625, 1.4990234375, 1.7783203125, 0.9677734375, 0.00018918514251708984, 2.23828125, 5.0234375, 2.671875, 6.76171875, 0.0911865234375, 1.1806640625, 0.004482269287109375, 0.0006399154663085938, 0.0007328987121582031, 1.53125, 4.07421875, 1.1123046875, 0.58203125, 5.31640625, 10.6640625, 9.96875, 0.81201171875, 3.876953125, 2.298828125, 9.359375, 7.36328125, 3.017578125, 9.5078125, 6.42578125, 0.09185791015625, 0.1492919921875, 2.986328125, 13.71875, 7.484375, 5.58984375, 1.2216796875, 0.0007443428039550781, 4.0625, 2.404296875, 0.00043582916259765625, 0.8701171875, 3.095703125, 3.560546875, 4.015625, 4.06640625, 0.2296142578125, 5.578125, 9.1484375, 1.572265625, 1.552734375, 7.0390625, 9.859375, 2.658203125, 0.042877197265625, 2.552734375, 9.3125, 3.421875, 15.2421875, 7.05078125, 4.38671875, 2.578125, 4.28125, 10.6015625, 11.3359375, 5.39453125, 4.265625, 15.640625, 2.21484375, 2.55859375, 3.898143768310547e-05, 0.158447265625, 1.7158203125, 7.557868957519531e-05, 0.0262298583984375, 0.454833984375, 2.099609375, 6.98828125, 0.79931640625, 0.58642578125, 12.1171875, 0.916015625, 0.82080078125, 9.515625, 10.4921875, 1.2900390625, 6.0546875, 1.3447265625, 8.4921875, 4.00390625, 0.94140625, 7.796875, 2.5078125, 4.08203125, 4.8046875, 4.46875, 0.89599609375, 7.91796875, 6.44921875, 6.36328125, 0.478271484375, 3.76953125]",-0.7335381816317152
224,0,test,3.1118306773948166,1.2163780732454894,1.6209638900054733,6.391868418432596,2.4985063126123563,3.329547449740972,22.462127693552883,15.806567636416677,18.02118448878619,46.138424451622136,32.46754433426128,37.0164870580473,3.740910142510381,1.5074910665660108,2.153752497818213,5.799860686062606,2.337195452040327,3.339151159408082,42.13632277687136,32.8046053288944,37.24649225544004,65.32763221220365,50.859853223092074,57.74649962083726,3.4042336613836897,1.4784956799774922,2.033658248226092,6.304136409969796,2.737954962921282,3.7660337930112813,30.09122681662777,23.231017311303425,26.153611016964483,55.72449410486624,43.02040242833968,48.432612994378665,0.7085427135678393,0.013542713567839204,0.013542713567839204,0.5879396984924623,-0.01706030150753768,-0.01706030150753768,0.5175879396984925,0.0025879396984924696,0.007587939698492474,0.4379947229551451,0.11783662018834662,0.16331241601477364,0.3650793650793651,0.457286432160804,0.12144683316331029,0.18182733366330817,0.40909090909090906,0.45150501672240806,0.12262354760721605,0.1934405005933758,0.37583892617449666,25.0,6.0,6.0,37.0,6.0,8.0,48.0,12.0,10.0,0.0007631662209869312,0.0007244768246714188,0.00045934927902949293,-0.03532260409228272,-0.045593471890343906,-0.04174880361416555,"[7.390625, 0.4033203125, 6.9921875, 4.625, 6.9609375, 10.9140625, 0.5576171875, 8.09375, 7.66015625, 10.6640625, 0.09124755859375, 10.2734375, 2.345703125, 9.640625, 3.546875, 4.20703125, 0.302001953125, 9.71875, 3.12109375, 0.020233154296875, 3.154296875, 5.83984375, 3.568359375, 2.861328125, 5.14453125, 5.140625, 2.138671875, 1.6748046875, 0.6494140625, 6.48828125, 0.6181640625, 5.8046875, 10.2578125, 4.12109375, 1.123046875, 3.48046875, 0.0103607177734375, 5.2421875, 8.4609375, 8.328125, 7.1796875, 9.4375, 0.88720703125, 0.380859375, 4.70703125, 0.75634765625, 0.0914306640625, 0.034332275390625, 0.200439453125, 1.1416015625, 0.012786865234375, 0.11962890625, 3.984375, 0.8623046875, 12.015625, 4.37109375, 1.294921875, 4.4609375, 4.546875, 5.484375, 5.8671875, 0.14990234375, 9.65625, 1.3291015625, 3.9140625, 1.396484375, 8.1484375, 2.154296875, 7.34765625, 0.0179901123046875, 6.3046875, 0.27001953125, 0.02825927734375, 0.8681640625, 1.1298828125, 0.0072784423828125, 0.019012451171875, 0.0281829833984375, 0.00043487548828125, 0.0008592605590820312, 3.923828125, 4.171875, 4.9296875, 3.091796875, 7.26171875, 9.421875, 3.486328125, 9.1484375, 1.513671875, 0.09368896484375, 1.83984375, 3.869140625, 0.5869140625, 0.01641845703125, 9.3125, 9.765625, 6.45703125, 7.6328125, 2.92578125, 0.223876953125, 7.78125, 1.1201171875, 0.424560546875, 0.2254638671875, 0.2301025390625, 7.68359375, 5.6015625, 3.220703125, 3.521484375, 6.09375, 2.330078125, 0.98583984375, 0.005611419677734375, 2.076171875, 4.09765625, 7.484375, 1.0302734375, 1.5244140625, 0.00510406494140625, 0.0069732666015625, 0.061187744140625, 0.00018644332885742188, 0.0003991127014160156, 4.609375, 1.51953125, 5.7421875, 0.01038360595703125, 11.78125, 6.38671875, 7.20703125, 0.384521484375, 2.31640625, 4.99609375, 2.666015625, 12.9921875, 3.939453125, 7.62890625, 5.3984375, 7.75, 5.8515625, 3.712890625, 11.78125, 0.31005859375, 4.53125, 2.9453125, 4.8203125, 11.0390625, 0.329833984375, 2.97265625, 0.141845703125, 3.873046875, 3.57421875, 1.921875, 7.70703125, 1.380859375, 0.295654296875, 4.16015625, 4.48828125, 1.1279296875, 2.248046875, 6.77734375, 3.732421875, 2.513671875, 0.172607421875, 2.861328125, 5.48046875, 7.984375, 2.63671875, 5.0390625, 8.7578125, 1.26171875, 0.59765625, 0.004749298095703125, 0.00980377197265625, 0.02801513671875, 4.4345855712890625e-05, 0.00011146068572998047, 4.99609375, 0.8427734375, 1.86328125, 0.0008058547973632812, 6.75, 7.0390625, 3.306640625, 0.251220703125, 4.73046875, 2.607421875, 6.0078125, 4.42578125, 0.57373046875, 6.86328125, 2.703125, 0.0199737548828125, 2.03125, 6.90625, 3.33984375, 10.7578125, 0.0167236328125, 0.0281982421875, 5.2109375, 8.4453125, 0.12890625, 1.4765625, 4.65234375, 0.79443359375, 0.0102691650390625, 0.06011962890625, 0.044158935546875, 5.125999450683594e-05, 0.0006160736083984375, 4.87890625, 3.2265625, 1.484375, 3.73046875, 5.99609375, 8.0234375, 1.716796875, 7.64453125, 0.007205963134765625, 6.125, 3.009765625, 0.0011358261108398438, 7.0625, 0.98095703125, 0.3916015625, 2.548828125, 5.43359375, 5.4140625, 5.46875, 3.3046875, 0.321533203125, 0.0041656494140625, 0.0125885009765625, 0.0164642333984375, 9.357929229736328e-05, 0.0002982616424560547, 3.45703125, 0.366455078125, 0.006801605224609375, 0.007732391357421875, 0.005977630615234375, 0.1856689453125, 0.000335693359375, 0.0032863616943359375, 4.05859375, 1.41015625, 7.85546875, 1.091796875, 8.5234375, 8.4765625, 2.89453125, 5.7890625, 3.982421875, 1.953125, 10.7578125, 2.1328125, 9.4140625, 4.48828125, 10.6953125, 5.078125, 2.353515625, 1.642578125, 1.2255859375, 6.26171875, 3.119140625, 7.65234375, 7.484375, 3.34765625, 3.228515625, 7.8984375, 3.61328125, 2.638671875, 3.328125, 2.400390625, 3.798828125, 0.6689453125, 0.0194091796875, 0.0204010009765625, 0.0394287109375, 9.274482727050781e-05, 0.00017893314361572266, 4.97265625, 0.408447265625, 0.024261474609375, 0.001491546630859375, 0.004688262939453125, 0.07647705078125, 7.95125961303711e-05, 0.0014638900756835938, 5.26953125, 0.469482421875, 0.0126190185546875, 0.0015811920166015625, 0.0020771026611328125, 0.09783935546875, 0.00012171268463134766, 0.0010633468627929688, 3.75390625, 0.4677734375, 5.03125, 0.916015625, 8.328125, 1.1767578125, 7.4453125, 3.37890625, 3.912109375, 1.0791015625, 2.25390625, 7.75, 3.591796875, 0.08758544921875, 4.68359375, 0.0885009765625, 0.002674102783203125, 3.767578125, 0.947265625, 0.02239990234375, 0.01971435546875, 0.034637451171875, 3.898143768310547e-05, 0.00014483928680419922, 4.15625, 0.26025390625, 0.0108642578125, 0.0009303092956542969, 0.0012998580932617188, 0.08642578125, 6.878376007080078e-05, 0.0003840923309326172, 4.1171875, 2.390625, 0.498291015625, 2.177734375, 6.515625, 5.90234375, 8.0546875, 1.0693359375, 10.25, 0.148681640625, 9.828125, 4.10546875, 2.080078125, 1.4150390625, 3.4453125, 7.8515625, 7.52734375, 0.0005559921264648438, 1.3408203125, 4.30859375, 6.48828125, 0.0279388427734375, 0.006717681884765625, 0.96875, 1.904296875, 0.11083984375, 0.00452423095703125, 1.0419921875, 0.2017822265625, 0.00270843505859375, 0.009368896484375, 0.018096923828125, 5.5670738220214844e-05, 0.00021147727966308594, 4.30859375, 3.77734375, 0.0198822021484375, 0.001129150390625, 0.00408172607421875, 0.1075439453125, 0.0003941059112548828, 0.0002027750015258789, 4.0390625, 2.310546875, 1.9091796875, 0.0004382133483886719, 2.916015625, 2.564453125, 0.318115234375, 1.8017578125]",-0.2995362621498612
405,0,test,2.8424917043201505,1.1350368700145246,1.482398280505666,6.121047476916687,2.444198714406277,3.1922099335889054,17.158466140624004,11.643558893319142,13.261908824585031,36.949196973275555,25.073345571408836,28.558315025668904,3.1102417330046994,1.1905416147701176,1.696738300492018,5.05730363090195,1.9358400240164513,2.75892406584068,22.42646496231576,15.607551667422044,18.316134488571578,36.46579668669229,25.37813279255617,29.782332501742406,2.7514528662066,1.1505677354803634,1.598032827909076,5.395005620012941,2.2560151676085556,3.1333977017825023,15.665375052824999,10.707956606427942,12.496362511201465,30.71642167220588,20.995993345937137,24.502671590591106,0.7135678391959799,0.003567839195979916,-0.006432160804020093,0.5276381909547738,-0.027361809045226115,0.0026381909547738003,0.3919597989949749,-0.01304020100502512,-0.0030402010050251116,0.40476190476190477,0.09300496949109893,0.12421449518223715,0.3952254641909815,0.3869346733668342,0.06112013702598207,0.11314502395114134,0.38888888888888884,0.41137123745819393,0.10753150457004701,0.15441906838144193,0.37248322147651003,22.0,13.0,13.0,33.0,21.0,21.0,38.0,19.0,19.0,0.0004954686246587398,0.0002893186647409323,0.00016607463879645385,-0.012769423050423612,-0.013457709429990139,-0.013101648004703925,"[2.88671875, 2.212890625, 0.2330322265625, 0.0401611328125, 3.814697265625e-05, 1.2705078125, 0.01294708251953125, 0.01422119140625, 4.5859375, 1.65234375, 1.7236328125, 2.900390625, 7.46875, 0.365966796875, 1.2978515625, 5.84765625, 11.203125, 1.25, 7.33984375, 7.99609375, 0.293212890625, 9.140625, 4.19921875, 0.46826171875, 0.02081298828125, 2.77734375, 4.23828125, 2.353515625, 7.5, 9.421875, 3.802734375, 4.0078125, 1.6572265625, 3.388671875, 8.84375, 3.14453125, 1.685546875, 2.25, 6.73828125, 4.66796875, 0.7626953125, 0.16650390625, 2.072265625, 0.50390625, 7.05859375, 3.8515625, 3.669921875, 0.83984375, 0.007354736328125, 0.42919921875, 5.29296875, 5.515625, 0.0007872581481933594, 4.6640625, 13.3125, 5.73828125, 0.4794921875, 0.3974609375, 2.03515625, 7.47265625, 9.234375, 1.0068359375, 4.875, 6.13671875, 1.9404296875, 0.74169921875, 3.8046875, 1.85546875, 1.3876953125, 2.654296875, 7.3125, 0.339599609375, 2.4375, 1.55859375, 4.6484375, 0.37744140625, 0.07696533203125, 0.0693359375, 0.04254150390625, 0.159423828125, 0.181640625, 0.8896484375, 7.34765625, 6.62109375, 4.06640625, 1.5576171875, 5.1015625, 6.19921875, 3.521484375, 2.22265625, 9.6796875, 1.91796875, 5.19921875, 5.609375, 1.8759765625, 2.90234375, 2.6953125, 5.515625, 1.3076171875, 0.11016845703125, 0.1380615234375, 5.95703125, 3.466796875, 6.90234375, 1.2705078125, 2.78515625, 7.64453125, 0.1148681640625, 2.251953125, 5.8671875, 2.484375, 0.84912109375, 5.796875, 0.7744140625, 3.5546875, 4.87109375, 6.28125, 6.41015625, 7.99609375, 1.1826171875, 7.5859375, 2.072265625, 0.92333984375, 6.859375, 2.189453125, 1.5458984375, 2.3603439331054688e-05, 0.00013017654418945312, 4.780292510986328e-05, 0.00046324729919433594, 1.811981201171875e-05, 2.384185791015625e-07, 4.95703125, 3.296875, 2.96875, 0.043609619140625, 0.4072265625, 7.828125, 1.2197265625, 3.318359375, 1.3232421875, 0.58349609375, 4.09375, 0.6328125, 2.73046875, 0.029815673828125, 1.37890625, 2.15234375, 11.25, 11.4140625, 2.45703125, 7.53515625, 2.296875, 8.171875, 1.43359375, 7.04296875, 6.76953125, 3.09765625, 6.37109375, 2.015625, 6.6953125, 1.078125, 1.39453125, 2.841796875, 3.02734375, 8.2890625, 0.04425048828125, 0.011322021484375, 0.02008056640625, 5.8359375, 2.232421875, 2.669921875, 2.8359375, 4.0625, 0.04644775390625, 4.83203125, 0.216552734375, 1.2529296875, 0.50048828125, 2.23046875, 0.11822509765625, 2.890625, 0.2890625, 1.3828125, 1.2705078125, 2.298828125, 1.025390625, 10.140625, 5.2109375, 1.4169921875, 6.90625, 0.9501953125, 0.262939453125, 2.380859375, 0.272216796875, 0.0389404296875, 1.5517578125, 1.7509765625, 9.238719940185547e-05, 1.7881393432617188e-05, 4.279613494873047e-05, 9.28640365600586e-05, 4.649162292480469e-06, 1.0728836059570312e-06, 8.4375, 5.26171875, 7.2421875, 0.1285400390625, 2.169921875, 0.08111572265625, 2.384185791015625e-07, 7.152557373046875e-06, 1.2755393981933594e-05, 0.00022649765014648438, 2.9802322387695312e-06, 2.7418136596679688e-06, 5.75390625, 4.3125, 6.265625, 0.2283935546875, 0.06085205078125, 1.423828125, 0.00038504600524902344, 5.84765625, 5.90234375, 6.0625, 0.05377197265625, 0.034637451171875, 0.084716796875, 0.1473388671875, 6.54296875, 1.6552734375, 4.6171875, 3.71875, 6.49609375, 0.17724609375, 0.26806640625, 0.1942138671875, 3.140625, 4.13671875, 2.98828125, 0.5478515625, 7.01171875, 0.29931640625, 0.399658203125, 4.42578125, 2.642578125, 1.919269561767578e-05, 2.09808349609375e-05, 1.049041748046875e-05, 9.179115295410156e-05, 7.152557373046875e-07, -0.0, 2.306640625, 4.078125, 0.035247802734375, 0.06829833984375, 0.80419921875, 0.65283203125, 1.1920928955078125e-07, 0.0002486705780029297, 1.2874603271484375e-05, 0.00015974044799804688, 2.384185791015625e-06, 6.556510925292969e-06, 5.56640625, 0.00800323486328125, 0.0040130615234375, 0.732421875, 3.802734375, 1.6808509826660156e-05, 0.0230865478515625, 4.267692565917969e-05, 2.574920654296875e-05, 4.172325134277344e-06, 0.00012814998626708984, 6.54296875, 8.2265625, 4.03125, 0.1512451171875, 0.426513671875, 2.1484375, 6.203125, 3.90234375, 0.0268707275390625, 4.70703125, 2.625, 1.0634765625, 3.119140625, 0.237548828125, 6.28125, 3.42578125, 1.66796875, 2.36328125, 3.427734375, 3.220703125, 6.55078125, 0.58056640625, 3.91796875, 0.087646484375, 0.0584716796875, 0.0164337158203125, 0.01113128662109375, 0.07305908203125, 8.2890625, 10.7890625, 1.4267578125, 6.5546875, 4.46875, 7.84765625, 4.5, 4.2734375, 1.1162109375, 3.837890625, 8.3125, 1.2412109375, 0.81884765625, 0.49951171875, 0.90087890625, 8.234375, 5.4921875, 3.37109375, 5.2421875, 5.2109375, 5.4296875, 2.8203125, 1.357421875, 0.0244903564453125, 8.4453125, 5.48046875, 4.25, 3.009765625, 7.6484375, 6.76171875, 0.6796875, 0.53271484375, 1.05078125, 2.1171875, 2.177734375, 0.1224365234375, 1.162109375, 6.0859375, 1.3486328125, 1.50390625, 2.5078125, 9.3984375, 10.65625, 0.039581298828125, 3.48828125, 3.806640625, 0.88818359375, 0.70703125, 8.8671875, 3.4609375, 7.17578125, 0.015716552734375, 4.74609375, 0.51513671875, 0.09088134765625, 5.34765625, 2.30859375, 2.384185791015625e-07, 0.0001348257064819336, 1.430511474609375e-06, 8.022785186767578e-05, 8.344650268554688e-07, -0.0, 3.298828125, 3.75, 6.34375, 0.07415771484375, 0.453125, 7.71484375, 0.049835205078125, 0.052215576171875, 0.11688232421875, 2.279296875, 4.70703125]",-0.7355693995006503
95,0,test,3.372023007021112,1.5152114096334426,2.0808320666437097,5.25325689514868,2.3605398802710473,3.2417173248765163,29.137412665114393,22.734124735893825,25.50029709988543,45.393021836178214,35.41737327276091,39.72677863982151,3.279197133366187,1.4149343074865675,1.9981551557729391,4.523030528780947,1.951633527567679,2.756076076928192,26.55444446171649,20.103265970853528,22.954055164996866,36.62681994719516,27.728642718418662,31.660765744823266,3.372023007021112,1.5152114096334426,2.0808320666437097,5.25325689514868,2.3605398802710473,3.2417173248765163,29.137412665114393,22.734124735893825,25.50029709988543,45.393021836178214,35.41737327276091,39.72677863982151,0.7336683417085428,0.0036683417085427994,-0.011331658291457214,0.592964824120603,-0.017035175879396958,-0.012035175879396953,0.4723618090452262,-0.027638190954773822,-0.01263819095477381,0.4440677966101695,0.11864406779661019,0.19548022598870052,0.4693877551020408,0.4321608040201005,0.10050251256281406,0.16247906197654938,0.4545454545454546,0.4440677966101695,0.11864406779661019,0.19548022598870052,0.4693877551020408,22.0,10.0,10.0,38.0,18.0,17.0,43.0,15.0,11.0,-0.0007788264955647029,-0.00022165156853909065,1.787127394141101e-05,-0.00035656283511986686,0.00011913993074319507,-2.6287545484393604e-05,"[7.03125, 1.359375, 1.5029296875, 0.00634765625, 0.041778564453125, 10.0859375, 0.321044921875, 3.966796875, 1.982421875, 5.640625, 1.8525390625, 2.109375, 2.48046875, 0.048553466796875, 1.755859375, 5.92578125, 0.7119140625, 3.83203125, 4.75390625, 1.8408203125, 4.43359375, 3.236328125, 0.75146484375, 1.4306640625, 5.12890625, 2.20703125, 1.6376953125, 4.0859375, 5.39453125, 0.00254058837890625, 0.06658935546875, 2.755859375, 0.361572265625, 0.8154296875, 4.41796875, 1.9658203125, 5.09375, 3.857421875, 1.8544921875, 3.60546875, 0.040740966796875, 4.74609375, 3.20703125, 3.63671875, 0.3642578125, 11.875, 0.1824951171875, 1.341796875, 4.2109375, 1.1806640625, 8.0234375, 4.16796875, 0.0255279541015625, 3.5625, 0.322998046875, 2.298828125, 0.60400390625, 7.8671875, 3.19140625, 0.541015625, 2.765625, 1.2109375, 5.98046875, 0.82177734375, 5.72265625, 1.00390625, 4.96484375, 4.4140625, 0.0174102783203125, 0.003997802734375, 0.05047607421875, 1.279296875, 0.044189453125, 0.054962158203125, 3.521484375, 7.01171875, 7.4609375, 4.54296875, 2.6640625, 5.7890625, 0.6748046875, 4.8203125, 4.671875, 0.8427734375, 6.73046875, 2.02734375, 0.4765625, 4.96484375, 6.6796875, 1.0263671875, 5.50390625, 2.666015625, 4.6015625, 3.171875, 4.64453125, 0.61865234375, 0.0660400390625, 5.81640625, 9.4609375, 0.8388671875, 1.716796875, 6.734375, 4.2421875, 5.515625, 2.037109375, 2.361328125, 3.216796875, 0.70849609375, 0.1328125, 1.7080078125, 2.533203125, 0.85400390625, 0.50244140625, 1.3837890625, 0.0090789794921875, 1.9658203125, 4.87890625, 8.2265625, 9.125, 0.273681640625, 5.796875, 0.5888671875, 0.316650390625, 7.86328125, 2.310546875, 5.24609375, 4.1015625, 0.9873046875, 2.625, 6.515625, 1.3662109375, 4.71875, 0.0236968994140625, 0.14453125, 9.171875, 2.11328125, 4.61328125, 6.328125, 0.0006213188171386719, 6.44921875, 4.5, 2.822265625, 1.224609375, 5.9140625, 3.0859375, 4.2734375, 6.1171875, 0.08062744140625, 2.84765625, 3.19140625, 1.240234375, 1.1494140625, 5.27734375, 10.9453125, 1.4072265625, 2.865234375, 5.3515625, 0.1925048828125, 2.689453125, 3.35546875, 4.625, 0.119384765625, 4.453125, 3.83203125, 3.287109375, 1.873046875, 2.033203125, 0.0003306865692138672, 0.59423828125, 0.47705078125, 7.28125, 0.2802734375, 8.515625, 7.48046875, 0.026824951171875, 0.6962890625, 4.6875, 0.95751953125, 9.4296875, 11.5703125, 5.48046875, 4.06640625, 6.55859375, 2.82421875, 0.083984375, 2.08203125, 4.01953125, 9.40625, 2.33203125, 8.4765625, 3.740234375, 1.6513671875, 7.5859375, 2.654296875, 8.5546875, 7.015625, 0.09893798828125, 2.279296875, 0.82421875, 5.73828125, 5.44140625, 0.994140625, 8.453125, 1.158203125, 0.0002543926239013672, 2.447265625, 3.24609375, 0.00927734375, 6.389617919921875e-05, 0.11810302734375, 0.29638671875, 5.39453125, 0.90966796875, 5.48046875, 2.234375, 5.37109375, 6.74609375, 4.53125, 6.171875, 0.49365234375, 0.0721435546875, 0.3525390625, 7.265625, 0.03704833984375, 0.356689453125, 5.9296875, 4.484375, 9.625, 6.8125, 2.705078125, 2.208984375, 7.48828125, 0.38232421875, 9.0546875, 3.767578125, 0.310546875, 0.227783203125, 0.533203125, 6.765625, 3.439453125, 6.2265625, 4.2109375, 11.5, 4.80859375, 4.4921875, 4.88671875, 0.1298828125, 2.025390625, 4.63671875, 6.3515625, 3.740234375, 0.0171661376953125, 0.884765625, 4.01171875, 8.6484375, 5.34765625, 4.8203125, 6.4921875, 2.287109375, 1.837890625, 7.5625, 5.98828125, 5.6875, 11.0390625, 1.9306640625, 0.00021648406982421875, 0.73876953125, 0.54345703125, 5.6171875, 0.015899658203125, 9.0859375, 6.04296875, 0.01256561279296875, 0.0017213821411132812, 7.08984375, 1.0908203125, 7.66015625, 0.050750732421875, 0.1915283203125, 2.58203125, 7.23046875, 1.033203125, 10.7890625, 6.45703125, 0.9833984375, 0.00027751922607421875, 0.348388671875, 3.896484375, 0.240234375, 2.65234375, 2.30078125, 5.61328125, 1.0556640625, 0.5302734375, 3.0078125]",-0.9741340669534972
231,0,test,4.295801033881994,2.024241026422394,2.7470990579205186,6.634343608539647,3.126194721279555,4.242561266966008,73.3909795667207,63.696467031038914,68.68562101830162,113.34346548469883,98.37146683491808,106.07660997501017,4.484006225763254,2.1033330272903683,2.8764185672600355,6.545994490165334,3.070559163927545,4.199151193080343,88.58886971746023,77.77669056050141,83.5981124337917,129.32681710578134,113.54261395693636,122.04104004933095,4.295801033881994,2.024241026422394,2.7470990579205186,6.634343608539647,3.126194721279555,4.242561266966008,73.3909795667207,63.696467031038914,68.68562101830162,113.34346548469883,98.37146683491808,106.07660997501017,0.8241206030150754,-0.0008793969849245631,-0.0008793969849245631,0.6984924623115578,0.013492462311557762,-0.0015075376884421399,0.5628140703517588,-0.0021859296482411583,0.00781407035175885,0.4538461538461539,0.13714749741621146,0.19681290576431243,0.4208494208494209,0.4623115577889447,0.12897822445561136,0.1851830102096459,0.4494949494949495,0.4538461538461539,0.13714749741621146,0.19681290576431243,0.4208494208494209,26.0,-1.0,-1.0,37.0,-2.0,0.0,47.0,-1.0,1.0,0.00024947638393097094,0.00028070860337502053,6.196229798953881e-05,-0.00011401557000390028,-0.0001672912548489336,9.637194842149199e-05,"[8.3359375, 2.306640625, 2.2265625, 8.96875, 9.03125, 3.59765625, 2.953125, 3.724609375, 9.3984375, 7.2890625, 1.4970703125, 6.90234375, 7.84765625, 4.83203125, 8.5703125, 0.70166015625, 7.51171875, 10.7890625, 5.79296875, 2.791015625, 11.84375, 2.9375, 1.83203125, 8.6171875, 1.125, 1.40625, 4.27734375, 0.0887451171875, 12.4296875, 2.369140625, 0.84326171875, 2.240234375, 6.75, 2.9609375, 2.892578125, 7.75, 8.1328125, 3.375, 8.90625, 3.607421875, 10.0078125, 8.4453125, 0.03240966796875, 1.712890625, 10.5625, 0.318359375, 0.70654296875, 8.0, 1.8369140625, 9.625, 5.65234375, 1.671875, 1.26171875, 10.109375, 6.01953125, 1.3515625, 7.03515625, 4.859375, 3.185546875, 2.3515625, 2.544921875, 1.015625, 7.2109375, 6.02734375, 6.75390625, 5.421875, 0.82763671875, 6.609375, 2.47265625, 2.154296875, 9.4140625, 10.4453125, 7.63671875, 0.79443359375, 1.1162109375, 0.03961181640625, 5.140625, 3.06640625, 6.98046875, 0.060455322265625, 4.3046875, 3.24609375, 6.265625, 0.45166015625, 1.7265625, 2.1875, 0.0845947265625, 14.359375, 0.63720703125, 0.28125, 6.37890625, 0.186279296875, 1.451171875, 0.206298828125, 1.7294921875, 0.006183624267578125, 4.887580871582031e-06, 1.5205078125, 0.00902557373046875, 0.0013895034790039062, 3.890625, 4.78515625, 9.921875, 7.03125, 9.1015625, 2.421875, 9.453125, 2.818359375, 7.2265625, 3.37890625, 0.94775390625, 6.2109375, 8.34375, 4.25390625, 0.0245208740234375, 8.03125, 7.66796875, 1.2353515625, 2.5859375, 2.63671875, 0.3486328125, 6.3359375, 6.41796875, 8.0, 5.1328125, 1.63671875, 0.1322021484375, 0.01428985595703125, 6.98046875, 5.9140625, 11.671875, 1.77734375, 4.4765625, 2.931640625, 4.359375, 2.609375, 4.8984375, 8.421875, 0.06689453125, 8.4453125, 0.3173828125, 2.849609375, 1.5390625, 5.734375, 2.84765625, 1.103515625, 6.5078125, 2.1171875, 5.98046875, 9.3359375, 0.1446533203125, 2.611328125, 7.2578125, 4.62890625, 2.240234375, 2.056640625, 2.220703125, 11.5859375, 7.02734375, 0.00036787986755371094, 5.63671875, 4.33203125, 1.771484375, 4.62109375, 0.9990234375, 8.6875, 5.73828125, 1.376953125, 3.771484375, 0.10546875, 9.609375, 0.025146484375, 3.9375, 6.57421875, 8.1875, 9.921875, 0.82373046875, 2.421875, 9.109375, 7.0, 6.59375, 4.9296875, 2.642578125, 5.90234375, 4.5, 8.890625, 1.7841796875, 3.23828125, 4.30859375, 1.521484375, 3.595703125, 8.046875, 1.8798828125, 1.314453125, 10.046875, 6.99609375, 11.6953125, 0.6552734375, 5.36328125, 1.5791015625, 4.1796875, 9.078125, 9.21875, 3.5625, 8.2890625, 1.912109375, 5.6484375, 1.36328125, 2.25390625, 4.70703125, 3.546875, 0.79833984375, 11.375, 6.015625, 0.320068359375, 2.140625, 7.07421875, 6.359375, 5.58203125, 5.390625, 8.046875, 9.859375, 9.03125, 3.732421875, 3.361328125, 0.79443359375, 9.5546875, 0.572265625, 0.003765106201171875, 1.142578125, 1.1337890625, 0.003940582275390625, 7.91796875, 2.904296875, 0.97021484375, 10.890625, 1.0537109375, 0.242919921875, 0.0058135986328125, 0.12939453125, 0.0008788108825683594, 0.01486968994140625, 0.0001004934310913086, 2.586841583251953e-05, 1.021484375, 0.00445556640625, 0.0015897750854492188, 4.60546875, 0.82177734375, 5.109375, 11.9375, 0.2486572265625, 1.02734375, 0.76611328125, 11.578125, 0.2115478515625, 5.70703125, 1.7177734375, 0.81787109375, 5.40234375]",-0.19655669698348444
400,0,test,3.5265765868551364,1.7010225989922805,2.2895250397982165,5.846069912437709,2.8198159862489485,3.7953871465111377,34.00734690979146,27.801114665527624,30.561907152999186,56.37459521287577,46.086411559633035,50.663027293897976,3.571479192331209,1.665475499338561,2.2934229333829097,5.760450310211628,2.686250805384776,3.6990692473917903,35.569167898343935,28.84301266266139,31.97951231917247,57.36962564249022,46.52098816558289,51.57985857931044,3.5265765868551364,1.7010225989922805,2.2895250397982165,5.846069912437709,2.8198159862489485,3.7953871465111377,34.00734690979146,27.801114665527624,30.561907152999186,56.37459521287577,46.086411559633035,50.663027293897976,0.7939698492462312,0.01896984924623113,0.00896984924623112,0.6130653266331658,-0.02193467336683419,-0.016934673366834185,0.457286432160804,-0.012713567839195972,-0.012713567839195972,0.4186991869918699,0.08807038374643383,0.1578883761810591,0.39591836734693875,0.40201005025125625,0.06366418558960207,0.1382370953263815,0.3939393939393939,0.4186991869918699,0.08807038374643383,0.1578883761810591,0.39591836734693875,26.0,3.0,-1.0,39.0,0.0,3.0,44.0,-2.0,-3.0,0.00028512581667923493,8.544765461178107e-05,8.476689578297863e-05,-1.699666395538202e-05,-9.033858156382024e-05,-0.00010696492421935488,"[4.05859375, 7.23046875, 8.6640625, 0.705078125, 2.74609375, 7.46484375, 2.33203125, 1.4296875, 9.984375, 10.2734375, 1.83203125, 5.9765625, 3.798828125, 5.16796875, 3.1171875, 0.006305694580078125, 2.13671875, 1.42578125, 1.8154296875, 4.91015625, 6.03125, 4.20703125, 0.6513671875, 1.1474609375, 3.76171875, 4.10546875, 5.08203125, 1.1279296875, 0.10009765625, 6.796875, 1.923828125, 4.6640625, 5.9921875, 1.591796875, 6.54296875, 8.859375, 2.607421875, 8.984375, 10.7734375, 2.046875, 2.58203125, 1.814453125, 3.77734375, 1.4462890625, 0.7080078125, 3.48828125, 4.83984375, 0.52880859375, 8.1640625, 1.3896484375, 1.0712890625, 2.951171875, 5.65234375, 1.9150390625, 4.5625, 0.031768798828125, 5.7109375, 0.97314453125, 0.3349609375, 7.109375, 5.109375, 6.12890625, 0.46630859375, 3.267578125, 11.4609375, 2.48828125, 5.73828125, 0.1353759765625, 0.7119140625, 5.91796875, 4.2421875, 0.67578125, 5.40234375, 0.0187225341796875, 0.005123138427734375, 5.890625, 0.08843994140625, 3.07421875, 2.095703125, 2.86328125, 6.015625, 4.5234375, 1.486328125, 1.3427734375, 0.047454833984375, 3.46875, 0.036834716796875, 0.0090179443359375, 10.1875, 0.033203125, 0.06756591796875, 3.98046875, 8.875, 0.9951171875, 10.875, 8.625, 4.73828125, 2.16796875, 3.09765625, 5.82421875, 1.3896484375, 4.93359375, 0.37939453125, 7.13671875, 1.5673828125, 1.6865234375, 4.3046875, 2.1171875, 6.453125, 3.310546875, 0.3994140625, 3.8671875, 1.447265625, 3.060546875, 2.755859375, 1.8330078125, 1.376953125, 10.4453125, 0.3525390625, 1.5029296875, 4.15234375, 0.6953125, 0.008636474609375, 0.0024280548095703125, 2.654296875, 6.53125, 0.515625, 9.03125, 0.162841796875, 11.578125, 1.8798828125, 1.4228515625, 0.07232666015625, 0.00015687942504882812, 2.767578125, 8.625, 7.6953125, 12.6796875, 8.4609375, 5.8046875, 2.099609375, 3.83203125, 1.7119140625, 5.171875, 0.162353515625, 1.0341796875, 0.0135040283203125, 0.00487518310546875, 0.6689453125, 1.708984375, 7.71875, 0.943359375, 6.05078125, 4.66796875, 4.61328125, 6.1640625, 6.8515625, 5.125, 2.201171875, 6.02734375, 6.16015625, 2.521484375, 2.236328125, 2.12890625, 2.84375, 7.5078125, 3.193359375, 3.16015625, 2.40234375, 6.91796875, 1.5126953125, 0.2364501953125, 5.71875, 3.51171875, 2.21484375, 1.7626953125, 0.08416748046875, 0.56787109375, 2.822265625, 6.96875, 4.00390625, 8.4921875, 2.318359375, 0.64111328125, 6.66796875, 2.103515625, 6.12109375, 1.5849609375, 4.29296875, 5.75, 2.408203125, 0.62744140625, 2.193359375, 0.01453399658203125, 0.00681304931640625, 2.046875, 4.6640625, 10.34375, 1.4951171875, 5.11328125, 0.224365234375, 1.45703125, 1.3359375, 2.6953125, 7.6484375, 3.947265625, 8.6015625, 7.40234375, 1.697265625, 4.67578125, 8.7109375, 0.429443359375, 9.0703125, 0.990234375, 2.796875, 4.97265625, 5.85546875, 5.51171875, 6.12109375, 9.5, 0.16845703125, 0.50634765625, 0.59765625, 0.024261474609375, 3.546875, 4.8671875, 1.697265625, 0.9130859375, 2.15625, 5.10546875, 0.5380859375, 1.3818359375, 1.1904296875, 0.00431060791015625, 0.000415802001953125, 2.634765625, 1.5634765625, 5.375, 0.005161285400390625, 0.031646728515625, 2.591796875, 3.1171875, 6.1484375, 2.607421875, 5.85546875, 0.7685546875]",-0.7218174255960355
465,0,test,2.7377966252850814,1.1674237337919293,1.563510451116863,4.8490328288631295,2.0676758668155566,2.769202590037827,15.452899030945904,10.644458144729583,12.217066732390995,27.369313706550955,18.852871141909112,21.6381878444338,2.916683564833061,1.163007617022288,1.650911044630832,4.487205484358555,1.789242487726597,2.539863145585895,18.479898334768436,12.704103112170195,14.934067430433478,28.43061282272067,19.544774018723377,22.97548835451304,2.8128298509081073,1.1868619705858467,1.6731940989207816,4.714239973589007,1.9891541406466708,2.8042359199789635,16.65698838029967,11.573651661785714,13.531358726877286,27.916740302178216,19.397181556065444,22.678254849515007,0.6381909547738693,-0.021809045226130586,-0.016809045226130692,0.5276381909547738,0.01263819095477381,-0.002361809045226204,0.39698492462311563,-0.0030150753768843908,-0.018015075376884404,0.4056338028169014,0.09621045541887052,0.14561425247477044,0.37853107344632764,0.40201005025125625,0.09123310789536654,0.1382370953263815,0.3787878787878788,0.42140468227424754,0.11255660214069163,0.17446363666801845,0.38926174496644295,18.0,6.0,5.0,28.0,12.0,12.0,39.0,14.0,15.0,0.0009991035582582494,-2.024636816211909e-05,3.931691125776249e-05,-0.006132625377585299,-0.007088270903325977,-0.006633081113783135,"[2.88671875, 6.2109375, 8.8828125, 14.1640625, 5.51953125, 3.109375, 0.93505859375, 7.534027099609375e-05, 1.1337890625, 0.005161285400390625, 0.0246734619140625, 2.10546875, 8.8515625, 0.055206298828125, 6.9765625, 2.072265625, 6.953125, 0.035247802734375, 1.0234375, 3.537109375, 4.75390625, 0.07733154296875, 0.662109375, 2.671875, 0.7578125, 1.482421875, 3.591796875, 3.30078125, 2.8046875, 0.7822265625, 3.0625, 0.91796875, 9.1015625, 11.5703125, 3.09765625, 1.4677734375, 3.626953125, 0.3876953125, 0.1573486328125, 1.033203125, 3.08984375, 6.078125, 0.4892578125, 0.022674560546875, 0.0061798095703125, 0.021392822265625, 0.07659912109375, 0.13818359375, 5.0859375, 1.373046875, 2.439453125, 0.0234832763671875, 3.873046875, 4.46875, 2.73046875, 0.740234375, 5.07421875, 10.9375, 3.58203125, 2.5859375, 0.98095703125, 3.515625, 0.74560546875, 0.004428863525390625, 7.0625, 1.666015625, 7.8984375, 1.607421875, 5.5390625, 2.693359375, 1.9345703125, 0.034271240234375, 7.34375, 3.333984375, 0.0008616447448730469, 0.00492095947265625, 0.00774383544921875, 0.07379150390625, 4.24609375, 1.416015625, 7.375, 4.328125, 2.892578125, 0.037506103515625, 8.453125, 5.0625, 3.2109375, 0.4501953125, 7.078125, 4.3828125, 7.25, 1.046875, 0.84130859375, 0.2025146484375, 0.026947021484375, 5.66796875, 1.5517578125, 4.83984375, 1.1357421875, 0.1190185546875, 0.0243988037109375, 0.1939697265625, 0.2138671875, 7.05859375, 1.8134765625, 2.666015625, 0.00524139404296875, 3.513671875, 3.73046875, 5.7421875, 0.421142578125, 4.8046875, 3.0234375, 6.0546875, 0.8818359375, 10.4921875, 1.1650390625, 2.494140625, 9.2734375, 1.8193359375, 0.75732421875, 2.552734375, 0.0010004043579101562, 0.005550384521484375, 0.01290130615234375, 0.0199737548828125, 4.65625, 2.17578125, 3.8828125, 4.65625, 1.19921875, 1.9912109375, 1.66015625, 0.8369140625, 8.6171875, 2.078125, 2.68359375, 1.5556640625, 0.0265655517578125, 5.734375, 1.4775390625, 3.2421875, 1.044921875, 4.6796875, 3.775390625, 4.33984375, 2.806640625, 2.357421875, 0.005672454833984375, 1.5986328125, 8.0859375, 1.76953125, 0.1456298828125, 0.043060302734375, 6.13671875, 0.07952880859375, 0.28955078125, 2.390625, 1.6591796875, 0.00022280216217041016, 1.7001953125, 6.75, 0.00287628173828125, 0.0232391357421875, 0.00786590576171875, 0.389404296875, 0.0010499954223632812, 0.01470184326171875, 2.87109375, 7.06640625, 3.482421875, 0.50830078125, 3.939453125, 11.75, 8.28125, 0.9091796875, 4.0625, 0.78173828125, 5.46875, 3.2109375, 4.83984375, 2.2578125, 7.06640625, 3.03515625, 7.41015625, 1.837890625, 0.861328125, 1.7236328125, 8.328125, 3.6640625, 5.109375, 4.34765625, 2.962890625, 4.8984375, 0.1307373046875, 0.9921875, 1.466796875, 0.0003573894500732422, 0.0007729530334472656, 0.0158843994140625, 0.011444091796875, 3.259765625, 0.419921875, 0.016693115234375, 0.0002949237823486328, 0.002063751220703125, 0.0560302734375, 0.0216827392578125, 4.734375, 2.244140625, 3.453125, 0.57568359375, 0.010162353515625, 0.0283355712890625, 0.006771087646484375, 4.75, 4.5625, 5.1640625, 0.335693359375, 0.06854248046875, 1.5, 6.35546875, 0.01222991943359375, 0.638671875, 0.2353515625, 0.378662109375, 2.841796875, 0.00021064281463623047, 0.03173828125, 0.9794921875, 0.0030841827392578125, 0.0008740425109863281, 2.1457672119140625e-06, 2.384185791015625e-07, 0.0002053976058959961, 1.8715858459472656e-05, 5.602836608886719e-06, 1.6533203125, 2.421875, 1.2509765625, 7.80078125, 0.06689453125, 1.666015625, 5.4140625, 0.380859375, 6.5, 4.828125, 1.4375, 0.1768798828125, 2.912109375, 7.27734375, 6.2421875, 3.064453125, 7.7109375, 7.46484375, 3.212890625, 1.8837890625, 1.8037109375, 7.1875, 2.12890625, 12.3125, 5.96875, 3.677734375, 5.21484375, 0.76611328125, 3.109375, 0.00791168212890625, 3.72265625, 2.208984375, 4.8984375, 0.00359344482421875, 5.140625, 5.546875, 1.177734375, 1.8115234375, 4.0859375, 3.859375, 1.1298828125, 3.365234375, 7.6875, 0.01210784912109375, 1.2314453125, 8.625, 0.5927734375, 10.2421875, 8.046875, 5.87890625, 0.0037441253662109375, 0.0006513595581054688, 0.0084381103515625, 0.007122039794921875, 4.16015625, 0.951171875, 0.43017578125, 1.7626953125, 5.66015625, 2.470703125, 0.1815185546875, 6.23828125, 0.069580078125, 2.912109375, 6.3515625, 2.10546875, 4.6796875, 1.0390625, 0.0012254714965820312, 0.0016584396362304688, 0.00928497314453125, 0.004100799560546875, 3.853515625, 0.4072265625, 0.016876220703125, 0.00028824806213378906, 0.0007119178771972656, 0.01032257080078125, 0.0110321044921875, 3.669921875, 0.861328125, 5.58203125, 2.3046875, 0.18896484375, 5.31640625, 9.9609375, 9.5078125, 3.646484375, 3.755859375, 0.7060546875, 2.353515625, 2.267578125, 0.0833740234375, 7.171875, 1.8193359375, 1.6455078125, 6.0703125, 0.2294921875, 0.11749267578125, 0.006866455078125, 0.007595062255859375, 0.00653839111328125, 2.314453125, 1.50390625, 11.359375, 0.0068206787109375, 5.87109375, 0.14501953125, 4.21875, 4.0703125, 1.6884765625, 0.76171875, 0.7802734375, 0.216552734375, 0.6328125, 10.6875, 0.11236572265625, 2.126953125]",-1.0618526133013444
464,0,test,4.343209266662598,2.020003246224445,2.7671363194583343,7.148760594196202,3.3248500636613536,4.554603258735769,76.95410973050667,66.74575965302894,72.11818220007517,126.66359676139298,109.86103296927125,118.70384026720448,4.177025514631415,1.9162411431765025,2.6208211568234727,6.4760085498161475,2.970916501048841,4.06328861523019,65.17171231778688,55.58110350071622,60.430919618751794,101.04141444618121,86.1722534894825,93.69134824612681,4.379439763047478,2.051682769786166,2.801030809072108,7.20839464104088,3.3769933788405835,4.6103923254913575,79.79331771541473,69.53840383924047,74.946080220594,131.3368272955584,114.45762122607904,123.3584550214746,0.7638190954773869,-0.0061809045226131065,-0.016180904522613115,0.6582914572864322,-0.0067085427135678,0.018291457286432222,0.5477386934673367,0.012738693467336804,0.0027386934673367946,0.446969696969697,0.11993756086383689,0.18752385314098163,0.4828897338403042,0.44723618090452266,0.1239279102278309,0.18179377689784482,0.4747474747474747,0.446969696969697,0.1180472016955949,0.19004274482863903,0.4790874524714829,22.0,0.0,-1.0,34.0,0.0,1.0,43.0,-2.0,-2.0,-2.274745928562982e-05,-0.0005288252811707528,-0.00034192796651597924,-0.000141735257445319,-0.00018927773293242467,8.23537205478786e-05,"[1.76953125, 4.3671875, 0.004657745361328125, 0.0254669189453125, 5.2890625, 4.375, 4.828125, 2.720703125, 0.7158203125, 7.23828125, 5.1796875, 5.359375, 0.90185546875, 11.7265625, 1.677734375, 2.1640625, 6.203125, 0.09466552734375, 10.96875, 0.01161956787109375, 2.798828125, 2.271484375, 9.4765625, 6.953125, 3.05078125, 0.77587890625, 3.38671875, 0.283447265625, 3.1953125, 1.8984375, 1.62890625, 0.9052734375, 9.4296875, 2.234375, 1.6640625, 7.03515625, 3.689453125, 1.0546875, 4.15234375, 3.044921875, 2.587890625, 5.40234375, 7.60546875, 3.451171875, 12.203125, 0.1124267578125, 0.04974365234375, 0.346435546875, 1.0390625, 2.71484375, 4.29296875, 8.6328125, 5.4921875, 6.0703125, 0.77685546875, 4.42578125, 0.00804901123046875, 1.30078125, 6.4296875, 1.0546875, 2.265625, 8.890625, 7.8203125, 1.55859375, 1.15625, 0.004962921142578125, 2.2734375, 0.91650390625, 0.008087158203125, 0.0026760101318359375, 0.000591278076171875, 4.5390625, 4.13671875, 9.6171875, 0.0704345703125, 0.494384765625, 8.6328125, 5.71484375, 6.14453125, 1.5498046875, 10.4609375, 6.30859375, 3.685546875, 0.0596923828125, 6.0, 3.595703125, 3.541015625, 6.953125, 3.26953125, 2.591796875, 7.19140625, 6.8828125, 2.177734375, 0.0943603515625, 2.4296875, 0.005279541015625, 4.1328125, 12.8984375, 8.7265625, 3.34765625, 7.8515625, 10.1171875, 6.15625, 0.2406005859375, 2.087890625, 5.20703125, 8.5859375, 2.705078125, 2.13671875, 1.3466796875, 2.0390625, 3.990234375, 1.8310546875, 0.428466796875, 3.451171875, 2.16015625, 0.0064849853515625, 0.98876953125, 0.049835205078125, 0.0221099853515625, 0.002727508544921875, 0.00018787384033203125, 7.15625, 6.890625, 1.0810546875, 15.6328125, 9.6640625, 8.5625, 3.73828125, 10.2890625, 4.71875, 11.2265625, 5.015625, 4.88671875, 9.875, 1.076171875, 11.1484375, 8.109375, 0.95849609375, 0.51708984375, 9.8125, 4.1171875, 0.92041015625, 2.84765625, 5.28515625, 0.95947265625, 5.94140625, 8.4765625, 6.46484375, 2.744140625, 8.34375, 2.51953125, 0.0010652542114257812, 7.34765625, 7.16015625, 1.7275390625, 1.595703125, 7.9375, 0.087646484375, 10.9921875, 12.265625, 7.17578125, 7.79296875, 3.90234375, 1.240234375, 5.91015625, 0.01242828369140625, 0.5087890625, 11.875, 4.8203125, 1.8466796875, 8.0625, 6.23046875, 6.875, 5.37890625, 14.3515625, 0.76904296875, 3.48828125, 8.109375, 4.53125, 0.1776123046875, 1.5078125, 2.369140625, 6.84765625, 0.0172576904296875, 0.798828125, 5.0, 1.9072265625, 0.004673004150390625, 0.006855010986328125, 0.71630859375, 6.234375, 5.1171875, 4.4296875, 5.71875, 4.39453125, 5.49609375, 5.5234375, 1.7890625, 2.05859375, 13.390625, 5.82421875, 0.91796875, 7.37890625, 2.189453125, 10.03125, 13.171875, 6.09375, 1.20703125, 5.29296875, 0.31640625, 7.9453125, 10.21875, 8.421875, 1.033203125, 2.75390625, 0.359130859375, 2.212890625, 1.9072265625, 5.93359375, 2.6640625, 4.0625, 0.80224609375, 9.6328125, 2.44140625, 0.70458984375, 9.5625, 8.25, 2.0234375, 5.03515625, 4.08984375, 2.595703125, 1.7802734375, 9.03125, 0.71826171875, 0.818359375, 1.1171875, 9.6328125, 2.921875, 4.31640625, 4.76171875, 0.45166015625, 3.87109375, 4.6796875, 1.4404296875, 5.36328125, 5.82421875, 0.43896484375, 8.21875, 9.6484375, 4.671875, 6.39453125, 9.921875, 4.140625, 3.388671875, 1.8701171875, 10.9375, 5.34765625, 0.63232421875, 12.6328125, 7.32421875, 2.4765625, 4.17578125, 8.0]",-0.7607245445251465
450,0,test,4.119700236492847,1.9332684112124183,2.6452724495498923,6.437031619520073,3.0207318925194038,4.1332382024217065,61.54079181559341,52.63740428904837,57.17225649094293,96.1574872118647,82.24594420163808,89.33165076709834,4.1068821815989125,1.8989776470677948,2.616913416836862,5.952003161737554,2.7521415174895574,3.792628140343278,60.756992689648364,51.660357966061824,56.32003576221456,88.05361259369329,74.87008400878526,81.62324023509356,4.119700236492847,1.9332684112124183,2.6452724495498923,6.437031619520073,3.0207318925194038,4.1332382024217065,61.54079181559341,52.63740428904837,57.17225649094293,96.1574872118647,82.24594420163808,89.33165076709834,0.8040201005025126,-0.005979899497487451,-0.0009798994974873354,0.6934673366834171,-0.0015326633165829717,-0.0015326633165829717,0.5477386934673367,-0.002261306532663321,-0.002261306532663321,0.42971887550200805,0.0790174726963968,0.16269617857276908,0.44354838709677424,0.42211055276381915,0.07123335978136303,0.1499903524299293,0.43939393939393945,0.42971887550200805,0.0790174726963968,0.16269617857276908,0.44354838709677424,25.0,0.0,0.0,38.0,0.0,-1.0,49.0,-1.0,0.0,-0.00010319520772302996,-6.227264895678333e-05,-1.8702426295199717e-05,-3.7786429536446065e-05,-0.00010682844012599446,0.00013492207507859177,"[3.96484375, 7.8203125, 0.04852294921875, 0.059326171875, 1.921875, 10.1171875, 4.03125, 2.66796875, 7.0703125, 5.3359375, 4.09765625, 0.477294921875, 2.923828125, 2.88671875, 3.9921875, 0.07177734375, 0.5, 0.93701171875, 11.390625, 0.02923583984375, 5.11328125, 1.201171875, 5.125, 0.9365234375, 11.4453125, 6.3984375, 4.00390625, 4.72265625, 8.1484375, 9.015625, 6.01953125, 2.2265625, 5.15234375, 6.98046875, 3.615234375, 4.53125, 6.6875, 2.484375, 4.33984375, 2.650390625, 1.5625, 5.04296875, 6.640625, 0.06884765625, 0.8408203125, 1.1376953125, 8.5703125, 8.0859375, 2.654296875, 6.12109375, 0.78369140625, 1.896484375, 3.0625, 2.759765625, 2.60546875, 3.439453125, 7.66015625, 7.39453125, 0.264404296875, 0.52392578125, 4.19921875, 1.1826171875, 0.8193359375, 2.05859375, 1.677734375, 1.16015625, 0.7763671875, 1.373046875, 11.8515625, 4.9296875, 5.2109375, 0.89501953125, 12.6953125, 3.068359375, 0.6044921875, 7.578125, 3.7421875, 2.642578125, 3.3125, 5.7421875, 0.274169921875, 10.21875, 2.96484375, 2.12109375, 5.359375, 0.3671875, 12.0078125, 9.5, 0.07781982421875, 8.90625, 0.9619140625, 1.630859375, 0.01096343994140625, 1.2158203125, 6.2734375, 5.50390625, 7.6328125, 2.7578125, 8.6328125, 5.203125, 0.10260009765625, 8.703125, 1.4306640625, 2.3125, 0.01157379150390625, 9.84375, 2.50390625, 2.052734375, 8.4375, 0.362548828125, 2.4375, 11.6796875, 10.9296875, 3.322265625, 2.60546875, 7.0390625, 1.1572265625, 0.92578125, 6.734375, 3.037109375, 2.5703125, 1.9921875, 7.34375, 10.3828125, 3.890625, 3.328125, 1.669921875, 4.6328125, 5.7578125, 0.2325439453125, 0.1737060546875, 2.4375, 4.79296875, 3.205078125, 8.21875, 3.37109375, 5.0703125, 0.72802734375, 0.4873046875, 4.9375, 5.31640625, 4.04296875, 2.578125, 5.82421875, 2.576171875, 0.7080078125, 1.8056640625, 7.49609375, 0.435546875, 9.4453125, 1.3544921875, 1.9970703125, 4.8984375, 1.8310546875, 6.62890625, 1.3818359375, 4.0078125, 5.3359375, 0.0053558349609375, 8.5, 8.296875, 0.2120361328125, 2.982421875, 8.21875, 6.52734375, 6.98046875, 6.51171875, 0.110107421875, 3.8671875, 6.8984375, 3.435546875, 1.0048828125, 0.0179290771484375, 5.7734375, 1.2392578125, 4.48046875, 5.8125, 2.6015625, 0.77490234375, 1.8486328125, 5.55859375, 4.46875, 3.076171875, 0.09722900390625, 2.466796875, 4.99609375, 1.107421875, 0.00986480712890625, 2.828125, 5.88671875, 3.451171875, 8.078125, 2.7734375, 9.703125, 12.40625, 4.54296875, 4.4609375, 7.890625, 8.53125, 2.037109375, 11.046875, 6.99609375, 5.83984375, 9.3125, 8.5859375, 0.01448822021484375, 2.818359375, 1.736328125, 0.0064849853515625, 6.859375, 3.291015625, 4.02734375, 5.74609375, 9.8984375, 6.80078125, 2.232421875, 8.703125, 8.765625, 2.2734375, 1.7197265625, 2.87890625, 1.9755859375, 1.2431640625, 5.0859375, 4.71875, 0.449951171875, 0.38232421875, 7.7734375, 1.029296875, 5.64453125, 2.294921875, 4.4921875, 5.82421875, 3.984375, 0.939453125, 3.48828125, 1.0771484375, 6.796875, 0.64990234375, 2.373046875, 4.0625, 7.3671875, 7.93359375, 0.6826171875, 5.921875, 0.1644287109375, 2.81640625, 2.00390625, 6.69140625]",-0.91462631685188
46,0,test,3.2421879984118456,1.3663785917983453,1.916367038702717,5.9561543566329975,2.510144941112691,3.5205169755943175,25.58965065384999,19.06355140280035,21.824375428099195,47.01020092027498,35.02124330739166,40.0930941853283,3.469402097577426,1.382559355993604,2.005773712355209,5.6413042237031314,2.248063993485535,3.2614206704962747,32.11753355168589,24.058104299850704,27.795921964743357,52.22363179135917,39.11886878024505,45.19662108088351,3.2988042341028168,1.4166309619763118,1.9827143796131073,5.787375849303188,2.4853174771514244,3.4784462800229954,27.080237927515967,20.51247502819142,23.35142529277899,47.50918934651924,35.986798295072674,40.96741279434911,0.728643216080402,0.008643216080401972,0.013643216080401865,0.5728643216080402,-0.012135678391959726,-0.0021356783919597166,0.4773869346733668,-0.007613065326633195,-0.007613065326633195,0.4141104294478528,0.08179802515995083,0.14370226618254667,0.39692307692307693,0.4321608040201005,0.09632120502260677,0.15503225644080165,0.4242424242424242,0.4247491638795987,0.1042149401734217,0.16223525954144524,0.3993288590604027,24.0,8.0,8.0,37.0,8.0,8.0,46.0,11.0,10.0,0.0008687782213323441,0.00021192081209982176,0.000344188220012433,-0.004275114985169637,-0.0034972681244216375,-0.004323129297281625,"[9.234375, 3.078125, 3.15234375, 4.7890625, 1.5849609375, 6.3515625, 4.9140625, 0.0885009765625, 0.4912109375, 3.1875, 0.00739288330078125, 6.00390625, 2.4609375, 2.505859375, 5.87890625, 0.732421875, 0.74169921875, 3.689453125, 4.6875, 2.130859375, 0.009429931640625, 7.578125, 5.234375, 0.04791259765625, 5.390625, 0.5849609375, 0.01313018798828125, 0.0008664131164550781, 3.69140625, 0.572265625, 11.5546875, 3.828125, 2.962890625, 6.69921875, 1.529296875, 10.65625, 1.5986328125, 1.185546875, 5.42578125, 0.86083984375, 0.00562286376953125, 0.004863739013671875, 6.4765625, 8.03125, 9.421875, 0.0229949951171875, 9.1484375, 11.1796875, 2.376953125, 8.125, 6.484375, 5.140625, 1.73828125, 1.2412109375, 1.861328125, 6.12890625, 0.042236328125, 4.33203125, 5.5390625, 1.1015625, 10.421875, 0.205078125, 5.09765625, 4.171875, 5.2421875, 1.5654296875, 0.033966064453125, 6.68359375, 3.5234375, 7.328125, 0.1365966796875, 0.80810546875, 8.3671875, 0.034423828125, 1.1767578125, 3.62109375, 8.015625, 5.1328125, 1.873046875, 3.0078125, 5.08984375, 0.73193359375, 9.265625, 0.62548828125, 3.388671875, 5.08984375, 2.5859375, 4.66796875, 2.01953125, 6.26953125, 1.7548828125, 8.809566497802734e-05, 0.3369140625, 1.9462890625, 5.140625, 0.57373046875, 3.677734375, 0.81640625, 4.83203125, 1.8984375, 0.379638671875, 8.8203125, 6.36328125, 3.9765625, 0.019989013671875, 0.09405517578125, 1.4287109375, 9.1796875, 0.9658203125, 1.81640625, 6.06640625, 4.89453125, 0.53466796875, 8.2109375, 6.8359375, 0.0013494491577148438, 3.216796875, 2.5234375, 2.77734375, 0.006160736083984375, 9.1015625, 5.79296875, 5.234375, 9.1796875, 1.9462890625, 0.01439666748046875, 0.259765625, 0.274658203125, 2.501953125, 4.83984375, 1.22265625, 4.90625, 1.5029296875, 7.0859375, 4.6171875, 0.416015625, 5.44140625, 1.8056640625, 2.005859375, 3.130859375, 2.7578125, 4.04296875, 0.126708984375, 0.75, 1.8369140625, 0.0021572113037109375, 5.0703125, 2.38671875, 4.01171875, 0.060791015625, 12.34375, 0.021148681640625, 2.7265625, 10.328125, 0.1966552734375, 7.11328125, 4.9453125, 10.03125, 2.626953125, 7.52734375, 0.169189453125, 2.6796875, 2.50390625, 2.037109375, 6.91015625, 1.4560546875, 1.1044921875, 3.2265625, 6.56640625, 1.064453125, 0.15380859375, 7.703125, 0.68359375, 6.47265625, 6.08984375, 0.340576171875, 0.48291015625, 0.01035308837890625, 5.6015625, 1.4169921875, 0.000675201416015625, 0.300537109375, 6.21484375, 0.00013196468353271484, 4.98046875, 0.2958984375, 3.205078125, 1.0048828125, 8.3359375, 0.41650390625, 1.51171875, 5.9140625, 4.38671875, 1.4462890625, 4.91796875, 1.9091796875, 2.6953125, 1.013671875, 5.89453125, 0.114501953125, 0.0244598388671875, 0.0014657974243164062, 1.880859375, 0.00037550926208496094, 0.98583984375, 3.111328125, 2.97265625, 2.66015625, 4.03515625, 0.865234375, 2.794921875, 3.607421875, 0.00722503662109375, 4.80859375, 0.708984375, 1.7294921875, 5.16796875, 0.30126953125, 13.3671875, 4.02734375, 3.392578125, 2.537109375, 0.81494140625, 7.18359375, 4.59375, 1.30078125, 8.6171875, 0.407470703125, 0.9716796875, 6.78125, 0.94970703125, 6.7890625, 4.58203125, 0.0970458984375, 2.583984375, 7.73046875, 6.0, 0.4775390625, 8.1484375, 9.8671875, 6.2265625, 3.46484375, 5.546875, 2.42578125, 1.1728515625, 7.8359375, 1.45703125, 1.216796875, 3.658203125, 1.7744140625, 0.00011241436004638672, 0.3310546875, 4.19140625, 0.00041484832763671875, 0.74853515625, 3.27734375, 0.8876953125, 2.462890625, 5.03515625, 0.07476806640625, 5.37109375, 0.0210113525390625, 0.0088043212890625, 0.0016422271728515625, 1.65234375, 3.647804260253906e-05, 0.2132568359375, 3.568359375, 1.895427703857422e-05, 0.0247955322265625, 0.4365234375, 7.4296875, 0.04022216796875, 2.38671875, 8.6953125, 6.38671875, 0.061126708984375, 6.37890625, 0.47265625, 3.951171875, 1.515625, 1.6484375, 5.3125, 0.33740234375, 1.9072265625, 1.2431640625, 5.69921875, 0.07025146484375, 1.1630859375, 4.00390625, 0.505859375, 0.98291015625, 10.78125, 2.1171875, 0.7646484375, 8.5546875, 4.4140625, 6.140625, 8.734375, 1.2998046875, 1.83984375, 3.943359375, 1.169921875, 3.3515625, 0.3974609375, 3.318359375, 3.21875, 4.85546875, 4.29296875, 0.181396484375, 0.1378173828125, 2.37109375, 0.66748046875, 0.58203125, 3.201171875, 1.6435546875, 0.00015866756439208984, 0.78515625, 0.5869140625, 10.234375, 0.0166015625, 0.010772705078125, 10.453125, 0.1890869140625, 0.5625, 5.74609375]",-0.3131375097058302
45,0,test,3.960091431651797,1.7925831125518403,2.475414626010604,6.14798725024395,2.782960522801476,3.843047016071712,52.462122428331085,43.72563407143066,48.04858367691138,81.44672045503334,67.88344295067412,74.59476250393423,3.846461024116631,1.544755278589311,2.2472046218525756,5.342306977939765,2.1454934424851544,3.1211175303507996,46.827049846068356,36.83583945560879,41.87769911635052,65.03756923065049,51.16088813278998,58.163470994931274,3.960091431651797,1.7925831125518403,2.475414626010604,6.14798725024395,2.782960522801476,3.843047016071712,52.462122428331085,43.72563407143066,48.04858367691138,81.44672045503334,67.88344295067412,74.59476250393423,0.7236180904522613,-0.0013819095477386467,-0.006381909547738651,0.6130653266331658,0.0030653266331658324,0.0030653266331658324,0.5226130653266332,0.0126130653266332,0.022613065326633208,0.4285714285714286,0.08632543926661573,0.16728876823888705,0.4086021505376344,0.4120603015075377,0.07872696817420433,0.14828734658266296,0.35858585858585856,0.4285714285714286,0.08632543926661573,0.16728876823888705,0.4086021505376344,26.0,4.0,2.0,38.0,3.0,3.0,45.0,3.0,1.0,-0.000214333313279068,-0.0001191295320942897,2.109615023128206e-05,-0.0002526140072118821,0.00017724280649034085,2.6280809047207754e-05,"[9.140625, 6.171875, 9.7578125, 10.6953125, 4.14453125, 7.8359375, 6.25390625, 6.3828125, 2.62890625, 3.013671875, 0.88916015625, 0.01140594482421875, 3.97265625, 0.97705078125, 6.82421875, 3.693359375, 3.40625, 7.92578125, 0.0972900390625, 1.3291015625, 8.0859375, 3.76953125, 2.353515625, 6.27734375, 4.1875, 0.06805419921875, 1.060546875, 0.08868408203125, 2.44921875, 2.87890625, 3.001953125, 13.03125, 3.283203125, 0.2127685546875, 0.0010776519775390625, 5.953125, 1.6708984375, 6.3046875, 3.119140625, 0.2568359375, 1.8642578125, 0.25048828125, 6.0, 3.341796875, 11.3671875, 2.439453125, 8.484375, 1.087890625, 1.2236328125, 3.95703125, 3.67578125, 1.625, 7.3515625, 0.67529296875, 1.56640625, 1.7900390625, 6.9140625, 0.89306640625, 5.0078125, 6.7578125, 5.18359375, 2.0625, 1.498046875, 2.625, 2.361328125, 7.4765625, 6.52734375, 0.99951171875, 2.021484375, 0.0024585723876953125, 2.9765625, 0.5361328125, 13.4453125, 11.5625, 14.15625, 2.99609375, 3.0703125, 4.81640625, 7.703125, 8.2109375, 0.64892578125, 0.73974609375, 3.953125, 5.265625, 1.525390625, 0.455322265625, 5.52734375, 5.06640625, 1.2978515625, 2.607421875, 8.1484375, 3.712890625, 0.763671875, 0.0076141357421875, 0.084228515625, 1.5078125, 0.00033020973205566406, 0.0033588409423828125, 0.79052734375, 3.302734375, 1.529296875, 0.138427734375, 0.3486328125, 3.265625, 7.15625, 5.69140625, 0.7529296875, 9.7734375, 6.91015625, 7.26953125, 1.9541015625, 0.0011310577392578125, 0.07147216796875, 2.349609375, 6.4609375, 0.1673583984375, 6.546875, 0.1463623046875, 6.42578125, 0.52294921875, 9.4375, 0.79833984375, 8.0078125, 0.06231689453125, 0.96142578125, 4.48828125, 11.265625, 0.92431640625, 1.4013671875, 2.732421875, 1.0625, 1.3818359375, 5.1640625, 3.689453125, 0.810546875, 0.368896484375, 5.046875, 3.64453125, 10.8359375, 0.29345703125, 0.015716552734375, 0.16650390625, 7.82421875, 2.607421875, 3.130859375, 2.83203125, 0.42333984375, 7.45703125, 12.15625, 3.138671875, 1.9306640625, 5.69140625, 0.1531982421875, 10.1328125, 8.5390625, 4.94921875, 5.1875, 0.306640625, 7.76953125, 10.609375, 1.421875, 1.3486328125, 0.0019588470458984375, 9.3671875, 0.376708984375, 4.30078125, 2.94140625, 6.375, 0.44384765625, 6.96875, 0.25830078125, 8.3828125, 2.98828125, 6.40625, 2.1796875, 8.671875, 7.19921875, 4.515625, 3.890625, 4.24609375, 0.01073455810546875, 0.1488037109375, 1.40625, 7.14453125, 7.61328125, 5.71875, 3.392578125, 5.7890625, 3.205078125, 9.0859375, 1.6240234375, 0.01522064208984375, 0.040069580078125, 0.95654296875, 0.00359344482421875, 0.0214691162109375, 0.9423828125, 6.1171875, 9.3046875, 8.5390625, 4.30078125, 1.658203125, 6.00390625, 2.912109375, 3.74609375, 2.26953125, 8.71875, 9.171875, 3.9140625, 6.2109375, 4.0078125, 1.2177734375, 1.54296875, 10.15625, 6.71875, 3.87890625, 7.4609375, 7.40625, 0.662109375, 7.4921875, 1.142578125, 0.93701171875, 3.451171875, 9.328125, 6.578125, 2.37890625, 10.1328125, 4.0703125, 5.96875, 4.3203125, 0.005603790283203125, 1.43359375, 0.253662109375, 7.078125, 2.44921875, 5.62890625, 6.17578125, 2.474609375, 4.0078125, 1.5146484375, 4.58984375, 7.24609375, 0.57958984375, 0.13623046875, 2.068359375, 0.257568359375, 7.9609375, 1.46484375, 6.11328125, 2.02734375, 4.59765625, 0.1715087890625, 0.95849609375, 3.94140625, 1.666015625, 4.4140625, 6.72265625, 1.8359375, 2.4375, 10.15625, 8.28125, 0.297119140625, 0.06854248046875, 8.046875, 6.140625, 7.625, 1.455078125, 5.09375, 1.54296875, 7.69921875, 1.0517578125, 3.759765625, 5.515625, 11.3671875, 4.30859375, 0.0014238357543945312, 0.458251953125, 0.344970703125, 7.4453125, 6.83203125]",-0.5393921537058692
455,0,test,3.0257043204555623,1.3030223427514165,1.7956494210608753,5.675239995665297,2.4440473131607647,3.3680559411249926,20.608514599181706,15.008988451339693,17.187097234305615,38.654889545492175,28.151994554674996,32.23742021785972,2.8271263718006,1.084295638491784,1.5532221429533064,5.093921390631711,1.9536858351203312,2.7985984557717227,16.896835769090135,11.183341838514053,13.322053649043243,30.444749133495737,20.150165474800094,24.003700268546382,3.087772193561031,1.3312901261503756,1.8437882229603129,5.7536127830329775,2.480664831336104,3.435630229118596,21.928171796916633,16.136146240660878,18.458763809462045,40.85994744767075,30.067353243467476,34.395212067320585,0.5628140703517588,-0.0021859296482411583,-0.0021859296482411583,0.457286432160804,-0.02271356783919598,-0.012713567839195972,0.42211055276381915,0.007110552763819111,0.012110552763819116,0.44219653179190754,0.14782423741961315,0.19879477226111575,0.4434782608695652,0.4321608040201005,0.12890265865669193,0.17840454358604374,0.4242424242424242,0.4548494983277592,0.1576875617668243,0.21013314682609074,0.46308724832214765,22.0,10.0,10.0,32.0,11.0,13.0,41.0,14.0,15.0,-0.0005096060653645186,8.761704598787301e-05,-0.00029224264584004844,-0.03726229837160222,-0.038090480017750394,-0.03584180809126103,"[2.88671875, 8.2109375, 0.0487060546875, 4.08984375, 0.52587890625, 1.3857421875, 4.61328125, 0.414306640625, 6.4296875, 10.1484375, 1.3896484375, 0.00048422813415527344, 1.001953125, 0.00894927978515625, 0.00699615478515625, 5.00390625, 13.359375, 6.046875, 0.076416015625, 5.828125, 3.65625, 2.78515625, 1.001953125, 4.97265625, 3.57421875, 8.6328125, 0.12353515625, 5.01171875, 5.1328125, 1.1728515625, 0.458251953125, 5.53125, 1.6865234375, 0.697265625, 7.703125, 5.6328125, 4.48046875, 1.1953125, 2.787109375, 6.75, 1.724609375, 5.01953125, 5.953125, 9.765625, 0.98583984375, 1.3759765625, 0.1396484375, 3.814453125, 1.0419921875, 1.73828125, 0.034698486328125, 0.004520416259765625, 0.0251312255859375, 0.0162811279296875, 0.1810302734375, 0.29736328125, 1.466796875, 0.015533447265625, 0.0009889602661132812, 0.0287017822265625, 0.01129150390625, 0.007843017578125, 0.0843505859375, 1.486328125, 0.015716552734375, 0.000701904296875, 0.017120361328125, 0.004062652587890625, 0.003787994384765625, 0.015960693359375, 0.89306640625, 7.2890625, 1.1904296875, 7.95703125, 7.74609375, 1.337890625, 7.61328125, 3.619140625, 4.2578125, 7.15234375, 4.05859375, 1.724609375, 0.5458984375, 5.15625, 3.763671875, 5.1171875, 0.87255859375, 2.462890625, 3.474609375, 0.1824951171875, 4.6953125, 8.03125, 9.1953125, 7.03125, 5.64453125, 0.0186920166015625, 0.0008540153503417969, 0.0172271728515625, 0.0184173583984375, 0.0050201416015625, 4.3046875, 0.73388671875, 0.00809478759765625, 0.0001138448715209961, 0.0016756057739257812, 0.005619049072265625, 0.00017976760864257812, 1.599609375, 0.381591796875, 7.52734375, 4.84375, 0.256591796875, 4.27734375, 8.390625, 4.4609375, 4.671875, 0.010589599609375, 0.00041961669921875, 0.0018520355224609375, 0.0139312744140625, 0.00024628639221191406, 3.296875, 0.346435546875, 0.6533203125, 4.55859375, 0.08935546875, 5.171875, 6.25, 0.05426025390625, 6.1640625, 10.0078125, 4.51171875, 4.48046875, 5.94140625, 6.12890625, 4.2265625, 3.46484375, 0.0084381103515625, 0.0004069805145263672, 0.0008268356323242188, 0.0020732879638671875, 0.00025725364685058594, 0.078369140625, 0.448486328125, 0.00547027587890625, 0.00011408329010009766, 0.00170135498046875, 0.00562286376953125, 3.7550926208496094e-05, 0.033355712890625, 0.806640625, 7.17578125, 3.28515625, 5.953125, 0.17529296875, 3.904296875, 1.18359375, 1.923828125, 0.0024547576904296875, 8.6953125, 0.08612060546875, 3.48828125, 2.51171875, 9.1640625, 3.421875, 1.443359375, 0.0001742839813232422, 4.9453125, 3.26171875, 3.7109375, 1.330078125, 7.5859375, 7.15625, 0.76611328125, 10.3515625, 0.03997802734375, 3.234375, 5.4921875, 0.63671875, 2.0390625, 11.984375, 0.0110626220703125, 1.7802734375, 1.1123046875, 0.0279693603515625, 0.04248046875, 0.703125, 0.11474609375, 4.43359375, 6.28515625, 4.82421875, 0.24365234375, 8.0546875, 7.16015625, 3.212890625, 2.169921875, 7.828125, 0.368896484375, 3.361328125, 1.2353515625, 1.30859375, 6.4140625, 0.7158203125, 8.140625, 0.458251953125, 3.43359375, 3.576171875, 7.1640625, 6.9609375, 0.1806640625, 8.0859375, 1.130859375, 5.0390625, 0.025238037109375, 2.0234375, 4.22265625, 3.0546875, 0.050811767578125, 1.3017578125, 3.826171875, 1.451171875, 8.4140625, 7.07421875, 5.14453125, 1.021484375, 2.26953125, 4.8515625, 1.3232421875, 1.46484375, 2.25390625, 0.04364013671875, 0.02166748046875, 0.015777587890625, 5.55859375, 1.951171875, 9.515625, 0.70751953125, 7.56640625, 2.6484375, 1.66015625, 5.17578125, 5.23828125, 8.3828125, 3.392578125, 1.30859375, 2.810546875, 6.62890625, 5.58203125, 7.5703125, 0.40185546875, 7.09765625, 4.33984375, 3.873046875, 8.1875, 1.916015625, 0.032562255859375, 6.0, 4.796875, 7.69140625, 1.716796875, 9.46875, 0.53662109375, 0.6484375, 0.49072265625, 3.94140625, 6.2578125, 2.548828125, 1.5205078125, 3.55859375, 0.3359375, 0.004703521728515625, 0.001903533935546875, 3.474609375, 4.0390625, 6.6953125, 1.5263671875, 6.93359375, 0.357421875, 9.40625, 3.08203125, 2.37109375, 2.083984375, 9.2109375, 0.271240234375, 7.08984375, 0.81689453125, 3.900390625, 5.89453125, 1.5673828125, 0.326171875, 0.01181793212890625, 0.004024505615234375, 0.002471923828125, 5.0625, 6.37109375, 3.60546875, 8.8984375, 3.935546875, 3.568359375, 7.4921875, 1.533203125, 1.0751953125, 1.1533203125, 6.84765625, 7.28515625, 7.01953125, 0.1356201171875, 2.033203125, 2.00390625, 2.76171875, 2.34375, 6.76171875, 5.8515625, 1.484375, 3.244140625, 6.58984375, 1.2265625, 1.326171875, 4.8359375, 4.23828125, 3.283203125, 0.5791015625, 0.0016565322875976562, 0.0080413818359375, 0.084228515625, 10.0234375, 2.501953125, 0.08636474609375, 2.0742416381835938e-05, 4.649162292480469e-06, 0.0012807846069335938, 1.9311904907226562e-05, 0.0142974853515625, 0.343017578125, 0.0008697509765625, 0.0072021484375, 1.677734375, 0.70654296875, 0.0005469322204589844, 6.90234375, 4.42578125, 0.218505859375, 8.7265625, 0.007160186767578125, 7.8671875, 1.1875]",-0.9225664772739299
311,0,test,3.01548269995161,1.3080688403992942,1.790455706146507,6.176540426797436,2.6792858317144166,3.667347205003535,20.398935129463204,14.88425384949282,16.99467715403635,41.78264643759015,30.48705788482323,34.809786998267555,2.971433277705207,1.1796835926734788,1.6825379779879455,5.167710048182969,2.051623639432137,2.926153005196427,19.519876960367263,13.519935665258032,15.891101329107114,33.94761210498655,23.5129315917531,27.636697963664545,3.0171423949099876,1.3005922666551053,1.791410261012485,6.179939939919078,2.6639717461832153,3.6693023966945377,20.4328192501279,14.86752349853949,17.026159949381817,41.852050464055075,30.452789510801573,34.87427244804414,0.6030150753768844,0.0030150753768843908,-0.0019849246231156137,0.5276381909547738,0.007638190954773805,0.0026381909547738003,0.40201005025125625,0.0020100502512562235,-0.002989949748743781,0.3885135135135135,0.08497219816781365,0.1357045247494686,0.4067796610169492,0.40201005025125625,0.09624563922368734,0.1499232388990025,0.4242424242424242,0.3885135135135135,0.08328585752700424,0.13458092924385057,0.4101694915254237,24.0,6.0,6.0,35.0,4.0,4.0,44.0,4.0,7.0,-5.36073207427396e-05,-0.00020699611301287072,-5.967406514982461e-05,-0.02427606218247469,-0.026707218467373117,-0.027194890987169984,"[2.892578125, 2.212890625, 0.25, 0.0423583984375, 3.719329833984375e-05, 0.7880859375, 0.01218414306640625, 0.01407623291015625, 5.58203125, 6.04296875, 0.135986328125, 4.3515625, 4.62109375, 0.43701171875, 2.638671875, 4.69921875, 0.07470703125, 5.44921875, 7.00390625, 8.5, 0.9189453125, 0.0200653076171875, 5.484375, 4.47265625, 4.6640625, 0.0084075927734375, 7.38671875, 0.3486328125, 0.68896484375, 0.38037109375, -0.0, 1.1920928955078125e-05, 0.0290985107421875, 0.00017404556274414062, 5.245208740234375e-05, 2.3245811462402344e-05, 6.23828125, 4.46875, 4.0546875, 0.10174560546875, 1.455078125, 2.375, 0.029815673828125, 12.3359375, 5.62890625, 0.1844482421875, 4.94921875, 2.4609375, 7.04296875, 0.37353515625, 0.4501953125, 0.47607421875, 6.76953125, 2.908203125, 2.51171875, 1.6552734375, 3.876953125, 7.4296875, 2.4296875, 3.134765625, 6.02734375, 1.6171875, 1.41015625, 6.65234375, 6.39453125, 3.20703125, 0.0003428459167480469, 0.0004286766052246094, 0.00047516822814941406, 5.4836273193359375e-06, 1.9073486328125e-06, 1.71661376953125e-05, 5.70703125, 2.833984375, 5.62890625, 1.220703125, 0.8154296875, 0.05633544921875, -0.0, 3.731250762939453e-05, 0.0002715587615966797, 1.1324882507324219e-05, 1.0848045349121094e-05, 0.0001239776611328125, 4.08203125, 5.27734375, 0.297119140625, 0.38134765625, 5.69921875, 4.58203125, 3.66015625, 9.875, 0.61181640625, 11.5703125, 10.8203125, 2.130859375, 3.203125, 2.896484375, 2.6015625, 5.74609375, 0.9501953125, 1.5009765625, 0.443115234375, 4.29296875, 8.8671875, 2.396484375, 1.892578125, 2.57421875, 8.6953125, 5.46484375, 6.28125, 2.19140625, 2.8046875, 2.873046875, 6.1796875, 1.4970703125, 0.051177978515625, 0.0035266876220703125, 5.9375, 8.1484375, 3.84765625, 2.341796875, 0.01009368896484375, 0.00127410888671875, 0.701171875, 8.9296875, 4.00390625, 7.88671875, 0.01348876953125, 11.7265625, 0.113037109375, 4.9375, 0.21435546875, 0.08551025390625, 6.78515625, 1.986328125, 0.0694580078125, 0.036712646484375, 1.3173828125, 1.3359375, 7.4765625, 4.97265625, 0.77685546875, 11.921875, 8.421875, 9.5703125, 1.42578125, 0.289306640625, 9.548664093017578e-05, 1.0371208190917969e-05, 1.0132789611816406e-05, 1.3113021850585938e-06, 4.76837158203125e-07, 1.990795135498047e-05, 2.69921875, 1.50390625, 0.1846923828125, 0.1578369140625, 3.302734375, 4.48828125, 0.158935546875, 2.052734375, 6.6328125, 2.380859375, 7.40234375, 0.1973876953125, 0.1981201171875, 6.1953125, 0.217041015625, 6.96875, 5.6953125, 0.72998046875, 4.859375, 0.046722412109375, 1.6279296875, 7.79296875, 4.015625, 6.328125, 2.220703125, 5.171875, 3.1875, 2.037109375, 0.90673828125, 1.0185546875, 4.6640625, 3.80859375, 4.59375, 4.23046875, 7.08984375, 11.078125, 2.697265625, 1.177734375, 0.72509765625, 0.004238128662109375, 0.8251953125, 0.71875, 0.2347412109375, 8.1328125, 0.98974609375, 7.5078125, 9.09375, 0.93994140625, 2.732421875, 1.349609375, 0.09991455078125, 1.8271484375, 7.52734375, 0.434814453125, 5.48046875, 0.77685546875, 4.2265625, 5.67578125, 1.9169921875, 1.4375, 1.8359375, 0.0950927734375, 0.42724609375, 5.83203125, 1.36328125, 2.52734375, 5.22265625, 0.0703125, 12.671875, 0.21630859375, 5.24609375, 4.80078125, 0.62451171875, 1.8974609375, 0.0002739429473876953, 2.0859375, 1.6572265625, 7.03125, 1.1220703125, 4.5703125, 1.7197265625, 0.143798828125, 1.154296875, 2.744140625, 3.830078125, 2.185546875, 3.8984375, 7.1640625, 0.1824951171875, 0.055938720703125, 6.4453125, 0.0694580078125, 6.51171875, 8.2421875, 1.2216796875, 1.904296875, 7.4296875, 3.962890625, 0.7744140625, 8.7265625, 0.195068359375, 0.67529296875, 2.041015625, 3.16796875, 10.8984375, 1.046875, 1.234375, 2.166015625, 1.748046875, 3.10546875, 7.56640625, 2.544921875, 0.205078125, 2.7734375, 5.78125, 0.984375, 3.529296875, 5.87109375, 9.53125, 0.011199951171875, 0.1268310546875, 0.80224609375, 1.2490234375, 6.4375, 1.0029296875, 2.681640625, 2.154296875, 2.962890625, 0.6962890625, 1.5, 1.7666015625, 3.95703125, 2.86328125, 1.9306640625, 0.60107421875, 0.6142578125, 8.921875, 3.552734375, 2.193359375, 4.24609375, 1.228515625, 3.23046875]",-0.9045865177302748
352,0,test,3.7893856174343234,1.6936127118492244,2.361738468350648,5.612387346902728,2.508377746198311,3.497926163935555,44.22921826616569,36.09749466962006,40.060339373085284,65.50705840502377,53.46331642959943,59.332610747164146,3.9682836005436117,1.7128526837478573,2.423869138192967,5.628771064600868,2.429578274819656,3.4381122527559818,52.89366622204358,43.35426310842895,48.208438775419424,75.02647691070011,61.49540866443824,68.38076422045307,3.7893856174343234,1.6936127118492244,2.361738468350648,5.612387346902728,2.508377746198311,3.497926163935555,44.22921826616569,36.09749466962006,40.060339373085284,65.50705840502377,53.46331642959943,59.332610747164146,0.7587939698492463,-0.026206030150753734,-0.02120603015075373,0.6482412060301508,-0.0017587939698492372,-0.0017587939698492372,0.5577889447236181,0.0027889447236181253,0.012788944723618134,0.42490842490842495,0.08852816896692584,0.1557245028621399,0.3786764705882353,0.44221105527638194,0.10135892495056742,0.1717603040242951,0.3939393939393939,0.42490842490842495,0.08852816896692584,0.1557245028621399,0.3786764705882353,25.0,1.0,-1.0,39.0,4.0,2.0,47.0,1.0,0.0,0.0002703694558750855,0.0006808982773178697,0.0003349638054266045,-0.00020410455418851114,0.00020435748183800229,5.0812707827141423e-05,"[8.3359375, 2.19921875, 4.3984375, 14.625, 1.970703125, 0.53466796875, 0.0025272369384765625, 5.58203125, 7.29296875, 0.62939453125, 10.953125, 1.18359375, 4.80078125, 1.544921875, 7.7734375, 5.82421875, 11.5390625, 3.123046875, 8.9609375, 0.3564453125, 8.2890625, 10.21875, 2.072265625, 1.912109375, 5.67578125, 3.3046875, 0.0104827880859375, 11.0625, 7.90234375, 7.23828125, 0.5634765625, 0.130126953125, 0.0094451904296875, 7.5703125, 0.257568359375, 1.8486328125, 4.796875, 11.375, 2.837890625, 11.8984375, 8.9765625, 6.05078125, 0.2030029296875, 9.6953125, 6.0390625, 4.8515625, 3.064453125, 8.125, 3.681640625, 1.9306640625, 3.66796875, 0.00366973876953125, 4.953125, 4.15234375, 0.266845703125, 2.658203125, 4.71484375, 3.79296875, 5.15625, 2.958984375, 1.0400390625, 0.00827789306640625, 1.0029296875, 3.693359375, 0.040130615234375, 9.265625, 5.7109375, 1.9970703125, 3.75390625, 8.5625, 1.439453125, 14.015625, 6.96875, 6.5625, 2.23046875, 5.640625, 1.0654296875, 0.303955078125, 6.8203125, 0.3330078125, 1.8232421875, 6.96875, 3.88671875, 1.4931640625, 10.7578125, 9.8984375, 1.708984375, 1.724609375, 1.2998046875, 3.35546875, 2.943359375, 2.087890625, 4.62109375, 2.0390625, 7.2421875, 2.412109375, 9.5078125, 0.94384765625, 2.3984375, 4.13671875, 4.375, 2.986328125, 3.951171875, 0.91162109375, 0.62109375, 0.36474609375, 7.50390625, 5.8984375, 0.49560546875, 3.484375, 3.60546875, 1.3203125, 6.9375, 1.439453125, 0.625, 0.52197265625, 2.794921875, 4.8984375, 6.5546875, 0.006313323974609375, 7.83984375, 0.6044921875, 0.9384765625, 0.8544921875, 2.62109375, 0.0279998779296875, 6.4453125, 0.5986328125, 0.51611328125, 3.53515625, 3.7578125, 10.1484375, 0.438720703125, 4.7109375, 6.1484375, 1.5966796875, 0.268310546875, 5.04296875, 4.6875, 7.640625, 5.66015625, 8.0, 1.6298828125, 0.40185546875, 5.43359375, 1.7685546875, 5.58984375, 0.395751953125, 3.193359375, 0.073974609375, 4.4765625, 3.208984375, 3.06640625, 5.765625, 1.19140625, 0.61279296875, 0.046722412109375, 1.58984375, 5.90625, 2.037109375, 1.583984375, 1.5693359375, 7.99609375, 0.0168304443359375, 5.69140625, 4.34765625, 0.08282470703125, 0.191650390625, 4.73046875, 0.11834716796875, 5.625, 8.0234375, 3.193359375, 8.8515625, 0.347900390625, 6.04296875, 1.0791015625, 7.57421875, 1.5712890625, 2.07421875, 4.8203125, 5.5, 6.03125, 3.310546875, 5.1953125, 4.71484375, 0.447265625, 6.45703125, 0.96337890625, 4.36328125, 7.71484375, 3.49609375, 2.53515625, 5.94140625, 8.1953125, 0.015350341796875, 1.5068359375, 8.9296875, 6.421875, 4.4375, 2.576171875, 8.1875, 0.006282806396484375, 1.1318359375, 12.453125, 0.1444091796875, 5.96484375, 7.01953125, 1.171875, 3.705078125, 1.580078125, 8.625, 0.1435546875, 3.349609375, 6.6171875, 6.484375, 4.51953125, 3.9375, 2.60546875, 0.050933837890625, 0.09857177734375, 0.8564453125, 1.8251953125, 8.46875, 4.04296875, 6.4375, 0.054046630859375, 5.7109375, 7.56640625, 9.1953125, 3.037109375, 2.81640625, 2.431640625, 3.11328125, 1.9873046875, 8.671875, 0.00965118408203125, 2.8984375, 1.52734375, 3.9609375, 2.365234375, 2.484375, 0.01290130615234375, 2.509765625, 0.0111541748046875, 0.0447998046875, 0.46826171875, 8.8515625, 0.0091400146484375, 0.1925048828125, 0.0020084381103515625, 0.02496337890625, 0.60400390625, 1.1083984375, 5.73828125, 3.544921875, 0.385498046875, 0.005298614501953125, 0.058135986328125, 1.7451171875, 1.77734375, 5.546875, 0.296630859375, 1.3046875, 2.16015625, 6.4375, 3.57421875, 10.203125, 1.8232421875, 2.2578125, 7.26953125, 3.6484375, 6.32421875]",-0.6475102298862332
17,0,test,3.056285933386989,1.321551775575065,1.815263870190679,5.435232822077402,2.3502191035902507,3.228226017798559,21.248492111353983,15.581071147420733,17.789344985743558,37.78785894397546,27.70904004054822,31.636186488160163,3.334782405714294,1.346237113113342,1.908647531805068,5.130434470329683,2.071134020174372,2.936380818161643,28.072274192728916,20.767374654793606,23.90969502704252,43.18811414265987,31.94980716122093,36.784146195450035,3.1134319871564373,1.3400550012944568,1.8531788453575544,5.306986341743928,2.28418466129737,3.1588275773140135,22.498125331888097,16.607412668287946,18.97181130002019,38.349077270263805,28.30808977549082,32.338314715943504,0.7386934673366834,-0.0063065326633166,-0.0063065326633166,0.6080402010050252,-0.006959798994974786,-0.001959798994974782,0.4974874371859297,-0.012512562814070316,-0.002512562814070307,0.426829268292683,0.09197386494412896,0.16110918715678035,0.43425076452599387,0.46733668341708545,0.12397828742711048,0.18186089042877163,0.5151515151515151,0.4347826086956522,0.09254554692603623,0.16893166320065778,0.4429530201342282,19.0,6.0,8.0,34.0,16.0,15.0,46.0,15.0,16.0,0.0006314315198631746,-8.182783606539275e-05,0.0003016019757171568,0.00039251620327895864,-8.686395899459853e-06,-0.0001419379254530284,"[2.88671875, 1.2119140625, 0.349609375, 0.021087646484375, 0.0001302957534790039, 1.0205078125, 0.00885009765625, 0.0287628173828125, 5.625, 3.29296875, 2.07421875, 6.55859375, 3.34765625, 1.494140625, 3.05078125, 2.791015625, 5.53515625, 0.81396484375, 6.625, 3.740234375, 1.4345703125, 5.734375, 7.7421875, 1.091796875, 2.1328125, 2.931640625, 0.3623046875, 4.51953125, 4.828125, 4.13671875, 0.03411865234375, 3.52734375, 5.37109375, 0.34912109375, 0.708984375, 4.34765625, 4.15234375, 1.7421875, 4.16015625, 6.17578125, 1.90234375, 0.20068359375, 0.350830078125, 1.4609375, 3.51953125, 0.031524658203125, 6.2265625, 7.51953125, 4.90625, 1.7548828125, 5.23828125, 2.62890625, 12.1875, 1.330078125, 0.5283203125, 4.4609375, 5.09765625, 0.09686279296875, 0.35009765625, 3.67578125, 3.298828125, 0.0017566680908203125, 0.0596923828125, 1.1650390625, 8.140625, 0.50439453125, 5.51171875, 3.46484375, 8.609375, 4.5546875, 0.58447265625, 5.671875, 3.734375, 4.9765625, 5.2109375, 0.4560546875, 6.20703125, 0.244384765625, 0.62353515625, 2.697265625, 6.97265625, 9.9140625, 1.380859375, 0.0270843505859375, 3.9375, 5.6796875, 4.0078125, 6.3125, 9.5, 0.32470703125, 3.708984375, 9.3359375, 2.59375, 6.01953125, 0.60107421875, 1.65234375, 1.1259765625, 1.583984375, 3.8359375, 6.2109375, 4.63671875, 1.8955078125, 0.60107421875, 6.234375, 2.095703125, 3.578125, 0.0819091796875, 0.2496337890625, 4.140625, 3.0859375, 4.3203125, 9.8046875, 5.234375, 0.09063720703125, 1.298828125, 2.3828125, 5.81640625, 0.1798095703125, 4.21875, 4.60546875, 4.44140625, 2.5703125, 2.787109375, 3.671875, 5.45703125, 2.453125, 8.765625, 9.578125, 2.609375, 2.111328125, 5.94921875, 0.027740478515625, 7.05859375, 0.82568359375, 1.2109375, 2.802734375, 3.91015625, 3.861328125, 1.9931640625, 3.767578125, 0.302978515625, 2.58984375, 6.7109375, 1.4267578125, 0.07464599609375, 0.06585693359375, 0.95849609375, 0.0176849365234375, 0.126953125, 0.0023441314697265625, 0.0205078125, 4.25390625, 5.81640625, 10.65625, 4.97265625, 5.78125, 0.0155792236328125, 1.9697265625, 1.154296875, 4.10546875, 2.404296875, 1.873046875, 2.40625, 0.0003490447998046875, 0.07269287109375, 0.67236328125, 12.359375, 4.88671875, 4.05078125, 3.677734375, 10.296875, 1.9375, 9.9609375, 0.6396484375, 2.208984375, 2.078125, 2.2734375, 4.4296875, 4.50390625, 0.9013671875, 6.375, 1.96875, 2.91796875, 2.6640625, 0.0153961181640625, 4.7265625, 2.896484375, 4.625, 2.044921875, 7.109375, 6.8125, 0.061920166015625, 4.953125, 4.1015625, 3.83203125, 5.4140625, 4.25, 1.2607421875, 8.5390625, 0.1025390625, 0.031707763671875, 0.0228118896484375, 2.16796875, 1.1572265625, 4.97265625, 5.16015625, 0.1546630859375, 0.7939453125, 0.2205810546875, 1.0029296875, 2.7421875, 2.6484375, 3.513671875, 3.0703125, 0.78515625, 2.5390625, 1.9443359375, 3.634765625, 7.421875, 7.421875, 0.347900390625, 1.8291015625, 6.1171875, 2.7265625, 5.01171875, 3.28515625, 4.09375, 7.8984375, 3.142578125, 6.51171875, 5.2421875, 2.306640625, 0.193359375, 0.5712890625, 2.876953125, 1.078125, 2.7890625, 2.30078125, 2.421875, 0.1727294921875, 1.4140625, 0.020294189453125, 0.01343536376953125, 0.051666259765625, 0.95458984375, 6.031990051269531e-05, 0.07696533203125, 0.11517333984375, 6.49609375, 0.044952392578125, 0.0055084228515625, 0.1185302734375, 1.927734375, 2.1640625, 0.9140625, 0.107177734375, 0.01528167724609375, 0.01114654541015625, 0.00478363037109375, 8.359375, 3.279296875, 1.107421875, 3.185546875, 0.0411376953125, 9.140625, 3.96484375, 2.310546875, 0.67041015625, 0.032379150390625, 0.0167694091796875, 0.036224365234375, 5.94140625, 1.365234375, 0.1182861328125, 2.298828125, 0.368408203125, 7.11328125, 0.1226806640625, 10.390625, 3.5703125, 1.7119140625, 0.7919921875, 11.671875, 0.53125, 0.302734375, 7.8125, 3.1015625, 1.7470703125, 4.98828125, 6.73046875, 3.349609375, 2.33984375, 2.08984375, 3.267578125, 5.3828125, 8.109375, 0.0274200439453125, 1.96875, 9.140625, 0.469970703125, 0.01959228515625, 2.693359375, 2.857421875, 1.2040138244628906e-05, 0.038055419921875, 2.375, 0.00016033649444580078, 0.83837890625, 0.10443115234375, 2.015625, 0.0004761219024658203, 5.9921875, 1.4140625, 2.064453125, 0.01849365234375, 2.083984375, 6.30078125, 3.85546875, 1.0537109375, 6.05859375, 0.42626953125, 2.263671875, 5.73828125, 0.78076171875, 7.02734375, 5.57421875, 2.455078125, 5.0625]",-0.7743574820640609
243,0,test,3.0936376880092693,1.2529678311239008,1.80194472790906,5.093183998551846,2.0628128927039833,2.966616320338087,22.05716931412604,15.756411860621446,18.41822738675265,36.31363240740263,25.940434160779212,30.322691429409858,2.9933338734372774,1.1888980887818714,1.7047238280169699,4.6408277107554685,1.8432528508246064,2.642982679096077,19.95208947493658,13.875547472038292,16.324348819895206,30.933472054165243,21.51247670083456,25.309067937822025,3.0936376880092693,1.2529678311239008,1.80194472790906,5.093183998551846,2.0628128927039833,2.966616320338087,22.05716931412604,15.756411860621446,18.41822738675265,36.31363240740263,25.940434160779212,30.322691429409858,0.6633165829145728,0.0033165829145729298,-0.006683417085427079,0.5577889447236181,0.012788944723618134,0.007788944723618019,0.4371859296482412,0.0021859296482411583,-0.002814070351758735,0.42750929368029744,0.08613638087881326,0.14938815647386972,0.4104477611940298,0.4371859296482412,0.0963337993224267,0.15337958574173038,0.38383838383838387,0.42750929368029744,0.08613638087881326,0.14938815647386972,0.4104477611940298,20.0,1.0,2.0,31.0,2.0,3.0,41.0,2.0,3.0,-0.00041789266356419865,7.814735753788585e-05,6.421066433287771e-05,-0.00017638486674709242,0.00021985158203818855,6.483093570341936e-05,"[7.56640625, 4.01953125, 2.85546875, 6.92578125, 0.308349609375, 1.966796875, 10.140625, 0.0667724609375, 4.16796875, 4.734375, 0.497314453125, 0.90380859375, 5.16015625, 8.8046875, 0.02947998046875, 3.44140625, 3.052734375, 3.029296875, 5.51953125, 0.6806640625, 1.2333984375, 2.7890625, 0.435546875, 0.29931640625, 3.765625, 6.40625, 1.0380859375, 4.07421875, 3.26953125, 4.82421875, 2.779296875, 0.348876953125, 3.169921875, 1.0166015625, 4.72265625, 4.0859375, 7.61328125, 2.607421875, 1.958984375, 0.60205078125, 5.16796875, 0.787109375, 3.40625, 2.263671875, 4.05078125, 5.91796875, 0.35400390625, 0.0081787109375, 3.845703125, 4.05859375, 4.03515625, 5.01171875, 4.609375, 9.6484375, 2.318359375, 0.036102294921875, 6.20703125, 6.33984375, 0.27197265625, 11.03125, 2.060546875, 2.935546875, 2.10546875, 4.25390625, 3.833984375, 0.53173828125, 10.4453125, 4.0546875, 2.392578125, 6.71484375, 0.68212890625, 0.003009796142578125, 0.396484375, 8.2265625, 2.916015625, 0.564453125, 0.019287109375, 1.419921875, 8.609375, 0.6455078125, 0.1676025390625, 0.1365966796875, 6.67578125, 1.69140625, 10.71875, 1.037109375, 0.17431640625, 0.39208984375, 0.1422119140625, 0.986328125, 1.556640625, 0.042694091796875, 0.485595703125, 1.255859375, 2.384765625, 0.0546875, 7.9609375, 4.96484375, 0.646484375, 2.37109375, 5.8671875, 5.265625, 4.13671875, 1.5986328125, 1.4765625, 3.078125, 0.98193359375, 1.7216796875, 9.53125, 0.0085906982421875, 0.096435546875, 0.05999755859375, 3.2734375, 2.85546875, 2.455078125, 4.39453125, 0.062347412109375, 0.299560546875, 0.003662109375, 6.57421875, 2.1328125, 2.40234375, 1.45703125, 6.2578125, 0.5458984375, 6.2109375, 4.55078125, 0.473388671875, 5.44921875, 2.416015625, 1.462890625, 3.59375, 0.037689208984375, 10.984375, 7.3984375, 2.505859375, 4.5859375, 0.0027713775634765625, 0.039337158203125, 0.343994140625, 1.54296875, 0.51708984375, 3.525390625, 4.94921875, 4.359375, 0.0003609657287597656, 0.2174072265625, 0.331787109375, 0.56689453125, 3.044921875, 3.92578125, 2.859375, 0.1385498046875, 4.09765625, 4.73046875, 4.86328125, 4.11328125, 0.94677734375, 4.18359375, 0.1368408203125, 1.9228515625, 0.3671875, 1.0400390625, 0.1939697265625, 7.0, 2.740234375, 7.21875, 3.541015625, 0.0122222900390625, 1.3916015625, 1.697265625, 2.32421875, 1.6533203125, 2.7578125, 8.4375, 0.1534423828125, 0.5625, 1.6484375, 4.84765625, 5.421875, 3.955078125, 5.6624412536621094e-05, 0.2415771484375, 0.0433349609375, 2.939453125, 1.681640625, 7.59765625, 0.149658203125, 0.306884765625, 4.44140625, 4.65625, 7.94921875, 13.1015625, 5.2094459533691406e-05, 0.1671142578125, 0.08203125, 0.118896484375, 3.77734375, 5.6015625, 4.875, 2.466796875, 3.232421875, 0.010223388671875, 0.053924560546875, 12.234375, 3.92578125, 3.453125, 8.0234375, 1.00390625, 0.439697265625, 5.4296875, 1.9345703125, 0.8232421875, 0.492919921875, 0.0014476776123046875, 6.375, 4.09375, 0.76611328125, 2.41796875, 3.982421875, 1.3662109375, 1.7509765625, 5.5, 6.07421875, 3.375, 4.12890625, 4.40625, 0.98291015625, 0.38525390625, 2.314453125, 7.6171875, 4.3515625, 1.2314453125, 1.6484375, 5.31640625, 6.3671875, 3.505859375, 0.030120849609375, 0.1602783203125, 1.4072265625, 6.75390625, 0.03680419921875, 1.587890625, 7.578125, 9.0078125, 2.298828125, 2.7109375, 1.2919921875, 2.84765625, 3.509765625, 0.01250457763671875, 4.890625, 2.029296875, 3.73828125, 0.1123046875, 1.599609375, 0.89453125, 7.3828125, 1.134765625, 6.82421875, 6.40234375, 3.353515625, 5.51953125, 5.8828125, 1.7919921875, 0.11041259765625, 9.03125, 1.86328125, 9.7109375]",-0.5029196907596516
159,0,test,3.3927218942034165,1.4827831957654718,2.034572371953164,5.863721655299547,2.5627293383461045,3.516399648635816,29.74680984685593,22.994135010528296,25.857819697382393,51.41211644051979,39.7413084864044,44.6906825983661,3.396175846981643,1.2518758196817,1.8653597556606945,5.567501388494497,2.052255442101148,3.057966812558516,29.849731564426506,21.313667430652586,25.22778434982048,48.933986171190995,34.940438410905884,41.35702352429587,3.3927218942034165,1.4827831957654718,2.034572371953164,5.863721655299547,2.5627293383461045,3.516399648635816,29.74680984685593,22.994135010528296,25.857819697382393,51.41211644051979,39.7413084864044,44.6906825983661,0.7537688442211055,-0.0012311557788945438,-0.0012311557788945438,0.6231155778894473,-0.01188442211055274,-0.01188442211055274,0.457286432160804,-0.012713567839195972,-0.0027135678391959628,0.42281879194630867,0.07776016548064701,0.15384557766059437,0.4242424242424242,0.4120603015075377,0.05366431153260032,0.11823726311020877,0.43939393939393945,0.42281879194630867,0.07776016548064701,0.15384557766059437,0.4242424242424242,22.0,13.0,13.0,36.0,23.0,24.0,42.0,25.0,24.0,0.00014013838674823163,-6.190826108802745e-05,-7.152610814505615e-05,-0.004164545041596135,-0.0051369738128368425,-0.004225001702157449,"[2.859375, 1.2138671875, 0.351806640625, 0.0308380126953125, 0.0001201629638671875, 1.1474609375, 0.00901031494140625, 0.0285186767578125, 5.59765625, 1.1875, 12.359375, 2.228515625, 10.984375, 3.13671875, 0.1295166015625, 5.31640625, 4.92578125, 4.78515625, 2.435546875, 4.15625, 3.80078125, 7.42578125, 5.43359375, 8.765625, 0.07818603515625, 2.390625, 2.798828125, 5.953125, 6.26953125, 1.775390625, 4.66015625, 3.271484375, 0.07012939453125, 5.3046875, 0.72900390625, 4.265625, 5.15625, 2.470703125, 6.75390625, 0.0092010498046875, 1.6083984375, 3.90234375, 2.060546875, 3.556640625, 8.0859375, 1.6005859375, 0.09735107421875, 2.650390625, 3.6716461181640625e-05, 3.521484375, 0.8349609375, 10.671875, 4.99609375, 1.771484375, 5.0067901611328125e-06, 7.58203125, 0.751953125, 7.4453125, 2.576171875, 0.423583984375, 1.7314453125, 5.9609375, 0.07305908203125, 7.796875, 6.57421875, 2.974609375, 2.380859375, 7.3046875, 0.2408447265625, 2.658203125, 3.197265625, 4.5390625, 1.5458984375, 0.0012464523315429688, 7.59375, 1.103515625, 5.53515625, 0.12237548828125, 2.884765625, 0.3271484375, 1.66015625, 2.521484375, 3.361328125, 2.095703125, 2.974609375, 5.546875, 1.5751953125, 5.84375, 1.88671875, 4.4921875, 4.56640625, 2.060546875, 6.2421875, 5.98046875, 1.9765625, 9.671875, 2.197265625, 8.109375, 0.035736083984375, 0.0009737014770507812, 4.77734375, 0.1607666015625, 10.515625, 4.484375, 1.701171875, 7.515625, 4.203125, 0.06805419921875, 0.1776123046875, 2.4318695068359375e-05, 4.6328125, 1.3828125, 2.71484375, 4.03515625, 0.036407470703125, 5.34375, 1.1171875, 0.1495361328125, 1.6083984375, 5.10546875, 6.2109375, 0.36083984375, 6.23828125, 4.6796875, 5.89453125, 3.53125, 1.0927734375, 4.9140625, 4.00390625, 1.69921875, 0.2183837890625, 0.09417724609375, 2.216796875, 4.4453125, 2.5, 6.02734375, 0.0745849609375, 10.015625, 2.765625, 3.35546875, 1.4072265625, 2.8515625, 1.9208984375, 3.013671875, 0.53564453125, 0.1412353515625, 0.32421875, 0.765625, 0.0095672607421875, 3.4570693969726562e-06, 0.03814697265625, 1.8358230590820312e-05, 0.3427734375, 2.97265625, 5.46484375, 0.90869140625, 2.87109375, 5.09375, 9.6953125, 1.6748046875, 4.8671875, 6.2890625, 2.740234375, 1.6640625, 0.0001302957534790039, 5.375, 10.6796875, 0.232421875, 2.083984375, 1.171875, 2.740234375, 2.572265625, 5.9296875, 4.3046875, 0.01983642578125, 5.1484375, 0.95751953125, 0.204345703125, 4.01953125, 7.3203125, 1.6591796875, 8.7578125, 0.12176513671875, 9.0703125, 2.82421875, 10.0625, 9.5, 6.73046875, 3.033203125, 7.9609375, 1.8974609375, 4.046875, 5.51953125, 4.21484375, 1.9833984375, 2.369140625, 6.57421875, 8.625, 2.619140625, 5.602836608886719e-06, 3.75390625, 0.38818359375, 3.544921875, 9.375, 6.5, 5.23046875, 3.357421875, 9.609375, 0.6982421875, 5.841255187988281e-06, 2.380859375, 0.43896484375, 8.7265625, 7.26171875, 1.0595703125, 3.283203125, 5.1875, 0.07000732421875, 0.0732421875, 1.4543533325195312e-05, 5.3515625, 2.1875, 4.76171875, 9.203125, 1.046875, 5.30859375, 4.2265625, 6.51171875, 0.26025390625, 1.3798828125, 3.23828125, 4.203125, 11.6875, 3.31640625, 0.7412109375, 3.318359375, 0.91748046875, 2.12890625, 3.427734375, 5.5859375, 2.78125, 3.34765625, 8.734375, 2.876953125, 2.908203125, 2.849609375, 4.2578125, 0.919921875, 2.107421875, 0.10430908203125, 8.1015625, 1.8115234375, 4.69921875, 4.99609375, 3.306640625, 0.69091796875, 2.562999725341797e-05, 5.02734375, 3.234375, 0.58447265625, 6.21875, 5.6171875, 4.3046875, 1.95703125, 9.296875, 7.125, 3.4609375, 5.59375, 6.65234375, 0.62744140625, 3.4609375, 5.77734375, 4.12109375, 4.67578125, 1.001953125, 6.25390625, 3.93359375, 0.537109375, 5.56640625, 0.003849029541015625, 0.69775390625, 1.7802734375, 0.0194244384765625, 9.059906005859375e-06, 2.310546875, 0.391357421875, 7.05078125, 2.076171875, 1.9267578125, 0.0108795166015625, 0.0011606216430664062, 0.292724609375, 0.002735137939453125, 9.5367431640625e-07, 3.357421875, 0.3515625, 8.484375, 5.26953125]",-0.7007606001508315
127,0,test,3.7921847999095917,1.6636431985779812,2.3309073130031686,5.871033093835933,2.5756403737020546,3.6086938520591216,44.35319735792927,35.95059383248804,40.04173350756594,68.66729952402302,55.65844948764715,61.99232235809907,3.805869596088352,1.6340843893653179,2.3309021545931987,5.556014008888105,2.385524656007763,3.402776868019268,44.96433392588241,36.19040057311743,40.593440465025296,65.64136339544876,52.83270156659478,59.26049702923401,3.826944977045059,1.6973660601626128,2.350370092438413,5.924848548798676,2.6278498642276595,3.6388259864859767,45.92203085845678,37.51070665944792,41.54410578507046,71.09615620857464,58.07380488842237,64.31828425760906,0.7738693467336684,-0.0011306532663316604,0.008869346733668348,0.6381909547738693,-0.011809045226130688,0.0031909547738693256,0.5326633165829145,0.0076633165829145256,0.002663316582914521,0.43359375,0.09051382797270957,0.1608664772727273,0.43529411764705883,0.42713567839195976,0.09630861072278685,0.15167657989446393,0.43434343434343436,0.44140625,0.10612359892787526,0.15958806818181814,0.43529411764705883,25.0,7.0,7.0,37.0,6.0,3.0,47.0,7.0,8.0,-0.0002096113405053376,8.586804178233117e-05,-9.307539245283445e-06,-8.629588256159337e-05,-0.00014530477676810705,0.00011039017629776993,"[6.29296875, 6.71875, 10.8671875, 3.6484375, 6.59765625, 5.734375, 3.53125, 1.2490234375, 6.16796875, 0.2158203125, 0.328369140625, 6.6484375, 2.076171875, 2.802734375, 4.58203125, 3.580078125, 1.638671875, 6.65234375, 4.921875, 0.171875, 0.44384765625, 1.7158203125, 2.546875, 0.032135009765625, 0.424560546875, 0.84130859375, 3.728515625, 1.2216796875, 5.6171875, 0.1190185546875, 5.87890625, 1.171875, 3.115234375, 6.0390625, 2.232421875, 8.8125, 4.515625, 1.3916015625, 1.3232421875, 2.232421875, 3.40234375, 2.029296875, 5.6328125, 1.6123046875, 0.369140625, 0.74560546875, 0.64794921875, 7.5546875, 6.421875, 0.25927734375, 3.271484375, 5.63671875, 3.609375, 6.87109375, 5.5078125, 5.03515625, 9.5234375, 2.591796875, 6.515625, 0.01280975341796875, 9.140625, 5.2109375, 9.203125, 1.6123046875, 2.681640625, 8.5, 0.77685546875, 0.88818359375, 3.80859375, 3.50390625, 5.984375, 1.8291015625, 5.23828125, 2.43359375, 6.0390625, 5.3125, 11.1640625, 8.828125, 0.81591796875, 4.19921875, 1.9462890625, 0.9716796875, 6.14453125, 5.09765625, 1.7705078125, 1.9013671875, 3.869140625, 7.51953125, 3.88671875, 5.72265625, 0.036224365234375, 3.419921875, 6.359375, 7.375, 0.76318359375, 5.828125, 3.701171875, 4.1484375, 4.61328125, 0.335205078125, 1.25, 6.10546875, 1.5869140625, 1.0419921875, 0.91259765625, 7.96484375, 0.313232421875, 0.114013671875, 9.9921875, 0.64306640625, 8.65625, 7.96484375, 0.94677734375, 1.73046875, 2.1875, 6.625, 1.591796875, 10.1640625, 0.046356201171875, 7.7734375, 4.51953125, 1.8486328125, 3.43359375, 1.47265625, 1.6748046875, 11.65625, 0.82275390625, 0.95263671875, 2.04296875, 0.0152740478515625, 6.6640625, 4.3125, 2.072265625, 1.775390625, 1.10546875, 0.0426025390625, 11.3125, 8.484375, 3.66796875, 3.056640625, 4.6640625, 5.7109375, 5.82421875, 1.265625, 0.8740234375, 0.98193359375, 2.166015625, 8.25, 0.281005859375, 2.140625, 0.68310546875, 0.8017578125, 0.186279296875, 0.77392578125, 12.0, 4.703125, 4.9453125, 1.943359375, 0.7890625, 3.740234375, 3.0703125, 10.9375, 1.736328125, 2.79296875, 7.27734375, 4.34765625, 0.06658935546875, 7.92578125, 5.52734375, 2.6171875, 1.5927734375, 5.140625, 1.3291015625, 0.367431640625, 4.84765625, 3.611328125, 5.546875, 0.72119140625, 1.669921875, 0.47900390625, 1.4296875, 0.01611328125, 2.494140625, 7.95703125, 3.6171875, 7.50390625, 6.0234375, 6.73828125, 7.30859375, 2.5625, 2.810546875, 6.4453125, 0.64501953125, 7.1015625, 5.52734375, 6.8828125, 6.8359375, 2.373046875, 2.5234375, 0.055450439453125, 7.7265625, 0.1734619140625, 0.141357421875, 3.794921875, 0.60888671875, 5.7578125, 0.376708984375, 4.04296875, 4.7421875, 3.74609375, 3.599609375, 10.265625, 0.393798828125, 1.2333984375, 0.391845703125, 2.57421875, 7.23828125, 4.60546875, 2.390625, 1.3310546875, 0.036285400390625, 7.5859375, 0.173828125, 0.5517578125, 5.90625, 0.568359375, 12.1953125, 2.080078125, 9.0625, 6.98828125, 5.55859375, 3.66015625, 4.32421875, 3.677734375, 1.0517578125, 1.6171875, 3.16015625, 2.5234375, 6.6328125, 4.73046875, 6.765625, 3.919921875, 3.48046875, 0.0250701904296875, 0.058929443359375, 0.72119140625, 8.6015625, 3.763671875, 1.34765625, 6.828125, 2.064453125, 8.5546875, 6.4453125, 2.296875, 6.94921875, 4.37109375]",-0.6529999077320099
296,0,test,3.178567213003139,1.4509976838986622,1.9889262766766453,5.595800961813909,2.554451012372495,3.5014630260055912,24.012324347006945,18.38536323702024,20.726423199206323,42.27319376059906,32.36704665679012,36.48843365608778,3.4757497394504258,1.5541545356038073,2.1702066906984543,5.606047966855526,2.506700863877109,3.5003333720942815,32.322052572550646,25.490204600893215,28.63236034003385,52.132342858952654,41.11323322724712,46.1812263548933,3.178567213003139,1.4509976838986622,1.9889262766766453,5.595800961813909,2.554451012372495,3.5014630260055912,24.012324347006945,18.38536323702024,20.726423199206323,42.27319376059906,32.36704665679012,36.48843365608778,0.7839195979899498,-0.02608040201005024,-0.011080402010050228,0.6381909547738693,-0.006809045226130683,0.00819095477386933,0.4773869346733668,-0.0126130653266332,-0.007613065326633195,0.41979522184300344,0.09441191690262862,0.15759317871019984,0.34246575342465757,0.4120603015075377,0.06619563985340238,0.14160955025545086,0.3737373737373737,0.41979522184300344,0.09441191690262862,0.15759317871019984,0.34246575342465757,26.0,1.0,-1.0,35.0,-1.0,-2.0,44.0,2.0,-1.0,0.0008469751636792003,0.00030254143091504787,0.00020387267624592337,-0.013029104604144415,-0.009406944924968741,-0.011473332706484207,"[12.3359375, 0.94970703125, 1.8212890625, 2.86328125, 3.12109375, 9.6171875, 7.92578125, 0.99755859375, 9.796875, 2.50390625, 4.08203125, 7.05859375, 1.4775390625, 1.7998046875, 0.857421875, 1.1005859375, 3.525390625, 8.1171875, 1.3125, 5.453125, 0.37353515625, 2.376953125, 0.10418701171875, 6.95703125, 4.26171875, 1.0458984375, 3.728515625, 5.22265625, 1.728515625, 1.1943359375, 8.6171875, 2.384765625, 3.671875, 5.5546875, 3.826171875, 3.357421875, 1.6845703125, 1.9794921875, 6.16796875, 6.89453125, 4.28125, 8.7109375, 5.734375, 4.03125, 1.466796875, 1.9326171875, 3.255859375, 0.202392578125, 0.3544921875, 0.79833984375, 5.66796875, 10.8828125, 6.67578125, 3.830078125, 3.921875, 0.34619140625, 4.796875, 6.28515625, 3.41796875, 3.73828125, 8.3046875, 4.046875, 1.51953125, 4.6015625, 3.455078125, 0.80322265625, 1.146484375, 0.8994140625, 3.220703125, 3.330078125, 4.16015625, 0.050384521484375, 2.12109375, 2.171875, 1.5888671875, 5.93359375, 1.7001953125, 1.5810546875, 4.33203125, 0.49072265625, 1.24609375, 0.677734375, 7.68359375, 0.203369140625, 2.451171875, 2.05859375, 2.705078125, 1.9453125, 2.873046875, 3.07421875, 8.0546875, 2.37890625, 0.90673828125, 8.5234375, 0.0389404296875, 0.115234375, 2.837890625, 0.80859375, 8.640625, 3.357421875, 2.69140625, 6.05078125, 3.6640625, 1.5244140625, 2.544921875, 1.30078125, 3.69921875, 5.1171875, 6.0625, 0.26318359375, 8.9296875, 7.015625, 0.71923828125, 5.35546875, 2.689453125, 1.216796875, 5.828125, 2.42578125, 0.044586181640625, 0.71337890625, 1.4814453125, 0.00384521484375, 6.9375, 0.08392333984375, 0.1463623046875, 2.10546875, 1.4775390625, 5.3515625, 0.8408203125, 0.16455078125, 2.2890625, 2.00390625, 7.07421875, 3.384765625, 5.234375, 0.84521484375, 8.390625, 1.6494140625, 2.326171875, 0.004894256591796875, 0.2442626953125, 0.90966796875, 8.1953125, 3.462890625, 5.3359375, 0.15283203125, 7.74609375, 2.853515625, 2.43359375, 8.6875, 5.28125, 0.88720703125, 3.904296875, 0.2353515625, 1.0146484375, 6.0, 6.30859375, 2.98828125, 8.171875, 12.2421875, 4.91015625, 2.6328125, 6.01953125, 6.90625, 6.765625, 0.069580078125, 4.2578125, 3.244140625, 3.076171875, 0.287841796875, 1.794921875, 3.53515625, 2.919921875, 7.94140625, 6.4765625, 0.91796875, 3.28125, 0.1602783203125, 0.1810302734375, 5.8984375, 2.5, 0.509765625, 7.31640625, 4.2578125, 4.31640625, 1.1923828125, 3.5, 2.697265625, 5.9296875, 2.8046875, 3.009765625, 4.29296875, 0.0163116455078125, 1.2060546875, 5.30859375, 4.41796875, 1.0791015625, 1.00390625, 5.23046875, 1.740234375, 1.7392578125, 0.002750396728515625, 2.716796875, 1.1845703125, 1.5302734375, 0.3759765625, 0.385009765625, 4.65625, 0.0552978515625, 1.865234375, 4.7734375, 2.318359375, 2.998046875, 3.87109375, 6.96484375, 4.48046875, 3.97265625, 0.1353759765625, 2.400390625, 1.6552734375, 5.05078125, 3.056640625, 0.77783203125, 1.8115234375, 4.48046875, 1.91015625, 0.8232421875, 14.359375, 5.48828125, 8.09375, 9.671875, 3.439453125, 2.65625, 4.70703125, 0.9111328125, 4.16015625, 11.9375, 7.703125, 4.03125, 0.002628326416015625, 3.240234375, 1.708984375, 0.0006165504455566406, 0.73681640625, 0.93994140625, 0.00026488304138183594, 0.5576171875, 0.83837890625, 0.00022864341735839844, 0.1263427734375, 0.455078125, 0.00045418739318847656, 0.0130767822265625, 0.451171875, 0.0004582405090332031, 0.009735107421875, 0.397216796875, 0.0004954338073730469, 0.006130218505859375, 0.16943359375, 0.00021636486053466797, 0.01263427734375, 0.4501953125, 0.0002512931823730469, 0.025726318359375, 0.4609375, 0.0006566047668457031, 0.00955963134765625, 1.453125, 1.4912109375, 1.2841796875, 1.5712890625, 12.6875, 0.5859375, 1.9267578125, 1.1318359375, 7.390625, 1.3759765625, 5.98828125, 0.050323486328125, 0.381103515625, 6.09375, 2.5859375, 4.203125, 0.1656494140625, 6.91796875, 1.7177734375, 3.84375, 3.99609375, 8.328125, 4.0234375, 2.923828125, 0.9033203125]",-0.3952250061588485
33,0,test,3.622537073898949,1.6435792041810207,2.2765219522387694,5.389193085307796,2.445127683067331,3.3867469437246713,37.432416258695454,30.197217223752304,33.59033151356115,55.68763404002969,44.923938924005896,49.9718232369235,3.9006115707320785,1.6804420097809794,2.38284855391511,5.3433035215507925,2.301975355864355,3.2641761012535753,49.43267143810117,40.22377923607313,44.87066280243332,67.71598827137146,55.101067446675515,61.46666137319633,3.631732302365893,1.6381974681282452,2.2837718034733347,5.393661835196871,2.432966536824126,3.3917403021881207,37.778203236978875,30.43676451756863,33.92863691276922,56.106242431156744,45.20311562015143,50.38906472193449,0.7085427135678393,0.00854271356783931,0.00854271356783931,0.6231155778894473,-0.006884422110552735,-0.006884422110552735,0.5276381909547738,0.007638190954773805,0.0026381909547738003,0.4352159468438538,0.10685773788862996,0.18880710706484827,0.4,0.4522613065326633,0.1139154418710091,0.19349669885319754,0.41414141414141414,0.4347826086956522,0.10256224141685422,0.1856168689848624,0.3993288590604027,27.0,3.0,3.0,38.0,2.0,2.0,45.0,2.0,3.0,0.0009532851394333265,5.854673638485772e-05,0.0003243379606506838,0.0004991372202978184,9.589878044646838e-05,-4.7314887297922326e-05,"[11.609375, 3.423828125, 12.6796875, 2.150390625, 6.59375, 2.494140625, 4.1015625, 3.05078125, 0.4833984375, 0.463623046875, 2.828125, 0.13427734375, 3.18359375, 7.6640625, 4.296875, 1.8662109375, 6.05078125, 9.0546875, 6.7890625, 4.59765625, 6.140625, 1.19921875, 5.4609375, 7.6640625, 9.140625, 3.9609375, 5.3515625, 1.8818359375, 4.66015625, 0.1309814453125, 0.72216796875, 7.60546875, 0.051116943359375, 5.40625, 7.12109375, 3.421875, 1.00390625, 8.1328125, 1.044921875, 0.0565185546875, 1.18359375, 3.66796875, 5.2421875, 3.185546875, 0.57177734375, 5.64453125, 3.515625, 8.453125, 3.01171875, 0.01641845703125, 7.8515625, 6.44921875, 0.1981201171875, 0.75244140625, 7.83203125, 0.40869140625, 0.287841796875, 0.1727294921875, 8.015625, 8.6953125, 0.05535888671875, 0.4287109375, 0.7890625, 4.796875, 0.0009503364562988281, 6.62109375, 1.703125, 4.55859375, 6.6796875, 6.796875, 1.8642578125, 0.10504150390625, 7.6796875, 0.00753021240234375, 5.37109375, 1.7724609375, 4.8203125, 0.1212158203125, 1.9306640625, 0.81640625, 3.99609375, 7.67578125, 0.65576171875, 1.4560546875, 0.42431640625, 6.23046875, 9.890625, 0.62451171875, 2.982421875, 0.10467529296875, 2.490234375, 0.2578125, 1.3662109375, 8.953125, 0.097412109375, 2.1875, 0.384765625, 0.00493621826171875, 10.359375, 0.04827880859375, 2.048828125, 6.10546875, 0.99755859375, 6.79296875, 0.1478271484375, 0.38720703125, 8.9453125, 0.39404296875, 0.0013256072998046875, 7.00390625, 0.12493896484375, 11.3203125, 0.95703125, 7.16796875, 1.7744140625, 0.3125, 8.9375, 8.171875, 0.320068359375, 6.1640625, 5.55859375, 0.15185546875, 7.74609375, 0.16796875, 10.1640625, 0.0121917724609375, 0.09197998046875, 7.3203125, 2.900390625, 0.1614990234375, 0.81005859375, 10.1015625, 8.2421875, 5.30078125, 6.53515625, 6.328125, 3.34375, 4.96875, 8.8046875, 9.375, 5.41015625, 3.4375, 5.89453125, 2.501953125, 4.78515625, 5.171875, 1.6630859375, 5.92578125, 0.0205535888671875, 1.6630859375, 10.046875, 6.890625, 3.134765625, 12.0234375, 1.7802734375, 4.4765625, 0.06170654296875, 2.912109375, 4.96484375, 0.9267578125, 7.55078125, 2.970703125, 2.955078125, 10.390625, 0.361572265625, 5.3046875, 2.458984375, 0.19482421875, 1.6259765625, 3.1875, 9.5, 2.310546875, 0.1788330078125, 2.060546875, 9.3671875, 0.08245849609375, 0.0040740966796875, 4.2265625, 9.3359375, 1.513671875, 2.080078125, 4.91015625, 6.01171875, 12.375, 0.62451171875, 4.19140625, 4.03125, 3.037109375, 0.00424957275390625, 4.98828125, 1.1640625, 8.0546875, 2.12890625, 4.61328125, 0.0731201171875, 8.8984375, 0.6591796875, 0.058868408203125, 3.083984375, 2.3359375, 3.9296875, 0.341796875, 5.49609375, 0.11798095703125, 0.18310546875, 0.055206298828125, 6.5078125, 0.5712890625, 9.140625, 4.9296875, 4.265625, 5.33984375, 7.890625, 0.2236328125, 4.7578125, 6.44921875, 3.744140625, 6.51171875, 3.330078125, 6.3984375, 0.050994873046875, 1.9541015625, 0.779296875, 1.63671875, 1.48046875, 4.0625, 7.58984375, 8.5078125, 3.470703125, 0.01119232177734375, 6.69921875, 3.107421875, 2.28125, 5.421875, 4.15234375, 0.5068359375, 0.27587890625, 11.7578125, 2.880859375, 5.22265625, 2.396484375, 3.638671875, 3.8203125, 3.5703125, 6.95703125, 0.02593994140625, 0.0004425048828125, 5.05078125, 7.1328125, 5.0390625, 1.25390625, 0.402587890625, 1.7900390625, 1.9431114196777344e-05, 0.14306640625, 2.1640625, 0.000698089599609375, 0.040985107421875, 0.74267578125, 1.0498046875, 0.0035266876220703125, 2.626953125, 2.68359375, 3.9765625, 0.07476806640625, 2.326171875, 7.08203125, 0.032257080078125, 3.609375, 1.1142578125, 2.33203125, 0.8251953125, 8.046875, 8.6953125, 0.041046142578125, 0.94775390625, 1.9423828125, 0.06390380859375, 0.0016927719116210938, 12.53125, 0.46240234375, 0.0421142578125, 4.1328125, 0.0675048828125, 0.039703369140625, 8.8984375, 7.125, 0.7958984375, 2.21875, 7.57421875, 3.09765625, 3.916015625, 0.87353515625, 9.1796875, 0.126220703125, 0.09381103515625, 0.07574462890625, 4.7109375, 1.5517578125, 4.48828125, 0.007419586181640625]",-0.3780370380395275
301,0,test,3.4276530154854306,1.5779280374829905,2.092371809002997,6.082403880420225,2.8000487723962872,3.712934288524927,30.804260720258124,24.446190047428416,27.003196040085115,54.66246265065412,43.3800039076916,47.91743611034711,3.2611130529911674,1.3966678793404115,1.9640208453070247,5.622608712053737,2.408048067828296,3.38624283673625,26.07854779995779,19.626192843816163,22.41990518759635,44.963013448203085,33.83826352382097,38.65500894413164,3.4367772599925166,1.5301848310097612,2.107208772474028,6.029433789460556,2.684534791245195,3.69685749556847,31.086612491372176,24.356496160121985,27.307200319248043,54.53791665153014,42.730695017757874,47.907368981136926,0.6030150753768844,-0.0019849246231156137,-0.0019849246231156137,0.5226130653266332,-0.017386934673366827,-0.007386934673366818,0.44221105527638194,-0.007788944723618019,-0.007788944723618019,0.39889196675900274,0.09598740244365,0.1486475874823654,0.375,0.40703517587939697,0.11129582750846967,0.1666345080997642,0.3434343434343434,0.3913043478260869,0.092472962183349,0.15437442569038062,0.35906040268456374,24.0,-1.0,-1.0,33.0,-1.0,-3.0,40.0,-1.0,-4.0,5.936472659224285e-05,0.0006010571608865463,-3.892689407139475e-05,-0.04054107867509682,-0.04015476505915938,-0.036560518325476465,"[11.6953125, 7.53125, 7.76171875, 12.203125, 4.2265625, 6.96484375, 3.955078125, 12.375, 2.779296875, 3.33984375, 9.375, 1.671875, 7.04296875, 1.0888671875, 9.1796875, 0.77783203125, 6.29296875, 2.390625, 2.646484375, 2.48046875, 0.53662109375, 0.0518798828125, 0.07427978515625, 0.1563720703125, 0.7900390625, 4.1171875, 6.52734375, 9.265625, 7.0234375, 13.015625, 7.234375, 1.8369140625, 3.107421875, 0.70361328125, 0.1439208984375, 0.0184173583984375, 0.0240631103515625, 0.261474609375, 0.0007529258728027344, 0.140869140625, 0.00021719932556152344, 2.17578125, 0.0038318634033203125, 0.033050537109375, 0.7353515625, 0.001125335693359375, 0.01071929931640625, 1.318359375, 0.003814697265625, 0.0287933349609375, 0.066162109375, 0.30908203125, 4.6171875, 5.859375, 8.0859375, 6.02734375, 6.71875, 7.03125, 7.2421875, 2.064453125, 0.1348876953125, 0.006500244140625, 0.007068634033203125, 0.0006909370422363281, 0.00965118408203125, 0.0004622936248779297, 0.00499725341796875, 0.00047779083251953125, 0.1361083984375, 0.0008091926574707031, 0.004638671875, 0.02447509765625, 0.0006422996520996094, 0.0016736984252929688, 0.049957275390625, 0.00199127197265625, 0.007381439208984375, 0.0322265625, 6.22265625, 10.0, 6.15625, 1.8515625, 9.1953125, 9.5859375, 3.232421875, 5.8359375, 11.0078125, 2.16015625, 4.09765625, 7.1328125, 7.43359375, 6.61328125, 0.47119140625, 5.94921875, 7.77734375, 1.140625, 4.0234375, 5.7109375, 3.330078125, 5.84375, 9.515625, 4.27734375, 1.390625, 3.783203125, 3.896484375, 3.41015625, 8.171875, 7.9140625, 5.0, 0.0146636962890625, 0.9384765625, 4.5078125, 2.30859375, 3.88671875, 6.0390625, 6.3984375, 9.5859375, 1.443359375, 4.6015625, 2.884765625, 0.6826171875, 4.328125, 0.87841796875, 3.34765625, 3.40625, 1.7109375, 0.396728515625, 0.2122802734375, 7.60546875, 0.06304931640625, 6.6484375, 3.107421875, 0.0041046142578125, 0.040069580078125, 5.2890625, 0.55712890625, 0.0083770751953125, 2.40625, 8.75, 4.36328125, 8.4296875, 0.47802734375, 8.421875, 3.30078125, 2.45703125, 1.7607421875, 7.07421875, 7.08203125, 3.171875, 3.15625, 6.2265625, 1.677734375, 13.203125, 3.681640625, 2.03515625, 0.9775390625, 3.44140625, 0.0972900390625, 0.0081939697265625, 0.002758026123046875, 0.0046539306640625, 0.0290679931640625, 0.00151824951171875, 0.006626129150390625, 0.0004420280456542969, 0.258056640625, 0.0006265640258789062, 0.01132965087890625, 0.167724609375, 0.00012445449829101562, 0.00368499755859375, 0.013153076171875, 0.0017957687377929688, 0.00342559814453125, 0.0269927978515625, 7.59765625, 2.017578125, 4.9453125, 3.11328125, 0.7041015625, 10.2578125, 8.71875, 4.56640625, 2.755859375, 5.3671875, 0.018890380859375, 2.18359375, 0.039886474609375, 0.33349609375, 2.8203125, 1.7080078125, 1.2060546875, 2.787109375, 5.17578125, 0.01102447509765625, 0.07171630859375, 3.146484375, 2.2578125, 8.7890625, 2.35546875, 2.470703125, 4.1484375, 2.09765625, 10.3671875, 1.244140625, 5.3046875, 11.25, 5.9140625, 9.90625, 1.740234375, 11.8203125, 0.88037109375, 6.6171875, 3.126953125, 0.62744140625, 9.09375, 0.31494140625, 3.396484375, 10.5859375, 6.7734375, 0.185302734375, 8.515625, 1.6259765625, 0.19873046875, 0.427490234375, 10.2890625, 0.323974609375, 0.3486328125, 2.115234375, 0.00820159912109375, 0.426025390625, 9.0078125, 4.671875, 0.90771484375, 8.03125, 5.0390625, 11.171875, 3.126953125, 5.09375, 3.498046875, 9.0078125, 0.23681640625, 2.04296875, 11.3359375, 3.212890625, 1.1689453125, 3.15625, 8.96875, 2.599609375, 1.6474609375, 1.388671875, 7.04296875, 0.2352294921875, 4.21875, 0.020721435546875, 3.7265625, 12.7578125, 8.4609375, 3.853515625, 2.5703125, 6.75, 3.29296875, 6.64453125, 2.38671875, 1.3779296875, 5.1328125, 0.39990234375, 0.09906005859375, 6.37109375, 5.86328125, 3.421875, 1.326171875, 0.72314453125, 4.4296875, 2.453125, 2.71875, 0.002574920654296875, 1.4296875, 1.984375, 1.2001953125, 1.9892578125, 0.07025146484375, 5.2421875, 2.95703125, 10.21875, 0.4287109375, 4.109375, 1.26953125, 4.1640625, 6.08984375, 5.37890625, 1.537109375, 0.89794921875, 5.484375, 1.4423828125, 2.865234375, 0.038238525390625, 1.798828125, 0.0570068359375, 0.0183258056640625, 1.5302734375, 2.51953125, 6.4296875, 3.439453125, 3.16796875, 5.0234375, 1.689453125, 3.931640625, 6.578125, 1.4638671875, 0.7109375, 0.2344970703125, 5.48046875, 5.45703125, 5.96875, 2.609375, 1.1162109375, 0.038543701171875, 5.92578125, 0.0036830902099609375, 3.978515625, 3.08203125, 7.6796875, 10.140625, 3.75, 4.64453125, 2.02734375, 4.11328125, 1.513671875, 0.556640625, 1.583984375, 0.0095062255859375, 9.4375, 0.022369384765625, 4.6953125, 2.2890625, 0.032257080078125, 0.1943359375, 4.4140625, 0.315185546875, 0.312255859375, 2.611328125, 1.34765625, 6.66796875, 7.23828125, 0.03216552734375, 0.03509521484375, 1.6875, 5.5859375, 7.84375, 1.7587890625, 10.140625, 2.388671875, 5.2578125, 1.982421875, 6.015625, 2.14453125, 3.134765625, 0.0843505859375, 0.054779052734375, 6.57421875]",-0.7033074489921085
184,0,test,3.4191858498163,1.508434866054874,2.1098376509079015,7.236927105439408,3.1926995631222796,4.465607297933902,30.544537054769812,23.78637489144251,26.840778243527858,64.64948026929807,50.345394708881386,56.81023615961418,3.541647601966283,1.5624819191497177,2.183768095439597,6.745995432316729,2.9761560364756527,4.159558277027804,34.523753762206816,27.28705100189146,30.63581355946499,65.75953097563203,51.97533524169802,58.35393058945712,3.562010482800844,1.6009869497152933,2.226766720266869,7.171833186847337,3.223463657144886,4.483422926711817,35.23396326138274,28.127366080122282,31.433040905415094,70.94086562694511,56.63228069823278,63.28800182298341,0.6733668341708543,-0.001633165829145744,0.0033668341708543714,0.5879396984924623,-0.002060301507537776,-0.00706030150753767,0.49246231155778897,0.01746231155778899,0.007462311557788981,0.40116279069767447,0.10653289229419116,0.1704687535520244,0.36151603498542273,0.4120603015075377,0.09627082782332719,0.16665128648249594,0.36363636363636365,0.41137123745819393,0.115878749979062,0.18222774468844982,0.37583892617449666,22.0,-1.0,-1.0,35.0,1.0,-1.0,42.0,0.0,1.0,0.0001285154430222758,0.0004787364233997074,0.00027891544800857996,-0.004330399956956832,-0.0035581624622356145,-0.004021775820463702,"[9.3671875, 6.83203125, 4.484375, 2.310546875, 7.390625, 2.70703125, 5.4140625, 3.390625, 3.3359375, 7.3828125, 7.48828125, 7.78515625, 0.724609375, 2.220703125, 4.2890625, 1.091796875, 4.37109375, 3.205078125, 7.23828125, 8.2890625, 3.35546875, 8.8984375, 0.0289154052734375, 0.9384765625, 3.53125, 5.12890625, 6.62890625, 4.65234375, 4.80078125, 1.66796875, 1.7060546875, 3.326171875, 4.2265625, 2.38671875, 1.2490234375, 2.111328125, 0.99267578125, 2.45703125, 0.0633544921875, 0.2073974609375, 8.1171875, 3.568359375, 0.25244140625, 0.429931640625, 10.1328125, 6.51171875, 14.1015625, 0.1986083984375, 5.2734375, 1.0390625, 0.7021484375, 1.7255859375, 0.057861328125, 0.1866455078125, 7.26171875, 2.9921875, 0.2861328125, 0.158203125, 2.33203125, 11.0390625, 6.29296875, 2.06640625, 13.46875, 9.2734375, 6.39453125, 0.02801513671875, 4.10546875, 3.12890625, 0.650390625, 2.345703125, 0.1722412109375, 0.43212890625, 0.007625579833984375, 0.1455078125, 8.7734375, 3.857421875, 2.751953125, 3.951171875, 0.5478515625, 0.090087890625, 10.015625, 6.09765625, 4.65625, 8.09375, 0.23583984375, 6.671875, 0.026519775390625, 0.029449462890625, 0.01641845703125, 1.24609375, 1.833984375, 6.31640625, 4.00390625, 0.83740234375, 3.341796875, 0.74267578125, 3.1953125, 1.291015625, 3.908203125, 0.037933349609375, 0.001926422119140625, 2.17578125, 0.986328125, 7.34375, 4.72265625, 6.53515625, 6.3828125, 2.978515625, 0.6826171875, 4.80859375, 0.9619140625, 5.5546875, 2.615234375, 9.453125, 2.642578125, 7.26953125, 11.4375, 6.15234375, 1.783203125, 2.00390625, 2.57421875, 0.7939453125, 2.38671875, 6.48046875, 2.619140625, 3.673828125, 1.36328125, 4.26953125, 6.30078125, 4.91015625, 0.56298828125, 0.152099609375, 0.7734375, 3.005859375, 0.6591796875, 0.0400390625, 10.15625, 0.0027217864990234375, 0.0027141571044921875, 0.0712890625, 1.2568359375, 8.7578125, 0.6474609375, 7.109375, 1.1728515625, 0.05157470703125, 2.9296875, 2.666015625, 6.9765625, 5.6171875, 5.1015625, 10.859375, 2.6484375, 3.533203125, 7.69921875, 5.51953125, 1.8076171875, 5.62109375, 10.5234375, 10.296875, 0.60302734375, 1.4775390625, 3.765625, 7.30078125, 0.2232666015625, 3.2109375, 7.41796875, 4.07421875, 0.873046875, 7.40625, 0.06201171875, 6.80859375, 5.9921875, 1.9072265625, 0.56298828125, 0.7978515625, 0.01348876953125, 2.919921875, 9.53125, 0.018829345703125, 8.703125, 3.8125, 0.47119140625, 2.943359375, 0.378662109375, 0.03564453125, 2.462890625, 0.010345458984375, 0.00034618377685546875, 0.06561279296875, 3.1015625, 0.2137451171875, 0.38525390625, 0.00502777099609375, 3.369140625, 0.005535125732421875, 0.0038204193115234375, 0.0743408203125, 12.96875, 9.9140625, 2.98046875, 5.5234375, 7.046875, 8.7578125, 1.037109375, 5.2734375, 4.625, 4.27734375, 5.8046875, 1.6748046875, 6.25390625, 4.55859375, 6.09375, 2.51171875, 9.4609375, 5.8203125, 2.294921875, 11.640625, 0.9267578125, 4.2109375, 0.38916015625, 0.275634765625, 2.95703125, 4.59375, 1.111328125, 0.426513671875, 8.609375, 1.61328125, 1.982421875, 5.91015625, 16.765625, 9.8828125, 0.1297607421875, 0.80224609375, 4.265625, 1.5634765625, 8.921875, 0.1473388671875, 0.3857421875, 7.37109375, 8.7578125, 0.91162109375, 3.951171875, 6.25390625, 3.75390625, 11.25, 3.8671875, 0.314697265625, 0.01142120361328125, 1.1748046875, 0.0233917236328125, 0.0015316009521484375, 0.18408203125, 10.1640625, 0.422119140625, 0.66064453125, 1.05078125, 9.296875, 0.61328125, 0.853515625, 7.578125, 1.4248046875, 1.2763671875, 2.314453125, 1.4501953125, 3.87890625, 9.4609375, 4.08203125, 1.0478515625, 0.038970947265625, 0.86083984375, 0.01439666748046875, 0.002727508544921875, 0.57421875, 7.875, 5.3671875, 0.002716064453125, 1.52734375, 0.62109375, 0.0298919677734375, 0.87353515625, 0.0107574462890625, 0.0008573532104492188, 1.337890625, 5.37109375, 1.0478515625, 4.6796875, 1.587890625, 12.328125, 0.55517578125, 6.5546875, 1.8359375, 8.8515625, 2.765625, 4.02734375, 0.059051513671875, 0.004543304443359375, 7.1015625, 0.0014677047729492188, 0.0025501251220703125, 0.267822265625, 2.892578125, 4.42578125, 7.0859375, 2.484375, 6.56640625, 1.1943359375, 6.23046875, 0.88671875, 1.5, 0.1806640625, 0.01824951171875, 0.340576171875, 0.01263427734375, 0.00031828880310058594, 0.60693359375, 1.388671875, 0.31396484375, 5.1875, 0.79931640625, 1.5908203125, 0.332763671875, 0.13671875, 4.9114227294921875e-05, 0.007488250732421875, 4.953125, 0.55908203125, 2.1796875, 5.03515625, 0.65185546875, 0.193603515625, 1.8349609375, 3.478515625, 0.1363525390625, 11.71875, 4.4453125, 8.8125, 0.1361083984375, 0.250732421875, 12.0234375, 1.5, 0.28173828125, 2.75, 2.884765625]",-0.6770637305670006
387,0,test,2.6012299486568997,1.0501597745848852,1.422222017234738,5.104564146557895,2.0607974071155004,2.790919549949889,13.480307929485548,8.763792954742922,10.229160688034904,26.453292442270026,17.1977657445224,20.073352963079245,2.8933296598980776,1.1236720095098045,1.6152550377438417,4.988499413617375,1.937365533637594,2.7849224788686926,18.05332105638784,12.184477235371705,14.463599559026502,31.126415614461795,21.007719371330527,24.93724061901121,2.742355615000262,1.1298868941247433,1.5779881476695163,5.342251198052459,2.2010783651780716,3.0740028850704864,15.52350947253669,10.508332442612154,12.319613799086822,30.24060286857797,20.470777485608096,23.999247660558748,0.6633165829145728,0.008316582914572823,0.0033165829145729298,0.5276381909547738,0.0026381909547738003,-0.007361809045226098,0.3919597989949749,-0.0030402010050251116,-0.008040201005025116,0.3928571428571429,0.08009994121105235,0.11915235302332083,0.38292011019283745,0.39698492462311563,0.06615785695394272,0.1231952752074228,0.4292929292929293,0.41137123745819393,0.10419260640644101,0.15108202722460107,0.412751677852349,25.0,14.0,15.0,38.0,20.0,20.0,44.0,17.0,16.0,0.0007202726577834882,0.000435361913060849,0.00010319496456528978,-0.015909554000939075,-0.018942787717401544,-0.016900335587919812,"[2.88671875, 2.212890625, 0.2330322265625, 0.0401611328125, 3.814697265625e-05, 1.2705078125, 0.01294708251953125, 0.01422119140625, 7.5859375, 1.2138671875, 0.66064453125, 0.4423828125, 1.75390625, 4.31640625, 2.4296875, 8.40625, 2.302734375, 5.71875, 6.60546875, 3.74609375, 1.4931640625, 2.578125, 6.1171875, 0.157470703125, 1.6259765625, 6.09765625, 0.264404296875, 1.4619140625, 2.984375, 0.01068115234375, 9.0703125, 1.76953125, 9.9765625, 3.50390625, 1.4814453125, 6.74609375, 0.022369384765625, 2.767578125, 5.71484375, 4.76171875, 4.6953125, 1.8642578125, 1.794921875, 3.3671875, 2.046875, 3.390625, 0.90673828125, 0.00141143798828125, 6.09765625, 6.484375, 0.0007605552673339844, 3.63671875, 5.77734375, 5.40625, 0.379150390625, 1.458984375, 0.288330078125, 4.76837158203125e-07, 9.775161743164062e-06, 0.0014619827270507812, 0.00016796588897705078, 1.7881393432617188e-06, 8.4921875, 5.76953125, 0.1334228515625, 0.461669921875, 3.85546875, 6.6796875, 1.2041015625, 0.381103515625, 2.572265625, 7.1015625, 5.0234375, 3.73828125, 3.2265625, 6.9609375, 7.49609375, 0.8837890625, 9.34375, 3.150390625, 10.3828125, 0.01113128662109375, 0.99658203125, 1.4521484375, 0.032684326171875, 2.421875, 2.3046875, 0.9990234375, 2.37890625, 1.2993812561035156e-05, 7.3909759521484375e-06, 6.914138793945312e-05, 1.6570091247558594e-05, 1.1920928955078125e-07, 4.36328125, 5.6953125, 6.10546875, 0.0469970703125, 1.4580078125, 1.5244140625, 8.515625, 0.517578125, 1.673828125, 6.0234375, 2.94140625, 2.615234375, 10.25, 0.599609375, 5.25390625, 0.95068359375, 1.857421875, 2.30859375, 1.7138671875, 9.9296875, 3.546875, 7.08203125, 0.54248046875, 4.5859375, 8.1796875, 3.830078125, 2.46875, 3.147125244140625e-05, 4.744529724121094e-05, 0.0001176595687866211, 4.8160552978515625e-05, 1.1920928955078125e-07, 4.9296875, 3.869140625, 0.1512451171875, 0.8515625, 1.521484375, 5.7265625, 0.0269927978515625, 2.431640625, 3.8125, 0.08319091796875, 3.2578125, 0.60693359375, 5.234375, 0.78076171875, 3.564453125, 7.3984375, 1.98046875, 1.1787109375, 0.00017845630645751953, 3.349781036376953e-05, 7.200241088867188e-05, 4.2319297790527344e-05, 4.76837158203125e-07, 5.08984375, 5.01953125, 2.119140625, 0.0400390625, 3.47265625, 0.5400390625, 10.53125, 2.75390625, 5.421875, 9.46875, 0.2235107421875, 5.55859375, 10.7578125, 4.60546875, 1.197265625, 1.6181640625, 5.28515625, 2.4296875, 8.3671875, 4.8828125, 4.43359375, 3.73828125, 2.244140625, 6.46484375, 3.056640625, 2.16015625, 1.953125, 1.0625, 5.1640625, 0.4482421875, 7.748603820800781e-06, 0.00015556812286376953, 7.128715515136719e-05, 2.1696090698242188e-05, 1.1920928955078125e-07, 4.9921875, 2.888671875, 0.137451171875, 0.39990234375, 5.76171875, 2.58203125, 4.50390625, 1.234375, 3.765625, 1.5458984375, 5.68359375, 0.489013671875, 3.802734375, 0.016754150390625, 0.050506591796875, 0.310302734375, 1.3701171875, 6.25390625, 8.0234375, 0.368896484375, 4.65625, 3.318359375, 0.007770538330078125, 0.00040411949157714844, 0.3193359375, 2.92578125, 9.828125, 5.5, 1.3193359375, 4.82421875, 0.8935546875, 1.595703125, 1.287109375, 1.3125, 1.17578125, 4.76837158203125e-07, 0.00028204917907714844, 7.164478302001953e-05, 3.9696693420410156e-05, -0.0, 3.482421875, 0.0247802734375, 0.0096893310546875, 0.056854248046875, 1.61328125, 0.14599609375, -0.0, 5.4836273193359375e-05, 0.00014078617095947266, 3.612041473388672e-05, 2.384185791015625e-07, 3.521484375, 9.0390625, 4.10546875, 0.39501953125, 0.9306640625, 7.07421875, 2.05078125, 6.23828125, 5.515625, 3.962890625, 4.28125, 3.62890625, 0.42919921875, 2.763671875, 1.224609375, 5.3984375, 3.41796875, 0.0548095703125, 2.60546875, 1.607421875, 0.280029296875, 4.734375, 3.8984375, 0.6298828125, 4.0, 6.2421875, 0.50927734375, 5.68359375, 5.31640625, 6.26171875, 0.31982421875, 0.6162109375, 0.2587890625, 2.248046875, 2.5234375, 11.1328125, 0.8193359375, 0.034942626953125, 1.876953125, 4.296875, 5.25, 0.08441162109375, 2.623046875, 0.66357421875, 5.04296875, 2.1875, 3.12890625, 4.291534423828125e-06, 6.4373016357421875e-06, 2.193450927734375e-05, 2.0265579223632812e-05, -0.0, 2.392578125, 0.005519866943359375, 0.0034637451171875, 0.7060546875, 0.440185546875, 2.388671875, 0.00022590160369873047, 3.357421875, 1.62109375, 6.05078125, 9.7265625, 5.88671875, 2.818359375, 1.9609375, 2.15234375, 2.0623207092285156e-05, 9.655952453613281e-06, 8.344650268554688e-06, 1.5497207641601562e-05, -0.0, 4.640625, 7.796875, 6.4140625, 13.15625, 0.51220703125, 0.9560546875, 2.240234375, 8.296875, 2.6328125, 1.94921875, 4.69140625, 0.4619140625, 1.3369140625, 0.28564453125, 0.12939453125, 2.16015625, 2.529296875, 3.83984375, 0.0479736328125, 0.259033203125, 0.69140625, 3.201171875, 2.26171875, 0.9443359375, 0.890625, 0.7734375, 4.43359375, 1.70703125, 5.27734375, 3.064453125, 0.4482421875, 0.7763671875, 0.36474609375, 5.1796875, 0.0810546875, 1.1563301086425781e-05, 0.0003180503845214844, 0.0018625259399414062, 4.2557716369628906e-05, -0.0, 1.0728836059570312e-06, 0.000457763671875, 4.4226646423339844e-05, 1.6689300537109375e-06, -0.0, 2.288818359375e-05, 3.9577484130859375e-05, 5.0067901611328125e-06, 0.56201171875, 6.9609375, 1.232421875, 7.34765625, 1.6318359375, 0.291015625, 4.6015625, 4.625, 0.65576171875]",-1.0174786618777683
13,0,test,3.511758044688371,1.5291207171704648,2.129604638057904,5.782835103528755,2.5180131570172324,3.5068339848258896,33.507123053395844,26.24525337226044,29.523652623634426,55.17640023762789,43.21823160102767,48.61679324251178,3.6983421459868926,1.5077637673622402,2.1205285102678104,5.603548706040746,2.2844905566094544,3.212921985254258,40.38030418781262,31.439921642041504,35.53595148319578,61.18227907244336,47.6362449121841,53.84235073211482,3.511758044688371,1.5291207171704648,2.129604638057904,5.782835103528755,2.5180131570172324,3.5068339848258896,33.507123053395844,26.24525337226044,29.523652623634426,55.17640023762789,43.21823160102767,48.61679324251178,0.7839195979899498,-0.006080402010050223,0.00891959798994979,0.6130653266331658,-0.0069346733668341765,-0.0069346733668341765,0.5125628140703518,0.002562814070351749,0.002562814070351749,0.3905109489051095,0.06569343065693434,0.12043795620437958,0.34798534798534797,0.40703517587939697,0.06783919597989951,0.11390284757118929,0.36868686868686873,0.3905109489051095,0.06569343065693434,0.12043795620437958,0.34798534798534797,25.0,13.0,13.0,35.0,18.0,17.0,43.0,16.0,15.0,0.0005723474120954939,0.0006708122382938692,0.00022979512950816892,-0.000211034476049754,0.00020048395678795572,4.730815085896012e-05,"[7.03125, 1.359375, 1.5029296875, 0.00634765625, 0.041778564453125, 9.0859375, 5.93359375, 4.46875, 0.1451416015625, 1.7578125, 0.09332275390625, 0.2352294921875, 14.75, 14.0859375, 7.76953125, 14.890625, 1.55859375, 3.83984375, 3.306640625, 5.29296875, 3.369140625, 0.5283203125, 0.26171875, 5.91796875, 3.232421875, 2.146484375, 8.796875, 3.16015625, 2.263671875, 7.25, 1.568359375, 4.1640625, 7.64453125, 7.95703125, 8.40625, 1.0712890625, 2.26171875, 5.203125, 5.3515625, 2.1640625, 2.88671875, 2.765625, 9.484375, 5.26171875, 4.98046875, 6.53125, 6.82421875, 0.151611328125, 5.5625, 8.3359375, 2.556640625, 0.189208984375, 4.86328125, 0.9921875, 4.84375, 0.072021484375, 5.4140625, 12.578125, 2.869140625, 3.2421875, 5.75, 0.311767578125, 6.875, 2.041015625, 4.99609375, 5.51953125, 0.599609375, 1.193359375, 2.06640625, 8.21875, 1.6982421875, 5.34765625, 8.7734375, 5.4296875, 6.39453125, 0.6484375, 7.66796875, 1.2177734375, 7.80859375, 8.984375, 0.00281524658203125, 2.95703125, 1.875, 2.953125, 3.59375, 0.036895751953125, 1.4755859375, 5.15625, 0.37353515625, 9.4765625, 3.3125, 3.462890625, 3.25390625, 6.02734375, 0.413330078125, 4.9453125, 4.72265625, 1.318359375, 8.109375, 3.65234375, 0.326171875, 0.880859375, 0.0010242462158203125, 1.3896484375, 4.03515625, 3.400390625, 0.170166015625, 3.5625, 3.328125, 6.3984375, 1.958984375, 2.927734375, 1.7421875, 5.93359375, 0.9541015625, 3.1484375, 1.05078125, 2.494140625, 0.80078125, 3.81640625, 0.0257415771484375, 2.47265625, 4.515625, 7.5625, 6.07421875, 8.8359375, 1.060546875, 3.263671875, 1.9443359375, 10.0078125, 3.771484375, 1.45703125, 2.193359375, 1.3037109375, 0.0033016204833984375, 3.513671875, 1.2783203125, 3.7265625, 0.7509765625, 2.1328125, 3.171875, 4.71484375, 9.96875, 0.169189453125, 6.10546875, 2.240234375, 1.9306640625, 1.93359375, 0.6240234375, 4.9296875, 4.55859375, 6.7578125, 0.0521240234375, 7.2265625, 0.9765625, 9.6328125, 2.291015625, 1.767578125, 3.376953125, 5.6328125, 2.978515625, 2.291015625, 9.015625, 0.83642578125, 0.0010547637939453125, 9.1171875, 0.327392578125, 1.6826171875, 0.397705078125, 3.91796875, 1.2333984375, 4.98828125, 1.7158203125, 0.02459716796875, 4.83203125, 1.412109375, 8.421875, 5.08984375, 7.64453125, 1.66796875, 3.068359375, 4.11328125, 2.50390625, 5.0078125, 0.0321044921875, 0.41162109375, 0.6279296875, 0.74658203125, 0.033782958984375, 1.4697265625, 0.423095703125, 1.61328125, 0.0242156982421875, 4.78515625, 3.263671875, 10.328125, 6.96484375, 0.42431640625, 0.5908203125, 0.00036835670471191406, 7.6171875, 0.00592803955078125, 9.5703125, 1.958984375, 4.46875, 2.798828125, 6.69921875, 12.5703125, 7.15625, 4.671875, 2.54296875, 1.1103515625, 1.1552734375, 0.8349609375, 3.40234375, 4.046875, 0.5556640625, 0.1534423828125, 8.34375, 5.20703125, 2.529296875, 7.23046875, 2.984375, 1.8583984375, 3.60546875, 9.484375, 0.0355224609375, 0.0045928955078125, 0.01168060302734375, 7.07421875, 0.65478515625, 0.0005593299865722656, 1.423828125, 1.9072265625, 6.5234375, 1.3857421875, 1.5771484375, 7.1015625, 0.14892578125, 3.451171875, 8.9140625, 3.259765625, 2.7890625, 7.1171875, 0.0006189346313476562, 0.1776123046875, 0.007080078125, 1.78125, 0.007236480712890625, 0.78564453125, 2.234375, 0.0005712509155273438, 3.43359375, 2.65234375, 0.0038204193115234375, 0.0283966064453125, 0.054290771484375, 0.406494140625, 0.0011568069458007812, 0.1658935546875, 1.9375, 0.3701171875, 8.7890625, 17.484375, 2.203125, 4.20703125, 0.07110595703125, 0.1546630859375, 1.8623046875, 2.625, 0.490966796875, 3.43359375, 5.66015625, 0.004932403564453125]",-0.7748272862747636
412,0,test,3.5136124458346334,1.5708853552420576,2.1548133804277008,5.571308132345523,2.4908513643893397,3.416748288302487,33.56931634863046,26.591562333950936,29.67779931164653,53.228694983740006,42.164521490850376,47.05816796929588,3.47987070095599,1.4107004494299584,2.022380562258883,5.0801032130744375,2.0594167144962894,2.9523803828596833,32.45552533615363,24.537275100895883,28.160359617851157,47.3803289578885,35.820839563351655,41.11001404065862,3.5136124458346334,1.5708853552420576,2.1548133804277008,5.571308132345523,2.4908513643893397,3.416748288302487,33.56931634863046,26.591562333950936,29.67779931164653,53.228694983740006,42.164521490850376,47.05816796929588,0.7386934673366834,0.008693467336683414,0.003693467336683409,0.5728643216080402,-0.0021356783919597166,-0.012135678391959726,0.5025125628140703,0.012512562814070316,0.002512562814070307,0.4545454545454546,0.1473901316833255,0.20454545454545459,0.4736842105263158,0.4522613065326633,0.13145930152013197,0.19516614793500053,0.4696969696969697,0.4545454545454546,0.1473901316833255,0.20454545454545459,0.4736842105263158,27.0,15.0,13.0,41.0,16.0,16.0,51.0,19.0,20.0,-8.01892292155193e-05,-0.0003124070204575604,7.457958072839578e-05,-0.00029419353837489837,0.00015400165618917327,5.253467235455389e-06,"[2.859375, 1.2138671875, 0.351806640625, 0.0308380126953125, 0.0001201629638671875, 1.1474609375, 0.00901031494140625, 0.0285186767578125, 9.6015625, 10.0234375, 9.59375, 6.54296875, 1.1357421875, 2.435546875, 3.810546875, 0.578125, 7.98046875, 6.953125, 4.26953125, 3.248046875, 0.2135009765625, 7.7578125, 0.478515625, 1.326171875, 3.869140625, 1.7353515625, 6.140625, 0.105224609375, 6.08203125, 9.421875, 3.90234375, 0.20361328125, 0.037261962890625, 4.51171875, 1.0517578125, 1.095703125, 10.515625, 1.705078125, 1.0400390625, 4.671875, 1.482421875, 3.880859375, 1.7451171875, 5.61328125, 3.92578125, 1.408203125, 7.1328125, 4.12109375, 0.0243377685546875, 2.12890625, 7.375, 0.4921875, 1.8623046875, 7.05859375, 5.796875, 1.162109375, 3.037109375, 2.60546875, 7.30859375, 1.30859375, 2.134765625, 0.392578125, 0.232421875, 6.5859375, 0.0026092529296875, 0.2286376953125, 1.58984375, 8.094310760498047e-05, 2.62109375, 0.339599609375, 2.1484375, 0.01141357421875, 5.2890625, 5.6640625, 5.875, 0.69970703125, 9.1171875, 3.388671875, 1.2880859375, 7.71484375, 0.09808349609375, 8.0859375, 3.69140625, 3.94921875, 5.21875, 2.7109375, 7.03125, 0.030731201171875, 5.44921875, 1.0224609375, 0.49609375, 6.05859375, 0.366455078125, 4.09765625, 7.515625, 3.060546875, 1.5166015625, 1.5859375, 1.3466796875, 5.8515625, 0.0867919921875, 3.10546875, 0.802734375, 0.79296875, 0.004638671875, 7.1484375, 2.537109375, 8.640625, 1.20703125, 5.05859375, 5.10546875, 3.44140625, 0.70654296875, 3.32421875, 0.77294921875, 6.39453125, 4.1640625, 6.51171875, 1.37890625, 3.76171875, 2.8515625, 4.98046875, 4.30859375, 1.099609375, 9.0390625, 1.1259765625, 0.00798797607421875, 2.482421875, 4.2109375, 1.609375, 8.4140625, 7.76953125, 2.1640625, 8.1171875, 0.609375, 5.7109375, 0.62744140625, 0.4931640625, 0.4052734375, 4.91015625, 3.09765625, 3.509765625, 12.2421875, 4.0859375, 6.76953125, 1.1240234375, 3.568359375, 8.109375, 4.66796875, 0.10430908203125, 0.54541015625, 4.4609375, 2.501953125, 0.020660400390625, 0.00792694091796875, 0.8291015625, 1.7314453125, 2.73046875, 4.640625, 4.265625, 8.8046875, 0.340087890625, 4.43359375, 7.61328125, 4.98046875, 5.45703125, 1.1806640625, 2.564453125, 4.30078125, 0.441162109375, 0.1234130859375, 1.6015625, 9.859375, 5.859375, 2.390625, 6.16796875, 6.34765625, 7.75, 4.01171875, 8.3046875, 0.00836944580078125, 0.1343994140625, 3.58203125, 6.96875, 0.005504608154296875, 0.144775390625, 6.6328125, 0.1448974609375, 0.1378173828125, 1.4755859375, 3.712890625, 0.8662109375, 6.24609375, 8.8203125, 1.7421875, 10.390625, 0.2435302734375, 9.0390625, 2.953125, 5.41015625, 7.98828125, 3.5234375, 1.7294921875, 7.3984375, 9.1875, 1.203125, 3.630859375, 0.6572265625, 1.39453125, 0.1009521484375, 8.1328125, 7.6640625, 0.63134765625, 8.09375, 7.078125, 1.177734375, 4.0625, 7.19140625, 5.859375, 4.8203125, 2.599609375, 0.5478515625, 7.40625, 6.13671875, 7.67578125, 0.004688262939453125, 0.134521484375, 6.953125, 8.9921875, 11.59375, 5.60546875, 2.732421875, 1.828125, 1.8251953125, 0.0004513263702392578, 3.396484375, 4.86328125, 3.283203125, 5.296875, 0.86962890625, 6.015625, 0.09027099609375, 1.0966796875, 1.734375, 3.490234375, 0.693359375, 7.859375, 1.916015625, 6.671875, 5.08203125, 4.97265625, 2.197265625, 0.8154296875, 9.921875, 1.9033203125, 0.78564453125, 4.71484375, 1.4677734375, 0.755859375, 4.08203125, 8.4296875, 5.5, 0.464111328125, 3.697265625, 1.8486328125, 5.37109375, 3.8125, 0.57373046875, 5.8515625, 0.79052734375, 4.2265625, 1.8154296875, 1.6494140625, 0.00018930435180664062, 0.66162109375, 1.447265625, 0.00022792816162109375, 1.9716796875, 0.018829345703125, 2.173828125, 3.84375, 0.020782470703125, 4.8515625, 1.568359375, 1.7841796875, 5.23828125]",-0.8781235847439799
422,0,test,3.6924419565423454,1.6488774049944523,2.27957733995584,6.26743437360477,2.7987524374247936,3.8692825901882024,40.14275422729757,32.424682538842866,36.035048659616706,68.13704335949193,55.03663220408854,61.16475364592835,3.9312546690504755,1.8056358894808353,2.460869045952857,6.497941601736323,2.9845221313732813,4.067552142070838,50.970889164039406,42.592809094735486,46.61997653403084,84.24940357692464,70.40133734667022,77.05781245294354,3.6924419565423454,1.6488774049944523,2.27957733995584,6.26743437360477,2.7987524374247936,3.8692825901882024,40.14275422729757,32.424682538842866,36.035048659616706,68.13704335949193,55.03663220408854,61.16475364592835,0.8040201005025126,0.004020100502512558,-0.0009798994974873354,0.6633165829145728,-0.0016834170854271857,0.0033165829145729298,0.5376884422110553,-0.0023115577889447625,-0.027311557788944674,0.41245136186770426,0.0804125269162479,0.14983816652488413,0.38671875,0.4321608040201005,0.08128361103764437,0.16004060368621065,0.38888888888888884,0.41245136186770426,0.0804125269162479,0.14983816652488413,0.38671875,23.0,7.0,8.0,36.0,5.0,6.0,46.0,8.0,8.0,0.00028627981618349944,0.00016076430136965675,0.00021131552335775964,-9.322580442105988e-05,-0.00015080139628764755,0.00010688561932692409,"[1.859375, 5.28125, 0.00511932373046875, 0.052032470703125, 9.6875, 6.109375, 0.71533203125, 7.98828125, 4.30078125, 7.2109375, 1.16796875, 9.4140625, 1.81640625, 1.123046875, 10.8515625, 2.3515625, 11.5625, 6.05078125, 13.1953125, 7.26953125, 6.65625, 5.49609375, 4.6015625, 9.3671875, 5.5546875, 0.00713348388671875, 0.73779296875, 2.300739288330078e-05, 0.02606201171875, 0.69482421875, 0.05426025390625, 2.755859375, 2.76953125, 0.841796875, 3.505859375, 5.6484375, 2.623046875, 3.583984375, 0.01111602783203125, 3.8125, 3.544921875, 1.0888671875, 7.75390625, 1.859375, 11.34375, 5.6875, 4.26171875, 6.21484375, 5.9921875, 3.978515625, 0.004669189453125, 5.67578125, 8.796875, 1.458984375, 3.4609375, 3.552734375, 3.32421875, 0.0113525390625, 3.19140625, 6.76171875, 0.3564453125, 1.296875, 8.6953125, 6.625, 5.23828125, 10.3203125, 3.478515625, 1.8564453125, 2.994140625, 3.611328125, 0.324951171875, 7.6640625, 0.372314453125, 4.7890625, 2.51953125, 3.6796875, 5.3828125, 0.54052734375, 1.9287109375, 5.953125, 5.51171875, 3.345703125, 0.06146240234375, 3.263671875, 6.6875, 0.66748046875, 2.740234375, 11.6484375, 1.5791015625, 0.084716796875, 2.205078125, 3.765625, 1.0439453125, 4.51171875, 6.01171875, 2.533203125, 8.453125, 3.02734375, 2.357421875, 2.455078125, 0.794921875, 0.82861328125, 2.935546875, 3.099609375, 0.347412109375, 1.7724609375, 7.76171875, 1.5078125, 2.205078125, 1.712890625, 8.0390625, 3.166015625, 7.21875, 3.341796875, 2.591796875, 1.607421875, 5.47265625, 0.058807373046875, 0.29833984375, 6.23046875, 5.046875, 2.71484375, 0.81494140625, 3.119140625, 0.4287109375, 9.1015625, 0.04248046875, 0.334228515625, 1.685546875, 10.140625, 4.53125, 2.31640625, 0.556640625, 5.23046875, 3.0703125, 8.4921875, 6.19921875, 0.3740234375, 2.671875, 8.9921875, 1.03125, 12.25, 3.373046875, 4.93359375, 3.587890625, 0.07080078125, 0.57373046875, 7.4609375, 6.0234375, 2.421875, 2.080078125, 4.2421875, 1.7802734375, 1.5302734375, 5.91796875, 3.669921875, 11.109375, 5.44140625, 3.740234375, 2.55078125, 1.07421875, 3.068359375, 4.3359375, 7.16015625, 3.31640625, 1.2294921875, 14.1640625, 7.83203125, 0.354736328125, 0.50390625, 9.625, 6.1328125, 2.298828125, 1.1044921875, 4.29296875, 5.30078125, 4.078125, 2.5390625, 0.69384765625, 1.556640625, 6.95703125, 0.83056640625, 6.828125, 0.072509765625, 3.537109375, 1.35546875, 0.1231689453125, 4.140625, 5.94140625, 5.26171875, 6.828125, 1.2236328125, 9.8359375, 1.9814453125, 4.64453125, 0.2159423828125, 2.00390625, 0.400146484375, 1.6083984375, 0.005893707275390625, 4.81640625, 0.8291015625, 1.6162109375, 4.93359375, 2.73828125, 0.043365478515625, 3.1015625, 4.2421875, 0.433837890625, 9.0234375, 2.576171875, 0.02349853515625, 4.32421875, 0.287841796875, 1.1552734375, 8.7578125, 0.007190704345703125, 0.4619140625, 9.9296875, 2.302734375, 3.595703125, 9.453125, 1.4921875, 4.41015625, 3.3515625, 0.19921875, 1.1920928955078125e-06, 3.21484375, 6.125, 0.00038433074951171875, 0.9375, 4.9453125, 0.154541015625, 0.0019626617431640625, 6.3046875, 0.86669921875, 0.04498291015625, 0.002727508544921875, 4.62109375, 0.87158203125, 3.84375, 3.875, 3.203125, 0.81787109375, 1.6103515625, 10.7421875, 10.2265625, 0.469482421875, 5.68359375, 0.37841796875, 3.9296875, 4.703125, 0.0211334228515625, 8.0078125, 3.970703125, 1.728515625, 4.140625]",-0.8964991407171761
426,0,test,3.6046799279875676,1.653842028568921,2.2962812550407783,5.8116268226738335,2.666398372590709,3.702167737718806,36.76991295354024,29.735333571689605,33.069669288319794,59.28210455774855,47.940639840071,53.316405587291094,3.6327663019074867,1.6114520322578945,2.244843170036864,5.676197346730448,2.5178938004029603,3.5075674531826007,37.81728608414903,30.269047245472827,33.810765692475975,59.08950950648286,47.29538632105129,52.82932139449372,3.6046799279875676,1.653842028568921,2.2962812550407783,5.8116268226738335,2.666398372590709,3.702167737718806,36.76991295354024,29.735333571689605,33.069669288319794,59.28210455774855,47.940639840071,53.316405587291094,0.7889447236180904,-0.01605527638190951,-0.01605527638190951,0.6331658291457287,0.013165829145728725,-0.006834170854271293,0.4974874371859297,-0.01751256281407032,-0.007512562814070312,0.43644067796610164,0.10098420238223749,0.17015172612474183,0.37872340425531914,0.457286432160804,0.12227383770236566,0.18837886913559387,0.38888888888888884,0.43644067796610164,0.10098420238223749,0.17015172612474183,0.37872340425531914,26.0,12.0,12.0,39.0,13.0,12.0,45.0,11.0,9.0,9.28202786687122e-05,0.00015300618223266377,-5.55326741697599e-06,5.230255464905298e-05,-3.5372386360421615e-05,-6.165916468603427e-05,"[6.81640625, 4.9140625, 6.5859375, 5.234375, 5.55859375, 4.24609375, 0.061859130859375, 0.416748046875, 3.86328125, 11.9375, 10.1015625, 0.1380615234375, 0.0595703125, 2.544921875, 3.552734375, 2.28125, 1.794921875, 7.203125, 7.03515625, 2.98046875, 0.108642578125, 0.82080078125, 9.078125, 1.287109375, 6.41796875, 3.234375, 7.54296875, 4.8984375, 8.3828125, 1.384765625, 7.54296875, 7.66015625, 10.1171875, 3.455078125, 4.41796875, 1.3017578125, 4.6640625, 0.09417724609375, 2.837890625, 7.2578125, 2.380859375, 5.375, 4.87109375, 5.6484375, 5.74609375, 6.6875, 1.41796875, 6.890625, 0.058349609375, 0.286865234375, 4.109375, 10.5390625, 3.548828125, 1.1640625, 6.9140625, 2.5625, 0.90234375, 4.2421875, 2.5390625, 5.91015625, 0.6376953125, 4.046875, 0.8212890625, 0.0828857421875, 1.333984375, 5.22265625, 2.052734375, 6.5703125, 0.095703125, 1.375, 7.12890625, 0.08740234375, 2.681640625, 3.990234375, 4.66796875, 1.248046875, 1.3056640625, 9.265625, 0.1641845703125, 3.890625, 4.078125, 2.77734375, 4.69921875, 3.51953125, 7.92578125, 1.412109375, 8.984375, 0.061309814453125, 1.140625, 4.609375, 2.99609375, 1.2119140625, 0.78466796875, 8.078125, 5.33203125, 1.7744140625, 3.822265625, 4.671875, 8.71875, 2.3515625, 4.9375, 9.546875, 7.66015625, 6.6875, 0.2496337890625, 5.50390625, 1.9833984375, 2.19921875, 7.1875, 4.73828125, 2.708984375, 0.5830078125, 8.359375, 2.015625, 6.8359375, 2.1796875, 0.9501953125, 4.58984375, 0.162353515625, 1.96484375, 8.8125, 5.1015625, 1.7353515625, 1.1865234375, 3.689453125, 1.392578125, 5.140625, 0.042449951171875, 0.80810546875, 5.1171875, 0.16162109375, 6.77734375, 1.3671875, 8.7734375, 1.73828125, 0.81298828125, 4.07421875, 0.52783203125, 0.5791015625, 5.0390625, 2.876953125, 1.0595703125, 6.03515625, 2.2578125, 0.95068359375, 0.59326171875, 1.7587890625, 0.7314453125, 0.8642578125, 2.853515625, 3.93359375, 1.435546875, 0.060394287109375, 1.3037109375, 1.8681640625, 0.033843994140625, 3.763671875, 3.107421875, 0.0081634521484375, 0.0282440185546875, 8.6171875, 2.60546875, 1.0849609375, 5.4375, 0.0114288330078125, 5.47265625, 3.87109375, 3.49609375, 2.982421875, 2.197265625, 6.08984375, 0.446533203125, 1.1474609375, 4.76171875, 1.5361328125, 1.181640625, 6.40625, 6.1640625, 0.299072265625, 0.2176513671875, 3.140625, 6.79296875, 0.5107421875, 2.384765625, 2.015625, 3.400390625, 11.4453125, 7.6484375, 4.42578125, 3.546875, 4.15625, 6.8515625, 2.244140625, 2.17578125, 1.7353515625, 9.96875, 3.69140625, 1.4384765625, 3.677734375, 3.216796875, 3.57421875, 1.130859375, 5.71484375, 0.09832763671875, 7.89453125, 7.7265625, 0.429931640625, 9.8828125, 0.8154296875, 7.80859375, 1.3779296875, 0.9853515625, 4.32421875, 3.033203125, 7.45703125, 4.0859375, 1.4140625, 2.58984375, 0.0168304443359375, 5.11328125, 1.1123046875, 0.56201171875, 3.544921875, 3.201171875, 11.3125, 0.350830078125, 0.85791015625, 8.4765625, 1.271484375, 1.7587890625, 1.5, 0.0017652511596679688, 4.7578125, 1.7578125, 1.662109375, 7.91796875]",-0.813140048819073
382,0,test,3.67004726987436,1.5565528641847792,2.193792521839409,6.08455205268644,2.5806008011484503,3.6370770756811264,39.25376133681663,30.97664693310061,34.87723757303724,65.07860432156441,51.35601991540365,57.822788607930164,3.7749620873724394,1.6051942149397211,2.2818920063717054,5.8983782615194364,2.5081159608433143,3.5654562599557895,43.59585545096057,34.839604213443714,39.14511675719579,68.11852414212589,54.4368815835058,61.16424493311842,3.67004726987436,1.5565528641847792,2.193792521839409,6.08455205268644,2.5806008011484503,3.6370770756811264,39.25376133681663,30.97664693310061,34.87723757303724,65.07860432156441,51.35601991540365,57.822788607930164,0.7939698492462312,-0.011030150753768786,-0.011030150753768786,0.6683417085427136,-0.02165829145728637,-0.016658291457286478,0.5175879396984925,-0.007412060301507539,-0.012412060301507544,0.4143426294820717,0.05052553206656474,0.11368037782644258,0.41600000000000004,0.42211055276381915,0.06622082845304222,0.12995696344829322,0.43939393939393945,0.4143426294820717,0.05052553206656474,0.11368037782644258,0.41600000000000004,22.0,4.0,4.0,37.0,8.0,5.0,42.0,4.0,4.0,-9.340343329800095e-05,0.0002453202067064211,0.0001792297500953812,-5.164627325804361e-05,-0.00011782167916685182,0.0001279129611404528,"[2.310546875, 7.30078125, 1.7890625, 5.4765625, 0.98193359375, 7.65625, 2.427734375, 0.380615234375, 9.4921875, 0.97314453125, 4.5625, 0.393310546875, 10.6328125, 0.388671875, 2.212890625, 6.19921875, 2.10546875, 5.1015625, 1.685546875, 1.7421875, 3.5859375, 0.409912109375, 5.25390625, 0.1258544921875, 0.2225341796875, 1.6259765625, 8.4140625, 2.451171875, 4.52734375, 3.1640625, 0.99853515625, 0.0150604248046875, 7.70703125, 0.13525390625, 3.634765625, 2.03125, 3.658203125, 3.587890625, 2.392578125, 9.6875, 0.209716796875, 10.9765625, 0.39697265625, 7.73828125, 3.10546875, 5.0234375, 0.509765625, 5.24609375, 2.86328125, 5.828125, 0.048583984375, 5.74609375, 4.328125, 3.1484375, 4.52734375, 2.517578125, 0.1824951171875, 5.91796875, 7.40234375, 4.578125, 5.1328125, 3.14453125, 13.40625, 3.416015625, 2.71484375, 1.5439453125, 2.197265625, 4.296875, 3.18359375, 1.8359375, 6.49609375, 0.12359619140625, 5.46484375, 3.0078125, 6.0859375, 1.8623046875, 1.8837890625, 2.55859375, 5.48828125, 8.5, 2.474609375, 6.375, 0.2420654296875, 9.921875, 3.2421875, 6.21484375, 3.732421875, 5.46875, 3.904296875, 2.623046875, 0.31396484375, 5.4140625, 0.0013561248779296875, 12.8984375, 4.30859375, 8.8125, 1.1044921875, 5.63671875, 3.51953125, 9.6796875, 2.0859375, 1.3515625, 1.7861328125, 7.36328125, 4.84765625, 3.783203125, 7.59375, 1.90625, 2.80859375, 2.53125, 2.505859375, 2.123046875, 0.01166534423828125, 5.7265625, 2.060546875, 3.8125, 6.46484375, 5.7265625, 1.4853515625, 5.60546875, 1.39453125, 6.69140625, 1.814453125, 6.109375, 5.5078125, 9.0859375, 1.4208984375, 0.00039505958557128906, 0.85498046875, 0.297119140625, 1.658203125, 0.0002460479736328125, 9.1328125, 6.28125, 3.13671875, 5.01953125, 1.2509765625, 2.0, 5.72265625, 10.34375, 1.93359375, 0.75390625, 3.404296875, 1.9111328125, 6.70703125, 0.0110321044921875, 4.703125, 11.0625, 0.28466796875, 1.1826171875, 9.59375, 2.08203125, 5.65625, 0.324951171875, 6.6015625, 1.619140625, 2.5391578674316406e-05, 0.10693359375, 0.421142578125, 3.90625, 0.461181640625, 7.953125, 6.3671875, 0.2235107421875, 4.6015625, 2.22265625, 9.390625, 0.009765625, 3.65234375, 7.79296875, 1.912109375, 1.9521484375, 0.1380615234375, 4.53125, 1.927734375, 10.0703125, 2.208984375, 4.44921875, 6.74609375, 3.30078125, 1.7060546875, 2.12890625, 5.1640625, 2.97265625, 6.45703125, 0.040496826171875, 1.7392578125, 6.29296875, 1.318359375, 10.671875, 1.115234375, 5.62890625, 5.24609375, 0.09912109375, 4.5390625, 4.68359375, 3.046875, 1.431640625, 3.37890625, 2.498046875, 8.499622344970703e-05, 3.107421875, 3.19921875, 0.11517333984375, 5.53131103515625e-05, 0.10247802734375, 0.10272216796875, 3.30859375, 0.0013494491577148438, 5.94921875, 4.66796875, 5.35546875, 3.740234375, 4.42578125, 1.1083984375, 2.5859375, 2.580078125, 0.07745361328125, 3.021484375, 7.73828125, 2.896484375, 1.1728515625, 3.005859375, 7.609375, 1.1494140625, 3.00390625, 1.98046875, 1.8623046875, 3.548828125, 1.427734375, 0.1800537109375, 1.6806640625, 6.16015625, 5.05078125, 1.1845703125, 3.724609375, 3.09375, 1.0859375, 12.9140625, 5.1171875, 0.25537109375, 3.724609375, 0.11004638671875, 5.87109375, 1.998046875, 2.7421875, 6.140625, 1.85546875, 10.984375, 6.8203125, 4.03515625]",-0.5472822322313529
343,0,test,4.04834143475172,1.8783993673379857,2.5564547336889603,6.051205091944675,2.8077127385473046,3.8212270756192876,57.30233851979616,48.54456185440413,52.85686362575896,85.6519165243269,72.56134508763566,79.00710141955551,4.286343464899303,1.9061575563570616,2.681622693686096,5.871703376574387,2.6111747347357004,3.6734557447754734,72.70015124231688,61.89323946791411,67.7236814072343,99.58924827714641,84.78525954508783,92.77216631127986,4.04834143475172,1.8783993673379857,2.5564547336889603,6.051205091944675,2.8077127385473046,3.8212270756192876,57.30233851979616,48.54456185440413,52.85686362575896,85.6519165243269,72.56134508763566,79.00710141955551,0.8391959798994975,-0.0008040201005025116,-0.005804020100502516,0.7085427135678393,-0.011457286432160707,0.00854271356783931,0.5678391959798995,-0.012160804020100557,-0.0021608040201005485,0.44522968197879864,0.09073232748144411,0.16555870665564942,0.36879432624113473,0.42211055276381915,0.06371456278888177,0.1449820051845203,0.36868686868686873,0.44522968197879864,0.09073232748144411,0.16555870665564942,0.36879432624113473,20.0,0.0,0.0,33.0,-1.0,1.0,41.0,-4.0,1.0,0.0009601510204244095,0.00035423764052394853,0.0001171031195275981,-0.0002734037727947225,0.00016562223134020115,1.5767138139999304e-05,"[11.1875, 12.546875, 6.390625, 0.436279296875, 3.560546875, 9.7734375, 8.484375, 1.857421875, 5.21875, 0.53759765625, 1.0615234375, 5.98828125, 2.8515625, 2.599609375, 4.77734375, 6.5546875, 6.8828125, 5.69921875, 4.0234375, 2.08984375, 4.65625, 0.20849609375, 8.3359375, 4.48828125, 1.494140625, 10.453125, 4.59375, 1.578125, 0.92626953125, 3.607421875, 1.8115234375, 3.19921875, 7.21484375, 3.501953125, 4.09765625, 0.1346435546875, 1.0, 1.9619140625, 1.2021484375, 3.6484375, 1.701171875, 6.42578125, 7.56640625, 14.859375, 5.69921875, 11.875, 4.6875, 3.09375, 5.8359375, 7.44921875, 2.708984375, 0.52490234375, 6.04296875, 0.006824493408203125, 8.765625, 3.544921875, 7.1640625, 0.20947265625, 2.078125, 4.60546875, 6.71875, 1.3935546875, 2.375, 4.765625, 4.84375, 5.88671875, 4.39453125, 1.8662109375, 4.109375, 12.3828125, 0.75, 6.94140625, 6.7578125, 4.59375, 8.203125, 1.6708984375, 4.14453125, 4.76953125, 0.86279296875, 0.367431640625, 1.5478515625, 0.03155517578125, 5.3671875, 1.3291015625, 1.36328125, 6.265625, 0.90478515625, 1.6669921875, 7.5078125, 7.58984375, 9.9296875, 1.609375, 7.234375, 0.91650390625, 2.984375, 1.498046875, 6.609375, 9.328125, 16.390625, 6.2265625, 0.430419921875, 9.1875, 3.97265625, 3.109375, 5.05078125, 0.495849609375, 3.486328125, 0.1376953125, 0.19921875, 2.9921875, 0.6650390625, 1.7412109375, 2.873046875, 0.81884765625, 6.90234375, 2.830078125, 3.638671875, 4.23046875, 5.46875, 4.28515625, 2.8046875, 2.00390625, 2.609375, 9.4296875, 0.853515625, 3.091796875, 7.90234375, 1.6494140625, 0.564453125, 1.97265625, 10.5546875, 2.275390625, 15.53125, 0.050140380859375, 2.634765625, 1.4716796875, 4.62890625, 3.5703125, 2.02734375, 3.0, 4.859375, 13.7265625, 4.41015625, 3.697265625, 1.171875, 10.6328125, 2.203125, 10.578125, 0.8251953125, 7.3046875, 10.140625, 10.7890625, 5.1015625, 1.970703125, 2.96875, 3.904296875, 0.00018346309661865234, 1.8974609375, 4.5703125, 6.5, 7.29296875, 4.1953125, 6.29296875, 2.15625, 1.34765625, 7.1328125, 0.1595458984375, 3.015625, 0.14111328125, 8.4296875, 1.6845703125, 8.4296875, 5.15625, 6.59375, 2.43359375, 1.4345703125, 0.62939453125, 2.615234375, 4.234375, 5.57421875, 7.44140625, 1.6787109375, 4.25390625, 4.96484375, 0.367431640625, 6.31640625, 6.1875, 3.119140625, 2.626953125, 8.4296875, 2.91015625, 9.515625, 3.138671875, 2.404296875, 2.140625, 0.00695037841796875, 4.9375, 3.017578125, 2.1640625, 5.625, 4.9140625, 7.23828125, 4.31640625, 4.75, 5.0625, 2.744140625, 3.6328125, 0.0015001296997070312, 3.7578125, 0.5751953125, 4.078125, 7.58203125, 3.3984375, 9.0859375, 0.134521484375, 4.34375, 4.15234375, 5.64453125, 0.94140625, 1.111328125, 4.57421875, 2.138671875, 1.470703125, 1.5048828125, 10.0390625, 0.87841796875, 3.09765625, 3.1015625, 4.703125, 1.03515625, 5.4921875, 5.03125, 2.279296875, 0.290771484375, 8.046875, 4.1640625, 1.9638671875, 5.44921875, 3.822265625, 1.837890625, 2.318359375, 0.56103515625, 4.89453125, 2.912109375, 0.10601806640625, 5.9921875, 6.29296875, 3.732421875, 6.43359375, 0.978515625, 5.50390625, 2.5703125, 2.755859375, 0.92724609375, 6.6328125, 8.4140625, 2.216796875, 1.037109375, 12.0703125, 7.53125, 5.203125, 2.171875, 0.391845703125, 5.6875, 0.092529296875, 0.021881103515625, 0.1494140625, 0.521484375, 9.3828125, 0.48486328125, 0.06695556640625, 2.765625, 2.0742416381835938e-05, 3.615234375, 0.78662109375, 0.0596923828125, 7.152557373046875e-06, 1.3193359375, 2.921875, 0.0002837181091308594, 3.708984375, 1.1611328125, 4.73046875]",-0.44284995242479397
137,0,test,3.8961493697236564,1.6461749043534781,2.3252939557889443,6.36915435888957,2.691052388553889,3.8012290414992913,49.2125843234174,39.72509074978825,44.40182269670491,80.44931449277216,64.93981901013288,72.58501554611043,4.011288612931218,1.5417781078572692,2.2636940806651333,6.124104752566745,2.3538597066523193,3.4560214971986762,55.21797933999277,43.40131809996451,49.477202539530225,84.30225853434011,66.26155435109087,75.53771380080951,3.8961493697236564,1.6461749043534781,2.3252939557889443,6.36915435888957,2.691052388553889,3.8012290414992913,49.2125843234174,39.72509074978825,44.40182269670491,80.44931449277216,64.93981901013288,72.58501554611043,0.7437185929648241,-0.006281407035175879,-0.016281407035175888,0.6281407035175879,0.003140703517587884,0.013140703517587893,0.5276381909547738,-0.007361809045226098,-0.012361809045226213,0.42647058823529416,0.08885590933621157,0.15385445131597875,0.39852398523985244,0.457286432160804,0.09889044218586662,0.17348008825429317,0.43434343434343436,0.42647058823529416,0.08885590933621157,0.15385445131597875,0.39852398523985244,26.0,-1.0,-1.0,35.0,0.0,0.0,45.0,-1.0,1.0,0.000522946405838729,0.00029880908212945924,0.00013593258388962286,-0.00019717463232815646,0.00020823100688893703,5.431726479621091e-05,"[7.4140625, 14.5, 4.6875, 12.8671875, 0.9765625, 8.4375, 0.73193359375, 2.728515625, 2.48046875, 4.57421875, 8.8671875, 0.033905029296875, 9.4296875, 4.28515625, 3.357421875, 0.117431640625, 5.01953125, 0.11083984375, 8.3828125, 0.83447265625, 7.734375, 11.03125, 6.015625, 0.047332763671875, 8.8515625, 2.548828125, 5.51953125, 6.59765625, 4.11328125, 3.083984375, 1.66796875, 8.9765625, 3.517578125, 2.376953125, 7.34375, 0.7158203125, 0.0003323554992675781, 0.142822265625, 0.5234375, 0.0013513565063476562, 0.051239013671875, 1.513671875, 9.59375, 7.51953125, 0.461669921875, 3.218650817871094e-05, 0.302978515625, 0.787109375, 1.2646484375, 5.515625, 10.265625, 2.759765625, 5.296875, 5.55859375, 0.08837890625, 0.0006556510925292969, 0.027862548828125, 0.798828125, 2.875, 1.45703125, 1.33203125, 1.9482421875, 10.640625, 0.319580078125, 5.609375, 3.267578125, 6.6015625, 1.6142578125, 5.359375, 7.66796875, 7.0078125, 8.71875, 7.61328125, 1.525390625, 2.5625, 0.24951171875, 7.5, 6.23828125, 4.8828125, 0.00507354736328125, 8.09375, 2.958984375, 10.1171875, 2.935546875, 10.9296875, 9.9140625, 5.91796875, 8.515625, 0.16357421875, 4.6953125, 0.85546875, 1.4609375, 0.001384735107421875, 0.5556640625, 1.5048828125, 5.78125, 3.228515625, 0.265625, 4.48046875, 0.5712890625, 0.97021484375, 3.353515625, 11.109375, 0.01425933837890625, 4.6328125, 6.3046875, 4.71875, 1.45703125, 3.958984375, 1.7451171875, 7.79296875, 7.38671875, 0.09515380859375, 4.8203125, 3.234375, 1.9345703125, 2.232421875, 1.373046875, 8.4609375, 0.15771484375, 7.5703125, 3.521484375, 5.796875, 0.0022678375244140625, 8.765625, 4.65625, 9.34375, 5.4140625, 5.484375, 0.06634521484375, 3.1015625, 2.001953125, 2.16796875, 0.003192901611328125, 6.61328125, 4.21484375, 9.421875, 5.80859375, 1.4052734375, 0.22802734375, 4.76953125, 3.767578125, 0.39208984375, 0.00804901123046875, 7.546875, 0.134033203125, 5.5703125, 2.044921875, 2.826171875, 1.1455078125, 0.443603515625, 7.91015625, 0.445068359375, 2.1875, 3.462890625, 0.39453125, 4.73828125, 7.7421875, 2.0078125, 3.142578125, 0.0005273818969726562, 0.2467041015625, 1.455078125, 7.23046875, 3.919921875, 5.453125, 1.681640625, 10.9453125, 4.90625, 2.27734375, 1.1494140625, 1.8525390625, 8.6015625, 0.0273590087890625, 5.54296875, 3.37109375, 1.3544921875, 11.4375, 9.296875, 0.0116424560546875, 8.84375, 7.89453125, 4.92578125, 2.939453125, 2.099609375, 1.15625, 7.5234375, 0.097412109375, 10.4140625, 5.2265625, 7.2890625, 3.177734375, 4.26953125, 8.2734375, 1.646484375, 2.771484375, 3.162109375, 1.5634765625, 8.328125, 3.84375, 2.130859375, 5.0546875, 3.669921875, 1.2900390625, 4.41796875, 3.16015625, 1.2548828125, 1.552734375, 3.859375, 6.5, 0.70751953125, 14.5703125, 8.296875, 0.966796875, 4.6171875, 1.8427734375, 2.845703125, 4.203125, 3.740234375, 6.26171875, 4.4140625, 1.5166015625, 3.435546875, 3.111328125, 7.2421875, 4.02734375, 6.375, 0.01076507568359375, 2.62109375, 5.41796875, 2.119140625, 3.46875, 8.484375, 9.1171875, 2.318359375, 1.09375, 10.09375, 8.4609375, 1.3369140625, 9.015625, 0.280517578125, 2.541015625, 1.521484375, 0.033111572265625, 2.28125, 5.4375, 2.421875, 4.3046875, 0.2265625, 0.147705078125, 0.8798828125, 4.703125, 0.7529296875, 0.00177001953125, 0.167724609375, 1.3876953125, 0.00011682510375976562, 0.03607177734375, 0.44384765625, 6.4765625, 1.3408203125, 9.21875, 3.5234375, 0.61962890625, 10.8125, 4.73046875, 2.53515625, 1.6591796875, 2.150390625, 2.716796875, 2.78515625, 0.366455078125]",-0.48068263863815996
370,0,test,3.9725417566478702,1.783566572107059,2.4737844945669627,6.276145852218825,2.8178241109620403,3.908286745854314,53.11937592226723,44.19331506161285,48.64325295755684,83.92232764050503,69.8202078192345,76.85058307495666,3.9257649165302064,1.6238667011813486,2.3134169538689475,5.9034058895191075,2.4419048138065396,3.4788224870209734,50.69183825782026,40.69870467580766,45.6772668151525,76.22832820724851,61.201059662868666,68.68761927090601,3.9725417566478702,1.783566572107059,2.4737844945669627,6.276145852218825,2.8178241109620403,3.908286745854314,53.11937592226723,44.19331506161285,48.64325295755684,83.92232764050503,69.8202078192345,76.85058307495666,0.7839195979899498,0.00891959798994979,-0.0010804020100502187,0.6381909547738693,0.0031909547738693256,-0.011809045226130688,0.542713567839196,-0.007286432160804046,-0.0022864321608039306,0.46616541353383456,0.12657817150756812,0.19491541353383457,0.4830188679245283,0.4723618090452262,0.12649714739109086,0.18855546513871535,0.4949494949494949,0.46616541353383456,0.12657817150756812,0.19491541353383457,0.4830188679245283,25.0,12.0,10.0,40.0,14.0,14.0,45.0,10.0,9.0,-0.00015060200007794403,-0.00023417201369902642,-0.00014773623443643542,-0.00015559510116602837,0.0002314721571865519,7.534460660885145e-05,"[2.859375, 1.2138671875, 0.351806640625, 0.0308380126953125, 0.0001201629638671875, 1.1474609375, 0.00901031494140625, 0.0285186767578125, 5.59765625, 0.556640625, 4.23828125, 0.1483154296875, 5.8203125, 5.3984375, 9.46875, 2.501953125, 9.4921875, 0.057403564453125, 10.8046875, 5.5234375, 3.96484375, 8.390625, 3.177734375, 4.92578125, 0.0017795562744140625, 3.5234375, 1.6259765625, 9.7734375, 13.0078125, 0.1337890625, 5.9765625, 8.4453125, 1.154296875, 9.0234375, 6.24609375, 5.125, 3.587890625, 0.66845703125, 4.61328125, 1.07421875, 0.01422882080078125, 0.21337890625, 0.740234375, 5.94140625, 0.006084442138671875, 5.2109375, 5.984375, 4.1640625, 3.544921875, 0.002475738525390625, 5.41796875, 0.30029296875, 3.63671875, 0.81494140625, 5.34375, 0.1346435546875, 1.71875, 4.6640625, 8.6015625, 0.7099609375, 1.28515625, 7.51953125, 6.06640625, 1.462890625, 1.82421875, 8.5390625, 1.716796875, 5.234375, 1.4189453125, 6.33203125, 0.98974609375, 1.9189453125, 5.71484375, 6.7578125, 6.5546875, 0.54248046875, 8.6484375, 11.390625, 8.125, 1.125, 5.80859375, 8.3671875, 2.63671875, 0.07366943359375, 5.6953125, 2.36328125, 3.091796875, 7.17578125, 5.14453125, 0.10028076171875, 5.765625, 1.44140625, 4.5546875, 1.310546875, 2.375, 3.462890625, 6.29296875, 1.580078125, 2.318359375, 0.22802734375, 1.2275390625, 4.3984375, 1.3232421875, 2.166015625, 3.65234375, 1.564453125, 6.16015625, 4.81640625, 0.51025390625, 3.447265625, 1.7548828125, 3.482421875, 2.666015625, 6.34765625, 2.255859375, 2.8515625, 2.455078125, 5.11328125, 0.95166015625, 6.62890625, 0.01513671875, 0.978515625, 8.765625, 3.626953125, 9.7265625, 1.1630859375, 5.90234375, 3.083984375, 1.0244140625, 5.59765625, 2.060546875, 10.7265625, 6.171875, 9.5625, 8.359375, 2.94140625, 5.13671875, 2.232421875, 0.039031982421875, 1.0791015625, 5.04296875, 2.837890625, 5.87109375, 1.6865234375, 7.046875, 5.95703125, 3.35546875, 5.3515625, 0.0033702850341796875, 0.0037212371826171875, 1.318359375, 11.84375, 4.9765625, 0.6552734375, 5.841255187988281e-06, 4.2578125, 0.9052734375, 8.2421875, 1.40625, 2.4921875, 4.21484375, 8.3515625, 3.12109375, 0.0928955078125, 9.119510650634766e-05, 4.125, 0.375732421875, 5.06640625, 11.28125, 5.515625, 0.63427734375, 2.0265579223632812e-05, 4.8203125, 2.1875, 11.421875, 4.67578125, 4.32421875, 0.005771636962890625, 7.87109375, 2.072265625, 2.986328125, 2.677734375, 8.0546875, 4.7578125, 5.71875, 7.68359375, 7.38671875, 7.0390625, 1.791015625, 6.0859375, 1.8720703125, 2.998046875, 8.71875, 8.1953125, 1.4072265625, 5.65625, 7.28125, 5.96875, 0.11322021484375, 4.09765625, 4.28515625, 6.2578125, 2.76171875, 7.640625, 2.263671875, 7.828125, 4.48046875, 3.220703125, 13.015625, 0.95458984375, 0.07659912109375, 8.546875, 7.234375, 6.84375, 5.109375, 1.240234375, 7.474422454833984e-05, 4.0625, 0.273681640625, 3.794921875, 0.1407470703125, 4.84375, 3.796875, 1.3291015625, 7.55078125, 0.09832763671875, 4.60546875, 1.5263671875, 6.703125, 0.2281494140625, 5.64453125, 2.98046875, 3.080078125, 2.259765625, 9.0, 9.1640625, 6.921875, 2.248046875, 2.287109375, 2.93359375, 9.3828125, 5.125, 5.01953125, 0.484130859375, 2.939453125, 6.1328125, 2.669921875, 4.79296875, 2.70703125, 7.93359375, 0.822265625, 5.44140625, 5.4609375, 1.1083984375, 3.306640625, 4.58984375, 0.2607421875, 1.326171875, 2.396484375, 7.671875, 2.611328125, 6.37890625, 3.005859375, 3.619140625, 0.021087646484375, 8.578125]",-0.7778945493518856
5,0,test,3.8642104938353374,1.7714288821085868,2.4454074036805755,6.015873155175469,2.757792691464505,3.807054708002715,47.665625268318216,39.55818970219616,43.53345362602939,74.20671206544995,61.58490896819174,67.77367212234121,3.7311919963539544,1.586562459041645,2.2668667126299544,5.446995615115261,2.316149575243277,3.3092944709926337,41.72881913075642,33.18994181492385,37.40419476949664,60.91798413249112,48.45246980280854,54.60466389707538,3.8642104938353374,1.7714288821085868,2.4454074036805755,6.015873155175469,2.757792691464505,3.807054708002715,47.665625268318216,39.55818970219616,43.53345362602939,74.20671206544995,61.58490896819174,67.77367212234121,0.778894472361809,-0.006105527638191055,0.008894472361808958,0.6281407035175879,-0.02185929648241214,-0.02185929648241214,0.4974874371859297,-0.007512562814070312,-0.002512562814070307,0.41758241758241754,0.07206139381642118,0.14474441514636394,0.4375,0.40703517587939697,0.053651717232780394,0.13491497554550713,0.4242424242424242,0.41758241758241754,0.07206139381642118,0.14474441514636394,0.4375,22.0,-2.0,0.0,28.0,-4.0,-4.0,41.0,0.0,-1.0,-0.0004717765999333596,-0.0004169518393092854,-7.987049818543192e-05,-0.00020410455418851114,0.00020435748183800229,5.0812707827141423e-05,"[6.5859375, 7.96484375, 7.67578125, 3.29296875, 3.423828125, 3.5, 0.82568359375, 3.798828125, 7.11328125, 1.388671875, 1.146484375, 3.5625, 0.06866455078125, 2.595703125, 0.253173828125, 5.921875, 7.23046875, 4.3359375, 0.10711669921875, 1.0478515625, 6.73046875, 3.03515625, 8.296875, 1.201171875, 0.036041259765625, 0.12261962890625, 0.8173828125, 1.1376953125, 8.828125, 0.8251953125, 1.556640625, 1.130859375, 1.10546875, 9.765625, 1.78125, 3.5078125, 0.476318359375, 4.1875, 3.314453125, 6.7890625, 0.232177734375, 4.859375, 8.734375, 7.24609375, 4.6015625, 3.248046875, 2.744140625, 2.2265625, 4.59375, 0.005466461181640625, 2.99609375, 0.01134490966796875, 1.375, 9.53125, 0.270263671875, 2.326171875, 5.86328125, 1.6279296875, 1.220703125, 3.751953125, 0.027923583984375, 1.490234375, 2.43359375, 2.58984375, 5.60546875, 2.23828125, 1.48046875, 5.65625, 0.01904296875, 0.08343505859375, 2.91796875, 6.60546875, 2.974609375, 2.720703125, 3.69921875, 3.9609375, 8.4765625, 1.5322265625, 1.8477439880371094e-05, 1.220703125, 0.08941650390625, 2.267578125, 6.04296875, 0.036773681640625, 13.0703125, 7.63671875, 0.51416015625, 9.421875, 1.3095703125, 5.8828125, 1.560546875, 5.10546875, 7.70703125, 4.16796875, 0.462890625, 12.96875, 4.8125, 2.03125, 2.990234375, 6.640625, 0.0009140968322753906, 4.625, 2.849609375, 4.2109375, 8.84375, 6.3671875, 5.5546875, 0.74462890625, 1.0380859375, 2.80078125, 4.484375, 4.1015625, 0.0011510848999023438, 0.221923828125, 0.17041015625, 2.40234375, 3.36328125, 4.98046875, 5.03515625, 4.25, 4.6796875, 8.7578125, 5.97265625, 1.705078125, 2.498046875, 10.4296875, 2.447265625, 2.90625, 3.744140625, 4.09375, 0.583984375, 3.443359375, 7.66796875, 0.0040740966796875, 10.328125, 3.732421875, 9.1953125, 8.1328125, 2.16015625, 7.748603820800781e-06, 0.09271240234375, 0.041839599609375, 3.720703125, 2.8984375, 2.51171875, 2.634765625, 1.1708984375, 6.45703125, 0.6875, 5.84375, 14.9140625, 6.90625, 0.96630859375, 1.041015625, 10.015625, 5.53515625, 1.58203125, 4.88671875, 0.31982421875, 2.037109375, 5.6640625, 2.6484375, 2.802734375, 5.53125, 1.4892578125, 0.849609375, 6.6875, 8.9296875, 5.00390625, 1.072265625, 0.016448974609375, 3.416015625, 2.5546875, 2.865234375, 0.06268310546875, 0.06207275390625, 5.2421875, 1.7646484375, 7.66796875, 0.53125, 8.5703125, 0.0197601318359375, 5.25390625, 7.6875, 5.36328125, 2.345703125, 4.76837158203125e-07, 1.43359375, 0.07611083984375, 2.4609375, 6.9140625, 9.1171875, 2.8828125, 8.203125, 2.64453125, 7.328125, 11.171875, 9.625, 0.951171875, 5.32421875, 0.08123779296875, 2.099609375, 0.00588226318359375, 3.373046875, 2.708984375, 5.109375, 6.87109375, 2.857421875, 6.3515625, 1.3671875, 1.30078125, 2.046875, 0.0018854141235351562, 8.7109375, 1.1650390625, 1.0224609375, 11.203125, 11.0390625, 6.37109375, 6.39453125, 7.95703125, 0.00173187255859375, 4.515625, 2.177734375, 6.09375, 9.75, 4.58203125, 0.159423828125, 0.09454345703125, 0.3486328125, 4.09765625, 3.73046875, 4.0390625, 7.125, 2.455078125, 0.3095703125, 5.75, 8.828125, 1.0009765625, 9.71875, 5.39453125, 7.5625, 0.9716796875, 5.578125, 5.97265625, 10.5625, 1.3955078125, 2.08984375, 2.8125, 5.640625, 0.640625, 3.5078125, 6.71875, 2.57421875, 4.265625, 2.787109375, 10.4609375, 0.48974609375, 3.455078125, 5.22265625, 3.380859375, 2.91796875, 6.92578125, 0.55419921875, 5.25, 5.0859375, 2.15234375, 0.281494140625, 2.396484375, 11.5625, 11.4375, 0.12451171875, 2.509765625]",-0.8530923053895161
487,0,test,3.1653415045954962,1.4095221570608838,1.9390978769576783,6.229875954904513,2.7741550734510394,3.8164410444581063,23.696835229291587,17.90864689185348,20.288432997926737,46.638994177395546,35.24695471071799,39.93073755642906,3.043226762632629,1.186215554970797,1.7061808646090777,5.292568282839355,2.0629835738622555,2.9672710688853527,20.972808442609157,14.568242223753868,17.16503013374819,36.47444946540723,25.336073432615425,29.85222631956207,3.143539164775989,1.4075179479727074,1.9303380138977362,6.204353614689452,2.777995949946133,3.8098776590086896,23.185780117255717,17.511060152098032,19.821543253823144,45.7614081261626,34.56130293177243,39.12146694833515,0.6783919597989949,0.008391959798994986,0.00339195979899487,0.5326633165829145,-0.027336683417085506,-0.012336683417085381,0.4170854271356784,0.002085427135678386,0.002085427135678386,0.41233766233766234,0.09629228146245972,0.15855796471347228,0.42345276872964166,0.4170854271356784,0.09628342212314711,0.15164302312900058,0.43939393939393945,0.40802675585284276,0.09083143031027185,0.15441162793293173,0.42281879194630867,19.0,10.0,10.0,31.0,22.0,22.0,37.0,25.0,25.0,0.00011065812667464102,-3.4038409952051494e-05,0.00011492876828889673,0.00047149473440466494,6.878410509703059e-05,-7.1846786077856e-05,"[2.892578125, 2.212890625, 0.25, 0.0423583984375, 3.719329833984375e-05, 0.7880859375, 0.01218414306640625, 0.01407623291015625, 1.5830078125, 9.0625, 2.96875, 0.81640625, 0.6552734375, 9.609375, 3.158203125, 2.59375, 5.91015625, 1.564453125, 10.2109375, 0.7529296875, 0.1348876953125, 5.4921875, 7.51171875, 3.0703125, 2.404296875, 6.3359375, 0.0789794921875, 1.67578125, 3.689453125, 3.96875, 3.27734375, 6.60546875, 5.99609375, 5.28125, 3.662109375, 0.88916015625, 5.7265625, 1.966796875, 1.255859375, 3.70703125, 5.48046875, 2.986328125, 6.9609375, 0.02667236328125, 4.01953125, 0.049041748046875, 1.7548828125, 6.5390625, 0.149169921875, 0.97900390625, 0.52001953125, 1.798828125, 0.578125, 7.5625, 1.29296875, 6.1796875, 0.0743408203125, 2.126953125, 0.3349609375, 5.4765625, 4.82421875, 5.46484375, 0.62890625, 0.108642578125, 0.407470703125, 5.04296875, 2.20703125, 2.150390625, 4.109375, 0.9267578125, 4.27734375, 0.02630615234375, 4.8359375, 1.9697265625, 8.46875, 2.908203125, 1.486328125, 5.82421875, 7.78125, 3.869140625, 5.515625, 1.66796875, 3.22265625, 3.98046875, 4.01171875, 0.308349609375, 6.8515625, 1.2216796875, 4.01953125, 0.007587432861328125, 3.03515625, 8.25, 2.998046875, 2.38671875, 2.33984375, 4.5703125, 4.25390625, 0.51171875, 0.66552734375, 14.1875, 2.845703125, 9.796875, 8.484375, 1.5947265625, 2.025390625, 2.04296875, 0.00048804283142089844, 10.3046875, 0.373779296875, 1.287109375, 2.560546875, 0.323486328125, 5.8359375, 6.08203125, 5.0234375, 1.1708984375, 4.83984375, 3.181640625, 2.751953125, 6.83203125, 11.015625, 1.3935546875, 5.12890625, 1.0517578125, 4.6171875, 2.236328125, 0.0011692047119140625, 4.140625, 3.833984375, 0.5146484375, 0.001171112060546875, 5.578125, 8.109375, 0.001117706298828125, 2.908203125, 4.7578125, 7.9921875, 0.11907958984375, 1.0283203125, 2.31640625, 4.65625, 2.52734375, 0.1212158203125, 10.2578125, 2.0859375, 0.020172119140625, 2.607421875, 2.708984375, 2.484375, 0.12841796875, 8.9296875, 3.203125, 0.036102294921875, 7.1328125, 10.7734375, 0.2412109375, 4.4375, 4.296875, 0.2274169921875, 1.1533203125, 4.609375, 4.24609375, 5.484375, 2.1457672119140625e-05, 1.0967254638671875e-05, 5.698204040527344e-05, 2.5272369384765625e-05, 1.1920928955078125e-07, 9.1015625, 3.775390625, 4.65625, 7.49609375, 2.4140625, 0.10784912109375, 2.2265625, 9.3671875, 2.923828125, 1.119140625, -0.0, 4.0531158447265625e-06, 8.7738037109375e-05, 6.67572021484375e-05, 8.344650268554688e-07, 4.953125, 0.005474090576171875, 0.01093292236328125, 0.00823211669921875, 0.0035343170166015625, 0.34130859375, 0.265869140625, 1.4541015625, 7.78515625, 0.0740966796875, 0.638671875, 1.5244140625, 2.384185791015625e-07, 1.0728836059570312e-06, 1.5497207641601562e-05, 2.7894973754882812e-05, -0.0, 6.05859375, 5.6640625, 5.578125, 0.6103515625, 3.396484375, 2.251953125, 0.88525390625, 2.68359375, 5.34765625, 1.921875, 3.580078125, 7.09765625, 5.5703125, 0.020172119140625, 3.791015625, 0.958984375, 2.130859375, 7.48046875, 0.7294921875, 0.54296875, 4.4765625, 7.46484375, 5.55859375, 6.2265625, 4.94140625, 7.9765625, 2.96875, 9.8984375, 2.416015625, 10.390625, 8.125, 2.580078125, 7.29296875, 4.58203125, 1.443359375, 2.384185791015625e-07, 4.172325134277344e-06, 3.814697265625e-06, 2.658367156982422e-05, -0.0, 4.46875, 6.609375, 6.08984375, 0.085205078125, 1.38671875, 2.490234375, 2.16015625, 2.921875, 8.828125, 4.046875, 2.73046875, 3.64453125, 6.04296875, 0.26806640625, 7.11328125, 5.5, 4.98046875, 1.365234375, 2.5546875, 4.6640625, 5.5625, 1.8916015625, 8.265625, 1.3798828125, 1.1920928955078125e-07, 5.960464477539062e-07, 7.62939453125e-06, 1.3828277587890625e-05, -0.0, 9.421875, 4.69921875, 1.4404296875, 0.1846923828125, 0.17236328125, 1.7314453125, 0.00016045570373535156, 7.30078125, 4.02734375, 2.56640625, 0.4365234375, 3.21875, 6.15625, 3.087890625, 3.0390625, 3.197265625, 0.89404296875, 0.3955078125, 2.029296875, 0.2423095703125, 2.26953125, 4.10546875, 10.1640625, 8.1328125, 1.9345703125, 2.7109375, 2.6484375, 0.0323486328125, 3.794921875, 1.1552734375, 7.85546875, 0.58251953125, 0.07501220703125, 5.125, 0.60400390625, 0.04254150390625, 0.22314453125, 2.986328125, 7.78125]",-0.7050894417546014
94,0,test,3.757788652279338,1.7313615193621055,2.370634077188096,5.6482099374750785,2.602353203949177,3.5632229994544997,42.85355700766992,35.266626226883616,38.85011467142392,64.41178814036276,53.00811917537722,58.39434413802981,3.731456881791503,1.610652826838757,2.2891641575687096,5.447382309184675,2.3513179953850463,3.3418454855017656,41.739873951336115,33.40203507750912,37.50949014109832,60.93412255669505,48.76209500366294,54.758379768026735,3.757788652279338,1.7313615193621055,2.370634077188096,5.6482099374750785,2.602353203949177,3.5632229994544997,42.85355700766992,35.266626226883616,38.85011467142392,64.41178814036276,53.00811917537722,58.39434413802981,0.7487437185929648,-0.006256281407035158,-0.011256281407035162,0.6532663316582914,0.013266331658291386,0.003266331658291377,0.5477386934673367,-0.03226130653266335,-0.002261306532663321,0.46311475409836067,0.12704918032786883,0.2008196721311476,0.3950617283950617,0.46733668341708545,0.11557788944723624,0.20100502512562812,0.4040404040404041,0.46311475409836067,0.12704918032786883,0.2008196721311476,0.3950617283950617,21.0,4.0,2.0,31.0,1.0,1.0,41.0,4.0,3.0,0.00015308036975437238,1.5936662196444805e-05,0.00015259139841430487,-3.136820234672655e-06,-7.934534252473924e-05,-9.790377231322367e-05,"[6.01953125, 5.16015625, 11.453125, 6.26953125, 4.64453125, 3.744140625, 8.3984375, 4.6953125, 6.42578125, 0.390625, 5.3984375, 0.282470703125, 1.8623046875, 9.015625, 7.01953125, 1.7998046875, 2.58203125, 0.9267578125, 3.91796875, 6.5078125, 2.26171875, 3.03515625, 2.404296875, 0.02679443359375, 4.22265625, 5.625, 3.125, 0.83837890625, 5.265625, 5.5078125, 0.9609375, 4.16796875, 0.1778564453125, 5.4453125, 4.38671875, 2.189453125, 0.669921875, 3.10546875, 4.76171875, 4.328125, 0.392822265625, 7.62890625, 6.9765625, 1.2294921875, 5.66015625, 9.5, 2.0703125, 9.9765625, 1.515625, 3.44140625, 0.89501953125, 16.15625, 1.861328125, 5.8515625, 15.25, 0.70458984375, 1.0068359375, 0.91455078125, 3.373046875, 6.19140625, 0.254638671875, 0.285888671875, 9.984375, 6.6171875, 4.38671875, 5.63671875, 4.23828125, 2.3828125, 7.52734375, 0.1307373046875, 0.69921875, 3.796875, 2.41796875, 11.078125, 3.650390625, 0.253662109375, 4.7109375, 6.76953125, 3.083984375, 1.6435546875, 2.763671875, 1.2236328125, 3.84375, 0.07635498046875, 0.2186279296875, 0.615234375, 0.352294921875, 2.021484375, 4.36328125, 9.46875, 5.828125, 5.21484375, 2.341796875, 4.984375, 11.6328125, 0.195556640625, 0.0022106170654296875, 2.302734375, 7.375, 1.2265625, 1.677734375, 4.5546875, 4.9453125, 0.75146484375, 7.953125, 1.7578125, 11.9375, 0.66796875, 1.7626953125, 3.7265625, 1.2392578125, 6.859375, 3.798828125, 4.84375, 0.0003685951232910156, 10.484375, 7.7890625, 4.19921875, 1.87109375, 7.953125, 2.12890625, 1.0869140625, 4.4140625, 3.943359375, 3.560546875, 4.71484375, 0.00811004638671875, 4.5, 3.076171875, 5.99609375, 0.292724609375, 5.953125, 4.25, 3.908203125, 4.20703125, 1.60546875, 4.78515625, 1.248046875, 8.8046875, 6.6953125, 7.8515625, 0.26123046875, 0.1302490234375, 2.6875, 1.169921875, 3.14453125, 6.57421875, 2.9375, 0.7724609375, 7.01171875, 0.37109375, 0.444580078125, 0.336669921875, 4.33984375, 0.7451171875, 7.890625, 3.001953125, 5.35546875, 4.33203125, 1.326171875, 0.0017528533935546875, 3.8828125, 0.736328125, 2.541015625, 3.275390625, 4.0, 0.272705078125, 3.771484375, 0.0455322265625, 8.328125, 0.353271484375, 2.998046875, 6.95703125, 1.921875, 1.5908203125, 4.8671875, 4.01171875, 3.029296875, 7.0546875, 0.01165008544921875, 0.351806640625, 3.927734375, 0.1336669921875, 0.2017822265625, 0.1561279296875, 8.234375, 0.4365234375, 4.328125, 3.544921875, 8.5, 3.48046875, 1.869140625, 5.7421875, 1.708984375, 2.67578125, 3.361328125, 5.12109375, 0.1036376953125, 5.5859375, 3.404296875, 1.6064453125, 0.6201171875, 5.34375, 4.6171875, 1.3583984375, 3.556640625, 3.1640625, 1.9130859375, 1.9814453125, 6.41796875, 2.365234375, 9.2578125, 0.18603515625, 4.54296875, 1.646484375, 0.80810546875, 12.2265625, 10.4375, 6.84765625, 3.109375, 1.0009765625, 0.5419921875, 0.007534027099609375, 7.17578125, 6.09375, 4.7421875, 1.8115234375, 4.2734375, 0.010406494140625, 4.19921875, 0.56103515625, 4.26953125, 9.2421875, 0.168212890625, 4.26953125, 2.826171875, 2.263671875, 0.56396484375, 2.171875, 0.7294921875, 10.515625, 4.69140625, 9.03125, 1.361328125]",-0.9246749936557208
281,0,test,3.526086716307807,1.4430567562349284,2.0508107034784353,6.278154397328534,2.569344956223165,3.651443447656726,33.990691791906464,25.961932876111018,29.618449390510925,60.52001221485785,46.22490487697815,52.73528793920238,3.8364664909228607,1.5105537216458664,2.224486340663464,6.447842841887161,2.538745750665322,3.738632505316746,46.361366362977655,36.12534741633445,41.348639002717555,77.91826279492044,60.7148696072848,69.49351092893707,3.530107446962206,1.446516388802023,2.059532448651572,6.285313259225391,2.5755047898182357,3.66697240857475,34.12763432839808,26.094369227243785,29.775897665360144,60.76383673105024,46.46070618509259,53.0156226724705,0.7587939698492463,-0.02120603015075373,-0.01120603015075372,0.6281407035175879,-0.016859296482412134,-0.0018592964824121205,0.5276381909547738,-0.012361809045226213,-0.007361809045226098,0.45360824742268047,0.09854821311736317,0.170179675994109,0.3793103448275862,0.457286432160804,0.10390297351418742,0.17848843549970217,0.4191919191919192,0.4501718213058419,0.10368811633157082,0.16788610702012763,0.3793103448275862,22.0,7.0,9.0,35.0,10.0,11.0,45.0,12.0,14.0,0.001031226371537907,0.0002717865146162046,0.00019721790882011977,-0.004980678629902258,-0.003348451078060144,-0.004187803874484253,"[1.06640625, 4.92578125, 10.9609375, 2.466796875, 2.609375, 3.90625, 8.3125, 1.490234375, 0.060791015625, 8.1953125, 3.634765625, 6.0, 3.787109375, 0.198974609375, 8.125, 4.44921875, 4.38671875, 1.8515625, 3.5390625, 1.14453125, 4.6328125, 5.8828125, 1.859375, 2.47265625, 0.0009636878967285156, 3.71875, 0.180419921875, 5.1640625, 6.078125, 3.8515625, 3.056640625, 10.125, 0.38720703125, 0.08819580078125, 1.35546875, 5.5234375, 7.64453125, 4.29296875, 12.8125, 5.63671875, 2.8671875, 5.81640625, 4.36328125, 3.81640625, 0.52587890625, 0.1959228515625, 5.16015625, 7.65625, 5.20703125, 3.857421875, 6.4921875, 0.396240234375, 1.0166015625, 7.77734375, 8.3515625, 3.494140625, 5.9765625, 4.25, 0.73291015625, 4.98046875, 7.3984375, 7.796875, 0.5673828125, 1.3701171875, 2.017578125, 5.86328125, 4.484375, 0.7890625, 0.9150390625, 0.21484375, 4.79296875, 4.43359375, 0.38330078125, 3.396484375, 4.26953125, 1.826171875, 9.9140625, 0.927734375, 3.7734375, 6.140625, 3.572265625, 7.34765625, 2.6484375, 9.2890625, 6.00390625, 1.9853515625, 0.56982421875, 0.433837890625, 1.875, 7.42578125, 1.6845703125, 2.93359375, 3.47265625, 1.6240234375, 2.90625, 1.224609375, 9.1328125, 6.7578125, 0.0360107421875, 1.6650390625, 7.3515625, 3.857421875, 0.171875, 4.03515625, 2.673828125, 4.30078125, 9.5546875, 0.1326904296875, 0.4482421875, 0.7333984375, 1.1611328125, 1.4501953125, 3.703125, 7.1953125, 6.4140625, 1.1376953125, 2.82421875, 2.185546875, 8.21875, 4.84765625, 0.8232421875, 4.54296875, 1.0703125, 8.2421875, 0.60302734375, 8.703125, 0.11663818359375, 0.9228515625, 9.6875, 0.40576171875, 6.22265625, 11.4140625, 11.75, 3.904296875, 0.0004982948303222656, 3.78515625, 0.64794921875, 13.0234375, 3.873046875, 6.51171875, 3.65234375, 0.00937652587890625, 0.320068359375, 2.5234375, 5.296875, 0.93896484375, 1.66796875, 0.000865936279296875, 10.765625, 1.365234375, 3.318359375, 1.96484375, 2.869140625, 4.12890625, 0.040130615234375, 5.15234375, 12.078125, 8.4296875, 1.5439453125, 5.3671875, 10.1953125, 0.0008831024169921875, 6.96484375, 5.859375, 6.95703125, 8.609375, 0.3583984375, 0.3623046875, 10.9765625, 3.52734375, 2.28125, 0.00026869773864746094, 2.13671875, 2.265625, 2.51171875, 0.046661376953125, 4.99609375, 6.51953125, 6.484375, 8.5, 5.0, 2.75, 3.759765625, 4.50390625, 1.7744140625, 2.5234375, 0.00013446807861328125, 4.04296875, 1.94140625, 0.35498046875, 3.845703125, 10.578125, 0.3984375, 1.9912109375, 2.7060508728027344e-05, 4.08984375, 1.8916015625, 0.69189453125, 1.7404556274414062e-05, 3.271484375, 1.154296875, 2.208984375, 4.39453125, 3.6875, 0.42919921875, 6.46875, 0.1939697265625, 5.515625, 5.53125, 4.08203125, 0.0003285408020019531, 1.9482421875, 2.48046875, 1.029296875, 2.185546875, 6.985664367675781e-05, 2.98046875, 0.3623046875, 0.26318359375, 2.7418136596679688e-05, 3.361328125, 0.365478515625, 0.35400390625, 2.1457672119140625e-05, 2.482421875, 0.76123046875, 2.201171875, 0.0002644062042236328, 2.794921875, 7.69921875, 0.18359375, 4.484375, 3.62890625, 8.1171875, 7.0546875, 0.1229248046875, 3.5390625, 2.7265625, 1.650390625, 0.16015625, 4.546875, 1.18359375, 1.1201171875, 6.5703125, 5.53515625, 5.2109375, 0.79052734375, 7.61328125, 5.3984375, 2.126953125, 0.023040771484375, 6.6484375, 0.2218017578125, 2.26171875, 2.421875, 0.00012767314910888672, 2.5546875, 0.1998291015625, 0.1630859375, 2.0265579223632812e-06, 3.93359375, 0.1610107421875, 0.2239990234375, 7.271766662597656e-06, 3.091796875, 3.1328125, 3.720703125, 3.130859375, 2.708984375, 0.4951171875, 7.03515625, 0.8193359375, 1.9453125, 3.021484375, 6.32421875, 6.984375, 2.927734375, 6.59765625, 1.0458984375, 0.055084228515625, 2.51953125, 2.76171875, 0.442626953125, 6.59765625, 8.53125, 4.59375, 0.003986358642578125, 0.1285400390625, 1.5458984375, 4.79296875, 9.90625]",-0.3602682069404839
10,0,test,4.121862721971318,1.912779920776201,2.600478838269191,6.405051386592686,2.9723099749316457,4.040940155545753,61.67401688094571,52.56665757894392,57.09545987764099,95.83658505519504,81.68446300257462,88.72186657456959,4.416323595909617,1.9781406172078464,2.7732480909459127,6.091480821944299,2.7284698168384085,3.8251697806150515,82.79135070990776,71.3391377984611,77.62030204255566,114.1949664964245,98.39881075649805,107.06248557593884,4.170243140447099,1.9137952287865594,2.629621786315369,6.448829598629536,2.9594771579173607,4.066425442755726,64.73118896441838,55.182079391951284,60.06369943035128,100.0997767491006,85.33311246178035,92.88200942837828,0.7839195979899498,-0.011080402010050228,-0.011080402010050228,0.6683417085427136,-0.0016582914572863539,-0.006658291457286469,0.6130653266331658,-0.001934673366834172,0.013065326633165841,0.4620253164556962,0.1460695502629632,0.2093937375083278,0.37777777777777777,0.4723618090452262,0.134015944383572,0.21025830320215444,0.38888888888888884,0.4682274247491639,0.14936265012479,0.21349994977697262,0.3791946308724832,25.0,9.0,9.0,38.0,6.0,8.0,45.0,4.0,4.0,0.0014121583363853293,0.0004268475014141511,0.0002527444023308414,0.00043990332195509296,3.7795904697546234e-05,-9.98832418286355e-05,"[9.109375, 5.609375, 7.890625, 6.1015625, 1.0205078125, 2.169921875, 12.8984375, 9.1875, 4.07421875, 5.62890625, 14.6953125, 4.6484375, 3.859375, 4.73828125, 1.7158203125, 7.953125, 4.75390625, 5.56640625, 9.796875, 10.953125, 3.900390625, 2.046875, 8.8828125, 1.69140625, 1.0927734375, 6.03125, 8.2734375, 1.1865234375, 10.40625, 7.484375, 7.421875, 4.02734375, 4.53125, 6.53515625, 3.693359375, 5.6484375, 0.402099609375, 1.33984375, 5.203125, 2.310546875, 0.58544921875, 8.2109375, 5.22265625, 8.8671875, 8.09375, 0.58203125, 6.37109375, 9.0625, 7.77734375, 6.62109375, 0.0212860107421875, 3.185546875, 6.09375, 7.3203125, 8.875, 3.19140625, 4.74609375, 7.00390625, 5.53515625, 4.87109375, 1.6318359375, 7.52734375, 3.548828125, 0.0243377685546875, 0.63671875, 4.265625, 12.921875, 0.1932373046875, 5.0703125, 5.34375, 3.353515625, 0.0070648193359375, 9.21875, 0.375732421875, 0.2291259765625, 5.54296875, 2.279296875, 0.005619049072265625, 1.41796875, 7.83203125, 4.9296875, 0.833984375, 0.50244140625, 1.9833984375, 8.2109375, 5.27734375, 4.546875, 0.49755859375, 5.9765625, 4.4375, 3.29296875, 4.5546875, 2.900390625, 8.7890625, 4.73828125, 7.93359375, 0.6318359375, 4.4921875, 9.0078125, 5.5390625, 2.25390625, 7.0703125, 12.1328125, 0.180908203125, 9.9921875, 0.693359375, 4.859375, 6.65234375, 2.140625, 5.0546875, 0.0110321044921875, 10.0859375, 8.703125, 0.005615234375, 1.740234375, 5.796875, 4.06640625, 5.2265625, 0.454833984375, 6.734375, 3.603515625, 7.47265625, 0.89453125, 0.007572174072265625, 1.99609375, 7.6875, 0.445068359375, 0.8251953125, 0.8994140625, 0.0005402565002441406, 0.07049560546875, 1.3916015625, 5.64453125, 11.0078125, 5.04296875, 8.390625, 4.66015625, 5.76953125, 1.3330078125, 1.548828125, 0.377197265625, 1.6904296875, 0.0006995201110839844, 0.2218017578125, 2.796875, 1.177734375, 10.5625, 1.5693359375, 10.2578125, 5.609375, 8.03125, 4.17578125, 2.263671875, 0.0005688667297363281, 0.23828125, 0.7900390625, 1.3505859375, 8.2265625, 6.265625, 3.677734375, 10.4453125, 12.9765625, 0.0552978515625, 1.5673828125, 6.7265625, 0.228759765625, 5.4609375, 3.763671875, 1.6298828125, 2.84765625, 3.22265625, 0.73779296875, 6.203125, 0.986328125, 4.02734375, 4.73046875, 6.359375, 1.0673828125, 1.7021484375, 8.390625, 0.01490020751953125, 5.7890625, 7.8671875, 4.7578125, 2.076171875, 0.01263427734375, 0.00678253173828125, 0.131103515625, 6.15625, 3.220703125, 9.2109375, 9.03125, 7.94921875, 2.572265625, 0.00030684471130371094, 0.147216796875, 2.0546875, 8.984375, 2.40234375, 11.453125, 6.8125, 7.00390625, 2.306640625, 11.5859375, 0.75634765625, 0.22216796875, 0.0005788803100585938, 5.078125, 1.271484375, 1.25390625, 7.54296875, 1.0810546875, 1.8583984375, 8.0390625, 0.1708984375, 0.00010800361633300781, 0.245849609375, 3.228515625, 0.0006060600280761719, 0.0093841552734375, 1.54296875, 2.806640625, 10.5703125, 7.78125, 1.2041015625, 7.6484375, 1.951171875, 6.65625, 0.724609375, 0.0081329345703125, 0.00109100341796875, 0.0206146240234375, 8.6796875, 0.03643798828125, 7.48046875, 7.37109375, 6.59765625, 11.0234375, 0.98193359375, 0.00058746337890625, 0.388916015625, 1.70703125, 0.00045013427734375, 0.0130767822265625, 1.14453125, 12.1328125, 0.61376953125, 0.020355224609375, 6.25, 4.34765625, 7.2421875, 7.12109375, 2.541015625, 1.689453125, 7.765625, 4.65234375, 13.6015625, 3.521484375, 5.34375, 7.58984375, 5.8203125, 2.43359375, 5.7578125, 0.00839996337890625, 2.326171875, 5.81640625, 5.33984375, 4.0625, 1.6591796875, 0.00047898292541503906, 0.30908203125, 1.513671875, 0.00025010108947753906, 0.01351165771484375, 0.398193359375, 2.025390625, 7.03515625, 5.7421875, 0.880859375, 7.1328125, 4.0234375, 6.640625, 3.275390625, 11.5, 0.09368896484375, 0.244384765625, 2.595703125, 8.921875, 2.36328125, 3.65234375, 2.48828125, 9.3984375, 2.69921875, 0.60107421875, 3.171875, 0.9443359375, 0.0006275177001953125, 0.308837890625, 0.442626953125, 3.8743019104003906e-05, 0.023406982421875, 0.43701171875, 2.8371810913085938e-05, 0.0294342041015625, 1.447265625, 6.12890625, 7.9296875, 2.94921875, 0.11883544921875, 11.640625, 0.734375, 0.1490478515625, 5.90234375, 5.703125, 0.006320953369140625, 12.40625]",-0.23387448734874994
263,0,test,3.4142090354534176,1.454955285093701,1.9964276491094994,6.589205972881436,2.8079710279196903,3.8529782017845746,30.392900211245355,23.29886904008209,26.264948268461914,58.65636155418689,44.965333242960966,50.68967723149019,3.4476497718437233,1.3676992883231964,1.9710862652317258,5.995912646684737,2.378607457953385,3.42797611344648,31.4264461290442,23.422373558055693,27.04857086738255,54.65468892007688,40.73456270966208,47.04099281283923,3.436602038683301,1.463586018629686,2.0189901395036367,6.608850074390964,2.814588497364781,3.8826733451993016,31.081165931622962,23.888829892788813,26.953913564422265,59.77147294542877,45.94005748613233,51.8344491623505,0.7587939698492463,0.013793969849246301,0.0037939698492462925,0.5678391959798995,-0.0021608040201005485,-0.012160804020100557,0.4723618090452262,-0.022638190954773818,-0.017638190954773814,0.4039735099337748,0.07835367522303094,0.11542725442716684,0.3920265780730897,0.42211055276381915,0.09629601642296703,0.13496531069370232,0.4191919191919192,0.4046822742474916,0.07913970329590558,0.11658438770689095,0.3959731543624161,24.0,0.0,1.0,36.0,-1.0,0.0,45.0,-1.0,0.0,0.00077471463893434,0.00032153888230047016,0.00017840861777924997,0.0004951882937413998,9.202525539642181e-05,-5.081944426521545e-05,"[1.859375, 5.28125, 0.00511932373046875, 0.052032470703125, 1.68359375, 10.0078125, 0.152099609375, 10.6484375, 9.1328125, 1.6669921875, 6.80078125, 0.9853515625, 0.38427734375, 2.630859375, 3.95703125, 2.07421875, 3.060546875, 1.3447265625, 2.759765625, 3.091796875, 4.16015625, 2.25, 4.08984375, 3.3828125, 6.4453125, 2.419921875, 2.794921875, 7.65625, 1.7470703125, 6.79296875, 6.234375, 4.40625, 4.4375, 1.591796875, 1.9669532775878906e-05, 1.8798828125, 0.29150390625, 2.4375, 6.73828125, 0.486328125, 12.65625, 8.3125, 1.80078125, 9.984375, 6.9921875, 6.6171875, 4.8046875, 4.84765625, 8.28125, 6.7890625, 1.8740234375, 4.56640625, 0.01690673828125, 9.5078125, 4.4296875, 0.260498046875, 3.453125, 1.962890625, 5.07421875, 3.380859375, 0.0158233642578125, 0.5126953125, 4.58984375, 1.0224609375, 1.4306640625, 1.845703125, 1.994140625, 3.4921875, 4.78515625, 0.2427978515625, 7.3671875, 7.01953125, 1.0478515625, 3.583984375, 4.796875, 2.4609375, 4.66015625, 2.30859375, 4.32421875, 0.0276031494140625, 8.2421875, 0.16064453125, 0.300537109375, 3.83984375, 6.86328125, 0.0657958984375, 3.958984375, 1.412109375, 0.76513671875, 1.2705078125, 0.0008602142333984375, 5.40234375, 3.34765625, 8.90625, 0.73291015625, 7.19140625, 1.333984375, 3.689453125, 7.26953125, 0.1124267578125, 1.123046875, 6.35546875, 0.058563232421875, 0.2069091796875, 4.6953125, 1.1025390625, 1.1259765625, 9.0234375, 0.151611328125, 6.93359375, 1.2822265625, 7.70703125, 1.68359375, 7.48046875, 4.40625, 0.6181640625, 6.37890625, 0.72509765625, 2.669921875, 1.6767578125, 3.041015625, 4.19140625, 2.419921875, 2.49609375, 4.203125, 0.499755859375, 1.2099609375, 9.375, 6.09375, 1.5966796875, 0.76611328125, 6.90234375, 3.416015625, 3.1015625, 0.10589599609375, 4.921875, 4.08984375, 1.505859375, 7.51171875, 1.869140625, 1.8671875, 1.6591796875, 9.078125, 0.65625, 0.0211029052734375, 2.01953125, 6.62109375, 6.2265625, 9.5234375, 2.91796875, 3.99609375, 9.171875, 0.08062744140625, 0.1619873046875, 7.3984375, 1.31640625, 7.5546875, 0.048736572265625, 0.1197509765625, 4.88671875, 1.890625, 0.0032978057861328125, 3.28515625, 0.77099609375, 1.9365234375, 8.1484375, 4.9921875, 2.296875, 7.703125, 1.626953125, 6.92578125, 9.9765625, 3.375, 4.0625, 0.02703857421875, 4.0859375, 0.251220703125, 0.029205322265625, 0.1094970703125, 0.427978515625, 2.154296875, 6.9921875, 0.018768310546875, 6.484375, 3.173828125, 5.00390625, 4.80078125, 0.043243408203125, 0.0245208740234375, 0.5302734375, 4.125, 0.137451171875, 4.26171875, 5.984375, 1.525390625, 4.65625, 2.052734375, 5.34765625, 0.0281219482421875, 1.87890625, 8.984375, 7.6875, 7.484375, 3.072265625, 8.640625, 6.0625, 6.90234375, 5.30859375, 6.20703125, 1.2099609375, 2.232421875, 7.05078125, 2.28515625, 6.80859375, 4.99609375, 0.69921875, 1.6123046875, 4.05078125, 7.3125, 4.1640625, 1.4169921875, 2.740234375, 2.345703125, 8.7265625, 0.1966552734375, 11.0, 2.58984375, 2.76171875, 9.2109375, 0.64111328125, 1.646484375, 8.09375, 7.26171875, 2.8671875, 2.6875, 1.16015625, 0.845703125, 0.0009121894836425781, 6.71484375, 1.275390625, 2.48828125, 7.9296875, 2.79296875, 10.09375, 0.810546875, 8.234375, 1.328125, 1.8134765625, 5.578125, 1.38671875, 7.984375, 2.224609375, 6.375, 7.77734375, 0.0029544830322265625, 0.34423828125, 3.240234375, 2.467632293701172e-05, 1.333984375, 0.018341064453125, 9.46875, 0.057586669921875, 0.040252685546875, 2.388671875, 0.0001424551010131836, 1.5244140625, 2.197265625, 0.00014197826385498047, 1.7119140625, 0.07965087890625, 3.244140625, 1.416015625, 6.079673767089844e-06, 0.03558349609375, 3.1484375, 2.9921531677246094e-05, 1.916015625, 0.08880615234375, 8.015625, 0.380126953125, 0.055389404296875, 1.7021484375, 6.29425048828125e-05, 2.0546875, 2.3359375, 1.609325408935547e-05, 0.74169921875, 0.036346435546875, 11.75, 10.046875, 6.4609375, 2.365234375, 0.0003046989440917969, 0.95947265625, 0.63525390625, 0.71728515625, 5.73046875, 0.50146484375, 0.000194549560546875, 0.1513671875, 0.270751953125, 3.125]",-0.34112414974250527
389,0,test,3.765265452608149,1.6776238973221385,2.324925196692789,5.884785740500154,2.621981720318044,3.6336579233079354,43.175165299059614,35.1092954926471,38.95303312099308,67.479066295219,54.872806200428585,60.88023719572428,3.746743762912463,1.6044054932772123,2.2859380520657897,5.3909982200179325,2.3084971126290825,3.289119499375237,42.382848458585975,33.86351359929637,38.0734181739182,60.98251576774961,48.724479998987576,54.781896653119716,3.765265452608149,1.6776238973221385,2.324925196692789,5.884785740500154,2.621981720318044,3.6336579233079354,43.175165299059614,35.1092954926471,38.95303312099308,67.479066295219,54.872806200428585,60.88023719572428,0.7688442211055276,-0.016155778894472395,-0.006155778894472386,0.6080402010050252,-0.001959798994974782,-0.001959798994974782,0.4824120603015075,-0.0025879396984924696,-0.007587939698492474,0.4170212765957447,0.08793422776347293,0.15535225255048302,0.41880341880341876,0.4170854271356784,0.08375209380234505,0.14997357404719758,0.40909090909090906,0.4170212765957447,0.08793422776347293,0.15535225255048302,0.41880341880341876,22.0,1.0,3.0,34.0,0.0,0.0,43.0,4.0,4.0,0.0001684941622917776,5.292128881364081e-05,-0.00014904939276277158,5.923247650940766e-05,-2.987576684176929e-05,-5.7128588733412755e-05,"[10.21875, 11.359375, 4.5, 3.509765625, 2.73046875, 6.68359375, 6.58203125, 2.431640625, 0.06390380859375, 0.931640625, 0.155517578125, 3.099609375, 10.953125, 2.87109375, 8.5234375, 0.0341796875, 1.6962890625, 4.6953125, 3.12890625, 2.8671875, 11.25, 1.134765625, 6.06640625, 0.7978515625, 4.88671875, 6.37890625, 0.498779296875, 0.58056640625, 2.71875, 5.37890625, 3.021484375, 3.8125, 7.234375, 1.275390625, 3.93359375, 1.48828125, 0.29296875, 0.17431640625, 1.865234375, 1.7607421875, 5.71484375, 7.0546875, 4.71875, 0.3359375, 2.28515625, 1.2431640625, 1.4462890625, 0.8515625, 4.00390625, 2.099609375, 5.41796875, 9.453125, 2.6328125, 3.998046875, 5.859375, 8.3203125, 4.75390625, 4.31640625, 2.875, 7.83984375, 0.00104522705078125, 6.49609375, 0.177001953125, 10.984375, 0.416748046875, 0.07440185546875, 2.458984375, 1.2099609375, 5.44921875, 0.6083984375, 3.318359375, 3.861328125, 0.8623046875, 5.84375, 5.2265625, 0.6181640625, 2.5, 0.00428009033203125, 3.923828125, 0.888671875, 1.380859375, 2.833984375, 1.625, 0.004131317138671875, 0.521484375, 3.62890625, 0.344482421875, 1.0439453125, 0.64599609375, 4.29296875, 6.79296875, 3.5078125, 1.3955078125, 7.81640625, 11.0234375, 7.5703125, 1.68359375, 7.79296875, 0.615234375, 5.38671875, 4.3984375, 3.09765625, 1.861328125, 5.77734375, 3.009765625, 0.069091796875, 6.9375, 2.3046875, 3.720703125, 1.3720703125, 8.859375, 8.4296875, 1.2236328125, 0.0021533966064453125, 2.595703125, 7.4609375, 0.7763671875, 7.71484375, 0.106689453125, 1.689453125, 6.91015625, 9.28125, 1.658203125, 6.91796875, 5.1953125, 0.01331329345703125, 1.0634765625, 0.021026611328125, 0.24365234375, 1.560546875, 1.0146484375, 10.6015625, 1.9931640625, 0.41552734375, 6.62890625, 0.2154541015625, 0.7568359375, 6.91015625, 7.66796875, 3.162109375, 0.3212890625, 5.12109375, 0.00433349609375, 7.9453125, 3.181640625, 4.5, 0.6875, 0.57177734375, 9.5234375, 3.189453125, 2.75390625, 0.001953125, 6.3046875, 1.77734375, 1.3505859375, 8.859375, 8.5390625, 0.12225341796875, 0.49853515625, 9.59375, 5.80078125, 2.232421875, 3.51171875, 2.146484375, 3.359375, 0.047454833984375, 1.216796875, 5.5234375, 0.7587890625, 2.5, 1.248046875, 12.671875, 7.24609375, 1.3974609375, 0.1636962890625, 1.505859375, 1.6787109375, 10.3671875, 1.9560546875, 1.7646484375, 5.2109375, 0.006069183349609375, 7.359375, 5.83203125, 5.6875, 4.86328125, 3.66796875, 2.787109375, 2.37890625, 9.2421875, 1.84375, 5.53125, 5.46875, 0.59228515625, 1.2841796875, 15.5625, 6.58203125, 8.8515625, 2.345703125, 3.064453125, 9.265625, 0.449462890625, 0.1636962890625, 2.734375, 4.765625, 8.640625, 0.034881591796875, 9.390625, 9.234375, 0.032135009765625, 3.3984375, 1.6728515625, 0.01207733154296875, 6.5234375, 6.94140625, 9.1640625, 10.0, 1.81640625, 1.619140625, 6.67578125, 2.91015625, 5.609375, 5.08203125, 2.744140625, 4.50390625, 7.109375, 0.274658203125, 5.15625, 3.369140625, 4.7890625, 0.07611083984375, 4.2734375, 0.08990478515625, 0.440673828125, 0.4921875]",-0.6969595077189994
34,0,test,3.9540494833474957,1.712642380364521,2.395998069764542,5.965758869612012,2.5839867493219093,3.615014631574573,52.14610463961207,42.73954666422096,47.396547340183,78.67657892994102,64.48422830040354,71.51058019746908,4.04840483258118,1.7189685408530764,2.429343690325234,5.867253380552435,2.491258754859531,3.520787956993093,57.30597147884094,47.03382207376913,52.25762306891598,83.05213257803035,68.16495952720165,75.73568560712462,3.9540494833474957,1.712642380364521,2.395998069764542,5.965758869612012,2.5839867493219093,3.615014631574573,52.14610463961207,42.73954666422096,47.396547340183,78.67657892994102,64.48422830040354,71.51058019746908,0.7839195979899498,-0.0010804020100502187,0.003919597989949786,0.6633165829145728,-0.006683417085427079,-0.0016834170854271857,0.5577889447236181,-0.017211055276381892,-0.012211055276381999,0.45914396887159536,0.10962940576479929,0.1810068407991503,0.45703125,0.457286432160804,0.11142177050666868,0.18516623182691416,0.46464646464646464,0.45914396887159536,0.10962940576479929,0.1810068407991503,0.45703125,26.0,2.0,1.0,39.0,0.0,0.0,45.0,-1.0,-3.0,0.0001833233649955347,0.00012701792105167158,2.9836664636622076e-05,-9.322580442105988e-05,-0.00015080139628764755,0.00010688561932692409,"[10.1171875, 1.6708984375, 9.1640625, 0.006450653076171875, 0.041656494140625, 6.0078125, 7.88671875, 4.0625, 4.37109375, 2.556640625, 3.134765625, 1.2109375, 0.0062408447265625, 3.8359375, 1.9228515625, 3.494140625, 2.23046875, 3.177734375, 2.361328125, 3.931640625, 4.48828125, 2.68359375, 5.4140625, 0.35009765625, 4.94140625, 0.093505859375, 10.8203125, 4.203125, 2.861328125, 0.66943359375, 10.34375, 2.55078125, 0.66650390625, 10.0, 3.26953125, 1.4404296875, 3.634765625, 0.732421875, 2.892578125, 9.2421875, 3.61328125, 1.7958984375, 10.0078125, 0.544921875, 9.015625, 6.00390625, 3.35546875, 0.0010423660278320312, 10.9609375, 2.625, 6.671875, 0.01366424560546875, 6.32421875, 0.7109375, 5.01953125, 4.4609375, 7.1171875, 1.224609375, 0.331298828125, 0.8271484375, 7.6953125, 4.42578125, 1.8974609375, 0.1922607421875, 2.015625, 0.65869140625, 6.6328125, 0.724609375, 8.7578125, 9.8203125, 3.2421875, 0.369384765625, 3.111328125, 1.5947265625, 4.140625, 0.63525390625, 8.4921875, 4.86328125, 6.984375, 1.9501953125, 5.9921875, 0.131591796875, 6.625, 1.984375, 7.01953125, 0.460205078125, 4.92578125, 0.461669921875, 4.16015625, 0.85986328125, 0.92626953125, 4.4453125, 7.37109375, 8.2734375, 1.341796875, 2.001953125, 0.01087188720703125, 2.51953125, 7.69140625, 0.16943359375, 4.57421875, 4.59765625, 0.0267791748046875, 0.045440673828125, 3.900390625, 3.166015625, 4.94140625, 7.71484375, 1.0966796875, 3.333984375, 7.60546875, 6.28515625, 8.796875, 3.5546875, 5.39453125, 2.806640625, 0.31298828125, 1.19921875, 4.93359375, 4.16015625, 0.0023365020751953125, 4.140625, 1.333984375, 11.7734375, 4.796875, 2.30859375, 0.0012636184692382812, 5.15234375, 7.0859375, 5.734375, 10.78125, 0.472900390625, 0.030120849609375, 4.73046875, 3.935546875, 8.140625, 7.49609375, 6.02734375, 1.5, 4.80078125, 2.75390625, 9.375, 6.4375, 1.0615234375, 5.6875, 2.578125, 9.703125, 5.46875, 5.47265625, 3.779296875, 9.4921875, 0.1416015625, 11.84375, 13.453125, 3.37109375, 7.41015625, 4.015625, 5.546875, 0.1319580078125, 2.0703125, 2.208984375, 0.020355224609375, 6.5234375, 3.875, 10.5234375, 2.35546875, 11.96875, 3.509765625, 6.671875, 5.765625, 7.4140625, 0.12310791015625, 2.24609375, 7.3984375, 0.99462890625, 0.353515625, 1.2490234375, 5.46875, 5.28125, 1.130859375, 7.4921875, 6.1875, 6.046875, 1.01171875, 1.7255859375, 1.373046875, 0.1396484375, 0.302490234375, 5.12890625, 6.01171875, 9.0078125, 2.591796875, 3.26953125, 2.130859375, 0.3603515625, 1.9677734375, 2.419921875, 5.1015625, 0.94091796875, 0.9306640625, 1.94140625, 0.0007739067077636719, 5.2890625, 5.44140625, 11.875, 3.080078125, 8.734375, 5.45703125, 1.4287109375, 1.1220703125, 4.1484375, 5.74609375, 4.88671875, 0.2432861328125, 0.92333984375, 2.265625, 5.03125, 8.015625, 0.81396484375, 0.1956787109375, 1.6328125, 1.130859375, 5.85546875, 2.52734375, 0.748046875, 0.53173828125, 4.703125, 5.6953125, 0.98486328125, 5.5390625, 8.109375, 1.6728515625, 1.28125, 2.83203125, 7.76953125, 6.19921875, 3.046875, 0.0029621124267578125, 4.98046875, 1.1591796875, 8.2265625, 3.0, 0.0201568603515625, 5.80859375, 0.0787353515625, 1.8359375, 4.66015625, 8.8671875, 0.056610107421875, 5.453125, 3.37890625, 8.1875, 6.84375, 0.158203125, 4.2265625, 1.818359375, 4.12890625]",-0.8976064767355121
354,0,test,3.3617101091449544,1.356074057923407,1.9198053664836578,5.7518277011959915,2.320219197371841,3.2847536906309984,28.83846565845782,21.407646883132536,24.60972284077844,49.342114652621476,36.62811258616897,42.10680902237236,3.4997194148787303,1.4046422859425554,2.015783225865677,5.425921573455396,2.1777399782055125,3.125245311419655,33.10616155902349,24.98009385802365,28.695890337649125,51.32738226205192,38.72882768685837,44.489752461471504,3.3617101091449544,1.356074057923407,1.9198053664836578,5.7518277011959915,2.320219197371841,3.2847536906309984,28.83846565845782,21.407646883132536,24.60972284077844,49.342114652621476,36.62811258616897,42.10680902237236,0.7236180904522613,0.008618090452261251,0.0036180904522613577,0.592964824120603,-0.0020351758793969443,-0.012035175879396953,0.4773869346733668,-0.0026130653266331905,-0.0026130653266331905,0.40338983050847455,0.06498035504316146,0.11815871438671577,0.37755102040816324,0.42211055276381915,0.08627095376632543,0.14331255610271731,0.398989898989899,0.40338983050847455,0.06498035504316146,0.11815871438671577,0.37755102040816324,24.0,-1.0,-2.0,35.0,0.0,1.0,45.0,1.0,-2.0,0.0005398082877000573,7.30888832838257e-05,0.00017912075774429098,-0.00035656283511986686,0.00011913993074319507,-2.6287545484393604e-05,"[5.64453125, 6.09765625, 0.86572265625, 7.2265625, 0.039215087890625, 7.76171875, 0.023895263671875, 3.697265625, 2.927734375, 0.59814453125, 1.490234375, 8.9609375, 6.02734375, 2.87890625, 3.9609375, 2.87109375, 4.33984375, 1.8466796875, 2.095703125, 7.0625, 4.421875, 0.07440185546875, 3.62890625, 8.7109375, 0.053070068359375, 1.791015625, 2.162109375, 6.9140625, 7.3359375, 1.2333984375, 10.3203125, 5.87890625, 7.15234375, 7.96875, 3.595703125, 2.7578125, 0.1888427734375, 1.83984375, 1.8974609375, 0.08673095703125, 3.568359375, 0.95166015625, 8.9296875, 10.2734375, 0.0438232421875, 5.79296875, 2.291015625, 5.6953125, 0.0240325927734375, 0.0716552734375, 3.064453125, 1.68359375, 3.1875, 3.478515625, 6.34375, 9.03125, 1.5166015625, 3.3203125, 6.37109375, 1.376953125, 2.203125, 4.65234375, 0.9638671875, 5.484375, 0.0241546630859375, 0.01554107666015625, 3.658203125, 0.2452392578125, 2.681640625, 0.25244140625, 0.0819091796875, 2.15234375, 11.2265625, 0.5048828125, 6.3046875, 0.4931640625, 8.71875, 1.876953125, 1.7734375, 0.7275390625, 7.3828125, 0.367919921875, 9.609375, 1.8310546875, 0.0004334449768066406, 0.37646484375, 4.03515625, 0.0003032684326171875, 0.0914306640625, 0.0259857177734375, 5.34765625, 6.734375, 0.57861328125, 0.80029296875, 4.26953125, 7.57421875, 7.265625, 0.8330078125, 1.0556640625, 5.30859375, 2.361328125, 5.5234375, 3.224609375, 0.72216796875, 0.64404296875, 3.810546875, 2.666015625, 0.00040030479431152344, 2.572265625, 0.15234375, 9.1953125, 3.826171875, 3.173828125, 3.6171875, 0.0119171142578125, 4.54296875, 0.203369140625, 7.2890625, 3.4296875, 4.16015625, 0.10479736328125, 3.7421875, 2.53515625, 9.90625, 7.8515625, 3.87890625, 6.88671875, 2.07421875, 8.171875, 2.240234375, 0.46240234375, 5.40625, 1.4248046875, 9.453125, 0.537109375, 2.9296875, 0.05615234375, 4.078125, 7.2109375, 3.55859375, 1.521484375, 2.0078125, 6.2734375, 9.78125, 1.404296875, 0.0252838134765625, 6.0546875, 1.20703125, 0.000522613525390625, 0.7119140625, 3.0703125, 7.3909759521484375e-06, 0.02960205078125, 0.05999755859375, 12.890625, 2.421875, 8.171875, 9.7109375, 0.31787109375, 7.6640625, 6.125, 6.94140625, 0.229736328125, 8.6796875, 7.80078125, 2.4296875, 3.525390625, 4.625, 1.830078125, 0.8017578125, 1.732421875, 2.275390625, 0.00010693073272705078, 0.6044921875, 0.0262451171875, 6.80859375, 1.3720703125, 0.441162109375, 0.1617431640625, 2.2890625, 1.5537109375, 2.978515625, 2.138671875, 5.22265625, 0.1702880859375, 2.78125, 3.572265625, 2.216796875, 1.154296875, 4.10546875, 2.1875, 8.8671875, 3.03515625, 6.44140625, 0.2310791015625, 4.5859375, 11.53125, 3.173828125, 8.0546875, 9.3125, 2.447265625, 2.56640625, 6.33203125, 0.265625, 0.415771484375, 1.5751953125, 6.4765625, 0.09051513671875, 0.7509765625, 4.04296875, 0.8466796875, 12.6640625, 1.9482421875, 1.513671875, 8.1328125, 2.73828125, 0.287353515625, 0.00146484375, 0.28271484375, 5.07421875, 0.0004267692565917969, 1.4482421875, 0.006683349609375, 8.5078125, 2.25390625, 6.30859375, 2.025390625, 0.9267578125, 0.57275390625, 1.279296875, 1.513671875, 2.56640625, 4.16015625, 0.279541015625, 5.203125, 6.84765625, 5.33984375, 0.323974609375, 12.78125, 3.587890625, 2.59375, 5.09765625, 3.810546875, 4.2734375, 0.048828125, 0.02178955078125, 1.9541015625, 1.3427734375, 1.11328125, 0.0997314453125, 6.16796875, 0.2939453125, 6.6796875, 0.444580078125, 3.21875, 0.0234527587890625, 0.09283447265625, 9.625, 6.6171875, 2.748046875, 0.0068206787109375, 0.493896484375, 0.0125885009765625, 4.95703125, 1.17578125, 0.310791015625, 2.900390625, 0.7890625, 0.1790771484375, 6.88671875, 4.51171875, 12.375, 2.1875, 5.08203125, 1.4228515625, 2.1328125, 10.1171875, 3.427734375, 0.448486328125, 0.00324249267578125, 2.564453125, 1.5078125, 0.0006976127624511719, 5.27734375, 0.072265625, 8.6953125, 1.0576171875, 7.8359375, 1.8818359375, 0.05377197265625, 2.419921875, 0.140625, 0.83203125, 9.875, 1.4658203125]",-0.40621157702753097
172,0,test,3.845482371855473,1.7510985880149006,2.3899624692929526,6.4168591385781095,2.922013908916431,3.9880699035792047,46.7812448650831,38.66080938050983,42.49453330640268,78.06267968450615,64.51231444820016,70.90955256550328,3.820485579308553,1.5980598251008367,2.264778449417742,5.788614514103868,2.421302765304298,3.4314824991177906,45.62635815810838,36.39666545944668,40.88792212760334,69.1308456941036,55.14646281734345,61.95139716303535,3.845482371855473,1.7510985880149006,2.3899624692929526,6.4168591385781095,2.922013908916431,3.9880699035792047,46.7812448650831,38.66080938050983,42.49453330640268,78.06267968450615,64.51231444820016,70.90955256550328,0.7889447236180904,-0.001055276381909609,0.0039447236180903955,0.6633165829145728,-0.011683417085427195,-0.0016834170854271857,0.5477386934673367,-0.002261306532663321,-0.017261306532663223,0.46014492753623193,0.11656445737348331,0.185446132355509,0.43272727272727274,0.457286432160804,0.09387791085754582,0.15845504651806608,0.4242424242424242,0.46014492753623193,0.11656445737348331,0.185446132355509,0.43272727272727274,25.0,-1.0,1.0,37.0,0.0,0.0,46.0,0.0,2.0,-0.00031324148839713964,0.0001794019298092393,0.00015697360611606205,-0.004892525508221723,-0.005045134426933551,-0.0055383389760370605,"[9.1171875, 1.1142578125, 10.28125, 0.00452423095703125, 0.008209228515625, 6.6953125, 1.5830078125, 5.984375, 3.787109375, 4.85546875, 5.93359375, 5.3046875, 0.63916015625, 6.2734375, 2.9375, 6.7265625, 7.1796875, 4.875, 8.9140625, 0.63671875, 0.361328125, 4.0, 0.9912109375, 5.45703125, 4.88671875, 0.68505859375, 8.03125, 4.76953125, 4.5234375, 0.0029277801513671875, 5.50390625, 4.453125, 5.6328125, 3.49609375, 5.875, 2.373046875, 6.1015625, 3.595703125, 4.15234375, 4.10546875, 7.4609375, 12.3125, 2.68359375, 5.80078125, 4.67578125, 5.6328125, 0.0142669677734375, 7.1171875, 2.48828125, 3.00390625, 5.34375, 2.3515625, 12.0703125, 0.483154296875, 1.3095703125, 0.0447998046875, 0.031463623046875, 0.098388671875, 0.009765625, 0.0162506103515625, 3.240234375, 1.0654296875, 2.671875, 7.140625, 0.14794921875, 2.955078125, 5.98828125, 0.362060546875, 4.6171875, 10.890625, 0.205810546875, 1.9970703125, 10.4375, 1.7470703125, 2.099609375, 4.078125, 1.05078125, 5.140625, 2.349609375, 4.046875, 2.650390625, 0.004604339599609375, 13.4609375, 1.9990234375, 5.1484375, 3.73046875, 5.1796875, 0.4658203125, 1.70703125, 6.95703125, 10.71875, 0.0003428459167480469, 3.798828125, 8.078125, 4.0078125, 1.8173828125, 8.953125, 0.0244903564453125, 7.34375, 0.342041015625, 3.962890625, 4.7265625, 9.2265625, 5.48046875, 3.974609375, 1.1708984375, 8.453125, 2.22265625, 1.8369140625, 3.2265625, 0.49755859375, 0.453369140625, 10.9375, 2.26953125, 9.7265625, 2.68359375, 1.267578125, 2.833984375, 3.85546875, 2.1796875, 1.7919921875, 2.853515625, 1.9609375, 5.0078125, 0.2169189453125, 0.560546875, 4.12109375, 1.8984375, 3.099609375, 1.77734375, 2.48828125, 1.794921875, 5.43359375, 3.20703125, 0.0714111328125, 0.943359375, 3.041015625, 6.203125, 6.1171875, 4.67578125, 8.25, 5.07421875, 6.64453125, 6.71484375, 5.70703125, 0.54443359375, 7.10546875, 1.9677734375, 0.09393310546875, 1.1884765625, 0.00778961181640625, 0.00591278076171875, 0.0118865966796875, 0.00019478797912597656, 0.00667572021484375, 3.126953125, 1.27734375, 1.12109375, 0.0003669261932373047, 3.8984375, 1.63671875, 2.595703125, 5.37109375, 9.859375, 6.046875, 9.3984375, 6.4375, 3.25, 0.293701171875, 10.84375, 0.0250396728515625, 0.0037288665771484375, 3.9765625, 8.0, 1.1630859375, 4.234375, 3.0703125, 5.65234375, 0.004634857177734375, 5.56640625, 3.39453125, 7.30859375, 7.71875, 10.2109375, 0.00823974609375, 4.2421875, 1.060546875, 10.4765625, 2.90234375, 3.287109375, 1.3525390625, 2.94140625, 1.8076171875, 0.340576171875, 7.30078125, 4.703125, 3.974609375, 4.51171875, 4.015625, 6.34765625, 1.748046875, 2.671875, 1.3564453125, 5.8125, 0.287353515625, 4.61328125, 4.015625, 1.6708984375, 12.171875, 1.3916015625, 5.59375, 1.025390625, 3.994140625, 9.421875, 6.09375, 3.2734375, 2.853515625, 9.453125, 0.6962890625, 2.259765625, 3.9921875, 0.2049560546875, 9.0703125, 5.5234375, 3.181640625, 2.603515625, 3.890625, 4.42578125, 8.203125, 0.6025390625, 1.5078125, 4.48046875, 1.3828125, 2.77734375, 0.024749755859375, 0.951171875, 2.00390625, 0.000820159912109375, 4.6015625, 14.1796875, 2.75390625, 12.6640625, 2.529296875, 2.056640625, 2.970703125, 1.7744140625, 0.009735107421875, 0.002399444580078125, 3.76171875, 0.07958984375, 2.14453125, 4.0390625, 0.022613525390625, 0.36572265625, 4.73046875, 8.234375, 4.72265625, 1.666015625, 5.3515625, 1.544921875, 7.46484375, 2.580078125, 5.6953125, 5.81640625, 3.595703125, 7.17578125, 3.7578125, 4.27734375, 2.529296875, 9.3984375, 8.703125, 9.21875, 0.27490234375, 3.8828125, 0.66064453125, 1.1337890625]",-0.546814419221187
62,0,test,3.7054052212199227,1.7253081601266906,2.3439442604115817,5.530995110699007,2.575338034140329,3.4987655789558247,40.66652291654828,33.42307690871761,36.764633268981655,60.7022244510428,49.890056263744334,54.877940391748226,4.347869566337547,1.9788134888082323,2.7569738186369497,6.08093645641615,2.767571313018507,3.8559074386530763,77.31357590252667,66.62627636323663,72.40543248448999,108.13087538814919,93.18360330522607,101.26633913914685,3.7411356849415247,1.721532527858265,2.3463932532319465,5.639903042625414,2.5952751676255246,3.5372762611536883,42.145827377354976,34.610493381041664,38.111891952393854,63.536423181942176,52.17662318749999,57.455113496071135,0.8040201005025126,-0.010979899497487344,-0.01597989949748746,0.6834170854271358,-0.006582914572864196,-0.006582914572864196,0.5678391959798995,-0.0021608040201005485,0.01783919597989947,0.4327868852459016,0.11691127149794744,0.18633105100380776,0.4046052631578947,0.4623115577889447,0.11394063047064895,0.19686915378226688,0.4797979797979798,0.4381270903010034,0.11926231567662948,0.19007369764249393,0.4093959731543624,27.0,5.0,1.0,33.0,1.0,1.0,44.0,3.0,-1.0,0.0019816184483569094,-8.188563086585293e-05,0.0004202347758170131,0.0004833415140721442,8.040468024717029e-05,-6.13331151724239e-05,"[3.22265625, 4.23828125, 0.270751953125, 1.09765625, 3.65234375, 0.3447265625, 6.09375, 3.611328125, 1.58984375, 2.208984375, 11.203125, 8.7734375, 2.74609375, 0.212890625, 8.65625, 7.5078125, 4.4375, 4.7109375, 5.7109375, 8.65625, 2.935546875, 1.904296875, 0.81640625, 10.21875, 0.35546875, 5.63671875, 1.896484375, 1.4189453125, 5.1171875, 9.9609375, 6.0234375, 5.0546875, 6.9921875, 4.96875, 0.5078125, 0.187744140625, 4.56640625, 0.1422119140625, 7.91796875, 1.1484375, 1.3583984375, 3.8515625, 1.6484375, 7.9609375, 2.0390625, 0.7890625, 6.66015625, 6.26953125, 0.092529296875, 8.8203125, 1.1103515625, 1.4326171875, 9.4453125, 3.89453125, 7.73828125, 8.96875, 1.208984375, 7.13671875, 1.509765625, 5.1015625, 9.4921875, 7.61328125, 0.444091796875, 6.62890625, 3.75, 16.109375, 0.83251953125, 2.517578125, 2.59375, 9.234375, 0.3095703125, 7.9140625, 9.0546875, 0.1558837890625, 7.69140625, 1.4345703125, 2.37109375, 0.2119140625, 4.85546875, 7.0703125, 6.29296875, 1.4482421875, 0.1636962890625, 4.55078125, 2.796875, 5.3984375, 4.484375, 0.2462158203125, 2.013671875, 0.7958984375, 8.640625, 3.291015625, 4.16015625, 7.9765625, 0.01153564453125, 0.8369140625, 10.796875, 2.3203125, 3.48828125, 2.576171875, 2.029296875, 0.48974609375, 8.046875, 1.5810546875, 2.681640625, 4.31640625, 1.580078125, 0.157958984375, 7.40625, 6.3515625, 3.400390625, 0.09552001953125, 2.3828125, 11.765625, 6.38671875, 2.140625, 9.2890625, 5.75, 0.167724609375, 3.1328125, 8.1796875, 3.33984375, 0.0887451171875, 6.671875, 8.2734375, 2.177734375, 7.22265625, 6.20703125, 6.11328125, 2.896484375, 3.810546875, 7.23046875, 6.5078125, 2.369140625, 9.640625, 2.689453125, 0.5419921875, 0.019775390625, 0.01922607421875, 5.12109375, 8.7578125, 4.34375, 0.163818359375, 3.78515625, 4.51953125, 8.484375, 6.14453125, 7.59765625, 3.994140625, 1.40625, 2.630859375, 8.703125, 0.796875, 0.25927734375, 2.13671875, 3.32421875, 8.078125, 8.203125, 13.7109375, 1.33203125, 1.9208984375, 4.99609375, 4.40234375, 8.703125, 2.453125, 7.05859375, 8.828125, 11.3203125, 1.4296875, 5.9140625, 5.7265625, 3.03125, 9.0859375, 4.109375, 1.7431640625, 2.740234375, 4.75390625, 3.24609375, 0.52685546875, 8.1796875, 14.3828125, 0.7958984375, 0.76416015625, 10.0234375, 4.72265625, 0.08026123046875, 8.40625, 0.269775390625, 5.9609375, 1.5078125, 1.796875, 7.41015625, 0.243896484375, 3.97265625, 2.677734375, 5.03515625, 1.9169921875, 1.3359375, 0.0254669189453125, 11.6484375, 0.5673828125, 0.68798828125, 0.1785888671875, 0.93310546875, 0.68115234375, 7.96484375, 7.54296875, 2.658203125, 4.484375, 4.61328125, 3.326171875, 5.25390625, 1.0087890625, 0.0275115966796875, 3.4765625, 5.07421875, 0.261474609375, 0.0035076141357421875, 7.0078125, 0.8359375, 0.00035452842712402344, 1.0791015625, 6.5546875, 7.41796875, 8.0234375, 1.5546875, 0.405517578125, 0.1739501953125, 2.154296875, 2.18359375, 0.0003254413604736328, 0.304931640625, 1.6337890625, 0.0013828277587890625, 0.0236663818359375, 0.89599609375, 3.93359375, 7.3984375, 0.56787109375, 2.96484375, 1.4775390625, 4.90234375, 0.0310821533203125, 0.64794921875, 4.30078125, 0.03521728515625, 9.3203125, 1.6728515625, 2.57421875, 0.15625, 1.107421875, 2.146484375, 9.5390625, 4.66796875, 1.140625, 3.892578125, 0.5478515625, 0.004772186279296875, 6.25390625, 1.119140625, 8.875, 4.9453125, 0.5068359375, 0.042816162109375, 0.91064453125, 0.006900787353515625, 0.140625, 0.7919921875, 6.390625, 0.123779296875, 2.3359375, 0.00421142578125, 6.8125, 1.3359375, 1.6171875, 4.42578125, 0.24365234375, 0.01523590087890625, 4.06640625, 0.416259765625, 0.87646484375, 2.80859375, 2.66015625, 3.427734375, 3.275390625, 0.0030536651611328125, 0.159912109375, 0.9150390625, 0.0006976127624511719, 0.0117950439453125, 0.83544921875, 0.13134765625, 6.3203125, 0.059783935546875, 6.63671875, 3.94140625, 6.6328125, 0.359375, 0.017730712890625, 1.8388671875, 0.04296875, 0.004680633544921875, 0.0111083984375, 0.042022705078125, 9.609375]",-0.9742031238118156
337,0,test,3.636275447089717,1.6444621785631721,2.3022427515413777,5.723368455182632,2.5883250857858213,3.62364835449708,37.95022554693481,30.62141472369867,34.153903576297765,59.7323076655897,48.197019624283115,53.75703166446868,3.894344781511393,1.7198592604105198,2.4171508273087956,6.037743847304485,2.6664484657527434,3.7475206624942565,49.12385595701335,40.32619820861831,44.74321980423391,76.16101698761759,62.52123753274156,69.36933302982,3.636275447089717,1.6444621785631721,2.3022427515413777,5.723368455182632,2.5883250857858213,3.62364835449708,37.95022554693481,30.62141472369867,34.153903576297765,59.7323076655897,48.197019624283115,53.75703166446868,0.7839195979899498,-0.02608040201005024,-0.011080402010050228,0.6783919597989949,0.0333919597989949,0.008391959798994986,0.5376884422110553,-0.012311557788944771,-0.007311557788944656,0.41509433962264153,0.07169811320754715,0.1484276729559748,0.31818181818181823,0.40201005025125625,0.06281407035175879,0.1306532663316583,0.31818181818181823,0.41509433962264153,0.07169811320754715,0.1484276729559748,0.31818181818181823,21.0,0.0,0.0,32.0,3.0,1.0,41.0,-1.0,-2.0,0.00040632103697058275,0.0005494876615873715,0.0002257426776946583,-0.0001486651793047855,0.00023534568223659846,7.884916357880911e-05,"[10.09375, 4.609375, 4.0859375, 8.3984375, 2.033203125, 8.8515625, 9.15625, 0.75927734375, 3.865234375, 10.2421875, 0.225341796875, 3.984375, 3.046875, 7.15625, 0.112060546875, 4.5546875, 4.7421875, 3.64453125, 6.11328125, 5.68359375, 15.9765625, 3.59375, 3.005859375, 4.921875, 6.7578125, 4.12890625, 7.7109375, 0.0115814208984375, 5.0859375, 0.716796875, 5.171875, 3.4375, 1.9287109375, 3.0234375, 3.8515625, 1.34375, 0.93505859375, 1.0361328125, 1.70703125, 4.9765625, 3.70703125, 1.21875, 5.4375, 1.630859375, 3.654296875, 13.7265625, 3.94921875, 9.734375, 4.6171875, 0.00782012939453125, 7.56640625, 4.32421875, 2.134765625, 9.5390625, 1.5869140625, 0.005802154541015625, 0.79248046875, 0.74560546875, 2.236328125, 8.9609375, 3.640625, 0.1822509765625, 2.4921875, 6.16015625, 5.98828125, 4.80078125, 5.19921875, 1.474609375, 4.37890625, 0.00911712646484375, 9.859375, 1.83984375, 3.185546875, 3.08984375, 4.484375, 2.044921875, 2.69140625, 8.84375, 0.0362548828125, 3.279296875, 0.1295166015625, 3.9609375, 6.89453125, 8.78125, 0.43408203125, 2.396484375, 5.8359375, 4.0546875, 8.4609375, 3.517578125, 6.1953125, 4.609375, 7.16015625, 1.47265625, 7.34765625, 5.1640625, 0.330078125, 4.06640625, 2.08203125, 3.962890625, 3.3671875, 1.2548828125, 1.115234375, 0.0018310546875, 4.421875, 10.2265625, 2.3125, 3.73828125, 3.330078125, 9.15625, 0.2393798828125, 0.313232421875, 0.005710601806640625, 0.00742340087890625, 0.0085906982421875, 0.03472900390625, 1.068359375, 6.84375, 9.328125, 0.9921875, 2.541015625, 6.75390625, 2.083984375, 2.16015625, 4.57421875, 3.705078125, 6.5546875, 2.443359375, 1.017578125, 1.109375, 1.3984375, 11.2734375, 0.5947265625, 0.8291015625, 9.484375, 5.82421875, 7.7265625, 4.28125, 3.318359375, 2.958984375, 0.31103515625, 3.712890625, 1.720703125, 1.9619140625, 4.9921875, 0.294189453125, 0.49853515625, 0.0003228187561035156, 0.0192718505859375, 0.75048828125, 4.91796875, 1.390625, 6.578125, 1.05859375, 0.21044921875, 6.60546875, 0.2374267578125, 0.0004699230194091797, 4.9609375, 1.6494140625, 4.125, 4.65234375, 3.474609375, 3.1015625, 2.982421875, 2.623046875, 5.12890625, 2.44140625, 2.056640625, 14.671875, 2.58203125, 0.5654296875, 2.30859375, 11.484375, 0.5458984375, 5.47265625, 8.8125, 3.583984375, 1.4296875, 10.875, 2.134765625, 0.01568603515625, 0.2626953125, 3.5390625, 10.8828125, 2.134765625, 2.91015625, 7.34375, 1.0419921875, 11.3671875, 0.373046875, 1.4833984375, 3.8828125, 4.84375, 6.75, 1.75, 1.798828125, 9.828125, 2.140625, 1.5703125, 0.0233154296875, 1.3642578125, 1.080078125, 0.35009765625, 2.275390625, 1.263671875, 3.083984375, 0.0511474609375, 0.0182647705078125, 0.4677734375, 0.0625, 2.201171875, 9.3828125, 2.48828125, 2.4296875, 3.646484375, 2.72265625, 2.5546875, 5.78125, 0.6083984375, 0.301513671875, 0.0279083251953125, 8.625, 1.5087890625, 3.150390625, 2.8203125, 4.7734375, 4.125, 1.125, 3.060546875, 3.55078125, 0.01953125, 2.275390625, 3.2265625, 1.345703125, 7.66015625, 0.004558563232421875, 0.03826904296875, 3.478515625, 0.034820556640625, 0.8974609375, 7.91796875, 0.1424560546875, 4.76171875, 0.44287109375, 1.4716796875, 10.5625, 0.88134765625, 2.984375, 9.421875, 0.041595458984375, 2.451171875, 9.0078125, 4.984375, 0.0015935897827148438, 0.92626953125, 3.611328125, 3.025390625, 2.142578125, 5.625, 0.89306640625, 5.140625, 12.875, 3.92578125, 0.433837890625]",-1.0727618568348434
315,0,test,3.6057452877124625,1.6349185230782688,2.2585714617968713,6.357498270440395,2.882619501216948,3.982218103694484,36.809107012067464,29.63249961060027,32.962567846809925,64.90026762654,52.24677562921626,58.11821172990171,3.7492503614136665,1.6621026168769664,2.3032809188204952,6.016942112268707,2.667406619020293,3.6963943777845043,42.489218500809315,34.42733072434423,38.24325213191692,68.18834259404075,55.25031301729437,61.37425140525376,3.5773128035873873,1.635543886688332,2.2075583543084423,6.167780695840324,2.8199032529109176,3.8061350936352456,35.77727100271158,28.806199686264677,31.8428865168104,61.68495000467514,49.66586152804254,54.90152847725931,0.7525252525252525,0.002525252525252486,0.012525252525252495,0.601010101010101,0.006010101010101021,-0.008989898989898992,0.4696969696969697,0.004696969696969755,0.014696969696969764,0.41916167664670656,0.11273417290978582,0.16816566071045158,0.3993993993993994,0.40909090909090906,0.09422944813373024,0.1490237949969493,0.3908629441624365,0.4046822742474916,0.09416474503213268,0.14216836990933812,0.3926174496644296,26.0,2.0,1.0,37.0,2.0,1.0,45.0,2.0,-2.0,0.0007434245513204533,2.3885389084958523e-05,0.0003254469747647161,0.00036882264394222375,-3.19275461979629e-05,0.00018267769083823993,"[1.76953125, 4.3671875, 0.004657745361328125, 0.0254669189453125, 1.2890625, 6.33203125, 11.015625, 4.89453125, 6.56640625, 1.3681640625, 4.07421875, 0.0914306640625, 8.4921875, 10.4609375, 8.09375, 1.408203125, 4.3359375, 6.78515625, 9.1640625, 3.0703125, 0.07635498046875, 0.063232421875, 13.4453125, 2.271484375, 1.1025390625, 3.318359375, 2.1953125, 7.6953125, 7.25390625, 2.78125, 6.015625, 6.78515625, 1.08984375, 7.28125, 3.294921875, 3.404296875, 2.919921875, 1.109375, 8.84375, 3.443359375, 4.4453125, 0.174072265625, 0.1568603515625, 10.0234375, 0.03533935546875, 8.421875, 4.3125, 1.76953125, 0.08123779296875, 0.203857421875, 2.158203125, 2.515625, 4.17578125, 0.007801055908203125, 0.056640625, 2.330078125, 5.59765625, 4.42578125, 2.197265625, 0.04644775390625, 3.443359375, 0.6005859375, 5.95703125, 4.26171875, 1.3466796875, 4.53125, 12.109375, 4.21875, 6.5625, 10.1171875, 11.4296875, 9.640625, 1.95703125, 1.9755859375, 0.0038299560546875, 1.857421875, 0.7666015625, 0.0024280548095703125, 0.0008320808410644531, 0.00121307373046875, 6.1328125, 5.40234375, 0.986328125, 3.80859375, 9.6015625, 0.00890350341796875, 2.349609375, 1.40625, 1.841796875, 8.140625, 1.4619140625, 1.8037109375, 7.06640625, 1.66796875, 7.48828125, 7.80859375, 1.3974609375, 3.111328125, 3.5703125, 5.38671875, 9.609375, 0.006420135498046875, 5.87109375, 6.07421875, 6.2890625, 3.25, 6.4296875, 7.07421875, 1.5029296875, 3.015625, 4.2578125, 3.12890625, 3.20703125, 3.19140625, 4.2890625, 9.3671875, 3.18359375, 2.423828125, 6.10546875, 5.6015625, 0.6455078125, 10.1171875, 0.00299835205078125, 4.33984375, 0.1934814453125, 0.47314453125, 7.90234375, 6.51171875, 3.08984375, 1.52734375, 3.421875, 0.8564453125, 3.544921875, 5.765625, 7.5625, 12.859375, 11.359375, 0.124755859375, 2.24609375, 3.9609375, 0.19189453125, 9.796875, 0.513671875, 0.481689453125, 4.71875, 1.2841796875, 10.734375, 1.8095703125, 0.517578125, 1.5029296875, 6.73046875, 0.85693359375, 2.16796875, 6.1484375, 4.65234375, 0.369873046875, 1.734375, 1.900390625, 9.0078125, 2.05078125, 1.2802734375, 7.63671875, 0.00792694091796875, 0.149169921875, 10.0703125, 1.6591796875, 0.0005578994750976562, 10.078125, 0.188232421875, 0.95751953125, 6.796875, 0.454833984375, 2.708984375, 8.8828125, 4.25, 1.033203125, 1.38671875, 0.314453125, 3.814453125, 1.4638671875, 2.341796875, 2.38671875, 7.9921875, 0.008392333984375, 0.89892578125, 1.69140625, 0.9560546875, 3.51953125, 0.020416259765625, 5.40625, 0.129638671875, 0.884765625, 1.0546875, 0.0016880035400390625, 0.5224609375, 0.081298828125, 0.005748748779296875, 0.00012385845184326172, 0.00017821788787841797, 7.6640625, 0.1580810546875, 7.125, 7.515625, 0.0150909423828125, 0.472412109375, 0.1424560546875, 1.109375, 5.8125, 5.59375, 8.1171875, 3.52734375, 7.3125, 0.1353759765625, 1.3837890625, 1.96875, 4.5859375, 9.5546875, 4.4921875, 0.4755859375, 1.4248046875, 2.681640625, 0.03955078125, 4.5078125, 10.0078125, 1.5146484375, 1.720703125, 4.140625, 1.4833984375, 7.765625, 1.068359375, 2.765625, 5.609375, 3.640625, 0.060394287109375, 1.94921875, 6.94921875, 3.767578125, 0.04937744140625, 3.728515625, 4.74609375, 9.796875, 0.98779296875, 1.8427734375, 2.1015625, 3.896484375, 0.220947265625, 5.8984375, 2.03515625, 1.0751953125, 3.94140625, 4.27734375, 7.14453125, 0.2171630859375, 3.505859375, 0.206298828125, 5.4921875, 0.537109375, 7.9921875, 0.0308685302734375, 4.60546875, 0.013214111328125, 5.6875, 0.1650390625, 1.6474609375, 3.296875, 16.3125, 6.30078125, 3.81640625, 8.28125, 0.09112548828125, 1.2783203125, 3.080078125, 1.5107421875, 2.828125, 6.9921875, 3.181640625, 0.011260986328125, 2.216796875, 4.66015625, 0.05291748046875, 0.372802734375, 4.76953125, 1.1015625, 0.00994110107421875, 0.14013671875, 6.203125, 0.210693359375, 1.6494140625, 2.1640625, 0.82861328125, 0.8486328125, 6.98828125, 2.5625, 7.14453125, 8.859375, 3.900390625, 1.3291015625, 4.5234375, 1.775390625, 5.578125, 9.953125, 1.888671875, 5.5, 7.64453125, 4.5546875, 0.5400390625, 0.0224151611328125, 4.06640625, 8.59375, 5.828125, 1.8173828125, 5.9296875, 4.17578125, 0.0255889892578125, 1.6162109375, 6.95703125, 6.3515625, 0.80517578125, 9.4765625, 2.029296875, 1.095703125, 7.94140625, 1.330078125, 0.57568359375, 2.140625, 6.34765625, 1.33984375, 4.11328125, 3.30078125, 0.55126953125, 1.08203125, 0.457275390625, 9.1953125, 1.1484375]",-1.034465340797059
341,0,test,2.642629447043506,0.9556207186632277,1.4190701007393962,5.456858208830097,1.9732947307461455,2.930287610617714,14.050099070604992,8.646805282498274,10.650833681314058,29.012542236703812,17.855091427496433,21.99327993933682,2.763126816581841,0.9563767443081468,1.4234340959950929,4.847590906283932,1.6778539373827135,2.497252799991391,15.849323477136405,9.758702323000016,12.031453304937786,27.80583066164282,17.1205303912281,21.107812815680326,2.6374922887138696,0.9577724218991528,1.4311986628345288,5.4195047028367185,1.9680255244503142,2.940819170207936,13.97810656391076,8.614053452563514,10.637028174762886,28.722136775159093,17.700109834034617,21.85690720841689,0.6381909547738693,0.00819095477386933,0.0031909547738693256,0.5326633165829145,0.0076633165829145256,0.0076633165829145256,0.3919597989949749,-0.018040201005025125,-0.02304020100502513,0.42586750788643535,0.08413522442186838,0.13835439141214367,0.37341772151898733,0.42211055276381915,0.07624589110968383,0.12494861620288422,0.3535353535353535,0.42140468227424754,0.07916762050463155,0.13664383689048776,0.3657718120805369,16.0,2.0,2.0,26.0,3.0,4.0,37.0,6.0,5.0,0.0005894757701625961,7.143560510227239e-05,1.9071433421227766e-05,-0.012903344072358713,-0.014541668390203988,-0.015982837637648295,"[7.46875, 6.90234375, 3.0625, 2.171875, 4.0078125, 2.408203125, 0.369384765625, 2.43359375, 6.171875, 4.73828125, 4.9609375, 5.80078125, 0.1556396484375, 3.875, 4.078125, 0.377685546875, 7.2578125, 2.71484375, 4.828125, 1.9189453125, 1.4580078125, 3.978515625, 10.296875, 3.056640625, 4.328125, 0.07373046875, 0.328369140625, 2.400390625, 2.6015625, 5.875, 2.2421875, 0.342041015625, 0.2000732421875, 4.6015625, 2.908203125, 13.5625, 6.3359375, 8.1171875, 3.017578125, 1.943359375, 4.140625, 0.0145721435546875, 0.010528564453125, 0.01163482666015625, 0.7109375, 0.25244140625, 0.461181640625, 0.466552734375, 7.796875, 0.0035800933837890625, 3.171875, 7.75390625, 2.4140625, 1.1806640625, 0.80908203125, 6.2421875, 2.63671875, 0.0745849609375, 1.0576171875, 2.908203125, 3.052734375, 0.243408203125, 0.6982421875, 5.88671875, 4.0859375, 4.703125, 0.84423828125, 2.98828125, 5.46484375, 4.9921875, 0.8759765625, 5.57421875, 2.681640625, 1.158203125, 0.0059814453125, 0.015960693359375, 0.341796875, 0.01447296142578125, 0.138916015625, 1.08984375, 4.0, 3.9453125, 5.79296875, 0.8984375, 0.92724609375, 7.1328125, 7.31640625, 4.0859375, 4.421875, 2.5546875, 3.13671875, 0.179931640625, 1.568359375, 3.44921875, 1.0390625, 5.40234375, 4.51953125, 1.9267578125, 6.671875, 4.47265625, 1.240234375, 0.50830078125, 3.60546875, 2.36328125, 2.962890625, 2.4296875, 0.005107879638671875, 0.052276611328125, 0.0750732421875, 0.007541656494140625, 0.16943359375, 1.0244140625, 0.00490570068359375, 0.00116729736328125, 0.0012989044189453125, 0.070556640625, 0.0070037841796875, 0.6103515625, 1.0126953125, 1.7236328125, 8.3046875, 0.433349609375, 5.234375, 2.064453125, 1.8134765625, 2.68359375, 2.517578125, 0.99560546875, 12.046875, 0.154052734375, 1.3017578125, 0.0028476715087890625, 0.0210418701171875, 0.03143310546875, 0.0014104843139648438, 5.2265625, 1.2021484375, 5.26171875, 5.8671875, 5.3125, 4.67578125, 2.021484375, 1.828125, 8.8671875, 0.3564453125, 4.0625, 2.41796875, 0.158203125, 2.1484375, 4.03515625, 8.4140625, 0.320068359375, 3.802734375, 3.953125, 4.1015625, 5.77734375, 0.3544921875, 4.7265625, 5.265625, 9.484375, 4.43359375, 1.63671875, 0.99658203125, 0.005859375, 0.01019287109375, 0.01493072509765625, 0.00196075439453125, 1.2109375, 2.25, 0.0146026611328125, 0.0034847259521484375, 0.0015401840209960938, 0.059417724609375, 0.00345611572265625, 1.2412109375, 1.564453125, 1.50390625, 7.47265625, 11.171875, 1.595703125, 0.0024166107177734375, 0.004138946533203125, 0.0182952880859375, 0.0011501312255859375, 0.7353515625, 3.4140625, 0.0093994140625, 0.0021762847900390625, 0.113037109375, 0.0163116455078125, 2.9140625, 2.509765625, 5.828125, 9.8203125, 4.0078125, 3.33203125, 3.9140625, 7.4140625, 3.671875, 1.705078125, 2.52734375, 2.32421875, 0.048553466796875, 1.28515625, 2.24609375, 4.71875, 5.5546875, 0.291259765625, 0.6259765625, 5.73046875, 1.3740234375, 3.466796875, 1.41796875, 5.3046875, 1.1884765625, 0.0028820037841796875, 0.00472259521484375, 0.022125244140625, 0.00030684471130371094, 5.40234375, 1.265625, 0.003307342529296875, 0.0002994537353515625, 0.0014019012451171875, 0.06512451171875, 0.0011615753173828125, 2.287109375, 3.009765625, 0.00109100341796875, 0.000720977783203125, 0.0377197265625, 0.004650115966796875, 2.86328125, 0.80078125, 2.51171875, 5.03515625, 0.78466796875, 6.05078125, 0.63134765625, 6.2890625, 0.47216796875, 4.46484375, 4.046875, 4.4765625, 0.4189453125, 3.30859375, 4.21484375, 4.96484375, 2.45703125, 1.78515625, 0.7509765625, 5.21484375, 0.027099609375, 8.015625, 2.564453125, 4.94140625, 3.046875, 5.32421875, 4.1328125, 0.58935546875, 5.08984375, 6.03125, 0.0008955001831054688, 0.0030536651611328125, 0.007476806640625, 4.696846008300781e-05, 2.6484375, 1.7470703125, 1.5166015625, 0.00010025501251220703, 7.390625, 2.35546875, 2.255859375, 2.73046875, 4.22265625, 0.031951904296875, 0.71240234375, 4.671875, 0.084716796875, 4.10546875, 7.71484375, 2.919921875, 4.78515625, 1.6689453125, 4.6484375, 3.48046875, 0.346923828125, 3.763671875, 2.2109375, 1.431640625, 5.390625, 0.034271240234375, 3.126953125, 3.92578125, 1.91796875, 1.6640625, 0.0022754669189453125, 0.01052093505859375, 0.0244903564453125, 0.00043511390686035156, 0.78466796875, 1.310546875, 2.109375, 9.1484375, 0.078857421875, 6.46875, 0.599609375, 4.15234375, 0.2113037109375, 1.46484375, 3.1171875, 3.078125, 2.880859375, 3.892578125, 3.884765625, 5.47265625, 0.447998046875]",-0.27512091153803686
180,0,test,3.586962381284014,1.6458623299578774,2.241567546159008,5.956919668918094,2.7333070836800464,3.7226032462997813,36.12417761836832,29.157767452515994,32.284475327689826,59.99193783050453,48.42272094792835,53.61528938348489,3.8291400605110666,1.7057310014633678,2.3830728544329833,5.983031344548541,2.665204689786512,3.723551335051536,46.022944265275044,37.6633569719766,41.77656277562211,71.91085041449226,58.84899526871344,65.27587933690955,3.586962381284014,1.6458623299578774,2.241567546159008,5.956919668918094,2.7333070836800464,3.7226032462997813,36.12417761836832,29.157767452515994,32.284475327689826,59.99193783050453,48.42272094792835,53.61528938348489,0.7185929648241206,-0.011407035175879376,-0.01640703517587938,0.6080402010050252,0.0030402010050252226,0.0030402010050252226,0.507537688442211,0.007537688442211032,0.01753768844221104,0.4388489208633094,0.12164461978804053,0.18944557957452657,0.4223826714801444,0.4371859296482412,0.1146859296482412,0.18760190302594504,0.4444444444444444,0.4388489208633094,0.12164461978804053,0.18944557957452657,0.4223826714801444,23.0,-1.0,-1.0,36.0,1.0,1.0,44.0,1.0,1.0,0.0005848659231235457,0.00015528436415403323,5.567662945859749e-06,-0.00023875416349117273,0.00018498985658865763,3.328992298534672e-05,"[10.625, 5.5546875, 1.4697265625, 0.93701171875, 0.96484375, 4.87109375, 1.708984375, 0.07733154296875, 1.373046875, 0.04669189453125, 3.525390625, 0.005916595458984375, 0.880859375, 6.16015625, 4.58984375, 6.32421875, 0.77978515625, 4.79296875, 1.4970703125, 2.16015625, 5.5859375, 5.47265625, 0.1715087890625, 1.4296875, 9.375, 5.8671875, 2.46484375, 0.62548828125, 3.7421875, 5.6328125, 0.3076171875, 1.14453125, 11.3359375, 8.390625, 1.287109375, 11.046875, 1.546875, 9.640625, 0.3857421875, 0.27490234375, 3.666015625, 2.63671875, 0.81884765625, 0.1839599609375, 0.022552490234375, 0.06817626953125, 0.002353668212890625, 9.421875, 2.412109375, 3.328125, 0.93408203125, 8.234375, 8.0, 0.041961669921875, 2.091796875, 8.359375, 5.82421875, 5.203125, 9.15625, 0.673828125, 9.7734375, 3.642578125, 4.0546875, 6.05078125, 6.328125, 3.84375, 0.48828125, 1.4736328125, 0.70361328125, 1.837890625, 7.06640625, 2.19140625, 2.845703125, 8.203125, 0.84912109375, 4.60546875, 1.93359375, 8.03125, 0.362548828125, 4.28125, 8.8125, 8.75, 3.666015625, 2.666015625, 9.4765625, 0.037139892578125, 9.90625, 12.296875, 3.0703125, 0.6064453125, 0.259765625, 0.0399169921875, 0.146484375, 0.00015628337860107422, 4.84375, 10.46875, 1.634765625, 5.0078125, 1.7080078125, 8.1875, 0.01511383056640625, 6.05078125, 3.337890625, 2.2734375, 2.265625, 4.43359375, 2.90234375, 2.310546875, 4.95703125, 0.1632080078125, 7.12109375, 6.0625, 2.5703125, 1.6494140625, 1.6376953125, 4.66796875, 0.011505126953125, 2.529296875, 5.890625, 5.65625, 4.40234375, 0.84375, 7.66796875, 11.6484375, 0.08380126953125, 3.21484375, 1.1591796875, 0.50048828125, 0.072509765625, 0.2744140625, 0.00013816356658935547, 3.2421875, 3.439453125, 5.046875, 5.2265625, 2.638671875, 0.6416015625, 6.3515625, 4.359375, 5.1953125, 2.22265625, 5.296875, 1.9443359375, 6.15625, 6.25390625, 9.2890625, 2.197265625, 6.3515625, 0.0531005859375, 2.572265625, 10.75, 7.3828125, 6.97265625, 3.79296875, 1.4140625, 2.451171875, 0.445556640625, 0.7158203125, 0.0469970703125, 0.404052734375, 0.00015866756439208984, 6.078125, 11.0, 1.7099609375, 2.517578125, 8.4375, 7.99609375, 0.53125, 1.421875, 6.6328125, 1.8310546875, 14.2265625, 0.6728515625, 7.5625, 7.44140625, 2.060546875, 0.8564453125, 6.328125, 0.7783203125, 6.64453125, 1.16015625, 0.7041015625, 4.8515625, 3.97265625, 4.4765625, 5.03125, 2.6875, 6.890625, 9.4140625, 0.0076751708984375, 9.09375, 4.046875, 12.2109375, 1.49609375, 1.0498046875, 0.416015625, 0.0804443359375, 8.2890625, 0.98388671875, 1.072265625, 0.0841064453125, 0.08258056640625, 8.821487426757812e-06, 0.00743865966796875, 0.0003762245178222656, 5.7220458984375e-06, 7.77734375, 4.54296875, 2.7265625, 1.20703125, 4.375, 3.025390625, 0.1552734375, 4.34765625, 4.43359375, 6.19921875, 0.351806640625, 1.8486328125, 2.263671875, 1.8818359375, 7.125, 0.5185546875, 1.375, 0.08538818359375, 3.236328125, 8.8203125, 1.0595703125, 1.8076171875, 4.04296875, 1.2919921875, 4.09765625, 4.5703125, 5.421875, 3.66796875, 5.70703125, 4.05078125, 3.19921875, 1.03515625, 6.29296875, 5.65234375, 0.4462890625, 2.140625, 0.0007309913635253906, 3.255859375, 0.048370361328125, 4.828125, 0.005092620849609375, 10.265625, 1.716796875, 1.11328125, 4.703125, 0.1541748046875, 3.70703125, 0.7001953125, 0.0083465576171875, 0.0870361328125, 4.09375, 0.295166015625, 7.41796875, 4.296875, 2.75, 3.52734375, 5.796875, 3.314453125, 0.00023436546325683594, 0.430419921875, 0.0672607421875, 5.1796875, 0.06646728515625, 2.134765625, 9.2578125, 12.2109375, 6.96875, 0.72412109375, 3.955078125, 0.66845703125, 4.0, 1.2734375]",-0.9979928341700877
234,0,test,3.616337085483082,1.6318661931747187,2.2457374283506013,6.4623301764253895,2.9161159191642905,4.013092919301075,37.20105367531029,29.925856671093317,33.26334241103124,66.47762254404562,53.476974643018835,59.44100241497891,3.8064610874233535,1.650099681412561,2.329946478511594,5.856093980651313,2.5386148944808626,3.58453304386399,44.99093780699062,36.35129356726272,40.61327660812756,69.21682739537019,55.92506702655803,62.48196401250395,3.634082625143504,1.642826943760113,2.2634526562987602,6.451034245816871,2.9162608469114435,4.0179632952049005,37.8670986340606,30.542373122449646,33.929268009201735,67.21970171726734,54.21723039488103,60.22946983881964,0.7738693467336684,0.003869346733668344,0.003869346733668344,0.6381909547738693,0.0031909547738693256,-0.006809045226130683,0.5376884422110553,-0.0023115577889447625,0.002688442211055353,0.43189368770764125,0.09026848041079216,0.16891026229327666,0.3733333333333333,0.44221105527638194,0.10386519061472776,0.1784381003515072,0.3939393939393939,0.4347826086956522,0.09421499600783922,0.17226870435749875,0.37583892617449666,24.0,1.0,-1.0,38.0,3.0,0.0,47.0,4.0,1.0,0.001518110095484552,0.0005724597775639351,7.174699658601632e-05,0.0004991372202978184,9.589878044646838e-05,-4.7314887297922326e-05,"[11.3125, 2.556640625, 11.1796875, 0.367431640625, 1.5029296875, 6.3359375, 2.517578125, 4.53125, 0.2239990234375, 2.833984375, 1.056640625, 4.48046875, 7.99609375, 5.81640625, 2.251953125, 10.28125, 6.53515625, 7.1796875, 4.4140625, 1.662109375, 2.37890625, 1.6630859375, 9.890625, 5.05078125, 2.69140625, 5.30859375, 5.19140625, 4.47265625, 5.48828125, 7.421875, 2.806640625, 2.6484375, 8.2109375, 1.732421875, 0.0006570816040039062, 0.06536865234375, 0.471923828125, 1.16015625, 0.8701171875, 4.66796875, 2.716796875, 0.309326171875, 5.42578125, 7.23828125, 2.060546875, 4.13671875, 10.3515625, 4.9453125, 2.94921875, 4.94140625, 6.16796875, 6.0703125, 2.16796875, 1.13671875, 0.02764892578125, 7.3515625, 9.2578125, 9.40625, 7.4765625, 3.5390625, 11.3359375, 0.5234375, 4.30078125, 3.310546875, 0.92724609375, 7.15625, 5.4609375, 4.98046875, 4.26171875, 4.6171875, 9.0390625, 3.982421875, 3.869140625, 0.10650634765625, 4.0703125, 8.90625, 4.2890625, 10.8359375, 5.83203125, 0.78125, 10.296875, 0.9990234375, 5.19921875, 11.9609375, 1.4580078125, 2.86328125, 0.074951171875, 4.19140625, 4.60546875, 6.671875, 0.16162109375, 3.478515625, 1.4443359375, 6.89453125, 0.94677734375, 3.853515625, 5.1015625, 2.578125, 6.4296875, 6.33203125, 10.671875, 0.64990234375, 0.048553466796875, 0.92333984375, 7.62890625, 1.7265625, 13.2265625, 4.453125, 2.837890625, 2.357421875, 4.08203125, 3.669921875, 2.359375, 6.18359375, 8.4453125, 1.208984375, 7.25, 7.59375, 1.0068359375, 1.576171875, 2.869140625, 0.045745849609375, 0.80859375, 6.5546875, 0.9833984375, 0.63720703125, 8.3515625, 0.31103515625, 3.873046875, 8.2421875, 4.8828125, 5.234375, 4.3984375, 2.7578125, 0.1593017578125, 6.875, 5.546875, 2.974609375, 1.8154296875, 1.4150390625, 1.23828125, 1.083984375, 4.328125, 0.496826171875, 3.1953125, 3.517578125, 0.76953125, 0.017791748046875, 3.45703125, 3.509765625, 0.93212890625, 2.759765625, 4.796875, 0.865234375, 1.2109375, 0.501953125, 3.041015625, 2.876953125, 4.75390625, 0.237548828125, 0.1961669921875, 2.642578125, 5.27734375, 0.73486328125, 4.3515625, 0.12091064453125, 1.64453125, 10.671875, 3.017578125, 1.4697265625, 1.7099609375, 5.32421875, 0.0986328125, 0.0899658203125, 0.86962890625, 0.00934600830078125, 8.53125, 0.1146240234375, 1.6328125, 1.6884765625, 0.003665924072265625, 1.7587890625, 7.72265625, 5.734375, 0.307861328125, 3.748046875, 6.0234375, 0.0411376953125, 7.265625, 3.234375, 1.89453125, 4.28125, 5.3515625, 0.138916015625, 0.01555633544921875, 2.197265625, 7.2578125, 0.72314453125, 0.2568359375, 10.1640625, 4.51953125, 4.48828125, 1.3291015625, 1.09765625, 0.2078857421875, 8.1484375, 3.08203125, 1.6044921875, 5.7890625, 1.462890625, 2.884765625, 1.666015625, 11.5, 0.97216796875, 1.37890625, 6.875, 3.328125, 2.10546875, 0.224853515625, 4.9296875, 5.12890625, 0.306640625, 1.7001953125, 0.002834320068359375, 2.08984375, 2.60546875, 0.0216827392578125, 0.0216064453125, 0.2413330078125, 0.004993438720703125, 4.7890625, 3.14453125, 5.62109375, 0.113525390625, 1.4736328125, 6.99609375, 0.4150390625, 1.89453125, 1.650390625, 2.373046875, 3.96875, 10.2109375, 7.9765625, 2.447265625, 9.703125, 5.28125, 2.3046875, 6.28125, 1.5712890625, 4.66015625, 5.18359375, 3.052734375, 4.08984375, 0.490478515625, 8.1953125, 2.716796875, 1.900390625, 2.69921875, 4.50390625, 2.216796875, 2.52734375, 1.1376953125, 0.060028076171875, 2.162109375, 8.921875, 1.4716796875, 6.68359375, 3.419921875, 2.16015625, 1.6650390625, 6.6484375, 1.470703125, 5.20703125, 3.017578125, 0.6240234375, 4.62890625, 2.02734375, 3.974609375, 4.1875, 6.52734375, 5.421875, 0.5419921875, 6.49609375, 3.638671875, 7.62890625, 0.0206298828125, 0.056427001953125, 1.767578125, 3.341796875, 0.2120361328125, 1.1787109375, 0.0019092559814453125, 1.2314453125, 7.3203125, 2.154296875, 1.0185546875, 3.205078125, 0.947265625, 6.6640625, 1.1298828125, 0.796875]",-1.078733658077709
321,0,test,3.991776709045683,1.8312954869685116,2.502228262253271,6.083852454147938,2.791070832548394,3.8136370503016725,54.151014542172696,45.475703136664734,49.715922155588544,82.53136553716682,69.30935478057938,75.77185726122832,4.040263281395687,1.8013647925837062,2.5256109189447544,5.771804687708125,2.573378275119581,3.6080155984925066,56.84130609400593,47.458315969570066,52.29346624189933,81.2018658485799,67.79759424224295,74.7049517741419,3.991776709045683,1.8312954869685116,2.502228262253271,6.083852454147938,2.791070832548394,3.8136370503016725,54.151014542172696,45.475703136664734,49.715922155588544,82.53136553716682,69.30935478057938,75.77185726122832,0.7989949748743719,-0.006005025125628061,-0.011005025125628176,0.6783919597989949,0.008391959798994986,0.013391959798994879,0.5829145728643217,-0.012085427135678284,-0.0070854271356783904,0.46825396825396826,0.11775891874901778,0.20044394186874404,0.4900398406374502,0.4723618090452262,0.134015944383572,0.20191105779313934,0.5,0.46825396825396826,0.11775891874901778,0.20044394186874404,0.4900398406374502,22.0,5.0,5.0,38.0,7.0,6.0,47.0,6.0,6.0,0.00029403235333235784,6.973679571312839e-06,-8.36252422689648e-06,-5.857619511928647e-05,-0.00012331829868550415,0.00012440840417138332,"[2.859375, 2.21484375, 0.2666015625, 0.05609130859375, 3.802776336669922e-05, 1.1826171875, 0.01139068603515625, 0.01456451416015625, 2.5703125, 12.765625, 6.734375, 5.2265625, 0.04486083984375, 5.93359375, 0.240966796875, 1.474609375, 4.40625, 0.00965118408203125, 8.2421875, 5.9765625, 3.92578125, 6.94921875, 6.11328125, 5.265625, 11.3671875, 0.056976318359375, 4.265625, 3.265625, 4.05859375, 5.140625, 4.97265625, 0.0858154296875, 8.0078125, 3.810546875, 5.93359375, 0.92138671875, 0.95166015625, 8.390625, 5.78515625, 0.92431640625, 7.37890625, 3.103515625, 0.4091796875, 5.98046875, 1.4404296875, 13.0703125, 2.26171875, 4.75, 6.06640625, 1.3603515625, 4.94140625, 2.0078125, 0.034912109375, 4.65625, 0.044769287109375, 8.6796875, 5.61328125, 5.046875, 6.9921875, 0.96875, 1.69140625, 9.2578125, 2.4765625, 5.86328125, 3.314453125, 6.390625, 5.5703125, 1.8935546875, 6.70703125, 2.7890625, 4.65234375, 4.7421875, 0.272705078125, 1.3681640625, 1.525390625, 2.4375, 3.154296875, 0.8046875, 5.6328125, 1.833984375, 0.87451171875, 5.9453125, 4.77734375, 1.0322265625, 3.193359375, 0.0106658935546875, 0.4189453125, 1.546875, 3.4375, 5.4765625, 0.0033054351806640625, 0.0271148681640625, 7.14453125, 3.896484375, 3.177734375, 7.94921875, 5.19140625, 3.28515625, 7.0859375, 13.640625, 1.4599609375, 10.2734375, 2.98046875, 2.23828125, 10.78125, 9.140625, 0.327392578125, 0.050048828125, 4.64453125, 2.220703125, 4.41796875, 9.859375, 5.8515625, 3.1171875, 3.390625, 8.015625, 1.4443359375, 4.67578125, 7.4609375, 4.03515625, 5.0, 0.0159454345703125, 1.5478515625, 0.45458984375, 1.951171875, 6.93359375, 1.2080078125, 8.015625, 5.19140625, 0.00748443603515625, 4.828125, 4.58984375, 1.37890625, 1.87890625, 6.11328125, 0.005191802978515625, 7.7734375, 3.4765625, 5.796875, 4.92578125, 2.283203125, 0.0291595458984375, 7.6328125, 6.65625, 1.193359375, 3.990234375, 4.671875, 3.3359375, 2.25, 8.9453125, 5.37109375, 0.54541015625, 4.26171875, 7.1796875, 8.3828125, 4.58984375, 8.421875, 1.0068359375, 7.1875, 0.54736328125, 3.767578125, 11.609375, 2.09375, 2.560546875, 2.6640625, 7.5625, 9.609375, 3.587890625, 5.95703125, 0.01346588134765625, 2.9921875, 2.83984375, 8.453125, 1.4423828125, 2.181640625, 4.38671875, 8.703125, 5.7578125, 3.80078125, 8.28125, 3.646484375, 0.65380859375, 4.94140625, 10.84375, 0.432861328125, 8.96875, 0.7109375, 1.3916015625, 4.05859375, 5.5859375, 0.6396484375, 4.19140625, 1.65234375, 0.8603515625, 4.09375, 1.2470703125, 5.31640625, 6.59375, 1.263671875, 3.728515625, 1.0283203125, 3.830078125, 3.076171875, 3.4375, 2.904296875, 0.0287933349609375, 5.640625, 5.42578125, 1.8193359375, 2.19140625, 10.328125, 6.7109375, 4.62890625, 4.57421875, 1.3544921875, 1.6611328125, 2.95703125, 4.410743713378906e-05, 0.7197265625, 0.244384765625, 11.3984375, 2.96875, 2.3359375, 5.94921875, 0.07611083984375, 0.18212890625, 7.140625, 2.404296875, 5.3671875, 1.0556640625, 1.90234375, 9.6171875, 5.98046875, 1.404296875, 4.5546875, 4.08984375, 5.2421875, 3.89453125, 0.04412841796875, 0.1646728515625, 0.87060546875, 4.20703125, 8.2421875, 6.421875, 2.58984375, 3.96484375, 7.6796875, 5.3203125, 3.880859375, 6.95703125, 5.65625, 1.0341796875]",-0.7674939589841023
78,0,test,2.845730909122312,1.2868566236597203,1.7871562814625086,5.3016356663100614,2.397431518050986,3.3294966339575502,17.214136040972594,12.46066885595426,14.331876274368689,32.070171254414696,23.214396772736702,26.70048182622112,3.138671202491028,1.4351071585811912,1.9562115696686968,5.626987110772204,2.5728497707897033,3.507082003279916,23.073186886242503,17.579695298152235,19.81079826552515,41.365443156416745,31.51675103002068,35.51665634990545,2.845730909122312,1.2868566236597203,1.7871562814625086,5.3016356663100614,2.397431518050986,3.3294966339575502,17.214136040972594,12.46066885595426,14.331876274368689,32.070171254414696,23.214396772736702,26.70048182622112,0.6767676767676767,-0.018232323232323377,-0.008232323232323369,0.5404040404040404,0.005404040404040522,0.005404040404040522,0.4191919191919192,-0.0008080808080808133,-0.005808080808080818,0.3911439114391144,0.09832623188110334,0.15188010775813288,0.2925925925925926,0.41414141414141414,0.11187441162252243,0.1708528235373873,0.31472081218274117,0.3911439114391144,0.09832623188110334,0.15188010775813288,0.2925925925925926,24.0,5.0,6.0,35.0,6.0,7.0,42.0,5.0,3.0,0.0005672449242390888,0.0010623113083947711,0.0004093186598946791,-0.00019024471046957814,0.00021210453193631906,5.782182176528039e-05,"[8.8203125, 6.8359375, 4.41015625, 3.73828125, 5.36328125, 6.30859375, 4.9453125, 11.8359375, 3.173828125, 10.0390625, 7.59765625, 0.66650390625, 7.4296875, 1.0625, 2.517578125, 4.7734375, 2.931640625, 0.71240234375, 8.1953125, 10.9609375, 6.98828125, 7.75, 7.09375, 3.232421875, 0.05950927734375, 1.44140625, 3.83984375, 2.072265625, 4.546875, 0.9345703125, 0.982421875, 11.8828125, 5.7109375, 3.91015625, 2.419921875, 1.6044921875, 2.44921875, 2.888671875, 3.423828125, 1.5712890625, 1.951171875, 4.015625, 0.03338623046875, 0.046356201171875, 5.80078125, 0.25634765625, 9.8046875, 5.8671875, 2.95703125, 5.70703125, 1.693359375, 0.0193939208984375, 0.0134429931640625, 5.171875, 5.98046875, 6.41015625, 6.234375, 0.00022935867309570312, 4.8515625, 4.60546875, 3.8359375, 1.71661376953125e-05, 0.0004355907440185547, 3.30859375, 1.5908203125, 3.537109375, 2.302734375, 6.9375, 5.58203125, 1.3154296875, 1.490234375, 7.99609375, 2.365234375, 0.034393310546875, 0.007518768310546875, 0.5146484375, 3.810546875, 1.9619140625, 0.2410888671875, 0.0313720703125, 0.040740966796875, 5.28515625, 0.411865234375, 2.8046875, 8.34375, 3.33203125, 0.716796875, 6.5078125, 1.634765625, 4.25390625, 0.2423095703125, 1.4052734375, 9.1171875, 0.52880859375, 0.5078125, 0.005313873291015625, 0.01030731201171875, 2.052734375, 1.3095703125, 5.14453125, 8.875, 0.1402587890625, 1.732421875, 8.671875, 2.298828125, 0.12109375, 8.1953125, 1.466796875, 0.002025604248046875, 0.00406646728515625, 2.41796875, 6.0859375, 9.7109375, 0.044952392578125, 2.775390625, 0.1368408203125, 2.2890625, 0.76806640625, 0.279052734375, 0.99609375, 4.82421875, 2.384765625, 0.89453125, 1.912109375, 0.17919921875, 8.5234375, 4.55078125, 1.0673828125, 2.576171875, 0.0100250244140625, 0.0103759765625, 2.564453125, 1.39453125, 4.92578125, 0.53125, 2.884765625, 0.55322265625, 3.70703125, 7.89453125, 1.9365234375, 2.5234375, 7.21875, 1.4638671875, 6.12890625, 0.092041015625, 7.953125, 3.7109375, 4.1015625, 0.08319091796875, 2.306640625, 0.18408203125, 0.0028839111328125, 0.003997802734375, 1.0380859375, 5.921875, 4.2265625, 2.79296875, 0.8701171875, 2.74609375, 8.359375, 0.3193359375, 0.9345703125, 2.41796875, 3.001953125, 0.08270263671875, 3.76171875, 6.8125, 1.16015625, 0.7021484375, 1.3935546875, 0.0307769775390625, 5.625, 3.12890625, 0.049072265625, 1.439453125, 0.86474609375, 0.89501953125, 4.76953125, 0.1923828125, 7.15234375, 5.7734375, 2.755859375, 0.5595703125, 1.181640625, 0.018157958984375, 0.0223388671875, 0.20751953125, 3.625, 0.77392578125, 1.0283203125, 4.94140625, 4.08203125, 1.2119140625, 0.359619140625, 4.4375, 1.341796875, 0.7138671875, 1.326171875, 0.0193939208984375, 5.15234375, 0.89599609375, 10.09375, 0.465576171875, 4.1171875, 4.19140625, 0.416748046875, 5.79296875, 2.13671875, 0.62158203125, 0.1185302734375, 0.474853515625, 0.053253173828125, 0.002483367919921875, 0.0035228729248046875, 9.3125, 6.328125, 0.4091796875, 4.51953125, 5.29296875, 4.71484375, 0.0645751953125, 0.0202484130859375, 1.5478515625, 3.609375, 2.193359375, 0.580078125, 9.25, 1.9697265625, 0.453369140625, 1.55859375, 4.1875, 0.112060546875, 0.03741455078125, 0.986328125, 2.982421875, 0.0185394287109375, 0.01000213623046875, 0.9951171875, 1.38671875, 1.3505859375, 4.421875, 2.48046875, 5.83984375, 2.75, 2.9375, 0.72119140625, 0.9677734375, 1.63671875, 1.296875, 2.126953125, 0.11962890625, 0.0189666748046875, 2.078125, 0.87646484375, 2.23828125, 0.165771484375, 0.00891876220703125, 1.4140625, 7.66015625, 8.8125, 1.1591796875, 4.09765625, 1.423828125, 3.9921875, 0.053192138671875, 0.370849609375, 0.090087890625, 0.0016536712646484375, 0.00384521484375, 0.62109375, 2.140625]",-1.1403518831597923
371,0,test,3.66808981437614,1.7083730006868099,2.349866562022242,5.522069992294515,2.5718441369035125,3.537570856957397,39.1769989998018,32.07968208224842,35.44022283248265,58.97841697252772,48.293869221645714,53.35294415542225,3.8675748163731254,1.7502157350665724,2.429431855199025,5.226452454558277,2.365156398738611,3.2830160205392227,47.82625786410513,39.51709320614726,43.61339276988453,64.63007819473667,53.40147730560441,58.93701725660071,3.66808981437614,1.7083730006868099,2.349866562022242,5.522069992294515,2.5718441369035125,3.537570856957397,39.1769989998018,32.07968208224842,35.44022283248265,58.97841697252772,48.293869221645714,53.35294415542225,0.7587939698492463,-0.026206030150753734,-0.016206030150753725,0.6633165829145728,-0.0016834170854271857,0.018316582914572832,0.5376884422110553,0.002688442211055353,0.007688442211055246,0.4311594202898551,0.08757895012710648,0.17573773354286715,0.3927272727272727,0.44723618090452266,0.10387778491454769,0.18179377689784482,0.43434343434343436,0.4311594202898551,0.08757895012710648,0.17573773354286715,0.3927272727272727,21.0,0.0,0.0,32.0,0.0,0.0,44.0,1.0,2.0,0.0004791854360364486,0.00022018627611433288,-7.631335325417592e-05,-0.00022489431977135155,0.00019273690668875076,4.029903692170933e-05,"[9.09375, 8.6171875, 3.6796875, 4.09375, 3.66015625, 6.22265625, 2.81640625, 1.056640625, 12.3984375, 9.0, 0.65478515625, 3.521484375, 4.69140625, 0.226318359375, 0.01071929931640625, 2.298828125, 7.671875, 0.0005474090576171875, 1.1865234375, 0.85546875, 5.234375, 0.208984375, 0.02325439453125, 2.21875, 3.1484375, 2.21875, 1.4169921875, 8.046875, 2.625, 0.0297393798828125, 2.869140625, 8.546875, 6.078125, 1.8623046875, 10.6953125, 13.625, 0.0931396484375, 2.046875, 0.74267578125, 8.5546875, 4.0390625, 4.9296875, 0.127685546875, 3.0546875, 0.001834869384765625, 2.453125, 1.509765625, 0.0312042236328125, 2.916015625, 5.32421875, 12.0703125, 0.83544921875, 3.77734375, 6.0, 6.15234375, 4.28515625, 0.021392822265625, 3.6796875, 2.31640625, 0.002117156982421875, 5.64453125, 4.125, 1.99609375, 8.671875, 0.09222412109375, 4.1328125, 1.25, 8.53125, 0.767578125, 5.65625, 2.10546875, 2.474609375, 1.7509765625, 1.400390625, 10.9140625, 0.0626220703125, 3.451171875, 1.919921875, 6.2578125, 7.5703125, 5.8671875, 4.046875, 2.14453125, 5.55078125, 0.0267181396484375, 4.20703125, 0.0021724700927734375, 4.05859375, 3.205078125, 3.34765625, 9.0859375, 1.1416015625, 5.6171875, 5.203125, 9.234375, 5.1015625, 5.1015625, 2.154296875, 4.5234375, 2.49609375, 2.478515625, 3.078125, 7.20703125, 1.4921875, 1.5341796875, 1.1962890625, 1.1796875, 7.15625, 0.6796875, 4.75390625, 5.1328125, 4.27734375, 2.46484375, 0.5498046875, 0.91259765625, 3.443359375, 6.76171875, 6.02734375, 0.28466796875, 1.34375, 0.2113037109375, 9.3125, 6.05859375, 6.0859375, 6.359375, 3.216796875, 3.833984375, 0.60595703125, 0.94873046875, 7.5546875, 4.4765625, 7.30078125, 1.591796875, 0.40185546875, 3.515625, 0.10931396484375, 0.0003666877746582031, 5.364418029785156e-06, 3.275390625, 4.109375, 8.4375, 0.69140625, 7.40234375, 6.25, 0.97216796875, 8.359375, 6.11328125, 2.6796875, 1.6748046875, 0.90966796875, 5.58203125, 4.625, 12.359375, 7.84765625, 2.7265625, 5.41796875, 8.296875, 2.3515625, 12.9921875, 3.40625, 4.58984375, 6.6171875, 3.3984375, 8.9375, 3.28125, 10.7421875, 0.67333984375, 1.94921875, 0.05596923828125, 2.041015625, 5.07421875, 1.0791015625, 1.2060546875, 0.0191192626953125, 2.71875, 1.736328125, 2.060546875, 0.10589599609375, 0.1934814453125, 7.578125, 3.919921875, 3.611328125, 8.671875, 0.15380859375, 6.2421875, 7.03125, 2.40625, 5.3203125, 0.642578125, 0.0200042724609375, 6.06640625, 1.0458984375, 0.19482421875, 4.53515625, 1.421875, 0.38427734375, 8.328125, 6.6875, 13.5078125, 0.69384765625, 0.033660888671875, 0.019927978515625, 0.98583984375, 2.169921875, 4.46875, 6.15234375, 2.046875, 2.138671875, 1.1572265625, 5.93359375, 2.740234375, 2.767578125, 0.90380859375, 3.70703125, 5.66015625, 4.8515625, 6.08984375, 1.103515625, 3.072265625, 3.744140625, 1.404296875, 0.1312255859375, 0.78662109375, 0.0002701282501220703, 3.751953125, 2.29296875, 2.830078125, 10.96875, 0.75830078125, 0.338134765625, 2.802734375, 4.18359375, 0.283203125, 4.1953125, 10.0390625, 0.002208709716796875, 0.0009784698486328125, 0.32861328125, 3.650390625, 7.61328125, 3.447265625, 5.43359375, 5.53515625, 3.052734375, 2.427734375, 3.287109375, 5.58203125, 2.416015625, 5.37109375, 2.892578125, 5.45703125, 2.3359375, 0.53173828125, 0.416259765625, 4.73828125, 1.9541015625, 3.458984375, 8.0703125, 8.59375, 4.7109375, 5.890625, 3.43359375, 0.09588623046875, 0.201416015625, 0.0008559226989746094, 2.685546875, 4.35546875, 3.681640625, 0.337646484375, 3.375, 5.21875, 1.08984375, 5.765625, 2.412109375, 4.67578125, 1.9296875]",-0.8475561664588209
193,0,test,3.8737263731683544,1.8056702752160967,2.4778559882173,6.4131692178009425,2.989387455635538,4.102228247159752,48.12137057633581,40.211937575087234,44.08288249372641,79.6676023986004,66.57309665208885,72.98166101739149,4.002650830014866,1.8239853922208948,2.544112796287452,5.974105716440098,2.722366257046112,3.7971832780409738,54.743072445485545,45.90856425837919,50.443403485322214,81.7060782768441,68.52024516175997,75.28866191839137,3.8737263731683544,1.8056702752160967,2.4778559882173,6.4131692178009425,2.989387455635538,4.102228247159752,48.12137057633581,40.211937575087234,44.08288249372641,79.6676023986004,66.57309665208885,72.98166101739149,0.8140703517587939,0.014070351758793898,0.024070351758793906,0.6180904522613065,-0.026909547738693473,-0.01190954773869346,0.5376884422110553,-0.012311557788944771,-0.0023115577889447625,0.45791245791245794,0.14698808816455877,0.20819241311962478,0.43581081081081086,0.457286432160804,0.12896563015579143,0.18516623182691416,0.43939393939393945,0.45791245791245794,0.14698808816455877,0.20819241311962478,0.43581081081081086,26.0,2.0,2.0,38.0,4.0,2.0,46.0,3.0,2.0,0.00012182632999728997,-0.00011164081416810436,3.73059714986289e-05,0.0005149329265217162,0.00011139288064487829,-3.329665942342075e-05,"[6.3984375, 8.703125, 3.791015625, 9.171875, 1.0341796875, 4.4765625, 3.921875, 1.8974609375, 3.060546875, 4.5703125, 7.80078125, 5.5078125, 4.73828125, 1.8251953125, 8.875, 0.828125, 3.166015625, 1.5283203125, 9.9765625, 1.0458984375, 1.0380859375, 5.7578125, 0.50048828125, 4.43359375, 1.4697265625, 2.57421875, 4.34765625, 0.859375, 2.021484375, 7.9453125, 2.01171875, 5.62890625, 7.3984375, 2.6953125, 4.62890625, 2.955078125, 0.74365234375, 1.0166015625, 7.2421875, 5.49609375, 0.377197265625, 2.435546875, 2.501953125, 5.78515625, 7.03515625, 2.8828125, 0.300048828125, 4.35546875, 0.439453125, 8.96875, 0.43017578125, 2.525390625, 0.206298828125, 1.88671875, 6.44140625, 6.609375, 4.69140625, 0.065673828125, 7.7109375, 0.0294036865234375, 3.525390625, 4.46484375, 0.06634521484375, 4.33203125, 1.5458984375, 8.7421875, 0.25390625, 8.296875, 4.63671875, 7.671875, 1.1298828125, 0.317138671875, 9.8515625, 1.7265625, 3.359375, 3.763671875, 1.3681640625, 6.17578125, 0.7353515625, 6.328125, 1.8125, 2.919921875, 5.88671875, 11.3203125, 8.734375, 5.48046875, 4.9140625, 2.056640625, 6.75, 3.62890625, 5.8828125, 4.65234375, 2.2109375, 2.27734375, 8.4375, 10.0390625, 3.890625, 7.41015625, 0.00017845630645751953, 0.53125, 10.140625, 3.869140625, 0.003101348876953125, 0.09027099609375, 0.0018091201782226562, 3.431640625, 6.078125, 3.2734375, 0.408447265625, 2.02734375, 1.9111328125, 0.8466796875, 5.140625, 0.0780029296875, 6.94921875, 0.1439208984375, 4.2265625, 0.3544921875, 0.45166015625, 2.23046875, 0.9111328125, 0.8876953125, 6.05078125, 6.97265625, 8.921875, 7.875, 7.6328125, 0.317138671875, 0.85888671875, 7.27734375, 1.681640625, 5.35546875, 1.6875, 0.8955078125, 8.46875, 2.435546875, 6.87890625, 2.193359375, 5.9765625, 3.275390625, 3.9140625, 2.267578125, 1.310546875, 0.018218994140625, 7.078125, 5.5, 1.833984375, 1.5703125, 5.61328125, 0.08697509765625, 1.40625, 0.0114593505859375, 1.6220703125, 12.109375, 1.5107421875, 0.026336669921875, 5.10546875, 1.49609375, 6.56640625, 2.150390625, 0.8056640625, 6.00390625, 3.669921875, 1.1298828125, 0.71875, 5.94140625, 1.2080078125, 12.1484375, 6.7421875, 2.193359375, 7.25, 1.3447265625, 7.34765625, 4.4453125, 8.6796875, 2.912109375, 1.5029296875, 12.109375, 7.19140625, 3.296875, 1.6474609375, 4.140625, 0.68603515625, 5.16015625, 7.859375, 10.71875, 0.953125, 0.95654296875, 4.15625, 2.32421875, 9.1875, 7.75, 6.6640625, 1.068359375, 0.2391357421875, 4.37890625, 0.0853271484375, 9.0078125, 9.7421875, 1.1884765625, 10.5625, 9.2109375, 0.6767578125, 6.4140625, 0.6474609375, 7.25, 4.96875, 4.50390625, 0.0297088623046875, 7.2734375, 4.23828125, 3.287109375, 3.529296875, 10.3671875, 5.734375, 0.7548828125, 3.287109375, 8.4296875, 1.7841796875, 7.93359375, 2.55078125, 7.9921875, 4.54296875, 4.05078125, 5.59375, 0.828125, 5.57421875, 2.904296875, 9.28125, 3.0859375, 1.03515625, 6.015625, 0.0022602081298828125, 7.6640625, 1.2666015625, 2.49609375, 2.876953125, 0.08746337890625, 0.004413604736328125, 0.33349609375, 4.22265625, 6.58984375, 0.447265625, 0.03912353515625, 4.76171875, 1.5400390625, 0.0097503662109375, 0.6943359375, 5.9453125, 2.24609375, 3.873046875, 0.04736328125, 0.016448974609375, 9.859375, 0.6064453125, 13.609375, 0.09649658203125, 4.70703125, 2.794921875, 10.0390625, 0.365478515625, 0.093017578125, 5.34375, 0.70703125, 5.1796875, 0.943359375, 8.5703125, 0.8359375, 5.296875, 0.031341552734375, 4.69921875, 9.8125, 0.0098419189453125, 1.1533203125, 4.15234375, 0.68505859375, 8.6484375, 1.0107421875, 2.294921875, 0.012603759765625, 4.7421875, 7.36328125, 2.515625, 6.03515625, 1.4375, 1.1552734375, 1.96484375, 0.0020751953125, 1.6552734375, 3.908203125, 4.359375, 0.626953125, 1.03125, 0.11822509765625, 5.55078125, 12.1953125, 4.921875]",-0.8536968179022022
339,0,test,3.1860937832454064,1.3437769163268185,1.8104725625457865,5.957331605130734,2.5125828800069163,3.3852065101767574,24.193736642672665,17.88259322788183,20.236202180903142,45.237247159997324,33.43672379588321,37.837482202834515,3.3185014209555623,1.2616201838060248,1.7981207828759906,5.577313312530357,2.120370056816849,3.022051735926035,27.618930380265105,19.797392171128656,23.04496449083905,46.41837038700018,33.27292801870363,38.73103275771269,3.30453271849897,1.4438934978138551,1.9948586896737937,5.797425821928019,2.5331464873927287,3.499752087147007,27.23581182381008,20.80796755430191,23.530846020516513,47.78212600668436,36.505206235617386,41.282186000906165,0.6482412060301508,0.008241206030150772,-0.006758793969849242,0.5628140703517588,-0.012185929648241167,-0.0021859296482411583,0.4723618090452262,0.007361809045226209,-0.01263819095477381,0.4217877094972067,0.11495367881380358,0.16079064204852633,0.4229691876750701,0.42713567839195976,0.09881487638694719,0.16336272346708502,0.4494949494949495,0.4180602006688964,0.10420377328993147,0.1677821139058263,0.43288590604026844,26.0,17.0,17.0,39.0,30.0,30.0,47.0,38.0,38.0,-1.0298782554748794e-05,0.00045921074558169284,5.362204473356156e-05,-0.006731347302138424,-0.007859316163369101,-0.007449353358740751,"[2.88671875, 2.212890625, 0.2330322265625, 0.0401611328125, 3.814697265625e-05, 1.2705078125, 0.01294708251953125, 0.01422119140625, 1.583984375, 9.0625, 7.796875, 3.1171875, 5.0390625, 0.05535888671875, 5.08984375, 7.91796875, 2.673828125, 2.08984375, 1.6923828125, 4.3046875, 2.458984375, 0.278564453125, 5.55078125, 4.171875, 2.505859375, 7.921875, 6.73828125, 2.2109375, 7.9609375, 2.759765625, 0.94921875, 4.0234375, 5.3671875, 2.1875, 1.1025390625, 7.15625, 0.822265625, 10.9140625, 11.4609375, 7.02734375, 2.953125, 0.059173583984375, 0.417236328125, 4.20703125, 4.734375, 0.002849578857421875, 3.970703125, 5.83203125, 0.1104736328125, 0.2095947265625, 0.12054443359375, 7.44140625, 7.1171875, 1.6845703125, 4.8041343688964844e-05, 0.0193634033203125, 0.00823974609375, 0.0002142190933227539, 8.940696716308594e-06, 0.002483367919921875, 6.30078125, 3.478515625, 3.25390625, 0.1939697265625, 0.501953125, 3.400390625, 7.13671875, 2.658203125, 0.26513671875, 8.344650268554688e-07, 0.0009636878967285156, 0.000965118408203125, 2.574920654296875e-05, 3.2186508178710938e-06, 1.6689300537109375e-05, 3.876953125, 7.84765625, 3.064453125, 0.271728515625, 0.55078125, 7.40625, 12.1484375, 8.59375, 4.30078125, 1.8076171875, 7.86328125, 5.03125, 0.26806640625, 4.07421875, 4.8515625, 4.0234375, 1.6953125, 2.60546875, 7.62109375, 3.076171875, 4.328125, 3.912109375, 5.0859375, 9.234375, 6.04296875, 2.064453125, 2.2265625, 6.05859375, 8.265625, 0.2442626953125, 4.11328125, 10.4453125, 6.19921875, 3.044921875, 8.6015625, 6.30078125, 1.48046875, 9.25, 4.0078125, 4.85546875, 8.9296875, 9.1875, 9.7734375, 1.48046875, 8.1328125, 5.3125, 0.0965576171875, 4.52734375, 6.03515625, 0.393310546875, 0.219482421875, 0.310791015625, 0.00782012939453125, 8.4375, 0.1541748046875, 1.0732421875, 2.53515625, 11.28125, 3.7109375, 3.0546875, 1.8251953125, 3.216796875, 0.1494140625, 8.2578125, 0.1527099609375, 5.98828125, 1.41015625, 7.01171875, 0.9423828125, 0.00093841552734375, 0.00013971328735351562, 1.7404556274414062e-05, 1.2993812561035156e-05, 4.76837158203125e-07, 4.5418739318847656e-05, 6.390625, 0.93701171875, 0.0750732421875, 4.82421875, 1.4066696166992188e-05, 0.018280029296875, 5.435943603515625e-05, 7.152557373046875e-07, 1.7881393432617188e-06, 0.693359375, 8.484375, 0.378173828125, 0.07958984375, 0.1114501953125, 2.373046875, 5.25390625, 0.02142333984375, 7.29296875, 4.3515625, 2.46875, 1.2939453125, 0.76025390625, 1.65234375, 4.6796875, 0.377685546875, 9.4921875, 4.26171875, 0.015869140625, 1.6630859375, 8.7109375, 6.6484375, 1.1123046875, 0.8759765625, 3.548828125, 5.6328125, 5.88671875, 3.626953125, 4.671875, 1.671875, 3.396484375, 8.59375, 1.564453125, 3.361328125, 2.548828125, 5.55078125, 4.76837158203125e-07, 0.0004425048828125, 1.800060272216797e-05, 3.6954879760742188e-06, 4.76837158203125e-07, 3.5762786865234375e-07, 12.421875, 4.6171875, 7.38671875, 9.453125, 4.1875, 2.189453125, 0.282470703125, 1.0830078125, 7.546875, 5.0, 4.90234375, 1.2099609375, 3.07421875, 1.833984375, 0.02996826171875, 9.171875, 0.9140625, 0.56640625, 2.177734375, 5.1171875, 5.75390625, 10.484375, 8.5078125, 0.54296875, 0.027435302734375, 0.724609375, 6.08984375, 1.9931640625, 11.28125, 7.30078125, 0.87060546875, 3.201171875, 0.2705078125, 1.951171875, 2.55078125, 0.0238037109375, 0.0382080078125, 0.05731201171875, 3.203125, 3.78125, 9.2578125, 3.732421875, 1.8935546875, 1.7523765563964844e-05, 0.00015676021575927734, 7.033348083496094e-06, 9.5367431640625e-06, 4.76837158203125e-07, 8.344650268554688e-07, 3.32421875, 9.0234375, 6.44140625, 7.28125, 0.083740234375, 2.373046875, -0.0, 0.0003521442413330078, 2.0265579223632812e-05, 1.9073486328125e-06, 1.6689300537109375e-06, 3.048828125, 10.1015625, 4.8046875, 0.365234375, 2.091796875, 5.5625, 0.99365234375, 7.06640625, 3.408203125, 3.076171875, 7.1171875, 4.6875, 6.91015625, 0.70458984375, 2.38671875, 5.4296875, 0.1197509765625, 11.140625, 4.4296875, 1.4404296875, 1.8681640625, 4.44140625, 0.009979248046875, 0.1319580078125, 2.08203125, 1.40625, 2.525390625, 5.52734375, 1.9580078125, 2.18359375, 4.5859375, 6.28515625, 3.33203125, 2.041015625, 8.6484375, 0.08685302734375, 0.0187530517578125, 0.342529296875, 2.91796875, 1.369140625, 5.8125, 1.802734375, 4.23828125, 1.47265625, 0.00879669189453125, 0.041717529296875, 3.931640625, 7.58203125, 1.8232421875, 2.482421875, 8.58306884765625e-06, 6.42538070678711e-05, 7.3909759521484375e-06, 2.4557113647460938e-05, 7.152557373046875e-07, 2.2649765014648438e-06, 3.427734375, 1.173828125, 0.0709228515625, 0.0677490234375, 0.60595703125, 5.84375, 5.1796875, 3.521484375, 0.490234375, 2.396484375, 0.057464599609375, 3.146484375, 4.6796875, 7.12890625, 0.2489013671875, 7.77734375, 1.6201171875, 0.136962890625, 7.86328125, 0.29638671875, 1.515625, 6.4296875, 0.273681640625, 1.5390625, 1.474609375, 4.26953125, 5.84375, 1.654296875, 5.13671875, 1.3837890625, 1.341796875, 0.465576171875, 0.0001474618911743164, 5.81640625, 0.865234375, 11.921875, 3.412109375, 0.6103515625, 0.521484375, 6.203125, 0.6865234375]",-0.6940942050358436
111,0,test,3.2882675485334536,1.408127567104959,1.9826041892246362,5.204857776821524,2.228864777646135,3.13817920237271,26.79639995706449,20.24197766169078,23.10626378891607,42.41487307489637,32.04015892736198,36.573914683027155,3.521666309941354,1.3348812355376438,1.9582283067706847,5.417948169140544,2.0536634392886826,3.0126589334933604,33.84077072165738,24.93423752570458,29.06556047741763,52.062724187165195,38.36036542416089,44.716246888334815,3.2882675485334536,1.408127567104959,1.9826041892246362,5.204857776821524,2.228864777646135,3.13817920237271,26.79639995706449,20.24197766169078,23.10626378891607,42.41487307489637,32.04015892736198,36.573914683027155,0.7587939698492463,0.013793969849246301,0.013793969849246301,0.5979899497487438,-0.007010050251256228,0.002989949748743781,0.5025125628140703,0.007512562814070312,0.002512562814070307,0.4384057971014492,0.10386691825877292,0.15406844770385886,0.3781818181818182,0.4522613065326633,0.0988778478860467,0.15009102272631936,0.398989898989899,0.4384057971014492,0.10386691825877292,0.15406844770385886,0.3781818181818182,27.0,7.0,4.0,42.0,8.0,6.0,48.0,7.0,3.0,0.0006540219394013861,0.0003894305339241572,5.9775693056685646e-05,-0.00022489431977135155,0.00019273690668875076,4.029903692170933e-05,"[9.3359375, 9.7734375, 1.3115234375, 8.6484375, 6.72265625, 1.220703125, 2.208984375, 4.015625, 3.6875, 7.98046875, 7.70703125, 5.078125, 6.76171875, 6.234375, 0.921875, 5.8671875, 3.3203125, 2.572265625, 5.04296875, 8.9765625, 3.974609375, 3.1953125, 3.19921875, 0.0252227783203125, 3.98828125, 1.74609375, 6.15234375, 0.1407470703125, 4.39453125, 0.1820068359375, 7.6875, 0.415283203125, 2.03125, 0.472412109375, 6.12890625, 0.07977294921875, 1.4248046875, 5.30859375, 2.2578125, 5.234375, 6.9765625, 1.0439453125, 4.6328125, 1.1474609375, 3.314453125, 6.42578125, 1.3359375, 3.001953125, 9.2578125, 1.5546875, 0.439208984375, 5.828125, 0.261474609375, 2.37109375, 9.3125, 5.640625, 5.1640625, 1.37890625, 2.9140625, 4.25390625, 5.625, 4.53125, 1.5224609375, 5.578125, 2.47265625, 2.625, 1.5380859375, 6.01953125, 2.013671875, 0.833984375, 1.8369140625, 4.48046875, 1.693359375, 9.9375, 3.630859375, 2.673828125, 2.0384788513183594e-05, 0.19482421875, 0.7890625, 0.0001709461212158203, 0.009033203125, 0.36865234375, 2.880859375, 6.8828125, 5.859375, 5.2421875, 1.59765625, 1.7373046875, 0.031005859375, 6.20703125, 0.011810302734375, 0.05169677734375, 2.91015625, 6.0234375, 1.3935546875, 6.7265625, 2.794921875, 4.9765625, 2.3245811462402344e-05, 0.11334228515625, 2.826171875, 3.40234375, 0.27685546875, 5.99609375, 4.4296875, 1.490234375, 2.037109375, 3.67578125, 1.5478515625, 0.01143646240234375, 8.34375, 4.4921875, 6.22265625, 0.1031494140625, 1.5615234375, 5.55859375, 0.08013916015625, 7.34765625, 1.2177734375, 1.60546875, 7.94140625, 4.88671875, 1.4287109375, 7.546875, 7.56640625, 2.0625, 7.77734375, 0.93115234375, 4.171875, 1.52734375, 0.87158203125, 7.5, 5.9375, 2.287109375, 3.927734375, 5.352497100830078e-05, 0.1715087890625, 6.37109375, 7.7578125, 0.492431640625, 5.08984375, 5.40234375, 7.2890625, 1.53125, 6.3671875, 3.59765625, 1.1455078125, 5.6796875, 2.568359375, 4.01953125, 6.6171875, 6.24609375, 0.7626953125, 8.8203125, 2.26953125, 7.45703125, 5.0078125, 4.58203125, 0.002872467041015625, 2.078125, 3.59765625, 9.0625, 7.015625, 1.6015625, 5.6743621826171875e-05, 0.225830078125, 0.40380859375, 3.466796875, 0.00995635986328125, 7.234375, 9.8515625, 3.525390625, 2.333984375, 0.318359375, 0.2462158203125, 11.3359375, 5.73046875, 4.40625, 5.20703125, 1.697265625, 6.5546875, 0.90283203125, 0.330810546875, 0.049560546875, 2.916015625, 1.4736328125, 2.2649765014648438e-05, 0.262939453125, 0.89892578125, 9.2265625, 2.8515625, 1.4619140625, 0.04156494140625, 0.5205078125, 0.2493896484375, 0.322265625, 5.109375, 5.2421875, 2.25390625, 1.7001953125, 0.0271148681640625, 2.798828125, 2.595703125, 1.6201171875, 8.225440979003906e-06, 0.191650390625, 0.92529296875, 4.96484375, 0.56005859375, 7.82421875, 3.1484375, 3.837890625, 5.9609375, 2.634765625, 1.45703125, 0.5556640625, 5.7578125, 1.9990234375, 1.8505859375, 3.8046875, 3.6171875, 1.154296875, 3.150390625, 2.736328125, 2.181640625, 0.00047588348388671875, 7.75390625, 1.52734375, 0.20703125, 1.8505859375, 2.55859375, 7.99609375, 1.810546875, 4.109375, 0.398193359375, 0.08526611328125, 1.0380859375, 1.658203125, 6.66015625, 4.1015625, 2.564453125, 3.80078125, 9.09375, 5.13671875, 2.2265625, 5.67578125, 5.95703125, 3.99609375, 4.06640625, 0.03472900390625, 2.73828125, 5.80078125, 4.5703125, 0.47216796875, 1.8466796875, 4.0859375, 4.53125, 2.720703125, 0.003078460693359375, 3.974609375, 8.609375, 0.58154296875, 1.4404296875, 1.158203125, 0.049560546875, 0.451416015625, 0.04852294921875, 0.0021572113037109375, 2.275390625, 5.171875, 0.001491546630859375, 0.01885986328125, 1.515625, 0.0726318359375, 0.0004782676696777344, 0.7041015625]",-0.5503795786180357
27,0,test,3.38949317585492,1.5300395027875737,2.1104781713606395,5.512796372223806,2.488512524648755,3.4325593246842585,29.650920658984994,23.23069238948056,26.057821863194842,48.225347968349155,37.78325256449999,42.381399926920345,3.403392332283097,1.4899016607213227,2.085896945415924,5.359672964225349,2.3463018279075945,3.2848770793951556,30.06592083865495,23.28921803470955,26.331863552129818,47.34790683252748,36.67593391292842,41.46750165689735,3.396933204738806,1.548114066431319,2.1188212470223142,5.524897108856793,2.517909659770478,3.446128809812154,29.87234705310295,23.520033165316164,26.282491528969196,48.58548400016169,38.25384704473836,42.7468109350476,0.7236180904522613,-0.006381909547738651,-0.011381909547738656,0.6080402010050252,0.0030402010050252226,0.013040201005025231,0.4824120603015075,-0.0025879396984924696,-0.007587939698492474,0.44326241134751776,0.11405887152450889,0.18618693964940458,0.4128113879003559,0.44221105527638194,0.10386519061472776,0.1817769985151132,0.4040404040404041,0.43617021276595747,0.10519676143852386,0.18263247691690088,0.4092526690391459,22.0,-2.0,-2.0,34.0,-3.0,-2.0,43.0,-2.0,-4.0,-5.2846926150105834e-05,5.48149200311631e-05,0.00024256080618709558,-0.00026647385093347964,0.00016949575638847136,1.9271695109068787e-05,"[6.2109375, 5.7421875, 8.953125, 5.375, 2.3359375, 3.986328125, 2.109375, 6.109375, 4.69921875, 2.47265625, 7.375, 2.37109375, 2.248046875, 0.05401611328125, 2.3359375, 2.849609375, 2.103515625, 0.0202484130859375, 0.3232421875, 9.2734375, 3.94140625, 6.28125, 8.1953125, 4.55859375, 6.26953125, 0.005886077880859375, 5.51953125, 1.9462890625, 5.015625, 6.02734375, 3.576171875, 4.9921875, 9.8125, 0.33984375, 0.89111328125, 2.80078125, 5.49609375, 0.01026153564453125, 4.12109375, 0.273193359375, 2.533203125, 3.154296875, 8.90625, 2.529296875, 4.82421875, 0.525390625, 1.1552734375, 9.125, 0.81640625, 0.98779296875, 5.36328125, 7.43359375, 0.1883544921875, 1.09765625, 4.94140625, 1.015625, 1.0458984375, 9.5078125, 5.16796875, 3.654296875, 6.1171875, 4.6171875, 0.9619140625, 4.83203125, 3.40625, 8.3125, 5.96484375, 0.315673828125, 4.63671875, 6.98828125, 0.00749969482421875, 0.01163482666015625, 1.046875, 0.453369140625, 6.05859375, 5.1953125, 6.94140625, 0.80029296875, 5.0703125, 4.8671875, 0.427001953125, 5.8046875, 3.9453125, 0.53076171875, 0.042724609375, 2.240234375, 6.109375, 1.880859375, 4.75, 1.294921875, 3.30078125, 2.033203125, 7.390625, 6.74609375, 5.41796875, 12.21875, 1.0537109375, 2.892578125, 1.4248046875, 3.037109375, 0.1236572265625, 2.359375, 0.0007543563842773438, 0.018157958984375, 0.0002837181091308594, 0.0014410018920898438, 1.1920928955078125e-07, 0.00046133995056152344, 1.4716796875, 0.138671875, 1.642578125, 0.000797271728515625, 2.337890625, 4.35546875, 3.35546875, 0.037506103515625, 6.3984375, 7.6171875, 3.693359375, 6.54296875, 3.046875, 0.63427734375, 0.344970703125, 4.82421875, 11.109375, 0.54248046875, 1.927734375, 2.056640625, 5.2265625, 2.837890625, 5.203125, 0.139404296875, 0.783203125, 1.8974609375, 1.3642578125, 0.020111083984375, 1.00390625, 0.51025390625, 0.0112457275390625, 0.46484375, 1.283203125, 5.79296875, 8.046875, 2.853515625, 5.97265625, 1.0302734375, 0.348388671875, 0.41259765625, 5.23828125, 1.2998046875, 3.8671875, 4.0703125, 0.01212310791015625, 0.92626953125, 4.1875, 4.609375, 0.330078125, 0.251220703125, 4.94140625, 4.49609375, 7.84375, 1.8427734375, 2.9453125, 3.365234375, 4.2265625, 9.4609375, 1.5869140625, 6.74609375, 3.59765625, 0.25244140625, 1.3720703125, 0.012176513671875, 0.859375, 2.98828125, 0.1739501953125, 0.59423828125, 2.228515625, 5.53125, 9.9453125, 1.5673828125, 6.34765625, 5.23828125, 6.33984375, 1.5087890625, 1.3916015625, 6.0078125, 1.587890625, 10.609375, 0.44873046875, 4.66796875, 0.0092315673828125, 4.09375, 6.4375, 8.609375, 7.8203125, 1.4892578125, 1.5029296875, 3.365234375, 4.87890625, 3.541015625, 4.06640625, 2.72265625, 0.3291015625, 6.109375, 3.130859375, 3.486328125, 1.94921875, 8.4453125, 0.08447265625, 2.42578125, 2.41796875, 0.0687255859375, 2.38671875, 7.45703125, 2.75390625, 6.4609375, 3.025390625, 8.296875, 0.25390625, 0.03338623046875, 7.5078125, 2.779296875, 5.890625, 3.728515625, 6.29296875, 11.0, 2.9296875, 5.09765625, 0.251953125, 5.6640625, 3.95703125, 2.728515625, 7.6171875, 1.6298828125, 3.609375, 1.3740234375, 5.88671875, 5.578125, 1.7763671875, 0.1514892578125, 8.9140625, 6.8515625, 1.138671875, 1.140625, 0.468017578125, 5.3515625, 1.197265625, 6.8359375, 5.390625, 3.416015625, 3.5625, 3.423828125, 1.6240234375, 2.857421875, 6.61328125, 1.1337890625, 6.56640625, 2.7109375, 1.0830078125, 1.056640625, 0.0026798248291015625, 4.66796875, 0.1710205078125, 0.0160369873046875, 1.4111328125, 7.08203125, 1.3154296875, 0.9873046875, 2.771484375, 2.193450927734375e-05, 0.482421875, 0.0014925003051757812, 0.0005645751953125, 2.54296875, 15.578125, 2.4375, 3.576171875, 5.9140625, 0.2344970703125, 6.25, 0.0135345458984375, 0.49609375]",-0.7437994991633907
267,0,test,3.79234803255481,1.7436562410645529,2.3891354018741806,6.513915444152968,2.99498601406382,4.103691396160357,44.36043783858322,36.60269212247429,40.29218906262979,76.19557558156647,62.87050646919113,69.20776003698764,3.938424412928634,1.749105763177731,2.4560094821185174,5.7078614680125135,2.5349358886633784,3.559434032055823,51.33765060627022,42.40852342769042,46.93408344557201,74.40239218300033,61.461628156073076,68.02041079068407,3.79234803255481,1.7436562410645529,2.3891354018741806,6.513915444152968,2.99498601406382,4.103691396160357,44.36043783858322,36.60269212247429,40.29218906262979,76.19557558156647,62.87050646919113,69.20776003698764,0.7889447236180904,-0.011055276381909618,-0.001055276381909609,0.6783919597989949,-0.006608040201005139,0.018391959798994995,0.5326633165829145,-0.007336683417085488,-0.007336683417085488,0.4329896907216495,0.09679758094463409,0.16441826215022093,0.4137931034482759,0.42713567839195976,0.07375221974534318,0.14666823264905493,0.43434343434343436,0.4329896907216495,0.09679758094463409,0.16441826215022093,0.4137931034482759,26.0,1.0,0.0,39.0,2.0,1.0,49.0,2.0,1.0,0.0001829207038912775,0.00017013242327081158,3.8663173105025674e-05,-0.00032884314767755995,0.00013463403094249315,-1.2269317609892028e-05,"[3.22265625, 3.6796875, 3.6171875, 0.8876953125, 10.671875, 4.875, 1.4833984375, 2.23828125, 6.06640625, 0.05322265625, 3.060546875, 4.87890625, 0.5302734375, 2.5625, 8.4140625, 4.23828125, 7.53515625, 2.068359375, 3.62109375, 6.68359375, 1.2109375, 4.31640625, 9.9375, 4.15625, 7.5703125, 1.037109375, 0.5146484375, 7.26171875, 3.9140625, 6.765625, 0.2103271484375, 0.94775390625, 2.806640625, 0.031707763671875, 1.5107421875, 10.5390625, 4.1875, 4.14453125, 1.3828125, 6.28125, 1.7109375, 0.87841796875, 4.03125, 0.06744384765625, 7.80078125, 0.35400390625, 3.77734375, 3.49609375, 4.7421875, 7.90625, 5.1953125, 3.2890625, 8.78125, 2.109375, 6.8671875, 1.7216796875, 0.8720703125, 7.9296875, 3.85546875, 5.6796875, 1.724609375, 4.1015625, 9.1484375, 7.83984375, 9.28125, 0.6328125, 0.0104827880859375, 7.8671875, 2.3828125, 2.318359375, 0.320068359375, 3.83203125, 9.3671875, 7.3125, 6.46875, 1.8115234375, 0.480712890625, 12.5078125, 2.54296875, 3.87890625, 1.9775390625, 9.59375, 6.3359375, 2.3125, 7.9921875, 1.8212890625, 4.01953125, 2.138671875, 6.2265625, 6.9453125, 0.12109375, 2.330078125, 1.27734375, 1.7568359375, 8.5546875, 7.54296875, 4.24609375, 2.060546875, 4.55859375, 6.5, 2.275390625, 4.4765625, 0.10345458984375, 0.298095703125, 3.162109375, 3.078125, 4.77734375, 3.80859375, 6.62109375, 0.3505859375, 4.3671875, 1.5078125, 2.78125, 9.1953125, 1.0244140625, 7.6953125, 2.115234375, 0.034576416015625, 0.001430511474609375, 0.060272216796875, 3.15625, 2.837890625, 0.82373046875, 2.953125, 7.867813110351562e-05, 1.3779296875, 0.039093017578125, 2.7265625, 5.63671875, 0.6953125, 0.1280517578125, 2.16796875, 3.765625, 4.953125, 0.2117919921875, 3.525390625, 4.67578125, 10.2578125, 1.609375, 6.58203125, 3.685546875, 2.8671875, 3.845703125, 1.087890625, 7.359375, 2.89453125, 3.83203125, 5.21484375, 5.98046875, 3.828125, 1.01953125, 0.306396484375, 5.29296875, 4.23046875, 11.8203125, 11.25, 4.0, 9.3828125, 0.1954345703125, 4.78515625, 1.08984375, 1.66015625, 2.388671875, 6.318092346191406e-06, 0.732421875, 0.08404541015625, 4.0546875, 2.17578125, 6.61328125, 1.9150390625, 8.8046875, 10.96875, 12.0390625, 4.0078125, 1.796875, 5.53125, 2.009765625, 7.76171875, 3.107421875, 1.416015625, 10.2421875, 6.44140625, 2.20703125, 4.265625, 0.357177734375, 0.0013380050659179688, 1.0, 0.689453125, 0.0201416015625, 0.0037746429443359375, 2.474609375, 7.66015625, 10.3828125, 10.2421875, 4.38671875, 0.37890625, 1.990234375, 2.796875, 1.33984375, 1.6953125, 1.7958984375, 7.484375, 0.00872039794921875, 0.1063232421875, 2.134765625, 10.2890625, 7.03515625, 0.51025390625, 0.2071533203125, 0.01558685302734375, 0.0049591064453125, 1.2255859375, 1.7978515625, 5.89453125, 5.1796875, 3.609375, 1.96875, 0.187744140625, 2.931640625, 3.45703125, 6.5859375, 0.95556640625, 4.01171875, 0.45947265625, 1.7998046875, 3.0, 1.2744140625, 2.861328125, 2.287109375, 1.5595703125, 1.3798828125, 5.3046875, 1.1640625, 3.4375, 2.6106834411621094e-05, 0.1376953125, 0.03985595703125, 6.67578125, 1.6572265625, 4.40234375, 0.26025390625, 3.103515625, 0.029937744140625, 0.0007605552673339844, 0.257080078125, 0.6298828125, 0.0029506683349609375, 0.01080322265625, 4.140625, 9.9609375, 5.21875, 1.7587890625, 6.3984375, 4.83203125, 9.484375, 4.18359375, 1.087890625, 11.453125, 0.5302734375, 0.55712890625, 3.71484375, 9.7265625, 8.2734375, 2.0625, 3.35546875, 5.62890625, 4.4765625, 4.76953125, 1.7197265625, 3.564453125, 0.040283203125, 2.033203125, 7.81640625, 5.078125, 6.94140625, 9.03125, 8.6953125, 8.6796875, 0.8779296875, 13.890625, 3.443359375, 5.80859375, 0.111328125, 6.30859375, 2.470703125, 8.5078125, 0.1746826171875, 2.3125, 9.8046875, 1.9697265625, 5.75390625]",-0.5831397718580318
154,0,test,2.6792682395303005,1.1214693114468277,1.5696385215570967,5.0906096551075715,2.130791691748973,2.982313190958484,14.574424405172298,9.826066148713434,11.541189371120025,27.69140636982737,18.669525682555523,21.92825980512805,2.59700373489054,0.9186114028899988,1.3726929721953802,4.257383171951705,1.5059203326065558,2.2503163478612795,13.423457482227173,8.066520613555271,10.021636869306969,22.005668003651103,13.223804284516838,16.428912900503228,2.787138035464845,1.1385368501645305,1.6070397682320965,4.977032206187222,2.033101518150947,2.869713871843029,16.234490714577635,11.034789395492144,12.979796697627354,28.990161990317205,19.704981063378828,23.178208388620277,0.5829145728643217,0.0029145728643216184,-0.012085427135678284,0.4723618090452262,0.002361809045226204,0.002361809045226204,0.36180904522613067,-0.00819095477386933,0.011809045226130688,0.407624633431085,0.10015757633006017,0.15053763440860213,0.4088235294117647,0.39698492462311563,0.08871424793138627,0.12486472428922579,0.398989898989899,0.4180602006688964,0.10253432420812847,0.15888333748758376,0.4261744966442953,19.0,-1.0,-1.0,34.0,0.0,1.0,41.0,-1.0,-1.0,0.00017665664385535193,7.907532472943915e-05,-0.00021010925234200424,-0.02289926969341849,-0.026442060863398176,-0.02289962354301167,"[2.111328125, 12.03125, 0.98046875, 0.521484375, 4.78515625, 6.8359375, 5.75, 0.9384765625, 7.927417755126953e-05, 0.417236328125, 0.0001341104507446289, 5.269050598144531e-05, 8.6875, 6.359375, 0.073486328125, 0.6171875, 5.46484375, 8.953125, 0.10052490234375, 0.0002779960632324219, 0.646484375, 5.10546875, 2.701171875, 5.80859375, 7.95703125, 4.09765625, 1.408203125, 1.5537109375, 3.4453125, 3.70703125, 4.109375, 2.708984375, 1.78125, 5.83984375, 0.1195068359375, 0.390869140625, 1.08203125, 6.078125, 0.2056884765625, 5.3828125, 0.12939453125, 0.02142333984375, 0.1549072265625, 6.15234375, 1.0849609375, 2.1640625, 7.3828125, 0.032745361328125, 0.056610107421875, 0.0033435821533203125, 0.55908203125, 0.1585693359375, 0.427001953125, 0.1727294921875, 0.01039886474609375, 0.4912109375, 0.7021484375, 4.28125, 5.890625, 9.3046875, 0.53564453125, 0.0006046295166015625, 0.274169921875, 3.390625, 2.794921875, 0.52685546875, 1.568359375, 0.044952392578125, 0.1473388671875, 0.1724853515625, 1.7783203125, 0.469970703125, 0.13623046875, 0.8974609375, 4.62109375, 3.943359375, 5.6484375, 5.75, 3.455078125, 0.67626953125, 1.1845703125, 5.75, 0.443115234375, 0.1990966796875, 0.031524658203125, 0.07904052734375, 1.5029296875, 2.548828125, 0.327880859375, 0.38720703125, 0.007099151611328125, 4.0703125, 0.032257080078125, 5.6171875, 7.72265625, 8.6640625, 2.8984375, 4.6640625, 0.2822265625, 3.228515625, 10.2578125, 4.53515625, 5.23828125, 0.720703125, 1.2578125, 3.482421875, 1.400390625, 0.0005822181701660156, 4.93359375, 1.9443359375, 7.61328125, 4.515625, 2.814453125, 5.5625, 0.39794921875, 2.248046875, 0.023468017578125, 0.05572509765625, 0.00848388671875, 0.001461029052734375, 2.8671875, 1.703125, 0.01316070556640625, 0.00902557373046875, 0.0478515625, 0.0085906982421875, 0.00039076805114746094, 0.381591796875, 0.36669921875, 2.283203125, 0.00018417835235595703, 4.18359375, 0.9169921875, 0.005458831787109375, 2.94921875, 6.63671875, 0.378173828125, 5.625, 8.171875, 1.4794921875, 6.34375, 5.2578125, 4.76171875, 1.9921875, 0.82275390625, 2.49609375, 3.404296875, 1.1328125, 5.8046875, 1.0185546875, 6.953125, 7.61328125, 3.005859375, 7.4765625, 4.52734375, 0.76318359375, 2.376953125, 7.75, 1.662109375, 4.515625, 0.998046875, 0.032989501953125, 0.06951904296875, 0.0040130615234375, 0.0003414154052734375, 2.14453125, 1.2978515625, 2.578125, 1.72265625, 0.139404296875, 2.0234375, 4.24609375, 0.705078125, 2.166015625, 0.354248046875, 0.00045180320739746094, 0.115966796875, 4.9921875, 6.046875, 2.71484375, 3.533203125, 0.1162109375, 5.89453125, 6.8359375, 1.044921875, 3.005859375, 1.6865234375, 5.30078125, 1.1455078125, 1.0849609375, 2.54296875, 4.390625, 0.01033782958984375, 9.234375, 3.005859375, 0.017181396484375, 2.52734375, 1.5, 4.75, 8.7265625, 0.1279296875, 4.61328125, 3.04296875, 4.0703125, 3.017578125, 0.4130859375, 0.002201080322265625, 2.12890625, 2.400390625, 5.34765625, 3.11328125, 0.020751953125, 6.85546875, 1.5966796875, 7.67578125, 6.0625, 3.826171875, 9.265625, 2.6640625, 0.499267578125, 0.68603515625, 0.058013916015625, 0.02056884765625, 0.005645751953125, 0.00032806396484375, 2.0703125, 0.375, 6.94140625, 0.03411865234375, 0.5859375, 3.26171875, 5.20703125, 1.197265625, 2.357421875, 4.828125, 2.498046875, 0.50732421875, 6.74609375, 6.078125, 1.0029296875, 1.6474609375, 8.6171875, 0.08563232421875, 0.2222900390625, 2.62890625, 6.67578125, 0.052520751953125, 0.0804443359375, 2.482421875, 7.5703125, 1.08984375, 5.64453125, 0.880859375, 0.85546875, 0.07073974609375, 0.0212860107421875, 0.00252532958984375, 0.0006704330444335938, 2.66015625, 3.9765625, 3.060546875, 2.552734375, 3.8671875, 8.203125, 5.1640625, 2.994140625, 6.01171875, 7.55859375, 5.0078125, 5.3046875, 8.3515625, 2.5859375, 4.98046875, 4.875, 8.2265625, 5.01171875, 5.32421875, 0.6787109375, 0.01427459716796875, 0.77734375, 8.6015625, 2.416015625, 7.58984375, 0.3583984375, 2.12890625, 1.2666015625, 4.90625, 2.90234375, 0.189697265625, 12.1953125, 0.76953125, 0.170654296875, 6.29296875, 0.529296875, 1.9111328125, 3.783203125, 2.109375, 3.369140625, 6.609375, 3.076171875, 4.4921875, 4.41015625, 8.1171875, 4.9453125, 2.89453125, 0.0034656524658203125, 3.326171875, 3.64453125, 0.209228515625, 7.29296875, 1.2958984375, 0.02337646484375, 0.013214111328125, 0.005367279052734375, 0.0003192424774169922, 1.0791015625, 2.2421875, 0.006366729736328125, 0.0005106925964355469, 0.01526641845703125, 0.002460479736328125, 0.0002751350402832031, 0.336669921875, 0.226318359375, 0.779296875, 0.0003402233123779297, 5.59375, 0.02093505859375, 7.53515625, 0.11883544921875, 0.056182861328125, 7.331371307373047e-05, 0.33203125, 5.3828125, 0.837890625, 0.00014889240264892578, 2.86102294921875e-06, 0.11676025390625, 0.0005359649658203125, 5.0067901611328125e-06, 2.240234375]",-0.41233027121188703
276,0,test,3.36557222366333,1.4489165167800597,2.023850754089736,6.139619632258559,2.643174979095745,3.691994405945518,28.95005846876227,22.151873182604902,25.124434934166125,52.8119248430148,40.41038683614591,45.83306009202426,3.527189234393326,1.382189044327708,2.0439374464100095,5.735267047794026,2.24746186069546,3.3234755226179016,34.028187810567516,25.486144949724924,29.620933950698035,55.33038668384962,41.44088609711369,48.16412024503745,3.3298817809210175,1.4143996704294384,1.9858784098637088,6.054330510765486,2.571635764417161,3.6106880179340157,27.935039053434007,21.14482741316231,24.10067585508463,50.79098009715273,38.44514075120419,43.819410645608414,0.778894472361809,-0.0011055276381910506,0.013894472361808963,0.6231155778894473,-0.01188442211055274,-0.01188442211055274,0.457286432160804,-0.02271356783919598,-0.007713567839195967,0.3966666666666666,0.06887964503605093,0.12726533628972647,0.33444816053511706,0.3869346733668342,0.04357627737685921,0.08309494047868726,0.33838383838383834,0.4046822742474916,0.07913970329590558,0.12993255233425471,0.3422818791946308,20.0,0.0,0.0,30.0,-3.0,1.0,41.0,-1.0,1.0,0.001181723549874499,0.0002915857962065269,0.00014011820178325986,-0.005929294261713736,-0.004711809366183317,-0.005808598941805521,"[9.5703125, 5.30859375, 7.62890625, 6.7578125, 6.44140625, 4.81640625, 11.65625, 1.521484375, 0.06561279296875, 3.955078125, 2.548828125, 6.4765625, 3.5390625, 4.04296875, 0.0038547515869140625, 1.638671875, 1.6787109375, 1.705078125, 0.00699615478515625, 8.9921875, 4.9375, 3.505859375, 9.875, 3.091796875, 0.1070556640625, 1.48828125, 1.2255859375, 0.055450439453125, 4.984375, 2.42578125, 2.75390625, 0.156005859375, 1.599609375, 6.6796875, 8.5859375, 5.32421875, 8.3046875, 1.796875, 1.8154296875, 2.6171875, 7.8359375, 0.384521484375, 3.333984375, 1.6826171875, 2.34375, 4.671875, 0.716796875, 7.13671875, 0.2381591796875, 7.99609375, 8.4296875, 2.212890625, 3.3515625, 7.05859375, 3.51171875, 4.7265625, 7.30078125, 6.4609375, 2.49609375, 6.2578125, 3.470703125, 3.79296875, 3.208984375, 1.27734375, 1.001953125, 11.0, 6.296875, 6.4765625, 1.361328125, 2.134765625, 6.47265625, 3.935546875, 3.0078125, 2.37109375, 0.662109375, 0.0135498046875, 2.87109375, 4.48828125, 3.67578125, 2.0, 1.2470703125, 2.208984375, 9.7890625, 0.1068115234375, 3.181640625, 7.453125, 3.31640625, 0.98388671875, 2.8359375, 2.83984375, 2.86328125, 2.39453125, 2.970703125, 0.72509765625, 3.79296875, 4.046875, 1.9228515625, 8.953125, 0.8134765625, 4.06640625, 1.5888671875, 6.41015625, 3.580078125, 0.147705078125, 6.0078125, 6.73828125, 3.94921875, 6.7421875, 2.38671875, 1.5556640625, 0.334228515625, 2.75390625, 8.8671875, 1.3115234375, 8.21875, 5.30859375, 4.42578125, 2.390625, 0.56982421875, 8.578125, 0.0105438232421875, 10.296875, 3.431640625, 4.41015625, 4.13671875, 6.15625, 0.0015697479248046875, 2.4140625, 0.78515625, 1.2646484375, 2.201171875, 0.00034236907958984375, 2.4140625, 0.521484375, 1.5751953125, 0.00023829936981201172, 1.8994140625, 9.3515625, 3.390625, 7.984375, 0.46630859375, 0.2452392578125, 0.1083984375, 1.4580078125, 3.017578125, 0.8466796875, 4.4765625, 1.6875, 2.9609375, 3.4609375, 7.16015625, 8.4609375, 1.83203125, 0.61572265625, 2.923828125, 7.84765625, 0.413330078125, 0.53076171875, 0.059417724609375, 0.0040130615234375, 0.053253173828125, 0.049163818359375, 5.65234375, 1.6396484375, 12.265625, 4.359375, 1.833984375, 7.84765625, 3.021484375, 2.36328125, 6.78125, 0.67919921875, 1.54296875, 4.99609375, 3.296875, 3.96484375, 14.21875, 2.302734375, 0.5625, 2.826171875, 0.7822265625, 0.73046875, 3.755859375, 0.89013671875, 2.958984375, 6.85546875, 4.49609375, 7.43359375, 2.005859375, 2.283203125, 6.171875, 0.0004944801330566406, 0.74072265625, 2.19921875, 0.00035500526428222656, 4.8359375, 0.303955078125, 1.939453125, 5.3984375, 5.51953125, 4.98046875, 0.50048828125, 3.775390625, 0.8505859375, 5.43359375, 2.607421875, 2.376953125, 0.1712646484375, 0.050048828125, 2.26171875, 5.421875, 1.2939453125, 0.436767578125, 1.5849609375, 2.359375, 4.78125, 3.95703125, 5.7734375, 1.2919921875, 4.31640625, 3.35546875, 2.681640625, 1.1875, 6.11328125, 1.5185546875, 4.4465065002441406e-05, 0.58349609375, 3.8515625, 3.4928321838378906e-05, 0.07232666015625, 0.60546875, 7.4375, 0.212158203125, 9.4765625, 0.1092529296875, 6.64453125, 4.71875, 3.75, 1.361328125, 2.41796875, 7.10546875, 5.5390625, 13.03125, 7.7421875, 0.055511474609375, 0.025421142578125, 0.1395263671875, 3.056640625, 3.9453125, 5.2734375, 5.265625, 0.006847381591796875, 10.5625, 10.953125, 0.56396484375, 1.837890625, 2.21875, 13.375, 1.6826171875, 0.392822265625, 9.691715240478516e-05, 0.2220458984375, 1.8596649169921875e-05, 0.0020275115966796875, 0.0002275705337524414, 0.0001367330551147461, 0.00036406517028808594, 0.017822265625, 0.362060546875, 1.962890625, 1.8466796875, 6.765625, 4.7265625, 9.984375, 0.07501220703125, 2.73046875, 0.485107421875, 2.123046875, 3.78125, 7.28515625, 2.40234375, 1.9921875, 0.828125, 0.039703369140625, 0.052398681640625, 0.20263671875, 0.41943359375, 0.9287109375, 1.3857421875, 8.368492126464844e-05, 0.65087890625, 1.3515625, 2.65625, 0.0006871223449707031, 2.0546875, 12.0234375, 8.796875, 1.5458984375, 7.44140625, 3.322265625]",-0.704437007904053
271,0,test,4.548658293551624,2.118153307490683,2.9166365867757857,7.029744635488874,3.2735096570310556,4.507529270471668,94.50552454188531,83.14090493620225,89.39132084768518,146.05399247382275,128.49048944685802,138.15022312824073,4.830326559555591,2.204573481825728,3.0591103249858174,6.900466513650844,3.149390688322469,4.3701576071225965,125.2518561674785,111.43688214857188,119.37385812736179,178.93122309639787,159.19554592653128,170.5340830390883,4.548658293551624,2.118153307490683,2.9166365867757857,7.029744635488874,3.2735096570310556,4.507529270471668,94.50552454188531,83.14090493620225,89.39132084768518,146.05399247382275,128.49048944685802,138.15022312824073,0.8492462311557789,-0.0007537688442210699,-0.010753768844221079,0.728643216080402,-0.01635678391959805,-0.001356783919598037,0.6683417085427136,0.0033417085427135396,0.0033417085427135396,0.46125461254612543,0.1162361623616236,0.18327183271832714,0.4,0.4623115577889447,0.11055276381909551,0.18592964824120606,0.4242424242424242,0.46125461254612543,0.1162361623616236,0.18327183271832714,0.4,26.0,-3.0,-1.0,39.0,1.0,0.0,47.0,1.0,1.0,0.0008646991288469996,0.0005190282179274151,0.00010813772514974907,-0.00019024471046957814,0.00021210453193631906,5.782182176528039e-05,"[11.09375, 5.53125, 5.33984375, 8.015625, 3.123046875, 3.3671875, 7.6953125, 6.0234375, 5.6796875, 8.09375, 3.400390625, 5.71484375, 1.3486328125, 9.953125, 1.689453125, 4.625, 6.3515625, 1.734375, 7.30078125, 11.015625, 0.1505126953125, 2.671875, 5.5625, 0.6240234375, 8.21875, 2.087890625, 7.19921875, 3.810546875, 2.21875, 9.5703125, 0.87841796875, 6.7109375, 8.9375, 5.0859375, 1.4072265625, 3.716796875, 1.4453125, 0.08544921875, 4.82421875, 0.74169921875, 3.875, 0.16064453125, 8.984375, 1.5458984375, 8.8359375, 0.83251953125, 2.921875, 6.00390625, 0.685546875, 7.8828125, 10.6328125, 7.734375, 0.91796875, 8.2265625, 3.140625, 3.576171875, 3.265625, 10.1328125, 1.0517578125, 8.1953125, 4.859375, 0.84912109375, 14.03125, 10.0546875, 10.1484375, 8.0, 5.3046875, 4.77734375, 10.2734375, 8.1953125, 0.87060546875, 3.169921875, 5.48046875, 6.234375, 3.59375, 4.18359375, 6.01171875, 5.4609375, 1.1669921875, 0.390380859375, 1.0302734375, 1.1826171875, 0.72607421875, 7.140625, 6.70703125, 5.26953125, 7.3671875, 0.8701171875, 1.638671875, 9.265625, 1.9296875, 4.6171875, 4.44921875, 10.46875, 9.015625, 1.177734375, 1.9931640625, 8.2890625, 3.984375, 5.0, 6.1484375, 1.75390625, 6.046875, 3.271484375, 10.5859375, 11.921875, 3.828125, 5.6484375, 0.08056640625, 3.015625, 6.48828125, 8.1640625, 0.234375, 9.5390625, 7.55078125, 1.8310546875, 2.56640625, 14.3671875, 4.31640625, 3.142578125, 3.3671875, 2.0625, 0.116943359375, 3.681640625, 3.306640625, 6.9921875, 0.90966796875, 5.93359375, 0.21484375, 0.1937255859375, 2.705078125, 0.37060546875, 5.92578125, 10.984375, 2.697265625, 9.0390625, 6.390625, 1.3017578125, 6.83203125, 4.8203125, 3.90625, 2.673828125, 0.6005859375, 10.2265625, 7.5234375, 3.580078125, 2.251953125, 0.5888671875, 2.83203125, 4.37109375, 1.427734375, 1.765625, 12.7421875, 3.728515625, 5.4140625, 4.63671875, 6.73046875, 4.3046875, 8.6875, 2.001953125, 3.326171875, 0.1060791015625, 1.7998046875, 10.828125, 0.53125, 6.23828125, 8.21875, 7.01171875, 8.109375, 1.5927734375, 10.796875, 5.99609375, 0.9609375, 7.4140625, 7.3828125, 2.078125, 3.1796875, 4.74609375, 0.78857421875, 4.34375, 6.41015625, 6.16015625, 4.55078125, 4.05859375, 9.4140625, 4.3671875, 1.2236328125, 7.59765625, 0.7431640625, 2.126953125, 7.69140625, 7.8359375, 0.8134765625, 3.5859375, 9.015625, 10.1484375, 0.04833984375, 4.296875, 5.10546875, 4.03515625, 1.1162109375, 6.3671875, 2.142578125, 5.546875, 2.197265625, 1.82421875, 7.05078125, 0.56689453125, 1.2802734375, 7.7734375, 1.859375, 3.345703125, 6.7890625, 6.05078125, 3.005859375, 3.37890625, 7.08203125, 8.125, 1.763671875, 1.8564453125, 2.2890625, 5.03515625, 4.89453125, 2.095703125, 10.765625, 1.4931640625, 7.3125, 0.475341796875, 0.024200439453125, 1.4970703125, 2.82421875, 6.40625, 8.34375, 9.421875, 3.822265625, 1.615234375, 2.013671875, 0.002895355224609375, 1.845703125, 4.84765625, 4.57421875, 0.446533203125, 6.3125, 11.5078125, 1.8583984375, 4.875, 0.406982421875, 3.513671875, 3.396484375, 5.29296875, 5.06640625, 5.3984375, 0.428466796875, 2.6953125, 0.49462890625, 1.1484375, 7.3515625, 2.9140625, 2.875, 9.0390625, 2.083984375, 4.31640625, 0.24462890625, 5.40625, 2.802734375, 3.626953125, 0.2001953125, 1.2001953125, 2.28125, 2.0703125, 2.86328125]",-0.540336686306774
228,0,test,2.6122591304779053,1.1364039798297196,1.4581769818224866,5.881493611135882,2.5586101581794884,3.2830811087739815,13.629807610765607,9.25503234507444,10.458696138328728,30.687471027831545,20.837677615257427,23.547723041985638,2.873283769018087,1.2121442804991018,1.6930984134113072,5.224152307305612,2.203898691816549,3.078360751656922,17.69502928915382,12.429722104650395,14.440051813850848,32.17278052573421,22.599494735727987,26.254639661546992,2.9052453946110397,1.261544105954719,1.7196103077866205,5.84948737170008,2.5400216898417165,3.462302633127424,18.269726394568675,13.095440756570731,14.99696174326427,36.78468401591009,26.366659241417583,30.19522498643813,0.5527638190954773,-0.0022361809045226,-0.0022361809045226,0.4773869346733668,-0.0126130653266332,-0.007613065326633195,0.40703517587939697,0.007035175879396949,0.0020351758793969443,0.3946666666666667,0.1283550821127386,0.16592766373411538,0.34224598930481287,0.4170854271356784,0.12886487575723227,0.19504869925587875,0.3535353535353535,0.42140468227424754,0.13425944020413072,0.1955982306613443,0.3825503355704698,26.0,14.0,14.0,39.0,18.0,18.0,47.0,20.0,20.0,0.0009966587019195692,0.00035932215090844224,0.0002240013791253281,-0.1263594925924192,-0.11980426868689076,-0.12389884270554319,"[2.88671875, 4.2109375, 0.69482421875, 1.36328125, 6.95703125, 8.734375, 3.751953125, 8.8828125, 5.42578125, 4.5234375, 5.03515625, 0.57275390625, 0.00013434886932373047, 1.5947265625, 0.004913330078125, 0.0190887451171875, 4.953125, 2.40625, 5.1953125, 0.052001953125, 4.27734375, 0.5087890625, 6.47265625, 0.56298828125, 8.1015625, 2.091796875, 5.80078125, 1.1435546875, 3.2578125, 0.04693603515625, 2.8125, 2.99609375, 4.30859375, 1.6357421875, 4.625, 9.0078125, 3.267578125, 4.19921875, 10.6640625, 1.1962890625, 4.29296875, 0.1844482421875, 2.119140625, 9.390625, 10.609375, 8.671875, 7.1796875, 0.11090087890625, 9.609375, 6.17578125, 8.296875, 0.494384765625, 9.015625, 4.6015625, 0.437744140625, 9.8203125, 10.7265625, 0.4736328125, 1.138671875, 0.01123809814453125, 0.0477294921875, 4.46875, 3.0625, 2.240234375, 1.1123046875, 2.185546875, 0.802734375, 7.7578125, 0.007663726806640625, 0.1929931640625, 0.0013246536254882812, 0.07464599609375, 9.012222290039062e-05, 4.291534423828125e-06, 0.0024261474609375, 0.00049591064453125, 0.0005779266357421875, 0.0115203857421875, 0.07171630859375, 2.921875, 7.98828125, 6.11328125, 6.96484375, 0.13916015625, 6.921875, 3.314453125, 1.1875, 7.40234375, 10.3359375, 0.06024169921875, 3.662109375, 4.44140625, 5.4140625, 3.703125, 2.427734375, 8.9375, 9.203125, 5.4296875, 3.287109375, 3.93359375, 2.9140625, 2.4140625, 7.15234375, 6.4373016357421875e-06, 0.292724609375, 1.3828277587890625e-05, 0.00251007080078125, 8.344650268554688e-06, 3.5762786865234375e-07, 1.0967254638671875e-05, 6.23464584350586e-05, 4.9591064453125e-05, 0.00959014892578125, 0.1767578125, 6.44140625, 1.6728515625, 3.822265625, 2.8125, 9.875, 1.18359375, 7.15234375, 3.3671875, 3.75390625, 0.41748046875, 4.4765625, 5.6862831115722656e-05, 0.1121826171875, 2.777576446533203e-05, 0.00267791748046875, 3.4570693969726562e-06, 2.384185791015625e-07, 3.5762786865234375e-07, 3.075599670410156e-05, 5.8650970458984375e-05, 0.00016319751739501953, 0.2216796875, 7.046875, 0.0227813720703125, 1.2724609375, 3.0859375, 0.73046875, 1.7275390625, 2.296875, 8.7890625, 3.283203125, 5.44140625, 7.15625, 0.9462890625, 6.75390625, 0.55322265625, 1.2890625, 1.3251953125, 5.12890625, 3.72265625, 0.1693115234375, 4.44921875, 0.67724609375, 0.71435546875, 0.00434112548828125, 0.04608154296875, 6.68359375, 0.004093170166015625, 0.56787109375, 5.9604644775390625e-06, 0.0006146430969238281, 3.337860107421875e-06, -0.0, 4.76837158203125e-07, 2.2530555725097656e-05, 0.00015914440155029297, 7.927417755126953e-05, 0.19970703125, 4.1171875, 3.228515625, 8.984375, 0.08453369140625, 2.287109375, 5.49609375, 9.500980377197266e-05, 0.473876953125, 1.1086463928222656e-05, 0.0003981590270996094, 1.6689300537109375e-06, -0.0, 1.1920928955078125e-07, 2.47955322265625e-05, 0.00019478797912597656, 0.00025725364685058594, 0.227783203125, 0.2822265625, 0.6572265625, 5.6171875, 7.9453125, 7.7890625, 3.220703125, 1.0751953125, 1.16015625, 5.2109375, 7.78515625, 0.0169525146484375, 3.236328125, 6.54296875, 0.449462890625, 0.000782012939453125, 0.56640625, 3.0994415283203125e-06, 0.00017273426055908203, 3.2186508178710938e-06, 1.1920928955078125e-07, -0.0, 1.990795135498047e-05, 0.00019502639770507812, 7.808208465576172e-05, 0.215576171875, 4.80078125, 4.73046875, 1.0009765625, 9.7421875, 5.07421875, 9.5859375, 3.939453125, 9.03125, 1.6572265625, 8.2109375, 6.8671875, 0.0933837890625, 5.296875, 1.1630859375, 1.1826171875, 4.82421875, 1.0087890625, 1.9541015625, 2.953125, 3.009765625, 9.5859375, 0.8876953125, 3.8515625, 2.83203125, 0.90380859375, 7.71484375, 4.6484375, 1.8349609375, 2.65625, 5.25, 0.10699462890625, 1.58203125, 4.921875, 11.890625, 1.318359375, 4.73828125, 5.9921875, 2.92578125, 0.53857421875, 5.69140625, 4.015625, 5.54296875, 0.0009136199951171875, 7.0234375, 0.77685546875, 1.2080078125, 0.0256195068359375, 9.5546875, 0.01910400390625, 0.0504150390625, 0.059356689453125, 0.0038661956787109375, 0.3583984375, 5.671875, 8.375, 8.1328125, 0.453125, 3.501953125, 0.6728515625, 2.84765625, 0.9384765625, 5.69921875, 2.62890625, 7.375, 2.240234375, 1.443359375, 0.89404296875, 2.046875, 2.189453125, 7.97265625, 1.3173828125, 2.521484375, 4.71875, 3.419921875, 2.0859375, 4.10546875, 2.978515625, 5.05078125, 2.956390380859375e-05, 0.48388671875, -0.0, 1.8835067749023438e-05, 3.933906555175781e-06, -0.0, 9.5367431640625e-07, 8.71419906616211e-05, 0.00015878677368164062, 0.0004935264587402344, 4.2890625, 0.0009331703186035156, 0.008697509765625, 3.5762786865234375e-07, 0.0014142990112304688, 4.0531158447265625e-06, -0.0, 1.1920928955078125e-07, 1.8477439880371094e-05, 0.00014090538024902344, 0.00010669231414794922, 0.888671875, 0.00037670135498046875, 0.01096343994140625, 7.271766662597656e-06, 0.0013141632080078125, 1.6689300537109375e-06, -0.0, 1.1920928955078125e-07, 4.38690185546875e-05, 6.532669067382812e-05, 0.00014340877532958984, 0.365234375, 0.00012731552124023438, 0.00392913818359375, 0.00034308433532714844, 0.0012559890747070312, 2.384185791015625e-06, -0.0, 1.1920928955078125e-07, 5.626678466796875e-05, 9.965896606445312e-05, 0.00013518333435058594, 1.369140625, 2.384185791015625e-07, 0.002521514892578125, 2.384185791015625e-06, 0.00024580955505371094, 4.5299530029296875e-06, -0.0, 1.1920928955078125e-07, 0.00012540817260742188, 3.8623809814453125e-05, 0.00010275840759277344, 0.1358642578125, 5.94140625, 3.435546875, 14.9453125, 3.462890625, 0.01507568359375, 2.017578125, 1.0029296875, 0.0014772415161132812, 0.08984375, 9.28125, 2.40625, 9.5625, 1.7880859375, 0.07415771484375, 3.361328125, 0.9482421875, 11.2109375, 0.358154296875, 5.7109375, 2.08984375, 7.8046875, 4.97265625, 0.9462890625, 6.7890625, 3.974609375, 0.322998046875, 3.041015625, 0.088623046875]",-0.650079984664917
390,0,test,3.4294888158835986,1.579185783434313,2.168422689243371,6.132732941344788,2.8239557539060653,3.8776499854704984,30.860863133823713,24.499116087498567,27.331681096437535,55.1864846628377,43.81018406235038,48.87547678421771,3.8574755443400472,1.7599676612060038,2.4469855684314847,5.934577760523149,2.707642555701544,3.7645931822022836,47.345678312156565,39.199834111813516,43.247715496863435,72.83950509562548,60.30743709509772,66.53494691825145,3.446780132609466,1.5879996010764907,2.179701392163861,6.154964522516903,2.8357135733508763,3.8923239145783235,31.399128338529962,24.9832203370948,27.848662771802232,56.06987203308921,44.61289345909785,49.72975494964684,0.7638190954773869,0.018819095477386916,0.008819095477386907,0.6281407035175879,-0.0018592964824121205,-0.006859296482412125,0.5527638190954773,-0.012236180904522609,0.0027638190954772934,0.44884488448844884,0.1292402716383665,0.2007658504599088,0.38741721854304634,0.4623115577889447,0.13900328711225296,0.21356364460029698,0.43434343434343436,0.4481605351170569,0.12762631141087988,0.20010714245854744,0.38926174496644295,27.0,-1.0,0.0,35.0,-3.0,0.0,46.0,0.0,-1.0,0.0014359702372522553,7.651166922252622e-05,0.00026158642870283225,-0.028149062088528964,-0.021334836285388015,-0.025720868830904742,"[8.1171875, 6.984375, 1.017578125, 8.25, 0.057647705078125, 0.044677734375, 8.2109375, 1.3603515625, 4.2890625, 4.06640625, 3.55078125, 5.22265625, 4.23828125, 1.1357421875, 4.046875, 0.07928466796875, 8.3203125, 9.0703125, 1.3173828125, 6.2109375, 3.056640625, 6.5625, 3.654296875, 5.9765625, 6.07421875, 6.84375, 2.015625, 9.484375, 1.15625, 5.4609375, 7.0546875, 3.365234375, 0.841796875, 6.609375, 9.390625, 6.66015625, 9.3671875, 0.81640625, 0.0131988525390625, 7.75390625, 7.59375, 2.888671875, 0.181396484375, 5.03125, 7.1484375, 8.234375, 6.4140625, 0.082275390625, 0.0083160400390625, 7.0859375, 4.09765625, 6.40234375, 1.306640625, 1.43359375, 4.203125, 3.91015625, 0.99072265625, 4.8671875, 0.42333984375, 4.5546875, 7.81640625, 2.533203125, 0.44140625, 4.3515625, 0.064453125, 0.00296783447265625, 0.89111328125, 2.869140625, 9.875, 0.7138671875, 5.83984375, 3.353515625, 2.494140625, 9.3828125, 0.045074462890625, 0.7822265625, 1.5244140625, 4.328125, 1.22265625, 6.5546875, 0.88916015625, 6.74609375, 0.64453125, 0.2265625, 4.48828125, 1.75390625, 5.09375, 1.015625, 0.6552734375, 3.1875, 5.05078125, 1.0654296875, 2.341796875, 6.59375, 2.875, 3.837890625, 1.4873046875, 0.43359375, 0.04925537109375, 0.5205078125, 0.004444122314453125, 2.853515625, 2.1457672119140625e-06, 4.01171875, 4.68359375, 0.4443359375, 1.556640625, 0.0021495819091796875, 6.5625, 3.802734375, 0.84521484375, 3.451171875, 7.8515625, 0.24560546875, 6.69921875, 0.036529541015625, 0.006923675537109375, 5.0703125, 2.630859375, 11.359375, 0.869140625, 0.11834716796875, 7.1171875, 7.0234375, 3.935546875, 7.92578125, 8.8125, 3.3671875, 8.2890625, 3.6796875, 9.6015625, 4.2265625, 3.84375, 7.953125, 6.36328125, 0.90234375, 1.8359375, 4.546875, 1.923828125, 3.73828125, 0.00817108154296875, 1.6142578125, 6.78515625, 2.15625, 4.5078125, 13.1953125, 0.1002197265625, 7.58984375, 0.525390625, 1.8974609375, 0.0276947021484375, 3.279296875, 0.9755859375, 6.2109375, 10.7734375, 7.359375, 11.59375, 3.5546875, 6.921875, 1.279296875, 7.609375, 4.8203125, 1.880859375, 6.0234375, 4.7734375, 4.4375, 6.46484375, 2.548828125, 1.2333984375, 6.55078125, 1.513671875, 5.81640625, 0.063720703125, 5.87890625, 0.00484466552734375, 3.078125, 1.46484375, 0.046661376953125, 0.0217132568359375, 0.548828125, 6.11328125, 10.421875, 0.6220703125, 3.005859375, 2.34765625, 0.07080078125, 6.765625, 2.51171875, 8.7421875, 0.005626678466796875, 2.08203125, 8.5234375, 1.05078125, 6.578125, 2.994140625, 0.92919921875, 7.26953125, 6.5, 1.310546875, 5.5390625, 2.154296875, 6.01171875, 1.7802734375, 5.71875, 2.490234375, 6.80859375, 3.66015625, 3.61328125, 1.4111328125, 6.203125, 7.87890625, 2.251953125, 2.86102294921875e-05, 0.1619873046875, 8.225440979003906e-05, 1.2993812561035156e-05, 1.9788742065429688e-05, 0.0004146099090576172, -0.0, 0.00028324127197265625, 4.410743713378906e-06, 3.50390625, 1.3113021850585938e-06, 2.974609375, 1.9669532775878906e-05, 1.5735626220703125e-05, 1.4424324035644531e-05, 0.0073394775390625, -0.0, 0.00024127960205078125, 1.990795135498047e-05, 0.54345703125, 7.35546875, 0.8037109375, 7.46484375, 0.08013916015625, 6.25390625, 1.7548828125, 8.671875, 4.4453125, 8.0546875, 1.587890625, 2.958984375, 9.2421875, 4.67578125, 2.279296875, 3.40625, 1.7881393432617188e-06, 2.322265625, 1.8835067749023438e-05, 1.9073486328125e-06, 1.7881393432617188e-06, 3.62396240234375e-05, -0.0, 9.85860824584961e-05, 5.960464477539062e-07, 3.00390625, 8.344650268554688e-07, 6.125, 1.3113021850585938e-06, 1.8358230590820312e-05, 2.6464462280273438e-05, 0.0012760162353515625, -0.0, 3.62396240234375e-05, 8.344650268554688e-07, 3.396484375, 2.58203125, 4.69140625, 4.7421875, 2.630859375, 4.89453125, 3.435546875, 1.9775390625, 4.52734375, 7.63671875, 0.046722412109375, 4.296875, 2.451171875, 5.82421875, 2.984375, 1.3173828125, 3.1875, 0.08746337890625, 2.06640625, 5.71484375, 6.03125, 4.51171875, 1.6640625, 3.603515625, 1.5693359375, 3.40625, 3.7109375, 5.80859375, 1.5048828125, 11.828125, 0.001800537109375, 0.0019512176513671875, 5.4296875, 1.052734375, 4.171875, 2.82421875, 0.4990234375]",-0.7419560769997022
414,0,test,2.6672951082058525,1.1417254257129115,1.57728306142877,5.003249209181165,2.141621605995648,2.958630338829122,14.4009634156108,9.803201327668834,11.426653512415179,27.01298727648734,18.388613670534085,21.4338469611763,2.593273470749208,1.0008693905351498,1.4518452270134121,4.251267984834767,1.640769492680573,2.3800741426449377,13.373477716946788,8.457925600626318,10.242240373794559,21.923733962207848,13.865451804305437,16.790557989827143,2.6778213100688513,1.1485369729407071,1.5774328468013563,5.020914956379096,2.153506824263826,2.9576865877525433,14.553351490304001,9.938478543320144,11.548018231508555,27.28753404432,18.634647268725267,21.65253418407854,0.6532663316582914,0.008266331658291382,-0.0017336683417086274,0.4974874371859297,-0.012512562814070316,-0.007512562814070312,0.3668341708542714,-0.00816582914572861,0.016834170854271413,0.415282392026578,0.09853280662027619,0.15450891136359457,0.4066666666666666,0.4170854271356784,0.08876462513066585,0.14997357404719758,0.40909090909090906,0.4147157190635451,0.10085929168458019,0.15998824409135382,0.4093959731543624,24.0,14.0,13.0,33.0,14.0,14.0,44.0,18.0,16.0,-9.40808528156395e-05,6.292971606789523e-05,4.672171486880189e-05,-0.00414480040881493,-0.0033827717720180672,-0.004218627467874825,"[1.859375, 5.28125, 0.00511932373046875, 0.052032470703125, 2.68359375, 5.25, 2.484375, 7.09375, 1.45703125, 2.177734375, 1.412109375, 3.216796875, 2.599609375, 4.85546875, 0.9208984375, 0.140380859375, 2.96484375, 1.921875, 0.013153076171875, 2.515625, 6.10546875, 2.619140625, 0.01169586181640625, 4.1171875, 3.8515625, 5.44140625, 2.9375, 5.40625, 0.15478515625, 2.26171875, 6.3359375, 6.45703125, 2.31640625, 6.4765625, 1.857421875, 0.9482421875, 4.53125, 9.625, 0.11297607421875, 0.04986572265625, 2.154296875, 0.039825439453125, 0.775390625, 2.755859375, 0.3828125, 5.015625, 8.0078125, 0.671875, 1.537109375, 4.75390625, 0.498779296875, 2.798828125, 3.890625, 0.83056640625, 5.26171875, 0.8515625, 5.10546875, 8.9921875, 0.2474365234375, 0.72509765625, 4.83984375, 3.04296875, 1.05859375, 2.75, 0.56201171875, 3.291015625, 2.974609375, 0.68115234375, 2.224609375, 3.58203125, 0.034576416015625, 6.69921875, 0.0262603759765625, 2.8359375, 7.2890625, 1.48046875, 1.8642578125, 0.560546875, 0.85791015625, 0.0078277587890625, 1.314453125, 0.876953125, 1.7158203125, 1.693359375, 0.268798828125, 6.578125, 0.061248779296875, 0.0024509429931640625, 1.314453125, 0.0084686279296875, 1.58984375, 2.017578125, 5.8125, 0.2109375, 0.92529296875, 2.892578125, 0.2315673828125, 0.1082763671875, 4.1640625, 0.2017822265625, 2.66015625, 7.5546875, 0.232177734375, 1.119140625, 0.221435546875, 0.002044677734375, 1.9228515625, 4.44140625, 2.22265625, 0.253173828125, 1.1181640625, 5.50390625, 7.81640625, 5.5546875, 0.4638671875, 1.6826171875, 0.000659942626953125, 4.55078125, 2.404296875, 0.258544921875, 4.7265625, 1.94140625, 0.045318603515625, 0.00634002685546875, 0.6943359375, 1.158203125, 5.3984375, 2.8515625, 2.0703125, 9.8984375, 4.01171875, 7.23046875, 4.26953125, 0.05487060546875, 5.75390625, 3.37890625, 2.54296875, 3.412109375, 0.09930419921875, 1.6376953125, 5.68359375, 4.16015625, 1.3271484375, 6.21875, 3.455078125, 5.765625, 1.029296875, 0.0028858184814453125, 6.0390625, 0.00745391845703125, 3.55078125, 2.970703125, 4.01953125, 5.47265625, 0.5751953125, 6.8828125, 4.4375, 2.365234375, 0.888671875, 0.63916015625, 5.66796875, 1.0419921875, 8.78125, 1.1455078125, 2.412109375, 3.671875, 7.5703125, 4.97265625, 0.462646484375, 0.0030670166015625, 1.6943359375, 0.0009050369262695312, 0.00908660888671875, 0.001251220703125, 0.0031986236572265625, 3.4296875, 0.0003447532653808594, 1.8095703125, 0.051239013671875, 0.002521514892578125, 0.0006437301635742188, 0.004547119140625, 0.08502197265625, 6.5390625, 1.3251953125, 2.55859375, 0.00434112548828125, 2.712890625, 4.92578125, 4.07421875, 1.98046875, 3.5546875, 1.3232421875, 7.6484375, 2.41015625, 0.5478515625, 3.62109375, 2.5546875, 0.017822265625, 5.2109375, 7.015625, 2.259765625, 10.28125, 0.197265625, 3.765625, 2.126953125, 0.6142578125, 0.77978515625, 7.12109375, 6.71875, 1.4140625, 1.337890625, 6.0546875, 7.56640625, 11.8984375, 0.1552734375, 0.0008263587951660156, 2.677734375, 5.859375, 4.93359375, 0.20703125, 0.0008001327514648438, 1.6201171875, 0.00336456298828125, 3.08203125, 0.00424957275390625, 0.0015287399291992188, 7.867813110351562e-05, 2.110004425048828e-05, 0.91796875, 3.5762786865234375e-07, 0.3203125, 6.330013275146484e-05, 0.0011129379272460938, 4.8279762268066406e-05, 3.814697265625e-06, 0.9404296875, 9.5367431640625e-07, 0.0963134765625, 1.8835067749023438e-05, 0.0002791881561279297, 3.1828880310058594e-05, 4.172325134277344e-06, 0.94189453125, 3.216796875, 7.2734375, 5.66796875, 2.841796875, 7.83203125, 5.60546875, 4.4921875, 1.5712890625, 5.17578125, 0.71826171875, 3.025390625, 10.3828125, 0.53271484375, 0.040557861328125, 0.048858642578125, 1.4130859375, 4.66796875, 0.006374359130859375, 1.771484375, 5.51953125, 0.06982421875, 3.046875, 8.3125, 3.1796875, 10.3671875, 0.490966796875, 1.6171875, 7.58984375, 6.01953125, 0.049285888671875, 2.728515625, 3.4375, 2.19921875, 8.453125, 3.830078125, 0.9208984375, 5.05078125, 0.53515625, 1.935546875, 7.609375, 0.015716552734375, 0.044647216796875, 3.048828125, 0.0079193115234375, 1.1630859375, 6.46484375, 5.0546875, 0.233642578125, 4.95703125, 0.9990234375, 4.1796875, 4.94921875, 1.3056640625, 3.068359375, 0.053741455078125, 0.017333984375, 2.169921875]",-0.6945940157107735
86,0,test,3.5116329166426588,1.6264916838164685,2.233403273456331,6.214666148532073,2.8784622562278286,3.9525360563141643,33.502930634870765,26.915645917712414,29.91265261204252,59.29137066302786,47.633610209635776,52.93752337262788,3.681888210114522,1.6445532896448412,2.2690464976213898,6.035882311663151,2.695988999417773,3.719748356756377,39.72132551575622,32.051185114426936,35.61371403026978,65.1169270750102,52.54292641709334,58.38313775454063,3.491408984162914,1.6158361322466488,2.207462851325519,6.17887511013042,2.8596047340417665,3.906628335569504,32.832175146534034,26.30761949233711,29.221314562595197,58.10430996327404,46.557563443675534,51.71403695617176,0.7587939698492463,-0.006206030150753716,-0.016206030150753725,0.6482412060301508,-0.0017587939698492372,-0.021758793969849144,0.507537688442211,-0.012462311557788985,-0.007462311557788981,0.43656716417910446,0.11254481781038939,0.18594681678456348,0.43071161048689144,0.4170854271356784,0.07873956247402425,0.15164302312900058,0.4494949494949495,0.42164179104477617,0.0883084577114428,0.1710214436502352,0.41947565543071164,22.0,3.0,3.0,34.0,4.0,5.0,44.0,6.0,5.0,0.0004675763214543364,0.00023660787143477848,-9.893702982186788e-05,-0.006198331813378033,-0.006542814466393487,-0.005337267294955872,"[2.892578125, 2.212890625, 0.25, 0.0423583984375, 3.719329833984375e-05, 0.7880859375, 0.01218414306640625, 0.01407623291015625, 11.5859375, 0.646484375, 2.0, 9.296875, 5.1328125, 0.05712890625, 3.533203125, 7.62890625, 2.22265625, 0.1434326171875, 4.81640625, 7.14453125, 2.9765625, 0.05914306640625, 2.583984375, 6.3203125, 1.9052734375, 0.81982421875, 1.736328125, 8.9453125, 2.310546875, 1.8564453125, 6.18359375, 3.4609375, 0.08056640625, 8.75, 5.26953125, 8.9375, 11.3203125, 3.892578125, 2.80078125, 4.91796875, 0.283203125, 0.56494140625, 13.7265625, 0.96044921875, 6.3671875, 3.498046875, 6.12109375, 1.6640625, 2.625, 6.83984375, 0.73779296875, 1.4736328125, 1.7431640625, 3.314453125, 2.25390625, 2.501953125, 0.143798828125, 0.365234375, 0.0196533203125, 0.5712890625, 4.48046875, 0.0130157470703125, 8.0546875, 2.775390625, 1.55859375, 1.2353515625, 5.734375, 5.765625, 0.26708984375, 3.677734375, 2.091796875, 2.166015625, 5.4375, 10.1328125, 2.181640625, 3.998046875, 0.1639404296875, 5.140625, 3.712890625, 5.328125, 7.05859375, 3.759765625, 3.076171875, 6.2578125, 4.70703125, 2.693359375, 4.7734375, 0.1607666015625, 3.287109375, 1.10546875, 3.646484375, 5.1328125, 0.133056640625, 1.9296875, 5.1015625, 4.17578125, 4.6484375, 3.6171875, 7.1875, 2.712890625, 6.734375, 1.515625, 1.251953125, 3.013671875, 1.125, 3.103515625, 0.001239776611328125, 1.392578125, 2.55859375, 3.5234375, 2.408203125, 1.9599609375, 6.75390625, 8.28125, 2.7734375, 10.5234375, 0.59423828125, 5.796875, 7.57421875, 3.35546875, 5.76171875, 6.90625, 8.4375, 2.94140625, 3.447265625, 7.93359375, 6.1015625, 0.837890625, 0.75390625, 1.0546875, 2.2265625, 7.94140625, 0.99853515625, 5.01171875, 4.5390625, 1.3681640625, 3.060546875, 4.34375, 8.4296875, 6.4765625, 3.8359375, 4.234375, 0.0628662109375, 6.17578125, 3.58984375, 6.26171875, 2.5390625, 8.859375, 5.390625, 6.65625, 0.1802978515625, 8.6171875, 5.8125, 5.72265625, 2.103515625, 5.18359375, 1.478515625, 0.82861328125, 0.0003552436828613281, 2.65625, 8.296875, 0.468505859375, 9.3125, 1.572265625, 8.8828125, 4.046875, 6.9296875, 2.6702880859375e-05, 0.529296875, 6.6796875, 4.8984375, 0.0005002021789550781, 0.1895751953125, 0.0264892578125, 0.473388671875, 0.06243896484375, 8.1328125, 2.818359375, 4.90234375, 3.599609375, 0.29296875, 10.9296875, 1.9521484375, 0.68408203125, 3.95703125, 0.15283203125, 6.9375, 4.52734375, 1.5107421875, 9.3046875, 1.34375, 6.64453125, 3.53125, 3.85546875, 5.9140625, 0.1380615234375, 2.966796875, 0.469970703125, 3.25390625, 0.5439453125, 1.4775390625, 7.78125, 5.08984375, 2.591796875, 7.65234375, 0.10711669921875, 9.3515625, 13.1953125, 0.1424560546875, 3.02734375, 2.236328125, 2.23828125, 6.78125, 2.4765625, 1.224609375, 3.962890625, 0.17626953125, 9.265625, 4.37109375, 4.05078125, 6.54296875, 0.8896484375, 0.00017702579498291016, 3.337860107421875e-06, 2.0265579223632812e-05, 2.753734588623047e-05, 1.0728836059570312e-06, 1.0609626770019531e-05, 0.6484375, 0.0010528564453125, 0.71337890625, 0.4189453125, 1.3134765625, 3.7578125, 4.80078125, 7.4765625, 0.436767578125, 6.1015625, 1.728515625, 3.53515625, 7.109375, 2.0390625, 8.249282836914062e-05, 2.0623207092285156e-05, 1.4901161193847656e-05, 5.125999450683594e-06, 1.1920928955078125e-07, 2.384185791015625e-06, 7.34765625, 7.859375, 3.244140625, 9.2109375, 0.13916015625, 0.56591796875, 1.56640625, 1.23046875, 2.48828125, 1.3896484375, 0.59912109375, 1.1015625, 3.091796875, 3.734375, 8.6640625, 4.57421875, 3.474609375, 4.80859375, 3.78125, 3.392578125]",-0.8563523319230151
210,0,test,3.314255216777725,1.4642741480116277,2.014635476104251,5.47492988848917,2.4188838135661697,3.328044239531332,27.501903398761335,21.142204274250822,23.834001750170437,45.43132108414165,34.9255197679613,39.37219073646939,3.4724813226479383,1.399272354205753,2.014288271847876,5.342278957919905,2.152726698778081,3.0989050336121164,32.21658308584311,24.266288614170804,27.918397182234997,49.56397397822017,37.33275171410892,42.95138028036153,3.314255216777725,1.4642741480116277,2.014635476104251,5.47492988848917,2.4188838135661697,3.328044239531332,27.501903398761335,21.142204274250822,23.834001750170437,45.43132108414165,34.9255197679613,39.37219073646939,0.7537688442211055,0.0037688442211054607,0.01376884422110547,0.5879396984924623,-0.002060301507537776,-0.00706030150753767,0.4522613065326633,-0.012738693467336692,-0.0227386934673367,0.40268456375838924,0.09615190044180633,0.15156849232981784,0.367003367003367,0.3919597989949749,0.06363899698996234,0.11316180233387307,0.36868686868686873,0.40268456375838924,0.09615190044180633,0.15156849232981784,0.367003367003367,26.0,8.0,10.0,37.0,5.0,5.0,43.0,3.0,6.0,0.001148428836199748,0.0003193857381961789,6.375940988596628e-05,0.0005109839999661858,0.00010751935559483172,-3.6801216390713876e-05,"[1.859375, 5.28125, 0.00511932373046875, 0.052032470703125, 7.68359375, 4.640625, 10.34375, 9.015625, 0.07318115234375, 3.046875, 4.984375, 11.859375, 3.24609375, 5.23046875, 7.171875, 6.49609375, 5.71484375, 2.470703125, 5.34375, 5.72265625, 8.1484375, 1.55078125, 6.4609375, 6.125, 2.689453125, 3.935546875, 1.091796875, 2.865234375, 5.33203125, 2.177734375, 2.513671875, 0.8818359375, 1.3564453125, 2.08984375, 0.0272674560546875, 10.953125, 1.54296875, 1.7109375, 3.25390625, 1.548828125, 7.38671875, 7.765625, 1.0791015625, 0.88525390625, 0.7685546875, 8.6015625, 3.7578125, 10.34375, 2.857421875, 1.2744140625, 2.412109375, 0.0004963874816894531, 11.84375, 3.705078125, 0.6171875, 7.04296875, 0.48828125, 8.1171875, 1.3193359375, 1.0888671875, 0.061614990234375, 5.94140625, 5.65234375, 3.64453125, 2.31640625, 1.494140625, 5.578125, 0.0036334991455078125, 5.5859375, 4.81640625, 7.7734375, 0.396728515625, 3.83984375, 0.6435546875, 1.94140625, 0.1671142578125, 4.81640625, 3.259765625, 6.96484375, 4.2421875, 6.46875, 3.107421875, 5.6953125, 6.25, 3.150390625, 0.00484466552734375, 7.66015625, 4.6953125, 4.55078125, 3.875, 0.58837890625, 0.08441162109375, 0.1292724609375, 1.587890625, 3.66796875, 1.806640625, 8.78125, 6.1328125, 2.5625, 1.2099609375, 0.64208984375, 5.35546875, 3.11328125, 5.4765625, 2.412109375, 0.10400390625, 0.6201171875, 1.2939453125, 0.004856109619140625, 2.478515625, 8.640625, 2.91015625, 0.1685791015625, 9.8515625, 6.17578125, 0.7861328125, 1.505859375, 0.1256103515625, 6.96875, 6.76171875, 1.9482421875, 7.453125, 0.51220703125, 1.1318359375, 5.875, 6.21875, 3.63671875, 3.03125, 1.46484375, 3.12109375, 3.462890625, 1.84375, 1.85546875, 0.0160369873046875, 0.0526123046875, 0.69482421875, 1.205078125, 1.681640625, 1.9375, 2.3125, 4.66015625, 7.20703125, 0.1348876953125, 3.287109375, 7.26953125, 5.12109375, 2.1875, 11.4765625, 1.265625, 2.798828125, 2.43359375, 2.369140625, 13.046875, 2.21875, 1.71484375, 0.3232421875, 1.62890625, 4.10546875, 0.0303192138671875, 2.537109375, 5.546875, 1.0537109375, 1.130859375, 0.049102783203125, 3.71875, 3.978515625, 4.79296875, 1.9560546875, 0.0035800933837890625, 0.2440185546875, 0.060638427734375, 1.197265625, 0.0020389556884765625, 6.2265625, 0.01312255859375, 0.189697265625, 2.79296875, 0.81787109375, 7.4765625, 1.666015625, 6.47265625, 0.5263671875, 5.0234375, 4.453125, 0.07647705078125, 2.689453125, 3.376953125, 3.33203125, 4.359375, 7.28515625, 0.04571533203125, 0.10577392578125, 1.5947265625, 0.1396484375, 1.404296875, 11.09375, 1.705078125, 0.0150909423828125, 11.5078125, 5.21484375, 2.654296875, 8.09375, 6.74609375, 0.218505859375, 0.38330078125, 0.6953125, 2.888671875, 0.9892578125, 5.12890625, 0.83349609375, 2.45703125, 7.8359375, 0.56640625, 4.609375, 2.515625, 1.6767578125, 4.234375, 5.734375, 0.2340087890625, 0.01369476318359375, 0.50927734375, 0.5595703125, 0.97509765625, 8.5234375, 0.2025146484375, 0.334716796875, 2.697265625, 8.0859375, 3.662109375, 0.142333984375, 8.3046875, 3.478515625, 0.343017578125, 7.30859375, 1.6826171875, 1.94140625, 1.8564453125, 0.08441162109375, 0.4677734375, 0.75048828125, 1.4365234375, 5.515625, 0.10369873046875, 0.0401611328125, 1.49609375, 6.72265625, 6.5703125, 0.335693359375, 4.9765625, 0.31689453125, 1.302734375, 6.953125, 0.0772705078125, 0.003826141357421875, 4.19921875, 0.939453125, 1.3994140625, 0.00891876220703125, 7.2890625, 6.41015625, 1.28125, 1.353515625, 3.490234375, 3.734375, 1.7763671875, 0.18896484375, 9.953125, 0.004425048828125, 11.140625, 4.18359375, 0.9130859375, 0.1510009765625, 0.99072265625, 3.982421875, 6.3984375, 3.123046875, 3.1640625, 2.96484375, 3.541015625, 8.7109375, 5.4453125, 2.271484375, 2.544921875, 8.8125, 1.419921875, 1.7392578125, 7.46484375, 0.1761474609375, 2.19921875, 5.109375, 1.4326171875, 8.8125, 0.8427734375, 0.076904296875, 0.401611328125, 7.71484375, 0.242431640625, 0.3701171875]",-0.9172067850228123
124,0,test,3.7076318271298656,1.672306034584285,2.313543732509758,6.050264872132318,2.7289372106649026,3.7753350460855746,40.75717211938497,33.102426541054825,36.72587538459835,66.50921619481726,54.01789007694518,59.93078172213064,3.7457210166969492,1.6064858730234994,2.260640141675959,5.632663183002931,2.4157682301105257,3.399458859663096,42.33952371960519,33.84658445388775,37.92420123196716,63.66845672121081,50.89711947953045,57.02887403303332,3.753813631957191,1.717398352548066,2.3572209645334805,5.896042353859462,2.6974843233739256,3.7024413055499688,42.6835513594932,35.02046149174021,38.642145294048625,67.04222726621968,55.005960458230696,60.69446904824391,0.7537688442211055,0.008768844221105465,0.0037688442211054607,0.592964824120603,-0.017035175879396958,-0.022035175879396962,0.4974874371859297,-0.012512562814070316,-0.007512562814070312,0.41896024464831805,0.0983495576254173,0.1656540391549305,0.4049079754601227,0.42211055276381915,0.09128348509464623,0.1566681487571413,0.4191919191919192,0.4180602006688964,0.10253432420812847,0.16444507274898534,0.4161073825503355,24.0,9.0,9.0,34.0,8.0,8.0,46.0,11.0,7.0,-9.431593809506398e-05,-3.869193494533649e-05,9.547044012547717e-05,0.00039646512983626536,-4.812870849413287e-06,-0.00013843336848395893,"[5.19140625, 3.068359375, 2.361328125, 7.6796875, 4.6875, 3.078125, 4.33203125, 3.53515625, 0.21484375, 3.3984375, 0.7119140625, 8.171875, 0.025146484375, 9.1328125, 5.85546875, 0.7861328125, 4.17578125, 0.453369140625, 4.5546875, 5.265625, 3.755859375, 5.32421875, 2.615234375, 10.296875, 1.9609375, 0.7763671875, 1.9697265625, 6.078125, 3.513671875, 1.7998046875, 9.21875, 5.01953125, 0.017364501953125, 3.044921875, 1.6708984375, 4.734375, 0.1258544921875, 0.64013671875, 0.332763671875, 0.52001953125, 0.0523681640625, 3.537109375, 6.98828125, 0.341064453125, 5.296875, 7.09375, 2.345703125, 5.765625, 0.1427001953125, 0.54736328125, 10.3984375, 2.29296875, 1.7275390625, 0.13916015625, 4.359375, 5.71484375, 1.580078125, 11.3046875, 1.880859375, 1.857421875, 4.6796875, 4.703125, 1.822265625, 13.8828125, 0.35498046875, 4.7421875, 6.2421875, 1.7978515625, 1.4541015625, 7.59765625, 8.2734375, 10.3828125, 1.4873046875, 0.7958984375, 4.1640625, 7.515625, 7.78125, 8.140625, 0.10601806640625, 1.5595703125, 4.11328125, 1.30859375, 9.8125, 0.75927734375, 3.34375, 4.16796875, 9.796875, 2.75390625, 0.02325439453125, 8.8984375, 1.2353515625, 0.254150390625, 6.76953125, 2.236328125, 1.7880859375, 0.452392578125, 4.40234375, 0.481689453125, 2.06640625, 12.9296875, 2.4453125, 1.4990234375, 3.8359375, 2.08984375, 4.95703125, 2.5703125, 1.775390625, 8.5546875, 5.71875, 7.7421875, 0.08612060546875, 1.6962890625, 7.375, 3.611328125, 3.71484375, 4.47265625, 1.2490234375, 0.37548828125, 3.248046875, 0.46533203125, 4.02734375, 0.626953125, 0.03509521484375, 8.1171875, 8.015625, 2.462890625, 10.5390625, 0.81494140625, 6.60546875, 0.0200958251953125, 1.3134765625, 5.1953125, 4.84375, 4.43359375, 0.310546875, 7.01171875, 7.1484375, 2.091796875, 2.97265625, 7.43359375, 4.46484375, 1.978515625, 1.0087890625, 5.88671875, 0.0567626953125, 8.671875, 0.0005974769592285156, 0.23388671875, 0.228759765625, 2.849609375, 2.630859375, 1.0009765625, 9.3125, 2.375, 8.6328125, 0.7333984375, 1.1513671875, 10.7890625, 5.25, 2.46875, 0.00287628173828125, 2.625, 5.890625, 3.96875, 6.8359375, 0.89013671875, 2.0703125, 7.80078125, 0.359619140625, 3.22265625, 5.234375, 3.994140625, 8.2265625, 8.921875, 4.21875, 10.8984375, 3.404296875, 0.389404296875, 1.6591796875, 8.1875, 0.16455078125, 2.466796875, 6.0546875, 1.158203125, 5.4453125, 0.336181640625, 1.34375, 0.0265960693359375, 0.057861328125, 8.3046875, 10.2421875, 1.7373046875, 3.779296875, 0.013763427734375, 0.568359375, 3.083984375, 0.0400390625, 5.20703125, 0.0084075927734375, 0.01019287109375, 11.0703125, 0.00617218017578125, 2.2578125, 6.30078125, 5.02734375, 3.6171875, 1.5302734375, 7.26171875, 6.71484375, 0.496337890625, 2.8515625, 1.064453125, 1.06640625, 0.008331298828125, 0.0777587890625, 0.2222900390625, 1.482421875, 0.00147247314453125, 8.7890625, 0.8271484375, 0.281005859375, 1.029296875, 0.65087890625, 0.138427734375, 7.1640625, 7.59375, 1.2275390625, 4.30078125, 7.37890625, 0.5107421875, 3.77734375, 11.53125, 7.08984375, 5.0625, 1.7783203125, 2.2578125, 10.9453125, 12.40625, 1.3251953125, 0.2880859375, 0.05816650390625, 3.07421875, 8.6796875, 1.8056640625, 1.1015625, 1.806640625, 0.90966796875, 1.97265625, 7.21484375, 5.6171875, 0.10113525390625, 8.1484375, 0.10760498046875, 7.94921875, 8.4453125, 1.177734375, 1.5908203125, 5.7109375, 1.6689453125, 0.41943359375, 0.1676025390625, 0.134033203125, 10.921875, 2.947265625, 5.0234375, 6.7265625, 6.82421875, 1.0234375, 2.791015625, 10.5234375, 8.2421875, 6.640625, 8.796875, 2.41015625, 2.5625, 0.00125885009765625, 0.2255859375, 0.104736328125, 6.79296875, 4.8671875, 3.6875, 3.578125, 6.58203125, 6.56640625, 3.08984375, 1.61328125, 1.677734375, 7.484375, 2.830078125, 7.2890625, 1.44140625, 2.080078125, 2.71484375, 3.669921875, 5.015625, 0.12481689453125, 0.982421875, 8.2109375, 3.203125, 6.37890625, 0.458740234375, 2.5546875, 6.92578125, 2.05859375, 0.904296875, 6.80078125, 2.126953125, 2.904296875, 4.01953125, 0.11578369140625, 1.7578125, 4.734375, 1.4716796875, 8.5234375, 5.18359375, 0.0010738372802734375, 0.38330078125, 0.068603515625, 2.388671875, 7.3671875, 4.9609375, 2.34375, 7.4765625, 0.60107421875, 0.7509765625, 3.673828125, 2.3046875]",-0.7234828464846363
30,0,test,4.100449883136429,1.7959795134855465,2.498403472505228,6.621672446416261,2.9002642143449027,4.034583986005064,60.36743978239643,50.348569233314464,55.40426104156733,97.48525748643749,81.30613545109567,89.47039451982835,4.092222161628493,1.713505080039882,2.427513952670318,6.547555458605589,2.741608128063811,3.8840223242725087,59.87279100635733,49.08174106325986,54.58865984370632,95.79646561017174,78.53078570121579,87.34185574993012,4.093245240319677,1.7855931092530444,2.486097582981209,6.610037921867587,2.883491575077552,4.014711637381819,59.93407692783216,49.88327795563126,54.94551510014442,96.78543503886411,80.55475291483697,88.72958181712512,0.7839195979899498,0.003919597989949786,-0.006080402010050223,0.6582914572864322,-0.0017085427135676845,-0.0017085427135676845,0.542713567839196,0.0027135678391959628,0.012713567839195972,0.45378151260504207,0.12673748744780933,0.17724519975588005,0.4852320675105485,0.4522613065326633,0.1189279731993299,0.18014110619877344,0.48989898989898994,0.45378151260504207,0.11625530715430832,0.1758485517111873,0.47679324894514763,26.0,13.0,12.0,39.0,14.0,14.0,47.0,15.0,15.0,-0.00032583782096232014,-5.347072241221175e-05,3.857361710202123e-05,3.8442710928343615e-05,-4.636562540305533e-05,-7.072031659394185e-05,"[3.7734375, 0.040313720703125, 0.8046875, 0.03778076171875, 0.0014133453369140625, 0.4072265625, 0.0200347900390625, 0.0113372802734375, 2.419921875, 1.94140625, 10.7734375, 1.1396484375, 1.625, 12.7890625, 9.2734375, 9.328125, 3.640625, 3.52734375, 6.41796875, 0.962890625, 3.078125, 0.0012359619140625, 1.572265625, 1.6279296875, 1.9609375, 3.88671875, 2.330078125, 7.66015625, 0.93994140625, 6.69921875, 0.060150146484375, 8.90625, 2.234375, 6.26171875, 3.908203125, 2.126953125, 2.599609375, 0.734375, 3.765625, 0.19970703125, 8.1328125, 0.32470703125, 4.765625, 1.146484375, 1.447265625, 5.48046875, 0.161865234375, 9.4609375, 4.78515625, 8.59375, 0.4921875, 2.39453125, 1.4091796875, 9.0859375, 8.8359375, 4.60546875, 11.5703125, 3.40625, 9.59375, 7.0625, 6.6484375, 1.31640625, 2.4765625, 6.875, 4.1328125, 2.1640625, 3.83203125, 1.0859375, 3.2421875, 2.25, 0.84033203125, 4.6484375, 5.79296875, 0.01190948486328125, 4.65625, 0.56298828125, 5.14453125, 4.51171875, 10.7109375, 0.0178375244140625, 5.609375, 0.80517578125, 6.7421875, 3.388671875, 2.517578125, 5.0390625, 0.9912109375, 5.09375, 9.65625, 7.1484375, 0.439208984375, 6.0, 5.7265625, 2.6953125, 9.09375, 0.71337890625, 7.0234375, 1.359375, 0.10931396484375, 0.99560546875, 7.66796875, 8.140625, 1.009765625, 4.76171875, 0.457763671875, 2.490234375, 2.2734375, 0.1934814453125, 8.3984375, 0.418701171875, 4.95703125, 6.35546875, 0.0015459060668945312, 2.85546875, 10.78125, 4.65234375, 2.947265625, 5.98828125, 4.62890625, 4.14453125, 8.15625, 5.5078125, 3.8359375, 10.1875, 0.1348876953125, 3.126953125, 4.953125, 9.3828125, 5.53515625, 6.20703125, 2.376953125, 10.015625, 2.921875, 1.8623046875, 5.828125, 5.14453125, 7.29296875, 2.048828125, 1.017578125, 4.39453125, 0.65673828125, 0.75439453125, 0.0003712177276611328, 1.7529296875, 5.43359375, 2.5859375, 4.16796875, 7.046875, 6.64453125, 2.203125, 9.078125, 6.08984375, 3.677734375, 3.947265625, 0.71484375, 0.654296875, 10.6328125, 0.1383056640625, 9.7109375, 2.580078125, 2.021484375, 4.36328125, 5.55078125, 1.3759765625, 6.5078125, 1.5048828125, 7.86328125, 2.6328125, 12.703125, 8.625, 6.90625, 2.734375, 1.658203125, 6.14453125, 11.015625, 7.6328125, 0.6611328125, 1.5322265625, 0.489501953125, 0.97216796875, 9.359375, 0.285888671875, 9.1328125, 0.91943359375, 3.603515625, 1.142578125, 5.0078125, 5.31640625, 9.890625, 1.87890625, 5.65234375, 8.7421875, 4.80859375, 0.83984375, 3.9375, 1.63671875, 4.0625, 1.73828125, 7.808208465576172e-05, 0.484130859375, 5.734375, 0.97119140625, 0.0740966796875, 3.6953125, 4.1484375, 1.6552734375, 5.69921875, 5.3515625, 2.05859375, 7.5390625, 6.5078125, 0.02154541015625, 6.5625, 1.361328125, 4.92578125, 1.7431640625, 8.2109375, 3.73828125, 7.99609375, 6.30859375, 4.57421875, 0.334228515625, 10.3046875, 2.302734375, 1.4794921875, 3.681640625, 0.04010009765625, 8.0, 3.65234375, 0.2354736328125, 6.29296875, 3.1640625, 5.2890625, 7.2421875, 7.17578125, 3.521484375, 6.95703125, 0.18310546875]",-0.6246940263179166
287,0,test,3.7185203608881925,1.7293890802736058,2.359358827368472,6.285498932598106,2.9232254131076436,3.9880775017454173,41.2033828456193,33.89420146968361,37.31045500212836,69.64700842291778,57.29213409714261,63.066704584242764,3.846245430222708,1.7453422415483355,2.424602451700969,5.917300661881089,2.685141910074362,3.730157618001491,46.81695530825056,38.64340647172622,42.673032081087875,72.02608508961625,59.45139457188649,65.65081858628903,3.7185203608881925,1.7293890802736058,2.359358827368472,6.285498932598106,2.9232254131076436,3.9880775017454173,41.2033828456193,33.89420146968361,37.31045500212836,69.64700842291778,57.29213409714261,63.066704584242764,0.7939698492462312,0.003969849246231116,0.003969849246231116,0.6381909547738693,-0.0018090452261306789,-0.0018090452261306789,0.5376884422110553,-0.017311557788944665,-0.0023115577889447625,0.4406130268199234,0.11556522567269589,0.17437098860336286,0.4346153846153846,0.4623115577889447,0.13399075578393216,0.200208051945873,0.4747474747474747,0.4406130268199234,0.11556522567269589,0.17437098860336286,0.4346153846153846,22.0,2.0,2.0,34.0,2.0,2.0,42.0,0.0,0.0,0.0005477266487029352,7.931666336979651e-05,-0.0001421400826651377,-0.00012094549186336678,-0.00017278787436758591,9.286739145242251e-05,"[5.15234375, 1.4013671875, 9.4609375, 7.37109375, 1.234375, 2.123046875, 6.6328125, 4.44921875, 0.50439453125, 4.265625, 1.3876953125, 7.05078125, 7.09375, 2.01171875, 0.190185546875, 6.54296875, 0.47021484375, 14.765625, 3.173828125, 0.0028247833251953125, 4.01953125, 2.923828125, 0.859375, 0.72998046875, 2.271484375, 5.54296875, 0.54248046875, 0.0195159912109375, 0.025604248046875, 0.01031494140625, 0.1575927734375, 4.99609375, 0.282470703125, 2.45703125, 5.07421875, 0.320068359375, 9.1015625, 2.052734375, 3.84375, 0.352294921875, 11.3125, 3.60546875, 2.587890625, 5.39453125, 0.480712890625, 1.3818359375, 0.15673828125, 3.3515625, 0.9912109375, 5.62890625, 2.79296875, 5.3203125, 7.33203125, 0.00974273681640625, 3.287109375, 5.08984375, 7.29296875, 5.29296875, 0.0264129638671875, 0.857421875, 1.740234375, 5.609375, 1.830078125, 1.8798828125, 7.53515625, 0.0003077983856201172, 0.0191802978515625, 1.7041015625, 1.9111328125, 8.6953125, 1.4873046875, 6.48046875, 4.06640625, 1.5185546875, 4.06640625, 10.5625, 1.509765625, 1.9697265625, 9.140625, 2.091796875, 2.162109375, 6.7578125, 0.79541015625, 1.9052734375, 7.28125, 2.837890625, 9.2578125, 2.37890625, 4.94921875, 0.006755828857421875, 1.337890625, 0.1607666015625, 4.37109375, 5.484375, 8.3828125, 3.869140625, 1.140625, 7.703125, 0.27001953125, 4.0625, 5.5, 4.75, 4.84765625, 5.86328125, 2.998046875, 7.875, 1.359375, 8.09375, 6.4453125, 2.068359375, 4.7265625, 3.19140625, 5.58984375, 5.30859375, 3.529296875, 1.1201171875, 2.724609375, 6.77734375, 0.87255859375, 0.62353515625, 1.310546875, 9.9765625, 5.1171875, 2.611328125, 3.138671875, 8.796875, 0.09149169921875, 7.16015625, 11.8671875, 0.2188720703125, 3.400390625, 5.43359375, 8.859375, 1.3828125, 7.9375, 4.16796875, 6.22265625, 3.740234375, 2.19921875, 6.08203125, 6.6328125, 4.7578125, 2.16796875, 1.6025390625, 4.39453125, 0.2056884765625, 1.662109375, 8.546875, 4.4765625, 1.607421875, 2.375, 1.6435546875, 7.0390625, 7.7421875, 1.2099609375, 6.08984375, 1.544921875, 1.181640625, 8.515625, 0.06427001953125, 0.0182647705078125, 8.8046875, 8.2578125, 1.5458984375, 6.3359375, 2.640625, 3.990234375, 0.1744384765625, 0.0229949951171875, 8.9375, 4.4609375, 6.015625, 1.7548828125, 1.8232421875, 7.5078125, 11.109375, 4.81640625, 5.328125, 0.384521484375, 6.74609375, 4.33203125, 0.184814453125, 1.8662109375, 9.875, 0.95849609375, 4.3984375, 4.2734375, 1.1953125, 4.109375, 3.662109375, 3.0234375, 3.087890625, 1.421875, 3.05078125, 0.08984375, 4.83203125, 5.02734375, 4.296875, 8.328125, 2.71875, 1.490234375, 2.78125, 9.2578125, 4.56640625, 1.6611328125, 0.4150390625, 2.6953125, 6.2890625, 1.380859375, 7.078125, 3.693359375, 9.6171875, 4.34765625, 9.296875, 0.486083984375, 2.384765625, 3.076171875, 0.10235595703125, 0.9150390625, 7.79296875, 0.10931396484375, 2.90625, 8.5859375, 0.865234375, 0.708984375, 5.375, 0.53173828125, 8.7265625, 9.46875, 1.439453125, 11.0, 2.439453125, 6.0078125, 1.1396484375, 3.361328125, 4.69140625, 0.90673828125, 6.97265625, 0.284423828125, 3.33984375, 0.180908203125, 1.5771484375, 0.79296875, 0.09521484375, 6.5234375, 0.365234375, 9.53125, 0.20751953125, 1.5654296875, 7.87109375, 0.59814453125, 0.880859375, 0.01277923583984375, 2.685546875, 1.4482421875, 3.861328125, 0.1368408203125, 1.4375, 0.0095062255859375, 1.3974609375, 0.325927734375]",-0.6415541592228915
433,0,test,3.4833098357650125,1.5075310966651612,2.0998199162227564,5.431894050821677,2.3508529477699294,3.274471651535486,32.567336419571646,25.355102503509954,28.578538470791177,50.78569788200529,39.53889746834473,44.56554266484763,3.5007398631704514,1.4096289214102282,2.0273825775689835,5.110569143314527,2.0578524400149316,2.9596825949912167,33.13996192786309,25.046059902658904,28.776100623918907,48.3795064640337,36.563591098772115,42.008906020319564,3.4819153100750517,1.5131767756603431,2.1066210560659195,5.468976926819453,2.376717448681167,3.308828883873172,32.521952084446504,25.36031545477913,28.565711393100994,51.081600132638485,39.83295621169497,44.86760951795967,0.7537688442211055,0.01376884422110547,0.01376884422110547,0.6231155778894473,0.008115577889447279,-0.01188442211055274,0.5025125628140703,-0.022487437185929715,-0.007487437185929702,0.43630573248407645,0.07382560529806692,0.1492294612976358,0.3993610223642172,0.4371859296482412,0.08881500232994544,0.1483712384963214,0.36868686868686873,0.43143812709030105,0.07751492174806396,0.15001432286338223,0.3926174496644296,24.0,15.0,15.0,34.0,25.0,25.0,46.0,32.0,33.0,0.0007765949334603122,0.00018628907018545726,-7.739783335662892e-05,0.0004478011750661537,4.5542954798527546e-05,-9.287412789138472e-05,"[7.24609375, 9.2265625, 11.9296875, 2.1484375, 4.046875, 5.0390625, 3.693359375, 4.87109375, 2.9765625, 0.82861328125, 1.4013671875, 5.3984375, 1.11328125, 5.09375, 8.734375, 1.6796875, 4.4453125, 0.71728515625, 2.134765625, 3.73828125, 5.9375, 4.12890625, 9.78125, 0.623046875, 3.369140625, 1.0791015625, 8.8203125, 0.79541015625, 4.0390625, 4.05078125, 8.109375, 0.919921875, 3.40625, 9.453125, 1.802734375, 2.080078125, 2.416015625, 0.36181640625, 5.10546875, 0.11358642578125, 3.35546875, 2.302734375, 0.634765625, 4.40234375, 6.16015625, 1.056640625, 11.5546875, 1.4169921875, 3.787109375, 4.7109375, 7.9453125, 2.958984375, 0.43603515625, 2.962890625, 6.984375, 0.144287109375, 8.296875, 8.1015625, 1.7138671875, 1.8740234375, 4.875, 4.578125, 1.435546875, 6.13671875, 1.9404296875, 0.79150390625, 0.006244659423828125, 5.4375, 7.58203125, 0.34912109375, 3.70703125, 3.3671875, 4.5078125, 3.5859375, 4.22265625, 5.609375, 6.9375, 0.7138671875, 3.16796875, 7.51953125, 1.7939453125, 2.185546875, 0.10296630859375, 7.43359375, 8.6484375, 0.99169921875, 0.845703125, 3.12109375, 8.90625, 2.587890625, 1.7294921875, 0.88671875, 2.76953125, 0.0032024383544921875, 4.8359375, 2.416015625, 6.640625, 5.22265625, 7.19921875, 3.556640625, 0.377685546875, 4.703125, 3.306640625, 0.6376953125, 7.796875, 10.015625, 4.546875, 2.681640625, 4.3671875, 6.25390625, 0.0156097412109375, 1.1865234375, 4.26953125, 2.453125, 0.00860595703125, 6.88671875, 12.6796875, 0.00028967857360839844, 0.463623046875, 0.29638671875, 2.26953125, 2.828125, 4.23828125, 1.3470649719238281e-05, 0.06378173828125, 3.36328125, 0.00130462646484375, 2.58984375, 0.11529541015625, 2.296875, 0.701171875, 3.11328125, 9.25, 2.826171875, 1.4140625, 0.78955078125, 0.0280303955078125, 4.8359375, 2.126953125, 2.419921875, 4.45703125, 0.354736328125, 3.9765625, 3.208984375, 3.21484375, 4.765625, 1.814453125, 3.197265625, 4.4609375, 4.0, 1.6826171875, 3.658203125, 0.0001310110092163086, 0.4248046875, 1.59375, 0.00035881996154785156, 3.595703125, 0.159423828125, 2.29296875, 4.421875, 8.8046875, 2.05859375, 7.453125, 1.9482421875, 3.218650817871094e-05, 0.330810546875, 1.01171875, 6.0703125, 2.287109375, 0.017242431640625, 8.7734375, 10.015625, 0.9521484375, 2.068359375, 0.0022373199462890625, 6.47265625, 2.900390625, 2.171875, 0.037567138671875, 0.20654296875, 10.0625, 7.7421875, 1.1318359375, 0.4404296875, 6.453125, 6.94140625, 5.90625, 6.02734375, 2.08203125, 0.1639404296875, 7.44140625, 3.986328125, 1.2294921875, 0.0006322860717773438, 3.2578125, 1.4814453125, 9.250640869140625e-05, 1.7939453125, 0.8203125, 9.500980377197266e-05, 2.396484375, 1.458984375, 0.00023651123046875, 0.164306640625, 0.231201171875, 2.34765625, 0.059326171875, 3.11328125, 0.52490234375, 2.90625, 0.031890869140625, 2.30859375, 5.8828125, 2.5703125, 6.9921875, 2.296875, 6.203125, 3.3828125, 4.2734375, 1.6337890625, 5.68359375, 0.03851318359375, 6.3671875, 5.8984375, 3.39453125, 8.3125, 10.1875, 9.015625, 0.01715087890625, 1.755859375, 4.61328125, 0.0292816162109375, 4.41796875, 0.01123809814453125, 8.734375, 5.0625, 5.53125, 6.4140625, 6.44140625, 3.78515625, 1.2001953125, 4.0, 0.194580078125, 2.2734375, 2.923828125, 0.1456298828125, 0.0804443359375, 0.44873046875, 4.70703125, 1.537109375, 4.19921875, 9.8359375, 4.4375, 7.328125, 1.9150390625, 3.83984375, 7.0, 5.18359375, 0.0101165771484375, 3.994140625, 3.1328125, 2.2890625, 0.251953125, 2.8203125, 4.5859375, 0.0003154277801513672, 2.9921875, 1.38671875, 7.70703125, 1.83203125, 0.30615234375, 0.216552734375, 0.11688232421875, 8.7421875, 11.7109375, 0.0810546875, 0.34619140625, 2.091796875, 1.5263671875, 8.0, 0.023284912109375, 4.3828125, 0.03167724609375, 1.6259765625, 5.7578125, 1.4541015625, 3.5234375, 1.6611328125, 7.15625, 0.78125, 4.3671875, 6.75390625, 7.08203125, 8.234375, 5.16796875, 3.841796875, 8.328125, 6.78125, 2.208984375, 2.4375, 5.0078125, 2.7890625, 3.931640625, 4.49609375, 3.560546875, 3.375, 0.0123138427734375, 6.8671875, 3.189453125, 4.63671875, 3.828125, 1.263671875, 2.544921875, 4.7265625]",-0.6685508781937277
123,0,test,3.0000899222859165,1.3107458683577617,1.8102609992508034,5.1378785495435455,2.2447504092833523,3.100207459794789,20.087343141790097,14.671416158086636,16.800824230183977,34.40107867396387,25.125898330615435,28.77266904091387,3.2991267041345336,1.3735709562825427,1.9390687624732783,4.851656917844902,2.0199572886507977,2.8515717095195265,27.088971900845998,20.230012441978747,23.19255284059796,39.836723383597054,29.750018297027566,34.10669535382053,3.0223672896100764,1.3399200248268486,1.8332885620403627,5.176030208553783,2.29471333593101,3.1396438846918784,20.53985796864357,15.161154980797086,17.2558036640378,35.17604418582072,25.96461272160459,29.55185537673539,0.7437185929648241,0.00371859296482413,0.008718592964824134,0.592964824120603,-0.007035175879396949,0.007964824120603065,0.44221105527638194,0.007211055276381884,0.007211055276381884,0.39649122807017545,0.08475742771991279,0.13628119306434117,0.4084507042253521,0.4120603015075377,0.07872696817420433,0.13660120301004186,0.45959595959595956,0.3929824561403509,0.07774602881986048,0.13510614342156446,0.4119718309859155,19.0,8.0,8.0,29.0,8.0,7.0,38.0,10.0,10.0,0.001467429355227162,5.927116527176869e-05,6.903369579084069e-05,-0.004946996951852967,-0.0033296244842997424,-0.004170998508969959,"[2.88671875, 2.212890625, 0.2330322265625, 0.0401611328125, 3.814697265625e-05, 1.2705078125, 0.01294708251953125, 0.01422119140625, 1.583984375, 8.0625, 1.564453125, 4.40625, 0.04718017578125, 1.826171875, 1.94921875, 1.6220703125, 0.83056640625, 4.8984375, 7.3125, 2.611328125, 1.837890625, 2.697265625, 4.03515625, 5.66015625, 3.8203125, 0.1912841796875, 1.744140625, 0.01113128662109375, 7.64453125, 3.53515625, 7.63671875, 5.4765625, 2.279296875, 9.78125, 1.9775390625, 5.87109375, 0.09783935546875, 5.01171875, 3.5859375, 3.4296875, 5.12890625, 0.460693359375, 5.73046875, 0.0034542083740234375, 2.349609375, 0.88671875, 3.599609375, 1.4443359375, 14.46875, 0.9248046875, 0.06781005859375, 7.59375, 0.68212890625, 6.32421875, 2.095703125, 2.927734375, 4.734375, 2.22265625, 3.998046875, 0.681640625, 1.83203125, 4.5, 3.88671875, 0.55078125, 2.216796875, 1.5869140625, 2.09765625, 5.3671875, 12.1484375, 7.9453125, 2.998046875, 0.2186279296875, 0.358642578125, 4.83984375, 6.14453125, 8.2421875, 0.2401123046875, 0.7919921875, 4.3984375, 3.4609375, 8.4296875, 0.038421630859375, 2.2734375, 0.0933837890625, 10.59375, 4.11328125, 5.22265625, 5.515625, 5.52734375, 4.86328125, 8.5546875, 7.16796875, 4.328125, 6.0, 7.17578125, 1.5986328125, 2.76171875, 9.9296875, 0.76171875, 8.1796875, 0.1361083984375, 10.1484375, 0.77294921875, 1.619140625, 6.7421875, 6.14453125, 6.953125, 5.609375, 2.8203125, 1.7685546875, 0.06378173828125, 0.1397705078125, 0.18115234375, 0.0115966796875, 0.2939453125, 0.845703125, 2.01171875, 0.0002455711364746094, 6.03125, 0.006427764892578125, 6.75390625, 2.267578125, 0.60498046875, 1.033203125, 7.02734375, 0.4970703125, 7.19921875, 3.0625, 0.2247314453125, 6.0390625, 8.328125, 4.69921875, 0.912109375, 2.955078125, 1.3720703125, 9.34375, 1.546875, 6.0546875, 3.943359375, 2.587890625, 0.0009379386901855469, 2.337890625, 0.31005859375, 2.74609375, 0.0233612060546875, 2.185546875, 2.873046875, 11.03125, 4.60546875, 3.939453125, 1.7646484375, 4.03125, 2.201171875, 2.318359375, 1.380859375, 1.30859375, 1.552734375, 1.5869140625, 8.2734375, 0.258056640625, 3.17578125, 5.90625, 0.79541015625, 0.603515625, 0.3974609375, 0.0003955364227294922, 4.0703125, 1.1416015625, 0.36767578125, 1.4697265625, 5.078125, 0.017791748046875, 2.166015625, 3.931640625, 3.662109375, 6.3046875, 1.333984375, 0.4619140625, 2.138671875, 7.16796875, 1.578125, 0.548828125, 1.392578125, 5.34765625, 5.23828125, 8.7578125, 2.251953125, 0.408203125, 6.66796875, 3.2265625, 1.0712890625, 1.8828125, 4.34765625, 2.158203125, 2.158203125, 1.3505859375, 1.384765625, 4.20703125, 4.296875, 1.6201171875, 6.421875, 2.32421875, 5.765625, 4.90234375, 4.671875, 1.4892578125, 6.74609375, 1.90234375, 0.07879638671875, 4.68359375, 7.828125, 5.5, 5.62109375, 8.8828125, 0.01392364501953125, 0.70068359375, 1.51953125, 0.0011358261108398438, 4.3828125, 6.15234375, 1.341796875, 0.0085601806640625, 7.25390625, 1.5986328125, 0.031280517578125, 7.15625, 0.04931640625, 0.70654296875, 2.625, 4.69921875, 1.1103515625, 0.44970703125, 10.109375, 0.865234375, 5.0546875, 4.375, 1.55859375, 2.966796875, 2.830078125, 0.031036376953125, 0.033233642578125, 0.0037174224853515625, 0.0019369125366210938, 0.381591796875, 2.826171875, 0.005191802978515625, 0.004230499267578125, 0.01325225830078125, 0.0159454345703125, 0.0008325576782226562, 0.1041259765625, 0.6865234375, 8.6953125, 1.650390625, 1.4677734375, 1.2890625, 0.060943603515625, 2.0546875, 3.38671875, 0.020477294921875, 0.09002685546875, 4.828125, 1.5888671875, 5.7890625, 0.033233642578125, 3.37890625, 2.0078125, 4.44921875, 0.037872314453125, 0.0086669921875, 0.0018939971923828125, 0.0024776458740234375, 0.333251953125, 3.078125, 0.024444580078125, 0.00188446044921875, 0.0024318695068359375, 0.00849151611328125, 3.3984375, 0.98291015625, 2.90234375, 0.474853515625, 0.0181732177734375, 3.87109375, 4.04296875]",-0.8894114109507778
170,0,test,2.4236769450234843,0.9969655240694746,1.3413102001132002,5.744429122945271,2.3629377680867414,3.1790793703981692,11.287285836171543,7.1223060558013405,8.33562872597189,26.752333313003984,16.880790327061618,19.75652262973857,2.948972770317116,1.1923560365916086,1.6734507916060688,5.410959211591038,2.1878092414524932,3.070551911203796,19.086337602300517,13.293532002785977,15.505767698635164,35.02080294000095,24.391801839974267,28.450949905752594,2.577802337930354,1.0973256237945457,1.507413019676331,5.686328686611075,2.4205712289585564,3.3251757786977887,13.168167155595523,8.773126796131066,10.251652424192962,29.047427549107773,19.352485579700883,22.613939171013886,0.6683417085427136,-0.0016582914572863539,-0.0016582914572863539,0.5477386934673367,0.007738693467336688,0.0027386934673367946,0.4371859296482412,0.0021859296482411583,0.007185929648241163,0.40384615384615385,0.09931940487496049,0.1536017745695165,0.33333333333333337,0.44221105527638194,0.10887772194304857,0.1667519567788861,0.398989898989899,0.4046822742474916,0.10918978676835966,0.15662888158898214,0.3557046979865772,24.0,12.0,12.0,37.0,15.0,15.0,43.0,15.0,12.0,0.0007625779665568246,0.0007426564806567684,0.0003404342485646559,-0.10737836481844187,-0.1234693387819652,-0.11635894782873102,"[2.88671875, 4.2109375, 4.6953125, 0.320068359375, 3.962890625, 4.00390625, 4.03515625, 5.65234375, 5.60546875, 4.3828125, 8.1640625, 3.107421875, 5.0067901611328125e-05, 1.2646484375, 0.006000518798828125, 0.0144195556640625, 8.765625, 2.474609375, 2.44140625, 7.41015625, 2.97265625, 0.76904296875, 10.4296875, 6.07421875, 1.0439453125, 1.833984375, 10.2734375, 2.275390625, 8.96875, 0.9501953125, 8.046875, 4.1953125, 6.953125, 4.74609375, 0.94677734375, 7.00390625, 2.025390625, 7.2578125, 0.039947509765625, 7.63671875, 1.8173828125, 3.15625, 5.7421875, 0.0193939208984375, 0.3291015625, 0.0017042160034179688, 0.037567138671875, 0.002227783203125, 8.690357208251953e-05, 1.5974044799804688e-05, 7.68899917602539e-05, 0.00182342529296875, 0.071533203125, 0.165283203125, 7.78125, 3.212890625, 2.103515625, 1.4443359375, 3.4609375, 0.76220703125, 4.95703125, 3.3515625, 0.681640625, 4.921875, 1.9365234375, 8.984375, 2.703125, 1.2841796875, 5.60546875, 0.15234375, 4.4765625, 3.09765625, 1.76171875, 7.0234375, 0.90234375, 6.67578125, 0.74755859375, 2.8359375, 1.5830078125, 3.2578125, 5.35546875, 1.5009765625, 2.556640625, 3.923828125, 0.94287109375, 2.859375, 1.1201171875, 2.4375, 0.64111328125, 1.0185546875, 6.1640625, 5.07421875, 4.234375, 2.45703125, 0.1903076171875, 3.177734375, 8.78125, 3.732421875, 0.0648193359375, 7.6875, 1.0078125, 1.9169921875, 2.111328125, 2.814453125, 0.180908203125, 0.3056640625, 9.5234375, 5.78515625, 2.40234375, 5.26953125, 6.31640625, 3.916015625, 2.48828125, 1.669921875, 0.11639404296875, 4.1875, 1.869140625, 3.734375, 3.53125, 3.90625, 4.23828125, 5.53515625, 7.1484375, 2.095703125, 3.705078125, 3.953125, 6.3359375, 2.796875, 7.11328125, 6.2578125, 0.0341796875, 1.7958984375, 3.615234375, 11.03125, 0.0304718017578125, 3.783203125, 5.412101745605469e-05, 0.162841796875, 4.982948303222656e-05, 0.001415252685546875, 0.00021278858184814453, 1.4066696166992188e-05, 1.1920928955078125e-05, 9.989738464355469e-05, 0.0024814605712890625, 0.0240325927734375, 0.48095703125, 3.66796875, 1.0048828125, 0.3095703125, 7.78515625, 7.5859375, 0.85546875, 1.345703125, 4.33984375, 2.10546875, 1.685546875, 0.10272216796875, 6.1171875, 2.431640625, 5.46484375, 1.54296875, 8.21875, 2.84375, 1.2294921875, 1.7881393432617188e-05, 3.5546875, 5.0067901611328125e-06, 0.00042939186096191406, 8.726119995117188e-05, 1.5616416931152344e-05, 1.0132789611816406e-05, 1.7642974853515625e-05, 0.00040841102600097656, 0.003650665283203125, 0.384765625, 1.2265625, 0.0002887248992919922, 2.078125, 5.984375, 8.828125, 1.59375, 2.556640625, 5.0078125, 2.30078125, 0.5205078125, 4.4296875, 5.93359375, 0.65966796875, 1.4677734375, 0.004489898681640625, 4.76953125, 2.74609375, 4.90234375, 0.6796875, 0.032684326171875, 1.27734375, 3.783203125, 0.316162109375, 1.2783203125, 0.034881591796875, 2.30859375, 5.58984375, 0.775390625, 1.37109375, 5.0234375, 3.400390625, 10.7890625, 7.6796875, 3.578125, 3.51953125, 4.55859375, 0.96630859375, 0.1806640625, 11.53125, 6.43359375, 0.50927734375, 2.84765625, 5.69140625, 8.1171875, 0.0355224609375, 6.8203125, 0.0022411346435546875, 5.05859375, 5.221366882324219e-05, 0.607421875, 3.6954879760742188e-06, 0.00039577484130859375, 4.661083221435547e-05, 5.245208740234375e-06, 9.5367431640625e-07, 1.0728836059570312e-06, 0.0003559589385986328, 0.0034999847412109375, 0.47607421875, 0.49072265625, 11.1796875, 6.41796875, 1.9873046875, 1.1920928955078125e-07, 0.336181640625, 2.6226043701171875e-05, 0.0002961158752441406, 7.617473602294922e-05, 5.125999450683594e-06, 1.5497207641601562e-06, 1.7881393432617188e-06, 0.0001360177993774414, 0.0016651153564453125, 0.1146240234375, 7.6171875, 1.6201171875, 2.7265625, 1.8759765625, 2.087890625, 5.39453125, 1.423828125, 0.69921875, 3.6328125, 1.4267578125, 3.755859375, 5.62109375, 4.04296875, 1.3818359375, 4.3125, 2.5859375, 4.42578125, 6.520748138427734e-05, 0.63720703125, 5.602836608886719e-06, 7.784366607666016e-05, 2.193450927734375e-05, 8.106231689453125e-06, 5.960464477539062e-07, 4.76837158203125e-07, 1.8715858459472656e-05, 0.00038242340087890625, 5.17578125, 0.0003478527069091797, 0.02581787109375, 1.1920928955078125e-07, 0.0010385513305664062, 6.794929504394531e-05, 1.4185905456542969e-05, 2.384185791015625e-07, 1.5497207641601562e-06, 5.9604644775390625e-05, 0.0009565353393554688, 1.154296875, 0.00012493133544921875, 0.02203369140625, -0.0, 0.0011816024780273438, 5.173683166503906e-05, 1.823902130126953e-05, 2.7418136596679688e-06, 4.291534423828125e-06, 3.039836883544922e-05, 0.0006151199340820312, 1.1201171875, 1.1920928955078125e-07, 0.0228118896484375, 7.033348083496094e-06, 0.0002713203430175781, 3.0994415283203125e-05, 9.417533874511719e-06, 3.933906555175781e-06, 4.291534423828125e-06, 2.0503997802734375e-05, 0.0006732940673828125, 0.037353515625, 1.0244140625, 3.046875, 5.67578125, 5.2265625, 2.26953125, 1.5859375, 2.1640625, 3.849609375, 3.78515625, 0.0870361328125, 3.984375, 2.068359375, 1.5439453125, 11.0859375, 0.5654296875, 0.5908203125, 3.2186508178710938e-06, 3.83984375, 2.86102294921875e-06, 1.1563301086425781e-05, 2.872943878173828e-05, 3.814697265625e-06, 1.0728836059570312e-06, 3.5762786865234375e-07, 2.4199485778808594e-05, 0.0003497600555419922, 0.1993408203125, 5.671875, 2.998046875, 1.0029296875, 2.9453125, 1.84765625, 8.734375, 0.26025390625, 3.416015625, 6.65625, 3.2421875, 9.1328125, 0.002315521240234375, 4.77734375, 4.91015625, 2.103515625, 8.344650268554688e-07, 3.5703125, 1.1920928955078125e-07, 9.298324584960938e-06, 8.344650268554688e-06, 2.86102294921875e-06, 1.3113021850585938e-06, 3.5762786865234375e-07, 1.33514404296875e-05, 0.00034999847412109375, 0.11065673828125]",-0.4382155167532491
240,0,test,3.6842695939590326,1.66315851087897,2.2819021178574532,6.1068030256033285,2.7567421892651423,3.7823309076815326,39.81602995768034,32.26932466395661,35.75121802827075,65.99643321752495,53.48751074436644,59.25886823864056,3.78337532791061,1.6828954723373433,2.328764889014469,6.202254635919033,2.7588450366185953,3.817647359040113,43.96418511977847,35.79409568473889,39.68137039722488,72.07243462258766,58.678845384817855,65.05142688069654,3.6842695939590326,1.66315851087897,2.2819021178574532,6.1068030256033285,2.7567421892651423,3.7823309076815326,39.81602995768034,32.26932466395661,35.75121802827075,65.99643321752495,53.48751074436644,59.25886823864056,0.7537688442211055,-0.006231155778894548,-0.011231155778894553,0.6180904522613065,-0.01190954773869346,0.0030904522613065533,0.507537688442211,-0.0024623115577889765,0.01753768844221104,0.4315352697095436,0.10648350987517508,0.17498354557161255,0.44999999999999996,0.4522613065326633,0.11642170753516956,0.18348000436237943,0.4747474747474747,0.4315352697095436,0.10648350987517508,0.17498354557161255,0.44999999999999996,22.0,8.0,8.0,34.0,12.0,11.0,44.0,10.0,10.0,-0.00020862899792753359,5.0123408907210244e-05,0.00016308604154477985,1.765294534639139e-05,-6.285548396256502e-05,-8.431204445269458e-05,"[2.859375, 2.21484375, 0.2666015625, 0.05609130859375, 3.802776336669922e-05, 1.1826171875, 0.01139068603515625, 0.01456451416015625, 1.5693359375, 6.08984375, 1.3271484375, 7.0078125, 4.3671875, 2.080078125, 6.140625, 4.015625, 5.37109375, 0.12744140625, 7.41796875, 5.19921875, 1.958984375, 1.265625, 5.734375, 2.974609375, 1.19921875, 5.3515625, 4.2109375, 0.178955078125, 5.015625, 0.2498779296875, 2.46875, 11.09375, 3.158203125, 1.6396484375, 7.57421875, 4.69140625, 12.0625, 0.08203125, 8.4296875, 8.46875, 2.634765625, 3.3203125, 1.1474609375, 0.039093017578125, 0.0005946159362792969, 0.321533203125, 10.5, 2.1171875, 8.703125, 11.078125, 0.1466064453125, 0.77294921875, 7.88671875, 5.87109375, 6.66796875, 0.7626953125, 7.703125, 6.3203125, 1.0673828125, 2.693359375, 2.7109375, 5.9921875, 4.29296875, 2.001953125, 2.693359375, 7.734375, 0.67626953125, 2.5625, 5.69140625, 0.01129913330078125, 3.103515625, 0.002960205078125, 6.02734375, 1.2900390625, 5.23046875, 9.0234375, 3.81640625, 1.3408203125, 7.3671875, 7.36328125, 5.63671875, 5.71484375, 2.701171875, 4.16015625, 3.783203125, 4.7578125, 7.95703125, 5.7890625, 0.95263671875, 7.12109375, 2.115234375, 4.06640625, 7.5625, 1.4130859375, 12.046875, 1.9775390625, 6.109375, 4.34765625, 0.408935546875, 3.1953125, 0.369384765625, 0.002910614013671875, 6.44921875, 3.546875, 6.3984375, 6.80859375, 1.6904296875, 5.2265625, 0.7783203125, 8.421875, 2.294921875, 1.931640625, 1.6572265625, 7.7421875, 2.26953125, 1.1455078125, 4.1328125, 1.2529296875, 1.0205078125, 2.041015625, 3.642578125, 0.61962890625, 5.7421875, 2.166015625, 4.10546875, 0.087890625, 4.796875, 7.35546875, 4.078125, 4.08984375, 6.20703125, 0.9501953125, 1.2451171875, 1.564453125, 1.416015625, 6.71875, 1.6337890625, 2.482421875, 2.7890625, 1.318359375, 8.703125, 0.1612548828125, 2.333984375, 3.994140625, 0.161865234375, 0.488037109375, 3.326171875, 8.2421875, 0.5634765625, 7.57421875, 0.207763671875, 1.69140625, 7.609375, 0.2010498046875, 0.5126953125, 6.6015625, 0.51611328125, 3.115234375, 4.9609375, 1.76171875, 5.2421875, 7.34375, 5.82421875, 8.8203125, 0.8291015625, 11.359375, 0.479248046875, 0.30322265625, 0.44970703125, 8.171875, 0.0765380859375, 6.875, 4.85546875, 5.00390625, 1.53515625, 2.96484375, 4.6484375, 0.7529296875, 0.00424957275390625, 0.0010576248168945312, 0.0188751220703125, 7.28515625, 2.392578125, 9.671875, 13.4921875, 1.0390625, 10.3125, 7.12890625, 0.1611328125, 6.16015625, 4.828125, 1.513671875, 5.53515625, 0.775390625, 6.21484375, 1.580078125, 5.953125, 4.09375, 1.1591796875, 0.10882568359375, 7.078125, 1.3759765625, 3.623046875, 1.361328125, 9.1875, 6.6484375, 0.4609375, 11.9921875, 0.1025390625, 3.6640625, 3.052734375, 1.265625, 3.361328125, 1.3017578125, 6.70703125, 3.455078125, 2.33984375, 2.447265625, 0.006504058837890625, 3.65234375, 4.29296875, 0.43701171875, 1.5478515625, 1.916015625, 4.7578125, 0.377197265625, 7.78125, 7.94921875, 4.9140625, 0.1453857421875, 0.393798828125, 0.73388671875, 0.9990234375, 0.00087738037109375, 3.62109375, 7.28515625, 0.0025653839111328125, 3.322265625, 3.228515625, 0.2156982421875, 9.390625]",-0.7640856039474615
109,0,test,3.963643333491157,1.7425947106598652,2.4125761576784477,6.365144882606388,2.7984020941773133,3.874313476742448,52.64879406088436,43.43180311363514,47.932293227455446,84.54776928600842,69.74636617660232,76.97362382997257,4.2156421239651625,1.8590277449069554,2.5882266476262714,6.245395739207647,2.7541151776399335,3.834409848335216,67.737647876064,57.18249274008905,62.64694721084113,100.35207092750223,84.71480405939118,92.81029216420907,3.9718855124186065,1.7439133846616652,2.4111930996353172,6.378380852295762,2.8005197294860857,3.8720924482378916,53.084528073956456,43.80350182591779,48.3224106191179,85.24750684817712,70.34327057926798,77.60010646481875,0.7386934673366834,-0.011306532663316604,-0.01630653266331661,0.6432160804020101,-0.011783919597989967,-0.001783919597989958,0.5628140703517588,-0.007185929648241274,-0.0021859296482411583,0.43014705882352944,0.09803696708041021,0.17097835466705025,0.4095940959409594,0.4522613065326633,0.11140917620684876,0.18848835160778854,0.4444444444444444,0.4375,0.09988532110091741,0.17588630806845962,0.41328413284132837,22.0,0.0,-2.0,40.0,0.0,0.0,45.0,0.0,0.0,0.00046808886202639115,7.228462308456505e-05,-0.00011459824717638162,-0.004872703673891365,-0.005036262161542737,-0.005529950049892207,"[9.2421875, 0.71728515625, 12.328125, 5.28125, 5.35546875, 0.11669921875, 7.5078125, 0.1859130859375, 8.46875, 0.9208984375, 6.49609375, 1.5859375, 0.1654052734375, 3.9375, 0.50830078125, 0.04351806640625, 11.2578125, 0.0706787109375, 6.30078125, 2.970703125, 3.384765625, 3.814453125, 12.1484375, 0.1676025390625, 3.84375, 6.73828125, 1.552734375, 7.953125, 3.8046875, 0.064697265625, 6.42578125, 2.04296875, 4.01953125, 2.126953125, 0.130859375, 5.37890625, 1.908203125, 2.900390625, 0.84912109375, 3.451171875, 5.3515625, 0.277099609375, 7.9453125, 3.787109375, 13.6015625, 1.2685546875, 8.359375, 1.052734375, 2.833984375, 1.6376953125, 5.6171875, 4.12109375, 6.84765625, 1.6474609375, 0.99853515625, 4.4296875, 0.188232421875, 1.9619140625, 8.3203125, 3.556640625, 2.080078125, 3.2734375, 0.0001342296600341797, 0.0863037109375, 1.466796875, 0.00015926361083984375, 0.07305908203125, 0.46923828125, 8.96875, 6.07421875, 3.109375, 3.71484375, 9.6328125, 7.3984375, 0.83056640625, 4.58984375, 2.310546875, 4.05078125, 7.390625, 5.90234375, 8.3828125, 3.529296875, 1.05078125, 6.703125, 1.73828125, 10.2578125, 1.7255859375, 1.9990234375, 6.578125, 1.310546875, 1.310546875, 4.49609375, 5.33984375, 1.0146484375, 9.6171875, 0.779296875, 0.9150390625, 6.03125, 0.460205078125, 2.80859375, 3.359375, 10.6796875, 7.66015625, 5.04296875, 5.59375, 5.2421875, 0.049774169921875, 10.546875, 1.3212890625, 5.3828125, 3.61328125, 0.093017578125, 1.0263671875, 1.9189453125, 0.269775390625, 10.0546875, 6.9296875, 8.0546875, 13.0703125, 2.591796875, 0.00019049644470214844, 2.27734375, 1.3486328125, 1.6570091247558594e-05, 0.92431640625, 0.7158203125, 3.528594970703125e-05, 0.326904296875, 0.1556396484375, 6.33984375, 1.921875, 7.1484375, 7.03125, 8.8046875, 9.5703125, 3.744140625, 5.58203125, 5.828125, 4.578125, 2.787109375, 3.296875, 0.77880859375, 9.4921875, 0.08056640625, 1.2880859375, 5.484375, 3.439453125, 11.1640625, 14.921875, 0.298583984375, 11.6875, 0.253173828125, 5.44140625, 4.19140625, 7.07421875, 2.421875, 9.75, 8.8046875, 9.2421875, 4.34765625, 5.015625, 5.35546875, 4.13671875, 3.40625, 3.3046875, 5.95703125, 6.8125, 4.5234375, 4.26953125, 6.7890625, 7.9921875, 4.44921875, 0.23876953125, 1.2490234375, 8.265625, 0.630859375, 8.03125, 0.297607421875, 7.7578125, 0.12841796875, 10.875, 3.8828125, 0.8828125, 2.494140625, 6.1953125, 7.29296875, 5.046875, 6.72265625, 10.0859375, 5.44921875, 7.5390625, 2.900390625, 0.00012063980102539062, 0.6865234375, 0.75634765625, 3.6835670471191406e-05, 0.01326751708984375, 0.351806640625, 3.03125, 2.0859375, 0.1685791015625, 3.0, 0.8017578125, 5.16796875, 3.421875, 5.87890625, 2.98046875, 4.265625, 3.390625, 3.94921875, 8.828125, 9.21875, 7.7109375, 4.26171875, 8.9453125, 0.068603515625, 1.337890625, 11.515625, 1.587890625, 7.50390625, 1.2841796875, 4.0234375, 3.59375, 0.0003268718719482422, 0.83447265625, 1.34375, 3.8623809814453125e-05, 0.010162353515625, 1.3544921875, 1.4424324035644531e-05, 0.0162811279296875, 0.1553955078125, 5.83203125, 1.1923828125, 2.224609375, 0.68115234375, 3.46484375, 7.3203125, 0.2156982421875, 5.53125, 0.233154296875, 0.334716796875, 1.7255859375, 9.0859375, 0.157470703125, 10.890625, 1.4990234375, 5.28515625, 10.8359375, 2.609375, 6.0234375, 1.806640625, 3.31640625, 4.78125, 8.0390625, 3.935546875, 7.57421875, 4.70703125, 0.3955078125, 3.17578125, 4.7734375, 2.9140625, 2.16015625, 0.00011706352233886719, 0.8583984375, 1.3427734375, 9.417533874511719e-06, 0.01169586181640625, 0.720703125, 4.81640625, 0.09722900390625, 3.53125]",0.11425521093256341
335,0,test,3.5773370766345365,1.6896862808487383,2.3091310374941454,5.742567412492282,2.712391135046659,3.7067629812406024,35.77813943663722,29.174302753334615,32.22366917789229,57.43332909565448,46.83243336719504,51.72746894345867,3.679570701254073,1.6767427647087225,2.341382926700949,5.451215853709737,2.4840633551240328,3.468715446964368,39.629377578157914,32.219396123605904,35.81724877322427,58.71018900467839,47.73243870163838,53.06259077514707,3.577871801431287,1.6968684069225337,2.309573718531664,5.743425786508118,2.7239203374282774,3.7074736008008284,35.797276010920015,29.237192097797248,32.2424785703131,57.46404833331897,46.93338731488505,51.757662968134184,0.7688442211055276,0.003844221105527623,0.008844221105527628,0.6432160804020101,-0.01678391959798986,-0.021783919597989976,0.5628140703517588,-0.0021859296482411583,0.002814070351758735,0.46502057613168724,0.12415815313374068,0.20920662264331513,0.4297520661157025,0.4623115577889447,0.1114343648064886,0.20521639919128198,0.43939393939393945,0.4609053497942387,0.11798953870594298,0.20645938536195418,0.40082644628099173,25.0,-2.0,2.0,35.0,-3.0,1.0,46.0,0.0,4.0,0.00048461911688904005,0.0002233079972720243,4.873909207405302e-05,3.793101625682027e-06,-7.384872300431056e-05,-9.33731963588258e-05,"[4.8203125, 7.51953125, 1.2939453125, 3.36328125, 3.44921875, 2.015625, 0.39208984375, 7.765625, 11.390625, 8.484375, 8.7734375, 1.3037109375, 6.2734375, 7.74609375, 2.267578125, 0.2437744140625, 11.015625, 2.638671875, 0.79443359375, 0.66748046875, 0.2381591796875, 7.3125, 7.640625, 4.84375, 2.02734375, 3.5859375, 8.203125, 6.58984375, 6.078125, 9.453125, 8.984375, 1.6884765625, 6.6640625, 0.66064453125, 1.9111328125, 6.34765625, 0.049163818359375, 0.07855224609375, 0.00888824462890625, 0.04998779296875, 3.53125, 3.826171875, 5.53515625, 0.11749267578125, 2.529296875, 5.3046875, 0.06488037109375, 0.42041015625, 1.171875, 0.11737060546875, 3.458984375, 0.607421875, 5.1484375, 0.52734375, 7.13671875, 5.75390625, 2.556640625, 6.54296875, 3.794921875, 6.10546875, 3.56640625, 5.73828125, 2.4140625, 1.55859375, 1.5205078125, 3.4453125, 4.3046875, 6.4296875, 2.45703125, 0.0628662109375, 1.1904296875, 3.5234375, 0.775390625, 6.5625, 8.0625, 0.04681396484375, 0.330078125, 0.29150390625, 6.640625, 0.40625, 5.71484375, 2.306640625, 2.1484375, 1.162109375, 4.4921875, 2.21484375, 4.046875, 6.25, 7.0703125, 1.6455078125, 4.3046875, 7.39453125, 3.908203125, 4.21484375, 8.6640625, 8.59375, 4.3203125, 0.298828125, 4.71875, 5.796875, 1.46484375, 3.6015625, 3.310546875, 4.890625, 0.11163330078125, 0.904296875, 0.0132293701171875, 2.931640625, 3.767578125, 5.8984375, 0.06341552734375, 0.599609375, 3.623046875, 1.3759765625, 7.0234375, 4.73828125, 1.7119140625, 5.08984375, 1.0361328125, 5.40234375, 7.609375, 0.055999755859375, 2.326171875, 1.1328125, 6.03515625, 5.8359375, 1.9326171875, 0.2183837890625, 3.6328125, 4.34375, 3.384765625, 7.10546875, 7.15234375, 6.41796875, 9.8828125, 3.580078125, 3.5703125, 5.96875, 5.13671875, 6.046875, 4.75, 6.72265625, 3.328125, 0.65185546875, 2.2734375, 3.5234375, 0.6513671875, 7.85546875, 3.705078125, 0.068603515625, 6.33984375, 1.2314453125, 6.3125, 1.642578125, 0.334716796875, 4.6171875, 0.3505859375, 0.00846099853515625, 1.3359375, 5.73046875, 5.08203125, 0.52880859375, 4.69921875, 2.7890625, 3.962890625, 4.75, 0.08990478515625, 2.302734375, 4.1328125, 0.323974609375, 3.90625, 2.099609375, 12.0234375, 2.32421875, 3.5625, 2.091796875, 0.31982421875, 2.984375, 5.4375, 2.177734375, 3.708984375, 0.06298828125, 0.030242919921875, 0.007648468017578125, 0.007015228271484375, 0.0469970703125, 8.859375, 1.3486328125, 2.42578125, 7.78125, 4.13671875, 4.828125, 0.3623046875, 13.0703125, 5.015625, 9.203125, 5.6015625, 3.826171875, 1.92578125, 4.88671875, 0.4423828125, 5.72265625, 6.5078125, 3.130859375, 2.380859375, 1.3857421875, 5.3828125, 0.287109375, 2.306640625, 0.068603515625, 7.328125, 1.787109375, 4.796875, 8.1484375, 3.515625, 1.30859375, 1.2158203125, 7.53125, 0.14599609375, 1.53125, 4.43359375, 1.6083984375, 4.80078125, 5.1875, 0.475341796875, 0.68603515625, 3.365234375, 1.1708984375, 4.4609375, 3.359375, 0.057159423828125, 0.86572265625, 0.91455078125, 0.0031604766845703125, 2.689453125, 4.19921875, 2.994140625, 3.958984375, 3.517578125, 1.5244140625, 3.90234375, 3.48046875, 6.1484375]",-0.7700883841808932
460,0,test,3.4855629904912067,1.5783541697667194,2.1496700873472894,6.163735683749986,2.7911008764801304,3.8013939962695,32.64079839706712,25.906532398910635,28.83740790704663,57.72073388859892,45.81211661502276,50.99496426500336,3.667452941587822,1.5735652213961342,2.2066567913659734,5.473810360578838,2.3486048080539312,3.293517599053691,39.15205617875594,31.035647948069972,34.84266709473737,58.43590474441185,46.32186260905966,52.003980738413986,3.459238013296223,1.5503102168161682,2.1204899556571144,6.104537670522746,2.7358415590873557,3.7420410982184378,31.79274163610935,25.046889642801037,27.978476361426672,56.104838181369445,44.200393487295955,49.37378181428236,0.7336683417085428,0.008668341708542804,-0.001331658291457205,0.6432160804020101,-0.0067839195979899625,0.0032160804020100464,0.507537688442211,0.007537688442211032,-0.0024623115577889765,0.4326923076923077,0.10949230769230767,0.1800270624897491,0.41800643086816724,0.4371859296482412,0.09132126799410589,0.16840462747795737,0.4242424242424242,0.4381270903010034,0.11258451934941738,0.18784900353793332,0.4161073825503355,25.0,11.0,12.0,37.0,13.0,12.0,46.0,12.0,13.0,0.0009381575722482849,0.00017942812934513042,4.7132914755528685e-05,-0.007917201261352425,-0.006781575514772875,-0.007588913881271253,"[2.88671875, 2.212890625, 0.2330322265625, 0.0401611328125, 3.814697265625e-05, 1.2705078125, 0.01294708251953125, 0.01422119140625, 5.5859375, 8.4609375, 4.6015625, 2.55078125, 12.5, 2.63671875, 0.69091796875, 4.9140625, 5.65625, 11.2421875, 6.3359375, 5.55078125, 2.16796875, 1.4453125, 5.39453125, 6.22265625, 2.29296875, 3.8671875, 8.40625, 3.5078125, 4.3125, 5.6484375, 2.134765625, 1.220703125, 3.400390625, 2.595703125, 3.544921875, 12.4765625, 0.300048828125, 5.22265625, 0.51611328125, 1.6796875, 7.984375, 0.1209716796875, 8.1171875, 4.859375, 2.021484375, 4.53515625, 3.84375, 0.94970703125, 6.75390625, 9.4609375, 3.359375, 5.87109375, 3.603515625, 8.2734375, 1.0, 6.51171875, 3.228515625, 8.0859375, 1.5361328125, 5.88671875, 7.73828125, 0.0069732666015625, 4.1171875, 0.1177978515625, 3.115234375, 3.23828125, 2.181640625, 4.0859375, 3.58984375, 4.6875, 4.171875, 3.6015625, 6.58203125, 2.25, 5.7734375, 0.154052734375, 10.2578125, 0.51611328125, 2.494140625, 4.87890625, 1.4140625, 1.2099609375, 7.578125, 6.921875, 4.3203125, 1.6630859375, 1.4072265625, 2.16796875, 5.32421875, 0.9296875, 7.96484375, 2.28125, 5.171875, 0.158203125, 2.705078125, 6.87109375, 8.6015625, 0.2384033203125, 0.51513671875, 6.6875, 0.028411865234375, 7.8984375, 2.072265625, 6.77734375, 8.390625, 0.008544921875, 3.099609375, 4.36328125, 4.7734375, 0.16015625, 1.6640625, 6.66015625, 0.19677734375, 4.0703125, 6.94921875, 5.55078125, 4.48828125, 11.625, 3.193359375, 2.732421875, 0.0249176025390625, 6.68359375, 2.37109375, 2.041015625, 0.51171875, 2.37109375, 9.7421875, 5.14453125, 2.90234375, 1.091796875, 2.640625, 6.05078125, 2.921875, 2.349609375, 9.2578125, 8.671875, 4.484375, 2.728515625, 11.6015625, 1.3046875, 5.18359375, 8.96875, 1.1337890625, 0.0145721435546875, 4.43359375, 4.34375, 4.59765625, 0.0011777877807617188, 5.671875, 3.259765625, 0.11846923828125, 0.783203125, 13.0703125, 0.0989990234375, 0.2098388671875, 1.1920928955078125e-07, 0.0001556873321533203, 0.00021719932556152344, 9.5367431640625e-07, 7.152557373046875e-06, 1.430511474609375e-06, 4.234375, 8.9453125, 0.5361328125, 0.59716796875, 2.2890625, 4.4609375, 1.9423828125, 0.326904296875, 4.76837158203125e-07, 9.417533874511719e-06, 5.4836273193359375e-06, 1.3113021850585938e-06, 1.6689300537109375e-06, -0.0, 7.30859375, 6.57421875, 3.986328125, 0.802734375, 2.84375, 7.653236389160156e-05, 0.0002963542938232422, 3.504753112792969e-05, 1.1920928955078125e-06, 1.0728836059570312e-06, 4.565715789794922e-05, 4.484375, 11.1171875, 1.345703125, 2.439453125, 10.0703125, 1.1806640625, 8.1484375, 5.78515625, 6.203125, 5.42578125, 1.1357421875, 1.947265625, 7.00390625, 4.37890625, 0.0716552734375, 4.32421875, 6.90625, 1.447265625, 4.76837158203125e-06, 0.0001093149185180664, 1.3113021850585938e-06, -0.0, -0.0, -0.0, 8.796875, 1.5048828125, 0.25537109375, 0.96337890625, 4.410743713378906e-06, 7.843971252441406e-05, 4.172325134277344e-06, 4.76837158203125e-07, 1.1920928955078125e-07, 2.2649765014648438e-06, 4.52734375, 6.86328125, 1.94140625, 0.95703125, 4.546875, 2.935546875, 1.9599609375, 6.22265625, 0.1583251953125, 6.78515625, 5.8125, 0.06109619140625, 1.755859375, 2.541015625, 7.08203125, 2.072265625, 2.666015625, 2.263671875, 5.84375, 1.3896484375, 6.65625, 8.28125, 0.00841522216796875, 7.2109375, 5.59375, 2.037109375, 11.078125, 0.208740234375, 7.484375, 11.265625, 1.15625, 8.344650268554688e-07, 8.213520050048828e-05, 2.7418136596679688e-06, 4.76837158203125e-07, -0.0, -0.0, 6.50390625, 3.939453125, 0.1259765625, 1.1591796875, 5.960464477539062e-07, 0.0012874603271484375, 1.430511474609375e-06, 2.384185791015625e-07, 1.1920928955078125e-07, 2.2649765014648438e-06, 3.1328125, 8.65625, 0.212646484375, 0.09136962890625, 0.53076171875, 3.337890625, 4.31640625, 6.04296875, 7.70703125, 7.74609375, 7.94140625, 9.6953125, 0.52880859375, 6.96875, 5.08984375, 7.4375, 7.78125, 0.0263519287109375, 2.638671875, 3.423828125, 4.484375, 4.62890625, 8.0625, 0.061614990234375, 8.3046875, 5.35546875, 2.234375, 5.33203125, 0.01103973388671875, 1.5771484375, 8.3203125, 2.9375, 0.2568359375, 2.7109375, 3.986328125, 1.00390625, 2.76953125, 2.68359375, 0.388916015625, 5.17578125, 1.2099609375, 13.4375, 4.421875, 1.6591796875, 3.359375]",-0.472742129976933
261,0,test,3.3737255701139652,1.4487708154095869,1.9658707526340289,5.9370954885829095,2.549552562411969,3.459547059782433,29.187063203132443,22.332224693444577,25.099884953332182,51.36350828394386,39.3003365928755,44.17087597179536,3.609828579964949,1.6036360580235565,2.2032422000078298,5.511188671702213,2.448299325226804,3.3637285496302747,36.959716635842824,29.52476167671874,32.8777194296873,56.427048298996674,45.07597202552479,50.19499149570581,3.6235046522274463,1.5605721111714965,2.1906306480045212,5.813109067744566,2.5035916222002617,3.5143807187238307,37.468652581363855,29.599640372576463,33.27792651595249,60.11013783106501,47.486054073652085,53.3870478865548,0.6934673366834171,-0.0015326633165829717,-0.006532663316582865,0.5979899497487438,-0.012010050251256232,-0.007010050251256228,0.507537688442211,0.012537688442211037,0.002537688442211028,0.4273743016759777,0.11217207015575448,0.17224233686659352,0.42577030812324934,0.457286432160804,0.12896563015579143,0.21020796805395925,0.4747474747474747,0.4581939799331104,0.1393292053087365,0.21236528137916155,0.4664429530201343,18.0,0.0,0.0,30.0,-1.0,-1.0,38.0,1.0,1.0,0.00019359405354811947,0.0001447225363483889,-7.03856259700567e-05,-0.007127101443470174,-0.009879495593834164,-0.008263991318263386,"[2.88671875, 2.212890625, 0.2330322265625, 0.0401611328125, 3.814697265625e-05, 1.2705078125, 0.01294708251953125, 0.01422119140625, 4.5859375, 7.390625, 1.9423828125, 7.84765625, 0.373291015625, 2.37890625, 10.359375, 5.21484375, 0.8564453125, 3.408203125, 3.595703125, 3.947265625, 11.84375, 7.875, 6.7890625, 0.4990234375, 0.001628875732421875, 0.58544921875, 0.0023288726806640625, 10.2421875, 3.671875, 7.3046875, 4.1328125, 0.6298828125, 0.379150390625, 0.5859375, 10.4609375, 16.75, 2.712890625, 11.875, 0.72119140625, 4.609375, 0.07513427734375, 0.8212890625, 1.529296875, 3.0546875, 0.270751953125, 6.90625, 5.03125, 2.04296875, 6.51171875, 5.81640625, 9.984375, 2.87109375, 2.255859375, 2.798828125, 0.66845703125, 3.390625, 4.93359375, 3.41796875, 3.0625, 3.443359375, 5.15625, 0.11651611328125, 0.340576171875, 3.3671875, 1.330078125, 6.19140625, 6.18359375, 0.0026702880859375, 5.6875, 4.21875, 0.89990234375, 4.21484375, 0.53271484375, 0.00018537044525146484, 5.546875, 6.1015625, 0.0004239082336425781, 3.9453125, 8.75, 0.448486328125, 2.91015625, 9.0, 1.0107421875, 5.0078125, 9.2421875, 4.9609375, 0.03485107421875, 1.7734375, 5.50390625, 0.386474609375, 3.142578125, 2.626953125, 1.1201171875, 0.265380859375, 2.8203125, 2.04296875, 4.37109375, 5.22265625, 0.8994140625, 6.2265625, 7.81640625, 5.21875, 0.10638427734375, 1.576171875, 3.7421875, 1.1826171875, 6.04296875, 6.21484375, 2.015625, 0.62548828125, 5.44921875, 4.72265625, 6.796875, 2.51953125, 5.375, 1.0087890625, 7.76171875, 0.72802734375, 0.048492431640625, 0.77734375, 0.0046539306640625, 4.410743713378906e-05, 0.00011241436004638672, 2.4199485778808594e-05, 8.344650268554688e-07, 9.1328125, 6.44140625, 0.3896484375, 4.65625, 1.9482421875, 0.10565185546875, 5.73046875, 8.8359375, 1.49609375, 1.8759765625, 0.0340576171875, 0.98974609375, 0.46240234375, 1.171875, 1.7763671875, 2.3828125, 5.3046875, 4.140625, 6.296875, 0.26513671875, 0.01331329345703125, 2.134765625, 0.167724609375, 5.07421875, 4.140625, 3.8515625, 3.787109375, 7.0625, 1.3701171875, 0.66552734375, 2.103515625, 0.0003027915954589844, 4.53125, 5.28125, 0.81787109375, 7.4140625, 1.0068359375, 2.099609375, 0.0231475830078125, 1.3779296875, 8.9765625, 2.09375, 4.1171875, 0.080810546875, 6.27734375, 3.919921875, 0.1712646484375, 8.28125, 6.30078125, 3.654296875, 8.484375, 0.509765625, 1.0302734375, 7.75390625, 9.5, 4.953125, 11.328125, 2.29296875, 0.30078125, 5.74609375, 9.234375, 5.69140625, 6.65234375, 0.071533203125, 6.03125, 2.04296875, 0.07806396484375, 3.91015625, 7.13671875, 6.703125, 2.044921875, 10.2890625, 6.34375, 2.80859375, 3.931640625, 4.2890625, 3.078125, 3.041015625, 0.0113983154296875, 0.00727081298828125, 0.33056640625, 5.203125, 6.69140625, 3.15234375, 7.62890625, 3.880859375, 0.374267578125, 0.0005273818969726562, 0.00023603439331054688, 6.99758529663086e-05, 1.1324882507324219e-05, 7.62939453125e-06, 8.2421875, 4.171875, 1.7978515625, 0.84375, 7.6953125, 2.158203125, 0.01125335693359375, 6.0703125, 6.71484375, 1.8525390625, 6.58203125, 3.3984375, 1.1171875, 8.6640625, 15.5703125, 3.193359375, 2.13671875, 1.0728836059570312e-06, 0.0002143383026123047, 4.649162292480469e-05, 3.4570693969726562e-06, -0.0, 8.5390625, 2.380859375, 0.48681640625, 0.441162109375, 1.3447265625, 0.036773681640625, 12.109375, 2.80078125, 3.337890625, 0.63427734375, 7.93359375, 6.21484375, 1.3232421875, 9.03125, 5.59765625, 0.81201171875, 8.8046875, 0.80712890625, 5.06640625, 4.94140625, 5.0703125, 9.328125, 1.0673828125, 10.234375, 0.0675048828125, 0.29833984375, 9.6171875, 4.62890625, 0.390869140625, 10.40625, 4.62109375, 10.125, 2.689453125, 7.1015625, 2.896484375, 1.7421875, 0.5244140625, 2.451171875, 4.3203125, 2.955078125, 1.7509765625, 1.2431640625, 1.9306640625, 0.10833740234375, 2.173828125, 9.1171875, 0.236083984375, 4.921875, 10.1015625, 0.02197265625, 4.22265625, 0.5146484375, 0.9853515625, 5.69140625, 5.4609375, 4.57421875, 8.6796875, 0.024932861328125, 6.3984375, 1.634765625, -0.0, 2.9206275939941406e-05, 1.609325408935547e-05, 7.3909759521484375e-06, -0.0, 6.546875, 5.44140625, 1.0419921875, 1.41796875, 0.1385498046875, -0.0, 0.00020813941955566406, 0.00027179718017578125, 7.3909759521484375e-06, 3.5762786865234375e-07, 7.66796875, 0.3369140625, 2.162109375, 0.14306640625, -0.0, 0.00010323524475097656, 0.00010251998901367188, 3.337860107421875e-06, 2.7418136596679688e-06, 7.1640625, 4.21484375, 0.10748291015625, 2.201171875, 0.1802978515625, -0.0, 5.519390106201172e-05, 0.0002665519714355469, 3.4570693969726562e-06, 9.5367431640625e-07, 8.8515625, 6.06640625, 0.444091796875, 0.376708984375, 4.57421875, 0.26708984375, 7.12890625, 2.51953125, 0.267822265625, 0.427490234375, 8.78125, 0.0165557861328125, 0.1815185546875, 6.75, 4.8671875, 3.091796875, 7.30078125, 0.0845947265625, 10.890625, 0.1964111328125, 0.9072265625, 5.40234375, 8.359375, 2.49609375, 2.326171875]",-0.8092711797639645
100,0,test,3.4242606919707983,1.5890334118013367,2.1729632054113983,5.87312591410749,2.725433063877444,3.7269611341298527,30.699939747552882,24.433381499537887,27.205065177798755,52.65504817307555,41.90695129920741,46.66080875949726,3.2473066607911383,1.4681303673319845,2.0416850823325845,5.154455017128791,2.330365662431722,3.240769971956484,25.720971242104255,19.795997273902163,22.382137461744204,40.82693847953056,31.422217895082795,35.52720232022889,3.4242606919707983,1.5890334118013367,2.1729632054113983,5.87312591410749,2.725433063877444,3.7269611341298527,30.699939747552882,24.433381499537887,27.205065177798755,52.65504817307555,41.90695129920741,46.66080875949726,0.6834170854271358,-0.016582914572864205,-0.02158291457286432,0.5477386934673367,-0.002261306532663321,-0.007261306532663214,0.457286432160804,0.007286432160804046,0.0022864321608040417,0.4113475177304965,0.1069227389694345,0.1696022347116286,0.4270462633451957,0.42211055276381915,0.11383987607208979,0.18337933406598939,0.4191919191919192,0.4113475177304965,0.1069227389694345,0.1696022347116286,0.4270462633451957,18.0,1.0,1.0,31.0,4.0,4.0,40.0,4.0,2.0,-0.0006248268875439388,-0.00016559843097493479,-1.7932976262415344e-05,-0.00026647385093347964,0.00016949575638847136,1.9271695109068787e-05,"[1.4140625, 5.92578125, 0.01324462890625, 5.6171875, 3.36328125, 2.14453125, 13.09375, 6.6640625, 1.845703125, 0.9384765625, 5.09765625, 1.1796875, 1.462890625, 0.80810546875, 2.201171875, 9.8125, 0.352294921875, 3.333984375, 0.275146484375, 0.08245849609375, 0.5498046875, 0.4306640625, 3.326171875, 7.5859375, 1.84375, 4.15234375, 7.96875, 4.5859375, 0.91455078125, 9.015625, 4.51953125, 0.1123046875, 4.5625, 7.7265625, 2.44921875, 3.01171875, 3.8828125, 0.045196533203125, 2.236328125, 4.51171875, 0.0290985107421875, 6.5703125, 8.8359375, 3.23046875, 5.89453125, 0.572265625, 0.8095703125, 4.58984375, 0.0863037109375, 3.177734375, 0.0057220458984375, 5.50390625, 2.728515625, 0.75146484375, 1.5439453125, 5.61328125, 0.12286376953125, 0.10699462890625, 0.468017578125, 0.007343292236328125, 0.10748291015625, 10.7578125, 4.06640625, 1.6748046875, 3.12109375, 6.921875, 0.2685546875, 1.822265625, 1.3154296875, 0.0390625, 4.91015625, 4.5546875, 6.375, 0.0267486572265625, 13.984375, 3.244140625, 0.354736328125, 4.2421875, 0.153564453125, 2.482421875, 3.369140625, 4.30859375, 5.36328125, 6.3359375, 1.173828125, 4.2421875, 0.000995635986328125, 0.8037109375, 9.0390625, 6.17578125, 8.734375, 0.9990234375, 0.8046875, 0.18701171875, 1.482421875, 2.642578125, 6.97265625, 0.01031494140625, 0.499267578125, 0.91064453125, 9.15625, 0.0274658203125, 0.8681640625, 0.8115234375, 0.050537109375, 0.50830078125, 0.007198333740234375, 0.185302734375, 0.2264404296875, 0.084228515625, 7.9296875, 1.16796875, 0.0019102096557617188, 1.6884765625, 2.0859375, 9.0625, 5.62109375, 3.12890625, 9.0234375, 4.84375, 2.6484375, 9.796875, 3.060546875, 3.68359375, 10.1015625, 4.3671875, 2.65625, 0.78955078125, 5.0703125, 5.85546875, 6.546875, 0.81787109375, 5.85546875, 1.791015625, 1.6982421875, 8.90625, 0.0718994140625, 2.01953125, 4.69921875, 3.26171875, 2.298828125, 2.326171875, 1.458984375, 5.71875, 11.1328125, 0.740234375, 0.95361328125, 0.96240234375, 0.029815673828125, 3.76171875, 0.0831298828125, 0.25, 1.8037109375, 1.771484375, 5.4921875, 0.87744140625, 6.3671875, 5.7734375, 0.039398193359375, 3.046875, 4.23046875, 1.1953125, 0.31201171875, 3.69140625, 1.96875, 6.69140625, 7.99609375, 1.1171875, 4.23828125, 1.404296875, 0.061187744140625, 5.375, 6.12109375, 0.556640625, 4.375, 6.69140625, 4.92578125, 3.255859375, 2.4765625, 3.572265625, 1.2666015625, 2.630859375, 7.20703125, 0.127685546875, 7.43359375, 6.10546875, 0.005733489990234375, 1.646484375, 4.1328125, 2.033203125, 8.8125, 0.31396484375, 6.77734375, 2.59375, 2.361328125, 6.2734375, 0.53515625, 0.004299163818359375, 0.3408203125, 2.001953125, 2.7734375, 5.078125, 10.140625, 0.74951171875, 5.671875, 0.2568359375, 7.3671875, 1.90625, 4.51171875, 0.00015485286712646484, 0.35888671875, 0.67431640625, 3.6953125, 4.19921875, 2.658203125, 7.80078125, 1.5703125, 2.34375, 0.332275390625, 7.5, 1.6962890625, 3.626953125, 0.779296875, 5.0390625, 0.09490966796875, 5.21875, 7.0078125, 1.15625, 2.552734375, 7.390625, 5.09375, 3.0859375, 4.28515625, 9.3125, 7.55859375, 5.56640625, 2.96875, 4.53515625, 0.0009784698486328125, 1.8408203125, 5.16015625, 0.00815582275390625, 6.07421875, 0.13525390625, 1.0625, 0.002162933349609375, 12.9296875, 0.0230712890625, 0.1114501953125, 7.75390625, 0.1893310546875, 7.7578125, 0.2685546875, 2.693359375, 0.01355743408203125, 17.015625, 0.497802734375, 0.01015472412109375, 2.931640625, 6.84765625, 0.32421875, 1.78125, 1.8779296875, 0.0022869110107421875, 9.296875, 4.1484375, 13.515625, 0.1998291015625, 5.16796875, 1.326171875, 6.75, 3.984375, 2.35546875, 10.546875, 2.2265625, 6.51953125, 1.365234375, 4.1015625, 12.3359375, 0.83984375, 0.31689453125, 4.6640625]",-0.9940423208771021
164,0,test,3.7289300434780817,1.6910520768978037,2.312514389138245,5.9968173213828795,2.719528193841497,3.7189558889650134,41.634537179181514,33.96023040677614,37.51221906445231,66.95612704254337,54.61440562493239,60.32666808610752,3.6252223325135122,1.5524621822661628,2.170457478978718,5.492761109868957,2.3522154276760037,3.288571937846542,37.53306705314496,29.586340017660824,33.24959095024148,56.868283413856,44.8277879055467,50.378168106426486,3.7171530941106976,1.6811692098412752,2.2990602468062606,5.97787778292656,2.703634694189185,3.697319110360946,41.14708532476934,33.48730056378565,37.01784748586601,66.17221324158812,53.853845935912595,59.53162607376112,0.7939698492462312,0.00896984924623112,0.013969849246231125,0.6180904522613065,-0.0019095477386934512,0.008090452261306558,0.507537688442211,0.002537688442211028,0.007537688442211032,0.43795620437956206,0.1082658582957734,0.16853872865140673,0.46153846153846156,0.4321608040201005,0.10133373635092757,0.14835446011358966,0.46464646464646464,0.43430656934306566,0.10643771688404924,0.16488909361491033,0.46153846153846156,21.0,4.0,4.0,35.0,1.0,3.0,42.0,1.0,2.0,0.00020153469639207453,-0.00036409442057467424,-0.00011809058610792585,-0.000211034476049754,0.00020048395678795572,4.730815085896012e-05,"[2.88671875, 3.212890625, 3.29296875, 0.99072265625, 0.0005474090576171875, 1.1279296875, 0.013153076171875, 0.032867431640625, 5.80859375, 5.1796875, 3.134765625, 1.083984375, 1.4560546875, 6.61328125, 5.70703125, 3.025390625, 2.318359375, 3.75390625, 0.05145263671875, 4.46875, 5.15234375, 1.5703125, 1.12109375, 2.58984375, 0.1888427734375, 6.234375, 1.7109375, 5.82421875, 9.4609375, 1.7158203125, 2.328125, 5.0546875, 1.935546875, 1.19140625, 7.26953125, 4.58203125, 5.66796875, 0.2587890625, 0.187255859375, 0.07513427734375, 4.16015625, 0.7451171875, 1.546875, 6.31640625, 0.058074951171875, 10.2265625, 5.93359375, 5.51953125, 1.6142578125, 1.6484375, 1.94921875, 2.17578125, 6.66796875, 4.48046875, 7.37109375, 3.431640625, 0.138427734375, 2.44140625, 2.30859375, 0.0003440380096435547, 0.488037109375, 0.10595703125, 2.158203125, 0.0007596015930175781, 8.03125, 0.236328125, 5.16796875, 1.08984375, 5.32421875, 9.9609375, 1.1298828125, 2.62890625, 12.375, 3.943359375, 8.8828125, 8.609375, 4.05859375, 11.5625, 3.94921875, 3.23046875, 2.931640625, 0.7060546875, 5.37890625, 3.1953125, 0.00530242919921875, 4.4375, 2.466796875, 12.828125, 0.85546875, 0.11102294921875, 9.0078125, 2.521484375, 8.515625, 5.96875, 1.8564453125, 1.41796875, 7.74609375, 1.30078125, 5.78515625, 13.5390625, 3.560546875, 8.9453125, 3.05859375, 4.96875, 0.08209228515625, 7.4296875, 1.0439453125, 4.67578125, 0.76708984375, 3.5234375, 1.0546875, 7.14453125, 6.1640625, 0.46533203125, 4.3515625, 1.873046875, 5.97265625, 9.5546875, 6.03515625, 0.50341796875, 7.26953125, 6.84765625, 0.51953125, 0.90673828125, 6.34375, 5.93359375, 6.41796875, 7.20703125, 1.2392578125, 8.078125, 0.0014066696166992188, 5.5, 4.9921875, 2.767578125, 5.109375, 4.0859375, 1.5478515625, 0.00022530555725097656, 0.0291900634765625, 3.095703125, 0.00010573863983154297, 0.0091705322265625, 0.06634521484375, 1.5615234375, 0.0004630088806152344, 5.19921875, 9.65625, 5.94140625, 3.4609375, 2.630859375, 4.28515625, 5.81640625, 1.8212890625, 4.49609375, 2.48828125, 1.658203125, 5.078125, 0.2412109375, 8.265625, 1.5947265625, 3.7421875, 3.208984375, 1.5390625, 1.3662109375, 0.0975341796875, 7.59765625, 0.77880859375, 4.25390625, 2.8203125, 6.87109375, 1.1669921875, 2.400390625, 3.33984375, 2.119140625, 3.810546875, 1.3330078125, 8.3515625, 13.796875, 1.6220703125, 7.06640625, 3.619140625, 0.76611328125, 5.1484375, 0.8857421875, 7.640625, 5.4375, 0.9091796875, 4.50390625, 1.0048828125, 0.09832763671875, 3.25, 7.09375, 0.0269622802734375, 4.50390625, 2.392578125, 0.84716796875, 4.3203125, 1.6181640625, 2.328125, 4.875, 0.82275390625, 4.20703125, 2.841796875, 4.796875, 1.634765625, 0.00013315677642822266, 0.9091796875, 0.38818359375, 7.34765625, 0.21240234375, 0.705078125, 3.064453125, 13.1484375, 1.2431640625, 8.2734375, 3.5390625, 3.689453125, 6.671875, 6.76171875, 4.234375, 1.8818359375, 6.08984375, 0.44140625, 3.02734375, 1.3701171875, 12.4609375, 1.080078125, 10.2109375, 0.724609375, 3.783203125, 4.59375, 8.25, 0.8095703125, 7.796875, 5.6171875, 0.128173828125, 3.244140625, 4.78125, 9.8359375, 6.48828125, 0.152099609375, 9.8203125, 6.640625, 1.9072265625, 11.4453125, 1.12109375, 4.72265625, 5.80078125, 1.33203125, 5.921875, 0.058013916015625, 9.15625, 0.79248046875, 6.484375, 5.75390625, 0.9560546875, 8.609375, 3.951171875, 1.9853515625, 2.8046875, 1.451171875, 2.787109375, 5.87109375, 2.0078125, 0.1292724609375, 1.61328125, 4.765625, 0.43408203125, 0.77099609375, 3.509765625, 8.0625, 0.4345703125, 0.55322265625, 0.4013671875]",-0.8281054026889105
208,0,test,3.720820811264303,1.679079009529246,2.2903700757057353,5.971687721782215,2.6948181634419996,3.6759025906388345,41.29827829246728,33.5942619041988,37.11769518768831,66.28118738297218,53.91671663636845,59.57160956048742,3.6826522098713785,1.6090582468401848,2.252146155390907,5.579776075562695,2.4379670406669467,3.4123426596831927,39.75168419432712,31.798328313026936,35.570869817801075,60.22982453685927,48.17928532276808,53.8952572996986,3.720820811264303,1.679079009529246,2.2903700757057353,5.971687721782215,2.6948181634419996,3.6759025906388345,41.29827829246728,33.5942619041988,37.11769518768831,66.28118738297218,53.91671663636845,59.57160956048742,0.7386934673366834,-0.0013065326633165952,0.003693467336683409,0.5979899497487438,-0.0020100502512562235,0.002989949748743781,0.5175879396984925,-0.007412060301507539,0.0025879396984924696,0.444015444015444,0.11583011583011582,0.1853281853281853,0.4612403100775194,0.457286432160804,0.13819095477386933,0.20268006700167507,0.4545454545454546,0.444015444015444,0.11583011583011582,0.1853281853281853,0.4612403100775194,25.0,14.0,13.0,35.0,14.0,14.0,45.0,16.0,17.0,-0.000274518858919904,4.8875405491165224e-05,0.00023113404113732182,-0.00010708564814265742,-0.00016179463533028127,9.987650539144965e-05,"[7.03125, 1.359375, 1.5029296875, 0.00634765625, 0.041778564453125, 3.087890625, 1.7939453125, 3.87109375, 2.2578125, 0.07879638671875, 9.640625, 3.333984375, 4.37890625, 3.9609375, 7.87890625, 0.185302734375, 8.375, 0.5078125, 3.84375, 2.36328125, 3.0859375, 3.849609375, 0.931640625, 5.46875, 3.81640625, 0.04876708984375, 0.2203369140625, 3.802734375, 6.2109375, 8.8984375, 4.59375, 0.7900390625, 0.2783203125, 0.291015625, 0.7568359375, 8.6875, 0.014007568359375, 4.28125, 5.09765625, 7.41796875, 1.3037109375, 3.671875, 0.3193359375, 2.14453125, 0.1346435546875, 1.306640625, 1.3134765625, 11.0078125, 4.3828125, 6.5625, 0.431396484375, 2.96484375, 5.87890625, 2.4296875, 1.1484375, 0.740234375, 0.880859375, 1.3603515625, 4.36328125, 10.1015625, 4.67578125, 1.4091796875, 0.247802734375, 0.05010986328125, 0.5185546875, 1.82421875, 12.8359375, 8.2421875, 7.859375, 3.28125, 4.34375, 0.08380126953125, 4.609375, 3.09375, 4.8125, 9.984375, 7.73046875, 5.67578125, 7.90234375, 5.71484375, 11.4609375, 8.1484375, 1.205078125, 3.197265625, 7.046875, 0.8056640625, 2.361328125, 0.35205078125, 4.875, 1.255859375, 7.01171875, 3.662109375, 3.484375, 10.8515625, 7.4140625, 1.654296875, 11.625, 6.98046875, 7.81640625, 4.0234375, 1.3623046875, 5.875, 9.1953125, 3.16015625, 0.6064453125, 1.177734375, 7.23046875, 0.89013671875, 8.984375, 5.34765625, 0.01194000244140625, 6.78125, 6.8359375, 0.69970703125, 5.953125, 10.6015625, 5.3203125, 7.4296875, 0.043243408203125, 0.833984375, 5.08203125, 1.3701171875, 7.546875, 6.2109375, 1.478515625, 1.806640625, 2.48046875, 7.23828125, 0.12103271484375, 0.6240234375, 4.078125, 0.06378173828125, 2.8046875, 5.8984375, 1.3212890625, 8.0546875, 0.1602783203125, 3.708984375, 0.14111328125, 0.646484375, 1.5146484375, 0.003894805908203125, 8.1640625, 1.69921875, 4.59765625, 4.6640625, 2.50390625, 6.5, 0.12646484375, 5.13671875, 8.046875, 2.642578125, 6.8203125, 0.01352691650390625, 1.462890625, 4.9453125, 0.03851318359375, 3.294921875, 5.859375, 2.990234375, 0.01505279541015625, 0.06475830078125, 0.873046875, 0.66650390625, 7.703125, 3.5390625, 10.7734375, 1.6865234375, 1.361328125, 1.49609375, 1.5732421875, 1.599609375, 7.14453125, 0.412353515625, 2.05078125, 3.65234375, 4.4296875, 3.4453125, 2.060546875, 0.876953125, 6.3515625, 5.24609375, 0.1253662109375, 2.279296875, 0.31982421875, 8.109375, 2.126953125, 3.794921875, 4.14453125, 0.0555419921875, 0.0015974044799804688, 0.425048828125, 5.3515625, 1.2744140625, 3.021484375, 0.158203125, 4.84375, 9.484375, 7.21484375, 1.2724609375, 0.305908203125, 6.51953125, 2.515625, 1.1083984375, 0.1746826171875, 3.30078125, 4.68359375, 0.329345703125, 3.85546875, 2.697265625, 3.076171875, 1.365234375, 0.71728515625, 5.046875, 1.123046875, 6.1171875, 2.21484375, 0.004016876220703125, 0.248291015625, 2.462890625, 0.00013577938079833984, 0.0322265625, 0.56494140625, 5.44921875, 5.359375, 9.1796875, 5.484375, 1.9033203125, 0.19140625, 1.4453125, 1.3779296875, 0.120361328125, 6.796875, 9.7265625, 2.92578125, 7.4296875, 0.216552734375, 4.42578125, 6.56640625, 3.697265625, 8.7265625, 8.2109375, 0.07806396484375, 6.9375, 2.484375, 3.923828125, 0.76025390625, 7.625, 2.076171875, 8.4140625, 9.9921875, 3.94140625, 3.70703125, 1.3291015625, 5.81640625, 7.40234375, 11.609375, 7.69140625, 4.36328125]",-0.8340517015530797
324,0,test,4.208675859109411,2.0073073024761277,2.7220128800013828,6.433952750132777,3.068642198038218,4.161238080921654,67.26740928521478,58.23003608814654,62.84509576901428,102.8340854590065,89.01833103130447,96.07353721010229,4.25954906305476,1.942632829141119,2.696959927144446,5.916040365353834,2.6981011515848876,3.7457776765895083,70.77805981496039,60.63371657455022,66.00690137039494,98.30286085411166,84.21349524243088,91.67625190332632,4.208675859109411,2.0073073024761277,2.7220128800013828,6.433952750132777,3.068642198038218,4.161238080921654,67.26740928521478,58.23003608814654,62.84509576901428,102.8340854590065,89.01833103130447,96.07353721010229,0.7989949748743719,-0.011005025125628176,0.013994974874371846,0.6482412060301508,-0.01675879396984925,-0.02675879396984926,0.5728643216080402,0.0028643216080401768,0.0028643216080401768,0.46037735849056605,0.12892726432860746,0.20567221419947446,0.44318181818181823,0.44221105527638194,0.11639651893552982,0.1767686512697041,0.4242424242424242,0.46037735849056605,0.12892726432860746,0.20567221419947446,0.44318181818181823,23.0,5.0,5.0,32.0,3.0,0.0,42.0,1.0,2.0,5.227588901319142e-05,0.00035980143476197396,0.0001269070981614469,-0.0001486651793047855,0.00023534568223659846,7.884916357880911e-05,"[2.310546875, 2.306640625, 7.03125, 0.268798828125, 8.4296875, 0.08673095703125, 7.63671875, 2.96484375, 0.7119140625, 2.234375, 3.091796875, 3.1015625, 1.2373046875, 4.5859375, 6.9140625, 9.5703125, 6.6484375, 2.35546875, 7.12890625, 5.81640625, 2.5546875, 7.25390625, 4.6328125, 4.9765625, 4.73046875, 6.22265625, 15.96875, 0.90087890625, 3.732421875, 6.8515625, 4.12890625, 1.0146484375, 5.140625, 4.44921875, 6.92578125, 1.845703125, 5.0859375, 11.09375, 9.453125, 2.65625, 5.98828125, 7.81640625, 1.560546875, 2.6171875, 1.5576171875, 8.5859375, 8.828125, 0.95166015625, 7.98046875, 0.7177734375, 2.353515625, 7.56640625, 1.9853515625, 0.88037109375, 8.078125, 1.0478515625, 3.203125, 2.06640625, 3.06640625, 0.38037109375, 10.359375, 7.6796875, 1.166015625, 4.15234375, 8.609375, 1.66015625, 10.4765625, 0.0031070709228515625, 12.5, 0.37841796875, 5.90625, 4.62890625, 3.5234375, 2.439453125, 8.4609375, 0.0054473876953125, 6.5625, 5.75390625, 1.0830078125, 8.203125, 4.0390625, 9.34375, 3.0234375, 11.5234375, 2.357421875, 1.19140625, 2.126953125, 8.078125, 5.6015625, 0.74951171875, 0.050872802734375, 5.9921875, 2.140625, 4.5625, 1.7333984375, 1.326171875, 5.109375, 3.48828125, 0.494873046875, 3.40234375, 7.7734375, 9.234375, 0.7109375, 4.234375, 3.357421875, 1.0908203125, 1.9404296875, 8.421875, 4.30078125, 0.320068359375, 10.9140625, 5.3046875, 0.767578125, 6.1015625, 8.5546875, 0.0251922607421875, 0.010284423828125, 4.20703125, 1.8974609375, 7.9296875, 2.939453125, 6.9765625, 3.4765625, 5.90625, 8.203125, 6.26953125, 13.3359375, 1.529296875, 6.3203125, 0.9375, 5.07421875, 1.3349609375, 0.40771484375, 0.023101806640625, 9.298324584960938e-06, 1.9073486328125e-06, 0.0014085769653320312, 2.9802322387695312e-06, 0.0027141571044921875, 0.0799560546875, 5.43359375, 0.00620269775390625, 7.76953125, 0.001117706298828125, 6.60546875, 2.015625, 9.625, 2.32421875, 4.3046875, 8.9921875, 6.25390625, 9.453125, 4.9765625, 6.16015625, 3.580078125, 4.0703125, 0.006618499755859375, 3.5703125, 1.24609375, 1.80078125, 4.828125, 0.21435546875, 10.453125, 3.44921875, 4.85546875, 6.62109375, 1.1904296875, 3.234375, 0.94287109375, 10.3203125, 1.923828125, 1.3994140625, 2.505859375, 10.34375, 7.6953125, 5.43359375, 0.30078125, 3.251953125, 3.2734375, 1.521484375, 4.98046875, 1.5166015625, 0.0009250640869140625, 8.171875, 0.9228515625, 0.99853515625, 11.75, 5.69140625, 3.291015625, 0.09600830078125, 9.2890625, 1.275390625, 9.2265625, 0.62060546875, 1.8935546875, 8.8515625, 6.47265625, 0.42236328125, 5.04296875, 8.90625, 0.658203125, 5.8671875, 8.7109375, 1.5029296875, 1.8779296875, 7.140625, 0.057464599609375, 0.74755859375, 6.23828125, 5.16796875, 6.578125, 2.232421875, 7.88671875, 4.15625, 1.16015625, 5.8359375, 7.1484375, 6.9765625, 0.2103271484375, 5.6171875, 1.5029296875, 0.0224456787109375, 0.0021076202392578125, 0.49072265625, 1.751953125, 3.9609375, 7.6015625, 1.4052734375, 3.345703125, 0.0107574462890625, 3.50390625, 6.0078125, 6.265625, 5.57421875, 0.12158203125, 3.818359375, 2.1484375, 5.921875, 3.4921875, 5.7734375, 8.46875, 7.265625, 4.99609375, 0.76220703125, 0.3134765625, 2.02734375, 5.28515625, 5.07421875, 3.78125, 4.375, 0.2117919921875, 4.02734375, 7.19140625, 1.296875, 2.51171875, 8.84375, 3.8203125, 6.328125, 0.97607421875, 0.03167724609375, 7.375, 0.0078582763671875, 6.671875, 8.25, 4.453125]",-1.1237978957734018
294,0,test,3.2679536847302515,1.4850970301305353,2.0335281172780615,6.1135187979647565,2.778242743441478,3.804219267016782,26.25755309837608,20.310732909891495,22.821149127027933,49.1212728030845,37.99626904911674,42.692625917909396,3.3277879863528153,1.4648807888116524,2.034359274374075,5.546313310588026,2.4414679813527544,3.3905987906234585,27.87661001095325,21.434170995390357,24.231346298355476,46.461016684922086,35.7236183256506,40.385577163925795,3.2679536847302515,1.4850970301305353,2.0335281172780615,6.1135187979647565,2.778242743441478,3.804219267016782,26.25755309837608,20.310732909891495,22.821149127027933,49.1212728030845,37.99626904911674,42.692625917909396,0.6984924623115578,-0.006507537688442255,-0.021507537688442158,0.5577889447236181,0.012788944723618134,-0.012211055276381999,0.457286432160804,0.007286432160804046,0.0022864321608040417,0.4124087591240876,0.1045763365375666,0.16119516689107782,0.3626373626373627,0.4371859296482412,0.1213964559640307,0.17508242380516947,0.3535353535353535,0.4124087591240876,0.1045763365375666,0.16119516689107782,0.3626373626373627,22.0,1.0,1.0,37.0,3.0,3.0,46.0,4.0,4.0,3.150869157382562e-05,0.0006613365645842993,0.0001909789709529547,-0.004878665664499238,-0.005037387376833458,-0.004136670358610317,"[2.494140625, 8.0, 2.07421875, 9.4765625, 1.779296875, 5.8046875, 3.63671875, 5.15234375, 0.94091796875, 7.75, 8.4375, 6.15625, 4.87890625, 4.97265625, 0.34912109375, 1.974609375, 11.390625, 5.4921875, 0.71044921875, 0.1431884765625, 0.88427734375, 3.095703125, 4.29296875, 4.90625, 9.9375, 1.716796875, 4.28515625, 0.998046875, 9.9296875, 3.63671875, 7.078125, 1.826171875, 9.203125, 3.69140625, 0.031585693359375, 0.1563720703125, 12.3515625, 1.4853515625, 11.125, 9.3984375, 1.76171875, 1.2177734375, 5.40625, 0.3896484375, 1.1650390625, 6.4296875, 10.359375, 1.9091796875, 1.42578125, 2.2421875, 5.95703125, 0.580078125, 2.08984375, 1.03125, 6.10546875, 3.87890625, 0.525390625, 3.427734375, 0.00861358642578125, 5.5078125, 7.69140625, 5.53125, 0.99462890625, 3.658203125, 0.047271728515625, 5.296875, 6.9375, 3.4453125, 0.456787109375, 1.7490234375, 0.73291015625, 0.62451171875, 4.55078125, 5.2265625, 0.335205078125, 6.37890625, 2.068359375, 2.9609375, 3.171875, 2.40625, 2.369140625, 4.6171875, 0.10394287109375, 5.3828125, 0.95263671875, 1.65234375, 0.2015380859375, 2.1640625, 8.5078125, 0.225341796875, 8.0234375, 0.282470703125, 0.175537109375, 0.70703125, 0.05267333984375, 0.486572265625, 0.99609375, 3.6328125, 4.4453125, 5.5703125, 3.287109375, 6.6171875, 1.55078125, 3.71875, 1.6005859375, 3.890625, 0.51806640625, 6.21484375, 0.4951171875, 0.155517578125, 2.310546875, 4.66796875, 5.23828125, 3.908203125, 5.05859375, 7.46484375, 4.3125, 0.41455078125, 0.89453125, 0.2357177734375, 3.912109375, 1.298828125, 6.0859375, 2.236328125, 9.125, 10.6875, 4.046875, 1.7529296875, 2.888671875, 1.0302734375, 3.1171875, 0.458740234375, 1.2216796875, 1.9697265625, 6.83203125, 2.98046875, 0.062225341796875, 0.0943603515625, 0.026153564453125, 0.465087890625, 8.71875, 1.259765625, 2.533203125, 5.234375, 2.603515625, 6.54296875, 9.53125, 1.419921875, 0.0797119140625, 0.8134765625, 2.744140625, 1.3447265625, 7.78125, 0.0013895034790039062, 5.83984375, 5.67578125, 4.93359375, 3.4375, 2.69140625, 1.3154296875, 1.9384765625, 5.07421875, 0.046722412109375, 0.096923828125, 0.054168701171875, 0.23193359375, 1.5263671875, 4.5546875, 3.212890625, 10.265625, 1.873046875, 0.456298828125, 0.98095703125, 1.2783203125, 0.720703125, 7.74609375, 6.4296875, 4.0234375, 4.69921875, 3.171875, 0.25341796875, 2.52734375, 0.8857421875, 2.08203125, 0.006114959716796875, 4.74609375, 1.0107421875, 5.6484375, 0.33154296875, 7.90625, 2.8359375, 0.373291015625, 1.462890625, 2.486328125, 0.017059326171875, 0.0498046875, 0.0221099853515625, 0.48681640625, 5.32421875, 6.3359375, 4.9453125, 8.8046875, 0.059539794921875, 2.947265625, 10.7109375, 0.8623046875, 1.8623046875, 6.640625, 7.03125, 0.88134765625, 4.8125, 0.93212890625, 0.07293701171875, 1.517578125, 2.1328125, 0.01209259033203125, 0.043609619140625, 0.021820068359375, 0.188720703125, 6.0546875, 6.0625, 0.1317138671875, 2.5703125, 7.28515625, 4.83203125, 4.90625, 1.4501953125, 4.2265625, 2.87890625, 0.51806640625, 6.4921875, 1.95703125, 0.033599853515625, 0.0194549560546875, 0.010986328125, 0.421142578125, 3.267578125, 2.4296875, 6.65625, 0.6572265625, 0.7724609375, 8.3203125, 7.046875, 0.10321044921875, 3.080078125, 0.29150390625, 1.9365234375, 2.56640625, 4.921875, 0.375732421875, 0.1650390625, 1.7001953125, 0.0016031265258789062, 7.28515625, 0.01538848876953125, 1.2626953125, 4.328125, 0.447998046875, 0.0168609619140625, 0.00972747802734375, 0.0217437744140625, 8.375, 6.67578125, 12.015625, 5.44140625, 0.62353515625, 3.09375, 6.78125, 2.474609375, 0.5478515625, 0.4296875, 7.5703125, 5.58203125, 5.3984375]",-0.5029541941454809
461,0,test,3.10723882247314,1.3332303153702771,1.8742584302662866,5.828267169836624,2.500748388152158,3.515558185584221,22.359221308363725,16.46478735968097,18.92777995617705,41.939330363710496,30.883103974090858,35.50295449407221,3.500880543910079,1.467188557149679,2.0861633062910707,5.739148432639475,2.4052271428683265,3.419939846378805,33.14462441017138,25.502374988524966,29.02930176716213,54.33544985273997,41.80717211233601,47.58901929042972,3.228530150990821,1.4123202181922856,1.9808468148633667,5.834693043959315,2.5523859364920827,3.5798436413193375,25.242526986631884,19.094016022812614,21.760260621615213,45.61902467463593,34.50725787255291,39.32577220773833,0.7236180904522613,-0.011381909547738656,-0.011381909547738656,0.6080402010050252,0.03804020100502514,0.02304020100502524,0.4974874371859297,0.0024874371859296973,0.007487437185929702,0.41993957703927487,0.1167721562247952,0.15863304437595827,0.3545454545454545,0.42713567839195976,0.10633367337942845,0.15668492713987292,0.36363636363636365,0.43143812709030105,0.10923445430232104,0.17003656980442783,0.3691275167785235,26.0,9.0,11.0,37.0,9.0,8.0,49.0,12.0,13.0,0.001338135197683051,2.0621720736852288e-05,0.0004747313552538448,-0.01361704971110278,-0.01538834482400997,-0.018228694607042684,"[10.53125, 4.21875, 10.40625, 6.71484375, 3.205078125, 0.77978515625, 6.7578125, 4.7578125, 5.83203125, 7.46484375, 0.0220489501953125, 1.841796875, 6.65234375, 6.4921875, 1.5087890625, 0.155029296875, 1.978515625, 10.171875, 9.40625, 0.2147216796875, 1.126953125, 7.3125, 1.7236328125, 8.8125, 2.251953125, 3.376953125, 0.1524658203125, 0.09423828125, 3.890625, 1.6533203125, 5.02734375, 4.43359375, 4.546875, 1.3359375, 1.3349609375, 4.90234375, 1.7216796875, 4.703125, 1.9560546875, 5.23828125, 3.625, 1.7705078125, 5.85546875, 6.95703125, 0.51708984375, 2.642578125, 0.6015625, 2.90234375, 3.62890625, 2.5390625, 0.611328125, 1.0166015625, 5.75, 6.16796875, 10.1953125, 6.7890625, 4.85546875, 3.20703125, 7.92578125, 6.14453125, 5.69140625, 1.349609375, 1.70703125, 0.75732421875, 0.1956787109375, 6.24609375, 3.740234375, 4.19140625, 7.89453125, 3.779296875, 0.042022705078125, 0.916015625, 0.912109375, 1.6748046875, 0.93798828125, 6.77734375, 2.88671875, 7.22265625, 0.1278076171875, 6.15625, 0.4560546875, 2.65234375, 4.7578125, 6.6015625, 0.0222320556640625, 0.1412353515625, 0.85986328125, 3.20703125, 4.2734375, 3.3125, 0.00946807861328125, 7.66796875, 6.1640625, 0.433837890625, 0.192626953125, 1.708984375, 3.933906555175781e-06, 0.5166015625, 0.43603515625, 1.6904296875, 3.94921875, 3.212890625, 0.176513671875, 7.625, 1.724609375, 1.2705078125, 3.958984375, 5.3046875, 2.541015625, 5.41796875, 6.98046875, 0.744140625, 6.15234375, 4.37890625, 11.3828125, 1.904296875, 8.8984375, 8.671875, 5.265625, 7.39453125, 0.4033203125, 6.48828125, 3.4453125, 2.47265625, 6.14453125, 0.1563720703125, 11.5390625, 3.05859375, 6.375, 3.58203125, 1.994140625, 4.15234375, 1.1298828125, 0.003688812255859375, 12.1640625, 2.3671875, 7.40625, 1.244140625, 7.55078125, 0.7861328125, 0.73779296875, 1.4560546875, 0.607421875, 3.541015625, 0.014373779296875, 1.5771484375, 0.002941131591796875, 0.1260986328125, 4.203125, 4.54296875, 0.02752685546875, 4.8671875, 0.00618743896484375, 0.1251220703125, 2.662109375, 3.701171875, 1.6962890625, 6.3828125, 6.37109375, 0.410888671875, 6.1796875, 6.3515625, 0.005893707275390625, 3.052734375, 2.015625, 8.8671875, 0.88427734375, 2.625, 6.0546875, 5.86328125, 1.603515625, 6.640625, 5.8203125, 2.015625, 6.07421875, 2.46875, 4.921875, 2.783203125, 0.463623046875, 2.017578125, 0.0021266937255859375, 0.040283203125, 0.2169189453125, 6.06640625, 0.0151824951171875, 1.31640625, 1.4208984375, 2.482421875, 0.000789642333984375, 2.30078125, 3.1171875, 0.005001068115234375, 8.5859375, 1.8642578125, 0.63037109375, 1.8994140625, 0.0721435546875, 0.29443359375, 0.0007567405700683594, 0.043487548828125, 0.245849609375, 1.3701171875, 0.0142364501953125, 0.6943359375, 0.239501953125, 1.0087890625, 3.111328125, 5.77734375, 0.46337890625, 12.65625, 3.6171875, 2.837890625, 5.48828125, 0.3359375, 2.8828125, 1.3232421875, 5.58984375, 1.26953125, 0.323974609375, 7.81640625, 0.12091064453125, 1.3544921875, 6.26953125, 0.0209197998046875, 0.0154266357421875, 4.0078125, 0.6259765625, 2.087890625, 1.251953125, 1.498046875, 2.83984375, 6.078125, 6.07421875, 0.195556640625, 9.3203125, 5.2421875, 0.024658203125, 0.0205841064453125, 0.13671875, 2.44921875, 0.73779296875, 4.515625, 2.72265625, 1.7841796875, 2.467632293701172e-05, 0.0626220703125, 1.3955078125, 9.965896606445312e-05, 0.0272369384765625, 1.388671875, 4.494190216064453e-05, 0.0233154296875, 0.8310546875, 4.887580871582031e-05, 0.00870513916015625, 0.447021484375, 2.611328125, 10.828125, 2.427734375, 0.5341796875, 3.3671875, 1.42578125, 3.46875, 5.56640625, 4.75390625, 0.57470703125, 6.171875, 9.203125, 4.9609375, 2.275390625, 5.2578125, 5.46875, 0.01465606689453125, 1.3193359375, 4.73046875, 1.0751953125, 7.4765625, 3.19921875, 3.650390625, 5.51953125, 4.51953125, 9.7109375, 2.296875, 0.1734619140625, 2.072265625, 0.08367919921875, 2.166015625, 4.04296875, 4.1953125, 0.0135345458984375, 5.0625, 1.169921875, 9.0625, 1.498046875, 0.73876953125, 6.9375, 0.03076171875, 2.1953125, 0.0274200439453125, 0.77783203125, 7.00390625, 0.2193603515625, 0.7216796875, 1.0341796875, 1.0251998901367188e-05, 1.439453125, 0.74755859375, 2.8133392333984375e-05, 0.00634002685546875, 0.78759765625, 5.3882598876953125e-05, 0.02496337890625, 0.78662109375, 2.47955322265625e-05, 0.01263427734375, 1.392578125, 4.124641418457031e-05, 0.013153076171875, 0.7470703125, 3.96484375, 6.9140625, 6.49609375, 9.9765625, 0.0196685791015625, 0.00585174560546875, 6.9140625, 5.0234375, 1.4150390625, 0.64697265625, 6.55859375, 6.0390625]",-0.4360060162414596
388,0,test,3.8793723111823484,1.7536055323757669,2.4061189826926035,6.32194006266753,2.8577275342419903,3.9210827866101683,48.393829270452706,40.01450915993118,44.030421597346155,78.86401807036736,65.20882974211007,71.75327964011966,3.834033571296002,1.6926081547128953,2.3382585736023334,6.134453714073603,2.7081730475406323,3.741213717763733,46.2487099823536,37.73714847538854,41.78591611442947,73.99793597176577,60.37943756062167,66.85746578308715,3.8793723111823484,1.7536055323757669,2.4061189826926035,6.32194006266753,2.8577275342419903,3.9210827866101683,48.393829270452706,40.01450915993118,44.030421597346155,78.86401807036736,65.20882974211007,71.75327964011966,0.7587939698492463,-0.01120603015075372,-0.001206030150753712,0.6331658291457287,-0.006834170854271293,-0.0018341708542712887,0.5226130653266332,0.0026130653266331905,-0.012386934673366712,0.45627376425855515,0.12230791985627809,0.18952281609167776,0.4847328244274809,0.4623115577889447,0.1314844901197718,0.201877501027676,0.5151515151515151,0.45627376425855515,0.12230791985627809,0.18952281609167776,0.4847328244274809,28.0,12.0,13.0,38.0,8.0,8.0,48.0,12.0,13.0,-0.00020165514781938203,-0.00018668958146324696,-0.0001925038570517772,-0.00013480533558407615,-0.00018378111340844328,8.585827751517172e-05,"[2.859375, 1.2138671875, 0.351806640625, 0.0308380126953125, 0.0001201629638671875, 1.1474609375, 0.00901031494140625, 0.0285186767578125, 5.59765625, 2.568359375, 2.638671875, 0.05609130859375, 0.71875, 6.4296875, 5.06640625, 0.064208984375, 9.5625, 6.8671875, 7.79296875, 4.00390625, 0.322998046875, 0.74853515625, 6.97265625, 4.375, 8.65625, 5.08984375, 2.662109375, 1.310546875, 6.95703125, 1.083984375, 8.890625, 0.376220703125, 7.2109375, 0.61376953125, 3.916015625, 6.23828125, 2.794921875, 2.634765625, 10.2109375, 0.1102294921875, 1.66015625, 7.44921875, 4.296875, 1.7216796875, 6.09765625, 2.404296875, 7.26171875, 6.25, 0.11932373046875, 0.497314453125, 0.1851806640625, 2.03125, 1.6552734375, 5.84765625, 0.08148193359375, 3.123046875, 5.9140625, 5.6953125, 0.83642578125, 3.681640625, 5.20703125, 2.419921875, 5.26171875, 0.002658843994140625, 7.28515625, 1.9716796875, 3.275390625, 2.919921875, 0.178955078125, 5.36328125, 1.015625, 5.73828125, 6.56640625, 0.84326171875, 11.0859375, 0.61962890625, 6.05078125, 0.419677734375, 6.625, 0.38720703125, 3.0546875, 0.1614990234375, 3.916015625, 0.3515625, 1.974609375, 0.0672607421875, 5.44140625, 0.029296875, 0.1761474609375, 6.76953125, 0.462158203125, 1.0634765625, 3.06640625, 6.33984375, 0.2119140625, 3.73046875, 8.1171875, 4.0078125, 5.67578125, 4.0859375, 4.5625, 2.060546875, 0.00705718994140625, 0.364501953125, 0.11175537109375, 4.94140625, 3.580078125, 9.28125, 1.595703125, 8.328125, 4.078125, 1.03125, 3.828125, 5.14453125, 6.02734375, 6.53125, 6.7421875, 7.46484375, 2.599609375, 0.0103759765625, 10.9296875, 9.9375, 0.9150390625, 8.7421875, 8.671875, 1.2900390625, 8.484375, 7.86328125, 1.6884765625, 0.5263671875, 0.83349609375, 5.83203125, 5.04296875, 1.60546875, 0.61474609375, 5.9453125, 3.1875, 3.310546875, 2.75390625, 5.4609375, 2.197265625, 0.47900390625, 4.83984375, 6.79296875, 1.8486328125, 6.0859375, 2.48828125, 0.75634765625, 7.05859375, 2.724609375, 4.52734375, 1.2587890625, 6.5, 7.2109375, 8.8984375, 0.99609375, 7.1015625, 9.453125, 12.2578125, 1.3828125, 2.8671875, 9.1953125, 3.498046875, 4.6484375, 1.283203125, 6.2265625, 4.25390625, 2.38671875, 4.66015625, 3.03125, 0.33349609375, 7.44921875, 2.18359375, 5.140625, 7.04296875, 8.609375, 4.296875, 1.6171875, 2.046875, 1.908203125, 6.6328125, 1.5830078125, 2.779296875, 1.51953125, 0.82568359375, 0.0002963542938232422, 5.796875, 0.420654296875, 7.50390625, 4.06640625, 7.125, 3.9453125, 7.078125, 2.546875, 6.36328125, 4.90234375, 9.9609375, 0.1793212890625, 0.33349609375, 0.318359375, 5.671875, 7.40625, 2.0078125, 0.22412109375, 11.375, 8.2890625, 4.25, 0.01003265380859375, 0.283447265625, 0.062255859375, 2.416015625, 5.328125, 10.2578125, 1.0615234375, 1.990234375, 2.3046875, 5.62890625, 0.340087890625, 2.021484375, 5.29296875, 12.5, 3.29296875, 5.5625, 2.326171875, 10.5390625, 3.673828125, 0.00010633468627929688, 0.32275390625, 0.0504150390625, 2.05078125, 3.07421875, 8.3046875, 5.4140625, 0.439208984375, 3.603515625, 1.0380859375, 0.55029296875, 6.66796875, 11.3515625, 5.046875, 7.4140625, 5.1015625, 8.4921875, 3.953125, 4.4453125, 8.9921875, 0.2322998046875, 3.767578125, 2.740234375, 13.1484375, 7.09765625, 1.3623046875, 2.822265625, 8.7421875, 1.8369140625, 6.60546875, 0.9345703125, 2.7421875, 1.951171875, 0.0791015625, 1.8798828125, 3.46875, 0.1561279296875]",-0.7283342356010989
160,0,test,3.4096870330118,1.4789366068355785,2.0589958790322624,5.688438267945428,2.467334834176188,3.435057481355804,30.255773719117613,23.361091468346867,26.395681191867855,50.47621655120116,38.973702103133135,44.03635921613597,3.5132583379745483,1.3134470425154032,1.9613143973836118,5.018940482820784,1.876352917879148,2.8018777105480175,33.5574312942735,24.53412069519043,28.836793385681478,47.939187563247856,35.04874385027205,41.195419122402114,3.429042006416066,1.505669447179103,2.058116175894307,5.590829358287064,2.454895837792016,3.355624199827675,30.847077288051842,24.003075897302885,26.90808143765621,50.29414775225844,39.135449832559054,43.87187190922208,0.6984924623115578,-0.006507537688442255,-0.011507537688442149,0.6030150753768844,-0.016984924623115627,-0.011984924623115623,0.48743718592964824,-0.002562814070351749,-0.007562814070351753,0.44047619047619047,0.11506757234840448,0.1761197548326261,0.4447761194029851,0.4371859296482412,0.08380247100162463,0.1500406875781244,0.4545454545454546,0.43143812709030105,0.10422610705691204,0.163362487490746,0.43624161073825507,24.0,3.0,3.0,39.0,7.0,8.0,43.0,0.0,1.0,0.00010656261600123944,0.00011242068993823598,0.00013430596886970095,0.00036092479082938667,-3.9674596296279674e-05,0.0001777382952132811,"[1.88671875, 5.3046875, 0.005107879638671875, 0.057769775390625, 5.7578125, 0.37939453125, 1.455078125, 4.13671875, 0.1080322265625, 8.6875, 2.369140625, 4.05078125, 0.468505859375, 0.58203125, 0.0012378692626953125, 0.272705078125, 3.32421875, 0.3916015625, 0.83837890625, 5.1796875, 11.40625, 1.86328125, 2.119140625, 4.140625, 10.328125, 2.953125, 8.15625, 1.984375, 0.89599609375, 1.880859375, 6.0078125, 3.978515625, 1.599609375, 1.3291015625, 0.537109375, 6.8125, 6.48828125, 2.990234375, 0.3740234375, 0.4580078125, 3.623046875, 7.4140625, 8.25, 5.36328125, 8.8671875, 4.65234375, 2.48828125, 1.45703125, 4.5546875, 2.859375, 5.19140625, 1.05859375, 0.72900390625, 8.5078125, 4.48828125, 0.5205078125, 5.20703125, 7.48828125, 4.328125, 0.4384765625, 0.306884765625, 5.29296875, 0.9345703125, 1.1162109375, 3.12109375, 1.556640625, 1.6328125, 6.38671875, 2.583984375, 0.001453399658203125, 0.2113037109375, 0.1710205078125, 11.7734375, 5.34375, 8.84375, 8.53125, 3.888671875, 0.7265625, 6.1484375, 0.63720703125, 6.29296875, 0.06610107421875, 7.8515625, 8.796875, 3.181640625, 2.96875, 0.060638427734375, 0.468017578125, 7.21484375, 6.01171875, 2.529296875, 3.94140625, 1.73828125, 2.298828125, 0.03985595703125, 2.83203125, 5.390625, 3.095703125, 8.6796875, 0.578125, 0.0008082389831542969, 0.099853515625, 0.2110595703125, 2.7734375, 5.0859375, 0.38330078125, 2.544921875, 11.640625, 2.67578125, 0.09130859375, 0.8447265625, 1.3828125, 9.125, 1.6728515625, 0.036773681640625, 8.9921875, 0.00022292137145996094, 0.1370849609375, 0.1053466796875, 3.861328125, 2.40234375, 6.86328125, 5.515625, 4.26171875, 0.22265625, 3.587890625, 9.140625, 3.484375, 2.62890625, 9.5234375, 7.94140625, 5.57421875, 6.23828125, 4.50390625, 8.203125, 0.41943359375, 4.546875, 4.41015625, 10.15625, 6.49609375, 5.3203125, 5.78125, 3.70703125, 0.320068359375, 0.77294921875, 4.8046875, 3.84765625, 0.93408203125, 2.19140625, 4.86328125, 3.8623809814453125e-05, 0.406982421875, 0.06390380859375, 2.90625, 2.703125, 5.98046875, 1.533203125, 0.0149078369140625, 8.1953125, 4.58984375, 4.3671875, 2.1796875, 2.37890625, 9.828125, 0.1578369140625, 6.35546875, 1.8046875, 2.76171875, 5.859375, 7.265625, 0.73779296875, 5.08203125, 2.01953125, 0.0044403076171875, 0.314453125, 0.1448974609375, 0.8251953125, 0.0001842975616455078, 6.87109375, 3.130859375, 4.56640625, 4.14453125, 3.13671875, 2.71875, 7.94140625, 0.46630859375, 5.70703125, 2.845703125, 10.265625, 7.5234375, 4.17578125, 0.71630859375, 0.9501953125, 2.59375, 3.01171875, 0.591796875, 4.03515625, 0.26953125, 8.109375, 1.5078125, 10.96875, 0.11181640625, 0.05645751953125, 0.26171875, 7.91796875, 9.5703125, 4.2890625, 3.0234375, 0.0019073486328125, 0.2337646484375, 0.05767822265625, 2.138671875, 4.8984375, 0.00469207763671875, 0.0426025390625, 0.033843994140625, 0.043670654296875, 0.334228515625, 0.0467529296875, 6.40234375, 1.7890625, 5.453125, 0.0189208984375, 2.58984375, 0.97802734375, 1.6796875, 4.77734375, 5.81640625, 5.76953125, 7.828125, 6.1171875, 5.14453125, 7.109375, 11.578125, 3.802734375, 6.22265625, 6.76171875, 0.04541015625, 8.2109375, 3.912109375, 0.0221405029296875, 0.05804443359375, 1.79296875, 5.09375, 9.125, 2.71875, 0.00038933753967285156, 4.09375, 0.1234130859375, 1.6064453125, 3.15625, 0.005733489990234375, 0.0643310546875, 0.01032257080078125, 0.1280517578125, 0.2044677734375, 0.031005859375, 3.54296875, 4.1796875, 7.9921875, 2.353515625, 1.8740234375, 2.802734375, 9.7421875, 7.76171875, 1.294921875, 2.154296875, 1.4970703125, 7.0078125, 0.0033740997314453125, 3.138671875, 0.10870361328125, 2.52734375, 3.791015625, 3.146484375, 6.6328125, 2.333984375, 4.58203125, 4.3828125, 0.89794921875, 5.61328125, 0.147216796875, 0.060821533203125, 1.28125, 0.012298583984375, 0.3212890625, 10.1171875, 0.63037109375, 4.82421875, 5.5859375, 1.1044921875, 8.546875, 2.498046875, 2.4140625, 1.080078125, 5.296875, 1.287109375, 6.64453125, 6.45703125, 4.1171875, 3.607421875, 11.0625, 0.0506591796875, 0.2763671875, 6.6875, 4.3515625, 0.09539794921875, 4.7421875, 3.84375, 0.10528564453125, 0.145751953125, 0.066162109375, 4.29296875, 2.73046875, 10.6953125, 0.360107421875, 7.48828125, 1.103515625, 0.0009527206420898438, 0.1458740234375, 0.057891845703125, 0.939453125, 0.0007576942443847656, 4.4140625, 1.4736328125, 3.423828125, 8.859375, 1.2744140625, 2.794921875, 0.4814453125, 2.099609375, 3.572265625, 3.466796875, 4.578125, 8.609375, 5.30859375]",-0.739552983925456
211,0,test,2.934038866570581,1.2563819202924398,1.7662517099253954,5.02454155900212,2.151554038500803,3.0247060532472396,18.80342184998526,13.450422948062645,15.58855109374511,32.20085991809976,23.033849298557286,26.695393748038505,3.106162858967805,1.2179621991681098,1.7882433166918017,5.092070260602959,1.9966593428985404,2.931546420806232,22.335176540194457,15.7277076462266,18.59953509713383,36.615043508515505,25.78312728889607,30.49104114284235,2.934038866570581,1.2563819202924398,1.7662517099253954,5.02454155900212,2.151554038500803,3.0247060532472396,18.80342184998526,13.450422948062645,15.58855109374511,32.20085991809976,23.033849298557286,26.695393748038505,0.7085427135678393,-0.0014572864321606982,-0.0014572864321606982,0.5477386934673367,0.007738693467336688,-0.002261306532663321,0.4371859296482412,0.007185929648241163,0.007185929648241163,0.4065934065934066,0.08483837917110315,0.1410635649368901,0.3382352941176471,0.4170854271356784,0.08375209380234505,0.14162632863818259,0.3434343434343434,0.4065934065934066,0.08483837917110315,0.1410635649368901,0.3382352941176471,25.0,7.0,6.0,38.0,8.0,9.0,47.0,7.0,9.0,0.000841430654470099,0.0007056886719089258,0.00026649451144289854,-0.007771636716668695,-0.008289384641844144,-0.008996591771653684,"[10.25, 5.81640625, 3.337890625, 11.4375, 3.33203125, 0.346435546875, 4.23828125, 9.2421875, 0.173095703125, 7.1484375, 2.404296875, 2.857421875, 1.97265625, 9.3515625, 3.693359375, 8.125, 0.07049560546875, 7.6796875, 0.052734375, 0.026092529296875, 0.0302734375, 0.1474609375, 1.015625, 6.6953125, 5.89453125, 0.70068359375, 4.67578125, 1.6396484375, 3.08984375, 6.2890625, 1.4384765625, 10.3515625, 2.96875, 0.021087646484375, 2.091796875, 1.767578125, 5.1640625, 0.10711669921875, 4.4296875, 1.59765625, 6.19140625, 3.7109375, 2.10546875, 1.7646484375, 4.69140625, 0.08111572265625, 0.8203125, 3.572265625, 0.013427734375, 3.44140625, 1.3134765625, 3.45703125, 0.132568359375, 3.765625, 6.046875, 3.41015625, 8.140625, 3.10546875, 1.4951171875, 0.0537109375, 4.19921875, 4.94921875, 0.152587890625, 5.8203125, 0.09075927734375, 3.806640625, 9.71875, 3.138671875, 7.87890625, 0.05401611328125, 8.34375, 0.8935546875, 6.59375, 2.26953125, 1.0849609375, 1.5673828125, 2.02734375, 5.65234375, 10.3828125, 0.55029296875, 0.036895751953125, 3.005859375, 6.02734375, 0.41259765625, 0.013916015625, 5.265625, 3.119140625, 5.82421875, 4.51171875, 4.203125, 1.0615234375, 2.31640625, 8.015625, 0.0906982421875, 0.25634765625, 0.0088043212890625, 1.146484375, 4.49609375, 0.10247802734375, 0.2086181640625, 0.00884246826171875, 0.58349609375, 2.314453125, 10.4375, 6.15625, 11.09375, 5.80859375, 7.02734375, 3.82421875, 4.8359375, 1.94921875, 2.83203125, 2.201171875, 4.48046875, 4.96875, 9.0234375, 9.46875, 3.11328125, 1.8134765625, 4.83203125, 3.869140625, 2.830078125, 0.84033203125, 4.7109375, 1.7587890625, 1.802734375, 0.00792694091796875, 3.533203125, 1.552734375, 0.7001953125, 5.01953125, 1.810546875, 1.083984375, 1.42578125, 2.2890625, 1.1162109375, 8.4375, 5.59765625, 0.1348876953125, 4.95703125, 0.0859375, 0.1402587890625, 2.255859375, 1.455078125, 2.427734375, 4.3515625, 0.042449951171875, 1.5537109375, 0.025177001953125, 3.396484375, 2.2109375, 6.26171875, 5.60546875, 6.53125, 2.91015625, 0.41748046875, 2.25390625, 4.5625, 0.006160736083984375, 2.615234375, 2.326171875, 2.2890625, 8.1484375, 0.2291259765625, 11.5859375, 2.77734375, 0.01313018798828125, 0.10125732421875, 1.3076171875, 5.900859832763672e-05, 0.361572265625, 1.8835067749023438e-05, 0.0002894401550292969, 0.0004150867462158203, 7.236003875732422e-05, 0.002681732177734375, 2.384185791015625e-06, 3.421306610107422e-05, 0.0008912086486816406, 0.5380859375, 3.8359375, 2.81640625, 1.7822265625, 0.01204681396484375, 0.03021240234375, 2.435546875, 2.083984375, 9.515625, 0.2447509765625, 0.00939178466796875, 1.4267578125, 1.3154296875, 4.5703125, 1.6748046875, 4.04296875, 1.646484375, 0.200927734375, 0.6279296875, 7.82421875, 0.42724609375, 0.454345703125, 2.802734375, 5.04296875, 2.021484375, 2.390625, 2.16015625, 3.4609375, 0.2137451171875, 5.05078125, 3.47265625, 1.640625, 0.0261688232421875, 0.0169525146484375, 5.34375, 7.64453125, 0.6484375, 0.927734375, 0.81982421875, 1.7509765625, 6.14453125, 3.583984375, 0.95703125, 7.6171875, 0.5458984375, 0.0224456787109375, 3.0390625, 3.97265625, 2.248046875, 5.30078125, 4.328125, 7.41796875, 2.486328125, 3.1640625, 1.3662109375, 1.4052734375, 0.02545166015625, 0.69384765625, 4.37890625, 0.02191162109375, 0.001522064208984375, 1.259765625, 3.5859375, 4.3984375, 4.26171875, 1.34765625, 3.349609375, 0.88720703125, 2.517578125, 2.671875, 1.1044921875, 2.396484375, 2.474609375, 1.333984375, 2.20703125, 6.61328125, 4.234375, 4.73828125, 1.0029296875, 1.45703125, 0.0005517005920410156, 2.3203125, 1.2041015625, 8.3671875, 0.0092010498046875, 1.314453125, 1.078125, 0.090576171875, 9.25, 1.5302734375, 1.5205078125, 0.10186767578125, 2.9765625, 0.92724609375]",-0.6727440466374266
132,0,test,3.053807663689753,1.3878314861618446,1.8866791540531003,5.560401237354174,2.526976405439197,3.435282852755645,21.195897815585905,15.905062291140528,17.983143827174253,38.5936867740437,28.960084518550666,32.743874598612074,2.8952858705616475,1.2085600219621635,1.702331266027492,4.669815920260722,1.9492903580034895,2.7456955903669225,18.088671720951485,12.686906199239093,14.791864126791351,29.175276969276588,20.4627519342566,23.857845365792503,3.0650617649722656,1.3932364231043823,1.8949620856703429,5.506098978992094,2.5028199217443996,3.404123507192233,21.43578592701793,16.113912752426238,18.213472106505087,38.50739986889448,28.94714865705312,32.71881216737441,0.6231155778894473,-0.006884422110552735,0.003115577889447274,0.5125628140703518,-0.00743718592964826,-0.00743718592964826,0.4120603015075377,0.002060301507537665,0.012060301507537674,0.40764331210191085,0.11193583992385048,0.16717721040699562,0.41214057507987223,0.4170854271356784,0.10881475044394906,0.16833751394703067,0.40909090909090906,0.41137123745819393,0.110870402733653,0.1777783564793285,0.4161073825503355,22.0,4.0,5.0,36.0,7.0,6.0,42.0,4.0,4.0,-0.0008173849973752524,0.00011045115205625408,-0.0002477689694145631,-0.04558460432869005,-0.0464808719666312,-0.04457439384180617,"[2.859375, 4.21484375, 0.61328125, 1.3427734375, 6.92578125, 4.4375, 5.921875, 3.92578125, 5.4296875, 7.53125, 0.212158203125, 0.00012600421905517578, 1.4453125, 0.00946807861328125, 0.01277923583984375, 7.3125, 0.68994140625, 6.796875, 0.205322265625, 2.7734375, 6.66015625, 8.4765625, 2.3515625, 4.84765625, 6.0625, 0.260986328125, 4.421875, 4.21875, 7.26171875, 0.06805419921875, 5.3671875, 3.115234375, 1.0419921875, 0.2127685546875, 0.360595703125, 0.294921875, 5.64453125, 3.708984375, 8.25, 8.78125, 3.6953125, 3.791015625, 1.0693359375, 4.3984375, 6.21484375, 6.1640625, 4.0390625, 0.00264739990234375, 0.25927734375, 0.001407623291015625, 0.0079345703125, 6.198883056640625e-06, 7.05718994140625e-05, 7.593631744384766e-05, 0.00330352783203125, 0.01436614990234375, 0.061553955078125, 8.25, 3.232421875, 1.8291015625, 1.609375, 2.755859375, 3.681640625, 0.42626953125, 2.39453125, 1.6767578125, 2.375, 6.9296875, 0.1636962890625, 4.2265625, 0.64404296875, 2.189453125, 2.15625, 5.91796875, 0.471435546875, 1.583984375, 6.5390625, 2.72265625, 1.0341796875, 2.099609375, 4.515625, 4.0234375, 1.5029296875, 2.216796875, 4.4765625, 6.88671875, 2.91015625, 5.67578125, 0.381103515625, 0.05291748046875, 0.0343017578125, 1.322265625, 0.48779296875, 0.182861328125, 1.951171875, 1.6865234375, 1.7919921875, 6.7265625, 0.5166015625, 0.046966552734375, 0.0015783309936523438, 0.005458831787109375, 0.0026454925537109375, 0.0379638671875, 0.4814453125, 0.018218994140625, 0.39599609375, 9.5859375, 3.705078125, 0.66455078125, 8.9140625, 6.8203125, 0.29541015625, 0.4716796875, 4.4921875, 4.7578125, 7.5625, 5.81640625, 1.0, 5.1640625, 1.9619140625, 0.1800537109375, 0.10650634765625, 4.0390625, 0.974609375, 1.90625, 5.7734375, 0.921875, 5.257129669189453e-05, 0.24462890625, 1.4424324035644531e-05, 0.00013148784637451172, 1.2874603271484375e-05, 0.0001068115234375, 0.00217437744140625, 0.0193634033203125, 0.035369873046875, 0.1865234375, 5.015625, 0.12274169921875, 4.70703125, 6.50390625, 1.6865234375, 1.8056640625, 5.703125, 0.283935546875, 0.0225982666015625, 7.6484375, 5.17578125, 4.6484375, 7.453125, 0.794921875, 0.0897216796875, 3.806640625, 1.7294921875, 3.568359375, 0.09295654296875, 0.0256500244140625, 6.3203125, 2.9921875, 6.0390625, 0.051910400390625, 4.0, 3.93359375, 0.75341796875, 7.57421875, 0.1632080078125, 12.0234375, 0.0982666015625, 1.3505859375, 5.21484375, 1.576171875, 2.37109375, 2.533203125, 0.1556396484375, 10.640625, 7.0859375, 0.007602691650390625, 0.3330078125, 5.24609375, 8.4609375, 6.65234375, 4.39453125, 0.0210113525390625, 4.421875, 2.6015625, 2.12109375, 2.826171875, 10.4296875, 6.38671875, 2.166015625, 5.328125, 5.5859375, 7.08203125, 2.744140625, 1.419921875, 2.072265625, 1.966796875, 0.8427734375, 4.5390625, 0.1688232421875, 2.9921875, 4.26171875, 4.69921875, 0.65673828125, 2.0384788513183594e-05, 0.3095703125, 1.3232231140136719e-05, 0.0002827644348144531, 2.086162567138672e-05, 8.106231689453125e-06, 0.000591278076171875, 0.0009317398071289062, 0.007083892822265625, 0.56884765625, 0.8720703125, 0.0001310110092163086, 5.06640625, 0.0714111328125, 2.04296875, 0.86376953125, 5.37109375, 8.15625, 4.7734375, 2.279296875, 2.1640625, 2.06640625, 4.55078125, 5.25390625, 1.2998046875, 0.03631591796875, 0.186279296875, 6.40234375, 2.1328125, 6.2890625, 5.02734375, 3.9765625, 4.01953125, 0.97509765625, 10.6328125, 2.619140625, 4.23046875, 9.7578125, 5.78515625, 6.52734375, 6.24609375, 6.32421875, 5.0234375, 1.6025390625, 0.74072265625, 1.802734375, 0.92578125, 2.35546875, 1.802734375, 0.9189453125, 14.6640625, 8.1015625, 6.99609375, 10.765625, 0.8671875, 5.140625, 3.48046875, 1.9033203125, 0.032196044921875, 10.9609375, 1.36328125, 2.09375, 6.3046875, 0.50732421875, 0.1204833984375, 17.8125, 3.494140625, 2.1328125, 2.962890625, 0.0035858154296875, 4.07421875, 4.546875, 0.78564453125, 6.90234375, 0.09539794921875, 6.8984375, 1.248046875, 0.1947021484375, 7.265625, 1.3916015625, 6.53125, 0.1492919921875, 2.775390625, 1.216796875, 1.130859375, 4.0859375, 1.662109375, 1.6669921875, 9.421875, 0.45458984375, 7.19140625, 0.0740966796875, 3.98828125, 2.109375, 1.5009765625, 1.9521484375, 6.13671875, 0.41455078125, 4.3828125, 0.9443359375, 0.36328125, 0.304931640625, 2.77734375, 4.1796875, 1.43359375, 7.36328125, 1.42578125, 1.4111328125, 7.8515625]",-0.9481220962894952
182,0,test,3.780306559890064,1.6898520627391953,2.3531324255113706,6.870962598719103,3.0714203032219163,4.276977178801072,43.82947603561503,35.74088546523525,39.66256861724932,79.66303414581381,64.96147425775867,72.0893983651356,3.8652493797954004,1.6538317050758602,2.32635091476303,6.388841950075042,2.7336061240923306,3.8452081235752558,47.7151701484712,38.586521470028885,43.05571525785644,78.86804983218381,63.77937433062627,71.16647150058917,3.780306559890064,1.6898520627391953,2.3531324255113706,6.870962598719103,3.0714203032219163,4.276977178801072,43.82947603561503,35.74088546523525,39.66256861724932,79.66303414581381,64.96147425775867,72.0893983651356,0.7738693467336684,0.008869346733668348,-0.0011306532663316604,0.6281407035175879,-0.0018592964824121205,-0.006859296482412125,0.5376884422110553,0.002688442211055353,0.007688442211055246,0.43656716417910446,0.10695822563161839,0.17353986889374462,0.43445692883895126,0.44723618090452266,0.11139658190702895,0.17678542965243582,0.4494949494949495,0.43656716417910446,0.10695822563161839,0.17353986889374462,0.43445692883895126,26.0,10.0,8.0,34.0,6.0,6.0,44.0,11.0,8.0,0.0002964517272105915,0.0004451638089538904,7.59261284812128e-05,-0.00016945494488584956,0.00022372510708557058,6.833549267337702e-05,"[1.783203125, 4.34765625, 0.00472259521484375, 0.0274505615234375, 3.205078125, 7.53125, 1.533203125, 9.984375, 1.6318359375, 1.732421875, 0.62548828125, 5.79296875, 1.986328125, 6.59765625, 8.9296875, 2.947265625, 3.8203125, 4.0078125, 0.9091796875, 3.53125, 6.99609375, 1.7431640625, 6.42578125, 7.640625, 3.5234375, 1.4150390625, 7.00390625, 4.20703125, 7.3828125, 2.63671875, 5.08203125, 4.59765625, 6.55859375, 1.197265625, 2.1328125, 5.375, 5.8203125, 8.453125, 6.60546875, 2.158203125, 4.1796875, 5.71875, 0.5556640625, 9.1796875, 6.40234375, 0.6611328125, 1.8896484375, 0.004299163818359375, 2.453125, 0.7705078125, 0.0018892288208007812, 0.000988006591796875, 0.0018091201782226562, 4.21875, 12.4140625, 0.94580078125, 1.80078125, 3.357421875, 4.75390625, 2.259765625, 8.4296875, 4.7109375, 0.00992584228515625, 11.25, 8.015625, 10.421875, 0.425537109375, 6.5, 1.6298828125, 7.25390625, 2.23046875, 6.33984375, 1.6650390625, 4.42578125, 4.55078125, 7.796875, 7.7734375, 1.0927734375, 1.3076171875, 5.7734375, 3.6875, 9.2890625, 5.2421875, 3.34765625, 2.318359375, 9.0390625, 0.1546630859375, 2.1796875, 6.8046875, 2.869140625, 7.1640625, 2.099609375, 6.28515625, 0.475341796875, 7.41015625, 0.181396484375, 3.49609375, 2.771484375, 6.1640625, 3.73828125, 7.7265625, 0.04388427734375, 1.1875, 4.60546875, 2.453125, 5.30859375, 12.671875, 2.98828125, 3.0390625, 1.5732421875, 3.908203125, 0.73388671875, 2.07421875, 3.4609375, 7.53125, 0.496337890625, 5.50390625, 0.14208984375, 0.1099853515625, 0.04351806640625, 0.0100250244140625, 2.28125, 0.8271484375, 2.1484375, 1.845703125, 6.90234375, 10.640625, 11.9375, 12.234375, 4.21484375, 4.52734375, 5.8671875, 1.39453125, 2.984375, 1.916015625, 1.92578125, 0.0498046875, 2.79296875, 5.48828125, 6.0390625, 2.50390625, 0.1395263671875, 6.2109375, 8.5703125, 5.26953125, 4.19140625, 0.541015625, 0.8046875, 0.2137451171875, 0.998046875, 5.43359375, 0.0389404296875, 0.525390625, 0.06732177734375, 1.9052734375, 9.734375, 3.2109375, 10.375, 2.5546875, 5.15234375, 5.6875, 3.744140625, 9.1953125, 5.21875, 2.15625, 4.30078125, 0.70849609375, 0.490478515625, 2.009765625, 0.0011081695556640625, 0.80078125, 0.1092529296875, 0.006275177001953125, 0.002307891845703125, 0.00402069091796875, 6.78515625, 5.6328125, 0.2486572265625, 3.166015625, 5.890625, 0.03753662109375, 0.411376953125, 0.0012683868408203125, 11.9609375, 8.625, 7.109375, 0.062408447265625, 7.12890625, 1.26953125, 5.63671875, 10.2734375, 5.52734375, 0.01049041748046875, 0.86279296875, 4.16015625, 7.421875, 3.1015625, 5.8046875, 4.67578125, 0.92578125, 3.439453125, 3.890625, 2.25, 0.10986328125, 1.5390625, 3.291015625, 4.5, 2.908203125, 2.912109375, 6.11328125, 3.84765625, 3.09375, 6.81640625, 3.01171875, 7.19921875, 9.765625, 0.81884765625, 5.25390625, 4.67578125, 0.08062744140625, 0.1258544921875, 0.0094451904296875, 0.359130859375, 1.689453125, 7.74609375, 0.122314453125, 5.55859375, 7.62109375, 0.197509765625, 5.0859375, 4.24609375, 0.025390625, 9.5703125, 1.3916015625, 3.626953125, 1.529296875, 1.6640625, 1.7578125, 0.02044677734375, 0.2208251953125, 0.001178741455078125, 1.69140625, 1.408203125, 0.379638671875, 0.1158447265625, 0.0034389495849609375, 5.5859375, 2.240234375, 2.517578125, 2.720703125, 0.0732421875, 12.3359375, 2.86328125, 1.595703125, 2.25, 1.0361328125, 9.109375, 1.6533203125, 7.10546875, 3.79296875, 6.40625, 4.15625, 1.6904296875, 7.171875, 3.61328125, 7.2578125, 9.9453125, 9.3046875]",-1.0695641218726313
473,0,test,4.231807604023055,2.0004579304999264,2.713931800216108,7.080671546600667,3.347171439267851,4.540957783368128,68.84155805130301,59.52913171458666,64.27903485139537,115.18587490936974,99.6042988165633,107.55184916311904,4.350930966324543,2.011691480146482,2.763239590596897,7.074684498088688,3.271043057148751,4.493072505035606,77.55062635076915,67.17728186053658,72.65818527842626,126.09857943214496,109.23135261875868,118.14339069662807,4.231807604023055,2.0004579304999264,2.713931800216108,7.080671546600667,3.347171439267851,4.540957783368128,68.84155805130301,59.52913171458666,64.27903485139537,115.18587490936974,99.6042988165633,107.55184916311904,0.7587939698492463,-0.001206030150753712,0.008793969849246297,0.6733668341708543,0.0033668341708543714,-0.001633165829145744,0.6130653266331658,0.008065326633165837,0.0030653266331658324,0.43137254901960786,0.10064847856950998,0.1940844134263875,0.4133858267716536,0.4371859296482412,0.1013463306507475,0.19177691462319946,0.41414141414141414,0.43137254901960786,0.10064847856950998,0.1940844134263875,0.4133858267716536,23.0,0.0,-1.0,34.0,-2.0,-2.0,43.0,-3.0,-2.0,-0.00032163196112197043,8.593175051506055e-05,0.00012520449129335852,-7.936596070123869e-05,-0.0001398081572467902,0.00011389473326595123,"[11.3828125, 0.33251953125, 5.91796875, 1.2685546875, 8.4140625, 1.9208984375, 1.248046875, 4.140625, 9.2890625, 0.78125, 0.060791015625, 8.6484375, 1.2783203125, 5.2109375, 3.71875, 11.3203125, 9.5, 0.32080078125, 4.125, 2.48828125, 7.63671875, 3.66796875, 0.87255859375, 0.376708984375, 6.44921875, 14.28125, 4.97265625, 5.41015625, 2.92578125, 9.203125, 5.75, 8.859375, 2.353515625, 0.01044464111328125, 6.73828125, 3.857421875, 0.03424072265625, 7.1875, 3.201171875, 8.4765625, 1.189453125, 4.0, 7.9609375, 3.853515625, 8.6015625, 2.03515625, 0.2115478515625, 8.6484375, 9.6171875, 0.97705078125, 6.65234375, 6.01171875, 1.4921875, 13.3203125, 4.0078125, 7.03515625, 3.49609375, 13.09375, 5.12890625, 5.0859375, 4.140625, 5.6796875, 0.81982421875, 9.59375, 4.19140625, 7.04296875, 0.54052734375, 2.642578125, 3.982421875, 0.1861572265625, 9.3671875, 3.470703125, 4.01171875, 1.298828125, 7.50390625, 2.1953125, 0.7353515625, 0.29248046875, 8.1953125, 15.8046875, 7.6484375, 0.7314453125, 3.16796875, 5.5703125, 1.5869140625, 4.59765625, 8.5625, 0.697265625, 2.06640625, 4.46484375, 6.4609375, 6.2578125, 0.63525390625, 4.0390625, 0.8359375, 6.53125, 1.875, 0.6015625, 1.5166015625, 0.712890625, 0.1265869140625, 8.328125, 7.7109375, 0.50341796875, 7.51171875, 3.728515625, 0.8369140625, 0.9951171875, 0.75927734375, 0.1878662109375, 9.8671875, 3.28515625, 0.375, 4.11328125, 9.78125, 0.345458984375, 0.481689453125, 0.1671142578125, 0.1265869140625, 8.1171875, 4.265625, 0.56396484375, 4.48046875, 3.5703125, 8.9375, 0.1640625, 0.61376953125, 0.33203125, 0.1123046875, 4.90234375, 3.466796875, 0.07537841796875, 3.97265625, 1.3134765625, 4.81640625, 2.755859375, 5.1640625, 3.45703125, 1.0166015625, 0.46435546875, 0.329345703125, 0.34716796875, 0.078369140625, 7.890625, 6.03515625, 3.9375, 0.072998046875, 3.20703125, 0.5341796875, 7.4375, 2.85546875, 3.05859375, 0.06903076171875, 3.2578125, 0.361083984375, 0.2139892578125, 2.453125, 0.004459381103515625, 7.421875, 8.90625, 0.09661865234375, 3.76953125, 5.83984375, 11.0546875, 4.98828125, 6.28125, 5.6328125, 6.12109375, 2.66796875, 1.9326171875, 1.0888671875, 8.3984375, 6.09375, 1.7919921875, 3.265625, 9.2265625, 5.85546875, 2.14453125, 4.52734375, 6.96484375, 3.37890625, 5.859375, 7.29296875, 9.796875, 5.71875, 8.515625, 11.296875, 11.359375, 8.6484375, 2.57421875, 9.890625, 1.0927734375, 8.703125, 2.7578125, 4.94921875, 11.4296875, 1.03515625, 7.12109375, 0.06585693359375, 9.359375, 7.2109375, 0.50244140625, 6.5234375, 1.359375, 3.240234375, 0.880859375, 4.828125, 2.251953125, 1.6806640625, 5.69921875, 0.13525390625, 3.705078125, 6.47265625, 0.6884765625, 5.73046875, 0.006114959716796875, 7.8125, 0.81884765625, 0.59912109375, 7.44140625, 3.640625, 0.89208984375, 5.4140625, 7.625, 0.65380859375, 3.708984375, 0.1878662109375, 0.04486083984375, 2.994140625, 0.0135040283203125, 8.40625, 5.015625, 10.71875, 3.98828125, 10.453125, 0.75341796875, 3.400390625, 1.708984375, 8.5625, 0.499267578125, 5.2265625, 5.2421875, 1.796875, 8.6015625, 7.7734375, 2.68359375, 8.4296875, 4.30859375, 0.81640625, 0.96142578125, 2.11328125, 7.40234375, 0.392333984375, 0.90966796875, 1.0244140625]",-0.907039270214006
29,0,test,3.288950694071782,1.4464135259059292,2.0022203827274785,5.774350934478299,2.5394419290052963,3.5152619219476757,26.81471205233935,20.502178131623097,23.193784179910324,47.07810241007306,35.99530137881555,40.72090517950164,3.5349887118267653,1.5197493413301157,2.1257275667683864,5.611093193375818,2.4123005417938344,3.374170740902201,34.29462758834664,26.792104539398842,30.20169738343713,54.435916806899435,42.52715006253785,47.93920219593195,3.2487866041253644,1.4167160323740167,1.9613848835256817,5.633733995593118,2.456733004116792,3.401245462761298,25.75906500339503,19.512257262856707,22.13570519015697,44.66889884981797,33.83628427084978,38.38561593668838,0.7135678391959799,-0.011432160804020097,0.013567839195979925,0.592964824120603,-0.017035175879396958,-0.012035175879396953,0.4824120603015075,0.017412060301507548,-0.007587939698492474,0.4383116883116883,0.12550779852238525,0.19101147232896698,0.4136807817589576,0.4371859296482412,0.11387765897154944,0.17842132196877547,0.43434343434343436,0.4347826086956522,0.1276039776438993,0.18895391014170337,0.40604026845637586,23.0,13.0,13.0,35.0,18.0,19.0,45.0,16.0,17.0,0.001218396367182173,9.077505182965211e-05,0.00013595779248388125,-0.021457889220348747,-0.019528633348253166,-0.019725524067074396,"[2.859375, 2.21484375, 0.2666015625, 0.05609130859375, 3.802776336669922e-05, 1.1826171875, 0.01139068603515625, 0.01456451416015625, 2.5703125, 1.765625, 13.8515625, 0.2705078125, 9.859375, 7.5, 5.265625, 3.8828125, 2.205078125, 6.34765625, 7.046875, 2.998046875, 2.908203125, 6.421875, 7.609375, 9.3125, 1.482421875, 6.7265625, 2.630859375, 8.3828125, 8.40625, 1.9208984375, 0.22900390625, 8.34375, 3.720703125, 4.84375, 3.84375, 3.603515625, 2.224609375, 3.294921875, 6.93359375, 4.96484375, 7.26953125, 0.06878662109375, 9.5078125, 2.03515625, 5.48828125, 4.1328125, 2.365234375, 0.0205535888671875, 0.003810882568359375, 0.1368408203125, 5.41796875, 3.822265625, 1.8056640625, 4.37890625, 4.5546875, 5.66796875, 2.115234375, 5.1875, 4.1015625, 5.109375, 4.8046875, 4.23828125, 1.2138671875, 0.004146575927734375, 0.2958984375, 4.38671875, 6.328125, 0.00261688232421875, 5.2109375, 1.4736328125, 0.4755859375, 0.305908203125, 0.422119140625, 2.384185791015625e-06, 3.5762786865234375e-06, 0.0001939535140991211, 8.130073547363281e-05, 0.0034999847412109375, 7.152557373046875e-06, 6.6328125, 4.1015625, 0.1917724609375, 0.52294921875, 2.32421875, 3.3125, 10.5703125, 2.5546875, 4.09765625, 11.1171875, 3.380859375, 9.640625, 8.0390625, 0.119384765625, 0.04315185546875, 3.2265625, 2.408203125, 2.447265625, 7.015625, 1.9853515625, 5.015625, 3.388671875, 3.888671875, 4.98046875, 0.121826171875, 2.1875, 3.5, 10.390625, 6.578125, 0.1549072265625, 1.4453125, 5.82421875, 0.3623046875, 10.4609375, 5.01953125, 1.56640625, 1.740234375, 1.5693359375, 7.07421875, 1.50390625, 1.7099609375, 2.349609375, 0.10894775390625, 0.298095703125, 6.78125, 0.03204345703125, 6.65234375, 1.1337890625, 2.279296875, 6.33984375, 0.02252197265625, 0.57080078125, 9.65625, 2.31640625, 1.7080078125, 0.0909423828125, 4.12109375, 10.15625, 0.7431640625, 0.363525390625, 7.453125, 3.49609375, 0.23681640625, 8.3125, 1.48046875, 1.78515625, 2.87109375, 4.1953125, 0.57763671875, 2.787109375, 0.1556396484375, 0.97021484375, 4.98828125, 2.185546875, 0.39501953125, 10.7109375, 0.79541015625, 1.654296875, 6.11328125, 3.92578125, 0.198486328125, 9.6796875, 2.568359375, 4.55078125, 7.3671875, 0.05352783203125, 0.90625, 5.22265625, 0.0170135498046875, 0.132080078125, 3.67578125, 3.625, 11.5859375, 7.3203125, 0.75048828125, 0.84326171875, 0.03778076171875, 0.05108642578125, 0.625, 6.24609375, 1.4248046875, 2.435546875, 1.607421875, 8.53125, 8.0546875, 0.1510009765625, 4.9140625, 1.9072265625, 7.70703125, 8.4453125, 0.81689453125, 0.0036163330078125, 0.042022705078125, 10.0625, 4.75, 2.23046875, 3.55078125, 2.50390625, 5.41015625, 1.5020370483398438e-05, 0.00018084049224853516, 3.9458274841308594e-05, 1.2159347534179688e-05, 0.002803802490234375, 3.5762786865234375e-07, 4.2265625, 6.22265625, 0.378173828125, 1.3818359375, 0.07659912109375, -0.0, 1.1920928955078125e-05, 1.7881393432617188e-06, 2.2172927856445312e-05, 0.0011091232299804688, 8.463859558105469e-06, 10.1875, 5.8046875, 7.265625, 6.48046875, 0.2252197265625, 0.157958984375, 2.587890625, 1.2509765625, 3.203125, 4.50390625, 6.19140625, 2.638671875, 0.00736236572265625, 0.1387939453125, 5.265625, 0.99072265625, 0.54638671875, 4.08203125, 3.140625, 8.5390625, 0.0655517578125, 6.97265625, 6.2265625, 4.75, 3.271484375, 9.2890625, 6.82421875, 4.484375, 2.51953125, 5.58203125, 0.2744140625, 2.845703125, 9.328125, 4.1015625, 0.342529296875, 5.94140625, 9.3046875, 1.095703125, 0.00399017333984375, 4.76171875, 5.2734375, 1.2451171875, 4.6328125, 3.6328125, 0.5888671875, 1.0986328125, 6.29296875, 0.006008148193359375, 4.86328125, 0.246337890625, 9.921875, 2.22265625, 3.578125, 1.7099609375, 3.814697265625e-06, 3.147125244140625e-05, 4.410743713378906e-06, 1.5497207641601562e-06, 0.0003578662872314453, -0.0, 5.8125, 6.0703125, 0.67578125, 0.7998046875, 0.08636474609375, -0.0, 2.205371856689453e-05, 1.9073486328125e-06, 1.0013580322265625e-05, 0.00042057037353515625, 6.556510925292969e-06, 3.791015625, 0.0305633544921875, 0.15185546875, 0.363037109375, 1.8212890625, 0.0001329183578491211, 8.7265625, 6.34765625, 7.62890625, 8.7265625, 2.330078125, 0.7548828125, 5.109375, 6.9921875, 7.27734375, 5.08203125, 0.6044921875, 0.397705078125, 11.078125, 3.84765625, 5.1015625, 1.228515625]",-0.7812898035173292
35,0,test,3.5213324351885418,1.6273176298754934,2.2193398431570484,5.992101602420281,2.7691371823295685,3.776556197195419,33.82947402864294,27.183476451902727,30.15285866055202,57.56617680012169,46.25696545406652,51.30983683674045,3.6426959828515746,1.5453243616121202,2.1961127948137342,5.647590671087713,2.3958517234296437,3.404826038470906,38.1946702203796,30.049935912580573,33.94609710911377,59.21654297733271,46.5890479264815,52.629607921106626,3.4991847204922832,1.5755446993926132,2.163717175203595,5.897502337908342,2.655412414706652,3.646714340230778,33.08846461193183,26.242632467004988,29.286691579909153,55.76707518864915,44.22915584326683,49.35959255040868,0.7336683417085428,0.008668341708542804,0.0036683417085427994,0.6130653266331658,-0.016934673366834185,-0.011934673366834181,0.49246231155778897,-0.02753768844221105,-0.012537688442211037,0.4267100977198697,0.10963692698816241,0.16777185286613183,0.42156862745098034,0.44221105527638194,0.10386519061472776,0.1734297531060981,0.4494949494949495,0.4247491638795987,0.1092232874188308,0.17002168890740743,0.41946308724832215,23.0,1.0,1.0,36.0,0.0,1.0,43.0,-1.0,0.0,0.00033758192539295876,-0.00021908495175005483,0.0001501080237631046,-0.010632465789170098,-0.011388168010596722,-0.012568782162481362,"[9.1171875, 1.1142578125, 10.28125, 0.00452423095703125, 0.008209228515625, 7.6953125, 2.5078125, 8.109375, 6.0546875, 7.11328125, 2.447265625, 2.998046875, 1.23828125, 5.90625, 0.61572265625, 2.595703125, 7.01171875, 5.359375, 1.4755859375, 1.875, 12.2578125, 0.54833984375, 0.0257720947265625, 0.57861328125, 0.0099639892578125, 0.28173828125, 0.005107879638671875, 0.07391357421875, 0.02398681640625, 0.005939483642578125, 0.158935546875, 1.7021484375, 0.68505859375, 4.5625, 0.6201171875, 4.71484375, 6.984375, 5.8046875, 2.23046875, 1.58203125, 4.3984375, 5.875, 4.60546875, 4.62109375, 4.1171875, 6.453125, 3.458984375, 0.89892578125, 4.04296875, 7.20703125, 5.609375, 0.01041412353515625, 4.4375, 1.029296875, 1.8759765625, 4.15234375, 5.33203125, 4.2890625, 7.78125, 4.58203125, 8.9296875, 0.0955810546875, 0.06890869140625, 4.31640625, 1.529296875, 2.583984375, 7.5546875, 0.002742767333984375, 0.88037109375, 1.5546875, 3.25, 0.003147125244140625, 9.140625, 0.54150390625, 2.583984375, 7.21484375, 0.370361328125, 1.9931640625, 9.046875, 2.548828125, 7.85546875, 0.7763671875, 0.002231597900390625, 8.4453125, 6.80859375, 0.08831787109375, 4.21484375, 5.17578125, 2.31640625, 3.66796875, 0.0245819091796875, 0.00411224365234375, 2.1328125, 7.9921875, 6.40234375, 0.734375, 1.818359375, 8.890625, 3.1328125, 1.818359375, 1.2060546875, 5.73828125, 5.3359375, 1.9267578125, 7.1875, 2.904296875, 2.328125, 3.279296875, 3.984375, 0.00196075439453125, 6.1640625, 3.16015625, 0.0103607177734375, 3.986328125, 6.2265625, 7.7890625, 5.53125, 3.908203125, 2.771484375, 9.703125, 8.7578125, 1.0673828125, 6.796875, 0.25341796875, 3.798828125, 2.931640625, 1.32421875, 5.453125, 0.43310546875, 8.46875, 7.8125, 8.8359375, 6.42578125, 3.69921875, 13.71875, 4.390625, 6.75390625, 4.4453125, 5.3125, 6.046875, 2.318359375, 1.154296875, 1.7939453125, 0.0032291412353515625, 8.3125, 2.556640625, 2.326171875, 3.0, 8.3828125, 2.33984375, 7.11328125, 1.7939453125, 3.640625, 5.26171875, 6.65234375, 1.669921875, 6.53125, 8.53125, 5.55859375, 2.0703125, 10.0625, 0.75634765625, 13.1875, 10.546875, 4.12890625, 1.6455078125, 12.1484375, 5.32421875, 0.135009765625, 0.2607421875, 6.51171875, 0.2266845703125, 0.0428466796875, 0.1622314453125, 0.00015413761138916016, 0.0003600120544433594, 2.669921875, 0.92724609375, 0.2017822265625, 2.9140625, 6.38671875, 3.095703125, 1.9697265625, 0.00225067138671875, 0.008392333984375, 0.047576904296875, 4.589557647705078e-05, 0.0011739730834960938, 2.87109375, 3.123046875, 1.6455078125, 1.259765625, 2.775390625, 6.26953125, 2.90625, 0.2357177734375, 0.285400390625, 4.1015625, 1.037109375, 1.84765625, 2.759765625, 1.26953125, 4.41015625, 6.953125, 3.419921875, 5.546875, 4.08203125, 0.01513671875, 2.5078125, 1.3037109375, 0.023956298828125, 0.0100555419921875, 0.1260986328125, 6.42538070678711e-05, 0.000591278076171875, 4.109375, 0.37646484375, 1.6357421875, 9.7265625, 4.8984375, 8.203125, 0.08868408203125, 0.003635406494140625, 0.0029354095458984375, 0.0053253173828125, 3.0040740966796875e-05, 0.0005083084106445312, 1.71484375, 0.61376953125, 0.483642578125, 2.41796875, 6.91015625, 0.468994140625, 0.71484375, 7.421875, 9.21875, 0.233154296875, 2.15234375, 4.47265625, 4.9375, 0.9716796875, 10.46875, 5.40625, 3.478515625, 2.16015625, 0.984375, 5.34765625, 6.28515625, 5.91015625, 1.484375, 0.2467041015625, 4.83984375, 0.634765625, 2.845703125, 9.75, 8.0234375, 2.03515625, 2.654296875, 6.375, 0.01529693603515625, 4.26171875, 4.16796875, 3.607421875, 4.40625, 3.109375, 0.8017578125, 2.85546875, 1.7509765625, 1.2783203125, 0.0308074951171875, 0.5322265625, 4.484375, 1.2685546875, 4.765625, 10.2265625, 12.609375, 0.27880859375, 0.84716796875, 0.7265625, 11.1484375, 1.7587890625, 0.11328125, 0.8173828125, 9.8046875, 1.1708984375, 3.607421875, 1.775390625, 2.94921875, 4.44140625, 8.8515625, 4.484375, 0.61767578125, 6.4765625, 4.8203125, 3.146484375, 1.58203125, 1.5615234375, 0.343505859375, 1.3408203125, 3.171875, 7.73046875, 12.9921875, 5.765625, 0.7412109375, 0.83642578125, 0.0003457069396972656, 3.5546875]",-1.0638611988446613
292,0,test,3.4793028625817346,1.62579716617553,2.217719854970915,5.602569737695717,2.6179503086108538,3.5710976126198326,32.437101074907474,26.05494682935646,28.906094398964566,52.232049936004856,41.95514515086117,46.54622380140961,3.7185519855825144,1.6938125417748409,2.3486395391417556,5.67717860394277,2.585973346221131,3.585709220063749,41.20468591061123,33.630548711447794,37.269679754017986,62.90791742078051,51.344349177782895,56.90027443361525,3.4995187190065415,1.6155385630203225,2.2190194676854342,5.705737041858492,2.6340302657940042,3.6179665234001646,33.09951795574876,26.51987714387437,29.501082154735727,53.96660536263385,43.23893012588213,48.09959046967782,0.7437185929648241,-0.016281407035175888,-0.0012814070351758744,0.6231155778894473,-0.006884422110552735,0.008115577889447279,0.4623115577889447,-0.007688442211055246,-0.007688442211055246,0.4153354632587859,0.09316640424762157,0.16453843881670305,0.3814102564102564,0.42713567839195976,0.10633367337942845,0.16837107071249402,0.3939393939393939,0.4147157190635451,0.09418149535736808,0.167774673457316,0.3791946308724832,24.0,-2.0,-2.0,35.0,-2.0,-1.0,43.0,-2.0,-2.0,0.001085805281716874,0.00035957986903555056,0.00027479783493892146,0.00045175010162257223,4.941647984857411e-05,-8.936957092231523e-05,"[8.3828125, 2.794921875, 9.1875, 7.5546875, 4.34375, 5.125, 8.1328125, 2.673828125, 1.9716796875, 11.90625, 1.9482421875, 1.947265625, 0.947265625, 3.15234375, 1.3525390625, 7.1171875, 2.142578125, 0.047882080078125, 8.4765625, 0.5771484375, 7.18359375, 6.43359375, 2.125, 2.337890625, 0.51513671875, 0.309326171875, 0.802734375, 10.1953125, 7.91796875, 5.953125, 1.53125, 1.4736328125, 3.19140625, 4.2109375, 0.12457275390625, 11.6328125, 2.4296875, 0.91064453125, 10.8046875, 1.1728515625, 4.46875, 1.43359375, 1.173828125, 8.75, 0.127197265625, 5.63671875, 1.5498046875, 4.2421875, 2.447265625, 6.76171875, 0.1832275390625, 0.75830078125, 8.3828125, 0.9873046875, 6.65234375, 2.408203125, 0.98291015625, 0.37255859375, 2.068359375, 8.8515625, 1.6005859375, 4.2109375, 0.271240234375, 0.5849609375, 0.0269012451171875, 0.33642578125, 5.6953125, 6.171875, 6.25, 4.6640625, 14.1640625, 4.34375, 3.14453125, 6.171875, 7.77734375, 2.607421875, 7.7265625, 5.25390625, 7.94140625, 9.2890625, 2.37890625, 9.1640625, 7.65234375, 9.5390625, 6.76171875, 0.953125, 4.5234375, 0.2359619140625, 0.04034423828125, 3.509765625, 4.26171875, 4.08984375, 9.7734375, 4.69140625, 5.20703125, 0.3515625, 4.5, 0.5341796875, 5.0546875, 4.09765625, 0.0941162109375, 1.8984375, 1.5, 8.1875, 3.6796875, 1.1279296875, 0.53076171875, 2.38671875, 0.29736328125, 0.06158447265625, 0.92578125, 2.265625, 4.1015625, 11.3125, 0.435302734375, 10.40625, 0.88330078125, 1.9267578125, 2.66796875, 0.404296875, 1.322265625, 0.6240234375, 1.7978515625, 2.111328125, 5.53125, 1.67578125, 6.33984375, 0.59375, 4.1640625, 1.10546875, 6.45703125, 3.75, 1.2783203125, 0.328369140625, 5.625, 2.263671875, 3.939453125, 0.7158203125, 0.127197265625, 0.64697265625, 6.484375, 0.87060546875, 5.8125, 2.703125, 1.2607421875, 7.62890625, 4.3046875, 0.8388671875, 9.1171875, 6.234375, 1.833984375, 0.00035071372985839844, 1.0888671875, 0.71240234375, 0.90771484375, 2.765625, 0.77587890625, 3.09375, 10.1796875, 2.333984375, 6.515625, 4.02734375, 0.205322265625, 7.23828125, 5.6796875, 8.5078125, 2.564453125, 2.009765625, 2.7890625, 2.416015625, 3.837890625, 0.335205078125, 0.021148681640625, 0.1358642578125, 8.1484375, 0.03363037109375, 7.97265625, 8.0625, 3.8203125, 1.9619140625, 5.828125, 2.267578125, 2.318359375, 4.2578125, 0.010009765625, 0.923828125, 7.45703125, 3.84765625, 2.98828125, 3.099609375, 4.65625, 2.078125, 2.23046875, 0.57373046875, 3.251953125, 1.8134765625, 7.09765625, 5.27734375, 1.1669921875, 3.130859375, 3.474609375, 1.8056640625, 1.4208984375, 10.109375, 5.84765625, 1.314453125, 3.740234375, 4.80078125, 4.859375, 1.349609375, 0.191162109375, 6.1640625, 0.054290771484375, 3.201171875, 0.61328125, 0.3603515625, 3.71484375, 1.306640625, 4.46484375, 0.1461181640625, 2.7265625, 6.53515625, 1.19140625, 1.9111328125, 7.0, 0.1787109375, 6.69921875, 2.640625, 7.86328125, 2.572265625, 2.4375, 1.46875, 4.95703125, 2.7421875, 1.78125, 7.3203125, 10.3828125, 9.15625, 4.015625, 3.16796875, 1.26171875, 0.0013790130615234375, 3.8828125, 6.68359375, 0.04034423828125, 6.93359375, 1.923828125, 2.642578125, 0.1549072265625, 7.42578125, 3.53125, 3.662109375, 2.2578125, 0.0670166015625, 0.01806640625, 0.0202789306640625, 5.87890625, 2.822265625, 7.87109375, 0.336669921875, 0.09014892578125, 0.9296875, 1.712890625, 2.517578125, 4.75390625, 1.619140625, 0.72265625, 2.275390625, 0.78271484375, 5.27734375, 0.411865234375, 0.779296875, 2.390625, 1.2734375, 0.142822265625, 0.0038909912109375, 0.0011854171752929688, 0.008575439453125, 4.6171875, 10.90625, 0.166748046875, 0.0030994415283203125, 3.33984375, 7.0703125, 10.703125, 4.3046875, 2.61328125, 0.040771484375, 0.320068359375, 9.1875, 2.19140625, 1.2109375, 3.671875, 0.14697265625, 2.765625, 4.3203125, 6.5, 1.8134765625, 1.83984375, 0.000934600830078125, 6.11328125, 0.32177734375, 2.04296875, 1.8818359375, 4.015625, 3.9921875, 3.455078125, 7.25390625, 1.318359375, 2.837890625, 5.12890625, 0.013885498046875, 4.2890625]",-1.0945930686621619
31,0,test,2.751541814792245,1.1445179194883934,1.4233106784385274,6.107818094373994,2.540578238864346,3.159436890599808,15.66676852775244,10.67882405642288,11.892407378650272,34.77678288578014,23.704642410960677,26.39853066469621,3.16322556991673,1.3332503061012542,1.8493911212281147,5.272042616527884,2.2220838435020904,3.0823185353801916,23.646747283950912,17.413014826089707,19.92633515802235,39.41124547325152,29.02169137681618,33.21055859670392,2.8977914745592352,1.240263310964561,1.7104102660195633,5.7955829491184705,2.480526621929122,3.4208205320391265,18.13405159738502,12.887724855051161,14.85556730851562,36.26810319477004,25.775449710102322,29.71113461703124,0.6683417085427136,-0.0016582914572863539,-0.006658291457286469,0.5376884422110553,0.01268844221105525,0.007688442211055246,0.38190954773869346,-0.013090452261306562,-0.013090452261306562,0.3870967741935484,0.08845984730383338,0.12316715542521994,0.3731343283582089,0.38190954773869346,0.07614513671112455,0.12481438914103071,0.38888888888888884,0.3745819397993311,0.06907275782938116,0.1198544648271398,0.37583892617449666,16.0,0.0,-1.0,31.0,1.0,2.0,33.0,-1.0,-1.0,-0.0003141059310143276,0.0007104702627186717,-0.00010135047159664349,-0.017343562437497795,-0.021195375110815817,-0.019233952485797623,"[2.892578125, 2.212890625, 0.25, 0.0423583984375, 3.719329833984375e-05, 0.7880859375, 0.01218414306640625, 0.01407623291015625, 7.58203125, 0.22900390625, 7.60546875, 7.2265625, 0.91259765625, 5.41796875, 4.37109375, 6.8671875, 2.693359375, 4.19921875, 0.74853515625, 0.18359375, 0.54931640625, 0.45849609375, 1.23828125, 11.2265625, 0.134033203125, 1.3359375, 2.876953125, 9.953125, 0.251953125, 0.302490234375, 2.376953125, 0.68701171875, 5.44140625, 7.484375, 2.423828125, 7.2734375, 1.494140625, 3.501953125, 0.444580078125, 0.0011425018310546875, 5.52734375, 7.80078125, 0.0001474618911743164, 8.03125, 2.197265625, 0.2880859375, 1.396484375, 0.155029296875, -0.0, 3.337860107421875e-06, 0.00266265869140625, 0.0008111000061035156, 9.5367431640625e-07, 5.57421875, 5.93359375, 3.41015625, 0.1650390625, 0.46240234375, 3.810546875, 1.384765625, 10.7890625, 2.2265625, 2.58984375, 0.78662109375, 2.73828125, 7.12109375, 2.900390625, 3.265625, 6.26953125, 1.859375, 4.21875, 6.45703125, 1.5810546875, 1.240234375, 1.732421875, 1.83203125, 7.26171875, 2.15234375, 4.7265625, 7.76171875, 2.001953125, 5.12109375, 2.375, 6.8984375, 5.76953125, 0.7216796875, 1.6552734375, 1.5497207641601562e-06, 9.5367431640625e-06, 4.291534423828125e-05, 8.094310760498047e-05, -0.0, 7.87890625, 0.84619140625, 0.99462890625, 0.1739501953125, 2.8515625, 7.6328125, 1.5732421875, 3.130859375, 1.4501953125, 0.72998046875, 4.89453125, 2.00390625, 1.294921875, 6.25390625, 0.023040771484375, 1.0830078125, 5.78125, 5.32421875, 0.1990966796875, 2.978515625, 0.88818359375, 6.62890625, 4.265625, 7.421875, 5.140625, 4.07421875, 7.29296875, 1.7705078125, 0.0863037109375, 0.406494140625, 3.490234375, 1.525390625, 3.794921875, 7.15625, 0.55517578125, 3.244140625, 1.7744140625, 3.326171875, 0.501953125, 11.8046875, 1.3701171875, 0.6357421875, 4.83203125, 6.28515625, 5.78515625, 1.314453125, 0.1483154296875, 0.53173828125, 2.63671875, 0.56298828125, 1.580078125, 0.64794921875, 0.7333984375, 9.890625, 0.043426513671875, 0.013916015625, 9.9140625, 4.83984375, 5.875, 0.081787109375, 9.4140625, 2.810546875, 9.4921875, 0.16552734375, 0.028533935546875, 7.05078125, 8.234375, 1.708984375, 1.453125, 2.65625, 0.383544921875, 5.4140625, 1.666015625, 3.763671875, 8.5859375, 2.8203125, 2.322265625, 0.30908203125, 0.05865478515625, 0.313720703125, 15.3359375, 4.265625, 3.24609375, 0.30908203125, 1.2509765625, 1.9833984375, 4.83984375, 2.6640625, 0.352294921875, 7.203125, 1.0634765625, 7.48828125, 2.234375, 3.451171875, 1.5078125, 5.73828125, 5.1796875, 2.611328125, 2.61328125, 8.625, 3.203125, 0.2115478515625, 7.60546875, 0.0728759765625, 0.71728515625, 4.125, 1.431640625, 0.375732421875, 5.67578125, 1.01953125, 2.61328125, 4.2734375, 2.734375, 1.3349609375, 8.1875, 1.0390625, 0.229736328125, 6.48828125, 0.57470703125, 0.74462890625, 3.376953125, 0.5634765625, 3.498046875, 8.0078125, 0.10968017578125, 0.341064453125, 2.236328125, 1.1920928955078125e-07, 1.6689300537109375e-06, 3.1948089599609375e-05, 0.0001659393310546875, 1.6689300537109375e-06, 3.166015625, 8.5859375, 4.91015625, 0.09197998046875, 0.43359375, 2.072265625, 0.00014162063598632812, 5.7109375, 4.7109375, 2.5703125, 1.15234375, 8.3671875, 0.039520263671875, 0.01320648193359375, 0.01534271240234375, 2.46875, 2.125, 5.30078125, 0.0975341796875, 1.8857421875, 3.052734375, 0.051849365234375, 0.96533203125, 2.90234375, 0.490478515625, 4.8359375, 5.078125, 2.564453125, 3.02734375, 2.85546875, 0.609375, 2.0703125, 1.1920928955078125e-07, 6.67572021484375e-06, 2.5987625122070312e-05, 2.7060508728027344e-05, 3.5762786865234375e-07, 2.375, 0.11517333984375, 0.045867919921875, 0.335205078125, 1.375, 0.3232421875, -0.0, 1.049041748046875e-05, 0.00013387203216552734, 6.914138793945312e-05, 4.589557647705078e-05, 5.62109375, 4.28515625, 0.1632080078125, 0.09246826171875, 2.421875, 0.708984375, 1.701171875, 8.46875, 4.40625, 2.65625, 8.2109375, 0.6318359375, 3.560546875, 9.21875, 2.037109375, 1.0380859375, 11.9765625, 8.8046875, 1.5380859375, 5.4296875, 0.50341796875, 7.171875, 1.9873046875, 1.2099609375, 0.4111328125, 7.15234375, 3.916015625, 1.015625, 1.81640625, 7.203125, 0.045013427734375, 5.73046875, 2.6171875, 0.024810791015625, 2.453125, 0.005825042724609375, 4.484375, 8.234375, 6.09375, 1.2109375, 4.1640625, 0.22802734375, 0.04730224609375, 0.28076171875, 0.572265625, 0.2154541015625, 9.7734375, 0.50341796875, 4.4921875, 6.6796875, 5.4453125, 3.59375, 0.55712890625, 4.75390625, 3.009765625, 0.98291015625, -0.0, 3.2186508178710938e-06, 0.00012969970703125, 3.0875205993652344e-05, -0.0, 4.5390625, 0.05035400390625, 0.0007557868957519531, 0.331298828125, 0.84716796875, 1.943359375, 1.73828125, 5.46875, 2.927734375, 0.64404296875, 7.8359375, 3.19921875, 0.047119140625, 6.02734375, 5.19921875, 0.3603515625, 0.2462158203125, 0.6220703125, 0.244384765625, 0.0078125, 0.00628662109375, 0.078125, 7.046875, 1.16015625, 3.791015625, 0.03997802734375, 4.609375, 4.5078125, 0.521484375, 8.5859375, 0.4560546875, 0.077880859375, 1.9931640625, 4.59375, 7.921875, 5.5, 0.63037109375, 5.960464477539062e-07, 2.5153160095214844e-05, 0.0003600120544433594, 1.1444091796875e-05, 1.1920928955078125e-07, 5.52734375, 3.197265625, 0.041717529296875, 2.19921875, 0.05816650390625, -0.0, 2.9087066650390625e-05, 0.00036525726318359375, 3.349781036376953e-05, 1.704692840576172e-05, 5.0546875, 0.1734619140625, 1.3642578125, 0.047149658203125, -0.0, 4.8041343688964844e-05, 0.00035500526428222656, 3.933906555175781e-05, 0.00035858154296875, 9.3359375, 3.19921875, 0.1502685546875, 4.73828125, 2.693359375, 7.265625, 4.09765625, 8.265625, 4.03515625]",-0.688361682903678
472,0,test,4.27975044032884,2.0089522798856096,2.7356045618259084,6.2952143104837015,2.955028644250345,4.023883454313692,72.22241395625393,62.53528434333668,67.53844471707013,106.23413215658282,91.9850403422336,99.34434019429503,4.332469354921849,2.0191851797415383,2.7730235136933064,6.059397699191397,2.8240352164217315,3.8783545646060227,76.13205170097793,66.02448648063267,71.37586686781198,106.47839398738172,92.341939133752,99.82638722770908,4.27975044032884,2.0089522798856096,2.7356045618259084,6.2952143104837015,2.955028644250345,4.023883454313692,72.22241395625393,62.53528434333668,67.53844471707013,106.23413215658282,91.9850403422336,99.34434019429503,0.8190954773869347,-0.005904522613065288,-0.015904522613065297,0.6783919597989949,0.018391959798994995,0.008391959798994986,0.5778894472361809,-0.002110552763819218,0.007889447236180791,0.43253968253968256,0.09722222222222221,0.1693121693121693,0.4183266932270916,0.4522613065326633,0.12060301507537685,0.18927973199329984,0.4242424242424242,0.43253968253968256,0.09722222222222221,0.1693121693121693,0.4183266932270916,28.0,4.0,3.0,43.0,6.0,8.0,48.0,1.0,2.0,7.941667245008341e-05,0.000212423996346376,0.00010336948439956707,-5.857619511928647e-05,-0.00012331829868550415,0.00012440840417138332,"[5.8359375, 8.671875, 7.75, 2.26171875, 7.62890625, 6.34375, 7.41015625, 5.921875, 1.966796875, 5.30078125, 1.7880859375, 3.36328125, 10.9375, 2.33984375, 5.88671875, 9.4765625, 7.94140625, 2.767578125, 2.341796875, 4.410743713378906e-06, 0.054901123046875, 1.857421875, 6.78515625, 10.5625, 5.26171875, 2.595703125, 10.625, 0.07281494140625, 2.03125, 0.07000732421875, 8.453125, 6.72265625, 1.6220703125, 0.451904296875, 0.0382080078125, 0.09588623046875, 0.1761474609375, 1.365234375, 1.8037109375, 3.578125, 8.34375, 5.140625, 2.8203125, 0.6337890625, 3.263671875, 2.068359375, 1.185546875, 7.8828125, 0.2431640625, 5.05078125, 8.3828125, 1.021484375, 9.7265625, 10.4296875, 4.6953125, 4.0625, 5.09765625, 1.1416015625, 0.56689453125, 0.751953125, 9.1484375, 3.916015625, 5.6796875, 8.734375, 0.412353515625, 0.81982421875, 6.80078125, 8.3515625, 3.408203125, 7.28515625, 2.3203125, 3.1796875, 1.1123046875, 10.46875, 1.30078125, 4.12890625, 6.609375, 3.6015625, 3.1875, 9.484375, 5.52734375, 3.314453125, 3.40234375, 4.8984375, 2.572265625, 6.53125, 1.388671875, 6.6875, 0.59716796875, 6.30078125, 0.84033203125, 10.1640625, 4.5546875, 2.564453125, 7.8671875, 6.765625, 10.1796875, 8.3359375, 0.6953125, 1.8857421875, 1.87890625, 11.625, 2.8125, 10.1015625, 0.17724609375, 5.11328125, 3.330078125, 4.09375, 9.46875, 7.1796875, 5.61328125, 1.25, 1.65234375, 8.2890625, 1.509765625, 1.841796875, 0.01403045654296875, 5.32421875, 1.4775390625, 4.12890625, 6.52734375, 3.79296875, 5.76171875, 11.9765625, 0.70361328125, 0.9345703125, 4.140625, 5.05859375, 1.5634765625, 3.630859375, 1.3671875, 9.2578125, 0.344970703125, 11.453125, 1.38671875, 0.412841796875, 5.703125, 0.22119140625, 4.35546875, 6.26171875, 8.9296875, 5.15625, 1.916015625, 1.7353515625, 9.15625, 3.68359375, 0.3037109375, 4.64453125, 1.080078125, 4.49609375, 4.18359375, 0.083740234375, 5.0078125, 4.5703125, 3.515625, 2.623046875, 5.49609375, 2.599609375, 4.37890625, 1.0302734375, 5.82421875, 6.97265625, 3.68359375, 0.6533203125, 0.57666015625, 8.6640625, 0.082763671875, 3.6484375, 1.02734375, 1.0302734375, 9.6015625, 0.8388671875, 1.388671875, 5.15625, 3.375, 2.09765625, 11.859375, 1.57421875, 8.78125, 8.4453125, 0.626953125, 8.7578125, 9.296875, 1.02734375, 3.826171875, 1.9697265625, 5.390625, 10.7109375, 3.30078125, 6.98046875, 1.86328125, 7.4296875, 0.0467529296875, 5.96484375, 2.263671875, 0.01702880859375, 8.7109375, 6.25390625, 0.1690673828125, 1.953125, 5.55859375, 4.94140625, 5.171875, 2.57421875, 2.87890625, 6.0390625, 2.279296875, 4.63671875, 1.634765625, 0.99560546875, 1.6435546875, 0.0031871795654296875, 4.04296875, 5.55078125, 7.61328125, 1.53125, 4.640625, 1.466796875, 4.24609375, 2.791015625, 12.5703125, 1.98828125, 3.73828125, 0.206298828125, 0.283203125, 3.38671875, 4.2578125, 1.7041015625, 10.015625, 1.8515625, 2.34765625, 3.025390625, 6.8671875, 1.2197265625, 9.4140625, 4.12109375, 0.03350830078125, 10.9921875, 3.8125, 4.07421875, 7.71484375, 0.9013671875, 10.4609375, 7.01953125, 8.078125, 3.701171875, 0.52880859375, 5.58203125, 1.970703125, 9.5859375, 0.58056640625, 0.364501953125]",-0.7323621771638358
69,0,test,3.6658852669730115,1.5972599043032782,2.1945817985184473,5.976503859489334,2.6040176621671627,3.5778333563724987,39.090726579155415,31.17678973494617,34.73581865093845,63.72972999874428,50.827614780003145,56.629910406681475,3.847669002398774,1.5527523720099738,2.1924237279441696,6.059321263620117,2.4452793259999592,3.452635792038063,46.88365008434588,36.96004143394336,41.64928646392124,73.83251981786752,58.20478965975331,65.58942750223817,3.659389912637312,1.5906098975585312,2.1828038236924105,5.965914463632951,2.5931761360196663,3.5586316883227784,38.837641287903,30.922480439650595,34.45966716248849,63.317124281490344,50.41301356524855,56.17969979823882,0.778894472361809,0.008894472361808958,-0.0011055276381910506,0.6381909547738693,-0.0018090452261306789,-0.011809045226130688,0.5276381909547738,0.0026381909547738003,0.0026381909547738003,0.4104477611940298,0.06966563828900185,0.12508795970519604,0.44194756554307113,0.4120603015075377,0.06619563985340238,0.11489836494660277,0.48484848484848486,0.41417910447761197,0.06408599460796582,0.1288193029887782,0.45318352059925093,25.0,14.0,14.0,34.0,8.0,8.0,42.0,12.0,11.0,0.0004926408501502462,0.0001630786773903478,-8.622269457154098e-05,-0.00016945494488584956,0.00022372510708557058,6.833549267337702e-05,"[2.88671875, 2.212890625, 0.2330322265625, 0.0401611328125, 3.814697265625e-05, 1.2705078125, 0.01294708251953125, 0.01422119140625, 6.5859375, 1.580078125, 2.533203125, 0.020294189453125, 6.546875, 6.64453125, 1.8583984375, 6.6015625, 1.1337890625, 2.66796875, 8.4375, 4.17578125, 0.5361328125, 10.859375, 2.80859375, 3.412109375, 1.6103515625, 4.00390625, 0.65625, 0.0239715576171875, 3.345703125, 5.75, 0.312255859375, 0.8408203125, 8.28125, 1.68359375, 8.5703125, 5.3515625, 5.4296875, 0.0714111328125, 9.1796875, 3.30078125, 5.71875, 2.953125, 4.66796875, 5.49609375, 5.3046875, 1.2802734375, 7.1171875, 1.673828125, 0.31005859375, 11.0078125, 3.333984375, 3.58203125, 0.68798828125, 0.1793212890625, 0.147705078125, 2.408203125, 0.0114898681640625, 8.2578125, 9.5625, 1.5263671875, 4.90625, 1.873046875, 2.8515625, 4.0390625, 4.5078125, 0.3251953125, 0.3642578125, 11.2578125, 0.241943359375, 2.369140625, 2.580078125, 0.347900390625, 3.69140625, 4.43359375, 3.783203125, 6.8203125, 7.14453125, 3.068359375, 3.919921875, 3.03515625, 1.2158203125, 0.003177642822265625, 0.361572265625, 0.078857421875, 2.255859375, 0.0007500648498535156, 3.03125, 7.3359375, 1.63671875, 7.7421875, 2.54296875, 5.93359375, 0.75732421875, 9.0, 3.0859375, 0.0009751319885253906, 9.453125, 5.0859375, 8.9453125, 0.460205078125, 2.83203125, 1.4443359375, 6.62109375, 3.494140625, 3.91796875, 7.8515625, 8.109375, 9.53125, 5.609375, 7.609375, 2.2265625, 6.203125, 13.4453125, 7.453125, 1.322265625, 7.390625, 8.296875, 3.244140625, 6.6875, 6.55859375, 1.654296875, 8.46875, 8.5546875, 0.26318359375, 5.05078125, 5.41796875, 1.51953125, 2.35546875, 0.008270263671875, 8.7421875, 7.89453125, 2.62890625, 1.23828125, 6.1171875, 1.1865234375, 6.3828125, 0.107666015625, 1.505859375, 2.037109375, 7.8359375, 5.5625, 4.34765625, 2.58984375, 1.5078125, 5.78515625, 2.619140625, 0.00667572021484375, 0.437255859375, 0.0255279541015625, 4.54296875, 8.140625, 8.578125, 8.515625, 7.21484375, 0.009490966796875, 6.68359375, 1.1181640625, 2.8125, 6.16015625, 1.8447265625, 0.462158203125, 3.181640625, 0.8818359375, 2.3671875, 2.423828125, 0.74267578125, 3.189453125, 6.0703125, 7.98828125, 2.125, 2.25, 12.2421875, 0.783203125, 1.0791015625, 8.0546875, 1.2666015625, 5.28125, 3.34375, 1.318359375, 1.5439453125, 0.001110076904296875, 3.23828125, 3.640625, 9.5234375, 1.6142578125, 7.6015625, 0.85888671875, 5.390625, 4.88671875, 0.2218017578125, 6.22265625, 3.1796875, 3.462890625, 3.349609375, 0.023590087890625, 6.734375, 5.046875, 8.3125, 5.64453125, 3.26171875, 9.03125, 5.14453125, 2.509765625, 5.5234375, 2.435546875, 2.515625, 3.744140625, 0.0059661865234375, 7.50390625, 0.82763671875, 3.1015625, 7.40625, 3.365234375, 8.4453125, 4.26953125, 2.47265625, 3.197265625, 0.002323150634765625, 0.5263671875, 0.0171661376953125, 10.65625, 0.5498046875, 0.85498046875, 5.08984375, 9.1953125, 0.7861328125, 4.61328125, 0.34033203125, 2.50390625, 0.0047607421875, 0.53125, 0.018096923828125, 2.287109375, 6.734375, 6.1953125, 0.0169830322265625, 4.48046875, 0.595703125, 7.2265625, 1.099609375, 2.3515625, 2.41796875, 3.958984375, 2.33984375, 1.671875, 2.935546875, 1.1396484375, 0.93310546875, 7.26171875, 0.0011692047119140625, 0.258544921875, 0.0281982421875, 1.7294921875, 4.875, 5.12109375, 3.255859375, 0.0243988037109375, 3.380859375, 1.20703125, 4.19921875, 1.873046875, 4.77734375, 2.330078125, 4.24609375, 1.5693359375, 7.5234375, 0.5166015625, 1.373046875]",-0.9453093436226916
26,0,test,3.2885020558775606,1.468703138366678,1.9305138533173447,5.790281131880106,2.586041889564294,3.399182287180779,26.802684646524167,20.63206712453158,22.914321817135196,47.1932437795258,36.32823302309866,40.34674846270695,3.200409472288199,1.328114761297121,1.8820480074438757,5.2899330120466095,2.195231010408464,3.1108231527997945,24.542577645319884,18.03937538519182,20.80528497316759,40.56624404185105,29.817149397011274,34.38890078209519,3.094090896306628,1.384124551401609,1.9047917032521573,5.428229642643208,2.42828868666949,3.341739830266943,22.06716807186429,16.538392668832767,18.782389666817643,38.71432995063911,29.014723980408363,32.95156081897832,0.6582914572864322,0.003291457286432209,-0.0017085427135676845,0.5527638190954773,-0.0022361809045226,0.0027638190954772934,0.46733668341708545,0.0223366834170855,0.012336683417085492,0.44141689373297,0.13801553318875226,0.19117251445633265,0.4590163934426229,0.44723618090452266,0.12643417589199135,0.19014102230685992,0.4696969696969697,0.43143812709030105,0.13093729236576013,0.19450820495459475,0.4429530201342282,22.0,6.0,6.0,37.0,9.0,9.0,42.0,5.0,5.0,-0.0005465557051438625,-0.00028611362199485645,-0.00019255609760780574,-0.009372288588644473,-0.012534293830616328,-0.01069342021721642,"[2.88671875, 2.212890625, 0.2330322265625, 0.0401611328125, 3.814697265625e-05, 1.2705078125, 0.01294708251953125, 0.01422119140625, 10.5859375, 0.61474609375, 3.755859375, 5.05078125, 0.10174560546875, 0.67333984375, 0.1375732421875, 0.337646484375, 0.58544921875, 6.49609375, 3.486328125, 2.84765625, 6.2578125, 3.359375, 0.59814453125, 4.9453125, 5.078125, 3.697265625, 9.453125, 1.3310546875, 5.24609375, 4.0234375, 7.3046875, 4.953125, 5.609375, 7.32421875, 2.974609375, 8.0390625, 1.9365234375, 1.48046875, 4.76953125, 0.1102294921875, 1.6572265625, 0.15966796875, 4.12890625, 0.2044677734375, 2.9765625, 5.39453125, 3.5234375, 9.9609375, 2.8828125, 0.296875, 0.68359375, 5.5234375, 0.8232421875, 0.64501953125, 2.28125, 4.14453125, 1.1201171875, 3.173828125, 6.58203125, 2.6328125, 5.78515625, 4.234375, 8.3359375, 0.15234375, 0.03375244140625, 7.891654968261719e-05, 0.020355224609375, 0.277099609375, 0.406005859375, 0.007160186767578125, 0.82275390625, 3.76953125, 5.7578125, 0.0045013427734375, 1.3818359375, 8.046875, 3.5762786865234375e-05, 6.69140625, 1.0439453125, 0.1568603515625, 4.4140625, 0.0003266334533691406, 0.0010290145874023438, 0.0013475418090820312, 6.663799285888672e-05, 0.048614501953125, 7.5859375, 0.06866455078125, 0.3095703125, 5.94921875, 1.0810546875, 2.36328125, 0.005062103271484375, 8.4375, 0.499267578125, 5.7734375, 0.296142578125, 0.370849609375, 2.638671875, 7.0859375, 11.0625, 4.9921875, 0.08782958984375, 0.04254150390625, 4.25390625, 2.662109375, 4.12109375, 5.85546875, 8.265625, 1.4208984375, 8.4453125, 5.83203125, 1.7265625, 5.9296875, 0.009552001953125, 0.035675048828125, 0.0034465789794921875, 5.65234375, 4.7890625, 7.015625, 3.021484375, 1.544921875, 3.953125, 9.65625, 3.134765625, 1.2666015625, 7.5625, 0.286865234375, 3.6875, 0.00926971435546875, 0.01409149169921875, 0.0080718994140625, 8.15625, 7.2265625, 1.9091796875, 8.71875, 12.2109375, 4.21875, 1.54296875, 1.375, 3.2109375, 9.1640625, 0.062103271484375, 5.578125, 4.94921875, 0.8388671875, 2.014636993408203e-05, 4.8160552978515625e-05, 2.5510787963867188e-05, 1.6689300537109375e-06, -0.0, 6.77734375, 5.6640625, 0.4365234375, 2.5546875, 8.320808410644531e-05, 0.0013208389282226562, 3.4570693969726562e-06, 2.3126602172851562e-05, 0.0001367330551147461, 4.8359375, 3.015625, 0.225341796875, 0.1700439453125, 5.5546875, 1.5810546875, 3.74609375, 9.1015625, 0.00626373291015625, 4.5625, 6.85546875, 3.41796875, 5.1796875, 4.5234375, 0.8671875, 6.6328125, 6.62109375, 1.8232421875, 2.630859375, 4.45703125, 8.109375, 5.21875, 1.1142578125, 1.625, 3.044921875, 5.49609375, 6.58203125, 5.7890625, 3.78125, 7.94140625, 1.8642578125, 2.64453125, 2.865234375, 2.205078125, 5.18359375, 9.2109375, 0.482666015625, 6.41796875, 2.0390625, 3.806640625, 4.01171875, 10.4921875, 2.416015625, 7.3515625, 0.292724609375, 0.63720703125, 2.1953125, 8.359375, 5.78515625, 4.94921875, 0.0198211669921875, 5.58984375, 2.01953125, 9.703125, 4.67578125, 0.318115234375, 0.8388671875, 3.73828125, 2.345703125, 7.37109375, 6.4296875, 1.408203125, 0.71630859375, 2.416015625, 0.88232421875, 7.045269012451172e-05, 2.9206275939941406e-05, 1.0132789611816406e-05, 1.0371208190917969e-05, -0.0, 9.96875, 4.58984375, 2.943359375, 0.2086181640625, 1.0009765625, 3.255859375, 0.043212890625, 1.400390625, 6.06640625, 5.53125, 5.16015625, 1.3271484375, 1.3916015625, 3.013671875, 2.138671875, 3.654296875, 5.04296875, 1.7119140625, 5.01171875, 4.546875, 1.48828125, 4.8828125, 4.09375, 1.119140625, 2.439453125, 6.27734375, 0.80322265625, 4.15234375, 0.01421356201171875, 8.375, 3.990234375, 0.0897216796875, 4.47265625, 4.953125, 8.640625, 1.796875, 10.1015625, 1.6240234375, 6.46484375, 1.26953125, 1.1318359375, 7.677078247070312e-05, 3.900390625, 6.5546875, 0.323974609375, 5.50390625, 0.294677734375, 8.40625, 0.85205078125, 0.2288818359375, 5.515625, 8.3671875, 4.95703125, 0.58203125, 0.427001953125, 0.0196533203125, 0.007350921630859375, 3.039836883544922e-05, 1.6808509826660156e-05, 0.01105499267578125, 0.0013256072998046875, 0.00010216236114501953, 4.76837158203125e-07, 1.1920928955078125e-07, 6.413459777832031e-05, 4.315376281738281e-05, 2.4080276489257812e-05, 0.061065673828125, 0.97021484375, 1.423828125, 5.28515625, 0.10565185546875, 7.328125, 5.59375, 0.04913330078125, 10.875, 6.6484375, 2.830078125, 11.0, 8.046875, 3.845703125, 0.2115478515625, 2.013671875, 9.109375, 3.12109375, 4.296875, 0.364990234375, 2.2578125, 0.970703125, 1.4873046875, 1.05859375, 0.69140625, 0.63037109375, 0.935546875, 6.52734375, 1.015625, 0.427978515625, 1.4443359375, 3.123046875, 8.6875, 6.40625, 0.10797119140625, 2.396484375, 5.3984375, 0.2357177734375, 3.685546875, 7.00390625, 4.94921875, 8.609375, 1.9853515625, 3.822265625, 4.671875, 4.0703125, 5.0, 0.56201171875, 6.87109375, 10.3359375, 13.171875, 3.08203125, 8.21875, 1.9658203125, 1.6640625, 8.0078125, 1.220703125, 0.430908203125, 4.66015625, 4.4375, 5.24609375, 0.5498046875, 0.228271484375, 3.880859375, 7.125, 8.3203125, 4.828125, 2.732421875, 6.015625, 0.77587890625]",-1.6722852404176054
226,0,test,3.1903367061539,1.3767604592786842,1.9256145088162873,5.359765666338552,2.312957571588189,3.2350323748113623,24.296606883039807,18.164267860740168,20.754498290820777,40.818299563506876,30.51597000604348,34.8675571285789,3.6051044751651324,1.5464216398833388,2.172296285828953,5.814684637363117,2.49422845142474,3.503703686820892,36.78552683048314,28.949884651689885,32.59507656815708,59.33149488787604,46.693362341435304,52.57270414218884,3.1903367061539,1.3767604592786842,1.9256145088162873,5.359765666338552,2.312957571588189,3.2350323748113623,24.296606883039807,18.164267860740168,20.754498290820777,40.818299563506876,30.51597000604348,34.8675571285789,0.7889447236180904,0.0089447236180904,0.023944723618090413,0.6231155778894473,0.003115577889447274,0.013115577889447283,0.4773869346733668,-0.017613065326633204,-0.007613065326633195,0.4183266932270916,0.1055776892430278,0.15537848605577687,0.392,0.42211055276381915,0.09045226130653272,0.1474036850921273,0.4494949494949495,0.4183266932270916,0.1055776892430278,0.15537848605577687,0.392,26.0,15.0,15.0,40.0,20.0,21.0,46.0,17.0,16.0,0.0007111236076014518,0.0007983250634588326,0.00045491573985836686,-0.015119854495953433,-0.017083076328414215,-0.01797675329029147,"[7.03125, 1.359375, 1.5029296875, 0.00634765625, 0.041778564453125, 5.08984375, 1.4072265625, 7.9296875, 0.11212158203125, 10.9765625, 1.63671875, 0.4833984375, 0.11505126953125, 0.019989013671875, 0.06475830078125, 1.341796875, 1.2470703125, 4.8203125, 1.640625, 3.607421875, 9.40625, 2.3984375, 0.050048828125, 4.3125, 3.90234375, 1.626953125, 3.986328125, 0.64306640625, 5.5390625, 5.22265625, 7.0703125, 5.65625, 4.7734375, 2.3125, 8.3359375, 0.578125, 0.51904296875, 2.0390625, 1.572265625, 2.001953125, 0.7109375, 1.5390625, 1.8857421875, 4.50390625, 0.053680419921875, 4.171875, 0.72412109375, 5.4765625, 0.2587890625, 1.90625, 2.859375, 2.28515625, 7.41796875, 0.8251953125, 3.888671875, 5.45703125, 0.0209808349609375, 2.017578125, 1.2470703125, 0.401611328125, 6.80078125, 7.60546875, 0.34228515625, 1.91796875, 6.953125, 0.252197265625, 0.470703125, 4.7265625, 9.5625, 9.359375, 5.9375, 3.251953125, 5.34765625, 1.7021484375, 10.21875, 6.44140625, 0.8564453125, 6.37109375, 4.68359375, 1.759765625, 7.23828125, 4.56640625, 6.56640625, 4.53125, 3.5859375, 0.2342529296875, 5.88671875, 2.921875, 2.255859375, 0.488037109375, 9.203125, 0.2119140625, 5.99609375, 1.283203125, 1.28125, 5.43359375, 6.15625, 0.5498046875, 7.5546875, 5.30078125, 6.5625, 2.443359375, 1.8447265625, 1.4462890625, 3.3515625, 5.32421875, 4.078125, 10.7890625, 4.95703125, 8.515625, 2.697265625, 1.904296875, 4.91796875, 6.47265625, 4.890625, 4.09375, 5.5390625, 9.0625, 0.9345703125, 2.72265625, 5.9140625, 2.6796875, 9.4296875, 2.119140625, 7.87109375, 3.462890625, 1.7080078125, 2.984375, 2.203125, 9.78125, 9.71875, 4.73046875, 3.44140625, 4.296875, 10.09375, 5.85546875, 6.01953125, 2.671875, 6.2890625, 0.222900390625, 0.0128936767578125, 0.71875, 0.5927734375, 6.08984375, 1.21875, 4.265625, 0.0626220703125, 4.3515625, 1.1591796875, 0.50048828125, 1.97265625, 6.82421875, 5.08984375, 10.1796875, 3.20703125, 9.203125, 2.849609375, 3.076171875, 0.54736328125, 9.1640625, 1.4423828125, 3.505859375, 0.8515625, 1.115234375, 0.0036296844482421875, 7.29296875, 1.1123046875, 5.95703125, 0.74072265625, 4.9765625, 6.18359375, 0.5966796875, 0.010406494140625, 2.18359375, 1.841796875, 1.509765625, 2.205078125, 3.048828125, 1.080078125, 1.48828125, 4.9765625, 0.297119140625, 3.3515625, 1.404296875, 6.1171875, 1.7470703125, 0.79443359375, 1.2958984375, 10.890625, 3.15234375, 0.1412353515625, 5.828125, 1.2666015625, 2.322265625, 2.255859375, 1.7236328125, 4.22265625, 4.66796875, 1.0908203125, 5.015625, 4.92578125, 0.059234619140625, 2.076171875, 7.2734375, 4.18359375, 0.1971435546875, 0.828125, 8.1875, 1.0556640625, 5.4375, 0.53759765625, 2.052734375, 3.96875, 0.05389404296875, 0.00791168212890625, 1.2822265625, 0.80810546875, 0.0221099853515625, 0.061981201171875, 0.1136474609375, 0.4345703125, 0.02215576171875, 0.08355712890625, 0.03778076171875, 0.8291015625, 0.01233673095703125, 0.11053466796875, 0.051666259765625, 0.505859375, 0.00533294677734375, 0.1285400390625, 0.01354217529296875, 0.45947265625, 0.0034389495849609375, 0.0740966796875, 0.01201629638671875, 0.1988525390625, 0.006866455078125, 0.0638427734375, 0.005855560302734375, 3.0859375, 2.34765625, 0.0225677490234375, 1.724609375, 4.71484375, 2.017578125, 8.0859375, 3.005859375, 0.60107421875, 4.48046875, 3.8203125]",-0.7559530716018372
245,0,test,3.8513485136973498,1.7170881420827753,2.4250041069395323,5.852049040293376,2.6090819821257756,3.684746500154874,47.05647676842927,38.60568302057698,42.89302531428945,71.5013997650159,58.66058329100658,65.1751163866476,3.9493564954355134,1.6609520982358874,2.3789407585986515,5.723705065848571,2.4071769539650547,3.4477402298531192,51.90195694007773,42.04276317326496,47.09331003014539,75.22022744938802,60.93154083081878,68.25117395673244,3.8513485136973498,1.7170881420827753,2.4250041069395323,5.852049040293376,2.6090819821257756,3.684746500154874,47.05647676842927,38.60568302057698,42.89302531428945,71.5013997650159,58.66058329100658,65.1751163866476,0.8090452261306533,-0.010954773869346734,-0.005954773869346619,0.6683417085427136,-0.011658291457286363,-0.016658291457286478,0.5175879396984925,-0.012412060301507544,-0.002412060301507535,0.4420600858369099,0.10373032138294846,0.17101871636472732,0.4181034482758621,0.44723618090452266,0.09385272225790608,0.16176038791620884,0.43434343434343436,0.4420600858369099,0.10373032138294846,0.17101871636472732,0.4181034482758621,24.0,-1.0,0.0,35.0,0.0,0.0,45.0,0.0,-1.0,0.00011569817252510633,0.00011160218055396244,0.00016133663936016837,7.309232023011702e-05,-1.888252780091193e-05,-4.806743682639336e-05,"[3.22265625, 4.23828125, 2.50390625, 4.265625, 0.66748046875, 6.421875, 0.09515380859375, 7.24609375, 6.609375, 11.5078125, 1.2841796875, 7.703125, 3.0234375, 4.6953125, 3.04296875, 13.2890625, 0.61962890625, 4.2734375, 4.1015625, 1.9931640625, 2.037109375, 2.693359375, 0.1556396484375, 1.392578125, 8.0703125, 0.0897216796875, 9.1015625, 11.1015625, 4.984375, 0.89990234375, 3.12890625, 2.126953125, 1.462890625, 1.7099609375, 3.986328125, 6.04296875, 5.15234375, 2.39453125, 0.2325439453125, 5.91015625, 3.40234375, 5.8359375, 0.363525390625, 4.97265625, 11.65625, 5.015625, 3.88671875, 1.748046875, 6.17578125, 10.2109375, 5.48046875, 4.2734375, 9.265625, 2.447265625, 0.453369140625, 1.6533203125, 1.041015625, 0.59423828125, 0.00670623779296875, 8.8203125, 0.328125, 3.599609375, 0.357421875, 4.140625, 1.2177734375, 2.8671875, 3.26953125, 0.039764404296875, 5.2928924560546875e-05, 3.275390625, 0.0211944580078125, 0.0002193450927734375, 3.96484375, 6.24609375, 5.69140625, 0.2445068359375, 4.99609375, 6.265625, 2.09765625, 0.69580078125, 8.0546875, 2.958984375, 8.46875, 2.75, 4.671875, 7.84765625, 1.8935546875, 5.64453125, 6.6015625, 9.640625, 4.2890625, 0.07086181640625, 1.5107421875, 2.49609375, 8.4921875, 2.6796875, 8.2890625, 3.912109375, 6.6953125, 2.619140625, 7.7265625, 6.1015625, 1.376953125, 5.48046875, 3.021484375, 1.630859375, 2.58984375, 3.1875, 5.78125, 0.171875, 7.75, 7.76171875, 3.09765625, 0.330078125, 1.7158203125, 0.89697265625, 0.95458984375, 4.19140625, 10.9921875, 2.591796875, 8.0078125, 0.701171875, 11.6484375, 1.9873046875, 1.2451171875, 2.265625, 6.41796875, 0.54638671875, 7.87109375, 2.9765625, 1.580078125, 4.5390625, 2.013671875, 10.15625, 9.5859375, 4.6796875, 6.7421875, 0.78076171875, 2.6328125, 9.671875, 1.4443359375, 6.0390625, 1.12109375, 4.3359375, 6.41796875, 2.498046875, 0.52392578125, 2.8828125, 1.828125, 3.345703125, 7.0, 4.40234375, 1.2431640625, 5.72265625, 6.00390625, 2.751953125, 6.98828125, 1.181640625, 3.076171875, 5.68359375, 0.07379150390625, 2.259765625, 1.095703125, 7.8828125, 4.3359375, 7.984375, 1.6337890625, 2.41015625, 0.26025390625, 6.3984375, 2.53515625, 9.322166442871094e-05, 1.3056640625, 2.173828125, 5.62109375, 8.1484375, 3.451171875, 5.5234375, 5.71875, 1.0947265625, 8.84375, 0.287841796875, 7.328125, 3.294921875, 1.1884765625, 0.9189453125, 6.99609375, 0.368408203125, 2.73828125, 7.9921875, 1.73046875, 6.546875, 7.08203125, 0.145263671875, 3.15625, 6.7109375, 4.36328125, 5.24609375, 0.859375, 12.046875, 0.2578125, 0.087158203125, 0.0718994140625, 0.0511474609375, 4.6640625, 3.162109375, 2.833984375, 1.029296875, 1.611328125, 4.06640625, 0.050750732421875, 3.34375, 0.54150390625, 8.8203125, 0.4521484375, 7.61328125, 2.591796875, 6.515625, 6.47265625, 3.654296875, 2.99609375, 3.611328125, 5.86328125, 2.078125, 4.44921875, 0.58837890625, 4.3671875, 0.03204345703125, 1.6318359375, 4.33984375, 0.08026123046875, 2.10546875, 2.0]",-0.3553551491749647
169,0,test,3.424705118563638,1.53528789201103,2.1130394666304357,5.811620807259507,2.6053370288672024,3.5857639433728608,30.713586649473708,24.09807443690358,27.00123459780188,52.120025829409926,40.89370207474547,45.82027689323955,3.4547003399786638,1.399808185414129,1.9952503918047333,5.397969281216662,2.187200289709577,3.1175787371948958,31.64880338006676,23.84280739386322,27.345211701343395,49.451255281354314,37.254386552911285,42.72689328334906,3.442555590218126,1.5732967764715415,2.1486492466912113,5.737592650363544,2.6221612941192363,3.581082077818686,31.266761182005027,24.78327203706206,27.619755960590034,52.11126863667505,41.305453395103434,46.032926600983394,0.6884422110552764,0.008442211055276427,-0.0015577889447235815,0.5829145728643217,-0.01708542713567829,-0.002085427135678275,0.48743718592964824,-0.002562814070351749,-0.007562814070351753,0.4507462686567164,0.12734835509486842,0.20744934710756047,0.4520958083832335,0.44723618090452266,0.11139658190702895,0.18847157322505692,0.4444444444444444,0.45150501672240806,0.13764858934344315,0.20456397111617897,0.44966442953020136,26.0,10.0,10.0,39.0,12.0,12.0,44.0,8.0,10.0,0.0002992375280017062,-0.0001562301768085381,0.00011335602327075524,-0.008986184365738836,-0.00877662301829929,-0.008196192978508599,"[2.88671875, 2.212890625, 0.2330322265625, 0.0401611328125, 3.814697265625e-05, 1.2705078125, 0.01294708251953125, 0.01422119140625, 9.5859375, 1.380859375, 10.71875, 0.1318359375, 7.30859375, 4.34765625, 6.63671875, 3.15234375, 4.8359375, 4.08203125, 4.03515625, 8.7265625, 2.373046875, 3.8515625, 4.1328125, 0.399169921875, 1.24609375, 3.763671875, 4.45703125, 0.00543212890625, 10.4921875, 4.01953125, 0.21826171875, 3.609375, 0.0008845329284667969, 0.02105712890625, 0.3564453125, 0.00016999244689941406, 0.0003361701965332031, 0.0026416778564453125, 7.94921875, 0.50341796875, 0.76708984375, 3.703125, 7.09765625, 6.1796875, 0.251708984375, 8.0234375, 6.75, 5.4140625, 0.2362060546875, 7.4453125, 2.04296875, 9.65625, 1.5986328125, 5.14453125, 7.76171875, 0.33642578125, 6.640625, 2.326171875, 5.71875, 3.44140625, 2.826171875, 0.681640625, 3.69140625, 0.0215606689453125, 0.0037364959716796875, 0.0011415481567382812, 1.1324882507324219e-05, 3.337860107421875e-06, -0.0, 10.203125, 6.515625, 0.27783203125, 0.1640625, 1.8271484375, 2.3359375, 8.53125, 10.21875, 4.12109375, 2.951171875, 0.625, 5.62890625, 3.734375, 12.25, 8.296875, 2.41796875, 5.1171875, 5.1875, 1.0908203125, 5.3671875, 3.701171875, 1.7587890625, 3.486328125, 3.349609375, 0.034454345703125, 5.48828125, 3.96484375, 4.25, 0.337158203125, 4.14453125, 0.334716796875, 0.208740234375, 1.1279296875, 1.9169921875, 5.17578125, 2.236328125, 7.9140625, 4.03515625, 5.01953125, 9.34375, 3.2734375, 9.265625, 0.135009765625, 2.400390625, 5.72265625, 2.15625, 1.365234375, 8.578125, 2.19921875, 7.9375, 2.703125, 3.810546875, 0.48876953125, 9.8671875, 5.87109375, 6.61328125, 0.073974609375, 4.375, 5.234375, 3.861328125, 2.990234375, 1.2978515625, 3.9921875, 0.09307861328125, 0.70654296875, 9.4921875, 8.9375, 3.322265625, 2.005859375, 12.859375, 5.8359375, 6.49609375, 11.7421875, 0.13232421875, 3.94921875, 0.02447509765625, 1.3056640625, 1.9375, 2.72265625, 3.810546875, 6.12890625, 1.8017578125, 0.17724609375, 6.9375, 1.1640625, 1.7216796875, 2.287109375, 4.77734375, 6.78515625, 0.98193359375, 2.849609375, 1.2373046875, 0.002651214599609375, 0.0011539459228515625, 0.0002269744873046875, 2.6941299438476562e-05, 3.5762786865234375e-06, -0.0, 10.484375, 4.58984375, 0.11767578125, 1.908203125, 0.0011730194091796875, 0.0005192756652832031, 0.07989501953125, 6.711483001708984e-05, 3.0994415283203125e-05, 1.7881393432617188e-06, 5.62109375, 2.16796875, 0.288818359375, 0.294921875, 1.4619140625, 0.0005211830139160156, 6.3046875, 3.873046875, 7.99609375, 5.984375, 2.3984375, 0.5908203125, 5.625, 7.76171875, 0.8203125, 1.138671875, 12.5390625, 4.859375, 2.146484375, 5.0, 4.05859375, 1.1572265625, 1.0068359375, 9.9375, 1.7001953125, 2.51953125, 0.73681640625, 4.1328125, 8.4375, 0.093017578125, 4.328125, 3.337890625, 3.19921875, 1.65625, 7.51953125, 3.126953125, 15.03125, 0.0548095703125, 3.138671875, 4.76171875, 0.379638671875, 6.51953125, 5.8203125, 1.298828125, 4.15234375, 4.33203125, 8.53125, 12.125, 10.015625, 0.416015625, 1.4580078125, 1.232421875, 4.83203125, 9.390625, 5.109375, 3.71875, 0.264892578125, 0.0255126953125, 0.6962890625, 5.89453125, 5.3671875, 4.40234375, 2.720703125, 0.07733154296875, 0.206787109375, 0.2037353515625, 0.019195556640625, 1.4185905456542969e-05, 0.01062774658203125, 1.1444091796875e-05, 0.003391265869140625, 0.001415252685546875, 1.2158203125, 0.001766204833984375, 0.00019049644470214844, 0.0005612373352050781, 1.7762184143066406e-05, 2.681640625, 2.76171875, 2.775390625, 4.2109375, 2.140625, 4.0078125, 4.390625, 1.15234375, 9.265625, 2.994140625, 4.45703125, 0.1973876953125, 0.461181640625, 4.1484375, 0.0005025863647460938, 4.00390625, 5.796875, 1.697265625, 8.046875, 0.0665283203125, 0.9609375, 4.78515625, 0.8056640625, 0.1875, 2.880859375, 4.51953125, 2.505859375, 9.8359375, 2.921875, 1.0830078125, 5.0625, 2.013671875, 0.0452880859375, 6.25390625, 10.0234375, 4.21484375, 3.884765625, 7.76953125, 2.5859375, 1.4287109375, 0.00341796875, 6.16015625, 8.1015625, 5.703125, 2.126953125, 9.1484375, 0.1192626953125, 0.88134765625, 3.97265625, 0.1734619140625, 3.962890625, 4.9921875, 7.91015625, 1.7607421875, 1.16796875, 0.1544189453125, 0.0034236907958984375, 0.0016012191772460938, 3.376953125, 7.9140625, 1.2109375, 4.33984375, 4.7265625, 11.234375, 1.552734375, 2.6875, 0.71142578125, 0.0172271728515625, 0.0180816650390625, 0.0027408599853515625, 4.71484375, 3.435546875, 4.5546875, 5.90234375, 3.8125, 4.01953125, 6.30078125, 1.7578125, 10.5546875, 6.578125, 0.1435546875]",-0.8858985000581883
304,0,test,3.9703702624840074,1.8064103376857448,2.4805889608638774,5.797227745222047,2.6375807384613936,3.6219642496049245,53.00415265606589,44.29860986865679,48.56802741656041,77.39256645486921,64.68140582049273,70.91527929534588,3.840044342692773,1.6981958341160714,2.3854925870073327,5.647124033371725,2.4973468148765754,3.5080773338343127,46.52753755035001,38.01237410793706,42.24497414974092,68.42284933875001,55.90055015873098,62.124961984913114,3.9703702624840074,1.8064103376857448,2.4805889608638774,5.797227745222047,2.6375807384613936,3.6219642496049245,53.00415265606589,44.29860986865679,48.56802741656041,77.39256645486921,64.68140582049273,70.91527929534588,0.8140703517587939,-0.00592964824120612,-0.00592964824120612,0.6984924623115578,0.0034924623115577536,0.008492462311557869,0.542713567839196,0.0027135678391959628,0.0027135678391959628,0.430379746835443,0.06827448367754829,0.15127736254371793,0.4194915254237288,0.4170854271356784,0.06370196848906184,0.1399568795563796,0.3787878787878788,0.430379746835443,0.06827448367754829,0.15127736254371793,0.4194915254237288,25.0,0.0,-1.0,36.0,-2.0,0.0,49.0,0.0,-1.0,6.773325269344964e-05,-1.3182512937659957e-05,-0.0002507552107352217,4.537263278781012e-05,-4.0869005880850295e-05,-6.618974063954397e-05,"[8.3359375, 0.46923828125, 11.2421875, 1.3994140625, 7.2421875, 5.0625, 3.50390625, 7.671875, 1.4443359375, 2.763671875, 7.7890625, 3.373046875, 4.66015625, 6.6171875, 0.07904052734375, 9.609375, 0.10833740234375, 6.625, 9.4765625, 0.495849609375, 3.640625, 2.544921875, 9.2578125, 0.430908203125, 6.328125, 2.673828125, 5.30078125, 4.2578125, 2.220703125, 3.759765625, 0.0022258758544921875, 10.2578125, 2.146484375, 5.59375, 10.84375, 5.0546875, 3.97265625, 1.9453125, 7.140625, 0.92138671875, 0.8173828125, 2.41796875, 4.05078125, 0.211669921875, 5.4921875, 3.19921875, 3.271484375, 3.84765625, 7.046875, 9.8671875, 2.490234375, 6.20703125, 2.09765625, 0.6943359375, 12.1484375, 2.55859375, 0.2100830078125, 1.927734375, 5.046875, 0.9228515625, 2.037109375, 3.73828125, 1.18359375, 2.646484375, 3.4296875, 1.5869140625, 1.00390625, 4.7109375, 2.544921875, 1.03515625, 1.5546875, 7.85546875, 3.271484375, 1.5947265625, 4.328125, 2.314453125, 3.19140625, 0.5400390625, 1.47265625, 0.025115966796875, 1.7158203125, 3.478515625, 4.5703125, 7.91015625, 0.8017578125, 2.38671875, 3.978515625, 7.9375, 0.2861328125, 1.328125, 2.365234375, 0.041168212890625, 5.3125, 5.92578125, 1.3076171875, 8.921875, 2.244140625, 4.75390625, 1.1845703125, 6.19921875, 6.7265625, 3.181640625, 1.3037109375, 0.300537109375, 6.8828125, 1.4130859375, 3.3515625, 3.5546875, 8.2265625, 1.8271484375, 3.5859375, 0.29248046875, 4.078125, 2.947265625, 4.4296875, 9.921875, 3.701171875, 8.953125, 2.892578125, 3.93359375, 6.1484375, 1.3115234375, 2.634765625, 4.34375, 0.73388671875, 5.9453125, 0.424072265625, 9.3046875, 0.0010051727294921875, 0.0018215179443359375, 9.7734375, 1.7744140625, 1.5361328125, 9.96875, 2.33984375, 4.19140625, 7.234375, 3.2734375, 0.91357421875, 1.431640625, 0.74169921875, 0.053009033203125, 3.5859375, 6.86328125, 5.66796875, 2.3671875, 10.9921875, 3.9609375, 1.703125, 12.1796875, 0.5048828125, 8.1953125, 1.5849609375, 0.052825927734375, 2.15625, 0.208251953125, 2.689453125, 0.29296875, 7.23046875, 0.320068359375, 4.62109375, 0.0703125, 6.4453125, 1.3037109375, 8.9375, 0.60986328125, 1.318359375, 5.015625, 4.3359375, 2.79296875, 3.53125, 3.560546875, 0.2391357421875, 5.4140625, 0.08819580078125, 3.259765625, 7.08984375, 6.0390625, 0.08721923828125, 5.08984375, 2.341796875, 3.994140625, 2.490234375, 9.8984375, 3.685546875, 3.880859375, 5.671875, 6.4296875, 2.763671875, 3.05859375, 4.56640625, 5.0390625, 0.802734375, 4.3984375, 4.4375, 2.021484375, 1.1025390625, 6.6875, 3.150390625, 1.2373046875, 7.390625, 0.09552001953125, 3.353515625, 8.0390625, 5.89453125, 2.357421875, 4.5078125, 11.0625, 7.62109375, 2.662109375, 4.6953125, 1.6650390625, 5.26953125, 9.2734375, 4.828125, 2.68359375, 0.18603515625, 7.19921875, 0.0007147789001464844, 1.994140625, 7.41015625, 4.21484375, 1.3662109375, 9.8359375, 5.74609375, 1.7861328125, 9.6015625, 5.5546875, 7.9609375, 6.96484375, 0.732421875, 7.21484375, 5.3828125, 6.82421875, 3.259765625, 1.0263671875, 8.1640625]",-0.3155880276160903
8,0,test,3.812010126327401,1.6825344295345852,2.348663931195195,6.177293517964282,2.7265166358120685,3.805967454768117,45.24128823093688,36.83083220475855,40.92089598790559,73.31268996459049,59.68369797036174,66.31157241413617,3.8862717175603514,1.5649173367352418,2.2630107416812493,5.800405548597539,2.3356975175152863,3.3776279726585807,48.72887243519714,38.539407053885306,43.65927721657833,72.72966035104051,57.521503065500454,65.16310032325124,3.812010126327401,1.6825344295345852,2.348663931195195,6.177293517964282,2.7265166358120685,3.805967454768117,45.24128823093688,36.83083220475855,40.92089598790559,73.31268996459049,59.68369797036174,66.31157241413617,0.7939698492462312,-0.011030150753768786,-0.031030150753768804,0.6532663316582914,0.003266331658291377,0.008266331658291382,0.5527638190954773,0.007763819095477409,0.0027638190954772934,0.4328358208955224,0.09764029016926545,0.16980852561016258,0.43445692883895126,0.42211055276381915,0.07624589110968383,0.13329586161189932,0.4242424242424242,0.4328358208955224,0.09764029016926545,0.16980852561016258,0.43445692883895126,25.0,13.0,14.0,38.0,16.0,17.0,44.0,14.0,16.0,-0.000406643970412302,-6.156090621190341e-05,-0.00015821526234982206,-0.00016945494488584956,0.00022372510708557058,6.833549267337702e-05,"[1.859375, 5.28125, 0.00511932373046875, 0.052032470703125, 10.6875, 1.150390625, 0.97607421875, 8.578125, 4.6796875, 5.984375, 3.513671875, 5.20703125, 3.275390625, 11.4296875, 1.0498046875, 9.5546875, 5.6875, 0.92236328125, 3.716796875, 0.69873046875, 9.0703125, 4.7421875, 4.35546875, 4.53515625, 1.3916015625, 3.912109375, 1.1953125, 4.59375, 3.537109375, 6.377696990966797e-05, 4.58203125, 4.7578125, 0.005603790283203125, 0.0003879070281982422, 2.201171875, 1.0009765625, 4.0625, 5.94140625, 7.83203125, 0.288818359375, 7.34375, 3.28515625, 7.015625, 0.37646484375, 1.9482421875, 9.5390625, 0.33837890625, 9.390625, 6.94921875, 1.3232421875, 8.8359375, 9.03125, 4.91796875, 1.1962890625, 1.345703125, 4.97265625, 8.3984375, 6.5390625, 2.728515625, 0.313720703125, 2.578125, 2.419921875, 0.37744140625, 4.0546875, 4.25390625, 1.9560546875, 0.45556640625, 5.53125, 0.0008816719055175781, 2.5703125, 2.0234375, 1.02734375, 1.30078125, 4.7734375, 3.923828125, 1.20703125, 5.14453125, 2.771484375, 7.4140625, 0.08636474609375, 8.3515625, 1.494140625, 0.296875, 11.21875, 0.5703125, 2.966796875, 1.1337890625, 3.669921875, 0.0977783203125, 4.703125, 4.1171875, 1.935546875, 4.17578125, 4.58984375, 1.8076171875, 4.4140625, 0.2340087890625, 2.33984375, 3.71484375, 8.2109375, 0.634765625, 0.2086181640625, 3.08203125, 9.765625, 0.28466796875, 3.25390625, 0.031707763671875, 0.0679931640625, 1.0615234375, 2.54296875, 3.369140625, 2.630859375, 4.5078125, 3.55078125, 0.5107421875, 2.357421875, 0.00852203369140625, 4.11328125, 6.52734375, 0.0142822265625, 1.33984375, 1.0986328125, 0.00015342235565185547, 1.9716796875, 1.5126953125, 1.90625, 0.340576171875, 0.228515625, 3.123046875, 3.201171875, 3.599609375, 7.53125, 0.027130126953125, 11.9609375, 9.6484375, 5.33984375, 0.31591796875, 1.9345703125, 3.2421875, 8.7109375, 3.396484375, 0.70361328125, 6.87890625, 8.546875, 4.31640625, 6.16015625, 9.3125, 5.1875, 2.48828125, 11.15625, 6.34765625, 2.87890625, 10.46875, 7.4453125, 1.5712890625, 4.1796875, 1.875, 0.923828125, 9.4375, 3.5390625, 1.8681640625, 6.04296875, 7.328125, 1.0009765625, 5.1484375, 6.7578125, 1.1455078125, 9.5390625, 2.494140625, 3.2421875, 12.5546875, 0.2071533203125, 7.171875, 3.5, 1.1357421875, 2.701171875, 4.7890625, 4.23046875, 0.70947265625, 6.45703125, 0.87548828125, 6.67578125, 4.27734375, 1.41796875, 3.5859375, 2.439453125, 0.84130859375, 5.2265625, 7.765625, 5.203125, 4.921875, 11.546875, 8.4375, 2.869140625, 4.90234375, 5.21875, 3.181640625, 2.462890625, 8.75, 0.080078125, 4.23046875, 4.50390625, 9.6171875, 0.15185546875, 6.53515625, 8.3125, 0.70703125, 2.08203125, 1.3828125, 6.69140625, 1.431640625, 1.8828125, 2.060546875, 4.21875, 0.9384765625, 3.703125, 6.76171875, 1.4482421875, 1.767578125, 2.642578125, 9.2890625, 0.09344482421875, 7.078125, 0.004974365234375, 1.9951171875, 0.28759765625, 0.0007929801940917969, 2.279296875, 0.701171875, 0.0011081695556640625, 7.828125, 1.505859375, 7.359375, 0.1907958984375, 1.5029296875, 0.59326171875, 7.9296875, 1.1748046875, 3.328125, 7.33984375, 0.401123046875, 5.71875, 0.002086639404296875, 1.4638671875, 7.56640625, 0.1131591796875, 10.25, 5.88671875, 3.71484375, 3.73828125, 0.7734375, 4.49609375, 4.01171875, 6.1484375, 7.21875, 0.219482421875, 6.90234375, 2.9453125, 1.947265625, 3.7421875, 6.453125, 0.275634765625, 8.28125, 1.9931640625, 5.3046875, 12.7734375, 0.77734375, 3.853515625]",-1.1477882097016519
108,0,test,3.306198952113383,1.4351323828879083,1.9947272845326658,5.213029975657846,2.2628366409255856,3.1451746486352263,27.281230877855823,20.7860105695461,23.569598894549678,43.01552217485174,32.77422131663316,37.16322802442949,3.5935512721239022,1.423866819304556,2.05057699013622,5.403836499434439,2.141153111736174,3.0835744212574734,36.36298174459379,27.60746091970396,31.684497014005228,54.68117555578013,41.514978826622496,47.645860171436425,3.1325469196440783,1.3253363058743177,1.8655800005619203,5.025476341674993,2.126207977338478,2.992909091810568,22.9323119827622,16.838885198842632,19.382243411738298,36.78980531993936,27.01425432969406,31.09450814717374,0.7185929648241206,0.003592964824120526,-0.0014070351758793676,0.5879396984924623,-0.00706030150753767,-0.00706030150753767,0.48743718592964824,0.0024371859296482556,0.012437185929648265,0.4319526627218935,0.11289800984153897,0.17014163909984625,0.42729970326409494,0.4321608040201005,0.10885253334340872,0.15169335827719566,0.4696969696969697,0.4147157190635451,0.08917314811195909,0.15553885588223249,0.40604026845637586,24.0,11.0,9.0,33.0,11.0,9.0,44.0,14.0,12.0,0.0003727928382896667,-0.00015178332623901313,0.00016180412248961381,-0.008526919045731773,-0.010523164313641864,-0.012379136629823151,"[2.88671875, 1.2119140625, 0.19287109375, 0.2197265625, 0.0020275115966796875, 1.119140625, 0.0074615478515625, 0.031036376953125, 3.92578125, 3.923828125, 6.38671875, 0.1728515625, 0.1729736328125, 1.138671875, 0.5830078125, 10.1640625, 2.302734375, 3.23828125, 0.0006184577941894531, 2.435546875, 6.23046875, 0.75, 4.72265625, 0.055694580078125, 5.36328125, 2.361328125, 3.3046875, 1.708984375, 12.1171875, 4.6796875, 2.837890625, 4.40625, 9.3125, 6.875, 10.640625, 1.955078125, 11.296875, 5.74609375, 5.3671875, 0.55517578125, 0.289306640625, 2.216796875, 0.0038433074951171875, 2.384185791015625e-06, 0.035125732421875, 0.345703125, 4.390625, 7.55078125, 1.162109375, 4.38671875, 2.7890625, 0.015411376953125, 10.40625, 2.9140625, 0.97998046875, 3.59375, 6.90234375, 0.172607421875, 0.66796875, 0.222900390625, 1.81640625, 0.9912109375, 12.15625, 2.18359375, 3.740234375, 0.8193359375, 0.68896484375, 4.8828125, 6.95703125, 4.21875, 0.0003809928894042969, 0.267578125, 0.351318359375, 3.869140625, 10.2109375, 7.125, 0.060028076171875, 3.361328125, 8.1171875, 1.3916015625, 2.2421875, 0.132080078125, 3.453125, 1.9423828125, 5.890625, 3.822265625, 1.7314453125, 3.09765625, 6.41796875, 8.0390625, 0.57568359375, 5.57421875, 12.0078125, 2.138671875, 8.46875, 1.546875, 5.5909156799316406e-05, 0.106689453125, 0.77490234375, 4.2578125, 0.94970703125, 0.1793212890625, 0.02691650390625, 0.036651611328125, 6.0390625, 7.4296875, 7.296875, 5.16015625, 5.61328125, 1.41015625, 2.353515625, 3.326171875, 2.4609375, 6.67578125, 7.015625, 0.86572265625, 1.134765625, 7.5703125, 4.42578125, 4.078125, 0.2362060546875, 2.140625, 8.5703125, 6.44921875, 2.07421875, 6.16015625, 6.625, 2.755859375, 5.79296875, 2.650390625, 1.9208984375, 3.306640625, 0.2958984375, 0.1595458984375, 0.007476806640625, 0.10968017578125, 3.49609375, 8.390625, 5.08984375, 7.3984375, 1.283203125, 9.8515625, 8.0390625, 8.9296875, 3.890625, 3.306640625, 2.599609375, 5.13671875, 0.0208740234375, 0.0010986328125, 2.3828125, 9.2734375, 1.0810546875, 0.93017578125, 1.85546875, 0.2421875, 1.1455078125, 5.76953125, 8.2890625, 0.37548828125, 10.5234375, 1.2431640625, 4.546875, 2.271484375, 5.7816505432128906e-05, 4.29296875, 0.347412109375, 10.578125, 0.054534912109375, 0.78369140625, 12.625, 3.42578125, 3.451171875, 7.37109375, 3.62109375, 3.333984375, 8.8515625, 3.462890625, 0.982421875, 1.7763671875, 2.619140625, 4.484375, 7.29296875, 5.9140625, 5.48046875, 0.09588623046875, 0.0012121200561523438, 4.5078125, 2.1875, 10.6015625, 5.0859375, 7.34765625, 5.40234375, 0.048431396484375, 7.1875, 0.783203125, 0.99462890625, 7.953125, 1.0166015625, 0.452880859375, 2.068359375, 6.11328125, 3.5859375, 0.4560546875, 3.55078125, 3.16796875, 4.41796875, 0.01174163818359375, 0.06036376953125, 1.123046875, 2.0503997802734375e-05, 1.5224609375, 1.3583984375, 0.0011777877807617188, 3.0994415283203125e-06, 1.3251953125, 0.330078125, 1.7080078125, 0.00018322467803955078, 6.9375, 2.271484375, 0.0218353271484375, 0.01026153564453125, 0.0193634033203125, 0.003932952880859375, 1.3113021850585938e-06, 0.07110595703125, 4.8041343688964844e-05, 0.00017726421356201172, 3.447265625, 1.8115234375, 3.37109375, 2.431640625, 5.69140625, 0.006587982177734375, 0.352783203125, 0.004299163818359375, 10.9140625, 0.2646484375, 0.01190948486328125, 0.021636962890625, 0.0004544258117675781, 6.3515625, 2.6640625, 0.94580078125, 3.49609375, 4.25390625, 3.333984375, 0.402587890625, 1.671875, 4.29296875, 0.64111328125, 6.28515625, 7.44140625, 8.703125, 1.0732421875, 0.376220703125, 0.0012063980102539062, 0.1348876953125, 6.33984375, 2.359375, 5.59375, 0.8330078125, 3.0546875, 0.3916015625, 0.0213623046875, 0.004673004150390625, 0.00019884109497070312, 0.00017821788787841797, 1.1920928955078125e-06, 0.0002777576446533203, 9.179115295410156e-06, 3.4570693969726562e-06, 0.392822265625, 3.908203125, 0.06097412109375, 7.09765625, 1.7900390625, 10.8515625, 3.765625, 0.0004992485046386719, 4.37109375, 2.9453125, 0.0005364418029785156, 4.96875, 6.671875, 2.103515625, 7.95703125, 0.6455078125, 0.2366943359375, 4.390625, 2.5390625, 0.677734375, 3.736328125, 4.2421875, 2.0625, 0.07720947265625, 4.59375, 1.912109375, 3.580078125, 2.91015625, 0.325439453125, 3.072265625, 0.438720703125, 7.3203125, 2.650390625, 8.5, 1.4423828125, 6.921875, 4.21875, 9.7421875, 0.365478515625, 2.837890625, 3.46484375, 6.4296875, 2.703125, 1.822265625, 11.1875, 0.56689453125, 4.15625, 4.0078125, 2.39453125, 6.14453125, 8.3984375, 11.5390625, 8.7109375, 6.875, 1.30859375, 2.23046875, 5.1328125, 1.677734375, 4.390625, 1.3583984375, 6.95703125, 8.9140625, 0.73876953125, 0.96630859375, 10.0]",-1.0159298206222127
368,0,test,2.73793863939448,1.1457485287815767,1.382803405057664,5.761930569471964,2.4112021277343625,2.9100788076586657,15.455093716473874,10.540593266362876,11.5778084531924,32.52489871675845,22.182442545629335,24.36523868507654,2.9031266351441043,1.219752288795827,1.7116260710927134,5.048915887207138,2.1213083283405685,2.976740993204719,18.23105821756049,12.847366421171197,14.939040831683801,31.70618820445303,22.343245949862954,25.980940576841398,2.791654898570134,1.1875288897673923,1.6514780012506756,5.473833134451243,2.328488019151749,3.23819215931505,16.307985544809284,11.334474646901892,13.180664013755422,31.976442244724087,22.224460091964495,25.844439242657693,0.592964824120603,0.012964824120602958,0.002964824120602949,0.507537688442211,0.032537688442211055,0.01753768844221104,0.3919597989949749,-0.0030402010050251116,-0.008040201005025116,0.4052132701421801,0.10698841807117421,0.14030613426730232,0.3586698337292161,0.40201005025125625,0.11629576453697055,0.1566010352262145,0.3232323232323232,0.4147157190635451,0.12590102791162527,0.18334753218924027,0.3489932885906041,19.0,3.0,3.0,27.0,2.0,2.0,34.0,0.0,-1.0,0.00015591431940069025,0.000866149410252063,-4.9227214725948205e-05,-0.07893941385357373,-0.08962003381112105,-0.07906935406884585,"[2.85546875, 17.171875, 9.0, 5.7421875, 8.7421875, 4.0234375, 9.53125, 1.28125, 0.2998046875, 0.0001385211944580078, 1.5654296875, 0.01444244384765625, 0.007518768310546875, 8.3359375, 4.50390625, 1.064453125, 2.0625, 4.43359375, 10.9140625, 8.109375, 3.75, 2.849609375, 3.38671875, 0.95068359375, 0.361083984375, 0.32373046875, 3.017578125, 1.279296875, 0.55078125, 0.6416015625, 2.0, 3.798828125, 6.19921875, 0.337158203125, 0.0723876953125, 1.263671875, 3.01953125, 3.373046875, 4.4375, 0.76220703125, 3.65625, 0.046875, 6.64453125, 4.75390625, 1.4990234375, 7.41015625, 6.37890625, 3.05859375, 0.1297607421875, 2.41796875, 3.248046875, 1.57421875, 4.078125, 0.02435302734375, 3.34375, 0.8349609375, 0.89453125, 0.7099609375, 0.97900390625, 3.134765625, 4.00390625, 4.95703125, 2.1953125, 4.48828125, 1.623046875, 0.064208984375, 2.525390625, 5.09765625, 0.99365234375, 11.0546875, 6.8671875, 3.078125, 12.1015625, 4.2109375, 0.00745391845703125, 0.69921875, 3.302734375, 0.051055908203125, 0.07342529296875, 0.00894927978515625, 0.41552734375, 0.28076171875, 0.22412109375, 0.646484375, 4.234375, 2.359375, 7.0703125, 8.09375, 0.869140625, 0.006816864013671875, 0.00527191162109375, 0.05816650390625, 0.056427001953125, 0.0097198486328125, 0.0006623268127441406, 0.022186279296875, 0.0777587890625, 0.0031185150146484375, 0.00176239013671875, 7.375, 1.2978515625, 9.5, 1.6455078125, 1.4619140625, 2.19921875, 4.4375, 6.05859375, 5.1796875, 4.05078125, 6.4453125, 0.029388427734375, 1.9921875, 1.23046875, 2.052734375, 0.38623046875, 0.01751708984375, 2.609375, 13.109375, 0.08404541015625, 2.517578125, 4.43359375, 0.134033203125, 0.0699462890625, 0.305908203125, 0.23193359375, 0.03472900390625, 0.00627899169921875, 2.2734375, 6.02734375, 8.3515625, 4.17578125, 5.69921875, 2.76953125, 0.5859375, 0.96435546875, 3.22265625, 14.1640625, 5.03515625, 9.3515625, 1.203125, 2.240234375, 0.033355712890625, 0.10797119140625, 10.1796875, 3.771484375, 2.267578125, 11.0546875, 4.51953125, 1.404296875, 3.388671875, 2.798828125, 0.0070343017578125, 0.0175323486328125, 7.984375, 4.76953125, 0.11962890625, 8.546875, 3.68359375, 5.33984375, 9.3203125, 1.9658203125, 5.0625, 0.01873779296875, 0.14599609375, 0.0002474784851074219, 0.0028285980224609375, 0.047088623046875, 0.00943756103515625, 0.0012121200561523438, 0.00048041343688964844, 0.0026645660400390625, 0.03314208984375, 0.0009284019470214844, 0.005588531494140625, 3.431640625, 1.7490234375, 7.45703125, 1.3310546875, 7.85546875, 0.275146484375, 0.0012521743774414062, 0.0007233619689941406, 0.00826263427734375, 0.032318115234375, 0.0231170654296875, 0.00032019615173339844, 0.00980377197265625, 0.035736083984375, 0.0032100677490234375, 0.0006451606750488281, 5.4765625, 1.03125, 7.77734375, 4.83984375, 0.404052734375, 2.318359375, 10.609375, 2.341796875, 3.34375, 9.8671875, 0.7099609375, 3.8671875, 6.44921875, 9.09375, 0.006381988525390625, 4.20703125, 0.95654296875, 0.01190185546875, 0.007480621337890625, 8.15625, 0.06591796875, 0.0116119384765625, 5.1015625, 1.578125, 2.19921875, 7.30078125, 10.125, 1.0947265625, 0.004055023193359375, 0.00543975830078125, 0.03515625, 0.024017333984375, 0.00711822509765625, 0.00046181678771972656, 0.007633209228515625, 0.081787109375, 0.009765625, 0.00714111328125, 5.23046875, 2.333984375, 5.625, 1.580078125, 3.001953125, 0.037139892578125, 1.8408203125, 7.953125, 3.865234375, 5.078125, 2.419921875, 5.4296875, 0.103271484375, 0.62255859375, 3.216796875, 1.673828125, 4.28125, 3.95703125, 4.203125, 2.05078125, 9.3671875, 0.470947265625, 6.1328125, 0.184814453125, 2.966796875, 0.281982421875, 0.036834716796875, 0.0069122314453125, 2.177734375, 0.031951904296875, 0.007152557373046875, 0.01276397705078125, 6.19140625, 1.037109375, 10.0, 0.10260009765625, 0.0013637542724609375, 0.00228118896484375, 0.01385498046875, 0.00594329833984375, 0.003131866455078125, 0.0002732276916503906, 0.004489898681640625, 0.02880859375, 0.00298309326171875, 0.0013370513916015625, 3.5703125, 1.1064453125, 2.943359375, 5.921875, 11.0625, 4.546875, 7.67578125, 0.004573822021484375, 1.6591796875, 0.351806640625, 7.80859375, 3.109375, 1.5654296875, 6.23046875, 0.0291900634765625, 0.054412841796875, 3.66796875, 4.953125, 0.5205078125, 1.8837890625, 1.841796875, 8.3828125, 0.08746337890625, 3.65625, 3.904296875, 7.32421875, 1.0517578125, 2.048828125, 7.3828125, 6.16015625, 2.677734375, 10.578125, 1.3662109375, 1.82421875, 5.71484375, 0.9951171875, 0.10382080078125, 0.0016832351684570312, 0.001651763916015625, 0.0103912353515625, 0.0043487548828125, 0.0011281967163085938, 0.0002789497375488281, 0.0113983154296875, 0.08441162109375, 0.008331298828125, 0.0038242340087890625, 5.58984375, 1.2177734375, 6.80859375, 3.607421875, 2.5859375, 0.791015625, 0.00031113624572753906, 0.0005974769592285156, 0.004673004150390625, 0.0753173828125, 0.0012292861938476562, 0.00010883808135986328, 0.00788116455078125, 0.0228729248046875, 0.0056304931640625, 0.0003256797790527344, 4.05859375, 1.1875, 4.40625, 3.607421875, 0.85791015625, 0.0171661376953125, 0.01064300537109375, 1.4951171875, 0.1043701171875, 0.00479888916015625, 0.00482940673828125, 1.4150390625, 3.009765625, 3.82421875, 1.2451171875, 2.5546875, 4.1796875, 2.98828125, 4.4921875, 3.826171875, 4.91796875, 3.2265625, 0.032684326171875, 1.0009765625, 3.451171875, 4.2578125, 0.0019931793212890625, 0.01166534423828125, 1.0986328125, 0.05560302734375, 0.0019292831420898438, 0.01082611083984375, 3.224609375, 3.20703125, 2.595703125, 5.06640625, 1.001953125, 0.00046563148498535156, 4.3984375, 1.3671875, 1.5078125, 0.00455474853515625, 0.01480865478515625, 11.140625, 7.84375, 2.826171875, 6.23046875, 1.396484375, 3.21484375, 13.0, 0.04705810546875, 0.10791015625, 2.712890625, 8.421875, 2.310546875, 9.59375, 0.8974609375, 8.71875, 6.7109375, 4.84375, 0.153076171875, 0.250244140625, 0.64794921875, 4.61328125, 0.61767578125, 2.96875, 1.013671875, 0.314208984375, 0.332275390625, 1.2998046875, 2.919921875, 3.931640625, 3.52734375, 3.55859375, 4.640625, 3.802734375, 0.3046875, 7.046875, 1.314453125, 12.25, 4.18359375, 3.302734375, 7.36328125, 0.7880859375, 0.69775390625]",-0.7648246319373073
153,0,test,4.228099597162671,1.9662056083496595,2.6227022319692246,6.814035511498769,3.1687510027420855,4.226765650628973,68.58676575948716,58.98550912999211,63.60692773555166,110.53492160345924,95.06146783896051,102.50937907381318,4.976830314751246,2.3114482999723247,3.1836425573849576,6.817575773631844,3.1663675342086637,4.361154188198571,145.01400366411974,130.64056430052466,139.00542781235455,198.64932008783526,178.9596771240064,190.4183942634994,4.359012162007616,2.0827484406084205,2.8043896741661043,6.7756665730688335,3.237432809235887,4.359154933936949,78.17986722254743,68.4396470595853,73.44656791275375,121.52310967235353,106.3828710770756,114.16564960531673,0.8844221105527639,0.004422110552763869,0.009422110552763874,0.7738693467336684,-0.0011306532663316604,-0.006130653266331665,0.6834170854271358,-0.011582914572864311,-0.0015829145728643024,0.46111111111111114,0.11298351055632616,0.18838383838383843,0.36490250696378834,0.46733668341708545,0.08638430246470452,0.17685254318336263,0.36868686868686873,0.4548494983277592,0.11094298747634024,0.19011089988504515,0.3489932885906041,29.0,2.0,2.0,40.0,0.0,1.0,50.0,3.0,3.0,0.0010565061142761318,0.0005146907441092456,0.0009557040430291391,-0.004153475821619068,-0.006749100751141768,-0.007811962836308695,"[9.046875, 9.0625, 7.7265625, 11.9296875, 7.7421875, 11.0859375, 7.9609375, 4.03125, 12.15625, 3.693359375, 3.13671875, 7.5078125, 9.0546875, 5.07421875, 7.7578125, 4.1484375, 5.81640625, 4.7265625, 8.15625, 5.55859375, 2.728515625, 5.46875, 10.6328125, 1.9287109375, 5.54296875, 0.1002197265625, 7.73828125, 7.109375, 1.6630859375, 5.94921875, 3.90234375, 5.69921875, 1.8984375, 0.49609375, 8.15625, 3.986328125, 6.53125, 7.21484375, 9.640625, 1.17578125, 8.2109375, 2.1484375, 4.11328125, 3.81640625, 8.3359375, 1.9208984375, 8.3359375, 4.56640625, 2.994140625, 5.2734375, 5.44921875, 6.5234375, 8.234375, 8.921875, 10.1171875, 0.135009765625, 2.8125, 3.66015625, 12.21875, 7.8359375, 4.65625, 2.81640625, 6.9921875, 4.71484375, 6.7578125, 0.215576171875, 9.796875, 4.80859375, 11.359375, 4.16796875, 1.048828125, 2.9609375, 10.5078125, 0.306640625, 3.623046875, 2.8828125, 4.90625, 7.79296875, 2.982421875, 3.28125, 8.109375, 1.0556640625, 5.40234375, 4.67578125, 10.28125, 7.91015625, 0.85791015625, 7.77734375, 1.7802734375, 3.419921875, 1.8671875, 2.787109375, 5.55078125, 1.7548828125, 10.078125, 2.05078125, 4.90625, 8.96875, 11.4296875, 7.765625, 0.50244140625, 8.4921875, 2.5546875, 1.9619140625, 5.2578125, 3.556640625, 2.962890625, 0.035797119140625, 4.10546875, 8.875, 1.779296875, 5.93359375, 5.69921875, 3.865234375, 1.583984375, 4.96875, 0.56201171875, 1.95703125, 2.201171875, 0.92626953125, 1.265625, 0.5380859375, 5.44921875, 0.10699462890625, 1.1796875, 8.84375, 0.2196044921875, 3.2421875, 6.94140625, 1.6123046875, 0.0091705322265625, 0.257568359375, 3.7734375, 10.546875, 1.599609375, 4.1484375, 3.060546875, 1.390625, 6.47265625, 6.25, 6.88671875, 7.69140625, 2.689453125, 3.875, 2.73828125, 5.03515625, 4.41796875, 5.7578125, 0.322509765625, 1.005859375, 0.1641845703125, 1.3798828125, 6.94140625, 3.126953125, 9.75, 0.04339599609375, 4.3828125, 0.1107177734375, 6.6640625, 8.2578125, 6.765625, 3.12109375, 13.25, 2.255859375, 5.4140625, 4.59375, 2.662109375, 5.92578125, 4.44921875, 5.99609375, 6.10546875, 7.0, 1.7041015625, 8.7578125, 8.7109375, 3.404296875, 5.20703125, 12.3984375, 2.36328125, 4.328125, 5.0390625, 0.54150390625, 7.1640625, 2.974609375, 0.66796875, 5.54296875, 4.17578125, 0.45751953125, 6.62890625, 5.6171875, 5.0703125, 3.78515625, 8.5625, 0.0125732421875, 10.234375, 4.234375, 8.7421875, 2.427734375, 9.703125, 3.740234375, 0.7822265625, 3.974609375, 5.88671875, 1.7294921875, 2.0078125, 12.828125, 5.0625, 5.80859375, 7.3359375, 3.705078125, 10.15625, 0.2410888671875, 6.6484375, 3.775390625, 3.041015625, 3.654296875, 5.50390625, 0.01076507568359375, 3.572265625, 2.83203125, 0.8154296875, 0.05133056640625, 1.4189453125, 2.69921875, 1.8759765625, 0.00829315185546875, 7.01171875, 0.5478515625, 7.51953125, 8.3359375, 0.734375, 7.375, 0.022552490234375, 11.734375, 2.123046875, 5.3203125, 4.00390625, 0.02215576171875, 3.79296875, 0.01305389404296875, 0.345947265625, 0.2288818359375, 1.54296875, 6.15625, 9.1875, 4.48046875, 0.1298828125, 1.9892578125, 0.0095062255859375, 2.365234375, 0.01125335693359375, 5.3359375, 1.4970703125, 0.423095703125, 9.572505950927734e-05, 8.328125, 0.00033402442932128906, 0.0012607574462890625, 0.00165557861328125, 0.0009212493896484375, 2.240234375, 0.004505157470703125, 0.003574371337890625, 2.5153160095214844e-05, 0.0020046234130859375, 4.5418739318847656e-05, 0.00010347366333007812, 1.9431114196777344e-05, 0.0159149169921875, 0.0002701282501220703, 0.00948333740234375, 0.389404296875, 0.8115234375, 0.044647216796875, 0.865234375, 0.62890625, 7.05859375, 7.62890625, 1.2373046875, 2.58203125, 5.953125, 0.89599609375, 5.8359375, 5.609375, 5.65625, 11.1640625, 3.6171875, 7.2265625, 2.267578125, 3.16015625, 5.27734375, 2.611328125, 5.3359375, 2.103515625, 1.7578125, 2.75, 7.82421875, 2.83984375, 0.51416015625, 11.609375, 8.6875, 6.49609375, 0.634765625, 1.1240234375, 9.734375, 0.85986328125, 2.40625, 2.994140625, 6.27734375, 6.25, 2.82421875, 4.97265625, 0.084228515625, 0.12298583984375, 1.279296875, 1.431640625, 6.984375, 3.9375, 1.6806640625, 3.876953125, 4.7421875, 1.1171875, 5.48828125, 5.0234375, 5.39453125, 2.80859375, 4.29296875, 0.70947265625, 7.64453125, 5.140625, 2.0, 4.8359375, 10.140625, 0.6455078125, 6.22265625, 0.379150390625, 7.35546875, 0.8515625, 0.1541748046875, 5.62890625, 5.7734375, 4.6484375, 0.007343292236328125, 6.53515625, 2.828125, 3.955078125, 2.892578125, 0.0745849609375, 0.37353515625, 0.269775390625, 3.31640625, 9.1796875, 2.361328125, 6.5625, 5.6875, 0.1541748046875, 0.5478515625, 6.04296875, 4.484375, 0.4013671875]",-1.2208101623588137
23,0,test,3.554071582346407,1.5179554928411618,2.090984540078934,5.590674399196596,2.3877951572782323,3.28918916416911,34.95535173234847,27.29455424077143,30.636078986277038,54.985946545267254,42.935253861887645,48.191584922233545,3.602658930136331,1.3958645956028115,1.9852897438352668,5.146655614480474,1.9940922794325884,2.8361282054789534,36.69567608001987,27.609134836354194,31.655862031331797,52.422394400028395,39.44162119479171,45.222660044759714,3.554071582346407,1.5179554928411618,2.090984540078934,5.590674399196596,2.3877951572782323,3.28918916416911,34.95535173234847,27.29455424077143,30.636078986277038,54.985946545267254,42.935253861887645,48.191584922233545,0.7638190954773869,0.018819095477386916,0.008819095477386907,0.6281407035175879,0.008140703517587888,0.003140703517587884,0.5175879396984925,0.012587939698492479,0.0025879396984924696,0.4408602150537635,0.09738973204839674,0.16195675855793512,0.4676258992805755,0.44723618090452266,0.09886525358622689,0.15007424434358774,0.5,0.4408602150537635,0.09738973204839674,0.16195675855793512,0.4676258992805755,20.0,0.0,1.0,30.0,0.0,0.0,41.0,-1.0,0.0,0.00032068736424730517,9.297912678456826e-05,-0.00026938015618569047,-0.0002456840853515274,0.00018111633153772289,2.978536601450088e-05,"[2.859375, 1.2138671875, 0.351806640625, 0.0308380126953125, 0.0001201629638671875, 1.1474609375, 0.00901031494140625, 0.0285186767578125, 8.6015625, 2.169921875, 1.333984375, 5.4453125, 3.505859375, 6.21875, 3.24609375, 3.560546875, 4.53515625, 0.1197509765625, 7.55859375, 8.203125, 4.515625, 3.189453125, 0.2232666015625, 0.2493896484375, 2.982421875, 2.984375, 0.003932952880859375, 0.296142578125, 1.634765625, 5.63671875, 0.0182647705078125, 1.8212890625, 5.4375, 0.14990234375, 5.86328125, 5.98828125, 0.447265625, 0.344482421875, 4.0859375, 6.0390625, 1.5107421875, 2.150390625, 4.20703125, 3.103515625, 2.7421875, 0.224609375, 10.0, 4.23046875, 5.265625, 0.007328033447265625, 1.0263671875, 6.9375, 1.9130859375, 8.390625, 4.3984375, 10.015625, 0.392333984375, 2.091796875, 3.755859375, 0.060272216796875, 2.390625, 8.234375, 3.728515625, 3.642578125, 5.015625, 2.37890625, 3.875, 1.6435546875, 0.10821533203125, 10.0390625, 0.84375, 4.28515625, 2.509765625, 6.75, 1.69921875, 0.86376953125, 0.000171661376953125, 0.2255859375, 1.1796875, 5.15234375, 5.66796875, 8.46875, 5.3515625, 14.234375, 1.1630859375, 0.60400390625, 2.546875, 8.21875, 9.765625, 3.884765625, 4.19921875, 8.703125, 1.11328125, 0.849609375, 6.50390625, 5.5078125, 4.01171875, 6.9375, 3.701171875, 1.697265625, 9.5078125, 1.0439453125, 4.734375, 4.4609375, 5.03125, 0.471435546875, 3.888671875, 8.0, 4.8515625, 1.525390625, 2.951171875, 3.93359375, 2.23828125, 2.447265625, 8.213520050048828e-05, 0.07830810546875, 0.65380859375, 4.5, 3.318359375, 0.96240234375, 5.44140625, 6.3828125, 9.5234375, 0.57568359375, 2.51171875, 7.6796875, 0.07012939453125, 4.3046875, 6.5859375, 1.5205078125, 6.46875, 2.529296875, 1.8271484375, 3.75, 0.1697998046875, 3.26953125, 7.8359375, 2.857421875, 3.591796875, 8.734375, 4.875, 3.078125, 4.28515625, 0.0158843994140625, 5.8359375, 4.51953125, 0.13916015625, 1.7255859375, 4.19921875, 1.091796875, 7.6171875, 4.09765625, 1.423828125, 8.375, 13.2578125, 0.1402587890625, 5.06640625, 0.0014190673828125, 7.6328125, 2.546875, 6.3359375, 8.1484375, 12.9609375, 0.31640625, 2.01953125, 6.9921875, 0.83544921875, 0.95849609375, 7.140625, 0.62255859375, 10.4296875, 4.16796875, 3.296875, 1.2958984375, 5.1953125, 2.0078125, 0.057586669921875, 3.615234375, 5.5859375, 1.3408203125, 0.65185546875, 2.177734375, 0.0560302734375, 6.81640625, 1.3896484375, 3.87109375, 2.162109375, 1.6396484375, 7.3203125, 6.671875, 4.328125, 3.76171875, 0.5126953125, 4.1953125, 0.370849609375, 1.6875, 2.5703125, 1.0908203125, 0.1373291015625, 9.703125, 2.447265625, 7.85546875, 0.3369140625, 3.12109375, 1.49609375, 4.29296875, 2.130859375, 0.47705078125, 0.85009765625, 0.03863525390625, 5.67578125, 1.7314453125, 4.07421875, 7.33984375, 0.11907958984375, 0.837890625, 2.775390625, 0.69921875, 1.103515625, 5.41015625, 3.255859375, 2.01171875, 4.58984375, 0.0394287109375, 2.576171875, 5.671875, 3.64453125, 0.1246337890625, 0.9794921875, 6.94921875, 0.039093017578125, 6.140625, 0.343505859375, 0.132080078125, 2.91015625, 4.43359375, 6.921875, 4.00390625, 0.208740234375, 3.390625, 0.1990966796875, 0.28271484375, 0.00013303756713867188, 1.2353515625, 0.50830078125, 3.34765625, 16.40625, 5.1875, 5.515625, 0.192138671875, 1.6708984375, 2.87109375, 1.5908203125, 2.25390625, 3.2734375, 2.0390625, 0.00402069091796875, 11.1484375, 8.6953125, 7.1875, 1.474609375, 2.96875, 6.2578125, 2.82421875, 6.40625, 1.2080078125, 3.171875, 11.3828125, 10.578125, 7.06640625, 0.050689697265625, 2.208984375, 0.1328125, 5.0859375, 6.2421875, 2.150390625, 5.18359375, 3.140625, 2.5]",-0.7517970432944621
268,0,test,3.198474913042308,1.445257709927384,1.9846008909768451,5.592035609557413,2.526808181594897,3.469765796144948,24.495144470754642,18.72199825592349,21.128643147510267,42.82594794886904,32.73250026201193,36.94014431087888,3.2942310583711873,1.49111262256916,2.034227927263191,5.121499848561455,2.3182141554004905,3.162588730666992,26.9566779866243,20.88813563904077,23.431245460766227,41.909210307329964,32.474523376321194,36.428264427284994,3.1952129679487684,1.4340553589212461,1.9950564096201953,5.5863326062150644,2.5072226142729064,3.48804564330948,24.415372830520695,18.596203010111697,21.094736075137053,42.686479650711675,32.51256685211581,36.88086307176279,0.6919191919191919,-0.01808080808080803,-0.008080808080808022,0.5555555555555556,0.0005555555555556424,-0.02444444444444449,0.48484848484848486,0.019848484848484893,0.014848484848484889,0.4144486692015209,0.09186802404023053,0.16033994606624913,0.4122137404580153,0.41414141414141414,0.08920438643360562,0.16749711883940077,0.4467005076142132,0.40684410646387836,0.084263461302588,0.15147116082544598,0.4122137404580153,19.0,0.0,1.0,31.0,0.0,0.0,38.0,-2.0,-1.0,0.00030171873213190824,0.00025680900523626724,-8.272159700000889e-05,-0.00013480533558407615,-0.00018378111340844328,8.585827751517172e-05,"[5.19140625, 7.7890625, 0.430908203125, 4.625, 0.026702880859375, 0.1708984375, 0.05462646484375, 0.63037109375, 3.2109375, 0.05377197265625, 0.80126953125, 3.1015625, 3.6796875, 1.4658203125, 8.5234375, 2.18359375, 3.201171875, 1.576171875, 1.9052734375, 1.1904296875, 4.0546875, 6.6640625, 2.271484375, 3.8828125, 9.1484375, 5.83984375, 0.54736328125, 4.67578125, 3.0703125, 5.765625, 2.45703125, 0.389892578125, 0.296630859375, 5.7890625, 4.2421875, 0.031524658203125, 1.0302734375, 3.248046875, 6.0625, 0.79150390625, 1.859375, 6.58984375, 0.8427734375, 0.94384765625, 5.08984375, 5.92578125, 4.07421875, 1.140625, 7.67578125, 0.28662109375, 0.419921875, 0.587890625, 6.19140625, 2.748046875, 2.09375, 0.09722900390625, 6.65234375, 1.0595703125, 11.8203125, 1.2509765625, 0.94873046875, 6.16796875, 6.55859375, 1.4169921875, 3.40234375, 6.671875, 1.16796875, 1.83984375, 4.28515625, 0.270751953125, 0.321533203125, 0.032470703125, 5.37109375, 4.79296875, 5.17578125, 2.16015625, 2.509765625, 5.7578125, 8.40625, 5.71484375, 1.3583984375, 1.5634765625, 2.140625, 6.15625, 2.685546875, 5.0390625, 8.2109375, 2.388671875, 0.1285400390625, 2.92578125, 2.576171875, 7.17578125, 1.3857421875, 3.271484375, 4.92578125, 1.9560546875, 1.1953125, 3.451171875, 3.109375, 1.306640625, 2.66015625, 0.25927734375, 0.591796875, 0.02386474609375, 8.28125, 6.83984375, 0.51220703125, 1.3525390625, 9.546875, 4.93359375, 3.30078125, 0.630859375, 1.4404296875, 6.109375, 1.6376953125, 5.3359375, 0.076416015625, 6.546875, 2.59765625, 1.392578125, 3.783203125, 0.370361328125, 0.05987548828125, 0.576171875, 7.46484375, 2.177734375, 0.7158203125, 6.39453125, 8.1015625, 0.2763671875, 0.0399169921875, 3.994140625, 5.02734375, 3.310546875, 3.02734375, 0.02252197265625, 0.49951171875, 2.876953125, 2.7890625, 8.6640625, 3.4140625, 7.99609375, 3.10546875, 3.072265625, 1.4091796875, 5.0234375, 3.548828125, 0.64013671875, 0.7734375, 1.9794921875, 0.035400390625, 8.71875, 10.9375, 0.322998046875, 3.859375, 0.5380859375, 8.4921875, 1.205078125, 1.39453125, 14.1953125, 3.146484375, 6.09375, 8.9296875, 6.015625, 7.77734375, 8.2734375, 9.609375, 7.62890625, 1.1318359375, 8.390625, 2.98828125, 0.2362060546875, 0.005664825439453125, 0.018096923828125, 2.1875, 6.578125, 3.724609375, 0.36474609375, 7.65234375, 7.765625, 0.2470703125, 4.015625, 4.0078125, 0.040069580078125, 0.0033550262451171875, 0.07525634765625, 3.619140625, 0.080810546875, 0.0070037841796875, 0.088134765625, 0.02880859375, 0.13623046875, 6.078125, 0.005764007568359375, 0.141845703125, 0.06756591796875, 0.0289306640625, 0.00396728515625, 0.029998779296875, 9.328125, 1.333984375, 1.912109375, 1.0380859375, 9.8984375, 2.796875, 3.3046875, 5.109375, 4.375, 2.0625, 7.375, 9.59375, 0.00064849853515625, 2.408203125, 4.37109375, 1.869140625, 5.5546875, 4.171875, 1.966796875, 4.57421875, 2.427734375, 0.04296875, 6.0859375, 2.47265625, 4.8359375, 1.408203125, 4.4296875, 0.30908203125, 0.0038127899169921875, 2.806640625, 0.90625, 1.19140625, 1.4677734375, 0.08441162109375, 0.24267578125, 0.02349853515625, 2.439453125, 6.5234375, 1.515625, 6.34375, 3.232421875, 1.2939453125, 2.455078125, 0.402587890625, 2.0234375, 0.1795654296875, 4.34765625, 7.66796875, 1.4931640625, 2.716796875, 0.008697509765625, 2.833984375, 9.1015625, 4.44921875, 4.16796875, 1.21875, 0.038970947265625, 5.4453125, 0.1236572265625, 0.63818359375, 2.923828125, 0.0282135009765625, 1.822265625, 8.5078125]",-0.8173622794930924
437,0,test,3.2270303646961374,1.4523375602284414,1.9923944409704621,5.750293469006415,2.5879419291304675,3.5502773283250257,25.204696966178364,19.306228091490173,21.767570049661256,44.91262491313698,34.40205537579366,38.787957269343195,3.6941459220857475,1.5666401353501365,2.204158832527431,5.43256753247904,2.303882551985495,3.2414100478344574,40.21121440764785,31.817309915512062,35.77417617313734,59.134138834776245,46.790161640458905,52.60908260755491,3.1930704344076455,1.3560402057387066,1.879428133203571,5.505293852426975,2.338000354721908,3.2403933331096053,24.363118074085858,18.08525135304678,20.64342074731312,42.005375989803206,31.181467850080658,35.59210473674676,0.7738693467336684,-0.0011306532663316604,-0.016130653266331674,0.6582914572864322,-0.0067085427135678,-0.011708542713567693,0.5376884422110553,-0.0023115577889447625,-0.007311557788944656,0.437125748502994,0.11874009827877874,0.18911778037550397,0.4354354354354354,0.457286432160804,0.10139670785002708,0.17014119009068718,0.4949494949494949,0.45150501672240806,0.14098748750704915,0.1990022358547774,0.44630872483221473,22.0,10.0,11.0,34.0,10.0,11.0,45.0,15.0,15.0,0.0007768791064038165,-4.267789229249755e-05,0.00038481988875832513,-0.02055100631594975,-0.01912588116923608,-0.02269075285100186,"[2.88671875, 2.212890625, 0.2330322265625, 0.0401611328125, 3.814697265625e-05, 1.2705078125, 0.01294708251953125, 0.01422119140625, 1.583984375, 7.0625, 0.038238525390625, 9.3046875, 0.6171875, 1.5458984375, 2.5703125, 2.560546875, 5.37109375, 0.495361328125, 4.859375, 4.234375, 2.646484375, 4.625, 3.7265625, 3.421875, 1.9150390625, 2.87109375, 8.7734375, 3.56640625, 0.623046875, 2.375, 5.6171875, 0.71240234375, 7.36328125, 1.6162109375, 2.765625, 9.1640625, 2.6015625, 2.376953125, 6.98828125, 0.330078125, 9.1328125, 1.1640625, 0.701171875, 0.888671875, 4.30078125, 0.11669921875, 3.126953125, 1.5185546875, 2.572265625, 5.95703125, 0.2188720703125, 6.2109375, 8.1953125, 4.9375, 2.771484375, 4.82421875, 7.37890625, 1.0537109375, 3.642578125, 2.138671875, 4.34375, 1.4111328125, 8.96875, 6.1015625, 3.1875, 4.44140625, 2.990234375, 5.69140625, 5.046875, 3.205078125, 1.1591796875, 6.60546875, 0.432373046875, 4.62890625, 2.23046875, 5.52734375, 4.06640625, 6.3046875, 7.25390625, 0.006378173828125, 0.09368896484375, 6.9765625, 4.2734375, 3.263671875, 1.671875, 3.54296875, 0.02752685546875, 1.751953125, 6.08984375, 7.5546875, 5.2109375, 4.2734375, 0.62890625, 4.31640625, 5.20703125, 0.33837890625, 1.431640625, 3.318359375, 0.298828125, 0.1693115234375, 2.060546875, 0.07623291015625, 0.08489990234375, 9.171875, 0.69775390625, 3.880859375, 5.47265625, 9.1875, 3.24609375, 5.453125, 12.265625, 1.4365234375, 8.6015625, 2.64453125, 3.86328125, 0.79541015625, 2.310546875, 9.9921875, 7.46875, 5.04296875, 5.203125, 3.3828125, 7.44140625, 6.046875, 9.515625, 3.099609375, 1.4228515625, 7.0390625, 0.061676025390625, 9.5546875, 5.8984375, 1.6904296875, 6.91015625, 3.990234375, 2.5625, 4.671875, 6.1015625, 5.02734375, 3.53515625, 0.7548828125, 2.58984375, 9.0859375, 2.451171875, 4.421875, 0.11572265625, 4.15625, 7.9375, 1.0576171875, 5.859375, 0.9931640625, 5.60546875, 0.5029296875, 1.333984375, 6.796875, 0.916015625, 6.50390625, 0.0743408203125, 6.3125, 1.39453125, 2.396484375, 4.03125, 0.5576171875, 0.84716796875, 3.15234375, 7.83984375, 5.8046875, 4.75390625, 6.73828125, 0.76904296875, 7.9296875, 4.59375, 4.18359375, 0.724609375, 3.958984375, 4.70703125, 4.05859375, 3.080078125, 6.34765625, 1.8857421875, 1.8037109375, 10.8046875, 11.3046875, 4.078125, 1.68359375, 3.244140625, 2.00390625, 8.15625, 0.0019254684448242188, 0.97998046875, 7.265625, 1.482421875, 0.0079803466796875, 0.20263671875, 4.25, 4.5859375, 4.982948303222656e-05, 4.10546875, 2.5, 2.125, 0.58056640625, 0.1287841796875, 0.42333984375, 5.69140625, 1.1865234375, 0.40087890625, 6.80859375, 5.0078125, 3.95703125, 1.2626953125, 6.82421875, 3.181640625, 0.0063323974609375, 0.1295166015625, 8.4921875, 3.81640625, 1.423828125, 1.8466796875, 1.8935546875, 0.00021946430206298828, 4.77734375, 0.06890869140625, 0.1405029296875, 11.890625, 2.501953125, 2.244140625, 8.1640625, 0.319580078125, 0.3896484375, 3.236328125, 4.55078125, 0.14111328125, 1.84765625, 0.89208984375, 1.86328125, 0.00035262107849121094, 0.000774383544921875, 0.0010204315185546875, 6.9141387939453125e-06, 1.1920928955078125e-07, 1.1920928955078125e-07, 3.384765625, 7.078125, 2.15625, 0.2069091796875, 0.92138671875, 0.583984375, -0.0, 0.0009546279907226562, 0.0011320114135742188, 5.9604644775390625e-06, 5.245208740234375e-06, 2.3603439331054688e-05, 6.421875, 9.5703125, 6.88671875, 0.181640625, 1.466796875, 0.17626953125, -0.0, 0.0001481771469116211, 0.0028514862060546875, 1.633167266845703e-05, 7.152557373046875e-07, 1.823902130126953e-05, 8.3828125, 4.1171875, 1.5390625, 1.4091796875, 0.067626953125, -0.0, 0.0003867149353027344, 0.00015211105346679688, 1.0132789611816406e-05, 1.1920928955078125e-07, 0.0001277923583984375, 4.3125, 0.0251007080078125, 1.3671875, 0.7783203125, 10.1015625, 2.31640625, 4.45703125, 3.990234375, 4.1796875, 1.4951171875, 4.53125, 0.09027099609375, 5.8046875, 1.2568359375, 0.9521484375, 5.78125, 7.65625, 3.01171875, 3.294921875, 1.33984375, 2.7418136596679688e-06, 0.00014698505401611328, 2.2649765014648438e-05, 1.430511474609375e-06, -0.0, 1.1920928955078125e-07, 3.505859375, 1.7587890625, 0.0029048919677734375, 2.171875, 0.41015625, 4.66015625, 11.8125, 0.102294921875, 7.234375, 0.336181640625, 3.048828125, 0.396728515625, 7.15234375, 0.2344970703125, 0.939453125, 3.955078125, 4.0234375, 1.0244140625, 10.3828125, 5.7890625, 2.041015625, 8.4140625, 4.3984375, 4.34765625, 2.1796875, 7.734375, 0.08203125, 1.03515625, 2.583984375, 8.3046875, 7.625, 1.8408203125, 0.302001953125]",-0.8226069529613333
166,0,test,3.3848925047790224,1.5066351562178373,2.0572753542979934,5.898426542981267,2.6254236385578156,3.584955072836107,29.51481984353903,22.972725510849777,25.742775387579623,51.4317652719096,40.031680098114464,44.85869770508925,3.539937551297135,1.4348053138842594,2.086446735999147,5.709576695640541,2.3142021191681605,3.3652366709663664,34.464766843668514,26.256578476242638,30.186744578170174,55.58833361882019,42.349320122971996,48.68829770672609,3.344531253030069,1.4697752881777342,2.064719498522268,5.6368504264551715,2.4771493620973044,3.4798643233521362,28.347284848003152,21.828056842578093,24.75132210992735,47.7763227775334,36.78885984704173,41.715711421225876,0.7336683417085428,0.0036683417085427994,0.0036683417085427994,0.592964824120603,-0.027035175879396967,-0.04203517587939698,0.5025125628140703,-0.007487437185929702,0.012512562814070316,0.4273504273504274,0.10302610302610304,0.1624432914755496,0.39142857142857146,0.4170854271356784,0.06871449981738265,0.1382874304745766,0.38383838383838387,0.42140468227424754,0.08417596775004055,0.16890190140661687,0.38590604026845643,23.0,6.0,6.0,35.0,7.0,6.0,44.0,6.0,6.0,0.0007172367554863242,-0.0001154069106566411,0.0003152651242486886,0.0003016908924857731,-9.777747204431364e-05,0.00014069282802076089,"[9.3515625, 11.0234375, 3.107421875, 3.330078125, 6.5078125, 3.841796875, 0.047607421875, 0.92724609375, 3.02734375, 0.061187744140625, 6.515625, 6.9765625, 7.54296875, 5.9921875, 3.49609375, 10.0625, 0.66748046875, 4.73828125, 0.406982421875, 0.2266845703125, 0.0943603515625, 9.4453125, 9.265625, 5.7421875, 2.89453125, 6.25, 2.05859375, 5.44921875, 6.32421875, 10.0078125, 2.75, 3.2109375, 0.3759765625, 0.31396484375, 0.01251983642578125, 3.462890625, 2.341796875, 8.1796875, 4.81640625, 5.953125, 0.1793212890625, 0.094482421875, 1.9345703125, 7.1953125, 0.67041015625, 2.546875, 8.109375, 3.783203125, 4.51953125, 0.417236328125, 7.42578125, 6.3984375, 0.039306640625, 8.46875, 0.496826171875, 9.453125, 1.474609375, 6.28515625, 3.15234375, 0.72412109375, 0.109375, 0.030548095703125, 0.53271484375, 8.640625, 2.8984375, 1.7880859375, 8.0859375, 4.46484375, 0.075927734375, 4.9140625, 1.455078125, 2.26171875, 7.8046875, 4.88671875, 7.390625, 8.8046875, 3.90625, 13.4296875, 2.466796875, 4.09375, 3.10546875, 0.12115478515625, 1.2470703125, 4.59375, 1.583984375, 5.35546875, 1.0888671875, 1.025390625, 5.98828125, 4.3984375, 3.400390625, 1.724609375, 5.140625, 0.14013671875, 9.4609375, 2.283203125, 1.7109375, 2.4765625, 7.62109375, 2.07421875, 5.60546875, 0.80322265625, 0.8173828125, 4.2109375, 9.234375, 4.8125, 1.20703125, 3.23046875, 4.96875, 1.5986328125, 2.15625, 3.75, 0.380859375, 2.767578125, 0.038116455078125, 0.01239013671875, 0.005527496337890625, 0.0279541015625, 0.0894775390625, 3.6484375, 1.5439453125, 1.8134765625, 5.30859375, 0.0301513671875, 2.619140625, 2.404296875, 4.21875, 4.7578125, 2.36328125, 0.489501953125, 1.5625, 3.03515625, 3.115234375, 4.66015625, 2.533203125, 0.48095703125, 10.828125, 2.8828125, 1.4892578125, 0.7802734375, 0.7109375, 0.377197265625, 0.037933349609375, 6.99609375, 0.04376220703125, 1.328125, 0.08087158203125, 0.0008301734924316406, 0.0008206367492675781, 4.65234375, 5.86328125, 1.8515625, 0.27880859375, 6.125, 1.748046875, 3.541015625, 1.666015625, 0.2880859375, 0.027191162109375, 0.041259765625, 0.045806884765625, 3.310546875, 7.4375, 6.83984375, 10.3125, 4.21875, 6.97265625, 0.00028514862060546875, 0.0894775390625, 3.5, 6.58203125, 2.1171875, 0.84912109375, 9.296875, 2.69921875, 3.1796875, 1.3486328125, 8.2265625, 7.78125, 0.35107421875, 1.943359375, 4.60546875, 6.1953125, 4.3828125, 10.453125, 2.291015625, 0.705078125, 3.017578125, 5.91015625, 0.0452880859375, 2.9140625, 5.34765625, 7.08984375, 4.70703125, 1.115234375, 4.8125, 0.6220703125, 0.0028095245361328125, 10.265625, 4.78125, 0.58740234375, 3.90625, 2.986328125, 0.70703125, 3.421875, 7.62890625, 5.09375, 4.32421875, 4.3359375, 3.578125, 1.9443359375, 6.03125, 7.58984375, 0.397216796875, 11.3125, 5.0234375, 1.41796875, 0.04595947265625, 0.01074981689453125, 0.202880859375, 0.00254058837890625, 0.018402099609375, 0.9736328125, 1.7822265625, 3.884765625, 0.71875, 4.12109375, 7.32421875, 3.052734375, 0.59716796875, 0.0164337158203125, 0.004486083984375, 0.0311126708984375, 0.0005660057067871094, 0.006427764892578125, 0.1680908203125, 1.138671875, 0.1761474609375, 0.837890625, 2.94921875, 4.55859375, 5.7578125, 5.859375, 7.02734375, 8.09375, 4.94921875, 2.53125, 5.671875, 0.2039794921875, 0.87451171875, 2.388671875, 2.5033950805664062e-06, 0.1146240234375, 0.15380859375, 2.919921875, 4.49609375, 0.156005859375, 2.7421875, 1.4267578125, 0.0099639892578125, 1.0068359375, 3.5390625, 1.5703125, 4.9140625, 2.580078125, 7.4296875, 9.9609375, 1.7158203125, 7.3515625, 0.0036144256591796875, 5.94921875, 0.5537109375, 5.1171875, 2.234375, 2.70703125, 3.533203125, 0.72216796875, 2.828125, 5.73046875, 4.78125, 0.59033203125, 3.087890625, 0.11419677734375, 1.0361328125, 8.28125, 0.0223846435546875, 6.28515625, 0.404296875, 4.65234375, 2.85546875, 0.056915283203125, 9.65625, 8.078125, 0.744140625, 2.671875, 10.625, 0.580078125, 0.5234375, 0.76806640625, 1.6962890625, 4.69140625, 2.474609375, 0.417236328125, 0.011688232421875, 0.047332763671875, 7.15234375, 3.521484375, 7.15625, 4.23828125, 7.71875, 1.14453125, 4.37890625, 6.7578125, 1.0712890625, 3.08984375, 3.318359375, 6.0546875, 11.4296875, 4.98046875, 2.71875, 7.97265625, 3.70703125, 2.029296875, 0.054840087890625, 1.412109375, 3.228515625, 0.92822265625, 4.671875, 0.1915283203125, 1.9208984375, 3.64453125, 0.1300048828125, 1.591796875, 0.95166015625, 5.41015625, 0.440673828125, 1.615234375, 1.46484375, 0.310546875, 8.8515625, 4.40234375, 5.4921875, 0.02496337890625, 1.7001953125, 7.37890625, 0.00919342041015625, 11.4921875, 6.57421875, 5.515625, 1.5888671875, 4.71484375]",-1.0070671624267882
379,0,test,3.9652767558815856,1.7921278968979633,2.4971191265820547,6.782710240323764,3.0654819289044104,4.2713879796798295,52.7348620534893,43.94895594519133,48.39363243898167,90.20436930202116,75.175845695722,82.77858180352128,3.987696792013082,1.7707212847310063,2.4873031987614764,6.23077623752044,2.7667520073921974,3.8864112480648063,53.93053297470022,44.75100754410909,49.447079594600844,84.26645777296909,69.92344928767045,77.26106186656382,3.9349397084887885,1.7704503002695375,2.4617529766912014,6.730817922415032,3.028401829408419,4.210893249603371,51.15906540630669,42.448911957794365,46.7959483120418,87.50892766868249,72.60998098043773,80.0457010600715,0.8391959798994975,0.009195979899497497,0.009195979899497497,0.6783919597989949,-0.006608040201005139,-0.0016080402010050232,0.5477386934673367,0.007738693467336688,0.017738693467336697,0.43243243243243246,0.095245534551893,0.15772126426811928,0.3682170542635659,0.4321608040201005,0.09381493935844631,0.15670170552260465,0.3484848484848485,0.43243243243243246,0.09717231682549599,0.15772126426811928,0.3643410852713178,22.0,1.0,-1.0,34.0,0.0,0.0,44.0,-1.0,-1.0,0.00033805933543286224,7.003504661778963e-05,0.00022279817961103825,-0.00010708564814265742,-0.00016179463533028127,9.987650539144965e-05,"[13.9375, 6.875, 12.9453125, 9.7421875, 5.65234375, 3.2890625, 1.4296875, 9.78125, 3.111328125, 1.6015625, 6.7578125, 1.1298828125, 9.40625, 5.59375, 3.056640625, 13.1796875, 10.953125, 5.9765625, 1.4736328125, 3.431640625, 3.09375, 2.568359375, 9.1171875, 4.00390625, 5.2421875, 1.521484375, 2.529296875, 6.46484375, 1.7802734375, 5.40234375, 3.654296875, 2.068359375, 5.58203125, 11.3359375, 3.16796875, 6.41015625, 2.638671875, 8.9296875, 0.2093505859375, 1.7626953125, 7.96484375, 0.0771484375, 6.3515625, 4.49609375, 1.9921875, 3.087890625, 10.1640625, 4.9453125, 2.052734375, 2.99609375, 0.1510009765625, 0.304443359375, 5.76171875, 0.01561737060546875, 6.10546875, 2.30078125, 0.426025390625, 4.96484375, 5.9140625, 5.86328125, 5.265625, 0.135498046875, 2.466796875, 3.044921875, 0.0131072998046875, 2.390625, 5.24609375, 2.43359375, 1.06640625, 3.828125, 12.21875, 6.84765625, 0.6435546875, 2.064453125, 4.28125, 0.10546875, 0.7138671875, 6.46875, 2.296875, 7.33203125, 6.1796875, 2.015625, 1.28515625, 3.53125, 7.26953125, 0.12548828125, 1.07421875, 5.99609375, 1.09765625, 3.15625, 5.875, 0.67431640625, 6.37890625, 4.125, 0.56591796875, 1.1533203125, 5.359375, 6.20703125, 0.97802734375, 1.2236328125, 1.232421875, 11.375, 5.3828125, 1.9296875, 5.28515625, 3.173828125, 0.1883544921875, 4.94921875, 5.45703125, 5.82421875, 2.546875, 7.71875, 7.55078125, 1.296875, 0.1973876953125, 1.177734375, 0.04522705078125, 2.775390625, 1.474609375, 2.98828125, 1.61328125, 3.07421875, 6.61328125, 1.2646484375, 1.498046875, 9.96875, 3.017578125, 6.0234375, 6.6171875, 1.673828125, 4.859375, 7.2578125, 5.44140625, 4.546875, 9.1484375, 8.09375, 1.29296875, 4.5390625, 4.01171875, 2.3203125, 13.109375, 2.59765625, 1.796875, 1.517578125, 6.421875, 8.09375, 4.1875, 3.580078125, 3.21875, 4.578125, 3.365234375, 5.92578125, 2.91015625, 0.0004706382751464844, 0.439208984375, 5.7578125, 2.086162567138672e-05, 0.216064453125, 1.39453125, 0.7236328125, 5.109375, 8.9296875, 2.970703125, 4.05078125, 5.203125, 3.78515625, 1.53515625, 3.3736228942871094e-05, 0.88623046875, 1.4443359375, 2.736328125, 1.4638671875, 0.85546875, 0.2110595703125, 2.001953125, 0.5908203125, 9.28125, 2.017578125, 5.1640625, 2.8984375, 0.01303863525390625, 6.90234375, 2.388671875, 5.30859375, 8.28125, 0.66015625, 1.037109375, 7.7109375, 1.77734375, 3.236328125, 0.018829345703125, 2.044921875, 6.90234375, 6.34375, 0.6416015625, 4.1953125, 4.85546875, 5.1640625, 2.375, 3.4609375, 7.8671875, 4.81640625, 4.7421875, 3.1484375, 1.2490234375, 4.62109375, 2.1875, 4.59765625, 0.294921875, 7.10546875, 1.8857421875, 10.921875, 5.41015625, 3.28125, 5.75, 1.443359375, 9.421875, 0.8583984375, 9.6875, 2.947265625, 7.98828125, 2.396484375, 10.265625, 1.9345703125, 1.07421875, 11.0078125, 0.4658203125, 2.287109375, 1.26171875, 2.0, 9.546875, 4.8359375, 0.99462890625, 4.19140625, 2.068359375, 2.765625, 6.18359375, 4.58203125, 0.66064453125, 0.303466796875, 6.9453125, 0.162109375, 0.87158203125, 3.708984375, 10.734375, 0.89453125, 0.415771484375, 1.6240234375, 1.603515625, 0.0007987022399902344, 2.169921875, 9.625, 1.0146484375, 9.2421875, 0.41357421875, 6.20703125, 0.385009765625, 3.79296875, 2.533203125]",-0.5522641758200746
194,0,test,2.91468193159079,1.1892246795292556,1.5324782280721865,5.919975736702537,2.415420074484291,3.112598266343508,18.44294535144547,12.827857398120244,14.459274560478722,37.45924651692551,26.054508290482566,29.36806024718994,3.002228237875742,1.2265375911783365,1.728189695583588,5.003713729792904,2.044229318630561,2.8803161593059805,20.130342177158155,14.225984623638574,16.555079883563934,33.5505702952636,23.70997437273096,27.591799805939893,3.130555956658711,1.3615481894765504,1.890046867232295,5.590278494033412,2.4313360526366967,3.3750836914862408,22.886700019367932,17.02166902231105,19.429326890453364,40.869107177442736,30.395837539841157,34.69522659009529,0.6231155778894473,-0.0018844221105527303,-0.0018844221105527303,0.5025125628140703,0.007512562814070312,-0.0024874371859296973,0.4371859296482412,-0.00781407035175874,-0.00781407035175874,0.4143222506393862,0.11802595434308993,0.15625773451035396,0.4025641025641026,0.4371859296482412,0.13894031561315345,0.19177691462319946,0.43434343434343436,0.44147157190635455,0.13596238993640464,0.1956428733524057,0.44630872483221473,18.0,4.0,3.0,31.0,4.0,1.0,40.0,4.0,4.0,0.0003972151209321091,0.0005292312380286673,7.920210395948928e-05,-0.01324868118765199,-0.01748560786110609,-0.01497927596600146,"[2.892578125, 2.212890625, 0.25, 0.0423583984375, 3.719329833984375e-05, 0.7880859375, 0.01218414306640625, 0.01407623291015625, 5.58203125, 3.20703125, 6.17578125, 5.203125, 7.703125, 0.07208251953125, 0.159423828125, 1.7607421875, 6.98828125, 1.0947265625, 0.143798828125, 3.29296875, 0.269775390625, 6.5859375, 0.317626953125, 0.004337310791015625, 0.3330078125, 4.91015625, 1.75390625, 4.9609375, 1.080078125, 1.0390625, 8.453125, 1.2998046875, 7.47265625, 5.44921875, 0.5205078125, 6.37109375, 2.591796875, 7.109375, 1.13671875, 4.5078125, 10.2578125, 0.07330322265625, 0.246337890625, 0.8369140625, 6.9765625, 4.31640625, 0.1396484375, 0.0003597736358642578, 7.63671875, 6.140625, 0.0138092041015625, 3.982421875, 8.390625, 4.15625, 0.1849365234375, 1.0458984375, 0.101806640625, -0.0, 1.3113021850585938e-06, 0.0005469322204589844, 0.0009756088256835938, 6.0677528381347656e-05, 9.828125, 6.66796875, 4.55078125, 0.10955810546875, 0.509765625, 3.517578125, 5.0234375, 0.258056640625, 7.625, 1.787109375, 3.57421875, 2.30078125, 1.4892578125, 8.5625, 1.5751953125, 5.23828125, 5.4375, 13.765625, 6.40234375, 1.7197265625, 9.21875, 3.427734375, 4.07421875, 13.6953125, 1.845703125, 0.319580078125, 0.72412109375, 7.15234375, 0.81689453125, 3.740234375, 4.921875, 5.671875, 1.119140625, 1.9990234375, 1.1920928955078125e-07, 3.2186508178710938e-06, 2.1338462829589844e-05, 1.9669532775878906e-05, -0.0, 5.30078125, 0.01036834716796875, 0.0006017684936523438, 0.337646484375, 3.3828125, 1.7881393432617188e-05, 0.0005364418029785156, 5.316734313964844e-05, 1.2159347534179688e-05, 3.5762786865234375e-07, 5.0234375, 3.748046875, 4.3125, 11.0234375, 6.328125, 6.60546875, 0.2056884765625, 0.37353515625, 5.3984375, 6.04296875, 1.63671875, 3.271484375, 0.2100830078125, 5.6953125, 1.3076171875, 5.29296875, 0.2138671875, 7.6875, 7.578125, 8.6328125, 1.2236328125, 0.1795654296875, 4.43359375, 1.4814453125, 7.2890625, 4.58984375, 6.1171875, 0.3603515625, 3.466796875, 3.03515625, 1.9228515625, 3.74609375, 7.32421875, 3.3515625, 6.37890625, 0.259521484375, 3.275390625, 6.671875, 5.7265625, 1.017578125, -0.0, 1.3232231140136719e-05, 2.7060508728027344e-05, 2.86102294921875e-06, -0.0, 4.9296875, 4.33984375, 0.26123046875, 1.890625, 9.262561798095703e-05, 0.0008778572082519531, 2.1696090698242188e-05, 5.841255187988281e-06, 1.1920928955078125e-07, 9.3515625, 3.96484375, 0.08984375, 0.36376953125, 10.6171875, 5.25390625, 3.8125, 6.13671875, 3.6328125, 0.042755126953125, 1.388671875, 4.4453125, 2.0390625, 0.0222015380859375, 6.171875, 4.0625, 0.0706787109375, 0.031158447265625, 2.158203125, 2.677734375, 6.328125, 0.3603515625, 1.9541015625, 0.012847900390625, 1.48046875, 4.04296875, 1.4638671875, 0.01287841796875, 2.69921875, 5.5390625, 0.047607421875, 2.994140625, 2.958984375, 0.034759521484375, 0.78076171875, 2.224609375, 8.2734375, 0.373779296875, 8.65625, 1.61328125, 0.00235748291015625, 1.3232421875, 8.1015625, 0.59228515625, 1.36328125, 3.80078125, 2.9765625, 8.8515625, 3.615234375, 6.79296875, 9.2265625, 1.1025390625, 1.9169921875, 0.139404296875, 0.004726409912109375, 1.03125, 0.0775146484375, 4.32421875, 0.07257080078125, 0.2174072265625, 1.5478515625, 7.78515625, 2.98828125, 12.375, 1.2353515625, 0.257568359375, 1.0732421875, 4.62890625, 1.904296875, 5.32421875, 5.3046875, 5.703125, 4.3828125, 8.109375, 4.85546875, 5.13671875, 0.476806640625, 1.1920928955078125e-07, 1.0848045349121094e-05, 1.0132789611816406e-05, 2.384185791015625e-06, -0.0, 8.4140625, 0.51123046875, 0.60009765625, 1.94921875, 8.8828125, 0.029083251953125, 9.484375, 4.125, 1.28515625, 10.8671875, 5.2734375, 0.390869140625, 2.140625, 0.02630615234375, 0.02294921875, 2.7578125, 1.875, 6.73828125, 0.00853729248046875, 4.59375, 0.1748046875, 1.7421875, 3.66015625, 0.04449462890625, 7.4921875, 0.11334228515625, 7.44140625, 6.8671875, 3.8828125, 9.3125, 5.58203125, 2.75390625, 2.486328125, 2.76953125, 4.58203125, 4.8515625, 3.1796875, 0.60400390625, 9.25, 2.216796875, 0.0582275390625, 0.224609375, 0.994140625, 1.5751953125, 1.4638671875, 3.52734375, 3.28515625, 10.40625, 5.77734375, 0.81591796875, 5.16796875, 0.355224609375, 0.160888671875, 6.01171875, 3.421875, 0.93603515625, -0.0, 3.6954879760742188e-06, 3.6954879760742188e-06, 1.0728836059570312e-06, -0.0, 10.1875, 5.69921875, 0.221435546875, 0.8291015625, 2.30078125, 1.7607421875, 3.4765625, 0.0037441253662109375, 9.2265625, 8.015625, 0.268310546875, 1.4375, 1.0595703125, 7.01953125, 0.1378173828125, 0.01317596435546875, 2.1484375, 1.4111328125, 9.109375, 0.087646484375, 0.02972412109375, 0.015960693359375, 0.311767578125, 2.90234375, 7.03125, 0.03143310546875, 0.84326171875, 3.05859375, 0.01346588134765625, 7.91796875, 2.375, 9.84375, 5.9140625, 2.8671875, 2.87890625, 0.0039005279541015625, 9.5390625, 6.80859375, 2.205078125, 7.44921875, 0.57568359375, -0.0, 7.128715515136719e-05, 9.5367431640625e-06, 1.5497207641601562e-06, -0.0, 4.59375, 0.1796875, 0.002307891845703125, 0.035186767578125, 0.0120086669921875, 0.0013895034790039062, 0.1671142578125, 0.7373046875, 0.105712890625, -0.0, 4.220008850097656e-05, 5.245208740234375e-06, 2.1457672119140625e-06, 5.960464477539062e-07, 4.83203125, 0.09649658203125, 0.751953125, 2.43359375, 6.68359375, 5.43359375, 1.685546875, 0.37841796875, 3.849609375, 0.025238037109375, 6.53125, 0.12078857421875, 0.443603515625, 3.6328125, 0.049652099609375, 0.033966064453125, 1.3359375, 0.71875, 3.654296875, 8.1640625, 1.4599609375, 0.4541015625, 4.20703125]",-0.5483515061380917
290,0,test,3.189013811027479,1.2987540757763323,1.811370605147358,5.498894084960896,2.2394732441764864,3.1233903948216604,24.26448627099063,17.643398083262166,20.298941637693105,41.83984389430276,30.42294047870611,35.00195882391405,3.1568390771971275,1.142424361609483,1.6788694319373532,4.8196016445757675,1.744159330701501,2.563159438072295,23.496208722962873,15.999870116111563,19.112173231647173,35.87207438620286,24.427282620017657,29.178890429995683,3.141702836971219,1.2980872146975493,1.8011693237227882,5.4480396016841945,2.251018291383033,3.1234150122360487,23.143242493015613,16.82389712190368,19.32216093372679,40.132790450316094,29.174388072665344,33.50663745732969,0.7185929648241206,-0.006407035175879372,-0.006407035175879372,0.5678391959798995,0.002839195979899567,0.00783919597989946,0.42713567839195976,0.0021356783919597166,-0.007864321608040292,0.4025157232704403,0.08697412201455335,0.12531907055077496,0.4037854889589906,0.42211055276381915,0.07875215677384417,0.12160971803927823,0.41414141414141414,0.4013377926421404,0.08080356893596341,0.1277004177811838,0.3993288590604027,16.0,2.0,2.0,31.0,4.0,6.0,37.0,3.0,3.0,7.296003358666148e-05,7.911803653281079e-05,-7.195679629532781e-05,0.0004320054688413677,3.0048854599229458e-05,-0.0001068923557658863,"[1.859375, 5.28125, 0.00511932373046875, 0.052032470703125, 6.68359375, 4.6015625, 2.869140625, 6.99609375, 1.6044921875, 5.30859375, 0.03143310546875, 0.32177734375, 6.63671875, 0.452392578125, 5.3984375, 2.048828125, 1.029296875, 1.615234375, 3.974609375, 2.255859375, 10.15625, 5.7890625, 1.0263671875, 6.41015625, 7.2734375, 1.3876953125, 4.2578125, 5.79296875, 2.033203125, 2.2734375, 0.78466796875, 6.98828125, 0.25537109375, 8.8828125, 0.004741668701171875, 1.056640625, 3.8671875, 0.02069091796875, 7.10546875, 2.9765625, 1.65234375, 5.66796875, 4.01953125, 5.23828125, 1.716796875, 1.5361328125, 1.525390625, 3.65625, 0.0948486328125, 7.98828125, 1.7744140625, 1.7041015625, 4.171875, 2.302734375, 5.24609375, 8.4375, 3.681640625, 6.74609375, 2.8203125, 0.62353515625, 0.00867462158203125, 1.107421875, 3.162109375, 0.002490997314453125, 0.83349609375, 3.07421875, 4.51953125, 5.15234375, 2.275390625, 2.640625, 3.572265625, 1.125, 7.74609375, 4.484375, 1.2060546875, 5.1015625, 1.6240234375, 2.978515625, 1.98828125, 1.2802734375, 0.00896453857421875, 0.57080078125, 2.54296875, 0.21533203125, 0.0007724761962890625, 0.04522705078125, 0.455322265625, 5.5546875, 1.8798828125, 0.4462890625, 0.7236328125, 2.564453125, 6.23046875, 0.1868896484375, 6.27734375, 6.03125, 1.3857421875, 5.3046875, 0.007602691650390625, 12.109375, 1.9912109375, 0.7802734375, 1.0869140625, 0.5087890625, 0.466796875, 0.07147216796875, 1.58984375, 4.7734375, 1.74609375, 0.215087890625, 2.763671875, 11.0703125, 14.953125, 9.5390625, 2.201171875, 1.0576171875, 0.1488037109375, 1.033203125, 1.677734375, 5.984375, 0.806640625, 0.00362396240234375, 0.0033702850341796875, 1.423828125, 6.3046875, 0.02850341796875, 3.396484375, 5.9375, 5.8515625, 5.0546875, 4.67578125, 0.0161895751953125, 7.05859375, 5.3671875, 2.509765625, 2.392578125, 3.01171875, 0.361328125, 2.140625, 0.001617431640625, 4.84375, 6.13671875, 3.568359375, 1.23046875, 2.6484375, 0.0026416778564453125, 4.0703125, 3.671875, 0.6044921875, 6.30859375, 5.5625, 0.1795654296875, 5.30078125, 1.4033203125, 0.1732177734375, 6.1171875, 4.12890625, 4.11328125, 2.07421875, 2.044921875, 6.07421875, 3.25390625, 2.7109375, 1.6748046875, 6.0859375, 0.0643310546875, 2.6796875, 7.34765625, 3.890625, 0.1112060546875, 2.923828125, 0.390380859375, 1.3564453125, 0.0010223388671875, 3.298828125, 7.421875, 0.0211944580078125, 0.00955963134765625, 0.69921875, 12.078125, 5.4609375, 13.3046875, 1.8974609375, 0.759765625, 5.84375, 4.47265625, 0.1033935546875, 3.5703125, 1.8232421875, 4.27734375, 3.595703125, 0.495361328125, 3.826171875, 0.325439453125, 2.625, 6.37109375, 0.31689453125, 6.59375, 0.2548828125, 12.828125, 8.9296875, 3.765625, 1.74609375, 2.958984375, 4.77734375, 6.1328125, 7.23828125, 0.0004379749298095703, 0.5146484375, 1.29296875, 0.98486328125, 8.375, 4.359375, 0.156005859375, 0.0260467529296875, 7.9140625, 3.923828125, 0.95263671875, 4.88671875, 0.0020160675048828125, 0.08831787109375, 0.080078125, 2.3515625, 6.556510925292969e-05, 0.053466796875, 1.5283203125, 2.171875, 9.25, 0.029205322265625, 9.3046875, 4.015625, 1.328125, 4.8203125, 0.5771484375, 9.09375, 5.16015625, 0.85791015625, 0.135009765625, 6.55859375, 0.496337890625, 2.1484375, 9.109375, 3.068359375, 4.76171875, 0.02471923828125, 1.376953125, 2.595703125, 4.7109375, 5.51171875, 8.0546875, 3.310546875, 0.08514404296875, 0.91357421875, 2.421875, 3.80078125, 2.5078125, 0.83203125, 6.58203125, 2.29296875, 10.5234375, 3.236328125, 1.4951171875, 3.275390625, 2.25, 5.203125, 0.7724609375, 9.5703125, 0.73046875, 5.50390625, 1.09765625, 2.822265625, 1.05859375, 0.0002853870391845703, 5.1953125, 1.4423828125, 0.1376953125, 6.556510925292969e-05, 0.95849609375, 0.372802734375, 2.82421875, 3.046875, 1.4248046875, 0.21533203125, 9.515625, 0.12164306640625, 0.9033203125, 8.03125, 6.28125, 5.109375, 0.8095703125, 2.72265625, 1.609375, 1.21875, 1.943359375, 0.80615234375, 1.46484375, 3.052734375, 2.22265625, 0.026092529296875, 6.98828125, 0.5576171875, 2.73046875, 10.6328125, 3.734375, 0.142822265625, 6.36328125, 10.0390625, 3.740234375, 0.0970458984375, 1.484375, 6.9296875, 4.87890625, 2.77734375, 1.669921875, 1.6826171875, 2.921875, 7.32421875, 0.04229736328125]",-0.5681809464340688
482,0,test,3.5353194648384028,1.6299066033051464,2.2463233652593395,6.541732868008068,3.015968911627633,4.156582605007439,34.305972515785506,27.583790130458894,30.676831086007304,63.47955544259523,51.04087150124283,56.76421500166706,3.69818490713685,1.7072860251983268,2.3590073993478624,6.268110012096356,2.893705127454791,3.9983176260133257,40.373955334374045,33.051842814574705,36.55805167111954,68.4304327701255,56.02007256707577,61.9627994425755,3.5353194648384028,1.6299066033051464,2.2463233652593395,6.541732868008068,3.015968911627633,4.156582605007439,34.305972515785506,27.583790130458894,30.676831086007304,63.47955544259523,51.04087150124283,56.76421500166706,0.7185929648241206,-0.0014070351758793676,-0.011407035175879376,0.5879396984924623,-0.01706030150753768,-0.002060301507537776,0.5125628140703518,-0.00743718592964826,-0.012437185929648265,0.4444444444444444,0.14380478559583032,0.20580808080808077,0.4420600858369099,0.44723618090452266,0.1289404415561517,0.2085049622066929,0.46464646464646464,0.4444444444444444,0.14380478559583032,0.20580808080808077,0.4420600858369099,23.0,0.0,-1.0,35.0,-1.0,-1.0,42.0,-1.0,-1.0,9.957189155603976e-05,0.0001165975033288354,2.9371794093664415e-05,6.616239837065052e-05,-2.437914732134061e-05,-5.259801277901488e-05,"[8.3359375, 1.447265625, 10.140625, 3.62109375, 4.28515625, 0.385986328125, 0.1673583984375, 0.269775390625, 2.74609375, 0.0006785392761230469, 0.441650390625, 4.49609375, 0.9560546875, 3.259765625, 2.2421875, 2.041015625, 3.697265625, 2.443359375, 7.0390625, 4.984375, 0.1513671875, 3.32421875, 7.58984375, 6.65234375, 3.76171875, 5.8359375, 0.66064453125, 8.5625, 0.08026123046875, 5.12890625, 1.55859375, 5.11328125, 2.3203125, 4.14453125, 0.3408203125, 1.439453125, 9.2578125, 2.00390625, 1.150390625, 10.875, 0.373046875, 0.0626220703125, 1.1298828125, 4.76171875, 3.94921875, 7.28515625, 3.5625, 0.80517578125, 0.328857421875, 0.58984375, 7.6328125, 11.1953125, 2.1328125, 6.0234375, 2.173828125, 5.69921875, 6.19921875, 3.24609375, 0.73583984375, 12.3046875, 0.076416015625, 0.84375, 5.1640625, 3.533203125, 0.326416015625, 0.63330078125, 0.88232421875, 8.09375, 0.83056640625, 2.115234375, 5.91796875, 4.66796875, 5.55078125, 0.0255889892578125, 0.4755859375, 0.86328125, 1.4296875, 1.642578125, 5.51171875, 11.65625, 2.455078125, 4.87109375, 4.66796875, 4.49609375, 0.72314453125, 0.00888824462890625, 4.73828125, 6.0390625, 3.8828125, 1.208984375, 4.83984375, 4.7109375, 3.53125, 0.94775390625, 1.3642578125, 12.609375, 0.00453948974609375, 0.08148193359375, 0.0193939208984375, 0.79052734375, 3.68359375, 0.97607421875, 3.384765625, 1.93359375, 8.84375, 6.5234375, 4.078125, 7.08203125, 11.78125, 4.6953125, 1.6142578125, 7.0546875, 4.34765625, 6.06640625, 1.5185546875, 6.01171875, 1.6064453125, 5.21875, 1.130859375, 0.11578369140625, 5.3984375, 0.93798828125, 0.88671875, 1.220703125, 4.3515625, 0.1416015625, 7.06640625, 0.31494140625, 3.48046875, 1.87109375, 11.1953125, 0.345947265625, 0.51904296875, 2.1640625, 1.3984375, 7.1015625, 4.2578125, 4.85546875, 4.01171875, 3.5625, 0.3818359375, 1.0361328125, 8.34375, 1.38671875, 3.203125, 1.26953125, 6.4765625, 1.3046875, 0.08203125, 7.75, 5.15625, 5.875, 8.3359375, 4.84765625, 6.18359375, 0.459716796875, 6.67578125, 14.15625, 5.2890625, 0.1937255859375, 0.79833984375, 5.76953125, 2.23828125, 5.02734375, 0.170166015625, 8.8984375, 0.900390625, 6.47265625, 5.4296875, 0.5185546875, 6.19921875, 0.75732421875, 3.53515625, 3.326171875, 2.82421875, 8.8359375, 0.122802734375, 0.31005859375, 0.16552734375, 8.515625, 7.73828125, 1.4306640625, 7.33203125, 2.310546875, 5.0625, 0.0655517578125, 8.09375, 0.892578125, 0.177490234375, 9.5859375, 2.52734375, 0.63818359375, 5.1953125, 3.1328125, 1.2158203125, 7.94921875, 7.63671875, 0.0828857421875, 0.83544921875, 6.76171875, 4.16796875, 1.23046875, 7.0546875, 1.3154296875, 2.78515625, 0.01306915283203125, 4.4453125, 0.004222869873046875, 0.68212890625, 5.71484375, 11.375, 0.006763458251953125, 0.1934814453125, 0.08428955078125, 0.140380859375, 0.28759765625, 6.37109375, 0.0806884765625, 0.6923828125, 3.283203125, 0.497802734375, 4.4609375, 0.447265625, 3.330078125, 2.689453125, 2.498046875, 7.109375, 1.8828125, 0.16748046875, 5.23828125, 3.759765625, 0.50244140625, 0.045989990234375, 8.6953125]",-0.747732979619605
349,0,test,3.5107377052307127,1.6953946656721797,2.27668136525324,5.605211904374036,2.706851710533423,3.6349287706600024,33.472951849710185,27.32976867883403,30.03781645891068,53.44261062368501,43.63446022018388,47.95810468723808,3.481334072860641,1.6084705366688776,2.2268376493112756,5.235088831369385,2.418752686720117,3.348628044077106,32.50305460810002,25.99615211034681,28.996982253855005,48.87677384676695,39.09195806067189,43.60448459226316,3.5107377052307127,1.6953946656721797,2.27668136525324,5.605211904374036,2.706851710533423,3.6349287706600024,33.472951849710185,27.32976867883403,30.03781645891068,53.44261062368501,43.63446022018388,47.95810468723808,0.7537688442211055,-0.006231155778894548,0.0037688442211054607,0.5979899497487438,-0.007010050251256228,0.01298994974874379,0.42211055276381915,-0.0178894472361808,-0.007889447236180902,0.4035714285714286,0.0827158135981666,0.14347641669494404,0.39426523297491034,0.39698492462311563,0.07618291961058432,0.14322866418905889,0.36868686868686873,0.4035714285714286,0.0827158135981666,0.14347641669494404,0.39426523297491034,24.0,11.0,9.0,35.0,11.0,11.0,43.0,12.0,12.0,-7.705266294366277e-05,-0.00012407203265868975,7.620081482538762e-05,-0.004928143048775091,-0.005067250361941333,-0.004787774308687709,"[11.3046875, 2.3984375, 6.015625, 2.443359375, 3.017578125, 0.5859375, 4.30859375, 2.02734375, 5.25390625, 1.599609375, 6.6875, 3.130859375, 0.990234375, 2.685546875, 1.625, 9.4765625, 9.6015625, 2.3125, 8.7890625, 0.19189453125, 3.53125, 3.03515625, 3.052734375, 0.85888671875, 4.36328125, 3.7421875, 0.52392578125, 5.8984375, 2.439453125, 7.0390625, 1.7880859375, 0.255859375, 0.038543701171875, 0.30517578125, 2.24609375, 6.4609375, 0.6181640625, 6.5546875, 2.265625, 8.5078125, 1.2119140625, 0.52490234375, 1.4443359375, 6.65625, 4.08984375, 1.6376953125, 0.7724609375, 1.541015625, 0.353271484375, 4.62109375, 6.91796875, 1.96875, 3.865234375, 0.75634765625, 0.357421875, 2.09375, 0.047882080078125, 7.9296875, 2.17578125, 5.72265625, 0.425048828125, 9.421875, 1.5830078125, 11.2578125, 5.76953125, 2.736328125, 3.283203125, 2.412109375, 6.140625, 1.166015625, 0.982421875, 10.7421875, 2.56640625, 3.7421875, 4.3203125, 0.09674072265625, 0.9013671875, 1.779296875, 6.53515625, 7.27734375, 2.408203125, 10.53125, 0.67236328125, 1.5224609375, 4.1484375, 8.1640625, 2.365234375, 2.271484375, 5.6875, 1.3994140625, 2.435546875, 9.484375, 1.537109375, 3.478515625, 2.80859375, 8.34375, 0.3193359375, 3.8359375, 1.9384765625, 0.0076751708984375, 4.5546875, 1.08203125, 2.345703125, 6.56640625, 0.6142578125, 1.2314453125, 0.00824737548828125, 7.22265625, 2.697265625, 5.7734375, 2.71484375, 0.51025390625, 4.78515625, 1.525390625, 6.734375, 1.2685546875, 4.734375, 5.5, 0.34375, 6.765625, 2.5703125, 3.259765625, 0.407470703125, 12.5390625, 0.497802734375, 0.393310546875, 0.43017578125, 1.767578125, 0.300537109375, 0.0178375244140625, 0.81298828125, 5.21484375, 0.2398681640625, 0.0209503173828125, 3.546875, 3.759765625, 8.015625, 2.11328125, 10.765625, 0.8857421875, 8.0703125, 3.431640625, 0.134521484375, 0.77880859375, 6.26171875, 2.9140625, 2.62109375, 3.97265625, 2.03515625, 5.64453125, 0.05877685546875, 0.8291015625, 5.921875, 6.7421875, 8.625, 0.07464599609375, 0.5263671875, 6.52734375, 1.1181640625, 1.322265625, 6.89453125, 1.69921875, 10.796875, 3.8515625, 1.419921875, 7.3828125, 4.25, 2.583984375, 1.4306640625, 2.087890625, 8.6015625, 8.640625, 2.6328125, 11.7265625, 1.283203125, 1.3837890625, 5.91015625, 3.150390625, 0.276611328125, 0.00693511962890625, 1.7353515625, 5.65625, 3.0546875, 7.55078125, 6.58984375, 0.051849365234375, 3.865234375, 2.130859375, 1.0361328125, 2.427734375, 2.69140625, 2.72265625, 1.119140625, 5.0625, 0.045867919921875, 0.00940704345703125, 0.03619384765625, 2.119140625, 0.88525390625, 0.307373046875, 0.282470703125, 5.78125, 1.7451171875, 7.765625, 1.048828125, 1.205078125, 0.009124755859375, 6.58984375, 0.2257080078125, 3.2890625, 1.6923828125, 3.130859375, 2.978515625, 3.140625, 3.443359375, 1.9150390625, 3.87890625, 1.51171875, 3.66015625, 2.00390625, 12.4609375, 3.611328125, 3.8515625, 3.333984375, 1.798828125, 1.9072265625, 7.33984375, 4.2734375, 10.6796875, 6.87109375, 5.328125, 5.41015625, 6.40625, 5.328125, 7.1015625, 6.57421875, 6.57421875, 4.93359375, 1.9541015625, 9.1484375, 5.95703125, 3.935546875, 2.49609375, 7.40234375, 0.09130859375, 7.23828125, 0.6962890625, 0.76318359375, 1.24609375, 4.0390625, 2.986328125, 4.04296875, 0.724609375, 9.109375, 1.4794921875, 7.25, 3.814453125, 2.359375, 1.0595703125, 0.004878997802734375, 3.69921875, 1.7060546875, 10.9140625, 0.1419677734375, 4.75390625, 10.25, 4.03125, 3.16015625, 1.8828125, 1.01953125, 3.05859375, 0.11053466796875, 0.00470733642578125, 0.0277557373046875, 1.0732421875, 2.166015625, 6.6953125, 0.150146484375, 0.33154296875, 4.53515625]",-0.7860486030578615
145,0,test,3.3662390579710473,1.54808857134949,2.095135423857558,6.662831790604763,3.0641477239814043,4.146923218255994,28.969369798972828,22.808915734329737,25.404585188884486,57.33937332624277,45.14592286725955,50.28355827041274,3.4252672938246223,1.5620875757807524,2.140662805314898,5.905633265214866,2.6932544410012973,3.6907979401980997,30.73085792235044,24.28666297081496,27.117619325160813,52.984237797155934,41.87355684623269,46.75451607786347,3.3662390579710473,1.54808857134949,2.095135423857558,6.662831790604763,3.0641477239814043,4.146923218255994,28.969369798972828,22.808915734329737,25.404585188884486,57.33937332624277,45.14592286725955,50.28355827041274,0.6984924623115578,-0.011507537688442149,-0.006507537688442255,0.5829145728643217,-0.022085427135678293,-0.01708542713567829,0.4723618090452262,-0.0026381909547738003,0.007361809045226209,0.42657342657342656,0.10720169882473551,0.17657342657342656,0.3929824561403509,0.4371859296482412,0.10886512764322864,0.18342966921418447,0.3939393939393939,0.42657342657342656,0.10720169882473551,0.17657342657342656,0.3929824561403509,24.0,0.0,0.0,37.0,-1.0,-1.0,46.0,0.0,-1.0,-1.3520977868697363e-05,0.00035310802079826007,4.1532825151990506e-05,-0.00029419353837489837,0.00015400165618917327,5.253467235455389e-06,"[1.869140625, 2.822265625, 0.70068359375, 5.0859375, 7.06640625, 5.33984375, 2.3203125, 1.7431640625, 2.048828125, 6.7890625, 6.625, 8.171875, 2.623046875, 1.9248046875, 4.80859375, 7.63671875, 0.463623046875, 0.400390625, 10.3515625, 1.4501953125, 10.1796875, 4.56640625, 3.63671875, 11.484375, 6.25, 0.00318145751953125, 8.359375, 4.05859375, 7.453125, 3.744140625, 3.193359375, 0.127197265625, 0.66552734375, 0.77001953125, 5.1015625, 9.53125, 6.375, 2.23828125, 2.267578125, 7.04296875, 2.02734375, 4.29296875, 2.119140625, 5.51953125, 11.9609375, 3.5390625, 5.125, 0.309814453125, 0.0291595458984375, 0.8974609375, 3.220703125, 0.50732421875, 3.376953125, 1.63671875, 2.0078125, 0.01071929931640625, 2.34375, 6.90625, 0.05609130859375, 4.97265625, 11.5, 8.4921875, 7.046875, 3.466796875, 4.3125, 1.4306640625, 2.388671875, 11.5, 1.107421875, 0.49560546875, 0.7724609375, 3.5859375, 6.26171875, 5.8984375, 7.921875, 0.01143646240234375, 6.38671875, 0.951171875, 0.9599609375, 0.03778076171875, 2.72265625, 5.73046875, 1.3330078125, 1.095703125, 3.166015625, 0.6455078125, 7.67578125, 0.755859375, 0.292724609375, 0.01153564453125, 0.5751953125, 1.1337890625, 4.1328125, 0.2890625, 0.001007080078125, 0.10223388671875, 0.93896484375, 0.2376708984375, 0.0435791015625, 0.015045166015625, 0.00264739990234375, 0.0145721435546875, 0.00597381591796875, 1.375, 2.01171875, 3.197265625, 0.1719970703125, 5.83203125, 9.0390625, 1.658203125, 3.087890625, 1.7001953125, 1.6591796875, 5.35546875, 1.0380859375, 2.916015625, 2.775390625, 2.705078125, 5.24609375, 6.375, 7.484375, 5.78125, 5.87109375, 7.30859375, 1.98828125, 8.1875, 9.625, 2.353515625, 0.0750732421875, 5.06640625, 8.3515625, 7.90234375, 2.501953125, 0.318603515625, 0.4755859375, 0.0330810546875, 7.65625, 3.974609375, 2.21875, 4.328125, 5.44140625, 2.171875, 3.51953125, 3.404296875, 4.2890625, 3.642578125, 3.494140625, 0.43408203125, 0.162353515625, 0.05059814453125, 1.265625, 0.50341796875, 0.0070648193359375, 3.220703125, 5.12890625, 0.54541015625, 5.546875, 0.03887939453125, 8.7578125, 0.308349609375, 2.109375, 0.07684326171875, 0.0003535747528076172, 0.1005859375, 0.9375, 4.578125, 6.27734375, 0.200439453125, 10.4921875, 4.58203125, 1.646484375, 0.145751953125, 0.10101318359375, 5.3125, 7.88671875, 0.919921875, 3.529296875, 8.359375, 6.3359375, 5.375, 6.171875, 2.669921875, 2.216796875, 3.833984375, 4.03125, 6.3203125, 8.4609375, 1.5859375, 0.07708740234375, 2.376953125, 0.34765625, 4.05078125, 0.10589599609375, 0.027313232421875, 2.0546875, 1.98828125, 1.400390625, 6.53515625, 3.6484375, 4.3515625, 3.96875, 4.8984375, 1.0458984375, 0.470458984375, 3.4921875, 1.2939453125, 5.4375, 4.37109375, 1.0439453125, 0.017974853515625, 0.0156707763671875, 6.046875, 8.1953125, 3.30078125, 5.48828125, 5.1484375, 6.80859375, 1.3583984375, 0.78515625, 0.016448974609375, 9.109375, 0.365478515625, 3.5546875, 3.138671875, 0.375, 0.66259765625, 0.00920867919921875, 2.7265625, 2.900390625, 2.171875, 5.87109375, 3.0859375, 8.875, 3.134765625, 1.4599609375, 11.1328125, 0.6728515625, 0.08709716796875, 2.896484375, 0.6396484375, 0.059967041015625, 0.0264129638671875, 1.5712890625, 1.06640625, 3.873046875, 7.3984375, 1.63671875, 4.9921875, 2.837890625, 0.0143280029296875, 9.1171875, 6.30859375, 1.548828125, 0.1971435546875, 2.521484375, 11.3671875, 1.720703125, 1.9111328125, 3.814453125, 0.5380859375, 0.74755859375, 0.029205322265625, 0.4541015625, 6.1953125, 1.2587890625, 0.92724609375, 4.77734375, 1.3709068298339844e-05, 0.3935546875, 0.357177734375, 3.197265625, 7.72265625, 1.49609375, 0.53271484375, 0.010955810546875, 2.537109375, 6.71484375, 4.27734375, 7.99609375, 8.7578125, 2.26171875, 7.41796875, 1.7080078125, 10.0546875, 3.810546875, 6.11328125]",-0.48552275996108163
144,0,test,3.8728752845282006,1.7948217921873626,2.4789981656654496,6.415192189095792,2.973017692580293,4.1063159799366336,48.08043244794881,40.09152913950145,44.04998612933219,79.64243411623421,66.40928139672019,72.96623469275883,4.006524331006572,1.812689970924524,2.532132019206668,6.260194267197769,2.832328079569569,3.9564562800104186,54.95553100446752,45.98599129707548,50.58715065148376,85.86801719448049,71.85311140168044,79.04242289294338,3.8728752845282006,1.7948217921873626,2.4789981656654496,6.415192189095792,2.973017692580293,4.1063159799366336,48.08043244794881,40.09152913950145,44.04998612933219,79.64243411623421,66.40928139672019,72.96623469275883,0.7839195979899498,-0.006080402010050223,0.00891959798994979,0.6683417085427136,0.0033417085427135396,-0.0016582914572863539,0.5527638190954773,0.0027638190954772934,0.007763819095477409,0.4572490706319703,0.1158761578304861,0.19519715468635845,0.4253731343283582,0.4371859296482412,0.09132126799410589,0.16840462747795737,0.41414141414141414,0.4572490706319703,0.1158761578304861,0.19519715468635845,0.4253731343283582,20.0,-1.0,1.0,33.0,2.0,1.0,43.0,2.0,1.0,0.0002747386183588279,0.0002083901725157106,-5.481926964776091e-05,-0.00017638486674709242,0.00021985158203818855,6.483093570341936e-05,"[7.1875, 8.09375, 4.09375, 7.21875, 5.8828125, 6.41015625, 3.935546875, 2.767578125, 0.08941650390625, 0.2296142578125, 2.10546875, 7.2578125, 3.51953125, 1.8798828125, 10.4140625, 7.75, 1.4501953125, 0.036834716796875, 7.30078125, 4.01171875, 4.078125, 5.84765625, 5.7265625, 0.443115234375, 8.8828125, 1.2548828125, 0.50634765625, 9.2578125, 4.4609375, 7.328125, 3.84375, 0.00038242340087890625, 1.6806640625, 1.1689453125, 6.62109375, 4.421875, 5.1875, 1.732421875, 0.1163330078125, 0.4833984375, 2.02734375, 0.045074462890625, 0.032745361328125, 0.078125, 5.98828125, 4.06640625, 0.457763671875, 2.15625, 1.5654296875, 1.1962890625, 7.03515625, 2.8671875, 0.2315673828125, 1.2099609375, 5.31640625, 3.173828125, 4.89453125, 9.203125, 5.51953125, 5.65625, 2.927734375, 8.9140625, 2.21875, 0.580078125, 5.875, 3.515625, 1.0048828125, 6.0234375, 0.1279296875, 0.0013570785522460938, 5.1015625, 4.1171875, 1.4755859375, 0.8701171875, 0.0222015380859375, 1.998046875, 5.828125, 0.65576171875, 3.69921875, 1.57421875, 0.9755859375, 15.5, 4.62109375, 0.477294921875, 6.79296875, 0.346435546875, 9.4609375, 0.5712890625, 13.09375, 11.59375, 4.86328125, 8.078125, 8.2890625, 11.3203125, 2.0859375, 4.68359375, 5.25, 0.392822265625, 0.13330078125, 4.91015625, 4.2265625, 1.634765625, 4.140625, 3.9140625, 0.45361328125, 1.5009765625, 4.1640625, 6.203125, 3.14453125, 0.89892578125, 6.45703125, 0.42333984375, 5.9921875, 1.6396484375, 3.037109375, 3.23828125, 6.8125, 0.748046875, 6.8125, 6.07421875, 3.365234375, 10.5, 5.91015625, 2.65234375, 1.3876953125, 6.69140625, 1.6923828125, 10.03125, 2.4296875, 1.189453125, 0.01183319091796875, 3.5390625, 7.30078125, 1.6796875, 6.5390625, 6.31640625, 2.255859375, 0.49365234375, 3.1171875, 2.28125, 6.7265625, 0.008209228515625, 4.99609375, 4.40625, 7.86328125, 7.56640625, 2.0234375, 8.6171875, 10.15625, 3.09375, 5.42578125, 0.685546875, 6.84765625, 3.5078125, 0.059600830078125, 9.3671875, 0.58740234375, 7.80078125, 3.95703125, 0.56787109375, 7.3515625, 0.8994140625, 1.0234375, 7.5234375, 5.03515625, 3.765625, 1.037109375, 0.58056640625, 0.736328125, 0.0048675537109375, 2.744140625, 3.017578125, 6.85546875, 3.458984375, 3.064453125, 4.40234375, 2.109375, 4.9375, 7.76171875, 2.71875, 1.4658203125, 9.296875, 3.609375, 2.259765625, 2.91796875, 12.6640625, 7.8359375, 0.09783935546875, 4.74609375, 2.193359375, 4.41796875, 2.796875, 6.23046875, 3.634765625, 0.0849609375, 0.177490234375, 4.16015625, 4.06640625, 10.2578125, 0.93359375, 0.83740234375, 8.6171875, 0.07073974609375, 3.345703125, 0.6064453125, 0.1444091796875, 3.2734375, 6.38671875, 6.44140625, 7.3203125, 2.04296875, 1.5751953125, 6.36328125, 10.890625, 5.6171875, 1.9951171875, 6.5390625, 8.890625, 4.75, 0.006805419921875, 4.2109375, 0.321044921875, 1.2822265625, 0.45458984375, 0.00679779052734375, 2.01171875, 4.640625, 1.4638671875, 5.78125, 2.84765625, 0.0570068359375, 8.3828125, 0.1898193359375, 1.1396484375, 4.09765625, 6.4296875, 5.28125, 0.0928955078125, 5.77734375, 1.4375, 8.90625, 0.1556396484375, 2.099609375, 0.1505126953125, 4.7109375, 0.8779296875, 0.1590576171875, 5.88671875, 0.1500244140625, 1.248046875, 6.2734375, 0.039337158203125, 6.28125, 10.71875, 0.54345703125, 3.734375, 0.88818359375, 2.12109375, 3.35546875, 2.025390625, 8.203125, 2.962890625, 2.6953125, 2.20703125, 5.57421875, 5.3515625, 5.39453125, 9.5234375, 2.53515625]",-0.6798471695428443
81,0,test,3.6464427663091166,1.6918634887466184,2.2411912344191722,6.341639593581073,2.942371284776728,3.897723885946387,38.33804580984088,31.27709811027444,34.26149381469298,66.67486227798415,54.394953235259905,59.58520663424868,3.523503476051829,1.6082557465041896,2.198486752600517,5.823972687688974,2.65827396116395,3.6338624009925904,33.90299898310345,27.114378652551927,30.140750710853833,56.03801484810488,44.81715479760649,49.81942266256832,3.545607530552408,1.651614683437756,2.2719558245866933,6.009504289071878,2.799346921080942,3.850772584045243,34.66073640336599,28.014884759156892,31.086856883632652,58.74701085316269,47.48285552399473,52.68958793836043,0.6934673366834171,0.008467336683417037,0.008467336683417037,0.5829145728643217,-0.0070854271356783904,-0.012085427135678284,0.5125628140703518,0.002562814070351749,-0.00743718592964826,0.4568245125348189,0.12580921350839336,0.20169254772543477,0.43854748603351956,0.4623115577889447,0.15654714676137582,0.21356364460029698,0.3939393939393939,0.4381270903010034,0.12760956108564447,0.20008482111301673,0.4093959731543624,22.0,1.0,2.0,35.0,5.0,4.0,42.0,3.0,2.0,0.0007028085018810369,-0.0004579262499536954,7.401644604384322e-05,0.0002700994800370893,-0.00012876567244202164,0.00012093524551914925,"[4.30078125, 5.04296875, 11.109375, 3.501953125, 10.5390625, 0.57861328125, 6.12890625, 0.9150390625, 3.2109375, 5.9375, 0.88818359375, 0.767578125, 0.05645751953125, 6.7421875, 0.89404296875, 3.796875, 1.0888671875, 2.583984375, 3.869140625, 7.40625, 6.2578125, 1.642578125, 9.8125, 5.0390625, 3.326171875, 4.58203125, 2.34375, 4.44921875, 7.66796875, 0.697265625, 3.154296875, 3.244140625, 2.06640625, 5.8984375, 2.61328125, 4.4609375, 0.76806640625, 10.25, 4.16015625, 2.15625, 0.40966796875, 4.390625, 10.0546875, 6.28515625, 1.388671875, 5.60546875, 6.453125, 10.28125, 3.15234375, 1.5732421875, 9.8828125, 11.1875, 0.4677734375, 1.9873046875, 0.521484375, 3.61328125, 7.87890625, 0.5771484375, 0.2489013671875, 4.45703125, 10.7578125, 2.82421875, 4.58984375, 6.546875, 0.95654296875, 8.4765625, 2.3828125, 6.265625, 0.84619140625, 7.96484375, 6.72265625, 4.3671875, 0.2237548828125, 4.21875, 5.25, 4.15234375, 6.90625, 5.2109375, 1.9013671875, 5.07421875, 3.828125, 4.9921875, 2.046875, 8.03125, 0.396484375, 5.97265625, 0.0007266998291015625, 4.18359375, 0.46044921875, 4.2890625, 9.0078125, 5.125, 9.8359375, 3.912109375, 0.06640625, 0.00768280029296875, 0.00010311603546142578, 4.640625, 0.4169921875, 8.8984375, 4.1328125, 0.047393798828125, 0.48046875, 0.029632568359375, 7.283687591552734e-05, 2.0859375, 3.185546875, 0.56884765625, 8.7890625, 3.423828125, 0.2369384765625, 0.0241241455078125, 5.0067901611328125e-06, 0.86572265625, 4.109375, 0.219482421875, 7.9765625, 0.2264404296875, 0.049591064453125, 2.9087066650390625e-05, 0.95556640625, 3.02734375, 2.24609375, 3.1875, 6.90625, 6.01171875, 0.7724609375, 0.30859375, 1.9892578125, 0.98779296875, 3.2109375, 5.31640625, 4.40625, 7.0859375, 4.01953125, 0.274169921875, 4.10546875, 2.02734375, 0.11761474609375, 1.0283203125, 1.142578125, 1.7177734375, 3.80859375, 0.857421875, 2.75, 0.2479248046875, 0.10125732421875, 0.2022705078125, 0.0091552734375, 0.043548583984375, 1.033203125, 0.343017578125, 5.2265625, 6.640625, 1.6845703125, 0.31591796875, 2.4609375, 0.447509765625, 0.0697021484375, 0.29736328125, 0.207763671875, 0.02679443359375, 0.022216796875, 0.521484375, 0.5400390625, 8.6875, 3.037109375, 5.4140625, 0.00763702392578125, 9.1015625, 0.0196685791015625, 0.12017822265625, 1.30078125, 8.6484375, 1.3515625, 1.724609375, 7.35546875, 4.0390625, 9.7421875, 6.203125, 0.0648193359375, 4.09375, 9.578125, 0.0863037109375, 3.541015625, 0.0239105224609375, 2.16015625, 6.47265625, 5.3671875, 7.5, 3.32421875, 7.9375, 0.80419921875, 4.78125, 5.6796875, 2.537109375, 4.5234375, 14.4453125, 1.2275390625, 4.54296875, 10.2421875, 3.6484375, 4.18359375, 1.3447265625, 2.353515625, 0.55712890625, 6.3828125, 6.23046875, 0.8837890625, 9.4296875, 7.25, 2.75390625, 8.15625, 0.54638671875, 3.251953125, 0.02874755859375, 0.1802978515625, 0.00926971435546875, 0.00020575523376464844, 4.75, 0.251708984375, 4.68359375, 4.2890625, 7.33203125, 2.53125, 8.65625, 5.73828125, 7.65234375, 0.146240234375, 0.01042938232421875, 2.86102294921875e-06, 5.046875, 0.315673828125, 6.8828125, 1.5234375, 7.3671875, 0.212158203125, 0.013153076171875, 5.125999450683594e-06, 4.87890625, 0.191162109375, 10.8828125, 8.5625, 1.375, 14.0234375, 2.173828125, 0.268798828125, 1.6455078125, 4.78515625, 6.51953125, 5.2109375, 1.068359375, 0.01204681396484375, 6.556510925292969e-06, 1.3837890625, 3.814453125, 0.184814453125, 4.89453125, 5.54296875, 3.560546875, 4.765625, 7.42578125, 6.7578125, 2.783203125, 0.42578125, 0.003971099853515625, 4.76837158203125e-07, 1.3466796875, 3.4609375, 0.242919921875, 9.953125, 8.1875, 1.8017578125, 7.0703125, 12.3984375, 7.6640625, 3.689453125, 6.3046875, 2.990234375, 2.00390625, 0.305908203125, 10.375, 6.9453125, 0.52197265625, 0.64990234375, 8.7421875, 5.83984375, 3.744140625, 0.1287841796875, 0.01374053955078125, 1.0728836059570312e-06, 1.2216796875, 2.39453125, 1.3984375, 4.44140625, 2.25, 0.0136260986328125, 4.60546875, 2.29296875, 7.28125, 8.1640625, 8.0546875, 8.78125, 0.42578125, 8.046875, 0.92724609375, 1.8349609375, 7.36328125, 5.35546875, 6.96875, 3.154296875, 0.434814453125, 7.88671875, 2.46484375, 0.487060546875, 1.2705078125, 10.7578125, 6.8203125, 12.1484375, 4.37890625, 2.11328125, 8.7109375, 5.25, 0.0012407302856445312, 3.796875, 0.30419921875, 1.9873046875, 3.974609375, 2.19921875, 2.3671875, 8.109375, 3.193359375, 3.9140625, 1.98046875, 3.8828125, 3.705078125, 0.11419677734375, 4.46484375, 2.83984375, 9.140625, 2.478515625, 7.4375, 0.412109375, 3.44140625, 0.0017480850219726562, 0.0122222900390625, 0.5791015625, 3.8203125, 2.419921875, 5.37890625, 0.52001953125, 3.75, 3.0234375, 2.025390625, 0.0005340576171875, 7.11328125, 2.09765625, 5.38671875, 6.42578125]",-0.5971847819086569
213,0,test,3.940529724805972,1.7644776101686008,2.451321381100563,6.171914026804535,2.7636396303845556,3.8394190306394367,51.445846224643155,42.63439532117032,47.012261970196086,80.57783143618808,66.77676375604989,73.63366332681315,4.012381388314405,1.7729233902537627,2.4532348560821493,5.944268723428748,2.6265531707463152,3.634422009010591,55.27835317003448,45.890111706894594,50.52359169275487,81.89385654819922,67.98535067688088,74.84976547074795,3.940529724805972,1.7644776101686008,2.451321381100563,6.171914026804535,2.7636396303845556,3.8394190306394367,51.445846224643155,42.63439532117032,47.012261970196086,80.57783143618808,66.77676375604989,73.63366332681315,0.7889447236180904,0.0089447236180904,-0.001055276381909609,0.6432160804020101,-0.001783919597989958,-0.0067839195979899625,0.5477386934673367,-0.007261306532663214,-0.02226130653266334,0.42471042471042475,0.07788961546186979,0.15770143883109222,0.4031007751937985,0.4120603015075377,0.06870190551756272,0.14828734658266296,0.38888888888888884,0.42471042471042475,0.07788961546186979,0.15770143883109222,0.4031007751937985,26.0,8.0,8.0,37.0,8.0,8.0,47.0,10.0,11.0,0.00017059669720756302,0.00029423862416436456,0.00025054357996223936,-0.00010708564814265742,-0.00016179463533028127,9.987650539144965e-05,"[1.859375, 5.28125, 0.00511932373046875, 0.052032470703125, 9.6875, 5.90625, 1.6572265625, 0.299072265625, 4.53125, 1.7724609375, 4.734375, 1.1083984375, 7.3671875, 10.9765625, 10.4296875, 1.83203125, 6.66796875, 10.6171875, 7.64453125, 4.23828125, 8.359375, 7.71484375, 2.25390625, 4.26953125, 9.75, 2.587890625, 7.80078125, 3.826171875, 1.974609375, 3.15625, 1.0283203125, 5.828125, 0.74267578125, 5.41015625, 6.921875, 1.4345703125, 1.2421875, 3.869140625, 6.5390625, 0.61865234375, 9.78125, 6.55859375, 7.94921875, 2.572265625, 1.8974609375, 9.4140625, 0.7890625, 0.159423828125, 3.40625, 4.8515625, 3.40625, 3.14453125, 7.0625, 3.669921875, 1.3310546875, 3.265625, 9.1171875, 11.1796875, 3.572265625, 4.56640625, 0.71533203125, 2.740234375, 5.75, 1.4775390625, 0.09100341796875, 2.283203125, 7.57421875, 0.08660888671875, 1.26953125, 5.30078125, 6.9296875, 13.484375, 0.67626953125, 6.95703125, 3.1484375, 1.01953125, 8.8828125, 5.44921875, 8.0234375, 4.5859375, 3.05859375, 0.1595458984375, 6.19921875, 0.322509765625, 10.0859375, 2.275390625, 13.1875, 6.17578125, 1.8662109375, 5.12890625, 2.31640625, 3.646484375, 6.81640625, 10.1171875, 0.1416015625, 1.0244140625, 9.84375, 6.59765625, 0.052978515625, 1.4365234375, 5.66796875, 0.06298828125, 7.734375, 2.705078125, 1.44140625, 7.0390625, 1.5146484375, 8.59375, 1.56640625, 5.55859375, 4.59375, 3.51171875, 4.34375, 1.189453125, 3.392578125, 7.08203125, 4.71875, 0.87158203125, 0.1417236328125, 2.802734375, 6.41796875, 3.587890625, 5.640625, 2.31640625, 2.248046875, 0.085205078125, 10.484375, 3.580078125, 6.484375, 0.0100860595703125, 3.84375, 1.787109375, 0.01983642578125, 0.00397491455078125, 4.0625, 1.4111328125, 1.26171875, 0.0004696846008300781, 9.1875, 2.939453125, 0.47412109375, 5.96875, 7.4375, 3.60546875, 2.998046875, 0.44580078125, 0.74560546875, 2.494140625, 0.97265625, 2.396484375, 0.057830810546875, 1.17578125, 2.865234375, 0.88818359375, 5.0390625, 0.8359375, 4.125, 7.5, 8.1484375, 1.798828125, 3.3046875, 3.3359375, 5.03515625, 8.109375, 0.0640869140625, 8.09375, 3.89453125, 1.68359375, 3.392578125, 0.2371826171875, 3.544921875, 6.17578125, 3.017578125, 0.81396484375, 0.001361846923828125, 4.11328125, 0.7568359375, 3.30078125, 0.591796875, 0.010589599609375, 2.755859375, 8.140625, 3.041015625, 0.822265625, 3.48046875, 10.7890625, 8.5390625, 0.0034580230712890625, 1.0849609375, 5.6328125, 0.6103515625, 8.0390625, 8.3203125, 0.0238037109375, 1.8779296875, 3.77734375, 5.8515625, 4.1328125, 2.45703125, 1.140625, 4.10546875, 5.13671875, 8.921875, 3.58203125, 4.66015625, 4.57421875, 5.82421875, 0.94970703125, 6.41796875, 1.212890625, 1.76953125, 7.8828125, 0.10833740234375, 9.8984375, 2.236328125, 3.96484375, 3.734375, 3.169921875, 5.0, 5.9296875, 4.3046875, 5.10546875, 0.95556640625, 4.734375, 0.17431640625, 1.2607421875, 5.78515625, 4.0625, 2.568359375, 3.064453125, 8.2890625, 1.958984375, 1.95703125, 6.48046875, 1.4892578125, 3.19140625, 1.08203125, 0.00034737586975097656, 4.34765625, 0.51171875, 2.162109375, 0.0007567405700683594, 6.55078125, 2.27734375, 10.0859375, 5.234375, 0.15673828125, 3.330078125, 2.091796875, 2.744140625, 3.73828125, 5.0546875, 2.328125, 10.2109375, 6.10546875, 0.38623046875, 8.84375, 0.154541015625, 2.2734375]",-0.9672542603319676
121,0,test,3.6705211205268973,1.6792701014006872,2.332397750333823,6.094877663097131,2.7884176375110172,3.8729320669123353,39.272366164847455,31.947674802911003,35.46048286972388,65.21152159471583,53.048916802364566,58.88191291330695,3.6452812022300223,1.665093103463571,2.309550587464365,5.608124926507727,2.561681697636263,3.5531547499451768,38.29353956639643,31.049434102077882,34.49076627236723,58.91313779445605,47.76836015704289,53.062717342103426,3.6877281416707963,1.7063553532610714,2.3420113241675606,6.123449815490396,2.8333925310322727,3.8888953469202088,39.95397400251024,32.70128143595211,36.11303519629908,66.3433272016991,54.30027596463652,59.96547202348427,0.7738693467336684,0.003869346733668344,0.008869346733668348,0.6582914572864322,0.003291457286432209,0.003291457286432209,0.4974874371859297,0.0024874371859296973,0.0024874371859296973,0.4328358208955224,0.08460490841879986,0.17725269434465396,0.4044943820224719,0.42211055276381915,0.07373962544552337,0.1600070469207474,0.38888888888888884,0.417910447761194,0.06967953528447146,0.1610866264212436,0.4044943820224719,27.0,7.0,7.0,39.0,6.0,7.0,49.0,10.0,8.0,6.34219582683332e-05,0.0003254784087111769,0.00023635557397344814,-0.00016945494488584956,0.00022372510708557058,6.833549267337702e-05,"[2.720703125, 10.578125, 5.69140625, 3.529296875, 11.609375, 0.0439453125, 0.0836181640625, 6.15234375, 8.546875, 2.326171875, 0.048492431640625, 2.08984375, 9.234375, 4.09765625, 0.0019159317016601562, 0.0653076171875, 1.1591796875, 1.53515625, 7.734375, 2.794921875, 4.53515625, 10.078125, 1.638671875, 7.9375, 6.20703125, 5.453125, 5.94921875, 5.49609375, 2.134765625, 5.140625, 3.931640625, 7.35546875, 7.078125, 0.279296875, 2.0390625, 2.689453125, 4.24609375, 7.0078125, 0.0159759521484375, 10.4921875, 7.16796875, 1.84765625, 1.1171875, 0.1514892578125, 4.65234375, 0.0650634765625, 1.169921875, 1.4794921875, 2.12109375, 7.77734375, 0.433837890625, 3.421875, 4.6328125, 0.021636962890625, 1.515625, 8.0390625, 1.3369140625, 2.70703125, 11.375, 0.0367431640625, 1.451171875, 5.04296875, 3.53515625, 4.6640625, 7.63671875, 2.708984375, 4.34765625, 3.96875, 0.00371551513671875, 8.1484375, 0.8134765625, 3.154296875, 9.0390625, 0.97998046875, 7.69140625, 8.390625, 0.191650390625, 1.3359375, 0.055572509765625, 6.69140625, 0.1414794921875, 11.2265625, 3.87890625, 0.31884765625, 0.0018825531005859375, 0.01092529296875, 6.66796875, 0.137939453125, 2.75390625, 2.513671875, 3.4921875, 7.6953125, 2.158203125, 4.8828125, 4.1953125, 2.53515625, 5.9375, 5.68359375, 8.125, 2.919921875, 6.44921875, 9.3671875, 4.82421875, 3.619140625, 5.2109375, 7.22265625, 2.09765625, 8.703125, 2.78125, 1.625, 5.671875, 1.1474609375, 0.77392578125, 5.2109375, 3.283203125, 0.468017578125, 7.00390625, 5.50390625, 0.350341796875, 1.513671875, 5.21875, 1.5498046875, 5.68359375, 1.94921875, 2.548828125, 2.326171875, 6.1953125, 6.796875, 1.615234375, 2.025390625, 1.1953125, 4.7265625, 0.58984375, 4.16796875, 0.0204925537109375, 3.78125, 2.80078125, 0.0018129348754882812, 4.75390625, 5.51171875, 0.05328369140625, 5.9375, 3.01171875, 0.01495361328125, 5.0546875, 4.1328125, 2.572265625, 7.49609375, 0.6669921875, 2.228515625, 2.484375, 7.91796875, 0.51806640625, 5.31640625, 3.935546875, 6.77734375, 2.443359375, 0.06292724609375, 0.0026607513427734375, 0.00815582275390625, 7.92578125, 0.1922607421875, 2.66015625, 2.548828125, 0.01117706298828125, 5.203125, 2.6875, 0.164306640625, 2.46484375, 8.1640625, 0.01312255859375, 0.4921875, 1.091796875, 5.953125, 6.1640625, 1.23828125, 5.41796875, 1.35546875, 2.873046875, 3.681640625, 1.2626953125, 8.7109375, 0.388916015625, 3.46875, 3.30078125, 6.375, 0.1270751953125, 0.310791015625, 3.169921875, 0.133544921875, 3.294921875, 6.75, 0.03125, 2.130859375, 1.5361328125, 2.6484375, 0.1759033203125, 4.4140625, 5.12890625, 0.53173828125, 1.0732421875, 2.794921875, 3.15234375, 6.3359375, 11.0546875, 4.390625, 6.74609375, 3.501953125, 3.857421875, 4.0703125, 1.37890625, 1.880859375, 6.45703125, 0.053558349609375, 3.923828125, 0.744140625, 0.94091796875, 0.97412109375, 0.0579833984375, 0.7314453125, 2.994140625, 0.0017442703247070312, 6.59765625, 2.67578125, 3.0625, 6.4296875, 1.443359375, 1.6494140625, 4.35546875, 9.3125, 2.287109375, 7.7890625, 5.76171875, 5.26171875, 8.53125, 0.72021484375, 2.197265625, 0.288818359375, 8.1640625, 2.380859375, 5.39453125, 2.244140625, 2.896484375, 1.0302734375, 3.052734375, 6.9296875, 3.26953125, 4.96484375, 6.484375, 10.7265625, 3.796875, 7.40234375, 2.482421875, 0.63623046875, 8.7734375, 1.8154296875, 1.048828125, 1.0205078125, 8.03125, 0.1748046875, 2.103515625, 0.248291015625, 0.250244140625, 9.4921875, 0.47216796875, 11.4921875, 6.53515625, 7.84375]",-0.9584499793266184
409,0,test,3.637336294265957,1.6557330335468146,2.2798930297134317,5.933531831986924,2.7009723228808373,3.719155109923587,37.990506298627125,30.73614199462649,34.104261808697316,61.97333988379397,50.13940481804992,55.63376786670177,3.523911552812586,1.5301419901797695,2.142248023389463,5.638258484500137,2.448227184287631,3.4275968374231405,33.916836832368745,26.573674666566674,29.935317336079063,54.266938931789994,42.517879466506685,47.8965077377265,3.5870172674303613,1.5998877153481883,2.234544603278488,5.851447162512097,2.6098726976629663,3.6451789059068074,36.1261603896806,28.831595376777695,32.259184939148874,58.93206052394824,47.032546648151325,52.623921800175815,0.728643216080402,0.008643216080401972,-0.011356783919598046,0.5879396984924623,-0.002060301507537776,-0.01706030150753768,0.457286432160804,-0.007713567839195967,0.0022864321608040417,0.41237113402061853,0.07617902424360312,0.1472282768777614,0.37241379310344824,0.4170854271356784,0.09377715645898665,0.14997357404719758,0.3535353535353535,0.40893470790378006,0.07102733226055535,0.14607756504663716,0.37241379310344824,27.0,11.0,12.0,37.0,9.0,12.0,46.0,12.0,12.0,1.2654068003103546e-05,0.000456159445828344,-7.373658884612668e-06,-0.005004372189239881,-0.005109859137490069,-0.0048263244353439205,"[9.8359375, 4.40625, 5.79296875, 4.13671875, 3.076171875, 10.0546875, 1.703125, 7.00390625, 1.1943359375, 6.2109375, 0.771484375, 3.759765625, 8.609375, 3.5703125, 7.90625, 3.6015625, 2.505859375, 5.05078125, 1.4619140625, 10.5859375, 1.1533203125, 3.23828125, 7.78515625, 1.021484375, 3.359375, 0.64794921875, 12.8125, 6.1484375, 2.626953125, 8.6796875, 2.857421875, 0.0155181884765625, 9.96875, 6.01953125, 2.689453125, 0.495361328125, 4.25390625, 1.6220703125, 0.446533203125, 5.79296875, 10.3125, 0.5546875, 2.4375, 2.1484375, 2.357421875, 0.00647735595703125, 9.0546875, 2.74609375, 1.5380859375, 8.5625, 4.359375, 5.0625, 3.00390625, 4.30078125, 4.40234375, 0.60107421875, 5.0, 9.640625, 7.57421875, 2.154296875, 8.1953125, 2.984375, 4.3984375, 0.007686614990234375, 7.390625, 2.134765625, 1.2216796875, 0.49609375, 0.7548828125, 6.27734375, 8.9375, 2.552734375, 6.44140625, 2.04296875, 2.1015625, 0.36328125, 0.0015211105346679688, 6.5859375, 1.9267578125, 12.4765625, 0.61669921875, 5.0390625, 0.0002646446228027344, 0.5419921875, 1.470703125, 0.0007228851318359375, 0.032379150390625, 0.59033203125, 7.921875, 1.86328125, 8.0078125, 2.349609375, 0.52685546875, 4.3984375, 0.055511474609375, 3.705078125, 3.609375, 0.3583984375, 3.658203125, 0.298828125, 0.0019283294677734375, 4.109375, 2.26953125, 1.8662109375, 6.79296875, 0.1610107421875, 8.2109375, 6.96484375, 1.453125, 8.21875, 0.06695556640625, 3.28515625, 4.5234375, 0.98095703125, 0.447509765625, 0.7685546875, 6.8671875, 11.5078125, 4.33984375, 4.52734375, 7.24609375, 12.1640625, 0.0167236328125, 4.01953125, 0.0037364959716796875, 1.404296875, 5.900859832763672e-05, 0.1141357421875, 0.71826171875, 8.1484375, 6.1796875, 6.625, 0.7119140625, 4.46484375, 0.08551025390625, 0.018524169921875, 2.33203125, 4.32421875, 4.8046875, 1.5712890625, 6.4453125, 7.5703125, 3.09765625, 2.224609375, 1.4912109375, 4.5, 1.1904296875, 1.466796875, 2.158203125, 0.00019502639770507812, 0.193359375, 0.794921875, 0.9228515625, 0.00039577484130859375, 10.140625, 3.6015625, 0.007518768310546875, 3.12109375, 2.166015625, 5.17578125, 5.4765625, 1.896484375, 0.499267578125, 5.0859375, 6.48046875, 0.80419921875, 0.9228515625, 1.861328125, 0.091064453125, 0.0185546875, 2.552734375, 2.412109375, 0.027740478515625, 10.640625, 6.60546875, 0.364990234375, 2.3359375, 0.0009198188781738281, 9.421875, 1.185546875, 5.70703125, 1.970703125, 5.69921875, 1.455078125, 2.251953125, 2.63671875, 6.69140625, 6.44140625, 3.669921875, 4.55859375, 1.6376953125, 2.421875, 0.61767578125, 2.099609375, 9.918212890625e-05, 4.1171875, 0.85693359375, 2.2649765014648438e-06, 3.490234375, 2.515625, 1.576171875, 6.55859375, 11.859375, 5.55078125, 5.25390625, 0.564453125, 2.900390625, 5.9140625, 4.91796875, 2.4140625, 3.0703125, 0.96240234375, 0.06805419921875, 5.5078125, 3.3984375, 0.41650390625, 2.037109375, 3.6875, 2.96875, 4.66015625, 0.748046875, 3.412109375, 1.3857421875, 4.30078125, 2.173828125, 8.8359375, 1.1923828125, 1.564453125, 2.80859375, 0.0960693359375, 2.271484375, 3.21875, 1.6142578125, 0.1358642578125, 2.36328125, 7.95703125, 4.91796875, 0.8330078125, 2.142578125, 13.359375, 0.0958251953125, 0.31591796875, 6.44140625, 0.058929443359375, 1.7275390625, 5.80859375, 11.0625, 2.28125, 3.04296875, 9.0234375, 3.8984375, 0.0159759521484375, 2.275390625, 5.34765625, 6.16796875, 4.6640625, 12.5078125, 2.783203125, 9.21875, 5.48828125, 1.9169921875, 1.7861328125, 6.73046875, 4.77734375, 0.7822265625, 1.7568359375, 4.85546875, 9.28125, 9.7265625, 4.33203125, 2.189453125, 7.57421875, 2.46875, 0.0217132568359375, 5.49609375, 2.189453125, 1.0380859375, 1.083984375, 5.02734375, 7.40234375, 0.280029296875, 9.53125, 1.337890625, 0.033416748046875, 0.330810546875, 2.017578125, 1.6025390625, 6.48046875, 3.88671875, 11.046875, 2.5]",-0.6658806399381447
329,0,test,3.4533741511665026,1.5677970758140751,2.141818097311804,6.435833645355754,2.921803641289867,3.9915700904447258,31.60685891039661,25.016702548679135,27.894913703081286,58.903691605739134,46.622036567992936,51.98597553756058,3.470768131203388,1.4715333081461606,2.063251864456994,5.882657849497268,2.494124251095188,3.4970370584016854,32.161437162577656,24.778032836423897,28.07564239576918,54.510910445046875,41.996665824447284,47.58583456910031,3.445180625765474,1.554583491821094,2.1346351366427725,6.420563893472019,2.8971783256665837,3.9781836637433483,31.34894536256295,24.72562285142446,27.640749421404095,58.42303453932186,46.07956985947286,51.51230573988945,0.6934673366834171,-0.006532663316582865,0.0034673366834171437,0.6130653266331658,0.008065326633165837,-0.001934673366834172,0.5125628140703518,-0.00743718592964826,-0.0024371859296482556,0.4755244755244755,0.1299747373045802,0.21273377785005687,0.4666666666666667,0.46733668341708545,0.11896575609878968,0.19020813583778662,0.45959595959595956,0.465034965034965,0.12297562821123031,0.1975931045698487,0.4526315789473684,23.0,0.0,0.0,38.0,3.0,4.0,47.0,1.0,2.0,0.0001516069863476946,-8.14676610427486e-05,-1.5788701872257066e-05,-0.02921337282579639,-0.028647661795468515,-0.029693293535470566,"[2.88671875, 4.2109375, 0.69482421875, 1.36328125, 3.955078125, 3.60546875, 5.5546875, 4.90625, 4.6640625, 7.8515625, 6.78515625, 0.92578125, 0.00011396408081054688, 1.548828125, 0.00528717041015625, 0.0164337158203125, 1.671875, 10.7109375, 12.171875, 5.984375, 0.87353515625, 5.96484375, 8.0234375, 0.3505859375, 1.8125, 0.93115234375, 4.203125, 2.6171875, 3.06640625, 7.95703125, 2.744140625, 3.841796875, 0.032012939453125, 1.078125, 4.1875, 5.0546875, 2.412109375, 0.05828857421875, 3.66015625, 5.34375, 8.1953125, 2.94921875, 10.4296875, 0.400146484375, 3.90625, 4.05859375, 8.8046875, 1.6015625, 4.5390625, 7.5859375, 3.203125, 2.466796875, 5.28515625, 0.03424072265625, 4.37890625, 0.005680084228515625, 0.0631103515625, 0.0017366409301757812, 0.0005307197570800781, 0.0020427703857421875, 0.005718231201171875, 0.033447265625, 0.034912109375, 1.8125, 0.048858642578125, 5.2928924560546875e-05, 5.98828125, 1.4424324035644531e-05, 0.002162933349609375, 0.0003879070281982422, 3.647804260253906e-05, 6.079673767089844e-06, 0.0011606216430664062, 0.0010204315185546875, 0.0019702911376953125, 0.8115234375, 4.50390625, 6.76953125, 3.89453125, 1.044921875, 4.01953125, 3.4765625, 4.19140625, 7.48828125, 9.1328125, 4.9453125, 1.48046875, 4.96875, 1.333984375, 10.46875, 4.69921875, 4.703125, 2.509765625, 6.703125, 4.56640625, 0.41357421875, 4.9296875, 4.63671875, 0.875, 9.484375, 0.194091796875, 1.8974609375, 6.03515625, 4.96875, 6.80859375, 2.935546875, 2.013671875, 7.5625, 5.4375, 9.375, 6.8828125, 3.830078125, 0.95947265625, 0.0305328369140625, 6.8828125, 0.5986328125, 4.94921875, 3.8046875, 3.59375, 2.94140625, 5.9375, 2.552734375, 0.841796875, 3.751953125, 0.0716552734375, 1.251953125, 5.046875, 5.5078125, 2.763671875, 8.84375, 0.105224609375, 4.79296875, 3.27734375, 2.7109375, 10.484375, 11.6796875, 0.97509765625, 8.84375, 2.591796875, 6.1171875, 4.45703125, 0.8291015625, 5.17578125, 1.375, 5.46875, 3.1015625, 0.0902099609375, 3.376953125, 0.93603515625, 3.9453125, 8.265625, 8.984375, 5.9453125, 0.5107421875, 3.939453125, 12.578125, 0.92724609375, 4.453125, 3.314453125, 1.1357421875, 4.66796875, 3.470703125, 2.0234375, 0.80126953125, 3.615234375, 3.22265625, 2.240234375, 1.99609375, 4.30859375, 4.76171875, 3.06640625, 0.178955078125, 0.07952880859375, 4.05859375, 5.2265625, 0.52099609375, 6.21484375, 0.58251953125, 2.201171875, 6.74609375, 6.3984375, 10.3359375, 4.4921875, 4.421875, 1.5322265625, 6.19140625, 3.6954879760742188e-06, 5.3203125, 4.112720489501953e-05, 0.0004627704620361328, 0.0005931854248046875, 0.0006008148193359375, 0.0002620220184326172, 0.00240325927734375, 0.0079803466796875, 0.01386260986328125, 1.767578125, 9.7421875, 1.1494140625, 3.58984375, 2.11328125, 0.3720703125, 0.10107421875, 3.548828125, 9.3828125, 0.078125, 6.63671875, 7.4765625, 2.78515625, 8.984375, 2.7578125, 4.64453125, 4.94140625, 7.3046875, 4.484375, 5.578125, 1.849609375, 3.537109375, 6.30859375, 8.5546875, 0.06622314453125, 1.85546875, 8.03125, 1.1474609375, 5.65234375, 1.330078125, 3.810546875, 2.453125, 2.47265625, 8.6796875, 5.67578125, 2.525390625, 8.828125, 3.0703125, 6.5078125, 7.51171875, 12.890625, 0.89453125, 4.41796875, 1.1826171875, 0.004840850830078125, 5.2890625, 2.01953125, 1.767578125, 12.6015625, 3.26171875, 0.0789794921875, 0.96484375, 5.4609375, 6.401538848876953e-05, 4.1796875, 0.0004744529724121094, 0.0018682479858398438, 0.00023686885833740234, 1.4066696166992188e-05, 1.5616416931152344e-05, 0.0001125335693359375, 0.0003733634948730469, 0.0014505386352539062, 0.45849609375, 1.875, 1.19140625, 0.2294921875, 4.58984375, 3.123046875, 5.57421875, 2.1796875, 6.28125, 2.162109375, 4.96875, 0.00916290283203125, 1.9912109375, 3.91796875, 4.8125, 1.6328125, 2.330078125, 5.5859375, 3.4609375, 4.8203125, 0.01233673095703125, 3.548828125, 1.1328125, 5.21484375, 4.9375, 0.05633544921875, 0.2607421875]",-0.6941878758110365
246,0,test,3.944679486174737,1.80823334763127,2.4641316010746905,6.378085662711101,2.9237019711700403,3.9842127835558303,51.65977778535176,43.19049237012713,47.26442461549567,83.52782252306875,69.83397792312763,76.42105018998976,3.906288060710658,1.6978153799047422,2.3669106802548994,6.200457239223266,2.6949450474678445,3.757001079769682,49.714073434316205,40.612269023167954,45.05238652445819,78.91122767351779,64.46391908439358,71.51172464199713,3.944679486174737,1.80823334763127,2.4641316010746905,6.378085662711101,2.9237019711700403,3.9842127835558303,51.65977778535176,43.19049237012713,47.26442461549567,83.52782252306875,69.83397792312763,76.42105018998976,0.7638190954773869,0.008819095477386907,-0.001180904522613102,0.6331658291457287,0.0031658291457287158,0.00816582914572872,0.5276381909547738,-0.017361809045226106,-0.017361809045226106,0.46370967741935487,0.13508064516129037,0.20967741935483875,0.4817813765182186,0.457286432160804,0.1331658291457286,0.1959798994974874,0.4747474747474747,0.46370967741935487,0.13508064516129037,0.20967741935483875,0.4817813765182186,12.0,1.0,0.0,25.0,1.0,0.0,36.0,2.0,0.0,-9.873702900483593e-05,-0.00026264046761075553,-0.00018427651766484614,-3.085650767697956e-05,-0.00010133182060556578,-0.00011602607612637428,"[7.03125, 1.359375, 2.224609375, 0.312744140625, 0.1500244140625, 0.00010728836059570312, 0.953125, 0.001422882080078125, 0.00923919677734375, 8.890625, 2.20703125, 7.1796875, 0.0296783447265625, 0.3095703125, 9.9140625, 0.1279296875, 7.3359375, 2.4375, 7.14453125, 5.43359375, 2.021484375, 2.0703125, 5.61328125, 0.024627685546875, 4.28515625, 4.37109375, 2.525390625, 1.109375, 5.3359375, 0.0302581787109375, 4.25390625, 1.0283203125, 1.212890625, 1.6669921875, 5.859375, 0.0562744140625, 3.626953125, 4.0625, 8.421875, 6.66796875, 1.736328125, 4.9140625, 2.33203125, 10.53125, 6.3515625, 5.28515625, 0.6025390625, 7.109375, 6.6171875, 6.80859375, 9.6640625, 0.452392578125, 1.009765625, 5.51171875, 1.46875, 1.2041015625, 5.625, 0.45556640625, 6.3203125, 7.7421875, 0.91064453125, 1.759765625, 7.4140625, 6.1875, 1.7490234375, 0.048187255859375, 0.1920166015625, 2.203125, 6.265625, 0.276123046875, 3.193359375, 2.87890625, 3.583984375, 4.953125, 0.1766357421875, 4.3125, 5.3671875, 0.716796875, 5.5546875, 0.49853515625, 8.6875, 1.4658203125, 8.046875, 0.39990234375, 0.362060546875, 5.90234375, 5.9140625, 1.42578125, 5.69140625, 5.47265625, 2.025390625, 0.65087890625, 2.466796875, 1.3935546875, 0.1441650390625, 3.84375, 6.625, 7.55078125, 2.025390625, 10.2421875, 3.12890625, 1.6435546875, 0.6748046875, 2.005859375, 1.7900390625, 5.9140625, 5.765625, 5.23828125, 4.01953125, 3.140625, 4.91015625, 0.055572509765625, 8.3359375, 1.2021484375, 6.17578125, 0.97412109375, 0.91064453125, 6.26171875, 1.388671875, 0.0892333984375, 0.5986328125, 0.71435546875, 6.30078125, 0.208984375, 14.359375, 7.9921875, 6.7890625, 3.087890625, 4.01953125, 2.251953125, 7.14453125, 0.469970703125, 5.52734375, 6.1328125, 2.328125, 3.900390625, 1.962890625, 0.01268768310546875, 6.6484375, 4.08203125, 1.3779296875, 3.228515625, 4.53125, 0.047882080078125, 7.421875, 4.0703125, 3.3125, 10.328125, 20.359375, 1.923828125, 0.154296875, 8.2890625, 0.005420684814453125, 1.314453125, 6.12109375, 0.45703125, 10.28125, 11.765625, 0.42138671875, 0.7236328125, 6.40625, 2.8984375, 5.87890625, 4.1796875, 0.6025390625, 0.68408203125, 7.4296875, 3.6015625, 6.30078125, 3.33984375, 5.45703125, 3.240234375, 4.50390625, 2.287109375, 6.21875, 9.8828125, 3.1484375, 1.228515625, 1.1923828125, 0.00039887428283691406, 7.0625, 4.546875, 2.251953125, 5.359375, 0.1807861328125, 8.203125, 1.8818359375, 10.3125, 4.6953125, 2.822265625, 10.78125, 4.828125, 6.72265625, 0.4853515625, 7.96484375, 9.703125, 5.0078125, 2.580078125, 0.21826171875, 7.05859375, 3.70703125, 3.771484375, 0.28076171875, 0.96337890625, 16.234375, 9.3828125, 6.49609375, 2.40234375, 0.267822265625, 2.896484375, 3.24609375, 0.09478759765625, 0.0738525390625, 5.17578125, 0.34130859375, 2.02734375, 5.66015625, 2.130859375, 1.634765625, 5.91796875, 5.97265625, 4.17578125, 0.045562744140625, 4.82421875, 5.26171875, 5.7578125, 4.7265625, 8.859375, 11.4140625, 0.95849609375, 5.5625, 6.44140625, 5.375, 3.7578125, 0.07427978515625, 0.418701171875, 8.0859375, 0.17041015625, 2.708984375, 3.04296875, 8.28125, 3.095703125, 6.0546875, 3.38671875, 7.0859375, 1.4326171875, 5.53125, 0.0164642333984375]",-0.5689709311531437
58,0,test,3.8183662421886737,1.7302086762763302,2.3857171382011275,6.80211691231425,3.082229663749091,4.249966049473047,45.52976291871275,37.459729963747435,41.33997924260414,81.10766509016588,66.73154080973588,73.6438974485735,3.7784638932002848,1.5950421648940378,2.29086305400255,6.045542229120455,2.5520674638304603,3.665380886404079,43.74878728416201,34.87215952252176,39.322324311109654,69.99805965465922,55.79545523603482,62.91571889777545,3.771860555661562,1.69265808239845,2.3447244690130518,6.578826550572491,2.9523106088345052,4.08963570176695,43.46085099134581,35.462763310082984,39.29410211133322,75.8038098686264,61.85365693619125,68.53622461279049,0.728643216080402,-0.011356783919598046,-0.021356783919598055,0.6080402010050252,0.0030402010050252226,-0.006959798994974786,0.5326633165829145,-0.0023366834170853723,0.01266331658291453,0.4338461538461539,0.10819331206427985,0.17079600031493591,0.4135802469135802,0.4522613065326633,0.1289530358559715,0.19349669885319754,0.41414141414141414,0.4448160535117057,0.12762072796913482,0.18230214917355225,0.412751677852349,22.0,11.0,11.0,36.0,16.0,15.0,44.0,15.0,14.0,0.0001596124739138536,6.986785621364747e-05,-0.0002759993721836259,0.00040436298294821427,2.9341792515680254e-06,-0.0001314242545484845,"[7.23828125, 10.7734375, 3.96875, 2.1171875, 14.4921875, 0.90185546875, 9.953125, 5.96875, 3.240234375, 8.9921875, 6.25390625, 4.46875, 2.927734375, 4.5546875, 10.96875, 0.70947265625, 9.1328125, 2.431640625, 2.55078125, 5.73046875, 6.1328125, 6.30859375, 5.22265625, 7.6875, 0.189208984375, 3.00390625, 6.27734375, 9.2421875, 1.78515625, 0.047271728515625, 7.33203125, 0.68603515625, 1.806640625, 0.484130859375, 0.7841796875, 8.390625, 0.251708984375, 2.740234375, 0.64013671875, 3.828125, 0.63134765625, 1.5107421875, 6.87109375, 3.1953125, 0.63818359375, 4.3359375, 1.919921875, 2.11328125, 7.8671875, 2.12109375, 0.9375, 3.6328125, 0.324951171875, 4.39453125, 1.24609375, 0.086181640625, 6.57421875, 8.96875, 1.0341796875, 1.9052734375, 0.56103515625, 0.0005831718444824219, 0.1839599609375, 3.2890625, 2.953125, 11.34375, 0.8740234375, 3.4296875, 8.7578125, 0.168212890625, 5.39453125, 6.3125, 7.37890625, 0.44482421875, 1.384765625, 2.6640625, 3.15234375, 1.0, 0.0305938720703125, 3.9296875, 1.314453125, 0.0005230903625488281, 0.1611328125, 0.60546875, 0.0004184246063232422, 0.0100250244140625, 1.44140625, 0.9501953125, 9.234375, 0.74853515625, 0.257080078125, 4.64453125, 9.765625, 0.0071258544921875, 1.6162109375, 4.4140625, 0.1739501953125, 0.038116455078125, 7.93359375, 4.30078125, 6.5703125, 3.470703125, 2.560546875, 1.017578125, 5.33203125, 0.642578125, 7.375, 0.1661376953125, 1.6708984375, 1.6171875, 6.7734375, 1.3701171875, 0.173095703125, 4.9453125, 0.307861328125, 6.2421875, 0.7431640625, 3.591796875, 3.171875, 0.6123046875, 6.140625, 8.25, 6.1015625, 3.85546875, 8.3203125, 5.84375, 0.0007009506225585938, 0.4990234375, 3.23046875, 2.525390625, 13.0625, 1.083984375, 3.806640625, 1.7177734375, 5.8125, 13.4453125, 2.208984375, 5.46875, 3.515625, 0.3623046875, 0.439208984375, 11.1484375, 4.20703125, 6.328125, 8.6953125, 5.09375, 7.43359375, 3.716796875, 5.4453125, 0.0098876953125, 8.7734375, 1.3203125, 6.09765625, 2.33203125, 5.07421875, 0.11712646484375, 3.798828125, 1.8837890625, 0.032928466796875, 0.449462890625, 4.12109375, 5.75, 6.609375, 6.86328125, 1.59375, 1.4140625, 8.3125, 2.4296875, 3.12109375, 6.04296875, 4.453125, 0.393798828125, 0.69482421875, 4.17578125, 6.67572021484375e-05, 8.4453125, 7.875, 3.755859375, 0.403076171875, 2.64453125, 8.7734375, 5.40234375, 7.609375, 3.501953125, 2.494140625, 4.46875, 3.615234375, 1.787109375, 1.154296875, 0.0023136138916015625, 6.85546875, 3.869140625, 4.453125, 7.32421875, 5.06640625, 5.2890625, 0.32666015625, 5.31640625, 3.953125, 0.0005030632019042969, 0.253662109375, 0.74169921875, 6.30859375, 2.685546875, 10.6484375, 8.0546875, 1.0029296875, 9.2734375, 1.05859375, 4.69921875, 0.201171875, 1.1435546875, 7.34765625, 5.22265625, 1.841796875, 3.134765625, 0.01354217529296875, 14.6171875, 9.4765625, 9.6171875, 1.818359375, 4.1328125, 1.1123046875, 0.75830078125, 0.0006108283996582031, 0.1956787109375, 0.64111328125, 0.00016498565673828125, 0.004077911376953125, 2.642578125, 7.203125, 1.1845703125, 7.45703125, 2.892578125, 1.76171875, 6.17578125, 6.140625, 0.5419921875, 3.689453125, 8.109375, 3.431640625, 7.17578125, 4.1953125, 1.0439453125, 0.00017654895782470703, 6.1484375, 2.353515625, 4.171875, 0.1385498046875, 8.0390625, 11.4453125, 1.4765625, 2.916015625, 2.470703125, 0.492431640625, 9.5078125, 0.5712890625, 9.1015625, 6.6171875, 2.33984375, 3.33984375, 4.1796875, 6.09765625, 1.88671875, 8.265625, 2.630859375, 7.98828125, 0.50341796875, 6.26171875, 1.71875, 1.798828125, 0.0006189346313476562, 0.7763671875, 1.388671875, 0.00017249584197998047, 0.028594970703125, 0.83251953125, 1.9462890625, 1.9365234375, 0.3349609375, 1.4150390625, 5.76953125, 6.375, 1.6025390625, 8.203125, 0.290771484375, 1.4912109375, 8.1328125, 0.007434844970703125, 5.5, 0.01206207275390625, 7.8359375, 1.9697265625, 6.4609375, 2.21484375, 8.5546875, 6.78515625, 6.80859375, 6.4453125, 1.80859375, 4.95703125, 3.490234375, 5.2578125, 0.06488037109375, 11.9921875, 3.18359375, 1.525390625, 2.58984375, 6.34765625, 5.78515625, 8.046875, 5.80078125, 5.37890625, 3.73046875, 4.40625, 6.31640625, 1.541015625, 2.45703125, 0.016815185546875, 12.53125, 6.40234375, 2.50390625, 0.0005745887756347656, 0.461669921875, 1.37890625]",-0.345251845579881
309,0,test,3.4137890606998917,1.5685523001189459,2.1573106509582063,5.506111388225632,2.5299230647079773,3.4795333079971065,30.380138640426555,24.050540428065197,26.867110408236172,49.00022361359122,38.79119423881484,43.334049045542216,3.6317753144844094,1.6540502036296894,2.268230746288843,5.544695136617419,2.525267486457541,3.462947704257776,37.77982819247997,30.553542917886837,33.869800063063465,57.679127011419794,46.646630408987534,51.70961841689078,3.4137890606998917,1.5685523001189459,2.1573106509582063,5.506111388225632,2.5299230647079773,3.4795333079971065,30.380138640426555,24.050540428065197,26.867110408236172,49.00022361359122,38.79119423881484,43.334049045542216,0.7487437185929648,0.018743718592964864,0.003743718592964851,0.6080402010050252,-0.006959798994974786,0.0030402010050252226,0.5175879396984925,0.007587939698492474,0.012587939698492479,0.40963855421686746,0.09500929569983341,0.159972332588029,0.3790322580645161,0.44221105527638194,0.11138398760720902,0.1884547948423252,0.4242424242424242,0.40963855421686746,0.09500929569983341,0.159972332588029,0.3790322580645161,22.0,1.0,1.0,35.0,-2.0,-2.0,43.0,0.0,-1.0,0.0005571122383396427,0.0002957971278468433,0.00041301701246998485,-3.7786429536446065e-05,-0.00010682844012599446,0.00013492207507859177,"[8.3359375, 3.013671875, 0.468505859375, 6.0625, 0.2476806640625, 0.347900390625, 3.283203125, 7.91015625, 3.185546875, 4.5390625, 6.8984375, 4.92578125, 2.07421875, 3.8984375, 4.01171875, 3.7734375, 4.08984375, 5.8203125, 1.11328125, 6.3984375, 12.7109375, 4.734375, 0.66650390625, 6.73046875, 5.44140625, 1.7314453125, 4.66015625, 4.71875, 4.81640625, 0.018524169921875, 1.0068359375, 4.95703125, 1.9208984375, 5.85546875, 8.6640625, 4.5703125, 5.10546875, 7.12109375, 4.953125, 5.640625, 2.369140625, 2.111328125, 2.056640625, 6.3671875, 0.61767578125, 6.83203125, 2.75390625, 1.771484375, 0.517578125, 4.3671875, 1.169921875, 4.1875, 9.0703125, 0.72314453125, 4.85546875, 1.9912109375, 0.6650390625, 0.0418701171875, 1.8935546875, 2.734375, 3.18359375, 5.5625, 2.27734375, 5.50390625, 5.4609375, 0.056060791015625, 0.81396484375, 2.7734375, 8.234375, 4.140625, 3.927734375, 2.470703125, 8.6953125, 2.873046875, 0.15380859375, 3.326171875, 5.703125, 0.32373046875, 8.640625, 0.26904296875, 1.84765625, 7.4453125, 0.509765625, 1.103515625, 0.798828125, 3.892578125, 1.4169921875, 6.78125, 0.10687255859375, 3.048828125, 0.2900390625, 5.171875, 6.33984375, 4.40625, 1.82421875, 5.18359375, 6.55859375, 1.806640625, 3.556640625, 8.8828125, 3.814453125, 1.8916015625, 8.7734375, 3.36328125, 5.35546875, 9.6484375, 1.4736328125, 2.7421875, 3.34765625, 0.344970703125, 7.36328125, 2.201171875, 0.77001953125, 0.111572265625, 0.7353515625, 10.3125, 13.6484375, 6.73828125, 3.658203125, 5.85546875, 0.80419921875, 7.6328125, 7.734375, 1.537109375, 3.13671875, 0.017730712890625, 0.306640625, 0.55517578125, 0.283447265625, 0.041748046875, 3.546875, 4.1015625, 3.212890625, 2.2890625, 1.236328125, 5.9453125, 1.052734375, 1.845703125, 10.1796875, 3.720703125, 5.125, 2.833984375, 9.953125, 2.751953125, 8.296875, 6.1953125, 1.111328125, 10.0390625, 0.7802734375, 7.671875, 5.359375, 3.505859375, 7.9296875, 8.40625, 5.7890625, 3.095703125, 5.04296875, 1.7099609375, 0.83544921875, 1.18359375, 2.111328125, 1.572265625, 6.1953125, 0.87744140625, 0.61962890625, 0.1522216796875, 0.430908203125, 1.9326171875, 10.46875, 9.8671875, 0.078125, 3.619140625, 0.07098388671875, 0.01508331298828125, 0.055755615234375, 0.003978729248046875, 0.0007338523864746094, 0.21484375, 0.2152099609375, 0.0186920166015625, 1.833984375, 12.21875, 4.734375, 0.90283203125, 5.328125, 2.326171875, 0.97412109375, 0.0767822265625, 0.11492919921875, 3.232421875, 0.077392578125, 1.8955078125, 0.76806640625, 3.751953125, 5.91796875, 1.150390625, 0.085693359375, 3.826171875, 4.734375, 0.845703125, 3.412109375, 1.083984375, 2.12890625, 3.392578125, 4.11328125, 1.0791015625, 0.10888671875, 2.642578125, 1.958984375, 3.806640625, 0.0262603759765625, 0.4658203125, 0.654296875, 3.15625, 1.6669921875, 0.338134765625, 2.181640625, 0.336669921875, 2.6015625, 5.46484375, 1.857421875, 3.08984375, 0.7744140625, 6.30078125, 0.74560546875, 7.30859375, 1.58203125, 8.5, 1.3984375, 6.7421875, 3.244140625, 0.64404296875, 3.072265625, 1.505859375, 3.056640625, 0.0002944469451904297, 0.17138671875, 0.003047943115234375, 0.8583984375, 0.70849609375, 0.0394287109375, 0.64697265625, 0.10028076171875, 15.578125, 11.3125, 6.14453125, 0.01213836669921875, 0.64013671875, 2.232421875]",-1.1891071528316024
369,0,test,3.377556472200237,1.5149894639453625,2.083494724266934,5.559685653677918,2.4937747917752318,3.429572776461863,29.299090430110745,22.858842690533073,25.651518403973387,48.228278067541844,37.62719611419208,42.22412860878766,3.4861474270796657,1.478982116404028,2.0813823742126107,5.164662854932838,2.1910846168948566,3.083529443277942,32.65988044950855,25.217689330904044,28.585311129088076,48.38500807334599,37.35953974948747,42.34860908013048,3.388036553990351,1.5276356669656428,2.0893871590165443,5.576936574826814,2.514591294499626,3.4392721213025137,29.60776192026075,23.181449439860152,25.943417678025256,48.73637214964269,38.15822857235406,42.70461449247977,0.7185929648241206,0.003592964824120526,0.003592964824120526,0.5728643216080402,-0.0021356783919597166,-0.0021356783919597166,0.4974874371859297,-0.007512562814070312,-0.007512562814070312,0.4417808219178082,0.12383210396909028,0.17982182419571258,0.43986254295532645,0.4522613065326633,0.1389780985126131,0.18848835160778854,0.46464646464646464,0.43150684931506844,0.11355813136635051,0.1638530907729272,0.436426116838488,26.0,12.0,11.0,38.0,10.0,11.0,46.0,10.0,11.0,0.0003720601618345745,5.217883476666924e-05,0.00014767024331757833,-0.005011302111102012,-0.004112692626835113,-0.00482982899231299,"[2.85546875, 2.173828125, 0.31787109375, 0.040069580078125, 3.8504600524902344e-05, 1.3564453125, 0.01220703125, 0.01531219482421875, 1.5693359375, 7.06640625, 0.0767822265625, 8.3125, 4.92578125, 9.3671875, 10.71875, 1.234375, 1.68359375, 5.33984375, 0.1470947265625, 5.8125, 0.01435089111328125, 1.1015625, 1.388671875, 1.0224609375, 3.138671875, 5.73828125, 0.05999755859375, 6.9375, 0.47705078125, 1.083984375, 2.4609375, 5.55078125, 5.984375, 11.375, 10.828125, 2.779296875, 7.5859375, 4.91796875, 2.8671875, 4.71484375, 1.37890625, 12.0546875, 3.6015625, 4.83984375, 2.947265625, 1.720703125, 3.94921875, 1.4619140625, 8.140625, 5.87109375, 8.2109375, 5.48046875, 0.2005615234375, 1.0146484375, 0.00566864013671875, 1.501953125, 0.6181640625, 7.03125, 3.142578125, 0.146240234375, 0.026031494140625, 3.94921875, 3.89453125, 0.939453125, 6.25, 2.158203125, 5.75390625, 0.2017822265625, 0.265380859375, 1.611328125, 10.40625, 0.5595703125, 0.23046875, 8.3515625, 6.8203125, 9.1796875, 1.3603515625, 4.05078125, 3.48828125, 1.3349609375, 0.1573486328125, 1.833984375, 3.892578125, 3.0546875, 6.9453125, 3.85546875, 6.109375, 0.87158203125, 0.007598876953125, 3.7890625, 4.07421875, 5.22265625, 0.0005102157592773438, 3.52734375, 5.0078125, 5.07421875, 5.11328125, 1.4765625, 0.115478515625, 0.8671875, 7.62890625, 8.09375, 2.9453125, 9.453125, 7.94140625, 0.9267578125, 6.556510925292969e-06, 7.748603820800781e-06, 0.0005431175231933594, 1.6808509826660156e-05, 0.0004374980926513672, 2.9802322387695312e-06, 1.7314453125, 0.2822265625, 0.1610107421875, 0.07427978515625, 3.56640625, 5.765625, 0.40625, 1.5849609375, 4.67578125, 3.794921875, 5.359375, 0.0828857421875, 5.4765625, 8.8359375, 1.5634765625, 3.642578125, 8.6015625, 2.146484375, 3.283203125, 13.140625, 2.142578125, 4.515625, 4.796875, 2.703125, 3.3359375, 7.875, 1.8896484375, 3.53515625, 4.7734375, 4.234375, 7.3515625, 3.224609375, 2.02734375, 5.0, 1.7724609375, 5.2109375, 0.37939453125, 3.98828125, 4.59765625, 0.3232421875, 9.1875, 0.07000732421875, 6.54296875, 0.263427734375, 11.359375, 1.578125, 0.74658203125, 1.33984375, 6.85546875, 0.72216796875, 0.231201171875, 6.6640625, 1.3427734375, 2.630859375, 6.306171417236328e-05, 2.3365020751953125e-05, 7.30752944946289e-05, 5.841255187988281e-06, 6.198883056640625e-06, 2.384185791015625e-07, 7.109375, 3.6328125, 0.0433349609375, 0.82275390625, 4.23828125, 3.765625, 5.21875, 4.3359375, 0.04705810546875, 6.37890625, 8.5234375, 10.21875, 4.046875, 0.028961181640625, 2.431640625, 4.26953125, 0.5986328125, 4.75, 1.861328125, 1.703125, 7.35546875, 9.8203125, 3.21484375, 5.4140625, 9.3359375, 0.285888671875, 3.30859375, 1.673828125, 2.8203125, 10.0234375, 0.80224609375, 0.302001953125, 3.388671875, 1.8642578125, 0.102783203125, 1.912109375, 3.142578125, 2.791015625, 0.11114501953125, 4.56640625, 1.25390625, 9.4375, 2.15625, 1.7607421875, 2.2109375, 0.1649169921875, 3.51171875, 2.748046875, 4.34765625, 6.48828125, 0.491943359375, 6.8359375, 3.2109375, 8.1640625, 3.400390625, 3.013671875, 0.09576416015625, 4.6640625, 4.6171875, 6.7265625, 7.78515625, 1.0185546875, 0.142333984375, 0.2315673828125, 0.859375, 2.609375, 5.55859375, 0.0784912109375, 3.4375, 1.6328125, 0.266845703125, 2.15234375, 0.142333984375, 9.6875, 3.6328125, 1.615234375, 9.5703125, 3.146484375, 8.8828125, 6.484375, 0.7939453125, 6.265625, 4.52734375, 5.0, 3.984375, 0.02984619140625, 2.5546875, 1.4912109375, 7.3828125, 0.5517578125, 0.7197265625, 0.00012600421905517578, 0.0011091232299804688, 0.00010967254638671875, 3.933906555175781e-05, 9.179115295410156e-06, 8.344650268554688e-07, 3.880859375, 7.0625, 0.50390625, 0.9970703125, 7.69140625, 0.0038661956787109375, 4.45703125, 5.91796875, 2.404296875, 4.79296875, 0.5576171875, 0.472412109375, 4.234375, 1.82421875, 4.42578125, 1.5673828125, 2.79296875, 7.0078125, 2.701171875, 6.45703125, 3.19921875, 1.9814453125, 4.9375]",-0.837153286558308
331,0,test,3.5376787781715393,1.5559503345362908,2.1662260864703162,5.269279443276556,2.31754707723037,3.2265367498478916,34.38700660896772,27.131734125645927,30.445934907777858,51.21854142283086,40.412003987146306,45.348418836321756,3.433517129576985,1.4426081315799781,2.032186833073303,4.905024470824264,2.0608687593999684,2.903124047247576,30.985431102351882,23.663244511259414,26.924832927356967,44.264901574788404,33.80463501608487,38.46404703908138,3.5366545184284237,1.5775406502804976,2.1578603957302516,5.267753835343389,2.3497052843651622,3.214076273640322,34.35180341409723,27.258764502303364,30.381692141381546,51.166107190471145,40.601212390272906,45.252730926373566,0.7537688442211055,0.02376884422110548,0.0037688442211054607,0.6381909547738693,0.00819095477386933,0.013190954773869334,0.48743718592964824,-0.012562814070351758,-0.017562814070351762,0.45390070921985815,0.10522814284817672,0.18149504884249967,0.4804270462633452,0.4623115577889447,0.10892809914232815,0.1785052138824339,0.4949494949494949,0.45035460992907805,0.10345195506182137,0.18384517596681393,0.48398576512455516,26.0,5.0,8.0,39.0,9.0,11.0,47.0,7.0,8.0,-0.0004109064982313377,-0.0002597714115182013,-0.0002385396223994952,-0.00026647385093347964,0.00016949575638847136,1.9271695109068787e-05,"[2.88671875, 2.212890625, 0.2330322265625, 0.0401611328125, 3.814697265625e-05, 1.2705078125, 0.01294708251953125, 0.01422119140625, 6.5859375, 0.75439453125, 1.9443359375, 5.66015625, 0.287109375, 1.287109375, 0.41455078125, 0.292236328125, 0.0296630859375, 0.0660400390625, 4.4375, 3.86328125, 6.4453125, 6.51171875, 3.61328125, 7.2734375, 5.046875, 3.7734375, 1.759765625, 4.51171875, 2.06640625, 6.484375, 7.3671875, 1.087890625, 6.265625, 8.328125, 0.67578125, 0.71923828125, 0.421142578125, 0.72998046875, 0.1854248046875, 5.29296875, 4.67578125, 0.86865234375, 4.05078125, 7.09375, 0.78173828125, 4.515625, 0.320556640625, 8.46875, 3.9921875, 2.080078125, 2.08203125, 0.004375457763671875, 2.333984375, 0.27783203125, 1.3642578125, 0.197021484375, 1.638671875, 4.97265625, 4.6484375, 2.923828125, 2.873046875, 0.26220703125, 0.0036945343017578125, 5.734375, 1.5166015625, 7.69921875, 1.091796875, 1.548828125, 6.984375, 4.33984375, 3.171875, 9.5078125, 2.501953125, 4.5234375, 3.259765625, 1.912109375, 0.189697265625, 0.5537109375, 4.11328125, 1.3662109375, 2.61328125, 0.0262908935546875, 7.98828125, 1.8369140625, 7.015625, 6.6484375, 7.16015625, 3.572265625, 5.17578125, 1.4482421875, 4.96875, 7.3828125, 3.95703125, 0.91650390625, 3.7734375, 7.79296875, 0.6005859375, 6.78515625, 2.232421875, 0.255859375, 7.41015625, 6.69140625, 2.734375, 7.875, 3.626953125, 7.21484375, 7.21875, 0.323974609375, 1.279296875, 3.4609375, 2.1875, 9.375, 6.359375, 1.2890625, 6.5859375, 4.52734375, 8.9609375, 5.0859375, 2.72265625, 7.828125, 5.046875, 2.8203125, 6.5390625, 4.03125, 0.132568359375, 0.01137542724609375, 0.00090789794921875, 3.96875, 0.72900390625, 8.0234375, 0.31103515625, 3.291015625, 2.341796875, 2.73828125, 5.4765625, 1.4482421875, 5.0546875, 7.3671875, 3.416015625, 3.7265625, 8.640625, 0.1461181640625, 3.865234375, 2.84375, 7.859375, 0.0249786376953125, 5.46875, 2.6796875, 1.3505859375, 6.40234375, 0.2301025390625, 10.4921875, 2.267578125, 0.443359375, 0.2230224609375, 0.9072265625, 3.677734375, 6.2734375, 7.3828125, 1.34375, 7.65234375, 6.43359375, 0.066162109375, 0.007358551025390625, 6.377696990966797e-05, 4.5546875, 1.4111328125, 2.359375, 6.12109375, 3.171875, 6.78515625, 4.79296875, 0.04400634765625, 2.4375, 2.765625, 6.4453125, 0.2415771484375, 5.80078125, 1.9482421875, 3.83203125, 6.97265625, 5.54296875, 0.9619140625, 2.796875, 3.548828125, 5.0859375, 4.15234375, 0.006488800048828125, 4.98828125, 2.4453125, 2.857421875, 2.689453125, 5.5546875, 4.75390625, 1.0126953125, 2.201171875, 0.00029206275939941406, 5.8359375, 4.01953125, 9.9609375, 1.0625, 0.002307891845703125, 0.0218658447265625, 1.9951171875, 4.15234375, 4.67578125, 0.9228515625, 7.734375, 1.287109375, 1.6904296875, 2.240234375, 7.4140625, 4.76953125, 0.03924560546875, 0.0200042724609375, 3.79296875, 0.0170440673828125, 5.96484375, 2.9921875, 2.361328125, 1.697265625, 2.384765625, 2.10546875, 5.1484375, 3.3046875, 10.359375, 2.6953125, 0.0027523040771484375, 5.6171875, 2.578125, 8.8515625, 4.6015625, 1.5966796875, 7.21484375, 4.73046875, 0.93408203125, 0.25341796875, 1.01171875, 1.775390625, 0.9111328125, 6.25390625, 2.724609375, 3.236328125, 2.33984375, 6.640625, 6.58984375, 2.42578125, 6.08203125, 3.892578125, 2.59375, 8.3359375, 9.578125, 0.1231689453125, 0.00583648681640625, 7.867813110351562e-05, 3.025390625, 0.3544921875, 2.25, 7.94140625, 0.0706787109375, 2.57421875, 0.724609375, 3.140625, 5.62109375, 9.5625, 2.58984375, 1.130859375, 10.078125, 1.0517578125, 2.37109375, 7.6796875, 0.00891876220703125, 5.7890625, 5.140625, 7.7734375, 7.74609375, 5.12109375, 10.6953125, 8.515625, 0.006938934326171875, 4.95703125, 2.490234375]",-0.9293074011802673
302,0,test,3.9271835730626035,1.722223915097,2.4117766714884077,6.788045778604897,2.976824118147795,4.168700074559434,50.76380360028582,41.69391793744942,46.21253093014958,87.74405787863972,72.06697073956488,79.87728856138438,3.9833809916098515,1.7612372835935108,2.4621537834866682,6.273040931669057,2.7736020214071035,3.877407533049871,53.69828109561438,44.471191229549135,49.12044138418636,84.56422219781791,70.03337201503801,77.35502580186828,3.9271835730626035,1.722223915097,2.4117766714884077,6.788045778604897,2.976824118147795,4.168700074559434,50.76380360028582,41.69391793744942,46.21253093014958,87.74405787863972,72.06697073956488,79.87728856138438,0.7839195979899498,-0.0010804020100502187,-0.006080402010050223,0.6783919597989949,0.008391959798994986,-0.011608040201005032,0.5527638190954773,0.0027638190954772934,-0.0072361809045227155,0.43846153846153846,0.08913332349032921,0.1558528428093645,0.3938223938223938,0.42211055276381915,0.07123335978136303,0.1483209033481263,0.36868686868686873,0.43846153846153846,0.08913332349032921,0.1558528428093645,0.3938223938223938,25.0,7.0,7.0,39.0,11.0,11.0,48.0,9.0,9.0,0.00010346364892720953,0.00035116759430752896,0.00031901157532489933,-0.00011401557000390028,-0.0001672912548489336,9.637194842149199e-05,"[6.9453125, 10.7265625, 4.26953125, 4.93359375, 1.2119140625, 1.1044921875, 0.328369140625, 10.1484375, 6.48046875, 3.3515625, 7.5390625, 2.2421875, 7.6953125, 3.390625, 7.734375, 8.84375, 0.35986328125, 0.2137451171875, 0.1922607421875, 0.09649658203125, 0.1971435546875, 1.9453125, 10.46875, 6.36328125, 5.1328125, 6.20703125, 11.6875, 0.79345703125, 7.00390625, 3.94140625, 1.5068359375, 9.6875, 5.1640625, 2.166015625, 3.53515625, 5.74609375, 0.9228515625, 3.41796875, 3.271484375, 4.1875, 5.7890625, 3.962890625, 7.734375, 3.193359375, 5.609375, 0.13037109375, 0.67822265625, 3.16015625, 3.720703125, 0.630859375, 3.2421875, 10.0234375, 2.291015625, 3.125, 7.015625, 1.7294921875, 9.84375, 2.462890625, 6.77734375, 8.671875, 7.09765625, 5.35546875, 1.2080078125, 5.34765625, 0.461669921875, 1.064453125, 0.1455078125, 6.51171875, 5.20703125, 0.14453125, 10.7265625, 6.5390625, 1.9033203125, 6.71875, 6.34375, 0.12286376953125, 8.1015625, 4.3359375, 2.6015625, 4.35546875, 7.13671875, 0.9931640625, 4.00390625, 3.1796875, 2.404296875, 9.90625, 2.66796875, 0.295654296875, 3.73046875, 2.21484375, 2.908203125, 1.361328125, 0.88232421875, 8.9140625, 3.763671875, 12.890625, 1.904296875, 1.396484375, 9.40625, 3.58984375, 3.232421875, 4.66015625, 0.55859375, 4.703125, 7.27734375, 3.78125, 4.796875, 8.6328125, 2.1640625, 1.912109375, 12.2578125, 0.4462890625, 4.0390625, 3.419921875, 0.73193359375, 3.876953125, 7.1953125, 3.736328125, 2.529296875, 2.947265625, 0.002620697021484375, 1.1455078125, 0.1715087890625, 3.974609375, 6.0546875, 5.17578125, 3.060546875, 9.6328125, 10.1015625, 4.4921875, 2.271484375, 8.702278137207031e-05, 0.68994140625, 2.755859375, 3.95703125, 0.51318359375, 11.65625, 1.8583984375, 2.2265625, 5.6953125, 7.8671875, 1.1923828125, 2.7109375, 8.390625, 6.64453125, 2.080078125, 1.7958984375, 0.65234375, 0.0042724609375, 2.412109375, 6.01953125, 2.3046875, 6.05078125, 0.11822509765625, 3.42578125, 5.53515625, 0.58984375, 0.00038886070251464844, 0.28466796875, 1.0263671875, 2.658203125, 11.6328125, 8.8515625, 0.06903076171875, 4.50390625, 0.042205810546875, 2.86328125, 5.07421875, 0.2255859375, 0.08819580078125, 5.828125, 1.681640625, 4.85546875, 0.1741943359375, 6.5, 0.29052734375, 2.86328125, 0.22119140625, 0.009429931640625, 0.1646728515625, 0.07073974609375, 0.15234375, 2.609375, 5.0625, 7.3046875, 7.11328125, 2.873046875, 3.3828125, 3.962890625, 1.07421875, 8.0078125, 0.3515625, 2.091796875, 6.234375, 7.015625, 1.5458984375, 5.1875, 2.876953125, 4.1796875, 4.81640625, 8.84375, 0.2169189453125, 4.05078125, 5.078125, 9.6484375, 1.8544921875, 1.0390625, 9.1015625, 1.5087890625, 2.294921875, 1.2197265625, 0.00612640380859375, 0.0021190643310546875, 0.0194549560546875, 8.6484375, 8.6953125, 0.224853515625, 1.8837890625, 3.68359375, 1.3623046875, 0.320068359375, 9.5234375, 1.8818359375, 7.51171875, 9.2421875, 0.0028705596923828125, 4.98046875, 5.81640625, 6.40625, 1.8837890625, 3.759765625, 1.0732421875, 6.59375, 4.7890625, 0.007083892822265625, 1.9501953125, 2.78125, 2.345703125, 5.8671875, 0.1630859375, 9.9140625, 0.1607666015625, 3.814453125, 0.439697265625, 3.65625, 4.5078125, 10.2421875, 0.131591796875, 1.6669921875, 4.56640625, 8.8671875, 2.466796875, 3.9765625, 4.1796875, 6.17578125, 1.955078125, 3.58203125, 1.40234375, 6.05859375, 6.28125]",-0.5928421570704532
406,0,test,3.705257154689542,1.6761964701633265,2.3030959294839652,6.270435184859225,2.8366401802763987,3.8975469575882484,40.66050201135566,33.05356432375687,36.596528366597134,68.81008032690957,55.93680116328086,61.93258646654899,3.7230676598285313,1.604121940523096,2.2730216662178373,5.909631206077034,2.5462253024176125,3.6079708987584715,41.39117359150794,33.068814832801905,37.12786299580058,65.7002755420761,52.49018227428874,58.93311586635012,3.705257154689542,1.6761964701633265,2.3030959294839652,6.270435184859225,2.8366401802763987,3.8975469575882484,40.66050201135566,33.05356432375687,36.596528366597134,68.81008032690957,55.93680116328086,61.93258646654899,0.7939698492462312,0.003969849246231116,-0.0060301507537688925,0.6934673366834171,0.008467336683417037,-0.0015326633165829717,0.5829145728643217,0.0029145728643216184,0.0029145728643216184,0.4600760456273765,0.10144226953629487,0.17941864992573298,0.4389312977099237,0.44723618090452266,0.08633392526542494,0.15675204067079984,0.4242424242424242,0.4600760456273765,0.10144226953629487,0.17941864992573298,0.4389312977099237,27.0,17.0,16.0,38.0,17.0,16.0,47.0,16.0,17.0,-6.783418880383803e-05,6.63425693589837e-05,0.00014402065002498349,-0.00013480533558407615,-0.00018378111340844328,8.585827751517172e-05,"[1.96875, 5.66796875, 0.06536865234375, 0.189697265625, 8.4609375, 2.369140625, 8.1796875, 4.83984375, 9.2109375, 2.5, 7.4296875, 1.50390625, 4.6640625, 5.1328125, 0.5009765625, 7.62109375, 7.8984375, 3.470703125, 4.1484375, 3.49609375, 3.31640625, 2.724609375, 4.06640625, 4.6953125, 4.28125, 2.76171875, 3.830078125, 1.2626953125, 0.001911163330078125, 4.4765625, 4.15625, 4.4609375, 2.787109375, 6.33984375, 1.8525390625, 6.53125, 3.2421875, 0.64208984375, 2.1640625, 0.5869140625, 4.4921875, 4.14453125, 0.82861328125, 7.1875, 3.349609375, 3.08203125, 3.716796875, 6.83203125, 0.06597900390625, 1.9345703125, 4.390625, 5.8203125, 2.634765625, 7.43359375, 1.6982421875, 1.4228515625, 7.62109375, 5.7890625, 5.546875, 8.2890625, 3.927734375, 7.0703125, 2.2109375, 0.810546875, 2.673828125, 3.23046875, 0.11065673828125, 7.51171875, 7.54296875, 6.62890625, 2.298828125, 9.4765625, 0.9755859375, 1.82421875, 8.234375, 0.0008211135864257812, 0.31884765625, 3.6796875, 5.37109375, 2.740234375, 11.8203125, 2.5, 1.08203125, 3.216796875, 8.2578125, 3.376953125, 2.853515625, 0.734375, 2.474609375, 5.5546875, 5.71484375, 5.91796875, 1.6181640625, 5.23828125, 2.41796875, 0.0017557144165039062, 10.046875, 1.1708984375, 1.0654296875, 6.19140625, 2.90234375, 5.72265625, 0.81689453125, 3.072265625, 0.012451171875, 3.16015625, 3.298828125, 0.13232421875, 3.501953125, 10.390625, 0.09039306640625, 2.734375, 4.63671875, 3.0703125, 4.9140625, 3.0234375, 1.4033203125, 1.841796875, 6.7265625, 4.3125, 3.4765625, 1.4248046875, 1.017578125, 0.1004638671875, 2.986328125, 0.355224609375, 5.5625, 6.6484375, 4.8203125, 0.025238037109375, 5.2578125, 7.19140625, 0.04052734375, 4.08203125, 3.244140625, 7.62890625, 3.896484375, 2.556640625, 0.25244140625, 5.60546875, 2.478515625, 3.365234375, 8.609375, 3.416015625, 0.68603515625, 1.5537109375, 0.0019893646240234375, 6.1328125, 3.765625, 5.62890625, 0.67822265625, 0.0362548828125, 4.61328125, 4.7109375, 2.94140625, 2.71875, 6.87890625, 1.5673828125, 5.984375, 0.37841796875, 6.81640625, 2.11328125, 3.810546875, 4.49609375, 3.01953125, 2.87109375, 1.0283203125, 0.53125, 4.9609375, 0.5078125, 0.1197509765625, 0.0811767578125, 5.078125, 3.5703125, 4.85546875, 11.6328125, 5.3515625, 11.1953125, 1.537109375, 5.03515625, 0.65625, 3.373046875, 0.383544921875, 4.6484375, 5.50390625, 1.376953125, 1.521484375, 3.275390625, 7.11328125, 1.5751953125, 0.81005859375, 4.71875, 0.1287841796875, 1.6513671875, 5.8671875, 2.64453125, 6.55078125, 0.1348876953125, 6.4296875, 6.9765625, 3.1796875, 3.16015625, 1.8837890625, 3.0390625, 5.796875, 4.80859375, 7.296875, 4.50390625, 1.6015625, 0.56298828125, 0.308837890625, 4.5390625, 6.453125, 1.1376953125, 4.82421875, 4.12890625, 2.734375, 6.37109375, 1.2802734375, 1.787109375, 5.87109375, 9.671875, 5.01171875, 1.13671875, 3.544921875, 3.87890625, 3.849609375, 3.04296875, 2.537109375, 6.46875, 5.1875, 4.5859375, 2.9296875, 4.91015625, 5.00390625, 0.07427978515625, 7.70703125, 3.2109375, 0.371826171875, 5.34765625, 2.248046875, 2.064453125, 1.365234375, 6.47265625, 0.75390625, 11.640625, 6.66796875, 2.0546875, 8.890625, 0.896484375, 0.322509765625, 5.92578125, 0.203857421875, 8.5390625, 4.01953125, 3.96875, 4.890625, 0.4521484375, 0.59765625, 0.004261016845703125, 5.07421875, 0.09051513671875, 3.890625]",-0.729264043583163
105,0,test,3.1752518530303853,1.336667485517124,1.8535138405742817,5.57515150939056,2.3469394222451827,3.2544254642641457,23.932846669368658,17.645215686254787,20.182913521996056,42.0216261287752,30.98171591423806,35.437441183969824,3.2802984714508057,1.2590010599384929,1.8218674570172777,5.333818652765538,2.0471561950219397,2.962386108971183,26.58370599317986,19.035594402677628,22.284497155931135,43.225538200292455,30.95218602061403,36.23495472509128,3.1770250677663747,1.349223621082558,1.8603425625035352,5.573728189063816,2.3670589843553653,3.2637588815851504,23.975322393917637,17.755126212442306,20.244299220515803,42.06196911213621,31.149344232354927,35.51631442195756,0.7185929648241206,0.003592964824120526,0.003592964824120526,0.592964824120603,-0.012035175879396953,-0.017035175879396958,0.44221105527638194,-0.017788944723618028,-0.012788944723618023,0.40863787375415284,0.0653542916646006,0.13349975220719146,0.4066666666666666,0.42211055276381915,0.07123335978136303,0.1466514542663233,0.4242424242424242,0.41137123745819393,0.07247307385218393,0.13884620964951766,0.4093959731543624,24.0,5.0,4.0,36.0,4.0,6.0,42.0,3.0,3.0,0.0006725475691086444,0.0002377147912380658,1.8518934781799816e-05,0.0004991372202978184,9.589878044646838e-05,-4.7314887297922326e-05,"[2.859375, 2.21484375, 0.2666015625, 0.05609130859375, 3.802776336669922e-05, 1.1826171875, 0.01139068603515625, 0.01456451416015625, 2.5703125, 5.765625, 0.0197296142578125, 9.0, 6.046875, 5.12890625, 0.6279296875, 7.87109375, 0.83349609375, 2.291015625, 0.0657958984375, 0.14599609375, 4.625, 6.25, 3.056640625, 9.6953125, 6.62890625, 0.298828125, 7.109375, 4.1953125, 8.6171875, 4.140625, 7.1875, 3.09765625, 10.578125, 4.8515625, 7.5859375, 5.5234375, 0.59423828125, 1.4169921875, 1.5537109375, 2.46875, 1.8369140625, 0.0214385986328125, 5.98046875, 4.65625, 3.740234375, 1.173828125, 0.251708984375, 0.125732421875, 10.1171875, 0.365234375, 0.76220703125, 5.8671875, 6.21484375, 0.01221466064453125, 5.06640625, 4.3125, 2.14453125, 0.84912109375, 2.490234375, 1.9990234375, 7.78125, 9.21875, 2.818359375, 2.189453125, 7.1171875, 1.0556640625, 0.3447265625, 8.453125, 2.1640625, 2.12109375, 0.0011777877807617188, 2.2890625, 0.0290069580078125, 2.619140625, 2.46484375, 3.806640625, 0.89892578125, 0.40576171875, 5.16796875, 2.12890625, 12.2578125, 4.9140625, 6.05859375, 3.5703125, 4.2265625, 5.78125, 4.29296875, 3.97265625, 5.78125, 3.66015625, 5.8046875, 3.11328125, 1.2578125, 0.0025768280029296875, 3.455078125, 0.058929443359375, 8.390625, 1.78515625, 0.1842041015625, 6.52734375, 6.4609375, 1.6923828125, 3.392578125, 4.3203125, 9.859375, 8.28125, 6.84765625, 7.06640625, 0.314208984375, 2.525390625, 2.3515625, 1.1484375, 0.84423828125, 3.328125, 1.0234375, 2.6796875, 2.5859375, 6.44140625, 2.853515625, 0.0016613006591796875, 2.087890625, 0.0496826171875, 8.1875, 5.41796875, 0.13037109375, 2.25, 6.84375, 3.67578125, 3.60546875, 5.5703125, 3.1171875, 1.224609375, 0.00919342041015625, 0.99609375, 0.12841796875, 4.84765625, 6.140625, 7.08984375, 0.4345703125, 1.2685546875, 4.66015625, 5.71484375, 4.3203125, 0.79150390625, 5.24609375, 5.14453125, 1.1943359375, 2.029296875, 0.0006976127624511719, 1.25390625, 0.0310211181640625, 3.912109375, 0.0018978118896484375, 0.1759033203125, 0.00493621826171875, 6.4375, 3.478515625, 4.2421875, 2.521484375, 0.84033203125, 0.3740234375, 0.69384765625, 2.400390625, 2.697265625, 0.0147705078125, 6.66796875, 1.341796875, 0.04681396484375, 0.54345703125, 1.951171875, 8.6015625, 0.68115234375, 6.72265625, 0.021514892578125, 4.6171875, 6.31640625, 2.40234375, 0.0003147125244140625, 3.888671875, 0.01385498046875, 2.0546875, 0.0002815723419189453, 6.04296875, 1.5498046875, 0.00634002685546875, 0.1741943359375, 2.33984375, 10.65625, 0.25439453125, 0.288330078125, 2.00390625, 5.83984375, 1.2060546875, 8.9921875, 1.064453125, 6.53515625, 3.642578125, 1.662109375, 3.63671875, 6.0546875, 2.265625, 0.625, 1.2001953125, 5.296875, 0.0830078125, 5.6484375, 1.994140625, 6.703125, 1.6708984375, 7.2890625, 1.568359375, 8.5234375, 6.73046875, 0.290771484375, 0.01922607421875, 2.1015625, 0.849609375, 6.5703125, 3.787109375, 5.0859375, 8.2421875, 2.021484375, 8.0078125, 0.025848388671875, 0.07269287109375, 0.003448486328125, 2.267578125, 3.087890625, 5.89453125, 3.27734375, 1.490234375, 7.6015625, 4.18359375, 0.6416015625, 2.515625, 6.55078125, 2.16015625, 0.00371551513671875, 8.4765625, 7.15625, 1.1005859375, 2.767578125, 0.00023365020751953125, 2.73828125, 0.0186614990234375, 0.8740234375, 0.00014793872833251953, 1.0458984375, 0.01244354248046875, 8.6015625, 0.1885986328125, 0.06195068359375, 3.40234375, 0.41455078125, 0.59375, 1.509765625, 1.7822265625, 4.1171875, 1.806640625, 1.3828125, 3.146484375, 1.302734375, 5.12109375, 2.83984375, 0.12017822265625, 2.2578125, 7.07421875, 6.65625, 0.2471923828125, 2.673828125, 8.921875, 1.279296875, 0.0299835205078125, 0.1201171875, 0.00010418891906738281, 0.59716796875, 0.422607421875, 0.433349609375, 0.459228515625, 2.099609375, 2.24609375, 9.34375, 6.87890625, 2.38671875, 1.7763671875, 4.51171875, 3.37890625, 1.982421875, 6.98828125, 3.58984375, 6.078125, 3.814697265625e-05, 4.1484375, 0.01580810546875, 2.650390625, 7.90234375, 0.037994384765625, 5.57421875, 4.53125, 2.994140625, 2.826171875]",-0.5053077821319683
130,0,test,3.7101599516066828,1.7549838881490842,2.386022330891149,6.631545740273362,3.1368609654318274,4.264780071750321,40.86034168162367,33.79517885042364,37.101399358775375,73.03383906872892,60.40555589800131,66.31509964127567,3.7937854805378,1.8073568248725729,2.446937818148122,6.452677868607028,3.074051351706342,4.161885690696378,44.424249512472194,37.13479544271991,40.57896474341109,75.55919361523048,63.160891394027885,69.01892293964792,3.7428138277171987,1.7771488207112083,2.4172286512282666,6.689911329856725,3.176478600798774,4.320558297864697,42.216613471066886,35.07695453604748,38.452225929379125,75.4580414010408,62.69660377702974,68.72956918085875,0.797979797979798,0.0029797979797979712,0.0029797979797979712,0.6262626262626263,-0.003737373737373706,0.006262626262626303,0.5303030303030303,-0.00969696969696976,-0.00969696969696976,0.4424778761061947,0.12018207036668038,0.17630140551795936,0.3866666666666667,0.43434343434343436,0.10688751494796833,0.1759541725984679,0.36040609137055835,0.4424778761061947,0.124597081404208,0.17483081728266525,0.3733333333333333,19.0,-2.0,2.0,31.0,-1.0,0.0,38.0,-4.0,-1.0,0.00031456028800638146,0.0003395897767256048,0.0002586167039139452,0.0001216017732525998,1.9593808842977012e-05,-1.635340515360184e-05,"[8.1484375, 9.25, 0.337890625, 9.0546875, 0.74365234375, 4.53125, 15.0703125, 8.8359375, 6.72265625, 0.75341796875, 6.07421875, 2.85546875, 5.390625, 3.076171875, 4.4765625, 2.314453125, 5.62890625, 8.2578125, 9.2734375, 2.33203125, 7.22265625, 1.2275390625, 7.40625, 2.8046875, 11.8671875, 2.86328125, 4.98046875, 3.701171875, 1.447265625, 1.6806640625, 3.876953125, 0.5732421875, 9.1875, 0.099365234375, 6.046875, 4.23828125, 4.91796875, 5.875, 5.0703125, 1.1015625, 0.0379638671875, 5.56640625, 0.353515625, 1.2607421875, 0.373046875, 0.028717041015625, 1.6787109375, 6.62109375, 0.124267578125, 0.345947265625, 9.140625, 3.00390625, 0.8203125, 2.736328125, 3.294921875, 1.2822265625, 8.1484375, 4.375, 1.7431640625, 5.03125, 0.43505859375, 3.578125, 5.66015625, 1.4853515625, 2.201171875, 4.015625, 1.8388671875, 6.0234375, 0.2286376953125, 0.55517578125, 0.0709228515625, 1.9013671875, 6.9921875, 4.50390625, 8.453125, 3.955078125, 0.86181640625, 0.66259765625, 0.9296875, 2.50390625, 0.5771484375, 5.4765625, 2.994140625, 1.0078125, 5.02734375, 0.418212890625, 0.70458984375, 5.03125, 7.8671875, 0.93994140625, 1.9755859375, 3.6640625, 3.095703125, 0.5361328125, 1.7646484375, 0.1011962890625, 2.3046875, 2.556640625, 3.318359375, 1.357421875, 4.578125, 3.826171875, 1.9912109375, 4.7890625, 3.69921875, 6.078125, 3.318359375, 4.87890625, 7.65234375, 6.62109375, 6.53515625, 2.228515625, 1.794921875, 5.953125, 4.1328125, 3.5234375, 2.794921875, 5.6328125, 1.0830078125, 7.046875, 3.60546875, 1.162109375, 5.2109375, 10.59375, 9.53125, 3.19140625, 2.978515625, 0.01270294189453125, 1.03515625, 8.03125, 5.0859375, 0.7255859375, 4.47265625, 1.4287109375, 1.822265625, 1.83203125, 3.4296875, 10.5625, 1.177734375, 11.609375, 6.97265625, 2.26171875, 3.205078125, 2.546875, 2.060546875, 7.7890625, 4.89453125, 1.2529296875, 4.4453125, 13.5703125, 2.27734375, 7.47265625, 0.91357421875, 5.9375, 2.12109375, 8.0703125, 0.9755859375, 7.70703125, 6.56640625, 1.763671875, 6.65234375, 6.05078125, 1.6162109375, 4.25390625, 0.09759521484375, 4.25390625, 0.69970703125, 0.47314453125, 4.5859375, 4.16796875, 0.283935546875, 3.744140625, 1.423828125, 6.2109375, 0.3388671875, 5.77734375, 0.1795654296875, 1.599609375, 0.2373046875, 1.1083984375, 5.05859375, 5.45703125, 4.28515625, 0.0736083984375, 4.00390625, 2.845703125, 7.80859375, 1.6064453125, 2.7578125, 1.265625, 2.6640625, 5.22265625, 2.984375, 0.9462890625, 4.6796875, 0.90380859375, 0.8251953125, 0.82666015625, 0.00391387939453125, 3.708984375, 1.904296875, 6.046875, 0.0036106109619140625, 1.611328125, 6.734375, 4.3125, 0.5224609375, 4.3359375, 4.6171875, 0.48193359375, 1.5361328125, 5.8046875, 1.1845703125, 7.578125, 4.6171875, 5.33984375, 0.185791015625, 3.056640625, 7.921875, 3.33984375, 7.1171875, 4.70703125, 1.935546875, 1.95703125, 7.4765625, 1.1650390625]",-0.37416250093848324
15,0,test,3.8752753896067342,1.7961500814236495,2.4790749116089557,5.9546914523225425,2.7599379299924367,3.809310230033273,48.19596913267465,40.198498600676324,44.15614775318599,74.0572208624025,61.768424679088,67.84969045001749,3.8294415881286312,1.7819549818733829,2.4394583935713645,5.590425676100191,2.601394134121726,3.5612531293012615,46.03682354640079,38.288421719196414,42.0220409641723,67.20704167357779,55.895506159410814,61.34604520317123,3.8752753896067342,1.7961500814236495,2.4790749116089557,5.9546914523225425,2.7599379299924367,3.809310230033273,48.19596913267465,40.198498600676324,44.15614775318599,74.0572208624025,61.768424679088,67.84969045001749,0.8090452261306533,0.024045226130653297,-0.0009547738693467256,0.6381909547738693,-0.016809045226130692,-0.006809045226130683,0.5376884422110553,0.002688442211055353,0.007688442211055246,0.4183266932270916,0.08366533864541825,0.14608233731739706,0.404,0.4170854271356784,0.085427135678392,0.15242881072026804,0.38383838383838387,0.4183266932270916,0.08366533864541825,0.14608233731739706,0.404,23.0,4.0,5.0,35.0,8.0,8.0,45.0,8.0,8.0,0.0002448498002254278,7.162510222474215e-06,-1.2833792741019283e-05,-5.164627325804361e-05,-0.00011782167916685182,0.0001279129611404528,"[9.5625, 7.55078125, 8.375, 4.7265625, 6.20703125, 2.658203125, 2.92578125, 1.1611328125, 7.9921875, 5.68359375, 3.26171875, 9.4296875, 1.341796875, 0.1641845703125, 2.02734375, 1.78125, 9.265625, 1.232421875, 3.994140625, 1.353515625, 0.21630859375, 8.84375, 4.484375, 5.6015625, 2.84765625, 5.60546875, 0.62158203125, 3.375, 5.15234375, 4.63671875, 2.0390625, 8.1171875, 0.1375732421875, 2.1953125, 2.796875, 1.7333984375, 1.3203125, 1.6513671875, 4.95703125, 7.84765625, 3.8046875, 2.08984375, 3.203125, 0.5712890625, 3.142578125, 1.9677734375, 0.05731201171875, 3.755859375, 3.560546875, 3.7734375, 5.9140625, 0.00870513916015625, 2.318359375, 6.23828125, 7.32421875, 0.1744384765625, 4.4765625, 0.84375, 5.234375, 0.8837890625, 9.1484375, 4.68359375, 2.462890625, 0.36328125, 2.80078125, 2.4765625, 5.46875, 0.873046875, 0.478515625, 0.7109375, 1.435546875, 5.61328125, 4.4140625, 5.19140625, 0.004474639892578125, 11.8125, 4.68359375, 5.26953125, 2.375, 0.83740234375, 1.7080078125, 3.78515625, 1.3642578125, 3.01171875, 7.3046875, 3.70703125, 0.10809326171875, 9.4453125, 2.689453125, 1.4716796875, 3.583984375, 10.546875, 3.443359375, 2.66796875, 2.697265625, 3.166015625, 5.359375, 0.939453125, 1.6220703125, 0.04327392578125, 6.68359375, 1.1474609375, 3.83984375, 7.29296875, 5.38671875, 9.125, 11.640625, 1.744140625, 4.78125, 0.57666015625, 1.4912109375, 8.515625, 3.796875, 0.0615234375, 6.91015625, 10.296875, 6.328125, 7.2578125, 2.14453125, 5.26171875, 4.98046875, 6.0390625, 3.48828125, 0.08245849609375, 8.6171875, 4.046875, 3.19921875, 12.90625, 6.515625, 1.08203125, 2.771484375, 3.375, 7.51171875, 0.54150390625, 4.2890625, 6.32421875, 1.9677734375, 5.25, 4.51953125, 1.31640625, 9.0078125, 1.5615234375, 0.3046875, 4.44921875, 0.67041015625, 0.55419921875, 3.78515625, 0.0194091796875, 5.09375, 1.556640625, 3.080078125, 3.1640625, 1.0625, 5.34375, 7.3515625, 9.640625, 6.5625, 2.748046875, 1.2255859375, 0.6396484375, 6.95703125, 9.4453125, 4.18359375, 13.4453125, 3.203125, 8.0390625, 7.48046875, 0.9814453125, 0.465087890625, 3.43359375, 1.0390625, 1.947265625, 0.31201171875, 9.2265625, 4.453125, 0.052520751953125, 0.3046875, 3.392578125, 0.0723876953125, 1.3603515625, 8.078125, 0.0791015625, 4.98046875, 2.943359375, 5.375, 1.1904296875, 0.0667724609375, 3.41796875, 1.6240234375, 2.19921875, 6.21484375, 2.556640625, 0.281494140625, 1.4443359375, 2.203125, 1.080078125, 2.22265625, 5.08984375, 0.65576171875, 3.349609375, 0.37841796875, 5.37109375, 7.328125, 2.822265625, 6.57421875, 1.3994140625, 0.60498046875, 3.0859375, 1.5634765625, 0.360107421875, 2.419921875, 1.314453125, 0.004199981689453125, 7.734375, 2.212890625, 4.5078125, 6.7421875, 9.171875, 0.04449462890625, 1.5478515625, 4.46484375, 2.6796875, 1.4638671875, 8.1875, 2.21875, 8.4921875, 3.787109375, 1.5625, 1.4228515625, 8.0546875, 8.53125, 2.728515625, 6.90625, 5.15234375, 3.98828125, 0.0006260871887207031, 6.390625, 7.8359375, 7.51953125, 0.2198486328125, 12.3046875, 1.3798828125, 1.6376953125, 2.140625, 9.6796875, 3.87890625, 8.3984375, 3.919921875, 4.75, 2.93359375, 5.11328125]",-0.5565039950063029
453,0,test,4.902652392311702,2.3028496763681106,3.1460018384674817,7.656611452190498,3.5964257291427906,4.913200402051068,134.64644165875202,121.18535954261046,128.85344014255148,210.28117123249547,189.25861706345958,201.23407627200945,5.06106628724678,2.3806559929410698,3.2556139219367353,7.497875981106341,3.526897767320103,4.823131736202571,157.75864270071256,143.16756399629867,151.67592026184346,233.71650770475932,212.10009480933132,224.70506705458288,4.902652392311702,2.3028496763681106,3.1460018384674817,7.656611452190498,3.5964257291427906,4.913200402051068,134.64644165875202,121.18535954261046,128.85344014255148,210.28117123249547,189.25861706345958,201.23407627200945,0.8743718592964824,-0.0006281407035175768,-0.0006281407035175768,0.7738693467336684,0.003869346733668344,-0.0011306532663316604,0.6984924623115578,-0.006507537688442255,0.0034924623115577536,0.4722222222222222,0.09994499449944994,0.19253884491351514,0.4701195219123506,0.4723618090452262,0.10143449074948685,0.18688601605691235,0.48484848484848486,0.4722222222222222,0.09994499449944994,0.19253884491351514,0.4701195219123506,25.0,1.0,1.0,37.0,1.0,0.0,44.0,0.0,-1.0,0.00016513599585862157,0.0001420679989741655,0.00012683066018637302,-5.857619511928647e-05,-0.00012331829868550415,0.00012440840417138332,"[1.783203125, 4.34765625, 0.00472259521484375, 0.0274505615234375, 5.20703125, 5.44921875, 7.03515625, 2.19140625, 8.6640625, 5.80078125, 0.6748046875, 3.638671875, 1.880859375, 8.7734375, 1.3115234375, 7.8828125, 6.69921875, 0.33740234375, 10.140625, 0.220703125, 5.25, 6.6484375, 2.1328125, 5.27734375, 10.078125, 1.779296875, 5.73046875, 8.703125, 3.623046875, 5.84765625, 6.2109375, 8.578125, 3.689453125, 9.6796875, 4.59765625, 4.46484375, 7.734375, 3.416015625, 4.7734375, 10.21875, 0.57080078125, 9.2265625, 6.69921875, 3.794921875, 5.12109375, 7.28125, 1.72265625, 5.27734375, 5.8359375, 7.98828125, 4.22265625, 3.908203125, 0.004497528076171875, 1.0703125, 7.6015625, 4.515625, 4.68359375, 12.0234375, 2.6171875, 0.509765625, 3.18359375, 6.125, 5.9453125, 0.490234375, 5.3828125, 3.353515625, 7.12890625, 5.81640625, 3.55078125, 4.76953125, 0.86962890625, 10.5625, 3.630859375, 4.21484375, 4.36328125, 0.1749267578125, 1.095703125, 0.88818359375, 6.4921875, 0.78173828125, 2.5234375, 5.3203125, 6.21484375, 9.0078125, 6.7265625, 1.4072265625, 13.296875, 0.1285400390625, 14.578125, 0.0989990234375, 1.427734375, 9.25, 15.90625, 2.29296875, 10.71875, 4.87109375, 1.818359375, 3.771484375, 10.859375, 5.1640625, 9.9375, 3.287109375, 6.359375, 4.2421875, 8.609375, 3.255859375, 5.3671875, 11.4609375, 5.328125, 6.07421875, 8.265625, 1.73828125, 6.40625, 6.984375, 11.1796875, 4.67578125, 0.5341796875, 3.2421875, 5.15625, 3.142578125, 10.6875, 1.609375, 3.982421875, 7.53125, 8.3515625, 3.978515625, 6.54296875, 6.12890625, 1.5693359375, 1.3291015625, 5.40625, 0.027069091796875, 1.322265625, 14.578125, 1.9951171875, 9.5390625, 0.061279296875, 3.259765625, 7.4375, 3.8203125, 3.88671875, 6.51953125, 6.9140625, 8.171875, 1.69921875, 10.3515625, 4.9375, 0.36767578125, 5.3671875, 4.89453125, 4.23828125, 2.103515625, 6.03125, 10.9375, 3.64453125, 3.27734375, 9.515625, 5.296875, 11.1875, 6.6328125, 5.03515625, 2.81640625, 3.9921875, 7.00390625, 3.015625, 0.1146240234375, 1.9482421875, 3.0625, 2.138671875, 1.83984375, 11.0078125, 4.54296875, 2.3046875, 8.7890625, 0.049102783203125, 3.693359375, 3.46484375, 2.37109375, 0.06060791015625, 6.25390625, 0.7880859375, 7.57421875, 10.140625, 1.025390625, 1.12109375, 5.609375, 5.03125, 1.7216796875, 4.65234375, 0.2354736328125, 7.1484375, 9.1328125, 9.21875, 2.009765625, 5.609375, 7.1953125, 2.724609375, 5.70703125, 11.28125, 2.826171875, 5.45703125, 6.359375, 9.390625, 0.02947998046875, 0.0234222412109375, 5.5546875, 3.57421875, 4.56640625, 7.22265625, 3.169921875, 0.88330078125, 6.07421875, 3.55078125, 2.08203125, 1.11328125, 3.291015625, 6.390625, 4.0234375, 10.0078125, 2.9375, 12.265625, 0.2646484375, 1.6845703125, 11.40625, 7.73046875, 1.01171875, 0.7626953125, 5.76171875, 2.583984375, 8.2890625, 10.5859375, 3.177734375, 0.2109375, 0.0225677490234375, 1.703125, 3.990234375, 6.984375, 3.685546875, 4.046875, 2.744140625, 5.98046875, 6.58984375, 0.2919921875, 6.18359375, 11.625, 1.8203125, 0.1341552734375, 0.63818359375, 7.77734375, 8.90625, 1.3564453125, 5.53125]",-0.5557507181924484
392,0,test,3.542579338006806,1.6175822598661598,2.2242192050471576,6.103480064276786,2.786918833263383,3.8320885099005237,34.55593577808505,27.700807141936863,30.818648083572278,59.53613031645978,47.72548700357797,53.09718886687754,3.6309752392409433,1.6003165203048169,2.22531122673322,5.718071242899123,2.5201834965430185,3.504427128713732,37.7496135758359,30.13051002191079,33.67137973516215,59.44821035564709,47.449622081749276,53.025794858523064,3.5297267750689856,1.613278077542919,2.219018559684875,6.081336491986325,2.7795031938390053,3.8231283618667127,34.114645369649764,27.3178672258078,30.40584595852996,58.77583479349297,47.065723051692956,52.38597556710583,0.728643216080402,-0.001356783919598037,0.008643216080401972,0.592964824120603,0.002964824120602949,0.017964824120603073,0.4723618090452262,-0.007638190954773805,0.002361809045226204,0.41052631578947374,0.09178726149875571,0.16198489221887868,0.4119718309859155,0.4120603015075377,0.09376456215916673,0.16164293923708695,0.4292929292929293,0.41052631578947374,0.1005438289243249,0.16198489221887868,0.4084507042253521,26.0,10.0,8.0,36.0,11.0,9.0,48.0,12.0,12.0,0.00035783580806001086,-9.497741667615551e-06,5.3675140817846604e-05,-0.010019770633483027,-0.008242541458077568,-0.00964646823275217,"[1.76953125, 4.3671875, 0.004657745361328125, 0.0254669189453125, 9.2890625, 0.314208984375, 2.236328125, 1.3935546875, 1.341796875, 6.1484375, 3.431640625, 1.5205078125, 5.32421875, 3.43359375, 1.705078125, 11.3359375, 2.16015625, 3.42578125, 10.5625, 1.138671875, 6.14453125, 2.673828125, 5.77734375, 0.062469482421875, 8.25, 3.515625, 1.634765625, 5.0703125, 0.007305145263671875, 10.90625, 2.576171875, 0.17333984375, 4.66015625, 4.2421875, 7.328125, 1.3779296875, 6.30078125, 3.79296875, 0.3837890625, 6.875, 11.546875, 1.9912109375, 4.1328125, 0.73583984375, 0.74462890625, 1.490234375, 2.884765625, 0.01055908203125, 7.08203125, 7.88671875, 6.26171875, 0.031890869140625, 0.154052734375, 0.6064453125, 9.71875, 1.376953125, 8.578125, 8.9765625, 2.271484375, 0.65673828125, 2.009765625, 8.828125, 4.796875, 6.71875, 0.1160888671875, 9.0, 2.76953125, 3.240234375, 5.59375, 5.16015625, 7.43359375, 5.484375, 11.6640625, 1.9228515625, 1.15625, 7.4765625, 8.203125, 0.0789794921875, 7.12109375, 3.140625, 0.217529296875, 0.1927490234375, 2.6953125, 0.07476806640625, 3.154296875, 0.004730224609375, 10.9453125, 0.1796875, 2.0546875, 0.002391815185546875, 5.7578125, 0.19140625, 5.99609375, 7.6953125, 6.2734375, 6.4453125, 0.0888671875, 2.78125, 6.80078125, 7.4296875, 4.25, 2.974609375, 4.96875, 2.890625, 1.4580078125, 1.5166015625, 3.724609375, 1.03515625, 2.818359375, 8.046875, 7.08984375, 2.494140625, 11.921875, 0.243896484375, 7.60546875, 0.06787109375, 4.078125, 4.80078125, 1.34375, 0.11761474609375, 0.1676025390625, 2.40234375, 1.430511474609375e-06, 0.1409912109375, 2.2530555725097656e-05, 5.7697296142578125e-05, 1.9073486328125e-06, 0.00011289119720458984, -0.0, 0.00018656253814697266, 2.322265625, 1.7548828125, 8.4453125, 1.2724609375, 0.403076171875, 1.0986328125, 6.046875, 5.4453125, 4.03125, 7.96875, 2.82421875, 10.6953125, 3.197265625, 5.5, 0.80029296875, 9.46875, 0.401123046875, 1.1416015625, 0.1298828125, 0.798828125, 6.18359375, 0.09234619140625, 3.173828125, 2.486328125, 4.9453125, 12.203125, 0.283447265625, 1.630859375, 7.98828125, 1.0087890625, 4.75, 3.697265625, 0.379638671875, 7.078125, 0.00676727294921875, 0.3251953125, 3.935546875, 11.546875, 2.27734375, 1.951171875, 5.2734375, 0.00524139404296875, 3.767578125, 0.00104522705078125, 4.9765625, 0.8984375, 0.96630859375, 0.001094818115234375, 6.36328125, 2.927734375, 0.478759765625, 2.51953125, 3.33984375, 0.370849609375, 3.826171875, 0.70947265625, 3.44921875, 0.062164306640625, 1.1689453125, 1.60546875, 11.1171875, 3.720703125, 1.77734375, 4.734375, 2.7265625, 1.3134765625, 10.546875, 5.19140625, 11.015625, 2.1328125, 8.328125, 2.244140625, 5.734375, 0.00970458984375, 1.34765625, 2.421875, 2.765625, 4.2890625, 0.60498046875, 5.91796875, 4.0234375, 5.453125, 0.599609375, 0.054229736328125, 4.48828125, 8.53125, 0.081787109375, 0.0833740234375, 1.4921875, 2.7578125, 8.125, 9.859375, 2.541015625, 3.0703125, 12.75, 6.44921875, 1.12890625, 10.0234375, 5.90625, 5.609375, 2.662109375, 1.9658203125, 9.5367431640625e-07, 0.04766845703125, 1.2040138244628906e-05, 2.7179718017578125e-05, 7.152557373046875e-07, 5.030632019042969e-05, -0.0, 2.1219253540039062e-05, 0.2125244140625, 0.875, 0.0015878677368164062, 2.724609375, 3.62109375, 0.032928466796875, 0.43017578125, 6.20703125, 0.12066650390625, 0.7236328125, 0.0198974609375, 3.4296875, 5.609375, 3.017578125, 1.560546875, 7.07421875, 3.8046875, 1.28515625, 6.359375, 0.028564453125, 12.046875, 4.08203125, 5.9296875, 4.078125, 0.004924774169921875, 0.006256103515625, 11.546875, 5.83984375, 5.84375, 6.4296875, 1.7333984375, 3.40234375, 5.84375, 0.004390716552734375, 11.546875, 2.517578125, 0.0034885406494140625, 5.37890625, 2.32421875, 3.44140625, 4.46484375, 0.0159912109375, 4.48046875, 5.125, 1.4873046875]",-10.506953552313018
3,0,test,4.116825906896754,1.9131552445496975,2.6191569939474784,6.370246403303398,2.960356009987427,4.052800822213467,61.364157270870145,52.30595511929876,56.89290324067054,94.95295914545169,80.93658318459913,88.03428185661652,4.063228207017908,1.8426714934332376,2.549512425385738,5.846371520889077,2.651325889831997,3.668363201993868,58.16176656660872,48.94930842747596,53.618184140051646,83.68599505986866,70.43065960787908,77.14846638856352,4.093336128130708,1.903344109515544,2.583463601760541,6.333899061423305,2.945174569460894,3.997569994303153,59.939524452443344,51.00438265283446,55.41337066015767,92.74852731062285,78.92257105228069,85.74489986361239,0.7939698492462312,-0.001030150753768888,0.00896984924623112,0.6180904522613065,-0.02190954773869347,-0.006909547738693456,0.5376884422110553,-0.017311557788944665,-0.02231155778894478,0.4675767918088737,0.13537917681739153,0.22353592915280107,0.43493150684931503,0.4623115577889447,0.14150955277641342,0.20688584827308498,0.43434343434343436,0.4709897610921502,0.14390287863899853,0.21900338197750768,0.4486301369863014,24.0,5.0,4.0,34.0,4.0,5.0,46.0,4.0,8.0,0.00018747127060857082,0.0003051933326781228,6.69837103786574e-05,-0.0003427029913991575,0.00012688698084151184,-1.9278431547142816e-05,"[1.88671875, 5.3046875, 0.005107879638671875, 0.057769775390625, 6.7578125, 1.7099609375, 5.1640625, 9.5703125, 15.5078125, 4.0234375, 0.339111328125, 8.109375, 10.296875, 4.25390625, 1.455078125, 6.45703125, 1.8681640625, 0.287841796875, 1.787109375, 7.00390625, 2.697265625, 2.55078125, 6.78515625, 0.72412109375, 1.236328125, 9.2734375, 5.25390625, 8.53125, 12.671875, 1.16015625, 11.8203125, 3.609375, 7.26171875, 1.7451171875, 2.96875, 4.58203125, 1.6455078125, 3.912109375, 8.1875, 4.57421875, 1.1240234375, 1.408203125, 0.146484375, 0.73876953125, 7.32421875, 4.26953125, 4.33984375, 1.0185546875, 2.583984375, 1.462890625, 2.662109375, 2.205078125, 8.9375, 8.9609375, 8.1484375, 0.70751953125, 3.216796875, 3.080078125, 9.4765625, 7.43359375, 3.318359375, 1.376953125, 1.810546875, 2.044921875, 4.09375, 4.4375, 0.0023956298828125, 7.5, 5.38671875, 5.609375, 1.08203125, 2.87890625, 4.828125, 8.4296875, 8.6796875, 5.97265625, 0.5712890625, 7.55859375, 4.69921875, 8.734375, 4.8671875, 7.546875, 0.1241455078125, 7.50390625, 1.0087890625, 0.3525390625, 0.6171875, 0.034271240234375, 3.6796875, 1.626953125, 0.88037109375, 10.28125, 1.5712890625, 8.8828125, 5.546875, 1.1337890625, 4.65234375, 6.0546875, 0.022918701171875, 3.908203125, 6.92578125, 3.580078125, 9.8203125, 4.3828125, 2.7578125, 1.845703125, 4.23828125, 5.3515625, 10.4375, 0.316650390625, 0.93701171875, 6.2421875, 3.34375, 1.0615234375, 6.38671875, 7.80078125, 1.2236328125, 0.18798828125, 2.271484375, 0.55908203125, 4.08203125, 9.859375, 6.515625, 1.490234375, 3.65234375, 4.21875, 5.94140625, 5.02734375, 7.7421875, 10.2265625, 0.422119140625, 1.384765625, 2.173828125, 4.16015625, 5.76171875, 3.138671875, 0.87548828125, 8.9140625, 3.693359375, 4.88671875, 3.65234375, 4.81640625, 0.849609375, 6.26953125, 2.705078125, 4.6484375, 4.6015625, 0.92724609375, 5.86328125, 0.276123046875, 0.96142578125, 10.0, 1.171875, 12.296875, 7.6640625, 1.330078125, 9.09375, 0.88037109375, 7.6328125, 9.890625, 5.9375, 4.21875, 1.234375, 4.0390625, 0.9794921875, 2.5390625, 0.0009751319885253906, 5.4296875, 5.90234375, 4.58203125, 2.828125, 1.2431640625, 7.23046875, 0.2222900390625, 0.0191192626953125, 0.396728515625, 0.0212249755859375, 0.833984375, 0.02056884765625, 1.1728515625, 0.5546875, 2.98828125, 4.39453125, 0.56884765625, 1.4951171875, 5.26171875, 1.0751953125, 5.6328125, 7.20703125, 0.242919921875, 6.203125, 0.0002586841583251953, 7.2578125, 0.0038604736328125, 1.7607421875, 7.30078125, 6.44921875, 0.84033203125, 0.6376953125, 6.828125, 2.5078125, 5.8828125, 9.8359375, 9.1796875, 1.482421875, 0.0015954971313476562, 0.01044464111328125, 3.71875, 2.19921875, 4.65625, 6.8203125, 10.46875, 3.275390625, 1.431640625, 4.69921875, 0.5615234375, 8.390625, 0.455810546875, 5.98046875, 3.3125, 6.90625, 2.384765625, 3.501953125, 0.44921875, 10.3828125, 0.9560546875, 5.01171875, 4.59765625, 0.67333984375, 0.17236328125, 6.734375, 3.359375, 6.140625, 0.28857421875, 3.060546875, 4.8359375, 0.47119140625, 5.97265625, 13.1953125, 0.300048828125, 7.73828125, 4.41796875, 0.086181640625, 11.0, 6.5078125, 2.390625, 7.609375, 7.12109375, 2.7109375, 10.453125, 0.308837890625, 6.328125, 5.87109375, 6.234375, 0.061279296875, 1.8369140625, 9.0078125, 5.01171875, 0.8828125, 2.650390625, 1.8037109375, 13.8359375, 2.720703125, 1.4775390625, 8.8046875, 0.5322265625, 0.953125, 10.59375, 6.12109375, 1.8056640625, 5.140625, 0.068603515625, 0.13037109375, 0.86328125, 5.53515625, 2.951171875, 3.724609375, 2.49609375, 4.9765625, 1.1142578125, 5.7265625, 1.7998046875, 0.000537872314453125, 0.006969451904296875, 7.37890625, 0.93408203125, 7.90234375, 0.96142578125, 7.41796875, 6.6328125, 1.0654296875, 4.7734375, 6.96875]",-0.886443288659887
333,0,test,3.026686397038008,1.2471855239272407,1.6483288094828377,5.544074602266736,2.284508099116725,3.0192945981392367,20.628763680215226,14.701866273889163,16.660385122368723,37.78634116424039,26.9298608189989,30.517340055877323,3.181144416032724,1.3141182865706564,1.8593885984156038,4.6781535529893,1.9325268920156713,2.7343949976700053,24.074288795246108,17.605259086940876,20.324288879115606,35.40336587536192,25.890086892560106,29.888660116346475,3.196928519469041,1.370177434393051,1.8914970540506677,5.328214199115068,2.283629057321752,3.152495090084446,24.457294609702394,18.243628453444984,20.76801406237582,40.762157682837326,30.406047422408307,34.61335677062637,0.6633165829145728,0.013316582914572828,-0.006683417085427079,0.5276381909547738,-0.007361809045226098,0.0026381909547738003,0.4321608040201005,-0.00783919597989946,0.0021608040201004375,0.4,0.09513797634691201,0.14291300097751714,0.4116094986807388,0.42211055276381915,0.11383987607208979,0.1633459450843534,0.4494949494949495,0.41137123745819393,0.1258954444698801,0.17555366237476788,0.4429530201342282,25.0,15.0,14.0,36.0,13.0,14.0,45.0,17.0,17.0,-0.0010893793368724385,0.0002835702790198682,-0.00014845506464497354,-0.04208211789215177,-0.04484797070377855,-0.04606406509039651,"[2.88671875, 2.212890625, 0.2330322265625, 0.0401611328125, 3.814697265625e-05, 1.2705078125, 0.01294708251953125, 0.01422119140625, 7.5859375, 1.671875, 0.73486328125, 5.18359375, 0.01495361328125, 4.875, 0.61865234375, 6.48046875, 0.861328125, 8.859375, 0.43359375, 7.703125, 3.375, 2.771484375, 9.9140625, 1.6787109375, 9.0078125, 4.3046875, 1.4951171875, 0.80224609375, 2.59765625, 0.2457275390625, 1.462890625, 2.583984375, 0.06396484375, 2.107421875, 4.38671875, 0.00330352783203125, 0.92236328125, 4.984375, 6.7578125, 0.0004296302795410156, 7.37109375, 6.390625, 9.5546875, 2.669921875, 3.189453125, 1.3876953125, 0.71875, 2.9206275939941406e-05, 0.00013971328735351562, 0.0010862350463867188, 4.2319297790527344e-05, 0.0005021095275878906, 0.018463134765625, 5.93359375, 0.83251953125, 0.06317138671875, 0.38134765625, 7.8828125, 1.302734375, 6.0, 8.46875, 0.11669921875, 2.1640625, 3.04296875, 0.1329345703125, 0.6806640625, 2.53125, 5.03125, 5.26953125, 0.666015625, 0.70458984375, 9.8046875, 8.03125, 4.78515625, 6.328125, 3.017578125, 3.236328125, 0.0007176399230957031, 1.41015625, 2.646484375, 1.505859375, 4.703125, 3.2734375, 1.79296875, 6.0078125, 6.92578125, 0.0011234283447265625, 4.71484375, 3.587890625, 5.82421875, 1.7001953125, 2.07421875, 5.30859375, 1.115234375, 0.09063720703125, 4.50390625, 0.64208984375, 2.6328125, 0.10382080078125, 1.9169921875, 1.2958984375, 4.0390625, 1.068359375, 9.8359375, 2.9375, 1.703125, 3.283203125, 1.302734375, 6.8046875, 4.55859375, 3.74609375, 3.056640625, 10.375, 0.360107421875, 4.78515625, 1.0087890625, 2.5703125, 6.6875, 0.736328125, 0.0216064453125, 6.296875, 2.970703125, 0.0010881423950195312, 0.005931854248046875, 0.2132568359375, 7.46484375, 0.0665283203125, 1.380859375, 3.16015625, 7.73828125, 1.5869140625, 9.671875, 5.4375, 0.6455078125, 2.970703125, 5.52734375, 5.45703125, 5.23828125, 0.07275390625, 1.1787109375, 1.5048828125, 7.74609375, 0.0308990478515625, 0.6982421875, 3.646484375, 0.9580078125, 2.4437904357910156e-05, 0.00021946430206298828, 1.7523765563964844e-05, 2.5033950805664062e-06, 1.4066696166992188e-05, 2.3126602172851562e-05, 4.359375, 5.75, 6.33984375, 8.1953125, 0.509765625, 0.1597900390625, 0.89794921875, 0.17626953125, 3.5762786865234375e-07, 0.00013947486877441406, 9.059906005859375e-06, 1.0728836059570312e-06, 7.748603820800781e-06, 0.0009407997131347656, 4.26953125, 5.6015625, 1.7255859375, 0.74853515625, 0.826171875, 2.125, 11.359375, 3.845703125, 9.6328125, 3.837890625, 7.17578125, 0.08599853515625, 7.38671875, 8.2734375, 1.6298828125, 11.984375, 6.203125, 5.8828125, 9.3984375, 1.6826171875, 2.537109375, 4.35546875, 0.00820159912109375, 10.390625, 5.91796875, 2.26171875, 3.2578125, 8.4921875, 4.9140625, 6.34765625, 1.9189453125, 5.3203125, 1.0927734375, 6.71875, 4.60546875, 4.27734375, 8.125, 9.46875, 0.0011320114135742188, 1.3740234375, 5.12890625, 1.673828125, 2.330078125, 4.04296875, 4.20703125, 6.6796875, 9.8984375, 8.6875, 11.5546875, 2.642578125, 9.1796875, 10.3125, 2.7265625, 0.744140625, 0.00018203258514404297, 0.0001748800277709961, 2.0623207092285156e-05, 4.76837158203125e-07, 4.649162292480469e-06, 2.384185791015625e-06, 8.8671875, 0.603515625, 0.083251953125, 3.791015625, 2.968311309814453e-05, 0.0027828216552734375, 0.00011610984802246094, 1.1920928955078125e-06, 1.895427703857422e-05, 9.608268737792969e-05, 4.32421875, 5.3203125, 2.263671875, 0.1695556640625, 0.1927490234375, 9.375, 4.58203125, 7.109375, 0.398681640625, 6.87890625, 0.0096893310546875, 1.4736328125, 0.01230621337890625, 4.33203125, 1.51171875, 5.6015625, 7.296875, 0.221923828125, 0.055908203125, 1.5986328125, 0.002777099609375, 0.00018453598022460938, 6.9141387939453125e-06, 1.1920928955078125e-07, 4.649162292480469e-06, 9.5367431640625e-07, 12.3125, 8.0078125, 8.890625, 2.1796875, 0.546875, 8.21875, 3.724609375, 8.265625, 0.5537109375, 6.73828125, 2.662109375, 2.01953125, 2.32421875, 0.050567626953125, 8.1484375, 1.8642578125, 0.289794921875, 0.5263671875, 0.281494140625, 1.3330078125, 4.3359375, 5.23046875, 7.03515625, 0.26220703125, 4.515625, 4.875, 10.25, 0.0225982666015625, 6.1875, 0.005825042724609375, 2.681640625, 3.509765625, 2.96875, 0.7841796875, 1.7642974853515625e-05, 6.651878356933594e-05, 2.5033950805664062e-06, 1.1920928955078125e-07, 2.2649765014648438e-06, 9.5367431640625e-07, 5.07421875, 5.27734375, 0.50341796875, 0.203125, 0.85546875, 0.32421875, -0.0, 5.352497100830078e-05, 2.5033950805664062e-06, 3.5762786865234375e-07, 4.887580871582031e-06, 4.696846008300781e-05, 5.91015625, 2.841796875, 0.90283203125, 0.8212890625, 2.267578125, 10.53125, 1.580078125, 0.0117340087890625, 0.84619140625, 1.248046875, 1.6376953125, 1.3857421875, 7.76953125, 0.27685546875, 7.453125, 3.216796875, 1.2265625, 1.1920928955078125e-07, 6.42538070678711e-05, 2.5033950805664062e-06, 1.1920928955078125e-07, 2.86102294921875e-06, 7.748603820800781e-06, 2.685546875, 8.25, 0.437255859375, 0.2003173828125, 0.94970703125, 2.23828125, 0.00036978721618652344, 7.96875, 5.6640625, 0.0143890380859375, 0.10577392578125, 0.1414794921875, 0.297607421875, 2.1796875, 6.859375, 0.01068878173828125, 4.078125, 7.8515625, 1.12890625, 0.798828125, 4.375, 5.6171875, 4.8046875, 0.076416015625, 3.052734375, 3.337890625, 3.060546875, 2.671875, 2.337890625, 9.828125, 4.703125, 2.1953125, 2.7265625, 3.541015625, 4.95703125, 6.9921875, 1.001953125, 3.98828125, 2.373046875, 1.0830078125, 5.0703125, 5.5859375, 0.59375]",-0.9002585740465867
107,0,test,3.360249209487064,1.5108361421254812,2.0854494524446023,5.865162256559239,2.637095811709931,3.6400572260851245,28.796366312790607,22.440278480608452,25.218381440700295,50.26274847323452,39.16848607524385,44.01753851467688,3.598257177439167,1.5549122677544673,2.1974218950226723,6.150866969981482,2.6579696884691746,3.7562767436284994,36.53450576502331,28.81812910205842,32.475917145907154,62.45214660687746,49.261759148817816,55.514388283601974,3.360249209487064,1.5108361421254812,2.0854494524446023,5.865162256559239,2.637095811709931,3.6400572260851245,28.796366312790607,22.440278480608452,25.218381440700295,50.26274847323452,39.16848607524385,44.01753851467688,0.728643216080402,0.0036432160804019675,-0.006356783919598041,0.5879396984924623,-0.00706030150753767,-0.012060301507537674,0.48743718592964824,-0.007562814070351753,-0.007562814070351753,0.43205574912891986,0.10509922738978938,0.1782898163363359,0.37412587412587417,0.4371859296482412,0.10886512764322864,0.18009077105057847,0.3787878787878788,0.43205574912891986,0.10509922738978938,0.1782898163363359,0.37412587412587417,24.0,0.0,1.0,34.0,-1.0,-3.0,42.0,-1.0,-1.0,0.0004870875154952967,0.00030400325997810416,0.0001556284951403664,-0.00030112346023614123,0.00015012813114179124,1.7489102663859057e-06,"[6.91796875, 6.8984375, 8.734375, 4.87890625, 10.6953125, 3.60546875, 4.40234375, 5.69921875, 1.3154296875, 1.9736328125, 1.9912109375, 2.095703125, 2.50390625, 4.265625, 1.0595703125, 5.7265625, 4.05859375, 2.48046875, 2.791015625, 0.6875, 9.0703125, 5.58203125, 1.6484375, 9.25, 0.03729248046875, 6.1796875, 6.28125, 7.3984375, 3.9140625, 2.677734375, 8.9453125, 0.2122802734375, 0.15869140625, 4.34375, 0.0019207000732421875, 7.03125, 11.640625, 3.734375, 4.43359375, 6.2421875, 1.8994140625, 2.138671875, 0.1978759765625, 5.5, 0.055023193359375, 0.05364990234375, 0.023529052734375, 0.006366729736328125, 0.002010345458984375, 4.24609375, 0.85986328125, 3.73046875, 0.03033447265625, 4.8125, 7.63671875, 9.234375, 6.3671875, 0.1416015625, 1.5791015625, 4.72265625, 11.5234375, 5.94921875, 5.5390625, 1.3486328125, 3.28515625, 5.01953125, 0.79833984375, 0.4130859375, 4.1796875, 0.72412109375, 0.30224609375, 0.180419921875, 7.86328125, 2.94140625, 2.35546875, 4.88671875, 0.25830078125, 7.046875, 2.640625, 4.8046875, 0.7294921875, 2.259765625, 3.072265625, 0.1689453125, 2.583984375, 0.05328369140625, 5.76953125, 3.111328125, 8.953125, 7.5703125, 10.3828125, 0.1640625, 3.853515625, 3.5390625, 4.7890625, 1.486328125, 3.7421875, 0.000640869140625, 0.2364501953125, 0.021484375, 2.123046875, 3.234375, 0.2056884765625, 6.5078125, 0.8828125, 1.0830078125, 0.01160430908203125, 1.134765625, 6.82421875, 2.45703125, 6.47265625, 9.125, 3.064453125, 0.32470703125, 5.59765625, 0.04644775390625, 1.962890625, 1.7333984375, 2.498046875, 5.7109375, 12.7265625, 2.212890625, 0.982421875, 5.8671875, 4.28125, 6.0625, 8.078125, 1.3916015625, 0.24658203125, 3.046875, 0.036865234375, 0.66015625, 7.05078125, 0.6875, 1.6982421875, 4.30859375, 0.016204833984375, 0.826171875, 8.7578125, 3.056640625, 1.2919921875, 5.78125, 3.291015625, 1.955078125, 1.576171875, 1.572265625, 3.451171875, 0.032958984375, 0.87744140625, 8.78125, 0.037109375, 1.1796875, 2.599609375, 4.88671875, 6.984375, 8.75, 6.21875, 1.1923828125, 7.765625, 0.8759765625, 7.70703125, 6.59765625, 0.0322265625, 4.34765625, 12.140625, 2.47265625, 8.390625, 2.20703125, 0.56787109375, 2.078125, 8.8515625, 7.421875, 2.677734375, 4.3046875, 5.44921875, 2.8203125, 0.463134765625, 1.8203125, 0.01947021484375, 6.20703125, 1.248046875, 6.5859375, 7.5390625, 0.1292724609375, 3.224609375, 0.0135040283203125, 0.927734375, 9.2421875, 1.0322265625, 0.0176849365234375, 4.48828125, 3.71875, 5.140625, 0.004009246826171875, 4.83203125, 2.34375, 0.278564453125, 5.375, 9.109375, 3.650390625, 2.263671875, 2.03515625, 6.84765625, 1.7490234375, 2.427734375, 0.0791015625, 5.8359375, 1.4677734375, 2.474609375, 0.01190948486328125, 3.359375, 1.99609375, 1.755859375, 4.5078125, 3.65234375, 1.6845703125, 4.34375, 2.974609375, 1.1748046875, 3.513671875, 0.3017578125, 0.4228515625, 0.0033550262451171875, 4.04296875, 2.6328125, 0.148193359375, 0.01140594482421875, 0.296142578125, 0.0099945068359375, 1.263671875, 0.003917694091796875, 5.364418029785156e-06, 0.0121002197265625, 1.9073486328125e-05, 0.0001385211944580078, 0.342041015625, 4.734375, 0.0859375, 0.0308990478515625, 0.0267333984375, 5.233287811279297e-05, 12.75, 0.08148193359375, 4.62109375, 1.39453125, 0.83447265625, 0.99755859375, 7.4453125, 6.859375, 3.525390625, 10.4765625, 2.697265625, 5.78125, 0.081787109375, 1.3369140625, 4.734375, 2.3515625, 2.607421875, 4.9765625, 3.580078125, 5.1953125, 5.7421875, 4.859375, 0.0362548828125, 0.0032501220703125, 1.736328125, 3.154296875, 5.984375, 1.013671875, 4.18359375, 2.802734375, 0.1458740234375, 6.6953125, 0.32421875, 4.48046875, 2.521484375, 9.875, 4.84375, 4.6953125, 5.87109375, 0.04803466796875, 1.123046875, 4.80859375, 5.55859375, 0.5009765625, 1.4775390625, 4.12890625]",-0.8946150063637659
320,0,test,3.124492928788469,1.3457697634709784,1.865911544676143,5.624087271819244,2.422385574247761,3.3586407804170575,22.74835713147875,16.82606732753916,19.227933317318644,40.947042836661744,30.28692118957049,34.61027997117356,3.437780222701068,1.422258414325377,2.0182485758276703,5.288892650309335,2.1880898681928875,3.1049978089656465,31.117806845208058,23.613164500292214,26.98262358457251,47.87354899262778,36.32794538506494,41.51172859165002,3.124492928788469,1.3457697634709784,1.865911544676143,5.624087271819244,2.422385574247761,3.3586407804170575,22.74835713147875,16.82606732753916,19.227933317318644,40.947042836661744,30.28692118957049,34.61027997117356,0.728643216080402,-0.001356783919598037,0.0036432160804019675,0.5979899497487438,0.027989949748743692,0.007989949748743674,0.46733668341708545,-0.017663316582914534,0.0023366834170854833,0.42905405405405406,0.1137083542226881,0.17961585180686301,0.39322033898305087,0.4321608040201005,0.10634626767924837,0.16171005276801365,0.4191919191919192,0.42905405405405406,0.1137083542226881,0.17961585180686301,0.39322033898305087,19.0,9.0,8.0,29.0,5.0,4.0,40.0,9.0,9.0,0.0013181693421489293,0.00025503155388817807,0.00015982398755059026,-0.005039021798542542,-0.004128186727035299,-0.0042179925882201985,"[1.859375, 5.28125, 0.00511932373046875, 0.052032470703125, 4.68359375, 7.66796875, 1.66796875, 9.734375, 6.296875, 1.4580078125, 10.03125, 0.044464111328125, 6.8984375, 1.03515625, 0.77099609375, 0.6240234375, 4.09765625, 2.15625, 4.6875, 0.0848388671875, 5.015625, 6.5390625, 6.9609375, 0.06414794921875, 0.51171875, 5.56640625, 1.6357421875, 1.8037109375, 4.625, 4.41015625, 5.125, 5.20703125, 5.453125, 2.322265625, 15.3125, 7.109375, 3.626953125, 7.34375, 6.33984375, 0.131103515625, 3.1796875, 5.8515625, 3.85546875, 3.353515625, 0.7451171875, 1.3837890625, 9.578125, 4.28515625, 0.8984375, 0.1258544921875, 0.806640625, 1.63671875, 1.0966796875, 8.9453125, 1.482421875, 7.40234375, 0.2578125, 4.93359375, 2.47265625, 2.224609375, 2.28515625, 2.943359375, 1.5810546875, 8.203125, 0.0858154296875, 6.03125, 0.047119140625, 1.1259765625, 4.67578125, 7.1875, 2.873046875, 0.0208892822265625, 5.83984375, 3.369140625, 6.61328125, 2.625, 6.453125, 0.33740234375, 6.16796875, 0.476318359375, 7.71484375, 1.8203125, 3.130859375, 5.04296875, 0.6689453125, 4.41015625, 8.0859375, 4.16796875, 5.03515625, 0.6513671875, 12.515625, 2.6171875, 4.37109375, 0.265869140625, 4.22265625, 1.4267578125, 3.443359375, 0.78857421875, 3.732421875, 0.07855224609375, 5.79296875, 6.40625, 6.41015625, 1.0107421875, 1.9140625, 4.33984375, 3.376953125, 4.7734375, 0.623046875, 0.55322265625, 0.00021851062774658203, 1.091796875, 3.884765625, 3.919921875, 1.6689453125, 6.09765625, 2.115234375, 0.06561279296875, 6.61328125, 1.064453125, 6.97265625, 9.3984375, 2.93359375, 0.74365234375, 5.83203125, 1.0537109375, 0.45068359375, 0.473388671875, 3.208984375, 0.0016164779663085938, 0.0003142356872558594, 0.294921875, 0.046844482421875, 8.0234375, 4.421875, 8.171875, 8.4140625, 2.41015625, 7.40234375, 7.53515625, 7.33203125, 1.802734375, 2.6953125, 0.0017786026000976562, 2.00390625, 8.625, 2.2890625, 3.107421875, 9.8359375, 5.15625, 9.828125, 1.255859375, 2.197265625, 0.003124237060546875, 0.00035452842712402344, 1.6279296875, 0.029296875, 2.365234375, 0.0008554458618164062, 2.1796875, 4.85546875, 0.0122528076171875, 5.59375, 0.0078125, 0.0026760101318359375, 0.0112152099609375, 0.00433349609375, 2.572265625, 2.388671875, 5.06640625, 0.023590087890625, 2.224609375, 0.1844482421875, 2.609375, 0.53759765625, 2.486328125, 4.72265625, 2.173828125, 3.873046875, 0.052581787109375, 3.90234375, 0.4501953125, 4.01171875, 0.0086212158203125, 6.11328125, 1.67578125, 8.421875, 0.263916015625, 0.1441650390625, 8.5625, 6.58203125, 0.1451416015625, 9.4765625, 1.2509765625, 0.1419677734375, 4.0703125, 9.8828125, 1.53125, 1.1708984375, 0.71337890625, 0.66455078125, 3.734375, 2.30859375, 6.21484375, 0.63916015625, 2.75, 10.328125, 3.798828125, 4.375, 3.787109375, 3.00390625, 5.16015625, 4.44921875, 5.87890625, 0.01023101806640625, 0.640625, 1.2587890625, 0.00191497802734375, 0.0001399517059326172, 3.384765625, 0.035400390625, 3.54296875, 0.003978729248046875, 0.00016558170318603516, 0.97802734375, 0.0110321044921875, 5.6953125, 0.0164031982421875, 3.84375, 0.2393798828125, 4.58984375, 7.07421875, 3.77734375, 5.71484375, 0.032135009765625, 3.986328125, 6.50390625, 1.845703125, 0.8759765625, 3.142578125, 2.2734375, 4.703125, 9.0078125, 7.25390625, 0.7412109375, 1.740234375, 0.0015430450439453125, 0.00015091896057128906, 2.080078125, 0.033355712890625, 1.638671875, 0.0032634735107421875, 8.26120376586914e-05, 1.05078125, 0.033660888671875, 0.82958984375, 0.0093994140625, 9.262561798095703e-05, 0.2357177734375, 0.0182952880859375, 1.24609375, 0.004459381103515625, 4.220008850097656e-05, 0.0880126953125, 0.019073486328125, 2.9765625, 6.55859375, 0.200927734375, 2.841796875, 3.869140625, 8.09375, 0.0728759765625, 2.94921875, 2.763671875, 1.841796875, 2.705078125, 0.437255859375, 1.6728515625, 4.24609375, 2.474609375, 0.1707763671875, 1.9404296875, 4.078125, 9.109375, 2.01953125, 0.1566162109375, 5.83203125, 0.49169921875, 5.9609375, 0.11669921875, 3.439453125, 5.7734375, 3.109375, 3.943359375, 0.6142578125, 5.41796875]",-0.5614285017992997
313,0,test,3.0716879399199235,1.3280009553989,1.8215664665668527,5.478741647225594,2.368656674834295,3.2489928204847374,21.578294817713356,15.859906605965211,18.087527850836704,38.4876018678513,28.288137513563676,32.261380084825696,3.14008168479306,1.2539207201379605,1.797659057743644,4.6866890817806865,1.8715234628924788,2.6830732205129015,23.105754170386703,16.511748763267825,19.2774473306498,34.48620025430851,24.6444011392057,28.77230944873104,3.0148678176777817,1.3031146823453015,1.7851689973833071,5.415930211397213,2.340924579063416,3.2068904144610313,20.386396041273716,14.84773304437805,16.96619675473537,36.622268337617456,26.67257433121805,30.478197762997674,0.6482412060301508,0.008241206030150772,-0.0017587939698492372,0.5125628140703518,-0.012437185929648265,0.002562814070351749,0.4371859296482412,0.012185929648241167,-0.01781407035175875,0.41776315789473684,0.12548072768127216,0.17815703098007596,0.4158415841584159,0.42211055276381915,0.10130854775128784,0.1750320886569744,0.43939393939393945,0.4147157190635451,0.12256212974801917,0.17333640871871747,0.4093959731543624,21.0,10.0,9.0,33.0,9.0,8.0,38.0,6.0,4.0,0.0002572720568161653,-7.511468035170963e-05,6.696380545891695e-05,0.00048729044062767457,8.427820529455232e-05,-5.782855820246624e-05,"[1.859375, 5.28125, 0.00511932373046875, 0.052032470703125, 5.68359375, 0.580078125, 3.4453125, 6.82421875, 0.301025390625, 9.7265625, 1.4970703125, 0.01007843017578125, 0.0565185546875, 1.9921875, 1.71484375, 4.9140625, 5.65625, 1.0419921875, 1.78515625, 0.70166015625, 2.216796875, 7.6953125, 3.466796875, 0.1580810546875, 0.278564453125, 0.05609130859375, 0.0684814453125, 5.53125, 0.9404296875, 6.6015625, 3.83984375, 0.251220703125, 4.05859375, 6.703125, 3.939453125, 6.42578125, 1.2958984375, 6.9453125, 1.5654296875, 2.896484375, 0.003265380859375, 0.556640625, 0.0780029296875, 4.51171875, 0.148681640625, 3.158203125, 4.77734375, 4.76171875, 0.0163726806640625, 8.4765625, 5.3828125, 1.2998046875, 8.9140625, 0.92236328125, 7.59375, 0.151123046875, 5.25390625, 9.0625, 0.71728515625, 0.018768310546875, 0.57568359375, 1.21875, 4.0703125, 6.60546875, 0.07537841796875, 0.2274169921875, 2.279296875, 7.3515625, 0.3125, 6.09375, 0.283203125, 8.03125, 1.9013671875, 0.33984375, 5.25390625, 0.47802734375, 4.65625, 1.78125, 1.837890625, 7.01171875, 3.1484375, 0.442626953125, 1.263671875, 6.11328125, 5.5909156799316406e-05, 0.1458740234375, 0.09320068359375, 4.6875, 0.35107421875, 0.0080108642578125, 2.5859375, 7.671875, 6.77734375, 8.4609375, 2.205078125, 1.86328125, 11.953125, 2.802734375, 1.326171875, 9.1171875, 0.80615234375, 7.52734375, 0.423095703125, 1.6640625, 5.32421875, 8.078125, 5.296875, 0.0001976490020751953, 0.11029052734375, 0.440185546875, 7.07421875, 0.0011968612670898438, 0.037078857421875, 0.286376953125, 4.16015625, 5.93359375, 0.0794677734375, 3.802734375, 3.87890625, 4.83203125, 5.27734375, 3.412109375, 0.3828125, 0.218994140625, 1.755859375, 1.220703125, 7.5, 5.875, 0.1275634765625, 0.767578125, 5.33984375, 0.192626953125, 1.3916015625, 5.2109375, 0.00824737548828125, 0.0080108642578125, 14.015625, 2.716796875, 2.09375, 8.2421875, 8.1484375, 3.326171875, 7.2890625, 1.1005859375, 0.264892578125, 6.359375, 0.0025482177734375, 3.095703125, 0.0002956390380859375, 0.426513671875, 0.0703125, 2.244140625, 0.0006227493286132812, 0.1385498046875, 0.058746337890625, 4.58984375, 1.310546875, 1.36328125, 0.190185546875, 1.453125, 8.734375, 0.243408203125, 2.498046875, 7.78125, 10.3515625, 0.11224365234375, 1.4912109375, 0.6259765625, 2.37890625, 0.9716796875, 4.48046875, 4.4140625, 0.96826171875, 5.15625, 8.125, 1.0751953125, 0.05078125, 4.05859375, 4.12890625, 4.79296875, 3.99609375, 8.6875, 1.08984375, 5.88671875, 1.759765625, 0.5224609375, 7.4140625, 5.1484375, 0.53173828125, 8.78125, 0.6201171875, 0.061920166015625, 1.7412109375, 1.2861328125, 1.033203125, 7.09375, 4.6796875, 6.95703125, 5.85546875, 2.626953125, 0.80712890625, 8.828125, 0.00400543212890625, 0.0158233642578125, 3.376953125, 1.4296875, 3.201171875, 0.262451171875, 0.30712890625, 3.9375, 4.9375, 1.951171875, 0.8740234375, 0.0037994384765625, 5.81640625, 2.515625, 4.87890625, 9.65625, 2.8828125, 5.33203125, 2.8125, 0.2479248046875, 0.255615234375, 4.453125, 0.53857421875, 1.6923828125, 5.9609375, 0.2431640625, 6.25, 0.0005922317504882812, 3.44921875, 0.69091796875, 1.1025390625, 10.2265625, 2.974609375, 3.96875, 1.0693359375, 7.953125, 7.05859375, 3.81640625, 0.383544921875, 0.1956787109375, 4.5234375, 4.6875, 2.265625, 1.291015625, 6.1875, 0.0174560546875, 3.359375, 6.18359375, 8.058547973632812e-05, 0.77490234375, 0.0458984375, 1.767578125, 0.00034046173095703125, 0.049591064453125, 0.1246337890625, 1.193359375, 0.11309814453125, 0.05517578125, 5.11328125, 3.076171875, 0.708984375, 9.046875, 1.59765625, 0.6923828125, 6.4453125, 2.779296875, 6.19921875, 0.08111572265625, 5.85546875, 2.03515625, 3.861328125, 1.3837890625, 4.12890625, 2.078125, 10.1640625, 11.7890625, 0.070068359375, 3.0390625, 2.7734375, 1.638671875, 5.161762237548828e-05, 0.58984375, 0.048492431640625, 0.837890625, 0.0003972053527832031, 0.09600830078125, 0.0266571044921875, 2.150390625, 2.138671875, 0.007595062255859375, 0.021728515625, 6.65234375, 0.08880615234375, 9.6796875, 0.583984375, 4.4296875, 0.10369873046875, 7.40625, 5.0546875, 5.9296875, 2.36328125, 11.59375]",-0.986193415365721
140,0,test,3.294581610982011,1.4594339648943493,2.021852725312045,5.573709985702443,2.4690423926637277,3.4205316654251723,26.96612937697964,20.700070140707336,23.3955463845166,45.62078052132857,35.01998167640213,39.580136691613696,3.3446836315806787,1.4310488016292704,1.9888265942370342,5.351493810529086,2.289678082606833,3.1821225507792548,28.35160469529969,21.573924902372156,24.47151978558179,45.36256751247951,34.518279843795455,39.15443165693087,3.294581610982011,1.4594339648943493,2.021852725312045,5.573709985702443,2.4690423926637277,3.4205316654251723,26.96612937697964,20.700070140707336,23.3955463845166,45.62078052132857,35.01998167640213,39.580136691613696,0.7487437185929648,0.008743718592964855,0.008743718592964855,0.5829145728643217,-0.01708542713567829,-0.01708542713567829,0.4522613065326633,-0.0027386934673366836,-0.012738693467336692,0.41056910569105687,0.07791190487969779,0.13489343001538123,0.40816326530612246,0.42713567839195976,0.08878981373030559,0.15000713081266093,0.4292929292929293,0.41056910569105687,0.07791190487969779,0.13489343001538123,0.40816326530612246,27.0,6.0,5.0,39.0,6.0,6.0,51.0,10.0,12.0,-3.053849615834593e-05,6.238029480471091e-05,0.00014711347847596432,-1.699666395538202e-05,-9.033858156382024e-05,-0.00010696492421935488,"[9.9140625, 1.63671875, 1.3447265625, 3.25, 0.21533203125, 6.71875, 2.1796875, 1.189453125, 0.06805419921875, 4.7109375, 0.161376953125, 0.82080078125, 1.8505859375, 0.05474853515625, 3.325939178466797e-05, 0.0007796287536621094, 0.0012683868408203125, 1.8835067749023438e-05, 8.03125, 2.033203125, 0.375, 1.765625, 7.6796875, 1.5654296875, 5.1328125, 4.8671875, 0.004932403564453125, 6.74609375, 6.42578125, 2.66015625, 4.78515625, 0.003261566162109375, 10.015625, 5.0390625, 2.177734375, 1.5625, 4.89453125, 1.6611328125, 3.06640625, 0.884765625, 5.20703125, 9.71875, 0.35693359375, 2.9609375, 7.13671875, 1.951171875, 8.5546875, 1.25, 1.5166015625, 0.00580596923828125, 7.3515625, 9.0546875, 0.3515625, 9.2109375, 2.173828125, 6.1484375, 1.2607421875, 2.853515625, 2.0625, 0.344970703125, 3.80078125, 3.001953125, 4.99609375, 0.833984375, 0.82666015625, 4.171875, 8.265625, 4.98046875, 2.583984375, 2.134765625, 7.234375, 2.826171875, 0.56689453125, 4.92578125, 1.5927734375, 0.93505859375, 7.203125, 5.4453125, 0.1981201171875, 1.9716796875, 3.33984375, 2.228515625, 6.1328125, 5.53125, 1.3447265625, 4.37890625, 8.125, 2.19921875, 2.296875, 0.0153045654296875, 6.53125, 5.875, 2.640625, 7.1640625, 5.15234375, 2.509765625, 10.0, 5.2734375, 0.9306640625, 1.01953125, 4.83203125, 0.304931640625, 0.0765380859375, 1.9541015625, 4.09375, 0.491455078125, 0.64501953125, 3.001953125, 3.466796875, 0.05670166015625, 4.67578125, 5.89453125, 2.03125, 1.6416015625, 7.0078125, 0.52294921875, 2.2890625, 2.3984375, 2.02734375, 3.529296875, 4.953125, 2.556640625, 1.7978515625, 2.07421875, 6.65625, 4.078125, 1.388671875, 1.7421875, 8.2734375, 0.728515625, 3.056640625, 6.0078125, 0.050140380859375, 6.28125, 3.92578125, 3.623046875, 2.60546875, 7.3671875, 0.0007905960083007812, 2.2734375, 9.7578125, 0.043853759765625, 8.0625, 0.12939453125, 0.88818359375, 1.900390625, 0.5966796875, 4.125, 0.63818359375, 7.640625, 1.552734375, 1.3974609375, 3.939453125, 1.9326171875, 5.78515625, 2.89453125, 6.12890625, 5.03515625, 0.2017822265625, 2.9921875, 5.515625, 8.9765625, 4.03515625, 9.5078125, 1.1220703125, 0.01276397705078125, 0.8232421875, 6.5078125, 0.09844970703125, 6.2734375, 0.365966796875, 7.2734375, 2.3671875, 1.0634765625, 3.267578125, 4.265625, 6.33984375, 4.6328125, 4.3125, 0.59326171875, 0.0003638267517089844, 4.56640625, 3.943359375, 5.0859375, 1.7523765563964844e-05, 0.0007224082946777344, 0.1357421875, 0.380859375, 0.95458984375, 0.0005936622619628906, 2.41015625, 7.3671875, 8.3203125, 1.626953125, 8.84375, 0.81494140625, 3.958984375, 5.5703125, 0.8271484375, 7.8203125, 6.984375, 6.25390625, 1.3203125, 4.53125, 1.533203125, 5.46484375, 3.216796875, 1.591796875, 2.16796875, 0.49658203125, 0.90478515625, 3.326171875, 1.4228515625, 1.5400390625, 1.076171875, 1.7265625, 1.22265625, 2.767578125, 2.32421875, 5.80078125, 2.08984375, 6.07421875, 4.171875, 6.96484375, 4.34765625, 1.2099609375, 1.3037109375, 2.447265625, 2.072265625, 9.515625, 3.232421875, 4.609375, 2.380859375, 3.8359375, 2.376953125, 0.1153564453125, 0.00785064697265625, 0.6376953125, 5.9140625, 0.0033893585205078125, 0.7890625, 6.71484375, 0.2203369140625, 0.465576171875, 8.4453125, 2.689453125]",-0.7899992873029009
175,0,test,3.0618681425605314,1.3434407536355124,1.7884857093283237,5.675280850099571,2.490114932243601,3.3150214915328022,21.36743731858401,15.791684243673632,17.79452001760273,39.60530048444612,29.270445037516275,32.982771951819196,3.6200577625677215,1.5967891648023462,2.214875877205055,5.484936003890486,2.419377522427797,3.35587254121978,37.339724598133394,29.776719599809457,33.263456510788515,56.57534030020211,45.11624181789311,50.39917653149775,3.205929957105962,1.4168157580869263,1.9635436591066742,5.657523453716403,2.5002631025063407,3.4650770454823663,24.678439238490668,18.69428988587927,21.2145698035459,43.550186891454125,32.98992332802225,37.43747612390453,0.7587939698492463,0.0037939698492462925,0.008793969849246297,0.5879396984924623,-0.002060301507537776,-0.01706030150753768,0.46733668341708545,0.0023366834170854833,-0.002663316582914521,0.4098360655737705,0.0987855880840024,0.14981651523163952,0.3452054794520548,0.3869346733668342,0.06613266835430287,0.13150896385097444,0.3282828282828283,0.41137123745819393,0.10419260640644101,0.1699919271133663,0.33221476510067116,15.0,2.0,2.0,27.0,5.0,6.0,34.0,2.0,2.0,0.001142442218634796,0.00039371418577320284,0.0005563279440299323,-0.002095307526137624,-0.003652209126411954,-0.0032851324317721975,"[8.3046875, 9.1875, 8.2578125, 0.62890625, 3.275390625, 9.0625, 9.265625, 5.62109375, 3.373046875, 0.705078125, 6.12109375, 0.2269287109375, 2.25, 1.3623046875, 3.71875, 0.277099609375, 11.5625, 6.390625, 2.5546875, 3.50390625, 5.375, 1.974609375, 5.61328125, 3.19140625, 11.21875, 1.201171875, 9.5859375, 0.1611328125, 9.359375, 5.1484375, 7.98828125, 5.8984375, 1.3095703125, 0.00449371337890625, 11.7578125, 9.296875, 0.0428466796875, 2.60546875, 4.56640625, 3.552734375, 6.55078125, 5.59765625, 0.406005859375, 6.859375, 0.07177734375, 0.03924560546875, 0.029510498046875, 0.1466064453125, 4.640625, 1.087890625, 8.2265625, 1.5087890625, 9.5390625, 4.04296875, 6.97265625, 1.6416015625, 5.45703125, 2.638671875, 0.0124359130859375, 4.3125, 7.36328125, 7.62109375, 1.46875, 3.240234375, 8.3515625, 4.5390625, 5.3515625, 8.421875, 6.1640625, 1.0205078125, 2.07421875, 1.6689453125, 9.7421875, 1.26953125, 4.08203125, 2.4453125, 2.568359375, 10.765625, 6.0234375, 3.056640625, 2.642578125, 2.5703125, 2.373046875, 0.51953125, 6.296875, 0.055450439453125, 0.00875091552734375, 0.0465087890625, 5.13671875, 7.05859375, 5.859375, 0.62109375, 2.8125, 3.03515625, 4.30859375, 2.189453125, 0.3349609375, 0.00037670135498046875, 0.00345611572265625, 1.271484375, 0.212158203125, 0.0830078125, 0.0055084228515625, 1.328125, 0.6279296875, 13.40625, 0.00931549072265625, 2.5625, 1.0947265625, 2.837890625, 4.6953125, 1.2822265625, 0.255615234375, 9.375, 0.1378173828125, 1.9189453125, 1.9228515625, 0.1741943359375, 4.6875, 3.82421875, 0.350341796875, 3.505859375, 9.9921875, 0.78515625, 2.240234375, 1.6884765625, 3.427734375, 7.8046875, 1.2861328125, 0.6962890625, 0.35205078125, 7.19921875, 3.40234375, 6.375, 0.004909515380859375, 0.0215606689453125, 0.70849609375, 4.8046875, 4.58203125, 0.207763671875, 0.3642578125, 2.232421875, 1.5869140625, 4.62109375, 0.343505859375, 1.9775390625, 1.7783203125, 4.78515625, 19.125, 3.892578125, 8.703125, 0.1712646484375, 0.43798828125, 1.90625, 0.6689453125, 2.232421875, 5.37109375, 6.06640625, 1.8994140625, 8.015625, 1.373046875, 2.978515625, 1.130859375, 1.544921875, 0.51171875, 6.3359375, 6.328125, 6.921875, 7.0, 2.46484375, 4.7109375, 1.0595703125, 3.361328125, 3.3046875, 4.828125, 1.138671875, 9.15625, 2.1875, 2.908203125, 5.38671875, 4.6015625, 3.52734375, 2.857421875, 2.732421875, 4.84375, 1.458984375, 1.455078125, 10.875, 0.0330810546875, 0.053253173828125, 0.01629638671875, 0.31884765625, 1.16796875, 5.72265625, 2.541015625, 2.099609375, 3.326171875, 2.35546875, 1.083984375, 0.50146484375, 9.65625, 3.775390625, 0.849609375, 0.04193115234375, 0.0631103515625, 0.00043654441833496094, 0.0014982223510742188, 0.82470703125, 0.0206756591796875, 5.48046875, 0.365478515625, 4.0390625, 0.00803375244140625, 0.0190887451171875, 0.0031890869140625, 0.318603515625, 3.55859375, 1.9365234375, 0.460205078125, 4.0703125, 4.91015625, 0.06231689453125, 7.56640625, 5.3359375, 0.03717041015625, 5.89453125, 0.00278472900390625, 1.3310546875, 6.7734375, 5.6875, 2.423828125, 6.78515625, 2.673828125, 1.0576171875, 5.9921875, 8.109375, 1.380859375, 1.2783203125, 7.04296875, 3.27734375, 7.8671875, 0.52685546875, 1.4619140625, 6.13671875, 0.396240234375, 0.019287109375, 2.75, 3.857421875, 2.240234375, 2.259765625, 1.9208984375, 0.61865234375, 0.0210418701171875, 0.0037822723388671875, 0.00783538818359375, 8.106231689453125e-05, 0.0004284381866455078, 4.30078125, 0.0213623046875, 4.92578125, 0.06292724609375, 0.019378662109375, 0.0077056884765625, 0.133544921875, 0.83837890625, 3.8046875, 0.0070343017578125, 4.9296875, 2.361328125, 0.43798828125, 5.22265625, 5.84375, 6.859375, 5.37890625, 3.140625, 7.70703125, 0.99609375, 2.080078125, 0.276123046875, 0.318359375, 2.658203125, 1.3447265625, 7.05078125, 0.76708984375, 2.337890625, 4.4453125, 2.15234375, 0.1331787109375, 1.6259765625, 2.259765625, 3.935546875, 0.1536865234375, 1.6455078125, 5.16796875, 0.2349853515625, 1.3173828125, 0.005901336669921875, 0.01059722900390625, 0.0031280517578125, 2.1328125, 1.0966796875, 3.97265625, 3.853515625, 0.332275390625, 0.31884765625, 6.6875, 2.7421875, 5.54296875, 2.728515625, 4.9296875, 0.332763671875, 0.3486328125, 5.6015625, 2.005859375, 1.1435546875, 0.4189453125, 0.0018949508666992188, 0.009918212890625, 2.86102294921875e-05, 0.0006413459777832031, 0.08740234375, 0.0223236083984375, 1.9423828125, 0.0026531219482421875, 6.984375, 4.859375, 6.95703125, 1.08984375, 0.36767578125, 0.003841400146484375, 0.01044464111328125, 0.0018377304077148438, 0.69775390625, 4.06640625, 2.234375, 0.00405120849609375, 6.54296875, 0.313720703125, 7.15234375, 4.1640625, 4.6796875, 5.53515625, 0.37646484375, 0.01922607421875, 0.53125, 5.96484375, 3.49609375, 0.217041015625, 0.1802978515625, 4.1640625, 3.341796875, 0.0128936767578125, 0.31103515625, 6.2578125, 0.01495361328125, 0.218017578125, 3.146484375, 2.98046875, 4.9609375, 0.03399658203125, 3.396484375, 7.03515625, 0.75048828125, 6.71875, 2.533203125, 0.007762908935546875]",-0.5215411668266756
264,0,test,3.4779686486432295,1.5150700263264179,2.1391451518279796,5.796614414405383,2.52511671054403,3.565241919713299,32.39385190076987,25.27391671459722,28.57929887020338,53.98975316794978,42.1231945243287,47.6321647836723,3.4915653329398766,1.392054748082347,2.011835243898729,5.330634096091415,2.125274424553202,3.0715041891583645,32.83730881827441,24.675134575067656,28.445548681533694,50.13329590576245,37.67196118330939,43.42831859776136,3.4779686486432295,1.5150700263264179,2.1391451518279796,5.796614414405383,2.52511671054403,3.565241919713299,32.39385190076987,25.27391671459722,28.57929887020338,53.98975316794978,42.1231945243287,47.6321647836723,0.7537688442211055,0.0037688442211054607,0.0037688442211054607,0.5778894472361809,-0.007110552763819111,-0.022110552763819125,0.4623115577889447,-0.02268844221105526,-0.02268844221105526,0.4325259515570934,0.11819089110804326,0.17936139459506806,0.39583333333333337,0.4120603015075377,0.07622070251004398,0.13994010117364786,0.3939393939393939,0.4325259515570934,0.11819089110804326,0.17936139459506806,0.39583333333333337,20.0,8.0,7.0,32.0,9.0,8.0,40.0,9.0,7.0,0.00038521596294830525,0.00030368273405133046,0.00014898611984946218,-0.0003149833039568506,0.00014238108104080993,-5.260203672641239e-06,"[5.80078125, 0.61572265625, 7.390625, 4.46484375, 1.208984375, 0.0310516357421875, 3.3359375, 5.27734375, 0.970703125, 5.06640625, 10.25, 7.90234375, 5.1171875, 9.0703125, 3.115234375, 1.396484375, 1.4140625, 5.19921875, 0.047943115234375, 5.44921875, 4.0546875, 1.337890625, 0.051788330078125, 4.88671875, 0.2135009765625, 1.3916015625, 8.0546875, 5.1953125, 2.2265625, 6.71484375, 3.703125, 1.4013671875, 0.48876953125, 8.4453125, 8.546875, 1.7275390625, 9.109375, 0.044464111328125, 1.2294921875, 8.734375, 1.41796875, 4.30078125, 0.034027099609375, 1.34765625, 3.482421875, 1.0361328125, 4.5546875, 10.171875, 3.326171875, 1.5654296875, 2.76953125, 1.693359375, 3.564453125, 7.30859375, 8.5859375, 1.66015625, 7.625, 2.169921875, 5.00390625, 5.296875, 9.921875, 0.8203125, 2.740234375, 0.03411865234375, 1.5673828125, 0.88330078125, 3.865234375, 6.21875, 6.921875, 1.2626953125, 2.80078125, 3.099609375, 7.7734375, 3.5234375, 3.10546875, 9.28125, 5.1796875, 0.8720703125, 0.85107421875, 5.23046875, 2.021484375, 5.51953125, 0.010894775390625, 2.630859375, 0.0028533935546875, 2.134765625, 4.1875, 5.69921875, 3.69921875, 0.8818359375, 9.609375, 1.419921875, 4.52734375, 0.0269622802734375, 3.642578125, 5.53515625, 1.583984375, 9.9140625, 0.060516357421875, 0.01499176025390625, 0.1591796875, 6.29296875, 0.279541015625, 6.5078125, 10.359375, 1.91796875, 0.1619873046875, 5.5859375, 1.4306640625, 4.51953125, 0.00864410400390625, 0.150634765625, 7.56640625, 2.734375, 0.24072265625, 0.3896484375, 12.0234375, 0.09283447265625, 1.4814453125, 0.070068359375, 1.107421875, 0.001819610595703125, 3.48828125, 2.2734375, 1.0728836059570312e-06, 0.50537109375, 0.397705078125, 3.935546875, 0.05255126953125, 4.6015625, 6.74609375, 6.62109375, 5.890625, 6.28515625, 9.171875, 0.591796875, 7.21484375, 4.91015625, 7.4765625, 1.5244140625, 2.822265625, 5.65625, 2.66015625, 6.77734375, 3.994140625, 2.462890625, 7.03125, 4.89453125, 5.55859375, 1.0673828125, 1.8671875, 1.75390625, 2.25, 0.0012788772583007812, 1.8818359375, 4.90625, 4.09375, 0.2392578125, 10.296875, 5.2265625, 2.552734375, 5.8828125, 4.35546875, 1.66015625, 2.962890625, 3.037109375, 1.7041015625, 2.669921875, 3.509765625, 4.4609375, 1.041015625, 2.142578125, 3.78515625, 5.1953125, 0.9326171875, 0.259765625, 0.183837890625, 3.9296875, 14.4296875, 0.0292510986328125, 0.07781982421875, 0.0171051025390625, 0.251220703125, 3.556640625, 2.892578125, 7.6796875, 0.19482421875, 1.1943359375, 1.82421875, 4.0625, 6.796875, 0.7763671875, 1.0341796875, 1.0556640625, 0.0009813308715820312, 1.130859375, 0.400634765625, 2.2109375, 11.734375, 1.3759765625, 3.744140625, 4.89453125, 5.20703125, 4.6875, 5.00390625, 13.7578125, 0.1658935546875, 0.01013946533203125, 0.0034999847412109375, 9.1796875, 2.08984375, 7.1015625, 0.448974609375, 3.30078125, 3.0234375, 1.46875, 2.392578125, 0.09515380859375, 4.93359375, 1.3017578125, 0.6103515625, 3.416015625, 2.7578125, 5.42578125, 6.0390625, 5.18359375, 2.328125, 7.1796875, 0.22216796875, 1.9150390625, 7.1875, 0.10675048828125, 8.421875, 1.2041015625, 10.6484375, 1.0302734375, 3.080078125, 3.04296875, 0.12408447265625, 1.8857421875, 4.32421875, 3.2265625, 4.26953125, 0.224365234375, 1.6279296875, 1.2900390625, 0.0025177001953125, 2.107421875, 10.6640625, 9.6015625, 4.67578125, 8.71875, 0.76806640625, 4.765625, 6.40234375, 10.5, 0.6923828125, 0.77587890625, 4.25, 0.419677734375, 1.634765625, 0.22900390625, 3.240234375, 7.37890625, 6.2265625, 5.6875, 1.087890625, 6.70703125, 0.05596923828125, 1.1123046875, 0.392822265625, 0.0697021484375, 0.173095703125, 1.5341796875, 1.3466796875, 2.640625, 10.9453125, 0.38037109375, 0.517578125, 0.0084991455078125, 0.03570556640625, 8.8515625, 2.228515625, 3.94921875, 5.30859375, 9.1875, 0.32177734375, 0.0051422119140625, 0.0716552734375]",-0.8932729208758134
334,0,test,3.30762329476851,1.4720794521295568,1.9950789041175199,5.717965802126414,2.5448182018197127,3.4489395948840107,27.32011638524886,21.05157406605499,23.60450071237002,47.22892460215893,36.39234878440358,40.805652827235406,3.2879096251636293,1.40498084143138,1.9315651275020707,5.058322500251737,2.1615089868175077,2.971638657695493,26.78681061551979,20.214083820196628,22.904833857315193,41.210477870030445,31.098590492610192,35.23820593433106,3.261553351695721,1.4219472606389993,1.9675130549841549,5.5280565282978325,2.410080102777965,3.3347678898036524,26.090032678973888,19.79597419224524,22.442538896873646,44.220394371142184,33.55249863092414,38.03820152012483,0.6231155778894473,-0.01188442211055274,-0.01188442211055274,0.5376884422110553,0.01268844221105525,0.017688442211055255,0.4120603015075377,-0.0029396984924623393,-0.007939698492462344,0.41666666666666663,0.11004108885464814,0.17539356605065015,0.4148606811145511,0.40703517587939697,0.11129582750846967,0.17331230442697632,0.4040404040404041,0.4147157190635451,0.11755378250261017,0.17556110282327808,0.4093959731543624,25.0,2.0,2.0,33.0,1.0,1.0,44.0,4.0,3.0,0.00031066185656538774,-9.169830197768465e-05,2.946603457439107e-05,-0.0028118272208352835,-0.004236645428426833,-0.0043161201833461504,"[2.88671875, 1.2119140625, 0.349609375, 0.021087646484375, 0.0001302957534790039, 1.0205078125, 0.00885009765625, 0.0287628173828125, 8.625, 0.0340576171875, 9.484375, 2.798828125, 11.0078125, 6.62890625, 0.12841796875, 6.35546875, 1.685546875, 4.4296875, 8.75, 0.68701171875, 4.24609375, 6.67578125, 2.625, 13.671875, 0.42578125, 0.9697265625, 2.060546875, 3.955078125, 8.9296875, 0.0180206298828125, 1.3212890625, 0.135009765625, 0.364013671875, 0.36865234375, 0.0021190643310546875, 4.328125, 1.0654296875, 8.8203125, 0.30078125, 7.48046875, 0.0902099609375, 7.91796875, 2.8828125, 6.1640625, 0.06439208984375, 5.75390625, 7.39453125, 1.0615234375, 0.270263671875, 6.484375, 0.5849609375, 2.884765625, 0.47412109375, 2.84765625, 2.173828125, 1.0400390625, 8.2890625, 0.63671875, 4.24609375, 9.1171875, 0.720703125, 3.388671875, 2.185546875, 4.28125, 4.87890625, 7.66015625, 7.1875, 0.216064453125, 7.5078125, 5.953125, 3.20703125, 8.640625, 6.453125, 2.248046875, 2.431640625, 6.75390625, 1.107421875, 2.732421875, 0.0330810546875, 0.52392578125, 9.84375, 1.0263671875, 5.27734375, 0.432861328125, 3.16796875, 1.7998046875, 5.15234375, 9.875, 3.93359375, 7.0, 0.90087890625, 3.85546875, 2.185546875, 8.65625, 4.78125, 7.19921875, 6.3125, 0.038848876953125, 1.931640625, 5.81640625, 2.306640625, 5.21875, 0.0548095703125, 2.7734375, 8.0, 6.73046875, 5.9375, 4.40234375, 2.916015625, 0.052001953125, 4.07421875, 1.5185546875, 9.4140625, 3.57421875, 0.0016689300537109375, 0.0090484619140625, 0.0061187744140625, 2.9802322387695312e-06, 5.6796875, 1.4013671875, 5.8046875, 0.0033550262451171875, 9.890625, 7.54296875, 3.80859375, 0.64990234375, 1.76953125, 0.0004887580871582031, 4.4609375, 0.45458984375, 9.109375, 0.381591796875, 0.349609375, 0.0452880859375, 1.4990234375, 0.50341796875, 4.5546875, 1.2060546875, 6.828125, 2.6953125, 0.0755615234375, 4.12890625, 3.43359375, 1.1220703125, 0.333251953125, 0.018524169921875, 0.02337646484375, 1.89453125, 10.90625, 4.0625, 1.5087890625, 6.09375, 7.515625, 8.2421875, 1.3203125, 0.89111328125, 0.036834716796875, 0.17626953125, 1.185546875, 5.08203125, 3.4296875, 0.98486328125, 0.0166015625, 0.00269317626953125, 0.1329345703125, 6.19140625, 6.16796875, 0.90576171875, 6.66015625, 1.25390625, 6.890625, 4.2734375, 0.77197265625, 0.049591064453125, 0.068603515625, 7.046875, 0.431640625, 0.80908203125, 0.049560546875, 0.059234619140625, 7.88671875, 2.048828125, 0.1380615234375, 0.10894775390625, 0.2113037109375, 0.059112548828125, 8.140625, 2.517578125, 1.1005859375, 0.227294921875, 2.19921875, 0.0416259765625, 0.0211029052734375, 0.0657958984375, 9.109375, 2.529296875, 11.40625, 0.6162109375, 0.80517578125, 2.30078125, 0.7890625, 1.041015625, 0.0006818771362304688, 6.1796875, 0.18359375, 4.41015625, 6.7265625, 5.8984375, 0.035614013671875, 0.48681640625, 0.034423828125, 1.318359375, 0.3935546875, 1.7998046875, 5.43359375, 2.599609375, 9.28125, 4.0625, 2.931640625, 0.00623321533203125, 2.1953125, 7.734375, 6.65625, 3.140625, 8.3359375, 6.56640625, 1.6552734375, 2.8515625, 2.837890625, 4.24609375, 4.55078125, 6.76171875, 6.09765625, 2.794921875, 2.015625, 0.271728515625, 0.302490234375, 0.08203125, 1.662109375, 9.5, 6.08984375, 0.10455322265625, 10.1171875, 0.0377197265625, 3.509765625, 0.407470703125, 10.5390625, 2.259765625, 4.80078125, 4.5546875, 0.1611328125, 2.83203125, 3.322265625, 4.32421875, 2.330078125, 0.2171630859375, 0.003093719482421875, 0.0015153884887695312, 0.052520751953125, 10.46875, 2.833984375, 2.689453125, 1.7762184143066406e-05, 3.630859375, 1.6962890625, 4.30859375, 8.3984375, 2.59375, 4.79296875, 4.8828125, 0.79296875, 2.046875, 5.53515625, 2.94921875, 5.85546875, 4.6875, 3.6875, 1.5078125, 2.31640625, 3.431640625, 0.6396484375, 2.826171875, 6.31640625, 0.06536865234375, 0.0170440673828125, 0.006778717041015625, 1.8017578125, 0.0005202293395996094, 0.020416259765625, 0.00957489013671875, 3.933906555175781e-06, 4.125, 0.9931640625, 2.953125, 11.859375, 9.859375, 0.32470703125, 10.1796875, 5.65625, 0.23486328125, 3.5546875, 2.677734375, 0.1324462890625, 3.861328125, 4.6953125, 3.12890625, 3.544921875, 11.046875, 10.0859375, 1.9365234375, 8.546875, 0.0280914306640625, 0.84130859375, 1.1801719665527344e-05, 3.349609375, 2.10546875, 2.38671875, 8.2265625, 2.08984375, 4.21484375, 4.16015625, 4.109375, 6.58203125, 0.8388671875]",-0.8301444969795369
367,0,test,3.4685008886555466,1.5357164527176896,2.118195560900736,5.517147612364378,2.4427770475977284,3.369293523771931,32.088601982552596,25.17988160878067,28.229998492956362,51.04151894300764,40.05220934262188,44.90385725195398,3.5835920793926297,1.4959165772656537,2.112441182011527,5.309025302803896,2.216172707060228,3.129542491868929,36.002633170009794,27.936489548150156,31.648389624086214,53.33723432594043,41.38739192318541,46.88650314679438,3.4685008886555466,1.5357164527176896,2.118195560900736,5.517147612364378,2.4427770475977284,3.369293523771931,32.088601982552596,25.17988160878067,28.229998492956362,51.04151894300764,40.05220934262188,44.90385725195398,0.7688442211055276,0.008844221105527628,0.003844221105527623,0.6381909547738693,-0.0018090452261306789,-0.0018090452261306789,0.5125628140703518,0.007562814070351753,-0.0024371859296482556,0.4391143911439115,0.1020978165582761,0.15567880832182557,0.4444444444444444,0.44221105527638194,0.08882759662976536,0.145049118715447,0.46464646464646464,0.4391143911439115,0.1020978165582761,0.15567880832182557,0.4444444444444444,24.0,10.0,9.0,37.0,9.0,8.0,49.0,13.0,12.0,0.00034175222267886977,8.704195835271261e-05,-2.8116254054097458e-05,-0.00019024471046957814,0.00021210453193631906,5.782182176528039e-05,"[1.859375, 5.28125, 0.00511932373046875, 0.052032470703125, 1.68359375, 5.0078125, 3.703125, 0.05902099609375, 1.673828125, 11.34375, 0.7109375, 0.1392822265625, 0.01030731201171875, 0.62646484375, 1.39453125, 6.75390625, 6.890625, 2.583984375, 6.45703125, 2.083984375, 4.62890625, 1.4375, 1.828125, 2.880859375, 2.591796875, 4.3984375, 0.47998046875, 5.1171875, 4.81640625, 0.002285003662109375, 3.5546875, 5.37890625, 3.458984375, 3.072265625, 1.865234375, 5.796875, 1.921875, 5.76953125, 7.08203125, 2.419921875, 5.78125, 0.626953125, 6.90234375, 2.494140625, 5.90625, 4.41796875, 0.87158203125, 0.998046875, 3.16015625, 0.005733489990234375, 1.9951171875, 4.66796875, 5.90234375, 0.9814453125, 6.21484375, 0.1376953125, 3.568359375, 4.40625, 0.05584716796875, 7.37890625, 0.0222930908203125, 6.9140625, 6.11328125, 2.9140625, 0.59765625, 4.71484375, 4.78125, 3.23046875, 7.6875, 1.4853515625, 2.55859375, 9.859375, 0.67578125, 0.91845703125, 0.0005054473876953125, 0.5126953125, 13.1796875, 1.869140625, 5.68359375, 3.908203125, 4.49609375, 5.734375, 5.79296875, 0.443115234375, 1.453125, 5.8046875, 2.486328125, 1.7783203125, 4.02734375, 1.0078125, 3.734375, 0.00511932373046875, 9.3125, 1.078125, 2.623046875, 4.34375, 8.2265625, 1.1865234375, 7.0, 1.6044921875, 1.693359375, 4.25390625, 1.1298828125, 6.21484375, 1.419921875, 2.892578125, 7.71484375, 4.3203125, 1.10546875, 2.494140625, 1.40625, 9.375, 9.671875, 2.5546875, 6.47265625, 9.5234375, 2.048828125, 6.65234375, 3.322265625, 1.8154296875, 7.046875, 2.9609375, 2.93359375, 3.265625, 5.95703125, 3.1015625, 0.01078033447265625, 0.2037353515625, 0.0626220703125, 6.5390625, 0.7734375, 4.5390625, 2.7578125, 3.517578125, 4.10546875, 4.703125, 0.025299072265625, 1.0576171875, 5.046875, 6.53515625, 2.65234375, 2.423828125, 9.6015625, 7.359375, 4.53515625, 6.5703125, 5.4609375, 5.13671875, 1.3681640625, 6.453125, 5.5859375, 6.203125, 2.744140625, 1.623046875, 9.671875, 6.4921875, 3.17578125, 0.470703125, 7.33203125, 4.71484375, 0.798828125, 5.0546875, 8.03125, 0.2144775390625, 0.7939453125, 1.568359375, 0.006221771240234375, 0.1805419921875, 0.04351806640625, 4.9765625, 7.28515625, 0.9677734375, 0.72412109375, 8.171875, 3.626953125, 2.37890625, 1.345703125, 5.109375, 0.21337890625, 2.033203125, 2.21875, 0.62060546875, 1.7685546875, 3.189453125, 2.2265625, 3.39453125, 0.031890869140625, 7.78515625, 7.64453125, 3.20703125, 10.21875, 4.46875, 2.599609375, 3.4609375, 5.12890625, 0.406982421875, 0.1456298828125, 1.23828125, 2.09375, 7.58984375, 0.1544189453125, 2.16796875, 1.3212890625, 2.77734375, 4.14453125, 4.82421875, 2.669921875, 0.1513671875, 2.455078125, 2.6640625, 2.66796875, 0.84130859375, 0.9345703125, 5.5703125, 0.204345703125, 5.69140625, 1.369140625, 4.21875, 4.91796875, 6.890625, 7.234375, 3.12109375, 6.2734375, 3.22265625, 3.30859375, 9.5859375, 4.5546875, 3.896484375, 0.0040283203125, 0.194580078125, 0.045654296875, 1.21875, 0.0019893646240234375, 2.84765625, 6.828125, 4.69140625, 0.076171875, 1.4951171875, 4.6875, 0.01763916015625, 10.78125, 0.157958984375, 0.0234222412109375, 0.051727294921875, 0.08013916015625, 5.3046875, 0.319091796875, 6.6875, 0.1353759765625, 4.28515625, 0.0007014274597167969, 1.5478515625, 5.09765625, 0.80029296875, 6.921875, 0.441162109375, 5.15234375, 9.6015625, 0.83837890625, 4.1484375, 5.984375, 0.272216796875, 0.1351318359375, 4.73046875, 1.349609375, 5.35546875, 6.984375, 1.2841796875, 7.1328125, 2.369140625, 5.22265625]",-1.0789205667277542
332,0,test,3.8647289959137128,1.7642176362110824,2.430555215269279,6.52606932244112,2.9790980443803905,4.104290842550519,47.69034640251279,39.51999957186424,43.4941697886928,80.53100410484195,66.73437053452525,73.44524479288245,4.01391029657431,1.7345515806349674,2.458870454513221,6.128107323014214,2.648170352114454,3.7540006939133144,55.3629333419759,45.59252055188276,50.62765815745162,84.52356235416168,69.60690160592787,77.29413459152919,3.8815535209357104,1.7743224555430044,2.448386150681239,6.554479598226768,2.996161272234295,4.134400565821014,48.49950156768644,40.27406753333786,44.30754590524778,81.89736192866812,68.00770685270227,74.81873021125674,0.7989949748743719,-0.006005025125628061,-0.0010050251256281673,0.6733668341708543,-0.011633165829145753,-0.0066331658291456375,0.5376884422110553,-0.007311557788944656,0.002688442211055353,0.4412811387900356,0.10202714234243349,0.17855924529891132,0.4107142857142857,0.44723618090452266,0.10889031624286849,0.17511598057063282,0.4242424242424242,0.43772241992882566,0.10379702028406546,0.16908336667438784,0.4107142857142857,29.0,13.0,11.0,42.0,14.0,13.0,49.0,13.0,12.0,0.0004589188023838523,0.000489852003214682,0.00015778343922417414,-0.00025954392907312496,0.0001733692814402943,2.277625207813827e-05,"[4.33203125, 7.62890625, 1.2060546875, 7.5, 6.6484375, 4.05859375, 2.15234375, 5.52734375, 0.52783203125, 7.3828125, 3.255859375, 2.51953125, 2.255859375, 0.008575439453125, 2.275390625, 1.8046875, 4.5234375, 10.203125, 1.916015625, 1.0546875, 5.34375, 9.328125, 4.12890625, 2.7109375, 1.1962890625, 6.1328125, 6.66796875, 8.921875, 2.287109375, 6.89453125, 0.05206298828125, 10.53125, 5.33203125, 1.6181640625, 4.01171875, 9.046875, 1.248046875, 4.30859375, 6.77734375, 1.4755859375, 1.3876953125, 3.3984375, 11.3984375, 5.06640625, 11.625, 2.9296875, 1.7451171875, 11.125, 3.123046875, 7.375, 3.7421875, 3.671875, 3.71875, 2.078125, 4.8046875, 6.80859375, 2.283203125, 6.2578125, 0.314697265625, 0.038055419921875, 8.5625, 9.2421875, 1.0830078125, 6.0, 2.5078125, 1.0537109375, 4.8125, 5.86328125, 9.9609375, 10.21875, 0.269775390625, 0.7392578125, 4.09765625, 5.14453125, 1.466796875, 8.671875, 9.3046875, 7.3125, 0.5322265625, 5.34375, 0.0545654296875, 7.88671875, 0.56298828125, 0.28369140625, 7.80859375, 6.88671875, 0.01422119140625, 3.3828125, 1.919269561767578e-05, 0.2919921875, 0.426513671875, 1.9912109375, 7.75390625, 6.90625, 5.58984375, 2.076171875, 7.95703125, 0.2340087890625, 2.646484375, 4.75, 2.720703125, 1.744140625, 8.28125, 5.125, 2.57421875, 1.619140625, 0.54541015625, 4.8125, 0.040863037109375, 3.134765625, 6.296875, 7.42578125, 2.685546875, 0.76220703125, 9.1875, 0.15478515625, 2.02734375, 3.908203125, 2.20703125, 1.255859375, 2.84375, 2.2734375, 2.625, 0.026214599609375, 8.5234375, 5.26953125, 7.91796875, 0.037872314453125, 5.19921875, 1.234375, 0.06756591796875, 2.140625, 1.3359375, 5.24609375, 5.60546875, 7.7734375, 2.421875, 4.71484375, 4.64453125, 7.25390625, 6.80859375, 0.0247650146484375, 1.7412109375, 3.970703125, 2.10546875, 6.984375, 0.344970703125, 2.22265625, 8.3828125, 3.396484375, 0.96240234375, 1.654296875, 3.732421875, 0.0513916015625, 0.0036773681640625, 8.765625, 0.5712890625, 0.59765625, 3.98046875, 3.765625, 9.75, 0.1519775390625, 2.744140625, 7.125, 2.109375, 3.1796875, 4.27734375, 6.2265625, 0.420654296875, 6.8203125, 6.5078125, 1.7138671875, 2.89453125, 5.77734375, 0.1253662109375, 1.732421875, 5.1640625, 7.05078125, 0.8466796875, 4.15234375, 0.5556640625, 5.296875, 0.54833984375, 0.06256103515625, 1.333984375, 9.3515625, 1.1484375, 9.140625, 1.7900390625, 10.1484375, 10.3359375, 5.46875, 0.322265625, 2.029296875, 4.50390625, 1.5615234375, 2.5703125, 0.69091796875, 6.61328125, 1.1640625, 0.0118560791015625, 3.017578125, 3.470703125, 2.091796875, 1.7119140625, 5.51953125, 3.27734375, 5.69140625, 7.72265625, 11.7890625, 2.466796875, 4.42578125, 1.5927734375, 0.392578125, 10.4375, 1.3896484375, 1.216796875, 6.18359375, 3.28515625, 0.005863189697265625, 0.36865234375, 1.5439453125, 0.00788116455078125, 2.138671875, 3.560546875, 9.4453125, 3.3828125, 1.283203125, 0.66552734375, 5.53125, 2.841796875, 1.060546875, 4.42578125, 5.12109375, 0.84521484375, 1.4677734375, 0.0018463134765625, 5.67578125, 5.96875, 0.017852783203125, 6.12890625, 8.296875, 0.283935546875, 0.134765625, 2.244140625, 8.046875, 0.7646484375, 2.44140625, 6.57421875, 3.474609375, 4.1875, 0.0025653839111328125, 0.5830078125, 1.52734375, 13.0625, 7.828125, 1.4921875, 4.48828125, 10.4375, 1.0615234375, 4.10546875, 4.27734375, 2.59375, 4.5703125, 1.21875, 0.0041656494140625, 6.96875, 8.4453125, 1.6015625, 1.12109375, 2.76171875, 8.8828125, 1.220703125, 2.623046875, 4.59765625, 4.53125, 2.681640625, 8.203125, 6.8359375, 0.10528564453125, 0.0067138671875]",-0.8010200771148517
359,0,test,3.5710500946044923,1.507644137077941,2.1179404480317805,6.5425808302607855,2.762180134354476,3.8803142515034814,35.553908523373245,27.681170112645756,31.277516595431965,65.1389126961072,50.71513648375246,57.304063251484855,3.6527319385777766,1.5313451987346038,2.149209270239198,6.037573452194672,2.5311490888175268,3.5524120169242948,38.57992018192803,30.237221559656952,34.08241576764748,63.76846311062485,49.978878611003225,56.334571516772705,3.559480712890625,1.4883833270310878,2.101290399052995,6.521384371792314,2.7268920809109716,3.8498094172430792,35.14494209032228,27.211417610141165,30.846767950671413,64.3896384282547,49.85449503755791,56.51488142787245,0.778894472361809,-0.0011055276381910506,0.008894472361808958,0.6231155778894473,-0.006884422110552735,-0.01188442211055274,0.5175879396984925,-0.002412060301507535,-0.012412060301507544,0.44399999999999995,0.10268263473053885,0.16075531914893615,0.4337349397590361,0.4522613065326633,0.1089029105426883,0.16344661538074345,0.4494949494949495,0.43999999999999995,0.10067864271457083,0.15675531914893615,0.4337349397590361,18.0,0.0,2.0,31.0,0.0,4.0,43.0,3.0,3.0,0.0002873529965916097,8.277793525003827e-05,2.870325169519512e-05,-4.4716351397688925e-05,-0.00011232505964553496,0.0001314175181095223,"[5.69921875, 2.482421875, 3.076171875, 5.0546875, 5.328125, 4.10546875, 0.6640625, 2.763671875, 0.13916015625, 4.47265625, 3.126953125, 4.31640625, 8.1875, 1.755859375, 9.2734375, 3.25, 0.8798828125, 2.095703125, 5.2578125, 6.125, 2.111328125, 2.439453125, 3.6484375, 2.126953125, 4.1875, 0.51513671875, 0.93505859375, 7.84375, 1.330078125, 2.646484375, 5.78125, 1.73828125, 5.875, 6.33203125, 1.759765625, 3.14453125, 0.1156005859375, 10.40625, 3.255859375, 7.39453125, 4.25390625, 1.125, 0.72802734375, 0.132568359375, 1.0791015625, 1.23046875, 4.10546875, 2.736328125, 2.01171875, 5.37890625, 0.0750732421875, 2.42578125, 1.3681640625, 5.22265625, 1.8984375, 9.25, 5.6171875, 2.3046875, 7.86328125, 1.7275390625, 10.2890625, 1.6181640625, 8.7734375, 3.09375, 4.05078125, 3.3125, 0.265380859375, 0.52685546875, 0.94384765625, 3.880859375, 0.1190185546875, 4.21875, 0.4404296875, 6.99609375, 5.703125, 0.00345611572265625, 1.01953125, 7.27734375, 0.0271148681640625, 7.265625, 6.73046875, 8.21875, 0.5498046875, 0.005588531494140625, 0.3359375, 5.875, 2.185546875, 0.073974609375, 5.26953125, 1.16015625, 2.80078125, 1.53125, 5.0859375, 0.75, 0.82470703125, 6.390625, 6.7265625, 5.0, 1.3798828125, 0.51953125, 3.490234375, 9.53125, 0.36669921875, 2.58984375, 1.107421875, 2.30859375, 4.3515625, 6.0625, 6.9453125, 0.77587890625, 6.2578125, 0.1622314453125, 2.087890625, 8.7578125, 1.8125, 4.1171875, 4.046875, 0.0228424072265625, 2.328125, 5.07421875, 0.5400390625, 6.3828125, 6.3515625, 5.23828125, 1.4970703125, 0.87109375, 7.78515625, 8.9453125, 3.5625, 1.904296875, 1.5498046875, 4.97265625, 0.27392578125, 3.087890625, 1.8935546875, 5.51953125, 1.7333984375, 6.37890625, 4.04296875, 4.04296875, 4.0859375, 2.724609375, 0.20556640625, 8.2265625, 0.53076171875, 6.00390625, 0.1273193359375, 9.0703125, 5.32421875, 3.994140625, 0.5771484375, 3.748046875, 4.70703125, 8.7421875, 4.51171875, 1.271484375, 4.51953125, 6.42578125, 4.03515625, 2.365234375, 7.875, 8.953125, 5.5703125, 16.03125, 3.919921875, 8.4140625, 1.310546875, 6.796875, 0.00852203369140625, 7.5625, 5.26953125, 4.45703125, 3.61328125, 0.8505859375, 6.6640625, 0.049713134765625, 1.18359375, 3.38671875, 3.15625, 4.51171875, 6.10546875, 1.984375, 6.03125, 0.51416015625, 3.71484375, 3.87109375, 0.04888916015625, 0.40771484375, 0.3623046875, 9.734375, 0.55419921875, 0.319091796875, 2.365234375, 6.80859375, 1.912109375, 9.53125, 0.004154205322265625, 0.137451171875, 4.125, 2.8046875, 0.32666015625, 1.580078125, 0.876953125, 0.60693359375, 6.87109375, 1.498046875, 0.290771484375, 4.140625, 0.007709503173828125, 7.94140625, 9.703125, 0.070556640625, 1.8876953125, 3.921875, 1.7568359375, 0.8369140625, 6.7734375, 0.18994140625, 6.34375, 5.00390625, 0.78369140625, 2.294921875, 0.3466796875, 0.544921875, 12.2890625, 1.689453125, 1.609375, 3.09765625, 0.04962158203125, 0.2349853515625, 0.75927734375, 2.8984375, 1.072265625, 3.240234375, 3.1328125, 2.8515625, 11.9921875, 7.5546875, 0.58056640625, 3.73828125, 0.386962890625, 2.9453125, 6.3828125, 5.1171875, 6.91015625, 5.51953125, 2.5, 2.74609375, 3.53125, 1.03125]",-0.6399727592468261
52,0,test,3.732219749217411,1.711625744762721,2.349898625488499,5.598329623826117,2.5674386171440817,3.5248479382327487,41.77172809023273,34.22892402779979,37.78758950834039,62.65759213534909,51.34338604169969,56.68138426251058,3.710303776228248,1.6016136303102457,2.2389661216734638,5.416501863106931,2.338122088044154,3.2685636812751295,40.866218827432064,32.628774462582946,36.51116201935142,59.65871361668914,47.633247390632036,53.300966451607906,3.732219749217411,1.711625744762721,2.349898625488499,5.598329623826117,2.5674386171440817,3.5248479382327487,41.77172809023273,34.22892402779979,37.78758950834039,62.65759213534909,51.34338604169969,56.68138426251058,0.7587939698492463,-0.006206030150753716,-0.001206030150753712,0.5979899497487438,-0.017010050251256237,-0.007010050251256228,0.5025125628140703,0.007512562814070312,-0.007487437185929702,0.4316546762589928,0.11567622024463009,0.17926233176138517,0.3862815884476535,0.457286432160804,0.1364844271482727,0.19685237539953526,0.36868686868686873,0.4316546762589928,0.11567622024463009,0.17926233176138517,0.3862815884476535,19.0,-1.0,-1.0,33.0,0.0,0.0,41.0,0.0,1.0,0.00015946372927517203,0.000629807517036493,0.0003555913381581718,-0.00023875416349117273,0.00018498985658865763,3.328992298534672e-05,"[1.859375, 5.28125, 0.00511932373046875, 0.052032470703125, 1.68359375, 15.0078125, 10.59375, 7.45703125, 6.5859375, 8.84375, 8.6953125, 4.89453125, 0.7900390625, 5.0625, 7.5625, 9.78125, 8.9453125, 4.66015625, 3.33203125, 13.0625, 7.35546875, 1.7021484375, 5.171875, 8.8125, 7.97265625, 1.19140625, 4.46484375, 1.0322265625, 7.43359375, 0.16845703125, 6.0390625, 6.3125, 8.46875, 1.419921875, 9.1328125, 10.1015625, 5.94921875, 2.787109375, 2.76953125, 4.33984375, 3.69921875, 2.537109375, 0.8427734375, 6.80859375, 4.421875, 2.474609375, 1.8134765625, 0.482421875, 4.22265625, 1.8642578125, 7.4375, 5.53515625, 0.6025390625, 1.8447265625, 6.98046875, 5.77734375, 2.248046875, 2.09375, 7.55078125, 4.0, 4.6015625, 5.578125, 5.65625, 0.52783203125, 2.830078125, 8.078125, 4.77734375, 8.953125, 2.08203125, 7.9765625, 2.076171875, 3.2265625, 5.0546875, 1.40234375, 3.197265625, 1.037109375, 4.9140625, 0.89013671875, 1.7490234375, 8.6875, 4.92578125, 7.51953125, 5.28515625, 5.39453125, 3.552734375, 0.0015726089477539062, 1.1826171875, 5.671875, 1.853515625, 5.1328125, 2.32421875, 7.2421875, 2.4296875, 0.04766845703125, 2.76171875, 6.6875, 5.8515625, 2.82421875, 0.72509765625, 4.5390625, 4.02734375, 4.921875, 6.05859375, 0.4296875, 0.032196044921875, 0.3076171875, 5.61328125, 3.267578125, 9.3046875, 2.15234375, 0.654296875, 7.7578125, 2.951171875, 0.49609375, 6.97265625, 0.338134765625, 0.81396484375, 0.046539306640625, 7.671875, 5.05078125, 6.8828125, 2.9375, 4.7578125, 1.8828125, 1.234375, 0.0003857612609863281, 1.927734375, 8.4921875, 0.438232421875, 2.787109375, 2.15625, 1.1630859375, 0.392333984375, 0.1624755859375, 0.4453125, 0.00749969482421875, 0.1658935546875, 4.9140625, 1.302734375, 8.1875, 1.2314453125, 0.35888671875, 5.93359375, 1.3095703125, 3.798828125, 3.5703125, 2.962890625, 1.1240234375, 1.3818359375, 0.21630859375, 3.109375, 1.7451171875, 8.8046875, 1.75, 6.265625, 3.724609375, 0.330810546875, 2.470703125, 1.5068359375, 7.6171875, 0.11029052734375, 0.5263671875, 6.30078125, 4.8203125, 1.421875, 2.572265625, 0.62646484375, 0.869140625, 0.335693359375, 0.92919921875, 7.140625, 0.017852783203125, 0.0020580291748046875, 6.10546875, 6.09765625, 0.286376953125, 7.16015625, 6.21484375, 4.71484375, 0.61962890625, 1.96484375, 0.489501953125, 5.296875, 1.23046875, 0.46142578125, 7.328125, 0.669921875, 0.482177734375, 3.609375, 0.1673583984375, 3.453125, 3.1015625, 1.33984375, 4.296875, 0.002605438232421875, 0.95263671875, 8.6328125, 4.3359375, 0.04937744140625, 6.59765625, 4.2109375, 1.806640625, 3.37890625, 3.69921875, 0.38671875, 4.078125, 9.2734375, 0.00208282470703125, 5.92578125, 1.75, 8.1171875, 0.87060546875, 0.1263427734375, 2.421875, 8.0234375, 0.38818359375, 4.62109375, 3.728515625, 2.18359375, 8.4296875, 11.8203125, 5.7734375, 3.642578125, 0.6494140625, 6.95703125, 5.4375, 4.859375, 7.1875, 4.109375, 1.6220703125, 3.578125, 6.328125, 6.3828125, 7.4140625, 0.9423828125, 2.40234375, 3.27734375, 10.7578125, 0.07635498046875, 0.75244140625, 8.015625, 3.0, 4.2109375, 0.74951171875, 9.6640625, 0.9599609375, 7.796875, 0.71044921875, 1.6630859375, 0.60546875, 0.240478515625, 0.88232421875, 2.31640625, 2.19921875, 1.0205078125, 1.138671875, 1.1533203125, 9.046875, 3.619140625, 0.08013916015625, 0.05096435546875, 7.54296875, 7.43359375, 0.81640625, 2.5625, 5.80078125, 6.0625, 4.48828125, 0.118408203125, 3.47265625, 0.744140625, 0.01849365234375, 0.6220703125, 1.4697265625, 8.3359375, 3.013671875, 9.1484375, 0.468505859375]",-1.6301965181776086
353,0,test,3.6868581667599116,1.5994779699243558,2.2153461250470796,5.863437084485643,2.5437480967471684,3.523201066339934,39.91923016286366,31.855468164226636,35.56341382257872,63.48600459636149,50.66170840575803,56.558682223860124,4.122042062893585,1.8246704217560388,2.5348326105208256,5.973974004193602,2.644449886602955,3.673670450030182,61.685078547888146,51.73707740191441,56.79499468911667,89.39866456215674,74.98127159697741,82.31158650596619,3.6868581667599116,1.5994779699243558,2.2153461250470796,5.863437084485643,2.5437480967471684,3.523201066339934,39.91923016286366,31.855468164226636,35.56341382257872,63.48600459636149,50.66170840575803,56.558682223860124,0.8140703517587939,-0.00592964824120612,0.004070351758793889,0.6582914572864322,-0.0017085427135676845,-0.0067085427135678,0.5025125628140703,-0.007487437185929702,0.007512562814070312,0.37262357414448666,0.05953059501735192,0.10587262597760927,0.33206106870229013,0.38190954773869346,0.05108248006952054,0.11145879648660661,0.3737373737373737,0.37262357414448666,0.05953059501735192,0.10587262597760927,0.33206106870229013,23.0,0.0,0.0,32.0,1.0,-1.0,41.0,1.0,0.0,0.0007029669422024211,0.0008278797336939829,3.787390588657263e-05,-0.006567185744150272,-0.007401153621424683,-0.005678930333962384,"[14.0078125, 5.078125, 1.45703125, 5.8671875, 0.1268310546875, 0.0019512176513671875, 5.70703125, 0.00885772705078125, 0.005092620849609375, 3.0078125, 0.79345703125, 3.953125, 2.162109375, 2.697265625, 1.9638671875, 5.89453125, 5.1640625, 0.421142578125, 6.19140625, 10.71875, 7.20703125, 10.9453125, 7.84375, 0.173828125, 14.0546875, 1.4345703125, 3.26171875, 2.447265625, 12.796875, 1.240234375, 2.171875, 4.08203125, 1.345703125, 2.623046875, 9.78125, 2.0546875, 13.6875, 1.357421875, 2.41796875, 3.60546875, 2.044921875, 1.693359375, 7.97265625, 7.484375, 4.859375, 0.58935546875, 4.9296875, 0.31103515625, 1.05078125, 5.6640625, 0.677734375, 2.7734375, 6.40625, 1.0517578125, 10.7890625, 2.357421875, 5.1484375, 3.275390625, 4.09765625, 2.8984375, 3.0859375, 0.6240234375, 7.22265625, 5.34375, 0.7353515625, 8.6484375, 0.57763671875, 4.59765625, 6.4296875, 1.69140625, 2.421875, 7.3828125, 1.8408203125, 3.974609375, 5.0, 5.3125, 2.83203125, 4.0390625, 6.74609375, 2.044921875, 3.501953125, 0.09149169921875, 0.483154296875, 3.830078125, 3.99609375, 0.8203125, 0.06768798828125, 10.0, 1.875, 2.16796875, 2.53125, 1.58203125, 2.46875, 0.237060546875, 3.26171875, 1.3828125, 7.671875, 7.66015625, 7.578125, 3.53515625, 8.7265625, 3.5390625, 1.52734375, 2.13671875, 4.125, 1.435546875, 3.365234375, 2.560546875, 9.96875, 0.267333984375, 1.515625, 10.140625, 0.99658203125, 0.603515625, 7.453125, 1.4619140625, 12.3203125, 2.044921875, 0.062225341796875, 0.1339111328125, 16.0625, 6.375, 9.9921875, 2.33203125, 7.859375, 1.814453125, 2.6226043701171875e-06, 0.9736328125, 0.57373046875, 2.875, -0.0, 0.08636474609375, 1.8837890625, 2.201171875, 7.48828125, 2.369140625, 1.0361328125, 11.3046875, 0.53076171875, 6.68359375, 8.0234375, 2.056640625, 9.40625, 5.3125, 3.5390625, 4.33203125, 3.33203125, 3.935546875, 8.484375, 2.75390625, 2.861328125, 10.1640625, 6.56640625, 1.849609375, 2.708984375, 3.015625, 0.01556396484375, 4.34375, 1.189453125, 11.140625, 7.15234375, 7.04296875, 0.306884765625, 6.44140625, 7.78515625, 1.740234375, 7.125, 8.9453125, 0.50146484375, 2.95703125, 5.5390625, 7.28125, 3.177734375, 8.4921875, 8.234375, 1.732421875, 2.029296875, 1.876953125, 0.814453125, 11.0625, 1.80859375, 5.7421875, 1.2705078125, 6.4296875, 0.251220703125, 1.2509765625, 3.60546875, 6.69921875, 0.85888671875, 1.498046875, 10.40625, 3.1796875, 3.201171875, 2.40625, 2.275390625, 4.4765625, 1.146484375, 0.0733642578125, 0.484375, 6.77734375, 15.5078125, 0.0106658935546875, 0.0005779266357421875, 1.76953125, 3.484375, 1.9287109375, 0.8583984375, 1.41796875, 3.783203125, 6.1640625, 5.2109375, 2.578125, 1.5927734375, 9.5625, 1.0068359375, 4.29296875, 0.08416748046875, 0.8662109375, 1.1689453125, 10.078125, 1.1396484375, 0.010894775390625, 2.21875, 0.228515625, 0.0131988525390625, 2.384185791015625e-07, 5.960464477539062e-07, 5.5789947509765625e-05, 2.2649765014648438e-06, 0.0088043212890625, 0.038421630859375, 0.6875, 0.0022430419921875, 8.03125, 2.32421875, 2.439453125, 1.88671875, 0.66650390625, 0.33154296875, 0.87060546875, 0.00046539306640625, 6.592273712158203e-05, 2.994140625, 0.00035881996154785156, 7.867813110351562e-06, 2.86328125, 1.88671875, 9.234375, 1.490234375, 0.537109375, 3.720703125, 2.615234375, 4.18359375, 5.60546875, 1.890625, 2.263671875, 0.90673828125, 0.00989532470703125, 2.435546875, 4.50390625, 5.90625, 5.41015625, 1.853515625]",-0.9081463918033208
232,0,test,3.2960620275357875,1.5216135377314906,2.079272326035333,5.653661950009303,2.6099898876366545,3.5665296147967176,27.006080045819903,21.109052077544952,23.629748760353987,46.32292896748275,36.207887938566685,40.53158294310719,3.33179537135752,1.4832530772496382,2.0620722859477087,5.373863502189549,2.3923436729832877,3.325923041851144,27.98854645630928,21.637990926369582,24.428679809468292,45.142816865014964,34.89998536511223,39.40109646688434,3.2960620275357875,1.5216135377314906,2.079272326035333,5.653661950009303,2.6099898876366545,3.5665296147967176,27.006080045819903,21.109052077544952,23.629748760353987,46.32292896748275,36.207887938566685,40.53158294310719,0.7437185929648241,0.008718592964824134,-0.0012814070351758744,0.6281407035175879,-0.0018592964824121205,0.018140703517587897,0.4824120603015075,-0.007587939698492474,-0.0025879396984924696,0.4390243902439024,0.1083955869984663,0.19037574159525372,0.4448979591836735,0.44221105527638194,0.09885265928640696,0.1817769985151132,0.4494949494949495,0.4390243902439024,0.1083955869984663,0.19037574159525372,0.4448979591836735,26.0,5.0,6.0,39.0,10.0,8.0,48.0,5.0,6.0,4.6636580790412215e-05,-5.185125412044022e-05,0.0001983700755826001,-1.699666395538202e-05,-9.033858156382024e-05,-0.00010696492421935488,"[1.783203125, 4.34765625, 0.00472259521484375, 0.0274505615234375, 5.20703125, 0.646484375, 2.537109375, 0.01371002197265625, 3.880859375, 6.41796875, 7.12109375, 0.7470703125, 0.76611328125, 5.44140625, 1.9375, 3.404296875, 0.0033931732177734375, 4.21484375, 7.0859375, 0.15771484375, 1.1005859375, 3.2578125, 0.63037109375, 3.63671875, 9.0078125, 4.58984375, 0.28662109375, 0.061065673828125, 7.4375, 4.16015625, 0.00666046142578125, 5.796875, 3.2109375, 8.609375, 9.5625, 7.484375, 6.6328125, 3.6015625, 0.025146484375, 3.09765625, 5.9375, 7.12109375, 0.91552734375, 2.232421875, 2.23828125, 3.732421875, 3.255859375, 4.2578125, 2.947265625, 6.10546875, 2.478515625, 6.41015625, 2.45703125, 9.8671875, 0.34912109375, 5.1875, 8.8203125, 0.156005859375, 7.00390625, 0.08538818359375, 8.171875, 5.63671875, 6.4375, 3.529296875, 0.42236328125, 1.056640625, 3.16015625, 5.828125, 0.2318115234375, 0.44873046875, 4.1171875, 3.423828125, 0.224365234375, 2.529296875, 1.6845703125, 4.171875, 1.2890625, 0.2325439453125, 5.37109375, 8.4140625, 0.051300048828125, 2.205078125, 1.9775390625, 7.6953125, 0.044189453125, 5.1796875, 8.578125, 0.180419921875, 1.89453125, 4.16015625, 3.787109375, 2.09375, 0.0048370361328125, 8.3671875, 1.435546875, 2.427734375, 4.2421875, 1.80859375, 1.0556640625, 7.48828125, 7.80859375, 2.62109375, 4.296875, 1.4287109375, 0.724609375, 9.1484375, 0.40234375, 0.50146484375, 1.7724609375, 4.2734375, 2.68359375, 1.2705078125, 4.4296875, 2.453125, 4.296875, 3.771484375, 1.1455078125, 0.156005859375, 0.85400390625, 0.95068359375, 6.55078125, 0.50390625, 0.453857421875, 3.47265625, 7.9609375, 0.35888671875, 1.9169921875, 8.7890625, 1.90625, 7.73828125, 5.265625, 5.421875, 2.224609375, 8.2890625, 0.038818359375, 3.119140625, 0.81396484375, 5.49609375, 6.0703125, 1.2431640625, 3.2578125, 0.31884765625, 1.8759765625, 4.25, 4.85546875, 2.400390625, 4.984375, 2.482421875, 1.8134765625, 2.287109375, 0.0236968994140625, 4.06640625, 0.47119140625, 2.341796875, 1.3525390625, 2.615234375, 6.53515625, 5.48828125, 4.38671875, 4.47265625, 4.5078125, 1.5185546875, 3.83984375, 0.09271240234375, 3.291015625, 3.18359375, 0.48046875, 5.40625, 2.458984375, 0.623046875, 1.09765625, 1.9365234375, 2.44140625, 11.0859375, 3.541015625, 0.4384765625, 2.861328125, 0.1654052734375, 1.0693359375, 3.4296875, 0.86669921875, 3.4453125, 5.87109375, 3.96875, 7.796875, 1.986328125, 0.02655029296875, 0.06549072265625, 10.0703125, 3.36328125, 2.845703125, 4.5234375, 0.78515625, 9.8671875, 0.09613037109375, 5.33984375, 1.60546875, 2.453125, 0.00623321533203125, 1.5263671875, 9.5703125, 2.1796875, 9.6640625, 0.1378173828125, 6.35546875, 0.0374755859375, 0.693359375, 5.984375, 1.9140625, 3.5078125, 6.24609375, 6.96484375, 6.55859375, 0.203125, 6.00390625, 1.365234375, 3.154296875, 10.8203125, 2.69921875, 4.390625, 7.25390625, 0.037353515625, 0.80224609375, 1.3583984375, 4.13671875, 4.7421875, 2.080078125, 0.08856201171875, 6.67578125, 6.26953125, 3.8515625, 5.30078125, 0.89306640625, 0.441162109375, 2.041015625, 0.1988525390625, 0.150634765625, 0.138427734375, 0.1285400390625, 0.080810546875, 0.8330078125, 3.34765625, 7.55078125, 0.0160064697265625, 0.167724609375, 0.35498046875]",-0.8609475740572301
242,0,test,3.87032746111305,1.8497883865064706,2.488237173078112,6.21658814997433,2.9711626933523627,3.996650381628056,47.95808791865789,40.41569816992723,43.97486891202051,77.03112567245567,64.91640638692974,70.63320913329719,3.870925275524657,1.7386547992503338,2.4047903832424735,5.73470411188838,2.575784887778272,3.5626524196184786,47.98676652615711,39.55277225326324,43.6543092024819,71.0915059646772,58.59669963446406,64.67305067034354,3.9094600346574815,1.8640295057588125,2.5166433505201518,6.305580701060454,3.0064992028367943,4.05910217825831,49.87201554173847,42.13952866129321,45.8458409829955,80.43873474473946,67.96698171176324,73.94490481128307,0.7939698492462312,-0.0060301507537688925,-0.0060301507537688925,0.6432160804020101,-0.001783919597989958,-0.0067839195979899625,0.5577889447236181,-0.00221105527638199,-0.00221105527638199,0.4271844660194175,0.08631209122135608,0.15807789981920217,0.4642857142857143,0.42211055276381915,0.07875215677384417,0.14164310702091432,0.4797979797979798,0.43143812709030105,0.08419271807527595,0.16225014043846564,0.4697986577181208,23.0,8.0,8.0,37.0,13.0,12.0,44.0,7.0,7.0,-0.0003418022180182474,4.101718579690779e-05,0.00010910374901468539,0.0004675458078473582,6.49105800478722e-05,-7.53513430460373e-05,"[2.12109375, 9.0390625, 0.7978515625, 0.0180816650390625, 4.17578125, 0.0187530517578125, 4.0531158447265625e-06, 0.01351165771484375, 0.0004220008850097656, 4.172325134277344e-06, 6.75390625, 8.078125, 5.36328125, 2.2734375, 9.328125, 2.359375, 0.0313720703125, 0.278564453125, 5.1015625, 0.0863037109375, 0.0310516357421875, 3.75, 3.447265625, 3.724609375, 0.038360595703125, 0.1507568359375, 7.34375, 4.6328125, 1.58984375, 1.849609375, 0.005062103271484375, 11.90625, 2.31640625, 3.51953125, 3.568359375, 4.859375, 0.033172607421875, 3.955078125, 2.59375, 2.384765625, 8.1328125, 3.09765625, 2.01953125, 13.0390625, 0.708984375, 3.640625, 2.29296875, 12.0859375, 7.65234375, 4.0078125, 3.43359375, 5.125, 3.025390625, 1.53515625, 3.693359375, 0.234130859375, 5.78515625, 3.630859375, 1.8544921875, 0.85595703125, 4.98828125, 6.2578125, 3.919921875, 0.61572265625, 1.310546875, 2.578125, 3.66796875, 6.5, 7.5859375, 2.453125, 3.8125, 9.40625, 0.266845703125, 1.875, 4.5703125, 0.70458984375, 12.0625, 9.703125, 5.05859375, 10.2890625, 5.4453125, 0.00244903564453125, 6.15625, 7.42578125, 7.05078125, 1.4609375, 7.08203125, 6.13671875, 3.66796875, 4.91796875, 4.4921875, 7.86328125, 3.384765625, 9.2109375, 2.025390625, 4.70703125, 1.4384765625, 2.126953125, 3.107421875, 7.48046875, 2.537109375, 5.68359375, 0.02545166015625, 5.19140625, 9.609375, 2.83203125, 7.3671875, 0.176513671875, 1.689453125, 1.5703125, 1.4248046875, 8.4375, 7.87109375, 8.421875, 3.62890625, 2.609375, 10.40625, 6.48046875, 1.9931640625, 5.890625, 4.55078125, 0.85986328125, 0.050201416015625, 1.23828125, 2.42578125, 3.517578125, 1.48828125, 1.7724609375, 3.365234375, 2.509765625, 5.3828125, 0.81640625, 3.65234375, 0.038726806640625, 7.76171875, 2.91796875, 8.34375, 3.52734375, 0.234619140625, 4.73828125, 2.4140625, 6.140625, 3.10546875, 4.1796875, 1.791015625, 3.078125, 5.3203125, 0.37841796875, 4.359375, 4.703125, 1.85546875, 3.392578125, 1.607421875, 6.90625, 0.174560546875, 8.9140625, 0.5224609375, 1.5107421875, 3.9921875, 0.6455078125, 7.7109375, 4.140625, 3.994140625, 0.767578125, 1.33514404296875e-05, 0.6416015625, 0.333984375, 9.109375, 1.5078125, 0.196044921875, 10.0859375, 0.21240234375, 7.01953125, 0.053955078125, 4.390625, 1.1962890625, 1.734375, 6.328125, 7.16015625, 1.3994140625, 9.5078125, 1.0927734375, 1.509765625, 6.55078125, 6.6640625, 2.1875, 0.004215240478515625, 5.96484375, 5.9375, 3.35546875, 11.7109375, 3.4765625, 4.484375, 3.59375, 2.6640625, 6.515625, 0.6484375, 7.83984375, 5.40625, 0.2783203125, 0.1990966796875, 4.4296875, 1.6533203125, 9.765625, 1.0654296875, 0.001270294189453125, 5.38671875, 2.412109375, 7.2109375, 2.955078125, 5.07421875, 1.857421875, 2.072265625, 3.24609375, 10.375, 0.68994140625, 10.0078125, 3.271484375, 0.272705078125, 2.384185791015625e-06, 0.57958984375, 0.4921875, 5.02734375, 5.38671875, 6.2421875, 1.7470703125, 8.0, 9.109375, 4.640625, 2.26953125, 5.7109375, 13.4609375, 7.1015625, 4.52734375, 7.6875, 1.3564453125, 9.09375, 4.94140625, 5.6328125, 1.41015625, 0.65234375, 2.251953125, 0.88671875, 4.48046875, 2.244140625, 3.0078125, 12.6640625, 2.564453125, 1.3525390625, 8.1640625, 8.9453125, 2.046875, 8.203125, 4.6796875, 0.927734375, 5.953125, 0.05401611328125, 2.509765625, 7.9453125, 2.908203125, 1.228515625, 1.943359375, 0.9560546875, 0.1851806640625, 7.0625, 1.8544921875, 3.23828125, 3.0703125, 2.66796875, 4.16796875, 2.4921875, 7.19140625, 1.9765625, 4.4140625, 2.76171875, 3.171875, 4.17578125, 7.4453125, 0.77685546875, 2.8671875, 0.006988525390625, 3.3046875, 9.3125, 8.0390625, 4.68359375, 5.03515625, 8.0390625, 0.25146484375, 1.16796875, 4.2734375, 3.375, 1.2744140625, 2.962890625, 3.37890625, 4.14453125, 0.101806640625, 4.32421875, 6.91796875, 4.27734375, 2.755859375, 0.9853515625, 6.08984375, 10.3671875, 0.062286376953125, 5.0859375, 0.0750732421875, 1.0609626770019531e-05, 1.5380859375, 0.042999267578125]",-0.8646998521193718
277,0,test,2.9408684232655693,1.2253808349819417,1.5029553482780775,6.044297412641296,2.518496288982986,3.0889886303805714,18.932280408123308,13.37289486525027,14.720383682082408,38.911068778504685,27.48499497430834,30.254456914430676,3.32364277384389,1.4033100866021992,1.9509800070959296,4.887709961535132,2.0636913038267632,2.8690882457293077,27.761294706769906,20.938066614103885,23.815451126473402,40.82543339230868,30.79127443250571,35.02272224481382,3.062693792840709,1.3125381666058042,1.8314590788662433,5.534988782242245,2.3720569276008514,3.309865805179958,21.38508663427137,15.629588321427313,17.959630249125702,38.64774692940609,28.24624395438671,32.45716310082958,0.7035175879396984,0.023517587939698492,0.008517587939698368,0.5527638190954773,0.007763819095477409,-0.0072361809045227155,0.46733668341708545,-0.002663316582914521,-0.0076633165829145256,0.428921568627451,0.11925204598363215,0.14641912483468467,0.4152334152334153,0.44723618090452266,0.1339529728844725,0.18012432781604182,0.4797979797979798,0.44147157190635455,0.13262349177279864,0.19008113809100413,0.4395973154362416,24.0,11.0,12.0,39.0,16.0,16.0,44.0,11.0,11.0,-0.00024715161996353226,0.0007382610905995388,-3.2535982159566884e-05,-0.03612386811086221,-0.04273174063876084,-0.039175471222889335,"[2.892578125, 2.212890625, 0.25, 0.0423583984375, 3.719329833984375e-05, 0.7880859375, 0.01218414306640625, 0.01407623291015625, 6.58203125, 5.3359375, 1.6455078125, 5.0859375, 4.48046875, 0.285400390625, 0.0712890625, 4.64453125, 5.046875, 4.31640625, 6.48828125, 1.7998046875, 5.70703125, 4.171875, 1.1826171875, 0.5849609375, 0.7275390625, 3.171875, 8.1484375, 0.01788330078125, 2.138671875, 1.7392578125, 1.9775390625, 2.611328125, 2.306640625, 6.5546875, 2.765625, 5.87890625, 1.3046875, 7.41796875, 0.036346435546875, 5.1796875, 11.7265625, 0.6240234375, 0.890625, 4.89453125, 7.26953125, 0.169189453125, 0.82421875, 1.732421875, 1.6552734375, 0.0219268798828125, 0.38427734375, 6.390625, 7.5859375, 0.00016129016876220703, 4.734375, 4.8984375, 4.01171875, 0.93798828125, 1.0751953125, 0.032440185546875, 0.052032470703125, 1.8291015625, 5.6796875, 3.11328125, 0.421142578125, 3.640625, 4.07421875, 0.953125, 0.2100830078125, 7.6875, 3.142578125, 3.7265625, 3.095703125, 4.29296875, 0.98876953125, 3.810546875, 2.419921875, 2.78515625, 1.740234375, 3.654296875, 5.07421875, 4.23828125, 6.421875, 4.0078125, 1.3798828125, 0.9296875, 8.4453125, 9.8515625, 2.9765625, 0.001621246337890625, 0.97607421875, 4.21484375, 0.111083984375, 3.322265625, 1.1103515625, 4.90625, 6.125, 3.005859375, 3.390625, 0.5, 0.00443267822265625, 9.984375, 2.923828125, 1.3857421875, 0.063720703125, 4.62890625, 6.8828125, 0.71337890625, 1.736328125, 4.63671875, 3.025390625, 6.5859375, 0.88330078125, 0.97607421875, 7.46484375, 5.828125, 7.74609375, 1.4423828125, 10.5546875, 2.998046875, 7.59375, 4.28125, 0.3349609375, 0.80126953125, 6.15625, 4.703125, 9.03125, 1.125, 1.744140625, 8.546875, 5.19921875, 1.5185546875, 0.1993408203125, 0.0009632110595703125, 0.0014505386352539062, 0.0001283884048461914, 1.1920928955078125e-06, 0.0005483627319335938, 1.811981201171875e-05, 7.7265625, 9.703125, 6.77734375, 0.21728515625, 1.47265625, 0.05706787109375, -0.0, 0.00014317035675048828, 0.0010747909545898438, 6.794929504394531e-06, 0.00041294097900390625, 0.0030078887939453125, 10.921875, 6.8671875, 0.5205078125, 0.8466796875, 4.453125, 7.88671875, 0.12457275390625, 3.705078125, 0.2138671875, 4.6875, 0.82421875, 3.533203125, 7.62890625, 4.87890625, 8.875, 7.359375, 4.28515625, 3.63671875, 1.0078125, 0.2369384765625, 9.8203125, 2.28125, 1.595703125, 0.2249755859375, 6.87109375, 2.830078125, 4.0, 4.7890625, 10.1484375, 1.37890625, 1.177734375, 1.931640625, 7.41015625, 6.3671875, 9.3828125, 6.5234375, 0.2030029296875, 0.12890625, 1.06640625, 6.1796875, 0.4296875, 1.4296875, 2.203125, 8.078125, 2.302734375, 3.037109375, 4.421875, 0.0009899139404296875, 6.45703125, 0.1356201171875, 1.9609375, 11.3984375, 5.00390625, 3.375, 0.057647705078125, 1.8525390625, 6.52734375, 1.7607421875, 7.28515625, 3.515625, 4.75, 0.2225341796875, 7.9921875, 3.935546875, 2.771484375, 4.40625, 5.328125, 4.09765625, 7.14453125, 7.26953125, 0.1102294921875, 7.6328125, 2.357421875, 0.040496826171875, 1.9033203125, 2.6226043701171875e-06, 0.00017011165618896484, 5.0187110900878906e-05, 9.5367431640625e-07, 6.079673767089844e-06, 8.320808410644531e-05, 4.4375, 9.3046875, 3.64453125, 0.27001953125, 1.4345703125, 0.046966552734375, -0.0, 0.00013113021850585938, 0.00013375282287597656, 1.0728836059570312e-06, 2.2649765014648438e-05, 0.0009531974792480469, 5.91796875, 5.56640625, 3.46875, 0.2174072265625, 0.477294921875, 1.681640625, 0.0002301931381225586, 6.18359375, 0.57177734375, 0.25537109375, 2.828125, 8.3671875, 1.40234375, 0.0130462646484375, 0.1729736328125, 0.02105712890625, 0.018280029296875, 1.748046875, 4.8984375, 7.3203125, 3.861328125, 1.5537109375, 0.7685546875, 3.37890625, 5.03515625, 0.810546875, 7.8984375, 0.02423095703125, 0.69482421875, 1.15234375, 5.22265625, 0.62353515625, 2.611328125, 2.263671875, 1.8076171875, 2.5, 4.5078125, 4.37109375, 0.5380859375, 4.82421875, 2.751953125, 0.309814453125, 9.2890625, 0.002002716064453125, 0.010986328125, 0.00203704833984375, 0.0139312744140625, 6.4765625, 4.76837158203125e-07, 2.9206275939941406e-05, 1.8477439880371094e-05, -0.0, 2.6226043701171875e-06, 4.7087669372558594e-05, 6.18359375, 9.296875, 9.890625, 2.068359375, 0.220703125, 0.357177734375, 2.16015625, 9.859375, 2.529296875, 5.1640625, 0.130859375, 0.051971435546875, 4.8671875, 0.350830078125, 0.023529052734375, 4.33203125, 3.662109375, 1.4443359375, 5.390625, 0.1458740234375, 0.1767578125, 4.94921875, 4.5703125, 0.0574951171875, 3.736328125, 4.86328125, 8.859375, 2.169921875, 3.40625, 1.2939453125, 2.95703125, 6.61328125, 2.298828125, 0.66552734375, 0.00038886070251464844, 0.06097412109375, 3.595703125, 6.77734375, 5.765625, 5.9765625, 0.265380859375, 2.94140625, 0.37646484375, 2.06640625, 4.76953125, 1.337890625, 4.37890625, 0.93212890625, 1.0283203125, 0.00014531612396240234, 6.532669067382812e-05, 1.7642974853515625e-05, 3.5762786865234375e-07, 2.7418136596679688e-06, 6.9141387939453125e-06, 4.60546875, 2.052734375, 0.0164642333984375, 1.34375, 0.77978515625, 0.10198974609375, 1.1920928955078125e-07, 5.245208740234375e-05, 7.3909759521484375e-06, 3.5762786865234375e-07, 5.125999450683594e-06, 0.0003924369812011719, 6.328125, 4.5625, 1.083984375, 0.416748046875, 4.6484375, 3.1171875, 0.72607421875, 2.615234375, 0.318603515625, 0.131103515625, 0.286865234375, 0.001895904541015625, 0.0014886856079101562, 0.0022525787353515625, 0.0031833648681640625, 4.19921875, 0.51416015625, 8.3125, 5.13671875, 3.8515625, 0.61767578125, 1.3447265625, 2.326171875, 3.076171875, 7.046875, 2.822265625, 2.158203125, 9.9609375, 5.6796875, 3.31640625, 9.2890625, 6.21875, 3.662109375, 2.8125, 3.04296875, 2.001953125, 2.599609375, 9.71875, 2.298828125, 3.58984375, 0.5, 0.0562744140625, 2.53515625]",-0.6846873304423164
85,0,test,3.4757797225766818,1.4777685607532165,2.07005876393756,5.633943602607955,2.3953372749463906,3.3553893689968297,32.32302170326249,24.94864663725137,28.244555616335873,52.39287178045162,40.43963637933556,45.78202478987775,3.4670152184951246,1.3956266721083677,1.9948637386387258,5.293153005336068,2.130727743676897,3.0455934941049247,32.040964299801566,24.10512955413735,27.682361793706853,48.917502747788646,36.801724510133354,42.263147776651685,3.5037499381463055,1.4986417032880337,2.1041397556678234,5.67928094549205,2.4291708654603417,3.410631760821046,33.23986598187726,25.81296827939989,29.18624649496352,53.878998454284705,41.84062832216453,47.3084256911827,0.8140703517587939,0.02907035175879391,0.014070351758793898,0.6030150753768844,-0.0019849246231156137,-0.011984924623115623,0.4723618090452262,-0.0026381909547738003,-0.007638190954773805,0.42914979757085026,0.08571545413650683,0.14516594831109253,0.4186991869918699,0.42211055276381915,0.07373962544552337,0.12995696344829322,0.41414141414141414,0.42105263157894735,0.08165869218500799,0.13706878231918962,0.4227642276422764,13.0,1.0,0.0,20.0,1.0,1.0,29.0,0.0,0.0,7.151990507458585e-05,6.30643438141901e-05,0.00010383218201058765,-2.39265858157367e-05,-9.583520108336074e-05,-0.00011149550017286458,"[1.88671875, 5.3046875, 0.005107879638671875, 0.057769775390625, 12.7578125, 6.66796875, 3.00390625, 1.400390625, 0.78369140625, 0.8583984375, 0.69287109375, 5.8125, 7.23828125, 4.4140625, 0.61181640625, 4.7265625, 2.59765625, 1.576171875, 1.25, 8.4921875, 2.060546875, 6.4609375, 4.5859375, 1.044921875, 5.19140625, 3.26171875, 6.140625, 9.4375, 1.63671875, 7.1171875, 1.484375, 1.1171875, 10.4453125, 0.0284576416015625, 4.33984375, 2.91015625, 4.828125, 1.0869140625, 1.0947265625, 4.3203125, 0.75830078125, 0.005031585693359375, 3.763671875, 2.765625, 6.62890625, 4.71484375, 6.234375, 0.638671875, 6.3671875, 0.52783203125, 6.75, 0.03955078125, 1.2939453125, 3.09765625, 0.154541015625, 0.46826171875, 12.6015625, 5.08984375, 2.296875, 0.38525390625, 1.66015625, 0.1463623046875, 0.50341796875, 5.48046875, 4.6015625, 4.7109375, 3.44921875, 1.923828125, 6.01953125, 1.345703125, 0.8408203125, 0.1190185546875, 7.53515625, 2.03515625, 3.583984375, 4.58203125, 4.81640625, 0.468505859375, 5.62890625, 1.7236328125, 1.3701171875, 5.46875, 1.4287109375, 8.0859375, 2.404296875, 4.828125, 0.93310546875, 4.85546875, 2.677734375, 6.9609375, 1.1005859375, 0.64990234375, 20.1875, 2.947265625, 1.1240234375, 5.3359375, 1.076171875, 8.4921875, 5.15234375, 2.72265625, 2.166015625, 3.849609375, 0.004955291748046875, 3.224609375, 3.298828125, 2.923828125, 3.845703125, 5.87890625, 1.0224609375, 10.046875, 3.998046875, 5.4609375, 1.8125, 7.23046875, 1.8876953125, 6.16796875, 1.59375, 0.1478271484375, 0.59765625, 1.7802734375, 5.28125, 7.078125, 8.0859375, 2.837890625, 1.251953125, 3.5625, 4.875, 6.78515625, 3.291015625, 1.5712890625, 9.65625, 1.8779296875, 2.70703125, 0.11077880859375, 0.91162109375, 5.3828125, 5.06640625, 2.935546875, 6.69921875, 1.49609375, 3.2890625, 2.076171875, 4.37109375, 3.50390625, 2.92578125, 4.296875, 1.1494140625, 2.08203125, 4.421875, 2.080078125, 3.203125, 0.375244140625, 2.388671875, 3.19921875, 0.2176513671875, 4.2890625, 0.0008449554443359375, 0.195556640625, 0.38525390625, 1.0703125, 0.0006241798400878906, 4.484375, 3.6015625, 10.0546875, 2.5234375, 7.80859375, 3.724609375, 6.78515625, 0.229248046875, 5.0625, 2.205078125, 0.78125, 1.4013671875, 0.90380859375, 7.12890625, 2.875, 1.2119140625, 6.328125, 0.986328125, 3.69921875, 6.41796875, 0.0308685302734375, 2.19921875, 1.85546875, 1.2802734375, 8.859375, 0.0007619857788085938, 4.5390625, 3.5859375, 2.5703125, 1.8662109375, 2.35546875, 7.3203125, 6.58984375, 1.8662109375, 3.6640625, 1.1513671875, 1.3193359375, 3.029296875, 6.55859375, 12.4765625, 5.2734375, 2.138671875, 0.00283050537109375, 0.254638671875, 0.66162109375, 9.1171875, 4.33984375, 4.37109375, 9.2265625, 0.421630859375, 0.65234375, 6.28515625, 3.75, 5.375, 2.08203125, 2.134765625, 1.921875, 4.73828125, 10.5546875, 0.367919921875, 3.08203125, 2.095703125, 4.03125, 1.48046875, 3.80078125, 3.583984375, 6.75, 2.01953125, 5.1484375, 1.8837890625, 3.50390625, 0.697265625, 7.3046875, 2.560546875, 1.501953125, 0.0009446144104003906, 0.06890869140625, 0.28857421875, 4.48828125, 10.015625, 1.4130859375, 1.7197265625, 0.861328125, 5.0859375, 0.5224609375, 3.392578125]",-0.8461711898989042
84,0,test,3.0302363701519512,1.2512266637766252,1.743835327072084,5.610932179896745,2.316831789520454,3.2289698089191883,20.702125375633162,14.778138349358017,17.082389563575745,38.333056327408656,27.36391551502006,31.63057847761003,3.329673753311886,1.3308206563260092,1.8670821284946983,5.044960232290736,2.016394933827286,2.8289123159010576,27.929228398458008,20.54864197236369,23.612094965507243,42.317012724936376,31.13430601873286,35.77590146288976,3.146154501366376,1.3364701640863446,1.840677875119772,5.5195693006427655,2.344684498397096,3.229259430034688,23.246498100745832,17.13797920457242,19.55705093869196,40.78333000130848,30.06663018346039,34.31061568191573,0.6532663316582914,0.013266331658291386,0.01826633165829139,0.5728643216080402,0.007864321608040292,0.0028643216080401768,0.4723618090452262,-0.01263819095477381,0.007361809045226209,0.41666666666666663,0.11354631005448235,0.17310231023102307,0.3970149253731343,0.44221105527638194,0.12140905026385063,0.1917936930059312,0.43434343434343436,0.4347826086956522,0.1359512230529143,0.19451564540310495,0.4093959731543624,26.0,17.0,17.0,38.0,25.0,26.0,44.0,22.0,23.0,0.0008510235678630108,0.0003345488084263747,0.00044272029669487745,-0.037791924959792667,-0.03813840949680802,-0.03812759523798803,"[2.88671875, 2.212890625, 0.2330322265625, 0.0401611328125, 3.814697265625e-05, 1.2705078125, 0.01294708251953125, 0.01422119140625, 5.5859375, 6.45703125, 4.5625, 8.0625, 3.494140625, 6.19921875, 1.064453125, 9.1796875, 0.156005859375, 8.2421875, 2.724609375, 6.80859375, 6.75, 10.65625, 0.390380859375, 0.392578125, 1.10546875, 6.6484375, 7.5859375, 10.71875, 5.4375, 3.572265625, 8.8515625, 3.513671875, 3.859375, 2.4296875, 6.37109375, 5.6015625, 1.4990234375, 9.9140625, 2.404296875, 8.65625, 10.9375, 0.9501953125, 0.2054443359375, 1.08984375, 2.443359375, 0.7919921875, 0.0028553009033203125, 0.88720703125, 5.56640625, 7.19140625, 0.00467681884765625, 3.669921875, 7.203125, 9.546875, 0.1873779296875, 1.4599609375, 0.06256103515625, -0.0, 4.5299530029296875e-06, 0.0011053085327148438, 0.0017223358154296875, 0.0003516674041748047, 3.6954879760742188e-06, 3.869140625, 4.1171875, 0.1474609375, 0.471923828125, 5.1953125, 0.14013671875, 0.405517578125, 0.007640838623046875, 0.0697021484375, 3.583984375, 3.962890625, 3.7578125, 10.5859375, 4.94921875, 3.26171875, 3.443359375, 2.96484375, 6.83203125, 4.92578125, 5.65625, 5.31640625, 5.90234375, 6.94140625, 0.91259765625, 2.443359375, 4.3125, 4.66015625, 2.453125, 2.626953125, 5.5390625, 2.560546875, 1.0205078125, 9.965896606445312e-05, 7.11679458618164e-05, 0.0001913309097290039, 0.00016224384307861328, 7.998943328857422e-05, 1.1920928955078125e-07, 6.91796875, 1.083984375, 0.08416748046875, 0.82568359375, 0.0919189453125, 1.1920928955078125e-07, 4.0531158447265625e-06, 8.64267349243164e-05, 8.26120376586914e-05, 0.00012886524200439453, 1.1920928955078125e-06, 5.23828125, 10.0234375, 4.58984375, 0.09869384765625, 0.8603515625, 3.193359375, 0.030548095703125, 9.5546875, 6.79296875, 3.240234375, 7.34765625, 6.57421875, 3.6484375, 3.654296875, 7.55078125, 6.6640625, 0.955078125, 2.431640625, 0.02056884765625, 4.37109375, 4.734375, 1.6923828125, 4.1015625, 7.1328125, 1.072265625, 0.75732421875, 0.13623046875, 4.74609375, 0.01605224609375, 9.015625, 0.093994140625, 8.7109375, 1.98046875, 5.40625, 0.65673828125, 2.107421875, 0.055450439453125, 0.216796875, 5.328125, 7.85546875, 1.34765625, 11.875, 6.3984375, 6.41796875, 5.234375, 1.625, 4.58203125, 0.873046875, 1.150390625, 2.1796875, 2.22265625, 6.09765625, 9.171875, 0.071044921875, 9.140625, 4.296875, 0.81591796875, 4.0546875, 2.34765625, 4.77734375, 0.56494140625, 8.7421875, 0.03662109375, 2.541015625, 3.6875, 4.3125, 0.591796875, 7.25, 4.21484375, 8.859375, 6.5390625, 0.91796875, 6.69140625, 2.396484375, 0.591796875, 3.01953125, 2.978515625, 0.3681640625, 4.0546875, 3.11328125, 2.8984375, 0.89599609375, 4.088878631591797e-05, 5.53131103515625e-05, 9.775161743164062e-06, 5.2094459533691406e-05, 4.887580871582031e-05, 5.960464477539062e-07, 3.638671875, 6.859375, 6.1640625, 0.112060546875, 0.9326171875, 0.0094146728515625, -0.0, 8.380413055419922e-05, 3.6954879760742188e-06, 7.18832015991211e-05, 1.9788742065429688e-05, 6.318092346191406e-06, 8.1484375, 0.3056640625, 0.445556640625, 5.9609375, 4.83203125, 0.1903076171875, 10.3203125, 2.892578125, 10.6640625, 5.02734375, 5.0234375, 4.1484375, 4.671875, 0.150634765625, 11.3203125, 2.087890625, 1.8896484375, 0.67822265625, 0.1346435546875, 4.09375, 5.4609375, 0.55224609375, 7.96484375, 0.91064453125, 0.01342010498046875, 6.80859375, 9.828125, 0.8740234375, 3.150390625, 0.037109375, 6.5078125, 4.21875, 3.521484375, 0.943359375, 8.940696716308594e-06, 7.224082946777344e-05, 1.8358230590820312e-05, 0.00011777877807617188, 1.9788742065429688e-05, -0.0, 6.0078125, 0.1724853515625, 1.4365234375, 0.0216217041015625, -0.0, 1.239776611328125e-05, 3.0994415283203125e-06, 0.00010037422180175781, 1.9788742065429688e-05, 8.344650268554688e-07, 5.9921875, 4.140625, 0.1888427734375, 0.1605224609375, 10.4765625, 0.037109375, 1.10546875, 2.123046875, 3.787109375, 8.4296875, 2.759765625, 0.95166015625, 1.1787109375, 1.1298828125, 4.86328125, 2.98046875, 3.212890625, 8.7578125, 1.478515625, 6.140625, 0.55029296875, 5.68359375, 9.1171875, 6.50390625, 2.1875, 2.509765625, 0.0008931159973144531, 9.6171875, 3.01953125, 6.52734375, 0.97705078125, 4.76837158203125e-06, 3.743171691894531e-05, 3.337860107421875e-06, 1.7404556274414062e-05, 5.245208740234375e-05, -0.0, 4.98046875, 6.96484375, 7.03515625, 0.166015625, 0.85107421875, 0.026763916015625, -0.0, 8.26120376586914e-05, 4.887580871582031e-06, 1.4185905456542969e-05, 1.8358230590820312e-05, 8.344650268554688e-07, 7.52734375, 5.74609375, 2.751953125, 0.22900390625, 0.402099609375, 1.1005859375, 0.000247955322265625, 1.955078125, 4.12890625, 0.01226043701171875, 1.865234375, 9.625, 0.00862884521484375, 0.0252532958984375, 2.85546875, 1.1162109375, 2.78515625, 0.193603515625, 1.392578125, 0.0731201171875, 1.3349609375, 6.89453125, 3.396484375, 0.051910400390625, 4.52734375]",-0.6376091174426533
72,0,test,3.700506882574044,1.5860089977284968,2.2409114110700514,6.0339475282736,2.5861038434299055,3.6539701989422495,40.46781159075442,32.182387106463736,36.163593593467866,65.98573100148492,52.47573948569884,58.96738827979475,3.7351114498310953,1.5601703292412106,2.2377550782221762,5.574793208703127,2.3286124317032995,3.339932952570413,41.892694236633254,33.09102736665602,37.42283743980336,62.526409308407835,49.38959308456123,55.85498125343784,3.7223889453738344,1.6130172494074309,2.2627364714690494,6.069627834494915,2.630142776103836,3.689557558573737,41.36309033502862,33.12002982594965,37.05862697998977,67.44554857176642,54.00463462065676,60.42680577628905,0.7537688442211055,-0.0012311557788945438,0.008768844221105465,0.6733668341708543,-0.001633165829145744,-0.0066331658291456375,0.5527638190954773,-0.0072361809045227155,0.012763819095477302,0.41960784313725485,0.05952956525075781,0.14451005956489504,0.405511811023622,0.4371859296482412,0.08129620533746429,0.16339628023254837,0.4191919191919192,0.4274509803921569,0.07128659683051308,0.15365697778459497,0.40944881889763785,24.0,5.0,4.0,34.0,3.0,3.0,46.0,7.0,9.0,-9.909524159667787e-05,6.169796236697974e-05,1.3098491781963516e-05,-7.936596070123869e-05,-0.0001398081572467902,0.00011389473326595123,"[5.2109375, 10.0546875, 3.95703125, 5.3828125, 3.486328125, 0.72900390625, 4.64453125, 0.791015625, 5.25, 0.8193359375, 3.69921875, 1.9501953125, 9.140625, 3.330078125, 5.62109375, 8.5078125, 0.388916015625, 5.3828125, 1.2001953125, 0.296875, 4.5390625, 5.19140625, 2.36328125, 9.1796875, 5.60546875, 1.7177734375, 5.578125, 0.7529296875, 0.1109619140625, 2.3125, 2.189453125, 4.32421875, 0.4228515625, 0.040435791015625, 12.5234375, 3.28125, 6.171875, 0.06768798828125, 10.375, 2.1953125, 5.640625, 0.48828125, 2.08203125, 8.84375, 0.239013671875, 5.19921875, 6.3203125, 4.4140625, 1.6142578125, 0.3056640625, 0.04193115234375, 3.4140625, 5.984375, 2.390625, 0.490966796875, 9.390625, 0.953125, 11.3359375, 2.783203125, 3.189453125, 5.8671875, 7.01171875, 11.15625, 3.474609375, 3.166015625, 7.359375, 3.515625, 2.880859375, 2.751953125, 0.37841796875, 7.1328125, 10.0703125, 0.040771484375, 2.8359375, 3.10546875, 2.611328125, 7.4453125, 5.15234375, 2.09765625, 4.875, 4.65234375, 0.52880859375, 0.666015625, 3.208984375, 8.4296875, 0.6083984375, 2.677734375, 0.81005859375, 4.15234375, 2.310546875, 4.4453125, 2.224609375, 3.103515625, 0.08380126953125, 2.75390625, 1.0068359375, 2.455078125, 5.765625, 0.95947265625, 5.30859375, 0.2005615234375, 2.771484375, 3.658203125, 0.058441162109375, 1.1728515625, 0.0638427734375, 0.043121337890625, 7.56640625, 3.37890625, 0.0012884140014648438, 0.4541015625, 1.544921875, 7.68359375, 5.8046875, 1.3662109375, 2.853515625, 4.75, 5.76953125, 2.390625, 3.373046875, 5.203125, 2.017578125, 3.708984375, 3.27734375, 13.3046875, 6.171875, 0.044189453125, 9.0703125, 3.658203125, 4.18359375, 7.99609375, 7.2109375, 3.5390625, 6.1484375, 1.0302734375, 0.9599609375, 3.7109375, 6.640625, 6.68359375, 0.0140380859375, 4.7265625, 0.0003006458282470703, 0.345947265625, 0.465087890625, 5.625, 0.1942138671875, 8.7734375, 7.13671875, 7.5390625, 0.06573486328125, 0.01654052734375, 7.5078125, 3.458984375, 0.2330322265625, 3.328125, 0.79833984375, 4.23828125, 1.0439453125, 1.517578125, 0.03973388671875, 3.46875, 2.078125, 0.94873046875, 0.0008158683776855469, 4.28515625, 4.4453125, 9.3515625, 0.89892578125, 4.3984375, 0.29296875, 0.004810333251953125, 3.673828125, 8.703125, 4.12890625, 10.2890625, 0.110595703125, 2.7890625, 1.984375, 7.14453125, 0.065673828125, 5.3515625, 2.22265625, 2.93359375, 4.05859375, 5.640625, 2.634765625, 3.849609375, 7.81640625, 2.974609375, 1.4375, 8.1640625, 0.4990234375, 2.8671875, 0.205810546875, 5.3828125, 10.2734375, 6.9375, 5.73046875, 3.734375, 6.796875, 5.6484375, 0.50146484375, 2.357421875, 2.107421875, 6.0859375, 0.794921875, 3.796875, 1.3203125, 4.64453125, 0.63671875, 8.8359375, 0.80712890625, 3.873046875, 0.03607177734375, 5.53515625, 1.6650390625, 6.0, 3.986328125, 8.1953125, 8.7421875, 2.14453125, 3.625, 7.7109375, 3.603515625, 7.0859375, 6.2265625, 0.921875, 1.5390625, 3.623046875, 13.3203125, 0.12744140625, 3.201171875, 1.888671875, 2.751953125, 0.026519775390625, 0.41796875, 0.50341796875, 3.33984375, 2.947265625, 0.451171875, 2.794921875, 0.050537109375, 0.394775390625, 0.11956787109375, 6.203125, 7.6953125, 6.890625, 5.9765625, 1.474609375, 0.023712158203125, 2.05859375, 7.71875, 2.880859375, 7.38671875, 2.837890625]",-0.4212625456791299
57,0,test,3.1379157098507253,1.4006780952916802,1.9315335662017705,5.560451672377969,2.482030614454687,3.4227175110932926,23.055761846435093,17.37413496471994,19.714387699390386,40.85528783150674,30.78732724318248,34.934303591665866,2.552021227290283,1.0559634587768973,1.4845895616691447,4.4382977865917965,1.836458189177213,2.581894889859382,12.833016028785808,8.368960034543576,9.925114591013255,22.31828874571445,14.554713103554047,17.261068853936095,2.846821164606407,1.2510471148554565,1.7359305610370284,5.144857526397121,2.260928520823114,3.137223905488605,17.232914081766143,12.300768760963514,14.195852073168101,31.14382062969785,22.230304989693096,25.65515434909898,0.592964824120603,0.007964824120603065,-0.0020351758793969443,0.46733668341708545,-0.0076633165829145256,-0.0076633165829145256,0.33668341708542715,-0.013316582914572828,-0.008316582914572823,0.4105571847507331,0.11041077186639925,0.17399804496578686,0.4764705882352941,0.3919597989949749,0.10624551328068921,0.15322858029714514,0.4292929292929293,0.4046822742474916,0.12087593034098076,0.17553878147774749,0.4530201342281879,21.0,8.0,8.0,31.0,9.0,10.0,38.0,12.0,10.0,-0.001531359561017839,-0.00015136365857075848,-0.0006229186427746189,-0.02572418571521684,-0.031203083976340196,-0.027194167119661827,"[2.88671875, 2.212890625, 0.2330322265625, 0.0401611328125, 3.814697265625e-05, 1.2705078125, 0.01294708251953125, 0.01422119140625, 4.5859375, 3.326171875, 1.01171875, 10.1484375, 10.5390625, 1.095703125, 0.8046875, 0.5048828125, 3.126953125, 6.3046875, 3.41015625, 1.53125, 4.546875, 4.2578125, 1.4248046875, 5.53515625, 6.93359375, 7.23828125, 3.671875, 0.5556640625, 0.002635955810546875, 5.5859375, 4.33984375, 4.87890625, 0.0008988380432128906, 3.4140625, 7.48828125, 4.890625, 0.1480712890625, 1.5185546875, 0.164794921875, -0.0, 3.2186508178710938e-06, 0.0188751220703125, 4.076957702636719e-05, 6.556510925292969e-06, 1.1920928955078125e-06, 1.88671875, 0.38623046875, 0.0002987384796142578, 0.38037109375, 0.896484375, 0.1580810546875, -0.0, 7.62939453125e-06, 0.006710052490234375, 2.4437904357910156e-05, 6.4373016357421875e-06, 0.00034618377685546875, 0.98828125, 0.041534423828125, 0.0006651878356933594, 0.302734375, 2.7890625, 3.88671875, 0.4111328125, 0.00899505615234375, 7.16015625, 1.3681640625, 0.76904296875, 6.4373016357421875e-06, 3.337860107421875e-05, 0.0026493072509765625, 1.5854835510253906e-05, 1.0728836059570312e-06, 1.9073486328125e-05, 0.97509765625, 0.010955810546875, 0.0004992485046386719, 0.34130859375, 2.4453125, 6.17578125, 10.8203125, 5.02734375, 0.80810546875, 0.00901031494140625, 7.2109375, 0.00783538818359375, 1.01171875, 2.505859375, 8.078125, 0.224609375, 11.265625, 1.037109375, 0.73876953125, 1.32421875, 1.732421875, 0.0001678466796875, 1.1086463928222656e-05, 0.0001723766326904297, 3.5762786865234375e-07, 3.5762786865234375e-07, 1.430511474609375e-06, 2.298828125, 0.580078125, 0.005802154541015625, 0.46533203125, 0.136474609375, 2.3828125, 2.703125, 1.15234375, 3.478515625, 0.006427764892578125, 2.400390625, 3.64453125, 5.33984375, 2.103515625, 4.12109375, 0.018310546875, 7.50390625, 8.78125, 6.75, 5.31640625, 0.5654296875, 9.1484375, 1.2685546875, 2.6484375, 3.177734375, 6.06640625, 4.0234375, 2.962890625, 2.119140625, 4.1875, 0.796875, 0.10382080078125, 1.8203125, 0.626953125, 0.0153350830078125, 1.47265625, 3.251953125, 7.03515625, 2.0703125, 2.326171875, 2.40625, 2.482421875, 5.7578125, 7.29296875, 1.6591796875, 7.4375, 6.56640625, 7.96484375, 2.69921875, 3.015625, 5.234375, 2.58984375, 6.28125, 5.74609375, 1.3896484375, 3.1796875, 3.92578125, 0.6357421875, 5.84375, 4.609375, 3.173828125, 1.8125, 0.005462646484375, 4.078125, 3.7265625, 4.33203125, 0.53857421875, 0.07501220703125, 5.1796875, 0.7763671875, 2.30859375, 3.39453125, 8.234375, 4.18359375, 12.0546875, 0.572265625, 1.966796875, 3.37890625, 1.2626953125, 2.21875, 0.16455078125, 0.010498046875, 0.0007495880126953125, 0.21240234375, 10.8671875, 3.509765625, 0.2059326171875, 0.72119140625, 7.6953125, 0.7216796875, 1.384765625, 2.919921875, 0.0159149169921875, 2.142578125, 4.38671875, 0.00820159912109375, 0.330078125, 6.02734375, 4.83984375, 2.41796875, 7.61328125, 4.4453125, 7.01953125, 0.56884765625, 9.0078125, 7.9765625, 5.47265625, 3.3671875, 0.69287109375, 4.5390625, 5.6640625, 0.363037109375, 0.73388671875, 0.78515625, 2.138671875, 8.0703125, 4.9765625, 0.0005168914794921875, 1.912109375, 4.7734375, 2.939453125, 11.1171875, 3.048828125, 10.0, 5.15625, 0.00038743019104003906, 0.465087890625, 7.87109375, 5.05859375, 0.358642578125, 0.4404296875, 1.5869140625, 6.25, 2.212890625, 4.68359375, 1.5166015625, 7.78515625, 0.282470703125, 0.7763671875, 8.171875, 3.1953125, 8.0234375, 3.4375, 8.375, 3.9140625, 0.6630859375, 8.4453125, 5.3046875, 0.6083984375, 1.4326171875, 6.91015625, 7.69921875, 7.98046875, 7.5078125, 2.0265579223632812e-06, 4.5299530029296875e-06, 3.421306610107422e-05, 2.1457672119140625e-06, 3.5762786865234375e-07, 4.684925079345703e-05, 2.447265625, 0.226318359375, 0.008544921875, 1.3974609375, 0.56982421875, 1.623046875, 0.00016772747039794922, 3.259765625, 6.1640625, 7.765625, 3.0078125, 1.939453125, 5.140625, 2.498046875, 9.390625, 2.494140625, 1.1920928955078125e-05, 1.5616416931152344e-05, 4.5299530029296875e-05, 1.0728836059570312e-06, 1.1920928955078125e-07, 1.6689300537109375e-05, 0.92822265625, 0.065185546875, 0.10296630859375, 0.2734375, 6.3671875, 1.3212890625, 6.5546875, 5.23046875, 8.5546875, 4.12109375, 3.884765625, 11.1484375, 4.15625, 5.828125, 0.76220703125, 1.623046875, 5.85546875, 4.26953125, 8.8671875, 4.69921875, 7.5625, 1.9560546875, 7.88671875, 2.931640625, 1.158203125, 2.396484375, 5.5234375, 4.62890625, 4.58984375, 8.6484375, 5.41015625, 3.779296875, 0.417236328125, 4.38671875, 4.95703125, 2.02734375, 11.421875, 8.5, 1.27734375, 1.626953125, 12.1953125, 11.2734375, 7.3828125, 1.64453125, 12.03125, 0.107177734375, 12.828125, 2.208984375, 3.05859375, 8.140625, 1.146484375, 0.061981201171875, 2.15625, 6.30078125, 8.1875, 0.40087890625, 6.203125, 1.4072265625]",-1.0041150060916575
203,0,test,3.496346257433129,1.5604213184651003,2.1670032231816174,5.900084309418405,2.633210974909857,3.6568179391189797,32.99467739618968,26.064226059933148,29.21611720884202,55.678518106070086,43.98338147613719,49.30219778992091,3.5656341799539537,1.562924087617342,2.1919699182522456,5.797779154396673,2.5413399798655965,3.56417872886544,35.36187208520001,27.952763802599147,31.412074782983748,57.49897900032522,45.45164845951081,51.0765443625752,3.496346257433129,1.5604213184651003,2.1670032231816174,5.900084309418405,2.633210974909857,3.6568179391189797,32.99467739618968,26.064226059933148,29.21611720884202,55.678518106070086,43.98338147613719,49.30219778992091,0.7638190954773869,0.008819095477386907,0.008819095477386907,0.6381909547738693,-0.006809045226130683,0.0031909547738693256,0.4974874371859297,-0.012512562814070316,-0.012512562814070316,0.43122676579925645,0.08985385299777227,0.16052219225166686,0.4253731343283582,0.4170854271356784,0.06871449981738265,0.14496522680178858,0.4191919191919192,0.43122676579925645,0.08985385299777227,0.16052219225166686,0.4253731343283582,24.0,9.0,9.0,37.0,11.0,11.0,45.0,8.0,8.0,1.6691205612812238e-05,0.0003691135780940044,9.670512987583006e-05,-0.00017638486674709242,0.00021985158203818855,6.483093570341936e-05,"[2.6328125, 2.615234375, 2.884765625, 0.578125, 9.78125, 8.1484375, 5.77734375, 2.572265625, 3.54296875, 8.5234375, 3.068359375, 9.21875, 0.876953125, 8.1640625, 2.5859375, 0.85791015625, 5.0625, 4.48828125, 2.68359375, 1.6328125, 0.026763916015625, 6.4296875, 1.8701171875, 3.240234375, 3.189453125, 1.6513671875, 3.4453125, 6.02734375, 1.8515625, 2.470703125, 0.587890625, 5.078125, 0.1287841796875, 1.49609375, 4.40625, 3.970703125, 9.3203125, 0.85205078125, 0.1082763671875, 0.023040771484375, 0.2059326171875, 8.484375, 1.7138671875, 4.8828125, 6.36328125, 2.533203125, 3.896484375, 10.046875, 7.45703125, 6.375, 7.38671875, 2.828125, 5.5546875, 1.2333984375, 1.958984375, 0.4833984375, 9.0859375, 3.1328125, 2.703125, 4.48046875, 5.70703125, 6.36328125, 2.826171875, 3.8515625, 9.5234375, 2.392578125, 2.087890625, 0.085205078125, 3.9453125, 5.05078125, 9.0859375, 6.3984375, 5.8359375, 1.849609375, 2.623046875, 1.9931640625, 7.54296875, 7.98828125, 9.453125, 3.02734375, 6.6015625, 1.7529296875, 3.2578125, 0.71923828125, 0.01007843017578125, 13.0, 1.2197265625, 0.157470703125, 5.54296875, 0.4189453125, 3.265625, 0.15283203125, 7.52734375, 0.48486328125, 4.3984375, 0.018096923828125, 2.390625, 0.377197265625, 6.7890625, 2.849609375, 0.08740234375, 0.0027561187744140625, 0.281494140625, 0.282958984375, 0.01525115966796875, 2.220703125, 0.47119140625, 0.8349609375, 0.3740234375, 4.0625, 4.86328125, 2.623046875, 1.47265625, 0.00011086463928222656, 0.179443359375, 0.3017578125, 8.7109375, 3.271484375, 6.4765625, 4.6640625, 2.41796875, 0.64892578125, 0.004604339599609375, 7.59765625, 4.0234375, 2.583984375, 6.04296875, 0.157958984375, 12.8515625, 2.279296875, 6.8984375, 5.0078125, 6.23046875, 1.4404296875, 5.9140625, 2.44921875, 6.69140625, 1.419921875, 3.82421875, 5.0390625, 3.72265625, 6.55859375, 5.82421875, 0.426025390625, 0.389404296875, 4.6640625, 1.060546875, 0.00028967857360839844, 0.047515869140625, 0.6982421875, 5.3828125, 4.3671875, 3.77734375, 6.09375, 3.173828125, 5.09765625, 3.05078125, 5.35546875, 1.29296875, 0.259765625, 1.3388671875, 1.2373046875, 3.80859375, 0.12164306640625, 0.62890625, 1.6142578125, 0.176513671875, 2.5703125, 7.8671875, 1.6982421875, 4.12109375, 6.77734375, 5.6015625, 1.42578125, 8.5390625, 5.5859375, 1.8681640625, 3.318359375, 0.5654296875, 4.6171875, 2.783203125, 3.03515625, 4.49609375, 8.5703125, 1.3720703125, 0.1865234375, 0.22216796875, 2.947265625, 11.734375, 2.982421875, 1.24609375, 3.88671875, 6.09765625, 4.80859375, 1.0341796875, 2.419921875, 4.84765625, 0.030364990234375, 3.560546875, 0.85546875, 6.21875, 2.876953125, 7.5078125, 1.8779296875, 1.2314453125, 1.5341796875, 1.9697265625, 2.62109375, 8.765625, 5.40625, 1.154296875, 7.71875, 0.59375, 2.060546875, 0.0002040863037109375, 0.11822509765625, 0.2127685546875, 0.449462890625, 0.0015859603881835938, 9.0703125, 1.8876953125, 12.2578125, 5.296875, 4.08203125, 5.65625, 0.261962890625, 0.384033203125, 0.00658416748046875, 0.0126800537109375, 1.453125, 6.11328125, 1.9775390625, 5.2109375, 6.06640625, 2.74609375, 0.5556640625, 1.595703125, 3.107421875, 1.994140625, 1.8974609375, 4.17578125, 5.1796875, 7.43359375, 7.48046875, 1.716796875, 3.923828125, 3.0859375, 2.44140625, 1.4662742614746094e-05, 0.31494140625, 0.338623046875, 4.75, 6.1875, 5.9296875, 4.9375, 0.67822265625, 4.265625, 4.7734375, 3.375, 3.818359375, 3.2067298889160156e-05, 0.130859375, 0.1116943359375, 3.986328125, 6.37890625, 8.1015625, 0.053009033203125, 9.1171875, 6.07421875]",-0.48547313381748136
373,0,test,3.0860909781324755,1.3744237050696895,1.8609213841089738,5.6867294428508535,2.5326459284430234,3.4291135617288955,21.89133678863989,16.35314933350437,18.486593330668118,40.33909250940384,30.133893153873217,34.06518321606259,3.4619972604003983,1.4680256610270948,2.047509417077963,5.285492000611295,2.2412605511864037,3.125968575691546,31.880586803931365,24.53594089970066,27.76620808419553,48.67265160905552,37.459451755268184,42.39115738045119,3.0911817558633046,1.3712128858547754,1.8880480433748055,5.487304892065038,2.4341057145351046,3.3515645740381164,22.00306486857673,16.41871024791825,18.672527334904476,39.05869503297644,29.145639493345996,33.146498227641075,0.7688442211055276,0.003844221105527623,-0.0011557788944723812,0.6231155778894473,0.008115577889447279,-0.006884422110552735,0.507537688442211,0.002537688442211028,0.012537688442211037,0.44036697247706424,0.11517613278240779,0.18604347298571122,0.43251533742331283,0.4321608040201005,0.08629614236596517,0.15503225644080165,0.5,0.4381270903010034,0.09922892669499339,0.17895022711969077,0.44630872483221473,21.0,3.0,2.0,33.0,5.0,5.0,41.0,4.0,4.0,8.186113331746978e-05,0.00010977314406845243,0.00032484341543627653,-0.015379075507744311,-0.014727479887530315,-0.016882791358956872,"[2.88671875, 2.212890625, 0.2330322265625, 0.0401611328125, 3.814697265625e-05, 1.2705078125, 0.01294708251953125, 0.01422119140625, 4.5859375, 9.546875, 0.0819091796875, 4.6484375, 0.64306640625, 1.7763671875, 2.740234375, 0.286865234375, 1.0888671875, 3.6328125, 4.30859375, 0.79443359375, 11.46875, 10.21875, 2.013671875, 8.296875, 0.7431640625, 7.9609375, 5.171875, 6.7421875, 2.564453125, 0.58203125, 2.71875, 1.5556640625, 1.765625, 5.08203125, 1.5361328125, 0.88720703125, 4.04296875, 2.34765625, 2.25, 3.517578125, 0.008819580078125, 3.630859375, 2.087890625, 4.73046875, 0.0020465850830078125, 4.4609375, 6.74609375, 0.0033321380615234375, 3.9765625, 5.1015625, 4.82421875, 0.12451171875, 0.6708984375, 9.734375, 1.96875, 0.0208740234375, 0.693359375, 2.162109375, 1.658203125, 7.51171875, 2.240234375, 4.30859375, 2.884765625, 4.359375, 0.671875, 1.6923828125, 1.984375, 3.275390625, 0.424560546875, 1.8994140625, 5.10546875, 4.4609375, 6.7109375, 1.8251953125, 6.9453125, 4.68359375, 1.701171875, 4.69140625, 2.048828125, 1.1044921875, 3.75, 3.212890625, 0.00968170166015625, 0.0002110004425048828, 4.935264587402344e-05, 4.76837158203125e-07, 3.6954879760742188e-06, 3.541015625, 3.859375, 0.08953857421875, 0.451904296875, 9.15625, 2.21875, 5.19140625, 5.703125, 0.29150390625, 3.08984375, 2.55859375, 0.0254364013671875, 2.09765625, 5.671875, 0.1671142578125, 3.75, 1.060546875, 1.78125, 8.3828125, 3.1328125, 2.927734375, 12.125, 3.0, 1.98046875, 5.54296875, 3.384765625, 1.6064453125, 0.6298828125, 0.4384765625, 6.8671875, 3.828125, 0.1304931640625, 7.078125, 2.681640625, 7.02734375, 7.08984375, 2.419921875, 6.1875, 0.619140625, 5.109375, 3.568359375, 6.7265625, 0.033172607421875, 3.203125, 6.00390625, 1.3251953125, 4.49609375, 9.4375, 1.6416015625, 6.21484375, 4.46484375, 3.2890625, 5.984375, 1.591796875, 0.02789306640625, 0.4326171875, 5.99609375, 2.828125, 4.66015625, 4.453125, 9.3671875, 13.1484375, 3.150390625, 1.7802734375, 8.9453125, 1.6484375, 6.046875, 6.4765625, 0.0977783203125, 4.203125, 0.09564208984375, 8.7578125, 3.71484375, 0.330322265625, 0.3486328125, 0.47265625, 4.6015625, 0.52490234375, 1.2626953125, 3.341796875, 4.98828125, 4.37109375, 2.376953125, 8.4453125, 3.38671875, 1.837890625, 6.39453125, 6.84765625, 9.03125, 6.19921875, 3.251953125, 4.51171875, 1.0234375, 1.2138671875, 0.0002143383026123047, 6.96484375, 1.638671875, 4.765625, 4.65625, 5.3203125, 1.791015625, 3.388671875, 5.34375, 4.4765625, 3.423828125, 6.0859375, 8.390625, 1.3154296875, 3.68359375, 0.193115234375, 8.5078125, 1.185546875, 4.9453125, 3.98046875, 2.505859375, 7.04296875, 3.775390625, 3.6484375, 2.068359375, 0.000690460205078125, 0.00023603439331054688, 1.3113021850585938e-06, 4.76837158203125e-07, 9.5367431640625e-07, 3.265625, 3.640625, 0.40625, 0.2401123046875, 3.935546875, 1.0908203125, 3.267578125, 2.66796875, 0.02838134765625, 9.015625, 2.134765625, 0.78564453125, 0.00783538818359375, 8.265625, 3.88671875, 6.2578125, 1.359375, 1.2802734375, 3.5625, 0.0026397705078125, 0.0001881122589111328, 7.867813110351562e-06, 1.1920928955078125e-06, 2.086162567138672e-05, 6.17578125, 1.8720703125, 0.802734375, 0.289794921875, 2.9802322387695312e-06, 0.00019097328186035156, 2.86102294921875e-06, 1.430511474609375e-05, 0.00017976760864257812, 6.2734375, 2.646484375, 0.1793212890625, 0.69873046875, 6.27734375, 9.2890625, 10.53125, 2.0078125, 4.4296875, 4.6484375, 8.6796875, 2.4453125, 2.27734375, 5.3203125, 2.11328125, 4.7265625, 2.912109375, 0.51806640625, 1.1376953125, 0.00014889240264892578, 2.944469451904297e-05, 3.6954879760742188e-06, 5.960464477539062e-07, 5.245208740234375e-06, 4.47265625, 5.7578125, 8.859375, 0.73486328125, 1.80078125, 0.401123046875, 0.004245758056640625, 0.0044403076171875, 7.1328125, 10.0703125, 0.14990234375, 4.1171875, 0.6630859375, 0.91650390625, 0.55126953125, 0.482177734375, 1.951171875, 3.4921875, 0.1263427734375, 1.205078125, 8.58306884765625e-06, 2.181529998779297e-05, 2.7418136596679688e-06, 1.1920928955078125e-06, 2.5033950805664062e-06, 3.31640625, 5.3984375, 2.572265625, 0.197265625, 2.482421875, 5.34375, 1.982421875, 4.0625, 4.8125, 3.513671875, 8.1484375, 1.154296875, 2.025390625, 6.389617919921875e-05, 1.3470649719238281e-05, 1.3113021850585938e-06, 1.6689300537109375e-06, 1.430511474609375e-06, 3.24609375, 12.75, 9.3828125, 0.2041015625, 1.0244140625, 0.13623046875, -0.0, 7.62939453125e-06, 1.1920928955078125e-06, 3.337860107421875e-06, 4.971027374267578e-05, 5.67578125, 12.078125, 9.1953125, 2.474609375, 0.77783203125]",-1.0576491990220656
2,0,test,3.2267103637684746,1.3943945483335638,1.8636745950609979,5.9292850339298875,2.5622884593743662,3.4246203218887374,25.196632730118054,18.94829281156812,21.28859351499002,46.30041141270424,34.81869034409979,39.11914138287506,3.373298244859705,1.3735932364628776,1.9208182853303952,5.622163741432842,2.2893220607714624,3.201363808883992,29.17459349842768,21.787716787535196,24.900893511446814,48.62432249737947,36.31286131255866,41.50148918574469,3.269457785580868,1.4275237084501347,1.9700510257172998,5.669579974995725,2.4754746389308693,3.416273455001098,26.297076822708874,19.98834878684622,22.62995628359813,45.60186732261654,34.66187650898188,39.242698757684614,0.6733668341708543,0.0033668341708543714,-0.0066331658291456375,0.5628140703517588,-0.0021859296482411583,0.00781407035175885,0.46733668341708545,0.0023366834170854833,0.0023366834170854833,0.4238227146814404,0.11676877277272668,0.16380316433930941,0.41666666666666663,0.44221105527638194,0.12391531592801097,0.1767686512697041,0.4292929292929293,0.4247491638795987,0.1125621855824368,0.17447107711652865,0.4261744966442953,20.0,11.0,11.0,34.0,20.0,20.0,38.0,15.0,14.0,0.0008260231630750875,-3.32434283720496e-05,6.388824022309816e-05,-0.026557541953523334,-0.0252930194786245,-0.025741006573930747,"[2.88671875, 2.212890625, 0.2330322265625, 0.0401611328125, 3.814697265625e-05, 1.2705078125, 0.01294708251953125, 0.01422119140625, 8.5859375, 11.484375, 7.80078125, 1.3974609375, 5.1640625, 4.91015625, 4.3671875, 0.6884765625, 2.263671875, 5.30078125, 1.4443359375, 2.82421875, 5.95703125, 1.1572265625, 2.1484375, 1.7822265625, 0.02081298828125, 2.724609375, 3.875, 5.34765625, 0.0004825592041015625, 5.1796875, 9.0703125, 9.0859375, 10.4140625, 0.374267578125, 0.84326171875, 2.328125, 5.4140625, 4.1484375, 7.27734375, 1.9765625, 6.91796875, 3.21484375, 3.25390625, 3.751953125, 0.9365234375, 1.1328125, 6.2734375, 1.982421875, 0.00020623207092285156, 0.0009899139404296875, 0.0013675689697265625, 0.00026106834411621094, 2.6226043701171875e-06, -0.0, 7.08984375, 5.671875, 0.2225341796875, 0.41259765625, 7.32421875, 0.016265869140625, 11.8359375, 3.453125, 4.96484375, 7.5234375, 7.77734375, 2.0546875, 1.0419921875, 5.76171875, 0.11639404296875, 0.72705078125, 7.390625, 4.4609375, 0.7646484375, 7.234375, 1.9697265625, 1.5830078125, 4.90625, 7.3671875, 1.615234375, 5.21484375, 1.962890625, 3.390625, 7.41796875, 2.2265625, 0.0005092620849609375, 1.734375, 2.0503997802734375e-05, 1.0132789611816406e-05, 0.0004391670227050781, 8.785724639892578e-05, 1.1920928955078125e-07, 8.344650268554688e-07, 6.63671875, 5.2421875, 1.5126953125, 0.86669921875, 3.841796875, 0.939453125, 8.5078125, 4.87109375, 9.4140625, 5.6015625, 5.7734375, 3.498046875, 1.193359375, 6.31640625, 6.578125, 1.3701171875, 6.3828125, 4.62890625, 1.18359375, 2.384185791015625e-06, 7.987022399902344e-06, 7.283687591552734e-05, 4.780292510986328e-05, 2.384185791015625e-07, 1.1920928955078125e-07, 4.34765625, 5.3671875, 6.84375, 0.06585693359375, 0.76171875, 6.2265625, 14.5546875, 9.59375, 9.4140625, 6.921875, 2.162109375, 4.265625, 2.130859375, 5.22265625, 4.1171875, 11.765625, 6.63671875, 5.80859375, 4.66796875, 1.490234375, 1.1142578125, 7.37905502319336e-05, 0.00011098384857177734, 4.8041343688964844e-05, 6.151199340820312e-05, -0.0, 6.198883056640625e-06, 10.1640625, 2.00390625, 0.206787109375, 0.8125, 4.71875, 4.41015625, 7.9765625, 6.3125, 4.22265625, 0.88330078125, 3.625, 0.33984375, 8.359375, 4.02734375, 3.0859375, 0.8408203125, 4.62109375, 2.83984375, 5.81640625, 0.7373046875, 0.374267578125, 5.80078125, 1.9189453125, 1.7900390625, 1.033203125, 8.4296875, 9.671875, 1.7451171875, 2.71875, 3.75390625, 0.337158203125, 0.1324462890625, 6.625, 1.7216796875, 2.794921875, 8.75, 3.470703125, 3.55078125, 2.06640625, 2.58203125, 6.078125, 3.88671875, 2.853515625, 7.9921875, 0.10394287109375, 0.400146484375, 6.41796875, 0.83251953125, 8.940696716308594e-06, 0.00018727779388427734, 4.1484832763671875e-05, 0.00014674663543701172, -0.0, 8.344650268554688e-07, 3.28125, 0.01568603515625, 0.329833984375, 2.1484375, 0.052398681640625, -0.0, 4.8995018005371094e-05, 2.288818359375e-05, 0.0001310110092163086, -0.0, 0.00012350082397460938, 7.98828125, 0.0006918907165527344, 0.33154296875, 0.150390625, 1.115234375, 0.00014472007751464844, 1.8798828125, 10.921875, 1.3251953125, 1.4462890625, 6.1640625, 0.1395263671875, 2.9609375, 1.875, 9.5367431640625e-05, 5.7265625, 3.919921875, 2.296875, 2.142578125, 2.0265579223632812e-06, 7.450580596923828e-05, 4.0531158447265625e-05, 1.3232231140136719e-05, 2.384185791015625e-07, -0.0, 7.33203125, 3.54296875, 0.0869140625, 2.796875, 6.8125, 2.953125, 6.828125, 0.7001953125, 5.1953125, 0.38720703125, 10.046875, 3.486328125, 4.48828125, 1.8779296875, 9.4453125, 7.98828125, 1.8603515625, 0.751953125, 0.70849609375, 4.875, 6.53515625, 4.55078125, 0.19189453125, 8.3125, 0.264892578125, 7.54296875, 2.578125, 0.794921875, 0.122314453125, 8.078125, 1.267578125, 0.380126953125, 2.650390625, 3.6796875, 8.171875, 7.515625, 1.5146484375, 1.3232421875, 4.21484375, 6.71484375, 8.4296875, 5.48828125, 3.70703125, 5.61328125, 2.83984375, 0.354736328125, 1.3193359375, 0.1964111328125, 0.005352020263671875, 14.2109375, 3.634765625, 4.47265625, 1.29296875, 0.3408203125, 7.033348083496094e-06, 0.003795623779296875, 3.993511199951172e-05, 5.257129669189453e-05, 5.960464477539062e-07, 3.5762786865234375e-07, 8.8046875, 10.765625, 11.1484375, 6.06640625, 6.55078125, 1.69140625, 0.4326171875, 3.55078125, 3.875, 2.279296875, 9.875, 2.724609375, 5.37109375, 0.82861328125, 5.85546875, 2.6015625, 4.0546875, 1.265625, 6.82421875, 0.348876953125, 0.254150390625, 3.587890625, 3.115234375, 0.28125, 1.427734375, 8.6640625, 1.1650390625, 1.0166015625, 8.6640625, 0.428955078125, 5.70703125, 5.29296875, 1.638671875, 2.03125, 9.5367431640625e-07, 0.00019037723541259766, 3.62396240234375e-05, 3.0040740966796875e-05, 1.1920928955078125e-07, 3.5762786865234375e-07, 6.26171875, 0.0142974853515625, 0.13525390625, 0.01119232177734375, 0.007175445556640625, 0.169677734375, 0.3857421875, 8.4140625, 4.19921875, 1.765625, 6.15625, 4.7265625, 1.5712890625, 4.21875, 3.40625, 0.0906982421875, 1.638671875, 8.5703125, 4.859375, 2.220703125, 9.59375, 0.79248046875, 6.15234375, 8.4140625, 0.8916015625, 1.5888671875, 7.30078125]",-0.7221927200327949
157,0,test,3.730245520328653,1.7324632102222322,2.390838550262189,6.486173180869971,3.0124173729983585,4.157204344858881,41.68934248867966,34.31665486796978,37.872563119013,72.48967761091313,59.670004359977305,65.85303885619425,3.7242280777974344,1.734429015386444,2.3535640788783754,6.259206853441066,2.915006748548645,3.955569880467858,41.43923253193364,34.125168587664795,37.501267900125846,69.64576896123302,57.3532245170837,63.027341008614876,3.730245520328653,1.7324632102222322,2.390838550262189,6.486173180869971,3.0124173729983585,4.157204344858881,41.68934248867966,34.31665486796978,37.872563119013,72.48967761091313,59.670004359977305,65.85303885619425,0.7889447236180904,-0.001055276381909609,-0.011055276381909618,0.6633165829145728,0.008316582914572823,-0.011683417085427195,0.5025125628140703,0.002512562814070307,-0.007487437185929702,0.4137931034482759,0.061104931405265184,0.14301946447979452,0.4199134199134199,0.42211055276381915,0.07875215677384417,0.1483209033481263,0.4191919191919192,0.4137931034482759,0.061104931405265184,0.14301946447979452,0.4199134199134199,25.0,0.0,0.0,36.0,-1.0,0.0,45.0,0.0,-1.0,-0.00022300679079577298,0.00014458108785265505,8.884426699825869e-05,8.002224209047171e-05,-1.3385908281371428e-05,-4.3536860872883665e-05,"[2.310546875, 2.306640625, 9.03125, 5.48046875, 8.75, 1.4970703125, 8.21875, 6.9609375, 1.7734375, 3.66796875, 1.443359375, 3.388671875, 2.474609375, 4.44140625, 0.9345703125, 5.3828125, 1.0087890625, 3.623046875, 1.7568359375, 5.01953125, 3.7578125, 1.4287109375, 5.015625, 10.0234375, 0.80859375, 0.00737762451171875, 2.775390625, 8.140625, 2.892578125, 0.1431884765625, 0.6162109375, 0.18017578125, 2.388671875, 1.8974609375, 6.4140625, 4.1015625, 0.3701171875, 2.1328125, 7.25, 4.23046875, 8.9609375, 2.74609375, 5.58203125, 4.09765625, 2.37109375, 1.1533203125, 3.177734375, 2.505859375, 1.5771484375, 0.0305938720703125, 3.65625, 4.21484375, 1.1416015625, 7.36328125, 0.054595947265625, 4.22265625, 1.09765625, 3.888671875, 0.11676025390625, 3.091796875, 7.03125, 2.2109375, 2.595703125, 3.7734375, 1.63671875, 5.84375, 4.89453125, 5.34375, 0.01169586181640625, 3.001953125, 6.55078125, 0.22412109375, 5.9921875, 2.541015625, 4.078125, 0.42431640625, 2.140625, 0.00934600830078125, 2.6328125, 5.00390625, 8.9921875, 2.3203125, 3.662109375, 3.1171875, 1.9501953125, 1.6923828125, 1.271484375, 3.73828125, 8.0859375, 1.1201171875, 1.78125, 2.67578125, 9.5078125, 0.35009765625, 2.09765625, 1.5498046875, 7.81640625, 8.6953125, 3.9609375, 1.984375, 4.99609375, 4.8828125, 7.828125, 0.007965087890625, 9.65625, 1.16796875, 6.6796875, 9.1796875, 0.09814453125, 1.70703125, 0.69140625, 0.0204925537109375, 4.8515625, 6.93359375, 2.353515625, 9.40625, 2.65234375, 12.0703125, 7.7890625, 1.42578125, 6.2421875, 0.0012874603271484375, 12.984375, 11.7734375, 1.494140625, 4.29296875, 10.171875, 0.68701171875, 1.88671875, 6.92578125, 3.169921875, 0.00897216796875, 7.34765625, 0.4814453125, 0.48876953125, 2.734375, 0.6435546875, 3.96875, 3.08984375, 3.138671875, 7.7578125, 0.05877685546875, 7.0546875, 7.234375, 1.4296875, 8.4765625, 2.455078125, 0.75244140625, 2.69140625, 9.625, 0.7119140625, 3.6796875, 6.39453125, 0.0362548828125, 3.703125, 2.328125, 0.0016222000122070312, 6.35546875, 11.390625, 4.7109375, 1.5888671875, 8.3125, 8.3828125, 1.14453125, 0.440673828125, 0.005950927734375, 3.3671875, 1.1044921875, 3.1015625, 2.775390625, 7.8046875, 0.1016845703125, 4.4140625, 9.359375, 0.1934814453125, 0.21337890625, 2.861328125, 3.3046875, 4.59765625, 3.39453125, 6.7265625, 7.26953125, 1.0576171875, 1.3046875, 4.36328125, 6.37890625, 4.46875, 0.002254486083984375, 6.046875, 3.33984375, 2.384765625, 5.171875, 6.4296875, 6.265625, 3.890625, 3.08203125, 1.255859375, 0.43115234375, 0.3955078125, 4.40625, 0.87939453125, 0.4609375, 4.75, 0.0181121826171875, 7.984375, 0.471435546875, 8.9375, 3.541015625, 4.29296875, 0.234375, 0.08624267578125, 6.04296875, 2.484375, 5.87890625, 0.03424072265625, 4.94140625, 2.88671875, 3.31640625, 1.65234375, 3.23046875, 2.994140625, 2.55078125, 13.1796875, 8.71875, 8.1640625, 0.71630859375, 4.90234375, 5.484375, 0.9541015625, 1.4716796875, 0.169189453125, 2.662109375]",-0.47917134597383715
340,0,test,3.7391895090703997,1.7008025333994907,2.347285347107129,6.4436347514798085,2.93094273051233,4.0450074535053675,42.06388394907011,34.38566989041554,38.04138168810722,72.4874478116051,59.25580849040162,65.55558856944263,3.715506079208911,1.59448012484977,2.2615053747566902,6.090993572473625,2.613901844016017,3.7073858602568697,41.07937124043444,32.739681999820675,36.79916710157185,67.3432315416958,53.67160983577159,60.32650344519975,3.7391895090703997,1.7008025333994907,2.347285347107129,6.4436347514798085,2.93094273051233,4.0450074535053675,42.06388394907011,34.38566989041554,38.04138168810722,72.4874478116051,59.25580849040162,65.55558856944263,0.7487437185929648,0.003743718592964851,-0.006256281407035158,0.6231155778894473,-0.0018844221105527303,-0.01188442211055274,0.5326633165829145,0.01266331658291453,0.01266331658291453,0.4432234432234432,0.10073260073260071,0.17338217338217332,0.42647058823529416,0.42713567839195976,0.08542713567839189,0.16415410385259632,0.4040404040404041,0.4432234432234432,0.10073260073260071,0.17338217338217332,0.42647058823529416,19.0,2.0,3.0,31.0,3.0,4.0,42.0,2.0,3.0,-0.0007675919585320831,-6.508025056593295e-05,0.00018261469992674975,-0.00020410455418851114,0.00020435748183800229,5.0812707827141423e-05,"[4.7265625, 2.951171875, 10.109375, 2.76953125, 6.13671875, 3.08984375, 9.6171875, 8.125, 1.140625, 4.39453125, 9.640625, 5.625, 4.69140625, 4.609375, 0.72314453125, 3.76171875, 8.15625, 3.150390625, 8.71875, 2.091796875, 3.203125, 2.037109375, 5.1796875, 7.39453125, 2.671875, 2.57421875, 0.302490234375, 0.0292510986328125, 11.5625, 5.55078125, 0.08270263671875, 5.53515625, 3.435546875, 5.75, 0.6875, 0.61865234375, 7.5703125, 1.626953125, 5.85546875, 3.64453125, 2.58984375, 5.51953125, 7.3203125, 5.22265625, 1.240234375, 4.7421875, 0.9716796875, 0.6474609375, 6.33984375, 9.015625, 15.1875, 0.150390625, 0.0018033981323242188, 8.7421875, 0.72705078125, 3.068359375, 0.91455078125, 4.18359375, 0.030242919921875, 7.44921875, 3.376953125, 0.467529296875, 1.7587890625, 3.197265625, 1.0625, 0.164794921875, 3.68359375, 2.533203125, 0.1754150390625, 3.66796875, 3.521484375, 0.447265625, 0.7138671875, 7.87109375, 1.1083984375, 3.03125, 1.412109375, 8.5625, 2.265625, 0.05078125, 6.625, 2.09375, 6.9921875, 0.048248291015625, 3.54296875, 8.3984375, 0.9951171875, 0.0667724609375, 4.27734375, 1.689453125, 0.244384765625, 1.734375, 0.84912109375, 1.5634765625, 0.66455078125, 6.5, 0.52587890625, 1.6279296875, 3.806640625, 0.0091705322265625, 0.93310546875, 0.005779266357421875, 5.88671875, 4.33984375, 0.58984375, 2.337890625, 9.296875, 2.78515625, 2.572265625, 6.68359375, 6.62890625, 5.98828125, 0.352783203125, 5.05859375, 2.1640625, 0.0238037109375, 0.02166748046875, 0.321044921875, 6.984375, 5.48828125, 0.033599853515625, 1.5234375, 6.8984375, 6.54296875, 5.12109375, 2.853515625, 1.158203125, 0.66064453125, 0.0007348060607910156, 4.94140625, 0.6787109375, 3.84375, 9.3046875, 5.88671875, 1.4384765625, 3.8828125, 3.0625, 0.0295562744140625, 0.147216796875, 0.01267242431640625, 0.00014865398406982422, 4.265625, 0.52685546875, 11.125, 1.0390625, 4.47265625, 6.51953125, 0.58837890625, 0.016326904296875, 0.0003790855407714844, 4.66796875, 2.318359375, 7.05078125, 4.37890625, 3.224609375, 1.4287109375, 3.29296875, 0.230712890625, 6.265625, 1.7490234375, 2.462890625, 3.638671875, 3.208984375, 6.39453125, 7.109375, 3.54296875, 4.8828125, 2.9296875, 1.275390625, 0.9326171875, 0.53173828125, 3.150390625, 6.1171875, 5.5, 6.0546875, 1.3134765625, 1.19140625, 9.5625, 8.4921875, 6.1640625, 2.357421875, 10.3515625, 0.109619140625, 5.7421875, 2.25, 3.830078125, 11.71875, 3.955078125, 1.0927734375, 4.171875, 8.1796875, 1.6787109375, 3.283203125, 6.23046875, 1.171875, 5.08984375, 6.02734375, 4.55859375, 12.6796875, 6.56640625, 0.311279296875, 4.36328125, 0.00043773651123046875, 6.171875, 1.0751953125, 0.5556640625, 6.3125, 1.05078125, 7.53515625, 4.36328125, 7.84375, 4.65625, 1.150390625, 5.12890625, 0.9111328125, 1.32421875, 0.666015625, 3.537109375, 2.53515625, 7.80078125, 4.13671875, 7.63671875, 1.4111328125, 5.37890625, 7.62890625, 2.44140625, 6.8359375, 3.01953125, 4.015625, 12.8203125, 1.98828125, 1.23828125, 3.80859375, 1.92578125, 6.4453125, 6.98828125, 0.50830078125, 7.2578125, 3.298828125, 7.140625, 2.439453125, 0.255615234375, 0.88671875, 5.42578125, 0.050262451171875, 3.6796875, 2.9765625, 6.74609375, 1.4462890625, 5.96875, 3.154296875, 6.25, 2.2578125, 5.59375, 2.935546875, 3.185546875, 1.484375, 9.421875, 0.312744140625, 7.8046875, 5.05078125, 4.3671875, 4.953125, 6.125, 6.14453125, 1.4658203125, 1.966796875, 0.376708984375, 0.0004935264587402344, 7.08203125, 0.005214691162109375, 3.35546875, 4.33203125]",-0.512662049614903
475,0,test,3.8574273908188577,1.773547507791077,2.4647544967809645,5.847565089266803,2.6885624640399763,3.7363794282412073,47.34339850592352,39.30781286294104,43.31780282960092,71.7689735312726,59.587639881401074,65.66647817480904,3.7943951161063496,1.7079463316567578,2.399873186994837,5.5392629432209475,2.493352308987967,3.503464506561805,44.45134037201787,36.395085564495716,40.4182943422378,64.89246769637644,53.13151177298644,59.004809258741304,3.8574273908188577,1.773547507791077,2.4647544967809645,5.847565089266803,2.6885624640399763,3.7363794282412073,47.34339850592352,39.30781286294104,43.31780282960092,71.7689735312726,59.587639881401074,65.66647817480904,0.7638190954773869,0.0038190954773869024,0.013819095477386911,0.6281407035175879,-0.0018592964824121205,-0.0018592964824121205,0.5175879396984925,0.012587939698492479,0.007587939698492474,0.4683544303797469,0.14345991561181437,0.20534458509142062,0.44067796610169496,0.457286432160804,0.1306532663316583,0.20100502512562812,0.4242424242424242,0.4683544303797469,0.14345991561181437,0.20534458509142062,0.44067796610169496,25.0,1.0,2.0,39.0,2.0,4.0,46.0,2.0,3.0,0.0001423124828284421,-1.3795551924123803e-05,-0.0001155846241829519,4.537263278781012e-05,-4.0869005880850295e-05,-6.618974063954397e-05,"[9.1953125, 7.61328125, 7.76953125, 2.078125, 0.1307373046875, 10.6875, 2.1484375, 5.125, 1.7626953125, 1.1650390625, 4.578125, 0.077880859375, 8.3984375, 9.421875, 8.3203125, 0.37158203125, 6.33984375, 5.78515625, 4.2265625, 2.0078125, 6.10546875, 4.12109375, 4.01953125, 0.02520751953125, 0.05322265625, 0.859375, 0.00447845458984375, 0.9111328125, 1.5048828125, 0.3369140625, 3.9140625, 0.481201171875, 7.296875, 3.009765625, 4.09765625, 2.42578125, 3.96484375, 4.76953125, 0.8955078125, 6.1328125, 4.3671875, 7.00390625, 0.1748046875, 5.90625, 2.3125, 0.488525390625, 1.9990234375, 7.78125, 1.17578125, 4.08984375, 2.046875, 0.369384765625, 7.71484375, 0.177978515625, 7.03125, 3.546875, 5.3359375, 4.0078125, 5.6875, 0.52783203125, 0.0030536651611328125, 0.0106353759765625, 0.003528594970703125, 0.001422882080078125, 4.8046875, 1.384765625, 2.466796875, 5.7734375, 6.52734375, 7.1015625, 0.11773681640625, 1.89453125, 4.7265625, 4.3125, 3.728515625, 0.89453125, 7.0625, 0.080322265625, 5.04296875, 2.125, 0.37451171875, 1.849609375, 7.80078125, 0.385009765625, 4.3828125, 1.1396484375, 1.90234375, 8.3984375, 6.7578125, 0.8408203125, 8.546875, 2.515625, 1.51171875, 8.78125, 0.8271484375, 1.162109375, 2.693359375, 2.82421875, 3.94921875, 2.1796875, 2.2421875, 4.27734375, 1.68359375, 8.7734375, 4.31640625, 0.20556640625, 2.587890625, 9.7421875, 5.75390625, 2.376953125, 0.556640625, 1.802734375, 0.455078125, 12.1640625, 8.734375, 0.95751953125, 5.07421875, 1.83203125, 0.00038504600524902344, 5.65625, 6.60546875, 1.6787109375, 5.984375, 1.7490234375, 0.4755859375, 0.01125335693359375, 9.875, 5.1953125, 12.6015625, 1.4423828125, 1.2421875, 8.421875, 3.255859375, 5.46875, 10.296875, 1.4755859375, 2.59375, 4.71875, 2.33203125, 0.49267578125, 0.5439453125, 0.006977081298828125, 6.36328125, 0.401611328125, 0.12939453125, 10.8046875, 4.3828125, 0.87255859375, 1.1201171875, 0.82763671875, 10.21875, 5.671875, 2.958984375, 9.3203125, 1.6708984375, 0.88525390625, 7.84765625, 1.4912109375, 5.6484375, 1.37890625, 4.34765625, 2.6875, 7.69921875, 8.5625, 0.94873046875, 6.8515625, 6.13671875, 3.2734375, 4.19140625, 5.69921875, 2.240234375, 3.646484375, 0.0179595947265625, 5.6796875, 2.619140625, 3.111328125, 3.318359375, 3.109375, 0.8701171875, 9.9765625, 5.22265625, 6.625, 0.91162109375, 4.890625, 0.385986328125, 8.5390625, 1.6015625, 8.84375, 4.953125, 0.412353515625, 10.3515625, 1.283203125, 5.2109375, 4.29296875, 3.7265625, 0.595703125, 2.947265625, 3.134765625, 1.841796875, 6.0, 0.9150390625, 3.865234375, 0.1724853515625, 6.9765625, 4.49609375, 2.46875, 9.3046875, 7.54296875, 3.076171875, 2.7890625, 7.62109375, 5.85546875, 2.443359375, 4.30859375, 8.7890625, 0.41455078125, 0.029632568359375, 0.00048160552978515625, 4.1640625, 1.1875, 3.779296875, 5.09765625, 0.385498046875, 2.048828125, 7.89453125, 7.2109375, 2.3828125, 6.3046875, 1.7080078125, 0.324462890625, 8.9375, 10.65625, 4.80078125, 1.45703125, 8.6640625, 5.8671875, 5.09375]",-0.5828997766921287
286,0,test,3.2264295724722056,1.4844288227858244,2.0366626248493063,6.132352896023331,2.82139782873862,3.871007770408946,25.189558728157717,19.48080493657991,21.903243493604343,47.87684341047195,37.02643057482407,41.63066809711553,3.5691856020060015,1.657696703271051,2.2774165886730406,5.899480333894218,2.7399945508612413,3.764324939955439,35.48768028430073,28.724529331494747,31.84846159310571,58.65732278396815,47.478560878503714,52.64208527786068,3.2264295724722056,1.4844288227858244,2.0366626248493063,6.132352896023331,2.82139782873862,3.871007770408946,25.189558728157717,19.48080493657991,21.903243493604343,47.87684341047195,37.02643057482407,41.63066809711553,0.7185929648241206,0.003592964824120526,-0.006407035175879372,0.6030150753768844,0.0030150753768843908,0.008015075376884395,0.5025125628140703,0.022512562814070325,0.01751256281407032,0.4300699300699301,0.1223776223776224,0.19114219114219122,0.3649122807017544,0.4321608040201005,0.11557788944723613,0.1792294807370184,0.33838383838383834,0.4300699300699301,0.1223776223776224,0.19114219114219122,0.3649122807017544,23.0,5.0,0.0,37.0,5.0,3.0,45.0,7.0,4.0,0.0008525862417260039,0.0006642195059316347,0.00026485935834232954,-0.00029419353837489837,0.00015400165618917327,5.253467235455389e-06,"[9.1953125, 9.296875, 3.484375, 6.0078125, 3.076171875, 0.020721435546875, 1.3359375, 0.611328125, 3.974609375, 7.24609375, 1.5380859375, 9.9921875, 5.984375, 6.15625, 5.65625, 5.328125, 5.16015625, 7.55078125, 0.01041412353515625, 4.375, 2.318359375, 8.234375, 11.90625, 4.69921875, 1.76171875, 9.078125, 1.9384765625, 1.5234375, 8.4296875, 3.951171875, 2.095703125, 4.6640625, 7.671875, 0.90478515625, 2.6484375, 0.457275390625, 4.546875, 1.5341796875, 11.890625, 11.7421875, 1.052734375, 4.2578125, 0.02398681640625, 7.99609375, 7.10546875, 5.1484375, 2.6640625, 1.9833984375, 5.72265625, 0.5029296875, 8.0, 4.57421875, 7.59765625, 1.0986328125, 0.149658203125, 2.830078125, 2.826171875, 7.60546875, 0.036895751953125, 0.0184173583984375, 0.032135009765625, 0.135498046875, 10.5390625, 0.9638671875, 3.626953125, 0.0030841827392578125, 5.26953125, 5.734375, 0.79931640625, 2.18359375, 4.08984375, 0.34912109375, 8.78125, 0.00847625732421875, 10.2265625, 1.8125, 0.31494140625, 0.62158203125, 0.0234832763671875, 0.24658203125, 4.671875, 0.06671142578125, 2.1875, 4.984375, 0.260498046875, 4.7734375, 2.912109375, 0.041748046875, 0.97705078125, 3.923828125, 1.142578125, 4.546875, 1.943359375, 2.978515625, 0.06195068359375, 2.966796875, 3.740234375, 1.7197265625, 8.0078125, 1.291015625, 12.5703125, 0.96435546875, 0.02899169921875, 7.87109375, 1.455078125, 5.5703125, 3.318359375, 10.6875, 0.073486328125, 2.8984375, 5.23046875, 1.109375, 0.2685546875, 0.7060546875, 0.238525390625, 0.383056640625, 2.326171875, 3.787109375, 3.8828125, 1.4326171875, 1.41015625, 2.75, 8.3515625, 2.57421875, 9.3828125, 1.154296875, 5.04296875, 5.02734375, 4.1171875, 2.45703125, 0.23486328125, 3.755859375, 3.2109375, 0.7666015625, 4.78515625, 0.07879638671875, 2.583984375, 5.4296875, 0.10662841796875, 10.03125, 0.443603515625, 0.00977325439453125, 0.070556640625, 7.34375, 6.640625, 0.1837158203125, 1.5419921875, 7.13671875, 0.059661865234375, 1.8173828125, 9.0390625, 7.01953125, 0.35546875, 0.96875, 3.515625, 2.65234375, 7.0859375, 1.5927734375, 2.234375, 0.092529296875, 6.5625, 8.7734375, 4.08984375, 1.466796875, 10.171875, 0.3310546875, 3.009765625, 7.1796875, 3.732421875, 3.75, 4.23828125, 3.322265625, 0.05609130859375, 2.890625, 6.14453125, 6.07421875, 2.04296875, 2.220703125, 2.564453125, 3.251953125, 2.365234375, 2.69140625, 3.87109375, 9.5234375, 5.8125, 0.01508331298828125, 0.002918243408203125, 0.004924774169921875, 0.0034961700439453125, 5.29296875, 4.9375, 3.72265625, 0.97900390625, 0.51904296875, 0.8505859375, 0.0048980712890625, 0.046783447265625, 3.3046875, 0.70458984375, 0.01129150390625, 0.69970703125, 4.0078125, 3.5546875, 1.9833984375, 0.007144927978515625, 0.0007009506225585938, 0.00670623779296875, 0.00313568115234375, 2.681640625, 4.28515625, 0.05902099609375, 1.982421875, 4.2109375, 3.091796875, 5.49609375, 0.03619384765625, 7.3984375, 3.626953125, 2.072265625, 5.2890625, 1.9189453125, 7.44140625, 0.615234375, 0.0054168701171875, 0.0031642913818359375, 0.0037403106689453125, 0.01003265380859375, 7.203125, 3.4609375, 7.08203125, 0.04840087890625, 2.251953125, 4.8203125, 7.16015625, 2.787109375, 0.371337890625, 0.19677734375, 0.02587890625, 0.0184173583984375, 0.2025146484375, 1.3173828125, 0.0092010498046875, 0.0288848876953125, 7.06640625, 0.1341552734375, 8.9453125, 0.003704071044921875, 1.6845703125, 2.2421875, 6.69921875, 0.5224609375, 3.845703125, 7.7734375, 1.6083984375, 0.037750244140625, 2.337890625, 0.0089111328125, 4.83203125, 1.9404296875, 5.203125, 3.6484375, 3.9921875, 4.046875, 4.98828125, 1.048828125, 6.04296875, 0.0300445556640625, 0.001979827880859375, 0.0135650634765625, 0.005535125732421875, 4.17578125, 2.94140625, 2.685546875, 1.650390625, 5.8203125, 4.5703125, 0.0184783935546875, 0.0264129638671875, 0.0010805130004882812, 0.69091796875, 9.3359375, 1.7001953125, 1.4228515625, 4.37890625, 0.6005859375, 4.01171875]",-0.7859739156869741
201,0,test,2.822924366220832,1.1947713675480132,1.6635772347752307,5.663492009730544,2.3970100561432015,3.3375518272678066,16.825984134641004,11.731527579125945,13.638132785964997,33.757130670123516,23.536377205621427,27.361503901842276,2.9288067841649656,1.0508419771302318,1.5193556778100978,5.006507323358916,1.79631107201749,2.597189192837774,18.705297717973924,12.165116939636238,14.611589940884272,31.974867893972522,20.795071691685884,24.9770768220244,2.719816818285148,1.1757602570491563,1.6182516340208004,5.476141244869425,2.3673025309714557,3.258224766484833,15.177541742169467,10.49399084363375,12.168669963108618,30.558808876851277,21.12884062476594,24.500677778071044,0.6030150753768844,0.008015075376884395,-0.0019849246231156137,0.46733668341708545,-0.017663316582914534,-0.0076633165829145256,0.37688442211055273,-0.003115577889447274,-0.003115577889447274,0.38749999999999996,0.09888845553822145,0.1473752598752598,0.3730407523510971,0.38190954773869346,0.06862633971864329,0.12314494005922771,0.3787878787878788,0.36454849498327757,0.08074215107676674,0.1320679610566925,0.35906040268456374,25.0,16.0,16.0,35.0,20.0,20.0,43.0,20.0,22.0,0.0002865615920301489,0.00013014928614047205,1.1954812770395089e-05,-0.0490919830490153,-0.04909365436140689,-0.04690143703381899,"[2.88671875, 1.2119140625, 0.349609375, 0.021087646484375, 0.0001302957534790039, 1.0205078125, 0.00885009765625, 0.0287628173828125, 4.625, 9.4765625, 0.74951171875, 7.60546875, 2.193359375, 10.4375, 2.388671875, 0.0142669677734375, 1.9638671875, 6.77734375, 3.908203125, 5.0390625, 0.62451171875, 1.0087890625, 5.08984375, 8.25, 3.1328125, 4.51171875, 0.6142578125, 4.33203125, 1.529296875, 0.501953125, 1.8505859375, 3.40234375, 1.2587890625, 6.71484375, 0.09698486328125, 4.23046875, 0.2435302734375, 5.12890625, 0.71875, 1.6650390625, 1.611328125, 5.4765625, 0.59033203125, 2.150390625, 3.109375, 3.43359375, 2.365234375, 8.0234375, 0.30615234375, 8.890625, 0.434814453125, 2.75390625, 1.8408203125, 5.51171875, 7.47265625, 9.2890625, 2.80859375, 11.5859375, 3.32421875, 4.56640625, 6.5859375, 0.1368408203125, 2.6875, 0.0018854141235351562, 4.2109375, 0.9853515625, 8.984375, 3.158203125, 2.33203125, 2.84765625, 7.6953125, 0.247314453125, 5.829334259033203e-05, 3.98828125, 1.021484375, 4.765625, 0.94873046875, 0.0016946792602539062, 1.658203125, 7.609375, 0.10400390625, 0.00012445449829101562, 3.68359375, 1.63671875, 11.59375, 0.1556396484375, 0.0390625, 4.32421875, 1.71484375, 6.74609375, 8.8828125, 0.8896484375, 3.083984375, 3.74609375, 7.35546875, 1.005859375, 6.34765625, 4.00390625, 10.1796875, 1.8671875, 0.9658203125, 0.1455078125, 2.478515625, 5.62890625, 0.405517578125, 0.169921875, 0.03204345703125, 0.0001615285873413086, 0.042083740234375, 0.00010406970977783203, 0.6220703125, 0.143310546875, 2.021484375, 0.0056915283203125, 0.0003955364227294922, 0.19873046875, 0.2437744140625, 0.00740814208984375, 0.00015211105346679688, 0.053070068359375, 0.4921875, 0.93505859375, 0.034576416015625, 0.0005278587341308594, 0.048309326171875, 0.97998046875, 0.0191650390625, 2.2649765014648438e-05, 0.1807861328125, 0.48193359375, 7.6640625, 1.59375, 0.1280517578125, 0.1356201171875, 0.00649261474609375, 2.2292137145996094e-05, 4.83203125, 2.2421875, 8.4921875, 0.342041015625, 9.8984375, 0.77490234375, 1.62109375, 10.0859375, 1.1806640625, 0.06280517578125, 1.412109375, 0.291259765625, 6.08984375, 0.33837890625, 1.90625, 1.580078125, 5.51953125, 0.053436279296875, 6.26953125, 3.232421875, 9.28125, 7.06640625, 0.1224365234375, 0.037353515625, 2.986328125, 0.357421875, 2.59765625, 1.3505859375, 4.88671875, 1.8662109375, 10.4453125, 0.63818359375, 0.036102294921875, 7.0859375, 4.69140625, 1.63671875, 1.935546875, 10.515625, 11.5703125, 0.716796875, 10.2734375, 5.4921875, 3.52734375, 8.4453125, 0.4814453125, 1.2294921875, 3.578125, 7.40234375, 2.79296875, 5.0546875, 5.8359375, 7.578125, 2.583984375, 2.5546875, 2.373046875, 0.2291259765625, 4.8671875, 3.26171875, 0.13916015625, 0.067626953125, 0.030914306640625, 0.000576019287109375, 0.009765625, 6.23464584350586e-05, 0.361083984375, 0.227783203125, 1.884765625, 0.003414154052734375, 0.0004944801330566406, 0.09564208984375, 0.1282958984375, 0.00736236572265625, 5.1975250244140625e-05, 0.0154876708984375, 0.251708984375, 1.41796875, 0.020233154296875, 0.00119781494140625, 0.025970458984375, 0.72314453125, 0.005245208740234375, 1.9073486328125e-05, 0.081787109375, 0.2161865234375, 0.931640625, 0.3740234375, 0.00011658668518066406, 0.004505157470703125, 0.0016193389892578125, 2.86102294921875e-06, 0.23828125, 1.4482421875, 5.99609375, 0.93359375, 9.4921875, 3.28515625, 7.29296875, 0.061187744140625, 6.96875, 4.31640625, 3.240234375, 4.26953125, 7.203125, 0.184814453125, 0.984375, 2.908203125, 7.80078125, 1.185546875, 8.3125, 1.7734375, 0.266845703125, 1.349609375, 4.8359375, 1.1220703125, 2.08203125, 6.140625, 0.0014047622680664062, 0.369140625, 5.58203125, 4.1328125, 0.033477783203125, 0.252685546875, 0.755859375, 7.1875, 2.431640625, 1.388671875, 12.2109375, 0.05377197265625, 0.3388671875, 7.625, 2.73046875, 3.181640625, 6.859375, 2.146484375, 5.03515625, 2.62109375, 2.302734375, 6.90234375, 0.362548828125, 5.3671875, 2.037109375, 4.609375, 0.0440673828125, 4.8515625, 2.8671875, 7.25, 9.7109375, 5.51953125, 1.5107421875, 0.00278472900390625, 0.040924072265625, 0.01538848876953125, 2.4318695068359375e-05, 4.1015625, 0.78125, 1.7822265625, 0.1888427734375, 7.092952728271484e-05, 0.004711151123046875, 0.00260162353515625, 2.6226043701171875e-06, 0.62939453125, 0.7998046875, 8.34375, 6.28515625, 6.19921875, 3.166015625, 0.127685546875, 0.06072998046875, 3.275390625, 4.5, 0.01438140869140625, 8.6796875, 5.30859375, 2.845703125, 5.69140625, 4.640625, 6.51953125, 2.759765625, 4.87109375, 5.2734375, 5.9765625, 1.490234375, 2.103515625]",-0.5665505025535822
342,0,test,3.8319349596424708,1.7537094329272014,2.409440206587452,6.875741452408121,3.1467268548268224,4.323321789125002,46.151753673028516,38.16147588037222,42.00429925391687,82.81130268990223,68.47413757258279,75.36941639177992,3.719017103089759,1.658620047874951,2.3017008872275424,6.700931717278844,2.988504590765677,4.14720880581539,41.22385538909321,33.37476967699476,37.09782320116217,74.27721691728506,60.13472013872929,66.84292468677869,3.8319349596424708,1.7537094329272014,2.409440206587452,6.875741452408121,3.1467268548268224,4.323321789125002,46.151753673028516,38.16147588037222,42.00429925391687,82.81130268990223,68.47413757258279,75.36941639177992,0.7738693467336684,-0.021130653266331678,-0.01113065326633167,0.592964824120603,-0.0020351758793969443,-0.017035175879396958,0.5025125628140703,0.007512562814070312,0.007512562814070312,0.43253968253968256,0.10580700927235587,0.1766030070779412,0.4223107569721115,0.42211055276381915,0.10130854775128784,0.1616764960025504,0.3939393939393939,0.43253968253968256,0.10580700927235587,0.1766030070779412,0.4223107569721115,23.0,10.0,9.0,34.0,10.0,10.0,43.0,11.0,11.0,0.00015754398434186226,-3.989365975088873e-05,-5.95347056748043e-05,-5.857619511928647e-05,-0.00012331829868550415,0.00012440840417138332,"[9.84375, 3.97265625, 0.8232421875, 10.890625, 8.53125, 9.484375, 8.3984375, 4.3515625, 2.53515625, 4.6484375, 2.140625, 0.1387939453125, 6.54296875, 6.17578125, 1.3203125, 7.69140625, 1.4921875, 3.669921875, 1.9697265625, 6.6015625, 0.85791015625, 1.185546875, 3.017578125, 2.564453125, 1.1591796875, 1.0703125, 0.232421875, 3.1875, 1.2197265625, 4.32421875, 1.7490234375, 5.34375, 2.310546875, 3.525390625, 4.2265625, 5.26953125, 5.484375, 7.73046875, 1.46875, 4.609375, 6.45703125, 5.84375, 0.58349609375, 2.654296875, 4.515625, 1.4736328125, 5.86328125, 4.875, 3.708984375, 7.5234375, 1.0947265625, 4.578125, 2.876953125, 1.271484375, 5.75, 3.16015625, 0.1690673828125, 1.2802734375, 5.8515625, 0.57958984375, 8.90625, 8.8359375, 4.37890625, 0.448486328125, 3.78125, 1.556640625, 4.76171875, 0.67626953125, 3.228515625, 3.2265625, 0.90576171875, 14.046875, 0.0264739990234375, 8.3125, 5.05859375, 0.4189453125, 12.625, 5.98046875, 9.9921875, 2.39453125, 1.0341796875, 1.8134765625, 0.139404296875, 3.048828125, 7.8984375, 0.0980224609375, 0.0181121826171875, 0.019195556640625, 0.00021374225616455078, 6.984375, 6.515625, 1.5517578125, 1.0703125, 0.5205078125, 1.0908203125, 1.546875, 9.46875, 9.8125, 0.391845703125, 0.08697509765625, 1.6875, 0.40380859375, 2.36328125, 6.59765625, 1.203125, 5.94921875, 0.486328125, 3.69921875, 8.828125, 0.02740478515625, 9.7734375, 8.9296875, 2.5625, 1.6767578125, 1.4541015625, 5.765625, 3.265625, 12.84375, 3.486328125, 2.4375, 0.712890625, 4.0859375, 0.40087890625, 1.0400390625, 1.296875, 6.0234375, 3.953125, 5.73828125, 0.62841796875, 0.007350921630859375, 0.08905029296875, 7.6640625, 3.70703125, 4.98046875, 2.359375, 2.798828125, 9.2265625, 4.26953125, 5.7109375, 6.0390625, 1.1630859375, 6.78125, 0.32568359375, 1.6943359375, 5.48828125, 0.81982421875, 3.09765625, 0.038238525390625, 1.4130859375, 1.2998046875, 0.17529296875, 3.04296875, 1.71875, 10.1171875, 1.408203125, 5.0859375, 0.56298828125, 8.5078125, 8.7421875, 2.078125, 0.86962890625, 4.28125, 2.80078125, 9.5625, 7.83984375, 0.75244140625, 1.31640625, 0.517578125, 6.33984375, 10.8125, 6.0078125, 1.4443359375, 0.1478271484375, 6.7734375, 0.92919921875, 1.490234375, 3.380859375, 8.296875, 3.61328125, 4.125, 4.3515625, 3.8125, 3.443359375, 4.17578125, 1.123046875, 0.5458984375, 5.83984375, 2.54296875, 0.0733642578125, 6.1328125, 0.5234375, 5.45703125, 8.1875, 1.841796875, 2.421875, 3.130859375, 0.353759765625, 1.2626953125, 4.84375, 5.04296875, 6.8671875, 6.7265625, 1.314453125, 2.134765625, 1.0615234375, 7.3671875, 0.2998046875, 0.224609375, 3.396484375, 3.955078125, 6.42578125, 2.697265625, 9.078125, 8.9921875, 10.40625, 7.8359375, 1.1279296875, 4.5859375, 3.65625, 8.2890625, 1.76171875, 2.552734375, 7.0859375, 0.3515625, 3.9140625, 5.734375, 0.372802734375, 2.603515625, 3.951171875, 6.46875, 7.13671875, 5.328125, 3.921875, 3.017578125, 7.55078125, 6.58203125, 7.2578125, 2.1328125, 6.44921875, 9.25, 1.7431640625, 0.48583984375, 2.79296875, 4.3671875, 0.457275390625, 0.9130859375, 1.31640625, 3.259765625, 1.310546875, 7.9140625, 0.62109375, 1.916015625]",-0.43784519935411126
98,0,test,3.6491115311140656,1.651062806130905,2.2550599532936686,5.4639103139675855,2.4721796027628526,3.376560357872873,38.44049768636204,31.065845610320014,34.40934815894308,57.557964450167766,46.51570465716365,51.52201863371156,3.5427002888828065,1.5059401546758293,2.126691640312932,5.097410487601161,2.1668203664400427,3.059987971673284,34.56011560155999,26.894382624781514,30.439474952696802,49.72678503821582,38.69695341695183,43.797805687333536,3.6753596648520466,1.6671150998453879,2.284456304909207,5.503212332398786,2.4962151227631475,3.42057628542555,39.462847704354,32.01262023289819,35.44436915797438,59.08875592095786,47.93333510808286,53.07178269643222,0.7587939698492463,0.013793969849246301,-0.006206030150753716,0.6180904522613065,-0.006909547738693456,0.008090452261306558,0.48743718592964824,-0.007562814070351753,-0.012562814070351758,0.4444444444444444,0.10991850526734248,0.17865183419414643,0.44964028776978415,0.42211055276381915,0.08627095376632543,0.14164310702091432,0.4242424242424242,0.4516129032258065,0.12066478158001048,0.18105271252258837,0.460431654676259,28.0,15.0,15.0,40.0,14.0,14.0,49.0,15.0,15.0,-0.00010159669589826,0.0003131571381995409,4.124774363245386e-05,-0.0002456840853515274,0.00018111633153772289,2.978536601450088e-05,"[2.88671875, 3.212890625, 0.293701171875, 0.0222015380859375, 8.177757263183594e-05, 1.0322265625, 0.0118408203125, 0.015625, 4.57421875, 5.87109375, 8.0859375, 3.669921875, 5.234375, 7.359375, 4.6484375, 4.546875, 4.203125, 1.421875, 5.7890625, 7.17578125, 1.2568359375, 3.564453125, 3.8671875, 8.3125, 10.0078125, 0.7890625, 0.316162109375, 6.875, 2.275390625, 1.5693359375, 2.103515625, 6.625, 1.9775390625, 6.66015625, 1.083984375, 5.64453125, 7.30859375, 0.51416015625, 0.000949859619140625, 3.896484375, 7.2890625, 6.8984375, 0.984375, 0.478515625, 1.23046875, 6.84375, 2.91015625, 10.2734375, 3.57421875, 4.01171875, 0.619140625, 10.125, 3.486328125, 1.75390625, 5.96875, 3.998046875, 2.509765625, 0.438232421875, 2.166015625, 1.927734375, 3.810546875, 4.5078125, 12.015625, 7.19921875, 2.91796875, 2.0390625, 5.05078125, 1.0810546875, 6.12890625, 8.734375, 4.0859375, 4.7265625, 3.736328125, 4.171875, 2.181640625, 2.591796875, 8.21875, 8.671875, 0.042572021484375, 4.89453125, 4.171875, 0.92529296875, 1.6376953125, 0.158203125, 8.0546875, 5.95703125, 5.21875, 7.58203125, 0.1131591796875, 4.1171875, 1.4990234375, 3.0625, 3.00390625, 1.51171875, 3.744140625, 2.091796875, 1.9619140625, 5.64453125, 4.7890625, 1.6708984375, 0.012115478515625, 9.8046875, 0.33544921875, 3.814453125, 1.916015625, 6.546875, 6.7890625, 3.095703125, 8.484375, 6.80078125, 0.33740234375, 0.70458984375, 10.4609375, 5.8046875, 2.619140625, 1.119140625, 0.4228515625, 4.8203125, 6.95703125, 7.171875, 0.02398681640625, 10.0625, 7.5546875, 0.72705078125, 1.0078125, 0.0015554428100585938, 0.1868896484375, 5.26171875, 0.0006413459777832031, 1.412109375, 0.46533203125, 2.603515625, 3.720703125, 9.875, 8.640625, 0.250732421875, 2.462890625, 2.490234375, 1.447265625, 0.87744140625, 7.59375, 0.1898193359375, 1.3701171875, 3.234375, 1.15625, 0.0006575584411621094, 4.14453125, 2.740234375, 10.0703125, 5.8671875, 0.193115234375, 0.01398468017578125, 0.037933349609375, 0.06402587890625, 1.71875, 0.68359375, 9.0390625, 0.53271484375, 0.00677490234375, 1.7802734375, 1.7880859375, 5.18359375, 2.015625, 6.953125, 0.1741943359375, 1.8984375, 1.1591796875, 2.646484375, 8.3046875, 0.0809326171875, 6.1875, 4.69140625, 2.462890625, 2.720703125, 0.2369384765625, 0.0245208740234375, 0.005329132080078125, 0.0280303955078125, 5.97265625, 5.421875, 2.146484375, 3.59375, 2.595703125, 0.005786895751953125, 4.51171875, 3.5078125, 0.482421875, 2.404296875, 10.328125, 5.90234375, 0.08636474609375, 3.634765625, 0.361328125, 1.5927734375, 5.1328125, 8.0234375, 1.626953125, 5.05078125, 2.841796875, 3.83203125, 2.138671875, 7.875, 0.1361083984375, 0.24853515625, 3.25, 8.109375, 4.02734375, 2.17578125, 5.92578125, 7.875, 2.611328125, 1.7275390625, 4.375, 0.109375, 0.396240234375, 1.38671875, 3.212890625, 5.9921875, 7.1796875, 3.76953125, 7.10546875, 3.46875, 4.94140625, 1.6015625, 6.80078125, 1.443359375, 4.58984375, 12.4609375, 0.1552734375, 0.03326416015625, 0.85498046875, 2.0, 0.00037097930908203125, 0.1302490234375, 5.40234375, 0.007476806640625, 2.086162567138672e-05, 0.079833984375, 0.311279296875, 8.765625, 3.26171875, 6.55078125, 1.513671875, 1.423828125, 7.60546875, 0.15966796875, 4.0, 3.05078125, 0.391357421875, 8.296875, 6.15625, 8.9296875, 1.8681640625, 8.0234375, 7.58984375, 4.95703125, 1.3916015625, 7.99609375, 2.171875, 7.4609375, 8.921875, 3.638671875, 0.106689453125, 3.552734375, 5.5625, 2.890625, 1.681640625, 7.46484375, 6.0, 1.0361328125, 2.9921875, 7.23828125, 3.974609375, 6.640625, 6.765625, 0.80908203125, 5.3203125, 6.23046875, 2.7421875]",-0.9298445960526824
64,0,test,3.6938520830026347,1.5970332065933897,1.9582719599374805,6.007899496868098,2.5975092620857465,3.1850493356181584,40.19940051705185,32.0591669250466,34.52718308337036,65.38268255302596,52.14292519326645,56.15705264143506,3.5095310259104973,1.4666881845231048,2.10982497229608,4.61780398146118,1.9298528743725059,2.7760854898632625,33.43258509069132,25.72008160343826,29.378576960043162,43.99024354038331,33.84221263610297,38.65602231584626,3.56048862551367,1.605712400925158,2.2237394874082375,5.394679735626773,2.4328975771593306,3.3693022536488444,35.18038297875038,28.1180445095842,31.37373449821639,53.30361057386421,42.603097741794244,47.535961360933925,0.6984924623115578,-0.006507537688442255,-0.006507537688442255,0.542713567839196,-0.0022864321608039306,-0.007286432160804046,0.4522613065326633,0.002261306532663321,-0.007738693467336688,0.40287769784172667,0.08910524275190634,0.1262403566882565,0.3966346153846154,0.42211055276381915,0.12386493872873139,0.1733626395751714,0.398989898989899,0.40802675585284276,0.10251757388289284,0.17220918076941671,0.3959731543624161,24.0,-2.0,-1.0,35.0,0.0,0.0,44.0,-1.0,-1.0,6.610867323469625e-05,4.3389447030995365e-05,9.047021697201562e-05,-0.004149337330710878,-0.0059257089990554235,-0.005027154456143101,"[13.140625, 1.2333984375, 10.5234375, 9.21875, 1.44921875, 0.230712890625, 5.70703125, 5.0546875, 0.0980224609375, 0.00957489013671875, 10.734375, 9.1171875, 5.9453125, 0.0167083740234375, 0.20458984375, 1.0615234375, 6.26171875, 7.39453125, 4.2734375, 4.1875, 2.900390625, 9.7109375, 3.435546875, 1.5908203125, 2.546875, 4.6484375, 7.59375, 0.20849609375, 0.03778076171875, 0.35009765625, 0.23095703125, 2.423828125, 7.84765625, 1.1865234375, 0.98046875, 5.6015625, 7.25, 4.92578125, 0.390869140625, 3.98828125, 5.94140625, 5.92578125, 3.521484375, 1.265625, 4.6328125, 2.50390625, 1.1630859375, 0.001110076904296875, 0.018646240234375, 0.02740478515625, 6.80859375, 0.44580078125, 5.83984375, 3.607421875, 0.30029296875, 0.9375, 8.0703125, 6.5546875, 0.712890625, 0.0142669677734375, 1.1484375, 2.4765625, 1.01171875, 5.8828125, 1.9755859375, 5.6640625, 0.84375, 0.2335205078125, 2.3828125, 11.1328125, 2.236328125, 4.84765625, 8.515625, 0.004718780517578125, 4.9375, 6.38671875, 1.744140625, 8.1015625, 6.12109375, 0.107421875, 1.32421875, 1.5224609375, 9.984375, 0.271484375, 1.892578125, 6.9453125, 0.54736328125, 2.0078125, 9.609375, 2.0234375, 6.11328125, 0.469970703125, 3.76171875, 6.47265625, 2.17578125, 0.546875, 1.0927734375, 1.5556640625, 4.63671875, 1.47265625, 0.69677734375, 3.912109375, 6.40234375, 0.32373046875, 7.62109375, 1.0986328125, 1.037109375, 0.49365234375, 3.73046875, 4.35546875, 1.419921875, 6.23828125, 0.91796875, 0.5234375, 1.361328125, 2.001953125, 4.078125, 0.110107421875, 0.04498291015625, 6.34375, 7.4765625, 0.1722412109375, 10.09375, 0.57373046875, 0.008819580078125, 0.330322265625, 3.53125, 7.6953125, 5.54296875, 0.74267578125, 4.2109375, 2.872943878173828e-05, 1.5439453125, 0.8154296875, 10.640625, 7.67578125, 3.04296875, 5.7109375, 0.82958984375, 5.4140625, 1.8076171875, 0.583984375, 1.2431640625, 8.46875, 2.671875, 1.0908203125, 0.040679931640625, 0.043609619140625, 0.01502227783203125, 0.262939453125, 5.375, 6.8828125, 9.296875, 0.650390625, 7.00390625, 2.51171875, 0.82861328125, 1.4453125, 7.08203125, 0.020843505859375, 0.051239013671875, 1.830078125, 1.669921875, 0.01325225830078125, 9.03125, 4.09375, 10.109375, 3.373046875, 4.33203125, 9.703125, 2.76953125, 2.62109375, 4.6796875, 0.5087890625, 1.412109375, 3.470703125, 7.69140625, 1.0244140625, 2.666015625, 7.58984375, 3.556640625, 0.9296875, 8.953125, 5.0625, 0.76171875, 2.64453125, 9.28125, 2.248046875, 3.046875, 6.62890625, 9.5, 0.6591796875, 1.322265625, 9.171875, 0.47119140625, 9.046875, 0.007198333740234375, 0.921875, 4.2265625, 10.5703125, 1.6826171875, 0.69921875, 3.4296875, 2.546875, 5.47265625, 8.1953125, 1.44140625, 0.669921875, 2.32421875, 4.6796875, 0.02325439453125, 10.078125, 2.16015625, 2.427734375, 1.54296875, 8.5703125, 0.7802734375, 0.007266998291015625, 0.66650390625, 2.71484375, 7.875, 9.3671875, 0.06378173828125, 0.0004467964172363281, 4.7578125, 6.8125, 0.051666259765625, 11.03125, 1.3837890625, 10.8515625, 1.3544921875, 4.76171875, 2.810546875, 3.0859375, 8.34375, 6.76171875, 0.01861572265625, 2.140625, 6.48046875, 0.0235443115234375, 0.0106353759765625, 7.5234375, 4.484375, 7.63671875, 0.12255859375, 1.701171875, 7.35546875, 7.5546875, 2.177734375, 1.8955078125, 6.15234375, 1.0478515625, 1.990234375, 6.59375, 3.708984375, 4.80859375, 2.068359375, 0.0821533203125, 2.640625, 5.39453125, 0.311279296875, 0.1295166015625, 2.759765625, 4.91796875, 3.2890625, 6.359375, 0.3974609375, 0.06689453125, 2.8359375, 7.2734375, 1.5771484375, 0.0130462646484375, 1.6982421875, 2.140625, 0.0097198486328125, 2.216796875, 2.287109375, 8.6640625, 0.0246734619140625, 10.4453125, 0.0015478134155273438, 0.0008974075317382812, 0.02606201171875, 3.095703125, 9.4375, 3.697265625, 7.17578125, 1.8671875, 0.058502197265625, 1.5751953125, 3.001953125, 3.275390625, 4.953125, 0.01116943359375, 5.8515625, 16.390625, 12.0390625, 6.90234375, 5.56640625, 2.986328125, 4.71484375, 3.6171875, 0.013397216796875, 4.09375, 1.4013671875, 4.78125, 2.267578125, 0.5595703125, 6.3984375, 4.10546875, 8.9375, 8.6640625, 1.8037109375, 3.87109375, 8.140625, 1.5849609375, 2.578125, 1.8623046875, 7.3828125, 1.2275390625, 0.007045745849609375, 1.2392578125, 6.58203125, 3.087890625, 1.3525390625, 3.833984375, 8.4609375, 9.5859375, 11.125, 1.388671875, 7.18359375, 5.41796875, 1.01171875, 0.1956787109375, 1.896484375, 8.640625, 5.4921875, 4.87890625, 0.595703125, 10.234375, 5.01171875, 0.95556640625, 3.541015625, 7.77734375, 0.03704833984375, 0.0247650146484375, 6.29296875, 3.208984375, 0.373046875, 1.3720703125, 0.1270751953125, 0.0833740234375, 0.64501953125, 0.18505859375, 1.5616416931152344e-05, 8.344650268554688e-07, 0.00041675567626953125, 1.6927719116210938e-05, 2.765655517578125e-05, 2.4296875, 3.37890625, 5.5625, 4.671875, 1.50390625, 0.052703857421875, 8.0234375, 4.390625, 0.09576416015625, 2.75, 2.13671875, 12.65625, 2.220703125, 12.2734375, 14.546875, 0.205810546875, 0.0179901123046875, 0.212890625, 0.026580810546875, 3.17578125, 3.048828125, 1.5537109375, 3.583984375, 0.037750244140625, 11.015625, 2.24609375, 3.513671875, 10.4921875, 0.26220703125, 4.8828125, 4.0390625, 1.9853515625, 11.03125, 1.466796875, 1.3408203125, 3.439453125, 11.6171875, 8.03125, 0.01320648193359375, 6.12109375, 12.0859375, 12.9296875, 5.93359375, 2.603515625, 8.1015625, 0.186767578125, 1.7392578125, 1.1220703125, 1.80859375, 7.55859375, 0.01024627685546875, 1.4833984375, 10.09375, 0.07427978515625, 12.03125, 1.708984375, 3.0078125, 3.654296875]",-1.2277959425100606
377,0,test,3.4967146773836504,1.58564675158771,2.1928560923750338,5.842336945442248,2.6493104110378503,3.6638403034092177,33.00683553311603,26.246531084650933,29.323353221727206,55.14806682241125,43.85289976255342,48.99367712201626,3.4702570737905836,1.5495529175555365,2.1715411906056317,5.552411318064934,2.4792846680888583,3.4744659049690108,32.14500502095082,25.31924183978954,28.480417134922007,51.43200803352131,40.51078694366326,45.56866741587521,3.4967146773836504,1.58564675158771,2.1928560923750338,5.842336945442248,2.6493104110378503,3.6638403034092177,33.00683553311603,26.246531084650933,29.323353221727206,55.14806682241125,43.85289976255342,48.99367712201626,0.728643216080402,-0.006356783919598041,-0.001356783919598037,0.5879396984924623,0.0029396984924623393,0.0029396984924623393,0.457286432160804,-0.012713567839195972,-0.007713567839195967,0.4253731343283582,0.10135078795964314,0.1685493129884078,0.37827715355805247,0.42713567839195976,0.10633367337942845,0.16837107071249402,0.36868686868686873,0.4253731343283582,0.10135078795964314,0.1685493129884078,0.37827715355805247,24.0,0.0,-1.0,36.0,1.0,3.0,42.0,-1.0,1.0,-0.0003099833626246835,0.0002889094501786167,0.00023487171787724164,-0.00016945494488584956,0.00022372510708557058,6.833549267337702e-05,"[7.3359375, 1.767578125, 7.44921875, 6.640625, 2.25, 11.0625, 8.609375, 4.09375, 7.0390625, 1.0009765625, 6.140625, 2.841796875, 7.0703125, 3.724609375, 12.8515625, 6.60546875, 3.931640625, 8.234375, 0.01131439208984375, 0.0712890625, 0.6982421875, 5.0546875, 2.537109375, 4.41796875, 0.29541015625, 8.359375, 7.18359375, 0.0052642822265625, 0.20703125, 2.01953125, 7.07421875, 1.521484375, 0.058502197265625, 4.3984375, 8.4609375, 1.9716796875, 0.399169921875, 2.7578125, 5.17578125, 0.72802734375, 13.0390625, 0.0153350830078125, 0.81494140625, 2.71875, 5.28515625, 3.84375, 0.8984375, 2.7265625, 6.3984375, 2.103515625, 7.89453125, 0.5400390625, 9.109375, 4.828125, 6.04296875, 3.1875, 0.0095672607421875, 10.9765625, 2.201171875, 4.36328125, 5.140625, 2.6484375, 6.0234375, 0.01519012451171875, 8.875, 0.12451171875, 3.89453125, 5.5625, 2.07421875, 4.5625, 2.509765625, 0.416015625, 0.955078125, 0.032806396484375, 1.638671875, 0.0352783203125, 0.81103515625, 0.9267578125, 0.9609375, 1.2509765625, 1.6533203125, 7.3359375, 1.271484375, 1.927734375, 2.328125, 0.6611328125, 11.65625, 4.1171875, 3.60546875, 0.76220703125, 3.580078125, 0.498046875, 1.640625, 3.55859375, 1.6123046875, 1.9619140625, 1.4150390625, 0.82275390625, 9.46875, 0.031829833984375, 1.1875, 9.9765625, 0.1162109375, 7.96484375, 4.33984375, 0.0185394287109375, 8.3984375, 3.18359375, 7.74609375, 3.892578125, 1.8544921875, 0.0031757354736328125, 0.32177734375, 3.322265625, 3.599609375, 5.62109375, 8.453125, 2.046875, 6.94921875, 1.333984375, 3.1953125, 1.2119140625, 5.69921875, 2.568359375, 4.90234375, 5.48828125, 0.7802734375, 0.004425048828125, 1.552734375, 5.6015625, 2.45703125, 0.796875, 2.533203125, 4.58203125, 0.347412109375, 2.291015625, 3.943359375, 9.1796875, 0.0098419189453125, 0.3876953125, 0.6015625, 0.845703125, 1.8017578125, 2.3671875, 1.2705078125, 0.5537109375, 0.00647735595703125, 0.1568603515625, 1.197265625, 2.890625, 8.375, 0.98388671875, 8.8515625, 4.85546875, 4.1640625, 5.6640625, 3.0078125, 8.1875, 5.1796875, 0.7314453125, 5.79296875, 2.189453125, 5.265625, 5.47265625, 0.32763671875, 0.74755859375, 5.77734375, 6.47265625, 2.734375, 3.025390625, 1.951171875, 6.51171875, 2.15625, 2.73046875, 6.01953125, 4.140625, 3.515625, 0.310302734375, 1.1845703125, 0.002048492431640625, 5.625, 4.63671875, 0.90380859375, 2.4375, 1.814453125, 5.04296875, 1.3359375, 3.798828125, 0.640625, 7.3515625, 2.92578125, 0.008819580078125, 1.0947265625, 0.051666259765625, 3.302734375, 2.041015625, 7.15625, 0.072021484375, 1.5048828125, 6.078125, 1.7529296875, 6.25, 3.673828125, 4.91015625, 0.69482421875, 5.5390625, 11.0625, 0.01317596435546875, 0.50048828125, 1.91015625, 2.08984375, 0.236572265625, 6.046875, 6.19140625, 2.548828125, 5.7734375, 0.28369140625, 0.1632080078125, 0.395263671875, 1.8330078125, 3.333984375, 5.8125, 1.302734375, 2.630859375, 0.006908416748046875, 4.23046875, 0.0011386871337890625, 0.169189453125, 4.00390625, 0.00606536865234375, 4.03515625, 2.318359375, 2.21484375, 0.00287628173828125, 2.05859375, 0.006103515625, 8.375, 5.359375, 6.6796875, 3.181640625, 4.9296875, 2.275390625, 2.9296875, 7.64453125, 10.03125, 0.525390625, 3.33203125, 3.458984375, 4.23828125, 5.48046875, 9.7421875, 1.5966796875, 9.3046875, 2.787109375, 5.578125, 1.458984375, 2.119140625, 6.0859375, 4.55859375, 1.9326171875, 3.37890625, 8.640625, 1.87890625, 5.8046875, 2.009765625, 1.75390625, 10.1796875, 4.73828125]",-0.6504134277799238
244,0,test,3.988151635555242,1.8712692630616559,2.5661881331607717,6.293801799860616,2.9530968057691758,4.049765647644342,53.95506850884065,45.64986395891942,49.80981684247002,85.14784249051415,72.04119156016972,78.606117204523,3.8517516150546434,1.7951459339125293,2.437782893957821,5.582248717470498,2.6016607737862745,3.5330186868953932,47.07544912171786,39.256065887500455,42.96320571312834,68.2252885821998,56.892849112319496,62.26551552627295,3.986249467600947,1.9030080542488594,2.582323925692436,6.294078106738337,3.004749559340304,4.0773535668827945,53.85253445596222,45.82207765326051,49.78138434570458,85.03031756204561,72.35064892620079,78.60218580900722,0.7386934673366834,-0.0013065326633165952,-0.03130653266331662,0.6030150753768844,0.008015075376884395,-0.0019849246231156137,0.5376884422110553,0.01268844221105525,-0.0023115577889447625,0.4403973509933775,0.12469487165453452,0.19700528050879607,0.4418604651162791,0.4321608040201005,0.12389012732837112,0.19342958532227073,0.4444444444444444,0.44147157190635455,0.12761514452738965,0.19897991450924668,0.4429530201342282,27.0,0.0,0.0,41.0,1.0,1.0,48.0,0.0,-1.0,-0.00020990738774365563,0.00022143930110847448,-0.0001531380941438008,-0.00896918478630937,-0.010530966745193382,-0.008537525066641294,"[4.96484375, 1.583984375, 9.2265625, 0.72900390625, 0.0005521774291992188, 3.2265625, 0.0155792236328125, 0.00449371337890625, 1.6396484375, 9.2734375, 0.293212890625, 0.0178985595703125, 1.267578125, 1.861328125, 4.10546875, 8.7109375, 3.740234375, 10.734375, 1.0751953125, 6.33203125, 11.5703125, 0.1209716796875, 7.92578125, 0.051849365234375, 1.494140625, 11.4765625, 2.53515625, 8.8984375, 5.51171875, 3.74609375, 1.0625, 8.0234375, 1.5576171875, 7.1484375, 5.35546875, 0.056549072265625, 8.7421875, 1.6513671875, 6.01171875, 0.0897216796875, 1.4326171875, 8.4296875, 1.193359375, 11.484375, 0.08917236328125, 5.765625, 7.6171875, 0.24755859375, 9.484375, 0.55078125, 9.546875, 8.0, 0.37109375, 3.048828125, 5.1796875, 1.0419921875, 5.90625, 0.08331298828125, 10.6328125, 4.95703125, 0.178466796875, 1.228515625, 2.31640625, 5.16796875, 1.06640625, 8.2265625, 2.0234375, 12.078125, 3.181640625, 7.4609375, 2.48828125, 6.75390625, 4.640625, 6.64453125, 1.5009765625, 3.484375, 9.0625, 4.02734375, 0.052154541015625, 5.70703125, 4.10546875, 5.62890625, 1.552734375, 1.0625, 6.32421875, 4.1796875, 3.453125, 5.24609375, 2.17578125, 5.8125, 0.8447265625, 2.109375, 0.0023174285888671875, 5.37890625, 3.19921875, 1.55859375, 0.205810546875, 4.32421875, 0.744140625, 2.458984375, 0.783203125, 5.953125, 3.74609375, 0.0469970703125, 4.96875, 5.05859375, 11.5625, 0.051788330078125, 2.74609375, 1.896484375, 1.607421875, 11.78125, 0.56591796875, 0.515625, 0.1414794921875, 0.09173583984375, 0.329833984375, 0.199951171875, 0.257080078125, 0.445068359375, 0.22119140625, 0.90869140625, 0.1632080078125, 1.052734375, 4.1328125, 7.375, 4.3515625, 0.55126953125, 5.9375, 5.71875, 0.4912109375, 4.28125, 3.630859375, 0.2303466796875, 2.59765625, 3.82421875, 1.2900390625, 6.4921875, 7.1171875, 7.08984375, 0.5751953125, 3.1171875, 8.3125, 4.265625, 1.51953125, 8.8046875, 7.71875, 11.640625, 0.45068359375, 3.45703125, 1.939453125, 6.91796875, 1.185546875, 0.14404296875, 3.677734375, 0.494873046875, 0.873046875, 3.142578125, 6.40234375, 3.708984375, 11.109375, 0.1512451171875, 2.783203125, 4.7421875, 9.15625, 3.875, 5.234375, 10.109375, 3.552734375, 0.421630859375, 3.275390625, 1.5439453125, 10.96875, 4.01953125, 0.062286376953125, 1.154296875, 5.41796875, 5.02734375, 2.779296875, 7.296875, 7.7890625, 1.2392578125, 0.8740234375, 0.3037109375, 6.9140625, 4.92578125, 6.58984375, 4.69921875, 2.830078125, 2.931640625, 1.6298828125, 4.46484375, 3.75, 0.7119140625, 0.89892578125, 0.001384735107421875, 6.6328125, 6.68359375, 8.1171875, 12.9375, 2.357421875, 1.517578125, 0.92626953125, 5.6015625, 5.26953125, 0.06353759765625, 6.40625, 0.53076171875, 2.556640625, 7.9140625, 9.71875, 4.0234375, 0.09796142578125, 3.544921875, 4.6484375, 6.2109375, 1.1669921875, 10.421875, 2.42578125, 8.0859375, 2.2890625, 5.75, 7.69921875, 3.287109375, 7.4453125, 8.2421875, 0.91943359375, 10.5625, 3.623046875, 0.84228515625, 6.90625, 6.19140625, 5.375, 0.0290374755859375, 2.57421875, 9.1953125, 2.56640625, 9.640625, 8.640625, 9.296875, 0.0254974365234375, 6.0234375, 1.15234375, 7.4921875, 0.357666015625, 0.0198211669921875, 2.248046875, 4.35546875, 6.2890625, 3.6171875, 5.76953125, 0.0276336669921875, 0.66552734375, 5.203125, 7.6796875, 12.203125, 5.98046875, 4.23828125, 0.0033817291259765625, 0.44140625, 0.27783203125, 3.16796875, 2.298828125, 6.34765625, 2.373046875, 0.0170745849609375, 1.3466796875, 0.0185546875, 0.91259765625, 0.00139617919921875, 0.001026153564453125, 15.6484375, 0.62109375, 9.703125, 0.71826171875, 6.1171875, 1.994140625, 3.98046875, 7.75, 8.2421875, 3.94921875, 11.1015625, 0.012725830078125, 6.5390625, 6.58203125, 1.9267578125, 7.87109375, 3.595703125, 3.728515625, 4.3125, 0.6064453125, 1.9052734375, 5.3671875, 6.046875, 0.744140625, 0.87744140625, 3.412109375, 1.0966796875, 1.6044921875, 3.361328125, 3.77734375, 5.39453125]",-1.2480177026710764
314,0,test,3.2027661890819155,1.4092043839460933,1.9290641465799148,5.648514915289923,2.4853240953231097,3.402167676695486,24.600485759928446,18.589661993380297,21.02642633895122,43.38631124932835,32.78540387923434,37.08297008869579,3.4612885959184347,1.3912071961227306,1.9880926755139463,5.96773895848006,2.3986330967633287,3.427745992265425,31.858002167809165,23.93253394472153,27.49484498239224,54.927589944498564,41.262989559864714,47.4049051420556,3.1769548486019,1.3763278080261143,1.9013015598765808,5.60299309662517,2.4273417705187836,3.3532045692368793,23.973638925917676,17.920196897526882,20.392598826697153,42.28078137843663,31.604710892001954,35.96512883981134,0.7085427135678393,0.00854271356783931,0.00854271356783931,0.5829145728643217,-0.0070854271356783904,-0.002085427135678275,0.4723618090452262,-0.01263819095477381,-0.0026381909547738003,0.4137931034482759,0.08849189862899876,0.1534720025308447,0.40830449826989623,0.4170854271356784,0.07873956247402425,0.1299401850655616,0.43939393939393945,0.41034482758620694,0.09192830435040655,0.14887693767795007,0.39446366782006925,27.0,16.0,16.0,41.0,19.0,19.0,48.0,16.0,17.0,0.0009166923256889237,0.00020886759595542884,0.0001740663886874556,-0.00032191322581809345,0.00013850755599076336,-8.764760639934366e-06,"[1.76953125, 4.3671875, 0.004657745361328125, 0.0254669189453125, 4.2890625, 3.248046875, 0.7607421875, 2.779296875, 0.46142578125, 9.8515625, 5.27734375, 0.06488037109375, 5.27734375, 1.4443359375, 5.59375, 9.703125, 0.0035305023193359375, 4.32421875, 6.28515625, 2.974609375, 3.79296875, 3.46484375, 0.006664276123046875, 3.4921875, 6.06640625, 4.01953125, 1.0693359375, 0.5107421875, 0.09130859375, 5.140625, 5.6953125, 3.4609375, 6.4453125, 0.10467529296875, 7.94140625, 2.427734375, 0.3310546875, 3.591796875, 0.0036220550537109375, 5.30078125, 0.352294921875, 3.16015625, 3.30078125, 0.86376953125, 10.5625, 3.66015625, 2.177734375, 6.58984375, 8.4453125, 9.2734375, 2.533203125, 8.40625, 6.5703125, 0.958984375, 0.08392333984375, 7.99609375, 0.8173828125, 6.88671875, 5.78515625, 0.58837890625, 0.00754547119140625, 7.484375, 0.01409912109375, 5.67578125, 1.1982421875, 6.6484375, 2.2109375, 1.1298828125, 3.8046875, 8.9375, 7.01953125, 7.9921875, 7.41015625, 5.03125, 3.1640625, 3.974609375, 6.37890625, 7.70703125, 5.65234375, 0.034332275390625, 6.7265625, 1.6728515625, 1.375, 4.0234375, 9.203125, 2.2265625, 1.48046875, 4.84375, 0.1583251953125, 1.931640625, 8.546875, 5.08984375, 0.0704345703125, 0.677734375, 4.4921875, 1.021484375, 4.73046875, 7.41796875, 0.96630859375, 2.525390625, 2.15625, 0.615234375, 3.08984375, 1.158203125, 0.88232421875, 0.0216827392578125, 10.1015625, 0.76318359375, 0.2294921875, 0.004795074462890625, 0.66162109375, 7.64453125, 2.60546875, 0.76904296875, 0.341064453125, 3.966796875, 4.46875, 7.6015625, 6.62890625, 1.15234375, 2.30859375, 0.896484375, 0.10748291015625, 1.595703125, 0.050689697265625, 0.330078125, 0.00959014892578125, 0.00402069091796875, 2.712890625, 4.44921875, 2.591796875, 2.609375, 8.9296875, 0.69287109375, 3.966796875, 0.357177734375, 7.31640625, 0.0143890380859375, 1.7138671875, 2.97265625, 6.46875, 3.939453125, 2.494140625, 10.28125, 0.6435546875, 0.0206298828125, 0.013092041015625, 8.4921875, 0.97802734375, 3.150390625, 4.64453125, 1.3603515625, 0.99658203125, 7.4375, 0.1846923828125, 1.2421875, 2.0546875, 3.181640625, 10.5, 0.7958984375, 0.69287109375, 5.33984375, 2.3984375, 1.9658203125, 8.9140625, 0.0782470703125, 4.37890625, 5.1953125, 5.34765625, 4.6875, 0.229736328125, 2.33984375, 5.83984375, 7.6640625, 0.00460052490234375, 0.78369140625, 0.615234375, 0.7255859375, 0.97607421875, 1.5283203125, 2.810546875, 3.21875, 9.4921875, 3.41015625, 7.3671875, 3.037109375, 10.2578125, 3.861328125, 12.0234375, 2.029296875, 5.76171875, 2.134765625, 9.4296875, 0.392822265625, 0.05255126953125, 1.1953125, 5.15234375, 2.712890625, 1.8681640625, 1.76953125, 0.71875, 2.46484375, 1.095703125, 1.568359375, 7.50390625, 9.828125, 0.1927490234375, 3.861328125, 6.75390625, 0.4140625, 3.833984375, 0.080078125, 0.489501953125, 1.4072265625, 0.0869140625, 2.3828125, 1.9921875, 1.703125, 3.361328125, 0.0882568359375, 2.787109375, 3.6796875, 6.953125, 0.002105712890625, 6.5078125, 1.8037109375, 3.63671875, 0.0016756057739257812, 1.275390625, 0.1907958984375, 1.1220703125, 0.0579833984375, 7.28125, 0.15625, 0.81982421875, 0.127197265625, 0.0011987686157226562, 0.0108795166015625, 1.021484375, 1.86328125, 7.05078125, 0.39111328125, 6.4921875, 11.6875, 0.60205078125, 3.2265625, 4.28515625, 7.234375, 4.23828125, 4.94140625, 2.009765625, 0.5478515625, 0.75830078125, 0.0031032562255859375, 1.9794921875, 0.08575439453125, 0.01477813720703125, 0.0001590251922607422, 0.0008769035339355469, 7.40234375, 0.1318359375, 2.8046875, 0.70556640625, 6.07421875, 1.4873046875, 1.95703125, 6.19921875, 3.876953125, 0.28662109375, 4.70703125, 4.19921875, 0.057708740234375, 2.0234375, 1.923828125, 0.03643798828125, 0.00212860107421875, 2.416015625, 9.40625, 0.08642578125, 2.34765625, 0.306396484375, 6.05078125, 0.307861328125, 1.3642578125, 2.23828125, 8.0546875, 4.45703125, 4.0546875, 1.2275390625, 1.74609375]",-1.1817080884144224
91,0,test,3.4130907722355164,1.5221073387329003,2.08781157045547,5.79431689239983,2.584042691337249,3.544424294029053,30.35893194512488,23.73305035317221,26.59569603462533,51.53958213939805,40.29099246003655,45.15083280296858,3.4679061443961445,1.4013704555154534,2.017767950858071,5.504612927612928,2.2243975484372274,3.202806271203287,32.06952314480823,24.17210657998141,27.805819454052155,50.904004991759095,38.36842314282764,44.13622135563834,3.4130907722355164,1.5221073387329003,2.08781157045547,5.79431689239983,2.584042691337249,3.544424294029053,30.35893194512488,23.73305035317221,26.59569603462533,51.53958213939805,40.29099246003655,45.15083280296858,0.7487437185929648,0.018743718592964864,0.01374371859296486,0.5527638190954773,-0.0022361809045226,-0.017236180904522724,0.4522613065326633,0.01226130653266333,-0.007738693467336688,0.415807560137457,0.10534443835358054,0.15752184585174267,0.41034482758620694,0.4170854271356784,0.09377715645898665,0.14830412496539458,0.40909090909090906,0.415807560137457,0.10534443835358054,0.15752184585174267,0.41034482758620694,25.0,12.0,12.0,37.0,14.0,14.0,44.0,14.0,13.0,-9.384602465812149e-05,-0.00014633749791847646,5.1428993028362105e-05,-0.00032884314767755995,0.00013463403094249315,-1.2269317609892028e-05,"[3.783203125, 8.7109375, 0.90673828125, 7.70703125, 0.36328125, 9.3359375, 8.359375, 1.017578125, 7.31640625, 1.1552734375, 0.205810546875, 0.1549072265625, 5.67578125, 2.162109375, 0.084228515625, 0.0011606216430664062, 0.0024127960205078125, 12.4921875, 5.296875, 1.7197265625, 0.470703125, 4.23046875, 6.46484375, 1.4501953125, 2.97265625, 4.8359375, 2.669921875, 2.90625, 6.89453125, 8.6640625, 0.034698486328125, 8.34375, 0.89013671875, 0.0128326416015625, 7.6953125, 6.4375, 2.75, 6.9609375, 1.859375, 1.669921875, 6.03125, 3.48046875, 0.38818359375, 0.322265625, 4.6015625, 0.69189453125, 0.482666015625, 4.87109375, 1.4970703125, 2.677734375, 2.591796875, 1.5517578125, 7.03125, 0.289306640625, 3.060546875, 3.392578125, 5.44921875, 6.0078125, 1.341796875, 0.003200531005859375, 5.5703125, 0.32177734375, 1.380859375, 7.109375, 5.828125, 2.0703125, 1.748046875, 3.94921875, 4.8984375, 5.24609375, 11.78125, 0.444091796875, 0.5302734375, 0.6259765625, 3.6953125, 3.291015625, 1.556640625, 0.107666015625, 2.103515625, 0.52978515625, 0.208984375, 2.138671875, 3.357421875, 2.970703125, 1.31640625, 3.3125, 0.0102996826171875, 1.2705078125, 2.353515625, 0.292724609375, 2.162109375, 6.625, 1.78515625, 4.546875, 1.09375, 1.3505859375, 8.9296875, 9.5390625, 1.7333984375, 1.9931640625, 0.6337890625, 7.5390625, 2.6640625, 0.44287109375, 0.07476806640625, 3.5625, 7.5546875, 1.2109375, 9.5, 0.96435546875, 1.4345703125, 6.98046875, 3.607421875, 6.5390625, 5.5859375, 0.09515380859375, 7.7734375, 0.11968994140625, 0.1417236328125, 0.90478515625, 4.296875, 8.4609375, 0.0423583984375, 5.21484375, 0.039886474609375, 1.595703125, 10.0, 0.0802001953125, 0.0992431640625, 9.234375, 4.69140625, 0.252197265625, 4.52734375, 1.1025390625, 8.546875, 4.61328125, 7.35546875, 3.080078125, 5.93359375, 1.955078125, 0.012115478515625, 0.436767578125, 0.8212890625, 4.69921875, 4.78125, 1.1455078125, 3.763671875, 10.984375, 1.9541015625, 1.455078125, 3.0078125, 2.03515625, 0.0088043212890625, 2.90625, 6.15234375, 0.853515625, 0.0196075439453125, 3.490234375, 6.59375, 0.7080078125, 0.020843505859375, 10.421875, 2.7578125, 2.431640625, 0.261474609375, 6.1875, 3.9765625, 2.33984375, 0.0003979206085205078, 1.6337890625, 0.369384765625, 1.90234375, 0.00020837783813476562, 3.20703125, 5.0390625, 7.9921875, 12.78125, 6.09375, 6.4609375, 4.71484375, 4.27734375, 3.640625, 2.53125, 3.611328125, 5.37109375, 0.395263671875, 6.07421875, 9.5390625, 2.55859375, 3.8515625, 6.87109375, 1.8720703125, 1.4267578125, 0.990234375, 2.08203125, 10.015625, 0.86865234375, 1.0048828125, 4.2265625, 0.72314453125, 1.7666015625, 10.3984375, 1.4833984375, 5.46875, 3.298828125, 5.53125, 0.4892578125, 6.16015625, 4.43359375, 9.1484375, 3.111328125, 7.8828125, 3.048828125, 6.28125, 3.115234375, 2.873046875, 1.791015625, 0.15234375, 4.55078125, 0.1942138671875, 11.6796875, 0.153564453125, 1.4912109375, 2.751953125, 2.583984375, 0.0004954338073730469, 1.84765625, 0.783203125, 0.00026679039001464844, 0.54833984375, 2.15625, 0.0006098747253417969, 2.23046875, 0.364990234375, 6.90234375, 0.196044921875, 1.7392578125, 3.107421875, 0.9951171875, 5.3984375, 1.40625, 5.9609375, 0.82275390625, 3.8125, 3.775390625, 5.95703125, 0.47265625, 0.0181121826171875, 7.1875, 9.5078125, 1.0498046875, 5.71484375, 5.15625, 2.59375, 1.0302734375, 1.41015625, 6.75, 4.0703125, 0.027984619140625, 2.09375, 9.875, 2.1953125, 0.1968994140625, 6.1171875, 9.1015625, 9.28125, 1.509765625, 4.30859375, 1.3134765625, 7.109375, 4.37890625, 0.131103515625, 1.333984375, 3.79296875, 4.12890625, 0.257568359375, 7.01953125, 2.1015625, 4.69921875, 4.2578125, 3.544921875, 5.6171875, 0.00042128562927246094, 0.82763671875, 2.3046875, 8.8671875, 0.262451171875, 1.75390625, 1.9794921875, 1.2158203125, 3.78515625]",-0.6618480018733703
80,0,test,3.7071476251114417,1.6507978687343576,2.273985633307057,5.873372442194634,2.6154207197417834,3.6027603708419043,40.73744219140046,32.92005987494683,36.54550907512547,64.54185118276098,52.15648040428323,57.90041498046988,3.4663927567065063,1.5076359668799961,2.0794294395948496,5.292202681994666,2.3017343005801467,3.174701434495953,32.02102622984157,24.93051963633117,28.01834951067066,48.887062946323,38.06186204020025,42.776106123161306,3.7088276257041755,1.6521788953807475,2.2764944143983925,5.876034129880712,2.6176087318381724,3.606735126426369,40.80593863935468,32.98621877984499,36.61747827622408,64.65037266355591,52.261298428308635,58.01443847377671,0.7236180904522613,0.008618090452261251,0.008618090452261251,0.6180904522613065,-0.006909547738693456,-0.006909547738693456,0.48743718592964824,0.0024371859296482556,0.00743718592964826,0.43511450381679384,0.09225736095965098,0.16100282868989024,0.46360153256704983,0.4170854271356784,0.0762332968098639,0.14162632863818259,0.4494949494949495,0.4389312977099237,0.09607415485278081,0.16862672918200494,0.46743295019157083,19.0,1.0,1.0,36.0,7.0,6.0,43.0,5.0,5.0,-0.0004405585655812117,-0.0005047993052370829,-0.0001508805222668119,-0.00012787541372372146,-0.00017828449388890277,8.936283448512938e-05,"[2.88671875, 3.212890625, 3.29296875, 0.99072265625, 0.0005474090576171875, 1.1279296875, 0.013153076171875, 0.032867431640625, 5.80859375, 5.0703125, 4.5625, 5.95703125, 4.07421875, 0.007137298583984375, 8.4609375, 0.038665771484375, 0.41748046875, 6.89453125, 0.12457275390625, 0.49658203125, 1.6923828125, 1.80078125, 1.521484375, 4.50390625, 0.3251953125, 1.2353515625, 1.3037109375, 0.06793212890625, 3.919921875, 3.841796875, 6.9765625, 4.50390625, 0.34619140625, 7.6953125, 5.40234375, 9.1640625, 11.6171875, 2.7421875, 6.40625, 7.359375, 0.1824951171875, 11.9609375, 3.01171875, 4.26953125, 4.6015625, 1.87109375, 3.294921875, 0.26611328125, 3.939453125, 5.26953125, 3.390625, 7.8359375, 2.232421875, 0.421875, 6.75, 0.033721923828125, 0.00759124755859375, 4.19140625, 0.0789794921875, 0.1773681640625, 0.076904296875, 4.62890625, 1.9345703125, 0.4111328125, 0.7353515625, 2.05859375, 5.2421875, 0.059356689453125, 4.77734375, 2.517578125, 10.7421875, 0.03533935546875, 1.5830078125, 2.6640625, 0.368896484375, 4.6953125, 0.0161285400390625, 3.25, 2.193359375, 3.01171875, 5.296875, 0.51416015625, 3.451171875, 0.266357421875, 6.90234375, 2.37890625, 0.86181640625, 0.04010009765625, 3.0703125, 3.02734375, 7.95703125, 3.4921875, 7.11328125, 5.7421875, 0.8828125, 0.48681640625, 9.15625, 0.736328125, 4.55078125, 7.37890625, 1.98046875, 8.7578125, 1.392578125, 2.54296875, 4.1484375, 2.095703125, 0.2147216796875, 2.66015625, 4.56640625, 6.1796875, 5.54296875, 0.0164947509765625, 1.3076171875, 0.131103515625, 0.6962890625, 2.529296875, 0.00586700439453125, 1.53515625, 6.57421875, 5.1015625, 2.158203125, 0.91650390625, 6.328125, 0.2186279296875, 2.517578125, 0.4912109375, 3.873046875, 5.140625, 3.83984375, 5.94140625, 13.3125, 5.515625, 2.16015625, 8.0546875, 3.056640625, 3.72265625, 9.0, 4.9609375, 0.03240966796875, 8.5390625, 8.1484375, 2.302734375, 0.6982421875, 3.98828125, 3.48828125, 2.5234375, 3.62890625, 5.3125, 2.4453125, 5.40625, 1.7734375, 0.01534271240234375, 0.037353515625, 1.8759765625, 11.0703125, 0.1650390625, 7.7265625, 2.607421875, 10.0234375, 7.39453125, 9.8203125, 1.474609375, 3.77734375, 7.078125, 0.8955078125, 5.0234375, 3.837890625, 2.73046875, 3.369140625, 0.00165557861328125, 1.453125, 7.86328125, 9.90625, 6.42578125, 7.01171875, 2.724609375, 7.68359375, 0.468017578125, 0.703125, 3.37890625, 2.591796875, 2.57421875, 1.4228515625, 2.759765625, 5.65625, 0.6982421875, 3.41015625, 4.38671875, 1.3720703125, 11.203125, 8.96875, 3.072265625, 0.1031494140625, 4.09765625, 2.1219253540039062e-05, 1.486328125, 0.0396728515625, 2.8671875, 0.0104522705078125, 7.3046875, 2.4375, 2.361328125, 9.0390625, 0.40869140625, 0.00084686279296875, 3.84375, 5.12109375, 1.4365234375, 1.68359375, 6.6328125, 7.31640625, 0.5380859375, 2.376953125, 2.66015625, 5.6796875, 4.078125, 2.70703125, 4.05078125, 6.03515625, 5.2265625, 8.546875, 10.3125, 1.6806640625, 2.271484375, 6.65625, 1.76171875, 1.7001953125, 4.87109375, 5.97265625, 10.8125, 6.734375, 7.5390625, 0.1578369140625, 0.1539306640625, 4.84765625, 6.98046875, 5.359375, 0.034210205078125, 1.423828125, 1.0609626770019531e-05, 0.028900146484375, 0.07794189453125, 5.53125, 3.1796875, 6.0703125, 1.5126953125, 15.3125, 0.94482421875, 2.734375, 5.76171875, 3.25, 10.0703125, 4.69140625, 6.5234375, 1.3134765625, 9.734375, 3.5546875, 11.4609375, 1.2900390625, 3.228515625, 5.25, 6.265625]",-0.7695994108687829
11,0,test,3.407323188935557,1.5231862910053564,2.0689188500487474,6.270281134668392,2.803023292915183,3.807300369024618,30.184338252056026,23.603666053661435,26.371383786586737,55.54632660585458,43.436332205258616,48.52958791496139,3.551364061820447,1.5821443939507451,2.1881319340082954,5.821908298066306,2.5936793343454836,3.58710153116114,34.86083740751597,27.695754245819117,30.952030737960754,57.148913782813075,45.40287581281823,50.74103399665698,3.47850171857853,1.567177431878837,2.1300020716066967,6.402150402291773,2.884375641494792,3.920249211546068,32.41112469270076,25.649086944311936,28.559482322603582,59.65237673503207,47.20690848646368,52.563464397429904,0.6683417085427136,0.0033417085427135396,-0.026658291457286487,0.5829145728643217,0.0029145728643216184,0.0029145728643216184,0.4522613065326633,0.002261306532663321,0.002261306532663321,0.42903225806451617,0.12951534985195579,0.19405371729198395,0.41747572815533984,0.42211055276381915,0.10632107907960864,0.1716931904933684,0.41414141414141414,0.4347826086956522,0.1309428758075053,0.19785268655994592,0.4261744966442953,21.0,1.0,2.0,34.0,3.0,1.0,43.0,3.0,1.0,0.0007503718528069812,0.00011318456524209122,0.0001476317817515308,-0.004204034307158544,-0.0034308771670845672,-0.00426283440948616,"[2.859375, 2.21484375, 0.2666015625, 0.05609130859375, 3.802776336669922e-05, 1.1826171875, 0.01139068603515625, 0.01456451416015625, 8.5703125, 5.671875, 6.65234375, 9.921875, 12.140625, 5.203125, 8.7578125, 1.5400390625, 6.80859375, 0.038330078125, 0.4541015625, 2.771484375, 0.287109375, 0.076171875, 0.72216796875, 1.6064453125, 9.9921875, 5.2578125, 0.489501953125, 2.7265625, 10.21875, 6.828125, 5.38671875, 5.8671875, 1.0205078125, 0.03985595703125, 0.031402587890625, 2.0078125, 0.70361328125, 6.26171875, 10.453125, 1.7275390625, 7.2890625, 1.3720703125, 4.875, 9.90625, 1.9345703125, 7.51171875, 8.2890625, 2.412109375, 2.826171875, 6.9140625, 3.6484375, 0.1558837890625, 0.0210418701171875, 7.71875, 1.0556640625, 4.18359375, 6.84765625, 1.029296875, 4.1796875, 4.1796875, 11.8515625, 7.203125, 0.79931640625, 5.45703125, 8.328125, 1.37890625, 3.53515625, 4.73046875, 0.469970703125, 2.435546875, 3.5234375, 2.87890625, 2.740234375, 0.04925537109375, 6.3828125, 0.0121612548828125, 9.15625, 0.98388671875, 4.265625, 6.55078125, 0.09136962890625, 0.0004105567932128906, 0.00670623779296875, 2.525390625, 5.2109375, 5.8828125, 0.2158203125, 2.388671875, 3.873046875, 15.3046875, 0.001346588134765625, 6.01171875, 3.017578125, 2.310546875, 3.22265625, 5.22265625, 0.03765869140625, 0.0010461807250976562, 0.0054473876953125, 0.57568359375, 4.52734375, 5.51953125, 6.6640625, 0.2220458984375, 0.875, 6.08203125, 6.734375, 4.26171875, 0.85498046875, 0.01120758056640625, 0.82177734375, 8.625, 3.267578125, 3.3203125, 2.923828125, 1.7841796875, 4.78515625, 0.035888671875, 2.83984375, 4.68359375, 7.07421875, 5.5078125, 0.21044921875, 7.453125, 2.322265625, 4.6328125, 6.80859375, 2.546875, 5.71875, 6.6796875, 0.7646484375, 2.3984375, 12.3203125, 0.0015611648559570312, 2.7265625, 10.796875, 2.46875, 0.364013671875, 3.833984375, 1.0859375, 1.4814453125, 4.53515625, 2.94140625, 1.2666015625, 13.5625, 4.64453125, 10.2578125, 2.30078125, 5.69140625, 0.18310546875, 0.35205078125, 6.26953125, 12.4609375, 1.357421875, 0.916015625, 5.04296875, 0.01110076904296875, 0.009429931640625, 3.93359375, 0.282470703125, 1.2216796875, 9.265625, 0.14892578125, 6.7265625, 2.64453125, 6.8125, 0.724609375, 2.646484375, 1.5712890625, 2.150390625, 6.7890625, 2.748046875, 0.035919189453125, 8.0234375, 0.1353759765625, 5.09765625, 0.51806640625, 3.30859375, 4.66796875, 0.2978515625, 0.0013103485107421875, 4.58984375, 6.6328125, 5.888938903808594e-05, 9.34375, 9.0234375, 4.51171875, 0.6279296875, 1.45703125, 0.1903076171875, -0.0, 7.748603820800781e-06, 0.00014007091522216797, 1.0609626770019531e-05, 1.1920928955078125e-07, 1.9296875, 0.268798828125, 0.029388427734375, 0.79833984375, 0.193359375, 7.07421875, 3.947265625, 0.166259765625, 12.265625, 5.796875, 4.015625, 0.89306640625, 3.3828125, 1.6015625, 7.37109375, 0.1854248046875, 0.0027294158935546875, 0.00626373291015625, 2.978515625, 1.4453125, 4.07421875, 8.6171875, 8.515625, 5.59765625, 0.7587890625, 10.4921875, 0.384033203125, 3.509765625, 1.0166015625, 3.640625, 4.97265625, 0.1622314453125, 1.19140625, 3.296875, 0.0390625, 1.34765625, 8.4140625, 5.625, 3.91796875, 6.34765625, 0.0005335807800292969, 6.375, 3.14453125, 5.6953125, 0.55078125, 1.689453125, 4.04296875, 12.6953125, 5.87109375, 5.39453125, 1.0791015625, 6.0546875, 0.5166015625, 3.080078125, 4.46875, 6.0, 0.00733184814453125, 5.9453125, 2.921875, 0.50341796875, 5.27734375, 0.004283905029296875, 0.037872314453125, 2.61328125, 1.2763671875, 5.960464477539062e-07, 1.1682510375976562e-05, 2.110004425048828e-05, 7.987022399902344e-06, -0.0, 5.73046875, 10.375, 4.375, 0.20849609375, 1.4638671875, 0.173828125, -0.0, 9.179115295410156e-06, 2.1457672119140625e-05, 3.6954879760742188e-06, 2.6226043701171875e-06, 6.6015625, 5.44140625, 7.76171875, 0.107421875, 0.196533203125, 12.3671875, 0.3291015625, 4.3515625, 7.546875, 6.0859375, 1.7001953125, 6.484375, 0.0017490386962890625, 3.951171875, 4.65625, 6.44921875, 5.70703125, 0.30810546875, 3.42578125, 0.235595703125, 1.4775390625, 5.1796875, 0.062744140625, 0.0005917549133300781, 0.007114410400390625, 3.677734375, 1.119140625, 1.0751953125, 0.0002524852752685547, 5.29296875, 2.423828125, 0.469482421875, 0.051788330078125, 2.080078125]",-0.8434211538683982
357,0,test,3.6864320348103843,1.6409140345255535,2.140645888033035,6.0793791451258965,2.7060687586912637,3.5301879557036004,39.90222292741129,32.16905964603769,35.21056441757675,65.8036658802923,53.05072994258847,58.06654482898622,3.7935167694810645,1.7055773408568684,2.3396952691389687,5.419309670687236,2.4365390583669555,3.3424218130556698,44.41231382913788,36.34404105728886,40.132876651725766,63.44616261305412,51.920058653269805,57.33268093103682,3.8546914352621124,1.776049233200558,2.4281423426790782,5.753270798898675,2.6508197510456086,3.624093048774743,47.214046103606414,39.220438265458206,43.04974236274742,70.46872552777076,58.53796756038537,64.25334681007077,0.6884422110552764,-0.006557788944723697,-0.006557788944723697,0.5778894472361809,0.0028894472361808976,-0.007110552763819111,0.4623115577889447,-0.007688442211055246,-0.007688442211055246,0.42133333333333334,0.10666666666666669,0.15349364613880745,0.4251336898395722,0.42211055276381915,0.12311557788944727,0.17587939698492472,0.43434343434343436,0.4381270903010034,0.1270903010033445,0.19732441471571915,0.4530201342281879,26.0,2.0,2.0,37.0,4.0,4.0,48.0,6.0,5.0,-0.001226980983128975,0.0002192207710402298,-0.00034239448563708316,-0.010286080292391198,-0.009949760076218617,-0.010205968312577696,"[7.05859375, 1.3818359375, 1.4873046875, 0.00400543212890625, 0.036102294921875, 10.0078125, 1.84375, 1.478515625, 8.1640625, 6.07421875, 3.908203125, 2.546875, 0.78271484375, 10.984375, 0.345703125, 0.377685546875, 0.9375, 0.09454345703125, 0.08905029296875, 0.15478515625, 2.453125, 8.1484375, 4.46484375, 7.5703125, 1.5068359375, 2.115234375, 10.2734375, 6.171875, 5.265625, 0.346923828125, 0.019866943359375, 0.1732177734375, 9.4921875, 7.10546875, 0.0224761962890625, 0.371826171875, 3.603515625, 3.880859375, 2.40234375, 4.1171875, 5.56640625, 1.091796875, 0.08856201171875, 1.826171875, 1.830078125, 3.748046875, 1.7080078125, 9.6171875, 6.5546875, 5.80078125, 7.74609375, 6.2578125, 3.189453125, 2.77734375, 6.703125, 6.5234375, 4.5078125, 4.69921875, 4.33984375, 3.283203125, 0.1507568359375, 3.97265625, 0.7763671875, 4.0625, 6.9453125, 5.0, 0.5927734375, 5.796875, 1.888671875, 0.662109375, 7.4765625, 0.10626220703125, 7.53515625, 8.2734375, 1.0126953125, 2.294921875, 1.6142578125, 0.28125, 0.00482177734375, 0.449951171875, 0.01351165771484375, 0.08062744140625, 0.028961181640625, 0.0004754066467285156, 1.6171875, 0.021209716796875, 0.01381683349609375, 2.384185791015625e-07, -0.0, 0.0001933574676513672, 9.179115295410156e-06, 4.220008850097656e-05, 1.78515625, 2.703125, 2.658203125, 6.80859375, 3.978515625, 2.548828125, 1.9990234375, 2.556640625, 0.424560546875, 7.28125, 2.599609375, 5.90234375, 2.71875, 2.060546875, 10.8515625, 6.30859375, 9.2265625, 9.9296875, 2.94140625, 2.11328125, 2.2578125, 1.05078125, 0.22998046875, 3.7421875, 0.0007543563842773438, 0.019866943359375, 0.1728515625, 0.06097412109375, 0.00014138221740722656, 0.0040283203125, 2.923828125, 0.0567626953125, 6.6875, 0.20263671875, 0.64111328125, 4.796875, 3.6015625, 0.90966796875, 5.03125, 7.0546875, 0.342529296875, 2.234375, 5.85546875, 0.02880859375, 12.859375, 2.712890625, 11.4140625, 5.734375, 0.323974609375, 1.7265625, 6.34375, 7.46484375, 2.43359375, 1.0537109375, 7.4453125, 0.8359375, 0.7353515625, 11.3671875, 6.359375, 1.4873046875, 4.18359375, 2.42578125, 0.293701171875, 8.6484375, 3.193359375, 2.62109375, 2.615234375, 1.2919921875, 6.62890625, 0.11846923828125, 1.3603515625, 8.6484375, 0.190673828125, 0.351318359375, 8.421875, 0.005428314208984375, 4.7734375, 12.8203125, 10.4765625, 9.578125, 0.0197906494140625, 10.7734375, 3.501953125, 10.640625, 9.046875, 0.08526611328125, 9.546875, 10.34375, 7.5, 9.3515625, 11.2265625, 4.625, 3.482421875, 4.96484375, 10.1015625, 8.359375, 5.14453125, 5.1953125, 0.0035800933837890625, 7.86328125, 0.83251953125, 9.6796875, 6.22265625, 2.60546875, 0.01192474365234375, 9.53125, 4.51953125, 9.2578125, 5.37890625, 0.0096435546875, 6.0625, 2.900390625, 4.34375, 5.19140625, 0.08184814453125, 0.009552001953125, 4.26171875, 4.3515625, 2.6953125, 8.53125, 12.0546875, 2.71484375, 4.55859375, 0.007293701171875, 10.390625, 13.6875, 8.390625, 0.140869140625, 0.005279541015625, 12.7265625, 5.73046875, 7.8203125, 10.3046875, 9.03125, 0.05181884765625, 0.0061798095703125, 5.21484375, 5.8203125, 4.6953125, 11.1640625, 6.0703125, 0.61962890625, 0.8994140625, 0.64208984375, 0.006504058837890625, 4.8359375, 5.38671875, 0.0036525726318359375, 3.634765625, 2.15625, 1.580078125, 0.1685791015625, 5.328125, 5.95703125, 3.90625, 2.873046875, 0.62890625, 6.84375, 5.3828125, 3.181640625, 1.072265625, 8.6640625, 1.94921875, 3.21484375, 1.2353515625, 3.2734375, 5.01171875, 0.552734375, 4.04296875, 11.1328125, 1.6103515625, 0.059539794921875, 5.6484375, 3.064453125, 7.90625, 4.81640625, 0.931640625, 0.006378173828125, 0.005168914794921875, 0.12384033203125, 0.04608154296875, 1.2993812561035156e-05, 0.0008268356323242188, 0.84521484375, 2.091796875, 5.58203125, 2.453125, 7.85546875, 6.125, 4.89453125, 10.4296875, 0.888671875, 5.375, 8.0, 7.1875, 3.201171875, 7.4609375, 4.5234375, 1.501953125, 2.390625, 7.39453125, 0.92626953125, 0.78173828125, 0.004604339599609375, 2.689453125, 2.140625, 3.505859375, 7.4296875, 1.7900390625, 4.75390625, 0.98046875, 1.80859375, 10.2265625, 7.3046875, 0.26904296875, 3.076171875, 4.0625, 5.00390625, 3.1875, 8.25, 1.7783203125, 13.0390625, 0.78564453125, 3.017578125, 1.5634765625, 5.92578125, 0.11749267578125, 3.603515625, 5.1171875, 1.1669921875, 3.40625, 0.49658203125, 0.01102447509765625, 7.0, 0.62890625, 8.6015625, 0.462646484375, 0.0509033203125, 9.9921875, 6.63671875, 0.07562255859375, 4.12890625, 2.478515625, 0.002410888671875, 0.0015134811401367188, 0.0155487060546875, 0.01238250732421875, 3.4570693969726562e-06, 0.00081634521484375, 3.083984375, 3.447265625, 1.423828125, 3.927734375, 0.5888671875, 7.80078125, 5.50390625, 5.4609375, 0.05828857421875, 3.4453125, 6.2109375, 0.27294921875, 2.935546875, 3.05859375, 3.044921875, 0.0014791488647460938, 6.921875, 4.2421875, 0.90625, 1.6376953125, 0.162353515625, 2.9609375, 10.3984375, 5.30078125, 2.451171875, 0.005863189697265625, 0.001422882080078125, 0.009063720703125, 0.0036716461181640625, 2.0265579223632812e-06, 0.0020923614501953125, 1.103515625, 0.25146484375, 1.9892578125]",-1.3564113070170083
42,0,test,3.2167729072906406,1.4295818917301497,1.9877147548709098,5.729876741111454,2.5464427446443296,3.5406169071138085,24.94748230011203,18.97483050504902,21.529473523612157,44.437702847074554,33.79891683711857,38.34937471393416,2.960268628657164,1.1155334564977728,1.6020309762288027,5.382306597558479,2.0282426481777684,2.9127835931432773,19.303156440087676,12.976732284801049,15.413823538116405,35.09664807288668,23.594058699638268,28.02513370566619,3.302264745418842,1.4479492646946408,2.0242042545379966,5.793446921787442,2.540261867885335,3.551235534277187,27.174111729302172,20.786787222212254,23.58444095891829,47.673880226845924,36.46804775826712,41.37621220862859,0.5979899497487438,0.002989949748743781,0.002989949748743781,0.507537688442211,-0.01746231155778899,-0.012462311557788985,0.42713567839195976,-0.01786432160804019,0.012135678391959726,0.42228739002932547,0.10603555986827129,0.1779081133919843,0.40294117647058825,0.4371859296482412,0.1264089872923515,0.20012416003221445,0.35858585858585856,0.4247491638795987,0.1108927365006338,0.1833698535347711,0.412751677852349,23.0,14.0,14.0,33.0,22.0,22.0,43.0,27.0,27.0,-9.993900057974797e-05,5.3823064781369894e-05,-3.3417298901631983e-05,-0.0574894273981954,-0.058935945266176404,-0.06155734319253714,"[11.390625, 6.22265625, 0.552734375, 8.046875, 4.33203125, 0.51025390625, 3.978515625, 0.67626953125, 0.92578125, 4.79296875, 1.73828125, 6.16015625, 1.099609375, 0.77197265625, 6.17578125, 4.65234375, 3.203125, 2.8359375, 0.0200347900390625, 8.75, 0.08795166015625, 0.66015625, 6.73046875, 8.5546875, 2.9609375, 1.4404296875, 0.2169189453125, 6.61328125, 1.064453125, 2.888671875, 6.23046875, 1.3125, 7.5234375, 5.58984375, 7.44921875, 0.34521484375, 4.87109375, 1.779296875, 2.96484375, 8.7890625, 6.81640625, 9.046875, 0.1533203125, 2.71484375, 7.015625, 0.263671875, 9.625, 10.6015625, 6.08984375, 4.140625, 4.203125, 0.056793212890625, 4.80078125, 3.080078125, 6.8359375, 2.748046875, 3.91015625, 9.65625, 3.78125, 8.34375, 3.57421875, 1.6943359375, 5.734375, 2.49609375, 3.802734375, 5.8671875, 8.1796875, 0.8525390625, 7.0625, 2.5625, 4.5299530029296875e-06, 3.609375, 5.257129669189453e-05, 0.0006365776062011719, 0.0006880760192871094, 8.857250213623047e-05, 0.0017538070678710938, 0.005889892578125, 0.25927734375, 2.291015625, 0.10003662109375, 0.0004634857177734375, 2.88671875, 1.3828277587890625e-05, 0.0030231475830078125, 0.0005588531494140625, 2.8014183044433594e-05, 3.4928321838378906e-05, 0.0018901824951171875, 0.033843994140625, 1.0537109375, 0.026153564453125, 1.6689300537109375e-06, 3.02734375, 1.33514404296875e-05, 0.0004169940948486328, 0.0005536079406738281, 4.38690185546875e-05, 4.017353057861328e-05, 0.000637054443359375, 0.0201568603515625, 2.525390625, 1.1669921875, 5.9609375, 1.9541015625, 1.4833984375, 0.21923828125, 0.1683349609375, 4.37890625, 2.0703125, 4.91015625, 0.32177734375, 9.421875, 3.111328125, 3.421875, 4.51171875, 7.9296875, 0.0223236083984375, 0.75146484375, 1.919269561767578e-05, 2.59375, 9.655952453613281e-06, 0.0001970529556274414, 0.0002868175506591797, 1.9550323486328125e-05, 2.9921531677246094e-05, 0.00013339519500732422, 0.00801849365234375, 0.46484375, 4.1328125, 4.70703125, 3.083984375, 1.087890625, 0.0028209686279296875, 5.6328125, 0.58837890625, 8.640625, 0.5791015625, 2.73046875, 5.63671875, 2.68359375, 3.5703125, 0.35791015625, 6.7421875, 4.3984375, 12.53125, 0.0830078125, 2.08984375, 5.609375, 7.44921875, 1.9619140625, 5.83203125, 9.0703125, 0.497314453125, 3.462890625, 1.2568359375, 5.72265625, 0.0037250518798828125, 2.99609375, 5.364418029785156e-05, 0.0008192062377929688, 0.0009274482727050781, 0.00010156631469726562, 6.031990051269531e-05, 0.0006198883056640625, 0.01097869873046875, 3.2265625, 2.626953125, 0.3271484375, 0.0430908203125, 4.76171875, 0.2056884765625, 8.296875, 0.016357421875, 12.3671875, 0.42919921875, 3.994140625, 7.23828125, 5.90234375, 3.775390625, 6.15234375, 2.044921875, 5.4375, 0.1650390625, 1.580078125, 7.95703125, 11.375, 2.857421875, 0.032623291015625, 0.10540771484375, 3.5859375, 2.638671875, 3.828125, 0.0002541542053222656, 4.94140625, 0.0001461505889892578, 0.00042510032653808594, 0.0004901885986328125, 6.639957427978516e-05, 1.811981201171875e-05, 0.00024628639221191406, 0.00804901123046875, 0.211181640625, 1.833984375, 0.046234130859375, 6.44140625, 4.71875, 6.671875, 0.288818359375, 7.45703125, 1.21484375, 5.9609375, 9.015625, 0.7109375, 12.71875, 2.625, 2.380859375, 4.828125, 3.26953125, 0.1666259765625, 3.025390625, 2.232421875, 1.0234375, 5.52734375, 2.23046875, 9.59375, 2.791015625, 0.78759765625, 1.794921875, 0.8828125, 1.69140625, 0.00026917457580566406, 2.181640625, 8.015625, 0.20703125, 7.81640625, 7.765625, 1.392578125, 5.15625, 6.28125, 7.6484375, 4.2578125, 1.2216796875, 1.5224609375, 2.259765625, 5.39453125, 3.18359375, 7.1875, 2.806640625, 1.8935546875, 3.232421875, 6.828125, 8.3125, 7.00390625, 7.69140625, 5.40625, 3.509765625, 3.337890625, 6.45703125, 8.453125, 0.703125, 3.69921875, 6.94140625, 4.59765625, 6.25390625, 5.3828125, 5.8671875, 11.078125, 0.40185546875, 3.7734375, 2.515625, 9.515625, 7.44921875, 1.5693359375, 0.208740234375, 5.484375, 1.1806640625, 0.10540771484375, 0.323486328125, 2.638671875, 4.09375, 0.732421875, 7.83984375, 0.49755859375, 2.734375, 9.9765625, 4.79296875, 3.798828125, 4.5625, 8.171875, 5.828125, 1.966796875, 10.2265625, 6.35546875, 1.76953125, 0.6640625, 0.493408203125, 0.17431640625, 0.00994110107421875, 0.004886627197265625, 0.00911712646484375, 0.00017321109771728516, 0.00014007091522216797, 0.00023305416107177734, 0.03363037109375, 0.09783935546875, 5.960464477539062e-07, 4.887580871582031e-06, 0.0001302957534790039, 6.079673767089844e-06, 0.1402587890625, 1.7275390625, 4.671875, 2.05078125, 6.98046875, 2.814453125, 7.125, 3.728515625, 0.826171875, 3.775390625, 0.034027099609375, 3.345703125, 2.740234375, 5.91796875, 4.1875, 3.853515625, 0.88671875, 1.248046875, 2.80859375, 6.90234375, 3.544921875, 1.78515625, 5.3515625, 0.63330078125, 9.2109375, 0.64794921875, 8.609375, 4.30859375, 0.6552734375, 1.953125, 10.9453125]",-0.6672974891326993
227,0,test,3.8565428997754068,1.7418495031405277,2.4301631139571946,6.231764685729797,2.8146442302403227,3.92688609142752,47.30154220746781,39.014497666645916,43.13794345172187,76.43428012332548,63.043294242792086,69.70634571006713,3.870118000998569,1.751594525478275,2.4045066882549504,5.908577100761174,2.6741901152340075,3.671002577488474,47.948043664044235,39.62919822781029,43.61785413263878,73.20312009777746,60.50259271421418,66.59214371395234,3.8565428997754068,1.7418495031405277,2.4301631139571946,6.231764685729797,2.8146442302403227,3.92688609142752,47.30154220746781,39.014497666645916,43.13794345172187,76.43428012332548,63.043294242792086,69.70634571006713,0.7889447236180904,-0.001055276381909609,-0.001055276381909609,0.6381909547738693,-0.006809045226130683,-0.0018090452261306789,0.542713567839196,-0.007286432160804046,-0.01228643216080394,0.4032921810699589,0.07064331043340855,0.14337426041332413,0.3842975206611571,0.4170854271356784,0.0712207654815431,0.15331247221080369,0.398989898989899,0.4032921810699589,0.07064331043340855,0.14337426041332413,0.3842975206611571,26.0,0.0,0.0,37.0,-1.0,0.0,45.0,-2.0,-2.0,0.00035191892375214195,1.53562140659915e-05,-2.4396919010184947e-05,3.793101625682027e-06,-7.384872300431056e-05,-9.33731963588258e-05,"[3.587890625, 1.9228515625, 3.638671875, 0.8291015625, 3.751953125, 6.48828125, 5.7265625, 4.85546875, 3.67578125, 8.2265625, 7.015625, 1.1162109375, 8.6484375, 11.0546875, 9.953125, 8.1015625, 3.88671875, 11.203125, 3.70703125, 0.763671875, 6.953125, 7.45703125, 2.92578125, 12.03125, 0.187255859375, 2.6171875, 0.982421875, 3.3984375, 8.0234375, 8.9765625, 1.6552734375, 4.8984375, 1.19140625, 9.84375, 5.98828125, 1.1748046875, 1.208984375, 7.55078125, 0.5498046875, 4.56640625, 5.35546875, 1.5234375, 4.87109375, 3.54296875, 0.6875, 1.7529296875, 3.70703125, 0.49072265625, 7.265625, 10.140625, 1.677734375, 0.59765625, 10.6171875, 2.53125, 3.634765625, 0.161865234375, 2.544921875, 1.3046875, 3.171875, 4.4921875, 1.2138671875, 2.857421875, 9.4375, 3.591796875, 4.6640625, 4.4453125, 4.5390625, 1.5830078125, 4.66796875, 6.270408630371094e-05, 0.30517578125, 0.0867919921875, 3.830078125, 1.7001953125, 13.5546875, 0.290283203125, 1.6630859375, 0.266357421875, 7.57421875, 3.4140625, 2.107421875, 3.8984375, 2.57421875, 3.50390625, 7.79296875, 0.861328125, 0.473876953125, 1.6123046875, 7.2421875, 7.57421875, 0.1998291015625, 0.1297607421875, 4.875, 5.6953125, 1.353515625, 1.4501953125, 4.10546875, 2.935546875, 6.34765625, 7.43359375, 1.3193359375, 1.6455078125, 0.0083770751953125, 1.4248046875, 4.73046875, 1.6318359375, 4.578125, 1.3662109375, 5.2734375, 4.0703125, 7.22265625, 6.31640625, 2.591796875, 1.7802734375, 4.08203125, 0.59765625, 3.83984375, 0.449462890625, 0.07623291015625, 2.216796875, 1.361328125, 3.337890625, 1.0546875, 5.44140625, 3.126953125, 7.84765625, 0.08203125, 8.6640625, 8.625, 2.080078125, 4.52734375, 0.73486328125, 7.61328125, 7.7578125, 7.6171875, 0.7724609375, 0.9267578125, 0.1202392578125, 4.37890625, 4.41796875, 8.078125, 6.64453125, 1.6611328125, 0.5947265625, 5.2890625, 3.650390625, 0.00014674663543701172, 9.8984375, 4.04296875, 6.08203125, 1.7265625, 7.484375, 3.7109375, 5.0078125, 2.357421875, 2.8046875, 3.283203125, 6.28125, 1.103515625, 0.53955078125, 3.634765625, 1.4306640625, 3.80078125, 3.130859375, 5.6796875, 0.17431640625, 0.3525390625, 4.3125, 5.53515625, 3.38671875, 5.9296875, 1.35546875, 2.37109375, 5.04296875, 0.8564453125, 5.32421875, 9.0078125, 2.623046875, 11.46875, 5.73046875, 2.435546875, 7.28515625, 0.48681640625, 0.27685546875, 2.17578125, 0.62841796875, 0.962890625, 0.00974273681640625, 6.98046875, 0.1922607421875, 8.1171875, 10.671875, 3.373046875, 0.00742340087890625, 1.6904296875, 3.5859375, 0.24072265625, 6.6171875, 0.89306640625, 2.173828125, 1.9423828125, 0.0182952880859375, 11.265625, 4.8046875, 0.0008449554443359375, 5.95703125, 0.019287109375, 3.37109375, 14.5703125, 2.646484375, 8.6171875, 0.2352294921875, 1.3896484375, 2.732421875, 5.05859375, 1.578125, 2.837890625, 4.828125, 1.0693359375, 1.345703125, 0.086669921875, 7.45703125, 6.16015625, 1.783203125, 4.40234375, 1.853515625, 1.95703125, 8.6796875, 1.16015625, 0.94775390625, 1.392578125, 12.3046875, 4.2734375, 3.466796875, 1.94921875, 8.2890625, 1.1005859375, 3.361328125, 14.1015625, 3.849609375, 1.130859375, 3.791015625, 1.193359375]",-0.7433869097949057
197,0,test,3.866989960312372,1.7394829348739544,2.386176980565317,6.378022402073652,2.86901730816873,3.9356425523609766,47.798294565379614,39.40437967568433,43.401776056470744,78.83614817926248,64.99163920534949,71.58474752171148,4.087012058526427,1.7823325228422955,2.4979707729240292,6.3364528039169405,2.763306236964799,3.8728229037581845,59.56165881142388,49.54069243575131,54.66260892491763,92.343657071975,76.80727509418807,84.74823089134516,3.866989960312372,1.7394829348739544,2.386176980565317,6.378022402073652,2.86901730816873,3.9356425523609766,47.798294565379614,39.40437967568433,43.401776056470744,78.83614817926248,64.99163920534949,71.58474752171148,0.7889447236180904,0.0089447236180904,0.0039447236180903955,0.6984924623115578,0.018492462311557878,0.018492462311557878,0.5527638190954773,-0.0022361809045226,0.012763819095477302,0.42292490118577075,0.08959156785243738,0.15485657004253817,0.40476190476190477,0.4371859296482412,0.08881500232994544,0.16339628023254837,0.4444444444444444,0.42292490118577075,0.08959156785243738,0.15485657004253817,0.40476190476190477,23.0,4.0,5.0,35.0,7.0,6.0,47.0,8.0,8.0,0.0002777042053976718,0.0002299151644563653,0.0002638239695811106,-6.550611697964115e-05,-0.000128814918206821,0.00012090384720320202,"[1.783203125, 4.34765625, 0.00472259521484375, 0.0274505615234375, 10.203125, 3.046875, 3.0703125, 0.1922607421875, 2.8125, 8.3671875, 5.34375, 4.3828125, 5.40234375, 1.3701171875, 4.671875, 1.0693359375, 0.035736083984375, 9.9453125, 6.1484375, 11.84375, 4.3046875, 4.31640625, 7.71484375, 2.84765625, 6.5546875, 1.978515625, 1.314453125, 2.162109375, 1.224609375, 11.9921875, 1.875, 5.4453125, 3.677734375, 1.4990234375, 8.203125, 2.71875, 7.390625, 0.02642822265625, 1.8291015625, 1.4677734375, 8.3203125, 3.4765625, 3.404296875, 2.955078125, 2.64453125, 3.216796875, 10.71875, 5.4453125, 10.59375, 5.046875, 9.3359375, 0.90234375, 7.62109375, 0.1578369140625, 6.18359375, 2.390625, 2.9765625, 3.833984375, 6.33984375, 11.546875, 8.3125, 6.265625, 3.576171875, 2.57421875, 7.2421875, 5.8984375, 1.34765625, 5.48828125, 2.8125, 0.806640625, 0.865234375, 5.1171875, 0.47314453125, 0.6474609375, 6.25, 8.2890625, 0.13525390625, 0.51513671875, 3.75390625, 0.296875, 1.1025390625, 0.00270843505859375, 2.0703125, 0.755859375, 0.00716400146484375, 0.0010538101196289062, 0.00035071372985839844, 7.03125, 4.6015625, 7.84765625, 4.3203125, 5.77734375, 3.88671875, 6.984375, 4.15234375, 6.16015625, 9.203125, 6.8671875, 0.515625, 3.263671875, 3.96875, 3.9609375, 0.132080078125, 0.035186767578125, 0.1859130859375, 0.54052734375, 0.7060546875, 8.5, 1.708984375, 9.2734375, 0.6025390625, 0.70947265625, 3.5234375, 5.5390625, 0.80224609375, 5.5390625, 7.24609375, 5.28125, 6.37109375, 1.1220703125, 3.15234375, 4.74609375, 0.4091796875, 10.84375, 1.9443359375, 0.74169921875, 2.48046875, 3.603515625, 0.06280517578125, 9.8125, 7.1328125, 3.69921875, 2.91796875, 2.236328125, 4.71875, 8.6015625, 2.306640625, 10.796875, 1.318359375, 1.587890625, 3.76953125, 2.609375, 5.4296875, 0.00720977783203125, 5.140625, 11.1953125, 2.880859375, 7.14453125, 0.00548553466796875, 1.0361328125, 6.90625, 6.625, 0.31640625, 4.171875, 4.71875, 0.61669921875, 2.38671875, 0.055328369140625, 4.71875, 2.0546875, 8.6484375, 2.228515625, 2.671875, 0.5009765625, 10.3515625, 7.23828125, 4.42578125, 7.234375, 2.025390625, 5.5703125, 5.37109375, 5.16015625, 1.337890625, 3.392578125, 4.21484375, 1.86328125, 6.12109375, 5.20703125, 7.71875, 11.28125, 6.375, 0.787109375, 2.158203125, 2.09375, 2.83203125, 6.12109375, 9.9765625, 0.1295166015625, 2.646484375, 1.8544921875, 8.2265625, 0.53076171875, 4.6484375, 2.166015625, 2.994140625, 0.7890625, 3.07421875, 14.2265625, 6.07421875, 3.935546875, 3.90625, 1.9794921875, 2.1640625, 1.7265625, 0.27783203125, 1.716796875, 2.921875, 7.3125, 3.005859375, 0.00966644287109375, 1.6875, 0.9755859375, 1.634765625, 1.41015625, 2.919921875, 3.646484375, 0.7841796875, 5.2421875, 0.2266845703125, 0.45556640625, 2.369140625, 1.232421875, 0.0011796951293945312, 0.9951171875, 0.03131103515625, 0.00390625, 0.001232147216796875, 0.00029850006103515625, 6.796875, 8.4609375, 6.68359375, 2.466796875, 9.328125, 2.1484375, 6.765625, 1.8330078125, 1.1103515625, 9.1484375, 0.07159423828125, 1.16796875, 2.62109375, 0.59912109375, 1.7109375, 11.109375, 2.7265625, 7.5703125, 2.4375, 5.984375, 5.9765625, 0.242919921875, 3.220703125, 8.484375, 1.2490234375]",-1.0535842279200498
204,0,test,3.042660521661363,1.2893579957679877,1.7859742209571112,6.103873851381637,2.586577930534561,3.582838528627376,20.960936140795518,15.18729732407413,17.44717750586499,42.0496828678154,30.467200119636516,35.00074024042428,3.2120862983579013,1.3165169439874782,1.8255753496529445,4.979978757144033,2.041111541065858,2.830349379306891,24.830836756241997,18.17449961563615,20.829970312074593,38.49742132750697,28.177518783932015,32.29452761561952,3.1456836015484404,1.332035831622054,1.86628771070257,5.935252078393283,2.513275154003875,3.521297567363339,23.235553906034433,17.1027762644516,19.64108628728661,43.840667747234775,32.26938917821056,37.05865337223888,0.6934673366834171,0.018467336683417046,0.0034673366834171437,0.5376884422110553,0.002688442211055353,0.007688442211055246,0.4321608040201005,-0.022839195979899474,-0.01783919597989947,0.41768292682926833,0.09957029364814196,0.15094864691040422,0.39755351681957185,0.42211055276381915,0.10882734474376898,0.1499903524299293,0.4242424242424242,0.4280936454849499,0.10422052361516687,0.1655797411467964,0.4261744966442953,13.0,0.0,0.0,23.0,-1.0,-1.0,32.0,1.0,1.0,0.00038331706474112006,-9.645531753000772e-05,0.0003671688646747679,-0.0028276229270600695,-0.0035050151745208424,-0.004330138411220652,"[2.88671875, 2.212890625, 0.2330322265625, 0.0401611328125, 3.814697265625e-05, 1.2705078125, 0.01294708251953125, 0.01422119140625, 5.5859375, 6.9296875, 6.15625, 3.814453125, 1.0751953125, 5.4609375, 0.9765625, 6.859375, 2.017578125, 2.001953125, 1.9296875, 1.1943359375, 6.5390625, 7.38671875, 0.269775390625, 0.50830078125, 5.77734375, 5.2578125, 0.33984375, 0.50830078125, 3.701171875, 4.24609375, 0.64599609375, 0.693359375, 3.9765625, 18.953125, 7.41796875, 7.796875, 1.080078125, 2.236328125, 4.43359375, 8.671875, 3.994140625, 2.048828125, 1.6943359375, 2.947265625, 2.453125, 1.76953125, 7.85546875, 0.292724609375, 0.1396484375, 2.68359375, 1.7490234375, 1.5322265625, 6.6953125, 3.947265625, 0.058563232421875, 3.34765625, 10.140625, 0.054779052734375, 1.9267578125, 5.171875, 1.615234375, 8.46875, 2.173828125, 0.88671875, 3.671875, 4.67578125, 2.58984375, 4.80078125, 2.32421875, 0.54296875, 0.0009746551513671875, 4.38671875, 3.609375, 4.359375, 8.821487426757812e-06, 6.609375, 3.263671875, 0.0712890625, 0.434814453125, 4.8125, 0.429931640625, 2.671875, 1.6708984375, 0.0374755859375, 1.876953125, 5.2421875, 5.16796875, 4.65625, 5.77734375, 0.9462890625, 0.2003173828125, 7.21484375, 0.17578125, 7.08203125, 1.3525390625, 3.9765625, 1.6220703125, 11.9921875, 0.5419921875, 3.345703125, 2.01953125, 2.2265625, 3.3046875, 0.4033203125, 1.0966796875, 3.091796875, 2.841796875, 4.8515625, 7.94921875, 1.6669921875, 3.232421875, 1.7666015625, 6.44921875, 11.9609375, 8.078125, 0.5654296875, 6.1171875, 1.7158203125, 0.0099945068359375, 8.0546875, 9.4609375, 0.460693359375, 0.242919921875, 0.27294921875, 5.0703125, 5.234375, 5.41015625, 6.0078125, 0.373046875, 3.28125, 1.2626953125, 3.158203125, 5.86328125, 8.03125, 3.083984375, 1.224609375, 7.25, 0.284912109375, 12.3046875, 8.0390625, 0.314208984375, 5.5078125, 1.744140625, 3.58984375, 2.240234375, 0.424072265625, 1.505859375, 7.53125, 5.1015625, 7.87890625, 0.1015625, 0.393310546875, 0.70458984375, 9.1796875, 4.31640625, 9.609375, 5.2421875, 0.00020611286163330078, 2.658367156982422e-05, 0.00019073486328125, 5.9604644775390625e-06, 0.00030350685119628906, -0.0, 3.84375, 4.1328125, 2.4921875, 0.10601806640625, 0.409912109375, 3.056640625, 0.0004329681396484375, 1.7001953125, 5.640625, 3.857421875, 1.04296875, 4.671875, 0.384765625, 6.0625, 4.84765625, 5.28125, 1.3916015625, 0.78515625, 7.2421875, 2.5703125, 3.015625, 5.960464477539062e-07, 2.9921531677246094e-05, 1.5974044799804688e-05, 5.14984130859375e-05, 3.5762786865234375e-07, -0.0, 7.28125, 0.3759765625, 0.0736083984375, 0.1217041015625, 1.412109375, 6.14453125, 4.3046875, 1.615234375, 0.266845703125, 2.69921875, 3.650390625, 1.2509765625, 3.349609375, 1.5087890625, 2.537109375, 1.076171875, 0.93798828125, 2.5234375, 2.998046875, 2.32421875, 4.171875, 1.478515625, 5.33203125, 0.013580322265625, 5.91796875, 4.3828125, 5.734375, 7.484375, 5.99609375, 1.947265625, 5.09375, 6.703125, 6.43359375, 0.7021484375, 5.98828125, 3.177734375, 4.3515625, 5.83984375, 0.029022216796875, 4.6796875, 4.140625, 3.58984375, 4.89453125, 0.5966796875, 2.86102294921875e-06, 0.00015091896057128906, 1.4781951904296875e-05, 4.8160552978515625e-05, 1.3113021850585938e-06, -0.0, 3.669921875, 0.0027294158935546875, 0.00022208690643310547, 0.3408203125, 0.765625, 5.4921875, 0.1041259765625, 2.84375, 1.0166015625, 2.740234375, 6.98046875, 1.123046875, 4.3359375, 7.1875, 3.939453125, 2.828125, 2.716796875, 2.10546875, 5.421875, 0.64306640625, 1.5263671875, 1.9326171875, 0.6083984375, 10.046875, 4.8125, 0.70703125, 3.419921875, 2.970703125, 8.4609375, 3.38671875, 3.765625, 3.36328125, 0.75341796875, 5.421875, 0.03582763671875, 2.49609375, 7.11328125, 2.869140625, 9.75, 4.33203125, 0.912109375, 6.9375, 0.54931640625, 10.65625, 4.04296875, 4.4765625, 0.64892578125, 2.171875, 0.201416015625, 0.09283447265625, 7.00390625, 2.494140625, -0.0, 5.221366882324219e-05, 1.5020370483398438e-05, 0.00012505054473876953, 2.384185791015625e-07, -0.0, 2.662109375, 0.0016336441040039062, 4.398822784423828e-05, 0.13818359375, 0.304931640625, 1.0771484375, -0.0, 1.7404556274414062e-05, 1.1324882507324219e-05, 0.00013077259063720703, 1.9073486328125e-06, 3.337860107421875e-06, 7.546875, 0.0701904296875, 2.296875, 2.47265625, 2.154296875, 0.324951171875, 0.35498046875, 12.296875, 5.421875, 1.919921875, 10.6953125, 2.03125, 3.28515625, 0.19091796875, 2.732421875, 0.76513671875, 0.370361328125, 2.9921875]",-0.7952253349670548
6,0,test,3.7028115083271427,1.652060951594298,2.266705735146535,6.123880571464121,2.732254650713647,3.7487825619731163,40.561182302464765,32.78744875716821,36.356890870386366,67.08195534638404,54.2253960214705,60.12870413179284,3.7714774686487478,1.649688442567634,2.2888418328842963,5.714359800982951,2.499527943284294,3.467942171036812,43.444204892420906,35.098149442149214,39.039665735375316,65.8245528673044,53.17901430628669,59.1510086899626,3.7028115083271427,1.652060951594298,2.266705735146535,6.123880571464121,2.732254650713647,3.7487825619731163,40.561182302464765,32.78744875716821,36.356890870386366,67.08195534638404,54.2253960214705,60.12870413179284,0.7537688442211055,-0.006231155778894548,-0.006231155778894548,0.6482412060301508,0.0032412060301507672,0.0032412060301507672,0.5226130653266332,-0.002386934673366814,-0.007386934673366818,0.4513618677042801,0.10767254731593057,0.17581206175343922,0.46484375,0.44221105527638194,0.10135892495056742,0.1717603040242951,0.4797979797979798,0.4513618677042801,0.10767254731593057,0.17581206175343922,0.46484375,25.0,7.0,7.0,37.0,4.0,6.0,45.0,6.0,7.0,-0.00015401685846747661,-0.00012002803555655081,-0.00012370497857100643,-9.322580442105988e-05,-0.00015080139628764755,0.00010688561932692409,"[2.859375, 1.2138671875, 0.351806640625, 0.0308380126953125, 0.0001201629638671875, 1.1474609375, 0.00901031494140625, 0.0285186767578125, 9.6015625, 0.012481689453125, 1.685546875, 8.953125, 2.099609375, 1.2548828125, 8.53125, 3.15234375, 8.3046875, 9.2109375, 1.2021484375, 5.8671875, 3.45703125, 1.56640625, 6.8515625, 1.353515625, 6.96875, 0.392822265625, 4.45703125, 6.55859375, 2.736328125, 11.75, 1.6845703125, 7.96484375, 7.98046875, 3.73046875, 4.48046875, 3.677734375, 0.87548828125, 0.230712890625, 0.6650390625, 0.044036865234375, 0.0693359375, 0.46875, 0.9658203125, 0.036224365234375, 0.1343994140625, 1.4990234375, 5.58984375, 5.71484375, 0.1260986328125, 0.1995849609375, 0.09661865234375, 8.1953125, 3.7578125, 0.005474090576171875, 2.421875, 11.7578125, 1.6220703125, 7.33203125, 2.36328125, 0.7021484375, 3.115234375, 5.0, 3.765625, 1.728515625, 8.9296875, 0.368408203125, 4.23828125, 0.454833984375, 5.54296875, 7.76953125, 5.45703125, 7.20703125, 1.1552734375, 5.57421875, 5.82421875, 1.955078125, 4.8203125, 5.28125, 7.40234375, 5.36328125, 1.384765625, 1.0048828125, 3.392578125, 0.72607421875, 8.203125, 4.4609375, 0.6904296875, 5.05078125, 3.85546875, 2.3828125, 6.83984375, 2.1953125, 5.83984375, 3.259765625, 3.291015625, 6.53125, 4.02734375, 6.9296875, 5.08984375, 0.0589599609375, 1.763671875, 3.3046875, 1.923828125, 0.08001708984375, 2.21484375, 0.330322265625, 2.419921875, 0.0002541542053222656, 2.306640625, 6.6171875, 2.765625, 12.015625, 0.2493896484375, 2.017578125, 3.494140625, 4.84375, 4.83203125, 1.478515625, 6.72265625, 1.3017578125, 0.00750732421875, 5.3125, 6.36328125, 7.046875, 0.317626953125, 6.0078125, 2.384765625, 3.716796875, 0.010650634765625, 7.74609375, 7.35546875, 2.43359375, 2.58984375, 0.83837890625, 6.25390625, 0.049041748046875, 1.328125, 4.453125, 5.5703125, 2.37890625, 2.3828125, 7.66796875, 9.578125, 8.578125, 2.203125, 1.75, 3.505859375, 0.00051116943359375, 0.0066986083984375, 0.70263671875, 6.27734375, 1.9794921875, 2.33203125, 4.81640625, 0.44677734375, 3.890625, 1.3515625, 6.30078125, 7.12109375, 7.82421875, 0.78466796875, 7.47265625, 4.31640625, 0.37353515625, 3.00390625, 6.14453125, 8.03125, 0.0122833251953125, 12.8828125, 7.8671875, 3.923828125, 6.61328125, 3.951171875, 2.220703125, 2.958984375, 5.23046875, 0.0198974609375, 4.9375, 3.015625, 7.2265625, 6.8046875, 7.62890625, 9.7890625, 2.830078125, 1.1904296875, 9.703125, 0.173583984375, 0.058990478515625, 3.380859375, 5.37109375, 6.078125, 6.22265625, 4.09375, 3.265625, 1.388671875, 2.0, 8.8671875, 6.37890625, 1.783203125, 6.05078125, 3.40625, 7.6328125, 0.10791015625, 2.55078125, 2.892578125, 4.203125, 1.4365234375, 3.501953125, 0.051971435546875, 0.171630859375, 0.3076171875, 4.78515625, 0.00800323486328125, 0.414306640625, 0.338134765625, 1.1884765625, 0.0009179115295410156, 2.63671875, 8.3828125, 0.35888671875, 4.453125, 5.99609375, 8.484375, 3.4765625, 4.09765625, 3.13671875, 7.1875, 3.48046875, 5.32421875, 3.58203125, 0.97216796875, 4.265625, 4.7578125, 0.89453125, 7.55859375, 4.59765625, 1.296875, 2.044921875, 4.875, 0.2373046875, 5.9609375, 3.775390625, 9.8671875, 5.75, 2.439453125, 10.953125, 0.1212158203125, 1.583984375, 6.1953125, 3.345703125, 0.48681640625, 4.0625, 4.48828125, 1.40234375, 6.4296875, 0.6748046875, 1.2109375]",-1.0187866400188046
262,0,test,3.768395598038383,1.7926537890912317,2.415542494858231,6.448143578865678,3.0674298168894407,4.133261602312974,43.31052157732176,36.0985540052418,39.44207469853063,74.10911469897279,61.76863685341375,67.4897722619302,3.885353740136228,1.82960538501648,2.4971300297736074,6.369432360879062,2.9993530901909504,4.093655786514111,48.68416095560288,40.8714786092778,44.67643610906479,79.81009992721783,67.00242394963574,73.24005919518818,3.768395598038383,1.7926537890912317,2.415542494858231,6.448143578865678,3.0674298168894407,4.133261602312974,43.31052157732176,36.0985540052418,39.44207469853063,74.10911469897279,61.76863685341375,67.4897722619302,0.7839195979899498,0.003919597989949786,0.013919597989949795,0.6683417085427136,-0.006658291457286469,-0.006658291457286469,0.542713567839196,-0.007286432160804046,-0.007286432160804046,0.4391304347826087,0.10507403565028772,0.18913043478260871,0.4061135371179039,0.4321608040201005,0.09130867369428597,0.17506564542243774,0.40909090909090906,0.4391304347826087,0.10507403565028772,0.18913043478260871,0.4061135371179039,28.0,8.0,10.0,41.0,8.0,10.0,47.0,7.0,8.0,0.00026263150074505424,0.0002878236252739217,0.0001079963799690362,9.388208581206925e-05,-2.3926692396258886e-06,-3.447570896586427e-05,"[1.869140625, 2.822265625, 0.70068359375, 5.0859375, 1.42578125, 8.5625, 10.765625, 4.23828125, 4.72265625, 0.362548828125, 6.22265625, 6.265625, 3.126953125, 5.01953125, 0.472412109375, 11.3828125, 3.34765625, 1.5380859375, 4.8125, 6.5546875, 0.90869140625, 10.9453125, 10.046875, 3.771484375, 4.58203125, 2.150390625, 8.7734375, 6.34765625, 0.884765625, 4.23046875, 3.587890625, 1.7265625, 2.53125, 2.521484375, 0.12255859375, 4.11328125, 3.626953125, 0.90673828125, 5.0, 4.98828125, 8.5859375, 6.70703125, 3.080078125, 1.669921875, 7.2109375, 7.28515625, 1.74609375, 3.35546875, 4.4453125, 2.640625, 2.6328125, 1.01953125, 7.92578125, 1.3203125, 2.478515625, 5.6171875, 0.1697998046875, 1.3759765625, 4.234375, 11.8203125, 0.544921875, 2.900390625, 4.21875, 7.375, 2.625, 12.5, 2.625, 6.671875, 7.56640625, 3.62890625, 2.783203125, 0.62744140625, 2.021484375, 0.09033203125, 1.724609375, 0.06103515625, 1.5732421875, 3.515625, 5.92578125, 3.021484375, 3.001953125, 11.1953125, 6.375, 4.109375, 5.28125, 4.08203125, 1.3427734375, 0.035400390625, 7.57421875, 2.419921875, 0.7734375, 0.06378173828125, 0.50634765625, 0.329833984375, 3.388671875, 0.05670166015625, 3.046875, 9.3203125, 3.30859375, 0.8955078125, 6.91015625, 4.640625, 0.08251953125, 6.25390625, 0.04290771484375, 0.61572265625, 3.0078125, 0.92626953125, 8.6953125, 2.2265625, 9.15625, 2.857421875, 4.859375, 9.71875, 1.845703125, 0.9560546875, 5.36328125, 1.97265625, 5.5625, 1.2158203125, 1.568359375, 11.1640625, 4.38671875, 7.45703125, 1.197265625, 3.927734375, 3.857421875, 0.457763671875, 5.578125, 2.671875, 3.416015625, 2.037109375, 0.34765625, 6.19140625, 0.04345703125, 11.5546875, 5.55859375, 6.98046875, 0.1500244140625, 6.08203125, 3.08984375, 7.4375, 0.55224609375, 2.572265625, 6.70703125, 2.861328125, 5.2734375, 5.9453125, 7.26953125, 0.2474365234375, 0.68212890625, 0.8173828125, 7.57421875, 0.54150390625, 4.04296875, 5.60546875, 0.482666015625, 1.7578125, 2.30859375, 6.546875, 5.66796875, 4.171875, 6.1796875, 6.40625, 0.52001953125, 0.57275390625, 6.0859375, 3.041015625, 3.3359375, 0.56005859375, 2.060546875, 1.6513671875, 7.6015625, 4.328125, 4.27734375, 8.921875, 4.71484375, 4.97265625, 1.3837890625, 0.1861572265625, 0.039886474609375, 0.2626953125, 2.736328125, 2.91796875, 7.1875, 0.07427978515625, 6.78125, 8.8203125, 1.1875, 5.609375, 0.7392578125, 0.09100341796875, 3.66796875, 3.298828125, 3.396484375, 0.1927490234375, 5.9375, 7.83984375, 2.83984375, 1.79296875, 6.1015625, 3.330078125, 1.2373046875, 1.5732421875, 8.1015625, 3.1796875, 4.48828125, 3.068359375, 6.03515625, 6.421875, 0.71337890625, 5.3515625, 0.474853515625, 0.41943359375, 0.06500244140625, 1.0146484375, 0.04071044921875, 4.79296875, 9.28125, 6.73046875, 1.08203125, 1.2734375, 0.10107421875, 0.396484375, 4.9140625, 7.0078125, 0.147216796875, 3.841796875, 3.642578125, 0.50341796875]",-0.35851699580316954
221,0,test,2.6079050121307374,1.0686456542592868,1.3862816953593802,5.5714334350065755,2.2830157159175672,2.961601803722312,13.570590827375044,8.909454069387554,10.177900149795803,28.99171676757396,19.033833693691594,21.74369577456376,2.782363613646234,1.0824619691976454,1.5319499538292436,4.797178644217645,1.8663137399959404,2.6412930238435237,16.15716514722085,10.683756122131655,12.665378076464766,27.857181288311814,18.420269176089057,21.83685875252546,2.7902103072424795,1.1725573397448974,1.6407942378096683,5.435474624498337,2.284202609892657,3.1963524113175357,16.28444417824066,11.243199722139853,13.128094895600457,31.72294320436492,21.902337121051662,25.57421083558531,0.5829145728643217,0.007914572864321734,-0.002085427135678275,0.48743718592964824,-0.007562814070351753,-0.002562814070351749,0.40703517587939697,0.007035175879396949,0.012035175879396953,0.4,0.10306258322237016,0.13998044965786904,0.37700534759358284,0.42713567839195976,0.1339025956851928,0.181726663366918,0.398989898989899,0.4147157190635451,0.11755378250261017,0.17889814398011905,0.3993288590604027,24.0,15.0,15.0,35.0,21.0,21.0,45.0,25.0,25.0,0.00030095010135651565,0.00021525586247575469,0.00017558518319312,-0.04664281822423533,-0.05217734605905644,-0.05039835460218445,"[2.88671875, 2.212890625, 0.2330322265625, 0.0401611328125, 3.814697265625e-05, 1.2705078125, 0.01294708251953125, 0.01422119140625, 6.5859375, 2.8125, 9.5546875, 7.69921875, 3.28125, 5.828125, 7.26171875, 6.30078125, 1.515625, 2.4765625, 3.509765625, 0.375732421875, 2.48046875, 3.94140625, 3.42578125, 6.03125, 4.6953125, 6.703125, 3.150390625, 5.53515625, 0.0572509765625, 6.0, 0.1424560546875, 0.06011962890625, 3.845703125, 5.73828125, 5.3671875, 2.14453125, 1.80859375, 0.0258636474609375, 2.87890625, 0.78369140625, 0.0026607513427734375, 0.66748046875, 4.97265625, 6.265625, 0.0024509429931640625, 3.37890625, 9.0703125, 11.859375, 0.1317138671875, 1.390625, 6.0703125, 5.3671875, 1.3134765625, 3.185546875, 2.236328125, 8.1328125, 0.1827392578125, 6.25390625, 1.4853515625, 6.59375, 3.603515625, 0.79296875, 3.6716461181640625e-05, 0.00013875961303710938, 6.651878356933594e-05, 0.0001246929168701172, 2.3126602172851562e-05, 6.9141387939453125e-06, 8.40625, 7.50390625, 0.50830078125, 0.921875, 5.12109375, 0.875, 5.1015625, 0.9921875, 5.94140625, 0.2020263671875, 0.73681640625, 6.6484375, 2.490234375, 5.23828125, 4.9609375, 0.58984375, 7.1640625, 6.6875, 2.98046875, 1.92578125, 1.599609375, 1.1376953125, 3.119140625, 0.822265625, 2.572265625, 1.2040138244628906e-05, 8.440017700195312e-05, 3.898143768310547e-05, 4.57763671875e-05, 2.2649765014648438e-06, 2.9802322387695312e-06, 1.859375, 10.1171875, 8.578125, 1.7197265625, 0.80078125, 0.4990234375, -0.0, 1.3113021850585938e-05, 0.00014472007751464844, 0.00013709068298339844, 1.52587890625e-05, 2.0503997802734375e-05, 3.8203125, 5.65625, 0.11126708984375, 0.80029296875, 1.5634765625, 0.0002956390380859375, 6.1484375, 0.00792694091796875, 0.56689453125, 8.875, 5.4453125, 1.248046875, 6.21484375, 0.00977325439453125, 3.528594970703125e-05, 0.791015625, 7.5625, 0.7041015625, 0.7880859375, 1.578125, 0.1671142578125, 9.8125, 1.8955078125, 8.2109375, 0.32275390625, 0.001827239990234375, 0.4736328125, 0.027557373046875, 3.408203125, 1.390625, 4.6953125, 3.291015625, 2.892578125, 6.078125, 2.06640625, 0.01641845703125, 4.4375, 8.703125, 4.1484375, 1.7236328125, 3.611328125, 1.01171875, 1.0728836059570312e-05, 0.00021409988403320312, 5.1021575927734375e-05, 7.331371307373047e-05, 3.5762786865234375e-06, 2.3245811462402344e-05, 7.09375, 2.2109375, 0.1392822265625, 0.40966796875, 4.34375, 5.6484375, 5.67578125, 3.3515625, 0.0718994140625, 2.373046875, 7.9609375, 0.5966796875, 9.875, 3.271484375, 0.42138671875, 2.111328125, 2.2578125, 1.5400390625, 6.05859375, 3.234375, 4.59375, 4.3828125, 5.9921875, 2.6875, 8.8984375, 7.140625, 0.8671875, 0.6474609375, 1.7404556274414062e-05, 0.0004105567932128906, 6.67572021484375e-06, 5.602836608886719e-05, 2.1457672119140625e-06, 2.384185791015625e-07, 4.5859375, 6.41015625, 0.344970703125, 0.14501953125, 3.45703125, 1.0013580322265625e-05, 0.005100250244140625, 3.1948089599609375e-05, 0.00013267993927001953, 5.4836273193359375e-06, 0.000133514404296875, 6.9921875, 0.5009765625, 0.17578125, 4.1015625, 7.328125, 0.01543426513671875, 3.0546875, 3.927734375, 6.6875, 0.04339599609375, 2.5625, 8.1015625, 0.0458984375, 4.86328125, 3.6640625, 6.1640625, 0.1270751953125, 0.1434326171875, 2.56640625, 0.0132904052734375, 12.53125, 4.61328125, 1.7529296875, 0.0556640625, 4.42578125, 1.703125, 2.65625, 3.46484375, 7.1328125, 1.2265625, 0.018463134765625, 1.53125, 6.53515625, 5.08203125, 1.6103515625, 0.232421875, 3.978515625, 1.6884765625, 4.0703125, 1.4453125, 0.56005859375, 6.198883056640625e-06, 0.0011234283447265625, 3.6954879760742188e-06, 4.1365623474121094e-05, 1.5497207641601562e-06, 1.1920928955078125e-07, 2.205078125, 0.019561767578125, 0.0007648468017578125, 2.173828125, 3.0859375, 1.0728836059570312e-06, 0.01444244384765625, 2.7298927307128906e-05, 3.695487976074219e-05, 3.2186508178710938e-06, 2.4318695068359375e-05, 8.1015625, 5.68359375, 0.390625, 0.1160888671875, 0.139404296875, 5.35546875, 3.16015625, 4.11328125, 2.40625, 12.6953125, 2.146484375, 1.072265625, 1.6376953125, 0.1383056640625, 9.046875, 0.77099609375, 0.195068359375, 1.0537109375, 6.06640625, 1.8330078125, 6.9765625, 4.1953125, 6.32421875, 13.0859375, 2.228515625, 2.818359375, 1.986328125, 4.06640625, 3.62890625, 8.1953125, 0.2353515625, 4.89453125, 0.6494140625, 3.3359375, 8.296875, 1.38671875, 5.13671875, 0.93505859375, 0.06390380859375, 2.880859375, 6.1171875, 2.4140625, 0.387451171875, 0.01288604736328125, 4.703125, 0.1466064453125, 3.802734375, 2.693359375, 1.430511474609375e-06, 0.00016295909881591797, 2.7418136596679688e-06, 2.1576881408691406e-05, 1.5497207641601562e-06, 1.7881393432617188e-06, 2.966796875, 0.00266265869140625, 0.0002849102020263672, 0.79345703125, 0.45068359375, 0.37939453125, -0.0, 0.0006093978881835938, 4.5299530029296875e-06, 2.396106719970703e-05, 1.5497207641601562e-06, 3.337860107421875e-06, 1.5078125, 0.349609375, 1.3935546875, 0.1627197265625, -0.0, 0.0008058547973632812, 1.2755393981933594e-05, 2.1457672119140625e-05, 1.3113021850585938e-06, 1.0132789611816406e-05, 7.43359375, 9.390625, 5.7265625, 0.79541015625, 0.84228515625, 2.357421875, 1.73828125, 3.408203125, 0.08441162109375, 0.68408203125, 4.171875, 7.38671875, 0.06341552734375, 1.515625, 2.626953125, 3.236328125, 4.09375, 7.4375, 0.172119140625, 4.953125, 4.3671875, 3.30078125, 2.12109375, 2.615234375, 6.41015625, 2.462890625, 1.08984375, 2.01171875, 3.216796875, 0.16845703125, 0.0286102294921875, 3.14453125, 6.015625, 1.84375, 0.57958984375, 0.145751953125, 1.146484375]",-0.7942601623535155
470,0,test,4.111306929489389,1.8304873243866924,2.5287542271446926,6.460625174911898,2.8764800811790883,3.973756642655945,61.02642270524641,51.24172599391424,56.15905780530976,95.89866425110151,80.52271227615094,88.24994797977247,4.1899011536459225,1.7991901613227954,2.5769755240619814,6.253583811411825,2.685358449735516,3.8462321254656437,66.01626517076804,55.09500905821959,60.99879613920637,98.53173906084781,82.23135680331282,91.0429793122483,4.111306929489389,1.8304873243866924,2.5287542271446926,6.460625174911898,2.8764800811790883,3.973756642655945,61.02642270524641,51.24172599391424,56.15905780530976,95.89866425110151,80.52271227615094,88.24994797977247,0.778894472361809,-0.0011055276381910506,-0.0011055276381910506,0.6984924623115578,0.008492462311557869,0.02349246231155777,0.5527638190954773,-0.0072361809045227155,-0.0072361809045227155,0.4315352697095436,0.075427609254057,0.14739733867506088,0.42500000000000004,0.4321608040201005,0.09130867369428597,0.15670170552260465,0.4292929292929293,0.4315352697095436,0.075427609254057,0.14739733867506088,0.42500000000000004,21.0,-2.0,0.0,31.0,-2.0,1.0,40.0,-1.0,0.0,0.00038458010401717067,0.0003646084092551878,-2.9429142832463107e-05,1.765294534639139e-05,-6.285548396256502e-05,-8.431204445269458e-05,"[6.2578125, 2.232421875, 9.796875, 2.08203125, 2.29296875, 6.06640625, 7.5859375, 0.318603515625, 0.3115234375, 10.2421875, 2.791015625, 11.1328125, 7.56640625, 2.5703125, 2.283203125, 0.869140625, 1.6875, 3.478515625, 11.7890625, 0.425537109375, 8.140625, 4.1328125, 0.1824951171875, 10.109375, 1.0576171875, 2.482421875, 3.33203125, 0.0799560546875, 1.4541015625, 9.6171875, 0.67041015625, 5.734375, 4.5859375, 0.32666015625, 4.0546875, 1.681640625, 1.3740234375, 0.68310546875, 4.30078125, 9.7890625, 0.041046142578125, 2.4921875, 10.046875, 0.66796875, 0.1585693359375, 0.419677734375, 8.7734375, 0.256591796875, 0.0267791748046875, 5.05859375, 0.79443359375, 1.0712890625, 4.59375, 1.111328125, 17.1875, 2.396484375, 2.578125, 9.078125, 0.1839599609375, 3.51953125, 0.71337890625, 4.23046875, 0.455078125, 0.68017578125, 2.181640625, 5.22265625, 0.056121826171875, 4.91796875, 3.541015625, 6.48828125, 1.8447265625, 2.564453125, 3.431640625, 0.045562744140625, 1.8835067749023438e-05, 0.13232421875, 0.492919921875, 3.123046875, 0.00881195068359375, 2.5859375, 3.576171875, 4.24609375, 3.259765625, 4.5703125, 9.6015625, 13.7578125, 0.9638671875, 2.123046875, 7.1171875, 2.46875, 3.087890625, 7.38671875, 0.09771728515625, 6.796875, 2.12109375, 4.8515625, 3.375, 1.91015625, 8.09375, 6.56640625, 1.455078125, 4.8828125, 2.50390625, 4.34375, 5.57421875, 0.6533203125, 5.15625, 0.0343017578125, 9.7578125, 7.2890625, 1.8740234375, 3.376953125, 8.375, 0.783203125, 4.625, 6.66015625, 5.546875, 4.34765625, 3.072265625, 9.5546875, 6.73046875, 2.509765625, 6.515625, 0.03399658203125, 7.21484375, 7.46875, 0.76025390625, 1.7314453125, 0.63720703125, 9.8984375, 5.9375, 9.0234375, 8.78125, 7.33984375, 12.3671875, 7.7890625, 2.435546875, 3.947265625, 8.6640625, 3.94140625, 9.625, 0.040130615234375, 8.765625, 5.9140625, 0.5693359375, 2.7109375, 9.0703125, 10.9140625, 7.0625, 3.802734375, 7.08984375, 1.7734375, 2.296875, 0.73095703125, 0.343505859375, 4.05078125, 8.125, 0.9326171875, 8.7578125, 0.04986572265625, 3.927734375, 8.5234375, 11.9921875, 5.78515625, 1.4228515625, 8.4609375, 4.8828125, 2.94140625, 9.546875, 7.1484375, 4.39453125, 5.05859375, 2.48046875, 0.45166015625, 3.619140625, 3.56640625, 2.044921875, 5.6953125, 4.234375, 0.038177490234375, 3.982421875, 0.09735107421875, 3.400390625, 3.013671875, 3.599609375, 4.453125, 5.33984375, 2.1484375, 4.75390625, 6.59765625, 2.154296875, 4.31640625, 6.34375, 0.58740234375, 3.62109375, 0.0308837890625, 2.08203125, 8.0546875, 7.19140625, 5.57421875, 3.244140625, 6.2109375, 6.9296875, 0.1656494140625, 4.10546875, 6.27734375, 0.371826171875, 0.01258087158203125, 10.4609375, 0.254150390625, 7.02734375, 3.798828125, 5.22265625, 9.828125, 1.4189453125, 3.060546875, 2.751953125, 1.7236328125, 6.0625, 7.6171875, 0.274169921875, 3.8125, 1.861328125, 3.94140625, 0.380859375, 4.60546875, 0.0059356689453125, 2.63671875, 2.85546875, 0.27783203125, 3.505859375, 0.89990234375, 4.2890625, 5.125, 4.16796875, 6.86328125, 3.47265625, 3.29296875, 5.59375, 1.5673828125, 0.360107421875]",-0.48795053968785673
173,0,test,3.646761344630143,1.6570416137785706,2.2424757714090147,5.705416942405224,2.5924683312342154,3.508389513333459,38.3502614258183,31.036777694632935,34.27764531015451,59.999602553296384,48.55753929644186,53.62792895298368,3.852340274120695,1.6614756367386465,2.3153693801143573,5.5429356462168275,2.3906124269620816,3.331466733977493,47.10316866951292,38.16022649460296,42.45268655852918,67.77434340937111,54.90680071165894,61.08300224248803,3.646761344630143,1.6570416137785706,2.2424757714090147,5.705416942405224,2.5924683312342154,3.508389513333459,38.3502614258183,31.036777694632935,34.27764531015451,59.999602553296384,48.55753929644186,53.62792895298368,0.7587939698492463,-0.006206030150753716,-0.006206030150753716,0.6130653266331658,-0.02193467336683419,-0.02193467336683419,0.49246231155778897,-0.007537688442211032,0.0024623115577889765,0.403448275862069,0.08847409341800705,0.16032900980702314,0.4152249134948097,0.42713567839195976,0.09129607939446605,0.16670162163069102,0.4494949494949495,0.403448275862069,0.08847409341800705,0.16032900980702314,0.4152249134948097,26.0,7.0,5.0,36.0,3.0,2.0,44.0,5.0,4.0,0.0012070241274808023,-0.00011135776882090983,6.335321494046277e-05,-0.004997442267380414,-0.0033578212226306192,-0.004196965246407558,"[2.859375, 2.21484375, 5.265625, 0.125732421875, 0.0014190673828125, 0.8134765625, 0.0162811279296875, 0.02850341796875, 8.1953125, 2.244140625, 7.234375, 1.744140625, 3.486328125, 0.42578125, 4.07421875, 11.296875, 0.1282958984375, 1.2275390625, 0.87451171875, 3.107421875, 2.458984375, 3.228515625, 1.6962890625, 1.263671875, 0.07666015625, 8.1640625, 0.0171966552734375, 7.66015625, 2.1875, 5.96875, 1.41796875, 0.7158203125, 3.3203125, 10.984375, 0.30126953125, 10.3125, 5.21484375, 0.798828125, 1.8134765625, 7.46875, 6.5625, 8.140625, 2.50390625, 10.6796875, 1.8046875, 4.125, 1.1708984375, 0.72705078125, 8.1328125, 5.72265625, 2.935546875, 3.25, 6.0703125, 2.52734375, 4.46484375, 9.1328125, 1.8173828125, 3.529296875, 3.25390625, 4.8984375, 6.00390625, 1.025390625, 5.95703125, 3.978515625, 0.1646728515625, 7.0625, 5.6953125, 3.564453125, 2.787109375, 0.91259765625, 2.259765625, 6.796875, 7.1171875, 2.548828125, 5.546875, 5.9453125, 9.0625, 1.134765625, 6.76171875, 7.0546875, 1.01953125, 8.2421875, 0.336181640625, 3.173828125, 9.578125, 1.650390625, 1.8544921875, 12.9375, 0.2440185546875, 7.80078125, 5.94140625, 1.2158203125, 7.0703125, 1.1103515625, 10.4921875, 1.9306640625, 2.44140625, 1.1962890625, 4.9140625, 6.33984375, 3.078125, 6.5546875, 5.87109375, 6.87109375, 1.3271484375, 8.4765625, 0.75830078125, 10.1171875, 0.0243377685546875, 2.650390625, 9.1796875, 0.059539794921875, 7.4453125, 0.1832275390625, 5.73828125, 0.81005859375, 1.17578125, 3.3203125, 6.39453125, 7.1484375, 0.10406494140625, 0.97412109375, 7.9453125, 7.16015625, 2.595703125, 1.232421875, 3.853515625, 1.77734375, 0.8173828125, 0.09326171875, 2.203125, 2.73828125, 4.96484375, 0.72509765625, 9.8046875, 8.5, 2.712890625, 5.90625, 8.78125, 0.152099609375, 0.10089111328125, 8.2734375, 0.9375, 2.330078125, 6.13671875, 6.8203125, 2.755859375, 0.082763671875, 4.15234375, 7.87890625, 2.990234375, 4.25, 2.896484375, 0.44384765625, 0.7333984375, 5.6328125, 3.025390625, 0.0007472038269042969, 0.460205078125, 0.100830078125, 9.3671875, 7.2890625, 11.53125, 2.546875, 7.57421875, 1.6123046875, 6.36328125, 1.123046875, 7.87109375, 0.053497314453125, 0.8642578125, 6.75390625, 0.0599365234375, 6.21875, 2.56640625, 5.05078125, 3.3125, 2.578125, 0.0013971328735351562, 0.5458984375, 0.0345458984375, 5.8203125, 2.654296875, 1.392578125, 0.302978515625, 0.1707763671875, 6.7734375, 1.267578125, 0.005855560302734375, 0.07672119140625, 0.0026721954345703125, 10.375, 0.0103607177734375, 2.978515625, 8.3828125, 5.03125, 5.54296875, 9.421875, 4.09765625, 0.403564453125, 5.0234375, 12.71875, 5.2265625, 12.9453125, 13.4453125, 9.578125, 1.1884765625, 1.1982421875, 3.39453125, 3.52734375, 6.56640625, 0.82177734375, 6.9140625, 2.142578125, 2.181640625, 3.853515625, 5.8359375, 0.62255859375, 2.47265625, 0.7919921875, 9.2265625, 8.8828125, 0.054931640625, 0.42626953125, 3.203125, 9.7265625, 4.83203125, 2.45703125, 2.884765625, 0.359130859375, 0.87548828125, 0.0002262592315673828, 2.30078125, 1.6748046875, 0.136962890625, 0.001201629638671875, 0.386474609375, 0.001895904541015625, 2.1576881408691406e-05, 0.061798095703125, 0.00013053417205810547, 0.00017583370208740234, 0.24560546875, 4.84765625, 0.0894775390625, 0.0318603515625, 0.060272216796875, 0.0003540515899658203, 2.12109375, 1.8125, 0.420654296875, 5.9375, 0.085205078125, 7.74609375, 3.927734375, 1.478515625, 0.61328125, 2.81640625, 2.853515625, 2.466796875, 0.0308074951171875, 7.19921875, 8.2421875, 1.111328125, 1.32421875, 7.4296875, 1.65234375, 8.0625, 4.0390625, 3.87109375, 4.92578125, 0.140625, 7.1875, 5.12890625, 3.9921875, 1.607421875, 0.931640625, 2.21484375, 5.82421875, 0.71435546875, 0.011383056640625, 0.6767578125, 2.064453125, 8.3515625, 0.6181640625, 0.234375, 4.3203125, 5.40234375, 2.685546875, 1.0576171875]",-0.7379208338671717
413,0,test,4.227934009253733,1.9580228022096575,2.691060806007542,6.447599364111944,2.985984773369728,4.103867729161502,68.57540956061483,58.896868170995866,63.92538173657338,104.57749957993762,89.8177239607687,97.4862071482744,4.4491438817738285,2.0324501485081767,2.8280156343626213,6.35591983110547,2.9035002121545386,4.040022334803745,85.55366858547434,74.34492968233836,80.49487391548634,122.21952655067764,106.20704240334052,114.99267702212335,4.227934009253733,1.9580228022096575,2.691060806007542,6.447599364111944,2.985984773369728,4.103867729161502,68.57540956061483,58.896868170995866,63.92538173657338,104.57749957993762,89.8177239607687,97.4862071482744,0.8341708542713568,-0.0008291457286431214,0.004170854271356883,0.7135678391959799,-0.006432160804020093,-0.006432160804020093,0.6030150753768844,-0.0019849246231156137,-0.006984924623115618,0.4238683127572016,0.06584362139917688,0.15637860082304522,0.3801652892561983,0.42211055276381915,0.07035175879396993,0.15577889447236182,0.3939393939393939,0.4238683127572016,0.06584362139917688,0.15637860082304522,0.3801652892561983,29.0,0.0,0.0,41.0,-2.0,-1.0,47.0,-1.0,0.0,0.0002654144447835733,0.00024217585516689646,0.00027259878424124045,3.793101625682027e-06,-7.384872300431056e-05,-9.33731963588258e-05,"[5.8515625, 1.150390625, 9.015625, 9.046875, 1.4873046875, 1.1279296875, 8.765625, 4.95703125, 6.37890625, 9.0, 4.13671875, 2.48828125, 5.671875, 8.796875, 4.12890625, 0.00487518310546875, 9.9375, 5.07421875, 9.3515625, 3.865234375, 7.9921875, 0.5283203125, 5.71875, 4.5078125, 2.046875, 1.5947265625, 0.0689697265625, 0.335693359375, 4.25390625, 7.859375, 0.025299072265625, 8.3046875, 7.484375, 4.63671875, 1.3623046875, 6.265625, 0.1341552734375, 10.1484375, 2.37890625, 0.326171875, 1.6103515625, 8.1484375, 3.32421875, 9.828125, 6.19921875, 2.439453125, 8.40625, 3.123046875, 6.640625, 4.8984375, 2.70703125, 7.24609375, 0.08856201171875, 1.7568359375, 4.6015625, 9.484375, 0.30908203125, 6.04296875, 2.07421875, 2.671875, 3.19140625, 4.1171875, 9.34375, 8.9296875, 11.0703125, 1.197265625, 2.89453125, 6.5390625, 2.669921875, 4.83984375, 1.0439453125, 2.232421875, 4.37109375, 0.0213165283203125, 2.328125, 7.8359375, 2.416015625, 3.07421875, 2.12109375, 8.6953125, 0.161376953125, 3.28515625, 3.171875, 5.09375, 3.06640625, 12.609375, 5.37109375, 0.122314453125, 4.10546875, 7.83203125, 1.439453125, 5.42578125, 4.546875, 6.3984375, 7.64453125, 1.259765625, 3.01171875, 3.455078125, 3.69921875, 1.9365234375, 2.083984375, 10.1171875, 4.8671875, 8.8984375, 8.953125, 0.437255859375, 0.611328125, 8.109375, 1.0615234375, 3.447265625, 6.64453125, 1.1474609375, 10.140625, 7.921875, 0.0282440185546875, 3.734375, 2.033203125, 5.55859375, 4.109375, 2.970703125, 5.16015625, 4.8046875, 0.1207275390625, 10.9140625, 10.0703125, 3.458984375, 8.484375, 3.2578125, 6.5078125, 12.1875, 0.0003833770751953125, 1.3720703125, 4.9140625, 2.4140625, 7.23046875, 5.36328125, 1.3115234375, 0.00927734375, 9.546875, 1.990234375, 5.390625, 0.837890625, 3.248046875, 7.95703125, 1.6865234375, 5.83984375, 3.53515625, 3.23046875, 9.4140625, 0.87890625, 4.35546875, 0.91064453125, 1.7177734375, 3.7421875, 8.515625, 7.125, 0.330078125, 2.783203125, 7.65234375, 8.3046875, 0.9775390625, 7.6796875, 1.5322265625, 9.3203125, 0.2393798828125, 2.43359375, 6.4921875, 3.216796875, 7.34375, 9.3671875, 0.376708984375, 0.51953125, 4.140625, 8.5625, 2.134765625, 1.087890625, 0.0023193359375, 1.9052734375, 3.98046875, 5.0390625, 3.16015625, 0.97412109375, 1.4228515625, 2.666015625, 6.5390625, 9.75, 0.0948486328125, 3.228515625, 1.0517578125, 7.54296875, 9.1875, 4.3125, 2.48828125, 10.703125, 0.73388671875, 10.9609375, 0.114501953125, 0.2279052734375, 3.84765625, 0.10943603515625, 3.203125, 0.52001953125, 0.7958984375, 3.375, 3.9921875, 7.90625, 1.6748046875, 0.4638671875, 6.23046875, 2.541015625, 2.580078125, 2.017578125, 5.171875, 2.294921875, 3.267578125, 2.51953125, 2.30078125, 0.2763671875, 3.197265625, 2.068359375, 0.0660400390625, 12.8046875, 0.55224609375, 0.51416015625, 3.265625, 0.08538818359375, 0.106689453125, 5.40625, 7.54296875, 2.728515625, 0.98779296875, 6.25390625, 0.012359619140625, 0.0250396728515625, 1.2783203125, 4.796875, 8.90625, 2.115234375, 0.266357421875, 7.703125, 7.2109375, 3.314453125, 9.75]",-0.5429648097159934
28,0,test,2.9184080574247573,1.1928758024459356,1.7075632024215883,5.6492041683007805,2.30906673187749,3.3053544846875034,18.511794276795364,12.896285159698756,15.155475218797367,35.83354463579674,24.963523416274022,29.336669887814903,2.8358177282103343,1.1187427537726302,1.5827802558102104,5.401557577543493,2.1309385786145336,3.0148195348765907,17.044332234646607,11.476114792174616,13.543371339101206,32.4653947326602,21.859266270808792,25.7968977887642,2.9184080574247573,1.1928758024459356,1.7075632024215883,5.6492041683007805,2.30906673187749,3.3053544846875034,18.511794276795364,12.896285159698756,15.155475218797367,35.83354463579674,24.963523416274022,29.336669887814903,0.6482412060301508,-0.006758793969849242,-0.021758793969849144,0.507537688442211,0.002537688442211028,-0.007462311557788981,0.4120603015075377,-0.007939698492462344,0.012060301507537674,0.43333333333333335,0.10246457178065316,0.16855500821018066,0.379182156133829,0.42211055276381915,0.10381481341544818,0.1466514542663233,0.35858585858585856,0.43333333333333335,0.10246457178065316,0.16855500821018066,0.379182156133829,16.0,0.0,1.0,29.0,0.0,0.0,37.0,2.0,3.0,-0.00014287982315580955,0.00031488553540805745,0.0002604372466790641,-0.009526475018621028,-0.010266386445066722,-0.009561930978591704,"[12.03125, 5.77734375, 7.26171875, 6.078125, 5.70703125, 0.026885986328125, 2.173828125, 2.9609375, 1.9169921875, 2.17578125, 0.728515625, 2.98828125, 3.95703125, 0.0994873046875, 5.80078125, 7.18359375, 1.0625, 4.37109375, 1.8837890625, 2.576171875, 7.98046875, 4.2890625, 2.90625, 2.505859375, 3.96484375, 2.07421875, 0.95263671875, 0.8212890625, 3.447265625, 0.56396484375, 4.30859375, 0.77490234375, 0.485595703125, 8.34375, 1.1796875, 5.23828125, 1.7373046875, 0.043365478515625, 4.5234375, 0.437255859375, 5.71484375, 1.3408203125, 4.55078125, 4.390625, 7.859375, 0.83642578125, 3.21484375, 1.5576171875, 1.796875, 4.6328125, 0.02459716796875, 6.21484375, 3.048828125, 1.2568359375, 6.94140625, 2.099609375, 2.98828125, 6.19921875, 0.011383056640625, 6.7734375, 0.74755859375, 6.9453125, 0.492431640625, 3.9921875, 5.32421875, 4.26171875, 3.119140625, 3.162109375, 1.93359375, 10.171875, 0.587890625, 6.45703125, 7.67578125, 2.1484375, 5.13671875, 1.9287109375, 9.2109375, 1.0556640625, 3.37109375, 0.1329345703125, 7.05078125, 0.260986328125, 6.4375, 5.63671875, 5.16015625, 0.00945281982421875, 6.09375, 1.0380859375, 3.6484375, 3.076171875, 2.0546875, 0.0234222412109375, 5.0546875, 2.158203125, 0.0026264190673828125, 0.005443572998046875, 0.131103515625, 1.84765625, 0.00035881996154785156, 2.892578125, 0.003337860107421875, 0.01331329345703125, 4.7087669372558594e-05, 0.00951385498046875, 4.09765625, 0.11248779296875, 0.00028777122497558594, 3.798828125, 0.0226593017578125, 0.0172119140625, 4.851818084716797e-05, 0.003204345703125, 3.125, 0.040771484375, 0.00038886070251464844, 4.53125, 0.0082244873046875, 0.0164794921875, 0.00037026405334472656, 0.00719451904296875, 0.1986083984375, 1.46875, 0.57763671875, 0.2734375, 5.97265625, 1.0673828125, 6.171875, 8.578125, 1.1533203125, 1.6298828125, 1.046875, 4.6875, 3.751953125, 0.054840087890625, 7.9296875, 1.36328125, 0.029998779296875, 5.45703125, 4.99609375, 2.486328125, 1.5263671875, 15.4296875, 0.0063018798828125, 1.2490234375, 9.6015625, 6.43359375, 1.2705078125, 0.619140625, 0.0316162109375, 0.0025234222412109375, 2.658203125, 7.63671875, 5.15234375, 0.148193359375, 4.9140625, 1.4990234375, 0.40576171875, 0.005008697509765625, 0.0023632049560546875, 5.12109375, 6.98828125, 1.0419921875, 2.28515625, 5.6328125, 3.416015625, 3.1875, 0.931640625, 0.37548828125, 0.024078369140625, 0.1683349609375, 0.0016813278198242188, 1.9462890625, 4.52734375, 3.115234375, 5.9609375, 0.035430908203125, 3.8125, 3.92578125, 0.3037109375, 2.6953125, 0.12420654296875, 4.15234375, 0.470703125, 1.3662109375, 0.27001953125, 0.005077362060546875, 1.634765625, 0.83984375, 0.24951171875, 0.6796875, 3.228515625, 2.216796875, 2.83203125, 4.4140625, 8.9140625, 0.89404296875, 1.39453125, 4.8359375, 6.01953125, 4.3125, 3.873046875, 1.5234375, 2.16796875, 8.0234375, 6.4765625, 5.15234375, 0.396240234375, 1.5322265625, 1.9073486328125e-06, 4.44921875, 0.001621246337890625, 0.00640106201171875, 1.5020370483398438e-05, 0.00010955333709716797, 0.439697265625, 0.67578125, 0.0011730194091796875, 3.724609375, 1.9931640625, 6.68359375, 0.828125, 7.03515625, 0.130126953125, 9.296875, 2.193359375, 0.093994140625, 2.748046875, 1.7822265625, 0.8515625, 0.767578125, 0.01434326171875, 5.86328125, 6.51171875, 5.66796875, 3.884765625, 3.544921875, 3.642578125, 1.73828125, 11.9453125, 0.025665283203125, 6.90625, 1.873046875, 4.046875, 2.453125, 3.646484375, 3.36328125, 2.46484375, 5.70703125, 7.17578125, 0.5205078125, 1.3113021850585938e-06, 3.7421875, 0.0017404556274414062, 0.0032405853271484375, 3.266334533691406e-05, 0.00029587745666503906, 0.1575927734375, 5.3984375, 0.024169921875, 8.59375, 2.279296875, 1.8427734375, 7.453125, 5.01953125, 0.51416015625, 2.234375, 8.1015625, 3.453125, 7.10546875, 5.32421875]",-0.3886455085542466
146,0,test,3.0096895517049442,1.3128368056563504,1.7253774560115815,5.652716416907763,2.4657341019941605,3.2405566432704833,20.28110271405284,14.824356143010469,16.66892044743357,38.09141118883021,27.842699354892762,31.30710946979909,3.1741978253551464,1.3665053541935868,1.8896277761539222,5.038409246595471,2.1690561177675987,2.9994091684982895,23.907634076351506,17.811270422175223,20.294519914457865,37.94862551801826,28.271857812976542,32.21352367374264,3.112888687430417,1.3535099878757695,1.8869337123904872,5.694308574567836,2.475932904650798,3.451708010470404,22.485905426395547,16.67707818032517,19.078486897208503,41.132753828772344,30.50685032986312,34.89967115343019,0.6281407035175879,0.008140703517587888,-0.0018592964824121205,0.5276381909547738,-0.012361809045226213,-0.012361809045226213,0.457286432160804,0.01228643216080405,0.01228643216080405,0.4417344173441734,0.13685636856368555,0.18171486700204242,0.4211956521739131,0.4371859296482412,0.12060301507537685,0.19262981574539362,0.4191919191919192,0.4481605351170569,0.137123745819398,0.19620958751393536,0.4395973154362416,24.0,13.0,12.0,37.0,16.0,16.0,46.0,16.0,16.0,0.0011093504013504093,-3.336109852524068e-05,0.000350490974034475,-0.025786724120831828,-0.02255134486946364,-0.02449654802331125,"[7.05859375, 1.3818359375, 2.337890625, 0.296142578125, 0.0770263671875, 0.00011336803436279297, 1.076171875, 0.0016069412231445312, 0.0085906982421875, 4.89453125, 6.33984375, 0.333251953125, 10.4765625, 3.75390625, 2.65625, 0.412109375, 2.126953125, 9.3984375, 5.32421875, 1.0849609375, 9.5078125, 0.48876953125, 2.4296875, 1.3466796875, 5.59765625, 0.47412109375, 4.4375, 8.7109375, 1.875, 0.599609375, 6.61328125, 1.4169921875, 0.12164306640625, 3.193359375, 8.2109375, 4.3125, 4.7265625, 1.994140625, 0.00244903564453125, 4.8359375, 6.3046875, 0.00024437904357910156, 1.333984375, 4.18359375, 0.0892333984375, 5.87109375, 3.96484375, 8.4296875, 0.58251953125, 3.826171875, 3.533203125, 2.646484375, 2.787109375, 5.18359375, 3.197265625, 7.046875, 4.4453125, 5.5546875, 5.2734375, 3.205078125, 12.453125, 3.951171875, 1.3134765625, 1.373046875, 8.78125, 1.126953125, 10.5703125, 2.80078125, 6.04296875, 5.953125, 4.421875, 5.53125, 1.3115234375, 6.3828125, 0.0225677490234375, 2.216796875, 7.78515625, 0.1746826171875, 5.27734375, 0.00423431396484375, 0.0043792724609375, 0.63818359375, 0.005748748779296875, 0.0214996337890625, 0.088134765625, 10.4140625, 0.1075439453125, 5.70703125, 6.12109375, 0.6201171875, 7.82421875, 1.0927734375, 3.341796875, 0.1873779296875, 9.9765625, 0.0003478527069091797, 2.146484375, 3.232421875, 9.265625, 0.31298828125, 0.4697265625, 6.78125, 3.076171875, 8.75, 3.3828125, 4.47265625, 0.43798828125, 0.0007452964782714844, 2.466796875, 5.0, 8.1640625, 1.2548828125, 10.0703125, 4.125, 3.96484375, 2.966796875, 0.0121002197265625, 0.00498199462890625, 1.318359375, 1.513671875, 6.8671875, 3.650390625, 3.5546875, 6.08203125, 4.66015625, 2.927734375, 1.0869140625, 0.344970703125, 0.045074462890625, 0.288330078125, 0.274658203125, 0.70458984375, 0.0264739990234375, 5.328125, 1.4462890625, 5.43359375, 6.390625, 6.15625, 0.5380859375, 5.6171875, 1.666015625, 0.1395263671875, 3.48828125, 4.875, 11.03125, 6.296875, 8.453125, 6.41796875, 2.01171875, 0.73681640625, 0.0224761962890625, 0.0007824897766113281, 0.05462646484375, 0.40185546875, 0.00981903076171875, 0.073974609375, 0.0217132568359375, 0.043853759765625, 0.021514892578125, 3.9765625, 0.158203125, 0.0245513916015625, 0.0008673667907714844, 0.0299530029296875, 0.000789642333984375, 0.005832672119140625, 0.0017137527465820312, 3.9921875, 0.239990234375, 0.005573272705078125, 0.0008325576782226562, 0.01404571533203125, 0.00176239013671875, 0.0037670135498046875, 0.0024242401123046875, 4.5625, 2.30859375, 0.81103515625, 4.11328125, 8.25, 0.014892578125, 9.5, 0.056671142578125, 4.4609375, 1.9658203125, 0.09814453125, 0.42578125, 2.208984375, 7.9609375, 4.13671875, 0.40478515625, 4.46875, 4.078125, 10.09375, 0.390869140625, 0.053131103515625, 4.03125, 9.0625, 4.9296875, 3.595703125, 0.0035247802734375, 0.042083740234375, 0.0017137527465820312, 0.0013189315795898438, 0.003826141357421875, 4.0859375, 3.21875, 1.5068359375, 8.1796875, 5.42578125, 0.5791015625, 0.0005927085876464844, 0.0181884765625, 0.00048279762268066406, 0.0012254714965820312, 0.0006060600280761719, 4.1484375, 0.189697265625, 0.00890350341796875, 0.0003848075866699219, 0.00513458251953125, 0.0005645751953125, 0.0016727447509765625, 0.0006837844848632812, 4.23046875, 1.38671875, 2.556640625, 0.01971435546875, 3.47265625, 1.4306640625, 2.23046875, 1.3330078125, 2.873046875, 0.0197601318359375, 3.359375, 10.8125, 0.35498046875, 4.55078125, 0.0028591156005859375, 0.007801055908203125, 2.185546875, 4.83203125, 3.84375, 3.01953125, 3.70703125, 5.6953125, 6.69140625, 1.51953125, 3.416015625, 0.040985107421875, 1.4208984375, 9.2421875, 0.0849609375, 7.0, 0.0016412734985351562, 0.019134521484375, 0.7333984375, 6.00390625, 0.27587890625, 5.78515625, 5.05859375, 1.01953125, 4.23046875, 1.17578125, 1.248046875, 0.0001633167266845703, 6.58984375, 6.1171875, 0.77197265625, 1.3759765625, 1.5263671875, 5.54296875, 2.259765625, 7.8203125, 0.1854248046875, 0.0198516845703125, 5.82421875, 1.33984375, 3.33203125, 8.3671875, 0.46142578125, 0.277099609375, 7.87109375, 6.2421875, 4.2421875, 3.9140625, 2.349609375, 9.7734375, 10.3359375, 8.609375, 3.4453125, 4.01953125, 0.0026569366455078125, 10.1875, 7.00390625, 1.8876953125, 9.25, 6.98046875, 5.52734375, 2.84765625, 0.1600341796875, 0.172119140625, 0.203857421875, 3.50390625, 6.1796875, 0.376220703125, 0.020538330078125, 0.57421875, 0.46728515625, 0.0032749176025390625, 0.016571044921875, 0.0014657974243164062, 0.004528045654296875, 0.000640869140625, 7.07421875, 1.009765625, 3.369140625, 1.0341796875, 6.05859375, 5.04296875, 3.263671875, 3.265625, 0.92236328125, 8.4140625, 1.6708984375, 9.2265625, 0.10675048828125, 3.544921875, 4.12890625, 3.984375, 7.1640625, 0.60302734375, 3.96484375, 0.368408203125, 0.5244140625, 0.385986328125, 0.638671875, 1.732421875, 0.056884765625, 0.0010623931884765625, 0.06976318359375, 0.1788330078125, 1.048828125, 4.26171875, 0.0018758773803710938, 0.020721435546875, 1.5224609375, 2.61328125, 5.12890625, 4.90234375, 2.001953125, 5.79296875, 6.3828125, 3.201171875, 1.42578125, 3.833984375, 6.4765625, 5.69140625, 1.9521484375, 1.693359375, 2.927734375, 2.53125, 0.00687408447265625, 1.1171875, 9.6484375, 3.826171875, 7.29296875, 1.9755859375, 1.326171875]",-0.6372099100412716
416,0,test,2.848743428013282,1.1134490724095327,1.5343368611411896,5.516352880834968,2.1561008049548755,2.971114731111552,17.266072140951064,11.595475410862932,13.543530890597907,33.43430154461622,22.453666258029376,26.225912418209816,2.7532403618846106,0.9533153922114539,1.3788058432302681,4.7882441076254105,1.6579398125416596,2.3979232056178583,15.6934018844841,9.644208310069725,11.74056105143439,27.292872842581044,16.77253619142561,20.418367045972854,2.8012422091984828,1.0696813316648222,1.4895703668977105,5.387004248458621,2.057079483970812,2.864558397880213,16.465087155570277,10.815622002333033,12.752712123003569,31.663629145327455,20.79927308140968,24.52444639039148,0.5628140703517588,0.002814070351758735,0.00781407035175885,0.48743718592964824,-0.007562814070351753,-0.007562814070351753,0.38190954773869346,-0.018090452261306567,-0.018090452261306567,0.4041916167664671,0.07485029940119758,0.12874251497005995,0.40240240240240244,0.40703517587939697,0.0879396984924623,0.13400335008375208,0.38888888888888884,0.4147157190635451,0.09197324414715713,0.1471571906354514,0.4093959731543624,20.0,10.0,10.0,30.0,15.0,13.0,37.0,11.0,12.0,-0.0002219047696862373,-3.07332384728994e-05,-6.452789959469496e-05,-0.02959458533462378,-0.030213698918943876,-0.030068358323006805,"[7.05859375, 1.3818359375, 2.337890625, 0.296142578125, 0.0770263671875, 0.00011336803436279297, 1.076171875, 0.0016069412231445312, 0.0085906982421875, 7.89453125, 1.59375, 3.119140625, 7.3984375, 2.560546875, 1.181640625, 3.70703125, 0.07403564453125, 1.1474609375, 10.1328125, 5.72265625, 10.7734375, 0.81494140625, 5.0, 3.693359375, 3.951171875, 5.6796875, 8.7890625, 1.1279296875, 4.00390625, 1.2939453125, 0.0286407470703125, 0.1832275390625, 0.220703125, 0.022247314453125, 0.145751953125, 4.73046875, 0.221435546875, 0.01366424560546875, 0.0019483566284179688, 0.0288543701171875, 0.0019474029541015625, 0.058746337890625, 4.5859375, 2.216796875, 7.2578125, 0.23779296875, 0.07293701171875, 14.046875, 8.046875, 2.16015625, 8.6015625, 2.4375, 10.5625, 0.2283935546875, 8.6015625, 0.053680419921875, 0.69482421875, 1.408203125, 6.25, 0.158935546875, 0.68701171875, 6.43359375, 3.71875, 3.828125, 2.896484375, 2.5234375, 4.171875, 6.51171875, 5.703125, 0.6142578125, 2.01171875, 0.339111328125, 2.091796875, 0.042633056640625, 4.51171875, 4.6328125, 6.60546875, 5.859375, 4.53515625, 2.89453125, 0.6953125, 0.0294189453125, 0.029388427734375, 0.00440216064453125, 0.015625, 3.6484375, 0.2137451171875, 0.0119171142578125, 0.0009312629699707031, 0.01055908203125, 0.001819610595703125, 0.0030422210693359375, 4.296875, 2.181640625, 8.7578125, 0.1396484375, 3.99609375, 3.708984375, 6.37890625, 6.01171875, 2.685546875, 0.057769775390625, 0.00699615478515625, 2.130859375, 6.578125, 1.5048828125, 0.98193359375, 5.45703125, 0.472900390625, 0.257080078125, 3.125, 1.0234375, 2.46484375, 0.131103515625, 3.220703125, 5.21875, 0.0516357421875, 5.18359375, 0.058685302734375, 1.8515625, 3.744140625, 4.01953125, 0.63330078125, 6.1640625, 0.54150390625, 0.6318359375, 4.2109375, 1.2158203125, 10.6484375, 0.0169525146484375, 0.441162109375, 4.6171875, 9.5625, 0.587890625, 0.0005598068237304688, 0.029083251953125, 0.004444122314453125, 0.0018787384033203125, 5.32421875, 0.383056640625, 0.00562286376953125, 0.00055694580078125, 0.00824737548828125, 0.0008249282836914062, 0.0017423629760742188, 4.94140625, 0.1746826171875, 0.0039520263671875, 0.0004744529724121094, 0.00833892822265625, 0.0010271072387695312, 0.001953125, 4.015625, 0.1812744140625, 0.0102691650390625, 0.00023365020751953125, 0.0105133056640625, 0.000995635986328125, 0.0018291473388671875, 6.04296875, 0.77783203125, 6.95703125, 0.02764892578125, 5.953125, 0.431396484375, 1.517578125, 2.34375, 4.0859375, 3.953125, 0.08270263671875, 2.33203125, 4.44140625, 7.66796875, 1.8701171875, 9.4296875, 6.203125, 7.3515625, 7.31640625, 0.544921875, 6.80078125, 0.407958984375, 5.52734375, 3.728515625, 0.87939453125, 2.5390625, 0.0005831718444824219, 0.0111541748046875, 0.003192901611328125, 0.00092315673828125, 4.35546875, 4.13671875, 6.1875, 6.1640625, 7.4296875, 2.201171875, 4.89453125, 1.1220703125, 2.05859375, 10.546875, 1.8388671875, 1.455078125, 13.2578125, 2.638671875, 2.115234375, 6.0078125, 0.45947265625, 10.6328125, 0.01424407958984375, 5.8671875, 3.654296875, 2.630859375, 6.83203125, 6.48828125, 2.046875, 3.349609375, 2.294921875, 2.8984375, 2.767578125, 3.267578125, 1.205078125, 1.1650390625, 1.296875, 0.0001195669174194336, 0.01050567626953125, 0.0019969940185546875, 0.00030684471130371094, 4.11328125, 2.23046875, 1.962890625, 0.00018990039825439453, 7.19921875, 8.59375, 1.51171875, 2.83203125, 4.48046875, 4.53125, 1.1123046875, 5.53515625, 0.050537109375, 2.115234375, 2.51171875, 10.4375, 0.0143280029296875, 2.048828125, 6.4140625, 0.006954193115234375, 3.544921875, 3.349609375, 6.015625, 5.67578125, 5.21875, 3.150390625, 1.8759765625, 4.1796875, 2.96484375, 0.8251953125, 0.0005054473876953125, 0.01105499267578125, 0.0026397705078125, 0.0022106170654296875, 4.640625, 1.4072265625, 7.27734375, 5.3359375, 3.888671875, 2.302734375, 1.3916015625, 1.1611328125, 4.40625, 1.841796875, 3.107421875, 5.05859375, 1.6943359375, 10.3203125, 2.193359375, 6.3125, 3.068359375, 0.958984375, 3.603515625, 5.984375, 0.447265625, 4.0703125, 1.8525390625, 2.349609375, 1.7119140625, 1.5537109375, 0.77197265625, 0.002864837646484375, 6.80859375, 2.841796875, 0.0016231536865234375, 0.010101318359375, 0.002899169921875, 0.002193450927734375, 4.4609375, 0.44970703125, 0.00569915771484375, 0.00012123584747314453, 0.0036296844482421875, 0.0008320808410644531, 0.0008955001831054688, 3.697265625, 2.267578125, 2.6796875, 5.5859375, 5.44140625, 13.359375, 4.46875, 5.34375, 6.26171875, 3.40625, 6.15234375, 0.6123046875, 1.455078125, 4.37890625, 0.2239990234375, 6.44921875, 0.08917236328125, 0.1314697265625, 1.568359375, 1.5654296875, 0.97900390625, 2.142578125, 1.0087890625, 6.87109375, 2.3359375, 10.3984375, 1.7939453125, 2.2109375, 0.30712890625, 1.484375, 3.853515625, 0.79833984375, 1.2744140625]",-0.5431821453357171
207,0,test,3.5236401707518334,1.557684479190293,2.1554485705951016,6.632734439062275,2.932111960828787,4.057314956414309,33.907633660139375,26.765899034864734,29.979393221218654,63.82613394849765,50.38286877151009,56.43179900464688,3.583392306787884,1.5355265966250067,2.135947103441402,5.826654157378673,2.4967912140244013,3.4730847210429303,35.9954415485721,28.24410171508751,31.74320452329638,58.52917324971074,45.92536864241872,51.61496670454696,3.5236401707518334,1.557684479190293,2.1554485705951016,6.632734439062275,2.932111960828787,4.057314956414309,33.907633660139375,26.765899034864734,29.979393221218654,63.82613394849765,50.38286877151009,56.43179900464688,0.7537688442211055,-0.0012311557788945438,-0.011231155778894553,0.6030150753768844,-0.02198492462311563,-0.026984924623115636,0.4974874371859297,-0.002512562814070307,-0.007512562814070312,0.4392156862745098,0.10066382717470546,0.1719405884909374,0.42125984251968507,0.44723618090452266,0.10638405057870814,0.17678542965243582,0.43939393939393945,0.4392156862745098,0.10066382717470546,0.1719405884909374,0.42125984251968507,29.0,19.0,19.0,37.0,16.0,16.0,46.0,18.0,17.0,4.506751393401213e-05,0.00011505415587764465,0.0001963027586654296,-7.936596070123869e-05,-0.0001398081572467902,0.00011389473326595123,"[2.859375, 1.2138671875, 0.351806640625, 0.0308380126953125, 0.0001201629638671875, 1.1474609375, 0.00901031494140625, 0.0285186767578125, 6.59765625, 1.8837890625, 7.94921875, 1.138671875, 7.3046875, 9.296875, 7.1796875, 1.923828125, 4.82421875, 9.5078125, 0.1829833984375, 4.8359375, 8.03125, 3.044921875, 2.193359375, 1.115234375, 2.44140625, 0.7265625, 2.068359375, 7.37890625, 0.165771484375, 8.390625, 8.453125, 7.05859375, 10.7109375, 1.7685546875, 5.96484375, 8.6640625, 9.6640625, 4.66015625, 10.0078125, 8.2421875, 1.2314453125, 1.208984375, 4.0390625, 2.435546875, 0.12548828125, 9.9765625, 1.2080078125, 3.044921875, 2.1484375, 0.7548828125, 1.572265625, 0.41015625, 4.0859375, 0.053924560546875, 2.083984375, 7.28515625, 2.18359375, 1.421875, 9.4453125, 6.5546875, 1.150390625, 8.546875, 3.162109375, 0.00616455078125, 4.02734375, 2.220703125, 9.4921875, 0.024932861328125, 4.27734375, 0.428466796875, 1.517578125, 5.34765625, 0.03485107421875, 0.00653839111328125, 0.544921875, 6.5078125, 0.98486328125, 5.85546875, 0.272216796875, 2.8515625, 2.8203125, 4.64453125, 2.65625, 10.3828125, 1.9140625, 2.0859375, 3.44921875, 2.451171875, 4.6171875, 10.0, 0.00522613525390625, 3.904296875, 0.026824951171875, 3.673828125, 6.30859375, 0.004901885986328125, 8.1875, 3.74609375, 1.2001953125, 1.1689453125, 7.265625, 2.1171875, 0.986328125, 1.0390625, 2.0, 5.30078125, 2.88671875, 2.533203125, 6.9921875, 6.61328125, 4.1796875, 4.75, 0.51708984375, 9.4296875, 0.232666015625, 2.111328125, 0.15625, 2.408203125, 5.58203125, 7.81640625, 6.0546875, 1.869140625, 8.140625, 3.83203125, 2.134765625, 2.646484375, 9.9140625, 5.1875, 0.023712158203125, 0.004825592041015625, 11.4375, 5.05859375, 0.096923828125, 7.30078125, 3.978515625, 4.9140625, 3.763671875, 2.14453125, 1.4482421875, 5.95703125, 0.783203125, 0.07305908203125, 0.5078125, 3.974609375, 5.50390625, 0.01108551025390625, 1.185546875, 5.578125, 0.94384765625, 3.2421875, 5.20703125, 0.73388671875, 0.0079803466796875, 2.02734375, 3.1953125, 0.26953125, 3.416015625, 3.5703125, 0.127197265625, 0.080322265625, 7.10546875, 0.55908203125, 4.70703125, 0.0245208740234375, 5.74609375, 7.29296875, 5.74609375, 4.32421875, 3.474609375, 0.492431640625, 2.58984375, 2.638671875, 5.6015625, 1.853515625, 4.05859375, 5.328125, 7.3125, 1.1259765625, 3.56640625, 5.04296875, 0.0302886962890625, 2.39453125, 2.818359375, 0.341552734375, 7.12109375, 5.53125, 5.953125, 3.1328125, 2.48828125, 3.794921875, 3.865234375, 1.9423828125, 7.296875, 8.7578125, 0.00395965576171875, 0.9013671875, 0.00905609130859375, 2.681640625, 4.765625, 6.6015625, 4.33203125, 1.5478515625, 4.5078125, 7.19921875, 4.90625, 0.51220703125, 0.322265625, 1.890625, 3.27734375, 3.44140625, 3.52734375, 1.5595703125, 5.70703125, 0.0007138252258300781, 1.5927734375, 3.326171875, 5.45703125, 2.400390625, 6.1796875, 0.1246337890625, 5.77734375, 4.3125, 0.483642578125, 3.890625, 2.02734375, 4.6875, 0.0018587112426757812, 0.7353515625, 0.0098724365234375, 4.01953125, 1.3115234375, 3.615234375, 1.80859375, 2.6328125, 6.390625, 1.7470703125, 5.71484375, 1.392578125, 3.103515625, 2.5625, 1.65234375, 5.6171875, 3.603515625, 3.703125, 9.796875, 1.564453125, 0.47314453125, 0.66162109375, 1.0146484375, 7.72265625, 4.49609375, 3.052734375, 0.91259765625, 3.044921875, 12.09375]",-0.8059282153260474
285,0,test,3.530686076046669,1.5453055073662125,2.0596471687755757,6.397183682341986,2.799909978693237,3.731835959266638,34.14738728447073,26.86556919437059,29.793631343456894,61.87100864414005,48.677219431384344,53.98252015695656,3.8710722545882565,1.6796706970722206,2.3685217821870372,5.9554957762896255,2.5841087647264933,3.6438796649031344,47.99382009451703,39.0460749846154,43.50068601100316,73.83664629925696,60.070884591716,66.92413232462025,3.662127100903055,1.62607898889194,2.266094715946814,6.387430989947189,2.8361842829510584,3.952490783628164,38.944092846420794,31.283816098960628,34.90495047572516,67.92574333678046,54.56479552144296,60.880727573939225,0.7587939698492463,-0.016206030150753725,-0.016206030150753725,0.6482412060301508,-0.006758793969849242,0.0032412060301507672,0.5527638190954773,-0.0072361809045227155,-0.012236180904522609,0.4547945205479452,0.13331709236737066,0.18108973071412315,0.3846153846153846,0.4623115577889447,0.11394063047064895,0.1885219083732519,0.3939393939393939,0.46153846153846156,0.12597919609605757,0.19679986309574748,0.3959731543624161,28.0,-1.0,-1.0,37.0,0.0,-2.0,48.0,0.0,-1.0,0.0010929510593142772,0.0003758283277743526,0.0004863023992581602,0.0002464059206994662,-0.00015200682273874833,0.00010611705864249643,"[7.140625, 8.0546875, 10.2734375, 5.31640625, 4.99609375, 4.1171875, 0.482177734375, 7.9609375, 5.2109375, 0.273681640625, 6.953125, 3.03125, 1.841796875, 4.30078125, 8.765625, 2.818359375, 5.9375, 0.0364990234375, 0.025482177734375, 1.833984375, 6.25, 0.0692138671875, 5.83984375, 3.87109375, 3.87890625, 0.26953125, 0.6357421875, 7.6953125, 2.271484375, 6.94140625, 5.08984375, 3.56640625, 4.94921875, 7.37109375, 0.7255859375, 1.7822265625, 2.681640625, 3.15625, 4.546875, 2.041015625, 10.3125, 5.1796875, 4.02734375, 2.79296875, 6.2265625, 3.59765625, 9.1796875, 8.5703125, 1.2734375, 10.6640625, 8.953125, 0.1756591796875, 6.2578125, 4.15234375, 11.484375, 6.515625, 1.0341796875, 0.2239990234375, 7.3515625, 0.1148681640625, 1.3544921875, 8.0625, 6.0625, 0.1439208984375, 1.666015625, 2.3984375, 5.015625, 0.84033203125, 9.78125, 3.744140625, 3.96875, 7.9140625, 2.599609375, 0.147216796875, 7.53125, 11.21875, 2.421875, 7.78515625, 8.40625, 6.30078125, 1.837890625, 0.2978515625, 11.1171875, 4.35546875, 2.576171875, 0.42578125, 7.68359375, 7.84765625, 2.052734375, 2.380859375, 7.55859375, 6.98828125, 5.03125, 0.64892578125, 1.3212890625, 9.8359375, 3.880859375, 4.98828125, 0.388916015625, 0.041595458984375, 9.09566879272461e-05, 5.1953125, 2.16015625, 4.4609375, 0.2054443359375, 3.763671875, 7.6796875, 0.0123138427734375, 0.9775390625, 3.677734375, 5.171875, 9.09375, 3.115234375, 2.869140625, 3.66796875, 0.77587890625, 0.004817962646484375, 4.04296875, 7.69140625, 0.01517486572265625, 2.826171875, 3.681640625, 1.0498046875, 4.09375, 1.212890625, 6.078125, 2.7265625, 8.203125, 0.66162109375, 5.96875, 0.2066650390625, 0.0008687973022460938, 1.7666015625, 6.63671875, 1.83984375, 0.0004050731658935547, 0.369384765625, 1.7900390625, 6.77734375, 3.513671875, 0.27685546875, 1.4228515625, 6.609375, 2.26171875, 5.484375, 4.00390625, 8.3203125, 3.373046875, 4.55078125, 1.8125, 1.7392578125, 1.80859375, 2.828125, 2.580078125, 4.3515625, 5.984375, 5.02734375, 1.021484375, 4.49609375, 4.05078125, 1.96875, 0.65283203125, 0.1392822265625, 5.20703125, 5.6640625, 1.9755859375, 0.97900390625, 4.72265625, 8.46875, 0.12237548828125, 0.10113525390625, 6.1953125, 6.33984375, 5.1171875, 0.72802734375, 0.390869140625, 4.765625, 6.45703125, 0.5166015625, 3.181640625, 5.42578125, 5.73046875, 0.049407958984375, 0.081787109375, 0.00020897388458251953, 3.646484375, 1.4345703125, 6.265625, 0.53466796875, 1.7236328125, 2.09765625, 6.93359375, 1.814453125, 6.19140625, 5.54296875, 3.306640625, 12.265625, 0.798828125, 3.6640625, 2.330078125, 0.00634765625, 0.0030422210693359375, 0.7880859375, 3.2109375, 0.10205078125, 6.75, 3.751953125, 5.12890625, 0.221435546875, 2.87109375, 7.05859375, 5.390625, 0.53466796875, 4.953125, 2.01953125, 2.400390625, 5.5078125, 5.76171875, 5.953125, 1.87109375, 4.0859375, 6.5546875, 0.28076171875, 4.8671875, 4.291534423828125e-06, 3.376953125, 0.3837890625, 3.484375, 0.1536865234375, 3.119140625, 7.890625, 0.032958984375, 0.05352783203125, 9.298324584960938e-06, 1.79296875, 0.39208984375, 5.05859375, 5.1953125, 2.046875, 0.2587890625, 9.765625, 0.139404296875, 8.6953125, 0.7265625, 0.79248046875, 3.927734375, 8.875, 1.474609375, 0.088623046875, 0.03131103515625, 5.507469177246094e-05, 5.62109375, 0.3837890625, 3.96484375, 0.038726806640625, 1.1513671875, 1.0849609375, 1.3427734375, 5.61328125, 0.102294921875, 6.51953125, 3.984375, 0.82373046875, 1.513671875, 1.740234375, 0.0003342628479003906, 2.326171875, 5.79296875, 2.515625, 11.578125, 3.9609375, 0.353271484375, 2.203125, 4.1796875, 4.8203125, 3.69921875, 2.34765625, 2.017578125, 0.208740234375, 0.01122283935546875, 3.3515625, 8.40625, 1.08203125, 8.8671875, 6.5390625, 1.9091796875, 4.59375, 9.765625, 5.86328125, 9.4375, 1.1279296875, 1.3173828125, 9.140625, 3.75390625, 0.607421875, 0.252685546875, 8.7578125, 4.7421875, 0.9755859375, 5.546875, 4.59375, 3.78515625, 0.1319580078125, 0.417236328125, 8.375, 2.64453125, 0.6689453125, 0.0181732177734375, 0.0001462697982788086, 3.708984375, 0.31201171875, 8.5625, 8.9609375, 7.69921875, 3.26953125, 0.1395263671875, 0.1466064453125, 0.040008544921875, 1.5497207641601562e-05, 3.396484375, 0.397216796875, 4.6015625, 5.51953125, 1.3017578125, 11.40625, 0.61962890625, 6.8828125, 2.6015625, 0.10772705078125, 11.1015625, 0.11163330078125, 0.47705078125, 10.1953125, 7.90625, 8.359375, 0.316650390625, 0.00201416015625, 3.933906555175781e-06, 2.7421875, 0.33447265625, 3.390625, 8.5703125, 3.9140625, 1.6767578125, 0.0024547576904296875, 0.05340576171875, 0.007610321044921875, 8.463859558105469e-06, 1.6796875, 0.06854248046875, 9.6015625, 4.16015625, 0.677734375, 0.003238677978515625, 0.0570068359375, 0.0055999755859375, 2.467632293701172e-05, 2.755859375, 1.4140625, 2.2109375, 1.939453125, 0.05096435546875, 9.96875, 1.556640625, 0.07952880859375]",-0.609415833590782
307,0,test,3.9180183706745026,1.8362346287219782,2.48461807432819,6.379600593087803,2.989889892840498,4.045634665529148,50.3006686709556,42.28190910802348,46.10773647894213,81.90318301919996,68.8464593329597,75.07594787932462,4.212620911286704,1.9076726608340269,2.640586031887244,6.061325052211085,2.7448527494014776,3.7994043624276888,67.5333068697421,57.50964735058178,62.71686776829726,97.17022571185915,82.74769402961407,90.24009750834139,3.9109370560949066,1.8183131335128437,2.473369563083695,6.342060090964713,2.94861589218299,4.010869561757343,49.94573200481774,41.83957479248181,45.7352905828934,80.99307892673147,67.84795912294348,74.16533608036767,0.7587939698492463,-0.001206030150753712,0.0037939698492462925,0.6683417085427136,-0.006658291457286469,0.008341708542713655,0.5778894472361809,-0.01711055276381912,-0.002110552763819218,0.4516129032258065,0.12794140564126544,0.20375882597258765,0.43365695792880254,0.4371859296482412,0.09884006498658704,0.17675187288697247,0.45959595959595956,0.4481605351170569,0.12595686232907688,0.2012194895108278,0.4295302013422819,29.0,3.0,3.0,37.0,-2.0,1.0,49.0,1.0,2.0,0.00040013937857164017,-0.0001915406304289148,0.00017281138085090302,-0.007917201261352425,-0.007766272538008323,-0.008889480359320245,"[8.1171875, 6.984375, 1.017578125, 2.248046875, 0.282470703125, 0.0390625, 8.821487426757812e-06, 3.826171875, 0.0029582977294921875, 0.0008568763732910156, 9.421875, 1.60546875, 7.98046875, 4.05859375, 8.7265625, 0.453125, 3.38671875, 0.034576416015625, 6.48828125, 3.048828125, 6.3984375, 5.046875, 5.62890625, 0.06298828125, 5.12109375, 4.140625, 6.9296875, 2.978515625, 5.95703125, 7.6171875, 2.009765625, 4.77734375, 2.126953125, 3.83203125, 8.765625, 2.57421875, 5.8125, 4.6015625, 0.8564453125, 1.2109375, 2.443359375, 0.02813720703125, 0.007701873779296875, 0.01088714599609375, 0.0498046875, 0.0248565673828125, 0.00386810302734375, 0.5341796875, 0.59423828125, 4.12109375, 4.1796875, 0.89404296875, 3.326171875, 0.051025390625, 0.66357421875, 8.5078125, 7.16015625, 5.87109375, 0.467529296875, 7.796875, 6.24609375, 12.09375, 0.0252227783203125, 6.265625, 6.8046875, 0.391845703125, 10.5234375, 8.7109375, 5.98828125, 11.703125, 8.234375, 1.03125, 4.05859375, 8.5625, 0.03521728515625, 0.693359375, 11.1953125, 1.9814453125, 5.02734375, 2.41796875, 3.267578125, 10.15625, 3.419921875, 3.88671875, 4.296875, 0.0227813720703125, 9.359375, 0.529296875, 0.7880859375, 1.5126953125, 7.484375, 3.025390625, 7.5234375, 0.67919921875, 2.642578125, 2.642578125, 5.90234375, 7.91015625, 7.90234375, 3.822265625, 6.77734375, 0.3544921875, 10.1796875, 4.29296875, 3.501953125, 10.3203125, 7.00390625, 0.11016845703125, 0.50634765625, 8.265625, 7.5859375, 2.349609375, 4.57421875, 2.94140625, 0.8095703125, 12.7734375, 1.3291015625, 10.8828125, 3.072265625, 3.548828125, 4.71875, 5.30859375, 3.88671875, 0.44091796875, 7.05078125, 6.921875, 1.5537109375, 4.328125, 0.0343017578125, 2.51171875, 8.8828125, 9.359375, 0.3671875, 5.078125, 6.9453125, 6.546875, 3.9453125, 4.203125, 0.75732421875, 5.9140625, 2.947265625, 1.91015625, 5.47265625, 1.263671875, 9.03125, 9.3359375, 3.052734375, 4.8984375, 2.783203125, 4.17578125, 10.4921875, 5.03515625, 2.25390625, 3.689453125, 5.58203125, 4.0546875, 3.603515625, 0.1380615234375, 3.072265625, 12.578125, 0.0004146099090576172, 1.6611328125, 8.5625, 2.953125, 2.1796875, 1.4677734375, 3.990234375, 3.38671875, 0.050689697265625, 2.501953125, 1.4287109375, 0.094970703125, 0.8134765625, 8.3515625, 3.572265625, 6.59765625, 10.2734375, 1.0595703125, 8.109375, 0.62109375, 11.859375, 0.8994140625, 0.29150390625, 4.515625, 9.390625, 5.984375, 6.09375, 0.0290374755859375, 4.91015625, 5.1015625, 8.359375, 9.5, 0.027679443359375, 5.50390625, 1.8623046875, 8.609375, 0.67529296875, 0.1466064453125, 3.0703125, 0.1947021484375, 5.140625, 5.890625, 4.01953125, 5.62109375, 6.66015625, 0.9775390625, 0.040069580078125, 0.00939178466796875, 0.0007872581481933594, 0.031768798828125, 0.0103912353515625, 0.00040650367736816406, 2.693359375, 3.451171875, 0.002002716064453125, 0.0006875991821289062, 0.00018727779388427734, 0.00768280029296875, 0.0007138252258300781, 0.00506591796875, 1.10546875, 0.335693359375, 0.79296875, 0.0008435249328613281, 2.498046875, 7.20703125, 0.0011768341064453125, 0.166748046875, 8.828125, 5.4296875, 9.453125, 7.3359375, 2.908203125, 5.53125, 6.68359375, 10.6875, 7.3203125, 7.88671875, 0.017120361328125, 0.039276123046875, 4.0859375, 9.328125, 3.3515625, 8.328125, 8.2109375, 2.947265625, 0.61279296875, 7.01953125, 3.029296875, 0.003902435302734375, 0.005229949951171875, 0.0004448890686035156, 0.0032405853271484375, 0.0008401870727539062, 0.0002720355987548828, 2.013671875, 1.095703125, 0.0016422271728515625, 0.001094818115234375, 0.0002772808074951172, 0.002185821533203125, 0.0007281303405761719, 0.0003833770751953125, 0.043914794921875, 1.1005859375, 7.72265625, 7.7734375, 4.7890625, 3.939453125, 9.1015625, 4.5625, 1.90234375, 6.0546875, 3.7421875, 10.46875, 2.255859375, 1.3984375, 3.611328125, 2.65234375, 9.4921875, 9.109375, 6.19921875, 5.34375, 0.470458984375, 2.74609375, 10.0703125, 0.74365234375, 1.6748046875, 8.0625, 7.40234375, 5.37890625, 2.296875, 4.14453125, 3.673828125, 8.0859375, 0.6708984375, 0.436279296875, 2.83984375, 0.89453125, 6.76953125, 9.4375, 4.765625, 5.39453125, 7.5625, 0.09063720703125, 4.25, 2.6875, 0.1610107421875, 2.544921875, 1.5517578125]",-0.6925019921795013
336,0,test,3.6301194336679248,1.72297426709455,2.3248334493021137,5.890792613916213,2.7959642298360663,3.7726339207237896,37.71732106618419,30.98348371837035,34.028577200235404,61.205952149316865,50.278587351367456,55.22002647463351,3.5909971975201938,1.6233577252686457,2.2615544443015443,5.52461107310799,2.497473423490224,3.4793145296946837,36.27022647876172,29.116456609119297,32.491289478507525,55.80034842886418,44.7945486294143,49.98659919770389,3.6301194336679248,1.72297426709455,2.3248334493021137,5.890792613916213,2.7959642298360663,3.7726339207237896,37.71732106618419,30.98348371837035,34.028577200235404,61.205952149316865,50.278587351367456,55.22002647463351,0.6884422110552764,-0.006557788944723697,-0.006557788944723697,0.6080402010050252,0.0030402010050252226,0.008040201005025227,0.5125628140703518,0.007562814070351753,0.007562814070351753,0.4555555555555556,0.12468679400287541,0.20062944718117137,0.4572490706319703,0.457286432160804,0.1314718958199519,0.21020796805395925,0.4545454545454546,0.4555555555555556,0.12468679400287541,0.20062944718117137,0.4572490706319703,22.0,0.0,-1.0,35.0,-1.0,2.0,45.0,2.0,2.0,-9.900129533246422e-05,-8.12312718974049e-05,-5.464375604546666e-05,-0.0001833147886074471,0.00021597805698636563,6.13263787334617e-05,"[2.12109375, 9.0390625, 0.7978515625, 0.0180816650390625, 4.17578125, 0.0187530517578125, 4.0531158447265625e-06, 0.01351165771484375, 0.0004220008850097656, 4.172325134277344e-06, 3.755859375, 4.34375, 3.537109375, 0.046417236328125, 7.0, 10.796875, 5.67578125, 5.29296875, 2.19140625, 5.54296875, 0.18603515625, 6.0625, 0.80517578125, 0.39599609375, 0.073974609375, 5.75, 4.27734375, 2.11328125, 6.70703125, 2.318359375, 7.67578125, 0.000896453857421875, 3.978515625, 3.931640625, 0.003948211669921875, 6.140625, 0.71484375, 0.425537109375, 9.0625, 7.26171875, 0.1734619140625, 0.9384765625, 5.1796875, 0.7138671875, 6.45703125, 3.94140625, 4.1171875, 0.97900390625, 4.03125, 6.53515625, 4.375, 2.322265625, 2.62109375, 2.833984375, 8.3515625, 6.5703125, 4.43359375, 9.546875, 3.908203125, 4.86328125, 4.56640625, 4.7109375, 0.83251953125, 11.7734375, 0.76171875, 4.10546875, 2.251953125, 0.62841796875, 6.35546875, 1.412109375, 8.625, 4.08203125, 1.9697265625, 10.953125, 0.38134765625, 1.2314453125, 5.7578125, 2.986328125, 0.015228271484375, 12.6796875, 3.662109375, 0.1688232421875, 3.201171875, 2.298828125, 2.416015625, 0.002227783203125, 0.0285491943359375, 1.3232421875, 4.890625, 1.033203125, 0.034942626953125, 2.501953125, 7.77734375, 0.79052734375, 13.9296875, 7.3203125, 8.390625, 2.38671875, 1.59765625, 0.01044464111328125, 0.005237579345703125, 8.421875, 2.1171875, 3.318359375, 5.64453125, 0.67578125, 0.356201171875, 0.01358795166015625, 5.28515625, 1.4677734375, 9.59375, 0.3125, 9.2890625, 1.91796875, 0.1739501953125, 9.65625, 0.517578125, 2.578125, 0.00588226318359375, 2.150390625, 11.6640625, 4.82421875, 2.39453125, 7.86328125, 3.677734375, 5.80859375, 6.9296875, 0.1005859375, 8.65625, 2.6328125, 6.15625, 5.6171875, 1.64453125, 0.202392578125, 6.24609375, 0.3359375, 3.837890625, 0.69287109375, 3.4375, 1.6884765625, 4.421875, 4.48046875, 1.6220703125, 0.00481414794921875, 0.0011749267578125, 1.3212890625, 4.171875, 10.9296875, 2.6796875, 0.94384765625, 8.96875, 0.08331298828125, 0.2330322265625, 1.9833984375, 9.625, 0.086669921875, 0.05908203125, 9.296875, 2.228515625, 1.974609375, 3.08984375, 0.0679931640625, 6.2890625, 9.5, 10.265625, 3.146484375, 0.209228515625, 0.0018167495727539062, 0.0013256072998046875, 0.057525634765625, 7.2421875, 0.79345703125, 6.42578125, 1.431640625, 5.171875, 5.34765625, 4.95703125, 0.6513671875, 5.390625, 2.185546875, 6.5546875, 3.783203125, 2.3046875, 0.2022705078125, 5.14453125, 5.40234375, 4.60546875, 5.046875, 2.66796875, 6.2421875, 0.6103515625, 4.85546875, 10.046875, 0.892578125, 1.560546875, 1.388671875, 5.55078125, 0.2578125, 1.369140625, 5.39453125, 0.043853759765625, 0.0633544921875, 0.059173583984375, 1.3349609375, 0.382080078125, 12.3671875, 3.3671875, 9.0078125, 3.63671875, 2.880859375, 1.544921875, 8.5078125, 5.4375, 0.154296875, 0.144775390625, 3.32421875, 3.12890625, 3.701171875, 4.49609375, 4.22265625, 6.09765625, 8.0703125, 3.521484375, 0.006534576416015625, 5.62109375, 1.8876953125, 8.21875, 1.40625, 5.59765625, 2.66796875, 1.8486328125, 3.02734375, 0.034393310546875, 0.0037078857421875, 8.7890625, 0.13427734375, 0.8310546875, 4.765625, 5.74609375, 5.046875, 9.484375, 4.9921875, 1.7685546875, 7.1953125, 0.66845703125, 6.83203125, 3.0859375, 6.0703125, 2.076171875, 3.931640625, 4.51953125, 2.82421875, 1.2998046875, 3.21484375, 4.22265625, 2.68359375, 2.544921875, 4.38671875, 0.35546875, 8.5390625, 6.01171875, 9.632110595703125e-05, 0.0090789794921875, 4.23046875, 1.7705078125, 2.146484375, 2.6484375, 3.470703125, 7.5546875, 6.33984375]",-0.5869644973013135
202,0,test,3.986747581526119,1.8493494234950383,2.553257216204394,6.282147704222976,2.914126364295212,4.023314401291772,53.87936583526761,45.40201365603253,49.68605597313971,84.90081889193685,71.54256697314217,78.29317910918985,3.9434390127958365,1.7888264907664388,2.4670372758079413,5.7568452741545055,2.611425533965604,3.6015142712524693,51.59573493618614,42.97118722698599,47.21856782447982,75.32224078275348,62.731660185381,68.93221580216031,3.986747581526119,1.8493494234950383,2.553257216204394,6.282147704222976,2.914126364295212,4.023314401291772,53.87936583526761,45.40201365603253,49.68605597313971,84.90081889193685,71.54256697314217,78.29317910918985,0.778894472361809,-0.006105527638191055,-0.006105527638191055,0.6683417085427136,0.0033417085427135396,-0.0016582914572863539,0.5376884422110553,-0.012311557788944771,-0.012311557788944771,0.43243243243243246,0.09073359073359077,0.17374517374517373,0.44573643410852715,0.42713567839195976,0.09045226130653261,0.16582914572864316,0.43434343434343436,0.43243243243243246,0.09073359073359077,0.17374517374517373,0.44573643410852715,18.0,2.0,2.0,29.0,3.0,2.0,40.0,1.0,1.0,-0.0001146003698566155,0.0002517128653899872,8.66821705444752e-05,-0.00010708564814265742,-0.00016179463533028127,9.987650539144965e-05,"[7.03125, 1.359375, 2.224609375, 0.312744140625, 0.1500244140625, 0.00010728836059570312, 0.953125, 0.001422882080078125, 0.00923919677734375, 4.88671875, 10.4140625, 0.201171875, 5.94921875, 3.041015625, 11.6640625, 2.828125, 0.77587890625, 1.5146484375, 5.0703125, 1.787109375, 6.48046875, 2.767578125, 1.06640625, 1.4892578125, 5.89453125, 0.378662109375, 7.99609375, 1.765625, 3.962890625, 1.080078125, 6.2265625, 9.6484375, 0.78515625, 11.0, 0.498046875, 0.0015211105346679688, 0.460693359375, 10.5234375, 5.71484375, 3.615234375, 4.3828125, 1.9921875, 8.78125, 9.0546875, 10.0, 4.078125, 6.86328125, 0.91650390625, 8.0546875, 0.002773284912109375, 0.405517578125, 2.986328125, 6.6953125, 1.1328125, 2.9375, 10.2265625, 2.576171875, 4.875, 3.755859375, 11.265625, 1.1689453125, 8.4609375, 7.7734375, 1.9296875, 9.7578125, 1.32421875, 5.85546875, 3.544921875, 7.44921875, 3.470703125, 1.828125, 9.875, 0.08984375, 0.1661376953125, 2.216796875, 5.01953125, 1.9951171875, 10.75, 0.66357421875, 8.5546875, 0.1510009765625, 2.9765625, 5.1171875, 5.08203125, 7.06640625, 7.78515625, 0.79296875, 4.5390625, 0.619140625, 0.246337890625, 7.77734375, 4.15625, 2.51953125, 3.283203125, 3.11328125, 0.018341064453125, 8.0859375, 1.337890625, 5.33203125, 2.60546875, 4.96875, 4.6015625, 9.2734375, 2.345703125, 5.06640625, 4.421875, 2.4296875, 4.7734375, 5.0546875, 6.04296875, 1.587890625, 3.361328125, 8.84375, 5.140625, 0.0011548995971679688, 2.62109375, 0.84619140625, 5.0703125, 0.7666015625, 0.11639404296875, 6.55859375, 6.703125, 1.376953125, 4.2890625, 8.796875, 1.162109375, 4.578125, 10.5625, 6.5625, 3.1796875, 0.5537109375, 17.640625, 5.0390625, 4.640625, 3.26171875, 4.3671875, 4.74609375, 4.98828125, 2.091796875, 2.0859375, 7.59765625, 3.490234375, 3.8828125, 5.46484375, 2.931640625, 5.7265625, 2.130859375, 3.169921875, 2.04296875, 2.677734375, 3.115234375, 0.99755859375, 5.21484375, 8.2421875, 3.634765625, 0.1947021484375, 0.006763458251953125, 0.94384765625, 6.5625, 1.9833984375, 8.4765625, 4.84375, 2.390625, 6.515625, 3.150390625, 0.27294921875, 1.958984375, 7.0859375, 0.11505126953125, 2.814453125, 0.2333984375, 0.1988525390625, 2.166015625, 1.2578125, 2.197265625, 7.65234375, 4.23828125, 1.3583984375, 0.005153656005859375, 7.03515625, 2.154296875, 4.58203125, 3.037109375, 0.037506103515625, 0.0023326873779296875, 3.5703125, 0.67724609375, 0.0254364013671875, 0.0020294189453125, 3.1640625, 6.48046875, 4.44140625, 2.203125, 0.038787841796875, 10.953125, 2.888671875, 8.8515625, 0.6748046875, 3.92578125, 1.6064453125, 7.90234375, 3.435546875, 14.0859375, 9.734375, 3.87109375, 3.796875, 1.6064453125, 6.75, 2.173828125, 1.0791015625, 6.875, 5.20703125, 3.2265625, 7.75, 0.192138671875, 0.8095703125, 10.6171875, 3.966796875, 0.5400390625, 1.7939453125, 2.6328125, 0.045501708984375, 2.765625, 0.479736328125, 4.54296875, 3.796875, 2.427734375, 5.78125, 6.2734375, 4.078125, 5.82421875, 0.0311737060546875, 8.4296875, 4.79296875, 4.7578125, 3.5859375, 7.80078125, 7.79296875, 0.1534423828125, 1.4814453125, 5.09375, 1.16015625, 5.87109375, 4.34765625, 9.96875, 6.73828125, 0.266845703125, 3.3203125, 1.947265625, 6.296875, 0.791015625, 2.611328125, 8.9140625, 3.49609375, 3.044921875, 6.42578125, 0.22021484375, 3.8203125, 4.51953125]",-0.6247903518234903
4,0,test,3.806296101015204,1.7173889989279343,2.348417337889286,5.709444151522806,2.5760834983919016,3.5226260068339292,44.98351552606714,36.90743152201243,40.68668027705154,67.47527328910071,55.36114728301865,61.030020415577326,3.97623826810463,1.716836116112482,2.408993849629245,5.52255315014532,2.384494605711781,3.345824791151729,53.31609566833598,43.73873402007567,48.52267435327803,74.05013287268886,60.748241694549534,67.3926032684417,3.806296101015204,1.7173889989279343,2.348417337889286,5.709444151522806,2.5760834983919016,3.5226260068339292,44.98351552606714,36.90743152201243,40.68668027705154,67.47527328910071,55.36114728301865,61.030020415577326,0.8090452261306533,0.00404522613065339,-0.0009547738693467256,0.6532663316582914,-0.0017336683417086274,0.003266331658291377,0.5226130653266332,-0.017386934673366827,-0.007386934673366818,0.43205574912891986,0.10509922738978938,0.16438483371756418,0.41608391608391604,0.4321608040201005,0.09381493935844631,0.16337950184981664,0.43939393939393945,0.43205574912891986,0.10509922738978938,0.16438483371756418,0.41608391608391604,25.0,9.0,11.0,39.0,14.0,15.0,46.0,10.0,10.0,0.0007182926648973077,0.0001932540223993805,0.00010327167873878845,-0.00030112346023614123,0.00015012813114179124,1.7489102663859057e-06,"[3.783203125, 0.040191650390625, 0.3896484375, 0.0202484130859375, 0.0006041526794433594, 0.7236328125, 0.0200653076171875, 0.01122283935546875, 1.5595703125, 14.5546875, 9.015625, 8.8671875, 9.84375, 6.21875, 5.69921875, 0.642578125, 1.39453125, 5.40625, 4.4921875, 2.341796875, 4.33203125, 0.03131103515625, 9.8359375, 1.607421875, 5.7734375, 9.984375, 1.775390625, 3.541015625, 6.05078125, 5.046875, 4.2890625, 11.4453125, 8.0703125, 5.046875, 7.4765625, 3.916015625, 0.1622314453125, 1.8271484375, 2.98046875, 2.36328125, 6.9140625, 0.6640625, 3.728515625, 3.02734375, 7.3515625, 2.486328125, 11.34375, 1.44140625, 1.4970703125, 5.109375, 5.0703125, 3.015625, 3.626953125, 7.81640625, 3.244140625, 0.20458984375, 5.8828125, 4.57421875, 4.43359375, 7.27734375, 2.478515625, 0.8193359375, 1.29296875, 13.5625, 6.1015625, 0.226318359375, 3.064453125, 5.91015625, 0.0047760009765625, 2.435546875, 1.515625, 1.810546875, 2.9453125, 0.279296875, 2.451171875, 5.42578125, 6.53125, 5.75390625, 0.134033203125, 0.64697265625, 4.96875, 4.875, 5.9453125, 0.1065673828125, 2.58203125, 7.80859375, 2.02734375, 4.171875, 0.6572265625, 10.5859375, 1.5205078125, 6.12109375, 3.982421875, 5.4765625, 1.6279296875, 11.671875, 2.111328125, 4.35546875, 10.328125, 10.6484375, 6.546875, 10.578125, 1.4755859375, 2.564453125, 3.501953125, 1.0703125, 6.02734375, 4.4140625, 0.66357421875, 6.44921875, 4.609375, 11.265625, 0.71923828125, 6.328125, 2.267578125, 2.138671875, 2.236328125, 4.63671875, 0.57861328125, 1.076171875, 0.0010547637939453125, 3.6796875, 3.22265625, 0.003940582275390625, 6.92578125, 2.767578125, 11.5625, 2.951171875, 1.4619140625, 0.33544921875, 3.859375, 1.0341796875, 5.33984375, 8.171875, 0.0291900634765625, 1.98828125, 1.5419921875, 4.72265625, 1.7080078125, 1.1767578125, 2.712890625, 0.03466796875, 1.0361328125, 2.68359375, 12.25, 1.625, 2.86328125, 1.4384765625, 1.0361328125, 6.05859375, 7.71875, 0.8330078125, 8.1171875, 2.32421875, 3.1796875, 1.505859375, 5.171875, 1.98828125, 0.0008225440979003906, 0.0264129638671875, 1.6259765625, 2.4557113647460938e-05, 2.681640625, 0.08056640625, 9.1015625, 1.7958984375, 0.01097869873046875, 6.56640625, 9.7890625, 4.40625, 1.0478515625, 0.77392578125, 4.55859375, 0.92236328125, 4.765625, 1.2451171875, 6.34765625, 7.99609375, 4.66796875, 7.41015625, 8.84375, 8.109375, 3.34765625, 5.5390625, 4.2421875, 9.7421875, 0.1478271484375, 0.5732421875, 3.91015625, 3.359375, 7.13671875, 3.970703125, 4.75, 8.984375, 1.1259765625, 5.2109375, 6.515625, 2.755859375, 7.88671875, 8.09375, 1.69921875, 7.53515625, 4.27734375, 4.12890625, 3.474609375, 6.00390625, 6.34765625, 4.78125, 1.3486328125, 1.412109375, 0.708984375, 6.328125, 2.18359375, 3.21484375, 0.80126953125, 6.78125, 2.2265625, 0.95166015625, 3.35546875, 7.0546875, 5.10546875, 8.344650268554688e-07, 0.908203125, 2.0703125, 1.4424324035644531e-05, 2.037109375, 1.43359375, 7.01953125, 4.88671875, 1.0087890625, 9.765625, 0.56640625, 10.7265625, 2.671875, 0.09429931640625, 1.8447265625, 8.0546875, 1.0439453125, 10.5, 0.084716796875, 0.81591796875, 9.203125, 1.9365234375, 2.857421875, 5.671875, 3.015625, 2.376953125, 6.26171875, 7.578125, 1.1025390625, 3.93359375, 1.798828125, 1.677734375, 1.2993812561035156e-05, 0.61572265625, 1.1689453125, 2.586841583251953e-05, 5.0390625, 0.06121826171875, 3.564453125, 5.171875, 1.7470703125, 2.884765625, 1.859375, 0.1004638671875, 4.45703125, 0.38525390625, 2.8203125, 4.87890625, 0.00415802001953125, 6.9453125, 6.5078125, 3.32421875, 6.65234375, 5.046875, 8.2890625, 1.568359375, 3.693359375, 1.7119140625, 3.5762786865234375e-06, 0.85791015625, 1.4912109375, 1.283203125, 0.00026154518127441406, 4.64453125, 0.955078125, 3.48046875]",-0.4698097797221008
305,0,test,3.4562226464671473,1.5562815274481872,2.1444779322234178,5.657290752901488,2.5473871317704537,3.510171773270963,31.6970192491588,25.01151846731375,27.984373678753293,51.88301571835993,40.939906543866186,45.80600112680144,3.804305954794189,1.6627306431358124,2.347947815171798,5.636008821917317,2.4633046564975,3.4784412076619233,44.89408077626818,36.381243332524434,40.60377443066298,66.50974929817508,53.89813827040657,60.15373989727848,3.463375042114768,1.5678211670656803,2.1523318585313294,5.708859959529837,2.584320605053319,3.547799766809883,31.92454156655409,25.268307460732302,28.21449961748014,52.622870714100145,41.651056253954344,46.507416951890335,0.7386934673366834,0.008693467336683414,0.013693467336683418,0.6130653266331658,0.0030653266331658324,0.008065326633165837,0.4723618090452262,0.007361809045226209,-0.0026381909547738003,0.4032258064516129,0.08277492078333593,0.145715076837879,0.3656957928802589,0.40201005025125625,0.08120804523872494,0.1482537898171995,0.38383838383838387,0.41137123745819393,0.09751481007922902,0.15219437427688132,0.37248322147651003,23.0,0.0,0.0,34.0,-1.0,0.0,40.0,-2.0,0.0,0.0013730979513792395,3.271923901119653e-05,0.00042684703347831246,0.0004635968812909397,6.103705499693746e-05,-7.885590001688314e-05,"[9.3359375, 8.71875, 0.164794921875, 8.3125, 11.359375, 3.3828125, 0.11358642578125, 0.32958984375, 2.322265625, 0.273681640625, 0.27490234375, 11.0625, 0.492431640625, 0.91748046875, 5.953125, 1.6103515625, 9.1015625, 6.6171875, 7.39453125, 3.19140625, 2.333984375, 2.580078125, 11.5546875, 9.3125, 0.00704193115234375, 0.1497802734375, 0.89453125, 0.13232421875, 2.841796875, 5.0, 2.61328125, 0.95068359375, 8.203125, 2.482421875, 3.00390625, 2.353515625, 4.95703125, 0.3779296875, 3.89453125, 0.990234375, 10.2734375, 6.515625, 0.001506805419921875, 0.002338409423828125, 4.07421875, 2.4453125, 2.5859375, 7.109375, 2.431640625, 0.2744140625, 5.5078125, 3.470703125, 0.85546875, 1.35546875, 0.382568359375, 0.72314453125, 3.693359375, 0.056884765625, 3.03515625, 4.359375, 0.93359375, 0.8173828125, 0.005069732666015625, 0.120849609375, 2.8515625, 2.1015625, 5.4375, 7.3125, 2.1171875, 3.958984375, 3.193359375, 0.5830078125, 10.1328125, 3.546875, 0.703125, 0.16748046875, 4.51171875, 1.7763671875, 11.25, 3.546875, 7.921875, 8.1328125, 4.12109375, 6.21484375, 5.6171875, 9.25, 0.18798828125, 0.8564453125, 8.5078125, 0.06964111328125, 0.77978515625, 1.12109375, 0.7119140625, 2.1796875, 7.4921875, 10.0390625, 6.828125, 7.7578125, 1.048828125, 4.7890625, 6.15625, 2.107421875, 2.12109375, 1.4892578125, 12.6953125, 4.1484375, 0.03289794921875, 8.0625, 1.05859375, 1.2734375, 1.7197265625, 10.1796875, 4.265625, 7.4296875, 8.375, 7.08203125, 7.53515625, 0.50439453125, 3.90234375, 0.91650390625, 14.9375, 14.1953125, 7.0703125, 2.603515625, 1.30078125, 0.047821044921875, 0.159912109375, 0.0020961761474609375, 0.08917236328125, 2.193359375, 9.390625, 0.12408447265625, 2.267578125, 6.18359375, 0.00371551513671875, 7.84375, 6.96875, 0.62646484375, 6.00390625, 1.3056640625, 11.1953125, 1.6572265625, 1.2685546875, 9.3046875, 6.06640625, 0.68408203125, 1.2119140625, 0.0175018310546875, 0.0491943359375, 0.0005121231079101562, 0.07855224609375, 1.830078125, 7.6015625, 3.552734375, 3.6640625, 7.53515625, 1.197265625, 9.453125, 0.00846099853515625, 4.91015625, 1.50390625, 2.703125, 2.783203125, 9.9375, 2.845703125, 6.20703125, 6.65625, 1.7353515625, 0.188232421875, 6.76171875, 3.423828125, 4.24609375, 7.0, 3.830078125, 2.775390625, 1.2333984375, 1.5888671875, 0.0002512931823730469, 4.984375, 0.85107421875, 2.56640625, 2.16796875, 4.05078125, 3.115234375, 0.335205078125, 5.359375, 5.1015625, 0.90771484375, 3.841796875, 10.546875, 2.1953125, 7.13671875, 0.128173828125, 5.36328125, 6.58984375, 0.40185546875, 1.3798828125, 2.5859375, 2.916015625, 7.40625, 2.421875, 7.97265625, 1.4140625, 1.3408203125, 0.0003407001495361328, 4.9296875, 3.435546875, 0.053497314453125, 6.186962127685547e-05, 5.49609375, 1.5380859375, 0.005992889404296875, 1.811981201171875e-05, 4.79296875, 4.00390625, 10.09375, 2.658203125, 0.5341796875, 0.02142333984375, 0.0087432861328125, 0.0007734298706054688, 0.01959228515625, 1.69921875, 1.4404296875, 5.265625, 7.359375, 4.328125, 0.26904296875, 9.0078125, 1.36328125, 3.556640625, 0.069580078125, 3.591796875, 8.734375, 0.058685302734375, 1.6640625, 1.861328125, 3.541015625, 8.859375, 0.037353515625, 2.552734375, 4.62890625, 3.84765625, 2.953125, 10.0546875, 0.0364990234375, 0.0535888671875, 0.2166748046875, 1.90625, 2.267578125, 1.2890625, 5.36328125, 2.298828125, 4.375, 0.0908203125, 0.06549072265625, 7.140625, 2.515625, 2.666015625, 1.5478515625, 4.32421875, 4.1875, 2.259765625, 3.5078125, 0.0243377685546875, 0.007465362548828125, 0.1695556640625, 0.53857421875, 2.046875, 5.8203125, 2.216796875, 5.77734375, 0.434814453125, 4.3515625, 3.34375, 0.5048828125, 0.049652099609375, 3.5078125, 3.63671875, 0.09918212890625, 1.6953125, 0.2386474609375, 0.006465911865234375, 0.01016998291015625, 0.00017726421356201172, 5.44921875, 3.548828125, 2.70703125, 0.15478515625, 0.5546875, 2.00390625, 2.3125, 9.7265625, 2.90625, 4.84375, 4.265625, 9.46875, 3.265625, 1.83984375, 1.6376953125, 4.609375, 3.416015625, 2.654296875, 2.078125, 2.212890625, 12.0546875, 2.458984375, 0.9609375, 0.4140625, 3.3828125]",-0.5221701929646154
401,0,test,3.089584143228934,1.3603489166949805,1.8962522699795406,5.402033624664087,2.3785241794973584,3.315533110086927,21.967940559138924,16.331598824022883,18.66988894796376,38.410202818126336,28.555249477586017,32.643670859936634,3.4111641531613603,1.4563207028517215,2.0422539808135287,5.329943989314626,2.2755010982058153,3.1910218450211394,30.300498155669906,23.237684899748533,26.369433978001254,47.34452836823423,36.30888265585708,41.202240590626964,3.089584143228934,1.3603489166949805,1.8962522699795406,5.402033624664087,2.3785241794973584,3.315533110086927,21.967940559138924,16.331598824022883,18.66988894796376,38.410202818126336,28.555249477586017,32.643670859936634,0.6834170854271358,-0.016582914572864205,-0.016582914572864205,0.5376884422110553,-0.0023115577889447625,-0.007311557788944656,0.4371859296482412,-0.022814070351758753,-0.01781407035175875,0.397887323943662,0.10966236788039307,0.1578404855361678,0.3851590106007067,0.4170854271356784,0.11382728177226986,0.16332916670162168,0.4292929292929293,0.397887323943662,0.10966236788039307,0.1578404855361678,0.3851590106007067,24.0,11.0,11.0,36.0,12.0,13.0,45.0,14.0,14.0,0.0008573651486337663,-2.4922467842197735e-05,0.00010727817205435428,-0.017804827848125093,-0.012948914303605896,-0.01569707117595609,"[2.859375, 1.2138671875, 0.2264404296875, 2.326171875, 0.380126953125, 0.058837890625, 6.079673767089844e-06, 1.3583984375, 0.0055389404296875, 0.0233917236328125, 8.625, 10.734375, 4.32421875, 12.46875, 1.771484375, 0.90576171875, 5.43359375, 2.9296875, 1.3515625, 8.3125, 0.50146484375, 2.708984375, 1.1064453125, 0.552734375, 3.798828125, 2.2734375, 4.30859375, 1.52734375, 0.059844970703125, 3.9375, 9.09375, 2.99609375, 2.68359375, 5.140625, 3.5546875, 8.640625, 3.73828125, 0.477294921875, 1.3046875, 1.0654296875, 5.62890625, 0.34619140625, 5.7421875, 0.031402587890625, 3.8515625, 1.5537109375, 7.70703125, 2.73046875, 0.11712646484375, 3.451171875, 0.00726318359375, 5.35546875, 0.33447265625, 0.61376953125, 10.34375, 0.72314453125, 0.057586669921875, 3.419921875, 6.1484375, 4.78125, 10.1953125, 3.029296875, 0.6669921875, 0.2032470703125, 1.7763671875, 0.2052001953125, 5.79296875, 6.78515625, 6.3203125, 0.93212890625, 9.4609375, 1.2548828125, 12.359375, 1.96875, 5.78125, 9.1015625, 3.5546875, 1.78515625, 1.3994140625, 8.265625, 1.0693359375, 3.57421875, 1.4443359375, 3.798828125, 4.24609375, 0.39013671875, 8.765625, 0.0224609375, 3.861328125, 3.767578125, 4.3203125, 3.5703125, 8.1953125, 1.3984375, 7.40234375, 0.93310546875, 0.6591796875, 0.52978515625, 0.56494140625, 1.564453125, 10.09375, 1.60546875, 3.248046875, 3.345703125, 8.1796875, 0.0750732421875, 5.453125, 0.18798828125, 0.480712890625, 1.7470703125, 4.109375, 1.9169921875, 7.66015625, 7.10546875, 0.308349609375, 1.765625, 5.15234375, 0.055999755859375, 0.26416015625, 6.70703125, 0.199951171875, 0.58447265625, 3.21484375, 0.01531219482421875, 0.0274200439453125, 4.1328125, 1.0302734375, 2.21484375, 6.3984375, 0.05853271484375, 6.9609375, 6.64453125, 2.966796875, 0.47998046875, 2.240234375, 0.44775390625, 1.46484375, 1.1083984375, 1.8740234375, 6.515625, 6.4453125, 2.658203125, 4.43359375, 0.1763916015625, 2.841796875, 8.7265625, 3.982421875, 4.23046875, 1.0341796875, 1.6826171875, 2.11328125, 12.0625, 7.66796875, 0.833984375, 7.77734375, 8.734375, 0.043212890625, 2.142578125, 1.4365234375, 8.1953125, 0.367431640625, 4.30078125, 5.4375, 6.2734375, 3.85546875, 7.6015625, 0.1903076171875, 0.95703125, 8.140625, 0.01300048828125, 1.470703125, 7.94140625, 1.828125, 3.333984375, 0.499755859375, 3.22265625, 0.94482421875, 2.9921875, 5.90625, 2.125, 8.2578125, 0.006305694580078125, 0.1512451171875, 6.16796875, 5.49609375, 0.0618896484375, 1.25390625, 0.84326171875, 0.01229095458984375, 0.174072265625, 7.390625, 5.7109375, 4.15234375, 8.3671875, 8.5546875, 0.7041015625, 10.9453125, 2.505859375, 0.032684326171875, 3.111328125, 0.327880859375, 4.4296875, 5.44140625, 6.32421875, 0.246337890625, 1.611328125, 2.66796875, 1.876953125, 3.466796875, 7.56640625, 1.3857421875, 1.1044921875, 0.7529296875, 2.546875, 5.125, 1.8525390625, 2.33984375, 1.5302734375, 1.8916015625, 5.9921875, 0.2467041015625, 1.970703125, 1.720703125, 5.4453125, 0.400146484375, 4.4296875, 9.171875, 0.2529296875, 1.1298828125, 1.2783203125, 0.0011272430419921875, 5.9296875, 3.9375, 0.0960693359375, 0.009429931640625, 0.049224853515625, 0.00015532970428466797, 0.04962158203125, 9.059906005859375e-06, 3.4570693969726562e-06, 0.054931640625, 0.007236480712890625, 0.00012433528900146484, 2.890625, 2.927734375, 0.50244140625, 0.00943756103515625, 0.697265625, 0.0081024169921875, 0.14599609375, 0.0002281665802001953, 2.3365020751953125e-05, 0.03851318359375, 0.0283355712890625, 0.0015392303466796875, 1.279296875, 4.66796875, 0.05303955078125, 0.0240936279296875, 0.136962890625, 0.00037169456481933594, 1.072265625, 4.1015625, 8.8203125, 2.865234375, 5.1171875, 9.7578125, 3.884765625, 1.6220703125, 0.7041015625, 0.1885986328125, 3.173828125, 2.31640625, 1.1796875, 12.1171875, 1.404296875, 6.8046875, 1.2734375, 9.5, 0.77490234375, 0.318115234375, 4.375, 1.361328125, 1.431640625]",-0.9361340688987516
117,0,test,3.094896831743398,1.3647606795614065,1.8341926221323015,6.484545742700453,2.85949856670009,3.843070255896251,22.08495995319336,16.443538005143598,18.557054955780217,46.27324942573846,34.45312724887229,38.8814484787776,3.241958648715187,1.36844085489487,1.9027743465937361,5.841366934621957,2.4656591980087743,3.4284222461148395,25.58378234820771,19.07262126690361,21.767852758346997,46.09690513190578,34.36508336379028,39.22135632134594,3.1983129005368336,1.3797581230029727,1.889518658413093,6.2304796763704555,2.6878404993564406,3.6808805034021295,24.49117627248453,18.32823108871296,20.78946861538697,47.71008364769714,35.70434627671356,40.498964835169424,0.6683417085427136,0.0033417085427135396,-0.0016582914572863539,0.5577889447236181,-0.00221105527638199,-0.00221105527638199,0.44723618090452266,-0.0027638190954772934,-0.012763819095477302,0.42165242165242167,0.10301799775483989,0.16065535420374133,0.4028571428571428,0.4371859296482412,0.1163839246357099,0.18009077105057847,0.4242424242424242,0.4347826086956522,0.11925673223488431,0.18227982782802155,0.41946308724832215,30.0,2.0,2.0,42.0,3.0,4.0,47.0,0.0,-1.0,0.0006711924268239608,0.0003972970644169176,0.00035860289069593885,-0.013372322609112253,-0.012623155921263951,-0.013136986964322084,"[2.88671875, 2.212890625, 0.2330322265625, 0.0401611328125, 3.814697265625e-05, 1.2705078125, 0.01294708251953125, 0.01422119140625, 10.5859375, 8.75, 7.703125, 2.251953125, 5.01171875, 6.828125, 1.0400390625, 5.01171875, 8.78125, 1.54296875, 7.5859375, 6.9921875, 3.01171875, 6.8203125, 9.0546875, 7.24609375, 3.453125, 3.71875, 0.837890625, 6.2109375, 1.1328125, 7.234375, 1.2353515625, 0.64453125, 0.33837890625, 4.67578125, 3.59765625, 5.04296875, 0.009185791015625, 1.3671875, 4.65234375, 0.1285400390625, 2.0, 6.38671875, 0.75341796875, 1.548828125, 6.7265625, 1.0556640625, 4.484375, 3.48828125, 5.15234375, 0.00017583370208740234, 3.986328125, 7.3046875, 1.98046875, 7.5625, 8.5234375, 2.234375, 7.0625, 1.54296875, 5.20703125, 2.09765625, 0.607421875, 0.00103759765625, 2.6875, 7.07421875, 4.41796875, 0.0125274658203125, 4.38671875, 4.703125, 6.96875, 0.335693359375, 2.470703125, 0.0018243789672851562, 0.00012981891632080078, 0.004314422607421875, 0.001941680908203125, 1.3828277587890625e-05, 0.007091522216796875, 8.2421875, 9.46875, 0.10357666015625, 0.435546875, 5.79296875, 0.451171875, 4.48046875, 2.962890625, 6.8359375, 0.64794921875, 5.30078125, 0.78564453125, 0.1781005859375, 6.09375, 3.740234375, 6.4453125, 6.40234375, 5.6015625, 0.8544921875, 1.373046875, 1.7666015625, 6.62890625, 9.4375, 3.5625, 4.48828125, 0.40869140625, 6.05859375, 10.1484375, 2.388671875, 5.69921875, 6.9140625, 0.0728759765625, 1.8134765625, 5.71875, 8.5625, 4.421875, 4.24609375, 6.859375, 9.609375, 1.5478515625, 5.796875, 2.998046875, 2.36328125, 4.578125, 4.6953125, 0.7578125, 5.24609375, 0.78466796875, 4.83984375, 2.86328125, 6.67578125, 8.1796875, 0.84375, 2.2649765014648438e-06, 5.8531761169433594e-05, 0.0005993843078613281, 9.85860824584961e-05, 1.1920928955078125e-07, 0.00013113021850585938, 6.3828125, 3.25390625, 0.174560546875, 1.6533203125, 6.556510925292969e-06, 8.666515350341797e-05, 0.00027489662170410156, 8.976459503173828e-05, 2.384185791015625e-07, 0.01904296875, 4.203125, 5.1640625, 2.181640625, 1.375, 4.1796875, 2.67578125, 5.07421875, 0.043914794921875, 4.359375, 0.9814453125, 2.83203125, 2.22265625, 2.2890625, 8.8984375, 5.5390625, 6.4140625, 9.1015625, 6.77734375, 1.4951171875, 8.78125, 0.81884765625, 2.30078125, 1.1318359375, 0.76220703125, 1.740234375, 2.533203125, 7.53515625, 2.837890625, 0.8525390625, 5.19140625, 9.75, 4.37109375, 2.09765625, 2.384185791015625e-07, 0.00017261505126953125, 0.0003292560577392578, 1.0013580322265625e-05, -0.0, 7.152557373046875e-06, 3.5546875, 0.004131317138671875, 3.369140625, 2.845703125, 1.2040138244628906e-05, 0.0008082389831542969, 0.0001970529556274414, 2.682209014892578e-05, 1.1920928955078125e-07, 0.007049560546875, 5.34375, 2.818359375, 3.2265625, 0.4638671875, 3.771484375, 1.4111328125, 0.0059356689453125, 3.826171875, 5.3203125, 10.6171875, 6.06640625, 1.52734375, 6.2578125, 3.455078125, 5.05078125, 7.71875, 2.494140625, 0.56689453125, 1.2158203125, 9.75, 1.7119140625, 6.8046875, 4.97265625, 9.15625, 0.67041015625, 4.33203125, 0.015777587890625, 8.6875, 0.39599609375, 3.1875, 7.0625, 4.51953125, 2.181640625, 2.77734375, 6.66796875, 9.0, 0.180419921875, 0.09765625, 0.77880859375, 2.341796875, 0.3388671875, 5.28515625, 2.865234375, 8.609375, 2.203125, 2.384185791015625e-06, 0.00043582916259765625, 0.0007562637329101562, 3.075599670410156e-05, -0.0, -0.0, 2.861328125, 0.0031490325927734375, 1.416015625, 0.46435546875, 3.078125, 0.038299560546875, 2.548828125, 3.31640625, 0.1600341796875, 1.4453125, 0.4169921875, 2.158203125, 3.03515625, 3.97265625, 3.939453125, 0.541015625, 2.046875, 3.423828125, 0.059234619140625, 5.9765625, 0.0031280517578125, 0.08978271484375, 0.153076171875, 2.552734375, 4.6015625, 2.876953125, 3.7578125, 6.875, 9.2578125, 1.62890625, 0.935546875, 0.97509765625, 0.0001322031021118164, 4.79296875, 5.1875, 0.82763671875, 0.9169921875, 4.01171875, 10.546875, 5.41796875, 0.8046875, 0.01953125, 1.65625, 4.45703125, 0.38037109375, 0.39453125, 1.4599609375, 4.45703125, 4.61328125, 2.119140625, 4.12109375, 2.958984375, 11.921875, 0.04351806640625, 1.55078125, 10.421875, 7.390625, 2.345703125, 0.990234375, 3.255859375, 1.615234375, 5.3984375, 0.65478515625, 3.611328125, 0.286865234375, 0.08526611328125, 4.07421875, 9.984375, 6.51171875, 1.4375, 5.296875, 1.9599609375, 6.23046875, 10.328125, 4.21875, 0.04022216796875, 1.482421875, 0.391357421875, 0.70849609375, 2.216796875, 1.1953125, 6.16796875, 2.072265625, 3.4570693969726562e-06, 0.00044608116149902344, 0.0003323554992675781, 3.993511199951172e-05, 1.1920928955078125e-07, 1.811981201171875e-05, 3.5390625, 5.01953125, 4.65625, 5.67578125, 0.153564453125, 0.85009765625, 7.033348083496094e-06, 0.0010633468627929688, 2.205371856689453e-05, 5.412101745605469e-05, -0.0, 0.0025997161865234375, 5.0625, 0.044891357421875, 0.1485595703125, 0.859375]",-0.6604079816416117
36,0,test,3.4902791285332833,1.5814213136082258,2.187723765191647,5.846773317224544,2.6491325189742887,3.664785670352886,32.79510047706775,26.049720552453465,29.116415433006733,54.937015448845976,43.637429970033516,48.77463222217052,3.500537284055547,1.568498316882346,2.179717603655342,5.738585711566471,2.571308716200568,3.5733075469759705,33.13324914366568,26.229677085943315,29.386758099371086,54.316801874861774,42.99947063269397,48.17501327765752,3.4841332990704603,1.5840830597345374,2.1846107779921766,5.836478074239051,2.6535913675807854,3.659570921095174,32.594165470922945,25.907935125309137,28.92662039691222,54.60041731753334,43.399916802269445,48.4566953145727,0.7587939698492463,-0.026206030150753734,-0.026206030150753734,0.6281407035175879,-0.0018592964824121205,-0.01185929648241213,0.5125628140703518,0.012562814070351758,0.012562814070351758,0.43511450381679384,0.09035259905488913,0.1698860774208547,0.4137931034482759,0.42211055276381915,0.07373962544552337,0.1533292505935353,0.398989898989899,0.41984732824427484,0.07699018538713198,0.1546189018483357,0.4061302681992337,25.0,2.0,2.0,37.0,4.0,4.0,47.0,6.0,5.0,-0.0001461605815833885,0.0002318906746925728,0.00011176777259922399,-0.00012787541372372146,-0.00017828449388890277,8.936283448512938e-05,"[3.8203125, 10.015625, 3.134765625, 1.0517578125, 0.001617431640625, 0.0004875659942626953, 5.4609375, 1.6025390625, 0.29931640625, 6.421875, 4.1953125, 6.42578125, 1.7880859375, 5.5234375, 1.3193359375, 4.91796875, 3.931640625, 7.08984375, 3.388671875, 2.064453125, 4.79296875, 0.14208984375, 0.001674652099609375, 2.23046875, 1.173828125, 10.046875, 3.556640625, 1.89453125, 8.5078125, 0.7021484375, 7.51171875, 4.69921875, 2.5859375, 5.13671875, 0.1968994140625, 0.2406005859375, 7.984375, 0.06005859375, 11.75, 2.99609375, 2.79296875, 9.59375, 4.890625, 0.1898193359375, 11.0703125, 4.01953125, 2.36328125, 4.33203125, 4.41015625, 8.7421875, 2.54296875, 1.3349609375, 4.9140625, 1.1376953125, 9.53125, 2.27734375, 1.4892578125, 9.9921875, 6.40625, 0.37939453125, 0.483154296875, 4.5078125, 0.0289459228515625, 6.109375, 3.755859375, 5.90625, 5.95703125, 8.8828125, 4.23046875, 0.00046825408935546875, 2.2109375, 0.7421875, 8.3984375, 3.951171875, 0.21728515625, 3.779296875, 0.578125, 3.193359375, 5.9921875, 4.9765625, 0.00553131103515625, 1.974609375, 1.5068359375, 6.375, 3.76953125, 0.1175537109375, 5.9296875, 1.1044921875, 2.20703125, 0.003017425537109375, 7.5859375, 1.525390625, 7.828125, 5.88671875, 0.1876220703125, 1.509765625, 2.5546875, 3.431640625, 0.284912109375, 1.7041015625, 3.21875, 0.0723876953125, 2.9609375, 0.685546875, 6.08203125, 4.06640625, 2.5546875, 1.451171875, 0.6708984375, 3.8359375, 2.130859375, 1.3232421875, 4.04296875, 7.75390625, 0.54638671875, 6.71484375, 2.87109375, 1.6318359375, 5.85546875, 3.6015625, 0.35986328125, 2.14453125, 4.328125, 6.32421875, 0.75537109375, 2.03515625, 5.05078125, 7.20703125, 5.75, 0.0579833984375, 3.0, 7.33203125, 0.00745391845703125, 0.81982421875, 3.833984375, 1.1953125, 3.427734375, 3.41796875, 5.58203125, 8.671875, 7.4921875, 1.494140625, 0.10174560546875, 2.705078125, 1.71875, 3.169921875, 2.71484375, 3.560546875, 4.57421875, 8.9765625, 3.451171875, 8.2421875, 1.638671875, 2.748046875, 5.7421875, 9.359375, 1.0458984375, 0.7900390625, 0.8154296875, 3.3046875, 3.3125, 3.373046875, 5.0546875, 3.48828125, 1.841796875, 8.75, 1.7314453125, 0.7177734375, 2.791015625, 0.424560546875, 0.0003802776336669922, 2.98046875, 2.001953125, 5.58203125, 8.3828125, 0.81396484375, 0.10076904296875, 7.9609375, 0.31689453125, 6.51171875, 1.55078125, 7.2578125, 0.72705078125, 0.250732421875, 8.34375, 5.9609375, 1.92578125, 1.2255859375, 0.0019435882568359375, 6.19921875, 5.29296875, 2.90625, 0.56982421875, 3.4375, 5.41015625, 3.71484375, 3.029296875, 1.1318359375, 0.60400390625, 4.12890625, 0.4794921875, 8.9765625, 2.978515625, 0.5400390625, 8.71875, 0.315185546875, 1.55078125, 1.1806640625, 5.46484375, 3.884765625, 0.1485595703125, 1.109375, 6.875, 5.88671875, 0.2318115234375, 3.9140625, 2.884765625, 4.2421875, 4.54296875, 0.391357421875, 1.7099609375, 3.7421875, 4.7734375, 7.48046875, 2.021484375, 1.396484375, 2.083984375, 0.488037109375, 6.91796875, 0.471435546875, 0.62744140625, 1.4033203125, 8.453125, 1.33984375, 0.360107421875, 3.716796875, 6.41796875, 4.44140625, 0.64599609375, 4.828125, 7.41796875, 2.44140625, 2.71875, 5.70703125, 5.4140625, 2.328125, 8.3671875, 0.76220703125, 7.40625, 0.335693359375, 1.26171875, 1.2177734375, 7.1953125, 5.03125, 3.392578125, 2.951171875, 0.80224609375, 3.505859375, 0.7978515625, 6.0625, 3.537109375, 0.87060546875]",-0.9600887990179863
125,0,test,4.137202658230746,1.884565396890253,2.5864318244141105,6.885693934677745,3.136549401817344,4.304690728745163,62.62738598441183,53.11459548579876,57.91228264117663,104.23299205797214,88.40051556377695,96.38547740279748,4.071294474242321,1.8045427552431703,2.4950798327604344,6.514071158787713,2.887268408389072,3.9921277324166944,58.632812153736644,48.98480174340086,53.79619935149868,93.81249944597863,78.37568278944137,86.07391896239788,4.114080140359291,1.8612421561738208,2.566418761651298,6.847210303535044,3.0977317004851006,4.2713822746364265,61.19589672903181,51.68119660439981,56.495432017096846,101.85051343712986,86.01485868424584,94.02736237810524,0.8040201005025126,-0.020979899497487353,0.004020100502512558,0.6733668341708543,0.008366834170854265,-0.0066331658291456375,0.5778894472361809,0.012889447236180906,0.007889447236180791,0.45991561181434604,0.11886298023539865,0.1878258502435185,0.4703389830508474,0.4824120603015075,0.14907872696817415,0.20528351272220868,0.4797979797979798,0.4852320675105485,0.1441794359316011,0.21033725685136195,0.4872881355932204,24.0,1.0,0.0,36.0,-1.0,1.0,44.0,1.0,0.0,-0.00019707131468388997,-7.324355262079314e-05,-2.6124523473308943e-05,4.537263278781012e-05,-4.0869005880850295e-05,-6.618974063954397e-05,"[1.88671875, 5.3046875, 0.005107879638671875, 0.057769775390625, 6.7578125, 0.974609375, 1.5205078125, 11.9765625, 0.8564453125, 6.7890625, 3.677734375, 7.99609375, 0.0673828125, 11.1953125, 8.28125, 3.4921875, 0.603515625, 4.0, 2.48046875, 0.66162109375, 3.96875, 5.3046875, 1.5615234375, 5.42578125, 5.5390625, 4.27734375, 0.36474609375, 3.490234375, 0.0190277099609375, 0.78857421875, 5.43359375, 1.865234375, 4.5546875, 2.87890625, 8.6328125, 13.2109375, 1.44921875, 4.296875, 7.65625, 3.994140625, 3.740234375, 3.66015625, 4.2421875, 1.8095703125, 2.068359375, 7.28515625, 4.984375, 7.54296875, 3.044921875, 0.6201171875, 4.55078125, 7.5703125, 13.125, 0.208740234375, 3.521484375, 0.00672149658203125, 3.740234375, 0.330322265625, 10.234375, 1.8388671875, 2.50390625, 5.453125, 3.138671875, 6.4296875, 0.12359619140625, 4.734375, 9.890625, 3.587890625, 0.29833984375, 4.9140625, 1.888671875, 2.109375, 4.74609375, 0.6201171875, 3.78515625, 4.80859375, 2.140625, 8.0390625, 0.2255859375, 1.021484375, 6.15234375, 4.7265625, 2.265625, 7.27734375, 8.984375, 5.56640625, 7.140625, 7.08984375, 3.708984375, 10.5078125, 0.040252685546875, 8.609375, 5.75, 5.6953125, 5.80078125, 0.057830810546875, 1.2080078125, 11.84375, 6.5625, 7.75390625, 1.0146484375, 4.2265625, 5.0234375, 2.78125, 0.79345703125, 1.48046875, 0.003238677978515625, 3.771484375, 1.5078125, 4.13671875, 14.4453125, 1.58203125, 4.12109375, 1.7939453125, 9.09375, 4.984375, 0.471435546875, 2.068359375, 5.3828125, 1.27734375, 1.822265625, 0.0004284381866455078, 8.296875, 1.515625, 6.09375, 7.04296875, 3.275390625, 0.98046875, 5.75390625, 10.34375, 1.501953125, 7.1796875, 1.9921875, 1.6953125, 7.7109375, 3.625, 0.6962890625, 10.46875, 0.7470703125, 1.03515625, 2.177734375, 4.86328125, 0.77392578125, 5.21484375, 4.9765625, 4.6484375, 0.92822265625, 5.72265625, 4.87109375, 0.5947265625, 3.865234375, 2.71484375, 4.56640625, 4.6484375, 2.41015625, 3.625, 7.81640625, 3.34765625, 1.150390625, 2.2265625, 5.3125, 4.2734375, 5.9296875, 1.298828125, 1.6962890625, 7.8671875, 1.0478515625, 1.4111328125, 7.3046875, 0.060089111328125, 5.015625, 0.5927734375, 1.50390625, 6.84375, 0.595703125, 5.71484375, 0.7646484375, 5.16796875, 1.7666015625, 6.78515625, 9.40625, 9.4296875, 0.1614990234375, 9.7734375, 4.3515625, 4.85546875, 1.9931640625, 2.775390625, 4.8984375, 2.70703125, 2.90234375, 7.51171875, 4.17578125, 1.943359375, 7.0390625, 0.63916015625, 2.05859375, 6.21875, 0.0189666748046875, 2.998046875, 3.826171875, 1.8935546875, 3.619140625, 2.40234375, 4.73828125, 2.78125, 5.03125, 7.453125, 6.04296875, 1.0771484375, 1.0400390625, 5.75, 7.328125, 0.7880859375, 8.109375, 6.05859375, 4.3046875, 6.53515625, 1.3154296875, 2.47265625, 4.078125, 6.1796875, 2.919921875, 9.109375, 7.73828125, 0.00766754150390625, 4.0234375, 3.19921875, 5.5078125, 8.21875, 2.34375, 10.75, 0.9423828125, 6.21875, 3.740234375, 1.2021484375, 7.45703125]",-0.6050587515287758
235,0,test,3.5696880359931185,1.6178633274549576,2.220964504784963,6.2240714473726175,2.8208899042804396,3.872450931419936,35.5055149810032,28.463990385830286,31.653010192358053,61.90705176174918,49.629521698370766,55.189863925137125,3.8012368846778295,1.6087951965322183,2.2856535432496745,5.939432632309108,2.513742494581591,3.5713336613276163,44.75650891139061,35.799452135899756,40.20443314452208,69.93204517404783,55.93664396234337,62.81942678831575,3.5696880359931185,1.6178633274549576,2.220964504784963,6.2240714473726175,2.8208899042804396,3.872450931419936,35.5055149810032,28.463990385830286,31.653010192358053,61.90705176174918,49.629521698370766,55.189863925137125,0.8090452261306533,-0.015954773869346628,-0.020954773869346632,0.6381909547738693,-0.0018090452261306789,0.00819095477386933,0.4974874371859297,-0.002512562814070307,-0.002512562814070307,0.43173431734317347,0.11497556964519928,0.17161161795667035,0.41481481481481486,0.4321608040201005,0.09882747068676712,0.14668501103178666,0.43939393939393945,0.43173431734317347,0.11497556964519928,0.17161161795667035,0.41481481481481486,27.0,9.0,9.0,38.0,9.0,10.0,47.0,9.0,10.0,0.000356447007832998,0.00016880299837555406,-4.345373543338214e-05,-0.00019024471046957814,0.00021210453193631906,5.782182176528039e-05,"[1.859375, 5.28125, 0.00511932373046875, 0.052032470703125, 8.6875, 1.05078125, 9.90625, 1.689453125, 4.55859375, 2.896484375, 2.439453125, 6.65234375, 1.890625, 1.79296875, 0.74755859375, 4.87890625, 1.3486328125, 5.3359375, 1.66015625, 7.07421875, 2.634765625, 10.0, 4.19140625, 0.023773193359375, 12.4296875, 8.7421875, 3.666015625, 4.94140625, 6.8203125, 0.83642578125, 3.92578125, 5.58984375, 1.779296875, 1.87109375, 2.208984375, 3.458984375, 1.0927734375, 2.765625, 3.080078125, 5.66796875, 0.1982421875, 4.52734375, 6.0859375, 1.970703125, 1.16015625, 11.1484375, 2.31640625, 2.908203125, 0.62109375, 0.1630859375, 5.07421875, 0.15380859375, 1.34765625, 10.3828125, 0.07293701171875, 0.157470703125, 2.66015625, 7.38671875, 7.02734375, 3.484375, 7.234375, 0.66064453125, 5.6796875, 3.5703125, 1.0517578125, 4.0078125, 0.0217742919921875, 5.09375, 6.05859375, 4.69140625, 1.2333984375, 6.234375, 4.3359375, 2.46875, 1.0400390625, 5.07421875, 2.330078125, 9.171875, 0.1353759765625, 1.2021484375, 0.314453125, 0.0041656494140625, 3.181640625, 2.9765625, 3.00390625, 0.85693359375, 3.267578125, 6.671875, 2.380859375, 7.0390625, 0.2491455078125, 0.5244140625, 6.49609375, 1.3876953125, 2.681640625, 0.026702880859375, 3.05859375, 3.24609375, 0.35595703125, 1.3564453125, 10.8203125, 4.40234375, 0.919921875, 1.03515625, 1.2822265625, 1.458984375, 0.008026123046875, 1.69140625, 1.1640625, 7.6015625, 7.3984375, 4.26953125, 4.640625, 3.6875, 0.94970703125, 10.7734375, 8.15625, 6.81640625, 0.9345703125, 6.71875, 1.431640625, 1.9970703125, 0.0003609657287597656, 2.400390625, 1.390625, 0.021759033203125, 0.0019779205322265625, 0.0001958608627319336, 1.3583984375, 6.47265625, 2.5234375, 6.28515625, 1.6640625, 7.16015625, 2.587890625, 7.92578125, 0.89013671875, 11.3984375, 3.103515625, 4.66015625, 6.0546875, 2.86328125, 7.5234375, 0.52880859375, 8.59375, 4.81640625, 3.416015625, 4.24609375, 7.359375, 3.8671875, 9.8984375, 4.71875, 6.44921875, 0.7861328125, 0.76708984375, 6.22265625, 2.30078125, 7.875, 4.16015625, 0.1134033203125, 1.291015625, 2.5078125, 1.3115234375, 5.24609375, 4.546875, 5.53515625, 7.3828125, 2.37109375, 6.23046875, 1.251953125, 7.9921875, 1.83984375, 4.03515625, 2.37890625, 1.8056640625, 8.75, 2.21484375, 3.90625, 1.8369140625, 4.2421875, 10.1015625, 3.650390625, 2.0703125, 7.23046875, 9.8671875, 1.5048828125, 4.23828125, 1.291015625, 2.287109375, 4.796875, 4.81640625, 9.625, 1.6650390625, 7.9765625, 8.21875, 6.5703125, 0.71240234375, 0.81689453125, 7.078125, 2.50390625, 6.76171875, 5.05078125, 3.6484375, 10.4375, 0.9638671875, 5.43359375, 0.026763916015625, 0.95068359375, 2.859375, 0.017120361328125, 5.38671875, 6.66796875, 8.421875, 4.15625, 0.6416015625, 0.87353515625, 4.69921875, 0.0050048828125, 10.046875, 4.828125, 10.65625, 3.47265625, 11.8125, 1.0419921875, 0.0032711029052734375, 3.9765625, 5.8984375, 3.494140625, 0.0633544921875, 0.3779296875, 1.859375, 0.92236328125, 0.006053924560546875, 6.109375, 0.26123046875, 1.3388671875, 0.357177734375, 7.75390625, 4.046875, 1.4453125, 0.6630859375, 0.00998687744140625, 0.98095703125, 1.314453125, 0.0018529891967773438, 2.0234375, 0.03668212890625, 0.0506591796875, 0.00018846988677978516, 0.0002796649932861328, 5.078125, 4.0078125, 0.34716796875, 0.417724609375, 3.09375, 2.482421875, 1.6953125, 5.171875, 1.0595703125, 3.6875, 0.404296875, 5.57421875, 0.70556640625, 2.279296875, 2.2109375, 1.1123046875, 6.5546875, 0.31787109375, 1.5771484375, 1.845703125, 6.88671875]",-1.049366758318405
308,0,test,3.9226050007624256,1.8223252349922108,2.4686313868076875,7.08446236501335,3.291229818349568,4.458497898598125,50.53190913316817,42.36345428617691,46.25182094559443,91.26369043444917,76.51096592291344,83.5335917684069,4.175030085309666,1.9005989558636598,2.636451145951405,6.627031881443914,3.016823739466127,4.184843088811754,65.04179643416869,55.31940977454116,60.38383012118679,103.24094672090268,87.80858694371612,95.84734939870918,3.9226050007624256,1.8223252349922108,2.4686313868076875,7.08446236501335,3.291229818349568,4.458497898598125,50.53190913316817,42.36345428617691,46.25182094559443,91.26369043444917,76.51096592291344,83.5335917684069,0.8040201005025126,0.009020100502512562,0.014020100502512567,0.6733668341708543,-0.0066331658291456375,0.0033668341708543714,0.5477386934673367,-0.007261306532663214,0.0027386934673367946,0.4444444444444444,0.12175536881419236,0.18912529550827417,0.3918918918918919,0.4522613065326633,0.1139154418710091,0.18514945344418243,0.4040404040404041,0.4444444444444444,0.12175536881419236,0.18912529550827417,0.3918918918918919,21.0,0.0,1.0,34.0,0.0,-1.0,42.0,-2.0,2.0,0.0012268802055706938,0.00022535995646870386,0.00020212541433320858,0.0005149329265217162,0.00011139288064487829,-3.329665942342075e-05,"[12.0625, 6.69140625, 3.646484375, 4.76953125, 7.56640625, 3.599609375, 6.82421875, 7.33203125, 10.234375, 2.451171875, 5.015625, 1.255859375, 2.341796875, 4.8984375, 4.3984375, 0.68017578125, 1.47265625, 8.7890625, 0.455810546875, 4.12109375, 5.109375, 0.102783203125, 4.71875, 5.26171875, 0.165283203125, 1.83984375, 4.59765625, 4.75, 3.08203125, 0.2288818359375, 0.00396728515625, 10.1171875, 1.1611328125, 0.365966796875, 7.9375, 3.333984375, 6.6796875, 6.22265625, 1.7275390625, 2.275390625, 7.06640625, 1.8515625, 3.96875, 2.931640625, 4.3515625, 4.75390625, 11.390625, 12.3671875, 2.55078125, 5.40234375, 1.7734375, 7.421875, 1.986328125, 4.484375, 0.11669921875, 1.033203125, 11.4296875, 4.12109375, 9.734375, 3.78125, 3.828125, 0.1656494140625, 11.6640625, 5.20703125, 8.328125, 7.34375, 9.0234375, 3.53515625, 7.97265625, 5.86328125, 10.1484375, 2.5703125, 7.54296875, 0.012481689453125, 4.44921875, 10.5703125, 0.389404296875, 7.78125, 0.267333984375, 2.884765625, 3.478515625, 0.05560302734375, 2.794921875, 0.8662109375, 2.162109375, 0.0341796875, 3.853515625, 3.302734375, 0.2222900390625, 12.9921875, 3.267578125, 5.828125, 4.41015625, 3.228515625, 8.140625, 1.44140625, 8.171875, 3.33203125, 1.1787109375, 0.76220703125, 6.5078125, 0.1138916015625, 2.146484375, 6.4375, 4.484375, 0.4130859375, 2.205078125, 3.2734375, 5.6015625, 7.33984375, 1.44921875, 4.27734375, 1.84375, 5.12890625, 2.064453125, 0.00934600830078125, 6.4453125, 2.044921875, 0.70458984375, 0.2442626953125, 0.25341796875, 5.26171875, 15.671875, 11.6640625, 6.43359375, 1.685546875, 6.80078125, 0.45703125, 5.8203125, 0.67822265625, 1.3447265625, 0.0183563232421875, 4.90234375, 6.90234375, 3.52734375, 5.00390625, 4.73828125, 6.23828125, 7.44921875, 1.40234375, 4.30078125, 5.71875, 2.181640625, 2.724609375, 3.421875, 5.0859375, 7.6171875, 0.82275390625, 2.197265625, 4.4609375, 1.91015625, 0.1015625, 0.0154266357421875, 1.728515625, 5.01171875, 2.357421875, 0.401611328125, 10.703125, 7.22265625, 2.4453125, 2.255859375, 2.203125, 2.646484375, 5.4375, 0.7685546875, 5.52734375, 8.6640625, 0.0023555755615234375, 0.00948333740234375, 1.099609375, 0.06072998046875, 1.064453125, 0.8154296875, 6.94921875, 7.28515625, 3.90625, 9.921875, 2.677734375, 4.765625, 1.3134765625, 7.328125, 0.0205535888671875, 0.556640625, 13.765625, 1.6083984375, 11.6171875, 4.26953125, 2.97265625, 11.28125, 0.0015048980712890625, 5.6953125, 0.007320404052734375, 1.6015625, 1.2197265625, 1.607421875, 3.470703125, 1.759765625, 2.630859375, 6.67578125, 0.07147216796875, 10.2734375, 7.625, 4.22265625, 9.6796875, 6.74609375, 8.765625, 5.31640625, 0.11968994140625, 5.1875, 5.203125, 2.10546875, 0.003986358642578125, 0.376220703125, 0.375, 0.062042236328125, 0.014556884765625, 0.08074951171875, 4.29296875, 9.0078125, 7.16796875, 0.050384521484375, 0.413818359375, 9.3515625, 5.3046875, 5.7265625, 3.87109375, 4.75, 4.55859375, 0.52392578125, 0.275146484375, 7.48828125, 7.1015625, 16.28125, 7.3046875, 1.607421875, 4.33984375, 0.27783203125, 2.552734375, 7.796875, 0.1439208984375, 13.1796875, 14.6640625, 1.291015625, 2.693359375, 0.0364990234375, 2.52734375, 6.08984375, 7.27734375, 2.80078125, 4.0625, 4.2578125, 0.143798828125, 1.56640625, 0.390869140625, 0.001773834228515625, 1.177734375, 0.5498046875, 4.63671875, 10.109375, 0.28857421875, 0.01395416259765625, 0.0037784576416015625, 0.28564453125, 0.97265625, 2.04296875, 4.359375, 3.5859375, 2.158203125, 5.35546875, 4.01171875, 6.94921875, 1.1572265625, 2.06640625, 0.11529541015625, 2.32421875, 5.16015625, 1.3974609375, 2.72265625, 1.9228515625, 11.6875, 1.3388671875, 5.77734375, 0.55517578125, 2.734375, 0.01161956787109375, 6.09765625, 0.56689453125, 0.8583984375, 0.7431640625, 4.06640625, 2.357421875, 0.07830810546875, 0.03314208984375, 2.177734375, 0.321044921875, 0.05548095703125, 0.0262451171875]",-0.5676885020451916
190,0,test,4.146567061492608,1.9527180162306128,2.645266497908192,6.251747261942701,2.944097932163078,3.9882479506923514,63.21660863542488,54.246937207761036,58.729087051530016,95.31119455802522,81.78768994400896,88.54539278538374,4.138236625709725,1.7936875227108668,2.559299012125037,5.630253912530238,2.4403911873617234,3.482039472278962,62.69217415347108,52.26360469688204,57.84237344249534,85.29547503873616,71.1069451658259,78.69710672448345,4.146567061492608,1.9527180162306128,2.645266497908192,6.251747261942701,2.944097932163078,3.9882479506923514,63.21660863542488,54.246937207761036,58.729087051530016,95.31119455802522,81.78768994400896,88.54539278538374,0.7939698492462312,0.00896984924623112,0.00896984924623112,0.6532663316582914,-0.011733668341708636,-0.0017336683417086274,0.5829145728643217,-0.002085427135678275,0.007914572864321734,0.4675767918088737,0.1313993174061433,0.20136518771331058,0.4246575342465754,0.49246231155778897,0.15577889447236182,0.22613065326633164,0.4242424242424242,0.4675767918088737,0.1313993174061433,0.20136518771331058,0.4246575342465754,28.0,17.0,17.0,42.0,21.0,22.0,48.0,16.0,18.0,0.00023682119794693113,0.0005469424843501486,-1.1663875959835442e-05,-0.0003427029913991575,0.00012688698084151184,-1.9278431547142816e-05,"[8.0859375, 4.875, 4.65234375, 2.43359375, 3.9453125, 3.041015625, 1.28515625, 6.52734375, 12.671875, 4.109375, 10.140625, 6.16015625, 5.234375, 0.6689453125, 6.15625, 4.0546875, 8.828125, 4.49609375, 2.111328125, 1.8095703125, 6.52734375, 6.6640625, 10.234375, 8.59375, 4.21484375, 3.466796875, 7.24609375, 6.21875, 6.60546875, 3.578125, 3.552734375, 1.8232421875, 0.046844482421875, 1.74609375, 2.724609375, 7.19921875, 7.87109375, 7.33984375, 0.09173583984375, 6.0, 9.21875, 5.15234375, 5.6171875, 3.634765625, 10.8828125, 9.5546875, 3.4765625, 9.984375, 2.25, 7.484375, 2.244140625, 5.38671875, 4.22265625, 8.4765625, 0.80029296875, 0.9931640625, 8.296875, 3.046875, 7.1875, 3.51953125, 1.4443359375, 0.85693359375, 1.3974609375, 0.00937652587890625, 5.73046875, 3.50390625, 1.751953125, 9.1171875, 1.5576171875, 11.125, 4.99609375, 4.44921875, 5.40625, 4.8828125, 3.029296875, 8.2734375, 2.779296875, 7.5078125, 4.42578125, 0.48876953125, 3.544921875, 6.59375, 3.8671875, 0.7421875, 5.234375, 1.6494140625, 0.0190277099609375, 6.7890625, 6.82421875, 6.96484375, 0.62548828125, 1.49609375, 5.59375, 1.396484375, 7.28515625, 0.14697265625, 0.97509765625, 1.3994140625, 5.96875, 5.1796875, 9.2734375, 4.8125, 5.30859375, 3.443359375, 4.46875, 6.71484375, 1.48046875, 4.23828125, 4.30078125, 3.072265625, 1.9150390625, 1.4794921875, 6.3359375, 0.01076507568359375, 0.31689453125, 1.546875, 4.83984375, 8.4296875, 0.0380859375, 0.054412841796875, 0.0733642578125, 1.125, 7.2578125, 0.0036773681640625, 6.90625, 9.484375, 6.90625, 0.6279296875, 2.52734375, 2.314453125, 0.39404296875, 7.23046875, 0.345703125, 0.06268310546875, 0.29833984375, 0.9208984375, 0.309326171875, 0.00603485107421875, 6.24609375, 0.2548828125, 0.060333251953125, 1.3037109375, 3.55859375, 0.416259765625, 0.69677734375, 0.027618408203125, 6.2421875, 0.88134765625, 1.1884765625, 10.5390625, 0.01467132568359375, 0.4892578125, 1.0439453125, 0.9599609375, 3.4609375, 2.1953125, 7.0546875, 5.91796875, 4.1484375, 8.234375, 9.4375, 7.515625, 2.408203125, 1.091796875, 8.390625, 0.50439453125, 0.005367279052734375, 7.19140625, 2.552734375, 7.91796875, 8.7890625, 4.66015625, 2.5859375, 0.57177734375, 7.1171875, 2.369140625, 4.14453125, 0.7275390625, 5.4453125, 1.505859375, 2.40234375, 3.853515625, 6.90625, 1.6953125, 5.00390625, 3.21875, 5.296875, 0.016632080078125, 0.5146484375, 0.0321044921875, 6.1171875, 0.018096923828125, 10.1015625, 8.7265625, 5.828125, 6.3828125, 6.09765625, 6.0703125, 12.46875, 0.121337890625, 1.556640625, 0.94384765625, 0.60693359375, 5.4296875, 1.662109375, 5.5234375, 3.029296875, 6.77734375, 0.314208984375, 3.091796875, 3.01171875, 0.95947265625, 1.7158203125, 1.806640625, 3.16796875, 0.87646484375, 2.6328125, 0.46044921875, 9.1953125, 3.640625, 4.3125, 13.53125, 6.80078125, 2.98828125, 8.3515625, 1.1259765625, 8.4765625, 5.26953125, 0.001148223876953125, 1.1640625, 0.005474090576171875, 0.307861328125, 0.0496826171875, 2.84375, 7.2109375, 1.755859375, 4.421875, 6.70703125, 7.6015625, 4.31640625, 1.9443359375, 11.0, 3.974609375, 2.93359375, 6.328125, 0.67724609375, 12.4140625, 1.7490234375, 7.10546875, 2.091796875, 3.31640625, 0.0153961181640625, 0.387939453125, 1.2333984375, 5.703125, 5.09375, 3.751953125, 4.14453125, 4.60546875, 3.05859375, 3.19921875, 0.0079345703125, 6.9140625, 0.08673095703125, 4.72265625, 4.609375, 10.03125, 2.271484375, 10.6484375, 3.814453125, 1.32421875, 9.7421875, 2.798828125, 7.55859375, 10.046875, 8.1171875, 2.357421875, 4.69921875, 8.90625, 6.73046875, 5.12890625, 0.619140625, 8.515625, 6.5625, 2.1015625, 1.6767578125, 6.18359375, 6.48046875, 6.53125, 1.98828125, 0.0775146484375, 6.1640625, 0.04888916015625]",-0.740390107086494
338,0,test,3.7935988148373943,1.7399316269068015,2.3848549218238313,6.2145138479902045,2.850282730919694,3.906768917987723,44.41595780273493,36.61951804693252,40.3251441269065,72.76035192684866,59.98855259004076,66.05895320789288,3.6261809033964147,1.6394564780184135,2.2781112009518445,5.710521107710889,2.581821225225848,3.5875766944123537,37.5690624076613,30.27745201930138,33.719075674180665,59.163877807340626,47.68102680204941,53.10090657351286,3.8031900203035724,1.7396117739585897,2.396605931635465,6.230225756944668,2.8497587612874264,3.9260189274817816,44.844009866229314,36.96991495385154,40.762022013098424,73.46156879402038,60.56255804940153,66.77462816619412,0.7587939698492463,-0.001206030150753712,-0.016206030150753725,0.6231155778894473,-0.006884422110552735,-0.0018844221105527303,0.5276381909547738,0.0026381909547738003,-0.007361809045226098,0.46370967741935487,0.12165736353605505,0.19293219752659352,0.4655870445344129,0.44723618090452266,0.11640911323534975,0.19181047138866292,0.43939393939393945,0.46370967741935487,0.11964529110144739,0.19695364524777315,0.4736842105263158,25.0,9.0,9.0,36.0,6.0,6.0,49.0,15.0,15.0,-0.00023536159926526885,5.2130093030895166e-05,-0.00011948708043697822,-3.085650767697956e-05,-0.00010133182060556578,-0.00011602607612637428,"[3.97265625, 7.73828125, 0.04876708984375, 0.060577392578125, 7.94921875, 4.171875, 1.5712890625, 12.1953125, 2.26953125, 5.46875, 2.263671875, 6.65625, 2.06640625, 1.26953125, 5.51171875, 0.346435546875, 3.2734375, 2.349609375, 0.308349609375, 0.88623046875, 7.37890625, 0.74560546875, 1.3681640625, 1.6611328125, 7.76171875, 0.63037109375, 4.828125, 1.6806640625, 3.048828125, 2.255859375, 4.25390625, 1.1455078125, 0.5400390625, 2.236328125, 5.640625, 4.69140625, 2.48828125, 2.421875, 0.04046630859375, 4.0078125, 1.998046875, 3.0703125, 6.55859375, 4.25390625, 7.49609375, 1.7275390625, 6.27734375, 5.80859375, 2.365234375, 3.126953125, 8.0078125, 1.193359375, 0.5478515625, 10.6953125, 0.5185546875, 1.02734375, 5.41015625, 3.716796875, 1.5009765625, 6.9765625, 11.75, 2.048828125, 3.576171875, 6.74609375, 1.8291015625, 0.72265625, 3.68359375, 7.59375, 0.64013671875, 5.23828125, 4.73828125, 0.20166015625, 3.068359375, 4.17578125, 7.1171875, 4.7578125, 3.857421875, 1.7783203125, 5.90234375, 0.024627685546875, 12.40625, 4.15625, 2.484375, 3.9296875, 4.4453125, 1.234375, 7.08984375, 6.9140625, 7.61328125, 0.6015625, 8.765625, 8.296875, 0.398193359375, 6.51953125, 9.078125, 1.23046875, 0.60205078125, 1.2314453125, 4.265625, 0.338134765625, 3.15234375, 8.9140625, 0.1114501953125, 1.115234375, 1.6005859375, 1.48828125, 3.43359375, 0.53125, 6.22265625, 6.375, 6.03125, 2.80078125, 1.1767578125, 8.2578125, 3.796875, 7.10546875, 8.609375, 0.52001953125, 11.796875, 1.5068359375, 0.359130859375, 0.4501953125, 3.177734375, 1.8564453125, 0.309814453125, 1.7373046875, 9.21875, 1.931640625, 4.58984375, 5.6640625, 3.107421875, 6.765625, 5.296875, 3.794921875, 1.9765625, 4.31640625, 1.587890625, 3.138671875, 5.77734375, 0.2279052734375, 5.5859375, 9.78125, 3.369140625, 6.09765625, 6.23828125, 0.6142578125, 5.34765625, 2.529296875, 5.69921875, 4.703125, 7.75390625, 5.30859375, 0.7275390625, 0.78076171875, 0.013458251953125, 6.14453125, 0.9130859375, 0.7509765625, 0.00021827220916748047, 0.0004506111145019531, 2.197265625, 8.140625, 3.064453125, 5.05859375, 0.00389862060546875, 0.73095703125, 2.14453125, 7.65234375, 0.1988525390625, 3.875, 2.654296875, 3.974609375, 9.125, 3.755859375, 6.14453125, 0.0292205810546875, 2.5234375, 1.1435546875, 2.79296875, 0.004913330078125, 0.4072265625, 6.3515625, 3.708984375, 3.4140625, 7.32421875, 0.00128173828125, 5.28125, 2.62890625, 5.3046875, 4.95703125, 1.603515625, 1.673828125, 4.328125, 0.77490234375, 0.0029773712158203125, 9.6796875, 0.1287841796875, 0.0595703125, 0.04803466796875, 2.716796875, 0.76171875, 0.73486328125, 0.0015096664428710938, 7.84375, 2.314453125, 2.28125, 3.041015625, 5.73828125, 4.62109375, 7.41015625, 4.29296875, 7.5703125, 8.546875, 3.734375, 7.1484375, 0.43115234375, 6.48046875, 10.4296875, 1.509765625, 3.52734375, 4.84765625, 7.59375, 6.0390625, 2.841796875, 7.171875, 0.0357666015625, 6.2421875, 3.580078125, 2.470703125, 5.7109375, 1.1025390625, 5.51171875, 2.6015625, 5.6796875, 5.953125, 5.79296875, 4.1484375, 5.61328125, 1.53515625, 1.2763671875, 5.8203125, 5.84375, 0.188720703125, 5.53515625, 7.7578125, 5.70703125, 0.95849609375, 4.5]",-0.7057293216066975
75,0,test,3.525452888767484,1.6467368276564094,2.2429043164315594,6.69836048865822,3.128799972547178,4.261518201219963,33.96915438155707,27.424058419705,30.363336669066886,64.54139332495843,52.1057109974395,57.690339671227086,3.5522091089181567,1.6152726091384721,2.238535763126281,5.970099342719592,2.7147438809049955,3.76224498004417,34.890308907639934,27.952843451398206,31.170496102604464,58.63917463468897,46.97956882587934,52.3873884077386,3.525452888767484,1.6467368276564094,2.2429043164315594,6.69836048865822,3.128799972547178,4.261518201219963,33.96915438155707,27.424058419705,30.363336669066886,64.54139332495843,52.1057109974395,57.690339671227086,0.7587939698492463,-0.006206030150753716,-0.001206030150753712,0.6030150753768844,-0.006984924623115618,-0.011984924623115623,0.507537688442211,-0.0024623115577889765,0.007537688442211032,0.45070422535211263,0.11502759969306164,0.19075106375960682,0.4204946996466431,0.44221105527638194,0.11389025327136937,0.1784381003515072,0.40909090909090906,0.45070422535211263,0.11502759969306164,0.19075106375960682,0.4204946996466431,22.0,12.0,12.0,38.0,18.0,19.0,43.0,14.0,13.0,0.00019298571415129817,0.0002943470558602488,-4.664980663501524e-05,-0.025367740062698374,-0.024698815446659417,-0.024882158458932047,"[7.4453125, 8.921875, 9.125, 1.9501953125, 4.1796875, 6.04296875, 0.17529296875, 1.234375, 2.802734375, 0.2578125, 3.451171875, 3.521484375, 1.5888671875, 2.25, 5.70703125, 5.78125, 5.64453125, 1.8046875, 9.078125, 3.220703125, 3.01953125, 3.3671875, 8.3671875, 7.4453125, 3.478515625, 4.65625, 1.5849609375, 3.037109375, 1.361328125, 4.5625, 8.6640625, 3.669921875, 0.634765625, 3.24609375, 2.513671875, 7.28125, 1.923828125, 6.09375, 1.568359375, 6.87109375, 7.19140625, 0.1439208984375, 3.033203125, 4.4609375, 1.3798828125, 6.84375, 7.15625, 4.78125, 6.81640625, 0.332763671875, 2.31640625, 2.375, 0.341796875, 2.099609375, 5.9609375, 4.25390625, 1.1376953125, 5.3125, 0.057708740234375, 1.62109375, 3.81640625, 1.2041015625, 6.2578125, 0.69873046875, 0.75927734375, 0.8076171875, 1.9169921875, 4.0, 6.109375, 1.51953125, 4.7890625, 0.0748291015625, 10.921875, 1.3896484375, 7.1484375, 5.61328125, 0.07904052734375, 1.2109375, 4.71875, 6.12890625, 0.285888671875, 6.296875, 5.18359375, 0.0243988037109375, 3.115234375, 8.5234375, 1.9951171875, 1.26171875, 4.80078125, 6.51171875, 10.2265625, 1.09765625, 3.697265625, 0.002048492431640625, 1.8779296875, 1.458984375, 2.12109375, 4.20703125, 5.84765625, 4.14453125, 5.03125, 1.609375, 1.430511474609375e-06, 4.62890625, 1.430511474609375e-06, 0.0003123283386230469, -0.0, 2.86102294921875e-06, 2.193450927734375e-05, 2.384185791015625e-05, 0.0003371238708496094, 0.00010132789611816406, 0.351806640625, 9.8046875, 3.6484375, 5.09375, 1.7431640625, 10.5078125, 0.002971649169921875, 2.48046875, 8.3515625, 2.673828125, 2.015625, 1.79296875, 7.66796875, 7.1796875, 8.7734375, 0.1640625, 6.04296875, 11.703125, 2.220703125, 0.14794921875, 5.4453125, 3.0859375, 7.0234375, 6.0234375, 8.9453125, 9.9296875, 8.7890625, 0.07293701171875, 7.8671875, 0.7265625, 7.390625, 3.80078125, 2.294921875, 2.193359375, 9.390625, 2.83203125, 1.8291015625, 6.36328125, 3.609375, 2.3671875, 2.865234375, 0.9140625, 0.751953125, 1.9248046875, 5.5859375, 5.02734375, 0.61572265625, 5.3828125, 7.73046875, 1.833984375, 6.37890625, 2.31640625, 1.771484375, 0.6025390625, 3.87890625, 0.32958984375, 2.8359375, 3.119140625, 5.07421875, 0.06365966796875, 4.6953125, 1.35546875, 7.234375, 3.125, 2.650390625, 6.85546875, 4.5234375, 3.748046875, 0.1688232421875, 7.2890625, 4.10546875, 1.7841796875, 0.465087890625, 5.38671875, 4.984375, 7.484375, 1.8330078125, 5.0067901611328125e-05, 4.1484375, 6.079673767089844e-06, 2.6226043701171875e-05, 4.76837158203125e-07, 2.384185791015625e-07, 0.0001722574234008789, 2.181529998779297e-05, 0.00020968914031982422, 0.00011861324310302734, 0.340087890625, 12.3359375, 2.875, 3.576171875, 6.75, 0.9501953125, 0.055572509765625, 1.986328125, 10.03125, 0.188720703125, 3.51953125, 6.2578125, 1.2626953125, 4.296875, 5.99609375, 5.0390625, 2.5859375, 9.0859375, 7.65234375, 0.1473388671875, 4.20703125, 4.3125, 1.28125, 4.9453125, 7.46875, 0.383544921875, 2.603515625, 0.462646484375, 8.58306884765625e-06, 3.748046875, 7.987022399902344e-06, 3.2782554626464844e-05, 1.5497207641601562e-06, 1.1920928955078125e-07, 5.7578086853027344e-05, 7.152557373046875e-06, 4.696846008300781e-05, 1.4424324035644531e-05, 0.43701171875, 4.92578125, 6.1171875, 5.0703125, 0.908203125, 1.58203125, 8.5, 4.375, 4.1796875, 3.216796875, 10.5703125, 0.170654296875, 2.158203125, 8.078125, 2.4140625, 1.9404296875, 7.01171875, 5.1875, 0.0222015380859375, 2.630859375, 6.85546875, 0.01364898681640625, 3.669921875, 1.5361328125, 9.6796875, 4.34765625, 0.78076171875, 6.26953125, 1.7421875, 1.9990234375, 3.994140625, 0.01070404052734375, 3.736328125, 7.21875, 1.1708984375, 7.64453125, 2.431640625, 4.0390625, 1.7294921875, 4.44921875, 0.0330810546875, 0.83251953125, 7.97265625, 2.080078125, 4.89453125, 5.66796875, 1.138671875]",-0.36914154215597783
102,0,test,3.758686630417117,1.750484395013765,2.347598101458883,6.09693935980451,2.8394485244700025,3.808022501785049,42.892055847960336,35.4421437350034,38.79163945030032,69.5749045440752,57.490454081778765,62.923647712987155,3.7324957871556883,1.6589888023613395,2.3300388486318084,5.742301211008751,2.5522904651712914,3.5846751517412434,41.783260263518486,33.83059612100631,37.71808466992059,64.28193886695152,52.04707095539433,58.02782256910861,3.758686630417117,1.750484395013765,2.347598101458883,6.09693935980451,2.8394485244700025,3.808022501785049,42.892055847960336,35.4421437350034,38.79163945030032,69.5749045440752,57.490454081778765,62.923647712987155,0.7839195979899498,0.003919597989949786,-0.006080402010050223,0.6633165829145728,0.0033165829145729298,0.008316582914572823,0.5025125628140703,-0.01748743718592971,0.007512562814070312,0.44244604316546765,0.1031282693773169,0.17450345943341028,0.42599277978339345,0.4371859296482412,0.09132126799410589,0.16506572931435137,0.4242424242424242,0.44244604316546765,0.1031282693773169,0.17450345943341028,0.42599277978339345,24.0,1.0,-1.0,35.0,-1.0,0.0,43.0,-1.0,0.0,-9.994019149379337e-06,0.0002098230051147638,6.573200633597789e-05,-0.009581914393505642,-0.009296334609760315,-0.008964112802374302,"[8.1171875, 6.984375, 1.017578125, 2.248046875, 0.282470703125, 0.0390625, 8.821487426757812e-06, 3.826171875, 0.0029582977294921875, 0.0008568763732910156, 5.42578125, 2.9921875, 4.88671875, 2.232421875, 7.7890625, 2.23828125, 1.396484375, 0.284423828125, 2.361328125, 12.125, 5.484375, 4.0703125, 4.66015625, 2.05859375, 6.640625, 0.873046875, 5.32421875, 8.125, 9.484375, 2.244140625, 7.16015625, 0.21826171875, 5.796875, 4.85546875, 3.09375, 1.1435546875, 9.1328125, 4.828125, 4.57421875, 2.091796875, 9.953125, 1.6025390625, 8.1796875, 5.41015625, 4.00390625, 2.9140625, 9.6484375, 1.498046875, 3.4296875, 3.703125, 1.802734375, 6.3125, 10.390625, 0.4267578125, 2.560546875, 8.1640625, 4.78125, 3.107421875, 4.24609375, 1.775390625, 6.1484375, 2.55078125, 2.73046875, 7.359375, 0.009674072265625, 0.8115234375, 6.91015625, 6.44921875, 10.578125, 4.8125, 5.38671875, 6.828125, 2.888671875, 2.353515625, 0.021026611328125, 0.020263671875, 3.08203125, 3.853515625, 1.796875, 4.47265625, 6.39453125, 0.040008544921875, 0.916015625, 1.3486328125, 2.96875, 0.043182373046875, 9.4375, 1.95703125, 4.91015625, 5.4140625, 3.01171875, 0.419189453125, 3.849609375, 6.3515625, 1.30078125, 3.6953125, 5.875, 5.23828125, 3.072265625, 3.529296875, 4.09375, 8.4609375, 3.791015625, 7.44140625, 3.55078125, 4.390625, 5.03125, 0.994140625, 1.4375, 9.15625, 13.375, 0.3046875, 0.051361083984375, 0.05291748046875, 2.537109375, 5.04296875, 2.94921875, 4.4453125, 2.828125, 6.3515625, 4.140625, 0.0007991790771484375, 0.01413726806640625, 0.0026645660400390625, 0.00040531158447265625, 0.0019235610961914062, 0.65966796875, 2.568359375, 1.239776611328125e-05, 0.0190887451171875, 0.0073394775390625, 0.00037217140197753906, 0.016082763671875, 1.0146484375, 0.49267578125, 3.00390625, 1.779296875, 2.958984375, 2.31640625, 0.61328125, 2.330078125, 8.171875, 0.425537109375, 6.03515625, 3.14453125, 7.29296875, 7.32421875, 1.5458984375, 3.697265625, 4.359375, 9.5078125, 8.1328125, 4.23828125, 6.9296875, 5.5078125, 4.63671875, 1.947265625, 5.55859375, 12.484375, 3.150390625, 1.44140625, 6.31640625, 2.28515625, 6.6953125, 0.1251220703125, 2.841796875, 5.1640625, 5.82421875, 7.953125, 1.5361328125, 8.828125, 0.810546875, 10.0625, 3.15234375, 1.2333984375, 7.83984375, 0.1240234375, 3.66015625, 6.6328125, 1.8359375, 0.94677734375, 7.57421875, 0.61083984375, 4.45703125, 3.78125, 1.6787109375, 1.720703125, 0.00031828880310058594, 4.9765625, 2.826171875, 2.587890625, 0.43310546875, 4.82421875, 1.591796875, 1.90625, 8.5703125, 0.36474609375, 0.81103515625, 10.4921875, 0.1641845703125, 13.734375, 4.86328125, 2.091796875, 1.0126953125, 3.853515625, 6.2890625, 6.34375, 6.1953125, 8.453125, 2.69140625, 4.671875, 0.0718994140625, 4.87890625, 3.248046875, 1.5478515625, 0.00153350830078125, 0.01258087158203125, 0.0023555755615234375, 0.0001550912857055664, 0.0037212371826171875, 1.1435546875, 0.69482421875, 3.599609375, 2.16796875, 0.0204620361328125, 7.63671875, 3.490234375, 2.064453125, 4.2734375, 5.625, 0.060882568359375, 7.421875, 1.349609375, 4.5703125, 6.0703125, 0.89990234375, 8.3984375, 0.81689453125, 9.890625, 1.6494140625, 3.580078125, 2.767578125, 4.23828125, 4.3125, 1.66015625, 3.03515625, 7.8359375, 10.9375, 2.29296875, 11.484375, 7.1640625, 0.040618896484375, 1.404296875, 7.52734375, 1.1015625, 9.25, 0.88232421875, 1.07421875, 0.0012798309326171875, 0.00446319580078125, 0.001277923583984375, 4.982948303222656e-05, 0.00026226043701171875, 1.326171875, 0.98291015625, 7.44921875, 6.484375, 0.15478515625, 4.8203125, 2.65234375, 7.875, 5.86328125, 0.05712890625, 10.9765625, 8.4296875, 4.3828125, 4.6171875, 0.580078125]",-0.5360297277676973
454,0,test,4.004115209039652,1.8430372139548785,2.534188076685624,6.698708462921681,3.0833201189433814,4.2395850842665155,54.823295776873,46.142805634574216,50.4743775427905,91.71696023049194,77.19488238236944,84.44141148668095,3.867739231742207,1.6602062190867626,2.3677519435521583,6.2382890834551725,2.6777519662689717,3.818954747664771,47.834121882408674,38.74086612989725,43.352489782088234,77.15180948775593,62.48526795144718,69.92337061627134,4.039604244592055,1.8716367733417973,2.574908279559848,6.758080056990481,3.131165922697598,4.307708190961758,56.80385792254049,48.06335726716767,52.47763020671655,95.03035350563377,80.40788071111069,87.79276499991573,0.7638190954773869,-0.0061809045226131065,-0.001180904522613102,0.6582914572864322,0.003291457286432209,0.018291457286432222,0.5125628140703518,-0.01743718592964827,-0.012437185929648265,0.4528301886792453,0.12702981203141106,0.19687033924386266,0.4696969696969697,0.44221105527638194,0.08882759662976536,0.1684214058606891,0.43939393939393945,0.46037735849056605,0.12704402515723268,0.199398688478019,0.4734848484848485,25.0,6.0,7.0,37.0,7.0,8.0,47.0,7.0,8.0,-0.00042578382933591385,-0.00042523025629854393,-8.662542079289799e-07,-0.0001486651793047855,0.00023534568223659846,7.884916357880911e-05,"[6.01953125, 6.421875, 1.8369140625, 0.379638671875, 10.6171875, 6.4765625, 1.7314453125, 5.50390625, 0.9794921875, 12.859375, 1.46875, 4.0546875, 5.12109375, 0.52001953125, 2.044921875, 3.2109375, 0.0229644775390625, 0.1451416015625, 0.74365234375, 4.390625, 8.8515625, 2.697265625, 1.6123046875, 4.26171875, 6.0390625, 6.734375, 2.1015625, 8.4453125, 0.2330322265625, 0.0985107421875, 8.859375, 5.19921875, 2.994140625, 0.5927734375, 9.125, 0.791015625, 4.96875, 2.712890625, 5.234375, 0.0726318359375, 3.626953125, 3.51171875, 7.57421875, 1.3095703125, 2.96484375, 0.9111328125, 6.17578125, 9.7890625, 1.1416015625, 9.578125, 5.2734375, 2.505859375, 0.60791015625, 5.53515625, 4.71875, 1.59765625, 8.359375, 2.765625, 3.115234375, 4.953125, 1.9013671875, 0.17236328125, 1.138671875, 4.2421875, 4.0703125, 0.1416015625, 0.034210205078125, 10.2421875, 0.0307159423828125, 5.91015625, 6.6875, 6.41796875, 0.06549072265625, 0.0082855224609375, 7.6953125, 3.13671875, 5.390625, 7.22265625, 3.22265625, 2.466796875, 0.52587890625, 6.44921875, 1.890625, 4.44140625, 5.1484375, 8.140625, 4.5234375, 2.705078125, 0.0031528472900390625, 0.325927734375, 0.317626953125, 4.67578125, 0.0167694091796875, 7.46875, 9.1328125, 7.85546875, 2.947265625, 3.30078125, 11.203125, 1.4697265625, 0.0284271240234375, 0.814453125, 0.24755859375, 0.1466064453125, 8.5, 6.23828125, 4.28125, 3.048828125, 3.35546875, 2.6640625, 5.4140625, 0.2171630859375, 5.71875, 1.7265625, 0.8662109375, 6.76953125, 1.599609375, 0.72412109375, 0.0025844573974609375, 2.2109375, 9.8984375, 0.217041015625, 3.607421875, 2.634765625, 7.05859375, 3.966796875, 3.841796875, 10.53125, 2.8984375, 1.6826171875, 1.9423828125, 0.143310546875, 0.051849365234375, 2.69140625, 2.033203125, 5.95703125, 2.96484375, 0.91748046875, 2.17578125, 7.3828125, 0.1712646484375, 5.19921875, 8.0, 9.375, 4.35546875, 0.52490234375, 2.298828125, 1.619140625, 1.080078125, 7.5859375, 0.72802734375, 0.454345703125, 5.06640625, 5.140625, 3.994140625, 7.20703125, 0.26318359375, 0.916015625, 3.09375, 2.833984375, 0.9462890625, 0.56298828125, 2.990234375, 0.08172607421875, 1.34375, 8.75, 0.06390380859375, 5.625, 4.2890625, 6.86328125, 1.669921875, 3.07421875, 5.73046875, 2.353515625, 7.30078125, 9.125, 1.1201171875, 9.515625, 9.0703125, 3.09765625, 7.4921875, 9.859375, 1.9814453125, 1.216796875, 9.609375, 5.33203125, 2.796875, 1.4873046875, 7.46875, 0.556640625, 5.78125, 0.09112548828125, 8.8515625, 0.039031982421875, 3.935546875, 6.03515625, 6.00390625, 5.046875, 7.09765625, 4.53515625, 0.11700439453125, 0.01067352294921875, 0.58154296875, 8.1484375, 0.92431640625, 5.3984375, 0.474853515625, 3.8984375, 4.51171875, 2.263671875, 11.2578125, 0.7275390625, 3.2890625, 5.546875, 0.0804443359375, 7.921875, 6.22265625, 2.365234375, 9.9921875, 2.142578125, 1.6611328125, 4.85546875, 3.388671875, 6.5390625, 0.201416015625, 3.955078125, 9.03125, 5.94140625, 7.75390625, 10.546875, 0.338623046875, 7.64453125, 8.078125, 1.0263671875, 2.171875, 7.46484375, 0.354736328125, 6.19921875, 8.0078125, 0.1751708984375, 8.234375, 6.28125, 2.30859375, 4.08203125, 1.1796875, 8.125, 10.390625, 7.00390625, 4.05859375, 9.2578125, 8.4375, 8.1875, 6.578125, 1.4052734375, 0.38525390625, 2.484375, 0.9482421875, 1.10546875, 0.00354766845703125, 2.193359375, 3.134765625, 8.375, 3.341796875, 6.71875, 4.859375]",-0.5424364953670864
270,0,test,3.7674298303528926,1.7556054489800963,2.3911053483660476,6.241895576916035,2.908695418428562,3.961594660014754,43.268713866658146,35.7917681543036,39.30839524522769,71.68780995659338,59.299970906538505,65.12633531753701,3.968987624848907,1.7654545968462374,2.4786223313811258,5.752155978041895,2.5586298505017933,3.592206277363951,52.930917760115534,43.87396224246682,48.49220110302531,76.7114750146602,63.585452525314224,70.27855232322509,3.7674298303528926,1.7556054489800963,2.3911053483660476,6.241895576916035,2.908695418428562,3.961594660014754,43.268713866658146,35.7917681543036,39.30839524522769,71.68780995659338,59.299970906538505,65.12633531753701,0.8190954773869347,0.0040954773869347205,-0.0009045226130653949,0.7035175879396984,0.023517587939698492,-0.001482412060301641,0.5226130653266332,-0.002386934673366814,0.0026130653266331905,0.4193548387096774,0.07767326446996359,0.14879464800645925,0.38129496402877694,0.4321608040201005,0.09381493935844631,0.15336280735899865,0.41414141414141414,0.4193548387096774,0.07767326446996359,0.14879464800645925,0.38129496402877694,25.0,1.0,2.0,40.0,7.0,7.0,49.0,7.0,6.0,0.00024092590503989824,-1.5452045608526742e-05,0.000140767760072417,-0.004921213126914736,-0.004062336801190725,-0.004784269751719528,"[3.322265625, 9.21875, 5.2265625, 1.7919921875, 0.444580078125, 10.421875, 2.775390625, 9.703125, 6.55078125, 0.72119140625, 4.19921875, 8.0703125, 2.40625, 6.5546875, 1.7265625, 9.4453125, 4.453125, 2.076171875, 3.58984375, 1.9404296875, 1.5908203125, 0.416015625, 4.40234375, 3.240234375, 6.84375, 4.43359375, 0.0038738250732421875, 4.87109375, 3.21875, 4.1640625, 6.078125, 6.36328125, 3.080078125, 6.06640625, 2.919921875, 1.0048828125, 5.28515625, 1.0390625, 2.466796875, 7.11328125, 2.2734375, 4.54296875, 5.421875, 10.296875, 2.384765625, 8.0234375, 2.19140625, 7.22265625, 2.529296875, 0.37109375, 5.37890625, 5.28515625, 1.4853515625, 9.484375, 1.9384765625, 8.421875, 0.05535888671875, 0.0011568069458007812, 2.451171875, 2.416015625, 8.4921875, 4.8046875, 3.98046875, 1.7392578125, 0.015594482421875, 0.0626220703125, 0.03985595703125, 9.34600830078125e-05, 2.59765625, 1.955078125, 2.173828125, 0.08819580078125, 2.134765625, 0.84423828125, 3.2109375, 9.671875, 8.0234375, 1.9208984375, 3.408203125, 0.67578125, 2.15234375, 4.9609375, 6.93359375, 3.044921875, 4.19140625, 3.623046875, 8.4921875, 2.80078125, 5.4296875, 0.94580078125, 10.9140625, 5.3515625, 1.93359375, 0.1890869140625, 7.65625, 1.587890625, 9.21875, 7.7578125, 6.6171875, 0.71435546875, 3.8125, 0.91162109375, 8.65625, 1.32421875, 1.990234375, 0.552734375, 5.078125, 3.7734375, 2.453125, 6.453125, 2.103515625, 8.2265625, 2.236328125, 2.38671875, 0.08673095703125, 0.04638671875, 1.65625, 8.484375, 2.642578125, 1.251953125, 0.96826171875, 1.9599609375, 5.48828125, 1.44921875, 2.84375, 1.1630859375, 4.54296875, 0.011474609375, 0.036529541015625, 0.0161590576171875, 0.001434326171875, 0.2196044921875, 5.62109375, 4.51171875, 0.3828125, 1.373046875, 0.0506591796875, 1.537109375, 1.3525390625, 2.3828125, 3.849609375, 3.298828125, 9.6640625, 0.86865234375, 1.0341796875, 0.00048542022705078125, 2.458984375, 5.703125, 6.13671875, 8.09375, 8.234375, 6.9296875, 0.716796875, 9.9453125, 2.80078125, 8.40625, 1.1865234375, 8.84375, 7.984375, 0.417724609375, 8.9375, 5.6953125, 8.140625, 7.73828125, 2.7109375, 3.78515625, 6.26171875, 3.30078125, 4.87109375, 8.015625, 0.802734375, 1.7109375, 4.48828125, 2.521484375, 0.004825592041015625, 1.900390625, 1.318359375, 4.2109375, 10.46875, 8.65625, 2.16015625, 2.24609375, 3.138671875, 4.01171875, 4.0703125, 12.140625, 0.422119140625, 5.25390625, 3.94921875, 1.8037109375, 6.39453125, 4.77734375, 2.80078125, 2.99609375, 10.734375, 7.04296875, 4.78125, 7.25390625, 7.359375, 2.1796875, 8.9140625, 0.0262298583984375, 4.4921875, 2.501953125, 3.880859375, 0.5498046875, 1.830078125, 3.419921875, 2.712890625, 3.1484375, 2.40234375, 0.50390625, 11.3125, 9.484375, 7.21875, 0.01152801513671875, 6.171875, 0.53759765625, 1.65625, 7.76171875, 0.9755859375, 1.1025390625, 0.0029582977294921875, 1.4580078125, 4.76953125, 3.57421875, 0.02423095703125, 6.515625, 0.2900390625, 2.703125, 9.546875, 4.421875, 11.390625, 0.52099609375, 0.109130859375, 3.392578125, 2.818359375, 5.4921875, 0.779296875, 1.4228515625, 7.25, 8.546875, 1.9443359375, 1.298828125, 2.30078125, 8.859375, 2.837890625, 0.0011339187622070312, 8.625, 0.9638671875, 4.625, 6.69921875, 2.03125, 0.0017824172973632812, 2.013671875, 1.216796875, 6.66796875, 1.83203125, 3.826171875, 0.26953125, 9.03125, 4.14453125, 5.6640625, 3.3828125, 1.951171875, 3.220703125, 2.083984375, 3.171875, 2.515625, 8.6015625, 0.1881103515625, 0.028106689453125, 0.07489013671875, 0.00615692138671875, 1.8525390625, 1.29296875, 2.791015625, 0.00945281982421875, 0.0020618438720703125]",-0.5751295072630742
120,0,test,2.5647846598343307,1.006148642736426,1.2689883609235353,5.4368091487113155,2.1328255083006527,2.6899909525827024,12.997859107151147,8.245524388064819,9.34395469105145,27.55275341984644,17.47879388511657,19.807237287801772,2.5846392018112105,0.9336719124793489,1.3660953198472037,4.92312228916421,1.7784226904368547,2.602086323518483,13.258504582459715,8.046485662504375,9.876245404838134,25.254294442780406,15.326639357151189,18.811896009215488,2.5840990682908127,1.031600426576185,1.4463217279980147,5.06686091821728,2.022745934463108,2.835924956858853,13.251345153402251,8.528087975269077,10.13151881253835,25.983029712553435,16.721741127978586,19.865723161839902,0.5628140703517588,0.002814070351758735,-0.0021859296482411583,0.4723618090452262,-0.0026381909547738003,-0.007638190954773805,0.3467336683417085,-0.0182663316582915,-0.003266331658291488,0.3694581280788177,0.07917522524978948,0.10455099220393993,0.37037037037037035,0.38190954773869346,0.0786514023752849,0.11813659281381872,0.3737373737373737,0.3712374581939799,0.07073662346943899,0.12429641258775082,0.37583892617449666,22.0,9.0,10.0,33.0,11.0,12.0,42.0,12.0,12.0,0.00022912580985380584,0.00033347926087338395,5.849840417625675e-05,-0.04460483186806563,-0.045930194355532805,-0.0455672774807061,"[2.892578125, 2.212890625, 0.25, 0.0423583984375, 3.719329833984375e-05, 0.7880859375, 0.01218414306640625, 0.01407623291015625, 6.58203125, 3.919921875, 3.044921875, 6.41015625, 7.00390625, 3.130859375, 1.828125, 1.2939453125, 4.8125, 0.70166015625, 0.7978515625, 0.0018167495727539062, 0.168212890625, 0.1710205078125, 2.06640625, 3.48828125, 10.625, 2.29296875, 1.9931640625, 9.34375, 2.072265625, 5.04296875, 3.748046875, 3.974609375, 0.51611328125, 0.00742340087890625, 0.90673828125, 7.16015625, 4.76171875, 0.0034770965576171875, 5.78125, 0.271240234375, 2.255859375, 0.299072265625, 3.689453125, 7.75390625, 2.462890625, 4.5078125, 5.00390625, 4.671875, 5.890625, 3.263671875, 8.609375, 1.3564453125, 5.0078125, 4.46484375, 1.2978515625, 2.125, 0.7802734375, 7.104873657226562e-05, 0.001056671142578125, 0.0003898143768310547, 0.0004458427429199219, -0.0, 1.5497207641601562e-06, 7.43359375, 3.689453125, 0.11712646484375, 1.458984375, 0.03228759765625, 4.76837158203125e-07, 4.112720489501953e-05, 0.00011324882507324219, 0.00016224384307861328, 1.1920928955078125e-07, 7.009506225585938e-05, 10.7265625, 6.7890625, 0.33984375, 0.1964111328125, 2.7265625, 4.5234375, 9.53125, 0.28759765625, 4.3046875, 2.462890625, 5.1171875, 6.25, 0.50439453125, 8.4140625, 2.337890625, 0.0186614990234375, 1.19140625, 0.0016241073608398438, 0.0697021484375, 0.0196685791015625, 2.40625, 2.03125, 1.2353515625, 1.638671875, 5.5625, 8.6015625, 2.35546875, 7.0078125, 7.2578125, 0.303955078125, 4.40625, 6.44140625, 4.7109375, 0.8095703125, 0.0556640625, 6.65625, 3.958984375, 4.078125, 0.02020263671875, 5.91015625, 3.30859375, 4.0531158447265625e-06, 0.0002351999282836914, 6.556510925292969e-06, 5.638599395751953e-05, -0.0, 0.0003540515899658203, 10.015625, 0.65283203125, 0.20654296875, 0.408447265625, 6.875, 6.328125, 2.47265625, 4.46484375, 5.77734375, 7.53125, 0.0948486328125, 0.045135498046875, 2.517578125, 0.02606201171875, 0.0142059326171875, 0.0273590087890625, 9.4453125, 0.0023517608642578125, 2.91015625, 2.0078125, 0.08648681640625, 5.83984375, 1.3232421875, 0.271728515625, 1.6357421875, 1.59375, 5.44140625, 0.046600341796875, 4.42578125, 7.01171875, 0.04730224609375, 0.03973388671875, 6.96484375, 0.492919921875, 1.3876953125, 1.1563301086425781e-05, 0.0010318756103515625, 2.86102294921875e-06, 6.687641143798828e-05, -0.0, 4.76837158203125e-07, 3.916015625, 5.015625, 3.87109375, 2.48828125, 9.015625, 1.8271484375, 8.4296875, 0.291015625, 9.4140625, 0.0273895263671875, 2.12890625, 0.27734375, 7.748603820800781e-06, 8.547306060791016e-05, 5.125999450683594e-06, 5.328655242919922e-05, -0.0, 4.661083221435547e-05, 3.39453125, 0.09686279296875, 1.3798828125, 0.394287109375, 2.96875, 3.953125, 0.328369140625, 1.611328125, 0.032440185546875, 6.99609375, 5.125, 0.039398193359375, 0.0247650146484375, 1.5517578125, 2.40234375, 5.1640625, 0.42138671875, 0.01335906982421875, 4.7734375, 1.779296875, 3.54296875, 3.412109375, 0.6142578125, 1.7529296875, 9.375, 0.708984375, 0.0208587646484375, 0.203369140625, 7.640625, 3.61328125, 1.2783203125, 7.13671875, 0.397705078125, 0.63671875, 1.1682510375976562e-05, 7.56978988647461e-05, 2.1457672119140625e-06, 2.467632293701172e-05, -0.0, 6.4373016357421875e-06, 4.890625, 5.32421875, 7.06640625, 5.1328125, 6.48046875, 0.05096435546875, 2.84765625, 0.9716796875, 2.39453125, 7.09375, 1.22265625, 3.11328125, 0.22265625, -0.0, 1.3113021850585938e-05, 1.3113021850585938e-06, 2.4080276489257812e-05, 1.1920928955078125e-07, 1.7404556274414062e-05, 6.30859375, 6.0078125, 5.85546875, 5.99609375, 0.0789794921875, 1.4375, 0.0252532958984375, -0.0, 2.1219253540039062e-05, 2.7418136596679688e-06, 6.258487701416016e-05, 3.5762786865234375e-07, 0.0009126663208007812, 5.640625, 6.65234375, 0.303466796875, 0.438720703125, 1.52734375, 7.736682891845703e-05, 2.001953125, 8.609375, 1.4697265625, 0.404541015625, 0.3623046875, 1.1240234375, 1.1162109375, 1.734375, 0.06927490234375, 2.193359375, 8.3359375, 0.01226043701171875, 8.859375, 1.375, 6.9609375, 0.37158203125, 3.46484375, 2.33203125, 0.0745849609375, 1.5478515625, 1.5791015625, 1.6083984375, 3.42578125, 7.4375, 0.0178070068359375, 3.44140625, 6.71484375, 1.41796875, 7.2890625, 0.95556640625, 1.7822265625, 5.19921875, 7.01953125, 4.84375, 2.2578125, 0.1844482421875, 6.3046875, 0.1695556640625, 0.78759765625, 2.73046875, 10.0703125, 4.7109375, 0.1678466796875, 3.423828125, 10.9609375, 0.16650390625, 0.040863037109375, 10.1953125, 11.2890625, 1.365234375, 1.0830078125, -0.0, 0.00040435791015625, 1.430511474609375e-06, 6.401538848876953e-05, 1.1920928955078125e-07, 0.0009160041809082031, 8.40625, 5.9453125, 0.06640625, 3.46484375, 8.344650268554688e-07, 0.0015707015991210938, 1.1205673217773438e-05, 6.413459777832031e-05, 1.3113021850585938e-06, 0.002483367919921875, 8.03125, 8.515625, 1.294921875, 0.2509765625, 6.12890625, 0.327392578125, 0.09625244140625, 6.234375, 0.00885009765625, 3.767578125, 5.83203125, 2.962890625, 0.6796875, 0.52783203125, 4.265625, 6.703125, 2.771484375, 1.5380859375, 2.80078125, 0.005615234375, 1.083984375, 6.10546875, 0.437255859375, 0.0202178955078125, 0.00279998779296875, 0.2421875, 2.240234375, 8.1484375, 0.274169921875, 4.85546875, 0.333251953125, 0.5595703125, 0.58154296875, 1.4677734375, 1.849609375, -0.0, 0.0004074573516845703, 1.1920928955078125e-06, 2.4437904357910156e-05, -0.0, 4.684925079345703e-05, 3.05859375, 0.14990234375, 0.40478515625, 1.6103515625, 0.0296173095703125, -0.0, 0.00027942657470703125, 3.2186508178710938e-06, 2.3484230041503906e-05, 1.1920928955078125e-07, 0.00672149658203125, 11.140625, 13.140625, 7.28125, 1.740234375, 0.435546875, 2.609375, 0.01435089111328125, 3.03515625, 5.20703125, 0.01064300537109375, 1.6005859375, 0.022125244140625, 0.0606689453125, 2.05078125, 3.978515625, 0.09857177734375, 6.15625, 3.861328125, 6.1875, 2.537109375, 6.33984375, 9.0703125, 0.00811004638671875, 7.33984375, 2.3515625, 1.2392578125, 3.359375, 6.859375, 2.52734375]",-0.830659018067891
280,0,test,3.0192381140449283,1.358769777085638,1.746020574294925,6.118350252270939,2.7534858445703665,3.5382321690738423,20.475685602639555,15.213911051666425,16.903357403862767,41.49305600958174,30.830306522689106,34.2538935750235,2.534214885989625,1.0873272213620147,1.4900283175702211,5.171867114264542,2.2190351456367647,3.0408741174902474,12.606529398809045,8.356662499536828,9.765442844870565,25.727611017977644,17.054413264360875,19.9294751936134,2.9397899893215267,1.3419980690003122,1.8386055547543287,5.840642362890451,2.6662213291396935,3.6528587180549583,18.91187419964474,13.969766399834835,15.904147829531636,37.57325999929419,27.754502781128814,31.59764469443372,0.49246231155778897,-0.012537688442211037,0.0024623115577889765,0.4120603015075377,-0.0029396984924623393,0.00706030150753767,0.33668341708542715,-0.013316582914572828,-0.013316582914572828,0.4083769633507853,0.11687369537692915,0.16986278935274035,0.3989501312335958,0.36180904522613067,0.09614488482512817,0.1631446044915731,0.297979797979798,0.4147157190635451,0.14426496781145826,0.20670682028712684,0.3926174496644296,23.0,10.0,10.0,33.0,11.0,14.0,40.0,11.0,11.0,0.001404726659059952,-0.0005557650973369446,0.0003955993187977803,-0.09808647445421226,-0.08613245442140016,-0.09337768718838824,"[2.88671875, 4.2109375, 0.69482421875, 1.36328125, 2.955078125, 5.59765625, 1.1005859375, 4.140625, 6.30859375, 4.515625, 2.171875, 3.138671875, 10.1484375, 7.5390625, 1.0341796875, 0.0008320808410644531, 1.8720703125, 0.0071258544921875, 0.0004634857177734375, 4.8984375, 5.546875, 0.8466796875, 10.6328125, 3.61328125, 10.015625, 3.421875, 1.8994140625, 3.490234375, 4.61328125, 6.69921875, 0.02081298828125, 0.0072784423828125, 8.765625, 0.5400390625, 0.5263671875, 1.71875, 5.015625, 0.53759765625, 2.330078125, 5.71484375, 7.37890625, 3.572265625, 6.9453125, 5.7421875, 0.08441162109375, 3.37890625, 1.0859375, 0.5712890625, 6.1796875, 6.75390625, 8.078125, 2.31640625, 3.08203125, 6.81640625, 0.47119140625, 6.84375, 9.296875, 2.271484375, 1.287109375, 2.359375, 2.083984375, 5.171875, 10.09375, 10.7578125, 3.75, 3.72265625, 0.9873046875, 2.201171875, 6.01171875, 0.0204620361328125, 0.434814453125, 9.796875, 6.6484375, 10.7734375, 0.61865234375, 6.12109375, 7.83203125, 1.970703125, 7.83203125, 3.31640625, 1.9892578125, 6.26953125, 5.27734375, 6.6953125, 3.591796875, 0.392578125, 7.75, 3.689453125, 1.74609375, 1.900390625, 6.62109375, 0.0190887451171875, 0.0287933349609375, 0.00022542476654052734, 0.0029468536376953125, 2.3365020751953125e-05, -0.0, 0.0004379749298095703, 0.0001246929168701172, 0.31982421875, 0.124755859375, 0.0013141632080078125, 0.30078125, 0.0745849609375, 0.184326171875, 3.03125, 6.73046875, 3.18359375, 0.60302734375, 0.0138397216796875, 0.00763702392578125, 0.84912109375, 0.08477783203125, 8.344650268554688e-07, 0.1763916015625, 9.655952453613281e-06, 0.0008702278137207031, 9.441375732421875e-05, -0.0, 2.47955322265625e-05, 5.7816505432128906e-05, 4.601478576660156e-05, 0.011260986328125, 0.0014801025390625, 0.08184814453125, 0.00919342041015625, 0.07269287109375, 1.01171875, 7.86328125, 6.3125, 9.9140625, 6.85546875, 0.3701171875, 0.04071044921875, 1.1920928955078125e-07, 0.05535888671875, 2.6226043701171875e-06, 0.00017201900482177734, 3.600120544433594e-05, -0.0, 6.9141387939453125e-06, 0.00014209747314453125, 4.673004150390625e-05, 0.0008387565612792969, 0.00122833251953125, 0.08489990234375, 0.0142669677734375, 0.18603515625, 0.90478515625, 1.0224609375, 9.1484375, 3.103515625, 4.16015625, 2.083984375, 2.130859375, 2.6640625, 0.9140625, 8.702278137207031e-06, 0.301513671875, 1.4662742614746094e-05, 2.491474151611328e-05, 1.3232231140136719e-05, -0.0, 2.9802322387695312e-06, 4.839897155761719e-05, 4.7206878662109375e-05, 0.00048351287841796875, 0.000514984130859375, 0.0291748046875, 0.0025615692138671875, 0.185791015625, 2.921875, 3.3046875, 1.5244140625, 5.8671875, 0.83251953125, 2.876953125, 0.416015625, 1.7041015625, 9.2109375, 3.806640625, 2.83203125, 0.0170135498046875, 0.021697998046875, 12.1171875, 0.46484375, 0.43115234375, 0.412353515625, 1.728515625, 1.0251998901367188e-05, 0.75, 1.7881393432617188e-06, 2.2292137145996094e-05, 9.298324584960938e-06, -0.0, 1.6689300537109375e-06, 1.8835067749023438e-05, 4.7206878662109375e-05, 0.0005512237548828125, 0.00036406517028808594, 0.0770263671875, 0.0023822784423828125, 0.253173828125, 6.125, 2.3828125, 1.2421875, 4.1484375, 0.369140625, 0.0281982421875, 2.921875, 5.1484375, 2.708984375, 7.125, 2.3984375, 4.34765625, 1.767578125, 0.9736328125, 6.18359375, 5.1484375, 0.303466796875, 9.0625, 0.018585205078125, 4.67578125, 0.0440673828125, 3.6796875, 4.4140625, 1.09375, 12.921875, 3.498046875, 3.94921875, 7.4375, 6.09375, 0.0014896392822265625, 1.0625, 2.384185791015625e-07, 0.0001709461212158203, 1.3232231140136719e-05, -0.0, 8.463859558105469e-06, 1.7642974853515625e-05, 0.00012564659118652344, 0.00029778480529785156, 0.0010271072387695312, 0.041900634765625, 0.0017557144165039062, 0.29248046875, 12.21875, 3.892578125, 7.21484375, 3.5078125, 10.2109375, 5.74609375, 4.1875, 5.30078125, 5.97265625, 0.50927734375, 4.64453125, 6.2734375, 6.765625, 1.392578125, 0.0033969879150390625, 4.23828125, 0.07427978515625, 0.1483154296875, 5.9609375, 7.78515625, 1.9853515625, 1.259765625, 5.77734375, 2.1796875, 7.8359375, 5.94140625, 8.6640625, 5.0859375, 4.40234375, 6.53515625, 1.6630859375, 11.2578125, 1.068359375, 0.148193359375, 10.359375, 2.939453125, 9.7578125, 0.09783935546875, 7.328125, 1.037109375, 6.9765625, 10.0859375, 11.65625, 2.6953125, 8.390625, 7.0390625, 2.3125, 4.10546875, 7.93359375, 0.2431640625, 3.109375, 7.30078125, 8.0546875, 6.31640625, 0.12396240234375, 1.576171875, 1.279296875, 2.990234375, 2.142578125, 6.04296875, 8.6796875, 1.654296875, 2.978515625, 2.693359375, 5.3671875, 2.94921875, 6.12109375, 13.1640625, 2.7109375, 6.64453125, 7.71875, 5.546875, 1.53515625, 3.55078125, 0.00955963134765625, 4.59375, 1.5654296875, 3.984375, 6.83203125, 2.310546875, 5.59375, 2.63671875, 1.01953125, 0.00012600421905517578, 3.48046875, 1.9073486328125e-06, 6.198883056640625e-05, 4.887580871582031e-06, -0.0, 1.3113021850585938e-06, 2.014636993408203e-05, 0.0001289844512939453, 0.00049591064453125, 0.00051116943359375, 0.00470733642578125, 0.0008754730224609375, 0.1824951171875, 0.3896484375, 0.00780487060546875, 9.015625, 2.904296875, 0.1673583984375, 5.62109375, 0.333251953125, 7.08203125, 6.671875, 4.71484375, 14.59375, 0.002956390380859375, 0.81591796875, 3.23828125, 3.349609375, 3.84765625, 0.3935546875, 0.0733642578125, 2.69921875, 6.55859375, 8.1640625, 3.05859375, 2.931640625, 6.0703125, 0.48583984375, 6.66796875, 3.140625, 1.3974609375, 1.2001953125, 4.40234375, 0.331298828125, 4.46875, 3.91796875, 6.140625, 8.2421875, 4.36328125, 6.34375, 2.546875, 2.126953125]",-0.5794624093315366
319,0,test,3.7367231244022405,1.6501795520488098,2.275894684605538,6.096758781919445,2.6923982165006897,3.7133018538300884,41.960266063922624,33.90324758470163,37.65073782931611,68.46148673587375,55.31582500661845,61.430151195199954,3.53763755901375,1.4533619631886312,2.070471402889756,5.571082770100394,2.2887589971474505,3.2605848864405607,34.385589234728094,26.346823178448965,30.048661699881386,54.15053422791826,41.49106012354167,47.320727086427375,3.7453824975418804,1.6527099493114976,2.2777632709822315,6.040939512164323,2.665661208566932,3.6738117273906963,42.32519340548937,34.218642016420134,37.986300491801146,68.26644097659576,55.19135809100022,61.26822659967926,0.7236180904522613,0.013618090452261367,0.0036180904522613577,0.6080402010050252,0.013040201005025231,0.013040201005025231,0.5125628140703518,-0.0024371859296482556,0.007562814070351753,0.4239482200647249,0.09599991634905447,0.16560591651251821,0.43181818181818177,0.4170854271356784,0.08625835946650551,0.14997357404719758,0.40909090909090906,0.4247491638795987,0.09586769476440671,0.16668464775056646,0.4395973154362416,25.0,4.0,3.0,38.0,4.0,5.0,46.0,6.0,6.0,-0.0006210177422014872,0.0002469192358294831,-0.00017604458642876464,0.0004675458078473582,6.49105800478722e-05,-7.53513430460373e-05,"[1.88671875, 5.3046875, 0.005107879638671875, 0.057769775390625, 10.7578125, 2.375, 4.3828125, 1.900390625, 8.8203125, 4.36328125, 0.79833984375, 0.93896484375, 5.52734375, 6.8125, 5.8203125, 2.001953125, 6.08203125, 2.66015625, 3.3984375, 3.447265625, 4.32421875, 8.671875, 3.890625, 8.1328125, 1.046875, 1.0087890625, 4.64453125, 1.087890625, 12.0, 0.445068359375, 9.0703125, 7.3359375, 1.2197265625, 5.0546875, 3.578125, 2.50390625, 6.07421875, 7.5078125, 0.237548828125, 6.171875, 1.69140625, 9.1171875, 5.203125, 5.47265625, 4.94140625, 0.049591064453125, 6.41015625, 0.59130859375, 2.400390625, 2.08984375, 3.32421875, 2.20703125, 1.623046875, 4.66015625, 2.248046875, 1.6025390625, 3.064453125, 7.33984375, 3.4296875, 0.025543212890625, 5.1015625, 1.423828125, 3.615234375, 3.47265625, 5.2109375, 2.716796875, 2.3515625, 0.0021114349365234375, 4.73046875, 0.7861328125, 10.53125, 6.96484375, 1.8310546875, 4.0234375, 0.0016536712646484375, 0.08221435546875, 0.09228515625, 8.7738037109375e-05, 4.30078125, 0.76806640625, 3.1796875, 0.10211181640625, 0.0440673828125, 0.5615234375, 0.3037109375, 0.054840087890625, 0.00015878677368164062, 1.25, 0.416259765625, 10.2109375, 4.66796875, 3.0625, 7.05078125, 0.55126953125, 3.0234375, 0.10101318359375, 0.0155181884765625, 8.1953125, 3.11328125, 4.3046875, 1.8994140625, 9.5625, 0.004024505615234375, 3.115234375, 0.29150390625, 2.3125, 3.640625, 8.5625, 1.283203125, 6.26171875, 1.6689453125, 7.84765625, 0.024749755859375, 7.1484375, 0.007335662841796875, 3.1484375, 9.3203125, 0.61279296875, 1.2822265625, 0.55029296875, 4.1640625, 11.6953125, 7.23828125, 6.75, 3.966796875, 1.40234375, 5.38671875, 4.99609375, 8.0859375, 1.666015625, 0.051300048828125, 0.001895904541015625, 0.0245513916015625, 0.0120086669921875, 2.7060508728027344e-05, 5.73828125, 1.3994140625, 5.453125, 0.0186309814453125, 1.9755859375, 5.0, 0.0220489501953125, 7.265625, 3.267578125, 3.396484375, 2.078125, 0.00887298583984375, 9.015625, 2.73046875, 11.078125, 1.91796875, 0.020416259765625, 4.85546875, 7.84765625, 0.4716796875, 0.00510406494140625, 2.306640625, 7.2421875, 8.421875, 0.6279296875, 7.7109375, 1.029296875, 3.625, 3.216796875, 9.625, 6.01171875, 1.484375, 7.14453125, 3.611328125, 6.28515625, 0.85693359375, 8.09375, 6.8515625, 0.74365234375, 1.7822265625, 0.00789642333984375, 0.0007109642028808594, 0.01140594482421875, 0.007022857666015625, 1.9788742065429688e-05, 3.326171875, 0.7451171875, 1.6474609375, 0.00026035308837890625, 8.453125, 0.080078125, 5.63671875, 3.28515625, 7.640625, 9.1328125, 2.86328125, 5.48828125, 5.9296875, 0.6865234375, 6.29296875, 2.4453125, 2.099609375, 3.125, 3.326171875, 1.5419921875, 8.6796875, 1.359375, 5.8125, 7.25, 8.109375, 7.1015625, 2.177734375, 2.5390625, 6.203125, 6.42578125, 4.15625, 7.11328125, 6.1015625, 0.039886474609375, 1.185546875, 9.6484375, 2.98828125, 3.5703125, 11.8828125, 1.9267578125, 0.018341064453125, 7.87109375, 2.076171875, 2.841796875, 4.14453125, 1.888671875, 0.255615234375, 6.421875, 0.2012939453125, 7.92578125, 13.40625, 1.2197265625, 7.0390625, 4.6015625, 4.83203125, 1.373046875, 0.90185546875, 16.609375, 1.716796875, 1.2900390625, 3.8984375, 6.203125, 4.46875, 4.015625, 12.515625, 3.525390625, 4.21875, 4.5078125, 8.2578125, 5.078125, 7.77734375, 1.9892578125, 1.84375, 7.8359375, 6.78515625, 6.7890625, 1.267578125, 0.0235443115234375, 0.01800537109375, 0.005367279052734375, 0.007293701171875, 3.7550926208496094e-05, 4.74609375, 1.353515625, 2.6328125, 6.4609375, 0.009613037109375, 0.10943603515625, 3.390625, 0.0965576171875, 6.5859375, 8.1953125, 5.5859375, 3.361328125, 3.865234375, 4.47265625, 6.58984375, 11.0078125, 0.67578125, 0.0235137939453125, 3.3046875, 7.6328125, 7.55859375, 1.4072265625, 3.64453125, 0.97802734375, 8.953125, 1.6767578125, 8.4375, 2.01953125, 4.5, 6.234375, 1.7509765625, 2.302734375, 0.86962890625, 0.0211639404296875, 0.0016927719116210938, 0.004940032958984375, 0.0028400421142578125, 5.841255187988281e-05, 3.2890625, 2.076171875, 9.140625, 8.5078125, 0.005718231201171875, 0.0243988037109375, 1.4033203125, 4.69921875, 8.046875]",-0.8891451960628474
158,0,test,3.226169034739993,1.4326026204800764,1.9832111183907548,5.853468368420467,2.5992730179967856,3.5982812507329265,25.182996752509496,19.172145281264847,21.71714674022063,45.69130548509208,34.785389342654184,39.402966840041024,3.3604189618748035,1.3891854699532589,2.0049830685109145,5.333998352182228,2.205056301513109,3.182512807160182,28.801254979650118,21.62172806243903,24.922803800290886,45.716277745476376,34.32020327371274,39.56000603220775,3.2218195471077857,1.4375819388440618,1.9839337617657256,5.822565446580335,2.5980396485133643,3.5854224610223953,25.073701481112465,19.118663336497075,21.625386207299506,45.31391833935987,34.55180121053688,39.082023266203926,0.7085427135678393,-0.0014572864321606982,0.00854271356783931,0.5678391959798995,-0.007160804020100442,-0.007160804020100442,0.4824120603015075,-0.0025879396984924696,-0.007587939698492474,0.42715231788079466,0.10927152317880795,0.17549668874172186,0.3754152823920266,0.457286432160804,0.1306532663316583,0.19765494137353434,0.41414141414141414,0.4280936454849499,0.10869565217391308,0.17502787068004466,0.37583892617449666,21.0,-1.0,-1.0,34.0,1.0,-1.0,43.0,-2.0,0.0,0.001002466408357929,0.00029753724098359816,-3.9034076264329466e-05,-0.019330090036768333,-0.019186336333212317,-0.017819351589221988,"[4.4609375, 13.6171875, 3.021484375, 2.396484375, 4.35546875, 5.8125, 4.796875, 0.196533203125, 4.89453125, 4.40625, 2.6640625, 0.25830078125, 5.27734375, 6.90625, 4.3515625, 6.35546875, 2.12890625, 3.107421875, 0.06658935546875, 3.1015625, 1.3134765625, 10.375, 0.17138671875, 1.2607421875, 0.7705078125, 7.734375, 4.4921875, 2.642578125, 3.310546875, 0.93994140625, 2.771484375, 9.546875, 4.33203125, 3.23828125, 0.7158203125, 6.80859375, 8.6328125, 4.75390625, 6.4765625, 0.3369140625, 1.18359375, 0.6328125, 4.34765625, 5.2109375, 3.974609375, 3.669921875, 0.28857421875, 5.44140625, 0.08660888671875, 7.54296875, 0.5244140625, 0.73974609375, 0.900390625, 5.88671875, 4.3046875, 5.68359375, 1.7216796875, 8.046875, 3.84375, 3.328125, 4.04296875, 9.5546875, 1.7802734375, 2.267578125, 2.4609375, 4.88671875, 0.71875, 4.62890625, 4.125, 2.650390625, 1.4462890625, 4.80078125, 3.10546875, 6.625, 1.2041015625, 1.6640625, 1.2216796875, 3.5625, 1.208984375, 3.6328125, 0.7802734375, 1.9677734375, 12.421875, 6.20703125, 7.546875, 1.3251953125, 1.21875, 4.28125, 4.0625, 9.6171875, 2.6640625, 11.8984375, 4.46875, 1.1494140625, 2.962890625, 1.015625, 1.8837890625, 7.50390625, 7.30859375, 0.492431640625, 6.26171875, 0.658203125, 5.37109375, 0.1649169921875, 4.33203125, 2.009765625, 4.92578125, 2.822265625, 0.00936126708984375, 7.12109375, 5.2578125, 10.2109375, 0.200927734375, 1.515625, 0.37890625, 0.0004611015319824219, 0.04632568359375, 0.7568359375, 0.0001437664031982422, 0.00777435302734375, 0.7548828125, 7.375, 7.9921875, 0.12548828125, 0.99658203125, 8.5546875, 3.595703125, 2.861328125, 4.74609375, 0.061737060546875, 4.65625, 0.49609375, 4.31640625, 0.021209716796875, 6.80078125, 5.9609375, 4.5625, 1.3251953125, 0.0022373199462890625, 4.82421875, 5.3515625, 1.533203125, 9.140625, 2.8359375, 1.7236328125, 1.2421875, 3.58984375, 2.4557113647460938e-05, 0.04254150390625, 1.4619140625, 8.6875, 0.1634521484375, 9.5234375, 1.46484375, 3.3359375, 9.0546875, 0.5654296875, 5.53515625, 6.578125, 0.477783203125, 2.548828125, 0.80078125, 0.24267578125, 0.358154296875, 2.837890625, 4.65234375, 4.27734375, 0.005237579345703125, 7.1796875, 6.18359375, 3.51953125, 1.591796875, 2.5033950805664062e-05, 0.0811767578125, 0.395263671875, 3.0517578125e-05, 0.00460052490234375, 0.83154296875, 2.8371810913085938e-05, 0.00850677490234375, 0.75390625, 1.1920928955078125e-05, 0.006168365478515625, 0.75244140625, 5.03515625, 0.0653076171875, 7.8203125, 4.45703125, 0.07568359375, 4.8828125, 0.11737060546875, 2.33203125, 3.810546875, 1.0537109375, 6.41796875, 9.0390625, 3.986328125, 2.435546875, 0.0026092529296875, 3.900390625, 4.6796875, 1.2099609375, 2.21484375, 2.26171875, 4.410743713378906e-06, 0.51708984375, 0.36474609375, 4.673004150390625e-05, 0.031219482421875, 0.39111328125, 3.421306610107422e-05, 0.0095062255859375, 1.34375, 0.93505859375, 0.0012750625610351562, 6.41796875, 1.125, 2.2890625, 0.031524658203125, 0.045745849609375, 5.15234375, 6.53515625, 3.76953125, 3.80078125, 0.251220703125, 12.7265625, 0.806640625, 15.203125, 4.58203125, 4.80859375, 2.375, 3.96875, 2.0623207092285156e-05, 1.53125, 0.3896484375, 0.00017011165618896484, 0.011138916015625, 2.50390625, 3.03125, 7.0546875, 2.099609375, 14.8515625, 0.001384735107421875, 0.222412109375, 1.6513671875, 0.06634521484375, 4.171875, 0.5263671875, 3.208984375, 1.318359375, 0.5556640625, 2.658367156982422e-05, 0.0643310546875, 1.9296875, 7.8359375, 2.216796875, 2.91796875, 0.10223388671875, 6.2421875, 4.27734375, 0.1285400390625, 2.283203125, 6.49609375, 0.1422119140625, 1.8525390625, 2.126953125, 10.8984375, 6.578125, 2.623046875, 0.740234375, 0.365478515625, 2.482421875, 5.16015625, 0.7958984375, 0.0310516357421875, 0.38671875, 7.98046875, 3.720703125, 6.92578125, 2.4609375, 3.505859375, 9.90625, 2.7890625, 3.603515625, 1.3916015625, 2.7179718017578125e-05, 1.0654296875, 0.89208984375, 6.4140625, 4.9453125, 4.0390625, 0.2452392578125, 1.490234375, 6.3203125, 3.77734375, 2.46484375, 7.48046875, 2.091796875, 6.71484375, 7.625, 0.24072265625, 3.11328125]",-0.40232642004821484
358,0,test,3.4282190606039777,1.4008371888069897,1.9305346512955674,6.359079915524477,2.598444111880323,3.5809917366000685,30.821702257552104,23.227524480027082,26.350378938657407,57.17186221867178,43.08525266243365,48.87790497429716,3.3908776572002237,1.3370926187278065,1.9157145514680112,5.846340788276248,2.305332101254839,3.302956123220709,29.69200023590066,21.8946416113052,25.32025146383509,51.19310385500114,37.74938208845724,43.655605972129464,3.329009946373394,1.41313319601643,1.9527684045628861,6.32090496146847,2.6831642962337274,3.7077881099295307,27.910694934861798,21.11780307755699,23.950704769334877,52.994990382648986,40.09709445105757,45.47602171392698,0.5829145728643217,0.0029145728643216184,-0.0070854271356783904,0.5226130653266332,-0.017386934673366827,-0.012386934673366712,0.4522613065326633,0.002261306532663321,-0.007738693467336688,0.43137254901960786,0.11668723433429318,0.17428554999712498,0.4213483146067416,0.42211055276381915,0.08877721943048578,0.1683542923297624,0.4040404040404041,0.4180602006688964,0.11755936594435545,0.16889446095810656,0.3959731543624161,22.0,5.0,4.0,36.0,6.0,6.0,45.0,5.0,6.0,0.0006417410253332386,-0.00033196292758954136,0.00021447419318365243,-0.02076624403217142,-0.02171026098854867,-0.0228044246433754,"[2.88671875, 2.212890625, 0.2330322265625, 0.0401611328125, 3.814697265625e-05, 1.2705078125, 0.01294708251953125, 0.01422119140625, 5.5859375, 14.3671875, 5.41796875, 6.671875, 8.7265625, 6.52734375, 12.0234375, 12.5703125, 7.05078125, 0.52001953125, 6.27734375, 5.2890625, 0.7373046875, 3.994140625, 2.17578125, 0.393310546875, 11.8125, 4.82421875, 6.5546875, 0.280517578125, 5.61328125, 7.93359375, 8.9921875, 2.373046875, 1.2509765625, 0.0272369384765625, 4.4765625, 5.01171875, 3.85546875, 0.002285003662109375, 5.796875, 5.05078125, 5.7109375, 7.16015625, 0.233642578125, 2.8515625, 0.0005536079406738281, 4.5180320739746094e-05, 0.0032558441162109375, 0.01248931884765625, 9.417533874511719e-06, 8.463859558105469e-06, 3.94921875, 4.56640625, 0.338623046875, 0.19482421875, 9.015625, 0.1800537109375, 2.5546875, 2.208984375, 6.75, 0.54931640625, 14.7578125, 5.90234375, 4.01953125, 6.5390625, 0.77294921875, 10.875, 9.2421875, 0.73388671875, 4.58984375, 0.94775390625, 6.2890625, 9.5625, 6.625, 0.034210205078125, 3.072265625, 7.125, 6.453125, 9.65625, 1.7607421875, 0.00144195556640625, 0.0002218484878540039, 0.0008492469787597656, 0.0004863739013671875, 6.198883056640625e-06, -0.0, 8.21875, 0.056365966796875, 1.8984375, 0.06781005859375, 4.76837158203125e-07, 2.2292137145996094e-05, 0.0007948875427246094, 0.00043201446533203125, 0.0003840923309326172, -0.0, 3.474609375, 10.015625, 0.63916015625, 0.1163330078125, 0.2880859375, 4.82421875, 0.0361328125, 2.283203125, 7.171875, 7.890625, 1.3828125, 0.51904296875, 5.6328125, 4.44921875, 3.94140625, 8.671875, 0.30712890625, 5.21484375, 1.462890625, 6.9921875, 9.4375, 1.47265625, 3.533203125, 6.091594696044922e-05, 2.47955322265625e-05, 9.59634780883789e-05, 0.00015783309936523438, 1.6927719116210938e-05, -0.0, 6.7421875, 9.5859375, 0.169677734375, 1.150390625, 3.337860107421875e-06, 6.318092346191406e-05, 3.5881996154785156e-05, 0.0001494884490966797, 9.5367431640625e-07, 8.344650268554688e-07, 11.9453125, 0.31787109375, 0.81640625, 3.154296875, 4.9140625, 11.578125, 0.056182861328125, 3.1796875, 4.203125, 6.94140625, 6.7890625, 5.64453125, 2.49609375, 9.1796875, 8.671875, 0.6318359375, 8.5703125, 0.96044921875, 7.09765625, 2.130859375, 1.1920928955078125e-06, 1.3947486877441406e-05, 0.00020420551300048828, 5.6624412536621094e-05, 1.9073486328125e-05, -0.0, 4.78125, 0.08331298828125, 1.6416015625, 5.61328125, 4.265625, 6.96484375, 2.759765625, 2.908203125, 5.9609375, 8.6640625, 0.490478515625, 6.56640625, 2.34375, 4.5234375, 1.45703125, 6.45703125, 2.107421875, 0.75732421875, 8.25, 4.40234375, 7.7734375, 0.13232421875, 0.412841796875, 2.818359375, 3.03515625, 2.162109375, 8.828125, 2.658203125, 1.3115234375, 7.748603820800781e-06, 4.291534423828125e-05, 9.500980377197266e-05, 0.00016033649444580078, 1.7523765563964844e-05, -0.0, 6.6328125, 4.421875, 3.138671875, 0.0804443359375, 0.51513671875, 4.5390625, 0.025604248046875, 6.52734375, 4.8828125, 0.005130767822265625, 8.21875, 0.607421875, 4.34765625, 4.64453125, 6.87890625, 2.779296875, 0.44873046875, 0.033233642578125, 5.30859375, 6.73828125, 4.21484375, 9.390625, 1.1044921875, 2.23046875, 1.5830078125, 4.31640625, 6.70703125, 2.1953125, 0.0697021484375, 0.81640625, 10.09375, 0.74658203125, 1.5849609375, 6.81640625, 6.20703125, 1.2451171875, 2.9802322387695312e-06, 2.9206275939941406e-05, 0.00017821788787841797, 0.00017821788787841797, 6.67572021484375e-06, -0.0, 6.28125, 5.4921875, 2.01171875, 0.67529296875, 4.51953125, 0.478271484375, 8.71875, 3.66015625, 1.0908203125, 6.453125, 2.845703125, 11.484375, 10.4375, 0.0036411285400390625, 3.546875, 11.0078125, 0.1519775390625, 0.7333984375, 0.314697265625, 2.86102294921875e-06, 0.0005221366882324219, 0.00021255016326904297, 0.00016224384307861328, 7.152557373046875e-06, -0.0, 7.62890625, 2.912109375, 0.6162109375, 0.135009765625, 0.4541015625, 4.8203125, 0.284423828125, 9.8359375, 1.578125, 5.92578125, 3.548828125, 3.17578125, 0.038421630859375, 7.45703125, 7.1796875, 6.11328125, 0.120361328125, 0.4443359375, 6.96875, 1.5712890625, 2.18359375, 9.234375, 1.5859375, 1.7881393432617188e-06, 7.49826431274414e-05, 0.0001074075698852539, 0.00016963481903076172, 2.2649765014648438e-06, -0.0, 7.0546875, 5.44140625, 5.203125, 0.552734375, 0.468505859375, 11.5234375, 1.73828125, 2.05078125, 1.1044921875, 4.4609375, 6.29296875, 4.0625, 4.04296875, 2.955078125, 0.10064697265625, 3.548828125, 0.3974609375, 6.234375, 4.37109375, 2.509765625, 10.9453125, 0.054718017578125, 0.47216796875, 1.8671875, 8.09375, 0.72314453125, 3.5625, 0.435546875, 11.09375, 4.796875, 3.91796875, 7.40234375, 9.359375, 7.0390625, 4.10546875, 5.0859375, 0.49853515625, 8.2421875, 7.25390625, 1.923828125, 2.408203125, 9.47713851928711e-05, 1.796875, 9.71875, 0.69873046875, 1.3701171875, 2.9140625, 3.58203125, 0.20947265625, 1.8056640625, 8.328125, 0.06390380859375, 5.55078125, 1.8232421875, 7.2109375, 1.322265625, 0.0093231201171875, 0.00583648681640625, 9.8984375, 1.2724609375, 7.6171875, 8.6796875, 7.73828125, 9.5703125, 2.642578125, 1.67578125]",-0.7210405066567644
152,0,test,2.891500083196585,1.2710429465847077,1.758277514460228,5.214728473741817,2.2922855452857154,3.1709975983328964,18.020321317780105,12.964920520567002,14.914672760401182,32.4990765962277,23.381821979288468,26.89813815748652,2.8745936329041295,1.1631698498288876,1.6606969708575345,4.751394434552281,1.9225947931056,2.7449536708389006,17.71822255567712,12.181383429577092,14.35164501404352,29.28631827384648,20.134518065416685,23.7217272959397,2.8797334109660375,1.2597280294407782,1.7355291755178472,5.267805020059825,2.30438054165996,3.17474849180094,17.809524722705895,12.756407212735681,14.669583014606806,32.57839888299859,23.334891242809178,26.834603075500258,0.6030150753768844,0.0030150753768843908,0.013015075376884289,0.4824120603015075,0.007412060301507539,-0.007587939698492474,0.38190954773869346,0.01190954773869346,-0.0030904522613065533,0.37299035369774924,0.08727606798346355,0.1398352734838455,0.34838709677419355,0.39698492462311563,0.11377690457299028,0.15825370592528587,0.3434343434343434,0.38795986622073575,0.09580627690520982,0.14880524998046873,0.35906040268456374,22.0,5.0,5.0,31.0,6.0,6.0,41.0,9.0,10.0,3.007130220743233e-05,6.959366884483154e-05,-0.00014894783740437275,-0.032970409332093276,-0.029218727804238398,-0.030061656256117786,"[2.88671875, 4.2109375, 10.8359375, 5.1796875, 10.65625, 6.46875, 8.1171875, 0.143310546875, 3.898143768310547e-05, 1.2802734375, 0.01377105712890625, 0.0192413330078125, 5.12890625, 1.966796875, 0.06866455078125, 1.0498046875, 2.58203125, 3.125, 0.0035114288330078125, 1.2353515625, 3.19921875, 7.5625, 0.0670166015625, 10.84375, 1.4267578125, 3.201171875, 0.08270263671875, 8.265625, 12.28125, 0.015533447265625, 5.64453125, 3.521484375, 3.4140625, 10.328125, 0.8701171875, 3.8359375, 1.2470703125, 3.69140625, 2.62890625, 4.38671875, 0.2449951171875, 0.201904296875, 1.7548828125, 0.1573486328125, 1.3662109375, 0.10858154296875, 2.220703125, 0.01361083984375, 0.0262451171875, 0.037322998046875, 0.037811279296875, 0.0576171875, 2.564453125, 0.3857421875, 6.171875, 0.7607421875, 0.8818359375, 4.05859375, 4.015625, 8.21875, 0.1455078125, 4.6640625, 2.578125, 3.46875, 7.33984375, 7.3046875, 7.0234375, 5.29296875, 4.578125, 4.28125, 6.0546875, 0.10797119140625, 3.29296875, 2.251953125, 4.6875, 0.4736328125, 0.69970703125, 0.01031494140625, 0.005771636962890625, 0.044769287109375, 0.020416259765625, 0.007106781005859375, 2.06640625, 1.283203125, 0.012542724609375, 0.0020542144775390625, 0.004329681396484375, 0.024566650390625, 0.011474609375, 4.1640625, 0.3525390625, 3.51171875, 12.8359375, 1.1123046875, 2.375, 2.33203125, 1.697265625, 1.673828125, 0.104736328125, 2.8125, 2.119140625, 10.0625, 5.2265625, 9.3984375, 1.2705078125, 0.2384033203125, 4.8359375, 1.5166015625, 0.195068359375, 3.40234375, 0.0023174285888671875, 6.703125, 1.5595703125, 2.37890625, 2.0703125, 3.931640625, 0.19677734375, 0.60205078125, 1.8095703125, 4.50390625, 4.67578125, 0.350341796875, 8.359375, 0.91552734375, 0.000743865966796875, 5.80078125, 0.52880859375, 1.0576171875, 7.27734375, 3.07421875, 0.4091796875, 0.004901885986328125, 0.005107879638671875, 0.0005125999450683594, 0.0189208984375, 0.0012292861938476562, 1.9638671875, 2.685546875, 0.0033435821533203125, 0.0006742477416992188, 0.0024547576904296875, 0.0019474029541015625, 0.04638671875, 0.004207611083984375, 1.2578125, 0.33203125, 7.046875, 0.6630859375, 7.31640625, 6.57421875, 0.85009765625, 5.37890625, 6.828125, 2.240234375, 4.29296875, 7.1640625, 1.8037109375, 1.6220703125, 6.8359375, 0.0241851806640625, 3.41796875, 0.9365234375, 4.6640625, 1.466796875, 2.716796875, 4.5625, 8.6328125, 0.01122283935546875, 0.16064453125, 9.359375, 8.296875, 7.79296875, 2.66796875, 5.5859375, 0.360595703125, 0.046600341796875, 0.90576171875, 0.00930023193359375, 0.00453948974609375, 0.00028252601623535156, 0.0178070068359375, 0.005840301513671875, 0.41748046875, 0.30810546875, 1.4130859375, 0.00012111663818359375, 7.5234375, 12.09375, 2.08984375, 6.7421875, 5.30078125, 4.578125, 0.1728515625, 4.5703125, 2.09765625, 9.78125, 0.73681640625, 2.91796875, 3.083984375, 7.55078125, 0.7822265625, 0.00281524658203125, 9.046875, 1.5048828125, 2.2734375, 2.4453125, 0.063720703125, 1.58984375, 4.69921875, 4.2421875, 0.06243896484375, 3.60546875, 4.37890625, 0.681640625, 1.69921875, 6.578125, 3.615234375, 5.4609375, 6.8125, 0.0338134765625, 1.5634765625, 10.40625, 3.6484375, 4.5625, 0.8203125, 0.271728515625, 2.55859375, 0.8466796875, 2.486328125, 5.46875, 6.078125, 0.79345703125, 0.00885009765625, 0.0057373046875, 0.0003535747528076172, 0.01160430908203125, 0.0081634521484375, 1.3642578125, 2.322265625, 0.002239227294921875, 0.00016880035400390625, 0.00197601318359375, 0.0007839202880859375, 0.0177001953125, 0.005279541015625, 0.53564453125, 0.389404296875, 1.87109375, 0.720703125, 0.00321197509765625, 1.2802734375, 4.14453125, 5.25390625, 13.53125, 2.8125, 0.60595703125, 0.005035400390625, 4.21875, 1.8486328125, 1.8935546875, 8.53125, 1.7958984375, 10.203125, 2.505859375, 2.517578125, 9.6953125, 1.4423828125, 5.03515625, 2.876953125, 0.0028476715087890625, 0.003589630126953125, 0.0005793571472167969, 0.0318603515625, 0.0026073455810546875, 0.26953125, 0.40576171875, 1.2578125, 10.2578125, 4.69921875, 7.7109375, 9.3046875, 1.373046875, 5.69140625, 10.078125, 0.063232421875, 1.1708984375, 4.171875, 2.119140625, 6.85546875, 0.11285400390625, 8.4296875, 1.86328125, 1.384765625, 6.24609375, 1.97265625, 0.0748291015625, 2.2890625, 7.71875, 3.99609375, 9.171875, 2.0625, 2.546875, 0.244384765625, 3.630859375, 0.28515625, 1.623046875, 1.96875, 2.017578125, 3.80859375, 0.0921630859375, 7.76953125]",-0.4979852759953096
138,0,test,3.2253790497779846,1.31259449416359,1.855168239515633,5.740406761212009,2.3361056771125805,3.301757759614133,25.16311041976283,18.391191064704422,21.22693002452826,44.784345330411234,32.73194124015847,37.77888141270209,3.2047489114742183,1.2129561987953568,1.7947507485672456,5.478203267477297,2.073429399650183,3.0679499975508477,24.649310080448178,17.320649905582663,20.5533622010212,42.13557278709091,29.607948556551566,35.13395248037813,3.2253790497779846,1.31259449416359,1.855168239515633,5.740406761212009,2.3361056771125805,3.301757759614133,25.16311041976283,18.391191064704422,21.22693002452826,44.784345330411234,32.73194124015847,37.77888141270209,0.6934673366834171,0.0034673366834171437,-0.0015326633165829717,0.5376884422110553,0.01268844221105525,-0.0023115577889447625,0.457286432160804,-0.007713567839195967,-0.007713567839195967,0.44630872483221473,0.11073825503355705,0.17114093959731536,0.4006734006734006,0.44723618090452266,0.13567839195979903,0.17755443886097155,0.36868686868686873,0.44630872483221473,0.11073825503355705,0.17114093959731536,0.4006734006734006,24.0,9.0,8.0,33.0,7.0,5.0,45.0,10.0,11.0,0.00045583916611011675,0.000443278846564233,-7.993900972354611e-05,0.0005109839999661858,0.00010751935559483172,-3.6801216390713876e-05,"[5.47265625, 9.609375, 5.2109375, 3.4375, 7.5234375, 1.228515625, 3.42578125, 5.53515625, 2.35546875, 4.48828125, 3.49609375, 1.9443359375, 0.02569580078125, 9.9609375, 0.1923828125, 7.43359375, 4.8046875, 1.759765625, 5.81640625, 0.0186920166015625, 8.0234375, 2.478515625, 3.431640625, 0.0166778564453125, 3.39453125, 0.035919189453125, 9.3046875, 1.1728515625, 4.71484375, 9.2265625, 2.806640625, 1.22265625, 1.6962890625, 4.0625, 10.203125, 6.78515625, 0.63623046875, 0.5068359375, 4.171875, 6.92578125, 0.1728515625, 1.591796875, 0.6064453125, 8.171875, 10.921875, 5.03515625, 1.1923828125, 10.9609375, 3.267578125, 0.1878662109375, 3.107421875, 5.37109375, 6.18359375, 4.12109375, 6.65625, 3.119140625, 0.5712890625, 6.7109375, 0.06805419921875, 7.35546875, 0.68310546875, 1.5341796875, 0.9248046875, 6.796875, 2.58984375, 1.0302734375, 1.09765625, 4.32421875, 3.42578125, 4.1875, 2.083984375, 6.375, 0.018280029296875, 5.7890625, 7.4453125, 7.5078125, 3.439453125, 4.02734375, 2.6484375, 1.7109375, 1.8564453125, 0.03717041015625, 9.2734375, 2.45703125, 3.421306610107422e-05, 0.1650390625, 1.70703125, 5.9485435485839844e-05, 0.00322723388671875, 0.5126953125, 4.0546875, 5.41796875, 6.60546875, 1.1533203125, 6.5078125, 7.0625, 5.71484375, 8.5078125, 1.900390625, 4.953125, 4.05078125, 0.009613037109375, 0.048309326171875, 6.265625, 1.3818359375, 0.7177734375, 0.72802734375, 4.55859375, 1.7216796875, 1.8935546875, 2.1484375, 0.666015625, 3.529296875, 4.08203125, 3.474609375, 3.314018249511719e-05, 0.212646484375, 0.79833984375, 1.7642974853515625e-05, 0.01116943359375, 0.9462890625, 1.9345703125, 4.71484375, 2.541015625, 0.00736236572265625, 1.41015625, 0.056243896484375, 0.0018672943115234375, 1.556640625, 3.783203125, 0.1890869140625, 0.003631591796875, 1.201171875, 4.0703125, 2.181640625, 5.98046875, 0.62060546875, 1.9130859375, 0.19189453125, 4.234375, 12.765625, 4.171875, 1.5556640625, 6.98046875, 4.90234375, 0.1085205078125, 8.0859375, 0.1661376953125, 5.70703125, 0.03375244140625, 0.0199127197265625, 0.280517578125, 0.001590728759765625, 2.51953125, 8.344650268554688e-06, 0.254638671875, 0.39013671875, 7.2265625, 4.26171875, 1.330078125, 3.609375, 0.019378662109375, 1.2431640625, 4.5078125, 0.170654296875, 1.076171875, 0.00786590576171875, 0.0013971328735351562, 0.334716796875, 6.17578125, 3.25390625, 1.6318359375, 6.8984375, 0.050994873046875, 5.02734375, 4.2421875, 12.5390625, 0.82861328125, 0.44091796875, 4.1640625, 5.28515625, 2.626953125, 3.158203125, 7.6015625, 0.03338623046875, 1.2421875, 7.03515625, 1.7392578125, 0.9619140625, 4.375, 1.353515625, 3.84375, 11.0078125, 0.82568359375, 4.62890625, 1.9130859375, 0.8056640625, 0.0078125, 2.48828125, 4.46484375, 4.267692565917969e-05, 0.76123046875, 2.51171875, 7.78125, 3.623046875, 6.26171875, 2.3515625, 8.359375, 9.15625, 3.9921875, 1.177734375, 4.296875, 6.14453125, 1.7109375, 6.62109375, 2.349609375, 9.1796875, 7.6015625, 4.08203125, 7.70703125, 8.4140625, 5.3828125, 2.921875, 0.00014710426330566406, 6.02734375, 1.390625, 2.586841583251953e-05, 0.00925445556640625, 0.39013671875, 5.4453125, 0.05743408203125, 5.8046875, 2.251953125, 2.431640625, 0.06982421875, 0.0178680419921875, 0.1708984375, 1.0849609375, 1.8134765625, 1.55078125, 0.33837890625, 0.09930419921875, 0.0023365020751953125, 3.056640625, 2.326171875, 3.384765625, 0.587890625, 5.1796875, 3.107421875, 4.84765625, 0.04779052734375, 0.0323486328125, 4.640625, 6.08984375, 2.228515625, 1.853515625, 4.29296875, 2.029296875, 3.751953125, 2.962890625, 2.486328125, 0.65283203125, 8.3046875, 0.0033397674560546875, 1.49609375, 6.02734375, 4.3984375, 10.2734375, 4.09765625, 2.919921875, 2.875, 0.08319091796875, 0.002178192138671875, 0.32470703125, 5.16015625, 1.38671875, 0.2548828125, 0.0205230712890625, 4.76953125, 6.9141387939453125e-06, 0.5498046875, 0.7890625, 4.32421875, 0.032073974609375, 5.7890625, 6.89453125, 9.265625, 0.1329345703125, 5.6953125, 0.2330322265625, 5.32421875, 8.484375, 5.1015625, 6.88671875, 4.66015625, 5.15234375, 2.849609375, 0.0164947509765625]",-0.6852206587791443
196,0,test,3.1853364701133695,1.4180588457853358,1.970905734313948,4.950459227437339,2.203862155233261,3.0630636889974734,24.175421344283475,18.320528915580525,20.807045321730055,37.57199240767623,28.472669142685657,32.337064066892566,3.1823390404782703,1.3755208211236933,1.92881799410248,4.5139560857847805,1.9510933632960188,2.7359120483723114,24.10306571453331,18.012029488201687,20.600411436004027,34.188745694373495,25.548977997449203,29.220441753197203,3.1853364701133695,1.4180588457853358,1.970905734313948,4.950459227437339,2.203862155233261,3.0630636889974734,24.175421344283475,18.320528915580525,20.807045321730055,37.57199240767623,28.472669142685657,32.337064066892566,0.7386934673366834,-0.0063065326633166,-0.0013065326633165952,0.5778894472361809,-0.002110552763819218,-0.007110552763819111,0.4723618090452262,0.002361809045226204,-0.0026381909547738003,0.4403292181069959,0.09741340701870016,0.16399542877731055,0.4173553719008265,0.4371859296482412,0.08881500232994544,0.16172683115074538,0.4242424242424242,0.4403292181069959,0.09741340701870016,0.16399542877731055,0.4173553719008265,26.0,2.0,0.0,38.0,0.0,0.0,47.0,0.0,0.0,1.3035172325687526e-05,9.114620861966446e-05,5.770521096448834e-05,3.793101625682027e-06,-7.384872300431056e-05,-9.33731963588258e-05,"[7.71484375, 3.794921875, 3.767578125, 1.2666015625, 5.01953125, 4.4609375, 1.9912109375, 2.888671875, 6.296875, 1.20703125, 4.2890625, 2.48828125, 2.798828125, 1.8779296875, 0.164306640625, 1.349609375, 4.95703125, 3.2734375, 3.30078125, 0.80810546875, 0.57958984375, 5.81640625, 2.521484375, 3.673828125, 1.791015625, 5.49609375, 2.189453125, 1.9443359375, 1.6982421875, 0.027069091796875, 0.1280517578125, 1.5849609375, 7.88671875, 3.048828125, 6.1015625, 9.0390625, 5.87109375, 6.3359375, 0.90625, 1.5009765625, 7.26171875, 5.52734375, 4.22265625, 2.189453125, 0.83642578125, 0.364990234375, 8.59375, 4.16015625, 0.494140625, 4.3515625, 0.248291015625, 0.94873046875, 4.7421875, 2.1875, 0.81787109375, 6.73046875, 0.307373046875, 4.8515625, 0.07574462890625, 1.3486328125, 6.828125, 5.16015625, 2.923828125, 5.95703125, 0.270751953125, 1.90625, 0.3330078125, 0.82568359375, 2.0625, 2.958984375, 3.21484375, 0.377197265625, 4.62109375, 0.01061248779296875, 0.448486328125, 4.71484375, 4.14453125, 8.4453125, 6.2578125, 0.423095703125, 6.83203125, 4.7265625, 6.00390625, 5.79296875, 5.3203125, 6.10546875, 0.99560546875, 0.0173187255859375, 3.626953125, 3.064453125, 0.95361328125, 1.6875, 3.91015625, 3.1484375, 6.7421875, 3.251953125, 2.220703125, 3.80078125, 1.07421875, 5.3828125, 1.1552734375, 2.154296875, 1.5361328125, 0.07830810546875, 6.47265625, 1.876953125, 1.6220703125, 9.2734375, 4.828125, 1.421875, 2.080078125, 5.33203125, 0.42724609375, 3.708984375, 6.03125, 0.40966796875, 3.162109375, 0.2279052734375, 4.1484375, 5.5859375, 4.86328125, 0.51708984375, 0.06866455078125, 8.765625, 0.07537841796875, 8.078125, 0.70654296875, 8.1796875, 4.3671875, 1.1533203125, 0.87890625, 0.334716796875, 0.03314208984375, 0.83935546875, 0.08056640625, 3.419921875, 6.28125, 1.3564453125, 1.564453125, 4.42578125, 0.7373046875, 4.71875, 0.37744140625, 2.80859375, 0.1427001953125, 6.3984375, 4.68359375, 0.461669921875, 3.80859375, 0.10064697265625, 3.419921875, 8.3125, 6.39453125, 1.0283203125, 9.4765625, 4.19140625, 7.3984375, 2.84765625, 3.087890625, 2.095703125, 4.47265625, 2.94921875, 1.3291015625, 3.638671875, 10.3203125, 0.51611328125, 0.369384765625, 0.4609375, 1.1015625, 5.83203125, 6.1171875, 4.3203125, 8.2890625, 1.9833984375, 5.76171875, 4.40234375, 2.59375, 1.259765625, 0.25830078125, 1.4384765625, 2.333984375, 8.546875, 1.943359375, 3.2578125, 3.078125, 3.8203125, 0.337890625, 5.25, 2.47265625, 7.1796875, 0.15673828125, 0.031982421875, 0.003124237060546875, 0.0163116455078125, 2.650390625, 0.163818359375, 4.5703125, 1.462890625, 1.8408203125, 4.609375, 1.7685546875, 4.69140625, 1.2216796875, 1.345703125, 1.8720703125, 2.97265625, 0.86279296875, 1.2890625, 2.529296875, 4.48046875, 1.1328125, 6.7109375, 0.37158203125, 0.33251953125, 7.9765625, 4.87890625, 0.9404296875, 1.1611328125, 0.78955078125, 2.640625, 1.384765625, 7.7421875, 6.84765625, 7.1171875, 3.013671875, 2.564453125, 1.44921875, 4.05859375, 0.2158203125, 4.6171875, 2.609375, 0.703125, 8.109375, 0.32958984375, 7.69921875, 3.2578125, 4.18359375, 3.884765625, 2.98046875, 5.8203125, 5.3984375, 0.258544921875, 0.0098114013671875]",-0.5298367743629488
101,0,test,3.6274111439398236,1.6701505058323354,2.281868243649295,5.691628535242596,2.6205676445104045,3.5803899513613247,37.61530983330916,30.535403781440667,33.775038974383904,59.020707141766856,47.91190427585165,52.995088777486345,3.6367521154221576,1.5772857767267174,2.2394961058553937,5.5950032544956265,2.426593502656488,3.4453786243929128,37.96831952973371,30.126535692854407,33.9242317399767,58.412799276513404,46.34851645054524,52.191125753810304,3.6274111439398236,1.6701505058323354,2.281868243649295,5.691628535242596,2.6205676445104045,3.5803899513613247,37.61530983330916,30.535403781440667,33.775038974383904,59.020707141766856,47.91190427585165,52.995088777486345,0.7587939698492463,-0.001206030150753712,-0.001206030150753712,0.6381909547738693,-0.011809045226130688,-0.011809045226130688,0.5175879396984925,-0.022412060301507553,-0.027412060301507446,0.4487632508833922,0.11542991755005882,0.18319333313956143,0.43262411347517726,0.44221105527638194,0.09885265928640696,0.1717603040242951,0.43434343434343436,0.4487632508833922,0.11542991755005882,0.18319333313956143,0.43262411347517726,25.0,12.0,12.0,39.0,13.0,14.0,46.0,13.0,11.0,4.06591470352962e-05,0.00013481266994506898,1.9300342649341702e-05,-0.0002734037727947225,0.00016562223134020115,1.5767138139999304e-05,"[1.869140625, 2.822265625, 0.70068359375, 3.0859375, 10.5078125, 3.705078125, 5.3203125, 3.923828125, 7.38671875, 3.79296875, 0.8486328125, 6.82421875, 0.48193359375, 3.28515625, 3.986328125, 4.57421875, 3.00390625, 1.5107421875, 6.88671875, 1.974609375, 3.162109375, 3.41015625, 0.1700439453125, 1.0859375, 8.3828125, 3.0234375, 2.455078125, 0.41455078125, 1.6904296875, 11.828125, 0.7919921875, 6.421875, 8.4453125, 2.263671875, 8.3984375, 0.732421875, 8.859375, 1.1181640625, 6.07421875, 5.58984375, 0.2110595703125, 3.87109375, 1.8056640625, 5.625, 5.09765625, 0.85498046875, 2.9453125, 9.265625, 4.5, 9.59375, 4.8828125, 5.73828125, 7.0078125, 0.2293701171875, 0.46826171875, 3.630859375, 0.0004968643188476562, 0.353271484375, 0.1307373046875, 2.03125, 5.82421875, 0.12310791015625, 7.98828125, 3.38671875, 6.890625, 1.74609375, 6.32421875, 1.9375, 0.87451171875, 1.0869140625, 0.55810546875, 1.68359375, 2.369140625, 0.038787841796875, 6.40234375, 0.6337890625, 2.7734375, 3.984375, 4.72265625, 4.97265625, 5.2265625, 2.150390625, 8.96875, 3.646484375, 0.10968017578125, 1.6962890625, 1.787109375, 5.27734375, 8.0625, 0.62451171875, 7.03515625, 4.36328125, 7.27734375, 3.6640625, 4.65234375, 5.12890625, 0.8291015625, 6.72265625, 7.375, 1.0703125, 3.380859375, 5.28515625, 0.5634765625, 2.3671875, 0.04376220703125, 5.28515625, 0.53564453125, 0.002777099609375, 0.06463623046875, 8.8203125, 6.02734375, 3.234375, 6.51171875, 1.5400390625, 10.921875, 3.017578125, 0.732421875, 5.5859375, 7.36328125, 9.4921875, 1.4951171875, 1.96484375, 1.30859375, 4.59375, 0.06658935546875, 2.9765625, 7.25, 3.404296875, 3.478515625, 7.296875, 1.69140625, 2.58203125, 0.321533203125, 4.6953125, 0.074951171875, 4.8671875, 0.779296875, 4.5703125, 0.25634765625, 9.6640625, 3.2578125, 5.125, 4.046875, 0.6982421875, 3.619140625, 2.11328125, 4.69921875, 1.935546875, 4.8046875, 2.26953125, 0.0001380443572998047, 4.0859375, 0.168212890625, 0.8623046875, 0.0018491744995117188, 4.22265625, 3.57421875, 0.5771484375, 4.10546875, 2.0546875, 0.0161285400390625, 7.40234375, 2.572265625, 6.15625, 5.37890625, 3.556640625, 5.5078125, 6.65625, 0.007015228271484375, 6.3203125, 6.54296875, 0.03741455078125, 2.3046875, 0.06451416015625, 2.23828125, 0.447998046875, 8.5078125, 3.767578125, 7.07421875, 4.59765625, 4.953125, 1.4560546875, 8.1875, 2.625, 0.72705078125, 2.5859375, 2.775390625, 9.09375, 6.25, 1.4892578125, 1.6171875, 8.9609375, 9.171875, 0.388671875, 2.220703125, 5.4140625, 6.75390625, 0.187255859375, 1.82421875, 4.3125, 1.5732421875, 0.08453369140625, 6.89453125, 1.7099609375, 1.8173828125, 6.46484375, 0.55419921875, 7.6796875, 0.90869140625, 4.4453125, 0.169921875, 2.564453125, 7.01953125, 2.763671875, 6.640625, 5.1328125, 0.00019359588623046875, 0.36083984375, 0.1229248046875, 5.98046875, 0.1793212890625, 3.4921875, 6.10546875, 1.2841796875, 0.367431640625, 4.359375, 1.005859375, 7.6953125, 4.65234375, 2.14453125, 4.37109375, 5.34375, 2.6875, 3.35546875, 7.8828125, 8.0859375, 5.38671875, 8.9375, 3.40625, 2.923828125, 1.8818359375, 4.87890625, 0.68408203125, 0.232421875, 5.94140625, 0.0396728515625, 0.009429931640625, 0.73828125, 1.2744140625, 1.8837890625, 3.9296875, 2.052734375, 4.52734375, 0.10235595703125, 1.2412109375, 2.58203125, 2.005859375, 1.1474609375, 0.0077667236328125, 0.77734375, 1.404296875, 6.375, 0.6298828125, 2.58984375, 6.0703125, 3.017578125, 7.72265625, 8.1015625, 0.391845703125, 8.4296875, 1.9609375, 1.4189453125, 11.6796875, 6.1484375, 6.66015625, 3.71484375, 8.75, 0.188232421875, 6.09375, 7.7890625, 0.01116180419921875, 2.650390625, 6.73828125]",-0.7951452563592487
222,0,test,3.313295129905729,1.511233920795784,2.074035428856605,4.942784538056088,2.254463717908465,3.0940528528844444,27.475511853468607,21.413381940541154,24.02245562905057,40.98805866664989,31.944553386708936,35.836778069567245,3.429121491897046,1.4947585960916108,2.084200568103591,4.795974114541323,2.09057146306519,2.914965829515512,30.849529280274517,23.929895157464838,27.01164623690635,43.14619479758674,33.468384835615154,37.77852620546343,3.313295129905729,1.511233920795784,2.074035428856605,4.942784538056088,2.254463717908465,3.0940528528844444,27.475511853468607,21.413381940541154,24.02245562905057,40.98805866664989,31.944553386708936,35.836778069567245,0.7537688442211055,0.018768844221105474,0.01376884422110547,0.5577889447236181,0.0027889447236181253,-0.007211055276381884,0.4522613065326633,0.002261306532663321,0.002261306532663321,0.4117647058823529,0.0980032379924447,0.1562634833884654,0.3911439114391144,0.4170854271356784,0.11132101610810952,0.14830412496539458,0.3939393939393939,0.4117647058823529,0.0980032379924447,0.1562634833884654,0.3911439114391144,16.0,-1.0,0.0,29.0,1.0,2.0,36.0,-1.0,0.0,0.0002656176272439137,0.00027549843062569184,0.00020595650401286807,-0.00019717463232815646,0.00020823100688893703,5.431726479621091e-05,"[1.859375, 5.28125, 0.00511932373046875, 0.052032470703125, 7.68359375, 0.2802734375, 4.890625, 2.59765625, 11.59375, 1.9638671875, 5.98828125, 6.71875, 16.75, 1.9853515625, 2.8984375, 0.338134765625, 0.1097412109375, 9.921875, 9.234375, 1.8427734375, 7.58203125, 9.6953125, 0.56591796875, 0.01026153564453125, 1.244140625, 7.40625, 5.16015625, 7.38671875, 6.06640625, 0.7744140625, 5.95703125, 2.17578125, 5.39453125, 0.70947265625, 3.703125, 1.734375, 4.32421875, 3.962890625, 6.3984375, 0.6396484375, 2.392578125, 3.28125, 0.1605224609375, 2.2890625, 6.50390625, 3.712890625, 0.828125, 5.8671875, 3.05859375, 1.083984375, 0.257080078125, 2.08984375, 4.08203125, 1.9716796875, 5.6328125, 0.43359375, 5.3515625, 7.2578125, 3.13671875, 1.34765625, 1.7802734375, 0.03839111328125, 0.00983428955078125, 0.50830078125, 0.489990234375, 0.6650390625, 5.546875, 0.4443359375, 4.265625, 2.544921875, 0.0213775634765625, 1.83984375, 5.2578125, 0.254638671875, 2.44921875, 3.484375, 1.958984375, 7.6796875, 0.89599609375, 9.046875, 7.5546875, 0.050628662109375, 1.19921875, 4.88671875, 0.0250396728515625, 8.90625, 7.3984375, 3.2734375, 1.41015625, 5.859375, 0.0284423828125, 5.8671875, 7.83203125, 0.859375, 7.35546875, 10.984375, 0.1590576171875, 3.884765625, 5.09375, 0.95556640625, 0.004085540771484375, 4.7890625, 1.7568359375, 3.416015625, 6.140625, 7.8046875, 0.116455078125, 5.55859375, 3.513671875, 0.9931640625, 1.2158203125, 0.006740570068359375, 2.4140625, 5.1640625, 0.0143280029296875, 1.865234375, 1.572265625, 1.4208984375, 8.2890625, 1.8505859375, 1.8017578125, 6.4375, 2.83203125, 0.9365234375, 0.0157470703125, 0.0248565673828125, 0.344482421875, 1.1904296875, 5.40625, 0.28076171875, 1.099609375, 5.8359375, 0.04876708984375, 10.5, 2.2421875, 0.232421875, 0.0146942138671875, 9.828125, 6.27734375, 2.080078125, 1.9052734375, 8.21875, 5.32421875, 1.810546875, 2.53515625, 4.578125, 7.26171875, 4.1328125, 3.06640625, 6.0234375, 1.5419921875, 2.978515625, 2.71484375, 1.3544921875, 4.0546875, 2.935546875, 0.16845703125, 0.012725830078125, 8.1953125, 0.30126953125, 0.005840301513671875, 7.921875, 1.7373046875, 3.10546875, 5.4140625, 7.203125, 0.1575927734375, 5.9453125, 1.7509765625, 6.61328125, 0.0015106201171875, 1.845703125, 6.5, 1.9736328125, 1.2919921875, 9.046875, 3.595703125, 1.37109375, 1.5166015625, 0.0005450248718261719, 1.91796875, 0.06402587890625, 2.326171875, 0.00855255126953125, 7.90234375, 0.61279296875, 2.998046875, 2.734375, 0.6806640625, 1.3544921875, 5.78125, 5.25390625, 8.078125, 3.83984375, 1.59765625, 0.257080078125, 10.296875, 3.798828125, 3.57421875, 6.82421875, 0.34619140625, 3.71875, 8.3828125, 1.822265625, 1.05859375, 4.65625, 7.1875, 0.63818359375, 4.42578125, 0.17236328125, 1.033203125, 1.43359375, 4.578125, 0.5751953125, 4.43359375, 0.7265625, 4.3828125, 3.470703125, 1.392578125, 2.228515625, 2.2890625, 1.3603515625, 7.46875, 1.05078125, 0.45361328125, 8.3203125, 12.5546875, 4.0078125, 4.2265625, 1.099609375, 1.0869140625, 8.921875, 7.3828125, 6.69921875, 1.611328125, 3.185546875, 0.67529296875, 6.2421875, 0.271728515625, 3.955078125, 2.802734375, 2.96875, 0.03558349609375, 5.9375, 0.00024187564849853516, 0.56201171875, 0.2183837890625, 2.68359375, 7.203125, 3.5625, 0.72216796875, 7.9140625, 2.216796875, 0.75732421875, 0.024688720703125, 0.75634765625, 2.478515625, 1.201171875, 0.482666015625, 3.39453125, 5.53515625, 4.9140625, 0.051849365234375, 5.3125, 3.443359375, 0.164306640625, 2.134765625, 2.146484375, 0.63671875, 2.41796875, 0.0157318115234375, 1.251953125]",-1.0315530260696129
177,0,test,3.9513426153378797,1.8347272692581202,2.524933218134268,6.0297945112670535,2.7998150236077675,3.8530772808522933,52.00514288563868,43.70215574863744,47.84142083813992,79.36044925900933,66.68999489965482,73.00656127901121,4.17559084101538,1.96143459339598,2.683607605038449,6.186060505207969,2.9058290272533034,3.975714970427331,65.0782792206384,55.92459680960776,60.63237516234952,96.41226551205688,82.85125453275224,89.82574098125855,3.9513426153378797,1.8347272692581202,2.524933218134268,6.0297945112670535,2.7998150236077675,3.8530772808522933,52.00514288563868,43.70215574863744,47.84142083813992,79.36044925900933,66.68999489965482,73.00656127901121,0.8291457286432161,0.004145728643216162,-0.005854271356783847,0.6783919597989949,-0.0016080402010050232,-0.016608040201005148,0.5577889447236181,-0.017211055276381892,-0.007211055276381884,0.4448669201520913,0.1014134097156586,0.16926641446309,0.4007633587786259,0.44723618090452266,0.11390284757118929,0.17010763332522383,0.4292929292929293,0.4448669201520913,0.1014134097156586,0.16926641446309,0.4007633587786259,24.0,-3.0,-1.0,37.0,-1.0,0.0,47.0,-2.0,-1.0,0.00037726554693539416,0.0003492865110910725,0.00024616474862141377,-0.00013480533558407615,-0.00018378111340844328,8.585827751517172e-05,"[2.22265625, 5.71875, 8.4296875, 4.78125, 0.429443359375, 11.421875, 2.076171875, 7.1953125, 9.984375, 7.66015625, 4.546875, 0.9482421875, 0.703125, 1.814453125, 1.0751953125, 5.38671875, 6.01171875, 10.5078125, 7.32421875, 4.7265625, 5.83984375, 7.53125, 4.0, 3.3203125, 0.09857177734375, 0.0036602020263671875, 3.212890625, 6.4453125, 0.281005859375, 0.53662109375, 0.365478515625, 11.0625, 1.818359375, 0.69140625, 6.734375, 2.791015625, 4.3125, 0.775390625, 0.69677734375, 4.73046875, 10.015625, 5.5703125, 9.6875, 2.92578125, 0.226806640625, 2.5234375, 11.265625, 5.62109375, 2.09375, 5.79296875, 5.8359375, 0.4375, 6.91015625, 1.2041015625, 4.70703125, 2.5546875, 6.18359375, 2.890625, 5.10546875, 1.9306640625, 8.109375, 0.52197265625, 3.572265625, 1.345703125, 1.7744140625, 0.79638671875, 6.484375, 13.609375, 7.19140625, 9.09375, 3.328125, 5.58203125, 0.458740234375, 2.744140625, 2.173828125, 4.74609375, 1.9482421875, 1.2490234375, 7.42578125, 5.36328125, 3.8828125, 10.40625, 0.327392578125, 10.6484375, 0.353515625, 0.016082763671875, 0.091796875, 5.0546875, 7.1015625, 3.13671875, 8.78125, 0.6513671875, 1.9072265625, 4.921875, 4.0390625, 10.375, 6.6171875, 2.677734375, 8.609375, 6.828125, 2.640625, 3.771484375, 7.16015625, 1.3369140625, 3.4453125, 4.28515625, 4.6953125, 3.404296875, 1.689453125, 9.3984375, 0.07672119140625, 0.7783203125, 4.48046875, 1.9130859375, 2.119140625, 8.03125, 4.3125, 1.8369140625, 11.1875, 0.68994140625, 0.63916015625, 2.044921875, 10.90625, 0.91064453125, 7.640625, 2.419921875, 4.28125, 10.1875, 1.908203125, 0.7412109375, 2.2109375, 7.3125, 7.51953125, 3.455078125, 6.16796875, 1.720703125, 1.5712890625, 10.015625, 2.75390625, 2.48046875, 0.11480712890625, 5.07421875, 1.46875, 7.3203125, 4.9140625, 0.591796875, 1.5126953125, 2.36328125, 8.2890625, 3.361328125, 7.7734375, 2.9921875, 5.61328125, 0.74365234375, 4.1328125, 2.009765625, 0.6162109375, 5.35546875, 2.275390625, 5.64453125, 2.326171875, 6.3046875, 3.384765625, 4.6875, 3.224609375, 8.5390625, 1.6357421875, 2.259765625, 4.53515625, 0.443359375, 5.078125, 1.8896484375, 5.71484375, 0.79541015625, 2.62109375, 1.1435546875, 9.1796875, 1.6884765625, 3.16015625, 2.3359375, 1.8798828125, 6.6484375, 0.75634765625, 6.1015625, 6.1875, 2.125, 7.54296875, 0.59423828125, 5.9609375, 6.5703125, 4.1640625, 4.3203125, 0.40087890625, 6.234375, 1.40234375, 2.263671875, 4.1015625, 3.55078125, 5.70703125, 2.796875, 2.837890625, 1.7568359375, 0.73095703125, 1.0576171875, 8.375, 0.9228515625, 0.35302734375, 2.71484375, 3.43359375, 0.0958251953125, 0.00928497314453125, 4.5703125, 3.490234375, 2.5546875, 0.28515625, 2.515625, 0.01424407958984375, 6.8046875, 4.89453125, 4.734375, 2.34375, 4.03125, 5.4921875, 0.884765625, 3.845703125, 4.26953125, 2.90234375, 0.54052734375, 6.94921875, 1.5029296875, 2.05859375, 2.6875, 2.90625, 0.224365234375, 5.41015625, 1.376953125, 6.0078125, 1.5791015625, 3.822265625, 3.373046875, 0.0029144287109375, 0.79931640625, 0.378662109375, 3.552734375, 1.5546875, 1.9052734375, 6.9296875, 2.6875, 1.103515625, 7.3125, 1.6787109375, 5.40625, 7.3828125, 6.5234375, 5.01171875, 4.4453125, 10.140625, 3.20703125, 6.44921875, 4.16015625, 0.43359375, 3.158203125, 8.4140625]",-0.6490921647829699
187,0,test,2.9333759090764735,1.2899877191559086,1.6842512128986524,5.594582919372656,2.460285856122094,3.212231694703616,18.79096011181272,13.618294282513212,15.303670928197327,35.838429079230444,25.973035487267467,29.187413625943357,3.22926907802946,1.3428293852949862,1.9184439525732044,4.968106273891477,2.0658913619922865,2.951452234728007,25.261186265419678,18.665342667672515,21.55195323294629,38.86336348526104,28.71591179641925,33.15685112760967,2.94393864004907,1.284410793446378,1.7748604970366393,5.225926579968763,2.2800191599639845,3.1506399355679986,18.990495934596076,13.733667705498126,15.771472143858512,33.71093952886877,24.379291784907913,27.9966961133583,0.6834170854271358,0.003417085427135813,-0.016582914572864205,0.5879396984924623,0.007939698492462233,0.01793969849246224,0.4371859296482412,-0.01781407035175875,-0.01781407035175875,0.39837398373983735,0.102981029810298,0.14421953603700255,0.3913043478260869,0.4170854271356784,0.09045226130653272,0.1474036850921273,0.43939393939393945,0.39799331103678925,0.10200668896321063,0.16276477146042356,0.38926174496644295,24.0,14.0,14.0,37.0,16.0,17.0,47.0,20.0,19.0,-0.00018359140114529134,0.0003485257025725202,0.00019252195507207074,-0.041789422129924425,-0.057365707003379285,-0.05474900417201489,"[7.05859375, 1.3818359375, 1.4873046875, 0.00400543212890625, 0.036102294921875, 6.0078125, 0.66796875, 3.63671875, 1.685546875, 0.9453125, 0.822265625, 0.51611328125, 0.148681640625, 3.21484375, 1.3916015625, 7.50390625, 0.1702880859375, 3.486328125, 0.970703125, 5.96875, 0.1883544921875, 4.6328125, 3.97265625, 3.072265625, 7.5703125, 0.048126220703125, 4.84375, 2.822265625, 2.662109375, 1.802734375, 9.625, 4.05859375, 9.2265625, 2.638671875, 5.03515625, 0.0082855224609375, 9.3203125, 1.21484375, 6.80078125, 9.0078125, 5.2109375, 2.671875, 1.2802734375, 0.0019779205322265625, 2.49609375, 2.01171875, 4.9765625, 2.416015625, 4.37890625, 2.779296875, 2.93359375, 9.0, 0.6396484375, 0.0223846435546875, 2.3984375, 2.197265625, 0.0013189315795898438, 0.01284027099609375, 0.428955078125, 0.0390625, 0.07666015625, 1.2646484375, 1.8134765625, 2.291015625, 6.2890625, 3.8828125, 10.328125, 0.438720703125, 0.00518798828125, 0.0033512115478515625, 0.13623046875, 0.0010576248168945312, 0.0026187896728515625, 0.39599609375, 0.447998046875, 5.93359375, 0.7353515625, 5.80859375, 6.171875, 1.8896484375, 1.208984375, 4.4140625, 11.203125, 1.9453125, 0.421630859375, 3.66015625, 4.9296875, 2.263671875, 0.02154541015625, 8.7421875, 5.25390625, 8.4765625, 0.771484375, 6.84375, 0.302734375, 0.0295257568359375, 3.123046875, 0.16943359375, 3.736328125, 3.390625, 3.58984375, 3.515625, 1.7666015625, 4.98828125, 0.53759765625, 3.5703125, 5.24609375, 0.30615234375, 8.9453125, 5.4375, 1.91796875, 0.94287109375, 7.81640625, 5.78515625, 7.0, 0.375732421875, 3.525390625, 3.107421875, 4.2421875, 6.046875, 2.0703125, 1.888671875, 4.53125, 5.546875, 0.039154052734375, 0.136962890625, 5.36328125, 7.57421875, 8.34375, 0.6416015625, 6.39453125, 0.056610107421875, 9.125, 5.41796875, 7.3828125, 5.390625, 0.69873046875, 0.4951171875, 0.0005960464477539062, 2.3671875, 7.5625, 0.0631103515625, 1.7548828125, 8.3125, 6.828125, 2.78515625, 3.7109375, 3.056640625, 0.0040740966796875, 5.28125, 8.046875, 8.125, 1.275390625, 0.0031261444091796875, 2.19921875, 2.58984375, 0.478271484375, 6.8125, 1.4453125, 2.265625, 4.6015625, 0.01910400390625, 2.154296875, 9.09375, 0.4169921875, 1.9130859375, 10.265625, 2.23828125, 1.41015625, 6.05078125, 3.625, 2.888671875, 0.84326171875, 0.0013866424560546875, 0.001285552978515625, 0.2333984375, 0.0007376670837402344, 0.0015668869018554688, 1.62109375, 0.9267578125, 0.13330078125, 7.34765625, 3.55859375, 0.162109375, 9.1015625, 1.099609375, 6.9453125, 4.12890625, 8.4375, 1.4130859375, 4.3671875, 3.7109375, 0.380126953125, 4.12890625, 2.86328125, 0.77783203125, 5.48046875, 7.12109375, 0.423828125, 7.94140625, 2.39453125, 4.046875, 1.392578125, 2.248046875, 5.578125, 1.3642578125, 3.412109375, 2.234375, 2.638671875, 1.4765625, 6.4765625, 6.23046875, 0.95361328125, 8.8203125, 3.109375, 0.2281494140625, 0.006748199462890625, 0.352783203125, 6.8828125, 0.26611328125, 4.37890625, 0.007755279541015625, 0.0025539398193359375, 0.054718017578125, 0.0005674362182617188, 0.0012063980102539062, 0.3466796875, 2.2421875, 9.1328125, 6.19921875, 0.1893310546875, 0.002513885498046875, 0.0002961158752441406, 0.01480865478515625, 0.000606536865234375, 0.0007357597351074219, 0.283203125, 0.763671875, 9.0390625, 1.392578125, 0.315185546875, 0.00714874267578125, 0.0004677772521972656, 0.00811767578125, 0.0001703500747680664, 0.002140045166015625, 0.1767578125, 0.83056640625, 4.7265625, 1.7392578125, 0.139892578125, 0.002666473388671875, 0.00040721893310546875, 0.00437164306640625, 0.0001342296600341797, 0.0009927749633789062, 0.0947265625, 0.85986328125, 8.1953125, 6.91796875, 7.015625, 3.294921875, 0.29833984375, 13.3984375, 5.375, 0.0018491744995117188, 0.0003104209899902344, 0.0112152099609375, 0.00011217594146728516, 0.0008006095886230469, 0.07257080078125, 0.90478515625, 4.5, 11.9140625, 8.078125, 2.52734375, 0.0011053085327148438, 0.0001590251922607422, 0.00605010986328125, 0.00025200843811035156, 0.0012760162353515625, 0.01131439208984375, 3.84765625, 0.01009368896484375, 0.0002512931823730469, 0.00618743896484375, 0.0007548332214355469, 0.0024623870849609375, 0.0748291015625, 0.41455078125, 0.583984375, 4.71484375, 9.1328125, 2.328125, 6.6875, 7.9140625, 8.3671875, 1.7490234375, 0.71875, 7.50390625, 3.6171875, 1.0478515625, 0.005950927734375, 7.2109375, 6.66796875, 5.78125, 2.470703125, 6.81640625, 5.4765625, 8.5859375, 10.28125, 3.6171875, 0.5458984375, 0.0035228729248046875, 0.0004897117614746094, 0.035186767578125, 0.00014603137969970703, 0.0012063980102539062, 0.7158203125, 1.560546875, 4.0234375, 4.484375, 2.90625, 0.93798828125, 0.0009207725524902344, 0.0003292560577392578, 0.011474609375, 0.00014340877532958984, 0.0005512237548828125, 0.20751953125, 0.8037109375, 0.2044677734375, 4.078125, 2.716796875, 5.203125, 1.4912109375, 0.14990234375, 3.087890625, 4.4296875, 0.56640625, 4.60546875, 6.9609375, 0.455810546875, 9.8046875, 2.853515625, 7.5, 7.515625, 4.8125, 5.76953125, 1.720703125, 0.0074310302734375, 0.0005660057067871094, 0.009185791015625, 0.00019478797912597656, 0.0005583763122558594, 0.515625, 0.444580078125, 0.56689453125, 5.296875, 2.1796875, 9.1875, 8.5859375, 2.603515625, 6.71875, 1.8828125, 1.0341796875, 5.09765625, 1.87890625, 2.064453125]",-0.6033250548975255
122,0,test,3.190386422592051,1.3525946770588988,1.8996118461240403,5.849041774752093,2.479756907941314,3.482621717894074,24.297814853820935,18.01516561064799,20.662213337028184,44.54599389867172,33.02780361952132,37.88072445121834,3.565217300875103,1.4593423319256873,2.1106356455495083,5.659075080754132,2.3164163998820433,3.3502153103960444,35.34713353284921,27.13284642048025,31.064442083221202,56.10656116325272,43.06801019123849,49.308638227335244,3.3355629679351346,1.4215001885197047,2.0051385016269823,5.817842385933374,2.4793607939297173,3.497334595861015,28.09419490354322,21.31361398545779,24.311546249780147,49.00150273873817,37.174908114170556,42.403859737988626,0.7587939698492463,-0.001206030150753712,0.013793969849246301,0.5778894472361809,-0.012110552763819227,-0.01711055276381912,0.46733668341708545,-0.0076633165829145256,-0.01266331658291453,0.4088235294117647,0.09457977023408481,0.14365718890295842,0.3657817109144543,0.42211055276381915,0.10130854775128784,0.1516598015117323,0.4242424242424242,0.4180602006688964,0.10420377328993147,0.14442282580793975,0.38926174496644295,25.0,5.0,6.0,33.0,1.0,2.0,42.0,5.0,5.0,0.00033485518653157567,0.00047295856149661786,0.00034308635819112876,0.00034512908460637703,-5.516869649557776e-05,0.0001678595039624753,"[10.3671875, 0.75732421875, 10.8046875, 2.1328125, 6.51171875, 1.9296875, 1.1171875, 7.7734375, 1.5673828125, 1.5048828125, 3.453125, 7.1953125, 0.646484375, 0.98046875, 0.87109375, 1.837890625, 3.646484375, 4.51953125, 5.3671875, 1.021484375, 7.50390625, 1.169921875, 0.01053619384765625, 1.0263671875, 7.8828125, 0.442626953125, 0.6494140625, 3.173828125, 6.859375, 2.2265625, 2.548828125, 1.248046875, 9.625, 4.10546875, 10.3515625, 0.0325927734375, 0.0677490234375, 3.22265625, 2.345703125, 6.6484375, 6.65625, 2.072265625, 6.13671875, 3.54296875, 7.4296875, 3.83984375, 0.97021484375, 2.888671875, 3.2421875, 7.24609375, 1.7412109375, 5.44921875, 1.6064453125, 7.28125, 0.0175323486328125, 3.8125, 8.2890625, 7.5625, 1.4150390625, 1.130859375, 0.07373046875, 0.207763671875, 8.109375, 0.83984375, 0.6337890625, 7.4375, 0.149169921875, 4.40625, 0.1297607421875, 9.5546875, 0.249755859375, 1.5029296875, 0.331787109375, 2.4296875, 7.4375, 0.061431884765625, 0.172607421875, 2.296875, 3.078125, 5.6328125, 0.908203125, 2.984375, 0.0019397735595703125, 0.2117919921875, 0.65869140625, 5.2421875, 0.208984375, 0.034820556640625, 2.25, 3.529296875, 4.4921875, 5.13671875, 0.136474609375, 6.890625, 7.12109375, 2.81640625, 0.388427734375, 0.65478515625, 13.3046875, 2.693359375, 2.62890625, 4.0390625, 6.87109375, 8.0078125, 5.46484375, 7.828125, 2.83203125, 3.408203125, 1.2001953125, 2.068359375, 8.0859375, 0.83056640625, 1.16796875, 1.2861328125, 4.28515625, 1.0537109375, 7.671875, 0.6240234375, 4.43359375, 2.40625, 2.125, 3.509765625, 8.4140625, 4.296875, 1.6611328125, 2.921875, 5.921875, 6.5703125, 0.53369140625, 6.125, 4.57421875, 0.3564453125, 2.353515625, 1.54296875, 4.9140625, 5.921875, 1.810546875, 2.470703125, 3.796875, 4.625, 0.8427734375, 4.4453125, 6.9609375, 1.81640625, 1.34765625, 3.353515625, 10.2265625, 1.076171875, 7.61328125, 0.42578125, 9.203125, 4.89453125, 0.89501953125, 3.5546875, 0.207763671875, 0.4912109375, 1.1318359375, 0.0138092041015625, 6.66015625, 0.1187744140625, 3.87109375, 1.5751953125, 6.6796875, 0.09710693359375, 5.66015625, 10.6953125, 1.7841796875, 9.859375, 4.078125, 1.1279296875, 1.5556640625, 4.05859375, 4.9921875, 0.7138671875, 0.6728515625, 0.0261077880859375, 1.27734375, 3.197265625, 7.78125, 2.8671875, 2.650390625, 5.95703125, 0.488037109375, 1.4453125, 2.298828125, 1.8671875, 1.927734375, 5.4453125, 9.1640625, 6.00390625, 11.6640625, 6.03125, 2.294921875, 4.7578125, 3.08203125, 6.43359375, 0.0673828125, 7.8125, 0.47265625, 0.0382080078125, 9.328125, 8.0234375, 9.8359375, 1.4462890625, 1.2646484375, 5.8671875, 0.084228515625, 3.494140625, 10.1796875, 1.5791015625, 4.94921875, 1.1083984375, 3.087890625, 9.2265625, 3.00390625, 4.78125, 1.1513671875, 0.44189453125, 2.982421875, 1.4462890625, 1.94140625, 3.63671875, 3.517578125, 1.99609375, 9.3828125, 2.1171875, 1.7783203125, 0.2861328125, 3.541015625, 0.92236328125, 0.9267578125, 0.474609375, 1.4580078125, 7.30859375, 6.203125, 1.841796875, 1.0146484375, 0.23828125, 0.234375, 5.59375, 7.53515625, 2.84765625, 1.8427734375, 2.822265625, 5.328655242919922e-05, 0.16845703125, 0.312744140625, 7.5625, 7.1953125, 0.055206298828125, 3.611328125, 1.7734375, 4.109375, 0.002902984619140625, 0.283935546875, 3.84375, 4.65625, 0.9658203125, 0.231201171875, 4.51953125, 8.9609375, 5.0859375, 4.6171875, 3.58984375, 2.287109375, 5.1171875, 0.093017578125, 4.11328125, 0.9453125, 0.00015783309936523438, 0.123779296875, 1.0361328125, 0.00014913082122802734, 2.03515625, 0.1761474609375, 3.208984375, 0.0004563331604003906, 1.8935546875, 8.84375, 0.0290374755859375, 1.568359375, 2.591796875, 0.033538818359375, 5.7734375, 1.466796875, 7.25390625, 5.7109375, 0.1751708984375, 2.2109375, 6.34375, 3.595703125, 2.328125, 0.00016736984252929688, 0.27587890625, 3.41015625, 0.0236053466796875, 9.775161743164062e-06, 0.1947021484375, 0.9404296875, 7.94140625, 1.443359375, 1.87109375, 3.4375, 2.05078125, 0.02862548828125, 1.2275390625, 5.46484375, 0.0748291015625, 0.857421875, 1.9296875, 3.2578125, 2.439453125, 5.4296875, 9.7421875, 6.48046875, 1.923828125, 0.156494140625, 0.487548828125, 0.0037822723388671875, 3.33203125, 0.23193359375, 0.98388671875, 0.0849609375, 1.5126953125, 0.35009765625, 0.6123046875, 7.26953125, 0.0086517333984375, 0.317138671875, 1.7353515625, 0.004047393798828125, 0.0002340078353881836, 0.045135498046875, 0.3486328125, 1.10546875, 1.982421875, 0.00992584228515625, 0.736328125, 6.8359375, 2.6171875]",-0.8193153062287499
424,0,test,3.5754684413675926,1.6389894211604121,2.271491697506794,5.712286858989645,2.6185038089545047,3.629010404300795,35.71134556962393,28.777053136261472,32.02742799647865,57.05362901655894,45.975173649648504,51.168080231060564,3.6129019008809,1.5487478908109025,2.2140679623284383,5.474093789213485,2.346587713349852,3.3546484277703614,37.073480432811294,29.194850596818675,33.02300632245501,56.17194004971408,44.23462211639193,50.03485806432577,3.5754684413675926,1.6389894211604121,2.271491697506794,5.712286858989645,2.6185038089545047,3.629010404300795,35.71134556962393,28.777053136261472,32.02742799647865,57.05362901655894,45.975173649648504,51.168080231060564,0.7939698492462312,-0.001030150753768888,0.013969849246231125,0.6432160804020101,-0.001783919597989958,-0.001783919597989958,0.5276381909547738,-0.012361809045226213,0.01263819095477381,0.44609665427509293,0.1140001793214751,0.18033645650006203,0.417910447761194,0.457286432160804,0.10640923917834788,0.18182733366330817,0.40909090909090906,0.44609665427509293,0.1140001793214751,0.18033645650006203,0.417910447761194,27.0,11.0,10.0,39.0,10.0,12.0,47.0,12.0,11.0,0.00022299776829642171,0.00024325521261992354,0.00010355243085893982,-0.00017638486674709242,0.00021985158203818855,6.483093570341936e-05,"[7.3203125, 3.251953125, 4.76171875, 10.1171875, 3.865234375, 3.619140625, 4.40625, 1.794921875, 0.8740234375, 1.1484375, 7.04296875, 4.03125, 6.87109375, 6.15625, 2.40234375, 1.2109375, 3.720703125, 4.57421875, 0.8583984375, 4.88671875, 0.970703125, 0.00992584228515625, 2.98046875, 3.92578125, 4.30078125, 5.78125, 0.00418853759765625, 1.4990234375, 2.5703125, 1.6025390625, 5.40625, 0.301025390625, 0.247314453125, 1.263671875, 3.552734375, 9.4375, 0.544921875, 1.6474609375, 6.26953125, 7.1953125, 3.810546875, 9.734375, 5.56640625, 3.78125, 8.5703125, 7.22265625, 4.8671875, 6.8046875, 0.0080413818359375, 2.759765625, 0.026641845703125, 0.90869140625, 4.55859375, 5.2109375, 0.041717529296875, 8.0703125, 8.1328125, 0.3876953125, 4.5234375, 4.08984375, 1.0703125, 7.0625, 1.6416015625, 2.583984375, 2.96875, 2.232421875, 3.447265625, 11.8671875, 1.0322265625, 3.5859375, 2.8359375, 3.3984375, 1.166015625, 4.32421875, 0.94921875, 8.875, 0.313232421875, 1.3623046875, 0.405517578125, 4.88671875, 1.7099609375, 10.0546875, 5.87890625, 0.1588134765625, 10.046875, 0.67236328125, 0.0010595321655273438, 1.2958984375, 6.23046875, 4.15234375, 3.466796875, 2.498046875, 0.0007891654968261719, 3.21484375, 0.85400390625, 3.513671875, 5.546875, 0.7001953125, 5.41796875, 7.19921875, 2.578125, 2.162109375, 2.58984375, 6.78125, 5.74609375, 3.966796875, 3.4921875, 6.55859375, 0.472412109375, 6.5546875, 1.427734375, 4.84375, 4.01953125, 7.5234375, 1.47265625, 1.19921875, 3.39453125, 1.7607421875, 0.68017578125, 0.00228118896484375, 7.01953125, 0.880859375, 3.556640625, 9.1796875, 5.37109375, 2.224609375, 0.188720703125, 2.42578125, 2.134765625, 6.234375, 0.7666015625, 7.4140625, 10.171875, 1.7412109375, 0.39453125, 6.34765625, 0.1876220703125, 4.3046875, 2.09765625, 2.96484375, 6.44140625, 0.09820556640625, 4.89453125, 1.2822265625, 4.1640625, 2.076171875, 4.2265625, 3.505859375, 0.798828125, 6.14453125, 4.41796875, 0.254638671875, 7.68359375, 6.13671875, 0.01800537109375, 4.4296875, 11.484375, 2.3359375, 4.84765625, 2.66796875, 5.046875, 7.3359375, 3.24609375, 3.0703125, 1.6396484375, 6.7578125, 6.5625, 2.5703125, 1.3818359375, 5.13671875, 1.830078125, 3.056640625, 3.19921875, 0.7998046875, 6.125, 3.849609375, 2.615234375, 0.6962890625, 4.95703125, 6.48046875, 0.28271484375, 1.732421875, 0.0428466796875, 0.220703125, 2.212890625, 2.123046875, 6.11328125, 0.240478515625, 8.8046875, 1.8017578125, 0.16455078125, 5.19921875, 8.328125, 1.017578125, 8.578125, 0.036224365234375, 2.873046875, 2.5, 2.333984375, 5.27734375, 5.83203125, 7.37890625, 2.5390625, 2.0546875, 7.734375, 10.7734375, 2.73828125, 2.345703125, 4.6484375, 3.998046875, 0.068603515625, 3.0703125, 1.220703125, 4.8046875, 5.875, 0.96826171875, 4.87890625, 7.15234375, 7.1171875, 4.73828125, 6.62890625, 4.484375, 5.03125, 0.20556640625, 5.1875, 4.24609375, 0.98583984375, 1.8916015625, 2.619140625, 3.7734375, 2.017578125, 9.15625, 7.3515625, 9.8125, 0.9345703125, 9.1328125, 0.1097412109375, 0.67431640625, 7.890625, 1.859375, 3.66796875, 0.72998046875, 0.48388671875, 5.17578125, 2.13671875, 3.4609375, 0.00799560546875, 9.1953125, 6.7421875, 5.625, 0.150634765625, 0.41259765625, 2.3359375, 0.0003883838653564453, 0.161376953125, 1.3623046875, 0.0010786056518554688, 0.0050506591796875, 0.732421875, 8.285045623779297e-05, 0.031494140625, 0.74951171875, 2.21875, 0.0010042190551757812, 1.90625, 3.15234375, 4.0703125, 0.239990234375, 6.0078125]",-0.5482827221150735
466,0,test,3.867101105347787,1.7755259064527338,2.294486452677763,5.925396854968382,2.7205638889195107,3.515745371038507,47.80360740376418,39.70594685440286,42.98437505002076,73.2474629573806,60.83975727690761,65.8631553185802,3.7094829987041913,1.6164885999314746,2.2700659340184015,5.22462394183689,2.276744506945739,3.1972759634061996,40.8326905150502,32.72352960810509,36.614454373710366,57.51083171133832,46.08947832127478,51.56965404747939,3.7206980611967,1.724281291970308,2.362252229734869,5.6374213048434845,2.612547412076224,3.579170045052831,41.2932092371348,33.93058245196221,37.40306657331436,62.56546854111333,51.40997341206395,56.67131298987024,0.6934673366834171,-0.016532663316582874,-0.006532663316582865,0.6180904522613065,-0.006909547738693456,-0.0019095477386934512,0.5326633165829145,-0.007336683417085488,-0.007336683417085488,0.4538258575197889,0.1182995417303152,0.17327844794012126,0.4365079365079365,0.4723618090452262,0.14986180904522617,0.2211138889121147,0.4242424242424242,0.4682274247491639,0.13489409141583053,0.22294440588123943,0.43624161073825507,22.0,2.0,2.0,38.0,6.0,9.0,46.0,7.0,6.0,-0.00019521921125300646,-0.00048622726146036675,-1.9037839446422145e-05,-0.01388037056455449,-0.011838406748808872,-0.013078251302161448,"[5.09765625, 5.7734375, 4.45703125, 0.76318359375, 1.9189453125, 4.05078125, 8.0703125, 3.921875, 0.0002186298370361328, 6.46875, 0.008544921875, 0.0789794921875, 3.21484375, 7.1953125, 2.173828125, 4.62890625, 4.51953125, 9.7734375, 7.796875, 10.1953125, 0.49365234375, 7.328125, 4.81640625, 4.0546875, 1.275390625, 9.3515625, 3.71875, 6.15234375, 4.01171875, 0.449951171875, 4.796875, 4.90625, 5.91015625, 4.53125, 5.46875, 2.19921875, 7.93359375, 0.38720703125, 3.990234375, 3.646484375, 7.9296875, 0.63232421875, 5.74609375, 1.84765625, 2.07421875, 4.78515625, 10.8125, 3.66015625, 10.9765625, 3.69921875, 6.41015625, 6.43359375, 4.55859375, 5.77734375, 4.53125, 4.33203125, 11.609375, 5.75, 1.4033203125, 2.19921875, 1.033203125, 6.234375, 0.34130859375, 8.7421875, 4.12890625, 5.9453125, 5.53515625, 2.947265625, 1.400390625, 8.7890625, 4.859375, 5.0859375, 10.6328125, 1.72265625, 6.5546875, 4.078125, 3.580078125, 1.1435546875, 4.8125, 4.58203125, 9.012222290039062e-05, 0.363525390625, 0.0007534027099609375, 0.0011196136474609375, 0.004390716552734375, 0.0012006759643554688, 7.05718994140625e-05, 2.3203125, 1.4814453125, 1.4662742614746094e-05, 6.16015625, 0.1549072265625, 0.88818359375, 0.75390625, 3.5390625, 0.9248046875, 5.12890625, 8.2265625, 0.578125, 0.78857421875, 0.0015659332275390625, 0.0015430450439453125, 0.0005364418029785156, 0.0279693603515625, 0.0005698204040527344, 0.00022041797637939453, 0.0009474754333496094, 0.0010662078857421875, 9.393692016601562e-05, 0.003719329833984375, 0.0026836395263671875, 0.0015039443969726562, 0.281494140625, 0.380859375, 0.0074005126953125, 3.216796875, 0.187744140625, 0.060211181640625, 0.005222320556640625, 0.004489898681640625, 6.54296875, 5.34765625, 0.316162109375, 0.00014007091522216797, 0.00885009765625, 0.0013017654418945312, 0.00026106834411621094, 1.8466796875, 12.921875, 3.119140625, 1.162109375, 3.408203125, 9.0859375, 2.50390625, 3.3359375, 6.50390625, 6.67578125, 3.67578125, 1.763671875, 4.078125, 2.845703125, 0.383544921875, 2.0625, 0.365234375, 7.44921875, 5.6953125, 4.70703125, 7.91796875, 0.07244873046875, 4.140625, 0.6025390625, 3.427734375, 13.09375, 0.349609375, 3.859375, 2.263671875, 2.7578125, 11.890625, 0.509765625, 3.767578125, 6.76953125, 2.46484375, 7.9296875, 1.1455078125, 4.05859375, 6.7109375, 0.607421875, 4.5859375, 8.8203125, 1.6904296875, 4.375, 9.71875, 7.83203125, 4.67578125, 2.47265625, 7.8125, 1.22265625, 9.8046875, 0.8876953125, 0.0020599365234375, 2.767578125, 7.8125, 5.32421875, 1.8642578125, 1.2490234375, 1.7919921875, 8.4140625, 0.37353515625, 5.3671875, 3.30859375, 2.82421875, 9.4375, 0.71044921875, 2.7890625, 9.2734375, 0.625, 9.8203125, 7.06640625, 0.66259765625, 0.11614990234375, 2.603515625, 10.921875, 2.712890625, 3.564453125, 4.8671875, 7.5546875, 3.3671875, 6.15234375, 3.69140625, 7.1328125, 1.9326171875, 6.89453125, 3.63671875, 1.1064453125, 0.345947265625, 10.1796875, 7.80859375, 0.67578125, 7.6484375, 2.34765625, 8.078125, 2.990234375, 0.9599609375, 1.03125, 2.158203125, 3.955078125, 6.90625, 7.10546875, 5.2265625, 2.1015625, 3.091796875, 8.015625, 0.03155517578125, 5.15625, 3.267578125, 5.1171875, 6.09765625, 0.33837890625, 0.415771484375, 3.71875, 0.9697265625, 2.314453125, 4.77734375, 2.25390625, 0.99609375, 0.74462890625, 7.671875, 4.859375, 4.26953125, 2.21484375, 0.75146484375, 4.33984375, 4.203125, 8.96875, 2.359375, 1.30859375, 0.73974609375, 2.609375, 6.20703125, 4.36328125, 6.5390625, 1.7783203125, 0.1436767578125, 0.11083984375, 7.48828125, 4.34375, 1.7177734375, 1.998046875, 7.91015625, 0.4951171875, 0.13037109375, 3.087890625, 0.5048828125, 4.0703125, 3.2890625, 6.9140625, 7.296875, 4.27734375, 4.484375, 4.76953125, 1.037109375, 9.1015625, 0.059906005859375, 1.38671875, 5.05859375, 1.9169921875, 0.066162109375, 4.9765625, 4.36328125, 4.3515625, 0.54052734375, 2.978515625, 1.47265625, 8.828125, 6.0703125, 10.0625, 0.38916015625, 2.359375, 3.87109375, 5.91015625, 3.59765625, 7.24609375, 2.59375, 7.5, 3.224609375, 1.1416015625, 6.5625, 5.2734375, 13.265625, 8.03125, 2.5625, 6.25390625, 0.1614990234375, 2.41796875, 1.052734375, 5.27734375, 2.21875, 9.6796875, 1.94921875, 0.0108184814453125, 7.48046875, 0.845703125, 8.171875, 6.546875, 8.0625, 3.578125, 3.7109375, 7.953125, 1.9326171875, 0.386962890625, 1.6044921875, 3.294921875, 1.482421875, 4.1328125, 0.150146484375, 12.2265625, 3.771484375, 11.5078125, 11.3359375, 1.8037109375, 9.125, 6.9609375, 2.271484375, 8.5546875, 10.9140625, 1.8203125, 1.0205078125, 6.1171875, 1.6943359375, 6.25, 0.471435546875, 1.3876953125, 0.87890625, 0.032989501953125, 5.125, 2.6484375, 6.4765625, 4.04296875, 1.236328125, 2.14453125, 5.0234375, 7.2421875, 0.740234375, 3.296875, 4.87890625, 1.48828125, 2.818359375, 8.671875, 3.62890625, 4.21875, 4.4609375, 1.98046875, 0.5361328125, 2.177734375, 9.7109375, 7.59375, 5.984375, 3.173828125, 0.8544921875]",-1.25426682601818
88,0,test,2.0638599978053094,0.7921271678026396,0.8704288264179045,5.192237257636515,1.9928251905771668,2.189815679093465,7.8763137626855615,4.309285498999946,4.577934644866211,19.815147255598415,10.841255097484078,11.51711979076868,1.9968018014021593,0.7847509142630815,1.1240407930787204,4.967044480987871,1.9520678992294154,2.796051472783317,7.365462179206986,4.005092850679402,4.971951938659924,18.321587170777377,9.962668466065013,12.367730447416559,1.9062114714778786,0.7480306298584156,1.0500264688379723,5.198758558576033,2.0400835359774976,2.8637085513762885,6.727552931229345,3.543417373882534,4.373390514217039,18.347871630625487,9.663865565134182,11.927428675137378,0.40909090909090906,-0.01090909090909098,-0.020909090909090988,0.33838383838383834,-0.006616161616161631,-0.0016161616161616266,0.2777777777777778,-0.0022222222222222365,-0.0022222222222222365,0.34171907756813413,0.0799389728560922,0.09342973250459552,0.33613445378151263,0.33838383838383834,0.08397577793043787,0.126974442410684,0.3248730964467005,0.3411371237458194,0.09071976147536864,0.13201587791712088,0.325503355704698,19.0,-2.0,-2.0,31.0,3.0,1.0,37.0,-2.0,-2.0,0.000221432707303822,0.00030622624541342856,-0.00020856664073560138,-0.039882034711935965,-0.03734100590674583,-0.03669029927283862,"[3.578125, 0.82373046875, 8.484375, 1.595703125, 8.4375, 1.5654296875, 1.8896484375, 0.0013685226440429688, 10.03125, 2.72265625, 0.007537841796875, 0.0126800537109375, 0.0005745887756347656, 6.453125, 5.92578125, 0.53955078125, 0.0065155029296875, 3.873046875, 4.32421875, 0.58251953125, 0.002117156982421875, 0.00872802734375, 0.001178741455078125, 6.7578125, 8.8515625, 5.44921875, 3.40234375, 0.309326171875, 0.0086212158203125, 5.88671875, 0.60595703125, 0.00952911376953125, 0.004383087158203125, 0.0028781890869140625, 8.78125, 0.70068359375, 5.0078125, 0.40966796875, 0.0084228515625, 1.81640625, 7.36328125, 0.05908203125, 0.00405120849609375, 0.0065765380859375, 0.0010862350463867188, 5.67578125, 2.884765625, 0.185791015625, 0.751953125, 0.091552734375, 0.00359344482421875, 6.07421875, 0.407470703125, 0.0007696151733398438, 0.00041103363037109375, 0.0005593299865722656, 7.64453125, 1.755859375, 5.13671875, 0.29248046875, 0.0021152496337890625, 7.75, 1.1806640625, 0.005130767822265625, 0.004039764404296875, 0.002044677734375, 9.7265625, 0.04449462890625, 9.078125, 5.60546875, 0.0677490234375, 0.00649261474609375, 7.78515625, 4.2109375, 0.1417236328125, 0.0024776458740234375, 0.0018720626831054688, 0.0012483596801757812, 5.0625, 0.019683837890625, 5.421875, 1.4130859375, 0.0296173095703125, 0.0010061264038085938, 0.07464599609375, 0.0031871795654296875, 5.15625, 2.599609375, 0.0009427070617675781, 0.02081298828125, 0.0018415451049804688, 2.017578125, 0.646484375, 1.779296875, 0.28857421875, 0.005435943603515625, 3.94140625, 0.65869140625, 0.002307891845703125, 0.0025348663330078125, 0.0018596649169921875, 2.60546875, 0.020782470703125, 0.60400390625, 0.0066680908203125, 2.494140625, 4.3984375, 3.19140625, 0.47021484375, 0.95703125, 0.50439453125, 0.68505859375, 0.271240234375, 0.79052734375, 0.258544921875, 0.047607421875, 0.3837890625, 0.202880859375, 0.15771484375, 0.80126953125, 0.002349853515625, 0.041046142578125, 0.00745391845703125, 4.66015625, 4.57421875, 4.6875, 1.830078125, 0.94677734375, 0.36865234375, 0.52783203125, 0.331787109375, 0.454345703125, 2.50390625, 0.666015625, 2.40234375, 0.1475830078125, 1.7646484375, 3.3046875, 2.208984375, 1.193359375, 0.003627777099609375, 4.8828125, 1.7822265625, 0.008880615234375, 0.0017709732055664062, 0.002429962158203125, 4.65234375, 3.056640625, 6.65234375, 4.66796875, 1.6494140625, 0.004711151123046875, 5.4609375, 0.7568359375, 0.002288818359375, 0.0026912689208984375, 0.0019054412841796875, 6.15625, 0.239501953125, 0.251953125, 8.0859375, 3.390625, 0.06317138671875, 0.0035305023193359375, 5.01171875, 1.0478515625, 0.0022640228271484375, 0.0022182464599609375, 0.0019130706787109375, 4.84375, 0.038787841796875, 0.150390625, 0.9228515625, 5.9140625, 0.367919921875, 0.003421783447265625, 5.390625, 3.931640625, 0.20166015625, 0.0021495819091796875, 0.0016994476318359375, 0.0021514892578125, 5.01953125, 6.3125, 0.7861328125, 0.217529296875, 0.56640625, 2.341796875, 0.93359375, 0.0035991668701171875, 8.7578125, 1.07421875, 0.0014886856079101562, 0.0005598068237304688, 0.0011320114135742188, 1.57421875, 3.97265625, 3.552734375, 0.00580596923828125, 5.9765625, 0.07763671875, 0.003131866455078125, 0.0064544677734375, 0.0012683868408203125, 4.71875, 1.6923828125, 4.19140625, 0.11810302734375, 0.007476806640625, 5.5859375, 1.0693359375, 0.0022430419921875, 0.00299835205078125, 0.00258636474609375, 4.0, 0.29248046875, 4.89453125, 0.057647705078125, 0.006378173828125, 4.15625, 1.5009765625, 0.002735137939453125, 0.007663726806640625, 0.00392913818359375, 7.3984375, 0.59716796875, 0.21630859375, 0.00627899169921875, 7.34765625, 0.1005859375, 0.004268646240234375, 0.006591796875, 0.00321197509765625, 9.1171875, 3.23828125, 8.9140625, 1.3515625, 0.1224365234375, 0.005748748779296875, 3.43359375, 5.765625, 0.08245849609375, 0.0009713172912597656, 0.0014467239379882812, 0.003017425537109375, 5.91796875, 0.462158203125, 5.859375, 6.09375, 0.1611328125, 0.09295654296875, 0.05401611328125, 0.0048828125, 5.13671875, 4.73828125, 0.188232421875, 0.0009765625, 0.001369476318359375, 0.0022144317626953125, 3.61328125, 7.3125, 3.068359375, 3.4140625, 0.2012939453125, 0.00449371337890625, 4.23828125, 0.77490234375, 0.0034694671630859375, 0.0014982223510742188, 0.001781463623046875, 2.091796875, 1.3134765625, 0.67431640625, 0.7822265625, 0.0132904052734375, 3.4765625, 0.55126953125, 0.00283050537109375, 0.01342010498046875, 0.0020294189453125, 6.921875, 5.421875, 1.3388671875, 0.006252288818359375, 5.9921875, 0.15966796875, 0.0039215087890625, 0.00333404541015625, 0.006389617919921875, 3.875, 4.8046875, 3.896484375, 0.30712890625, 0.00579833984375, 2.21484375, 2.154296875, 1.5791015625, 0.2239990234375, 0.09210205078125, 0.271484375, 0.51513671875, 9.0625, 2.244140625, 0.0015897750854492188, 0.212890625, 0.005786895751953125, 3.8984375, 3.1171875, 0.69140625, 0.6982421875, 0.21630859375, 2.33984375, 8.3046875, 0.07342529296875, 3.705078125, 0.31787109375, 0.302490234375, 0.8681640625, 0.133544921875, 0.44677734375, 0.00141143798828125, 9.3203125, 0.65869140625, 0.0021686553955078125, 0.0020618438720703125, 0.002407073974609375, 6.52734375, 1.3056640625, 0.1917724609375, 4.48828125, 0.10028076171875, 0.0020923614501953125, 7.328125, 1.5380859375, 0.0025234222412109375, 0.002716064453125, 0.0042877197265625, 5.03125, 2.771484375, 1.6416015625, 0.00807952880859375, 4.16796875, 3.2421875, 0.33935546875, 0.0024318695068359375, 0.0122222900390625, 0.0024700164794921875, 6.89453125, 9.3828125, 0.0160369873046875, 0.30322265625, 0.0057373046875, 7.5390625, 3.64453125, 3.11328125, 13.1015625, 11.328125, 5.109375, 0.04827880859375, 0.003200531005859375, 0.00036835670471191406, 1.615234375, 0.06146240234375, 2.384185791015625e-05, 2.56640625, 0.0008416175842285156, 0.00012576580047607422, 1.8623046875, 12.84375, 0.52880859375, 1.06640625, 9.5546875, 4.84765625, 5.3046875, 1.3837890625, 9.65625, 0.18212890625, 0.78759765625, 5.78125, 1.55078125, 2.998046875, 1.595703125, 3.57421875, 6.1640625, 0.1112060546875, 0.290283203125, 5.609375, 3.513671875, 0.0212249755859375, 2.130859375, 3.91015625, 2.939453125, 0.89990234375, 6.0234375, 11.4140625, 1.7509765625, 6.6171875, 1.5419921875, 7.5625, 0.125732421875, 0.6142578125, 8.890625, 0.51806640625, 0.2021484375, 0.09918212890625, 5.55078125, 2.30859375, 0.85009765625, 5.421875, 0.62060546875, 8.1171875, 6.94921875, 2.89453125, 0.1868896484375, 0.177978515625, 8.3984375, 0.357421875, 0.06439208984375, 0.03155517578125, 0.008636474609375, 0.93359375, 0.37060546875, 2.09765625, 4.5703125, 5.9140625, 0.345458984375, 0.205322265625, 7.20703125, 5.3671875, 0.156005859375, 3.994140625, 3.529296875, 3.109375, 9.828125, 1.19140625, 0.134521484375, 0.143798828125, 1.2353515625, 5.37109375, 0.15234375, 0.2890625, 0.03656005859375, 0.209716796875, 0.0003972053527832031, 0.0011720657348632812, 3.5762786865234375e-07, 4.02734375, 0.03857421875, 3.337860107421875e-06, 4.76837158203125e-07, 0.00406646728515625, 3.0875205993652344e-05, 2.5391578674316406e-05, 1.4990234375, 8.0, 4.0078125, 0.419189453125, 0.373779296875, 0.0022373199462890625, 0.0078887939453125, 0.02996826171875, 3.515625, 0.0340576171875, 0.0020160675048828125, 0.0013895034790039062, 0.00016355514526367188, 1.3113021850585938e-06, 0.00098419189453125, 3.695487976074219e-05, 4.44140625, 0.005306243896484375, 2.9802322387695312e-06, 2.0265579223632812e-06, 0.00038623809814453125, 1.0848045349121094e-05, 2.4199485778808594e-05, 0.81787109375]",-1.9774283780491828
446,0,test,3.5414976057459095,1.605147218691435,2.224511411809642,5.942924064436629,2.693568962872614,3.732912985570975,34.51857571798263,27.585175207151025,30.786419303035135,57.92500719798454,46.29019127227397,51.6621419811206,3.59008467496939,1.5949065867597074,2.2254410514549443,5.790459153176436,2.57242997864469,3.5894210507337814,36.23714417564654,28.883631690485295,32.32281634664639,58.44700673491378,46.58650272658919,52.13357475265547,3.5414976057459095,1.605147218691435,2.224511411809642,5.942924064436629,2.693568962872614,3.732912985570975,34.51857571798263,27.585175207151025,30.786419303035135,57.92500719798454,46.29019127227397,51.6621419811206,0.8090452261306533,-0.0009547738693467256,-0.010954773869346734,0.6432160804020101,-0.011783919597989967,-0.001783919597989958,0.5125628140703518,-0.00743718592964826,-0.0024371859296482556,0.430327868852459,0.07654463776861442,0.1523987135391075,0.4156378600823045,0.44221105527638194,0.08882759662976536,0.15339636412446211,0.4191919191919192,0.430327868852459,0.07654463776861442,0.1523987135391075,0.4156378600823045,29.0,14.0,13.0,39.0,10.0,10.0,46.0,11.0,11.0,0.00021666072460078113,9.876293756134205e-05,0.0001734127877774118,-3.136820234672655e-06,-7.934534252473924e-05,-9.790377231322367e-05,"[9.3046875, 2.685546875, 0.298828125, 2.537109375, 3.97265625, 8.3515625, 0.01456451416015625, 7.2734375, 5.60546875, 0.443115234375, 10.546875, 3.18359375, 0.06024169921875, 4.53125, 7.94140625, 0.30908203125, 4.34375, 2.140625, 4.01953125, 7.69140625, 4.96875, 0.119873046875, 0.32421875, 3.3671875, 7.203125, 2.51171875, 3.591796875, 0.732421875, 3.984375, 4.78125, 6.78515625, 6.13671875, 4.734375, 1.7353515625, 1.44921875, 7.234375, 4.5, 8.9453125, 10.0234375, 3.306640625, 0.035369873046875, 5.5546875, 1.0625, 5.53125, 0.8427734375, 1.537109375, 1.0361328125, 6.35546875, 0.144775390625, 11.4375, 1.71484375, 4.49609375, 2.609375, 10.3125, 0.9541015625, 6.0859375, 2.009765625, 1.7890625, 4.734375, 5.31640625, 5.296875, 2.78515625, 3.455078125, 1.240234375, 4.2890625, 0.376708984375, 5.3203125, 0.61083984375, 3.08984375, 4.1953125, 2.69140625, 4.80859375, 3.111328125, 0.06756591796875, 7.8359375, 2.00390625, 2.205078125, 5.3515625, 1.61328125, 4.609375, 0.089599609375, 2.2109375, 7.0703125, 7.6171875, 6.7109375, 2.806640625, 5.27734375, 2.48046875, 1.548828125, 1.755859375, 0.923828125, 4.828125, 4.16796875, 2.4140625, 0.6337890625, 1.9033203125, 0.83203125, 7.9609375, 1.68359375, 6.46484375, 8.7109375, 2.3046875, 7.53515625, 0.71728515625, 2.380859375, 1.9150390625, 4.125, 0.2509765625, 9.390625, 0.05108642578125, 3.11328125, 3.08203125, 4.16796875, 3.91015625, 1.49609375, 1.138671875, 5.2421875, 2.650390625, 2.423828125, 7.03515625, 3.720703125, 1.71484375, 3.87109375, 2.97265625, 0.814453125, 7.95703125, 3.208984375, 6.8359375, 0.2144775390625, 4.14453125, 2.697265625, 0.023040771484375, 6.46875, 6.640625, 7.39453125, 4.74609375, 2.349609375, 2.26953125, 9.4375, 5.9609375, 2.458984375, 1.802734375, 3.919921875, 0.297119140625, 3.14453125, 7.2421875, 1.07421875, 4.1484375, 4.59375, 1.1640625, 2.94921875, 4.29296875, 4.60546875, 0.254638671875, 1.072265625, 4.515625, 1.6328125, 0.325927734375, 8.015625, 5.1171875, 1.4140625, 8.2109375, 3.140625, 4.37890625, 2.568359375, 1.7060546875, 0.005889892578125, 6.8203125, 1.7548828125, 0.0127105712890625, 5.96875, 0.062164306640625, 6.421875, 0.0079193115234375, 0.0025787353515625, 1.466796875, 0.001277923583984375, 4.4453125, 0.264404296875, 5.36328125, 2.62890625, 0.60302734375, 4.140625, 0.41552734375, 7.87109375, 3.521484375, 5.17578125, 7.24609375, 0.99462890625, 1.54296875, 6.90234375, 1.2431640625, 1.3984375, 5.7734375, 2.306640625, 0.279541015625, 3.341796875, 1.0517578125, 3.841796875, 1.4443359375, 3.154296875, 0.70849609375, 9.8125, 2.33984375, 0.2105712890625, 5.5703125, 5.1171875, 1.1845703125, 4.59765625, 1.2998046875, 8.765625, 3.48828125, 2.423828125, 2.373046875, 0.1956787109375, 2.796875, 2.130859375, 8.296875, 0.1986083984375, 4.33984375, 9.4921875, 4.27734375, 3.3203125, 1.712890625, 2.826171875, 2.267578125, 5.28125, 0.7353515625, 0.191650390625, 2.0390625, 0.61474609375, 4.8515625, 0.62255859375, 2.400390625, 0.430908203125, 2.587890625, 3.248046875, 6.83984375, 0.440185546875, 2.486328125, 9.4921875, 9.75, 1.9765625, 4.1953125]",-0.7126432481359264
233,0,test,3.5492086555899642,1.5543333527033891,2.183438401881272,6.217408070430647,2.7228392774307597,3.8248885479764128,34.78577906104047,27.434492774485882,30.867038746965264,60.93679027004963,48.05900507303555,54.07204659929376,3.6213011525983188,1.5684755225876468,2.190737245669916,5.888294557070437,2.5503667033945474,3.5621743832031156,37.38618131536825,29.596299955167574,33.20512506149964,60.79053872417602,48.124064967752155,53.99207327073113,3.5492086555899642,1.5543333527033891,2.183438401881272,6.217408070430647,2.7228392774307597,3.8248885479764128,34.78577906104047,27.434492774485882,30.867038746965264,60.93679027004963,48.05900507303555,54.07204659929376,0.7738693467336684,0.003869346733668344,0.008869346733668348,0.6331658291457287,-0.0018341708542712887,-0.006834170854271293,0.507537688442211,-0.007462311557788981,-0.0024623115577889765,0.45934959349593496,0.12398373983739841,0.18834688346883466,0.4408163265306122,0.44723618090452266,0.09045226130653272,0.16582914572864327,0.4545454545454546,0.45934959349593496,0.12398373983739841,0.18834688346883466,0.4408163265306122,18.0,6.0,5.0,29.0,4.0,3.0,41.0,10.0,10.0,0.00020859429659306504,0.00024076402197964505,0.0002932676556085826,-1.699666395538202e-05,-9.033858156382024e-05,-0.00010696492421935488,"[7.03125, 1.359375, 1.5029296875, 0.00634765625, 0.041778564453125, 5.08984375, 0.955078125, 3.341796875, 2.654296875, 0.00328826904296875, 9.4453125, 2.392578125, 2.072265625, 3.931640625, 2.80859375, 1.390625, 6.578125, 1.7177734375, 8.0234375, 3.6875, 8.203125, 0.2152099609375, 8.546875, 0.91552734375, 0.58935546875, 1.4052734375, 4.05078125, 7.1953125, 6.4765625, 2.5703125, 7.234375, 4.9140625, 3.318359375, 8.140625, 4.16796875, 0.42529296875, 4.55078125, 7.4609375, 1.3388671875, 0.9208984375, 0.708984375, 9.3359375, 3.873046875, 8.2890625, 4.203125, 5.125, 0.2783203125, 0.64794921875, 0.0194244384765625, 0.089111328125, 1.6171875, 11.9609375, 4.3671875, 4.61328125, 1.869140625, 7.22265625, 0.556640625, 3.4140625, 2.607421875, 0.97998046875, 9.7578125, 0.3291015625, 1.7041015625, 2.67578125, 0.0035991668701171875, 1.634765625, 5.2578125, 3.92578125, 4.15234375, 8.0390625, 2.255859375, 5.55859375, 1.1630859375, 5.56640625, 9.0546875, 1.3740234375, 1.65234375, 8.0546875, 6.625, 5.46484375, 2.140625, 8.03125, 2.84375, 5.87890625, 0.4658203125, 9.8515625, 1.8076171875, 6.92578125, 3.306640625, 0.59521484375, 4.609375, 0.2783203125, 2.232421875, 4.6796875, 6.84375, 4.34375, 5.07421875, 0.3056640625, 3.9375, 0.035247802734375, 1.076171875, 3.73828125, 4.4140625, 2.099609375, 4.8984375, 5.0078125, 4.26953125, 1.4384765625, 5.28515625, 4.57421875, 10.9609375, 7.63671875, 5.12109375, 1.33984375, 4.0859375, 15.015625, 0.11895751953125, 4.83984375, 0.043914794921875, 3.51171875, 3.68359375, 4.65625, 6.6328125, 1.96484375, 3.2734375, 7.8359375, 2.83984375, 2.7265625, 1.5439453125, 9.8359375, 0.95263671875, 0.1895751953125, 0.56005859375, 4.85546875, 2.611328125, 2.205078125, 5.74609375, 5.66796875, 3.14453125, 1.54296875, 2.2578125, 1.974609375, 4.390625, 5.16015625, 0.97900390625, 3.556640625, 0.4775390625, 4.4921875, 0.68359375, 0.043914794921875, 2.947265625, 6.40234375, 3.3203125, 3.92578125, 2.19140625, 0.1119384765625, 6.55078125, 0.677734375, 2.16015625, 6.14453125, 0.43798828125, 1.34765625, 6.87890625, 2.5078125, 9.5859375, 3.361328125, 0.82275390625, 3.947265625, 1.7939453125, 7.3046875, 3.5625, 1.4169921875, 1.923828125, 0.82177734375, 7.015625, 0.1260986328125, 9.90625, 2.380859375, 2.484375, 0.00023627281188964844, 6.38671875, 0.591796875, 1.7158203125, 7.5078125, 1.5322265625, 7.23828125, 2.173828125, 0.4287109375, 3.564453125, 4.6015625, 0.763671875, 6.30859375, 0.2415771484375, 0.63037109375, 5.3046875, 0.00807952880859375, 3.701171875, 5.89453125, 0.048553466796875, 3.298828125, 0.82080078125, 0.95849609375, 4.05859375, 3.92578125, 11.34375, 0.1353759765625, 3.611328125, 6.28515625, 8.3671875, 2.94140625, 7.55859375, 0.2298583984375, 1.3212890625, 2.091796875, 1.2822265625, 0.00286102294921875, 5.92578125, 4.265625, 7.3359375, 1.873046875, 0.884765625, 0.92529296875, 6.1640625, 0.33251953125, 4.078125, 6.90625, 6.0546875, 0.1390380859375, 5.72265625, 5.703125, 0.1217041015625, 1.8505859375, 3.97265625, 0.794921875, 1.212890625, 0.71630859375, 0.9052734375, 0.275146484375, 0.60986328125, 1.57421875, 9.609375, 4.63671875, 0.2105712890625, 1.9189453125, 6.45703125, 0.1424560546875]",-0.7338838431893326
467,0,test,3.132930706056316,1.3453206261251398,1.8175612201797722,5.795110166124896,2.4884946296718913,3.362017386550149,22.941114781591626,16.965959536446064,19.214987299175245,42.43511905195964,31.382629816120442,35.54274852748996,3.3171333955160938,1.3098962927637525,1.8901392230361427,5.30741343282575,2.095834068422004,3.024222756857828,27.581172813438556,20.138447385299052,23.415015212172456,44.12987650150169,32.22151581647849,37.464024339475934,3.140232226521674,1.3316510392702599,1.8393733044427172,5.641135736266481,2.392187495695078,3.3042634211545825,23.109232812394268,17.0074488135319,19.436783150958803,41.51359187855258,30.552303257841746,34.91637691789007,0.6733668341708543,-0.001633165829145744,-0.001633165829145744,0.5678391959798995,-0.007160804020100442,-0.0021608040201005485,0.46733668341708545,-0.002663316582914521,-0.0076633165829145256,0.4410112359550562,0.12544321351466348,0.17414906586707968,0.4056338028169014,0.4170854271356784,0.0812458281381847,0.14329577771998558,0.40909090909090906,0.4448160535117057,0.12929017705093782,0.18786388443495372,0.4161073825503355,26.0,1.0,0.0,38.0,-2.0,1.0,46.0,4.0,0.0,0.00037082165520638347,5.977403016731281e-05,0.000337265514878058,-0.006704150181096047,-0.009152634997874998,-0.009807756853098759,"[8.109375, 6.98046875, 1.716796875, 2.20703125, 0.313232421875, 0.03851318359375, 8.940696716308594e-06, 4.2265625, 0.0031795501708984375, 0.0007648468017578125, 7.34765625, 8.5625, 4.28515625, 2.716796875, 0.96630859375, 0.96875, 6.0390625, 1.03125, 3.896484375, 6.265625, 0.02874755859375, 9.734375, 0.8251953125, 2.681640625, 4.89453125, 8.9375, 5.39453125, 0.1492919921875, 1.443359375, 0.439453125, 6.0625, 1.865234375, 4.30078125, 7.0390625, 1.181640625, 7.12109375, 2.1875, 5.9609375, 4.2890625, 0.5048828125, 4.97265625, 2.361328125, 5.1328125, 3.771484375, 6.80078125, 7.65234375, 6.4765625, 3.162109375, 2.9140625, 6.21875, 1.4599609375, 1.787109375, 0.031494140625, 0.60009765625, 1.611328125, 4.734375, 6.21484375, 5.8359375, 1.4990234375, 3.24609375, 2.60546875, 4.4453125, 4.28515625, 9.4609375, 2.34765625, 4.78125, 3.919921875, 1.4892578125, 6.47265625, 5.9140625, 6.0078125, 9.2890625, 3.228515625, 0.325439453125, 1.779296875, 3.33203125, 7.1328125, 5.9609375, 0.69384765625, 0.037506103515625, 0.00753021240234375, 0.00036025047302246094, 0.003345489501953125, 0.5341796875, 2.353515625, 7.3909759521484375e-06, 0.004352569580078125, 0.0004100799560546875, 0.01409149169921875, 0.98486328125, 0.06744384765625, 5.28515625, 0.003513336181640625, 5.125, 3.216796875, 6.0390625, 0.491455078125, 6.76953125, 3.421875, 8.578125, 2.625, 9.7734375, 0.00952911376953125, 6.63671875, 1.423828125, 8.328125, 5.625, 3.21875, 0.00017213821411132812, 0.00763702392578125, 0.00015532970428466797, 0.0007810592651367188, 1.61328125, 1.5849609375, 10.453125, 6.05078125, 7.3828125, 2.537109375, 3.357421875, 0.0095367431640625, 6.2734375, 3.705078125, 7.76953125, 0.77099609375, 6.4765625, 0.876953125, 0.2266845703125, 0.00327301025390625, 3.427734375, 5.60546875, 2.037109375, 11.9453125, 2.154296875, 0.0019502639770507812, 0.7578125, 0.09405517578125, 0.077392578125, 4.140625, 0.2509765625, 10.1484375, 1.6357421875, 0.1590576171875, 1.1650390625, 4.851818084716797e-05, 0.007350921630859375, 0.00014126300811767578, 0.0007929801940917969, 0.341796875, 2.41796875, 2.220703125, 3.138671875, 5.26171875, 7.453125, 8.453125, 0.27783203125, 1.2177734375, 2.22265625, 0.0004742145538330078, 8.9140625, 6.046875, 3.267578125, 0.736328125, 0.01666259765625, 2.5390625, 5.31640625, 0.37548828125, 0.0301971435546875, 0.035308837890625, 2.474609375, 4.91796875, 4.0, 3.322265625, 0.0364990234375, 9.5859375, 0.1705322265625, 2.08984375, 5.7578125, 3.904296875, 3.220703125, 4.66796875, 1.9970703125, 1.865234375, 5.3125, 8.359375, 0.0186767578125, 8.0546875, 7.24609375, 0.6611328125, 0.0125732421875, 0.00942230224609375, 8.3671875, 1.6904296875, 10.109375, 0.030670166015625, 8.3828125, 7.11328125, 0.309814453125, 2.40234375, 3.06640625, 5.68359375, 0.0088653564453125, 8.359375, 0.009765625, 3.478515625, 8.375, 0.37158203125, 5.65234375, 1.2998046875, 2.814453125, 0.1314697265625, 7.66015625, 0.006732940673828125, 3.90625, 4.45703125, 4.0859375, 1.55859375, 2.224609375, 1.7197265625, 5.6862831115722656e-05, 0.007419586181640625, 2.1338462829589844e-05, 0.0008296966552734375, 2.21875, 2.5625, 1.3113021850585938e-06, 0.0026645660400390625, 2.014636993408203e-05, 0.00047779083251953125, 0.311279296875, 4.375, 0.60107421875, 6.15234375, 3.701171875, 5.1875, 1.2275390625, 0.7978515625, 5.7890625, 2.8828125, 6.30078125, 0.50732421875, 5.66796875, 1.8203125, 3.638671875, 5.375, 0.08740234375, 4.22265625, 1.4013671875, 5.1953125, 0.27587890625, 3.80859375, 0.6572265625, 0.037261962890625, 0.00439453125, 1.708984375, 0.5419921875, 0.00015354156494140625, 0.007793426513671875, 5.137920379638672e-05, 0.00019228458404541016, 0.626953125, 2.46484375, 2.3484230041503906e-05, 0.0010328292846679688, 0.0002498626708984375, 0.0012712478637695312, 1.498046875, 0.122802734375, 3.328125, 3.34765625, 9.890625, 4.37890625, 5.73828125, 0.70703125, 0.74560546875, 7.78515625, 4.40625, 0.10772705078125, 0.004154205322265625, 0.0011005401611328125, 4.86328125, 3.96484375, 1.2626953125, 1.34765625, 0.0008559226989746094, 5.3125, 8.53125, 0.2288818359375, 9.1796875, 1.5078125, 11.1953125, 4.1484375, 0.63427734375, 10.34375, 1.5888671875, 8.71875, 7.421875, 3.767578125, 3.8671875, 0.529296875, 1.6689453125, 2.599609375, 2.55859375, 9.71875, 1.009765625, 0.767578125, 3.419921875, 0.857421875, 7.96875, 0.018035888671875, 5.98046875, 5.9140625, 2.720703125, 3.86328125, 0.4892578125, 0.00791168212890625, 0.007732391357421875, 5.45703125, 1.6396484375, 2.05078125, 0.01084136962890625, 5.265625, 4.640625, 2.373046875, 0.81591796875, 4.11328125, 7.57421875, 0.55078125, 0.8662109375, 6.12109375, 3.958984375, 0.6025390625, 2.85546875, 4.75, 6.2890625, 1.2060546875, 2.580078125, 8.46875, 0.1514892578125, 0.0001233816146850586, 0.043243408203125, 0.0239715576171875, 0.0151519775390625, 2.568359375, 4.140625, 6.6484375, 1.1083984375, 6.80078125, 2.146484375, 4.1796875, 0.8916015625, 7.55859375, 3.3671875, 7.75, 1.0439453125, 9.0625, 0.2088623046875]",-0.7709455985701488
143,0,test,3.6206713047894565,1.6505659518368316,2.257090033003778,5.7453766213724915,2.619161540339883,3.581609932610786,37.36264112513187,30.19120914504895,33.452469481011846,59.28802334227513,47.90820612837109,53.083259954899034,3.7125742255742824,1.6260437081806622,2.282238092454434,5.341833418092493,2.33963123479232,3.283795816481201,40.95910891846336,32.90219562260822,36.77900489125122,58.933969666853756,47.34128866562334,52.91943149820319,3.6296019481890127,1.6416583226034134,2.267043480216855,5.759548001617296,2.6050266795802672,3.597404324895009,37.697807949541684,30.397302206775453,33.79163359931859,59.8198748899913,48.23524002871554,53.62145451388877,0.7989949748743719,-0.006005025125628061,-0.006005025125628061,0.6834170854271358,0.008417085427135707,0.008417085427135707,0.5025125628140703,0.007512562814070312,-0.0024874371859296973,0.4242424242424242,0.0719696969696969,0.1477272727272727,0.4334600760456274,0.4321608040201005,0.07537688442211055,0.15242881072026804,0.4545454545454546,0.43181818181818177,0.07954545454545447,0.16161616161616155,0.4448669201520913,23.0,10.0,9.0,36.0,12.0,13.0,45.0,14.0,15.0,2.1068579864520874e-05,1.3319330571339102e-05,-0.00018502607248105908,-0.000141735257445319,-0.00018927773293242467,8.23537205478786e-05,"[7.05859375, 1.3818359375, 1.4873046875, 0.00400543212890625, 0.036102294921875, 5.0078125, 0.352783203125, 4.078125, 8.2109375, 8.265625, 1.015625, 2.130859375, 6.96875, 4.93359375, 9.484375, 1.7939453125, 2.53125, 4.7578125, 4.5859375, 1.4716796875, 5.765625, 3.421875, 0.4228515625, 1.0849609375, 3.134765625, 0.06561279296875, 2.189453125, 6.6015625, 5.30078125, 0.89453125, 6.6796875, 2.49609375, 2.521484375, 3.68359375, 1.1728515625, 4.34765625, 2.201171875, 7.40234375, 3.78515625, 0.0777587890625, 3.369140625, 2.578125, 2.7734375, 9.375, 9.7421875, 5.40625, 3.146484375, 0.8125, 3.771484375, 7.30859375, 0.04937744140625, 6.1640625, 4.66015625, 2.2265625, 8.4296875, 0.06634521484375, 1.6943359375, 2.919921875, 4.16015625, 1.0244140625, 3.6171875, 8.0625, 0.52294921875, 0.31982421875, 4.8515625, 1.552734375, 3.1015625, 1.31640625, 2.021484375, 0.337890625, 5.84375, 2.064453125, 3.205078125, 3.904296875, 2.8125, 2.8359375, 1.0263671875, 2.4765625, 4.54296875, 4.34375, 0.12164306640625, 2.2734375, 2.837890625, 5.5234375, 9.2421875, 0.76904296875, 4.82421875, 0.002719879150390625, 2.443359375, 2.57421875, 8.4765625, 0.0233612060546875, 1.08984375, 2.2734375, 1.8046875, 7.51171875, 0.30908203125, 2.37109375, 1.951171875, 1.3935546875, 4.1171875, 5.3984375, 0.78369140625, 0.216064453125, 1.9560546875, 0.00438690185546875, 6.44921875, 0.002597808837890625, 7.4296875, 0.56494140625, 2.77734375, 3.296875, 2.314453125, 3.447265625, 4.01953125, 5.84765625, 1.1630859375, 6.20703125, 0.405517578125, 4.5703125, 8.1640625, 3.9140625, 0.445068359375, 0.7744140625, 9.765625, 1.501953125, 3.400390625, 0.96044921875, 5.375, 0.428466796875, 0.005336761474609375, 0.0016012191772460938, 4.203125, 3.384765625, 1.5263671875, 1.810546875, 11.015625, 6.8046875, 3.810546875, 10.5703125, 0.28271484375, 6.23828125, 4.52734375, 11.6015625, 2.525390625, 1.919921875, 7.7109375, 2.5234375, 8.9921875, 1.873046875, 3.28515625, 1.05859375, 0.26416015625, 9.2890625, 7.75, 3.984375, 1.37109375, 3.419921875, 2.76953125, 0.712890625, 11.6484375, 7.359375, 3.189453125, 4.796875, 5.12109375, 12.6015625, 7.28125, 4.6015625, 0.8408203125, 6.8515625, 5.4765625, 6.65234375, 0.6064453125, 0.84912109375, 5.05859375, 0.08197021484375, 6.7890625, 0.2705078125, 2.271484375, 4.1953125, 2.3359375, 2.39453125, 2.951171875, 2.955078125, 5.4140625, 2.193359375, 8.140625, 6.02734375, 6.8359375, 5.59375, 1.44140625, 9.9375, 2.677734375, 4.23046875, 5.5234375, 2.5390625, 9.9140625, 0.388671875, 2.12890625, 3.34765625, 1.564453125, 4.91015625, 8.0625, 2.9375, 2.650390625, 5.23828125, 5.1640625, 3.044921875, 4.65234375, 2.5234375, 0.41259765625, 6.08984375, 2.45703125, 7.44140625, 2.103515625, 4.47265625, 2.904296875, 2.634765625, 1.2919921875, 13.8359375, 4.9765625, 1.099609375, 0.6396484375, 8.3828125, 0.003192901611328125, 1.3037109375, 6.98046875, 4.3671875, 2.740234375, 7.16796875, 4.07421875, 2.904296875, 3.396484375, 4.05859375, 1.4384765625, 2.306640625, 0.07470703125, 6.828125, 6.38671875, 2.11328125, 0.55908203125, 4.5390625, 0.68994140625, 6.61328125, 4.3203125, 0.34326171875, 0.06585693359375, 3.626953125, 4.23046875, 0.1065673828125, 3.875, 1.9345703125, 6.0234375, 0.1710205078125, 1.46875, 7.140625, 0.1092529296875, 1.9521484375, 3.029296875, 7.1328125, 2.46875, 0.2025146484375, 0.0011539459228515625, 0.10919189453125]",-0.9006552371111782
32,0,test,4.704701164189507,2.2223344205330338,3.0382270056121596,6.759912725388082,3.1931436673974645,4.365452487011156,110.46526903634559,98.49570923593467,105.17179811994018,158.72114972064392,141.52278221794822,151.11526782496665,4.498379489285263,2.0474036281183112,2.8354465765112646,6.291439845154214,2.8635015777878476,3.965659547568202,89.87137570588769,78.27171484949616,84.5966171191157,125.69423175648627,109.47092985943519,118.31694701974224,4.704701164189507,2.2223344205330338,3.0382270056121596,6.759912725388082,3.1931436673974645,4.365452487011156,110.46526903634559,98.49570923593467,105.17179811994018,158.72114972064392,141.52278221794822,151.11526782496665,0.8341708542713568,-0.0008291457286431214,-0.0008291457286431214,0.6934673366834171,0.008467336683417037,-0.0015326633165829717,0.592964824120603,-0.007035175879396949,-0.007035175879396949,0.48897058823529416,0.14218159740960612,0.22246692075363161,0.46863468634686345,0.46733668341708545,0.12397828742711048,0.2018942794104076,0.4242424242424242,0.48897058823529416,0.14218159740960612,0.22246692075363161,0.46863468634686345,25.0,0.0,-1.0,40.0,1.0,1.0,48.0,-2.0,-1.0,-0.0008686658433865321,-4.745192371599104e-05,8.394289655733748e-05,-0.00019717463232815646,0.00020823100688893703,5.431726479621091e-05,"[8.3359375, 10.8359375, 3.349609375, 4.37109375, 6.54296875, 5.6875, 10.9375, 2.2109375, 4.89453125, 5.22265625, 1.3232421875, 0.338134765625, 7.34375, 4.45703125, 1.9462890625, 2.0390625, 6.296875, 3.533203125, 1.3134765625, 6.6171875, 2.810546875, 13.6875, 1.5556640625, 0.34228515625, 4.078125, 6.51171875, 12.703125, 1.5537109375, 7.61328125, 14.2421875, 8.3203125, 7.18359375, 5.109375, 3.7734375, 7.921875, 4.73828125, 11.6171875, 2.447265625, 0.0155181884765625, 3.3046875, 9.4140625, 0.609375, 1.9833984375, 5.88671875, 5.64453125, 1.0859375, 9.28125, 3.169921875, 5.43359375, 6.53125, 0.246826171875, 7.87890625, 6.89453125, 2.3828125, 6.7734375, 1.37109375, 2.857421875, 9.609375, 1.1845703125, 0.0164947509765625, 0.0017337799072265625, 3.48828125, 3.509765625, 1.263671875, 4.58984375, 12.0703125, 3.23828125, 0.02642822265625, 5.46484375, 2.146484375, 1.8251953125, 6.33984375, 2.6328125, 5.8515625, 1.15234375, 6.94140625, 1.830078125, 7.6953125, 2.25, 5.09765625, 4.1640625, 6.11328125, 0.61865234375, 5.43359375, 4.62109375, 7.80078125, 1.41796875, 4.6796875, 5.03125, 4.03515625, 0.2215576171875, 3.2734375, 2.08203125, 2.900390625, 1.8349609375, 0.74267578125, 0.02166748046875, 1.2685546875, 6.71484375, 3.166015625, 5.50390625, 2.572265625, 4.1796875, 6.6015625, 1.9443359375, 8.2734375, 8.140625, 6.3125, 0.5947265625, 2.41796875, 2.794921875, 1.1884765625, 3.482421875, 2.044921875, 9.140625, 4.89453125, 1.48046875, 0.32421875, 7.05859375, 8.4921875, 9.140625, 0.50537109375, 1.6025390625, 5.42578125, 7.82421875, 0.744140625, 7.296875, 1.1328125, 0.26171875, 0.66650390625, 6.90625, 2.00390625, 0.0184478759765625, 10.828125, 4.17578125, 8.4765625, 0.7998046875, 0.5732421875, 10.0390625, 0.032073974609375, 6.13671875, 7.86328125, 0.1365966796875, 0.1619873046875, 0.95068359375, 0.424072265625, 7.64453125, 3.4296875, 8.6953125, 0.319580078125, 6.40234375, 7.7734375, 3.337890625, 1.47265625, 10.96875, 4.47265625, 7.5078125, 0.5439453125, 2.236328125, 0.490234375, 9.390625, 4.0390625, 0.0310821533203125, 7.11328125, 6.13671875, 2.146484375, 9.9296875, 3.962890625, 7.84765625, 6.30078125, 0.55810546875, 0.6865234375, 11.2734375, 7.30078125, 0.0096893310546875, 0.00054168701171875, 9.859375, 4.98828125, 6.5703125, 5.06640625, 0.2315673828125, 11.96875, 7.515625, 4.1640625, 9.0, 6.73828125, 0.51953125, 1.7138671875, 0.986328125, 6.77734375, 8.4453125, 7.51171875, 5.4453125, 3.63671875, 2.705078125, 10.5, 1.1337890625, 1.3154296875, 5.42578125, 5.02734375, 7.3671875, 3.083984375, 3.1484375, 5.16796875, 8.6640625, 6.234375, 5.0390625, 2.2421875, 8.3984375, 8.0625, 2.611328125, 6.2421875, 6.22265625, 13.96875, 6.63671875, 4.89453125, 5.703125, 10.15625, 2.119140625, 9.3125, 7.63671875, 0.16162109375, 8.3515625, 1.822265625, 6.08203125, 13.4765625, 1.3173828125, 8.1328125, 0.5537109375, 1.7158203125, 5.02734375, 5.51171875, 0.68701171875, 2.955078125, 6.38671875, 4.93359375, 4.48828125, 1.2783203125, 5.40625, 4.15234375, 10.09375, 0.005664825439453125, 8.0546875, 1.6796875, 1.2080078125, 2.705078125, 11.6953125, 0.0052337646484375, 3.03125, 0.0220947265625, 5.8671875, 3.16796875, 2.578125, 0.9833984375, 8.4296875, 4.7890625, 7.24609375, 5.078125, 1.1923828125, 5.9765625, 11.640625, 7.87890625, 1.65625, 8.7421875, 0.1802978515625, 1.4296875, 5.55859375, 4.52734375, 16.984375, 9.53125, 4.96875, 7.640625]",-0.7299645157421333
399,0,test,3.913517381362764,1.7599273342149115,2.4080809980477165,6.061179358939891,2.7257411151865094,3.7295888628300005,50.07477465353698,41.45904082098256,45.56865505682955,77.55483391462435,64.21095346664373,70.57584380752871,3.9405605080139696,1.7563435130256786,2.416694433701858,5.710957257991261,2.545425381196636,3.5024557010171864,51.44742991720356,42.563740061503715,46.857493946156936,74.56149263362835,61.68657979928075,67.90941151616947,3.913517381362764,1.7599273342149115,2.4080809980477165,6.061179358939891,2.7257411151865094,3.7295888628300005,50.07477465353698,41.45904082098256,45.56865505682955,77.55483391462435,64.21095346664373,70.57584380752871,0.7638190954773869,0.008819095477386907,0.0038190954773869024,0.6482412060301508,0.008241206030150772,0.008241206030150772,0.5226130653266332,0.007613065326633195,0.007613065326633195,0.46640316205533594,0.1389869884853162,0.19833483091210335,0.4801587301587301,0.4522613065326633,0.12644677019181116,0.18181055528057644,0.4696969696969697,0.46640316205533594,0.1389869884853162,0.19833483091210335,0.4801587301587301,26.0,14.0,14.0,39.0,10.0,10.0,47.0,10.0,12.0,3.304940251790239e-05,6.293508257581613e-05,-1.4806182881744425e-05,-6.550611697964115e-05,-0.000128814918206821,0.00012090384720320202,"[2.859375, 3.21484375, 0.217529296875, 0.020843505859375, 4.184246063232422e-05, 1.068359375, 0.0114898681640625, 0.01314544677734375, 2.568359375, 5.81640625, 0.10198974609375, 6.421875, 9.5234375, 2.130859375, 7.10546875, 9.0859375, 2.38671875, 5.90625, 5.31640625, 0.6640625, 9.0, 0.90625, 5.55078125, 2.775390625, 3.12890625, 1.46875, 0.0196990966796875, 3.80859375, 8.7109375, 6.44140625, 3.244140625, 9.265625, 0.81982421875, 7.22265625, 2.734375, 7.7421875, 1.8193359375, 8.9140625, 2.15625, 0.343994140625, 6.921875, 4.32421875, 1.7451171875, 3.060546875, 11.484375, 1.4248046875, 1.8603515625, 5.91796875, 3.826171875, 8.140625, 7.82421875, 3.138671875, 5.58203125, 6.61328125, 3.048828125, 8.6171875, 1.35546875, 0.67626953125, 8.28125, 1.5966796875, 3.578125, 0.0033931732177734375, 7.13671875, 1.24609375, 9.1015625, 6.953125, 0.5419921875, 4.12109375, 12.0, 0.90380859375, 6.953125, 1.130859375, 1.734375, 6.58203125, 1.5458984375, 5.64453125, 0.1859130859375, 7.109375, 1.3974609375, 2.51171875, 4.8359375, 0.043060302734375, 4.71484375, 5.26953125, 1.462890625, 2.05078125, 4.59375, 4.328125, 4.59375, 0.4853515625, 4.75, 0.022430419921875, 5.58203125, 1.2138671875, 3.001953125, 2.859375, 11.0, 0.0740966796875, 2.21484375, 0.92626953125, 0.006256103515625, 10.78125, 0.0753173828125, 0.058013916015625, 0.0012340545654296875, 1.90625, 8.5859375, 0.08233642578125, 0.3212890625, 0.2205810546875, 8.8046875, 1.1142578125, 9.1640625, 12.640625, 0.54150390625, 5.51171875, 0.131103515625, 3.044921875, 2.994140625, 8.296875, 7.14453125, 6.859375, 4.2890625, 1.439453125, 9.421875, 1.166015625, 5.71484375, 6.97265625, 0.060577392578125, 3.4765625, 6.83203125, 0.0018310546875, 1.6083984375, 7.5078125, 0.00963592529296875, 2.05859375, 11.3515625, 6.265625, 1.990234375, 2.154296875, 0.0002868175506591797, 6.203125, 2.44921875, 0.7080078125, 1.55859375, 0.0919189453125, 10.328125, 5.0234375, 4.2109375, 6.6015625, 7.2421875, 2.1875, 2.015625, 4.74609375, 3.455078125, 6.33984375, 2.859375, 7.88671875, 4.65625, 5.203125, 6.41796875, 4.19140625, 0.76318359375, 3.068359375, 1.865234375, 0.5224609375, 0.6123046875, 7.97265625, 2.37109375, 3.9453125, 2.888671875, 8.8125, 1.279296875, 8.1640625, 0.0226593017578125, 2.2578125, 5.890625, 7.7265625, 8.515625, 6.53515625, 4.7265625, 0.007205963134765625, 10.59375, 2.185546875, 8.6796875, 0.1983642578125, 0.1300048828125, 0.8125, 6.90625, 5.8984375, 4.3984375, 1.5888671875, 3.740234375, 2.24609375, 5.7421875, 6.19140625, 4.34375, 0.69970703125, 0.0014867782592773438, 0.160888671875, 0.37744140625, 5.23828125, 5.80078125, 8.1171875, 0.035797119140625, 8.84375, 1.744140625, 2.12109375, 7.66796875, 0.09686279296875, 5.53125, 2.158203125, 1.83984375, 1.8974609375, 1.1357421875, 4.65625, 4.1171875, 3.01953125, 7.33203125, 4.17578125, 4.03125, 6.41796875, 6.37109375, 1.1083984375, 5.55078125, 6.14453125, 4.2734375, 4.03515625, 3.884765625, 6.76953125, 4.04296875, 5.671875, 5.125, 3.51953125, 8.859375, 1.251953125, 0.830078125, 1.5078125, 0.0004024505615234375, 7.16796875, 0.4931640625, 5.91796875, 8.390625, 0.024688720703125, 2.64453125, 2.28515625, 1.3955078125, 3.251953125, 5.43359375, 0.5966796875, 0.006145477294921875, 5.234375, 4.17578125]",-0.7728439315034468
216,0,test,3.3599704934704686,1.4349682425840828,1.9821621404342102,6.257190559696502,2.6723061284050886,3.6913318902696974,28.788341422664136,21.933177326586787,24.822141836867605,53.611821451787705,40.84561765609875,46.22566533692111,3.3295529056434057,1.312210151766985,1.8761749130818615,5.54925484273901,2.187016919611642,3.1269581884697693,27.925853420256832,20.40753308096678,23.64831378571067,46.54308903376139,34.012555134944634,39.41385630951778,3.3636349140601016,1.4368892871774626,1.976880102520701,6.267642697006401,2.6774334543679434,3.6836275202249094,28.89402753463456,22.026901886309822,24.892185308862253,53.839802859567506,41.04391655834128,46.3829539916688,0.6482412060301508,0.013241206030150776,0.008241206030150772,0.542713567839196,-0.007286432160804046,-0.0022864321608039306,0.46733668341708545,-0.002663316582914521,-0.002663316582914521,0.43870967741935485,0.1247000155836061,0.190855600166136,0.459546925566343,0.44723618090452266,0.13144670722031215,0.19347992047046592,0.4696969696969697,0.4448160535117057,0.1393068715417558,0.2012120490623175,0.4664429530201343,19.0,7.0,7.0,31.0,6.0,6.0,42.0,10.0,10.0,-5.701217996174385e-05,-5.264762405590708e-05,5.856439837143208e-06,-0.02232523731988323,-0.025505439707970368,-0.020498124235631465,"[2.859375, 2.21484375, 0.2666015625, 0.05609130859375, 3.802776336669922e-05, 1.1826171875, 0.01139068603515625, 0.01456451416015625, 1.5693359375, 8.0859375, 3.4140625, 0.3583984375, 7.77734375, 7.51171875, 7.38671875, 1.7001953125, 1.484375, 6.51953125, 4.77734375, 8.6171875, 0.62939453125, 2.826171875, 1.1904296875, 4.984375, 0.29736328125, 0.8544921875, 3.439453125, 3.248046875, 0.8916015625, 4.04296875, 3.123046875, 1.4892578125, 0.003093719482421875, 0.693359375, 4.53125, 7.06640625, 0.00481414794921875, 7.75390625, 5.51171875, 0.0980224609375, 0.908203125, 6.859375, 1.0615234375, 0.73291015625, 3.642578125, 2.775390625, 2.291015625, 1.9150390625, 5.88671875, 0.008026123046875, 4.97265625, 8.109375, 3.5703125, 0.019195556640625, 6.08203125, 2.6796875, 7.70703125, 0.72216796875, 6.16015625, 0.369384765625, 1.451171875, 8.125, 2.51171875, 3.662109375, 4.08203125, 5.1484375, 0.6904296875, 0.00023221969604492188, 0.0003604888916015625, 0.000453948974609375, 3.2782554626464844e-05, 0.000728607177734375, 3.170967102050781e-05, 7.7890625, 4.36328125, 7.89453125, 2.416015625, 0.623046875, 14.0390625, 1.828125, 6.47265625, 4.421875, 6.68359375, 2.1796875, 4.546875, 6.07421875, 3.669921875, 5.9375, 4.18359375, 1.8583984375, 5.390625, 10.0546875, 10.34375, 5.47265625, 0.0819091796875, 6.08203125, 4.80859375, 7.296875, 1.544921875, 6.37890625, 1.2509765625, 0.31982421875, 0.319091796875, 3.2901763916015625e-05, 6.580352783203125e-05, 0.00012791156768798828, 2.0265579223632812e-06, 8.273124694824219e-05, 2.8133392333984375e-05, 3.890625, 7.46484375, 0.328857421875, 0.91796875, 0.02862548828125, -0.0, 7.927417755126953e-05, 0.0001093149185180664, 5.0067901611328125e-06, 3.504753112792969e-05, 5.316734313964844e-05, 3.345703125, 7.4453125, 3.939453125, 6.62890625, 0.178955078125, 0.91650390625, 5.0546875, 6.5546875, 6.140625, 4.88671875, 8.1328125, 0.29296875, 8.9453125, 1.4638671875, 2.96484375, 2.77734375, 6.85546875, 4.46875, 4.46875, 8.375, 0.44921875, 1.865234375, 3.294921875, 2.58984375, 6.390625, 4.04296875, 7.01953125, 8.4375, 1.7158203125, 9.84375, 0.271484375, 0.9619140625, 3.814697265625e-06, 0.0015249252319335938, 7.283687591552734e-05, 1.1920928955078125e-06, 1.6689300537109375e-05, 1.5497207641601562e-06, 7.46875, 7.328125, 0.468017578125, 3.623046875, 1.1205673217773438e-05, 0.0003650188446044922, 0.00037169456481933594, 2.86102294921875e-06, 1.8596649169921875e-05, 0.0025005340576171875, 14.8828125, 10.515625, 10.078125, 0.10137939453125, 0.263916015625, 5.78125, 0.96044921875, 0.39599609375, 6.33984375, 2.486328125, 0.1165771484375, 6.83203125, 1.841796875, 2.169921875, 3.234375, 7.91796875, 5.87109375, 1.978515625, 4.76171875, 0.00968170166015625, 5.03515625, 4.7109375, 1.041015625, 8.0234375, 0.70849609375, 6.6796875, 2.150390625, 7.1875, 6.36328125, 0.294189453125, 4.1015625, 1.921875, 1.8115234375, 1.1086463928222656e-05, 0.0032367706298828125, 7.62939453125e-05, 7.152557373046875e-07, 3.2782554626464844e-05, 8.344650268554688e-07, 4.35546875, 4.6328125, 4.23828125, 5.36328125, 0.08819580078125, 0.8583984375, 3.12109375, 5.57421875, 1.73828125, 9.0859375, 1.9150390625, 6.06640625, 7.48828125, 7.2109375, 7.09765625, 1.8115234375, 2.1484375, 3.4609375, 0.125244140625, 0.02197265625, 9.5390625, 0.12445068359375, 0.7802734375, 8.4140625, 1.1728515625, 13.140625, 0.4755859375, 9.8671875, 2.4609375, 7.69921875, 3.86328125, 1.8173828125, 4.734375, 7.52734375, 5.16015625, 0.75048828125, 9.34375, 3.12890625, 0.344482421875, 5.296875, 2.025390625, 8.5, 5.0390625, 1.373046875, 7.94921875, 1.1298828125, 6.87109375, 2.263671875, 4.546875, 7.3359375, 0.032867431640625, 0.0843505859375, 2.22265625, 0.890625, 5.47265625, 0.40576171875, 4.49609375, 8.1640625, 0.0023326873779296875, 4.46875, 7.90234375, 0.52587890625, 4.1015625, 3.521484375, 2.944469451904297e-05, 0.00028824806213378906, 7.402896881103516e-05, 3.6954879760742188e-06, 1.9311904907226562e-05, 2.86102294921875e-06, 8.03125, 1.271484375, 0.1536865234375, 0.1748046875, 1.3623046875, 0.00027060508728027344, 5.09765625, 0.43701171875, 0.96826171875, 2.828125, 0.1937255859375, 3.42578125, 5.12109375, 5.23828125, 11.8828125, 0.398193359375, 4.19140625, 10.5234375, 2.349609375, 3.64453125, 6.95703125, 6.33203125, 1.267578125, 1.873046875, 3.09375, 1.97265625, 2.6015625, 1.9892578125, 6.58984375, 4.4453125, 0.386474609375, 2.80859375, 8.8359375]",-0.7397490309130763
326,0,test,3.872240199677406,1.6848711444858901,2.36645390156988,6.471059125635397,2.815657147496555,3.954677996583223,48.04990698783609,39.13817102860186,43.54221035732746,80.29816671121601,65.40539990685815,72.76517032868817,3.7860632805369008,1.58258876338149,2.233394371537262,6.009624254820477,2.512045656161095,3.545070431011527,44.082517731614324,35.026092128603494,39.35845626883528,69.97225036764178,55.596971632703955,62.473740109262344,3.872240199677406,1.6848711444858901,2.36645390156988,6.471059125635397,2.815657147496555,3.954677996583223,48.04990698783609,39.13817102860186,43.54221035732746,80.29816671121601,65.40539990685815,72.76517032868817,0.7889447236180904,-0.011055276381909618,-0.001055276381909609,0.6733668341708543,-0.011633165829145753,-0.021633165829145762,0.5226130653266332,-0.002386934673366814,-0.002386934673366814,0.42741935483870963,0.07933082365158695,0.1512799446510421,0.42914979757085026,0.4120603015075377,0.05115804586843997,0.12324561035561787,0.4191919191919192,0.42741935483870963,0.07933082365158695,0.1512799446510421,0.42914979757085026,30.0,10.0,10.0,41.0,11.0,11.0,49.0,10.0,10.0,-0.0001854002335435425,-0.0001731606476184529,-9.369614791539386e-05,-3.085650767697956e-05,-0.00010133182060556578,-0.00011602607612637428,"[1.783203125, 4.34765625, 0.00472259521484375, 0.0274505615234375, 9.203125, 4.2734375, 7.3125, 7.8984375, 2.5234375, 1.9453125, 8.515625, 3.79296875, 0.6904296875, 4.375, 1.31640625, 0.5693359375, 8.40625, 3.32421875, 0.352783203125, 8.0546875, 0.6708984375, 6.0078125, 1.8623046875, 6.4609375, 3.046875, 2.423828125, 6.3671875, 8.5078125, 6.24609375, 2.2109375, 4.47265625, 3.404296875, 2.951171875, 8.953125, 5.1796875, 1.353515625, 5.6171875, 0.01177215576171875, 0.89208984375, 7.1796875, 0.94189453125, 5.71875, 1.654296875, 2.52734375, 6.32421875, 3.958984375, 3.263671875, 0.0184478759765625, 9.359375, 7.94140625, 0.95068359375, 6.30859375, 4.43359375, 3.6953125, 2.224609375, 2.982421875, 3.3828125, 0.1513671875, 2.912109375, 3.921875, 4.56640625, 0.389404296875, 2.189453125, 0.2308349609375, 2.427734375, 0.87841796875, 4.96484375, 1.06640625, 3.037109375, 2.322265625, 11.7109375, 3.0390625, 0.0174560546875, 3.837890625, 1.9296875, 3.25390625, 7.30078125, 3.294921875, 3.25390625, 6.34375, 2.986328125, 6.453125, 8.6171875, 1.5791015625, 4.984375, 0.76220703125, 5.87890625, 7.05078125, 2.52734375, 7.24609375, 4.43359375, 8.2109375, 5.13671875, 1.2265625, 3.40625, 6.4609375, 6.30859375, 2.017578125, 0.2425537109375, 0.75341796875, 3.25, 9.8046875, 1.5791015625, 2.14453125, 5.48046875, 2.736328125, 3.63671875, 2.08984375, 2.9453125, 2.564453125, 2.69140625, 6.10546875, 4.1875, 2.607421875, 1.7881393432617188e-05, 0.417724609375, 0.419189453125, 1.4541015625, 0.00013113021850585938, 5.26171875, 0.85009765625, 2.041015625, 3.208984375, 0.08111572265625, 4.94140625, 6.359375, 0.51123046875, 9.7890625, 6.5390625, 0.1278076171875, 8.15625, 1.29296875, 3.958984375, 2.470703125, 0.308837890625, 1.9013671875, 0.53466796875, 8.9765625, 5.3984375, 2.419921875, 6.5546875, 1.8232421875, 3.53125, 3.681640625, 4.01171875, 4.3203125, 3.359375, 2.001953125, 7.55859375, 6.84765625, 2.138671875, 2.0390625, 11.2421875, 7.1484375, 1.4814453125, 7.6484375, 6.0859375, 9.0234375, 0.912109375, 9.9375, 0.77783203125, 0.132080078125, 6.890625, 2.28515625, 0.84619140625, 0.30419921875, 7.78515625, 1.4453125, 10.1484375, 9.359375, 0.2154541015625, 4.74609375, 4.8125, 4.20703125, 0.81982421875, 5.5859375, 8.0703125, 0.6953125, 3.478515625, 6.78125, 7.703125, 2.259765625, 0.98388671875, 1.9541015625, 0.70654296875, 0.05322265625, 4.1015625, 5.4765625, 0.1220703125, 2.0234375, 1.6015625, 0.88818359375, 4.7890625, 0.72216796875, 1.2841796875, 8.265625, 6.46875, 3.40625, 3.177734375, 4.97265625, 2.947265625, 0.75341796875, 7.84765625, 2.876953125, 2.810546875, 1.9970703125, 0.97900390625, 0.88916015625, 1.353515625, 8.4140625, 0.2071533203125, 1.48828125, 4.81640625, 13.21875, 9.484375, 8.09375, 11.1875, 10.2734375, 6.71484375, 0.2783203125, 5.875, 5.2890625, 0.93896484375, 1.201171875, 4.42578125, 2.115234375, 1.712890625, 5.03125, 6.84375, 0.96435546875, 3.712890625, 2.38671875, 10.8125, 4.66015625, 8.6796875, 1.337890625, 5.0078125, 0.438232421875, 2.701171875, 2.1338462829589844e-05, 2.2578125, 1.11328125, 5.734375, 0.0156402587890625, 7.46484375, 7.58984375, 4.39453125, 2.494140625]",-0.6147993663626332
318,0,test,3.386811373058272,1.4254370022292024,2.009001454158347,6.476534029181608,2.7258356709295275,3.8417747105835054,29.571509267478785,22.462418386282707,25.60530347114956,56.54902649395066,42.95444919482132,48.9645276904439,3.585161908188058,1.4368663177347787,2.046064487627759,5.782519206754932,2.317526318927062,3.300104012302837,36.059195525262474,27.488956780217457,31.398813518115674,58.159992782681414,44.33702706486687,50.64324760986399,3.3789989338271993,1.4220246839778639,1.997617342975512,6.456685860816305,2.717244619065982,3.817103203137921,29.341383739665844,22.263504999446447,25.360986629065746,56.066338356049386,42.54172929830531,48.46048400458423,0.7085427135678393,0.00854271356783931,-0.0014572864321606982,0.5979899497487438,0.007989949748743674,0.007989949748743674,0.48743718592964824,0.0024371859296482556,-0.002562814070351749,0.4386503067484663,0.10021232818797621,0.17334418429948673,0.4492307692307692,0.46733668341708545,0.13149708441959174,0.18186089042877163,0.48989898989898994,0.44147157190635455,0.11259010279116255,0.1733959323067995,0.4530201342281879,22.0,4.0,3.0,37.0,5.0,4.0,43.0,5.0,4.0,0.0001006596061236253,-0.00017668295445461671,0.0001295708292776221,-0.004275114985169637,-0.005245432514231041,-0.004323129297282513,"[2.88671875, 2.212890625, 0.2330322265625, 0.0401611328125, 3.814697265625e-05, 1.2705078125, 0.01294708251953125, 0.01422119140625, 1.583984375, 11.0625, 1.5322265625, 8.6640625, 1.57421875, 2.771484375, 5.41796875, 7.94921875, 1.2177734375, 1.3154296875, 8.7109375, 6.16015625, 4.91796875, 1.669921875, 3.349609375, 1.484375, 0.002574920654296875, 5.4609375, 3.65234375, 4.0390625, 0.005046844482421875, 5.3125, 7.2578125, 6.31640625, 5.609375, 0.474853515625, 0.38671875, 4.10546875, 6.09765625, 5.58203125, 5.625, 4.61328125, 0.1773681640625, 2.373046875, 7.0234375, 4.53125, 6.258487701416016e-05, 2.4080276489257812e-05, 0.000255584716796875, 2.384185791015625e-07, 1.1920928955078125e-07, 7.987022399902344e-06, 7.5625, 0.84765625, 2.841796875, 4.21875, 5.2809715270996094e-05, 2.491474151611328e-05, 0.0019502639770507812, 8.344650268554688e-07, 3.337860107421875e-06, 3.421306610107422e-05, 3.03515625, 5.234375, 1.337890625, 0.195556640625, 0.434814453125, 9.046875, 9.2109375, 2.431640625, 0.003635406494140625, 7.80859375, 0.966796875, 7.2265625, 0.370849609375, 1.7451171875, 5.2578125, 11.625, 8.078125, 5.5078125, 5.0703125, 2.17578125, 11.9609375, 0.52392578125, 0.16162109375, 0.90625, 2.90625, 5.609375, 3.65625, 0.87646484375, 0.51318359375, 1.5986328125, 7.81640625, 7.8984375, 4.0390625, 1.9013671875, 2.658203125, 10.34375, 0.59716796875, 5.21875, 0.95458984375, 6.26171875, 3.818359375, 0.00048828125, 2.1696090698242188e-05, 6.318092346191406e-06, 1.1920928955078125e-07, 1.1920928955078125e-07, 0.000347137451171875, 12.140625, 7.19140625, 8.1953125, 5.2734375, 0.08349609375, 1.6064453125, 5.3515625, 0.0860595703125, 6.48046875, 2.751953125, 4.5078125, 8.640625, 1.755859375, 12.609375, 0.0012111663818359375, 2.880859375, 9.4375, 5.94921875, 5.65625, 0.3955078125, 5.59375, 8.515625, 2.1640625, 5.56640625, 2.16015625, 3.2109375, 2.390625, 4.35546875, 2.546875, 5.6484375, 2.6484375, 9.6875, 0.76904296875, 8.8828125, 0.53466796875, 0.1585693359375, 7.80078125, 4.92578125, 5.85546875, 5.44921875, 6.02734375, 0.337890625, 4.2890625, 2.7890625, 2.408203125, 7.4609375, 12.28125, 0.002468109130859375, 1.7080078125, 3.41796875, 0.332763671875, 5.19921875, 1.75, 0.5263671875, 0.810546875, 0.00021731853485107422, 4.04296875, 0.00319671630859375, 11.03125, 1.2529296875, 5.45703125, 2.61328125, 5.640625, 4.01171875, 0.50390625, 0.0031986236572265625, 6.4453125, 1.3349609375, 3.130859375, 4.41015625, 6.05859375, 1.5849609375, 4.17578125, 2.041015625, 8.6640625, 5.28515625, 2.546875, 3.72265625, 3.033203125, 2.119140625, 8.6640625, 3.7109375, 7.16015625, 5.19921875, 1.1162109375, 6.25, 0.0033435821533203125, 6.5859375, 0.0005035400390625, 10.3984375, 1.3818359375, 0.400390625, 1.0546875, 5.86328125, 5.3671875, 7.7421875, 3.919921875, 1.8486328125, 0.0005779266357421875, 4.2109375, 4.3359375, 2.470703125, 6.5546875, 3.48046875, 0.1558837890625, 1.0654296875, 8.34375, 5.1015625, 0.01117706298828125, 3.23828125, 0.0001201629638671875, 6.9141387939453125e-06, 1.9073486328125e-06, 8.344650268554688e-07, 3.5762786865234375e-07, 0.126953125, 5.19140625, 5.41015625, 0.1741943359375, 1.3994140625, 0.2115478515625, 0.05548095703125, 1.22265625, 0.96435546875, 6.421875, 0.95654296875, 0.13720703125, 5.375, 2.578125, 4.0859375, 0.0007987022399902344, 9.1171875, 2.341796875, 7.5546875, 9.0390625, 4.71484375, 0.034912109375, 3.21484375, 5.765625, 4.21484375, 4.0625, 1.4921875, 3.490234375, 5.94140625, 7.72265625, 0.0032711029052734375, 5.7578125, 2.314453125, 4.9140625, 3.283203125, 0.2734375, 4.34765625, 0.0026836395263671875, 13.71875, 3.966796875, 2.41015625, 7.867813110351562e-05, 1.6689300537109375e-06, 8.344650268554688e-07, 7.152557373046875e-07, 1.1920928955078125e-07, 1.7881393432617188e-05, 4.5234375, 2.888671875, 5.75390625, 3.275390625, 0.08221435546875, 0.146240234375, 3.1875, 2.1953125, 6.59765625, 2.255859375, 7.24609375, 4.80078125, 1.5400390625, 0.84912109375, 1.734375, 0.004180908203125, 9.140625, 1.69140625, 0.03729248046875, 4.91796875, 2.8515625, 1.2138671875, 2.345703125, 5.02734375, 0.1727294921875, 0.00675201416015625, 3.775390625, 3.0859375, 0.00390625, 6.31640625, 0.677734375, 2.7421875, 6.33203125, 10.7890625, 0.63720703125, 6.11328125, 0.630859375, 5.6328125, 2.515625, 0.0012674331665039062, 3.90234375, 2.9453125, 2.7578125, 4.609375, 4.62109375, 7.28515625, 0.472412109375, 7.66015625, 1.8447265625, 5.29296875, 3.80078125, 0.90234375, 6.68359375, 0.75, 1.05859375, 0.00044083595275878906, 0.65576171875]",-0.6741913582649701
310,0,test,2.637903918598529,1.0267600983216836,1.3148888766505815,6.280723615710784,2.4446669007659136,3.130687801549004,13.983861554685252,8.975324736028842,10.22913657308541,33.294908463536316,21.369820800068677,24.35508707877479,3.0223267258112156,1.2237189216872966,1.7196849740410305,5.445633740200388,2.2048989579951286,3.098531484758613,20.539024810874437,14.497793780691277,16.860021957266003,37.00725191148547,26.122150956200496,30.37841794101982,2.7961153697010666,1.1823754103154287,1.6338517097687422,5.991675792216571,2.5336615935330618,3.5011108066473047,16.380889315244037,11.359332745044496,13.183726935955242,35.101905675522936,24.341427310809635,28.250843434189804,0.6432160804020101,-0.011783919597989967,-0.01678391959798986,0.5025125628140703,-0.012487437185929706,-0.007487437185929702,0.42713567839195976,0.0021356783919597166,0.007135678391959721,0.393483709273183,0.10437232003663732,0.12759905629175583,0.3668341708542714,0.42713567839195976,0.1238775330285512,0.176718316121509,0.43434343434343436,0.3913043478260869,0.1041591057559701,0.14658799632441843,0.38590604026845643,23.0,10.0,11.0,33.0,9.0,11.0,41.0,9.0,13.0,0.00028109593926656435,0.0009263546634979806,6.667079465283881e-05,-0.030044169677491794,-0.03902281931255658,-0.03398599445693673,"[2.892578125, 2.212890625, 0.25, 0.0423583984375, 3.719329833984375e-05, 0.7880859375, 0.01218414306640625, 0.01407623291015625, 8.5859375, 3.31640625, 1.37890625, 2.0390625, 0.853515625, 4.9453125, 9.359375, 0.38134765625, 8.703125, 1.5419921875, 2.08203125, 9.3046875, 2.16796875, 0.77880859375, 6.1171875, 2.322265625, 1.11328125, 4.50390625, 6.9375, 0.96923828125, 7.50390625, 0.364501953125, 2.53515625, 3.439453125, 0.00505828857421875, 9.609375, 7.51953125, 9.1171875, 2.4765625, 0.489990234375, 8.5859375, 3.720703125, 6.0546875, 5.81640625, 1.314453125, 3.98828125, 0.0599365234375, 3.255859375, 1.166015625, 4.9921875, 0.9990234375, 1.390625, 4.61328125, 1.1572265625, 4.81640625, 4.80859375, 2.80859375, 1.1103515625, 4.234375, 0.107421875, 1.44921875, 4.12109375, 0.78271484375, 8.1953125, 0.07379150390625, 6.94921875, 1.16015625, 2.037109375, 5.34375, 0.305419921875, 4.95703125, 0.037872314453125, 1.4599609375, 1.1337890625, 6.58203125, 3.6015625, 6.8203125, 9.3046875, 5.1640625, 1.62109375, 4.37109375, 7.97265625, 0.020904541015625, 6.6171875, 1.99609375, 1.0283203125, 4.95703125, 0.53369140625, 0.0178985595703125, 1.7216796875, 0.625, 0.0325927734375, 0.86376953125, 0.005344390869140625, 0.1358642578125, 0.74560546875, 0.8671875, 3.71875, 3.640625, 3.71875, 2.54296875, 3.978515625, 1.451171875, 0.00376129150390625, 1.22265625, 8.15625, 0.0005764961242675781, 8.296875, 7.14453125, 0.292724609375, 5.2109375, 1.5020370483398438e-05, 0.0026187896728515625, 0.0018939971923828125, 0.0018720626831054688, 0.0025310516357421875, 2.69140625, 8.9609375, 4.921875, 0.2315673828125, 0.1397705078125, 4.28515625, 0.4658203125, 3.99609375, 2.677734375, 3.900390625, 7.69140625, 5.0703125, 3.673828125, 2.3984375, 1.6865234375, 6.9921875, 7.375, 13.125, 4.515625, 9.0390625, 0.212158203125, 0.0335693359375, 4.9375, 1.6318359375, 2.73046875, 3.806640625, 5.69140625, 2.18359375, 8.5625, 4.8125, 5.0859375, 7.0078125, 7.1640625, 2.626953125, 0.5263671875, 6.62109375, 0.217529296875, 1.939453125, 5.5234375, 2.345703125, 1.3173828125, 7.0078125, 3.236328125, 0.43017578125, 1.572265625, 2.384185791015625e-06, 0.00023055076599121094, 0.00015604496002197266, 7.68899917602539e-05, -0.0, 3.921875, 0.06982421875, 0.34130859375, 1.12109375, 2.384185791015625e-07, 0.0009565353393554688, 0.00010824203491210938, 0.0002760887145996094, 0.00012993812561035156, 1.193359375, 0.26904296875, 0.005706787109375, 0.337158203125, 0.361328125, 1.9716796875, 0.00035452842712402344, 6.171875, 4.63671875, 0.136962890625, 0.10614013671875, 5.1171875, 5.1640625, 3.25390625, 0.83837890625, 4.0078125, 0.410400390625, 1.830078125, 9.2265625, 0.41943359375, 4.81640625, 7.07421875, 3.70703125, 0.61865234375, 1.775390625, 7.66015625, 6.5078125, 4.953125, 7.85546875, 0.2056884765625, 0.7451171875, 3.16015625, 2.6796875, 1.9111328125, 6.556510925292969e-06, 5.2094459533691406e-05, 4.410743713378906e-05, 8.380413055419922e-05, -0.0, 8.703125, 7.66796875, 0.019989013671875, 0.10211181640625, 2.330078125, -0.0, 0.00252532958984375, 7.128715515136719e-05, 8.344650268554688e-05, 4.744529724121094e-05, 6.97265625, 4.08984375, 1.3212890625, 0.1502685546875, 0.4013671875, 8.171875, 0.0094146728515625, 0.020477294921875, 3.9296875, 0.93994140625, 2.671875, 0.0168304443359375, 0.36767578125, 4.30078125, 1.4677734375, 1.6572265625, 7.546875, 11.0859375, 0.0189056396484375, 0.304931640625, 0.71826171875, 7.890625, 0.043365478515625, 0.78515625, 0.01666259765625, 0.086181640625, 1.2421875, 1.7642974853515625e-05, 6.401538848876953e-05, 4.57763671875e-05, 7.832050323486328e-05, 1.6689300537109375e-06, 6.46875, 0.002208709716796875, 1.3113021850585938e-06, 0.1314697265625, 0.317138671875, 8.75, 3.30859375, 0.0022907257080078125, 0.06182861328125, 0.89892578125, 2.619140625, 8.1328125, 1.529296875, 3.822265625, 3.466796875, 0.423095703125, 5.625, 4.234375, 0.08624267578125, 5.51171875, 3.85546875, 8.8671875, 1.1826171875, 8.515625, 3.212890625, 3.05859375, 4.96484375, 0.2344970703125, 0.1771240234375, 0.018707275390625, 0.05810546875, 5.32421875, 0.00815582275390625, 0.1142578125, 0.0010213851928710938, 0.035858154296875, 0.63623046875, 0.5517578125, 6.86328125, 8.1171875, 0.01151275634765625, 1.857421875, 7.74609375, 2.701171875, 0.040740966796875, 11.734375, 7.01953125, 3.443359375, 3.80859375, 2.771484375, 8.9140625, 7.76171875, 2.087890625, 5.09375, 2.1953125, 5.257129669189453e-05, 0.00015020370483398438, 5.364418029785156e-06, 6.651878356933594e-05, -0.0, 5.12890625, 0.004146575927734375, 1.7881393432617188e-06, 0.331787109375, 2.505859375, -0.0, 4.839897155761719e-05, 1.0967254638671875e-05, 7.557868957519531e-05, 8.702278137207031e-06, 6.2421875, 4.10546875, 1.7060546875, 0.1104736328125, 0.254150390625, 5.60546875, 0.0084991455078125, 0.078857421875, 0.0030536651611328125, 0.01486968994140625, 3.75390625, 1.9912109375, 3.1015625, 7.71875, 0.33935546875, 7.9375, 0.3251953125, 1.9033203125, 1.5107421875, 3.888671875, 3.814453125, 7.71875, 0.97998046875, 4.46484375, 3.3515625, 1.5283203125, 7.69140625, 2.671875, 0.8505859375, 0.00012683868408203125, 0.0004215240478515625, 6.079673767089844e-06, 0.00015294551849365234, -0.0, 4.1171875, 0.090087890625, 0.171875, 1.5771484375, 0.096435546875, 8.344650268554688e-07, 0.0025730133056640625, 1.8596649169921875e-05, 0.0001703500747680664, 3.4570693969726562e-06, 5.87109375, 0.0013036727905273438, 5.4836273193359375e-06, 0.70556640625, 1.4736328125, 0.09588623046875, -0.0, 7.402896881103516e-05, 8.58306884765625e-06, 0.00018596649169921875, 4.172325134277344e-06, 3.98046875, 0.004329681396484375, 0.0030517578125, 0.7080078125, 3.505859375, 4.76837158203125e-07, 0.049957275390625, 2.3484230041503906e-05, 9.441375732421875e-05, 1.0251998901367188e-05, 6.203125, 0.82373046875, 0.17041015625, 0.302001953125, 9.859375, 0.0872802734375, 2.05859375, 9.7734375, 7.30078125, 8.09375]",-0.4688658815876283
356,0,test,4.318101997049446,2.0031041800975804,2.776258868029994,6.589311489004025,3.056684950148905,4.236498921993823,75.0460553983637,64.92115458279036,70.37285975771613,114.51833128971086,99.0679956295827,107.3871561237876,4.311132574800271,1.964665355993875,2.755128954123812,6.293624196788716,2.868124607290328,4.0220860644143235,74.52484612363189,64.07625426661559,69.78500498221449,108.79539580092246,93.5419770315556,101.87591968206495,4.314470331893008,2.017487027960965,2.7664812767607536,6.583769662304267,3.078632802407967,4.2215785716803715,74.77400754620116,64.82986882918182,70.07200235042069,114.10319333348879,98.92869594063461,106.92805553473288,0.8442211055276382,0.009221105527638218,0.014221105527638223,0.6984924623115578,-0.0015075376884421399,0.008492462311557869,0.5879396984924623,-0.00706030150753767,-0.002060301507537776,0.4572649572649573,0.10897435897435903,0.19088319088319095,0.3991416309012875,0.4723618090452262,0.12311557788944727,0.1959798994974875,0.398989898989899,0.4572649572649573,0.11752136752136755,0.19088319088319095,0.3991416309012875,25.0,1.0,0.0,43.0,4.0,2.0,50.0,2.0,3.0,0.0003768940823928233,0.00011604014896886832,0.00012361154948435215,6.616239837065052e-05,-2.437914732134061e-05,-5.259801277901488e-05,"[7.19921875, 10.5546875, 3.875, 6.69921875, 6.8046875, 9.9765625, 10.1953125, 5.9296875, 3.353515625, 3.890625, 6.11328125, 1.7763671875, 9.4453125, 1.8291015625, 7.34765625, 0.428955078125, 4.91796875, 4.5859375, 2.369140625, 1.0634765625, 6.125, 3.857421875, 6.38671875, 2.93359375, 2.0859375, 0.21240234375, 8.40625, 4.66796875, 5.65234375, 4.22265625, 0.05914306640625, 9.6015625, 0.978515625, 4.2890625, 7.18359375, 9.0859375, 1.2490234375, 3.359375, 5.09375, 4.9296875, 0.0098724365234375, 5.59765625, 1.3466796875, 4.76953125, 0.45556640625, 6.79296875, 8.0703125, 2.95703125, 4.6640625, 2.56640625, 3.55078125, 8.421875, 1.6875, 7.33984375, 1.8740234375, 2.994140625, 8.953125, 8.21875, 0.6513671875, 2.025390625, 8.8125, 1.6181640625, 2.970703125, 5.625, 1.490234375, 8.09375, 2.158203125, 3.78125, 5.671875, 5.55859375, 10.3984375, 6.72265625, 9.09375, 6.93359375, 0.51708984375, 1.3115234375, 8.703125, 5.8359375, 0.0972900390625, 6.25, 6.28125, 5.0625, 3.513671875, 4.8671875, 2.333984375, 4.10546875, 2.32421875, 0.1492919921875, 5.05078125, 5.5859375, 2.54296875, 4.56640625, 5.203125, 0.8544921875, 10.6171875, 0.33984375, 2.8828125, 7.06640625, 5.19921875, 5.72265625, 4.28125, 5.0078125, 5.6796875, 4.5625, 3.169921875, 4.2578125, 0.1309814453125, 1.8994140625, 0.14208984375, 3.943359375, 7.921875, 1.3671875, 7.6328125, 6.9453125, 2.876953125, 0.77978515625, 3.41796875, 4.28515625, 2.23046875, 0.43359375, 11.90625, 0.1497802734375, 1.0009765625, 3.80078125, 2.923828125, 0.3125, 7.83984375, 4.88671875, 8.28125, 6.515625, 6.7734375, 1.2001953125, 6.18359375, 0.0205078125, 2.59375, 7.1328125, 13.0859375, 6.296875, 3.529296875, 0.9306640625, 4.1015625, 8.34375, 1.375, 1.3447265625, 2.091796875, 1.572265625, 10.265625, 7.40234375, 10.484375, 0.1240234375, 0.47119140625, 4.359375, 1.083984375, 7.23828125, 0.853515625, 2.447265625, 6.15234375, 5.37109375, 2.66015625, 1.689453125, 3.734375, 5.41015625, 1.703125, 6.109375, 0.2440185546875, 6.41015625, 1.5302734375, 10.875, 0.802734375, 6.796875, 5.46484375, 1.544921875, 2.76171875, 7.43359375, 10.8125, 7.3828125, 2.509765625, 0.9775390625, 5.328125, 0.9794921875, 0.1688232421875, 6.51171875, 2.244140625, 2.5234375, 8.3515625, 0.2275390625, 3.6640625, 3.673828125, 10.0078125, 0.9462890625, 0.7900390625, 1.43359375, 5.390625, 0.7568359375, 0.391845703125, 3.23046875, 0.93505859375, 0.69482421875, 1.970703125, 4.14453125, 8.6015625, 6.54296875, 11.7265625, 0.81640625, 0.978515625, 9.25, 12.953125, 1.0205078125, 1.564453125, 3.935546875, 1.005859375, 6.0546875, 0.1717529296875, 6.53125, 9.0625, 3.91015625, 5.609375, 1.220703125, 10.4765625, 0.2349853515625, 5.5625, 0.78955078125, 1.763671875, 1.3193359375, 0.007965087890625, 7.82421875, 2.142578125, 3.384765625, 0.323974609375, 7.18359375, 5.140625, 0.61669921875, 12.2109375, 0.2705078125]",-0.4881967357081223
462,0,test,4.125579210288624,1.8713375243489292,2.591708933438441,7.02679297752385,3.18731036405237,4.414265538243538,61.9036541018716,52.37558879781537,57.267569024127226,105.43590117996195,89.20745446853714,97.53960143464249,4.123338076337498,1.8381362528352416,2.5543087869231282,6.872230127229163,3.06356042139207,4.257181311538548,61.76507506605934,51.93740558750922,56.963090472697914,102.94179177676557,86.5623426458487,94.9384841211632,4.125579210288624,1.8713375243489292,2.591708933438441,7.02679297752385,3.18731036405237,4.414265538243538,61.9036541018716,52.37558879781537,57.267569024127226,105.43590117996195,89.20745446853714,97.53960143464249,0.8241206030150754,0.009120603015075446,-0.0058793969849245675,0.7135678391959799,-0.006432160804020093,-0.006432160804020093,0.592964824120603,-0.007035175879396949,-0.0020351758793969443,0.4638783269961977,0.10714208411194726,0.1819567087913937,0.4427480916030534,0.4371859296482412,0.06876487701666223,0.15171013665992739,0.398989898989899,0.4638783269961977,0.10714208411194726,0.1819567087913937,0.4427480916030534,25.0,3.0,2.0,37.0,3.0,0.0,47.0,1.0,2.0,0.00013037247547957335,9.63712052740647e-05,0.00013018674174374858,-0.00013480533558407615,-0.00018378111340844328,8.585827751517172e-05,"[4.21875, 8.953125, 10.5859375, 7.9765625, 4.18359375, 2.578125, 8.6640625, 12.125, 2.29296875, 0.30810546875, 0.4365234375, 11.875, 4.828125, 10.0078125, 2.85546875, 5.56640625, 1.0068359375, 3.25390625, 6.921875, 6.2734375, 7.48046875, 5.3671875, 3.73046875, 6.58203125, 0.0222015380859375, 7.4921875, 0.218505859375, 5.99609375, 5.58984375, 2.2109375, 6.66015625, 9.703125, 0.31787109375, 2.1875, 4.015625, 1.4208984375, 6.26171875, 3.2109375, 0.7626953125, 0.2335205078125, 6.8046875, 3.3359375, 1.4384765625, 1.9677734375, 5.5390625, 5.96875, 0.061248779296875, 6.44140625, 5.25, 4.93359375, 3.5859375, 2.216796875, 3.87109375, 5.63671875, 0.00904083251953125, 0.74365234375, 7.76171875, 5.31640625, 3.3359375, 5.1171875, 6.484375, 6.0, 7.5, 2.689453125, 2.6171875, 1.8076171875, 4.42578125, 7.046875, 0.287841796875, 2.232421875, 0.67724609375, 0.2401123046875, 7.1484375, 5.40234375, 2.55859375, 1.9560546875, 2.197265625, 5.234375, 0.38671875, 5.30078125, 0.181396484375, 1.560546875, 8.109375, 7.66796875, 0.07318115234375, 8.4921875, 5.96484375, 1.0703125, 1.880859375, 4.05078125, 4.3046875, 5.828125, 0.116943359375, 6.39453125, 7.98046875, 1.515625, 2.2421875, 7.31640625, 2.119140625, 1.20703125, 1.7138671875, 4.9140625, 0.408203125, 8.953125, 4.80859375, 2.78515625, 3.357421875, 1.833984375, 12.890625, 3.58984375, 1.7490234375, 3.80078125, 3.146484375, 9.1171875, 1.6611328125, 2.060546875, 6.0078125, 1.2822265625, 3.18359375, 7.421875, 2.50390625, 1.3310546875, 3.216796875, 3.72265625, 3.509765625, 11.25, 2.34765625, 2.119140625, 2.453125, 5.46484375, 0.1646728515625, 4.95703125, 4.7578125, 1.2490234375, 7.3125, 1.2890625, 4.33984375, 5.33984375, 8.71875, 0.0176239013671875, 0.736328125, 13.5390625, 4.71875, 1.0068359375, 3.4375, 9.09375, 3.4921875, 2.0625, 6.24609375, 3.87890625, 0.1533203125, 9.40625, 3.419921875, 4.22265625, 0.016326904296875, 0.1385498046875, 7.390625, 1.1826171875, 6.13671875, 3.052734375, 1.080078125, 0.007144927978515625, 1.3798828125, 3.1015625, 0.14794921875, 11.3046875, 3.544921875, 3.203125, 6.234375, 6.28125, 0.85888671875, 9.59375, 0.10589599609375, 4.25, 5.98046875, 5.36328125, 3.376953125, 1.005859375, 0.050262451171875, 7.3046875, 0.0576171875, 10.203125, 0.00533294677734375, 5.50390625, 1.2177734375, 8.546875, 7.9375, 3.806640625, 6.6484375, 3.720703125, 3.69921875, 0.011199951171875, 3.466796875, 2.947265625, 5.5234375, 0.00995635986328125, 2.89453125, 5.96875, 4.4296875, 0.55859375, 2.369140625, 6.2890625, 6.6328125, 5.35546875, 5.59375, 5.84375, 1.3056640625, 2.173828125, 8.0078125, 5.71484375, 7.828125, 6.0, 3.060546875, 1.4892578125, 7.5078125, 1.1591796875, 4.88671875, 5.296875, 1.4970703125, 5.91015625, 6.171875, 0.90966796875, 7.30078125, 6.27734375, 3.43359375, 5.25, 6.57421875, 2.173828125, 7.140625, 0.3603515625, 9.4765625, 5.6015625, 1.7763671875, 0.95458984375, 4.02734375, 1.3740234375, 5.2578125, 0.6845703125, 9.078125, 4.0234375, 1.1640625, 6.46875, 2.142578125, 4.1796875, 3.16015625, 13.8125, 0.2039794921875, 1.302734375, 8.15625, 0.08477783203125, 5.28125, 0.00785064697265625, 4.25390625, 5.125, 6.05859375, 4.3046875, 0.9375, 0.6767578125, 0.8798828125, 6.0390625, 3.642578125, 2.056640625, 3.923828125]",-0.6986595668720206
40,0,test,2.9866253168754326,1.3701852618434773,1.8813041531589092,5.766628756482754,2.645577832616022,3.63245518880368,19.81868772108137,14.783554146492289,16.798493431196047,38.26627126020114,28.544346685365618,32.43482693947916,3.124340306574376,1.3690135822829304,1.9380902052285685,5.680618739226137,2.4891156041507823,3.5238003731428513,22.744885491777772,16.95954784823383,19.470107423610887,41.354337257777765,30.835541542243323,35.400195315656156,2.9550915920614798,1.3609308034171443,1.8682840443214133,5.61093340264838,2.584045829273059,3.5473747676988863,19.20348152574613,14.279286628382946,16.238687540752633,36.46230669445468,27.112569547562558,30.832951026745505,0.6934673366834171,-0.026532663316582883,-0.016532663316582874,0.5326633165829145,-0.007336683417085488,0.017663316582914534,0.4371859296482412,-0.00781407035175874,0.0021859296482411583,0.42156862745098034,0.10346096024053986,0.17156862745098034,0.38032786885245906,0.42211055276381915,0.10381481341544818,0.1650153941661564,0.3787878787878788,0.4147157190635451,0.09752039352097419,0.167774673457316,0.3691275167785235,24.0,0.0,1.0,33.0,-1.0,0.0,47.0,1.0,3.0,0.0015382403101308383,0.0002998166388486057,4.7625425668123585e-05,-0.009608810505389087,-0.007482012574544505,-0.009129581082747862,"[2.6328125, 2.615234375, 1.8173828125, 0.90966796875, 0.5849609375, 11.8515625, 1.8916015625, 1.349609375, 0.11029052734375, 1.3408203125, 1.34765625, 3.765625, 4.578125, 0.01385498046875, 1.6416015625, 10.96875, 3.830078125, 3.923828125, 1.490234375, 3.08203125, 10.1171875, 7.52734375, 3.404296875, 11.1328125, 5.02734375, 0.477783203125, 6.73828125, 2.28125, 9.71875, 0.421142578125, 7.1875, 7.73046875, 6.68359375, 3.74609375, 1.8671875, 4.6484375, 4.734375, 7.09765625, 4.65625, 1.24609375, 0.037200927734375, 0.149169921875, 0.00684356689453125, 3.326171875, 8.3359375, 3.146484375, 0.244140625, 3.5078125, 8.3046875, 4.03515625, 0.2022705078125, 4.8359375, 3.4453125, 3.91015625, 2.443359375, 6.76171875, 1.1484375, 2.357421875, 8.6015625, 1.5693359375, 1.39453125, 0.59765625, 9.0078125, 4.34375, 0.5517578125, 0.050567626953125, 4.19921875, 5.91796875, 1.873046875, 2.392578125, 4.3828125, 1.52734375, 4.921875, 2.958984375, 3.4375, 0.60791015625, 7.53515625, 0.033050537109375, 3.302734375, 4.41015625, 3.564453125, 9.796875, 0.09869384765625, 1.88671875, 2.5234375, 7.140625, 6.38671875, 6.51171875, 6.2890625, 3.083984375, 1.1328125, 0.1533203125, 2.34765625, 1.357421875, 0.057830810546875, 0.025970458984375, 0.56591796875, 0.55859375, 0.32275390625, 1.37109375, 2.09375, 6.0390625, 0.124755859375, 0.17431640625, 3.521484375, 2.689453125, 0.0008935928344726562, 6.1796875, 5.81640625, 3.4296875, 7.78125, 1.619140625, 2.7109375, 1.9853515625, 3.51171875, 2.2265625, 0.0152740478515625, 1.3203125, 1.8544921875, 1.265625, 8.7890625, 0.01401519775390625, 0.12646484375, 0.68212890625, 3.591796875, 0.0185089111328125, 0.0033702850341796875, 1.61328125, 0.0308685302734375, 5.765625, 6.95703125, 4.2578125, 7.33984375, 0.292724609375, 4.31640625, 0.10125732421875, 0.8369140625, 4.59375, 7.44140625, 1.072265625, 6.171875, 2.662109375, 0.8359375, 3.619140625, 1.0732421875, 0.830078125, 6.59375, 4.44140625, 0.7861328125, 4.46875, 1.3388671875, 0.35107421875, 11.3125, 4.875, 0.396728515625, 7.484375, 0.99462890625, 0.76904296875, 6.3671875, 1.3642578125, 1.3291015625, 1.626953125, 1.0146484375, 1.779296875, 0.08953857421875, 6.43359375, 7.70703125, 0.14208984375, 0.035186767578125, 0.0048370361328125, 0.04156494140625, 0.045501708984375, 0.0711669921875, 1.048828125, 6.14453125, 3.447265625, 4.5625, 0.0218353271484375, 8.7890625, 0.4443359375, 4.12109375, 2.86328125, 2.388671875, 2.705078125, 6.171875, 0.2254638671875, 0.56396484375, 11.109375, 3.294921875, 1.486328125, 2.98828125, 0.255615234375, 6.80078125, 0.019744873046875, 1.8125, 0.6357421875, 1.2216796875, 0.9521484375, 2.3515625, 9.5390625, 2.48828125, 4.85546875, 4.27734375, 2.048828125, 4.0, 9.921875, 0.1629638671875, 2.8984375, 7.38671875, 1.5546875, 2.37890625, 1.822265625, 4.4140625, 5.85546875, 3.765625, 5.765625, 1.4208984375, 6.1875, 0.181640625, 0.8369140625, 4.64453125, 1.4853515625, 3.03515625, 0.2440185546875, 11.078125, 11.7421875, 3.63671875, 2.494140625, 0.12255859375, 0.037567138671875, 1.755859375, 4.51171875, 0.7216796875, 5.2734375, 4.640625, 1.6630859375, 0.392822265625, 0.99609375, 0.044647216796875, 4.67578125, 3.466796875, 0.9658203125, 0.0295562744140625, 3.43359375, 2.064453125, 3.26953125, 1.6455078125, 3.23046875, 0.1143798828125, 0.0178375244140625, 0.0037784576416015625, 0.0241546630859375, 0.040802001953125, 0.1072998046875, 1.6005859375, 3.484375, 1.11328125, 3.478515625, 1.45703125, 0.87158203125, 2.138671875, 3.599609375, 2.927734375, 1.0625, 0.01433563232421875, 9.8984375, 0.2291259765625, 1.55859375, 0.298095703125, 0.49365234375, 0.7177734375, 0.26708984375, 0.2264404296875, 0.0008478164672851562, 0.1119384765625, 0.00042128562927246094, 0.051910400390625, 0.0009636878967285156, 0.01065826416015625, 0.00890350341796875, 0.072509765625, 0.0076904296875, 0.76220703125, 2.564453125, 3.466796875, 1.3251953125, 6.72265625, 0.5849609375, 1.1875, 0.78369140625, 5.41015625, 1.7900390625, 7.01171875, 3.16796875, 1.8564453125, 1.224609375, 6.578125, 4.19140625, 9.0, 3.72265625, 4.64453125, 3.984375, 1.0068359375, 4.62109375, 8.171875, 4.18359375]",-0.6859580247230781
348,0,test,3.323272291027354,1.4334403149173776,2.032424247844646,6.508074903261902,2.8071539500465317,3.9801641520290993,27.751011529104193,21.13275496670254,24.115142906800493,54.345730911162384,41.38497847645914,47.225488192484306,3.4588151960516695,1.4200846142505283,2.0284710437608524,6.015330775742035,2.469712372609615,3.5277757282797437,31.779301958157998,24.098449164766887,27.599164409842587,55.26835123157913,41.910346373507636,47.99854679972624,3.323272291027354,1.4334403149173776,2.032424247844646,6.508074903261902,2.8071539500465317,3.9801641520290993,27.751011529104193,21.13275496670254,24.115142906800493,54.345730911162384,41.38497847645914,47.225488192484306,0.7587939698492463,0.0037939698492462925,-0.006206030150753716,0.6030150753768844,0.008015075376884395,0.013015075376884289,0.4522613065326633,-0.012738693467336692,-0.012738693467336692,0.4092526690391459,0.09252669039145911,0.14709371293001183,0.3857142857142857,0.42211055276381915,0.09296482412060303,0.14405360134003353,0.36868686868686873,0.4092526690391459,0.09252669039145911,0.14709371293001183,0.3857142857142857,26.0,17.0,17.0,39.0,21.0,23.0,47.0,21.0,23.0,-0.0002035235412648009,0.0003042230450153107,2.536947105581095e-06,-0.00025954392907312496,0.0001733692814402943,2.277625207813827e-05,"[6.17578125, 0.493408203125, 4.38671875, 5.40234375, 7.83203125, 1.34375, 11.109375, 3.09765625, 4.1640625, 6.7265625, 3.314453125, 1.6689453125, 7.28515625, 1.4453125, 2.626953125, 1.802734375, 6.765625, 9.109375, 5.2734375, 8.0390625, 0.497802734375, 9.90625, 1.873046875, 2.302734375, 4.18359375, 6.19921875, 1.43359375, 2.703125, 0.018798828125, 0.389892578125, 9.78125, 0.9296875, 4.4765625, 8.90625, 4.9375, 5.7890625, 2.66796875, 4.4765625, 1.6103515625, 2.55859375, 0.5654296875, 6.4296875, 6.9296875, 3.607421875, 4.25, 2.486328125, 0.57177734375, 0.95361328125, 0.09332275390625, 4.6640625, 0.83349609375, 2.744140625, 5.6484375, 0.802734375, 4.19921875, 1.1103515625, 0.548828125, 1.5751953125, 0.357666015625, 3.8671875, 4.625, 0.47998046875, 0.176025390625, 0.01456451416015625, 2.04296875, 1.3916015625, 11.0390625, 6.49609375, 2.80859375, 4.7109375, 6.8125, 1.8515625, 2.091796875, 7.765625, 6.9765625, 0.03082275390625, 4.67578125, 3.8125, 3.890625, 0.459716796875, 1.33203125, 2.255859375, 3.958984375, 1.9013671875, 4.09375, 1.87109375, 2.376953125, 1.951171875, 5.734375, 1.7919921875, 2.326171875, 7.0, 0.71044921875, 4.58984375, 1.630859375, 4.5078125, 0.4658203125, 8.4296875, 0.0033416748046875, 2.236328125, 1.716796875, 11.1875, 3.103515625, 1.9541015625, 1.6796875, 5.49609375, 5.7890625, 3.44921875, 2.568359375, 6.140625, 0.1348876953125, 2.78515625, 0.254150390625, 2.419921875, 1.4287109375, 2.197265625, 1.1875, 3.712890625, 1.671875, 1.7197265625, 1.560546875, 0.6865234375, 0.196533203125, 1.6533203125, 1.5791015625, 0.66943359375, 5.40625, 2.171875, 3.015625, 0.3046875, 7.30859375, 0.52587890625, 1.318359375, 8.546875, 8.7109375, 6.4375, 1.427734375, 4.72265625, 7.296875, 0.125244140625, 2.232421875, 6.47265625, 0.3408203125, 8.453125, 4.67578125, 3.04296875, 4.06640625, 3.38671875, 2.708984375, 10.65625, 10.6484375, 1.1005859375, 0.734375, 2.83984375, 1.4638671875, 6.16796875, 4.1015625, 0.44287109375, 7.859375, 6.71484375, 4.46484375, 0.08831787109375, 0.00913238525390625, 0.12939453125, 0.039520263671875, 0.039886474609375, 0.024078369140625, 1.271484375, 4.9921875, 0.666015625, 9.9453125, 1.5703125, 0.67626953125, 3.87890625, 7.08203125, 2.4921875, 0.65771484375, 5.48828125, 0.016693115234375, 6.625, 1.74609375, 0.90576171875, 8.8359375, 5.4375, 3.05078125, 0.0020809173583984375, 0.047576904296875, 3.580078125, 1.361328125, 8.390625, 0.67333984375, 3.55859375, 4.0390625, 5.89453125, 0.1573486328125, 6.33984375, 4.19921875, 3.55078125, 6.04296875, 0.031463623046875, 0.002208709716796875, 0.050445556640625, 0.00891876220703125, 0.031982421875, 0.214111328125, 4.36328125, 0.68115234375, 0.439697265625, 2.3125, 0.036529541015625, 3.060546875, 10.078125, 0.84228515625, 1.1630859375, 4.5390625, 0.53759765625, 1.9833984375, 2.611328125, 0.178955078125, 2.78515625, 4.4296875, 1.123046875, 6.56640625, 5.88671875, 3.205078125, 4.37890625, 4.44140625, 7.0546875, 1.7861328125, 7.56640625, 1.091796875, 5.0546875, 0.467529296875, 1.275390625, 3.009765625, 7.7578125, 1.0673828125, 2.5390625, 0.00678253173828125, 0.0010480880737304688, 0.036712646484375, 0.01403045654296875, 0.005908966064453125, 0.1990966796875, 2.259765625, 1.064453125, 3.513671875, 6.00390625, 0.259521484375, 1.5419921875, 0.73681640625, 1.75, 8.0, 0.193359375, 2.203125, 0.0015993118286132812, 0.053497314453125, 1.88671875, 2.939453125, 7.74609375, 1.6884765625, 12.015625, 0.78515625, 0.1505126953125, 4.05078125, 8.984375, 6.8515625, 0.372802734375, 1.9677734375, 1.0849609375, 6.7734375, 4.56640625, 10.171875, 1.6142578125, 8.78125, 3.24609375, 4.2265625, 0.1800537109375, 9.46875, 0.728515625, 13.453125]",-0.6878060666691792
423,0,test,2.88685110602716,1.1702971486531524,1.5897099755027078,5.310380429605517,2.1527688290039473,2.9242813129617713,17.936739690463977,12.371422628654368,14.27791808253581,32.994743381223856,22.757308292216056,26.264318448121426,3.1895094025674178,1.2168512443202224,1.7402654534807955,4.98360844151159,1.9013300692503474,2.719164771063743,24.27651452541187,17.08675188845637,20.01662192374728,37.93205394595604,26.698049825713078,31.275971755855124,2.88685110602716,1.1702971486531524,1.5897099755027078,5.310380429605517,2.1527688290039473,2.9242813129617713,17.936739690463977,12.371422628654368,14.27791808253581,32.994743381223856,22.757308292216056,26.264318448121426,0.7035175879396984,0.008517587939698368,0.0035175879396984744,0.5628140703517588,0.002814070351758735,-0.0021859296482411583,0.4371859296482412,-0.012814070351758744,0.007185929648241163,0.4175084175084175,0.10606060606060608,0.1515151515151515,0.3918918918918919,0.42211055276381915,0.09296482412060303,0.14907872696817426,0.4040404040404041,0.4175084175084175,0.10606060606060608,0.1515151515151515,0.3918918918918919,19.0,8.0,8.0,30.0,11.0,11.0,39.0,13.0,11.0,0.001354821563173335,0.00019150866751114652,0.00017314896012625127,0.0005149329265217162,0.00011139288064487829,-3.329665942342075e-05,"[7.03125, 1.359375, 1.5029296875, 0.00634765625, 0.041778564453125, 5.08984375, 5.17578125, 12.3671875, 5.15234375, 4.7421875, 5.890625, 0.88427734375, 1.70703125, 1.3525390625, 6.1796875, 0.55859375, 6.3203125, 3.12890625, 4.26953125, 2.447265625, 8.578125, 2.6640625, 1.947265625, 2.123046875, 4.765625, 2.236328125, 0.60302734375, 1.5283203125, 5.3984375, 1.7060546875, 5.09375, 0.08245849609375, 0.2257080078125, 3.529296875, 0.42431640625, 6.76953125, 1.130859375, 4.4453125, 0.479736328125, 11.1875, 5.5234375, 2.318359375, 3.546875, 4.31640625, 0.26904296875, 5.8828125, 4.6796875, 0.34716796875, 4.5234375, 9.3515625, 9.0, 2.568359375, 5.54296875, 5.0859375, 6.07421875, 2.9375, 2.759765625, 0.5361328125, 7.30859375, 7.54296875, 7.6953125, 0.767578125, 0.05767822265625, 0.2034912109375, 7.234375, 1.546875, 1.1533203125, 0.7900390625, 3.375, 0.06988525390625, 6.265625, 0.0021305084228515625, 0.1959228515625, 4.28125, 3.7578125, 0.66357421875, 1.4189453125, 0.247314453125, 0.78759765625, 7.15234375, 5.32421875, 0.3046875, 0.0190277099609375, 0.01229095458984375, 4.31640625, 0.890625, 0.96240234375, 0.0018825531005859375, 0.1812744140625, 6.16015625, 1.0390625, 4.8828125, 0.07757568359375, 5.171875, 2.830078125, 7.0078125, 1.9580078125, 5.09765625, 2.3203125, 1.7734375, 13.078125, 0.295166015625, 0.4951171875, 0.078369140625, 4.796875, 2.712890625, 10.390625, 3.5703125, 0.448486328125, 0.9853515625, 8.171875, 0.04034423828125, 7.734375, 0.01422119140625, 6.046875, 1.6533203125, 4.62109375, 1.3369140625, 2.736328125, 7.421875, 5.140625, 1.3271484375, 3.390625, 2.31640625, 0.333251953125, 6.09765625, 4.5390625, 2.6875, 1.869140625, 5.265625, 2.505859375, 0.10369873046875, 0.01218414306640625, 0.0109405517578125, 5.1875, 2.822265625, 0.65380859375, 5.07421875, 6.37890625, 1.423828125, 3.109375, 3.703125, 0.0186767578125, 3.3515625, 0.58056640625, 2.607421875, 2.69140625, 3.099609375, 5.32421875, 0.1917724609375, 1.1015625, 0.004913330078125, 2.177734375, 8.6171875, 2.740234375, 7.140625, 0.837890625, 9.1171875, 3.04296875, 2.587890625, 0.7060546875, 6.00390625, 0.249755859375, 1.6474609375, 3.685546875, 0.9599609375, 3.310546875, 0.0435791015625, 0.01190185546875, 0.00020623207092285156, 1.5166015625, 0.08306884765625, 0.0163726806640625, 0.01242828369140625, 7.53125, 1.90234375, 14.390625, 7.80078125, 2.33984375, 2.541015625, 0.47802734375, 3.55859375, 0.80908203125, 2.76171875, 1.013671875, 1.0830078125, 3.177734375, 4.9765625, 0.29638671875, 8.59375, 2.94140625, 3.537109375, 0.002498626708984375, 1.7939453125, 6.12109375, 3.447265625, 0.003215789794921875, 0.5146484375, 6.16015625, 0.1207275390625, 6.0234375, 7.5078125, 1.0576171875, 5.078125, 0.75439453125, 5.3828125, 4.1484375, 1.5244140625, 2.345703125, 0.38818359375, 1.1708984375, 1.484375, 0.408203125, 5.04296875, 0.0276641845703125, 0.1787109375, 1.4150390625, 5.84375, 0.083740234375, 1.787109375, 6.0625, 0.08135986328125, 3.91015625, 0.73974609375, 0.7177734375, 0.6572265625, 0.0009684562683105469, 1.7939453125, 0.46240234375, 4.8125, 1.8056640625, 2.810546875, 3.94140625, 4.796875, 3.921875, 5.5859375, 3.318359375, 3.109375, 0.2374267578125, 5.859375, 3.59375, 0.48095703125, 2.16015625, 0.29150390625, 8.03125, 7.203125, 0.09130859375, 0.0279693603515625, 0.0004169940948486328, 0.71826171875, 0.018646240234375, 0.040863037109375, 0.023681640625, 5.31640625, 1.0068359375, 5.5859375, 3.501953125, 0.91943359375, 4.65234375, 3.16015625, 1.9521484375, 3.158203125, 6.05859375, 0.473876953125, 6.83203125, 0.006229400634765625, 4.046875, 0.12493896484375, 1.7587890625, 1.6064453125, 0.0148468017578125, 0.0186309814453125, 1.7881393432617188e-05, 0.6708984375, 0.0140533447265625, 0.006290435791015625, 9.0078125, 0.044647216796875, 0.1314697265625, 0.00015592575073242188, 0.24462890625, 0.09710693359375, 0.01335906982421875, 0.08868408203125, 2.84765625, 0.00921630859375, 2.466796875, 3.416015625, 0.12274169921875, 3.677734375, 3.7734375, 5.23046875, 8.0703125, 0.4189453125, 0.00727081298828125, 2.560546875, 5.12109375]",-0.6391832491364142
131,0,test,2.9563365978928955,1.27118177327296,1.7681804199722155,5.680152339771743,2.4423829576368106,3.3972904698342568,19.227404861485244,13.834118980335967,15.946378862929471,36.94254192487614,26.58016118693764,30.638548152370102,2.914545833764963,1.164046104539154,1.6434781268751433,5.204546131723148,2.078653758105632,2.934782369419899,18.440435477479355,12.682956339667353,14.87577893790441,32.929349066927415,22.648136320834553,26.563890960543585,2.866381892791161,1.2052048357334921,1.67224714065869,5.4771628524671865,2.3029391765608125,3.1953767018955856,17.57332087850168,12.307815880385851,14.272620268062116,33.57959403535353,23.518119516660864,27.272522805214237,0.6582914572864322,0.013291457286432218,-0.0017085427135676845,0.5376884422110553,0.01268844221105525,0.002688442211055353,0.39698492462311563,-0.0130150753768844,-0.0130150753768844,0.4164222873900293,0.09431394185562225,0.1515151515151515,0.42647058823529416,0.4170854271356784,0.09127089079482631,0.14496522680178858,0.40909090909090906,0.4180602006688964,0.09585652788091636,0.15220925517390194,0.40604026845637586,24.0,12.0,11.0,35.0,13.0,13.0,43.0,15.0,14.0,0.0004321096430481831,-7.174329256384776e-05,-6.5252466365976715e-06,-0.021890434447436213,-0.0233149630344478,-0.020757581338363806,"[2.88671875, 2.212890625, 0.2330322265625, 0.0401611328125, 3.814697265625e-05, 1.2705078125, 0.01294708251953125, 0.01422119140625, 4.5859375, 1.38671875, 0.2296142578125, 3.572265625, 0.11102294921875, 9.546875, 1.4013671875, 7.11328125, 0.10418701171875, 9.03125, 3.365234375, 1.42578125, 2.603515625, 10.4921875, 2.87109375, 3.466796875, 4.203125, 2.181640625, 2.396484375, 10.875, 3.314453125, 6.546875, 4.72265625, 2.15234375, 6.49609375, 3.58203125, 8.2890625, 2.22265625, 1.1376953125, 9.546875, 0.39208984375, 1.8173828125, 0.8056640625, 0.0011262893676757812, 4.86328125, 5.4609375, 0.0023651123046875, 7.0078125, 4.46875, 0.5048828125, 0.4443359375, 6.5234375, 9.890625, 0.19677734375, 4.22265625, 6.15625, 0.40625, 10.59375, 2.833984375, 3.9765625, 8.734375, 0.70263671875, 10.125, 1.5283203125, 2.6875, 5.37109375, 6.203125, 1.8642578125, 2.953125, 0.685546875, 0.00015056133270263672, 7.82012939453125e-05, 0.00012636184692382812, 0.0003204345703125, 4.374980926513672e-05, 4.0390625, 5.2109375, 0.12744140625, 0.10906982421875, 1.5087890625, 0.126708984375, -0.0, 1.1920928955078125e-05, 0.0004374980926513672, 0.0002753734588623047, 2.300739288330078e-05, 3.8515625, 7.484375, 6.1015625, 0.15576171875, 2.541015625, 0.5185546875, 3.189453125, 0.82470703125, 0.435791015625, 8.6875, 0.60595703125, 2.138671875, 8.984375, 4.48046875, 0.032684326171875, 3.138671875, 6.14453125, 6.828125, 4.66015625, 0.9375, 2.419921875, 0.421142578125, 3.91796875, 3.513671875, 1.947265625, 0.97998046875, 0.0001264810562133789, 0.00020897388458251953, 0.00026607513427734375, 0.00017786026000976562, 1.3113021850585938e-06, 4.8125, 5.234375, 6.73828125, 0.18212890625, 0.46728515625, 4.43359375, 0.324462890625, 7.22265625, 1.2822265625, 5.55859375, 3.638671875, 0.374755859375, 4.5859375, 3.021484375, 2.84765625, 2.2734375, 0.036224365234375, 1.880859375, 3.9921875, 2.291015625, 1.1953125, 5.46875, 2.6796875, 6.875, 2.955078125, 2.81640625, 2.42578125, 4.75390625, 0.342041015625, 0.1268310546875, 4.625, 0.896484375, 4.83984375, 0.065185546875, 7.015625, 5.66015625, 0.6953125, 3.193359375, 0.2486572265625, 6.6640625, 4.82421875, 3.310546875, 3.001953125, 3.509765625, 0.76611328125, 1.5068359375, 1.013671875, 0.0003502368927001953, 6.1015625, 6.6640625, 7.47265625, 1.2919921875, 1.9501953125, 2.09765625, 4.6171875, 3.943359375, 2.94921875, 1.2646484375, 2.181640625, 2.904296875, 1.470703125, 1.7216796875, 2.349609375, 3.005859375, 0.02490234375, 0.13525390625, 0.59814453125, 1.8359375, 1.759765625, 3.935546875, 9.671875, 1.63671875, 1.8564453125, 8.702278137207031e-06, 0.0008134841918945312, 0.0004267692565917969, 0.00026988983154296875, 1.1920928955078125e-07, 3.91796875, 9.1953125, 2.787109375, 0.408203125, 3.314453125, 1.568359375, 8.2421875, 2.916015625, 0.58935546875, 0.52001953125, 3.513671875, 3.29296875, 5.4836273193359375e-06, 0.00012111663818359375, 1.3113021850585938e-05, 3.647804260253906e-05, -0.0, 8.4609375, 5.33984375, 10.09375, 0.1353759765625, 1.029296875, 0.136962890625, -0.0, 5.5670738220214844e-05, 0.00012600421905517578, 0.00017833709716796875, 1.1920928955078125e-07, 7.89453125, 0.7919921875, 0.9404296875, 0.1280517578125, -0.0, 0.00015056133270263672, 0.00015437602996826172, 0.00018894672393798828, 3.5762786865234375e-07, 6.94140625, 2.884765625, 1.9140625, 0.109375, 1.9013671875, 6.06640625, 6.3046875, 1.5341796875, 5.62109375, 4.7734375, 4.93359375, 4.6796875, 0.61279296875, 1.1923828125, 7.152557373046875e-07, 0.00012183189392089844, 4.6253204345703125e-05, 6.914138793945312e-05, -0.0, 4.78125, 6.3515625, 5.29296875, 7.22265625, 0.0635986328125, 2.439453125, 10.203125, 6.73046875, 8.5859375, 5.0859375, 2.134765625, 2.95703125, 1.5439453125, 2.59375, 6.2421875, 10.1015625, 3.20703125, 0.046173095703125, 2.2890625, 3.7890625, 0.0217742919921875, 3.416015625, 3.51953125, 0.0240631103515625, 1.7138671875, 6.80078125, 3.8125, 8.0234375, 0.220947265625, 5.171875, 8.5625, 2.078125, 7.6484375, 3.376953125, 0.28857421875, 3.9453125, 5.3359375, 0.61669921875, 6.33203125, 2.703125, 5.960464477539062e-07, 0.00020241737365722656, 0.00011396408081054688, 7.963180541992188e-05, -0.0, 5.13671875, 3.4609375, 0.454345703125, 1.134765625, 3.2265625, 7.51953125, 4.4921875, 2.46484375, 2.29296875, 6.98828125, 0.97216796875, 6.89453125, 0.01560211181640625, 6.08984375, 12.59375, 0.2352294921875, 4.37109375, 6.54296875, 1.45703125, 2.654296875, 3.3359375, 0.0157012939453125, 3.78515625, 4.41015625, 3.37109375, 15.1015625, 6.37890625, 5.9375, 2.947265625, 4.62890625, 2.125, 0.395751953125, 2.037109375, 2.138671875, 3.16796875, 0.75048828125, 0.30859375, 1.3113021850585938e-06, 0.0011663436889648438, 4.208087921142578e-05, 6.914138793945312e-05, 1.1920928955078125e-07, 4.11328125, 9.0078125, 0.75439453125, 0.18017578125, 5.0078125]",-0.5957828955916016
428,0,test,3.898547969647308,1.7815583486322955,2.481815013248503,6.2796970289528495,2.8696957831262724,3.99765412313681,49.33076730460141,41.0246719860061,45.207140962306,79.46093655651364,66.0816572708721,72.81868813688811,3.8915835816656523,1.7220490851694565,2.423248715379134,5.987051664101004,2.6493062848760873,3.72807494673713,48.988402266937484,40.23419428932049,44.646403157783716,75.36677271836535,61.89876044510844,68.68677408889802,3.898547969647308,1.7815583486322955,2.481815013248503,6.2796970289528495,2.8696957831262724,3.99765412313681,49.33076730460141,41.0246719860061,45.207140962306,79.46093655651364,66.0816572708721,72.81868813688811,0.7638190954773869,-0.0061809045226131065,-0.0061809045226131065,0.6884422110552764,0.01344221105527632,0.008442211055276427,0.5527638190954773,-0.012236180904522609,-0.017236180904522724,0.4477611940298507,0.09953028155312815,0.18473389874449087,0.3595505617977528,0.4321608040201005,0.07376481404516311,0.15837115460440765,0.3535353535353535,0.4477611940298507,0.09953028155312815,0.18473389874449087,0.3595505617977528,25.0,-1.0,3.0,35.0,-1.0,3.0,44.0,-3.0,-1.0,0.0002821446145642369,0.00041913066676312375,0.0003116551670247349,-0.00016945494488584956,0.00022372510708557058,6.833549267337702e-05,"[13.3359375, 7.46484375, 5.75, 4.11328125, 9.046875, 1.0185546875, 5.2578125, 9.078125, 4.67578125, 1.72265625, 9.28125, 2.85546875, 5.203125, 3.5859375, 0.2261962890625, 7.28515625, 0.423828125, 8.90625, 5.62890625, 0.39501953125, 2.31640625, 10.0078125, 1.8623046875, 7.14453125, 11.5625, 4.8046875, 0.177490234375, 8.296875, 7.07421875, 2.11328125, 3.978515625, 4.8203125, 2.8046875, 1.6220703125, 0.556640625, 4.80859375, 3.251953125, 0.85986328125, 6.72265625, 7.609375, 0.397216796875, 2.63671875, 2.966796875, 0.0204315185546875, 0.46142578125, 2.5859375, 3.94921875, 9.34375, 4.78125, 3.34765625, 1.9873046875, 5.2265625, 4.04296875, 4.15625, 3.771484375, 0.241943359375, 10.3515625, 1.677734375, 3.333984375, 3.130859375, 4.18359375, 2.40234375, 3.79296875, 0.4287109375, 8.0078125, 4.20703125, 4.0546875, 10.6328125, 10.5390625, 0.413330078125, 7.82421875, 0.7880859375, 0.576171875, 7.07421875, 0.2298583984375, 2.71875, 3.890625, 0.81982421875, 1.4677734375, 2.751953125, 5.703125, 3.662109375, 4.7734375, 2.271484375, 0.0538330078125, 0.4794921875, 10.7109375, 0.1624755859375, 7.0703125, 0.693359375, 0.56494140625, 2.169921875, 6.98046875, 4.4375, 6.00390625, 0.322998046875, 5.2734375, 6.63671875, 2.091796875, 2.3984375, 7.22265625, 3.03125, 9.171875, 3.537109375, 14.140625, 1.765625, 0.0259552001953125, 4.26953125, 5.04296875, 3.044921875, 0.72998046875, 2.546875, 5.953125, 4.3203125, 10.5234375, 3.283203125, 6.7421875, 0.166259765625, 6.87109375, 6.03125, 1.2158203125, 6.6484375, 4.26953125, 3.90234375, 9.015625, 9.78125, 0.143798828125, 2.64453125, 7.4296875, 5.4921875, 1.3984375, 4.66015625, 3.927734375, 7.1171875, 0.0206146240234375, 6.5390625, 4.1484375, 4.390625, 5.51953125, 6.515625, 1.580078125, 2.37109375, 0.401611328125, 3.474609375, 5.01171875, 0.01898193359375, 5.62890625, 3.904296875, 8.3125, 0.177490234375, 6.41015625, 3.96875, 0.0579833984375, 0.2056884765625, 0.8232421875, 5.140625, 2.376953125, 0.0628662109375, 4.859375, 1.9658203125, 0.472412109375, 1.09765625, 0.04931640625, 2.234375, 4.00390625, 0.0250091552734375, 3.6484375, 6.01171875, 3.29296875, 3.44921875, 0.062744140625, 0.0906982421875, 3.892578125, 0.7197265625, 3.173828125, 9.640625, 0.127197265625, 2.623046875, 1.515625, 1.2958984375, 0.156494140625, 6.859375, 5.171875, 2.48828125, 3.513671875, 5.12109375, 0.00960540771484375, 6.1015625, 2.123046875, 5.1640625, 1.29296875, 0.443603515625, 3.87890625, 0.044830322265625, 2.37890625, 1.849609375, 6.2734375, 0.501953125, 10.3203125, 3.431640625, 4.984375, 0.45654296875, 2.626953125, 2.5234375, 7.8125, 0.47216796875, 5.18359375, 1.6123046875, 8.859375, 0.270263671875, 0.52197265625, 1.1044921875, 3.560546875, 0.8681640625, 0.008636474609375, 3.61328125, 8.125, 7.78515625, 0.0269927978515625, 0.2119140625, 0.0662841796875, 0.0278778076171875, 1.1982421875, 4.765625, 4.5546875, 0.276123046875, 0.332763671875, 10.59375, 6.37109375, 2.61328125, 0.51513671875, 9.359375, 1.5185546875, 6.5546875, 2.66015625, 3.45703125, 0.0086517333984375, 2.9296875, 7.8046875, 5.21484375, 0.186279296875, 3.919921875, 1.6337890625, 6.28125, 5.078125, 3.62109375, 3.705078125, 0.1829833984375, 6.58984375, 18.171875, 7.5, 0.004970550537109375, 12.765625, 11.375, 11.3671875, 0.031524658203125, 0.2218017578125, 3.015625, 1.669921875, 4.73828125, 7.23046875, 0.018829345703125, 0.183837890625, 6.0859375, 9.859375, 4.07421875, 0.8134765625, 3.203125]",-0.43091074388418615
300,0,test,3.666316660305926,1.5096582833181107,1.9280675954157553,5.896035772083816,2.4277769943972887,3.1006474799747252,39.107593695899716,30.465383351570374,33.42021722357122,62.891395576263214,48.9933103694642,53.745165657498205,3.8646768828732285,1.5997847276431831,2.2677941700520297,5.405142493528992,2.237461157542914,3.171740097974867,47.68786117831686,38.057775187618226,42.750244737886206,66.6963093403033,53.22765760506046,59.790552080959735,3.684469215447289,1.6201653404778065,2.239127830149969,5.639493697113197,2.4798449088946017,3.42723647471934,39.82397888619902,31.944168231658537,35.58067839021445,60.95506972377402,48.894135048456945,54.46022202583845,0.728643216080402,-0.001356783919598037,-0.006356783919598041,0.6130653266331658,-0.001934673366834172,-0.011934673366834181,0.49246231155778897,0.007462311557788981,0.012462311557788985,0.4427480916030534,0.11026078195838329,0.14656040831859596,0.40816326530612246,0.4371859296482412,0.10718592964824125,0.1543240328096389,0.38383838383838387,0.4481605351170569,0.11816053511705693,0.1895589812879781,0.3993288590604027,21.0,2.0,2.0,35.0,5.0,5.0,42.0,3.0,2.0,1.509821627968474e-05,0.0004288997772069837,2.4783572074374173e-05,0.0001358359771259643,-0.00026046552413294677,3.6965519885079345e-05,"[10.2734375, 8.0234375, 5.73046875, 5.328125, 3.087890625, 2.390625, 10.109375, 0.759765625, 2.39453125, 2.875, 2.166015625, 0.031768798828125, 0.00025010108947753906, 4.26953125, 0.05633544921875, 0.00682830810546875, 10.171875, 8.140625, 3.42578125, 11.84375, 7.78125, 10.1796875, 10.6640625, 6.68359375, 5.17578125, 3.24609375, 10.5234375, 0.673828125, 4.74609375, 5.109375, 1.8818359375, 0.1358642578125, 0.1929931640625, 3.03515625, 6.71875, 4.03515625, 3.26171875, 0.336181640625, 8.6015625, 3.28515625, 5.66015625, 2.7109375, 2.84765625, 5.12890625, 2.85546875, 0.33349609375, 0.00891876220703125, 9.84375, 6.69921875, 5.91796875, 4.19921875, 0.61767578125, 5.59375, 7.05859375, 0.76513671875, 2.212890625, 3.99609375, 5.15234375, 0.79736328125, 1.3828125, 5.59375, 6.6875, 2.865234375, 0.07098388671875, 1.416015625, 9.515625, 1.859375, 6.234375, 4.86328125, 8.2890625, 0.61376953125, 1.5673828125, 1.6298828125, 0.0022125244140625, 6.140625, 0.9921875, 2.900390625, 9.90625, 0.0877685546875, 7.87890625, 6.41796875, 0.124755859375, 1.1640625, 1.6875, 6.96875, 5.6015625, 4.03515625, 0.06475830078125, 1.443359375, 1.71875, 6.05859375, 0.72314453125, 8.9375, 1.4345703125, 0.09423828125, 6.859375, 1.9072265625, 0.0036334991455078125, 1.68359375, 6.91015625, 3.72265625, 8.3203125, 12.3203125, 0.2900390625, 0.68603515625, 0.164794921875, 1.2998046875, 5.36328125, 8.0703125, 0.1094970703125, 9.0625, 1.3447265625, 6.859375, 7.39453125, 1.3623046875, 1.802734375, 8.9921875, 0.023162841796875, 0.09429931640625, 1.404296875, 2.521484375, 9.046875, 0.2022705078125, 5.89453125, 2.431640625, 0.01129913330078125, 0.2060546875, 2.650390625, 1.98828125, 2.68359375, 0.0175933837890625, 7.40234375, 2.841796875, 6.51953125, 0.28076171875, 2.732421875, 8.09375, 3.703125, 0.016204833984375, 0.83154296875, 2.267578125, 5.15625, 0.00211334228515625, 8.390625, 0.78271484375, 0.07623291015625, 2.09375, 5.2734375, 0.291748046875, 2.826171875, 6.37109375, 2.21484375, 0.372802734375, 6.16015625, 1.8984375, 0.03143310546875, 8.859375, 10.1484375, 3.556640625, 8.9296875, 0.6494140625, 0.00991058349609375, 2.51953125, 6.5859375, 0.399658203125, 4.30859375, 7.703125, 7.7109375, 1.939453125, 5.87890625, 0.01568603515625, 4.83203125, 4.076957702636719e-05, 4.84375, 0.75927734375, 2.638671875, 4.73828125, 0.005054473876953125, 6.2421875, 14.1015625, 12.140625, 1.8486328125, 0.338134765625, 6.39453125, 7.58203125, 3.16796875, 5.921875, 0.40869140625, 3.1015625, 2.88671875, 2.03515625, 1.009765625, 0.408447265625, 9.6015625, 0.83935546875, 5.56640625, 2.08984375, 2.869140625, 8.6953125, 10.3125, 8.1328125, 0.03948974609375, 9.328125, 7.2265625, 5.02734375, 0.92724609375, 4.7421875, 4.328125, 0.01128387451171875, 0.494140625, 9.8984375, 0.25732421875, 3.3359375, 1.845703125, 6.64453125, 0.01318359375, 1.21875, 0.865234375, 4.6640625, 0.0095367431640625, 5.37109375, 2.3046875, 4.796875, 0.07977294921875, 0.01068115234375, 3.87109375, 5.94140625, 0.06982421875, 5.96484375, 10.40625, 0.2332763671875, 7.02734375, 4.61328125, 0.275634765625, 2.654296875, 4.91015625, 0.073486328125, 2.361328125, 7.23046875, 0.94580078125, 0.00376129150390625, 4.67578125, 8.203125, 4.65234375, 0.0139312744140625, 2.94921875, 6.2890625, 4.91015625, 0.02392578125, 4.828125, 4.8984375, 2.169921875, 5.83203125, 0.0036411285400390625, 4.1796875, 3.6640625, 6.42578125, 2.18359375, 7.625, 6.94921875, 5.375, 7.125, 0.73828125, 0.296875, 2.66015625, 4.44140625, 1.98046875, 0.160400390625, 1.205078125, 6.07421875, 0.01053619384765625, 0.52099609375, 6.0859375, 1.9462890625, 5.65234375, 0.457275390625, 0.060882568359375, 0.41357421875, 3.4375, 3.677734375, 4.23828125, 0.0003008842468261719, 2.431640625, 0.6875, 3.103515625, 4.2109375, 7.20703125, 0.02783203125, 4.04296875, 5.81640625, 0.77880859375, 0.2166748046875, 0.0137481689453125, 2.810546875, 5.734375, 0.0804443359375, 0.7744140625, 4.69140625, 0.0007615089416503906, 0.495849609375, 1.88671875, 5.05078125, 0.0003001689910888672, 3.5546875, 7.703125, 5.66015625, 0.053680419921875, 6.81640625, 0.10003662109375, 0.1312255859375, 1.5302734375, 5.77734375, 2.822265625, 0.78515625, 4.55859375, 6.9921875, 0.42919921875, 0.336181640625, 1.1357421875, 5.23046875, 0.076171875, 0.036224365234375, 5.0859375, 3.9375, 0.06683349609375, 8.6875, 5.9375, 3.580078125, 8.015625, 0.1121826171875, 6.36328125, 0.6904296875, 3.677734375, 8.1953125, 1.4287109375, 0.2110595703125, 7.62890625, 4.5234375, 2.505859375, 7.60546875, 0.3564453125, 12.375, 4.609375, 1.408203125, 3.712890625, 3.166015625, 8.546875, 1.9365234375, 0.0222625732421875, 1.6513671875, 10.21875, 2.505859375, 0.94873046875, 0.2349853515625, 10.1484375, 0.18701171875, 0.60400390625, 3.994140625, 4.25390625, 4.5625, 0.32666015625, 3.58984375, 2.025390625, 8.0625, 1.890625, 1.70703125, 9.4765625, 2.080078125, 10.140625, 0.055511474609375, 0.5986328125, 3.828125, 1.7841796875, 8.3125, 8.0625, 1.46484375, 5.75, 8.7578125, 2.19921875, 0.0687255859375, 0.148193359375, 7.13671875, 0.061187744140625, 0.338623046875, 0.07012939453125, 4.703125, 9.78125, 0.9111328125, 7.859375, 1.3974609375, 9.875, 2.966796875, 1.09765625]",-0.8535736480742009
110,0,test,3.27183746701837,1.3981768794278793,1.9440310918259815,5.771440003933025,2.466349277997004,3.4292225470719173,26.359730006026634,19.84763910509888,22.58697171850866,46.49790883050661,35.01074227234834,39.84285694445006,3.524944017879927,1.43373586394679,2.034704912847011,5.778596750622831,2.3503866622078524,3.335581824339362,33.95187286522056,25.857183975967388,29.513716287499587,55.65880797577141,42.38882619011047,48.38314145491736,3.27183746701837,1.3981768794278793,1.9440310918259815,5.771440003933025,2.466349277997004,3.4292225470719173,26.359730006026634,19.84763910509888,22.58697171850866,46.49790883050661,35.01074227234834,39.84285694445006,0.7487437185929648,-0.0012562814070351536,0.003743718592964851,0.6080402010050252,-0.006959798994974786,-0.01195979899497479,0.4623115577889447,0.0023115577889447625,0.0023115577889447625,0.4134275618374559,0.08833922261484106,0.14369846878680803,0.3794326241134752,0.42211055276381915,0.08793969849246241,0.1390284757118928,0.3939393939393939,0.4134275618374559,0.08833922261484106,0.14369846878680803,0.3794326241134752,26.0,16.0,16.0,37.0,17.0,17.0,45.0,17.0,17.0,0.0006983542572591403,0.00018082474696411166,8.678361863443343e-05,-0.004948932814357043,-0.004077830901387358,-0.004798287979594029,"[7.03125, 1.359375, 1.5029296875, 0.00634765625, 0.041778564453125, 2.087890625, 6.4921875, 2.9609375, 7.90625, 9.5703125, 5.2109375, 1.8974609375, 5.98046875, 3.751953125, 1.625, 1.2626953125, 0.92626953125, 8.9921875, 0.048919677734375, 8.0234375, 3.546875, 2.64453125, 6.50390625, 4.48046875, 0.412109375, 3.470703125, 5.73828125, 0.039459228515625, 8.484375, 0.78515625, 5.69921875, 2.423828125, 6.43359375, 5.07421875, 2.33984375, 2.58203125, 8.6640625, 2.17578125, 3.640625, 1.177734375, 1.3408203125, 3.91015625, 5.828125, 1.7177734375, 0.314697265625, 0.60107421875, 5.23046875, 2.705078125, 2.205078125, 3.578125, 1.517578125, 7.234375, 6.53515625, 11.0234375, 2.154296875, 2.5234375, 4.25390625, 3.681640625, 0.6572265625, 3.1484375, 1.4853515625, 1.677734375, 9.6484375, 2.2734375, 6.81640625, 3.828125, 2.15625, 6.65625, 1.73828125, 2.08984375, 9.1484375, 0.2078857421875, 4.3828125, 1.517578125, 0.035491943359375, 0.236328125, 0.034027099609375, 1.9130859375, 0.0024566650390625, 10.9296875, 4.7421875, 9.328125, 4.375, 12.8359375, 7.953125, 5.20703125, 3.5, 0.4296875, 2.3515625, 0.80029296875, 0.08514404296875, 4.296875, 6.625, 3.83984375, 2.9296875, 0.69921875, 4.2421875, 1.1513671875, 5.96875, 0.873046875, 5.4375, 3.25390625, 4.97265625, 1.2060546875, 6.08984375, 1.0654296875, 3.689453125, 0.91845703125, 4.52734375, 0.8193359375, 2.15234375, 5.39453125, 0.1932373046875, 11.1640625, 1.3779296875, 10.296875, 3.962890625, 0.03076171875, 0.421630859375, 2.642578125, 7.87890625, 7.421875, 0.20361328125, 2.607421875, 0.004772186279296875, 0.140625, 0.02374267578125, 2.427734375, 2.892578125, 9.234375, 1.1103515625, 0.3720703125, 1.3427734375, 1.7470703125, 7.83984375, 0.5166015625, 6.19140625, 2.521484375, 9.25, 0.25146484375, 6.4609375, 2.330078125, 1.4697265625, 0.1981201171875, 0.2646484375, 2.740234375, 7.84375, 2.09765625, 1.923828125, 7.15234375, 6.87109375, 5.71875, 6.93359375, 1.05078125, 4.953125, 6.4765625, 0.344482421875, 2.548828125, 0.0052490234375, 0.2222900390625, 0.050628662109375, 1.6767578125, 0.002361297607421875, 1.716796875, 4.07421875, 0.6171875, 5.234375, 0.58447265625, 2.240234375, 5.74609375, 5.08203125, 6.859375, 3.802734375, 3.40625, 0.06805419921875, 0.3466796875, 1.2919921875, 0.0396728515625, 1.375, 10.125, 2.484375, 1.26171875, 1.064453125, 5.5625, 8.421875, 0.40185546875, 0.1888427734375, 10.328125, 3.3828125, 4.3515625, 0.0312347412109375, 5.3984375, 4.921875, 10.1640625, 1.38671875, 7.9296875, 1.9345703125, 0.58056640625, 4.0390625, 0.6669921875, 0.005764007568359375, 0.10614013671875, 0.056488037109375, 1.8291015625, 7.078125, 5.203125, 0.0885009765625, 2.38671875, 1.7880859375, 0.0673828125, 0.853515625, 4.3359375, 7.625, 2.666015625, 7.96484375, 5.70703125, 2.015625, 0.351806640625, 0.96923828125, 0.00968170166015625, 1.7890625, 9.4375, 10.6171875, 0.174072265625, 10.1640625, 4.08984375, 5.296875, 0.050384521484375, 8.1328125, 0.42041015625, 0.76171875, 3.3671875, 0.038909912109375, 6.234375, 0.09857177734375, 1.3955078125, 4.44921875, 0.01267242431640625, 4.26171875, 0.01194000244140625, 4.10546875, 1.515625, 0.0010519027709960938, 0.1170654296875, 0.0198516845703125, 1.34375, 0.0032196044921875, 1.5224609375, 9.046875, 0.11566162109375, 0.14501953125, 5.03515625, 0.373779296875, 7.73046875, 3.123046875, 4.2578125, 1.205078125, 2.484375, 0.1485595703125, 0.72509765625, 1.6162109375, 2.373046875, 7.21875, 0.0440673828125, 2.3515625, 4.64453125, 0.0166168212890625, 3.796875, 1.7275390625, 3.56640625, 3.0078125, 2.1015625, 0.0028228759765625, 0.42041015625, 0.01580810546875, 1.861328125, 5.9453125, 2.865234375, 4.11328125, 2.361328125, 1.548828125, 0.0160980224609375, 7.171875]",-0.7969658433759172
97,0,test,2.938631086363981,1.240806868340452,1.7308045796220106,6.379922753290221,2.6938570167917706,3.7576678373372596,18.88996986765116,13.427919644483111,15.543766076067971,41.01111879161107,29.1527202807857,33.74633424409493,2.907609377674122,1.1667409347371747,1.6661278828501631,5.3350630783011415,2.1408090545636234,3.0571153813764465,18.312966807997963,12.61067341860047,14.8522300756635,33.601773959629284,23.13885030935866,27.25179830396972,2.993843631202162,1.2688918262243376,1.7794687590518046,6.28079083468985,2.662010824246862,3.733151242766023,19.962262800217584,14.350012259581748,16.594074942184374,41.87887300744948,30.104920824297373,34.81274463395324,0.6381909547738693,0.0031909547738693256,0.013190954773869334,0.4974874371859297,0.0024874371859296973,-0.002512562814070307,0.36180904522613067,-0.013190954773869334,-0.013190954773869334,0.38601823708206684,0.08252810051150539,0.13222652828530246,0.36585365853658536,0.37688442211055273,0.07362627674714417,0.11478091626748099,0.33838383838383834,0.3913043478260869,0.082456267692531,0.1421386081152971,0.37248322147651003,23.0,3.0,3.0,32.0,4.0,4.0,41.0,7.0,5.0,0.00010294742196982656,0.0002445959437032212,0.0003137062372113051,-0.007992230865919048,-0.008656331375040516,-0.007652713326036675,"[7.2421875, 3.23046875, 0.199951171875, 1.37890625, 5.73828125, 2.19921875, 0.7060546875, 0.91015625, 0.051361083984375, 0.2705078125, 2.796875, 6.578125, 1.748046875, 1.083984375, 5.35546875, 0.57568359375, 4.421875, 2.033203125, 6.4296875, 0.00817108154296875, 7.08984375, 0.1954345703125, 3.7265625, 6.6640625, 0.646484375, 11.0234375, 9.5234375, 3.18359375, 6.73828125, 6.484375, 8.8359375, 2.490234375, 0.8369140625, 0.1624755859375, 1.53515625, 5.33203125, 3.82421875, 0.12286376953125, 6.375, 0.44921875, 3.232421875, 0.6044921875, 9.96875, 4.01953125, 4.21875, 3.619140625, 0.0816650390625, 10.25, 1.6083984375, 7.1015625, 0.304931640625, 4.83203125, 5.15625, 3.962890625, 1.35546875, 7.2109375, 7.82421875, 2.703125, 10.5, 4.765625, 10.3984375, 4.62109375, 8.125, 1.3623046875, 3.375, 12.5859375, 6.60546875, 0.309326171875, 1.3056640625, 1.1279296875, 1.2802734375, 0.03509521484375, 13.0859375, 0.380615234375, 7.12890625, 1.7294921875, 0.008758544921875, 3.259765625, 5.109375, 2.208984375, 0.0011415481567382812, 1.6025390625, 0.16259765625, 7.390625, 2.419921875, 9.5546875, 1.796875, 0.47265625, 0.47607421875, 0.299560546875, 0.1455078125, 0.9365234375, 0.1751708984375, 0.1849365234375, 0.638671875, 0.75146484375, 3.8984375, 3.607421875, 0.02044677734375, 1.2265625, 0.04296875, 5.515625, 3.419921875, 5.4140625, 0.57666015625, 0.6318359375, 6.24609375, 0.0004360675811767578, 2.6953125, 0.039825439453125, 1.453125, 7.70703125, 2.888671875, 3.078125, 0.05328369140625, 8.09375, 2.31640625, 2.2421875, 3.94921875, 3.716796875, 0.49755859375, 5.05859375, 1.345703125, 0.007724761962890625, 0.048736572265625, 2.896484375, 3.162109375, 0.015350341796875, 0.79931640625, 0.022430419921875, 3.830078125, 0.2138671875, 2.4140625, 2.71484375, 1.7666015625, 0.039581298828125, 2.12109375, 1.8203125, 0.95654296875, 0.66796875, 3.322265625, 0.175048828125, 2.36328125, 0.88916015625, 1.9619140625, 2.859375, 0.0150146484375, 1.4384765625, 0.053466796875, 0.006786346435546875, 0.0185699462890625, 1.0166015625, 0.1307373046875, 0.0171051025390625, 0.08148193359375, 0.007656097412109375, 2.033203125, 0.08599853515625, 2.34765625, 0.1156005859375, 1.328125, 0.0014591217041015625, 2.931640625, 3.19921875, 0.47216796875, 5.58203125, 0.5703125, 6.75, 2.083984375, 1.0009765625, 1.77734375, 7.40234375, 0.11181640625, 7.6875, 6.72265625, 0.44287109375, 8.5546875, 0.68212890625, 0.7099609375, 7.903575897216797e-05, 0.491943359375, 0.0220489501953125, 1.78125, 0.01495361328125, 3.642578125, 4.859375, 3.43359375, 1.1005859375, 0.96875, 9.2109375, 3.42578125, 13.84375, 0.042816162109375, 2.734375, 5.40625, 0.48974609375, 1.9775390625, 5.1484375, 0.01198577880859375, 0.00849151611328125, 0.0068511962890625, 4.625, 0.4833984375, 2.81640625, 2.603515625, 5.00390625, 2.166015625, 6.05078125, 2.140625, 3.87109375, 7.96875, 8.421875, 8.078125, 1.396484375, 1.4638671875, 0.26416015625, 8.7578125, 2.208984375, 8.7578125, 8.9140625, 3.349609375, 6.34375, 6.41015625, 1.7802734375, 6.25390625, 4.12109375, 5.36328125, 9.0, 0.560546875, 4.2109375, 1.55078125, 0.083251953125, 1.08203125, 0.1893310546875, 5.39453125, 1.9453125, 3.666015625, 1.6728515625, 0.4150390625, 7.85546875, 8.6015625, 4.25, 5.69140625, 2.322265625, 0.802734375, 3.806640625, 0.177001953125, 4.0703125, 5.2890625, 2.091796875, 0.421142578125, 0.0204925537109375, 0.006458282470703125, 0.007030487060546875, 5.18359375, 8.96875, 0.12841796875, 5.23046875, 7.510185241699219e-05, 0.417724609375, 0.005062103271484375, 7.12109375, 5.234375, 0.446044921875, 4.609375, 9.0078125, 4.9296875, 5.1171875, 0.0078277587890625, 11.0234375, 0.68994140625, 1.431640625, 0.07452392578125, 0.79736328125, 0.004924774169921875, 0.005035400390625, 0.006839752197265625, 2.69140625, 1.7294921875, 0.02838134765625, 0.15087890625, 0.004261016845703125, 7.9765625, 2.375, 7.57421875, 0.662109375, 0.603515625, 1.28125, 6.4921875, 2.35546875, 0.0108489990234375, 0.156494140625, 1.984375, 0.07623291015625, 0.01383209228515625, 0.1214599609375, 0.0017070770263671875, 7.22265625, 1.740234375, 0.06353759765625, 0.0178070068359375, 9.3203125, 0.37939453125, 0.004669189453125, 0.80810546875, 2.77734375, 1.173828125, 1.091796875, 4.875, 1.0283203125, 0.51953125, 8.984375, 0.623046875, 4.3125, 2.912109375, 6.05859375, 5.58984375, 0.9873046875, 0.015777587890625, 0.0947265625, 0.009521484375, 5.1640625, 1.3125, 3.345703125, 1.42578125, 0.98681640625, 3.90625, 4.640625, 6.51171875]",-0.6094197940681481
70,0,test,3.6382540584534637,1.7034828098186383,2.3396811855824877,5.92646415810973,2.7748556461825613,3.8111787865777624,38.02538862920173,31.102928277209585,34.36132477956489,61.94072738970596,50.66451838866216,55.972220867341555,3.722250214773207,1.7199937726410557,2.3722028427528614,5.770930565539856,2.6666570118465978,3.6778338647331186,41.357352406684974,33.95160450529494,37.49974413761897,64.11992621191469,52.63814651983711,58.13913819785887,3.6382540584534637,1.7034828098186383,2.3396811855824877,5.92646415810973,2.7748556461825613,3.8111787865777624,38.02538862920173,31.102928277209585,34.36132477956489,61.94072738970596,50.66451838866216,55.972220867341555,0.7889447236180904,-0.006055276381909613,-0.006055276381909613,0.6783919597989949,0.013391959798994879,0.008391959798994986,0.5477386934673367,0.0027386934673367946,-0.002261306532663321,0.4612403100775194,0.11888054218583666,0.20866299048989057,0.44747081712062253,0.44221105527638194,0.09885265928640696,0.1767686512697041,0.43939393939393945,0.4612403100775194,0.11888054218583666,0.20866299048989057,0.44747081712062253,24.0,5.0,6.0,38.0,8.0,7.0,45.0,4.0,5.0,-0.00011256458148034043,0.0002039264401270016,9.028728460033387e-05,-0.00010015572628230274,-0.00015629801580718805,0.00010338106235963096,"[1.783203125, 4.34765625, 0.00472259521484375, 0.0274505615234375, 5.20703125, 3.92578125, 4.21484375, 0.1434326171875, 6.98828125, 2.4453125, 4.0, 4.49609375, 7.53515625, 5.48828125, 3.548828125, 5.34375, 1.2548828125, 4.10546875, 0.5673828125, 9.4765625, 0.09332275390625, 0.0239105224609375, 6.05078125, 2.60546875, 0.8603515625, 6.49609375, 2.154296875, 1.1796875, 2.421875, 0.335205078125, 0.3994140625, 2.111328125, 8.03125, 3.568359375, 4.08984375, 0.068603515625, 0.257568359375, 11.515625, 0.81982421875, 6.765625, 3.3203125, 6.19140625, 1.904296875, 9.6484375, 6.4453125, 5.0390625, 0.1290283203125, 7.89453125, 9.125, 2.61328125, 5.41015625, 2.146484375, 0.92919921875, 5.58203125, 5.75, 4.546875, 4.20703125, 0.0030059814453125, 3.1953125, 6.0546875, 6.49609375, 2.400390625, 6.3125, 2.90234375, 9.65625, 8.6171875, 8.3203125, 4.70703125, 2.658203125, 4.94140625, 1.5166015625, 5.75390625, 2.392578125, 2.990234375, 0.68701171875, 1.064453125, 4.05078125, 9.3671875, 3.32421875, 1.796875, 8.9609375, 2.0703125, 2.02734375, 1.7744140625, 0.349365234375, 1.60546875, 4.3125, 1.216796875, 8.1640625, 5.1015625, 4.8984375, 3.40234375, 4.875, 6.31640625, 4.140625, 8.4140625, 8.4765625, 2.0625, 1.36328125, 0.86083984375, 2.068359375, 5.98828125, 0.03216552734375, 3.47265625, 2.763671875, 3.01953125, 5.24609375, 3.775390625, 2.37890625, 2.240234375, 10.296875, 5.17578125, 3.833984375, 3.384765625, 2.07421875, 4.453125, 3.998046875, 0.9052734375, 0.25634765625, 1.9453125, 1.6533203125, 2.923828125, 4.6484375, 0.172607421875, 1.1220703125, 0.875, 0.0131683349609375, 4.69140625, 7.3203125, 3.2890625, 6.06640625, 0.435302734375, 0.07781982421875, 4.046875, 3.7578125, 8.375, 0.0877685546875, 2.91015625, 0.62353515625, 5.25390625, 4.4765625, 6.74609375, 9.0625, 0.01486968994140625, 4.94921875, 2.28515625, 1.88671875, 2.08203125, 9.1484375, 5.4140625, 0.44140625, 3.353515625, 2.498046875, 0.19970703125, 7.73828125, 5.74609375, 4.62890625, 1.990234375, 1.744140625, 0.428466796875, 6.06640625, 0.4755859375, 0.802734375, 0.02862548828125, 0.1610107421875, 2.46484375, 1.853515625, 9.8359375, 0.1129150390625, 1.857421875, 4.921875, 3.630859375, 1.833984375, 6.1640625, 0.0013170242309570312, 4.37109375, 1.1689453125, 5.18359375, 5.50390625, 0.41796875, 6.12109375, 4.16015625, 3.515625, 9.9453125, 2.388671875, 1.45703125, 6.9921875, 0.00823211669921875, 9.4453125, 3.666015625, 7.18359375, 3.73046875, 0.9443359375, 12.3515625, 4.34765625, 3.34375, 4.34375, 0.99609375, 3.69921875, 4.56640625, 0.5869140625, 2.009765625, 5.63671875, 3.982421875, 5.15234375, 0.96923828125, 10.3515625, 0.151123046875, 0.09649658203125, 0.0029811859130859375, 0.000614166259765625, 2.27734375, 3.513671875, 3.5625, 3.865234375, 3.65625, 1.4482421875, 6.78125, 0.315185546875, 1.69140625, 5.0234375, 0.437255859375, 5.91796875, 4.6015625, 4.8671875, 4.203125, 2.19921875, 7.55078125, 7.41015625, 2.84765625, 4.3203125, 12.1875, 3.296875, 3.1796875, 1.140625, 0.85498046875, 0.0316162109375, 1.3134765625, 0.054443359375, 0.082763671875, 0.008514404296875, 0.011077880859375, 5.44921875, 0.1900634765625, 3.09375, 0.274658203125, 0.049072265625, 2.71484375, 11.3359375, 5.56640625, 0.023193359375, 0.9228515625, 7.1015625, 6.21875, 0.09320068359375, 6.4609375, 6.6484375, 9.1484375]",-0.948772060778714
225,0,test,3.004055353741587,1.2682099494882397,1.5436500502722021,5.620490661839098,2.3727799054941263,2.8881194488963784,20.16715626629657,14.493433900428315,15.85945116389578,37.732098820812936,27.116747297575554,29.67252153245017,3.1129102083905855,1.2468465627815448,1.76927314934125,4.86392220061029,1.9481977543461637,2.764489295845703,22.486389349877815,16.023582982798427,18.653430467586304,35.13498335918408,25.03684841062254,29.1459851056036,3.212086299988737,1.3718073083149922,1.9056051710510615,5.840156909070431,2.4941951060272585,3.4647366746382935,24.830836796737017,18.532541608889538,21.137681713083467,45.1469759940673,33.69553019798097,38.43214856924266,0.6381909547738693,0.023190954773869343,0.00819095477386933,0.542713567839196,0.007713567839196078,0.0027135678391959628,0.4170854271356784,0.0170854271356784,0.012085427135678395,0.4049382716049382,0.10530818529174468,0.14003113573006043,0.3910891089108911,0.4170854271356784,0.10630848477978871,0.15832081945621268,0.398989898989899,0.4180602006688964,0.11255101869894646,0.1633327256967051,0.4161073825503355,20.0,4.0,4.0,35.0,11.0,11.0,46.0,10.0,9.0,0.0007612338146938442,0.0007584274105113452,0.00020437586919963977,-0.039077371892337176,-0.041690614330065046,-0.04129694689434693,"[2.892578125, 2.212890625, 0.25, 0.0423583984375, 3.719329833984375e-05, 0.7880859375, 0.01218414306640625, 0.01407623291015625, 5.58203125, 5.890625, 8.34375, 5.8359375, 2.376953125, 3.625, 0.19775390625, 5.8984375, 10.3046875, 5.7578125, 4.79296875, 5.80078125, 2.91015625, 1.6484375, 0.0223388671875, 9.3515625, 9.7578125, 3.396484375, 3.9296875, 0.010528564453125, 6.19921875, 1.7451171875, 0.63623046875, 4.47265625, 11.2734375, 8.1953125, 0.25, 5.109375, 7.015625, 1.4150390625, 6.25390625, 1.3759765625, 0.037384033203125, 2.107421875, 2.490234375, 2.5703125, 0.544921875, 3.71484375, 1.685546875, 0.051544189453125, 0.2216796875, 0.689453125, 5.859375, 2.94140625, 1.61328125, 2.546875, 6.546875, 5.5234375, 4.390625, 2.990234375, 2.677734375, 5.75390625, 2.1484375, 2.923828125, 0.2242431640625, 0.0009427070617675781, 0.62890625, 5.0625, 7.23046875, 0.00020134449005126953, 5.0625, 10.1953125, 0.160888671875, 0.46435546875, 2.5859375, 5.55859375, 8.59375, 4.5703125, 0.28515625, 1.6552734375, 5.7265625, 0.05804443359375, 4.58203125, 6.9453125, 2.9375, 1.5068359375, 2.41015625, 6.69140625, 0.047943115234375, 4.875, 4.28125, 0.0439453125, 3.171875, 0.470947265625, 4.83984375, 4.046875, 9.078125, 0.96240234375, 4.70703125, 0.1072998046875, 8.0078125, 12.8203125, 2.771484375, 0.393798828125, 2.62109375, 2.384185791015625e-06, 1.8477439880371094e-05, 6.318092346191406e-05, 0.0002015829086303711, 1.2516975402832031e-05, -0.0, 3.716796875, 5.58984375, 0.048980712890625, 1.94140625, 2.86102294921875e-06, 8.797645568847656e-05, 0.0002332925796508789, 0.00010228157043457031, 1.3709068298339844e-05, 1.1920928955078125e-07, 4.3359375, 4.83984375, 11.4296875, 0.167724609375, 0.361083984375, 9.0078125, 0.0850830078125, 4.73828125, 5.41015625, 1.9072265625, 2.046875, 0.493408203125, 0.1063232421875, 0.853515625, 6.3515625, 4.71484375, 0.75537109375, 2.94140625, 7.48828125, 2.177734375, 4.859375, 2.189453125, 4.4921875, 5.55859375, 0.93359375, 10.2734375, 0.051727294921875, 12.3828125, 1.193359375, 11.1328125, 2.67578125, 2.42578125, 0.358154296875, 11.2421875, 0.120849609375, 6.8125, 0.52783203125, 0.00482177734375, 0.0196533203125, 5.0546875, 5.28515625, 0.05029296875, 0.22021484375, 0.442626953125, 1.1884765625, 0.56494140625, 6.61328125, 4.8125, 5.84765625, 2.318359375, 1.4931640625, 12.078125, 2.166015625, 5.7265625, 4.39453125, 1.470703125, 5.78515625, 10.6796875, 1.955078125, 5.984375, 2.654296875, 3.5762786865234375e-07, 4.76837158203125e-05, 5.841255187988281e-06, 9.059906005859375e-06, 1.8835067749023438e-05, -0.0, 3.03515625, 0.06280517578125, 0.006866455078125, 0.1439208984375, 1.3916015625, 0.0208587646484375, -0.0, 2.1457672119140625e-06, 4.291534423828125e-06, 8.821487426757812e-06, 5.841255187988281e-06, -0.0, 6.203125, 5.65234375, 3.962890625, 0.343994140625, 0.2178955078125, 2.376953125, 3.775390625, 8.1328125, 0.171630859375, 1.708984375, 6.37109375, 0.145263671875, 0.0008358955383300781, 4.64453125, 10.1953125, 6.40234375, 2.515625, 2.3046875, 12.828125, 1.2353515625, 2.07421875, 1.625, 0.433837890625, 9.6953125, 0.0867919921875, 8.4453125, 0.6357421875, 0.55859375, 2.087890625, 6.45703125, 8.453125, 8.1015625, 4.26171875, 1.580078125, 3.830078125, 8.609375, 5.27734375, 0.73779296875, 1.4501953125, 5.40234375, 0.7080078125, 4.50390625, 7.1328125, 3.068359375, 4.53515625, 5.33984375, 3.93359375, 4.0078125, 0.06378173828125, 0.88232421875, 3.361328125, 1.5048828125, 0.6015625, 3.390625, 6.94921875, 2.78125, 6.12109375, 8.6328125, 9.703125, 0.005504608154296875, 0.0011920928955078125, 3.6484375, 8.2421875, 5.375, 7.7734375, 0.84130859375, 1.1920928955078125e-07, 9.298324584960938e-06, 5.7220458984375e-06, 3.2186508178710938e-06, 1.800060272216797e-05, -0.0, 3.255859375, 0.02716064453125, 0.0017881393432617188, 0.0535888671875, 3.40625, 1.7881393432617188e-06, 0.0012416839599609375, 7.152557373046875e-06, 9.417533874511719e-06, 5.733966827392578e-05, 4.76837158203125e-07, 9.625, 2.091796875, 0.08648681640625, 0.1492919921875, 6.0234375, 10.0, 4.3046875, 4.15234375, 0.34814453125, 4.46484375, 8.328125, 7.25, 1.83984375, 5.98046875, 0.021728515625, 1.6064453125, 4.9609375, 6.0390625, 6.1328125, 2.458984375, 0.1690673828125, 0.8359375, 3.322265625, 0.38720703125, 3.052734375, 8.3828125, 1.462890625, 10.890625, 1.7353515625, 0.00954437255859375, 0.0048828125, 0.00510406494140625, 0.490966796875, 0.8779296875, 1.142578125, 5.15234375, 1.54296875, 0.0185394287109375, 2.435546875, 0.0782470703125, 0.455078125, 3.90234375, 1.2666015625, 4.91796875, 2.837890625, 0.9140625, 7.828125, 0.140625, 0.42236328125, 3.544921875, 2.6875, 1.3486328125, 0.206787109375, 7.22265625, 7.62109375, 6.390625, 3.5234375, 1.365234375, 2.4375, 2.275390625, 7.12109375, 0.80615234375, 6.43359375, 1.7001953125, 7.515625, 7.5078125, 3.345703125, 6.21875, 1.798828125, 5.78125, 0.9560546875, 7.65234375, 4.55859375, 3.28515625, 1.337890625, 2.62890625, 0.31591796875, 9.9921875, 1.38671875, 8.7578125, 3.3046875, 0.6796875, 0.386962890625, 1.443359375, 3.5762786865234375e-07, 3.516674041748047e-05, 3.6954879760742188e-06, 8.940696716308594e-06, 3.612041473388672e-05, -0.0, 3.115234375, 0.015960693359375, 0.0023174285888671875, 0.058868408203125, 0.90283203125, 0.159912109375, -0.0, 0.00035953521728515625, 7.152557373046875e-06, 1.3232231140136719e-05, 1.430511474609375e-05, -0.0, 6.69140625, 2.427734375, 0.047454833984375, 0.83056640625, 0.0721435546875, -0.0, 0.00014281272888183594, 5.364418029785156e-06, 1.2993812561035156e-05, 3.0994415283203125e-05, 3.5762786865234375e-07, 4.14453125, 5.1875, 7.515625, 6.25, 0.09075927734375, 0.38916015625, 1.2900390625, 0.0002827644348144531, 4.93359375, 3.185546875, 4.18359375]",-0.6951242956114405
161,0,test,3.394863854514228,1.5559454399221462,2.066820939024561,7.003119151312207,3.2096931646393987,4.263556337073523,29.8105946207612,23.5208629220353,26.036943818322626,61.494998046255965,48.520180084884245,53.710495533796966,3.5590844453878736,1.6437460062352205,2.235184417444102,6.715253670543158,3.1014075589343784,4.217329089517173,35.13101805089018,28.341781899339864,31.3729687194789,66.28493971866071,53.475060187433705,59.19428060279038,3.366965655897772,1.5366228550297967,2.097493913477809,7.163756714676111,3.2694103298506314,4.462753007399594,28.990426531970154,22.754402525366576,25.431454520220804,61.68175857865991,48.41362239439698,54.10947770259746,0.7085427135678393,0.00854271356783931,0.0035427135678391952,0.5829145728643217,-0.0070854271356783904,0.007914572864321734,0.4623115577889447,-0.002688442211055242,0.0023115577889447625,0.38888888888888884,0.08930497765449219,0.1386445096122515,0.33426183844011137,0.4120603015075377,0.09627082782332719,0.14995679566446596,0.33838383838383834,0.39799331103678925,0.10417027263946033,0.1521646124828404,0.32885906040268453,25.0,-1.0,-1.0,38.0,2.0,0.0,45.0,0.0,2.0,0.0016325096972730111,-0.00020710223692273373,0.0006659211481313073,-0.015278712793282523,-0.012277179598479293,-0.014449355476680026,"[2.611328125, 5.1328125, 7.1796875, 3.240234375, 6.7109375, 6.58984375, 2.490234375, 2.853515625, 7.265625, 3.107421875, 5.97265625, 0.1058349609375, 0.73779296875, 11.265625, 10.203125, 0.806640625, 0.85107421875, 1.287109375, 4.1875, 12.453125, 10.59375, 1.4521484375, 2.349609375, 6.3984375, 2.7109375, 2.283203125, 3.5859375, 3.8046875, 6.4609375, 3.701171875, 1.34375, 0.39208984375, 11.9375, 7.5703125, 3.58203125, 8.96875, 0.5517578125, 2.421875, 3.701171875, 4.54296875, 4.76171875, 5.20703125, 9.5703125, 4.6328125, 0.8447265625, 0.79541015625, 6.0078125, 10.2578125, 1.6015625, 2.05859375, 9.265625, 4.19921875, 0.52490234375, 8.734375, 6.83203125, 7.00390625, 3.568359375, 0.9208984375, 3.759765625, 8.6015625, 7.08203125, 8.046875, 4.08203125, 4.5078125, 9.8125, 6.4140625, 0.445556640625, 12.8984375, 4.140625, 8.578125, 1.505859375, 2.8828125, 8.1484375, 8.609375, 11.34375, 4.015625, 0.351318359375, 2.212890625, 0.292236328125, 0.5703125, 1.37109375, 2.3203125, 0.2078857421875, 4.63671875, 3.052734375, 2.767578125, 2.10546875, 2.703125, 0.052703857421875, 0.148681640625, 0.16552734375, 0.304443359375, 0.74853515625, 2.1171875, 4.14453125, 10.6953125, 7.76953125, 6.5390625, 6.62109375, 2.421875, 1.0654296875, 0.64990234375, 6.52734375, 1.3232421875, 4.1953125, 5.44140625, 1.6435546875, 3.0234375, 2.951171875, 1.4453125, 0.158447265625, 3.671875, 4.41796875, 4.921875, 2.0, 1.185546875, 3.81640625, 1.0791015625, 3.099609375, 1.33984375, 4.82421875, 9.1875, 0.77783203125, 7.14453125, 5.484375, 10.421875, 2.8671875, 2.408203125, 4.2734375, 5.28125, 3.34375, 0.02740478515625, 6.55859375, 5.08203125, 4.1796875, 1.6376953125, 0.08001708984375, 6.0, 6.51171875, 2.322265625, 9.6015625, 2.587890625, 1.5859375, 9.046875, 4.58203125, 0.60009765625, 0.38427734375, 0.67626953125, 6.296875, 1.419921875, 1.1171875, 6.921875, 1.55078125, 6.8828125, 4.28515625, 0.2626953125, 0.444091796875, 10.4375, 1.603515625, 6.70703125, 0.73291015625, 1.7939453125, 2.296875, 8.390625, 0.37109375, 2.466796875, 0.102294921875, 0.03253173828125, 0.020111083984375, 0.0024051666259765625, 0.1607666015625, 1.7890625, 0.06317138671875, 0.09967041015625, 2.166015625, 1.142578125, 4.49609375, 0.0023517608642578125, 0.080322265625, 0.0038204193115234375, 0.07708740234375, 0.06610107421875, 0.018585205078125, 0.019287109375, 0.3359375, 0.3232421875, 0.81689453125, 0.23583984375, 0.0005936622619628906, 0.0182037353515625, 0.018096923828125, 0.004116058349609375, 0.0262451171875, 0.051788330078125, 0.02215576171875, 0.02410888671875, 0.345703125, 2.888671875, 2.28125, 1.8251953125, 0.232421875, 0.007152557373046875, 0.662109375, 6.23828125, 4.59375, 11.6171875, 0.162353515625, 3.68359375, 1.822265625, 0.06658935546875, 0.92431640625, 0.1336669921875, 0.323974609375, 1.4873046875, 2.7734375, 6.58984375, 5.8359375, 6.76953125, 2.26953125, 0.3828125, 0.37060546875, 0.083984375, 0.0003440380096435547, 2.904296875, 0.6484375, 6.37890625, 0.43505859375, 1.427734375, 2.953125, 9.734375, 3.21484375, 1.0419921875, 7.81640625, 10.234375, 0.10382080078125, 0.0511474609375, 3.181640625, 1.3115234375, 12.1640625, 4.04296875, 1.328125, 2.205078125, 9.0703125, 4.38671875, 8.15625, 3.17578125, 12.0234375, 0.77294921875, 7.40234375, 0.5537109375, 6.19140625, 0.1927490234375, 0.55078125, 3.9375, 6.0078125, 1.10546875, 0.82666015625, 0.0018167495727539062, 10.84375, 3.650390625, 2.40234375, 1.181640625, 0.64404296875, 4.953125, 0.865234375, 1.330078125, 0.059722900390625, 0.020172119140625, 0.0015106201171875, 0.03240966796875, 0.003444671630859375, 0.040069580078125, 13.84375, 0.0005998611450195312, 0.487060546875, 0.25048828125, 0.0001609325408935547, 1.369140625, 0.47900390625, 2.447265625, 6.44140625, 9.6953125, 10.0625, 1.03125, 2.34375, 2.091796875, 5.44140625, 0.07415771484375, 0.00914764404296875, 1.484375, 6.4609375, 8.2734375, 3.474609375, 5.04296875, 1.7216796875, 0.96142578125, 1.134765625, 0.09033203125, 0.05401611328125, 0.0123748779296875, 0.048797607421875, 6.01953125, 0.2149658203125, 0.873046875, 0.1248779296875, 3.37109375, 0.080322265625, 0.0038127899169921875, 1.5390625, 10.78125, 0.267578125, 1.91015625, 12.5859375, 4.3515625, 7.59765625, 1.5908203125, 2.900390625, 1.794921875, 7.515625, 0.57666015625, 2.1171875, 2.1875, 9.7734375, 4.0703125, 2.970703125, 1.0654296875, 1.1015625, 3.572265625, 1.0966796875, 1.1083984375, 0.87353515625, 9.8984375, 0.2479248046875, 0.312744140625, 1.478515625, 1.0966796875, 8.7578125, 6.08984375, 0.06451416015625, 2.166015625, 10.8046875, 5.33984375, 2.55078125, 5.4609375, 4.55078125, 5.58984375, 6.6171875, 2.69140625, 2.09765625, 9.421875, 3.09765625, 1.3125, 1.05078125, 5.703125, 0.564453125, 10.375, 3.029296875, 1.859375, 4.9140625, 3.185546875]",-0.09785698784722241
212,0,test,3.3531896830468937,1.4781659000391392,2.0700372975420445,5.954061167974292,2.6246920148130863,3.675643150122733,28.593793478862917,22.072819271996895,24.985797868697713,50.77231277977582,39.19340345091756,44.36580775403375,3.3173525740752865,1.3594060064681812,1.9627744042382647,5.394069226138678,2.21041627067997,3.191503096322382,27.587218677694356,20.502454643484143,23.712092710899082,44.85726614259245,33.33732462355145,38.55624831040501,3.3531896830468937,1.4781659000391392,2.0700372975420445,5.954061167974292,2.6246920148130863,3.675643150122733,28.593793478862917,22.072819271996895,24.985797868697713,50.77231277977582,39.19340345091756,44.36580775403375,0.6884422110552764,0.003442211055276312,0.003442211055276312,0.5728643216080402,-0.0021356783919597166,0.0028643216080401768,0.4371859296482412,0.0021859296482411583,-0.002814070351758735,0.42028985507246375,0.10021752234190318,0.1648681683254758,0.39636363636363636,0.40703517587939697,0.0686893112177428,0.13658442462731013,0.3787878787878788,0.42028985507246375,0.10021752234190318,0.1648681683254758,0.39636363636363636,21.0,0.0,0.0,30.0,1.0,0.0,41.0,1.0,0.0,0.00018451525881428715,0.00013976320563373066,0.00011070819319816058,-0.008631792342040256,-0.009246143159217901,-0.0100157824165521,"[8.3359375, 0.052032470703125, 6.6328125, 1.830078125, 1.0400390625, 8.8671875, 9.3203125, 1.03125, 5.79296875, 3.97265625, 4.796875, 0.060821533203125, 3.7734375, 6.0, 9.4296875, 2.388671875, 5.484375, 0.2181396484375, 0.064208984375, 7.1328125, 1.6708984375, 1.6611328125, 2.005859375, 0.007572174072265625, 0.07012939453125, 1.654296875, 3.376953125, 5.37890625, 0.05499267578125, 10.546875, 8.71875, 1.435546875, 4.72265625, 3.861328125, 0.00019752979278564453, 0.09722900390625, 2.2265625, 3.73046875, 1.1748046875, 9.9296875, 0.08453369140625, 7.0703125, 0.82373046875, 2.580078125, 6.1796875, 1.7861328125, 2.6171875, 3.72265625, 7.921875, 0.9189453125, 0.05670166015625, 8.984375, 15.0859375, 8.0108642578125e-05, 0.388427734375, 7.02734375, 0.01309967041015625, 7.67578125, 2.724609375, 6.59765625, 0.77978515625, 4.72265625, 3.11328125, 12.765625, 9.0234375, 2.1796875, 2.974609375, 5.296875, 8.6328125, 0.6513671875, 1.431640625, 3.6015625, 2.037109375, 7.640625, 2.5546875, 4.37109375, 3.37109375, 2.103515625, 0.64892578125, 0.006855010986328125, 0.10595703125, 0.2880859375, 0.0013608932495117188, 0.01007843017578125, 0.51416015625, 0.0005741119384765625, 0.0168609619140625, 0.28662109375, 0.0005054473876953125, 0.02020263671875, 2.2890625, 9.21875, 8.1484375, 2.177734375, 8.90625, 0.16064453125, 3.158203125, 3.619140625, 0.650390625, 0.76708984375, 4.79296875, 2.19921875, 4.140625, 4.48828125, 4.32421875, 5.9453125, 1.9287109375, 0.004894256591796875, 0.63720703125, 9.5234375, 0.59375, 3.29296875, 4.40625, 2.919921875, 2.634765625, 2.4375, 8.25, 0.7880859375, 2.619140625, 10.8671875, 0.097412109375, 5.515625, 1.51171875, 2.73828125, 5.3046875, 6.140625, 6.3125, 6.85546875, 3.072265625, 1.36328125, 1.673828125, 0.0199432373046875, 6.171875, 0.4501953125, 0.689453125, 0.0027446746826171875, 6.13671875, 0.37890625, 0.12384033203125, 2.078125, 4.765625, 0.0721435546875, 1.6552734375, 0.00786590576171875, 0.1676025390625, 3.91015625, 5.15234375, 0.72265625, 6.16015625, 5.75390625, 2.208984375, 2.94140625, 3.111328125, 2.208984375, 2.87109375, 9.59375, 2.5625, 6.9609375, 1.13671875, 3.34765625, 2.517578125, 2.58203125, 5.33203125, 6.19140625, 4.15234375, 6.3359375, 0.00453948974609375, 0.00677490234375, 1.3203125, 6.6796875, 1.1455078125, 0.00276947021484375, 0.51123046875, 0.3671875, 0.0033245086669921875, 0.032745361328125, 0.7451171875, 2.6484375, 1.2822265625, 4.19140625, 0.0972900390625, 1.5048828125, 4.43359375, 5.35546875, 0.002887725830078125, 3.478515625, 6.94921875, 2.0546875, 5.59765625, 2.046875, 1.65625, 7.9453125, 6.65234375, 8.3046875, 0.2027587890625, 6.49609375, 0.333251953125, 0.71337890625, 4.66015625, 5.171875, 3.9921875, 7.69921875, 0.75732421875, 5.38671875, 6.28515625, 1.4755859375, 9.15625, 0.286865234375, 0.01491546630859375, 0.14501953125, 1.7529296875, 6.265625, 5.625, 6.24609375, 1.5400390625, 2.87890625, 5.3671875, 6.85546875, 1.7626953125, 5.1015625, 0.488525390625, 0.052734375, 1.36328125, 0.1531982421875, 5.484375, 5.88671875, 2.18359375, 0.79296875, 6.69921875, 1.05078125, 0.7626953125, 6.1171875, 2.00390625, 14.2109375, 5.609375, 0.98779296875, 8.625, 2.17578125, 3.0703125, 1.216796875, 0.01149749755859375, 8.4296875, 6.0078125, 0.10760498046875, 3.88671875, 5.58203125, 1.7421875, 0.004352569580078125, 0.0068359375, 0.146728515625, 6.3828125, 1.541015625, 0.00873565673828125, 3.654296875, 2.638671875, 10.515625, 2.66015625, 0.016845703125, 0.2213134765625, 1.9306640625, 4.41015625, 5.15625, 5.9921875, 0.025726318359375, 4.85546875, 5.9609375, 0.4169921875, 6.28515625, 2.4140625, 6.83984375, 1.3046875, 0.390625, 0.003643035888671875, 3.50390625, 3.30859375, 4.078125]",-0.5303302048773006
376,0,test,3.403253691179769,1.6109005641645702,2.19668263186961,5.36666928224502,2.5402662742595146,3.4639995348713075,30.061752755157833,24.058189750937014,26.719747310577688,47.40507165236428,37.93791460724683,42.13498614360328,3.5555272701397613,1.6348713996423851,2.2657391173224664,5.152938072666321,2.3693788400614277,3.2836798801774876,35.0062728648212,28.180839262713242,31.37425582315302,50.73372878959594,40.84179603291774,45.46993597558409,3.403253691179769,1.6109005641645702,2.19668263186961,5.36666928224502,2.5402662742595146,3.4639995348713075,30.061752755157833,24.058189750937014,26.719747310577688,47.40507165236428,37.93791460724683,42.13498614360328,0.7236180904522613,-0.02638190954773867,-0.01638190954773866,0.5778894472361809,-0.01711055276381912,0.0028894472361808976,0.44723618090452266,-0.007763819095477298,-0.007763819095477298,0.40909090909090906,0.10368078692686022,0.17420718816067648,0.37192982456140355,0.3919597989949749,0.0811828566390852,0.14655078396993315,0.35858585858585856,0.40909090909090906,0.10368078692686022,0.17420718816067648,0.37192982456140355,23.0,0.0,-2.0,35.0,1.0,0.0,45.0,0.0,1.0,0.00018456740168186776,0.0006462967876625068,5.247810661605183e-05,-0.02048579611864465,-0.02251102676989003,-0.020983784545514972,"[7.3359375, 5.484375, 0.9541015625, 0.8349609375, 8.84375, 7.0625, 9.953125, 12.03125, 9.9609375, 2.8828125, 5.6640625, 2.77734375, 3.66015625, 4.53125, 1.3515625, 8.1640625, 6.5703125, 8.40625, 2.787109375, 1.244140625, 5.88671875, 1.02734375, 1.9638671875, 3.650390625, 3.25, 8.3984375, 1.9072265625, 0.38330078125, 2.3671875, 1.6064453125, 0.99951171875, 1.05859375, 9.109375, 11.5703125, 5.0703125, 0.437744140625, 1.134765625, 6.5390625, 3.630859375, 0.32177734375, 0.348388671875, 3.17578125, 0.6552734375, 4.0, 6.84375, 0.55126953125, 2.583984375, 7.109375, 0.01763916015625, 13.21875, 4.484375, 1.14453125, 0.2347412109375, 0.96435546875, 0.32763671875, 0.32275390625, 4.1604042053222656e-05, 1.3113021850585938e-06, 0.0002503395080566406, 1.239776611328125e-05, 3.1113624572753906e-05, 0.245849609375, 4.08984375, 0.04766845703125, 1.1025390625, 14.28125, 10.2109375, 8.3515625, 2.7578125, 6.20703125, 0.58154296875, 0.77734375, 1.5078125, 7.91796875, 1.3095703125, 5.62890625, 5.953125, 1.3505859375, 3.85546875, 12.1171875, 0.106201171875, 0.7158203125, 5.72265625, 0.09283447265625, 10.3203125, 1.8310546875, 7.9765625, 4.96875, 0.7392578125, 3.5234375, 2.87890625, 0.396728515625, 0.428955078125, 1.96484375, 2.0390625, 0.94775390625, 1.21875, 6.17578125, 1.9453125, 2.111328125, 0.2283935546875, 3.873046875, 8.8671875, 8.1953125, 0.75830078125, 1.3349609375, 10.421875, 0.285400390625, 0.5869140625, 7.828125, 3.7421875, 0.495849609375, 9.5, 2.37109375, 2.060546875, 2.896484375, 7.40234375, 1.2841796875, 3.802734375, 2.037109375, 5.81640625, 6.5625, 0.441162109375, 3.951171875, 0.449462890625, 8.9296875, 2.490234375, 2.767578125, 1.857421875, 3.818359375, 0.08416748046875, 6.578125, 1.98046875, 6.9296875, 0.462890625, 5.74609375, 4.6640625, 2.2890625, 0.36279296875, 1.703125, 8.03125, 4.8125, 8.6796875, 11.609375, 1.2041015625, 0.0112762451171875, 0.0030670166015625, 6.5234375, 1.693359375, 4.33203125, 2.044921875, 7.92578125, 0.89208984375, 3.611328125, 4.57421875, 0.1885986328125, 4.08984375, 1.4638671875, 4.33203125, 4.2578125, 3.896484375, 1.93359375, 3.01171875, 2.1484375, 1.30078125, 6.2890625, 0.0016202926635742188, 1.2412109375, 0.0802001953125, 3.966796875, 2.75, 7.1328125, 4.6328125, 0.146484375, 0.0002193450927734375, 2.423828125, 0.018463134765625, 1.203125, 2.751953125, 0.417724609375, 0.050445556640625, 1.6123046875, 0.5654296875, 6.3125, 3.228515625, 2.537109375, 0.426025390625, 2.884765625, 2.669921875, 6.05859375, 2.462890625, 6.66015625, 2.55859375, 6.91015625, 5.0625, 7.90234375, 2.546875, 2.513671875, 1.6484375, 1.7607421875, 7.86328125, 1.3837890625, 9.3828125, 2.75390625, 6.5859375, 7.66015625, 0.103515625, 1.376953125, 0.03741455078125, 0.0004241466522216797, 0.0019779205322265625, 0.0014019012451171875, 8.821487426757812e-06, 1.0728836059570312e-06, 0.00033926963806152344, 2.9802322387695312e-06, 1.0132789611816406e-05, 0.251953125, 0.73388671875, 0.0025119781494140625, 2.501953125, 3.970703125, 3.58984375, 0.94287109375, 0.351318359375, 0.93359375, 0.022491455078125, 5.0625, 0.0374755859375, 11.6953125, 3.720703125, 7.2109375, 0.0274505615234375, 1.00390625, 7.296875, 4.1484375, 0.288818359375, 1.1923828125, 2.8359375, 0.033966064453125, 1.2197265625, 3.734375, 0.06365966796875, 0.7158203125, 0.68408203125, 13.5703125, 9.1328125, 1.3388671875, 4.83984375, 4.1953125, 0.62890625, 6.41015625, 1.076171875, 4.890625, 0.0286865234375, 1.5224609375, 4.8984375, 0.39404296875, 8.1484375, 6.5625, 0.112060546875, 0.5966796875, 0.546875, 7.1640625, 4.99609375, 2.013671875, 7.828125, 1.3154296875, 3.345703125, 4.296875, 3.328125, 3.951171875, 1.9775390625, 2.66015625, 4.92578125, 6.94921875, 3.23828125, 0.2088623046875, 2.599609375, 1.71484375, 7.41015625, 3.60546875, 5.50390625, 8.25, 6.27734375, 0.400634765625]",-0.9283541274237468
430,0,test,3.6736799064780428,1.66227370196978,2.28723048854635,6.026486138716789,2.7268759605346955,3.752085969974911,39.396615298253344,31.922795617950378,35.39599502291842,64.62815543308976,52.36773213731186,58.065340149956064,3.598216341368517,1.5487078826788774,2.1750301910310172,5.45184294146745,2.346527094967996,3.2955002894409358,36.5330138698265,28.768930069549608,32.382690920467525,55.35305131791893,43.58928798416607,49.064683212829586,3.637582843655983,1.62373040134317,2.2600703479338935,5.96727073228959,2.6636476246753125,3.707531132565713,37.999873989533626,30.507749188773744,34.034847659327326,62.33687193788662,50.04642001753895,55.832446722042576,0.7135678391959799,-0.006432160804020093,0.003567839195979916,0.5879396984924623,-0.002060301507537776,-0.01706030150753768,0.4623115577889447,-0.017688442211055255,-0.02268844221105526,0.43986254295532645,0.11224676250935728,0.1815768286696121,0.42068965517241375,0.4321608040201005,0.10384000201508792,0.17172674725883175,0.40909090909090906,0.429553264604811,0.10365275002505114,0.17012469317623957,0.4275862068965517,24.0,1.0,1.0,35.0,-1.0,-2.0,45.0,0.0,0.0,4.5475871814377466e-05,-0.0002014209442588211,0.00015747779364174368,-0.005004372189239881,-0.0033616947476788894,-0.004200469803375739,"[9.3671875, 5.5234375, 11.1328125, 1.16796875, 0.435302734375, 0.433349609375, 0.2442626953125, 3.66015625, 4.609375, 0.008514404296875, 0.004055023193359375, 7.765625, 5.15234375, 5.45703125, 2.716796875, 2.755859375, 1.798828125, 0.237548828125, 2.48828125, 6.609375, 5.5390625, 3.3203125, 8.046875, 0.587890625, 0.3115234375, 6.20703125, 5.828125, 4.5703125, 4.61328125, 2.701171875, 6.140625, 2.650390625, 2.361328125, 5.0546875, 1.8896484375, 6.046875, 1.3583984375, 5.89453125, 9.890625, 9.4609375, 0.841796875, 5.109375, 6.09375, 1.873046875, 3.734375, 7.546875, 0.006961822509765625, 0.9248046875, 0.67822265625, 11.4609375, 0.986328125, 11.15625, 2.455078125, 13.4453125, 0.044189453125, 0.55078125, 0.595703125, 2.90625, 0.1763916015625, 2.466796875, 2.671875, 6.5078125, 1.7548828125, 2.365234375, 5.1484375, 6.07421875, 3.958984375, 5.83984375, 0.8125, 0.468505859375, 0.5693359375, 1.4140625, 5.625, 0.115478515625, 1.90625, 4.3671875, 5.578125, 2.041015625, 4.11328125, 5.18359375, 1.8759765625, 5.3515625, 3.107421875, 11.484375, 4.2109375, 4.1171875, 2.8828125, 8.0625, 1.6162109375, 1.1708984375, 0.00020897388458251953, 0.44677734375, 0.2445068359375, 6.3046875, 9.1015625, 6.6484375, 2.162109375, 8.6171875, 0.409912109375, 2.62890625, 2.087890625, 0.004024505615234375, 0.1275634765625, 0.045562744140625, 3.697265625, 0.26513671875, 0.0799560546875, 3.208984375, 0.482421875, 2.015625, 5.484375, 0.9169921875, 5.31640625, 0.279296875, 1.99609375, 2.66796875, 0.1328125, 0.5859375, 0.931640625, 0.380126953125, 3.935546875, 9.1875, 9.546875, 0.27685546875, 0.79345703125, 0.04876708984375, 2.3828125, 2.931640625, 3.306640625, 6.8828125, 7.03125, 2.8046875, 7.1171875, 4.0078125, 12.7578125, 4.13671875, 13.40625, 5.71484375, 1.41796875, 6.234375, 2.572265625, 2.470703125, 2.703125, 7.91796875, 3.685546875, 0.409912109375, 2.208984375, 8.1484375, 0.94677734375, 0.33740234375, 1.484375, 4.43359375, 1.6396484375, 6.68359375, 2.548828125, 3.041015625, 0.72119140625, 0.29638671875, 0.006069183349609375, 0.0218505859375, 8.6015625, 10.078125, 6.9765625, 6.71484375, 0.0352783203125, 0.012847900390625, 4.87109375, 2.865234375, 9.5390625, 1.1357421875, 8.59375, 0.98876953125, 6.03515625, 0.5322265625, 0.00890350341796875, 0.1607666015625, 0.0079803466796875, 5.58984375, 6.73046875, 1.171875, 6.515625, 0.2193603515625, 7.89453125, 3.0546875, 2.830078125, 1.271484375, 5.39453125, 9.578125, 4.5625, 3.83984375, 6.68359375, 0.35205078125, 4.94921875, 8.765625, 1.2939453125, 0.0001550912857055664, 0.416748046875, 0.29638671875, 3.794921875, 7.171875, 8.203125, 1.1845703125, 15.5390625, 2.1484375, 0.251708984375, 2.220703125, 5.44140625, 4.03515625, 9.734375, 7.28515625, 6.57421875, 2.919921875, 2.3671875, 5.5234375, 4.54296875, 1.6728515625, 5.12109375, 7.83984375, 0.28955078125, 6.57421875, 1.287109375, 3.392578125, 3.87109375, 0.7998046875, 0.021331787109375, 6.62109375, 2.513671875, 0.006473541259765625, 0.004180908203125, 4.48046875, 0.00020778179168701172, 2.421875, 1.5205078125, 2.505859375, 8.58306884765625e-06, 0.8505859375, 0.93994140625, 0.206298828125, 2.181529998779297e-05, 0.08819580078125, 0.81494140625, 0.12188720703125, 9.894371032714844e-06, 0.1781005859375, 1.4560546875, 2.3984375, 5.2109375, 8.140625, 12.1484375, 1.8125, 5.33984375, 2.22265625, 4.75390625, 3.703125, 4.828125, 8.296875, 5.3203125, 5.58203125, 1.3193359375, 0.93896484375, 8.1171875, 0.0289764404296875, 10.75, 5.27734375, 2.025390625, 0.0001519918441772461, 0.1002197265625, 4.74609375, 0.86962890625, 3.966796875, 1.685546875, 9.1484375, 0.02850341796875, 10.453125, 0.267578125, 1.5439453125, 6.34765625, 3.27734375, 2.814453125, 0.2044677734375, 5.68359375, 0.09051513671875, 10.703125, 8.7265625, 0.88427734375, 4.77734375, 5.41015625, 1.869140625, 11.4140625, 7.25390625, 4.4921875]",-0.9198640998696135
7,0,test,3.340448527612784,1.5008345676326105,2.0547703323900963,5.580067426807719,2.5070759254772015,3.432400441606183,28.23178660188897,21.937678587501026,24.614666362662355,47.159916255428165,36.64589491321194,41.11768131035643,3.456457318373062,1.4678164136477172,2.057238818215035,5.083025468195679,2.158553549481937,3.0253512032574044,31.704458521937838,24.398860513648643,27.65242645520847,46.62420370873211,35.88067722595388,40.665333022365395,3.340448527612784,1.5008345676326105,2.0547703323900963,5.580067426807719,2.5070759254772015,3.432400441606183,28.23178660188897,21.937678587501026,24.614666362662355,47.159916255428165,36.64589491321194,41.11768131035643,0.728643216080402,0.008643216080401972,-0.001356783919598037,0.5829145728643217,-0.012085427135678284,-0.002085427135678275,0.4522613065326633,0.007261306532663325,-0.012738693467336692,0.40273037542662116,0.08756853556290733,0.14279847985340888,0.4212328767123288,0.4170854271356784,0.09377715645898665,0.15498192129260668,0.4545454545454546,0.40273037542662116,0.08756853556290733,0.14279847985340888,0.4212328767123288,19.0,4.0,5.0,33.0,11.0,10.0,40.0,8.0,11.0,0.0007995663778844522,-0.00010741764205684736,-1.259060582538327e-05,-0.0003427029913991575,0.00012688698084151184,-1.9278431547142816e-05,"[2.859375, 2.21484375, 0.2666015625, 0.05609130859375, 3.802776336669922e-05, 1.1826171875, 0.01139068603515625, 0.01456451416015625, 1.5693359375, 5.08984375, 0.031341552734375, 4.35546875, 2.796875, 6.73046875, 2.41015625, 2.005859375, 4.7265625, 2.759765625, 0.91015625, 6.08984375, 2.4921875, 2.119140625, 4.609375, 6.15625, 1.611328125, 4.01953125, 5.77734375, 3.283203125, 3.494140625, 9.1796875, 6.2578125, 0.1494140625, 2.33984375, 4.96875, 4.66015625, 0.087890625, 7.546875, 1.025390625, 5.5625, 2.794921875, 4.01953125, 2.927734375, 5.625, 2.91796875, 0.86962890625, 4.234375, 0.434814453125, 1.5087890625, 6.99609375, 9.1953125, 5.3515625, 0.00914764404296875, 7.0078125, 0.1473388671875, 0.390380859375, 7.24609375, 1.0771484375, 0.35693359375, 0.038116455078125, 1.7529296875, 0.193603515625, 0.0836181640625, 0.060821533203125, 0.01258087158203125, 10.0546875, 2.666015625, 7.33984375, 5.3046875, 0.890625, 8.671875, 2.306640625, 0.06341552734375, 6.31640625, 0.83056640625, 4.5390625, 0.25732421875, 4.296875, 12.46875, 5.77734375, 3.94140625, 6.37109375, 1.5576171875, 5.22265625, 8.0703125, 1.3310546875, 7.09765625, 2.3515625, 2.55859375, 11.4453125, 1.9384765625, 5.4296875, 1.8701171875, 1.0576171875, 0.93994140625, 9.3828125, 1.3955078125, 2.44140625, 5.35546875, 0.79833984375, 0.75341796875, 2.89453125, 3.41015625, 0.158935546875, 13.984375, 2.19921875, 12.71875, 5.2890625, 5.57421875, 1.3310546875, 4.8671875, 7.93359375, 9.8046875, 3.23046875, 0.37060546875, 5.5390625, 0.79833984375, 1.58984375, 0.2489013671875, 3.390625, 3.236328125, 3.087890625, 0.05401611328125, 0.41259765625, 8.2109375, 2.3828125, 5.33203125, 0.81494140625, 4.84765625, 5.4921875, 2.125, 8.921875, 2.58203125, 0.195556640625, 3.66796875, 0.71728515625, 0.0005702972412109375, 6.74609375, 5.875, 8.344650268554688e-06, 8.3046875, 2.48828125, 0.11700439453125, 1.2578125, 8.421875, 6.18359375, 0.0025997161865234375, 0.1981201171875, 9.6640625, 0.478515625, 3.3046875, 3.1640625, 2.1796875, 6.9375, 1.513671875, 1.3720703125, 8.609375, 1.716796875, 0.53515625, 2.767578125, 0.3193359375, 0.68017578125, 0.06756591796875, 2.212890625, 3.021484375, 7.37109375, 1.400390625, 9.2421875, 1.8095703125, 3.173828125, 1.203125, 4.4765625, 0.01230621337890625, 1.27734375, 5.91015625, 5.53125, 0.0207672119140625, 10.515625, 1.052734375, 12.90625, 9.6640625, 3.740234375, 2.275390625, 0.0075225830078125, 4.2109375, 5.12109375, 4.671875, 5.9453125, 0.343994140625, 1.353515625, 6.0625, 8.1328125, 3.6015625, 0.68212890625, 1.3470649719238281e-05, 1.4424324035644531e-05, 2.205371856689453e-05, 3.5762786865234375e-06, -0.0, 5.11328125, 4.84375, 0.045867919921875, 0.9423828125, 3.48828125, 0.10687255859375, 8.5703125, 7.36328125, 9.15625, 3.400390625, 0.1343994140625, 7.609375, 0.865234375, 2.501953125, 5.19140625, 7.21875, 8.1015625, 0.10565185546875, 3.09375, 1.53515625, 1.3642578125, 1.474609375, 0.003658294677734375, 1.6484375, 0.51123046875, 0.00041103363037109375, 10.640625, 5.3515625, 8.9921875, 1.94921875, 4.1953125, 2.4765625, 7.9921875, 0.1824951171875, 2.763671875, 0.24609375, 5.6953125, 2.345703125, 8.453125, 3.83203125, 9.9453125, 1.62890625, 1.8798828125, 3.64453125, 3.83984375, 1.912109375, 0.007122039794921875, 8.0859375, 6.265625, 2.171875, 9.5859375, 0.038818359375, 6.6328125, 0.04827880859375, 4.15234375, 2.82421875, 2.5033950805664062e-06, 3.981590270996094e-05, 1.33514404296875e-05, 1.7881393432617188e-06, -0.0, 3.390625, 0.01488494873046875, 0.7265625, 1.455078125, 0.272216796875, -0.0, 1.9669532775878906e-05, 1.2874603271484375e-05, 5.0067901611328125e-06, 1.1920928955078125e-07, 6.83984375, 6.66796875, 0.0989990234375, 0.1922607421875, 2.68359375, 0.013458251953125, 3.107421875, 4.76171875, 0.17431640625, 8.6328125, 3.021484375, 6.1171875, 0.33837890625, 5.0546875, 2.357421875, 0.73681640625, 2.1953125, 0.8798828125, 2.798828125, 0.45068359375, 0.81982421875, 8.515625, 6.30859375, 0.9150390625]",-1.1039522597407316
258,0,test,3.3697435326046414,1.460671822277411,2.0099655493665667,5.300720163647751,2.297686012571208,3.161743560801341,29.071070319947637,22.32424743526581,25.175741942355735,45.729773536996284,35.116793718395655,39.60229069584048,3.603226371146926,1.3832629045337108,1.9993046056698138,4.935926535817707,1.89488069114207,2.7387734324244026,36.71650462046432,27.509510123417463,31.744009425233997,50.296581671868935,37.68426044303763,43.48494441812876,3.3697435326046414,1.460671822277411,2.0099655493665667,5.300720163647751,2.297686012571208,3.161743560801341,29.071070319947637,22.32424743526581,25.175741942355735,45.729773536996284,35.116793718395655,39.60229069584048,0.7688442211055276,-0.006155778894472386,0.003844221105527623,0.6532663316582914,-0.0017336683417086274,0.013266331658291386,0.4824120603015075,-0.017587939698492483,-0.017587939698492483,0.40501792114695345,0.054391803078974954,0.12611446465112508,0.3992805755395683,0.4170854271356784,0.0561831714965807,0.1266012869019556,0.43939393939393945,0.40501792114695345,0.054391803078974954,0.12611446465112508,0.3992805755395683,24.0,14.0,14.0,38.0,18.0,19.0,44.0,19.0,19.0,0.0005492406657287288,0.00034196004811651916,6.568938053684985e-05,-0.0002456840853515274,0.00018111633153772289,2.978536601450088e-05,"[2.859375, 1.2138671875, 0.351806640625, 0.0308380126953125, 0.0001201629638671875, 1.1474609375, 0.00901031494140625, 0.0285186767578125, 5.59765625, 3.47265625, 8.640625, 2.513671875, 5.75, 1.7353515625, 1.154296875, 8.2890625, 6.359375, 1.92578125, 3.3515625, 1.01953125, 4.51171875, 5.82421875, 3.330078125, 12.6875, 5.48046875, 3.734375, 1.0361328125, 1.3134765625, 6.14453125, 1.123046875, 2.123046875, 10.1953125, 0.63671875, 2.365234375, 4.96875, 2.31640625, 2.26171875, 2.9921875, 0.0187530517578125, 2.140625, 7.87890625, 6.37890625, 0.1634521484375, 0.036163330078125, 0.7236328125, 10.1953125, 1.775390625, 8.3203125, 2.291015625, 2.7265625, 3.46875, 6.66796875, 2.759765625, 7.3984375, 0.156005859375, 3.03125, 7.203125, 3.3828125, 5.015625, 5.8515625, 4.46875, 3.609375, 1.416015625, 0.378662109375, 3.943359375, 2.150390625, 3.37109375, 0.191162109375, 2.61328125, 0.00046443939208984375, 9.7734375, 0.71875, 6.43359375, 1.43359375, 5.171875, 7.3671875, 0.039703369140625, 5.6484375, 9.1640625, 0.89794921875, 3.24609375, 10.3671875, 2.7421875, 0.57373046875, 1.7900390625, 7.69140625, 9.203125, 2.69921875, 5.859375, 7.203125, 3.494140625, 4.375, 0.002338409423828125, 6.37109375, 3.876953125, 4.88671875, 3.5078125, 2.53515625, 6.20703125, 1.818359375, 0.433837890625, 4.390625, 1.498046875, 10.203125, 2.3828125, 3.056640625, 5.15234375, 0.0004169940948486328, 6.30859375, 0.9609375, 3.05859375, 2.599609375, 0.462890625, 0.88330078125, 2.373046875, 6.69140625, 5.01171875, 0.1318359375, 0.56787109375, 5.23828125, 8.9140625, 4.93359375, 0.2149658203125, 0.05401611328125, 4.2734375, 0.306884765625, 10.5625, 6.015625, 0.37158203125, 8.1171875, 0.08428955078125, 9.4296875, 3.267578125, 1.56640625, 3.83984375, 3.3828125, 10.1796875, 0.25390625, 1.9140625, 1.798828125, 4.3828125, 3.876953125, 0.375244140625, 6.09375, 0.09527587890625, 2.70703125, 4.09765625, 2.845703125, 2.263671875, 7.7578125, 4.88671875, 5.94140625, 0.000957489013671875, 0.552734375, 1.12890625, 0.00016188621520996094, 3.0546875, 0.145751953125, 2.65234375, 6.30078125, 0.0201416015625, 1.41796875, 2.900390625, 0.1390380859375, 6.8046875, 8.7578125, 0.1309814453125, 2.201171875, 2.796875, 8.5, 2.7265625, 5.4921875, 2.771484375, 0.01322174072265625, 3.087890625, 4.22265625, 2.392578125, 5.23046875, 6.62890625, 4.8515625, 0.254638671875, 9.3515625, 6.2421875, 2.70703125, 8.546875, 1.4453125, 7.10546875, 7.83203125, 0.007442474365234375, 6.16796875, 1.412109375, 0.59912109375, 3.962890625, 1.8974609375, 0.00014066696166992188, 0.85107421875, 2.224609375, 2.0078125, 7.8984375, 0.2410888671875, 1.7001953125, 2.9325485229492188e-05, 0.05682373046875, 1.6259765625, 3.302734375, 3.943359375, 0.04962158203125, 5.328125, 0.182373046875, 0.68359375, 3.3125, 8.421875, 2.06640625, 2.818359375, 0.1180419921875, 7.3671875, 7.1953125, 0.64501953125, 10.125, 3.244140625, 0.88134765625, 0.0017461776733398438, 0.349853515625, 2.380859375, 3.528594970703125e-05, 0.039886474609375, 1.7314453125, 0.171630859375, 0.40087890625, 3.3125, 10.984375, 5.08984375, 0.33154296875, 0.00047898292541503906, 0.1470947265625, 1.9912109375, 2.892578125, 0.0236663818359375, 2.11328125, 6.8515625, 3.19921875, 0.1021728515625, 2.693359375, 4.7421875, 3.6171875, 2.58203125, 9.0546875, 0.0928955078125, 3.068359375, 0.5537109375, 0.1414794921875, 0.044342041015625, 2.94921875, 5.890625, 4.7578125, 2.1171875, 7.296875, 4.65234375, 2.87890625, 4.6796875, 4.79296875, 2.375, 2.822265625, 3.712890625, 7.46484375, 2.1328125, 0.29443359375, 0.1552734375, 2.5390625, 1.921875, 7.73046875, 3.69921875, 3.501953125, 6.52734375, 4.2890625, 1.2509765625, 0.76513671875, 0.00032973289489746094, 1.9755859375]",-0.8101461463504367
205,0,test,3.7180461200575032,1.6794008430672442,2.2912302774114046,6.002878931266024,2.7114348807063324,3.699248883641876,41.183847151789365,33.503649544147564,37.018432434474946,66.49235657467668,54.0924844595455,59.767189796442786,3.849852409794103,1.6664124454542564,2.3107012105201514,5.703485051546819,2.46875917845075,3.423261052622446,46.986128027497884,38.10933838989954,42.325495384262226,69.60907855925612,56.458279096147464,62.7044376063144,3.6667897266646228,1.6199232582896004,2.234591758453658,5.92012419556467,2.615406824836282,3.607804570911213,39.12609855951595,31.38250032019849,34.93820461842419,63.17006974134139,50.66783571249923,56.40860969119882,0.7587939698492463,0.02379396984924631,0.013793969849246301,0.6432160804020101,-0.011783919597989967,-0.0067839195979899625,0.5175879396984925,0.012587939698492479,-0.002412060301507535,0.4305555555555556,0.0926006162141344,0.1545740313061329,0.3519163763066202,0.4522613065326633,0.10639664487852796,0.17179386078975845,0.35858585858585856,0.41666666666666663,0.07004621606008088,0.1453040800615858,0.34843205574912894,24.0,-2.0,1.0,34.0,0.0,0.0,44.0,-1.0,1.0,0.0009309264889946888,0.0006840676830854526,0.00011635434464704836,-0.0003080533820964959,0.0001462546060908565,-1.7556467044599344e-06,"[8.4375, 7.50390625, 5.87109375, 5.14453125, 6.55859375, 1.9375, 11.6171875, 5.125, 9.171875, 10.8984375, 5.7890625, 2.87109375, 9.8359375, 4.6328125, 5.57421875, 5.25, 0.70654296875, 2.912109375, 4.75390625, 0.75927734375, 14.2734375, 2.578125, 9.140625, 0.471923828125, 2.16015625, 6.83203125, 0.5419921875, 7.41015625, 8.734375, 0.86083984375, 2.345703125, 0.546875, 8.015625, 2.1796875, 7.953125, 0.1612548828125, 1.361328125, 6.984375, 8.3203125, 7.109375, 6.2109375, 2.744140625, 13.109375, 2.04296875, 7.34765625, 4.30078125, 4.15625, 2.69140625, 1.779296875, 5.4921875, 1.1083984375, 7.296875, 5.9921875, 1.2236328125, 5.0078125, 3.6875, 0.001110076904296875, 12.171875, 8.1953125, 0.5185546875, 1.798828125, 3.591796875, 6.3359375, 3.46875, 7.26953125, 1.34375, 1.283203125, 2.15234375, 1.21875, 11.453125, 0.31396484375, 4.890625, 7.18359375, 3.91796875, 0.06280517578125, 3.390625, 2.5, 4.19140625, 6.078125, 4.515625, 0.65576171875, 0.00373077392578125, 0.1805419921875, 5.40625, 3.265625, 5.23046875, 9.0625, 2.267578125, 2.451171875, 7.53515625, 0.171142578125, 5.0625, 5.6015625, 7.17578125, 0.1688232421875, 1.142578125, 4.3515625, 0.136962890625, 0.74560546875, 4.8046875, 0.75341796875, 7.71484375, 1.1015625, 13.3203125, 3.84375, 7.6328125, 2.064453125, 5.78515625, 0.00041985511779785156, 0.5400390625, 0.263916015625, 2.716796875, 9.9140625, 2.400390625, 6.93359375, 1.5361328125, 5.515625, 2.978515625, 4.546875, 10.4921875, 6.23046875, 0.007785797119140625, 0.05078125, 0.20751953125, 6.01171875, 2.49609375, 4.546875, 5.16796875, 6.3046875, 0.031463623046875, 1.6728515625, 2.443359375, 10.3671875, 3.783203125, 1.583984375, 9.2421875, 2.048828125, 2.5, 0.0005202293395996094, 2.375, 6.34375, 4.65625, 0.404052734375, 2.775390625, 2.599609375, 10.046875, 1.4755859375, 4.953125, 3.69921875, 0.0008339881896972656, 0.26220703125, 3.173828125, 0.00893402099609375, 2.2649765014648438e-06, 0.054656982421875, 2.185546875, 0.00030517578125, -0.0, 0.01580810546875, 0.349365234375, 7.03515625, 3.06640625, 2.8203125, 7.84375, 4.5078125, 4.609375, 3.470703125, 4.26171875, 5.55859375, 3.29296875, 5.62890625, 0.0004973411560058594, 0.1202392578125, 0.34716796875, 7.36328125, 0.143310546875, 0.0196075439453125, 5.58203125, 3.203125, 0.160888671875, 0.330322265625, 0.00386810302734375, 7.86328125, 1.5322265625, 4.31640625, 0.0025615692138671875, 4.9140625, 0.094970703125, 0.46435546875, 1.48046875, 6.59765625, 3.169921875, 0.01056671142578125, 2.87109375, 2.025390625, 9.6328125, 1.2138671875, 4.2734375, 2.677734375, 6.56640625, 2.521484375, 6.86328125, 7.62890625, 0.0250701904296875, 6.0390625, 5.0703125, 3.65234375, 7.152557373046875e-06, 0.137939453125, 0.74658203125, 10.4609375, 0.072509765625, 1.625, 2.626953125, 0.201416015625, 6.265625, 5.05859375, 7.99609375, 4.328125, 3.19921875, 0.004848480224609375, 7.7109375, 3.859375, 9.59375, 3.865234375, 0.01715087890625, 1.333984375, 0.71142578125, 4.5078125, 4.70703125, 2.802734375, 0.0009388923645019531, 5.203125, 1.8720703125, 1.7802734375, 2.44921875, 5.55078125, 0.08099365234375, 3.1484375, 3.60546875, 0.2449951171875, 3.470703125, 3.291015625, 0.59375, 1.1796875, 16.453125, 1.3310546875, 2.41796875, 1.1943359375, 2.4765625, 4.81640625, 6.98046875, 4.08984375, 6.40234375, 0.0221099853515625, 1.169921875, 2.830078125, 0.0026302337646484375, 3.509765625, 3.287109375, 2.4140625, 6.69921875, 7.203125, 3.62109375, 9.5390625, 0.2237548828125, 3.474609375, 4.87109375, 0.0004837512969970703, 0.2445068359375, 0.07183837890625, 1.9853515625, 4.6640625, 0.447509765625, 1.189453125, 5.45703125, 0.045501708984375, 1.6396484375, 5.42578125, 8.6640625, 0.151123046875, 2.474609375, 2.263671875, 2.642578125, 7.609375, 4.171875, 0.12335205078125, 0.3896484375]",-0.514230796446403
99,0,test,2.817463486294472,1.1380635424752388,1.498231203310996,5.864611495928167,2.3689040041740026,3.1186008199353883,16.734349885175863,11.372012583289848,12.993801293322123,34.832913076208456,23.671091409782676,27.046879865991162,3.0190932139679414,1.2093273124860453,1.7277944822293239,4.830549142348707,1.9349236999776727,2.7644711715669184,20.47271888916307,14.363701736201635,16.83521125316589,32.75635022266091,22.98192277792262,26.93633800506543,2.7803067905847048,1.1806810037094593,1.6179924604720226,5.487447612996127,2.3302914546897218,3.193406171984255,16.123966870531493,11.172787589120084,12.926642486343933,31.82361882341742,22.051554452210688,25.513110170415654,0.6331658291457287,0.0031658291457287158,0.00816582914572872,0.4824120603015075,-0.022587939698492487,-0.007587939698492474,0.39698492462311563,-0.0030150753768843908,-0.008015075376884395,0.38219895287958117,0.08023816856585564,0.127066988070197,0.38057742782152226,0.39698492462311563,0.08620798226722592,0.14990646051627088,0.398989898989899,0.3913043478260869,0.092472962183349,0.14881269042897904,0.3791946308724832,22.0,4.0,4.0,32.0,1.0,1.0,42.0,7.0,5.0,-0.0003642050454064733,0.00010409378713126768,1.0680647229643135e-05,-0.045365006826695975,-0.053520059309864365,-0.0508685506691835,"[1.88671875, 5.3046875, 0.005107879638671875, 0.057769775390625, 6.7578125, 1.8857421875, 3.123046875, 1.095703125, 2.89453125, 0.7607421875, 5.83203125, 7.60546875, 0.033538818359375, 3.09765625, 4.02734375, 0.008819580078125, 1.96484375, 6.92578125, 2.001953125, 2.04296875, 2.822265625, 5.92578125, 1.892578125, 8.7734375, 0.11138916015625, 0.88720703125, 4.796875, 0.0643310546875, 0.12890625, 3.109375, 1.4296875, 10.5, 8.90625, 0.4921875, 0.114501953125, 1.576171875, 1.1748046875, 8.21875, 0.1671142578125, 0.81787109375, 4.44140625, 3.255859375, 2.34765625, 3.7265625, 7.1875, 0.27294921875, 1.103515625, 8.375, 5.93359375, 0.01049041748046875, 1.28125, 5.92578125, 0.484375, 8.7890625, 2.46875, 0.018768310546875, 1.8505859375, 5.8671875, 0.0654296875, 2.125, 0.013916015625, 0.017547607421875, 3.98828125, 11.6640625, 7.515625, 7.14453125, 2.021484375, 0.004795074462890625, 0.06597900390625, 1.07421875, 3.302734375, 6.91015625, 0.357666015625, 0.00019431114196777344, 2.162109375, 0.117431640625, 0.0106048583984375, 0.0014600753784179688, 1.2275390625, 0.196533203125, 1.50390625, 6.35546875, 0.037933349609375, 11.234375, 7.15625, 0.70947265625, 2.2734375, 4.9140625, 0.333251953125, 1.7744140625, 3.1640625, 3.181640625, 5.40625, 5.8515625, 3.701171875, 1.6220703125, 1.8134765625, 3.64453125, 6.5390625, 1.8486328125, 6.78515625, 0.59375, 0.64306640625, 3.22265625, 4.796875, 4.53515625, 12.328125, 0.9697265625, 1.7119140625, 5.5859375, 0.86328125, 3.109375, 2.79296875, 2.3046875, 1.2314453125, 0.4150390625, 0.2413330078125, 5.0625, 0.056182861328125, 0.04400634765625, 0.0037822723388671875, 0.029754638671875, 0.0014743804931640625, 0.0007982254028320312, 2.384185791015625e-07, -0.0, 0.0019083023071289062, 6.198883056640625e-06, 3.933906555175781e-06, 0.529296875, 1.62109375, 6.58203125, 6.2578125, 4.5703125, 5.84375, 9.234375, 9.1640625, 1.1298828125, 6.33984375, 2.62890625, 2.4609375, 0.007663726806640625, 4.14453125, 2.26171875, 0.70166015625, 0.0450439453125, 8.9375, 2.412109375, 0.382568359375, 2.015625, 0.62890625, 5.7421875, 0.0017004013061523438, 5.8984375, 0.0139617919921875, 0.07745361328125, 0.1986083984375, 12.7578125, 2.40625, 0.00067901611328125, 0.0858154296875, 0.0195465087890625, 0.0005540847778320312, 0.0002892017364501953, 0.328125, 0.37158203125, 6.875, 3.10546875, 9.2421875, 0.422607421875, 10.3203125, 1.412109375, 6.171875, 0.6181640625, 0.71044921875, 0.047393798828125, 10.6796875, 7.24609375, 4.625, 4.3046875, 1.8642578125, 7.30859375, 0.37646484375, 11.6875, 4.38671875, 0.9736328125, 0.1322021484375, 0.01611328125, 3.04296875, 7.03515625, 2.451171875, 4.38671875, 0.10430908203125, 0.0355224609375, 1.7060546875, 7.48046875, 4.140625, 7.6171875, 2.728515625, 3.9609375, 3.140625, 3.388671875, 7.83203125, 0.8173828125, 12.0546875, 1.716796875, 0.329345703125, 0.0269012451171875, 0.916015625, 4.79296875, 0.7568359375, 8.984375, 7.8359375, 1.755859375, 1.7529296875, 0.003570556640625, 0.0013170242309570312, 0.045928955078125, 1.2451171875, 2.79296875, 8.3828125, 3.080078125, 2.69140625, 0.005718231201171875, 0.290283203125, 0.431884765625, 2.5078125, 0.71142578125, 0.00019884109497070312, 0.08697509765625, 0.01497650146484375, 0.0001188516616821289, 0.0004911422729492188, 1.08203125, 1.59375, 0.52685546875, 4.27734375, 5.70703125, 5.84375, 3.91796875, 6.0859375, 1.0693359375, 1.099609375, 0.161865234375, 7.87109375, 2.724609375, 3.177734375, 0.0024242401123046875, 0.162353515625, 0.36669921875, 1.0703125, 0.037200927734375, 6.711483001708984e-05, 0.02716064453125, 0.00952911376953125, 3.9696693420410156e-05, 0.0008053779602050781, 0.260009765625, 0.112060546875, 2.22265625, 4.59765625, 0.1337890625, 5.98828125, 5.953125, 0.650390625, 0.05120849609375, 0.0101165771484375, 0.27685546875, 1.3798828125, 3.306640625, 0.7998046875, 3.21875, 3.765625, 0.035186767578125, 0.1912841796875, 0.0013685226440429688, 0.0219573974609375, 0.0199127197265625, 6.1640625, 9.5703125, 6.109375, 0.77294921875, 3.197265625, 5.4921875, 7.1875, 4.53515625, 7.359375, 6.77734375, 1.90625, 5.817413330078125e-05, 0.06585693359375, 0.0116424560546875, 4.8041343688964844e-05, 0.000713348388671875, 0.14892578125, 0.5732421875, 1.87890625, 3.74609375, 0.07635498046875, 7.20703125, 2.8125, 4.1953125, 6.26953125, 3.94140625, 3.240234375, 0.08795166015625, 8.8515625, 0.29052734375, 6.48828125, 6.89453125, 2.732421875, 0.404296875, 0.136474609375, 0.0125885009765625, 3.939453125, 5.0703125, 8.9765625, 3.044921875, 2.38671875, 0.0011768341064453125, 0.07867431640625, 0.01256561279296875, 5.7220458984375e-05, 0.00072479248046875, 0.38037109375, 0.6240234375, 1.716796875, 0.0005960464477539062, 2.384765625, 5.859375, 0.1319580078125, 0.8017578125, 0.39892578125, 12.1484375, 0.07598876953125, 1.31640625, 0.85400390625, 2.763671875, 0.6279296875, 0.067626953125, 0.032623291015625, 3.091796875, 0.291015625, 0.07574462890625, 0.052398681640625, 0.01514434814453125, 0.002857208251953125, 0.0029048919677734375, 0.00820159912109375, 0.0262908935546875, 0.0131683349609375, 0.0004353523254394531, 0.00335693359375, 2.6328125, 6.2265625, 0.12164306640625, 9.65625, 0.51611328125, 0.1309814453125, 0.01007843017578125, 0.2509765625, 0.89697265625, 1.53515625, 6.71875, 8.9375, 1.0244140625, 3.072265625, 11.8515625, 5.31640625, 14.8984375, 10.0390625, 7.12109375, 6.7890625, 7.91015625, 7.64453125, 4.6796875, 5.18359375, 3.291015625, 1.1767578125, 7.25, 0.736328125, 0.06427001953125]",-1.1578466009095076
293,0,test,3.5110290227280823,1.565946175013432,2.1718459895372355,6.3924942206911295,2.851102001403766,3.95425752577814,33.482704526766376,26.4884932413152,29.66677977905243,60.9616137590781,48.22732562556699,54.013999045998915,3.4714009420356557,1.4170590754778964,2.0366446435406003,5.599033777476864,2.285579153996607,3.2849107153880643,32.181795709270496,24.380094087362153,27.983174035592228,51.90612211172661,39.32273239897121,45.13415167031005,3.5110290227280823,1.565946175013432,2.1718459895372355,6.3924942206911295,2.851102001403766,3.95425752577814,33.482704526766376,26.4884932413152,29.66677977905243,60.9616137590781,48.22732562556699,54.013999045998915,0.7638190954773869,0.0038190954773869024,0.013819095477386911,0.5829145728643217,-0.0320854271356783,-0.012085427135678284,0.48743718592964824,-0.002562814070351749,0.0024371859296482556,0.42205323193916355,0.09757505357104213,0.15783072877860727,0.45038167938931295,0.4371859296482412,0.10385259631490784,0.16339628023254837,0.45959595959595956,0.42205323193916355,0.09757505357104213,0.15783072877860727,0.45038167938931295,27.0,12.0,10.0,39.0,13.0,11.0,49.0,15.0,12.0,-0.00024093299573410063,-2.013953450930454e-06,-0.000101790917233956,-0.00013480533558407615,-0.00018378111340844328,8.585827751517172e-05,"[2.859375, 2.21484375, 0.2666015625, 0.05609130859375, 3.802776336669922e-05, 1.1826171875, 0.01139068603515625, 0.01456451416015625, 6.5703125, 0.0200958251953125, 3.1015625, 4.8046875, 10.0703125, 6.08984375, 0.0013141632080078125, 8.3515625, 1.6123046875, 6.09765625, 0.0066680908203125, 4.84765625, 7.0859375, 0.6533203125, 5.94140625, 1.2587890625, 5.55078125, 0.386962890625, 3.19140625, 3.423828125, 5.52734375, 8.6484375, 4.78515625, 1.9736328125, 2.10546875, 1.3076171875, 4.3125, 1.4609375, 10.59375, 6.42578125, 0.1136474609375, 8.0, 3.1484375, 3.234375, 0.014068603515625, 6.71484375, 1.169921875, 0.70166015625, 8.2734375, 2.68359375, 1.5, 0.0020656585693359375, 1.5107421875, 8.4140625, 0.00017654895782470703, 4.71484375, 8.5234375, 0.144287109375, 0.5458984375, 2.177734375, 5.25, 0.326904296875, 0.1561279296875, 1.875, 0.498046875, 3.8046875, 1.701171875, 7.5546875, 0.1353759765625, 3.76953125, 4.7109375, 3.8125, 6.796875, 2.6328125, 10.40625, 4.24609375, 1.81640625, 5.33203125, 5.9140625, 8.984375, 4.08203125, 0.7744140625, 3.37890625, 2.294921875, 1.9521484375, 5.82421875, 0.6630859375, 1.7431640625, 2.74609375, 5.60546875, 6.53515625, 1.453125, 6.03125, 4.03515625, 3.4296875, 5.9296875, 0.86572265625, 0.58349609375, 2.576171875, 0.394287109375, 1.5673828125, 0.00690460205078125, 8.487701416015625e-05, 0.00011110305786132812, 5.3048133850097656e-05, -0.0, 4.2265625, 8.625, 2.89453125, 0.685546875, 2.06640625, 5.6015625, 0.319580078125, 2.33203125, 1.7880859375, 0.0313720703125, 6.5625, 1.787109375, 1.0166015625, 7.046875, 5.984375, 7.51171875, 1.8525390625, 2.611328125, 0.98828125, 2.70703125, 3.025390625, 1.9775390625, 5.6171875, 1.12890625, 1.6181640625, 0.83984375, 3.658203125, 0.00543212890625, 6.43359375, 3.130859375, 3.494140625, 3.88671875, 8.8046875, 4.52734375, 5.265625, 3.263671875, 10.59375, 0.1160888671875, 3.390625, 9.828125, 7.6015625, 3.341796875, 0.8056640625, 7.6640625, 7.95703125, 1.7607421875, 1.81640625, 0.2352294921875, 0.4755859375, 3.828125, 0.01062774658203125, 7.9296875, 0.09307861328125, 6.0859375, 6.33984375, 8.3125, 3.791015625, 7.546875, 5.01953125, 1.1689453125, 7.17578125, 2.01953125, 3.787109375, 5.859375, 7.7265625, 5.9453125, 1.6845703125, 1.8369140625, 3.44140625, 1.0263671875, 0.00335693359375, 4.51953125, 5.7734375, 1.734375, 1.3798828125, 10.4375, 6.6015625, 2.126953125, 1.6923828125, 7.60546875, 0.0144195556640625, 0.0777587890625, 6.03125, 3.685546875, 2.763671875, 5.5390625, 3.7109375, 0.1468505859375, 3.03515625, 1.3955078125, 5.640625, 2.234375, 2.89453125, 4.6953125, 1.9453125, 7.3046875, 3.30859375, 0.82861328125, 0.002452850341796875, 9.9140625, 2.7890625, 2.4609375, 1.0263671875, 8.3984375, 4.83203125, 0.00640869140625, 1.8359375, 2.04296875, 2.900390625, 5.65234375, 0.005207061767578125, 4.32421875, 0.720703125, 6.640625, 1.6572265625, 6.875, 0.0115203857421875, 6.828125, 5.1640625, 1.857421875, 1.306640625, 1.81640625, 3.060546875, 10.953125, 0.06396484375, 4.79296875, 6.88671875, 2.4765625, 3.494140625, 1.8447265625, 4.17578125, 2.9921875, 10.9453125, 3.162109375, 3.591796875, 0.541015625, 4.34765625, 3.716796875, 0.1875, 1.8037109375, 3.365234375, 5.015625, 1.97265625, 7.52734375, 0.9736328125, 2.26171875, 7.30859375, 3.298828125, 9.046875, 3.8125, 1.0166015625, 4.01953125, 1.8466796875, 5.00390625, 0.7490234375, 9.171875, 0.150634765625, 1.3701171875, 4.12890625]",-0.7280967058790955
463,0,test,3.457237289797875,1.5800100697999984,2.1678944162268454,5.407968944935224,2.4715241315307237,3.39111975722635,31.729196739921548,25.19383813553955,28.098796600050985,49.63226305686052,39.40935574274343,43.95342484924176,3.8074447234072277,1.6771909160620981,2.3358338781773673,5.903015075049965,2.6002959938947257,3.6214478731432047,45.03521428476427,36.618211447261025,40.67896755324364,69.82203765079731,56.7724208484667,63.06816674921494,3.457237289797875,1.5800100697999984,2.1678944162268454,5.407968944935224,2.4715241315307237,3.39111975722635,31.729196739921548,25.19383813553955,28.098796600050985,49.63226305686052,39.40935574274343,43.95342484924176,0.7738693467336684,-0.021130653266331678,0.013869346733668353,0.6582914572864322,0.008291457286432213,0.008291457286432213,0.5326633165829145,0.0076633165829145256,-0.0023366834170853723,0.4444444444444444,0.11349632279864841,0.18341941464706657,0.32014388489208634,0.457286432160804,0.12896563015579143,0.18349678274511116,0.33333333333333337,0.4444444444444444,0.11349632279864841,0.18341941464706657,0.32014388489208634,17.0,1.0,1.0,30.0,0.0,0.0,38.0,-2.0,0.0,0.0009183275538185783,0.000835505484683065,0.0003357669972626829,-0.0066543709345801005,-0.007016390672046846,-0.007639711544432437,"[4.2578125, 7.8671875, 16.53125, 16.625, 2.064453125, 9.875, 4.41015625, 0.966796875, 5.0078125, 7.8203125, 6.41796875, 7.28125, 9.484375, 1.1640625, 1.5947265625, 3.65234375, 5.15625, 4.59375, 3.63671875, 0.02655029296875, 3.201171875, 4.67578125, 4.38671875, 6.9296875, 1.830078125, 1.7890625, 5.6015625, 0.99072265625, 0.23828125, 8.8203125, 3.935546875, 4.859375, 3.62109375, 7.46875, 5.984375, 3.873046875, 6.20703125, 4.375, 0.79443359375, 10.75, 5.61328125, 4.85546875, 3.822265625, 0.1741943359375, 1.0927734375, 6.015625, 9.859375, 4.95703125, 1.9716796875, 6.5234375, 8.5078125, 7.16796875, 4.05859375, 8.6484375, 5.76171875, 1.8818359375, 2.576171875, 8.5390625, 2.294921875, 4.109375, 5.16796875, 0.1304931640625, 2.748046875, 3.939453125, 0.08935546875, 4.2109375, 0.015106201171875, 0.263916015625, 0.460693359375, 1.326171875, 4.7109375, 3.671875, 7.015625, 7.1796875, 0.69189453125, 7.578125, 0.2498779296875, 1.970703125, 0.76171875, 2.677734375, 0.0447998046875, 4.51953125, 0.1363525390625, 9.265625, 4.10546875, 6.2265625, 9.40625, 1.4658203125, 4.4765625, 8.0078125, 0.12335205078125, 5.52734375, 6.26953125, 2.890625, 7.26171875, 0.0601806640625, 5.25390625, 2.873046875, 3.712890625, 3.66015625, 4.359375, 1.2822265625, 0.265380859375, 0.0718994140625, 1.9326171875, 1.9033203125, 3.427734375, 8.7265625, 2.421875, 4.59375, 4.5234375, 6.36328125, 0.76416015625, 7.16796875, 6.68359375, 10.484375, 6.14453125, 1.8271484375, 4.55078125, 6.09375, 2.4921875, 1.35546875, 2.18359375, 0.016082763671875, 1.1920928955078125e-06, 0.07476806640625, 1.361328125, 0.0187225341796875, 2.384185791015625e-07, 0.052734375, 1.337890625, 0.0139007568359375, 3.933906555175781e-06, 0.053131103515625, 0.74365234375, 0.00928497314453125, 4.887580871582031e-06, 0.06878662109375, 0.75830078125, 2.013671875, 9.5078125, 2.80859375, 3.873046875, 3.09765625, 5.234375, 2.505859375, 1.8388671875, 5.640625, 2.861328125, 0.77392578125, 5.91015625, 7.76953125, 6.1953125, 2.5078125, 1.8779296875, 7.27734375, 2.498046875, 2.427734375, 0.0237884521484375, 9.390625, 3.8359375, 10.1875, 1.501953125, 0.19189453125, 2.208984375, 8.46875, 1.568359375, 2.697265625, 0.5615234375, 4.81640625, 2.494140625, 3.35546875, 1.8896484375, 1.3212890625, 6.140625, 5.26953125, 2.455078125, 3.85546875, 1.2705078125, 1.4853515625, 2.08203125, 0.97998046875, 3.083984375, 0.6240234375, 5.6171875, 3.490234375, 5.234375, 4.328125, 1.1123046875, 1.7333984375, 0.00165557861328125, 6.7421875, 0.1859130859375, 4.09375, 2.869140625, 2.607421875, 8.1875, 0.38671875, 6.1875, 0.44921875, 0.69482421875, 0.061767578125, 4.59765625, 0.439208984375, 3.234375, 4.921875, 0.95751953125, 3.408203125, 1.525390625, 5.234375, 1.376953125, 2.166015625, 2.4765625, 5.6171875, 2.666015625, 0.00015807151794433594, 0.422119140625, 1.41796875, 1.92578125, 10.4375, 0.97314453125, 0.294677734375, 1.5078125, 7.6640625, 8.0234375, 7.1015625, 0.62646484375, 10.2265625, 1.53125, 6.0, 4.76953125, 0.53857421875, 1.396484375, 2.431640625, 0.108642578125, 7.96875, 6.32421875, 4.51171875, 3.26171875, 0.0200653076171875, 0.001506805419921875, 0.70068359375, 8.984375, 0.1376953125, 0.1802978515625, 0.96142578125, 6.16015625, 0.055084228515625, 0.04193115234375, 2.447265625, 5.36328125, 3.57421875, 1.263671875, 0.82958984375, 0.01363372802734375, 0.0025653839111328125, 0.0189208984375, 8.3125, 4.3515625, 3.537109375, 4.7890625, 0.84814453125, 6.0078125, 1.427734375, 0.267822265625, 0.798828125, 8.4609375, 0.11871337890625, 0.0020771026611328125, 0.0019121170043945312, 0.23681640625, 2.39453125, 2.166015625, 6.62890625, 1.2890625, 0.229248046875, 0.00252532958984375, 0.00152587890625, 0.01959228515625]",-0.5279333130005868
396,0,test,3.697496735860431,1.6813670541085894,2.281986175390778,5.810352013494963,2.6421482278849266,3.585978275614081,40.346180695947815,32.83697509195163,36.227591978093486,63.40114109363228,51.60096085878113,56.92907310843262,3.818220143342138,1.7192287783526896,2.3461383026049565,5.82934373029334,2.624776760843801,3.581890538328178,45.523111558757115,37.36517417855727,41.16481257133344,69.50093367749177,57.04606744817903,62.847042093638834,3.697496735860431,1.6813670541085894,2.281986175390778,5.810352013494963,2.6421482278849266,3.585978275614081,40.346180695947815,32.83697509195163,36.227591978093486,63.40114109363228,51.60096085878113,56.92907310843262,0.7487437185929648,0.01374371859296486,0.008743718592964855,0.6180904522613065,0.013090452261306562,0.0030904522613065533,0.5175879396984925,0.0025879396984924696,-0.002412060301507535,0.46031746031746035,0.13095238095238093,0.19841269841269848,0.4701195219123506,0.4522613065326633,0.1306532663316583,0.20268006700167496,0.46464646464646464,0.46031746031746035,0.13095238095238093,0.19841269841269848,0.4701195219123506,25.0,12.0,13.0,39.0,15.0,13.0,44.0,9.0,9.0,-1.3496571493628197e-05,0.00015872239459677597,3.043397393830741e-05,-5.857619511928647e-05,-0.00012331829868550415,0.00012440840417138332,"[7.03125, 1.359375, 0.2252197265625, 7.06640625, 1.44921875, 0.0005102157592773438, 0.88330078125, 0.00194549560546875, 0.02056884765625, 2.255859375, 9.09375, 0.0251617431640625, 0.01386260986328125, 0.7763671875, 1.4267578125, 4.61328125, 0.6875, 2.51171875, 4.94921875, 10.34375, 1.8408203125, 0.44580078125, 6.2109375, 4.46875, 3.02734375, 6.21484375, 5.36328125, 0.227294921875, 5.1875, 1.2021484375, 2.150390625, 7.3515625, 9.2265625, 4.58203125, 7.3125, 0.032501220703125, 0.42529296875, 8.3671875, 3.099609375, 7.2109375, 0.00820159912109375, 1.2734375, 9.7890625, 5.6953125, 6.33203125, 0.11761474609375, 5.77734375, 0.869140625, 2.416015625, 2.0234375, 0.0947265625, 2.29296875, 6.46484375, 5.1015625, 0.78125, 6.5234375, 1.5693359375, 3.669921875, 2.271484375, 1.861328125, 6.3515625, 11.2890625, 1.482421875, 5.484375, 1.45703125, 0.50390625, 6.52734375, 0.94189453125, 1.3232421875, 4.98046875, 3.845703125, 8.6953125, 1.2421875, 5.6328125, 0.383056640625, 4.8828125, 4.984375, 1.8525390625, 2.755859375, 1.625, 4.78515625, 1.1376953125, 7.6796875, 9.0625, 9.1953125, 4.48828125, 3.04296875, 3.8984375, 1.443359375, 0.04718017578125, 5.35546875, 10.9921875, 1.6015625, 0.7861328125, 7.80859375, 10.671875, 0.96435546875, 5.7578125, 4.34765625, 0.13818359375, 3.744140625, 0.1495361328125, 5.83984375, 3.5625, 0.20556640625, 0.931640625, 3.736328125, 12.7578125, 11.7890625, 3.853515625, 3.138671875, 5.94921875, 0.1357421875, 2.724609375, 5.03125, 4.13671875, 4.77734375, 1.5830078125, 6.2734375, 7.91015625, 3.423828125, 3.49609375, 0.9111328125, 4.65625, 3.97265625, 0.638671875, 7.26171875, 4.4375, 0.857421875, 7.4921875, 10.0, 6.828125, 1.19140625, 6.8203125, 0.42578125, 6.203125, 2.498046875, 7.23828125, 0.0273895263671875, 3.431640625, 0.371337890625, 4.72265625, 0.080078125, 1.5458984375, 11.984375, 1.1474609375, 3.564453125, 2.9296875, 3.728515625, 4.71875, 0.302978515625, 8.1796875, 6.4609375, 1.5078125, 8.7421875, 0.037872314453125, 6.6796875, 7.76953125, 1.0107421875, 7.84375, 6.12109375, 7.05078125, 0.28466796875, 2.1484375, 4.36328125, 6.03125, 0.007251739501953125, 1.2822265625, 8.0234375, 2.552734375, 0.07537841796875, 0.650390625, 2.697265625, 0.419677734375, 2.556640625, 3.015625, 11.6171875, 0.049407958984375, 6.8359375, 2.095703125, 2.9375, 6.12109375, 0.2587890625, 4.26953125, 4.6953125, 8.3125, 4.9140625, 0.0673828125, 9.5859375, 0.389404296875, 0.57470703125, 0.7939453125, 0.0016422271728515625, 2.4296875, 2.955078125, 0.69970703125, 0.92578125, 4.61328125, 6.6796875, 5.35546875, 0.33935546875, 5.66015625, 3.03125, 3.21484375, 2.25390625, 0.2174072265625, 3.31640625, 3.916015625, 1.0751953125, 4.21484375, 0.057220458984375, 1.50390625, 4.09375, 6.06640625, 4.69140625, 1.39453125, 0.0129241943359375, 4.17578125, 8.9140625, 4.0703125, 4.44140625, 6.09765625, 2.455078125, 1.271484375, 5.41015625, 2.376953125, 2.263671875, 0.81689453125, 7.29296875, 12.3515625, 0.052093505859375, 1.162109375, 0.62890625, 5.2265625, 0.014404296875, 6.4765625, 2.43359375, 1.369140625, 4.32421875, 0.049530029296875, 5.66015625, 0.10699462890625, 8.1796875, 5.609375, 1.2529296875, 6.69921875, 0.129638671875, 0.1553955078125, 0.44970703125, 7.4609375, 3.328125, 3.11328125]",-0.8127895953163269
21,0,test,3.3736277822983394,1.5194859156109366,2.092853221508857,5.516873667523167,2.4848063796461197,3.422430562232131,29.184209203522745,22.797993529367577,25.584782582677573,47.7247656387019,37.28142471273051,41.83864445873156,3.4340110094703022,1.5386455026104222,2.1380696951644103,5.4508111261433365,2.4422944485879716,3.3937614208958893,31.000737963323402,24.345757562184325,27.346303636409477,49.207520576703814,38.6440596225148,43.406831168903935,3.3835444811879514,1.5468475237650132,2.0933056012531193,5.533090386883827,2.5295506565098456,3.423170336166866,29.475059974745147,23.199285137568683,25.841405515518407,48.20039219399501,37.93765451908291,42.25829843125951,0.7085427135678393,0.0035427135678391952,0.013542713567839204,0.5678391959798995,0.00783919597989946,0.00783919597989946,0.4723618090452262,0.002361809045226204,0.012361809045226213,0.4296028880866426,0.10830324909747291,0.17448856799037304,0.46014492753623193,0.4120603015075377,0.09547738693467334,0.15577889447236182,0.45959595959595956,0.43321299638989175,0.12093862815884482,0.17689530685920585,0.46739130434782605,25.0,15.0,15.0,36.0,16.0,14.0,49.0,22.0,22.0,0.00046599764846815076,-0.00030631296088441364,-6.562945053049723e-05,-0.00023182424163081805,0.0001888633816387042,3.6794479953528025e-05,"[7.05859375, 1.3818359375, 0.337890625, 0.05712890625, 0.8857421875, 0.1341552734375, 0.1402587890625, 4.0531158447265625e-06, 1.1328125, 0.0028858184814453125, 0.0234375, 6.41796875, 2.869140625, 3.103515625, 5.01953125, 5.3515625, 1.50390625, 1.8095703125, 2.232421875, 0.07513427734375, 4.78515625, 2.06640625, 3.134765625, 1.9580078125, 2.92578125, 0.0211639404296875, 1.6171875, 6.94921875, 0.0560302734375, 5.20703125, 3.806640625, 0.1832275390625, 7.7890625, 2.76171875, 5.1328125, 3.10546875, 5.71484375, 2.171875, 0.6103515625, 2.60546875, 0.037261962890625, 4.765625, 0.392822265625, 1.1396484375, 6.4140625, 0.1741943359375, 4.88671875, 0.00839996337890625, 4.85546875, 0.70166015625, 0.744140625, 5.2890625, 8.6796875, 0.250244140625, 8.328125, 9.1171875, 3.0859375, 4.453125, 3.712890625, 5.4921875, 0.962890625, 8.515625, 0.10369873046875, 0.061309814453125, 6.8515625, 1.9794921875, 6.4296875, 1.5693359375, 3.634765625, 9.0625, 6.7890625, 0.36328125, 6.79296875, 7.29296875, 0.83447265625, 11.3671875, 0.004314422607421875, 8.4375, 6.08203125, 0.89013671875, 4.5546875, 8.7578125, 0.05743408203125, 4.9453125, 0.71533203125, 6.65234375, 0.12457275390625, 1.1865234375, 2.505859375, 5.21484375, 0.73291015625, 5.7578125, 2.853515625, 1.0146484375, 1.3134765625, 10.1953125, 0.490966796875, 7.35546875, 4.3671875, 0.31640625, 5.88671875, 1.6826171875, 5.69140625, 0.1298828125, 0.004856109619140625, 1.08203125, 6.88671875, 0.09600830078125, 4.88671875, 0.75341796875, 1.1591796875, 8.6484375, 7.25, 3.251953125, 0.85009765625, 1.3818359375, 0.1138916015625, 1.7666015625, 3.849609375, 0.1834716796875, 3.197265625, 0.048004150390625, 1.8642578125, 6.08984375, 2.607421875, 0.250244140625, 4.2890625, 8.828125, 1.5107421875, 3.765625, 0.316162109375, 0.60986328125, 1.076171875, 0.0005421638488769531, 10.8046875, 3.66796875, 8.8984375, 10.3828125, 10.0, 2.4296875, 0.353515625, 2.1015625, 3.03515625, 10.1015625, 0.262939453125, 4.60546875, 7.8359375, 0.407958984375, 1.6787109375, 0.53955078125, 5.6171875, 0.91162109375, 3.330078125, 4.6640625, 0.0016574859619140625, 8.6796875, 2.662109375, 3.3984375, 3.23828125, 1.4599609375, 1.578125, 0.7705078125, 2.861328125, 7.12890625, 3.908203125, 6.6328125, 1.669921875, 4.94140625, 5.2890625, 2.154296875, 5.6015625, 7.93359375, 10.4375, 7.36328125, 0.50732421875, 0.0013370513916015625, 0.2496337890625, 0.034149169921875, 0.8798828125, 4.35546875, 3.4296875, 3.060546875, 9.34375, 1.5419921875, 0.01285552978515625, 1.9873046875, 4.421875, 0.00226593017578125, 8.0078125, 4.5703125, 3.28515625, 6.7265625, 5.41015625, 1.4599609375, 1.2734375, 2.103515625, 9.5078125, 2.248046875, 4.296875, 11.9296875, 4.16796875, 5.65234375, 1.8232421875, 0.2310791015625, 0.00922393798828125, 6.01953125, 2.134765625, 5.296875, 7.37890625, 2.130859375, 0.339111328125, 2.279296875, 0.60791015625, 6.69140625, 6.66015625, 8.8359375, 4.42578125, 4.5546875, 6.25390625, 3.85546875, 4.93359375, 4.19140625, 3.5078125, 9.1875, 1.0498046875, 1.720703125, 1.8544921875, 0.3076171875, 4.2890625, 0.00928497314453125, 0.9560546875, 1.5498046875, 4.20703125, 0.79248046875, 0.87158203125, 3.322265625, 5.1953125, 4.07421875, 4.97265625, 2.03125, 7.19140625, 2.0546875, 0.11712646484375, 1.2802734375, 7.48046875, 3.466796875, 1.978515625, 3.0859375, 5.5390625, 7.39453125, 1.271484375, 0.448974609375, 4.32421875, 10.1796875, 0.5859375, 3.2265625, 0.7060546875, 0.5810546875, 8.09375, 3.306640625, 5.984375, 0.331787109375, 0.287841796875, 2.984375, 3.828125, 4.234375, 0.032257080078125, 0.29248046875, 0.364501953125, 1.078125, 0.0020122528076171875, 5.70703125, 1.076171875, 4.578125, 0.039306640625, 1.1865234375, 0.0007925033569335938]",-0.9094442124831548
116,0,test,2.9214418842327485,1.3336652404487428,1.8178665537941248,5.00818608725614,2.2862832693407023,3.116342663647071,18.568041133004616,13.675182873934538,15.553114998817449,31.83092765657934,23.443170641030637,26.662482855115627,3.1779076220402165,1.3927368655543897,1.9284527864207437,4.85176736189346,2.126315825273877,2.9442027273599134,23.99649125712443,18.03589358572399,20.508050591740766,36.635864514693786,27.535715398051895,31.310000903421017,2.873167170330035,1.271835248559936,1.7747129890386648,4.869774864966161,2.1556529636609087,3.0079881170146865,17.6929661922332,12.733332320794435,14.693440476868481,29.98807829192068,21.58191918778718,24.904136401472,0.6934673366834171,0.008467336683417037,-0.006532663316582865,0.5879396984924623,0.007939698492462233,0.012939698492462348,0.46733668341708545,-0.002663316582914521,-0.01266331658291453,0.4272445820433437,0.12276235638646582,0.18625591057063517,0.422360248447205,0.4522613065326633,0.13145930152013197,0.18681890252598543,0.4545454545454546,0.43143812709030105,0.12759839420215413,0.18894646969319318,0.412751677852349,26.0,9.0,11.0,38.0,11.0,11.0,45.0,10.0,9.0,0.00042626421087429544,-8.723418752446824e-05,0.00024747353769427523,-0.020337823322361004,-0.019889442668192814,-0.023971080553014446,"[2.88671875, 2.212890625, 0.2330322265625, 0.0401611328125, 3.814697265625e-05, 1.2705078125, 0.01294708251953125, 0.01422119140625, 6.5859375, 3.92578125, 6.58203125, 3.484375, 0.0168914794921875, 1.41015625, 1.158203125, 3.5625, 5.6953125, 0.01971435546875, 6.3671875, 0.461669921875, 2.44921875, 5.6875, 7.93359375, 2.279296875, 0.490478515625, 0.005474090576171875, 7.5234375, 6.83203125, 0.07421875, 0.9619140625, 4.58203125, 0.02789306640625, 7.4140625, 4.24609375, 0.6171875, 1.0341796875, 4.84375, 4.03515625, 4.75390625, 0.0253448486328125, 4.60546875, 3.931640625, 0.00281524658203125, 1.4658203125, 4.23828125, 4.8515625, 3.478515625, 5.953125, 2.658203125, 4.36328125, 3.623046875, 2.103515625, 0.3369140625, 3.41015625, 2.53125, 4.1328125, 7.390625, 5.80859375, 2.912109375, 0.97998046875, 3.876953125, 7.31640625, 0.491455078125, 2.4296875, 1.146484375, 0.01384735107421875, 3.4375, 0.79345703125, 0.0027713775634765625, 3.666015625, 4.7578125, 3.65625, 0.00015974044799804688, 3.54296875, 5.68359375, 2.958984375, 6.16796875, 0.053131103515625, 0.373046875, 4.41015625, 6.1484375, 8.3203125, 0.303955078125, 1.810546875, 6.56640625, 11.09375, 0.08734130859375, 2.5546875, 1.2041015625, 3.197265625, 1.951171875, 7.19921875, 2.48828125, 5.1796875, 7.765625, 6.31640625, 2.771484375, 9.234375, 5.125, 0.1502685546875, 0.4560546875, 3.6953125, 1.72265625, 2.94140625, 0.05352783203125, 5.21875, 3.796875, 2.13671875, 6.5390625, 3.095703125, 7.3984375, 3.365234375, 10.234375, 7.89453125, 1.4423828125, 3.623046875, 0.064208984375, 10.28125, 1.7451171875, 3.111328125, 9.7578125, 9.3359375, 6.8125, 0.07598876953125, 0.05206298828125, 0.001331329345703125, 3.818359375, 4.30859375, 0.033660888671875, 0.019989013671875, 1.318359375, 7.18359375, 0.479736328125, 1.619140625, 2.1328125, 3.244140625, 2.2578125, 6.22265625, 0.1337890625, 5.61328125, 4.23046875, 0.005077362060546875, 1.0283203125, 3.78125, 5.47265625, 2.103515625, 6.55859375, 1.5048828125, 1.794921875, 1.8076171875, 5.328655242919922e-05, 3.981590270996094e-05, 0.0014009475708007812, 1.3113021850585938e-06, 1.0728836059570312e-06, 1.3113021850585938e-06, 1.16796875, 0.04559326171875, 0.00024819374084472656, 0.0077667236328125, 0.1529541015625, 2.87109375, 0.0001004934310913086, 0.00020241737365722656, 0.0014600753784179688, 4.172325134277344e-06, 1.1920928955078125e-07, 6.318092346191406e-06, 8.1328125, 1.1484375, 0.18408203125, 0.265380859375, 2.072265625, 1.58203125, 5.171875, 0.06488037109375, 10.5234375, 7.25390625, 0.029815673828125, 2.126953125, 9.40625, 7.62890625, 1.712890625, 5.95703125, 0.2188720703125, 3.8671875, 2.845703125, 1.2939453125, 8.9296875, 8.171875, 2.111328125, 11.2734375, 4.45703125, 4.9765625, 3.513671875, 0.0013856887817382812, 7.03515625, 1.9482421875, 7.875, 2.708984375, 6.92578125, 4.4140625, 4.23828125, 2.439453125, 6.878376007080078e-05, 4.2438507080078125e-05, 0.00019299983978271484, 1.1920928955078125e-07, 1.1920928955078125e-07, 1.1920928955078125e-07, 6.00390625, 6.546875, 2.025390625, 0.263671875, 1.455078125, 0.00038433074951171875, 1.5478515625, 6.3515625, 1.447265625, 11.3515625, 2.001953125, 2.19921875, 3.14453125, 0.74267578125, 0.36181640625, 6.73046875, 1.0458984375, 0.0013532638549804688, 0.359375, 0.0015192031860351562, 0.1339111328125, 1.1240234375, 7.748603820800781e-06, 8.559226989746094e-05, 0.00031113624572753906, 1.1920928955078125e-07, 1.1920928955078125e-07, 3.5762786865234375e-07, 4.3515625, 5.98046875, 4.3046875, 0.261962890625, 3.455078125, 7.748603820800781e-06, 0.00037407875061035156, 0.00013256072998046875, 9.5367431640625e-07, 3.5762786865234375e-07, 2.2649765014648438e-06, 3.6640625, 6.58984375, 0.09466552734375, 0.57470703125, 3.6953125, 4.91015625, 0.97705078125, 6.22265625, 8.59375, 4.03125, 3.791015625, 1.9462890625, 3.943359375, 4.8203125, 2.111328125, 5.90234375, 6.66015625, 3.611328125, 5.0390625, 4.7734375, 1.6953125, 5.08203125, 2.4765625, 0.0228424072265625, 2.63671875, 3.5859375, 0.0699462890625, 0.0034732818603515625, 0.07293701171875, 0.37158203125, 0.040679931640625, 4.1961669921875e-05, 0.016754150390625, 3.0994415283203125e-05, 0.07427978515625, 0.000591278076171875, 0.00485992431640625, 9.715557098388672e-05, 0.00013005733489990234, 1.5986328125, 1.42578125, 11.015625, 3.8046875, 0.1756591796875, 1.529296875, 0.5224609375, 5.0546875, 7.109375, 0.19482421875, 7.38671875, 12.28125, 6.65625, 3.16796875, 4.97265625, 1.7373046875, 9.46875, 5.3828125, 0.107666015625, 3.734375, 3.626953125, 0.0216064453125, 2.025390625, 0.486572265625, 2.91015625, 2.123046875, 0.6015625, 5.47265625, 0.332763671875, 1.0107421875, 6.42578125, 0.2802734375, 2.173828125, 2.80078125, 1.642578125]",-0.842348723219644
178,0,test,4.17873769216408,1.9121060832721084,2.6324840549004307,7.135998212772505,3.2652888498954464,4.49547277067612,65.28339344105446,55.636541784692696,60.58954111274692,111.48394879933915,95.01009443232138,103.46829328484475,4.105907306000216,1.883148922619775,2.5546715199347814,6.843178843333693,3.138581537699625,4.257785866557969,60.697791041834634,51.46502776747286,55.98049489096076,101.1629850697244,85.77504627912145,93.30082481826794,4.17873769216408,1.9121060832721084,2.6324840549004307,7.135998212772505,3.2652888498954464,4.49547277067612,65.28339344105446,55.636541784692696,60.58954111274692,111.48394879933915,95.01009443232138,103.46829328484475,0.8341708542713568,0.009170854271356887,-0.005829145728643126,0.6683417085427136,-0.0016582914572863539,-0.011658291457286363,0.592964824120603,0.002964824120602949,0.002964824120602949,0.4570135746606335,0.08906775073286832,0.17881808593882897,0.5227272727272727,0.46733668341708545,0.12147202176295013,0.18853868675598362,0.5101010101010102,0.4570135746606335,0.08906775073286832,0.17881808593882897,0.5227272727272727,19.0,0.0,1.0,30.0,2.0,2.0,40.0,0.0,0.0,-0.0005919527068334196,-0.0002715085764488236,-0.000105923120266382,0.00015625138255703774,4.707690644245588e-05,6.299474613946643e-06,"[8.3046875, 1.4013671875, 3.162109375, 0.4521484375, 3.30859375, 8.671875, 1.74609375, 10.9921875, 6.24609375, 3.208984375, 0.283203125, 0.1422119140625, 1.2568359375, 0.98388671875, 9.546875, 1.162109375, 4.3671875, 1.060546875, 1.5283203125, 4.55078125, 0.70458984375, 6.4375, 3.212890625, 1.9599609375, 0.91943359375, 0.80419921875, 5.859375, 0.06744384765625, 2.693359375, 1.6533203125, 5.53515625, 0.30810546875, 3.3359375, 2.720703125, 0.66748046875, 7.4453125, 5.75390625, 2.10546875, 3.3046875, 0.3251953125, 3.638671875, 3.130859375, 5.578125, 4.07421875, 1.90625, 9.53125, 3.201171875, 1.3037109375, 4.93359375, 0.0899658203125, 0.11138916015625, 0.5703125, 4.41015625, 3.421875, 6.5234375, 2.521484375, 3.21875, 3.37109375, 2.259765625, 5.04296875, 5.734375, 4.91796875, 5.8203125, 9.1015625, 3.125, 6.1484375, 2.765625, 7.0546875, 1.3564453125, 3.77734375, 7.484375, 0.5380859375, 4.01953125, 0.020538330078125, 6.75, 3.796875, 0.374267578125, 3.919921875, 7.84765625, 4.6640625, 6.015625, 1.060546875, 5.82421875, 2.376953125, 5.20703125, 0.59228515625, 2.15234375, 5.8515625, 1.1005859375, 4.2578125, 4.53515625, 3.197265625, 9.34375, 5.01953125, 4.890625, 4.51953125, 6.015625, 5.4140625, 7.546875, 3.66015625, 0.8193359375, 3.923828125, 2.38671875, 0.99365234375, 5.5390625, 4.39453125, 2.46484375, 1.916015625, 4.609375, 1.7294921875, 9.984375, 0.300048828125, 4.9140625, 6.6015625, 3.796875, 7.25390625, 1.7919921875, 9.015625, 12.1640625, 0.93798828125, 5.83984375, 9.3984375, 4.45703125, 0.5029296875, 1.9033203125, 5.515625, 2.23046875, 7.63671875, 4.1875, 1.076171875, 6.328125, 6.28515625, 3.611328125, 1.7548828125, 8.9296875, 2.49609375, 2.435546875, 5.3359375, 5.99609375, 6.140625, 5.96484375, 13.3203125, 1.43359375, 5.33984375, 3.7734375, 0.69970703125, 5.70703125, 1.2333984375, 16.125, 4.83984375, 5.21875, 1.5048828125, 0.71826171875, 4.1171875, 1.6103515625, 3.974609375, 0.203369140625, 1.0830078125, 6.30078125, 0.3564453125, 10.1484375, 1.521484375, 2.490234375, 8.125, 9.421875, 0.01027679443359375, 5.08984375, 0.77490234375, 0.2113037109375, 1.111328125, 1.87109375, 9.65625, 4.265625, 9.40625, 0.021575927734375, 2.4921875, 2.42578125, 5.109375, 1.1708984375, 0.284912109375, 0.03411865234375, 0.587890625, 6.22265625, 6.265625, 0.045379638671875, 3.92578125, 6.69921875, 10.4296875, 4.6484375, 8.875, 4.390625, 7.66796875, 2.58984375, 8.125, 11.9140625, 3.310546875, 7.96875, 8.1328125, 1.4697265625, 4.1640625, 0.453857421875, 1.6416015625, 11.2890625, 3.515625, 0.91552734375, 5.66015625, 6.7578125, 3.666015625, 2.390625, 5.48046875, 6.47265625, 2.115234375, 10.4609375, 3.2578125, 7.99609375, 6.6171875, 6.98046875, 9.2734375, 3.833984375, 5.17578125, 0.51953125]",-0.3694738823903636
248,0,test,3.050665820758648,1.359760682757725,1.8717407105321147,5.143564465232605,2.292619755812444,3.1558418956646124,21.129408138620644,15.705019834866007,17.87853014992163,35.625164884883645,26.47939390762292,30.144033392309723,3.4046267870083526,1.436216312393662,1.9977695432459621,5.0815325179229145,2.143606436408451,2.981745586934272,30.103058774537473,22.943771204613526,26.019955753329715,44.92993846945891,34.24443463375153,38.83575485571599,3.050665820758648,1.359760682757725,1.8717407105321147,5.143564465232605,2.292619755812444,3.1558418956646124,21.129408138620644,15.705019834866007,17.87853014992163,35.625164884883645,26.47939390762292,30.144033392309723,0.7135678391959799,-0.006432160804020093,-0.011432160804020097,0.592964824120603,0.022964824120602967,0.012964824120602958,0.49246231155778897,0.012462311557788985,0.007462311557788981,0.4256055363321799,0.11645182303338886,0.17934546728730072,0.42013888888888884,0.44221105527638194,0.12140905026385063,0.1717603040242951,0.46464646464646464,0.4256055363321799,0.11645182303338886,0.17934546728730072,0.42013888888888884,27.0,11.0,11.0,38.0,11.0,12.0,49.0,13.0,14.0,0.0010337307112785559,0.00018013670259829322,5.57863623776348e-05,-0.0003149833039568506,0.00014238108104080993,-5.260203672641239e-06,"[2.859375, 2.21484375, 0.2666015625, 0.05609130859375, 3.802776336669922e-05, 1.1826171875, 0.01139068603515625, 0.01456451416015625, 2.5703125, 7.765625, 1.9052734375, 0.0021419525146484375, 5.6015625, 1.69140625, 0.161376953125, 6.8515625, 4.90234375, 0.361572265625, 7.79296875, 5.34765625, 0.1866455078125, 1.3193359375, 4.30859375, 5.08203125, 0.041473388671875, 8.546875, 5.48828125, 1.73828125, 6.2734375, 5.62109375, 1.029296875, 6.17578125, 6.7890625, 8.890625, 9.8046875, 0.003658294677734375, 9.8828125, 8.03125, 3.533203125, 1.9677734375, 4.76171875, 1.6328125, 0.331787109375, 5.37109375, 0.035064697265625, 1.7900390625, 1.6865234375, 0.131103515625, 0.66796875, 1.8955078125, 1.755859375, 4.984375, 0.189208984375, 1.1953125, 4.5625, 0.8837890625, 0.9951171875, 5.33203125, 2.4375, 2.158203125, 0.034149169921875, 5.03125, 6.76171875, 1.0341796875, 1.134765625, 1.0166015625, 5.25, 2.01953125, 3.259765625, 0.01641845703125, 9.546875, 0.8251953125, 2.4453125, 0.08050537109375, 0.6259765625, 4.26953125, 3.70703125, 4.671875, 3.462890625, 5.96875, 4.3046875, 7.0546875, 7.87890625, 6.7265625, 1.1708984375, 1.3896484375, 2.353515625, 0.07916259765625, 0.6083984375, 5.10546875, 6.64453125, 2.966796875, 2.23828125, 6.5546875, 0.2261962890625, 5.68359375, 6.0, 1.2265625, 9.7109375, 0.1868896484375, 0.1087646484375, 0.0098724365234375, 1.423828125, 6.42578125, 1.1728515625, 9.21875, 0.2398681640625, 2.3828125, 0.58056640625, 0.42138671875, 2.880859375, 3.86328125, 5.21875, 6.421875, 3.8203125, 3.294921875, 1.0478515625, 5.55859375, 2.349609375, 0.00795745849609375, 10.0, 7.6953125, 2.908203125, 8.28125, 6.69140625, 1.92578125, 1.494140625, 5.0, 0.10333251953125, 2.01953125, 9.96875, 1.1298828125, 1.021484375, 2.240234375, 0.92822265625, 2.603515625, 1.703125, 0.328369140625, 4.8515625, 1.01171875, 6.9140625, 9.171875, 4.59765625, 6.76171875, 0.7421875, 1.8798828125, 2.93359375, 7.69140625, 0.438720703125, 11.203125, 4.30859375, 1.353515625, 1.076171875, 4.73828125, 4.6171875, 7.125, 3.3515625, 4.04296875, 4.68359375, 3.71484375, 9.2734375, 4.62109375, 0.05712890625, 0.0255889892578125, 0.427490234375, 9.6640625, 4.29296875, 0.63330078125, 6.34765625, 5.62890625, 2.8671875, 8.046875, 1.5205078125, 0.375, 4.98828125, 3.740234375, 8.28125, 0.311767578125, 2.998046875, 5.99609375, 3.904296875, 1.0087890625, 0.0104522705078125, 5.4140625, 0.7939453125, 0.001026153564453125, 4.63671875, 4.01953125, 4.59765625, 1.621246337890625e-05, 4.3125, 1.505859375, 0.046661376953125, 0.455078125, 0.94677734375, 0.0003948211669921875, 4.328125, 6.484375, 5.05859375, 1.0556640625, 7.79296875, 1.2333984375, 0.00438690185546875, 0.00015306472778320312, 0.004024505615234375, 2.276897430419922e-05, 1.1920928955078125e-07, 1.1920928955078125e-07, 3.763671875, 5.03515625, 3.314453125, 0.3173828125, 0.19140625, 4.703125, 1.7881393432617188e-06, 2.9325485229492188e-05, 0.0011119842529296875, 1.919269561767578e-05, -0.0, 9.5367431640625e-07, 4.64453125, 3.06640625, 0.1787109375, 2.15625, 3.072265625, 2.00390625, 0.465087890625, 4.76837158203125e-07, 0.0001302957534790039, 7.140636444091797e-05, 2.1457672119140625e-06, -0.0, 9.5367431640625e-07, 6.171875, 0.329345703125, 0.744140625, 8.84375, 11.5, 5.0, 5.64453125, 3.388671875, 6.58984375, 0.1295166015625, 0.4912109375, 1.841796875, 4.28125, 3.890625, 2.853515625, 1.0263671875, 2.77734375, 1.494140625, 4.02734375, 0.094482421875, 0.1805419921875, 0.0092010498046875, 1.7666015625, 4.95703125, 0.9580078125, 0.289306640625, 5.84765625, 4.3359375, 0.8671875, 3.0625, 1.517578125, 11.5390625, 0.448974609375, 3.73828125, 0.5068359375, 1.0947265625, 0.011016845703125, 0.265869140625, 1.2060546875, 2.12109375, 0.1510009765625, 7.33203125, 6.1015625, 0.6708984375, 2.912109375, 0.11578369140625, 1.2880859375, 2.658203125, 5.44140625, 5.53125, 3.595703125, 1.9443359375, 2.263671875, 2.2890625, 0.583984375, 4.25]",-1.0338392604181097
119,0,test,3.430136872982157,1.5408668383907316,2.1155721515454813,5.7038276002160435,2.5622414284097306,3.517894263427057,30.880869217087184,24.266330683073267,27.157739183285265,51.350473955270694,40.35144130728184,45.15944058477722,3.340462102362858,1.4331821836969838,1.9801279864110521,5.099942141011996,2.1880644025908147,3.0230961624596215,28.23216984393743,21.49742503631074,24.33467454431176,43.10254938005715,32.820496238642356,37.15217487681185,3.447461755933433,1.5442231311374437,2.1321584226247143,5.732636405580737,2.5678224637771208,3.545474862764525,31.420538012595404,24.712955365770227,27.69465701492714,52.247866066658645,41.094114351080776,46.052258236250275,0.7085427135678393,-0.0014572864321606982,0.0035427135678391952,0.592964824120603,-0.007035175879396949,-0.012035175879396953,0.4824120603015075,-0.007587939698492474,0.002412060301507535,0.4275862068965517,0.09712149088966704,0.17070547295159755,0.4359861591695502,0.457286432160804,0.12144683316331029,0.19184402815412616,0.4545454545454546,0.4275862068965517,0.0988426612855362,0.16497152799746917,0.4359861591695502,26.0,17.0,17.0,36.0,23.0,24.0,44.0,25.0,25.0,-2.341069986528294e-05,0.00011761355043183453,1.9866919959760073e-05,-0.00032191322581809345,0.00013850755599076336,-8.764760639934366e-06,"[2.88671875, 2.212890625, 0.2330322265625, 0.0401611328125, 3.814697265625e-05, 1.2705078125, 0.01294708251953125, 0.01422119140625, 7.5859375, 0.035919189453125, 1.7919921875, 4.0625, 6.359375, 9.171875, 2.40625, 2.814453125, 5.94921875, 0.95947265625, 8.9140625, 11.6328125, 5.453125, 5.1875, 0.3232421875, 2.46484375, 7.30078125, 0.487548828125, 5.0859375, 1.68359375, 6.09765625, 0.0088653564453125, 2.6875, 1.3583984375, 10.15625, 0.443359375, 7.64453125, 0.0139617919921875, 4.1015625, 3.03515625, 1.7294921875, 9.859375, 2.080078125, 0.248291015625, 0.001834869384765625, 4.51953125, 3.56640625, 2.89453125, 5.09375, 1.7626953125, 7.69140625, 6.171875, 8.3671875, 2.419921875, 5.99609375, 0.2435302734375, 9.109375, 2.109375, 1.361328125, 1.001953125, 0.24951171875, 3.7265625, 4.875, 5.63671875, 9.203125, 1.333984375, 4.06640625, 4.22265625, 6.18359375, 6.8984375, 0.2095947265625, 0.73828125, 5.4296875, 0.092529296875, 4.140625, 5.7890625, 3.548828125, 0.72119140625, 0.003208160400390625, 4.05078125, 3.013671875, 6.703125, 2.658367156982422e-05, 8.578125, 2.099609375, 0.2301025390625, 0.46875, 3.201171875, 5.2265625, 1.75390625, 2.046875, 0.19287109375, 5.09765625, 2.189453125, 3.384765625, 9.21875, 3.373046875, 3.73828125, 0.9150390625, 7.29296875, 0.64794921875, 1.3193359375, 5.70703125, 1.66796875, 4.3203125, 0.81689453125, 4.0625, 6.9140625, 1.046875, 1.16796875, 3.5859375, 0.0223541259765625, 5.15625, 6.6640625, 5.578125, 0.00891876220703125, 1.0234375, 3.634765625, 1.3671875, 4.01171875, 0.040496826171875, 5.6640625, 2.0546875, 3.515625, 1.1103515625, 6.83984375, 0.23388671875, 3.5859375, 3.994140625, 4.3359375, 3.39453125, 1.3291015625, 3.275390625, 1.9658203125, 2.267578125, 0.1861572265625, 0.301025390625, 5.0234375, 7.22265625, 1.232421875, 2.765625, 3.220703125, 4.87890625, 0.031005859375, 6.78515625, 3.33203125, 6.75390625, 0.55517578125, 4.4453125, 8.03125, 0.4970703125, 3.595703125, 0.64501953125, 4.62109375, 0.241455078125, 6.8125, 0.244140625, 0.59912109375, 2.18359375, 3.6484375, 8.78125, 4.71875, 6.203125, 5.4296875, 3.064453125, 4.4453125, 5.01171875, 0.01499176025390625, 2.642578125, 4.61328125, 5.8515625, 10.1484375, 7.78125, 11.640625, 3.095703125, 6.0625, 1.6455078125, 5.86328125, 0.5263671875, 0.486328125, 2.017578125, 9.15625, 2.169921875, 6.76171875, 4.28125, 0.0002015829086303711, 0.0013256072998046875, 2.0742416381835938e-05, 3.5762786865234375e-06, 1.1920928955078125e-07, 5.960464477539062e-07, 3.16015625, 4.15625, 0.93896484375, 1.390625, 0.113525390625, -0.0, 2.849102020263672e-05, 0.00047016143798828125, 0.00012743473052978516, 5.960464477539062e-07, 0.00034332275390625, 6.7265625, 2.400390625, 9.171875, 0.0833740234375, 0.17919921875, 1.6357421875, 0.00019037723541259766, 2.01171875, 11.3515625, 1.447265625, 6.27734375, 0.1363525390625, 2.1640625, 5.92578125, 4.3671875, 5.24609375, 5.4921875, 0.416748046875, 5.29296875, 10.6484375, 1.470703125, 3.888671875, 9.71875, 2.478515625, 8.2578125, 0.11590576171875, 2.318359375, 2.578125, 6.06640625, 3.845703125, 2.015625, 9.21875, 1.1630859375, 3.984375, 6.046875, 0.5439453125, 9.375, 3.12109375, 10.140625, 0.254638671875, 2.69921875, 5.01171875, 2.328125, 10.40625, 0.64208984375, 9.515625, 2.0625, 1.591796875, 2.79296875, 7.9765625, 1.4345703125, 0.60302734375, 2.615234375, 2.87109375, 2.13671875, 2.916015625, 0.994140625, 2.02734375, 0.83447265625, 13.546875, 7.6796875, 6.1015625, 1.685546875, 6.902217864990234e-05, 0.0003731250762939453, 8.106231689453125e-06, 7.033348083496094e-06, 1.1920928955078125e-07, 1.7762184143066406e-05, 3.810546875, 0.0144195556640625, 0.1748046875, 0.90771484375, 8.6953125, 0.70947265625, 2.28515625, 0.0038356781005859375, 3.876953125, 1.134765625, 2.4453125, 8.1171875, 3.126953125, 6.13671875, 2.19140625, 9.2578125, 7.1953125, 1.7431640625, 6.296875, 5.66796875, 2.576171875]",-0.9271929724463099
41,0,test,3.7626448521247275,1.689063640040695,2.352637187967426,6.503644413275191,2.9195073513286185,4.066478848076146,43.06216856432146,35.108914095195324,38.96618176808347,74.43196023369471,60.684944230768075,67.35214199648864,3.727050635083836,1.6575931755145596,2.3291317770890556,6.317034974718366,2.8094799584992534,3.947680978117044,41.55636236472827,33.635837617701135,37.50959306911927,70.43451248259029,57.009894267290065,63.5755814730835,3.7626448521247275,1.689063640040695,2.352637187967426,6.503644413275191,2.9195073513286185,4.066478848076146,43.06216856432146,35.108914095195324,38.96618176808347,74.43196023369471,60.684944230768075,67.35214199648864,0.7939698492462312,0.013969849246231125,0.013969849246231125,0.6432160804020101,-0.001783919597989958,-0.0067839195979899625,0.5175879396984925,-0.007412060301507539,-0.002412060301507535,0.4307692307692308,0.1083124169496531,0.16734212079480626,0.44015444015444016,0.42713567839195976,0.09630861072278685,0.15835437622167592,0.4242424242424242,0.4307692307692308,0.1083124169496531,0.16734212079480626,0.44015444015444016,22.0,-1.0,-2.0,30.0,0.0,0.0,43.0,1.0,1.0,-0.00021062352929122663,-8.655856270545189e-05,-5.72744956630817e-05,-0.00011401557000390028,-0.0001672912548489336,9.637194842149199e-05,"[7.3359375, 4.16796875, 2.86328125, 2.796875, 6.79296875, 2.55078125, 0.9951171875, 1.0693359375, 5.68359375, 0.469482421875, 8.703125, 0.0271759033203125, 0.91845703125, 5.953125, 1.4453125, 2.15625, 3.208984375, 0.01318359375, 8.4921875, 0.32080078125, 4.0625, 0.6884765625, 0.366455078125, 0.97900390625, 4.38671875, 6.13671875, 0.0106658935546875, 1.4111328125, 9.4296875, 2.359375, 8.7421875, 2.01953125, 3.935546875, 6.13671875, 8.578125, 1.685546875, 2.6953125, 2.58984375, 2.872943878173828e-05, 0.40576171875, 0.299072265625, 11.25, 3.66015625, 3.72265625, 2.5625, 2.31640625, 8.25, 0.990234375, 0.9208984375, 5.12109375, 7.55078125, 1.94140625, 6.87890625, 2.26171875, 2.95703125, 4.51171875, 1.1826171875, 2.921875, 8.3671875, 3.263671875, 7.87109375, 0.136962890625, 1.5458984375, 7.6171875, 0.79150390625, 3.134765625, 5.62890625, 9.9921875, 0.9208984375, 9.3203125, 5.171875, 3.548828125, 2.58984375, 0.379150390625, 5.79296875, 1.814453125, 2.541015625, 4.90625, 0.044097900390625, 7.48046875, 3.421875, 1.7587890625, 2.609375, 0.0450439453125, 4.5234375, 2.080078125, 0.1072998046875, 0.0081939697265625, 11.890625, 4.69921875, 0.107177734375, 0.32373046875, 4.29296875, 0.90771484375, 3.140625, 4.0234375, 6.69140625, 2.033203125, 4.2109375, 11.78125, 3.720703125, 3.1640625, 2.998046875, 7.94921875, 4.94921875, 0.2161865234375, 7.5546875, 1.2919921875, 5.5078125, 0.302978515625, 3.150390625, 1.91015625, 7.62890625, 0.8583984375, 4.9921875, 0.07012939453125, 1.5654296875, 2.021484375, 6.41015625, 1.384765625, 1.51953125, 10.171875, 1.7138671875, 7.0859375, 7.35546875, 2.0390625, 1.3818359375, 0.6474609375, 0.00769805908203125, 1.953125, 9.28125, 0.08184814453125, 2.529296875, 1.7099609375, 13.4609375, 3.681640625, 1.529296875, 0.426513671875, 3.849609375, 1.3876953125, 2.3046875, 4.5625, 7.484375, 6.3515625, 6.00390625, 4.4921875, 7.3125, 4.23828125, 12.9375, 4.91015625, 0.06439208984375, 3.85546875, 6.01953125, 4.60546875, 4.0546875, 2.07421875, 2.947265625, 4.609375, 2.236328125, 8.6875, 0.7080078125, 6.578125, 2.810546875, 0.99609375, 0.99560546875, 5.12890625, 5.6015625, 2.03515625, 3.54296875, 5.80078125, 3.2890625, 6.4453125, 8.0859375, 1.5341796875, 5.66796875, 3.2734375, 4.83984375, 0.0013399124145507812, 0.0165252685546875, 0.7109375, 9.7578125, 1.947265625, 5.1953125, 8.4453125, 3.87109375, 4.91015625, 0.09454345703125, 3.17578125, 1.7451171875, 5.5625, 2.671875, 7.0390625, 1.3291015625, 0.37744140625, 1.28125, 4.01171875, 0.85595703125, 1.9580078125, 6.91015625, 6.65234375, 6.3671875, 6.91015625, 1.9326171875, 7.30859375, 5.6484375, 0.29931640625, 9.40625, 5.08984375, 0.0002894401550292969, 0.3046875, 0.828125, 2.583984375, 1.6904296875, 12.171875, 4.19921875, 0.00568389892578125, 0.0069732666015625, 0.0003426074981689453, 5.40625, 3.719329833984375e-05, 0.09649658203125, 1.609375, 2.4375, 9.640625, 0.65771484375, 2.0265579223632812e-06, 0.06329345703125, 1.6015625, 5.5390625, 7.0703125, 2.064453125, 4.5, 5.26171875, 4.76171875, 3.89453125, 6.7265625, 6.390625, 4.046875, 0.5078125, 3.166015625, 0.031494140625, 14.4140625, 0.025543212890625, 0.00794219970703125, 1.11328125, 2.28125, 12.7421875, 2.251953125, 6.66796875, 2.71484375, 2.322265625, 3.55859375, 6.04296875, 0.416015625, 13.140625, 8.671875, 7.12890625, 1.41796875, 0.49267578125, 4.18359375]",-0.47230950502248925
393,0,test,2.764801994446785,1.0422518991190366,1.393218583725065,6.066300846639122,2.286823284537651,3.056885480761466,15.87589616377381,10.277108446052843,11.934309255878539,34.83358393580959,22.549185002221826,26.185278543780555,2.746197308727245,0.9275371567389026,1.356323448450843,5.33242195869368,1.8010430227939858,2.63363776398222,15.58326074104768,9.419666106072185,11.56891708819019,30.25875872048093,18.29061379819842,22.46391667609746,2.630723249553438,0.9687189956533273,1.3707309716262304,5.55786602018332,2.0465894274366065,2.895910503435698,13.88380772950565,8.61394532031164,10.358413465596506,29.33198816092743,18.19847602882741,21.883972110415154,0.5527638190954773,0.007763819095477409,0.0027638190954772934,0.457286432160804,-0.007713567839195967,-0.0027135678391959628,0.3869346733668342,0.001934673366834172,0.001934673366834172,0.4193548387096774,0.10660316085732835,0.15053763440860213,0.4177897574123989,0.4170854271356784,0.09878968778730746,0.15498192129260668,0.40909090909090906,0.42140468227424754,0.12090384754970662,0.16445251319749554,0.40604026845637586,19.0,6.0,5.0,33.0,10.0,11.0,40.0,9.0,6.0,-0.00043640939467395,-0.00022064009115486092,-0.00017494918143917354,-0.049236324948224386,-0.044755100402536385,-0.046747852104298104,"[2.88671875, 6.2109375, 9.8828125, 11.8984375, 2.826171875, 0.88525390625, 0.0877685546875, 0.0001195669174194336, 0.84814453125, 0.00872039794921875, 0.015625, 5.08984375, 2.68359375, 5.94140625, 0.70166015625, 2.265625, 6.1171875, 0.53076171875, 2.79296875, 0.8154296875, 6.76171875, 3.916015625, 4.73046875, 0.331298828125, 4.41015625, 6.703125, 3.76953125, 0.63623046875, 0.6201171875, 1.3134765625, 2.515625, 8.421875, 0.720703125, 0.0540771484375, 0.049835205078125, 0.08673095703125, 0.12481689453125, 0.34228515625, 3.08984375, 0.23193359375, 0.015106201171875, 0.003086090087890625, 0.01221466064453125, 0.0701904296875, 0.03900146484375, 4.65234375, 1.4130859375, 2.125, 7.15625, 2.447265625, 7.6171875, 0.7998046875, 4.2734375, 3.197265625, 8.0, 1.498046875, 6.63671875, 0.032440185546875, 7.625, 1.5859375, 2.619140625, 0.0804443359375, 4.640625, 0.1619873046875, 1.3916015625, 0.822265625, 7.91796875, 0.55126953125, 4.1640625, 0.630859375, 1.4287109375, 0.013916015625, 0.01355743408203125, 0.037384033203125, 0.006072998046875, 7.10546875, 0.226806640625, 0.00508880615234375, 0.00013709068298339844, 0.0024013519287109375, 0.019439697265625, 0.00736236572265625, 4.5625, 1.4326171875, 5.68359375, 8.2578125, 6.16796875, 0.98486328125, 2.048828125, 6.2578125, 4.84765625, 0.1978759765625, 2.52734375, 2.873046875, 2.185546875, 0.54833984375, 0.002620697021484375, 3.78125, 9.5625, 0.572265625, 4.359375, 6.296875, 0.716796875, 4.1875, 0.43359375, 10.171875, 1.1767578125, 0.078125, 6.90234375, 4.4296875, 3.3515625, 1.2265625, 0.00701904296875, 0.0025234222412109375, 0.04248046875, 0.00432586669921875, 7.40234375, 0.192138671875, 0.00882720947265625, 6.532669067382812e-05, 0.0033092498779296875, 0.0238800048828125, 0.003131866455078125, 4.296875, 0.186767578125, 0.0113525390625, 0.00023567676544189453, 0.00394439697265625, 0.026397705078125, 0.0016584396362304688, 5.3671875, 0.366943359375, 0.01160430908203125, 0.00031495094299316406, 0.0009832382202148438, 0.0085601806640625, 0.0032806396484375, 4.7734375, 0.1888427734375, 0.00696563720703125, 0.000354766845703125, 0.0020427703857421875, 0.02044677734375, 0.0023021697998046875, 5.69140625, 0.1795654296875, 0.01010894775390625, 0.0009479522705078125, 0.0011844635009765625, 0.01210784912109375, 0.0015392303466796875, 4.19140625, 2.185546875, 6.52734375, 0.0023250579833984375, 0.0013685226440429688, 0.00902557373046875, 0.002056121826171875, 6.15625, 0.30322265625, 2.5078125, 1.427734375, 6.28125, 4.98046875, 6.96484375, 5.42578125, 1.181640625, 3.58984375, 11.0703125, 7.48046875, 8.6796875, 4.04296875, 9.890625, 3.73046875, 9.390625, 3.029296875, 13.140625, 1.041015625, 4.93359375, 1.4052734375, 3.31640625, 2.92578125, 3.4140625, 0.00015270709991455078, 5.75, 2.763671875, 0.10302734375, 3.298828125, 0.0089263916015625, 1.904296875, 9.640625, 2.8046875, 8.5859375, 4.39453125, 4.69140625, 10.3671875, 2.224609375, 10.078125, 0.0209808349609375, 7.57421875, 2.765625, 4.74609375, 4.29296875, 0.70654296875, 4.67578125, 5.078125, 3.458984375, 6.98046875, 5.34765625, 2.755859375, 9.421875, 10.90625, 3.841796875, 1.4287109375, 0.0016622543334960938, 0.0017824172973632812, 0.0265045166015625, 0.00234222412109375, 5.8671875, 0.505859375, 0.01027679443359375, 0.0006890296936035156, 0.0006651878356933594, 0.023193359375, 0.0008063316345214844, 3.724609375, 0.386474609375, 0.010955810546875, 0.0003368854522705078, 0.001758575439453125, 0.02587890625, 0.0016508102416992188, 6.20703125, 2.185546875, 2.396484375, 8.046875, 4.44921875, 4.0390625, 4.8984375, 0.02423095703125, 3.54296875, 0.06768798828125, 2.267578125, 3.876953125, 11.484375, 2.35546875, 5.58203125, 1.94921875, 5.36328125, 0.2279052734375, 1.453125, 4.8984375, 0.32666015625, 4.4375, 1.7939453125, 0.1904296875, 0.061431884765625, 4.10546875, 5.33203125, 6.42578125, 5.61328125, 5.8359375, 1.703125, 3.01953125, 0.176025390625, 0.0114898681640625, 2.12890625, 1.130859375, 4.04296875, 3.64453125, 0.0011682510375976562, 0.000385284423828125, 2.130859375, 7.74609375, 4.91015625, 6.1875, 5.00390625, 0.56005859375, 0.0003731250762939453, 0.0009813308715820312, 0.0298004150390625, 0.00501251220703125, 5.57421875, 0.329345703125, 0.0150604248046875, 0.0002689361572265625, 0.0006012916564941406, 0.0181884765625, 0.0015306472778320312, 3.650390625, 0.2088623046875, 0.00858306884765625, 0.0002856254577636719, 0.0007147789001464844, 0.00888824462890625, 0.0022602081298828125, 6.79296875, 0.455322265625, 0.006195068359375, 0.0005092620849609375, 0.0002505779266357422, 0.007320404052734375, 0.0009760856628417969, 4.69140625, 2.279296875, 5.625, 0.0223541259765625, 6.859375, 5.12109375, 0.2279052734375, 6.59765625, 4.66015625, 5.34375, 1.7314453125, 4.97265625, 8.703125, 2.33203125, 2.9140625, 7.30078125, 0.2169189453125, 0.139892578125, 3.923828125, 2.888671875, 0.98876953125, 0.0029430389404296875, 0.0003948211669921875, 0.05426025390625, 7.8125, 6.19921875, 4.71875, 8.265625, 5.1171875, 8.6796875, 2.0078125, 0.0487060546875, 7.58984375, 0.49267578125, 4.09765625, 0.424072265625, 2.966796875, 7.43359375, 0.231201171875, 7.41015625, 4.28515625, 1.8681640625, 9.390625, 3.146484375, 1.3251953125, 0.82275390625, 3.373046875, 4.0234375, 0.265625, 5.1875, 7.68359375, 1.4287109375, 2.306640625, 0.00019466876983642578, 1.8447265625, 1.623046875, 2.400390625, 0.052642822265625, 5.5859375, 0.0032787322998046875, 0.0011425018310546875, 0.041656494140625, 0.003597259521484375, 4.95703125, 0.09588623046875, 2.396484375, 5.6640625, 9.796875, 1.38671875]",-0.5405850256642988
253,0,test,3.327286338543191,1.5098454989492893,2.0794635356641287,5.3748471622620775,2.4389811906103906,3.3591334037651306,27.86262927759682,21.706545410037627,24.379877218333675,45.00886267919486,35.06441950852232,39.38287858346209,3.525333514165639,1.6075262885596886,2.228363576246865,5.261691812187521,2.3992929679995356,3.325915785443083,33.96509956930336,27.159081536597103,30.306904270968655,50.69417846164681,40.53594259193597,45.23418547905769,3.327286338543191,1.5098454989492893,2.0794635356641287,5.3748471622620775,2.4389811906103906,3.3591334037651306,27.86262927759682,21.706545410037627,24.379877218333675,45.00886267919486,35.06441950852232,39.38287858346209,0.8040201005025126,0.01902010050251257,0.014020100502512567,0.6582914572864322,-0.0067085427135678,-0.01670854271356781,0.542713567839196,-0.007286432160804046,-0.0022864321608039306,0.4816176470588235,0.13786764705882348,0.22058823529411764,0.4095940959409594,0.4773869346733668,0.12060301507537685,0.20100502512562812,0.4242424242424242,0.4816176470588235,0.13786764705882348,0.22058823529411764,0.4095940959409594,29.0,9.0,10.0,43.0,8.0,9.0,50.0,7.0,8.0,0.0005715126253152492,0.0005141702207540957,0.00013011370042071677,-0.011275428532512066,-0.012228770424789204,-0.010891367784843453,"[7.453125, 3.646484375, 10.078125, 3.7734375, 6.828125, 8.484375, 1.6376953125, 2.72265625, 3.990234375, 6.390625, 5.64453125, 3.017578125, 4.109375, 0.352783203125, 4.05859375, 7.41015625, 0.5693359375, 7.36328125, 2.697265625, 4.55078125, 0.143798828125, 3.453125, 2.34375, 3.6015625, 2.6953125, 2.349609375, 6.37890625, 3.298828125, 1.9267578125, 3.509765625, 1.12109375, 5.96875, 1.90234375, 0.50927734375, 6.77734375, 5.40234375, 0.0999755859375, 1.4921875, 4.91015625, 4.37109375, 1.3359375, 5.46875, 1.35546875, 1.8271484375, 7.06640625, 5.5390625, 2.2109375, 3.515625, 3.41015625, 3.220703125, 0.90625, 0.93798828125, 5.55078125, 4.16796875, 3.705078125, 2.716796875, 4.2265625, 3.671875, 1.87109375, 0.00884246826171875, 3.744140625, 1.994140625, 4.6953125, 9.28125, 0.25634765625, 5.96875, 2.8671875, 2.587890625, 1.8828125, 5.9921875, 9.0078125, 5.60546875, 0.392578125, 0.486328125, 5.49609375, 1.7734375, 5.08984375, 6.1328125, 0.73681640625, 3.67578125, 0.04449462890625, 4.390625, 2.373046875, 2.466796875, 0.1490478515625, 0.67041015625, 4.328125, 3.689453125, 2.158203125, 7.49609375, 1.0, 2.91796875, 2.537109375, 7.43359375, 4.296875, 5.09375, 4.203125, 3.099609375, 2.126953125, 1.70703125, 6.0625, 2.291015625, 1.728515625, 4.328125, 7.2578125, 1.19921875, 2.93359375, 6.359375, 0.204345703125, 2.314453125, 5.6953125, 0.336181640625, 3.3984375, 0.58251953125, 6.984375, 0.8466796875, 0.70361328125, 8.90625, 5.734375, 0.53857421875, 1.0224609375, 1.9814453125, 1.197265625, 5.36328125, 6.09375, 6.06640625, 3.560546875, 3.6015625, 2.416015625, 3.90234375, 1.3291015625, 1.5986328125, 4.6796875, 3.49609375, 6.9921875, 9.359375, 0.07452392578125, 8.4765625, 0.52001953125, 0.951171875, 3.763671875, 6.40234375, 4.42578125, 5.95703125, 4.1875, 6.71484375, 5.05078125, 0.373291015625, 6.27734375, 0.63623046875, 0.0199737548828125, 1.328125, 4.25, 2.1328125, 8.90625, 5.19921875, 0.970703125, 1.9814453125, 2.521484375, 0.1910400390625, 3.296875, 4.94921875, 7.765625, 6.50390625, 5.67578125, 1.2265625, 9.1796875, 5.6796875, 0.640625, 3.8984375, 2.765625, 0.127685546875, 3.919921875, 6.23046875, 8.59375, 4.3515625, 0.038330078125, 0.004878997802734375, 3.5762786865234375e-07, 3.376953125, 0.0462646484375, 2.6226043701171875e-06, 5.125999450683594e-06, 0.0008935928344726562, 2.002716064453125e-05, 0.0003762245178222656, 1.41015625, 5.94140625, 0.044158935546875, 4.4296875, 4.67578125, 3.421875, 3.041015625, 2.931640625, 6.27734375, 4.62890625, 6.3125, 1.912109375, 2.802734375, 10.015625, 7.55859375, 3.935546875, 7.34375, 0.83251953125, 1.3095703125, 5.5859375, 5.0703125, 7.0, 2.654296875, 0.10198974609375, 4.23046875, 6.16796875, 4.796875, 2.884765625, 8.5859375, 0.29345703125, 1.0654296875, 2.4609375, 4.015625, 9.7890625, 1.0400390625, 0.31884765625, 0.1781005859375, 0.052886962890625, 3.640625, 0.00476837158203125, 0.08795166015625, 0.0479736328125, 0.01531982421875, 0.007450103759765625, 2.9921531677246094e-05, 0.000560760498046875, 6.67572021484375e-06, 3.6484375, 0.0003693103790283203, 1.1920928955078125e-06, 2.384185791015625e-06, 0.0006728172302246094, 1.4901161193847656e-05, 1.2040138244628906e-05, 4.3671875, 8.0078125, 1.431640625, 5.1953125, 2.013671875, 7.03515625, 0.100830078125, 1.783203125, 0.77783203125, 0.689453125, 1.7666015625, 0.0006513595581054688, 5.02734375, 9.828125, 4.67578125, 1.7919921875, 4.70703125, 0.20703125, 1.666015625, 8.96875, 4.875, 3.2734375, 0.352294921875, 1.025390625, 1.6201171875, 3.50390625, 1.640625, 1.064453125, 5.02734375, 4.55859375, 0.85595703125, 4.36328125]",-0.7746995928532936
220,0,test,2.6333961251956315,1.0944661118417465,1.5554503695619109,5.600133532061596,2.3274722378406763,3.3077931909671014,13.920967060018443,9.261365169103918,10.982330391427514,29.604081849153143,19.6950550431577,23.354829186833193,2.7031356982849353,1.0375262190356647,1.5243780022844524,4.660578790146441,1.7888383086821809,2.6282379349731944,14.92646330389783,9.637567564052247,11.67612951286679,25.735281558444534,16.61649580009008,20.131257780804813,2.514493091847984,0.9781425783085347,1.3881243354264357,5.166766627084899,2.0098820102230164,2.8523102782734977,12.360341632877226,7.712743695421788,9.275905830666453,25.397962259336765,15.8481034837434,19.06008047397216,0.5879396984924623,-0.00706030150753767,-0.012060301507537674,0.4974874371859297,0.012487437185929706,0.01748743718592971,0.37688442211055273,-0.018115577889447287,-0.008115577889447279,0.4029850746268657,0.09299997775652291,0.1656464450340157,0.3682634730538922,0.42211055276381915,0.09880228208712738,0.1633459450843534,0.36868686868686873,0.39799331103678925,0.10083137447585433,0.1699621653193254,0.34563758389261745,17.0,3.0,3.0,27.0,3.0,3.0,41.0,12.0,10.0,0.0005178366535136084,0.00020123020712962847,0.0002901864930969163,-0.04517832287967938,-0.044350858930290116,-0.04834562973395329,"[7.65234375, 13.671875, 7.296875, 0.96484375, 8.4140625, 3.765625, 1.017578125, 0.7919921875, 0.346435546875, 9.625, 0.37939453125, 5.9296875, 4.6875, 4.03125, 12.109375, 2.689453125, 3.7890625, 1.32421875, 3.931640625, 0.007381439208984375, 3.2901763916015625e-05, 0.11712646484375, 0.1552734375, 0.85595703125, 0.083984375, 0.38720703125, 2.279296875, 0.0545654296875, 1.072265625, 7.32421875, 0.021881103515625, 3.55859375, 0.0157012939453125, 6.015625, 6.45703125, 0.00402069091796875, 3.46484375, 5.35546875, 0.221923828125, 0.0243377685546875, 1.896484375, 4.39453125, 6.66796875, 0.61279296875, 5.8125, 0.61279296875, 4.30859375, 0.00829315185546875, 2.697265625, 1.6416015625, 1.8681640625, 3.615234375, 5.44921875, 8.4375, 5.01171875, 0.90625, 2.498046875, 3.25, 7.88671875, 2.1953125, 2.779296875, 6.66015625, 0.8505859375, 6.71875, 0.14990234375, 5.37890625, 4.28125, 1.1572265625, 3.6875, 4.3203125, 7.55859375, 1.4892578125, 4.0625, 0.3154296875, 1.6201171875, 3.58203125, 0.17724609375, 4.5078125, 1.4462890625, 1.9765625, 6.0859375, 0.96728515625, 2.400390625, 0.266357421875, 1.919921875, 4.64453125, 0.3212890625, 3.275390625, 0.025421142578125, 2.1015625, 2.3515625, 4.16015625, 0.08331298828125, 2.330078125, 1.947265625, 0.6435546875, 2.6226043701171875e-06, 4.41796875, 9.5367431640625e-07, 0.00010466575622558594, 2.2649765014648438e-06, 2.384185791015625e-07, 0.0003409385681152344, 4.470348358154297e-05, 0.0002799034118652344, 5.3882598876953125e-05, 0.0782470703125, 3.818359375, 8.921875, 0.5908203125, 0.001964569091796875, 0.234375, 1.140625, 3.0859375, 1.9072265625, 1.0712890625, 11.25, 1.2138671875, 0.498779296875, 4.72265625, 0.0543212890625, 7.91796875, 2.388671875, 0.5458984375, 3.6328125, 0.2388916015625, 1.47265625, 2.09375, 0.2734375, 5.36328125, 0.4951171875, 0.335205078125, 2.8671875, 1.4140625, 8.6796875, 3.25, 4.96484375, 0.082275390625, 0.008209228515625, 0.1357421875, 6.265625, 0.42333984375, 0.003154754638671875, 0.3095703125, 2.5, 4.76953125, 0.047637939453125, 3.509765625, 0.345458984375, 4.1328125, 0.0255584716796875, 5.3828125, 2.83984375, 4.28515625, 0.06268310546875, 4.58984375, 2.013671875, 1.9921875, 7.21484375, 2.2578125, 2.1796875, 3.19140625, 0.62548828125, 3.48046875, 4.609375, 0.06903076171875, 5.078125, 0.329345703125, 0.0014553070068359375, 0.13818359375, 1.3408203125, 3.775390625, 6.8515625, 4.328125, 5.28125, 0.0250701904296875, 11.875, 1.1259765625, 5.67578125, 4.171875, 4.3203125, 6.57421875, 0.95458984375, 1.9788742065429688e-05, 5.12109375, 7.152557373046875e-07, 0.00022661685943603516, 3.5762786865234375e-07, 7.271766662597656e-06, 0.0003509521484375, 5.125999450683594e-05, 0.00023734569549560547, 0.0002894401550292969, 0.248046875, 2.998046875, 0.01445770263671875, 1.6611328125, 8.6328125, 5.96875, 0.779296875, 7.91796875, 3.494140625, 3.8203125, 7.30859375, 3.99609375, 2.1640625, 1.603515625, 2.5234375, 9.6953125, 3.716796875, 0.0606689453125, 2.072265625, 5.046875, 6.265625, 0.59814453125, 1.6806640625, 3.048828125, 4.1328125, 0.8427734375, 0.1109619140625, 1.2509765625, 5.4296875, 1.697265625, 7.3125, 7.6015625, 5.65625, 5.05078125, 0.9111328125, 0.974609375, 2.341796875, 2.791015625, 4.756450653076172e-05, 2.966796875, -0.0, 0.0001093149185180664, 1.3113021850585938e-06, 1.3113021850585938e-06, 5.0067901611328125e-05, 7.152557373046875e-06, 0.00016629695892333984, 0.00038170814514160156, 2.1796875, 5.960464477539062e-07, 1.4833984375, -0.0, 0.00013113021850585938, 1.1920928955078125e-07, 2.384185791015625e-07, 4.6133995056152344e-05, 2.0265579223632812e-06, 0.0001379251480102539, 0.0005879402160644531, 0.058563232421875, 8.6640625, 0.1597900390625, 2.48046875, 5.2109375, 5.4453125, 3.84765625, 0.81591796875, 6.8828125, 6.1875, 6.1015625, 5.4140625, 2.166015625, 3.740234375, 0.17236328125, 1.73828125, 0.50634765625, 4.14453125, 4.76953125, 3.296875, 5.234375, 0.00281524658203125, 1.32421875, 7.74609375, 1.056640625, 1.759765625, 4.0390625, 0.07623291015625, 0.96044921875, 0.1617431640625, 1.33984375, 7.152557373046875e-06, 5.09375, 2.384185791015625e-06, 0.00012028217315673828, 9.5367431640625e-07, 4.76837158203125e-07, 4.792213439941406e-05, 6.794929504394531e-06, 0.00019550323486328125, 0.00014531612396240234, 2.1484375, -0.0, 1.828125, 1.1920928955078125e-07, 4.756450653076172e-05, 1.1920928955078125e-07, 4.76837158203125e-07, 4.589557647705078e-05, 3.337860107421875e-06, 0.0001609325408935547, 0.00012981891632080078, 0.1475830078125, 9.1953125, 4.7734375, 2.0234375, 2.78125, 0.80615234375, 4.08203125, 8.90625, 2.28515625, 0.56494140625, 1.63671875, 8.7890625, 0.54345703125, 1.2109375, 4.25390625, 2.1796875, 2.38671875, 10.5, 4.96875, 4.31640625, 2.9921875, 3.310546875, 6.046875, 0.05938720703125, 6.9375, 0.48046875, 3.482421875, 10.7421875, 0.412841796875, 9.484375, 0.08624267578125]",-0.6475248571652084
251,0,test,3.8285890891228194,1.6947841994477808,2.349700729779026,6.145893011486631,2.7205746359556486,3.7718880135926467,45.99759392407962,37.550648483670415,41.609528906905545,73.8382428781278,60.27867256589198,66.79424377161153,3.844870324110865,1.634517394498416,2.304741777426332,5.870031029176893,2.495446403814375,3.5186897365287515,46.75262127007039,37.63368710298582,42.08743134292715,71.37804774056548,57.45601084425316,64.25562037088113,3.8285890891228194,1.6947841994477808,2.349700729779026,6.145893011486631,2.7205746359556486,3.7718880135926467,45.99759392407962,37.550648483670415,41.609528906905545,73.8382428781278,60.27867256589198,66.79424377161153,0.7587939698492463,-0.006206030150753716,-0.01120603015075372,0.6482412060301508,-0.0017587939698492372,0.008241206030150772,0.5226130653266332,-0.007386934673366818,-0.002386934673366814,0.43621399176954734,0.10561850922334615,0.16261618055203708,0.42148760330578516,0.4321608040201005,0.09632120502260677,0.15837115460440765,0.4242424242424242,0.43621399176954734,0.10561850922334615,0.16261618055203708,0.42148760330578516,23.0,11.0,11.0,35.0,13.0,14.0,44.0,13.0,14.0,0.00011447329693092736,6.862633199233518e-05,9.200412951214037e-05,3.793101625682027e-06,-7.384872300431056e-05,-9.33731963588258e-05,"[1.783203125, 4.34765625, 0.00472259521484375, 0.0274505615234375, 9.203125, 3.609375, 6.1171875, 10.203125, 6.19140625, 5.31640625, 6.55859375, 7.109375, 2.697265625, 3.76953125, 1.9169921875, 4.17578125, 5.02734375, 0.462158203125, 0.98828125, 2.16015625, 9.140625, 2.9453125, 2.765625, 6.69921875, 3.0859375, 3.857421875, 3.796875, 5.08203125, 0.418701171875, 0.08538818359375, 11.5390625, 1.8408203125, 7.44140625, 0.52880859375, 0.372314453125, 0.9560546875, 3.8671875, 6.578125, 0.68017578125, 0.8408203125, 8.1796875, 1.3662109375, 2.748046875, 5.328125, 5.75, 6.4140625, 1.8603515625, 1.501953125, 0.9169921875, 0.5439453125, 5.078125, 11.4375, 4.80859375, 4.84375, 0.0017404556274414062, 5.04296875, 0.252197265625, 1.6328125, 3.140625, 10.8671875, 7.515625, 4.55859375, 0.0016546249389648438, 8.046875, 4.30859375, 3.3828125, 11.0078125, 2.287109375, 3.37109375, 4.80859375, 5.66796875, 6.94921875, 0.59033203125, 7.44140625, 1.701171875, 2.1171875, 8.765625, 1.9306640625, 1.90625, 5.80078125, 3.330078125, 4.3359375, 1.763671875, 10.3984375, 2.23046875, 7.00390625, 6.3515625, 1.5390625, 0.05889892578125, 13.2109375, 1.0380859375, 2.578125, 6.5078125, 0.0018835067749023438, 1.6591796875, 6.625, 3.28515625, 0.8642578125, 6.07421875, 2.833984375, 2.896484375, 2.21484375, 0.00974273681640625, 5.9296875, 6.1484375, 6.1875, 8.9296875, 6.10546875, 2.345703125, 0.30517578125, 0.472900390625, 0.849609375, 3.29296875, 1.7841796875, 0.34033203125, 8.171875, 4.52734375, 3.8046875, 4.1640625, 1.3740234375, 3.232421875, 0.34228515625, 3.19921875, 6.5859375, 2.041015625, 3.830078125, 3.03515625, 4.77734375, 1.9970703125, 7.4765625, 2.130859375, 3.84375, 8.9375, 0.050933837890625, 1.208984375, 0.3505859375, 8.453125, 7.26953125, 3.52734375, 4.10546875, 3.15234375, 4.3203125, 4.93359375, 0.9560546875, 6.62109375, 3.599609375, 0.8408203125, 2.326171875, 0.958984375, 8.7421875, 4.21484375, 9.4921875, 4.859375, 1.37109375, 8.140625, 5.58984375, 0.2064208984375, 2.833984375, 5.47265625, 3.404296875, 10.0703125, 0.7412109375, 4.234375, 2.216796875, 1.373046875, 2.24609375, 2.9325485229492188e-05, 0.470458984375, 1.6240234375, 0.0001055002212524414, 0.435546875, 0.1942138671875, 2.919921875, 10.125, 5.11328125, 0.1934814453125, 6.5859375, 7.59765625, 0.448974609375, 4.8515625, 5.0859375, 5.640625, 0.93212890625, 0.0136260986328125, 7.9609375, 2.9453125, 0.003940582275390625, 6.76171875, 3.751953125, 10.0078125, 0.27099609375, 1.5029296875, 0.2052001953125, 3.791015625, 0.0001119375228881836, 0.404541015625, 2.34375, 9.9453125, 0.15576171875, 3.5078125, 8.171875, 0.12548828125, 11.0, 10.4296875, 1.916015625, 0.278076171875, 3.0, 9.796875, 7.62890625, 0.38525390625, 1.22265625, 3.765625, 2.6484375, 10.015625, 0.89599609375, 5.72265625, 1.310546875, 5.93359375, 0.05426025390625, 4.109375, 4.34375, 0.07012939453125, 1.447265625, 6.4921875, 0.199951171875, 8.734375, 7.796875, 1.400390625, 5.51953125, 2.87890625, 4.5703125, 1.7373046875, 5.90234375, 2.669921875, 4.890625, 4.515625, 1.6064453125, 3.501953125, 1.6416015625, 0.51708984375, 0.0006160736083984375, 4.51953125, 2.263671875]",-0.6123469994391924
289,0,test,3.3361879886167447,1.4609421610349205,1.9914127752945754,5.584488589641073,2.4454901391236716,3.333451819514833,28.11175984504516,21.589337530472577,24.274435980683876,47.05664147974951,36.13867369231279,40.63329501114475,3.516040453958751,1.3924375279745664,2.0196514929994325,5.132905772202555,2.0327555152913375,2.9483963401451563,33.65092195088836,25.289713852905933,29.18538725016792,49.12543350494651,36.91929029621304,42.606404744770686,3.340210558977414,1.454778077012653,2.009660431359242,5.505841580732001,2.397985841229648,3.3126270846580907,28.22506912146379,21.635865583892212,24.44194510524883,46.524839211204046,35.663514698723425,40.288920503157414,0.7638190954773869,-0.011180904522613111,-0.011180904522613111,0.6331658291457287,0.00816582914572872,0.01816582914572873,0.49246231155778897,-0.007537688442211032,0.0024623115577889765,0.42019543973941365,0.09011413892640552,0.13742187527570837,0.4281045751633987,0.4371859296482412,0.09884006498658704,0.15171013665992739,0.4696969696969697,0.4180602006688964,0.08417038430829538,0.14219813170337914,0.4295302013422819,21.0,5.0,6.0,34.0,6.0,6.0,43.0,7.0,7.0,0.00016886193232952104,-0.000182717824326959,0.00013083492920815161,0.0004754436609601953,7.265763014618898e-05,-6.834222911056287e-05,"[2.859375, 1.2138671875, 0.351806640625, 0.0308380126953125, 0.0001201629638671875, 1.1474609375, 0.00901031494140625, 0.0285186767578125, 5.59765625, 8.109375, 6.24609375, 0.40478515625, 0.491943359375, 1.083984375, 3.072265625, 0.03704833984375, 6.01953125, 12.8046875, 2.123046875, 6.375, 3.921875, 5.375, 7.17578125, 1.369140625, 6.125, 4.56640625, 1.4521484375, 5.1796875, 0.166015625, 0.443359375, 1.6435546875, 2.146484375, 8.7890625, 5.36328125, 6.46875, 6.09765625, 0.50927734375, 3.7265625, 4.35546875, 1.5517578125, 8.8828125, 8.6875, 0.0005526542663574219, 0.16455078125, 1.16015625, 0.448486328125, 6.83984375, 5.23828125, 0.658203125, 0.0001494884490966797, 0.04034423828125, 2.779296875, 2.58984375, 0.07421875, 0.00360107421875, 8.6953125, 5.625, 3.28125, 4.6953125, 3.712890625, 2.453125, 1.123046875, 2.85546875, 0.025390625, 4.51171875, 2.5078125, 1.0732421875, 8.65625, 0.321533203125, 8.1328125, 0.359375, 0.9990234375, 6.47265625, 0.22705078125, 1.3056640625, 5.3203125, 2.98046875, 5.09375, 1.15234375, 0.626953125, 2.732421875, 7.88671875, 5.8671875, 4.984375, 2.14453125, 1.30859375, 1.9560546875, 3.158203125, 4.291534423828125e-05, 0.153076171875, 0.237060546875, 2.1328125, 1.6650390625, 8.828125, 0.3291015625, 2.908203125, 5.01171875, 1.72265625, 1.5859375, 8.4765625, 4.80859375, 0.0216827392578125, 6.75, 3.337890625, 3.123046875, 3.203125, 4.08203125, 1.4921875, 1.8701171875, 4.54296875, 2.328125, 2.7421875, 12.515625, 7.453125, 1.859375, 7.10546875, 2.86328125, 3.71484375, 0.057891845703125, 6.390625, 3.4296875, 1.271484375, 6.7734375, 7.984375, 7.9296875, 4.125, 5.0625, 3.525390625, 5.87109375, 6.0390625, 1.80859375, 12.9921875, 5.609375, 1.6533203125, 6.3203125, 2.525390625, 0.34619140625, 0.48193359375, 3.9921875, 1.794921875, 5.9296875, 9.0625, 3.466796875, 8.125, 3.783203125, 3.05859375, 6.73828125, 7.609375, 2.21484375, 0.80322265625, 5.59375, 3.20703125, 2.93359375, 3.341796875, 7.8515625, 0.0016536712646484375, 6.28125, 6.1875, 2.134765625, 2.744140625, 6.91015625, 1.3505859375, 2.3203125, 0.26171875, 2.318359375, 0.67822265625, 1.2900390625, 0.00023114681243896484, 2.001953125, 4.453125, 0.0833740234375, 6.109375, 4.3125, 3.64453125, 1.1083984375, 0.023529052734375, 1.5947265625, 1.0498046875, 2.42578125, 5.07421875, 0.01129150390625, 4.7734375, 5.484375, 10.4765625, 6.50390625, 0.431640625, 2.859375, 5.75390625, 4.0703125, 1.2568359375, 6.60546875, 3.083984375, 9.609375, 0.10009765625, 5.0078125, 2.93359375, 2.724609375, 8.2421875, 1.861328125, 6.375, 0.261474609375, 0.1346435546875, 1.3447265625, 4.58984375, 3.203125, 2.76171875, 2.986328125, 0.02972412109375, 3.47265625, 1.845703125, 3.8984375, 0.51123046875, 0.005626678466796875, 7.33203125, 2.279296875, 0.31787109375, 3.490234375, 7.462501525878906e-05, 0.06988525390625, 1.501953125, 4.8515625, 1.916015625, 2.373046875, 0.2437744140625, 4.76837158203125e-06, 0.0706787109375, 4.1875, 6.246566772460938e-05, 0.01499176025390625, 0.1695556640625, 0.8154296875, 8.140625, 12.8671875, 0.1439208984375, 4.921875, 3.61328125, 4.76837158203125e-07, 0.10333251953125, 1.6484375, 7.2479248046875e-05, 0.02227783203125, 0.392822265625, 2.92578125, 7.265625, 1.458984375, 4.76837158203125e-07, 0.07171630859375, 0.27587890625, 4.3828125, 0.252685546875, 5.15625, 3.3125, 2.9921875, 7.73046875, 2.52734375, 8.5390625, 0.097412109375, 3.875, 2.794921875, 5.78515625, 4.7265625, 1.9990234375, 2.564453125, 5.65234375, 9.109375, 5.0, 1.95703125, 3.47265625, 3.490234375, 5.734375, 4.52734375, 0.56103515625, 7.1015625, 0.1090087890625, 2.38671875, 9.1484375, 0.05487060546875, 5.8359375, 0.054107666015625, 1.6396484375, 2.92578125, 8.796875, 3.328125, 3.14453125, 2.203125, 8.4921875, 1.560546875, 3.546875, 4.017353057861328e-05, 4.2265625, 1.44140625, 1.8798828125, 5.48046875, 1.5693359375, 3.076171875, 7.0234375, 3.517578125, 0.45556640625, 1.61328125, 1.822265625, 8.2265625, 0.01654052734375, 0.26123046875, 2.22265625, 5.6953125, 2.5859375, 4.65625]",-0.6424125133974155
162,0,test,2.8778568519292955,1.1989666809824968,1.6997723653220864,4.825674599271685,2.0104624223791867,2.850228051607157,17.776135436429158,12.41653101199991,14.52798906425944,29.80754417693914,20.820402611585216,24.36095727238626,3.1536825673664035,1.2973871663740315,1.8785974423411973,4.814782545597563,1.9807437654565367,2.868087698230836,23.422159638957567,17.02217621092494,19.84315357884176,35.75902234955353,25.988055283854862,30.294890960063753,2.8778568519292955,1.1989666809824968,1.6997723653220864,4.825674599271685,2.0104624223791867,2.850228051607157,17.776135436429158,12.41653101199991,14.52798906425944,29.80754417693914,20.820402611585216,24.36095727238626,0.7336683417085428,0.013668341708542808,0.008668341708542804,0.5376884422110553,-0.007311557788944656,-0.007311557788944656,0.4371859296482412,-0.00781407035175874,0.012185929648241167,0.45255474452554745,0.12832887931607573,0.1807100843313727,0.38827838827838823,0.42211055276381915,0.07875215677384417,0.1566681487571413,0.41414141414141414,0.45255474452554745,0.12832887931607573,0.1807100843313727,0.38827838827838823,19.0,0.0,0.0,32.0,2.0,4.0,42.0,0.0,0.0,0.0005260979419580449,0.0003742653829824339,0.00020023390389939887,-0.004878665664499238,-0.003291430265294437,-0.004136670358611205,"[8.1171875, 5.49609375, 2.205078125, 1.955078125, 0.232666015625, 1.955078125, 1.1953125, 0.9853515625, 0.87353515625, 5.8984375, 0.442626953125, 3.119140625, 4.89453125, 7.60546875, 0.828125, 0.75634765625, 5.46484375, 4.3046875, 5.56640625, 1.2060546875, 3.875, 1.34375, 4.19140625, 3.533203125, 1.6025390625, 4.6875, 0.59765625, 2.1171875, 0.005035400390625, 4.98046875, 8.9453125, 5.25, 2.759765625, 0.051666259765625, 1.4423828125, 2.25390625, 1.1865234375, 3.8984375, 11.5390625, 3.88671875, 0.45947265625, 13.15625, 1.2548828125, 5.7421875, 3.806640625, 1.7841796875, 2.783203125, 3.251953125, 3.6484375, 3.798828125, 1.4248046875, 5.46875, 2.27734375, 4.3515625, 1.6103515625, 3.025390625, 4.59765625, 0.046356201171875, 7.77734375, 6.5, 6.9375, 3.68359375, 2.9921875, 0.4765625, 1.904296875, 0.04693603515625, 1.9365234375, 12.9296875, 1.2412109375, 3.70703125, 0.75048828125, 1.15625, 2.9296875, 10.484375, 5.203125, 0.047760009765625, 4.42578125, 2.9453125, 0.98828125, 0.8388671875, 3.03125, 2.904296875, 1.353515625, 6.83203125, 1.478515625, 1.0673828125, 4.3203125, 1.771484375, 2.998046875, 0.051666259765625, 5.984375, 0.1322021484375, 5.09375, 8.5, 0.109619140625, 3.427734375, 0.3095703125, 2.47265625, 9.28125, 6.3203125, 2.591796875, 0.75439453125, 8.625, 0.0254974365234375, 3.169921875, 0.013336181640625, 6.05078125, 5.14453125, 1.0556640625, 2.12890625, 0.76318359375, 1.09765625, 0.482666015625, 0.01514434814453125, 0.0222015380859375, 0.422119140625, 3.4921875, 10.140625, 1.869140625, 5.359375, 0.5810546875, 1.9033203125, 8.03125, 3.23046875, 0.006877899169921875, 1.3525390625, 2.6875, 0.0007333755493164062, 6.9921875, 0.3916015625, 0.25048828125, 0.1024169921875, 2.431640625, 1.0224609375, 3.80859375, 5.4609375, 1.1025390625, 0.002166748046875, 4.124641418457031e-05, 0.0003943443298339844, 1.9833984375, 1.46875, 5.578125, 0.11083984375, 1.3994140625, 5.92578125, 1.4990234375, 0.06121826171875, 3.0546875, 3.5078125, 3.0234375, 1.322265625, 3.263671875, 5.23828125, 3.501953125, 9.3359375, 1.521484375, 0.54296875, 0.703125, 4.7421875, 2.951171875, 6.41796875, 0.035247802734375, 1.2138671875, 8.2109375, 2.25390625, 6.83984375, 0.73876953125, 0.147705078125, 1.0380859375, 7.609375, 0.08331298828125, 0.1376953125, 0.99951171875, 7.05078125, 3.37890625, 0.0023632049560546875, 1.5830078125, 5.55078125, 10.875, 4.8671875, 2.638671875, 7.8984375, 3.921875, 5.703125, 3.255859375, 7.31640625, 0.0877685546875, 0.00983428955078125, 4.12109375, 0.3291015625, 8.5625, 3.056640625, 1.2119140625, 2.951171875, 0.01137542724609375, 2.857421875, 5.28515625, 1.15234375, 0.59521484375, 2.845703125, 0.0187225341796875, 0.0263519287109375, 4.0078125, 4.1640625, 1.052734375, 5.83984375, 1.5810546875, 0.00867462158203125, 4.14453125, 0.298583984375, 0.03228759765625, 3.3671875, 1.7890625, 2.4375, 5.74609375, 5.05859375, 3.630859375, 0.006862640380859375, 2.98828125, 6.1953125, 7.3203125, 2.224609375, 3.267578125, 4.60546875, 0.8623046875, 1.7841796875, 9.763240814208984e-05, 3.400390625, 0.6494140625, 0.035400390625, 2.086162567138672e-05, 4.703125, 0.386962890625, 0.0112762451171875, 8.225440979003906e-06, 4.39453125, 1.384765625, 5.796875, 5.44921875, 2.162109375, 0.98095703125, 0.0028018951416015625, 0.004638671875, 5.26171875, 0.5478515625, 3.1640625, 0.0288848876953125, 0.07391357421875, 2.0625, 4.37890625, 5.6328125, 0.337646484375, 2.94921875, 8.940696716308594e-06, 4.03515625, 0.32373046875, 0.0238037109375, 4.76837158203125e-07, 3.8671875, 0.32373046875, 0.0170745849609375, 3.5762786865234375e-07, 3.0703125, 0.54150390625, 0.01515960693359375, 7.152557373046875e-07, 4.3984375, 3.23046875, 0.55419921875, 3.98828125, 7.72265625, 2.494140625, 0.422607421875]",-0.4015203701318617
391,0,test,3.579366477442459,1.6413998914451309,2.242076172836381,5.965610795737432,2.735666485741885,3.7367936213939688,35.85082134713501,28.906206021482674,32.042112278453274,59.75136891189169,48.17701003580446,53.40352046408879,3.578020243189443,1.505841162341036,2.1774252417235544,5.261794475278592,2.2144722975603464,3.202095943711109,35.802590215923466,27.860479439028207,31.74497668118704,52.65086796459333,40.97129329268854,46.68378923703976,3.579366477442459,1.6413998914451309,2.242076172836381,5.965610795737432,2.735666485741885,3.7367936213939688,35.85082134713501,28.906206021482674,32.042112278453274,59.75136891189169,48.17701003580446,53.40352046408879,0.7185929648241206,0.003592964824120526,0.013592964824120535,0.5628140703517588,-0.0021859296482411583,0.002814070351758735,0.4824120603015075,-0.007587939698492474,-0.007587939698492474,0.426056338028169,0.11498428178915321,0.1742998977471386,0.3992932862190812,0.4522613065326633,0.1339655671842923,0.20351339334401553,0.41414141414141414,0.426056338028169,0.11498428178915321,0.1742998977471386,0.3992932862190812,23.0,0.0,0.0,35.0,-3.0,-3.0,45.0,0.0,-2.0,0.00010359818834880695,0.00016672277722917935,1.309194355764142e-06,-0.0002803336946550772,0.00016174870629104277,1.2262581172706177e-05,"[13.3359375, 0.80078125, 8.109375, 6.6171875, 4.15625, 0.916015625, 5.50390625, 0.09637451171875, 5.48828125, 4.71484375, 6.765625, 6.109375, 3.61328125, 1.3837890625, 5.8125, 0.4326171875, 8.671875, 0.10125732421875, 1.83984375, 11.265625, 7.859375, 8.6328125, 3.671875, 0.0141143798828125, 0.76318359375, 4.3671875, 0.262939453125, 6.09375, 0.08221435546875, 1.33984375, 3.583984375, 2.8203125, 1.1923828125, 5.2734375, 0.15087890625, 6.70703125, 5.45703125, 0.52294921875, 5.1796875, 8.2734375, 0.481201171875, 0.0830078125, 0.0897216796875, 0.57861328125, 2.22265625, 0.030975341796875, 1.568359375, 0.81982421875, 7.43359375, 0.87451171875, 1.2705078125, 2.220703125, 0.058441162109375, 1.794921875, 8.359375, 0.06939697265625, 2.875, 1.6884765625, 9.34375, 0.57373046875, 0.71533203125, 1.2958984375, 5.91796875, 6.5625, 4.9921875, 1.109375, 4.41796875, 1.20703125, 4.89453125, 4.41015625, 8.1875, 10.71875, 0.87939453125, 3.44140625, 8.6171875, 7.51953125, 2.134765625, 6.73828125, 6.3046875, 4.546875, 0.7509765625, 2.40625, 4.23046875, 4.43359375, 0.322265625, 0.3759765625, 4.1875, 3.169921875, 11.5703125, 2.73828125, 5.27734375, 6.86328125, 2.111328125, 6.4765625, 0.03485107421875, 7.08203125, 4.25390625, 2.146484375, 1.455078125, 6.7421875, 2.51953125, 4.66796875, 0.258544921875, 6.6796875, 0.0006604194641113281, 3.3515625, 7.7109375, 0.0127410888671875, 4.5, 1.330078125, 1.884765625, 2.666015625, 5.1484375, 0.454833984375, 1.1279296875, 7.3515625, 0.091064453125, 0.01015472412109375, 9.40625, 4.1484375, 0.017822265625, 1.1083984375, 9.3125, 6.91796875, 1.732421875, 1.4970703125, 6.99609375, 9.9921875, 1.2119140625, 6.3828125, 5.4453125, 2.287109375, 10.2109375, 0.044891357421875, 0.06341552734375, 0.35693359375, 2.857421875, 0.6103515625, 1.4404296875, 0.004669189453125, 4.94921875, 7.953125, 9.3828125, 2.81640625, 3.072265625, 9.015625, 0.8427734375, 4.7578125, 4.42578125, 2.296875, 1.1015625, 7.8359375, 0.0224456787109375, 0.1953125, 0.00045299530029296875, 0.197998046875, 4.7890625, 2.466796875, 4.87890625, 0.6162109375, 5.5, 0.75732421875, 5.83984375, 1.5859375, 7.8828125, 5.75, 10.1171875, 6.1640625, 5.7578125, 3.05078125, 1.1298828125, 1.841796875, 0.0129852294921875, 0.334716796875, 1.201171875, 0.9375, 0.796875, 0.21533203125, 2.32421875, 7.84765625, 5.40625, 0.0138397216796875, 0.10394287109375, 6.17578125, 3.375, 0.30419921875, 3.3515625, 2.076171875, 6.22265625, 1.150390625, 0.42529296875, 1.4990234375, 2.880859375, 5.6796875, 8.0625, 0.78369140625, 1.595703125, 4.0234375, 7.88671875, 11.40625, 8.765625, 3.75390625, 2.001953125, 2.466796875, 6.328125, 5.4296875, 10.125, 0.22802734375, 1.4150390625, 6.8671875, 0.8984375, 7.078125, 4.1484375, 0.74365234375, 1.5087890625, 0.18212890625, 5.8828125, 9.0546875, 2.75, 5.40625, 2.134765625, 0.259521484375, 6.796875, 0.028228759765625, 1.9453125, 2.740234375, 0.07952880859375, 6.3046875, 2.259765625, 2.54296875, 0.25537109375, 2.88671875, 1.3330078125, 4.80859375, 0.2322998046875, 13.6953125, 12.484375, 0.05889892578125, 4.140625, 4.16796875, 2.373046875, 2.775390625, 7.7578125, 4.09375, 1.0693359375, 1.0302734375, 3.501953125, 0.010162353515625, 1.541015625, 2.767578125, 0.0019407272338867188, 5.390625, 1.3486328125, 0.443359375, 0.260498046875, 3.4765625, 0.1358642578125, 1.9287109375, 1.5908203125, 3.13671875, 1.1630859375, 9.1328125, 0.43896484375, 6.98046875, 0.91162109375, 4.15625, 0.009765625, 0.8330078125, 1.607421875, 2.658203125, 10.953125, 7.25, 3.123046875, 3.6640625, 3.576171875, 8.5625, 3.01171875, 7.2890625, 4.37109375, 2.84375, 0.75048828125, 4.1953125, 3.54296875, 0.1314697265625]",-1.0969702878468475
44,0,test,3.3569487267500393,1.54301389823756,2.125917331560849,5.547043617998728,2.549686067141209,3.512879440921403,28.701481072568406,22.56694271180427,25.276721076257115,47.426511504939235,37.289760951591006,41.76741610996496,3.5845340700005766,1.5750775579748533,2.189137331502417,5.120762957143681,2.250110797106933,3.1273390450034535,36.03656329073585,28.57730106458852,31.999987570754193,51.48080470105121,40.824715806555034,45.714267958220276,3.367226257372062,1.5476773302862363,2.1357647788194187,5.4603669038465865,2.5097470220857883,3.46340234403149,28.997982464365478,22.82890734486912,25.5717492189687,47.02375534761969,37.01984974843641,41.46770143616546,0.7587939698492463,-0.006206030150753716,-0.01120603015075372,0.6281407035175879,-0.016859296482412134,-0.0018592964824121205,0.49246231155778897,-0.007537688442211032,-0.022537688442211046,0.44480519480519476,0.13038055947294191,0.20614428767776494,0.3908794788273615,0.44723618090452266,0.10638405057870814,0.18680212414325392,0.3939393939393939,0.4448160535117057,0.13095962613274081,0.2034367431668781,0.38926174496644295,25.0,10.0,9.0,36.0,11.0,11.0,46.0,10.0,10.0,0.0010127813550915247,0.00023871858440556142,7.751869750070166e-05,0.00047149473440466494,6.878410509703059e-05,-7.1846786077856e-05,"[11.0078125, 5.2265625, 4.26171875, 2.8203125, 0.56982421875, 2.8203125, 5.46875, 5.0546875, 4.30859375, 5.390625, 4.7734375, 8.265625, 0.90771484375, 0.0010328292846679688, 5.8046875, 2.17578125, 0.0024585723876953125, 3.94140625, 7.5859375, 1.8671875, 3.44140625, 7.7109375, 6.015625, 6.25390625, 3.576171875, 4.19921875, 0.0791015625, 0.0037403106689453125, 3.26171875, 8.3515625, 3.962890625, 4.8359375, 7.58203125, 5.23046875, 0.07427978515625, 3.7421875, 10.140625, 1.138671875, 11.21875, 1.85546875, 5.171875, 6.04296875, 7.8359375, 2.12890625, 4.015625, 0.931640625, 1.431640625, 3.78515625, 2.74609375, 1.373046875, 2.232421875, 0.023468017578125, 3.27734375, 6.30078125, 0.1824951171875, 2.1328125, 11.03125, 0.491455078125, 3.6953125, 11.9453125, 5.8828125, 7.4765625, 2.37890625, 1.7060546875, 1.12109375, 2.734375, 2.515625, 3.587890625, 3.294921875, 7.01171875, 6.63671875, 7.17578125, 2.634765625, 1.07421875, 0.1612548828125, 1.7841796875, 3.87109375, 4.72265625, 7.74609375, 1.5595703125, 0.0131683349609375, 1.9833984375, 2.662109375, 1.171875, 0.82958984375, 0.409912109375, 7.375, 5.9140625, 2.712890625, 10.28125, 2.90234375, 1.248046875, 8.6953125, 0.52734375, 0.402587890625, 0.021270751953125, 0.1468505859375, 3.083984375, 0.12890625, 0.0557861328125, 0.012054443359375, 0.716796875, 4.0859375, 0.0462646484375, 0.15234375, 0.806640625, 4.01171875, 5.5625, 6.86328125, 0.91357421875, 7.265625, 0.71826171875, 2.107421875, 0.001300811767578125, 6.38671875, 4.93359375, 1.7197265625, 0.26171875, 9.140625, 0.17626953125, 2.109375, 5.2109375, 5.35546875, 2.171875, 0.03826904296875, 2.16796875, 4.59765625, 9.703125, 1.51953125, 2.240234375, 10.2890625, 9.7265625, 0.99560546875, 6.83984375, 3.576171875, 0.426025390625, 0.56396484375, 1.5576171875, 8.71875, 5.55859375, 2.3984375, 0.5263671875, 0.0141754150390625, 2.201171875, 8.1015625, 1.919921875, 2.90625, 5.375, 0.9990234375, 2.34765625, 0.0028533935546875, 2.470703125, 0.343994140625, 2.705078125, 2.7734375, 5.9921875, 6.52734375, 4.48828125, 6.640625, 5.43359375, 3.78125, 4.45703125, 0.86083984375, 3.078125, 1.20703125, 4.16015625, 4.30078125, 5.40625, 3.625, 6.9609375, 6.72265625, 1.4287109375, 3.9375, 0.2403564453125, 0.060638427734375, 2.48828125, 0.1094970703125, 6.3984375, 0.339111328125, 2.5546875, 4.83984375, 6.765625, 1.3046875, 5.26953125, 1.5390625, 1.123046875, 2.509765625, 9.71875, 0.428955078125, 3.439453125, 3.861328125, 4.22265625, 1.087890625, 5.6328125, 2.08984375, 7.49609375, 6.4609375, 0.53369140625, 6.5625, 0.239013671875, 1.12890625, 5.265625, 4.30859375, 0.032623291015625, 0.009735107421875, 6.51171875, 1.4853515625, 9.6015625, 5.55859375, 3.021484375, 9.6015625, 0.0899658203125, 0.396240234375, 0.912109375, 1.103515625, 9.5625, 6.42578125, 0.172119140625, 0.048736572265625, 0.234619140625, 0.078125, 0.3583984375, 0.0235595703125, 9.796875, 4.26953125, 0.55615234375, 4.09375, 3.80078125, 2.326171875, 6.18359375, 0.0008254051208496094, 0.0021610260009765625, 2.419921875, 0.26708984375, 6.43359375, 2.32421875, 4.79296875, 0.12286376953125, 0.89794921875, 4.55078125, 3.068359375, 1.0439453125, 7.87109375, 1.5693359375, 6.1171875, 7.296875, 0.732421875, 1.4736328125, 3.869140625, 1.7041015625, 3.912109375, 1.0439453125, 0.791015625, 7.109375, 0.002819061279296875, 0.0054168701171875, 0.02813720703125, 0.007293701171875, 0.03179931640625, 0.060699462890625, 1.0712890625, 3.744140625, 3.447265625, 2.333984375, 2.03515625, 7.92578125, 6.9921875, 0.37255859375, 4.4609375, 7.609375, 5.02734375, 1.765625, 2.568359375, 0.76025390625, 2.0859375, 0.11236572265625, 5.69140625, 0.053253173828125, 1.3408203125, 6.0, 1.75, 0.7470703125, 0.00014197826385498047, 0.01178741455078125, 3.1171875, 3.3984375, 6.80859375, 1.1015625, 6.28125, 0.03582763671875, 8.4296875, 6.33984375, 3.439453125, 0.505859375, 3.03515625, 0.60400390625, 0.36328125, 6.5546875, 4.36328125, 5.6875, 0.083984375, 0.048126220703125, 0.0462646484375, 0.430908203125, 1.2998046875, 7.67578125, 7.65234375, 4.21484375]",-0.632671243571616
128,0,test,3.441368054727028,1.5693684015465876,2.1537345286067464,5.492046279119161,2.504539983290102,3.4371242819546017,31.229652831512297,24.728369108951576,27.605453006110444,49.83910349138606,39.463767139628196,44.055277742628306,3.5365005306263066,1.598693918358179,2.1939700824562482,5.3583341373125855,2.4222635126639074,3.3241970946306787,34.34651406264899,27.403009604151016,30.517794428324876,52.040172822195444,41.51971152144093,46.23908246715891,3.441368054727028,1.5693684015465876,2.1537345286067464,5.492046279119161,2.504539983290102,3.4371242819546017,31.229652831512297,24.728369108951576,27.605453006110444,49.83910349138606,39.463767139628196,44.055277742628306,0.7989949748743719,0.003994974874371837,0.013994974874371846,0.6331658291457287,0.0031658291457287158,0.0031658291457287158,0.5175879396984925,-0.007412060301507539,-0.012412060301507544,0.47413793103448276,0.12790137189469786,0.20622962157889535,0.4285714285714286,0.457286432160804,0.11894056749914983,0.17348008825429317,0.4242424242424242,0.47413793103448276,0.12790137189469786,0.20622962157889535,0.4285714285714286,26.0,-2.0,-1.0,39.0,0.0,0.0,47.0,0.0,-2.0,0.00040646398059758867,7.757299942699881e-05,0.00012770358690015443,8.002224209047171e-05,-1.3385908281371428e-05,-4.3536860872883665e-05,"[6.3359375, 3.88671875, 1.08203125, 3.1015625, 5.0078125, 0.9228515625, 6.39453125, 5.69921875, 5.04296875, 0.70068359375, 2.162109375, 7.4140625, 3.951171875, 9.2890625, 5.91015625, 5.12109375, 1.384765625, 4.50390625, 5.203125, 6.4296875, 0.65283203125, 2.029296875, 0.87548828125, 1.8671875, 10.9140625, 0.1397705078125, 2.18359375, 4.7734375, 8.65625, 3.197265625, 5.80078125, 3.986328125, 8.2265625, 2.458984375, 3.1328125, 5.98046875, 10.984375, 0.33984375, 5.35546875, 1.7041015625, 1.9638671875, 10.2265625, 0.50537109375, 5.91015625, 5.4921875, 1.208984375, 6.6015625, 4.3046875, 8.4375, 4.1640625, 7.015625, 6.7890625, 1.533203125, 2.10546875, 0.07568359375, 5.578125, 4.9609375, 0.150146484375, 1.9306640625, 6.8125, 4.23046875, 0.52978515625, 7.84375, 0.00830841064453125, 2.041015625, 1.6484375, 0.000522613525390625, 0.260498046875, 2.376953125, 1.8835067749023438e-05, 0.09197998046875, 0.137451171875, 4.9765625, 6.265625, 7.58984375, 0.378173828125, 1.396484375, 7.4375, 0.425537109375, 3.93359375, 0.0203857421875, 2.548828125, 1.958984375, 4.4140625, 7.5625, 1.7529296875, 3.1171875, 5.4375, 5.8671875, 0.1580810546875, 4.55078125, 5.81640625, 0.2366943359375, 1.1796875, 2.986328125, 5.47265625, 3.193359375, 7.27734375, 9.15625, 6.18359375, 3.00390625, 6.0078125, 3.7265625, 0.045867919921875, 1.2080078125, 3.60546875, 0.87451171875, 1.1923828125, 0.12445068359375, 0.64306640625, 2.16796875, 1.314453125, 4.67578125, 3.03125, 1.583984375, 5.47265625, 2.85546875, 3.66796875, 5.61328125, 1.75390625, 2.515625, 6.54296875, 1.876953125, 6.24609375, 3.080078125, 2.365234375, 4.9765625, 0.11590576171875, 5.54296875, 0.09307861328125, 1.2421875, 1.662109375, 1.7392578125, 6.484375, 7.328125, 3.4453125, 1.0703125, 3.8828125, 6.23046875, 0.0234222412109375, 3.021484375, 1.5380859375, 6.69921875, 0.03387451171875, 4.37890625, 5.6796875, 1.4541015625, 2.765625, 3.38671875, 2.291015625, 5.828125, 5.28125, 0.0195159912109375, 0.51123046875, 1.638671875, 1.2001953125, 4.15234375, 5.49609375, 5.66015625, 2.095703125, 5.94140625, 0.77197265625, 4.08203125, 0.333984375, 0.47021484375, 1.6513671875, 0.49609375, 5.2421875, 5.39453125, 4.32421875, 0.09722900390625, 3.42578125, 8.421875, 1.0234375, 2.07421875, 2.25, 1.9033203125, 5.25, 0.10699462890625, 3.537109375, 5.0234375, 1.98828125, 0.74609375, 6.296875, 5.2890625, 3.7421875, 6.03515625, 0.3310546875, 3.7421875, 1.9677734375, 8.3125, 9.5234375, 1.767578125, 4.5078125, 8.7734375, 2.408203125, 3.4928321838378906e-05, 0.1724853515625, 0.68896484375, 4.77734375, 1.314453125, 4.03515625, 4.47265625, 4.37890625, 6.52734375, 7.58984375, 1.2734375, 11.1171875, 4.05859375, 0.036651611328125, 4.125, 6.01953125, 1.9013671875, 2.3046875, 2.8125, 5.08984375, 1.7705078125, 2.3671875, 0.00016295909881591797, 0.283203125, 0.55322265625, 0.88525390625, 0.000835418701171875, 0.054931640625, 0.0016107559204101562, 3.533203125, 4.35546875, 0.0762939453125, 5.15625, 3.763671875, 0.395263671875, 4.0546875]",-0.39387302460341633
298,0,test,3.9476895705401467,1.8569255727653546,2.52667439220994,6.329916035521269,2.9774841080547922,4.051391697853869,51.815512344276996,43.724417962623434,47.674189856452266,83.0834939313407,70.10984259524102,76.44309752844931,3.6314383787126396,1.6279517749901031,2.271178012115201,5.718800596397857,2.5637035826615793,3.5766582867955923,37.767100961160764,30.352237187305864,33.86989308869818,59.47574954513506,47.79879872016671,53.33841431291051,3.9476895705401467,1.8569255727653546,2.52667439220994,6.329916035521269,2.9774841080547922,4.051391697853869,51.815512344276996,43.724417962623434,47.674189856452266,83.0834939313407,70.10984259524102,76.44309752844931,0.7437185929648241,0.00371859296482413,0.00371859296482413,0.6080402010050252,-0.001959798994974782,-0.01195979899497479,0.4974874371859297,-0.01751256281407032,-0.012512562814070316,0.44964028776978415,0.1175038425274143,0.18887473753054973,0.4296028880866426,0.44221105527638194,0.11138398760720902,0.1801075494333102,0.38888888888888884,0.44964028776978415,0.1175038425274143,0.18887473753054973,0.4296028880866426,26.0,12.0,12.0,38.0,12.0,11.0,46.0,11.0,11.0,-0.00041607219766463387,0.0003052041291576438,0.00011034765440097047,-0.00023875416349117273,0.00018498985658865763,3.328992298534672e-05,"[6.77734375, 10.828125, 3.259765625, 4.30078125, 2.767578125, 1.4833984375, 7.9453125, 2.73828125, 8.9765625, 10.125, 10.078125, 2.755859375, 2.111328125, 0.0992431640625, 0.411865234375, 0.008392333984375, 0.97412109375, 7.06640625, 1.5185546875, 3.5390625, 7.59765625, 6.53125, 5.0, 7.546875, 2.9296875, 5.265625, 1.67578125, 5.48046875, 3.36328125, 9.625, 2.130859375, 0.71142578125, 8.046875, 6.5390625, 1.83984375, 1.1494140625, 2.931640625, 4.359375, 0.26123046875, 6.18359375, 2.962890625, 1.103515625, 12.8125, 0.650390625, 3.5859375, 6.06640625, 7.80859375, 0.494873046875, 7.28515625, 2.994140625, 4.234375, 7.47265625, 7.15234375, 1.205078125, 1.3447265625, 0.01258087158203125, 5.77734375, 3.6953125, 7.29296875, 5.66796875, 0.07318115234375, 6.73828125, 1.5458984375, 0.05609130859375, 2.005859375, 3.53515625, 0.052093505859375, 0.06341552734375, 7.609375, 6.21484375, 2.98046875, 9.15625, 3.77734375, 2.142578125, 7.79296875, 8.0859375, 0.006256103515625, 2.42578125, 5.03125, 4.80859375, 6.39453125, 2.998046875, 4.5234375, 6.44921875, 4.3671875, 1.8818359375, 6.01953125, 5.71875, 8.359375, 1.7666015625, 6.58203125, 0.17578125, 7.71875, 3.80859375, 9.6171875, 3.892578125, 4.00390625, 6.03125, 2.025390625, 2.138671875, 2.42578125, 9.0390625, 1.7919921875, 9.6875, 2.326171875, 0.501953125, 0.66650390625, 5.953125, 6.328125, 6.24609375, 0.47021484375, 0.521484375, 6.83203125, 5.16015625, 1.9052734375, 7.83203125, 0.11328125, 0.1500244140625, 1.8720703125, 4.6484375, 5.375, 6.984375, 3.20703125, 2.32421875, 6.78515625, 0.318115234375, 4.12890625, 0.5283203125, 3.912109375, 1.126953125, 2.47265625, 0.328125, 0.1265869140625, 0.1331787109375, 0.0009517669677734375, 0.0299224853515625, 3.52734375, 2.447265625, 0.87353515625, 0.1365966796875, 0.0433349609375, 0.030029296875, 0.1500244140625, 1.8984375, 2.029296875, 4.95703125, 0.78076171875, 0.12451171875, 1.4150390625, 3.3828125, 8.7734375, 3.4296875, 2.501953125, 1.0380859375, 7.328125, 4.046875, 6.1328125, 8.8359375, 3.017578125, 3.025390625, 4.03125, 3.798828125, 4.1171875, 0.3955078125, 0.7138671875, 7.06640625, 9.59375, 1.0078125, 9.875, 5.75390625, 3.212890625, 4.09375, 4.48046875, 0.060028076171875, 3.873046875, 0.09442138671875, 1.4765625, 1.4619140625, 0.03436279296875, 0.1043701171875, 0.0285797119140625, 0.0008668899536132812, 0.028533935546875, 1.7939453125, 0.2169189453125, 0.053985595703125, 0.0267791748046875, 0.01180267333984375, 0.018157958984375, 0.0019779205322265625, 9.234375, 8.6015625, 1.2216796875, 0.8740234375, 6.1796875, 0.3017578125, 1.4443359375, 6.9765625, 12.0546875, 4.85546875, 1.54296875, 7.81640625, 4.171875, 0.77392578125, 1.779296875, 2.306640625, 9.59375, 1.185546875, 4.3828125, 0.4765625, 6.47265625, 4.86328125, 0.00019729137420654297, 0.394775390625, 0.1142578125, 1.7734375, 0.00774383544921875, 1.955078125, 10.8203125, 11.2578125, 7.37109375, 3.328125, 7.90234375, 2.943359375, 7.68359375, 6.21875, 3.99609375, 0.0027866363525390625, 0.73193359375, 8.375, 0.0187225341796875, 11.96875, 0.0638427734375, 6.76171875, 13.53125, 4.44921875, 1.849609375, 4.48828125, 1.78515625, 6.703125, 6.234375, 5.421875, 4.6484375, 0.22265625, 6.1953125, 4.515625, 3.453125, 6.19921875, 0.17626953125, 8.328125, 10.21875, 5.203125, 1.0390625, 10.3515625, 1.7890625, 9.046875, 4.1796875, 0.310302734375, 3.244140625, 7.1796875, 3.01953125, 5.61328125, 4.81640625, 6.1640625, 7.62890625, 3.7890625, 1.3017578125, 8.5390625, 13.0859375, 0.40869140625, 0.114990234375, 1.6416015625, 7.5546875, 2.716796875, 8.84375, 5.40625, 9.15625, 1.359375]",-0.8547715767682029
303,0,test,3.382261670868972,1.5331519624038918,2.0923121176890795,5.608560492200447,2.5423152794292383,3.469530220471764,29.437273305403508,23.08311335657713,25.804670007558137,48.8137063671881,38.27706138875448,42.790022417596404,3.4941746907018536,1.5078772428232383,2.101359578231268,5.590679505122965,2.412603588517181,3.362175325170029,32.92310499269828,25.6346072933371,28.896936761754993,52.676967988317244,41.01537166933936,46.23509881880799,3.382261670868972,1.5331519624038918,2.0923121176890795,5.608560492200447,2.5423152794292383,3.469530220471764,29.437273305403508,23.08311335657713,25.804670007558137,48.8137063671881,38.27706138875448,42.790022417596404,0.7537688442211055,0.008768844221105465,-0.006231155778894548,0.5778894472361809,-0.01711055276381912,-0.007110552763819111,0.44723618090452266,0.012236180904522609,0.0072361809045227155,0.3908045977011494,0.08105316366673254,0.12711033018522577,0.41538461538461535,0.3869346733668342,0.05360134003350081,0.12483116752376244,0.4292929292929293,0.3908045977011494,0.08105316366673254,0.12711033018522577,0.41538461538461535,17.0,1.0,0.0,28.0,-2.0,-1.0,34.0,-2.0,-4.0,7.29128889764825e-05,7.822676274853716e-05,-0.0002492033381048579,-0.00012094549186336678,-0.00017278787436758591,9.286739145242251e-05,"[2.859375, 2.21484375, 0.2666015625, 0.05609130859375, 3.802776336669922e-05, 1.1826171875, 0.01139068603515625, 0.01456451416015625, 5.5703125, 0.34375, 4.015625, 2.013671875, 5.52734375, 5.5625, 2.67578125, 8.2734375, 2.69140625, 0.82275390625, 0.51318359375, 8.1875, 0.151123046875, 4.8828125, 5.5078125, 0.482666015625, 0.459716796875, 0.78955078125, 0.00017368793487548828, 1.5888671875, 1.6767578125, 2.103515625, 5.0703125, 1.712890625, 6.2109375, 1.912109375, 9.1953125, 7.08984375, 7.6953125, 0.84228515625, 4.546875, 1.5888671875, 2.0546875, 3.73046875, 8.53125, 0.078125, 4.99609375, 6.82421875, 3.3203125, 0.77734375, 2.5078125, 1.669921875, 2.724609375, 2.025390625, 1.4150390625, 6.203125, 15.0859375, 0.331787109375, 3.224609375, 4.88671875, 1.3837890625, 5.64453125, 2.087890625, 4.40625, 0.0032444000244140625, 3.0390625, 0.1649169921875, 10.25, 0.29296875, 0.0195465087890625, 2.251953125, 0.2357177734375, 3.689453125, 7.15625, 3.80859375, 9.15625, 0.0187530517578125, 1.85546875, 7.01953125, 1.2109375, 6.265625, 3.83203125, 6.9296875, 0.96484375, 6.02734375, 2.185546875, 2.1796875, 11.015625, 1.5869140625, 3.419921875, 5.4609375, 1.318359375, 0.92431640625, 1.236328125, 3.095703125, 3.365234375, 8.0625, 2.431640625, 0.032501220703125, 1.97265625, 1.423828125, 1.80859375, 2.45703125, 0.84375, 0.3173828125, 6.8046875, 0.88720703125, 4.31640625, 7.58203125, 0.880859375, 5.4375, 7.8515625, 0.83544921875, 1.2978515625, 0.043426513671875, 1.5146484375, 7.53125, 4.4765625, 5.7578125, 1.5791015625, 2.98046875, 4.55859375, 1.1171875, 0.006046295166015625, 0.9716796875, 0.89013671875, 1.33984375, 2.7421875, 1.3046875, 4.4375, 2.58984375, 0.58642578125, 11.9765625, 5.08984375, 4.828125, 3.224609375, 6.21875, 2.095703125, 0.98779296875, 1.5693359375, 10.203125, 0.1949462890625, 0.86083984375, 2.373046875, 9.3359375, 6.00390625, 1.9052734375, 2.58984375, 4.8203125, 0.7880859375, 0.254150390625, 1.74609375, 4.1796875, 7.7109375, 2.802734375, 1.833984375, 0.87158203125, 5.24609375, 8.703125, 3.42578125, 10.3984375, 1.375, 1.875, 6.70703125, 4.546875, 0.0501708984375, 5.59375, 1.0908203125, 1.68359375, 4.04296875, 5.31640625, 2.22265625, 5.703125, 0.08551025390625, 2.712890625, 2.0703125, 2.078125, 2.32421875, 8.515625, 0.1064453125, 0.0518798828125, 3.28125, 6.29296875, 7.0390625, 10.9140625, 6.796875, 2.626953125, 2.81640625, 8.84375, 0.378173828125, 0.9169921875, 0.0006008148193359375, 8.1171875, 2.634765625, 5.078125, 3.087890625, 5.375, 2.255859375, 11.859375, 2.30859375, 12.0859375, 2.78515625, 8.609375, 6.94921875, 11.90625, 5.33203125, 9.484375, 0.7080078125, 4.61328125, 1.494140625, 5.4296875, 0.56640625, 10.5625, 1.8486328125, 3.20703125, 0.0123138427734375, 0.02923583984375, 0.87548828125, 0.0255889892578125, 4.3828125, 1.1484375, 7.625, 1.9150390625, 4.7109375, 2.478515625, 0.180908203125, 7.79296875, 1.2880859375, 4.05078125, 0.6513671875, 5.19921875, 0.395263671875, 4.6328125, 0.76416015625, 4.82421875, 1.3955078125, 5.3828125, 0.912109375, 3.2890625, 4.73828125, 11.859375, 1.1435546875, 0.3740234375, 3.416015625, 6.71875, 1.291015625, 1.685546875, 4.40625, 2.47265625, 1.2197265625, 0.014007568359375, 0.0062408447265625, 0.170166015625, 0.00785064697265625, 5.25, 1.5634765625, 0.02996826171875, 0.0156707763671875, 0.00965118408203125, 0.0621337890625, 0.017578125, 5.3046875, 0.56201171875]",-0.5120972024983375
458,0,test,3.9819462823688534,1.8480212532869755,2.5420077241777923,6.110227916048758,2.8357567507334625,3.90066702503144,53.62129491509872,45.17333460271287,49.400858417321544,82.28095254213424,69.3177030972663,75.80476550244168,4.099841544122407,1.8889894994667733,2.584179144007951,5.786301186385526,2.666020641091404,3.647174820266541,60.33072708161649,51.20724038128691,55.77829141939164,85.14762190951548,72.27121160195813,78.72255313800666,3.9819462823688534,1.8480212532869755,2.5420077241777923,6.110227916048758,2.8357567507334625,3.90066702503144,53.62129491509872,45.17333460271287,49.400858417321544,82.28095254213424,69.3177030972663,75.80476550244168,0.7727272727272727,-0.012272727272727324,-0.01727272727272733,0.6767676767676767,0.0017676767676766403,-0.003232323232323253,0.601010101010101,0.01601010101010103,0.006010101010101021,0.4586466165413534,0.12656406494660666,0.1986466165413534,0.43018867924528303,0.4494949494949495,0.11196346334885376,0.18271642600501659,0.4416243654822335,0.4586466165413534,0.12656406494660666,0.1986466165413534,0.43018867924528303,22.0,0.0,-1.0,36.0,0.0,1.0,43.0,-2.0,-2.0,0.0004174892934772793,0.0002910977697684579,8.229281152273867e-05,-0.00015559510116602837,0.0002314721571865519,7.534460660885145e-05,"[1.859375, 5.28125, 0.00511932373046875, 0.052032470703125, 5.68359375, 0.409423828125, 14.2734375, 12.625, 5.1171875, 8.609375, 5.3984375, 3.564453125, 6.73828125, 3.05078125, 4.515625, 0.89013671875, 5.65625, 4.0234375, 7.45703125, 0.440673828125, 0.027984619140625, 2.09375, 1.0205078125, 3.19140625, 4.80078125, 0.51806640625, 13.5546875, 1.6904296875, 2.865234375, 10.953125, 4.21484375, 9.8828125, 0.43701171875, 9.46875, 1.7421875, 4.39453125, 0.41064453125, 12.9921875, 0.36669921875, 0.00531768798828125, 3.765625, 11.03125, 4.24609375, 9.5234375, 0.371337890625, 3.921875, 5.69140625, 0.01540374755859375, 0.162353515625, 0.00012123584747314453, 1.8359375, 3.478515625, 2.81640625, 6.671875, 2.212890625, 0.3994140625, 4.3359375, 2.79296875, 0.80859375, 7.19921875, 6.22265625, 0.2890625, 2.2578125, 7.55859375, 1.58203125, 0.3427734375, 0.10552978515625, 5.94140625, 9.2109375, 0.1690673828125, 5.4296875, 0.06695556640625, 4.328125, 3.640625, 3.28125, 9.2578125, 7.625, 0.7802734375, 2.841796875, 7.48828125, 0.0141448974609375, 5.57421875, 3.55078125, 3.142578125, 4.62109375, 4.67578125, 4.328125, 1.0556640625, 0.330810546875, 8.6953125, 6.80859375, 0.486328125, 4.76953125, 3.58984375, 4.24609375, 6.10546875, 4.01953125, 5.59375, 4.14453125, 0.974609375, 8.828125, 5.84765625, 8.421875, 3.228515625, 1.7978515625, 5.92578125, 14.703125, 10.8203125, 2.646484375, 10.8359375, 1.2646484375, 2.10546875, 4.01171875, 3.328125, 2.072265625, 7.12890625, 0.137451171875, 6.28515625, 5.19140625, 3.220703125, 0.17431640625, 5.390625, 2.57421875, 3.650390625, 4.90234375, 3.345703125, 5.875, 0.33642578125, 2.458984375, 6.49609375, 6.5390625, 2.126953125, 3.587890625, 2.048828125, 0.05279541015625, 2.134765625, 8.59375, 1.248046875, 6.71484375, 1.4462890625, 7.63671875, 0.626953125, 2.658203125, 0.765625, 1.00390625, 3.697265625, 4.859375, 2.9765625, 6.05078125, 1.6142578125, 2.65234375, 1.595703125, 3.31640625, 0.401123046875, 5.5703125, 4.8046875, 8.5, 7.1015625, 5.375, 6.765625, 1.052734375, 0.75537109375, 0.50341796875, 1.5380859375, 9.8515625, 5.43359375, 3.455078125, 2.333984375, 4.1640625, 0.5146484375, 2.357421875, 3.18359375, 6.55859375, 1.9482421875, 8.359375, 1.0859375, 3.4453125, 3.462890625, 7.1640625, 4.38671875, 0.016632080078125, 5.953125, 4.921875, 10.0390625, 4.6875, 4.38671875, 9.5625, 1.3017578125, 5.08203125, 1.369140625, 0.1746826171875, 0.70751953125, 9.078125, 5.6171875, 5.3203125, 0.232177734375, 1.044921875, 1.623046875, 0.001628875732421875, 4.7421875, 2.140625, 10.328125, 7.22265625, 0.505859375, 5.57421875, 0.045257568359375, 4.00390625, 1.505859375, 5.21875, 0.33203125, 4.12109375, 2.0390625, 3.28125, 2.18359375, 3.67578125, 8.25, 0.06396484375, 2.0546875, 8.8515625, 1.783203125, 8.171875, 2.162109375, 0.158935546875, 2.060546875, 7.6328125, 2.16015625, 1.4716796875, 4.83984375, 4.47265625, 6.8828125, 9.71875, 0.271240234375, 2.630859375, 0.703125, 6.41796875, 3.74609375, 6.84375, 8.375, 1.326171875, 2.43359375, 2.8203125, 0.80810546875, 2.3125, 4.1015625, 1.1298828125, 5.11328125, 0.036346435546875, 0.6533203125, 4.875, 9.296875, 5.57421875, 0.464599609375, 5.8828125, 8.046875, 5.19140625, 1.5869140625, 4.3125, 3.896484375, 0.288330078125, 5.703125, 6.12890625, 2.171875, 3.775390625, 3.421875, 5.0234375, 1.3232421875]",-1.155219264048383
142,0,test,3.539656361062024,1.60030629664309,2.1975790270854443,5.864724755092962,2.651487883653748,3.641086819386668,34.4550770501782,27.5008473499701,30.628091870080656,57.0873335439227,45.565129432793604,50.74654437297677,3.0125192841093744,1.2690865531502016,1.7912687747294733,4.858902071144152,2.046913795403551,2.889143185047538,20.338574083549055,14.621639607555213,16.947147990393486,32.804151747659766,23.583289689605184,27.334109661924973,3.4787937247234844,1.5650399638475214,2.159169445942073,5.610957620521749,2.524258006205679,3.482531364422698,32.42059032221964,25.64210440563243,28.678575163610695,52.29127471325748,41.35823291231037,46.25576639292048,0.6130653266331658,0.013065326633165841,0.0030653266331658324,0.4974874371859297,0.0024874371859296973,-0.007512562814070312,0.40201005025125625,0.0020100502512562235,0.007010050251256228,0.42433234421364985,0.11025827013957579,0.16865613493428167,0.45833333333333337,0.40201005025125625,0.09373937355952688,0.1482537898171995,0.41414141414141414,0.4147157190635451,0.11087598617539818,0.1699993675618766,0.44966442953020136,17.0,1.0,1.0,27.0,0.0,0.0,37.0,0.0,0.0,-0.0014708948096434167,-8.961354381738072e-05,-0.000807652370478527,-0.013645917701076371,-0.013758873869121224,-0.012376666931008806,"[2.67578125, 0.6591796875, 2.013671875, 4.76171875, 4.6484375, 1.0068359375, 12.1484375, 4.55078125, 0.046295166015625, 1.0537109375, 3.17578125, 0.98779296875, 1.470703125, 2.384765625, 0.377197265625, 0.96044921875, 0.407470703125, 4.6015625, 0.06329345703125, 9.9375, 4.21875, 8.046875, 0.87939453125, 0.8330078125, 0.89599609375, 0.001392364501953125, 0.0231475830078125, 2.83984375, 4.6953125, 8.1328125, 2.58984375, 6.94921875, 6.55859375, 2.880859375, 1.4267578125, 6.49609375, 0.80078125, 5.3125, 2.62109375, 1.7080078125, 8.203125, 4.19921875, 2.396484375, 0.003696441650390625, 0.166015625, 0.837890625, 0.0005998611450195312, 0.022125244140625, 0.94287109375, 0.00046253204345703125, 0.01020050048828125, 0.8408203125, 0.0002300739288330078, 0.0063629150390625, 2.830078125, 2.03125, 1.8046875, 4.5390625, 5.9296875, 0.29296875, 6.51171875, 3.861328125, 4.0, 4.32421875, 3.765625, 0.20458984375, 8.0625, 2.130859375, 5.80859375, 0.00052642822265625, 0.75146484375, 3.28515625, 0.4619140625, 3.7421875, 0.2685546875, 3.689453125, 3.154296875, 3.578125, 0.00042438507080078125, 0.03009033203125, 1.92578125, 4.7421875, 2.966796875, 8.4609375, 0.264892578125, 4.4296875, 2.427734375, 0.243408203125, 3.6796875, 6.3984375, 1.048828125, 0.0012807846069335938, 0.04974365234375, 1.5693359375, 4.33984375, 6.46875, 0.1322021484375, 10.328125, 0.140869140625, 6.06640625, 5.4375, 5.37109375, 9.2109375, 0.10687255859375, 0.69384765625, 0.0004494190216064453, 0.036102294921875, 0.90478515625, 8.7890625, 0.0501708984375, 0.002803802490234375, 7.8515625, 2.24609375, 0.1568603515625, 0.0009784698486328125, 0.2216796875, 0.87890625, 7.9609375, 5.8203125, 0.8759765625, 0.404541015625, 0.2362060546875, 0.0001647472381591797, 0.06927490234375, 0.5751953125, 6.42578125, 0.1905517578125, 8.890625, 8.140625, 6.64453125, 2.787109375, 0.126708984375, 0.0026760101318359375, 0.27734375, 0.90771484375, 7.76171875, 5.96484375, 0.19091796875, 0.0003800392150878906, 0.03863525390625, 0.58984375, 7.40625, 6.24609375, 3.50390625, 0.11083984375, 0.0027008056640625, 0.03509521484375, 1.587890625, 0.00560760498046875, 0.006565093994140625, 1.1474609375, 0.163330078125, 9.8515625, 1.0703125, 1.4462890625, 6.09375, 0.234375, 2.892578125, 7.9375, 6.50390625, 2.19921875, 1.5712890625, 7.171875, 0.126220703125, 0.00044035911560058594, 1.6865234375, 2.234375, 0.9765625, 0.0006775856018066406, 4.87890625, 5.046875, 3.27734375, 15.0546875, 4.41015625, 11.015625, 1.73828125, 1.4130859375, 10.78125, 0.051483154296875, 6.07421875, 1.9208984375, 1.8740234375, 3.10546875, 5.21484375, 0.85009765625, 6.046875, 4.109375, 0.982421875, 6.4921875, 1.9970703125, 1.5283203125, 10.3203125, 1.8076171875, 3.169921875, 1.9794921875, 5.7578125, 4.4140625, 6.53515625, 0.322265625, 5.2734375, 10.9453125, 8.3671875, 2.17578125, 0.0218658447265625, 5.5, 1.763671875, 1.8212890625, 7.828125, 2.220703125, 7.17578125, 0.438720703125, 11.609375, 1.546875, 6.07421875, 4.18359375, 2.69140625, 6.54296875, 6.30078125, 0.88134765625, 9.8828125, 2.873046875, 3.669921875, 2.462890625, 2.5078125, 8.3984375, 8.5859375, 1.654296875, 10.9140625, 0.12432861328125, 10.28125, 0.7001953125, 0.783203125, 3.08203125, 2.841796875, 10.0625, 2.541015625, 3.994140625, 2.787109375, 6.046875, 5.97265625, 5.36328125, 1.732421875, 8.3125, 0.8134765625, 1.70703125, 8.7109375, 0.12213134765625, 3.2421875, 6.359375, 1.4775390625, 1.126953125, 4.4140625, 5.5390625, 2.76953125, 7.1484375, 5.0546875, 12.140625, 1.712890625, 0.8447265625, 11.4296875, 8.125, 6.921875, 1.69140625, 9.3828125, 10.390625, 5.34765625, 2.65625, 9.6015625, 0.06890869140625, 0.05804443359375, 0.72705078125, 7.27734375, 4.70703125, 0.157958984375, 2.716796875, 1.3681640625, 9.15625, 8.875, 0.6357421875, 7.6484375, 7.125, 1.287109375, 6.0546875, 3.5546875, 4.6640625, 6.26953125, 1.744140625, 4.0, 1.3056640625, 4.94140625, 0.472900390625, 0.105224609375, 0.033966064453125, 0.456298828125, 1.876953125, 13.953125, 0.452392578125, 2.603515625, 6.1484375, 4.32421875, 4.1796875, 6.15234375, 6.58984375, 5.37890625, 6.8046875, 7.8125, 6.4296875, 14.234375, 6.625, 3.427734375, 8.703125, 5.390625, 1.61328125, 1.224609375, 4.08203125, 2.185546875, 7.1953125, 0.701171875, 2.771484375, 1.578125, 3.669921875, 0.036285400390625, 4.41015625, 9.0234375, 4.83984375, 3.642578125, 0.00035500526428222656, 1.318359375, 1.4072265625, 0.0001310110092163086, 0.0175018310546875, 1.4052734375, 6.973743438720703e-05, 0.04486083984375, 1.7841796875, 1.8203125, 8.484375]",-0.3098886409216184
239,0,test,3.7616285810599455,1.7027788406697146,2.329717137601431,5.758781899870122,2.606831524118068,3.5666288137506443,43.01842795834351,35.18147786169668,38.83173378063734,65.85810878158775,53.86030373672121,59.44858212808913,4.050730172114156,1.797382658145672,2.480025010645345,5.626014127936329,2.4963648029801004,3.4444791814518685,57.4393823724939,47.919832989456076,52.629343520278,79.77691996179709,66.55532359646678,73.09631044483056,3.718807849529627,1.6578554649330965,2.2813880594331297,5.693226450053088,2.5380570777584,3.4926404827404096,41.21523005306329,33.36178430253258,37.00541047968364,63.09754291628761,51.07448421573286,56.65261295085588,0.8040201005025126,0.009020100502512562,-0.005979899497487451,0.6281407035175879,0.008140703517587888,0.013140703517587893,0.5326633165829145,0.002663316582914521,0.0076633165829145256,0.43918918918918914,0.12215714871701377,0.1785150318858184,0.42711864406779665,0.4321608040201005,0.11386506467172952,0.17172674725883175,0.4747474747474747,0.43918918918918914,0.12384348935782319,0.18076222289705435,0.43728813559322033,21.0,0.0,0.0,31.0,-2.0,-1.0,41.0,0.0,0.0,0.0011248630964343976,-5.784334990758221e-05,4.563909975248799e-05,-0.00036349275698022154,0.0001152664056931485,-2.979210245257491e-05,"[2.88671875, 2.212890625, 0.2330322265625, 0.0401611328125, 3.814697265625e-05, 1.2705078125, 0.01294708251953125, 0.01422119140625, 4.5859375, 7.55078125, 5.4375, 6.92578125, 0.80078125, 1.3193359375, 8.1171875, 1.580078125, 1.1640625, 7.85546875, 2.37890625, 1.912109375, 4.515625, 1.3173828125, 4.375, 3.40234375, 4.8046875, 6.97265625, 2.771484375, 1.88671875, 3.7265625, 3.78125, 0.071533203125, 0.019256591796875, 0.5029296875, 9.5546875, 3.60546875, 3.5859375, 1.7275390625, 7.31640625, 2.189453125, 5.6328125, 1.5634765625, 1.23828125, 4.96484375, 4.78515625, 0.2822265625, 5.82421875, 3.876953125, 3.357421875, 1.7705078125, 6.44140625, 6.69921875, 4.02734375, 7.171875, 4.0546875, 2.173828125, 9.0859375, 5.28515625, 1.3037109375, 0.2364501953125, 1.1044921875, 3.833984375, 1.3681640625, 1.8916015625, 0.0009303092956542969, 5.234375, 1.4384765625, 4.25390625, 7.31640625, 6.62890625, 1.4931640625, 0.97900390625, 0.78125, 5.8046875, 6.65625, 0.390380859375, 10.84375, 1.53515625, 5.62109375, 10.1015625, 2.462890625, 7.90625, 6.35546875, 0.73291015625, 4.37109375, 4.984375, 4.33984375, 4.0703125, 1.001953125, 11.96875, 2.630859375, 6.2265625, 2.23046875, 4.2109375, 4.57421875, 15.8125, 0.857421875, 8.46875, 2.95703125, 7.08984375, 0.244384765625, 10.2890625, 1.38671875, 3.53125, 7.9453125, 4.85546875, 0.4638671875, 5.50390625, 7.078125, 15.1953125, 0.9228515625, 9.6953125, 0.50048828125, 9.671875, 11.6640625, 1.72265625, 4.015625, 0.0423583984375, 9.953125, 0.98388671875, 4.35546875, 2.01171875, 5.03125, 9.3671875, 1.1484375, 0.1334228515625, 8.921875, 9.9140625, 10.9296875, 1.7919921875, 4.0546875, 5.671875, 3.23046875, 1.6123046875, 1.857421875, 6.36328125, 1.8115234375, 14.8984375, 4.11328125, 4.109375, 1.84375, 6.08203125, 2.099609375, 1.3798828125, 0.042327880859375, 3.1640625, 0.2119140625, 8.765625, 10.921875, 1.8916015625, 5.4453125, 9.359375, 10.53125, 0.01462554931640625, 2.205078125, 4.69921875, 6.22265625, 2.6796875, 10.875, 3.640625, 1.4873046875, 0.0241546630859375, 0.058868408203125, 0.00876617431640625, 3.361701965332031e-05, 3.71484375, 3.419921875, 3.236328125, 0.00833892822265625, 5.39453125, 3.3203125, 9.703125, 1.2314453125, 3.91796875, 3.81640625, 10.59375, 8.0859375, 0.99365234375, 0.98876953125, 6.98828125, 1.69140625, 2.830078125, 7.4765625, 1.22265625, 2.462890625, 0.89208984375, 7.19921875, 0.8388671875, 2.15625, 7.375, 0.29931640625, 2.009765625, 6.796875, 0.251708984375, 0.0384521484375, 4.54296875, 0.5009765625, 5.20703125, 1.154296875, 1.9345703125, 3.8984375, 8.4765625, 2.93359375, 4.76953125, 3.876953125, 2.919921875, 0.2393798828125, 0.01131439208984375, 8.869171142578125e-05, 4.62890625, 3.44140625, 6.9921875, 1.140625, 4.5703125, 0.71630859375, 4.16015625, 2.154296875, 5.19921875, 0.7587890625, 4.328125, 0.211181640625, 3.759765625, 3.318359375, 4.859375, 0.77197265625, 5.515625, 0.6884765625, 2.61328125, 5.90234375, 6.875, 1.5419921875, 5.36328125, 0.0026149749755859375, 2.1640625, 2.328125, 0.08160400390625, 1.76171875, 3.953125, 3.611328125, 8.875, 0.345458984375, 1.072265625, 3.880859375, 0.91162109375, 1.1982421875, 5.80078125, 2.1875, 0.3896484375, 0.69921875, 7.765625, 7.17578125, 5.921875, 1.564453125, 3.765625, 0.0027313232421875, 6.2578125, 2.150390625, 10.9921875, 5.62890625, 1.2099609375, 7.28125, 1.0087890625, 0.269775390625, 1.2900390625, 4.61328125, 2.79296875, 1.498046875, 4.51953125, 2.103515625, 0.47119140625, 1.421875, 1.7587890625, 0.80517578125, 8.3515625, 0.295166015625, 2.6953125, 0.396728515625, 0.9248046875, 14.3984375, 0.0180816650390625, 3.392578125, 0.0291900634765625, 7.3909759521484375e-06, 2.92578125, 1.1865234375, 1.7197265625, 7.015625, 0.8017578125, 5.80078125, 2.107421875, 0.4580078125, 9.3515625, 0.16552734375, 5.87890625, 1.33984375, 6.5625, 3.783203125]",-0.8187561502327791
421,0,test,3.455685757351213,1.6020297225540105,2.197132969845979,6.227829276984603,2.887174445042392,3.9596682093927527,31.680006032030597,25.296892231552043,28.159682888607676,57.093637244538655,45.59000358213774,50.74931861243581,3.2956778170475407,1.475104906296523,2.0519109008314245,5.315609382334743,2.379201461768585,3.3095337110184264,26.995706019652314,20.82031063263115,23.527051000692865,43.54146132201986,33.581146181663144,37.94685645273043,3.4234002473761005,1.5661374073200394,2.1540826611318207,6.18686791694476,2.8303688084097094,3.892920471924977,30.673535511659644,24.267357493690774,27.11511209513923,55.434100322276464,43.85667016932068,49.003214629769694,0.6683417085427136,-0.006658291457286469,0.0033417085427135396,0.5125628140703518,-0.0024371859296482556,0.002562814070351749,0.42211055276381915,0.012110552763819116,-0.0028894472361808976,0.41590214067278286,0.11819221700866067,0.18294181513870356,0.4049079754601227,0.4170854271356784,0.12635861009307192,0.17835420843784866,0.3939393939393939,0.4147157190635451,0.12757047699342827,0.18445987924152063,0.3993288590604027,24.0,0.0,0.0,36.0,0.0,1.0,42.0,-2.0,0.0,2.644460836829514e-05,-6.578571741387164e-05,2.502521486004796e-05,-0.026275026864504447,-0.024027475838165557,-0.02657947232416724,"[13.3671875, 4.73046875, 5.17578125, 11.8828125, 4.3359375, 4.25, 0.06683349609375, 0.90673828125, 0.363525390625, 1.7021484375, 0.2449951171875, 0.2197265625, 0.00885772705078125, 0.0005288124084472656, 2.2649765014648438e-06, 5.960464477539062e-07, 0.00020360946655273438, 2.2649765014648438e-06, 4.887580871582031e-06, 0.49169921875, 1.2255859375, 1.2998046875, 7.0546875, 4.5234375, 0.088623046875, 0.296142578125, 0.64697265625, 7.90234375, 0.0091552734375, 8.84375, 7.26171875, 4.56640625, 4.2734375, 1.095703125, 7.1328125, 0.8828125, 9.5234375, 0.1597900390625, 8.0078125, 2.6640625, 0.77001953125, 7.87109375, 3.5703125, 1.9580078125, 6.44140625, 5.5, 5.1875, 0.126220703125, 2.5234375, 6.390625, 5.09765625, 1.111328125, 2.6796875, 4.43359375, 1.171875, 6.5703125, 6.76953125, 10.9765625, 7.15234375, 4.2265625, 7.73828125, 1.8740234375, 6.69140625, 4.5234375, 5.26171875, 1.4375, 4.4765625, 10.1484375, 0.0212860107421875, 0.01544189453125, 0.7666015625, 1.333984375, 2.421875, 7.3671875, 0.55615234375, 5.69140625, 5.11328125, 1.5869140625, 5.2265625, 2.357421875, 1.4345703125, 2.69140625, 4.69921875, 0.06744384765625, 1.404296875, 0.123779296875, 6.80859375, 0.002593994140625, 0.0038166046142578125, 2.341796875, 3.0, 6.875, 3.173828125, 0.0194244384765625, 2.7179718017578125e-05, 1.7490234375, 5.8125, 0.56103515625, 2.150390625, 5.81640625, 1.28125, 0.422119140625, 8.7421875, 2.77734375, 4.6171875, 0.5546875, 0.0909423828125, 0.0297698974609375, 8.65625, 0.62890625, 0.342529296875, 2.412109375, 1.09765625, 5.40234375, 1.0, 5.93359375, 0.0003554821014404297, 0.00261688232421875, 12.0390625, 5.26171875, 5.61328125, 1.1953125, 2.533203125, 3.861328125, 3.654296875, 0.012237548828125, 1.669921875, 5.8046875, 2.984375, 8.1171875, 0.490478515625, 0.264892578125, 10.2734375, 6.76953125, 2.30859375, 11.3046875, 1.6806640625, 1.20703125, 7.4375, 0.76904296875, 0.67529296875, 3.87109375, 6.765625, 7.1171875, 0.19873046875, 0.755859375, 4.875, 3.974609375, 2.04296875, 7.7421875, 10.078125, 1.1748046875, 0.1141357421875, 0.00518798828125, 0.01503753662109375, 1.34375, 0.00014841556549072266, 0.00033211708068847656, 5.984375, 0.9345703125, 4.62890625, 5.8359375, 9.4921875, 2.78515625, 1.8232421875, 0.02191162109375, 2.080078125, 0.728515625, 0.9169921875, 1.03125, 5.23828125, 4.66796875, 10.3125, 1.0634765625, 4.21484375, 0.955078125, 1.8681640625, 1.0126953125, 5.33984375, 1.185546875, 3.18359375, 3.244140625, 1.47265625, 0.01617431640625, 1.83203125, 12.3515625, 6.85546875, 5.41796875, 0.355712890625, 7.40625, 0.001316070556640625, 0.006206512451171875, 3.0234375, 1.5283203125, 0.0092010498046875, 0.01409912109375, 0.2237548828125, 8.6953125, 1.568359375, 3.833984375, 2.9453125, 4.1015625, 8.9375, 4.0703125, 4.32421875, 6.50390625, 13.8515625, 3.943359375, 2.478515625, 5.8359375, 5.2890625, 2.19921875, 6.55078125, 2.05078125, 7.140625, 6.1796875, 1.259765625, 6.81640625, 6.96875, 2.515625, 10.046875, 8.171875, 1.8583984375, 10.9375, 9.453125, 3.14453125, 1.322265625, 1.8046875, 0.0036525726318359375, 8.875, 2.13671875, 4.63671875, 1.1682510375976562e-05, 0.0011434555053710938, 0.4345703125, 5.1796875, 4.60546875, 1.17578125, 0.004638671875, 0.0309295654296875, 0.0850830078125, 0.78369140625, 0.060028076171875, 0.00011968612670898438, 0.0001537799835205078, 6.556510925292969e-06, 5.960464477539062e-07, 1.7881393432617188e-06, 8.809566497802734e-05, 2.1457672119140625e-05, 1.6689300537109375e-06, 0.37060546875, 0.27197265625, 1.533203125, 1.8955078125, 5.1328125, 7.6015625, 0.205078125, 8.8203125, 0.03472900390625, 0.486083984375, 0.9453125, 0.52099609375, 0.013702392578125, 4.6875, 1.7421875, 1.5693359375, 7.80078125, 15.8359375, 4.59765625, 7.86328125, 7.8828125, 5.80078125, 2.130859375, 11.484375, 0.5576171875, 8.7109375, 9.078125, 0.83349609375, 1.3955078125, 6.83984375, 1.7470703125, 0.6865234375, 0.004150390625, 0.00916290283203125, 11.9296875, 8.1953125, 0.292724609375, 7.4296875, 4.75390625, 1.82421875, 0.426025390625, 0.0291595458984375, 0.161865234375, 0.00467681884765625, 4.7734375, 0.499755859375, 12.65625, 3.435546875, 2.314453125, 1.486328125, 5.25390625, 1.134765625, 7.94921875, 0.8935546875, 0.94384765625, 11.078125, 2.86328125, 7.21484375, 0.339111328125, 10.8828125, 4.6484375, 0.05523681640625, 1.193359375, 7.0078125, 0.0472412109375, 5.64453125, 3.453125, 3.080078125, 0.06695556640625, 6.34375, 2.14453125, 6.84375, 0.37890625, 4.61328125, 4.93359375, 0.74853515625]",-1.0173100007054274
323,0,test,3.6679371869902506,1.7140461837645187,2.3307349496048584,5.400018636402314,2.5234568816533196,3.4313597869182644,39.171019973150685,32.11493047060115,35.3626463121216,57.668446071582956,47.28031430394059,52.061673737290135,3.6978941814384267,1.6815182432834268,2.3255971595375557,5.03114854617473,2.287779922834594,3.1640777680783065,40.362219294078265,32.851164272413335,36.417818621854494,54.914584073575874,44.695461595120186,49.548052546740806,3.651239951717415,1.7062552344757043,2.3203404369208114,5.24101428476184,2.4491701930273266,3.3306322061064275,38.52240236652488,31.528877392660394,34.73795634435172,55.29531440171036,45.2567618076465,49.86309523112688,0.7185929648241206,-0.006407035175879372,-0.0014070351758793676,0.6030150753768844,0.0030150753768843908,-0.006984924623115618,0.4974874371859297,0.0024874371859296973,0.0024874371859296973,0.41640378548895896,0.10144315556769912,0.17820861235149832,0.4113924050632911,0.44221105527638194,0.12892784725633177,0.20681873474215828,0.4444444444444444,0.42140468227424754,0.11255660214069163,0.18225006603398053,0.4161073825503355,30.0,18.0,18.0,41.0,17.0,16.0,50.0,16.0,16.0,-0.0001987623708147519,6.032750622440164e-05,0.00010255207691015867,0.00043595439539778624,3.3922379648387846e-05,-0.00010338779879681681,"[6.0390625, 3.611328125, 8.40625, 5.66015625, 0.7294921875, 0.09088134765625, 6.103515625e-05, 4.61328125, 0.00042438507080078125, 0.0038967132568359375, 1.875, 5.84765625, 0.35546875, 0.06573486328125, 0.063720703125, 8.96453857421875e-05, 1.6708984375, 3.08203125, 9.703125, 3.32421875, 1.4072265625, 1.0703125, 8.984375, 5.71875, 0.6884765625, 2.66015625, 6.03125, 0.783203125, 3.83984375, 8.9140625, 1.845703125, 8.5703125, 2.744140625, 0.1517333984375, 9.046875, 4.0859375, 3.470703125, 3.033203125, 7.80078125, 1.396484375, 7.578125, 0.7275390625, 0.00566864013671875, 0.4248046875, 10.984375, 7.8515625, 6.20703125, 0.463623046875, 0.61767578125, 8.296875, 0.19873046875, 0.186767578125, 7.01171875, 2.380859375, 0.4541015625, 0.9736328125, 10.6015625, 4.26953125, 2.888671875, 0.427490234375, 0.32958984375, 2.12109375, 5.26171875, 2.3125, 5.546875, 0.83251953125, 7.55078125, 8.75, 5.7734375, 0.00713348388671875, 0.490234375, 3.69921875, 6.171875, 0.387939453125, 6.61328125, 8.03125, 3.802734375, 1.1953125, 9.3203125, 7.23828125, 4.04296875, 5.01171875, 5.2421875, 5.04296875, 0.496337890625, 7.7890625, 6.453125, 0.041229248046875, 5.43359375, 7.51953125, 4.17578125, 2.283203125, 3.404296875, 3.390625, 1.0732421875, 5.609375, 8.53125, 2.521484375, 0.58642578125, 5.6953125, 8.46875, 0.234375, 0.0765380859375, 8.296875, 10.1796875, 0.03643798828125, 1.2080078125, 1.060546875, 3.11328125, 7.3515625, 7.59765625, 0.376708984375, 10.6328125, 3.73828125, 4.69140625, 8.71875, 2.904296875, 0.6015625, 8.1640625, 0.40869140625, 0.024566650390625, 0.521484375, 0.89453125, 8.8203125, 2.623046875, 2.603515625, 1.4912109375, 5.75, 7.78125, 8.28125, 2.189453125, 2.220703125, 3.60546875, 6.73046875, 0.55078125, 0.450439453125, 0.5380859375, 4.19921875, 1.6318359375, 0.1483154296875, 2.08984375, 0.791015625, 7.515625, 0.0162506103515625, 0.88427734375, 8.9296875, 5.453125, 0.24267578125, 5.75390625, 0.72021484375, 6.53515625, 1.4599609375, 2.52734375, 8.078125, 1.0810546875, 0.87939453125, 0.042205810546875, 0.2978515625, 1.220703125, 6.96484375, 5.1875, 1.0966796875, 6.6328125, 3.373046875, 2.521484375, 3.59765625, 2.767578125, 1.1396484375, 2.203125, 6.484375, 1.1865234375, 1.7890625, 7.81640625, 6.15234375, 0.5390625, 2.73046875, 8.6796875, 0.56396484375, 9.609375, 3.83203125, 5.046875, 5.359375, 3.705078125, 6.28125, 4.3984375, 0.384765625, 10.34375, 1.017578125, 6.2265625, 1.390625, 0.794921875, 1.712890625, 3.357421875, 1.8798828125, 2.275390625, 2.650390625, 5.640625, 2.951171875, 2.078125, 2.90234375, 3.142578125, 10.2109375, 9.9375, 0.204345703125, 3.1328125, 4.38671875, 6.71484375, 6.62890625, 0.09649658203125, 1.7060546875, 1.2470703125, 0.0024776458740234375, 5.1015625, 1.32421875, 3.13671875, 6.7421875, 3.416015625, 0.88427734375, 4.21484375, 3.26171875, 6.90234375, 0.493896484375, 0.47412109375, 7.00390625, 0.80126953125, 2.396484375, 0.76318359375, 3.53515625, 3.1484375, 0.01068115234375, 0.69384765625, 1.43359375, 5.6171875, 7.02734375, 0.85400390625, 1.189453125, 2.78515625, 5.6484375, 7.78515625, 4.0546875, 10.015625, 1.6259765625, 9.8359375, 9.6640625, 11.4375, 6.62890625, 4.7734375, 2.09375, 8.625, 6.13671875, 1.2802734375, 0.018157958984375, 1.9365234375, 7.328125, 1.1640625, 1.8720703125, 4.12109375, 0.0185394287109375, 0.480712890625, 0.480224609375, 3.12890625, 0.0116424560546875, 4.565715789794922e-05, 1.947265625, 8.7578125, 9.96875, 7.01953125, 0.451904296875, 3.87109375, 5.60546875, 1.8076171875, 2.294921875, 7.046875, 2.78125, 6.88671875, 3.677734375, 2.0859375, 6.58984375, 6.8046875, 7.11328125, 0.0009632110595703125, 3.03515625, 4.4453125, 0.505859375, 0.284912109375, 0.10064697265625, 10.359375, 6.7578125, 7.66015625, 1.4443359375, 0.001056671142578125, 0.07403564453125, 7.152557373046875e-07, -0.0, 0.0004813671112060547, 7.748603820800781e-06, 2.86102294921875e-05, 1.720703125, 1.4150390625, 0.45751953125, 8.1875, 3.103515625, 0.93701171875, 8.171875, 0.615234375, 7.71875, 0.01070404052734375, 2.662109375, 2.79296875, 0.67333984375, 0.149658203125, 6.95703125, 3.240234375, 2.359375, 13.921875, 5.84765625, 3.208984375]",-1.238422008718978
411,0,test,3.2319620197876953,1.4323916094063567,1.9749667087062859,5.531627303098171,2.4515933314839566,3.3802314822088353,25.329304847297248,19.28225569048863,21.814460256708557,43.35207945018183,33.002322239490155,37.33628774705888,3.317209308470913,1.397698751530466,1.9288709936009478,5.183139544485801,2.1839042992663527,3.0138609275014807,27.58326666123828,20.76564584586742,23.575082485048462,43.098854158184814,32.446321634167845,36.83606638288822,3.2319620197876953,1.4323916094063567,1.9749667087062859,5.531627303098171,2.4515933314839566,3.3802314822088353,25.329304847297248,19.28225569048863,21.814460256708557,43.35207945018183,33.002322239490155,37.33628774705888,0.7236180904522613,-0.006381909547738651,-0.011381909547738656,0.6180904522613065,0.008090452261306558,-0.0019095477386934512,0.44723618090452266,-0.012763819095477302,-0.012763819095477302,0.4172932330827067,0.08521068148795996,0.15604323308270673,0.4037735849056604,0.42713567839195976,0.09380234505862639,0.15000713081266093,0.43434343434343436,0.4172932330827067,0.08521068148795996,0.15604323308270673,0.4037735849056604,24.0,12.0,12.0,35.0,13.0,11.0,44.0,12.0,14.0,0.00013717351252662627,0.0004447479214460535,9.972457184604894e-05,-0.004831124142729237,-0.005013021011245122,-0.005508922708080455,"[2.859375, 2.21484375, 0.2666015625, 0.05609130859375, 3.802776336669922e-05, 1.1826171875, 0.01139068603515625, 0.01456451416015625, 8.5703125, 1.9716796875, 3.5, 5.76953125, 0.88916015625, 4.56640625, 1.697265625, 7.75, 9.234375, 1.2509765625, 0.0102386474609375, 0.8486328125, 8.75, 0.0712890625, 1.615234375, 7.4140625, 2.234375, 3.92578125, 5.64453125, 0.82861328125, 3.138671875, 0.07330322265625, 8.09375, 2.12890625, 7.70703125, 3.95703125, 8.6640625, 7.01171875, 2.349609375, 3.19921875, 1.9658203125, 6.46484375, 6.734375, 1.9638671875, 2.01171875, 6.12109375, 1.7421875, 4.58984375, 6.96484375, 0.5439453125, 4.2734375, 0.08929443359375, 10.0390625, 0.97216796875, 0.089599609375, 0.95654296875, 6.59375, 3.736328125, 5.12890625, 4.3828125, 2.576171875, 2.693359375, 4.5546875, 0.6923828125, 7.625, 3.896484375, 6.953125, 7.08984375, 5.984375, 6.15625, 10.9765625, 0.7548828125, 0.1356201171875, 5.83203125, 6.4375, 3.423828125, 1.1337890625, 3.451171875, 0.91259765625, 0.0210418701171875, 0.587890625, 5.71484375, 4.7734375, 0.0016832351684570312, 6.23828125, 3.20703125, 0.2071533203125, 0.43701171875, 4.55859375, 0.50146484375, 2.763671875, 3.064453125, 2.09765625, 0.21923828125, 2.6875, 4.296875, 5.63671875, 0.2203369140625, 7.42578125, 12.2421875, 9.578125, 1.3828125, 1.8369140625, 0.337890625, 0.004367828369140625, 1.806640625, 6.6484375, 5.953125, 1.236328125, 4.5234375, 6.2578125, 1.9267578125, 2.9609375, 4.23046875, 2.697265625, 3.75, 0.042938232421875, 4.31640625, 2.37890625, 4.34765625, 0.434326171875, 5.5234375, 3.283203125, 2.3671875, 3.88671875, 2.078125, 1.98046875, 2.5546875, 0.88037109375, 3.46484375, 0.8095703125, 0.014678955078125, 3.52734375, 9.6953125, 0.052276611328125, 5.57421875, 4.453125, 3.833984375, 2.40234375, 1.404296875, 3.185546875, 2.20703125, 0.0009527206420898438, 11.2109375, 11.3515625, 1.998046875, 2.025390625, 2.44921875, 2.193359375, 0.460693359375, 3.8671875, 1.4716796875, 0.77392578125, 4.0078125, 2.923828125, 2.333984375, 4.11328125, 0.587890625, 7.5078125, 4.81640625, 2.654296875, 3.306640625, 0.0567626953125, 9.9296875, 0.007724761962890625, 4.63671875, 5.9375, 0.9189453125, 2.9087066650390625e-05, 5.7220458984375e-05, 2.658367156982422e-05, 8.809566497802734e-05, 3.5762786865234375e-07, 2.384185791015625e-07, 6.21875, 1.4931640625, 0.03570556640625, 0.1717529296875, 11.734375, 2.765625, 6.234375, 2.513671875, 3.490234375, 7.5703125, 4.140625, 1.171875, 1.34375, 3.36328125, 2.3515625, 6.45703125, 1.9892578125, 0.75439453125, 0.1552734375, 2.822265625, 4.109375, 6.46875, 7.2109375, 0.44775390625, 1.6142578125, 3.9453125, 2.140625, 3.21484375, 4.96484375, 6.68359375, 0.00046253204345703125, 6.85546875, 3.10546875, 3.138671875, 7.13671875, 0.291748046875, 2.21875, 1.7666015625, 1.357421875, 3.0078125, 4.62890625, 0.6767578125, 1.490234375, 1.9130859375, 9.0390625, 1.6025390625, 3.16015625, 3.91796875, 8.0078125, 0.0904541015625, 2.947265625, 5.875, 3.9375, 2.47265625, 5.87890625, 3.37109375, 2.400390625, 5.13671875, 3.5703125, 9.765625, 0.064208984375, 4.78515625, 0.81298828125, 4.51171875, 5.09765625, 2.748046875, 0.441650390625, 2.69140625, 0.76220703125, 2.392578125, 0.0771484375, 5.078125, 0.452392578125, 6.33203125, 0.57373046875, 0.019622802734375, 3.7734375, 2.83984375, 0.00131988525390625, 10.03125, 0.149169921875, 0.012176513671875, 0.69775390625, 2.138671875, 0.004215240478515625, 0.00014579296112060547, 6.67572021484375e-06, 9.715557098388672e-05, 8.344650268554688e-07, 1.6689300537109375e-06, 5.89453125, 6.37890625, 0.08544921875, 0.12408447265625]",-0.7691032344237305
351,0,test,2.8232549834372427,1.178553561345419,1.51216314532585,5.995622142245757,2.5028422404916157,3.211314206471563,16.831548014385508,11.652084811619918,13.121325550580442,35.74441648216277,24.745018820375634,27.86518060472728,2.745750893300502,1.1199187766070198,1.5891290876859607,4.903126595179468,1.999854958226821,2.83773051372493,15.576305685591446,10.49365905247139,12.397130442564071,27.814831581413294,18.738676879413195,22.137732933150126,2.7675632098845413,1.219969672011004,1.6616143825939798,5.535126419769083,2.439939344022008,3.3232287651879595,15.919793510474548,11.219647671171561,12.897702959602226,31.839587020949097,22.439295342343122,25.795405919204452,0.542713567839196,0.007713567839196078,0.0027135678391959628,0.42713567839195976,0.007135678391959721,0.0021356783919597166,0.36180904522613067,0.016809045226130692,0.006809045226130683,0.40609137055837563,0.10697856954443397,0.15389195706863956,0.41730279898218825,0.37688442211055273,0.10620773038122944,0.14983934698534407,0.40909090909090906,0.3913043478260869,0.11417580024678808,0.16549789621318367,0.3959731543624161,24.0,5.0,5.0,34.0,5.0,5.0,42.0,7.0,7.0,-0.0006509000546552754,-0.00024033541833229613,-0.0002809157505588666,-0.08324584717484207,-0.07623672736298559,-0.0804715867503143,"[2.892578125, 2.212890625, 0.25, 0.0423583984375, 3.719329833984375e-05, 0.7880859375, 0.01218414306640625, 0.01407623291015625, 1.5830078125, 11.0625, 6.2734375, 7.703125, 1.8232421875, 0.9619140625, 5.3203125, 6.296875, 5.7421875, 4.0546875, 4.08203125, 3.37109375, 10.03125, 8.2578125, 0.3017578125, 9.84375, 0.17236328125, 1.3720703125, 5.48046875, 4.921875, 0.15771484375, 0.35400390625, 0.68212890625, 5.921875, 1.892578125, 1.720703125, 1.701171875, 0.6357421875, 0.0009579658508300781, 6.51953125, 4.46875, 3.490234375, 8.869171142578125e-05, 7.13671875, 7.76171875, 0.150634765625, 0.83837890625, 0.0555419921875, -0.0, 1.0371208190917969e-05, 0.007305145263671875, 3.707408905029297e-05, 3.3974647521972656e-05, 2.384185791015625e-07, 3.349609375, 0.03851318359375, 0.4287109375, 0.7822265625, 0.0653076171875, -0.0, 1.0967254638671875e-05, 0.0005064010620117188, 2.193450927734375e-05, 3.6954879760742188e-06, 1.3113021850585938e-06, 2.974609375, 0.0172119140625, 0.2327880859375, 0.36083984375, 0.1163330078125, -0.0, 2.5153160095214844e-05, 0.0004954338073730469, 1.7642974853515625e-05, 4.76837158203125e-06, 4.971027374267578e-05, 1.1650390625, 0.031585693359375, 0.1978759765625, 0.360595703125, 0.2022705078125, -0.0, 1.5616416931152344e-05, 0.00016200542449951172, 7.033348083496094e-06, 1.1920928955078125e-06, 1.990795135498047e-05, 0.311279296875, 0.01617431640625, 0.10797119140625, 2.1875, 1.7841796875, 6.87890625, 0.06378173828125, 1.8642578125, 6.328125, 0.045166015625, 0.2369384765625, 0.0031375885009765625, 4.47265625, 5.48828125, 1.84375, 0.0254364013671875, 0.97705078125, 6.67578125, 3.14453125, 1.0576171875, 10.2109375, 3.568359375, 10.71875, 9.046875, 8.4296875, 1.404296875, 10.1796875, 1.7314453125, 0.101318359375, 1.3681640625, 0.6298828125, 6.0, 2.951171875, 1.3583984375, 9.5859375, 4.94140625, 6.31640625, 1.275390625, 7.11328125, 0.9267578125, 1.1611328125, 9.2890625, 1.1025390625, 7.5546875, 3.076171875, 7.53125, 4.95703125, 2.5234375, 2.8046875, 12.015625, 1.6318359375, 7.86328125, 6.38671875, 0.90673828125, 0.0001068115234375, 5.0067901611328125e-05, 6.556510925292969e-06, 2.09808349609375e-05, 2.384185791015625e-07, 7.152557373046875e-07, 0.7314453125, 0.00513458251953125, 2.658203125, 0.37646484375, 3.568359375, 3.755859375, 8.671875, 1.4951171875, 2.8359375, 2.390625, 0.9150390625, 3.625, 3.228515625, 0.006519317626953125, 7.80078125, 8.8671875, 3.7734375, 8.25, 7.015625, 0.96630859375, 1.6005859375, 2.310546875, 0.61279296875, 2.197265625, 5.1171875, 0.546875, 1.6064453125, 9.5703125, 0.318603515625, 0.4599609375, 5.94921875, 8.3671875, 2.6640625, 0.1962890625, 2.884765625, 0.94775390625, 4.60546875, 0.392333984375, 0.55419921875, 10.1171875, 6.859375, 3.05078125, 7.5234375, 0.357666015625, 0.8056640625, 5.9296875, 0.491455078125, 2.685546875, 0.00501251220703125, 1.4072265625, 10.8359375, 0.16943359375, 3.62109375, 0.79833984375, 4.828125, 11.9453125, 1.5244140625, 8.4375, 2.05078125, 7.359375, 0.78759765625, 6.90625, 9.421875, 2.71484375, 3.197265625, 5.4296875, 1.916015625, 0.64990234375, 7.510185241699219e-06, 0.0009627342224121094, 7.367134094238281e-05, 5.745887756347656e-05, 5.960464477539062e-07, 7.152557373046875e-07, 0.7138671875, 0.004253387451171875, 1.9873046875, 0.438232421875, 9.5703125, 2.33203125, 3.4375, 0.289306640625, 8.59375, 3.2421875, 4.5625, 8.375, 3.78515625, 4.8671875, 6.85546875, 0.94140625, 1.7275390625, 6.015625, 0.0287017822265625, 7.3828125, 2.33984375, 3.01953125, 0.5009765625, 1.7421875, 2.73046875, 0.0272979736328125, 3.685546875, 4.02734375, 4.1171875, 0.019561767578125, 10.1796875, 8.5625, 2.265625, 7.11328125, 1.4296875, 0.748046875, 0.422119140625, 6.04296875, 5.9296875, 1.9765625, 2.009765625, 6.6015625, 0.03436279296875, 5.55078125, 4.8203125, 3.048828125, 3.28125, 0.72314453125, 6.5625, 6.7265625, 4.7265625, 1.9482421875, 4.20703125, 3.103515625, 0.09503173828125, 2.208984375, 3.9765625, 0.06744384765625, 6.13671875, 0.029083251953125, 3.30859375, 7.152557373046875e-06, 5.2928924560546875e-05, 5.602836608886719e-06, 8.821487426757812e-06, 1.1920928955078125e-07, 1.1920928955078125e-07, 0.0828857421875, 0.00223541259765625, 2.884765625, 0.93896484375, 0.397216796875, -0.0, 3.4928321838378906e-05, 8.940696716308594e-06, 3.5762786865234375e-06, 1.1920928955078125e-07, 1.811981201171875e-05, 0.0197601318359375, 0.0007252693176269531, 2.31640625, 0.433349609375, 8.140625, 1.373046875, 3.529296875, 3.126953125, 6.1171875, 0.68603515625, 7.36328125, 6.6015625, 4.203125, 5.06640625, 4.203125, 0.3994140625, 5.98046875, 6.01953125, 4.73828125, 4.55078125, 0.447265625, 1.0439453125, 2.14453125, 4.68359375, 8.2578125, 4.96484375, 4.55078125, 1.3232421875, 0.19970703125, 0.09197998046875, 2.39453125, 1.6181640625, 3.513671875, 6.13671875, 7.140625, 0.150634765625, 0.7783203125, 4.43359375, 1.853515625, 0.06756591796875, 0.673828125, 0.1663818359375, 2.25390625, 0.338623046875, 4.65234375, 2.173828125, 3.271484375, 0.349609375, 0.057373046875, 0.0682373046875, 2.208984375, 2.1640625, 1.2685546875, 4.1328125, 0.0180511474609375, 0.052581787109375, 1.0849609375, 2.029296875, 3.771484375, 2.26953125, 1.3291015625, 4.1171875, 3.14453125, 2.216796875, 5.40625, 0.1844482421875, 3.212890625, 4.2109375, 9.578125, 0.0184783935546875, 5.15625, 3.740234375, 7.03515625, 0.2403564453125, 5.49609375, 0.64453125, 2.576171875, 2.953125, 0.072265625, 4.1484375, 1.2802734375, 5.921875, 5.8671875, 6.56640625, 8.28125, 0.97216796875, 3.177734375, 4.15625, 0.91162109375, 0.091064453125, 0.92578125, 6.96484375, 2.365234375, 1.1318359375, 0.79931640625, 3.84375, 1.919921875]",-0.6985662770150278
483,0,test,3.383445019128001,1.5019124610343781,2.0780070925348832,5.057727090449074,2.245126874742112,3.106299262036681,29.47212847035205,22.90857228108875,25.78282408586217,44.05627451753657,34.2447729975038,38.54133497371149,3.8778859850150256,1.699049725388221,2.3726697148771176,5.500547496475214,2.4099996104797463,3.3654889572725075,48.321953684185495,39.48593624129518,43.816825834626755,68.54177827544042,56.0084202004187,62.15152600656278,3.383445019128001,1.5019124610343781,2.0780070925348832,5.057727090449074,2.245126874742112,3.106299262036681,29.47212847035205,22.90857228108875,25.78282408586217,44.05627451753657,34.2447729975038,38.54133497371149,0.7487437185929648,-0.0012562814070351536,-0.0012562814070351536,0.6281407035175879,0.008140703517587888,0.008140703517587888,0.5226130653266332,0.0026130653266331905,0.007613065326633195,0.40138408304498274,0.08186767544567364,0.15167177004153054,0.3402777777777778,0.44221105527638194,0.10887772194304857,0.1767686512697041,0.4040404040404041,0.40138408304498274,0.08186767544567364,0.15167177004153054,0.3402777777777778,26.0,1.0,0.0,36.0,1.0,-1.0,44.0,1.0,0.0,0.0013380684034332013,0.0007043808423419982,0.00013058787774616667,-0.0003149833039568506,0.00014238108104080993,-5.260203672641239e-06,"[8.1875, 6.30078125, 3.046875, 4.984375, 1.4287109375, 12.1484375, 11.890625, 1.7548828125, 10.265625, 2.541015625, 5.76171875, 4.5078125, 14.53125, 0.8828125, 0.4560546875, 9.1640625, 6.0390625, 1.1923828125, 14.7421875, 0.87646484375, 0.69921875, 0.1376953125, 0.00022041797637939453, 2.095703125, 6.984375, 6.640625, 6.32421875, 2.310546875, 3.720703125, 9.3828125, 1.693359375, 0.0953369140625, 9.234375, 1.158203125, 2.548828125, 0.3974609375, 0.016326904296875, 0.0002079010009765625, 6.937980651855469e-05, 0.0013837814331054688, 0.00017964839935302734, 8.3984375, 0.0036792755126953125, 1.451171875, 0.0029697418212890625, 0.00011563301086425781, 7.375, 10.453125, 4.14453125, 0.0203399658203125, 0.128173828125, 2.71484375, 5.78515625, 7.39453125, 0.06488037109375, 8.9375, 1.9228515625, 2.609375, 2.23828125, 8.171875, 1.0439453125, 7.66796875, 3.728515625, 9.09375, 1.6826171875, 0.57373046875, 5.1640625, 1.4609375, 3.44140625, 8.9375, 2.4765625, 11.515625, 0.65869140625, 4.859375, 0.361083984375, 9.1875, 0.01190185546875, 0.001064300537109375, 11.15625, 6.38671875, 4.30859375, 2.8515625, 7.51171875, 10.3125, 1.080078125, 5.35546875, 1.2255859375, 2.513671875, 3.515625, 3.0703125, 3.59765625, 5.90625, 5.50390625, 4.25390625, 2.568359375, 6.07421875, 7.609375, 0.253173828125, 1.1884765625, 0.351318359375, 10.1484375, 3.466796875, 4.67578125, 1.8544921875, 1.4423828125, 0.1485595703125, 8.3984375, 2.875, 0.65234375, 4.08203125, 7.21875, 7.32421875, 0.5185546875, 1.33984375, 5.2421875, 0.31787109375, 4.16015625, 5.91015625, 6.3046875, 1.599609375, 0.65283203125, 1.6513671875, 10.234375, 3.123046875, 5.4921875, 6.51171875, 7.28125, 7.640625, 3.255859375, 5.69140625, 3.70703125, 1.46484375, 7.53125, 0.82373046875, 2.0234375, 4.46875, 5.53125, 3.193359375, 3.072265625, 7.98046875, 5.4296875, 0.258544921875, 4.5390625, 5.87109375, 0.23388671875, 4.32421875, 5.18359375, 1.236328125, 1.916015625, 3.36328125, 3.048828125, 0.026885986328125, 3.8046875, 5.3984375, 1.8564453125, 0.002079010009765625, 7.65625, 0.005706787109375, 7.91015625, 0.006084442138671875, 9.2734375, 5.44140625, 0.1737060546875, 2.994140625, 0.004955291748046875, 2.25390625, 0.01232147216796875, 1.15625, 2.126953125, 2.5703125, 1.5380859375, 6.08984375, 5.640625, 5.6484375, 3.802734375, 8.1015625, 7.41796875, 3.3515625, 5.12890625, 1.7822265625, 0.0022125244140625, 5.26953125, 1.6982421875, 0.1708984375, 0.2119140625, 2.103515625, 0.8173828125, 5.9375, 6.2265625, 0.277587890625, 6.921875, 5.84765625, 0.7587890625, 0.0187835693359375, 0.5205078125, 3.396484375, 2.2109375, 3.26171875, 7.02734375, 1.0615234375, 6.04296875, 10.3828125, 4.4453125, 1.798828125, 0.12152099609375, 1.65625, 0.19091796875, 4.62890625, 1.0849609375, 0.033966064453125, 0.032318115234375, 1.1396484375, 0.09014892578125, 0.009765625, 0.5537109375, 2.74609375, 0.020355224609375, 0.0105133056640625, 0.0105743408203125, 0.318603515625, 0.06158447265625, 2.392578125, 2.951171875, 3.236328125, 3.20703125, 1.072265625, 3.134765625, 0.0753173828125, 0.2861328125, 0.0066070556640625, 2.9375, 3.666015625, 2.03515625, 3.810546875, 0.137451171875, 2.314453125, 4.3203125, 0.07470703125, 0.250244140625, 8.09375, 7.3515625, 4.5625, 0.0621337890625, 0.42578125, 5.171875, 0.48974609375, 9.375, 0.75830078125, 2.501953125, 6.83203125, 2.416015625, 3.09375, 3.177734375, 1.5791015625, 6.47265625, 2.99609375, 0.896484375, 1.2587890625, 5.96484375, 0.227294921875, 2.939453125, 0.3466796875, 0.92431640625, 0.00627899169921875, 4.35546875, 7.58203125, 0.77392578125, 0.315673828125, 0.978515625, 0.00453948974609375, 0.0170745849609375, 0.0005526542663574219, 0.00015652179718017578, 3.966796875, 5.316734313964844e-05, 4.553794860839844e-05, 2.798828125, 2.201171875, 0.0233612060546875, 0.127685546875, 0.51513671875, 2.78515625, 0.6806640625, 1.4189453125, 6.28125, 3.037109375, 8.21875, 0.00720977783203125, 8.7578125]",-1.011213069556081
436,0,test,3.0704422704466094,1.2748887938879816,1.6811322303642093,6.025330261897916,2.50179790198448,3.298996043456647,21.551432129061926,15.528624846938968,17.539351206275185,42.29178885541722,30.472839081358728,34.418619302636785,3.4169704171281365,1.3376983641313984,1.8807555812734136,5.994684942330065,2.3468392353182432,3.2995711952165157,30.476942592071882,22.4782983866375,25.82997518716857,53.46832033696822,39.4356112046272,45.31574594240101,3.3168939790598126,1.4051701346637595,1.9656051215308377,6.5037136844310055,2.7552355581642347,3.8541276892761527,27.57457021720012,20.80983010474662,23.712169809300146,54.06778473960807,40.80358844067965,46.49445060647087,0.6432160804020101,0.0032160804020100464,-0.001783919597989958,0.5778894472361809,-0.007110552763819111,0.0028894472361808976,0.457286432160804,-0.0027135678391959628,-0.0027135678391959628,0.4010989010989011,0.0910851836777763,0.14010183365022078,0.38292011019283745,0.42211055276381915,0.08376468810216497,0.1466514542663233,0.4242424242424242,0.39799331103678925,0.08079798549421835,0.139928794907757,0.3926174496644296,21.0,5.0,4.0,31.0,4.0,3.0,39.0,3.0,1.0,0.0006590233026140758,0.00033489999039186877,9.510285548932254e-05,-0.016098176612779902,-0.023337867889543062,-0.01903515678097012,"[2.88671875, 2.212890625, 0.2330322265625, 0.0401611328125, 3.814697265625e-05, 1.2705078125, 0.01294708251953125, 0.01422119140625, 1.583984375, 5.0625, 0.0927734375, 7.70703125, 11.15625, 4.82421875, 9.3828125, 0.134033203125, 6.8203125, 0.155517578125, 3.671875, 9.9921875, 6.07421875, 0.765625, 7.16796875, 2.3359375, 4.90234375, 1.87109375, 6.6484375, 8.2734375, 2.701171875, 6.68359375, 0.6142578125, 2.779296875, 0.66748046875, 0.00743865966796875, 7.56640625, 6.75390625, 0.00015974044799804688, 3.4453125, 4.89453125, 1.341796875, 0.1700439453125, 0.477783203125, 8.0859375, 3.515625, 1.4580078125, 4.859375, 2.837890625, 5.5390625, 5.25390625, 10.5625, 0.059967041015625, 4.4921875, 4.05078125, 2.169921875, 1.931640625, 0.058135986328125, 1.9658203125, 8.5234375, 1.80859375, 6.37109375, 4.21875, 3.66015625, 4.78125, 7.21484375, 4.734375, 2.53515625, 0.796875, 3.119140625, 9.8046875, 4.60546875, 3.291015625, 2.296875, 0.00021088123321533203, 0.00702667236328125, 7.2479248046875e-05, 7.617473602294922e-05, 2.1457672119140625e-06, 3.576171875, 5.28515625, 2.37890625, 0.1015625, 2.462890625, 0.0001424551010131836, 3.9696693420410156e-05, 0.00043511390686035156, 0.00012373924255371094, 2.7060508728027344e-05, 5.0, 5.9296875, 0.65771484375, 0.44384765625, 4.34765625, 6.6015625, 4.48046875, 0.8896484375, 1.990234375, 6.73046875, 4.29296875, 4.6953125, 12.5625, 0.51513671875, 3.1171875, 1.8779296875, 7.73046875, 2.24609375, 0.0001742839813232422, 0.00013887882232666016, 1.0967254638671875e-05, 6.4373016357421875e-06, 1.1920928955078125e-07, 6.62890625, 15.5625, 5.23828125, 7.06640625, 0.62841796875, 1.2529296875, 4.23046875, 2.25390625, 7.609375, 1.8359375, 2.216796875, 9.3125, 4.59375, 3.720703125, 9.0859375, 9.9375, 1.001953125, 4.45703125, 11.0546875, 8.046875, 1.4130859375, 2.181529998779297e-05, 6.330013275146484e-05, 1.1086463928222656e-05, 1.5497207641601562e-06, -0.0, 3.0703125, 6.109375, 6.22265625, 0.07940673828125, 0.4619140625, 5.01953125, 2.482421875, 2.451171875, 0.00801849365234375, 0.315673828125, 6.8828125, 3.693359375, 3.669921875, 2.58984375, 3.158203125, 2.53125, 2.923828125, 0.460693359375, 0.78125, 5.76953125, 3.064453125, 0.06488037109375, 4.125, 6.9140625, 8.859375, 0.384521484375, 9.640625, 1.6748046875, 2.791015625, 5.796875, 0.01451873779296875, 3.99609375, 2.810546875, 2.6106834411621094e-05, 5.710124969482422e-05, 5.125999450683594e-06, 1.5497207641601562e-06, 1.1920928955078125e-07, 10.328125, 5.12890625, 0.1199951171875, 2.935546875, 0.7529296875, 11.828125, 0.1947021484375, 9.8828125, 2.224609375, 0.03265380859375, 10.5625, 2.845703125, 9.655952453613281e-06, 0.0005216598510742188, 5.125999450683594e-06, 1.0728836059570312e-06, -0.0, 6.99609375, 0.30126953125, 2.04296875, 1.083984375, 9.1328125, 8.4453125, 11.4921875, 0.82666015625, 0.31884765625, 9.655952453613281e-06, 2.491474151611328e-05, 6.67572021484375e-06, 1.5497207641601562e-06, 2.384185791015625e-07, 2.9921875, 3.046875, 0.0007781982421875, 0.336181640625, 0.9404296875, 5.3359375, 2.708984375, 16.46875, 3.859375, 3.482421875, 12.546875, 2.306640625, 4.49609375, 0.5400390625, 3.814697265625e-06, 5.2094459533691406e-05, 4.649162292480469e-06, 1.0728836059570312e-06, -0.0, 2.6328125, 0.59228515625, 0.0005116462707519531, 0.334716796875, 0.410888671875, 2.470703125, 7.90234375, 0.501953125, 0.2061767578125, 7.09765625, 2.919921875, 4.6484375, 6.70703125, 6.8671875, 1.533203125, 7.7421875, 0.86474609375, 4.59375, 4.984375, 9.6328125, 0.39599609375, 8.5546875, 2.037109375, 7.3828125, 3.0625, 3.50390625, 3.498046875, 7.94140625, 1.25, 12.9375, 3.5234375, 1.36328125, 0.282958984375, 5.76953125, 3.578125, 1.2138671875, 1.1682510375976562e-05, 2.2649765014648438e-05, 7.62939453125e-06, 1.5497207641601562e-06, -0.0, 4.92578125, 0.66015625, 0.2130126953125, 0.38427734375, 4.57421875, 12.109375, 5.5703125, 5.7421875, 0.6494140625, 3.265625, 1.259765625, 3.169921875, 9.375, 0.90869140625, 1.0224609375, 2.30078125, 2.9375, 0.0175018310546875, 2.375, 5.14453125, 6.2578125, 2.283203125, 4.27734375, 0.0199432373046875, 1.4169921875, 1.7763671875, 4.32421875, 0.008544921875, 5.30859375, 0.0261688232421875, 2.69921875, 8.6484375, 10.3671875, 1.7587890625, 0.55322265625, 1.216796875, 1.1337890625, 0.0005388259887695312, 8.5390625, 4.1484375, 3.111328125, 3.37109375, 2.1328125, 5.19140625, 4.1328125, 1.8486328125, 5.87109375, 0.0457763671875, 4.0859375, 8.265625, 3.765625, 6.4140625, 6.140625, 1.12109375, 0.177490234375, 0.270751953125, 0.39306640625, 8.45193862915039e-05, 0.00681304931640625, 0.0024356842041015625, 2.9802322387695312e-06, 7.152557373046875e-07, 1.9073486328125e-06, 0.0009822845458984375, 4.410743713378906e-06, 3.504753112792969e-05, -0.0, 0.00021898746490478516, 9.179115295410156e-06, 4.76837158203125e-07, 3.69140625, 2.462890625, 5.8671875, 0.55810546875, 0.0787353515625, 0.12249755859375, 0.00046443939208984375, 4.684925079345703e-05, 5.364418029785156e-05, 3.4570693969726562e-06, 1.1920928955078125e-06, 0.00014472007751464844, 0.2474365234375, 7.82012939453125e-05, 8.344650268554688e-07, 1.1920928955078125e-07, 0.0023555755615234375, 0.00037980079650878906, 2.777576446533203e-05, 1.1920928955078125e-07, 5.364418029785156e-06, 1.5693359375, 4.43359375, 8.3046875, 4.25390625, 4.79296875, 2.8125, 10.1953125, 3.162109375]",-0.8540715463868866
384,0,test,3.6624444447244917,1.6303713333196157,2.212101594938977,6.18037500047258,2.7512516249768515,3.7329214414595233,38.956453474847855,31.326565893611736,34.69187710119727,65.73901523880576,52.86357994546981,58.5425426082704,3.3856680884433152,1.3783408386701512,1.972209563801428,5.2901063881926795,2.153657560422111,3.081577443439731,29.53771993498472,22.094323537078562,25.42757404328575,46.152687398413626,34.522380526685254,39.73058444263399,3.4311348323439277,1.5151390924086912,2.109169906743424,5.848525282404422,2.5826234529693597,3.5951759774035636,30.91170245222086,24.118002263488147,27.160918299177965,52.69040190719465,41.1102311309457,46.29701982814426,0.7185929648241206,-0.006407035175879372,0.003592964824120526,0.5577889447236181,-0.022211055276382008,-0.017211055276381892,0.4723618090452262,-0.007638190954773805,-0.007638190954773805,0.42000000000000004,0.09332382310984311,0.16095796676441843,0.4383954154727794,0.44723618090452266,0.1339529728844725,0.19181047138866292,0.41414141414141414,0.4381270903010034,0.12260121384023548,0.18562430943337271,0.43288590604026844,20.0,9.0,9.0,32.0,12.0,12.0,43.0,15.0,15.0,0.0006499796618271507,-0.0006364251044626762,-1.7074851366787208e-06,0.0003056398190430798,-9.39039469933789e-05,0.00014316252583412847,"[1.7802734375, 4.3125, 0.004810333251953125, 0.0252227783203125, 6.87109375, 3.658203125, 3.80859375, 4.140625, 3.291015625, 5.515625, 5.46484375, 2.677734375, 5.37890625, 1.5361328125, 6.6953125, 7.80078125, 3.5703125, 1.53515625, 1.6337890625, 0.11895751953125, 0.8876953125, 8.703125, 4.7421875, 0.80322265625, 7.0703125, 2.8515625, 0.53076171875, 12.546875, 3.53125, 10.4609375, 3.970703125, 3.390625, 2.39453125, 3.919921875, 2.5859375, 7.99609375, 0.09564208984375, 1.6298828125, 5.14453125, 0.094970703125, 5.30078125, 0.2705078125, 4.23828125, 0.81982421875, 1.744140625, 10.21875, 3.126953125, 7.73046875, 1.3193359375, 2.1796875, 3.939453125, 2.505859375, 7.1328125, 0.89892578125, 1.5986328125, 4.01171875, 1.669921875, 6.36328125, 6.609375, 11.359375, 5.14453125, 8.1015625, 2.466796875, 7.27734375, 0.01439666748046875, 2.208984375, 1.6123046875, 6.12890625, 2.990234375, 0.006511688232421875, 0.9833984375, 10.2890625, 4.56640625, 3.220703125, 0.8564453125, 1.482421875, 2.83984375, 3.583984375, 0.07952880859375, 4.34375, 1.6328125, 6.125, 2.99609375, 0.11962890625, 1.3837890625, 1.2041015625, 8.3359375, 5.2421875, 3.439453125, 6.7734375, 0.62939453125, 0.00604248046875, 0.031402587890625, 0.3759765625, 6.234375, 0.29052734375, 1.4462890625, 10.90625, 8.46875, 11.3671875, 0.475830078125, 4.0234375, 0.02398681640625, 0.00746917724609375, 0.016510009765625, 0.3310546875, 7.1015625, 0.006862640380859375, 4.78515625, 0.10693359375, 6.87890625, 1.0458984375, 3.212890625, 7.58203125, 4.43359375, 0.68310546875, 0.66748046875, 6.359375, 0.837890625, 6.10546875, 0.00682830810546875, 0.0036907196044921875, 0.015350341796875, 0.14892578125, 8.40625, 0.54541015625, 9.96875, 5.55078125, 5.22265625, 1.2529296875, 1.7119140625, 0.002552032470703125, 5.66796875, 4.6953125, 1.294921875, 2.1953125, 4.26171875, 2.8125, 3.623046875, 6.46484375, 0.0345458984375, 1.10546875, 2.478515625, 7.60546875, 4.4296875, 0.0230865478515625, 2.5078125, 5.0703125, 6.2109375, 0.0802001953125, 2.248046875, 5.15234375, 9.390625, 7.02734375, 0.0841064453125, 1.548828125, 1.76953125, 3.9140625, 1.65234375, 0.0307464599609375, 0.97802734375, 1.4267578125, 10.1875, 1.3466796875, 3.3046875, 3.08984375, 3.619140625, 0.066162109375, 0.068115234375, 0.65087890625, 9.203125, 1.248046875, 2.49609375, 3.310546875, 5.0, 4.8359375, 0.3525390625, 3.31640625, 0.01285552978515625, 2.24609375, 0.187744140625, 5.046875, 1.646484375, 0.33056640625, 5.58984375, 4.1875, 3.97265625, 6.19921875, 0.96533203125, 0.0643310546875, 0.77587890625, 1.357421875, 11.625, 2.34375, 0.740234375, 5.73828125, 0.10394287109375, 5.83984375, 0.86376953125, 0.0223236083984375, 1.107421875, 3.541015625, 2.994140625, 12.5, 2.44140625, 0.406494140625, 4.828125, 7.2734375, 4.23046875, 3.21484375, 0.043975830078125, 0.88916015625, 3.25, 4.578125, 2.927734375, 1.44140625, 3.421875, 9.1796875, 6.77734375, 2.015625, 4.59375, 0.2069091796875, 6.30078125, 0.02325439453125, 0.00434112548828125, 0.0097808837890625, 0.142333984375, 2.49609375, 3.8671875, 0.00832366943359375, 0.004291534423828125, 0.022216796875, 0.052459716796875, 2.78125, 2.693359375, 0.321533203125, 0.3759765625, 0.00518798828125, 0.003261566162109375, 7.5703125, 3.880859375, 1.2177734375, 0.312744140625, 5.45703125, 1.9658203125, 0.61572265625, 5.98046875, 5.52734375, 1.6064453125, 11.9375, 7.5703125, 2.666015625, 9.7265625, 2.890625, 1.822265625, 0.00983428955078125, 2.974609375, 0.350341796875, 0.0003972053527832031, 0.0002601146697998047, 0.00014674663543701172, 5.796875, 6.59375, 6.0859375, 0.364501953125, 9.71875, 2.001953125, 3.91796875, 3.388671875, 9.1796875, 4.9765625, 3.36328125, 8.1796875, 0.0132293701171875, 4.6796875, 3.201171875, 5.7890625, 6.43359375, 2.705078125, 6.11328125, 2.51953125, 7.265625, 0.1990966796875, 14.8671875, 9.8515625, 0.47412109375, 0.18701171875, 0.0023288726806640625, 4.04296875, 10.921875, 3.29296875, 4.06640625, 5.7265625, 0.9248046875, 2.01171875, 10.9765625, 3.25, 1.28125, 6.30078125, 4.8515625, 2.236328125, 6.79296875, 4.53515625, 1.1640625, 4.09375, 0.8193359375, 8.9609375, 1.591796875, 4.20703125, 3.314453125, 4.4921875, 5.01171875, 2.787109375, 3.3984375, 13.0078125, 2.77734375, 3.376953125, 6.7265625, 7.0703125, 6.94921875, 8.6953125, 9.4296875, 4.7890625, 0.490234375, 8.4765625, 7.65625, 8.4140625, 4.91015625, 8.1015625, 1.9013671875, 2.80859375, 3.365234375, 0.337158203125, 2.90234375, 3.576171875, 4.375, 1.6162109375, 6.05859375, 0.0596923828125, 4.796875, 0.0125885009765625, 0.76708984375, 0.1695556640625, 13.4140625, 5.96875, 9.6328125, 5.796875, 13.140625, 6.6875, 2.94140625]",-1.0525194682393755
474,0,test,4.239324907713298,1.916870787227892,2.652197321312438,7.821390139812132,3.5365523051181267,4.893201259475661,69.36101094608395,59.16033364160678,64.47132740239392,127.96837678424792,109.14852253257686,118.9471001687578,4.268744138017971,1.8942761200789318,2.5807630473369874,7.6914308793116595,3.4131101262683456,4.650023508715293,71.43187069412892,60.68657533317966,66.02332039163896,128.7060733227548,109.3451807805039,118.96093764259273,4.239324907713298,1.916870787227892,2.652197321312438,7.821390139812132,3.5365523051181267,4.893201259475661,69.36101094608395,59.16033364160678,64.47132740239392,127.96837678424792,109.14852253257686,118.9471001687578,0.864321608040201,0.019321608040201,0.00932160804020099,0.7085427135678393,-0.0014572864321606982,0.0035427135678391952,0.5979899497487438,0.01298994974874379,-0.007010050251256228,0.4135021097046413,0.06823895180990447,0.13019215178037757,0.423728813559322,0.4120603015075377,0.061183108525081575,0.11990671219201177,0.43434343434343436,0.4135021097046413,0.06823895180990447,0.13019215178037757,0.423728813559322,24.0,2.0,2.0,32.0,0.0,0.0,45.0,3.0,2.0,-0.00038320433128903955,6.837134942793262e-05,5.058795287066765e-05,4.537263278781012e-05,-4.0869005880850295e-05,-6.618974063954397e-05,"[1.859375, 5.28125, 0.00511932373046875, 0.052032470703125, 1.68359375, 9.0078125, 0.06719970703125, 9.890625, 8.515625, 7.9765625, 3.69140625, 1.8056640625, 1.3349609375, 3.23828125, 5.5234375, 3.412109375, 1.482421875, 3.34765625, 3.2265625, 2.634765625, 3.283203125, 0.17822265625, 0.01073455810546875, 4.37109375, 8.796875, 0.212158203125, 8.5234375, 3.8828125, 1.2783203125, 3.888671875, 1.7685546875, 11.7421875, 3.416015625, 1.4365234375, 7.59765625, 2.30859375, 5.8671875, 0.92919921875, 1.7744140625, 5.453125, 0.06121826171875, 9.203125, 4.83203125, 5.609375, 0.74169921875, 7.5234375, 0.724609375, 9.0703125, 1.3828125, 7.08203125, 2.052734375, 4.1875, 1.7685546875, 1.060546875, 2.060546875, 2.244140625, 9.9765625, 3.646484375, 7.23046875, 0.01531982421875, 1.7802734375, 7.9609375, 1.470703125, 5.9140625, 10.765625, 0.0011653900146484375, 0.87939453125, 6.4765625, 4.375, 6.08984375, 5.4921875, 4.671875, 2.388671875, 4.46484375, 5.73046875, 1.1162109375, 3.052734375, 7.59375, 1.1240234375, 1.8515625, 7.55859375, 0.65966796875, 5.16015625, 6.8125, 2.18359375, 7.8203125, 4.98828125, 3.216796875, 6.54296875, 1.9052734375, 3.5234375, 7.81640625, 3.052734375, 1.875, 6.96484375, 5.1640625, 3.61328125, 7.76171875, 10.109375, 0.63720703125, 7.08203125, 5.70703125, 2.416015625, 8.390625, 15.3125, 5.92578125, 8.375, 4.1640625, 0.97900390625, 11.7578125, 3.69921875, 2.619140625, 7.69921875, 1.388671875, 2.841796875, 0.66552734375, 1.5107421875, 5.19140625, 0.10028076171875, 6.31640625, 4.1640625, 9.5234375, 4.09375, 1.7412109375, 7.78125, 4.796875, 3.119140625, 0.01244354248046875, 0.45556640625, 1.2568359375, 7.74609375, 0.42138671875, 2.716796875, 1.8212890625, 1.8193359375, 0.006206512451171875, 2.546875, 13.65625, 3.962890625, 5.61328125, 0.79296875, 3.349609375, 3.53125, 3.326171875, 1.263671875, 0.06768798828125, 4.3359375, 2.1328125, 13.203125, 2.353515625, 4.87109375, 2.37890625, 4.484375, 3.556640625, 1.9248046875, 11.875, 6.00390625, 1.2080078125, 8.7109375, 8.9375, 4.4140625, 8.3046875, 1.5693359375, 0.71240234375, 5.51953125, 6.9921875, 8.453125, 3.79296875, 3.939453125, 3.837890625, 4.48046875, 2.466796875, 9.1875, 0.260498046875, 6.18359375, 2.791015625, 4.41015625, 13.9140625, 1.5947265625, 5.1796875, 14.4296875, 6.37109375, 4.1171875, 9.328125, 4.32421875, 3.58203125, 4.1015625, 3.08984375, 0.77685546875, 4.62890625, 3.763671875, 4.65234375, 0.70263671875, 4.54296875, 1.3603515625, 1.017578125, 0.00098419189453125, 2.83984375, 2.779296875, 0.0367431640625, 0.0518798828125, 9.5, 2.892578125, 10.5234375, 0.66650390625, 7.82421875, 3.478515625, 2.904296875, 5.90234375, 7.9453125, 4.18359375, 0.712890625, 0.67333984375, 1.009765625, 3.6640625, 2.4609375, 2.083984375, 5.32421875, 0.0263671875, 7.80859375, 3.2421875, 2.404296875, 1.0322265625, 4.9921875, 3.28125, 1.0576171875, 13.6328125, 1.3525390625, 9.3671875, 0.1812744140625, 7.76953125, 1.9970703125, 11.078125, 0.021881103515625, 1.869140625, 2.244140625, 5.609375]",-0.5169006782242018
486,0,test,3.0767651570727454,1.3034588707225294,1.6586140852623261,6.449689527125755,2.732384370712468,3.476880863223699,21.6881311016752,15.797834893862527,17.55865283293922,45.463889796025015,33.11631699675995,36.807443371722854,3.4788995801503932,1.5512406499909415,2.115034755700915,5.656747284797388,2.5223425203104743,3.439080903578723,32.42402239929762,25.550622117730583,28.512741858384093,52.72198764113434,41.545727020700134,46.36218188355137,3.162921537124991,1.3954684899346257,1.9317235198539937,6.005547222389224,2.6496237150657453,3.667829468077204,23.639558990152516,17.78363938936898,20.21422830565764,44.88523858889719,33.76640390386516,38.38144614998287,0.7035175879396984,-0.0064824120603015345,0.0035175879396984744,0.6030150753768844,0.008015075376884395,0.0030150753768843908,0.4974874371859297,0.01748743718592971,0.007487437185929702,0.42710997442455245,0.11421086842199812,0.16806794118897084,0.42307692307692313,0.4321608040201005,0.10133373635092757,0.18007399266784674,0.4747474747474747,0.4381270903010034,0.13428735741285647,0.19452308585161515,0.43288590604026844,22.0,11.0,11.0,33.0,13.0,12.0,39.0,10.0,9.0,-0.0005706753919131751,0.00048533975081423603,-8.248451463583233e-05,-0.04208487083170365,-0.04843727481921967,-0.04459953176565623,"[2.892578125, 2.212890625, 0.25, 0.0423583984375, 3.719329833984375e-05, 0.7880859375, 0.01218414306640625, 0.01407623291015625, 5.58203125, 0.681640625, 13.8125, 2.068359375, 0.211181640625, 2.693359375, 5.01171875, 3.32421875, 8.296875, 1.392578125, 7.64453125, 0.35400390625, 0.038116455078125, 4.8984375, 3.3515625, 6.578125, 1.3623046875, 6.06640625, 2.51953125, 1.21484375, 0.004253387451171875, 0.97216796875, 4.7734375, 5.28125, 0.00020194053649902344, 6.11328125, 0.133056640625, 2.837890625, 0.00018608570098876953, 0.00016546249389648438, 0.0186920166015625, 0.0045318603515625, 5.4836273193359375e-05, 3.814697265625e-06, 4.5, 7.640625, 1.845703125, 0.1788330078125, 6.23046875, 5.19140625, 5.85546875, 0.6552734375, 0.07086181640625, 6.4765625, 0.64990234375, 10.0, 7.578125, 2.69921875, 4.1640625, 2.5390625, 8.0078125, 1.6181640625, 1.6611328125, 2.482421875, 5.875, 1.3642578125, 5.6171875, 6.328125, 5.9453125, 0.302978515625, 0.0222930908203125, 1.1337890625, 10.4453125, 6.56640625, 3.509765625, 1.521484375, 5.16015625, 3.9296875, 2.109375, 9.0703125, 1.1162109375, 2.548828125, 0.00013494491577148438, 9.322166442871094e-05, 6.318092346191406e-05, 4.971027374267578e-05, 8.344650268554688e-07, -0.0, 6.31640625, 5.99609375, 0.07275390625, 0.93212890625, 3.796875, 2.55078125, 7.671875, 1.0625, 7.578125, 1.326171875, 5.4765625, 5.23828125, 0.10955810546875, 2.466796875, 5.37109375, 1.4619140625, 3.818359375, 1.9970703125, 9.4453125, 3.544921875, 3.064453125, 7.68359375, 2.396484375, 3.017578125, 7.95703125, 0.41162109375, 3.623046875, 4.140625, 4.33984375, 4.67578125, 4.0546875, 0.6201171875, 6.13671875, 5.48828125, 3.25, 6.234375, 7.3984375, 3.345703125, 4.50390625, 0.88623046875, 2.345703125, 0.80908203125, 4.41015625, 0.332763671875, 3.326171875, 0.67138671875, 8.8671875, 0.10198974609375, 2.26953125, 3.564453125, 5.328125, 6.0859375, 0.048980712890625, 7.9453125, 1.9443359375, 0.004627227783203125, 3.12109375, 5.18359375, 2.580078125, 1.5595703125, 6.80078125, 1.669921875, 4.09375, 8.578125, 1.8955078125, 7.703125, 1.0419921875, 9.484375, 1.5244140625, 2.74609375, 3.072265625, 7.3046875, 0.155029296875, 6.63671875, 3.8046875, 0.484130859375, 5.1484375, 4.90234375, 2.869140625, 6.1953125, 2.56640625, 6.12890625, 4.1640625, 0.1461181640625, 1.2890625, 4.59765625, 5.0546875, 1.23046875, 5.49609375, 2.15234375, 13.03125, 7.1328125, 3.525390625, 13.015625, 4.27734375, 8.8671875, 1.06640625, 0.0782470703125, 0.197998046875, 2.810546875, 0.103271484375, 1.2636184692382812e-05, 0.00041747093200683594, 1.2993812561035156e-05, 0.00014388561248779297, 1.0728836059570312e-06, -0.0, 7.3984375, 9.953125, 0.2978515625, 0.1903076171875, 2.666015625, 9.53125, 1.009765625, 0.414306640625, 9.7421875, 0.11151123046875, 6.04296875, 0.351318359375, 11.15625, 9.234375, 3.666015625, 1.1920928955078125e-06, 9.40561294555664e-05, 7.62939453125e-06, 0.00020074844360351562, 8.344650268554688e-07, -0.0, 7.22265625, 0.1470947265625, 0.11224365234375, 1.9375, 0.494140625, 7.69140625, 8.9140625, 0.377197265625, 4.2265625, 10.8984375, 7.859375, 0.3759765625, 2.384185791015625e-06, 0.00010728836059570312, 1.2040138244628906e-05, 0.00010502338409423828, 9.5367431640625e-07, -0.0, 3.16015625, 4.33984375, 6.09765625, 8.7578125, 2.498046875, 0.10986328125, 1.39453125, 5.1015625, 3.2265625, 6.55859375, 4.625, 4.57421875, 4.4609375, 0.102294921875, 2.013671875, 5.13671875, 0.035491943359375, 5.75, 7.00390625, 1.251953125, 7.152557373046875e-07, 3.5762786865234375e-05, 4.172325134277344e-06, 0.00010097026824951172, 3.5762786865234375e-07, -0.0, 9.390625, 3.876953125, 0.9248046875, 5.73046875, 0.6552734375, 0.2705078125, 0.2388916015625, 0.05145263671875, 0.10504150390625, 2.203125, 0.73486328125, -0.0, 0.0010061264038085938, 3.0994415283203125e-06, 9.715557098388672e-05, 8.344650268554688e-07, 1.1920928955078125e-07, 4.1328125, 4.8515625, 2.12109375, 0.136474609375, 3.369140625, 1.841796875, 7.5546875, 0.475830078125, 6.015625, 3.478515625, 12.28125, 3.033203125, 4.16015625, 1.8173828125, 4.78515625, 0.1932373046875, 4.76837158203125e-07, 7.176399230957031e-05, 4.649162292480469e-06, 9.512901306152344e-05, 9.5367431640625e-07, -0.0, 4.92578125, 6.91015625, 0.2308349609375, 0.5107421875, 1.60546875, 0.00023305416107177734, 5.203125, 0.1751708984375, 9.7890625, 0.86376953125, 1.1220703125, 6.69921875, 5.60546875, 0.0399169921875, 8.171875, 5.93359375, 2.529296875, 1.9599609375, 0.00037479400634765625, 0.0006513595581054688, 4.887580871582031e-06, 9.489059448242188e-05, 1.1920928955078125e-06, -0.0, 3.466796875, 5.8671875, 9.3046875, 0.951171875, 1.89453125, 2.0265579223632812e-06, 0.0020904541015625, 1.71661376953125e-05, 7.49826431274414e-05, 1.0728836059570312e-06, 6.4373016357421875e-06, 4.671875, 6.8828125, 3.39453125, 1.3837890625, 3.611328125, 4.94921875, 4.046875, 7.83203125, 2.96484375, 7.859375, 0.0728759765625, 3.76171875, 4.578125, 1.96484375, 3.5762786865234375e-06, 0.00023889541625976562, 1.6689300537109375e-06, 7.855892181396484e-05, 9.5367431640625e-07, -0.0, 5.9921875, 7.14453125, 0.67236328125, 0.2186279296875, 2.01953125, 0.80322265625, 1.8466796875, 2.58984375, 0.075927734375, 1.3564453125, 10.1796875, 8.2109375, 3.248046875, 4.4921875, 10.2265625, 7.77734375, 7.828125, 4.89453125, 0.265869140625, 0.2249755859375, 5.36328125, 5.3515625, 5.7109375, 7.0859375, 0.56298828125, 5.71875, 0.0221099853515625, 2.9375, 1.5497207641601562e-06, 9.655952453613281e-05, 2.5033950805664062e-06, 2.0503997802734375e-05, 9.5367431640625e-07, -0.0, 6.5, 5.3984375, 3.23046875, 0.153076171875, 1.4501953125]",-0.6978286730358971
186,0,test,3.22701011300087,1.3605439160276267,1.8800928150254455,6.147544405213948,2.5918741640526295,3.5816293291825523,25.20418653350468,18.73877803119424,21.358633986462994,48.01467937388322,35.69789557897897,40.6887943540999,3.379861093046677,1.3304997183039733,1.9055529149442443,5.495709094384841,2.163414176104022,3.0984600242995843,29.366691592300818,21.603749680134847,24.998678751847812,47.750718036261496,35.128048260381874,40.648258133085875,3.2580049763555112,1.33976746672356,1.8795655007380123,5.996328177341431,2.465829693356245,3.459323007493274,25.997619505667437,19.188672321982786,22.028915971684594,47.848379458283624,35.31657482573519,40.54401712579986,0.6783919597989949,-0.006608040201005139,-0.006608040201005139,0.5527638190954773,0.012763819095477302,-0.012236180904522609,0.44723618090452266,0.0072361809045227155,0.012236180904522609,0.4117647058823529,0.09898937548587716,0.15834004834810633,0.3952802359882006,0.42211055276381915,0.10130854775128784,0.1583375978389444,0.4191919191919192,0.4147157190635451,0.09585094443917119,0.16554997935275528,0.40268456375838924,22.0,0.0,-1.0,35.0,0.0,1.0,42.0,-1.0,-1.0,0.00019909116219736332,0.00016681129983153276,0.00011176653446813171,-0.012218170275748008,-0.011285921491094975,-0.012392519977043825,"[7.12109375, 1.01171875, 1.966796875, 7.5859375, 8.0234375, 2.98046875, 9.9921875, 0.311767578125, 5.5625, 0.7060546875, 13.84375, 6.625, 1.556640625, 1.0361328125, 0.09588623046875, 6.1484375, 0.43994140625, 1.6591796875, 3.115234375, 0.1683349609375, 2.288818359375e-05, 0.0009627342224121094, 0.00334930419921875, 0.0003631114959716797, 9.2578125, 0.26171875, 0.92431640625, 5.421875, 9.953125, 0.304931640625, 0.07427978515625, 6.55078125, 6.3828125, 4.5546875, 1.7666015625, 6.86328125, 8.0703125, 3.6640625, 2.2265625, 8.8203125, 0.53369140625, 2.67578125, 2.96875, 2.36328125, 2.81640625, 0.004116058349609375, 0.7041015625, 3.8203125, 4.4140625, 0.006740570068359375, 7.125, 9.5234375, 0.76611328125, 3.29296875, 2.086162567138672e-05, 5.638599395751953e-05, 0.0252838134765625, 0.0004241466522216797, 2.2530555725097656e-05, 0.0024967193603515625, 7.01953125, 5.05078125, 0.392822265625, 2.51171875, 2.318359375, 0.486083984375, 3.017578125, 0.0440673828125, 2.9765625, 0.51416015625, 4.07421875, 1.328125, 0.06744384765625, 8.484375, 5.421875, 0.88525390625, 6.84765625, 4.8125, 2.27734375, 7.203125, 7.96875, 5.3984375, 0.165771484375, 9.7265625, 1.30859375, 3.859375, 0.468017578125, 5.203125, 0.1041259765625, 3.875, 6.80078125, 0.841796875, 0.00527191162109375, 0.00015985965728759766, 0.0010118484497070312, 1.2516975402832031e-05, 3.5762786865234375e-06, 1.1920928955078125e-07, 3.53515625, 9.140625, 0.12457275390625, 0.9658203125, 7.03125, 0.33154296875, 5.1640625, 2.97265625, 6.109375, 6.765625, 6.8671875, 5.38671875, 6.9296875, 6.48828125, 1.3671875, 0.6259765625, 5.28125, 2.611328125, 3.638671875, 2.80078125, 2.40625, 3.158203125, 2.32421875, 1.6826171875, 2.888671875, 2.09765625, 2.419921875, 3.587890625, 0.0224151611328125, 9.1953125, 4.578125, 1.8603515625, 2.001953125, 6.625, 0.966796875, 8.0390625, 1.28515625, 2.810546875, 4.30859375, 0.162109375, 0.0162200927734375, 5.8203125, 3.865234375, 3.9609375, 3.5546875, 12.109375, 1.9267578125, 1.6533203125, 3.455078125, 6.79296875, 1.0830078125, 11.4140625, 10.28125, 6.33203125, 1.7490234375, 4.40234375, 2.017578125, 0.009368896484375, 0.00034809112548828125, 0.0003943443298339844, 1.2516975402832031e-05, 8.225440979003906e-06, 8.344650268554688e-07, 4.34765625, 9.0859375, 2.33203125, 0.0810546875, 0.96826171875, 5.42578125, 2.669921875, 2.9921875, 5.6953125, 1.3466796875, 5.77734375, 0.00988006591796875, 11.4453125, 6.96484375, 0.07080078125, 5.796875, 4.41015625, 0.0013952255249023438, 2.372264862060547e-05, 0.00037169456481933594, 9.298324584960938e-06, 2.0265579223632812e-06, 2.384185791015625e-07, 2.240234375, 9.3359375, 0.85546875, 0.1600341796875, 0.23876953125, 9.421875, 2.060546875, 4.03515625, 4.3359375, 2.447265625, 8.90625, 5.20703125, 7.4296875, 4.62890625, 3.228515625, 5.328125, 6.765625, 3.29296875, 4.4453125, 1.7255859375, 7.09765625, 0.119140625, 5.28515625, 0.1846923828125, 4.3203125, 5.9921875, 3.890625, 2.265625, 0.65771484375, 1.2822265625, 0.0001112222671508789, 7.91015625, 0.75732421875, 4.99609375, 2.818359375, 0.236328125, 7.15234375, 1.56640625, 6.84375, 0.0004832744598388672, 0.00013315677642822266, 0.0003502368927001953, 8.463859558105469e-06, 4.76837158203125e-07, 2.2649765014648438e-06, 8.078125, 9.2265625, 7.27734375, 0.8037109375, 3.11328125, 1.919269561767578e-05, 0.00677490234375, 0.0004363059997558594, 9.775161743164062e-06, 1.3113021850585938e-06, 0.0009131431579589844, 7.3359375, 1.779296875, 0.48193359375, 0.07904052734375, 2.802734375, 3.064453125, 4.12890625, 0.3359375, 3.009765625, 9.8359375, 2.9453125, 1.71875, 3.056640625, 0.01568603515625, 6.94140625, 6.75, 3.125, 6.03515625, 9.03125, 1.681640625, 2.95703125, 8.234375, 0.303955078125, 7.13671875, 5.04296875, 2.603515625, 0.19140625, 0.39501953125, 3.208984375, 5.4609375, 2.09765625, 6.71875, 7.09765625, 8.21875, 0.006244659423828125, 1.7763671875, 8.5, 1.478515625, 6.8046875, 4.48046875, 5.078125, 1.650390625, 2.259765625, 0.0005221366882324219, 0.0001341104507446289, 4.971027374267578e-05, 2.7418136596679688e-06, 1.430511474609375e-06, 1.1920928955078125e-07, 8.6953125, 7.06640625, 6.84765625, 0.12005615234375, 1.923828125, 2.586841583251953e-05, 0.006793975830078125, 0.0002371072769165039, 7.867813110351562e-06, 1.0728836059570312e-06, 1.704692840576172e-05, 5.0859375, 7.3671875, 10.109375, 0.701171875, 0.435791015625, 3.966796875, 3.623046875, 1.2109375, 4.3984375, 1.54296875, 0.09100341796875, 4.640625, 3.2421875, 3.92578125, 0.58056640625, 9.515625, 0.03985595703125, 4.671875, 1.0751953125, 5.11328125, 8.53125, 1.91015625, 0.71533203125, 0.01454925537109375, 2.486328125, 8.1796875, 7.10546875, 1.6318359375, 5.5, 2.625, 0.0001882314682006836, 2.0265579223632812e-05, 1.9311904907226562e-05, 3.0994415283203125e-06, 3.5762786865234375e-07, -0.0, 6.18359375, 5.0390625, 2.59765625, 0.85302734375]",-0.5935894429683684
490,0,test,3.233172639301329,1.4210252745767677,1.9846990905322788,5.25638496573529,2.310255814495972,3.2266580306199626,25.359987566814272,19.23640467705483,21.87496838338185,41.22942763929928,31.273909444291593,35.56359890549811,3.2875301328735733,1.3840282290719397,1.9827960839346628,5.019129973852784,2.1130201970563967,3.0271695937933787,26.776647156015247,20.06729831100929,23.089938676734167,40.88037733742786,30.63709665802945,35.25181477363995,3.233172639301329,1.4210252745767677,1.9846990905322788,5.25638496573529,2.310255814495972,3.2266580306199626,25.359987566814272,19.23640467705483,21.87496838338185,41.22942763929928,31.273909444291593,35.56359890549811,0.7035175879396984,-0.016482412060301543,-0.026482412060301552,0.5829145728643217,0.007914572864321734,0.007914572864321734,0.44221105527638194,-0.007788944723618019,-0.0027889447236180143,0.43181818181818177,0.11045712321704759,0.15977787955117928,0.42585551330798477,0.42211055276381915,0.09378975075880658,0.1466514542663233,0.40909090909090906,0.43181818181818177,0.11045712321704759,0.15977787955117928,0.42585551330798477,24.0,4.0,1.0,37.0,-1.0,0.0,46.0,1.0,-1.0,6.567100397358653e-05,0.00024655679013314884,5.876012997766688e-05,-0.000141735257445319,-0.00018927773293242467,8.23537205478786e-05,"[2.119140625, 5.7421875, 0.638671875, 0.1971435546875, 1.55859375, 11.171875, 2.251953125, 4.30078125, 4.06640625, 1.0986328125, 0.058135986328125, 10.6875, 0.484375, 2.849609375, 5.87890625, 1.287109375, 6.7578125, 0.42138671875, 2.435546875, 0.7998046875, 4.62109375, 0.3662109375, 2.671875, 6.046875, 5.09375, 0.0528564453125, 1.7470703125, 9.3515625, 1.0400390625, 0.0616455078125, 0.31689453125, 1.6982421875, 4.546875, 8.0625, 2.86328125, 0.00244903564453125, 4.01953125, 6.15625, 7.51171875, 1.96875, 6.6796875, 1.4638671875, 1.4052734375, 6.04296875, 7.62109375, 5.04296875, 0.79296875, 5.74609375, 0.9580078125, 0.62646484375, 6.51171875, 2.7578125, 0.65234375, 5.62109375, 2.259765625, 6.3125, 7.45703125, 0.025115966796875, 2.123046875, 2.150390625, 6.48046875, 2.00390625, 1.638671875, 7.875, 8.234375, 0.189208984375, 4.3359375, 6.62890625, 7.6796875, 0.59912109375, 2.15625, 2.53125, 4.921875, 3.369140625, 8.09375, 0.465087890625, 11.0546875, 7.046875, 8.1796875, 0.1553955078125, 2.154296875, 3.8671875, 1.087890625, 2.5625, 9.1171875, 1.5478515625, 4.34375, 5.59765625, 0.90185546875, 2.9087066650390625e-05, 0.059722900390625, 0.615234375, 5.5078125, 0.1318359375, 3.126953125, 0.3583984375, 0.03369140625, 2.01171875, 0.07440185546875, 8.7265625, 0.1761474609375, 8.2890625, 2.84375, 3.939453125, 3.8125, 9.1015625, 5.74609375, 0.11737060546875, 5.21484375, 0.2379150390625, 0.71923828125, 0.1219482421875, 0.52685546875, 0.0010881423950195312, 0.0252532958984375, 0.85595703125, 3.611328125, 11.2265625, 4.12890625, 1.6982421875, 0.416259765625, 1.37109375, 4.51953125, 0.423828125, 9.1484375, 4.1484375, 2.04296875, 2.53515625, 10.1171875, 0.233642578125, 3.900390625, 0.08233642578125, 3.072265625, 5.62890625, 0.05157470703125, 7.85546875, 3.36328125, 1.17578125, 3.482421875, 1.810546875, 2.87109375, 3.203125, 7.6328125, 0.264892578125, 3.994140625, 1.2724609375, 0.317626953125, 1.6982421875, 8.58306884765625e-06, 4.109375, 1.5205078125, 0.00025272369384765625, 0.73681640625, 1.392578125, 0.00012981891632080078, 0.03131103515625, 0.8330078125, 6.6015625, 12.0859375, 3.802734375, 4.09375, 1.876953125, 3.853515625, 3.9609375, 3.82421875, 2.0390625, 0.3037109375, 8.578125, 1.201171875, 0.76416015625, 5.046875, 2.076171875, 2.86328125, 1.1259765625, 6.4921875, 4.8515625, 0.093994140625, 2.26953125, 2.625, 7.49609375, 4.1328125, 0.494140625, 0.6201171875, 4.95703125, 4.41015625, 2.65234375, 3.791015625, 5.80078125, 3.75, 5.26171875, 1.2919921875, 3.880859375, 0.0673828125, 1.4921875, 8.8671875, 0.994140625, 7.35546875, 3.646484375, 0.63232421875, 3.4921875, 7.9609375, 0.154541015625, 8.2734375, 0.489501953125, 3.5234375, 4.5625, 0.2078857421875, 3.50390625, 0.1365966796875, 5.21484375, 0.015594482421875, 3.978515625, 3.7890625, 7.90625, 0.46484375, 2.9140625, 0.023712158203125, 0.053314208984375, 0.95361328125, 2.76171875, 0.03375244140625, 2.892578125, 0.99267578125, 3.7734375, 0.1331787109375, 0.0170135498046875, 5.578125, 3.3046875, 1.4970703125, 7.0078125, 2.09375, 4.48046875, 2.8359375, 2.41796875, 7.23046875, 1.404296875, 0.01171875, 2.11328125, 0.1800537109375, 1.7197265625, 4.45703125, 4.9609375, 1.64453125, 2.0390625, 1.1328125, 2.2578125, 10.8125, 4.89453125, 1.8798828125, 1.2841796875, 6.26171875, 3.7109375, 6.2578125, 3.521484375, 0.888671875, 5.09375, 6.859375, 3.14453125, 0.0777587890625, 0.63818359375, 3.21484375, 0.56884765625, 7.015625, 0.444580078125]",-0.47263313920208905
39,0,test,2.6553284330556624,1.158375733718576,1.5791746493180396,6.004086584297835,2.6192572322935956,3.570745226164994,14.229658782265071,9.761605978547621,11.296283352593068,32.175343106395545,22.07242116168411,25.542551529748657,2.4200271673537976,0.9398501906049224,1.3202279799196601,4.745151308536858,1.8428435109900438,2.5886823135679613,11.246164839270739,6.8524416403081085,8.242602029043375,22.051303606413214,13.436160079035508,16.161964762830152,2.4835465699932646,1.0677412817246166,1.4745293772460404,5.478411551455731,2.355311650863125,3.2526383321603833,11.983690136335373,7.86388737699616,9.240786192341668,26.43461059485744,17.346810390432704,20.38408718898897,0.5125628140703518,-0.0024371859296482556,0.002562814070351749,0.4120603015075377,-0.0029396984924623393,0.002060301507537665,0.371859296482412,0.016859296482412023,0.006859296482412014,0.40960451977401124,0.1388005705497517,0.18477558526765736,0.3909348441926346,0.3869346733668342,0.11876424730167123,0.1665673945688375,0.33838383838383834,0.3913043478260869,0.12586194381940907,0.17328432557914586,0.36241610738255037,25.0,16.0,16.0,35.0,26.0,26.0,43.0,30.0,30.0,0.001217042681718527,-0.0007172320019832083,0.00020488886771707456,-0.08393455618858514,-0.06932600915821396,-0.08294462469809005,"[8.4453125, 0.9521484375, 3.294921875, 0.3984375, 5.8125, 0.415283203125, 9.21875, 9.1484375, 0.9296875, 4.78125, 3.0546875, 1.1337890625, 1.1279296875, 0.054473876953125, 6.2109375, 2.234375, 6.3203125, 4.44140625, 0.67578125, 0.00818634033203125, 7.9609375, 7.35546875, 0.68359375, 4.1875, 4.59765625, 0.95751953125, 0.728515625, 0.39111328125, 1.4833984375, 3.21875, 0.048187255859375, 4.83203125, 7.74609375, 3.328125, 4.953125, 7.1328125, 1.2119140625, 1.9853515625, 0.1702880859375, 5.51171875, 3.388671875, 8.0625, 4.25390625, 7.390625, 4.32421875, 0.43212890625, 6.22265625, 2.884765625, 0.291015625, 4.22265625, 0.08074951171875, 7.8046875, 0.2432861328125, 4.8984375, 0.01024627685546875, 1.0009765625, 4.953125, 6.31640625, 0.170166015625, 5.5, 10.0234375, 1.623046875, 5.94140625, 6.89453125, 5.97265625, 0.180419921875, 1.1611328125, 6.6640625, 5.859375, 0.13427734375, 5.55078125, 0.71240234375, 0.9248046875, 2.375, 5.30078125, 4.37109375, 3.236328125, 0.87353515625, 1.474609375, 6.90234375, 5.09765625, 3.75390625, 0.50244140625, 2.166015625, 0.5224609375, 0.57763671875, 1.7177734375, 0.61474609375, 3.6171875, 0.0046234130859375, 3.517578125, 3.505859375, 5.3046875, 7.6171875, 5.875, 7.90234375, 0.31201171875, 0.0006966590881347656, 3.224609375, 7.54296875, 0.06390380859375, 1.51953125, 3.69921875, 0.348876953125, 8.140625, 1.8564453125, 4.734375, 0.006839752197265625, 7.640625, 0.69873046875, 1.2636184692382812e-05, 1.650390625, 2.1457672119140625e-06, 0.0003807544708251953, 3.933906555175781e-06, 0.0005278587341308594, 7.510185241699219e-06, 0.005840301513671875, 0.0002551078796386719, 2.267578125, 0.00035500526428222656, 0.0728759765625, 1.1920928955078125e-06, 0.007495880126953125, 4.410743713378906e-06, 0.00010895729064941406, 1.7523765563964844e-05, 0.0008668899536132812, 0.0003104209899902344, 0.240966796875, 0.00034046173095703125, 0.16552734375, 1.704692840576172e-05, 0.0025653839111328125, 3.6954879760742188e-06, 0.0001901388168334961, 6.794929504394531e-06, 0.0008749961853027344, 0.0002803802490234375, 0.40966796875, 1.704692840576172e-05, 0.0007796287536621094, 3.0994415283203125e-06, 0.000370025634765625, 3.6954879760742188e-06, 7.069110870361328e-05, 7.271766662597656e-06, 0.00038695335388183594, 0.0002510547637939453, 0.09735107421875, 1.6808509826660156e-05, 0.003337860107421875, 1.6689300537109375e-06, 0.00040721893310546875, 5.245208740234375e-06, 4.1484832763671875e-05, 1.895427703857422e-05, 0.0010957717895507812, 9.417533874511719e-05, 2.173828125, 1.6689300537109375e-06, 0.06829833984375, 8.344650268554688e-07, 0.0015707015991210938, 4.291534423828125e-06, 2.777576446533203e-05, 7.867813110351562e-06, 0.0002199411392211914, 0.00010335445404052734, 0.07513427734375, 5.875, 1.345703125, 2.880859375, 0.93359375, 0.07708740234375, 4.21484375, 1.7021484375, 10.5703125, 3.486328125, 9.9296875, 3.8984375, 4.64453125, 2.173828125, 4.99609375, 0.0570068359375, 1.978515625, 1.0068359375, 5.02734375, 9.0703125, 3.095703125, 1.861328125, 3.328125, 3.453125, 5.25, 1.17578125, 2.3365020751953125e-05, 0.57421875, 1.1920928955078125e-07, 0.00015616416931152344, 5.364418029785156e-06, 0.00020205974578857422, 3.2186508178710938e-06, 0.00040721893310546875, 4.4465065002441406e-05, 3.345703125, 1.823902130126953e-05, 0.0030384063720703125, 4.76837158203125e-07, 5.4955482482910156e-05, 1.5497207641601562e-06, 0.00019180774688720703, 2.5033950805664062e-06, 8.285045623779297e-05, 3.349781036376953e-05, 0.72119140625, -0.0, 0.01654052734375, 2.1457672119140625e-06, 0.00043892860412597656, 2.6226043701171875e-06, 2.586841583251953e-05, 2.7418136596679688e-06, 8.177757263183594e-05, 4.4465065002441406e-05, 0.0872802734375, 3.564453125, 2.73046875, 12.265625, 6.6171875, 2.21875, 0.89306640625, 8.8828125, 0.494873046875, 6.4609375, 0.7783203125, 3.41796875, 0.468994140625, 0.12744140625, 12.78125, 12.015625, 0.84912109375, 4.0625, 4.5703125, 0.005741119384765625, 3.201171875, 0.0006494522094726562, 0.00794219970703125, 1.9970703125, 0.63232421875, 6.125, 2.85546875, 4.265625, 6.31640625, 3.98828125, 6.6015625, 3.05859375, 3.666015625, 7.28125, 8.75, 0.03314208984375, 5.37890625, 4.69140625, 1.2265625, 1.1123046875, 3.91796875, 6.59375, 1.01171875, 2.720703125, 4.8359375, 0.64208984375, 0.26171875, 9.46875, 0.76611328125, 3.302734375, 2.43359375, 5.203125, 5.28125, 5.734375, 4.0625, 7.93359375, 10.6640625, 7.1640625, 2.0078125, 0.0021305084228515625, 0.65283203125, 1.800060272216797e-05, 0.0001569986343383789, 4.649162292480469e-06, 6.282329559326172e-05, 7.62939453125e-06, 0.0003707408905029297, 4.38690185546875e-05, 0.90966796875, 4.703125, 3.11328125, 3.205078125, 0.54931640625, 4.2265625, 0.07037353515625, 2.525390625, 8.671875, 0.2178955078125, 6.39453125, 1.7626953125, 2.857421875, 4.875, 0.0909423828125, 6.36328125, 5.765625, 8.015625, 0.3935546875, 7.33203125, 9.2890625, 5.10546875, 12.546875, 4.5078125, 5.984375, 4.41015625, 3.234375, 8.1484375, 0.404296875, 2.76953125, 8.0546875, 6.08984375, 1.3212890625, 0.80615234375, 1.8486328125, 1.4248046875, 1.38671875, 7.16796875, 1.6015625, 4.0625, 0.331787109375, 0.313720703125, 4.4140625, 2.615234375, 1.08984375, 1.1201171875, 0.5068359375, 0.00446319580078125, 4.62109375, 1.71875, 8.609375, 0.298828125, 1.8095703125, 10.0625, 0.411865234375, 4.8828125, 0.12030029296875, 0.814453125, 1.55859375, 0.84033203125, 4.6875, 6.0]",-0.4461079435159929
192,0,test,4.367649796429802,2.034945984648055,2.7949672474306375,6.538703788807189,3.0464688425140474,4.184278452293819,78.85808120027235,68.55231244498688,74.03852162723446,118.05654261561241,102.62802330945405,110.8412955355089,4.550214518254726,2.055968400502727,2.8566045277144747,6.594513794572067,2.979664348554677,4.140006561905036,94.65271087155294,82.54011226892003,89.21363053638888,137.17784184283036,119.62335111437687,129.29511671940418,4.367649796429802,2.034945984648055,2.7949672474306375,6.538703788807189,3.0464688425140474,4.184278452293819,78.85808120027235,68.55231244498688,74.03852162723446,118.05654261561241,102.62802330945405,110.8412955355089,0.864321608040201,-0.005678391959799023,-0.005678391959799023,0.7185929648241206,0.008592964824120641,-0.0014070351758793676,0.6180904522613065,0.008090452261306558,-0.006909547738693456,0.4627450980392157,0.11440850312727835,0.18243219060766425,0.4173228346456693,0.4773869346733668,0.11899094469842941,0.19191114168505297,0.4494949494949495,0.4627450980392157,0.11440850312727835,0.18243219060766425,0.4173228346456693,27.0,0.0,1.0,41.0,1.0,3.0,48.0,1.0,-1.0,0.00045215899266949703,0.0002807413341531533,0.00034562942515823383,-7.936596070123869e-05,-0.0001398081572467902,0.00011389473326595123,"[10.453125, 5.7578125, 6.30859375, 3.123046875, 6.34765625, 0.8515625, 8.84375, 1.3779296875, 3.306640625, 7.58203125, 4.05078125, 2.697265625, 13.078125, 3.373046875, 11.0703125, 8.4765625, 3.990234375, 4.44140625, 1.7392578125, 4.59765625, 1.9013671875, 2.93359375, 2.48046875, 5.9921875, 5.5234375, 5.015625, 1.0419921875, 1.83203125, 6.38671875, 0.01861572265625, 5.6953125, 4.21875, 9.078125, 0.035858154296875, 7.1953125, 4.9609375, 5.6875, 0.60986328125, 9.109375, 1.0107421875, 13.015625, 11.9921875, 7.26171875, 0.57958984375, 0.7119140625, 1.4697265625, 0.494140625, 5.03125, 9.4375, 11.53125, 3.271484375, 8.984375, 1.880859375, 6.78125, 0.44482421875, 0.45458984375, 4.90625, 2.751953125, 1.615234375, 6.8515625, 5.546875, 4.6796875, 5.4765625, 5.18359375, 5.19140625, 1.6728515625, 1.8916015625, 2.89453125, 3.849609375, 8.21875, 3.615234375, 1.9541015625, 2.44140625, 0.26806640625, 2.150390625, 1.9794921875, 5.75, 10.671875, 0.5595703125, 11.65625, 1.90625, 7.59765625, 1.421875, 6.7421875, 1.7451171875, 8.4765625, 0.2001953125, 5.4296875, 3.3515625, 0.00545501708984375, 4.8203125, 2.82421875, 4.81640625, 7.51953125, 3.982421875, 5.7578125, 1.7890625, 7.3359375, 4.22265625, 7.23046875, 2.568359375, 4.58984375, 8.09375, 0.242919921875, 5.34375, 6.05078125, 1.8740234375, 2.2890625, 10.84375, 9.2265625, 3.14453125, 10.96875, 0.353515625, 7.84375, 3.388671875, 6.2265625, 0.96435546875, 5.51953125, 1.744140625, 1.30859375, 1.0478515625, 5.65625, 5.3125, 1.0966796875, 1.2724609375, 7.75, 1.1279296875, 6.359375, 3.1796875, 2.314453125, 2.482421875, 4.453125, 1.1337890625, 6.8125, 13.171875, 2.267578125, 7.97265625, 1.6953125, 9.4609375, 6.52734375, 2.837890625, 1.0341796875, 0.4013671875, 4.9140625, 0.41064453125, 4.625, 7.55859375, 1.021484375, 5.50390625, 2.197265625, 10.609375, 4.28515625, 5.4140625, 5.17578125, 6.953125, 1.076171875, 8.3125, 2.6484375, 4.0859375, 4.484375, 1.2138671875, 7.46484375, 4.88671875, 0.6689453125, 7.66796875, 3.982421875, 3.83984375, 1.203125, 5.53125, 1.365234375, 12.8515625, 12.1640625, 8.0859375, 3.39453125, 0.002902984619140625, 7.47265625, 5.5078125, 0.6494140625, 6.52734375, 3.65234375, 0.2685546875, 0.58544921875, 8.359375, 5.09375, 2.201171875, 2.123046875, 6.6171875, 7.23828125, 8.0, 4.796875, 9.78125, 0.031524658203125, 0.043182373046875, 7.0546875, 2.361328125, 3.96875, 2.5390625, 6.36328125, 0.8662109375, 7.75390625, 10.0625, 0.5751953125, 3.068359375, 3.11328125, 2.759765625, 0.6552734375, 2.64453125, 1.810546875, 7.0625, 0.2225341796875, 0.53466796875, 0.233154296875, 8.828125, 8.6796875, 3.34375, 2.46875, 2.89453125, 4.3203125, 1.5615234375, 1.806640625, 5.80078125, 5.5, 4.67578125, 1.6083984375, 0.513671875, 2.232421875, 0.57958984375, 1.193359375, 3.869140625, 1.919921875, 0.03277587890625, 0.630859375, 6.7578125, 0.1278076171875, 1.01953125, 7.05859375, 0.431640625, 3.40234375, 0.03790283203125, 3.380859375, 5.4609375, 3.33984375, 0.7724609375, 2.54296875, 0.134033203125, 3.12890625, 5.296875, 5.60546875, 6.52734375, 5.4140625, 11.6328125, 9.546875, 8.2578125, 3.078125, 9.6953125]",-0.4663188429439771
456,0,test,3.3747852452927165,1.521453522005144,2.0787801209847716,6.134043621947139,2.7654092318206707,3.778411666444019,29.218008402583603,22.836964383732678,25.563340878767704,53.10694609023057,41.508696269803416,46.464185622414256,3.3289774746152023,1.4028593929415587,1.9561140802250387,5.594920125403702,2.3577468788933764,3.287586689453847,27.909788640239483,21.04697107181609,23.963153335230686,46.90720779872182,35.37306062490099,40.27420728610199,3.344695442252689,1.4876661284016248,2.051929764451508,6.079352093151114,2.7039969252079845,3.729608188216892,28.35193954878113,21.947257366588108,24.70909196953302,51.53277062640092,39.89155584241486,44.91149420877385,0.6582914572864322,-0.0017085427135676845,-0.011708542713567693,0.5477386934673367,-0.002261306532663321,-0.002261306532663321,0.457286432160804,0.007286432160804046,0.017286432160804055,0.42708333333333337,0.1116587232813403,0.18574384141647426,0.42508710801393723,0.40201005025125625,0.10125817055200814,0.1599399333898205,0.40909090909090906,0.42013888888888884,0.10991358559599451,0.17879939697202973,0.42508710801393723,27.0,18.0,18.0,37.0,28.0,27.0,50.0,36.0,34.0,-0.0006132690438408344,0.00015116840515332162,3.7619534950677356e-05,-0.02595287563323989,-0.02862888330461555,-0.02586982084800038,"[3.779296875, 7.0390625, 1.1474609375, 1.37109375, 7.640625, 7.6953125, 5.359375, 5.08203125, 5.21875, 6.5625, 0.4267578125, 0.0005197525024414062, 1.08203125, 0.004108428955078125, 0.0099639892578125, 2.724609375, 10.9609375, 0.34521484375, 8.890625, 4.6875, 6.23828125, 2.986328125, 5.68359375, 3.328125, 9.1484375, 8.6796875, 4.51171875, 1.1123046875, 1.1962890625, 1.1005859375, 2.6015625, 0.01483917236328125, 3.7734375, 0.0792236328125, 6.4921875, 0.00762176513671875, 0.7412109375, 0.00015282630920410156, 0.0008249282836914062, 0.0004925727844238281, 0.0002446174621582031, 0.00020956993103027344, 0.0001628398895263672, 0.0009069442749023438, 0.0328369140625, 9.9765625, 0.059326171875, 0.240234375, 3.939453125, 0.1142578125, 2.3203125, 0.68212890625, 7.11328125, 8.2578125, 0.443115234375, 8.546875, 7.6953125, 2.154296875, 4.71875, 0.259033203125, 0.2529296875, 2.37890625, 1.681640625, 3.025390625, 7.4453125, 6.17578125, 1.1474609375, 10.21875, 0.900390625, 6.21484375, 5.41015625, 3.55859375, 4.33984375, 2.771484375, 3.228515625, 3.16796875, 3.818359375, 1.9404296875, 0.28515625, 5.22265625, 1.6357421875, 4.61328125, 0.01062774658203125, 1.70703125, 7.09765625, 0.459228515625, 0.0015172958374023438, 0.023040771484375, 0.787109375, 5.33203125, 5.66015625, 1.109375, 0.145263671875, 0.1644287109375, 0.179931640625, 4.7109375, 2.830078125, 0.1162109375, 7.140625, 9.0078125, 0.294677734375, 10.046875, 2.3359375, 0.276611328125, 0.38134765625, 12.4921875, 0.0347900390625, 0.0214996337890625, 1.5693359375, 2.240234375, 7.1171875, 0.0858154296875, 0.0023479461669921875, 0.05706787109375, 9.71875, 5.08984375, 0.07781982421875, 2.1171875, 8.78125, 3.287109375, 0.1610107421875, 0.004024505615234375, 0.0228271484375, 3.82421875, 6.0234375, 5.0625, 1.212890625, 7.34375, 4.41015625, 0.0029621124267578125, 0.03240966796875, 1.25, 6.12890625, 0.42724609375, 7.5625, 3.04296875, 4.40625, 2.541015625, 5.16796875, 1.7822265625, 3.39453125, 7.77734375, 0.8173828125, 1.4462890625, 5.1171875, 5.234375, 2.955078125, 1.0712890625, 11.640625, 3.595703125, 0.0041046142578125, 0.01080322265625, 8.421875, 6.7421875, 7.60546875, 3.173828125, 3.984375, 0.39404296875, 0.85107421875, 9.265625, 5.7109375, 9.9453125, 8.90625, 7.65234375, 0.9677734375, 6.63671875, 1.5087890625, 1.96484375, 6.05859375, 1.9658203125, 0.0139007568359375, 7.2265625, 0.01027679443359375, 5.47265625, 0.396728515625, 0.8828125, 3.255859375, 0.99169921875, 2.36328125, 5.80859375, 1.896484375, 6.44921875, 5.15234375, 5.28515625, 0.908203125, 2.896484375, 6.796875, 3.763671875, 4.7109375, 9.2734375, 1.3916015625, 7.9765625, 0.00014495849609375, 0.60107421875, 5.125999450683594e-06, 0.0001232624053955078, 0.0001862049102783203, 3.337860107421875e-05, 0.00010120868682861328, 0.000461578369140625, 0.00757598876953125, 2.189453125, 7.3909759521484375e-06, 0.947265625, 2.9802322387695312e-06, 5.125999450683594e-05, 0.00015103816986083984, 2.384185791015625e-06, 1.0728836059570312e-06, 2.5033950805664062e-06, 4.172325134277344e-05, 0.06787109375, 4.84765625, 4.58984375, 6.73046875, 9.0546875, 2.9609375, 0.5029296875, 7.609375, 1.06640625, 0.59619140625, 1.26171875, 4.296875, 7.95703125, 10.7421875, 5.76171875, 1.4736328125, 2.345703125, 4.1171875, 6.75, 9.0078125, 0.8193359375, 6.0078125, 2.169921875, 6.7890625, 2.078125, 2.43359375, 6.921875, 6.796875, 0.425048828125, 2.75, 6.51171875, 0.0024929046630859375, 1.375, 4.54296875, 4.28515625, 3.765625, 3.044921875, 4.96484375, 2.693359375, 6.234375, 0.379150390625, 5.859375, 2.8203125, 6.0703125, 4.53125, 1.3623046875, 1.025390625, 0.0006489753723144531, 1.9072265625, 7.58984375, 1.7255859375, 3.173828125, 6.4140625, 7.078125, 2.12109375, 0.0134429931640625, 2.0703125, 6.859375, 3.080078125, 1.7275390625, 0.81787109375, 4.1484375, 0.34130859375, 2.01171875, 6.6875, 2.787109375, 3.4453125, 7.95703125, 7.43359375, 0.004154205322265625, 0.143310546875, 6.2890625, 6.70703125, 6.11328125, 2.2265625, 6.8984375, 7.640625]",-0.6134063593215413
174,0,test,3.595707880520023,1.5496821743862959,2.1438706377652412,5.883885622669128,2.5358435580866656,3.5081519527067577,36.441487078536234,28.704396628095214,32.17053298771501,59.63152431033201,46.97083084597398,52.64269034353365,3.437733678961519,1.4545505092380657,2.029983325570257,5.544731740260515,2.346049208448493,3.274166654145576,31.116358539815963,23.850523941706342,27.029607231066425,50.18767506421929,38.46858700275216,43.596140695268424,3.6163966283479145,1.5688421875930083,2.171880541003305,5.917739937296587,2.567196306970377,3.5539863398235902,37.20326879856764,29.454341344574555,32.96346884510117,60.87807621583796,48.198013109303815,53.94022174652918,0.7085427135678393,0.0035427135678391952,-0.0014572864321606982,0.5879396984924623,0.012939698492462348,-0.002060301507537776,0.4522613065326633,-0.012738693467336692,-0.007738693467336688,0.4237918215613383,0.0916953466077205,0.15926771772944714,0.4253731343283582,0.40201005025125625,0.08622057656704574,0.1382370953263815,0.38888888888888884,0.4237918215613383,0.08984005903814718,0.15926771772944714,0.4253731343283582,23.0,2.0,3.0,34.0,1.0,3.0,42.0,1.0,3.0,-0.00038106677911673364,-3.909594417420215e-05,0.00021257205058498437,-0.00017638486674709242,0.00021985158203818855,6.483093570341936e-05,"[2.88671875, 2.212890625, 0.2330322265625, 0.0401611328125, 3.814697265625e-05, 1.2705078125, 0.01294708251953125, 0.01422119140625, 7.5859375, 7.6640625, 7.51953125, 10.625, 4.44921875, 11.671875, 11.4375, 8.2734375, 3.23046875, 4.92578125, 7.375, 0.170654296875, 8.7578125, 0.123291015625, 5.03515625, 2.96875, 1.4951171875, 7.921875, 5.61328125, 1.8779296875, 6.69921875, 6.34765625, 0.272705078125, 3.162109375, 5.1796875, 0.75634765625, 2.857421875, 0.904296875, 0.173583984375, 0.07586669921875, 7.27734375, 1.4130859375, 2.1640625, 3.3046875, 2.8671875, 1.740234375, 5.0703125, 3.83203125, 0.01227569580078125, 6.28515625, 5.58203125, 7.0078125, 5.984375, 5.796875, 0.6201171875, 3.00390625, 0.315673828125, 4.69140625, 0.464599609375, 3.49609375, 0.008941650390625, 7.98828125, 2.13671875, 6.41015625, 5.65234375, 0.55029296875, 0.900390625, 8.7421875, 0.98193359375, 1.4638671875, 1.689453125, 0.72998046875, 4.9375, 3.013671875, 3.376953125, 5.8359375, 8.34375, 6.76171875, 6.49609375, 6.0625, 5.27734375, 0.00685882568359375, 2.80078125, 6.6015625, 1.9228515625, 12.59375, 4.875, 1.240234375, 4.1640625, 4.20703125, 3.501953125, 0.002056121826171875, 0.6142578125, 3.455078125, 1.6279296875, 2.576171875, 0.123779296875, 1.951171875, 2.232421875, 0.1839599609375, 6.69921875, 3.931640625, 0.94775390625, 3.7890625, 0.190185546875, 0.88330078125, 1.4248046875, 8.0390625, 0.1534423828125, 6.08203125, 2.541015625, 7.58203125, 1.4248046875, 2.7421875, 8.0, 2.236328125, 0.1201171875, 0.5908203125, 0.0709228515625, 1.515625, 1.0546875, 14.0390625, 8.3359375, 1.900390625, 0.79052734375, 3.81640625, 0.201904296875, 2.5546875, 2.673828125, 4.1953125, 1.810546875, 3.64453125, 2.419921875, 6.21484375, 0.5732421875, 2.123046875, 0.396728515625, 2.0078125, 11.9921875, 1.06640625, 1.8193359375, 0.880859375, 1.306640625, 0.0003025531768798828, 0.300537109375, 0.0240936279296875, 1.6767578125, 0.0007719993591308594, 6.10546875, 0.712890625, 1.37109375, 4.91796875, 2.654296875, 0.370849609375, 9.5703125, 5.51171875, 0.57958984375, 1.01953125, 2.57421875, 3.263671875, 6.23828125, 0.64013671875, 0.337890625, 1.35546875, 0.1597900390625, 0.88427734375, 2.169921875, 3.068359375, 5.44140625, 6.7421875, 0.01288604736328125, 4.9375, 11.6171875, 4.08984375, 0.70458984375, 2.2890625, 6.96875, 0.0176544189453125, 0.02703857421875, 1.8544921875, 0.00884246826171875, 0.02789306640625, 7.7421875, 2.67578125, 0.171630859375, 5.33984375, 8.671875, 1.349609375, 0.194091796875, 6.16015625, 1.9091796875, 1.9931640625, 3.01953125, 0.61328125, 10.6328125, 6.01953125, 2.80078125, 10.453125, 4.64453125, 4.90625, 3.802734375, 7.8984375, 0.56201171875, 4.09765625, 6.078125, 6.7109375, 4.97265625, 2.611328125, 4.609375, 1.5830078125, 0.00041413307189941406, 0.7060546875, 0.023590087890625, 7.9296875, 4.2265625, 2.13671875, 9.28125, 0.62841796875, 13.0078125, 2.79296875, 2.775390625, 8.4609375, 6.46484375, 0.7529296875, 1.2080078125, 6.171875, 9.2890625, 8.40625, 4.01953125, 0.64306640625, 5.19921875, 4.734375, 0.01959228515625, 3.287109375, 0.1201171875, 0.042633056640625, 1.34765625, 0.5107421875, 6.21875, 5.890625, 0.6513671875, 4.8515625, 0.0021152496337890625, 5.3984375, 3.3125, 0.0017652511596679688, 4.94140625, 2.8359375, 7.13671875, 8.4375, 3.47265625, 7.9140625, 5.18359375, 5.43359375, 5.28125, 8.2734375, 9.984375, 0.09320068359375, 4.640625, 6.609375, 2.25, 0.767578125, 0.00023448467254638672, 0.27392578125, 0.0401611328125, 9.265625, 0.0008368492126464844, 0.0997314453125, 4.3125, 9.3046875, 8.1328125]",-0.9787311682470667
427,0,test,3.4017013995508147,1.5120427274323416,2.090976478596792,5.457674772905702,2.4259147055507895,3.3547534711552918,30.01512434781053,23.398014656306408,26.30626297856535,48.15613356901469,37.539671866161925,42.20565269088506,3.4679558432880957,1.4750035810382902,2.0537028420670613,5.0260229612870955,2.1376863493308553,2.976380930531973,32.071117004180124,24.73395395575427,27.957704400342006,46.47987971620308,35.84631008080329,40.51841217440871,3.4017013995508147,1.5120427274323416,2.090976478596792,5.457674772905702,2.4259147055507895,3.3547534711552918,30.01512434781053,23.398014656306408,26.30626297856535,48.15613356901469,37.539671866161925,42.20565269088506,0.7035175879396984,-0.01148241206030165,-0.0064824120603015345,0.5879396984924623,-0.002060301507537776,-0.002060301507537776,0.46733668341708545,-0.002663316582914521,-0.017663316582914534,0.40893470790378006,0.08131892745781089,0.15864899361806573,0.44482758620689655,0.4120603015075377,0.08624576516668558,0.14327899933725385,0.4494949494949495,0.40893470790378006,0.08131892745781089,0.15864899361806573,0.44482758620689655,23.0,3.0,4.0,36.0,6.0,5.0,43.0,5.0,3.0,0.00021806938348497792,-3.854167586956365e-05,-6.628726426671444e-05,-0.00032884314767755995,0.00013463403094249315,-1.2269317609892028e-05,"[2.859375, 1.2138671875, 0.2264404296875, 2.326171875, 0.380126953125, 0.058837890625, 6.079673767089844e-06, 1.3583984375, 0.0055389404296875, 0.0233917236328125, 1.6240234375, 9.890625, 5.65625, 2.8515625, 2.55078125, 2.02734375, 2.21875, 0.98828125, 0.0016689300537109375, 7.78515625, 3.56640625, 4.45703125, 0.7314453125, 3.380859375, 0.0308990478515625, 7.44140625, 1.2607421875, 5.02734375, 2.8046875, 0.15185546875, 1.08984375, 5.0703125, 3.859375, 4.37890625, 5.703125, 0.137939453125, 0.1055908203125, 0.826171875, 8.4140625, 5.1640625, 3.380859375, 3.45703125, 7.0234375, 1.9208984375, 2.146484375, 5.79296875, 12.1796875, 2.154296875, 5.1953125, 4.69140625, 0.78076171875, 4.859375, 0.00830078125, 7.9375, 5.10546875, 0.0039825439453125, 0.1353759765625, 0.22265625, 8.7265625, 0.1036376953125, 6.66796875, 1.060546875, 3.783203125, 7.90625, 0.91650390625, 12.4140625, 0.7646484375, 0.796875, 9.671875, 1.4140625, 6.671875, 8.4296875, 8.5078125, 0.81103515625, 0.0001933574676513672, 0.1903076171875, 0.369873046875, 2.119140625, 0.0005960464477539062, 9.109375, 2.0625, 0.1336669921875, 0.067626953125, 3.224609375, 4.52734375, 7.47265625, 5.19921875, 1.3388671875, 9.2890625, 2.36328125, 5.44921875, 1.171875, 7.34765625, 0.056793212890625, 3.171875, 1.9775390625, 7.91796875, 0.53759765625, 1.3984375, 7.62890625, 3.28515625, 7.76171875, 4.41015625, 8.859375, 1.193359375, 0.70361328125, 6.12109375, 1.494140625, 3.216796875, 3.060546875, 0.64111328125, 0.054107666015625, 0.01123046875, 6.3125, 0.00012934207916259766, 0.09600830078125, 0.263671875, 4.26953125, 3.931640625, 10.71875, 1.212890625, 7.09375, 2.7265625, 2.10546875, 8.2890625, 0.372802734375, 4.20703125, 2.697265625, 5.28515625, 1.158203125, 2.17578125, 3.185546875, 5.14453125, 0.01122283935546875, 6.57421875, 5.3671875, 4.9375, 1.501953125, 9.3203125, 1.6845703125, 0.01092529296875, 0.002559661865234375, 3.4609375, 10.3125, 6.46875, 0.1864013671875, 1.013671875, 7.16796875, 3.29296875, 3.169921875, 2.89453125, 5.578125, 0.1810302734375, 0.37158203125, 2.859375, 2.2109375, 6.765625, 5.66796875, 0.0099334716796875, 0.1585693359375, 1.353515625, 7.58203125, 10.2265625, 0.11865234375, 3.349609375, 1.44140625, 4.66796875, 3.099609375, 10.8125, 1.3583984375, 3.669921875, 5.16796875, 3.46484375, 0.712890625, 9.640625, 0.9755859375, 12.9765625, 5.76953125, 13.015625, 4.68359375, 1.265625, 4.68359375, 0.39453125, 5.32421875, 4.546875, 6.985664367675781e-05, 0.2607421875, 0.223388671875, 6.08984375, 4.1484375, 1.1796875, 2.357421875, 2.7265625, 0.52001953125, 0.29833984375, 0.020599365234375, 2.73046875, 2.81640625, 5.265625, 5.26171875, 2.69921875, 5.328125, 1.3486328125, 3.822265625, 0.1524658203125, 2.775390625, 0.126220703125, 0.069091796875, 0.01448822021484375, 0.005290985107421875, 0.146484375, 3.359375, 2.771484375, 3.65625, 2.521484375, 3.2265625, 1.998046875, 5.9609375, 1.8037109375, 4.9140625, 4.14453125, 3.50390625, 0.160888671875, 1.958984375, 0.11773681640625, 0.048126220703125, 0.034088134765625, 0.0019474029541015625, 1.603515625, 8.2890625, 3.703125, 0.54248046875, 2.0078125, 9.78125, 1.927734375, 5.65234375, 0.0144805908203125, 8.1484375, 5.578125, 4.73828125, 12.5234375, 8.1171875, 7.73046875, 0.85888671875, 8.4609375, 5.4609375, 4.39453125, 0.0791015625, 3.16796875, 3.083984375, 1.392578125, 0.90576171875, 2.74609375, 0.64306640625, 0.0006418228149414062, 0.638671875, 0.0936279296875, 4.94921875, 5.8828125, 0.01910400390625, 5.5625, 0.1160888671875, 1.5048828125, 3.328125, 2.953125, 0.494384765625, 5.28125, 1.1826171875, 0.048980712890625, 7.44921875, 5.62109375, 2.25390625, 4.10546875, 1.068359375, 1.8994140625, 0.14599609375, 13.5546875, 12.046875, 1.2294921875, 11.4375, 0.308349609375, 4.1953125, 3.248046875, 3.697265625, 5.87890625, 5.203125, 0.165771484375, 0.1773681640625, 5.66015625, 0.79541015625, 4.6171875]",-0.825545838608365
38,0,test,3.7941646528588304,1.7646162488353765,2.416389068337989,5.859876519415305,2.725351762090193,3.7319786722108943,44.44109715214735,36.830448507844636,40.47502753069371,68.6368056016498,56.88258158433783,62.51143140851585,3.880925956682943,1.7026322248070573,2.4034107923617696,5.792426801019317,2.541242126577697,3.587180287107118,48.46907456267446,39.63784960430904,44.087031079224616,72.34190233234993,59.1609695586702,65.80153892421585,3.8325396083322243,1.7964025212663302,2.4646112851360327,5.919144506201991,2.7744438939557763,3.8064552070434283,46.179667708658826,38.518709357333016,42.25246134881056,71.32193123892864,59.49000667410322,65.25657919427411,0.778894472361809,-0.006105527638191055,-0.006105527638191055,0.6582914572864322,-0.011708542713567693,-0.0017085427135676845,0.542713567839196,0.012713567839195972,-0.0022864321608039306,0.44043321299638993,0.09809087065404765,0.17032516977910306,0.3876811594202898,0.4321608040201005,0.09632120502260677,0.15336280735899865,0.3939393939393939,0.4368231046931408,0.0926789605489966,0.17031650205208437,0.4057971014492754,23.0,0.0,0.0,33.0,-1.0,0.0,43.0,0.0,0.0,0.000218584303040648,3.508188128390362e-05,0.0001108285282849168,-0.00023182424163081805,0.0001888633816387042,3.6794479953528025e-05,"[10.4609375, 1.8515625, 4.43359375, 2.046875, 9.796875, 3.244140625, 5.15234375, 12.5703125, 2.091796875, 3.765625, 5.35546875, 2.119140625, 2.806640625, 2.0703125, 1.9482421875, 7.59765625, 10.6484375, 3.29296875, 2.294921875, 7.55078125, 4.76171875, 7.02734375, 15.296875, 0.0137176513671875, 4.49609375, 4.65625, 3.681640625, 0.4482421875, 3.884765625, 2.44140625, 1.5556640625, 0.0467529296875, 1.8349609375, 8.5703125, 1.1650390625, 0.70703125, 3.828125, 0.7880859375, 7.59375, 0.12646484375, 6.04296875, 2.95703125, 5.71875, 2.880859375, 6.18359375, 1.599609375, 1.033203125, 7.4140625, 1.861328125, 3.447265625, 0.25732421875, 3.37109375, 5.05078125, 0.6142578125, 6.6953125, 0.203857421875, 8.25, 0.52783203125, 2.05859375, 7.77734375, 0.212646484375, 0.2646484375, 11.0390625, 8.59375, 9.078125, 3.291015625, 4.1484375, 1.2919921875, 0.10357666015625, 6.65234375, 2.169921875, 5.00390625, 4.8828125, 0.0650634765625, 0.09698486328125, 2.623046875, 5.53515625, 1.8115234375, 6.16796875, 4.22265625, 3.9296875, 1.853515625, 3.556640625, 0.5751953125, 4.30078125, 0.155029296875, 1.353515625, 8.8828125, 3.0703125, 5.6015625, 4.9140625, 1.84765625, 2.19140625, 5.48828125, 4.734375, 1.697265625, 0.0731201171875, 10.59375, 8.2890625, 5.0, 0.34716796875, 3.37109375, 9.4375, 2.640625, 2.4296875, 4.87890625, 0.1629638671875, 4.29296875, 2.96875, 4.63671875, 7.06640625, 2.2890625, 3.60546875, 2.66796875, 6.1328125, 1.275390625, 0.06524658203125, 6.87890625, 1.91015625, 5.40234375, 2.349609375, 0.062744140625, 3.939453125, 5.27734375, 1.55078125, 6.99609375, 0.3125, 8.4296875, 9.84375, 3.822265625, 1.83984375, 7.78515625, 3.970703125, 5.23046875, 3.87890625, 0.0017137527465820312, 3.421875, 4.8359375, 4.91796875, 7.078125, 0.0263671875, 2.455078125, 4.24609375, 0.763671875, 1.3515625, 10.359375, 9.8515625, 5.51171875, 7.87109375, 0.24169921875, 0.240966796875, 2.1796875, 3.37890625, 0.027069091796875, 8.53125, 0.1533203125, 0.60693359375, 3.2890625, 4.78515625, 2.865234375, 12.3828125, 1.6865234375, 7.46484375, 0.7939453125, 0.80615234375, 0.0167083740234375, 2.220703125, 1.677734375, 4.31640625, 5.08203125, 3.5546875, 1.4462890625, 5.125999450683594e-06, 6.390625, 0.0002636909484863281, 0.00033211708068847656, 0.0069732666015625, 0.0002682209014892578, 0.0006780624389648438, 2.9802322387695312e-06, 0.00019085407257080078, 0.348388671875, 2.80859375, 7.74609375, 11.71875, 5.2109375, 3.25, 1.9267578125, 4.29296875, 0.059539794921875, 6.84375, 7.49609375, 2.19140625, 8.0234375, 3.21484375, 5.39453125, 8.2265625, 5.46875, 5.66015625, 8.4765625, 1.9521484375, 1.810546875, 6.51171875, 3.40625, 2.98046875, 0.035552978515625, 3.91015625, 5.42578125, 0.497314453125, 1.2490234375, 7.109375, 6.5703125, 3.806640625, 2.958984375, 0.9814453125, 2.041015625, 0.0027179718017578125, 5.34765625, 0.89990234375, 3.384765625, 2.92578125, 4.984375, 1.556640625, 2.6015625, 0.050079345703125, 11.5234375, 8.0546875, 8.3203125, 3.978515625, 6.8984375, 3.41796875, 0.06842041015625, 6.69140625, 2.9921875, 7.5625, 4.296875, 1.5634765625, 5.8046875, 7.25390625, 2.9296875, 9.0078125, 5.1015625, 8.7734375, 5.6171875, 6.19140625, 1.5595703125, 1.091796875, 3.740234375, 0.2066650390625, 5.609375, 3.4765625, 3.134765625, 0.98046875, 0.056427001953125, 4.71875, 3.689453125, 4.26171875, 7.265625, 2.10546875, 0.009429931640625, 5.69921875, 5.8515625, 2.58203125, 0.8076171875, 5.80859375, 2.974609375, 1.7080078125, 2.232421875, 0.373046875, 0.71435546875, 0.002841949462890625, 6.2734375, 2.28515625, 0.9248046875, 1.111328125, 3.134765625, 1.267578125]",-0.6854395913733473
103,0,test,3.5999955892562867,1.592645525882745,2.2133230860213495,5.7078877434918756,2.5251813930114575,3.5092819982312187,36.598073018601504,29.15450680808746,32.59656016412235,58.027207878177386,46.22523776808604,51.68270394443083,3.5123781271316297,1.4765603082987542,2.10381129717639,5.242355413629298,2.203821355669782,3.1400168614572985,33.52790667523892,25.869393834141523,29.43781726726853,50.04165175408793,38.61103557334555,43.93704069741571,3.5999955892562867,1.592645525882745,2.2133230860213495,5.7078877434918756,2.5251813930114575,3.5092819982312187,36.598073018601504,29.15450680808746,32.59656016412235,58.027207878177386,46.22523776808604,51.68270394443083,0.778894472361809,-0.006105527638191055,-0.01110552763819106,0.6432160804020101,-0.011783919597989967,-0.001783919597989958,0.5276381909547738,0.0026381909547738003,0.0026381909547738003,0.475,0.12780665280665282,0.18691135734072017,0.4937238493723849,0.4623115577889447,0.1064218334781678,0.1718274175552219,0.4797979797979798,0.475,0.12780665280665282,0.18691135734072017,0.4937238493723849,25.0,15.0,15.0,40.0,23.0,24.0,49.0,21.0,23.0,9.488289987228089e-05,-0.00015064725926905955,-0.0002204600201121197,2.4582867206746073e-05,-5.7358864443912694e-05,-7.978146849918488e-05,"[1.783203125, 4.34765625, 0.00472259521484375, 0.0274505615234375, 5.20703125, 4.2265625, 6.59765625, 2.7421875, 0.8935546875, 5.4375, 0.4267578125, 6.5546875, 4.59375, 0.63671875, 8.9609375, 0.468994140625, 2.51953125, 4.3515625, 1.640625, 1.806640625, 4.25390625, 0.94287109375, 6.23828125, 1.8095703125, 4.58203125, 3.3828125, 5.8984375, 0.1226806640625, 10.28125, 2.892578125, 1.65625, 3.74609375, 4.4765625, 3.244140625, 1.306640625, 8.3984375, 4.39453125, 1.7216796875, 4.18359375, 2.15625, 2.505859375, 4.1171875, 1.8681640625, 5.08203125, 0.71826171875, 4.6640625, 9.015625, 4.44921875, 3.44921875, 4.79296875, 0.08099365234375, 1.123046875, 5.30859375, 2.21484375, 3.666015625, 0.0018625259399414062, 8.359375, 0.03887939453125, 6.6640625, 5.43359375, 2.025390625, 0.421142578125, 0.0162200927734375, 0.1865234375, 0.427001953125, 10.75, 0.7578125, 0.556640625, 3.533203125, 3.244140625, 0.8818359375, 5.03515625, 0.27294921875, 3.9765625, 6.05078125, 6.5078125, 0.0601806640625, 1.578125, 2.693359375, 2.162109375, 7.3203125, 1.8095703125, 0.00226593017578125, 1.8681640625, 6.1484375, 0.8017578125, 2.390625, 2.494140625, 3.716796875, 0.79052734375, 0.011932373046875, 5.02734375, 1.9345703125, 0.58984375, 3.47265625, 5.10546875, 4.65625, 1.568359375, 1.2275390625, 0.21875, 0.64453125, 0.59375, 7.63671875, 7.08203125, 0.01654052734375, 5.2421875, 5.58203125, 4.0703125, 3.185546875, 0.3125, 2.220703125, 4.37890625, 6.23046875, 1.2802734375, 6.55078125, 1.603515625, 4.296875, 4.90234375, 0.06878662109375, 3.677734375, 8.171875, 0.54150390625, 5.453125, 4.08984375, 5.5703125, 6.1328125, 6.13671875, 2.8203125, 2.59375, 5.12109375, 5.59375, 4.18359375, 7.984375, 2.283203125, 2.017578125, 6.06640625, 0.7978515625, 4.390625, 5.3359375, 5.91796875, 3.748046875, 9.4140625, 3.462890625, 2.703125, 5.3984375, 7.3046875, 1.7890625, 3.142578125, 2.03515625, 7.859375, 2.19140625, 5.0078125, 2.357421875, 0.42724609375, 1.703125, 0.8154296875, 4.73828125, 5.3828125, 0.034210205078125, 3.134765625, 4.21484375, 9.2734375, 4.20703125, 0.35107421875, 4.20703125, 4.47265625, 2.18359375, 0.51171875, 4.609375, 2.412109375, 9.375, 1.458984375, 1.984375, 4.578125, 1.3740234375, 0.00879669189453125, 5.9765625, 6.05078125, 3.037109375, 1.67578125, 1.123046875, 0.0008325576782226562, 3.15625, 0.72265625, 2.775390625, 9.984375, 1.763671875, 7.484375, 0.03192138671875, 7.8046875, 7.14453125, 0.00710296630859375, 2.525390625, 9.4140625, 2.498046875, 4.609375, 6.62890625, 2.994140625, 5.3984375, 0.035888671875, 1.271484375, 4.0390625, 1.04296875, 3.40234375, 5.140625, 4.81640625, 0.70263671875, 2.771484375, 0.0090179443359375, 8.265625, 10.109375, 1.484375, 6.44140625, 2.998046875, 2.193359375, 4.08203125, 5.6796875, 4.41796875, 10.25, 1.32421875, 5.10546875, 4.70703125, 3.044921875, 2.431640625, 7.8671875, 0.04425048828125, 6.58984375, 4.296875, 5.171875, 10.7890625, 1.5625, 5.9609375, 0.25341796875, 2.501953125, 1.29296875, 0.0099029541015625, 4.62109375, 10.359375, 3.638671875, 7.05078125]",-0.9324760675430297
126,0,test,2.958461231840022,1.2743658830196412,1.7288494588944725,5.949977896438033,2.562970490989222,3.477015671519609,19.268299486239677,13.880724635078312,15.848397906024559,38.75188723489544,27.916541165520627,31.873872883624813,3.265793641008923,1.2976996557197378,1.9144746350682957,5.310233562616135,2.1100807410077036,3.112966886289912,26.200896847686618,19.043874757337814,22.338379992793843,42.60308430518149,30.9656500119314,36.322569093973726,2.8400160696195518,1.2361737665125356,1.7306399203197345,5.6800321392391036,2.4723475330250713,3.461279840639469,17.116040583196334,12.143940498521093,14.083574585021891,34.23208116639267,24.287880997042187,28.167149170043782,0.6633165829145728,0.008316582914572823,-0.0016834170854271857,0.5527638190954773,-0.0072361809045227155,-0.0022361809045226,0.4522613065326633,-0.007738693467336688,-0.007738693467336688,0.41225626740947074,0.09610027855153203,0.15516926838698786,0.3798882681564246,0.42713567839195976,0.10301507537688437,0.1758793969849246,0.38383838383838387,0.4046822742474916,0.12040133779264206,0.17168338907469338,0.3422818791946308,25.0,16.0,16.0,31.0,21.0,21.0,39.0,26.0,27.0,0.0017245674111677485,0.0001232500010996023,0.0004642734455854822,-0.06741202829614767,-0.05871471583380128,-0.06404247484532277,"[10.53125, 8.8984375, 7.48046875, 0.59228515625, 7.53125, 0.259033203125, 3.361328125, 6.01171875, 7.37109375, 8.0078125, 1.6787109375, 8.0859375, 0.703125, 9.6640625, 0.9931640625, 4.0078125, 4.796875, 2.220703125, 7.33203125, 5.734375, 2.533203125, 4.60546875, 7.8125, 2.375, 1.9951171875, 8.0625, 1.515625, 8.5703125, 0.485595703125, 3.068359375, 2.13671875, 7.69921875, 2.91796875, 0.60205078125, 7.421875, 0.37060546875, 7.14453125, 1.47265625, 5.375, 3.181640625, 3.828125, 0.0194549560546875, 8.5078125, 10.6484375, 0.2357177734375, 0.07745361328125, 1.20703125, 7.1328125, 4.51171875, 1.2861328125, 1.3779296875, 0.60400390625, 2.90234375, 0.71142578125, 4.88671875, 1.947265625, 4.13671875, 0.14306640625, 4.92578125, 0.092041015625, 1.2490234375, 8.8515625, 0.476806640625, 4.91015625, 4.3203125, 1.63671875, 0.06842041015625, 0.00023353099822998047, 6.28515625, 0.039764404296875, 0.00799560546875, 8.022785186767578e-05, 0.0006527900695800781, 0.00792694091796875, 0.0008153915405273438, 0.0020351409912109375, 0.0040740966796875, 0.7607421875, 0.042236328125, 0.00017178058624267578, 3.703125, 0.0016317367553710938, 0.00040411949157714844, 2.586841583251953e-05, 3.409385681152344e-05, 0.001277923583984375, 3.993511199951172e-05, 0.00010752677917480469, 0.0005793571472167969, 1.4072265625, 6.45703125, 1.2734375, 2.955078125, 7.15625, 0.4677734375, 4.6796875, 0.27734375, 2.05078125, 3.201171875, 10.0546875, 0.427978515625, 7.703125, 1.365234375, 2.5390625, 6.77734375, 0.042083740234375, 5.453125, 6.62109375, 3.376953125, 7.33203125, 2.935546875, 0.74267578125, 5.578125, 2.73828125, 7.0390625, 3.52734375, 0.004756927490234375, 4.37890625, 7.203125, 0.86767578125, 0.7041015625, 4.22265625, 6.0390625, 7.2578125, 2.0859375, 0.9228515625, 2.775390625, 13.4609375, 0.72998046875, 1.3037109375, 1.7265625, 8.015625, 1.501953125, 1.21484375, 4.65625, 5.27734375, 7.8046875, 3.220703125, 1.28515625, 1.5283203125, 2.888671875, 8.1640625, 0.434814453125, 0.47802734375, 1.3173828125, 4.25390625, 0.08062744140625, 0.1441650390625, 2.22265625, 5.5, 3.48828125, 8.328125, 0.66455078125, 2.09765625, 3.7578125, 3.90625, 8.765625, 3.564453125, 5.296875, 4.1953125, 0.1683349609375, 7.68359375, 3.470703125, 2.00390625, 5.0078125, 6.18359375, 0.802734375, 3.4140625, 4.28515625, 5.03125, 1.30078125, 5.578125, 4.72265625, 4.7421875, 0.9716796875, 11.5390625, 4.01953125, 2.060546875, 1.064453125, 5.9609375, 4.59765625, 0.0426025390625, 0.150146484375, 2.86328125, 2.787109375, 4.4453125, 0.47119140625, 0.0694580078125, 8.8515625, 2.626953125, 1.0728836059570312e-05, 3.54296875, 0.005615234375, 8.845329284667969e-05, 7.164478302001953e-05, 5.030632019042969e-05, 0.001041412353515625, 0.0017871856689453125, 8.761882781982422e-05, 0.0002579689025878906, 0.2127685546875, 0.01226043701171875, 0.0002498626708984375, 4.48046875, 0.0016002655029296875, 0.0008382797241210938, 5.888938903808594e-05, 5.066394805908203e-05, 0.00044798851013183594, 8.83340835571289e-05, 3.552436828613281e-05, 3.4809112548828125e-05, 0.41162109375, 0.03271484375, 0.00016486644744873047, 4.828125, 0.003246307373046875, 0.0005888938903808594, 2.4318695068359375e-05, 4.124641418457031e-05, 0.0004634857177734375, 4.112720489501953e-05, 3.910064697265625e-05, 8.285045623779297e-05, 0.54150390625, 0.04254150390625, 6.198883056640625e-05, 3.890625, 0.00010073184967041016, 0.0005202293395996094, 3.1948089599609375e-05, 1.8596649169921875e-05, 0.001155853271484375, 3.3855438232421875e-05, 4.6372413635253906e-05, 0.00018298625946044922, 0.6611328125, 0.038116455078125, 3.743171691894531e-05, 4.7890625, 0.00012362003326416016, 0.0016155242919921875, 3.5762786865234375e-05, 1.3947486877441406e-05, 0.0012111663818359375, 0.00014448165893554688, 0.000240325927734375, 0.0001895427703857422, 2.30078125, 6.53125, 1.0732421875, 4.62109375, 0.021026611328125, 4.91796875, 1.32421875, 3.07421875, 0.0762939453125, 8.15625, 1.7890625, 1.953125, 4.99609375, 0.2196044921875, 0.022308349609375, 5.69921875, 6.0390625, 0.68798828125, 2.287109375, 4.84375, 6.7109375, 9.2734375, 6.546875, 18.328125, 2.404296875, 2.19140625, 1.8837890625, 2.642578125, 4.11328125, 3.49609375, 6.8359375, 0.798828125, 6.45703125, 1.33984375, 6.5859375, 5.66015625, 2.587890625, 0.77294921875, 1.974609375, 1.0146484375, 0.86865234375, 0.775390625, 6.9140625, 0.00634002685546875, 0.2401123046875, 1.927734375, 2.6484375, 3.580078125, 1.6640625, 3.32421875, 8.09375, 0.0063018798828125, 0.78125, 12.359375, 5.453125, 1.9501953125, 5.39453125, 1.2626953125, 4.60546875, 4.00390625, 4.83984375, 4.4140625, 9.734375, 0.4306640625, 8.6015625, 6.140625, 4.80859375, 1.203125, 0.7919921875, 1.1337890625, 5.94921875, 11.171875, 1.2236328125, 0.467041015625, 2.806640625, 2.013671875, 0.0005774497985839844, 3.689453125, 4.5078125, 0.2373046875, 3.759765625, 4.56640625, 7.046875, 0.08538818359375, 0.025970458984375, 3.880859375, 0.95458984375, 3.328125, 5.46484375, 6.62109375, 5.74609375, 4.890625, 2.123046875, 4.07421875, 1.8193359375, 1.7705078125, 4.83984375, 5.58984375, 2.83984375, 0.0028018951416015625, 2.498046875, 1.2763671875, 2.470703125, 6.6875, 0.68603515625, 0.1751708984375, 3.939453125, 2.345703125, 2.740234375, 3.13671875, 5.921875]",-0.426116757738225
185,0,test,3.23656852714351,1.4317576770794416,1.8803398915690273,5.55056378253116,2.4553975116268933,3.224695047690809,25.446253632309716,19.367432101242496,21.56472662197944,43.63913590213863,33.21424103343924,36.98249845918904,3.3125707528099944,1.4580415581454576,2.003549019170957,5.300113204495991,2.3328664930327325,3.2056784306735318,27.455616428753324,21.06692671549819,23.75306656877829,43.92898628600532,33.707082744797106,38.00490651004527,3.403006182067769,1.5058259671205954,2.096155024312877,5.548379644675711,2.4551510333487974,3.4176440613796912,30.054313118155193,23.387244905654136,26.35979120782721,49.001597475253035,38.13137756356653,42.97792044754437,0.6733668341708543,0.008366834170854265,0.01336683417085438,0.5477386934673367,0.0027386934673367946,0.0027386934673367946,0.4723618090452262,-0.01263819095477381,-0.007638190954773805,0.4480874316939891,0.14249398012509418,0.19393298399115433,0.4328767123287671,0.4623115577889447,0.15654714676137582,0.21022474643669098,0.4545454545454546,0.4682274247491639,0.16271824277921398,0.21349994977697262,0.4664429530201343,27.0,1.0,0.0,38.0,0.0,1.0,46.0,-1.0,-1.0,-3.577802123553068e-05,0.00023228282954908946,-0.00015945051339553027,-0.006197821266535897,-0.007148537905033336,-0.006673912224373524,"[2.88671875, 2.212890625, 0.2330322265625, 0.0401611328125, 3.814697265625e-05, 1.2705078125, 0.01294708251953125, 0.01422119140625, 11.5859375, 5.70703125, 5.7890625, 7.33203125, 1.0439453125, 1.65625, 7.2265625, 6.22265625, 0.399169921875, 1.4541015625, 9.640625, 0.80859375, 0.8623046875, 4.69140625, 3.994140625, 6.75390625, 9.125, 4.015625, 0.192626953125, 0.57177734375, 0.92041015625, 6.734375, 5.90234375, 3.310546875, 9.03125, 0.01183319091796875, 1.5078125, 6.328125, 2.94921875, 1.1376953125, 0.0010576248168945312, 6.8203125, 5.76953125, 0.0003662109375, 7.64453125, 0.17724609375, 1.1337890625, 0.6171875, 0.007480621337890625, 6.55859375, 0.728515625, 8.90625, 5.7109375, 1.4296875, 3.4375, 5.22265625, 0.0263519287109375, 8.0625, 8.5703125, 1.658203125, 5.9453125, 0.0290679931640625, 11.8046875, 9.1484375, 3.38671875, 0.5380859375, 3.404296875, 2.5703125, 0.0080413818359375, 0.00390625, 0.32373046875, 3.337890625, 4.8046875, 3.548828125, 7.484375, 1.7294921875, 2.287109375, 6.7890625, 1.048828125, 2.669921875, 5.6862831115722656e-05, 0.00787353515625, 0.0006608963012695312, 0.0002772808074951172, 1.1920928955078125e-06, 4.87109375, 4.46484375, 3.671875, 0.109619140625, 2.650390625, 7.474422454833984e-05, 0.0002701282501220703, 0.003692626953125, 0.00011944770812988281, 1.823902130126953e-05, 11.2734375, 6.64453125, 0.1748046875, 0.896484375, 4.9375, 1.1015625, 7.4453125, 3.61328125, 0.8876953125, 5.01171875, 12.265625, 4.21484375, 4.82421875, 1.9052734375, 1.7333984375, 3.4375, 1.87890625, 5.91796875, 0.84375, 3.763671875, 0.08001708984375, 7.953125, 0.389892578125, 0.1290283203125, 0.01416015625, 7.9921875, 7.4921875, 0.09814453125, 1.91015625, 3.9375, 0.06268310546875, 1.783203125, 3.177734375, 5.44140625, 6.09765625, 5.48046875, 1.87890625, 0.099609375, 5.69921875, 3.921875, 7.875, 0.556640625, 5.21875, 4.66796875, 5.328125, 4.66015625, 3.212890625, 2.857421875, 3.1328125, 7.57421875, 7.31640625, 7.94921875, 0.7529296875, 4.875, 3.599609375, 6.625, 0.461181640625, 4.390625, 0.0335693359375, 1.6669921875, 7.9453125, 7.14453125, 5.63671875, 6.37109375, 3.39453125, 3.236328125, 8.375, 5.40625, 0.2001953125, 3.66796875, 6.984375, 3.5703125, 7.02734375, 1.4140625, 6.1953125, 6.10546875, 4.828125, 0.46484375, 8.6640625, 0.94873046875, 7.3828125, 0.580078125, 0.0426025390625, 1.859375, 1.6450881958007812e-05, 0.0010471343994140625, 0.0001246929168701172, 4.3392181396484375e-05, -0.0, 4.046875, 5.2890625, 1.0947265625, 0.08868408203125, 1.0283203125, 1.22265625, -0.0, 0.00011086463928222656, 0.0003101825714111328, 6.258487701416016e-05, 1.1920928955078125e-07, 5.58203125, 4.77734375, 0.716796875, 0.09869384765625, 1.0244140625, 2.888671875, 3.923828125, 3.87890625, 2.341796875, 0.4189453125, 1.28515625, 3.015625, 6.3203125, 8.125, 0.00022673606872558594, 0.2481689453125, 0.4423828125, 12.0, 6.69921875, 6.05078125, 3.826171875, 7.01953125, 5.125, 4.4765625, 2.5859375, 4.109375, 5.1875, 1.63671875, 5.59375, 1.064453125, 6.9453125, 0.2685546875, 8.3203125, 5.9921875, 2.2578125, 3.66015625, 4.28125, 6.734375, 0.19287109375, 5.84375, 7.81640625, 2.8203125, 7.5234375, 4.4140625, 3.408203125, 1.91015625, 9.8671875, 0.318603515625, 1.5400390625, 5.21875, 1.65625, 1.7734375, 6.01171875, 0.0266265869140625, 8.546875, 7.87890625, 6.921875, 4.30859375, 0.023345947265625, 4.26953125, 0.23486328125, 0.96826171875, 9.875, 5.49609375, 3.94140625, 0.38037109375, 5.51171875, 4.7578125, 0.591796875, 10.375, 2.591796875, 7.015625, 0.0216827392578125, 2.263671875, 6.59375, 0.033905029296875, 5.39453125, 2.14453125, 0.8759765625, 1.5126953125, 0.71728515625, 7.736682891845703e-05, 5.173683166503906e-05, 4.744529724121094e-05, 1.239776611328125e-05, -0.0, 9.703125, 2.55078125, 1.080078125, 0.102294921875, 0.939453125, 4.34375, 7.2265625, 1.080078125, 4.88671875, 0.89501953125, 1.623046875, 1.83984375, 5.84375, 0.16748046875, 0.06378173828125, 0.05792236328125, 4.0546875, 1.658203125, 2.494140625, 4.06640625, 4.2265625, 4.359375, 1.6611328125, 8.46875, 0.197998046875, 1.9189453125, 4.9296875, 0.025421142578125, 9.046875, 0.82958984375, 1.4521484375, 1.6808509826660156e-05, 0.00015544891357421875, 4.696846008300781e-05, 6.4373016357421875e-06, -0.0, 8.65625, 3.880859375, 0.16748046875, 2.5234375, 1.430511474609375e-05, 0.0016336441040039062, 0.0001875162124633789, 1.5974044799804688e-05, 9.5367431640625e-07, 9.5390625, 0.4814453125, 0.7548828125, 0.18505859375, 0.7470703125, 0.00051116943359375, 1.55078125, 7.3125, 0.88037109375, 2.869140625, 0.0060577392578125, 0.021270751953125, 3.755859375, 8.3125, 1.6064453125, 6.62109375, 2.333984375, 1.9931640625, 1.705078125, 7.03125, 0.0660400390625, 4.96484375, 0.041534423828125, 1.818359375, 0.30859375, 1.615234375, 4.23046875, 6.2265625, 2.25390625, 12.1796875, 5.625, 3.595703125, 0.05694580078125, 0.1622314453125, 9.2421875, 0.01470947265625, 0.91015625, 4.0390625, 7.3671875, 0.312255859375, 0.101318359375, 0.12249755859375]",-0.7275397015399618
257,0,test,3.939548126486845,1.7161036381477621,2.4003448125106255,6.498999775541992,2.8310244731227407,3.9598044996194393,51.39537184529876,42.15627175265985,46.73449630825141,84.78599559192598,69.54442282763631,77.09703531106443,3.969130619087411,1.6772014837409386,2.365285129644366,6.20176659232408,2.6206273183452167,3.695758015069322,52.93848711756831,43.044480958146174,47.96637119008619,82.71638612120047,67.25700149710339,74.94745498450966,3.939548126486845,1.7161036381477621,2.4003448125106255,6.498999775541992,2.8310244731227407,3.9598044996194393,51.39537184529876,42.15627175265985,46.73449630825141,84.78599559192598,69.54442282763631,77.09703531106443,0.7939698492462312,-0.001030150753768888,-0.001030150753768888,0.6834170854271358,-0.006582914572864196,-0.0015829145728643024,0.5527638190954773,-0.012236180904522609,-0.027236180904522733,0.43410852713178294,0.08207757935615434,0.1596239910493087,0.44357976653696496,0.44221105527638194,0.09634639362224662,0.1550658132062651,0.4747474747474747,0.43410852713178294,0.08207757935615434,0.1596239910493087,0.44357976653696496,19.0,5.0,4.0,31.0,5.0,5.0,39.0,3.0,1.0,5.2212656137514486e-05,0.0001984813415821957,2.1477779408535024e-05,-0.00010015572628230274,-0.00015629801580718805,0.00010338106235963096,"[1.859375, 5.28125, 0.00511932373046875, 0.052032470703125, 2.68359375, 7.25, 7.58203125, 6.3125, 0.08038330078125, 1.697265625, 2.349609375, 7.96484375, 2.7734375, 2.16796875, 2.041015625, 4.90625, 3.513671875, 0.6064453125, 7.46484375, 12.546875, 1.474609375, 6.0546875, 0.02398681640625, 5.28125, 0.00525665283203125, 4.625, 0.0024356842041015625, 5.625, 2.9765625, 6.71875, 1.818359375, 1.6328125, 3.349609375, 9.2421875, 0.23291015625, 3.87109375, 1.1904296875, 0.5986328125, 0.99462890625, 6.53125, 2.78515625, 0.041778564453125, 6.09765625, 7.9609375, 6.3359375, 3.642578125, 4.28125, 0.67724609375, 3.005859375, 8.8203125, 7.75390625, 0.0002665519714355469, 3.96484375, 4.7265625, 3.72265625, 5.03125, 12.2265625, 4.9140625, 2.853515625, 6.57421875, 0.183837890625, 9.875, 3.841796875, 0.0084686279296875, 5.4765625, 9.2109375, 2.716796875, 2.302734375, 0.6708984375, 4.20703125, 9.7421875, 3.4296875, 4.3125, 0.054931640625, 1.7314453125, 4.1796875, 0.943359375, 4.2421875, 6.375, 6.640625, 1.28515625, 5.42578125, 9.71875, 6.734375, 4.31640625, 2.36328125, 4.6328125, 0.1705322265625, 1.0126953125, 3.173828125, 9.2578125, 8.5546875, 0.98291015625, 9.75, 2.2109375, 4.3828125, 2.48046875, 3.419921875, 2.54296875, 2.44140625, 1.0458984375, 6.7265625, 4.69140625, 10.0546875, 11.1015625, 5.859375, 0.59814453125, 1.794921875, 0.0008807182312011719, 7.80859375, 7.2109375, 7.80078125, 3.798828125, 1.4609375, 7.4453125, 5.1015625, 2.79296875, 4.41015625, 4.24609375, 0.28515625, 5.90625, 5.05078125, 7.9765625, 2.181640625, 1.556640625, 9.9140625, 3.771484375, 2.662109375, 5.4921875, 6.6953125, 0.65869140625, 1.4541015625, 6.12109375, 5.38671875, 0.033447265625, 10.2109375, 2.046875, 0.90283203125, 3.37109375, 4.32421875, 0.59033203125, 4.85546875, 5.33203125, 10.125, 1.37109375, 3.482421875, 0.1260986328125, 0.88232421875, 5.609375, 1.3974609375, 3.8359375, 3.486328125, 0.0355224609375, 2.7265625, 2.1484375, 0.1693115234375, 15.1015625, 3.041015625, 1.8447265625, 4.97265625, 6.73828125, 3.482421875, 2.56640625, 3.486328125, 4.1953125, 0.3154296875, 9.7734375, 0.055023193359375, 5.7734375, 0.195556640625, 0.39794921875, 0.01140594482421875, 5.48828125, 0.81298828125, 0.36572265625, 7.6484375, 4.4375, 2.021484375, 8.75, 3.66796875, 0.03851318359375, 0.035308837890625, 0.143310546875, 1.55078125, 2.98046875, 4.796875, 3.763671875, 6.1640625, 6.0703125, 2.798828125, 2.23828125, 8.953125, 6.8359375, 0.06085205078125, 5.2734375, 9.15625, 4.109375, 1.6875, 6.95703125, 5.5078125, 7.80859375, 0.845703125, 2.021484375, 10.15625, 3.86328125, 0.50830078125, 3.310546875, 7.7109375, 0.0877685546875, 0.455078125, 0.57958984375, 0.40673828125, 11.09375, 3.076171875, 9.7109375, 0.0037899017333984375, 0.00926971435546875, 0.48486328125, 8.578125, 5.71484375, 7.02734375, 4.11328125, 3.271484375, 8.4921875, 1.2255859375, 0.53369140625, 8.0078125, 0.06634521484375, 3.20703125, 0.04327392578125, 1.474609375, 6.93359375, 1.5771484375, 3.654296875, 3.96484375, 0.477294921875, 0.61572265625, 9.34375, 7.4765625, 0.1343994140625, 6.89453125, 2.69140625, 3.609375, 0.96826171875, 1.603515625, 2.01171875, 2.060546875, 7.6015625, 3.509765625, 0.83837890625, 3.779296875, 1.38671875, 0.0020923614501953125, 3.875, 11.7890625, 3.697265625, 4.87109375, 4.94921875]",-0.6132620656213095
386,0,test,3.3973077024732317,1.456155305509293,1.9854038312371558,6.480733715044045,2.777774523009575,3.7873736128491395,29.883536274434555,22.916761437854525,25.77977527061466,57.006093653948525,43.71621339503771,49.177723478183395,3.3732148654496847,1.3786454978162572,1.9947167510405326,5.7661792571789485,2.3566589706260808,3.4097722240009105,29.172161039444106,21.823123426528745,25.203224778658257,49.86694194776771,37.30448448979273,43.08243551907395,3.361648691537787,1.4678612356605878,2.047003971617273,6.342733380259975,2.7695495012463915,3.862271644560892,28.836694523292692,22.19220773860684,25.113266632819055,54.408857591118284,41.87209007284309,47.3835219487152,0.6984924623115578,-0.011507537688442149,0.0034924623115577536,0.542713567839196,-0.007286432160804046,0.0027135678391959628,0.4522613065326633,0.002261306532663321,-0.0027386934673366836,0.4342857142857143,0.11474220501324639,0.16546850998463902,0.4240687679083095,0.42211055276381915,0.10882734474376898,0.1600070469207474,0.38383838383838387,0.42140468227424754,0.10253990764987364,0.1677895543543365,0.40604026845637586,27.0,1.0,0.0,38.0,2.0,2.0,44.0,-1.0,0.0,0.0006571575274986997,-0.00012538839639240966,0.0001612496558413688,-0.004369889222521017,-0.004337357079720938,-0.004045037959933495,"[8.9609375, 9.015625, 1.4423828125, 6.7265625, 1.0458984375, 1.798828125, 10.2421875, 3.29296875, 0.023223876953125, 4.59765625, 1.72265625, 5.61328125, 2.802734375, 4.5078125, 1.84765625, 6.5234375, 2.15234375, 7.55078125, 1.91015625, 1.6611328125, 7.55078125, 5.23828125, 1.265625, 7.0078125, 0.341796875, 3.05078125, 5.08984375, 8.2890625, 7.51171875, 12.0703125, 3.546875, 8.3828125, 2.478515625, 0.8134765625, 1.859375, 1.12109375, 3.037109375, 1.740234375, 0.0210723876953125, 0.001903533935546875, 0.030670166015625, 0.0064239501953125, 0.424072265625, 4.4921875, 0.021270751953125, 0.051666259765625, 0.0015869140625, 0.060089111328125, 0.0097503662109375, 0.09356689453125, 1.2900390625, 3.40234375, 5.9453125, 0.223876953125, 3.404296875, 0.6396484375, 0.275146484375, 0.6552734375, 3.5390625, 10.4921875, 9.25, 0.271484375, 1.1015625, 4.52734375, 4.0234375, 0.148681640625, 0.0118255615234375, 1.326171875, 6.26953125, 1.74609375, 3.923828125, 2.30859375, 1.2021484375, 0.62158203125, 8.2421875, 9.0390625, 4.26953125, 7.4296875, 4.48046875, 3.259765625, 8.0390625, 2.63671875, 4.53125, 5.1953125, 6.4140625, 0.89892578125, 3.001953125, 7.4375, 10.3359375, 2.666015625, 0.388671875, 0.70263671875, 5.296875, 5.89453125, 3.193359375, 3.751953125, 2.58203125, 10.34375, 0.01499176025390625, 6.7109375, 0.10089111328125, 2.060546875, 7.70703125, 5.2578125, 1.6435546875, 7.43359375, 1.626953125, 7.30078125, 4.9453125, 7.234375, 0.51904296875, 4.58203125, 10.375, 0.740234375, 8.484375, 0.72314453125, 0.00272369384765625, 1.9765625, 6.03125, 8.40625, 5.54296875, 6.2578125, 8.125, 0.005359649658203125, 2.466796875, 4.09375, 0.0185546875, 7.59765625, 1.0869140625, 7.140625, 0.6552734375, 1.22265625, 0.7822265625, 8.359375, 0.82177734375, 3.18359375, 3.451171875, 4.62109375, 0.59423828125, 1.619140625, 0.00112152099609375, 4.55859375, 0.56103515625, 8.7734375, 7.37890625, 0.00867462158203125, 0.00708770751953125, 0.42529296875, 9.765625, 6.2265625, 1.24609375, 9.046875, 0.71923828125, 1.1474609375, 2.1484375, 3.8515625, 9.078125, 4.2578125, 0.87841796875, 2.466796875, 4.78515625, 0.0169525146484375, 2.419921875, 2.91015625, 0.031463623046875, 9.1953125, 3.197265625, 0.96337890625, 1.359375, 1.7392578125, 0.401611328125, 0.03802490234375, 0.002086639404296875, 0.06591796875, 4.48828125, 1.185546875, 3.337890625, 1.994140625, 2.033203125, 2.384765625, 8.2734375, 0.1324462890625, 1.7529296875, 1.7392578125, 0.1512451171875, 0.00782012939453125, 0.03240966796875, 0.00800323486328125, 0.453857421875, 3.685546875, 0.1170654296875, 0.00672149658203125, 0.0029201507568359375, 0.04473876953125, 4.5234375, 2.52734375, 3.529296875, 7.2578125, 0.1434326171875, 5.71875, 2.052734375, 3.455078125, 0.00047016143798828125, 1.4384765625, 4.078125, 0.65673828125, 0.0235443115234375, 0.00045299530029296875, 0.0024127960205078125, 0.0016574859619140625, 3.498046875, 1.7548828125, 0.006778717041015625, 0.0159454345703125, 0.00034046173095703125, 0.0026378631591796875, 0.0012578964233398438, 4.11328125, 3.884765625, 2.873046875, 0.97265625, 7.80078125, 1.3525390625, 7.66015625, 6.52734375, 8.8515625, 5.33984375, 0.1058349609375, 8.0234375, 0.6923828125, 6.62109375, 9.90625, 4.0, 0.375244140625, 5.45703125, 2.419921875, 8.7890625, 11.53125, 3.5703125, 5.65625, 3.158203125, 0.578125, 5.91796875, 0.46728515625, 0.0305938720703125, 0.0009889602661132812, 0.002841949462890625, 0.0002808570861816406, 6.4140625, 1.5283203125, 0.009368896484375, 0.01145172119140625, 0.0003132820129394531, 0.00275421142578125, 0.0004773139953613281, 5.15625, 2.923828125, 7.32421875, 4.58984375, 5.0, 1.1025390625, 0.40869140625, 5.3203125, 4.64453125, 4.0078125, 3.51171875, 5.91796875, 10.6484375, 0.0308074951171875, 7.40234375, 0.97021484375, 9.96875, 3.48828125, 9.2734375, 1.806640625, 0.951171875, 5.01953125, 4.0703125, 5.84375, 0.93310546875, 4.953125, 0.09051513671875, 1.4306640625, 4.7734375, 8.546875, 0.1715087890625, 2.359375, 0.320068359375, 1.4326171875, 5.8125, 10.0078125, 2.287109375, 2.671875, 2.142578125, 3.4296875, 3.02734375, 0.95751953125, 9.4375, 1.2490234375, 1.4814453125, 7.63671875, 0.011077880859375, 1.2294921875, 5.765625, 1.9443359375, 6.46875, 0.818359375, 10.4765625, 4.30859375, 4.6328125, 5.39453125, 1.7734375, 4.41015625, 0.0028476715087890625, 7.7109375, 6.484375, 3.97265625, 2.302734375, 1.4521484375, 5.3671875, 2.87109375, 0.0130462646484375, 6.06640625, 6.56640625, 0.9853515625, 0.132080078125, 1.7900390625, 4.84375, 3.49609375, 7.4453125, 0.017730712890625, 5.65234375, 2.568359375, 1.1005859375, 9.03125, 0.496337890625, 3.20703125, 1.6123046875, 7.5390625, 2.63671875, 6.8203125, 0.55419921875, 1.107421875, 6.6328125, 1.68359375, 6.1328125, 10.5546875, 1.673828125, 0.57763671875, 2.14453125]",-0.484489849635533
481,0,test,3.3860197946534933,1.5078275920516808,2.06749569785977,5.636727069923168,2.510089462062504,3.441772249966558,29.548110361602035,23.00644220604238,25.810209836830204,49.18891313137279,38.29895967241172,42.96640814013498,3.5240324777574394,1.5059026895116672,2.087108574659946,5.506300746495999,2.35297295236198,3.2611071479061655,33.92093847198258,26.396698627064076,29.713205975877514,53.00146636247278,41.244841604787624,46.426884337308614,3.3860197946534933,1.5078275920516808,2.06749569785977,5.636727069923168,2.510089462062504,3.441772249966558,29.548110361602035,23.00644220604238,25.810209836830204,49.18891313137279,38.29895967241172,42.96640814013498,0.7537688442211055,-0.006231155778894548,0.0037688442211054607,0.6331658291457287,-0.006834170854271293,-0.011834170854271298,0.5226130653266332,0.0026130653266331905,0.007613065326633195,0.45035460992907805,0.11407142408837012,0.18384517596681393,0.41637010676156583,0.44723618090452266,0.09886525358622689,0.17845487873423882,0.41414141414141414,0.45035460992907805,0.11407142408837012,0.18384517596681393,0.41637010676156583,26.0,14.0,15.0,38.0,14.0,15.0,47.0,15.0,15.0,0.000778008858379832,0.0002578361418687406,0.0001199960895357318,-0.00026647385093347964,0.00016949575638847136,1.9271695109068787e-05,"[3.783203125, 6.0390625, 0.5546875, 0.06243896484375, 0.0005536079406738281, 0.876953125, 0.0038299560546875, 0.02447509765625, 5.1171875, 3.861328125, 9.21875, 2.7578125, 1.46875, 9.3984375, 3.03515625, 2.783203125, 9.6640625, 8.578125, 0.79248046875, 1.421875, 1.984375, 6.328125, 5.71875, 5.8984375, 0.66845703125, 5.83203125, 1.9248046875, 1.70703125, 4.3203125, 4.984375, 3.169921875, 0.019805908203125, 5.1015625, 4.1015625, 2.140625, 5.7578125, 5.06640625, 3.03515625, 6.734375, 0.09771728515625, 1.1943359375, 8.8125, 2.1015625, 3.619140625, 4.28515625, 3.6015625, 2.330078125, 3.25390625, 8.75, 1.16015625, 4.62109375, 7.359375, 10.0078125, 5.8671875, 4.76953125, 1.6396484375, 5.49609375, 5.046875, 7.234375, 8.3828125, 5.2265625, 2.3203125, 0.55029296875, 4.6796875, 1.8369140625, 0.6962890625, 10.4453125, 4.60546875, 0.70703125, 0.201416015625, 6.4375, 8.6328125, 2.962890625, 3.326171875, 4.22265625, 3.74609375, 3.568359375, 1.4912109375, 0.6259765625, 4.90625, 6.078125, 1.0634765625, 0.77783203125, 6.3828125, 8.203125, 1.4541015625, 2.99609375, 0.91650390625, 0.03887939453125, 7.07421875, 3.513671875, 8.90625, 0.29248046875, 0.05206298828125, 0.0019140243530273438, 4.5546875, 4.484375, 0.6484375, 3.24609375, 6.99609375, 6.96484375, 6.21484375, 12.234375, 0.0127716064453125, 0.0357666015625, 0.00445556640625, 2.140625, 2.392578125, 7.15625, 3.673828125, 2.078125, 7.515625, 0.294189453125, 6.390625, 2.775390625, 1.4306640625, 7.59375, 0.05657958984375, 4.7265625, 0.044647216796875, 0.45654296875, 6.65234375, 0.61865234375, 5.7109375, 0.6025390625, 3.71484375, 0.43994140625, 4.6171875, 4.17578125, 1.3837890625, 2.03515625, 4.6484375, 2.306640625, 2.45703125, 1.642578125, 5.94140625, 0.381103515625, 0.1558837890625, 2.5078125, 2.81640625, 1.4013671875, 0.14990234375, 5.97265625, 3.5859375, 0.261962890625, 5.7734375, 4.8203125, 4.515625, 2.748046875, 5.87109375, 4.72265625, 6.546875, 3.146484375, 0.1060791015625, 2.763671875, 2.302734375, 0.10491943359375, 6.44921875, 1.7470703125, 4.66015625, 2.3203125, 0.1331787109375, 0.322509765625, 1.3037109375, 0.0006971359252929688, 11.7421875, 0.091552734375, 5.2578125, 9.046875, 0.97607421875, 1.2138671875, 6.3359375, 2.779296875, 4.2421875, 0.2095947265625, 2.60546875, 0.3857421875, 7.15234375, 6.66796875, 0.11810302734375, 6.4375, 1.26171875, 3.37890625, 7.921875, 0.1593017578125, 3.390625, 3.583984375, 2.880859375, 2.857421875, 3.119140625, 0.4404296875, 0.1767578125, 0.95556640625, 2.625, 2.787109375, 0.7041015625, 3.771484375, 8.3984375, 6.67578125, 4.30859375, 6.13671875, 2.8671875, 6.12109375, 5.82421875, 3.626953125, 2.328125, 5.859375, 0.45361328125, 0.58056640625, 2.990234375, 2.6640625, 0.005168914794921875, 0.8759765625, 4.28515625, 0.00240325927734375, 2.03125, 2.455078125, 4.12890625, 9.421875, 2.478515625, 0.81591796875, 2.58203125, 4.484375, 9.0390625, 0.1888427734375, 9.5546875, 0.00527191162109375, 0.9697265625, 2.48046875, 3.86328125, 1.4208984375, 4.54296875, 0.016632080078125, 4.72265625, 5.90234375, 7.8203125, 6.68359375, 4.83203125, 0.94677734375, 0.00035858154296875, 1.890625, 0.9892578125, 2.275390625, 7.44921875, 4.57421875, 1.642578125, 1.576171875, 9.8984375, 0.0582275390625, 3.7265625, 4.65625, 8.5234375, 0.599609375, 1.5712890625, 0.93505859375, 9.4296875, 1.1083984375, 3.515625, 4.41015625, 0.355712890625, 0.128662109375, 6.98828125, 4.15625, 0.8427734375, 4.78515625, 0.006015777587890625, 5.7265625, 0.39892578125, 2.55859375, 3.869140625, 3.075599670410156e-05, 0.407958984375, 3.404296875, 0.0002071857452392578, 0.11090087890625, 0.3515625, 0.490234375, 0.037689208984375, 3.591796875, 1.470703125, 3.119140625, 1.388671875]",-1.0106300428404031
395,0,test,3.379518922311919,1.4999647587735079,2.0666531812742193,5.862005044257094,2.601790723551579,3.584750271222566,29.356644888803245,22.806061166807073,25.639835009521995,50.921093912059945,39.55866165353572,44.47403480046716,3.5932713453494123,1.5332681516518774,2.1889206629777664,5.5709633261231195,2.37715992504167,3.393675446477157,36.352804196953684,28.50680932894078,32.27992290808171,56.36093673946308,44.1966036107609,50.04639210555304,3.379518922311919,1.4999647587735079,2.0666531812742193,5.862005044257094,2.601790723551579,3.584750271222566,29.356644888803245,22.806061166807073,25.639835009521995,50.921093912059945,39.55866165353572,44.47403480046716,0.728643216080402,0.0036432160804019675,-0.01635678391959805,0.592964824120603,0.002964824120602949,0.007964824120603065,0.4824120603015075,0.002412060301507535,0.002412060301507535,0.4035714285714286,0.0738031576266871,0.137538174414659,0.3691756272401434,0.4371859296482412,0.1113713933073891,0.17842132196877547,0.398989898989899,0.4035714285714286,0.0738031576266871,0.137538174414659,0.3691756272401434,24.0,0.0,0.0,38.0,0.0,2.0,42.0,-1.0,-1.0,0.0006471726933214506,0.0002247078831175055,0.00017614981986186358,-0.0002526140072118821,0.00017724280649034085,2.6280809047207754e-05,"[8.3359375, 2.953125, 2.525390625, 5.3359375, 9.484375, 1.0302734375, 9.0546875, 5.46875, 1.7373046875, 0.03515625, 2.185546875, 6.54296875, 2.2265625, 9.578125, 1.634765625, 0.50537109375, 1.23828125, 11.796875, 0.366943359375, 9.8828125, 9.484375, 2.87890625, 1.7841796875, 4.77734375, 3.638671875, 0.97998046875, 6.1640625, 5.109375, 13.140625, 5.8203125, 1.705078125, 0.34521484375, 3.728515625, 0.1392822265625, 0.08203125, 9.369850158691406e-05, 1.621246337890625e-05, 0.0001900196075439453, 1.4424324035644531e-05, 0.00011205673217773438, 1.955078125, 3.14453125, 2.16015625, 3.775390625, 2.283203125, 3.390625, 5.40234375, 7.9609375, 0.59375, 7.0703125, 2.548828125, 7.265625, 3.63671875, 0.10546875, 4.94140625, 2.634765625, 0.66455078125, 3.056640625, 5.55078125, 0.2763671875, 7.29296875, 0.30224609375, 7.7578125, 0.0732421875, 0.6015625, 8.0078125, 1.974609375, 3.51171875, 13.359375, 0.0171051025390625, 6.5625, 3.19921875, 7.49609375, 5.8359375, 8.875, 0.060089111328125, 1.4013671875, 9.1015625, 0.21826171875, 1.4892578125, 9.171875, 2.025390625, 7.1640625, 2.30859375, 1.03125, 2.15625, 5.73828125, 0.04449462890625, 5.99609375, 1.296875, 2.03125, 0.193115234375, 3.908203125, 0.33544921875, 2.32421875, 4.54296875, 0.0005931854248046875, 1.3662109375, 3.333984375, 6.45703125, 5.390625, 1.349609375, 4.46484375, 6.18359375, 5.0625, 0.47998046875, 9.6171875, 0.007221221923828125, 0.399169921875, 7.28125, 0.124267578125, 7.703125, 0.93017578125, 1.443359375, 1.525390625, 5.765625, 0.00968170166015625, 2.03515625, 6.203125, 0.240478515625, 1.3837890625, 3.6171875, 9.8515625, 3.26953125, 6.23828125, 8.640625, 0.139404296875, 9.921875, 0.8076171875, 1.8974609375, 0.055084228515625, 0.00394439697265625, 0.0567626953125, 0.000629425048828125, 0.01204681396484375, 0.003971099853515625, 0.030242919921875, 9.890625, 3.798828125, 5.4375, 2.978515625, 4.6953125, 0.6962890625, 1.986328125, 2.333984375, 0.01849365234375, 1.3134765625, 1.306640625, 0.0006122589111328125, 2.71484375, 7.9921875, 3.748046875, 2.771484375, 5.6640625, 1.6123046875, 10.8984375, 4.05859375, 5.0078125, 0.0003349781036376953, 7.33203125, 0.85400390625, 1.8349609375, 1.828125, 4.0078125, 12.015625, 0.025054931640625, 1.265625, 3.109375, 1.2412109375, 0.78125, 7.55859375, 1.2626953125, 5.2265625, 4.98828125, 6.75, 0.01502227783203125, 3.51171875, 4.1171875, 2.28515625, 4.38671875, 6.55078125, 4.91015625, 4.0078125, 4.36328125, 6.10546875, 0.054107666015625, 4.5546875, 5.24609375, 3.8203125, 1.1806640625, 6.94140625, 1.048828125, 12.46875, 1.5810546875, 1.9638671875, 9.9765625, 0.1251220703125, 1.3896484375, 2.26953125, 6.1875, 2.484375, 10.09375, 1.755859375, 10.890625, 1.5078125, 2.50390625, 0.418701171875, 3.021484375, 0.0016775131225585938, 2.880859375, 4.19921875, 0.292724609375, 1.33984375, 7.49609375, 0.400634765625, 2.2421875, 3.943359375, 0.250732421875, 2.345703125, 2.140625, 7.7421875, 3.134765625, 1.8388671875, 2.587890625, 2.01171875, 0.07855224609375, 9.421875, 0.3974609375, 2.205078125, 5.04296875, 2.94921875, 1.9853515625, 3.38671875, 1.662109375, 1.8896484375, 3.35546875, 0.018951416015625, 6.3359375, 3.212890625, 5.75390625, 0.61181640625, 2.83984375, 0.230712890625, 2.630859375, 6.203125, 3.1328125, 0.021820068359375, 3.2578125, 5.27734375, 0.43701171875, 1.4853515625, 3.208984375, 3.4140625, 3.92578125, 3.654296875, 6.77734375, 1.353515625, 7.8828125, 1.212890625, 0.51708984375, 8.1015625, 0.6396484375, 0.30419921875, 0.75146484375, 3.54296875, 0.54833984375, 2.705078125, 1.45703125, 1.51171875, 3.96484375, 1.5615234375, 2.11328125, 0.023681640625, 3.638671875, 1.81640625, 0.62939453125, 5.0234375, 3.970703125, 1.7490234375, 0.0225677490234375]",-0.8548927941492628
295,0,test,3.7760503641414993,1.6928503167461524,2.347511096730459,5.946194251579143,2.6657527976347457,3.69665540519624,43.6433256333384,35.613201011294855,39.470725947546,68.72569668698115,56.080557914337874,62.15505120475634,3.9755743220822897,1.6995622805673123,2.4121931970668014,5.889739736418207,2.517870045284907,3.5736195512100766,53.280708407605744,43.542939353666135,48.50576976079124,78.93438282608258,64.5080583017276,71.86039964561665,3.7760503641414993,1.6928503167461524,2.347511096730459,5.946194251579143,2.6657527976347457,3.69665540519624,43.6433256333384,35.613201011294855,39.470725947546,68.72569668698115,56.080557914337874,62.15505120475634,0.778894472361809,-0.006105527638191055,-0.0011055276381910506,0.6482412060301508,0.008241206030150772,-0.011758793969849135,0.5125628140703518,-0.01743718592964827,-0.0024371859296482556,0.43956043956043955,0.11232095144343768,0.18255678548004983,0.4117647058823529,0.42713567839195976,0.09129607939446605,0.14833768173085793,0.4191919191919192,0.43956043956043955,0.11232095144343768,0.18255678548004983,0.4117647058823529,28.0,0.0,1.0,40.0,1.0,0.0,47.0,0.0,0.0,0.0002628407623331154,0.0003237477619150774,-0.0002472295349514073,-0.016376889832836916,-0.017940964783338842,-0.01685903925481913,"[11.3828125, 8.4375, 5.3046875, 5.25, 8.6875, 7.03125, 1.306640625, 0.1397705078125, 2.998046875, 8.640625, 0.34033203125, 6.234375, 7.13671875, 2.005859375, 1.810546875, 5.41796875, 2.220703125, 7.6875, 3.759765625, 0.8759765625, 0.62158203125, 4.12890625, 3.7890625, 9.53125, 0.007633209228515625, 3.111328125, 1.0185546875, 4.11328125, 2.603515625, 0.85693359375, 3.119140625, 0.289306640625, 4.4609375, 4.9921875, 0.0018415451049804688, 3.8125, 3.638671875, 7.69921875, 12.171875, 5.64453125, 1.4794921875, 4.9140625, 4.56640625, 5.8046875, 7.94921875, 1.1337890625, 7.3671875, 0.734375, 0.0252227783203125, 8.46875, 0.94580078125, 0.83203125, 1.1298828125, 0.4267578125, 0.390625, 0.008209228515625, 3.933906555175781e-06, 0.0003025531768798828, 0.0014295578002929688, 0.00016617774963378906, 1.337890625, 8.453125, 0.2073974609375, 10.015625, 2.009765625, 1.6826171875, 0.2220458984375, 0.01300811767578125, 1.7861328125, 9.0, 6.34375, 1.314453125, 2.0625, 1.2421875, 1.3984375, 1.4833984375, 7.453125, 0.223876953125, 8.7421875, 8.65625, 0.01102447509765625, 1.3173828125, 6.2265625, 2.0859375, 4.89453125, 6.15234375, 0.73828125, 3.751953125, 3.66796875, 1.1611328125, 4.31640625, 3.5546875, 4.296875, 2.84375, 5.96875, 2.43359375, 1.6455078125, 2.318359375, 10.4140625, 3.53125, 1.8876953125, 0.8583984375, 5.43359375, 1.3056640625, 3.8203125, 7.4296875, 1.7109375, 1.9287109375, 4.0390625, 2.865234375, 3.884765625, 2.59375, 7.67578125, 4.69921875, 2.04296875, 7.8671875, 0.94775390625, 11.1796875, 4.7421875, 2.306640625, 3.87109375, 8.4609375, 0.53466796875, 5.75, 4.88671875, 8.9140625, 0.0017652511596679688, 10.921875, 5.68359375, 1.025390625, 2.41015625, 2.138671875, 0.322998046875, 8.890625, 4.29296875, 2.203125, 1.6787109375, 10.140625, 9.203125, 11.2421875, 0.00533294677734375, 8.21875, 8.328125, 6.2265625, 3.958984375, 6.4609375, 6.96484375, 0.314697265625, 3.40625, 5.5546875, 4.453125, 5.25, 2.150390625, 6.4140625, 0.171630859375, 10.4609375, 7.08984375, 5.8515625, 8.8125, 8.8515625, 3.03515625, 9.2578125, 7.08203125, 2.712890625, 1.267578125, 7.46484375, 1.0986328125, 2.751953125, 5.7109375, 2.3828125, 10.3515625, 2.876953125, 6.47265625, 0.05975341796875, 7.77734375, 2.083984375, 2.732421875, 5.3671875, 8.234375, 0.006511688232421875, 9.53125, 3.6484375, 1.8125, 0.78759765625, 0.578125, 2.400390625, 0.00582122802734375, 7.033348083496094e-06, 0.065185546875, 0.269775390625, 4.8515625, 2.826171875, 1.59375, 5.875, 2.62109375, 9.328125, 1.251953125, 0.384521484375, 3.1015625, 2.251953125, 3.09765625, 4.3671875, 2.02734375, 4.2890625, 4.61328125, 6.08984375, 4.7421875, 11.4453125, 1.3701171875, 4.31640625, 5.5703125, 3.69921875, 0.338134765625, 0.310302734375, 5.828125, 6.51953125, 4.0390625, 3.427734375, 6.0546875, 0.53564453125, 1.287109375, 1.0439453125, 0.0002677440643310547, 2.8046875, 1.6181640625, 0.011077880859375, 0.0006303787231445312, 0.018951416015625, 1.6570091247558594e-05, 0.02099609375, 4.0531158447265625e-06, 1.1920928955078125e-05, 0.0248260498046875, 0.0009298324584960938, 0.00014007091522216797, 12.7421875, 0.7724609375, 3.9375, 1.125, 6.03515625, 4.08203125, 4.19921875, 3.77734375, 1.4580078125, 1.4560546875, 5.34375, 1.748046875, 7.49609375, 0.17138671875, 1.0751953125, 6.3359375, 5.0859375, 0.1435546875, 2.482421875, 1.4677734375, 4.45703125, 3.728515625, 1.4912109375, 6.765625, 0.35888671875, 0.24658203125, 2.92578125, 1.099609375, 1.443359375, 1.3623046875, 8.859375, 3.556640625, 0.452880859375, 12.296875, 5.55078125, 1.8916015625, 7.45703125, 10.3828125]",-0.6210996755313523
230,0,test,2.810397940982472,1.175439912189137,1.6587949984453925,5.580358501519153,2.333967019886344,3.2937224429563186,16.61652930128455,11.487286589281144,13.453269930301204,32.99397185003263,22.80928847943594,26.712967631389436,2.9931393628144383,1.2127475050768517,1.7564034606475145,5.49199883085218,2.2252247799575255,3.2227586433899345,19.948208958998887,14.016028424955767,16.503856566040188,36.60221827339245,25.717483348542693,30.282305625761815,2.810397940982472,1.175439912189137,1.6587949984453925,5.580358501519153,2.333967019886344,3.2937224429563186,16.61652930128455,11.487286589281144,13.453269930301204,32.99397185003263,22.80928847943594,26.712967631389436,0.7185929648241206,-0.006407035175879372,-0.006407035175879372,0.5628140703517588,0.002814070351758735,0.002814070351758735,0.40703517587939697,-0.027964824120603082,-0.007964824120603065,0.40727272727272723,0.0951130176538525,0.14608772122677804,0.34671532846715325,0.40703517587939697,0.07620810821022406,0.12990662830009814,0.3787878787878788,0.40727272727272723,0.0951130176538525,0.14608772122677804,0.34671532846715325,19.0,0.0,0.0,31.0,-1.0,1.0,38.0,-3.0,-2.0,0.0006074986053664354,0.0004094233540393455,0.0001688340897389646,-0.0002179643979092205,0.00019661043173790915,4.380359388900246e-05,"[3.22265625, 6.23828125, 4.62890625, 4.390625, 9.875, 1.8984375, 1.1953125, 2.568359375, 2.734375, 2.642578125, 1.6533203125, 3.640625, 4.90234375, 1.87109375, 4.41796875, 0.0279083251953125, 5.95703125, 1.85546875, 7.55078125, 4.6328125, 1.1220703125, 8.015625, 7.46875, 5.5703125, 6.75390625, 0.58056640625, 0.06573486328125, 4.9296875, 0.285888671875, 2.935546875, 3.384765625, 8.984375, 1.666015625, 5.66796875, 0.42578125, 2.83984375, 4.140625, 0.015655517578125, 5.0546875, 0.5380859375, 4.9609375, 1.470703125, 2.802734375, 4.609375, 4.62109375, 4.60546875, 0.1751708984375, 3.240234375, 1.2060546875, 0.018218994140625, 0.002307891845703125, 1.9951171875, 0.113525390625, 9.2109375, 2.3984375, 1.1279296875, 5.87890625, 1.0087890625, 9.2421875, 2.51953125, 8.515625, 3.50390625, 5.47265625, 0.480712890625, 2.2578125, 6.015625, 6.34375, 2.8125, 0.7255859375, 0.11962890625, 0.74755859375, 0.1015625, 13.4921875, 7.3125, 1.81640625, 5.40625, 4.41796875, 2.408203125, 1.57421875, 3.75390625, 0.1278076171875, 7.203125, 1.7880859375, 1.4384765625, 5.359375, 5.328125, 0.1683349609375, 0.0261077880859375, 2.578125, 2.125, 3.453125, 9.078125, 1.0009765625, 0.471923828125, 3.150390625, 7.44140625, 2.134765625, 0.59228515625, 4.82421875, 0.27978515625, 0.021636962890625, 0.1221923828125, 0.056427001953125, 2.490234375, 0.061767578125, 2.892578125, 4.64453125, 11.4609375, 0.175537109375, 0.5361328125, 0.348876953125, 1.91015625, 4.91796875, 5.234375, 1.6162109375, 2.55078125, 1.3359375, 0.77001953125, 6.33203125, 2.248046875, 3.587890625, 0.2086181640625, 0.01922607421875, 0.07550048828125, 0.037872314453125, 0.9853515625, 0.07501220703125, 4.87890625, 2.72265625, 0.13525390625, 7.6953125, 0.66796875, 1.37890625, 6.21484375, 2.068359375, 3.0234375, 0.955078125, 1.8642578125, 1.83984375, 4.62890625, 0.0030879974365234375, 0.0157470703125, 0.001491546630859375, 0.1275634765625, 4.21875, 2.912109375, 0.0009055137634277344, 4.34375, 3.328125, 2.1953125, 1.3935546875, 3.5703125, 6.234375, 5.95703125, 1.5732421875, 0.67431640625, 1.29296875, 3.072265625, 1.357421875, 6.7421875, 6.484375, 1.1943359375, 2.060546875, 1.4189453125, 6.1953125, 2.8203125, 3.505859375, 0.990234375, 5.99609375, 0.7607421875, 1.216796875, 6.9921875, 3.43359375, 2.18359375, 6.73046875, 6.49609375, 1.4873046875, 0.583984375, 6.1015625, 0.734375, 3.263671875, 2.244140625, 2.0078125, 1.140625, 3.044921875, 2.240234375, 3.837890625, 0.82177734375, 0.09564208984375, 0.65771484375, 6.828125, 0.067138671875, 8.4765625, 0.210693359375, 5.4453125, 0.63720703125, 0.1806640625, 2.494140625, 1.0078125, 0.1048583984375, 0.78857421875, 1.4970703125, 0.0240936279296875, 2.64453125, 9.21875, 3.853515625, 0.1575927734375, 0.01427459716796875, 0.3564453125, 0.04327392578125, 9.4296875, 5.2578125, 3.693359375, 3.408203125, 0.7314453125, 4.33203125, 0.082763671875, 0.25, 0.034576416015625, 3.025390625, 4.20703125, 1.1337890625, 0.015777587890625, 2.58203125, 2.623046875, 0.0027980804443359375, 0.0023651123046875, 1.4794921875, 8.21875, 0.0340576171875, 4.08984375, 2.916015625, 4.87109375, 2.25, 0.009979248046875, 8.140625, 9.21875, 1.421875, 3.291015625, 0.69287109375, 1.486328125, 7.9296875, 0.89404296875, 1.5224609375, 1.9873046875, 1.91015625, 5.38671875, 0.400634765625, 4.015625, 3.41015625, 0.10833740234375, 1.494140625, 0.389404296875, 0.0029811859130859375, 0.018463134765625, 0.10986328125, 2.669921875, 1.87109375, 3.548828125, 7.30859375, 0.1536865234375, 2.3984375, 1.0908203125, 2.110004425048828e-05, 0.53125, 0.0560302734375, 3.044921875, 0.164306640625, 0.00382232666015625, 0.0254364013671875, 0.18212890625, 5.58984375, 6.61328125, 1.4189453125, 1.673828125]",-0.7820171533931384
171,0,test,3.2268378279355736,1.4378631245181175,1.9841333370080734,5.815812364302488,2.5914974918640494,3.57605427018897,25.199844602617674,19.216529954300018,21.73487281354311,45.41832457448535,34.634443522284926,39.17331728022305,2.990869012909319,1.2611464066997338,1.7474717489780063,5.069269513405626,2.137536282541922,2.9618165236915366,19.902970917205053,14.263881474148288,16.435597857544366,33.733849012211955,24.17607029516659,27.856945521261636,3.167160137441246,1.3770987316575434,1.9185395247059007,5.723783380917914,2.4887326475738734,3.4672401048901818,23.739970283704444,17.750150019006327,20.254438541839782,42.90356075368273,32.078584371698184,36.60440700332491,0.6331658291457287,-0.006834170854271293,-0.0018341708542712887,0.5025125628140703,-0.007487437185929702,0.002512562814070307,0.4170854271356784,-0.007914572864321623,-0.012914572864321627,0.4271844660194175,0.11700676004203459,0.1763771463208169,0.4025974025974026,0.42211055276381915,0.11383987607208979,0.1650153941661564,0.35858585858585856,0.4247491638795987,0.1092232874188308,0.1733587300642483,0.3959731543624161,19.0,6.0,5.0,33.0,8.0,8.0,40.0,8.0,7.0,0.00024892463592727734,0.000266087213371662,-0.0002745405763131708,-0.022676062772527317,-0.02320071908217436,-0.020827756225899385,"[2.88671875, 4.2109375, 0.69482421875, 1.36328125, 4.95703125, 6.74609375, 8.4140625, 7.0859375, 6.8984375, 6.2421875, 0.125, 0.00013947486877441406, 1.7021484375, 0.00807952880859375, 0.01366424560546875, 1.8095703125, 9.65625, 6.20703125, 0.1492919921875, 5.8203125, 9.015625, 1.392578125, 3.640625, 1.3671875, 4.27734375, 3.361328125, 9.71875, 0.08233642578125, 4.03515625, 3.240234375, 3.345703125, 2.630859375, 3.197265625, 9.75, 5.16015625, 3.89453125, 3.08984375, 7.5234375, 8.671875, 0.90771484375, 2.04296875, 9.1484375, 6.31640625, 0.6455078125, 10.03125, 1.275390625, 8.3828125, 0.9873046875, 1.154296875, 3.736328125, 4.4609375, 1.369140625, 7.6875, 0.1317138671875, 0.415283203125, 8.1953125, 4.109375, 5.328125, 2.375, 0.419189453125, 8.75, 5.82421875, 6.828125, 0.544921875, 8.84375, 0.7666015625, 3.015625, 1.9296875, 1.439453125, 0.1641845703125, 2.150390625, 1.005859375, 4.2734375, 8.6484375, 0.31396484375, 7.2890625, 1.53125, 0.06756591796875, 0.0989990234375, 4.2578125, 0.01525115966796875, 7.6015625, 7.44921875, 1.423828125, 1.2421875, 2.400390625, 7.5546875, 3.330078125, 5.80078125, 13.8125, 2.568359375, 3.974609375, 0.07275390625, 4.81640625, 0.00476837158203125, 0.09136962890625, 5.269050598144531e-05, 0.0006928443908691406, 0.0015163421630859375, 0.023223876953125, 0.0816650390625, 0.1719970703125, 9.6953125, 0.51513671875, 1.4326171875, 5.20703125, 1.357421875, 0.019866943359375, 1.8671875, 3.6953125, 1.0078125, 4.7734375, 4.05859375, 0.0001380443572998047, 4.25, 1.1205673217773438e-05, 0.00017082691192626953, 3.516674041748047e-05, 4.7206878662109375e-05, 0.0004911422729492188, 0.0016069412231445312, 0.003997802734375, 2.806640625, 0.147216796875, 0.00025010108947753906, 3.416015625, 1.1682510375976562e-05, 0.0016012191772460938, 2.4199485778808594e-05, 8.106231689453125e-06, 5.5789947509765625e-05, 0.0006384849548339844, 0.0003190040588378906, 0.83984375, 2.345703125, 2.66796875, 0.331298828125, 8.1328125, 8.09375, 1.408203125, 3.630859375, 3.671875, 0.1917724609375, 10.2890625, 0.199951171875, 0.0022983551025390625, 6.08203125, 4.05859375, 1.1533203125, 8.2421875, 3.25, 1.6650390625, 5.546875, 1.1279296875, 4.45703125, 3.060546875, 5.88671875, 1.845703125, 3.634765625, 0.8203125, 2.486328125, 6.580352783203125e-05, 3.447265625, 2.9802322387695312e-06, 0.0002930164337158203, 8.702278137207031e-06, 3.337860107421875e-06, 0.0001481771469116211, 0.0004563331604003906, 8.738040924072266e-05, 1.4970703125, 5.1875, 4.73828125, 9.1171875, 3.0078125, 2.837890625, 5.33984375, 4.5703125, 0.1826171875, 10.4921875, 5.42578125, 2.63671875, 3.35546875, 1.150390625, 4.390625, 1.5712890625, 1.572265625, 3.75390625, 2.62890625, 1.7666015625, 5.3763389587402344e-05, 4.53515625, 0.00023889541625976562, 0.0003306865692138672, 2.372264862060547e-05, 5.7220458984375e-06, 5.424022674560547e-05, 0.0001704692840576172, 0.0001672506332397461, 0.806640625, 2.318359375, 0.00011658668518066406, 7.10546875, 0.348388671875, 0.2060546875, 2.28125, 5.890625, 0.07269287109375, 0.034271240234375, 7.5390625, 5.44140625, 1.4208984375, 4.08984375, 0.81201171875, 0.279541015625, 0.1339111328125, 5.92578125, 3.384765625, 5.3203125, 0.9248046875, 5.1640625, 2.708984375, 4.65625, 8.53125, 6.23046875, 9.5390625, 3.9609375, 6.69921875, 1.9482421875, 1.1669921875, 2.966796875, 3.90234375, 11.875, 2.212890625, 6.07421875, 3.3671875, 2.4765625, 4.17578125, 0.355712890625, 0.68359375, 6.92578125, 0.360595703125, 8.9765625, 2.353515625, 5.46484375, 5.25390625, 0.331298828125, 8.4921875, 1.828125, 8.2109375, 2.515625, 1.3984375, 5.45703125, 6.0625, 3.11328125, 6.89453125, 5.37109375, 6.125, 1.2119140625, 0.1480712890625, 3.705078125, 1.98046875, 1.98046875, 5.046875, 4.22265625, 1.9169921875, 4.94140625, 1.6708984375, 2.177734375, 6.625, 1.5439453125, 0.18408203125, 7.47265625, 4.57421875, 1.7626953125, 1.4423828125, 2.80078125, 1.4970703125, 0.00942230224609375, 11.8984375, 2.13671875, 5.45703125, 0.30810546875, 5.36328125, 0.87939453125, 7.65625, 4.234375, 0.008514404296875, 5.23828125, 2.8203125, 0.7236328125, 6.5, 2.09375, 2.69921875, 3.16015625, 0.00016200542449951172, 8.5703125, 0.1552734375, 1.611328125, 10.609375, 0.051513671875, 2.74609375, 8.7734375, 1.2431640625, 8.140625, 7.296875, 0.998046875, 3.51953125, 2.841796875]",-0.6861258008333473
478,0,test,4.250864319350003,1.9585914715693016,2.69542091878958,6.324456670252444,2.9140019455055466,4.010260391369863,70.16603200471695,60.2686245678563,65.4288454740012,104.39336468994475,89.66795362534718,97.34535546131887,4.351393436067667,1.9484809821676623,2.7423791860654254,6.5930203576782835,2.952243912375246,4.155119978887008,77.58649946349195,66.53117179296193,72.58861732698996,117.55530221741203,100.80480574691201,109.98275352574237,4.250864319350003,1.9585914715693016,2.69542091878958,6.324456670252444,2.9140019455055466,4.010260391369863,70.16603200471695,60.2686245678563,65.4288454740012,104.39336468994475,89.66795362534718,97.34535546131887,0.8090452261306533,0.009045226130653283,-0.0009547738693467256,0.728643216080402,0.008643216080401972,0.0036432160804019675,0.6331658291457287,-0.0268341708542712,-0.021834170854271306,0.4897119341563786,0.1283156302549412,0.2188501010510434,0.4504132231404959,0.48743718592964824,0.11901613329806926,0.2119780874321524,0.43939393939393945,0.4897119341563786,0.1283156302549412,0.2188501010510434,0.4504132231404959,18.0,-1.0,3.0,32.0,0.0,1.0,40.0,1.0,1.0,0.00044232824827508216,0.00019271764124794802,2.4202746012133124e-05,3.793101625682027e-06,-7.384872300431056e-05,-9.33731963588258e-05,"[7.17578125, 7.6796875, 7.671875, 4.58984375, 8.1328125, 1.1171875, 9.8828125, 8.09375, 7.1484375, 3.5390625, 7.03515625, 3.61328125, 3.291015625, 2.267578125, 5.23828125, 4.828125, 1.0771484375, 4.38671875, 7.98046875, 6.05078125, 5.1875, 0.004146575927734375, 6.01171875, 4.37890625, 6.66796875, 8.4296875, 5.51953125, 3.177734375, 7.5625, 5.01171875, 3.642578125, 0.8056640625, 0.41845703125, 7.44140625, 2.408203125, 7.94140625, 0.06494140625, 2.9921875, 3.310546875, 7.7109375, 0.055206298828125, 9.484375, 5.92578125, 1.400390625, 9.203125, 3.666015625, 5.36328125, 4.74609375, 1.7568359375, 2.357421875, 1.138671875, 5.51953125, 0.89453125, 7.74609375, 3.3203125, 0.102294921875, 1.9111328125, 6.40234375, 0.0811767578125, 7.51171875, 3.939453125, 2.83984375, 5.43359375, 4.64453125, 2.984375, 1.423828125, 0.0147552490234375, 4.5859375, 3.78515625, 8.1640625, 1.58984375, 5.234375, 0.1669921875, 4.171875, 3.916015625, 0.46875, 1.9248046875, 8.6328125, 4.484375, 9.28125, 3.50390625, 7.52734375, 5.46875, 4.4375, 1.830078125, 0.0411376953125, 0.04681396484375, 0.005008697509765625, 7.28125, 9.2109375, 0.255615234375, 6.125, 0.275390625, 4.69140625, 5.98828125, 3.857421875, 0.322021484375, 3.00390625, 0.330810546875, 9.8984375, 2.20703125, 5.5546875, 4.05859375, 1.1171875, 7.859375, 4.72265625, 4.54296875, 3.560546875, 8.8359375, 3.708984375, 0.9755859375, 9.6953125, 6.6640625, 0.107666015625, 2.654296875, 0.451171875, 6.57421875, 5.99609375, 1.5966796875, 4.8828125, 5.640625, 3.517578125, 3.9140625, 0.036041259765625, 16.3125, 1.2734375, 3.552734375, 6.96875, 4.3984375, 6.35546875, 0.2159423828125, 4.76953125, 6.890625, 2.45703125, 4.9609375, 5.70703125, 0.88720703125, 7.0234375, 6.328125, 1.8837890625, 6.1484375, 8.3515625, 3.390625, 3.935546875, 11.515625, 6.9140625, 0.54052734375, 8.59375, 5.50390625, 5.97265625, 7.90234375, 0.7509765625, 1.814453125, 0.39208984375, 3.087890625, 7.828125, 5.2734375, 3.5625, 0.814453125, 0.62060546875, 5.09765625, 10.796875, 1.486328125, 5.9453125, 1.572265625, 0.60205078125, 8.0625, 3.33203125, 2.0703125, 5.83984375, 0.35986328125, 7.21484375, 2.90234375, 4.0, 0.5703125, 0.88525390625, 7.20703125, 5.6796875, 2.259765625, 3.705078125, 6.0625, 1.8779296875, 8.328125, 10.1171875, 0.92822265625, 7.65625, 0.47216796875, 0.91162109375, 0.0640869140625, 5.76953125, 9.5, 8.4140625, 9.765625, 5.703125, 3.94140625, 2.62890625, 0.01541900634765625, 0.7724609375, 2.236328125, 6.953125, 0.49658203125, 0.0096893310546875, 7.15625, 3.001953125, 1.177734375, 7.19921875, 0.69921875, 7.2734375, 7.20703125, 0.408447265625, 6.9140625, 5.94140625, 0.5537109375, 5.8828125, 5.43359375, 4.859375, 4.8203125, 0.52734375, 1.705078125, 4.65234375, 7.6640625, 0.06787109375, 3.046875, 3.78125, 4.96875, 1.7431640625, 1.490234375, 7.015625, 1.685546875, 2.65234375, 2.3359375, 5.92578125, 5.30078125, 3.359375, 3.99609375, 0.82275390625, 7.79296875, 0.572265625, 1.2529296875, 2.0390625, 0.31005859375, 6.1796875, 9.6953125]",-0.4623190836651334
176,0,test,3.428496240389229,1.5540173603616592,2.148760468582971,5.485593984622766,2.4864277765786547,3.438016749732753,30.83024659446896,24.312824717956374,27.234557076976493,49.32839455115034,38.9005195487302,43.575291323162396,3.7758616861985557,1.7146564741623846,2.3685825631486113,5.280925435242735,2.3981209428844537,3.3127028855225324,43.635091877223196,35.77966030908701,39.55026591601104,61.02810052758489,50.04148294977204,55.31505722519027,3.4124503079864095,1.5553167996607913,2.140279196646157,5.445399427637887,2.481888510097007,3.415339143584293,30.33949435977664,23.934144810321573,26.77090239152619,48.41408674432442,38.19278427178974,42.719525092860934,0.7738693467336684,-0.016130653266331674,-0.01113065326633167,0.6331658291457287,-0.006834170854271293,0.0031658291457287158,0.5477386934673367,0.007738693467336688,0.0027386934673367946,0.42244224422442245,0.11436975658027093,0.1743632101958824,0.3807947019867549,0.4321608040201005,0.10133373635092757,0.17172674725883175,0.40909090909090906,0.4280936454849499,0.12091501443319697,0.18004025282644043,0.3791946308724832,25.0,1.0,1.0,38.0,2.0,2.0,48.0,-1.0,0.0,0.001644130523961937,0.00015563182625721815,0.00024121059372343029,0.0004912393671849813,8.815173034548707e-05,-5.432400123339676e-05,"[8.59375, 3.86328125, 5.0859375, 3.3203125, 3.373046875, 0.39697265625, 0.454833984375, 1.443359375, 0.984375, 5.50390625, 2.83203125, 1.3046875, 7.703125, 0.27783203125, 5.6484375, 0.19189453125, 2.53515625, 4.39453125, 0.08734130859375, 4.9453125, 4.4140625, 1.796875, 0.8486328125, 7.09765625, 8.5625, 3.298828125, 1.021484375, 3.4375, 4.69921875, 10.2578125, 3.43359375, 7.36328125, 8.59375, 1.791015625, 10.984375, 5.78125, 1.1162109375, 5.265625, 0.31640625, 10.15625, 0.0830078125, 0.60498046875, 10.1015625, 0.142822265625, 0.50830078125, 1.4140625, 4.18359375, 0.673828125, 0.62841796875, 1.2646484375, 6.11328125, 3.115234375, 10.1328125, 1.9296875, 8.265625, 9.09375, 1.890625, 3.1015625, 6.84375, 0.0170135498046875, 2.73046875, 11.671875, 5.39453125, 2.126953125, 3.111328125, 7.05859375, 4.88671875, 0.8818359375, 0.1304931640625, 6.62109375, 2.375, 1.06640625, 1.994140625, 6.48046875, 2.396484375, 9.671875, 3.244140625, 5.6640625, 3.3359375, 5.35546875, 1.6806640625, 9.2109375, 7.6796875, 1.47265625, 0.020355224609375, 0.420166015625, 4.7890625, 0.50927734375, 5.6328125, 4.7734375, 8.78125, 1.552734375, 0.26611328125, 1.5732421875, 6.359375, 10.171875, 1.3984375, 0.0016298294067382812, 3.701171875, 7.7578125, 7.2734375, 2.91015625, 3.072265625, 0.00036025047302246094, 3.84765625, 2.41796875, 3.42578125, 8.2890625, 2.32421875, 1.6484375, 7.234375, 5.54296875, 5.6640625, 1.119140625, 0.0007348060607910156, 0.00827789306640625, 5.1796875, 0.44580078125, 10.6953125, 1.88671875, 10.40625, 2.03125, 4.56640625, 5.94140625, 1.3330078125, 1.134765625, 6.20703125, 4.1171875, 0.11590576171875, 0.95263671875, 1.185546875, 6.0703125, 4.58984375, 3.41015625, 11.71875, 4.73046875, 8.0, 2.271484375, 3.017578125, 3.13671875, 0.00728607177734375, 9.7265625, 3.53125, 3.931640625, 4.68359375, 4.86328125, 5.796875, 10.6171875, 10.0390625, 4.40625, 3.16796875, 2.599609375, 6.0, 10.5234375, 0.08380126953125, 1.6962890625, 1.1748046875, 4.2578125, 5.51953125, 0.00220489501953125, 2.560546875, 3.232421875, 0.287109375, 6.34375, 0.317138671875, 3.453125, 4.92578125, 0.75146484375, 3.560546875, 2.16015625, 6.71875, 3.671875, 4.21484375, 6.30859375, 1.4091796875, 4.37890625, 1.7890625, 1.4697265625, 6.16015625, 4.55859375, 0.30615234375, 3.447265625, 1.88671875, 8.734375, 0.00827789306640625, 6.3671875, 0.02276611328125, 1.91796875, 6.0625, 1.5458984375, 0.33642578125, 0.60791015625, 0.0006961822509765625, 0.00856781005859375, 3.0703125, 0.2496337890625, 1.52734375, 0.0899658203125, 6.5859375, 0.2208251953125, 2.220703125, 3.30078125, 2.927734375, 0.7451171875, 5.70703125, 2.826171875, 8.1328125, 1.453125, 4.49609375, 0.036224365234375, 0.79052734375, 7.8203125, 6.5390625, 5.3046875, 0.010986328125, 0.58056640625, 6.08984375, 2.9609375, 0.210205078125, 1.248046875, 0.057952880859375, 0.40966796875, 6.5390625, 3.76171875, 6.1875, 5.99609375, 1.86328125, 7.6875, 3.28125, 1.2421875, 6.515625, 1.3232421875, 1.0771484375, 0.9482421875, 6.01953125, 1.7666015625, 0.0176239013671875, 0.03619384765625, 0.01367950439453125, 1.64453125, 0.0002503395080566406, 0.004177093505859375, 3.662109375, 0.41064453125, 3.05859375, 0.01068115234375, 9.8828125, 1.2666015625, 5.58203125, 3.421875, 11.734375, 1.0712890625, 4.01953125, 8.6953125, 3.595703125, 0.207275390625, 0.9326171875, 4.421875, 0.2313232421875, 4.8515625, 1.6328125, 0.0287933349609375, 10.5546875, 0.373046875, 0.3212890625, 0.00617218017578125, 0.962890625, 3.8984375, 0.11126708984375, 0.00363922119140625, 0.0012006759643554688, 0.00460052490234375, 1.3740234375, 0.0487060546875, 0.002338409423828125, 0.049346923828125, 0.197265625, 0.441162109375, 4.32421875, 2.64453125, 0.006229400634765625, 0.0221099853515625, 0.0022220611572265625, 0.0207061767578125, 1.5908203125, 2.87890625, 3.796875, 5.98046875, 0.5966796875, 2.134765625, 0.88427734375, 0.02398681640625, 7.265625, 5.76953125, 9.4140625, 0.202392578125, 5.08203125, 0.77392578125, 0.99072265625, 8.5546875, 1.5546875, 3.078125, 5.32421875]",-0.7990781080604781
432,0,test,3.6096926312292776,1.693926680372004,2.2877143022150745,6.329672289972466,2.970336221215697,4.011555360926434,36.954692350625756,30.16255310064516,33.203857923934244,64.80083376975925,52.890674099018625,58.223666359574835,3.7352303691844844,1.7093118615487417,2.3699250610749525,6.123328474072926,2.802150592702856,3.8851230509425454,41.89767638497466,34.31460352779047,37.98075764846268,68.68471538520436,56.25344840621388,62.26353712862734,3.6096926312292776,1.693926680372004,2.2877143022150745,6.329672289972466,2.970336221215697,4.011555360926434,36.954692350625756,30.16255310064516,33.203857923934244,64.80083376975925,52.890674099018625,58.223666359574835,0.7638190954773869,-0.016180904522613115,-0.001180904522613102,0.6281407035175879,-0.01185929648241213,-0.01185929648241213,0.4974874371859297,0.012487437185929706,0.0024874371859296973,0.41129032258064513,0.08533458817420647,0.14989622070396957,0.39676113360323884,0.40703517587939697,0.07119557688190326,0.14493167003632523,0.3939393939393939,0.41129032258064513,0.08533458817420647,0.14989622070396957,0.39676113360323884,17.0,-2.0,-1.0,32.0,0.0,0.0,39.0,-1.0,-2.0,0.00025048685400884266,0.0003743274478216141,0.00024787832901693977,-3.085650767697956e-05,-0.00010133182060556578,-0.00011602607612637428,"[5.3359375, 3.001953125, 3.302734375, 2.54296875, 5.00390625, 1.3994140625, 4.109375, 0.04583740234375, 6.1171875, 5.81640625, 0.16015625, 7.1875, 6.12890625, 3.17578125, 4.7890625, 0.06805419921875, 2.458984375, 2.248046875, 2.58203125, 4.78515625, 0.19775390625, 1.732421875, 5.73046875, 0.049407958984375, 9.4453125, 5.55078125, 12.5703125, 4.83203125, 10.7109375, 0.87548828125, 1.494140625, 4.828125, 0.07147216796875, 0.370361328125, 0.44775390625, 2.619140625, 0.03753662109375, 0.363037109375, 5.89453125, 1.3837890625, 7.234375, 4.6640625, 6.13671875, 2.15234375, 1.947265625, 10.7265625, 0.339599609375, 2.171875, 4.03125, 3.75390625, 2.34765625, 1.2841796875, 6.09765625, 1.638671875, 2.6328125, 0.58447265625, 2.5234375, 0.40966796875, 6.390625, 3.291015625, 1.5146484375, 3.98828125, 16.21875, 1.705078125, 4.4140625, 11.15625, 4.9375, 4.359375, 3.099609375, 1.4658203125, 6.984375, 0.461181640625, 7.99609375, 3.85546875, 2.10546875, 7.9609375, 12.6875, 0.164794921875, 2.32421875, 5.3984375, 0.41552734375, 0.302978515625, 7.12109375, 0.071533203125, 0.6748046875, 2.166015625, 7.40625, 9.75, 6.88671875, 1.6533203125, 0.50341796875, 2.046875, 0.03955078125, 7.453125, 4.30859375, 1.9033203125, 7.83984375, 5.87109375, 1.462890625, 1.916015625, 3.46484375, 0.0338134765625, 3.953125, 3.904296875, 3.908203125, 3.7734375, 3.25, 6.9453125, 0.55615234375, 10.9140625, 2.076171875, 4.28515625, 2.544921875, 1.474609375, 0.01322174072265625, 0.26123046875, 3.1484375, 0.9189453125, 2.2109375, 6.55859375, 8.2421875, 4.515625, 3.01171875, 2.482421875, 15.8515625, 9.5, 1.3662109375, 1.619140625, 9.3671875, 1.5107421875, 3.2265625, 0.0699462890625, 1.5009765625, 8.2890625, 5.2578125, 0.014312744140625, 2.080078125, 0.413818359375, 15.3046875, 1.6396484375, 7.33203125, 0.79736328125, 3.818359375, 4.7578125, 6.51953125, 9.578125, 0.77392578125, 5.16796875, 4.59375, 2.462890625, 0.274169921875, 0.826171875, 4.953125, 2.404296875, 2.923828125, 2.765625, 2.34765625, 7.21875, 0.2176513671875, 1.220703125, 7.5234375, 8.1015625, 2.626953125, 9.296875, 1.111328125, 0.80419921875, 2.517578125, 0.56689453125, 5.17578125, 8.0234375, 7.69140625, 0.257080078125, 0.0013265609741210938, 0.04376220703125, 6.1015625, 0.931640625, 4.87890625, 2.724609375, 0.6787109375, 2.552734375, 5.796875, 4.65625, 6.7265625, 0.1624755859375, 2.078125, 2.361328125, 2.8203125, 8.96875, 3.392578125, 0.56982421875, 3.72265625, 1.1943359375, 3.15625, 0.541015625, 4.796875, 3.55078125, 1.0947265625, 4.7109375, 0.40283203125, 1.640625, 0.625, 5.33203125, 0.83251953125, 3.19140625, 0.4599609375, 4.9375, 1.2451171875, 8.9765625, 1.2587890625, 2.466796875, 11.9453125, 4.7734375, 0.55517578125, 0.3759765625, 2.642578125, 6.65234375, 3.751953125, 1.8154296875, 4.22265625, 2.58203125, 0.006130218505859375, 3.01953125, 0.44970703125, 3.912109375, 1.029296875, 1.927734375, 5.3359375, 2.2734375, 3.755859375, 2.6796875, 3.3359375, 4.9765625, 2.166015625, 3.208984375, 1.65625, 0.08447265625, 5.51953125, 3.134765625, 9.984375, 0.12066650390625, 6.87109375, 4.1171875, 0.43115234375, 1.66796875, 1.318359375, 0.002552032470703125, 5.65234375, 1.1435546875]",-0.679338397518281
247,0,test,3.833413010905225,1.7196329839138342,2.3586323825849087,5.65154603893456,2.5352303419986812,3.477298026896608,46.22001876805034,37.94053990648941,41.84994177141202,68.14151338375422,55.935195976424396,61.698771297281716,3.9265421718808273,1.7215809622131721,2.4134970585274482,5.415920237077003,2.374594430638858,3.32896146003786,50.73125407643257,41.66135433982506,46.190717864867,69.9741435537001,57.46393702044836,63.71133498602345,3.833413010905225,1.7196329839138342,2.3586323825849087,5.65154603893456,2.5352303419986812,3.477298026896608,46.22001876805034,37.94053990648941,41.84994177141202,68.14151338375422,55.935195976424396,61.698771297281716,0.8391959798994975,0.014195979899497502,0.014195979899497502,0.6834170854271358,-0.006582914572864196,-0.006582914572864196,0.5175879396984925,-0.007412060301507539,-0.002412060301507535,0.42801556420233466,0.0804427486683541,0.14341013082587928,0.42578125,0.42211055276381915,0.07373962544552337,0.13329586161189932,0.43434343434343436,0.42801556420233466,0.0804427486683541,0.14341013082587928,0.42578125,26.0,7.0,5.0,40.0,9.0,9.0,46.0,5.0,6.0,0.0005518350499497237,0.00020208414176379287,0.00013969079848901635,-9.322580442105988e-05,-0.00015080139628764755,0.00010688561932692409,"[2.73828125, 8.4453125, 10.1875, 9.171875, 2.919921875, 2.591796875, 2.783203125, 1.5693359375, 1.7998046875, 6.015625, 2.54296875, 1.1396484375, 2.4765625, 6.2578125, 1.8369140625, 4.20703125, 1.353515625, 0.97705078125, 7.48828125, 6.47265625, 0.6552734375, 0.26611328125, 1.64453125, 9.203125, 8.0546875, 4.734375, 0.7021484375, 7.5859375, 4.80078125, 1.9794921875, 2.33203125, 10.265625, 1.43359375, 3.77734375, 4.16796875, 0.313232421875, 4.18359375, 2.08203125, 6.66796875, 5.734375, 8.4609375, 0.53369140625, 1.4462890625, 2.7109375, 6.2890625, 7.47265625, 1.1708984375, 0.3193359375, 0.28369140625, 0.1632080078125, 0.8994140625, 4.859375, 5.17578125, 2.685546875, 3.76953125, 0.92333984375, 2.833984375, 2.072265625, 0.2489013671875, 2.904296875, 0.1641845703125, 6.73046875, 3.068359375, 3.794921875, 8.375, 0.0026416778564453125, 6.68359375, 2.591796875, 1.0390625, 3.68359375, 2.7109375, 5.83203125, 0.016387939453125, 2.03515625, 6.4921875, 0.30908203125, 12.34375, 3.8359375, 2.056640625, 1.0625, 6.56640625, 1.6416015625, 6.12109375, 1.7275390625, 5.82421875, 10.2265625, 11.5, 3.115234375, 1.0888671875, 11.7734375, 5.18359375, 9.21875, 2.962890625, 11.0, 6.90625, 5.7265625, 1.4462890625, 2.83203125, 1.091796875, 5.046875, 2.32421875, 3.267578125, 0.221435546875, 12.5390625, 5.3515625, 5.5859375, 3.32421875, 10.015625, 1.77734375, 4.44921875, 4.9296875, 4.875, 9.484375, 2.78125, 2.060546875, 4.53125, 4.7421875, 2.966796875, 1.322265625, 3.2109375, 4.328125, 5.19140625, 2.171875, 3.966796875, 2.1328125, 4.5, 0.34423828125, 7.0078125, 6.78515625, 1.494140625, 0.56884765625, 2.650390625, 2.8359375, 2.7890625, 1.6533203125, 6.19140625, 2.673828125, 4.08984375, 1.12109375, 3.98046875, 0.322021484375, 6.4453125, 4.3984375, 5.4609375, 1.5341796875, 7.3046875, 6.5, 0.3623046875, 1.9228515625, 0.0019626617431640625, 2.365234375, 6.87890625, 3.484375, 1.84375, 7.79296875, 0.09051513671875, 7.3984375, 6.19140625, 10.0078125, 0.0299072265625, 2.80078125, 11.375, 0.2230224609375, 6.21484375, 2.130859375, 7.7265625, 0.153076171875, 4.76953125, 8.296875, 10.5703125, 3.6484375, 4.62890625, 3.50390625, 0.50537109375, 5.17578125, 1.80078125, 2.484375, 3.23828125, 8.8984375, 7.2421875, 3.6640625, 0.06414794921875, 4.83203125, 3.66796875, 4.12890625, 3.09765625, 4.5859375, 1.7998046875, 7.1484375, 1.568359375, 0.0003561973571777344, 0.0714111328125, 2.41015625, 0.00041484832763671875, 2.37109375, 0.1094970703125, 7.26953125, 0.0219268798828125, 5.15625, 1.35546875, 8.1171875, 9.7734375, 3.92578125, 2.1171875, 11.546875, 0.70458984375, 7.9765625, 0.07012939453125, 4.20703125, 1.146484375, 4.25390625, 3.58203125, 4.3828125, 8.3046875, 1.013671875, 0.0002765655517578125, 0.478515625, 1.08984375, 0.000370025634765625, 1.3212890625, 0.251708984375, 3.46875, 1.19921875, 1.3994140625, 8.46875, 3.66015625, 0.082763671875, 0.02618408203125, 6.34765625, 3.66796875, 4.140625, 1.302734375, 5.73828125, 2.375, 2.17578125, 6.50390625, 0.0261077880859375, 3.669921875, 3.43359375, 5.79296875, 5.1640625, 2.259765625, 13.6796875, 0.10052490234375, 2.6328125, 2.1015625, 6.078125, 4.1796875, 1.1845703125, 2.16015625, 0.2401123046875, 4.23828125, 0.05157470703125, 4.40234375, 4.73828125, 1.8134765625, 4.5234375]",-0.4777938067217282
68,0,test,3.1204910216909467,1.2959403662970572,1.7832181214082121,5.770293453517896,2.39640369410238,3.2974592077436773,22.65750223729562,16.457493784564228,18.84885945604119,41.89739240527849,30.432572305534965,34.854594860053815,3.4182495843225986,1.3775855374695665,1.9549100928170795,5.258845514342459,2.1193623653377944,3.007553988949353,30.515952642092042,22.82023482238256,26.19558936126041,46.94761944937237,35.10805357289624,40.30090670963139,3.1213996785141553,1.3194010640466494,1.8021882446846171,5.675272142753009,2.398911025539362,3.276705899426576,22.678099487799322,16.616349019850453,18.937628882406006,41.23290815963513,30.21154367245537,34.432052513465464,0.728643216080402,-0.011356783919598046,-0.006356783919598041,0.5728643216080402,-0.007135678391959832,-0.012135678391959726,0.4522613065326633,-0.0227386934673367,-0.007738693467336688,0.4121212121212121,0.08030303030303032,0.13737373737373737,0.3799392097264438,0.42211055276381915,0.09045226130653272,0.14572864321608048,0.4191919191919192,0.40802675585284276,0.08528428093645479,0.14158305462653287,0.37248322147651003,15.0,0.0,0.0,23.0,0.0,-1.0,29.0,0.0,0.0,0.0008587661502634808,3.7389603285440244e-05,0.0005027669252787413,0.0003846183501678979,-1.6433446000441165e-05,-0.0001489470393902792,"[7.05859375, 1.3818359375, 2.337890625, 5.296875, 0.69775390625, 0.00017070770263671875, 1.4873046875, 0.0007338523864746094, 0.0096893310546875, 6.14453125, 4.49609375, 0.17822265625, 0.1649169921875, 4.12890625, 2.779296875, 0.22119140625, 2.439453125, 11.046875, 1.9072265625, 3.6015625, 0.0498046875, 0.455810546875, 0.52001953125, 1.7568359375, 9.7421875, 3.458984375, 2.59765625, 3.181640625, 1.82421875, 9.1640625, 1.55859375, 2.3984375, 5.19140625, 3.951171875, 14.6328125, 0.802734375, 0.04962158203125, 4.203125, 2.017578125, 20.3125, 10.5546875, 5.234375, 2.326171875, 5.47265625, 3.8203125, 11.25, 5.39453125, 4.59375, 4.609375, 5.37109375, 0.333984375, 1.326171875, 2.232421875, 1.287109375, 0.5595703125, 1.123046875, 2.052734375, 2.255859375, 8.3203125, 5.8359375, 2.916015625, 4.45703125, 4.0078125, 7.94140625, 2.544921875, 3.140625, 1.66015625, 0.0025081634521484375, 5.43359375, 7.20703125, 1.7431640625, 1.08984375, 4.48828125, 0.0159759521484375, 0.70654296875, 8.9609375, 3.16796875, 1.703125, 1.1015625, 5.4609375, 1.62890625, 5.66796875, 1.6162109375, 2.623046875, 1.13671875, 6.734375, 10.4609375, 0.497314453125, 5.43359375, 2.76953125, 0.0007882118225097656, 11.109375, 6.6875, 3.73828125, 0.97021484375, 0.83837890625, 6.59375, 0.2802734375, 4.328125, 3.140625, 6.73828125, 0.779296875, 1.9404296875, 14.03125, 0.314697265625, 4.328125, 3.76953125, 4.63671875, 1.2880859375, 0.444091796875, 0.166748046875, 7.14453125, 1.2958984375, 3.712890625, 1.4189453125, 3.01953125, 0.00017404556274414062, 6.76953125, 5.77734375, 3.01953125, 3.67578125, 0.062042236328125, 2.13671875, 1.3798828125, 7.6953125, 0.33740234375, 0.160400390625, 6.93359375, 1.4423828125, 9.8125, 3.419921875, 2.55078125, 0.000934600830078125, 4.56640625, 10.3515625, 3.0703125, 1.5478515625, 0.08636474609375, 0.005062103271484375, 8.7734375, 2.919921875, 0.9775390625, 0.0196075439453125, 0.006923675537109375, 7.43359375, 1.3642578125, 1.578125, 5.4140625, 0.0179901123046875, 11.78125, 8.4609375, 0.0222625732421875, 0.6962890625, 1.4052734375, 0.74365234375, 2.51953125, 10.9296875, 0.043487548828125, 1.4765625, 4.28125, 2.427734375, 3.166015625, 5.18359375, 0.82080078125, 7.23046875, 2.876953125, 4.6875, 2.32421875, 2.8515625, 4.38671875, 0.1221923828125, 3.3125, 5.28515625, 0.30322265625, 0.0147705078125, 3.486328125, 0.2626953125, 1.4970703125, 0.439697265625, 2.86328125, 0.0023593902587890625, 0.697265625, 0.1754150390625, 4.26953125, 4.62109375, 4.7578125, 2.25390625, 2.021484375, 0.474365234375, 3.619140625, 8.0078125, 6.3203125, 0.1456298828125, 7.921875, 2.201171875, 4.13671875, 6.578125, 0.626953125, 0.0006499290466308594, 3.939453125, 5.95703125, 3.125, 2.96875, 0.53662109375, 0.0213165283203125, 0.0009446144104003906, 8.625, 0.01192474365234375, 3.228515625, 3.51953125, 0.0081024169921875, 6.437301635742188e-05, 4.2734375, 0.003170013427734375, 2.23046875, 1.3974609375, 2.53125, 1.1171875, 0.322021484375, 7.0, 0.50146484375, 2.5078125, 5.30078125, 5.32421875, 2.2265625, 0.91357421875, 4.27734375, 0.241943359375, 7.6953125, 5.12109375, 6.9140625, 2.0859375, 2.49609375, 6.296875, 3.048828125, 2.25390625, 0.5595703125, 5.12890625, 0.018310546875, 0.31982421875, 4.16015625, 1.076171875, 6.27734375, 6.2734375, 0.15087890625, 1.1162109375, 0.001049041748046875, 6.71875, 2.1796875, 0.60595703125, 0.0140533447265625, 0.0013294219970703125, 7.47265625, 1.19140625, 2.6171875, 0.019500732421875, 6.4373016357421875e-06, 3.943359375, 2.583984375, 2.533203125, 0.008941650390625, 1.7881393432617188e-05, 2.25390625, 1.2802734375, 2.0, 4.16796875, 8.8828125, 0.9482421875, 3.34765625, 5.50390625, 5.83984375, 0.56787109375, 2.1875, 0.0595703125, 1.7734375, 1.8798828125, 6.046875, 0.01202392578125, 0.7041015625, 0.077392578125, 0.7578125, 8.761882781982422e-05, 3.890625, 2.9921875, 0.400634765625, 0.01201629638671875, 0.00106048583984375, 3.140625, 6.1796875, 3.755859375, 0.61328125, 0.01934814453125, 0.0016164779663085938, 5.31640625, 3.12890625, 4.08203125, 0.490478515625, 0.015045166015625, 0.0008707046508789062, 6.25, 1.30859375, 1.7744140625, 5.50390625, 0.01806640625, 3.697265625, 0.00624847412109375, 0.7021484375, 3.177734375, 2.08984375, 3.82421875, 7.43359375, 0.85693359375, 3.599609375, 1.8642578125, 1.884765625, 1.7412109375, 3.55859375, 0.025421142578125, 8.0703125, 8.5078125, 6.01953125, 1.18359375, 0.00018453598022460938, 4.84765625, 0.837890625, 3.064453125, 5.46484375, 1.490234375, 3.111328125, 8.2421875]",-0.49826408046664605
163,0,test,3.746897421280543,1.751155960506147,2.414703590613433,6.496419269990007,3.0361768811653342,4.18664435494847,42.38936143828881,35.03170501875928,38.600013976246636,73.4952237886878,60.73842380950351,66.92520408831251,3.9519932952957535,1.8649704532733429,2.5401653157143693,6.37418273434799,3.0080168601182953,4.09704083179737,52.03899260129222,43.97811171199766,47.93554302686777,83.93385903434229,70.93243824515751,77.31539197881898,3.746897421280543,1.751155960506147,2.414703590613433,6.496419269990007,3.0361768811653342,4.18664435494847,42.38936143828881,35.03170501875928,38.600013976246636,73.4952237886878,60.73842380950351,66.92520408831251,0.8190954773869347,-0.0009045226130653949,-0.005904522613065288,0.6683417085427136,-0.011658291457286363,-0.016658291457286478,0.5326633165829145,-0.0023366834170853723,-0.0023366834170853723,0.4291666666666667,0.0798943173943174,0.16185364727608498,0.36401673640167365,0.46733668341708545,0.12147202176295013,0.19187758491958962,0.4040404040404041,0.4291666666666667,0.0798943173943174,0.16185364727608498,0.36401673640167365,25.0,4.0,2.0,34.0,0.0,0.0,46.0,4.0,3.0,0.0003829072640137335,0.00013416587171236142,0.0002207894813676369,2.4582867206746073e-05,-5.7358864443912694e-05,-7.978146849918488e-05,"[6.14453125, 6.9375, 1.9755859375, 13.0390625, 4.4296875, 6.14453125, 5.7421875, 4.4765625, 1.7939453125, 7.69140625, 0.060699462890625, 4.59765625, 5.00390625, 2.134765625, 4.859375, 4.375, 2.306640625, 3.34375, 9.8359375, 0.56103515625, 4.3671875, 8.6484375, 5.90625, 4.30859375, 0.372314453125, 0.6572265625, 4.78515625, 5.70703125, 1.1240234375, 6.828125, 1.67578125, 3.177734375, 1.4384765625, 9.515625, 7.4296875, 4.24609375, 3.080078125, 0.06732177734375, 8.4140625, 0.0147857666015625, 0.88134765625, 2.486328125, 8.9609375, 2.85546875, 9.859375, 2.19140625, 2.111328125, 7.08984375, 2.177734375, 1.7080078125, 5.94140625, 9.234375, 2.04296875, 6.6171875, 6.453125, 7.25390625, 7.04296875, 6.02734375, 4.44921875, 2.392578125, 2.0, 5.54296875, 1.5146484375, 6.98046875, 6.5859375, 1.9775390625, 5.8671875, 2.71484375, 4.09375, 6.50390625, 2.623046875, 2.611328125, 7.0859375, 1.20703125, 3.82421875, 1.025390625, 0.92333984375, 1.4912109375, 2.40625, 8.5234375, 2.837890625, 1.0869140625, 3.595703125, 7.09375, 0.01678466796875, 2.52734375, 2.158203125, 4.15234375, 2.810546875, 1.68359375, 0.13525390625, 0.8408203125, 1.6982421875, 5.5078125, 2.359375, 1.849609375, 6.27734375, 0.08697509765625, 10.921875, 5.83203125, 3.373046875, 3.486328125, 7.33984375, 3.12890625, 3.56640625, 11.8203125, 3.146484375, 2.01171875, 5.2109375, 0.28173828125, 0.296630859375, 0.10455322265625, 9.390625, 0.09136962890625, 0.43896484375, 7.11328125, 0.6591796875, 10.34375, 5.9765625, 1.138671875, 7.6484375, 4.80078125, 4.5546875, 1.7841796875, 4.19140625, 5.140625, 0.470947265625, 0.08453369140625, 6.05859375, 0.05950927734375, 2.4140625, 0.93115234375, 1.470703125, 7.76953125, 5.6796875, 0.223388671875, 6.0078125, 1.5361328125, 1.0576171875, 1.9306640625, 8.6875, 3.732421875, 2.01171875, 2.140625, 4.17578125, 10.3984375, 0.9619140625, 6.94921875, 0.1636962890625, 0.46728515625, 3.552734375, 0.0104522705078125, 1.697265625, 4.265625, 0.00174713134765625, 5.82421875, 2.419921875, 4.015625, 0.8369140625, 2.087890625, 8.1875, 0.85888671875, 2.705078125, 8.46875, 2.001953125, 0.0802001953125, 8.6640625, 3.556640625, 4.48828125, 7.0, 9.9375, 9.5078125, 4.2890625, 3.453125, 1.5419921875, 9.703125, 6.359375, 2.802734375, 3.20703125, 1.7265625, 6.890625, 2.20703125, 1.6591796875, 0.78564453125, 6.4453125, 0.00948333740234375, 0.53759765625, 0.008697509765625, 0.0780029296875, 4.27734375, 9.4140625, 0.2900390625, 1.5341796875, 6.02734375, 5.4453125, 6.9140625, 4.26953125, 4.66796875, 2.76171875, 0.10516357421875, 2.12109375, 2.291015625, 6.25390625, 6.8984375, 0.392578125, 4.05859375, 0.62548828125, 2.9375, 1.306640625, 3.505859375, 1.70703125, 6.26953125, 3.619140625, 3.439453125, 0.46630859375, 4.984375, 0.129638671875, 0.1805419921875, 4.37109375, 0.018890380859375, 0.0014219284057617188, 0.116943359375, 0.0004801750183105469, 3.697265625, 6.9765625, 12.125, 0.1737060546875, 0.018890380859375, 0.5029296875, 2.146484375, 3.1796875, 1.3076171875, 3.30859375, 4.69921875, 0.048919677734375, 1.349609375, 7.78125, 2.88671875, 5.85546875, 3.529296875]",-0.36435154875119524
14,0,test,3.456619845105273,1.5602359422411507,2.163658128599626,5.282025830722665,2.384180765671871,3.3062641066241474,31.709611762736284,25.04785050393525,28.06604997436414,48.455137075641964,38.2753670621932,42.887447151837335,3.6413055047317964,1.5520913590427141,2.174929458027267,4.954157149294961,2.111688923867638,2.9590876979962815,38.14159827338746,30.06303417868311,33.80809603248087,51.893330984200624,40.90208731793621,45.99740956800118,3.456619845105273,1.5602359422411507,2.163658128599626,5.282025830722665,2.384180765671871,3.3062641066241474,31.709611762736284,25.04785050393525,28.06604997436414,48.455137075641964,38.2753670621932,42.887447151837335,0.7688442211055276,0.003844221105527623,-0.006155778894472386,0.6331658291457287,0.0031658291457287158,0.0031658291457287158,0.49246231155778897,-0.002537688442211028,-0.007537688442211032,0.4391143911439115,0.11130591968903114,0.1740837162972857,0.42592592592592593,0.4321608040201005,0.09381493935844631,0.15670170552260465,0.43434343434343436,0.4391143911439115,0.11130591968903114,0.1740837162972857,0.42592592592592593,26.0,11.0,11.0,38.0,10.0,10.0,45.0,10.0,9.0,0.0003191878949344585,0.0003752927911233361,-7.765459271120206e-06,-0.00019024471046957814,0.00021210453193631906,5.782182176528039e-05,"[2.859375, 1.2138671875, 0.351806640625, 0.0308380126953125, 0.0001201629638671875, 1.1474609375, 0.00901031494140625, 0.0285186767578125, 10.6015625, 2.099609375, 7.97265625, 1.865234375, 8.46875, 1.978515625, 6.69921875, 0.310546875, 6.37890625, 0.08447265625, 7.83984375, 4.375, 1.1689453125, 6.921875, 3.119140625, 5.47265625, 2.1015625, 8.671875, 3.671875, 0.63671875, 0.0015840530395507812, 1.853515625, 12.328125, 2.50390625, 2.833984375, 2.98046875, 3.1953125, 6.6015625, 4.47265625, 11.2734375, 1.779296875, 2.576171875, 1.6484375, 6.67578125, 1.630859375, 5.6953125, 4.3984375, 0.78955078125, 0.58984375, 1.2900390625, 7.46875, 5.79296875, 5.671875, 1.521484375, 2.4765625, 7.8046875, 1.544921875, 0.0027751922607421875, 7.41015625, 7.52734375, 4.0390625, 1.1552734375, 2.625, 7.57421875, 2.529296875, 1.505859375, 0.85400390625, 4.9921875, 6.2421875, 11.5625, 2.57421875, 1.38671875, 3.251953125, 3.099609375, 2.884765625, 0.505859375, 0.07269287109375, 2.4765625, 10.9921875, 7.23046875, 2.1875, 4.66796875, 3.521484375, 1.0361328125, 1.8095703125, 0.0004944801330566406, 6.33984375, 0.162109375, 0.0034809112548828125, 0.88330078125, 2.412109375, 10.265625, 2.154296875, 3.5859375, 2.2421875, 6.15625, 4.42578125, 4.796875, 2.103515625, 7.46875, 4.22265625, 5.51171875, 7.640625, 3.388671875, 4.76171875, 1.5830078125, 1.498046875, 5.91796875, 5.25390625, 1.6103515625, 1.107421875, 0.053558349609375, 3.771484375, 5.140625, 5.234375, 2.90625, 4.828125, 4.02734375, 0.002437591552734375, 10.265625, 3.564453125, 1.0595703125, 7.0, 4.38671875, 0.37939453125, 0.479736328125, 7.859375, 4.56640625, 3.724609375, 0.0028705596923828125, 0.0845947265625, 0.130859375, 2.318359375, 4.12890625, 1.5556640625, 7.46484375, 3.916015625, 2.115234375, 6.4375, 4.25, 1.64453125, 0.46435546875, 7.96484375, 0.375, 1.1064453125, 7.84765625, 3.84765625, 0.478515625, 7.37890625, 1.5078125, 6.28515625, 0.371337890625, 0.0184783935546875, 1.5869140625, 0.00833892822265625, 0.0283203125, 0.039764404296875, 2.513671875, 7.90234375, 1.4775390625, 7.14453125, 4.77734375, 0.482421875, 1.7802734375, 7.16015625, 4.42578125, 2.658203125, 0.12841796875, 6.37109375, 9.7265625, 10.59375, 4.61328125, 1.2880859375, 4.8046875, 6.4375, 9.0390625, 2.666015625, 0.214111328125, 0.078125, 1.419921875, 6.14453125, 2.73046875, 8.15625, 2.732421875, 6.23046875, 6.35546875, 4.484375, 5.25390625, 0.420166015625, 3.48046875, 0.84814453125, 2.66015625, 7.97265625, 3.404296875, 1.26953125, 8.1953125, 3.462890625, 5.94140625, 0.158935546875, 0.34814453125, 5.4609375, 2.982421875, 3.109375, 9.3359375, 3.9453125, 8.703125, 3.896484375, 6.546875, 5.54296875, 1.255859375, 0.0002617835998535156, 0.2064208984375, 0.6533203125, 2.87109375, 1.95703125, 8.15625, 0.242919921875, 2.517578125, 0.10565185546875, 1.7626953125, 6.83984375, 2.24609375, 0.8310546875, 1.05078125, 0.027374267578125, 0.0012149810791015625, 4.09375, 0.2978515625, 0.32470703125, 0.0059051513671875, 5.81640625, 0.3046875, 1.482421875, 3.60546875, 2.1328125, 4.015625, 6.5625, 0.50732421875, 6.01171875, 7.42578125, 5.47265625, 1.5146484375, 3.6328125, 2.361328125, 0.01471710205078125, 5.14453125, 2.869140625, 0.390380859375, 0.049713134765625, 0.00940704345703125, 2.17578125, 2.65234375, 1.5048828125, 0.0006499290466308594, 4.49609375, 2.853515625, 6.75, 0.85986328125, 2.1484375, 0.414306640625, 0.0782470703125, 0.51904296875, 4.921875, 5.15625, 1.12890625, 10.09375, 8.0625, 4.640625, 1.13671875, 0.0200653076171875, 0.0051727294921875, 3.4609375, 4.11328125]",-0.9995921986569338
65,0,test,4.374098688181193,2.0676341725433525,2.8136639351135537,7.0808429259170795,3.3471107644637437,4.554792607832336,79.3682717432897,69.32940216984872,74.60738113621905,128.4823012874046,112.23125994822044,120.77531500764171,5.108999830394534,2.417010069744703,3.2724242940168935,6.9040538248574785,3.266229823979328,4.42219499191472,165.5047392559178,150.74372164463242,159.22972638362188,223.65505304853755,203.70773195220596,215.17530592381337,4.522037160835138,2.135957504971333,2.91779285333941,7.0656830638049035,3.337433601517708,4.559051333342828,92.02287255107589,81.15207950422541,87.04877325852725,143.78573836105608,126.8001242253522,136.01370821644883,0.8693467336683417,-0.010653266331658306,-0.005653266331658302,0.7989949748743719,0.013994974874371846,0.003994974874371837,0.7035175879396984,0.0035175879396984744,0.0035175879396984744,0.46319018404907975,0.13087777976117776,0.20298610241642667,0.3292307692307692,0.4773869346733668,0.0989408193851462,0.18857224352144697,0.3737373737373737,0.4682274247491639,0.1293292611431539,0.2012641322018891,0.34563758389261745,27.0,7.0,8.0,39.0,9.0,9.0,47.0,6.0,8.0,0.002846972064896637,0.0003665558231711594,0.0009925214346703586,0.0004004140563926839,-9.393457993667198e-07,-0.00013492881151577762,"[9.0625, 8.0703125, 7.78515625, 8.96875, 13.0234375, 8.1484375, 10.546875, 5.04296875, 7.3046875, 3.15234375, 8.5625, 8.328125, 3.5078125, 5.30078125, 1.6708984375, 9.4765625, 4.18359375, 4.734375, 7.63671875, 5.6484375, 10.7890625, 2.513671875, 5.98828125, 2.244140625, 9.4453125, 8.3828125, 7.42578125, 3.3984375, 3.79296875, 12.7421875, 7.57421875, 2.8203125, 2.357421875, 10.71875, 3.037109375, 1.990234375, 4.33203125, 6.90625, 2.162109375, 0.1175537109375, 4.8125, 4.3359375, 9.5, 0.351318359375, 11.515625, 6.65625, 8.9921875, 8.359375, 9.46875, 2.921875, 9.1875, 2.0859375, 7.50390625, 3.630859375, 0.9140625, 5.265625, 4.58984375, 11.90625, 6.015625, 3.84375, 5.8359375, 2.48828125, 9.7578125, 2.578125, 3.291015625, 3.5390625, 4.49609375, 5.60546875, 1.5107421875, 7.0078125, 4.79296875, 4.203125, 7.40234375, 7.0078125, 2.30078125, 10.0546875, 4.62890625, 6.66796875, 7.625, 4.41796875, 11.8359375, 1.77734375, 6.93359375, 0.2174072265625, 1.4609375, 9.0703125, 6.765625, 2.3515625, 14.296875, 5.78515625, 9.046875, 0.76806640625, 6.97265625, 6.7734375, 3.380859375, 4.76953125, 0.025146484375, 5.05078125, 9.796875, 2.728515625, 5.34375, 5.93359375, 6.2578125, 8.3984375, 5.11328125, 5.515625, 4.80078125, 7.93359375, 5.1640625, 11.5703125, 0.432861328125, 3.86328125, 5.6875, 6.53125, 3.064453125, 4.48828125, 1.640625, 2.099609375, 6.59765625, 5.1171875, 5.43359375, 0.9267578125, 6.87890625, 4.73828125, 6.4375, 6.3828125, 5.02734375, 14.046875, 2.109375, 6.76171875, 4.80859375, 1.7802734375, 1.9033203125, 10.6171875, 7.82421875, 8.265625, 2.91796875, 5.859375, 8.25, 0.09759521484375, 3.82421875, 5.921875, 5.203125, 6.98828125, 0.1416015625, 7.25390625, 2.8671875, 1.291015625, 0.70556640625, 1.91015625, 3.7265625, 2.697265625, 7.12109375, 3.08984375, 3.72265625, 1.3447265625, 9.765625, 0.69091796875, 4.84765625, 7.0859375, 1.2041015625, 1.5244140625, 8.90625, 6.78125, 0.59130859375, 5.96875, 0.61279296875, 4.7734375, 6.046875, 3.71484375, 3.58203125, 5.796875, 0.0701904296875, 10.0, 0.415283203125, 5.51171875, 4.2109375, 7.2578125, 4.08203125, 7.41796875, 1.2568359375, 5.3515625, 2.150390625, 0.000324249267578125, 1.056640625, 0.0005340576171875, 0.007755279541015625, 0.004878997802734375, 0.003787994384765625, 0.00016379356384277344, 1.939453125, 0.0001691579818725586, 0.2646484375, 0.0029144287109375, 4.21484375, 8.03125, 4.796875, 2.67578125, 9.1875, 0.22021484375, 0.407470703125, 0.19775390625, 3.46484375, 0.1785888671875, 4.67578125, 0.76708984375, 10.28125, 7.55859375, 0.99365234375, 1.837890625, 3.431640625, 2.83203125, 4.765625, 3.482421875, 1.84375, 8.8671875, 8.1640625, 8.0859375, 5.71875, 9.8046875, 0.31591796875, 2.275390625, 9.59375, 6.7421875, 4.06640625, 7.3515625, 1.091796875, 0.35498046875, 1.2578125, 0.04815673828125, 3.60546875, 0.67041015625, 0.65576171875, 1.6591796875, 1.3076171875, 4.421875, 8.0859375, 12.6484375, 0.342041015625, 2.138671875, 1.10546875, 3.755859375, 8.015625, 0.837890625, 6.73046875, 1.49609375, 8.359375, 9.328125, 0.035980224609375, 4.171875, 5.08203125, 5.76171875, 2.69921875, 3.619140625, 0.89697265625, 0.230224609375, 1.6015625, 2.736328125, 0.145263671875, 1.02734375, 0.07733154296875, 0.677734375, 1.173828125, 2.673828125, 2.396484375, 5.8828125, 1.9765625, 1.7880859375, 4.5859375, 1.6787109375, 2.041015625, 1.3583984375, 0.02691650390625, 4.109375, 8.390625, 7.87109375, 1.7578125, 2.416015625, 2.2890625, 5.00390625, 0.481689453125, 0.9765625, 0.081787109375, 6.5546875, 1.6845703125, 5.86328125, 1.4482421875, 2.25390625, 9.1640625, 0.33251953125, 1.9072265625, 3.869140625, 2.955078125, 0.73095703125, 1.51171875, 0.2705078125, 3.64453125, 3.279296875, 10.953125, 2.3203125, 2.16015625, 0.375, 1.2548828125, 6.62890625, 0.322509765625, 7.44921875, 7.09375, 1.046875, 1.7822265625, 0.1583251953125, 1.8349609375, 0.48974609375, 8.2578125, 7.28125, 1.27734375, 4.171875, 0.198974609375, 5.890625, 0.2279052734375, 3.84765625, 6.64453125, 0.58056640625, 0.48095703125, 1.41796875, 5.9604644775390625e-06, 0.76806640625]",-0.9429012240807699
118,0,test,3.2078820507343,1.4680355287429276,2.022095520404575,5.777732312372275,2.644086090443063,3.64200629641929,24.72666091378493,19.030191840937466,21.453400585997144,44.535311922065674,34.27537314997577,38.63982646980701,3.6049106396622395,1.6539001441632764,2.269402356192009,5.5890087436623865,2.5641862700205835,3.5184532654139673,36.778397180402756,29.742603552940135,32.97646926790536,57.02077082232985,46.112563647969196,51.12630894248893,3.3077420052078654,1.497280451619928,2.0419975844179623,5.70300345725494,2.5815180200343586,3.520685490375797,27.32335976077565,21.210091378649096,23.77762849080547,47.10924096685457,36.56912306663638,40.995911191043916,0.7437185929648241,-0.006281407035175879,-0.011281407035175883,0.6432160804020101,-0.001783919597989958,0.0032160804020100464,0.5025125628140703,-0.0024874371859296973,-0.0024874371859296973,0.4246153846153846,0.09896254283351058,0.18203606015274387,0.345679012345679,0.4170854271356784,0.0762332968098639,0.15331247221080369,0.3535353535353535,0.43143812709030105,0.11257335246592715,0.18449708148407196,0.34563758389261745,20.0,-1.0,-1.0,32.0,-1.0,-2.0,43.0,0.0,0.0,0.0009762664165385139,0.0007681343610636976,0.0004419941878042197,-0.0019334015373324576,-0.0034933945993707027,-0.004319624740314332,"[9.1640625, 2.52734375, 13.1484375, 5.3125, 3.7265625, 6.28125, 0.6201171875, 5.171875, 0.2861328125, 0.01433563232421875, 5.20703125, 2.513671875, 6.8984375, 3.302734375, 2.85546875, 11.7734375, 2.140625, 11.265625, 9.75, 12.5859375, 7.515625, 3.580078125, 7.90625, 2.701171875, 0.00743865966796875, 0.284912109375, 2.5, 0.12353515625, 0.401611328125, 6.07421875, 3.9296875, 4.41015625, 7.34765625, 1.7021484375, 3.51171875, 4.515625, 3.0234375, 5.73828125, 2.83984375, 3.787109375, 2.9609375, 0.71435546875, 2.47265625, 2.34375, 14.328125, 5.14453125, 2.171875, 6.140625, 6.0234375, 2.75, 6.3203125, 7.5, 3.84375, 0.404052734375, 12.1640625, 7.4453125, 0.1004638671875, 1.462890625, 6.03515625, 3.505859375, 2.921875, 0.37255859375, 0.080810546875, 5.27734375, 6.84765625, 0.403564453125, 2.947265625, 3.3671875, 0.009674072265625, 1.203125, 8.7890625, 1.5751953125, 8.0546875, 0.0411376953125, 6.52734375, 5.6875, 5.64453125, 5.80078125, 3.5703125, 8.2734375, 0.34619140625, 0.359619140625, 3.515625, 8.9453125, 2.734375, 0.8662109375, 0.9248046875, 4.8125, 2.287109375, 1.771484375, 3.69140625, 2.482421875, 0.002902984619140625, 3.3125, 0.018341064453125, 0.41796875, 8.015625, 2.51953125, 0.96728515625, 3.205078125, 4.54296875, 1.1474609375, 0.051605224609375, 2.28125, 6.91796875, 0.1005859375, 0.99267578125, 1.8583984375, 3.3359375, 6.4921875, 3.03515625, 0.203857421875, 4.78515625, 4.96484375, 0.1820068359375, 2.3203125, 0.1103515625, 0.0162353515625, 0.004474639892578125, 5.3828125, 2.25390625, 5.046875, 5.34375, 0.045074462890625, 0.0013151168823242188, 0.5234375, 1.576171875, 0.00677490234375, 0.33984375, 1.2275390625, 9.546875, 1.1767578125, 0.0243682861328125, 4.19140625, 4.0546875, 10.34375, 1.1328125, 1.1357421875, 2.759765625, 0.149169921875, 3.5859375, 5.76953125, 0.01029205322265625, 0.232666015625, 2.80078125, 3.533203125, 0.04071044921875, 2.22265625, 4.03515625, 0.62109375, 0.11444091796875, 5.3359375, 7.734375, 1.9814453125, 4.66015625, 1.0478515625, 3.328125, 3.599609375, 6.6328125, 8.1015625, 5.94921875, 2.478515625, 2.892578125, 3.2109375, 6.3359375, 2.365234375, 8.5703125, 8.015625, 2.35546875, 1.7236328125, 4.26171875, 0.2139892578125, 1.0029296875, 6.65234375, 3.123046875, 9.03125, 6.89453125, 0.353515625, 7.890625, 2.3828125, 1.466796875, 5.2890625, 4.984375, 3.681640625, 4.3125, 6.1875, 0.6728515625, 7.11328125, 2.65625, 4.0546875, 2.07421875, 1.5009765625, 0.006916046142578125, 5.140625, 6.609375, 0.317138671875, 0.022674560546875, 0.9990234375, 1.7646484375, 0.9384765625, 3.9453125, 0.045867919921875, 4.88671875, 2.80078125, 0.250244140625, 0.0740966796875, 2.25, 2.455078125, 3.49609375, 0.00986480712890625, 0.2337646484375, 4.80078125, 0.76806640625, 2.10546875, 0.475341796875, 6.85546875, 6.26953125, 8.0859375, 3.515625, 5.9375, 2.251953125, 2.78515625, 9.890625, 0.9423828125, 0.061004638671875, 9.7890625, 4.484375, 4.98828125, 4.4921875, 0.89306640625, 4.4921875, 6.109375, 1.712890625, 6.5390625, 0.034637451171875, 1.185546875, 5.40625, 0.1854248046875, 7.09765625, 1.4677734375, 2.9296875, 3.564453125, 6.91796875, 0.830078125, 2.529296875, 2.4296875, 7.2890625, 2.416015625, 2.046875, 5.078125, 0.047119140625, 4.421875, 0.1895751953125, 0.53759765625, 8.3203125, 1.7197265625, 9.71875, 2.78515625, 3.98828125, 9.375, 0.044342041015625, 0.0012006759643554688, 0.002079010009765625, 2.953125, 0.001201629638671875, 9.655952453613281e-06, 0.0032196044921875, 6.80859375, 1.3173828125, 4.58203125, 3.994140625, 7.33984375, 0.01084136962890625, 1.634765625, 1.1650390625, 0.0030879974365234375, 2.30078125, 1.537109375, 3.564453125, 1.8720703125, 6.0546875, 0.055206298828125, 0.0002703666687011719, 0.1875, 0.73486328125, 0.0755615234375, 7.60546875, 1.3212890625, 0.029022216796875, 0.020965576171875, 0.01025390625, 0.0028858184814453125, 0.021697998046875, 0.0004622936248779297, 1.0, 2.777576446533203e-05, 0.01515960693359375, 0.0038318634033203125, 1.1920928955078125e-07, 1.430511474609375e-06, 0.0003685951232910156, 5.125999450683594e-06, 3.147125244140625e-05, 1.642578125, 0.66162109375, 7.51953125, 5.67578125, 3.103515625, 1.5869140625, 6.2734375, 4.26953125, 1.4609375, 3.60546875, 1.0546875, 2.572265625, 0.015472412109375, 3.337890625, 1.916015625, 0.326904296875, 0.0146636962890625, 0.4423828125, 4.13671875, 0.10198974609375, 3.306640625, 2.6953125]",-1.1259797771160418
238,0,test,2.966490123628521,1.2400882957590778,1.7159427178337192,5.17622256265793,2.1638275364775748,2.994144946424143,19.42362529040216,13.803230955091458,15.931371175938073,33.89224412917112,24.085229523679992,27.798617051891945,3.480428998194747,1.370212787834232,1.964482329738633,5.233727816834206,2.0604703576454613,2.9541087665242594,32.47365022539823,24.223625392745973,27.919920265882027,48.832556729922146,36.42650434999394,41.98484250508575,3.0982464093428392,1.2937709408760438,1.7961438146702002,5.372681634698565,2.2435334234844686,3.114700256653526,22.159059271765127,16.082276123735348,18.482039444027833,38.42611434410138,27.888340098963035,32.04977938270723,0.7135678391959799,-0.006432160804020093,-0.006432160804020093,0.5979899497487438,0.002989949748743781,0.002989949748743781,0.46733668341708545,0.0023366834170854833,-0.01266331658291453,0.3841642228739003,0.0752330369295372,0.12903225806451613,0.30294117647058827,0.42713567839195976,0.08628354806614524,0.15501547805806992,0.3484848484848485,0.4046822742474916,0.09082584686852668,0.14661775811845934,0.3087248322147651,25.0,13.0,13.0,35.0,10.0,12.0,43.0,11.0,14.0,0.0017426061325635331,0.0003181289578451069,0.0009055088410735975,-0.013952869074096874,-0.01331880355968984,-0.01491886131583442,"[6.6640625, 4.05859375, 6.21875, 6.52734375, 4.73046875, 0.50927734375, 8.203125, 12.390625, 2.236328125, 2.796875, 4.6171875, 0.0178070068359375, 6.41015625, 2.7734375, 2.162109375, 3.048828125, 4.3203125, 4.7265625, 0.359619140625, 2.98046875, 9.3671875, 4.1875, 2.517578125, 2.3828125, 4.34375, 7.81640625, 4.9765625, 2.380859375, 6.33984375, 4.3046875, 7.796875, 7.14453125, 2.986328125, 7.33984375, 7.97265625, 2.884765625, 10.921875, 0.86767578125, 0.66015625, 6.88671875, 4.796875, 0.953125, 0.91552734375, 2.90625, 7.23046875, 4.69921875, 5.296875, 4.27734375, 0.82958984375, 0.443359375, 6.390625, 2.201171875, 5.6875, 1.4521484375, 3.595703125, 6.8515625, 3.30859375, 3.490234375, 4.38671875, 4.13671875, 0.475341796875, 2.658203125, 0.332763671875, 7.76171875, 2.4765625, 4.44140625, 8.3828125, 5.27734375, 3.7109375, 9.515625, 0.1717529296875, 2.619140625, 0.8525390625, 0.0003566741943359375, 0.0202789306640625, 1.3916015625, 3.28515625, 1.2734375, 7.703125, 0.92919921875, 9.1328125, 1.90234375, 2.8359375, 7.36328125, 8.4140625, 2.015625, 5.4609375, 0.568359375, 3.62890625, 0.08111572265625, 8.1015625, 5.51171875, 7.1484375, 1.6796875, 1.1181640625, 0.61767578125, 0.2744140625, 0.342529296875, 2.130859375, 0.66162109375, 5.96484375, 6.515625, 1.7509765625, 3.974609375, 0.07550048828125, 8.1484375, 0.3671875, 1.3408203125, 7.77734375, 2.921875, 7.5625, 9.7734375, 4.36328125, 10.0390625, 0.1842041015625, 0.05078125, 0.2464599609375, 2.248046875, 1.7275390625, 8.6953125, 5.48828125, 4.296875, 10.34375, 1.3212890625, 2.951171875, 1.201171875, 0.181884765625, 5.234375, 0.76171875, 0.18505859375, 0.373046875, 5.7265625, 0.890625, 0.228759765625, 3.474609375, 1.73828125, 0.0009531974792480469, 0.311279296875, 0.7333984375, 1.4697265625, 0.001861572265625, 4.828125, 3.50390625, 0.015716552734375, 0.018707275390625, 3.71484375, 1.1279296875, 4.0625, 0.057464599609375, 3.17578125, 1.58203125, 6.42578125, 4.99609375, 7.01171875, 10.484375, 9.3046875, 3.560546875, 5.875, 5.0625, 0.162841796875, 4.16796875, 0.7841796875, 4.41796875, 1.3369140625, 2.49609375, 0.1666259765625, 0.052886962890625, 1.6787109375, 0.043548583984375, 0.03607177734375, 2.77734375, 2.162109375, 7.98828125, 0.08831787109375, 11.515625, 3.203125, 2.21875, 8.59375, 0.2496337890625, 0.06378173828125, 2.1796875, 2.259765625, 5.13671875, 0.50732421875, 2.28125, 0.032073974609375, 0.036102294921875, 1.23046875, 12.828125, 2.916015625, 2.75, 1.1943359375, 3.0517578125e-05, 0.0914306640625, 0.450927734375, 0.00013959407806396484, 0.00928497314453125, 1.369140625, 1.298828125, 0.01050567626953125, 0.006778717041015625, 0.218505859375, 0.40625, 3.310546875, 4.296875, 0.45361328125, 0.55029296875, 5.7265625, 8.546875, 4.12109375, 3.056640625, 2.88671875, 0.380859375, 7.90234375, 10.859375, 5.140625, 2.849102020263672e-05, 0.1337890625, 1.2275390625, 1.6689300537109375e-05, 0.027801513671875, 0.51123046875, 1.0609626770019531e-05, 0.00905609130859375, 1.7607421875, 1.876953125, 9.3125, 0.767578125, 1.82421875, 0.0306396484375, 0.032501220703125, 0.2939453125, 2.0234375, 3.685546875, 12.03125, 2.615234375, 0.439453125, 0.001781463623046875, 1.5974044799804688e-05, 0.470703125, 1.1650390625, 2.724609375, 7.15234375, 0.31494140625, 0.37158203125, 4.015625, 2.0265579223632812e-05, 4.2421875, 0.7880859375, 1.5497207641601562e-06, 0.72998046875, 0.82666015625, 1.6123046875, 0.01165008544921875, 0.0025196075439453125, 0.061737060546875, 5.62109375, 3.04296875, 7.46484375, 2.15234375, 6.1796875, 2.349609375, 0.418212890625, 7.4453125, 1.349609375, 5.64453125, 1.5732421875, 3.0994415283203125e-06, 0.54833984375, 1.5859375, 6.1328125, 7.9921875, 2.4453125, 0.272216796875, 1.14453125, 0.01129150390625, 0.01453399658203125, 0.11761474609375, 4.640625, 4.453125, 0.315673828125, 10.703125, 2.0234375, 0.19140625, 0.008453369140625, 0.1793212890625, 1.3212890625, 1.4482421875, 0.0244598388671875, 0.417236328125, 3.51171875, 6.8671875, 1.5166015625, 1.97265625, 7.46484375, 0.07171630859375, 1.1064453125, 0.02752685546875, 0.0166778564453125, 0.0545654296875, 1.7197265625, 8.4140625, 0.07415771484375, 5.73828125, 2.3984375, 1.5166015625, 0.033782958984375, 0.06536865234375, 0.0294036865234375, 0.0169525146484375, 0.0083160400390625, 0.0259246826171875, 1.0380859375, 0.462646484375, 2.06640625, 1.3113021850585938e-06, 0.213134765625, 0.787109375, 2.8515625, 1.1904296875, 0.13427734375, 0.34326171875, 0.0104827880859375, 0.0020999908447265625, 8.0234375, 9.09375, 5.54296875, 1.859375, 1.927734375, 8.4140625, 3.63671875, 2.1875, 2.748046875, 6.97265625, 0.0235595703125, 0.896484375, 0.0029239654541015625, 0.00217437744140625, 0.036834716796875, 4.25390625, 1.822265625]",-0.7694782277356147
59,0,test,3.061710364453733,1.377708852409033,1.8953470388268407,5.71789617732419,2.572939711121505,3.5396547347627085,21.36406627072252,15.976996948494953,18.153769689985662,39.89845488969371,29.837835360765407,33.903066573350706,3.221800291358526,1.4430046737936484,1.9942377625397303,5.414790405644582,2.4252179391489888,3.3516601051087904,25.07321867285217,19.150499770162213,21.660318129997027,42.13986331571794,32.185713899432294,36.403896016801724,3.075975119431248,1.380219659520437,1.9279154403660177,5.744536315759019,2.5776287681110146,3.6004778422729595,21.67100342837532,16.220241185841946,18.518932485293593,40.47167527683338,30.292106055678335,34.5850262308132,0.7638190954773869,0.018819095477386916,0.018819095477386916,0.5577889447236181,-0.007211055276381884,-0.00221105527638199,0.44221105527638194,0.00221105527638199,-0.017788944723618028,0.4092526690391459,0.09841785554003402,0.15481479921666075,0.3678571428571429,0.42211055276381915,0.10381481341544818,0.1600070469207474,0.3787878787878788,0.40569395017793597,0.08597814200742082,0.15598980816610164,0.3678571428571429,16.0,-1.0,0.0,24.0,-2.0,-3.0,35.0,0.0,0.0,0.0008356034298835918,0.00041631499114320905,-7.30671945729406e-07,-0.00025954392907312496,0.0001733692814402943,2.277625207813827e-05,"[10.3671875, 3.400390625, 3.607421875, 1.84765625, 4.73046875, 4.72265625, 0.407958984375, 0.279296875, 4.45703125, 0.390869140625, 2.3046875, 3.716796875, 4.0078125, 3.978515625, 5.2734375, 3.62109375, 0.036529541015625, 2.51171875, 5.6875, 2.416015625, 3.08984375, 0.30810546875, 1.9814453125, 3.544921875, 1.958984375, 2.00390625, 7.484375, 4.3984375, 0.479736328125, 1.90234375, 0.00363922119140625, 1.734375, 1.376953125, 4.3203125, 1.99609375, 0.486328125, 9.6015625, 4.9375, 0.677734375, 8.34375, 0.62353515625, 6.55859375, 0.8203125, 15.578125, 5.67578125, 1.5185546875, 0.0199432373046875, 0.1861572265625, 6.8203125, 1.1787109375, 6.58984375, 4.19140625, 2.23046875, 0.00473785400390625, 2.01953125, 3.119140625, 1.4150390625, 0.0296173095703125, 0.58056640625, 7.203125, 0.05120849609375, 0.002227783203125, 6.3671875, 2.408203125, 2.66015625, 3.548828125, 11.28125, 7.19921875, 1.4091796875, 1.322265625, 0.432373046875, 6.640625, 12.8984375, 6.984375, 0.0986328125, 14.1875, 4.3046875, 4.0859375, 5.85546875, 0.8857421875, 8.4296875, 2.43359375, 6.18359375, 2.3984375, 1.5888671875, 7.7109375, 1.9931640625, 6.36328125, 0.92578125, 2.736328125, 0.029510498046875, 5.203125, 3.755859375, 5.96875, 0.478271484375, 2.193359375, 3.47265625, 0.452392578125, 7.7890625, 0.041229248046875, 0.274658203125, 4.95703125, 0.71435546875, 1.171875, 7.61328125, 0.07635498046875, 8.1875, 0.736328125, 0.06927490234375, 1.0107421875, 2.56640625, 2.56640625, 3.86328125, 8.0625, 4.72265625, 8.1328125, 3.697265625, 1.6865234375, 2.740234375, 3.0546875, 1.044921875, 2.03125, 6.15625, 8.25, 3.3984375, 4.23828125, 6.6796875, 3.826171875, 0.0274810791015625, 3.892578125, 0.311767578125, 3.203125, 2.533203125, 3.9296875, 1.3515625, 4.58984375, 1.609375, 1.1904296875, 9.2578125, 2.603515625, 0.362548828125, 0.1904296875, 0.2030029296875, 3.216796875, 3.263671875, 4.5390625, 2.951171875, 1.423828125, 8.2421875, 0.1885986328125, 6.0546875, 1.3740234375, 1.1220703125, 2.861328125, 7.86328125, 0.09307861328125, 0.92822265625, 0.54150390625, 1.0908203125, 1.638671875, 0.005649566650390625, 5.83203125, 0.783203125, 0.210693359375, 0.357177734375, 2.310546875, 3.787109375, 6.56640625, 0.9541015625, 1.4541015625, 7.05078125, 1.6083984375, 1.5205078125, 3.4140625, 1.66796875, 3.453125, 3.4609375, 5.1171875, 1.0048828125, 0.75244140625, 5.43359375, 0.1719970703125, 0.008941650390625, 1.8193359375, 2.53125, 5.0390625, 1.93359375, 1.8818359375, 4.5703125, 1.3828125, 0.2587890625, 4.328125, 0.68359375, 2.310546875, 10.1015625, 1.3037109375, 1.6083984375, 4.86328125, 0.35693359375, 0.47265625, 1.3447265625, 3.66015625, 5.42578125, 4.765625, 3.431640625, 0.008453369140625, 1.927734375, 1.87109375, 2.216796875, 5.96484375, 4.33203125, 1.35546875, 5.09375, 0.2020263671875, 7.1171875, 0.058074951171875, 0.0655517578125, 0.09356689453125, 3.595703125, 1.8115234375, 1.986328125, 0.89111328125, 2.1953125, 3.36328125, 4.02734375, 4.92578125, 1.69921875, 1.3291015625, 4.515625, 0.004444122314453125, 6.47265625, 0.65087890625, 0.06842041015625, 0.29345703125, 5.2578125, 1.02734375, 0.135498046875, 6.265625, 0.6923828125, 1.478515625, 0.318359375, 0.0029315948486328125, 1.560546875, 7.671875, 2.583984375, 0.156005859375, 0.94873046875, 5.5078125, 0.91796875, 0.051300048828125, 0.08154296875, 0.045135498046875, 0.4013671875, 1.9111328125, 8.6484375, 3.65234375, 3.00390625, 2.791015625, 3.033203125, 0.54541015625, 0.84619140625, 3.7890625, 13.703125, 0.033203125, 0.255126953125, 2.392578125, 2.228515625, 5.33203125, 2.3984375, 0.72119140625, 9.5234375, 0.007579803466796875, 6.0390625, 3.904296875, 1.328125, 2.63671875, 6.96484375, 1.486328125, 0.03961181640625, 2.2734375, 4.90234375]",-0.7681224278283714
346,0,test,3.398636456431034,1.4563558777316812,2.0264681209008755,5.623934136237068,2.409922226246472,3.353322247681211,29.92327053421362,22.94863147420573,25.979377419938398,49.51588814590111,37.97452112993567,42.98968406394568,3.348534272543749,1.3773559044353925,1.9447430753628012,5.112266064952288,2.1028334418860952,2.9690733975004595,28.460987006557467,21.281855841339162,24.390383797114808,43.451888559629715,32.491382963876575,37.237227171167646,3.398636456431034,1.4563558777316812,2.0264681209008755,5.623934136237068,2.409922226246472,3.353322247681211,29.92327053421362,22.94863147420573,25.979377419938398,49.51588814590111,37.97452112993567,42.98968406394568,0.7386934673366834,-0.0013065326633165952,-0.011306532663316604,0.5778894472361809,-0.02711055276381913,-0.01711055276381912,0.49246231155778897,0.007462311557788981,0.012462311557788985,0.4368231046931408,0.08844765342960292,0.15282791817087849,0.44565217391304346,0.44723618090452266,0.10050251256281417,0.16917922948073705,0.4545454545454546,0.4368231046931408,0.08844765342960292,0.15282791817087849,0.44565217391304346,17.0,4.0,4.0,31.0,6.0,4.0,38.0,3.0,5.0,-0.00024208576288573176,-2.096623688145397e-05,-9.097982114339541e-05,-0.00023182424163081805,0.0001888633816387042,3.6794479953528025e-05,"[7.03125, 1.359375, 1.5029296875, 0.00634765625, 0.041778564453125, 8.0859375, 4.20703125, 0.001068115234375, 5.3671875, 4.27734375, 5.12890625, 5.15234375, 0.0975341796875, 1.1923828125, 3.283203125, 0.06378173828125, 6.55859375, 1.0263671875, 1.2822265625, 2.98828125, 4.92578125, 0.00667572021484375, 5.53515625, 0.09808349609375, 4.0625, 2.37890625, 4.2734375, 5.1328125, 10.4375, 0.2890625, 6.92578125, 3.505859375, 1.94140625, 0.97900390625, 4.89453125, 1.8603515625, 1.26953125, 7.7265625, 5.75390625, 6.5390625, 1.6435546875, 8.0078125, 0.1700439453125, 4.828125, 7.79296875, 1.5859375, 0.44091796875, 0.92578125, 4.8828125, 1.1650390625, 4.04296875, 0.603515625, 5.15625, 4.578125, 4.7734375, 2.16796875, 4.67578125, 0.01446533203125, 7.00390625, 3.64453125, 4.70703125, 1.169921875, 7.35546875, 5.1796875, 1.8408203125, 4.125, 3.23046875, 1.25, 6.0859375, 2.97265625, 4.85546875, 4.1328125, 6.89453125, 0.2276611328125, 1.2978515625, 5.6328125, 0.0066070556640625, 0.53857421875, 0.1962890625, 2.53125, 0.9375, 8.9609375, 0.025604248046875, 1.9716796875, 2.810546875, 0.01385498046875, 5.26171875, 6.40234375, 4.42578125, 0.90673828125, 3.525390625, 3.453125, 0.1492919921875, 1.34765625, 5.73046875, 1.814453125, 0.0055084228515625, 0.2354736328125, 1.794921875, 1.392578125, 2.599609375, 0.00099945068359375, 2.4765625, 9.046875, 2.93359375, 2.962890625, 4.01953125, 0.08123779296875, 2.296875, 2.7109375, 0.2283935546875, 7.28515625, 0.61572265625, 11.0859375, 14.8125, 5.09765625, 1.9150390625, 5.1484375, 0.0164031982421875, 7.71484375, 0.01554107666015625, 0.51123046875, 9.296875, 0.025360107421875, 7.8203125, 0.5166015625, 6.76953125, 0.0235748291015625, 1.4599609375, 4.25, 7.83984375, 3.62890625, 7.3515625, 4.046875, 3.447265625, 3.2265625, 0.458984375, 4.375, 1.4326171875, 0.002147674560546875, 0.4912109375, 0.2459716796875, 4.484375, 2.927734375, 3.103515625, 6.2109375, 0.023223876953125, 0.2005615234375, 6.35546875, 7.28515625, 2.095703125, 8.6171875, 6.875, 2.25, 0.0244293212890625, 2.291015625, 0.20458984375, 5.8359375, 1.2763671875, 5.37890625, 7.078125, 3.08984375, 2.55078125, 3.0234375, 7.93359375, 1.6357421875, 10.109375, 7.7890625, 0.1141357421875, 1.9755859375, 7.01953125, 6.04296875, 2.1640625, 0.98779296875, 1.7392578125, 0.0013904571533203125, 5.875, 0.0039520263671875, 6.890625, 5.953125, 4.4453125, 0.033660888671875, 1.4296875, 5.2265625, 0.97412109375, 2.359375, 1.1474609375, 0.21630859375, 0.1561279296875, 0.75390625, 7.85546875, 1.83984375, 3.94140625, 3.96484375, 4.08984375, 1.958984375, 0.58544921875, 7.46875, 1.55078125, 7.5859375, 6.0390625, 2.828125, 1.6181640625, 4.9765625, 2.126953125, 0.0054779052734375, 0.1842041015625, 0.2100830078125, 1.9794921875, 0.0019588470458984375, 5.03125, 2.455078125, 6.3125, 6.75, 0.448486328125, 2.41015625, 0.042266845703125, 0.11328125, 8.6875, 8.171875, 2.099609375, 6.1328125, 4.4140625, 5.46875, 1.345703125, 2.76953125, 5.796875, 0.017120361328125, 0.439697265625, 0.08172607421875, 7.98828125, 8.6875, 1.5712890625, 2.53125, 5.8828125, 2.53125, 0.074951171875, 3.33203125, 8.359375, 2.208984375, 4.08203125, 0.8349609375, 0.1427001953125, 3.365234375, 8.3671875, 3.337890625, 0.1134033203125, 1.953125, 2.255859375, 5.6171875, 6.38671875, 4.55859375, 0.48681640625, 0.4970703125, 8.84375, 3.46484375, 15.875, 4.51953125, 6.6640625, 1.630859375, 1.7822265625, 2.9375, 3.71875, 0.1708984375, 4.74609375, 2.166015625, 3.1171875, 5.65234375, 3.814453125, 1.373046875, 2.640625, 2.6328125, 4.9609375, 1.794921875, 0.0219879150390625, 5.98046875, 2.8125]",-0.7044104376424523
47,0,test,3.931657640203353,1.8325503346747007,2.5131561764871373,5.530976002319972,2.577994538610173,3.535456994041228,50.99143310103801,42.83254983034704,46.86050764301461,71.7337109726467,60.2559599308272,65.92240905712225,3.7966157084134355,1.6714953882964698,2.360486000290507,5.273077372796439,2.3215213726339865,3.2784527781812605,44.55015835310573,36.176253376363995,40.34576629035011,61.87521993486907,50.2447963560611,56.03578651437516,3.889438409959116,1.7899922845256375,2.476496204026356,5.4715828479085875,2.518124739247931,3.4838844904099586,48.88342636836595,40.7217782372533,44.775402074130746,68.76820997583685,57.28656938461057,62.98912495174326,0.7386934673366834,0.003693467336683409,-0.0013065326633165952,0.6231155778894473,-0.01188442211055274,-0.0018844221105527303,0.507537688442211,0.002537688442211028,-0.007462311557788981,0.4395161290322581,0.10551210488738894,0.17544106200812948,0.44534412955465585,0.44221105527638194,0.11138398760720902,0.1817769985151132,0.43434343434343436,0.4395161290322581,0.10551210488738894,0.17410057943440294,0.44534412955465585,30.0,3.0,3.0,40.0,0.0,1.0,50.0,2.0,3.0,-0.0003609459993556134,-0.00019829070562273245,-0.00022816111810137989,-3.085650767697956e-05,-0.00010133182060556578,-0.00011602607612637428,"[7.36328125, 0.9130859375, 11.1875, 9.1484375, 2.388671875, 7.50390625, 0.300048828125, 2.7421875, 1.72265625, 7.515625, 0.0067596435546875, 7.02734375, 8.65625, 4.67578125, 5.1796875, 0.403076171875, 5.58984375, 0.9560546875, 0.75439453125, 4.7265625, 0.0635986328125, 0.0006031990051269531, 0.654296875, 0.58544921875, 3.052734375, 5.40625, 1.3828125, 0.9150390625, 8.6953125, 7.88671875, 1.87109375, 0.67333984375, 3.07421875, 0.54443359375, 6.28515625, 10.5625, 6.83203125, 3.869140625, 1.255859375, 2.54296875, 6.046875, 1.333984375, 0.486083984375, 6.29296875, 0.0215301513671875, 0.2900390625, 5.4375, 1.4443359375, 5.24609375, 8.5, 6.47265625, 3.083984375, 1.6943359375, 6.15234375, 5.546875, 2.197265625, 0.07073974609375, 4.69921875, 7.53125, 1.98828125, 2.513671875, 0.376220703125, 4.0625, 0.10821533203125, 1.3046875, 6.21484375, 10.4375, 1.86328125, 3.595703125, 0.8828125, 4.828125, 3.451171875, 0.476806640625, 5.37109375, 0.76318359375, 3.748046875, 0.037689208984375, 0.0014772415161132812, 3.93359375, 9.046875, 2.755859375, 2.134765625, 2.943359375, 2.521484375, 8.5703125, 4.96484375, 5.6796875, 0.020599365234375, 1.8203125, 2.818359375, 6.11328125, 7.47265625, 2.58203125, 2.048828125, 5.765625, 1.1474609375, 12.203125, 9.84375, 6.1953125, 9.8046875, 1.0244140625, 0.0025730133056640625, 11.5390625, 2.24609375, 7.94921875, 3.736328125, 4.234375, 2.208984375, 6.7265625, 0.7724609375, 2.037109375, 6.6640625, 1.853515625, 0.826171875, 0.295654296875, 0.158935546875, 3.234375, 5.5234375, 3.181640625, 5.00390625, 0.8876953125, 2.8203125, 2.111328125, 0.01166534423828125, 7.890625, 4.44921875, 8.34375, 0.48828125, 4.7890625, 7.4296875, 3.322265625, 5.7421875, 0.04541015625, 0.1248779296875, 6.640625, 8.3984375, 0.01059722900390625, 7.76953125, 0.84765625, 6.94921875, 7.83203125, 9.125, 5.4140625, 3.62109375, 4.7734375, 0.767578125, 3.470703125, 1.3486328125, 8.53125, 5.90625, 1.9130859375, 0.81298828125, 5.59375, 0.1107177734375, 0.15576171875, 2.59765625, 2.95703125, 0.0288238525390625, 0.000949859619140625, 3.681640625, 2.130859375, 0.295654296875, 1.9921875, 3.017578125, 2.509765625, 0.0004467964172363281, 0.108642578125, 6.2265625, 0.0004127025604248047, 1.3603515625, 0.2216796875, 6.73046875, 6.80859375, 5.359375, 1.4462890625, 11.25, 3.16796875, 4.3203125, 5.26953125, 4.67578125, 0.326904296875, 9.28125, 8.734375, 0.218017578125, 7.3359375, 1.1337890625, 6.875, 3.162109375, 10.2578125, 3.40234375, 1.8671875, 10.9609375, 4.33203125, 2.541015625, 0.759765625, 0.003498077392578125, 8.2109375, 1.3408203125, 3.884765625, 4.1796875, 4.76171875, 0.525390625, 0.011688232421875, 0.004695892333984375, 6.40234375, 4.40625, 3.33203125, 10.71875, 1.244140625, 2.12890625, 7.98828125, 1.78515625, 3.109375, 2.21875, 6.05078125, 2.90234375, 4.90234375, 8.7265625, 1.474609375, 4.8515625, 6.8359375, 3.236328125, 5.7578125, 1.55859375, 7.58984375, 2.06640625, 5.2890625, 2.3984375, 2.7421875, 7.91796875, 4.4296875, 3.974609375, 7.0078125, 5.90234375, 2.79296875, 2.32421875, 4.65625, 2.037109375, 12.7734375, 1.326171875, 8.4140625, 6.94140625, 6.99609375, 1.6875, 2.841796875, 3.931640625, 1.59765625, 9.96875]",-0.8160368521367349
440,0,test,3.3333285796014884,1.5253099408230901,2.0852807672304117,5.842903544703758,2.6736754709830026,3.655233528765952,28.031491640014938,21.93313922511715,24.547955840308912,49.135660633359514,38.44601990609615,43.02946282352999,3.462119270209691,1.4532866455280797,2.047082650206537,5.206194391292768,2.1853934519219242,3.0783197747466717,31.884476785550582,24.429866847299888,27.767839571069764,47.94658163240689,36.73664187563893,41.75614973093198,3.2804384103985536,1.4894159019078907,2.023153546095949,5.688621520922347,2.582802142036805,3.5083587504554035,26.587426349329075,20.59184648482022,23.071563876808796,46.10536361155331,35.7084043089368,40.00849227192276,0.7738693467336684,-0.006130653266331665,-0.0011306532663316604,0.6180904522613065,-0.006909547738693456,-0.006909547738693456,0.4974874371859297,0.01748743718592971,0.012487437185929706,0.4342105263157895,0.09102497623368766,0.16396982609697108,0.37623762376237624,0.42713567839195976,0.09129607939446605,0.14499878356725193,0.36363636363636365,0.43143812709030105,0.09253996348429105,0.16892422275214758,0.37583892617449666,23.0,14.0,14.0,37.0,24.0,25.0,47.0,27.0,26.0,0.001239952647274301,0.0004486844334151274,0.00010633916389913103,0.00048729044062767457,8.427820529455232e-05,-5.782855820246624e-05,"[7.0234375, 5.5390625, 6.9375, 1.4716796875, 7.453125, 5.88671875, 5.2265625, 0.031890869140625, 0.72998046875, 8.015625, 1.6767578125, 4.48046875, 9.484375, 6.5, 9.328125, 3.37890625, 3.580078125, 3.322265625, 2.05859375, 9.796875, 1.5224609375, 5.9453125, 4.46484375, 5.37890625, 2.65625, 1.16796875, 4.24609375, 7.9296875, 2.9921875, 3.765625, 2.943359375, 9.2890625, 6.1640625, 0.0396728515625, 0.337646484375, 5.6328125, 2.302734375, 2.47265625, 0.087890625, 4.81640625, 2.025390625, 6.5859375, 4.6953125, 2.9921875, 7.92578125, 1.0419921875, 1.0546875, 2.990234375, 5.234375, 5.5234375, 0.38916015625, 11.2421875, 3.533203125, 1.3056640625, 6.12109375, 4.421875, 6.6015625, 6.98046875, 1.4287109375, 10.3828125, 2.396484375, 4.3046875, 1.7822265625, 0.34765625, 4.69140625, 1.2216796875, 3.19921875, 0.01392364501953125, 2.9140625, 8.4140625, 0.035186767578125, 1.193359375, 0.02056884765625, 2.431640625, 0.003162384033203125, 4.046875, 4.34765625, 9.0859375, 3.423828125, 2.02734375, 7.65625, 3.99609375, 0.9638671875, 4.6015625, 2.90625, 0.75341796875, 9.7734375, 0.0201263427734375, 1.880859375, 7.1015625, 0.6884765625, 0.46826171875, 7.89453125, 2.330078125, 2.314453125, 3.1796875, 1.353515625, 4.24609375, 5.9765625, 1.8759765625, 5.15234375, 2.65234375, 4.3984375, 4.31640625, 0.01439666748046875, 4.4609375, 2.78125, 9.1328125, 1.9736328125, 3.50390625, 7.8203125, 2.564453125, 7.05859375, 2.810546875, 2.60546875, 9.75, 0.8935546875, 0.57275390625, 2.373046875, 4.99609375, 2.16796875, 0.0012788772583007812, 1.5205078125, 4.3046875, 8.234375, 3.474609375, 4.2890625, 0.049224853515625, 0.9296875, 8.3046875, 0.86376953125, 3.287109375, 1.73828125, 0.2425537109375, 1.2841796875, 0.003978729248046875, 5.05859375, 6.59765625, 0.1754150390625, 0.0010728836059570312, 0.1519775390625, 7.6953125, 3.48046875, 0.6689453125, 2.009765625, 4.30859375, 5.71875, 0.011474609375, 7.7109375, 2.00390625, 0.10540771484375, 1.8408203125, 7.33203125, 0.759765625, 2.26953125, 7.23828125, 2.06640625, 6.1875, 7.1328125, 1.5283203125, 1.6181640625, 2.462890625, 0.410888671875, 0.0736083984375, 2.724609375, 0.159423828125, 1.662109375, 4.75390625, 7.234375, 1.033203125, 4.609375, 3.259765625, 0.5693359375, 1.990234375, 0.0036602020263671875, 0.03057861328125, 0.01448822021484375, 0.067626953125, 4.234375, 7.37890625, 0.28466796875, 0.2364501953125, 2.5546875, 1.76171875, 3.271484375, 3.15234375, 5.23046875, 4.65625, 3.421875, 3.599609375, 5.99609375, 1.466796875, 1.845703125, 7.09765625, 0.412841796875, 1.3310546875, 0.5244140625, 5.09765625, 1.548828125, 0.0188751220703125, 0.00904083251953125, 0.54931640625, 2.099609375, 0.005855560302734375, 2.001953125, 6.46875, 11.4375, 0.012176513671875, 0.0091552734375, 0.01258087158203125, 0.0753173828125, 4.48046875, 4.140625, 3.2734375, 2.81640625, 2.013671875, 4.57421875, 10.5703125, 6.2890625, 0.79833984375, 8.8203125, 3.3671875, 8.4921875, 5.40625, 4.5390625, 3.7734375, 0.121337890625, 0.2763671875, 4.1171875, 0.169921875, 2.93359375, 1.7412109375, 1.9912109375, 0.671875, 6.5859375, 2.330078125, 3.328125, 8.65625, 3.166015625, 1.0, 3.712890625, 0.1668701171875, 0.01543426513671875, 0.07513427734375, 0.01190948486328125, 0.0906982421875, 4.9453125, 4.00390625, 4.48828125, 6.44921875, 2.955078125, 2.603515625, 0.0033702850341796875, 5.4921875, 4.48046875, 3.724609375, 4.20703125, 1.98046875, 4.5234375, 8.96875, 2.41796875, 1.6767578125, 2.8984375, 0.234130859375, 0.024261474609375, 1.0185546875, 1.798828125, 2.404296875, 0.6650390625, 1.76953125, 2.107421875, 7.90625, 3.705078125, 0.783203125, 5.48828125, 2.0078125, 5.046875, 5.1875, 2.248046875, 8.484375, 1.240234375, 6.27734375, 0.00902557373046875, 0.0186920166015625, 0.024932861328125, 0.1903076171875, 0.962890625, 0.55810546875, 2.09375, 7.51953125, 4.41796875, 3.671875, 9.3203125, 1.115234375, 0.0039215087890625, 5.88671875, 0.0050048828125, 0.08392333984375, 0.029296875, 0.3095703125, 3.83203125, 4.50390625, 5.6875, 6.85546875]",-0.8337966454656502
134,0,test,4.207964643647399,1.9310326051394355,2.665986795202518,6.545722779007065,3.0038284968835662,4.147090570315028,67.21958467245962,57.47285277801101,62.545759419170835,104.56379837938162,89.40221543246156,97.2934035409324,4.21608078539671,1.8863788550375173,2.6405311761216947,6.436764557857573,2.87996771761453,4.031345307056023,67.76736828777358,57.492489840542,62.93397091951918,103.46163097370011,87.77479364968244,96.08239835041095,4.207964643647399,1.9310326051394355,2.665986795202518,6.545722779007065,3.0038284968835662,4.147090570315028,67.21958467245962,57.47285277801101,62.545759419170835,104.56379837938162,89.40221543246156,97.2934035409324,0.7939698492462312,-0.011030150753768786,-0.011030150753768786,0.6733668341708543,-0.001633165829145744,0.008366834170854265,0.5678391959798995,-0.007160804020100442,-0.007160804020100442,0.4345991561181435,0.09565178769709082,0.16250939454731594,0.39406779661016944,0.4371859296482412,0.1013463306507475,0.16005738206894238,0.3737373737373737,0.4345991561181435,0.09565178769709082,0.16250939454731594,0.39406779661016944,28.0,11.0,10.0,40.0,12.0,12.0,48.0,11.0,10.0,0.0005393662994346536,0.00013677827430131397,-0.00010534911261229621,4.537263278781012e-05,-4.0869005880850295e-05,-6.618974063954397e-05,"[9.5859375, 6.55859375, 3.494140625, 9.4375, 12.1171875, 9.7265625, 10.1796875, 9.828125, 5.5234375, 1.103515625, 4.484375, 3.048828125, 6.7578125, 0.29541015625, 7.33984375, 7.328125, 2.701171875, 4.11328125, 1.7763671875, 1.8896484375, 8.1484375, 5.109375, 11.2265625, 0.36572265625, 7.7890625, 3.951171875, 4.20703125, 1.5478515625, 9.515625, 0.7177734375, 3.28515625, 1.9189453125, 5.796875, 1.15625, 1.734375, 9.0390625, 8.921875, 4.91015625, 2.267578125, 8.0546875, 0.054901123046875, 1.453125, 11.6015625, 8.640625, 2.287109375, 10.0703125, 5.09375, 4.28515625, 1.681640625, 0.72509765625, 2.71875, 10.0078125, 2.890625, 0.4150390625, 3.92578125, 5.078125, 5.68359375, 7.5703125, 5.23046875, 2.498046875, 2.515625, 5.51953125, 2.287109375, 1.62890625, 0.73828125, 1.408203125, 3.5234375, 4.14453125, 0.76904296875, 1.923828125, 8.1015625, 0.137451171875, 7.515625, 0.8505859375, 6.71484375, 8.5859375, 0.489501953125, 2.056640625, 1.94140625, 3.279296875, 3.015625, 1.51953125, 5.54296875, 4.7421875, 0.2705078125, 0.7099609375, 4.13671875, 8.828125, 0.21044921875, 3.072265625, 3.482421875, 4.73828125, 4.8984375, 3.072265625, 4.6328125, 2.48046875, 4.80078125, 0.029541015625, 4.04296875, 7.23828125, 3.642578125, 8.3515625, 0.7001953125, 0.69775390625, 4.1484375, 1.1298828125, 1.7353515625, 6.61328125, 4.32421875, 1.6533203125, 0.343505859375, 1.9716796875, 8.4453125, 0.62060546875, 0.93798828125, 6.21875, 7.3125, 0.3271484375, 1.087890625, 8.1953125, 0.83837890625, 5.96484375, 4.74609375, 0.410400390625, 3.990234375, 12.390625, 3.05859375, 7.8984375, 1.39453125, 10.390625, 0.1419677734375, 0.00696563720703125, 0.240234375, 10.890625, 3.2734375, 1.1064453125, 6.87109375, 2.37890625, 2.173828125, 9.65625, 2.150390625, 4.62109375, 1.2080078125, 2.494140625, 0.08648681640625, 9.8203125, 0.2359619140625, 4.07421875, 7.25390625, 2.923828125, 7.75390625, 2.4453125, 2.65234375, 8.03125, 0.7607421875, 1.7392578125, 6.64453125, 0.20947265625, 5.5078125, 8.5234375, 1.5751953125, 0.05059814453125, 3.103515625, 10.234375, 1.7763671875, 3.86328125, 3.880859375, 0.226806640625, 3.4296875, 6.50390625, 1.9287109375, 0.1702880859375, 0.353759765625, 4.19921875, 6.33984375, 0.4755859375, 7.53515625, 0.08453369140625, 6.7421875, 3.544921875, 0.383056640625, 6.0078125, 8.9140625, 7.1953125, 3.6015625, 5.70703125, 1.107421875, 7.05078125, 2.30859375, 3.6953125, 5.7109375, 2.43359375, 5.87109375, 0.7177734375, 1.2998046875, 7.53515625, 7.0234375, 3.50390625, 9.625, 5.12109375, 4.16796875, 6.890625, 8.4140625, 3.42578125, 2.15234375, 6.6953125, 5.78125, 0.736328125, 6.25390625, 6.25390625, 1.806640625, 1.6767578125, 8.1875, 0.1923828125, 4.54296875, 2.341796875, 5.0, 5.8203125, 1.4921875, 5.36328125, 0.0169525146484375, 5.0625, 2.96875, 7.15234375, 9.0859375, 1.634765625, 3.96875, 8.5, 6.25390625, 4.27734375, 0.66064453125, 1.4345703125, 9.5078125, 2.03515625, 1.28125, 4.78515625, 0.7578125]",-0.19176317770269868
480,0,test,3.9973863423299445,1.861048735889618,2.52741269618996,6.028490754108402,2.806662688179477,3.8116115796594525,54.455635482791934,45.98726920704655,50.10651495935296,82.1249854037781,69.35377356089722,75.5660414792404,4.250584058426133,1.8985369027518941,2.6190035786721007,6.115948285505228,2.7317077737437327,3.7683504729094977,70.14636996314267,59.639312658148825,65.03442229606078,100.93002872394631,85.81196065920695,93.57470833965581,3.9973863423299445,1.861048735889618,2.52741269618996,6.028490754108402,2.806662688179477,3.8116115796594525,54.455635482791934,45.98726920704655,50.10651495935296,82.1249854037781,69.35377356089722,75.5660414792404,0.7839195979899498,-0.006080402010050223,-0.016080402010050232,0.6582914572864322,0.018291457286432222,0.013291457286432218,0.5376884422110553,0.007688442211055246,0.002688442211055353,0.4388489208633094,0.11209847203027534,0.1828680596192903,0.4043321299638989,0.44221105527638194,0.12642158159217143,0.1734297531060981,0.4292929292929293,0.4388489208633094,0.11209847203027534,0.1828680596192903,0.4043321299638989,23.0,0.0,0.0,36.0,5.0,3.0,45.0,3.0,2.0,0.0006708951805554092,0.00035799554682975797,0.00012879760159213442,-0.00023875416349117273,0.00018498985658865763,3.328992298534672e-05,"[1.859375, 5.28125, 0.00511932373046875, 0.052032470703125, 4.68359375, 6.9765625, 7.35546875, 0.225830078125, 1.8408203125, 4.921875, 2.568359375, 8.328125, 1.3408203125, 13.8984375, 11.0234375, 8.6796875, 0.63134765625, 2.03515625, 11.5625, 2.9609375, 3.287109375, 4.75, 6.69140625, 4.921875, 6.59765625, 7.67578125, 1.513671875, 2.744140625, 3.669921875, 0.9287109375, 5.49609375, 4.6015625, 7.484375, 10.5703125, 0.03558349609375, 5.4296875, 2.626953125, 2.8984375, 0.88330078125, 6.08984375, 5.0703125, 1.64453125, 6.41796875, 0.0396728515625, 1.390625, 14.15625, 1.037109375, 5.33203125, 0.65087890625, 4.3828125, 4.23046875, 1.6337890625, 0.384765625, 11.0625, 7.00390625, 2.353515625, 2.630859375, 0.73095703125, 4.5625, 0.720703125, 4.62109375, 1.24609375, 4.953125, 0.78076171875, 2.66015625, 3.6328125, 1.96484375, 4.48046875, 4.31640625, 6.96484375, 10.265625, 1.337890625, 11.0, 5.76953125, 0.046234130859375, 2.572265625, 0.775390625, 1.0927734375, 2.421875, 4.78515625, 1.3271484375, 8.96875, 0.517578125, 6.99609375, 1.7001953125, 9.5078125, 11.6328125, 8.7890625, 8.1796875, 3.9296875, 5.3125, 4.15234375, 4.44140625, 3.490234375, 0.66552734375, 5.35546875, 2.962890625, 3.4296875, 3.62109375, 1.51953125, 1.23046875, 5.66796875, 0.1614990234375, 3.982421875, 7.8046875, 0.5205078125, 2.1796875, 0.462158203125, 4.1328125, 2.826171875, 11.1796875, 0.52001953125, 8.78125, 10.84375, 3.853515625, 9.828125, 10.765625, 4.34765625, 1.6328125, 10.3984375, 0.26416015625, 0.2327880859375, 12.53125, 6.3125, 0.615234375, 0.51025390625, 2.279296875, 3.841796875, 3.689453125, 2.98828125, 2.142578125, 0.06671142578125, 0.6806640625, 7.87109375, 2.462890625, 12.3984375, 0.49658203125, 0.99658203125, 8.84375, 1.4970703125, 1.15234375, 0.0007424354553222656, 3.166015625, 5.9453125, 0.11981201171875, 4.453125, 4.38671875, 1.240234375, 4.33984375, 0.99560546875, 5.09375, 8.9296875, 3.38671875, 1.919921875, 8.140625, 6.02734375, 6.79296875, 2.88671875, 8.3515625, 0.751953125, 6.4765625, 0.7587890625, 6.25390625, 2.3828125, 1.9599609375, 5.48046875, 11.2734375, 2.8984375, 0.88232421875, 4.17578125, 1.9287109375, 5.3828125, 0.7978515625, 12.65625, 2.234375, 5.9609375, 14.4296875, 0.42138671875, 0.9443359375, 1.7099609375, 8.109375, 7.55859375, 4.56640625, 2.21875, 8.25, 4.7578125, 3.0234375, 0.7421875, 1.4013671875, 4.16796875, 5.3671875, 1.708984375, 4.06640625, 7.2890625, 6.17578125, 1.8212890625, 0.1295166015625, 0.462646484375, 0.92529296875, 6.83984375, 3.275390625, 5.13671875, 0.475341796875, 3.3671875, 4.29296875, 6.0234375, 0.343994140625, 0.0576171875, 3.55078125, 3.2421875, 7.59765625, 0.0635986328125, 0.457275390625, 5.22265625, 5.34765625, 0.055908203125, 13.4921875, 3.087890625, 6.20703125, 2.62890625, 14.03125, 8.8125, 4.06640625, 0.94384765625, 1.97265625, 3.314453125, 6.5, 0.24609375, 0.10504150390625, 2.318359375, 1.333984375, 4.80859375, 7.046875, 0.189208984375, 0.0008063316345214844, 0.1322021484375, 0.00406646728515625, 6.6796875, 3.439453125, 8.4609375, 0.076904296875, 0.7490234375, 1.7470703125, 1.6884765625, 5.9609375, 1.6279296875, 2.505859375, 1.58984375, 2.46484375, 5.17578125, 5.078125, 8.6328125, 6.87890625, 3.724609375, 0.7216796875, 0.74365234375, 2.96484375, 5.6171875, 9.328125, 1.3544921875, 4.3671875, 0.336669921875, 4.703125, 0.5703125, 0.97314453125, 0.002414703369140625, 1.1455078125, 2.91015625, 3.7265625, 0.014617919921875, 3.201171875, 4.1640625, 0.728515625, 8.8359375, 0.71435546875, 6.2265625, 0.049713134765625, 0.376953125]",-1.0525585352945672
317,0,test,3.8693466036338506,1.802439140635065,2.4761643818142574,6.284607540933961,2.927528540521921,4.02179565199131,47.91107093168594,40.010717765938224,43.88342438540931,77.81734450687844,64.98556070263852,71.27562559413614,3.9204319230276137,1.7692822372085661,2.4643661293613155,5.895386350417464,2.6605747927948364,3.7058137283628807,50.42221859273457,41.827484629787726,46.133166317519766,75.8228851018565,62.89847312750034,69.37318243236055,3.8693466036338506,1.802439140635065,2.4761643818142574,6.284607540933961,2.927528540521921,4.02179565199131,47.91107093168594,40.010717765938224,43.88342438540931,77.81734450687844,64.98556070263852,71.27562559413614,0.7939698492462312,0.003969849246231116,0.003969849246231116,0.6432160804020101,0.00821608040201005,-0.0067839195979899625,0.542713567839196,0.007713567839196078,-0.007286432160804046,0.43700787401574803,0.10105502529276178,0.17915447087438674,0.4110671936758893,0.44221105527638194,0.10135892495056742,0.1734297531060981,0.41414141414141414,0.43700787401574803,0.10105502529276178,0.17915447087438674,0.4110671936758893,18.0,2.0,3.0,29.0,0.0,3.0,38.0,0.0,-1.0,6.282493876542904e-06,7.815801509412982e-06,-1.4216872745009915e-05,-7.243603883999583e-05,-0.00013431153772813786,0.00011739929023413254,"[11.3359375, 3.77734375, 8.0078125, 2.63671875, 4.765625, 2.267578125, 13.8046875, 3.37890625, 2.720703125, 8.3984375, 2.65234375, 0.49609375, 7.58984375, 7.5390625, 0.443115234375, 0.7431640625, 5.80078125, 6.640625, 0.107421875, 0.87060546875, 5.03125, 4.01953125, 8.1875, 0.309326171875, 0.0027008056640625, 0.275634765625, 2.025390625, 3.904296875, 3.923828125, 4.83203125, 5.94140625, 1.90234375, 2.76953125, 5.0859375, 8.296875, 0.4716796875, 5.89453125, 6.015625, 2.73046875, 3.107421875, 5.3671875, 0.83251953125, 3.384765625, 7.3046875, 4.76953125, 3.515625, 5.3046875, 7.08984375, 0.2408447265625, 0.377685546875, 6.5625, 1.1875, 12.03125, 0.76025390625, 1.53515625, 0.83740234375, 4.87109375, 3.5546875, 1.3662109375, 2.595703125, 3.64453125, 9.9296875, 1.779296875, 9.7734375, 2.212890625, 2.22265625, 2.03125, 6.16015625, 2.693359375, 1.6875, 5.69921875, 0.04608154296875, 9.375, 6.02734375, 6.6328125, 1.599609375, 3.935546875, 0.0196075439453125, 1.3623046875, 2.6640625, 3.205078125, 8.9921875, 4.9140625, 4.875, 0.05096435546875, 3.251953125, 3.78125, 9.515625, 3.18359375, 4.11328125, 5.53125, 0.80224609375, 6.02734375, 1.822265625, 1.8203125, 2.96484375, 7.72265625, 0.056488037109375, 0.477294921875, 1.83203125, 5.1640625, 1.880859375, 2.904296875, 4.515625, 1.3935546875, 4.9609375, 2.681640625, 2.96484375, 8.75, 0.22119140625, 1.275390625, 7.046875, 2.6875, 0.040191650390625, 0.007244110107421875, 0.09320068359375, 3.669921875, 5.25, 5.5078125, 7.01171875, 1.9365234375, 8.9140625, 0.255615234375, 0.01018524169921875, 0.1441650390625, 11.3828125, 0.1317138671875, 0.51611328125, 1.8828125, 0.030242919921875, 4.26953125, 5.2421875, 0.43212890625, 8.359375, 0.59375, 5.7421875, 0.307373046875, 5.43359375, 1.6298828125, 4.765625, 2.001953125, 3.083984375, 10.1640625, 5.625, 10.15625, 4.93359375, 0.170654296875, 0.60986328125, 9.1875, 3.455078125, 1.90625, 1.3876953125, 6.60546875, 7.45703125, 5.1328125, 2.517578125, 5.109375, 0.011810302734375, 8.6015625, 0.7353515625, 4.92578125, 2.310546875, 4.703125, 0.85546875, 6.82421875, 7.51171875, 1.9765625, 6.1328125, 0.1898193359375, 8.8984375, 1.3359375, 8.046875, 5.2578125, 4.40234375, 6.7421875, 0.497802734375, 3.578125, 3.75390625, 1.6298828125, 8.3125, 1.3515625, 6.31640625, 0.053497314453125, 3.44921875, 2.646484375, 1.5166015625, 6.55859375, 5.32421875, 1.853515625, 1.451171875, 2.5390625, 0.1820068359375, 9.046875, 8.328125, 0.90966796875, 2.1796875, 17.4375, 3.07421875, 1.056640625, 0.1468505859375, 2.48828125, 0.473388671875, 4.703125, 6.765625, 0.05657958984375, 5.59765625, 2.927734375, 6.4140625, 0.005237579345703125, 10.140625, 1.8671875, 5.3125, 5.90625, 3.5390625, 8.2109375, 5.74609375, 7.625, 1.3857421875, 11.046875, 2.64453125, 1.833984375, 5.49609375, 10.8359375, 0.354248046875, 1.462890625, 4.71484375, 0.0992431640625, 6.1796875, 4.953125, 1.169921875, 1.173828125, 0.0084228515625, 10.65625, 0.031036376953125, 0.10888671875, 6.74609375, 3.4921875, 8.2421875, 3.802734375, 6.30859375, 2.08203125, 2.259765625, 3.935546875, 0.07733154296875, 0.003376007080078125, 2.255859375, 2.408203125, 5.3671875, 0.314697265625, 1.1083984375, 1.798828125, 5.1171875, 0.40673828125, 6.35546875]",-0.750962272403747
