text_index,membership_label,set_split,cut_T,cut_T_rep1_diff,cut_T_rep2_diff,cal_T,cal_T_rep1_diff,cal_T_rep2_diff,ppl_T,ppl_T_rep1_diff,ppl_T_rep2_diff,calppl_T,calppl_T_rep1_diff,calppl_T_rep2_diff,cut_200,cut_200_rep1_diff,cut_200_rep2_diff,cal_200,cal_200_rep1_diff,cal_200_rep2_diff,ppl_200,ppl_200_rep1_diff,ppl_200_rep2_diff,calppl_200,calppl_200_rep1_diff,calppl_200_rep2_diff,cut_300,cut_300_rep1_diff,cut_300_rep2_diff,cal_300,cal_300_rep1_diff,cal_300_rep2_diff,ppl_300,ppl_300_rep1_diff,ppl_300_rep2_diff,calppl_300,calppl_300_rep1_diff,calppl_300_rep2_diff,cb_const1,cb_const1_rep1_diff,cb_const1_rep2_diff,cb_const2,cb_const2_rep1_diff,cb_const2_rep2_diff,cb_const3,cb_const3_rep1_diff,cb_const3_rep2_diff,cbm_T,cbm_T_rep1_diff,cbm_T_rep2_diff,cbpm_T,cbm_200,cbm_200_rep1_diff,cbm_200_rep2_diff,cbpm_200,cbm_300,cbm_300_rep1_diff,cbm_300_rep2_diff,cbpm_300,lz_bins3,lz_bins3_rep1_diff,lz_bins3_rep2_diff,lz_bins4,lz_bins4_rep1_diff,lz_bins4_rep2_diff,lz_bins5,lz_bins5_rep1_diff,lz_bins5_rep2_diff,slope_600,slope_800,slope_1000,apen_600,apen_800,apen_1000,loss_seq_orig,nei_delta
122,1,test,3.0854500117711723,1.3478993511228634,1.8685393953175804,5.468694158794422,2.3890354016453506,3.311824997218056,21.877309674088938,16.193903902875135,18.500570115001167,38.77564542235074,28.70229864164765,32.790665652105524,3.129252631460602,1.3188569141385227,1.8680869476856063,5.546330526106033,2.3375601857489676,3.3110230727944883,22.85689063641076,16.744024715798247,19.327357226282324,40.511868231431485,29.67734035834586,34.25607453210039,3.090496495831758,1.345909848229208,1.8748694149329774,5.477638616750081,2.3855091792752168,3.3230444112950015,21.987992212584945,16.26445706316911,18.615584038442663,38.97182068023677,28.827348036099743,32.99451791641217,0.6783919597989949,0.013391959798994879,0.00339195979899487,0.5175879396984925,0.0025879396984924696,0.017587939698492483,0.4371859296482412,-0.002814070351758735,0.0021859296482411583,0.38671875,0.08262518274853803,0.13736810064935068,0.34901960784313724,0.40703517587939697,0.10127076485182807,0.14827056819993123,0.3535353535353535,0.38671875,0.0845745004873294,0.14126420454545452,0.34509803921568627,28.0,6.0,7.0,38.0,6.0,7.0,46.0,5.0,4.0,-0.00010604013896953994,-0.0005612135603675735,-0.0006728557950472242,0.02271265406190537,0.025551820807883985,0.02695913882419987,"[3.056640625, 9.4453125, 1.869140625, 1.6689453125, 0.791015625, 1.9755859375, 1.1484375, 8.7890625, 7.828125, 3.369140625, 4.2265625, 5.89453125, 4.859375, 1.173828125, 7.09375, 0.0906982421875, 4.73046875, 9.2578125, 7.3046875, 0.51904296875, 0.71630859375, 8.765625, 6.1640625, 1.3134765625, 0.583984375, 7.48828125, 1.4736328125, 3.48828125, 0.87158203125, 6.4921875, 0.83544921875, 1.775390625, 1.48828125, 4.62109375, 1.4970703125, 6.28515625, 7.74609375, 6.9609375, 6.9765625, 5.0, 0.1585693359375, 0.8818359375, 2.009765625, 3.232421875, 1.2421875, 1.5869140625, 9.1328125, 8.4765625, 4.9921875, 3.0234375, 5.23046875, 4.94140625, 7.28125, 4.0625, 1.947265625, 1.869140625, 0.7236328125, 1.974609375, 2.62890625, 2.13671875, 3.501953125, 12.34375, 0.09130859375, 4.83984375, 6.0859375, 5.9765625, 2.751953125, 3.232421875, 1.345703125, 0.5048828125, 7.01953125, 6.5, 2.599609375, 0.0015783309936523438, 10.3828125, 11.109375, 2.30078125, 4.578125, 3.0078125, 4.38671875, 0.32470703125, 1.43359375, 9.09375, 1.310546875, 7.67578125, 0.98193359375, 5.89453125, 0.10882568359375, 3.15625, 2.74609375, 5.875, 1.0908203125, 4.17578125, 0.97900390625, 2.16796875, 3.115234375, 1.0390625, 1.662109375, 6.0234375, 0.63720703125, 3.7890625, 1.7685546875, 0.70166015625, 2.947265625, 7.1328125, 3.076171875, 1.830078125, 5.74609375, 0.053497314453125, 5.828125, 5.34765625, 0.067138671875, 6.2421875, 1.2587890625, 1.732421875, 4.16796875, 1.90234375, 4.640625, 1.7958984375, 9.1171875, 3.083984375, 3.4453125, 1.28125, 0.140625, 5.65234375, 1.5244140625, 2.708984375, 3.443359375, 4.38671875, 2.2109375, 7.73828125, 5.01171875, 5.75390625, 6.76171875, 5.80859375, 5.6015625, 0.00891876220703125, 0.1390380859375, 0.0008440017700195312, 0.00168609619140625, 0.0016565322875976562, 8.859375, 0.10223388671875, 9.4296875, 5.25390625, 0.37548828125, 2.193359375, 0.0073699951171875, 6.546875, 9.109375, 1.0087890625, 0.78515625, 2.0, 0.27392578125, 3.7109375, 1.3203125, 2.640625, 4.11328125, 1.4521484375, 7.46484375, 0.365966796875, 9.09375, 0.09454345703125, 0.03436279296875, 0.002468109130859375, 0.0002353191375732422, 7.69921875, 0.2135009765625, 0.130615234375, 0.0017642974853515625, 0.006011962890625, 0.00015246868133544922, 0.006450653076171875, 0.0001341104507446289, 0.00030350685119628906, 0.00043654441833496094, 1.6570091247558594e-05, 0.007648468017578125, 7.75, 0.34912109375, 0.049652099609375, 0.61279296875, 0.0028133392333984375, 0.52197265625, 5.125999450683594e-05, 0.17626953125, 0.822265625, 0.256103515625, 0.5234375, 0.2119140625, 0.020660400390625, 0.0008730888366699219, 0.0010509490966796875, 1.4150390625, 3.025390625, 0.171875, 1.494140625, 0.27978515625, 0.58203125, 1.220703125, 3.138671875, 0.060943603515625, 0.205322265625, 1.021484375, 7.921875, 2.876953125, 1.7607421875, 0.9140625, 2.91796875, 0.0112762451171875, 1.3359375, 4.84765625, 2.7265625, 0.87109375, 0.220458984375, 5.328125, 0.387939453125, 2.39453125, 1.48828125, 1.935546875, 1.7978515625, 0.07110595703125, 2.943359375, 7.0703125, 1.3193359375, 0.391357421875, 4.91796875, 2.58984375, 1.0234375, 0.765625, 6.36328125, 0.07720947265625, 0.5107421875, 6.7578125, 3.015625, 3.60546875, 3.369140625, 1.6142578125, 7.984375, 11.21875, 2.041015625, 4.015625, 0.4765625, 2.40234375, 4.26171875, 10.1875, 6.078125, 7.37890625, 9.578125, 0.414794921875, 2.052734375, 0.338134765625, 1.1474609375, 5.5390625, 0.63134765625, 0.6943359375]",-1.273014706093818
328,1,test,3.1721002311463566,1.280235726498988,1.81114583484596,5.947687933399418,2.4004419871856024,3.3958984403361745,23.857538120428707,17.22581608285059,19.957624531128705,44.73288397580382,32.29840515534485,37.42054599586632,3.259657947262328,1.3083265573857925,1.863588961509579,6.111858651116865,2.4531122950983613,3.494229302830461,26.040628350748822,19.00257661438154,22.00133814151972,48.82617815765404,35.62983115196539,41.252509015349474,3.2225524230944274,1.342662956566721,1.8809991214476356,6.042285793302051,2.517493043562602,3.5268733527143166,25.092084130102414,18.53930360952664,21.26710388859266,47.047657743942025,34.76119426786245,39.87581979111124,0.6633165829145728,-0.006683417085427079,-0.006683417085427079,0.5577889447236181,-0.00221105527638199,-0.00221105527638199,0.4522613065326633,-0.017738693467336697,-0.017738693467336697,0.43630573248407645,0.10880175792127833,0.16194132570441544,0.43450479233226835,0.44723618090452266,0.12142164456367055,0.18179377689784482,0.45959595959595956,0.4448160535117057,0.12261238072372571,0.18230214917355225,0.4530201342281879,21.0,0.0,0.0,34.0,1.0,1.0,40.0,-1.0,-1.0,0.00018191968062615673,0.00011260856481904294,-0.00010797467752972184,0.004227727866497943,0.004197910177930808,0.004281074613659008,"[3.068359375, 6.421875, 0.03375244140625, 0.004650115966796875, 0.01220703125, 0.64208984375, 4.8984375, 3.517578125, 9.5859375, 4.69140625, 4.55859375, 6.46875, 2.359375, 0.004070281982421875, 0.73193359375, 0.65869140625, 4.25, 3.42578125, 0.328369140625, 0.65087890625, 8.03125, 2.0078125, 4.2265625, 7.234375, 6.40625, 0.1829833984375, 0.79150390625, 0.7626953125, 3.775390625, 1.8251953125, 0.8046875, 4.84765625, 1.3330078125, 4.62890625, 0.333251953125, 0.002971649169921875, 0.7451171875, 0.1527099609375, 3.42578125, 1.798828125, 0.46728515625, 9.171875, 1.4267578125, 3.794921875, 3.7109375, 1.458984375, 0.0006117820739746094, 0.7880859375, 0.114990234375, 6.3359375, 1.3359375, 4.1796875, 2.818359375, 5.61328125, 8.7578125, 1.0654296875, 0.00020563602447509766, 3.388671875, 0.002994537353515625, 0.019622802734375, 0.05181884765625, 4.94921875, 7.3125, 7.49609375, 14.296875, 10.4765625, 1.2373046875, 0.47412109375, 1.0595703125, 0.607421875, 1.291015625, 6.28515625, 2.703125, 3.810546875, 2.4453125, 2.041015625, 0.01099395751953125, 0.033203125, 0.00010704994201660156, 0.1646728515625, 3.71484375, 12.421875, 2.57421875, 1.4775390625, 7.2265625, 5.83203125, 1.4619140625, 1.890625, 7.2109375, 2.212890625, 0.43310546875, 2.923828125, 3.796875, 8.1328125, 4.95703125, 3.642578125, 6.1328125, 9.4765625, 0.0097198486328125, 0.007274627685546875, 0.004337310791015625, 0.00016808509826660156, 0.865234375, 1.37890625, 2.8671875, 0.1326904296875, 0.62255859375, 0.024871826171875, 5.984306335449219e-05, 0.012451171875, 0.0005350112915039062, 7.784366607666016e-05, 4.328125, 0.814453125, 3.48828125, 2.365234375, 0.6552734375, 0.03179931640625, 5.578125, 10.328125, 6.19140625, 5.47265625, 1.798828125, 0.5966796875, 7.1484375, 2.697265625, 5.7578125, 0.401611328125, 13.5625, 4.39453125, 4.3828125, 0.05828857421875, 9.765625, 4.3359375, 0.79443359375, 4.3671875, 0.57568359375, 4.17578125, 2.11328125, 3.673828125, 6.17578125, 5.6953125, 3.751953125, 1.068359375, 0.0221099853515625, 0.1715087890625, 7.39453125, 1.0322265625, 8.4609375, 11.46875, 2.0859375, 0.0084991455078125, 0.007175445556640625, 4.796875, 0.8759765625, 5.40234375, 1.943359375, 5.609375, 0.7978515625, 6.5390625, 7.3671875, 1.61328125, 0.87255859375, 2.98046875, 5.1875, 2.150390625, 6.015625, 0.08831787109375, 3.26953125, 5.99609375, 2.951171875, 8.046875, 0.9638671875, 5.77734375, 6.16015625, 1.341796875, 5.02734375, 7.14453125, 1.5126953125, 0.47021484375, 5.67578125, 3.533203125, 1.98828125, 6.203125, 0.59375, 7.03125, 2.16796875, 2.482421875, 0.73974609375, 1.396484375, 3.390625, 3.744140625, 2.544921875, 7.5546875, 4.52734375, 4.3125, 6.76171875, 5.9609375, 0.00786590576171875, 1.3642578125, 5.33984375, 2.640625, 4.375, 2.021484375, 3.2890625, 1.3623046875, 1.650390625, 2.24609375, 5.41015625, 1.2021484375, 0.7978515625, 1.435546875, 0.0011997222900390625, 4.5703125, 1.1083984375, 1.9208984375, 6.9765625, 0.402587890625, 5.01171875, 1.30078125, 3.396484375, 1.6591796875, 4.5078125, 5.6796875, 0.02935791015625, 9.3125, 4.34765625, 0.8740234375, 6.05078125, 0.740234375, 2.1953125, 0.80126953125, 2.802734375, 3.541015625, 0.86181640625, 6.25, 2.79296875, 7.59375, 1.822265625, 3.052734375, 0.0179595947265625, 0.00502777099609375, 3.712890625, 2.904296875, 5.04296875, 1.14453125, 9.2421875, 12.8125, 0.69873046875, 8.7734375, 0.54931640625, 0.95068359375, 1.13671875, 5.26953125, 8.7109375, 11.890625, 1.2880859375, 0.0037822723388671875, 0.007843017578125, 3.548828125, 1.11328125, 5.5390625, 0.98681640625, 0.00135040283203125, 0.007171630859375, 1.3349609375, 0.87744140625, 3.3984375, 0.2476806640625, 0.0002765655517578125, 0.006816864013671875, 2.642578125, 2.5, 10.0546875, 9.6328125, 1.451171875, 4.4375, 4.08984375, 3.642578125, 1.1669921875, 0.00058746337890625, 0.005588531494140625, 2.365234375, 0.8759765625, 3.537109375, 5.078125, 4.53515625, 1.908203125, 1.490234375, 3.90625, 1.5986328125, 1.4541015625, 4.55859375, 7.64453125, 0.771484375, 4.03515625, 3.41015625, 5.54296875, 4.6953125, 0.54638671875, 3.185546875, 3.19140625, 1.9423828125, 3.509765625, 0.5986328125, 1.94921875, 1.56640625, 0.0017099380493164062, 0.001514434814453125, 2.478515625, 2.517578125, 6.18359375, 2.1015625, 4.28125]",-1.2520545273070125
157,1,test,3.18955031150504,1.4081178084857644,1.9286881283106287,5.406884752658277,2.3870232368448523,3.269487361895558,24.277507672144427,18.339150629198404,20.749045314914348,41.15491942283307,31.08829277783901,35.17351531993502,3.435473657732633,1.5291790271489676,2.1224187701329744,5.823770852947832,2.5922446609958434,3.5978970595302293,31.046114315568186,24.318001903790318,27.328601347985543,52.62897453494714,41.223564724607115,46.32709426369742,3.235264092384772,1.459646222835688,2.0017889950902608,5.484378167304667,2.4743735435235994,3.3934070130674474,25.413082294218835,19.50915442736879,21.979942970574303,43.079930947953855,33.071668200405924,37.260117228192804,0.7437185929648241,-0.0012814070351758744,0.008718592964824134,0.592964824120603,-0.007035175879396949,0.002964824120602949,0.49246231155778897,-0.007537688442211032,-0.007537688442211032,0.41455696202531644,0.11123942648029272,0.16824117255163218,0.38095238095238093,0.44221105527638194,0.11639651893552982,0.1901242439241282,0.40909090909090906,0.40802675585284276,0.11086481929190783,0.16553509845573489,0.3825503355704698,23.0,6.0,6.0,36.0,6.0,6.0,42.0,2.0,2.0,-0.001115449207407284,-0.00020939291454201165,-0.00024203196290531882,-0.00043990332195509296,-3.7795904697546234e-05,9.98832418286355e-05,"[3.056640625, 9.4453125, 2.4296875, 6.078125, 0.78955078125, 0.10418701171875, 2.328125, 10.8515625, 0.58154296875, 3.328125, 2.904296875, 0.320068359375, 2.974609375, 1.0546875, 2.0625, 2.96484375, 7.0859375, 6.38671875, 2.5078125, 8.5546875, 1.1669921875, 4.62890625, 4.69140625, 7.140625, 5.0546875, 3.896484375, 5.51171875, 7.19140625, 5.69921875, 0.2076416015625, 0.98876953125, 6.5234375, 0.947265625, 10.1484375, 1.6240234375, 1.2451171875, 7.87890625, 5.16015625, 1.71875, 2.6328125, 2.919921875, 3.44140625, 0.95703125, 2.873046875, 1.916015625, 4.37890625, 9.21875, 1.9921875, 9.0078125, 1.5712890625, 0.11700439453125, 1.6630859375, 3.09375, 1.0703125, 5.4921875, 8.0234375, 6.375, 3.734375, 8.828125, 0.109619140625, 0.2476806640625, 3.7421875, 2.048828125, 9.015625, 0.07366943359375, 1.2626953125, 4.03125, 8.5625, 4.9765625, 4.23828125, 2.681640625, 1.37890625, 1.88671875, 6.8515625, 2.484375, 3.107421875, 3.232421875, 8.0859375, 4.53515625, 3.26171875, 1.24609375, 4.3984375, 5.54296875, 0.93359375, 1.3359375, 11.546875, 0.376220703125, 4.4609375, 2.32421875, 0.990234375, 2.58984375, 0.970703125, 1.236328125, 0.73974609375, 4.16015625, 1.7255859375, 4.5859375, 5.23046875, 0.8232421875, 4.37890625, 4.53125, 3.99609375, 2.13671875, 8.625, 4.11328125, 1.318359375, 5.08203125, 4.828125, 0.4990234375, 0.7451171875, 6.05078125, 7.7890625, 5.72265625, 8.0390625, 6.6953125, 1.2861328125, 4.51953125, 0.035491943359375, 3.20703125, 0.10235595703125, 0.340087890625, 9.21875, 0.09130859375, 1.634765625, 0.1181640625, 0.00492095947265625, 0.346435546875, 0.49072265625, 7.5, 0.32470703125, 0.312744140625, 5.1171875, 7.703125, 0.52001953125, 6.76171875, 3.822265625, 8.96875, 4.4765625, 0.56103515625, 3.607421875, 3.19140625, 0.0110931396484375, 5.21875, 2.48046875, 0.0849609375, 1.5673828125, 6.41015625, 1.8232421875, 4.1484375, 0.51513671875, 7.03515625, 5.19921875, 5.6953125, 0.7001953125, 4.75, 2.44140625, 5.0078125, 1.2255859375, 0.5458984375, 0.0015268325805664062, 0.023834228515625, 0.0989990234375, 1.1513671875, 6.91796875, 1.8095703125, 4.09375, 7.0859375, 0.56298828125, 1.12109375, 2.66015625, 5.37890625, 5.2421875, 5.734375, 12.9453125, 6.0078125, 0.0194091796875, 0.2279052734375, 3.083984375, 4.1953125, 4.9296875, 4.89453125, 5.265625, 5.63671875, 5.87890625, 10.421875, 3.06640625, 0.0005273818969726562, 0.572265625, 0.005096435546875, 0.89013671875, 0.0006623268127441406, 0.0111083984375, 0.007030487060546875, 0.0246124267578125, 1.228515625, 0.61962890625, 6.10546875, 0.1566162109375, 0.00013267993927001953, 0.0232391357421875, 0.0027790069580078125, 0.4775390625, 0.00016689300537109375, 2.853515625, 0.0007538795471191406, 0.0085601806640625, 9.046875, 0.1834716796875, 5.96484375, 2.93359375, 7.6484375, 0.79833984375, 1.375, 0.0038738250732421875, 0.0020751953125, 7.4765625, 2.466796875, 10.4453125, 7.67578125, 0.262939453125, 8.78125, 8.3046875, 1.0439453125, 0.0012664794921875, 0.027984619140625, 0.0036163330078125, 0.72802734375, 1.390625, 2.619140625, 0.07421875, 9.167194366455078e-05, 1.8596649169921875e-05, 0.0013818740844726562, 0.0203857421875, 0.002796173095703125, 0.0005846023559570312, 5.859375, 3.2265625, 0.7724609375, 3.033203125, 2.546875, 2.2265625, 3.400390625, 5.25390625, 1.0703125, 2.013671875, 2.859375, 0.7509765625, 5.12890625, 0.015228271484375, 0.293701171875, 3.09375, 1.0810546875, 1.61328125, 1.23046875, 0.2734375, 6.61328125, 5.26953125, 8.375, 0.050445556640625, 3.869140625, 0.023529052734375, 0.62841796875, 6.0078125, 6.7890625, 2.6640625, 1.0205078125, 1.8662109375, 1.5654296875, 10.078125, 0.0092315673828125, 5.4375, 7.50390625, 10.5, 0.0643310546875, 1.2041015625, 1.1484375, 2.7734375, 1.3896484375, 5.01953125, 0.74267578125, 6.078125, 1.13671875, 3.3515625, 1.0458984375, 4.01171875, 1.8388671875, 3.07421875, 0.391357421875, 2.90625, 3.064453125, 1.3974609375, 9.4453125, 1.439453125, 11.0234375, 0.004058837890625, 3.7421875, 0.340087890625, 0.4228515625, 0.9462890625, 0.02313232421875, 6.1015625, 3.87890625, 0.0816650390625, 0.96630859375, 0.15771484375, 0.007843017578125, 0.59375, 2.720703125, 5.14453125, 1.92578125, 4.49609375, 6.7890625, 3.828125, 0.1488037109375, 7.04296875]",-1.3938408780701552
349,1,test,3.560107238152448,1.670570568657539,2.27932606715702,5.750942461630877,2.6986139955237163,3.6819882623305706,35.1669681835986,28.550665747592607,31.567517769723537,56.808179373505425,46.12030620764959,50.993682551091865,3.568505877825483,1.6077659261420179,2.232610868275175,5.764509494948857,2.597160342229414,3.606525248752206,35.463566646140876,28.35898447794952,31.66016814462591,57.28729996684295,45.81066723361076,51.14334854131877,3.560107238152448,1.670570568657539,2.27932606715702,5.750942461630877,2.6986139955237163,3.6819882623305706,35.1669681835986,28.550665747592607,31.567517769723537,56.808179373505425,46.12030620764959,50.993682551091865,0.7035175879396984,-0.01148241206030165,-0.0064824120603015345,0.5979899497487438,-0.012010050251256232,0.007989949748743674,0.4723618090452262,-0.007638190954773805,-0.0026381909547738003,0.4338235294117647,0.1127226119805721,0.18932475190565223,0.43173431734317347,0.40703517587939697,0.08623317086686566,0.1666345080997642,0.41414141414141414,0.4338235294117647,0.1127226119805721,0.18932475190565223,0.43173431734317347,25.0,12.0,13.0,40.0,19.0,19.0,47.0,14.0,16.0,4.26008489137961e-05,-1.974811388909557e-05,1.0421959907738705e-05,0.00019717463232815646,-0.00020823100688893703,-5.431726479621091e-05,"[3.0625, 9.453125, 2.48046875, 1.494140625, 3.81640625, 1.4990234375, 2.68359375, 0.962890625, 5.37109375, 0.01316070556640625, 9.0703125, 6.83203125, 6.64453125, 3.359375, 1.287109375, 0.91162109375, 5.80859375, 1.818359375, 0.086669921875, 10.625, 2.896484375, 2.615234375, 9.6015625, 0.572265625, 2.712890625, 3.373046875, 2.150390625, 1.8662109375, 1.2265625, 1.6943359375, 0.0178070068359375, 9.3984375, 11.21875, 1.7021484375, 4.3515625, 2.6171875, 5.56640625, 1.021484375, 9.3671875, 2.330078125, 3.3984375, 0.79833984375, 0.8271484375, 4.125, 5.46875, 5.11328125, 0.057891845703125, 11.875, 0.5517578125, 10.578125, 2.25390625, 2.15234375, 2.30078125, 2.044921875, 1.0390625, 0.315185546875, 2.7578125, 3.138671875, 4.53515625, 0.0034542083740234375, 1.1162109375, 6.34765625, 2.01171875, 9.859375, 3.873046875, 7.42578125, 3.427734375, 0.11785888671875, 0.455078125, 1.15625, 0.2247314453125, 0.923828125, 1.4658203125, 3.96875, 3.552734375, 6.94140625, 6.19140625, 0.58837890625, 0.265380859375, 0.9345703125, 7.640625, 5.32421875, 7.2109375, 0.72412109375, 3.173828125, 5.30078125, 0.01523590087890625, 0.2437744140625, 4.109375, 1.859375, 8.5625, 2.603515625, 0.0002593994140625, 3.013671875, 1.498046875, 5.75390625, 1.3623046875, 6.046875, 0.347900390625, 3.978515625, 0.689453125, 0.68212890625, 5.17578125, 4.125, 0.035614013671875, 6.7421875, 5.86328125, 0.07489013671875, 7.734375, 3.71875, 0.50634765625, 4.38671875, 9.0, 4.23828125, 0.65478515625, 9.3515625, 8.1875, 10.125, 0.062103271484375, 8.6953125, 2.57421875, 0.66162109375, 6.89453125, 4.85546875, 0.051666259765625, 0.72705078125, 5.03515625, 0.89453125, 0.03155517578125, 11.4140625, 0.447509765625, 1.8994140625, 3.576171875, 4.80078125, 0.95703125, 0.8271484375, 7.0, 2.32421875, 11.125, 7.18359375, 0.5634765625, 2.466796875, 2.21484375, 7.07421875, 5.90625, 0.2237548828125, 1.623046875, 5.984375, 5.31640625, 3.787109375, 5.01953125, 0.01227569580078125, 1.1611328125, 2.966796875, 0.019195556640625, 0.57861328125, 8.4765625, 2.447265625, 6.453125, 8.3046875, 3.03125, 5.41015625, 10.5859375, 1.34765625, 7.765625, 0.431884765625, 8.46875, 2.599609375, 0.724609375, 4.92578125, 4.2734375, 0.740234375, 0.281494140625, 1.5712890625, 3.658203125, 9.03125, 0.2587890625, 5.890625, 1.1083984375, 2.87109375, 2.22265625, 0.050140380859375, 1.6474609375, 2.0703125, 4.0, 0.008697509765625, 5.8828125, 5.64453125, 9.265625, 1.6201171875, 0.06463623046875, 6.03515625, 3.1328125, 2.087890625, 0.046478271484375, 0.00566864013671875, 0.034759521484375, 9.921875, 0.12005615234375, 4.078125, 0.0251007080078125, 0.1070556640625, 0.1265869140625, 9.875, 0.32470703125, 0.00252532958984375, 5.6484375, 1.6083984375, 2.126953125, 3.4296875, 7.8671875, 0.009246826171875, 4.703125, 5.1640625, 7.6796875, 1.3212890625, 0.260009765625, 0.00311279296875, 3.1171875, 2.35546875, 3.267578125, 8.484375, 0.5703125, 1.193359375, 3.873046875, 5.734375, 1.1240234375, 1.1650390625, 11.7265625, 4.0234375, 2.9609375, 3.87890625, 0.020050048828125, 8.3671875, 3.876953125, 8.8515625, 0.0281982421875, 4.99609375, 1.654296875, 5.9140625, 4.6484375, 2.44921875, 2.544921875, 5.875, 0.004718780517578125, 3.892578125, 4.89453125, 4.69140625, 4.46875, 4.203125, 2.046875, 7.34375, 4.703125, 4.515625, 0.0088958740234375, 5.9140625, 0.07647705078125, 0.0085906982421875, 6.05859375, 2.44921875, 11.5234375, 6.91796875, 4.3359375, 2.1875, 6.765625, 0.6005859375, 5.3984375, 0.1258544921875, 0.94970703125, 1.078125, 1.7626953125, 5.0625]",-1.0675692488165462
430,1,test,3.1627111085529984,1.3730150260588183,1.8877291511761212,5.281273573612423,2.292738010021663,3.1522367165572547,23.634585074856982,17.646952631346263,20.05594823333372,39.46636455083773,29.467877838946627,33.490554705423285,3.6308794452916437,1.5557015944130166,2.187972916729585,6.063047494769299,2.5977983562207787,3.6536007078403117,37.7459975644657,29.780034477874832,33.5130163292146,63.03039784688292,49.72838293195367,55.961926788975575,3.22989568423268,1.3908391675041434,1.9395191711302513,5.393462171278494,2.3225017677461532,3.2387186159064965,25.27702004168742,18.98641965759392,21.642865436669968,42.20899518922923,31.70459550478602,36.14047864783645,0.7386934673366834,-0.0063065326633166,-0.01630653266331661,0.6281407035175879,0.003140703517587884,0.008140703517587888,0.5175879396984925,0.0025879396984924696,-0.002412060301507535,0.4367816091954023,0.13118620030013695,0.19240233255806116,0.3746397694524496,0.4623115577889447,0.13399075578393216,0.20855529735488798,0.43434343434343436,0.4448160535117057,0.1443152187871648,0.19787500790547663,0.37248322147651003,26.0,9.0,9.0,40.0,15.0,16.0,45.0,10.0,9.0,-0.0012716801804723125,-0.00023442826720640749,-0.000682439251957818,0.018329265903892278,0.018725819017727297,0.022186935536471886,"[3.056640625, 9.4453125, 2.4296875, 1.0791015625, 9.8046875, 1.6474609375, 1.2119140625, 4.125, 3.978515625, 3.384765625, 0.1612548828125, 0.0323486328125, 5.0390625, 1.154296875, 8.984375, 0.0294036865234375, 3.013671875, 7.6796875, 9.7890625, 2.779296875, 6.1875, 2.025390625, 0.09576416015625, 5.4375, 5.04296875, 5.2890625, 0.2027587890625, 1.748046875, 6.5546875, 0.188232421875, 0.57275390625, 4.41796875, 0.79296875, 6.7890625, 4.46875, 9.0234375, 3.75, 1.6015625, 5.88671875, 4.1328125, 10.359375, 11.828125, 0.81640625, 3.310546875, 7.01953125, 10.859375, 2.57421875, 2.53515625, 5.09375, 5.02734375, 7.99609375, 3.54296875, 3.27734375, 6.23046875, 5.078125, 0.2442626953125, 5.33203125, 1.427734375, 0.51025390625, 7.609375, 0.71435546875, 7.30859375, 2.169921875, 2.724609375, 9.296875, 5.16796875, 8.71875, 5.875, 2.9765625, 5.60546875, 3.544921875, 3.400390625, 4.43359375, 2.404296875, 3.767578125, 1.2412109375, 0.314453125, 0.115234375, 5.30078125, 6.03125, 0.1951904296875, 10.15625, 1.9580078125, 7.58203125, 0.52197265625, 4.31640625, 0.0528564453125, 3.57421875, 5.0078125, 3.947265625, 1.8818359375, 0.08721923828125, 2.91015625, 1.1630859375, 0.1868896484375, 5.9453125, 4.42578125, 0.70068359375, 2.669921875, 10.8671875, 2.912109375, 9.4296875, 2.376953125, 2.740234375, 3.6640625, 6.30859375, 0.153076171875, 5.4609375, 7.51171875, 2.7265625, 0.86376953125, 1.4375, 9.8515625, 0.06439208984375, 5.23828125, 10.4453125, 1.5537109375, 0.51953125, 4.12890625, 3.21875, 4.8125, 1.08203125, 1.7841796875, 5.0390625, 1.0498046875, 0.0361328125, 7.37890625, 5.37109375, 2.3671875, 0.685546875, 0.475830078125, 0.14404296875, 4.9453125, 3.34375, 6.1953125, 10.4921875, 0.06097412109375, 1.5068359375, 3.51171875, 5.1015625, 3.740234375, 7.5234375, 1.2392578125, 6.69140625, 0.9169921875, 6.26953125, 0.041259765625, 0.3349609375, 4.234375, 3.798828125, 1.8095703125, 1.3232421875, 5.0703125, 0.13525390625, 7.43359375, 2.45703125, 1.283203125, 0.87744140625, 2.326171875, 0.379638671875, 1.01171875, 7.5703125, 0.00826263427734375, 4.640625, 6.82421875, 4.7890625, 5.234375, 9.09375, 0.366455078125, 1.4609375, 2.1640625, 5.9921875, 7.2578125, 0.56201171875, 5.0234375, 4.05078125, 0.16943359375, 2.51171875, 0.14892578125, 1.7783203125, 5.09375, 7.28515625, 0.257568359375, 4.4609375, 4.640625, 0.458740234375, 0.022796630859375, 0.0226287841796875, 0.358154296875, 0.003330230712890625, 0.1600341796875, 0.02642822265625, 0.400634765625, 0.40625, 1.1298828125, 4.9375, 5.97265625, 0.497802734375, 3.84765625, 4.4609375, 0.447998046875, 0.187744140625, 3.35546875, 7.54296875, 0.14794921875, 0.0102691650390625, 0.00783538818359375, 0.226806640625, 0.0003211498260498047, 0.321044921875, 0.026702880859375, 1.658203125, 1.40234375, 5.953125, 4.48046875, 4.12890625, 4.84765625, 0.020721435546875, 1.5517578125, 1.96484375, 0.048736572265625, 4.44140625, 5.4375, 5.57421875, 4.39453125, 1.7001953125, 1.095703125, 4.96484375, 2.0546875, 2.064453125, 0.078857421875, 3.51171875, 2.927734375, 2.466796875, 2.14453125, 0.50732421875, 0.96337890625, 1.29296875, 1.5673828125, 2.041015625, 1.5849609375, 6.1015625, 5.40234375, 1.474609375, 4.71875, 0.83740234375, 5.46484375, 0.00774383544921875, 7.7265625, 0.053863525390625, 8.453125, 0.0004146099090576172, 0.14794921875, 0.0005478858947753906, 0.0056304931640625, 0.0023975372314453125, 7.66015625, 8.0703125, 0.77734375, 11.1875, 4.68359375, 3.236328125, 8.6953125, 13.078125, 0.322509765625, 0.67529296875, 5.161762237548828e-05, 0.50634765625, 2.529296875, 4.87890625, 0.0291290283203125, 4.0625, 0.38427734375, 0.1705322265625, 0.007781982421875, 0.56640625, 5.703125, 1.4951171875, 8.3515625, 5.6953125, 3.34375, 0.59033203125, 0.057708740234375, 0.54150390625, 0.01105499267578125, 0.00022864341735839844, 0.0025234222412109375, 6.73532485961914e-05, 0.34814453125, 0.1632080078125, 0.0047607421875, 0.00017321109771728516, 0.00012886524200439453, 3.232421875, 3.22265625, 5.45703125, 1.0830078125, 0.0218658447265625, 0.546875, 0.98291015625, 0.337158203125, 0.0261077880859375, 5.4921875, 2.544921875, 7.25, 0.491943359375, 0.423828125, 7.2890625, 3.77734375, 2.10546875, 5.44921875, 1.4326171875, 0.343017578125, 0.375244140625, 0.77783203125, 1.03515625, 3.6640625, 0.303466796875, 0.1087646484375, 0.012725830078125, 0.9951171875, 1.66015625, 12.484375, 0.03643798828125, 1.40625, 2.0078125, 0.818359375, 2.029296875, 2.810546875, 2.28125, 2.443359375, 6.83203125, 7.625, 0.372802734375, 0.11981201171875, 2.2265625, 3.3671875, 4.58203125, 2.599609375, 0.487548828125, 2.138671875, 6.92578125, 0.1719970703125, 4.62109375, 8.7109375, 4.078125, 8.890625, 0.79443359375]",-1.2072000852946578
416,1,test,3.8184699397205044,1.7552259608517877,2.406547450566572,6.532803993256767,3.002916704107878,4.117225758800641,45.53448448755554,37.66302118915603,41.43064707953913,77.90237105099864,64.4355302272308,70.88134801559707,3.8333012758187914,1.6956516724626955,2.356151583098706,6.5581780863405825,2.90099442758678,4.031006322891762,46.2148546587698,37.73537062094904,41.83441239514989,79.06637784994352,64.55930877318993,71.57212723025644,3.807767456917375,1.747643813370236,2.3984817826933464,6.5144937214731,2.989944837332211,4.10342666436693,45.04975100316754,37.20281102933501,40.95672040086371,77.07306798132278,63.6481827248864,70.07053369786321,0.7085427135678393,-0.021457286432160716,-0.011457286432160707,0.6130653266331658,0.008065326633165837,-0.016934673366834185,0.49246231155778897,-0.007537688442211032,-0.002537688442211028,0.4204946996466431,0.11361639276833624,0.17960163266661955,0.4042553191489362,0.42713567839195976,0.10132114205110765,0.178387765203312,0.40909090909090906,0.4204946996466431,0.10832538747733089,0.18430198519305907,0.4042553191489362,25.0,0.0,1.0,33.0,-1.0,-1.0,43.0,-1.0,-1.0,-0.00014202582275832804,-9.185276184078544e-05,-9.343440818078801e-05,0.0002734037727947225,-0.00016562223134020115,-1.5767138139999304e-05,"[3.322265625, 11.890625, 3.6015625, 1.6416015625, 1.10546875, 7.15234375, 0.57666015625, 2.2890625, 8.96875, 9.265625, 2.5234375, 15.234375, 6.08984375, 0.96923828125, 0.018829345703125, 8.7890625, 4.625, 1.0029296875, 0.1070556640625, 8.1796875, 2.580078125, 4.9140625, 7.859375, 5.6796875, 1.5107421875, 8.15625, 0.0280303955078125, 6.19921875, 7.29296875, 2.412109375, 4.53125, 0.058135986328125, 4.0546875, 0.80078125, 0.004100799560546875, 4.94921875, 6.1484375, 0.423828125, 0.01107025146484375, 2.443359375, 10.421875, 4.71484375, 3.27734375, 1.361328125, 2.498046875, 11.890625, 5.2734375, 7.671875, 7.93359375, 2.630859375, 5.0390625, 0.4697265625, 0.329345703125, 10.2421875, 1.705078125, 1.1181640625, 9.6328125, 0.008758544921875, 0.6259765625, 0.0004038810729980469, 0.7568359375, 7.71875, 0.242919921875, 2.73828125, 5.8828125, 6.390625, 1.9111328125, 1.4521484375, 3.451171875, 5.171875, 0.0928955078125, 0.87353515625, 7.80078125, 5.046875, 6.1875, 0.705078125, 0.611328125, 0.290771484375, 4.58203125, 6.62109375, 0.397216796875, 0.367431640625, 0.1865234375, 0.55322265625, 4.83203125, 5.30859375, 1.935546875, 2.3203125, 1.6357421875, 5.63671875, 6.55859375, 13.765625, 6.2421875, 3.359375, 0.958984375, 5.47265625, 1.8896484375, 7.3203125, 6.4453125, 5.578125, 6.4765625, 9.390625, 4.06640625, 2.3984375, 5.16796875, 1.6044921875, 4.36328125, 4.3046875, 1.2822265625, 3.830078125, 0.07855224609375, 6.27734375, 3.451171875, 0.87939453125, 2.875, 2.029296875, 2.27734375, 10.59375, 7.109375, 2.240234375, 0.77783203125, 4.60546875, 7.52734375, 1.3583984375, 5.3671875, 0.01317596435546875, 0.0006127357482910156, 0.00403594970703125, 0.278564453125, 0.048095703125, 2.638671875, 4.65625, 1.48046875, 5.4375, 2.34765625, 3.76171875, 2.525390625, 8.5859375, 10.21875, 0.87353515625, 0.0266876220703125, 0.73779296875, 2.14453125, 6.359375, 10.0078125, 1.1474609375, 7.28515625, 2.177734375, 8.1796875, 4.41015625, 4.55078125, 0.7236328125, 1.984375, 0.83837890625, 3.009765625, 0.47314453125, 8.84375, 1.2490234375, 1.099609375, 7.4453125, 3.044921875, 0.7548828125, 0.89306640625, 0.003162384033203125, 3.484375, 6.44140625, 0.58544921875, 1.33203125, 0.67333984375, 11.8671875, 2.6796875, 8.7578125, 0.6826171875, 8.6953125, 0.083251953125, 4.0859375, 8.8046875, 9.9375, 3.123046875, 0.53857421875, 6.62890625, 0.806640625, 0.6513671875, 5.046875, 8.1796875, 0.42431640625, 9.0703125, 9.1875, 7.1171875, 2.52734375, 0.08990478515625, 1.2177734375, 0.355224609375, 0.00560760498046875, 0.0003006458282470703, 0.0003771781921386719, 10.671875, 4.98046875, 2.537109375, 0.29443359375, 0.888671875, 5.75390625, 1.29296875, 8.9765625, 10.0859375, 2.806640625, 7.25, 3.14453125, 6.69140625, 10.9609375, 1.5087890625, 0.425048828125, 1.71875, 3.3671875, 8.8515625, 3.26953125, 1.732421875, 3.1640625, 8.53125, 0.1219482421875, 10.5390625, 3.984375, 5.328125, 1.5224609375, 1.6005859375, 5.5, 2.02734375, 9.09375, 6.03515625, 0.548828125, 0.7236328125, 5.68359375, 5.41015625, 1.3291015625, 0.0465087890625, 1.2275390625, 8.7265625, 6.82421875, 0.283203125, 0.68212890625, 6.26953125, 5.5625, 7.41015625, 0.9755859375, 1.609375, 2.8984375, 7.34375, 3.544921875, 1.15234375, 3.806640625, 10.28125, 0.92919921875, 0.30859375, 1.1650390625, 11.1796875, 0.63720703125, 7.0703125, 0.01078033447265625, 7.14453125, 1.2919921875, 12.4609375, 0.0038318634033203125, 0.158447265625, 0.0011205673217773438, 1.2783203125, 1.2822265625, 1.9755859375, 3.439453125, 0.01332855224609375, 10.1484375, 3.984375, 0.467529296875, 2.822265625, 1.498046875, 6.71484375, 0.04052734375, 0.1068115234375, 5.9140625, 8.0625, 3.125, 0.623046875, 2.50390625, 0.044891357421875]",-0.6676202435375522
16,1,test,3.278622049748418,1.4417423988370845,1.895767151094297,5.523444354080668,2.428881338581395,3.193769885176879,26.539177825944424,20.262256340831208,22.552912043105756,44.710146427491956,34.135512934553475,37.994545514061045,2.9439122029884377,1.274507313580527,1.7671082566923955,4.9595638014309715,2.1471429517077345,2.977020216229531,18.98999388833996,13.680986477998736,15.746004236544366,31.99215186594209,23.048148390862735,26.52705218228645,3.1460462425863462,1.422610397267009,1.952825884580063,5.300095922195015,2.3966499485489248,3.2898958596078534,23.243981599440616,17.640232558624195,19.94629775078672,39.15877981167022,29.718229625790304,33.60322233691095,0.5728643216080402,-0.007135678391959832,-0.0021356783919597166,0.46733668341708545,0.0023366834170854833,-0.002663316582914521,0.4120603015075377,0.002060301507537665,0.002060301507537665,0.4075067024128687,0.12102745207819665,0.16214990866897816,0.43279569892473113,0.4120603015075377,0.1313585471215728,0.20004026811855602,0.40909090909090906,0.40802675585284276,0.13256765735534692,0.19445612181502292,0.42281879194630867,26.0,5.0,4.0,35.0,5.0,4.0,44.0,5.0,5.0,7.510629063090686e-05,0.0004989459726088078,-3.5676358344672324e-05,0.0044607145333124265,0.0036793238017605034,0.004101841009626739,"[3.056640625, 6.44140625, 0.03302001953125, 0.005214691162109375, 0.009490966796875, 1.6259765625, 0.047332763671875, 0.003810882568359375, 4.4375, 0.7939453125, 7.69140625, 4.05859375, 8.359375, 1.822265625, 4.05078125, 1.6376953125, 0.375244140625, 8.8125, 0.175537109375, 5.96875, 2.587890625, 0.007495880126953125, 5.94921875, 3.712890625, 0.1639404296875, 0.068359375, 2.576171875, 0.58837890625, 0.6845703125, 3.28125, 0.822265625, 3.234375, 0.024566650390625, 7.140625, 6.4375, 3.83984375, 1.5693359375, 1.158203125, 3.119140625, 0.0013790130615234375, 0.0008916854858398438, 7.16796875, 0.426025390625, 0.176513671875, 0.8642578125, 5.19140625, 7.4609375, 1.4716796875, 5.4375, 0.9482421875, 5.890625, 6.8671875, 7.421875, 8.953125, 1.7490234375, 4.03515625, 9.1875, 1.6142578125, 1.814453125, 1.16015625, 0.276611328125, 5.97265625, 1.7353515625, 5.6171875, 1.6181640625, 0.5712890625, 5.328125, 0.2193603515625, 0.01311492919921875, 0.41650390625, 4.67578125, 0.3115234375, 3.125, 6.76171875, 6.47265625, 0.1802978515625, 0.0164337158203125, 6.140625, 2.91796875, 1.0126953125, 9.5546875, 0.91748046875, 1.3427734375, 2.0546875, 0.00341796875, 0.006366729736328125, 1.11328125, 0.08917236328125, 0.486083984375, 0.325927734375, 11.640625, 9.765625, 7.63671875, 0.31689453125, 3.841796875, 1.716796875, 0.022308349609375, 4.36328125, 7.1796875, 0.5546875, 2.9609375, 0.7431640625, 5.93359375, 0.039337158203125, 7.640625, 4.91796875, 1.9208984375, 9.3203125, 0.65087890625, 0.00881195068359375, 3.1953125, 0.113525390625, 7.046875, 6.1171875, 0.08837890625, 0.441162109375, 8.734375, 8.640625, 0.30712890625, 10.7734375, 1.083984375, 1.0205078125, 0.498779296875, 12.1484375, 6.10546875, 4.9296875, 4.51171875, 5.0, 0.370361328125, 0.003170013427734375, 4.1640625, 0.55126953125, 0.11590576171875, 0.301513671875, 0.002231597900390625, 0.011260986328125, 1.126953125, 0.033538818359375, 0.1944580078125, 0.08526611328125, 10.9921875, 0.0986328125, 0.849609375, 0.7998046875, 4.37890625, 0.89892578125, 0.0174102783203125, 6.34765625, 2.640625, 0.0010042190551757812, 0.174560546875, 2.556640625, 5.98046875, 6.0546875, 0.2215576171875, 7.26953125, 4.73046875, 0.079345703125, 0.4716796875, 3.23828125, 0.06964111328125, 3.1953125, 0.00963592529296875, 3.630859375, 0.2529296875, 0.185546875, 4.7890625, 7.96484375, 5.24609375, 1.8583984375, 0.126220703125, 4.59765625, 1.5869140625, 0.1470947265625, 10.015625, 0.208251953125, 6.25, 0.13623046875, 0.037628173828125, 2.578125, 3.470703125, 4.83203125, 3.666015625, 0.04095458984375, 0.1297607421875, 7.73046875, 4.09375, 0.5400390625, 3.03125, 0.259521484375, 2.724609375, 1.3564453125, 6.5546875, 0.12310791015625, 7.2890625, 7.046875, 0.1949462890625, 0.201171875, 0.00018894672393798828, 0.22216796875, 1.70703125, 5.63671875, 0.83447265625, 1.328125, 9.3125, 0.3330078125, 11.359375, 6.796875, 7.2890625, 0.755859375, 7.86328125, 5.7421875, 8.3984375, 2.625, 3.8828125, 9.2578125, 3.05078125, 5.56640625, 0.8828125, 0.1795654296875, 0.0163116455078125, 0.00024259090423583984, 0.00102996826171875, 2.3484230041503906e-05, 0.73828125, 1.359375, 0.98876953125, 0.09674072265625, 3.1328125, 0.042205810546875, 8.821487426757812e-05, 0.008209228515625, 0.0006237030029296875, 0.00028324127197265625, 5.3359375, 0.11260986328125, 0.02337646484375, 2.8671875, 11.390625, 8.296875, 0.57373046875, 1.1474609375, 7.765625, 0.011016845703125, 1.5048828125, 2.376953125, 6.82421875, 3.353515625, 7.4765625, 6.2109375, 0.529296875, 0.6103515625, 2.72265625, 2.703125, 1.7265625, 6.76953125, 10.90625, 0.461669921875, 2.93359375, 2.80859375, 0.0211029052734375, 11.515625, 3.302734375, 1.9794921875, 9.3203125, 5.640625, 8.6640625, 0.59765625, 9.1015625, 6.06640625, 1.9248046875, 4.4765625, 2.578125, 2.150390625, 7.2734375, 1.1455078125, 3.138671875, 3.78515625, 0.00943756103515625, 9.0, 0.354736328125, 0.369140625, 0.73486328125, 6.078125, 9.9296875, 0.241943359375, 3.318359375, 1.9384765625, 5.265625, 5.19921875, 0.04071044921875, 0.79443359375, 8.46875, 2.41796875, 5.99609375, 0.89306640625, 5.4375, 0.480224609375, 1.7861328125, 3.890625, 8.2421875, 4.11328125, 10.125, 1.1650390625, 7.3359375, 0.429443359375, 0.00017786026000976562, 10.609375, 7.5390625, 6.4609375, 9.2578125, 6.18359375, 1.6591796875, 1.8720703125, 3.0078125, 0.259033203125, 2.21875, 0.41845703125, 3.349609375, 1.2802734375, 4.61328125, 1.1572265625, 4.84375, 6.1796875, 0.10980224609375, 2.572265625, 6.91796875, 6.70703125, 2.66015625, 0.85595703125, 8.8828125, 0.21630859375, 3.427734375, 3.71875, 1.2236328125, 9.34375, 4.578125, 3.421875, 5.984375, 7.23828125, 0.2213134765625, 4.89453125, 0.1314697265625, 2.412109375, 0.296142578125, 7.4453125, 4.984375, 2.775390625, 1.427734375, 7.5859375, 0.919921875, 3.3359375, 2.236328125, 6.0703125, 7.6484375, 0.247802734375, 1.951171875, 1.1396484375, 2.939453125, 1.4658203125, 1.8642578125, 8.515625, 5.21484375, 5.93359375, 10.9921875, 0.8994140625, 0.3544921875, 8.2578125, 1.974609375, 1.9248046875, 0.0004596710205078125, 2.751953125, 5.3984375]",-1.5407901816968943
223,1,test,2.6365952141144695,1.0756566702294383,1.436867121740945,5.617745484618898,2.29188210986386,3.0615066514366727,13.965572782273677,9.202283077961734,10.646358501925976,29.756192007685392,19.607137239975287,22.684002489899097,2.321073570443158,0.9208047504477657,1.3352719134685822,4.945469255205593,1.9619419398745008,2.845039588356354,10.186604475351077,6.1303142431339985,7.506645043673171,21.70441294464008,13.061749097586645,15.994272110099086,2.667240686241201,1.163317914510316,1.5917331838391722,5.683041234888922,2.478660329212321,3.391476954202781,14.400179708214488,9.900875467126475,11.468699451859436,30.68220108284337,21.095615341888802,24.436149400268686,0.5778894472361809,0.007889447236180791,0.032889447236180924,0.42713567839195976,-0.012864321608040186,-0.012864321608040186,0.3417085427135679,0.011708542713567915,0.01670854271356792,0.4064171122994652,0.09667078386154793,0.14542004485078486,0.38069705093833783,0.42211055276381915,0.12135867306457104,0.18337933406598939,0.31818181818181823,0.4147157190635451,0.11755378250261017,0.17667344987555844,0.38590604026845643,23.0,5.0,6.0,38.0,10.0,10.0,41.0,6.0,5.0,-0.00032060580654158613,0.00036707625086769,-1.7498755368971756e-05,0.0517042415064175,0.045509169909831115,0.049263758073979425,"[3.056640625, 9.4453125, 2.4296875, 1.0791015625, 0.80224609375, 4.9921875, 0.57177734375, 6.48828125, 4.83203125, 7.109375, 1.30078125, 4.90625, 4.8125, 2.337890625, 7.3828125, 2.6328125, 1.9130859375, 5.5, 2.75, 3.125, 3.4453125, 0.067626953125, 2.849609375, 2.548828125, 1.1376953125, 7.546875, 0.10546875, 6.1953125, 5.2265625, 3.92578125, 5.1953125, 4.89453125, 7.85546875, 1.2021484375, 1.0380859375, 1.7060546875, 0.229248046875, 8.6171875, 4.87890625, 4.3359375, 0.82470703125, 2.88671875, 2.556640625, 0.64599609375, 8.6640625, 4.41015625, 1.7666015625, 2.546875, 1.1162109375, 4.76171875, 2.76953125, 0.165283203125, 0.564453125, 4.92578125, 5.5859375, 0.19287109375, 4.11328125, 8.984375, 3.359375, 2.587890625, 0.1427001953125, 3.787109375, 7.12109375, 1.74609375, 2.76953125, 5.1640625, 0.347900390625, 0.2298583984375, 4.171875, 2.255859375, 1.1748046875, 6.3359375, 2.654296875, 4.70703125, 3.7734375, 0.58984375, 0.047088623046875, 1.6884765625, 0.12481689453125, 0.06884765625, 0.1275634765625, 0.0189208984375, 0.25634765625, 5.375, 0.55322265625, 3.05859375, 8.2265625, 0.86279296875, 0.0772705078125, 0.88525390625, 0.21337890625, 0.0784912109375, 0.00574493408203125, 0.5947265625, 0.01104736328125, 0.0221710205078125, 0.08270263671875, 0.011749267578125, 0.07366943359375, 0.94287109375, 0.262451171875, 3.115234375, 0.03753662109375, 0.057098388671875, 0.00348663330078125, 0.077392578125, 0.01873779296875, 0.07586669921875, 0.04986572265625, 0.00673675537109375, 0.0322265625, 4.5859375, 4.39453125, 4.7734375, 6.4609375, 2.537109375, 1.611328125, 3.640625, 8.4921875, 0.086669921875, 4.54296875, 0.008056640625, 2.517578125, 0.310791015625, 1.3359375, 7.984375, 0.5283203125, 3.515625, 5.5, 2.3828125, 0.900390625, 9.7109375, 1.0791015625, 2.396484375, 0.6923828125, 4.37890625, 0.64111328125, 1.8349609375, 0.065185546875, 0.69873046875, 6.75390625, 0.86279296875, 1.5927734375, 2.095703125, 2.19140625, 2.353515625, 5.60546875, 0.2861328125, 6.77734375, 0.371826171875, 0.060028076171875, 2.333984375, 3.79296875, 2.591796875, 4.0, 0.01424407958984375, 0.00365447998046875, 1.33203125, 3.08203125, 0.0804443359375, 0.0972900390625, 2.263671875, 0.03076171875, 0.064208984375, 0.1566162109375, 0.034637451171875, 0.11700439453125, 3.935546875, 0.1336669921875, 0.07354736328125, 0.0309295654296875, 0.0274810791015625, 0.003253936767578125, 0.033172607421875, 0.0222320556640625, 0.0601806640625, 0.025054931640625, 0.004497528076171875, 0.017333984375, 0.179931640625, 0.0113372802734375, 0.86474609375, 4.09375, 0.0855712890625, 5.73046875, 3.7578125, 1.3876953125, 1.6435546875, 4.96875, 0.1640625, 0.41552734375, 4.42578125, 1.5380859375, 0.2359619140625, 1.77734375, 0.259765625, 0.0174407958984375, 0.313720703125, 1.1767578125, 7.7734375, 0.0841064453125, 4.140625, 1.2568359375, 9.8203125, 3.015625, 7.6484375, 1.3984375, 4.1875, 2.3515625, 0.2373046875, 3.080078125, 6.1015625, 2.51171875, 0.0899658203125, 7.0078125, 0.0311431884765625, 8.3828125, 9.0625, 9.078125, 3.33203125, 2.724609375, 11.5703125, 7.64453125, 4.37890625, 1.365234375, 4.67578125, 0.0007762908935546875, 0.00698089599609375, 0.1356201171875, 2.453125, 9.0703125, 0.78369140625, 1.6123046875, 2.419921875, 1.1875, 3.078125, 4.18359375, 6.4453125, 1.9423828125, 2.41796875, 6.45703125, 3.216796875, 4.203125, 0.009368896484375, 2.64453125, 6.23828125, 0.047882080078125, 2.181640625, 6.875, 7.48046875, 4.2890625, 3.10546875, 1.2880859375, 2.83984375, 2.8046875, 0.2379150390625, 0.0141143798828125, 1.669921875, 0.775390625, 0.00015473365783691406, 0.0011348724365234375, 0.00829315185546875, 0.943359375, 8.0390625, 0.00814056396484375, 1.599609375, 2.0078125, 3.337890625, 0.58154296875, 2.244140625, 1.509765625, 2.98828125, 4.81640625, 3.740234375, 0.1763916015625, 0.80322265625, 2.81640625, 0.076171875, 7.80078125, 3.3046875, 0.11712646484375, 0.8251953125, 3.7109375, 1.3486328125, 6.3359375, 6.10546875, 9.6328125, 7.0546875, 0.0638427734375, 9.3203125, 3.943359375, 1.859375, 0.006481170654296875, 0.0027179718017578125, 0.0195465087890625, 3.66796875, 6.1875, 10.15625, 1.541015625, 1.65625, 2.69921875, 4.234375, 0.75, 8.1640625, 1.3876953125, 5.953125, 0.35107421875, 5.11328125, 0.0287322998046875, 0.9482421875, 0.0214691162109375, 3.71484375, 0.75537109375, 6.76953125, 5.23046875, 0.921875, 0.70166015625, 7.578125, 0.369140625, 3.44921875, 0.403076171875, 2.03515625, 2.072265625, 0.0821533203125, 0.0170440673828125, 0.1036376953125, 0.004428863525390625, 0.01203155517578125, 5.046875, 4.80078125, 0.07861328125, 0.3173828125, 4.49609375, 0.004970550537109375, 0.3173828125, 0.241943359375, 0.023284912109375, 0.005535125732421875, 0.01122283935546875, 0.01202392578125, 0.0149688720703125, 0.0540771484375, 0.0027561187744140625, 0.05413818359375, 2.921875, 0.1033935546875, 14.71875, 0.001644134521484375, 0.465576171875, 0.0009832382202148438, 0.00905609130859375, 0.005794525146484375, 10.7421875, 5.77734375, 3.669921875, 6.75, 6.93359375, 2.32421875, 11.3125, 0.32666015625, 0.208740234375, 4.7578125, 4.1015625, 3.37890625, 6.60546875, 2.82421875, 0.0338134765625, 0.3857421875, 2.359375, 2.767578125, 6.55859375, 2.09375, 2.869140625, 4.31640625]",-0.9238024108550129
104,1,test,3.9086631495377113,1.8264014951051117,2.4992886136187162,5.8854583056257495,2.750098802974364,3.76329664809255,49.832289105465556,41.80969636137399,45.738894773364265,75.0348261243217,62.95483015333324,68.87120937138758,4.048782244998606,1.810646783478175,2.540544528647,6.096442230974914,2.726376191214264,3.8254176235949084,57.32760354591834,47.951770168279964,52.80884311018453,86.3208743047736,72.20324013844454,79.5167637636112,3.9234297280110617,1.8444792264742857,2.5156428428224187,5.9076930387293,2.7773192950359933,3.7879219817211127,50.57360136555278,42.57752872237342,46.48670075770542,76.1510549297404,64.11099152449331,69.9972160834415,0.7839195979899498,-0.0010804020100502187,-0.011080402010050228,0.6733668341708543,0.0033668341708543714,0.0033668341708543714,0.5678391959798995,0.012839195979899576,0.012839195979899576,0.4406130268199234,0.11174113389449325,0.1909314981575031,0.4423076923076923,0.4371859296482412,0.0963337993224267,0.17842132196877547,0.45959595959595956,0.4367816091954023,0.10790971626997214,0.18837396588330046,0.43846153846153846,25.0,3.0,5.0,34.0,4.0,5.0,45.0,5.0,5.0,-0.0004655984432574199,-1.6821252756173847e-05,8.963434646265455e-05,0.00012094549186336678,0.00017278787436758591,-9.286739145242251e-05,"[3.056640625, 9.4453125, 2.4296875, 1.0791015625, 8.8046875, 3.240234375, 7.609375, 5.34375, 14.0234375, 2.24609375, 3.3203125, 0.56982421875, 2.587890625, 6.08984375, 3.20703125, 4.9609375, 0.020263671875, 0.0020961761474609375, 0.72998046875, 8.7734375, 2.791015625, 8.1484375, 4.05859375, 1.6474609375, 6.44140625, 5.234375, 6.7265625, 1.0693359375, 2.65625, 7.8828125, 0.234375, 2.82421875, 5.03125, 5.01953125, 0.0948486328125, 1.1884765625, 1.5869140625, 4.328125, 0.052734375, 0.50439453125, 7.125, 0.1085205078125, 6.83984375, 5.76171875, 4.59765625, 2.85546875, 5.8984375, 0.281005859375, 3.81640625, 3.6015625, 1.9326171875, 7.85546875, 5.43359375, 4.640625, 1.3173828125, 0.73876953125, 1.3857421875, 7.26171875, 0.07275390625, 6.578125, 3.83984375, 0.0296173095703125, 1.01953125, 3.64453125, 0.059600830078125, 4.9140625, 2.95703125, 7.54296875, 2.037109375, 3.4609375, 0.32373046875, 1.6943359375, 6.16796875, 9.03125, 5.44921875, 2.21875, 1.2880859375, 0.44873046875, 6.515625, 6.68359375, 3.556640625, 0.28955078125, 7.00390625, 1.8212890625, 2.470703125, 9.2265625, 4.375, 0.14794921875, 3.486328125, 0.8447265625, 0.06396484375, 0.0187530517578125, 0.82568359375, 3.638671875, 8.953125, 0.15576171875, 6.3515625, 9.1796875, 5.265625, 10.078125, 7.41015625, 4.52734375, 0.1993408203125, 6.83984375, 0.010101318359375, 1.75390625, 6.2890625, 1.296875, 4.29296875, 2.884765625, 1.0087890625, 1.5068359375, 10.296875, 1.0419921875, 7.0234375, 6.9375, 5.65625, 3.912109375, 0.91845703125, 3.357421875, 7.37109375, 1.380859375, 13.1875, 0.01273345947265625, 1.79296875, 9.328125, 4.94921875, 5.171875, 10.1875, 7.97265625, 2.359375, 1.3828125, 2.5859375, 0.9775390625, 8.5234375, 2.791015625, 1.5947265625, 1.1123046875, 6.06640625, 4.05078125, 1.947265625, 2.701171875, 5.8046875, 2.40625, 2.927734375, 3.767578125, 0.31396484375, 2.75390625, 4.65625, 2.32421875, 3.544921875, 2.119140625, 7.15234375, 0.009002685546875, 6.16015625, 4.0234375, 5.71875, 6.3125, 3.4375, 9.90625, 1.8564453125, 1.1181640625, 5.56640625, 10.3359375, 5.8984375, 4.19921875, 1.888671875, 2.48046875, 0.54931640625, 3.849609375, 12.171875, 0.0030498504638671875, 7.65234375, 0.1739501953125, 4.65234375, 7.96484375, 9.3515625, 10.328125, 0.464111328125, 5.7734375, 0.81396484375, 7.12890625, 2.1696090698242188e-05, 5.5625, 7.05859375, 5.26171875, 0.87548828125, 2.88671875, 3.013671875, 8.7734375, 10.875, 0.071533203125, 0.52978515625, 4.48046875, 0.09161376953125, 7.578125, 8.65625, 2.52734375, 7.03125, 1.1162109375, 6.81640625, 0.09814453125, 0.78076171875, 5.21875, 8.015625, 6.796875, 5.9921875, 5.65625, 1.201171875, 3.140625, 8.109375, 0.4130859375, 0.345703125, 3.119140625, 0.818359375, 3.123046875, 6.4453125, 7.625, 8.5703125, 0.96875, 0.253173828125, 0.63818359375, 7.91015625, 6.21875, 0.038238525390625, 8.09375, 12.6015625, 3.43359375, 1.2412109375, 6.30078125, 1.841796875, 6.0078125, 1.37109375, 0.04412841796875, 3.134765625, 0.28466796875, 0.74560546875, 2.998046875, 11.09375, 0.322509765625, 0.7314453125, 2.109375, 3.375, 1.763671875, 4.109375, 0.492431640625, 0.0197906494140625, 5.2421875, 0.025726318359375, 0.197998046875, 4.82421875, 4.94921875, 2.16015625, 4.515625, 3.701171875, 5.73828125, 5.45703125, 0.07501220703125, 0.50390625, 3.521484375, 0.01505279541015625]",-0.9424878399947594
56,1,test,3.0083739035924277,1.210910799562799,1.6144489613614126,5.3608937808092545,2.157831566993423,2.8769327463122796,20.254437464436315,14.220117875464638,16.223798391692096,36.09321557643627,25.340115266230818,28.910654953915767,3.5997161865234375,1.5354347969953874,2.172586467309866,6.414660123852192,2.736130254361449,3.8715284915095243,36.58784884538057,28.708215369869073,32.42112649678591,65.19919983821372,51.15776767332119,57.774140108016596,3.090183833769731,1.3739660239636462,1.88496788638835,5.506678300935635,2.448394431328583,3.3589949065498557,21.98111847623422,16.417671867827863,18.643638755974,39.170144772815476,29.25613565072642,33.22278754619063,0.7537688442211055,0.0037688442211054607,0.01376884422110547,0.5979899497487438,-0.0020100502512562235,-0.007010050251256228,0.4623115577889447,-0.017688442211055255,-0.01268844221105525,0.4053333333333333,0.10839591655570346,0.14238123167155425,0.3663101604278075,0.42211055276381915,0.10130854775128784,0.1700237414115654,0.41414141414141414,0.41137123745819393,0.114209300897259,0.18111539763616946,0.37248322147651003,29.0,11.0,11.0,41.0,12.0,10.0,47.0,9.0,9.0,-0.0008405922484758362,-0.0007973979117103855,-0.00022482361695256128,0.003971635635682702,0.0064446021845183665,0.004914983195411615,"[3.056640625, 9.4453125, 2.4296875, 6.078125, 0.78955078125, 0.10418701171875, 4.328125, 2.240234375, 1.296875, 5.52734375, 0.370849609375, 0.8515625, 9.40625, 6.87890625, 6.13671875, 4.75390625, 6.234375, 0.418212890625, 0.61083984375, 0.50927734375, 11.3828125, 7.99609375, 6.01953125, 5.73046875, 4.1171875, 2.16796875, 9.625, 0.32763671875, 1.5556640625, 3.849609375, 0.5283203125, 6.16796875, 0.77587890625, 5.12109375, 3.234375, 7.6640625, 2.154296875, 2.25, 0.619140625, 5.53515625, 1.1845703125, 1.712890625, 1.921875, 1.1826171875, 0.361083984375, 0.389404296875, 1.578125, 3.294921875, 0.78662109375, 1.6884765625, 2.16015625, 0.0654296875, 0.96240234375, 0.059967041015625, 2.453125, 3.8515625, 0.97216796875, 0.77197265625, 0.62353515625, 0.41259765625, 3.392578125, 2.0, 8.15625, 7.31640625, 3.203125, 8.9375, 3.11328125, 0.10321044921875, 4.109375, 9.328125, 5.13671875, 8.3984375, 2.376953125, 4.80078125, 2.35546875, 6.9609375, 0.68505859375, 9.8828125, 3.37109375, 0.7265625, 4.4453125, 7.203125, 2.958984375, 3.98828125, 6.328125, 7.97265625, 10.0234375, 2.330078125, 9.953125, 7.13671875, 7.78515625, 4.484375, 1.986328125, 7.33203125, 1.869140625, 4.04296875, 2.955078125, 6.09375, 2.76953125, 1.0517578125, 1.88671875, 0.1861572265625, 0.892578125, 7.3515625, 7.72265625, 0.7041015625, 7.67578125, 2.2421875, 7.96484375, 1.400390625, 8.6328125, 8.8203125, 5.39453125, 3.296875, 11.203125, 0.0253753662109375, 3.318359375, 6.1484375, 2.984375, 0.0275726318359375, 10.0546875, 5.51171875, 2.353515625, 2.572265625, 1.3017578125, 0.306396484375, 4.72265625, 0.59521484375, 0.08868408203125, 0.3212890625, 0.032806396484375, 0.59326171875, 1.0361328125, 6.8828125, 2.37109375, 5.2109375, 7.5625, 4.10546875, 2.75390625, 6.09375, 1.134765625, 3.802734375, 5.8984375, 1.5244140625, 2.865234375, 0.164306640625, 7.4140625, 9.390625, 5.22265625, 2.666015625, 5.81640625, 1.6298828125, 0.3212890625, 0.354736328125, 0.28466796875, 5.9609375, 1.19140625, 2.80078125, 0.487548828125, 0.70458984375, 8.7578125, 7.4453125, 0.712890625, 3.060546875, 3.017578125, 1.556640625, 4.51171875, 0.3583984375, 6.37109375, 1.3193359375, 7.91015625, 3.646484375, 0.53955078125, 2.60546875, 8.859375, 6.0078125, 2.373046875, 4.078125, 8.34375, 2.375, 2.69921875, 1.02734375, 3.5859375, 0.01145172119140625, 0.57666015625, 5.37109375, 3.654296875, 1.5419921875, 0.60888671875, 5.25390625, 0.7626953125, 1.78515625, 2.26953125, 0.0178985595703125, 1.0078125, 0.0242156982421875, 0.368408203125, 9.3359375, 0.2457275390625, 0.264892578125, 5.07421875, 1.26953125, 0.0194549560546875, 0.12109375, 0.578125, 0.0149383544921875, 0.007190704345703125, 1.943359375, 2.21875, 0.10211181640625, 0.60791015625, 0.06414794921875, 0.9111328125, 0.2467041015625, 0.05322265625, 1.4267578125, 4.09765625, 0.0238800048828125, 1.56640625, 5.46484375, 0.1353759765625, 0.0343017578125, 0.61474609375, 1.8076171875, 5.40625, 5.8359375, 0.67529296875, 1.0947265625, 6.57421875, 7.06640625, 5.55859375, 2.736328125, 4.5625, 0.052825927734375, 0.59765625, 9.25, 4.23046875, 9.2890625, 0.09442138671875, 0.794921875, 7.21484375, 4.5, 2.212890625, 6.74609375, 0.384765625, 0.4833984375, 3.685546875, 0.00919342041015625, 0.209716796875, 0.1771240234375, 0.85400390625, 0.0307464599609375, 0.7763671875, 0.08050537109375, 2.064453125, 0.14990234375, 0.0235748291015625, 7.625, 0.008758544921875, 0.00862884521484375, 0.0197906494140625, 0.06524658203125, 0.060455322265625, 0.135498046875, 1.033203125, 0.2493896484375, 0.0234375, 0.81689453125, 1.4375, 0.0008401870727539062, 0.131591796875, 7.109375, 5.08984375, 0.01152801513671875, 0.17822265625, 1.6435546875, 0.18115234375, 0.0194091796875, 0.68310546875, 0.00738525390625, 0.0041961669921875, 0.0036563873291015625, 0.42724609375, 3.376953125, 5.27734375, 3.1953125, 6.96484375, 5.1875, 3.478515625, 4.6640625, 3.451171875, 0.12164306640625, 0.71630859375, 7.6484375, 0.21337890625, 4.28515625, 3.404296875, 2.458984375, 1.9072265625, 0.36474609375, 0.71875, 6.14453125, 3.783203125, 5.78515625, 6.984375, 1.900390625, 1.369140625, 2.234375, 0.0010051727294921875, 0.1876220703125, 9.083747863769531e-05, 1.857421875, 0.0004107952117919922, 0.02777099609375, 5.73828125, 0.72412109375, 4.296875, 5.76171875, 3.984375, 0.8505859375, 0.0008602142333984375, 0.0016918182373046875, 3.08984375, 1.50390625, 9.234375, 0.04248046875, 4.26171875, 0.1195068359375, 0.107421875, 6.03515625, 0.484130859375, 0.00013887882232666016, 0.005584716796875, 0.0022487640380859375, 0.87109375, 0.170166015625, 0.0018033981323242188, 0.0006422996520996094, 0.0007572174072265625, 1.552734375, 6.08984375, 6.8359375, 4.6015625, 2.509765625, 0.0010776519775390625, 0.00034117698669433594, 1.779296875, 1.41796875, 0.82177734375, 1.357421875, 0.29638671875, 10.7578125, 0.07928466796875, 0.161376953125, 12.8203125, 4.546875, 0.038299560546875, 1.900390625, 3.65625, 6.76171875, 4.32421875, 6.2578125, 0.705078125, 9.078125, 0.00965118408203125, 4.92578125, 0.33154296875, 1.7275390625, 0.357421875, 0.005283355712890625, 6.1171875, 0.059783935546875, 4.42578125, 10.875, 9.1171875]",-1.315771413485209
409,1,test,3.3236626800316484,1.49207558852712,2.052992705774371,6.165967316748369,2.768057471129623,3.8086554334710745,27.761847333815094,21.518059071437158,24.198608292558387,51.50301332962938,39.91970958770065,44.89259055653935,3.154302187301406,1.3308410212996056,1.88125727891636,5.851774402648815,2.4689395498592686,3.490056607093109,23.436676973141036,17.24341968552058,19.864965417029815,43.479076591551305,31.989516520034726,36.85293584262773,3.3236626800316484,1.49207558852712,2.052992705774371,6.165967316748369,2.768057471129623,3.8086554334710745,27.761847333815094,21.518059071437158,24.198608292558387,51.50301332962938,39.91970958770065,44.89259055653935,0.6432160804020101,-0.0067839195979899625,-0.001783919597989958,0.5226130653266332,-0.007386934673366818,0.007613065326633195,0.42713567839195976,0.0021356783919597166,-0.007864321608040292,0.42164179104477617,0.12369020817699217,0.18342839154105406,0.40074906367041196,0.40703517587939697,0.10377703051598841,0.1649650590179612,0.3535353535353535,0.42164179104477617,0.12369020817699217,0.18342839154105406,0.40074906367041196,24.0,7.0,8.0,36.0,11.0,12.0,44.0,10.0,12.0,0.0005637421918287081,-4.261230365939654e-05,-0.00024874316220198643,0.0048449839864490585,0.005020768061346104,0.005515931822016817,"[3.0625, 9.453125, 2.48046875, 1.494140625, 1.81640625, 7.23046875, 0.128662109375, 10.8125, 8.015625, 11.7265625, 6.14453125, 11.171875, 12.046875, 2.404296875, 8.1328125, 3.78125, 0.281005859375, 2.046875, 6.83203125, 1.318359375, 4.55078125, 6.16015625, 3.857421875, 6.65234375, 0.261962890625, 0.61767578125, 7.91015625, 3.236328125, 0.62890625, 0.9892578125, 4.97265625, 2.7734375, 1.0869140625, 0.0182952880859375, 0.38427734375, 1.376953125, 1.041015625, 5.3984375, 4.4765625, 2.548828125, 0.578125, 1.2763671875, 7.48046875, 1.1669921875, 8.234375, 1.15625, 0.3515625, 3.58984375, 3.87890625, 3.302734375, 0.064697265625, 4.3203125, 4.00390625, 10.234375, 2.205078125, 6.5, 2.3125, 4.19140625, 3.923828125, 2.6875, 0.02923583984375, 5.1328125, 4.41015625, 7.46875, 0.014312744140625, 0.033935546875, 0.446533203125, 3.236328125, 0.182373046875, 1.09765625, 2.658203125, 1.4619140625, 1.859375, 2.703125, 0.58447265625, 4.15234375, 0.0836181640625, 8.6640625, 0.260498046875, 2.240234375, 0.298583984375, 10.5625, 0.81689453125, 1.671875, 4.86328125, 4.16015625, 0.5439453125, 0.5830078125, 5.453125, 1.0078125, 1.306640625, 5.3203125, 12.109375, 0.65380859375, 10.4921875, 5.28125, 0.6181640625, 0.55712890625, 6.34375, 1.904296875, 6.4921875, 0.14306640625, 1.6982421875, 7.40234375, 3.51953125, 0.17431640625, 2.4453125, 2.16796875, 0.53564453125, 6.9296875, 8.0625, 0.0018863677978515625, 0.1370849609375, 0.0004036426544189453, 0.003917694091796875, 0.0023937225341796875, 0.64892578125, 6.875, 0.3525390625, 3.7421875, 6.65234375, 5.5859375, 3.7578125, 0.0028858184814453125, 0.4658203125, 0.0010023117065429688, 2.283203125, 0.0004467964172363281, 0.71533203125, 5.6640625, 1.423828125, 0.348388671875, 0.93408203125, 0.0296630859375, 0.208984375, 0.1146240234375, 0.1624755859375, 0.826171875, 3.484375, 4.03515625, 0.09661865234375, 0.36669921875, 0.0170745849609375, 1.5986328125, 3.0078125, 9.3984375, 2.06640625, 3.505859375, 0.00208282470703125, 0.002490997314453125, 0.0043182373046875, 9.59634780883789e-05, 0.7734375, 0.172119140625, 0.009552001953125, 0.0003383159637451172, 0.000316619873046875, 5.71484375, 0.71142578125, 10.828125, 0.68603515625, 8.734375, 2.150390625, 1.853515625, 0.349365234375, 9.78125, 0.1055908203125, 4.34765625, 3.763671875, 0.060455322265625, 7.69140625, 2.05078125, 3.67578125, 5.921875, 0.98046875, 0.02899169921875, 6.1640625, 10.375, 0.0024204254150390625, 0.82080078125, 2.9609375, 1.0810546875, 7.4296875, 2.2890625, 4.109375, 2.140625, 5.01953125, 8.0859375, 4.5, 0.423583984375, 4.2109375, 1.3251953125, 2.537109375, 0.02105712890625, 8.265625, 4.4765625, 1.4287109375, 1.5595703125, 4.609375, 8.3046875, 1.00390625, 6.70703125, 0.3291015625, 6.265625, 9.875, 1.98828125, 7.68359375, 2.021484375, 0.1395263671875, 3.318359375, 6.77734375, 2.28125, 1.650390625, 1.0087890625, 1.5732421875, 5.4140625, 8.5703125, 8.71875, 5.83203125, 5.171875, 1.27734375, 0.175048828125, 5.5390625, 0.50927734375, 5.0, 1.3837890625, 0.5244140625, 0.44287109375, 6.0078125, 6.5859375, 7.66015625, 1.75390625, 2.685546875, 0.96826171875, 4.125, 0.60986328125, 4.37109375, 7.46875, 1.9208984375, 8.71875, 3.548828125, 4.4375, 7.671875, 4.43359375, 0.8603515625, 0.040008544921875, 8.203125, 1.5673828125, 3.705078125, 7.2265625, 3.17578125, 0.61572265625, 6.8203125, 1.6748046875, 0.464599609375, 6.94921875, 0.5986328125, 9.75, 1.4638671875, 6.69921875, 3.96484375, 2.28515625, 0.0251617431640625, 4.3046875, 5.65625, 1.27734375, 5.6796875, 0.9033203125]",-0.8821903053504316
174,1,test,2.77088392749692,1.179190225929447,1.6343088281928644,5.012299588593154,2.133057478751356,2.956329345266073,15.972746521508274,11.060685068454296,12.856668709979804,28.89337587330159,20.007863435930062,23.256649131428436,3.0551424391904667,1.2813515171092054,1.7938456562431238,5.526499698917786,2.3178587952803453,3.244918257153166,21.224208470686953,15.331056923021562,17.69421231131732,38.39283570493691,27.73261252317276,32.00736494531286,2.7750912133880723,1.1798420819347617,1.6427519511541544,5.019910220396258,2.1342366322896327,2.9716022555909545,16.04008999988574,11.110532973027762,12.937183470867815,29.01519464947484,20.098034167769963,23.40229366704751,0.6733668341708543,-0.016633165829145646,-0.001633165829145744,0.5376884422110553,-0.0023115577889447625,0.007688442211055246,0.40703517587939697,0.007035175879396949,-0.00296482412060306,0.3851590106007067,0.07828070372239981,0.13251506230458443,0.36524822695035464,0.40201005025125625,0.08120804523872494,0.1499232388990025,0.398989898989899,0.38869257950530034,0.0712322620449829,0.13839880747239786,0.36524822695035464,22.0,0.0,1.0,36.0,0.0,3.0,44.0,1.0,4.0,-0.0007756005992390684,-0.0004637724523414493,-7.444598086096607e-06,0.006302280641282465,0.006600917342138857,0.005389835649487473,"[3.056640625, 9.4453125, 2.4296875, 1.0791015625, 0.80224609375, 2.9921875, 3.943359375, 0.5146484375, 9.96875, 0.487548828125, 0.07568359375, 0.1583251953125, 0.0063018798828125, 0.054229736328125, 2.19921875, 0.8369140625, 0.095703125, 7.3359375, 6.08203125, 1.1220703125, 0.31494140625, 10.3828125, 2.5625, 0.043304443359375, 3.71875, 1.2998046875, 6.1328125, 2.79296875, 5.671875, 0.92431640625, 7.03515625, 3.4609375, 4.40234375, 4.64453125, 4.88671875, 2.95703125, 7.9140625, 4.25, 3.853515625, 1.7880859375, 0.00689697265625, 1.751953125, 2.263671875, 0.229736328125, 0.202392578125, 1.693359375, 0.007701873779296875, 0.1585693359375, 1.78125, 9.21875, 4.484375, 1.662109375, 2.009765625, 0.002155303955078125, 8.8046875, 0.6083984375, 4.29296875, 6.5234375, 1.2353515625, 0.61572265625, 2.302734375, 0.8916015625, 1.2880859375, 7.0859375, 7.9765625, 3.583984375, 10.53125, 0.6630859375, 4.1640625, 6.828125, 0.6142578125, 7.390625, 0.01959228515625, 0.00620269775390625, 0.71533203125, 2.125, 8.0390625, 9.234375, 12.359375, 1.0771484375, 0.385498046875, 6.22265625, 0.0133056640625, 2.16015625, 0.10296630859375, 0.197265625, 4.8359375, 2.107421875, 2.0546875, 1.08984375, 8.375, 1.4140625, 4.26953125, 0.258056640625, 0.5107421875, 4.41796875, 1.78125, 0.2020263671875, 0.5390625, 6.51171875, 7.3984375, 2.3671875, 2.482421875, 3.203125, 8.328125, 2.109375, 3.9375, 0.119140625, 7.171875, 0.01194000244140625, 0.0032062530517578125, 0.298828125, 1.3125, 0.221923828125, 6.890625, 3.9140625, 8.2734375, 4.31640625, 2.353515625, 2.650390625, 1.3896484375, 4.8984375, 3.70703125, 2.39453125, 5.4296875, 0.5390625, 1.8447265625, 2.7890625, 1.87890625, 0.50537109375, 1.884765625, 2.484375, 6.09375, 3.18359375, 2.36328125, 10.6640625, 4.96484375, 0.6640625, 2.845703125, 3.455078125, 3.6171875, 0.468017578125, 1.1240234375, 9.515625, 1.548828125, 3.658203125, 0.86962890625, 0.28759765625, 1.8935546875, 3.744140625, 6.265625, 3.837890625, 0.423828125, 1.1572265625, 1.150390625, 2.255859375, 4.52734375, 4.8046875, 0.403076171875, 5.94921875, 1.9677734375, 2.201171875, 6.19921875, 2.287109375, 10.4609375, 0.1029052734375, 3.431640625, 3.6875, 6.421875, 3.794921875, 0.53125, 0.2135009765625, 6.30078125, 0.0015716552734375, 0.374755859375, 0.0002808570861816406, 0.00405120849609375, 0.00412750244140625, 9.359375, 3.671875, 3.404296875, 5.609375, 5.23046875, 1.2783203125, 2.220703125, 5.805492401123047e-05, 0.36181640625, 6.26953125, 3.666015625, 8.2578125, 0.06854248046875, 1.322265625, 4.34765625, 0.1402587890625, 1.935546875, 0.69677734375, 0.0007195472717285156, 0.712890625, 0.3623046875, 2.453125, 0.89697265625, 0.15625, 0.0025787353515625, 0.0005702972412109375, 0.0009093284606933594, 8.380413055419922e-05, 0.693359375, 0.16650390625, 0.0019683837890625, 0.00023102760314941406, 8.356571197509766e-05, 4.28125, 4.453125, 0.384521484375, 4.65625, 1.37890625, 2.61328125, 2.681640625, 3.328125, 3.873046875, 2.06640625, 3.783203125, 2.171875, 1.240234375, 2.73046875, 2.064453125, 0.33935546875, 5.671875, 0.0936279296875, 0.541015625, 0.0125274658203125, 5.519390106201172e-05, 1.669921875, 0.0049285888671875, 1.296875, 0.34228515625, 0.028045654296875, 0.0223236083984375, 2.578125, 2.634765625, 0.057037353515625, 0.06719970703125, 9.6328125, 3.66796875, 8.1171875, 0.87744140625, 6.03125, 0.01187896728515625, 0.255859375, 0.0228729248046875, 2.17578125, 2.43359375, 1.4814453125, 1.029296875, 0.267333984375, 0.48046875, 4.203125, 1.7197265625, 1.3388671875, 1.203125, 6.91015625, 0.873046875, 3.642578125, 3.568359375, 9.1015625, 3.982421875, 1.3115234375, 0.311767578125, 5.953125, 3.443359375, 3.68359375, 2.3828125, 1.794921875, 4.1796875, 1.451171875, 0.611328125, 0.168212890625, 0.51904296875, 6.9375, 5.5390625, 0.83056640625, 0.255126953125, 0.95068359375]",-1.569708933678617
277,1,test,3.0868723682455115,1.3826654024194995,1.897526452445781,5.914845763670432,2.6493653194747835,3.6359055250090133,21.908449147611037,16.411424537775602,18.62351726511432,41.97941546348696,31.446407017544225,35.68506211444486,3.272088688222607,1.4207608348285743,1.9717141456901464,6.2697441316265445,2.7223610835102363,3.778058717870797,26.36635296102065,19.998082921197966,22.695681728334694,50.521334383375056,38.31890727481159,43.487854666551,3.090466023296923,1.38593271892484,1.905168658697674,5.921731670446363,2.6556259194882417,3.650548978278769,21.987322192934954,16.488503399340892,18.715662640372337,42.13054639549472,31.59410006196287,35.861624543165064,0.7587939698492463,0.0037939698492462925,0.008793969849246297,0.542713567839196,-0.017286432160804055,-0.03228643216080396,0.39698492462311563,-0.018015075376884404,0.0019849246231156137,0.3783783783783784,0.07989608495510692,0.13455815365927726,0.3525423728813559,0.371859296482412,0.04855102580572024,0.11142523972114327,0.3535353535353535,0.3716216216216216,0.06639396563511235,0.1300485879137564,0.3525423728813559,22.0,6.0,7.0,31.0,4.0,4.0,41.0,5.0,5.0,-0.0003656428326349756,-0.00019624036907563543,-9.251480390529921e-05,0.005039021798542542,0.005129226762739414,0.005614059417140993,"[3.056640625, 9.4453125, 2.4296875, 1.0791015625, 13.8046875, 5.92578125, 0.9267578125, 2.09765625, 1.9765625, 3.47265625, 1.0849609375, 1.28515625, 6.26953125, 0.315185546875, 5.7109375, 0.28759765625, 2.970703125, 8.25, 3.123046875, 1.3876953125, 2.22265625, 8.8671875, 3.5234375, 4.25390625, 4.23046875, 0.22412109375, 9.859375, 7.96484375, 2.171875, 2.76171875, 4.91796875, 0.045135498046875, 0.0026092529296875, 0.3671875, 2.001953125, 7.3046875, 5.40625, 1.7783203125, 2.125, 6.4375, 5.5078125, 4.125, 4.30078125, 7.875, 5.12109375, 1.6005859375, 1.923828125, 2.9765625, 1.2744140625, 0.67041015625, 2.0234375, 2.177734375, 1.404296875, 0.138427734375, 0.1871337890625, 1.54296875, 1.7939453125, 3.53125, 8.2421875, 1.1806640625, 0.70458984375, 7.8515625, 0.47900390625, 2.150390625, 2.62890625, 1.5244140625, 0.35107421875, 0.1416015625, 1.6533203125, 1.466796875, 1.8955078125, 0.896484375, 5.14453125, 0.26171875, 5.7578125, 1.794921875, 2.025390625, 4.57421875, 1.294921875, 5.21875, 1.083984375, 2.509765625, 5.875, 13.2890625, 6.1015625, 4.9609375, 3.65625, 2.314453125, 1.0693359375, 4.1640625, 0.152587890625, 2.521484375, 2.259765625, 1.9765625, 2.91015625, 0.9267578125, 0.280029296875, 0.036407470703125, 0.1541748046875, 0.74267578125, 8.71875, 0.00431060791015625, 0.3818359375, 2.615234375, 4.2578125, 11.6640625, 0.56640625, 7.63671875, 6.82421875, 2.83203125, 5.64453125, 1.736328125, 4.234375, 5.66796875, 1.3095703125, 7.2890625, 1.92578125, 7.015625, 6.40625, 6.12890625, 0.7041015625, 11.46875, 1.3388671875, 12.6171875, 7.3125, 2.349609375, 0.264892578125, 1.427734375, 0.26318359375, 0.03265380859375, 0.03717041015625, 0.042816162109375, 0.2430419921875, 7.95703125, 0.67041015625, 4.875, 0.2822265625, 3.2265625, 6.91015625, 0.251708984375, 5.7734375, 0.62353515625, 4.41796875, 1.1650390625, 2.412109375, 1.712890625, 2.4453125, 9.90625, 3.501953125, 1.615234375, 3.892578125, 0.96240234375, 2.1015625, 10.6640625, 0.275146484375, 4.296875, 1.8134765625, 0.6923828125, 2.173828125, 5.40625, 1.7265625, 9.1171875, 0.7705078125, 7.328125, 4.91015625, 1.9375, 2.677734375, 0.47509765625, 2.412109375, 8.1484375, 3.23046875, 0.9423828125, 3.171875, 0.05023193359375, 0.986328125, 1.2587890625, 2.01953125, 6.21875, 2.17578125, 2.6328125, 2.095703125, 5.74609375, 0.024810791015625, 1.5556640625, 7.4140625, 0.98291015625, 0.11297607421875, 3.384765625, 0.72802734375, 1.349609375, 2.10546875, 2.484375, 2.869140625, 2.744140625, 4.30859375, 4.8046875, 9.2734375, 0.1251220703125, 0.55712890625, 0.1021728515625, 3.20703125, 0.0020751953125, 0.055206298828125, 0.0003592967987060547, 0.002681732177734375, 0.00785064697265625, 0.69287109375, 8.59375, 0.41650390625, 8.1171875, 4.23828125, 0.00467681884765625, 1.6435546875, 0.0014209747314453125, 0.276611328125, 0.29638671875, 4.07421875, 3.00390625, 7.375, 0.054779052734375, 4.546875, 0.3125, 0.007232666015625, 0.02374267578125, 0.0007233619689941406, 0.263671875, 0.04339599609375, 4.1328125, 6.1484375, 6.59375, 1.8203125, 5.15625, 3.111328125, 0.2335205078125, 0.006954193115234375, 0.024261474609375, 0.0010938644409179688, 0.89697265625, 0.00040221214294433594, 10.5, 0.37451171875, 1.3642578125, 2.470703125, 6.61328125, 2.5859375, 5.26171875, 5.8515625, 0.166259765625, 0.1412353515625, 3.259765625, 3.326171875, 0.02886962890625, 4.53125, 4.48046875, 0.321044921875, 0.1502685546875, 0.0009055137634277344, 0.0055389404296875, 0.0006022453308105469, 7.73046875, 5.890625, 6.1640625, 13.53125, 1.015625, 5.42578125, 0.154296875, 0.4521484375, 0.0406494140625, 8.4609375, 0.78857421875, 2.498046875, 3.2265625, 0.396728515625, 0.012969970703125, 0.2425537109375, 10.0859375, 0.0140380859375, 3.361328125, 0.26416015625, 1.39453125, 0.9677734375, 10.28125, 0.007343292236328125, 0.004608154296875, 1.154296875, 11.28125, 3.123046875, 2.0078125, 7.28515625, 0.403076171875, 2.33203125, 0.08148193359375, 11.8515625, 7.6171875, 5.78125, 1.849609375]",-1.051103324503512
350,1,test,3.103116267325542,1.3519919082077692,1.8822830634648504,5.033944166994768,2.19323131775927,3.053481414065202,22.267233927269,16.506157372475034,18.87722279968309,36.122401704236374,26.77665529312616,30.6230503194859,3.271970756089867,1.4537492730743908,1.98847399353396,5.307863670990229,2.3583043763206786,3.225746700621757,26.363243704127637,20.202352253934837,22.754005369103293,42.767039786695946,32.77270476749429,36.91205315432312,3.103362778617754,1.3528833566831715,1.878165683291739,5.034344063091023,2.194677445286034,3.0468021084510433,22.272723728499592,16.51536150830603,18.86788663436045,36.131307381788226,26.791586446807553,30.607904984629172,0.7236180904522613,-0.011381909547738656,-0.0013819095477386467,0.5678391959798995,0.002839195979899567,-0.007160804020100442,0.42211055276381915,-0.0178894472361808,-0.012889447236180906,0.40893470790378006,0.095041054387485,0.15864899361806573,0.3896551724137931,0.3919597989949749,0.0761703253107644,0.14488133488813015,0.38383838383838387,0.39862542955326463,0.08473177603696957,0.13691114383897895,0.38620689655172413,20.0,9.0,9.0,34.0,17.0,15.0,40.0,15.0,16.0,-0.0004994316936389276,-0.0002850503608245845,-8.104081330008675e-05,0.00032884314767755995,-0.00013463403094249315,1.2269317609892028e-05,"[3.056640625, 9.4453125, 2.4296875, 1.0791015625, 1.802734375, 6.20703125, 0.76611328125, 5.65625, 1.0771484375, 1.37890625, 1.173828125, 4.73828125, 0.315673828125, 1.0498046875, 10.1796875, 6.53515625, 1.0986328125, 2.099609375, 9.3203125, 6.8125, 1.033203125, 5.609375, 2.669921875, 2.078125, 7.04296875, 2.279296875, 7.50390625, 0.0194854736328125, 2.533203125, 2.96875, 4.4140625, 5.4609375, 1.9443359375, 1.4072265625, 2.55078125, 0.2442626953125, 4.609375, 0.85986328125, 12.453125, 2.904296875, 2.98828125, 5.02734375, 1.3291015625, 0.43359375, 5.10546875, 2.296875, 2.072265625, 0.156982421875, 9.453125, 7.6328125, 1.880859375, 3.044921875, 4.30859375, 1.6005859375, 4.92578125, 7.62109375, 0.666015625, 1.021484375, 7.5234375, 5.12109375, 5.60546875, 0.366943359375, 2.822265625, 0.2410888671875, 2.724609375, 2.794921875, 5.1484375, 0.2264404296875, 4.41796875, 3.078125, 1.7490234375, 3.705078125, 9.609375, 0.1851806640625, 0.01187896728515625, 0.004993438720703125, 1.31640625, 1.1474609375, 1.6064453125, 0.0191650390625, 6.15234375, 0.0016307830810546875, 0.60302734375, 1.8291015625, 13.28125, 1.8701171875, 0.283203125, 4.51953125, 3.392578125, 1.5888671875, 2.380859375, 4.52734375, 0.2425537109375, 1.2294921875, 3.83984375, 5.40625, 0.501953125, 0.442138671875, 0.180419921875, 2.794921875, 3.140625, 2.482421875, 0.1309814453125, 8.109375, 8.03125, 11.2890625, 4.2265625, 5.26953125, 0.379150390625, 1.75390625, 6.796875, 1.662109375, 3.25390625, 0.689453125, 0.2357177734375, 2.505859375, 3.2265625, 0.02203369140625, 8.21875, 1.9658203125, 1.1875, 0.474365234375, 0.10565185546875, 3.6328125, 1.2978515625, 3.91015625, 9.3828125, 4.4296875, 4.84375, 2.837890625, 1.82421875, 2.91796875, 4.1328125, 2.234375, 5.48828125, 4.1328125, 10.2421875, 4.96875, 0.52880859375, 6.58203125, 2.2734375, 8.0859375, 0.7353515625, 1.490234375, 4.1796875, 8.4921875, 2.28515625, 2.69921875, 0.1795654296875, 5.90234375, 0.1805419921875, 0.5, 10.0234375, 3.3359375, 11.6640625, 0.494873046875, 0.27783203125, 2.564453125, 2.908203125, 0.68408203125, 5.57421875, 3.10546875, 0.638671875, 4.9453125, 1.076171875, 0.60107421875, 0.1558837890625, 0.4765625, 5.21875, 0.5791015625, 0.09600830078125, 4.859375, 4.015625, 4.94921875, 0.7548828125, 6.6484375, 9.3828125, 0.50390625, 5.69140625, 3.572265625, 3.28515625, 0.0012292861938476562, 0.1351318359375, 0.0005426406860351562, 0.004291534423828125, 0.0018177032470703125, 0.68359375, 5.94140625, 1.25390625, 3.48828125, 0.92724609375, 7.1640625, 0.51416015625, 5.52734375, 6.86328125, 6.26953125, 1.3330078125, 0.002368927001953125, 1.4501953125, 0.00024402141571044922, 0.50244140625, 5.77734375, 6.87109375, 0.09912109375, 6.7265625, 4.2890625, 1.080078125, 1.20703125, 3.646484375, 0.0189361572265625, 0.0430908203125, 1.4599609375, 0.07598876953125, 0.12017822265625, 1.158203125, 0.41552734375, 0.045654296875, 4.0, 0.0003032684326171875, 0.0070648193359375, 0.00305938720703125, 7.045269012451172e-05, 3.796875, 11.171875, 0.046539306640625, 6.3671875, 6.63671875, 2.05078125, 4.30859375, 1.8046875, 0.029144287109375, 2.90625, 2.45703125, 0.5380859375, 0.04632568359375, 4.55859375, 1.2880859375, 2.533203125, 0.70703125, 3.75390625, 1.1142578125, 1.015625, 0.00432586669921875, 8.90625, 1.5244140625, 3.166015625, 0.81494140625, 6.1328125, 1.8564453125, 0.45361328125, 3.189453125, 8.3359375, 0.0113525390625, 0.76806640625, 4.98828125, 0.03961181640625, 1.431640625, 0.783203125, 0.6611328125, 0.07501220703125, 4.78125, 3.900390625, 0.2080078125, 8.3125, 4.55078125, 1.3916015625, 5.4921875, 6.6328125, 4.109375, 2.517578125, 0.9453125, 3.72265625, 4.22265625, 0.93994140625, 4.69921875, 8.5703125, 0.278564453125, 5.20703125, 0.046417236328125, 0.03759765625, 4.875, 0.6064453125, 2.5078125, 2.162109375, 1.6943359375, 6.3828125, 7.32421875, 4.421875, 6.6171875, 1.6396484375, 8.328125]",-1.5291044777611278
169,1,test,3.094468582574635,1.3804611252734873,1.923138112144083,4.9276048624693916,2.198234291875716,3.0623884068381315,22.075504112323753,16.52434110152288,18.84922185488945,35.152840787559015,26.313217080142408,30.015336975448957,3.0573393849272223,1.2091492042873482,1.7510390934932671,4.86848065099824,1.9254386785662665,2.788339426051779,21.270888162602482,14.922568355157107,17.5784008795116,33.871577345883296,23.762568087288216,27.991692704874445,3.087039784209369,1.381548573549005,1.9064130619148287,4.9157753085507885,2.1999659350535787,3.035755582288287,21.912117278784997,16.408028608469373,18.65570284776615,34.89266501458698,26.128002077616994,29.7071789912798,0.6381909547738693,0.00819095477386933,0.00819095477386933,0.4974874371859297,-0.012512562814070316,-0.002512562814070307,0.39698492462311563,-0.018015075376884404,-0.018015075376884404,0.40410958904109584,0.10667369160519835,0.17062439541922791,0.3711340206185567,0.3919597989949749,0.08870165363156635,0.13653408947911516,0.3535353535353535,0.3904109589041096,0.0895562580494087,0.15464786095422345,0.36769759450171824,24.0,7.0,8.0,32.0,3.0,2.0,42.0,8.0,9.0,-0.00017734796804937504,-0.0002689927006963306,-0.00011945067230211082,0.005011302111102012,0.0051137326625383395,0.00560004118926738,"[3.056640625, 9.4453125, 2.4296875, 1.0791015625, 0.80224609375, 5.9921875, 4.828125, 3.658203125, 2.419921875, 1.515625, 7.84765625, 6.4921875, 6.3125, 7.18359375, 2.6328125, 6.85546875, 8.9609375, 1.197265625, 1.90625, 7.609375, 0.059906005859375, 7.74609375, 7.49609375, 0.173828125, 2.103515625, 2.97265625, 0.73583984375, 12.8125, 2.27734375, 0.64111328125, 7.9921875, 3.384765625, 6.078125, 0.318603515625, 5.4296875, 1.3701171875, 0.431396484375, 5.421875, 0.60888671875, 1.6484375, 1.5625, 11.8203125, 9.421875, 2.826171875, 3.134765625, 4.55859375, 0.0273895263671875, 6.375, 3.3515625, 1.0205078125, 1.0888671875, 3.935546875, 1.4541015625, 4.3671875, 3.89453125, 8.9609375, 0.301513671875, 2.607421875, 3.623046875, 4.6796875, 7.02734375, 0.043182373046875, 5.5234375, 3.064453125, 3.59375, 8.2890625, 6.30078125, 0.30224609375, 0.5927734375, 8.1953125, 0.705078125, 1.9814453125, 5.05859375, 4.31640625, 0.00801849365234375, 2.16015625, 0.001667022705078125, 0.9697265625, 0.0007214546203613281, 0.1461181640625, 2.076171875, 0.1405029296875, 0.0692138671875, 6.671875, 6.16796875, 0.80712890625, 0.237548828125, 0.72021484375, 2.947265625, 2.193359375, 0.1683349609375, 1.2421875, 1.9541015625, 4.578125, 0.033966064453125, 2.4296875, 3.255859375, 0.564453125, 0.0614013671875, 0.379150390625, 2.580078125, 0.0265045166015625, 4.1640625, 0.32568359375, 0.875, 0.197998046875, 0.96142578125, 0.196044921875, 0.1798095703125, 1.8349609375, 0.0011768341064453125, 0.0003247261047363281, 7.07421875, 0.254638671875, 0.02215576171875, 0.0211181640625, 9.75, 11.3828125, 8.859375, 0.1368408203125, 3.48828125, 10.40625, 3.572265625, 0.1990966796875, 7.28515625, 0.21826171875, 0.01094818115234375, 0.0018873214721679688, 0.3759765625, 0.25927734375, 0.00012242794036865234, 0.01071929931640625, 0.0015811920166015625, 7.43359375, 5.73828125, 4.7578125, 9.7890625, 1.572265625, 3.287109375, 0.080322265625, 0.138427734375, 1.447265625, 0.58642578125, 0.0003077983856201172, 0.69677734375, 6.89453125, 2.181640625, 1.3291015625, 4.30859375, 5.828125, 6.7109375, 2.697265625, 5.9296875, 3.345703125, 0.12054443359375, 12.3203125, 7.58203125, 1.537109375, 1.4052734375, 0.0120849609375, 0.0013904571533203125, 0.0022869110107421875, 0.0011415481567382812, 7.421875, 0.430419921875, 4.0, 8.265625, 0.451171875, 4.3046875, 5.17578125, 5.9765625, 3.2109375, 1.583984375, 0.0263671875, 0.341552734375, 0.1832275390625, 0.001312255859375, 0.00030994415283203125, 0.0003561973571777344, 1.5888671875, 3.775390625, 7.56640625, 6.58984375, 0.2314453125, 0.974609375, 0.9912109375, 1.134765625, 5.34375, 1.73828125, 1.193359375, 5.33203125, 1.541015625, 3.333984375, 0.335205078125, 1.16796875, 2.203125, 6.60546875, 2.9140625, 6.65234375, 3.83984375, 1.26171875, 1.1640625, 0.206298828125, 7.34375, 4.43359375, 11.421875, 0.1583251953125, 1.5009765625, 2.267578125, 4.71875, 1.775390625, 0.77490234375, 8.2890625, 8.0234375, 5.421875, 2.8125, 2.599609375, 8.6484375, 2.0703125, 0.63818359375, 3.9375, 0.7734375, 0.046173095703125, 6.19140625, 2.443359375, 3.1015625, 5.0703125, 2.501953125, 6.0546875, 0.11212158203125, 0.003520965576171875, 0.7001953125, 0.01800537109375, 0.025421142578125, 0.32861328125, 7.359375, 4.79296875, 3.6484375, 6.6875, 1.6796875, 4.80078125, 0.99560546875, 2.70703125, 2.568359375, 1.185546875, 8.421875, 2.94921875, 2.2734375, 4.81640625, 0.04779052734375, 6.59765625, 3.84765625, 0.293701171875, 2.5078125, 0.60498046875, 4.87890625, 5.33203125, 2.80078125, 6.46875, 0.8623046875, 3.2109375, 0.027862548828125, 3.609375, 0.947265625, 1.57421875, 5.98046875, 1.7626953125, 1.2314453125, 8.6640625, 2.830078125, 0.0163421630859375, 4.85546875, 0.375244140625, 7.84375, 0.00555419921875, 2.978515625, 4.59375, 2.638671875, 1.421875, 4.078125, 0.08746337890625, 10.6796875, 1.4052734375, 2.423828125, 1.4375, 2.298828125, 3.869140625, 0.178466796875, 0.1307373046875, 4.359375, 7.1015625, 0.2447509765625]",-1.4059667697508043
251,1,test,4.275165697782656,1.9696852717954858,2.694972506895832,7.665814354644763,3.5318494528746642,4.83236449512356,71.89205067617591,61.86305539099726,67.03615684111391,128.90988397107404,110.92685794247784,120.20276399096285,4.369167941299515,1.986277099284829,2.76952189322335,7.834370101640509,3.561600315959004,4.966039256814283,78.97789011231357,68.14170678957052,74.02661051304767,141.61552709794157,122.18512941578162,132.73737057511997,4.275165697782656,1.9696852717954858,2.694972506895832,7.665814354644763,3.5318494528746642,4.83236449512356,71.89205067617591,61.86305539099726,67.03615684111391,128.90988397107404,110.92685794247784,120.20276399096285,0.8391959798994975,0.004195979899497493,-0.0008040201005025116,0.7085427135678393,-0.006457286432160814,0.0035427135678391952,0.6180904522613065,-0.0019095477386934512,0.008090452261306558,0.4517374517374517,0.11069698930970606,0.18986325404810644,0.41860465116279066,0.457286432160804,0.10390297351418742,0.18182733366330817,0.4242424242424242,0.4517374517374517,0.11069698930970606,0.18986325404810644,0.41860465116279066,25.0,-2.0,-1.0,39.0,-1.0,0.0,47.0,-3.0,-1.0,-0.00042129367298135374,-0.0005592954705786813,-0.0004224233969526633,0.00010708564814265742,0.00016179463533028127,-9.987650539144965e-05,"[3.0625, 9.453125, 2.48046875, 1.494140625, 3.81640625, 8.921875, 6.54296875, 2.447265625, 6.7734375, 2.658203125, 6.734375, 2.509765625, 10.765625, 7.609375, 3.970703125, 1.0849609375, 4.51953125, 1.3251953125, 2.16796875, 6.3125, 0.032501220703125, 6.2578125, 5.8125, 2.08984375, 2.47265625, 8.5703125, 5.25390625, 3.91796875, 0.814453125, 8.59375, 7.859375, 2.283203125, 6.03515625, 0.309326171875, 9.4765625, 10.09375, 1.2822265625, 3.158203125, 5.828125, 6.21484375, 4.8515625, 4.11328125, 3.873046875, 5.06640625, 4.51953125, 3.953125, 6.29296875, 2.275390625, 12.046875, 5.10546875, 2.076171875, 7.0546875, 2.3203125, 8.546875, 0.1727294921875, 4.71875, 6.8203125, 0.87890625, 6.7734375, 7.60546875, 4.18359375, 5.609375, 4.5, 1.3466796875, 0.6884765625, 3.0390625, 6.69921875, 5.22265625, 1.9453125, 5.2421875, 4.03125, 5.13671875, 0.11834716796875, 4.12109375, 7.66015625, 3.79296875, 0.00751495361328125, 9.3671875, 4.3203125, 10.578125, 3.20703125, 9.703125, 5.3515625, 5.64453125, 1.705078125, 9.34375, 2.484375, 9.7265625, 3.55859375, 4.1484375, 3.34375, 4.10546875, 1.4951171875, 2.509765625, 6.9140625, 10.6328125, 5.33984375, 9.9296875, 0.1611328125, 7.33984375, 0.06854248046875, 3.205078125, 8.1484375, 3.482421875, 5.8671875, 1.1455078125, 7.00390625, 9.8515625, 9.078125, 7.63671875, 11.7734375, 2.076171875, 2.314453125, 0.91748046875, 12.71875, 0.005008697509765625, 0.359375, 1.3095703125, 5.90625, 6.390625, 8.2890625, 5.3515625, 0.5458984375, 3.201171875, 4.78125, 5.07421875, 1.6943359375, 13.984375, 1.150390625, 9.0546875, 1.66015625, 3.810546875, 1.2802734375, 3.685546875, 0.0126190185546875, 8.78125, 3.134765625, 10.125, 1.2119140625, 4.69140625, 6.58203125, 3.21875, 1.3896484375, 0.299072265625, 6.015625, 3.2265625, 3.306640625, 6.91796875, 5.046875, 4.921875, 6.6484375, 1.3681640625, 2.427734375, 2.748046875, 0.032562255859375, 1.81640625, 3.083984375, 5.27734375, 0.390869140625, 5.55078125, 4.75, 1.693359375, 7.078125, 0.052459716796875, 4.5859375, 11.4765625, 0.76806640625, 4.1484375, 8.28125, 1.2373046875, 2.423828125, 1.396484375, 1.646484375, 4.5, 4.26953125, 6.99609375, 0.91064453125, 0.1683349609375, 3.40625, 1.5048828125, 6.08203125, 0.1751708984375, 1.337890625, 1.4521484375, 0.97216796875, 7.5, 0.21337890625, 2.251953125, 0.138427734375, 0.029327392578125, 0.4443359375, 0.415771484375, 7.828125, 7.74609375, 0.1591796875, 0.95068359375, 1.72265625, 6.859375, 3.8671875, 13.3515625, 5.859375, 3.833984375, 0.27685546875, 2.86328125, 1.3662109375, 2.099609375, 0.00742340087890625, 8.8359375, 5.109375, 7.22265625, 0.057830810546875, 5.6171875, 2.806640625, 3.31640625, 5.015625, 0.52099609375, 0.1536865234375, 0.0241241455078125, 2.810546875, 1.4296875, 6.875, 0.5048828125, 7.62109375, 0.97021484375, 11.6640625, 10.6328125, 1.421875, 2.970703125, 9.3359375, 3.548828125, 6.6875, 5.52734375, 4.9140625, 1.3330078125, 3.228515625, 1.732421875, 9.6015625, 3.603515625, 5.796875, 9.9140625, 4.90625, 0.3720703125, 4.8125, 0.401611328125, 1.7587890625, 1.56640625, 11.0390625, 4.703125, 2.779296875, 4.8671875, 0.146240234375, 0.08953857421875, 0.0030384063720703125, 0.004405975341796875, 6.15625, 4.390625, 11.59375, 0.380126953125, 0.0190582275390625]",-0.6702326329058206
168,1,test,3.615505533398322,1.5350471976694648,2.019204127155109,5.924969420370819,2.5155839538900486,3.309004120271809,37.17013191987822,29.1619934306035,32.235384914272494,60.91316772772995,47.789698485394275,52.82626955114259,3.8866817723566562,1.6158530367971498,2.25117422854126,6.369363961747472,2.6480058576587653,3.6891489560235624,48.74885804037431,39.06143223781477,43.61679595787658,79.88799643620811,64.01256736769645,71.4777449177537,3.822913773881153,1.67083976047204,2.3137236732972184,6.264863100809643,2.738116259451978,3.7916528919231953,45.737282451737315,37.134600466336906,41.21421636982553,74.95272718963119,60.854939971265765,67.5404779276436,0.6984924623115578,-0.011507537688442149,-0.0015075376884421399,0.5728643216080402,-0.0021356783919597166,-0.007135678391959832,0.5276381909547738,0.0026381909547738003,0.007638190954773805,0.4285714285714286,0.11901557392809081,0.16268677559000144,0.40810810810810816,0.44723618090452266,0.13144670722031215,0.19181047138866292,0.4494949494949495,0.4347826086956522,0.1259345285620963,0.18450452193258216,0.4295302013422819,22.0,5.0,5.0,33.0,6.0,6.0,42.0,7.0,8.0,1.642450547507666e-05,-0.0005229852632262491,-8.541191704524633e-05,0.018918699019216945,0.021810007562439004,0.020087767710011306,"[3.056640625, 6.44140625, 0.03302001953125, 0.005214691162109375, 0.009490966796875, 7.625, 1.7763671875, 2.978515625, 1.5927734375, 7.234375, 5.484375, 4.06640625, 3.896484375, 0.75, 0.89892578125, 9.078125, 4.0546875, 4.6015625, 4.203125, 2.01171875, 0.2479248046875, 0.197998046875, 1.7802734375, 3.958984375, 8.7421875, 8.8203125, 0.51220703125, 3.794921875, 7.92578125, 9.203125, 6.5625, 12.484375, 7.20703125, 0.181884765625, 0.002529144287109375, 0.787109375, 10.8125, 5.65625, 3.845703125, 1.4189453125, 0.82666015625, 6.8125, 0.1998291015625, 8.625, 10.140625, 10.5625, 4.9453125, 0.833984375, 0.9296875, 7.55078125, 5.20703125, 4.984375, 0.77783203125, 5.91796875, 2.248046875, 3.90625, 0.1573486328125, 0.93896484375, 4.53515625, 8.7734375, 2.546875, 5.23046875, 7.359375, 6.12109375, 4.0, 3.2890625, 0.099365234375, 1.45703125, 0.0011119842529296875, 9.3515625, 0.158203125, 2.630859375, 0.27294921875, 9.46875, 0.787109375, 9.4296875, 3.728515625, 3.919921875, 2.630859375, 0.19091796875, 0.001220703125, 0.0027179718017578125, 0.00041747093200683594, 0.43701171875, 6.35546875, 0.7978515625, 0.06732177734375, 0.60791015625, 0.041412353515625, 5.16796875, 0.767578125, 4.31640625, 0.0073089599609375, 9.489059448242188e-05, 1.7734375, 6.09765625, 13.59375, 1.279296875, 1.1875, 7.83984375, 8.75, 4.83984375, 15.6796875, 2.62109375, 2.072265625, 1.05859375, 1.4453125, 0.0286865234375, 15.203125, 13.5703125, 4.25, 5.01171875, 0.06756591796875, 0.61474609375, 9.6171875, 1.0146484375, 7.57421875, 3.83984375, 5.18359375, 1.630859375, 1.4111328125, 14.34375, 1.8046875, 6.90625, 11.015625, 6.03125, 0.05517578125, 0.50830078125, 2.390625, 0.1719970703125, 0.1077880859375, 7.4609375, 9.4296875, 2.474609375, 3.353515625, 4.35546875, 10.3828125, 0.548828125, 5.921875, 6.859375, 4.40625, 0.00035500526428222656, 2.880859375, 11.6171875, 0.458251953125, 3.255859375, 5.4765625, 3.189453125, 3.40625, 0.60693359375, 4.37890625, 0.1134033203125, 0.00812530517578125, 5.65625, 9.65625, 2.146484375, 0.053192138671875, 7.34765625, 8.75, 1.927734375, 2.896484375, 1.4013671875, 4.62109375, 2.548828125, 5.5859375, 3.42578125, 0.0709228515625, 4.6484375, 6.02734375, 5.69921875, 6.078125, 4.36328125, 1.3779296875, 3.3671875, 1.5263671875, 7.05078125, 1.892578125, 4.5234375, 3.5703125, 4.1953125, 1.7158203125, 5.828125, 7.921875, 0.65185546875, 0.427978515625, 1.4775390625, 4.3046875, 1.1630859375, 8.5, 9.0546875, 3.4296875, 0.495361328125, 5.9604644775390625e-06, 0.1109619140625, 0.0247955322265625, 0.044158935546875, 0.64501953125, 3.039836883544922e-05, 0.1419677734375, 0.053070068359375, 0.169677734375, 2.36328125, 2.669921875, 3.560546875, 10.9296875, 6.19921875, 4.87109375, 1.4775390625, 6.16015625, 1.521484375, 9.40625, 4.48828125, 1.7060546875, 6.69140625, 5.33984375, 1.3916015625, 0.7841796875, 5.12109375, 0.1552734375, 13.1640625, 15.2578125, 8.5078125, 0.325927734375, 6.94921875, 12.2265625, 5.55078125, 3.255859375, 2.1484375, 3.208984375, 6.6484375, 0.10797119140625, 1.0478515625, 1.427734375, 0.51220703125, 8.7578125, 4.5390625, 0.182373046875, 4.2109375, 2.923828125, 1.642578125, 1.939453125, 2.064453125, 1.8154296875, 0.01436614990234375, 0.6025390625, 2.267578125, 6.35546875, 0.78076171875, 2.28125, 6.64453125, 0.256103515625, 2.837890625, 9.6015625, 3.76953125, 1.4306640625, 7.38671875, 6.6171875, 3.771484375, 0.54443359375, 0.55517578125, 9.1171875, 0.0249481201171875, 0.5546875, 0.034576416015625, 0.049072265625, 0.01519012451171875, 0.56201171875, 0.331298828125, 0.005939483642578125, 0.0841064453125, 7.11328125, 0.82763671875, 13.109375, 0.23876953125, 0.006343841552734375, 1.6298828125, 4.37109375, 7.671875, 9.5234375, 1.0703125, 7.8203125, 7.53125, 2.162109375, 1.548828125, 0.07940673828125, 1.716796875, 2.5390625, 2.908203125, 0.3212890625, 6.0234375, 4.0078125, 5.4140625, 7.87890625, 5.6328125, 9.0625, 4.69140625, 8.4609375, 0.00949859619140625, 0.650390625, 0.5244140625, 8.46875, 2.564453125, 3.958984375, 2.833984375, 6.67578125, 0.46875, 1.4609375, 7.04296875, 5.69140625, 4.7734375, 0.64794921875, 2.544921875, 7.60546875, 1.2919921875, 3.89453125, 3.68359375, 1.490234375, 0.37255859375, 0.8046875, 3.62396240234375e-05, 5.91796875, 6.71875, 7.484375, 0.67041015625, 0.00018465518951416016, 2.521484375, 0.040496826171875, 1.943359375, 0.363037109375, 0.0004532337188720703, 1.564453125, 0.006694793701171875, 4.7734375, 0.3974609375, 0.0020732879638671875, 10.5, 5.390625, 4.97265625, 0.05194091796875, 0.001117706298828125, 1.8447265625, 0.06207275390625, 5.078125, 1.7890625, 0.191162109375, 0.0012836456298828125, 0.35986328125, 0.07281494140625, 0.0989990234375, 0.485107421875, 0.0020599365234375, 0.334716796875, 0.02239990234375, 0.43359375, 3.212890625, 4.98046875, 1.3046875, 6.58984375, 0.054473876953125, 6.49609375, 2.029296875, 0.3955078125, 1.544921875, 2.23046875, 7.2265625, 0.03887939453125, 8.265625, 12.734375, 2.673828125, 4.703125, 0.40087890625]",-1.0541059206116876
32,1,test,3.284482546300696,1.3618232028895203,1.931873733726931,5.845596912761358,2.4237210575236103,3.438275276097335,26.69516722730823,19.856045346384207,22.827665258329905,47.51104167241167,35.33903308671951,40.62780900143239,3.223874089705884,1.2991323184189936,1.8538971285509143,5.737728290607496,2.3121462095671372,3.2994954847424007,25.1252694250265,18.271890726807417,21.190009394446427,44.71699736954121,32.51961504354415,37.71317148178263,3.293400713661373,1.3811801591258606,1.9353844201654797,5.861469127290182,2.4581718308251923,3.444523462080229,26.934303942034248,20.166202879936304,23.04583188336098,47.93664808731096,35.891039649410445,41.01609364955317,0.6683417085427136,-0.011658291457286363,-0.006658291457286469,0.5376884422110553,-0.02231155778894478,-0.0023115577889447625,0.4522613065326633,-0.017738693467336697,-0.017738693467336697,0.43288590604026844,0.10960282396321652,0.17284126318312554,0.4175084175084175,0.42211055276381915,0.09880228208712738,0.1533292505935353,0.38383838383838387,0.4395973154362416,0.11798927523523661,0.1773205297219559,0.40740740740740744,25.0,7.0,6.0,37.0,6.0,6.0,45.0,6.0,6.0,-0.00037196534499574663,-0.000375770165560975,-2.9618082347688828e-05,0.004164545041596135,0.0051369738128368425,0.004225001702156561,"[3.056640625, 9.4453125, 2.4296875, 1.0791015625, 6.80078125, 5.7890625, 3.935546875, 1.248046875, 3.21484375, 11.2890625, 11.171875, 0.443115234375, 5.6328125, 4.69921875, 1.76171875, 6.90234375, 5.47265625, 3.5234375, 1.8994140625, 2.267578125, 1.2861328125, 7.14453125, 7.1015625, 5.48828125, 0.66796875, 5.84765625, 5.4609375, 0.90771484375, 0.51611328125, 1.99609375, 3.517578125, 1.0625, 5.78125, 0.95849609375, 0.712890625, 6.96484375, 0.112060546875, 7.1875, 0.482177734375, 2.94921875, 6.7890625, 4.6953125, 9.0078125, 2.01171875, 4.3359375, 3.076171875, 4.00390625, 2.787109375, 5.77734375, 4.4609375, 1.048828125, 1.7646484375, 3.021484375, 0.90283203125, 2.0, 0.11065673828125, 7.71875, 2.4609375, 0.0072174072265625, 0.607421875, 8.4375, 8.6484375, 9.4765625, 0.58154296875, 4.05859375, 6.9765625, 3.37109375, 6.5546875, 2.498046875, 2.029296875, 2.88671875, 1.345703125, 2.583984375, 0.4375, 0.00909423828125, 0.0008788108825683594, 0.56298828125, 5.11328125, 4.3984375, 0.556640625, 8.234375, 2.685546875, 0.023773193359375, 4.33984375, 0.98828125, 5.80078125, 3.810546875, 0.2071533203125, 0.8154296875, 3.05078125, 6.671875, 2.6484375, 0.055023193359375, 1.0068359375, 4.10546875, 6.37109375, 7.4921875, 1.6640625, 4.296875, 0.97900390625, 8.0, 1.35546875, 1.091796875, 0.07379150390625, 0.0966796875, 1.205078125, 8.6015625, 5.421875, 2.3984375, 5.53125, 2.09375, 4.8671875, 0.98291015625, 0.53125, 4.91015625, 4.49609375, 0.329833984375, 4.2265625, 1.2958984375, 5.7109375, 1.607421875, 2.3828125, 5.67578125, 6.05078125, 0.01003265380859375, 7.5234375, 6.9921875, 5.5, 4.33203125, 0.41650390625, 8.40625, 0.2880859375, 0.2205810546875, 2.955078125, 0.841796875, 0.484375, 3.80078125, 1.8994140625, 0.34912109375, 7.2109375, 4.8984375, 0.0020275115966796875, 0.04974365234375, 0.0004525184631347656, 0.0024166107177734375, 0.0027599334716796875, 7.68359375, 0.41357421875, 5.0546875, 2.625, 0.05206298828125, 0.108642578125, 9.7421875, 3.048828125, 8.1015625, 2.146484375, 0.1763916015625, 0.010009765625, 2.20703125, 0.0002872943878173828, 9.328125, 0.8134765625, 0.11865234375, 4.5390625, 0.3056640625, 0.0026149749755859375, 0.068115234375, 3.154296875, 0.552734375, 0.010223388671875, 0.0007715225219726562, 0.0003294944763183594, 0.6240234375, 0.383056640625, 0.007152557373046875, 0.00010693073272705078, 0.0006003379821777344, 4.28515625, 3.44140625, 0.2054443359375, 4.82421875, 2.443359375, 7.33984375, 8.2421875, 0.35400390625, 4.375, 2.82421875, 1.5625, 0.8994140625, 1.3447265625, 4.62890625, 0.423095703125, 9.4140625, 0.1376953125, 4.67578125, 11.4453125, 6.80078125, 1.7763671875, 3.720703125, 0.814453125, 2.708984375, 2.001953125, 9.6171875, 2.134765625, 5.33203125, 2.2734375, 3.375, 0.90087890625, 3.830078125, 0.278564453125, 3.916015625, 12.4375, 0.319091796875, 0.419921875, 0.449462890625, 2.8046875, 6.87109375, 4.0546875, 6.41015625, 0.7998046875, 5.34765625, 5.82421875, 2.7265625, 2.837890625, 6.66796875, 9.71875, 0.8515625, 3.993511199951172e-05, 7.6640625, 0.60400390625, 3.142578125, 0.4521484375, 0.00041413307189941406, 7.94140625, 8.859375, 3.98828125, 0.41162109375, 0.0001709461212158203, 7.9375, 5.640625, 3.603515625, 0.41455078125, 0.00044989585876464844, 6.76953125, 1.35546875, 8.171875, 5.46484375, 0.390869140625, 0.0002493858337402344, 3.400390625, 0.01154327392578125, 2.37890625, 0.376708984375, 0.388671875, 0.0007390975952148438, 3.720703125, 6.6953125, 5.875, 5.3828125, 2.98828125, 0.439453125, 0.0004630088806152344, 3.78125, 3.615234375, 3.853515625, 3.2265625, 0.1885986328125, 0.0005698204040527344, 4.72265625, 6.5859375, 7.765625, 5.59375, 2.193359375, 1.7998046875, 4.26953125, 0.1307373046875, 0.1839599609375, 0.09527587890625, 0.55712890625, 3.255859375, 6.6484375, 0.2724609375, 0.034515380859375, 3.201171875, 6.375, 9.671875, 0.1064453125, 7.78125, 6.52734375, 0.3818359375, 2.763671875, 11.0390625, 1.3046875, 4.24609375, 0.828125, 4.5625, 5.52734375, 3.349609375]",-0.9945201201726928
444,1,test,2.96692194127617,1.305226969357983,1.78352130799466,5.426135315061231,2.3870995910183432,3.261841108738897,19.432014565772096,14.163781778049199,16.166554591018485,35.53876460692009,25.90381480263543,29.566639947210277,3.3042979372206647,1.380521212935912,1.9490027662949703,6.04315451620036,2.524803501733058,3.564486342635721,27.229418115685252,20.382650059730103,23.351512683032094,49.79925666077196,37.27736000228714,42.70704458608009,2.8611403420617347,1.2303441967435873,1.711769179126323,5.232673780669055,2.250148210087202,3.130615290166858,17.481450407835023,12.373510645368595,14.325242862603186,31.971422671013787,22.629629094738288,26.199107267434705,0.728643216080402,-0.001356783919598037,-0.001356783919598037,0.5728643216080402,0.0028643216080401768,0.007864321608040292,0.46733668341708545,-0.002663316582914521,0.0023366834170854833,0.4193548387096774,0.11628016813866715,0.1700879765395894,0.388235294117647,0.42713567839195976,0.1188650017002304,0.16837107071249402,0.41414141414141414,0.4147157190635451,0.11421488433900417,0.1699993675618766,0.3691275167785235,24.0,9.0,9.0,38.0,15.0,15.0,45.0,13.0,12.0,-0.0015164059591740904,9.55542777529692e-05,-0.000493194969445141,-0.00034118015804818214,5.904222154651251e-05,-0.0001653898061491077,"[3.056640625, 9.4453125, 2.4296875, 1.0791015625, 7.80078125, 0.8310546875, 0.057098388671875, 1.1708984375, 4.01171875, 5.32421875, 3.255859375, 9.4609375, 5.78125, 1.484375, 2.671875, 4.84765625, 2.322265625, 4.08984375, 0.68798828125, 1.16796875, 1.5908203125, 1.19140625, 7.03125, 1.59765625, 6.76953125, 8.0625, 0.36181640625, 7.07421875, 3.244140625, 4.359375, 0.71630859375, 5.8125, 1.1953125, 1.744140625, 2.05859375, 4.3203125, 1.8203125, 5.734375, 1.8623046875, 7.15234375, 1.5810546875, 2.603515625, 7.6640625, 7.5, 6.51171875, 3.349609375, 6.20703125, 0.0264739990234375, 0.31005859375, 4.484375, 0.24560546875, 0.1549072265625, 7.421875, 2.509765625, 0.62841796875, 7.34765625, 5.33203125, 0.10345458984375, 5.29296875, 5.54296875, 1.3388671875, 0.2232666015625, 1.42578125, 1.0556640625, 0.31884765625, 0.2037353515625, 0.00179290771484375, 0.0289764404296875, 0.7294921875, 2.130859375, 2.595703125, 1.0830078125, 6.2578125, 4.7109375, 3.4140625, 7.52734375, 0.693359375, 8.984375, 2.87890625, 8.0234375, 0.982421875, 4.69140625, 1.2890625, 0.548828125, 0.1636962890625, 1.2236328125, 4.890625, 1.9951171875, 5.2421875, 1.923828125, 2.3828125, 0.477294921875, 9.2421875, 1.8369140625, 0.00873565673828125, 3.6015625, 1.0712890625, 3.681640625, 8.1875, 3.021484375, 5.98828125, 8.0625, 8.8515625, 3.482421875, 2.11328125, 5.58984375, 0.465087890625, 5.03515625, 0.197998046875, 3.412109375, 0.3974609375, 2.546875, 8.2578125, 3.392578125, 1.560546875, 7.86328125, 0.91943359375, 10.4375, 6.80078125, 3.3671875, 9.4609375, 4.6015625, 3.94921875, 1.119140625, 0.4521484375, 4.9453125, 0.8662109375, 4.25, 2.30859375, 0.00870513916015625, 3.1015625, 2.828125, 0.46337890625, 1.916015625, 7.6796875, 0.548828125, 6.63671875, 8.171875, 11.390625, 0.05108642578125, 3.07421875, 0.53515625, 3.1796875, 0.1484375, 0.2056884765625, 0.055633544921875, 0.0011386871337890625, 0.76220703125, 7.0, 2.56640625, 1.6240234375, 6.39453125, 1.6806640625, 5.65625, 6.8125, 0.287841796875, 1.2236328125, 4.0390625, 0.08148193359375, 4.421875, 2.798828125, 6.13671875, 1.3173828125, 10.1640625, 1.37890625, 1.125, 8.9375, 9.6171875, 3.1953125, 6.31640625, 3.884765625, 0.79931640625, 4.19921875, 3.759765625, 5.23828125, 1.501953125, 0.003631591796875, 0.1392822265625, 0.00043201446533203125, 0.0031948089599609375, 0.0019178390502929688, 0.73779296875, 3.65234375, 5.6171875, 1.7802734375, 5.0078125, 1.7958984375, 3.115234375, 0.91455078125, 0.04644775390625, 2.296875, 2.029296875, 0.0006394386291503906, 0.488037109375, 0.267333984375, 3.59375, 2.25, 6.05859375, 3.67578125, 1.8447265625, 0.06695556640625, 0.71533203125, 0.916015625, 5.09765625, 0.49560546875, 0.0241546630859375, 0.00103759765625, 0.371337890625, 0.07464599609375, 3.89453125, 3.841796875, 3.390625, 0.03973388671875, 0.4931640625, 0.79443359375, 1.6181640625, 3.240234375, 0.25537109375, 0.377685546875, 0.00731658935546875, 0.00021004676818847656, 2.77734375, 0.0032100677490234375, 0.005916595458984375, 0.0025882720947265625, 0.01371002197265625, 7.0078125, 0.67578125, 2.455078125, 8.7421875, 1.923828125, 1.2578125, 0.0085296630859375, 0.0005488395690917969, 0.4453125, 0.0002008676528930664, 0.492431640625, 7.3046875, 0.323486328125, 0.179931640625, 0.8115234375, 3.1328125, 5.30078125, 0.234130859375, 0.193115234375, 0.0012197494506835938, 0.1309814453125, 0.323486328125, 0.049835205078125, 0.646484375, 3.896484375, 0.0545654296875, 0.0252685546875, 0.1295166015625, 0.005084991455078125, 0.00030231475830078125, 0.0106353759765625, 0.00014674663543701172, 5.4453125, 0.83642578125, 2.240234375, 4.640625, 2.767578125, 3.595703125, 0.056671142578125, 0.197265625, 2.712890625, 0.86279296875, 0.04351806640625, 2.78515625, 6.37890625, 1.3466796875, 0.0909423828125, 4.7734375, 8.3515625, 3.68359375, 2.939453125, 4.69140625, 3.904296875, 5.48828125, 1.1923828125, 0.4814453125, 0.30908203125, 1.94140625, 2.212890625, 1.4833984375, 0.102294921875, 0.0638427734375, 9.8359375, 5.0546875, 4.42578125, 1.97265625, 4.375, 0.92919921875, 6.83203125, 0.55322265625, 6.82421875, 2.697265625, 1.5869140625, 0.00237274169921875, 4.68359375, 6.4453125, 5.40234375, 0.62353515625, 7.06640625, 1.8701171875, 6.25, 2.125, 1.193359375, 2.54296875, 6.078125, 0.3310546875, 7.3671875, 0.36865234375, 0.0023555755615234375, 0.35888671875, 3.462890625, 0.000995635986328125, 4.65625, 11.1796875, 4.34765625, 1.83203125, 1.1920928955078125e-05, 10.0546875, 2.73828125, 5.828125, 3.884765625, 1.2353515625, 0.00010895729064941406, 9.6640625, 5.5703125, 5.62109375, 5.9375, 5.5390625, 0.50048828125, 0.00014090538024902344, 10.0, 6.38671875, 3.15625, 3.099609375, 0.80859375]",-1.3688686928791034
309,1,test,4.1726543344557285,1.8897964560570193,2.602034378061434,6.30807155267719,2.8569275835685533,3.933663736245815,64.88745673967267,55.08279580296235,60.07782770971588,98.09456695350516,83.2722265962431,90.82353953762932,4.162153924529876,1.8417428408375787,2.5520354655463793,6.292197403553989,2.7842818240897516,3.8580771449730564,64.20967655731747,54.02981833756836,59.20627266644877,97.06992279547406,81.680372427971,89.50595338398432,4.1726543344557285,1.8897964560570193,2.602034378061434,6.30807155267719,2.8569275835685533,3.933663736245815,64.88745673967267,55.08279580296235,60.07782770971588,98.09456695350516,83.2722265962431,90.82353953762932,0.8442211055276382,-0.0007788944723617908,-0.0107788944723618,0.6582914572864322,-0.011708542713567693,-0.011708542713567693,0.5276381909547738,-0.002361809045226204,-0.012361809045226213,0.453125,0.12369030214424948,0.18948863636363633,0.4117647058823529,0.44221105527638194,0.11138398760720902,0.1734297531060981,0.3939393939393939,0.453125,0.12369030214424948,0.18948863636363633,0.4117647058823529,22.0,2.0,2.0,32.0,-1.0,1.0,41.0,-1.0,-1.0,-0.0001505376339757445,-3.115530255616085e-05,-0.0003396273663264327,8.629588256159337e-05,0.00014530477676810705,-0.00011039017629776993,"[3.0625, 9.453125, 2.48046875, 1.494140625, 8.8203125, 5.484375, 2.068359375, 5.1328125, 0.0240020751953125, 10.6015625, 6.84375, 1.064453125, 4.19921875, 16.4375, 4.69140625, 12.734375, 5.84765625, 0.448486328125, 2.291015625, 4.21484375, 10.578125, 3.671875, 5.1875, 1.5400390625, 5.6328125, 0.01751708984375, 2.703125, 11.5, 4.56640625, 0.291015625, 5.3046875, 3.404296875, 10.5859375, 11.40625, 1.607421875, 0.01471710205078125, 5.3671875, 0.98583984375, 7.83984375, 12.046875, 0.303955078125, 1.6015625, 4.234375, 0.9990234375, 6.3984375, 2.072265625, 3.42578125, 9.4609375, 3.7421875, 0.10919189453125, 5.88671875, 0.93017578125, 2.271484375, 1.8740234375, 7.0625, 0.6630859375, 10.8515625, 2.12890625, 4.34765625, 1.380859375, 1.98828125, 6.97265625, 2.521484375, 2.849609375, 7.6796875, 6.0234375, 1.845703125, 1.0625, 2.3359375, 8.2578125, 1.1142578125, 4.65234375, 5.74609375, 2.14453125, 1.6611328125, 1.3837890625, 5.00390625, 1.02734375, 7.421875, 2.900390625, 8.4296875, 1.3330078125, 0.07489013671875, 13.265625, 2.896484375, 5.53515625, 4.34765625, 0.88916015625, 2.76953125, 11.6328125, 2.650390625, 5.859375, 3.8046875, 1.314453125, 3.77734375, 4.0078125, 0.84814453125, 2.955078125, 1.3310546875, 0.373291015625, 5.3359375, 1.419921875, 9.0, 6.52734375, 6.0390625, 0.77734375, 0.96484375, 3.76171875, 3.017578125, 1.7099609375, 7.875, 10.0078125, 8.890625, 1.2314453125, 1.048828125, 7.9140625, 10.921875, 2.01171875, 4.6875, 3.666015625, 5.3828125, 0.136962890625, 10.6484375, 1.5234375, 4.375, 1.23828125, 3.923828125, 7.5390625, 0.57177734375, 4.1875, 0.12548828125, 1.78125, 1.2587890625, 4.37890625, 6.2265625, 3.12109375, 6.93359375, 4.765625, 1.078125, 6.4140625, 0.63330078125, 1.7783203125, 13.453125, 2.45703125, 1.291015625, 2.181640625, 9.640625, 3.814453125, 0.38623046875, 7.22265625, 2.650390625, 7.58984375, 2.2421875, 2.185546875, 3.189453125, 6.953125, 3.376953125, 4.0078125, 6.6015625, 4.4296875, 1.380859375, 1.826171875, 4.4921875, 1.599609375, 3.3828125, 1.2783203125, 0.595703125, 9.171875, 2.583984375, 5.13671875, 3.392578125, 4.33984375, 1.2939453125, 7.03515625, 0.39892578125, 6.52734375, 8.0078125, 7.7265625, 0.54345703125, 1.0224609375, 6.4921875, 0.8876953125, 2.228515625, 5.63671875, 0.1756591796875, 6.42578125, 1.0966796875, 2.18359375, 0.90771484375, 6.375, 3.859375, 1.17578125, 3.20703125, 6.890625, 0.375244140625, 0.9990234375, 6.90625, 4.25, 4.23828125, 10.25, 0.15478515625, 6.9375, 1.046875, 8.3671875, 5.1484375, 6.6484375, 1.67578125, 0.4541015625, 2.55859375, 0.007659912109375, 7.30078125, 0.18505859375, 1.3701171875, 1.525390625, 3.94921875, 3.861328125, 9.390625, 6.80859375, 5.05859375, 2.552734375, 0.054656982421875, 7.98046875, 3.32421875, 0.0418701171875, 0.1407470703125, 0.001201629638671875, 0.0049896240234375, 0.0010976791381835938, 0.86474609375, 8.6953125, 9.046875, 0.0202178955078125, 4.52734375, 7.515625, 10.515625, 6.8359375, 1.681640625, 7.5234375, 2.71484375, 0.1708984375, 5.15625, 5.28125, 9.3984375, 5.45703125, 0.55859375, 8.5546875, 7.1640625, 5.71875, 5.91015625, 5.9140625, 0.1260986328125, 8.640625, 6.19921875, 2.224609375, 0.0038890838623046875, 6.34765625]",-0.8917739950120449
75,1,test,3.551163916950984,1.6719514559207962,2.2683268830227554,6.292413256351744,2.96258064996492,4.019316055882427,34.85386088794426,28.305515134454716,31.247002885500535,61.758595608462635,50.155386466314496,55.36749634097464,3.8428313504511387,1.6910033840909175,2.374732322330286,6.809227480623948,2.996339329704959,4.207859027286998,46.65739102575007,38.05682544448656,42.316415804960805,82.67362269475014,67.43402403321303,74.98171923335161,3.5570902202440347,1.6578406082525599,2.2685897919116647,6.302914249906097,2.9375772181317292,4.019781911983827,35.061028701819545,28.38014939267282,31.433685687350067,62.12568243655745,50.287633134385175,55.69828516530451,0.6783919597989949,-0.011608040201005032,-0.011608040201005032,0.5778894472361809,-0.012110552763819227,-0.012110552763819227,0.5025125628140703,-0.007487437185929702,-0.01748743718592971,0.4403973509933775,0.14618247496031966,0.21242378271143914,0.41860465116279066,0.4522613065326633,0.14148436417677357,0.21186063875303052,0.4444444444444444,0.4381270903010034,0.14096515374006846,0.20675890342669856,0.41946308724832215,26.0,5.0,6.0,37.0,4.0,7.0,44.0,2.0,3.0,-0.0011926565541387631,-0.00010577689326291773,-0.00024759259317865456,-0.0004951882937413998,-9.202525539642181e-05,5.081944426521545e-05,"[3.056640625, 9.4453125, 2.4296875, 1.0791015625, 0.80224609375, 3.9921875, 4.10546875, 9.1015625, 5.45703125, 6.734375, 3.451171875, 4.87109375, 0.00907135009765625, 5.57421875, 2.912109375, 6.49609375, 0.73876953125, 7.8671875, 0.43408203125, 3.828125, 1.84375, 2.748046875, 6.578125, 6.5078125, 2.595703125, 3.58984375, 2.716796875, 5.171875, 0.91748046875, 2.509765625, 6.5703125, 7.4609375, 3.078125, 2.134765625, 7.06640625, 0.470703125, 9.4140625, 8.4765625, 0.044189453125, 2.27734375, 1.861328125, 5.3359375, 0.7919921875, 13.1328125, 0.560546875, 0.462890625, 3.431640625, 2.9140625, 5.02734375, 0.89453125, 7.61328125, 7.66015625, 0.281494140625, 0.3408203125, 9.171875, 0.69287109375, 3.30078125, 1.7255859375, 4.0859375, 6.73828125, 1.65625, 5.28125, 0.95458984375, 1.001953125, 9.578125, 6.1953125, 1.8212890625, 4.53515625, 0.50390625, 1.013671875, 5.6953125, 0.00896453857421875, 11.6640625, 0.054962158203125, 0.7763671875, 4.890625, 6.54296875, 7.42578125, 1.125, 6.04296875, 1.150390625, 0.431884765625, 7.81640625, 2.248046875, 1.142578125, 4.5703125, 7.2421875, 0.276123046875, 4.37109375, 7.46875, 0.67138671875, 8.1328125, 5.10546875, 0.29736328125, 12.5859375, 0.0234375, 3.00390625, 9.7265625, 0.2281494140625, 0.85107421875, 6.83203125, 4.39453125, 0.5908203125, 4.3046875, 0.60009765625, 8.4140625, 1.23828125, 3.986328125, 6.12109375, 0.457763671875, 7.58984375, 0.37939453125, 0.218017578125, 0.5263671875, 0.73828125, 6.1484375, 1.482421875, 4.65234375, 2.193359375, 1.5849609375, 5.82421875, 1.10546875, 0.67333984375, 5.59765625, 5.15625, 7.61328125, 12.5546875, 8.6640625, 0.127197265625, 0.03424072265625, 8.8828125, 0.0007638931274414062, 0.93359375, 5.28515625, 5.04296875, 1.412109375, 1.6904296875, 13.171875, 3.1640625, 9.3046875, 0.99853515625, 6.42578125, 0.017425537109375, 0.130615234375, 4.92578125, 2.220703125, 7.65625, 7.00390625, 13.5703125, 0.65478515625, 0.85986328125, 7.23046875, 5.81640625, 10.453125, 0.035186767578125, 0.8330078125, 1.8603515625, 7.8125, 5.37109375, 1.7998046875, 1.8583984375, 4.57421875, 3.416015625, 6.38671875, 0.3056640625, 0.058502197265625, 0.01172637939453125, 0.326171875, 9.03125, 0.75439453125, 4.72265625, 9.7578125, 4.2109375, 6.44921875, 0.87841796875, 3.5234375, 2.74609375, 0.771484375, 0.26416015625, 6.98046875, 7.69921875, 0.455078125, 0.650390625, 10.0703125, 0.0745849609375, 6.66015625, 4.6640625, 0.3525390625, 4.109375, 9.6953125, 0.0038127899169921875, 3.728515625, 0.97509765625, 7.265625, 0.06817626953125, 0.8486328125, 3.35546875, 1.1298828125, 6.609375, 0.1781005859375, 0.26611328125, 8.0390625, 3.966796875, 6.45703125, 1.7548828125, 5.82421875, 4.98828125, 11.328125, 0.0029773712158203125, 0.0528564453125, 1.90625, 4.54296875, 0.0128021240234375, 1.07421875, 8.703125, 0.061614990234375, 0.1484375, 0.009490966796875, 0.00901031494140625, 3.654296875, 5.2578125, 9.453125, 3.576171875, 2.171875, 2.0703125, 1.3017578125, 2.513671875, 3.314453125, 1.3076171875, 2.416015625, 0.3740234375, 2.912109375, 7.18359375, 1.20703125, 11.671875, 0.0018377304077148438, 0.1953125, 2.888671875, 0.09246826171875, 4.2265625, 1.322265625, 2.142578125, 4.6640625, 3.5625, 6.68359375, 0.4765625, 0.57763671875, 6.1953125, 6.421875, 1.6796875, 5.01171875, 0.0048980712890625, 0.71728515625, 0.437255859375, 4.5390625, 0.71142578125, 8.78125, 2.255859375, 0.34716796875, 7.6484375, 3.59765625, 6.890625, 0.380615234375, 0.3740234375, 0.0016078948974609375, 0.0024890899658203125, 0.007091522216796875, 1.6767578125, 0.0019292831420898438, 0.0070037841796875, 4.55859375, 4.99609375, 7.16796875, 2.81640625, 0.5634765625, 0.00148773193359375, 0.007747650146484375, 10.421875, 4.91796875, 2.34375, 1.4287109375, 3.9140625, 0.372802734375, 0.00023949146270751953, 0.01593017578125, 8.2578125, 5.0625, 3.26953125, 0.81982421875, 4.78515625, 4.72265625, 1.1982421875, 0.0006084442138671875, 0.01611328125, 7.07421875, 6.5546875, 1.6591796875, 0.78759765625, 0.5205078125, 0.381103515625, 0.0011854171752929688, 5.0703125]",-1.0983169027511646
185,1,test,2.759382466702494,1.2090776648978152,1.39782988249624,5.4197736341510865,2.374780346301538,2.745513401494857,15.790089031138752,11.077182565053885,11.887841862805951,31.01371746923217,21.756977414769516,23.349214062372226,3.0424889751415156,1.2776540079680851,1.8232157319363385,5.97583036373087,2.509472894574087,3.5810246214713737,20.95734067355158,15.116732287117781,17.57261370733297,41.16284849782777,29.691160276939854,34.51481974803516,2.793330865958861,1.2524994871749362,1.7429271789622993,5.486452552869871,2.460066257321175,3.4233278223564443,16.335340113037415,11.666870188154782,13.47653516549987,32.08465905610039,22.915197948034955,26.46960718604907,0.6130653266331658,-0.0069346733668341765,-0.0069346733668341765,0.5175879396984925,-0.007412060301507539,0.017587939698492483,0.42211055276381915,0.007110552763819111,0.002110552763819107,0.3958810068649885,0.13073814972213138,0.14563662758835116,0.3669724770642202,0.4170854271356784,0.11633354743643032,0.19004035201046976,0.398989898989899,0.40802675585284276,0.12922875919174093,0.20113020412870486,0.37248322147651003,21.0,12.0,12.0,32.0,17.0,16.0,41.0,20.0,18.0,-4.353026296639198e-05,-0.0004395444268083006,-0.00016985205447462827,0.012791940616830644,0.013448246817031162,0.014953251864481487,"[3.056640625, 9.4453125, 1.869140625, 4.66796875, 2.3671875, 3.255859375, 2.392578125, 6.28515625, 6.88671875, 0.1771240234375, 5.27734375, 0.68017578125, 0.3076171875, 4.7578125, 1.75, 0.65234375, 3.958984375, 3.84765625, 0.06414794921875, 2.845703125, 1.3662109375, 0.257080078125, 2.365234375, 1.978515625, 3.990234375, 0.990234375, 7.66796875, 5.08203125, 0.94921875, 0.464599609375, 9.5859375, 2.560546875, 0.00390625, 8.1171875, 0.91845703125, 4.3203125, 3.357421875, 0.0279998779296875, 8.390625, 10.03125, 2.1328125, 5.4453125, 3.08984375, 10.59375, 5.4296875, 0.89013671875, 2.66796875, 3.57421875, 1.447265625, 0.46875, 0.069091796875, 1.7275390625, 10.484375, 0.346435546875, 0.00254058837890625, 1.80859375, 0.60400390625, 0.40380859375, 5.453125, 3.4609375, 3.908203125, 1.685546875, 7.53515625, 5.08984375, 4.11328125, 2.486328125, 6.8828125, 0.438720703125, 3.423828125, 0.221435546875, 0.004840850830078125, 0.0303802490234375, 0.06927490234375, 0.0176544189453125, 0.0560302734375, 8.0390625, 0.76611328125, 3.640625, 1.5634765625, 0.257568359375, 7.7734375, 4.9921875, 0.7060546875, 3.564453125, 0.2479248046875, 11.8671875, 1.654296875, 0.17578125, 7.9296875, 0.5830078125, 0.040283203125, 0.0213165283203125, 0.01397705078125, 1.64453125, 0.70166015625, 3.892578125, 2.36328125, 0.316650390625, 4.5546875, 0.209228515625, 6.26171875, 2.75390625, 9.453125, 2.861328125, 0.1201171875, 0.576171875, 0.417724609375, 9.078125, 0.333984375, 0.0013456344604492188, 5.40625, 1.935546875, 1.2119140625, 3.517578125, 6.83984375, 0.07769775390625, 7.24609375, 0.375, 1.8984375, 2.525390625, 7.16796875, 7.3125, 1.95703125, 0.384765625, 4.671875, 9.3515625, 3.302734375, 3.564453125, 2.9296875, 3.271484375, 1.810546875, 5.1640625, 12.15625, 10.5078125, 6.3515625, 1.009765625, 1.4501953125, 7.421875, 0.0665283203125, 0.32373046875, 2.673828125, 0.01557159423828125, 0.003673553466796875, 1.0419921875, 0.1383056640625, 1.2763671875, 3.83984375, 4.625, 1.5888671875, 3.7890625, 5.53125, 7.015625, 5.69921875, 5.39453125, 0.52978515625, 0.0285186767578125, 2.4921875, 5.04296875, 4.12109375, 13.7109375, 0.16748046875, 0.0010833740234375, 0.492919921875, 1.0283203125, 0.61865234375, 3.28515625, 0.345458984375, 0.007190704345703125, 0.009490966796875, 0.0051727294921875, 0.134033203125, 0.69775390625, 0.64599609375, 9.75, 7.64453125, 6.30859375, 5.72265625, 0.1280517578125, 0.10052490234375, 0.0006976127624511719, 0.01248931884765625, 0.005886077880859375, 1.7490234375, 0.0019407272338867188, 0.034210205078125, 4.74609375, 7.484375, 2.4921875, 4.09375, 8.09375, 3.158203125, 3.015625, 0.2259521484375, 0.007320404052734375, 6.609375, 1.119140625, 0.0183258056640625, 0.058013916015625, 0.459716796875, 0.01861572265625, 0.0156707763671875, 5.3828125, 3.921875, 3.84765625, 6.19140625, 6.09765625, 5.1015625, 0.95068359375, 1.0087890625, 0.046417236328125, 1.431640625, 4.109375, 0.01654052734375, 0.9072265625, 3.994140625, 0.61083984375, 0.86083984375, 3.958984375, 0.205078125, 8.328125, 5.65625, 0.58837890625, 0.4423828125, 0.301025390625, 0.00012171268463134766, 0.006328582763671875, 1.9267578125, 5.1640625, 0.019683837890625, 1.0634765625, 6.0, 5.52734375, 2.037109375, 0.3291015625, 3.2265625, 2.9140625, 4.05859375, 0.48779296875, 0.1461181640625, 2.6484375, 0.003757476806640625, 0.0391845703125, 1.5078125, 7.3359375, 2.943359375, 4.37109375, 5.7109375, 4.15234375, 2.05859375, 0.206298828125, 0.0016202926635742188, 0.03875732421875, 2.6953125, 12.0078125, 6.1484375, 6.0390625, 3.56640625, 2.853515625, 0.0300140380859375, 0.830078125, 1.390625, 0.0025157928466796875, 0.208984375, 4.59765625, 4.0859375, 0.01215362548828125, 0.259765625, 2.62890625, 0.36279296875, 0.0067138671875, 13.78125, 6.5859375, 7.16796875, 0.12127685546875, 0.042694091796875, 0.22900390625, 0.0002040863037109375, 0.11279296875, 0.40478515625, 3.134765625, 0.389892578125, 0.2427978515625, 2.390625, 0.638671875, 0.061187744140625, 0.025115966796875, 0.03961181640625, 0.5419921875, 8.0078125, 5.61328125, 0.131591796875, 0.07293701171875, 0.057403564453125, 0.004253387451171875, 0.07696533203125, 0.3173828125, 7.3984375, 2.00390625, 0.23681640625, 7.35546875, 3.33203125, 0.004001617431640625, 0.0005316734313964844, 7.14453125, 9.0625, 2.431640625, 9.5703125, 3.515625, 9.9140625, 4.015625, 2.3203125, 0.7314453125, 0.0010929107666015625, 0.0304412841796875, 13.265625, 10.703125, 3.158203125, 0.425537109375, 9.8125, 1.40625, 5.31640625, 0.2164306640625, 0.041168212890625, 0.260009765625, 5.7734375, 1.70703125, 0.60400390625, 2.783203125, 5.78125, 1.0478515625, 0.59228515625, 0.395751953125, 0.69775390625, 1.1103515625, 0.42333984375, 1.2529296875, 4.890625, 1.7744140625, 0.08221435546875, 0.0355224609375, 0.364990234375, 6.3125, 3.69140625, 5.9921875, 3.82421875, 5.47265625, 3.49609375, 3.576171875, 0.57421875, 0.00191497802734375, 0.190673828125, 1.0810546875, 6.265625, 0.2880859375, 0.00021588802337646484, 0.0316162109375, 0.30810546875, 4.64453125, 0.246826171875, 0.05364990234375, 1.8271484375, 9.2265625, 4.78125, 6.62109375, 4.0390625, 5.109375, 8.15625, 0.29150390625, 8.2578125, 12.5390625, 10.28125, 8.2734375, 7.66796875, 0.3857421875, 4.47265625, 0.181640625, 0.1397705078125, 2.84765625, 1.4970703125, 0.7587890625, 1.431640625, 0.0036449432373046875, 0.01477813720703125, 0.003215789794921875, 0.031524658203125, 2.853515625, 7.25, 1.060546875, 0.0007381439208984375, 0.0217132568359375, 0.003955841064453125, 0.209716796875, 0.0003509521484375, 0.301025390625, 6.390625, 2.302734375, 0.4912109375, 4.8359375, 5.6328125, 4.58984375, 0.0171966552734375, 0.00373077392578125, 0.464111328125, 3.21875, 1.126953125, 1.326171875, 3.330078125, 0.546875, 0.0277557373046875, 0.1739501953125, 0.05633544921875, 0.58837890625, 0.0024776458740234375, 7.259845733642578e-05, 0.0219268798828125, 0.00044083595275878906, 0.467041015625, 1.3818359375, 11.21875, 1.775390625, 0.056365966796875, 0.00010502338409423828, 0.01119232177734375, 0.0010662078857421875, 0.00036978721618652344, 4.76953125, 0.2025146484375, 0.045806884765625, 1.1328125, 8.8515625, 1.765625, 0.73974609375, 7.953125, 0.74755859375, 0.533203125, 0.00688934326171875, 0.96044921875]",-1.6583106714200646
23,1,test,3.227154937032926,1.3873334479053683,1.9314950013031777,5.306877007565256,2.281392780999939,3.176236224365226,25.207836969752222,18.91242260894672,21.554430777711467,41.45288746137032,31.100428290267935,35.44506394556996,3.196627276027622,1.2806797473175793,1.8417311445662508,5.2566759650232004,2.106006695588908,3.028624548842279,24.449928119715477,17.656555455697212,20.573569815665646,40.206548463532116,29.035224527146525,33.83209258576128,3.227154937032926,1.3873334479053683,1.9314950013031777,5.306877007565256,2.281392780999939,3.176236224365226,25.207836969752222,18.91242260894672,21.554430777711467,41.45288746137032,31.100428290267935,35.44506394556996,0.6381909547738693,-0.0018090452261306789,-0.0018090452261306789,0.5276381909547738,0.0026381909547738003,-0.007361809045226098,0.42713567839195976,0.007135678391959721,0.01713567839195973,0.3830508474576271,0.08355846167082503,0.14291555997171956,0.36734693877551017,0.37688442211055273,0.07362627674714417,0.12479761075829898,0.3484848484848485,0.3830508474576271,0.08355846167082503,0.14291555997171956,0.36734693877551017,24.0,5.0,7.0,30.0,0.0,1.0,42.0,3.0,5.0,-0.0006567418164510378,-0.00048616079271069095,8.485126750850942e-05,0.00035656283511986686,-0.00011913993074319507,2.6287545484393604e-05,"[3.0625, 9.453125, 2.48046875, 1.494140625, 1.81640625, 7.23046875, 7.55078125, 0.63916015625, 8.3125, 1.890625, 2.232421875, 1.8232421875, 7.8828125, 2.025390625, 7.86328125, 5.4375, 4.54296875, 5.20703125, 1.265625, 4.625, 4.953125, 2.3515625, 2.984375, 0.5986328125, 5.33984375, 0.77392578125, 13.9140625, 2.109375, 0.822265625, 1.0908203125, 0.412841796875, 6.03515625, 2.708984375, 9.2265625, 1.0107421875, 7.6875, 11.28125, 1.619140625, 0.428955078125, 11.2109375, 2.353515625, 8.75, 2.98828125, 0.3837890625, 2.07421875, 0.9921875, 7.65625, 0.1412353515625, 3.078125, 3.97265625, 0.271484375, 0.00505828857421875, 0.255615234375, 6.20703125, 8.484375, 3.1484375, 6.5859375, 3.732421875, 0.135498046875, 8.5, 5.0703125, 2.10546875, 0.46240234375, 1.287109375, 6.46484375, 4.0390625, 0.253662109375, 7.2578125, 4.9609375, 1.9755859375, 3.318359375, 2.732421875, 1.322265625, 4.16796875, 0.1871337890625, 0.7568359375, 8.8125, 3.359375, 2.46875, 10.0546875, 1.376953125, 2.765625, 0.0204620361328125, 3.35546875, 0.81201171875, 4.48046875, 11.25, 2.431640625, 4.5078125, 6.62890625, 2.041015625, 0.8779296875, 7.765625, 0.51123046875, 8.6015625, 2.548828125, 2.931640625, 2.865234375, 0.27734375, 6.73046875, 0.478515625, 2.84765625, 2.853515625, 7.55078125, 3.0546875, 2.48828125, 8.4375, 5.08984375, 2.16796875, 0.00513458251953125, 0.06292724609375, 7.27734375, 4.96484375, 0.5390625, 5.86328125, 0.127685546875, 11.375, 0.81005859375, 8.0234375, 4.796875, 2.318359375, 4.66015625, 7.6796875, 0.25732421875, 2.53125, 0.0006198883056640625, 3.060546875, 0.0023403167724609375, 1.203125, 7.90625, 0.244384765625, 0.98779296875, 0.78466796875, 0.1207275390625, 0.10809326171875, 4.40234375, 0.7255859375, 1.1435546875, 0.0297698974609375, 0.0132598876953125, 9.6640625, 0.84765625, 2.83984375, 2.0703125, 0.0596923828125, 0.76025390625, 1.55078125, 4.02734375, 0.8525390625, 0.00567626953125, 0.00901031494140625, 0.004245758056640625, 0.038787841796875, 0.03204345703125, 6.35546875, 4.19921875, 6.38671875, 0.313232421875, 0.1573486328125, 0.09722900390625, 0.28857421875, 0.00023090839385986328, 0.5224609375, 7.78515625, 2.697265625, 0.81787109375, 8.625, 0.29638671875, 5.40234375, 4.9765625, 3.34375, 7.84375, 5.515625, 0.7685546875, 1.7744140625, 0.057647705078125, 0.00930023193359375, 0.38671875, 1.30859375, 0.0028743743896484375, 0.0003330707550048828, 0.0025787353515625, 0.00023353099822998047, 0.426513671875, 2.181640625, 1.0810546875, 0.014495849609375, 0.0001430511474609375, 0.007049560546875, 0.00020802021026611328, 0.00015175342559814453, 6.796875, 0.0224761962890625, 11.1015625, 2.62890625, 1.5224609375, 7.51953125, 3.19921875, 3.2421875, 2.708984375, 0.609375, 2.97265625, 7.6796875, 0.708984375, 3.900390625, 10.5859375, 8.6328125, 1.1318359375, 2.095703125, 6.1484375, 0.041259765625, 1.064453125, 1.87890625, 1.220703125, 3.46484375, 1.5107421875, 4.875, 7.39453125, 4.375, 8.59375, 0.38330078125, 5.33984375, 0.6123046875, 8.046875, 0.07867431640625, 4.1953125, 0.006992340087890625, 12.15625, 2.51171875, 3.734375, 4.78515625, 0.299072265625, 0.73193359375, 1.08203125, 5.8671875, 1.25, 5.0, 0.2255859375, 7.2265625, 2.63671875, 0.06048583984375, 3.916015625, 1.189453125, 1.634765625, 0.01546478271484375, 0.99609375, 4.58984375, 7.1640625, 2.197265625, 3.42578125, 7.43359375, 0.8134765625, 1.5341796875, 4.73828125, 1.2685546875, 0.193359375, 0.0007200241088867188, 0.01419830322265625, 2.0234375, 0.95166015625, 11.1171875, 0.0240478515625, 1.1142578125, 5.2421875, 0.765625, 0.039886474609375, 0.0004177093505859375, 0.061065673828125, 0.53125, 2.013671875, 1.263671875, 3.78515625, 6.625, 4.80859375, 8.6875, 0.326904296875, 5.59375, 1.181640625, 1.0673828125, 8.609375, 0.60546875, 6.91015625, 1.55859375, 0.5458984375, 4.55078125, 1.5009765625, 6.96875, 2.2578125, 15.5, 4.6796875, 4.66796875, 5.69921875, 1.9482421875, 1.6689453125, 1.779296875]",-1.7081387374360681
465,1,test,3.1641069860834823,1.2678717389176168,1.668819639966058,5.823791119313076,2.3336189977179322,3.071595569212889,23.667599097510912,17.006828073877557,19.206980987501918,43.56210268672298,31.302422686702165,35.35197949873541,2.8873914779730177,1.1598082297581047,1.6544736971048186,5.31447416960251,2.1347194953518738,3.0451907178595934,17.94643482064512,12.319396513227986,14.515208308869227,33.03184380031783,22.6748312634776,26.716397901831765,3.1138671684424613,1.328893027846947,1.8746219219806417,5.731320730321631,2.4459335440081484,3.4503910737904557,22.507918225690666,16.548492387303916,19.054911913414557,41.427617603807455,30.458819321559375,35.07208424642969,0.5628140703517588,-0.012185929648241167,-0.017185929648241283,0.46733668341708545,-0.0076633165829145256,0.0023366834170854833,0.40703517587939697,0.0020351758793969443,0.0020351758793969443,0.43947368421052635,0.12541323742997446,0.16870144569635237,0.4379947229551451,0.40703517587939697,0.13635848415007368,0.17331230442697632,0.3737373737373737,0.43143812709030105,0.14262343593838123,0.2056316754773978,0.41946308724832215,26.0,9.0,9.0,36.0,10.0,9.0,44.0,8.0,8.0,-0.0007470780215742417,-2.376214837308046e-06,-0.00014379071608471277,0.015818849574842808,0.012182849383703953,0.014275430762956454,"[3.056640625, 9.4453125, 2.4296875, 1.0791015625, 0.80224609375, 3.9921875, 1.169921875, 0.048431396484375, 0.67578125, 7.59375, 5.16796875, 0.64599609375, 0.460205078125, 8.6796875, 1.5283203125, 8.1953125, 3.8828125, 10.109375, 0.00457000732421875, 0.1683349609375, 4.26953125, 0.0141754150390625, 0.5751953125, 0.095458984375, 0.0032863616943359375, 0.7890625, 2.23828125, 5.48046875, 2.283203125, 2.98828125, 9.7265625, 1.4130859375, 5.72265625, 0.70068359375, 4.05078125, 0.0391845703125, 0.5029296875, 4.72265625, 1.583984375, 0.304931640625, 4.2109375, 0.12109375, 0.006046295166015625, 5.53125, 7.28515625, 0.51708984375, 6.36328125, 2.458984375, 6.1484375, 2.587890625, 7.078125, 3.169921875, 2.16796875, 4.92578125, 1.9794921875, 10.1484375, 6.48828125, 11.4296875, 7.41796875, 2.669921875, 5.4765625, 3.767578125, 9.984375, 3.49609375, 3.638671875, 5.62890625, 1.400390625, 9.1484375, 0.10675048828125, 0.264404296875, 8.953125, 5.79296875, 6.55859375, 3.2890625, 4.3828125, 5.97265625, 0.5078125, 10.0625, 0.79833984375, 3.83984375, 4.6796875, 5.6484375, 6.984375, 5.17578125, 6.86328125, 1.337890625, 0.0017938613891601562, 0.3359375, 0.0002884864807128906, 0.0017108917236328125, 0.008209228515625, 0.85498046875, 3.373046875, 0.375244140625, 1.7568359375, 9.1328125, 4.43359375, 5.46875, 2.369140625, 0.0267333984375, 1.6357421875, 2.775390625, 6.01953125, 4.1875, 0.08673095703125, 8.0546875, 7.5078125, 4.46484375, 4.67578125, 0.1898193359375, 0.0220489501953125, 1.904296875, 9.265625, 7.35546875, 3.9296875, 5.6953125, 1.1708984375, 2.1171875, 0.02484130859375, 1.4638671875, 4.60546875, 0.104736328125, 0.10888671875, 0.8759765625, 0.314208984375, 0.308349609375, 0.007495880126953125, 0.80712890625, 1.556640625, 0.06524658203125, 3.20703125, 6.8046875, 4.40625, 0.84033203125, 7.2109375, 5.6875, 1.99609375, 1.0947265625, 3.541015625, 4.62109375, 0.21142578125, 0.86572265625, 0.30517578125, 6.4765625, 0.50341796875, 0.47265625, 0.7529296875, 3.70703125, 0.09991455078125, 0.4814453125, 0.75439453125, 0.86572265625, 1.513671875, 0.0174560546875, 3.119140625, 0.001583099365234375, 1.4501953125, 0.01352691650390625, 0.043182373046875, 0.00830841064453125, 0.0689697265625, 4.60546875, 10.90625, 0.354736328125, 0.08563232421875, 0.2000732421875, 0.0088043212890625, 0.0057373046875, 0.00336456298828125, 0.5361328125, 0.00022518634796142578, 0.334716796875, 7.21484375, 0.033660888671875, 7.140625, 3.328125, 1.4208984375, 10.8046875, 0.10052490234375, 0.029693603515625, 0.00873565673828125, 2.412109375, 0.037628173828125, 6.078125, 0.008636474609375, 0.046295166015625, 0.002811431884765625, 0.00010097026824951172, 0.10040283203125, 0.36962890625, 0.0040283203125, 0.000286102294921875, 0.00847625732421875, 1.537799835205078e-05, 5.7109375, 1.580078125, 0.12225341796875, 7.9765625, 0.98388671875, 1.6025390625, 5.00390625, 1.599609375, 0.050567626953125, 5.5, 5.34375, 4.265625, 0.005401611328125, 0.0288238525390625, 0.00281524658203125, 0.0002880096435546875, 15.1640625, 10.1796875, 0.564453125, 1.125, 8.9921875, 0.8505859375, 4.7265625, 0.72412109375, 8.7421875, 0.2044677734375, 0.0207366943359375, 0.05548095703125, 6.1328125, 1.0966796875, 5.734375, 4.2734375, 0.70166015625, 6.21484375, 8.2421875, 0.38720703125, 3.2421875, 0.1531982421875, 8.0234375, 0.533203125, 7.37109375, 4.8125, 3.302734375, 0.280517578125, 10.984375, 7.11328125, 6.359375, 2.419921875, 0.6396484375, 0.022430419921875, 2.4453125, 12.59375, 1.2822265625, 0.1112060546875, 0.5654296875, 1.0341796875, 10.0546875, 3.005859375, 4.171875, 0.92041015625, 6.42578125, 4.11328125, 3.611328125, 0.4423828125, 4.625, 2.083984375, 2.95703125, 0.96240234375, 5.95703125, 3.080078125, 5.96484375, 3.673828125, 0.052520751953125, 0.004486083984375, 0.97998046875, 0.1781005859375, 0.00783538818359375, 0.00022470951080322266, 0.00042557716369628906, 7.4921875, 3.876953125, 0.292236328125, 4.734375, 4.1015625, 4.84375, 4.125, 7.453125, 3.68359375, 3.759765625, 2.1015625, 0.0002663135528564453, 5.8125, 11.9140625, 3.091796875, 3.92578125, 2.181640625, 2.1484375, 0.77587890625, 3.224609375, 1.02734375, 1.7109375, 4.8359375, 6.49609375, 0.51806640625, 8.9609375, 2.681640625, 2.203125, 2.798828125, 2.123046875, 4.1015625, 10.8203125, 3.423828125, 3.5, 0.441650390625, 6.18359375, 0.97509765625, 7.8515625, 0.5576171875, 5.3125, 0.0029201507568359375, 0.0243682861328125, 1.1611328125, 0.021820068359375, 0.08746337890625, 0.0032634735107421875, 0.00021469593048095703, 0.051239013671875, 2.51171875, 8.234375, 4.69140625, 0.625, 4.4921875, 2.779296875, 2.8125, 7.8671875, 2.7265625, 5.46875, 6.29296875, 4.1640625, 2.1640625, 5.046875, 7.26171875, 5.9453125, 2.79296875, 4.8984375, 8.609375, 0.024871826171875, 6.78515625, 1.734375, 0.79443359375, 3.4296875, 3.7578125, 0.94287109375, 7.578125, 3.51953125, 4.22265625, 8.171875, 4.12109375, 0.43603515625, 2.25, 6.12890625, 0.0165557861328125, 3.369140625, 7.15625, 1.4853515625, 7.875, 1.15234375, 3.34375, 0.59814453125, 5.96875, 1.982421875, 6.61328125, 0.080810546875, 5.68359375, 0.0126190185546875, 5.45703125, 2.876953125, 5.4453125, 6.12109375, 1.376953125, 0.07757568359375, 1.376953125, 5.5078125, 4.15625, 0.8212890625, 2.755859375]",-1.1544121293645158
322,1,test,3.2007704425502466,1.3412297744565227,1.8076605839898243,6.633999073665595,2.7798672978959216,3.74660378022472,24.551438385139416,18.130651563412044,20.524083281948656,50.88594212785879,37.57805435768641,42.53874244470922,3.5337486362936508,1.5376326661601107,2.1576398850205356,7.3241382349996895,3.186936978465928,4.47197987342245,34.25212601778248,26.89171357101569,30.29266166656535,70.99183660668882,55.736456619255975,62.78534904075835,3.2640652321652825,1.4559286675029415,1.9991336057711402,6.765185481191731,3.0175951711932476,4.14345568570443,26.155650099567723,20.056578488665735,22.612799609203293,54.21087255273533,41.56977999606138,46.867869581086154,0.7236180904522613,-0.011381909547738656,-0.006381909547738651,0.6180904522613065,-0.006909547738693456,0.0030904522613065533,0.507537688442211,-0.0024623115577889765,-0.0024623115577889765,0.427027027027027,0.09099463836305943,0.15625478851285302,0.38482384823848237,0.44723618090452266,0.11640911323534975,0.19181047138866292,0.4242424242424242,0.4147157190635451,0.09251204627556509,0.16666232640503564,0.3791946308724832,23.0,11.0,11.0,36.0,15.0,15.0,43.0,15.0,15.0,-0.000524043145786565,-0.00010091018296330567,-0.000260772876442127,-0.00022666128791914986,0.00017137444798898116,-9.376856957832302e-05,"[3.056640625, 9.4453125, 2.4296875, 1.0791015625, 0.80224609375, 6.9921875, 8.0, 0.27197265625, 3.447265625, 0.1646728515625, 8.5078125, 2.349609375, 7.859375, 2.91015625, 11.0625, 5.65625, 6.0703125, 0.658203125, 4.2578125, 2.65234375, 1.2314453125, 4.30078125, 6.625, 4.8203125, 4.91015625, 2.63671875, 0.60400390625, 9.6640625, 4.171875, 2.267578125, 3.89453125, 3.1171875, 4.8359375, 2.703125, 1.142578125, 5.7734375, 1.0322265625, 0.0845947265625, 6.2265625, 5.0703125, 5.375, 2.06640625, 6.65234375, 1.1171875, 4.69140625, 9.1640625, 5.296875, 13.0078125, 1.76171875, 3.33203125, 2.20703125, 9.4453125, 0.953125, 2.1953125, 4.4140625, 3.650390625, 0.1141357421875, 9.21875, 1.970703125, 1.9921875, 6.1171875, 3.060546875, 0.78564453125, 0.0160369873046875, 4.6640625, 2.83203125, 4.25390625, 1.6005859375, 1.966796875, 4.375, 9.8515625, 4.86328125, 0.026031494140625, 5.55078125, 1.9013671875, 1.458984375, 7.03125, 5.2265625, 0.435791015625, 0.0721435546875, 0.039794921875, 0.006195068359375, 8.171875, 1.2861328125, 1.32421875, 3.578125, 4.3515625, 0.06842041015625, 0.90673828125, 3.54296875, 3.876953125, 0.07781982421875, 8.1875, 8.25, 4.9296875, 2.37109375, 0.1942138671875, 0.84130859375, 8.5859375, 1.7958984375, 0.447998046875, 5.05859375, 4.33984375, 10.0234375, 0.9580078125, 1.84765625, 5.6875, 5.25390625, 2.44921875, 0.9033203125, 0.244140625, 0.01042938232421875, 0.0088958740234375, 0.002948760986328125, 3.64453125, 0.1986083984375, 0.0028514862060546875, 1.62109375, 3.16796875, 3.76953125, 3.533203125, 4.75, 0.0775146484375, 6.2890625, 3.64453125, 3.310546875, 1.1376953125, 3.115234375, 0.5068359375, 4.7578125, 0.08526611328125, 2.548828125, 4.828125, 1.8876953125, 2.87890625, 6.12890625, 2.23046875, 0.047210693359375, 9.3671875, 6.2890625, 2.259765625, 0.580078125, 5.16796875, 3.8671875, 5.1015625, 1.67578125, 3.541015625, 0.50341796875, 6.46875, 5.5546875, 0.4267578125, 0.0635986328125, 3.4375, 0.845703125, 3.8671875, 0.281494140625, 4.52734375, 0.57568359375, 0.028167724609375, 0.0011997222900390625, 0.0184173583984375, 0.004497528076171875, 4.0234375, 2.125, 5.9609375, 8.609375, 4.203125, 2.078125, 1.314453125, 4.828125, 0.88330078125, 5.17578125, 6.21484375, 0.5458984375, 0.061981201171875, 3.392578125, 7.28125, 6.9296875, 6.046875, 0.9365234375, 3.099609375, 4.90625, 0.5205078125, 0.004791259765625, 1.0, 0.153076171875, 11.8828125, 9.84375, 10.921875, 2.2734375, 2.673828125, 0.224365234375, 9.703125, 6.3125, 4.68359375, 6.0390625, 0.005588531494140625, 9.453125, 0.6259765625, 0.085205078125, 0.011260986328125, 0.0027790069580078125, 7.70703125, 5.578125, 6.08984375, 0.44140625, 2.38671875, 8.5234375, 2.908203125, 1.5810546875, 3.166015625, 4.95703125, 3.935546875, 0.37060546875, 0.235595703125, 0.03363037109375, 0.03948974609375, 11.4609375, 5.79296875, 0.020233154296875, 7.1328125, 0.25, 1.298828125, 3.0859375, 1.107421875, 0.89111328125, 0.1610107421875, 3.3515625, 0.3525390625, 0.2374267578125, 6.1171875, 0.2061767578125, 2.3828125, 3.974609375, 10.625, 0.8232421875, 1.13671875, 0.1558837890625, 0.57421875, 3.328125, 0.1951904296875, 2.419921875, 4.33984375, 0.297119140625, 0.7197265625, 0.00432586669921875, 1.9150390625, 2.31640625, 2.294921875, 6.75, 5.26171875, 2.41015625, 3.255859375, 2.38671875, 0.7666015625, 7.9453125, 5.16015625, 0.69970703125, 0.0616455078125, 2.455078125, 0.3994140625, 2.49609375, 2.78515625, 0.8642578125, 2.642578125, 0.020660400390625, 4.57421875, 0.6669921875, 7.015625, 0.007419586181640625, 11.4453125, 0.04962158203125, 2.685546875, 0.92919921875, 5.6484375, 0.52099609375, 8.4375, 3.330078125, 7.05859375, 4.6953125, 6.34765625, 0.020538330078125, 3.9765625, 2.375, 0.146484375, 7.32421875, 5.61328125, 5.48828125, 3.05078125, 0.65869140625, 2.787109375, 0.0095367431640625, 0.0014553070068359375, 1.2763671875, 0.625, 2.7734375, 2.4765625, 0.2066650390625, 0.0024089813232421875, 0.0095367431640625, 0.006481170654296875, 0.05694580078125, 3.11328125, 8.2734375, 3.638671875, 1.66015625, 0.052032470703125, 2.77734375, 3.203125, 1.2333984375, 5.68359375, 0.85888671875, 0.7119140625, 2.1171875, 2.62109375, 6.17578125, 1.4267578125, 2.26953125, 2.974609375, 4.6640625, 3.349609375, 0.178955078125, 3.37109375, 8.5234375, 4.328125, 4.0, 3.56640625, 0.135986328125, 0.019927978515625, 0.0009593963623046875, 0.002353668212890625, 0.0014324188232421875, 3.484375, 1.0888671875, 4.28515625, 5.875, 1.6474609375, 0.162353515625, 3.291015625, 0.13720703125, 4.0390625, 1.8515625, 0.06396484375, 1.244140625, 14.21875, 5.73828125, 2.0859375, 2.357421875, 5.5625, 3.89453125, 8.203125, 0.7333984375, 0.1600341796875, 2.8203125, 0.61181640625, 5.484375, 5.08984375, 3.787109375, 0.01322174072265625, 0.0018053054809570312, 0.400146484375, 2.755859375, 8.484375, 4.58203125, 3.05859375, 7.37890625, 7.30859375, 2.3828125, 0.051849365234375, 2.65625]",-1.2486128162693335
462,1,test,3.176507657393813,1.2377972812152085,1.7389001602310834,5.42371786182667,2.113473017394053,2.9690795289052008,23.962920522130744,17.013137938346738,19.7523106617007,40.91541216810622,29.049028075581397,33.726019800031516,3.507212791011561,1.3677868491355585,1.9578837798220414,5.988379286780379,2.3354232902793317,3.3429824112918904,33.35517027270911,24.860610414847265,28.64686037351583,56.95217902946609,42.448169910457295,48.912990318609474,3.1931411705686896,1.2617941785472786,1.7671060320979795,5.452118700811433,2.1544464431578536,3.017239554805593,24.364841488482625,17.466044878646606,20.202677458752447,41.60167083937725,29.82234258534873,34.49499715031668,0.7185929648241206,-0.0014070351758793676,0.003592964824120526,0.6281407035175879,0.003140703517587884,-0.0018592964824121205,0.49246231155778897,-0.007537688442211032,0.007462311557788981,0.4125,0.0926872074882995,0.14015072765072767,0.335423197492163,0.4120603015075377,0.061183108525081575,0.11656781402840577,0.3535353535353535,0.4180602006688964,0.09084818063550737,0.14442282580793975,0.32885906040268453,25.0,5.0,5.0,36.0,5.0,6.0,48.0,11.0,11.0,-0.0019706498114098353,-0.00011298546204124571,-0.0002945237191107304,0.01569888260950325,0.014880508970531281,0.014564956815883434,"[3.056640625, 9.4453125, 2.4296875, 1.0791015625, 0.80224609375, 10.9921875, 11.7265625, 3.2890625, 2.396484375, 0.0036468505859375, 5.7109375, 0.348876953125, 7.3671875, 4.40625, 2.6796875, 10.0390625, 1.8271484375, 5.01953125, 11.2265625, 0.61474609375, 8.46875, 7.03125, 4.16015625, 4.76953125, 0.61083984375, 4.20703125, 2.900390625, 4.10546875, 4.0546875, 1.6220703125, 1.892578125, 2.80859375, 7.82421875, 9.046875, 1.4794921875, 4.90234375, 2.4375, 1.9375, 2.1640625, 6.5390625, 9.0078125, 6.734375, 3.59375, 0.42919921875, 1.1630859375, 3.115234375, 2.90234375, 4.5625, 4.09765625, 7.5390625, 1.23046875, 3.125, 6.9765625, 2.2734375, 2.4375, 9.3046875, 3.900390625, 5.078125, 0.57958984375, 10.1640625, 3.435546875, 10.015625, 5.63671875, 0.5341796875, 6.34765625, 5.73828125, 5.54296875, 8.3984375, 0.81591796875, 7.72265625, 4.98046875, 4.41015625, 1.7001953125, 1.9462890625, 0.0175628662109375, 0.76806640625, 0.0010280609130859375, 0.003345489501953125, 0.0018815994262695312, 6.21875, 7.42578125, 2.951171875, 3.0859375, 6.1015625, 2.435546875, 10.140625, 3.376953125, 0.0229034423828125, 0.65185546875, 0.0013475418090820312, 1.24609375, 4.2578125, 7.8984375, 1.697265625, 0.18212890625, 5.0390625, 0.779296875, 3.6171875, 0.66650390625, 2.962890625, 0.0124053955078125, 0.0178070068359375, 0.12371826171875, 3.341796875, 0.0894775390625, 0.003368377685546875, 0.006214141845703125, 3.230571746826172e-05, 0.7158203125, 0.3798828125, 0.006626129150390625, 0.0002751350402832031, 0.0006766319274902344, 1.55078125, 4.12890625, 0.0151824951171875, 3.267578125, 7.87890625, 2.60546875, 7.15234375, 5.26171875, 5.19140625, 0.546875, 9.359375, 1.94140625, 4.3828125, 4.63671875, 5.98828125, 0.0012226104736328125, 0.3974609375, 11.359375, 3.4453125, 1.7216796875, 3.61328125, 3.19921875, 1.4921875, 6.19921875, 2.45703125, 0.2056884765625, 7.99609375, 0.34619140625, 6.04296875, 10.8984375, 6.33984375, 4.86328125, 7.75, 7.03515625, 2.755859375, 2.330078125, 5.85546875, 7.828125, 4.59765625, 0.08001708984375, 2.92578125, 2.302734375, 5.34765625, 4.94921875, 2.64453125, 0.59716796875, 2.326171875, 4.79296875, 3.0390625, 0.052703857421875, 1.275390625, 0.040069580078125, 0.010040283203125, 3.130859375, 0.6162109375, 8.2421875, 0.04083251953125, 0.01104736328125, 0.76220703125, 2.53125, 3.353515625, 6.9296875, 0.54931640625, 0.76953125, 9.546875, 0.28271484375, 3.0234375, 3.314453125, 2.421875, 6.75, 8.03125, 0.99560546875, 0.75, 0.8203125, 1.1953125, 0.880859375, 0.9853515625, 2.345703125, 2.37109375, 3.3671875, 5.19140625, 0.51171875, 2.146484375, 1.052734375, 0.09356689453125, 5.54296875, 4.03125, 1.2333984375, 1.6787109375, 3.875, 3.873046875, 0.341796875, 1.1220703125, 1.021484375, 2.04296875, 3.740234375, 8.5859375, 3.30078125, 3.646484375, 0.01467132568359375, 0.8642578125, 0.0899658203125, 4.44140625, 4.03125, 7.87890625, 0.15576171875, 5.59765625, 1.548828125, 1.6376953125, 3.36328125, 11.6484375, 0.044342041015625, 2.07421875, 0.08001708984375, 3.173828125, 0.748046875, 0.10504150390625, 0.89404296875, 0.281494140625, 1.0146484375, 3.228515625, 0.27294921875, 0.007579803466796875, 0.00461578369140625, 0.0931396484375, 0.77001953125, 0.6962890625, 0.23193359375, 0.79833984375, 0.2369384765625, 1.7626953125, 5.3203125, 0.58984375, 1.5263671875, 7.76171875, 0.424072265625, 6.53515625, 0.164306640625, 1.8837890625, 0.8251953125, 7.03515625, 0.2474365234375, 1.0341796875, 0.030181884765625, 0.4384765625, 0.79736328125, 5.55859375, 0.80859375, 3.2734375, 5.67578125, 4.58203125, 1.720703125, 2.3671875, 1.78515625, 1.2109375, 0.3701171875, 3.28125, 0.107666015625, 2.619140625, 4.85546875, 6.2890625, 0.0087738037109375, 1.2998046875, 0.0889892578125, 0.01351165771484375, 0.0147247314453125, 2.177734375, 2.08203125, 3.91796875, 0.319091796875, 3.03515625, 7.1171875, 3.0, 0.08746337890625, 2.68359375, 3.2890625, 9.171875, 5.05078125, 8.296875, 6.91796875, 1.294921875, 8.1171875, 6.7421875, 1.2548828125, 0.560546875, 0.71240234375, 0.10443115234375, 0.00676727294921875, 0.0139007568359375, 0.185791015625, 3.955078125, 4.1875, 2.486328125, 8.5859375, 1.4365234375, 0.1883544921875, 2.65234375, 0.9951171875, 3.2265625, 10.0390625, 2.21484375, 0.6259765625, 3.353515625, 11.3125, 0.873046875, 1.697265625, 4.9921875]",-0.9360292498022318
22,1,test,3.5582177976995593,1.616571157266607,2.237875566902745,5.754648537020275,2.614454587678093,3.619280237830366,35.100585024569,28.130366053975642,31.35588231398403,56.76761281751283,45.494789544084064,50.71136522385072,3.540918378973726,1.557815363903454,2.176668795894982,5.726670464759977,2.51942978606608,3.5202915094104026,34.49858742422542,27.23333519322805,30.585801694823736,55.79401176016703,44.04403592978857,49.465926197801345,3.5582177976995593,1.616571157266607,2.237875566902745,5.754648537020275,2.614454587678093,3.619280237830366,35.100585024569,28.130366053975642,31.35588231398403,56.76761281751283,45.494789544084064,50.71136522385072,0.7487437185929648,-0.011256281407035162,-0.006256281407035158,0.6281407035175879,-0.0018592964824121205,0.013140703517587893,0.5125628140703518,-0.012437185929648265,-0.0024371859296482556,0.4367816091954023,0.10790971626997214,0.17945676843107106,0.4192307692307692,0.4321608040201005,0.09632120502260677,0.17005729817702875,0.40909090909090906,0.4367816091954023,0.10790971626997214,0.17945676843107106,0.4192307692307692,21.0,2.0,2.0,32.0,0.0,1.0,44.0,5.0,4.0,-6.067325703441182e-06,6.850153636793409e-06,-9.942077640747074e-05,0.00012094549186336678,0.00017278787436758591,-9.286739145242251e-05,"[3.0625, 9.453125, 2.48046875, 5.4921875, 0.79443359375, 0.078125, 4.32421875, 13.171875, 7.7265625, 9.1015625, 3.859375, 4.5234375, 1.396484375, 0.2440185546875, 6.7578125, 2.82421875, 1.9052734375, 5.06640625, 0.2088623046875, 8.4375, 4.125, 5.69921875, 6.1796875, 2.875, 2.38671875, 0.1644287109375, 6.7109375, 0.76904296875, 3.16015625, 6.0078125, 0.49072265625, 2.9296875, 4.25, 1.6083984375, 2.859375, 3.677734375, 2.501953125, 7.23046875, 7.21484375, 0.0762939453125, 1.001953125, 7.07421875, 0.0182952880859375, 0.9130859375, 2.978515625, 0.2100830078125, 6.6328125, 1.8583984375, 5.71875, 5.34765625, 0.0660400390625, 3.076171875, 0.978515625, 8.2578125, 2.36328125, 3.421875, 5.02734375, 6.6640625, 0.013671875, 3.728515625, 5.66015625, 5.7578125, 1.591796875, 3.828125, 5.36328125, 0.59130859375, 4.48828125, 4.39453125, 0.99951171875, 4.36328125, 4.37109375, 0.8896484375, 4.171875, 0.039031982421875, 11.234375, 4.42578125, 4.77734375, 0.87841796875, 2.623046875, 1.8427734375, 6.31640625, 4.44140625, 7.93359375, 13.8828125, 7.66796875, 2.21875, 0.87060546875, 2.609375, 0.04901123046875, 0.81201171875, 8.3046875, 1.2548828125, 0.916015625, 3.35546875, 1.513671875, 0.334716796875, 4.578125, 3.8125, 0.599609375, 3.841796875, 2.9921875, 0.67919921875, 3.3671875, 0.005748748779296875, 1.923828125, 4.8203125, 2.61328125, 1.4248046875, 4.50390625, 1.5986328125, 7.625, 3.767578125, 0.96533203125, 6.3203125, 4.5859375, 3.271484375, 4.0234375, 2.015625, 3.162109375, 2.34765625, 0.147216796875, 5.70703125, 0.01114654541015625, 0.54736328125, 6.96484375, 1.5712890625, 0.220703125, 0.9873046875, 1.234375, 0.004791259765625, 0.4296875, 0.1878662109375, 5.72265625, 0.052337646484375, 6.734375, 3.6484375, 7.2109375, 4.2734375, 1.6279296875, 3.998046875, 0.7685546875, 0.6962890625, 1.6728515625, 2.0859375, 1.294921875, 4.59375, 0.89111328125, 10.8515625, 8.2578125, 11.3515625, 1.5166015625, 1.044921875, 6.9140625, 4.703125, 4.078125, 5.3125, 7.2421875, 0.3115234375, 5.97265625, 1.2080078125, 2.0546875, 4.4375, 3.234375, 10.171875, 1.2587890625, 0.113037109375, 2.806640625, 3.392578125, 0.0171051025390625, 8.1640625, 0.96826171875, 5.05078125, 0.66259765625, 10.4765625, 3.142578125, 5.48046875, 2.95703125, 8.46875, 5.41015625, 1.0107421875, 4.8203125, 3.181640625, 2.451171875, 3.052734375, 3.205078125, 4.78515625, 4.734375, 6.66796875, 0.8115234375, 8.96875, 1.505859375, 2.609375, 2.55859375, 1.2236328125, 0.2493896484375, 1.1640625, 8.5859375, 0.220703125, 0.609375, 7.51171875, 1.07421875, 6.26171875, 6.15234375, 4.390625, 5.19140625, 4.68359375, 3.34765625, 2.849609375, 0.0031986236572265625, 7.86328125, 3.21484375, 1.15234375, 2.36328125, 4.2578125, 0.07598876953125, 0.19189453125, 1.9306640625, 0.0109100341796875, 8.8125, 3.767578125, 4.4453125, 1.4677734375, 3.310546875, 2.05859375, 4.23828125, 0.12017822265625, 6.79296875, 5.5859375, 5.359375, 9.5390625, 1.8505859375, 4.33203125, 3.19921875, 0.86474609375, 3.0546875, 2.83984375, 0.26025390625, 0.46923828125, 0.86181640625, 0.00365447998046875, 5.96875, 3.900390625, 3.3359375, 9.59375, 8.703125, 6.6171875, 3.05078125, 0.6171875, 0.261474609375, 0.69189453125, 0.158203125, 10.390625, 0.94580078125, 1.169921875, 8.359375, 2.033203125, 3.025390625, 3.06640625, 1.1357421875, 5.46484375, 4.9140625]",-0.7012092729181165
369,1,test,3.567601515723102,1.5645291656669613,2.151152200335969,6.098313920965104,2.6743429580612585,3.6770926774215815,35.431509238388074,28.019716462907233,31.309052359778384,60.56519066857468,47.89577149078231,53.518429403167964,3.6521707851084035,1.5737399804159895,2.204505603407113,6.242873213953773,2.69008755273078,3.768292829469301,38.55827699901134,30.56635880993008,34.30510447073911,65.90996117564993,52.2488990494864,58.63975985884961,3.4558297662830673,1.4971751219888125,2.0669715869212126,5.907255807390267,2.5592106765030436,3.53319773724956,31.68456856437522,24.59478619744589,27.67430013383727,54.160321634670936,42.04133404193953,47.30533077064794,0.7587939698492463,0.008793969849246297,-0.006206030150753716,0.6030150753768844,0.0030150753768843908,-0.011984924623115623,0.5276381909547738,0.0026381909547738003,0.007638190954773805,0.43063583815028905,0.11606152357597443,0.17745890755400362,0.4,0.4120603015075377,0.09376456215916673,0.14995679566446596,0.38383838383838387,0.43143812709030105,0.11925114879313914,0.181160040327231,0.38590604026845643,25.0,5.0,3.0,35.0,3.0,3.0,46.0,8.0,7.0,-0.0006717828821020848,-4.7747567786020866e-05,-0.00043987861880484834,-0.0003214355252678658,7.840984679496898e-05,-0.0001530413170849343,"[3.056640625, 9.4453125, 2.4296875, 1.0791015625, 10.8046875, 3.333984375, 5.71875, 3.330078125, 8.3203125, 0.1524658203125, 5.40234375, 1.068359375, 0.006130218505859375, 11.46875, 10.0234375, 3.64453125, 0.28271484375, 4.31640625, 0.767578125, 5.9609375, 0.54296875, 7.9140625, 7.94921875, 4.2578125, 6.14453125, 1.8037109375, 7.80859375, 2.263671875, 1.076171875, 1.0673828125, 3.28515625, 7.4921875, 2.248046875, 4.4453125, 7.0390625, 0.15283203125, 7.5546875, 8.1484375, 10.5078125, 0.036224365234375, 5.59375, 0.489501953125, 3.267578125, 5.11328125, 0.1654052734375, 6.76953125, 2.078125, 6.81640625, 9.140625, 7.98046875, 1.857421875, 3.1953125, 5.5625, 1.9814453125, 0.254638671875, 0.69384765625, 4.64453125, 2.76171875, 0.67041015625, 9.6796875, 0.74658203125, 0.51171875, 0.55517578125, 3.759765625, 8.234375, 2.2109375, 6.74609375, 1.1337890625, 8.2265625, 6.546875, 3.859375, 6.265625, 5.23046875, 5.9296875, 3.36328125, 3.0390625, 6.94921875, 4.4140625, 1.408203125, 0.386962890625, 0.623046875, 1.60546875, 1.5224609375, 0.2261962890625, 0.0859375, 0.1641845703125, 3.60546875, 0.53564453125, 6.77734375, 1.8642578125, 2.2421875, 2.927734375, 1.4521484375, 1.7138671875, 3.744140625, 3.86328125, 0.8369140625, 3.607421875, 1.033203125, 0.97216796875, 4.89453125, 0.0299835205078125, 5.171875, 3.767578125, 1.2080078125, 4.46484375, 7.921875, 10.3125, 1.2763671875, 1.1494140625, 3.521484375, 4.92578125, 2.7265625, 9.65625, 4.0, 4.3359375, 2.5625, 1.9052734375, 7.91796875, 6.3359375, 0.2425537109375, 5.9609375, 8.3046875, 6.40234375, 6.5078125, 3.099609375, 0.939453125, 0.14208984375, 9.484375, 0.9794921875, 3.11328125, 6.41015625, 0.08087158203125, 1.6455078125, 2.142578125, 2.17578125, 1.2236328125, 3.396484375, 1.6923828125, 3.45703125, 3.166015625, 2.328125, 0.022430419921875, 4.81640625, 6.1328125, 4.015625, 0.2030029296875, 0.6357421875, 8.625, 11.5078125, 5.765625, 2.548828125, 4.8984375, 1.5361328125, 0.5068359375, 2.892578125, 1.4892578125, 4.4375, 1.9541015625, 4.80078125, 0.0004227161407470703, 1.3984375, 0.004512786865234375, 1.6474609375, 0.0002472400665283203, 0.149169921875, 5.5546875, 0.0034942626953125, 0.011383056640625, 6.046875, 0.0008988380432128906, 0.002948760986328125, 3.2734375, 0.003143310546875, 11.0, 0.0007190704345703125, 0.025543212890625, 4.0390625, 0.5205078125, 4.24609375, 0.34765625, 13.3046875, 4.70703125, 11.234375, 3.642578125, 3.486328125, 0.08087158203125, 7.265625, 9.484375, 0.410888671875, 3.48828125, 0.04425048828125, 3.423828125, 7.21484375, 1.2958984375, 3.12890625, 0.026519775390625, 9.1875, 1.46875, 5.76171875, 8.4609375, 0.1319580078125, 10.6484375, 1.3076171875, 1.3544921875, 6.16796875, 6.49609375, 7.796875, 3.330078125, 0.0023651123046875, 0.78955078125, 0.00016260147094726562, 0.53857421875, 6.89453125, 8.7734375, 6.11328125, 7.61328125, 0.0172882080078125, 0.0009360313415527344, 6.63671875, 0.79443359375, 1.095703125, 0.083740234375, 0.043212890625, 1.2822265625, 0.437744140625, 3.23046875, 5.796875, 6.3828125, 0.30810546875, 0.0101318359375, 0.1646728515625, 0.061614990234375, 0.10955810546875, 0.200439453125, 0.17041015625, 0.07574462890625, 7.69140625, 6.23046875, 0.00983428955078125, 0.0158233642578125, 0.007415771484375, 0.00015079975128173828, 5.625, 7.40234375, 4.08203125, 2.65234375, 8.09375, 5.671875, 5.99609375, 5.17578125, 4.69140625, 5.58203125, 1.2373046875, 1.732421875, 3.271484375, 0.23681640625, 5.71875, 4.98828125, 0.1822509765625, 8.3828125, 7.25390625, 11.6015625, 4.66796875, 3.755859375, 5.078125, 3.677734375, 0.0292205810546875, 5.66796875, 2.8359375, 2.224609375, 2.447265625, 4.25390625, 0.08221435546875, 5.80859375, 0.9423828125, 1.8037109375, 4.0546875, 1.00390625, 0.0706787109375, 0.11810302734375, 1.4423828125, 7.15234375, 1.408203125, 0.06634521484375, 0.0360107421875, 0.38623046875, 1.0263671875, 3.111328125, 0.0015125274658203125, 0.77734375, 2.0078125, 1.779296875, 2.37109375, 2.947265625, 0.293212890625, 0.876953125, 7.00390625, 0.102294921875, 1.3076171875, 6.05078125, 2.1796875, 1.919921875, 9.203125, 0.01287078857421875, 4.515625, 0.1612548828125, 3.228515625, 9.1796875, 0.01323699951171875, 11.515625, 0.10400390625, 0.92724609375, 2.662109375, 7.57421875, 2.60546875, 10.5078125, 2.279296875, 6.44140625, 5.19921875, 1.708984375, 1.423828125, 7.12109375, 6.91015625, 0.34130859375, 0.7861328125, 8.125, 1.6796875, 4.6875, 2.583984375, 5.3359375, 2.744140625, 2.4140625, 4.9296875, 4.21484375, 3.16015625, 3.796875, 5.28125, 2.55078125, 4.0546875, 8.8671875, 4.19921875, 12.3515625, 8.578125, 4.89453125, 1.2021484375]",-1.474733040856488
270,1,test,2.580031555568056,1.1242641895822185,1.3919057500302179,4.86144834776018,2.1184052090739027,2.622711297510642,13.197554609420319,8.909782115156851,9.91662826192896,24.867614472379955,16.788339448466846,18.6854986231717,3.0827309588092056,1.3546500643939645,1.8908891741870897,5.80866435294142,2.55251192689048,3.5629254346951185,21.81790490936999,16.188065630831556,18.52476402777303,41.110589343118455,30.502512554390947,34.90545814492418,2.7341733086467985,1.2160505958093628,1.6667432122263153,5.151891373237255,2.2913545948815313,3.1405763304449557,15.397009598477654,10.833359731303698,12.48911272378236,29.011957900835213,20.412858382595395,23.532726289719545,0.6783919597989949,-0.0016080402010050232,-0.006608040201005139,0.5226130653266332,-0.002386934673366814,-0.002386934673366814,0.39698492462311563,0.0019849246231156137,-0.0030150753768843908,0.37438423645320196,0.10747156732651064,0.13587006245515698,0.32098765432098764,0.38190954773869346,0.0836639337036057,0.1431783290408637,0.3535353535353535,0.3812709030100334,0.10247290634893158,0.15435210434484992,0.325503355704698,24.0,5.0,7.0,37.0,11.0,10.0,40.0,5.0,6.0,8.821106378834624e-05,-0.0010045499042887918,8.12022726194898e-05,0.011802944989754316,0.01741302588716831,0.014193035494240114,"[3.056640625, 9.4453125, 2.48046875, 1.80859375, 0.8740234375, 2.994140625, 3.146484375, 1.9384765625, 1.94921875, 2.4296875, 0.5634765625, 6.203125, 3.2109375, 0.458251953125, 0.7353515625, 9.7109375, 6.12109375, 1.5400390625, 9.1640625, 0.11767578125, 2.59375, 4.85546875, 8.8046875, 0.732421875, 8.0234375, 3.12109375, 4.8046875, 6.22265625, 4.7109375, 5.55078125, 2.779296875, 3.0078125, 0.95556640625, 0.892578125, 6.25390625, 0.24462890625, 0.30078125, 1.140625, 0.35791015625, 1.091796875, 1.2890625, 2.099609375, 6.1953125, 0.431640625, 3.587890625, 2.2578125, 9.1640625, 2.65625, 2.34375, 6.21484375, 5.14453125, 2.35546875, 6.97265625, 1.486328125, 0.5966796875, 2.42578125, 4.48828125, 1.6455078125, 5.640625, 7.22265625, 3.267578125, 0.68798828125, 0.296875, 6.11328125, 0.642578125, 4.48828125, 1.1650390625, 7.01953125, 2.708984375, 3.408203125, 0.5234375, 4.43359375, 2.2265625, 3.2578125, 10.0234375, 0.8623046875, 0.443603515625, 1.7861328125, 0.37353515625, 1.7734375, 6.8671875, 3.400390625, 0.0098724365234375, 0.042266845703125, 0.1444091796875, 0.87841796875, 4.33203125, 1.603515625, 0.09539794921875, 1.26953125, 4.8203125, 0.357421875, 0.01288604736328125, 2.66796875, 1.3251953125, 2.978515625, 0.240234375, 0.16650390625, 1.197265625, 0.2318115234375, 0.19091796875, 5.38671875, 6.08203125, 12.0625, 0.68798828125, 0.3251953125, 8.6015625, 2.50390625, 2.1875, 12.5078125, 10.203125, 7.09375, 5.17578125, 0.7314453125, 5.87109375, 2.90625, 0.87451171875, 0.251708984375, 0.53125, 4.16796875, 3.34375, 3.45703125, 2.982421875, 4.27734375, 1.6943359375, 0.132568359375, 12.3984375, 4.875, 5.88671875, 5.1484375, 2.39453125, 0.02166748046875, 0.3427734375, 0.0006546974182128906, 0.00479888916015625, 0.0035495758056640625, 2.580078125, 0.0019435882568359375, 0.017608642578125, 6.80078125, 1.99609375, 9.359375, 3.3671875, 0.87451171875, 1.55078125, 0.007843017578125, 0.0012826919555664062, 5.578125, 11.46875, 2.763671875, 5.87109375, 7.53515625, 1.1220703125, 0.36328125, 6.640625, 4.1796875, 2.5234375, 1.103515625, 1.0048828125, 6.515625, 10.8515625, 1.33984375, 9.328125, 6.44140625, 1.5625, 0.449951171875, 3.673828125, 0.0016279220581054688, 0.0038433074951171875, 3.337890625, 0.67626953125, 2.86328125, 0.177978515625, 0.002971649169921875, 0.332275390625, 0.72119140625, 2.6953125, 0.0008039474487304688, 0.00485992431640625, 7.91796875, 1.1982421875, 1.1962890625, 7.2890625, 3.625, 1.0185546875, 1.3671875, 7.8046875, 3.279296875, 2.916015625, 1.7109375, 0.0002288818359375, 0.0209503173828125, 7.69140625, 0.289306640625, 0.03643798828125, 0.01178741455078125, 1.5380859375, 1.669921875, 4.0078125, 0.3486328125, 0.0572509765625, 0.10357666015625, 3.984375, 4.98828125, 0.4765625, 2.486328125, 1.255859375, 1.7802734375, 0.206298828125, 0.0010433197021484375, 0.016448974609375, 7.0078125, 0.406982421875, 6.22265625, 4.62109375, 0.3974609375, 0.0001233816146850586, 0.006076812744140625, 2.900390625, 0.58544921875, 0.0357666015625, 1.0029296875, 0.01446533203125, 0.007175445556640625, 0.005889892578125, 0.689453125, 0.0236663818359375, 0.0002008676528930664, 0.0038089752197265625, 0.003017425537109375, 7.4921875, 5.578125, 0.00039696693420410156, 0.006618499755859375, 0.7666015625, 0.049163818359375, 8.0859375, 0.018829345703125, 0.0616455078125, 0.9150390625, 0.10772705078125, 1.96875, 0.00018918514251708984, 0.0031948089599609375, 2.083984375, 0.00586700439453125, 0.1729736328125, 12.0546875, 3.51953125, 9.7734375, 2.6171875, 0.52587890625, 5.234375, 7.796875, 0.93505859375, 0.70751953125, 0.0013790130615234375, 0.00983428955078125, 0.90478515625, 0.007091522216796875, 0.01898193359375, 0.004425048828125, 7.70703125, 4.7890625, 9.2578125, 0.035736083984375, 4.12890625, 5.43359375, 5.40625, 0.1903076171875, 4.65625, 3.375, 0.11920166015625, 0.3037109375, 0.08001708984375, 1.95703125, 0.01158905029296875, 0.017669677734375, 0.004070281982421875, 0.01367950439453125, 4.2578125, 2.3046875, 7.3046875, 0.1688232421875, 0.0006237030029296875, 0.0185546875, 0.006809234619140625, 0.38818359375, 0.0012874603271484375, 0.83154296875, 5.08984375, 4.47265625, 0.27490234375, 1.33984375, 1.359375, 0.32177734375, 0.160400390625, 7.8046875, 3.41796875, 2.345703125, 0.00708770751953125, 0.03997802734375, 0.1358642578125, 0.4501953125, 0.002834320068359375, 0.0016965866088867188, 0.014801025390625, 0.0007038116455078125, 0.7001953125, 3.3828125, 3.884765625, 0.347900390625, 0.5732421875, 0.69921875, 0.0028743743896484375, 0.00034737586975097656, 1.8896484375, 0.658203125, 1.03515625, 0.345703125, 5.3828125, 0.085205078125, 0.712890625, 3.146484375, 0.08062744140625, 3.744140625, 0.2030029296875, 6.171875, 0.048797607421875, 0.62109375, 0.10894775390625, 0.045013427734375, 0.1917724609375, 6.09375, 7.26171875, 0.041656494140625, 0.08477783203125, 0.10302734375, 0.798828125, 0.0016460418701171875, 0.0196990966796875, 0.10491943359375, 2.169921875, 3.02734375, 0.0009975433349609375, 0.0010461807250976562, 0.70556640625, 8.515625, 1.0029296875, 4.078125, 4.37890625, 1.66015625, 8.609375, 4.015625, 1.853515625, 0.83447265625, 0.43017578125, 0.4580078125, 0.1611328125, 1.6123046875, 0.83544921875, 0.91552734375, 4.421875, 1.283203125, 3.43359375, 0.99169921875, 5.078125, 3.201171875, 0.27197265625, 0.595703125, 0.97412109375, 0.1370849609375, 0.74609375, 4.27734375, 0.5283203125, 7.70703125, 1.060546875, 0.1402587890625, 1.767578125, 2.080078125, 1.1796875, 0.97412109375, 1.7236328125, 9.34375, 2.580078125, 6.52734375, 6.11328125, 7.27734375, 1.4013671875, 0.167236328125, 0.7734375, 13.46875, 1.23828125, 0.0113067626953125, 0.022186279296875, 6.7109375, 5.7109375, 1.150390625, 0.050537109375, 1.38671875, 1.841796875, 2.255859375, 11.3125, 10.2890625, 5.99609375, 0.02947998046875]",-1.5919459644209577
69,1,test,3.4647819308305947,1.5311248601983019,2.1162185797873114,6.2740645774499955,2.772577449548276,3.832071482317564,31.96948745335891,25.054735659264097,28.117599710145438,57.89069349662289,45.36938619380255,50.91565352918228,3.4199414420966527,1.4504963652952283,2.050412730358958,6.192866935688533,2.6265744993183864,3.712909538758113,30.567624992610693,23.400926575132953,26.634128544754162,55.35218579743017,42.37465082524075,48.229367905365635,3.4647819308305947,1.5311248601983019,2.1162185797873114,6.2740645774499955,2.772577449548276,3.832071482317564,31.96948745335891,25.054735659264097,28.117599710145438,57.89069349662289,45.36938619380255,50.91565352918228,0.7638190954773869,0.0038190954773869024,0.008819095477386907,0.5829145728643217,-0.01708542713567829,-0.012085427135678284,0.457286432160804,-0.012713567839195972,-0.012713567839195972,0.40823970037453183,0.08113689663621404,0.13924841768461904,0.40977443609022557,0.40201005025125625,0.07870177957456448,0.1315592989991694,0.398989898989899,0.40823970037453183,0.08113689663621404,0.13924841768461904,0.40977443609022557,23.0,0.0,0.0,34.0,1.0,1.0,40.0,0.0,0.0,0.00023072740670103812,3.49666045477872e-05,-8.030900879869386e-05,0.00016252502302549487,-0.00022759863213561715,-7.184004964067014e-05,"[3.0625, 9.453125, 2.48046875, 5.4921875, 0.79443359375, 0.078125, 2.326171875, 9.8125, 0.29638671875, 10.0234375, 1.7265625, 1.3095703125, 2.61328125, 8.6484375, 3.96484375, 1.35546875, 0.242919921875, 0.78076171875, 9.546875, 5.29296875, 0.460205078125, 1.60546875, 9.359375, 6.671875, 0.338134765625, 0.14404296875, 2.7734375, 2.69921875, 7.9765625, 4.23046875, 2.103515625, 6.49609375, 9.96875, 4.9609375, 3.318359375, 5.2578125, 1.8427734375, 0.70849609375, 4.2109375, 2.423828125, 0.52880859375, 4.7421875, 0.2366943359375, 0.00566864013671875, 3.017578125, 2.375, 3.29296875, 9.265625, 8.1171875, 1.1875, 2.546875, 4.09765625, 1.4580078125, 1.6591796875, 3.29296875, 0.400146484375, 6.15234375, 3.404296875, 8.125, 3.80078125, 4.0703125, 4.75390625, 0.71484375, 2.806640625, 2.515625, 4.51953125, 0.3564453125, 0.385986328125, 4.86328125, 4.73828125, 0.1473388671875, 1.802734375, 2.287109375, 1.4599609375, 1.02734375, 13.828125, 2.29296875, 8.328125, 0.62646484375, 0.04632568359375, 4.5234375, 3.935546875, 6.9609375, 0.2379150390625, 5.03515625, 8.7890625, 0.38671875, 11.8203125, 1.32421875, 3.841796875, 0.145263671875, 0.0121612548828125, 0.071044921875, 0.298583984375, 0.050048828125, 0.63427734375, 2.455078125, 1.310546875, 8.5546875, 4.80078125, 1.919921875, 9.21875, 0.82373046875, 1.208984375, 3.03125, 5.00390625, 4.0625, 3.056640625, 3.361328125, 5.83203125, 0.0073089599609375, 0.0009160041809082031, 0.84228515625, 4.42578125, 4.484375, 1.7099609375, 2.19140625, 4.44140625, 0.68115234375, 1.826171875, 1.716796875, 0.059906005859375, 0.2474365234375, 1.8896484375, 7.359375, 3.15625, 3.15234375, 0.0120391845703125, 2.7734375, 5.9296875, 0.82763671875, 3.677734375, 12.484375, 6.42578125, 0.97314453125, 5.6328125, 6.828125, 3.185546875, 0.8271484375, 0.89453125, 8.015625, 0.178955078125, 4.4921875, 1.8447265625, 9.78125, 1.6904296875, 1.82421875, 0.49365234375, 3.908203125, 3.2109375, 0.44580078125, 3.173828125, 3.15625, 5.015625, 7.48828125, 4.62109375, 3.642578125, 4.671875, 2.40234375, 0.2255859375, 5.390625, 0.47998046875, 6.3359375, 9.6953125, 1.4091796875, 2.048828125, 4.515625, 0.059539794921875, 4.5859375, 2.759765625, 3.513671875, 2.029296875, 1.1025390625, 6.14453125, 6.046875, 1.3115234375, 1.1484375, 2.607421875, 1.7548828125, 0.10491943359375, 0.332275390625, 0.78125, 6.234375, 0.6240234375, 2.32421875, 6.7890625, 5.7890625, 2.5078125, 7.5078125, 1.71875, 1.2666015625, 5.76171875, 7.453125, 1.5537109375, 1.103515625, 3.083984375, 5.83203125, 0.2259521484375, 4.33984375, 6.484375, 2.01953125, 4.52734375, 2.41796875, 11.6171875, 2.626953125, 5.30859375, 0.51123046875, 3.44140625, 5.06640625, 3.6953125, 2.185546875, 1.3271484375, 11.0625, 0.254638671875, 1.1708984375, 3.509765625, 2.25, 0.6669921875, 1.771484375, 2.775390625, 0.9521484375, 2.048828125, 2.583984375, 0.98486328125, 0.003292083740234375, 0.0148468017578125, 0.095947265625, 5.5078125, 10.9453125, 4.24609375, 0.040863037109375, 10.1875, 4.94140625, 9.5625, 3.783203125, 5.74609375, 1.533203125, 4.2265625, 0.084716796875, 4.03125, 7.1796875, 0.9580078125, 0.133056640625, 3.365234375, 2.6640625, 2.365234375, 2.634765625, 11.640625, 1.6884765625, 2.986328125, 5.6640625, 4.140625, 6.21875, 4.71875, 0.2919921875, 7.9609375, 0.0250091552734375, 1.0625, 4.06640625, 3.0234375, 6.1328125, 4.53125, 2.0546875, 6.05078125, 2.578125, 7.7734375, 0.9189453125]",-1.0891411992048057
219,1,test,3.910410189102125,1.79282402470273,2.453737391178551,6.832474945793822,3.132516702502572,4.287299397773513,49.9194241781654,41.60837243514362,45.62776763964037,87.22185103657472,72.70034304602018,79.72324235937164,4.1253701214814305,1.8733644915117118,2.5995836521842923,7.208064278192829,3.273241254399584,4.542129677992334,61.89071209373619,52.38392827482228,57.291953163597505,108.13871673520939,91.52796259007408,100.10352256057146,3.9757210498669475,1.8354061699480133,2.5076615303601475,6.946589526690601,3.206918472766309,4.381518498101796,53.288526741484766,44.78641238896593,48.947723023222174,93.10852474611075,78.25318208621519,85.5240435240915,0.8291457286432161,-0.015854271356783856,-0.005854271356783847,0.7236180904522613,-0.01638190954773866,-0.006381909547738651,0.5678391959798995,-0.01716080402010045,-0.012160804020100557,0.42902208201892744,0.07311657020790385,0.15515009880801456,0.36708860759493667,0.4371859296482412,0.08630873666578509,0.16840462747795737,0.3535353535353535,0.43143812709030105,0.07417602358445796,0.1611377933861854,0.37248322147651003,26.0,6.0,6.0,37.0,9.0,9.0,47.0,9.0,10.0,-0.0010784689536271139,-0.00023191309252158248,-0.0003348639084475113,-0.00043595439539778624,-3.3922379648387846e-05,0.00010338779879681681,"[3.0625, 9.453125, 2.48046875, 1.494140625, 9.8203125, 2.666015625, 14.6171875, 9.609375, 1.767578125, 6.9921875, 5.0703125, 11.3984375, 9.78125, 3.96484375, 1.22265625, 2.712890625, 4.5390625, 6.84375, 4.1953125, 4.55859375, 4.3203125, 3.306640625, 6.078125, 1.3779296875, 4.171875, 5.609375, 4.9453125, 4.640625, 5.140625, 0.12139892578125, 1.24609375, 6.65234375, 0.459228515625, 0.64599609375, 2.060546875, 2.859375, 1.2685546875, 3.2421875, 8.78125, 3.328125, 0.6630859375, 6.17578125, 2.08984375, 3.646484375, 5.58984375, 10.0234375, 3.1953125, 7.36328125, 1.0087890625, 1.912109375, 6.9453125, 9.2109375, 6.3671875, 0.189453125, 5.10546875, 4.3046875, 2.130859375, 7.0, 3.69140625, 8.34375, 9.6640625, 11.140625, 6.5390625, 5.05859375, 7.6015625, 5.734375, 3.095703125, 1.27734375, 8.6171875, 6.31640625, 4.08984375, 8.734375, 0.0200042724609375, 2.064453125, 4.5390625, 2.6640625, 2.171875, 7.71875, 0.5048828125, 3.833984375, 4.19140625, 0.8203125, 10.5390625, 2.984375, 8.0078125, 1.56640625, 2.3984375, 1.4072265625, 2.59375, 1.412109375, 9.0546875, 4.515625, 3.771484375, 1.2060546875, 1.7978515625, 5.94140625, 7.66796875, 0.195556640625, 3.12890625, 2.921875, 2.857421875, 3.029296875, 5.5625, 0.7548828125, 5.08203125, 1.359375, 4.37890625, 6.02734375, 1.548828125, 6.58984375, 3.65234375, 10.5234375, 0.0197296142578125, 3.412109375, 2.189453125, 1.2412109375, 3.763671875, 1.251953125, 0.8798828125, 5.5703125, 5.2578125, 0.923828125, 4.05078125, 0.03228759765625, 12.6796875, 6.90234375, 7.50390625, 4.23828125, 0.70068359375, 2.3828125, 3.71875, 0.472900390625, 3.1484375, 5.14453125, 7.3984375, 9.7890625, 2.310546875, 3.85546875, 0.05853271484375, 6.2421875, 11.0078125, 2.21484375, 3.466796875, 6.9921875, 2.208984375, 6.578125, 0.04541015625, 7.015625, 10.59375, 0.1636962890625, 4.12890625, 0.51953125, 4.546875, 3.552734375, 0.5341796875, 0.861328125, 6.421875, 4.59375, 0.1322021484375, 3.7734375, 3.02734375, 3.1953125, 1.021484375, 7.2890625, 2.115234375, 8.7578125, 2.837890625, 0.326416015625, 1.9453125, 2.158203125, 7.5625, 2.66015625, 5.1953125, 12.140625, 1.7451171875, 4.7890625, 3.216796875, 3.37109375, 2.740234375, 0.205078125, 0.107666015625, 0.296142578125, 0.01201629638671875, 1.3916015625, 0.69091796875, 0.51806640625, 2.69140625, 1.666015625, 6.203125, 2.404296875, 4.96484375, 2.53125, 2.57421875, 0.8095703125, 4.76953125, 7.58203125, 4.17578125, 6.50390625, 0.65576171875, 1.369140625, 1.986328125, 3.525390625, 0.81201171875, 6.66015625, 0.004192352294921875, 0.2841796875, 2.08984375, 8.1328125, 5.625, 0.57958984375, 3.458984375, 4.734375, 5.21484375, 4.2890625, 0.38232421875, 2.796875, 3.966796875, 8.3671875, 7.24609375, 1.158203125, 0.2408447265625, 3.513671875, 0.8818359375, 2.869140625, 0.366943359375, 9.3828125, 7.546875, 1.8125, 4.828125, 2.84765625, 5.60546875, 6.46875, 8.0859375, 3.75390625, 9.8203125, 5.5546875, 0.323486328125, 6.8984375, 5.2734375, 3.908203125, 0.1724853515625, 2.9375, 2.3359375, 4.41796875, 3.5546875, 2.052734375, 5.2578125, 3.083984375, 3.130859375, 2.111328125, 4.88671875, 7.81640625, 2.62109375, 6.58984375, 4.31640625, 2.357421875, 2.67578125, 9.640625, 2.16796875, 3.56640625, 0.498779296875, 2.23046875, 2.578125, 4.3359375, 0.46240234375, 0.5478515625, 3.392578125, 3.556640625, 4.71875, 0.368896484375, 0.81884765625, 10.5390625, 5.6953125, 4.359375, 0.9736328125, 0.49951171875, 4.203125, 4.09765625, 4.359375, 5.703125, 5.84765625, 3.884765625, 3.3359375, 5.1328125, 0.176513671875, 2.064453125, 2.201171875, 9.7734375, 4.671875, 0.0016069412231445312, 11.328125, 0.912109375, 1.802734375, 3.818359375, 5.16796875, 1.1591796875, 0.01885986328125, 0.08868408203125, 3.376953125, 2.560546875, 1.875, 7.828125, 2.158203125, 1.591796875, 8.2109375, 0.06256103515625, 1.8818359375, 0.32275390625, 1.384765625, 5.65234375, 3.1875, 5.21875, 4.70703125, 0.54736328125, 1.626953125, 1.322265625, 0.720703125]",-0.5706856017609123
147,1,test,3.619184780294878,1.6014375283074207,2.231440969097389,6.339336398605678,2.805065734296438,3.908574945871223,37.30714190461254,29.785779803795158,33.301339900460256,65.34690460999012,52.172544242316356,58.330372437111905,3.797295401443788,1.5788971871631827,2.253170585341076,6.651313601255042,2.765584245031052,3.946636375597426,44.580449078270675,35.3878545780823,39.89657849368266,78.08677386321297,61.985095598551794,69.88254194753333,3.619184780294878,1.6014375283074207,2.231440969097389,6.339336398605678,2.805065734296438,3.908574945871223,37.30714190461254,29.785779803795158,33.301339900460256,65.34690460999012,52.172544242316356,58.330372437111905,0.7487437185929648,0.003743718592964851,0.003743718592964851,0.6130653266331658,0.0030653266331658324,0.0030653266331658324,0.5276381909547738,0.007638190954773805,0.007638190954773805,0.44890510948905105,0.13254147312541464,0.19587847510648448,0.4505494505494505,0.44723618090452266,0.1122361809045227,0.1760215386416275,0.4494949494949495,0.44890510948905105,0.13254147312541464,0.19587847510648448,0.4505494505494505,23.0,1.0,1.0,36.0,4.0,2.0,44.0,2.0,3.0,-0.00015151927891566872,-0.00022859422374373937,3.8173549414508655e-05,0.000211034476049754,-0.00020048395678795572,-4.730815085896012e-05,"[3.068359375, 0.0296630859375, 5.7578125, 6.54296875, 6.3359375, 3.125, 0.059356689453125, 4.51171875, 0.28369140625, 2.1953125, 1.3125, 8.2890625, 0.77783203125, 0.0173187255859375, 0.0028285980224609375, 0.0001976490020751953, 1.4453125, 6.95703125, 6.140625, 6.3671875, 1.8291015625, 5.30859375, 5.83203125, 10.1328125, 1.55078125, 0.304931640625, 1.6884765625, 0.040313720703125, 6.51171875, 4.4765625, 0.2198486328125, 9.625, 7.84375, 3.958984375, 3.119140625, 0.32861328125, 2.130859375, 0.57080078125, 1.3642578125, 7.62890625, 0.18798828125, 1.724609375, 7.78515625, 6.53125, 6.4375, 5.76171875, 5.71484375, 0.056396484375, 9.5, 2.21484375, 4.578125, 0.032684326171875, 4.47265625, 3.9375, 4.265625, 5.42578125, 1.2373046875, 6.8515625, 1.2451171875, 8.8359375, 2.603515625, 1.0849609375, 4.296875, 0.77001953125, 4.54296875, 0.30615234375, 0.5029296875, 3.21484375, 5.49609375, 8.1640625, 0.6572265625, 0.6904296875, 6.08984375, 8.453125, 1.419921875, 1.80078125, 3.09375, 3.939453125, 2.302734375, 0.22265625, 7.90625, 0.03857421875, 1.1396484375, 3.486328125, 0.50927734375, 0.68115234375, 7.33984375, 0.52392578125, 1.4111328125, 7.46484375, 4.0390625, 4.984375, 7.421875, 7.73828125, 7.21875, 3.89453125, 0.50537109375, 4.5625, 0.4931640625, 0.8291015625, 7.8984375, 0.50732421875, 0.59033203125, 8.3671875, 7.21875, 4.90234375, 0.30029296875, 1.3330078125, 12.9375, 3.017578125, 5.0546875, 2.841796875, 0.2056884765625, 5.09765625, 1.8330078125, 6.33984375, 3.31640625, 1.0078125, 7.6171875, 7.96875, 9.375, 4.44140625, 8.09375, 0.90869140625, 5.14453125, 0.31298828125, 0.63037109375, 2.6875, 1.880859375, 1.388671875, 0.0006213188171386719, 6.89453125, 1.32421875, 4.6484375, 3.1953125, 2.787109375, 7.16015625, 1.244140625, 6.59375, 2.35546875, 0.57275390625, 0.30859375, 3.470703125, 0.05389404296875, 6.56640625, 2.34765625, 1.966796875, 4.80859375, 10.5234375, 5.80078125, 2.037109375, 13.3984375, 0.261962890625, 2.453125, 0.357177734375, 0.1414794921875, 0.271728515625, 0.05828857421875, 1.4619140625, 0.00287628173828125, 2.24609375, 10.3828125, 11.5625, 4.41015625, 0.87890625, 7.17578125, 0.263671875, 8.6484375, 3.11328125, 2.400390625, 2.380859375, 0.002777099609375, 5.68359375, 3.36328125, 7.83984375, 7.734375, 1.5361328125, 7.5703125, 6.0546875, 0.1444091796875, 11.1640625, 5.30078125, 1.7978515625, 3.8671875, 3.556640625, 8.09375, 9.8359375, 6.10546875, 4.87109375, 2.267578125, 0.1787109375, 7.0859375, 3.533203125, 0.342041015625, 5.85546875, 0.1378173828125, 2.3203125, 5.58203125, 5.34765625, 6.50390625, 1.2177734375, 3.908203125, 1.994140625, 6.015625, 0.17578125, 9.375, 0.017242431640625, 0.059600830078125, 7.34765625, 1.720703125, 2.572265625, 0.0006155967712402344, 3.888671875, 5.921875, 1.267578125, 2.990234375, 0.1376953125, 0.2083740234375, 5.359375, 5.08984375, 1.87890625, 0.43017578125, 4.546875, 0.896484375, 3.892578125, 5.92578125, 1.515625, 0.68310546875, 7.5, 0.2432861328125, 0.63720703125, 5.6796875, 0.0208587646484375, 6.5703125, 0.76025390625, 0.40625, 6.1953125, 0.46923828125, 0.191162109375, 2.486328125, 2.59765625, 0.1776123046875, 0.84228515625, 0.0209503173828125, 0.298828125, 0.1815185546875, 8.4921875, 0.1595458984375, 0.2266845703125, 5.96875, 9.0078125, 0.91455078125, 4.87890625, 1.1640625, 7.5703125, 9.5859375, 8.3515625, 5.859375, 7.29296875, 3.732421875, 0.004364013671875, 5.5546875, 2.984375, 4.2109375, 5.03125, 0.0216064453125, 3.25390625, 7.08984375, 2.103515625, 3.56640625, 5.109375, 3.75, 1.416015625, 0.2900390625]",-0.7471048353362257
354,1,test,2.969527067729781,1.2745602570758316,1.7161835991923526,4.899719661754139,2.103024424175122,2.831702938667382,19.482703417731486,14.036238220136646,15.980671077754625,32.14646063925695,23.159793063225464,26.36810727829513,3.0602376712626547,1.34291827475847,1.8741781515394726,5.04939215758338,2.2158151533514756,3.0923939500401296,21.332626711886235,15.76304810785816,18.05847269676891,35.198834074612286,26.00902937796596,29.7964799496687,2.9425746652992273,1.3345845880766993,1.8282744592442597,4.855248197743725,2.202064570326554,3.0166528577530283,18.964611034842214,13.97184497286132,15.917176178476032,31.291608207489652,23.05354420522118,26.26334069448545,0.6281407035175879,0.008140703517587888,0.003140703517587884,0.5276381909547738,0.007638190954773805,0.0026381909547738003,0.4170854271356784,-0.012914572864321627,-0.017914572864321632,0.42265193370165743,0.12472089921889884,0.18120520838396437,0.3850415512465374,0.40703517587939697,0.11129582750846967,0.1833289989177943,0.3535353535353535,0.4046822742474916,0.12421482850458676,0.18554990494827028,0.35906040268456374,19.0,-2.0,-1.0,31.0,0.0,1.0,40.0,1.0,1.0,-0.0010632552507425356,0.0002785434309722211,-0.00041577746547748716,0.017783499709328687,0.013640468705692577,0.01606415838053632,"[3.056640625, 9.4453125, 2.4296875, 1.0791015625, 8.8046875, 5.8984375, 0.6220703125, 1.3359375, 6.8359375, 5.125, 0.062255859375, 5.63671875, 0.712890625, 1.099609375, 8.0546875, 7.48828125, 0.888671875, 7.109375, 0.309326171875, 0.76416015625, 7.52734375, 0.52197265625, 6.2578125, 8.796875, 11.2265625, 3.548828125, 7.00390625, 7.02734375, 2.720703125, 3.908203125, 0.67578125, 1.1376953125, 5.765625, 2.193359375, 3.033203125, 1.58203125, 4.75390625, 0.292236328125, 6.6015625, 3.603515625, 1.2373046875, 1.1259765625, 4.71484375, 1.2177734375, 6.921875, 9.109375, 5.7734375, 0.76708984375, 2.03515625, 7.01171875, 10.328125, 0.003070831298828125, 0.1868896484375, 4.609375, 4.27734375, 4.83984375, 4.3203125, 0.5205078125, 8.0625, 2.587890625, 0.8935546875, 0.57568359375, 5.0859375, 12.203125, 0.85205078125, 0.273193359375, 4.21484375, 0.07879638671875, 8.7578125, 5.7734375, 4.16796875, 14.65625, 3.8125, 6.578125, 0.450927734375, 3.9375, 3.703125, 8.1328125, 5.29296875, 7.4921875, 1.9990234375, 8.421875, 3.248046875, 4.18359375, 0.56591796875, 5.3828125, 0.55078125, 0.196533203125, 3.486328125, 2.98046875, 0.2491455078125, 5.76171875, 2.810546875, 1.0693359375, 6.3125, 4.3125, 0.0203399658203125, 0.0914306640625, 4.37109375, 3.86328125, 2.203125, 0.0018205642700195312, 2.138671875, 0.005344390869140625, 0.982421875, 0.007144927978515625, 0.16259765625, 5.88671875, 2.498046875, 1.1875, 0.1893310546875, 0.13818359375, 0.01091766357421875, 10.765625, 0.255615234375, 1.0927734375, 0.447021484375, 3.7734375, 0.0244598388671875, 0.0053253173828125, 0.3359375, 0.8447265625, 0.2783203125, 0.00423431396484375, 0.016693115234375, 0.1927490234375, 4.921875, 0.12103271484375, 4.5078125, 4.1171875, 0.2252197265625, 0.012725830078125, 0.013336181640625, 1.361328125, 0.603515625, 0.037078857421875, 0.0006728172302246094, 0.055908203125, 0.022857666015625, 4.80078125, 4.7421875, 3.5546875, 0.1446533203125, 1.958984375, 0.419677734375, 0.4580078125, 1.345703125, 0.08990478515625, 0.26123046875, 7.12109375, 2.990234375, 0.0016632080078125, 0.0158233642578125, 2.197265625, 2.43359375, 0.416748046875, 3.076171875, 1.423828125, 9.265625, 7.6875, 0.64111328125, 0.56787109375, 0.08575439453125, 0.0013895034790039062, 1.322265625, 10.0078125, 0.22509765625, 0.129638671875, 4.50390625, 0.43359375, 13.0390625, 1.2197265625, 3.43359375, 0.53857421875, 6.3125, 3.890625, 2.919921875, 4.5078125, 0.650390625, 6.765625, 5.70703125, 0.27490234375, 1.36328125, 5.12109375, 4.00390625, 2.654296875, 0.06060791015625, 2.197265625, 0.018707275390625, 0.1712646484375, 0.0295257568359375, 0.00217437744140625, 3.10546875, 6.703125, 0.00904083251953125, 0.0081939697265625, 3.513671875, 2.732421875, 2.408203125, 8.171875, 0.0094146728515625, 0.01137542724609375, 1.5732421875, 6.1171875, 14.234375, 4.25, 4.48046875, 0.059051513671875, 0.0623779296875, 0.387451171875, 3.1328125, 1.6435546875, 7.6640625, 5.61328125, 12.46875, 6.796875, 1.9697265625, 0.37255859375, 4.484375, 0.003009796142578125, 0.010223388671875, 0.43505859375, 0.7080078125, 0.85546875, 0.75048828125, 0.005535125732421875, 0.0039215087890625, 0.0002351999282836914, 0.67578125, 2.041015625, 0.146484375, 2.7265625, 0.513671875, 6.55859375, 4.8515625, 2.640625, 1.0126953125, 1.9169921875, 3.033203125, 0.0225067138671875, 8.7578125, 7.85546875, 2.548828125, 2.140625, 0.01004791259765625, 3.60546875, 7.3828125, 2.966796875, 0.00177764892578125, 3.189453125, 0.158935546875, 4.48046875, 0.0076141357421875, 4.84765625, 5.80859375, 1.078125, 3.798828125, 6.09375, 1.01171875, 0.0094757080078125, 0.78955078125, 0.12127685546875, 2.197265625, 0.0091400146484375, 6.84765625, 0.822265625, 0.2352294921875, 0.485107421875, 0.0021514892578125, 0.83544921875, 0.0006318092346191406, 2.412109375, 0.0007357597351074219, 0.125244140625, 10.765625, 5.5859375, 1.1396484375, 4.57421875, 4.49609375, 0.64501953125, 5.86328125, 2.25390625, 1.7333984375, 8.328125, 0.34619140625, 0.00023102760314941406, 0.324462890625, 0.74853515625, 0.002666473388671875, 0.020782470703125, 7.67578125, 0.23974609375, 3.189453125, 1.3349609375, 0.0118255615234375, 13.0625, 8.0234375, 0.34814453125, 0.0002655982971191406, 0.002033233642578125, 0.0013942718505859375, 4.8515625, 0.1552734375, 3.77734375, 0.6904296875, 7.55859375, 2.490234375, 1.9384765625, 0.87939453125, 3.900390625, 0.05596923828125, 3.388671875, 2.302734375, 3.69921875, 0.31396484375, 7.9296875, 0.04559326171875, 2.953125, 4.203125, 4.9609375, 0.89208984375, 5.20703125, 0.0171661376953125, 3.703125, 1.8876953125, 3.666015625, 1.0556640625, 0.0171051025390625, 5.4375, 5.6484375, 4.0390625, 0.357177734375, 7.58203125, 0.1463623046875, 0.2132568359375, 6.21875, 4.91796875, 1.2470703125, 0.80517578125, 3.05078125, 3.751953125, 9.203125, 3.056640625, 2.298828125, 7.609375, 2.228515625, 0.32763671875, 7.84765625, 3.74609375, 7.44921875, 0.52685546875, 2.6171875, 0.01136016845703125, 2.580078125, 4.71875, 3.421875, 1.421875, 4.09375, 3.302734375, 8.7265625, 2.517578125, 1.00390625]",-2.0652920583993692
399,1,test,3.175734528498863,1.4219465735544288,1.9548127523533145,5.70613262874662,2.5549414369748025,3.512390827757827,23.944401255680155,18.16795906658266,20.554089853765188,43.0230953043237,32.64403340305761,36.93141278537488,3.1794325766251914,1.3425254121303973,1.9182208687107785,5.712777249978953,2.4122381736674514,3.4466428443145536,24.03311273243674,17.75601854434454,20.503416874832336,43.18249132673125,31.90386219732494,36.84036401039393,3.2750007205184883,1.4742268911475025,2.020321531540864,5.88449327323108,2.648878264307812,3.630096441699092,26.443244533402506,20.38891386232975,22.93653133178157,47.51299552525798,36.63462597723421,41.2121632485487,0.6984924623115578,-0.006507537688442255,0.013492462311557762,0.5376884422110553,-0.007311557788944656,0.002688442211055353,0.42713567839195976,0.0021356783919597166,-0.007864321608040292,0.391044776119403,0.09596280890628828,0.1527130978671687,0.36227544910179643,0.40201005025125625,0.10125817055200814,0.1616093824716235,0.3535353535353535,0.40802675585284276,0.10752592112830184,0.16664744550801514,0.37583892617449666,22.0,7.0,7.0,34.0,7.0,7.0,40.0,7.0,6.0,2.350397339318166e-05,-0.00024377896426733007,-0.00025562807647844867,0.0042948596179517295,0.004268538413234602,0.003999548540148723,"[3.056640625, 9.4453125, 2.4296875, 1.0791015625, 0.80224609375, 3.9921875, 0.56396484375, 0.66162109375, 10.5546875, 6.125, 9.0390625, 4.65625, 4.25, 2.37890625, 7.88671875, 0.227783203125, 5.50390625, 0.177978515625, 8.2890625, 2.314453125, 3.2265625, 2.546875, 1.87890625, 1.267578125, 1.4736328125, 1.076171875, 4.31640625, 1.6728515625, 3.751953125, 0.7578125, 6.48046875, 10.4921875, 3.060546875, 13.6015625, 2.39453125, 4.2578125, 4.2265625, 2.166015625, 0.55810546875, 6.42578125, 6.37890625, 2.19921875, 1.310546875, 5.09375, 0.98681640625, 1.080078125, 0.9482421875, 12.6953125, 4.828125, 0.1431884765625, 7.3046875, 11.234375, 0.06927490234375, 9.421875, 0.08587646484375, 5.984375, 0.492431640625, 9.953125, 0.9208984375, 2.8828125, 6.94921875, 1.755859375, 1.5029296875, 4.265625, 2.501953125, 3.400390625, 0.861328125, 0.7431640625, 6.31640625, 5.64453125, 1.6494140625, 0.97998046875, 3.82421875, 0.060943603515625, 2.96484375, 0.6962890625, 1.478515625, 7.51171875, 5.7734375, 6.49609375, 0.0250701904296875, 10.59375, 1.837890625, 5.3046875, 3.810546875, 8.0859375, 0.52392578125, 0.1376953125, 0.07269287109375, 1.08984375, 4.5625, 2.78125, 1.8505859375, 3.68359375, 0.734375, 8.375, 2.251953125, 0.84130859375, 5.16015625, 1.42578125, 8.6953125, 3.4765625, 6.2734375, 0.0838623046875, 2.689453125, 3.310546875, 3.44921875, 7.12890625, 4.890625, 0.01123809814453125, 0.02783203125, 2.541015625, 0.1182861328125, 2.24609375, 3.09375, 0.80615234375, 0.101318359375, 0.12353515625, 0.5166015625, 0.9443359375, 1.9306640625, 0.09442138671875, 3.154296875, 0.392822265625, 0.455078125, 4.19140625, 5.96875, 3.138671875, 0.0114898681640625, 3.119140625, 1.3095703125, 1.8349609375, 0.10540771484375, 0.0885009765625, 0.1544189453125, 0.481689453125, 0.9453125, 1.765625, 0.036468505859375, 2.48046875, 0.06640625, 0.277587890625, 0.2457275390625, 1.96875, 0.837890625, 0.0030841827392578125, 0.8984375, 3.560546875, 11.3125, 1.6455078125, 4.33984375, 9.78125, 1.6005859375, 5.9609375, 0.458984375, 2.763671875, 6.35546875, 0.0118560791015625, 3.669921875, 2.91015625, 7.60546875, 7.203125, 1.5771484375, 2.703125, 5.16796875, 5.2265625, 8.390625, 6.35546875, 2.12109375, 0.11981201171875, 0.52294921875, 1.359375, 4.23828125, 0.009979248046875, 0.54443359375, 6.0234375, 0.77783203125, 3.53125, 1.44921875, 2.751953125, 1.69921875, 3.060546875, 1.2646484375, 4.51953125, 0.0399169921875, 4.61328125, 3.546875, 0.08941650390625, 0.603515625, 6.0625, 6.2734375, 1.07421875, 6.8359375, 2.978515625, 2.5703125, 2.734375, 1.14453125, 0.1689453125, 5.87890625, 7.140625, 0.07666015625, 0.75634765625, 4.41015625, 0.06695556640625, 0.9267578125, 8.703125, 1.6005859375, 1.5849609375, 1.3759765625, 6.1171875, 11.75, 0.8818359375, 7.28515625, 1.1181640625, 4.40625, 0.95068359375, 0.2010498046875, 5.6953125, 1.3271484375, 4.84765625, 0.89404296875, 7.34765625, 9.9140625, 0.043304443359375, 7.51953125, 0.1494140625, 1.548828125, 1.708984375, 18.53125, 3.21875, 1.484375, 4.10546875, 3.982421875, 6.19921875, 7.5859375, 1.74609375, 1.869140625, 1.9296875, 7.609375, 3.921875, 0.3720703125, 3.09765625, 9.25, 4.75390625, 3.68359375, 4.328125, 3.873046875, 1.05078125, 2.638671875, 0.08795166015625, 0.268310546875, 2.296875, 7.6171875, 0.1544189453125, 6.265625, 4.078125, 2.142578125, 13.9453125, 0.7177734375, 11.6015625, 3.72265625, 3.4375, 9.875, 0.0015659332275390625, 0.1734619140625, 0.0019330978393554688, 0.00273895263671875, 0.0293426513671875, 0.5224609375, 4.41015625, 0.23095703125, 3.853515625, 9.3046875, 2.572265625, 1.873046875, 0.0460205078125, 0.7021484375, 2.275390625, 0.014984130859375, 4.51953125, 5.7421875, 3.099609375, 1.3798828125, 0.74072265625, 2.201171875, 2.33203125, 0.00899505615234375, 6.5625, 2.33203125, 0.58447265625, 1.33203125, 0.73828125, 0.354736328125, 4.515625, 0.007556915283203125, 5.59765625, 0.1282958984375, 7.73828125, 0.36083984375, 0.7099609375, 0.7314453125, 1.44921875, 0.0014362335205078125, 0.35791015625, 7.152557373046875e-05, 6.18359375, 8.234375, 5.0859375, 5.87890625, 1.453125, 1.7744140625, 8.3125, 0.0814208984375, 0.00284576416015625, 6.26171875, 0.1646728515625, 0.3125, 1.51171875, 4.6796875, 2.154296875, 6.68359375, 1.474609375, 0.171875, 0.55908203125, 5.43359375, 4.27734375, 3.314453125, 0.3017578125, 0.81787109375, 7.69921875, 0.0953369140625, 0.006389617919921875, 2.44140625, 1.0146484375, 0.85595703125]",-1.1223888311813126
206,1,test,2.890829637120752,1.195761914753982,1.6790017453239827,4.76218795293805,1.9698300141599416,2.7658917640361262,18.008243713211048,12.561228875752217,14.648623647847959,29.66575413625588,20.692652399186024,24.131307555150507,2.687313336314577,1.1832974359885617,1.5932541402200386,4.426926800402274,1.9492967423772924,2.6246360474156187,14.692149981948873,10.192426707466131,11.705778210832229,24.203010356737032,16.790422740318604,19.283431738617345,2.826811227511403,1.1919749064273533,1.6388558891319704,4.656727674306223,1.9635915125204222,2.699757769053149,16.89151166676629,11.762893185156138,13.611144561798731,27.826113422064278,19.3775196914891,22.422223650112887,0.6060606060606061,0.016060606060605997,0.0060606060606061,0.4797979797979798,-0.005202020202020208,-0.00020202020202020332,0.35858585858585856,-0.0014141414141414232,-0.0014141414141414232,0.388235294117647,0.08720739397080413,0.14459537239553355,0.3952802359882006,0.38383838383838387,0.10424140650840907,0.14726120263033016,0.35025380710659904,0.38795986622073575,0.08245068425078583,0.13323239124854447,0.38926174496644295,22.0,0.0,-3.0,35.0,0.0,0.0,41.0,-3.0,-4.0,-0.00024208804199486495,8.676464311118777e-05,0.0002136152787385983,0.009685250151721725,0.011329457899259765,0.00884678812929618,"[3.056640625, 9.4453125, 2.4296875, 1.0791015625, 2.802734375, 0.35693359375, 0.64501953125, 1.361328125, 7.03125, 0.8173828125, 8.7578125, 3.5, 4.82421875, 4.296875, 0.0247955322265625, 3.0234375, 4.78125, 3.517578125, 5.125, 11.03125, 5.91015625, 0.00800323486328125, 2.458984375, 2.447265625, 1.763671875, 8.6953125, 2.13671875, 4.59765625, 0.5810546875, 8.75, 5.1953125, 5.82421875, 0.43701171875, 2.67578125, 1.4892578125, 1.103515625, 2.03515625, 1.7880859375, 2.818359375, 3.880859375, 2.05078125, 1.966796875, 1.009765625, 2.494140625, 4.24609375, 0.775390625, 4.8828125, 1.9912109375, 1.2333984375, 7.38671875, 6.78515625, 5.18359375, 3.779296875, 5.296875, 2.302734375, 5.5078125, 0.0031986236572265625, 1.3583984375, 0.0053863525390625, 1.2109375, 0.00466156005859375, 2.158203125, 0.00337982177734375, 0.052520751953125, 2.255859375, 0.30419921875, 0.07366943359375, 0.1080322265625, 1.5400390625, 0.01168060302734375, 0.0007348060607910156, 1.3681640625, 0.51708984375, 0.451904296875, 2.71484375, 0.6005859375, 0.032379150390625, 3.013671875, 5.59765625, 0.269287109375, 0.0772705078125, 3.640625, 0.00791168212890625, 0.067626953125, 6.84375, 0.292236328125, 4.5078125, 6.69140625, 6.33984375, 6.3125, 0.6572265625, 7.8046875, 4.52734375, 3.73046875, 6.390625, 5.984375, 2.013671875, 2.208984375, 7.41796875, 3.798828125, 2.4140625, 2.197265625, 10.2421875, 3.015625, 1.255859375, 0.5302734375, 0.045196533203125, 0.2059326171875, 0.0007762908935546875, 0.0034427642822265625, 0.280517578125, 0.01090240478515625, 0.050689697265625, 0.1026611328125, 0.0212554931640625, 0.0002562999725341797, 0.00778961181640625, 0.3857421875, 0.281982421875, 0.09161376953125, 3.765625, 2.3984375, 0.80126953125, 0.337646484375, 0.005889892578125, 4.38671875, 2.7298927307128906e-05, 0.0093231201171875, 9.8984375, 1.3193359375, 0.057525634765625, 0.28076171875, 6.83203125, 5.83984375, 0.4169921875, 7.73046875, 6.44921875, 8.078125, 4.04296875, 0.67822265625, 1.0927734375, 10.046875, 0.209716796875, 3.5234375, 6.26171875, 0.381591796875, 0.311279296875, 5.7421875, 0.148681640625, 0.051361083984375, 0.049468994140625, 1.3447265625, 0.0018310546875, 0.0111541748046875, 0.0006518363952636719, 0.60302734375, 2.958984375, 0.57080078125, 10.8671875, 9.1328125, 5.34375, 0.00342559814453125, 0.8251953125, 2.55859375, 4.27734375, 0.01617431640625, 4.41015625, 1.0556640625, 5.75390625, 6.0859375, 0.031585693359375, 9.9921875, 3.51953125, 4.578125, 1.9599609375, 0.00785064697265625, 0.7724609375, 0.006298065185546875, 0.1409912109375, 6.771087646484375e-05, 3.41796875, 0.05816650390625, 3.189453125, 2.17578125, 5.21484375, 3.427734375, 0.392333984375, 2.291015625, 0.5693359375, 1.69921875, 0.91650390625, 0.81005859375, 0.1531982421875, 1.0068359375, 0.82763671875, 0.11883544921875, 0.0014286041259765625, 0.0010395050048828125, 0.0007157325744628906, 5.0234375, 0.0008301734924316406, 0.1661376953125, 0.0244140625, 0.00244903564453125, 0.0010509490966796875, 1.0126953125, 2.51171875, 0.281982421875, 2.568359375, 2.3359375, 0.00432586669921875, 1.6171875, 0.0689697265625, 4.0234375, 7.70703125, 0.51123046875, 0.51025390625, 6.55859375, 0.58642578125, 0.2091064453125, 0.064453125, 3.943359375, 7.7421875, 0.1417236328125, 0.9306640625, 3.345703125, 2.5703125, 6.38671875, 1.0849609375, 7.9375, 7.80859375, 3.234375, 13.0703125, 2.396484375, 1.1259765625, 0.84228515625, 0.32373046875, 0.002864837646484375, 10.0390625, 2.095703125, 4.23046875, 3.509765625, 0.861328125, 1.470703125, 1.3173828125, 8.59375, 2.876953125, 0.0241241455078125, 0.00431060791015625, 1.6865234375, 4.36328125, 10.1171875, 2.767578125, 10.40625, 4.5859375, 1.9599609375, 3.513671875, 4.359375, 0.90234375, 0.10784912109375, 1.2626953125, 0.423583984375, 2.50390625, 6.57421875, 5.36328125, 2.7421875, 3.08203125, 3.736328125, 8.5859375, 8.046875, 2.935546875, 4.23828125, 2.251953125, 0.0012102127075195312, 1.09375, 1.556640625, 1.48828125, 0.92529296875, 4.546875, 1.76953125, 10.4296875, 1.13671875, 6.3671875, 0.1251220703125, 5.0703125, 0.66357421875, 5.6328125, 6.26171875, 3.20703125, 1.4111328125, 11.7890625, 2.0234375, 1.078125, 7.9609375, 8.796875, 2.275390625, 3.748046875, 3.033203125, 4.2109375, 1.3232421875, 2.376953125, 1.517578125, 0.6298828125, 10.171875, 0.9287109375, 2.908203125, 8.09375, 0.322998046875, 6.7734375, 0.05487060546875, 1.0517578125, 5.328125, 1.349609375, 11.0234375, 4.15234375, 3.6328125, 2.154296875, 2.54296875, 4.70703125, 2.20703125, 0.323974609375, 0.455078125, 0.0172119140625, 3.646484375, 2.466796875, 0.9873046875, 0.10906982421875, 2.6953125, 11.84375, 6.32421875, 0.89990234375, 9.75, 7.671875, 5.65234375, 0.045562744140625, 0.8193359375, 7.60546875, 0.1925048828125, 0.447509765625, 3.09375]",-1.5767254089607912
484,1,test,2.9373363894424673,1.286866894666506,1.7673816576700532,5.443199636932934,2.3847024940712656,3.2751479305976128,18.865528907048333,13.656103856076104,15.64368211911465,34.959850178033065,25.306226354762497,28.989422232031664,3.6336432605532547,1.5878136910665077,2.2287945828671143,6.733531013906596,2.942389212823811,4.1301956111887765,37.85046482620599,30.11489175393171,33.7755547564159,70.14097436720658,55.80612709203164,62.58972858816053,3.1442008512873314,1.4110041654596972,1.9300407355340132,5.8265416905211564,2.614742182320795,3.5765726624585104,23.201126912037868,17.542412754109577,19.833662316228228,42.994178684454354,32.50797391722001,36.753905309168694,0.7587939698492463,-0.006206030150753716,-0.001206030150753712,0.6030150753768844,0.0030150753768843908,0.008015075376884395,0.49246231155778897,-0.01753768844221104,-0.022537688442211046,0.3914373088685015,0.10288769054789082,0.148304043354768,0.3098159509202454,0.44221105527638194,0.12140905026385063,0.1851158966787192,0.3939393939393939,0.39799331103678925,0.10083137447585433,0.1621757359533632,0.325503355704698,22.0,0.0,1.0,36.0,2.0,6.0,45.0,2.0,3.0,-0.0017223887865955147,-0.0006198062414287767,-0.0008532745481931804,0.014690613397743135,0.01776845289255835,0.021432875207934465,"[3.056640625, 9.4453125, 2.4296875, 1.0791015625, 1.802734375, 7.20703125, 10.5390625, 0.2080078125, 2.361328125, 6.56640625, 7.8671875, 8.0625, 5.3671875, 5.140625, 10.6015625, 4.8359375, 6.828125, 0.03302001953125, 5.7578125, 5.0859375, 3.318359375, 1.05078125, 7.33984375, 0.25439453125, 3.615234375, 4.76171875, 5.95703125, 3.849609375, 1.630859375, 1.4267578125, 2.783203125, 8.2890625, 1.3935546875, 1.5625, 9.46875, 0.08929443359375, 8.75, 5.30859375, 9.09375, 8.1875, 1.34765625, 3.36328125, 4.71875, 2.92578125, 1.1962890625, 11.9296875, 9.1640625, 5.4453125, 5.85546875, 4.171875, 8.890625, 2.197265625, 5.46875, 4.73046875, 1.892578125, 1.8017578125, 0.95751953125, 3.923828125, 5.36328125, 2.84375, 1.8046875, 1.5234375, 0.9482421875, 4.640625, 0.62451171875, 4.48046875, 3.75, 0.047515869140625, 2.5234375, 0.83154296875, 1.18359375, 1.4404296875, 4.67578125, 1.1064453125, 3.087890625, 4.6796875, 2.658203125, 0.1927490234375, 3.515625, 1.5458984375, 5.00390625, 2.947265625, 0.96435546875, 13.515625, 0.0411376953125, 4.4296875, 8.9453125, 2.90625, 5.5625, 2.517578125, 0.392578125, 4.33984375, 4.8984375, 5.6875, 1.052734375, 3.060546875, 4.984375, 3.900390625, 5.89453125, 0.47265625, 7.79296875, 6.40625, 3.8671875, 2.478515625, 3.716796875, 0.0225067138671875, 7.72265625, 0.1009521484375, 0.0032787322998046875, 0.798828125, 4.50390625, 2.5234375, 8.4296875, 2.1015625, 0.031005859375, 0.2144775390625, 12.421875, 1.6201171875, 0.234130859375, 6.7109375, 6.36328125, 0.266845703125, 0.272705078125, 6.05078125, 0.374267578125, 7.546875, 0.0274658203125, 0.147705078125, 5.85546875, 8.59375, 2.376953125, 0.00638580322265625, 0.759765625, 1.8310546875, 2.232421875, 1.9306640625, 2.875, 1.8720703125, 4.6015625, 0.62646484375, 4.88671875, 0.1810302734375, 0.666015625, 5.01953125, 4.484375, 0.49609375, 1.4365234375, 5.546875, 0.76318359375, 0.7392578125, 5.015625, 0.07562255859375, 5.28125, 0.0022125244140625, 2.611328125, 3.583984375, 2.125, 0.2626953125, 1.455078125, 1.7587890625, 5.52734375, 0.79833984375, 3.0390625, 1.8203125, 3.14453125, 0.79443359375, 0.0077056884765625, 0.7333984375, 12.0859375, 0.047821044921875, 0.403564453125, 10.90625, 4.58203125, 9.546875, 3.103515625, 9.5234375, 1.146484375, 4.3203125, 1.265625, 6.1015625, 6.03515625, 0.93994140625, 8.3125, 2.1640625, 4.9296875, 6.14453125, 0.7041015625, 4.765625, 6.4765625, 0.14013671875, 0.5859375, 5.0078125, 2.333984375, 2.5703125, 10.109375, 0.6611328125, 4.44921875, 2.1171875, 0.381591796875, 2.931640625, 0.00353240966796875, 0.3369140625, 0.0008630752563476562, 0.004657745361328125, 0.0028400421142578125, 0.77490234375, 4.234375, 0.1800537109375, 4.56640625, 11.640625, 1.373046875, 2.96484375, 0.006221771240234375, 0.385009765625, 0.200439453125, 2.19921875, 0.0251922607421875, 10.9609375, 1.1953125, 0.1668701171875, 0.00652313232421875, 3.23046875, 0.01464080810546875, 0.2435302734375, 2.72265625, 4.0546875, 0.0816650390625, 3.79296875, 0.1495361328125, 0.0017461776733398438, 0.02099609375, 0.0008358955383300781, 2.943359375, 0.001827239990234375, 0.060882568359375, 8.3671875, 0.100830078125, 0.2432861328125, 3.326171875, 4.91796875, 0.006053924560546875, 0.00714111328125, 4.8984375, 1.1533203125, 8.0859375, 0.012664794921875, 7.7265625, 7.32421875, 2.39453125, 12.1015625, 2.931640625, 6.48046875, 0.0010986328125, 0.1427001953125, 5.8671875, 0.6640625, 5.48046875, 7.80859375, 2.53125, 0.01019287109375, 0.0114898681640625, 0.0009183883666992188, 0.8095703125, 0.177490234375, 0.0055389404296875, 0.00119781494140625, 0.000591278076171875, 1.5927734375, 1.3955078125, 0.67919921875, 0.34912109375, 6.40625, 1.712890625, 2.4375, 0.00951385498046875, 0.69873046875, 4.9765625, 0.0263671875, 0.0037384033203125, 2.822265625, 0.6357421875, 0.83349609375, 3.52734375, 0.026123046875, 0.03082275390625, 0.183349609375, 0.043487548828125, 0.002391815185546875, 0.026519775390625, 0.176025390625, 9.0625, 2.169921875, 1.015625, 5.23828125, 0.0029048919677734375, 0.2379150390625, 0.0137939453125, 0.2001953125, 8.3671875, 0.8388671875, 1.5751953125, 1.6337890625, 1.6826171875, 1.736328125, 0.1749267578125, 0.30224609375, 0.021240234375, 0.440185546875, 0.0156402587890625, 0.03411865234375, 0.0021381378173828125, 0.0131378173828125, 0.004901885986328125, 0.638671875, 0.0011453628540039062, 0.1104736328125, 0.0574951171875, 0.0012054443359375, 0.5625, 0.027008056640625, 1.310546875, 2.5390625, 2.42578125, 0.4443359375, 0.9013671875, 2.005859375, 3.23046875]",-1.2028327542342905
36,1,test,2.3775814650715263,0.9118937035231816,1.109235672682424,5.0086107005313885,1.920994350061525,2.336714741945208,10.778802404115407,6.448281822241991,7.223835361891625,22.706614201562914,13.583943940255972,15.217724239517892,2.534698550425582,0.9160877757615278,1.3176441879374707,5.339593393028511,1.9298295783808839,2.7757479085992407,12.61262820350867,7.566552894196277,9.23540321661135,26.56974976881268,15.939692645134288,19.455291040069596,2.5086669866057942,0.9722185676112154,1.3722414373564316,5.284755327113729,2.0480746475058593,2.8907624187965433,12.288538351536031,7.6404853666138175,9.172926514770559,25.88702241567235,16.09543871647073,19.32367768339991,0.5728643216080402,-0.0021356783919597166,0.0028643216080401768,0.457286432160804,-0.007713567839195967,-0.007713567839195967,0.3517587939698492,-0.0032412060301507672,0.0017587939698492372,0.38647342995169087,0.08369900293118426,0.09810588351962835,0.3680387409200968,0.3919597989949749,0.0811828566390852,0.13152574223370617,0.36868686868686873,0.3846153846153846,0.07242840631822267,0.12432617438179172,0.3791946308724832,20.0,6.0,6.0,32.0,9.0,8.0,38.0,4.0,5.0,-0.00010522062951148024,-0.00027394008492417405,-0.00010013832812800172,0.005501046204619442,0.005551895719034583,0.006192996932764316,"[3.056640625, 6.44140625, 0.034515380859375, 0.005214691162109375, 0.014007568359375, 0.62109375, 3.78125, 0.1134033203125, 5.7734375, 0.048583984375, 4.54296875, 11.9609375, 0.58056640625, 3.736328125, 0.0396728515625, 1.666015625, 0.004436492919921875, 0.84521484375, 0.0005993843078613281, 0.595703125, 2.689453125, 6.453125, 0.833984375, 9.6640625, 6.1328125, 4.51953125, 3.716796875, 7.7421875, 8.453125, 0.251953125, 6.9140625, 0.038299560546875, 5.3359375, 0.0006055831909179688, 2.173828125, 1.8212890625, 0.421142578125, 0.00020503997802734375, 0.003154754638671875, 0.002605438232421875, 8.702278137207031e-06, 5.67578125, 5.58203125, 3.853515625, 0.170654296875, 0.389404296875, 5.50390625, 0.48828125, 4.25, 0.260009765625, 5.14453125, 10.9140625, 4.55078125, 2.69140625, 1.1884765625, 0.051971435546875, 1.521484375, 8.1171875, 0.5537109375, 0.76953125, 3.810546875, 0.08251953125, 0.0006875991821289062, 0.48388671875, 0.37939453125, 0.032958984375, 0.00022721290588378906, 0.00010693073272705078, 1.7998046875, 0.58837890625, 2.6640625, 4.2890625, 4.85546875, 1.783203125, 2.04296875, 0.7568359375, 0.2015380859375, 0.2132568359375, 5.4375, 2.13671875, 2.1015625, 4.72265625, 2.48828125, 4.58984375, 2.07421875, 0.406494140625, 0.755859375, 0.1614990234375, 2.013671875, 3.640625, 0.1834716796875, 0.434814453125, 0.2861328125, 0.11407470703125, 1.5380859375, 8.3671875, 1.9765625, 0.30078125, 2.35546875, 7.18359375, 5.99609375, 2.009765625, 8.921875, 2.462890625, 4.7421875, 1.2685546875, 0.10943603515625, 0.272216796875, 2.4140625, 1.736328125, 5.66015625, 0.93115234375, 6.3984375, 0.337158203125, 0.1729736328125, 2.12890625, 10.2265625, 4.49609375, 0.80078125, 0.0175323486328125, 4.7578125, 1.5556640625, 0.45947265625, 0.451904296875, 0.149658203125, 3.982421875, 0.544921875, 7.1328125, 1.8212890625, 0.302734375, 0.359375, 3.908203125, 5.23046875, 3.43359375, 1.3046875, 0.46435546875, 0.4462890625, 0.2332763671875, 1.619140625, 1.8359375, 3.267578125, 4.18359375, 1.7763671875, 2.591796875, 1.4619140625, 3.658203125, 1.392578125, 0.302001953125, 0.467041015625, 3.732421875, 9.53125, 4.859375, 0.3193359375, 4.0234375, 0.2449951171875, 3.328125, 0.1641845703125, 4.52734375, 0.740234375, 9.515625, 1.5673828125, 0.78466796875, 0.301025390625, 0.81103515625, 4.296875, 0.74072265625, 0.69482421875, 8.109375, 3.052734375, 2.177734375, 0.059234619140625, 4.5703125, 8.2578125, 4.09375, 3.16015625, 6.26171875, 6.375, 2.93359375, 2.23828125, 3.900390625, 1.9853515625, 2.806640625, 0.31787109375, 0.0019216537475585938, 0.82080078125, 0.0031871795654296875, 1.0771484375, 0.7138671875, 0.9326171875, 0.446533203125, 4.26171875, 5.37109375, 2.2578125, 1.783203125, 0.0029449462890625, 0.0048980712890625, 0.7529296875, 2.162109375, 4.72265625, 1.19921875, 1.9375, 7.97265625, 7.41796875, 1.048828125, 1.0703125, 0.392822265625, 0.55615234375, 0.211669921875, 0.43994140625, 4.28125, 2.47265625, 0.21435546875, 0.0010881423950195312, 0.0072479248046875, 0.0034694671630859375, 6.22265625, 2.3359375, 2.38671875, 1.35546875, 0.432373046875, 0.16650390625, 3.29296875, 1.3974609375, 7.37890625, 5.4375, 0.005901336669921875, 7.0625, 1.4736328125, 0.52001953125, 0.0009074211120605469, 0.0006866455078125, 0.0556640625, 1.32421875, 10.4375, 0.3896484375, 0.56103515625, 0.9267578125, 4.921875, 1.087890625, 0.002468109130859375, 2.193359375, 3.298828125, 2.275390625, 2.162109375, 3.25, 3.505859375, 0.57763671875, 4.97265625, 0.52734375, 2.4375, 0.79736328125, 0.96630859375, 1.951171875, 2.736328125, 2.935546875, 12.203125, 1.9638671875, 1.4833984375, 2.693359375, 1.2255859375, 0.062408447265625, 0.00019168853759765625, 0.02685546875, 0.00482177734375, 4.5390625, 7.2109375, 3.296875, 0.436767578125, 0.25439453125, 6.3671875, 1.810546875, 1.4931640625, 5.484375, 0.233154296875, 0.0022945404052734375, 3.4140625, 1.2333984375, 3.828125, 3.99609375, 1.294921875, 0.9326171875, 1.109375, 8.1875, 4.5546875, 0.1239013671875, 2.65625, 4.4609375, 4.91015625, 2.822265625, 2.044921875, 3.04296875, 3.2421875, 0.30078125, 3.083984375, 5.0, 1.3583984375, 2.974609375, 1.740234375, 0.5927734375, 5.71875, 0.037322998046875, 0.36279296875, 0.262451171875, 1.5068359375, 1.123046875, 3.87109375, 3.9453125, 6.4375, 7.55078125, 5.6171875, 6.07421875, 3.98828125, 2.93359375, 1.203125, 3.294921875, 0.202392578125, 2.29296875, 2.673828125, 1.4951171875, 3.1953125, 0.5244140625, 0.041259765625, 0.5537109375, 0.061798095703125, 1.3310546875, 2.71875, 1.8603515625, 0.02899169921875, 0.0003235340118408203, 0.044647216796875, 0.0024662017822265625, 1.626953125, 1.34765625, 0.1243896484375, 0.1910400390625, 0.7373046875, 5.8984375, 0.1639404296875, 5.4453125, 0.417236328125, 3.3046875, 4.07421875, 7.26953125, 2.48046875, 2.943359375, 4.55078125, 3.357421875, 0.72216796875, 0.2958984375, 2.369140625, 0.060882568359375, 0.0205230712890625, 1.1259765625, 1.0576171875, 7.3359375, 2.76953125, 0.0736083984375, 0.00022530555725097656, 0.37451171875, 0.005840301513671875, 1.1796875, 0.40185546875, 0.33154296875, 0.143310546875, 0.255126953125, 3.560546875, 0.00348663330078125, 4.484375, 0.271728515625, 0.1541748046875, 5.48046875, 2.490234375, 2.345703125, 4.734375, 5.81640625, 5.828125, 3.09375, 0.1885986328125, 5.49609375, 7.48828125, 0.0034351348876953125, 1.6201171875, 0.29150390625, 0.3466796875, 3.466796875, 0.459716796875, 1.181640625, 0.00383758544921875, 2.177734375, 0.01297760009765625, 0.0004448890686035156, 0.01021575927734375, 0.006267547607421875, 0.03265380859375, 2.8133392333984375e-05, 1.6064453125, 4.58984375, 3.041015625, 2.3203125, 12.7890625, 3.79296875, 0.0946044921875, 2.71484375, 3.92578125, 1.412109375, 0.833984375, 0.564453125, 0.257568359375, 0.064697265625, 0.1766357421875, 0.00901031494140625, 1.7421875, 1.337890625, 1.9375]",-1.184604537659797
478,1,test,3.713715444386624,1.7182375733550272,2.360418071202928,5.917458675121543,2.7378510784228456,3.761105717850819,41.00587890641688,33.650161634069704,37.13571301089169,65.339037817917,53.618389416924245,59.172289962409835,3.8611263294315816,1.8062915138698101,2.4502136153635927,6.1523441512920805,2.8781568078145328,3.904186529974955,47.51884311008683,39.71329469907683,43.41914756331571,75.71683792266582,63.27942561940813,69.18435600748107,3.713715444386624,1.7182375733550272,2.360418071202928,5.917458675121543,2.7378510784228456,3.761105717850819,41.00587890641688,33.650161634069704,37.13571301089169,65.339037817917,53.618389416924245,59.172289962409835,0.8040201005025126,-0.0009798994974873354,-0.0009798994974873354,0.6934673366834171,-0.0015326633165829717,-0.0015326633165829717,0.5628140703517588,0.00781407035175885,-0.0021859296482411583,0.4394463667820069,0.07910153919579999,0.1650491222355086,0.3784722222222222,0.4371859296482412,0.07218592964824122,0.16430739387453075,0.36363636363636365,0.4394463667820069,0.07910153919579999,0.1650491222355086,0.3784722222222222,29.0,2.0,1.0,38.0,-1.0,0.0,51.0,2.0,1.0,-0.0009174290779805523,-0.0004327517757015317,-0.0001802785055806297,0.0003149833039568506,-0.00014238108104080993,5.260203672641239e-06,"[6.5390625, 3.1796875, 7.98828125, 8.8515625, 3.48046875, 3.697265625, 2.8203125, 7.0546875, 2.453125, 2.208984375, 4.73828125, 4.14453125, 3.53515625, 0.6513671875, 0.00849151611328125, 4.89453125, 10.4375, 10.7109375, 3.41796875, 4.42578125, 5.80859375, 4.60546875, 0.51904296875, 12.3359375, 1.6611328125, 3.962890625, 1.88671875, 6.34765625, 5.00390625, 8.09375, 10.8203125, 2.873046875, 10.0859375, 3.369140625, 2.1484375, 8.3828125, 6.05078125, 2.6171875, 0.681640625, 1.81640625, 3.716796875, 4.171875, 1.2451171875, 0.37255859375, 3.607421875, 7.3515625, 7.03125, 1.3984375, 7.04296875, 0.3818359375, 6.3828125, 7.140625, 8.34375, 4.78125, 2.248046875, 2.58984375, 1.587890625, 5.1484375, 10.203125, 8.7890625, 3.580078125, 7.0546875, 1.734375, 8.296875, 4.48046875, 0.69677734375, 7.27734375, 3.40625, 3.0625, 1.0712890625, 6.94921875, 1.5693359375, 5.28515625, 0.591796875, 7.90234375, 1.1064453125, 0.978515625, 2.5078125, 1.4599609375, 2.923828125, 4.19921875, 5.8515625, 2.072265625, 4.83203125, 3.3125, 3.46484375, 3.498046875, 0.32958984375, 0.9501953125, 7.03515625, 0.2415771484375, 1.7119140625, 2.09375, 1.0166015625, 2.208984375, 3.8125, 9.8125, 2.5859375, 2.982421875, 7.30859375, 4.11328125, 5.1015625, 1.84765625, 3.173828125, 5.36328125, 3.482421875, 0.343994140625, 0.869140625, 0.0175933837890625, 0.230712890625, 7.87890625, 2.095703125, 2.1640625, 6.9375, 0.54150390625, 3.966796875, 0.03680419921875, 0.30517578125, 2.2578125, 10.53125, 4.109375, 6.85546875, 1.501953125, 0.05792236328125, 2.125, 0.63232421875, 5.0, 3.013671875, 2.505859375, 7.56640625, 9.9453125, 6.625, 5.9765625, 0.8408203125, 7.8046875, 8.140625, 0.429931640625, 3.984375, 4.2578125, 4.12890625, 5.21875, 10.8359375, 10.2578125, 2.474609375, 2.171875, 9.7734375, 4.30859375, 4.62890625, 0.74365234375, 9.75, 0.052154541015625, 2.716796875, 2.44921875, 1.75390625, 2.49609375, 3.421875, 3.876953125, 3.416015625, 0.80712890625, 0.00838470458984375, 3.923828125, 0.6171875, 3.4453125, 0.80224609375, 5.35546875, 3.44921875, 0.1611328125, 4.2265625, 0.320556640625, 0.89111328125, 5.0625, 5.07421875, 0.876953125, 4.04296875, 4.390625, 4.62109375, 3.115234375, 1.974609375, 1.02734375, 0.010009765625, 1.439453125, 3.908203125, 6.35546875, 0.560546875, 0.9990234375, 5.64453125, 2.39453125, 7.078125, 0.67626953125, 5.4921875, 3.728515625, 7.21484375, 4.140625, 0.0085296630859375, 0.1649169921875, 5.15234375, 0.11541748046875, 0.62060546875, 2.45703125, 3.970703125, 0.23486328125, 7.65625, 7.53515625, 3.373046875, 6.109375, 4.37109375, 1.1435546875, 4.40234375, 5.34765625, 3.517578125, 4.26171875, 0.148681640625, 5.921875, 1.1640625, 3.447265625, 2.5078125, 1.982421875, 4.48046875, 3.18359375, 6.37890625, 12.125, 1.0361328125, 4.8828125, 2.265625, 3.13671875, 1.47265625, 3.978515625, 2.013671875, 3.017578125, 0.5654296875, 0.053131103515625, 7.0, 3.888671875, 1.87109375, 5.52734375, 2.1484375, 3.041015625, 1.9775390625, 8.125, 3.021484375, 5.4140625, 5.77734375, 0.81689453125, 6.828125, 0.77685546875, 3.060546875, 5.92578125, 2.662109375, 2.037109375, 0.53564453125, 0.421875, 1.3623046875, 5.421875, 0.58984375, 3.455078125, 2.98046875, 0.5224609375, 3.80078125, 4.51171875, 0.25048828125, 3.8671875, 0.12396240234375, 3.654296875, 2.3671875, 4.515625, 1.0, 9.4609375, 0.1793212890625, 7.3671875, 0.271484375, 6.01171875, 0.160400390625, 0.56396484375, 8.140625, 6.1484375, 0.25439453125, 4.85546875, 9.0703125, 1.509765625, 5.57421875, 3.6796875, 0.40869140625, 2.21484375, 5.0703125, 1.3671875, 2.744140625, 0.888671875, 2.447265625, 1.34765625]",-0.7360397474163545
392,1,test,3.535511128486149,1.4981016701619736,1.9598725222011955,6.47323052027174,2.7429011255622604,3.5883656324360045,34.31254835377178,26.641836215325547,29.478720808461816,62.82345809700244,48.77901413337383,53.97311684254602,3.4210051489834807,1.424411796137445,2.020151164639495,6.263579475675068,2.607981018048752,3.698730876320621,30.60015728517368,23.236230265916635,26.541492761917677,56.026374932757605,42.54362932745123,48.59529351095072,3.635529341107627,1.5975916613551435,2.2154440037838343,6.656355653525559,2.92505912876135,4.056296026251562,37.921921216960556,30.247156173671055,33.784447710857954,69.43192338757513,55.38005888802575,61.85654919041142,0.6432160804020101,0.0032160804020100464,0.0032160804020100464,0.5276381909547738,-0.012361809045226213,-0.002361809045226204,0.44221105527638194,-0.0027889447236180143,-0.0027889447236180143,0.42592592592592593,0.12209501443319148,0.15515368741175195,0.4297082228116711,0.42211055276381915,0.11885240740041059,0.1733626395751714,0.4292929292929293,0.42140468227424754,0.11923439846790362,0.1833624130862609,0.4429530201342282,21.0,0.0,1.0,33.0,5.0,6.0,39.0,2.0,4.0,0.00021945255487212112,-0.00020733566912499305,0.00010927773099828349,-0.00019506987546957788,0.00020236264838668916,-7.401098707493503e-05,"[3.056640625, 9.4453125, 2.4296875, 11.078125, 1.2548828125, 1.7197265625, 3.12109375, 0.00557708740234375, 0.91259765625, 2.525390625, 0.012481689453125, 6.18359375, 2.9765625, 2.130859375, 0.59326171875, 8.1640625, 3.845703125, 0.06561279296875, 0.4619140625, 6.08203125, 0.11529541015625, 0.1341552734375, 6.6015625, 0.45654296875, 1.220703125, 0.026397705078125, 0.08526611328125, 0.0001552104949951172, 0.03460693359375, 0.039886474609375, 5.609375, 4.51171875, 5.27734375, 0.1500244140625, 1.5947265625, 7.30859375, 9.5, 0.2293701171875, 3.890625, 0.0022678375244140625, 0.016845703125, 0.008392333984375, 0.0416259765625, 11.1328125, 4.3125, 7.91015625, 10.0859375, 1.6962890625, 0.00824737548828125, 0.002170562744140625, 0.001506805419921875, 0.222900390625, 0.00031304359436035156, 0.402587890625, 4.0859375, 6.94140625, 1.0869140625, 10.8125, 8.0546875, 13.03125, 9.9921875, 9.0546875, 9.6796875, 9.03125, 4.0859375, 8.796875, 2.8515625, 0.8896484375, 4.45703125, 0.9462890625, 0.2451171875, 0.177490234375, 0.046966552734375, 4.54296875, 0.02532958984375, 0.0018873214721679688, 0.01078033447265625, 0.006183624267578125, 6.421875, 8.2109375, 4.3828125, 4.5390625, 0.84375, 12.0234375, 0.9345703125, 3.93359375, 5.2890625, 2.216796875, 8.9921875, 1.794921875, 8.546875, 7.890625, 2.69140625, 6.39453125, 5.34375, 1.767578125, 6.53515625, 1.8349609375, 6.5234375, 1.251953125, 0.03314208984375, 0.09881591796875, 1.375, 4.30078125, 0.457763671875, 4.015625, 0.06402587890625, 0.001224517822265625, 0.0024261474609375, 0.0011949539184570312, 0.0006160736083984375, 2.13671875, 4.3359375, 0.037872314453125, 6.66796875, 2.755859375, 2.1171875, 3.72265625, 0.74365234375, 2.1796875, 3.720703125, 1.7783203125, 4.51171875, 4.11328125, 1.783203125, 0.1434326171875, 7.58203125, 3.388671875, 1.83203125, 6.60546875, 0.040985107421875, 3.779296875, 5.0, 2.607421875, 0.84228515625, 2.29296875, 0.0179290771484375, 6.8984375, 1.6025390625, 3.98046875, 0.0821533203125, 7.26953125, 8.6875, 0.8134765625, 0.1395263671875, 0.045562744140625, 7.19921875, 0.035400390625, 0.1290283203125, 4.73828125, 0.10455322265625, 7.87890625, 5.32421875, 1.5419921875, 0.0792236328125, 0.1021728515625, 0.6875, 7.05859375, 2.025390625, 0.07928466796875, 12.234375, 0.033416748046875, 0.423095703125, 2.482421875, 5.80859375, 6.33984375, 2.970703125, 5.36328125, 1.9755859375, 8.428096771240234e-05, 8.890625, 0.50732421875, 3.7421875, 14.921875, 0.53125, 0.00017571449279785156, 4.82421875, 4.58203125, 1.71875, 4.33203125, 2.236328125, 5.1171875, 8.8125, 4.44140625, 6.49609375, 7.234375, 1.720703125, 2.9921875, 0.70458984375, 0.0391845703125, 3.62890625, 0.319091796875, 1.7646484375, 6.98828125, 2.81640625, 9.4609375, 7.453125, 1.5888671875, 12.2109375, 0.5224609375, 0.03155517578125, 6.7265625, 0.1043701171875, 0.1234130859375, 3.169921875, 8.3515625, 2.251953125, 6.21875, 8.703125, 3.16015625, 1.2763671875, 7.375, 2.919921875, 5.9140625, 0.513671875, 10.8125, 5.4140625, 7.6953125, 2.5703125, 0.6181640625, 3.599609375, 4.9296875, 3.337890625, 5.62890625, 1.79296875, 0.01666259765625, 8.8671875, 0.82421875, 3.00390625, 3.525390625, 0.0689697265625, 0.386474609375, 11.125, 1.390625, 8.4296875, 3.55859375, 0.55517578125, 0.12371826171875, 4.75, 8.109375, 4.7421875, 15.4765625, 1.58203125, 0.0013170242309570312, 8.28125, 9.2890625, 10.4140625, 9.3984375, 9.921875, 0.5185546875, 0.002834320068359375, 3.732421875, 0.55859375, 0.98583984375, 2.20703125, 1.404296875, 0.0008063316345214844, 4.7109375, 0.0011262893676757812, 0.1728515625, 2.912109375, 1.474609375, 0.001190185546875, 9.0390625, 6.515625, 11.203125, 1.755859375, 4.25, 0.0007190704345703125, 7.28125, 2.287109375, 6.45703125, 0.8330078125, 0.0001455545425415039, 9.8515625, 5.44921875, 2.892578125, 0.96826171875, 0.0023097991943359375, 3.771484375, 6.37109375, 6.2578125, 7.33984375, 3.55859375, 10.5625, 0.91796875, 1.8056640625, 0.0003294944763183594, 2.853515625, 0.17041015625, 9.78125, 3.923828125, 8.546875, 0.0126800537109375, 7.2265625, 1.056640625, 8.46875, 5.640625, 1.5615234375, 1.515625, 0.1470947265625, 0.008148193359375, 5.2109375, 2.107421875, 0.60498046875, 8.171875, 5.31640625, 4.84375, 6.30859375, 2.15234375, 5.39453125, 0.49755859375, 2.97265625, 7.984375, 10.4375, 0.203125, 2.654296875, 12.15625, 2.7890625, 0.0014734268188476562, 8.890625, 3.13671875, 0.3076171875, 1.751953125, 1.1474609375, 1.318359375, 0.0038852691650390625, 0.29052734375, 0.3486328125, 1.578125, 12.0390625, 4.7578125, 6.328125, 2.095703125, 0.058837890625, 1.33203125, 0.06512451171875, 4.85546875, 0.424072265625, 0.0261688232421875, 0.0906982421875, 4.2265625, 0.205810546875, 3.939453125, 5.48828125, 9.265625, 4.6171875, 10.359375, 2.623046875, 0.05780029296875, 4.98828125, 0.328369140625, 0.118896484375, 0.2471923828125, 1.5126953125, 4.9453125, 6.85546875, 0.08251953125, 1.1787109375, 0.2587890625, 4.515625, 1.927734375, 0.5068359375, 1.486328125, 1.443359375, 0.07745361328125, 6.05078125, 6.9453125, 2.046875, 1.75, 7.1328125, 0.66162109375, 6.77734375, 2.306640625, 0.8505859375, 4.8515625, 1.19140625, 2.162109375]",-0.9424809293141441
45,1,test,3.0650929655119725,1.3124911799795513,1.8463366828243875,5.4409934299029095,2.3298659999637,3.277520738741516,21.43645474554159,15.666860333364404,18.053477097324215,38.05287824652353,27.810994674611365,32.04759248045718,3.1036629994310925,1.3276588878734163,1.847707691999163,5.509460945735667,2.356790925219083,3.2799544828387512,22.279411467581625,16.373202815334494,18.768220428011993,39.54925112588454,29.064857068641118,33.31636762368993,3.0702185694589263,1.3329414809991027,1.8352498184861574,5.450092135134189,2.366168309465863,3.257839914472469,21.54661159160827,15.864760429490742,18.108340515208393,38.248422943683316,28.16229662039777,32.14498316309182,0.6582914572864322,0.003291457286432209,0.008291457286432213,0.5226130653266332,0.0026130653266331905,0.0026130653266331905,0.42713567839195976,0.0021356783919597166,0.007135678391959721,0.3946488294314381,0.09915634195230616,0.15660656024345143,0.3926174496644296,0.40703517587939697,0.11129582750846967,0.1699734062633702,0.4191919191919192,0.3913043478260869,0.1008202075923641,0.15437442569038062,0.38926174496644295,23.0,6.0,5.0,33.0,8.0,7.0,41.0,6.0,4.0,0.00021337187693285762,6.74269540492978e-05,-0.00014267835720405676,0.01617250372466117,0.014867657623179653,0.017014955407931076,"[3.056640625, 9.4453125, 2.48046875, 1.80859375, 0.8740234375, 6.9921875, 0.5927734375, 8.6328125, 5.21484375, 1.0556640625, 0.1607666015625, 6.90234375, 1.6689453125, 9.390625, 4.40625, 1.00390625, 4.9296875, 2.95703125, 0.01073455810546875, 2.3125, 0.80712890625, 0.37158203125, 3.232421875, 2.732421875, 0.043060302734375, 0.6845703125, 0.6787109375, 0.77685546875, 1.23828125, 0.8759765625, 1.01171875, 10.8828125, 2.703125, 4.49609375, 4.69921875, 2.056640625, 0.62646484375, 2.251953125, 0.1595458984375, 6.0078125, 0.931640625, 6.48828125, 0.1524658203125, 0.8017578125, 9.6171875, 0.00872802734375, 4.59765625, 6.8125, 7.4453125, 6.984375, 4.671875, 2.689453125, 1.634765625, 9.5367431640625e-06, 0.42236328125, 0.037139892578125, 0.0254364013671875, 1.4482421875, 0.00026988983154296875, 0.16552734375, 0.04693603515625, 0.09979248046875, 1.4931640625, 0.00128173828125, 0.28759765625, 0.053558349609375, 0.223388671875, 0.4619140625, 12.1640625, 1.634765625, 2.25, 1.759765625, 3.619140625, 1.99609375, 6.40625, 0.028778076171875, 0.005130767822265625, 3.220703125, 5.37890625, 1.728515625, 5.5703125, 3.58203125, 2.17578125, 3.052734375, 2.525390625, 4.7734375, 6.98046875, 0.6591796875, 3.921875, 2.640625, 0.53955078125, 5.2109375, 0.04376220703125, 0.2374267578125, 0.3642578125, 8.3671875, 0.94140625, 0.06610107421875, 0.16162109375, 1.1533203125, 8.2265625, 4.359375, 0.8818359375, 1.8896484375, 8.8046875, 3.2109375, 10.109375, 2.533203125, 3.12109375, 0.012603759765625, 0.58642578125, 3.361328125, 3.91796875, 9.75, 0.63916015625, 0.0110321044921875, 0.0009431838989257812, 10.3984375, 1.2734375, 8.8515625, 1.2099609375, 0.006473541259765625, 3.27734375, 6.09765625, 6.8671875, 5.75, 2.6015625, 6.34375, 6.8203125, 0.97802734375, 1.333984375, 1.6943359375, 5.1953125, 0.65234375, 6.29296875, 0.0095062255859375, 3.853515625, 2.998046875, 10.8046875, 7.1875, 8.71875, 6.5078125, 4.05078125, 4.21484375, 3.5078125, 1.3095703125, 2.046875, 4.83984375, 0.4326171875, 0.74609375, 5.0703125, 0.302978515625, 1.5419921875, 7.64453125, 0.52001953125, 1.833984375, 0.5263671875, 5.30859375, 1.7041015625, 0.359375, 2.8203125, 9.6484375, 0.68994140625, 0.61328125, 5.71875, 6.61328125, 4.0, 0.955078125, 3.125, 4.84375, 4.94921875, 9.546875, 5.91015625, 0.0718994140625, 2.630859375, 0.96240234375, 3.99609375, 2.822265625, 6.55859375, 0.250244140625, 0.003978729248046875, 6.015625, 1.7421875, 4.51953125, 5.22265625, 1.044921875, 3.35546875, 3.55859375, 0.55859375, 3.375, 7.3671875, 0.0251617431640625, 1.5029296875, 3.990234375, 0.232666015625, 1.541015625, 0.00377655029296875, 0.331787109375, 0.0009417533874511719, 0.007289886474609375, 0.002857208251953125, 4.78515625, 9.265625, 6.19140625, 3.84375, 4.11328125, 6.765625, 0.58740234375, 0.2958984375, 1.859375, 3.939453125, 0.439697265625, 5.65625, 2.0390625, 0.225341796875, 1.61328125, 0.0033969879150390625, 0.407470703125, 0.70166015625, 3.666015625, 0.02587890625, 3.548828125, 7.78515625, 0.71484375, 0.107177734375, 0.00403594970703125, 1.396484375, 0.00022661685943603516, 0.75634765625, 3.669921875, 12.703125, 0.06787109375, 4.94140625, 0.27392578125, 2.5078125, 1.9453125, 9.671875, 0.59521484375, 10.5390625, 2.619140625, 1.4169921875, 12.6015625, 2.36328125, 7.63671875, 0.05096435546875, 0.044525146484375, 1.0205078125, 0.34375, 0.19482421875, 0.0008726119995117188, 0.0022640228271484375, 0.0022945404052734375, 2.968311309814453e-05, 0.58447265625, 0.16552734375, 0.004856109619140625, 0.0002765655517578125, 6.890296936035156e-05, 9.625, 0.64111328125, 6.7109375, 0.64697265625, 8.390625, 1.8203125, 10.015625, 5.875, 4.46484375, 0.0225830078125, 8.2265625, 0.469970703125, 8.1875, 3.138671875, 2.037109375, 4.9140625, 1.666015625, 2.228515625, 1.5478515625, 2.765625, 2.330078125, 5.2890625, 5.5, 0.1953125, 0.931640625, 8.828125, 0.193603515625, 5.640625, 1.76171875, 7.85546875, 2.22265625, 2.349609375, 5.46484375, 6.11328125, 0.8740234375, 0.97509765625, 8.40625, 1.421875, 2.48046875, 0.203125, 2.099609375]",-1.3891802583649806
370,1,test,3.0620363880229253,1.2878412848256355,1.7070344039188918,5.79766280574899,2.438399996141939,3.232100673409881,21.37103259539187,15.475498665732545,17.49426394685401,40.46393481259476,29.301324884864158,33.12365711764744,3.0820518462502178,1.3232878362247726,1.8390146694015659,5.835560094676808,2.5055145325474117,3.4819922420648934,21.8030931261385,15.997835408165061,18.336968397959854,41.281998660150556,30.29031780327699,34.719234580908754,2.9024941610253374,1.2448908211470704,1.7308167227752296,5.4955853911799535,2.3570775446084125,3.2771301400769577,18.219531190737474,12.9728100342315,14.99212932295989,34.496878853528315,24.562731689179444,28.38611288052812,0.6381909547738693,0.00819095477386933,0.0031909547738693256,0.5376884422110553,-0.007311557788944656,0.002688442211055353,0.4371859296482412,0.0021859296482411583,0.0021859296482411583,0.43817204301075274,0.1254203651584037,0.16837732160312813,0.4043126684636119,0.42211055276381915,0.10632107907960864,0.1666848432479594,0.3484848484848485,0.4247491638795987,0.1209094309914518,0.18448220058705145,0.35906040268456374,21.0,2.0,2.0,32.0,6.0,5.0,40.0,2.0,1.0,-0.000987211505489327,0.00042496198306036956,-0.000490844742730157,0.002997426768977185,0.004990703169765354,0.005675959437525968,"[3.056640625, 9.4453125, 2.4296875, 1.0791015625, 1.802734375, 7.20703125, 4.19921875, 3.509765625, 0.79638671875, 0.10577392578125, 8.7421875, 4.37109375, 1.4052734375, 0.1336669921875, 5.9765625, 4.98046875, 0.110595703125, 2.91796875, 0.230712890625, 9.3671875, 3.548828125, 2.548828125, 4.07421875, 4.24609375, 8.3515625, 6.25390625, 0.60595703125, 9.5625, 6.4609375, 7.08203125, 1.68359375, 4.44140625, 3.603515625, 3.744140625, 3.83203125, 5.4296875, 7.76953125, 7.62109375, 2.33203125, 0.66943359375, 4.37109375, 7.8671875, 2.87109375, 1.7353515625, 0.466796875, 8.2890625, 3.11328125, 4.28125, 2.2890625, 2.580078125, 0.689453125, 5.12890625, 0.1134033203125, 6.2109375, 1.076171875, 13.765625, 0.58447265625, 4.3359375, 2.5859375, 9.234375, 1.001953125, 0.267578125, 2.34765625, 0.036773681640625, 1.390625, 4.546875, 8.71875, 0.227783203125, 6.04296875, 4.1328125, 3.232421875, 1.73046875, 1.6142578125, 0.057769775390625, 2.033203125, 12.46875, 2.9140625, 8.7890625, 0.58935546875, 5.03515625, 4.14453125, 3.05859375, 1.1591796875, 8.703125, 1.1865234375, 6.35546875, 5.2265625, 5.33203125, 5.1484375, 3.19921875, 4.6484375, 4.15625, 6.578125, 1.2177734375, 4.87109375, 3.107421875, 2.095703125, 3.21875, 0.2242431640625, 3.556640625, 0.1649169921875, 0.4228515625, 4.0703125, 1.423828125, 0.37158203125, 8.1015625, 0.962890625, 1.52734375, 2.916015625, 1.353515625, 1.2822265625, 5.58203125, 0.10101318359375, 1.3779296875, 8.734375, 0.0081024169921875, 2.779296875, 3.486328125, 0.0015687942504882812, 0.1812744140625, 0.000274658203125, 0.002063751220703125, 0.003925323486328125, 0.64013671875, 2.728515625, 0.183349609375, 4.07421875, 6.35546875, 4.10546875, 3.62109375, 0.0082550048828125, 0.07293701171875, 0.290283203125, 3.287109375, 0.0299224853515625, 8.828125, 3.337890625, 0.05908203125, 0.0039215087890625, 0.2052001953125, 0.1708984375, 2.455078125, 0.0272216796875, 3.9609375, 0.47119140625, 7.87890625, 0.279052734375, 0.025115966796875, 0.0015020370483398438, 0.1646728515625, 0.04522705078125, 2.388671875, 0.005901336669921875, 7.625, 3.65625, 0.255859375, 0.0042877197265625, 0.1829833984375, 0.02197265625, 3.2109375, 0.00946044921875, 11.453125, 4.01953125, 0.1915283203125, 0.004299163818359375, 0.191650390625, 0.01081085205078125, 9.375, 0.2330322265625, 8.7421875, 11.234375, 13.3203125, 0.045379638671875, 0.0007710456848144531, 0.83447265625, 0.0100555419921875, 2.265625, 0.036529541015625, 4.40625, 6.46484375, 2.892578125, 0.1917724609375, 0.0018873214721679688, 0.446044921875, 0.00872802734375, 3.44921875, 0.06488037109375, 7.78515625, 3.529296875, 0.268798828125, 0.0239410400390625, 0.0015764236450195312, 0.366943359375, 0.005855560302734375, 2.74609375, 0.042083740234375, 6.5703125, 1.31640625, 0.0265655517578125, 0.0009441375732421875, 0.1636962890625, 0.003162384033203125, 1.880859375, 0.044525146484375, 3.595703125, 4.40625, 0.0217742919921875, 0.0025234222412109375, 0.1656494140625, 0.0031757354736328125, 4.30078125, 0.0252532958984375, 8.9921875, 5.65625, 3.51953125, 0.09228515625, 0.0014848709106445312, 2.158203125, 0.0005197525024414062, 0.50048828125, 7.6015625, 4.2734375, 1.6181640625, 1.2265625, 1.8017578125, 1.201171875, 4.29296875, 5.05859375, 7.0703125, 2.837890625, 0.75146484375, 0.77197265625, 0.034515380859375, 0.0280609130859375, 0.057464599609375, 0.025421142578125, 0.020294189453125, 0.005237579345703125, 0.08929443359375, 0.057769775390625, 3.85546875, 0.0399169921875, 0.00171661376953125, 0.005756378173828125, 0.0002903938293457031, 6.0546875, 6.9921875, 1.31640625, 4.09375, 1.361328125, 9.0234375, 1.23828125, 1.826171875, 0.51123046875, 0.7578125, 2.380859375, 1.4072265625, 4.25, 1.8740234375, 4.88671875, 3.10546875, 0.2098388671875, 5.046875, 3.55859375, 0.0122528076171875, 8.859375, 3.451171875, 6.05078125, 0.5068359375, 2.0742416381835938e-05, 3.916015625, 3.81640625, 5.41796875, 0.485107421875, 5.7816505432128906e-05, 7.1953125, 4.72265625, 0.98388671875, 3.87890625, 8.5546875, 7.75390625, 0.1304931640625, 2.435546875, 4.16796875, 1.0556640625, 5.04296875, 3.076171875, 4.125, 2.953125, 9.984375, 1.33203125, 0.2265625, 0.418212890625, 3.400390625, 0.75048828125, 0.92431640625, 5.890625, 1.009765625, 4.23828125, 0.4921875, 6.17578125, 0.29931640625, 1.62109375, 2.189453125, 0.1650390625, 7.94921875, 0.0171966552734375, 4.77734375, 6.31640625, 11.9609375, 1.7978515625, 6.01171875, 4.16015625, 0.439208984375, 2.138671875, 1.53125, 6.02734375, 0.340087890625, 3.19921875, 0.00397491455078125, 4.40234375, 2.525390625, 0.50341796875, 0.81591796875, 5.90234375, 1.5087890625, 2.9921531677246094e-05, 4.1796875, 6.0859375, 5.43359375, 3.20703125, 0.83740234375, 2.142578125, 9.6796875, 5.3828125, 1.060546875, 8.3984375, 0.72119140625, 3.462890625, 9.6015625, 2.4765625, 6.7734375, 4.3125, 9.09375, 2.923828125, 9.9921875, 4.21484375, 0.38232421875, 7.3515625, 0.060699462890625, 0.018157958984375, 3.078125, 7.62109375, 6.65625, 4.21875, 0.4443359375, 3.125, 0.9013671875, 2.87890625, 3.087890625, 0.001384735107421875, 3.8671875, 12.2734375, 4.26953125, 10.890625, 2.80078125, 4.140625, 1.076171875, 1.2646484375, 2.494140625, 6.328125, 1.8798828125]",-1.6504212688374262
381,1,test,2.9429195045282284,1.2364484925587669,1.711032978558272,4.915301725648211,2.0651320567204934,2.8577891237622204,18.971151904399164,13.461667677944142,15.543462037865725,31.685860095645413,22.483849206779045,25.960888722818286,3.0203523132669265,1.2689350477668841,1.789214440330595,5.0446309913075265,2.119391515951073,2.9883687992755683,20.498512309996187,14.73574805195312,17.073387633541174,34.236876943291506,24.611834512304682,28.516189983680473,2.9235831188118975,1.2596912461129433,1.7430734022411887,4.883005847377318,2.1039524004226817,2.911303448424113,18.60784226131481,13.328022966323937,15.351808827133723,31.079055691770485,22.26063410332828,25.640787083616964,0.6030150753768844,-0.0019849246231156137,-0.006984924623115618,0.4974874371859297,-0.002512562814070307,0.007487437185929702,0.4371859296482412,-0.002814070351758735,0.0021859296482411583,0.43450479233226835,0.1426387636241344,0.1911466626829591,0.3717948717948718,0.4371859296482412,0.1464591126056347,0.20179360911401756,0.3434343434343434,0.4381270903010034,0.14597350098547746,0.1911860446947743,0.37248322147651003,22.0,6.0,6.0,37.0,10.0,9.0,44.0,8.0,9.0,-0.0013978208064803813,-0.00024122473552445838,3.239329210002789e-05,0.026376976417656017,0.020034196896141943,0.024162441074576435,"[3.0625, 9.453125, 2.48046875, 1.494140625, 0.81689453125, 3.970703125, 2.595703125, 3.076171875, 0.00963592529296875, 9.9140625, 1.2197265625, 4.671875, 3.244140625, 7.39453125, 8.3984375, 1.962890625, 9.109375, 0.0180206298828125, 4.97265625, 7.03515625, 6.125, 3.48046875, 2.64453125, 1.0107421875, 0.003940582275390625, 7.1171875, 2.154296875, 7.7109375, 3.52734375, 4.00390625, 11.9140625, 4.1171875, 9.0234375, 3.720703125, 1.4697265625, 8.359375, 0.01593017578125, 5.3671875, 9.2265625, 0.82421875, 2.587890625, 1.326171875, 5.71875, 0.9609375, 5.64453125, 4.16796875, 0.7880859375, 5.765625, 3.9375, 2.708984375, 1.78515625, 0.8779296875, 9.6640625, 4.1171875, 2.703125, 8.9921875, 5.765625, 2.677734375, 1.6318359375, 2.90625, 0.1077880859375, 3.3203125, 3.201171875, 6.5859375, 0.02630615234375, 4.8671875, 1.41015625, 9.734375, 2.306640625, 8.5390625, 6.69140625, 0.15380859375, 5.00390625, 3.546875, 5.58984375, 6.5703125, 0.10699462890625, 4.7734375, 5.74609375, 6.4921875, 1.2001953125, 4.0625, 0.171630859375, 12.3828125, 0.58740234375, 3.384765625, 3.951171875, 0.8896484375, 6.01953125, 0.70849609375, 5.88671875, 5.84375, 1.1640625, 4.57421875, 1.671875, 0.021331787109375, 8.5859375, 0.1812744140625, 1.330078125, 3.46875, 0.002384185791015625, 1.36328125, 0.0100250244140625, 0.464111328125, 0.00203704833984375, 0.40380859375, 9.4609375, 4.390625, 0.0947265625, 5.8984375, 0.896484375, 1.1650390625, 1.7578125, 0.00800323486328125, 0.26220703125, 1.3994140625, 0.60546875, 0.07373046875, 1.3046875, 0.0240936279296875, 3.912109375, 0.3203125, 0.11541748046875, 6.04296875, 0.91015625, 0.031646728515625, 0.0003714561462402344, 0.1385498046875, 1.0673828125, 5.109375, 6.40625, 5.3671875, 0.0006380081176757812, 0.06170654296875, 0.04119873046875, 6.5625, 4.421875, 4.08984375, 0.07476806640625, 5.703125, 8.109375, 2.9765625, 0.318359375, 2.48046875, 4.3046875, 4.4375, 5.16796875, 7.19140625, 1.5576171875, 0.39208984375, 0.52392578125, 0.003570556640625, 0.03619384765625, 3.0703125, 8.0078125, 1.97265625, 2.470703125, 8.5, 0.241455078125, 0.0161895751953125, 0.002704620361328125, 0.0197906494140625, 4.38671875, 0.267333984375, 5.61328125, 7.5078125, 0.443603515625, 0.280517578125, 4.015625, 0.1759033203125, 0.7412109375, 0.0008282661437988281, 0.01161956787109375, 0.0011377334594726562, 1.1123046875, 4.6328125, 0.3408203125, 0.004680633544921875, 0.005817413330078125, 0.0005941390991210938, 3.51171875, 8.0078125, 0.042266845703125, 0.00553131103515625, 0.20947265625, 0.02288818359375, 0.0014705657958984375, 0.0029621124267578125, 0.1265869140625, 0.0018835067749023438, 0.06658935546875, 0.1766357421875, 0.007678985595703125, 0.00127410888671875, 0.40478515625, 0.0081329345703125, 0.140625, 0.0001665353775024414, 12.3984375, 3.1015625, 0.14111328125, 3.23046875, 0.26806640625, 0.01153564453125, 2.65234375, 7.16796875, 2.2421875, 0.31005859375, 3.697265625, 0.04718017578125, 1.1279296875, 0.57080078125, 0.0016317367553710938, 3.26171875, 5.94921875, 4.5078125, 0.292724609375, 0.9423828125, 1.3896484375, 0.205322265625, 3.51953125, 1.505859375, 4.984375, 0.755859375, 0.34716796875, 0.0029087066650390625, 0.0022182464599609375, 0.0003833770751953125, 2.587890625, 0.0014562606811523438, 0.061187744140625, 0.08856201171875, 0.0011692047119140625, 0.6513671875, 0.37744140625, 0.00594329833984375, 0.0007915496826171875, 0.00025272369384765625, 1.5654296875, 4.60546875, 0.04180908203125, 4.4140625, 0.01708984375, 6.20703125, 1.7841796875, 4.21484375, 1.53125, 4.1484375, 3.15625, 4.58984375, 1.15625, 4.953125, 2.48046875, 0.07818603515625, 4.6015625, 8.3203125, 1.6708984375, 5.27734375, 5.94921875, 5.7734375, 1.388671875, 0.0011997222900390625, 4.3046875, 4.82421875, 5.03125, 0.54052734375, 0.0010042190551757812, 9.796875, 2.53515625, 4.45703125, 0.373291015625, 0.002437591552734375, 7.46875, 8.2265625, 6.70703125, 4.87109375, 2.662109375, 0.4755859375, 1.685546875, 0.10577392578125, 0.46630859375, 4.43359375, 7.3359375, 5.3671875, 0.1446533203125, 9.0546875, 6.79296875, 3.326171875, 2.796875, 3.9140625, 6.75390625, 0.34130859375, 1.65234375, 4.734375, 3.5546875, 5.29296875, 5.98046875, 3.591796875, 1.8583984375, 1.2568359375, 1.03125, 2.189453125, 0.8212890625, 2.57421875, 8.25, 0.69873046875, 2.373046875, 2.97265625, 0.58740234375, 6.5859375, 6.32421875, 11.28125, 0.036163330078125]",-1.5754086853216251
180,1,test,3.18123397816136,1.3687135921353804,1.6317773972852214,6.191280477677266,2.663774434918184,3.1757461453891755,24.07644503635334,17.950577493649398,19.36753446122851,46.857296617835644,34.93520462889613,37.69286975862409,3.7702432757046953,1.7152056493569505,2.3717206334050878,7.337603505183128,3.338113236865096,4.615815044384789,43.390619435481064,35.58348781452228,39.341406026301655,84.44631764573444,69.25216910987743,76.5657857193494,3.30095274671663,1.4947507961800837,2.0357042540747354,6.424275749215324,2.9090665719379203,3.961863884611817,27.13848270770542,21.051199040658176,23.594509429722407,52.81659863293341,40.96959813294012,45.91935915919069,0.7035175879396984,0.013517587939698483,0.008517587939698368,0.6030150753768844,0.0030150753768843908,-0.006984924623115618,0.5125628140703518,-0.01743718592964827,-0.012437185929648265,0.40646651270207856,0.11119546310576944,0.14546944525339822,0.35185185185185186,0.4723618090452262,0.16409113235349682,0.23363059034739642,0.38888888888888884,0.4180602006688964,0.12924550951697655,0.19447844316055374,0.34563758389261745,28.0,5.0,4.0,40.0,7.0,7.0,47.0,3.0,1.0,-0.0006018061656077753,-0.001280018319832518,-0.00021326170917998315,0.011736931565637043,0.016134759349131222,0.014064569128970028,"[5.12890625, 9.2890625, 12.296875, 12.2109375, 4.62890625, 2.39453125, 0.7724609375, 8.171875, 0.83642578125, 8.890625, 5.6171875, 5.9609375, 1.7685546875, 8.109375, 5.74609375, 0.034332275390625, 4.06640625, 8.921875, 3.208984375, 7.51953125, 0.47705078125, 6.4296875, 7.953125, 10.421875, 1.0830078125, 4.890625, 2.962890625, 0.1124267578125, 7.5859375, 3.458984375, 9.0, 4.6875, 1.794921875, 7.91796875, 7.4453125, 0.19287109375, 9.4453125, 2.296875, 4.40234375, 5.33203125, 1.888671875, 0.28125, 7.69921875, 5.328125, 3.837890625, 4.546875, 3.080078125, 0.20068359375, 0.152587890625, 7.23828125, 4.171875, 3.74609375, 0.97802734375, 7.02734375, 0.343994140625, 3.923828125, 2.232421875, 8.4921875, 7.234375, 0.45849609375, 9.0234375, 3.44140625, 2.40625, 5.2578125, 0.15185546875, 2.7890625, 2.375, 4.0703125, 0.09423828125, 3.318359375, 0.51416015625, 7.06640625, 0.0226898193359375, 2.4921875, 0.88037109375, 0.93994140625, 0.12030029296875, 6.90234375, 2.994140625, 5.79296875, 0.0061492919921875, 6.71875, 0.15869140625, 4.3828125, 4.98046875, 8.5234375, 0.59228515625, 1.2841796875, 1.443359375, 0.0875244140625, 0.10357666015625, 5.24609375, 2.986328125, 0.8759765625, 0.78955078125, 0.044921875, 7.05078125, 0.447509765625, 6.78515625, 0.444580078125, 4.609375, 4.0390625, 1.119140625, 0.08258056640625, 2.703125, 0.01467132568359375, 1.30078125, 7.47265625, 6.8203125, 1.8232421875, 3.099609375, 0.00440216064453125, 7.6171875, 0.95654296875, 10.5703125, 5.203125, 4.52734375, 1.5087890625, 11.796875, 1.9599609375, 4.375, 0.0174560546875, 4.3984375, 0.0090179443359375, 10.7890625, 0.0517578125, 5.171875, 3.345703125, 4.53515625, 0.64453125, 0.007801055908203125, 1.0185546875, 5.46484375, 1.3671875, 0.05340576171875, 0.213134765625, 0.1890869140625, 0.037689208984375, 2.75, 5.125, 1.396484375, 2.072265625, 0.38037109375, 6.30859375, 4.8203125, 0.513671875, 8.53125, 6.3671875, 1.62890625, 0.603515625, 8.765625, 0.111572265625, 0.7431640625, 4.78125, 8.2421875, 4.28515625, 2.4921875, 0.7900390625, 6.734375, 9.1171875, 0.1221923828125, 0.01284027099609375, 0.1820068359375, 5.0234375, 9.1875, 8.078125, 0.361328125, 7.02734375, 0.3271484375, 9.03125, 0.0258636474609375, 11.2578125, 6.92578125, 1.271484375, 4.71484375, 4.39453125, 5.91015625, 0.98095703125, 3.50390625, 6.0625, 2.06640625, 8.90625, 8.2734375, 0.91259765625, 2.615234375, 0.0091094970703125, 3.078125, 0.0027561187744140625, 3.05859375, 1.1630859375, 6.390625, 2.08984375, 4.05078125, 7.7734375, 3.072265625, 4.20703125, 0.2420654296875, 0.119873046875, 0.181640625, 2.248046875, 0.00394439697265625, 9.3671875, 3.533203125, 0.15576171875, 3.876953125, 4.296875, 1.857421875, 4.671875, 3.123046875, 0.046173095703125, 0.2626953125, 5.78515625, 0.140625, 0.315673828125, 2.794921875, 1.1884765625, 2.0234375, 5.32421875, 2.78125, 5.4296875, 0.31005859375, 1.314453125, 4.7109375, 8.421875, 10.7421875, 0.67724609375, 6.203125, 0.06097412109375, 0.402587890625, 8.46875, 0.06976318359375, 0.1097412109375, 0.131591796875, 0.459228515625, 0.26611328125, 0.75439453125, 0.003910064697265625, 1.2177734375, 0.60400390625, 0.03424072265625, 2.404296875, 0.03289794921875, 13.375, 4.08203125, 0.69091796875, 4.125, 5.109375, 5.09765625, 0.1480712890625, 7.703125, 2.0078125, 0.5078125, 0.05267333984375, 10.15625, 9.1328125, 0.00020384788513183594, 0.07135009765625, 0.81396484375, 1.2138671875, 4.03515625, 3.80859375, 1.173828125, 3.953125, 2.5390625, 0.007305145263671875, 0.04931640625, 0.08526611328125, 0.7998046875, 0.00243377685546875, 0.2320556640625, 0.234130859375, 0.01041412353515625, 0.39990234375, 0.00940704345703125, 7.6640625, 8.71875, 2.8046875, 0.423828125, 0.054229736328125, 3.314453125, 0.28369140625, 0.08447265625, 0.0160675048828125, 2.64453125, 1.4052734375, 0.0005035400390625, 0.0540771484375, 0.212646484375, 0.06439208984375, 1.1171875, 9.375, 1.1083984375, 0.1065673828125, 0.046417236328125, 1.64453125, 0.080322265625, 0.0015153884887695312, 0.00991058349609375, 0.040496826171875, 0.356201171875, 0.001155853271484375, 0.06268310546875, 0.080810546875, 0.006618499755859375, 0.1810302734375, 0.002849578857421875, 6.05859375, 11.3046875, 5.13671875, 1.5537109375, 0.1712646484375, 3.787109375, 8.6015625, 5.70703125, 0.541015625, 1.4794921875, 8.328125, 3.255859375, 2.064453125, 1.416015625, 7.44921875, 9.0625, 0.01045989990234375, 0.2344970703125, 0.052154541015625, 0.1661376953125, 0.0019207000732421875, 14.0390625, 3.923828125, 5.9765625, 0.0762939453125, 2.603515625, 0.005550384521484375, 3.544921875, 0.1688232421875, 1.337890625, 0.042144775390625, 1.67578125, 2.826171875, 6.94921875, 2.115234375, 6.4375, 0.07830810546875, 7.37109375, 0.7890625, 0.1846923828125, 0.0352783203125, 2.1953125, 0.52685546875, 0.82470703125, 3.9609375, 0.72900390625, 2.525390625, 9.1328125, 0.76904296875, 0.01849365234375, 0.8974609375, 2.208984375, 2.28125, 0.048980712890625, 0.07537841796875, 3.115234375, 2.927734375, 6.89453125, 0.283447265625, 0.6240234375, 9.78125, 0.35498046875, 1.3154296875, 10.25, 0.439208984375, 8.640625, 0.92236328125, 1.2373046875, 3.619140625, 5.49609375, 3.322265625, 0.95458984375, 4.42578125, 0.037261962890625, 1.75390625, 1.1650390625, 9.9453125, 0.1380615234375, 0.4873046875, 4.921875, 0.61083984375, 4.87109375, 6.515625, 0.7099609375, 2.794921875, 7.09375, 4.42578125, 1.958984375, 11.046875, 2.984375, 0.166259765625, 4.3984375, 3.533203125, 2.619140625, 6.46875, 0.458251953125, 1.99609375, 3.556640625, 7.5703125, 2.158203125, 2.05078125, 1.4267578125, 6.59765625, 0.0088958740234375, 0.0255279541015625, 0.146728515625, 0.74072265625, 0.13623046875, 0.0034122467041015625, 0.4248046875, 1.41796875, 5.51171875, 0.0219879150390625, 6.00390625, 4.3203125, 7.4140625, 1.5927734375, 1.9990234375, 6.91015625, 4.52734375, 0.156005859375, 0.362060546875, 4.828125, 12.1015625, 1.916015625, 3.802734375, 3.03125]",-1.2159284592776047
311,1,test,3.2905697612620113,1.3948427481061267,1.9345511060305316,6.041701856743366,2.5610227506210856,3.551962686482288,26.85816203756991,20.200775384204576,22.97744998604698,49.31334669193165,37.08994824640841,42.18810489241413,3.501324272035953,1.5122378296120107,2.1189872371927505,6.428660958492243,2.77656781830402,3.8905995174686567,33.159334875725996,25.85048122291098,29.175132901245007,60.88271321444773,47.46317863878737,53.56745713015477,3.2202614171050463,1.3892409486415627,1.9212196625606683,5.912611126487954,2.550737479473033,3.5274852820786045,25.034663815332028,18.7944124251157,21.368881550470704,45.965284382248974,34.50777363299932,39.23466776479867,0.6834170854271358,0.013417085427135822,0.008417085427135707,0.5125628140703518,-0.022437185929648162,-0.01743718592964827,0.4623115577889447,-0.002688442211055242,-0.007688442211055246,0.4238805970149254,0.11985675200747381,0.1766114808282323,0.3802395209580839,0.4170854271356784,0.12635861009307192,0.17668475935604566,0.35858585858585856,0.4180602006688964,0.12590661135337045,0.17223150211494753,0.3489932885906041,25.0,3.0,3.0,38.0,6.0,6.0,44.0,1.0,-1.0,-0.0020088728604339716,0.0001852076373182735,-0.00042924080004725566,0.013244053114102705,0.010216319108121041,0.012017639827575977,"[3.056640625, 9.4453125, 2.4296875, 1.0791015625, 3.802734375, 6.9140625, 0.0794677734375, 0.8125, 10.15625, 8.4296875, 10.65625, 1.046875, 4.67578125, 11.3671875, 5.12109375, 6.67578125, 1.341796875, 3.078125, 1.7421875, 2.73046875, 6.3515625, 2.392578125, 5.69921875, 5.55078125, 0.0804443359375, 4.3828125, 5.52734375, 11.828125, 9.421875, 0.341796875, 4.71875, 1.9658203125, 0.007328033447265625, 0.51025390625, 8.5859375, 0.10748291015625, 6.8515625, 9.5390625, 0.59716796875, 5.1796875, 8.5390625, 0.91015625, 9.6015625, 2.78125, 1.55859375, 2.720703125, 5.88671875, 8.609375, 6.3515625, 1.970703125, 2.095703125, 1.8984375, 5.578125, 10.1796875, 7.83203125, 4.015625, 3.359375, 4.86328125, 0.00904083251953125, 4.84765625, 9.9765625, 0.65869140625, 5.4296875, 8.34375, 0.319580078125, 5.82421875, 2.72265625, 6.1640625, 2.494140625, 1.3271484375, 4.2265625, 0.53271484375, 5.28125, 1.064453125, 11.53125, 1.0654296875, 0.28759765625, 5.0859375, 6.109375, 10.28125, 0.79736328125, 2.7265625, 4.12890625, 0.36865234375, 4.3984375, 7.04296875, 1.1328125, 7.53125, 3.599609375, 1.298828125, 0.44775390625, 3.322265625, 3.703125, 1.84375, 0.5029296875, 1.4716796875, 0.5966796875, 0.007965087890625, 2.734375, 0.7578125, 0.7978515625, 1.3955078125, 0.62548828125, 1.974609375, 7.9921875, 2.79296875, 2.98828125, 2.8203125, 0.032684326171875, 0.365234375, 5.890625, 4.0546875, 5.00390625, 6.828125, 1.7509765625, 0.490478515625, 6.26171875, 12.328125, 4.17578125, 3.33203125, 10.953125, 0.69384765625, 6.05078125, 4.6796875, 6.97265625, 8.1953125, 0.9453125, 3.392578125, 6.625, 0.65234375, 0.7646484375, 7.2890625, 1.3662109375, 0.002429962158203125, 3.216796875, 9.5078125, 1.69921875, 0.497802734375, 1.798828125, 0.9169921875, 0.1058349609375, 12.7265625, 6.8203125, 5.13671875, 2.833984375, 0.21826171875, 0.006378173828125, 0.88330078125, 0.5576171875, 0.006011962890625, 0.01181793212890625, 0.10455322265625, 0.0126953125, 0.0036411285400390625, 0.07037353515625, 0.03118896484375, 0.11669921875, 0.05706787109375, 1.5732421875, 0.82080078125, 7.44140625, 5.26171875, 0.0041351318359375, 0.8125, 0.007526397705078125, 1.5107421875, 0.002567291259765625, 0.172119140625, 5.328125, 1.611328125, 1.064453125, 1.9296875, 0.47021484375, 1.232421875, 0.01496124267578125, 6.36328125, 1.193359375, 7.522106170654297e-05, 0.00066375732421875, 9.9921875, 6.86328125, 6.765625, 4.03515625, 1.373046875, 1.4306640625, 5.11328125, 0.73583984375, 0.221923828125, 0.001789093017578125, 0.007366180419921875, 0.01136016845703125, 0.69580078125, 3.87109375, 0.537109375, 4.86328125, 0.08892822265625, 8.8046875, 5.33984375, 7.4296875, 2.041015625, 0.281494140625, 4.1875, 0.005435943603515625, 0.26025390625, 4.60546875, 4.32421875, 0.0450439453125, 4.5234375, 0.29541015625, 0.0014123916625976562, 0.007076263427734375, 0.0002970695495605469, 2.84375, 0.00013589859008789062, 0.0203399658203125, 1.7177734375, 4.6484375, 0.7744140625, 10.453125, 8.7578125, 0.00933837890625, 2.3359375, 0.08154296875, 0.01111602783203125, 7.71875, 0.88720703125, 4.26171875, 7.55078125, 1.4765625, 4.5390625, 2.748046875, 2.083984375, 0.00481414794921875, 0.004039764404296875, 0.0010766983032226562, 3.607421875, 0.000507354736328125, 0.0250396728515625, 0.1168212890625, 0.009796142578125, 0.8798828125, 2.17578125, 2.21484375, 0.15478515625, 2.1457672119140625e-06, 3.1828880310058594e-05, 0.0007581710815429688, 0.032684326171875, 0.0005426406860351562, 0.00014841556549072266, 1.876953125, 1.8388671875, 3.74609375, 5.28515625, 8.2890625, 1.025390625, 4.3671875, 1.0693359375, 0.440185546875, 3.794921875, 1.439453125, 11.5078125, 1.95703125, 0.385498046875, 5.078125, 0.06463623046875, 8.0625, 7.421875, 6.97265625, 1.0244140625, 3.19921875, 1.2138671875, 2.095703125, 5.12109375, 3.681640625, 4.57421875, 0.1905517578125, 2.794921875, 10.9765625, 0.1864013671875, 0.88134765625, 6.87890625, 0.49365234375, 3.724609375, 6.96484375, 0.65478515625, 1.9541015625, 8.2734375, 0.1646728515625, 3.640625, 0.1455078125, 0.12310791015625, 3.37890625, 0.9130859375, 2.28125, 7.37109375, 9.375, 3.14453125, 5.5, 2.62890625, 4.734375, 1.033203125, 3.982421875, 0.75537109375, 4.79296875, 2.33203125, 6.1328125, 8.578125, 0.0083770751953125, 1.025390625, 3.494140625, 6.4921875, 6.39453125, 3.5546875, 7.71484375, 11.0703125, 3.486328125, 3.630859375, 0.7001953125, 14.40625, 5.39453125, 7.33203125, 1.201171875, 5.51953125, 0.22119140625, 0.17529296875, 0.02288818359375, 3.1875, 3.634765625, 3.8671875, 0.00492095947265625, 0.128173828125, 2.087890625, 5.83984375, 0.65234375]",-1.454846403136182
362,1,test,3.1772371476346795,1.4216985822492532,1.9148290164892507,5.60782356557521,2.509297997669932,3.3796732141035277,23.980407616351094,18.193844270729244,20.446486221362733,42.32541944285968,32.112135137837114,36.08804818070522,3.5469178051205734,1.5671999478625105,2.2074264843497238,6.260309926037812,2.766107907977331,3.8961077448772623,34.706181250901466,27.465481464854978,30.889079919627843,61.25640990784109,48.47657478546904,54.51922605814315,3.275926706384257,1.488392995867902,2.0459140154561126,5.782010636768214,2.6270136377068476,3.6110382372800394,26.467741944463256,20.493043001003265,23.046468989319862,46.71556453197765,36.170220896770765,40.677017766149554,0.7487437185929648,0.003743718592964851,0.008743718592964855,0.5728643216080402,0.0028643216080401768,-0.007135678391959832,0.44723618090452266,-0.007763819095477298,0.002236180904522711,0.39488636363636365,0.0984324629271438,0.1553946725317693,0.3589743589743589,0.38190954773869346,0.07113260538280375,0.1331616345500457,0.3787878787878788,0.3846153846153846,0.08244510080904066,0.14546076837511757,0.3657718120805369,26.0,9.0,8.0,36.0,6.0,6.0,45.0,9.0,8.0,-0.000560323372480977,-0.00040236335339554496,-0.00040788994193849924,0.0020400225543513173,0.0035979797757139664,0.003250556662393045,"[3.056640625, 9.4453125, 2.4296875, 1.0791015625, 10.8046875, 0.173828125, 9.4375, 8.09375, 11.90625, 8.6171875, 2.8046875, 0.438232421875, 2.40625, 1.2001953125, 1.857421875, 1.732421875, 2.025390625, 7.7578125, 2.369140625, 6.11328125, 6.48828125, 1.251953125, 1.18359375, 3.34375, 0.189453125, 5.9296875, 0.85986328125, 0.00189208984375, 0.69580078125, 2.14453125, 5.796875, 1.7158203125, 0.037200927734375, 1.705078125, 5.27734375, 11.8046875, 0.0947265625, 0.0206146240234375, 1.1435546875, 2.033203125, 12.8203125, 2.17578125, 6.85546875, 2.716796875, 2.875, 0.5947265625, 10.734375, 0.41796875, 1.3603515625, 11.0546875, 2.388671875, 3.1875, 7.234375, 2.36328125, 3.951171875, 0.442138671875, 6.64453125, 1.720703125, 1.6064453125, 0.00391387939453125, 3.16796875, 3.37109375, 7.88671875, 2.775390625, 9.640625, 0.06927490234375, 5.6171875, 3.77734375, 1.3427734375, 2.54296875, 0.921875, 1.654296875, 0.3955078125, 0.2474365234375, 2.69921875, 0.415283203125, 4.9609375, 3.078125, 4.14453125, 8.265625, 6.14453125, 5.3046875, 0.11297607421875, 8.90625, 7.328125, 6.53515625, 1.0048828125, 2.73828125, 0.209716796875, 2.083984375, 4.07421875, 1.65625, 7.02734375, 2.29296875, 7.06640625, 1.12109375, 0.95263671875, 7.2109375, 2.978515625, 7.0078125, 8.0625, 8.7421875, 1.3115234375, 7.23828125, 0.00830841064453125, 0.319091796875, 4.72265625, 11.4453125, 6.88671875, 8.15625, 2.69140625, 2.42578125, 0.92431640625, 5.16015625, 5.44140625, 0.7763671875, 1.240234375, 0.03173828125, 1.2685546875, 0.400146484375, 5.171875, 0.1710205078125, 7.3984375, 0.4072265625, 1.015625, 0.375244140625, 1.662109375, 6.609375, 2.041015625, 1.8837890625, 4.8515625, 0.724609375, 0.184814453125, 2.806640625, 0.06719970703125, 0.2039794921875, 1.1591796875, 7.703125, 3.216796875, 4.6953125, 4.79296875, 9.515625, 5.1484375, 1.484375, 4.1640625, 3.181640625, 0.0675048828125, 1.921875, 5.48046875, 4.203125, 6.5078125, 0.89306640625, 0.0225677490234375, 3.41015625, 3.41796875, 2.388671875, 3.330078125, 2.66796875, 0.00304412841796875, 1.3779296875, 2.580078125, 7.484375, 0.1153564453125, 0.344482421875, 2.15625, 4.04296875, 0.1571044921875, 0.32373046875, 8.8984375, 0.9697265625, 1.9541015625, 8.921875, 3.611328125, 8.203125, 0.05657958984375, 2.34375, 3.93359375, 1.6181640625, 0.61669921875, 1.8017578125, 5.0234375, 1.6865234375, 0.1651611328125, 0.5869140625, 8.1875, 3.5859375, 5.8203125, 1.583984375, 4.05078125, 11.109375, 0.9599609375, 6.29296875, 1.5498046875, 6.74609375, 0.3955078125, 6.37890625, 0.2998046875, 7.453125, 4.83203125, 3.1640625, 3.083984375, 4.13671875, 3.53125, 0.406494140625, 0.060821533203125, 5.9375, 0.138427734375, 2.216796875, 1.7705078125, 14.4453125, 12.984375, 2.765625, 3.193359375, 0.01331329345703125, 0.64892578125, 6.78125, 0.0931396484375, 3.134765625, 4.80859375, 2.8515625, 1.41015625, 4.16796875, 2.662109375, 5.7421875, 7.1796875, 3.890625, 3.771484375, 0.05914306640625, 5.51953125, 0.94580078125, 8.984375, 3.58984375, 6.03125, 4.234375, 0.002033233642578125, 0.1500244140625, 0.0003769397735595703, 0.0028133392333984375, 0.0010824203491210938, 0.478271484375, 2.890625, 0.08319091796875, 5.109375, 0.0287322998046875, 7.62890625, 1.1005859375, 1.0283203125, 0.0061187744140625, 0.458251953125, 0.06915283203125, 2.515625, 0.005218505859375, 7.9765625, 13.3359375, 6.30859375, 0.134033203125, 0.00458526611328125, 0.379150390625, 0.02716064453125, 2.462890625, 0.004497528076171875, 5.79296875, 8.65625, 4.0625, 5.078125, 4.28125, 0.2008056640625, 0.0028076171875, 0.79150390625, 0.00679779052734375, 2.462890625, 0.0307159423828125, 5.72265625, 5.9375, 2.70703125, 0.3173828125, 0.01261138916015625, 0.0013227462768554688, 0.450439453125, 0.01364898681640625, 2.734375, 0.018402099609375, 9.1484375, 0.180419921875, 0.0017404556274414062, 0.453125, 0.01003265380859375, 3.328125, 0.052337646484375, 4.36328125, 5.51171875, 5.84765625, 4.52734375, 0.352783203125, 0.0010251998901367188, 0.1917724609375, 0.01442718505859375, 3.1953125, 0.01273345947265625, 8.078125, 5.94921875, 9.359375, 0.355224609375, 0.0007481575012207031, 0.1917724609375, 0.0038051605224609375, 2.103515625, 0.023651123046875, 10.2578125, 0.7451171875, 0.0634765625, 0.0017652511596679688, 0.178955078125, 0.0036067962646484375, 3.177734375, 0.01427459716796875, 9.9921875, 4.15625, 0.47509765625, 0.0018320083618164062, 0.42724609375, 0.0037994384765625, 2.009765625, 0.0201568603515625, 12.34375, 1.4677734375, 0.003368377685546875, 0.1845703125, 0.004177093505859375, 3.392578125, 0.04876708984375, 7.578125, 5.890625, 0.08795166015625, 0.0024566650390625, 3.36328125, 0.0077667236328125, 0.00475311279296875, 0.0040740966796875, 0.0306396484375, 6.6015625, 10.7265625, 9.609375, 1.0693359375, 2.365234375, 0.0024700164794921875, 0.0023193359375, 0.0012521743774414062, 0.27197265625, 0.0003387928009033203, 8.7421875, 8.1953125]",-1.3222283179109748
193,1,test,3.6397573928234994,1.6624904586187694,2.2705138304056893,6.3227785566762496,2.8879834252577474,3.9442068825333108,38.08259649336197,30.859621375571635,34.15022151944095,66.15491047989735,53.60757084670729,59.32381338234312,3.480640357463204,1.497812871809812,2.0734286730387925,6.046369535250365,2.6019149316010446,3.6018418091645303,32.48051455774858,25.217263841711116,28.39596406229617,56.42329386031752,43.8059897593153,49.327846142503056,3.6067256337424185,1.6199687905433016,2.2449811665195023,6.265397672329686,2.814117213286649,3.8998529978395924,36.84521036799228,29.55336359767967,32.94221435285787,64.00539401068373,51.33841447825497,57.22533236153595,0.6834170854271358,0.013417085427135822,0.013417085427135822,0.5376884422110553,0.01268844221105525,0.002688442211055353,0.44723618090452266,-0.007763819095477298,-0.007763819095477298,0.42244224422442245,0.1176646494962511,0.17107012567337965,0.45364238410596025,0.3919597989949749,0.10373924761652875,0.14488133488813015,0.4242424242424242,0.4147157190635451,0.10419818984818618,0.16888702050959625,0.44630872483221473,21.0,0.0,0.0,34.0,1.0,-2.0,43.0,1.0,0.0,0.0008890692230771638,0.0002970755679398747,9.641966510328936e-05,0.003206131880783225,0.004061388938596977,0.004474121843522916,"[3.056640625, 6.44140625, 0.03302001953125, 0.005214691162109375, 0.009490966796875, 0.62646484375, 3.7578125, 0.07080078125, 1.458984375, 0.006237030029296875, 0.7666015625, 4.43359375, 0.08062744140625, 0.347412109375, 3.12890625, 0.0002849102020263672, 0.7607421875, 0.000591278076171875, 1.849609375, 0.0015840530395507812, 0.088623046875, 6.11328125, 3.2734375, 9.4375, 1.740234375, 12.40625, 1.037109375, 3.37109375, 4.828125, 3.876953125, 7.26953125, 3.599609375, 0.002742767333984375, 0.02294921875, 14.140625, 3.927734375, 9.65625, 1.513671875, 0.011260986328125, 0.04034423828125, 0.01837158203125, 0.89794921875, 1.3955078125, 0.83349609375, 0.054931640625, 0.31201171875, 0.0201873779296875, 0.0006923675537109375, 0.035400390625, 0.0014505386352539062, 0.0002263784408569336, 11.65625, 10.3671875, 5.13671875, 0.467041015625, 2.66796875, 0.2802734375, 14.09375, 0.399658203125, 6.625, 4.70703125, 8.2109375, 1.6142578125, 1.2734375, 2.353515625, 7.04296875, 4.03515625, 11.9765625, 1.603515625, 1.0009765625, 12.0, 2.541015625, 1.0927734375, 6.67578125, 4.73828125, 3.009765625, 5.515625, 5.9375, 0.7744140625, 0.382568359375, 5.046875, 3.658203125, 0.9580078125, 4.296875, 3.1953125, 1.9306640625, 1.919921875, 3.3671875, 0.1444091796875, 1.6669921875, 6.46875, 10.8515625, 3.0078125, 0.158203125, 0.15869140625, 0.04412841796875, 0.00852203369140625, 0.2568359375, 9.984375, 0.1458740234375, 1.341796875, 2.9921875, 1.4384765625, 6.83203125, 1.64453125, 9.3203125, 4.57421875, 9.1171875, 0.1568603515625, 0.68505859375, 13.390625, 5.85546875, 3.845703125, 6.9296875, 3.748046875, 1.177734375, 5.95703125, 7.77734375, 3.353515625, 4.41796875, 0.003749847412109375, 0.027374267578125, 4.70703125, 0.297119140625, 0.97314453125, 12.5625, 1.6240234375, 0.658203125, 0.256103515625, 1.5654296875, 2.271484375, 0.00017261505126953125, 11.5, 4.4921875, 7.7421875, 0.427734375, 5.171875, 1.603515625, 0.01171875, 8.2265625, 2.1015625, 3.97265625, 5.12890625, 6.88671875, 5.40625, 10.53125, 0.62744140625, 5.67578125, 6.9296875, 2.041015625, 7.21875, 3.263671875, 1.4775390625, 0.73193359375, 5.67578125, 1.068359375, 1.50390625, 0.0102691650390625, 7.890625, 3.787109375, 2.3046875, 0.385009765625, 2.775390625, 13.7109375, 0.162109375, 3.119140625, 11.234375, 0.098388671875, 6.69140625, 0.06585693359375, 0.26171875, 7.01171875, 0.720703125, 2.484375, 8.5390625, 1.0380859375, 4.8984375, 1.5927734375, 5.1015625, 0.283203125, 3.509765625, 9.34375, 6.0546875, 3.1015625, 5.40625, 3.640625, 1.2177734375, 0.038970947265625, 6.39453125, 0.06939697265625, 1.583984375, 1.5234375, 7.6484375, 1.4462890625, 1.59765625, 2.0390625, 6.4921875, 5.2890625, 3.572265625, 0.58154296875, 1.9130859375, 2.482421875, 5.71875, 11.0546875, 2.111328125, 3.3046875, 2.587890625, 9.9453125, 0.2294921875, 6.02734375, 0.031951904296875, 4.25390625, 4.40625, 5.9609375, 5.6875, 6.23046875, 6.203125, 3.24609375, 9.7578125, 0.90771484375, 6.33984375, 3.205078125, 1.6181640625, 4.25390625, 1.556640625, 5.75, 7.125, 3.451171875, 6.43359375, 0.2440185546875, 0.04522705078125, 1.255859375, 5.9140625, 4.76953125, 15.546875, 1.3818359375, 0.7451171875, 1.4794921875, 0.000682830810546875, 2.9609375, 1.857421875, 3.83203125, 0.64453125, 4.25, 2.23828125, 2.4375, 3.34375, 2.072265625, 7.9296875, 4.3984375, 4.4765625, 0.0252227783203125, 0.52099609375, 2.236328125, 0.89794921875, 1.09765625, 1.95703125, 2.484375, 11.9296875, 4.80859375, 0.215087890625, 2.3203125, 5.65234375, 5.171875, 6.34765625, 0.1607666015625, 6.13671875, 3.76953125, 4.3046875, 7.6484375, 4.70703125, 3.369140625, 6.015625, 2.478515625, 0.0204010009765625, 0.67138671875, 0.465576171875, 1.0087890625, 5.67578125, 9.984375, 6.0546875, 3.466796875, 7.91015625, 1.3916015625, 7.55078125, 2.6484375, 3.33203125, 8.546875, 6.39453125, 0.18896484375, 4.203125, 6.98046875, 0.7373046875, 5.6875, 0.01166534423828125, 2.650390625, 6.40234375, 5.43359375, 0.39453125, 0.849609375, 8.0078125, 5.6875, 6.765625]",-1.1487290878893912
294,1,test,3.252045928285672,1.4022373267155428,1.9258465899054646,5.5320129106163884,2.3853276264237224,3.276032514350057,25.843159116849733,19.484556737235444,22.076458921690758,43.96146088898895,33.14492531931899,37.55397631787613,3.153027689636652,1.2996837699328172,1.8252311627739488,5.363574276392783,2.210875108635716,3.1048769236317715,23.406826009601524,17.025704164406957,19.63410487726803,39.81704641850694,28.96220327967053,33.39931970970051,3.171310557968242,1.3510431393791036,1.8650863904223844,5.394675025239455,2.2982418620959755,3.1726741315337303,23.838705899107808,17.665196758842416,20.14649969180724,40.55171166533013,30.05003579085694,34.27094784530254,0.6482412060301508,-0.006758793969849242,-0.006758793969849242,0.5326633165829145,0.0076633165829145256,0.0076633165829145256,0.4623115577889447,0.007311557788944767,0.012311557788944771,0.4423076923076923,0.13190769230769228,0.19177464326718052,0.4790996784565916,0.44221105527638194,0.12140905026385063,0.1867853457605222,0.4747474747474747,0.4448160535117057,0.1359679733781498,0.19898735495775688,0.4832214765100671,16.0,0.0,0.0,29.0,0.0,0.0,36.0,1.0,0.0,0.0007034357977268299,0.00029435717711913785,9.391745971807882e-05,0.004219830013384218,0.005191203163533942,0.004274065499719981,"[3.056640625, 6.44140625, 0.03302001953125, 0.005214691162109375, 0.009490966796875, 0.62646484375, 3.7578125, 0.281005859375, 0.7236328125, 2.724609375, 0.2279052734375, 8.0625, 4.8359375, 0.3515625, 1.6689453125, 0.0031261444091796875, 0.368896484375, 0.352783203125, 2.72265625, 0.00980377197265625, 6.1015625, 0.06903076171875, 4.58984375, 6.0, 5.06640625, 0.481201171875, 4.21875, 0.001010894775390625, 4.34375, 0.007778167724609375, 0.035400390625, 0.006259918212890625, 6.03125, 8.796875, 1.3701171875, 0.0143890380859375, 0.041534423828125, 0.0013103485107421875, 3.197265625, 0.005096435546875, 0.10577392578125, 0.334228515625, 8.546875, 7.3515625, 2.484375, 0.59375, 0.0101776123046875, 1.669921875, 0.055511474609375, 0.51904296875, 0.004550933837890625, 0.10589599609375, 0.0008502006530761719, 4.7109375, 6.08984375, 0.916015625, 6.95703125, 11.890625, 0.23193359375, 4.01953125, 8.578125, 6.51171875, 2.736328125, 1.962890625, 8.1640625, 0.2205810546875, 5.5078125, 1.619140625, 6.859375, 0.80224609375, 0.002780914306640625, 0.00893402099609375, 0.0002371072769165039, 0.45849609375, 0.74169921875, 0.0012416839599609375, 0.00017821788787841797, 0.00014138221740722656, 1.6396484375, 6.38671875, 4.89453125, 2.166015625, 2.732421875, 7.6796875, 0.1451416015625, 4.2109375, 9.6015625, 0.0235443115234375, 0.0156097412109375, 0.1334228515625, 8.1953125, 9.0625, 0.0140838623046875, 0.177490234375, 2.759765625, 6.609375, 3.439453125, 1.09765625, 7.0546875, 5.7109375, 0.018798828125, 5.75390625, 6.5390625, 1.228515625, 6.73046875, 1.240234375, 6.83984375, 4.41796875, 1.525390625, 5.3359375, 5.28515625, 1.353515625, 0.446044921875, 4.2734375, 2.845703125, 1.015625, 3.384765625, 1.5751953125, 0.70458984375, 5.984375, 5.0859375, 0.84326171875, 6.72265625, 1.849609375, 14.390625, 0.26513671875, 0.1190185546875, 3.5390625, 3.33984375, 1.9990234375, 7.85546875, 7.30859375, 3.171875, 3.193359375, 7.6875, 4.33984375, 2.427734375, 6.3359375, 4.62109375, 0.10906982421875, 0.489990234375, 5.95703125, 5.28515625, 0.03424072265625, 0.06695556640625, 3.998046875, 0.8984375, 4.51953125, 1.408203125, 5.921875, 3.46484375, 1.8896484375, 1.8154296875, 4.8984375, 0.65771484375, 1.9130859375, 1.486328125, 7.8359375, 5.09375, 0.9345703125, 5.4140625, 0.99560546875, 7.07421875, 0.1988525390625, 0.10260009765625, 2.3984375, 4.296875, 0.002689361572265625, 1.6923828125, 7.30859375, 6.29296875, 2.88671875, 5.35546875, 1.2705078125, 3.953125, 7.59375, 10.390625, 0.0072784423828125, 2.02734375, 9.2578125, 3.27734375, 6.7890625, 4.67578125, 3.07421875, 2.345703125, 5.3984375, 0.0816650390625, 10.4296875, 0.994140625, 3.37890625, 4.765625, 5.26171875, 0.478271484375, 2.978515625, 5.921875, 3.18359375, 4.95703125, 2.443359375, 1.5908203125, 0.65966796875, 4.56640625, 0.347412109375, 7.06640625, 0.04083251953125, 0.1392822265625, 5.48828125, 3.115234375, 1.0048828125, 0.8994140625, 3.005859375, 10.1484375, 1.625, 10.4453125, 4.26953125, 8.078125, 4.80859375, 3.361328125, 0.37548828125, 6.296875, 0.63623046875, 0.529296875, 9.5859375, 1.0849609375, 0.0029582977294921875, 0.0150299072265625, 0.10479736328125, 4.87890625, 3.57421875, 8.203125, 0.77685546875, 0.1536865234375, 5.1328125, 9.15625, 3.443359375, 0.04486083984375, 9.015625, 0.73974609375, 8.8828125, 3.626953125, 0.53076171875, 1.8544921875, 7.5859375, 0.0310211181640625, 0.89306640625, 1.2783203125, 3.6796875, 5.078125, 0.1903076171875, 0.072021484375, 5.5625, 0.045379638671875, 5.3984375, 4.33984375, 0.292236328125, 3.587890625, 5.28125, 1.9912109375, 0.93408203125, 4.796875, 0.393310546875, 3.017578125, 0.61328125, 7.86328125, 1.53515625, 0.60302734375, 2.25390625, 0.35693359375, 0.11859130859375, 3.31640625, 3.9921875, 1.2783203125, 1.0849609375, 1.771484375, 0.00022304058074951172, 4.58203125, 6.94140625, 2.3671875, 0.50732421875, 7.984375, 0.50927734375, 0.849609375, 11.046875, 0.146240234375, 5.26953125, 3.693359375, 5.54296875, 2.8828125, 5.7578125, 5.81640625, 0.59619140625, 5.43359375, 0.4736328125, 2.978515625, 0.54638671875, 0.43603515625, 5.05859375, 6.22265625, 4.91796875, 3.908203125, 5.53515625, 0.54541015625, 2.083984375, 8.140625, 4.8125, 10.6171875, 7.7109375, 7.125, 0.312744140625, 7.26171875, 3.01953125, 1.62890625, 2.4375]",-1.3238760840434294
492,1,test,3.0691846747896565,1.3771205728555789,1.892595995056456,5.960959830805345,2.6746388004593906,3.6757933776819036,21.52434617677309,16.093667558195065,18.28105477232238,41.8045104936171,31.257065315338394,35.50540117630243,3.206688876128077,1.4037187923942291,1.9559598577877513,6.2280200137516415,2.7262977701991966,3.7988584521195636,24.697175284136325,18.629533150584933,21.204286874916694,47.966768181906396,36.18221467396843,41.18289242758388,3.024729752620327,1.3348713689735356,1.8412033457911636,5.874619635146995,2.5925825432087173,3.5759787525192546,20.588439987345748,15.16972671496649,17.32256927827718,39.98679673842874,29.462590614038962,33.64383397399498,0.7336683417085428,0.0036683417085427994,-0.01633165829145722,0.5527638190954773,0.007763819095477409,0.007763819095477409,0.4371859296482412,0.0021859296482411583,0.012185929648241167,0.4328358208955224,0.1228507240251796,0.18159451007129201,0.3892215568862275,0.4120603015075377,0.11381468747244994,0.16164293923708695,0.35858585858585856,0.4147157190635451,0.11588433342080717,0.16888702050959625,0.37248322147651003,20.0,4.0,4.0,32.0,4.0,0.0,42.0,4.0,3.0,-0.0010455457606824013,-0.00018277781950896206,-0.000332364497368274,0.008015924425257559,0.007397140874028096,0.007327062850589705,"[3.056640625, 9.4453125, 2.4296875, 1.0791015625, 0.80224609375, 2.9921875, 4.9453125, 7.921875, 5.171875, 4.93359375, 0.8896484375, 1.1806640625, 7.1796875, 4.69921875, 7.609375, 6.19140625, 5.078125, 2.728515625, 6.8671875, 0.947265625, 1.677734375, 6.484375, 5.1171875, 3.111328125, 2.072265625, 3.51953125, 1.23046875, 1.6123046875, 2.755859375, 0.90087890625, 0.5341796875, 0.716796875, 3.853515625, 1.146484375, 3.923828125, 1.43359375, 12.2421875, 5.67578125, 6.85546875, 3.185546875, 2.583984375, 1.3525390625, 4.6015625, 13.65625, 1.728515625, 0.908203125, 4.90625, 0.473876953125, 0.95556640625, 8.4453125, 3.486328125, 1.1494140625, 9.25, 3.109375, 7.26171875, 1.8564453125, 1.1728515625, 7.01953125, 6.88671875, 7.390625, 2.736328125, 7.5625, 7.80859375, 0.473388671875, 3.693359375, 1.8544921875, 1.4326171875, 4.88671875, 6.52734375, 4.1953125, 2.40625, 0.09130859375, 7.62109375, 2.048828125, 7.83203125, 0.03106689453125, 3.0703125, 0.0655517578125, 1.017578125, 2.154296875, 6.3984375, 8.296875, 3.625, 1.4560546875, 3.400390625, 2.396484375, 2.59765625, 4.27734375, 1.986328125, 1.2919921875, 0.1533203125, 1.20703125, 0.1273193359375, 3.494140625, 0.412109375, 3.08984375, 2.732421875, 6.625, 6.67578125, 9.265625, 1.669921875, 1.77734375, 5.19921875, 6.41015625, 2.275390625, 5.60546875, 4.3125, 5.74609375, 3.384765625, 1.154296875, 0.92431640625, 4.33203125, 1.00390625, 3.92578125, 0.487548828125, 0.88427734375, 0.0225372314453125, 1.5439453125, 0.4677734375, 1.6416015625, 0.99560546875, 0.1790771484375, 0.03472900390625, 0.591796875, 0.0120697021484375, 0.86181640625, 0.07928466796875, 2.474609375, 0.42626953125, 7.37890625, 2.37890625, 6.12109375, 0.300048828125, 1.9775390625, 0.0023345947265625, 1.01171875, 5.8515625, 0.2171630859375, 5.453125, 3.61328125, 2.552734375, 0.99072265625, 3.2578125, 0.260986328125, 1.5234375, 6.5390625, 0.2841796875, 4.6484375, 4.55859375, 12.2421875, 2.53125, 3.67578125, 3.5390625, 1.560546875, 2.109375, 1.658203125, 4.171875, 0.6259765625, 5.80859375, 6.953125, 3.826171875, 3.32421875, 2.955078125, 1.0185546875, 1.693359375, 0.95703125, 0.239013671875, 0.0276336669921875, 0.277587890625, 0.2242431640625, 0.50732421875, 4.2421875, 5.1328125, 5.29296875, 1.1103515625, 8.5859375, 0.478515625, 0.7705078125, 0.488525390625, 0.54345703125, 8.234375, 0.9521484375, 9.7890625, 2.21484375, 0.356201171875, 0.0272216796875, 0.247802734375, 6.6015625, 1.5849609375, 10.1328125, 1.5283203125, 0.311767578125, 4.85546875, 0.69970703125, 1.904296875, 1.22265625, 0.062164306640625, 0.03887939453125, 0.30224609375, 3.40234375, 0.58544921875, 5.22265625, 4.52734375, 1.1376953125, 3.341796875, 1.4462890625, 0.79248046875, 3.7109375, 1.4462890625, 2.646484375, 2.716796875, 8.0234375, 0.0212860107421875, 3.41796875, 10.609375, 1.984375, 0.69580078125, 1.013671875, 5.97265625, 4.69921875, 1.1728515625, 4.0859375, 0.1922607421875, 0.179931640625, 3.33984375, 0.292236328125, 1.8095703125, 4.4140625, 3.076171875, 6.234375, 0.97314453125, 1.2578125, 0.81640625, 0.161865234375, 0.0213623046875, 0.01079559326171875, 0.104736328125, 12.2421875, 3.62890625, 11.03125, 1.79296875, 3.146484375, 1.513671875, 0.880859375, 0.34765625, 6.23828125, 9.28125, 3.689453125, 5.82421875, 2.591796875, 0.61376953125, 0.04302978515625, 0.01519775390625, 0.273681640625, 0.56787109375, 7.44140625, 0.267822265625, 0.07122802734375, 0.4736328125, 4.203125, 0.2210693359375, 7.25, 1.513671875, 1.0634765625, 1.6943359375, 6.62109375, 3.494140625, 0.378662109375, 0.049774169921875, 0.011810302734375, 4.078125, 3.24609375, 1.7822265625, 5.51171875, 0.494384765625, 2.48828125, 6.20703125, 1.884765625, 8.0390625, 0.389404296875, 1.2373046875, 1.908203125, 1.6787109375, 0.423095703125, 4.44921875, 6.40625, 3.26953125, 0.242919921875, 5.515625, 4.7734375, 0.62646484375, 0.69677734375, 4.5, 0.002300262451171875, 0.1434326171875, 0.0007562637329101562, 0.002681732177734375, 0.001934051513671875, 5.5078125, 5.125, 3.1953125, 5.48046875, 3.87109375, 0.0594482421875, 0.27978515625, 1.939453125, 3.03125, 5.4140625, 4.59765625, 4.86328125, 9.390625, 4.42578125, 2.822265625, 7.71875, 3.384765625, 6.109375, 5.83984375, 0.005733489990234375, 0.435546875, 2.517578125, 6.05859375, 4.6875, 0.669921875, 3.85546875, 2.14453125, 0.12939453125, 0.0006108283996582031, 4.1171875, 4.36328125, 7.203125, 0.82373046875, 6.55078125, 0.60791015625, 2.501953125, 0.017578125]",-0.8228269676663982
70,1,test,4.413573339639023,2.059249311656962,2.829473663853278,7.599530253683086,3.545727291594769,4.8719414079592855,82.56396610476133,72.03295831620355,77.68906569348141,142.1631204452844,124.03025935240345,133.76925218745143,4.499082479045619,2.099004234967788,2.892040431708996,7.746764533456032,3.61417947742798,4.979672266518801,89.93457657493713,78.91053766228129,84.9465415614543,154.85423781115,135.8724489549214,146.2655682515107,4.432429884391402,2.0879533690036483,2.844409007863192,7.631998476435526,3.5951514962976727,4.897657894333973,84.135608530715,73.70779603159686,79.24155512950483,144.86925972176093,126.91408588221975,136.4424128057699,0.8241206030150754,-0.0058793969849245675,-0.0058793969849245675,0.7236180904522613,0.0036180904522613577,0.01861809045226126,0.5829145728643217,-0.012085427135678284,-0.0070854271356783904,0.4633204633204633,0.11649965407190832,0.19759517448862762,0.45736434108527135,0.457286432160804,0.10640923917834788,0.19184402815412616,0.4494949494949495,0.45945945945945943,0.11071186793730148,0.1924504735801269,0.4534883720930233,26.0,-1.0,-1.0,39.0,-2.0,0.0,45.0,-4.0,-5.0,-0.00025208432123944295,-4.35672569402753e-05,-0.00011763727282678693,0.00010708564814265742,0.00016179463533028127,-9.987650539144965e-05,"[3.056640625, 9.4453125, 2.4296875, 1.0791015625, 3.802734375, 4.4765625, 4.2421875, 0.65966796875, 5.80859375, 8.6796875, 8.90625, 0.0004875659942626953, 5.01953125, 6.296875, 3.048828125, 10.2109375, 0.85986328125, 2.732421875, 1.5107421875, 9.75, 6.03125, 7.171875, 7.1171875, 5.609375, 1.611328125, 1.5263671875, 4.88671875, 0.7548828125, 4.34765625, 0.84765625, 2.919921875, 0.2364501953125, 12.1796875, 3.142578125, 9.7265625, 2.3984375, 2.0703125, 8.6640625, 6.94921875, 3.615234375, 1.7412109375, 4.265625, 4.43359375, 2.310546875, 2.087890625, 4.87890625, 0.583984375, 0.6787109375, 10.1171875, 3.373046875, 0.56201171875, 13.7421875, 4.63671875, 7.6875, 2.59375, 3.0390625, 4.109375, 6.84765625, 5.640625, 0.5869140625, 0.96826171875, 5.0546875, 9.03125, 4.18359375, 2.947265625, 0.47412109375, 4.625, 7.7890625, 0.603515625, 3.943359375, 6.12109375, 5.47265625, 0.232421875, 6.48046875, 9.765625, 3.298828125, 12.0078125, 1.19140625, 1.4794921875, 1.509765625, 0.60888671875, 5.51953125, 7.52734375, 1.7724609375, 0.7373046875, 9.7578125, 2.6796875, 9.6015625, 0.61279296875, 7.3671875, 7.04296875, 3.685546875, 2.720703125, 4.71875, 1.2255859375, 4.7890625, 5.328125, 10.7734375, 4.42578125, 3.16796875, 1.4169921875, 6.27734375, 3.875, 8.578125, 10.5703125, 2.466796875, 3.66015625, 6.48046875, 4.01171875, 7.40625, 3.22265625, 2.857421875, 12.8828125, 0.70703125, 14.15625, 2.197265625, 5.57421875, 8.9296875, 1.1376953125, 8.765625, 8.453125, 5.92578125, 2.39453125, 3.59375, 5.09765625, 1.6474609375, 0.0130767822265625, 1.3623046875, 0.9921875, 7.5859375, 4.48828125, 6.765625, 4.8515625, 5.08203125, 8.984375, 2.640625, 8.8984375, 2.2578125, 2.576171875, 5.078125, 1.986328125, 7.1640625, 5.5546875, 1.2890625, 2.42578125, 5.47265625, 2.455078125, 1.583984375, 1.373046875, 12.7265625, 8.09375, 0.37890625, 1.54296875, 4.078125, 3.119140625, 7.24609375, 0.406494140625, 0.436279296875, 0.03924560546875, 0.418212890625, 6.89453125, 0.81201171875, 10.65625, 3.140625, 8.328125, 0.0294342041015625, 0.003139495849609375, 3.373046875, 7.703125, 0.68896484375, 0.6728515625, 5.3203125, 2.67578125, 9.5859375, 0.38134765625, 5.43359375, 5.6015625, 1.5546875, 0.52587890625, 5.1953125, 2.974609375, 8.09375, 1.0859375, 9.1796875, 0.00264739990234375, 0.82568359375, 0.0019168853759765625, 7.87109375, 1.81640625, 3.125, 7.43359375, 6.89453125, 6.88671875, 6.9921875, 3.697265625, 5.9453125, 7.25390625, 13.53125, 2.21484375, 3.8359375, 1.98046875, 0.0237884521484375, 6.52734375, 2.33984375, 3.359375, 1.2451171875, 3.15234375, 5.21484375, 0.390869140625, 1.1103515625, 5.421875, 4.4609375, 4.1875, 3.052734375, 2.771484375, 1.865234375, 6.52734375, 5.16796875, 2.1640625, 6.9296875, 3.5234375, 11.0859375, 0.0243377685546875, 7.19140625, 5.0390625, 1.515625, 4.875, 1.0859375, 6.53125, 0.436279296875, 8.3359375, 0.1287841796875, 5.15234375, 0.97265625, 7.375, 1.3642578125, 4.1484375, 7.5078125, 11.1484375, 7.15234375, 3.515625, 0.82763671875, 5.3984375, 0.004215240478515625, 4.4296875, 1.896484375, 8.0625, 0.12139892578125, 7.78515625, 0.92919921875, 8.296875, 5.3203125, 1.0654296875, 7.28125, 2.91796875, 5.48828125, 5.33203125, 9.28125, 3.80078125]",-0.68974773580043
90,1,test,3.641953949780427,1.6941651440309509,2.3169466436950077,5.932491025114029,2.7596778132328064,3.7741457906729994,38.16633902457659,31.153176067249888,34.4041261826287,62.17032583248639,50.74636856237561,56.04194139182914,3.643304128742697,1.661268246550549,2.29823375252165,5.934690373234959,2.7060910431232212,3.7436637855541344,38.21790521655453,30.9604018398168,34.379448549385046,62.25432359174606,50.43235268246888,56.00174323453288,3.641953949780427,1.6941651440309509,2.3169466436950077,5.932491025114029,2.7596778132328064,3.7741457906729994,38.16633902457659,31.153176067249888,34.4041261826287,62.17032583248639,50.74636856237561,56.04194139182914,0.7386934673366834,-0.011306532663316604,-0.0063065326633166,0.6231155778894473,-0.01188442211055274,-0.01188442211055274,0.5025125628140703,0.007512562814070312,0.002512562814070307,0.4496124031007752,0.12466075900019491,0.2034783824822185,0.42801556420233466,0.42211055276381915,0.09128348509464623,0.1767015377387774,0.41414141414141414,0.4496124031007752,0.12466075900019491,0.2034783824822185,0.42801556420233466,21.0,-1.0,0.0,31.0,0.0,-1.0,43.0,1.0,0.0,0.00016274157808068872,-0.00013774544562912506,-0.00018617632380106433,0.00010015572628230274,0.00015629801580718805,-0.00010338106235963096,"[3.0625, 9.453125, 2.48046875, 1.494140625, 1.81640625, 11.234375, 2.8671875, 7.375, 2.572265625, 3.12109375, 1.255859375, 4.6796875, 6.484375, 9.203125, 11.7421875, 4.09375, 5.22265625, 0.77099609375, 2.40625, 1.12890625, 6.421875, 0.6259765625, 0.00803375244140625, 1.29296875, 0.147705078125, 0.093994140625, 0.257568359375, 5.34375, 9.90625, 0.70556640625, 5.3515625, 3.060546875, 6.78125, 5.5703125, 0.2412109375, 5.9453125, 0.1270751953125, 3.798828125, 8.7109375, 10.0078125, 7.05078125, 3.1484375, 0.067626953125, 5.1328125, 3.341796875, 8.359375, 4.00390625, 3.47265625, 6.63671875, 1.0185546875, 6.8671875, 1.1669921875, 0.74853515625, 7.98046875, 1.9765625, 6.65234375, 0.030181884765625, 2.125, 8.140625, 0.55517578125, 4.41796875, 3.513671875, 9.890625, 0.0018224716186523438, 0.01265716552734375, 2.12109375, 6.94140625, 0.7890625, 9.875, 4.24609375, 1.005859375, 0.050628662109375, 2.044921875, 1.1865234375, 3.958984375, 1.3583984375, 0.0943603515625, 8.0546875, 0.495849609375, 2.88671875, 9.2109375, 10.1171875, 9.1484375, 2.296875, 5.390625, 0.50634765625, 3.025390625, 5.8515625, 4.609375, 0.2242431640625, 0.02581787109375, 7.1015625, 1.9443359375, 1.2822265625, 1.267578125, 8.046875, 3.869140625, 0.0972900390625, 5.7890625, 2.705078125, 0.79248046875, 5.52734375, 0.0002791881561279297, 2.646484375, 3.35546875, 3.388671875, 7.2734375, 8.515625, 0.0022144317626953125, 1.5498046875, 2.177734375, 2.412109375, 0.030029296875, 5.4453125, 2.361328125, 1.5693359375, 0.449462890625, 0.0244903564453125, 3.1484375, 0.1353759765625, 3.748046875, 1.9228515625, 7.625, 5.3125, 0.80615234375, 5.3515625, 2.6796875, 2.404296875, 4.046875, 8.84375, 0.755859375, 3.806640625, 1.611328125, 6.40625, 0.06964111328125, 5.25, 2.94140625, 15.65625, 4.7890625, 2.232421875, 6.13671875, 1.259765625, 0.68603515625, 0.450927734375, 2.873046875, 1.6337890625, 7.8984375, 4.12890625, 2.40234375, 0.53515625, 3.662109375, 5.60546875, 5.11328125, 3.6796875, 2.21484375, 5.66015625, 1.8896484375, 8.796875, 0.8818359375, 6.7265625, 4.875659942626953e-05, 2.095703125, 5.34375, 0.95751953125, 9.2578125, 0.273193359375, 8.921875, 3.142578125, 0.142333984375, 3.62890625, 3.970703125, 1.1142578125, 4.37109375, 0.44970703125, 0.2393798828125, 0.260498046875, 5.421875, 0.0145263671875, 6.86328125, 6.89453125, 0.53466796875, 7.5234375, 3.44921875, 1.279296875, 0.1925048828125, 0.23876953125, 0.42919921875, 1.0498046875, 5.625, 6.81640625, 4.890625, 0.7373046875, 2.8125, 5.43359375, 2.64453125, 2.294921875, 5.99609375, 5.625, 4.27734375, 1.572265625, 6.484375, 5.14453125, 4.07421875, 4.61328125, 7.8125, 1.9453125, 7.109375, 0.77978515625, 0.001316070556640625, 0.11395263671875, 0.0238189697265625, 4.1953125, 6.0439109802246094e-05, 2.142578125, 0.74951171875, 4.67578125, 6.81640625, 0.201171875, 6.91796875, 0.8125, 0.80615234375, 7.3671875, 1.79296875, 6.7734375, 1.9404296875, 4.1953125, 2.140625, 1.2412109375, 5.40625, 2.51171875, 0.99365234375, 2.03515625, 6.38671875, 4.92578125, 0.251708984375, 0.81884765625, 1.1591796875, 7.94921875, 6.2109375, 0.1370849609375, 8.6015625, 2.01171875, 5.53515625, 3.134765625, 1.6796875, 4.328125, 7.08203125, 3.37109375, 0.439697265625, 7.953125, 6.4609375, 8.015625, 3.716796875, 4.94140625, 1.8564453125, 4.51171875, 4.7265625, 4.71875]",-0.8672246886778248
353,1,test,2.868062800473279,1.2674677131688132,1.74487916609923,4.561585596943215,2.0158772199923027,2.775188768938775,17.602884848758073,12.646904060468641,14.528257721818669,27.996969235643796,20.114599791412033,23.106847995654455,2.5713710341621283,1.0390388925655565,1.4820705489555626,4.089704406715004,1.6525666196042659,2.3571979207197993,13.08375041835516,8.45479078515406,10.111556166987926,20.80939352252678,13.447143439245028,16.082189332256988,2.7394349459421674,1.2067426273745188,1.656290102562732,4.357006056879447,1.9192954168718535,2.6342899726473927,15.478236584491489,10.847609406342848,12.524281900659584,24.617766758191227,17.252864484373863,19.919572165810962,0.5477386934673367,-0.007261306532663214,-0.007261306532663214,0.44221105527638194,-0.0027889447236180143,0.00221105527638199,0.371859296482412,0.0018592964824120095,-0.003140703517587995,0.42342342342342343,0.12357334846090473,0.1866601866601867,0.42771084337349397,0.3919597989949749,0.10875177894484955,0.16825362203337224,0.3787878787878788,0.4180602006688964,0.12089826410796145,0.18446731969003094,0.41946308724832215,22.0,9.0,9.0,32.0,8.0,8.0,39.0,8.0,9.0,-1.412721641450479e-05,0.00014501849180521083,0.000324864318238189,0.010719342173405977,0.010925671793796887,0.009759397755999544,"[3.056640625, 6.44140625, 0.03302001953125, 0.005214691162109375, 0.009490966796875, 1.6259765625, 0.047332763671875, 0.003810882568359375, 8.4375, 3.822265625, 5.1171875, 9.359375, 5.5625, 5.44140625, 0.87060546875, 4.11328125, 0.478271484375, 5.09375, 5.3828125, 10.8046875, 4.6640625, 12.203125, 1.13671875, 0.06561279296875, 0.822265625, 0.05987548828125, 7.015625, 6.59765625, 5.91796875, 5.1171875, 0.50634765625, 2.361328125, 7.375, 5.171875, 5.71875, 0.810546875, 0.89892578125, 2.375, 0.01055908203125, 0.0011224746704101562, 1.9423828125, 0.396728515625, 0.14306640625, 3.369140625, 0.0032367706298828125, 0.460693359375, 0.853515625, 5.56640625, 0.0355224609375, 0.476806640625, 0.1995849609375, 0.0452880859375, 0.232421875, 0.170654296875, 0.059417724609375, 1.4609375, 0.365966796875, 0.025970458984375, 0.82958984375, 0.00018012523651123047, 0.01129913330078125, 6.765625, 0.0005865097045898438, 0.06707763671875, 4.82421875, 0.00028824806213378906, 0.1905517578125, 3.0, 0.0013408660888671875, 2.26953125, 0.000476837158203125, 0.6494140625, 8.8828125, 5.8203125, 3.4765625, 0.0173187255859375, 6.65625, 2.4921875, 1.708984375, 6.7109375, 5.94140625, 6.578125, 7.35546875, 2.60546875, 1.5634765625, 1.8916015625, 0.168701171875, 0.26904296875, 7.23828125, 8.4140625, 3.5234375, 3.0390625, 6.58203125, 1.7255859375, 0.0233612060546875, 8.34375, 4.0859375, 4.99609375, 7.76953125, 1.0, 4.59765625, 0.445556640625, 6.73046875, 0.310546875, 4.47265625, 0.48779296875, 1.396484375, 0.021270751953125, 0.0003197193145751953, 0.002429962158203125, 0.0001424551010131836, 0.486083984375, 1.3564453125, 0.46728515625, 0.08526611328125, 0.44921875, 0.0084228515625, 0.0001201629638671875, 0.0233612060546875, 0.00044989585876464844, 0.0002357959747314453, 6.71875, 0.6220703125, 0.2020263671875, 1.046875, 4.62109375, 3.109375, 2.017578125, 3.02734375, 0.023590087890625, 0.060150146484375, 6.546875, 7.59765625, 0.156005859375, 1.3037109375, 5.5546875, 4.890625, 2.44140625, 0.04559326171875, 4.40234375, 0.058197021484375, 1.8046875, 1.6201171875, 2.306640625, 6.07421875, 6.15234375, 0.69677734375, 1.9384765625, 4.5, 7.13671875, 1.4580078125, 0.00894927978515625, 0.00922393798828125, 5.0625, 6.29296875, 0.2464599609375, 0.005611419677734375, 1.4150390625, 0.06903076171875, 0.2420654296875, 0.06304931640625, 0.0011816024780273438, 0.5634765625, 7.6796875, 1.865234375, 1.8916015625, 4.640625, 7.4296875, 2.998046875, 7.5390625, 1.119140625, 3.712890625, 0.78076171875, 0.6796875, 3.529296875, 1.4873046875, 5.1328125, 0.009918212890625, 2.49609375, 0.009185791015625, 4.23828125, 3.154296875, 0.0299530029296875, 2.474609375, 4.80859375, 0.169677734375, 1.357421875, 5.36328125, 5.37890625, 0.292236328125, 0.0001773834228515625, 3.619140625, 0.10748291015625, 0.033660888671875, 0.000568389892578125, 0.002704620361328125, 0.51806640625, 6.44140625, 2.642578125, 2.28515625, 1.390625, 4.95703125, 5.93359375, 0.310302734375, 0.029083251953125, 0.5390625, 5.87109375, 2.9765625, 0.83740234375, 4.56640625, 0.11749267578125, 3.59375, 6.375, 0.006366729736328125, 1.33984375, 0.0274810791015625, 0.09112548828125, 3.0390625, 0.53564453125, 3.41796875, 0.0090789794921875, 5.59375, 0.14794921875, 0.95751953125, 1.6357421875, 8.7421875, 1.03125, 0.459228515625, 4.9591064453125e-05, 1.607421875, 0.28955078125, 14.3046875, 8.2421875, 1.541015625, 3.326171875, 0.032318115234375, 1.2978515625, 6.24609375, 0.61572265625, 1.3212890625, 0.348876953125, 4.046875, 5.7109375, 4.5390625, 2.40625, 1.859375, 2.91796875, 2.517578125, 2.724609375, 2.392578125, 3.548828125, 1.486328125, 1.1669921875, 5.1640625, 0.047332763671875, 8.6171875, 0.035400390625, 1.267578125, 0.026702880859375, 2.841796875, 5.02734375, 5.43359375, 7.5703125, 2.3125, 8.4296875, 2.921875, 6.296875, 2.298828125, 0.8212890625, 1.1796875, 2.36328125, 2.49609375, 0.0238189697265625, 3.072265625, 4.640625, 3.552734375, 7.58203125, 0.1990966796875, 6.65234375, 5.64453125, 2.154296875, 0.019989013671875, 6.29296875, 4.86328125, 2.919921875, 4.48828125, 2.24609375, 5.34765625, 0.04034423828125, 4.734375, 5.84765625, 3.439453125, 0.97021484375, 4.453125, 0.88916015625, 2.53125, 3.84375, 5.828125, 5.765625, 1.7568359375, 4.77734375, 3.9453125, 3.021484375, 2.435546875, 3.04296875, 5.296875, 4.41796875, 2.537109375, 10.3125, 10.6796875, 4.0625, 5.33984375, 4.85546875, 7.34765625, 1.4150390625, 0.34716796875, 3.921875, 7.0390625, 0.2105712890625, 6.39453125, 1.994140625, 0.042266845703125, 4.3984375, 2.453125, 2.2890625, 0.308349609375, 6.45703125, 0.02581787109375, 9.140625, 0.398681640625, 11.078125, 2.330078125, 1.56640625]",-1.9487854775723754
151,1,test,3.0956344034891488,1.394541007802715,1.9236820435611086,5.171116560373919,2.3295173653068084,3.213423413675943,22.101255204380568,16.62131934890388,18.872965931888327,36.919142216408446,27.765158457828072,31.526431727131634,3.205206693716385,1.3723930259433794,1.9451824848610344,5.35415209063987,2.292520168337236,3.2493389235746823,24.660596680090002,18.40914523642665,21.135089845272706,41.194405817877616,30.75164033812179,35.305206900626,3.0956344034891488,1.394541007802715,1.9236820435611086,5.171116560373919,2.3295173653068084,3.213423413675943,22.101255204380568,16.62131934890388,18.872965931888327,36.919142216408446,27.765158457828072,31.526431727131634,0.6683417085427136,-0.0016582914572863539,-0.0016582914572863539,0.5527638190954773,0.0027638190954772934,-0.0022361809045226,0.4371859296482412,-0.012814070351758744,-0.00781407035175874,0.41296928327645055,0.11995395107883555,0.18141423219813047,0.386986301369863,0.42211055276381915,0.11634614173625024,0.1867182322295955,0.3939393939393939,0.41296928327645055,0.11995395107883555,0.18141423219813047,0.386986301369863,26.0,7.0,6.0,42.0,13.0,13.0,47.0,11.0,10.0,-0.00028162604455500513,-0.00020544281645477818,-0.00015817108970776428,0.0003427029913991575,-0.00012688698084151184,1.9278431547142816e-05,"[3.0625, 9.453125, 2.48046875, 1.494140625, 10.8203125, 1.630859375, 0.274169921875, 10.5234375, 7.28125, 7.8671875, 0.03131103515625, 1.8564453125, 8.328125, 3.48828125, 0.07293701171875, 9.3359375, 1.05859375, 7.9921875, 1.51953125, 5.53125, 4.6484375, 7.421875, 0.56201171875, 4.91796875, 2.0, 4.41796875, 0.76416015625, 0.89892578125, 6.55078125, 2.96484375, 1.421875, 4.15625, 0.1351318359375, 0.0201416015625, 0.75537109375, 3.9609375, 4.171875, 0.84375, 4.51953125, 2.560546875, 0.1279296875, 0.043365478515625, 0.395751953125, 10.59375, 1.447265625, 0.69873046875, 5.47265625, 6.328125, 0.91748046875, 0.60009765625, 0.0055389404296875, 4.5, 1.6416015625, 6.98046875, 0.411376953125, 0.322265625, 1.0595703125, 6.15234375, 2.77734375, 1.7158203125, 8.296875, 1.58203125, 2.439453125, 0.6279296875, 3.341796875, 1.4638671875, 3.921875, 5.1484375, 0.138916015625, 2.0390625, 0.08843994140625, 5.07421875, 1.712890625, 6.8671875, 8.8203125, 1.2919921875, 4.01953125, 8.1328125, 2.37890625, 5.78515625, 2.32421875, 7.203125, 2.36328125, 0.15771484375, 2.9375, 3.4765625, 1.0078125, 2.669921875, 8.03125, 0.06787109375, 0.159423828125, 0.391845703125, 6.83984375, 4.70703125, 3.833984375, 0.37841796875, 4.02734375, 1.185546875, 5.6640625, 1.3408203125, 0.0277099609375, 2.78515625, 2.173828125, 8.59375, 3.82421875, 0.62548828125, 0.1448974609375, 0.30078125, 0.2425537109375, 5.89453125, 10.5234375, 0.2020263671875, 7.52734375, 3.033203125, 0.65771484375, 3.939453125, 2.595703125, 0.8828125, 0.62939453125, 0.044189453125, 0.900390625, 3.3515625, 0.39892578125, 0.2470703125, 4.01171875, 0.318359375, 9.1875, 6.32421875, 3.646484375, 3.083984375, 1.1796875, 6.890625, 3.6875, 0.81005859375, 0.029205322265625, 3.7890625, 0.03619384765625, 7.7265625, 6.2734375, 7.94921875, 6.98828125, 4.21875, 0.262939453125, 0.038116455078125, 10.203125, 6.96875, 2.576171875, 1.583984375, 2.244140625, 3.26171875, 3.189453125, 0.95654296875, 4.59375, 4.75390625, 5.94140625, 0.9912109375, 0.170654296875, 0.09521484375, 0.0140380859375, 1.58203125, 0.84228515625, 0.109130859375, 0.0254058837890625, 2.517578125, 0.11737060546875, 3.623046875, 2.279296875, 0.075439453125, 0.361083984375, 3.5625, 0.70458984375, 3.94921875, 8.5703125, 4.796875, 2.31640625, 8.6953125, 1.1123046875, 2.841796875, 4.69921875, 0.450927734375, 4.59375, 0.0041656494140625, 3.13671875, 0.0238494873046875, 5.1015625, 0.2034912109375, 7.8203125, 4.17578125, 2.90234375, 0.6806640625, 9.09375, 3.478515625, 6.93359375, 5.33984375, 0.693359375, 0.7880859375, 8.15625, 3.578125, 2.5859375, 0.845703125, 3.556640625, 0.7744140625, 3.869140625, 2.203125, 5.70703125, 5.16015625, 1.5361328125, 1.7529296875, 3.90234375, 0.57861328125, 1.564453125, 5.5, 4.38671875, 0.65625, 3.599609375, 0.0033893585205078125, 0.6875, 5.75, 6.60546875, 3.6640625, 5.1171875, 0.6357421875, 8.6484375, 0.96728515625, 0.0029048919677734375, 1.30859375, 2.28515625, 7.34375, 1.4599609375, 3.671875, 0.45947265625, 0.08245849609375, 0.0557861328125, 0.055755615234375, 0.18896484375, 10.4296875, 3.673828125, 0.46484375, 0.312255859375, 8.3359375, 1.541015625, 2.068359375, 4.7265625, 0.56494140625, 2.861328125, 0.33984375, 0.144775390625, 1.67578125, 3.90625, 1.98828125, 2.876953125, 4.59375, 5.50390625, 6.23046875, 9.984375, 7.1015625, 1.9970703125, 6.5078125, 0.1920166015625, 0.73291015625, 2.822265625, 8.1171875, 13.421875, 2.794921875, 3.55859375, 1.3564453125, 5.3828125, 0.004364013671875, 2.138671875, 0.00634765625, 0.96533203125, 0.0004410743713378906, 0.1534423828125, 1.7802734375, 0.14111328125, 0.039459228515625, 2.537109375, 1.3212890625, 3.77734375, 0.153076171875, 0.2119140625, 0.63427734375, 6.7890625, 1.826171875, 0.0050506591796875, 2.849609375, 1.646484375, 5.03515625, 2.671875, 0.72265625, 0.317626953125, 8.15625, 0.351318359375]",-1.1340327832479118
203,1,test,2.756703480910719,1.217835005147861,1.6303646510516914,5.319692663162847,2.350092415339386,3.1461631374348857,15.747844218865191,11.088529059803694,12.6635007218341,30.38908316829661,21.39786418567524,24.437133825377153,2.986317907745515,1.2862321916055135,1.8140394806230835,5.762786449000804,2.4820804994765853,3.5006059166618417,19.812596211873664,14.338179594395653,16.583254128521446,38.23295593318323,27.668811433509443,32.0011985074711,2.805022787090927,1.2351559025600425,1.6895147545032623,5.4129358648187065,2.3835170660212706,3.26030685058197,16.527452514334968,11.72144411720462,13.476334661529936,31.893516473608557,22.619219188335396,26.00568364414155,0.6532663316582914,0.003266331658291377,-0.0017336683417086274,0.49246231155778897,0.0024623115577889765,0.0024623115577889765,0.3869346733668342,0.001934673366834172,0.001934673366834172,0.3904494382022472,0.10854200482216303,0.15975540105659713,0.3408450704225352,0.3869346733668342,0.09871412198838803,0.15655070007801952,0.3434343434343434,0.3846153846153846,0.10581738795428275,0.16770770942072388,0.3422818791946308,25.0,7.0,6.0,33.0,9.0,8.0,44.0,12.0,11.0,2.674055161277589e-05,0.00011528361804114298,-0.00023589195056523122,0.03208739770531821,0.037171452412462,0.038233189525859856,"[3.056640625, 9.4453125, 2.4296875, 1.0791015625, 5.80078125, 1.1845703125, 3.29296875, 0.5419921875, 0.03924560546875, 0.4736328125, 9.90625, 5.29296875, 9.8515625, 0.1328125, 3.39453125, 11.625, 6.81640625, 4.94140625, 2.265625, 2.78125, 1.5966796875, 2.796875, 0.78173828125, 0.79345703125, 5.3984375, 6.65625, 4.875, 1.6689453125, 3.224609375, 0.93017578125, 0.011627197265625, 0.39306640625, 0.5693359375, 1.6533203125, 3.27734375, 2.9765625, 4.1171875, 2.75, 1.13671875, 1.1259765625, 10.78125, 6.5, 2.779296875, 0.7294921875, 0.9091796875, 0.98193359375, 1.4423828125, 1.2294921875, 0.26220703125, 0.669921875, 5.40625, 9.8984375, 0.181884765625, 1.328125, 9.6875, 4.49609375, 8.3359375, 2.046875, 5.23828125, 0.08746337890625, 4.1015625, 2.5, 1.7626953125, 3.255859375, 2.466796875, 0.406982421875, 1.697265625, 4.875, 1.4638671875, 5.30078125, 0.921875, 6.94921875, 0.158447265625, 2.8984375, 10.3203125, 8.3125, 0.78564453125, 4.6640625, 4.8359375, 0.05682373046875, 8.6484375, 9.421875, 9.328125, 3.056640625, 0.689453125, 10.25, 7.99609375, 2.1328125, 1.435546875, 0.1783447265625, 1.357421875, 7.5703125, 0.99169921875, 1.546875, 1.466796875, 0.61962890625, 1.4619140625, 8.453125, 2.26171875, 2.4375, 2.41015625, 1.2099609375, 6.08203125, 1.255859375, 0.453857421875, 0.1551513671875, 0.3984375, 5.78125, 3.9453125, 3.279296875, 5.70703125, 0.13037109375, 1.3232421875, 2.826171875, 0.1915283203125, 1.5048828125, 9.375, 4.21484375, 2.111328125, 2.763671875, 2.09765625, 0.0044708251953125, 0.367919921875, 0.01259613037109375, 0.070068359375, 0.3310546875, 0.2362060546875, 0.0143585205078125, 0.076904296875, 0.0350341796875, 0.23291015625, 0.2159423828125, 0.0017004013061523438, 0.35107421875, 0.005214691162109375, 0.0462646484375, 2.193359375, 0.04168701171875, 0.0272674560546875, 0.09375, 1.11328125, 5.6953125, 3.5859375, 1.84765625, 4.203125, 2.171875, 0.5107421875, 4.12890625, 0.3515625, 0.1859130859375, 0.0231170654296875, 0.1614990234375, 1.599609375, 0.52978515625, 1.7451171875, 0.08514404296875, 0.5361328125, 0.074951171875, 1.76171875, 0.22314453125, 0.05010986328125, 0.607421875, 2.765625, 3.927734375, 1.095703125, 6.62890625, 2.322265625, 0.52392578125, 3.400390625, 0.98046875, 1.1552734375, 12.5625, 3.06640625, 9.765625, 7.71875, 0.53955078125, 4.05078125, 6.29296875, 6.171875, 3.0703125, 3.275390625, 3.8515625, 0.2347412109375, 10.1796875, 2.009765625, 8.1328125, 4.58984375, 0.420166015625, 0.38037109375, 3.099609375, 5.46875, 0.6357421875, 10.2734375, 2.953125, 3.140625, 3.462890625, 1.1904296875, 8.0859375, 0.457275390625, 3.931640625, 3.931640625, 3.59375, 1.96875, 1.2216796875, 1.7265625, 11.46875, 0.2239990234375, 0.003780364990234375, 2.642578125, 0.00019478797912597656, 4.1171875, 4.00390625, 8.265625, 6.20703125, 6.6328125, 0.021759033203125, 1.2568359375, 4.12890625, 0.7216796875, 0.51806640625, 2.892578125, 1.7783203125, 6.16015625, 6.125, 1.53125, 0.043182373046875, 4.0859375, 1.609375, 8.8671875, 4.76953125, 6.91015625, 0.00232696533203125, 0.71142578125, 0.007335662841796875, 2.03515625, 7.10546875, 5.83203125, 1.6298828125, 11.25, 2.92578125, 7.296875, 0.76123046875, 0.039825439453125, 4.34375, 0.97119140625, 0.004009246826171875, 1.265625, 0.07940673828125, 0.91162109375, 2.4921875, 0.403564453125, 0.004367828369140625, 0.0305633544921875, 0.00029850006103515625, 0.047607421875, 0.0154876708984375, 0.958984375, 8.015625, 6.359375, 3.5234375, 9.953125, 0.52734375, 0.004901885986328125, 0.0012750625610351562, 0.0058746337890625, 0.0001747608184814453, 0.0092926025390625, 0.0006079673767089844, 0.02593994140625, 0.0245513916015625, 3.218650817871094e-05, 0.0048370361328125, 7.0625, 3.240234375, 0.73486328125, 0.0013179779052734375, 6.8125, 8.078125, 0.390869140625, 0.0010251998901367188, 0.204345703125, 0.0001634359359741211, 3.66796875, 5.71484375, 1.4716796875, 0.1485595703125, 2.5234375, 3.759765625, 0.328125, 0.0012235641479492188, 0.001194000244140625, 0.000408172607421875, 1.5546875, 0.0015716552734375, 0.133056640625, 0.185791015625, 0.0013246536254882812, 0.73193359375, 0.390625, 0.00431060791015625, 0.00038123130798339844, 7.343292236328125e-05, 4.0078125, 0.3134765625, 0.82568359375, 5.734375, 0.1529541015625, 2.61328125, 3.548828125, 0.1656494140625, 0.469970703125, 1.4658203125, 0.01018524169921875, 0.00424957275390625, 0.0645751953125, 0.0252532958984375, 0.01361846923828125, 0.0018825531005859375, 6.5546875, 2.5546875, 4.50390625, 5.8046875, 10.5546875, 3.65625, 2.486328125, 2.83984375, 2.68359375, 2.068359375, 6.71875, 1.0263671875, 5.328125, 1.8427734375, 7.671875, 4.77734375, 10.4765625, 1.7978515625, 0.088134765625, 4.27734375, 0.7841796875, 1.658203125, 0.1448974609375, 1.4482421875, 1.3984375, 6.390625, 0.12274169921875, 0.388916015625, 2.90625, 4.92578125, 4.15625, 0.1834716796875, 11.1015625, 2.9921875, 1.3291015625, 0.484619140625, 0.339111328125, 1.6494140625]",-1.511755362320482
220,1,test,3.331795950377115,1.5234687934259965,2.076856160351144,5.7997929506564585,2.6519641959637714,3.615268130981621,27.988562662230805,21.88832850452837,24.480935488387388,48.72083130092029,38.10190517454939,42.61496177608175,3.528006002531579,1.6103829555872642,2.2258036231663807,6.1413437821846,2.8032592189852372,3.8745470477340698,34.05599230353993,27.251227678696967,30.37860554720297,59.282653269125056,47.43732225550953,52.88127632290886,3.331795950377115,1.5234687934259965,2.076856160351144,5.7997929506564585,2.6519641959637714,3.615268130981621,27.988562662230805,21.88832850452837,24.480935488387388,48.72083130092029,38.10190517454939,42.61496177608175,0.7587939698492463,-0.001206030150753712,-0.001206030150753712,0.6080402010050252,0.008040201005025227,-0.006959798994974786,0.4974874371859297,-0.007512562814070312,-0.007512562814070312,0.42348754448398573,0.11442892991915443,0.17615026637747688,0.3821428571428571,0.4321608040201005,0.11386506467172952,0.19009068715866473,0.4040404040404041,0.42348754448398573,0.11442892991915443,0.17615026637747688,0.3821428571428571,20.0,5.0,4.0,32.0,5.0,5.0,41.0,6.0,3.0,-0.0006174074791766934,-0.00033300919170744153,-0.0001377873428826339,0.00025954392907312496,-0.0001733692814402943,-2.277625207813827e-05,"[3.0625, 9.453125, 2.48046875, 1.494140625, 5.81640625, 3.728515625, 5.25, 6.87890625, 4.6953125, 5.5, 3.693359375, 1.4755859375, 1.1904296875, 0.34619140625, 0.199462890625, 0.11944580078125, 5.09375, 6.4296875, 0.97705078125, 3.4609375, 8.0703125, 6.76953125, 5.0078125, 2.697265625, 13.1171875, 1.9306640625, 0.52197265625, 1.2646484375, 2.201171875, 3.1328125, 4.11328125, 0.19287109375, 3.66796875, 0.76220703125, 3.9375, 7.48046875, 3.6171875, 0.8330078125, 5.66796875, 3.462890625, 2.09765625, 2.05078125, 0.470947265625, 2.197265625, 2.1328125, 2.169921875, 11.0703125, 5.80078125, 5.89453125, 6.84375, 0.29736328125, 4.49609375, 1.828125, 0.86865234375, 2.435546875, 3.091796875, 2.462890625, 5.21875, 7.96875, 4.1875, 0.171875, 5.59765625, 3.580078125, 1.9951171875, 0.36279296875, 0.73779296875, 4.75390625, 5.5234375, 1.4375, 1.017578125, 3.935546875, 6.97265625, 9.296875, 3.53515625, 6.21875, 0.333251953125, 6.73046875, 1.5185546875, 2.458984375, 6.09375, 1.2041015625, 0.36572265625, 5.47265625, 6.4765625, 0.0229644775390625, 0.1322021484375, 2.962890625, 5.921875, 9.1640625, 0.67626953125, 6.30078125, 2.83984375, 1.8251953125, 4.1328125, 1.4755859375, 0.388671875, 6.24609375, 1.0859375, 8.515625, 5.5078125, 3.33203125, 4.09765625, 2.521484375, 4.76171875, 3.0859375, 8.2421875, 0.287109375, 8.546875, 1.2783203125, 4.5625, 6.890625, 5.8046875, 9.3125, 3.283203125, 0.1307373046875, 1.7109375, 1.076171875, 5.09375, 0.6982421875, 3.53125, 0.179443359375, 4.0625, 0.654296875, 1.283203125, 0.1441650390625, 1.326171875, 9.046875, 2.373046875, 0.051910400390625, 0.39404296875, 0.003582000732421875, 8.921875, 4.4921875, 4.15625, 3.525390625, 5.640625, 9.890625, 1.064453125, 7.9921875, 3.041015625, 6.62109375, 0.052734375, 1.4267578125, 3.18359375, 0.70458984375, 4.16015625, 8.515625, 0.66455078125, 0.0122833251953125, 7.84765625, 0.51318359375, 4.30859375, 0.1256103515625, 0.0328369140625, 0.2138671875, 0.003803253173828125, 1.787109375, 1.6767578125, 5.50390625, 7.1015625, 3.0625, 0.00479888916015625, 3.216796875, 4.3671875, 0.64794921875, 7.78515625, 0.5419921875, 4.984375, 1.060546875, 2.576171875, 7.7734375, 1.669921875, 1.498046875, 4.98828125, 1.5703125, 4.14453125, 7.1953125, 2.001953125, 2.029296875, 2.58203125, 0.453857421875, 4.48828125, 0.6142578125, 0.5751953125, 5.65625, 7.92578125, 0.25537109375, 13.8671875, 1.126953125, 0.053436279296875, 5.80078125, 3.26171875, 1.7314453125, 9.046875, 1.3740234375, 8.265625, 2.8046875, 1.642578125, 1.4736328125, 8.6171875, 0.58984375, 0.70556640625, 1.8583984375, 2.03515625, 0.383056640625, 3.0625, 5.3984375, 8.1953125, 4.57421875, 1.1513671875, 4.203125, 0.96484375, 2.9375, 7.515625, 0.08502197265625, 1.46484375, 9.359375, 4.890625, 6.1640625, 0.431396484375, 1.5830078125, 3.755859375, 2.537109375, 3.64453125, 0.09588623046875, 0.01885986328125, 0.093994140625, 0.0030612945556640625, 1.2724609375, 1.3017578125, 3.044921875, 0.84716796875, 0.86083984375, 5.1171875, 6.7734375, 4.5859375, 0.112060546875, 0.05059814453125, 6.734375, 4.4140625, 4.99609375, 2.244140625, 0.384033203125, 1.19140625, 1.8203125, 2.279296875, 9.1796875, 7.83984375, 0.0037937164306640625, 2.142578125, 0.00539398193359375, 1.9775390625, 2.8515625, 0.0026035308837890625, 0.1435546875, 0.45263671875, 5.640625, 0.2393798828125, 0.076416015625, 0.1239013671875, 10.4140625, 1.0458984375, 7.30078125, 10.0234375, 1.8486328125, 1.4775390625, 0.04241943359375, 11.296875, 5.43359375, 2.509765625, 3.642578125, 6.90234375, 3.66796875, 0.4765625, 1.7060546875, 1.02734375, 0.03369140625, 0.90625, 0.006214141845703125, 0.0078277587890625, 0.0012311935424804688]",-1.0685937209485687
390,1,test,2.371236163178129,0.9938518150232063,1.2119263232554673,4.686546945149227,1.964263728748696,2.395269478509627,10.710624183262954,6.746105928979578,7.5228917122020675,21.168639305599896,13.33310558604926,14.868356733078615,2.7759494481973315,1.1261837953758551,1.5875087547575868,5.4864283905409525,2.2258066521815247,3.137576265299193,16.053862072457996,10.848102343340422,12.771902438276564,31.729095322452363,21.440353216319046,25.242580762442834,2.3587103850865443,0.9897014362000105,1.399235410553998,4.661790808260671,1.956060857395304,2.7654699859534206,10.577302006649166,6.645849512889685,7.966976380491501,20.905139343330195,13.134957291984803,15.74605237465066,0.5778894472361809,-0.012110552763819227,-0.007110552763819111,0.4371859296482412,-0.002814070351758735,-0.01781407035175875,0.3517587939698492,-0.008241206030150772,-0.0032412060301507672,0.36363636363636365,0.0816769849027914,0.10752688172043012,0.3381294964028777,0.3517587939698492,0.09361343056132787,0.11970537159923156,0.33838383838383834,0.35785953177257523,0.0807309841932764,0.13983950952563418,0.3120805369127517,24.0,15.0,15.0,34.0,15.0,14.0,43.0,19.0,19.0,8.382075501794798e-05,-0.0005609650449083865,6.207280715280113e-06,0.04691534284521648,0.055600110154910176,0.049971918209105404,"[3.056640625, 9.4453125, 1.869140625, 1.6689453125, 0.791015625, 3.9765625, 8.703125, 2.75390625, 5.1640625, 4.30078125, 0.308349609375, 0.455810546875, 0.5, 4.58203125, 8.546875, 2.607421875, 3.162109375, 0.50439453125, 1.6015625, 1.537109375, 4.00390625, 10.5, 3.65234375, 5.609375, 0.86083984375, 2.271484375, 0.68310546875, 5.3359375, 4.61328125, 0.259521484375, 9.0625, 1.150390625, 0.9326171875, 6.23828125, 11.6484375, 7.3828125, 0.160400390625, 0.0259552001953125, 6.26171875, 0.2060546875, 0.006748199462890625, 2.25390625, 2.263671875, 0.84619140625, 0.95263671875, 3.208984375, 1.8330078125, 1.330078125, 1.923828125, 0.1976318359375, 1.0400390625, 4.0546875, 4.015625, 0.004085540771484375, 4.72265625, 7.4296875, 2.033203125, 1.3125, 4.19921875, 2.31640625, 1.4091796875, 1.142578125, 0.153076171875, 2.642578125, 0.236083984375, 4.03125, 1.5859375, 8.171875, 0.28759765625, 4.09765625, 11.0390625, 0.0073394775390625, 0.410400390625, 1.4970703125, 3.244140625, 0.755859375, 0.1219482421875, 0.156494140625, 0.44287109375, 0.1046142578125, 0.042449951171875, 0.11737060546875, 0.35498046875, 3.11328125, 0.85693359375, 2.505859375, 3.09765625, 3.86328125, 2.12890625, 2.388671875, 12.0, 7.14453125, 6.55859375, 0.0007524490356445312, 0.74462890625, 0.005130767822265625, 0.9619140625, 0.00348663330078125, 0.751953125, 2.26953125, 0.00565338134765625, 0.30126953125, 0.427001953125, 1.5244140625, 0.01348114013671875, 1.9541015625, 0.137939453125, 1.7529296875, 0.01145172119140625, 0.14013671875, 0.2939453125, 0.31689453125, 1.5107421875, 3.904296875, 2.48828125, 5.84765625, 4.765625, 2.310546875, 0.0031070709228515625, 0.0219268798828125, 0.033172607421875, 5.3515625, 0.1436767578125, 1.45703125, 2.21875, 6.12109375, 0.01039886474609375, 0.2113037109375, 9.296875, 1.5009765625, 5.234375, 0.482177734375, 0.1456298828125, 2.38671875, 1.712890625, 0.006656646728515625, 6.0625, 4.61328125, 8.625, 0.5703125, 2.208984375, 0.0526123046875, 3.35546875, 0.9931640625, 0.057769775390625, 0.0005459785461425781, 0.7041015625, 0.006561279296875, 8.8046875, 1.4423828125, 0.0173187255859375, 0.03204345703125, 0.06402587890625, 7.16796875, 10.7734375, 0.5302734375, 8.65625, 7.99609375, 2.765625, 8.5390625, 0.69189453125, 7.36328125, 4.89453125, 0.32421875, 11.15625, 8.5234375, 0.57861328125, 6.375, 0.54931640625, 0.216064453125, 1.0126953125, 0.89990234375, 0.001190185546875, 0.339111328125, 7.486343383789062e-05, 0.00534820556640625, 0.00019538402557373047, 1.0283203125, 10.9765625, 3.935546875, 2.330078125, 3.271484375, 2.123046875, 1.6162109375, 0.0025730133056640625, 0.34375, 8.2265625, 5.3359375, 4.75390625, 5.97265625, 0.1273193359375, 0.833984375, 8.7109375, 1.7216796875, 6.4921875, 6.19921875, 8.6328125, 0.1202392578125, 0.93408203125, 0.0010738372802734375, 1.0341796875, 2.76953125, 8.0859375, 4.92578125, 1.4755859375, 0.6826171875, 0.201904296875, 0.73876953125, 0.472900390625, 0.0141754150390625, 0.88427734375, 0.30078125, 0.12054443359375, 0.0164947509765625, 0.0631103515625, 0.0106353759765625, 0.0264892578125, 0.1680908203125, 0.25927734375, 1.8857421875, 0.033782958984375, 0.0004954338073730469, 0.0006093978881835938, 0.165771484375, 0.007228851318359375, 0.0003070831298828125, 0.87939453125, 0.00537872314453125, 0.0005230903625488281, 0.001964569091796875, 0.00037932395935058594, 0.9345703125, 0.0015115737915039062, 0.03253173828125, 5.0390625, 0.1309814453125, 0.0240325927734375, 2.287109375, 0.020904541015625, 0.0199127197265625, 0.5390625, 0.0029449462890625, 0.66064453125, 0.374755859375, 0.00469970703125, 0.00039696693420410156, 0.0003180503845214844, 2.3515625, 3.015625, 2.12890625, 4.87109375, 3.4609375, 1.345703125, 2.3203125, 0.181396484375, 2.26171875, 6.3359375, 1.33203125, 0.11468505859375, 0.185546875, 1.2978515625, 4.97265625, 0.1279296875, 0.00098419189453125, 0.0022296905517578125, 7.1953125, 6.1640625, 0.0285797119140625, 0.09033203125, 3.197265625, 2.5625, 4.83203125, 1.828125, 0.315673828125, 1.4814453125, 0.10418701171875, 0.767578125, 0.1646728515625, 5.90234375, 2.630859375, 1.4130859375, 1.328125, 2.767578125, 1.6435546875, 3.98828125, 1.7900390625, 3.66015625, 2.908203125, 2.2578125, 2.6953125, 3.5078125, 4.23046875, 0.837890625, 0.5517578125, 1.8505859375, 0.0665283203125, 2.677734375, 0.01158905029296875, 0.375244140625, 1.7060546875, 0.384033203125, 0.1656494140625, 6.13671875, 4.91796875, 1.443359375, 0.86083984375, 0.89111328125, 0.219482421875, 0.2890625, 0.035430908203125, 0.429931640625, 8.21875, 0.14404296875, 6.17578125, 3.71484375, 1.6474609375, 0.004375457763671875, 0.95654296875, 3.521484375, 1.5791015625, 0.61669921875, 0.42431640625, 0.033050537109375, 3.140625, 0.483642578125, 5.578125, 3.28125, 2.13671875, 2.376953125, 7.1796875, 4.5234375, 4.2890625, 0.267333984375, 0.0028743743896484375, 0.70654296875, 8.0078125, 4.63671875, 2.19921875, 6.80078125, 4.75, 0.67529296875, 4.59765625, 4.34375, 2.78125, 4.71484375, 2.833984375, 0.90576171875, 1.2080078125, 3.310546875, 3.169921875, 0.8251953125, 2.56640625, 3.431640625, 0.0469970703125, 0.1552734375, 0.0109710693359375, 0.1029052734375, 8.2890625, 0.460205078125, 8.1796875, 2.5390625, 3.126953125, 0.1270751953125, 3.150390625, 3.228515625, 9.2734375, 0.67529296875, 0.363037109375, 2.802734375, 0.4462890625, 0.83984375, 0.3369140625, 0.02490234375, 0.8203125, 0.06915283203125, 3.36328125, 0.0182952880859375, 2.037109375, 3.001953125, 0.1697998046875, 0.022491455078125, 0.86279296875, 0.1773681640625, 2.83984375, 1.1015625, 1.8212890625, 6.37109375, 1.3876953125, 3.271484375, 0.01552581787109375, 1.8095703125, 1.19140625, 0.0411376953125, 2.5234375, 3.31640625, 1.22265625, 0.14892578125, 4.33203125, 4.64453125, 1.20703125, 8.46875, 1.9814453125, 5.1640625, 0.17431640625, 0.05224609375, 2.12109375, 5.56640625, 5.875, 0.340087890625, 6.0859375, 0.31396484375, 0.1429443359375, 0.42236328125, 6.18359375, 0.262451171875, 0.4609375, 9.8984375, 0.52197265625]",-1.7575060548394492
81,1,test,3.6328589346871447,1.6674546027365433,2.279228388025457,6.103203010274403,2.801323732597393,3.829103691882768,37.82078936673502,30.682991320149828,33.94933381975112,63.53892613611484,51.54742541785171,57.03488081718188,3.507055468295687,1.5568396640474602,2.1754077800557248,5.891853186736754,2.615490635599733,3.654685070493618,33.34992315948923,26.319718594580642,29.562644655842877,56.0278709079419,44.21712723889548,49.66524302181603,3.546555240018711,1.6311053936507076,2.257038714665291,5.958212803231434,2.7402570613331885,3.791825040637688,34.693600281609,27.903607718030592,31.062569661542938,58.285248473103124,46.8780609662914,52.18511703139214,0.7135678391959799,0.013567839195979925,0.00856783919597981,0.592964824120603,-0.007035175879396949,-0.022035175879396962,0.4773869346733668,0.002386934673366814,-0.007613065326633195,0.426865671641791,0.10942900994283422,0.1746313121581763,0.38622754491017963,0.4120603015075377,0.08875203083084593,0.17165963372790494,0.3282828282828283,0.40802675585284276,0.08415363398305975,0.1677597925602955,0.3557046979865772,23.0,5.0,3.0,35.0,8.0,4.0,45.0,8.0,6.0,-0.0005892330128897446,0.00012494919212717426,4.420715226179028e-05,-0.0003648737173866934,3.5801071247121286e-05,-0.00018020799302398416,"[12.7890625, 8.1640625, 2.322265625, 7.5390625, 6.33203125, 0.6162109375, 10.3515625, 10.890625, 2.509765625, 4.3203125, 0.8720703125, 5.234375, 1.1708984375, 1.6953125, 9.984375, 3.736328125, 1.2236328125, 1.2333984375, 7.26171875, 8.9453125, 2.609375, 8.8125, 7.12890625, 3.18359375, 3.6171875, 5.43359375, 5.73828125, 0.036407470703125, 6.78125, 10.9453125, 5.0078125, 4.23828125, 1.689453125, 3.380859375, 4.15234375, 2.013671875, 0.035736083984375, 4.38671875, 4.90234375, 9.375, 2.6328125, 1.830078125, 0.54833984375, 3.654296875, 3.494140625, 0.61767578125, 1.2255859375, 1.34375, 0.0285186767578125, 3.333984375, 4.6484375, 3.17578125, 5.51953125, 0.387939453125, 0.98291015625, 7.09375, 0.26904296875, 0.0026569366455078125, 0.77783203125, 4.890625, 0.006122589111328125, 5.05859375, 1.294921875, 4.05859375, 0.0595703125, 0.96337890625, 0.00943756103515625, 0.0022563934326171875, 0.131103515625, 5.16015625, 7.05078125, 5.8984375, 3.728515625, 0.033355712890625, 0.01084136962890625, 0.34375, 4.52734375, 8.5546875, 6.15234375, 5.4140625, 7.79296875, 7.25, 6.390625, 5.0859375, 0.03265380859375, 0.002166748046875, 0.11077880859375, 10.109375, 3.580078125, 9.21875, 10.1875, 10.0390625, 0.32470703125, 0.54052734375, 2.05078125, 0.324951171875, 0.005207061767578125, 2.4921875, 3.064453125, 2.322265625, 0.0089263916015625, 0.002864837646484375, 6.12890625, 0.9404296875, 6.35546875, 6.0, 0.58056640625, 0.91650390625, 6.12890625, 0.032928466796875, 8.4140625, 1.7080078125, 0.1798095703125, 2.4921875, 2.306640625, 1.9541015625, 6.34375, 3.931640625, 0.72607421875, 5.03515625, 1.439453125, 3.978515625, 0.4794921875, 7.171875, 9.671875, 0.37109375, 0.6240234375, 3.7421875, 8.1796875, 3.330078125, 2.478515625, 2.07421875, 2.24609375, 6.4140625, 2.244140625, 1.2001953125, 6.7109375, 1.54296875, 0.85498046875, 5.48046875, 0.337158203125, 1.6455078125, 0.007411956787109375, 4.53125, 0.021453857421875, 0.0007967948913574219, 2.96484375, 0.002033233642578125, 4.09375, 6.21875, 6.0859375, 0.78564453125, 0.55078125, 2.609375, 0.347412109375, 0.64892578125, 9.421875, 3.337890625, 6.328125, 3.271484375, 0.744140625, 9.2578125, 2.6328125, 0.88525390625, 4.140625, 2.607421875, 3.7109375, 0.72216796875, 7.39453125, 2.146484375, 9.671875, 0.312255859375, 3.138671875, 1.11328125, 4.27734375, 7.69140625, 3.080078125, 1.921875, 1.2333984375, 1.80859375, 1.0244140625, 0.005245208740234375, 2.77734375, 0.41552734375, 0.01346588134765625, 0.0008134841918945312, 0.00029778480529785156, 5.97265625, 0.6376953125, 9.1796875, 2.37890625, 2.88671875, 6.76953125, 1.7373046875, 1.978515625, 1.4130859375, 4.4375, 3.353515625, 6.48828125, 4.18359375, 1.185546875, 3.8515625, 4.58984375, 3.33984375, 0.28662109375, 5.984375, 1.326171875, 8.625, 9.6484375, 0.284912109375, 1.0458984375, 6.31640625, 1.8125, 2.818359375, 0.262939453125, 0.489501953125, 9.046875, 5.83984375, 0.42431640625, 7.05078125, 2.580078125, 3.2265625, 2.2265625, 0.466552734375, 9.4140625, 2.21484375, 0.359619140625, 6.5390625, 1.5302734375, 2.14453125, 0.63427734375, 0.354248046875, 5.265625, 1.939453125, 0.024810791015625, 2.244140625, 0.1639404296875, 2.17578125, 0.79931640625, 0.1646728515625, 7.87109375, 11.6875, 0.95361328125, 7.44140625, 0.368408203125, 2.279296875, 1.9580078125, 6.5703125, 1.6826171875, 4.4375, 2.076171875, 0.449462890625, 8.234375, 12.1015625, 1.7470703125, 2.751953125, 4.25, 2.802734375, 7.8203125, 9.734375, 2.580078125, 4.16015625, 2.697265625, 0.060638427734375, 1.818359375, 6.98046875, 3.87109375, 3.15234375, 7.26171875, 6.8046875, 0.2235107421875, 4.296875, 5.17578125, 1.5986328125, 4.28125, 2.22265625, 10.9453125, 0.5576171875, 2.984375, 1.142578125, 1.58984375, 7.41796875, 0.400634765625, 0.092041015625, 3.98828125, 4.578125, 0.77294921875, 7.0, 1.1845703125, 7.41796875, 6.9921875, 0.1416015625, 0.73828125, 6.43359375, 6.6328125, 0.52880859375, 6.43359375, 7.09765625, 1.693359375, 5.33984375, 4.484375, 7.77734375, 3.31640625, 1.662109375, 8.09375, 10.9765625, 1.513671875, 0.87939453125, 1.8359375, 0.00024271011352539062, 4.7578125, 5.16015625, 13.1484375, 2.90234375, 0.5546875, 9.734375, 0.916015625, 8.75, 5.65234375, 9.2265625, 1.4521484375, 1.6044921875, 3.87890625, 4.5703125, 1.525390625, 2.01171875, 8.9609375, 0.045806884765625, 4.44140625, 6.60546875, 2.017578125, 3.796875, 6.1640625, 1.6640625, 7.44140625]",-0.23760634393834357
389,1,test,4.159446679002089,1.8921087219828654,2.613773805013413,6.04419595542491,2.749470486631351,3.798140060410115,64.03608028750607,54.382412188435595,59.34495318481689,93.05242916778225,79.02444271132048,86.23563509668703,4.4527378944895375,2.0499096531388807,2.830873539023335,6.470384752930109,2.9787749647174357,4.113613111393283,85.86170276605584,74.80730605365311,80.79918290565956,124.76778683192488,108.70436660921466,117.41131265978653,4.1453729177550445,1.8943810123560163,2.5932675906405103,6.0237450211127985,2.752772408579836,3.768341967649491,63.141163972963724,53.64401253128167,58.41976415555122,91.7520038982129,77.95145570951867,84.89121978853537,0.8542713567839196,-0.0057286432160803535,-0.010728643216080358,0.7386934673366834,-0.021306532663316613,-0.0063065326633166,0.5979899497487438,-0.0020100502512562235,-0.0020100502512562235,0.4532374100719424,0.11032897201090108,0.18768717083749265,0.44043321299638993,0.46733668341708545,0.11395322477046887,0.19354703400139261,0.4696969696969697,0.4532374100719424,0.11032897201090108,0.18768717083749265,0.43321299638989175,25.0,0.0,-1.0,38.0,0.0,1.0,48.0,0.0,0.0,-0.0007207874059620833,-0.00021970804540806765,-6.04984226545754e-05,0.00023875416349117273,-0.00018498985658865763,-3.328992298534672e-05,"[3.056640625, 9.4453125, 2.4296875, 1.0791015625, 6.80078125, 2.263671875, 6.7421875, 7.04296875, 2.3046875, 6.66796875, 2.162109375, 3.1171875, 3.693359375, 4.71875, 1.7216796875, 9.25, 2.28125, 3.64453125, 8.46875, 2.060546875, 2.33984375, 3.025390625, 14.046875, 5.8828125, 8.640625, 0.51611328125, 4.05078125, 3.646484375, 6.12890625, 1.041015625, 3.8125, 4.3125, 3.21875, 7.05859375, 0.76953125, 3.0859375, 1.546875, 1.3974609375, 8.859375, 2.2109375, 0.1290283203125, 2.53515625, 12.7578125, 5.45703125, 4.6015625, 11.8125, 0.060943603515625, 5.5625, 9.5625, 5.390625, 11.359375, 2.73046875, 7.140625, 11.3828125, 10.453125, 4.1015625, 4.32421875, 0.7265625, 8.953125, 1.26171875, 2.6796875, 5.453125, 6.359375, 1.3095703125, 5.2890625, 2.119140625, 0.64208984375, 0.406494140625, 2.193359375, 3.97265625, 4.72265625, 7.0390625, 0.85693359375, 1.2548828125, 3.974609375, 1.1484375, 0.97998046875, 5.05859375, 0.050262451171875, 8.09375, 3.755859375, 0.77197265625, 6.23046875, 9.125, 6.21484375, 2.064453125, 2.345703125, 5.18359375, 3.201171875, 0.43798828125, 2.408203125, 6.19921875, 0.08319091796875, 9.8515625, 0.2120361328125, 0.50927734375, 0.0202178955078125, 2.638671875, 2.791015625, 6.7421875, 4.47265625, 0.818359375, 0.0145263671875, 2.712890625, 9.2734375, 0.103271484375, 5.0625, 3.7265625, 3.4765625, 5.41796875, 0.91357421875, 4.44140625, 2.751953125, 9.3359375, 1.3115234375, 8.3515625, 2.9453125, 7.375, 1.9189453125, 7.16796875, 4.8828125, 5.40234375, 4.67578125, 8.2890625, 7.84375, 0.18408203125, 4.57421875, 5.55859375, 3.021484375, 0.76025390625, 11.5859375, 2.0078125, 3.87890625, 0.64697265625, 0.01404571533203125, 1.515625, 5.671875, 2.478515625, 0.7333984375, 7.1484375, 6.6484375, 7.05859375, 6.4921875, 1.6494140625, 3.0390625, 8.109375, 2.58203125, 6.06640625, 0.30126953125, 7.4375, 5.078125, 3.712890625, 7.4375, 5.765625, 8.078125, 7.80859375, 7.40625, 6.3359375, 7.16796875, 0.0364990234375, 0.470703125, 8.046875, 7.390625, 1.5908203125, 13.703125, 4.59375, 9.453125, 5.671875, 2.8125, 6.31640625, 2.7109375, 3.658203125, 8.546875, 4.82421875, 6.1328125, 3.36328125, 4.484375, 1.990234375, 2.396484375, 6.2578125, 2.318359375, 1.611328125, 6.890625, 0.2313232421875, 2.765625, 3.302734375, 5.1171875, 1.6298828125, 1.5087890625, 10.078125, 7.29296875, 1.41015625, 8.609375, 6.6875, 1.572265625, 7.078125, 4.546875, 10.3046875, 5.89453125, 7.0859375, 0.002513885498046875, 0.1617431640625, 0.0008139610290527344, 0.0019083023071289062, 0.004802703857421875, 10.65625, 8.546875, 6.35546875, 9.6484375, 2.869140625, 0.1981201171875, 0.1806640625, 7.828125, 5.12890625, 3.1796875, 5.33203125, 7.19140625, 10.40625, 7.32421875, 0.2587890625, 0.459228515625, 6.875, 1.298828125, 0.70703125, 7.10546875, 4.32421875, 4.15625, 3.173828125, 0.0950927734375, 1.458984375, 0.0020465850830078125, 0.475830078125, 5.8125, 1.1025390625, 1.0771484375, 0.908203125, 0.332763671875, 1.6318359375, 4.5625, 5.01953125, 0.1256103515625, 2.810546875, 6.203125, 5.6484375, 4.24609375, 7.89453125, 5.578125, 10.1640625, 3.748046875, 4.56640625, 0.0146942138671875, 0.0282440185546875, 0.00580596923828125, 0.00012314319610595703, 1.029296875, 0.344970703125, 0.0006589889526367188, 0.00035572052001953125, 0.00020933151245117188, 2.552734375, 12.1015625, 4.0546875, 3.162109375, 6.66015625, 0.44189453125, 7.51171875, 4.7578125, 0.58984375, 8.8671875, 3.35546875, 0.11358642578125, 2.509765625, 2.30859375, 2.921875, 1.2998046875, 1.4267578125, 1.5009765625, 1.66015625]",-1.1022568122088483
459,1,test,2.893606295828092,1.2745480307310435,1.7687117355711253,5.490432458750739,2.4183731865153133,3.356017139288802,18.05831594449903,13.009982059453723,14.97842385573242,34.264496920331496,24.685606984604505,28.420599110876903,3.326003212425577,1.4875270293039127,2.074358594300464,6.310877890243403,2.822487183807424,3.9359624609803676,27.8269009371507,21.539950140775865,24.330812975524076,52.79976075254236,40.87067462608754,46.16615795355851,2.894051283496921,1.2848333406265116,1.765552517055834,5.491276794327492,2.4378889027272272,3.350022724670044,18.066353460579297,13.067453187440098,14.975340777280461,34.279747591868414,24.794654765911986,28.414749167147544,0.7487437185929648,0.008743718592964855,0.008743718592964855,0.6080402010050252,0.018040201005025125,0.0030402010050252226,0.44723618090452266,-0.007763819095477298,-0.007763819095477298,0.3966101694915254,0.08865754681809057,0.15196529914203272,0.34013605442176875,0.4120603015075377,0.07371443684588352,0.15830404107348095,0.38383838383838387,0.40338983050847455,0.10051334996701944,0.15987235587487814,0.33673469387755106,21.0,5.0,5.0,32.0,5.0,5.0,41.0,7.0,6.0,-0.0019828355778688826,-0.0005216407607849425,-0.00023729625971618921,0.009707620918246285,0.008621682016308085,0.009798755345941323,"[3.056640625, 9.4453125, 2.4296875, 1.0791015625, 1.802734375, 7.20703125, 0.455078125, 10.921875, 0.413818359375, 1.8740234375, 6.03125, 0.0885009765625, 6.08203125, 7.1796875, 10.03125, 2.080078125, 3.00390625, 9.515625, 4.19921875, 0.3662109375, 7.2578125, 5.06640625, 3.021484375, 5.59375, 5.44921875, 0.8603515625, 1.9658203125, 1.234375, 2.619140625, 0.351318359375, 0.32861328125, 2.376953125, 1.947265625, 6.63671875, 4.140625, 0.2021484375, 5.9609375, 9.765625, 0.103515625, 6.2734375, 7.8203125, 0.1439208984375, 3.1484375, 5.5078125, 0.003009796142578125, 2.685546875, 5.55078125, 3.455078125, 1.34375, 4.421875, 4.81640625, 0.0269012451171875, 0.0916748046875, 0.031219482421875, 11.6171875, 2.2578125, 5.40234375, 4.109375, 0.642578125, 1.9140625, 2.05859375, 2.125, 6.7734375, 0.020721435546875, 1.775390625, 7.01953125, 2.271484375, 3.830078125, 8.296875, 2.283203125, 3.03515625, 8.8671875, 4.46875, 0.005462646484375, 7.74609375, 4.8671875, 3.578125, 4.30859375, 4.4765625, 7.1796875, 0.01898193359375, 4.82421875, 0.2164306640625, 2.142578125, 2.8671875, 3.615234375, 1.8515625, 4.37890625, 1.373046875, 6.328125, 0.0207977294921875, 1.771484375, 4.72265625, 1.8369140625, 4.359375, 3.080078125, 13.125, 2.599609375, 2.193359375, 2.181640625, 2.68359375, 0.00736236572265625, 0.9765625, 2.08203125, 3.55078125, 1.8623046875, 5.7265625, 0.61572265625, 0.85791015625, 6.66796875, 2.421875, 9.3515625, 6.88671875, 3.09375, 1.8291015625, 2.693359375, 8.0703125, 0.37890625, 3.548828125, 0.036163330078125, 0.2626953125, 1.1708984375, 0.4228515625, 5.1484375, 0.424072265625, 1.1279296875, 7.38671875, 4.12109375, 0.55419921875, 6.84375, 4.30859375, 0.051849365234375, 0.697265625, 2.25, 2.56640625, 2.427734375, 0.54931640625, 0.327880859375, 0.0273590087890625, 0.211669921875, 6.77734375, 3.501953125, 2.470703125, 5.91796875, 3.98046875, 8.046875, 2.451171875, 0.62060546875, 4.4765625, 1.427734375, 7.94140625, 0.0186767578125, 3.72265625, 8.7578125, 0.78466796875, 2.130859375, 4.01171875, 6.4453125, 1.8193359375, 1.35546875, 6.14453125, 2.61328125, 0.0003590583801269531, 4.2578125, 3.205078125, 1.8583984375, 6.015625, 0.8427734375, 4.6015625, 5.40625, 8.125, 2.28125, 1.001953125, 4.42578125, 0.378173828125, 0.1396484375, 0.8486328125, 4.90625, 1.0654296875, 0.0168609619140625, 1.49609375, 1.421875, 0.0557861328125, 0.8759765625, 1.943359375, 1.81640625, 1.5595703125, 6.3828125, 0.07440185546875, 10.546875, 3.427734375, 2.826171875, 3.4453125, 2.46875, 2.833984375, 0.0264129638671875, 0.05194091796875, 0.012054443359375, 9.25, 0.1900634765625, 2.208984375, 0.1761474609375, 0.303466796875, 2.748046875, 2.3125, 4.89453125, 0.12939453125, 0.0374755859375, 0.64013671875, 8.1484375, 0.8115234375, 7.70703125, 7.37890625, 1.4296875, 9.421875, 0.00946807861328125, 7.92578125, 0.00295257568359375, 0.1290283203125, 0.00093841552734375, 0.007732391357421875, 0.006092071533203125, 1.7216796875, 0.001171112060546875, 0.005908966064453125, 5.15234375, 5.046875, 0.058837890625, 4.67578125, 6.06640625, 1.3388671875, 8.9453125, 0.955078125, 2.927734375, 6.609375, 5.21484375, 6.22265625, 2.28515625, 3.482421875, 4.92578125, 3.96875, 6.90625, 8.734375, 0.6982421875, 0.00302886962890625, 0.0025959014892578125, 4.1171875, 0.003498077392578125, 0.0328369140625, 1.083984375, 0.002178192138671875, 3.087890625, 0.01409912109375, 0.020965576171875, 0.005214691162109375, 0.016754150390625, 9.3828125, 0.57861328125, 0.0005660057067871094, 0.006866455078125, 0.00028133392333984375, 0.2425537109375, 0.001682281494140625, 0.9775390625, 3.052734375, 1.619140625, 0.416259765625, 0.77001953125, 5.5078125, 0.7734375, 1.6435546875, 0.53125, 0.00785064697265625, 0.01227569580078125, 0.01010894775390625, 3.19921875, 0.85205078125, 0.8427734375, 0.01242828369140625, 0.0007567405700683594, 0.0216064453125, 0.0003848075866699219, 0.6328125, 0.35205078125, 0.0018301010131835938, 0.0004627704620361328, 0.00040793418884277344, 2.3359375, 2.349609375, 0.04376220703125, 0.11419677734375, 2.923828125, 0.85009765625, 0.04803466796875, 1.107421875]",-1.4364017341096522
400,1,test,2.487561241251414,1.0568211825792357,1.4375941507295575,5.497203236839544,2.3354443417491755,3.176905592352973,12.031897416133878,7.850104597043614,9.174340340330277,26.589007870221778,17.3477620107507,20.274159517519994,2.603117545046399,1.0700596880683673,1.4931646148284075,5.752568402016116,2.364699804496762,3.299709457460308,13.505777340484368,8.873457180831917,10.4715617692755,29.846100542551874,19.609244881097695,23.14085872469524,2.4417594244647582,1.0667555170270437,1.4839360006240478,5.395986876286317,2.3573979944177874,3.279315359403759,11.493244459607853,7.538152282441132,8.887226360515225,25.398651336664265,16.658385908110645,19.63967306829908,0.6030150753768844,-0.006984924623115618,-0.0019849246231156137,0.4824120603015075,0.007412060301507539,0.007412060301507539,0.3467336683417085,-0.0182663316582915,0.006733668341708521,0.3753501400560224,0.10122426593014833,0.1407460344841749,0.3595505617977528,0.3919597989949749,0.1012329819523684,0.15823692754255425,0.36363636363636365,0.3812709030100334,0.10080345726712858,0.15768914550169078,0.3691275167785235,20.0,3.0,4.0,30.0,6.0,5.0,36.0,2.0,2.0,-0.0002843463736409164,-6.708772797373154e-05,-0.00012641284975431477,0.00294214179718999,0.0036173474009641993,0.004062325844622627,"[3.056640625, 9.4453125, 2.4296875, 6.078125, 0.78955078125, 0.10418701171875, 2.328125, 5.8515625, 0.052490234375, 0.1978759765625, 0.78759765625, 0.049835205078125, 0.11846923828125, 2.931640625, 12.375, 0.1939697265625, 0.0302886962890625, 0.404541015625, 3.693359375, 2.67578125, 8.4453125, 8.375, 3.15234375, 2.2265625, 1.9296875, 6.9765625, 2.82421875, 5.80078125, 2.203125, 4.671875, 0.57568359375, 1.3955078125, 5.4140625, 6.25, 1.546875, 0.32080078125, 0.2235107421875, 6.73828125, 0.0084686279296875, 0.00601959228515625, 0.04095458984375, 0.251708984375, 1.2109375, 2.736328125, 3.087890625, 3.169921875, 0.560546875, 3.205078125, 2.900390625, 2.625, 0.03515625, 0.81591796875, 0.6728515625, 4.90625, 0.22265625, 0.6279296875, 4.8828125, 0.0011892318725585938, 0.0023956298828125, 0.0234832763671875, 0.14794921875, 4.5078125, 5.35546875, 1.65625, 0.299072265625, 1.74609375, 1.671875, 8.890625, 2.171875, 8.1484375, 0.025360107421875, 6.2578125, 0.08392333984375, 0.6279296875, 3.580078125, 0.460693359375, 0.0596923828125, 0.051605224609375, 0.16064453125, 5.12890625, 8.9921875, 0.1485595703125, 8.71875, 2.529296875, 5.35546875, 3.38671875, 3.04296875, 3.845703125, 1.39453125, 0.07684326171875, 1.3486328125, 0.128173828125, 3.388671875, 0.6650390625, 8.359375, 1.1708984375, 4.48828125, 3.716796875, 6.0625, 3.4453125, 4.09765625, 3.783203125, 1.4443359375, 0.66259765625, 1.3701171875, 0.1888427734375, 0.0175628662109375, 0.853515625, 4.8046875, 0.01055145263671875, 1.2958984375, 6.63671875, 0.213134765625, 4.2265625, 3.68359375, 0.72216796875, 2.693359375, 0.2578125, 0.311767578125, 2.263671875, 0.11578369140625, 0.005458831787109375, 0.80517578125, 3.484375, 5.546875, 9.3359375, 2.380859375, 0.337890625, 1.0, 3.21484375, 2.3671875, 1.662109375, 1.119140625, 5.12890625, 0.77490234375, 0.2496337890625, 2.251953125, 3.462890625, 7.2734375, 0.2222900390625, 11.0234375, 3.716796875, 9.21875, 4.6328125, 1.40234375, 1.6611328125, 3.810546875, 3.28125, 1.0888671875, 0.046417236328125, 0.9619140625, 0.028076171875, 0.1009521484375, 2.31640625, 0.0499267578125, 0.0024261474609375, 1.3955078125, 4.609375, 0.00524139404296875, 1.7421875, 8.9453125, 7.02734375, 1.6552734375, 5.8203125, 4.36328125, 5.3984375, 0.95703125, 1.1240234375, 8.4296875, 7.859375, 0.389892578125, 0.4853515625, 1.0576171875, 2.19140625, 1.798828125, 6.3515625, 0.64404296875, 2.83984375, 1.7861328125, 0.41357421875, 2.16796875, 3.73828125, 0.8544921875, 1.3837890625, 2.29296875, 0.358154296875, 2.775390625, 3.9765625, 5.46875, 2.435546875, 0.6181640625, 0.0098419189453125, 1.46484375, 0.043060302734375, 0.06451416015625, 0.931640625, 0.041229248046875, 6.015625, 0.74853515625, 4.57421875, 0.024658203125, 4.38671875, 4.44921875, 1.9052734375, 4.0859375, 0.02703857421875, 5.0703125, 1.01953125, 2.7890625, 4.6796875, 0.413818359375, 4.03125, 1.2490234375, 1.1513671875, 1.5966796875, 0.308349609375, 0.334228515625, 0.8505859375, 3.1796875, 1.23046875, 0.047027587890625, 0.78564453125, 0.475341796875, 8.765625, 0.96142578125, 4.20703125, 6.328125, 0.72802734375, 1.025390625, 5.20703125, 5.89453125, 4.64453125, 5.484375, 0.296142578125, 2.0078125, 0.270263671875, 1.3212890625, 2.185546875, 0.011962890625, 1.046875, 0.028900146484375, 0.7958984375, 0.0025157928466796875, 0.019744873046875, 1.9697265625, 0.004261016845703125, 0.1317138671875, 0.43017578125, 0.001068115234375, 0.0010995864868164062, 3.9375, 2.859375, 1.4208984375, 5.91015625, 0.06439208984375, 0.089111328125, 0.272216796875, 0.0005965232849121094, 0.0026111602783203125, 2.390625, 0.54736328125, 6.625, 4.96875, 2.205078125, 0.0001232624053955078, 0.0015001296997070312, 4.39453125, 3.685546875, 7.25, 2.900390625, 0.0003573894500732422, 0.00650787353515625, 6.80859375, 0.82958984375, 0.07305908203125, 0.046112060546875, 0.0004265308380126953, 0.00443267822265625, 11.71875, 6.97265625, 5.5625, 7.6328125, 0.41650390625, 0.0007205009460449219, 0.0038604736328125, 7.2109375, 0.0111236572265625, 0.0677490234375, 0.053558349609375, 4.3272972106933594e-05, 0.0018711090087890625, 1.1279296875, 0.056243896484375, 7.203125, 0.02392578125, 0.00020301342010498047, 0.001255035400390625, 6.06640625, 2.2890625, 0.6416015625, 2.443359375, 6.515625, 4.3828125, 5.93359375, 4.3359375, 0.88232421875, 0.0010128021240234375, 0.0225067138671875, 1.3427734375, 0.103271484375, 1.603515625, 0.0009765625, 0.006923675537109375, 0.003833770751953125, 1.341796875, 3.064453125, 0.49169921875, 10.609375, 0.58544921875, 0.0789794921875, 1.025390625, 0.005039215087890625, 2.28515625, 0.306884765625, 2.994140625, 0.032135009765625, 5.28125, 10.828125, 0.27783203125, 0.00244903564453125, 2.501953125, 0.001819610595703125, 0.199951171875, 2.451171875, 3.94921875, 0.0694580078125, 3.59375, 8.09375, 5.609375, 0.8330078125, 8.84375, 1.1201171875, 1.0927734375, 6.2734375, 18.453125, 7.08203125, 4.1796875, 1.5439453125, 0.012725830078125, 0.0304412841796875, 0.0004627704620361328, 5.28515625, 0.74658203125, 0.0015811920166015625, 0.00397491455078125, 0.0146942138671875, 0.2344970703125]",-1.3859152640281271
260,1,test,3.8474326115043187,1.6990361049485556,2.342225413124635,6.6911871504422935,2.9548453999105315,4.073435501086322,46.87256852620845,38.30146486243054,42.367481545894954,81.51751048036252,66.61124323900964,73.68257660155643,3.7583533555419,1.6801284877355012,2.3007711580182257,6.536266705290261,2.9219625873660893,4.0013411443795235,42.877763385191464,34.887490857398355,38.582202240772105,74.57002327859385,60.67389714330149,67.09948215786453,3.8026380786130263,1.7170732021744461,2.3507900670869883,6.613283614979177,2.986214264651211,4.088330551455632,44.81926541698763,36.77012845140642,40.54826533299112,77.94654855128285,63.94804948070683,70.51872231824544,0.7386934673366834,-0.0013065326633165952,-0.0013065326633165952,0.5879396984924623,-0.00706030150753767,0.012939698492462348,0.48743718592964824,-0.002562814070351749,0.0024371859296482556,0.4357366771159875,0.11648785082490776,0.1844332360315245,0.44025157232704404,0.42211055276381915,0.11383987607208979,0.1733626395751714,0.4191919191919192,0.4381270903010034,0.12760956108564447,0.19229839174705454,0.4395973154362416,26.0,15.0,14.0,37.0,11.0,13.0,46.0,14.0,13.0,0.00033446257128828144,0.0003264916592520745,0.00018746457339439631,0.006004323866281247,0.004785406342127985,0.0058751855242134,"[3.056640625, 9.4453125, 2.4296875, 6.078125, 0.78955078125, 0.10418701171875, 4.328125, 1.2412109375, 4.140625, 1.66015625, 2.796875, 1.4423828125, 2.373046875, 9.3984375, 7.0, 3.341796875, 1.3515625, 6.99609375, 5.91796875, 0.84765625, 2.390625, 5.06640625, 3.04296875, 0.044769287109375, 3.994140625, 6.5234375, 7.45703125, 1.1591796875, 7.01171875, 1.3056640625, 2.810546875, 0.0022182464599609375, 9.546875, 12.890625, 4.55859375, 9.4609375, 0.00804901123046875, 7.0234375, 2.236328125, 1.14453125, 1.9853515625, 0.74755859375, 1.634765625, 0.041046142578125, 0.8896484375, 7.390625, 0.142578125, 3.7421875, 4.265625, 4.109375, 8.953125, 1.0107421875, 6.6875, 0.441162109375, 1.5927734375, 2.732421875, 0.5703125, 7.17578125, 4.75, 7.3125, 0.662109375, 5.58984375, 4.47265625, 3.953125, 9.1875, 6.7421875, 3.3828125, 0.919921875, 8.984375, 2.14453125, 7.37890625, 8.9296875, 0.0032958984375, 2.01171875, 0.4755859375, 0.82421875, 3.552734375, 1.66796875, 1.9755859375, 5.82421875, 0.07147216796875, 0.7646484375, 7.8359375, 5.7734375, 4.14453125, 9.65625, 1.806640625, 0.0010709762573242188, 7.828125, 3.171875, 4.40625, 1.6767578125, 0.73486328125, 9.421875, 0.052703857421875, 2.607421875, 1.939453125, 1.3203125, 3.30078125, 6.96875, 0.01441192626953125, 10.2265625, 1.240234375, 2.1796875, 0.00019025802612304688, 9.75, 4.0625, 7.6796875, 3.833984375, 1.9111328125, 3.546875, 6.24609375, 2.29296875, 0.962890625, 1.599609375, 7.07421875, 0.2509765625, 2.427734375, 7.15625, 1.78125, 2.857421875, 11.3125, 3.359375, 12.328125, 4.60546875, 0.5078125, 1.3916015625, 6.375, 0.162841796875, 0.2236328125, 2.16015625, 1.23046875, 0.226806640625, 3.234375, 7.8203125, 0.0106048583984375, 2.794921875, 1.70703125, 4.91015625, 2.1875, 12.0859375, 0.7470703125, 10.390625, 2.388671875, 0.974609375, 11.0078125, 5.515625, 0.61962890625, 6.58984375, 10.09375, 0.52490234375, 8.03125, 7.7421875, 2.927734375, 1.740234375, 0.312255859375, 2.20703125, 0.01450347900390625, 2.4453125, 5.80078125, 9.0, 7.25, 3.2109375, 2.5078125, 0.025970458984375, 5.8828125, 1.9453125, 7.65625, 0.830078125, 0.267333984375, 4.578125, 0.00785064697265625, 9.5703125, 2.84375, 0.01107025146484375, 0.14697265625, 10.3359375, 6.73828125, 4.69140625, 0.356689453125, 6.4453125, 0.73388671875, 0.003818511962890625, 0.02105712890625, 0.0002620220184326172, 0.0296478271484375, 0.044921875, 0.87744140625, 6.9921875, 7.1953125, 1.4736328125, 5.3671875, 0.69482421875, 7.65625, 4.55078125, 3.544921875, 3.626953125, 0.0017957687377929688, 0.8251953125, 0.0013246536254882812, 1.041015625, 5.6953125, 1.322265625, 0.08074951171875, 4.64453125, 0.0848388671875, 1.2099609375, 3.279296875, 0.736328125, 0.0027618408203125, 8.5625, 3.40625, 0.0677490234375, 7.96875, 1.076171875, 5.61328125, 8.84375, 0.3349609375, 0.0006761550903320312, 0.0011959075927734375, 0.004241943359375, 0.00021851062774658203, 0.493408203125, 0.3427734375, 0.0013790130615234375, 0.0003924369812011719, 0.0007867813110351562, 4.8359375, 1.0966796875, 0.6103515625, 5.9140625, 0.00400543212890625, 6.09765625, 3.025390625, 5.171875, 7.7265625, 8.328125, 5.2890625, 5.45703125, 4.18359375, 4.62890625, 2.109375, 4.78125, 6.078125, 6.0625, 0.93310546875, 3.236328125, 3.267578125, 1.1357421875, 0.4609375, 3.439453125, 10.25, 0.59130859375, 4.56640625, 11.5703125, 5.65234375, 4.3046875, 0.08148193359375, 12.265625, 4.359375, 10.375, 4.453125, 8.8359375, 9.9453125, 9.640625, 8.5, 0.810546875, 0.0045928955078125, 3.3359375, 5.76171875, 2.4609375, 0.87255859375, 9.140625, 6.296875, 6.8671875, 2.462890625, 9.71875, 4.859375, 0.26806640625, 7.84375, 10.5546875, 1.62109375, 0.473876953125, 0.010711669921875, 13.421875, 2.6796875, 4.484375, 0.79833984375, 0.12890625, 5.328125, 1.20703125, 8.3984375, 3.57421875, 0.0141448974609375, 4.64453125, 3.955078125, 1.6689453125, 7.22265625, 9.71875, 2.7734375, 4.453125, 2.712890625, 1.4794921875, 3.259765625, 1.671875, 6.46484375, 4.36328125, 9.0, 0.1533203125, 5.2109375, 0.067138671875, 0.72265625, 6.1875, 4.265625, 5.625, 6.51953125, 3.244140625, 10.4453125, 9.515625]",-1.4589133281319118
495,1,test,2.9813214000817894,1.2959062193833752,1.7873740987957991,5.749691271586308,2.4992477088107954,3.4470786191061844,19.713849323290844,14.319159084570856,16.4137673739886,38.019566552060915,27.615521091672363,31.6551227926923,3.1286662691202594,1.3405342588730838,1.881513599917356,6.0338563761605,2.5853160706838043,3.6286333712691863,22.84349214509349,16.865217471291306,19.363073213429967,44.05530627982316,32.52577655177609,37.34306976875779,2.9813214000817894,1.2959062193833752,1.7873740987957991,5.749691271586308,2.4992477088107954,3.4470786191061844,19.713849323290844,14.319159084570856,16.4137673739886,38.019566552060915,27.615521091672363,31.6551227926923,0.7035175879396984,-0.001482412060301641,-0.0064824120603015345,0.5175879396984925,-0.007412060301507539,-0.017412060301507437,0.40703517587939697,0.012035175879396953,-0.007964824120603065,0.3851351351351351,0.08159381978943525,0.12333738232614633,0.3593220338983051,0.39698492462311563,0.10375184191634867,0.1398897660254529,0.38888888888888884,0.3851351351351351,0.08159381978943525,0.12333738232614633,0.3593220338983051,20.0,7.0,6.0,31.0,10.0,10.0,40.0,13.0,13.0,-0.0006397284571300789,-0.00020252494640506536,-7.545124119936053e-05,0.00036349275698022154,-0.0001152664056931485,2.979210245257491e-05,"[3.0625, 9.453125, 2.48046875, 5.4921875, 0.79443359375, 0.078125, 2.326171875, 0.501953125, 0.9599609375, 0.75634765625, 0.1978759765625, 2.021484375, 1.169921875, 4.57421875, 0.587890625, 4.46875, 3.658203125, 4.8671875, 7.46484375, 2.876953125, 1.310546875, 5.03515625, 0.71337890625, 4.99609375, 8.0546875, 0.72314453125, 4.97265625, 4.54296875, 0.74560546875, 0.426025390625, 3.931640625, 0.08935546875, 12.234375, 9.21875, 4.61328125, 0.64599609375, 2.640625, 1.69921875, 2.525390625, 0.998046875, 6.93359375, 5.15625, 1.740234375, 1.7783203125, 3.775390625, 4.23046875, 11.5625, 4.3515625, 10.953125, 0.9755859375, 2.544921875, 5.9921875, 7.13671875, 1.5859375, 1.8525390625, 0.951171875, 0.462646484375, 2.45703125, 0.521484375, 2.67578125, 3.765625, 3.767578125, 0.537109375, 7.3515625, 1.869140625, 2.4609375, 3.2421875, 0.6162109375, 0.15185546875, 0.2607421875, 0.89599609375, 0.56201171875, 1.0078125, 1.888671875, 0.0809326171875, 13.6796875, 1.5244140625, 1.5546875, 2.123046875, 0.5595703125, 0.168701171875, 0.3388671875, 1.546875, 0.032958984375, 10.140625, 0.82373046875, 0.490966796875, 5.16796875, 6.2578125, 9.421875, 4.78515625, 5.140625, 1.47265625, 3.919921875, 3.330078125, 1.5517578125, 4.25, 1.4716796875, 8.0703125, 5.421875, 7.40625, 1.732421875, 4.35546875, 0.062286376953125, 3.19140625, 5.41796875, 2.15234375, 1.5634765625, 1.74609375, 0.0216064453125, 2.2578125, 2.302734375, 0.84716796875, 0.08154296875, 0.06488037109375, 1.466796875, 1.263671875, 9.6953125, 2.26953125, 2.060546875, 1.9501953125, 0.300048828125, 1.5693359375, 10.1484375, 0.166748046875, 0.362060546875, 4.66015625, 1.296875, 0.031951904296875, 7.78515625, 5.703125, 3.078125, 1.859375, 1.6884765625, 4.5078125, 7.02734375, 2.216796875, 8.3671875, 2.9453125, 12.640625, 9.4296875, 8.59375, 0.10443115234375, 0.067626953125, 1.859375, 3.84375, 5.44140625, 1.0419921875, 3.265625, 3.04296875, 0.434814453125, 0.282470703125, 4.203125, 7.90625, 5.22265625, 1.3779296875, 0.227294921875, 1.806640625, 4.25, 6.47265625, 0.90771484375, 3.015625, 0.76171875, 4.7734375, 0.1668701171875, 1.3251953125, 0.787109375, 0.85595703125, 1.3623046875, 5.4140625, 0.043212890625, 7.203125, 0.330322265625, 7.359375, 1.7626953125, 1.4716796875, 0.391845703125, 3.216796875, 4.4921875, 3.8515625, 5.76953125, 8.1953125, 1.9775390625, 2.98828125, 3.3515625, 2.55859375, 1.5517578125, 1.99609375, 0.061126708984375, 0.008636474609375, 0.018585205078125, 0.1436767578125, 0.0287322998046875, 0.217529296875, 1.2392578125, 2.814453125, 3.404296875, 5.5625, 5.546875, 0.12646484375, 6.671875, 0.01666259765625, 0.13037109375, 0.943359375, 0.1463623046875, 0.023468017578125, 5.62109375, 4.421875, 0.98388671875, 2.2109375, 0.564453125, 2.34375, 1.6796875, 1.4580078125, 3.94140625, 1.267578125, 1.400390625, 3.224609375, 1.58984375, 1.3173828125, 5.4296875, 1.369140625, 0.107666015625, 1.66796875, 1.365234375, 2.33984375, 2.94140625, 2.03125, 2.876953125, 5.87890625, 0.59033203125, 9.0234375, 1.0498046875, 1.8701171875, 4.53125, 7.87109375, 0.436767578125, 6.73828125, 0.71435546875, 3.2578125, 1.8330078125, 0.97216796875, 9.6875, 0.88671875, 2.41796875, 7.14453125, 8.5625, 3.43359375, 1.3916015625, 3.24609375, 1.375, 3.548828125, 4.11328125, 4.67578125, 1.986328125, 4.37890625, 0.01479339599609375, 2.548828125, 2.115234375, 2.76171875, 6.5703125, 0.07537841796875, 2.537109375, 0.0020236968994140625, 7.08203125, 0.84228515625, 6.5390625, 0.0687255859375, 10.0625, 2.396484375, 8.5078125, 0.1524658203125, 0.42626953125, 0.1590576171875, 0.03802490234375, 4.74609375, 3.92578125, 7.52734375, 0.01074981689453125, 1.791015625, 0.9345703125, 1.4267578125, 5.06640625, 0.293212890625, 1.6845703125, 0.9541015625, 0.130859375, 0.01500701904296875, 0.00019288063049316406, 0.01267242431640625, 0.08941650390625, 5.609375, 5.921875, 0.888671875, 2.46875, 2.927734375]",-0.6625565830114724
256,1,test,3.1767260974969345,1.4257126554072512,1.9619969490497375,5.362860186096976,2.406848246225145,3.312188397858159,23.968155556710617,18.20771796796994,20.59877421815756,40.462370133371685,30.73776044055141,34.77427475538426,3.305755500218377,1.4216858584884342,2.0133644205242947,5.58068401649769,2.4000503202439156,3.3989055271216584,27.269135646349817,20.68890602407927,23.62765241535225,46.034992435235715,34.92643275032737,39.88754224957316,3.148564692723711,1.4221656997076257,1.9520983935913863,5.31531888986691,2.400860374775239,3.295477933267179,23.30259418354825,17.68221578120872,19.994188856038324,39.338788030291134,29.850622340320093,33.75363064944104,0.7386934673366834,-0.0063065326633166,-0.0013065326633165952,0.5778894472361809,-0.002110552763819218,0.0028894472361808976,0.4371859296482412,-0.002814070351758735,-0.002814070351758735,0.40894568690095845,0.0963460058802248,0.15177246692221247,0.375,0.40201005025125625,0.08622057656704574,0.1515926879808055,0.36868686868686873,0.40802675585284276,0.09583977755568085,0.15329928088065148,0.3657718120805369,23.0,7.0,6.0,32.0,4.0,4.0,39.0,3.0,3.0,-0.0011609388622380054,-0.00015968849118131297,-9.493601253473693e-05,-0.00045175010162257223,-4.941647984857411e-05,8.936957092231523e-05,"[3.056640625, 9.4453125, 2.4296875, 1.0791015625, 0.80224609375, 3.9921875, 2.6015625, 9.0859375, 0.4267578125, 7.81640625, 7.484375, 11.765625, 1.4072265625, 1.037109375, 6.70703125, 3.62109375, 4.78515625, 5.26953125, 3.400390625, 3.35546875, 2.2734375, 5.5859375, 5.76171875, 2.240234375, 2.5625, 2.041015625, 1.158203125, 5.77734375, 1.0419921875, 8.7734375, 1.703125, 1.541015625, 1.7236328125, 13.7890625, 2.716796875, 5.04296875, 10.5390625, 5.03125, 3.1640625, 4.2421875, 6.17578125, 0.037506103515625, 2.986328125, 2.787109375, 4.60546875, 0.004833221435546875, 0.0869140625, 8.4609375, 0.60595703125, 2.83203125, 0.60595703125, 5.36328125, 3.265625, 1.1904296875, 1.392578125, 5.37109375, 0.62451171875, 2.541015625, 1.0380859375, 4.10546875, 0.5517578125, 5.85546875, 0.330322265625, 1.6396484375, 5.9609375, 1.0625, 2.4296875, 4.99609375, 4.2265625, 3.48828125, 5.265625, 1.8720703125, 1.90625, 2.802734375, 0.455810546875, 4.17578125, 0.28173828125, 0.7958984375, 4.64453125, 4.60546875, 8.328125, 3.810546875, 0.049896240234375, 2.15234375, 6.59765625, 5.921875, 0.55029296875, 4.21875, 6.3984375, 0.71826171875, 4.16796875, 4.3359375, 8.09375, 9.75, 0.6298828125, 3.55078125, 1.8671875, 1.47265625, 7.22265625, 7.05078125, 1.974609375, 1.416015625, 3.2421875, 0.310302734375, 6.890625, 6.57421875, 1.4580078125, 1.609375, 6.6171875, 4.17578125, 0.026336669921875, 0.20556640625, 6.703125, 2.439453125, 7.24609375, 1.9794921875, 0.69189453125, 3.05078125, 0.2479248046875, 0.92626953125, 4.0703125, 9.8046875, 2.5234375, 8.0703125, 4.61328125, 2.275390625, 0.5908203125, 1.4423828125, 1.4228515625, 6.8671875, 7.3046875, 2.177734375, 5.234375, 0.935546875, 0.46533203125, 1.6435546875, 2.052734375, 2.896484375, 2.8515625, 7.80078125, 1.4482421875, 0.1654052734375, 2.158203125, 2.529296875, 3.46484375, 7.203125, 9.0, 1.166015625, 0.81201171875, 0.986328125, 0.57177734375, 3.662109375, 6.90234375, 3.919921875, 0.8291015625, 3.431640625, 2.900390625, 1.986328125, 2.337890625, 0.470947265625, 0.0880126953125, 1.767578125, 0.01052093505859375, 0.050689697265625, 0.0836181640625, 4.5859375, 5.0703125, 1.44921875, 2.09375, 0.95458984375, 5.34765625, 3.21484375, 5.3984375, 2.20703125, 0.794921875, 0.220947265625, 0.0189971923828125, 0.92529296875, 0.004871368408203125, 0.052825927734375, 0.01447296142578125, 2.142578125, 3.751953125, 0.5732421875, 0.478515625, 0.50830078125, 5.0625, 0.11663818359375, 12.6171875, 0.197265625, 2.88671875, 9.6328125, 0.040435791015625, 0.5859375, 7.26953125, 4.71484375, 0.337890625, 7.36328125, 0.5751953125, 0.5859375, 0.421875, 5.8515625, 4.3984375, 0.794921875, 0.203369140625, 3.849609375, 0.66796875, 2.6328125, 3.521484375, 0.10308837890625, 1.341796875, 1.90625, 0.1864013671875, 2.876953125, 2.578125, 8.046875, 1.8896484375, 1.1669921875, 0.56640625, 4.54296875, 7.83203125, 3.83203125, 8.78125, 1.537109375, 1.66015625, 3.322265625, 1.2763671875, 5.30859375, 1.7021484375, 3.23828125, 3.052734375, 1.9189453125, 0.493408203125, 0.321044921875, 1.8623046875, 1.21875, 1.4375, 0.8720703125, 2.5390625, 0.69287109375, 4.0625, 1.6064453125, 0.50341796875, 4.96875, 2.12109375, 1.53125, 10.765625, 2.28515625, 1.625, 1.3330078125, 5.09765625, 0.26708984375, 9.875, 0.94189453125, 3.62890625, 7.421875, 0.444091796875, 6.91015625, 1.6796875, 2.125, 5.08984375, 0.00977325439453125, 0.69580078125, 4.87109375, 3.009765625, 0.1988525390625, 4.390625, 7.28515625, 4.16796875, 0.0013027191162109375, 2.134765625, 0.00936126708984375, 0.95654296875, 0.0003762245178222656, 0.1583251953125, 9.296875, 5.42578125, 0.4736328125, 6.375, 0.96826171875, 0.049102783203125, 7.75, 0.658203125, 0.055023193359375, 1.7421875, 4.06640625, 0.876953125, 5.875, 5.45703125, 1.1826171875, 2.6171875, 1.5126953125, 0.0005307197570800781, 0.0010929107666015625, 5.03125, 2.203125, 8.109375, 3.86328125, 0.6103515625, 7.7265625, 2.09375, 4.4921875, 5.640625, 3.4453125, 4.96875, 9.109375, 8.84375, 1.013671875, 7.40234375, 0.285888671875, 0.62646484375, 0.260498046875, 4.421875]",-0.8933894687567276
171,1,test,3.0707073142160133,1.3804421004842446,1.8884342013158004,5.559596400475308,2.4993267503504217,3.419059817119133,21.557144958911,16.13622674246229,18.2953647819199,39.029778241396755,29.215063154773834,33.124239394633925,3.188837463532261,1.408649167159233,1.9703753611310242,5.773474144500515,2.5503963868567165,3.5674164433109072,24.26020766688563,18.329234572708607,20.87822507763098,43.923744407413984,33.18556154216716,37.80057593002661,3.098663130731487,1.3817252904480726,1.9149286445515201,5.610211141955956,2.5016499995480896,3.4670287038195946,22.168295350018006,16.600841447980958,18.901745009986353,40.13628210740102,30.056260305818157,34.222106754922656,0.7135678391959799,-0.0014321608040201994,0.00856783919597981,0.5829145728643217,0.012914572864321627,0.007914572864321734,0.42211055276381915,-0.0028894472361808976,-0.007889447236180902,0.43440233236151604,0.11416943570940541,0.19393312415037234,0.39181286549707606,0.39698492462311563,0.08620798226722592,0.15658425684348287,0.3484848484848485,0.4247491638795987,0.1092232874188308,0.1755834241688089,0.3926174496644296,22.0,0.0,0.0,32.0,0.0,0.0,41.0,1.0,-1.0,-0.0007720835757608085,3.636599813031103e-05,-0.00040043383227472885,-0.0003332823049371214,6.678927164482928e-05,-0.00016045041052237252,"[3.056640625, 9.4453125, 2.4296875, 6.078125, 0.78955078125, 0.10418701171875, 10.328125, 0.28662109375, 1.462890625, 6.04296875, 5.84765625, 2.119140625, 1.826171875, 9.9140625, 3.6875, 7.7734375, 7.46484375, 5.76171875, 7.45703125, 1.1884765625, 5.2578125, 8.140625, 0.10577392578125, 0.73876953125, 1.599609375, 2.412109375, 0.05572509765625, 3.126953125, 0.02655029296875, 4.75390625, 5.65234375, 4.5859375, 10.6640625, 3.48828125, 8.9296875, 2.798828125, 1.9111328125, 3.310546875, 0.931640625, 2.5234375, 2.431640625, 7.12890625, 4.53125, 0.29248046875, 1.10546875, 0.431884765625, 0.47119140625, 12.265625, 4.6171875, 3.865234375, 0.52783203125, 0.9453125, 4.5234375, 2.111328125, 2.1640625, 1.404296875, 3.955078125, 2.19921875, 3.08984375, 1.82421875, 3.341796875, 7.7109375, 9.3046875, 2.47265625, 0.043548583984375, 0.0267333984375, 2.55078125, 2.5546875, 2.53125, 0.1671142578125, 6.33203125, 7.58984375, 4.2734375, 6.1953125, 1.97265625, 4.2890625, 14.2109375, 2.53125, 4.78125, 0.0013637542724609375, 3.611328125, 2.34765625, 2.361328125, 1.865234375, 4.30859375, 7.05078125, 2.900390625, 0.44775390625, 7.375, 5.19140625, 0.97705078125, 3.171875, 1.2080078125, 3.859375, 6.45703125, 0.07330322265625, 0.06195068359375, 4.63671875, 2.037109375, 5.6640625, 4.015625, 0.005489349365234375, 0.443115234375, 4.68359375, 3.23046875, 11.234375, 0.1563720703125, 4.79296875, 4.16796875, 0.2406005859375, 0.0149383544921875, 9.34375, 6.1328125, 0.31982421875, 3.677734375, 1.3017578125, 1.314453125, 0.271240234375, 2.267578125, 1.2158203125, 6.109375, 5.265625, 3.306640625, 1.12890625, 5.31640625, 0.77294921875, 0.73486328125, 0.393798828125, 6.421875, 0.9287109375, 0.984375, 4.37109375, 1.5654296875, 0.214111328125, 0.88525390625, 1.4423828125, 0.357177734375, 1.33203125, 0.251953125, 0.2012939453125, 0.2197265625, 2.3984375, 0.0697021484375, 1.8154296875, 3.580078125, 8.8515625, 0.1575927734375, 1.205078125, 0.293212890625, 7.09765625, 2.66796875, 5.828125, 4.5, 0.5185546875, 2.19921875, 0.33642578125, 5.67578125, 2.29296875, 4.91796875, 0.1722412109375, 6.875, 4.56640625, 2.455078125, 5.8515625, 0.88671875, 0.96044921875, 1.4873046875, 0.0015106201171875, 0.91845703125, 2.412109375, 1.2373046875, 8.375, 1.59375, 0.054656982421875, 1.7724609375, 0.85546875, 5.52734375, 0.128662109375, 0.67431640625, 8.40625, 1.29296875, 0.020538330078125, 0.054290771484375, 0.031951904296875, 0.017303466796875, 0.0926513671875, 7.640625, 0.003753662109375, 7.0, 4.34375, 10.625, 2.205078125, 2.181640625, 2.18359375, 3.11328125, 0.65771484375, 5.12890625, 0.88720703125, 3.01171875, 0.2489013671875, 4.0546875, 2.953125, 0.0771484375, 3.62109375, 1.71484375, 3.453125, 3.240234375, 0.0838623046875, 0.6669921875, 0.8271484375, 8.3359375, 0.0321044921875, 1.796875, 5.453125, 0.1488037109375, 1.556640625, 0.203857421875, 0.1414794921875, 5.75390625, 0.59619140625, 6.1015625, 3.265625, 7.08984375, 9.7890625, 5.62890625, 2.59375, 0.12841796875, 0.5029296875, 2.375, 3.171875, 0.432373046875, 0.71630859375, 6.828125, 4.62890625, 4.625, 5.48046875, 3.849609375, 0.08917236328125, 5.0, 3.1796875, 3.169921875, 3.68359375, 8.609375, 1.0673828125, 0.1519775390625, 3.958984375, 8.734375, 3.564453125, 2.505859375, 4.38671875, 0.013458251953125, 4.23828125, 3.21875, 1.0263671875, 1.7255859375, 0.0157470703125, 6.70703125, 0.0178070068359375, 0.051910400390625, 3.314453125, 4.734375, 8.046875, 5.44921875, 5.4140625, 3.87890625, 0.0175018310546875, 4.88671875, 5.9609375, 0.4765625, 6.546875, 3.083984375, 4.3046875, 0.009979248046875, 0.077880859375, 0.3125, 2.166015625, 5.55859375, 4.3046875, 1.162109375, 1.623046875, 3.333984375, 0.0007772445678710938, 0.0178985595703125, 0.202392578125, 9.0546875, 5.73046875, 5.6015625, 5.37109375, 1.013671875, 1.9716796875, 2.154296875, 0.00769805908203125, 0.031982421875, 0.067626953125, 3.337890625, 1.6630859375, 1.2177734375, 2.6953125, 8.84375, 0.01398468017578125, 0.061065673828125, 2.369140625, 1.4052734375, 8.234375, 1.8369140625, 6.328125, 3.7265625, 1.20703125, 1.7587890625, 0.128173828125, 0.0026874542236328125, 0.00972747802734375, 0.07342529296875, 0.611328125, 7.8515625, 4.73828125, 7.58203125, 2.392578125, 6.88671875, 9.703125, 3.197265625, 0.3876953125, 6.08984375, 6.86328125, 3.763671875, 0.25341796875, 7.1640625, 8.8046875, 0.77978515625, 2.267578125, 0.003795623779296875, 0.95361328125, 0.0002808570861816406, 0.58251953125, 3.078125, 0.07537841796875, 0.0906982421875, 1.6962890625, 0.0748291015625, 0.0013141632080078125, 0.73828125, 3.123046875, 1.8154296875]",-1.6237974236379906
120,1,test,3.206489772483951,1.4523791115251536,2.0157827871465575,5.737929066550228,2.5989941995713273,3.607190250683313,24.692258476031082,18.91395189348824,21.40285252874984,44.18614674658193,33.846019177821056,38.29984136723655,2.9754765938274823,1.2906298774103753,1.7881201640030353,5.324537062638653,2.3095482016817246,3.1997939776896422,19.598961768282873,14.207337346785959,16.320558715035574,35.071826322190404,25.423656304774873,29.205210332168924,3.186941941047592,1.4404543918166628,1.9916567456767893,5.70294873661148,2.577655227461397,3.564017334368992,24.214265453775166,18.47984007973011,20.90976538952765,43.33079081201872,33.06918751109599,37.417474907575794,0.5778894472361809,-0.002110552763819218,-0.012110552763819227,0.48743718592964824,0.0024371859296482556,0.0024371859296482556,0.40201005025125625,0.0020100502512562235,0.0020100502512562235,0.39344262295081966,0.10539024979206357,0.1698875520675045,0.4046052631578947,0.40703517587939697,0.12382715582927162,0.1783206516723853,0.3737373737373737,0.3946488294314381,0.10917303644312426,0.1699547248708152,0.40268456375838924,21.0,3.0,3.0,30.0,3.0,4.0,39.0,1.0,3.0,0.0005067232797619233,1.9651673762162514e-06,9.268873620146194e-05,0.020929737864161524,0.023960283732250787,0.02037356148038949,"[3.0625, 9.453125, 2.48046875, 1.494140625, 0.81689453125, 5.97265625, 0.890625, 12.0625, 4.453125, 3.791015625, 0.54931640625, 6.75, 5.39453125, 7.73046875, 5.01953125, 4.40625, 11.5859375, 7.1484375, 4.2421875, 5.8203125, 9.015625, 2.359375, 5.46484375, 2.13671875, 0.67578125, 3.44921875, 1.0439453125, 8.234375, 0.67724609375, 11.296875, 1.486328125, 0.7880859375, 2.02734375, 6.3828125, 1.10546875, 5.3515625, 0.5966796875, 0.2103271484375, 6.2421875, 0.0081329345703125, 6.3828125, 0.0025787353515625, 0.6005859375, 0.0034542083740234375, 2.1875, 0.00327301025390625, 0.0213623046875, 2.6171875, 0.004978179931640625, 0.353515625, 1.5478515625, 0.04107666015625, 0.355224609375, 10.515625, 0.1636962890625, 0.001399993896484375, 0.280029296875, 4.21875, 0.90283203125, 0.0008363723754882812, 0.0859375, 0.368896484375, 4.7734375, 3.103515625, 1.6552734375, 0.0006022453308105469, 0.0013532638549804688, 14.328125, 7.28125, 1.20703125, 3.109375, 5.9140625, 0.10052490234375, 0.033843994140625, 0.556640625, 0.007465362548828125, 0.1180419921875, 0.0035495758056640625, 0.0081329345703125, 0.87109375, 0.0015268325805664062, 0.08770751953125, 0.06158447265625, 0.006427764892578125, 0.0247955322265625, 2.552734375, 0.0015439987182617188, 0.0001767873764038086, 0.10601806640625, 0.13232421875, 0.000377655029296875, 0.00010383129119873047, 0.03399658203125, 0.01983642578125, 0.498291015625, 0.002628326416015625, 0.45947265625, 9.655952453613281e-05, 0.0015277862548828125, 9.1953125, 5.9296875, 7.05078125, 0.94580078125, 2.130859375, 0.197509765625, 0.0044097900390625, 0.0004305839538574219, 0.10162353515625, 2.189453125, 7.903575897216797e-05, 0.00396728515625, 0.00013697147369384766, 4.87109375, 10.109375, 4.859375, 3.638671875, 5.109375, 1.111328125, 0.1199951171875, 0.1732177734375, 11.0625, 9.4375, 4.2578125, 6.484375, 3.978515625, 3.11328125, 1.8974609375, 1.513671875, 0.818359375, 0.00012969970703125, 9.3046875, 2.8046875, 3.265625, 4.01953125, 10.2265625, 5.796875, 0.69140625, 0.1380615234375, 8.2109375, 0.5400390625, 0.4443359375, 1.33203125, 3.3828125, 4.3203125, 1.513671875, 8.40625, 7.22265625, 3.904296875, 4.13671875, 5.4453125, 1.6435546875, 0.2188720703125, 0.427734375, 0.003387451171875, 0.00226593017578125, 0.00292205810546875, 3.455078125, 9.359375, 2.44921875, 4.87890625, 0.059326171875, 8.9921875, 3.0, 7.671875, 0.70947265625, 1.701171875, 3.970703125, 2.861328125, 0.71533203125, 2.7421875, 0.007755279541015625, 10.171875, 0.04217529296875, 0.05279541015625, 1.0224609375, 2.982421875, 0.9814453125, 3.37890625, 9.046875, 3.04296875, 4.6171875, 5.046875, 4.453125, 7.84765625, 1.35546875, 7.359375, 1.4541015625, 6.22265625, 1.01171875, 0.70849609375, 2.763671875, 5.97265625, 5.109375, 3.34765625, 2.955078125, 2.373046875, 0.498291015625, 9.2578125, 0.407958984375, 0.456787109375, 5.30078125, 3.193359375, 5.76171875, 0.28076171875, 0.028656005859375, 2.666015625, 7.70703125, 1.34375, 4.1171875, 2.544921875, 11.515625, 7.55859375, 2.93359375, 4.55859375, 2.26171875, 5.3359375, 5.94921875, 4.65625, 6.27734375, 2.78125, 7.0625, 2.494140625, 0.77001953125, 2.298828125, 0.0265350341796875, 7.921875, 1.673828125, 0.29638671875, 4.5625, 4.9140625, 0.80078125, 2.576171875, 0.37548828125, 0.5654296875, 2.193359375, 0.83056640625, 4.6015625, 0.30712890625, 0.0180511474609375, 10.2890625, 2.076171875, 3.134765625, 5.08203125, 0.68017578125, 8.4765625, 3.572265625, 3.982421875, 7.33203125, 0.70751953125, 9.5703125, 6.44140625, 2.875, 1.212890625, 0.8349609375, 7.61328125, 0.06964111328125, 0.90673828125, 0.9580078125, 2.2578125, 9.25, 0.01100921630859375, 1.4365234375, 3.177734375, 0.038238525390625, 0.03204345703125, 0.7158203125, 1.126953125, 6.9453125, 1.453125, 0.728515625, 10.453125, 2.73046875, 0.05316162109375, 9.5078125, 3.490234375, 8.2734375, 0.376220703125, 0.9169921875, 5.27734375, 2.646484375, 5.64453125, 0.533203125, 10.28125, 0.2724609375, 3.59765625, 8.3828125, 0.5986328125, 8.9140625, 0.2449951171875, 3.515625, 3.84765625, 0.05645751953125, 0.0052032470703125, 1.5654296875, 6.71484375, 8.71875, 7.296875, 2.279296875, 9.0234375, 1.6123046875, 9.5859375, 5.87109375, 6.07421875, 0.077880859375, 1.8623046875]",-1.4249370387343108
112,1,test,3.2729841763513132,1.4251081158838133,1.9756585495550305,5.571865919264736,2.426076911564111,3.3633234831710643,26.389974291826686,20.04364830652724,22.73047758267765,44.925789568228765,34.1219250932547,38.695932075272665,3.4164446993688844,1.3752991058449053,1.9521855273275992,5.8160903810684585,2.341283001616923,3.3233634572362707,30.460924532961513,22.761499973542946,26.136586070444636,51.85609771682734,38.74874400257907,44.49442628659028,3.2729841763513132,1.4251081158838133,1.9756585495550305,5.571865919264736,2.426076911564111,3.3633234831710643,26.389974291826686,20.04364830652724,22.73047758267765,44.925789568228765,34.1219250932547,38.695932075272665,0.7336683417085428,-0.001331658291457205,-0.001331658291457205,0.5477386934673367,-0.002261306532663321,-0.01226130653266333,0.4623115577889447,-0.002688442211055242,-0.007688442211055246,0.41052631578947374,0.09758925285241082,0.15557870228539927,0.40492957746478875,0.40703517587939697,0.08953517587939697,0.14081221414894773,0.4292929292929293,0.41052631578947374,0.09758925285241082,0.15557870228539927,0.40492957746478875,18.0,0.0,1.0,31.0,1.0,0.0,38.0,0.0,0.0,-0.0003627439247093559,2.314642456803137e-05,5.0414244797389217e-05,0.0002872636165145437,-0.00015787518124010802,-8.758024202748516e-06,"[3.068359375, 0.0296630859375, 5.7578125, 6.54296875, 6.3359375, 3.125, 0.059356689453125, 4.51171875, 0.28369140625, 2.1953125, 1.3125, 13.2890625, 0.92822265625, 1.9091796875, 0.0234375, 0.0006818771362304688, 1.423828125, 6.375, 11.125, 0.7177734375, 1.37890625, 3.037109375, 0.83154296875, 6.984375, 2.41015625, 1.0302734375, 3.333984375, 0.63330078125, 4.4140625, 3.388671875, 1.29296875, 3.234375, 1.2724609375, 3.365234375, 1.6669921875, 5.48828125, 5.29296875, 1.8203125, 3.107421875, 0.7353515625, 3.048828125, 0.335693359375, 10.5390625, 0.443603515625, 2.1875, 6.51953125, 6.15625, 1.48046875, 1.4052734375, 3.716796875, 6.8359375, 3.439453125, 0.94677734375, 0.076904296875, 0.96240234375, 9.421875, 0.1884765625, 0.004131317138671875, 2.552734375, 10.9453125, 1.0634765625, 4.59765625, 4.41796875, 1.83203125, 5.6875, 1.4736328125, 0.28662109375, 1.0009765625, 1.708984375, 3.84375, 6.19140625, 0.0550537109375, 4.08984375, 0.0030498504638671875, 8.15625, 0.85009765625, 5.15234375, 7.37109375, 3.234375, 6.68359375, 2.875, 7.44921875, 4.05859375, 1.0634765625, 3.423828125, 0.0001207590103149414, 3.892578125, 2.740234375, 0.67529296875, 1.9384765625, 0.0007534027099609375, 4.28515625, 0.1632080078125, 2.265625, 0.96826171875, 4.53515625, 1.1669921875, 0.37255859375, 7.77734375, 4.46484375, 6.8203125, 1.9716796875, 0.0570068359375, 0.42822265625, 0.451904296875, 2.861328125, 0.41455078125, 8.1328125, 5.90234375, 0.10662841796875, 9.2578125, 0.87646484375, 12.0546875, 5.03515625, 0.358642578125, 1.8134765625, 7.32421875, 4.6015625, 6.8359375, 6.87890625, 9.375, 0.6669921875, 1.0576171875, 8.2421875, 0.51806640625, 5.953125, 0.2357177734375, 1.0634765625, 5.640625, 3.193359375, 2.20703125, 1.9873046875, 6.71875, 1.9638671875, 14.609375, 0.402587890625, 8.1796875, 3.337890625, 7.171875, 4.96875, 0.98486328125, 0.09100341796875, 0.0009541511535644531, 5.88671875, 7.30859375, 8.1640625, 4.80078125, 0.314453125, 1.052734375, 4.19140625, 3.853515625, 0.720703125, 4.9296875, 0.048980712890625, 1.892578125, 1.73828125, 6.09765625, 2.927734375, 1.5390625, 0.00026345252990722656, 8.203125, 10.1171875, 3.31640625, 0.501953125, 1.259765625, 0.00055694580078125, 6.81640625, 0.67724609375, 1.3408203125, 5.83984375, 9.03125, 0.2381591796875, 4.6875, 0.054168701171875, 3.53515625, 0.018707275390625, 2.0078125, 11.9296875, 4.12109375, 3.029296875, 2.22265625, 10.328125, 6.80078125, 6.06640625, 5.10546875, 2.45703125, 2.564453125, 3.861328125, 0.95068359375, 0.619140625, 2.033203125, 1.333984375, 1.4091796875, 3.0234375, 4.984375, 4.65625, 0.278076171875, 1.337890625, 1.8662109375, 12.140625, 3.6875, 5.8125, 1.041015625, 3.6835670471191406e-05, 7.9453125, 4.703125, 1.0693359375, 0.00019991397857666016, 4.31640625, 5.50390625, 0.85107421875, 0.0002770423889160156, 6.67578125, 1.6259765625, 0.410400390625, 0.0004031658172607422, 8.84375, 0.006488800048828125, 2.99609375, 0.52099609375, 2.82421875, 1.6962890625, 2.533203125, 1.501953125, 0.32666015625, 4.6015625, 0.6337890625, 5.4765625, 6.30078125, 0.95458984375, 1.51171875, 2.162109375, 1.275390625, 0.9033203125, 3.29296875, 0.04656982421875, 1.2314453125, 0.0232696533203125, 9.1953125, 0.9541015625, 5.7890625, 6.56640625, 1.7080078125, 3.150390625, 1.875, 0.0005292892456054688, 3.44921875, 6.48046875, 2.919921875, 0.556640625, 2.79296875, 5.22265625, 1.1748046875, 1.6552734375, 1.3662109375, 4.46875, 0.0053253173828125, 6.68359375, 1.6513671875, 4.5078125, 0.453857421875, 3.6875, 0.16845703125, 4.53125, 2.642578125, 2.19921875, 5.3828125, 0.258544921875, 3.73046875, 4.16015625, 0.79345703125, 1.345703125, 8.640625, 2.36328125, 1.1806640625, 0.049224853515625, 0.658203125, 4.734375, 7.0, 0.122802734375, 9.328125, 6.625, 0.470458984375, 2.611328125, 0.4384765625]",-0.8949931567175344
472,1,test,3.160173815709573,1.3593366752825142,1.8824199280573968,5.3192987829645615,2.2880760186432383,3.168545344742575,23.574693225001482,17.519979235726115,19.98612289055843,39.68162648431927,29.490151384358867,33.64123790895239,3.212672094004837,1.2662902296124683,1.8057154304910168,5.407665450157211,2.1314574672358937,3.0394340475966803,24.84538681358763,17.84208402730201,20.761877831112493,41.82049581665993,30.03232777266364,34.94701175299059,3.157632186677721,1.3529891490985246,1.8757298404131681,5.315020637202872,2.2773916733273305,3.1572843897637806,23.514851180636803,17.437049666127656,19.911362888813798,39.580898571134,29.350561860376366,33.5153996451462,0.6582914572864322,-0.011708542713567693,-0.011708542713567693,0.5326633165829145,0.0076633165829145256,-0.0023366834170853723,0.4773869346733668,0.002386934673366814,0.012386934673366823,0.45185185185185184,0.14501266516053946,0.20062032475825575,0.42750929368029744,0.44723618090452266,0.13144670722031215,0.18847157322505692,0.4292929292929293,0.4444444444444444,0.13760525775313204,0.1969074986316366,0.42750929368029744,15.0,0.0,0.0,27.0,-1.0,1.0,32.0,-2.0,0.0,-0.00045080025302589235,-0.000189531623475066,-9.326559477335384e-05,0.00983188540195723,0.007001394451028986,0.007625058436902421,"[3.056640625, 7.44140625, 0.90380859375, 9.671875, 6.7421875, 3.375, 10.015625, 1.1416015625, 3.06640625, 10.3984375, 5.28125, 5.1796875, 0.705078125, 0.493408203125, 0.5576171875, 0.0003135204315185547, 5.14984130859375e-05, 0.429931640625, 0.17333984375, 0.01215362548828125, 0.00046944618225097656, 0.0001970529556274414, 5.22265625, 1.322265625, 3.25390625, 6.25, 0.71533203125, 3.201171875, 2.400390625, 0.7705078125, 3.935546875, 0.349853515625, 0.0037288665771484375, 4.82421875, 4.359375, 1.244140625, 6.07421875, 0.1627197265625, 1.2060546875, 6.32421875, 1.818359375, 1.7333984375, 2.427734375, 0.0258941650390625, 9.0546875, 0.145263671875, 6.0703125, 2.970703125, 1.859375, 6.0703125, 0.08935546875, 1.8134765625, 5.12109375, 0.56396484375, 1.7138671875, 5.0546875, 7.81640625, 3.3125, 1.2255859375, 2.302734375, 0.529296875, 3.6484375, 0.2025146484375, 6.1328125, 0.46533203125, 5.8828125, 3.85546875, 6.05078125, 6.453125, 1.83984375, 0.06256103515625, 4.44140625, 1.1630859375, 6.765625, 2.37890625, 5.359375, 0.56982421875, 5.171875, 5.0546875, 3.1640625, 16.203125, 8.96875, 0.1466064453125, 7.8515625, 8.0, 1.9755859375, 5.4375, 0.0148162841796875, 7.375, 0.197021484375, 0.76611328125, 4.734375, 4.42578125, 4.1640625, 0.00738525390625, 5.27734375, 1.390625, 5.19140625, 3.673828125, 4.57421875, 1.3232421875, 1.12890625, 11.8359375, 4.046875, 1.8583984375, 7.0546875, 0.8876953125, 5.83984375, 0.0302276611328125, 3.185546875, 1.5087890625, 0.000263214111328125, 8.9765625, 5.94140625, 8.828125, 0.474853515625, 0.0005116462707519531, 7.44921875, 5.203125, 5.5390625, 0.611328125, 0.0007491111755371094, 3.533203125, 0.06341552734375, 1.3759765625, 2.447265625, 3.173828125, 1.85546875, 4.97265625, 3.267578125, 0.120849609375, 0.1961669921875, 6.82421875, 3.779296875, 0.38818359375, 6.99609375, 0.5439453125, 1.5322265625, 7.10546875, 0.01776123046875, 0.0087432861328125, 0.2027587890625, 4.55859375, 8.09375, 0.85546875, 0.401611328125, 5.40234375, 0.08697509765625, 0.255126953125, 2.322265625, 0.01110076904296875, 0.16259765625, 0.5087890625, 5.98046875, 5.875, 3.939453125, 1.466796875, 4.69921875, 1.021484375, 0.483642578125, 1.3408203125, 1.9716796875, 0.004245758056640625, 0.00319671630859375, 0.2215576171875, 0.0084991455078125, 4.23046875, 1.7060546875, 1.4853515625, 1.01953125, 5.34375, 3.748046875, 9.875, 2.841796875, 0.11376953125, 4.70703125, 7.9453125, 2.91015625, 4.97265625, 3.771484375, 10.3671875, 0.83544921875, 6.89453125, 0.00972747802734375, 0.0005869865417480469, 4.53125, 0.63232421875, 1.1875, 5.41015625, 0.552734375, 1.1044921875, 6.1640625, 15.2734375, 4.8984375, 0.4990234375, 1.0166015625, 5.359375, 0.1771240234375, 3.1953125, 8.5625, 0.6162109375, 0.370361328125, 7.2734375, 2.69140625, 4.67578125, 0.08599853515625, 6.25390625, 0.75048828125, 0.274169921875, 3.138671875, 2.17578125, 0.80859375, 5.9609375, 1.775390625, 0.60546875, 0.3291015625, 5.58984375, 3.017578125, 2.65625, 3.2890625, 1.2939453125, 5.125, 3.80078125, 2.447265625, 4.62109375, 0.87451171875, 0.0172271728515625, 3.5625, 2.40625, 4.19140625, 6.046875, 0.081787109375, 0.47119140625, 7.03515625, 5.53515625, 4.1953125, 2.974609375, 0.603515625, 7.15625, 5.59375, 0.8544921875, 6.68359375, 0.023040771484375, 0.58544921875, 4.33203125, 1.4560546875, 0.04083251953125, 1.6962890625, 0.0211029052734375, 7.34765625, 0.01209259033203125, 0.003871917724609375, 6.98828125, 0.358642578125, 2.748046875, 0.60693359375, 4.34765625, 0.1627197265625, 6.64453125, 4.96484375, 2.255859375, 4.12890625, 0.069091796875, 7.37109375, 4.2734375, 0.3681640625, 1.322265625, 3.470703125, 1.95703125, 5.609375]",-0.9562607584176241
26,1,test,3.1887310808876537,1.4397123769983795,1.9502616213539623,5.477114562465852,2.4729177299030987,3.349861137855041,24.257626939110065,18.508668462560664,20.807298385174505,41.666041566000814,31.79135994745714,35.73959487335856,3.6730087606152098,1.627302271284067,2.27346896893328,6.308932694703772,2.7951309600879273,3.9050172878148106,39.37018329374369,31.635562258417202,35.31684913429223,67.62407953984211,54.33873046739897,60.66188204243136,3.1887310808876537,1.4397123769983795,1.9502616213539623,5.477114562465852,2.4729177299030987,3.349861137855041,24.257626939110065,18.508668462560664,20.807298385174505,41.666041566000814,31.79135994745714,35.73959487335856,0.7688442211055276,-0.01115577889447239,-0.0011557788944723812,0.6331658291457287,0.0031658291457287158,0.0031658291457287158,0.5477386934673367,-0.002261306532663321,-0.017261306532663223,0.4467353951890034,0.12941120994028987,0.20102110947471774,0.3758620689655172,0.4623115577889447,0.13649702144809261,0.20688584827308498,0.4545454545454546,0.4467353951890034,0.12941120994028987,0.20102110947471774,0.3758620689655172,25.0,8.0,8.0,37.0,7.0,8.0,47.0,10.0,9.0,-0.0014611509813410744,-5.743794002837752e-05,-0.00021491644239089345,0.005004372189240769,0.004108819101785954,0.004200469803375739,"[3.0625, 9.453125, 2.48046875, 1.494140625, 0.81689453125, 9.96875, 8.5390625, 2.845703125, 1.8330078125, 6.58984375, 8.390625, 0.646484375, 1.8798828125, 6.3515625, 1.1103515625, 4.08203125, 7.27734375, 1.810546875, 11.4765625, 3.921875, 2.46875, 3.154296875, 1.703125, 5.171875, 2.01953125, 4.8828125, 3.2421875, 5.9609375, 3.267578125, 0.63330078125, 5.66796875, 3.162109375, 5.4609375, 1.7099609375, 5.70703125, 3.69921875, 0.30517578125, 3.36328125, 3.07421875, 1.4033203125, 3.568359375, 0.00914764404296875, 0.007640838623046875, 1.1083984375, 0.8232421875, 4.41015625, 6.59375, 6.59375, 6.89453125, 3.888671875, 4.79296875, 6.8046875, 6.08984375, 7.8671875, 0.71435546875, 3.201171875, 0.021759033203125, 0.288818359375, 2.125, 0.88232421875, 3.21875, 3.36328125, 2.517578125, 3.79296875, 7.45703125, 4.20703125, 4.53515625, 8.109375, 3.203125, 1.705078125, 1.5498046875, 4.30078125, 7.1484375, 5.59765625, 1.2841796875, 0.430908203125, 4.828125, 8.0859375, 0.17431640625, 3.412109375, 0.52197265625, 7.80859375, 5.5859375, 0.93505859375, 3.916015625, 5.765625, 0.1339111328125, 2.009765625, 3.83984375, 6.48828125, 0.1893310546875, 2.2109375, 0.76806640625, 5.1640625, 3.9453125, 4.609375, 5.24609375, 10.5390625, 0.2391357421875, 0.298828125, 5.30078125, 0.6005859375, 5.8984375, 4.44921875, 2.8125, 1.439453125, 3.30078125, 4.52734375, 6.08203125, 0.85498046875, 8.5, 3.2734375, 1.84375, 4.34765625, 6.85546875, 0.087646484375, 4.95703125, 1.4482421875, 7.21875, 4.48046875, 1.775390625, 3.4296875, 6.98828125, 1.25, 3.58984375, 2.90625, 3.0546875, 1.0986328125, 0.0271759033203125, 0.0211639404296875, 3.931640625, 4.609375, 6.79296875, 0.9013671875, 4.83203125, 1.6962890625, 0.390625, 4.19921875, 1.3515625, 8.265625, 6.01171875, 10.03125, 0.285888671875, 0.48095703125, 1.888671875, 5.046875, 4.51171875, 2.111328125, 1.5947265625, 7.4453125, 1.1845703125, 4.734375, 1.0361328125, 0.83056640625, 7.09375, 4.71875, 0.05224609375, 0.65234375, 5.390625, 0.7041015625, 7.34375, 0.1939697265625, 0.346435546875, 3.73828125, 0.4140625, 0.03857421875, 0.5908203125, 0.1265869140625, 0.712890625, 0.9150390625, 2.94140625, 1.6494140625, 8.96875, 1.013671875, 3.83203125, 4.5859375, 8.5234375, 0.8173828125, 5.98828125, 2.83984375, 10.3125, 6.73828125, 3.185546875, 0.36669921875, 2.943359375, 4.1640625, 6.16796875, 10.3125, 5.0078125, 0.52587890625, 2.341796875, 11.7265625, 3.79296875, 2.9921875, 2.419921875, 9.78125, 3.287109375, 0.350341796875, 9.2421875, 1.3681640625, 3.6796875, 5.125, 3.45703125, 3.61328125, 2.642578125, 1.2919921875, 0.020233154296875, 6.46875, 2.890625, 3.654296875, 5.83203125, 1.8505859375, 5.55859375, 6.3046875, 6.5390625, 0.1500244140625, 6.69921875, 1.525390625, 3.666015625, 0.0266265869140625, 0.149658203125, 0.002674102783203125, 0.00749969482421875, 0.0027751922607421875, 0.81396484375, 3.05078125, 0.358154296875, 1.984375, 3.15234375, 0.4189453125, 0.15283203125, 3.1875, 5.5703125, 0.65673828125, 1.359375, 0.01494598388671875, 0.195556640625, 6.19921875, 0.324951171875, 0.233642578125, 0.1597900390625, 3.302734375, 0.00612640380859375, 0.02996826171875, 2.802734375, 1.751953125, 0.020233154296875, 9.2734375, 2.01171875, 0.095703125, 0.0027866363525390625, 2.1640625, 0.00024962425231933594, 0.4013671875, 7.9765625, 0.52783203125, 8.8984375, 1.3408203125, 0.564453125, 0.100830078125, 6.9375, 0.024749755859375, 3.482421875, 2.8046875, 4.93359375, 0.39892578125, 0.61279296875, 4.203125, 4.8046875, 0.137451171875, 2.072265625, 0.759765625, 0.07293701171875, 0.041717529296875, 0.2398681640625, 0.8134765625, 12.0546875, 0.231689453125, 0.861328125, 0.0192718505859375, 0.0039043426513671875, 0.00542449951171875, 0.00022876262664794922, 4.53515625, 0.0016632080078125, 0.057098388671875, 0.1419677734375, 0.0010938644409179688, 2.962890625, 0.69384765625, 0.031829833984375]",-1.3362804585715748
330,1,test,3.369744681679042,1.5244221642011553,2.0883106282683164,5.160870233202136,2.3347006118396068,3.198313574825349,29.07110372478953,22.740962682451226,25.469302525724864,44.52331201093892,34.82850140555593,39.00703990426331,3.713434828585716,1.6938142463110903,2.340690118287582,5.687242530266412,2.5941299267827507,3.584840721701702,40.99437362322325,33.45890832112903,37.048206693247316,62.78417581935092,51.24337310443185,56.7404967374058,3.2813639046755125,1.4892410787202028,2.051265152729041,5.025512286439974,2.280819670112022,3.1415772609363692,26.61204425036052,20.60986371386468,23.19047684431244,40.75718488793953,31.564656138351307,35.516946518316345,0.7035175879396984,-0.01148241206030165,-0.001482412060301641,0.5527638190954773,-0.0072361809045227155,-0.017236180904522724,0.4974874371859297,0.0024874371859296973,0.0024874371859296973,0.4129793510324484,0.11548303291757356,0.1754916179608096,0.37573964497041423,0.44221105527638194,0.15649676956209624,0.20514928566035517,0.4191919191919192,0.3946488294314381,0.10082579103410916,0.16550533666169398,0.36241610738255037,13.0,1.0,0.0,26.0,-1.0,-1.0,32.0,-3.0,-1.0,-0.0012641297694242983,0.00017422030757104345,-0.0004266253005569468,-0.0003490780111610192,5.1295171446419374e-05,-0.00017032920177317834,"[3.056640625, 9.4453125, 2.4296875, 5.078125, 2.71484375, 4.0859375, 5.04296875, 1.9873046875, 8.046875, 0.57470703125, 7.59375, 8.8359375, 1.6328125, 5.46484375, 7.96875, 5.3203125, 4.2578125, 2.001953125, 4.5, 0.1873779296875, 0.1055908203125, 0.2890625, 0.69189453125, 5.953125, 7.1171875, 6.66015625, 1.1689453125, 6.55078125, 0.70654296875, 2.3828125, 1.1767578125, 7.08203125, 7.3515625, 0.004810333251953125, 4.30859375, 1.46875, 0.2239990234375, 0.7587890625, 3.775390625, 5.57421875, 2.40625, 1.0048828125, 0.10919189453125, 3.76953125, 5.453125, 4.25, 9.34375, 4.86328125, 3.0859375, 1.0234375, 0.048797607421875, 9.8359375, 7.375, 1.6279296875, 4.71875, 0.278564453125, 0.60888671875, 2.6640625, 6.68359375, 1.5390625, 0.9287109375, 2.880859375, 0.97802734375, 9.3671875, 6.49609375, 2.626953125, 2.34375, 4.15234375, 0.2000732421875, 2.017578125, 7.42578125, 0.89404296875, 9.6171875, 8.65625, 0.4951171875, 4.3203125, 2.9453125, 3.33203125, 6.125, 0.80908203125, 5.15625, 0.73974609375, 0.0682373046875, 8.40625, 0.0712890625, 7.34375, 1.802734375, 6.3828125, 2.736328125, 4.61328125, 6.796875, 5.11328125, 1.9150390625, 4.796875, 4.48046875, 6.9140625, 5.68359375, 4.78125, 0.39501953125, 0.3583984375, 10.0703125, 7.11328125, 1.3271484375, 2.171875, 3.5078125, 1.69921875, 8.1015625, 2.544921875, 5.40234375, 4.6171875, 7.29296875, 0.01103973388671875, 1.119140625, 7.0625, 1.8798828125, 10.5625, 8.4609375, 5.0859375, 3.474609375, 11.6875, 6.62890625, 1.04296875, 10.40625, 3.5234375, 0.2093505859375, 0.11474609375, 14.609375, 1.017578125, 3.5859375, 1.8515625, 0.0313720703125, 0.169189453125, 0.0010595321655273438, 0.0061187744140625, 0.00301361083984375, 1.869140625, 0.002376556396484375, 0.006313323974609375, 5.46875, 7.109375, 2.9375, 6.16015625, 9.1015625, 1.27734375, 6.1484375, 1.73046875, 0.00817108154296875, 4.26171875, 0.1683349609375, 0.0101470947265625, 0.01215362548828125, 4.9296875, 0.28173828125, 0.3330078125, 0.1328125, 6.49609375, 1.357421875, 7.76171875, 19.6875, 6.03515625, 8.109375, 5.68359375, 9.5234375, 3.400390625, 9.234375, 3.091796875, 3.125, 3.939453125, 0.0005540847778320312, 0.01322174072265625, 5.5078125, 0.65234375, 0.09906005859375, 0.2020263671875, 1.013671875, 0.356201171875, 0.0002084970474243164, 1.36328125, 0.04052734375, 17.53125, 8.953125, 12.265625, 1.7900390625, 0.0007181167602539062, 0.006561279296875, 1.4267578125, 0.52392578125, 3.751953125, 0.01515960693359375, 0.0704345703125, 0.149169921875, 1.201171875, 1.380859375, 0.00013697147369384766, 0.00649261474609375, 9.2421875, 4.4453125, 3.712890625, 0.92626953125, 0.12457275390625, 0.81884765625, 0.0002332925796508789, 6.0859375, 0.152099609375, 0.00115966796875, 0.0107879638671875, 1.2412109375, 6.28125, 5.3671875, 0.23828125, 9.1015625, 6.7890625, 0.58935546875, 0.004436492919921875, 0.0009360313415527344, 0.011962890625, 8.9765625, 1.541015625, 1.1357421875, 3.267578125, 4.98046875, 0.034027099609375, 0.537109375, 0.0009183883666992188, 0.01922607421875, 3.087890625, 0.086181640625, 6.40234375, 0.012542724609375, 0.499755859375, 0.0012531280517578125, 0.0172271728515625, 6.26171875, 0.1771240234375, 0.189697265625, 2.169921875, 3.45703125, 2.826171875, 5.046875, 1.6201171875, 3.328125, 2.572265625, 3.91796875, 0.66064453125, 0.00022900104522705078, 2.203125, 0.0026454925537109375, 2.775390625, 0.00226593017578125, 0.050018310546875, 3.13671875, 4.07421875, 2.1796875, 0.05743408203125, 4.58203125, 7.70703125, 0.8193359375, 5.25390625, 0.059173583984375, 3.0859375, 0.0035190582275390625, 0.376708984375, 0.310791015625, 4.6484375, 0.0005002021789550781, 0.006488800048828125, 0.010711669921875, 0.947265625, 0.177001953125, 0.007534027099609375, 0.003345489501953125, 0.0010471343994140625, 1.2763671875, 7.01953125, 0.080810546875, 0.047454833984375, 2.97265625, 10.171875, 0.31689453125, 5.90625, 6.67578125, 1.84765625, 1.4765625, 6.73046875, 0.60400390625, 4.27734375, 10.265625, 1.8203125, 0.0001615285873413086, 0.135009765625, 2.265625, 2.177734375, 2.009765625, 7.90234375, 8.7109375, 10.2890625, 1.5498046875, 2.05859375, 3.189453125, 0.1949462890625, 3.201171875, 4.3515625, 2.056640625, 3.4375, 5.19140625, 0.66162109375, 2.29296875, 9.6796875, 2.453125, 2.376953125, 3.9765625, 3.48046875, 1.1552734375, 7.01953125, 2.431640625, 1.9365234375, 4.84765625, 11.921875, 0.20751953125, 1.1875, 8.0, 8.078125, 1.1640625, 1.130859375, 5.56640625, 9.6796875, 4.65234375, 1.0830078125, 8.4765625, 1.0869140625, 6.859375, 6.2890625, 0.394287109375, 0.81591796875, 6.36328125, 3.732421875, 3.154296875, 4.40234375, 1.57421875]",-1.8189474112164659
100,1,test,2.976792878842767,1.3110912934281613,1.7873512802041225,5.352057662997099,2.357247040515917,3.2135279493825415,19.624776574067376,14.335393671881356,16.339530364924908,35.28392472125067,25.773997948926585,29.37729034522768,3.3264734852853133,1.467632003024841,2.038104584933701,5.980758027948206,2.6386958810861136,3.6643642019274325,27.839990250965293,21.423691183352126,24.213124302223594,50.054282990077496,38.51824269752947,43.53344110296159,3.0601806110362944,1.3488475969031148,1.8607497877101835,5.501982756630022,2.4251301353646677,3.3454931416343716,21.331409502104655,15.795072926226155,18.01318177478113,38.352326928654485,28.3983953647693,32.38639417538369,0.6984924623115578,0.0034924623115577536,0.008492462311557869,0.5577889447236181,-0.007211055276381884,0.007788944723618019,0.4522613065326633,-0.0027386934673366836,0.002261306532663321,0.40173410404624277,0.09870380101593978,0.14366958791721052,0.34202898550724636,0.4120603015075377,0.09877709348748753,0.16665128648249594,0.36868686868686873,0.3946488294314381,0.09581744378870016,0.14325839561608766,0.3389261744966443,27.0,8.0,9.0,32.0,1.0,2.0,44.0,7.0,7.0,-0.0010766947805584965,-0.00023041314832877,-0.0005308399907406084,0.009029622557857664,0.008565316112250088,0.008223359654448537,"[3.056640625, 9.4453125, 2.4296875, 1.0791015625, 3.802734375, 1.4775390625, 5.68359375, 1.8037109375, 2.97265625, 9.0078125, 7.2109375, 8.3046875, 1.4951171875, 3.998046875, 8.78125, 4.64453125, 1.521484375, 2.791015625, 7.77734375, 3.908203125, 0.40576171875, 0.412109375, 12.3671875, 3.0546875, 6.296875, 4.09765625, 7.375, 7.890625, 2.263671875, 0.798828125, 2.447265625, 5.19140625, 0.26953125, 1.203125, 1.4970703125, 6.64453125, 2.953125, 0.387939453125, 2.57421875, 1.0498046875, 4.16015625, 0.63427734375, 0.72509765625, 2.154296875, 0.5556640625, 4.90625, 0.367919921875, 0.4130859375, 6.12890625, 7.42578125, 5.078125, 7.453125, 6.890625, 1.5810546875, 8.4765625, 2.634765625, 9.4765625, 3.97265625, 2.388671875, 6.68359375, 3.646484375, 5.79296875, 3.0703125, 1.884765625, 6.30078125, 10.09375, 7.59765625, 0.5615234375, 1.109375, 4.18359375, 6.1640625, 1.4013671875, 6.39453125, 1.095703125, 5.078125, 5.8046875, 1.1650390625, 3.611328125, 4.01953125, 1.4287109375, 3.603515625, 11.484375, 0.36962890625, 0.37548828125, 2.4296875, 2.529296875, 4.68359375, 0.397705078125, 0.05633544921875, 0.10186767578125, 0.0657958984375, 0.52197265625, 0.00347137451171875, 2.572265625, 4.75, 8.078125, 1.2099609375, 2.712890625, 0.08428955078125, 0.418701171875, 6.8984375, 4.43359375, 0.939453125, 4.02734375, 1.5751953125, 7.91015625, 1.4951171875, 13.2578125, 2.212890625, 7.0, 1.7099609375, 2.15234375, 0.309814453125, 3.15234375, 1.8662109375, 3.037109375, 6.53125, 7.08984375, 3.474609375, 1.1328125, 3.767578125, 1.24609375, 3.416015625, 0.53564453125, 0.056884765625, 0.029327392578125, 0.26806640625, 0.030670166015625, 0.01324462890625, 1.880859375, 4.04296875, 1.8662109375, 4.75, 0.93359375, 5.3125, 6.4453125, 11.6328125, 3.169921875, 2.193359375, 0.0019464492797851562, 0.70947265625, 0.0081329345703125, 2.326171875, 2.125, 0.0029354095458984375, 0.349365234375, 2.28515625, 0.31103515625, 0.22412109375, 1.1884765625, 0.01343536376953125, 5.3359375, 0.2178955078125, 10.9375, 4.05859375, 5.28125, 4.59765625, 2.140625, 1.1611328125, 6.578125, 7.046875, 10.125, 5.2578125, 9.2734375, 0.5, 8.25, 0.385009765625, 6.69921875, 3.1484375, 4.85546875, 0.830078125, 0.011199951171875, 0.453857421875, 0.0041961669921875, 0.01000213623046875, 0.00026416778564453125, 0.0089263916015625, 0.045654296875, 6.92578125, 1.029296875, 8.1796875, 4.3671875, 3.150390625, 0.082763671875, 3.791015625, 0.0005698204040527344, 0.0135040283203125, 0.0021381378173828125, 0.024627685546875, 9.6796875, 12.15625, 6.8984375, 0.6708984375, 0.0009598731994628906, 0.0059356689453125, 0.0011539459228515625, 0.448974609375, 0.0005164146423339844, 4.61328125, 1.177734375, 8.6328125, 3.79296875, 0.140625, 6.53515625, 6.19140625, 0.646484375, 0.002544403076171875, 0.02294921875, 0.0005078315734863281, 1.095703125, 0.210205078125, 0.0017271041870117188, 0.00021183490753173828, 0.0009031295776367188, 1.7841796875, 7.0078125, 0.07244873046875, 1.3046875, 5.62890625, 10.8359375, 0.1529541015625, 5.58984375, 1.6318359375, 5.82421875, 2.283203125, 7.05078125, 2.255859375, 2.8203125, 6.02734375, 0.875, 0.54541015625, 2.748046875, 0.78857421875, 4.49609375, 1.5380859375, 7.12890625, 3.07421875, 0.449462890625, 2.259765625, 2.2578125, 1.83203125, 4.32421875, 2.630859375, 2.16015625, 0.1929931640625, 3.625, 0.29736328125, 1.3486328125, 6.5390625, 0.50537109375, 1.2216796875, 1.3408203125, 1.3193359375, 2.34375, 0.203125, 3.865234375, 7.33984375, 0.49658203125, 0.20458984375, 3.275390625, 2.033203125, 5.734375, 1.744140625, 1.5673828125, 4.0625, 0.460693359375, 0.20751953125, 0.0011873245239257812, 0.0948486328125, 0.006866455078125, 0.833984375, 1.4912109375, 0.148681640625, 5.3125, 1.5322265625, 2.80859375, 7.7265625, 4.48828125, 0.33984375, 0.7509765625, 0.82421875, 0.8115234375, 2.0234375, 1.3359375, 6.3828125, 0.007045745849609375, 6.78515625, 1.716796875, 0.66748046875, 2.15625, 5.078125, 3.498046875, 1.5078125, 0.190185546875, 1.96484375, 4.27734375, 1.869140625, 0.0290374755859375, 1.4560546875, 5.08203125, 5.3984375, 7.4296875, 0.078369140625, 3.818359375, 1.318359375, 3.380859375, 3.53125, 1.9296875, 2.115234375, 0.57470703125, 1.5234375, 1.22265625, 4.734375, 2.244140625, 2.11328125, 0.27587890625, 0.027313232421875, 0.1395263671875, 1.470703125, 3.05859375, 1.14453125, 0.285400390625, 3.408203125, 0.439453125, 0.2315673828125, 3.810546875, 3.67578125, 2.1875, 0.01216888427734375, 9.3203125, 0.73779296875, 5.06640625, 5.6484375, 1.611328125, 0.0943603515625, 2.9375, 0.65966796875, 0.03564453125, 0.4833984375, 0.04058837890625, 5.02734375, 1.1875, 2.998046875, 6.40234375, 5.62109375, 1.6279296875]",-1.6364130308862368
278,1,test,3.372338080918917,1.5429982024152507,2.122217147996599,5.458119437325415,2.4973381310767064,3.434802320456924,29.146594549704865,22.916821655827526,25.655829469345523,47.17367903998475,37.09080961636825,41.52388584633957,3.353565697094903,1.4595448137331055,2.063848362357141,5.4277363883616925,2.3622690626894194,3.340332609595373,28.60454716853933,21.9585091969791,24.972787330235445,46.29637692017926,35.53978367141126,40.41838411830014,3.3568738754504897,1.5324589935412336,2.101637465037832,5.433090665469001,2.4802804519742514,3.4014941630670115,28.699332809812258,22.500166096688996,25.190665047917996,46.44978720663256,36.41645379810936,40.771018574664964,0.7236180904522613,-0.011381909547738656,-0.0013819095477386467,0.5829145728643217,-0.002085427135678275,-0.002085427135678275,0.4623115577889447,-0.02268844221105526,-0.017688442211055255,0.4336917562724014,0.117054904751829,0.1810099922676338,0.4244604316546763,0.42713567839195976,0.09881487638694719,0.17004051979429702,0.4242424242424242,0.4301075268817204,0.11525958412680093,0.17742576287695278,0.4244604316546763,22.0,1.0,0.0,30.0,1.0,-1.0,42.0,0.0,-1.0,0.00022184373239679745,7.323685133321898e-05,-8.901513234627862e-05,0.0002456840853515274,-0.00018111633153772289,-2.978536601450088e-05,"[3.056640625, 9.4453125, 2.4296875, 1.0791015625, 3.802734375, 7.4765625, 4.1171875, 1.7119140625, 12.75, 0.054290771484375, 6.8125, 5.09765625, 7.74609375, 1.451171875, 9.078125, 4.25390625, 5.9765625, 3.216796875, 0.324951171875, 1.177734375, 3.921875, 3.71484375, 0.0849609375, 13.8984375, 0.368896484375, 0.407958984375, 1.7783203125, 7.0, 9.21875, 1.9013671875, 1.8857421875, 4.78125, 0.0169525146484375, 3.095703125, 0.003421783447265625, 1.6171875, 0.0013799667358398438, 0.0728759765625, 2.615234375, 0.0039520263671875, 0.8544921875, 0.88232421875, 1.1474609375, 0.007732391357421875, 9.0234375, 0.66162109375, 0.9111328125, 0.003070831298828125, 0.0009984970092773438, 4.859375, 4.4921875, 6.0078125, 3.8203125, 2.673828125, 7.265625, 1.623046875, 3.72265625, 0.004283905029296875, 1.328125, 0.466552734375, 1.4384765625, 0.3818359375, 0.00036144256591796875, 0.011016845703125, 0.023590087890625, 0.908203125, 7.3359375, 0.89990234375, 1.193359375, 3.95703125, 1.68359375, 3.634765625, 6.30859375, 4.70703125, 0.00569915771484375, 0.6328125, 0.0008873939514160156, 8.828125, 7.109375, 4.81640625, 0.28173828125, 4.08984375, 10.15625, 5.94140625, 2.888671875, 7.98828125, 1.8427734375, 12.796875, 2.02734375, 2.462890625, 7.62890625, 6.95703125, 8.390625, 7.8125, 0.8603515625, 0.0157318115234375, 0.010833740234375, 0.0008072853088378906, 0.49267578125, 1.3935546875, 2.322265625, 0.3720703125, 4.506111145019531e-05, 4.3272972106933594e-05, 0.0019292831420898438, 0.07159423828125, 0.0012960433959960938, 0.0005388259887695312, 5.921875, 1.9833984375, 5.7421875, 5.77734375, 1.0966796875, 2.5625, 4.9765625, 3.125, 0.77197265625, 4.0078125, 0.0020160675048828125, 0.92236328125, 0.0002295970916748047, 3.755859375, 1.818359375, 1.9609375, 2.861328125, 1.263671875, 1.673828125, 3.576171875, 2.1484375, 4.91015625, 9.5625, 9.9140625, 4.08984375, 1.818359375, 5.3828125, 1.4248046875, 3.53515625, 3.6640625, 6.6875, 4.04296875, 0.28173828125, 3.10546875, 8.8203125, 8.3671875, 1.4794921875, 7.296875, 3.57421875, 2.3671875, 2.078125, 0.0188446044921875, 0.265380859375, 3.62109375, 0.81982421875, 7.4140625, 0.56787109375, 1.15234375, 4.03515625, 0.90966796875, 6.0859375, 2.345703125, 2.18359375, 5.9140625, 3.341796875, 4.2109375, 2.98046875, 3.8046875, 4.5859375, 4.39453125, 0.74755859375, 7.9765625, 0.005443572998046875, 11.46875, 3.3359375, 1.6259765625, 4.765625, 5.71875, 1.4638671875, 4.984375, 0.611328125, 2.474609375, 7.00390625, 7.21875, 2.853515625, 5.30078125, 4.0703125, 1.1767578125, 4.19921875, 3.974609375, 2.681640625, 1.8330078125, 2.103515625, 5.66796875, 3.8203125, 5.90625, 4.1484375, 7.30859375, 6.5390625, 0.42431640625, 2.0546875, 8.21875, 4.16796875, 1.3857421875, 4.8203125, 0.354248046875, 1.9267578125, 5.2734375, 4.84765625, 1.091796875, 0.7314453125, 5.7265625, 1.748046875, 5.28125, 8.125, 0.3798828125, 1.505859375, 3.8125, 2.1484375, 7.15234375, 2.09765625, 5.69140625, 5.5390625, 0.73876953125, 6.3515625, 4.53125, 4.96875, 3.693359375, 4.8671875, 6.96875, 0.252197265625, 3.140625, 0.35693359375, 0.00665283203125, 1.71484375, 2.48828125, 1.2685546875, 2.1953125, 1.298828125, 2.44140625, 0.43603515625, 4.3046875, 9.53125, 1.736328125, 1.6474609375, 1.1376953125, 3.00390625, 7.6171875, 10.5234375, 6.57421875, 1.1123046875, 7.6796875, 0.0736083984375, 12.4453125, 1.4990234375, 2.21484375, 0.01230621337890625, 7.953125, 2.00390625, 3.2578125, 3.701171875, 10.578125, 5.91796875, 0.71533203125, 4.9296875, 0.376953125, 0.23974609375, 0.01629638671875, 0.0728759765625, 1.87890625, 0.5380859375, 0.8857421875, 2.4140625, 3.990234375, 0.5732421875, 1.748046875, 8.0546875, 4.3515625, 2.216796875, 5.20703125, 0.0445556640625]",-1.5807988400100381
111,1,test,2.782848222302152,1.2269634232259046,1.6817602234217284,5.4424057005782585,2.3995677074481296,3.289012082514646,16.16499694683196,11.425718967465166,13.157560614891748,31.613823142854905,22.345235195865413,25.732191329123733,2.65219134481708,1.1010744068355676,1.5708786006493891,5.186880541446061,2.153367036153103,3.0721613139282353,14.185089033230033,9.468353490650715,11.236541332868413,27.741724754861266,18.517222965892856,21.97526121428063,2.6744779890596266,1.1661291758195882,1.6080504615937639,5.230466446958383,2.280594400811726,3.1448581812181833,14.50477621113456,9.985513727289296,11.599793242629058,28.36693575468721,19.528631276787294,22.685671594761892,0.6482412060301508,-0.006758793969849242,-0.01675879396984925,0.48743718592964824,0.0024371859296482556,0.0024371859296482556,0.36180904522613067,0.011809045226130688,0.031809045226130706,0.39610389610389607,0.08816224294344222,0.15528316176264334,0.4104234527687296,0.3869346733668342,0.08618279366758608,0.14987290375080742,0.38888888888888884,0.3846153846153846,0.07242840631822267,0.14101138016599635,0.3993288590604027,21.0,7.0,7.0,30.0,10.0,9.0,40.0,11.0,11.0,0.0006531498993895023,0.00020199304144418676,0.00013604389335833698,-0.00047149473440466494,-6.878410509703059e-05,7.1846786077856e-05,"[3.0625, 9.453125, 2.48046875, 1.494140625, 8.8203125, 2.177734375, 3.755859375, 0.463134765625, 0.227294921875, 0.97607421875, 6.45703125, 1.8486328125, 1.283203125, 3.490234375, 0.35546875, 0.447021484375, 1.5322265625, 7.56640625, 10.171875, 0.019775390625, 2.595703125, 1.1982421875, 0.81005859375, 0.2176513671875, 4.1015625, 2.634765625, 1.6005859375, 3.64453125, 1.9345703125, 0.2318115234375, 0.5830078125, 0.9228515625, 3.8203125, 2.9375, 0.037109375, 0.6943359375, 3.255859375, 5.48828125, 4.04296875, 0.59033203125, 0.83740234375, 1.7666015625, 1.142578125, 2.080078125, 1.369140625, 3.24609375, 2.083984375, 0.314208984375, 0.373291015625, 8.4609375, 3.201171875, 4.5234375, 1.5009765625, 0.54541015625, 1.1650390625, 5.7109375, 0.60888671875, 6.203125, 1.591796875, 0.5205078125, 0.29296875, 6.328125, 2.470703125, 1.6767578125, 0.775390625, 2.48046875, 1.4208984375, 0.30908203125, 0.68310546875, 0.2138671875, 0.095458984375, 0.4072265625, 3.154296875, 0.250244140625, 4.04296875, 0.78857421875, 4.32421875, 1.2568359375, 0.5712890625, 0.24951171875, 0.9609375, 4.3359375, 0.26513671875, 7.08203125, 0.8564453125, 0.11578369140625, 1.083984375, 7.75, 0.0042266845703125, 0.0010347366333007812, 4.83203125, 3.40625, 0.341796875, 5.95703125, 0.72119140625, 0.3466796875, 2.39453125, 2.193359375, 1.3857421875, 0.34326171875, 0.75341796875, 1.388671875, 4.82421875, 0.0034503936767578125, 0.81005859375, 1.5986328125, 3.275390625, 0.215576171875, 1.0048828125, 0.468505859375, 3.474609375, 3.298828125, 7.69921875, 0.255859375, 2.41796875, 6.28515625, 0.7685546875, 3.39453125, 2.453125, 3.09765625, 1.40625, 1.615234375, 0.1329345703125, 0.41162109375, 0.2235107421875, 2.326171875, 4.53515625, 5.55859375, 0.7744140625, 11.2421875, 1.7666015625, 1.5830078125, 0.99755859375, 2.962890625, 5.5546875, 7.484375, 2.1484375, 0.33251953125, 0.2415771484375, 3.650390625, 5.05078125, 0.57763671875, 0.435791015625, 1.6806640625, 5.2265625, 3.189453125, 0.30419921875, 5.41796875, 3.875, 0.2763671875, 2.521484375, 4.83203125, 6.22265625, 3.810546875, 3.9765625, 3.005859375, 3.306640625, 6.078125, 5.14453125, 0.27392578125, 1.3779296875, 0.369384765625, 2.53125, 8.0703125, 6.5, 1.373046875, 0.9345703125, 2.3515625, 5.359375, 2.107421875, 4.02734375, 0.0684814453125, 10.609375, 0.0026493072509765625, 1.5576171875, 1.876953125, 1.54296875, 5.11328125, 0.8359375, 6.578125, 0.0283660888671875, 2.83984375, 10.359375, 0.00021374225616455078, 0.003116607666015625, 0.48046875, 4.515625, 6.78125, 6.9375, 8.6171875, 0.50732421875, 10.578125, 5.36328125, 1.873046875, 3.2421875, 0.341796875, 3.611328125, 1.685546875, 2.01953125, 1.5029296875, 2.9375, 6.640625, 0.367431640625, 1.708984375, 4.94921875, 0.1336669921875, 0.85986328125, 5.6640625, 1.1240234375, 4.78515625, 4.2265625, 3.580078125, 2.93359375, 3.29296875, 5.21875, 0.42138671875, 0.077880859375, 3.1484375, 2.16015625, 1.9775390625, 2.49609375, 3.5859375, 0.1683349609375, 8.5546875, 0.31640625, 1.49609375, 5.01953125, 0.260986328125, 0.1064453125, 1.0478515625, 2.63671875, 2.142578125, 5.05859375, 0.2275390625, 0.0017824172973632812, 0.24462890625, 0.8271484375, 1.3876953125, 2.126953125, 5.16015625, 1.01171875, 3.806640625, 7.4765625, 3.810546875, 0.2208251953125, 3.79296875, 0.0345458984375, 0.04998779296875, 0.435546875, 3.62890625, 0.13525390625, 3.177734375, 9.4296875, 0.703125, 3.443359375, 0.6162109375, 8.90625, 0.423828125, 0.9306640625, 0.174560546875, 5.82421875, 0.11358642578125, 7.36328125, 0.1798095703125, 8.53125, 1.4033203125, 10.8359375, 1.2109375, 0.18310546875, 0.79150390625, 6.1640625, 2.626953125, 5.26171875, 5.53515625, 5.23828125, 0.227783203125, 0.25439453125, 8.0625, 0.10546875, 7.79296875, 1.6884765625, 2.26953125, 0.47216796875, 0.9609375, 2.568359375, 5.5390625, 1.376953125, 7.5, 0.275634765625, 3.2265625, 5.04296875, 0.482177734375, 1.6103515625, 1.4189453125, 0.05462646484375, 0.0029239654541015625, 0.06463623046875, 1.99609375, 1.1708984375, 12.953125, 5.55078125, 15.25, 4.66015625, 4.3359375, 0.87646484375, 4.66015625, 0.052337646484375, 9.109375]",-0.7707234787476529
338,1,test,3.413691076587458,1.4992841451140246,2.069771273511174,5.194747290459175,2.281519351260472,3.1496519379517864,30.37716201533963,23.594247144782543,26.543119233592783,46.22611611029944,35.90428913336474,40.39170318155424,3.5080602043238116,1.5053739902950682,2.072221822808092,5.338352484840583,2.2907865069707563,3.1533810347079667,33.38344786774362,25.974516499999133,29.180280477864464,50.80089892917508,39.526438152172595,44.40477464022854,3.413691076587458,1.4992841451140246,2.069771273511174,5.194747290459175,2.281519351260472,3.1496519379517864,30.37716201533963,23.594247144782543,26.543119233592783,46.22611611029944,35.90428913336474,40.39170318155424,0.6532663316582914,0.003266331658291377,-0.006733668341708521,0.5829145728643217,-0.0070854271356783904,0.012914572864321627,0.4773869346733668,0.007386934673366818,-0.0026130653266331905,0.4180327868852459,0.10514935130242387,0.17280117925581817,0.345679012345679,0.40703517587939697,0.08122063953854486,0.15828726269074922,0.3232323232323232,0.4180327868852459,0.10514935130242387,0.17280117925581817,0.345679012345679,27.0,1.0,1.0,37.0,1.0,0.0,47.0,0.0,0.0,-0.0010004743339012071,-9.574213323522906e-06,-0.0003014694442869416,3.136820234672655e-06,7.934534252473924e-05,9.790377231322367e-05,"[3.0625, 9.453125, 2.48046875, 1.494140625, 10.8203125, 6.63671875, 1.6552734375, 8.203125, 9.8515625, 0.175537109375, 7.40234375, 3.216796875, 5.76953125, 0.12005615234375, 4.46875, 7.0546875, 2.779296875, 9.890625, 6.70703125, 10.53125, 7.7109375, 11.6484375, 4.0703125, 5.03125, 3.107421875, 5.9921875, 0.59326171875, 11.46875, 5.45703125, 3.966796875, 0.931640625, 0.96533203125, 8.171875, 0.046051025390625, 6.875, 5.25, 2.087890625, 2.994140625, 3.5, 3.865234375, 1.138671875, 10.34375, 10.6796875, 1.8291015625, 1.9140625, 5.4765625, 9.7890625, 5.94140625, 3.15234375, 9.390625, 2.322265625, 3.06640625, 3.7109375, 0.00955963134765625, 11.3671875, 0.8525390625, 9.375, 6.4921875, 8.53125, 6.13671875, 11.6015625, 4.37890625, 3.669921875, 2.173828125, 0.1572265625, 0.0016202926635742188, 1.8720703125, 1.7880859375, 2.6171875, 6.2734375, 2.7734375, 1.3291015625, 3.64453125, 4.1953125, 3.1953125, 7.32421875, 3.236328125, 9.1640625, 2.61328125, 7.10546875, 12.09375, 0.004627227783203125, 0.072265625, 0.0006203651428222656, 0.00213623046875, 0.0017499923706054688, 3.71484375, 0.01259613037109375, 2.26171875, 0.0048065185546875, 0.00766754150390625, 0.0013628005981445312, 0.03515625, 2.728515625, 0.0841064453125, 0.09832763671875, 0.00018298625946044922, 0.00376129150390625, 0.0009059906005859375, 0.384521484375, 0.0012950897216796875, 2.666015625, 0.0017004013061523438, 0.02032470703125, 6.98046875, 0.74658203125, 0.7275390625, 4.51171875, 0.9267578125, 2.658203125, 3.44921875, 0.1854248046875, 12.2109375, 1.1669921875, 3.5546875, 1.373046875, 0.005611419677734375, 0.003856658935546875, 6.1640625, 5.19921875, 10.6484375, 9.0234375, 0.0255279541015625, 0.043304443359375, 3.326171875, 0.0712890625, 0.052825927734375, 0.0231170654296875, 0.002635955810546875, 8.7109375, 11.3984375, 5.62109375, 2.619140625, 1.169921875, 6.35546875, 0.413818359375, 5.08203125, 6.35546875, 1.3837890625, 0.67041015625, 0.0833740234375, 1.419921875, 0.14404296875, 3.14453125, 0.00101470947265625, 11.46875, 0.55029296875, 4.046875, 0.07501220703125, 2.908203125, 1.75, 6.28515625, 6.1640625, 0.427490234375, 0.11761474609375, 0.0819091796875, 3.587890625, 2.724609375, 8.0703125, 0.040130615234375, 0.06488037109375, 0.5478515625, 0.00438690185546875, 2.888671875, 0.54833984375, 2.54296875, 0.1279296875, 0.322021484375, 2.298828125, 1.662109375, 2.203125, 0.57421875, 0.14208984375, 7.66015625, 4.1875, 4.36328125, 2.806640625, 0.6708984375, 0.0015439987182617188, 7.09765625, 4.828125, 3.615234375, 8.5, 0.11614990234375, 4.6875, 4.0703125, 3.64453125, 3.248046875, 7.98046875, 4.078125, 0.763671875, 0.343994140625, 0.4609375, 0.048431396484375, 0.07940673828125, 0.0022716522216796875, 0.005832672119140625, 4.69140625, 5.46875, 2.7890625, 0.1201171875, 8.0078125, 4.72265625, 5.26953125, 3.373046875, 4.7890625, 5.7265625, 4.40234375, 3.923828125, 7.38671875, 5.07421875, 2.162109375, 0.0008287429809570312, 10.21875, 3.544921875, 5.1171875, 0.11053466796875, 3.7421875, 2.16796875, 1.3427734375, 6.4921875, 2.67578125, 2.15625, 0.282958984375, 0.12261962890625, 0.327880859375, 1.7158203125, 8.8125, 3.384765625, 3.919921875, 0.30908203125, 2.521484375, 0.158935546875, 0.0264129638671875, 1.09765625, 0.931640625, 1.55078125, 0.1468505859375, 1.08203125, 0.8466796875, 6.50390625, 4.13671875, 4.80078125, 1.2998046875]",-1.8242921501886649
175,1,test,3.439820678226809,1.5233171035788329,2.1173844163463746,5.7564346043795585,2.5492245406829452,3.5433780028653623,31.181366169068884,24.384215027369695,27.42881371867786,52.18106175231936,40.806237392741124,45.901280100644584,3.6692377909943086,1.5228453953724568,2.186171635159442,6.140357119623129,2.5484351514396217,3.6584913078178416,39.221999103214905,30.668055680748026,34.81556329541746,65.6368148257882,51.32205236370078,58.26277939233127,3.6056004216439748,1.5980052939125624,2.212293708163137,6.03386193009808,2.6742129408332675,3.7022057973342286,36.80377500767266,29.358384420849298,32.7756270217747,61.589990829166496,49.130357602237595,54.84900848541889,0.7487437185929648,0.003743718592964851,-0.0012562814070351536,0.6231155778894473,-0.0018844221105527303,0.008115577889447279,0.5276381909547738,-0.007361809045226098,0.007638190954773805,0.4464831804281345,0.1350327987487452,0.19724615092660858,0.40797546012269936,0.44723618090452266,0.10638405057870814,0.18346322597964793,0.43939393939393945,0.4347826086956522,0.10924003774406621,0.18005513372346094,0.41946308724832215,23.0,7.0,8.0,38.0,11.0,11.0,47.0,12.0,10.0,-0.0004771737415934492,-0.00027078965731678267,-0.0004107918067435546,0.0019412993904461828,0.0035011416494699077,0.0043266338542515825,"[3.056640625, 9.4453125, 2.4296875, 1.0791015625, 8.8046875, 3.505859375, 4.76171875, 0.380859375, 0.341064453125, 3.57421875, 10.90625, 6.08984375, 1.6533203125, 1.3349609375, 6.1796875, 4.26171875, 0.08172607421875, 4.78515625, 0.0831298828125, 0.213134765625, 9.21875, 8.390625, 7.1171875, 3.9765625, 7.8984375, 4.51171875, 3.203125, 4.73828125, 9.9765625, 6.234375, 2.4453125, 2.525390625, 7.78125, 1.34765625, 0.60986328125, 4.25390625, 1.1376953125, 5.359375, 6.5703125, 6.9765625, 0.7080078125, 3.728515625, 0.58837890625, 1.087890625, 6.37890625, 5.57421875, 0.59814453125, 6.32421875, 7.1953125, 5.84765625, 5.96875, 0.662109375, 4.75, 1.4423828125, 1.3564453125, 2.416015625, 4.56640625, 1.439453125, 10.28125, 3.20703125, 2.419921875, 4.62109375, 1.7666015625, 0.283447265625, 0.19189453125, 0.55517578125, 6.39453125, 6.296875, 6.53125, 1.9501953125, 4.51171875, 2.482421875, 0.4970703125, 0.2293701171875, 1.28515625, 2.345703125, 4.01953125, 0.3466796875, 6.92578125, 3.73046875, 1.8427734375, 1.041015625, 5.40625, 6.5703125, 0.5966796875, 0.96240234375, 8.4453125, 4.0234375, 5.65234375, 0.0007824897766113281, 7.4765625, 6.23828125, 8.6796875, 0.279296875, 1.716796875, 0.4765625, 7.92578125, 3.5390625, 3.46484375, 3.42578125, 5.65625, 9.09375, 5.4140625, 5.59765625, 3.248046875, 1.6357421875, 3.4453125, 0.06365966796875, 3.458984375, 1.76171875, 0.89306640625, 4.15625, 0.034454345703125, 0.07421875, 4.625, 4.265625, 2.662109375, 4.84765625, 12.484375, 7.52734375, 0.041259765625, 3.07421875, 1.94140625, 1.0244140625, 10.96875, 0.46484375, 0.4091796875, 3.154296875, 5.23046875, 1.7919921875, 0.67041015625, 4.47265625, 8.5234375, 0.52587890625, 1.1142578125, 7.06640625, 0.46630859375, 0.1641845703125, 0.89404296875, 5.19921875, 5.0, 0.0276031494140625, 2.767578125, 1.552734375, 8.0546875, 7.1640625, 1.8740234375, 0.497802734375, 2.6328125, 2.529296875, 2.9765625, 0.046722412109375, 0.1627197265625, 4.19140625, 7.21875, 0.74853515625, 5.75, 8.09375, 3.0390625, 0.6298828125, 5.9140625, 4.1328125, 1.8193359375, 8.859375, 1.1884765625, 1.3740234375, 0.6494140625, 6.25, 0.1871337890625, 0.048614501953125, 1.35546875, 4.36328125, 7.0078125, 5.94140625, 2.251953125, 2.75390625, 4.4609375, 0.55126953125, 0.0269622802734375, 0.3251953125, 5.0078125, 4.51171875, 2.021484375, 6.0625, 5.4765625, 10.75, 5.10546875, 3.916015625, 2.552734375, 2.96875, 2.662109375, 0.9697265625, 0.440673828125, 3.3203125, 3.08203125, 5.30859375, 0.5087890625, 8.0234375, 0.34326171875, 6.484375, 3.740234375, 10.125, 0.13037109375, 1.55078125, 3.216796875, 9.671875, 0.4794921875, 2.84375, 4.1328125, 1.34375, 0.86181640625, 5.00390625, 0.78857421875, 1.087890625, 7.1796875, 1.580078125, 2.94140625, 3.826171875, 2.140625, 5.4609375, 6.703125, 3.998046875, 3.873046875, 1.2998046875, 2.94921875, 3.06640625, 6.59765625, 8.7109375, 3.375, 3.44140625, 4.66015625, 0.344482421875, 4.13671875, 4.48046875, 4.37109375, 3.248046875, 3.814453125, 7.63671875, 0.0261383056640625, 0.268798828125, 8.2421875, 3.5, 1.2109375, 5.8671875, 1.771484375, 3.166015625, 4.91015625, 0.73828125, 1.7783203125, 1.3046875, 2.587890625, 1.6162109375, 1.3486328125, 0.489013671875, 1.0322265625, 0.11822509765625, 7.6796875, 0.0034580230712890625, 0.2034912109375, 0.0006604194641113281, 0.006130218505859375, 0.0019445419311523438, 8.625, 4.70703125, 11.171875, 3.841796875, 1.9130859375, 0.225341796875, 0.0882568359375, 7.74609375, 13.84375, 4.21484375, 9.265625, 9.1953125, 8.8671875, 6.83203125, 1.1611328125, 0.07818603515625, 0.7978515625, 7.57421875, 3.59765625, 4.59375, 4.1171875, 8.0078125, 4.98828125, 6.87109375, 3.380859375, 0.2374267578125, 0.0167083740234375, 0.2919921875, 0.0001220703125, 0.8056640625, 4.34375, 0.01324462890625, 10.0546875, 1.443359375, 1.48046875, 1.9912109375, 0.12158203125, 2.017578125, 1.0166015625, 1.70703125, 0.0079345703125, 0.486083984375, 2.63671875, 0.1817626953125, 0.0103302001953125, 7.08203125, 0.00798797607421875, 0.027587890625, 0.00812530517578125, 3.904296875, 2.60546875, 7.0625, 1.71875, 10.2578125, 1.142578125, 0.007617950439453125, 0.00021564960479736328, 0.0042724609375, 0.0001455545425415039, 0.354736328125, 0.38818359375, 0.0023632049560546875, 0.0002865791320800781, 0.00034809112548828125, 4.40234375]",-1.4704700398518042
43,1,test,2.420911727035255,0.9958314301630875,1.3915276328437116,4.84182345407051,1.991662860326175,2.7830552656874232,11.25611714431354,7.097925425173408,8.45677597116287,22.51223428862708,14.195850850346815,16.91355194232574,2.5163957305889033,1.0317259552953189,1.4547740686145902,5.032791461177807,2.0634519105906377,2.9095481372291805,12.383881284344152,7.970373561526978,9.492825779675497,24.767762568688305,15.940747123053956,18.985651559350995,2.420911727035255,0.9958314301630875,1.3915276328437116,4.84182345407051,1.991662860326175,2.7830552656874232,11.25611714431354,7.097925425173408,8.45677597116287,22.51223428862708,14.195850850346815,16.91355194232574,0.6080402010050252,0.0030402010050252226,0.013040201005025231,0.4723618090452262,0.007361809045226209,0.002361809045226204,0.3467336683417085,-0.013266331658291497,-0.008266331658291493,0.39649122807017545,0.11628107045196179,0.16545272165243918,0.3274647887323944,0.39698492462311563,0.11377690457299028,0.16660095133430097,0.31313131313131315,0.39649122807017545,0.11628107045196179,0.16545272165243918,0.3274647887323944,24.0,7.0,7.0,38.0,14.0,13.0,47.0,15.0,15.0,-0.0005314746079485112,-0.000824029082096545,-8.321992533866545e-05,0.025032413404879605,0.026841622362614892,0.024179135980736177,"[3.0625, 9.453125, 2.48046875, 1.494140625, 5.81640625, 3.181640625, 2.11328125, 0.8505859375, 3.65234375, 0.85107421875, 0.0625, 0.30810546875, 4.73828125, 7.78125, 9.5078125, 1.626953125, 0.9677734375, 2.291015625, 3.0234375, 8.828125, 5.875, 2.234375, 1.9365234375, 8.4609375, 0.05145263671875, 3.857421875, 2.640625, 3.07421875, 1.521484375, 0.3212890625, 0.1329345703125, 0.4267578125, 2.08984375, 0.007595062255859375, 0.07818603515625, 9.5, 0.5810546875, 3.27734375, 6.74609375, 5.88671875, 2.3671875, 1.0146484375, 5.9765625, 3.994140625, 0.048736572265625, 2.798828125, 1.30859375, 3.15625, 0.326904296875, 0.58154296875, 4.23046875, 5.046875, 1.2578125, 3.14453125, 4.5, 0.70654296875, 6.19921875, 0.7958984375, 2.75390625, 1.7783203125, 7.31640625, 5.70703125, 4.86328125, 3.74609375, 2.298828125, 2.833984375, 5.921875, 2.662109375, 3.18359375, 2.56640625, 0.01195526123046875, 1.2744140625, 6.9609375, 0.73193359375, 6.4453125, 5.41796875, 9.109375, 5.8515625, 2.912109375, 1.056640625, 0.93896484375, 5.38671875, 3.18359375, 1.2255859375, 2.947265625, 1.6962890625, 2.40234375, 5.15625, 3.65625, 0.51171875, 0.52978515625, 0.7890625, 6.94921875, 1.2255859375, 3.361328125, 3.798828125, 3.93359375, 0.71728515625, 1.05078125, 8.8515625, 5.8828125, 5.41015625, 0.04559326171875, 0.71728515625, 1.0126953125, 2.3671875, 6.12109375, 0.708984375, 5.69140625, 7.328125, 2.173828125, 3.197265625, 1.685546875, 0.78271484375, 0.028900146484375, 0.806640625, 2.494140625, 0.0301666259765625, 1.326171875, 0.01485443115234375, 2.51171875, 3.787109375, 0.0452880859375, 6.16796875, 0.8525390625, 2.41015625, 3.708984375, 1.78515625, 0.2467041015625, 1.71875, 0.047088623046875, 4.12109375, 0.09844970703125, 0.53564453125, 0.45166015625, 0.8193359375, 0.91259765625, 4.421875, 0.62939453125, 0.1488037109375, 0.66162109375, 0.00719451904296875, 0.0634765625, 0.00047469139099121094, 0.006103515625, 0.0341796875, 1.0185546875, 7.98828125, 0.78271484375, 4.47265625, 0.5517578125, 3.810546875, 6.0703125, 5.5078125, 1.990234375, 0.0013322830200195312, 0.34326171875, 0.0013799667358398438, 5.7578125, 3.951171875, 2.501953125, 3.927734375, 7.51171875, 0.0032501220703125, 0.377197265625, 0.1920166015625, 0.005458831787109375, 0.0010662078857421875, 7.510185241699219e-05, 0.958984375, 0.163330078125, 0.0019626617431640625, 0.000274658203125, 0.00027942657470703125, 2.466796875, 0.262939453125, 0.00963592529296875, 0.0254974365234375, 0.01349639892578125, 0.0751953125, 0.0141754150390625, 0.2022705078125, 0.51318359375, 5.47265625, 0.47998046875, 1.0166015625, 1.1591796875, 1.4814453125, 4.640625, 2.66796875, 5.28515625, 0.6162109375, 0.151611328125, 0.130615234375, 0.65478515625, 6.51171875, 0.0011844635009765625, 1.17578125, 0.417724609375, 4.7421875, 3.37109375, 0.430908203125, 1.859375, 0.44775390625, 1.392578125, 0.2061767578125, 0.056182861328125, 0.79052734375, 2.232421875, 3.6875, 0.1900634765625, 2.6484375, 1.890625, 0.5703125, 0.1934814453125, 1.0029296875, 2.15234375, 0.079833984375, 0.521484375, 0.1312255859375, 0.00839996337890625, 0.019744873046875, 4.72265625, 1.78515625, 0.2431640625, 0.12213134765625, 0.033538818359375, 3.197265625, 0.54248046875, 0.016754150390625, 0.04461669921875, 7.33984375, 3.267578125, 0.313232421875, 1.0322265625, 0.11553955078125, 0.90771484375, 0.08587646484375, 0.64794921875, 0.365234375, 0.12353515625, 0.5908203125, 6.46875, 1.578125, 0.6220703125, 6.83984375, 6.5234375, 6.75390625, 3.3125, 4.37890625, 0.343017578125, 6.22265625, 2.333984375, 2.208984375, 5.83984375, 1.23828125, 2.98828125, 0.252197265625, 0.0107574462890625, 0.00606536865234375, 1.1982421875, 5.84765625, 1.103515625, 0.0075225830078125, 0.923828125, 0.1842041015625, 0.066650390625, 1.5888671875, 7.84375, 0.468505859375, 2.720703125, 2.9296875, 0.142578125, 0.626953125, 0.25439453125, 6.8828125, 7.94140625, 4.45703125, 1.365234375, 12.0703125, 5.99609375, 0.11993408203125, 5.01171875, 4.76953125, 4.07421875]",-1.5818453454134755
117,1,test,3.3031587764398376,1.4745886823525751,2.0268318466390407,6.165896382687697,2.7525655403914735,3.7834194470595426,27.198417091411102,20.97343793431655,23.61496384378012,50.77037857063406,39.150417477390896,44.081265841722896,3.319451096069873,1.4284053772075735,1.9891768258163651,6.196308712663763,2.666356704120804,3.713130074857215,27.645171849594085,21.018877549370536,23.86309129207094,51.60432078590896,39.23523809215833,44.544437078532425,3.252283364235358,1.4293936965158054,1.9776923813590461,6.070928946572669,2.668201566829503,3.691692445203553,25.849295940399962,19.659577077482766,22.27205798114705,48.2520190887466,36.69787721130117,41.574508231474496,0.6532663316582914,-0.01673366834170853,-0.01673366834170853,0.5276381909547738,-0.017361809045226106,-0.012361809045226213,0.4773869346733668,0.002386934673366814,-0.007613065326633195,0.4388059701492537,0.13180149921035655,0.19054380530317627,0.38323353293413176,0.44723618090452266,0.1540030981977557,0.1984882677158749,0.35858585858585856,0.4381270903010034,0.13595680649465947,0.19452308585161515,0.3791946308724832,24.0,0.0,1.0,35.0,3.0,4.0,44.0,1.0,0.0,-0.0012888652686097565,-3.8855197692480604e-05,-0.0003651493761876795,-0.0003648737173866934,3.5801071247121286e-05,-0.00018020799302398416,"[3.056640625, 9.4453125, 2.48046875, 1.80859375, 10.875, 3.205078125, 1.0712890625, 7.0, 4.1875, 9.109375, 4.46875, 4.0625, 2.505859375, 7.6640625, 0.07861328125, 11.1328125, 3.4375, 4.0546875, 7.4375, 1.16796875, 5.57421875, 7.6953125, 4.75, 1.7099609375, 13.0, 10.5390625, 8.3984375, 0.50048828125, 4.1328125, 6.12109375, 3.40625, 2.23046875, 4.94140625, 3.935546875, 1.4443359375, 1.134765625, 7.859375, 1.4765625, 8.3203125, 10.265625, 2.99609375, 1.1513671875, 6.359375, 6.0234375, 0.62451171875, 0.1280517578125, 0.469482421875, 8.3984375, 1.2880859375, 5.37890625, 6.30859375, 0.0021038055419921875, 0.54931640625, 5.56640625, 4.484375, 5.99609375, 0.305419921875, 3.37109375, 4.5546875, 9.9453125, 5.4375, 0.1390380859375, 0.206298828125, 0.0333251953125, 1.1728515625, 0.477294921875, 7.671875, 0.180908203125, 8.8515625, 0.57421875, 1.4345703125, 11.46875, 1.5341796875, 5.31640625, 8.1640625, 5.421875, 6.96484375, 3.396484375, 1.9033203125, 7.5, 0.966796875, 4.49609375, 3.9375, 0.177978515625, 4.25, 1.7314453125, 0.290771484375, 1.236328125, 1.140625, 6.1953125, 1.3984375, 0.41552734375, 7.27734375, 5.76953125, 6.6171875, 4.6796875, 3.1328125, 0.97119140625, 3.88671875, 0.80908203125, 3.482421875, 2.6953125, 2.0234375, 0.4287109375, 0.7431640625, 0.52197265625, 1.4814453125, 4.24609375, 7.328125, 2.931640625, 3.091796875, 0.416748046875, 3.24609375, 2.642578125, 0.640625, 4.96484375, 4.97265625, 1.8564453125, 2.755859375, 0.007251739501953125, 2.712890625, 2.93359375, 2.1328125, 12.109375, 5.265625, 5.48828125, 0.00083160400390625, 0.2080078125, 0.00019884109497070312, 0.005573272705078125, 0.00986480712890625, 0.335693359375, 4.5, 0.407958984375, 4.40234375, 7.46875, 0.51806640625, 0.005367279052734375, 0.15966796875, 0.08795166015625, 2.41015625, 0.03424072265625, 3.998046875, 0.80517578125, 4.58984375, 1.6953125, 10.25, 0.67822265625, 0.00803375244140625, 0.8359375, 0.0677490234375, 3.81640625, 0.00742340087890625, 9.5625, 5.90234375, 1.3212890625, 0.0032558441162109375, 0.40185546875, 0.06451416015625, 3.203125, 0.00926971435546875, 8.578125, 5.46484375, 1.501953125, 3.34375, 0.0231781005859375, 0.0017404556274414062, 0.828125, 0.04278564453125, 2.990234375, 0.01514434814453125, 8.921875, 7.99609375, 0.06585693359375, 0.0006074905395507812, 0.45068359375, 0.006336212158203125, 3.53515625, 0.01708984375, 4.9453125, 5.61328125, 1.322265625, 0.00392913818359375, 0.390869140625, 0.00553131103515625, 3.822265625, 0.01551055908203125, 6.29296875, 5.11328125, 5.14453125, 8.171875, 0.00885772705078125, 0.0014324188232421875, 1.3671875, 0.0007863044738769531, 7.484375, 0.59814453125, 1.4443359375, 5.3046875, 4.89453125, 2.939453125, 8.90625, 0.09625244140625, 0.0174102783203125, 0.94482421875, 2.205078125, 4.00390625, 11.65625, 0.00083160400390625, 0.339111328125, 0.030181884765625, 1.0263671875, 5.17578125, 0.012115478515625, 0.196044921875, 0.0017156600952148438, 0.003753662109375, 0.0002982616424560547, 8.46875, 4.81640625, 9.078125, 2.720703125, 5.34765625, 0.9794921875, 1.265625, 2.591796875, 1.791015625, 2.865234375, 6.29296875, 6.6171875, 1.287109375, 0.89599609375, 6.62890625, 0.278076171875, 1.3125, 6.17578125, 1.03125, 0.0423583984375, 3.048828125, 0.256103515625, 1.052734375, 7.0703125, 0.23681640625, 3.92578125, 2.82421875, 2.263671875, 1.1201171875, 6.25390625, 0.156005859375, 6.25, 0.020782470703125, 3.37109375, 3.697265625, 0.62890625, 2.33984375, 1.0654296875, 6.796875, 4.68359375, 0.3837890625, 8.5234375, 0.525390625, 4.9609375, 3.416015625, 12.703125, 0.900390625, 0.06890869140625, 0.7060546875, 4.58203125, 1.4833984375, 2.875, 1.6142578125, 5.75, 2.796875, 2.43359375, 1.0791015625, 5.48828125, 0.2978515625, 9.7109375, 8.0, 5.3046875, 3.353515625, 2.001953125, 1.53125, 0.2423095703125, 0.25927734375, 5.34375, 2.84765625, 2.171875, 4.3984375, 3.767578125, 5.45703125, 6.2734375, 6.13671875, 0.7080078125, 4.44921875, 1.384765625, 0.381591796875, 2.07421875, 4.44921875, 0.2152099609375, 8.0234375, 4.47265625, 2.00390625, 2.841796875, 7.00390625, 7.51171875, 7.25390625, 7.21875, 1.9111328125, 1.76953125, 0.100341796875, 0.1636962890625, 1.33203125, 4.25390625, 1.2646484375, 4.2265625, 4.30078125, 6.16015625, 4.35546875, 4.55859375, 1.1962890625, 3.18359375, 5.171875, 7.94140625, 5.359375, 3.78515625, 5.4453125, 0.05682373046875, 0.485107421875, 0.0202789306640625, 1.6162109375, 8.1015625, 0.17138671875, 1.8740234375, 3.826171875]",-1.3037276104315003
106,1,test,3.7150439254105323,1.7257415924901565,2.3602545185459594,6.75462531892824,3.137711986345739,4.2913718519017445,41.060390639296955,33.74995890409811,37.18444601594882,74.65525570781264,61.36356164381474,67.6080836653615,4.017359788693375,1.7731967902907488,2.4858475541281626,7.304290524897046,3.2239941641649974,4.519722825687569,55.55423710494522,46.121719885464046,50.929071232817044,101.00770382717313,83.85767251902554,92.59831133239463,3.7150439254105323,1.7257415924901565,2.3602545185459594,6.75462531892824,3.137711986345739,4.2913718519017445,41.060390639296955,33.74995890409811,37.18444601594882,74.65525570781264,61.36356164381474,67.6080836653615,0.8341708542713568,-0.005829145728643126,-0.005829145728643126,0.6683417085427136,-0.016658291457286478,-0.011658291457286363,0.5778894472361809,-0.007110552763819111,0.0028894472361808976,0.4285714285714286,0.10872557115331682,0.18466898954703836,0.38372093023255816,0.42713567839195976,0.09129607939446605,0.15501547805806992,0.4191919191919192,0.4285714285714286,0.10872557115331682,0.18466898954703836,0.38372093023255816,25.0,7.0,6.0,37.0,8.0,5.0,48.0,10.0,8.0,-0.0006094180209533656,-0.0003736374133248431,-0.00021530958708831376,0.00010708564814265742,0.00016179463533028127,-9.987650539144965e-05,"[3.0625, 9.453125, 2.48046875, 1.494140625, 3.81640625, 7.921875, 3.90234375, 2.1484375, 5.2109375, 3.259765625, 5.55078125, 2.923828125, 5.90234375, 1.1796875, 7.38671875, 3.607421875, 2.81640625, 7.375, 10.8984375, 2.013671875, 9.15625, 4.30859375, 6.8125, 4.45703125, 0.75537109375, 3.716796875, 1.0703125, 1.34375, 5.546875, 3.87109375, 6.14453125, 0.8046875, 2.841796875, 10.40625, 5.27734375, 4.62109375, 4.64453125, 3.994140625, 3.09375, 2.66015625, 7.6875, 0.625, 2.560546875, 0.0105438232421875, 3.548828125, 1.400390625, 1.18359375, 7.37109375, 2.08984375, 7.5859375, 3.806640625, 3.931640625, 5.71484375, 7.3984375, 1.8037109375, 0.796875, 4.33203125, 0.68359375, 0.48291015625, 2.255859375, 1.263671875, 3.31640625, 0.0132598876953125, 1.1298828125, 9.1640625, 4.63671875, 3.228515625, 3.0546875, 9.3984375, 1.359375, 0.147705078125, 4.80078125, 7.28515625, 7.703125, 4.6171875, 13.5390625, 2.212890625, 0.0031681060791015625, 1.76953125, 1.033203125, 3.833984375, 6.04296875, 2.705078125, 1.0146484375, 4.67578125, 4.15234375, 2.482421875, 4.828125, 4.24609375, 8.3515625, 4.921875, 1.2626953125, 6.12890625, 1.888671875, 1.2841796875, 7.078125, 8.3671875, 0.96875, 0.53173828125, 6.29296875, 1.1513671875, 3.41015625, 0.83642578125, 9.109375, 0.264892578125, 1.0146484375, 6.4296875, 0.1451416015625, 8.390625, 8.9375, 2.33984375, 0.92626953125, 5.9609375, 1.2548828125, 3.68359375, 7.0859375, 0.488037109375, 1.236328125, 5.98046875, 3.830078125, 7.51171875, 6.515625, 3.708984375, 7.13671875, 8.0546875, 4.4921875, 1.6513671875, 3.31640625, 0.580078125, 2.990234375, 0.154296875, 0.7548828125, 5.3671875, 0.6083984375, 1.728515625, 3.591796875, 0.25830078125, 9.5, 5.0625, 3.244140625, 1.2158203125, 10.890625, 3.263671875, 2.0, 11.90625, 0.431884765625, 1.15625, 1.46484375, 2.796875, 6.08984375, 5.36328125, 1.7509765625, 7.46484375, 7.01171875, 3.2734375, 4.46484375, 3.431640625, 5.23046875, 0.220458984375, 1.31640625, 2.251953125, 6.16015625, 2.32421875, 6.52734375, 8.0078125, 3.5546875, 1.5166015625, 10.3203125, 12.5859375, 2.62109375, 2.646484375, 10.21875, 6.3359375, 3.65625, 7.4921875, 1.83984375, 1.6171875, 1.5087890625, 11.65625, 4.28125, 6.515625, 11.09375, 0.006420135498046875, 0.1427001953125, 0.00048828125, 0.006999969482421875, 0.0025653839111328125, 6.9140625, 4.77734375, 5.640625, 6.9453125, 1.3251953125, 2.181640625, 0.0007753372192382812, 0.63623046875, 6.171875, 5.671875, 0.900390625, 6.2109375, 3.958984375, 5.64453125, 1.4326171875, 5.26171875, 1.70703125, 0.11273193359375, 0.54833984375, 0.40087890625, 0.869140625, 3.091796875, 0.04388427734375, 0.59375, 4.01171875, 0.64404296875, 3.65625, 8.3046875, 8.6796875, 0.5146484375, 0.3974609375, 0.019317626953125, 4.6640625, 1.0615234375, 0.44970703125, 0.0002980232238769531, 0.00876617431640625, 0.0010662078857421875, 2.0384788513183594e-05, 5.06640625, 1.10546875, 9.8671875, 9.78125, 7.4609375, 0.0015039443969726562, 10.8046875, 1.396484375, 0.34912109375, 0.08892822265625, 0.6318359375, 0.0003077983856201172, 8.390625, 3.54296875, 6.50390625, 9.3828125, 6.48828125, 0.37451171875, 0.0192108154296875, 0.8828125, 0.00015544891357421875, 7.21875, 0.2138671875, 0.05462646484375, 1.146484375, 3.33203125, 0.06036376953125, 0.01126861572265625, 0.00225067138671875, 3.07421875, 0.00048089027404785156, 3.20703125, 0.0048065185546875]",-1.1005855568587548
31,1,test,3.4045739926789937,1.5292959643721358,2.102041465647208,5.6859895547834745,2.5540819198792373,3.5106259529365746,30.101469545689326,23.578837201007694,26.422868508260613,50.272557385584236,39.37908893364171,44.128914415857935,3.5625204800361363,1.6314269925116878,2.236231637438468,5.949776471812929,2.7246512658442623,3.7347373738663077,35.251937068140734,28.35488911261371,31.484899722340405,58.87436912411133,47.3555880025095,52.58302840225924,3.468176545905429,1.5993503872497243,2.1573751865208735,5.792212375635871,2.671080028190261,3.6030389713029014,32.07819596478758,25.59751132769379,28.369051085164866,53.5738942917071,42.75048283594221,47.3792399566671,0.7839195979899498,0.003919597989949786,0.00891959798994979,0.6532663316582914,-0.0017336683417086274,0.003266331658291377,0.5326633165829145,0.01266331658291453,0.01266331658291453,0.45510835913312697,0.1382613730434824,0.20279116036896627,0.4130434782608695,0.4522613065326633,0.1189279731993299,0.19349669885319754,0.4242424242424242,0.4548494983277592,0.13932362186699132,0.20568375861696941,0.42281879194630867,25.0,6.0,7.0,37.0,4.0,3.0,49.0,10.0,9.0,-0.0008046858086962872,-6.967768699280965e-05,-0.00031050043406801527,-0.00041226083606016317,-1.0681229349884802e-05,0.0001244151406112337,"[3.056640625, 9.4453125, 2.4296875, 1.0791015625, 5.80078125, 3.462890625, 6.9296875, 7.02734375, 0.1693115234375, 1.7783203125, 5.57421875, 4.90234375, 3.73828125, 1.7197265625, 6.7421875, 9.1640625, 1.3583984375, 5.06640625, 4.76953125, 5.22265625, 5.56640625, 0.370361328125, 5.46484375, 0.0091705322265625, 3.681640625, 4.21484375, 6.1015625, 0.021087646484375, 8.109375, 1.87890625, 0.179443359375, 4.79296875, 10.1328125, 2.81640625, 2.01953125, 11.09375, 2.962890625, 6.75, 6.4765625, 0.53759765625, 1.5078125, 3.416015625, 1.314453125, 10.09375, 6.4296875, 1.626953125, 6.89453125, 6.54296875, 3.04296875, 3.654296875, 0.88623046875, 1.7529296875, 0.0838623046875, 5.10546875, 2.818359375, 5.1015625, 5.3828125, 7.42578125, 6.29296875, 0.218994140625, 1.107421875, 2.7890625, 4.86328125, 3.734375, 1.1044921875, 0.9951171875, 4.078125, 6.15625, 4.05859375, 7.02734375, 0.051422119140625, 2.818359375, 3.54296875, 5.52734375, 5.37109375, 0.306884765625, 2.841796875, 4.21484375, 0.6357421875, 2.15625, 1.0029296875, 5.71875, 7.328125, 0.376953125, 7.02734375, 1.68359375, 0.65283203125, 3.52734375, 0.343994140625, 0.6748046875, 0.036346435546875, 7.56640625, 0.71826171875, 5.171875, 5.21875, 1.46875, 0.84765625, 2.30859375, 4.68359375, 4.11328125, 3.28515625, 1.703125, 2.3125, 8.703125, 5.890625, 6.59375, 4.41796875, 4.84765625, 1.900390625, 7.3671875, 1.685546875, 0.37158203125, 2.873046875, 2.251953125, 1.4365234375, 4.11328125, 3.19921875, 3.83984375, 1.3134765625, 2.611328125, 5.6875, 3.26953125, 0.6669921875, 1.109375, 2.482421875, 8.1953125, 3.23046875, 6.1015625, 0.06719970703125, 0.0252227783203125, 9.84375, 2.23828125, 0.892578125, 4.91015625, 7.09765625, 6.80859375, 8.421875, 6.58203125, 0.1578369140625, 10.9609375, 2.42578125, 5.86328125, 3.080078125, 7.08203125, 10.046875, 5.78125, 1.0654296875, 1.6484375, 3.744140625, 0.06732177734375, 0.0117340087890625, 0.019134521484375, 6.48046875, 7.25, 2.873046875, 0.425048828125, 3.9921875, 1.3544921875, 3.361328125, 0.52880859375, 5.92578125, 3.59375, 0.035308837890625, 0.00606536865234375, 0.004520416259765625, 1.3583984375, 1.3642578125, 4.5, 6.28125, 0.100341796875, 0.464111328125, 5.2734375, 2.943359375, 2.294921875, 4.32421875, 8.90625, 5.109375, 1.0712890625, 2.45703125, 2.98828125, 3.078125, 2.78515625, 0.0007033348083496094, 0.06475830078125, 0.0005764961242675781, 0.0047149658203125, 0.006191253662109375, 0.401123046875, 2.48046875, 6.265625, 5.07421875, 5.80078125, 4.3828125, 0.492919921875, 7.34765625, 4.20703125, 3.806640625, 0.01535797119140625, 0.1990966796875, 0.3154296875, 3.818359375, 5.98828125, 3.033203125, 2.779296875, 0.0709228515625, 6.16015625, 8.078125, 10.5546875, 2.005859375, 0.412353515625, 0.0726318359375, 0.2083740234375, 0.0982666015625, 2.9609375, 5.68359375, 3.474609375, 0.982421875, 6.1953125, 0.450439453125, 0.002346038818359375, 0.1973876953125, 11.0859375, 3.50390625, 12.109375, 5.08203125, 11.265625, 9.1171875, 0.125, 0.450927734375, 7.61328125, 6.80078125, 7.83203125, 1.4677734375, 0.057861328125, 0.79345703125, 7.63671875, 2.35546875, 8.2265625, 5.01171875, 3.494140625, 0.11285400390625, 0.89404296875, 1.22265625, 4.17578125, 4.48828125, 0.1796875, 9.609375, 2.9609375, 0.004665374755859375, 0.0282440185546875, 0.0033969879150390625, 0.26318359375, 0.65234375, 6.27734375, 3.615234375, 0.032073974609375, 4.43359375, 6.66796875, 4.49609375, 4.58203125, 0.37890625, 0.0011234283447265625, 0.253662109375, 7.62109375, 7.25, 5.1171875, 0.0081329345703125, 2.251953125, 0.02679443359375, 0.00841522216796875, 0.005847930908203125, 0.011077880859375, 10.7109375, 5.1484375, 1.4501953125, 0.0020732879638671875, 0.0017633438110351562, 0.00258636474609375, 0.342529296875, 0.0002493858337402344, 0.310546875, 5.3125, 1.3388671875, 7.5625, 0.372802734375, 3.115234375, 1.74609375, 8.5078125, 3.75390625, 15.1875, 5.515625, 0.307861328125, 5.33203125, 7.28515625, 0.3916015625, 1.7412109375, 0.00351715087890625, 0.0008997917175292969, 0.022064208984375, 0.0011129379272460938, 4.49609375, 5.453125, 0.0501708984375, 5.37890625, 0.0867919921875, 3.37890625, 4.28125, 0.35888671875, 1.1396484375, 1.236328125, 2.408203125, 0.3837890625, 5.21875, 1.794921875, 4.40234375, 0.576171875, 4.83984375, 0.72705078125, 0.021514892578125, 1.400390625, 1.9296875, 7.48046875, 3.916015625]",-1.6773246965910258
131,1,test,3.2954222673737115,1.4131166687680887,1.9699272004845758,6.267367502367182,2.6875224988840953,3.7464873138050216,26.988808157194992,20.420176111426024,23.224759807679632,51.32840815172054,38.835917757926794,44.16978859129255,3.6892401249564473,1.6045333303085036,2.215634311270885,7.01634624991717,3.0515664564149456,4.213783045975303,40.01442943568238,31.972196325501763,35.649483454868324,76.10106211694196,60.80601755156778,67.79963111048578,3.2594878669566536,1.3929668650994629,1.952927657042689,6.199026004641489,2.6492007863854816,3.7141568937621696,26.03619972934029,19.57043688135736,22.342752575828705,49.51669887175147,37.21984928356308,42.492351524582205,0.7738693467336684,-0.006130653266331665,-0.0011306532663316604,0.6281407035175879,0.008140703517587888,0.008140703517587888,0.5125628140703518,-0.0024371859296482556,0.002562814070351749,0.41747572815533984,0.09922047775146259,0.15698057207353144,0.37337662337662336,0.4170854271356784,0.0812458281381847,0.1349485323109706,0.38888888888888884,0.4147157190635451,0.09418149535736808,0.15442650882995224,0.3657718120805369,23.0,3.0,3.0,34.0,3.0,2.0,42.0,1.0,1.0,-0.0021478643937085855,-0.00017374427769754818,-0.0001403872924208598,-0.0004675458078473582,-6.49105800478722e-05,7.53513430460373e-05,"[3.0625, 9.453125, 2.48046875, 5.4921875, 0.79443359375, 0.078125, 4.32421875, 8.171875, 3.234375, 0.06231689453125, 3.63671875, 13.671875, 5.41015625, 7.7265625, 6.12109375, 3.162109375, 4.72265625, 6.11328125, 11.984375, 1.6484375, 1.8876953125, 7.375, 2.927734375, 3.962890625, 5.94921875, 2.3125, 7.33984375, 2.53125, 2.884765625, 2.416015625, 5.31640625, 2.173828125, 0.38671875, 4.73828125, 1.7216796875, 1.9072265625, 8.5390625, 0.34130859375, 11.078125, 7.85546875, 1.5341796875, 1.095703125, 6.90625, 3.09375, 3.158203125, 1.71484375, 2.091796875, 10.5078125, 11.9375, 2.884765625, 5.07421875, 2.80078125, 11.90625, 2.904296875, 4.85546875, 2.751953125, 1.2412109375, 1.205078125, 9.9921875, 1.5458984375, 3.30859375, 1.7333984375, 6.83984375, 3.494140625, 1.263671875, 4.37109375, 4.16015625, 1.4384765625, 8.0625, 5.73828125, 5.58984375, 0.36669921875, 4.18359375, 0.28515625, 0.66357421875, 1.291015625, 0.54150390625, 0.849609375, 6.6484375, 5.171875, 7.12890625, 0.077392578125, 1.4892578125, 1.130859375, 0.275146484375, 5.0546875, 4.6015625, 2.3515625, 0.69873046875, 4.75, 0.2479248046875, 3.853515625, 2.64453125, 3.64453125, 6.40625, 8.59375, 2.3515625, 1.05078125, 6.6875, 1.578125, 5.625, 4.59765625, 6.9765625, 2.5, 1.140625, 7.11328125, 6.609375, 0.273681640625, 9.8515625, 0.6259765625, 4.47265625, 1.04296875, 0.60791015625, 0.310546875, 3.38671875, 0.01541900634765625, 7.609375, 4.35546875, 4.625, 2.408203125, 6.578125, 8.859375, 8.5859375, 8.703125, 0.77294921875, 8.5234375, 4.28515625, 4.2265625, 4.9296875, 4.6640625, 1.384765625, 1.6572265625, 2.529296875, 0.06048583984375, 3.63671875, 3.140625, 7.96484375, 6.0859375, 1.3828125, 3.283203125, 1.306640625, 0.413818359375, 1.5634765625, 0.9716796875, 6.26171875, 6.375, 8.9140625, 0.77734375, 2.52734375, 3.15234375, 0.00408935546875, 1.013671875, 7.96875, 0.05059814453125, 0.7451171875, 2.7109375, 6.6953125, 6.71484375, 4.94140625, 0.55126953125, 8.0625, 4.9375, 3.31640625, 0.386474609375, 6.08984375, 6.27734375, 4.14453125, 0.2783203125, 7.390625, 5.7734375, 5.55078125, 0.018585205078125, 6.125, 2.033203125, 0.39794921875, 0.0109710693359375, 0.0239715576171875, 0.0003094673156738281, 0.0145111083984375, 0.01129913330078125, 0.84033203125, 3.978515625, 0.76416015625, 3.740234375, 0.58447265625, 7.0078125, 2.056640625, 0.1949462890625, 1.6201171875, 2.640625, 0.0184173583984375, 7.125, 4.4140625, 0.96875, 0.0027637481689453125, 2.283203125, 0.0019664764404296875, 0.01026153564453125, 0.00315093994140625, 0.04150390625, 9.96875, 6.53125, 0.30322265625, 0.0009512901306152344, 0.0077056884765625, 0.00089263916015625, 3.11328125, 0.060089111328125, 7.5390625, 0.22607421875, 0.1815185546875, 0.0006799697875976562, 0.0018377304077148438, 0.0005297660827636719, 1.421875, 0.034088134765625, 3.744140625, 0.39892578125, 0.04425048828125, 0.002094268798828125, 0.00600433349609375, 0.0015401840209960938, 0.8857421875, 0.016143798828125, 8.8671875, 3.021484375, 0.1851806640625, 0.0048370361328125, 0.0008006095886230469, 1.580078125, 0.01102447509765625, 6.83984375, 3.404296875, 7.16015625, 0.062164306640625, 0.323486328125, 0.0027523040771484375, 0.0007581710815429688, 0.91552734375, 0.0007815361022949219, 0.60791015625, 6.6796875, 1.6884765625, 6.01171875, 0.8388671875, 7.171875, 1.1572265625, 7.08984375, 2.43359375, 3.71484375, 1.8544921875, 3.6640625, 0.55419921875, 2.53515625, 9.484375, 8.3671875, 0.389892578125, 0.005428314208984375, 0.002056121826171875, 0.05865478515625, 0.00012862682342529297, 3.830078125, 4.42578125, 0.06329345703125, 0.351806640625, 0.00264739990234375, 1.4970703125, 0.157470703125, 0.0011091232299804688, 0.0002111196517944336, 8.428096771240234e-05, 8.4375, 0.160400390625, 1.5322265625, 4.80859375, 2.015625, 3.083984375, 0.1156005859375, 0.05816650390625, 2.7734375, 6.390625, 0.495361328125, 7.3984375, 6.71484375, 2.283203125, 4.6640625, 1.025390625, 2.865234375, 4.81640625, 1.7568359375, 6.80078125, 0.260009765625, 2.087890625, 4.55859375, 4.3046875, 2.291015625, 2.76953125, 6.61328125, 8.9765625, 3.134765625, 6.13671875, 0.2347412109375, 5.9296875, 8.4375, 6.1875, 7.34375, 0.5966796875, 2.19921875, 3.498046875]",-1.5463202481902534
109,1,test,3.043861694973653,1.2982754138542325,1.8226751578626426,4.948149553405446,2.110496978186683,2.9629694684466603,20.986128985345665,15.256869537735996,17.594919842472574,34.11538209440429,24.80180762292059,28.602579054265767,3.1312570595861082,1.3080855225620716,1.8426395310464412,5.090220835780373,2.1264444455442546,2.9954238682035745,22.902751577989836,16.71128777741117,19.274983776030563,37.23107399377658,27.166132840126537,31.33371746842407,3.097318481840816,1.335994733712374,1.8589083048062323,5.035049748805268,2.171814099138343,3.021870643281068,22.138506808320653,16.3183701159542,18.68838279242169,35.98870564899417,26.52739969588614,30.380129662557433,0.6432160804020101,0.0032160804020100464,-0.001783919597989958,0.5376884422110553,0.007688442211055246,0.002688442211055353,0.4623115577889447,-0.002688442211055242,0.0023115577889447625,0.43465045592705165,0.12509051662507897,0.18894772589671793,0.4390243902439024,0.44723618090452266,0.14147176987695376,0.2034966149612839,0.46464646464646464,0.42140468227424754,0.11422605122249463,0.17891302487713967,0.4261744966442953,20.0,3.0,3.0,33.0,8.0,8.0,42.0,6.0,6.0,3.654469150937011e-06,3.0384192483700805e-05,-0.0001141805174445632,0.0042869617648388925,0.0052570530893802925,0.004333642968188833,"[3.056640625, 9.4453125, 0.020538330078125, 1.9716796875, 4.8203125, 2.328125, 0.00583648681640625, 0.31005859375, 4.296875, 0.1065673828125, 0.10302734375, 3.1015625, 0.5546875, 0.4716796875, 7.98828125, 1.533203125, 3.486328125, 2.9296875, 0.74267578125, 0.035797119140625, 4.26953125, 0.41064453125, 3.974609375, 3.912109375, 0.401611328125, 0.64697265625, 3.974609375, 6.17578125, 0.11505126953125, 1.9326171875, 0.005832672119140625, 0.10858154296875, 0.0013332366943359375, 0.0078887939453125, 0.004123687744140625, 0.67822265625, 3.720703125, 0.2176513671875, 4.5546875, 4.64453125, 4.6171875, 1.685546875, 6.828125, 1.93359375, 6.23828125, 10.203125, 4.6328125, 2.990234375, 1.1240234375, 3.54296875, 5.28515625, 0.86083984375, 1.5302734375, 2.484375, 0.0054473876953125, 0.1470947265625, 0.0005769729614257812, 3.189453125, 0.0010700225830078125, 0.1287841796875, 9.796875, 3.505859375, 4.74609375, 6.34375, 5.67578125, 6.63671875, 5.30078125, 9.2734375, 1.1435546875, 5.69921875, 4.734375, 1.455078125, 9.34375, 4.44140625, 4.5, 7.75390625, 6.0625, 0.734375, 6.8984375, 5.76171875, 0.020477294921875, 0.07818603515625, 10.7265625, 2.5390625, 4.13671875, 3.84765625, 1.2255859375, 5.8125, 6.13671875, 0.3818359375, 0.10565185546875, 2.009765625, 0.002300262451171875, 0.01300811767578125, 0.0186920166015625, 0.57275390625, 0.35009765625, 0.00597381591796875, 0.0021114349365234375, 0.0008578300476074219, 1.7177734375, 9.3828125, 0.203125, 1.2333984375, 8.8984375, 4.67578125, 0.5595703125, 10.6484375, 0.438232421875, 3.73828125, 4.703125, 2.853515625, 0.99365234375, 3.50390625, 0.163818359375, 0.057586669921875, 1.6826171875, 4.63671875, 2.392578125, 0.254638671875, 4.73828125, 0.85693359375, 4.0546875, 0.3779296875, 0.0745849609375, 9.625, 5.359375, 3.603515625, 1.6298828125, 3.361328125, 3.5859375, 0.88427734375, 0.364013671875, 8.6484375, 1.83203125, 6.6171875, 0.040435791015625, 3.640625, 6.5, 3.310546875, 12.859375, 2.94140625, 5.03515625, 0.88720703125, 6.80078125, 0.09564208984375, 0.56103515625, 6.703125, 0.01416778564453125, 0.418212890625, 1.7431640625, 2.03125, 2.474609375, 1.7392578125, 5.74609375, 7.95703125, 0.294677734375, 0.340576171875, 3.6484375, 0.004802703857421875, 3.193359375, 0.0303955078125, 10.609375, 10.171875, 3.4765625, 5.9296875, 1.06640625, 4.37890625, 0.07080078125, 0.7353515625, 7.90234375, 3.474609375, 6.44140625, 0.436279296875, 3.279296875, 10.7734375, 0.09661865234375, 4.82421875, 1.6376953125, 9.9140625, 0.76611328125, 3.787109375, 0.08184814453125, 0.5673828125, 6.94140625, 5.16015625, 1.134765625, 2.326171875, 7.0625, 0.1634521484375, 4.6328125, 2.076171875, 1.900390625, 2.265625, 0.80029296875, 4.38671875, 2.08203125, 0.4404296875, 1.3916015625, 4.28515625, 6.44140625, 6.61328125, 7.9453125, 2.32421875, 3.388671875, 2.396484375, 7.765625, 5.9140625, 0.9951171875, 6.66015625, 0.9326171875, 1.294921875, 7.33203125, 0.017578125, 0.82080078125, 1.62109375, 2.2734375, 2.59765625, 10.1953125, 0.0438232421875, 1.4599609375, 7.59375, 0.3984375, 0.357666015625, 0.0047454833984375, 0.869140625, 0.5576171875, 10.140625, 4.4765625, 3.322265625, 3.33203125, 3.287109375, 4.03125, 1.35546875, 3.4296875, 1.826171875, 2.345703125, 1.7822265625, 2.02734375, 0.0008311271667480469, 9.421875, 1.4267578125, 5.99609375, 0.022613525390625, 0.033172607421875, 0.0105133056640625, 0.00653839111328125, 0.0662841796875, 1.4658203125, 1.7880859375, 0.2039794921875, 1.7802734375, 0.0081787109375, 0.0008578300476074219, 1.083984375, 6.1875, 0.06378173828125, 10.1015625, 2.6484375, 1.9921875, 0.99267578125, 0.16796875, 0.193359375, 1.951171875, 1.935546875, 6.94921875, 1.1708984375, 7.94140625, 7.44140625, 0.48388671875, 3.318359375, 2.701171875, 6.5625, 2.1953125, 6.375, 0.213623046875, 0.87548828125, 2.353515625, 6.68359375, 0.06561279296875, 2.380859375, 10.375, 0.262939453125, 3.37890625, 3.970703125, 0.07025146484375, 3.095703125, 1.3369140625, 0.87451171875, 3.23046875, 1.666015625, 5.26953125, 1.841796875, 3.716796875, 5.03515625, 3.109375, 1.7080078125, 7.9453125, 0.07403564453125, 4.4921875, 3.271484375, 1.4306640625, 1.2783203125, 8.015625, 1.837890625, 3.25, 1.751953125, 4.9765625, 0.6806640625, 0.71044921875, 0.15283203125, 0.8125, 0.141357421875, 3.7578125, 4.6484375, 4.3984375, 6.41015625, 4.30078125, 0.533203125, 0.63623046875, 0.205322265625, 0.058135986328125, 0.437255859375, 0.099609375, 2.400390625, 4.47265625, 5.65625, 6.32421875, 2.771484375]",-0.9498090070069378
403,1,test,3.2796399966634886,1.36405498868928,1.7519538531127836,6.05589338918793,2.518743397719275,3.2350031613291863,26.566207054966988,19.775296683062738,21.958703677719562,49.05481023638091,36.51531527058562,40.54700167467287,3.343723131184602,1.3781145427484085,1.9797007673801845,6.174223642233893,2.5447045277726423,3.6555404867438757,28.324386041616844,21.18512990458064,24.412489271551017,52.30130817917157,39.11858870752798,45.07794530607328,3.3652713119385633,1.468586969425264,2.058355293456784,6.214012608556324,2.7117629156364176,3.8007769837318284,28.941348367287894,22.277585350582704,25.24658681981187,53.4405362875037,41.135820391541095,46.618116127745644,0.6834170854271358,-0.006582914572864196,-0.011582914572864311,0.5527638190954773,-0.0072361809045227155,-0.012236180904522609,0.4773869346733668,0.007386934673366818,0.007386934673366818,0.43181818181818177,0.10899346555084255,0.1473607038123167,0.38481012658227853,0.44221105527638194,0.12642158159217143,0.1884547948423252,0.33838383838383834,0.4381270903010034,0.11425396843122038,0.18117492122425138,0.3825503355704698,20.0,-2.0,0.0,34.0,-1.0,-1.0,41.0,1.0,1.0,-0.0010443421621378977,-0.00046420965019106596,-0.0003531173531125845,0.004551539844104724,0.0037684148779018045,0.0041586440593199825,"[10.171875, 6.38671875, 5.640625, 7.7890625, 2.361328125, 10.4140625, 4.1171875, 9.9296875, 5.96484375, 1.9052734375, 4.23046875, 6.93359375, 4.54296875, 4.99609375, 0.408447265625, 3.27734375, 0.5224609375, 1.6806640625, 0.99609375, 2.462890625, 1.4990234375, 11.8671875, 2.087890625, 2.72265625, 0.459716796875, 4.8359375, 14.734375, 5.4921875, 6.609375, 6.07421875, 7.48828125, 11.6640625, 7.44921875, 3.353515625, 6.03125, 5.86328125, 0.163818359375, 4.45703125, 5.70703125, 0.179931640625, 3.126953125, 0.0343017578125, 1.9921875, 0.377685546875, 1.0458984375, 7.21484375, 2.2109375, 5.9453125, 4.1640625, 2.587890625, 1.359375, 5.25390625, 2.544921875, 0.1883544921875, 0.72509765625, 3.287109375, 1.32421875, 9.0859375, 2.318359375, 0.161865234375, 1.1396484375, 2.908203125, 0.89892578125, 1.5439453125, 0.0116729736328125, 0.58154296875, 0.329833984375, 5.33984375, 1.3486328125, 0.5126953125, 8.4375, 3.22265625, 2.794921875, 0.08905029296875, 1.669921875, 2.3046875, 0.065185546875, 11.25, 1.7470703125, 2.69140625, 8.1796875, 2.404296875, 6.05859375, 4.1875, 1.7080078125, 7.69140625, 4.984375, 9.96875, 1.23828125, 1.8544921875, 5.4609375, 3.482421875, 2.060546875, 5.25, 0.29443359375, 8.5390625, 8.5703125, 1.5009765625, 4.29296875, 0.370849609375, 6.859375, 4.28515625, 11.78125, 0.11907958984375, 0.42919921875, 0.5791015625, 0.027374267578125, 7.25390625, 7.24609375, 4.4921875, 0.2607421875, 0.002811431884765625, 6.44921875, 5.08203125, 0.285400390625, 1.154296875, 4.05078125, 4.125, 4.6796875, 2.095703125, 5.26171875, 3.4140625, 0.059478759765625, 4.00390625, 0.72900390625, 1.5380859375, 6.7421875, 7.56640625, 4.34375, 3.736328125, 7.9140625, 2.482421875, 3.8984375, 1.0, 0.720703125, 0.34765625, 1.5224609375, 0.02056884765625, 6.7890625, 0.85205078125, 0.744140625, 0.75927734375, 6.234375, 10.15625, 9.7578125, 0.307373046875, 7.0625, 0.1219482421875, 0.0362548828125, 1.46875, 0.005878448486328125, 0.00846099853515625, 3.349609375, 1.658203125, 8.3203125, 1.7939453125, 0.2091064453125, 0.374755859375, 0.0005984306335449219, 0.01380157470703125, 0.01806640625, 0.0018568038940429688, 2.6702880859375e-05, 1.49609375, 0.058074951171875, 4.8203125, 3.576171875, 4.20703125, 1.33984375, 0.06939697265625, 3.525390625, 0.92578125, 0.412841796875, 0.41064453125, 3.94921875, 5.4375, 7.125, 0.7685546875, 0.41552734375, 5.31640625, 6.4375, 0.030548095703125, 3.220703125, 8.3515625, 0.82275390625, 0.0224151611328125, 4.99609375, 3.3125, 2.240234375, 0.64111328125, 3.1640625, 2.919921875, 1.087890625, 0.2330322265625, 0.50732421875, 1.251953125, 0.61962890625, 3.91796875, 4.83984375, 4.9296875, 3.4375, 3.974609375, 5.8359375, 3.71484375, 5.83203125, 3.857421875, 2.08203125, 1.3046875, 0.72802734375, 5.59375, 6.15625, 3.005859375, 6.58203125, 4.67578125, 5.5, 0.32421875, 1.158203125, 5.67578125, 5.51953125, 0.748046875, 3.86328125, 2.552734375, 4.7734375, 1.9130859375, 2.734375, 1.205078125, 3.087890625, 2.8203125, 5.23046875, 3.00390625, 1.1171875, 4.28515625, 6.69921875, 8.2421875, 2.810546875, 0.35107421875, 0.8515625, 5.609375, 5.82421875, 0.04248046875, 2.724609375, 4.47265625, 2.505859375, 2.939453125, 4.015625, 1.537109375, 3.9453125, 0.74267578125, 0.28466796875, 0.47998046875, 6.8828125, 2.822265625, 4.9453125, 0.95556640625, 5.38671875, 1.4111328125, 2.162109375, 1.908203125, 4.59375, 0.280517578125, 2.818359375, 1.546875, 4.640625, 15.3828125, 6.8359375, 7.48828125, 5.625, 7.1640625, 3.33984375, 3.671875, 0.398193359375, 5.265625, 3.044921875, 4.26953125, 2.390625, 0.269287109375, 0.0121917724609375, 0.049072265625, 0.350830078125, 0.5185546875, 0.36376953125, 8.09375, 1.1630859375, 0.54638671875, 8.59375, 6.93359375, 7.828125, 2.419921875, 5.0859375, 0.0390625, 0.00797271728515625, 0.048858642578125, 0.32421875, 4.85546875, 0.365478515625, 6.8828125, 0.1888427734375, 1.39453125, 4.796875, 6.17578125, 0.11090087890625, 0.75830078125, 3.142578125, 4.25, 6.15625, 1.458984375, 4.36328125, 7.8515625, 0.1573486328125, 3.390625, 3.263671875, 4.5859375, 0.61376953125, 1.9443359375, 1.849609375, 5.71484375, 2.580078125, 0.5654296875, 2.685546875, 1.2607421875, 10.7421875, 0.7470703125, 3.3359375, 3.111328125, 3.705078125, 1.6796875, 0.72998046875, 0.060150146484375, 0.1268310546875, 6.3046875, 0.9345703125, 1.94140625, 6.57421875, 0.669921875, 1.45703125, 0.10577392578125, 3.06640625, 4.98828125, 4.09765625, 4.3671875, 1.064453125, 2.8203125, 6.203125, 10.046875, 2.65234375, 0.18798828125, 3.056640625, 0.9140625, 0.72119140625, 0.338134765625, 0.1961669921875, 0.1622314453125, 0.084228515625, 0.2069091796875, 6.37109375, 2.48828125, 6.1484375, 3.65234375, 3.658203125, 8.78125, 5.1796875, 6.7109375, 3.3515625, 2.91796875, 6.28125, 0.8037109375, 1.02734375, 6.39453125, 2.966796875, 1.0712890625, 2.94921875, 1.7724609375, 0.194580078125, 2.212890625, 0.1524658203125, 1.5673828125, 2.638671875, 0.73095703125, 5.26953125, 1.0830078125, 9.9140625, 0.40234375, 0.154541015625, 0.41650390625, 0.020904541015625, 1.2490234375, 1.6748046875, 3.865234375, 7.50390625, 0.0006122589111328125, 0.40576171875, 3.443359375, 3.240234375, 4.50390625, 7.4140625, 5.7265625]",-0.8961813076578005
468,1,test,3.6232133903703487,1.5553539175496605,2.14836163945868,5.560760657948076,2.387093980410442,3.297218131147815,37.457740981173664,29.549863020344567,33.08735316228182,57.48861851121306,45.35192880662509,50.78112490681757,3.8954088244605902,1.60766087158824,2.2488049358788795,5.978515147701548,2.467372567624732,3.4513744203060877,49.17615366815294,39.32342978936693,43.986827331042065,75.47356204684436,60.3520018692423,67.50919488774906,3.6221705058237887,1.5323741990405888,2.1566102385472465,5.559160081130628,2.3518256423778023,3.3098777457917636,37.41869724454883,29.33542875490722,33.08872874404917,57.42869577104553,45.022823811007335,50.78323609380809,0.7638190954773869,0.013819095477386911,0.0038190954773869024,0.6432160804020101,0.00821608040201005,0.0032160804020100464,0.5326633165829145,-0.007336683417085488,-0.0023366834170853723,0.42307692307692313,0.1019599946301517,0.16493738819320225,0.38596491228070173,0.44723618090452266,0.10387778491454769,0.16342983699801183,0.4292929292929293,0.42657342657342656,0.10371129742857488,0.17424784517807768,0.3789473684210526,26.0,6.0,6.0,37.0,6.0,6.0,44.0,3.0,1.0,-0.0007297677947203188,0.00018180532812860417,-0.00011913441749238099,0.006726573946942871,0.007063370851824402,0.0076811313484013155,"[3.056640625, 9.4453125, 2.4296875, 1.0791015625, 7.80078125, 0.8310546875, 0.057098388671875, 13.171875, 6.77734375, 6.7421875, 4.078125, 8.9375, 9.8046875, 3.99609375, 0.34619140625, 0.89111328125, 4.3671875, 1.44140625, 2.298828125, 0.017730712890625, 6.41796875, 9.3828125, 1.7021484375, 6.5625, 1.4931640625, 7.11328125, 1.75390625, 4.61328125, 1.8359375, 5.890625, 1.0224609375, 1.3369140625, 3.212890625, 4.2578125, 7.53125, 7.390625, 0.65234375, 4.515625, 1.2626953125, 3.9375, 4.34765625, 5.12890625, 2.453125, 3.28515625, 0.59521484375, 2.99609375, 6.578125, 6.55078125, 10.0390625, 0.003326416015625, 0.333251953125, 0.0002906322479248047, 0.00370025634765625, 0.0021572113037109375, 3.83203125, 0.0223846435546875, 2.267578125, 0.0013408660888671875, 7.21484375, 0.70849609375, 5.51171875, 2.1171875, 2.345703125, 0.13671875, 0.7294921875, 0.054595947265625, 0.0006513595581054688, 0.0005922317504882812, 0.734375, 0.06427001953125, 0.003055572509765625, 0.0005440711975097656, 0.0003261566162109375, 2.908203125, 2.01171875, 1.1025390625, 7.28515625, 7.75390625, 2.162109375, 5.46875, 2.150390625, 4.59375, 8.9375, 8.3828125, 2.119140625, 6.53515625, 2.365234375, 1.833984375, 9.875, 9.734375, 5.375, 1.1953125, 6.75390625, 11.1796875, 3.71875, 1.150390625, 2.310546875, 1.5263671875, 6.26171875, 0.779296875, 4.68359375, 7.29296875, 4.484375, 7.65234375, 0.79736328125, 6.5859375, 9.9609375, 4.3359375, 6.640625, 2.427734375, 9.4609375, 0.96484375, 4.4140625, 5.7421875, 13.640625, 4.7890625, 3.818359375, 0.01079559326171875, 4.76953125, 5.546875, 5.40234375, 4.53515625, 1.724609375, 10.9375, 0.00836181640625, 5.16796875, 4.5, 2.77734375, 7.68359375, 8.078125, 0.2022705078125, 6.62890625, 2.650390625, 2.21875, 4.328125, 2.74609375, 3.203125, 3.1875, 0.378173828125, 3.330078125, 0.370849609375, 8.5703125, 4.109375, 1.1845703125, 10.3828125, 2.14453125, 0.76611328125, 2.65234375, 6.16015625, 1.8173828125, 2.9375, 1.458984375, 1.283203125, 6.09375, 0.23486328125, 1.703125, 5.07421875, 9.8984375, 1.7646484375, 4.7734375, 3.236328125, 7.00390625, 8.4453125, 2.55078125, 0.058929443359375, 8.921875, 9.0390625, 0.390625, 6.08203125, 3.86328125, 3.611328125, 3.328125, 4.59375, 0.344970703125, 3.80859375, 0.01235198974609375, 8.3515625, 5.45703125, 7.33203125, 0.5390625, 0.17578125, 2.525390625, 8.328125, 7.734375, 0.51708984375, 4.515625, 1.8896484375, 0.70361328125, 6.4453125, 0.3330078125, 0.783203125, 8.765625, 1.4130859375, 2.46875, 0.00806427001953125, 0.004703521728515625, 6.6328125, 0.27587890625, 8.6484375, 9.4765625, 11.765625, 11.015625, 9.234375, 1.068359375, 1.181640625, 0.0038280487060546875, 4.19140625, 8.7421875, 2.9140625, 1.8779296875, 2.6640625, 6.12890625, 2.8828125, 1.0283203125, 8.734375, 5.5546875, 8.2890625, 6.08984375, 4.421875, 0.0953369140625, 1.5341796875, 5.55078125, 1.416015625, 8.6015625, 1.1865234375, 4.5078125, 0.003307342529296875, 10.9765625, 2.609375, 0.5751953125, 0.004390716552734375, 2.3203125, 7.87890625, 0.82421875, 2.341796875, 5.57421875, 4.234375, 0.56201171875, 10.1328125, 0.2269287109375, 0.1763916015625, 4.0859375, 0.324951171875, 2.720703125, 1.44140625, 1.3447265625, 0.0007071495056152344, 3.025390625, 0.74609375, 3.658203125, 1.2119140625, 0.177978515625, 1.0869140625, 2.859375, 2.208984375, 0.0295257568359375, 1.755859375, 1.185546875, 0.452392578125, 5.2734375, 0.72314453125, 2.375, 3.578125, 7.41796875, 1.73828125, 0.74169921875, 0.81982421875, 1.9677734375, 0.41845703125, 0.2265625, 0.2064208984375, 2.537109375, 1.408203125, 2.5703125, 2.759765625, 4.3828125, 3.685546875, 0.10711669921875, 0.64111328125, 0.094970703125, 0.1131591796875, 2.001953125, 3.634765625, 3.173828125, 2.46875, 1.041015625]",-1.0399764976301396
236,1,test,3.7728266192645563,1.7177085590074745,2.345661111638667,6.562592781396799,2.987845169541171,4.080128835033457,43.502857224723336,35.695097620392325,39.335985753082824,75.67046291906101,62.089359945330315,68.42245409162999,3.8694207177090285,1.6997147154951273,2.397083767701445,6.730612093479789,2.956546019206313,4.169575286072232,47.91462194798735,39.15891244489179,43.55521097625608,83.34444803628786,68.11444629498783,75.7615289516567,3.7728266192645563,1.7177085590074745,2.345661111638667,6.562592781396799,2.987845169541171,4.080128835033457,43.502857224723336,35.695097620392325,39.335985753082824,75.67046291906101,62.089359945330315,68.42245409162999,0.7889447236180904,0.0039447236180903955,-0.001055276381909609,0.6432160804020101,-0.001783919597989958,0.0032160804020100464,0.507537688442211,0.007537688442211032,0.007537688442211032,0.3902439024390244,0.061643496759511196,0.14159525379037574,0.3918367346938776,0.3919597989949749,0.058626465661641536,0.13319519131550916,0.4040404040404041,0.3902439024390244,0.061643496759511196,0.14159525379037574,0.3918367346938776,24.0,1.0,1.0,33.0,0.0,-1.0,39.0,-2.0,1.0,-0.00045692251710887846,-8.973831833332307e-05,-0.00022452110211128155,1.699666395538202e-05,9.033858156382024e-05,0.00010696492421935488,"[3.0625, 9.453125, 2.48046875, 1.494140625, 2.81640625, 0.35400390625, 3.64453125, 0.390625, 0.2032470703125, 2.884765625, 1.291015625, 4.125, 2.09375, 4.53125, 7.45703125, 7.34765625, 0.364501953125, 11.5703125, 8.578125, 5.1953125, 3.11328125, 2.052734375, 2.55859375, 8.109375, 0.275390625, 1.787109375, 11.921875, 5.8046875, 1.1640625, 9.296875, 0.1229248046875, 5.7421875, 2.94921875, 10.4921875, 0.0780029296875, 0.04241943359375, 4.09375, 5.1328125, 9.765625, 5.9453125, 1.4443359375, 5.7734375, 4.62109375, 8.1953125, 10.3984375, 2.86328125, 1.4267578125, 2.71875, 4.9453125, 0.03631591796875, 2.5859375, 0.9287109375, 9.5703125, 2.927734375, 2.412109375, 3.2734375, 8.4765625, 0.303466796875, 7.30078125, 0.152587890625, 2.455078125, 2.140625, 0.0145111083984375, 0.006717681884765625, 1.8916015625, 6.6953125, 1.8720703125, 10.0078125, 2.24609375, 6.1484375, 10.625, 1.3095703125, 2.83203125, 2.111328125, 5.1015625, 0.414306640625, 11.796875, 3.09375, 4.54296875, 1.3017578125, 3.998046875, 2.58203125, 7.3203125, 1.306640625, 5.859375, 0.06939697265625, 0.1278076171875, 8.7421875, 1.5830078125, 7.09765625, 7.62109375, 5.96875, 3.3515625, 5.2421875, 4.984375, 3.125, 0.353271484375, 0.61767578125, 7.1640625, 0.01055145263671875, 0.2880859375, 4.109375, 0.44677734375, 0.00795745849609375, 0.0035381317138671875, 1.4052734375, 1.037109375, 0.0246734619140625, 9.3828125, 0.0199432373046875, 4.70703125, 6.125, 0.0254058837890625, 0.1492919921875, 8.28125, 0.2015380859375, 1.37109375, 6.3671875, 3.26171875, 3.21875, 1.833984375, 3.3515625, 2.22265625, 0.01397705078125, 1.353515625, 4.07421875, 0.0174407958984375, 2.923828125, 5.3359375, 11.265625, 10.34375, 8.15625, 4.8125, 0.032318115234375, 9.4765625, 5.31640625, 1.8359375, 2.3203125, 6.43359375, 5.0546875, 0.30126953125, 4.265625, 3.0859375, 5.484375, 1.427734375, 0.0863037109375, 3.177734375, 4.8828125, 2.580078125, 1.2685546875, 0.57373046875, 0.003330230712890625, 2.994140625, 3.21875, 0.6923828125, 4.98046875, 2.650390625, 2.958984375, 10.7265625, 9.3984375, 6.37890625, 4.19921875, 11.125, 1.6552734375, 2.16015625, 7.3515625, 16.296875, 0.2298583984375, 0.5830078125, 5.97265625, 2.654296875, 7.2734375, 2.95703125, 3.38671875, 5.046875, 6.7265625, 1.5654296875, 2.126953125, 7.8984375, 0.004116058349609375, 1.529296875, 11.3125, 8.125, 1.3662109375, 1.6494140625, 4.9609375, 5.91796875, 11.671875, 1.474609375, 1.8212890625, 8.5390625, 3.505859375, 0.74169921875, 3.20703125, 0.0936279296875, 1.08984375, 1.0478515625, 2.484375, 1.2333984375, 7.20703125, 6.72265625, 0.183349609375, 3.169921875, 8.109375, 0.3486328125, 7.23046875, 6.31640625, 8.0, 0.90234375, 4.21484375, 0.042236328125, 1.3515625, 3.7421875, 3.529296875, 0.6435546875, 8.4609375, 0.81201171875, 7.9453125, 10.5234375, 2.509765625, 9.8515625, 0.00018072128295898438, 0.1695556640625, 0.16943359375, 5.48046875, 3.4375, 8.3046875, 3.060546875, 2.265625, 3.3125, 0.90380859375, 0.4814453125, 3.55859375, 3.46875, 1.03125, 0.8388671875, 3.828125, 8.2265625, 0.6943359375, 1.03125, 0.05926513671875, 0.00893402099609375, 3.298828125, 0.0025806427001953125, 0.059234619140625, 0.0021495819091796875]",-0.5922189282207952
274,1,test,3.630324263321726,1.687436207205575,2.3184829629896755,5.858459790016543,2.723111339670373,3.7414672154066198,37.725047483273144,30.746170200363967,34.012043305636716,60.87904488041434,49.61683550852387,54.88715983184761,3.6711415046423523,1.6741284840074024,2.330097609646919,5.924328883153003,2.7016359133452794,3.760210428266193,39.29673767606001,31.929719605271057,35.473705408728975,63.41537032380055,51.52679618840038,57.24592671779015,3.604972099380748,1.6755964482950332,2.282454757402058,5.817547567783747,2.704004850423202,3.683326460357818,36.78065763980355,29.89544751393557,33.027800919756196,59.35502952455071,48.24397614682725,53.29883217209334,0.728643216080402,-0.006356783919598041,0.0036432160804019675,0.5829145728643217,0.0029145728643216184,0.007914572864321734,0.48743718592964824,-0.012562814070351758,-0.002562814070351749,0.4078947368421053,0.10247601763028269,0.16500633421628474,0.40264026402640263,0.4170854271356784,0.11382728177226986,0.18002365751965166,0.41414141414141414,0.3913043478260869,0.089134064019743,0.15437442569038062,0.38590604026845643,21.0,3.0,3.0,32.0,6.0,6.0,44.0,6.0,7.0,-0.00045602725669870566,-0.00011722907001314955,-0.0001336681535350969,-0.00048729044062767457,-8.427820529455232e-05,5.782855820246624e-05,"[3.056640625, 9.4453125, 2.4296875, 1.0791015625, 2.802734375, 0.35693359375, 1.6455078125, 0.371337890625, 0.27392578125, 3.48046875, 8.2578125, 5.0703125, 6.078125, 1.646484375, 4.265625, 1.0458984375, 4.76171875, 1.4951171875, 7.640625, 0.8095703125, 0.759765625, 9.4296875, 8.2265625, 4.2109375, 12.3359375, 2.04296875, 9.8671875, 5.66796875, 0.87353515625, 5.98046875, 2.484375, 7.1328125, 7.66015625, 6.61328125, 5.69140625, 9.796875, 5.02734375, 4.71875, 0.416259765625, 0.407958984375, 2.486328125, 0.71142578125, 3.603515625, 4.30859375, 4.19921875, 1.208984375, 1.6904296875, 1.1982421875, 2.28125, 6.08984375, 0.8876953125, 0.128662109375, 2.357421875, 10.15625, 0.321533203125, 0.037567138671875, 0.54833984375, 1.640625, 8.734375, 2.41796875, 0.381591796875, 0.027069091796875, 3.462890625, 3.701171875, 0.29345703125, 2.966796875, 3.125, 1.66796875, 4.12109375, 0.207763671875, 3.375, 1.251953125, 1.3798828125, 7.921875, 1.63671875, 4.171875, 0.08917236328125, 6.390625, 0.0596923828125, 1.1552734375, 6.5234375, 1.5361328125, 3.216796875, 5.50390625, 7.69140625, 9.46875, 0.1783447265625, 1.3955078125, 7.31640625, 5.09765625, 3.96484375, 0.452392578125, 3.630859375, 1.8359375, 4.3515625, 5.36328125, 1.005859375, 11.46875, 10.6953125, 3.01953125, 0.86767578125, 9.0234375, 2.654296875, 0.351318359375, 0.348876953125, 8.921875, 15.828125, 8.171875, 12.7578125, 0.53076171875, 5.6328125, 0.84228515625, 8.59375, 8.34375, 8.53125, 0.0411376953125, 5.515625, 5.19140625, 3.06640625, 3.6640625, 0.5712890625, 5.09765625, 5.3203125, 1.935546875, 3.02734375, 0.022430419921875, 0.2666015625, 2.70703125, 9.3671875, 0.982421875, 0.040679931640625, 4.66796875, 5.76171875, 1.5908203125, 0.1104736328125, 5.1640625, 5.1640625, 0.76025390625, 1.8369140625, 12.6171875, 0.53857421875, 1.1650390625, 9.71875, 5.84375, 5.88671875, 2.681640625, 1.5146484375, 1.89453125, 3.275390625, 5.50390625, 0.2216796875, 11.34375, 0.047882080078125, 0.040924072265625, 4.01953125, 0.018646240234375, 1.564453125, 0.80908203125, 4.53125, 4.05859375, 1.0537109375, 8.375, 9.4453125, 5.3046875, 0.0797119140625, 0.09429931640625, 2.23828125, 4.0390625, 1.2265625, 0.3193359375, 1.6513671875, 2.650390625, 0.0263671875, 0.0947265625, 2.810546875, 0.405029296875, 5.515625, 5.96484375, 0.3994140625, 0.884765625, 1.1552734375, 8.6484375, 0.33740234375, 7.7265625, 0.6552734375, 3.72265625, 0.63134765625, 5.56640625, 0.22998046875, 6.0625, 1.6181640625, 4.1015625, 0.28271484375, 7.6328125, 4.29296875, 2.1015625, 2.978515625, 0.280029296875, 7.60546875, 0.0173187255859375, 0.0247344970703125, 2.130859375, 3.03515625, 0.8125, 7.15234375, 1.9873046875, 2.447265625, 10.3515625, 8.640625, 0.058929443359375, 0.8193359375, 3.505859375, 2.189453125, 5.2578125, 3.087890625, 1.19140625, 4.43359375, 6.421875, 2.455078125, 8.5546875, 4.60546875, 2.048828125, 8.8359375, 2.287109375, 0.2371826171875, 1.208984375, 1.853515625, 2.3125, 0.646484375, 2.1015625, 1.017578125, 7.2265625, 0.99169921875, 9.1796875, 0.40283203125, 9.234375, 0.6416015625, 1.640625, 0.662109375, 6.8046875, 4.07421875, 2.671875, 2.845703125, 2.203125, 1.9169921875, 0.10247802734375, 3.16796875, 3.3828125, 2.66796875, 0.3544921875, 0.74560546875, 0.88818359375, 5.16015625, 1.82421875, 0.830078125, 0.074462890625, 9.6171875, 5.9609375, 0.0142364501953125, 0.017364501953125, 0.7021484375, 3.9296875, 11.1796875, 0.412109375, 5.59765625, 4.3359375, 6.88671875, 4.71875, 2.283203125, 9.8203125, 4.16796875, 2.2109375, 13.296875, 2.619140625, 6.27734375, 2.978515625, 1.1298828125, 5.90625, 3.41796875, 5.0234375, 1.78515625, 1.267578125, 2.55078125, 2.236328125, 2.361328125, 1.552734375, 0.93017578125, 6.20703125, 2.19140625, 0.360595703125, 6.90625, 2.482421875, 1.01171875, 6.30859375, 4.296875, 7.39453125, 0.63037109375, 9.265625, 0.64599609375, 11.4921875, 1.53125, 6.765625, 1.978515625, 7.2890625]",-1.1796237042075708
265,1,test,2.940034409870907,1.2753951970438926,1.6353744826416454,5.450158127732388,2.364293926595518,3.0316140173498427,18.916497215283417,13.632730624661999,15.23006199101061,35.06690285663388,25.27199592213286,28.233086615411175,2.8964278182791707,1.2546390894265522,1.7588086506631178,5.369321380111859,2.325816802569033,3.260433017502855,18.109339837044235,12.94494087232975,14.990006928438868,33.57061582999238,23.996989447290527,27.788078881492808,2.875156540535764,1.2643233906162383,1.7415150660315373,5.32988924731394,2.3437693043027434,3.2283746271245004,17.728199086041815,12.721218029631387,14.621249282038399,32.864067173652984,23.582257951156294,27.104485697363632,0.6281407035175879,-0.02185929648241214,-0.026859296482412143,0.5125628140703518,-0.00743718592964826,-0.01743718592964827,0.3919597989949749,0.001959798994974893,-0.0030402010050251116,0.41326530612244894,0.10243728064474189,0.13271789654278132,0.38363171355498726,0.39698492462311563,0.10124557625218833,0.15825370592528587,0.33838383838383834,0.4180602006688964,0.12089826410796145,0.17890558442862936,0.3691275167785235,24.0,12.0,12.0,34.0,15.0,14.0,42.0,13.0,15.0,-0.0006089344948075793,0.0002094575663995775,-0.00011643197407271733,0.022932307110424155,0.02050901089447077,0.02201735591582832,"[3.056640625, 9.4453125, 2.48046875, 1.80859375, 11.875, 3.064453125, 7.19921875, 3.1015625, 8.078125, 9.328125, 2.09375, 1.5947265625, 5.7734375, 0.061553955078125, 8.09375, 7.625, 3.677734375, 6.30078125, 0.49365234375, 11.5390625, 11.171875, 1.71875, 2.033203125, 0.45947265625, 1.40625, 0.74462890625, 3.49609375, 0.80224609375, 8.40625, 3.03515625, 0.09326171875, 6.16796875, 4.3359375, 4.54296875, 1.3740234375, 3.48828125, 3.732421875, 2.0859375, 2.767578125, 5.82421875, 0.390869140625, 2.91015625, 1.5380859375, 3.662109375, 2.36328125, 1.5498046875, 9.96875, 2.32421875, 1.7666015625, 0.11578369140625, 0.57470703125, 1.1796875, 2.3515625, 8.5, 6.49609375, 6.95703125, 0.28955078125, 2.140625, 1.4892578125, 1.0322265625, 6.05078125, 2.0, 0.285400390625, 3.513671875, 0.96240234375, 2.66796875, 6.58984375, 7.73828125, 2.044921875, 1.482421875, 8.3515625, 0.1845703125, 7.9453125, 5.01953125, 2.876953125, 0.350830078125, 0.07110595703125, 0.07867431640625, 0.08929443359375, 0.0574951171875, 0.031280517578125, 0.1461181640625, 5.25390625, 5.3515625, 0.65283203125, 0.658203125, 3.67578125, 1.943359375, 2.89453125, 1.158203125, 6.46484375, 7.3046875, 1.751953125, 1.5859375, 2.3125, 1.123046875, 2.140625, 6.984375, 2.4296875, 5.28515625, 0.043212890625, 0.55517578125, 3.8046875, 0.135986328125, 2.345703125, 0.054779052734375, 0.03240966796875, 0.029327392578125, 0.18798828125, 0.04736328125, 0.0224761962890625, 0.052032470703125, 1.7177734375, 3.7265625, 0.294921875, 0.077880859375, 0.06201171875, 0.1441650390625, 4.08203125, 0.04229736328125, 2.255859375, 3.208984375, 0.04815673828125, 0.013916015625, 0.042694091796875, 0.205810546875, 1.69140625, 7.55078125, 7.1796875, 2.53515625, 9.8515625, 6.515625, 0.1392822265625, 2.712890625, 0.0017404556274414062, 0.70947265625, 0.0060272216796875, 0.63623046875, 0.0233612060546875, 0.369140625, 3.76953125, 0.01641845703125, 2.296875, 2.59375, 11.171875, 5.6875, 0.349365234375, 0.51611328125, 5.97265625, 0.363037109375, 0.0692138671875, 0.061370849609375, 0.498779296875, 0.010284423828125, 3.369140625, 2.84765625, 5.296875, 7.42578125, 0.1312255859375, 0.45263671875, 1.0078125, 0.0005826950073242188, 0.0794677734375, 6.0234375, 0.10443115234375, 3.05859375, 5.390625, 0.01018524169921875, 0.8876953125, 0.040435791015625, 7.1015625, 7.234375, 0.2181396484375, 0.830078125, 5.52734375, 4.47265625, 0.2149658203125, 1.4765625, 0.001529693603515625, 0.01123046875, 4.73046875, 3.892578125, 4.54296875, 8.234375, 4.37890625, 4.29296875, 2.25, 2.755859375, 1.2666015625, 4.98046875, 7.65625, 1.4677734375, 3.921875, 0.03375244140625, 1.0302734375, 4.15234375, 3.841796875, 4.77734375, 1.42578125, 3.677734375, 0.2529296875, 7.4296875, 6.0546875, 1.3125, 3.998046875, 0.74755859375, 0.0002186298370361328, 0.006076812744140625, 0.0003192424774169922, 5.4296875, 8.2265625, 3.455078125, 5.25, 4.48828125, 0.38818359375, 8.2109375, 1.5078125, 7.89453125, 1.8525390625, 0.1383056640625, 1.4873046875, 0.0010271072387695312, 1.96875, 0.0011835098266601562, 0.0258636474609375, 4.9921875, 3.951171875, 2.62109375, 0.0272979736328125, 0.240966796875, 0.1346435546875, 0.01480865478515625, 0.07904052734375, 0.383544921875, 0.87255859375, 4.17578125, 0.0052337646484375, 0.00881195068359375, 4.09375, 5.75, 0.6455078125, 0.4287109375, 0.396728515625, 0.340576171875, 0.2900390625, 0.0207977294921875, 0.0165863037109375, 0.006744384765625, 1.1767578125, 2.171875, 1.7470703125, 0.04083251953125, 0.00015294551849365234, 0.00913238525390625, 0.00128936767578125, 0.0005507469177246094, 8.5390625, 5.9765625, 13.734375, 5.625, 2.97265625, 3.125, 9.5, 0.83935546875, 1.158203125, 4.6015625, 0.0087890625, 4.36328125, 1.5390625, 9.96875, 5.6875, 6.05859375, 6.6484375, 0.0216064453125, 4.69921875, 7.19921875, 9.2890625, 1.763671875, 0.00016319751739501953, 2.171875, 0.32421875, 3.03515625, 0.96826171875, 6.203125, 0.5234375, 7.1796875, 3.130859375, 0.5517578125, 3.91796875, 5.015625, 0.004924774169921875, 7.171875, 0.37451171875, 6.4609375, 3.51171875, 0.322998046875, 4.20703125, 3.322265625, 2.0234375, 6.25, 1.7587890625, 7.328125, 5.87890625, 9.1328125, 1.64453125, 7.73828125, 1.3447265625, 4.7421875, 1.9287109375, 2.44921875, 4.125, 1.8544921875, 2.96484375, 3.17578125, 2.49609375, 2.94921875, 8.171875, 4.58203125, 4.45703125, 0.258544921875, 2.372264862060547e-05, 2.640625, 0.14501953125, 0.7958984375, 0.20703125, 0.00011479854583740234, 7.98046875, 3.595703125, 0.26953125, 0.0002493858337402344, 3.80859375, 6.546875, 4.35546875, 5.72265625, 0.24609375, 0.0002428293228149414, 5.93359375, 5.0859375, 2.88671875, 5.09765625, 3.388671875, 3.6484375, 1.5498046875, 1.44140625, 1.4130859375, 0.186279296875, 5.78125, 6.98046875, 1.412109375, 1.849609375, 0.038299560546875, 0.91552734375, 6.921875, 6.34765625, 4.35546875, 1.0615234375, 2.947265625, 0.005718231201171875, 3.673828125, 0.035125732421875, 0.46826171875, 2.03515625, 1.0048828125, 5.71875, 0.453125, 9.0546875, 2.720703125, 1.087890625, 1.865234375, 1.80859375, 1.90234375, 1.333984375, 0.000370025634765625, 1.958984375, 12.6015625, 5.125, 4.32421875, 4.94140625, 1.537109375, 7.75390625, 2.12890625, 1.4130859375, 5.8125, 1.474609375, 2.076171875, 1.4560546875, 3.78515625, 5.21484375, 0.5, 0.382080078125, 4.09375, 0.89794921875]",-1.4865884577133217
235,1,test,3.157619773477748,1.3210718100352818,1.837235666899151,5.237489085349319,2.1912388705375636,3.047390896593203,23.514559287898432,17.239719433740355,19.769699761676545,39.003191154178836,28.595223252371724,32.79165768852936,2.919335832547902,1.1361857207256445,1.6511749054711324,4.842251650393825,1.8845715247964279,2.7387751426078064,18.528977028642473,12.580411446735797,14.974667115769202,30.73369243673033,20.866910004465964,24.83822030579682,3.157619773477748,1.3210718100352818,1.837235666899151,5.237489085349319,2.1912388705375636,3.047390896593203,23.514559287898432,17.239719433740355,19.769699761676545,39.003191154178836,28.595223252371724,32.79165768852936,0.6482412060301508,0.0032412060301507672,-0.006758793969849242,0.507537688442211,-0.012462311557788985,0.007537688442211032,0.3668341708542714,0.006834170854271404,-0.0031658291457286047,0.3913043478260869,0.08389024294362757,0.12985856469355683,0.36,0.371859296482412,0.04855102580572024,0.11142523972114327,0.31313131313131315,0.3913043478260869,0.08389024294362757,0.12985856469355683,0.36,23.0,6.0,5.0,34.0,9.0,8.0,41.0,7.0,6.0,0.00014076512295121485,-0.0003091913263955776,-0.0002992485744866115,0.007792426482249759,0.008301005216993396,0.0067452543224399975,"[3.0625, 9.453125, 2.48046875, 1.494140625, 1.81640625, 8.234375, 1.1669921875, 10.140625, 7.79296875, 12.3203125, 1.8876953125, 5.421875, 1.935546875, 2.37890625, 7.77734375, 6.64453125, 2.494140625, 6.890625, 8.6328125, 4.921875, 1.3935546875, 1.50390625, 0.02923583984375, 4.55859375, 4.98828125, 0.2100830078125, 0.83544921875, 2.978515625, 0.1151123046875, 3.642578125, 2.2109375, 8.8125, 3.751953125, 0.343505859375, 5.3671875, 2.865234375, 7.11328125, 2.033203125, 4.75390625, 5.828125, 3.05078125, 1.1533203125, 0.7763671875, 1.76953125, 1.6845703125, 2.37890625, 1.0390625, 2.36328125, 0.73291015625, 6.703125, 8.1640625, 6.015625, 0.73388671875, 1.35546875, 10.4765625, 0.52978515625, 2.318359375, 2.48828125, 6.2421875, 2.61328125, 8.8359375, 0.290283203125, 3.80078125, 3.3203125, 2.8671875, 2.859375, 1.4345703125, 6.15234375, 3.048828125, 2.787109375, 1.1474609375, 1.193359375, 6.23046875, 1.6142578125, 0.0289764404296875, 9.0625, 0.533203125, 1.205078125, 2.3671875, 5.64453125, 0.157958984375, 0.43994140625, 1.7490234375, 3.578125, 0.521484375, 5.85546875, 0.153076171875, 5.21875, 0.1298828125, 0.82568359375, 8.765625, 11.03125, 0.84033203125, 10.5234375, 5.3515625, 2.3359375, 2.884765625, 6.76953125, 4.03515625, 5.328125, 1.970703125, 8.59375, 10.1328125, 2.26953125, 2.306640625, 3.158203125, 0.0016994476318359375, 0.05706787109375, 0.0005159378051757812, 0.0015954971313476562, 0.0022125244140625, 0.467041015625, 4.02734375, 0.231689453125, 1.3037109375, 2.80078125, 0.2012939453125, 0.06573486328125, 4.0859375, 6.44921875, 10.90625, 0.4775390625, 1.3447265625, 0.10845947265625, 0.08245849609375, 0.55810546875, 3.37109375, 0.006561279296875, 0.03155517578125, 3.955078125, 0.265380859375, 0.0186614990234375, 6.5, 1.271484375, 1.1904296875, 0.1722412109375, 0.00200653076171875, 0.429931640625, 0.08404541015625, 2.32421875, 0.01036834716796875, 0.02215576171875, 2.724609375, 0.209716796875, 0.056121826171875, 3.697265625, 5.00390625, 0.54736328125, 0.197509765625, 0.0008320808410644531, 1.45703125, 0.00039887428283691406, 0.46826171875, 8.65625, 3.345703125, 7.66796875, 0.373779296875, 3.21484375, 2.6875, 7.37890625, 3.833984375, 2.337890625, 2.4296875, 4.8125, 0.6708984375, 1.1904296875, 0.994140625, 1.830078125, 0.284423828125, 0.37060546875, 0.0057830810546875, 0.0002853870391845703, 0.00154876708984375, 0.00026345252990722656, 0.44970703125, 0.345458984375, 0.0017499923706054688, 0.0002734661102294922, 0.0005245208740234375, 6.6640625, 4.5078125, 5.3828125, 0.2271728515625, 0.0667724609375, 3.33984375, 1.0390625, 6.21484375, 0.048828125, 5.9921875, 0.2459716796875, 1.900390625, 5.68359375, 6.515625, 0.90576171875, 1.650390625, 1.90234375, 0.677734375, 3.5078125, 0.0780029296875, 2.73046875, 5.4140625, 5.734375, 0.8359375, 0.57177734375, 0.771484375, 0.271728515625, 3.9921875, 4.97265625, 5.15234375, 7.703125, 10.6484375, 4.3671875, 13.421875, 8.375, 5.3359375, 0.066162109375, 4.87109375, 3.150390625, 1.6103515625, 2.646484375, 2.0859375, 1.6591796875, 3.62109375, 5.828125, 5.265625, 9.3359375, 0.2318115234375, 2.845703125, 4.94921875, 3.265625, 0.21533203125, 0.0155029296875, 5.00390625, 3.357421875, 3.59765625, 3.48046875, 3.365234375, 4.52734375, 0.734375, 9.7734375, 1.82421875, 2.703125, 1.3916015625, 0.01215362548828125, 8.3359375, 7.703125, 1.7529296875, 3.701171875, 3.9375, 1.3193359375, 1.248046875, 0.40625, 3.80078125, 5.81640625, 15.1796875, 15.8359375, 1.0791015625, 1.953125, 7.8125, 0.09722900390625, 0.50634765625, 2.09375, 10.828125, 0.11224365234375, 5.4140625, 1.0732421875, 0.9609375, 2.013671875, 0.1024169921875, 1.7001953125, 1.259765625, 2.263671875, 8.1640625, 4.23828125, 0.1470947265625, 0.06292724609375]",-1.4157006153161973
8,1,test,2.953680844782623,1.3061454266800756,1.604397916439813,5.268036831387189,2.3295753930397884,2.8615235565939523,19.176409366916243,13.982246766917992,15.321748895245843,34.20208077562551,24.93803319467625,27.327101925719862,2.593459270707327,1.0947809420091854,1.536000950979641,4.625563720915233,1.952596312154911,2.739534163652001,13.375962739397885,8.900193076270945,10.496918667047428,23.856695448623068,15.873937434734327,18.721777016552124,2.7819813916515748,1.2423502185623039,1.710804062202022,4.961802308919692,2.2157934634098235,3.051304214836507,16.15099070340953,11.48812054161009,13.232176819986904,28.806095973180636,20.489634905382502,23.600246103180105,0.6030150753768844,0.0030150753768843908,0.008015075376884395,0.48743718592964824,-0.002562814070351749,0.0024371859296482556,0.3919597989949749,0.001959798994974893,0.006959798994974897,0.4184914841849149,0.12201517798807404,0.16042696805588263,0.4292682926829269,0.4371859296482412,0.15397790959811586,0.20513250727762355,0.38888888888888884,0.4448160535117057,0.1593402605233919,0.22568368421248441,0.4093959731543624,19.0,1.0,1.0,33.0,3.0,3.0,43.0,7.0,7.0,-0.00021214899126513972,9.960820028449339e-05,-8.414553586863464e-05,0.028354531778057357,0.026797247565047755,0.028019442090375435,"[3.056640625, 9.4453125, 2.48046875, 1.80859375, 0.8740234375, 3.994140625, 2.47265625, 1.705078125, 3.2890625, 11.1875, 6.47265625, 2.931640625, 0.366455078125, 0.380126953125, 0.5498046875, 3.3984375, 0.1998291015625, 3.515625, 5.56640625, 1.4287109375, 7.0546875, 4.03515625, 3.734375, 0.055511474609375, 0.024139404296875, 0.264892578125, 4.90625, 2.916015625, 6.50390625, 3.71484375, 4.1171875, 1.5126953125, 11.6484375, 7.12890625, 7.68359375, 5.26171875, 0.5859375, 0.728515625, 4.77734375, 0.07318115234375, 0.302001953125, 5.8984375, 0.048126220703125, 2.423828125, 2.94140625, 2.7109375, 0.75390625, 8.34375, 0.8271484375, 2.90234375, 5.6015625, 5.0625, 0.0298919677734375, 1.6083984375, 4.8125, 3.134765625, 0.49169921875, 1.025390625, 5.609375, 0.86083984375, 0.0718994140625, 3.740234375, 3.6875, 1.26953125, 7.5234375, 0.8798828125, 0.83642578125, 4.5234375, 3.408203125, 0.0016107559204101562, 0.07843017578125, 0.067138671875, 0.70263671875, 0.1611328125, 0.055877685546875, 5.34765625, 0.155029296875, 3.953125, 1.06640625, 7.140625, 5.2421875, 8.234375, 8.8125, 11.375, 0.052093505859375, 4.33203125, 5.10546875, 3.990234375, 1.76953125, 5.203125, 4.875, 1.32421875, 2.505859375, 3.984375, 1.4072265625, 0.4736328125, 3.029296875, 0.01500701904296875, 2.15234375, 2.28515625, 0.8095703125, 2.84375, 1.271484375, 0.459716796875, 0.15283203125, 0.048248291015625, 0.7353515625, 0.049224853515625, 0.471923828125, 0.919921875, 0.342529296875, 0.04010009765625, 0.0224761962890625, 2.384765625, 1.4033203125, 2.416015625, 0.046142578125, 0.029022216796875, 0.7412109375, 0.1265869140625, 3.568359375, 1.6767578125, 2.115234375, 0.031494140625, 7.43359375, 1.0146484375, 4.9375, 1.4873046875, 3.677734375, 0.2783203125, 0.0986328125, 0.044158935546875, 0.51806640625, 0.0124053955078125, 0.28173828125, 0.484619140625, 0.1297607421875, 0.0120849609375, 0.005100250244140625, 0.52490234375, 0.0039825439453125, 3.046875, 0.035125732421875, 0.01488494873046875, 1.1025390625, 3.1171875, 6.125, 2.6484375, 0.51904296875, 0.1275634765625, 0.029754638671875, 4.3515625, 0.5234375, 3.134765625, 4.375, 1.482421875, 4.30078125, 3.65625, 3.421875, 3.544921875, 0.10662841796875, 0.172607421875, 4.984375, 4.95703125, 0.95556640625, 0.0794677734375, 0.454833984375, 3.19921875, 3.509765625, 0.0299072265625, 1.6943359375, 7.51171875, 4.6953125, 1.724609375, 0.02459716796875, 2.427734375, 4.33203125, 2.98046875, 0.546875, 4.328125, 5.51953125, 1.638671875, 0.748046875, 7.203125, 0.0206756591796875, 7.76171875, 2.822265625, 3.20703125, 4.8515625, 3.248046875, 1.455078125, 0.01410675048828125, 0.02008056640625, 2.935546875, 0.2958984375, 0.7236328125, 8.8984375, 5.83203125, 0.04901123046875, 4.265625, 1.3779296875, 3.71484375, 10.109375, 4.2109375, 2.833984375, 2.208984375, 2.01953125, 0.87451171875, 11.4921875, 7.31640625, 2.20703125, 6.52734375, 0.88330078125, 10.1484375, 4.13671875, 3.505859375, 2.87109375, 1.3173828125, 3.44921875, 7.75, 3.81640625, 5.515625, 7.15234375, 0.275146484375, 5.7265625, 0.05487060546875, 6.0625, 2.935546875, 2.494140625, 0.0234375, 7.6171875, 0.007488250732421875, 5.54296875, 2.345703125, 6.83203125, 4.18359375, 3.56640625, 3.591796875, 6.765625, 2.2890625, 6.9453125, 2.43359375, 6.44921875, 0.003170013427734375, 0.2349853515625, 0.0003285408020019531, 0.006465911865234375, 0.0088958740234375, 0.491455078125, 2.8828125, 0.253173828125, 8.8515625, 2.150390625, 0.34716796875, 5.0703125, 0.469970703125, 0.453369140625, 1.2177734375, 1.8642578125, 0.0290069580078125, 0.393310546875, 5.6953125, 0.236572265625, 7.609375, 3.943359375, 14.84375, 6.375, 0.47900390625, 0.054290771484375, 1.3505859375, 5.046875, 0.484130859375, 0.2208251953125, 7.1875, 0.0215301513671875, 8.0, 1.310546875, 0.034912109375, 0.300537109375, 0.055450439453125, 0.84765625, 0.1875, 6.4609375, 0.1663818359375, 6.23828125, 4.45703125, 0.237060546875, 0.05731201171875, 0.7822265625, 4.08984375, 1.060546875, 4.05859375, 0.5341796875, 0.0780029296875, 2.783203125, 0.0182952880859375, 6.0078125, 4.68359375, 0.150390625, 0.333740234375, 0.010284423828125, 4.4296875, 0.425537109375, 3.69140625, 0.0214691162109375, 4.5390625, 6.49609375, 1.5400390625, 0.2235107421875, 0.02740478515625, 1.576171875, 0.279052734375, 4.4296875, 0.07196044921875, 2.443359375, 4.80859375, 0.269775390625, 0.0261688232421875, 4.69140625, 0.0386962890625, 6.24609375, 0.124755859375, 9.3828125, 0.9248046875, 0.02410888671875, 1.7666015625, 0.427490234375, 6.0546875, 0.04974365234375, 4.73828125, 7.47265625, 2.265625, 2.537109375, 0.96533203125, 2.064453125, 2.291015625, 0.028961181640625, 3.365234375, 0.085205078125, 4.1484375, 5.390625, 0.1583251953125, 0.5849609375, 0.455078125, 0.0073394775390625, 0.006031036376953125, 0.138671875, 0.1375732421875, 0.04534912109375, 9.9140625, 7.7734375, 4.19140625, 4.15234375, 6.18359375, 2.126953125, 0.77001953125, 1.1943359375, 0.95361328125, 2.244140625, 0.022613525390625, 4.796875, 0.109619140625, 9.9296875, 6.90625, 7.328125, 8.7578125, 0.611328125, 7.6015625, 7.3046875, 4.05859375, 5.44140625, 11.59375, 7.9609375, 0.370361328125, 2.513671875, 0.01611328125, 2.3515625, 0.00138092041015625, 0.036895751953125, 0.0248870849609375, 1.4541015625, 0.369384765625, 3.4765625, 0.92529296875, 3.0703125, 4.234375, 2.69921875, 4.3203125, 9.2734375, 5.10546875, 5.7109375, 1.3515625, 1.1513671875, 8.7734375, 3.439453125, 7.98828125, 0.56884765625, 8.140625, 10.171875, 4.859375, 6.71875, 12.1171875, 15.828125, 10.140625, 2.1640625, 0.5888671875, 2.083984375, 6.40625, 6.45703125, 4.7109375, 0.1903076171875]",-1.1452347321521916
448,1,test,3.1471923414398644,1.3966419554309981,1.9182307856744372,5.80529398116948,2.5762382015720435,3.538358138440009,23.270636771916514,17.512865971345583,19.852958147682777,42.92489080225141,32.304137906603685,36.62065928592837,3.0060348492770936,1.2692946174643465,1.7385906160116291,5.544915634139504,2.341333990322747,3.2069948525079375,20.20711659969196,14.528314958487488,16.655353126119063,37.2739380521345,26.798851240993812,30.72237434750341,3.1634138717370877,1.4059779153858336,1.9475216358132832,5.8352161282717905,2.593459262840085,3.592387882277205,23.651200428764497,17.85364728745497,20.277897925085664,43.626876466572355,32.93274128023789,37.404500902353966,0.6080402010050252,-0.006959798994974786,-0.006959798994974786,0.49246231155778897,-0.007537688442211032,0.0024623115577889765,0.3869346733668342,-0.0030653266331658324,-0.0030653266331658324,0.4007352941176471,0.10899217485159207,0.16357147993671795,0.3653136531365314,0.3869346733668342,0.10623291898086928,0.15488125099621652,0.33333333333333337,0.3970588235294118,0.10715056664867784,0.16600747878613553,0.36900369003690037,22.0,8.0,8.0,34.0,9.0,9.0,40.0,6.0,8.0,0.00024323204641153105,-0.0004113826394728757,-0.000227351027952987,0.00019717463232815646,-0.00020823100688893703,-5.431726479621091e-05,"[3.056640625, 9.4453125, 2.48046875, 1.80859375, 0.8740234375, 2.994140625, 6.1484375, 1.9697265625, 3.943359375, 11.40625, 11.390625, 2.462890625, 2.380859375, 5.453125, 6.21484375, 3.720703125, 8.5546875, 0.9267578125, 13.3203125, 6.06640625, 2.42578125, 5.921875, 10.265625, 1.5732421875, 4.50390625, 0.1951904296875, 0.462890625, 2.2890625, 0.45068359375, 3.37109375, 2.642578125, 2.73046875, 8.3984375, 0.7568359375, 5.77734375, 3.38671875, 0.53125, 11.1171875, 0.9677734375, 2.78125, 7.98828125, 0.56298828125, 1.67578125, 1.4501953125, 1.029296875, 4.85546875, 5.0, 0.501953125, 5.421875, 0.333251953125, 1.220703125, 8.328125, 3.763671875, 5.68359375, 0.466796875, 8.640625, 1.5380859375, 0.04779052734375, 6.25390625, 1.6630859375, 7.890625, 3.185546875, 0.89990234375, 1.3427734375, 1.244140625, 0.003391265869140625, 0.302978515625, 0.57080078125, 4.078125, 0.87158203125, 4.29296875, 1.0087890625, 8.265625, 3.31640625, 3.158203125, 6.15234375, 1.0830078125, 9.6484375, 0.61376953125, 0.41455078125, 2.9609375, 0.05926513671875, 0.2432861328125, 9.3515625, 0.724609375, 0.486328125, 0.05126953125, 0.1934814453125, 0.430419921875, 0.49560546875, 0.09844970703125, 7.92578125, 2.638671875, 1.4140625, 0.11083984375, 6.0390625, 0.71337890625, 2.119140625, 8.078125, 8.9296875, 0.177490234375, 1.2919921875, 5.59765625, 4.84765625, 1.025390625, 2.08984375, 1.3857421875, 5.0703125, 0.3271484375, 0.2000732421875, 2.505859375, 0.0269622802734375, 0.06500244140625, 6.1796875, 1.525390625, 4.62109375, 0.255859375, 2.712890625, 6.83984375, 0.36181640625, 2.349609375, 3.203125, 0.775390625, 8.6328125, 6.0, 2.240234375, 2.42578125, 7.28515625, 4.453125, 0.430908203125, 4.18359375, 1.3681640625, 5.34765625, 5.43359375, 0.076171875, 7.0546875, 2.48828125, 4.99609375, 0.0035400390625, 0.13232421875, 0.0011568069458007812, 0.004154205322265625, 0.00841522216796875, 10.6953125, 4.953125, 6.34375, 6.53125, 1.896484375, 0.19873046875, 1.6357421875, 5.734375, 5.0703125, 3.810546875, 3.25, 5.59765625, 8.2265625, 2.271484375, 0.0150909423828125, 0.5927734375, 0.50927734375, 8.2890625, 2.083984375, 0.4755859375, 5.73046875, 4.95703125, 0.5771484375, 0.0007710456848144531, 2.259765625, 0.005016326904296875, 0.0115509033203125, 0.00469207763671875, 0.03875732421875, 6.94921875, 1.669921875, 0.288330078125, 0.0017337799072265625, 0.010650634765625, 0.0003273487091064453, 0.19384765625, 0.00021958351135253906, 8.40625, 5.25, 0.90185546875, 0.37841796875, 5.046875, 3.921875, 0.130615234375, 0.55078125, 0.00153350830078125, 0.023284912109375, 0.0021610260009765625, 0.89794921875, 1.3828125, 0.283203125, 0.126953125, 0.271240234375, 0.0251007080078125, 0.00010585784912109375, 0.003543853759765625, 0.0011310577392578125, 0.0006036758422851562, 9.5703125, 2.87109375, 5.6640625, 2.224609375, 7.74609375, 5.6484375, 6.28125, 6.3984375, 0.8349609375, 2.546875, 0.01300811767578125, 0.08001708984375, 6.38671875, 1.1181640625, 6.1328125, 4.1953125, 6.53125, 0.4541015625, 4.0859375, 0.07861328125, 6.97265625, 1.615234375, 15.5, 0.13134765625, 0.00586700439453125, 1.2890625, 1.7373046875, 4.6171875, 4.984375, 1.07421875, 5.98046875, 2.640625, 3.783203125, 0.262451171875, 0.7646484375, 0.02667236328125, 0.6533203125, 4.28515625, 2.234375, 11.734375, 0.16796875, 0.371826171875, 0.5517578125, 14.265625, 2.521484375, 5.03515625, 6.36328125, 0.47265625, 2.62890625, 0.054412841796875, 4.6640625, 1.50390625, 10.3125, 3.8984375, 1.390625, 5.52734375, 1.6865234375, 2.814453125, 7.14453125, 0.7548828125, 3.67578125, 0.87451171875, 3.447265625, 0.063232421875, 4.4609375, 7.4296875, 0.041107177734375, 4.015625, 2.5390625, 8.375, 2.33984375]",-1.1863767083953407
364,1,test,3.8943180064034593,1.79271700147767,2.362975938726904,6.296100036784447,2.8983574429176424,3.8203179273690466,49.12254067807641,40.94328621583455,44.49816178907308,79.4183807438504,66.19465216392634,71.9419620114089,3.8807571018161484,1.7420478157143697,2.40373540564266,6.2741755787071645,2.816438539062439,3.8862153915015694,48.460891014480936,39.97241665112787,44.08100939646222,78.34866520843393,64.62500841834328,71.2675350154257,3.9897219046302466,1.835105334197332,2.5147683022648017,6.450343343609253,2.966888359693484,4.065726726569085,54.03985903891079,45.41527641399069,49.66902606699667,87.36840646378968,73.42469799090124,80.30190557968183,0.7236180904522613,-0.006381909547738651,-0.0013819095477386467,0.592964824120603,-0.012035175879396953,-0.0020351758793969443,0.507537688442211,0.002537688442211028,0.002537688442211028,0.4398907103825137,0.11519766809056287,0.1749835745076359,0.4383561643835616,0.4120603015075377,0.09877709348748753,0.16331238831888995,0.4191919191919192,0.4280936454849499,0.10588997269696987,0.17002912935591763,0.4395973154362416,24.0,6.0,6.0,33.0,0.0,0.0,45.0,6.0,6.0,2.038625404314663e-05,1.8037379409373694e-05,0.00013627936050321268,-0.00024245699414393584,0.00015588034778968307,-0.00010364736082912884,"[3.056640625, 6.44140625, 0.03302001953125, 0.005214691162109375, 0.009490966796875, 0.62646484375, 4.7578125, 8.0703125, 4.2109375, 3.09765625, 6.2109375, 2.966796875, 3.8828125, 9.578125, 3.515625, 7.33984375, 0.55419921875, 7.83984375, 4.9140625, 5.859375, 2.490234375, 3.53125, 9.4765625, 2.630859375, 5.8125, 3.400390625, 4.98046875, 1.0703125, 1.220703125, 9.140625, 3.64453125, 0.326904296875, 3.08203125, 8.1875, 1.9560546875, 1.212890625, 0.27685546875, 2.876953125, 2.94921875, 0.234130859375, 8.4375, 1.4384765625, 2.166015625, 0.5439453125, 0.61962890625, 8.859375, 1.908203125, 0.5830078125, 6.44140625, 0.0218963623046875, 1.703125, 0.0194549560546875, 0.2529296875, 0.00021517276763916016, 0.56201171875, 9.6171875, 8.2421875, 1.0126953125, 6.38671875, 1.1689453125, 6.0703125, 14.59375, 3.33203125, 8.4296875, 10.515625, 9.28125, 5.234375, 3.8984375, 0.08001708984375, 0.00018906593322753906, 0.0065155029296875, 0.00016021728515625, 4.83984375, 1.8291015625, 5.2265625, 0.00991058349609375, 8.2265625, 0.74658203125, 6.90234375, 1.9365234375, 2.794921875, 6.53515625, 1.1884765625, 3.703125, 12.125, 6.265625, 4.51953125, 0.0066375732421875, 9.078125, 7.859375, 0.311767578125, 0.232421875, 1.3974609375, 6.44921875, 2.716796875, 2.5703125, 5.76953125, 5.37109375, 0.78466796875, 4.22265625, 1.4794921875, 3.68359375, 2.38671875, 2.453125, 2.01171875, 8.828125, 0.2431640625, 8.2265625, 0.1741943359375, 0.73974609375, 2.060546875, 4.8671875, 3.720703125, 1.4326171875, 0.004199981689453125, 0.000965118408203125, 0.1351318359375, 10.6484375, 1.0546875, 4.96875, 4.7578125, 0.0374755859375, 4.421875, 0.007350921630859375, 9.546875, 3.951171875, 10.640625, 6.65625, 6.88671875, 2.7578125, 6.91015625, 12.90625, 0.0675048828125, 0.0005440711975097656, 3.1328125, 3.53125, 0.0147247314453125, 0.0017042160034179688, 0.04193115234375, 0.02947998046875, 6.3046875, 8.28125, 1.8447265625, 9.5625, 6.26171875, 7.25, 1.736328125, 7.296875, 3.568359375, 0.30615234375, 0.0031566619873046875, 9.9375, 2.025390625, 5.59375, 7.9140625, 3.5, 2.435546875, 1.30859375, 4.7421875, 3.9296875, 0.0225830078125, 5.3203125, 2.345703125, 2.650390625, 2.509765625, 3.427734375, 7.57421875, 5.37109375, 0.9677734375, 2.431640625, 5.68359375, 0.1702880859375, 4.5703125, 0.012054443359375, 12.4609375, 0.353759765625, 13.578125, 0.10614013671875, 6.90234375, 1.267578125, 1.43359375, 1.3046875, 7.3046875, 0.1253662109375, 7.95703125, 0.60498046875, 9.4609375, 2.46484375, 0.22021484375, 12.421875, 1.3955078125, 7.15625, 2.115234375, 0.0012493133544921875, 7.3046875, 13.2890625, 0.101318359375, 2.953125, 0.007518768310546875, 7.296875, 2.44921875, 6.6875, 3.015625, 0.00031495094299316406, 8.296875, 11.1171875, 8.921875, 3.455078125, 2.15625, 7.74609375, 0.98583984375, 0.00029778480529785156, 4.98828125, 1.625, 6.9140625, 1.4697265625, 0.74267578125, 4.75, 9.3359375, 2.00390625, 0.31591796875, 0.006717681884765625, 7.97265625, 6.328125, 4.20703125, 5.375, 7.83203125, 0.9111328125, 0.0001590251922607422, 6.32421875, 1.224609375, 1.58203125, 5.63671875, 0.0011548995971679688, 7.7734375, 3.451171875, 5.9453125, 2.44140625, 1.5751953125, 3.24609375, 4.49609375, 9.8359375, 3.48046875, 5.14453125, 2.748046875, 3.802734375, 5.859375, 4.69921875, 9.296875, 0.6171875, 5.24609375, 4.11328125, 4.5546875, 6.26953125, 8.84375, 0.30419921875, 1.8662109375, 4.140625, 0.794921875, 8.0, 6.78125, 4.42578125, 6.64453125, 0.00847625732421875, 9.9453125, 4.28125, 5.0390625, 1.8076171875, 0.000843048095703125, 1.9833984375, 3.662109375, 3.982421875, 1.25390625, 0.02850341796875, 8.15625, 1.734375, 10.8125, 3.1484375, 6.09765625, 1.3017578125, 4.3515625, 8.0390625, 4.19140625, 1.7900390625, 2.6171875, 3.9609375, 1.5771484375, 8.921875, 1.912109375, 6.3125, 0.724609375, 2.654296875, 2.33203125, 11.3984375, 2.595703125, 8.0859375, 6.87109375, 0.8271484375, 2.75, 1.3818359375, 1.201171875, 7.4765625, 5.90625, 7.1171875, 3.65234375, 1.484375, 5.484375, 2.115234375, 4.484375, 1.5771484375, 4.05078125, 3.9296875, 3.6796875, 4.41015625, 3.02734375, 3.359375, 8.703125, 0.62939453125, 2.779296875, 3.521484375, 4.6875, 0.00173187255859375, 7.3515625, 4.96875, 1.2734375, 3.416015625, 3.5390625, 5.3671875, 5.234375, 0.089599609375, 2.798828125, 6.27734375, 0.1649169921875, 4.46484375, 0.7138671875, 7.3359375, 9.2890625, 0.04815673828125, 0.30908203125, 6.81640625, 7.84765625, 0.407958984375, 0.7763671875, 1.173828125, 3.806640625, 5.7734375, 0.0511474609375, 0.1290283203125, 0.384521484375, 1.2216796875, 4.62890625, 6.69921875, 4.078125, 1.5859375, 5.86328125, 0.80078125, 1.0546875, 5.125, 0.4775390625, 1.6884765625, 7.296875, 1.2705078125, 0.64013671875, 0.330078125, 10.671875, 3.09765625]",-1.4903183957266677
68,1,test,3.229024606792233,1.4042699236532212,1.944049933495957,6.241468294836206,2.7143510109638487,3.7577062738915754,25.255011386780406,19.05373783125102,21.640434976028082,48.81608908298408,36.829481051869344,41.829377362200624,3.2689312942063986,1.3183407102927915,1.838614229051828,6.3186050016062705,2.548256129041554,3.553906772008716,26.28323528263342,19.2503954462182,22.103210960739816,50.803570637773134,37.20960583201933,42.72388947899098,3.211561461754866,1.3749342705392618,1.928486284788132,6.207713313270077,2.6576473400057683,3.7276228797429143,24.817808043500065,18.542471028059314,21.210090990647807,47.97100701091171,35.84123973106587,40.99755392704485,0.6683417085427136,-0.0016582914572863539,-0.0016582914572863539,0.542713567839196,0.0027135678391959628,0.007713567839196078,0.44221105527638194,0.007211055276381884,0.00221105527638199,0.4177215189873418,0.10966464694942712,0.16824783477681549,0.37777777777777777,0.40703517587939697,0.09625823352350726,0.14326222095452223,0.3434343434343434,0.4147157190635451,0.10419818984818618,0.167774673457316,0.37248322147651003,24.0,7.0,7.0,35.0,11.0,11.0,46.0,15.0,14.0,-0.0012943079698821537,-0.0003624367645825153,-8.438735257463697e-05,0.007127628840525979,0.008455946218983712,0.006885436601189454,"[3.0625, 9.453125, 2.48046875, 1.494140625, 3.81640625, 1.4990234375, 3.68359375, 1.66796875, 10.125, 9.65625, 3.09765625, 2.859375, 0.80517578125, 3.814453125, 9.84375, 5.62109375, 5.21484375, 1.2421875, 3.849609375, 0.79052734375, 3.013671875, 6.69140625, 1.8388671875, 7.25, 0.147705078125, 4.58984375, 1.201171875, 7.7578125, 3.2890625, 5.59375, 1.203125, 2.076171875, 0.39208984375, 10.6328125, 1.0322265625, 6.4296875, 0.2125244140625, 3.947265625, 8.5234375, 2.384765625, 2.57421875, 0.352783203125, 12.5625, 3.384765625, 6.08984375, 2.083984375, 0.16064453125, 10.8125, 0.75732421875, 6.71484375, 10.140625, 2.32421875, 2.880859375, 6.24609375, 2.681640625, 6.9296875, 0.4560546875, 10.0625, 7.64453125, 2.14453125, 2.2890625, 5.109375, 2.7890625, 1.6787109375, 3.3046875, 8.5390625, 11.78125, 3.908203125, 0.77685546875, 1.32421875, 1.052734375, 5.08984375, 5.27734375, 0.01033782958984375, 0.427978515625, 4.671875, 2.37890625, 3.50390625, 4.00390625, 3.0234375, 0.525390625, 0.265869140625, 3.935546875, 0.7998046875, 6.5234375, 8.4375, 0.80517578125, 4.66015625, 1.1748046875, 3.1875, 9.109375, 0.328857421875, 3.263671875, 0.1746826171875, 6.796875, 1.84375, 2.13671875, 0.055877685546875, 6.55859375, 0.13671875, 1.060546875, 7.01953125, 0.1561279296875, 1.9658203125, 8.359375, 1.2236328125, 2.734375, 0.071044921875, 0.78173828125, 1.462890625, 4.17578125, 1.2861328125, 3.60546875, 1.232421875, 1.2646484375, 9.7421875, 6.53125, 6.890625, 1.6630859375, 1.92578125, 2.109375, 12.3828125, 5.73046875, 2.15234375, 6.30078125, 2.376953125, 0.46142578125, 1.3046875, 0.3466796875, 1.6904296875, 0.27490234375, 0.67626953125, 8.25, 4.52734375, 4.6875, 0.00402069091796875, 0.1365966796875, 0.00023615360260009766, 0.00208282470703125, 0.0037670135498046875, 4.03515625, 0.0059814453125, 1.1474609375, 0.0012264251708984375, 11.5546875, 0.3046875, 1.146484375, 2.677734375, 6.109375, 3.857421875, 6.953125, 0.1126708984375, 9.359375, 5.7734375, 0.0020599365234375, 0.0192108154296875, 0.2252197265625, 0.09747314453125, 0.009429931640625, 0.0023288726806640625, 0.5625, 0.16162109375, 0.0047760009765625, 0.00042319297790527344, 0.0013952255249023438, 6.04296875, 9.53125, 1.3251953125, 2.9765625, 0.0006251335144042969, 0.00263214111328125, 5.4140625, 5.44140625, 0.58154296875, 9.2890625, 5.0625, 1.6826171875, 4.8671875, 0.00445556640625, 0.002349853515625, 2.8828125, 2.125, 0.03466796875, 4.11328125, 0.63671875, 0.89404296875, 5.76953125, 0.01358795166015625, 0.0027008056640625, 9.1171875, 0.16064453125, 4.79296875, 0.1846923828125, 3.509765625, 0.0029239654541015625, 0.00010645389556884766, 7.8671875, 0.262451171875, 0.1480712890625, 0.0009813308715820312, 3.2067298889160156e-05, 6.23828125, 3.435546875, 0.29541015625, 0.5859375, 0.00048732757568359375, 4.6484375, 0.96533203125, 8.1796875, 3.416015625, 1.3798828125, 4.48046875, 0.11309814453125, 6.4921875, 0.72705078125, 2.830078125, 0.0361328125, 6.03125, 6.03515625, 5.09375, 0.340576171875, 1.8505859375, 2.470703125, 0.0167083740234375, 3.970703125, 10.796875, 6.87109375, 11.46875, 0.310791015625, 3.033203125, 2.45703125, 2.7265625, 5.0859375, 6.671875, 1.677734375, 5.45703125, 8.8046875, 0.2122802734375, 10.65625, 7.984375, 4.015625, 2.2421875, 4.15234375, 0.318359375, 0.595703125, 4.03125, 6.12890625, 3.591796875, 4.73046875, 0.0333251953125, 1.7529296875, 1.982421875, 6.28515625, 4.58203125, 3.80078125, 1.3369140625, 2.58984375, 4.94921875, 0.0606689453125, 2.740234375, 4.62109375, 6.8984375, 0.50439453125, 0.5390625, 3.884765625, 0.84326171875, 4.68359375, 0.63623046875, 0.266845703125, 0.018280029296875, 2.0703125, 0.0218353271484375, 0.916015625, 0.004833221435546875, 0.1866455078125, 1.6103515625, 0.01119232177734375, 0.1253662109375, 0.009765625, 5.1484375, 0.00901031494140625, 4.95703125, 3.017578125, 0.02435302734375, 2.984375, 0.0232391357421875, 0.72802734375, 6.03515625, 7.28125, 7.51953125, 0.8740234375, 0.11376953125, 3.806640625, 0.017578125, 8.96875, 5.2421875, 0.91943359375, 1.052734375, 3.5234375, 0.044769287109375, 4.53125, 2.498046875, 9.6640625, 0.68701171875, 0.2225341796875, 1.5478515625, 1.736328125, 0.07464599609375, 0.5830078125, 3.294921875, 8.875, 3.0078125, 6.671875, 5.5703125, 6.859375, 4.24609375]",-0.7087459982950475
182,1,test,3.228362030155022,1.4462738244822575,1.9726361650969393,5.386358039616936,2.4130344023447297,3.2912432273275143,25.238283548612387,19.296031432330533,21.72789803263575,42.108793942069866,32.1944481651718,36.251894043755904,3.7491275413551524,1.6690581751008478,2.320020303020267,6.255228839052447,2.7847387734302913,3.870836013595312,42.484000292963685,34.47897611938315,38.30903001872399,70.88239621072016,57.52642004945209,63.916670405571566,3.2053004989655918,1.4322121613825753,1.9709074763509207,5.347881046402485,2.389573231825473,3.2883589979758674,24.662910082010097,18.77389751710508,21.226617946051007,41.14881254324679,31.323294253137888,35.41553368538991,0.7386934673366834,0.003693467336683409,-0.0013065326633165952,0.6030150753768844,0.0030150753768843908,0.013015075376884289,0.4773869346733668,-0.0026130653266331905,0.012386934673366823,0.3890675241157556,0.09051214690869303,0.146286775452654,0.32258064516129037,0.40703517587939697,0.10127076485182807,0.15828726269074922,0.3535353535353535,0.38795986622073575,0.09079792965980082,0.1543669852418703,0.31543624161073824,25.0,8.0,8.0,36.0,10.0,7.0,42.0,3.0,3.0,-0.002824182985664734,-0.00030092055605251066,-0.00042278709909453866,0.009280756915345023,0.0072281363076314165,0.008810379439515792,"[3.0625, 9.453125, 2.48046875, 1.494140625, 1.81640625, 10.234375, 8.5234375, 5.37109375, 7.8359375, 0.52880859375, 0.270751953125, 14.109375, 0.359375, 0.0904541015625, 9.0, 6.3125, 3.771484375, 7.69921875, 4.9453125, 10.046875, 0.257080078125, 1.2822265625, 5.4609375, 3.462890625, 3.251953125, 1.056640625, 15.234375, 1.2080078125, 3.90234375, 7.42578125, 0.4111328125, 0.006397247314453125, 2.78515625, 12.796875, 1.1845703125, 7.37109375, 1.73828125, 2.04296875, 7.328125, 1.234375, 7.8984375, 4.8359375, 2.576171875, 2.01171875, 10.4140625, 12.4765625, 3.70703125, 5.12890625, 0.6162109375, 11.8125, 1.6533203125, 2.63671875, 7.0078125, 6.25, 11.8984375, 3.080078125, 1.388671875, 1.8203125, 1.8125, 1.556640625, 4.265625, 4.296875, 2.33203125, 2.900390625, 3.390625, 0.7998046875, 0.83349609375, 0.309326171875, 2.091796875, 0.7587890625, 0.1549072265625, 0.29345703125, 0.281494140625, 4.23046875, 2.896484375, 0.6201171875, 4.75, 7.5625, 2.12109375, 8.2109375, 0.281982421875, 9.15625, 2.08984375, 5.75, 8.3359375, 3.337890625, 4.9296875, 0.1641845703125, 7.6015625, 0.1409912109375, 2.439453125, 7.08203125, 0.1937255859375, 3.662109375, 7.86328125, 4.703125, 0.88427734375, 0.63671875, 10.6875, 0.92822265625, 3.96484375, 0.28076171875, 1.63671875, 0.10247802734375, 10.8671875, 4.85546875, 0.3916015625, 8.5390625, 6.9609375, 7.60546875, 4.2734375, 1.978515625, 4.76171875, 0.286865234375, 6.95703125, 2.482421875, 2.1484375, 2.29296875, 1.111328125, 7.8203125, 11.296875, 4.3203125, 2.35546875, 5.55078125, 5.4921875, 4.5546875, 6.86328125, 1.125, 1.9228515625, 9.5859375, 8.390625, 4.0390625, 0.221923828125, 1.4404296875, 6.82421875, 3.1015625, 0.3251953125, 9.4921875, 3.0234375, 7.75, 1.8017578125, 1.9697265625, 0.7294921875, 6.0078125, 7.93359375, 2.1484375, 1.9541015625, 1.060546875, 5.93359375, 6.26953125, 0.78466796875, 0.5380859375, 3.876953125, 0.5048828125, 5.5390625, 3.7421875, 2.556640625, 0.66552734375, 4.1640625, 0.059539794921875, 8.703125, 0.001316070556640625, 0.001361846923828125, 0.1085205078125, 2.3828125, 3.0703125, 6.51953125, 7.4296875, 6.125, 3.80078125, 6.73828125, 2.92578125, 1.158203125, 0.261474609375, 0.53466796875, 3.41796875, 0.0018053054809570312, 2.134765625, 0.006656646728515625, 1.7021484375, 0.0011396408081054688, 0.1536865234375, 2.349609375, 0.1328125, 1.3310546875, 0.60107421875, 2.279296875, 12.59375, 2.44140625, 0.0279998779296875, 6.30078125, 0.1448974609375, 3.296875, 0.8857421875, 0.324951171875, 2.408203125, 1.259765625, 1.03515625, 2.1953125, 0.00516510009765625, 0.05438232421875, 3.5234375, 0.0017986297607421875, 0.00882720947265625, 9.75, 0.62890625, 0.2286376953125, 0.5244140625, 6.93359375, 4.54296875, 4.32421875, 6.30859375, 4.2578125, 3.197265625, 4.14453125, 2.0859375, 5.27734375, 0.044342041015625, 0.385009765625, 0.02996826171875, 0.062225341796875, 0.71484375, 5.7265625, 2.123046875, 1.9013671875, 0.9453125, 0.203857421875, 0.0039005279541015625, 0.01513671875, 0.01099395751953125, 0.406494140625, 4.98828125, 0.26513671875, 3.84765625, 0.763671875, 8.2890625, 10.1796875, 3.216796875, 3.39453125, 0.21630859375, 4.625, 7.1875, 3.171875, 7.2421875, 0.552734375, 0.34228515625, 0.1883544921875, 0.00044345855712890625, 0.80859375, 8.8671875, 0.3349609375, 2.216796875, 2.123046875, 1.056640625, 1.1494140625, 0.0224761962890625, 0.147705078125, 1.439453125, 0.0008816719055175781, 0.00312042236328125, 0.0116424560546875, 1.1357421875, 0.0239105224609375, 0.160400390625, 0.001628875732421875, 0.174560546875, 0.019378662109375, 0.57275390625, 0.005092620849609375, 0.0003609657287597656, 0.004329681396484375, 0.00018227100372314453, 7.90625, 1.541015625, 2.583984375, 0.005130767822265625, 4.484375, 2.482421875, 0.278076171875, 8.15625, 0.93896484375, 0.05780029296875, 3.814453125, 0.0019016265869140625, 0.79638671875, 0.1583251953125, 0.004405975341796875, 0.0002465248107910156, 0.0001373291015625, 1.7041015625, 6.94140625, 2.025390625, 1.486328125, 1.4921875, 6.05078125, 3.609375, 0.468017578125, 0.00839996337890625, 0.8466796875, 3.62890625, 3.248046875, 1.609375, 8.484375, 9.4140625, 1.5888671875, 8.359375, 0.11572265625, 2.8046875, 0.51513671875, 1.4921875, 4.375]",-1.689212852352302
476,1,test,3.6515449999960183,1.633108603573512,2.2475056541725147,5.697174921459756,2.5479914338476783,3.506579502321515,38.53415535157725,31.007608159490903,34.46254190213413,60.12135232863884,48.378362468734494,53.76878265359146,3.536070958453806,1.5079532530465083,2.0977288489073675,5.517011233608556,2.3527228764809394,3.272896319237673,34.33176292455134,26.731995039332617,30.118058761557524,53.56474006029476,41.70751058492733,46.99047911489079,3.6515449999960183,1.633108603573512,2.2475056541725147,5.697174921459756,2.5479914338476783,3.506579502321515,38.53415535157725,31.007608159490903,34.46254190213413,60.12135232863884,48.378362468734494,53.76878265359146,0.6733668341708543,0.008366834170854265,0.0033668341708543714,0.5477386934673367,-0.002261306532663321,-0.007261306532663214,0.48743718592964824,0.00743718592964826,-0.002562814070351749,0.43434343434343436,0.12005772005772009,0.18798285203660348,0.45270270270270274,0.44221105527638194,0.13143411292049223,0.19847148933314318,0.4545454545454546,0.43434343434343436,0.12005772005772009,0.18798285203660348,0.45270270270270274,25.0,4.0,5.0,36.0,5.0,5.0,44.0,2.0,3.0,0.0006412200324083347,0.0003263582111948358,-4.652069583939086e-05,0.013503756345054185,0.01561546478984166,0.01678046930176169,"[3.0625, 6.44921875, 0.0345458984375, 0.00528717041015625, 0.01554107666015625, 0.64697265625, 3.7421875, 0.11517333984375, 13.78125, 10.0859375, 5.3125, 7.265625, 1.966796875, 0.0007224082946777344, 0.3681640625, 0.290283203125, 4.34375, 0.05438232421875, 7.2421875, 4.140625, 9.03125, 4.96484375, 1.16015625, 0.409423828125, 0.509765625, 0.0012960433959960938, 1.3671875, 0.0005803108215332031, 0.54833984375, 9.359375, 4.1484375, 6.20703125, 0.008758544921875, 8.5859375, 1.158203125, 9.1171875, 1.103515625, 1.3974609375, 6.8125, 0.11956787109375, 1.1123046875, 10.140625, 8.4609375, 3.06640625, 5.45703125, 6.203125, 0.363037109375, 0.015777587890625, 0.0010595321655273438, 0.0049896240234375, 0.0004107952117919922, 3.779296875, 12.3203125, 10.1015625, 3.271484375, 4.0234375, 0.2900390625, 9.171875, 3.921875, 2.005859375, 6.48828125, 6.53125, 0.07916259765625, 1.5390625, 0.480712890625, 0.006744384765625, 0.88525390625, 0.0005011558532714844, 0.00830078125, 0.81494140625, 0.0031108856201171875, 0.0015277862548828125, 0.002544403076171875, 3.173828125, 0.81201171875, 0.27392578125, 3.612041473388672e-05, 0.006885528564453125, 3.349609375, 1.236328125, 0.1551513671875, 0.0004088878631591797, 0.00307464599609375, 7.34375, 1.4833984375, 6.91796875, 0.00449371337890625, 0.94091796875, 0.7353515625, 0.7294921875, 0.73583984375, 0.005725860595703125, 0.0008473396301269531, 0.00017571449279785156, 8.171875, 9.6015625, 10.796875, 0.923828125, 5.40234375, 2.10546875, 1.1240234375, 8.3515625, 0.265380859375, 6.68359375, 9.2421875, 5.36328125, 1.30078125, 1.8896484375, 5.4140625, 9.1953125, 0.03961181640625, 0.80078125, 5.87890625, 8.28125, 4.2890625, 0.849609375, 2.0234375, 6.1953125, 8.171875, 4.2890625, 1.978515625, 1.072265625, 1.9814453125, 5.38671875, 3.171875, 0.0599365234375, 3.435546875, 2.4609375, 1.2998046875, 1.4169921875, 4.5703125, 0.443603515625, 3.873046875, 1.630859375, 4.5703125, 2.23828125, 1.5771484375, 0.89111328125, 7.24609375, 2.8046875, 0.578125, 3.84765625, 0.88916015625, 5.3828125, 7.08984375, 1.978515625, 2.04296875, 5.9453125, 6.28515625, 12.625, 1.2060546875, 6.41796875, 6.19921875, 6.9140625, 6.21484375, 1.1328125, 8.1015625, 2.841796875, 0.73486328125, 6.48046875, 0.27685546875, 1.0771484375, 5.90234375, 0.54931640625, 4.703125, 5.0546875, 0.017974853515625, 2.08984375, 6.76171875, 8.2265625, 3.890625, 8.1328125, 4.1875, 6.0546875, 3.580078125, 2.53125, 3.048828125, 5.39453125, 1.9306640625, 5.06640625, 5.12109375, 0.33056640625, 2.537109375, 3.6328125, 4.1953125, 0.15234375, 12.875, 0.62939453125, 9.6015625, 3.390625, 4.86328125, 6.6015625, 2.91015625, 8.71875, 7.30078125, 4.62890625, 3.91015625, 0.0379638671875, 7.3359375, 4.06640625, 1.970703125, 3.138671875, 8.5703125, 5.3046875, 2.53515625, 2.8359375, 0.064697265625, 1.2255859375, 7.08984375, 4.859375, 2.240234375, 3.92578125, 1.5732421875, 3.2734375, 8.6484375, 1.7490234375, 0.337646484375, 9.9140625, 2.869140625, 4.37109375, 1.2744140625, 6.65234375, 6.24609375, 3.88671875, 3.595703125, 3.388671875, 7.30078125, 3.986328125, 2.80078125, 5.19140625, 1.2021484375, 1.3515625, 8.78125, 3.494140625, 4.55078125, 1.1474609375, 8.2734375, 3.30859375, 1.3173828125, 9.765625, 0.08404541015625, 7.171875, 0.142822265625, 0.171875, 1.5146484375, 5.66015625, 1.3955078125, 13.515625, 8.53125, 6.75, 1.4755859375, 9.015625, 0.85986328125, 4.140625, 8.796875, 12.359375, 1.8798828125, 11.7734375, 0.88671875, 6.62890625, 0.364013671875, 1.4462890625, 5.55859375, 2.314453125, 2.8515625, 0.736328125, 3.849609375, 3.107421875, 5.5859375, 7.8046875, 8.234375, 2.44140625, 4.39453125, 1.8193359375, 5.8984375, 1.1640625, 7.41015625, 3.310546875, 1.0234375, 2.25390625, 0.292236328125, 0.7734375, 0.7734375, 0.95458984375, 2.34765625, 5.515625, 3.1484375, 0.6953125, 5.75390625, 0.7353515625, 4.921875, 0.69775390625, 2.845703125, 3.7265625, 1.7919921875, 4.56640625, 0.25048828125]",-1.0928698063699485
38,1,test,3.407222471594467,1.572436909140957,2.1284697162680906,5.899071741865048,2.7224280814977764,3.6851117475686346,30.18129831885429,23.91750750937717,26.589141686687316,52.25418813413579,41.40941598638436,46.034931875458646,3.6642051821378008,1.6693516763244125,2.2972749574771596,6.343997031760969,2.890220812740774,3.9773715681694113,39.025105981753214,31.6739799299775,35.10181740532933,67.56585513258766,54.83853241608045,60.773295806241826,3.5227622411721526,1.5956882617546033,2.226330575613714,6.099110745909996,2.7626841546796115,3.8545424891222515,33.87787820907867,27.008497352408334,30.221651486299333,58.65423689930039,46.76098049073682,52.32405331956303,0.7386934673366834,0.003693467336683409,-0.011306532663316604,0.6030150753768844,-0.0019849246231156137,0.0030150753768843908,0.48743718592964824,0.0024371859296482556,-0.012562814070351758,0.41498559077809793,0.10994961955507632,0.17940396809970105,0.3728323699421965,0.4321608040201005,0.11637133033588998,0.19342958532227073,0.38888888888888884,0.4247491638795987,0.1125621855824368,0.18670689469161206,0.3926174496644296,23.0,6.0,6.0,36.0,9.0,9.0,46.0,10.0,9.0,-0.000843734113731231,-0.00030716218923464356,-0.0003710638695151024,-0.00031748659871144724,8.228337184501555e-05,-0.00015057161927245488,"[3.056640625, 9.4453125, 2.4296875, 4.078125, 3.345703125, 9.328125, 5.453125, 2.599609375, 3.8125, 9.84375, 1.3720703125, 5.36328125, 3.439453125, 2.86328125, 4.3984375, 1.7177734375, 0.027191162109375, 7.6796875, 0.94091796875, 3.51171875, 5.01953125, 9.015625, 5.0859375, 6.04296875, 2.283203125, 7.70703125, 6.5703125, 7.703125, 3.40234375, 2.4375, 4.1328125, 0.96630859375, 8.8671875, 1.216796875, 2.169921875, 8.5546875, 5.83984375, 0.7744140625, 4.16796875, 0.0023403167724609375, 5.3515625, 1.416015625, 7.765625, 3.892578125, 0.084716796875, 1.1640625, 6.6328125, 12.9140625, 2.283203125, 6.16015625, 2.671875, 6.8359375, 0.355224609375, 0.89697265625, 3.935546875, 0.0198822021484375, 1.962890625, 5.578125, 2.03515625, 0.63720703125, 8.3515625, 12.75, 5.77734375, 1.904296875, 10.171875, 4.52734375, 0.5166015625, 1.568359375, 8.3046875, 2.580078125, 6.40234375, 4.8359375, 0.03533935546875, 0.363037109375, 0.449462890625, 0.69140625, 0.050537109375, 0.360107421875, 4.0703125, 2.162109375, 4.59765625, 2.37109375, 12.3984375, 0.147705078125, 0.14453125, 8.6171875, 0.2132568359375, 0.344970703125, 5.328125, 6.55078125, 3.177734375, 1.35546875, 2.677734375, 1.74609375, 6.94140625, 0.3037109375, 1.8935546875, 4.0546875, 2.65625, 8.375, 0.0118255615234375, 4.53515625, 6.19921875, 0.027801513671875, 2.2421875, 0.6669921875, 6.46875, 10.8671875, 7.3515625, 1.451171875, 9.2578125, 2.828125, 4.859375, 2.419921875, 6.0546875, 4.87109375, 3.17578125, 3.7421875, 6.8828125, 0.6416015625, 4.62890625, 5.22265625, 0.99462890625, 3.025390625, 1.3388671875, 5.7265625, 3.533203125, 1.8505859375, 1.4912109375, 4.89453125, 0.962890625, 1.7490234375, 1.8740234375, 0.0372314453125, 3.181640625, 0.47314453125, 1.380859375, 4.36328125, 0.06451416015625, 0.41357421875, 9.265625, 4.62890625, 0.070556640625, 0.150390625, 2.23046875, 2.818359375, 5.015625, 0.34716796875, 5.87109375, 1.572265625, 0.12164306640625, 10.7109375, 8.4375, 12.4609375, 2.615234375, 7.66015625, 0.307373046875, 0.426513671875, 0.0268707275390625, 9.2578125, 3.490234375, 7.30859375, 0.78662109375, 5.0703125, 0.0909423828125, 7.20703125, 7.875, 1.552734375, 0.1810302734375, 1.96484375, 1.009765625, 5.84375, 0.00923919677734375, 0.1510009765625, 0.0091552734375, 7.2265625, 0.09710693359375, 5.99609375, 7.265625, 0.06884765625, 1.4296875, 1.392578125, 0.0706787109375, 9.890625, 0.421875, 2.3203125, 1.2080078125, 1.0771484375, 0.007114410400390625, 0.60107421875, 9.2109375, 2.783203125, 6.27734375, 0.93017578125, 3.2265625, 5.71484375, 0.27880859375, 1.298828125, 3.580078125, 7.2578125, 0.5556640625, 0.23095703125, 0.2880859375, 0.021270751953125, 7.33203125, 0.19677734375, 0.004001617431640625, 3.390625, 8.796875, 0.0157928466796875, 3.353515625, 0.032562255859375, 2.01171875, 10.890625, 0.1383056640625, 0.71484375, 2.9140625, 0.078369140625, 0.477294921875, 3.34375, 8.515625, 0.0127410888671875, 6.42578125, 4.31640625, 0.90966796875, 0.0506591796875, 0.07183837890625, 2.404296875, 0.21142578125, 0.13232421875, 5.99609375, 8.4765625, 8.796875, 5.0390625, 5.47265625, 9.25, 0.03546142578125, 0.1898193359375, 1.2900390625, 10.1875, 7.59375, 5.265625, 7.79296875, 1.1630859375, 0.0038814544677734375, 6.109375, 0.0161590576171875, 5.41015625, 0.408447265625, 0.044769287109375, 5.23046875, 0.0843505859375, 3.822265625, 2.8671875, 0.0341796875, 1.853515625, 0.216552734375, 3.259765625, 0.0016193389892578125, 1.0341796875, 0.056488037109375, 0.0189361572265625, 7.43359375, 1.146484375, 3.041015625, 0.169189453125, 4.3203125, 0.035614013671875, 10.28125, 2.8828125, 6.51953125, 5.046875, 0.07965087890625, 3.015625, 0.9775390625, 0.00396728515625, 2.302734375, 6.4296875, 3.548828125, 10.0859375, 4.640625, 2.40625, 3.23828125, 7.00390625, 9.171875, 3.50390625, 4.70703125, 2.11328125, 4.15625, 1.1953125, 6.0703125, 3.76953125, 7.51953125, 0.0051727294921875, 2.94921875, 4.35546875, 1.45703125, 2.671875, 0.042236328125, 0.95068359375, 0.030914306640625, 8.3046875, 0.0096282958984375, 0.57373046875, 1.30859375, 6.15625, 3.494140625, 0.2802734375, 0.019775390625, 2.060546875, 0.024566650390625, 2.046875, 0.9189453125, 5.87890625, 0.006938934326171875, 1.263671875, 0.020172119140625, 0.006557464599609375, 2.34765625, 0.423828125, 6.4296875, 4.375, 10.2421875, 6.2265625, 1.6337890625, 0.29345703125, 12.328125, 1.787109375, 3.818359375, 0.12017822265625, 0.0028896331787109375, 0.529296875, 9.4453125, 0.2186279296875, 0.01389312744140625, 7.61328125, 6.2734375, 0.0004496574401855469, 0.361083984375, 8.3359375, 0.14306640625, 3.05859375, 7.80078125, 1.24609375, 0.0224609375, 3.73046875, 0.003696441650390625]",-0.9618928810361482
426,1,test,3.190395726516784,1.402533157599425,1.931139702118532,5.402403430235088,2.3749561468683598,3.270063228920714,24.29804091991317,18.321376823401316,20.775241284702314,41.144682624386306,31.02419808762623,35.17940857542926,3.296498297446936,1.3839123305790255,1.9509877937623972,5.582070450343479,2.3434248797804833,3.303672664104326,27.017864556388744,20.247289894781435,23.17771810719016,45.75025064881828,34.28541088849657,39.24760266150868,3.190395726516784,1.402533157599425,1.931139702118532,5.402403430235088,2.3749561468683598,3.270063228920714,24.29804091991317,18.321376823401316,20.775241284702314,41.144682624386306,31.02419808762623,35.17940857542926,0.6783919597989949,-0.0016080402010050232,-0.0016080402010050232,0.5577889447236181,-0.012211055276381999,-0.00221105527638199,0.4824120603015075,0.002412060301507535,0.012412060301507544,0.40711462450592883,0.09153277046253638,0.1561290791708434,0.38888888888888884,0.44221105527638194,0.12140905026385063,0.1867853457605222,0.41414141414141414,0.40711462450592883,0.09153277046253638,0.1561290791708434,0.38888888888888884,26.0,10.0,10.0,36.0,7.0,7.0,45.0,10.0,9.0,-0.00018699072025612058,-0.0001263565290505793,-0.00012134781980363032,6.550611697964115e-05,0.000128814918206821,-0.00012090384720320202,"[3.0625, 9.453125, 2.48046875, 1.494140625, 6.81640625, 0.89306640625, 0.1025390625, 6.59765625, 8.4296875, 0.30126953125, 0.59619140625, 7.2734375, 5.02734375, 2.484375, 1.583984375, 0.69287109375, 4.15234375, 8.34375, 2.69140625, 6.64453125, 2.95703125, 0.7490234375, 7.75390625, 2.34375, 4.66015625, 1.3203125, 0.003681182861328125, 8.640625, 0.1300048828125, 0.74755859375, 4.52734375, 0.171142578125, 2.361328125, 7.6328125, 1.48046875, 1.001953125, 6.05078125, 0.2469482421875, 6.25, 6.61328125, 3.330078125, 5.64453125, 0.0418701171875, 1.0927734375, 6.33984375, 0.267333984375, 5.23046875, 1.728515625, 3.400390625, 5.1171875, 9.875, 0.285888671875, 1.056640625, 5.08984375, 0.2685546875, 1.5185546875, 3.470703125, 6.03125, 0.87939453125, 4.52734375, 1.5380859375, 2.720703125, 0.364501953125, 3.146484375, 0.339599609375, 6.19140625, 6.79296875, 0.312255859375, 3.453125, 4.2421875, 0.859375, 3.048828125, 3.361328125, 4.125, 0.86962890625, 4.984375, 4.83203125, 0.56298828125, 1.9794921875, 6.64453125, 3.26953125, 2.212890625, 0.40673828125, 5.109375, 0.0226593017578125, 4.96875, 9.71875, 4.95703125, 6.828125, 0.6513671875, 0.67041015625, 6.94921875, 0.3427734375, 2.953125, 6.16015625, 2.4921875, 0.022857666015625, 0.60107421875, 1.0419921875, 3.646484375, 4.52734375, 4.67578125, 1.529296875, 2.580078125, 7.2265625, 0.9111328125, 1.3154296875, 3.064453125, 1.921875, 6.953125, 4.80078125, 0.493896484375, 4.65234375, 0.603515625, 6.7578125, 0.0186920166015625, 8.09375, 3.40625, 2.275390625, 3.62109375, 7.69921875, 7.9921875, 1.0341796875, 10.109375, 5.93359375, 0.00533294677734375, 0.1346435546875, 0.0004754066467285156, 0.003528594970703125, 0.006252288818359375, 8.78125, 1.4453125, 9.109375, 2.9453125, 0.042877197265625, 0.255859375, 0.090576171875, 6.69921875, 3.1015625, 7.76171875, 4.25, 1.1787109375, 0.461181640625, 5.46875, 0.8583984375, 7.0859375, 0.11895751953125, 0.4462890625, 8.328125, 0.59814453125, 3.71484375, 6.4453125, 8.8359375, 1.89453125, 1.681640625, 0.005443572998046875, 2.453125, 0.0009274482727050781, 0.0119171142578125, 0.004589080810546875, 0.0379638671875, 2.689453125, 0.60107421875, 0.28125, 0.0006227493286132812, 0.0159759521484375, 0.001384735107421875, 0.29248046875, 0.0007119178771972656, 2.55859375, 3.115234375, 11.7890625, 7.1328125, 8.6875, 5.48046875, 0.176025390625, 0.0014171600341796875, 0.023101806640625, 0.0023593902587890625, 4.05078125, 3.10546875, 10.4140625, 0.9130859375, 4.109375, 5.8125, 2.17578125, 9.1015625, 6.59765625, 0.1722412109375, 3.943359375, 2.95703125, 2.623046875, 5.84375, 6.6640625, 1.029296875, 0.86572265625, 1.8876953125, 2.5703125, 4.9609375, 6.359375, 0.65673828125, 5.98828125, 2.384765625, 2.6875, 0.465576171875, 0.1754150390625, 3.470703125, 5.3203125, 0.02447509765625, 2.544921875, 4.921875, 0.84765625, 8.125, 2.73828125, 0.8115234375, 5.18359375, 2.0625, 2.669921875, 2.67578125, 1.873046875, 0.0229949951171875, 5.97265625, 1.765625, 1.4755859375, 8.2890625, 4.0546875, 0.5380859375, 5.33203125, 3.328125, 3.880859375, 2.03125, 2.43359375, 4.47265625, 0.263427734375, 2.880859375, 1.9365234375, 0.3212890625, 6.6171875, 0.59130859375, 3.05859375, 6.3359375, 9.3984375, 5.5078125, 0.0167694091796875, 0.093017578125, 1.310546875, 2.986328125, 1.1669921875, 2.275390625, 0.6484375, 0.79443359375, 0.349853515625, 2.5703125]",-1.2408481699675908
451,1,test,3.11247838581247,1.3841657931040565,1.5955531309375552,5.3544168399609156,2.3811894295161737,2.744840443643534,22.47668131548131,16.84553746166311,17.918492956563078,38.666781266862486,28.979487817190563,30.825300143665988,4.048475677643589,1.7879118490509778,2.500767922941666,6.964619077632075,3.0757563993252455,4.302087346363249,57.31003146778017,47.72153755780683,52.60934876206746,98.5908204177521,82.09567189063321,90.50420534164095,3.38764235805907,1.5374304000017747,2.120697458616739,5.827783213672499,2.6448515310375353,3.648249651030328,29.59609296105667,23.234925280592666,26.04610256040342,50.914351492392505,39.97119329879734,44.80727988360587,0.7839195979899498,0.00891959798994979,0.00891959798994979,0.6834170854271358,-0.0015829145728643024,0.003417085427135813,0.5728643216080402,-0.007135678391959832,-0.012135678391959726,0.4330357142857143,0.12757306099697407,0.1603084415584416,0.3780760626398211,0.4623115577889447,0.1064218334781678,0.20521639919128198,0.43939393939393945,0.4448160535117057,0.1376374224599528,0.2134478666374009,0.3691275167785235,25.0,1.0,5.0,36.0,2.0,6.0,46.0,2.0,1.0,0.0005316600690874486,-0.0014544371872271269,-0.00046066083934059187,0.011302046482501105,0.016514392603077077,0.01350612420845465,"[3.068359375, 9.421875, 2.39453125, 1.125, 7.91015625, 5.5078125, 0.75830078125, 6.5390625, 7.97265625, 0.1885986328125, 0.44384765625, 4.8984375, 4.35546875, 3.501953125, 10.28125, 2.2734375, 2.15625, 4.99609375, 0.51806640625, 3.568359375, 8.3515625, 8.34375, 0.39501953125, 6.48046875, 0.93505859375, 10.1328125, 1.615234375, 4.125, 0.8271484375, 6.453125, 1.73828125, 1.080078125, 4.8125, 2.869140625, 7.3828125, 2.0234375, 7.2109375, 2.70703125, 4.53125, 4.125, 7.8515625, 0.673828125, 2.8984375, 6.51953125, 3.291015625, 0.259033203125, 0.60400390625, 4.421875, 7.96484375, 5.296875, 4.37109375, 0.68603515625, 0.033599853515625, 0.159912109375, 3.171875, 5.12109375, 1.3662109375, 3.142578125, 0.009307861328125, 8.6015625, 4.078125, 1.439453125, 1.37890625, 3.66796875, 4.73828125, 1.3076171875, 1.4267578125, 4.58203125, 5.36328125, 2.15234375, 10.109375, 4.0703125, 2.63671875, 8.6640625, 3.603515625, 3.564453125, 4.58984375, 4.3671875, 3.900390625, 6.51171875, 8.3203125, 5.5, 9.3671875, 3.931640625, 2.6953125, 3.896484375, 1.041015625, 0.671875, 4.06640625, 3.017578125, 0.96435546875, 3.123046875, 2.412109375, 7.54296875, 4.4140625, 0.533203125, 6.49609375, 0.85302734375, 0.65576171875, 4.109375, 1.5947265625, 4.98828125, 0.12042236328125, 0.9111328125, 6.578125, 7.91015625, 8.0703125, 4.7890625, 1.822265625, 11.59375, 1.037109375, 0.276123046875, 2.7890625, 5.1015625, 0.65576171875, 0.60546875, 5.59765625, 2.103515625, 3.1875, 10.21875, 0.360595703125, 2.4921875, 8.5859375, 10.078125, 1.416015625, 6.1875, 0.002239227294921875, 5.33203125, 0.17919921875, 0.0033130645751953125, 10.453125, 10.7890625, 6.65234375, 9.3203125, 2.4765625, 4.09375, 8.703125, 14.171875, 9.25, 2.94921875, 6.96484375, 5.13671875, 6.078125, 13.5546875, 4.453125, 9.8515625, 2.671875, 7.42578125, 0.5986328125, 10.4296875, 2.96484375, 4.12109375, 6.44140625, 0.157958984375, 7.69140625, 3.916015625, 0.146240234375, 1.9951171875, 6.70703125, 4.7265625, 3.49609375, 0.4873046875, 1.458984375, 3.486328125, 0.00359344482421875, 3.548828125, 2.931640625, 8.953125, 1.3818359375, 0.2169189453125, 2.53515625, 7.1640625, 2.451171875, 0.693359375, 0.092041015625, 4.45703125, 0.0183563232421875, 5.98046875, 6.3515625, 4.2265625, 6.48046875, 0.354736328125, 0.2060546875, 0.35205078125, 0.415771484375, 0.037017822265625, 5.6953125, 0.383544921875, 4.07421875, 0.031585693359375, 5.11328125, 7.46484375, 6.390625, 3.412109375, 1.1044921875, 1.3349609375, 4.7109375, 3.16796875, 0.50927734375, 5.13671875, 1.0029296875, 2.6640625, 0.125732421875, 3.001953125, 0.02935791015625, 8.203125, 0.475341796875, 0.0236968994140625, 0.50927734375, 0.8212890625, 0.361572265625, 0.859375, 1.2314453125, 2.626953125, 0.00868988037109375, 8.390625, 7.16796875, 0.14892578125, 0.98193359375, 1.0185546875, 1.1650390625, 1.7333984375, 0.7802734375, 4.24609375, 0.120361328125, 3.98046875, 5.51171875, 0.3291015625, 0.88720703125, 0.427978515625, 0.34521484375, 7.88671875, 2.564453125, 0.028900146484375, 0.341064453125, 0.7451171875, 0.004276275634765625, 4.97265625, 0.73828125, 0.0215301513671875, 6.25390625, 0.5751953125, 0.178955078125, 0.1011962890625, 1.3798828125, 0.032318115234375, 0.0010728836059570312, 4.1875, 0.494384765625, 0.0098419189453125, 3.177734375, 9.71875, 0.424560546875, 1.4345703125, 0.77783203125, 0.8896484375, 1.2607421875, 4.3515625, 3.462890625, 0.0012073516845703125, 8.4140625, 4.90625, 7.67578125, 5.4453125, 6.234375, 3.376953125, 5.58203125, 5.36328125, 1.5888671875, 2.708984375, 0.93798828125, 0.3359375, 0.0008044242858886719, 2.8359375, 0.00908660888671875, 0.00705718994140625, 1.8466796875, 0.014068603515625, 0.0506591796875, 0.07843017578125, 0.08026123046875, 0.0008144378662109375, 0.0005574226379394531, 0.018798828125, 0.0003933906555175781, 0.01873779296875, 2.310546875, 0.433837890625, 0.110107421875, 0.28125, 5.1796875, 0.043670654296875, 0.0005021095275878906, 0.8193359375, 0.0004267692565917969, 7.12890625, 4.4921875, 5.40625, 0.04449462890625, 0.00020444393157958984, 0.1527099609375, 0.4228515625, 0.169189453125, 0.00061798095703125, 0.228515625, 0.08953857421875, 0.0102081298828125, 6.71875, 2.177734375, 7.625, 0.2176513671875, 0.080810546875, 4.3828125, 0.0284423828125, 5.8828125, 5.13671875, 0.1368408203125, 0.0184173583984375, 0.06378173828125, 1.16796875, 0.272705078125, 5.8125, 4.16015625, 3.765625, 8.84375, 1.4326171875, 1.302734375, 0.8857421875, 0.26416015625, 0.52880859375, 1.1416015625, 0.003032684326171875, 0.9638671875, 0.00043511390686035156, 4.93359375, 3.8359375, 6.9296875, 5.02734375, 6.09375, 5.33203125, 1.0, 5.6640625, 4.9765625, 1.578125, 0.12841796875, 0.42578125, 0.452392578125, 0.10809326171875, 0.0006680488586425781, 0.20947265625, 0.02520751953125, 0.0241241455078125, 6.64453125, 0.34619140625, 6.2734375, 3.41796875, 0.0175933837890625, 4.55859375, 8.5234375, 7.9375, 4.4921875, 1.125, 7.29296875, 0.46630859375, 1.8994140625, 2.33203125, 9.1171875, 1.646484375, 2.673828125, 2.91015625, 1.1435546875, 4.44140625, 0.412109375, 2.220703125, 0.54296875, 0.008758544921875, 6.984375, 5.609375, 0.61572265625, 3.966796875, 2.51171875, 0.296630859375, 0.96630859375, 0.0548095703125, 5.71875, 0.5478515625, 2.19921875, 0.08160400390625, 0.419677734375, 0.01203155517578125, 5.6171875, 3.296875, 0.99072265625, 0.294677734375, 2.240234375, 0.0142059326171875, 3.509765625, 0.06634521484375, 2.98046875, 3.703125, 0.65087890625, 3.73046875, 0.1583251953125, 4.71875, 4.1328125, 3.40234375, 1.0205078125, 4.80859375, 0.007015228271484375, 2.45703125, 0.446044921875, 2.84375, 4.2421875, 2.11328125, 0.0728759765625, 2.482421875, 0.037078857421875, 0.449462890625, 0.04296875, 0.08984375, 0.0227813720703125, 3.892578125, 0.80322265625, 6.66015625, 0.57080078125, 0.0004608631134033203, 0.007015228271484375, 0.0011816024780273438, 0.0006008148193359375, 7.42578125, 9.21875, 7.50390625, 1.3603515625, 5.11328125, 0.80078125, 8.9765625, 1.93359375, 1.8271484375, 5.29296875, 3.4921875, 1.48046875, 0.6005859375, 4.15625, 2.22265625, 10.8203125, 7.70703125, 9.640625, 5.9765625]",-1.9093664780791317
165,1,test,3.5099125833404496,1.4434364055046518,1.9591923933174022,6.07028359824097,2.4963779380225377,3.388361723708357,33.44534397590412,25.548397380604708,28.730479417342856,57.84267219021099,44.185151025393644,49.688461987481844,3.6535732662258438,1.5200350299304737,2.1364551211158296,6.318740238207014,2.628852853696181,3.694932045214816,38.61239219332241,30.167698859183545,34.0533245195771,66.77891983192957,52.17408788206623,58.89415544931691,3.5584508515520636,1.5506300017274355,2.126512042084031,6.154229008964438,2.681765896707352,3.6777358022516085,35.1087663044365,27.661694938777746,30.921957552049896,60.71950887433945,47.84003279266876,53.47855460692687,0.7386934673366834,-0.011306532663316604,-0.0013065326633165952,0.6281407035175879,-0.006859296482412125,0.003140703517587884,0.5175879396984925,-0.007412060301507539,-0.012412060301507544,0.4425770308123249,0.08593367416896824,0.15714203569991048,0.4466292134831461,0.44723618090452266,0.10889031624286849,0.17678542965243582,0.46464646464646464,0.45150501672240806,0.11260685311639806,0.17675529480917118,0.4563758389261745,28.0,18.0,19.0,38.0,16.0,19.0,52.0,22.0,25.0,0.00047599875234462886,-0.00041287604220868474,0.00014219036341490978,0.010829912116980367,0.010286019649945466,0.009827114456100183,"[3.056640625, 6.44140625, 0.03302001953125, 0.005214691162109375, 0.009490966796875, 0.62646484375, 10.7578125, 8.671875, 5.84375, 1.955078125, 3.880859375, 0.11639404296875, 3.076171875, 11.21875, 5.5703125, 3.328125, 1.8330078125, 0.0194549560546875, 3.63671875, 0.1468505859375, 10.8671875, 5.5078125, 5.578125, 3.28515625, 3.072265625, 0.50537109375, 1.82421875, 0.027191162109375, 2.7109375, 0.09747314453125, 3.724609375, 7.54296875, 2.73046875, 4.97265625, 1.1005859375, 0.332763671875, 3.462890625, 0.0200958251953125, 2.37890625, 0.0149993896484375, 10.734375, 2.79296875, 0.003658294677734375, 2.359375, 0.0007457733154296875, 2.556640625, 0.0289764404296875, 0.09954833984375, 4.28515625, 4.8828125, 0.08050537109375, 1.5126953125, 0.057586669921875, 0.0009002685546875, 0.024932861328125, 0.0015859603881835938, 0.2418212890625, 4.046875, 9.9765625, 1.58203125, 8.953125, 0.153076171875, 1.3935546875, 4.6953125, 1.0, 6.41015625, 7.08203125, 4.328125, 3.78125, 3.767578125, 3.16796875, 9.1328125, 7.6171875, 5.2734375, 8.21875, 0.73095703125, 3.71484375, 0.134765625, 0.0007734298706054688, 0.0009427070617675781, 0.00231170654296875, 5.817413330078125e-05, 0.47314453125, 0.33984375, 0.0012969970703125, 0.0005588531494140625, 0.00013458728790283203, 2.248046875, 1.4619140625, 0.3154296875, 6.45703125, 8.796875, 2.2734375, 0.43798828125, 0.2685546875, 0.2301025390625, 0.0179901123046875, 0.0645751953125, 0.0210113525390625, 2.419921875, 0.98095703125, 4.828125, 6.63671875, 7.734375, 7.6171875, 7.4765625, 6.0703125, 8.578125, 2.986328125, 6.96875, 0.178955078125, 6.75390625, 0.05792236328125, 3.615234375, 2.607421875, 3.669921875, 8.265625, 2.736328125, 7.84375, 1.8515625, 4.16015625, 0.82568359375, 8.609375, 7.3828125, 5.0234375, 4.62109375, 3.11328125, 3.119140625, 1.9970703125, 5.80859375, 2.470703125, 5.65625, 8.75, 5.1015625, 7.35546875, 3.099609375, 1.65234375, 9.4453125, 8.1875, 4.13671875, 2.548828125, 4.84375, 0.68310546875, 7.20703125, 0.0499267578125, 4.015625, 2.876953125, 2.388671875, 1.0517578125, 1.962890625, 3.666015625, 9.2109375, 6.5859375, 7.1484375, 11.2421875, 3.736328125, 6.8359375, 2.537109375, 7.8046875, 1.4140625, 6.03125, 5.62890625, 7.80859375, 8.015625, 4.56640625, 2.0390625, 3.123046875, 0.779296875, 2.29296875, 2.275390625, 4.98046875, 3.291015625, 6.31640625, 0.32568359375, 2.83203125, 6.23046875, 4.90625, 1.5341796875, 1.837890625, 1.4248046875, 2.7265625, 4.58984375, 7.33984375, 8.5859375, 5.59765625, 7.4765625, 1.6865234375, 2.04296875, 6.09765625, 5.22265625, 4.328125, 0.3564453125, 3.85546875, 7.765625, 6.24609375, 4.69921875, 6.296875, 1.99609375, 0.71630859375, 0.01404571533203125, 7.24609375, 1.4228515625, 2.00390625, 1.6796875, 6.33984375, 1.0849609375, 1.900390625, 6.02734375, 3.40234375, 2.68359375, 6.0546875, 0.70654296875, 3.958984375, 0.75634765625, 2.6953125, 9.7890625, 4.640625, 9.5703125, 8.8125, 1.4404296875, 1.7353515625, 7.37109375, 1.8974609375, 0.2222900390625, 2.6484375, 6.76953125, 5.49609375, 0.06707763671875, 5.96484375, 3.43359375, 3.7578125, 4.7734375, 4.484375, 0.541015625, 2.615234375, 1.244140625, 0.845703125, 0.381103515625, 0.56005859375, 4.4375, 0.238037109375, 3.08203125, 1.58984375, 2.0078125, 0.85498046875, 2.90234375, 0.91650390625, 4.234375, 1.775390625, 7.23046875, 3.111328125, 4.07421875, 1.4609375, 2.662109375, 6.75390625, 1.4921875, 1.5234375, 8.3984375, 7.49609375, 0.60791015625, 2.650390625, 2.1640625, 3.671875, 3.8359375, 3.89453125, 0.03802490234375, 4.25, 2.177734375, 4.43359375, 8.796875, 4.9765625, 2.41796875, 1.39453125, 4.63671875, 0.000904083251953125, 2.029296875, 3.357421875, 4.69140625, 0.42626953125, 0.92626953125, 5.89453125, 9.4375, 6.1640625, 5.6484375, 0.20703125, 4.234375, 3.2421875, 7.5078125, 0.83837890625, 0.355712890625, 0.1429443359375, 0.97314453125, 2.81640625, 7.05078125, 3.775390625, 5.99609375, 0.06414794921875, 1.6240234375, 2.58984375, 1.87890625, 2.900390625, 4.578125, 4.0546875, 0.0066375732421875, 3.583984375, 5.6328125, 2.75, 4.5, 4.203125, 0.34228515625, 0.302734375, 0.2724609375, 3.306640625, 0.59375, 9.109375, 4.6875, 5.75390625, 6.9140625, 0.1572265625, 7.203125, 0.2646484375, 0.0046844482421875, 4.421875, 2.552734375, 5.99609375, 5.671875, 3.140625, 0.890625, 8.765625, 0.91748046875, 0.96875, 3.150390625, 1.076171875, 6.64453125, 3.162109375, 5.29296875, 6.25390625, 5.26171875, 2.5234375, 1.7626953125, 0.72021484375, 3.189453125, 4.26953125, 3.84375, 8.171875, 4.21484375, 0.68896484375, 7.45703125, 1.2958984375, 9.765625, 2.677734375, 1.3427734375, 0.171630859375, 0.158203125, 0.0164031982421875, 0.0631103515625, 0.02423095703125]",-1.3315161733734175
80,1,test,3.029482073727108,1.2858864230825227,1.769488833371921,4.48221616756116,1.9025103218706327,2.6180156423572862,20.68651572436785,14.968649771331743,17.161118067518995,30.606365369971147,22.146598784484976,25.390426146680152,3.056620515171607,1.2540751660696343,1.7359527495972231,4.522368364552143,1.8554445439509792,2.5683979277666515,21.255602659228604,15.190537116202812,17.50968071923966,31.448347794063373,22.47488824794919,25.906135800980316,3.0314896040492587,1.2876108414924838,1.7624832726545399,4.48518637324247,1.9050616543719205,2.6076506899508685,20.72808624502314,15.008601266851588,17.170770232696505,30.667870292344176,22.20570830709621,25.404706835510034,0.5577889447236181,-0.022211055276382008,-0.017211055276381892,0.4723618090452262,-0.0026381909547738003,-0.007638190954773805,0.4371859296482412,-0.002814070351758735,-0.002814070351758735,0.41666666666666663,0.13943894389438938,0.1805189094107299,0.4183266932270916,0.4371859296482412,0.15899044092643666,0.20680195635942655,0.43939393939393945,0.41666666666666663,0.13349834983498343,0.17656112576956895,0.4183266932270916,21.0,4.0,4.0,31.0,2.0,2.0,39.0,-1.0,-1.0,0.00010614874741111592,0.00020201910646289466,5.561088039325187e-05,0.006490956603686371,0.007340690806701744,0.007561976411466276,"[3.056640625, 6.44140625, 0.03302001953125, 0.005214691162109375, 0.009490966796875, 1.6259765625, 0.047332763671875, 0.003810882568359375, 4.4375, 8.0234375, 6.05078125, 6.98046875, 6.8125, 4.5, 1.69140625, 0.28076171875, 1.166015625, 0.1695556640625, 0.8291015625, 0.9423828125, 0.0300140380859375, 1.400390625, 2.89453125, 4.15625, 5.87890625, 9.40625, 4.24609375, 0.2105712890625, 0.3671875, 1.595703125, 0.488037109375, 9.4140625, 5.765625, 7.32421875, 6.7109375, 3.953125, 6.8046875, 0.78125, 0.457275390625, 4.08203125, 6.21484375, 6.41015625, 5.72265625, 0.70849609375, 0.330078125, 3.373046875, 0.92822265625, 4.95703125, 3.98828125, 7.58984375, 0.356689453125, 0.161376953125, 0.560546875, 0.90185546875, 4.875, 5.21875, 4.44140625, 5.33984375, 4.5625, 1.0439453125, 0.469970703125, 0.93798828125, 4.1796875, 2.6640625, 0.0009417533874511719, 0.0012884140014648438, 2.15625, 0.045806884765625, 0.0214080810546875, 8.6796875, 2.51171875, 5.64453125, 0.424560546875, 0.07379150390625, 4.89453125, 0.13623046875, 1.806640625, 0.18603515625, 1.7158203125, 0.10272216796875, 0.01114654541015625, 9.2421875, 5.55859375, 13.765625, 6.375, 0.58349609375, 0.77490234375, 0.677734375, 0.037506103515625, 7.35546875, 3.806640625, 1.0166015625, 0.053619384765625, 4.33203125, 5.21875, 0.0002741813659667969, 7.0078125, 0.0017595291137695312, 0.12139892578125, 0.004444122314453125, 0.03631591796875, 3.1640625, 9.0859375, 0.2349853515625, 0.0009279251098632812, 0.0054473876953125, 0.0025177001953125, 0.219482421875, 3.528594970703125e-05, 0.28076171875, 8.0859375, 0.54443359375, 7.90625, 1.6728515625, 10.15625, 0.98828125, 3.392578125, 3.529296875, 5.30859375, 0.6181640625, 5.140625, 0.1434326171875, 4.25, 10.359375, 0.2548828125, 5.5390625, 0.1478271484375, 0.72216796875, 6.3515625, 1.427734375, 1.1923828125, 3.990234375, 6.9296875, 5.64453125, 1.6005859375, 2.900390625, 9.1875, 7.19140625, 0.82470703125, 0.0048370361328125, 0.00052642822265625, 0.027069091796875, 9.572505950927734e-05, 5.28125, 0.07720947265625, 7.01171875, 0.0369873046875, 0.2491455078125, 0.0021152496337890625, 0.18017578125, 1.1444091796875e-05, 7.414817810058594e-05, 0.0012845993041992188, 0.055023193359375, 0.00820159912109375, 0.00012683868408203125, 1.5712890625, 1.626953125, 0.0172882080078125, 0.004848480224609375, 0.0633544921875, 6.87109375, 4.84375, 3.513671875, 3.57421875, 1.9365234375, 9.1796875, 9.4765625, 0.10589599609375, 7.09375, 0.1883544921875, 0.1361083984375, 3.4765625, 0.96923828125, 7.62109375, 6.1484375, 4.26171875, 2.134765625, 9.7890625, 8.5390625, 8.796875, 1.0087890625, 9.828125, 1.8603515625, 0.2003173828125, 5.1015625, 8.2890625, 5.03515625, 8.4921875, 1.6748046875, 5.34375, 5.46484375, 2.423828125, 4.72265625, 0.7744140625, 0.0230712890625, 6.36328125, 0.9111328125, 0.888671875, 1.3857421875, 2.2265625, 0.40576171875, 0.42138671875, 0.1820068359375, 0.80859375, 1.6962890625, 1.0087890625, 0.1322021484375, 2.01953125, 2.1015625, 0.81982421875, 0.3544921875, 1.728515625, 2.86328125, 7.43359375, 0.46923828125, 3.46875, 3.875, 6.94140625, 2.1875, 2.271484375, 0.10711669921875, 7.390625, 7.640625, 5.62109375, 0.380859375, 8.234375, 4.83203125, 0.61572265625, 9.7265625, 4.7265625, 5.1015625, 0.37060546875, 2.322265625, 0.061981201171875, 6.86328125, 4.5703125, 4.34375, 2.18359375, 4.72265625, 2.806640625, 1.0791015625, 0.71826171875, 0.406982421875, 8.0703125, 8.8203125, 1.1591796875, 0.7158203125, 0.128662109375, 2.791015625, 0.3154296875, 0.1302490234375]",-2.0080864954562414
493,1,test,3.164277201835585,1.3890050920580665,1.9218607431458727,5.6023268491515275,2.4592221302011668,3.4026386927828565,23.671628038576646,17.7697411596111,20.20765412936268,41.91042341256193,31.461181069475394,35.777485999527364,3.212642688847067,1.359012213613994,1.9217646088786449,5.687957547466939,2.406119984759203,3.402468487850716,24.84465624180986,18.461705588852837,21.208678408059296,43.987260231401066,32.6862984196083,37.54979127984269,3.2112481614020356,1.4382453860378268,1.978287705196746,5.685488548056063,2.5464016670833653,3.5025421665778453,24.810033833378537,18.921525123899357,21.378660889730128,43.92596154106364,33.50040513739559,37.850743870341866,0.778894472361809,-0.0011055276381910506,-0.0011055276381910506,0.5829145728643217,-0.01708542713567829,-0.01708542713567829,0.4522613065326633,-0.012738693467336692,-0.007738693467336688,0.4179566563467493,0.09029050487843393,0.1584303947607555,0.4130434782608695,0.42713567839195976,0.09630861072278685,0.16002382530347892,0.4242424242424242,0.4147157190635451,0.0824953517847471,0.1477524265162703,0.4161073825503355,26.0,13.0,13.0,39.0,15.0,17.0,47.0,15.0,14.0,-9.843743324380457e-05,-0.00010780000746101238,8.848890206583881e-05,-0.00041226083606016317,-1.0681229349884802e-05,0.0001244151406112337,"[3.056640625, 9.4453125, 2.4296875, 1.0791015625, 0.80224609375, 3.9921875, 0.60205078125, 5.3828125, 7.4296875, 7.5390625, 1.111328125, 6.03125, 4.09375, 2.173828125, 2.28515625, 3.64453125, 3.708984375, 2.3984375, 1.2490234375, 3.212890625, 1.7646484375, 4.69140625, 3.21875, 1.5498046875, 0.147216796875, 2.216796875, 0.99072265625, 6.296875, 6.32421875, 2.994140625, 7.89453125, 7.109375, 1.7802734375, 2.009765625, 3.107421875, 4.75390625, 2.705078125, 2.447265625, 3.8671875, 5.0390625, 0.9609375, 3.9609375, 0.53466796875, 3.92578125, 1.0087890625, 5.33203125, 0.06915283203125, 1.203125, 4.2265625, 4.31640625, 5.11328125, 1.5908203125, 1.37890625, 2.716796875, 7.73046875, 4.82421875, 1.9482421875, 1.5908203125, 4.80859375, 1.4833984375, 0.728515625, 0.43603515625, 0.8125, 4.73046875, 1.376953125, 1.490234375, 0.38916015625, 0.70703125, 1.9384765625, 5.5546875, 2.94140625, 0.3515625, 0.8740234375, 5.75, 1.5087890625, 3.611328125, 0.71484375, 2.802734375, 0.9951171875, 2.30078125, 5.5625, 0.297607421875, 7.21484375, 2.353515625, 0.62744140625, 6.96484375, 2.361328125, 0.5751953125, 2.35546875, 1.5703125, 1.8017578125, 0.71484375, 4.11328125, 5.15625, 0.41845703125, 6.0390625, 0.54541015625, 1.76171875, 4.3671875, 9.828125, 5.09375, 1.8740234375, 2.2109375, 0.223876953125, 1.2578125, 2.234375, 3.744140625, 3.935546875, 0.77734375, 0.63525390625, 1.044921875, 3.744140625, 1.8505859375, 8.90625, 0.24853515625, 1.0849609375, 1.8642578125, 0.2191162109375, 0.9208984375, 3.033203125, 8.21875, 1.3271484375, 3.33984375, 8.328125, 1.1083984375, 3.294921875, 2.7109375, 3.58203125, 2.0703125, 5.30859375, 1.21875, 7.6640625, 2.59375, 1.875, 1.4375, 1.7099609375, 4.02734375, 0.390869140625, 5.0703125, 6.08984375, 3.666015625, 0.2132568359375, 6.2890625, 0.466064453125, 5.90625, 3.958984375, 0.8125, 1.6220703125, 1.814453125, 3.263671875, 7.73828125, 6.078125, 0.17724609375, 6.51171875, 3.662109375, 0.2332763671875, 0.9345703125, 6.63671875, 2.38671875, 0.5400390625, 0.806640625, 2.91015625, 4.375, 5.05078125, 2.10546875, 2.27734375, 8.8984375, 3.98046875, 7.91796875, 3.517578125, 0.1727294921875, 1.2978515625, 8.7890625, 5.9296875, 2.578125, 4.95703125, 6.0859375, 2.43359375, 0.0411376953125, 4.94921875, 5.66796875, 1.861328125, 0.2054443359375, 3.146484375, 6.04296875, 0.1383056640625, 4.12890625, 0.063720703125, 0.114501953125, 7.24609375, 6.4140625, 3.474609375, 7.1875, 6.23828125, 4.97265625, 1.056640625, 10.4765625, 0.00774383544921875, 8.046875, 1.328125, 5.1796875, 1.650390625, 6.07421875, 2.400390625, 2.25390625, 1.9609375, 1.373046875, 1.6943359375, 0.1494140625, 2.5546875, 2.486328125, 3.35546875, 2.587890625, 2.41015625, 1.203125, 0.034759521484375, 8.8984375, 4.578125, 1.7001953125, 2.361328125, 6.37109375, 8.375, 3.6640625, 3.806640625, 1.3662109375, 6.48046875, 6.6171875, 3.466796875, 0.06231689453125, 3.57421875, 1.30078125, 2.267578125, 0.499755859375, 3.140625, 1.828125, 0.93408203125, 2.640625, 0.0147552490234375, 0.7958984375, 0.0007538795471191406, 0.005420684814453125, 0.003963470458984375, 1.1650390625, 6.80859375, 3.666015625, 8.2734375, 9.28125, 6.30078125, 5.02734375, 5.9609375, 0.02996826171875, 8.3203125, 9.828125, 1.66796875, 3.73046875, 7.35546875, 4.16015625, 3.11328125, 1.9296875, 0.01053619384765625, 3.265625, 1.228515625, 0.0009365081787109375, 0.29052734375, 0.0005888938903808594, 3.634765625, 0.0005517005920410156, 0.05206298828125, 3.1484375, 4.47265625, 0.050262451171875, 0.18505859375, 1.4443359375, 0.1964111328125, 0.28759765625, 3.619140625, 3.111328125, 7.7265625, 11.0390625, 0.0350341796875, 0.0098724365234375, 5.9140625, 8.515625, 3.603515625, 0.208984375, 16.421875, 4.26171875, 1.9072265625, 3.60546875, 1.51171875, 2.322265625, 4.41796875, 0.0001729726791381836, 0.020660400390625, 4.97265625, 7.77734375, 2.388671875, 0.88720703125, 5.609375, 6.70703125, 3.064453125, 0.038665771484375, 0.007213592529296875, 0.0004916191101074219, 4.64453125, 2.099609375, 0.25048828125, 2.65234375, 2.6484375, 0.634765625, 8.265625, 0.1602783203125, 1.55859375, 6.2578125, 7.55859375, 0.02264404296875, 0.57177734375, 6.66796875, 0.50830078125, 1.3359375, 0.1343994140625, 1.4638671875, 5.890625]",-1.1203497589188096
107,1,test,3.1851418320285645,1.3844980591140725,1.9128394192765759,5.36722794899841,2.3329939670154265,3.223292944084838,24.1707163444746,18.11717302699405,20.60165578429809,40.7296601384793,30.528937973664004,34.71549731608241,3.2134982119852573,1.3273570838754474,1.8972591270425463,5.415010799201677,2.2367066882984057,3.197038860486059,24.86592051482692,18.272045908697613,21.13655138616942,41.901136779128244,30.78991161410372,35.616840733600405,3.1893400097371742,1.3769407909422766,1.9099486801384027,5.374302226352698,2.320259343853008,3.2184218090729995,24.27240260618261,18.14727727292015,20.67795138265239,40.90100991649556,30.5796661228765,34.84406172214906,0.6381909547738693,-0.0018090452261306789,0.00819095477386933,0.542713567839196,0.0027135678391959628,0.0027135678391959628,0.4522613065326633,-0.017738693467336697,-0.017738693467336697,0.4342105263157895,0.12714977097917213,0.19132212368996893,0.4092409240924092,0.4371859296482412,0.12891525295651185,0.19678526186860845,0.4191919191919192,0.4347826086956522,0.12092618131668731,0.18784156308942312,0.4093959731543624,24.0,8.0,9.0,37.0,8.0,8.0,46.0,10.0,11.0,-0.0010563180017662183,-0.0005335386409147665,-6.979763725459787e-05,0.019283813661332694,0.018288622324047488,0.01779602588220719,"[3.0625, 9.453125, 2.48046875, 1.494140625, 0.81689453125, 3.970703125, 7.59375, 5.64453125, 3.611328125, 11.7578125, 9.5859375, 1.3193359375, 1.0908203125, 1.6259765625, 8.84375, 0.022491455078125, 0.60693359375, 7.5625, 0.65478515625, 7.5390625, 7.75390625, 2.611328125, 2.927734375, 1.9716796875, 4.54296875, 0.1982421875, 0.09332275390625, 4.57421875, 0.35888671875, 2.375, 1.0517578125, 7.875, 5.5546875, 6.01171875, 2.59765625, 0.336181640625, 6.5859375, 4.640625, 1.2783203125, 2.341796875, 4.171875, 8.4921875, 1.0947265625, 0.54150390625, 7.26953125, 4.26171875, 2.03515625, 6.34375, 1.4541015625, 0.83544921875, 5.06640625, 0.029998779296875, 0.6435546875, 9.3203125, 4.25, 0.69482421875, 2.7578125, 2.029296875, 4.703125, 0.04541015625, 5.72265625, 6.08203125, 3.681640625, 5.9609375, 2.966796875, 0.56787109375, 10.4453125, 0.036376953125, 0.0029048919677734375, 4.0625, 0.94677734375, 0.299072265625, 0.00218963623046875, 6.32421875, 2.322265625, 2.42578125, 7.55078125, 6.4375, 0.78759765625, 0.395751953125, 7.45703125, 10.6953125, 0.353515625, 0.57177734375, 4.5859375, 8.4296875, 4.29296875, 6.28515625, 3.677734375, 1.1455078125, 1.6494140625, 3.53515625, 0.033050537109375, 8.8046875, 2.4453125, 1.896484375, 6.07421875, 0.177734375, 8.0625, 4.7890625, 3.44921875, 0.019012451171875, 1.82421875, 11.390625, 0.5556640625, 5.06640625, 0.24658203125, 4.265625, 4.53515625, 0.56396484375, 6.3984375, 0.73828125, 5.3671875, 0.06488037109375, 0.7998046875, 0.0211639404296875, 3.072265625, 3.57421875, 4.95703125, 3.134765625, 0.317626953125, 6.2578125, 1.4111328125, 4.64453125, 0.004276275634765625, 1.71484375, 5.0546875, 3.896484375, 5.0234375, 3.30859375, 1.654296875, 9.1171875, 8.0625, 0.55908203125, 1.1982421875, 0.0009512901306152344, 0.136474609375, 0.0010890960693359375, 0.001583099365234375, 0.0014524459838867188, 7.4140625, 3.79296875, 6.46484375, 3.720703125, 1.67578125, 0.2705078125, 0.250244140625, 6.1328125, 0.69970703125, 3.52734375, 6.8125, 7.76171875, 0.6806640625, 0.418212890625, 6.1796875, 9.9609375, 0.71435546875, 0.80126953125, 0.0007143020629882812, 8.7109375, 0.01477813720703125, 5.98046875, 0.296142578125, 6.87109375, 1.9560546875, 7.06640625, 0.424072265625, 3.787109375, 0.79931640625, 3.833984375, 0.226806640625, 4.1953125, 6.45703125, 1.2119140625, 2.740234375, 0.053436279296875, 0.52392578125, 0.10699462890625, 0.0024814605712890625, 0.000705718994140625, 7.534027099609375e-05, 0.7529296875, 0.1612548828125, 0.004016876220703125, 0.00012731552124023438, 0.00025272369384765625, 6.7734375, 0.081298828125, 3.369140625, 0.0005207061767578125, 1.01953125, 0.268798828125, 2.6484375, 0.0732421875, 5.0234375, 0.5791015625, 3.798828125, 6.0390625, 0.53662109375, 0.888671875, 2.564453125, 2.181640625, 11.0703125, 5.9609375, 4.15625, 7.03125, 5.6796875, 7.59765625, 8.5859375, 0.271728515625, 0.1900634765625, 0.01296234130859375, 2.955078125, 3.34375, 3.837890625, 3.58984375, 1.78515625, 5.55078125, 6.1484375, 3.33203125, 1.669921875, 3.140625, 3.063678741455078e-05, 3.173828125, 6.015625, 4.7109375, 8.1796875, 2.7578125, 1.087890625, 9.679794311523438e-05, 5.05859375, 1.4091796875, 0.68505859375, 2.06640625, 0.28173828125, 0.97900390625, 1.8896484375, 3.654296875, 0.12359619140625, 6.81640625, 1.0166015625, 7.01171875, 1.4169921875, 5.0, 4.87109375, 11.625, 1.9794921875, 1.90234375, 11.84375, 0.3251953125, 5.68359375, 4.109375, 10.3046875, 4.140625, 2.515625, 3.32421875, 0.05914306640625, 1.3310546875, 4.69140625, 4.31640625, 1.2900390625, 0.11639404296875, 1.8310546875, 3.599609375, 1.9287109375, 6.64453125, 3.392578125, 0.87060546875, 0.91064453125, 9.421875, 0.374755859375, 6.34765625, 1.1962890625, 4.08203125, 2.283203125, 4.76171875, 0.461669921875, 2.82421875, 0.45068359375, 0.08514404296875, 0.5224609375, 0.0740966796875, 0.27490234375, 0.00010204315185546875, 0.791015625, 0.0134429931640625, 0.19677734375, 0.0200653076171875, 0.005588531494140625, 1.83984375, 2.12109375, 6.265625, 2.74609375, 8.0, 0.0684814453125, 0.01418304443359375, 5.46484375, 4.66796875, 1.228515625, 2.9609375, 0.0015087127685546875, 7.64453125, 3.345703125, 0.7177734375]",-1.215378969515625
245,1,test,3.3238925104874832,1.4198419215134608,1.9798310601734739,5.953785485818239,2.543233331941693,3.546290800090947,27.768228585117498,21.05519740975625,23.93364268333648,49.738695157957714,37.71425470099196,42.870151180042264,3.179871734662272,1.2673588030536558,1.8176384513375605,5.69581420604341,2.2701042296455594,3.255769973274971,24.043669384898973,17.27358919591046,20.13876505609789,43.06723197514871,30.94060482344401,36.07273301257094,3.361188798445124,1.4278001837507803,2.0113729639615965,6.02059092468742,2.5574882412239255,3.602788935447695,28.823435775703107,21.91054003864095,24.966720584359233,51.62879155428139,39.24635193734588,44.72060939835775,0.7135678391959799,0.003567839195979916,-0.011432160804020097,0.5879396984924623,0.012939698492462348,0.0029396984924623393,0.42211055276381915,-0.0028894472361808976,-0.0178894472361808,0.4246153846153846,0.09742644452321869,0.15030627509644912,0.39814814814814814,0.4120603015075377,0.08624576516668558,0.13493175392823886,0.36868686868686873,0.4247491638795987,0.0992065929280127,0.16001056543688463,0.40268456375838924,22.0,11.0,11.0,32.0,11.0,11.0,41.0,15.0,14.0,-0.0003094448135168151,-0.0003977540226495036,4.5100732293172415e-05,-0.00040436298294821427,-2.9341792515680254e-06,0.0001314242545484845,"[3.056640625, 9.4453125, 2.48046875, 1.80859375, 0.8740234375, 5.9921875, 2.986328125, 6.15625, 1.3271484375, 4.359375, 8.078125, 4.80078125, 1.0703125, 8.953125, 9.453125, 1.5947265625, 2.37109375, 2.216796875, 4.125, 1.4658203125, 6.1640625, 2.689453125, 4.1953125, 7.3359375, 6.10546875, 3.478515625, 1.572265625, 5.33984375, 4.28125, 8.203125, 0.440673828125, 3.533203125, 0.128173828125, 2.921875, 1.4072265625, 8.46875, 0.39990234375, 7.22265625, 0.0191497802734375, 3.966796875, 10.1484375, 5.80078125, 7.984375, 2.921875, 3.357421875, 0.1585693359375, 4.23046875, 7.83984375, 0.06689453125, 8.2578125, 3.234375, 1.4677734375, 6.84765625, 0.96435546875, 4.453125, 6.0390625, 0.139404296875, 1.287109375, 3.0625, 1.3046875, 13.3984375, 0.80615234375, 2.3984375, 5.54296875, 4.3046875, 2.697265625, 1.84765625, 4.3671875, 1.40234375, 1.5263671875, 7.6796875, 11.625, 2.51171875, 1.1884765625, 2.94921875, 6.44140625, 3.501953125, 2.064453125, 2.10546875, 2.775390625, 5.63671875, 1.873046875, 1.22265625, 0.703125, 4.203125, 3.91796875, 2.623046875, 10.8125, 5.96484375, 1.9541015625, 2.75390625, 5.4453125, 1.20703125, 8.03125, 6.49609375, 7.53515625, 10.9765625, 1.3564453125, 2.037109375, 1.623046875, 0.00396728515625, 0.1318359375, 0.00021982192993164062, 0.0025386810302734375, 0.0007066726684570312, 0.54443359375, 3.66015625, 0.1417236328125, 4.99609375, 0.47216796875, 4.4375, 7.9921875, 3.9765625, 0.008819580078125, 0.18896484375, 0.315185546875, 2.4375, 0.0137481689453125, 3.427734375, 0.156494140625, 4.1875, 0.8671875, 6.6171875, 2.935546875, 0.0426025390625, 0.1492919921875, 0.03314208984375, 0.2020263671875, 0.10223388671875, 2.759765625, 0.013702392578125, 3.412109375, 0.05010986328125, 10.5234375, 0.126708984375, 0.002605438232421875, 1.5927734375, 0.0025272369384765625, 0.00946044921875, 0.0029850006103515625, 0.04449462890625, 3.4921875, 0.08941650390625, 0.07232666015625, 0.00023043155670166016, 0.0040740966796875, 0.000720977783203125, 0.279052734375, 0.0003876686096191406, 6.67578125, 2.224609375, 3.57421875, 0.552734375, 2.849609375, 0.98291015625, 4.6015625, 4.50390625, 0.50634765625, 0.0146026611328125, 0.01143646240234375, 0.0005297660827636719, 1.1513671875, 0.1649169921875, 0.0008831024169921875, 0.0002199411392211914, 0.000324249267578125, 1.732421875, 8.078125, 7.4140625, 2.169921875, 4.19140625, 0.036224365234375, 1.5078125, 2.28125, 1.8115234375, 6.1875, 1.1201171875, 5.0546875, 9.046875, 5.90234375, 3.90625, 2.912109375, 3.4921875, 4.9296875, 2.28515625, 2.6171875, 2.0234375, 2.287109375, 4.2890625, 7.52734375, 0.59814453125, 3.41796875, 8.5, 3.966796875, 2.90234375, 6.20703125, 1.1044921875, 4.05078125, 0.347412109375, 0.00010716915130615234, 7.56640625, 3.087890625, 7.20703125, 9.484375, 3.701171875, 4.25390625, 1.607421875, 3.498046875, 0.6123046875, 3.15234375, 2.552734375, 1.40234375, 9.65625, 6.28125, 0.9697265625, 1.1982421875, 2.3359375, 2.419921875, 11.8359375, 3.13671875, 3.1328125, 0.58544921875, 3.279296875, 1.501953125, 8.390625, 0.3388671875, 3.39453125, 0.6435546875, 5.67578125, 5.57421875, 4.984375, 0.646484375, 6.73828125, 1.083984375, 0.1507568359375, 2.583984375, 4.84765625, 7.34375, 0.06475830078125, 7.86328125, 7.30859375, 6.8359375, 5.53125, 1.037109375, 1.9311904907226562e-05, 4.41796875, 5.82421875, 3.455078125, 4.0546875, 9.4296875, 0.0478515625, 0.5556640625, 7.5078125, 8.9921875, 0.5068359375, 0.0006780624389648438, 2.134765625, 0.165771484375, 0.0086212158203125, 9.03125, 0.470947265625, 0.0017156600952148438, 9.1875, 4.48046875, 4.34765625, 0.2841796875, 0.0011987686157226562, 5.89453125, 9.78125, 2.484375, 4.90234375, 2.30078125, 1.087890625, 1.9130859375, 6.4921875, 1.822265625, 0.7734375, 4.44140625, 1.083984375, 4.62890625, 3.15234375, 5.40234375, 0.027923583984375, 0.424072265625, 0.350830078125, 3.51171875, 12.28125, 6.5625, 0.38671875, 1.4424324035644531e-05, 8.1015625, 5.21875, 5.515625, 0.399658203125, 0.00032806396484375, 7.5234375, 9.5078125, 2.17578125, 0.80224609375, 0.0005235671997070312, 6.1796875, 5.5, 1.7294921875, 0.2149658203125, 0.00031256675720214844, 7.43359375, 7.55078125, 2.22265625, 0.406494140625, 0.0005002021789550781, 8.1328125, 10.71875, 1.7666015625, 2.380859375, 5.55078125, 0.016448974609375, 0.62060546875, 3.654296875, 0.045989990234375, 1.6982421875, 6.28125, 0.073486328125, 1.62890625, 7.28125, 0.01849365234375]",-1.1666713589888351
397,1,test,3.159894664620244,1.3805287944323767,1.8933607787371478,5.768061689386161,2.5200128787257676,3.4561347548376515,23.568113242154546,17.642015930293304,20.019581635878446,43.0211590928218,32.203679872757625,36.5436807639051,3.071906573808373,1.2128012031123458,1.701800248284691,5.607448507745444,2.213843465998727,3.106460770678405,21.583013079982685,15.165020601820608,17.647243934043054,39.39756355869856,27.682180463640798,32.213223054205585,3.1770007873458606,1.3842112924938677,1.903678467653149,5.799287151504349,2.5267348989967426,3.4749686314303516,23.974740270075085,17.96855693238001,20.402037743343605,43.763414778708494,32.799746781328594,37.24181492832564,0.6030150753768844,-0.0019849246231156137,-0.006984924623115618,0.5276381909547738,0.007638190954773805,0.0026381909547738003,0.4522613065326633,-0.007738693467336688,-0.0027386934673366836,0.4476744186046512,0.12546832281364972,0.1984075564345632,0.46647230320699706,0.4371859296482412,0.1213964559640307,0.16506572931435137,0.4696969696969697,0.46488294314381273,0.15269596484665082,0.21571720343302292,0.4832214765100671,23.0,4.0,3.0,35.0,4.0,4.0,45.0,5.0,7.0,0.0009093135616895285,-5.370000044037649e-05,0.00033942324320990235,0.004346195663182506,0.00531515596512655,0.004030219773056842,"[3.056640625, 6.44140625, 0.03302001953125, 0.005214691162109375, 0.009490966796875, 0.62646484375, 4.7578125, 0.07403564453125, 4.875, 8.5390625, 3.314453125, 1.9765625, 0.00562286376953125, 0.338134765625, 0.284912109375, 3.7734375, 0.018157958984375, 4.17578125, 5.59375, 9.6015625, 0.09417724609375, 0.005954742431640625, 0.36962890625, 0.14501953125, 2.318359375, 0.004329681396484375, 7.734375, 11.4453125, 0.037811279296875, 0.0066986083984375, 0.367919921875, 0.03717041015625, 3.01171875, 0.005405426025390625, 5.53125, 7.21484375, 6.00390625, 0.082763671875, 0.0009655952453613281, 0.3916015625, 0.0572509765625, 2.474609375, 0.0302734375, 6.140625, 4.09375, 4.44140625, 0.213134765625, 0.0013217926025390625, 0.454345703125, 0.040740966796875, 3.2890625, 0.041168212890625, 9.3125, 0.1656494140625, 0.0226898193359375, 0.001667022705078125, 0.4501953125, 0.046539306640625, 3.271484375, 0.01470947265625, 6.89453125, 3.005859375, 0.339599609375, 0.0120697021484375, 0.0006866455078125, 0.390869140625, 0.037841796875, 2.65234375, 0.0158538818359375, 6.35546875, 0.1773681640625, 7.46484375, 6.1328125, 5.203125, 0.5390625, 0.0009160041809082031, 0.36865234375, 9.015625, 0.1357421875, 0.2408447265625, 4.25, 0.114501953125, 0.099609375, 5.15234375, 0.175537109375, 6.40625, 3.546875, 3.83984375, 2.25, 3.5546875, 3.9375, 0.0894775390625, 0.1368408203125, 1.068359375, 3.953125, 0.91748046875, 3.28125, 0.111328125, 1.583984375, 0.0011930465698242188, 0.5263671875, 11.3046875, 7.09765625, 1.6240234375, 0.422119140625, 6.39453125, 7.1875, 5.9609375, 3.3046875, 6.1484375, 2.501953125, 3.095703125, 2.904296875, 1.98828125, 1.7275390625, 6.859375, 4.9140625, 0.83935546875, 6.48828125, 6.1875, 5.56640625, 0.11822509765625, 0.335693359375, 0.00859832763671875, 0.0043182373046875, 0.00519561767578125, 0.0008406639099121094, 3.693359375, 12.1875, 4.1484375, 1.61328125, 7.76171875, 4.93359375, 1.39453125, 7.40625, 0.615234375, 0.337646484375, 0.681640625, 1.7705078125, 4.91796875, 0.12890625, 5.13671875, 7.4921875, 0.59619140625, 8.3359375, 0.0091705322265625, 8.1171875, 7.55859375, 2.08203125, 3.794921875, 4.48046875, 7.58203125, 0.65478515625, 7.19921875, 4.94140625, 4.24609375, 2.052734375, 0.01224517822265625, 5.38671875, 0.92578125, 2.162109375, 4.00390625, 1.095703125, 3.357421875, 3.45703125, 2.958984375, 9.9296875, 0.105224609375, 2.84765625, 11.5625, 2.216796875, 7.3046875, 9.96875, 7.640625, 1.3916015625, 1.431640625, 2.62890625, 3.224609375, 6.4296875, 5.234375, 1.1123046875, 6.55078125, 0.352783203125, 0.2159423828125, 0.2174072265625, 9.34375, 3.291015625, 3.57421875, 0.10467529296875, 4.1328125, 10.8984375, 1.09765625, 5.43359375, 1.9033203125, 2.12890625, 0.80419921875, 4.29296875, 1.0908203125, 5.328125, 0.12408447265625, 11.546875, 1.99609375, 4.09375, 6.17578125, 1.3642578125, 0.89404296875, 2.40625, 5.1328125, 5.32421875, 0.06304931640625, 5.453125, 6.30859375, 3.23828125, 1.7490234375, 6.265625, 0.1689453125, 3.53515625, 3.5, 5.74609375, 2.634765625, 0.145263671875, 4.4765625, 2.97265625, 5.14453125, 0.12384033203125, 0.98046875, 1.4736328125, 6.7890625, 0.0638427734375, 5.734375, 1.513671875, 4.2265625, 4.82421875, 0.69140625, 0.057373046875, 4.70703125, 0.321533203125, 7.5703125, 0.6640625, 3.693359375, 7.1328125, 5.6796875, 2.53515625, 3.73046875, 0.0023956298828125, 0.00701904296875, 0.73388671875, 4.0625, 3.35546875, 4.734375, 11.046875, 1.33984375, 7.421875, 2.26953125, 2.28515625, 0.004306793212890625, 0.9169921875, 6.69140625, 0.32470703125, 0.489990234375, 4.30078125, 4.5859375, 5.484375, 5.2109375, 4.20703125, 3.103515625, 0.0180511474609375, 5.125, 3.908203125, 3.24609375, 6.7265625, 1.3828125, 0.986328125, 9.6796875, 4.5, 5.76953125, 4.50390625, 0.8974609375, 3.912109375, 7.27734375, 1.919921875, 0.371826171875, 2.240234375, 7.671875, 6.93359375, 5.171875, 5.78125, 10.0078125, 0.08343505859375, 0.390380859375, 0.389892578125, 0.452392578125, 0.1539306640625, 3.501953125, 1.3193359375, 2.134765625, 5.80078125, 0.168701171875, 0.09686279296875, 0.426513671875, 2.693359375, 2.400390625, 5.17578125, 6.58203125, 0.5859375, 5.05078125, 0.64404296875, 1.9560546875, 2.951171875, 6.33984375, 2.599609375, 0.050079345703125, 0.3720703125, 0.2418212890625, 0.057769775390625, 0.035003662109375, 1.55859375, 7.875, 2.15625, 1.7890625, 5.58203125, 6.0546875, 6.24609375, 0.7587890625, 2.19921875, 8.4609375, 4.3125, 2.255859375, 2.482421875, 3.05859375, 7.22265625, 7.5546875, 2.955078125, 0.05126953125, 1.791015625, 0.64306640625, 6.6328125, 0.16748046875, 6.56640625, 1.24609375, 3.453125, 0.157958984375, 9.5234375, 1.146484375]",-1.4558151170264844
315,1,test,2.8007912560114785,1.173807042513428,1.6368234810724702,4.658158088945407,1.9522264496539123,2.7222958948363196,16.457663845951537,11.369158137423762,13.255048489342773,27.3716935543194,18.90870511276794,22.04523854017009,2.9351623046338258,1.1916486538711195,1.7233936617449845,4.8816383592857315,1.9818998664382832,2.866275774270606,18.824558200277956,13.107161092351713,15.465137182838049,31.308212585725443,21.799278448332323,25.720964998825387,2.8640578323383394,1.227839522338832,1.6980809792647016,4.763380394836396,2.042090995047742,2.8241767865665564,17.532526840689794,12.396815765372342,14.32347071175347,29.159360429778815,20.617862009777156,23.822193394284717,0.6432160804020101,-0.01678391959798986,-0.011783919597989967,0.5025125628140703,-0.007487437185929702,0.007512562814070312,0.3869346733668342,-0.013065326633165841,-0.018065326633165846,0.4031746031746032,0.10681961109853344,0.1581904426677394,0.3821656050955414,0.3919597989949749,0.0912079192957268,0.14321188580632715,0.3787878787878788,0.40802675585284276,0.11420371745551383,0.1677597925602955,0.3926174496644296,17.0,7.0,7.0,33.0,16.0,15.0,36.0,12.0,11.0,-0.0002283453186284723,-0.0001647700863465041,-0.00021295352644344043,0.004231676793052586,0.005202823738683193,0.00428457917062719,"[3.056640625, 9.4453125, 2.4296875, 1.0791015625, 0.80224609375, 5.9921875, 3.828125, 3.705078125, 0.72900390625, 2.271484375, 1.048828125, 5.859375, 0.1942138671875, 0.004150390625, 6.5234375, 0.09075927734375, 10.5078125, 0.4140625, 0.2198486328125, 4.69921875, 2.45703125, 2.83203125, 4.359375, 4.72265625, 3.26953125, 0.055877685546875, 0.5556640625, 4.0703125, 3.953125, 8.7890625, 0.98583984375, 0.6826171875, 5.8359375, 2.1328125, 2.234375, 0.383544921875, 2.84375, 6.90234375, 1.2880859375, 2.255859375, 5.93359375, 0.10418701171875, 12.4921875, 0.57373046875, 4.18359375, 1.4423828125, 3.681640625, 2.138671875, 2.267578125, 0.008697509765625, 2.154296875, 0.0010271072387695312, 0.63134765625, 0.002532958984375, 0.406005859375, 5.19140625, 0.6533203125, 0.0014781951904296875, 0.042999267578125, 8.1953125, 5.79296875, 2.263671875, 6.34765625, 1.2216796875, 5.546875, 0.2021484375, 2.1875, 1.1953125, 5.25, 2.267578125, 0.409423828125, 1.189453125, 6.109375, 4.70703125, 4.875, 1.9130859375, 2.33984375, 1.39453125, 1.1064453125, 0.08935546875, 0.42236328125, 5.55078125, 0.0030193328857421875, 0.144775390625, 2.390625, 1.87109375, 5.7421875, 5.78515625, 3.419921875, 0.0009441375732421875, 0.11492919921875, 1.0234375, 4.1875, 3.103515625, 0.049896240234375, 0.0235443115234375, 0.052032470703125, 10.796875, 2.53125, 0.66943359375, 9.8671875, 4.18359375, 9.65625, 10.8984375, 12.984375, 6.3515625, 2.3515625, 6.359375, 1.4345703125, 6.8515625, 0.8291015625, 5.1484375, 0.0134124755859375, 0.1744384765625, 0.0007076263427734375, 0.0153961181640625, 0.0010805130004882812, 6.31640625, 0.36865234375, 8.53125, 3.669921875, 4.14453125, 0.12841796875, 0.375244140625, 4.328125, 4.49609375, 0.352294921875, 4.7109375, 8.6875, 1.4892578125, 6.15625, 1.6279296875, 0.84033203125, 0.00031304359436035156, 0.55810546875, 3.40625, 6.61328125, 5.40625, 2.384765625, 3.33203125, 4.84375, 10.1015625, 0.05084228515625, 0.86767578125, 2.7734375, 4.32421875, 0.038482666015625, 9.608268737792969e-05, 0.0016088485717773438, 0.00048422813415527344, 0.51953125, 0.379638671875, 0.00308990478515625, 0.00024437904357910156, 0.00039196014404296875, 1.361328125, 1.4033203125, 6.7578125, 0.0498046875, 1.712890625, 3.38671875, 0.368896484375, 1.521484375, 5.38671875, 2.0078125, 0.27978515625, 12.7734375, 1.5224609375, 2.30859375, 1.5830078125, 4.96875, 5.48046875, 7.8828125, 1.080078125, 0.360595703125, 0.1064453125, 0.5458984375, 6.1953125, 3.896484375, 6.078125, 3.1171875, 1.138671875, 0.9423828125, 5.890625, 1.9150390625, 5.65234375, 0.1033935546875, 0.037109375, 1.4013671875, 4.22265625, 0.9921875, 0.935546875, 6.3671875, 0.36279296875, 0.66064453125, 5.5390625, 1.27734375, 2.29296875, 6.30859375, 0.25537109375, 0.353271484375, 0.5341796875, 1.1474609375, 3.421875, 0.3916015625, 4.85546875, 2.083984375, 11.734375, 1.0888671875, 0.013702392578125, 0.353759765625, 11.5625, 7.46484375, 3.08203125, 0.25439453125, 2.501953125, 0.0172882080078125, 0.02734375, 0.79541015625, 1.7333984375, 5.62890625, 9.40625, 4.46484375, 0.53466796875, 9.296875, 2.76171875, 0.8779296875, 5.06640625, 0.1407470703125, 5.84765625, 0.0131988525390625, 0.023101806640625, 0.1121826171875, 1.037109375, 0.8251953125, 3.314453125, 0.51806640625, 1.095703125, 0.000640869140625, 0.93701171875, 0.376708984375, 0.0246429443359375, 4.046875, 5.6953125, 8.265625, 2.83203125, 6.20703125, 7.38671875, 3.802734375, 0.11932373046875, 3.4375, 5.03125, 2.3515625, 5.5703125, 0.98876953125, 7.11328125, 2.923828125, 2.67578125, 0.01287078857421875, 0.0092620849609375, 0.04266357421875, 1.2587890625, 7.6328125, 0.26611328125, 2.720703125, 6.828125, 2.177734375, 0.41796875, 0.5048828125, 2.302734375, 3.150390625, 3.185546875, 0.767578125, 2.9921875, 3.478515625, 4.9609375, 0.01434326171875, 3.595703125, 3.7890625, 5.59765625, 0.88330078125, 6.25390625, 0.256591796875, 2.900390625, 1.9560546875, 3.037109375, 0.6806640625, 2.275390625, 0.1622314453125, 0.362548828125, 0.8466796875, 3.587890625, 1.6455078125, 4.2109375, 5.48046875, 3.494140625, 0.002086639404296875, 0.048004150390625, 0.10357666015625, 3.20703125, 1.3505859375, 0.0863037109375, 0.162353515625, 0.705078125, 1.1435546875, 6.08984375, 1.0888671875, 2.408203125, 2.93359375, 0.89501953125, 0.42431640625, 1.6181640625, 1.4814453125, 2.4609375, 2.83984375]",-1.2585544661870078
229,1,test,3.085030560968908,1.3724717771053991,1.8972609409022774,5.582436253181833,2.483520358571675,3.4331388454422163,21.868135143261426,16.32500813268687,18.588377205969422,39.57091121161591,29.540490906766713,33.63611113461133,3.3311091667443664,1.4638397708587554,2.0418254226615415,6.027721349346948,2.6488529186967953,3.6947317171970746,27.969347174686686,21.498743577231085,24.33916169217202,50.61119964943305,38.90248837784672,44.04229258583508,3.2127546528041764,1.483843198450077,2.0065855066910787,5.813556038407556,2.685049597195377,3.630964250202904,24.84743810356693,19.212920963708335,21.50677558519165,44.96203085407349,34.76623793432937,38.91702248748965,0.7085427135678393,0.0035427135678391952,0.00854271356783931,0.5628140703517588,0.00781407035175885,-0.007185929648241274,0.44221105527638194,0.00221105527638199,-0.0027889447236180143,0.4105571847507331,0.10016186996303178,0.1671554252199413,0.3970588235294118,0.4120603015075377,0.10128335915164799,0.16331238831888995,0.4292929292929293,0.412751677852349,0.10454397265971915,0.1683320349952061,0.4175084175084175,21.0,6.0,5.0,32.0,7.0,7.0,38.0,4.0,4.0,0.0007819372410227838,-0.00044905417249899805,-0.00016301789104595008,-0.00034118015804818214,5.904222154651251e-05,-0.0001653898061491077,"[3.056640625, 9.4453125, 2.4296875, 6.078125, 0.78955078125, 0.10418701171875, 6.328125, 0.1280517578125, 2.134765625, 0.11126708984375, 2.978515625, 2.09375, 4.41015625, 3.63671875, 0.6982421875, 1.4169921875, 0.947265625, 1.1064453125, 7.02734375, 5.28515625, 1.7099609375, 6.546875, 3.205078125, 0.82470703125, 0.7978515625, 6.015625, 0.264404296875, 0.98583984375, 0.75732421875, 1.28515625, 4.49609375, 5.9765625, 0.2822265625, 0.2125244140625, 3.689453125, 3.109375, 10.9375, 0.69775390625, 8.1015625, 0.09619140625, 7.17578125, 0.1585693359375, 9.96875, 2.720703125, 0.33154296875, 0.89599609375, 7.453125, 2.19140625, 1.9189453125, 5.31640625, 3.447265625, 0.822265625, 1.1904296875, 0.9150390625, 0.69287109375, 0.4814453125, 5.9921875, 0.457275390625, 0.9189453125, 0.0660400390625, 0.88671875, 0.87060546875, 4.0546875, 3.6953125, 1.3955078125, 3.96875, 1.0634765625, 4.72265625, 2.45703125, 0.404296875, 1.6162109375, 0.80224609375, 6.26953125, 3.912109375, 3.521484375, 9.265625, 0.12152099609375, 0.06475830078125, 4.15234375, 0.0738525390625, 0.383056640625, 2.3359375, 2.611328125, 0.75390625, 3.384765625, 1.01953125, 8.84375, 2.693359375, 6.38671875, 2.7734375, 3.904296875, 0.70654296875, 6.0234375, 4.94140625, 0.6162109375, 1.87109375, 4.53125, 0.314697265625, 0.1795654296875, 6.21875, 0.84228515625, 0.1986083984375, 0.168701171875, 0.1781005859375, 7.7421875, 6.28515625, 5.484375, 4.7890625, 7.3515625, 0.075439453125, 1.8671875, 0.966796875, 4.19140625, 0.00498199462890625, 2.236328125, 8.453125, 0.0711669921875, 4.05078125, 8.359375, 5.89453125, 1.9052734375, 1.0478515625, 0.71875, 2.767578125, 0.54296875, 6.99609375, 0.0311431884765625, 1.501953125, 9.2265625, 4.08203125, 1.802734375, 1.390625, 8.6015625, 2.587890625, 0.2958984375, 8.2421875, 9.0859375, 1.9111328125, 3.623046875, 5.2109375, 3.67578125, 2.48046875, 2.7734375, 4.10546875, 7.32421875, 0.1463623046875, 5.2265625, 0.2432861328125, 8.015625, 8.1328125, 1.8447265625, 4.33984375, 0.8642578125, 4.7890625, 2.853515625, 2.189453125, 6.078125, 2.0390625, 3.767578125, 1.400390625, 4.5625, 7.34765625, 0.32763671875, 1.9765625, 5.59375, 13.171875, 4.33984375, 0.0321044921875, 2.171875, 7.890625, 3.572265625, 2.3984375, 4.4609375, 5.69921875, 0.03082275390625, 0.869140625, 0.5283203125, 7.73046875, 7.93359375, 1.85546875, 2.341796875, 8.4765625, 3.640625, 0.03790283203125, 3.296875, 11.5625, 1.3818359375, 0.66796875, 3.658203125, 4.84765625, 10.1796875, 1.5283203125, 1.71875, 3.443359375, 1.8642578125, 8.0859375, 2.70703125, 2.0, 1.4169921875, 4.9375, 8.546875, 0.33544921875, 0.89501953125, 3.16015625, 4.4921875, 3.078125, 4.2578125, 3.140625, 2.951171875, 1.0703125, 4.34765625, 5.78515625, 1.56640625, 4.26953125, 4.7109375, 3.154296875, 0.226806640625, 3.041015625, 0.400146484375, 7.078125, 6.92578125, 8.0078125, 7.97265625, 3.9609375, 3.306640625, 3.123046875, 0.0380859375, 7.1640625, 9.6484375, 2.572265625, 7.23046875, 4.12890625, 7.359375, 4.859375, 0.260009765625, 1.2236328125, 9.46875, 5.26953125, 10.2890625, 4.078125, 0.061309814453125, 0.09149169921875, 1.2431640625, 2.154296875, 2.19921875, 0.01335906982421875, 2.52734375, 4.8125, 7.80859375, 8.1328125, 6.91015625, 0.970703125, 1.4970703125, 2.0625, 0.012603759765625, 0.338134765625, 0.45263671875, 2.052734375, 0.0183563232421875, 4.7734375, 0.1572265625, 0.60107421875, 0.75, 1.4091796875, 1.9208984375, 5.19921875, 0.927734375, 2.47265625, 0.004550933837890625, 0.43798828125, 0.00858306884765625, 0.0182647705078125, 0.0010013580322265625, 0.005611419677734375, 0.038848876953125, 4.99609375, 0.64990234375, 0.236572265625, 0.0139312744140625, 0.001850128173828125, 0.248779296875, 0.642578125, 0.001026153564453125, 1.578125, 7.94921875, 10.3984375, 1.2041015625, 0.00991058349609375, 0.732421875, 0.00334930419921875, 3.248046875, 5.66015625, 8.25, 4.9765625, 1.009765625, 0.00617218017578125, 0.00037217140197753906, 0.005817413330078125, 0.0002206563949584961, 0.53759765625, 3.376953125, 2.466796875, 0.4072265625, 1.7900390625, 0.0034332275390625, 0.00010228157043457031, 5.57421875, 2.603515625, 4.58203125, 9.421875, 0.3447265625, 0.85107421875, 4.32421875, 0.0321044921875, 0.038787841796875, 1.123046875, 0.358642578125, 3.193359375, 5.10546875, 1.5048828125, 0.14501953125, 0.68359375, 0.1787109375, 1.0546875, 0.1627197265625, 2.982421875, 0.2744140625, 6.328125, 10.2890625, 2.484375, 1.71875, 0.890625, 1.828125, 8.78125, 2.84765625, 5.76953125, 1.5986328125, 4.6015625, 0.3974609375, 0.9541015625, 2.595703125]",-1.2135209984793343
189,1,test,3.077574284627909,1.3370934723588495,1.8105519710177091,5.7405530697722655,2.494060362949149,3.377195386354276,21.70568666755783,16.00560323360444,18.155421436714033,40.48729119337212,29.855011212940923,33.86503480423343,3.3992123771552465,1.5442191123785243,2.135947607650464,6.340499770859528,2.8804087070272995,3.9841509780008657,29.94050892934852,23.54885372809749,26.403558944716444,55.84758142261901,43.925323016140396,49.25016176216539,3.2198046529572144,1.467072049060973,2.001597196711113,6.00585323867667,2.736507449025649,3.7335491752124392,25.023231489585186,19.252882259136122,21.642109999551167,46.67545770078066,35.912111985953395,40.368702589836374,0.6381909547738693,-0.021809045226130586,-0.016809045226130692,0.5628140703517588,-0.007185929648241274,0.002814070351758735,0.457286432160804,-0.007713567839195967,-0.012713567839195972,0.41225626740947074,0.1118390212342274,0.1678769907721296,0.36592178770949724,0.4120603015075377,0.10629589047996879,0.18501522638232903,0.3787878787878788,0.4280936454849499,0.12926225984221196,0.19005137629696323,0.3825503355704698,23.0,6.0,3.0,33.0,5.0,3.0,41.0,4.0,3.0,-0.001175277877723312,-0.00028555806650308537,-0.00044098582661667276,0.02310931298715868,0.020805155419216348,0.022195509041873507,"[3.056640625, 9.4453125, 2.4296875, 1.0791015625, 0.80224609375, 3.9921875, 4.4609375, 0.87841796875, 2.224609375, 0.46142578125, 10.421875, 0.5908203125, 0.5029296875, 5.453125, 3.046875, 3.27734375, 5.14453125, 0.00824737548828125, 9.8515625, 4.34375, 2.580078125, 7.3828125, 0.394287109375, 6.39453125, 14.1640625, 7.8125, 5.97265625, 7.33203125, 9.2578125, 6.91015625, 6.23046875, 0.71337890625, 6.328125, 8.8984375, 6.1484375, 0.1982421875, 2.181640625, 5.76171875, 2.853515625, 6.1328125, 2.435546875, 1.23828125, 3.462890625, 3.5859375, 2.033203125, 0.359375, 8.3984375, 7.09765625, 4.43359375, 3.646484375, 2.828125, 1.5576171875, 9.125, 4.55859375, 3.31640625, 5.4921875, 2.84765625, 5.265625, 2.88671875, 3.603515625, 4.78515625, 1.9697265625, 0.7626953125, 8.8828125, 8.125, 0.0118560791015625, 1.2080078125, 5.25, 0.59765625, 7.61328125, 1.15234375, 2.265625, 2.212890625, 3.994140625, 1.935546875, 2.541015625, 4.88671875, 6.140625, 9.359375, 1.0244140625, 2.740234375, 0.67236328125, 4.46484375, 0.04583740234375, 2.794921875, 4.00390625, 0.1802978515625, 5.80859375, 0.1385498046875, 4.85546875, 4.76171875, 12.3046875, 11.234375, 2.1875, 0.047393798828125, 4.09375, 2.890625, 0.79931640625, 6.64453125, 5.6875, 1.5400390625, 1.8173828125, 3.91796875, 9.296875, 3.603515625, 6.33203125, 4.921875, 0.4609375, 8.1640625, 7.26171875, 0.0119781494140625, 3.220703125, 8.8359375, 7.39453125, 0.00093841552734375, 2.134765625, 0.005191802978515625, 1.1865234375, 0.0005393028259277344, 0.14892578125, 1.9140625, 0.1495361328125, 0.032135009765625, 2.8984375, 0.00470733642578125, 0.19140625, 0.461181640625, 5.63671875, 0.0648193359375, 0.09454345703125, 5.00390625, 2.01171875, 0.00313568115234375, 0.00664520263671875, 9.1953125, 8.8984375, 1.9287109375, 3.1953125, 3.916015625, 1.1513671875, 5.32421875, 10.640625, 3.099609375, 0.358642578125, 0.8857421875, 0.8994140625, 0.62353515625, 0.00014829635620117188, 0.002490997314453125, 0.38916015625, 0.0008211135864257812, 0.021209716796875, 3.96875, 3.48046875, 1.064453125, 2.146484375, 4.66796875, 0.08538818359375, 10.9375, 0.95361328125, 0.53515625, 7.703125, 4.84375, 12.5078125, 1.2607421875, 11.8515625, 3.724609375, 0.0009746551513671875, 0.00817108154296875, 5.50390625, 8.3984375, 7.24609375, 1.8203125, 2.94140625, 0.50048828125, 0.2138671875, 0.408935546875, 0.9619140625, 0.0088653564453125, 0.01097869873046875, 0.2047119140625, 0.06243896484375, 0.78076171875, 8.189678192138672e-05, 0.0175933837890625, 0.1551513671875, 0.01739501953125, 0.0029582977294921875, 5.08984375, 5.33984375, 0.078125, 0.01031494140625, 0.2498779296875, 0.89404296875, 2.8125, 0.047882080078125, 3.228515625, 0.94287109375, 0.0010595321655273438, 0.003910064697265625, 4.94140625, 2.9921875, 1.4228515625, 2.330078125, 7.3671875, 0.245849609375, 1.4453125, 0.63037109375, 0.0243377685546875, 4.078125, 4.125, 4.3203125, 4.06640625, 2.193359375, 1.3935546875, 0.9189453125, 0.0017757415771484375, 0.01016998291015625, 0.005584716796875, 7.55078125, 5.62890625, 2.421875, 8.9609375, 7.84765625, 4.16015625, 0.01715087890625, 0.143798828125, 1.060546875, 0.88916015625, 7.86328125, 9.5859375, 10.8515625, 7.16796875, 0.047760009765625, 0.334228515625, 0.02191162109375, 0.04071044921875, 0.8330078125, 3.9375, 6.98046875, 3.51171875, 4.9609375, 1.2236328125, 3.830078125, 5.3203125, 0.896484375, 0.028961181640625, 0.40771484375, 1.42578125, 0.0124664306640625, 0.1285400390625, 0.0027408599853515625, 0.943359375, 4.76171875, 5.12109375, 0.375732421875, 3.552734375, 6.38671875, 4.484375, 6.47265625, 9.4609375, 0.0833740234375, 1.5126953125, 0.0123748779296875, 0.83349609375, 0.94677734375, 8.046875, 5.62890625, 7.1484375, 8.0703125, 6.33984375, 3.830078125, 2.65625, 0.427490234375, 2.64453125, 0.00928497314453125, 0.7509765625, 2.509765625, 0.00921630859375, 0.158935546875, 3.65234375, 3.48828125, 0.1143798828125, 4.046875, 0.380126953125, 0.01654052734375, 0.0838623046875, 0.0003509521484375, 0.541015625, 6.953125, 1.2587890625, 0.1678466796875, 2.671875, 0.056121826171875, 5.015625, 1.4365234375, 4.1796875, 0.0989990234375, 6.6171875, 2.00390625, 5.08984375, 0.058837890625, 0.314453125, 0.047698974609375, 0.5224609375, 2.296875, 6.37109375, 0.2293701171875, 11.71875, 5.3125, 0.36962890625, 0.0007767677307128906, 0.002338409423828125, 0.400634765625, 0.7294921875, 0.00408935546875, 0.0008625984191894531, 0.0075531005859375, 0.0008273124694824219, 3.8359375, 5.1640625, 0.03155517578125, 5.46484375, 0.031005859375, 0.029144287109375, 0.01224517822265625, 4.90234375, 7.51953125, 0.61083984375, 6.27734375, 9.5078125, 8.953125, 5.71484375, 3.517578125, 3.85546875, 0.053131103515625, 0.413818359375, 2.154296875, 3.140625, 1.55078125, 1.3857421875, 2.267578125, 2.583984375, 0.12384033203125, 1.0361328125, 3.02734375, 0.7734375, 0.404052734375, 7.0703125, 0.48681640625, 4.40625, 0.1033935546875, 1.6796875, 2.82421875, 2.078125, 0.040740966796875, 0.0513916015625, 1.34765625, 9.046875]",-1.8915905636997277
286,1,test,3.2967760462914746,1.4806358512695919,2.0376860398120966,5.424853705802374,2.4363902102901753,3.353017769214614,27.02536977928642,20.877287584000634,23.50315494339469,44.47031746750305,34.353631950392575,38.67450363701454,3.542660810240549,1.5813501502081475,2.19188850085766,5.829457735369369,2.6021158556335124,3.6067583268081065,34.558751242051486,27.450113272271206,30.69834543472369,56.866516594063555,45.16923400886955,50.514208625391895,3.2580321265702263,1.4553439323335347,1.9999573968969022,5.361100483403917,2.3947722907710545,3.290935187486437,25.99832535620105,19.932393386189716,22.479684728625713,42.78031315226733,32.79880604817461,36.99038069101903,0.728643216080402,-0.001356783919598037,-0.001356783919598037,0.6030150753768844,-0.006984924623115618,-0.011984924623115623,0.507537688442211,-0.0024623115577889765,-0.007462311557788981,0.44516129032258067,0.12954132252869988,0.2037449813097051,0.4239482200647249,0.44723618090452266,0.12643417589199135,0.18680212414325392,0.4545454545454546,0.45150501672240806,0.13264024209803416,0.2034516240638986,0.42281879194630867,28.0,16.0,15.0,40.0,15.0,15.0,46.0,12.0,11.0,-0.0012917950964645144,-4.324353500698953e-05,-0.00018708379487664912,0.005968783527276145,0.004750544616679342,0.005843644511495327,"[3.0625, 9.453125, 2.48046875, 1.494140625, 0.81689453125, 2.970703125, 3.30078125, 4.30078125, 5.265625, 0.0977783203125, 5.03125, 5.46875, 3.4296875, 5.98046875, 3.470703125, 2.71484375, 0.389892578125, 6.38671875, 0.1768798828125, 1.8740234375, 3.263671875, 0.603515625, 6.4375, 0.01287078857421875, 6.33984375, 6.03515625, 5.890625, 0.417236328125, 6.2421875, 0.90966796875, 3.833984375, 5.3984375, 5.40625, 4.6640625, 6.2265625, 0.032958984375, 7.17578125, 6.8515625, 0.143310546875, 0.96142578125, 5.4140625, 5.0390625, 0.002742767333984375, 8.625, 4.76953125, 2.43359375, 9.09375, 6.8515625, 2.01953125, 8.578125, 0.311279296875, 1.654296875, 5.04296875, 3.220703125, 6.81640625, 1.509765625, 8.0078125, 2.0546875, 0.376708984375, 0.52880859375, 0.18115234375, 5.671875, 2.740234375, 10.046875, 6.33984375, 0.325439453125, 4.5546875, 2.12109375, 6.5234375, 1.7353515625, 2.02734375, 0.646484375, 2.986328125, 0.1632080078125, 2.041015625, 1.3701171875, 7.5703125, 2.986328125, 2.515625, 7.8046875, 0.10430908203125, 0.91259765625, 0.03759765625, 3.4609375, 2.244140625, 4.8671875, 8.1171875, 2.21875, 8.4921875, 0.033203125, 4.1796875, 4.19140625, 3.18359375, 6.19140625, 6.90234375, 3.271484375, 8.59375, 7.109375, 2.546875, 11.5546875, 1.892578125, 7.57421875, 0.93115234375, 0.009735107421875, 7.65625, 0.55615234375, 5.37109375, 6.2890625, 1.7001953125, 5.26953125, 1.0693359375, 2.142578125, 1.2041015625, 7.18359375, 0.278564453125, 8.0859375, 5.98828125, 1.5478515625, 0.043670654296875, 5.1484375, 0.90576171875, 5.83203125, 6.85546875, 5.8671875, 3.228515625, 2.015625, 10.3671875, 0.58544921875, 1.0576171875, 5.0, 3.791015625, 1.8916015625, 4.67578125, 2.369140625, 7.046875, 5.68359375, 7.41015625, 1.5986328125, 5.265625, 0.81884765625, 5.859375, 6.48046875, 1.9619140625, 1.4716796875, 7.2265625, 0.15869140625, 8.125, 1.177734375, 4.2578125, 7.453125, 8.0859375, 1.947265625, 2.599609375, 4.48046875, 1.9658203125, 2.470703125, 0.81884765625, 3.03125, 0.412353515625, 10.0859375, 4.765625, 1.740234375, 6.2109375, 0.60009765625, 0.2489013671875, 0.0015745162963867188, 0.459716796875, 0.88134765625, 5.7734375, 1.7294921875, 0.05279541015625, 5.21484375, 1.46484375, 3.94140625, 0.0268096923828125, 0.1431884765625, 0.00119781494140625, 6.103515625e-05, 7.6875, 4.375, 5.375, 3.658203125, 4.7421875, 5.19140625, 4.06640625, 0.0021457672119140625, 0.3330078125, 0.0005955696105957031, 0.004253387451171875, 0.003131866455078125, 0.388916015625, 3.392578125, 0.204345703125, 6.625, 6.140625, 4.9453125, 0.006687164306640625, 0.0726318359375, 0.16943359375, 3.68359375, 0.0174560546875, 4.39453125, 5.8984375, 4.4375, 0.192626953125, 0.004627227783203125, 4.375, 0.01497650146484375, 5.20703125, 4.5546875, 0.07806396484375, 0.0426025390625, 0.000400543212890625, 0.8232421875, 3.978515625, 0.52978515625, 3.908203125, 2.494140625, 0.63671875, 0.020599365234375, 2.66015625, 8.2421875, 0.1383056640625, 0.38720703125, 6.78125, 4.2421875, 7.19921875, 5.78515625, 8.4140625, 0.1370849609375, 9.734375, 2.71484375, 3.076171875, 0.0662841796875, 0.03228759765625, 0.00445556640625, 0.0004820823669433594, 6.7734375, 0.72216796875, 0.0010118484497070312, 0.00164031982421875, 0.0059356689453125, 0.00019228458404541016, 0.509765625, 0.1719970703125, 0.00240325927734375, 0.0002231597900390625, 0.0001474618911743164, 1.4453125, 6.4765625, 7.04296875, 0.050933837890625, 1.947265625, 2.1640625, 3.71484375, 4.10546875, 0.5419921875, 0.0579833984375, 7.74609375, 6.53125, 4.19140625, 5.83984375, 9.0078125, 1.53125, 2.869140625, 1.3603515625, 1.6474609375, 2.291015625, 0.05633544921875, 0.06109619140625, 5.453125, 3.6015625, 2.125, 8.2734375, 1.9072265625, 0.099609375, 0.81689453125, 1.88671875, 1.1640625, 8.140625, 0.71337890625, 4.6953125, 4.390625, 4.19921875, 0.57763671875, 5.2734375, 0.064208984375, 0.880859375, 5.453125, 0.03253173828125, 2.525390625, 1.6337890625, 2.369140625, 1.1806640625, 3.6171875, 0.4267578125, 5.83203125, 0.07989501953125, 4.11328125, 1.9970703125, 0.399658203125, 2.466796875, 1.1318359375, 8.4921875, 5.2109375, 10.6640625, 0.230712890625, 0.036956787109375, 8.03125, 9.1875]",-1.4538810353125293
373,1,test,3.256933116562226,1.3771375146726257,1.9069036326289546,5.525443745013527,2.3363377736485833,3.235095217544644,25.969768631380816,19.41760315631123,22.112229366930244,44.058164693039096,32.9423018721499,37.513782159816984,2.772961930413941,1.1160319334382598,1.5507065090126768,4.704378200353999,1.8933676084698834,2.630800594892153,16.00597244519992,10.762782942006245,12.611136554207302,27.154410964244637,18.25924867275686,21.395012761117858,3.18676521108302,1.357120487276782,1.866945461289056,5.406402671538854,2.302378538116331,3.1673054840774526,24.209986445625,17.97831414524701,20.467239760030186,41.07266357193097,30.50052300263298,34.7230286476134,0.6130653266331658,0.0030653266331658324,0.013065326633165841,0.5025125628140703,-0.007487437185929702,-0.0024874371859296973,0.38190954773869346,-0.008090452261306558,0.0019095477386934512,0.4294117647058824,0.10488900405977375,0.16815931852192934,0.43952802359882004,0.3919597989949749,0.08368912230324554,0.13820353856091816,0.33838383838383834,0.40802675585284276,0.09750922663748385,0.16219805729889392,0.412751677852349,23.0,7.0,7.0,35.0,7.0,7.0,43.0,8.0,8.0,0.00044715027164364703,0.00031555016270310045,0.00024788775313796873,-0.00034512908460637703,5.516869649557776e-05,-0.0001678595039624753,"[3.056640625, 9.4453125, 2.4296875, 1.0791015625, 0.80224609375, 4.9921875, 2.572265625, 3.134765625, 3.919921875, 0.0086669921875, 6.6640625, 7.171875, 0.361572265625, 3.1796875, 6.7421875, 0.1351318359375, 2.767578125, 2.66796875, 4.40234375, 0.55615234375, 1.525390625, 9.03125, 0.7763671875, 2.216796875, 1.240234375, 0.2386474609375, 3.978515625, 0.43310546875, 1.8740234375, 3.90625, 4.95703125, 3.126953125, 11.96875, 3.37109375, 0.99755859375, 1.0498046875, 2.814453125, 1.333984375, 6.08203125, 0.51171875, 0.267822265625, 3.81640625, 4.08203125, 0.059295654296875, 5.640625, 1.7294921875, 6.98828125, 6.640625, 0.006763458251953125, 4.70703125, 3.80859375, 11.0234375, 0.53271484375, 1.9990234375, 7.49609375, 4.56640625, 0.54443359375, 3.0, 0.77392578125, 5.88671875, 2.095703125, 0.364501953125, 10.3828125, 5.32421875, 2.048828125, 0.349853515625, 10.7421875, 1.2294921875, 3.603515625, 2.3671875, 4.0, 0.1824951171875, 4.06640625, 5.51171875, 3.236328125, 8.6171875, 6.22265625, 1.513671875, 2.904296875, 4.65625, 3.275390625, 11.171875, 2.3125, 8.6953125, 3.056640625, 8.6015625, 4.5078125, 0.0789794921875, 0.02130126953125, 2.94921875, 0.1746826171875, 0.004764556884765625, 3.75, 0.003582000732421875, 0.1533203125, 0.0005426406860351562, 0.0017213821411132812, 0.0033130645751953125, 0.73095703125, 2.625, 0.1947021484375, 5.01171875, 0.0252532958984375, 5.16015625, 7.2734375, 1.373046875, 0.239990234375, 1.7314453125, 2.86328125, 0.0086822509765625, 2.68359375, 0.06341552734375, 8.4765625, 4.84375, 4.40234375, 4.0390625, 0.376220703125, 0.369140625, 3.24609375, 1.7314453125, 0.005939483642578125, 1.19140625, 0.05535888671875, 7.8359375, 6.59375, 2.171875, 2.26953125, 0.494140625, 0.060302734375, 0.0005598068237304688, 0.12359619140625, 0.0004699230194091797, 0.40625, 8.0625, 0.60888671875, 9.15625, 3.61328125, 0.10614013671875, 2.419921875, 6.3046875, 0.458251953125, 0.02362060546875, 0.35205078125, 0.016143798828125, 0.01123809814453125, 5.52734375, 0.1044921875, 0.01036834716796875, 0.982421875, 0.91455078125, 0.355224609375, 0.90185546875, 1.3330078125, 0.036651611328125, 0.00855255126953125, 0.1968994140625, 0.0036449432373046875, 0.0006403923034667969, 0.0010461807250976562, 1.1324882507324219e-05, 1.046875, 2.203125, 1.6337890625, 0.01947021484375, 0.0002849102020263672, 0.022735595703125, 0.0004703998565673828, 0.00014603137969970703, 5.84375, 2.2109375, 1.9384765625, 4.52734375, 8.25, 0.68505859375, 0.0487060546875, 3.423828125, 7.5078125, 2.748046875, 0.7509765625, 2.75390625, 0.55419921875, 2.58984375, 6.14453125, 5.00390625, 7.48828125, 0.138916015625, 2.546875, 0.049163818359375, 6.3046875, 4.90234375, 0.77392578125, 1.2529296875, 0.060577392578125, 0.14501953125, 3.31640625, 12.15625, 2.966796875, 0.1180419921875, 1.486328125, 8.5546875, 4.3046875, 7.48046875, 6.59375, 7.76171875, 3.115234375, 3.5643577575683594e-05, 3.384765625, 0.20458984375, 7.0, 1.73046875, 2.5234375, 8.609375, 10.625, 0.1544189453125, 3.693359375, 9.4375, 0.08563232421875, 6.421875, 3.783203125, 6.26953125, 8.140625, 4.79296875, 0.277587890625, 1.7802734375, 6.171875, 4.9375, 0.94091796875, 3.501953125, 5.109375, 1.01953125, 4.1484375, 6.87890625, 6.41796875, 1.0048828125, 2.015625, 9.78125, 2.18359375, 3.025390625, 4.83984375, 7.8125, 5.05078125, 4.5, 4.58984375, 7.30859375, 5.85546875, 1.5498046875, 9.21875, 0.2010498046875, 1.3193359375, 4.8515625, 0.061492919921875, 8.6015625, 4.8125, 6.16015625, 7.5390625, 0.238037109375, 0.0091094970703125, 0.8486328125, 2.029296875, 9.0703125, 5.77734375, 3.59375, 0.000263214111328125, 6.13671875, 8.8671875, 2.865234375, 0.440673828125, 4.28125, 1.431640625, 0.054962158203125, 0.5224609375, 8.296875, 4.15625, 5.5390625, 3.46484375, 11.828125, 5.38671875, 5.2578125, 0.7099609375, 0.0001614093780517578, 10.5390625, 1.142578125, 9.2109375, 2.615234375, 4.34765625, 1.4609375, 0.552734375, 0.0215301513671875, 0.1973876953125, 5.9609375, 0.01348114013671875, 2.169921875, 5.43359375, 0.333984375, 4.7734375, 0.58935546875, 2.341796875, 0.08642578125, 0.021759033203125, 0.094482421875, 0.0088653564453125, 5.69140625, 8.3359375, 4.5625, 1.236328125, 5.73046875, 4.89453125, 2.13671875, 7.1875, 4.7265625, 0.01314544677734375, 10.1171875, 0.07501220703125, 2.09375, 1.927734375, 1.8916015625, 8.5390625, 0.71484375, 8.65625, 3.451171875, 3.400390625, 6.05859375, 0.375732421875, 5.51171875, 2.37109375, 7.85546875, 1.4072265625, 4.18359375, 0.92236328125, 4.859375, 0.0687255859375, 3.73828125, 6.13671875, 0.0130767822265625, 5.9921875, 7.71484375, 4.74609375, 1.79296875, 0.2098388671875, 4.08203125]",-1.1990285876919242
59,1,test,3.031252295978298,1.3249963883565166,1.831419095997968,5.486735999424406,2.3983174850698963,3.3149708776723,20.723167886467802,15.214868646570913,17.403604713115286,37.51009159338306,27.53976224295517,31.501496799158392,3.2993758431631117,1.4172860433562253,1.9747755078095088,5.972054598798034,2.5653669164660164,3.5744539917892784,27.09572166177008,20.52850696596922,23.33503961881941,49.044769935270985,37.15774445236887,42.23772534356139,3.04358026255732,1.344518071570088,1.8533970319758346,5.509050307645651,2.4336528222832876,3.3547521696098905,20.98022363937271,15.511407358467842,17.69254008300588,37.97537686679753,28.0765138778971,32.02448596030115,0.7236180904522613,-0.0013819095477386467,-0.0013819095477386467,0.5728643216080402,-0.01713567839195984,0.007864321608040292,0.4522613065326633,-0.017738693467336697,-0.027738693467336706,0.43343653250773995,0.11658954641809538,0.1769998692739604,0.406832298136646,0.4120603015075377,0.07622070251004398,0.13994010117364786,0.41414141414141414,0.4247491638795987,0.12257888007325479,0.17447107711652865,0.3993288590604027,18.0,-4.0,-1.0,34.0,0.0,2.0,41.0,2.0,2.0,-0.0012053264995454142,-9.711683829409764e-05,-0.0003141577880168597,0.004263268205502158,0.0034856475492706096,0.004312615626377081,"[3.056640625, 9.4453125, 2.4296875, 1.0791015625, 0.80224609375, 3.9921875, 0.56396484375, 3.662109375, 4.71875, 0.2802734375, 1.39453125, 5.03125, 1.6767578125, 4.11328125, 4.17578125, 1.1640625, 3.0, 3.1875, 1.3984375, 1.134765625, 0.0024585723876953125, 0.77490234375, 6.38671875, 6.76953125, 5.28515625, 2.06640625, 6.58984375, 2.962890625, 5.5703125, 1.685546875, 5.91015625, 1.2138671875, 1.67578125, 5.2421875, 0.03863525390625, 6.2578125, 4.54296875, 3.1171875, 0.09942626953125, 9.25, 10.1171875, 13.46875, 0.1796875, 0.97607421875, 7.45703125, 6.703125, 4.78515625, 3.599609375, 0.95947265625, 7.5078125, 0.7373046875, 0.95458984375, 1.5595703125, 6.53125, 0.833984375, 4.07421875, 1.2255859375, 3.2734375, 4.2265625, 3.001953125, 1.142578125, 4.2734375, 0.01532745361328125, 1.2705078125, 3.0859375, 9.1640625, 1.875, 7.7265625, 2.103515625, 1.763671875, 0.11572265625, 4.18359375, 5.3671875, 0.01302337646484375, 0.4794921875, 9.484375, 0.390380859375, 9.234375, 0.235107421875, 3.505859375, 3.091796875, 0.6123046875, 10.4765625, 3.63671875, 3.853515625, 4.234375, 5.66796875, 7.06640625, 5.578125, 0.9970703125, 2.013671875, 0.05859375, 2.26953125, 3.52734375, 8.0546875, 0.053802490234375, 10.4296875, 2.93359375, 1.0048828125, 2.3125, 9.3671875, 4.95703125, 0.388427734375, 0.759765625, 8.1875, 0.267333984375, 1.150390625, 5.01171875, 2.546875, 3.279296875, 5.4296875, 1.419921875, 4.97265625, 5.65625, 7.51171875, 0.187255859375, 0.79248046875, 6.18359375, 2.779296875, 0.35009765625, 5.4921875, 0.062347412109375, 4.38671875, 2.052734375, 5.765625, 1.6220703125, 1.7880859375, 0.93017578125, 0.1011962890625, 0.274658203125, 5.0390625, 0.045257568359375, 2.939453125, 0.865234375, 4.828125, 0.06134033203125, 1.6494140625, 5.51953125, 2.05859375, 2.0390625, 0.4814453125, 1.4462890625, 5.41796875, 2.6640625, 5.21875, 0.0156402587890625, 0.366455078125, 4.66796875, 6.453125, 0.17138671875, 6.34375, 0.1209716796875, 2.017578125, 7.46484375, 2.423828125, 1.7841796875, 6.94921875, 0.9912109375, 7.98046875, 3.185546875, 6.86328125, 0.61572265625, 3.962890625, 0.09942626953125, 4.375, 0.055908203125, 0.019012451171875, 7.61328125, 0.7724609375, 3.7734375, 0.0032405853271484375, 4.17578125, 2.25390625, 0.00319671630859375, 0.336181640625, 0.0008063316345214844, 0.0022373199462890625, 0.00339508056640625, 0.57275390625, 7.42578125, 2.013671875, 7.16015625, 2.263671875, 10.1484375, 0.06561279296875, 4.20703125, 1.5009765625, 5.11328125, 7.75, 2.458984375, 0.25390625, 3.103515625, 6.61328125, 7.34375, 5.92578125, 2.52734375, 0.810546875, 0.00936126708984375, 2.189453125, 0.0038661956787109375, 0.0124969482421875, 0.002460479736328125, 0.0307464599609375, 6.33984375, 7.01171875, 6.78515625, 9.421875, 4.69140625, 4.04296875, 0.25146484375, 0.0030612945556640625, 0.00580596923828125, 0.0005507469177246094, 0.6240234375, 0.00022840499877929688, 0.386474609375, 5.15625, 1.6533203125, 3.353515625, 0.533203125, 0.041961669921875, 0.2066650390625, 2.615234375, 0.01031494140625, 0.0019741058349609375, 0.0229034423828125, 0.0006909370422363281, 5.47265625, 0.82568359375, 3.974609375, 3.560546875, 1.1083984375, 4.38671875, 0.019256591796875, 2.71875, 3.0078125, 7.37109375, 2.033203125, 0.5029296875, 8.328125, 0.53369140625, 2.845703125, 1.18359375, 5.08203125, 9.109375, 4.59765625, 1.5869140625, 1.4619140625, 8.1953125, 2.76953125, 2.501953125, 1.1943359375, 6.7578125, 0.148681640625, 0.1341552734375, 0.0269317626953125, 3.2109375, 0.0021877288818359375, 7.19921875, 0.135498046875, 0.07208251953125, 0.0849609375, 4.6171875, 0.16015625, 8.022785186767578e-05, 0.2340087890625, 0.00920867919921875, 0.01117706298828125, 0.0004787445068359375, 0.035186767578125, 1.5087890625, 4.37109375, 0.73583984375, 0.117919921875, 2.193359375, 3.607421875, 3.26953125, 1.7763671875, 5.1953125, 2.82421875, 6.3515625, 3.376953125, 1.4619140625, 7.01171875, 4.5546875, 2.576171875, 5.625, 4.1171875, 1.2294921875, 4.94140625, 4.54296875, 1.1943359375, 1.4111328125, 5.40234375, 5.953125, 1.58984375, 0.002216339111328125, 0.52978515625, 6.08203125, 0.98388671875, 2.099609375, 0.81103515625, 3.5625, 2.046875, 0.00145721435546875, 0.0035190582275390625, 3.115234375, 0.0034580230712890625, 6.12109375, 5.83984375, 4.859375, 2.5272369384765625e-05, 4.6875, 4.93359375, 1.91796875, 7.328125, 1.3134765625, 1.44140625, 2.662109375, 1.533203125, 4.6484375, 4.11328125, 4.59765625]",-1.2961460041926003
317,1,test,3.5460734523426405,1.5887293997630687,2.2135157870931836,5.592664416266107,2.5056532247691825,3.491030612786964,34.676889358436476,27.596392715310678,30.886162949904087,54.69040835959124,43.52345365386141,48.71189128099159,3.665305631244602,1.616866841991654,2.2734630090528434,5.7807105955629146,2.5500299907982655,3.5855759457061978,39.068074762915856,31.312291525563346,35.04582003820627,61.61593505465586,49.38395692031705,55.27226474597103,3.5610419394753197,1.6185449859195566,2.220166318045221,5.616271858829647,2.552676663507415,3.5015194501741775,35.19985416217075,28.223705802356363,31.377465155986286,55.515198564337865,44.51281600828774,49.48674504601265,0.778894472361809,0.008894472361808958,0.02389447236180897,0.6281407035175879,-0.0018592964824121205,0.008140703517587888,0.49246231155778897,-0.01753768844221104,-0.01753768844221104,0.4254545454545454,0.0987757795743276,0.17394305815103872,0.4124087591240876,0.4120603015075377,0.07872696817420433,0.14828734658266296,0.41414141414141414,0.4363636363636364,0.118759280646758,0.1848521490601297,0.4233576642335767,17.0,2.0,2.0,27.0,3.0,-1.0,34.0,1.0,0.0,-0.0009706237641779161,-0.0002453294412144485,-4.5080731621335274e-05,0.0002179643979092205,-0.00019661043173790915,-4.380359388900246e-05,"[3.056640625, 9.4453125, 1.869140625, 5.66796875, 0.78759765625, 0.189453125, 1.3203125, 6.66015625, 8.34375, 1.8623046875, 5.8671875, 3.177734375, 0.446533203125, 1.3916015625, 1.5966796875, 2.255859375, 3.048828125, 3.541015625, 7.8125, 3.837890625, 5.2734375, 10.609375, 0.26708984375, 0.96044921875, 5.83984375, 7.49609375, 1.4404296875, 3.951171875, 0.019439697265625, 2.515625, 2.041015625, 0.03265380859375, 6.5703125, 3.09375, 0.9365234375, 0.036651611328125, 0.0836181640625, 2.546875, 2.30078125, 3.69921875, 0.1572265625, 4.83203125, 0.64306640625, 1.4775390625, 2.59375, 4.1171875, 8.2578125, 2.439453125, 1.75390625, 0.04156494140625, 1.923828125, 6.41796875, 3.302734375, 5.34375, 7.765625, 1.5556640625, 2.349609375, 9.5625, 5.390625, 3.798828125, 0.73876953125, 1.57421875, 6.4375, 8.8359375, 4.19140625, 2.37890625, 2.197265625, 11.2421875, 4.7265625, 1.712890625, 5.359375, 10.2421875, 17.84375, 3.896484375, 4.7265625, 5.98046875, 0.0975341796875, 1.1572265625, 4.15234375, 1.5419921875, 6.3046875, 2.8203125, 2.796875, 3.84375, 0.54248046875, 3.5390625, 11.0703125, 0.97265625, 3.76953125, 0.134033203125, 0.461181640625, 6.93359375, 2.41015625, 6.52734375, 6.125, 5.39453125, 0.70361328125, 1.244140625, 3.935546875, 7.21484375, 0.52099609375, 6.26171875, 1.3837890625, 0.171630859375, 11.171875, 12.1484375, 4.09375, 3.435546875, 4.734375, 8.2421875, 3.146484375, 4.26171875, 4.32421875, 9.15625, 0.014862060546875, 9.109375, 5.6484375, 5.2890625, 8.0859375, 0.12359619140625, 9.9921875, 1.197265625, 2.333984375, 5.8125, 0.436279296875, 4.359375, 0.2437744140625, 0.7216796875, 0.0188140869140625, 0.82958984375, 3.630859375, 1.916015625, 1.615234375, 3.49609375, 0.097412109375, 3.689453125, 12.453125, 4.296875, 7.2578125, 1.8193359375, 2.427734375, 3.060546875, 6.42578125, 1.90234375, 1.1650390625, 3.876953125, 6.0859375, 7.25390625, 3.365234375, 0.9423828125, 1.875, 2.544921875, 1.3740234375, 6.421875, 2.76953125, 0.97119140625, 4.875, 2.001953125, 0.9169921875, 0.783203125, 4.19921875, 7.34765625, 0.671875, 0.97216796875, 4.10546875, 1.63671875, 2.421875, 0.724609375, 0.0797119140625, 1.892578125, 9.625, 8.453125, 3.056640625, 0.716796875, 0.369384765625, 5.90625, 0.07037353515625, 0.51953125, 5.53515625, 2.341796875, 7.37109375, 0.94140625, 3.623046875, 0.4404296875, 3.41015625, 2.3515625, 3.900390625, 0.03936767578125, 2.10546875, 0.58056640625, 1.765625, 5.66015625, 0.4384765625, 3.578125, 0.09063720703125, 0.34765625, 4.5859375, 3.033203125, 3.48828125, 1.123046875, 10.609375, 6.48828125, 9.8984375, 6.828125, 5.671875, 0.74267578125, 5.296875, 2.3984375, 3.310546875, 0.6708984375, 0.51220703125, 5.69921875, 4.9296875, 4.05078125, 6.90625, 0.4287109375, 8.6015625, 2.80859375, 7.46875, 0.86669921875, 6.58203125, 0.00861358642578125, 1.248046875, 1.275390625, 0.3515625, 7.4609375, 6.328125, 0.0093994140625, 0.0108642578125, 1.29296875, 4.0859375, 0.73046875, 3.03125, 0.54052734375, 10.046875, 1.658203125, 0.7724609375, 5.19921875, 0.134765625, 0.254638671875, 10.3125, 2.365234375, 0.449462890625, 9.1015625, 2.091796875, 3.986328125, 4.39453125, 4.5546875, 1.4111328125, 0.916015625, 1.6416015625, 0.497314453125, 2.001953125, 0.462158203125, 5.65625, 3.681640625, 0.001895904541015625, 0.004734039306640625, 5.09375, 0.79052734375, 3.021484375, 6.77734375, 4.6640625, 3.3359375, 4.0390625, 2.40625, 4.4609375, 8.3125, 0.353759765625, 0.68310546875, 3.32421875, 0.0014677047729492188, 1.4609375, 7.359375, 0.84765625]",-1.173428996693004
50,1,test,4.003268338983709,1.862848789162849,2.5673983863402006,6.696376130663658,3.1160379745996742,4.294557300787244,54.77688722309237,46.273882908522786,50.573587132383686,91.6267931731727,77.40358595607448,84.59581847598726,4.1792032826485945,1.941426581036911,2.6634907183505665,6.990667309157649,3.247477190098105,4.4552935652409476,65.3137958448232,55.94132553700844,60.76113180765203,109.252167594977,93.57458089826866,101.63680229643612,4.0180341789939185,1.8890389988639136,2.583704061392337,6.721075353953464,3.159847052645092,4.321832248147182,55.59171497954001,47.18529934680816,51.394882296954,92.98977778395783,78.92813708920637,85.96962129672306,0.7989949748743719,-0.02600502512562808,-0.01600502512562807,0.6783919597989949,-0.006608040201005139,-0.011608040201005032,0.5326633165829145,-0.007336683417085488,-0.012336683417085381,0.4109090909090909,0.07515591486553375,0.15093327470594697,0.3978102189781022,0.4120603015075377,0.08123323383836478,0.14995679566446596,0.4191919191919192,0.4036363636363637,0.06062365946213499,0.14849730680444106,0.3941605839416058,27.0,5.0,4.0,37.0,5.0,4.0,45.0,4.0,4.0,-0.0004770411206188999,-0.00027907479211856316,-6.53791212720656e-05,0.0002179643979092205,-0.00019661043173790915,-4.380359388900246e-05,"[3.056640625, 9.4453125, 2.48046875, 1.80859375, 0.8740234375, 3.994140625, 0.56640625, 11.6640625, 0.98291015625, 5.03125, 7.6875, 4.7421875, 2.681640625, 11.2578125, 0.78466796875, 2.083984375, 7.5390625, 2.3203125, 0.04754638671875, 4.65625, 3.271484375, 12.9140625, 3.41015625, 0.1689453125, 2.80078125, 5.203125, 1.880859375, 5.1328125, 1.4814453125, 1.201171875, 0.85888671875, 5.38671875, 8.859375, 5.1328125, 1.4375, 11.578125, 0.2071533203125, 5.8203125, 7.80078125, 0.0066070556640625, 1.794921875, 0.52392578125, 9.0078125, 2.314453125, 9.890625, 6.890625, 3.568359375, 1.3193359375, 2.935546875, 0.31689453125, 1.876953125, 5.59375, 2.419921875, 8.2265625, 2.74609375, 5.02734375, 6.2734375, 3.84765625, 0.2041015625, 4.671875, 6.8515625, 0.6845703125, 3.94921875, 5.1484375, 3.158203125, 4.984375, 4.58984375, 3.166015625, 0.006961822509765625, 1.0703125, 2.0078125, 4.171875, 8.8515625, 10.0859375, 6.44921875, 0.09967041015625, 8.0546875, 1.3466796875, 10.8203125, 3.080078125, 2.689453125, 2.650390625, 7.47265625, 2.4453125, 1.7158203125, 3.15234375, 2.525390625, 9.265625, 6.6015625, 2.201171875, 7.78125, 0.09149169921875, 3.689453125, 7.9921875, 3.37890625, 3.984375, 1.8701171875, 5.9375, 9.2265625, 2.8046875, 2.16796875, 5.18359375, 0.8681640625, 2.296875, 9.9609375, 6.58203125, 11.8359375, 0.20556640625, 1.0380859375, 6.46875, 11.90625, 0.0293731689453125, 2.17578125, 2.2734375, 6.10546875, 2.0859375, 9.46875, 6.11328125, 7.515625, 4.27734375, 1.404296875, 7.80859375, 0.00855255126953125, 1.056640625, 1.4970703125, 5.8125, 2.87890625, 2.306640625, 0.02508544921875, 1.00390625, 3.0390625, 10.5546875, 4.14453125, 0.495849609375, 7.3125, 1.0390625, 6.80078125, 6.87890625, 2.091796875, 9.03125, 0.01050567626953125, 10.03125, 4.03125, 0.029693603515625, 0.07464599609375, 6.38671875, 1.572265625, 1.2744140625, 0.124267578125, 0.00969696044921875, 8.5078125, 1.6953125, 1.3642578125, 8.671875, 1.6953125, 2.81640625, 0.06622314453125, 0.1578369140625, 12.375, 1.2880859375, 5.1015625, 7.75, 0.0177764892578125, 0.056732177734375, 4.90234375, 2.361328125, 7.24609375, 7.96875, 1.40625, 2.2578125, 10.0234375, 10.1484375, 3.701171875, 0.47119140625, 3.4453125, 2.7421875, 6.42578125, 0.13916015625, 7.7265625, 4.53125, 8.953125, 3.77734375, 5.31640625, 10.1875, 6.43359375, 3.775390625, 3.962890625, 1.10546875, 7.80859375, 1.7138671875, 3.388671875, 4.16015625, 2.021484375, 0.65283203125, 0.2000732421875, 8.7890625, 4.10546875, 1.654296875, 3.521484375, 2.408203125, 1.5576171875, 7.85546875, 0.0303802490234375, 0.047943115234375, 5.9921875, 6.1796875, 4.92578125, 3.068359375, 6.38671875, 7.11328125, 1.6376953125, 0.9990234375, 2.1875, 2.775390625, 3.318359375, 10.65625, 2.708984375, 1.849609375, 6.08203125, 1.05859375, 0.8984375, 6.19140625, 4.25, 5.34375, 3.98046875, 6.4140625, 0.0006194114685058594, 3.0234375, 5.4921875, 0.0004267692565917969, 4.33203125, 7.6640625, 6.1484375, 0.150146484375, 1.0146484375, 0.54248046875, 5.1953125, 6.3125, 3.802734375, 3.634765625, 8.4921875, 0.08612060546875, 3.0234375, 4.85546875, 1.1396484375, 0.5361328125, 0.98486328125, 0.65234375, 2.712890625, 4.2265625, 9.3046875, 0.061431884765625, 1.7314453125, 6.20703125, 0.1629638671875, 2.509765625, 2.841796875, 7.91796875, 0.70703125, 3.712890625, 1.80078125, 0.473388671875, 3.4375, 3.853515625, 1.921875, 2.623046875, 8.21875, 7.8203125, 2.578125, 7.44921875, 3.53515625, 1.7109375, 5.55078125, 1.9775390625, 3.205078125]",-0.5885323507135567
380,1,test,3.2028031114181736,1.439532679565236,1.990291305975882,5.938972656934362,2.6693321210481193,3.690606395187066,24.60139408410441,18.76991639127554,21.239475542844925,45.61847909635255,34.80514297719968,39.384457960242244,3.4369115158541117,1.5274308057767063,2.133279575504399,6.373080956550671,2.8323220239568068,3.9557502062333234,31.09078633149126,24.34120343355123,27.40813876709543,57.6517892239573,45.13600636684996,50.823038773421985,3.2028031114181736,1.439532679565236,1.990291305975882,5.938972656934362,2.6693321210481193,3.690606395187066,24.60139408410441,18.76991639127554,21.239475542844925,45.61847909635255,34.80514297719968,39.384457960242244,0.7638190954773869,0.013819095477386911,0.008819095477386907,0.5829145728643217,-0.012085427135678284,-0.0070854271356783904,0.457286432160804,0.0022864321608040417,-0.0027135678391959628,0.40501792114695345,0.0991145222202987,0.16544700338771623,0.3992805755395683,0.4170854271356784,0.10129595345146791,0.16666806486522767,0.4242424242424242,0.40501792114695345,0.0991145222202987,0.16544700338771623,0.3992805755395683,24.0,7.0,7.0,33.0,5.0,6.0,41.0,4.0,3.0,-0.0005955273799120529,-0.0002750569734634138,-0.00012462936294184573,0.0002456840853515274,-0.00018111633153772289,-2.978536601450088e-05,"[3.0625, 9.453125, 2.48046875, 1.494140625, 2.81640625, 0.35400390625, 1.64453125, 0.37060546875, 0.201904296875, 3.447265625, 1.0654296875, 1.2529296875, 2.5078125, 1.77734375, 7.44921875, 7.5546875, 1.8525390625, 3.58984375, 0.008819580078125, 8.421875, 6.64453125, 3.5546875, 0.003322601318359375, 2.810546875, 1.75, 3.810546875, 1.1298828125, 0.74609375, 0.0233917236328125, 1.3310546875, 4.32421875, 7.63671875, 0.1258544921875, 8.578125, 3.509765625, 6.05078125, 6.3046875, 9.0859375, 7.37109375, 2.73828125, 1.8349609375, 8.375, 0.6201171875, 2.927734375, 0.4501953125, 1.15234375, 2.59375, 1.5263671875, 3.673828125, 0.1412353515625, 0.0165252685546875, 0.0021648406982421875, 9.1796875, 4.6171875, 8.53125, 1.5703125, 8.046875, 11.96875, 2.236328125, 1.9521484375, 3.17578125, 4.69140625, 7.4296875, 10.1640625, 6.453125, 4.7578125, 1.306640625, 1.7958984375, 2.11328125, 1.734375, 1.513671875, 4.875, 1.19140625, 3.58203125, 2.677734375, 10.7734375, 3.3671875, 2.234375, 8.6484375, 4.09375, 0.1754150390625, 1.095703125, 8.3125, 0.357421875, 0.2001953125, 4.0078125, 3.1328125, 1.150390625, 6.67578125, 2.603515625, 0.388671875, 2.71484375, 12.71875, 0.10223388671875, 0.00881195068359375, 5.453125, 0.1588134765625, 0.58203125, 5.0859375, 3.6796875, 7.72265625, 3.62890625, 3.935546875, 4.94140625, 0.919921875, 4.203125, 2.255859375, 5.4921875, 3.654296875, 0.5888671875, 8.015625, 0.4404296875, 2.099609375, 5.45703125, 2.04296875, 0.5205078125, 4.17578125, 3.630859375, 0.72802734375, 5.94921875, 1.8740234375, 1.9931640625, 7.3828125, 6.84375, 2.06640625, 1.1669921875, 6.83203125, 4.10546875, 5.7109375, 0.435791015625, 6.1328125, 3.521484375, 8.125, 0.489013671875, 0.50927734375, 2.55859375, 1.0439453125, 11.1640625, 0.011810302734375, 0.071044921875, 0.12347412109375, 0.10595703125, 2.267578125, 4.3671875, 0.62646484375, 1.001953125, 0.94873046875, 4.5859375, 1.572265625, 6.44140625, 8.546875, 2.486328125, 4.7109375, 6.56640625, 2.5703125, 0.1778564453125, 0.007564544677734375, 0.007236480712890625, 3.3515625, 0.47216796875, 5.15625, 0.1083984375, 0.9306640625, 5.875, 1.23046875, 3.689453125, 3.0859375, 3.98828125, 2.13671875, 1.8037109375, 6.26171875, 5.1796875, 0.2646484375, 6.53515625, 1.998046875, 4.4765625, 1.7509765625, 1.8447265625, 1.2646484375, 2.115234375, 4.50390625, 1.7626953125, 8.9453125, 3.0859375, 0.0821533203125, 0.91064453125, 0.187744140625, 6.30859375, 9.15625, 7.57421875, 0.8095703125, 0.133056640625, 3.42578125, 3.01953125, 2.513671875, 0.0007987022399902344, 13.7890625, 6.19140625, 1.765625, 7.86328125, 4.42578125, 5.5859375, 0.00490570068359375, 7.1328125, 0.03338623046875, 0.40966796875, 9.7421875, 1.3642578125, 5.1640625, 6.58203125, 2.3828125, 0.28466796875, 1.345703125, 0.005809783935546875, 2.591796875, 7.4375, 0.45703125, 7.828125, 6.70703125, 0.361083984375, 0.0018110275268554688, 1.1728515625, 0.0106353759765625, 0.06085205078125, 0.0021820068359375, 3.993511199951172e-05, 8.671875, 0.498291015625, 0.0125274658203125, 0.7548828125, 8.5546875, 2.59765625, 0.50439453125, 5.875, 6.54296875, 3.572265625, 0.60986328125, 0.00040268898010253906, 0.23583984375, 1.380859375, 0.5771484375, 0.059356689453125, 0.263916015625, 0.030426025390625, 4.673004150390625e-05, 0.0006418228149414062, 0.0005688667297363281, 0.0005021095275878906, 4.24609375, 1.75, 0.028900146484375, 0.004138946533203125, 1.1181640625, 0.78369140625, 6.42578125, 8.3046875, 1.515625, 11.609375, 1.017578125, 3.658203125, 3.958984375, 1.357421875, 0.005847930908203125, 2.826171875, 2.06640625, 5.09765625, 1.8603515625, 2.861328125, 6.39453125, 2.03125, 3.83203125, 0.330078125, 6.21484375, 0.1396484375, 0.50830078125, 8.0625, 0.0004911422729492188, 3.33203125, 0.360595703125]",-0.9758343931594631
456,1,test,3.412808523611589,1.514752307492816,2.093337544040967,5.2917705197572955,2.3487170610562766,3.2458492255916123,30.350364387507007,23.67745325661263,26.608922832900998,47.0601155671457,36.71335448778139,41.258779224048745,3.7330157888594586,1.6776022484160764,2.3396402651601136,5.788271672613543,2.6012259582181856,3.6277568156415247,41.80499328015771,33.994926296688604,37.776568106980115,64.82122553552544,52.711234033067726,58.57490335689052,3.412808523611589,1.514752307492816,2.093337544040967,5.2917705197572955,2.3487170610562766,3.2458492255916123,30.350364387507007,23.67745325661263,26.608922832900998,47.0601155671457,36.71335448778139,41.258779224048745,0.7939698492462312,-0.0060301507537688925,-0.0060301507537688925,0.6331658291457287,0.00816582914572872,0.00816582914572872,0.5175879396984925,0.0025879396984924696,-0.007412060301507539,0.43999999999999995,0.13328493647912876,0.18848851269649325,0.4124087591240876,0.44221105527638194,0.11890278459969017,0.1784381003515072,0.4444444444444444,0.43999999999999995,0.13328493647912876,0.18848851269649325,0.4124087591240876,31.0,9.0,8.0,43.0,11.0,12.0,53.0,10.0,10.0,-0.0008285550803952006,-0.00043828051389910744,-0.0001826153548992428,0.008590864687441524,0.006813203146727176,0.00745924527342634,"[3.0625, 9.453125, 2.48046875, 1.494140625, 3.81640625, 1.4990234375, 3.68359375, 0.66796875, 3.798828125, 0.187744140625, 9.5078125, 2.228515625, 8.703125, 7.625, 8.578125, 7.55859375, 1.720703125, 4.79296875, 1.701171875, 5.61328125, 3.177734375, 2.3359375, 2.333984375, 2.80078125, 2.732421875, 6.3984375, 1.5546875, 2.7890625, 2.998046875, 6.2734375, 0.81591796875, 8.4140625, 3.8046875, 0.01248931884765625, 0.900390625, 9.1953125, 0.50830078125, 0.7880859375, 2.708984375, 9.921875, 0.10650634765625, 3.212890625, 2.791015625, 0.78076171875, 2.166015625, 0.32763671875, 8.078125, 2.015625, 6.390625, 4.828125, 1.9384765625, 1.173828125, 2.9140625, 0.298583984375, 1.8896484375, 8.0546875, 3.7265625, 8.3515625, 5.90625, 2.2109375, 4.375, 1.7626953125, 1.3134765625, 9.4921875, 9.609375, 0.6708984375, 0.5263671875, 4.99609375, 4.03125, 3.986328125, 2.83203125, 5.7890625, 7.83203125, 4.67578125, 3.97265625, 9.0625, 3.986328125, 3.798828125, 0.1859130859375, 4.54296875, 1.1640625, 2.14453125, 3.97265625, 5.51953125, 5.5625, 2.15234375, 7.640625, 2.205078125, 5.98046875, 1.1728515625, 5.4375, 7.87890625, 0.056427001953125, 5.93359375, 5.69921875, 5.703125, 8.9296875, 0.43603515625, 5.1484375, 0.2086181640625, 4.40625, 2.30859375, 0.497314453125, 3.537109375, 3.345703125, 0.73828125, 1.23046875, 6.67578125, 3.5859375, 1.2470703125, 0.67333984375, 7.71875, 0.16357421875, 0.364013671875, 1.14453125, 8.6640625, 0.054718017578125, 0.22021484375, 1.513671875, 5.94921875, 0.2100830078125, 0.8408203125, 5.859375, 7.578125, 0.164306640625, 5.5078125, 0.423095703125, 0.5751953125, 0.349853515625, 0.80908203125, 1.7236328125, 0.673828125, 4.5546875, 4.96875, 6.10546875, 1.220703125, 0.28857421875, 8.3984375, 0.69775390625, 8.3515625, 4.43359375, 1.5224609375, 8.1796875, 4.203125, 7.265625, 4.2265625, 6.20703125, 3.390625, 2.46875, 1.44921875, 6.77734375, 1.642578125, 5.54296875, 2.005859375, 0.6396484375, 1.95703125, 3.6640625, 1.60546875, 7.0078125, 4.671875, 2.021484375, 6.16796875, 7.78515625, 4.37109375, 10.453125, 1.12109375, 3.740234375, 1.69921875, 1.8740234375, 3.625, 0.18798828125, 0.066650390625, 2.970703125, 1.7138671875, 1.138671875, 10.1328125, 3.0, 2.736328125, 3.66015625, 8.59375, 7.04296875, 3.763671875, 0.442138671875, 1.1318359375, 4.140625, 0.01088714599609375, 6.5234375, 8.1171875, 5.9375, 2.4453125, 0.73876953125, 0.00267791748046875, 8.6484375, 4.91015625, 8.6015625, 2.458984375, 9.609375, 5.234375, 1.1083984375, 8.3046875, 4.9140625, 2.642578125, 9.765625, 0.0013456344604492188, 3.1875, 6.11328125, 0.0070953369140625, 0.141357421875, 0.0009293556213378906, 0.00360107421875, 0.0010957717895507812, 1.896484375, 0.002124786376953125, 0.00966644287109375, 10.90625, 9.9453125, 2.712890625, 7.984375, 3.658203125, 5.859375, 9.3515625, 4.83203125, 7.91796875, 0.110107421875, 1.7177734375, 0.00031447410583496094, 0.00392913818359375, 5.23828125, 0.0009226799011230469, 0.0633544921875, 0.82666015625, 1.5302734375, 0.0026226043701171875, 0.0141754150390625, 0.0012531280517578125, 0.033721923828125, 7.5234375, 0.341064453125, 0.004642486572265625, 0.007305145263671875, 0.0008955001831054688, 0.20263671875, 0.0015230178833007812, 5.484375, 1.7890625, 5.1171875, 0.8076171875, 1.5771484375, 1.712890625, 0.2861328125, 0.32470703125, 0.0008568763732910156, 0.02227783203125, 0.0004265308380126953, 0.86865234375, 1.3857421875, 0.6025390625, 0.06488037109375, 0.28955078125, 0.025909423828125, 0.00011813640594482422, 0.0053253173828125, 0.0010843276977539062, 0.0005369186401367188, 4.0859375, 10.4921875, 6.91796875, 3.08984375, 1.158203125, 5.28125, 3.75390625, 7.24609375, 5.15234375, 3.4609375, 3.416015625]",-1.3732661147551104
154,1,test,3.401630684150071,1.499364118671355,2.067346994515737,6.033080836039749,2.6592495689642908,3.666615424235458,30.013001891309973,23.31193624472446,26.215726946719357,53.230607127983724,41.34569824536036,46.495817603615464,3.735329129588065,1.6335609899783479,2.2827611094202123,6.624923361910907,2.8972591143012205,4.048670646896226,41.901814420737196,33.72119280714,37.62773807243547,74.31642557640183,59.807398563606796,66.73598827941386,3.4051231803418904,1.4999101838573474,2.0732795673154802,6.039275074568636,2.6602180619356726,3.6771373458048138,30.118005441638292,23.397166451368253,26.329984843564922,53.416839839886784,41.49686125337011,46.69846368481326,0.7185929648241206,0.003592964824120526,-0.006407035175879372,0.592964824120603,-0.022035175879396962,0.002964824120602949,0.4723618090452262,-0.017638190954773814,-0.0026381909547738003,0.4199288256227758,0.1126464099922252,0.1643075238476278,0.3678571428571429,0.4170854271356784,0.08625835946650551,0.17000696302883367,0.3787878787878788,0.4199288256227758,0.11797500679506712,0.17259154751626693,0.36071428571428577,24.0,4.0,3.0,37.0,5.0,6.0,45.0,4.0,2.0,-0.0009744867094182331,-0.001227021415838351,-0.0001276292254905156,0.02138780197203083,0.023551814645855096,0.0195620874098541,"[3.056640625, 9.4453125, 2.4296875, 1.0791015625, 11.8046875, 9.3671875, 5.30859375, 0.96875, 9.8515625, 3.0078125, 1.7978515625, 13.203125, 5.61328125, 2.54296875, 2.943359375, 0.66455078125, 7.59765625, 8.015625, 1.1396484375, 4.3203125, 1.83203125, 7.671875, 0.931640625, 6.0625, 7.55859375, 0.568359375, 2.375, 9.3828125, 0.74072265625, 3.875, 4.3671875, 3.3515625, 4.43359375, 1.19921875, 0.27734375, 5.55859375, 4.28125, 2.169921875, 0.13818359375, 1.19140625, 6.9140625, 5.578125, 0.44921875, 0.98583984375, 6.6953125, 1.212890625, 6.23046875, 0.86474609375, 9.2734375, 6.5703125, 2.27734375, 1.896484375, 1.46484375, 1.9169921875, 1.3662109375, 3.482421875, 1.2412109375, 7.92578125, 0.457763671875, 0.7275390625, 8.3359375, 0.67578125, 1.7724609375, 4.07421875, 4.60546875, 4.78125, 2.419921875, 4.3359375, 7.50390625, 10.5625, 1.345703125, 2.681640625, 3.666015625, 12.2109375, 6.3984375, 8.5234375, 0.94140625, 1.20703125, 2.35546875, 6.703125, 10.078125, 2.7421875, 6.27734375, 9.9609375, 8.1171875, 2.705078125, 10.3125, 9.0546875, 5.734375, 1.32421875, 2.001953125, 2.884765625, 0.93798828125, 8.2109375, 3.67578125, 1.89453125, 10.796875, 1.2822265625, 1.990234375, 5.265625, 4.484375, 4.42578125, 0.90478515625, 0.234619140625, 0.7373046875, 8.5234375, 6.5390625, 2.490234375, 0.46435546875, 9.765625, 11.0546875, 3.046875, 3.150390625, 2.1796875, 5.4765625, 0.485595703125, 4.171875, 2.234375, 5.27734375, 5.24609375, 3.37109375, 1.2626953125, 6.24609375, 0.68994140625, 5.28515625, 3.66796875, 2.658203125, 0.005100250244140625, 0.75244140625, 10.5625, 3.908203125, 1.90234375, 0.56787109375, 5.296875, 5.37109375, 3.919921875, 0.0013179779052734375, 0.058349609375, 0.0004374980926513672, 0.0022907257080078125, 0.0030574798583984375, 0.60400390625, 7.85546875, 3.544921875, 0.2105712890625, 7.34765625, 0.7900390625, 5.6640625, 0.87890625, 1.15625, 0.00333404541015625, 0.1053466796875, 0.5634765625, 5.87890625, 0.77490234375, 7.359375, 1.4755859375, 4.2109375, 5.5078125, 3.181640625, 2.349609375, 11.3125, 0.382080078125, 0.1416015625, 0.0009107589721679688, 0.44091796875, 0.07586669921875, 5.96875, 0.77001953125, 10.21875, 2.90625, 8.9296875, 3.158203125, 0.051055908203125, 3.068359375, 1.4599609375, 10.1015625, 1.673828125, 0.04937744140625, 0.031097412109375, 0.0002651214599609375, 2.42578125, 0.00274658203125, 0.01094818115234375, 0.004276275634765625, 0.01885986328125, 9.4921875, 9.7578125, 5.3046875, 4.82421875, 0.615234375, 0.0005984306335449219, 0.00490570068359375, 0.0007119178771972656, 0.900390625, 0.0003941059112548828, 5.390625, 5.22265625, 4.578125, 0.03076171875, 0.387939453125, 0.19873046875, 0.396728515625, 2.451171875, 0.53955078125, 5.1875, 4.3828125, 0.006378173828125, 0.008880615234375, 0.022705078125, 0.0005993843078613281, 2.591796875, 0.0014591217041015625, 0.08380126953125, 0.0472412109375, 0.0029888153076171875, 1.56640625, 0.049102783203125, 0.0272369384765625, 0.0241241455078125, 0.0012264251708984375, 1.849609375, 0.1318359375, 0.01171112060546875, 0.0195770263671875, 0.0025577545166015625, 1.53125, 0.347412109375, 0.01009368896484375, 0.00025534629821777344, 0.0001087188720703125, 2.0234375, 5.10546875, 4.88671875, 5.10546875, 2.876953125, 0.103515625, 0.75927734375, 1.30859375, 2.44921875, 3.40625, 0.01549530029296875, 8.9921875, 9.9453125, 6.8828125, 3.994140625, 5.44140625, 4.171875, 3.345703125, 5.71875, 0.32861328125, 1.3388671875, 2.52734375, 1.4609375, 3.900390625, 0.26708984375, 6.05078125, 10.0625, 3.5703125, 2.423828125, 2.349609375, 6.82421875, 4.9375, 0.055419921875, 4.04296875, 4.58203125, 2.509765625, 4.515625, 3.890625, 0.38623046875, 5.39453125, 1.333984375, 5.73046875, 4.15625, 8.015625, 1.0322265625, 1.9365234375, 8.546875, 0.61669921875, 3.935546875, 5.5]",-1.3267390286795187
428,1,test,3.2303950365851906,1.3261041397463162,1.8561685812595248,5.479178321721842,2.249248458022757,3.1483080356169837,25.28964533308183,18.57500076968499,21.33762685569958,42.894591808044865,31.505664288913213,36.19144444585508,3.4038043681101584,1.3191206648095104,1.9008480453940042,5.77330354149071,2.2374035585443077,3.2240903311378966,30.07831162776329,22.036264221436365,25.583353634274406,51.01680480510127,37.37642605514345,43.3927600316146,3.24553586727002,1.3273512937271275,1.8788768058731422,5.504859178187271,2.2513637965426962,3.1868241955969863,25.67546501582839,18.866878261638302,21.753240146913857,43.548993148394004,32.00072721725391,36.896379696699185,0.7236180904522613,-0.011381909547738656,-0.01638190954773866,0.5879396984924623,0.01793969849246224,0.012939698492462348,0.44221105527638194,-0.0027889447236180143,-0.012788944723618023,0.41503267973856206,0.08387444156564194,0.14872833191247514,0.3737704918032787,0.40201005025125625,0.07619551391040413,0.1265509517537604,0.3737373737373737,0.41137123745819393,0.08582866650660792,0.1377338625972373,0.3791946308724832,17.0,3.0,0.0,31.0,3.0,2.0,40.0,3.0,4.0,-0.0010319022531189836,-0.0003104720270537081,-0.00015656512361376858,0.0059529878210504705,0.007140841352819116,0.0058296262836199375,"[3.056640625, 9.4453125, 2.4296875, 1.0791015625, 2.802734375, 3.357421875, 4.71875, 4.5390625, 16.109375, 10.7265625, 6.078125, 7.69921875, 1.9716796875, 5.28515625, 7.0625, 1.826171875, 9.1484375, 6.203125, 0.67724609375, 4.7265625, 1.318359375, 5.5234375, 5.921875, 3.81640625, 7.29296875, 2.318359375, 2.578125, 8.8671875, 5.18359375, 5.01171875, 2.279296875, 2.37109375, 1.75, 5.17578125, 2.21484375, 1.3173828125, 0.10577392578125, 0.482177734375, 1.466796875, 3.623046875, 5.96484375, 4.78125, 7.203125, 0.6044921875, 4.203125, 2.4140625, 3.330078125, 1.41015625, 0.98876953125, 2.353515625, 0.0159759521484375, 5.71875, 1.82421875, 1.1552734375, 8.734375, 11.265625, 2.513671875, 4.1640625, 2.40234375, 6.7734375, 0.72412109375, 4.44140625, 5.87109375, 0.39208984375, 0.6328125, 6.953125, 0.1624755859375, 0.0044403076171875, 1.36328125, 7.0078125, 0.67529296875, 1.1806640625, 8.3203125, 5.9375, 3.244140625, 0.00872802734375, 0.045989990234375, 0.0035305023193359375, 0.0018253326416015625, 1.232421875, 0.88232421875, 2.162109375, 1.791015625, 0.2236328125, 0.72509765625, 1.27734375, 0.2474365234375, 1.109375, 5.66796875, 10.75, 2.244140625, 1.95703125, 8.8515625, 4.1328125, 6.28125, 2.783203125, 1.2021484375, 1.2685546875, 1.173828125, 6.609375, 2.65234375, 2.787109375, 1.3056640625, 9.421875, 1.6220703125, 6.71875, 0.08831787109375, 0.6748046875, 6.28125, 5.83984375, 2.462890625, 4.3828125, 4.4453125, 5.28515625, 5.296875, 0.89208984375, 0.151611328125, 0.0020771026611328125, 2.162109375, 6.1640625, 3.744140625, 0.0008611679077148438, 0.140625, 0.0004570484161376953, 0.0032253265380859375, 0.0011281967163085938, 6.4140625, 7.859375, 4.2109375, 10.8515625, 1.041015625, 1.8203125, 0.10595703125, 7.78515625, 4.5546875, 2.18359375, 6.8046875, 2.0234375, 0.426513671875, 1.57421875, 0.0006666183471679688, 4.96875, 4.4453125, 0.1785888671875, 4.6484375, 0.26806640625, 2.953125, 6.62109375, 1.7333984375, 1.5693359375, 1.9677734375, 0.154541015625, 0.64990234375, 0.00017690658569335938, 0.0021915435791015625, 0.0001761913299560547, 0.52001953125, 0.384521484375, 0.005596160888671875, 0.00018453598022460938, 0.0004215240478515625, 1.5498046875, 7.4375, 6.26171875, 0.8916015625, 2.07421875, 8.4765625, 3.44140625, 0.0222320556640625, 3.22265625, 3.375, 4.546875, 5.31640625, 9.0, 15.4375, 1.6123046875, 5.66796875, 0.9013671875, 4.109375, 8.5, 9.28125, 0.86865234375, 4.515625, 5.609375, 0.0279541015625, 0.04290771484375, 2.244140625, 2.53515625, 1.5498046875, 6.1640625, 3.900390625, 2.5234375, 1.771484375, 0.104736328125, 1.1337890625, 6.390625, 0.53173828125, 3.27734375, 5.62890625, 4.1015625, 8.984375, 3.1171875, 1.419921875, 6.76953125, 3.681640625, 4.6328125, 0.414306640625, 3.619140625, 4.39453125, 0.9775390625, 0.2001953125, 5.0078125, 1.2607421875, 1.4013671875, 1.1376953125, 6.296875, 1.6572265625, 1.7568359375, 2.58984375, 3.9453125, 3.798828125, 0.322509765625, 1.439453125, 2.8203125, 7.80859375, 5.12890625, 0.5625, 2.673828125, 5.4296875, 2.83984375, 3.501953125, 1.2802734375, 1.9580078125, 7.10546875, 2.494140625, 10.453125, 1.2333984375, 3.263671875, 0.061279296875, 3.220703125, 3.607421875, 2.92578125, 0.24755859375, 2.5234375, 5.76953125, 0.07275390625, 0.607421875, 1.625, 4.984375, 0.0115966796875, 0.01702880859375, 5.16015625, 4.6796875, 1.078125, 0.0225830078125, 2.58203125, 0.1611328125, 2.025390625, 6.03125, 0.065673828125, 4.87109375, 6.62890625, 1.4189453125, 0.00811004638671875, 0.207275390625, 2.30859375, 3.9140625, 1.8916015625, 0.03607177734375, 1.5654296875, 0.433837890625, 0.9619140625, 4.578125, 1.3115234375, 6.54296875, 3.087890625, 0.0022125244140625, 0.07568359375, 1.431640625, 1.6875, 6.3203125, 4.27734375, 0.058624267578125, 7.21484375, 7.1171875, 0.98486328125, 5.0859375, 2.92578125, 7.3359375, 0.80078125, 1.91796875, 5.078125, 5.69140625, 1.7578125, 5.39453125, 1.734375, 7.125, 1.1416015625, 0.313720703125, 7.3515625, 0.9443359375, 5.78515625, 0.00974273681640625, 0.8740234375, 1.8603515625, 1.3486328125]",-1.0652621213127587
103,1,test,3.446891533806669,1.561066407294959,2.132730669803241,5.582465636273844,2.5282488552929223,3.454096410876988,31.40262643386039,24.810835173456667,27.680999710215648,50.85860150701303,40.18276566135917,44.83118431328404,3.7017173695204844,1.629626501753724,2.2623648939784253,5.995172696288611,2.639286399579401,3.664047491334624,40.516827008712745,32.575416798983845,36.29886331083479,65.61964374237174,52.75801198965863,58.78837644906939,3.446891533806669,1.561066407294959,2.132730669803241,5.582465636273844,2.5282488552929223,3.454096410876988,31.40262643386039,24.810835173456667,27.680999710215648,50.85860150701303,40.18276566135917,44.83118431328404,0.7135678391959799,-0.0164321608040201,-0.021432160804020106,0.592964824120603,0.007964824120603065,0.007964824120603065,0.49246231155778897,0.0024623115577889765,-0.007537688442211032,0.4444444444444444,0.13856209150326793,0.19024511633694163,0.40878378378378377,0.42713567839195976,0.11134620470774925,0.175048867039706,0.3939393939393939,0.4444444444444444,0.13856209150326793,0.19024511633694163,0.40878378378378377,27.0,6.0,6.0,38.0,4.0,4.0,47.0,6.0,7.0,-0.0014848649242817636,-0.0006138956544520332,-0.0001880392106958898,0.004160596115041493,0.004132060252083569,0.004221497145189268,"[3.0625, 9.453125, 2.48046875, 1.494140625, 1.81640625, 7.23046875, 0.36181640625, 8.4296875, 2.982421875, 0.42529296875, 1.7001953125, 2.95703125, 12.1953125, 1.2568359375, 9.2734375, 2.79296875, 5.8984375, 4.078125, 2.470703125, 5.63671875, 7.8203125, 7.4765625, 7.35546875, 8.0859375, 9.3203125, 9.53125, 7.97265625, 0.60107421875, 2.88671875, 5.20703125, 0.72802734375, 0.6025390625, 2.283203125, 0.007080078125, 6.78125, 3.173828125, 1.0224609375, 2.791015625, 5.16796875, 3.7578125, 0.69580078125, 6.34765625, 0.167236328125, 8.84375, 11.3515625, 1.7294921875, 5.1015625, 1.845703125, 2.494140625, 0.1800537109375, 0.005184173583984375, 0.041168212890625, 4.5390625, 7.62890625, 5.0703125, 0.5283203125, 4.015625, 3.5625, 1.34375, 9.1171875, 3.16796875, 0.175048828125, 5.05078125, 8.0859375, 9.5234375, 0.1646728515625, 11.390625, 7.125, 1.19921875, 4.4609375, 1.0517578125, 7.53125, 0.8759765625, 8.6953125, 8.546875, 0.07208251953125, 4.2734375, 7.3046875, 4.62109375, 3.111328125, 0.64697265625, 0.369140625, 2.27734375, 6.1875, 8.2265625, 3.330078125, 0.57470703125, 4.06640625, 0.057464599609375, 11.6953125, 0.00444793701171875, 0.0014524459838867188, 0.37841796875, 1.09375, 2.40234375, 4.55078125, 1.7939453125, 1.0341796875, 4.3828125, 0.88916015625, 2.3046875, 2.087890625, 5.1953125, 1.568359375, 3.140625, 6.89453125, 1.478515625, 4.71484375, 7.70703125, 2.486328125, 1.0595703125, 2.162109375, 2.05859375, 3.140625, 6.03515625, 1.2919921875, 0.65283203125, 0.86962890625, 10.9453125, 6.16015625, 3.07421875, 9.3046875, 0.012359619140625, 0.00934600830078125, 5.93359375, 4.47265625, 5.83984375, 4.5859375, 0.7548828125, 3.6875, 0.65087890625, 1.2138671875, 7.36328125, 0.01708984375, 2.236328125, 2.552734375, 4.984375, 2.90625, 5.9375, 7.03515625, 1.6181640625, 6.95703125, 12.0390625, 5.3828125, 5.8046875, 4.73046875, 7.515625, 5.4140625, 7.296875, 1.7451171875, 1.0224609375, 3.466796875, 1.732421875, 0.1663818359375, 4.0859375, 9.5703125, 0.1982421875, 0.55126953125, 9.5234375, 8.703125, 1.4384765625, 5.1171875, 3.7578125, 1.6318359375, 6.5859375, 1.5830078125, 0.004711151123046875, 2.13671875, 0.01081085205078125, 1.6513671875, 6.1640625, 0.444580078125, 4.28125, 1.4287109375, 0.58642578125, 3.640625, 0.339111328125, 0.202880859375, 5.6953125, 0.038116455078125, 0.2442626953125, 0.77197265625, 0.416259765625, 0.37890625, 1.6416015625, 0.07958984375, 1.2587890625, 0.07293701171875, 0.166259765625, 0.0045318603515625, 0.036865234375, 0.0005221366882324219, 0.00647735595703125, 0.006565093994140625, 0.61962890625, 10.4765625, 7.1875, 9.3046875, 7.46484375, 4.23828125, 1.6640625, 3.349609375, 0.0017557144165039062, 1.0107421875, 0.0003902912139892578, 0.57373046875, 7.703125, 5.33984375, 0.021026611328125, 4.64453125, 6.19140625, 0.497802734375, 10.03125, 7.83203125, 2.560546875, 1.1611328125, 4.59765625, 4.1796875, 5.05078125, 1.083984375, 0.041015625, 9.953125, 2.591796875, 4.58984375, 5.84765625, 4.7265625, 7.796875, 5.2421875, 1.2578125, 4.265625, 5.23828125, 0.8828125, 9.859375, 3.703125, 0.059417724609375, 1.662109375, 5.4765625, 4.25390625, 5.8203125, 2.478515625, 0.337158203125, 0.002124786376953125, 0.0012874603271484375, 0.002574920654296875, 0.0006909370422363281, 4.7734375, 0.0005292892456054688, 2.185546875, 4.74609375, 0.56201171875, 0.00025081634521484375, 1.7762184143066406e-05, 0.0016469955444335938, 0.0011968612670898438, 0.001361846923828125, 0.000720977783203125, 1.2978515625, 4.1875, 3.89453125, 3.72265625, 0.1746826171875, 2.408203125, 4.87109375, 0.1917724609375, 8.8515625, 3.68359375, 5.953125, 2.0390625, 3.921875, 0.341796875, 0.0210418701171875, 0.179443359375, 6.015625, 3.599609375, 0.271728515625, 1.7890625, 4.76171875, 0.20654296875, 5.9296875, 0.1810302734375, 0.0335693359375, 2.13671875, 3.017578125, 0.7880859375, 1.095703125, 3.974609375, 1.048828125, 7.25390625, 5.0546875, 5.015625, 4.76953125, 0.88232421875, 0.0601806640625, 5.22265625, 9.4921875, 0.83447265625, 1.9580078125]",-1.2178595190497763
119,1,test,3.1266439236127415,1.3817113156826255,1.911524276627753,5.578472611913381,2.465211556038066,3.410489356861027,22.797341393489685,17.07182578541841,19.42664405952024,40.67439327759311,30.459084854559475,34.66048724288503,3.083386950756437,1.2927919000139843,1.8378200626302486,5.501294703507888,2.3065639654925763,3.278988313182026,21.832221974722373,15.839204419603098,18.35731785174442,38.952453595188125,28.25987551123431,32.75262465634977,3.1266439236127415,1.3817113156826255,1.911524276627753,5.578472611913381,2.465211556038066,3.410489356861027,22.797341393489685,17.07182578541841,19.42664405952024,40.67439327759311,30.459084854559475,34.66048724288503,0.7236180904522613,-0.011381909547738656,-0.0013819095477386467,0.5829145728643217,0.0029145728643216184,-0.002085427135678275,0.457286432160804,0.01228643216080405,0.01228643216080405,0.42914979757085026,0.09783666625771892,0.17746742879561472,0.38211382113821135,0.44221105527638194,0.11138398760720902,0.1767686512697041,0.3737373737373737,0.42914979757085026,0.09783666625771892,0.17746742879561472,0.38211382113821135,22.0,8.0,8.0,36.0,13.0,15.0,43.0,10.0,11.0,2.174997100299632e-05,-9.52841791723161e-05,-9.437259572299849e-05,2.39265858157367e-05,9.583520108336074e-05,0.00011149550017286458,"[3.0625, 9.453125, 2.48046875, 1.494140625, 6.81640625, 4.71875, 7.53515625, 4.12890625, 3.54296875, 1.4208984375, 3.685546875, 7.48046875, 1.44921875, 1.888671875, 4.140625, 2.435546875, 1.490234375, 2.42578125, 10.0703125, 6.265625, 0.6787109375, 3.591796875, 12.203125, 1.8330078125, 3.314453125, 2.666015625, 4.7734375, 4.88671875, 2.68359375, 5.0234375, 2.0, 2.48046875, 7.66796875, 5.01953125, 2.169921875, 5.48046875, 1.2978515625, 0.09368896484375, 4.2109375, 6.8359375, 0.33984375, 4.08203125, 1.3349609375, 4.64453125, 3.5625, 0.2247314453125, 0.09234619140625, 4.70703125, 5.12890625, 0.003948211669921875, 0.08648681640625, 0.364501953125, 7.40234375, 0.10382080078125, 5.97265625, 0.064697265625, 2.59765625, 2.505859375, 1.662109375, 0.62939453125, 1.3359375, 2.810546875, 3.072265625, 2.84765625, 4.1875, 0.1485595703125, 7.0625, 1.4736328125, 2.33984375, 5.3125, 9.5625, 0.039581298828125, 0.23486328125, 3.142578125, 9.171875, 0.269775390625, 1.4560546875, 10.875, 1.3857421875, 5.10546875, 4.72265625, 2.2578125, 0.266845703125, 0.008941650390625, 0.00045990943908691406, 7.1015625, 2.65625, 6.9140625, 4.046875, 0.4951171875, 4.109375, 4.70703125, 1.7783203125, 3.291015625, 7.31640625, 6.02734375, 3.494140625, 0.024200439453125, 5.47265625, 0.51025390625, 6.96875, 4.9296875, 1.7861328125, 1.5302734375, 5.32421875, 2.5078125, 4.80078125, 2.8203125, 3.23828125, 1.927734375, 4.8125, 0.51513671875, 0.78076171875, 5.47265625, 0.11492919921875, 1.3251953125, 0.08050537109375, 4.546875, 5.12890625, 0.52099609375, 0.443359375, 1.0234375, 3.732421875, 0.3193359375, 3.248046875, 4.8125, 0.783203125, 9.2734375, 2.779296875, 1.8427734375, 0.74853515625, 8.9765625, 4.6796875, 0.30859375, 1.24609375, 2.779296875, 0.3759765625, 0.82666015625, 3.83984375, 0.018951416015625, 3.89453125, 7.9921875, 0.0631103515625, 4.765625, 2.791015625, 2.44921875, 2.076171875, 0.0299835205078125, 1.5615234375, 2.140625, 0.498046875, 6.0859375, 3.935546875, 1.8837890625, 1.359375, 3.8359375, 0.052490234375, 2.21875, 7.04296875, 1.1357421875, 0.138671875, 1.904296875, 5.37890625, 3.25, 0.1671142578125, 0.6357421875, 1.12109375, 0.308349609375, 6.03125, 1.857421875, 0.276611328125, 0.693359375, 4.2109375, 2.216796875, 2.587890625, 0.03961181640625, 0.6904296875, 6.328125, 3.73046875, 2.05859375, 0.83203125, 7.24609375, 0.12139892578125, 0.8671875, 8.4609375, 0.7421875, 4.5390625, 2.146484375, 1.361328125, 5.5078125, 4.16015625, 1.830078125, 3.6328125, 4.97265625, 2.611328125, 0.039398193359375, 6.91796875, 2.00390625, 0.52587890625, 4.265625, 0.0229644775390625, 1.3046875, 8.8828125, 0.8037109375, 1.810546875, 5.36328125, 3.27734375, 0.00017082691192626953, 3.01953125, 4.19921875, 4.0234375, 1.501953125, 0.23681640625, 11.2890625, 1.5439453125, 5.9609375, 6.33203125, 1.7294921875, 1.6826171875, 1.1953125, 6.8359375, 4.73828125, 1.935546875, 2.78515625, 7.59375, 4.34375, 0.171142578125, 2.001953125, 0.00273895263671875, 3.7265625, 10.9296875, 4.63671875, 1.2978515625, 0.0211334228515625, 0.51220703125, 3.8515625, 0.1844482421875, 3.8203125, 1.8017578125, 4.2734375, 0.007389068603515625, 0.90966796875, 1.8251953125, 7.21875, 0.055084228515625, 10.5546875, 1.2109375]",-0.9347417079485378
447,1,test,3.4924334600972986,1.5643449858595775,2.1547280211575286,5.521370994058587,2.473154930025618,3.406522395353807,32.865828155250554,25.98947481110513,29.05553763243212,51.95930927401516,41.088122082318584,45.93542139984506,3.3902992968583225,1.467094804351497,2.0763519048308767,5.359901745509348,2.319407024022367,3.2826134876373865,29.674832525532466,22.831981287064433,25.954000180106526,46.91449713560371,36.09627517764473,41.03203837997794,3.495650223266321,1.5435867819897706,2.14543277666436,5.526456543449612,2.4403371981933515,3.3918270564407975,32.97171996390458,25.928514125606725,29.11345555793166,52.126719181030104,40.99174614143539,46.02698688206338,0.7185929648241206,-0.006407035175879372,-0.006407035175879372,0.5879396984924623,-0.012060301507537674,-0.00706030150753767,0.49246231155778897,-0.007537688442211032,-0.012537688442211037,0.44108761329305135,0.11378746246348881,0.17877605550410658,0.45151515151515154,0.4321608040201005,0.10634626767924837,0.17506564542243774,0.4545454545454546,0.4381270903010034,0.11425396843122038,0.17783788006741053,0.4563758389261745,21.0,0.0,0.0,33.0,-1.0,-2.0,45.0,-2.0,-1.0,0.0007978700695234033,0.000148052885472331,0.0002843620563604616,-0.0003806694236105912,2.030697104693502e-05,-0.00019008678427478998,"[3.056640625, 9.4453125, 2.4296875, 1.0791015625, 9.8046875, 3.830078125, 3.072265625, 6.859375, 1.6201171875, 9.296875, 2.13671875, 4.0546875, 1.8125, 5.15625, 0.80126953125, 1.8818359375, 4.0859375, 0.0261688232421875, 1.173828125, 6.01171875, 1.7275390625, 5.83984375, 4.07421875, 3.912109375, 0.00946044921875, 0.7587890625, 0.003101348876953125, 1.611328125, 0.003055572509765625, 0.0723876953125, 2.7578125, 1.34765625, 0.367431640625, 0.8515625, 0.9892578125, 4.7265625, 0.11651611328125, 0.0179290771484375, 0.00211334228515625, 0.95166015625, 0.0006365776062011719, 0.0018873214721679688, 4.640625, 3.501953125, 1.24609375, 0.5546875, 1.251953125, 7.6015625, 4.61328125, 7.55859375, 5.3125, 0.96337890625, 0.00020241737365722656, 0.0274810791015625, 0.032623291015625, 0.61962890625, 4.125, 3.75390625, 0.35595703125, 4.64453125, 3.890625, 2.318359375, 0.006534576416015625, 0.49853515625, 0.00041794776916503906, 1.2216796875, 4.46484375, 5.62109375, 0.183349609375, 7.25390625, 2.478515625, 7.1796875, 3.466796875, 0.81103515625, 4.35546875, 5.328125, 4.33203125, 4.27734375, 4.69140625, 3.380859375, 5.7578125, 5.41015625, 2.3984375, 2.501953125, 3.126953125, 5.671875, 1.6279296875, 5.13671875, 4.18359375, 8.1328125, 7.51171875, 0.27490234375, 0.01067352294921875, 0.0010356903076171875, 0.0012598037719726562, 8.8125, 5.97265625, 5.91796875, 3.19921875, 2.00390625, 0.277587890625, 1.6396484375, 0.489501953125, 0.0147247314453125, 0.00165557861328125, 0.002544403076171875, 1.42578125, 4.8828125, 0.193115234375, 5.19140625, 3.69140625, 5.8203125, 7.13671875, 4.53515625, 8.0546875, 0.005619049072265625, 0.400634765625, 3.6953125, 7.51953125, 5.53515625, 5.41015625, 9.7890625, 11.4140625, 1.0576171875, 4.0546875, 9.765625, 1.6474609375, 0.00598907470703125, 0.9462890625, 9.890625, 3.44140625, 2.275390625, 4.75390625, 2.54296875, 4.53515625, 2.134765625, 11.3359375, 5.24609375, 1.9326171875, 2.9921875, 2.0390625, 7.33203125, 6.34765625, 2.345703125, 0.0594482421875, 0.54541015625, 9.4609375, 0.3857421875, 7.22265625, 2.8984375, 13.046875, 2.345703125, 8.046875, 2.396484375, 0.78515625, 0.0625, 0.53662109375, 6.5703125, 9.0703125, 1.794921875, 7.2578125, 5.4375, 0.6953125, 1.0654296875, 1.61328125, 9.265625, 1.2421875, 0.8271484375, 3.732421875, 0.1405029296875, 0.179443359375, 3.380859375, 4.37890625, 2.458984375, 5.85546875, 9.640625, 3.234375, 2.01953125, 3.02734375, 4.93359375, 0.65576171875, 4.359375, 0.00229644775390625, 2.744140625, 1.7529296875, 7.79296875, 8.546875, 5.91796875, 3.01171875, 4.51171875, 0.2474365234375, 6.6484375, 5.34375, 0.568359375, 2.810546875, 2.009765625, 3.0859375, 3.3203125, 5.4453125, 3.5234375, 14.15625, 0.74462890625, 6.140625, 12.59375, 5.3984375, 2.48046875, 1.451171875, 2.4765625, 0.0092010498046875, 0.146484375, 8.4453125, 10.5078125, 4.1640625, 4.97265625, 1.1259765625, 4.734375, 2.2734375, 4.1796875, 0.058624267578125, 1.958984375, 2.162109375, 4.92578125, 0.186767578125, 5.13671875, 1.55078125, 3.044921875, 0.0894775390625, 0.2047119140625, 2.8671875, 0.0031223297119140625, 0.050537109375, 1.041015625, 6.140625, 1.05859375, 1.435546875, 3.36328125, 0.34326171875, 8.2265625, 6.65234375, 4.87109375, 3.974609375, 4.09765625, 1.541015625, 0.0007853507995605469, 5.87890625, 0.62744140625, 1.41015625, 0.04888916015625, 0.1971435546875, 0.497314453125, 0.0018825531005859375, 0.0195465087890625, 5.40625, 1.53125, 3.60546875, 8.375, 9.8671875, 4.7734375, 1.3193359375, 3.61328125, 7.6484375, 17.9375, 4.26171875, 3.673828125, 5.43359375, 4.72265625, 4.1875, 4.27734375, 8.671875, 5.91796875, 3.400390625, 4.59375, 8.40625, 4.70703125, 0.68408203125, 1.0068359375, 4.81640625, 8.8203125, 5.88671875, 8.109375, 1.1376953125, 0.97802734375, 0.775390625, 0.003162384033203125, 2.765625, 9.1015625, 1.9072265625, 6.72265625, 2.060546875, 2.2265625, 0.33544921875, 3.1484375, 0.6484375, 6.578125, 1.0830078125, 1.9599609375, 0.262939453125, 4.24609375, 4.9921875, 0.9501953125, 4.6640625, 2.40625, 6.046875, 2.70703125, 1.3759765625, 5.63671875, 5.8046875, 0.82666015625, 0.09088134765625, 0.4189453125, 1.853515625, 8.03125, 0.63037109375, 8.9453125, 2.923828125, 4.78515625, 1.4443359375, 5.10546875, 2.349609375, 0.5234375, 0.58349609375, 0.35546875, 2.802734375, 1.705078125, 8.03125, 2.296875, 6.0546875, 4.31640625, 2.44140625, 9.2890625, 0.68212890625]",-0.902711956162467
89,1,test,3.2376653140740013,1.4288398601347132,1.7429677618013502,5.8532464629984124,2.583142803911665,3.1510421545229645,25.474178061498804,19.370903418018916,21.016190020919357,46.05375422471836,35.01988652864555,37.9943347976446,3.7855116110950258,1.6773413058166589,2.314149881239098,6.843676013071357,3.0323986926117765,4.183659610624396,44.05820546044601,35.82504214111735,39.70304380179907,79.65107886735655,64.76667007171433,71.77755517006469,3.3621252268851802,1.51486709392036,2.102967900369338,6.078252593582815,2.738668021323271,3.801872099357667,28.850439502259082,22.508033874953668,25.327987542754666,52.15756311762122,40.691380018475186,45.78946219519839,0.7688442211055276,-0.006155778894472386,-0.01115577889447239,0.6683417085427136,0.0033417085427135396,0.013341708542713548,0.5376884422110553,-0.012311557788944771,-0.007311557788944656,0.4334140435835351,0.12265225398256774,0.15677670243006492,0.39077669902912626,0.4623115577889447,0.12145942746313021,0.200208051945873,0.4545454545454546,0.4381270903010034,0.12760956108564447,0.2034218622698577,0.40604026845637586,23.0,3.0,4.0,35.0,4.0,7.0,43.0,3.0,5.0,-8.154962531654017e-05,-0.0009864726877925323,-4.23090005466486e-05,0.009484925102253072,0.0139233189433563,0.011412560420355433,"[3.056640625, 9.4453125, 2.48046875, 1.80859375, 1.8740234375, 8.21875, 11.1875, 0.008209228515625, 2.634765625, 5.2421875, 6.29296875, 12.015625, 0.230224609375, 3.34765625, 7.49609375, 0.0035114288330078125, 2.201171875, 6.4453125, 4.91796875, 5.265625, 1.70703125, 6.265625, 2.048828125, 0.5625, 9.671875, 4.70703125, 4.78125, 2.810546875, 1.7763671875, 3.990234375, 1.2841796875, 3.607421875, 4.890625, 3.537109375, 5.41796875, 2.841796875, 5.6015625, 1.078125, 3.978515625, 0.328125, 0.0022182464599609375, 0.52490234375, 9.71875, 8.6484375, 8.1796875, 5.99609375, 5.265625, 9.7734375, 2.17578125, 8.515625, 2.056640625, 1.16796875, 2.234375, 2.775390625, 3.001953125, 2.900390625, 8.46875, 3.583984375, 0.603515625, 8.9140625, 0.332763671875, 1.1552734375, 8.8203125, 4.25390625, 3.853515625, 5.62890625, 5.1953125, 4.4453125, 7.03125, 1.2744140625, 1.0107421875, 0.020965576171875, 6.015625, 5.625, 0.183837890625, 0.7119140625, 0.037689208984375, 4.734375, 2.6484375, 0.72509765625, 3.185546875, 4.18359375, 0.07916259765625, 2.517578125, 6.68359375, 0.13232421875, 0.7431640625, 7.5390625, 0.1639404296875, 4.7578125, 7.53125, 3.099609375, 1.62890625, 0.70556640625, 0.0697021484375, 0.94970703125, 3.42578125, 5.0234375, 2.55078125, 7.28515625, 4.328125, 2.931640625, 2.578125, 5.20703125, 3.50390625, 0.6513671875, 6.78125, 2.01171875, 3.77734375, 0.91357421875, 6.28125, 0.74365234375, 7.05078125, 5.03515625, 0.7314453125, 5.921875, 5.54296875, 7.359375, 0.266845703125, 6.1953125, 6.03125, 0.5595703125, 1.0224609375, 8.125, 1.333984375, 6.85546875, 0.03411865234375, 1.5810546875, 7.3984375, 0.15087890625, 2.33203125, 6.2421875, 4.4375, 5.125, 2.9765625, 8.578125, 7.33984375, 0.77197265625, 5.54296875, 3.4765625, 4.09375, 0.12158203125, 9.90625, 0.2122802734375, 11.0859375, 3.408203125, 6.0546875, 1.9453125, 1.0029296875, 4.05859375, 4.2109375, 0.267822265625, 4.02734375, 3.20703125, 0.736328125, 0.1005859375, 5.78125, 2.294921875, 3.771484375, 4.2109375, 4.6015625, 0.4345703125, 9.640625, 2.26953125, 0.7138671875, 1.400390625, 5.265625, 7.42578125, 0.75830078125, 0.9833984375, 4.96484375, 1.1455078125, 1.513671875, 6.99609375, 0.0302581787109375, 6.9765625, 0.1934814453125, 1.4873046875, 0.9228515625, 7.578125, 8.3671875, 6.37109375, 4.98046875, 4.3671875, 3.310546875, 1.6884765625, 2.826171875, 13.40625, 1.51171875, 4.6015625, 3.1953125, 5.0703125, 2.544921875, 6.19921875, 8.4609375, 4.03515625, 0.01287078857421875, 0.133056640625, 0.0003917217254638672, 0.007080078125, 0.003818511962890625, 0.7490234375, 3.380859375, 7.26171875, 8.8203125, 4.23828125, 4.23828125, 2.07421875, 0.1409912109375, 0.64208984375, 0.11822509765625, 1.46875, 0.52978515625, 0.0006618499755859375, 0.19921875, 0.3701171875, 3.619140625, 6.41796875, 5.1796875, 3.07421875, 7.5234375, 0.37158203125, 1.58203125, 1.4541015625, 0.032928466796875, 0.001430511474609375, 0.1832275390625, 0.029266357421875, 3.28125, 6.11328125, 1.365234375, 8.5234375, 5.58203125, 11.6875, 4.1171875, 0.205078125, 0.90771484375, 0.48193359375, 0.0167999267578125, 0.00093841552734375, 0.375, 0.0310516357421875, 6.921875, 12.15625, 0.064697265625, 0.96484375, 0.85693359375, 0.015594482421875, 0.0008778572082519531, 0.18115234375, 0.0097198486328125, 3.857421875, 5.296875, 6.8984375, 0.0272064208984375, 1.751953125, 0.23681640625, 0.00901031494140625, 0.0005097389221191406, 0.077392578125, 0.00881195068359375, 6.17578125, 8.1484375, 4.12890625, 3.091796875, 0.018890380859375, 0.56103515625, 2.193359375, 0.08514404296875, 0.354248046875, 0.006320953369140625, 0.0008792877197265625, 0.07342529296875, 0.00911712646484375, 6.04296875, 4.5078125, 6.07421875, 7.734375, 7.76953125, 1.8759765625, 0.02984619140625, 2.2578125, 0.401611328125, 0.0088043212890625, 0.0007338523864746094, 0.1805419921875, 0.005222320556640625, 4.0703125, 3.701171875, 0.7607421875, 9.0390625, 6.38671875, 0.0265350341796875, 2.05859375, 2.158203125, 1.2470703125, 4.09375, 4.2890625, 5.109375, 0.373046875, 0.168701171875, 0.002231597900390625, 0.0013628005981445312, 4.07421875, 0.0161895751953125, 0.011077880859375, 0.0017881393432617188, 0.012359619140625, 3.224609375, 0.5634765625, 0.0014829635620117188, 0.0030231475830078125, 0.0005664825439453125, 0.48681640625, 0.00023496150970458984, 0.383544921875, 7.4140625, 0.30908203125, 5.078125, 0.146240234375, 5.5546875, 1.73046875, 0.348388671875, 1.3046875, 5.07421875, 4.83203125, 0.9853515625, 2.07421875, 4.90625, 3.1484375, 3.70703125, 0.3818359375, 5.421875, 0.476318359375, 0.003353118896484375, 0.0005478858947753906, 0.0268402099609375, 0.00046539306640625, 0.7802734375, 0.388671875, 0.0008335113525390625, 0.000331878662109375, 0.0006794929504394531, 6.8125, 0.69775390625, 0.26513671875, 1.4775390625, 1.4873046875, 3.509765625, 8.546875, 0.343017578125, 16.03125, 16.21875, 8.78125, 1.8642578125, 5.2578125, 1.6962890625, 5.43359375, 0.767578125, 2.88671875, 4.5078125, 1.03515625, 0.07183837890625, 2.541015625, 4.546875, 6.3359375, 2.34375, 0.1806640625, 3.83203125, 9.2265625, 9.109375, 4.0234375, 3.974609375, 7.41015625, 1.46875, 0.53857421875, 3.818359375, 1.22265625, 4.4140625, 6.28515625, 2.15625, 5.8203125, 1.4150390625, 2.421875, 2.255859375, 0.2744140625, 5.08203125, 0.423828125, 9.3515625, 2.625, 6.015625, 3.37890625, 1.4140625, 4.28515625, 0.49609375, 10.8046875, 0.215576171875, 2.86328125, 0.40185546875, 3.134765625, 11.453125, 1.30859375, 1.455078125, 0.8994140625, 0.02105712890625, 3.9375, 0.73974609375, 4.46484375, 0.9052734375, 7.82421875, 0.64892578125, 3.388671875, 2.3359375]",-1.2467635685248757
425,1,test,3.2894307374954224,1.4325787469942777,1.9757345479539061,5.777808393839109,2.516291167000311,3.470331667131472,26.827587368625085,20.424040785444696,23.107689588146613,47.12203169929484,35.874351431428764,40.58811798125234,3.527939998923834,1.4737049674923535,2.0858838348032407,6.196744350441345,2.5885284144036675,3.663806321234708,34.05374455936299,26.252876388710884,29.82436137079344,59.81460831929561,46.11256526307248,52.38579536113458,3.3047634721998387,1.4454127286035754,2.0040589451129507,5.804739984848421,2.53883375645913,3.5200828103279287,27.24209731335668,20.822529840543943,23.570214615988235,47.85010875247624,36.57428816551501,41.400532408393836,0.6884422110552764,-0.016557788944723706,-0.03655778894472361,0.592964824120603,0.002964824120602949,0.007964824120603065,0.4824120603015075,-0.007587939698492474,-0.017587939698492483,0.42307692307692313,0.11731621406658344,0.18390369473046642,0.3916913946587537,0.4120603015075377,0.09877709348748753,0.14995679566446596,0.398989898989899,0.42140468227424754,0.11255660214069163,0.1778006778248593,0.40268456375838924,20.0,10.0,9.0,31.0,18.0,18.0,39.0,19.0,17.0,-0.00044771019294371426,-0.00019077671651376233,-0.0003189156204989106,0.010762780364525604,0.010536407982259632,0.01239180255771366,"[3.056640625, 9.4453125, 2.4296875, 1.0791015625, 1.802734375, 9.203125, 2.263671875, 1.1748046875, 11.4453125, 1.796875, 0.779296875, 0.006839752197265625, 4.33984375, 3.259765625, 0.260009765625, 2.259765625, 2.8671875, 9.2734375, 4.23828125, 2.71875, 3.390625, 0.10888671875, 7.69140625, 3.47265625, 9.2265625, 0.7998046875, 2.619140625, 2.361328125, 6.05859375, 5.23828125, 4.13671875, 6.44140625, 0.156494140625, 0.001468658447265625, 1.0966796875, 5.35546875, 10.796875, 4.9296875, 3.384765625, 3.318359375, 6.96484375, 3.365234375, 5.5390625, 3.279296875, 4.97265625, 0.71923828125, 3.564453125, 0.496826171875, 3.09375, 1.0498046875, 4.16015625, 8.8515625, 3.150390625, 2.18359375, 1.0029296875, 6.25390625, 1.919921875, 0.716796875, 11.34375, 3.025390625, 5.62109375, 1.095703125, 2.7890625, 2.22265625, 4.1796875, 0.5380859375, 7.86328125, 1.7216796875, 0.79736328125, 0.41015625, 1.2431640625, 1.0908203125, 2.759765625, 9.5234375, 3.68359375, 7.05859375, 0.0174407958984375, 0.66650390625, 9.328125, 5.94140625, 0.24853515625, 0.477294921875, 4.34765625, 2.3203125, 2.73828125, 0.026580810546875, 0.84326171875, 0.45166015625, 0.6748046875, 5.66015625, 5.4453125, 0.75048828125, 8.421875, 2.615234375, 5.51171875, 1.794921875, 1.9482421875, 5.15625, 5.69140625, 4.70703125, 8.046875, 0.0322265625, 1.7216796875, 0.6015625, 0.03363037109375, 1.3798828125, 2.888671875, 3.767578125, 0.87255859375, 5.23046875, 4.828125, 0.220703125, 8.3828125, 8.9921875, 1.3369140625, 0.96044921875, 0.58984375, 6.95703125, 0.01039886474609375, 1.9150390625, 6.8125, 3.595703125, 6.9765625, 1.0478515625, 0.055694580078125, 0.7236328125, 6.7578125, 0.05731201171875, 2.7890625, 1.1279296875, 0.0877685546875, 1.6796875, 0.55517578125, 15.6875, 0.2958984375, 3.955078125, 3.890625, 14.8125, 0.62548828125, 0.0721435546875, 1.283203125, 6.9921875, 1.16015625, 6.19140625, 0.08148193359375, 7.80078125, 5.6484375, 0.039337158203125, 0.470458984375, 1.375, 2.03515625, 0.556640625, 0.384033203125, 6.0859375, 3.998046875, 6.40234375, 5.96875, 4.4765625, 0.01959228515625, 0.4423828125, 6.875, 5.5, 6.99609375, 0.2117919921875, 13.5234375, 3.982421875, 3.294921875, 0.46875, 5.296875, 0.038665771484375, 2.541015625, 7.98046875, 5.9140625, 5.34375, 6.21484375, 3.298828125, 2.0859375, 7.26171875, 4.9140625, 6.98828125, 1.3134765625, 7.1796875, 12.0390625, 0.005130767822265625, 0.323974609375, 0.00023245811462402344, 0.0019397735595703125, 0.00579071044921875, 0.386962890625, 2.982421875, 0.1260986328125, 8.25, 3.490234375, 5.90234375, 4.1171875, 7.5078125, 2.708984375, 0.042816162109375, 0.87255859375, 0.003936767578125, 1.228515625, 5.08203125, 6.9375, 0.053375244140625, 6.93359375, 3.931640625, 4.66796875, 5.15625, 0.036468505859375, 0.00811767578125, 1.439453125, 5.37890625, 2.95703125, 0.1650390625, 2.763671875, 0.016510009765625, 6.25, 8.0546875, 1.345703125, 6.21875, 0.01435089111328125, 0.126953125, 0.0001138448715209961, 0.3798828125, 2.9921875, 2.623046875, 0.11102294921875, 0.0041351318359375, 0.008331298828125, 10.7109375, 0.025970458984375, 13.6015625, 0.004978179931640625, 0.007366180419921875, 2.2421875, 3.267578125, 4.63671875, 0.0034332275390625, 7.998943328857422e-05, 0.0021877288818359375, 0.0006127357482910156, 0.72216796875, 0.173095703125, 0.0032863616943359375, 0.00025153160095214844, 0.00018918514251708984, 8.3046875, 0.0169219970703125, 0.370361328125, 3.896484375, 5.77734375, 3.6328125, 8.359375, 9.09375, 0.4853515625, 7.3359375, 10.515625, 2.390625, 1.3466796875, 3.8125, 2.765625, 3.232421875, 6.265625, 0.0723876953125, 3.47265625, 4.9296875, 1.30859375, 2.787109375, 7.784366607666016e-05, 3.677734375, 0.197509765625, 7.84375, 2.03125, 1.9423828125, 0.1397705078125, 1.07421875, 0.00042700767517089844, 3.5625, 6.47265625, 0.020355224609375, 3.658203125, 9.0390625, 4.87109375, 7.6875, 3.66796875, 2.1328125, 1.5478515625, 1.0341796875, 0.576171875, 0.2313232421875, 1.412109375, 4.875, 5.76171875, 3.306640625, 0.78369140625, 6.008148193359375e-05, 2.8515625, 3.052734375, 0.003173828125, 6.91015625, 5.09375, 1.380859375, 0.8779296875, 2.10546875, 0.71240234375, 4.4921875, 0.232177734375, 0.51318359375, 0.0643310546875, 0.0087432861328125, 0.17333984375, 0.38037109375, 0.050140380859375, 8.0625, 7.609375, 7.01171875, 4.5703125, 1.037109375, 3.457069396972656e-05, 10.421875, 1.3232421875, 2.599609375, 5.87109375, 0.59521484375, 6.84375, 2.2890625, 5.75390625, 9.9765625, 3.556640625, 4.62109375, 1.0361328125, 2.029296875, 3.306640625, 4.5390625, 0.01154327392578125, 1.4052734375, 3.21484375, 1.130859375]",-1.0866659879684448
30,1,test,2.7525156723345563,1.1735391633066719,1.5749602515699428,5.234058299206125,2.231548564422531,2.994872602726264,15.682033160029064,10.832043810236682,12.435604816641366,29.820239221402417,20.59772061324799,23.64697910729213,3.0623387236091957,1.3039086235841046,1.8345186945654026,5.823203686863082,2.479453185779101,3.4884371031373202,21.377494795888165,15.574175187926226,17.963715317217112,40.650469378709616,29.615141419528108,34.15898197626259,2.924660674704357,1.2927665777980804,1.7954727014612462,5.561401386613984,2.4582659795434996,3.4141890229858927,18.627904058302036,13.514352945329446,15.534760293743235,35.421973002056205,25.698277362362212,29.540191853905533,0.7236180904522613,0.013618090452261367,0.013618090452261367,0.5527638190954773,-0.0022361809045226,-0.012236180904522609,0.4321608040201005,0.007160804020100442,-0.002839195979899567,0.3825136612021858,0.08647000499481883,0.13911190167139398,0.3506849315068493,0.4120603015075377,0.08875203083084593,0.15997349015528395,0.4040404040404041,0.3846153846153846,0.07743675356363167,0.14434842132283732,0.36241610738255037,28.0,15.0,15.0,37.0,15.0,14.0,48.0,15.0,15.0,-0.00045799665487289507,-0.0006208064629793283,-0.00013700015183837049,0.007450639930961955,0.010575545666571706,0.008218105300140444,"[3.056640625, 9.4453125, 2.4296875, 1.0791015625, 0.80224609375, 1.9931640625, 1.1474609375, 10.4609375, 6.3984375, 0.22412109375, 8.609375, 6.6484375, 0.8984375, 6.30078125, 7.09375, 0.669921875, 8.125, 9.5859375, 3.373046875, 2.484375, 4.5703125, 2.6484375, 5.85546875, 2.421875, 6.54296875, 4.6953125, 3.330078125, 0.38818359375, 1.65625, 2.146484375, 4.83984375, 0.48583984375, 2.39453125, 0.82373046875, 0.392333984375, 0.8369140625, 0.4541015625, 0.39404296875, 1.93359375, 0.6953125, 5.71875, 1.9765625, 0.515625, 5.48828125, 2.82421875, 2.568359375, 3.080078125, 5.62890625, 1.765625, 0.20556640625, 0.138427734375, 4.03125, 0.11090087890625, 0.336181640625, 0.18212890625, 0.295166015625, 0.07623291015625, 0.13818359375, 0.251220703125, 0.9384765625, 2.09375, 6.25, 3.86328125, 6.109375, 2.50390625, 1.6123046875, 4.44921875, 0.578125, 3.38671875, 1.7705078125, 9.5859375, 0.37939453125, 1.548828125, 9.4765625, 0.17333984375, 0.039825439453125, 1.755859375, 0.59619140625, 7.76953125, 6.19140625, 1.814453125, 5.58984375, 5.64453125, 3.7265625, 3.458984375, 1.1318359375, 6.34765625, 4.41015625, 1.1025390625, 1.2333984375, 5.80859375, 0.0950927734375, 7.79296875, 0.1436767578125, 7.015625, 1.2578125, 6.33984375, 5.9765625, 0.0010156631469726562, 2.31640625, 3.013671875, 3.21484375, 1.9580078125, 3.298828125, 2.201171875, 1.0849609375, 0.5107421875, 2.4375, 1.359375, 8.234375, 5.99609375, 4.2421875, 5.1328125, 0.1766357421875, 2.23046875, 0.08551025390625, 0.01197052001953125, 6.9921875, 0.78662109375, 4.67578125, 3.671875, 8.6484375, 5.3515625, 5.26953125, 5.625, 0.39892578125, 1.15625, 1.16015625, 2.09375, 8.8203125, 1.9970703125, 4.30859375, 2.34765625, 10.2421875, 3.505859375, 3.513671875, 2.623046875, 0.2115478515625, 2.97265625, 4.67578125, 4.4296875, 2.638671875, 5.6875, 3.296875, 0.0241241455078125, 0.69384765625, 0.0078125, 1.3427734375, 4.78125, 0.1484375, 2.27734375, 0.75537109375, 0.90380859375, 1.412109375, 4.1015625, 5.3359375, 1.58203125, 7.43359375, 0.62744140625, 5.375, 5.09765625, 2.00390625, 0.85791015625, 1.83203125, 0.72314453125, 5.3125, 2.1484375, 8.8984375, 5.73828125, 3.0546875, 1.1484375, 1.7294921875, 3.734375, 0.0943603515625, 2.583984375, 0.1981201171875, 0.1695556640625, 0.16796875, 0.80029296875, 3.51171875, 5.82421875, 0.2200927734375, 0.62060546875, 1.20703125, 1.419921875, 1.1708984375, 2.130859375, 0.81982421875, 5.63671875, 2.228515625, 3.5546875, 3.189453125, 9.09375, 0.80029296875, 0.02569580078125, 5.44140625, 2.6328125, 5.22265625, 4.1484375, 0.76806640625, 9.875, 0.849609375, 0.5048828125, 1.083984375, 6.1875, 2.62890625, 1.64453125, 0.57275390625, 11.3828125, 2.033203125, 0.0099334716796875, 5.40234375, 8.6484375, 0.0799560546875, 0.039093017578125, 2.7265625, 1.9541015625, 2.87109375, 0.045684814453125, 0.372314453125, 0.0006246566772460938, 0.0037708282470703125, 0.0011692047119140625, 0.552734375, 3.341796875, 7.7578125, 0.6953125, 0.10064697265625, 0.1787109375, 0.2200927734375, 4.00390625, 9.421875, 5.46875, 1.10546875, 2.763671875, 0.004108428955078125, 0.5888671875, 0.0011014938354492188, 0.59521484375, 10.1015625, 4.44140625, 10.8515625, 5.296875, 1.1005859375, 0.09893798828125, 0.29833984375, 7.3359375, 8.78125, 11.3828125, 0.75537109375, 2.447265625, 0.001331329345703125, 0.030364990234375, 0.003253936767578125, 0.0269927978515625, 1.814453125, 4.74609375, 1.5380859375, 1.578125, 3.09765625, 9.4765625, 0.75146484375, 7.453125, 1.173828125, 0.493408203125, 0.003917694091796875, 0.0171051025390625, 0.0010013580322265625, 2.25390625, 0.005817413330078125, 0.3427734375, 3.3359375, 4.0859375, 0.07696533203125, 2.775390625, 5.2734375, 0.005828857421875, 0.06378173828125, 0.0008568763732910156, 5.78515625, 0.564453125, 2.55859375, 0.0210113525390625, 0.02532958984375, 7.33984375, 2.53515625, 1.060546875, 4.08203125, 1.9404296875, 0.036834716796875, 7.00390625, 4.9921875, 0.0014934539794921875, 0.012725830078125, 2.763671875, 1.8994140625, 8.7421875, 0.31201171875, 0.484375, 8.4296875, 1.7197265625, 0.595703125, 1.36328125, 0.283935546875, 0.00751495361328125, 0.07989501953125, 5.87109375, 0.0750732421875, 0.065185546875, 0.3115234375, 0.141357421875, 0.02886962890625, 0.27685546875, 1.021484375, 0.0004012584686279297, 0.077880859375, 0.84619140625, 0.07940673828125, 0.190185546875, 0.007358551025390625, 0.041229248046875, 0.90380859375, 0.07464599609375, 0.259033203125, 4.1171875, 0.030548095703125, 0.00946807861328125, 4.08203125, 5.65234375, 0.265380859375, 3.828125, 6.56640625, 2.142578125, 2.615234375, 0.0814208984375, 2.9453125, 4.4453125, 1.4658203125, 0.4755859375, 1.9453125, 7.70703125, 5.18359375, 1.048828125, 10.15625, 1.173828125, 1.1767578125, 0.00902557373046875, 6.83984375, 1.10546875, 1.005859375, 0.060272216796875, 1.4501953125, 0.35888671875, 0.004337310791015625, 0.0005383491516113281, 0.0010747909545898438, 8.9921875, 1.853515625, 5.140625, 0.155517578125, 4.3671875, 4.01953125, 5.6328125, 0.568359375, 3.7734375, 0.019775390625]",-1.4064103377972796
94,1,test,3.4303690674220633,1.5812391600298707,2.152572277880462,5.66283147637928,2.610299565763597,3.553452649199493,30.888040415742875,24.533752118406586,27.29931612154958,50.98978100376602,40.50016222721087,45.06553772446281,3.733485935920447,1.651645542383179,2.3281164818056634,6.163214878344865,2.726525974727788,3.8432399064728417,41.82465239585863,33.80543854462164,37.747619656285124,69.04387062173488,55.80580331175635,62.3135308611691,3.4458749063038905,1.5883232374633134,2.1692440763877734,5.688428416755629,2.621993915812454,3.5809743483226737,31.370717882471915,24.96268930865869,27.786175457493556,51.786581901223485,41.20824901746832,45.869242025068736,0.8040201005025126,-0.0009798994974873354,0.009020100502512562,0.6180904522613065,-0.01190954773869346,-0.0019095477386934512,0.4974874371859297,-0.012512562814070316,-0.007512562814070312,0.4147909967845659,0.10339452808472638,0.1677321732551541,0.39032258064516134,0.4170854271356784,0.09878968778730746,0.15498192129260668,0.398989898989899,0.4147157190635451,0.10085929168458019,0.16554997935275528,0.3926174496644296,26.0,3.0,1.0,36.0,2.0,1.0,45.0,2.0,1.0,-0.001216070623987173,-0.0002278652389109443,-0.00025878143120574746,0.004200085380603014,0.0034303361355938478,0.004262116990157772,"[3.0625, 9.453125, 2.48046875, 1.494140625, 7.81640625, 0.81787109375, 2.6015625, 6.10546875, 4.37890625, 5.375, 3.19921875, 1.5771484375, 7.49609375, 6.86328125, 5.27734375, 4.5, 6.0859375, 5.83984375, 3.142578125, 2.037109375, 6.890625, 7.66015625, 3.181640625, 4.515625, 1.8359375, 1.23046875, 11.2578125, 0.346923828125, 1.0986328125, 8.375, 0.111328125, 3.359375, 0.68359375, 1.865234375, 1.142578125, 0.58251953125, 0.97900390625, 12.0078125, 3.41015625, 2.859375, 0.77587890625, 0.783203125, 0.705078125, 1.80078125, 0.83203125, 1.3837890625, 1.021484375, 4.17578125, 3.43359375, 3.28515625, 8.2578125, 1.294921875, 1.3271484375, 7.41796875, 5.60546875, 3.177734375, 1.0126953125, 2.509765625, 3.66796875, 3.498046875, 5.55859375, 7.140625, 2.021484375, 2.728515625, 0.97216796875, 8.5078125, 10.8828125, 6.7265625, 6.65234375, 2.931640625, 0.92041015625, 5.87890625, 7.66796875, 10.0, 0.4287109375, 9.078125, 5.1875, 4.45703125, 0.38330078125, 1.724609375, 2.931640625, 2.205078125, 1.60546875, 1.634765625, 1.900390625, 2.068359375, 5.12109375, 0.9091796875, 0.89794921875, 7.55078125, 0.14306640625, 0.35302734375, 2.951171875, 2.31640625, 4.96875, 4.6171875, 7.0625, 1.6748046875, 4.05859375, 5.1171875, 2.609375, 10.2109375, 7.8671875, 2.263671875, 1.8291015625, 8.3671875, 2.08984375, 0.05767822265625, 6.8515625, 3.83203125, 13.0390625, 4.91796875, 6.26171875, 5.67578125, 1.71484375, 0.5673828125, 0.98388671875, 7.19140625, 0.82958984375, 1.234375, 7.87109375, 1.6259765625, 1.97265625, 4.3046875, 1.47265625, 6.55859375, 8.4140625, 4.47265625, 2.826171875, 3.5390625, 0.41552734375, 3.3984375, 6.8671875, 0.95703125, 1.1279296875, 4.96484375, 1.3125, 0.07073974609375, 9.2265625, 0.0084686279296875, 0.002452850341796875, 4.421875, 4.99609375, 1.166015625, 4.0859375, 5.5390625, 0.71826171875, 6.21484375, 0.028900146484375, 3.14453125, 5.40234375, 1.4072265625, 8.796875, 4.5078125, 6.08984375, 1.95703125, 1.5947265625, 7.57421875, 8.609375, 3.04296875, 0.6611328125, 5.4453125, 0.181884765625, 6.9140625, 2.140625, 2.56640625, 4.16796875, 0.75439453125, 0.71630859375, 0.07080078125, 0.216552734375, 2.041015625, 0.357421875, 7.7421875, 4.8828125, 0.12115478515625, 2.701171875, 0.27734375, 4.1875, 5.046875, 1.6162109375, 0.6416015625, 2.740234375, 11.9140625, 2.078125, 5.875, 5.06640625, 0.363037109375, 12.2265625, 1.3046875, 3.166015625, 0.73779296875, 3.12890625, 3.927734375, 4.53125, 0.041229248046875, 0.81640625, 3.548828125, 4.23046875, 6.8046875, 0.68212890625, 6.703125, 2.9375, 8.5234375, 8.6328125, 5.40625, 4.76953125, 8.8671875, 0.7783203125, 1.7158203125, 0.302001953125, 5.6640625, 1.7236328125, 12.375, 5.79296875, 0.422119140625, 3.822265625, 5.3828125, 1.6171875, 3.84375, 3.48828125, 0.1383056640625, 1.3720703125, 0.78515625, 0.1634521484375, 1.9052734375, 0.0101470947265625, 0.947265625, 0.06536865234375, 0.429443359375, 1.1259765625, 0.0261688232421875, 4.0859375, 0.07696533203125, 0.7734375, 0.1395263671875, 1.84375, 0.00862884521484375, 2.560546875, 1.5908203125, 5.65625, 0.01360321044921875, 6.109375, 1.8876953125, 4.37109375, 0.1031494140625, 3.228515625, 0.0283966064453125, 4.82421875, 0.1297607421875, 3.359375, 0.01421356201171875, 5.35546875, 0.043304443359375, 4.07421875, 0.08770751953125, 5.1328125, 0.08203125, 3.15625, 0.03387451171875, 3.8671875, 0.08172607421875, 4.78515625, 0.0238037109375, 3.41015625, 0.02655029296875, 1.892578125, 3.4609375, 0.720703125, 0.86767578125, 5.515625, 5.171875, 1.4501953125, 3.38671875, 5.66796875, 2.833984375, 3.64453125, 6.61328125, 0.97265625, 1.6640625, 5.3828125, 8.6171875, 2.990234375, 0.05889892578125, 1.6875, 0.1419677734375, 4.05078125, 8.0703125, 3.10546875, 10.7734375, 8.4765625, 1.552734375, 2.826171875, 0.68896484375, 11.5234375, 0.135498046875, 0.06573486328125, 0.002765655517578125, 0.96435546875, 2.46875, 5.30078125, 2.484375, 0.37841796875, 1.107421875, 9.234375, 0.042510986328125, 3.603515625, 1.1796875, 0.0213775634765625, 0.04290771484375, 10.6640625]",-1.3050916907871652
490,1,test,2.93914524761011,1.289691526608594,1.5303623148447871,5.626742028082418,2.4690040486876237,2.929747674815471,18.89968485541874,13.695548715170068,14.808711472122464,36.18182911510345,26.218955873636393,28.35001070113535,3.202878175668381,1.3486066845985394,1.9013683059527746,6.131636147112891,2.5817920763710775,3.640006892026708,24.60324083861714,18.21619730154464,20.92839982651626,47.10079890275804,34.87335068989401,40.065630298510854,3.0780138379355337,1.349916208866048,1.8646832994955975,5.892594059110819,2.5842990485048216,3.5697765868722025,21.71522957108058,16.08529607834005,18.350557389081523,41.571948503194804,30.793922672497843,35.13057157819661,0.6783919597989949,-0.02160804020100504,-0.006608040201005139,0.542713567839196,-0.01228643216080394,-0.007286432160804046,0.4371859296482412,-0.002814070351758735,-0.00781407035175874,0.4056603773584906,0.1170855834833433,0.1485733783360077,0.3664302600472813,0.42713567839195976,0.12638379869271166,0.18840445969413,0.38383838383838387,0.3946488294314381,0.09748689287050316,0.15883125434801204,0.3691275167785235,20.0,3.0,4.0,32.0,5.0,5.0,38.0,2.0,5.0,-0.0007174501367072119,-0.00039035574920267993,-0.0002400539239294847,0.028432042187596984,0.03010588277319659,0.030835966290911898,"[3.056640625, 9.4453125, 1.869140625, 1.6689453125, 0.791015625, 6.9765625, 0.64794921875, 8.28125, 2.5859375, 3.87890625, 2.552734375, 0.470703125, 1.25, 1.14453125, 1.037109375, 2.380859375, 4.046875, 7.03125, 5.4453125, 2.681640625, 13.796875, 0.330810546875, 9.4375, 0.03448486328125, 3.65234375, 1.1689453125, 4.3359375, 6.08203125, 8.4609375, 2.970703125, 0.7890625, 7.984375, 4.765625, 11.3984375, 4.86328125, 2.033203125, 0.49658203125, 9.0703125, 7.26953125, 4.046875, 3.724609375, 6.51171875, 3.9609375, 2.330078125, 3.19921875, 1.47265625, 6.45703125, 1.7392578125, 0.88818359375, 0.0225982666015625, 6.8984375, 6.5859375, 0.080322265625, 5.25, 3.439453125, 2.1796875, 7.46484375, 7.2578125, 4.85546875, 5.62890625, 2.193359375, 6.265625, 3.669921875, 1.1640625, 7.46875, 1.1865234375, 2.59765625, 1.7490234375, 1.0712890625, 5.24609375, 4.0625, 0.395263671875, 0.282470703125, 0.0662841796875, 2.853515625, 0.271484375, 3.994140625, 3.251953125, 1.2099609375, 0.9619140625, 1.1259765625, 2.50390625, 0.279296875, 4.12890625, 1.0556640625, 1.416015625, 5.296875, 1.2275390625, 0.81494140625, 3.205078125, 5.1484375, 0.9599609375, 0.111572265625, 0.0426025390625, 0.12054443359375, 0.136474609375, 0.039520263671875, 3.455078125, 1.5546875, 6.07421875, 0.2337646484375, 0.1226806640625, 0.035736083984375, 0.50341796875, 0.05645751953125, 2.79296875, 0.493408203125, 0.024688720703125, 0.05816650390625, 0.07098388671875, 0.3251953125, 0.046783447265625, 0.08343505859375, 0.07769775390625, 0.15478515625, 0.7412109375, 6.796875, 7.08984375, 2.544921875, 1.712890625, 4.16796875, 7.5859375, 8.5, 6.91015625, 2.935546875, 3.685546875, 6.69921875, 4.0703125, 3.66796875, 6.80078125, 5.1875, 1.08203125, 3.1484375, 5.58984375, 1.583984375, 1.833984375, 8.0, 3.08984375, 4.44921875, 0.36865234375, 0.0216827392578125, 3.83984375, 0.9365234375, 0.272216796875, 3.951171875, 2.373046875, 3.375, 1.6298828125, 5.37109375, 0.7451171875, 0.9404296875, 7.25, 2.595703125, 0.445068359375, 0.84716796875, 5.26171875, 0.374267578125, 0.057464599609375, 6.41796875, 6.7421875, 0.7919921875, 9.140625, 0.97412109375, 8.3671875, 3.716796875, 0.54638671875, 0.09027099609375, 0.06744384765625, 1.6328125, 2.01171875, 0.385986328125, 5.06640625, 0.4794921875, 11.0859375, 0.318359375, 0.159423828125, 0.03021240234375, 11.1953125, 1.1708984375, 0.18701171875, 0.229736328125, 0.040435791015625, 13.7109375, 0.205322265625, 5.71875, 0.034515380859375, 3.375, 2.234375, 6.76953125, 5.9140625, 1.3984375, 6.53125, 4.21875, 11.8359375, 2.203125, 3.9140625, 5.34375, 2.3125, 1.798828125, 7.14453125, 4.23828125, 2.943359375, 2.57421875, 1.1611328125, 1.5263671875, 2.908203125, 1.662109375, 0.2099609375, 4.43359375, 5.14453125, 0.80615234375, 3.259765625, 2.505859375, 0.458740234375, 2.46484375, 6.51953125, 0.1011962890625, 0.07061767578125, 0.01358795166015625, 2.8125, 0.025848388671875, 0.0248565673828125, 7.47265625, 3.078125, 4.0703125, 4.140625, 4.296875, 3.9375, 4.734375, 9.2109375, 1.97265625, 0.2371826171875, 0.34765625, 1.4150390625, 4.8671875, 2.841796875, 4.2109375, 8.5546875, 6.92578125, 4.28125, 1.6630859375, 0.8828125, 1.0224609375, 6.83203125, 2.349609375, 2.2265625, 4.18359375, 0.68212890625, 0.0433349609375, 0.00738525390625, 0.02099609375, 0.4052734375, 0.81787109375, 0.2271728515625, 0.2034912109375, 0.0123443603515625, 0.007213592529296875, 0.0482177734375, 0.002056121826171875, 2.642578125, 2.244140625, 6.0625, 1.3271484375, 1.0771484375, 5.56640625, 0.5, 5.74609375, 7.9140625, 0.1580810546875, 0.40087890625, 1.9443359375, 6.28125, 0.08819580078125, 8.53125, 2.466796875, 4.89453125, 0.65087890625, 1.783203125, 9.5390625, 8.3984375, 0.407958984375, 0.7822265625, 3.4609375, 2.30078125, 5.9140625, 0.61181640625, 0.365234375, 4.0234375, 1.5341796875, 6.5625, 12.0859375, 1.103515625, 9.03125, 1.7041015625, 3.6484375, 0.079833984375, 0.07037353515625, 0.0186920166015625, 0.74609375, 0.02069091796875, 0.044158935546875, 5.35546875, 3.783203125, 0.133544921875, 3.685546875, 2.1484375, 1.740234375, 0.136962890625, 4.1640625, 0.1865234375, 2.28515625, 2.611328125, 0.0104827880859375, 3.1953125, 0.0092926025390625, 1.0166015625, 0.0283966064453125, 0.355712890625, 2.984375, 0.7138671875, 8.4609375, 2.4140625, 1.17578125, 0.11468505859375, 0.08056640625, 4.82421875, 3.767578125, 4.98046875, 1.201171875, 8.671875, 9.6640625, 6.8203125, 3.783203125, 1.0439453125, 6.12109375, 0.322021484375, 5.2109375, 9.3515625, 0.50537109375, 6.7890625, 4.546875, 3.08984375, 0.476318359375, 0.059783935546875, 0.433349609375, 0.0017385482788085938, 0.054443359375, 0.04498291015625, 0.9541015625, 1.3291015625, 0.05609130859375, 6.55078125, 4.390625, 8.4375, 4.58984375, 0.74365234375, 8.5703125, 5.45703125, 3.873046875, 9.3046875, 2.642578125, 6.09765625, 1.0576171875, 1.84375, 0.1666259765625, 9.0, 5.17578125, 5.26953125, 2.65625, 0.025848388671875, 0.0002560615539550781, 0.142578125, 0.1324462890625, 0.051483154296875, 0.0015573501586914062, 0.33349609375, 0.0008907318115234375, 0.012481689453125, 0.00039958953857421875, 5.29296875, 0.008941650390625, 0.227294921875, 1.2783203125, 0.004978179931640625, 0.53369140625, 3.266334533691406e-05, 0.59423828125, 2.443359375, 8.703125, 2.3203125, 0.1864013671875, 0.01537322998046875, 5.76953125, 0.53271484375, 0.0292510986328125, 0.0226593017578125, 0.01224517822265625, 12.09375, 1.091796875, 0.59423828125, 2.130859375, 4.82421875, 7.61328125, 4.7109375, 0.430908203125, 10.1953125, 0.0177459716796875, 0.00015270709991455078, 0.0102691650390625, 0.0006241798400878906, 0.94482421875, 1.390625, 4.57421875, 5.01171875, 3.39453125, 0.3701171875, 0.0001131296157836914, 0.017791748046875, 0.0011987686157226562, 0.00018775463104248047, 1.1640625, 8.3984375, 0.6708984375, 6.35546875]",-1.1377104118747532
178,1,test,2.9864606181527398,1.2821021046724002,1.7719850546306273,5.168874146802819,2.219022873471462,3.0668972099376246,19.815423877311087,14.317566143162828,16.44689685474694,34.29592594149996,24.78040294008951,28.465783017831242,2.6335517737134615,1.0675563918251698,1.5171336968384468,4.558070377580991,1.8476937550820245,2.625808321451158,13.923134006544728,9.135696112552827,10.869238237546055,24.09773193440434,15.81178173326451,18.8121431034451,2.994544726949073,1.3076169448728439,1.8108642111505742,5.182865873565704,2.2631831738183843,3.13418805776061,19.976263164990158,14.573406735843747,16.70988911716912,34.57430163171374,25.223203965883407,28.92096193356194,0.5678391959798995,0.00783919597989946,0.002839195979899567,0.4321608040201005,0.0021608040201004375,0.007160804020100442,0.37688442211055273,-0.003115577889447274,-0.003115577889447274,0.410828025477707,0.11671037841888354,0.15976870344380867,0.3993610223642172,0.39698492462311563,0.12881449855795268,0.15324535867987688,0.3737373737373737,0.41137123745819393,0.1225565463062741,0.17555366237476788,0.3993288590604027,17.0,0.0,-1.0,30.0,1.0,2.0,36.0,0.0,0.0,0.0009766664684852464,-2.0506514153184126e-05,0.0003231476217192082,0.004227727866497055,0.005198950213634035,0.004906929245625413,"[3.0625, 9.453125, 2.48046875, 1.494140625, 0.81689453125, 3.970703125, 0.56591796875, 0.6474609375, 8.5390625, 0.44287109375, 3.12890625, 0.4755859375, 5.45703125, 6.08984375, 6.80859375, 4.796875, 1.935546875, 1.6767578125, 6.359375, 6.12890625, 3.58984375, 3.95703125, 1.2099609375, 3.935546875, 0.85791015625, 6.55078125, 1.958984375, 2.7578125, 2.677734375, 5.55078125, 1.708984375, 2.580078125, 7.3125, 0.1319580078125, 0.99267578125, 0.049530029296875, 0.0032062530517578125, 4.47265625, 1.0927734375, 3.171875, 5.37109375, 1.8203125, 5.90234375, 1.05859375, 5.265625, 2.41796875, 1.8974609375, 4.484375, 3.216796875, 6.32421875, 0.01153564453125, 0.73583984375, 0.0036468505859375, 0.298583984375, 0.0096588134765625, 1.375, 0.001850128173828125, 0.019989013671875, 1.927734375, 0.00385284423828125, 0.157958984375, 1.9921875, 2.43359375, 0.06365966796875, 1.48046875, 0.001987457275390625, 0.0011358261108398438, 7.75390625, 3.0078125, 7.2734375, 3.62109375, 3.474609375, 1.12109375, 4.83984375, 0.0133819580078125, 0.1834716796875, 1.2874603271484375e-05, 0.0006818771362304688, 4.734375, 1.388671875, 0.1971435546875, 0.07220458984375, 0.0007071495056152344, 0.021331787109375, 5.69140625, 0.71826171875, 0.1395263671875, 0.08453369140625, 8.1640625, 0.17138671875, 1.4921875, 4.1015625, 7.609375, 0.035980224609375, 0.333251953125, 5.936622619628906e-05, 0.0016384124755859375, 2.7578125, 0.1781005859375, 4.65234375, 0.419189453125, 0.004322052001953125, 0.1790771484375, 0.0001361370086669922, 0.003131866455078125, 3.19921875, 0.022979736328125, 1.369140625, 0.02081298828125, 0.0003578662872314453, 0.0019044876098632812, 1.5595703125, 0.001628875732421875, 0.035308837890625, 0.08544921875, 5.015625, 0.1019287109375, 0.00011026859283447266, 0.0027675628662109375, 1.3779296875, 0.1153564453125, 3.904296875, 0.37255859375, 0.261474609375, 0.00035691261291503906, 0.0017452239990234375, 5.515625, 0.07440185546875, 1.3623046875, 0.000514984130859375, 0.00540924072265625, 0.00040435791015625, 7.15625, 6.67578125, 5.15234375, 5.86328125, 6.41015625, 0.322998046875, 0.92822265625, 6.734375, 4.78125, 10.015625, 13.7734375, 8.0390625, 10.3203125, 9.296875, 6.90625, 0.2003173828125, 0.93212890625, 4.4453125, 9.453125, 2.578125, 4.9453125, 3.580078125, 6.5703125, 8.46875, 3.904296875, 5.76171875, 3.140625, 0.0090484619140625, 1.013671875, 0.00039839744567871094, 3.802734375, 1.529296875, 0.499755859375, 0.00865936279296875, 0.048553466796875, 0.052978515625, 2.017578125, 0.0283355712890625, 1.498046875, 4.20703125, 4.35546875, 0.1435546875, 6.4140625, 0.0018758773803710938, 0.029205322265625, 0.00260162353515625, 0.0002142190933227539, 0.84521484375, 1.3935546875, 1.2744140625, 0.04473876953125, 0.00015687942504882812, 0.032196044921875, 0.000629425048828125, 0.00030684471130371094, 6.4375, 7.12890625, 7.65625, 7.1328125, 1.609375, 0.7421875, 3.4921875, 0.57177734375, 5.52734375, 9.0234375, 8.859375, 6.99609375, 7.51171875, 7.2890625, 1.82421875, 5.03125, 8.8203125, 5.1484375, 4.4609375, 0.06414794921875, 0.94482421875, 1.970703125, 6.18359375, 2.568359375, 9.453125, 4.0703125, 12.28125, 0.978515625, 0.344482421875, 0.391357421875, 4.90234375, 6.33203125, 4.4609375, 4.359375, 7.29296875, 0.83935546875, 2.513671875, 0.78271484375, 2.759765625, 8.421875, 2.82421875, 6.8828125, 3.833984375, 7.0703125, 1.7080078125, 3.787109375, 2.564453125, 10.2890625, 8.7265625, 1.46484375, 5.22265625, 0.0784912109375, 1.5849609375, 1.2109375, 9.7890625, 3.1015625, 8.265625, 0.77978515625, 2.228515625, 4.08984375, 1.7666015625, 8.3359375, 2.287109375, 6.48828125, 1.671875, 0.50390625, 2.6796875, 0.93896484375, 0.0322265625, 0.04052734375, 1.4384765625, 7.09765625, 3.19140625, 0.01045989990234375, 10.125, 5.1328125, 1.984375, 2.75390625, 3.724609375, 0.33203125, 2.267578125, 1.8369140625, 2.12890625, 1.2216796875, 2.755859375, 1.3037109375, 6.2421875, 7.71484375, 0.035186767578125, 2.611328125, 6.03515625, 4.35546875, 3.76953125, 0.8232421875, 6.734375, 0.037109375, 1.0478515625, 0.2724609375, 0.9853515625, 0.09979248046875, 4.234375, 3.748046875, 0.759765625, 3.845703125, 1.353515625, 8.625, 6.87890625, 5.26171875, 2.701171875, 0.275390625, 9.2578125, 1.2998046875, 3.984375, 0.368408203125, 9.5078125, 5.0234375, 3.1875, 2.69140625, 1.4775390625, 0.1614990234375, 1.5703125, 2.09375, 5.6796875, 0.1492919921875, 2.603515625, 3.73828125, 0.1429443359375]",-1.8719030102347114
216,1,test,3.094299522121396,1.3577147423300484,1.8833659473709465,5.107096298646964,2.240888409670954,3.10846806847632,22.07177233305007,16.393853404428345,18.715155490063946,36.42913880212148,27.057816298571055,30.889091585542438,2.8408471687355235,1.183541163850378,1.6572921440423958,4.688776880437272,1.9534174548986827,2.7353365484194887,17.13027162227682,11.88511026766649,13.864307449627214,28.27326384259281,19.616201412653435,22.882837538219675,3.0380053587980496,1.3100557962237809,1.818905798308671,5.014183601899694,2.162228013184881,3.0020775311890686,20.863586334695505,15.234486384764146,17.479447186000275,34.43504540677899,25.14429791660102,28.849573025437348,0.5477386934673367,0.0027386934673367946,-0.01226130653266333,0.4824120603015075,0.007412060301507539,0.007412060301507539,0.40703517587939697,0.0020351758793969443,0.007035175879396949,0.4218289085545722,0.10960504993896103,0.17550898706291373,0.44378698224852076,0.40703517587939697,0.10878956184430921,0.1649650590179612,0.4040404040404041,0.42140468227424754,0.11589550030429763,0.17112659551117748,0.43624161073825507,20.0,0.0,-1.0,33.0,2.0,1.0,39.0,1.0,1.0,0.00047659315634871987,0.0003089497025437553,0.0002502231939685686,-0.0003490780111610192,5.1295171446419374e-05,-0.00017032920177317834,"[3.056640625, 9.4453125, 2.4296875, 1.0791015625, 0.80224609375, 3.9921875, 0.56396484375, 0.66162109375, 6.55859375, 5.56640625, 0.255615234375, 12.5859375, 0.11041259765625, 0.60302734375, 5.5859375, 1.921875, 4.70703125, 0.2322998046875, 1.064453125, 1.6826171875, 0.01137542724609375, 4.09765625, 0.64892578125, 5.3828125, 4.95703125, 0.56884765625, 0.0227813720703125, 4.11328125, 0.0323486328125, 0.09197998046875, 0.9697265625, 0.2169189453125, 0.60302734375, 0.08135986328125, 0.21533203125, 9.171875, 2.302734375, 2.681640625, 2.9453125, 4.0, 6.13671875, 0.18408203125, 9.296875, 0.70361328125, 4.42578125, 0.00522613525390625, 4.36328125, 0.001220703125, 0.64599609375, 0.00324249267578125, 0.2080078125, 4.6171875, 0.73828125, 0.0018224716186523438, 0.079345703125, 3.26953125, 0.051055908203125, 1.4326171875, 0.09613037109375, 0.022674560546875, 0.2025146484375, 3.384765625, 0.005859375, 0.3857421875, 1.2529296875, 5.67578125, 5.68359375, 0.642578125, 6.81640625, 8.671875, 6.4609375, 6.2578125, 1.1103515625, 0.0009045600891113281, 5.4765625, 2.685546875, 0.182373046875, 5.80078125, 0.1358642578125, 0.0250701904296875, 0.053985595703125, 5.125, 7.62109375, 0.2496337890625, 8.25, 1.083984375, 11.4921875, 3.859375, 2.578125, 8.0234375, 8.296875, 6.6796875, 3.841796875, 4.9765625, 10.5078125, 3.8046875, 0.97314453125, 6.41796875, 1.076171875, 2.326171875, 4.18359375, 0.044464111328125, 0.00074005126953125, 0.1552734375, 0.101806640625, 0.00897216796875, 0.96630859375, 0.0011396408081054688, 0.7412109375, 0.0002841949462890625, 0.01070404052734375, 0.00197601318359375, 8.3828125, 0.5107421875, 7.1640625, 9.6796875, 0.1446533203125, 0.19921875, 4.8203125, 6.6640625, 3.197265625, 8.4453125, 6.98828125, 0.089599609375, 2.48046875, 0.00511932373046875, 5.20703125, 0.01018524169921875, 2.248046875, 0.002811431884765625, 0.9404296875, 0.390625, 0.0034503936767578125, 0.625, 0.00010263919830322266, 4.4921875, 0.00020694732666015625, 0.371826171875, 6.23046875, 7.3359375, 4.75390625, 0.71044921875, 0.90234375, 5.0703125, 1.1240234375, 3.732421875, 5.76953125, 2.51171875, 3.05078125, 8.6484375, 4.53515625, 2.484375, 0.318603515625, 0.54296875, 3.369140625, 0.375, 0.001270294189453125, 0.027557373046875, 5.51171875, 8.8828125, 7.140625, 5.06640625, 2.701171875, 5.078125, 2.34765625, 0.9111328125, 0.84912109375, 0.007709503173828125, 0.0210723876953125, 2.173828125, 0.0020160675048828125, 0.1424560546875, 0.11273193359375, 0.11871337890625, 4.9140625, 0.3896484375, 8.7421875, 3.83203125, 6.76171875, 3.263671875, 0.64599609375, 0.1207275390625, 0.003002166748046875, 5.41015625, 0.10052490234375, 3.685546875, 0.050933837890625, 13.59375, 3.060546875, 2.744140625, 6.73046875, 5.57421875, 1.2099609375, 3.970703125, 2.224609375, 0.0958251953125, 5.0625, 0.37939453125, 0.032470703125, 3.77734375, 0.8486328125, 4.8046875, 3.09765625, 4.296875, 0.0274658203125, 4.44921875, 0.247314453125, 7.328125, 11.1796875, 2.171875, 0.6416015625, 2.140625, 0.36376953125, 3.173828125, 4.6484375, 3.880859375, 6.390625, 0.666015625, 6.3671875, 0.2083740234375, 0.95703125, 3.07421875, 11.9296875, 5.08203125, 1.8359375, 3.89453125, 5.44140625, 4.61328125, 2.900390625, 5.58203125, 6.15625, 4.984375, 0.513671875, 1.880859375, 6.01171875, 0.1490478515625, 6.44140625, 0.06158447265625, 2.15234375, 2.4453125, 6.2265625, 1.095703125, 3.822265625, 1.671875, 6.38671875, 3.7109375, 5.56640625, 1.509765625, 4.2890625, 1.1708984375, 4.88671875, 2.033203125, 2.318359375, 6.859375, 0.47119140625, 6.0234375, 0.6943359375, 2.04296875, 0.9580078125, 3.728515625, 0.255615234375, 4.92578125, 2.48046875, 3.03125, 2.537109375, 2.017578125, 2.6796875, 0.0293731689453125, 2.77734375, 6.67578125, 0.6884765625, 10.578125, 0.1749267578125, 0.74658203125, 6.1875, 6.1328125, 2.3203125, 3.3984375, 1.41015625, 1.91015625, 6.6015625, 5.26171875, 0.0211944580078125, 0.947265625, 0.3427734375, 5.9765625, 1.9736328125, 0.63720703125, 5.828125, 10.84375, 0.00870513916015625, 1.2900390625, 1.0791015625, 7.390625, 8.328125, 2.541015625, 3.92578125, 0.257568359375, 11.0546875, 0.398681640625, 1.265625, 2.779296875, 4.046875, 0.0163726806640625, 0.53125, 4.484375, 3.544921875, 0.0171356201171875, 5.73828125, 7.05078125, 3.810546875, 1.9921875, 0.68701171875, 0.74072265625, 10.03125, 2.41796875, 0.56494140625, 2.16015625, 0.4873046875, 4.63671875, 2.234375, 8.5625, 1.24609375, 5.734375, 1.2734375, 2.5078125, 8.828125, 7.76953125, 1.2158203125, 0.483154296875, 6.77734375, 0.21044921875, 0.52880859375, 7.55078125, 7.6953125, 4.5234375, 4.75, 6.29296875, 0.9912109375]",-1.6496160357399323
407,1,test,2.4179213578838454,1.0042385340999327,1.271071967068998,5.756955614009156,2.3910441288093636,3.0263618263547576,11.22250747654304,7.111439579248297,8.074249140246106,26.72025589653105,16.931998998210233,19.224402714871687,2.70052301703985,1.1165464781833245,1.5777612484695216,6.429816707237738,2.6584439956745824,3.7565744011179087,14.887516113619869,10.013215945650032,11.814185793166123,35.446466937190166,23.84099034678579,28.129013793252675,2.478629782048356,1.0497051578170526,1.4791361268870766,5.901499481067515,2.499297994802507,3.5217526830644688,11.924913487705679,7.750705552311058,9.208007698815996,28.392651161203997,18.45406083883585,21.923827854323797,0.592964824120603,-0.0020351758793969443,0.002964824120602949,0.4623115577889447,-0.017688442211055255,-0.002688442211055242,0.3668341708542714,0.0018341708542713997,-0.00816582914572861,0.3784461152882206,0.09684411278509164,0.1321118044377807,0.3316582914572864,0.3869346733668342,0.09370159066006722,0.15988959824162552,0.33838383838383834,0.3913043478260869,0.10749800391957609,0.17550901968370647,0.34563758389261745,21.0,9.0,9.0,33.0,14.0,14.0,43.0,18.0,17.0,-0.0004403621338159899,-0.0004785875335490727,-0.0001321216128526235,0.06553984031713167,0.0725158467293694,0.06862583839795278,"[3.056640625, 9.4453125, 2.48046875, 1.80859375, 10.875, 8.9140625, 2.208984375, 0.39111328125, 7.77734375, 3.111328125, 1.08203125, 0.1514892578125, 8.03125, 2.150390625, 3.0, 0.1649169921875, 3.130859375, 0.79833984375, 9.0390625, 3.7734375, 1.380859375, 3.994140625, 2.212890625, 3.30078125, 2.296875, 1.4599609375, 3.853515625, 0.0714111328125, 5.08984375, 1.412109375, 0.17333984375, 11.7890625, 5.14453125, 0.0003437995910644531, 2.23046875, 4.2890625, 0.286376953125, 4.3359375, 3.326171875, 0.94384765625, 0.344482421875, 7.37890625, 0.0031032562255859375, 5.35546875, 0.0302276611328125, 2.04296875, 4.875, 2.267578125, 0.329345703125, 6.40234375, 0.70849609375, 6.2265625, 1.9052734375, 1.0751953125, 0.227783203125, 2.7578125, 0.271728515625, 2.580078125, 2.451171875, 3.005859375, 7.87890625, 0.34423828125, 2.169921875, 3.505859375, 6.83203125, 1.8515625, 3.763671875, 0.79638671875, 3.943359375, 0.82080078125, 6.94140625, 4.578125, 0.33447265625, 0.451416015625, 2.01171875, 5.56640625, 1.77734375, 0.00041961669921875, 0.951171875, 1.68359375, 3.69140625, 7.75, 0.324462890625, 6.66015625, 7.75390625, 1.0166015625, 2.21875, 1.0859375, 1.267578125, 4.3046875, 5.63671875, 0.77685546875, 10.921875, 0.25634765625, 1.73828125, 3.970703125, 1.0009765625, 0.5771484375, 0.70458984375, 3.080078125, 6.51171875, 11.1328125, 4.66796875, 5.86328125, 4.11328125, 2.0, 1.8955078125, 9.3984375, 0.257568359375, 0.0184478759765625, 0.047119140625, 0.025360107421875, 0.0271453857421875, 0.09515380859375, 6.25, 7.703125, 0.469482421875, 0.28125, 0.10662841796875, 0.8876953125, 0.03033447265625, 0.53564453125, 0.1812744140625, 1.3779296875, 0.0250244140625, 0.10638427734375, 0.187255859375, 7.92578125, 0.1634521484375, 0.73583984375, 5.08984375, 2.509765625, 0.06488037109375, 1.5048828125, 4.54296875, 5.859375, 1.5, 5.91796875, 0.093017578125, 0.08074951171875, 0.1544189453125, 0.3388671875, 0.0155792236328125, 0.6376953125, 0.396240234375, 0.2486572265625, 0.030029296875, 0.8212890625, 2.22265625, 2.5625, 4.93359375, 2.662109375, 5.640625, 1.4619140625, 0.1514892578125, 0.81884765625, 8.0390625, 0.079833984375, 0.01953125, 0.01800537109375, 0.137451171875, 0.016693115234375, 0.11602783203125, 0.0247650146484375, 0.050506591796875, 0.01312255859375, 0.1058349609375, 0.2125244140625, 9.2734375, 0.359619140625, 8.921875, 6.5703125, 0.9375, 3.888671875, 4.42578125, 2.37109375, 2.607421875, 5.7734375, 3.298828125, 3.474609375, 8.390625, 0.8017578125, 0.21142578125, 3.1484375, 2.50390625, 1.759765625, 3.06640625, 1.634765625, 0.85595703125, 2.76953125, 0.564453125, 3.93359375, 0.908203125, 6.11328125, 0.98828125, 3.21875, 0.0899658203125, 0.0189971923828125, 0.036865234375, 0.1527099609375, 0.01309967041015625, 0.08599853515625, 0.034881591796875, 0.08544921875, 0.01105499267578125, 0.1895751953125, 0.1934814453125, 3.435546875, 0.7275390625, 2.18359375, 0.28466796875, 7.42578125, 1.4990234375, 0.0034732818603515625, 3.166015625, 0.001415252685546875, 0.07989501953125, 0.0007219314575195312, 0.0028591156005859375, 0.0023212432861328125, 5.6171875, 3.169921875, 5.80859375, 0.33349609375, 0.2022705078125, 4.11328125, 3.01953125, 7.4140625, 7.125, 0.018463134765625, 0.07861328125, 2.19921875, 4.59765625, 2.326171875, 4.09765625, 0.354736328125, 4.359375, 7.33984375, 1.322265625, 0.0036525726318359375, 0.50146484375, 0.79833984375, 2.919921875, 0.021575927734375, 2.9453125, 0.428955078125, 3.849609375, 7.90625, 2.6171875, 0.0255584716796875, 0.0003390312194824219, 0.81640625, 0.438720703125, 2.5, 0.054351806640625, 3.84765625, 0.0193023681640625, 8.2734375, 6.53515625, 0.1417236328125, 0.00064849853515625, 0.37255859375, 0.0267181396484375, 11.21875, 0.22607421875, 3.2109375, 0.1612548828125, 3.63671875, 5.2890625, 0.35546875, 0.0012035369873046875, 4.4375, 0.0079345703125, 5.06640625, 0.185302734375, 1.4287109375, 0.00506591796875, 0.837890625, 0.35302734375, 0.00429534912109375, 0.9521484375, 0.00098419189453125, 1.0849609375, 6.44140625, 1.8505859375, 1.462890625, 5.44140625, 6.6953125, 5.7890625, 2.77734375, 7.55859375, 0.353271484375, 2.390625, 0.1090087890625, 0.0055999755859375, 0.034454345703125, 0.0184326171875, 0.01280975341796875, 0.218994140625, 0.34326171875, 0.0352783203125, 0.0262451171875, 0.0077362060546875, 0.0232696533203125, 0.52490234375, 0.02001953125, 0.1846923828125, 0.0308074951171875, 0.0816650390625, 0.036834716796875, 0.0283966064453125, 0.060546875, 2.169921875, 0.007091522216796875, 0.05181884765625, 3.88671875, 0.8720703125, 11.3515625, 1.5068359375, 3.990234375, 0.328125, 8.796875, 0.2281494140625, 0.026123046875, 0.09100341796875, 0.3232421875, 0.009552001953125, 0.4375, 0.09979248046875, 0.0914306640625, 0.004955291748046875, 0.0228118896484375, 0.030303955078125, 3.3046875, 0.003910064697265625, 0.0224151611328125, 0.003734588623046875, 0.0017452239990234375, 7.0078125, 0.1383056640625, 0.031585693359375, 0.0335693359375, 0.1199951171875, 0.00959014892578125, 0.1129150390625, 0.0283355712890625, 0.042572021484375, 0.00641632080078125, 0.043487548828125, 0.06640625, 2.77734375, 1.13671875, 6.90234375, 0.9697265625, 1.625, 3.67578125, 0.80126953125, 1.458984375, 5.13671875, 1.3251953125, 5.61328125, 3.974609375, 4.94140625, 0.7666015625, 6.0078125, 2.419921875, 0.002643585205078125, 2.041015625, 1.7607421875, 4.4296875, 0.98876953125, 7.3203125, 5.19140625, 6.453125, 6.1796875, 4.21484375, 1.46484375, 6.03515625, 3.923828125, 11.1171875, 4.015625, 12.1953125, 0.73681640625, 4.7734375, 6.09765625, 0.462646484375, 0.57568359375, 0.258544921875, 6.37109375, 0.00702667236328125, 2.384765625, 0.0014047622680664062, 0.12408447265625, 6.16796875, 5.0703125, 5.25, 2.00390625, 1.6015625, 6.3515625]",-0.5116056864124192
248,1,test,3.2890109575478133,1.3492507098078486,1.897048371356062,5.4528339559345325,2.2369156504709067,3.1451065104061025,26.816328048788687,19.85924525444114,22.793590769369324,44.45864913351809,32.92453818499452,37.78937417027019,3.296741024333628,1.339535364868842,1.8884806046424816,5.465649592974173,2.2208086312299224,3.130902055065167,27.024423314498843,19.944906495555692,22.935586959920105,44.80364917930072,33.06655550578971,38.02478890723597,3.2878627888733725,1.355850156856826,1.9079788135855416,5.450930413132171,2.247856838999475,3.1632280330497142,26.785556050062574,19.882165796597896,22.811115582631558,44.40763239878795,32.962538031201774,37.81842846594179,0.6783919597989949,-0.0016080402010050232,-0.011608040201005032,0.592964824120603,0.002964824120602949,0.002964824120602949,0.4723618090452262,0.007361809045226209,0.007361809045226209,0.42038216560509556,0.08969854080382367,0.15025504696102776,0.43450479233226835,0.4170854271356784,0.08625835946650551,0.15331247221080369,0.43939393939393945,0.4180602006688964,0.09418707879911337,0.14998456106934133,0.43288590604026844,20.0,5.0,5.0,29.0,5.0,5.0,38.0,5.0,5.0,-0.00013866132303591683,-0.00016533179985613738,0.00021688281322013164,0.010660108275062363,0.010668158331839095,0.010045863225135676,"[3.0625, 9.453125, 2.48046875, 1.494140625, 0.81689453125, 3.970703125, 1.1142578125, 1.755859375, 3.0859375, 0.04913330078125, 9.421875, 0.40380859375, 4.453125, 4.44921875, 2.48046875, 3.693359375, 0.8134765625, 3.3515625, 0.650390625, 2.193359375, 3.8359375, 4.8671875, 5.23828125, 0.6181640625, 4.13671875, 1.3583984375, 3.974609375, 4.10546875, 4.484375, 3.22265625, 3.09765625, 5.234375, 5.94140625, 2.51171875, 0.95703125, 13.9609375, 2.72265625, 3.560546875, 0.4169921875, 0.0010700225830078125, 1.685546875, 6.625, 14.234375, 2.59375, 6.4921875, 6.828125, 0.91064453125, 6.4375, 11.3046875, 2.341796875, 1.9951171875, 2.056640625, 0.475830078125, 1.189453125, 7.89453125, 3.908203125, 6.23828125, 2.671875, 4.0078125, 2.24609375, 0.379638671875, 0.77392578125, 7.453125, 3.876953125, 9.453125, 0.13671875, 2.37109375, 5.625, 3.322265625, 4.25390625, 2.52734375, 2.876953125, 0.00992584228515625, 0.73193359375, 0.0003674030303955078, 0.0020351409912109375, 0.006175994873046875, 6.91015625, 2.484375, 4.703125, 7.47265625, 5.71484375, 5.91015625, 4.47265625, 5.4921875, 0.296630859375, 0.017791748046875, 2.294921875, 0.0007252693176269531, 0.038665771484375, 0.002796173095703125, 0.0280303955078125, 9.1640625, 1.2373046875, 0.52978515625, 0.005329132080078125, 0.0171356201171875, 0.0005559921264648438, 3.111328125, 0.00921630859375, 0.55322265625, 6.71484375, 3.25, 2.744140625, 3.447265625, 4.1484375, 0.26171875, 0.0016031265258789062, 0.0323486328125, 0.0019311904907226562, 6.31640625, 0.736328125, 1.712890625, 3.32421875, 8.796875, 0.68603515625, 0.32861328125, 0.002147674560546875, 0.023345947265625, 0.0008134841918945312, 0.5859375, 0.167724609375, 0.0024261474609375, 0.00054931640625, 0.00037932395935058594, 2.466796875, 6.40234375, 4.2265625, 0.775390625, 3.1875, 0.018951416015625, 0.1417236328125, 0.0253753662109375, 2.19921875, 0.74072265625, 2.345703125, 8.75, 0.0009860992431640625, 9.125, 1.8935546875, 1.2978515625, 0.0333251953125, 2.1328125, 5.8046875, 9.5859375, 2.947265625, 8.4453125, 0.478515625, 6.11328125, 3.818359375, 0.623046875, 1.4326171875, 6.5546875, 4.90234375, 1.173828125, 3.603515625, 11.0390625, 4.41015625, 2.068359375, 5.42578125, 0.380615234375, 0.60791015625, 6.26953125, 4.703125, 7.359375, 3.951171875, 5.48828125, 1.6875, 2.13671875, 0.0010862350463867188, 8.421875, 0.939453125, 0.302978515625, 2.638671875, 7.98046875, 1.447265625, 4.27734375, 2.947265625, 7.2890625, 3.345703125, 0.105712890625, 9.421875, 8.5078125, 0.358642578125, 7.02734375, 0.02642822265625, 2.486328125, 3.525390625, 9.7578125, 0.4619140625, 3.947265625, 4.2265625, 7.1640625, 1.263671875, 7.0703125, 1.587890625, 5.7109375, 2.80859375, 7.4765625, 0.63720703125, 4.0078125, 1.21875, 0.44775390625, 4.265625, 0.26611328125, 8.0078125, 9.828125, 7.078125, 0.020355224609375, 2.552734375, 7.734375, 1.21875, 2.162109375, 7.47265625, 11.171875, 9.59375, 7.51953125, 2.78515625, 9.546875, 1.5341796875, 3.619140625, 4.35546875, 0.1920166015625, 0.04217529296875, 7.69921875, 1.6533203125, 0.626953125, 0.1483154296875, 0.54296875, 4.61328125, 0.6953125, 2.443359375, 1.4501953125, 1.3369140625, 1.8369140625, 2.365234375, 0.292724609375, 2.88671875, 0.188232421875, 3.6875, 4.4921875, 0.88818359375, 0.52587890625, 7.17578125, 0.935546875, 3.18359375, 0.62890625, 0.0026092529296875, 10.84375, 8.78125, 0.1292724609375, 1.1806640625, 2.44921875, 2.74609375, 0.0011425018310546875, 0.00036334991455078125, 3.275390625, 3.736328125, 0.1180419921875, 0.4951171875, 3.826171875, 7.40625, 3.408203125, 1.60546875, 4.18359375, 1.5595703125, 0.51025390625, 3.392578125, 0.91064453125, 0.8955078125, 1.1044921875, 1.984375, 2.20703125, 0.70654296875, 0.412353515625, 3.333984375, 3.603515625, 3.09765625, 5.51953125, 4.81640625, 3.21875, 4.29296875, 9.421875, 6.09765625, 1.166015625, 1.1083984375, 9.1953125, 3.71875, 1.2744140625, 1.6591796875, 7.2109375, 7.5078125, 1.0341796875, 3.517578125, 3.9140625, 1.92578125, 8.0390625, 8.4921875, 2.0234375, 3.396484375, 6.41796875, 6.734375, 2.36328125, 3.455078125, 0.490966796875, 2.5625, 1.65234375, 0.5166015625, 1.4921875, 0.7783203125, 5.5546875, 6.71875, 0.142578125, 7.40234375]",-1.1498337232383196
393,1,test,3.210365889125696,1.395568220848227,1.8835386538898498,6.00271538643815,2.6094218296068408,3.521824878887792,24.788154281632526,18.648320513015165,21.019088244590264,46.348684307844145,34.86847429256481,39.30131604066617,3.4169121663175037,1.471705858490422,2.0628972874394913,6.388913894312416,2.7517833499899034,3.857188157243632,30.475167337165804,23.48009249229648,26.602223579125717,56.982213927304805,43.902881274658526,49.74061596305277,3.062454420985984,1.3556643616288488,1.8714159732813083,5.726151755906084,2.5348099261706074,3.499157991708279,21.379968259042197,15.868725965598866,18.089471816759676,39.97608648435494,29.67121157109371,33.823543657378764,0.6683417085427136,-0.006658291457286469,0.0033417085427135396,0.5477386934673367,-0.02226130653266334,0.0027386934673367946,0.4522613065326633,-0.017738693467336697,-0.017738693467336697,0.4134078212290503,0.1191260918008773,0.16511847616551167,0.37815126050420167,0.4170854271356784,0.10380221911562826,0.17334586119243967,0.36868686868686873,0.39799331103678925,0.12754255978470241,0.17107451237160576,0.3389261744966443,25.0,4.0,3.0,34.0,0.0,0.0,44.0,4.0,2.0,-0.0005244824008733908,-0.00012624967680388094,-0.0005593774515776832,0.011581666220882525,0.015419291044995731,0.015094480746976835,"[3.056640625, 9.4453125, 2.4296875, 6.078125, 0.78955078125, 0.10418701171875, 2.328125, 0.515625, 0.9541015625, 0.75830078125, 3.283203125, 1.712890625, 8.2890625, 10.921875, 4.9765625, 4.19921875, 1.484375, 8.90625, 2.39453125, 0.54833984375, 2.583984375, 7.375, 4.1796875, 5.80859375, 0.537109375, 11.7421875, 1.626953125, 5.5234375, 7.7890625, 0.33203125, 0.84130859375, 6.1796875, 8.5859375, 1.6806640625, 4.9765625, 4.29296875, 0.005657196044921875, 1.4638671875, 8.28125, 3.33203125, 0.06781005859375, 7.2890625, 4.23046875, 8.984375, 3.70703125, 3.638671875, 0.11285400390625, 8.4921875, 3.8125, 7.5703125, 2.19140625, 5.953125, 3.1484375, 4.01953125, 0.8125, 6.4296875, 2.8828125, 2.333984375, 8.953125, 0.5810546875, 9.9140625, 2.623046875, 0.345703125, 0.92041015625, 6.20703125, 7.98046875, 1.240234375, 2.28125, 7.72265625, 2.123046875, 4.30859375, 2.353515625, 2.564453125, 1.8681640625, 0.794921875, 6.10546875, 0.8408203125, 0.1649169921875, 0.45947265625, 4.73046875, 5.91796875, 0.272216796875, 6.59375, 3.3515625, 4.90234375, 7.0625, 3.517578125, 4.4140625, 0.38427734375, 3.541015625, 5.92578125, 7.28125, 4.29296875, 4.6875, 0.08648681640625, 0.052978515625, 0.4443359375, 1.09375, 3.470703125, 3.3203125, 5.0625, 7.10546875, 2.701171875, 1.3935546875, 7.41015625, 2.513671875, 8.015625, 11.046875, 1.02734375, 3.29296875, 0.0054931640625, 5.828125, 5.46484375, 2.388671875, 3.455078125, 1.484375, 1.580078125, 10.203125, 0.055084228515625, 0.488525390625, 11.9375, 0.0037212371826171875, 0.015716552734375, 1.208984375, 9.25, 1.8955078125, 7.3359375, 11.0078125, 1.580078125, 5.6796875, 3.4609375, 0.30615234375, 5.08203125, 0.41943359375, 0.72216796875, 0.0022430419921875, 0.0249176025390625, 0.0160980224609375, 0.93505859375, 7.80859375, 1.52734375, 5.1796875, 5.31640625, 4.52734375, 2.4296875, 12.4375, 6.8046875, 14.46875, 8.484375, 6.21875, 1.552734375, 0.003963470458984375, 0.51171875, 0.0036983489990234375, 0.67236328125, 0.0005483627319335938, 4.8203125, 0.82421875, 1.5322265625, 4.63671875, 9.0390625, 0.0771484375, 0.072265625, 6.08203125, 0.03314208984375, 0.08380126953125, 5.44140625, 1.376953125, 7.35546875, 0.25, 3.1640625, 0.314453125, 0.06304931640625, 3.701171875, 0.000530242919921875, 2.181640625, 0.197998046875, 2.740234375, 1.4228515625, 0.004863739013671875, 0.0185394287109375, 0.281982421875, 0.038238525390625, 0.1624755859375, 1.314453125, 0.343994140625, 0.861328125, 0.01288604736328125, 0.43310546875, 0.0489501953125, 0.031890869140625, 2.837890625, 0.0012044906616210938, 0.1651611328125, 0.00567626953125, 5.0187110900878906e-05, 5.671875, 7.71484375, 2.99609375, 1.671875, 0.291259765625, 0.034942626953125, 0.31103515625, 2.240234375, 3.376953125, 1.5947265625, 8.8828125, 0.301025390625, 2.56640625, 5.01953125, 7.171875, 4.6484375, 4.3515625, 0.459228515625, 7.7109375, 0.77587890625, 9.90625, 6.984375, 7.67578125, 7.796875, 0.40625, 5.23828125, 0.9287109375, 0.078125, 2.12890625, 5.09765625, 0.0002963542938232422, 5.33984375, 4.49609375, 13.453125, 1.3544921875, 10.8671875, 6.2734375, 0.09716796875, 0.175048828125, 6.44921875, 0.0212860107421875, 0.0017461776733398438, 1.4443359375, 0.6123046875, 3.8125, 3.142578125, 0.74658203125, 0.020263671875, 0.91552734375, 0.32861328125, 2.203125, 0.0210418701171875, 0.045867919921875, 0.0252685546875, 0.04608154296875, 0.00038814544677734375, 0.00024139881134033203, 0.005992889404296875, 2.359375, 0.00447845458984375, 2.546875, 0.748046875, 7.67578125, 0.47412109375, 1.6171875, 6.73046875, 0.1568603515625, 0.490966796875, 0.008819580078125, 9.9765625, 6.48828125, 0.4609375, 3.849609375, 1.3720703125, 12.765625, 0.21337890625, 0.11187744140625, 0.47802734375, 0.01033782958984375, 0.0025234222412109375, 1.779296875, 0.004749298095703125, 0.115234375, 0.0022735595703125, 0.004657745361328125, 0.0084075927734375, 0.00015914440155029297, 0.02105712890625, 0.0020236968994140625, 0.0004487037658691406, 0.0014429092407226562, 0.32421875, 0.2401123046875, 1.419921875, 0.822265625, 0.58935546875, 0.80029296875, 0.73388671875, 0.005619049072265625, 0.0006837844848632812, 0.0011777877807617188, 11.46875, 0.228271484375, 10.640625, 5.3125, 1.8505859375, 0.98388671875, 5.46875, 0.1419677734375, 1.4658203125, 5.375, 4.69140625, 0.1553955078125, 1.162109375, 5.734375, 5.609375, 4.70703125, 1.86328125, 1.888671875, 2.8203125, 0.190673828125, 7.92578125, 1.8154296875, 0.108642578125, 0.319091796875, 6.09375, 4.53125, 1.4072265625, 7.265625, 1.990234375, 7.2890625, 1.8544921875, 4.984375, 6.04296875, 3.185546875, 1.1640625, 6.109375, 8.6875, 1.6259765625, 7.84375, 3.41015625, 1.94140625, 9.546875, 0.1427001953125, 3.9921875, 5.59765625, 8.296875, 1.6240234375, 7.50390625, 6.65234375, 7.00390625, 3.244140625, 2.251953125, 3.34765625, 0.2093505859375, 3.22265625, 4.37109375, 7.84765625, 0.810546875, 2.525390625, 4.51953125, 4.87890625]",-1.3854278349343625
239,1,test,2.882377848427951,1.2741826056968173,1.5629758542988708,5.709325353616903,2.5238616997456185,3.0958944806304554,17.85668322343267,12.862892712976166,14.115499764921767,35.369968692568555,25.478422104548947,27.95954761128735,2.979015676220458,1.273340033628489,1.803635050232967,5.9007425894366765,2.522192758917969,3.5725848110383773,19.668446993239918,14.163343099602182,16.42907129345173,38.95865462122522,28.054314216519707,32.54219890818324,2.916810188405091,1.2919076846877673,1.7996651546260103,5.777527873187007,2.558970990823847,3.5647213639707513,18.482238473661578,13.40431453932376,15.426121846913201,36.609049284368126,26.55085379904514,30.555587504462686,0.6783919597989949,0.00339195979899487,0.00339195979899487,0.507537688442211,-0.012462311557788985,0.002537688442211028,0.4120603015075377,0.012060301507537674,-0.0029396984924623393,0.416058394160584,0.12201222162109426,0.1482187069660581,0.3829268292682927,0.4120603015075377,0.11130842180828959,0.17165963372790494,0.35858585858585856,0.40802675585284276,0.10919537021010484,0.17220918076941671,0.36241610738255037,23.0,7.0,7.0,34.0,9.0,9.0,45.0,13.0,13.0,-0.0005254098277943282,-0.00037887174429493864,-0.000178209104034223,0.007830912872788254,0.0066380191057779925,0.007584469319114717,"[3.056640625, 9.4453125, 2.48046875, 5.80859375, 1.4013671875, 0.0943603515625, 11.3203125, 2.43359375, 7.12109375, 6.31640625, 2.927734375, 5.15625, 5.078125, 1.87890625, 2.564453125, 4.5859375, 1.1220703125, 2.94921875, 1.1494140625, 5.125, 1.931640625, 7.90234375, 1.6650390625, 2.677734375, 3.7265625, 5.26171875, 0.1285400390625, 0.1715087890625, 3.486328125, 0.09759521484375, 0.05242919921875, 0.280517578125, 0.89111328125, 0.04034423828125, 6.19140625, 4.01171875, 8.125, 4.77734375, 11.25, 2.314453125, 3.47265625, 4.453125, 1.75390625, 0.0709228515625, 2.109375, 4.26953125, 11.625, 4.33203125, 3.123046875, 0.1455078125, 0.0845947265625, 0.54052734375, 3.779296875, 7.9453125, 4.50390625, 1.8828125, 7.953125, 7.14453125, 9.4375, 0.2215576171875, 0.253662109375, 0.0594482421875, 1.181640625, 4.3671875, 0.9814453125, 6.47265625, 5.53125, 1.72265625, 4.29296875, 3.033203125, 1.26953125, 5.84765625, 0.48583984375, 5.90625, 8.3125, 1.44921875, 2.814453125, 0.199951171875, 1.2158203125, 1.544921875, 7.15234375, 1.7939453125, 1.724609375, 8.390625, 1.548828125, 1.359375, 3.181640625, 3.919921875, 4.9453125, 7.19921875, 6.3359375, 2.826171875, 2.181640625, 4.01171875, 0.96533203125, 0.421630859375, 0.39599609375, 5.1875, 0.03204345703125, 1.353515625, 1.240234375, 2.517578125, 9.5703125, 1.86328125, 0.61376953125, 3.19140625, 1.140625, 5.015625, 0.2362060546875, 0.103271484375, 5.828125, 0.5498046875, 3.298828125, 0.81201171875, 3.84765625, 2.919921875, 0.65673828125, 0.1158447265625, 0.0211639404296875, 5.8203125, 1.54296875, 0.52001953125, 3.341796875, 6.109375, 0.79541015625, 4.87890625, 0.814453125, 0.5166015625, 1.6669921875, 3.736328125, 0.37890625, 0.399658203125, 0.053131103515625, 0.042266845703125, 0.43505859375, 0.205810546875, 0.07098388671875, 2.94921875, 0.794921875, 0.2186279296875, 2.8046875, 1.376953125, 1.0458984375, 1.3427734375, 0.75537109375, 0.54150390625, 5.859375, 2.001953125, 0.08135986328125, 0.6630859375, 0.1435546875, 3.689453125, 9.0703125, 5.65625, 1.8193359375, 8.5, 1.216796875, 8.109375, 9.625, 0.1959228515625, 0.41845703125, 7.58984375, 2.22265625, 7.4921875, 2.33203125, 3.00390625, 3.876953125, 3.447265625, 0.2188720703125, 0.0286712646484375, 0.0169830322265625, 0.84814453125, 1.08984375, 3.62890625, 0.61181640625, 0.040069580078125, 0.0156097412109375, 0.259033203125, 4.70703125, 0.51904296875, 0.474609375, 2.501953125, 0.42333984375, 0.73779296875, 7.4609375, 0.322021484375, 5.76171875, 8.7578125, 2.341796875, 0.47021484375, 2.8203125, 8.8125, 5.046875, 0.45703125, 2.037109375, 2.853515625, 2.38671875, 1.25390625, 3.23046875, 0.91943359375, 10.078125, 2.193359375, 0.54150390625, 5.24609375, 1.6416015625, 1.5849609375, 4.265625, 1.6943359375, 1.7890625, 1.2197265625, 1.541015625, 3.103515625, 0.260986328125, 0.0052947998046875, 0.00496673583984375, 0.01064300537109375, 0.55322265625, 12.25, 0.0033245086669921875, 2.3828125, 5.34375, 0.023529052734375, 5.4375, 0.00970458984375, 4.265625, 0.2391357421875, 1.2021484375, 0.0009889602661132812, 0.857421875, 7.641315460205078e-05, 0.025390625, 4.06640625, 4.8984375, 4.77734375, 0.317626953125, 0.2125244140625, 7.625, 0.7880859375, 3.298828125, 5.24609375, 0.0032444000244140625, 2.080078125, 5.8359375, 1.3544921875, 0.46142578125, 0.06982421875, 0.1611328125, 8.359375, 2.005859375, 0.00057220458984375, 3.44921875, 0.005191802978515625, 7.76953125, 1.859375, 4.28515625, 3.16796875, 0.65771484375, 0.0208892822265625, 0.0172119140625, 0.0213623046875, 0.08489990234375, 2.228515625, 4.6953125, 0.767578125, 0.0043792724609375, 4.03125, 0.0113983154296875, 0.00019109249114990234, 4.97265625, 0.0262298583984375, 12.28125, 3.265625, 4.26171875, 0.64111328125, 8.3515625, 0.96240234375, 3.572265625, 0.30615234375, 6.83984375, 2.345703125, 0.281982421875, 2.21484375, 7.0390625, 3.181640625, 7.75, 3.400390625, 11.0859375, 3.166015625, 4.6953125, 6.09375, 1.265625, 0.30859375, 1.435546875, 0.01678466796875, 8.1796875, 0.9326171875, 8.3359375, 2.578125, 8.21875, 3.953125, 0.0037136077880859375, 9.2421875, 4.21875, 1.1201171875, 0.00392913818359375, 1.6953125, 3.638671875, 7.1484375, 0.08221435546875, 0.00360107421875, 3.357421875, 3.296875, 9.2578125, 6.4921875, 1.0107421875, 1.5712890625, 8.28125, 3.0546875, 1.0546875, 2.45703125, 0.0172576904296875, 0.04736328125, 3.064453125, 8.3203125, 1.421875, 0.1434326171875, 2.87890625, 0.0162506103515625, 0.033050537109375, 8.203125, 6.29296875, 1.134765625, 2.40234375, 0.00862884521484375, 0.0095977783203125, 2.7890625, 4.296875, 6.9140625, 3.14453125, 0.4375, 3.48828125, 0.0189056396484375, 0.01763916015625, 7.890625, 4.5, 0.371826171875, 2.275390625, 0.00890350341796875, 0.010955810546875, 9.7890625, 4.921875, 0.41845703125, 3.431640625, 0.0124053955078125, 0.01690673828125, 3.955078125, 5.9140625, 0.1689453125, 0.1727294921875, 2.55078125, 0.00939178466796875, 8.0078125, 0.022674560546875, 0.06634521484375, 6.79296875, 5.8984375, 0.572265625, 3.58203125, 0.0212249755859375, 0.016510009765625, 7.703125, 6.1015625, 0.00013065338134765625, 3.00390625, 9.15625, 0.79443359375, 0.6416015625, 0.01343536376953125, 0.94189453125, 2.15234375, 0.043487548828125, 1.427734375, 1.0859375, 1.4873046875, 0.06707763671875, 0.66064453125, 3.6953125, 3.86328125, 6.96875, 3.45703125, 0.01861572265625, 5.92578125, 0.1319580078125, 0.08013916015625, 10.9609375, 3.474609375, 4.42578125, 1.5693359375, 2.154296875, 4.1171875, 0.0208282470703125, 0.03173828125, 2.900390625, 7.328125, 3.013671875, 2.43359375, 0.0156402587890625, 0.01406097412109375, 6.25390625, 4.56640625, 1.6015625]",-1.5712440158908967
365,1,test,3.1861435783760887,1.3965578545671338,1.9372000544231787,5.361115841459167,2.349896749301584,3.25960009157433,24.19494140294583,18.207969710218723,20.708283962041897,40.711248707950766,30.63736220701474,34.84447780439385,3.2242649440190303,1.3493067255305522,1.9111854310439775,5.425260175265554,2.2703903585274556,3.2158269827745967,25.135091664357493,18.614544988014988,21.41748715049531,42.29317818972728,31.321479890013244,36.03780772029451,3.1788291156291963,1.3913372148060759,1.9369710816481902,5.348808272406013,2.341112319523996,3.2592148140307873,24.01861406142158,18.04416491306962,20.556573980829736,40.41455419915847,30.36173856630277,34.58920532103686,0.6934673366834171,0.0034673366834171437,0.0034673366834171437,0.5829145728643217,0.017914572864321743,0.017914572864321743,0.46733668341708545,-0.002663316582914521,0.0023366834170854833,0.4357142857142857,0.11842373312961552,0.18512046148625727,0.4336917562724014,0.44221105527638194,0.13394037858465258,0.1901242439241282,0.4242424242424242,0.4392857142857143,0.12556022408963585,0.19463013233797077,0.4336917562724014,23.0,14.0,14.0,36.0,24.0,24.0,44.0,27.0,26.0,-0.00027714184750925137,-0.0006892423155347075,0.00010756834176810418,0.0002526140072118821,-0.00017724280649034085,-2.6280809047207754e-05,"[3.056640625, 9.4453125, 2.4296875, 1.0791015625, 2.802734375, 0.35693359375, 0.64501953125, 0.361328125, 0.204345703125, 2.912109375, 0.8779296875, 6.76171875, 0.52490234375, 4.0234375, 4.29296875, 1.5107421875, 2.7578125, 0.033477783203125, 7.15234375, 6.10546875, 0.93896484375, 0.061248779296875, 0.0010585784912109375, 5.46875, 1.109375, 6.4609375, 0.98095703125, 2.060546875, 7.37109375, 4.7890625, 5.3828125, 5.7421875, 6.6640625, 5.38671875, 6.6640625, 4.80078125, 5.1171875, 0.52490234375, 10.125, 3.1328125, 0.29931640625, 11.6640625, 6.35546875, 4.27734375, 0.92822265625, 2.396484375, 7.4140625, 7.83984375, 3.599609375, 2.2734375, 5.91015625, 0.094970703125, 0.07647705078125, 1.9912109375, 4.0703125, 3.01171875, 0.0164794921875, 6.04296875, 1.1201171875, 7.09765625, 4.57421875, 0.0124664306640625, 1.818359375, 7.36328125, 0.11102294921875, 0.01092529296875, 1.8701171875, 0.6953125, 6.40625, 1.0107421875, 7.58203125, 0.0282745361328125, 0.037811279296875, 1.1943359375, 0.8876953125, 5.59765625, 3.083984375, 1.9404296875, 5.79296875, 12.3671875, 7.47265625, 1.2919921875, 3.71484375, 5.12890625, 4.48046875, 4.7890625, 4.75, 1.705078125, 4.50390625, 0.98876953125, 2.318359375, 8.3359375, 9.3359375, 5.046875, 9.1953125, 5.19140625, 3.953125, 0.481201171875, 4.6796875, 0.007080078125, 2.765625, 4.67578125, 1.0732421875, 6.3359375, 0.1826171875, 7.5390625, 0.0853271484375, 5.484375, 2.810546875, 4.65625, 3.0625, 6.546875, 1.390625, 6.0859375, 3.658203125, 7.6328125, 3.443359375, 0.2213134765625, 1.5830078125, 2.822265625, 4.3671875, 4.6328125, 0.92236328125, 7.33984375, 2.044921875, 1.6396484375, 3.3515625, 2.951171875, 3.271484375, 2.939453125, 10.328125, 0.162109375, 9.40625, 4.43359375, 7.34765625, 6.69921875, 3.78125, 1.564453125, 0.0037994384765625, 0.1534423828125, 0.0010423660278320312, 0.0022983551025390625, 0.001983642578125, 0.57666015625, 3.181640625, 0.2479248046875, 9.640625, 4.33203125, 3.044921875, 5.734375, 2.998046875, 0.0194549560546875, 0.18212890625, 0.12841796875, 2.376953125, 0.024627685546875, 5.1796875, 5.40625, 0.486572265625, 5.1328125, 0.76806640625, 0.0108795166015625, 0.11785888671875, 0.09747314453125, 2.412109375, 0.0124053955078125, 5.48046875, 5.0859375, 5.4609375, 6.671875, 0.08563232421875, 0.0018968582153320312, 0.264404296875, 0.0281982421875, 3.62109375, 0.0316162109375, 4.2890625, 5.44921875, 0.367919921875, 0.00704193115234375, 2.279296875, 0.00035500526428222656, 0.2061767578125, 3.912109375, 10.03125, 0.0364990234375, 0.002826690673828125, 0.0016307830810546875, 1.7490234375, 1.4326171875, 2.525390625, 1.66796875, 5.01171875, 0.654296875, 2.39453125, 1.939453125, 0.90576171875, 5.7734375, 0.0215606689453125, 0.72900390625, 0.0009026527404785156, 0.004779815673828125, 0.00435638427734375, 0.0002911090850830078, 1.15625, 0.380615234375, 0.002132415771484375, 0.00018680095672607422, 0.00039005279541015625, 5.984375, 0.96923828125, 0.0172271728515625, 4.93359375, 2.4375, 3.93359375, 0.351806640625, 0.46923828125, 4.70703125, 6.24609375, 1.2939453125, 3.71484375, 1.6962890625, 4.56640625, 8.4609375, 0.181640625, 4.359375, 2.30078125, 1.4892578125, 0.62158203125, 6.453125, 0.1785888671875, 0.923828125, 1.091796875, 0.1905517578125, 5.26171875, 2.76953125, 0.1893310546875, 0.46044921875, 1.021484375, 2.23828125, 1.28125, 3.158203125, 0.1390380859375, 3.07421875, 4.1328125, 2.75, 0.021148681640625, 3.8125, 8.0078125, 8.4453125, 1.23046875, 0.01091766357421875, 4.0859375, 6.6640625, 4.01171875, 3.392578125, 5.58203125, 9.3828125, 3.666015625, 9.4296875, 6.296875, 0.78466796875, 6.90625, 2.83984375, 5.59375, 6.84765625, 5.671875, 1.310546875, 6.12890625, 0.110595703125, 6.3828125, 5.17578125, 1.6455078125, 4.61328125, 2.14453125, 4.39453125, 6.60546875, 5.28125, 1.375, 2.68359375]",-1.202072440300669
307,1,test,2.8178898510144874,1.1864943643295416,1.598077526112075,5.573505893166776,2.3467678587291485,3.1608384218128336,16.741486342838073,11.630484263177866,13.35493424035726,33.11299508693939,23.003941249821416,26.41473181241933,3.1973368098037414,1.40726212894929,1.9129356066418233,6.324014242595244,2.783424542341689,3.7835963932473624,24.467282325509625,18.477382544995933,20.854778172131574,48.39385122946102,36.54642514424609,41.24867726863592,2.8574617634648862,1.2395507478572083,1.7111640932850885,5.651775200665354,2.451708109021439,3.3845124055031026,17.417261652596668,12.37471614503172,14.27073979631836,34.44961144546744,24.475957900117983,28.22610412752471,0.6515151515151515,0.006515151515151474,-0.003484848484848535,0.5606060606060606,-0.0043939393939393945,0.010606060606060508,0.43939393939393945,-0.0006060606060604989,-0.005606060606060503,0.3837535014005602,0.08305420070125946,0.13350912212392285,0.3370786516853933,0.41414141414141414,0.10179884487189272,0.16749711883940077,0.36548223350253806,0.3812709030100334,0.08744786461270448,0.14879036908344834,0.33221476510067116,20.0,-2.0,-2.0,35.0,-1.0,-1.0,43.0,0.0,0.0,-0.0009193075379101989,-0.0002757661113056925,-0.0005779758862136774,0.014623066547484243,0.014101919180286693,0.014427217803539172,"[3.056640625, 9.4453125, 2.4296875, 1.0791015625, 0.80224609375, 4.9921875, 13.6015625, 3.15625, 0.0287322998046875, 2.880859375, 1.78125, 1.0712890625, 7.6015625, 0.171142578125, 7.44921875, 2.619140625, 2.4296875, 5.49609375, 1.25390625, 0.1466064453125, 6.62109375, 9.1640625, 1.75390625, 3.30859375, 2.697265625, 8.2109375, 2.673828125, 6.1171875, 4.6953125, 1.328125, 6.0859375, 9.4765625, 2.486328125, 8.2265625, 4.9375, 7.94921875, 3.533203125, 3.169921875, 5.3359375, 2.0859375, 5.8125, 3.12109375, 3.689453125, 0.72998046875, 5.21875, 0.2197265625, 10.0, 3.107421875, 0.74072265625, 4.16796875, 1.8154296875, 0.30126953125, 2.228515625, 0.02532958984375, 11.4296875, 4.74609375, 7.23046875, 0.1846923828125, 2.625, 2.787109375, 3.865234375, 3.6953125, 5.45703125, 0.99072265625, 1.51953125, 4.51953125, 5.6015625, 10.125, 1.5419921875, 5.515625, 2.341796875, 5.00390625, 2.748046875, 3.541015625, 1.7275390625, 5.28515625, 0.150390625, 1.962890625, 0.32666015625, 1.2626953125, 1.3876953125, 4.83984375, 5.00390625, 2.37109375, 7.57421875, 0.0178985595703125, 0.00893402099609375, 1.775390625, 1.708984375, 5.90625, 0.7294921875, 0.0131988525390625, 4.19921875, 2.103515625, 2.875, 3.837890625, 0.0245208740234375, 3.904296875, 4.52734375, 0.118408203125, 0.0008883476257324219, 0.3388671875, 1.2021484375, 0.305419921875, 5.65625, 0.67138671875, 12.40625, 9.5390625, 1.71875, 0.56201171875, 6.1015625, 6.515625, 0.0125885009765625, 0.302001953125, 0.1553955078125, 0.78466796875, 9.6484375, 9.6171875, 0.63623046875, 0.497802734375, 0.329833984375, 6.3515625, 8.828125, 2.544921875, 4.66015625, 2.189453125, 8.46875, 2.4609375, 6.3984375, 4.98046875, 3.259765625, 8.0625, 0.96630859375, 0.775390625, 6.34375, 3.80859375, 2.49609375, 1.919921875, 5.4140625, 9.3984375, 4.8046875, 8.359375, 0.5859375, 5.07421875, 0.00841522216796875, 0.80322265625, 0.0005598068237304688, 0.004398345947265625, 0.005970001220703125, 6.5625, 3.9921875, 5.44140625, 8.0703125, 0.13623046875, 4.171875, 0.0013322830200195312, 0.011871337890625, 0.0018548965454101562, 0.04290771484375, 7.671875, 3.685546875, 0.671875, 0.00162506103515625, 0.00568389892578125, 0.0003857612609863281, 0.296142578125, 0.0004220008850097656, 0.705078125, 3.197265625, 0.0679931640625, 0.184326171875, 0.041473388671875, 0.9931640625, 0.0830078125, 0.288330078125, 0.403076171875, 0.0098114013671875, 0.043792724609375, 0.10125732421875, 3.515625, 6.86328125, 0.4501953125, 6.95703125, 4.27734375, 7.140625, 0.02496337890625, 7.30078125, 0.2315673828125, 1.3193359375, 0.396484375, 0.0009627342224121094, 0.003932952880859375, 0.010772705078125, 1.2636184692382812e-05, 2.6328125, 0.0036258697509765625, 0.054443359375, 0.051300048828125, 0.0001571178436279297, 0.61328125, 2.16796875, 2.3359375, 0.027069091796875, 7.331371307373047e-05, 0.049346923828125, 0.0004792213439941406, 0.0002052783966064453, 4.5078125, 4.81640625, 5.81640625, 0.826171875, 7.0859375, 0.281982421875, 0.02703857421875, 12.0546875, 2.703125, 6.0234375, 9.7578125, 0.297607421875, 2.3828125, 0.92138671875, 13.3671875, 0.810546875, 5.44140625, 2.18359375, 0.41845703125, 6.0546875, 3.82421875, 0.3271484375, 0.10504150390625, 0.1358642578125, 1.9482421875, 1.6982421875, 0.192138671875, 1.4873046875, 6.078125, 4.5234375, 3.255859375, 0.490966796875, 1.1181640625, 6.8828125, 6.4140625, 6.19921875, 0.88623046875, 6.41015625, 2.6171875, 1.68359375, 1.0126953125, 2.26171875, 0.022979736328125, 0.374755859375, 0.9619140625, 2.060546875, 0.4248046875, 3.935546875, 0.7978515625, 2.271484375, 0.2132568359375, 0.297607421875, 4.0703125, 5.44921875, 5.70703125, 0.7392578125, 0.60205078125, 1.5166015625, 0.19970703125, 0.28857421875, 0.7685546875, 2.892578125, 2.982421875, 0.26220703125, 3.35546875, 0.517578125, 0.3388671875, 0.397216796875, 0.12445068359375, 5.80078125, 0.26220703125, 0.17919921875, 2.453125, 3.544921875, 2.568359375, 0.55322265625, 0.45751953125, 1.23046875, 0.90087890625, 1.9326171875, 0.1861572265625, 0.036956787109375, 0.2431640625, 1.7109375, 2.248046875, 0.64111328125, 0.0306243896484375, 0.0117950439453125, 1.96875, 7.76953125, 0.1083984375, 5.1171875, 1.5908203125, 7.0, 4.16015625, 3.107421875, 0.76123046875, 1.18359375, 1.6650390625, 7.40625, 1.1923828125, 0.33203125, 0.290771484375, 0.6884765625, 4.49609375, 2.369140625, 4.43359375, 3.029296875, 0.20263671875, 0.1488037109375, 0.019927978515625, 2.14453125, 6.19921875, 0.42138671875, 1.8271484375, 0.96923828125, 4.765625, 0.6611328125, 1.6494140625, 3.966796875, 2.669921875, 0.298583984375, 4.140625, 1.744140625, 0.85888671875, 0.7451171875, 0.0167236328125, 0.8115234375, 8.0078125, 6.41796875, 0.728515625, 2.380859375, 6.578125, 1.8525390625, 0.06982421875, 0.08026123046875, 0.1300048828125, 0.162841796875, 0.0033016204833984375, 0.01837158203125, 0.0289764404296875, 0.02215576171875, 0.163818359375, 7.10546875, 1.8251953125, 6.50390625, 11.15625, 6.13671875, 5.90625, 4.94921875]",-1.4542373004747704
34,1,test,3.534263343750676,1.5383365287523687,2.1288226203565834,5.927838518354309,2.5801729080132327,3.570564924090143,34.26976038034244,26.910740061719142,30.192437063229363,57.47891026755849,45.13600317230142,50.640225127215395,3.6190755594914883,1.4834957446045012,2.1087213558390285,6.0700896950201155,2.4881912753419413,3.5368501047670478,37.303067411115336,28.841115960947,32.77473294822417,62.566520472611444,48.373723595874075,54.971377484587634,3.6024221193830304,1.5751781644745608,2.1792948242050745,6.0421577346265645,2.6419654927959564,3.6552193612328496,36.68698717817779,29.09385669380133,32.536908489550086,61.53320071683788,48.79763265574086,54.57248672585914,0.6783919597989949,0.00339195979899487,-0.016608040201005148,0.6080402010050252,0.008040201005025227,0.0030402010050252226,0.4824120603015075,0.002412060301507535,-0.0025879396984924696,0.4113924050632911,0.07647929289899413,0.15349766822118582,0.4,0.40201005025125625,0.07118298258208333,0.1382370953263815,0.3939393939393939,0.41137123745819393,0.07915087017939593,0.1577561095382829,0.412751677852349,24.0,2.0,2.0,37.0,6.0,7.0,45.0,4.0,5.0,-0.0001770555593337225,-5.6055310177807434e-05,-5.369638813948063e-05,-0.00043990332195509296,-3.7795904697546234e-05,9.98832418286355e-05,"[3.0625, 9.453125, 2.48046875, 1.494140625, 1.81640625, 8.234375, 0.84912109375, 3.419921875, 6.25390625, 4.61328125, 0.6025390625, 10.09375, 8.8046875, 6.375, 3.087890625, 12.3515625, 1.32421875, 0.6962890625, 2.603515625, 11.09375, 1.6787109375, 9.40625, 3.560546875, 2.9375, 4.6875, 5.875, 3.54296875, 0.74853515625, 3.39453125, 6.6640625, 0.171142578125, 3.201171875, 0.003719329833984375, 0.80224609375, 0.0019741058349609375, 0.95166015625, 8.421875, 11.1796875, 14.1875, 8.0078125, 0.50927734375, 6.55078125, 0.030975341796875, 3.572265625, 0.4951171875, 5.55859375, 0.386962890625, 0.9228515625, 1.2275390625, 3.236328125, 0.150634765625, 1.15234375, 0.207763671875, 0.0037708282470703125, 0.037933349609375, 0.00014519691467285156, 0.00902557373046875, 0.0266876220703125, 0.79150390625, 9.0234375, 0.5009765625, 4.7890625, 5.4296875, 3.3359375, 0.00792694091796875, 2.095703125, 7.453125, 7.16796875, 7.390625, 5.390625, 12.5546875, 4.3828125, 2.060546875, 2.97265625, 0.86572265625, 8.40625, 4.03515625, 0.00176239013671875, 0.281982421875, 0.0002472400665283203, 3.91015625, 7.32421875, 7.46875, 0.08123779296875, 1.0927734375, 3.181640625, 0.2308349609375, 3.884765625, 0.8623046875, 0.1981201171875, 0.04913330078125, 4.9375, 0.0031833648681640625, 0.0012578964233398438, 0.0009226799011230469, 0.0005235671997070312, 5.328125, 0.0012969970703125, 0.365478515625, 0.02337646484375, 0.0016641616821289062, 0.0008759498596191406, 1.0146484375, 10.890625, 0.046783447265625, 1.3701171875, 5.4140625, 6.4609375, 7.1484375, 1.8447265625, 9.9765625, 5.65625, 9.1640625, 4.3125, 0.07659912109375, 10.2109375, 2.732421875, 1.17578125, 2.865234375, 2.576171875, 2.21484375, 2.322265625, 6.26953125, 2.0546875, 0.25146484375, 6.6953125, 2.103515625, 2.333984375, 4.9296875, 6.10546875, 0.7099609375, 9.390625, 4.109375, 1.3076171875, 10.0, 2.16796875, 0.904296875, 4.39453125, 2.455078125, 1.982421875, 4.9921875, 3.587890625, 7.95703125, 3.11328125, 0.396728515625, 3.146484375, 6.37890625, 2.056640625, 0.43701171875, 0.11175537109375, 2.939453125, 0.39990234375, 7.4375, 8.4921875, 6.1953125, 2.8125, 8.28125, 7.39453125, 5.1953125, 8.6171875, 3.44921875, 2.791015625, 6.89453125, 5.53125, 0.448974609375, 7.5703125, 8.59375, 0.63916015625, 5.90625, 2.978515625, 0.83056640625, 2.6015625, 10.265625, 0.1683349609375, 0.11505126953125, 1.22265625, 4.5625, 0.0318603515625, 4.65625, 2.78125, 0.93408203125, 1.9921875, 6.0703125, 0.2359619140625, 7.64453125, 3.716796875, 0.70458984375, 2.517578125, 2.791015625, 4.21484375, 2.064453125, 7.87109375, 0.1851806640625, 0.1005859375, 9.9296875, 8.7890625, 0.0222015380859375, 6.3046875, 3.375, 6.7890625, 7.86328125, 1.1611328125, 5.2109375, 7.328125, 0.00579833984375, 0.01163482666015625, 4.046875, 2.2109375, 4.296875, 0.380859375, 0.046417236328125, 1.0859375, 1.8681640625, 3.74609375, 1.3037109375, 8.34375, 0.6826171875, 8.0546875, 9.6484375, 2.515625, 2.673828125, 5.80859375, 6.3359375, 1.341796875, 2.94921875, 6.765625, 2.376953125, 2.44921875, 2.390625, 8.53125, 1.5537109375, 6.671875, 0.85791015625, 4.91015625, 5.74609375, 0.87255859375, 5.9609375, 7.8203125, 5.90234375, 6.59765625, 1.734375, 1.4306640625, 6.34765625, 0.8076171875, 7.3359375, 0.75537109375, 0.50927734375, 3.31640625, 3.7265625, 0.732421875, 1.8310546875, 0.0867919921875, 5.53515625, 5.05859375, 7.125, 2.60546875, 0.4248046875, 3.96875, 4.55859375, 7.55078125, 6.37890625, 2.765625, 3.1875, 2.013671875, 0.239501953125, 0.9072265625, 3.6640625, 5.1953125, 1.2939453125, 0.1005859375, 1.0078125, 2.841796875, 1.908203125, 6.58203125, 8.0234375, 1.7802734375, 0.76025390625, 5.53515625, 0.074951171875, 2.751953125, 0.00870513916015625, 0.0008802413940429688, 7.57421875, 7.70703125, 1.0986328125, 1.302734375, 0.2763671875, 5.74609375, 0.355712890625, 0.74853515625, 6.29296875, 2.640625, 6.29296875, 3.71484375, 5.36328125, 2.197265625, 5.73046875, 3.130859375, 2.185546875, 0.54638671875, 2.39453125, 0.40380859375, 2.669921875, 0.16015625, 2.337890625, 5.77734375, 2.572265625, 1.134765625, 0.03857421875, 0.1566162109375, 3.169921875, 7.4609375, 1.4609375, 5.5625, 3.20703125, 0.6494140625]",-1.0571492004998122
200,1,test,4.019133481689279,1.759985806656419,2.4491816791594605,6.6315702447873095,2.9039765809830906,4.041149770613109,55.652860704329036,46.07793596385738,50.84644417325403,91.82722016214291,76.02859434036466,83.89663288586914,3.838308611107831,1.6575642645871755,2.301130136512798,6.333209208327921,2.73498103656884,3.7968647252461163,46.446848281568634,37.59395485429956,41.7954007205697,76.63729966458824,62.03002550959427,68.96241118894001,4.019133481689279,1.759985806656419,2.4491816791594605,6.6315702447873095,2.9039765809830906,4.041149770613109,55.652860704329036,46.07793596385738,50.84644417325403,91.82722016214291,76.02859434036466,83.89663288586914,0.7688442211055276,0.003844221105527623,-0.0011557788944723812,0.6482412060301508,-0.006758793969849242,0.0032412060301507672,0.5477386934673367,-0.002261306532663321,-0.01226130653266333,0.4448669201520913,0.10331094292248977,0.1768517494820534,0.40458015267175573,0.457286432160804,0.11392803617082903,0.19351347723592927,0.38383838383838387,0.4448669201520913,0.10331094292248977,0.1768517494820534,0.40458015267175573,26.0,1.0,2.0,39.0,4.0,4.0,44.0,0.0,0.0,0.0001976353675940387,-0.00017754359384786547,-0.0003053479824681913,0.004810334377146397,0.0054282742818401175,0.0054984090371741345,"[3.0625, 9.453125, 2.48046875, 1.494140625, 11.8203125, 9.6953125, 1.220703125, 7.7109375, 1.943359375, 3.482421875, 3.099609375, 0.267578125, 4.375, 7.1171875, 1.310546875, 7.16015625, 4.53515625, 5.26171875, 1.3681640625, 2.978515625, 5.95703125, 2.17578125, 8.46875, 7.734375, 7.65234375, 5.24609375, 1.4892578125, 6.7265625, 6.27734375, 3.185546875, 2.400390625, 3.572265625, 1.5830078125, 11.8671875, 4.484375, 0.76416015625, 2.16796875, 6.08984375, 5.09375, 8.03125, 1.4130859375, 3.970703125, 5.578125, 3.62890625, 1.333984375, 3.658203125, 4.55859375, 2.759765625, 2.197265625, 6.41796875, 3.025390625, 8.9375, 0.7587890625, 7.8671875, 7.68359375, 0.2548828125, 4.5390625, 3.91015625, 1.8525390625, 4.21484375, 2.3515625, 8.421875, 3.19140625, 6.953125, 8.5390625, 4.96484375, 2.87109375, 7.9453125, 8.421875, 8.8828125, 1.3486328125, 3.41796875, 2.59375, 2.33984375, 1.3740234375, 6.3125, 2.8671875, 5.25, 4.02734375, 5.48046875, 0.022125244140625, 5.83984375, 6.2890625, 0.289306640625, 8.1015625, 1.185546875, 4.3984375, 3.251953125, 9.71875, 1.1513671875, 2.484375, 3.34375, 3.876953125, 1.517578125, 9.453125, 8.375, 0.051177978515625, 4.1875, 0.8701171875, 1.9775390625, 0.065673828125, 6.62890625, 4.5, 5.48828125, 4.25390625, 5.19921875, 5.64453125, 4.2265625, 0.5400390625, 11.4296875, 0.0178375244140625, 1.2177734375, 3.369140625, 8.0078125, 10.046875, 2.01953125, 0.587890625, 4.45703125, 2.779296875, 3.896484375, 0.0015153884887695312, 0.132080078125, 0.00112152099609375, 0.0020656585693359375, 0.0016584396362304688, 0.6044921875, 3.978515625, 5.51953125, 6.0546875, 4.71484375, 4.84375, 6.03125, 4.87890625, 3.5859375, 2.6796875, 5.67578125, 10.4765625, 1.8701171875, 0.002605438232421875, 0.2666015625, 10.4296875, 1.541015625, 7.5859375, 13.3984375, 7.1015625, 7.265625, 9.375, 3.82421875, 3.716796875, 0.07666015625, 1.1552734375, 0.0013132095336914062, 0.0193939208984375, 0.00252532958984375, 0.022369384765625, 8.8203125, 7.61328125, 1.044921875, 0.00147247314453125, 0.00377655029296875, 0.00030159950256347656, 0.4541015625, 0.0006079673767089844, 9.1015625, 0.35595703125, 1.5830078125, 5.83984375, 0.75537109375, 0.8095703125, 3.44140625, 0.422607421875, 0.0043487548828125, 0.0215301513671875, 0.0036716461181640625, 0.6796875, 0.3505859375, 0.0019741058349609375, 0.0006227493286132812, 0.0004343986511230469, 2.869140625, 1.154296875, 0.447265625, 2.533203125, 5.015625, 7.36328125, 7.23828125, 2.416015625, 3.494140625, 5.671875, 0.439453125, 4.6875, 1.525390625, 5.1640625, 4.8984375, 4.9921875, 5.2578125, 3.087890625, 0.99169921875, 0.4375, 10.09375, 3.314453125, 7.58203125, 6.98828125, 2.244140625, 0.78564453125, 6.23828125, 3.732421875, 8.203125, 7.41796875, 0.431884765625, 7.4296875, 0.6181640625, 6.40625, 0.7197265625, 0.451904296875, 4.6328125, 0.83642578125, 1.4794921875, 4.23046875, 3.453125, 9.921875, 1.294921875, 10.1328125, 8.890625, 2.37890625, 9.1171875, 7.51171875, 1.5537109375, 10.46875, 2.798828125, 7.58984375, 3.302734375, 4.21484375, 1.4736328125, 3.240234375, 3.54296875, 4.71875, 12.3359375, 1.716796875, 1.5107421875, 6.953125, 1.4755859375, 1.62109375, 3.4140625, 7.79296875, 1.3154296875, 9.8984375, 2.1953125, 1.052734375, 6.7578125, 5.15234375, 7.73828125, 7.14453125, 5.7734375, 7.44140625, 1.4072265625, 1.2001953125, 3.396484375, 4.22265625, 1.6162109375, 3.0390625, 5.78515625, 0.1181640625]",-1.031138029388602
406,1,test,3.258194077048886,1.447334523374001,1.972339852813105,6.3015621709956475,2.7992403968552106,3.8146353197264453,26.002536138396728,19.886834190675017,22.384779125020447,50.29061934459147,38.46244854460223,43.293638747292285,3.1295758731401144,1.303943438997851,1.8289902573260837,6.0528060843149465,2.5219125853145252,3.537387750432865,22.86428013036038,16.65756101117133,19.19283403527828,44.221025307070626,32.21682129633137,37.120206485812936,3.392304624602149,1.534319130469319,2.1094014935584635,6.560940812417343,2.9674743622263753,4.079721569959226,29.734399996678825,23.323590854900054,26.12730358344623,57.508290103466734,45.10936253255395,50.531927809742164,0.6633165829145728,-0.0016834170854271857,-0.0016834170854271857,0.5527638190954773,0.0027638190954772934,0.0027638190954772934,0.4371859296482412,-0.002814070351758735,0.0021859296482411583,0.4358974358974359,0.12295291242659667,0.19054064215354538,0.43714285714285717,0.42211055276381915,0.10632107907960864,0.1700237414115654,0.4242424242424242,0.44147157190635455,0.12594569544558665,0.2056539968229285,0.46308724832214765,27.0,16.0,18.0,35.0,14.0,14.0,46.0,16.0,18.0,0.0005681838094629345,-0.00020677670497609696,0.00031245493911814717,-0.0003016908924857731,9.777747204431364e-05,-0.00014069282802076089,"[3.056640625, 9.4453125, 2.48046875, 1.80859375, 0.8740234375, 5.9921875, 0.85546875, 7.8125, 0.1270751953125, 0.76220703125, 8.4140625, 3.6171875, 2.2578125, 7.78125, 7.14453125, 0.0180511474609375, 0.023223876953125, 2.2578125, 0.5771484375, 7.4375, 1.7041015625, 2.296875, 4.0546875, 5.47265625, 0.27880859375, 0.004119873046875, 6.91796875, 0.572265625, 1.1611328125, 5.91796875, 3.900390625, 3.23828125, 1.5146484375, 2.44140625, 7.1015625, 2.47265625, 0.83984375, 4.1015625, 0.1728515625, 0.33740234375, 6.83984375, 5.98828125, 3.8359375, 0.019775390625, 0.498779296875, 0.89990234375, 3.1484375, 0.96337890625, 0.49169921875, 0.00949859619140625, 0.896484375, 0.2666015625, 8.234375, 0.0088043212890625, 0.005847930908203125, 2.671875, 0.86474609375, 6.0, 3.5078125, 3.09765625, 4.63671875, 3.759765625, 0.003269195556640625, 1.185546875, 1.8876953125, 5.91015625, 3.6484375, 0.87060546875, 10.3203125, 1.857421875, 6.51953125, 0.4833984375, 6.31640625, 3.912109375, 0.88916015625, 1.0654296875, 3.150390625, 1.76171875, 2.068359375, 1.9345703125, 5.609375, 0.9853515625, 4.08984375, 0.984375, 3.869140625, 0.80419921875, 3.525390625, 5.2734375, 0.29052734375, 8.53125, 0.313232421875, 0.55859375, 3.8984375, 5.5234375, 0.1407470703125, 5.0859375, 1.8515625, 2.037109375, 0.1480712890625, 5.0, 0.0733642578125, 3.8515625, 5.6171875, 9.5390625, 8.5703125, 0.7587890625, 4.75390625, 1.1376953125, 6.10546875, 0.70166015625, 4.08984375, 5.90625, 1.7373046875, 0.76123046875, 0.00836181640625, 2.205078125, 2.294921875, 11.1640625, 0.155517578125, 6.09765625, 4.19140625, 0.440673828125, 6.50390625, 4.625, 0.00531768798828125, 2.0859375, 3.6328125, 3.365234375, 8.3359375, 2.03125, 0.87060546875, 10.59375, 1.865234375, 0.6435546875, 2.3828125, 0.10516357421875, 5.52734375, 3.833984375, 1.9921875, 5.8359375, 0.7353515625, 8.96875, 2.505859375, 6.828125, 0.0208740234375, 0.477294921875, 3.3984375, 0.044189453125, 1.287109375, 7.3828125, 9.2734375, 1.130859375, 0.0192108154296875, 0.8671875, 5.2578125, 4.3046875, 0.60595703125, 8.3359375, 0.10528564453125, 4.86328125, 0.041961669921875, 0.853515625, 1.4990234375, 4.8828125, 2.6171875, 0.446533203125, 0.43994140625, 6.97265625, 3.6875, 8.2109375, 2.3203125, 9.59375, 2.802734375, 8.09375, 2.748046875, 3.5546875, 0.088134765625, 2.95703125, 2.357421875, 8.015625, 0.54052734375, 5.296875, 1.107421875, 0.81982421875, 0.004779815673828125, 1.3544921875, 0.0850830078125, 4.8984375, 1.470703125, 0.01149749755859375, 4.45703125, 3.33984375, 1.126953125, 1.537109375, 2.416015625, 4.79296875, 0.401611328125, 6.4609375, 0.01284027099609375, 9.2265625, 1.1650390625, 0.77197265625, 2.173828125, 0.06097412109375, 2.763671875, 3.837890625, 4.26953125, 0.0029697418212890625, 0.007160186767578125, 3.302734375, 7.55078125, 12.1484375, 2.20703125, 8.25, 0.77734375, 1.875, 0.0034999847412109375, 4.15625, 0.1544189453125, 0.004901885986328125, 10.0, 3.712890625, 4.15234375, 0.434814453125, 0.0026721954345703125, 10.75, 12.3984375, 8.390625, 3.7890625, 3.6171875, 6.875, 0.0091705322265625, 12.6796875, 10.90625, 8.5234375, 5.9296875, 7.171875, 0.2396240234375, 4.4140625, 2.8125, 0.0016002655029296875, 1.6513671875, 3.43359375, 5.89453125, 5.0390625, 5.34765625, 8.671875, 0.76318359375, 0.040802001953125, 1.6865234375, 4.5625, 0.2021484375, 0.0035228729248046875, 2.24609375, 6.91015625, 7.0078125, 4.0625, 7.2265625, 3.546875, 5.0859375, 1.064453125, 3.1796875, 1.6259765625, 10.9296875, 0.68896484375, 3.904296875, 6.02734375, 1.2919921875, 0.385009765625, 0.38232421875, 2.986328125, 0.0792236328125, 0.0021514892578125, 3.470703125, 7.10546875, 1.4130859375, 1.0908203125, 7.05859375, 7.4140625, 0.117919921875, 6.0859375, 2.333984375, 4.0234375, 0.1529541015625, 0.58251953125, 7.8359375, 0.045928955078125, 3.298828125, 0.13330078125, 4.16796875, 9.171875, 6.69140625, 7.18359375, 7.9140625, 5.7109375, 7.125, 1.18359375, 7.4765625, 9.078125, 2.15234375, 7.26171875, 8.5390625, 0.1998291015625, 0.399169921875, 0.724609375, 0.0004277229309082031, 3.9140625, 0.033477783203125, 0.492431640625, 0.89453125, 4.40234375, 0.1158447265625, 3.751953125, 0.416748046875, 5.34375, 0.00958251953125, 0.451904296875, 1.9619140625, 0.0012693405151367188, 4.12890625, 3.16796875, 0.84130859375, 0.445068359375, 1.8720703125, 0.45263671875, 5.7734375, 2.154296875, 2.41015625, 4.6953125, 7.37109375, 0.42626953125, 0.344970703125, 3.154296875, 0.050994873046875, 7.59375, 0.09588623046875, 0.4462890625, 0.0137939453125, 0.0038890838623046875, 0.00045013427734375, 6.3515625, 0.184326171875, 0.06536865234375, 5.12890625, 2.857421875, 4.16015625, 1.9326171875, 4.46484375, 0.006908416748046875, 1.3388671875, 5.984375]",-1.3249105333942293
325,1,test,3.648886218478408,1.6492464356180272,2.2810665020499523,5.9015149553962,2.667403673933238,3.689275924233851,38.43183753217006,31.04544261856079,34.50505767035006,62.157614784173,50.21125158206006,55.80664939541312,3.8008315179815244,1.7006280797700213,2.3656972412586974,6.1472632204088935,2.750505618811718,3.826153191219424,44.7383697899813,36.57053839741327,40.538160828762564,72.35746542563301,59.14724832642861,65.56427031998842,3.7281236261827093,1.6802782128123064,2.334236238152773,6.029669334183259,2.7175928237831686,3.7752698341552495,41.600975902331214,33.84979339458601,37.570488194175,67.28321102570915,54.746859724917165,60.76451406915038,0.7587939698492463,-0.006206030150753716,-0.006206030150753716,0.6130653266331658,-0.02193467336683419,-0.0069346733668341765,0.5527638190954773,0.007763819095477409,-0.0022361809045226,0.4778481012658228,0.15241366208730778,0.22311125916055963,0.4476190476190476,0.4723618090452262,0.15155980403269487,0.21860554861116943,0.43939393939393945,0.4816053511705686,0.15606278021898257,0.2268778761983773,0.459731543624161,25.0,-2.0,-1.0,37.0,-2.0,0.0,46.0,-1.0,-1.0,-0.0004175639830564687,-0.00018410423838780964,-0.00021368993726147615,-0.00043990332195509296,-3.7795904697546234e-05,9.98832418286355e-05,"[3.0625, 9.453125, 2.48046875, 1.494140625, 1.81640625, 6.23046875, 10.1171875, 8.484375, 5.25, 7.21484375, 1.107421875, 0.28125, 5.3984375, 5.0859375, 6.59765625, 1.9775390625, 3.37890625, 5.32421875, 4.27734375, 2.875, 7.01953125, 4.6796875, 6.11328125, 0.2127685546875, 0.3154296875, 1.943359375, 5.953125, 0.439208984375, 0.8662109375, 7.7578125, 5.42578125, 2.26171875, 7.171875, 0.34423828125, 7.31640625, 1.2265625, 6.875, 1.626953125, 6.9765625, 0.007244110107421875, 5.76953125, 0.3056640625, 7.0078125, 4.9765625, 4.67578125, 6.84375, 2.4609375, 4.328125, 1.109375, 4.0234375, 0.494384765625, 5.1328125, 0.7890625, 9.0, 0.63525390625, 6.14453125, 0.9267578125, 5.70703125, 5.671875, 0.51416015625, 2.66796875, 2.380859375, 3.396484375, 11.375, 1.560546875, 4.92578125, 5.8125, 0.3662109375, 4.52734375, 3.5234375, 0.70849609375, 1.62109375, 3.291015625, 4.66796875, 1.484375, 1.822265625, 3.955078125, 5.5859375, 3.6640625, 1.779296875, 1.283203125, 4.5859375, 1.5849609375, 9.1875, 5.44140625, 7.0625, 12.1796875, 6.82421875, 0.3232421875, 3.498046875, 5.1171875, 7.9296875, 6.0703125, 3.2265625, 0.381103515625, 0.52685546875, 2.37890625, 4.390625, 0.705078125, 1.1474609375, 5.8125, 0.1944580078125, 3.50390625, 4.203125, 0.38720703125, 3.94140625, 5.703125, 0.966796875, 3.197265625, 2.48046875, 8.03125, 1.068359375, 0.191162109375, 3.505859375, 0.004207611083984375, 1.8115234375, 1.6640625, 10.75, 2.70703125, 7.984375, 0.352783203125, 9.703125, 7.5234375, 8.984375, 0.0028896331787109375, 4.1640625, 0.11224365234375, 0.00067138671875, 10.59375, 3.998046875, 4.9921875, 11.2578125, 7.0078125, 4.99609375, 6.35546875, 7.875, 3.875, 0.06451416015625, 1.1787109375, 5.09375, 4.69140625, 0.338623046875, 4.421875, 0.89404296875, 1.994140625, 0.039031982421875, 1.904296875, 0.1663818359375, 5.87109375, 1.1845703125, 0.9521484375, 0.257080078125, 3.517578125, 0.53466796875, 0.5068359375, 0.1129150390625, 2.185546875, 0.031707763671875, 7.36328125, 9.9453125, 6.9296875, 2.01171875, 5.49609375, 12.859375, 4.40234375, 0.12066650390625, 6.73828125, 5.0703125, 1.22265625, 0.052398681640625, 3.861328125, 8.96875, 6.8828125, 4.80859375, 8.046875, 0.56591796875, 0.1302490234375, 1.431640625, 0.0003235340118408203, 4.8671875, 0.0185546875, 2.8828125, 0.7568359375, 0.01107025146484375, 7.875, 6.34375, 1.2900390625, 4.390625, 7.890625, 2.7421875, 3.029296875, 0.0006146430969238281, 4.85546875, 5.04296875, 1.6416015625, 0.0015468597412109375, 8.7265625, 3.361328125, 1.9326171875, 3.724609375, 0.363037109375, 2.19921875, 8.703125, 0.009490966796875, 5.59765625, 6.58984375, 5.37109375, 4.3125, 2.935546875, 5.28515625, 8.46875, 1.6484375, 1.3720703125, 3.740234375, 1.009765625, 4.375, 3.80859375, 1.0458984375, 2.958984375, 3.953125, 1.509765625, 5.0546875, 4.55859375, 4.296875, 6.2578125, 8.0703125, 3.734375, 1.126953125, 0.86865234375, 6.87890625, 5.1953125, 0.56640625, 5.65234375, 2.68359375, 4.8984375, 3.634765625, 6.6171875, 3.892578125, 6.9453125, 4.50390625, 1.0771484375, 9.834766387939453e-05, 5.06640625, 6.7265625, 1.0302734375, 5.328125, 0.289306640625, 0.190673828125, 0.032379150390625, 0.376953125, 7.2109375, 5.98046875, 5.02734375, 5.328125, 2.0078125, 8.5, 0.057098388671875, 7.75390625, 7.06640625, 7.890625, 3.685546875, 3.044921875, 7.03515625, 6.5703125, 1.0693359375, 8.9765625, 0.56982421875, 0.10723876953125, 0.4990234375, 7.62109375, 2.279296875, 1.068359375, 4.359375, 2.87109375, 2.23828125, 5.48046875, 0.78125, 0.34814453125, 3.833984375, 5.35546875, 2.845703125, 2.76953125, 0.962890625, 0.94873046875, 1.9560546875, 0.321044921875, 12.15625, 1.0029296875, 4.5390625, 0.338623046875, 0.22216796875, 6.93359375, 0.05096435546875, 4.0234375, 3.919921875, 2.224609375, 1.03515625, 2.66796875, 0.305908203125, 2.1875, 2.75, 1.6279296875, 0.1302490234375, 0.07196044921875, 0.3447265625, 5.64453125, 1.88671875, 0.012359619140625, 2.794921875, 4.44921875, 6.0859375, 1.4638671875, 0.54150390625, 1.375, 2.515625, 4.45703125]",-1.0921959729888773
98,1,test,2.5439780805476757,1.0154842056211275,1.339439784036463,4.547960813809288,1.815417518539657,2.39456451957462,12.730212185132874,8.118985679401918,9.39499334477912,22.75825668945924,14.514601757043994,16.79576640410984,3.2164108142181855,1.4173998944703907,1.9668533001946833,5.75009291787119,2.5339366037937645,3.5162141545933254,24.938450624848166,18.894783789126645,21.449651753554736,44.58336220196912,33.77888233999528,38.346311389609646,2.633852388149121,1.1317661290602703,1.5905227401800353,4.708632335417533,2.0232988816690685,2.8434345213595917,13.92732013078988,9.436271335885028,11.088667119195579,24.898369479100776,16.869560548586914,19.823607727241153,0.7185929648241206,-0.006407035175879372,-0.0014070351758793676,0.5628140703517588,-0.017185929648241283,0.012814070351758744,0.4170854271356784,0.002085427135678386,-0.007914572864321623,0.3756613756613757,0.08900351568779574,0.10684417136030044,0.3129973474801061,0.40703517587939697,0.08623317086686566,0.15160946636353723,0.3787878787878788,0.3812709030100334,0.08243951736729549,0.14656567497888773,0.3087248322147651,24.0,4.0,5.0,35.0,3.0,7.0,43.0,5.0,4.0,-0.0005099533399405304,-0.0006718658479543824,-0.0003573649982811074,0.011485854873825474,0.014178848649792464,0.012484961167495534,"[3.056640625, 9.4453125, 2.4296875, 1.0791015625, 0.80224609375, 3.9921875, 2.546875, 3.287109375, 4.43359375, 1.017578125, 1.263671875, 8.59375, 2.0, 2.505859375, 6.60546875, 3.47265625, 4.71875, 2.248046875, 0.17578125, 2.166015625, 2.703125, 8.2421875, 0.1812744140625, 10.703125, 6.296875, 5.45703125, 8.09375, 9.671875, 0.3486328125, 4.921875, 6.3046875, 5.8203125, 0.343017578125, 2.09765625, 1.0859375, 4.484375, 0.01806640625, 0.642578125, 8.484375, 11.140625, 3.361328125, 0.5419921875, 1.3974609375, 0.7998046875, 2.80078125, 5.27734375, 1.8359375, 4.5546875, 0.412841796875, 0.8935546875, 5.4765625, 2.421875, 4.3671875, 5.734375, 1.103515625, 1.4609375, 0.03912353515625, 3.23046875, 0.68359375, 3.833984375, 5.23046875, 0.41796875, 0.2149658203125, 1.8544921875, 4.7265625, 3.880859375, 2.234375, 1.9990234375, 3.296875, 0.53515625, 0.6904296875, 1.115234375, 0.146728515625, 7.03515625, 0.85791015625, 8.3671875, 3.638671875, 2.4375, 6.5625, 5.03515625, 2.123046875, 2.453125, 8.0390625, 5.34765625, 6.80078125, 0.501953125, 6.71484375, 0.01512908935546875, 1.1015625, 5.4609375, 2.40625, 0.8837890625, 5.53125, 0.1597900390625, 0.01558685302734375, 0.01111602783203125, 9.2578125, 1.986328125, 2.306640625, 1.7919921875, 2.681640625, 5.0625, 3.759765625, 7.37109375, 3.333984375, 2.6015625, 0.6572265625, 5.0390625, 3.587890625, 1.4833984375, 4.41796875, 0.73681640625, 8.140625, 1.1982421875, 1.0693359375, 1.4951171875, 9.2734375, 7.12109375, 7.1875, 3.68359375, 1.9423828125, 6.5625, 3.392578125, 9.453125, 1.798828125, 7.37109375, 6.17578125, 0.091796875, 0.029205322265625, 0.032379150390625, 0.38916015625, 0.046173095703125, 0.019317626953125, 6.04296875, 0.427490234375, 3.26953125, 2.166015625, 2.88671875, 0.050445556640625, 0.099365234375, 0.0196533203125, 0.344482421875, 0.344970703125, 6.359375, 0.157958984375, 9.046875, 3.75, 6.23046875, 2.029296875, 2.00390625, 1.349609375, 2.552734375, 0.36962890625, 1.12890625, 7.0078125, 1.296875, 2.275390625, 1.248046875, 0.7080078125, 0.67626953125, 3.08984375, 0.85009765625, 4.8828125, 12.953125, 7.2734375, 1.103515625, 2.484375, 0.6416015625, 7.0078125, 0.40576171875, 0.0014934539794921875, 1.8623046875, 12.0859375, 0.6806640625, 9.171875, 4.921875, 2.865234375, 2.20703125, 1.806640625, 2.501953125, 0.39453125, 2.79296875, 2.236328125, 0.00510406494140625, 4.7890625, 3.7890625, 3.3671875, 1.0791015625, 2.357421875, 0.603515625, 0.177490234375, 1.4794921875, 1.1435546875, 0.051605224609375, 0.1778564453125, 0.0215606689453125, 0.8125, 7.9140625, 5.0546875, 2.15625, 2.900390625, 5.65234375, 0.10797119140625, 5.7421875, 0.736328125, 5.80078125, 9.484375, 3.19921875, 0.001277923583984375, 1.3603515625, 0.005405426025390625, 0.96630859375, 0.0011568069458007812, 1.3994140625, 1.5615234375, 0.1004638671875, 0.051361083984375, 3.947265625, 0.07818603515625, 1.248046875, 2.16796875, 0.003284454345703125, 0.732421875, 1.41015625, 0.06689453125, 5.49609375, 0.0023040771484375, 1.052734375, 1.8642578125, 0.0019311904907226562, 0.9794921875, 2.40234375, 0.100341796875, 7.045269012451172e-05, 0.052032470703125, 0.2724609375, 0.0110626220703125, 0.01525115966796875, 2.880859375, 0.70947265625, 2.853515625, 0.76416015625, 0.301513671875, 0.2469482421875, 3.662109375, 2.49609375, 0.00347900390625, 1.4658203125, 0.54833984375, 0.876953125, 3.933906555175781e-05, 0.010833740234375, 0.257080078125, 0.01128387451171875, 0.00913238525390625, 4.61328125, 0.8720703125, 0.09271240234375, 8.5234375, 0.302734375, 0.13134765625, 0.01812744140625, 0.046417236328125, 3.798828125, 0.039215087890625, 0.0001308917999267578, 0.2802734375, 2.166015625, 4.57421875, 0.03839111328125, 0.833984375, 0.11358642578125, 1.45703125, 0.1668701171875, 0.0009098052978515625, 0.01078033447265625, 0.004192352294921875, 0.388427734375, 3.458984375, 0.369873046875, 1.0546875, 2.921875, 4.87890625, 5.0703125, 3.654296875, 0.1392822265625, 0.72998046875, 2.55859375, 0.043304443359375, 0.0200042724609375, 7.26171875, 5.5703125, 0.560546875, 0.15234375, 0.3623046875, 1.36328125, 0.70556640625, 3.5078125, 0.00936126708984375, 9.0234375, 4.296875, 0.84814453125, 1.1611328125, 0.0694580078125, 0.06298828125, 0.0014505386352539062, 0.1458740234375, 0.00011181831359863281, 0.662109375, 6.93359375, 4.20703125, 1.0068359375, 0.59228515625, 0.0249786376953125, 0.01464080810546875, 0.007114410400390625, 8.8046875, 1.1220703125, 8.2265625, 0.004550933837890625, 0.74462890625, 0.418701171875, 0.37890625, 0.0202178955078125, 0.01444244384765625, 3.603515625, 5.4296875, 4.2890625, 0.052825927734375, 1.947265625, 0.005584716796875, 0.00018107891082763672, 0.0010023117065429688, 2.2530555725097656e-05, 0.78076171875, 0.1695556640625, 0.0020904541015625, 0.0006275177001953125, 6.949901580810547e-05, 1.4736328125, 3.115234375, 0.0870361328125, 3.263671875, 4.98046875, 0.02679443359375, 2.591796875, 0.34423828125, 3.15234375, 1.2998046875, 1.87109375, 1.3955078125, 2.6640625, 11.3203125, 1.33203125, 0.73828125, 1.6943359375, 6.64453125, 7.28515625, 0.11260986328125, 6.2578125, 6.33984375, 2.748046875, 1.2001953125, 7.98828125, 1.9365234375, 7.2109375, 0.1353759765625, 0.4169921875, 4.10546875, 0.008392333984375, 3.0703125, 0.701171875, 0.3203125, 0.41796875, 1.380859375, 2.564453125, 0.82568359375, 6.04296875]",-1.628567829333916
473,1,test,2.380053593088751,0.9933909361545901,1.318688601048641,5.5235206028286115,2.3054167008870676,3.060352791112884,10.805481947566696,6.8040084929926925,7.915168394701768,25.07687319906988,15.790434804492476,18.369164387704103,2.4514937257047875,1.0658855064409412,1.5042382529977556,5.689315627579035,2.4736588168346367,3.4909680211079985,11.605669465088372,7.608413091146572,9.027046627068561,26.93391215482773,17.657260570019403,20.94956104017798,2.210951413597949,0.9670062534231412,1.33639941908115,5.131075922123542,2.244184323982007,3.1014552556034234,9.124393336598214,5.655119995732413,6.726592511214449,21.175478875501515,13.124146405190317,15.61077129961089,0.5025125628140703,0.002512562814070307,0.002512562814070307,0.38190954773869346,-0.013090452261306562,0.006909547738693456,0.321608040201005,0.0016080402010050232,-0.0033919597989949812,0.3505434782608695,0.09952583918352897,0.1345121977134599,0.3051771117166212,0.3517587939698492,0.10363849321796947,0.16644994588971562,0.25757575757575757,0.3210702341137124,0.08734736266129173,0.1308588881737791,0.25838926174496646,20.0,7.0,5.0,25.0,5.0,4.0,37.0,12.0,12.0,-0.0018496056787825276,0.00041119312783432425,-0.0005296441796395064,0.05349243392699332,0.04688075012099091,0.05108476000639506,"[3.056640625, 9.4453125, 2.4296875, 1.0791015625, 0.80224609375, 1.9931640625, 9.1484375, 8.2421875, 11.8125, 1.2646484375, 0.1168212890625, 0.87744140625, 2.2109375, 4.53125, 4.1328125, 6.18359375, 1.8291015625, 10.3359375, 4.18359375, 0.861328125, 1.1025390625, 8.0078125, 6.03125, 9.25, 4.41015625, 1.5029296875, 6.09375, 8.5234375, 12.4609375, 0.97412109375, 8.328125, 13.28125, 0.004138946533203125, 4.1604042053222656e-05, 0.00423431396484375, 2.0625, 1.369140625, 3.724609375, 4.6171875, 3.6796875, 0.93701171875, 4.12890625, 6.63671875, 0.51806640625, 14.1796875, 0.59228515625, 3.80859375, 5.09765625, 0.391845703125, 0.07635498046875, 5.04296875, 3.205078125, 8.390625, 1.171875, 10.2421875, 0.0246124267578125, 3.208984375, 5.625, 1.603515625, 3.849609375, 0.370849609375, 0.84130859375, 4.27734375, 0.5048828125, 3.435546875, 0.75634765625, 9.421875, 5.1171875, 1.1435546875, 2.03515625, 6.8203125, 0.1300048828125, 2.189453125, 0.0633544921875, 0.0670166015625, 9.046875, 0.476318359375, 3.876953125, 0.005001068115234375, 1.384765625, 0.0031299591064453125, 0.6181640625, 0.0085296630859375, 2.171875, 0.0012226104736328125, 0.0207061767578125, 1.80078125, 0.0028934478759765625, 7.75, 0.07745361328125, 1.333984375, 0.07171630859375, 1.2763671875, 4.59375, 0.87060546875, 2.73828125, 0.002887725830078125, 0.002330780029296875, 4.3125, 0.053192138671875, 0.0208740234375, 2.16015625, 1.578125, 1.33203125, 0.0245361328125, 6.078125, 0.0049285888671875, 2.357421875, 0.0014352798461914062, 0.006145477294921875, 8.6953125, 5.23046875, 4.5, 1.80859375, 5.140625, 8.9921875, 0.00022840499877929688, 0.0011796951293945312, 6.51171875, 0.0001748800277709961, 0.09356689453125, 3.099609375, 7.5703125, 0.000888824462890625, 0.0092315673828125, 2.447265625, 5.2578125, 2.421875, 4.25390625, 2.56640625, 3.43359375, 1.046875, 1.34375, 0.60107421875, 0.276611328125, 0.0007119178771972656, 0.0086517333984375, 0.442626953125, 0.0020351409912109375, 0.67578125, 2.314453125, 0.0003459453582763672, 0.0032176971435546875, 4.7578125, 2.4921875, 0.0562744140625, 0.140625, 0.5849609375, 0.0007252693176269531, 0.002567291259765625, 7.68359375, 4.6015625, 5.8671875, 0.005336761474609375, 0.8671875, 4.53125, 0.003093719482421875, 0.0024890899658203125, 5.765625, 0.0053253173828125, 0.03741455078125, 0.144287109375, 0.474609375, 1.4951171875, 6.31640625, 0.0005125999450683594, 0.0034389495849609375, 0.75390625, 0.236572265625, 0.9228515625, 0.08685302734375, 0.0017366409301757812, 0.00798797607421875, 0.521484375, 0.0007905960083007812, 5.62890625, 0.0010166168212890625, 0.0281219482421875, 0.0006952285766601562, 0.054046630859375, 0.005344390869140625, 3.135204315185547e-05, 0.050750732421875, 0.00014829635620117188, 0.0011005401611328125, 0.03741455078125, 0.00042557716369628906, 0.0015401840209960938, 0.11083984375, 0.08782958984375, 0.022552490234375, 0.0007214546203613281, 0.04925537109375, 0.00013911724090576172, 0.387451171875, 0.0004062652587890625, 0.0005440711975097656, 0.830078125, 0.08392333984375, 0.055450439453125, 0.07080078125, 0.0287628173828125, 0.08709716796875, 0.00010657310485839844, 0.00032019615173339844, 0.01178741455078125, 0.00029015541076660156, 0.0128631591796875, 0.0209503173828125, 0.3486328125, 0.00010788440704345703, 0.002346038818359375, 0.03338623046875, 0.09173583984375, 0.062469482421875, 0.0068359375, 0.260009765625, 0.001071929931640625, 0.007110595703125, 0.030975341796875, 2.2109375, 0.00079345703125, 0.005107879638671875, 0.00164794921875, 6.65234375, 4.03125, 8.7265625, 6.93359375, 1.90625, 0.37109375, 3.6015625, 10.0234375, 0.60888671875, 3.392578125, 0.38330078125, 8.4140625, 3.857421875, 8.2421875, 5.39453125, 0.406005859375, 0.005817413330078125, 0.83056640625, 7.41015625, 2.85546875, 7.0078125, 2.798828125, 1.23828125, 0.015655517578125, 1.0166015625, 0.0004394054412841797, 1.8046875, 0.0035152435302734375, 0.2255859375, 4.61328125, 0.4306640625, 10.5390625, 5.0546875, 3.017578125, 0.0027866363525390625, 0.0235595703125, 5.41015625, 0.10760498046875, 4.410743713378906e-06, 0.0004849433898925781, 15.1640625, 0.27587890625, 0.353759765625, 0.00878143310546875, 0.015167236328125, 0.01447296142578125, 1.0927734375, 0.0012483596801757812, 0.13330078125, 0.052825927734375, 0.10565185546875, 1.67578125, 0.048858642578125, 0.0307464599609375, 0.034637451171875, 0.022735595703125, 1.359375, 0.051177978515625, 0.002788543701171875, 0.00984954833984375, 0.007709503173828125, 1.171875, 0.36181640625, 0.00815582275390625, 0.0007891654968261719, 0.00020062923431396484, 1.6279296875, 0.7236328125, 0.286865234375, 0.73388671875, 2.388671875, 0.52880859375, 7.4140625, 2.2890625, 1.35546875, 0.467041015625, 0.6162109375, 6.69921875, 6.53515625, 0.80029296875, 0.64794921875, 0.0007762908935546875, 2.7418136596679688e-06, 0.00020444393157958984, 1.2099609375, 3.912109375, 7.625, 1.865234375, 0.5166015625, 2.75, 6.18359375, 4.08203125, 2.767578125, 2.443359375, 4.4375, 4.578125, 2.611328125, 6.84765625, 0.69384765625, 0.8837890625, 0.3603515625, 2.28125, 3.50390625, 2.51953125, 1.6572265625, 4.484375, 1.77734375, 4.73828125, 0.2169189453125, 5.359375, 12.9921875, 0.00260162353515625, 9.298324584960938e-06, 0.0009379386901855469, 7.38671875, 3.970703125, 2.892578125, 0.771484375, 0.97314453125, 0.180908203125, 3.896484375, 0.1142578125, 13.5625, 0.004581451416015625, 2.6226043701171875e-06, 0.0009517669677734375, 2.8984375, 8.3046875, 0.9755859375, 5.28125, 6.1015625, 1.537109375, 4.70703125, 0.76416015625, 8.484375, 8.0234375, 0.55029296875, 8.796875, 1.5029296875, 0.94921875, 2.38671875, 8.8828125, 2.783203125, 3.603515625]",-2.0350808368428894
13,1,test,2.7356909220678762,1.1642596597661736,1.6160509752664212,4.787459113618784,2.0374544045908043,2.8280892067162373,15.420394046676822,10.606861352956976,12.356643155305377,26.98568958168444,18.56200736767471,21.62412552178441,2.7174725724225066,1.0738720640385668,1.5291439504419637,4.755577001739387,1.8792761120674921,2.6760019132734367,15.142003524170564,9.968239325812739,11.86041168338442,26.498506167298487,17.44441882017229,20.755720445922734,2.7460988249667113,1.172879294794252,1.6452395835288525,4.805672943691745,2.0525387658899406,2.879169271175492,15.581726118497462,10.759577837723825,12.574977681317698,27.26802070737056,18.829261216016697,22.006210942305973,0.6180904522613065,-0.01190954773869346,0.0030904522613065533,0.5025125628140703,0.002512562814070307,0.012512562814070316,0.37688442211055273,-0.003115577889447274,-0.013115577889447283,0.42397660818713445,0.1290860972382294,0.17568726312359584,0.3812316715542522,0.4170854271356784,0.10881475044394906,0.15164302312900058,0.3535353535353535,0.41137123745819393,0.112539851815456,0.16331784479968448,0.3657718120805369,23.0,8.0,8.0,35.0,12.0,12.0,41.0,10.0,9.0,-0.0008606643450643655,0.00030894055465445074,-0.0001655729248750643,0.01440814454691175,0.011103702396821014,0.013072893838565136,"[3.056640625, 9.4453125, 2.4296875, 1.0791015625, 0.80224609375, 2.9921875, 7.1484375, 0.375732421875, 0.6826171875, 5.55859375, 3.279296875, 4.609375, 8.859375, 5.38671875, 2.107421875, 0.26123046875, 3.33984375, 0.814453125, 4.74609375, 2.81640625, 0.412109375, 1.482421875, 0.166748046875, 7.74609375, 0.2724609375, 2.61328125, 1.6640625, 2.45703125, 8.6328125, 4.0, 4.01953125, 3.98046875, 8.28125, 2.849609375, 6.234375, 4.76171875, 1.3369140625, 3.953125, 0.9345703125, 2.94921875, 1.9677734375, 1.2275390625, 2.8203125, 0.0654296875, 2.060546875, 0.08367919921875, 1.34765625, 2.544921875, 2.181640625, 4.7734375, 7.4296875, 8.171875, 2.984375, 0.312255859375, 2.52734375, 0.0216217041015625, 2.744140625, 0.04937744140625, 0.5693359375, 1.3662109375, 9.7265625, 0.316650390625, 8.4609375, 1.392578125, 11.59375, 5.3515625, 1.3759765625, 6.05078125, 0.6103515625, 0.5263671875, 0.646484375, 2.5, 6.140625, 10.421875, 0.6611328125, 6.15234375, 1.0771484375, 3.73046875, 6.27734375, 1.3125, 5.87109375, 6.57421875, 4.5703125, 4.0703125, 1.5009765625, 1.318359375, 2.89453125, 2.62890625, 6.7890625, 0.85498046875, 1.41796875, 1.08984375, 3.931640625, 1.51953125, 3.830078125, 2.72265625, 5.890625, 2.896484375, 0.423583984375, 8.859375, 2.076171875, 1.10546875, 9.2890625, 0.701171875, 0.95654296875, 6.4140625, 0.027923583984375, 0.52734375, 4.93359375, 0.05426025390625, 2.44921875, 4.5234375, 0.66357421875, 4.24609375, 1.5361328125, 0.66845703125, 8.7734375, 7.0390625, 3.119140625, 0.3251953125, 1.8466796875, 3.6171875, 4.83984375, 0.50732421875, 4.1328125, 3.095703125, 1.7392578125, 0.004665374755859375, 0.0557861328125, 0.00047969818115234375, 0.0030345916748046875, 0.00406646728515625, 0.35107421875, 4.49609375, 0.52197265625, 4.17578125, 0.275390625, 4.9765625, 1.349609375, 0.00254058837890625, 0.1844482421875, 0.2032470703125, 2.978515625, 0.0069427490234375, 4.6953125, 1.5458984375, 0.1895751953125, 0.002986907958984375, 0.20458984375, 0.101318359375, 3.4453125, 0.012298583984375, 5.02734375, 0.047821044921875, 0.001903533935546875, 0.1668701171875, 0.035858154296875, 3.2734375, 0.06744384765625, 4.05078125, 0.51318359375, 5.9375, 0.046478271484375, 0.12841796875, 0.443359375, 0.06494140625, 3.25, 0.0149688720703125, 4.64453125, 3.693359375, 0.022430419921875, 0.0004901885986328125, 0.451171875, 0.00879669189453125, 3.59765625, 0.03375244140625, 3.826171875, 0.46630859375, 5.68359375, 0.0252532958984375, 0.0003733634948730469, 0.19384765625, 0.01020050048828125, 2.748046875, 0.01242828369140625, 9.1171875, 8.5, 0.2293701171875, 0.0013036727905273438, 2.26171875, 0.0013418197631835938, 0.69873046875, 3.822265625, 1.3798828125, 0.39013671875, 7.8203125, 3.537109375, 1.1787109375, 4.23046875, 1.2001953125, 3.20703125, 4.875, 0.51123046875, 1.6962890625, 1.2412109375, 0.25732421875, 0.01308441162109375, 0.00113677978515625, 0.0848388671875, 0.0215911865234375, 0.020355224609375, 0.043365478515625, 0.051788330078125, 0.01007843017578125, 0.0217132568359375, 3.65234375, 0.033447265625, 0.0006289482116699219, 0.0025787353515625, 0.00014066696166992188, 4.0078125, 6.921875, 1.412109375, 0.08251953125, 4.68359375, 0.06878662109375, 3.810546875, 4.95703125, 2.07421875, 0.5439453125, 3.2734375, 2.38671875, 2.021484375, 7.1484375, 0.8388671875, 4.72265625, 6.83984375, 0.8134765625, 2.125, 7.6328125, 2.78125, 3.087890625, 1.4921875, 2.5859375, 1.4853515625, 0.348876953125, 3.345703125, 2.177734375, 0.91650390625, 2.03515625, 2.494140625, 3.740234375, 7.4609375, 12.8125, 0.0193023681640625, 6.1875, 2.001953125, 3.646484375, 2.95703125, 6.03515625, 7.12890625, 1.7060546875, 0.11737060546875, 6.44921875, 2.1875, 3.306640625, 0.0714111328125, 0.66455078125, 1.9423828125, 7.796875, 4.90625, 5.8125, 4.8359375, 0.97705078125, 3.908203125, 0.06640625, 0.17822265625, 0.4853515625, 0.028961181640625, 0.04840087890625, 1.3935546875, 8.515625, 0.4013671875, 0.63671875, 10.9140625, 7.59375, 1.3193359375, 3.873046875, 3.068359375, 1.6845703125, 2.685546875, 0.38427734375, 0.0474853515625, 0.2000732421875, 5.0078125, 2.94921875, 3.962890625, 11.671875, 9.328125, 6.171875, 1.8837890625, 0.2064208984375, 7.0546875, 0.08404541015625, 6.83203125, 0.060272216796875, 0.339111328125, 1.3662109375, 5.4375, 0.218994140625, 2.03125, 5.11328125, 0.269775390625, 1.5751953125, 1.9462890625, 0.0772705078125, 0.089111328125, 0.01200103759765625, 5.69140625, 1.6767578125, 3.27734375, 4.171875, 7.24609375, 6.60546875, 3.109375, 6.84765625, 1.427734375, 4.37890625, 0.748046875, 0.0002930164337158203, 0.693359375, 0.012359619140625, 0.00162506103515625, 0.03955078125, 0.75634765625, 7.23828125, 0.2493896484375, 3.0703125, 5.546875, 3.19140625, 4.6796875, 6.578125]",-1.6141640240685984
92,1,test,3.31603200873025,1.4595967372051668,2.009901493113774,5.4421937084455285,2.39545582164848,3.298603038698488,27.550811996734033,21.149933337003173,23.858951555477372,45.21574439463998,34.71077294719933,39.15674990575404,3.849547020112625,1.7337394703333242,2.3934539642227146,6.317785991831897,2.845372424841162,3.9280803295184556,46.97178113963295,38.675498416658726,42.68261193372204,77.08898198798585,63.47331798969286,70.04969840887324,3.31603200873025,1.4595967372051668,2.009901493113774,5.4421937084455285,2.39545582164848,3.298603038698488,27.550811996734033,21.149933337003173,23.858951555477372,45.21574439463998,34.71077294719933,39.15674990575404,0.797979797979798,-0.002020202020202033,0.0029797979797979712,0.6767676767676767,0.006767676767676756,0.016767676767676765,0.5454545454545454,-0.00454545454545463,0.005454545454545379,0.4316546762589928,0.11388088810818486,0.17686998726377745,0.371841155234657,0.4444444444444444,0.09431849986006158,0.17095451155853836,0.41624365482233505,0.4316546762589928,0.11388088810818486,0.17686998726377745,0.371841155234657,22.0,0.0,0.0,36.0,1.0,1.0,43.0,0.0,1.0,-0.0014043824896793193,-0.0008126781314384705,-6.994932583754952e-05,0.004906385351941545,0.004053105380767086,0.004150688586485707,"[3.0625, 9.453125, 2.48046875, 1.494140625, 11.8203125, 13.8203125, 1.65234375, 8.28125, 6.5703125, 2.5, 3.12109375, 2.8125, 5.98046875, 1.8369140625, 0.043975830078125, 0.5859375, 4.83203125, 0.032928466796875, 2.62109375, 4.4609375, 5.24609375, 6.0390625, 1.7412109375, 0.921875, 6.390625, 0.1414794921875, 1.37890625, 10.015625, 2.720703125, 1.67578125, 1.2412109375, 5.55859375, 6.29296875, 0.92626953125, 4.86328125, 1.6083984375, 3.580078125, 2.05078125, 11.1484375, 0.5341796875, 3.0234375, 4.11328125, 3.951171875, 7.58203125, 0.63916015625, 0.8896484375, 6.1640625, 4.87890625, 2.37109375, 3.78125, 4.515625, 7.75, 0.0251922607421875, 12.640625, 0.89990234375, 0.56884765625, 3.544921875, 6.17578125, 1.8125, 10.015625, 1.337890625, 4.08984375, 6.52734375, 9.453125, 2.42578125, 2.091796875, 0.0126495361328125, 8.8125, 5.18359375, 0.787109375, 4.0859375, 8.640625, 0.00574493408203125, 2.251953125, 6.66015625, 7.1875, 4.79296875, 2.267578125, 4.51171875, 4.265625, 1.654296875, 3.986328125, 0.01149749755859375, 1.4130859375, 8.5625, 2.244140625, 6.76953125, 0.10919189453125, 6.66015625, 8.5, 1.5771484375, 2.953125, 5.83203125, 0.37451171875, 3.1328125, 0.357177734375, 5.9140625, 1.55078125, 4.7734375, 2.48046875, 6.33203125, 0.005329132080078125, 3.294921875, 3.826171875, 6.43359375, 11.5546875, 3.2421875, 3.58984375, 10.2109375, 0.5341796875, 4.96875, 0.505859375, 2.98046875, 3.240234375, 1.294921875, 0.2440185546875, 0.9755859375, 7.84765625, 7.796875, 6.12890625, 0.162353515625, 5.58984375, 4.00390625, 6.44921875, 1.30859375, 1.2578125, 4.5, 7.07421875, 8.2890625, 5.09375, 1.080078125, 6.28515625, 2.62890625, 3.13671875, 7.42578125, 5.9296875, 5.3046875, 0.55126953125, 8.265625, 0.751953125, 6.6171875, 1.6962890625, 3.345703125, 5.85546875, 1.4794921875, 1.083984375, 0.05169677734375, 1.5576171875, 5.80078125, 0.30078125, 0.1361083984375, 4.09765625, 1.6826171875, 3.927734375, 3.4921875, 2.345703125, 7.58203125, 5.64453125, 0.0992431640625, 3.458984375, 2.78515625, 2.353515625, 4.5859375, 4.8125, 14.0078125, 3.099609375, 9.515625, 3.685546875, 4.6640625, 2.7890625, 1.5166015625, 3.57421875, 3.427734375, 2.408203125, 4.640625, 0.76806640625, 6.1796875, 1.5947265625, 10.8828125, 4.2734375, 2.021484375, 4.75, 3.2421875, 0.009735107421875, 1.1083984375, 5.90625, 4.90625, 5.79296875, 0.4111328125, 4.22265625, 0.2467041015625, 2.736328125, 0.00257110595703125, 0.0511474609375, 0.0037631988525390625, 0.0037288665771484375, 0.0025119781494140625, 3.92578125, 0.0084075927734375, 0.91357421875, 0.7939453125, 0.002788543701171875, 1.1435546875, 0.312744140625, 0.0034275054931640625, 1.5888671875, 0.0049285888671875, 0.0042266845703125, 0.003376007080078125, 0.0423583984375, 2.2421875, 0.068115234375, 0.12939453125, 0.0002467632293701172, 0.0021724700927734375, 0.0007123947143554688, 0.2030029296875, 0.0008301734924316406, 1.2353515625, 7.28125, 2.541015625, 0.264892578125, 3.5546875, 4.13671875, 2.099609375, 6.8515625, 3.455078125, 0.7841796875, 4.55859375, 1.904296875, 2.140625, 2.6015625, 7.453125, 5.4140625, 7.19921875, 0.401123046875, 0.822265625, 0.00260162353515625, 0.0019350051879882812, 0.022125244140625, 0.00543212890625, 11.8125, 3.1328125, 1.515625, 4.03515625, 0.19775390625, 0.2039794921875, 5.50390625, 0.496337890625, 1.6845703125, 0.06597900390625, 0.517578125, 1.365234375, 0.27294921875, 0.11383056640625, 0.44970703125, 0.02215576171875, 0.00024402141571044922, 0.0005726814270019531, 0.0012140274047851562, 0.0008645057678222656, 4.69140625, 4.89453125, 0.1944580078125, 0.157470703125, 4.29296875, 0.260986328125, 4.328125, 7.2421875, 0.08544921875, 2.14453125, 7.5234375, 4.23828125, 0.2734375, 4.625, 0.71923828125, 3.12109375, 7.08203125]",-1.5839266018044178
480,1,test,3.5689247620007225,1.6375329292459384,2.254913848772782,5.7816581144411705,2.65280334537842,3.6529604350119063,35.47842488472974,28.57931892085857,31.75735618005955,57.475048313262185,46.298496651790884,51.44691701169647,3.524442126403502,1.560989601694876,2.198031548234611,5.709596244773674,2.5288031547456997,3.5608111081400695,33.93483698505997,26.81095695733041,30.1673410289025,54.97443591579715,43.433750270875265,48.87109246682205,3.5689247620007225,1.6375329292459384,2.254913848772782,5.7816581144411705,2.65280334537842,3.6529604350119063,35.47842488472974,28.57931892085857,31.75735618005955,57.475048313262185,46.298496651790884,51.44691701169647,0.7638190954773869,-0.001180904522613102,0.0038190954773869024,0.6231155778894473,-0.0018844221105527303,0.003115577889447274,0.5226130653266332,0.0026130653266331905,0.0026130653266331905,0.44628099173553715,0.12050779585924853,0.1894128598674053,0.46058091286307057,0.44221105527638194,0.10637145627888822,0.1851158966787192,0.4494949494949495,0.44628099173553715,0.12050779585924853,0.1894128598674053,0.46058091286307057,23.0,8.0,10.0,34.0,7.0,9.0,45.0,10.0,12.0,-3.9404314672731425e-05,2.4699788905092957e-05,7.938918961868189e-05,-1.0723023486036709e-05,6.835210348388188e-05,8.884262040620428e-05,"[3.0625, 9.453125, 2.48046875, 1.494140625, 5.81640625, 3.513671875, 4.109375, 4.4296875, 1.2236328125, 0.50048828125, 0.0214691162109375, 0.6416015625, 2.921875, 6.25390625, 0.1756591796875, 1.466796875, 5.8515625, 0.3544921875, 1.9599609375, 0.378173828125, 7.3203125, 4.60546875, 6.6328125, 4.76953125, 5.22265625, 0.01120758056640625, 2.263671875, 4.5703125, 6.95703125, 0.740234375, 2.66015625, 1.3984375, 5.51953125, 0.10003662109375, 6.765625, 1.1103515625, 0.224365234375, 0.87939453125, 3.09765625, 0.036041259765625, 9.5234375, 0.1666259765625, 6.28515625, 2.828125, 5.375, 3.552734375, 2.47265625, 5.7421875, 0.36572265625, 5.8359375, 3.34375, 3.65625, 0.8681640625, 4.31640625, 1.6220703125, 3.61328125, 5.88671875, 1.1083984375, 2.662109375, 1.1181640625, 6.59765625, 2.490234375, 1.6630859375, 6.55078125, 3.71875, 0.042205810546875, 0.64697265625, 8.0078125, 8.9375, 1.607421875, 6.8515625, 0.5537109375, 2.3515625, 0.77587890625, 1.384765625, 0.172119140625, 0.26318359375, 2.6484375, 0.5927734375, 6.5703125, 0.70068359375, 3.70703125, 7.50390625, 0.232177734375, 0.62255859375, 5.1875, 0.6103515625, 6.1171875, 2.083984375, 5.95703125, 4.7734375, 9.5, 1.236328125, 6.859375, 0.0787353515625, 8.0859375, 0.1104736328125, 6.05078125, 0.130859375, 9.015625, 10.09375, 0.70654296875, 1.515625, 4.29296875, 0.0838623046875, 3.962890625, 7.04296875, 1.2099609375, 0.99609375, 5.2734375, 2.943359375, 3.15625, 6.31640625, 3.484375, 0.8486328125, 0.53173828125, 10.7265625, 2.73046875, 7.13671875, 3.525390625, 0.92822265625, 2.6484375, 3.875, 1.32421875, 5.5703125, 6.0078125, 4.31640625, 1.6015625, 2.0546875, 0.0721435546875, 0.99755859375, 5.2265625, 2.611328125, 9.046875, 3.36328125, 2.677734375, 4.28125, 1.787109375, 5.8828125, 8.25, 2.751953125, 3.109375, 4.1875, 4.4765625, 4.08203125, 6.109375, 5.41796875, 1.55859375, 0.345703125, 8.8828125, 1.283203125, 1.9345703125, 4.80859375, 1.236328125, 2.712890625, 3.185546875, 4.34375, 3.287109375, 3.208984375, 0.0194244384765625, 1.703125, 3.353515625, 12.9609375, 6.015625, 5.9921875, 0.728515625, 10.078125, 8.78125, 4.7109375, 2.546875, 0.251220703125, 6.53515625, 3.630859375, 8.703125, 0.189208984375, 7.78515625, 2.009765625, 4.6953125, 0.248779296875, 7.4921875, 2.533203125, 1.9716796875, 6.16015625, 8.3671875, 0.116943359375, 0.1495361328125, 0.90869140625, 0.5576171875, 3.783203125, 6.05859375, 0.86376953125, 2.6015625, 3.630859375, 0.0216827392578125, 4.59375, 0.92138671875, 6.5, 3.109375, 4.80859375, 0.44921875, 0.1533203125, 1.3017578125, 7.3125, 4.5390625, 8.625, 10.7578125, 7.76953125, 0.546875, 0.908203125, 9.71875, 5.44140625, 3.8984375, 2.494140625, 1.8828125, 5.328125, 9.03125, 2.26171875, 1.4169921875, 4.34765625, 1.3369140625, 5.01171875, 3.392578125, 0.324462890625, 0.412109375, 2.37890625, 1.4306640625, 6.51171875, 0.0011806488037109375, 7.6796875, 6.98046875, 4.125, 0.1583251953125, 0.049346923828125, 7.69140625, 1.173828125, 5.58203125, 5.23828125, 4.61328125, 1.171875, 0.394287109375, 3.798828125, 1.59765625]",-0.7229191291430763
132,1,test,2.9601853295734952,1.230284818966471,1.6873099894697416,5.837219385844364,2.426011075602423,3.32722363092067,19.301548571812212,13.661455820702164,15.730442613344307,38.060918812955535,26.939162882395834,31.019018861145227,2.9165728631331094,1.2382390870941198,1.7353033778473457,5.751219522245625,2.441696177359753,3.4218622787888666,18.477852691838006,13.121229494571665,15.219344485310197,36.4366645777255,25.87388512693626,30.011179294066732,3.0467725836712383,1.3066267570927,1.8152999479777465,6.007961667801149,2.5765505153906614,3.5796083243830843,21.047306267947764,15.349131960596624,17.621034795370836,41.503396067694744,30.267108529041657,34.74709670323125,0.6080402010050252,0.0030402010050252226,-0.0219597989949748,0.5025125628140703,-0.012487437185929706,-0.007487437185929702,0.4170854271356784,-0.017914572864321632,-0.0029145728643216184,0.41428571428571426,0.126125942531078,0.17674905739421864,0.41547277936962745,0.4170854271356784,0.12635861009307192,0.18503200476506076,0.43434343434343436,0.41137123745819393,0.1242259953880771,0.17332896827020727,0.42281879194630867,16.0,0.0,0.0,26.0,0.0,0.0,32.0,1.0,-1.0,5.356043687711453e-05,0.00026015813273183873,6.39613061073213e-05,-0.0003056398190430798,9.39039469933789e-05,-0.00014316252583412847,"[3.056640625, 6.44140625, 0.03302001953125, 0.005214691162109375, 0.009490966796875, 1.6259765625, 0.047332763671875, 0.003810882568359375, 9.4375, 0.900390625, 3.912109375, 0.8896484375, 5.2734375, 0.68603515625, 4.70703125, 6.125, 1.8642578125, 0.0009860992431640625, 0.0025482177734375, 4.25390625, 0.0056915283203125, 1.55078125, 1.1005859375, 6.6640625, 0.231201171875, 2.404296875, 0.75048828125, 7.73828125, 1.2392578125, 2.619140625, 0.005649566650390625, 0.048431396484375, 4.140625, 1.4326171875, 0.638671875, 0.11773681640625, 3.3203125, 5.32421875, 5.328125, 0.74853515625, 3.06640625, 3.755859375, 0.9072265625, 0.240966796875, 3.7578125, 0.00287628173828125, 0.0190582275390625, 3.5859375, 6.80859375, 6.625, 1.0634765625, 3.751953125, 2.66796875, 0.04571533203125, 6.08984375, 4.4453125, 2.62890625, 0.342529296875, 9.796875, 1.46875, 0.15234375, 0.2222900390625, 0.0002639293670654297, 0.5673828125, 7.2421875, 17.171875, 13.640625, 13.2109375, 3.392578125, 3.0078125, 9.0859375, 0.104736328125, 7.54296875, 2.029296875, 0.26806640625, 3.103515625, 1.435546875, 7.62890625, 2.203125, 3.279296875, 7.9921875, 0.321533203125, 12.625, 2.126953125, 2.451171875, 6.02734375, 8.0, 1.42578125, 1.0986328125, 0.0038471221923828125, 0.004138946533203125, 0.001850128173828125, 0.0003948211669921875, 7.31640625, 7.01171875, 4.515625, 4.18359375, 4.27734375, 4.8125, 7.0625, 0.60986328125, 0.7998046875, 0.77099609375, 0.1368408203125, 2.634765625, 1.3017578125, 5.07421875, 0.00033855438232421875, 0.2939453125, 0.004734039306640625, 0.3857421875, 0.0621337890625, 0.1427001953125, 0.2147216796875, 0.03729248046875, 4.2890625, 6.1328125, 4.0390625, 4.51953125, 0.8095703125, 4.07421875, 0.96826171875, 3.00390625, 2.2578125, 0.01885986328125, 1.986328125, 3.759765625, 5.25390625, 1.3232421875, 2.0859375, 1.21484375, 0.024322509765625, 1.130859375, 2.990234375, 1.2880859375, 1.39453125, 4.32421875, 4.203125, 3.05078125, 4.3515625, 1.3671875, 1.6552734375, 3.26953125, 0.020111083984375, 0.3212890625, 2.08203125, 0.79931640625, 2.037109375, 3.529296875, 0.055694580078125, 3.779296875, 0.294189453125, 0.958984375, 2.2421875, 10.1953125, 9.0625, 0.48779296875, 3.3046875, 3.220703125, 10.0625, 0.1171875, 0.0284423828125, 2.55078125, 6.42578125, 6.5234375, 0.51953125, 5.0546875, 0.0484619140625, 0.0019817352294921875, 5.47265625, 0.79736328125, 0.078369140625, 4.33984375, 0.29345703125, 0.87060546875, 11.640625, 0.1884765625, 5.99609375, 0.187255859375, 5.125, 7.10546875, 5.62890625, 4.15625, 3.98828125, 0.027862548828125, 3.052734375, 0.53955078125, 6.19140625, 0.0155487060546875, 2.41796875, 0.13330078125, 5.1875, 0.06085205078125, 0.0255279541015625, 3.798828125, 0.50830078125, 0.08135986328125, 5.484375, 5.2109375, 8.1484375, 4.90625, 4.44140625, 7.90234375, 0.3525390625, 0.069580078125, 9.0625, 1.73046875, 2.5390625, 7.41796875, 0.7392578125, 10.390625, 1.6318359375, 2.771484375, 1.7578125, 0.0009446144104003906, 1.654296875, 0.0074920654296875, 0.00225067138671875, 8.359375, 7.02734375, 9.1171875, 6.84765625, 1.1513671875, 0.0767822265625, 3.330078125, 1.169921875, 0.90576171875, 0.84814453125, 1.857421875, 7.91015625, 0.2230224609375, 2.5234375, 9.6484375, 0.0550537109375, 0.0187530517578125, 3.291015625, 1.34375, 7.578125, 4.77734375, 0.77490234375, 7.2734375, 0.51318359375, 1.0615234375, 2.62890625, 3.126953125, 2.412109375, 0.8759765625, 2.2421875, 3.744140625, 0.064697265625, 1.4111328125, 4.5078125, 2.09765625, 5.87109375, 1.1171875, 3.4453125, 9.1171875, 7.23828125, 5.6640625, 0.025177001953125, 0.0269622802734375, 1.1064453125, 0.6953125, 7.1171875, 0.74462890625, 2.87109375, 3.427734375, 0.0031795501708984375, 0.0033435821533203125, 1.3623046875, 3.005859375, 3.263671875, 9.59375, 1.462890625, 4.0390625, 3.3125, 0.94873046875, 8.8828125, 1.037109375, 2.345703125, 14.6875, 11.125, 2.16796875, 0.4599609375, 0.1900634765625, 0.89404296875, 0.1318359375, 3.18359375, 5.74609375, 0.049072265625, 1.068359375, 1.0078125, 3.58984375, 1.134765625, 0.92724609375, 8.6953125, 1.6630859375, 5.80078125, 0.208251953125, 0.07562255859375, 7.265625, 3.32421875, 3.0546875, 9.7890625, 0.6533203125, 0.0285491943359375, 0.68701171875, 0.6845703125, 8.59375, 0.40185546875, 0.48681640625, 0.00431060791015625, 0.021514892578125, 1.896484375, 10.5625, 5.1796875, 0.0736083984375, 2.0859375, 2.94140625, 3.427734375, 0.556640625, 3.4921875, 0.1348876953125, 0.166259765625, 0.0885009765625, 4.13671875, 2.2109375, 8.4453125, 3.56640625, 4.94140625, 0.65625, 6.48828125, 4.8125, 0.0187835693359375, 0.95849609375, 1.2744140625, 6.8046875, 0.125244140625, 1.8115234375, 3.232421875, 0.07781982421875, 0.00806427001953125, 0.0010547637939453125, 0.0210723876953125, 0.3857421875, 0.80712890625, 0.2220458984375, 2.62109375, 0.451171875, 7.640625]",-1.1597935751506259
179,1,test,3.014887249701983,1.3315030638367755,1.8355551258539144,5.035676541394123,2.223969982300344,3.0658731561559973,20.38679219406398,15.003047424487491,17.134590784434714,34.05145290792308,25.059144076576406,28.619397580488247,3.31841741494797,1.4620087445153844,2.0488775717294168,5.542653952534717,2.4419497408392097,3.4221792954831876,27.616610321640685,21.215901930010453,24.05739593280223,46.12720318587552,35.436290250666104,40.18235320668048,2.9895046295529624,1.3056542494164693,1.8151661225106492,4.993280705577651,2.1807954760523733,3.0318180100313006,19.8758341516289,14.489578925948114,16.63983250823861,33.19801488028827,24.20151290874577,27.793017540787726,0.6482412060301508,-0.006758793969849242,-0.0017587939698492372,0.542713567839196,-0.007286432160804046,0.0027135678391959628,0.44221105527638194,-0.007788944723618019,0.00221105527638199,0.4058441558441559,0.1303174135426972,0.18878152085495503,0.32899022801302935,0.40201005025125625,0.09373937355952688,0.1616093824716235,0.3232323232323232,0.4013377926421404,0.12921759230825058,0.18220542334291912,0.3221476510067114,26.0,2.0,2.0,37.0,1.0,2.0,44.0,3.0,2.0,-0.002871995984404779,-0.0005724277844237705,-0.00028780240829224407,0.013555092390284962,0.010420202230767117,0.01263644824337895,"[3.0625, 9.453125, 2.48046875, 1.494140625, 9.8203125, 0.379150390625, 10.6484375, 3.09375, 4.2265625, 3.9921875, 12.2578125, 8.4140625, 2.7421875, 2.37109375, 2.408203125, 6.484375, 0.09674072265625, 0.544921875, 5.78515625, 7.09375, 0.912109375, 2.671875, 4.48046875, 1.37109375, 8.6171875, 0.251708984375, 4.2109375, 8.1796875, 12.140625, 2.78125, 2.052734375, 5.75, 3.224609375, 5.328125, 6.16015625, 3.76171875, 9.296875, 3.630859375, 1.4970703125, 7.453125, 0.47412109375, 0.0399169921875, 0.10821533203125, 0.0034637451171875, 6.39453125, 2.84765625, 0.82421875, 10.6328125, 0.46533203125, 2.669921875, 2.4140625, 0.05328369140625, 6.953125, 1.919921875, 0.90380859375, 9.0859375, 5.046875, 2.427734375, 9.125, 9.1640625, 2.580078125, 0.385498046875, 8.4609375, 4.30859375, 5.0546875, 9.6796875, 0.0174102783203125, 5.75390625, 1.544921875, 1.04296875, 0.0121002197265625, 0.29296875, 6.9296875, 1.763671875, 8.890625, 1.05078125, 2.7421875, 1.47265625, 0.44482421875, 12.734375, 3.533203125, 7.80859375, 6.671875, 0.50732421875, 5.6953125, 2.658203125, 7.41015625, 6.6484375, 0.49755859375, 5.31640625, 12.0625, 8.171875, 5.11328125, 1.3720703125, 0.7568359375, 4.671875, 0.02239990234375, 9.65625, 0.95166015625, 5.3828125, 1.7177734375, 1.14453125, 1.80859375, 4.1953125, 2.59375, 5.26953125, 0.18701171875, 6.83984375, 3.40625, 3.83203125, 3.087890625, 4.25, 4.80078125, 0.84228515625, 7.72265625, 3.66015625, 2.3359375, 5.96484375, 4.58203125, 13.5, 3.27734375, 4.92578125, 3.140625, 5.6015625, 0.1634521484375, 4.7734375, 0.007266998291015625, 4.0859375, 5.69140625, 1.306640625, 9.6953125, 4.0234375, 3.65234375, 0.3564453125, 3.349609375, 1.541015625, 2.419921875, 0.0035457611083984375, 2.146484375, 0.003314971923828125, 0.634765625, 0.00981903076171875, 0.35205078125, 5.72265625, 0.98828125, 0.1805419921875, 0.26318359375, 6.04296875, 0.153564453125, 0.1990966796875, 1.435546875, 0.477783203125, 0.55712890625, 4.203125, 6.87890625, 0.873046875, 1.525390625, 0.04119873046875, 0.1580810546875, 0.00279998779296875, 0.00907135009765625, 0.041412353515625, 9.40625, 3.943359375, 4.73828125, 1.951171875, 0.0228271484375, 0.042755126953125, 0.370849609375, 0.2030029296875, 2.419921875, 0.85986328125, 0.04058837890625, 10.046875, 0.251953125, 0.0718994140625, 0.0177459716796875, 0.07623291015625, 2.0546875, 2.109375, 3.515625, 0.3876953125, 0.0124969482421875, 0.042572021484375, 0.003330230712890625, 0.70068359375, 0.006938934326171875, 3.798828125, 0.036224365234375, 4.1953125, 0.04437255859375, 4.8203125, 0.72021484375, 0.71435546875, 0.0075531005859375, 0.10321044921875, 0.63134765625, 0.0555419921875, 0.08624267578125, 4.30859375, 9.3671875, 0.07373046875, 0.0027942657470703125, 0.029998779296875, 0.003887176513671875, 1.3251953125, 0.0009002685546875, 0.004077911376953125, 0.00023472309112548828, 14.46875, 5.65234375, 9.796875, 6.3203125, 0.09747314453125, 0.170654296875, 6.828125, 8.8828125, 0.96142578125, 0.2093505859375, 2.5078125, 0.0030803680419921875, 0.0198822021484375, 0.00597381591796875, 0.038726806640625, 4.55859375, 4.31640625, 0.1568603515625, 0.0004992485046386719, 0.006351470947265625, 0.0012760162353515625, 0.1461181640625, 0.0008764266967773438, 3.580078125, 0.002079010009765625, 0.0198211669921875, 5.640625, 1.9130859375, 0.4677734375, 0.04461669921875, 5.34765625, 0.264404296875, 4.078125, 0.0171661376953125, 0.007099151611328125, 8.015625, 0.057281494140625, 2.455078125, 3.60546875, 3.06640625, 4.68359375, 6.359375, 1.5498046875, 0.5068359375, 0.22900390625, 0.0006880760192871094, 0.0274658203125, 0.0078582763671875, 1.1943359375, 1.3876953125, 0.31396484375, 0.1241455078125, 0.42919921875, 0.0305633544921875, 0.00024509429931640625, 0.00754547119140625, 0.0029144287109375, 0.00046324729919433594, 4.89453125, 3.064453125, 7.8828125, 0.76123046875, 0.6640625, 0.0015859603881835938, 4.265625, 0.005840301513671875, 9.9453125, 1.853515625, 3.28515625, 0.0218048095703125, 0.0051422119140625, 0.022796630859375, 0.0004761219024658203, 0.28564453125, 0.034149169921875, 0.001617431640625, 1.4521484375, 8.7109375, 0.744140625, 0.9833984375, 0.006160736083984375, 1.6259765625, 3.939453125, 12.4453125, 0.2353515625, 3.23046875, 2.546875, 10.4140625, 0.2257080078125, 11.1875, 4.8984375, 4.33203125, 7.3125, 2.796875, 1.1103515625, 7.375, 0.384521484375, 3.626953125, 2.88671875]",-2.0329376099171577
197,1,test,3.2051600925214996,1.47476803027154,2.020438128526378,5.421073242906734,2.4943607425580367,3.4172842420754788,24.659447493595067,19.01658166412713,21.389669914419258,41.707954402747205,32.16384799981995,36.17758985525232,3.306281521092707,1.4614167806851506,2.071972689213892,5.592105782588899,2.4717789994304393,3.504447634843249,27.283483554243425,20.956239642155765,23.847480710069863,46.14613885100431,35.44450408611531,40.334627867649026,3.2051600925214996,1.47476803027154,2.020438128526378,5.421073242906734,2.4943607425580367,3.4172842420754788,24.659447493595067,19.01658166412713,21.389669914419258,41.707954402747205,32.16384799981995,36.17758985525232,0.7035175879396984,-0.016482412060301543,-0.0064824120603015345,0.5326633165829145,-0.007336683417085488,0.0076633165829145256,0.4120603015075377,-0.017939698492462353,-0.012939698492462348,0.3992673992673993,0.11407544314308482,0.17515046869492668,0.3492647058823529,0.3869346733668342,0.09620785632422768,0.16155904732342852,0.33333333333333337,0.3992673992673993,0.11407544314308482,0.17515046869492668,0.3492647058823529,25.0,6.0,4.0,37.0,11.0,10.0,42.0,6.0,6.0,-0.0004883265161314676,-0.0007678805395846883,-0.00045084008295473183,0.00020410455418851114,-0.00020435748183800229,-5.0812707827141423e-05,"[3.0625, 9.453125, 2.48046875, 1.494140625, 1.81640625, 7.23046875, 0.36181640625, 10.4296875, 8.8828125, 6.8515625, 5.5625, 9.984375, 2.2421875, 7.8125, 9.09375, 3.716796875, 0.60400390625, 9.2109375, 1.1943359375, 5.9296875, 2.51953125, 1.3271484375, 1.3994140625, 8.6484375, 11.390625, 8.90625, 1.7294921875, 8.28125, 5.046875, 3.828125, 2.93359375, 9.765625, 8.8828125, 2.12109375, 0.88525390625, 1.7919921875, 2.25390625, 3.138671875, 9.4921875, 1.408203125, 12.375, 0.267822265625, 6.88671875, 5.45703125, 0.166259765625, 8.421875, 1.8369140625, 2.70703125, 2.626953125, 9.453125, 1.6572265625, 0.38818359375, 0.038330078125, 0.251220703125, 9.921875, 0.9443359375, 6.4609375, 9.21875, 1.74609375, 8.5390625, 2.615234375, 8.1640625, 2.029296875, 0.03106689453125, 0.00743865966796875, 1.041015625, 6.484375, 1.810546875, 3.494140625, 3.693359375, 0.037139892578125, 9.5234375, 0.89013671875, 2.0234375, 2.36328125, 6.42578125, 0.046661376953125, 3.54296875, 1.9853515625, 3.3984375, 2.83203125, 0.280517578125, 3.23828125, 6.58984375, 3.205078125, 7.6796875, 3.439453125, 4.59375, 0.395751953125, 4.234375, 4.328125, 2.697265625, 4.8359375, 0.2081298828125, 0.06781005859375, 0.78564453125, 5.1953125, 0.64501953125, 1.142578125, 4.0625, 8.453125, 0.1083984375, 7.34765625, 4.53125, 4.0, 1.982421875, 3.1484375, 4.96484375, 0.9697265625, 2.181640625, 1.29296875, 1.3046875, 0.370361328125, 0.175537109375, 6.125, 1.2109375, 6.07421875, 3.4296875, 0.06781005859375, 0.0950927734375, 0.06622314453125, 0.63427734375, 0.98974609375, 0.0014743804931640625, 0.0074310302734375, 5.7109375, 1.5947265625, 1.251953125, 0.81884765625, 7.203125, 0.58984375, 2.28515625, 3.40625, 0.177978515625, 0.04156494140625, 0.578125, 0.450439453125, 1.1083984375, 1.126953125, 2.48046875, 0.00824737548828125, 2.025390625, 1.50390625, 4.01953125, 3.935546875, 0.32080078125, 0.443359375, 4.3046875, 9.140625, 2.060546875, 1.5048828125, 5.57421875, 0.340576171875, 0.7783203125, 5.87890625, 0.83544921875, 4.3359375, 0.258544921875, 6.63671875, 1.046875, 5.7421875, 12.5546875, 4.28515625, 2.7109375, 2.2421875, 1.115234375, 8.0703125, 2.58984375, 7.4453125, 0.35400390625, 0.275634765625, 2.537109375, 0.0513916015625, 0.00792694091796875, 2.337890625, 9.109375, 0.257080078125, 0.3076171875, 4.3203125, 0.059051513671875, 0.07000732421875, 0.19921875, 1.287109375, 5.24609375, 0.81787109375, 1.263671875, 3.908203125, 0.2705078125, 0.077392578125, 5.515625, 0.0013980865478515625, 0.375, 1.44140625, 1.5732421875, 1.140625, 3.724609375, 6.8359375, 2.859375, 0.50390625, 1.5498046875, 11.0859375, 2.46484375, 6.3125, 0.57421875, 5.33984375, 1.1357421875, 0.93212890625, 0.7890625, 4.9921875, 6.140625, 7.1875, 0.2388916015625, 4.74609375, 2.12109375, 2.609375, 4.296875, 4.1875, 1.3076171875, 5.37109375, 0.52880859375, 5.6875, 0.14599609375, 4.4140625, 4.41015625, 7.20703125, 3.0703125, 4.44921875, 0.3017578125, 11.9921875, 7.84765625, 5.609375, 0.333251953125, 4.63671875, 0.25, 0.611328125, 3.162109375, 8.9921875, 0.12017822265625, 6.703125, 6.84375, 3.719329833984375e-05, 5.39453125, 0.00848388671875, 3.0546875, 0.004177093505859375, 1.0576171875, 0.00507354736328125, 0.148193359375, 4.7109375, 0.00734710693359375, 3.6484375, 2.779296875, 4.8984375, 0.84716796875, 0.182861328125, 8.0390625, 0.62109375, 0.0072479248046875, 0.288330078125, 0.374755859375, 0.6796875, 0.037017822265625, 2.014636993408203e-05, 4.4296875, 1.0830078125, 5.26171875, 0.1600341796875, 0.62744140625, 0.08819580078125, 0.002552032470703125, 0.0233917236328125, 0.0239410400390625, 6.42578125]",-1.387067843269516
77,1,test,3.6425677863390824,1.6117622085535719,2.2459123457477252,5.973027821685055,2.6429434064991373,3.6828132551239587,38.18977411070036,30.569551541827373,34.148114345432624,62.62301668690114,50.127490431491125,55.99556384600512,3.3717575600398844,1.4303847140364212,2.0324858118346265,5.5289572893127135,2.3455233214038085,3.3328396376858116,29.129679253332466,22.161368428633796,25.31341596078275,47.76640952831399,36.339878337275856,41.5085584303158,3.653421664716408,1.6258384899233365,2.2547627377706356,5.990825848056476,2.666025480788267,3.6973259947314188,38.6065389400752,31.010832277931407,34.556773647673324,63.30642138023084,50.8510959396187,56.66567721795895,0.6884422110552764,0.003442211055276312,-0.006557788944723697,0.5678391959798995,-0.007160804020100442,0.012839195979899576,0.44723618090452266,-0.0027638190954772934,-0.007763819095477298,0.42105263157894735,0.09592947886958769,0.15847057468616832,0.3828382838283828,0.4170854271356784,0.09377715645898665,0.15665137037440968,0.3282828282828283,0.42140468227424754,0.09753156040446453,0.15666608383153346,0.3825503355704698,25.0,1.0,1.0,37.0,6.0,5.0,46.0,1.0,-1.0,-0.00029013149823394353,-0.0009119403112912161,0.0003071567008332201,0.016208044063668048,0.016219577225431436,0.01502181533534408,"[3.0625, 9.453125, 2.48046875, 1.494140625, 3.81640625, 3.498046875, 4.9921875, 2.541015625, 10.1796875, 2.802734375, 1.6416015625, 1.169921875, 9.046875, 3.78515625, 2.197265625, 7.19921875, 9.71875, 1.75, 2.552734375, 6.55078125, 2.689453125, 1.4365234375, 12.671875, 2.619140625, 6.734375, 0.01035308837890625, 0.398681640625, 10.578125, 0.62158203125, 4.77734375, 3.3515625, 0.42333984375, 6.1640625, 2.603515625, 4.75390625, 8.7109375, 2.267578125, 10.2890625, 0.66259765625, 4.06640625, 7.6328125, 4.4453125, 7.359375, 0.70849609375, 2.720703125, 9.453125, 2.978515625, 1.4931640625, 3.53125, 1.2685546875, 5.23046875, 4.87890625, 2.669921875, 8.5546875, 6.0, 3.625, 7.55859375, 4.94140625, 0.00943756103515625, 5.56640625, 0.66259765625, 7.29296875, 6.70703125, 1.2265625, 4.5859375, 2.544921875, 7.41796875, 7.6953125, 0.85693359375, 2.88671875, 1.33984375, 3.359375, 4.7890625, 2.87890625, 9.984375, 9.546875, 3.95703125, 3.60546875, 9.7421875, 10.0546875, 4.5546875, 0.7578125, 4.98046875, 1.814453125, 2.109375, 11.046875, 5.296875, 0.0897216796875, 4.546875, 8.171875, 1.533203125, 2.416015625, 0.943359375, 1.2802734375, 7.03125, 5.04296875, 3.9375, 4.06640625, 2.59375, 8.296875, 7.48828125, 2.900390625, 1.4912109375, 7.8359375, 0.72509765625, 0.00893402099609375, 5.41796875, 6.5, 0.7607421875, 0.595703125, 0.56494140625, 3.783203125, 3.5703125, 4.01953125, 0.84423828125, 5.39453125, 1.890625, 0.1373291015625, 9.3125, 1.9921875, 0.68359375, 0.533203125, 0.057342529296875, 0.05145263671875, 3.658203125, 0.90771484375, 8.6484375, 1.9990234375, 3.615234375, 0.00439453125, 0.05279541015625, 0.0006542205810546875, 0.00257110595703125, 0.0038089752197265625, 9.09375, 8.3828125, 5.0390625, 0.70947265625, 0.1304931640625, 2.35546875, 5.54296875, 0.2305908203125, 1.1220703125, 8.1171875, 3.69140625, 3.259765625, 1.66015625, 0.0023670196533203125, 0.272705078125, 6.8671875, 3.236328125, 4.2578125, 2.126953125, 6.1171875, 0.013946533203125, 1.6123046875, 0.0007853507995605469, 0.0209808349609375, 0.007598876953125, 0.026519775390625, 3.6640625, 1.673828125, 0.0011091232299804688, 0.051605224609375, 0.0009965896606445312, 0.2005615234375, 0.0005960464477539062, 0.556640625, 4.5078125, 0.39404296875, 0.330322265625, 1.404296875, 4.4375, 0.480224609375, 0.18994140625, 3.19921875, 2.900390625, 0.046051025390625, 0.469970703125, 0.003971099853515625, 2.130859375, 1.3056640625, 0.060638427734375, 0.76708984375, 0.0030231475830078125, 0.00106048583984375, 0.02239990234375, 0.0006990432739257812, 0.471435546875, 0.350341796875, 0.0011615753173828125, 0.0007090568542480469, 0.0009260177612304688, 5.1171875, 9.8359375, 7.23046875, 0.177001953125, 12.5546875, 1.6376953125, 8.59375, 5.50390625, 0.5830078125, 4.3125, 0.50146484375, 9.7734375, 5.54296875, 2.38671875, 1.2763671875, 0.2119140625, 1.54296875, 0.475830078125, 0.182373046875, 0.08367919921875, 0.529296875, 2.90234375, 2.244140625, 6.671875, 0.05047607421875, 5.0, 5.3203125, 1.302734375, 8.4375, 0.01169586181640625, 12.3984375, 1.94140625, 9.9140625, 0.36181640625, 5.1875, 2.7421875, 6.60546875, 7.921875, 0.82275390625, 4.75390625, 6.84375, 1.7548828125, 11.84375, 4.92578125, 1.34765625, 3.130859375, 2.533203125, 14.296875, 1.5537109375, 3.2109375, 9.2421875, 3.15234375, 3.5390625, 5.47265625, 4.5703125, 1.765625, 1.494140625, 8.5859375, 1.8642578125, 2.9296875, 0.0004343986511230469, 2.3828125, 3.494140625, 1.72265625, 4.48046875, 5.94921875, 6.42578125, 4.671875, 5.359375, 0.64892578125, 7.6796875, 3.41796875, 8.5703125, 0.09033203125, 2.130859375, 0.0204620361328125, 1.6484375, 10.703125, 1.8212890625, 4.6796875, 5.953125, 3.140625, 4.59375, 2.861328125, 2.396484375, 5.01171875, 0.0141143798828125, 1.1064453125, 8.3046875, 6.3828125, 10.40625, 4.5234375, 1.4892578125, 8.1328125, 5.4609375, 3.728515625, 2.08203125, 5.91015625, 3.84765625, 4.5, 11.078125, 8.4140625, 4.21875, 5.80859375, 3.39453125, 5.996227264404297e-05, 5.22265625, 1.1962890625, 7.41796875, 0.73193359375, 0.398681640625]",-1.6266911896435836
333,1,test,2.961972761789017,1.246126910151429,1.7271251857762555,4.970835476467707,2.091272388818487,2.898492267218568,19.33607963331116,13.774702009504082,15.89822516402978,32.4501534440222,23.116950402088534,26.68068480498067,3.21619235450898,1.34606535838498,1.9123894403751278,5.397471327616556,2.2589908737252884,3.209406041025586,24.933003173222637,18.443882733117967,21.249725918808362,41.843010275853835,30.952852705579165,35.661668744930864,2.8932567169036356,1.2245727461927667,1.6914652726386286,4.855514985298676,2.0550998067294453,2.8386471654677976,18.052004241117174,12.7468228142036,14.725934183197399,30.295195236330308,21.391945217896144,24.71332518863326,0.7185929648241206,0.003592964824120526,0.003592964824120526,0.592964824120603,-0.007035175879396949,0.012964824120602958,0.457286432160804,-0.0027135678391959628,0.007286432160804046,0.42307692307692313,0.10697647994546078,0.16520290732889165,0.3620178041543026,0.42713567839195976,0.09630861072278685,0.15668492713987292,0.35858585858585856,0.41137123745819393,0.09417591191562302,0.16220549774740411,0.33221476510067116,27.0,16.0,16.0,39.0,16.0,17.0,47.0,17.0,16.0,-0.001573832241376814,-3.6472692970209575e-05,-0.0004902999439945259,0.020497745810397205,0.01856347427857674,0.02111559956394693,"[3.056640625, 9.4453125, 2.4296875, 1.0791015625, 0.80224609375, 1.9931640625, 3.1484375, 6.0078125, 10.0546875, 3.892578125, 3.03515625, 9.3046875, 2.107421875, 7.3359375, 2.623046875, 5.41796875, 0.1304931640625, 3.83203125, 3.68359375, 2.6328125, 6.44140625, 3.541015625, 5.45703125, 3.310546875, 2.73046875, 2.07421875, 2.5078125, 5.21484375, 4.01953125, 9.328125, 3.99609375, 2.673828125, 0.5185546875, 6.7890625, 6.17578125, 0.58056640625, 2.251953125, 2.302734375, 3.736328125, 0.81884765625, 10.453125, 1.5, 2.4765625, 1.763671875, 1.4736328125, 2.14453125, 4.6328125, 0.0357666015625, 2.572265625, 3.13671875, 1.7265625, 4.6328125, 5.76953125, 0.81884765625, 0.10711669921875, 2.177734375, 1.267578125, 0.4072265625, 2.732421875, 2.232421875, 4.01953125, 4.328125, 0.58984375, 1.5048828125, 3.291015625, 3.43359375, 0.73193359375, 0.7158203125, 6.91015625, 4.16015625, 2.0859375, 1.36328125, 0.0025157928466796875, 6.82421875, 5.109375, 1.236328125, 6.84765625, 7.75390625, 0.272705078125, 3.41015625, 1.8955078125, 8.2890625, 4.03515625, 6.58203125, 0.1771240234375, 6.953125, 7.91796875, 2.50390625, 5.8359375, 0.2269287109375, 0.005428314208984375, 0.007076263427734375, 1.431640625, 4.1796875, 7.75390625, 2.80078125, 3.3125, 3.525390625, 0.2000732421875, 4.29296875, 3.255859375, 2.54296875, 2.6328125, 1.53515625, 1.375, 8.796875, 3.087890625, 6.62890625, 0.85400390625, 0.473876953125, 4.62109375, 2.767578125, 4.91015625, 1.484375, 0.921875, 0.451171875, 3.763671875, 5.765625, 1.1318359375, 7.77734375, 5.5625, 3.43359375, 1.2646484375, 4.875, 0.796875, 3.900390625, 10.4921875, 1.4072265625, 0.263671875, 6.9765625, 2.8203125, 10.5234375, 3.029296875, 1.6591796875, 7.73046875, 3.271484375, 1.646484375, 5.35546875, 2.416015625, 7.2734375, 10.4140625, 3.498046875, 0.0005211830139160156, 1.7685546875, 3.482421875, 0.3720703125, 0.376953125, 0.556640625, 1.4404296875, 0.01470947265625, 0.32421875, 0.0006456375122070312, 0.004974365234375, 0.0022373199462890625, 8.4765625, 0.62841796875, 7.89453125, 4.0390625, 2.78515625, 1.4345703125, 1.892578125, 0.3125, 3.447265625, 5.80859375, 1.970703125, 4.1640625, 0.88330078125, 8.75, 4.4765625, 1.8359375, 0.003063201904296875, 0.52685546875, 7.53125, 7.69921875, 6.078125, 4.91015625, 8.234375, 0.04779052734375, 0.331298828125, 0.5693359375, 2.83203125, 0.002124786376953125, 0.01346588134765625, 0.0027141571044921875, 0.0197296142578125, 9.03125, 2.505859375, 6.2734375, 2.900390625, 0.0007624626159667969, 0.009185791015625, 0.0008988380432128906, 0.60546875, 0.0006771087646484375, 2.4609375, 0.0006389617919921875, 0.035125732421875, 5.98046875, 0.77880859375, 0.233154296875, 4.57421875, 0.4970703125, 0.70556640625, 8.7109375, 0.1395263671875, 0.7041015625, 2.7421875, 4.80078125, 3.498046875, 2.029296875, 6.5078125, 0.0036487579345703125, 0.0018987655639648438, 5.83984375, 0.62109375, 0.5361328125, 4.234375, 4.43359375, 1.3486328125, 0.05816650390625, 3.02734375, 3.583984375, 0.03009033203125, 5.546875, 2.619140625, 0.092529296875, 0.00177001953125, 0.0088043212890625, 0.0005474090576171875, 0.646484375, 1.3779296875, 0.3232421875, 0.11846923828125, 0.31640625, 0.01424407958984375, 0.00013267993927001953, 0.004741668701171875, 0.0012111663818359375, 0.0004458427429199219, 6.9765625, 0.33251953125, 1.7255859375, 1.9296875, 4.78515625, 0.007564544677734375, 0.85205078125, 0.1602783203125, 0.19873046875, 7.59375, 0.4609375, 1.1669921875, 7.28515625, 0.12103271484375, 0.00048542022705078125, 0.68896484375, 2.15625, 0.00865936279296875, 0.294189453125, 0.003376007080078125, 0.249267578125, 1.1083984375, 0.1966552734375, 0.0246429443359375, 0.857421875, 3.80859375, 2.84375, 0.37451171875, 0.92529296875, 7.28515625, 4.48828125, 2.619140625, 0.46240234375, 4.046875, 2.39453125, 1.9111328125, 4.9609375, 2.783203125, 4.69140625, 7.8515625, 6.28515625, 4.03515625, 3.80859375, 5.77734375, 3.541015625, 2.064453125, 12.3125, 0.423095703125, 2.97265625, 0.9990234375, 0.0012826919555664062, 2.869140625, 8.3671875, 1.8955078125, 0.7021484375, 2.771484375, 0.0006246566772460938, 4.84375, 0.0237274169921875, 0.0716552734375, 0.04669189453125, 0.216796875, 1.837890625, 0.003566741943359375, 6.41015625, 4.578125, 1.2841796875, 8.125, 0.1807861328125, 0.75830078125, 3.0625, 4.53125, 0.006732940673828125, 4.8359375, 2.6875, 0.143798828125, 3.591796875, 2.970703125, 4.859375, 7.6875, 1.2373046875, 0.96240234375, 0.9072265625, 3.875, 4.49609375, 2.53125, 5.90625, 2.97265625, 9.140625, 6.05078125, 5.45703125, 10.046875, 1.3974609375, 3.90234375, 3.591796875, 4.4921875, 0.218017578125, 0.032745361328125, 6.80078125]",-1.4836759084075162
201,1,test,3.8076687426429086,1.7896628744292,2.432690524156306,6.456481781003193,3.0346457435973395,4.1249969757433025,45.04530416916897,37.52199667052392,41.09031359286682,76.38116793902564,63.62425522393186,69.6748795705133,3.932598042128673,1.7896386595289164,2.4857463139711458,6.668318419261663,3.0346046835490323,4.214961141081508,51.03940809725488,42.514780124994815,46.789693920453175,86.54508329534522,72.0902793423825,79.33904621294234,3.82029998581545,1.8028483468470093,2.4446125344846648,6.4778999759479365,3.0570037185666674,4.145212558473997,45.61789098867034,38.09875197180822,41.66009440821551,77.35207602426709,64.60223160437046,70.64102964871324,0.7939698492462312,0.003969849246231116,0.003969849246231116,0.6532663316582914,0.003266331658291377,-0.006733668341708521,0.5226130653266332,0.0026130653266331905,-0.002386934673366814,0.4340836012861736,0.11947685971313993,0.18916381518991698,0.39677419354838706,0.4170854271356784,0.09628342212314711,0.16332916670162168,0.38383838383838387,0.4347826086956522,0.11925673223488431,0.18895391014170337,0.3959731543624161,25.0,4.0,4.0,32.0,1.0,2.0,43.0,4.0,4.0,-0.001155538576523512,-0.00014442191165290837,-0.00011993628638011112,-0.00045964795473452114,-5.716352994689089e-05,8.236045698506445e-05,"[3.0625, 9.453125, 2.48046875, 1.494140625, 0.81689453125, 2.970703125, 1.1455078125, 1.83984375, 6.68359375, 0.33447265625, 10.7734375, 3.095703125, 3.53125, 1.7314453125, 5.1015625, 11.6171875, 11.5078125, 8.5546875, 6.796875, 2.697265625, 6.51953125, 5.42578125, 4.29296875, 3.462890625, 0.99169921875, 5.62109375, 1.4140625, 10.2109375, 1.09765625, 1.890625, 5.875, 9.4375, 11.7578125, 8.2109375, 6.0546875, 1.5595703125, 6.05078125, 3.841796875, 8.515625, 1.8720703125, 5.6171875, 0.324951171875, 0.7626953125, 3.123046875, 8.515625, 2.623046875, 1.345703125, 0.28857421875, 3.515625, 5.0625, 2.541015625, 0.2098388671875, 7.69140625, 0.97802734375, 0.82763671875, 4.80078125, 0.57080078125, 1.134765625, 3.392578125, 2.63671875, 1.7509765625, 2.98828125, 3.380859375, 2.130859375, 9.2265625, 3.22265625, 7.61328125, 5.93359375, 3.560546875, 4.22265625, 1.755859375, 4.3515625, 5.640625, 4.4140625, 0.80615234375, 7.1015625, 0.0200653076171875, 4.1953125, 1.55078125, 5.37890625, 4.08984375, 0.052703857421875, 2.048828125, 14.6484375, 3.396484375, 3.96484375, 2.53515625, 2.681640625, 5.37109375, 1.0986328125, 8.75, 9.1171875, 1.8818359375, 7.53515625, 4.59375, 2.888671875, 6.8125, 2.703125, 1.5849609375, 4.57421875, 0.0261688232421875, 9.0234375, 6.1015625, 2.236328125, 8.2421875, 6.0859375, 4.015625, 2.03125, 5.77734375, 4.88671875, 4.35546875, 1.9482421875, 4.51953125, 3.125, 1.6962890625, 11.2734375, 3.912109375, 6.32421875, 7.64453125, 0.89111328125, 3.212890625, 8.1328125, 4.8828125, 0.97412109375, 8.375, 2.044921875, 13.84375, 5.5546875, 0.54638671875, 1.34375, 10.9140625, 0.25, 1.1767578125, 4.17578125, 7.640625, 0.290283203125, 0.256103515625, 0.90869140625, 9.2890625, 2.25, 1.7421875, 3.904296875, 3.109375, 3.228515625, 9.9765625, 0.003185272216796875, 2.69140625, 3.69140625, 0.2432861328125, 3.5703125, 6.1484375, 1.7763671875, 0.006343841552734375, 8.5859375, 0.0263824462890625, 4.37890625, 3.73828125, 0.4130859375, 0.00836944580078125, 1.4052734375, 4.734375, 12.921875, 0.0740966796875, 0.14013671875, 0.05267333984375, 0.2008056640625, 0.1400146484375, 0.145263671875, 2.162109375, 2.74609375, 8.625, 7.86328125, 6.20703125, 1.296875, 2.6796875, 5.46875, 1.3515625, 0.01451873779296875, 2.43359375, 0.4658203125, 0.66796875, 0.369384765625, 2.7734375, 11.0546875, 3.4140625, 2.970703125, 5.66015625, 0.8076171875, 3.84375, 8.890625, 0.50048828125, 6.484375, 0.0271759033203125, 2.900390625, 1.8037109375, 3.083984375, 0.91015625, 4.80078125, 0.023895263671875, 4.2421875, 3.931640625, 8.4296875, 0.11083984375, 7.43359375, 0.44677734375, 0.5185546875, 0.1580810546875, 1.2431640625, 6.8203125, 0.034515380859375, 10.734375, 0.5888671875, 6.50390625, 1.05078125, 0.387939453125, 0.8076171875, 1.748046875, 7.109375, 0.0872802734375, 0.01226043701171875, 0.1964111328125, 0.0218048095703125, 0.0004439353942871094, 0.0005435943603515625, 0.00846099853515625, 2.62109375, 5.93359375, 1.0576171875, 8.0234375, 0.49365234375, 0.02142333984375, 0.3212890625, 1.76953125, 4.60546875, 0.544921875, 10.703125, 0.020355224609375, 0.295654296875, 8.203125, 5.19140625, 5.12109375, 2.890625, 5.671875, 2.0625, 0.40673828125, 6.703125, 7.04296875, 7.26171875, 2.16796875, 4.578125, 8.0, 4.23828125, 1.376953125, 5.81640625, 0.474853515625, 10.421875, 6.61328125, 1.2255859375, 5.640625, 6.84765625, 0.9296875, 0.367919921875, 0.100341796875, 6.11328125, 0.67724609375, 8.234375, 5.4453125, 1.9287109375, 0.154296875, 6.07421875, 5.30859375, 0.004138946533203125, 0.348388671875, 0.0017538070678710938, 0.0026149749755859375, 0.0047149658203125, 10.4921875, 3.435546875, 8.4296875, 0.82470703125, 0.06805419921875, 8.1328125, 2.1796875, 7.6796875, 5.1796875, 8.96875, 0.72314453125, 0.31982421875, 0.433349609375, 8.3359375, 3.427734375, 7.73046875, 7.40625, 2.068359375, 0.466552734375, 5.44140625, 6.2421875, 5.140625, 11.5859375, 0.2158203125, 0.472900390625, 7.6796875, 0.8984375, 0.12890625, 6.54296875, 6.5859375, 2.373046875, 0.67626953125, 0.59912109375, 8.96875, 6.7734375]",-0.9620627789635368
93,1,test,3.1228782363999437,1.3486840700465934,1.8741816047935425,5.508679621972571,2.3790451918834314,3.3060097873376773,22.711655171528996,16.816126765062315,19.225858453404815,40.06279545785239,29.663229821600602,33.913936650726505,3.2833742352586297,1.3652603379398016,1.9319356016710265,5.791790576481061,2.4082853166143083,3.407886402947649,26.665597068194213,19.85749150220264,22.80261812185978,47.037450728988546,35.02812165605931,40.223251842286814,3.1228782363999437,1.3486840700465934,1.8741816047935425,5.508679621972571,2.3790451918834314,3.3060097873376773,22.711655171528996,16.816126765062315,19.225858453404815,40.06279545785239,29.663229821600602,33.913936650726505,0.7336683417085428,-0.0063316582914572095,0.0036683417085427994,0.6030150753768844,0.0030150753768843908,0.0030150753768843908,0.4773869346733668,-0.0026130653266331905,-0.0026130653266331905,0.41696113074204944,0.09068247113005645,0.15374138926143843,0.3971631205673759,0.4321608040201005,0.09632120502260677,0.15837115460440765,0.4191919191919192,0.41696113074204944,0.09068247113005645,0.15374138926143843,0.3971631205673759,21.0,3.0,3.0,29.0,3.0,2.0,42.0,5.0,5.0,-0.00024853280095399826,-0.0001361056461291225,-0.00028105974660730827,0.007840935935274906,0.008328119892341057,0.009031637341340826,"[3.0625, 9.453125, 2.48046875, 1.494140625, 3.81640625, 8.921875, 1.53125, 0.045257568359375, 6.828125, 4.59765625, 2.587890625, 2.873046875, 1.0849609375, 1.2724609375, 7.91796875, 6.40234375, 0.0360107421875, 0.6279296875, 1.115234375, 3.0859375, 0.865234375, 5.171875, 8.125, 1.6015625, 6.55859375, 4.1484375, 1.9345703125, 2.955078125, 3.955078125, 1.970703125, 6.48046875, 3.05078125, 4.5546875, 8.0, 9.515625, 1.5732421875, 8.6171875, 2.978515625, 3.544921875, 2.529296875, 0.0011272430419921875, 0.0005412101745605469, 1.3330078125, 4.2265625, 7.56640625, 2.40625, 4.17578125, 0.01502227783203125, 3.568359375, 0.6171875, 3.197265625, 0.059112548828125, 0.5830078125, 3.10546875, 3.966796875, 0.057708740234375, 4.82421875, 8.3671875, 3.181640625, 3.595703125, 1.986328125, 11.1484375, 7.703125, 4.26171875, 1.4521484375, 0.63134765625, 3.740234375, 0.416015625, 5.359375, 4.70703125, 1.23046875, 4.32421875, 2.845703125, 0.0049896240234375, 2.896484375, 7.140625, 0.01300811767578125, 0.505859375, 2.25390625, 4.29296875, 4.28125, 0.0164337158203125, 2.095703125, 0.994140625, 0.939453125, 2.935546875, 1.6064453125, 4.37890625, 0.1943359375, 1.0439453125, 2.416015625, 0.1956787109375, 1.015625, 3.03515625, 7.63671875, 2.005859375, 0.31982421875, 6.11328125, 0.58935546875, 9.8046875, 8.0859375, 4.66015625, 0.279541015625, 1.41015625, 8.1015625, 3.2109375, 5.82421875, 1.5625, 0.8837890625, 1.6513671875, 0.483154296875, 4.9140625, 4.65625, 5.62109375, 5.49609375, 5.0, 0.11529541015625, 2.4765625, 1.595703125, 1.875, 0.01502227783203125, 0.385009765625, 0.050018310546875, 0.044647216796875, 0.52099609375, 0.0960693359375, 0.06268310546875, 0.0033016204833984375, 0.041900634765625, 0.066162109375, 0.0006833076477050781, 3.08984375, 2.197265625, 3.638671875, 0.703125, 5.83984375, 0.017578125, 7.171875, 0.20849609375, 8.2421875, 0.007541656494140625, 2.60546875, 3.96484375, 2.94921875, 4.6171875, 3.025390625, 5.7421875, 3.84375, 0.01751708984375, 3.244140625, 1.11328125, 9.7734375, 4.109375, 5.30078125, 2.150390625, 7.59375, 5.37109375, 10.125, 3.31640625, 4.8125, 3.9609375, 1.9072265625, 4.21484375, 4.58203125, 2.9609375, 5.015625, 0.033050537109375, 0.3935546875, 4.20703125, 6.1015625, 0.38623046875, 8.5625, 0.39892578125, 6.0546875, 0.0013284683227539062, 4.5546875, 2.544921875, 6.328125, 3.966796875, 13.703125, 0.0188140869140625, 2.859375, 2.857421875, 5.23828125, 1.4052734375, 1.75, 7.13671875, 5.4375, 4.26953125, 2.98046875, 5.171875, 0.163818359375, 0.439697265625, 7.40234375, 1.826171875, 6.84765625, 2.009765625, 0.2099609375, 4.09375, 6.85546875, 10.9140625, 0.330810546875, 2.8125, 2.791015625, 0.7412109375, 7.08203125, 4.34765625, 1.7392578125, 9.96875, 0.237060546875, 0.8359375, 0.62451171875, 2.3203125, 3.75390625, 1.7783203125, 0.02862548828125, 5.125, 0.001361846923828125, 2.095703125, 1.1826171875, 3.00390625, 1.373046875, 3.67578125, 1.67578125, 5.55859375, 1.9296875, 0.54345703125, 7.24609375, 0.05126953125, 0.2919921875, 0.0026092529296875, 0.0650634765625, 3.791015625, 3.875, 1.494140625, 0.90625, 3.6796875, 0.56103515625, 1.556640625, 3.212890625, 6.65234375, 5.29296875, 0.5341796875, 3.16796875, 2.82421875, 3.646484375, 1.798828125, 0.0210723876953125, 2.591796875, 0.096435546875, 5.19140625, 7.984375, 2.662109375, 0.098388671875, 0.435791015625, 4.3984375, 5.2265625, 2.904296875, 5.6328125, 0.6904296875, 1.98828125, 2.728515625, 4.16015625, 4.9609375, 0.54736328125, 6.21484375, 0.11224365234375, 0.061279296875, 0.01318359375, 1.4755859375, 0.615234375, 0.377685546875, 1.86328125, 0.07696533203125, 1.9189453125, 2.380859375, 2.037109375, 9.96875, 6.5234375, 0.004558563232421875, 6.09765625, 0.55078125, 0.461181640625]",-0.9934290222060134
234,1,test,3.589836859952282,1.5877046324278146,2.2034285194771837,6.265897064643983,2.7712662675103674,3.8459843249056305,36.22816517975366,28.823337123303528,32.227709236349256,63.234615586479116,50.309824797038885,56.25200157617325,3.538355423577467,1.5187129453349133,2.119415037864065,6.176038557517034,2.650844413675485,3.6993426115445494,34.41028229281749,26.874651992610307,30.277543282767,60.061583638372355,46.90848347801072,52.8480755481024,3.589836859952282,1.5877046324278146,2.2034285194771837,6.265897064643983,2.7712662675103674,3.8459843249056305,36.22816517975366,28.823337123303528,32.227709236349256,63.234615586479116,50.309824797038885,56.25200157617325,0.6733668341708543,-0.011633165829145753,-0.021633165829145762,0.5678391959798995,-0.0021608040201005485,0.00783919597989946,0.457286432160804,-0.0027135678391959628,-0.007713567839195967,0.4006968641114983,0.08939251628541134,0.15735966828299308,0.39860139860139865,0.39698492462311563,0.09122051359554673,0.15324535867987688,0.4040404040404041,0.4006968641114983,0.08939251628541134,0.15735966828299308,0.39860139860139865,22.0,11.0,11.0,31.0,12.0,11.0,40.0,13.0,11.0,0.0006220477517560943,0.00022492316584331334,-0.00017915008495758008,0.00030112346023614123,-0.00015012813114179124,-1.7489102663859057e-06,"[3.0625, 9.453125, 2.48046875, 1.494140625, 0.81689453125, 7.97265625, 0.51513671875, 8.15625, 1.193359375, 8.7265625, 4.9375, 6.5859375, 1.4482421875, 0.95654296875, 9.609375, 7.21875, 3.69921875, 4.42578125, 3.515625, 3.646484375, 0.1800537109375, 3.591796875, 0.298828125, 5.7265625, 0.1258544921875, 3.732421875, 7.08984375, 4.33203125, 2.037109375, 4.09765625, 0.88427734375, 5.5390625, 0.175537109375, 5.5859375, 1.22265625, 0.2208251953125, 6.21875, 0.364013671875, 4.26953125, 11.1640625, 2.21875, 0.49755859375, 1.701171875, 5.30078125, 10.6015625, 10.375, 6.78515625, 5.3984375, 0.9013671875, 6.265625, 1.607421875, 0.05474853515625, 5.875, 10.453125, 0.822265625, 0.478515625, 5.4921875, 9.453125, 5.28125, 0.006137847900390625, 0.1810302734375, 0.0005192756652832031, 0.004009246826171875, 0.0060577392578125, 0.51318359375, 6.69921875, 0.7666015625, 2.09765625, 3.49609375, 4.41796875, 9.1484375, 0.5830078125, 1.939453125, 0.0021076202392578125, 0.3681640625, 0.28466796875, 3.037109375, 2.546875, 1.5732421875, 2.89453125, 3.37890625, 6.03125, 1.5166015625, 0.2308349609375, 0.00145721435546875, 0.2171630859375, 0.047454833984375, 3.47265625, 3.419921875, 0.53955078125, 2.755859375, 2.666015625, 5.984375, 1.84375, 0.0014324188232421875, 0.830078125, 0.000705718994140625, 0.64111328125, 7.453125, 0.39453125, 2.208984375, 1.2548828125, 7.86328125, 0.0712890625, 0.0219879150390625, 3.36328125, 1.3232421875, 7.25390625, 0.194580078125, 0.4140625, 3.056640625, 0.92578125, 0.0044097900390625, 0.0009121894836425781, 0.00180816650390625, 0.0005087852478027344, 8.734375, 0.7802734375, 3.3671875, 2.576171875, 0.401123046875, 0.09722900390625, 7.49609375, 0.034942626953125, 0.7490234375, 3.009765625, 9.609375, 0.1048583984375, 6.69921875, 1.86328125, 3.72265625, 9.9609375, 4.86328125, 9.0390625, 1.0224609375, 1.9443359375, 5.91015625, 0.533203125, 2.72265625, 2.73046875, 0.63330078125, 9.53125, 0.5107421875, 4.59765625, 1.4189453125, 6.81640625, 5.171875, 3.26953125, 5.11328125, 0.0927734375, 2.12890625, 3.1953125, 1.3173828125, 5.8984375, 2.90234375, 2.623046875, 1.576171875, 0.04376220703125, 8.25, 0.576171875, 0.7060546875, 0.08056640625, 5.9375, 1.1162109375, 2.59765625, 0.08587646484375, 14.078125, 1.3173828125, 7.86328125, 4.234375, 0.316162109375, 5.5078125, 1.6201171875, 0.02496337890625, 5.59765625, 12.5234375, 2.533203125, 6.35546875, 8.5625, 4.82421875, 8.5, 4.00390625, 6.01953125, 1.294921875, 4.8671875, 4.53515625, 1.3779296875, 0.90673828125, 9.3515625, 2.259765625, 8.734375, 11.25, 4.79296875, 6.80078125, 2.220703125, 12.6796875, 0.136962890625, 6.0546875, 8.0390625, 0.0738525390625, 2.751953125, 8.2421875, 0.3125, 10.4921875, 14.203125, 0.257568359375, 1.2685546875, 3.291015625, 0.6123046875, 2.19140625, 0.63330078125, 5.9921875, 2.62109375, 9.515625, 7.30859375, 1.7001953125, 7.00390625, 7.32421875, 5.984375, 2.943359375, 0.34765625, 2.04296875, 1.1435546875, 0.6083984375, 4.2265625, 0.04254150390625, 3.341796875, 0.482666015625, 1.9814453125, 6.71875, 4.40625, 13.7421875, 2.4609375, 8.09375, 4.0390625, 3.26171875, 12.4453125, 0.7939453125, 8.03125, 3.25, 4.4296875, 0.145751953125, 4.38671875, 1.0673828125, 5.70703125, 0.1312255859375, 7.1328125, 7.2890625, 2.65234375, 2.525390625, 0.76953125, 8.2109375, 8.3125, 4.1953125, 1.1689453125, 3.134765625, 0.66259765625, 5.4453125, 3.490234375, 3.376953125, 3.296875, 1.8994140625, 1.3798828125, 0.43408203125, 2.931640625, 0.0073394775390625, 7.55078125, 1.2353515625, 3.962890625, 6.40234375, 7.46875, 1.521484375, 0.09881591796875, 4.140625, 0.07452392578125, 0.51123046875, 6.3125, 1.2392578125, 4.171875, 0.60107421875, 3.498046875, 3.478515625, 4.3828125, 3.537109375, 0.022125244140625, 1.6328125, 8.4375]",-1.0533921477686654
44,1,test,2.87033849734932,1.2451404545909164,1.5449928768509236,5.069688774539059,2.1992091146021386,2.728818587684749,17.64298929429068,12.563564413399401,13.879503426184266,31.161643428877046,22.190191691198947,24.514447609883902,2.6761790448097726,1.1155214892129024,1.5898979458246578,4.726757793430248,1.970271721207204,2.808131436781214,14.529470641459811,9.767519177744127,11.566237057796693,25.6624416524485,17.25172218406755,20.42867843974481,2.642742945597722,1.1359311687758022,1.581880906297947,4.667701825990782,2.006319986409209,2.793971470863906,14.05169382703566,9.53937227860936,11.162833599784886,24.81857611008896,16.848761427154194,19.71617363078889,0.6633165829145728,-0.0016834170854271857,-0.021683417085427203,0.48743718592964824,-0.007562814070351753,-0.002562814070351749,0.3517587939698492,-0.008241206030150772,-0.0032412060301507672,0.38329238329238324,0.09617581887520532,0.12913793558954845,0.3645320197044335,0.3919597989949749,0.08870165363156635,0.14154243672452416,0.3232323232323232,0.38795986622073575,0.09914517506881593,0.14880524998046873,0.3389261744966443,21.0,8.0,8.0,32.0,9.0,9.0,41.0,11.0,13.0,-0.00041948829573487987,6.091672936762942e-05,-1.9227303507126696e-05,0.003139588125001147,0.003132861214075966,0.0033863900420953996,"[3.056640625, 9.4453125, 2.48046875, 1.80859375, 1.8740234375, 6.21484375, 10.7734375, 1.07421875, 11.2578125, 0.1552734375, 4.06640625, 5.53515625, 2.7734375, 4.0, 5.5859375, 4.62890625, 4.16015625, 0.40771484375, 0.5302734375, 3.7734375, 2.259765625, 3.404296875, 1.923828125, 0.08416748046875, 0.2783203125, 0.8203125, 2.8359375, 5.05078125, 3.28515625, 1.943359375, 2.40234375, 0.431396484375, 4.66796875, 0.04217529296875, 1.2978515625, 1.791015625, 0.85107421875, 4.296875, 10.328125, 2.193359375, 4.5078125, 6.3046875, 5.5546875, 1.802734375, 0.0181884765625, 0.1734619140625, 0.377685546875, 4.640625, 1.904296875, 0.39990234375, 0.259521484375, 1.32421875, 0.88671875, 4.83984375, 2.298828125, 0.430908203125, 1.001953125, 0.0016393661499023438, 5.8671875, 3.21484375, 0.88818359375, 1.333984375, 6.5546875, 1.8515625, 6.1875, 0.6630859375, 1.4521484375, 4.17578125, 3.82421875, 1.837890625, 0.70263671875, 0.326904296875, 2.740234375, 5.1015625, 0.71142578125, 2.38671875, 2.826171875, 2.123046875, 4.18359375, 1.1943359375, 0.1053466796875, 3.955078125, 7.30859375, 0.221435546875, 2.265625, 1.3173828125, 3.650390625, 1.80078125, 7.06640625, 5.9609375, 3.11328125, 0.5, 4.1796875, 2.65625, 5.0234375, 11.1640625, 0.23095703125, 3.935546875, 1.84765625, 4.45703125, 1.861328125, 1.12109375, 0.08099365234375, 2.205078125, 3.744140625, 2.75390625, 1.81640625, 9.703125, 0.350341796875, 0.81982421875, 2.12890625, 1.822265625, 5.4453125, 1.1787109375, 4.1328125, 11.703125, 3.8828125, 0.40869140625, 3.54296875, 8.125, 7.85546875, 3.201171875, 2.69140625, 7.25, 0.99658203125, 0.4140625, 7.67578125, 8.2109375, 6.453125, 5.33984375, 0.25439453125, 5.00390625, 2.251953125, 2.8671875, 1.625, 0.6435546875, 1.3427734375, 2.919921875, 0.55322265625, 5.48046875, 1.4931640625, 0.00213623046875, 0.039154052734375, 1.029296875, 0.77734375, 6.625, 0.9169921875, 0.05987548828125, 0.00859832763671875, 2.14453125, 0.7783203125, 0.004825592041015625, 0.037841796875, 0.0006074905395507812, 0.11700439453125, 3.099609375, 0.0238037109375, 3.302734375, 3.23046875, 1.2646484375, 0.58349609375, 2.27734375, 2.078125, 1.2001953125, 1.9521484375, 6.2421875, 1.302734375, 6.640625, 6.16015625, 0.58544921875, 2.646484375, 0.0418701171875, 0.28369140625, 0.0919189453125, 0.11273193359375, 0.01238250732421875, 0.9638671875, 2.013671875, 0.26171875, 0.1593017578125, 0.2177734375, 3.341796875, 0.74951171875, 1.3720703125, 6.57421875, 3.5859375, 0.06195068359375, 0.144775390625, 0.071044921875, 0.153076171875, 0.0235748291015625, 0.658203125, 2.869140625, 2.384765625, 0.004425048828125, 0.93994140625, 5.92578125, 1.26953125, 6.9453125, 8.5859375, 2.662109375, 8.6875, 9.6796875, 4.24609375, 1.26171875, 2.30859375, 0.2076416015625, 0.11773681640625, 0.2275390625, 3.28125, 0.70849609375, 0.64892578125, 4.234375, 7.43359375, 4.16796875, 0.03302001953125, 0.06353759765625, 0.8515625, 4.578125, 9.515625, 5.66015625, 0.66162109375, 2.68359375, 1.80859375, 2.458984375, 4.23828125, 1.49609375, 9.6875, 3.76171875, 4.5859375, 4.46875, 5.203125, 0.002788543701171875, 0.323974609375, 0.0005030632019042969, 0.0018215179443359375, 0.00276947021484375, 1.1640625, 0.0021800994873046875, 0.0168609619140625, 3.87890625, 0.80615234375, 11.765625, 11.7578125, 4.41796875, 10.4921875, 1.5693359375, 0.337646484375, 0.505859375, 1.83984375, 0.0111083984375, 1.138671875, 3.279296875, 0.02032470703125, 5.3515625, 0.044158935546875, 0.01043701171875, 1.251953125, 6.19921875, 0.53857421875, 0.2314453125, 0.018707275390625, 0.9619140625, 6.47265625, 1.595703125, 3.974609375, 2.265625, 0.0237884521484375, 5.61328125, 3.93359375, 0.1324462890625, 0.051055908203125, 2.47265625, 0.005664825439453125, 0.01318359375, 2.98828125, 7.17578125, 0.2000732421875, 0.2144775390625, 0.22705078125, 0.8916015625, 0.01032257080078125, 0.01259613037109375, 0.982421875, 4.875, 0.77001953125, 0.214599609375, 3.177734375, 4.3671875, 2.26953125, 0.1407470703125, 3.703125, 0.003955841064453125, 0.02386474609375, 0.357177734375, 1.91015625, 0.343994140625, 1.93359375, 0.11334228515625, 0.00331878662109375, 9.1640625, 0.0053863525390625, 0.0177764892578125, 0.2156982421875, 7.25390625, 7.48828125, 6.3828125, 10.71875, 9.734375, 2.0859375, 5.05859375, 0.00016057491302490234, 2.509765625, 0.07867431640625, 0.277587890625, 0.003662109375, 4.96875, 0.8251953125, 0.5771484375, 0.30224609375, 0.0013875961303710938, 0.06732177734375, 0.56494140625, 6.66796875, 0.236083984375, 0.307861328125, 0.0028858184814453125, 0.006214141845703125, 0.00014078617095947266, 8.8828125, 4.8984375, 6.46875, 0.2587890625, 0.006702423095703125, 0.154541015625, 14.8046875, 4.765625, 0.0021514892578125, 2.232421875, 4.35546875, 6.41796875, 3.94140625, 10.1953125, 2.44921875, 0.82763671875, 5.33984375, 9.828125, 1.5615234375, 1.7880859375, 11.796875, 7.6328125, 3.615234375, 2.13671875, 6.328125, 2.470703125, 5.609375, 7.70703125, 8.90625, 4.1015625, 5.859375, 1.9375, 0.02423095703125, 0.368896484375, 4.1640625, 5.57421875, 1.00390625, 1.5224609375, 0.69970703125, 0.0010805130004882812, 0.0005483627319335938, 1.935546875, 4.34765625, 0.07537841796875, 2.40234375, 5.2421875, 4.83203125, 1.1201171875, 5.8359375, 5.39453125, 0.2509765625, 1.841796875, 13.7578125, 2.5, 1.279296875, 1.111328125, 8.53125, 3.53125, 0.77294921875, 4.31640625, 0.07769775390625, 0.21240234375, 0.70068359375, 5.21484375, 4.15625, 6.59375, 1.224609375, 3.505859375, 4.8359375, 3.8203125, 2.5859375, 0.03912353515625, 1.162109375, 7.21484375, 0.2012939453125, 10.609375, 9.34375, 0.72119140625]",-0.986019553950729
293,1,test,3.676270143027879,1.6290932962053106,2.2538176963755814,5.689069633101966,2.5210403045349152,3.4878083808165106,39.49879412767877,31.752792069333857,35.351515168732476,61.12483073152099,49.13780492177456,54.70686962763125,3.886569943260308,1.722148108816563,2.397512018270044,6.014510952918666,2.66504367970708,3.71017696944957,48.74340680444071,40.03384191399637,44.31048939388652,75.43097342587657,61.95282323342425,68.57098358691941,3.7938680760437826,1.695994005397016,2.3389550439756213,5.871053764737437,2.6245699088044314,3.6195593893197393,44.427918907374256,36.279091254386245,40.14380803823593,68.75270708742984,56.1423041131226,62.12299705464565,0.6884422110552764,0.003442211055276312,-0.0015577889447235815,0.6080402010050252,-0.01195979899497479,-0.001959798994974782,0.5477386934673367,-0.01226130653266333,0.007738693467336688,0.4457478005865103,0.11924706852208866,0.1837732160312806,0.39117647058823535,0.4522613065326633,0.12143423886349036,0.19516614793500053,0.3787878787878788,0.4548494983277592,0.12596802921256722,0.2012343704078482,0.3993288590604027,25.0,1.0,2.0,40.0,7.0,5.0,48.0,3.0,5.0,-0.0013329535918120423,0.00011300708485248249,-0.0004812283150863283,-0.00034118015804818214,5.904222154651251e-05,-0.0001653898061491077,"[3.056640625, 9.4453125, 2.4296875, 1.0791015625, 0.80224609375, 6.9921875, 0.62255859375, 4.6796875, 6.67578125, 5.83984375, 10.765625, 10.9921875, 6.765625, 7.07421875, 4.9296875, 4.03125, 3.193359375, 1.2626953125, 7.6171875, 10.9375, 5.2265625, 0.4169921875, 5.109375, 5.84375, 2.271484375, 4.0234375, 3.1796875, 5.67578125, 0.85302734375, 1.5693359375, 0.69189453125, 9.8046875, 4.40234375, 11.2265625, 5.984375, 2.61328125, 1.7734375, 0.28369140625, 2.498046875, 1.998046875, 4.4140625, 6.1953125, 5.95703125, 2.6171875, 5.55859375, 8.2109375, 3.29296875, 4.23828125, 0.603515625, 0.83837890625, 9.1171875, 0.178466796875, 5.12890625, 3.525390625, 1.0185546875, 9.2578125, 9.1640625, 7.60546875, 5.8203125, 2.451171875, 10.890625, 6.2734375, 2.525390625, 1.8828125, 3.658203125, 4.5078125, 4.60546875, 2.373046875, 4.08984375, 3.341796875, 3.3359375, 4.71484375, 0.7275390625, 6.3515625, 9.078125, 6.06640625, 5.16796875, 8.8671875, 0.41845703125, 0.92138671875, 7.015625, 1.517578125, 2.876953125, 4.5, 6.26953125, 0.2122802734375, 0.059906005859375, 8.3828125, 3.359375, 6.09765625, 0.04541015625, 2.99609375, 1.623046875, 8.2265625, 0.021453857421875, 12.234375, 5.015625, 3.720703125, 7.71875, 0.365234375, 8.84375, 1.4853515625, 0.457275390625, 9.6171875, 0.94140625, 6.92578125, 10.375, 4.97265625, 3.564453125, 3.8203125, 0.96533203125, 10.5078125, 8.84375, 1.7109375, 9.5390625, 4.9609375, 0.88330078125, 7.328125, 1.794921875, 1.9404296875, 0.5078125, 8.921875, 4.23046875, 10.78125, 2.78515625, 3.10546875, 0.81298828125, 4.4609375, 0.38916015625, 5.7734375, 0.337890625, 3.173828125, 4.875, 0.755859375, 0.57763671875, 0.051513671875, 0.3779296875, 1.1982421875, 7.58984375, 7.48828125, 6.8984375, 2.453125, 12.2890625, 8.5546875, 0.0024509429931640625, 0.1732177734375, 0.0007772445678710938, 0.001857757568359375, 0.002101898193359375, 0.68359375, 3.771484375, 0.8095703125, 4.32421875, 0.28076171875, 9.359375, 2.45703125, 0.0221405029296875, 0.1875, 12.4765625, 4.12109375, 6.578125, 5.22265625, 0.2213134765625, 7.640625, 0.13232421875, 5.96484375, 6.36328125, 4.9921875, 0.037841796875, 3.212890625, 0.0010776519775390625, 0.052978515625, 0.0063629150390625, 0.070556640625, 2.4140625, 0.09124755859375, 0.1650390625, 0.0001285076141357422, 0.004360198974609375, 0.0015392303466796875, 3.08984375, 0.004917144775390625, 5.23046875, 3.37890625, 0.07305908203125, 0.08660888671875, 0.0005426406860351562, 0.5419921875, 4.7578125, 0.1240234375, 0.1982421875, 0.625, 0.25732421875, 1.275390625, 5.62109375, 7.04296875, 0.4443359375, 0.751953125, 2.083984375, 8.2734375, 8.3671875, 9.4140625, 5.6015625, 0.017547607421875, 0.0207977294921875, 6.53515625, 0.7880859375, 0.0054168701171875, 0.0002281665802001953, 0.0110015869140625, 0.001373291015625, 0.88525390625, 0.388427734375, 0.0007462501525878906, 0.0005717277526855469, 0.0007300376892089844, 5.39453125, 1.5107421875, 0.1258544921875, 1.9814453125, 2.03125, 7.6640625, 3.5546875, 4.03515625, 1.7490234375, 6.8203125, 3.095703125, 5.296875, 3.412109375, 3.2109375, 5.31640625, 5.38671875, 4.08203125, 5.00390625, 2.224609375, 3.44921875, 6.34765625, 0.716796875, 1.509765625, 3.859375, 5.98046875, 4.62109375, 0.05999755859375, 4.1015625, 3.052734375, 1.67578125, 4.01171875, 8.3671875, 3.4375, 7.45703125, 7.87109375, 4.5234375, 3.306640625, 8.796875, 3.4453125, 0.689453125, 0.68603515625, 3.01171875, 9.734375, 0.80322265625, 6.765625, 0.222900390625, 5.07421875, 2.021484375, 10.453125, 2.779296875, 1.44140625, 0.192626953125, 5.7109375, 1.2568359375, 2.498046875, 3.865234375, 3.974609375, 1.8330078125, 5.63671875, 1.2587890625, 5.44140625, 0.0198822021484375, 9.46875, 1.150390625, 5.98046875, 1.92578125, 7.28515625, 4.65234375, 1.716796875, 3.84375, 5.05078125, 0.33154296875, 7.75, 1.5419921875, 0.07012939453125, 5.02734375, 3.216796875, 7.80859375, 4.44140625, 2.275390625, 0.000179290771484375, 9.9609375, 2.22265625, 0.034423828125, 0.03350830078125, 1.7099609375, 3.861328125, 8.8671875, 0.57666015625, 0.0001251697540283203, 7.63671875, 4.5390625, 3.369140625, 0.79736328125, 1.96875, 4.08203125, 7.875, 1.0439453125, 3.6640625, 7.49609375, 0.78173828125, 5.046875, 3.6796875, 5.56640625, 0.265625, 5.3828125, 2.265625, 2.23828125, 1.240234375, 6.79296875, 0.2186279296875, 2.443359375, 1.60546875, 1.552734375, 3.591796875, 1.3564453125, 2.05078125, 0.1204833984375, 3.28515625, 6.53125, 0.218505859375, 1.947265625, 4.0546875, 6.5625, 0.170166015625]",-1.6144507966083514
419,1,test,3.124277463053713,1.3197218485917042,1.8455295294283232,5.554271045428823,2.346172175274141,3.280941385650353,22.743456168008734,16.666185970628593,19.151316856105183,40.432810965348864,29.62877505889528,34.04678552196477,3.0964464638101394,1.2220741646564361,1.7477667544950384,5.504793713440248,2.1725762927225527,3.107140896880068,22.119210045996674,15.602482764987087,18.266874077705324,39.323040081771865,27.73774713775482,32.47444280480946,3.113708510845401,1.3121948644441723,1.8305765698361172,5.535481797058491,2.3327908701229734,3.25435834637532,22.50434745674245,16.445536031467753,18.89642560947347,40.00772881198658,29.236508500387117,33.593645527952845,0.6532663316582914,-0.006733668341708521,-0.011733668341708636,0.5125628140703518,-0.0024371859296482556,0.002562814070351749,0.3869346733668342,-0.018065326633165846,-0.0030653266331658324,0.39603960396039606,0.09620434860619509,0.13917901120518206,0.4039735099337748,0.36180904522613067,0.06105716552688256,0.09803609030125593,0.36868686868686873,0.3946488294314381,0.09748689287050316,0.1399213544592468,0.3993288590604027,21.0,4.0,3.0,30.0,4.0,4.0,38.0,1.0,0.0,0.0004946216302669591,0.00023247281343318572,0.00014781135495847643,0.007076292795295203,0.008405590393337548,0.00683987736059688,"[3.0625, 9.453125, 2.48046875, 1.494140625, 0.81689453125, 3.970703125, 0.56591796875, 0.6474609375, 7.54296875, 5.265625, 5.109375, 2.8828125, 3.19140625, 4.36328125, 0.06878662109375, 3.66015625, 5.05078125, 2.626953125, 1.666015625, 5.328125, 0.50732421875, 0.1427001953125, 2.068359375, 3.060546875, 1.76953125, 8.328125, 7.79296875, 2.61328125, 0.505859375, 3.484375, 0.401611328125, 3.658203125, 0.464111328125, 9.859375, 5.6015625, 1.3359375, 2.28125, 2.15625, 0.9609375, 0.8115234375, 0.07904052734375, 3.0078125, 2.015625, 1.7060546875, 14.3671875, 0.0987548828125, 6.96875, 0.48583984375, 1.4931640625, 2.99609375, 3.97265625, 1.123046875, 1.5234375, 5.46875, 1.88671875, 1.083984375, 0.00833892822265625, 0.364013671875, 0.00016438961029052734, 0.0013761520385742188, 0.0030574798583984375, 0.595703125, 8.3203125, 4.109375, 0.2159423828125, 9.5703125, 4.328125, 2.314453125, 0.0019369125366210938, 2.7890625, 0.00116729736328125, 0.01203155517578125, 0.0024433135986328125, 0.05596923828125, 7.8984375, 3.740234375, 5.63671875, 7.46484375, 0.061920166015625, 0.0015993118286132812, 0.0032062530517578125, 0.00020360946655273438, 0.441650390625, 0.0013418197631835938, 9.53125, 2.4375, 10.859375, 2.41796875, 1.4736328125, 5.9453125, 10.2890625, 8.1328125, 0.036041259765625, 0.440185546875, 0.1123046875, 0.01459503173828125, 0.00926971435546875, 0.0002300739288330078, 0.6376953125, 0.344970703125, 0.0025615692138671875, 0.00019550323486328125, 0.0005803108215332031, 4.87109375, 2.48046875, 10.8671875, 0.556640625, 0.279541015625, 0.1971435546875, 0.73388671875, 1.0908203125, 3.466796875, 5.265625, 2.259765625, 1.779296875, 6.17578125, 0.0902099609375, 2.638671875, 1.2978515625, 2.791015625, 0.09478759765625, 4.2734375, 0.583984375, 0.79248046875, 6.83203125, 0.0276031494140625, 2.578125, 2.478515625, 2.375, 1.2822265625, 1.6064453125, 6.28125, 1.8935546875, 0.053375244140625, 1.017578125, 0.163330078125, 1.4267578125, 0.040435791015625, 8.625, 1.24609375, 7.54296875, 2.263671875, 0.00812530517578125, 3.02734375, 6.53125, 8.6015625, 1.40234375, 4.5, 1.1572265625, 1.337890625, 6.85546875, 6.76171875, 1.08203125, 5.28125, 0.24560546875, 1.5625, 2.048828125, 5.5625, 5.984375, 7.640625, 6.59375, 0.306640625, 8.7421875, 5.4765625, 9.453125, 11.9765625, 3.6796875, 0.0226898193359375, 12.0078125, 8.984375, 2.263671875, 0.011383056640625, 2.609375, 1.580078125, 0.074951171875, 1.9453125, 4.625, 0.70654296875, 2.705078125, 2.87109375, 7.6328125, 7.41015625, 1.3076171875, 0.61474609375, 3.89453125, 4.17578125, 0.2279052734375, 5.515625, 2.861328125, 5.50390625, 1.01953125, 7.9765625, 0.47607421875, 3.306640625, 0.7158203125, 7.203125, 5.8359375, 0.8505859375, 5.72265625, 3.1171875, 0.6865234375, 4.49609375, 5.7890625, 6.4921875, 4.76953125, 3.89453125, 3.75390625, 3.998046875, 0.66162109375, 4.0390625, 2.759765625, 0.6748046875, 0.088623046875, 3.47265625, 1.7041015625, 5.8984375, 0.810546875, 5.7421875, 0.58154296875, 2.5234375, 1.349609375, 1.9677734375, 2.015625, 0.334716796875, 4.96875, 3.4296875, 5.5859375, 3.982421875, 5.984375, 3.091796875, 3.55859375, 0.462890625, 2.90234375, 2.45703125, 0.7744140625, 3.845703125, 1.46875, 3.03125, 3.2734375, 0.035614013671875, 0.185302734375, 8.1015625, 0.208251953125, 4.49609375, 0.912109375, 1.8779296875, 0.194580078125, 0.3857421875, 3.171875, 1.619140625, 0.97900390625, 2.361328125, 6.3125, 0.134765625, 0.483154296875, 4.0703125, 0.34326171875, 0.11962890625, 0.3349609375, 5.2109375, 0.0911865234375, 0.374267578125, 8.2421875, 4.7578125, 5.60546875, 3.3125, 0.15625, 12.9609375, 1.1572265625, 3.408203125, 0.497314453125, 2.109375, 0.1846923828125, 3.845703125, 9.4375, 8.65625, 5.98046875, 1.064453125, 8.703125, 10.6875, 0.66455078125, 6.71875, 2.6171875, 0.29296875, 0.1453857421875, 9.65625, 5.0546875, 0.5302734375, 4.328125, 7.1015625, 5.87890625, 1.27734375, 0.0022258758544921875, 0.55810546875, 6.51953125, 0.6982421875, 1.9375, 8.0234375, 1.0283203125, 5.2265625, 5.5, 1.3701171875, 3.560546875]",-1.2724043225297832
308,1,test,3.4281433994807893,1.522532762730373,2.0875080887206456,6.410019610863488,2.846865994217739,3.9032695623415625,30.819370341159537,24.09585834327401,26.99789978547683,57.62675164382494,45.05497773061886,50.48128007225254,3.852629817310889,1.7351124177022483,2.394664433367277,7.203733859587225,3.244352212981719,4.477597402035856,47.11680904588149,38.806328790944406,42.81960158536273,88.10006898519853,72.56094614164755,80.06505385192085,3.5091976605131476,1.549015485696793,2.140946745095068,6.561576690663637,2.8963839850898614,4.003190363609713,33.421441681194906,26.320821179621746,29.492968230755412,62.49216314353604,49.21526327077202,55.14661515336515,0.7889447236180904,-0.021055276381909627,-0.011055276381909618,0.6582914572864322,0.018291457286432222,0.008291457286432213,0.5175879396984925,-0.017412060301507437,-0.017412060301507437,0.43492063492063493,0.11320906598244163,0.1793768123229581,0.39490445859872614,0.4623115577889447,0.13399075578393216,0.19686915378226688,0.4545454545454546,0.4347826086956522,0.10590113958046021,0.17894278667118058,0.40268456375838924,26.0,4.0,4.0,39.0,3.0,3.0,47.0,3.0,3.0,-0.0013274193207722018,-0.00031120089334106137,-0.00044189745551664005,-0.00044385224850973515,-4.166942974936916e-05,9.637868485956602e-05,"[3.0625, 9.453125, 2.48046875, 1.494140625, 1.81640625, 11.234375, 1.4072265625, 1.0302734375, 8.6875, 6.5625, 5.0546875, 6.59375, 1.4951171875, 0.254638671875, 3.611328125, 5.51953125, 7.6328125, 2.28125, 8.4453125, 2.751953125, 1.9609375, 10.0859375, 0.33642578125, 4.796875, 1.408203125, 5.53515625, 6.4609375, 0.414306640625, 2.396484375, 10.21875, 1.669921875, 1.513671875, 2.794921875, 1.087890625, 0.912109375, 0.75439453125, 0.29248046875, 2.8671875, 1.2529296875, 1.9619140625, 0.7509765625, 6.96484375, 3.478515625, 4.80859375, 6.00390625, 5.75, 4.27734375, 0.0104522705078125, 0.82177734375, 9.296875, 1.7490234375, 3.892578125, 0.405517578125, 9.0859375, 0.0009751319885253906, 0.081787109375, 0.0171661376953125, 0.004970550537109375, 0.006755828857421875, 0.0216827392578125, 6.2734375, 2.455078125, 9.640625, 1.6923828125, 12.4375, 4.703125, 4.39453125, 6.140625, 4.21484375, 1.7880859375, 9.5390625, 5.50390625, 0.5927734375, 3.90625, 3.056640625, 0.82470703125, 10.5625, 2.23828125, 5.55859375, 5.2734375, 3.85546875, 2.947265625, 8.0234375, 6.26953125, 1.63671875, 1.837890625, 6.9609375, 1.5263671875, 10.6875, 0.1983642578125, 3.6171875, 3.763671875, 0.39208984375, 0.257080078125, 7.7421875, 5.02734375, 1.1044921875, 8.8984375, 1.6298828125, 0.4169921875, 6.53515625, 7.94921875, 6.88671875, 0.46923828125, 2.05078125, 4.4765625, 6.9140625, 4.83984375, 6.66796875, 6.66015625, 1.6376953125, 3.130859375, 8.2578125, 2.349609375, 4.90625, 5.34375, 2.38671875, 7.875, 5.23828125, 1.8876953125, 0.371337890625, 6.4375, 0.54443359375, 1.4267578125, 6.203125, 0.08831787109375, 1.5185546875, 6.13671875, 1.1806640625, 7.27734375, 7.0546875, 2.623046875, 3.072265625, 8.25, 2.412109375, 0.491943359375, 0.34619140625, 2.138671875, 5.6875, 5.53515625, 0.62841796875, 10.8515625, 2.513671875, 4.23828125, 5.80859375, 1.69140625, 2.58203125, 3.09765625, 2.47265625, 0.001922607421875, 2.015625, 2.150390625, 0.227783203125, 3.3984375, 2.998046875, 2.744140625, 6.359375, 0.8515625, 0.3447265625, 0.3251953125, 5.68359375, 4.296875, 1.826171875, 2.927734375, 8.234375, 0.61279296875, 6.34765625, 1.064453125, 4.54296875, 0.7119140625, 2.66015625, 3.375, 7.17578125, 1.5400390625, 4.43359375, 6.94921875, 6.90234375, 2.12890625, 4.02734375, 3.083984375, 0.9267578125, 5.39453125, 0.044464111328125, 5.17578125, 4.0078125, 9.6796875, 6.078125, 0.7919921875, 5.41796875, 4.125, 0.364990234375, 3.646484375, 8.3203125, 0.0243988037109375, 6.41015625, 8.953125, 0.52783203125, 4.48828125, 3.400390625, 4.83984375, 6.609375, 8.7265625, 4.02734375, 3.740234375, 0.9638671875, 0.1356201171875, 2.91015625, 8.515625, 0.08294677734375, 3.11328125, 0.09619140625, 6.12109375, 5.296875, 3.171875, 4.98046875, 0.3974609375, 5.3828125, 2.01953125, 1.2646484375, 3.80078125, 0.00853729248046875, 4.67578125, 0.1083984375, 0.2181396484375, 0.11871337890625, 0.07489013671875, 1.3271484375, 7.48828125, 5.40234375, 0.87890625, 3.69921875, 10.6328125, 3.638671875, 0.006343841552734375, 0.005832672119140625, 0.005046844482421875, 4.94140625, 1.2998046875, 4.0859375, 5.33203125, 5.13671875, 3.388671875, 3.494140625, 11.296875, 1.2646484375, 3.033203125, 5.0234375, 6.1484375, 3.669921875, 1.93359375, 1.9287109375, 3.650390625, 0.54541015625, 5.7265625, 2.0078125, 0.0855712890625, 2.111328125, 2.07421875, 1.8994140625, 1.1513671875, 11.046875, 0.19580078125, 0.347412109375, 0.413818359375, 1.55859375, 0.001079559326171875, 0.00600433349609375, 0.004718780517578125, 2.982421875, 1.0966796875, 0.00905609130859375, 0.0005526542663574219, 0.00672149658203125, 0.0714111328125, 1.1474609375, 4.5859375, 0.0030040740966796875, 0.1402587890625, 0.00206756591796875, 0.00257110595703125, 0.01102447509765625, 6.5390625, 3.599609375, 4.6484375, 0.09765625, 3.080078125, 0.0001958608627319336, 0.5869140625, 2.9453125, 4.51171875, 3.42578125, 8.5234375, 1.111328125, 0.091796875, 13.03125, 5.546875, 1.7177734375, 3.021484375, 5.94921875, 5.7734375, 3.453125, 3.91015625, 0.5859375, 2.951171875, 1.9716796875, 3.7890625, 1.4453125, 5.08984375, 0.00390625, 0.94384765625, 0.005573272705078125, 0.1229248046875, 0.0106353759765625, 0.0101165771484375, 0.54833984375]",-1.1204629962406463
433,1,test,3.1782708989249335,1.4524572499272985,1.793714865413851,5.538102939757609,2.5308911736930604,3.12552890711598,24.00521021131383,18.388120701192936,20.01215748168369,41.82882122658118,32.04110302439627,34.87096968911406,3.548806664931714,1.6062992975466528,2.2287990861742637,6.1837575363187804,2.7989592910040386,3.8836584935053695,34.77179831307129,27.795577304460444,31.028348565220266,60.58948547256198,48.433495217214336,54.06656445270141,3.4592897880037494,1.584299230016326,2.1882447441878563,6.027775338753314,2.7606244093846715,3.8129929877264797,31.7943877386219,25.27363018765726,28.22981198420621,55.40137949304932,44.03902942570321,49.19014448750095,0.728643216080402,-0.001356783919598037,-0.011356783919598046,0.5979899497487438,0.007989949748743674,0.002989949748743781,0.4974874371859297,0.0024874371859296973,0.012487437185929706,0.4222222222222223,0.10656254281408417,0.15047246660149893,0.3589108910891089,0.42713567839195976,0.1138524703719096,0.178387765203312,0.36363636363636365,0.4448160535117057,0.12762072796913482,0.1956503138009159,0.3959731543624161,22.0,2.0,2.0,33.0,0.0,0.0,42.0,1.0,1.0,-0.0012896429906088473,-0.0012043135872696702,-0.0005382423548164515,0.008469108963738314,0.006610240592020311,0.007937787167660026,"[8.265625, 5.9375, 5.09765625, 1.6435546875, 8.4921875, 2.09375, 7.546875, 7.953125, 5.375, 3.923828125, 4.17578125, 2.8203125, 1.76953125, 1.619140625, 10.6796875, 5.2578125, 2.5078125, 2.173828125, 5.95703125, 1.1337890625, 3.51953125, 9.640625, 5.37109375, 0.06097412109375, 6.3046875, 1.33203125, 5.515625, 0.9970703125, 15.109375, 8.9921875, 11.359375, 3.400390625, 7.5390625, 7.71484375, 5.06640625, 10.8984375, 0.2100830078125, 2.486328125, 0.1700439453125, 8.4765625, 3.208984375, 1.0830078125, 0.13232421875, 3.435546875, 0.1312255859375, 0.134033203125, 0.03778076171875, 6.09375, 0.353515625, 3.1484375, 6.7890625, 0.264404296875, 2.412109375, 4.78515625, 10.7109375, 0.8984375, 9.0390625, 0.055419921875, 11.703125, 7.01953125, 5.40625, 3.486328125, 4.6953125, 3.4140625, 4.5859375, 10.5234375, 7.953125, 1.220703125, 0.133544921875, 6.15625, 1.734375, 1.3701171875, 5.3046875, 6.68359375, 6.4453125, 2.5625, 0.458984375, 2.4140625, 5.98828125, 0.912109375, 6.31640625, 1.7822265625, 2.265625, 0.289306640625, 0.04443359375, 0.0217132568359375, 0.156982421875, 0.2147216796875, 0.1490478515625, 0.83349609375, 0.374755859375, 0.01282501220703125, 0.07305908203125, 0.186767578125, 1.8134765625, 6.59765625, 1.6259765625, 4.7421875, 7.2421875, 4.23828125, 5.6953125, 1.625, 3.25, 6.70703125, 4.4765625, 3.859375, 0.25634765625, 0.318115234375, 4.0078125, 10.546875, 0.443115234375, 8.5, 2.7734375, 3.490234375, 1.744140625, 3.85546875, 0.78515625, 0.82373046875, 6.18359375, 0.351318359375, 0.9072265625, 0.45458984375, 0.7294921875, 0.669921875, 1.66796875, 0.958984375, 5.0, 1.3408203125, 3.6484375, 2.373046875, 1.2353515625, 2.306640625, 1.3544921875, 1.2392578125, 5.82421875, 1.564453125, 3.80859375, 4.83203125, 0.88427734375, 5.65625, 0.7294921875, 0.100341796875, 0.0022335052490234375, 0.082763671875, 0.479736328125, 1.5283203125, 2.953125, 2.84765625, 0.64794921875, 5.0625, 5.765625, 0.64892578125, 5.82421875, 3.55078125, 1.662109375, 0.5556640625, 7.4765625, 3.92578125, 3.322265625, 2.6015625, 5.27734375, 4.28125, 2.205078125, 0.0750732421875, 3.01953125, 0.152099609375, 1.271484375, 4.54296875, 0.07110595703125, 0.265625, 0.139404296875, 3.931640625, 1.7861328125, 1.83203125, 0.6923828125, 3.75, 1.373046875, 3.6953125, 5.10546875, 2.400390625, 0.85009765625, 7.6953125, 8.734375, 4.7890625, 0.36767578125, 2.16796875, 5.9296875, 4.32421875, 8.9765625, 1.91796875, 5.15625, 5.4140625, 10.265625, 3.111328125, 2.5703125, 5.8046875, 6.3671875, 4.7578125, 1.9853515625, 4.37109375, 3.908203125, 4.18359375, 8.6796875, 0.83251953125, 2.201171875, 6.375, 2.33984375, 2.892578125, 4.27734375, 6.70703125, 4.953125, 5.34375, 1.2080078125, 8.078125, 3.828125, 2.7421875, 1.4580078125, 6.97265625, 0.032012939453125, 4.3046875, 0.2076416015625, 3.90234375, 4.3671875, 1.7548828125, 2.970703125, 0.01467132568359375, 5.08203125, 0.0235748291015625, 10.25, 0.430908203125, 1.4306640625, 0.0014362335205078125, 4.1953125, 8.015625, 4.55859375, 9.7421875, 4.6484375, 3.83203125, 7.40625, 3.5859375, 6.44921875, 5.265625, 8.28125, 7.55078125, 1.787109375, 0.07275390625, 7.89453125, 1.6298828125, 1.7451171875, 5.8046875, 0.119384765625, 0.7568359375, 2.40234375, 4.0411949157714844e-05, 4.17578125, 3.337890625, 2.916015625, 2.359375, 7.32421875, 4.66015625, 0.63671875, 1.037109375, 0.5458984375, 0.239013671875, 0.71875, 1.69921875, 4.10546875, 9.625, 6.34765625, 0.0728759765625, 4.4765625, 0.27978515625, 6.53125, 4.55859375, 3.05078125, 1.13671875, 1.6962890625, 1.232421875, 0.50439453125, 9.3125, 1.6279296875, 2.32421875, 0.9404296875, 3.375, 3.126953125, 1.296875, 2.74609375, 0.22998046875, 9.2265625, 0.180419921875, 4.32421875, 0.047271728515625, 0.8759765625, 3.37109375, 3.73046875, 1.208984375, 6.89453125, 0.1666259765625, 0.0034542083740234375, 5.140625, 1.2607421875, 0.73046875, 1.9951171875, 2.904296875, 0.363037109375, 2.380859375, 6.008148193359375e-05, 1.107421875, 0.1505126953125, 4.15234375, 1.3427734375, 2.69140625, 3.203125, 4.1328125, 2.912109375, 12.0859375, 1.69921875, 5.11328125, 3.541015625, 3.873046875, 6.22265625, 1.11328125, 3.556640625, 0.59912109375, 1.255859375, 5.30859375, 2.455078125, 0.150390625, 0.046630859375, 2.15625, 0.560546875, 8.8359375, 1.4375, 2.2265625, 2.185546875, 2.271484375, 0.397705078125, 0.493408203125, 3.646484375, 3.5546875, 1.1357421875, 7.48046875, 8.6875, 4.09765625, 2.87890625, 3.572265625, 7.82421875, 0.2071533203125, 0.31640625, 5.7578125, 0.529296875, 2.8671875, 0.418212890625, 0.047515869140625, 0.05023193359375, 0.471923828125, 1.4228515625, 2.431640625, 0.65966796875, 2.962890625, 0.06353759765625, 0.09649658203125, 0.0433349609375, 2.845703125, 1.7236328125, 1.6923828125, 5.22265625, 4.33203125, 1.8017578125, 1.9296875, 6.12109375, 6.48828125, 2.40234375, 3.40625, 1.7587890625, 0.29736328125, 0.339599609375, 0.40673828125, 0.039581298828125, 2.69921875, 2.296875, 1.396484375, 0.7783203125, 0.1270751953125, 0.11602783203125, 0.3076171875, 0.91259765625, 0.6337890625, 1.5576171875, 0.52392578125, 0.114013671875, 0.037261962890625, 4.16015625, 11.2109375, 0.0594482421875, 0.428466796875, 5.12109375, 1.7734375, 0.193603515625, 0.04400634765625, 0.0032806396484375, 2.755859375, 1.595703125, 0.303466796875, 0.39404296875]",-1.270554460419549
427,1,test,3.730172063365127,1.7139871224591143,2.376511615443326,6.064390164366618,2.78654348129856,3.8636538533281066,41.68628022864258,34.17665966083105,37.81470891852862,67.7721733778545,55.56328104368238,61.477901002515864,3.980688200524105,1.8062094395873012,2.504350129027368,6.471671000852073,2.936475469267698,4.0714894735721,53.553877354770684,44.75627907978443,49.17698890868762,87.06611962585418,72.76327580455751,79.95031939142467,3.730172063365127,1.7139871224591143,2.376511615443326,6.064390164366618,2.78654348129856,3.8636538533281066,41.68628022864258,34.17665966083105,37.81470891852862,67.7721733778545,55.56328104368238,61.477901002515864,0.8140703517587939,0.009070351758794004,-0.0009296482412060048,0.6582914572864322,-0.011708542713567693,0.023291457286432227,0.5276381909547738,0.0026381909547738003,-0.012361809045226213,0.446969696969697,0.1388411525462565,0.2013777574230975,0.4144486692015209,0.44221105527638194,0.11138398760720902,0.1867853457605222,0.43434343434343436,0.446969696969697,0.1388411525462565,0.2013777574230975,0.4144486692015209,25.0,15.0,13.0,40.0,19.0,19.0,45.0,17.0,17.0,-0.00030436757022150185,-0.0006180079448123258,-0.0002470955561203669,0.000141735257445319,0.00018927773293242467,-8.23537205478786e-05,"[3.0625, 9.453125, 2.48046875, 1.494140625, 7.81640625, 5.015625, 2.640625, 1.3427734375, 11.453125, 10.4453125, 5.00390625, 2.03515625, 0.3671875, 6.7109375, 1.943359375, 0.0765380859375, 0.89111328125, 5.07421875, 5.90625, 3.791015625, 0.1728515625, 3.28125, 4.24609375, 2.21484375, 5.953125, 0.0166168212890625, 5.515625, 1.2919921875, 7.26171875, 5.53125, 4.6484375, 7.25, 5.25, 6.87890625, 2.513671875, 1.3603515625, 1.5185546875, 4.75, 3.318359375, 0.0660400390625, 6.234375, 6.296875, 1.888671875, 1.41796875, 3.197265625, 10.1328125, 2.1640625, 11.328125, 8.9296875, 10.609375, 0.0095977783203125, 4.1796875, 2.275390625, 4.24609375, 0.315673828125, 4.77734375, 9.828125, 3.541015625, 7.90234375, 0.71435546875, 7.52734375, 1.919921875, 0.02655029296875, 7.37890625, 1.44140625, 2.744140625, 2.29296875, 6.57421875, 4.6484375, 4.6875, 13.3046875, 3.970703125, 3.75390625, 5.54296875, 0.1614990234375, 3.048828125, 6.20703125, 9.7265625, 0.0186004638671875, 3.00390625, 5.859375, 3.283203125, 7.203125, 9.109375, 8.09375, 2.306640625, 1.1103515625, 4.984375, 4.921875, 5.14453125, 2.462890625, 1.265625, 3.76171875, 11.171875, 2.24609375, 0.25048828125, 1.0048828125, 1.1767578125, 2.208984375, 5.4375, 0.1632080078125, 1.884765625, 1.1591796875, 10.2734375, 5.85546875, 6.1015625, 0.07171630859375, 6.28125, 2.498046875, 4.546875, 0.8291015625, 1.6845703125, 1.779296875, 2.4765625, 0.47412109375, 1.0107421875, 9.6875, 0.6904296875, 3.02734375, 3.365234375, 4.90234375, 1.55078125, 1.6494140625, 9.4921875, 0.04998779296875, 6.625, 1.96875, 9.2421875, 7.26953125, 0.41015625, 2.435546875, 0.029388427734375, 0.343017578125, 4.4921875, 9.109375, 2.591796875, 7.53125, 0.548828125, 1.8154296875, 0.008544921875, 0.05621337890625, 0.41455078125, 1.998046875, 10.9375, 4.1953125, 5.79296875, 6.9765625, 7.0078125, 0.55419921875, 1.97265625, 3.763671875, 6.93359375, 8.8125, 1.3876953125, 5.2421875, 0.391357421875, 7.03125, 0.72607421875, 0.6640625, 1.20703125, 2.771484375, 0.4462890625, 9.9375, 3.15625, 8.453125, 4.64453125, 5.5859375, 2.453125, 0.5673828125, 0.41650390625, 5.12890625, 4.61328125, 1.3330078125, 5.80078125, 0.0679931640625, 0.25537109375, 1.4228515625, 1.5107421875, 5.37109375, 5.7734375, 6.76953125, 1.078125, 0.0284881591796875, 5.5703125, 2.017578125, 2.626953125, 8.4921875, 1.087890625, 7.34375, 3.8125, 4.890625, 10.78125, 0.41796875, 7.125, 1.8642578125, 1.8125, 0.55224609375, 3.984375, 5.87109375, 1.2587890625, 5.453125, 1.1298828125, 0.8369140625, 2.255859375, 1.033203125, 4.6171875, 0.0880126953125, 0.88037109375, 4.3828125, 10.0625, 0.025665283203125, 0.1585693359375, 0.0010509490966796875, 0.0595703125, 0.484619140625, 1.67578125, 5.43359375, 6.03125, 10.828125, 8.9375, 1.650390625, 4.50390625, 0.259033203125, 6.6640625, 3.525390625, 6.5703125, 3.9921875, 0.55419921875, 1.7265625, 0.322509765625, 3.63671875, 0.053619384765625, 2.486328125, 9.625, 3.140625, 3.876953125, 0.1693115234375, 0.22216796875, 3.046875, 0.55224609375, 0.8974609375, 6.3515625, 1.7333984375, 0.27783203125, 8.8203125, 1.435546875, 4.76171875, 2.630859375, 0.76025390625, 11.15625, 0.399169921875, 0.0963134765625, 7.46875, 0.141357421875, 1.3720703125, 4.6484375, 1.640625, 6.5390625, 0.1396484375, 0.20458984375, 6.4453125, 0.7509765625, 0.2213134765625, 4.81640625]",-0.9544783577774512
47,1,test,2.9432617312549514,1.2736902605552294,1.7577649415194017,5.419339060723402,2.3452074638794698,3.2365195748611204,18.97764545068674,13.667753585368086,15.705333381910021,34.9429662266613,25.166022474646,28.9177567031994,3.392061510277753,1.4778690085141009,2.0703218348721264,6.245700558606655,2.7211556347243757,3.812021156272486,29.72717201676064,22.945711448742312,25.977232633433317,54.73574530070213,42.24924647704933,47.8310950075915,2.875758322186295,1.2651168142351283,1.75812858781177,5.295047069422384,2.3294214357345218,3.2371891458121476,17.73887080164801,12.732849201003837,14.681272514299021,32.66204782525665,23.444611227245158,27.032184312042638,0.6733668341708543,-0.011633165829145753,-0.001633165829145744,0.5628140703517588,-0.007185929648241274,-0.0021859296482411583,0.457286432160804,-0.0027135678391959628,-0.0027135678391959628,0.3976945244956772,0.112802438164742,0.16406793603037906,0.36994219653179194,0.4371859296482412,0.11889019029987025,0.20179360911401756,0.4242424242424242,0.39799331103678925,0.11418696713027843,0.17329920647616637,0.35906040268456374,24.0,-1.0,0.0,37.0,0.0,0.0,43.0,-2.0,-1.0,-0.0008704340342150473,-2.72903646823338e-05,-0.0006239097563732115,0.015092666689534795,0.01713702599719369,0.020297826717353473,"[3.056640625, 9.4453125, 2.4296875, 6.078125, 0.78955078125, 0.10418701171875, 2.328125, 6.8515625, 0.4326171875, 1.4970703125, 6.18359375, 2.275390625, 0.83935546875, 11.921875, 0.0716552734375, 0.1793212890625, 8.0, 0.137451171875, 0.7353515625, 0.131591796875, 0.9453125, 4.25, 5.1328125, 0.6025390625, 6.21875, 4.40234375, 3.515625, 5.08203125, 2.45703125, 2.23046875, 1.322265625, 4.8671875, 6.28125, 0.426025390625, 0.5732421875, 8.2578125, 1.017578125, 8.34375, 3.423828125, 0.77197265625, 4.1640625, 0.0037403106689453125, 2.12890625, 2.08203125, 10.3984375, 1.171875, 3.974609375, 4.5, 0.01428985595703125, 7.9453125, 2.76953125, 1.572265625, 0.89599609375, 2.396484375, 2.759765625, 2.478515625, 7.984375, 0.6015625, 3.869140625, 0.0012416839599609375, 6.453125, 0.6611328125, 7.359375, 2.68359375, 9.4140625, 0.1927490234375, 0.00901031494140625, 6.05078125, 10.6953125, 5.078125, 3.94921875, 4.71875, 1.060546875, 4.48828125, 4.38671875, 2.779296875, 5.9765625, 0.1612548828125, 0.478271484375, 0.1390380859375, 5.7578125, 0.34814453125, 8.234375, 6.703125, 6.3828125, 0.01294708251953125, 9.671875, 0.353515625, 11.71875, 9.484375, 0.456298828125, 0.50927734375, 4.63671875, 8.6015625, 0.0076751708984375, 2.12890625, 8.8671875, 0.324951171875, 4.60546875, 9.3046875, 0.94384765625, 4.41796875, 1.4814453125, 0.11187744140625, 1.9345703125, 4.14453125, 3.2265625, 3.609375, 1.9775390625, 6.51171875, 0.01299285888671875, 6.8984375, 3.4296875, 1.322265625, 8.21875, 2.291015625, 0.487060546875, 1.7197265625, 0.29736328125, 4.1015625, 4.78125, 0.92236328125, 7.6796875, 0.2254638671875, 0.51123046875, 8.7421875, 4.28515625, 0.52685546875, 0.2332763671875, 0.7041015625, 0.0061798095703125, 0.6943359375, 0.8564453125, 6.046875, 4.515625, 1.2197265625, 4.734375, 5.515625, 5.98046875, 1.3212890625, 0.85302734375, 6.79296875, 5.71875, 2.0390625, 1.04296875, 0.361328125, 3.66796875, 5.125, 6.65234375, 3.859375, 0.9716796875, 9.1640625, 1.2548828125, 0.6181640625, 1.2197265625, 4.13671875, 2.109375, 0.3251953125, 0.7470703125, 2.765625, 8.2265625, 0.1456298828125, 0.685546875, 6.87890625, 2.62109375, 1.9541015625, 7.73046875, 0.0005612373352050781, 4.60546875, 2.21484375, 4.0625, 1.9931640625, 3.10546875, 0.01456451416015625, 2.390625, 0.0005140304565429688, 3.052734375, 7.828125, 0.352783203125, 0.40185546875, 0.3779296875, 1.0791015625, 1.2080078125, 9.125, 3.427734375, 0.08282470703125, 0.006542205810546875, 4.8984375, 1.3095703125, 3.43359375, 0.05450439453125, 0.304443359375, 7.2265625, 12.265625, 5.30859375, 0.92431640625, 0.432861328125, 5.609375, 8.828125, 0.61865234375, 1.046875, 0.80126953125, 6.35385513305664e-05, 0.061767578125, 4.875, 0.105224609375, 0.07275390625, 0.00186920166015625, 4.10546875, 8.140625, 4.15625, 0.0938720703125, 6.5859375, 4.47265625, 0.12152099609375, 10.359375, 2.3515625, 0.055908203125, 2.9453125, 3.173828125, 9.6875, 7.0078125, 2.8671875, 0.26220703125, 1.8359375, 0.0147857666015625, 0.00708770751953125, 3.2578125, 0.0031719207763671875, 0.0017070770263671875, 0.0169525146484375, 0.55908203125, 0.10504150390625, 0.0001380443572998047, 0.0092620849609375, 0.03741455078125, 0.60107421875, 3.478515625, 0.25, 4.91796875, 0.0357666015625, 2.943359375, 2.416015625, 1.3330078125, 3.216796875, 2.474609375, 0.0163421630859375, 2.66015625, 0.05584716796875, 7.40625, 0.1392822265625, 0.0169677734375, 0.04571533203125, 0.00202178955078125, 2.189453125, 0.0038967132568359375, 0.21728515625, 5.3515625, 2.966796875, 2.16015625, 4.0390625, 0.1839599609375, 0.00727081298828125, 0.01241302490234375, 0.00024509429931640625, 0.99951171875, 2.9453125, 8.3359375, 5.34765625, 1.3076171875, 2.73046875, 0.51904296875, 0.7255859375, 1.509765625, 6.60546875, 0.10589599609375, 0.03143310546875, 1.236328125, 8.15625, 2.86328125, 0.21533203125, 0.0012178421020507812, 0.051971435546875, 0.021087646484375, 0.009246826171875, 0.12744140625, 0.0033416748046875, 0.1822509765625, 0.00864410400390625, 8.356571197509766e-05, 0.0016841888427734375, 0.0002772808074951172, 0.3896484375, 0.40869140625, 0.0016202926635742188, 0.00040531158447265625, 0.0002484321594238281, 1.5673828125, 6.59765625, 0.26806640625, 4.07421875, 7.484375, 1.0859375, 0.29833984375, 12.2578125, 0.006946563720703125, 9.6171875, 0.1790771484375, 2.138671875, 1.8369140625, 2.8828125, 0.6484375, 6.05078125, 10.3671875, 2.921875, 2.466796875, 0.728515625, 3.396484375, 0.022613525390625, 1.2294921875, 2.716796875, 8.6796875, 0.1298828125, 0.006748199462890625, 9.5390625, 4.19921875, 0.00270843505859375, 0.0286407470703125, 1.318359375, 7.15234375, 3.55859375, 4.71484375, 0.218994140625, 3.1171875, 0.119384765625, 4.3984375, 7.59765625, 6.3984375, 2.796875, 8.421875, 2.3125, 10.3671875, 0.1876220703125, 0.486572265625, 3.625, 0.27392578125, 6.609375]",-1.6364735478283006
194,1,test,3.7153564065928246,1.6835342029355176,2.164787362529074,6.230117293151287,2.8230442529573745,3.630036450703775,41.07322324357857,33.44524982010111,36.35907126389089,68.8738765307169,56.08286432715645,60.96892299272534,3.943747225119241,1.8131850759255896,2.48248471104148,6.613095783606064,3.0404500836481505,4.162769122445102,51.61163982844459,43.1920412765643,47.300240532407486,86.54528250708613,72.42682904017768,79.31568718098025,3.7013266875991055,1.7231647352667219,2.361122275529159,6.206591476148719,2.8894989447267307,3.959261807000861,40.50100090857571,33.27155820324707,36.681176664827774,67.91434213490426,55.791608515488534,61.50904733316099,0.7035175879396984,-0.01148241206030165,-0.01148241206030165,0.5879396984924623,-0.002060301507537776,0.0029396984924623393,0.5226130653266332,0.0126130653266332,0.007613065326633195,0.42819843342036557,0.11789856379846209,0.1652463317585865,0.418848167539267,0.4321608040201005,0.12138386166421078,0.20010738164948283,0.43434343434343436,0.43143812709030105,0.13427619052936612,0.2034069813728372,0.42281879194630867,22.0,-1.0,0.0,34.0,1.0,0.0,44.0,0.0,0.0,0.0002265320972035207,2.5985915350851678e-06,-4.851388051080042e-07,-0.00017532524268748517,0.00022173027363425746,-6.166249801253798e-05,"[3.056640625, 6.44140625, 0.03302001953125, 0.005214691162109375, 0.009490966796875, 1.6259765625, 0.047332763671875, 0.003810882568359375, 8.4375, 5.875, 8.421875, 4.71875, 6.609375, 7.46875, 5.640625, 5.51953125, 7.8828125, 15.015625, 4.71875, 0.055755615234375, 0.012603759765625, 5.81640625, 9.703125, 6.9609375, 0.01361846923828125, 16.046875, 2.787109375, 8.5703125, 10.3203125, 0.96923828125, 3.748046875, 5.5546875, 0.340087890625, 0.00044417381286621094, 2.29296875, 0.274169921875, 3.216796875, 0.12744140625, 2.5859375, 1.7724609375, 4.19140625, 1.1123046875, 0.1602783203125, 1.021484375, 9.1015625, 0.89208984375, 0.61376953125, 4.80859375, 0.00676727294921875, 0.004913330078125, 9.5078125, 3.2421875, 7.9296875, 0.97216796875, 8.2578125, 3.80859375, 1.1669921875, 0.00695037841796875, 0.005710601806640625, 2.900390625, 0.07135009765625, 1.6953125, 1.6162109375, 2.890625, 6.640625, 3.830078125, 3.541015625, 4.4453125, 0.58935546875, 4.0703125, 5.0625, 0.93505859375, 2.220703125, 0.00019240379333496094, 0.006267547607421875, 4.50390625, 4.76953125, 0.034423828125, 0.009307861328125, 7.12109375, 3.03515625, 7.7265625, 3.736328125, 2.85546875, 0.0296783447265625, 6.91015625, 12.046875, 4.6328125, 0.94921875, 2.505859375, 11.28125, 6.0390625, 0.57861328125, 11.578125, 0.1802978515625, 0.76708984375, 0.42236328125, 0.82470703125, 0.0010633468627929688, 9.3828125, 9.0703125, 2.794921875, 8.734375, 2.423828125, 7.625, 9.6875, 4.01953125, 1.8837890625, 9.9609375, 0.2841796875, 1.3544921875, 1.2607421875, 0.0037097930908203125, 0.002658843994140625, 0.0006895065307617188, 5.88671875, 1.4482421875, 1.763671875, 2.748046875, 0.358154296875, 3.79296875, 15.6171875, 0.296630859375, 7.203125, 0.8798828125, 3.17578125, 4.9921875, 8.3203125, 4.875, 6.828125, 8.6796875, 1.2373046875, 4.2578125, 0.27783203125, 1.099609375, 10.1015625, 7.45703125, 4.94140625, 0.07391357421875, 9.640625, 3.115234375, 4.125, 0.685546875, 8.140625, 0.0085296630859375, 8.9140625, 1.1044921875, 1.8349609375, 8.984375, 0.96044921875, 0.5166015625, 6.3046875, 0.88671875, 2.07421875, 4.75, 5.265625, 1.01953125, 3.185546875, 1.3486328125, 3.67578125, 10.1484375, 2.517578125, 0.497314453125, 8.1328125, 0.5146484375, 6.1796875, 0.150390625, 1.875, 0.004947662353515625, 8.8046875, 3.32421875, 8.3125, 4.3515625, 1.400390625, 3.560546875, 12.84375, 2.263671875, 6.90234375, 6.9921875, 4.9375, 5.4921875, 6.87109375, 8.1015625, 2.83203125, 6.98828125, 6.58984375, 0.09942626953125, 0.9169921875, 4.77734375, 2.72265625, 0.5595703125, 5.6953125, 8.203125, 1.2861328125, 1.5625, 4.43359375, 1.181640625, 8.9921875, 0.07891845703125, 0.64453125, 4.10546875, 10.859375, 0.1390380859375, 0.460205078125, 11.0859375, 0.045196533203125, 3.625, 7.83984375, 0.00949859619140625, 1.69140625, 7.96875, 3.9921875, 4.4375, 6.54296875, 0.71923828125, 7.4921875, 0.08355712890625, 4.55078125, 0.012054443359375, 0.7314453125, 4.1328125, 3.14453125, 1.056640625, 6.53515625, 7.46875, 0.0224456787109375, 0.005702972412109375, 5.75, 1.638671875, 0.58056640625, 6.35546875, 1.677734375, 2.41015625, 4.046875, 1.4658203125, 6.87890625, 0.1572265625, 12.0234375, 0.0027065277099609375, 1.630859375, 4.75, 1.76171875, 0.001491546630859375, 2.322265625, 1.6142578125, 3.91015625, 2.634765625, 1.9404296875, 8.2578125, 0.89501953125, 0.9541015625, 2.09765625, 0.0203094482421875, 6.32421875, 3.13671875, 2.171875, 1.3056640625, 5.0234375, 6.0390625, 6.51171875, 4.796875, 5.3359375, 1.00390625, 1.1298828125, 5.46875, 7.3828125, 0.417724609375, 2.62109375, 7.5703125, 0.49267578125, 6.734375, 4.42578125, 0.314208984375, 0.7158203125, 0.133544921875, 0.0006189346313476562, 0.0215301513671875, 1.8251953125, 4.671875, 6.375, 7.359375, 2.134765625, 8.8671875, 2.1640625, 1.087890625, 6.484375, 1.0048828125, 1.51953125, 8.375, 0.04925537109375, 3.6484375, 2.908203125, 9.640625, 0.0001723766326904297, 1.140625, 0.00495147705078125, 0.0166168212890625, 0.1514892578125, 0.07391357421875, 3.16015625, 6.60546875, 3.94140625, 0.42919921875, 3.1953125, 5.02734375, 3.603515625, 14.1796875, 7.28515625, 12.421875, 0.022308349609375, 1.544921875, 0.0176849365234375, 0.321044921875, 2.75390625, 8.390625, 1.3603515625, 4.50390625, 1.47265625, 2.666015625, 0.11126708984375, 1.017578125, 4.4453125, 0.87353515625, 9.8984375, 11.6875, 0.005153656005859375, 0.97119140625, 4.5, 6.69921875, 2.380859375, 2.1484375, 8.921875, 1.5732421875, 7.79296875, 6.125, 7.484375, 0.68896484375, 2.484375, 1.8740234375, 7.5, 2.578125, 2.595703125, 0.019622802734375, 1.1640625, 4.94140625, 9.125, 4.69140625, 1.4931640625, 9.3046875, 0.048675537109375, 0.9697265625, 2.515625, 2.8515625, 5.6171875, 0.0030612945556640625, 12.875, 0.000324249267578125, 0.033233642578125, 1.9345703125, 5.1953125, 0.65576171875, 3.576171875, 3.59765625, 2.01171875, 0.035736083984375, 3.90234375, 3.84375, 6.8359375, 0.40966796875, 10.109375, 0.857421875, 0.59716796875, 0.11578369140625, 2.306640625, 4.90234375, 8.6484375, 0.228271484375, 1.5966796875, 5.48046875, 7.59375, 0.003467559814453125, 2.484375, 4.375]",-1.6179189115529273
170,1,test,2.6644586844684817,1.1566757458998014,1.6050072719964206,5.205705406649404,2.25986359603545,3.1357945545363597,14.360174056437929,9.843468185336071,11.475386060050912,28.056293821248673,19.23174709042539,22.420118429463635,2.862926656876377,1.2305001057650171,1.7195149325597212,5.593463641758471,2.4040984725351198,3.3595147237293976,17.512705689255,12.396431119495734,14.375251434114677,34.21557527727278,24.219616869303803,28.085751356825206,2.7642803758283123,1.2063033458336598,1.6719854883078649,5.400732757398669,2.356823877987151,3.2666537286014936,15.867617160178769,11.118413136725339,12.886509625149362,31.00147167711228,21.72268000123217,25.177111290754247,0.6180904522613065,-0.0019095477386934512,-0.006909547738693456,0.457286432160804,0.0022864321608040417,-0.0027135678391959628,0.39698492462311563,0.006984924623115618,0.011984924623115623,0.370919881305638,0.09536432575008247,0.14584584379329846,0.33333333333333337,0.39698492462311563,0.09623304492386753,0.15825370592528587,0.33838383838383834,0.3812709030100334,0.09746455910352259,0.15991383960625138,0.325503355704698,22.0,0.0,0.0,33.0,-2.0,0.0,43.0,0.0,1.0,-0.0012995878936494063,-0.00013997379150525996,-0.00042185513126007665,0.008986184365739724,0.0070317911220492135,0.008196910397837875,"[3.056640625, 9.4453125, 2.4296875, 1.0791015625, 1.802734375, 5.20703125, 0.02069091796875, 2.236328125, 8.28125, 3.748046875, 4.8515625, 9.09375, 3.97265625, 5.1875, 0.67822265625, 0.096923828125, 3.86328125, 1.326171875, 3.541015625, 0.01837158203125, 8.65625, 8.9375, 1.8173828125, 5.35546875, 4.3671875, 8.40625, 2.3984375, 1.27734375, 3.890625, 6.828125, 3.595703125, 0.272216796875, 1.2919921875, 5.984375, 0.5712890625, 3.169921875, 0.2568359375, 10.5703125, 0.58642578125, 0.771484375, 1.673828125, 0.04913330078125, 0.0124664306640625, 9.3203125, 9.8203125, 3.5, 3.791015625, 4.90234375, 3.71484375, 1.291015625, 3.587890625, 3.353515625, 6.078125, 0.21923828125, 5.0625, 9.90625, 0.050811767578125, 0.8642578125, 0.28564453125, 0.043731689453125, 0.0211944580078125, 4.62890625, 1.2685546875, 3.6015625, 12.21875, 8.1484375, 0.004230499267578125, 0.2587890625, 5.5546875, 1.1669921875, 6.08984375, 0.074462890625, 0.09783935546875, 0.10333251953125, 0.00908660888671875, 0.0232086181640625, 2.759765625, 4.609375, 1.7177734375, 0.759765625, 0.052734375, 1.9326171875, 4.25, 4.7265625, 4.29296875, 4.47265625, 1.125, 0.654296875, 4.28125, 0.08837890625, 0.646484375, 7.1171875, 3.37109375, 9.2109375, 1.625, 1.044921875, 4.671875, 5.33984375, 0.36572265625, 1.1044921875, 1.9560546875, 6.2421875, 1.8720703125, 1.2216796875, 1.7353515625, 2.1875, 1.1552734375, 5.3515625, 1.1884765625, 5.38671875, 6.86328125, 1.0537109375, 6.359375, 4.125, 1.8291015625, 3.53125, 7.80078125, 3.1796875, 0.06988525390625, 0.4072265625, 7.19921875, 0.317138671875, 0.94970703125, 2.625, 0.07861328125, 0.0975341796875, 0.024749755859375, 0.00472259521484375, 0.019622802734375, 0.486328125, 7.5625, 1.689453125, 6.3046875, 0.63623046875, 3.673828125, 5.28125, 0.93994140625, 7.9296875, 0.1724853515625, 2.072265625, 4.28125, 1.05859375, 9.4453125, 9.9453125, 1.0517578125, 3.734375, 0.00890350341796875, 0.13134765625, 0.0003292560577392578, 0.0022830963134765625, 0.002155303955078125, 1.6279296875, 0.0016431808471679688, 0.0126800537109375, 6.58984375, 4.5703125, 0.277587890625, 6.80859375, 11.3359375, 1.0966796875, 0.00341033935546875, 0.006931304931640625, 2.990234375, 0.00553131103515625, 2.482421875, 0.1080322265625, 1.62109375, 5.76953125, 0.2198486328125, 0.5458984375, 0.0006575584411621094, 0.0013914108276367188, 0.9658203125, 0.03997802734375, 4.48046875, 1.4130859375, 0.393798828125, 7.56640625, 1.38671875, 0.00021374225616455078, 0.00499725341796875, 5.69140625, 0.006252288818359375, 0.64208984375, 2.294921875, 0.2017822265625, 0.00011670589447021484, 0.045501708984375, 2.49609375, 12.1875, 0.0555419921875, 0.12457275390625, 8.2578125, 2.265625, 0.11419677734375, 0.71728515625, 0.5400390625, 0.82861328125, 1.68359375, 0.00417327880859375, 0.007587432861328125, 0.00566864013671875, 0.005771636962890625, 5.8515625, 7.5234375, 1.7802734375, 9.75, 3.640625, 0.305908203125, 0.00455474853515625, 0.007015228271484375, 0.0009441375732421875, 0.462158203125, 0.0008649826049804688, 6.90625, 5.484375, 1.2197265625, 0.65673828125, 7.17578125, 0.04833984375, 0.358642578125, 4.39453125, 2.85546875, 0.168701171875, 0.0245208740234375, 0.888671875, 0.2763671875, 4.390625, 0.003124237060546875, 0.0007944107055664062, 0.05731201171875, 0.00464630126953125, 1.0869140625, 1.38671875, 0.57470703125, 0.0726318359375, 0.426513671875, 0.0137481689453125, 0.0003581047058105469, 0.002201080322265625, 0.0014095306396484375, 0.0007157325744628906, 1.8291015625, 1.8232421875, 0.056549072265625, 0.022125244140625, 8.2578125, 0.615234375, 5.48828125, 6.51953125, 0.395751953125, 3.05078125, 2.4140625, 4.77734375, 0.2216796875, 0.19677734375, 6.8515625, 6.8671875, 2.806640625, 5.53125, 2.41796875, 0.00023508071899414062, 8.46875, 6.203125, 0.07000732421875, 5.43359375, 2.4921875, 2.125, 6.08203125, 10.8203125, 10.7109375, 2.271484375, 5.13671875, 1.6318359375, 1.2900390625, 0.4501953125, 0.08258056640625, 0.0206146240234375, 0.94482421875, 4.8828125, 0.0865478515625, 0.61865234375, 8.0546875, 0.08221435546875, 1.890625, 11.078125, 1.154296875, 2.046875, 7.9296875, 7.375, 1.8173828125, 0.445556640625, 0.003429412841796875, 0.75244140625, 0.06219482421875, 9.9375, 8.0078125, 0.22265625, 0.046356201171875, 2.478515625, 1.9228515625, 5.29296875, 3.177734375, 1.791015625, 0.0231781005859375, 3.3671875, 0.33544921875, 3.63671875, 0.53955078125, 0.245361328125, 9.0078125, 0.364501953125, 0.0362548828125, 5.0859375, 1.1005859375, 0.90576171875, 0.498779296875, 0.01255035400390625, 0.343505859375, 1.4296875, 3.060546875, 1.6181640625, 0.1392822265625, 0.0028133392333984375, 0.1463623046875, 3.1171875, 3.48046875, 3.078125, 2.46484375, 0.54150390625, 0.7451171875, 0.06768798828125, 1.349609375, 2.6640625, 0.18115234375, 0.026031494140625, 3.2578125]",-1.634176321482446
343,1,test,2.8686718931794166,1.2271433206968538,1.5367872842394712,5.112610796288649,2.187042095997504,2.7388964488001246,17.613609903471154,12.45055431529329,13.825434008849635,31.3913669835197,22.189654579700484,24.639995722438684,3.401241953049473,1.4848131384937047,2.0902374914999147,6.0617689918792825,2.6462669712710025,3.7252677070731806,30.001337171419095,23.204694166371603,26.29143887993382,53.4690498032847,41.35592160317783,46.857186626015384,2.9099943845168403,1.269362217431457,1.7742599847382812,5.186256658627791,2.262285551955619,3.1621255728002255,18.356695485014132,13.198266013983485,15.243236257747723,32.71571061995852,23.522242984921682,27.1668343971415,0.6582914572864322,0.003291457286432209,-0.0017085427135676845,0.5728643216080402,-0.0021356783919597166,0.0028643216080401768,0.48743718592964824,0.0024371859296482556,-0.002562814070351749,0.42500000000000004,0.12662297128589273,0.15911534701857288,0.3609022556390977,0.42211055276381915,0.10882734474376898,0.18504878314779238,0.38383838383838387,0.4280936454849499,0.14428730157843905,0.203399540924327,0.3389261744966443,22.0,12.0,12.0,33.0,14.0,14.0,41.0,16.0,16.0,-0.0009073285187924141,-0.0012654546492021522,-0.00027063326611571084,0.015268612008211946,0.016359513378169765,0.0159917422952498,"[3.056640625, 9.4453125, 2.48046875, 1.80859375, 1.8740234375, 6.21484375, 0.896484375, 2.8515625, 0.0151214599609375, 0.7958984375, 3.228515625, 7.140625, 2.8828125, 6.86328125, 3.0234375, 5.765625, 5.02734375, 6.01171875, 4.89453125, 1.421875, 2.708984375, 7.5703125, 0.1307373046875, 6.1640625, 2.318359375, 10.7265625, 11.6640625, 3.20703125, 3.388671875, 0.003948211669921875, 0.0031280517578125, 0.74267578125, 6.421875, 7.51953125, 0.368408203125, 0.1986083984375, 12.6328125, 2.76953125, 10.8828125, 4.52734375, 5.51171875, 4.26953125, 1.1474609375, 3.068359375, 5.2265625, 12.71875, 0.322021484375, 2.353515625, 7.92578125, 5.8515625, 3.890625, 0.86376953125, 0.26708984375, 3.09375, 5.68359375, 9.2109375, 4.265625, 3.73046875, 1.568359375, 10.28125, 2.724609375, 0.53271484375, 9.0859375, 2.96875, 10.3359375, 7.08984375, 1.546875, 15.109375, 2.3125, 0.01543426513671875, 8.1875, 3.384765625, 4.52734375, 6.359375, 0.433349609375, 6.5234375, 3.26171875, 3.205078125, 1.6630859375, 2.826171875, 1.6552734375, 9.765625, 5.25, 2.52734375, 1.66796875, 8.7421875, 3.201171875, 1.3388671875, 8.4921875, 5.1015625, 2.21484375, 4.70703125, 4.48828125, 0.1885986328125, 4.02734375, 3.03125, 6.12890625, 0.12127685546875, 0.07611083984375, 0.05389404296875, 8.1015625, 1.2138671875, 3.388671875, 0.43115234375, 0.487060546875, 4.953125, 1.6982421875, 11.3125, 2.908203125, 2.25, 3.87109375, 3.90234375, 1.771484375, 4.38671875, 0.0018854141235351562, 0.330078125, 5.18359375, 8.34375, 3.267578125, 7.71484375, 3.724609375, 5.4609375, 5.03125, 0.01071929931640625, 2.15625, 0.0133209228515625, 0.591796875, 0.025360107421875, 1.455078125, 0.0006999969482421875, 0.05157470703125, 7.1796875, 5.18359375, 5.5078125, 4.2265625, 2.783203125, 5.44140625, 2.05078125, 0.02923583984375, 0.3203125, 0.5576171875, 0.0012845993041992188, 0.0005350112915039062, 4.45703125, 4.453125, 0.0305938720703125, 0.050933837890625, 0.99560546875, 0.0006365776062011719, 0.0015878677368164062, 5.93359375, 0.01477813720703125, 1.185546875, 0.1552734375, 4.9375, 0.389404296875, 0.07550048828125, 0.287841796875, 8.58306884765625e-05, 0.0034637451171875, 6.21484375, 3.615234375, 3.712890625, 0.271728515625, 0.82958984375, 0.0001914501190185547, 0.0012989044189453125, 4.453125, 5.078125, 0.75, 0.84619140625, 0.05621337890625, 0.5927734375, 0.0174713134765625, 0.58056640625, 0.000278472900390625, 0.002422332763671875, 8.515625, 9.8828125, 3.59375, 7.58203125, 7.9453125, 8.8828125, 1.7822265625, 5.515625, 0.6875, 6.7890625, 4.46484375, 0.5263671875, 0.02899169921875, 0.52099609375, 0.064208984375, 0.89306640625, 0.9169921875, 0.048248291015625, 0.00014019012451171875, 0.0024394989013671875, 5.0, 0.73193359375, 0.1473388671875, 0.3291015625, 0.46826171875, 0.0240936279296875, 0.92822265625, 0.00014984607696533203, 0.0016384124755859375, 2.11328125, 0.21923828125, 9.125, 0.0005469322204589844, 0.36279296875, 9.751319885253906e-05, 0.0030498504638671875, 4.08203125, 0.059967041015625, 7.8125, 5.453125, 6.3203125, 0.0043487548828125, 0.128662109375, 0.00986480712890625, 0.09185791015625, 0.80419921875, 0.0007534027099609375, 0.001972198486328125, 0.0005946159362792969, 7.41015625, 6.65625, 0.16357421875, 0.23388671875, 0.7919921875, 8.0859375, 0.0160064697265625, 4.51171875, 5.234375, 0.336181640625, 0.4560546875, 5.0703125, 0.0002694129943847656, 7.29296875, 5.41796875, 5.69921875, 1.1220703125, 2.828125, 0.004329681396484375, 0.421142578125, 4.16015625, 2.908203125, 3.400390625, 0.0760498046875, 0.0160675048828125, 0.035308837890625, 0.0003771781921386719, 12.046875, 5.81640625, 4.54296875, 5.69921875, 3.4296875, 3.212890625, 2.009765625, 0.04156494140625, 0.0028839111328125, 4.31640625, 0.88525390625, 0.0255584716796875, 0.01015472412109375, 0.0018243789672851562, 0.87890625, 1.412109375, 2.2734375, 0.081787109375, 1.919269561767578e-05, 3.349781036376953e-05, 0.003414154052734375, 0.0196685791015625, 0.0012416839599609375, 0.0003688335418701172, 7.609375, 1.37109375, 0.57275390625, 0.0516357421875, 0.0679931640625, 4.01953125, 0.50048828125, 1.3896484375, 4.88671875, 0.1839599609375, 4.08203125, 1.126953125, 5.93359375, 1.341796875, 0.368896484375, 1.4130859375, 0.01201629638671875, 0.0640869140625, 0.03143310546875, 0.12213134765625, 0.00508880615234375, 2.9375, 0.0203857421875, 0.0009584426879882812, 3.275390625, 4.6796875, 0.053863525390625, 0.57958984375, 0.0230712890625, 0.09466552734375, 1.31640625, 1.8984375, 0.300537109375, 0.03955078125, 0.062347412109375, 0.395751953125, 0.525390625, 5.69921875, 3.521484375, 2.712890625, 7.27734375, 0.853515625, 3.349609375, 1.416015625, 3.544921875, 7.109375, 3.59765625, 1.1103515625, 3.16796875, 1.2060546875, 0.9140625, 0.328125, 1.498046875, 2.958984375, 2.958984375, 6.33203125, 7.19921875, 0.0007529258728027344, 11.578125, 4.39453125, 1.8701171875, 10.2578125, 0.25732421875, 1.248046875, 4.66796875, 5.859375, 0.271728515625, 1.6181640625, 8.234375, 6.06640625, 0.178466796875, 0.0008406639099121094, 7.83203125, 0.0014772415161132812, 3.150390625, 2.626953125, 5.63671875, 1.408203125, 0.08502197265625, 0.1754150390625, 0.290771484375, 3.00390625, 0.01953125, 1.6123046875, 2.734375, 2.8984375, 2.73046875, 4.3203125, 2.318359375, 2.763671875, 0.4111328125, 4.61328125, 1.4716796875, 0.99462890625, 7.0078125, 5.59765625, 5.2734375, 3.79296875, 7.5546875, 3.029296875, 2.2421875, 0.044036865234375, 0.61474609375, 0.043609619140625, 0.96142578125, 0.2081298828125, 0.0401611328125, 0.026611328125, 7.359375, 4.1484375, 1.5888671875, 2.095703125, 4.4453125, 0.62353515625, 1.95703125, 1.318359375, 1.2275390625, 3.015625, 5.7421875, 8.796875, 4.05078125, 1.5146484375, 2.412109375]",-1.988392353951931
138,1,test,3.462766859266493,1.5774083181838652,2.1708177663964703,6.213333442513636,2.830385138301545,3.8951552829667158,31.905131510963997,25.316415166902562,28.265257411940805,57.24821469697795,45.425908065435095,50.71709308667393,3.5300503831412926,1.537257344765897,2.1520342561694825,6.3340620349982055,2.758341193090581,3.8614515376658085,34.12568693074807,26.78969204084813,30.158663186438048,61.2326155565905,48.0694474208126,54.114480752970394,3.462766859266493,1.5774083181838652,2.1708177663964703,6.213333442513636,2.830385138301545,3.8951552829667158,31.905131510963997,25.316415166902562,28.265257411940805,57.24821469697795,45.425908065435095,50.71709308667393,0.7587939698492463,0.013793969849246301,0.018793969849246306,0.5979899497487438,0.007989949748743674,0.002989949748743781,0.49246231155778897,0.0024623115577889765,0.0024623115577889765,0.41666666666666663,0.09983498349834985,0.16204925241864554,0.35856573705179284,0.44221105527638194,0.12391531592801097,0.1867853457605222,0.38888888888888884,0.41666666666666663,0.09983498349834985,0.16204925241864554,0.35856573705179284,21.0,10.0,10.0,34.0,17.0,16.0,41.0,13.0,14.0,-0.00029025347230917883,0.0001688629003548394,-0.00024169291661967462,5.857619511928647e-05,0.00012331829868550415,-0.00012440840417138332,"[3.0625, 9.453125, 2.48046875, 1.494140625, 9.8203125, 3.849609375, 0.479736328125, 6.66796875, 8.6640625, 6.9921875, 5.4765625, 0.446533203125, 4.8671875, 2.927734375, 6.1328125, 5.546875, 2.59375, 4.609375, 7.73828125, 8.703125, 3.947265625, 7.1953125, 3.09375, 4.73828125, 6.7265625, 10.828125, 7.1796875, 1.6484375, 6.25, 5.046875, 3.267578125, 7.11328125, 6.80078125, 13.9375, 6.3828125, 4.9921875, 1.0283203125, 1.125, 3.275390625, 8.6953125, 1.005859375, 3.57421875, 1.23046875, 0.1741943359375, 3.30078125, 3.2265625, 1.7841796875, 1.3525390625, 0.68212890625, 9.15625, 0.27197265625, 0.61865234375, 1.578125, 2.431640625, 0.74267578125, 6.60546875, 0.79638671875, 1.1220703125, 3.904296875, 0.1263427734375, 1.580078125, 6.625, 4.7890625, 1.0712890625, 3.921875, 0.21337890625, 1.087890625, 6.1796875, 2.0234375, 1.3828125, 1.19921875, 4.21484375, 2.48828125, 6.59765625, 2.154296875, 10.890625, 0.61572265625, 3.78515625, 7.92578125, 0.79052734375, 2.44921875, 5.2734375, 0.07373046875, 3.33984375, 1.431640625, 0.7705078125, 0.393310546875, 0.177490234375, 1.2080078125, 0.88720703125, 8.0703125, 8.734375, 0.64013671875, 1.96875, 1.3486328125, 5.64453125, 2.240234375, 0.62646484375, 3.490234375, 0.599609375, 2.39453125, 0.916015625, 5.99609375, 1.7001953125, 9.734375, 3.443359375, 0.91162109375, 0.908203125, 3.05078125, 6.8203125, 7.34375, 1.4443359375, 5.49609375, 2.712890625, 6.51171875, 2.486328125, 1.595703125, 0.89501953125, 0.202392578125, 1.486328125, 3.669921875, 0.0205230712890625, 0.1932373046875, 4.07421875, 0.8642578125, 6.3203125, 0.87353515625, 0.94921875, 5.33203125, 3.482421875, 2.990234375, 0.028411865234375, 0.3427734375, 3.74609375, 1.142578125, 0.2061767578125, 0.1898193359375, 0.059600830078125, 4.10546875, 6.1328125, 2.6796875, 2.85546875, 5.20703125, 5.3125, 2.00390625, 1.2412109375, 6.90625, 9.9609375, 1.92578125, 6.328125, 4.5625, 0.01468658447265625, 5.85546875, 1.21875, 2.75, 5.98046875, 4.5625, 6.63671875, 0.5322265625, 4.38671875, 10.4375, 1.7099609375, 3.814453125, 7.8203125, 2.958984375, 0.78271484375, 0.11083984375, 2.724609375, 1.0048828125, 3.548828125, 0.03460693359375, 1.6767578125, 4.6796875, 8.65625, 0.0265960693359375, 0.1551513671875, 4.98046875, 3.42578125, 2.544921875, 0.6669921875, 3.697265625, 4.5703125, 4.328125, 0.020782470703125, 1.7255859375, 4.14453125, 1.7119140625, 7.46875, 0.0215911865234375, 6.046875, 0.5986328125, 0.69970703125, 12.234375, 8.1328125, 5.8125, 0.26318359375, 3.93359375, 2.337890625, 2.814453125, 0.0198211669921875, 0.69140625, 3.26953125, 0.144775390625, 0.103271484375, 0.00890350341796875, 0.07147216796875, 0.00830078125, 0.0102386474609375, 5.15234375, 3.119140625, 1.9755859375, 1.8955078125, 0.1583251953125, 1.8857421875, 4.33203125, 2.646484375, 4.69140625, 2.81640625, 6.15625, 7.74609375, 5.37890625, 6.40234375, 3.556640625, 12.0625, 12.0234375, 3.78125, 5.07421875, 6.2109375, 1.78515625, 0.72265625, 11.4609375, 6.5234375, 2.884765625, 7.421875, 0.75537109375, 3.037109375, 0.0411376953125, 1.03125, 1.7412109375, 1.6591796875, 2.6484375, 0.0025482177734375, 6.87109375, 2.462890625, 0.892578125, 3.154296875, 0.2000732421875, 1.36328125, 8.234375, 0.149658203125, 1.712890625, 2.58203125]",-0.6740558412339954
292,1,test,4.094664498930067,1.928492253444758,2.637992077593023,6.551463198288107,3.0855876055116127,4.220787324148836,60.019199273590395,51.29437571401911,55.7275443512451,96.03071883774463,82.07100114243057,89.16407096199215,4.189172279894652,1.9202885451772467,2.6801038835603936,6.702675647831443,3.072461672283595,4.28816621369663,65.96816517946812,56.29956311622371,61.445649540423766,105.54906428714898,90.07930098595793,98.31303926467803,4.093170618931187,1.9474583931477385,2.6458491392738512,6.549072990289899,3.115933429036381,4.233358622838162,59.92960473065681,51.38147746429409,55.67789377528865,95.8873675690509,82.21036394287054,89.08463004046185,0.7738693467336684,0.003869346733668344,0.013869346733668353,0.6482412060301508,0.0032412060301507672,0.0032412060301507672,0.5628140703517588,-0.007185929648241274,-0.0021859296482411583,0.45141065830721006,0.12903194156229614,0.21157749876602128,0.4339622641509434,0.4522613065326633,0.1289530358559715,0.20685229150762152,0.43939393939393945,0.4448160535117057,0.12428182980552871,0.21011082548056004,0.4295302013422819,27.0,7.0,7.0,38.0,3.0,4.0,49.0,7.0,9.0,-0.00048343679947383,-0.00021138711518862201,-2.1940409879863093e-05,-0.0004280565422867255,-2.617532955007107e-05,0.00011039691273584396,"[3.056640625, 9.4453125, 2.4296875, 1.0791015625, 7.80078125, 0.828125, 12.8046875, 0.353759765625, 3.205078125, 6.84375, 6.26171875, 1.74609375, 7.38671875, 0.346923828125, 8.7734375, 2.5390625, 1.03125, 12.2890625, 6.609375, 3.443359375, 3.875, 0.1318359375, 8.609375, 0.0908203125, 1.5986328125, 5.53125, 2.787109375, 6.23828125, 10.8828125, 9.0546875, 0.1806640625, 6.96875, 4.1796875, 0.1341552734375, 9.2890625, 4.2109375, 0.89501953125, 7.578125, 7.3984375, 5.6484375, 1.3525390625, 7.7578125, 3.716796875, 0.425048828125, 0.07708740234375, 3.29296875, 7.80859375, 4.953125, 5.92578125, 7.0703125, 4.1640625, 4.34375, 6.0625, 4.71875, 11.90625, 0.18408203125, 8.3984375, 3.265625, 12.0546875, 3.615234375, 0.70654296875, 4.53515625, 4.96875, 5.33984375, 1.9609375, 0.10107421875, 1.404296875, 4.85546875, 5.34765625, 5.92578125, 6.54296875, 1.8046875, 8.703125, 7.48046875, 0.203125, 2.677734375, 0.0191802978515625, 1.2080078125, 3.267578125, 0.055511474609375, 0.051483154296875, 2.916015625, 5.87890625, 0.7177734375, 0.031890869140625, 0.318359375, 7.63671875, 10.6640625, 0.292724609375, 4.6015625, 6.22265625, 0.5380859375, 0.0257720947265625, 0.139892578125, 2.236328125, 5.30859375, 0.300048828125, 0.002750396728515625, 7.71875, 4.77734375, 11.234375, 2.1796875, 1.7783203125, 3.76953125, 7.63671875, 1.3095703125, 5.73046875, 9.6484375, 3.37109375, 2.6015625, 0.34326171875, 3.185546875, 6.77734375, 4.51171875, 6.85546875, 7.421875, 1.521484375, 0.315185546875, 6.54296875, 2.583984375, 0.442626953125, 4.84375, 5.73046875, 2.662109375, 6.21875, 0.2509765625, 4.94140625, 6.0234375, 0.03045654296875, 1.1337890625, 8.2734375, 0.5791015625, 7.51953125, 0.42041015625, 7.078125, 0.6806640625, 3.384765625, 7.51953125, 8.4921875, 0.08251953125, 3.98828125, 3.8046875, 1.5419921875, 4.90234375, 1.978515625, 6.94140625, 0.07080078125, 4.859375, 2.4921875, 4.6328125, 0.27685546875, 4.69140625, 1.728515625, 8.578125, 0.06549072265625, 8.03125, 10.6484375, 1.412109375, 2.23046875, 3.740234375, 11.984375, 0.2445068359375, 1.6845703125, 0.2137451171875, 11.734375, 6.734375, 1.2705078125, 12.109375, 2.609375, 1.5068359375, 7.46875, 3.884765625, 3.97265625, 11.046875, 1.2568359375, 0.9697265625, 4.63671875, 0.2802734375, 1.2216796875, 2.166015625, 5.1796875, 2.6015625, 7.59375, 7.3828125, 0.2022705078125, 2.92578125, 0.031463623046875, 5.4921875, 0.003200531005859375, 11.90625, 4.6953125, 9.5234375, 0.859375, 0.71728515625, 5.87890625, 1.943359375, 3.841796875, 8.125, 1.4267578125, 0.55078125, 1.1884765625, 6.88671875, 7.2109375, 0.444091796875, 1.2109375, 5.40625, 8.90625, 11.078125, 0.1007080078125, 7.328125, 1.6484375, 6.41796875, 8.7578125, 0.436279296875, 0.486083984375, 8.5859375, 0.9287109375, 2.42578125, 4.046875, 2.650390625, 8.078125, 8.1484375, 3.267578125, 9.453125, 4.62890625, 4.2421875, 1.0771484375, 3.75390625, 4.7578125, 3.513671875, 6.0546875, 0.214599609375, 6.44140625, 0.07159423828125, 0.193359375, 4.38671875, 8.0390625, 0.07025146484375, 3.294921875, 3.7109375, 9.0703125, 0.207763671875, 0.9306640625, 0.2435302734375, 6.65625, 3.509765625, 3.267578125, 7.98828125, 1.7314453125, 0.0149688720703125, 0.265380859375, 1.3134765625, 5.390625, 10.390625, 6.03125, 4.6328125, 3.927734375, 0.039642333984375, 0.00844573974609375, 0.7421875, 9.640625, 8.578125, 1.0439453125, 4.38671875, 3.900390625, 3.138671875, 9.6328125, 0.1842041015625, 1.4248046875, 9.6953125, 1.05078125, 0.2005615234375, 7.55859375, 5.91015625, 3.802734375, 1.3583984375, 2.865234375, 5.87890625, 3.189453125, 6.24609375, 0.047882080078125, 1.9599609375, 3.70703125, 5.12109375, 7.2890625, 1.1435546875, 0.2435302734375, 7.9765625, 4.37109375, 0.09588623046875, 3.064453125, 0.08551025390625, 0.361572265625, 1.99609375, 2.314453125, 2.484375, 7.39453125, 10.3984375, 5.61328125, 0.46533203125, 0.54541015625, 8.4609375, 3.9921875, 1.69921875, 9.953125, 7.14453125, 7.1484375, 7.69921875, 2.220703125, 0.86083984375, 0.53564453125, 4.6953125, 8.6953125, 4.4453125, 3.80859375, 1.5302734375, 1.11328125, 6.82421875, 0.841796875]",-1.2767191680621206
85,1,test,2.7182341610843483,1.1623210255693113,1.574120040352976,5.13121207948008,2.1941140215292347,2.9714672419497354,15.153539894799067,10.414127619269173,12.013881128909008,28.605345362909468,19.65875427594662,22.678609831576896,2.6768407989386938,1.0401145462227057,1.481629992622248,5.05307380762224,1.9634247851155888,2.7968737293885213,14.539088760711904,9.400768375725974,11.234834505956407,27.445445628509635,17.745835490006783,21.208003104826798,2.7002603628962336,1.134481104005811,1.5954084697852475,5.097282931028719,2.1415605867061562,3.011653421573221,14.883606359303535,10.097203028940871,11.864829025327584,28.095791683605068,19.060495557305494,22.397244095939236,0.6331658291457287,0.0031658291457287158,-0.006834170854271293,0.4824120603015075,0.012412060301507544,0.007412060301507539,0.38190954773869346,-0.008090452261306558,-0.008090452261306558,0.41193181818181823,0.09278288201160545,0.1509347507331379,0.40740740740740744,0.42713567839195976,0.10633367337942845,0.16503217254888802,0.41414141414141414,0.4147157190635451,0.09585094443917119,0.15998824409135382,0.412751677852349,14.0,3.0,3.0,28.0,12.0,12.0,35.0,9.0,9.0,0.00034703861566745835,-9.425560043813366e-05,4.0007425977541555e-05,0.006707653742799913,0.008835851109336268,0.006837889036106937,"[3.056640625, 6.44140625, 0.03302001953125, 0.005214691162109375, 0.009490966796875, 0.62646484375, 2.7578125, 6.171875, 3.40625, 0.67822265625, 5.97265625, 1.865234375, 12.75, 0.204833984375, 1.76953125, 0.00701904296875, 0.36865234375, 10.3359375, 0.06207275390625, 7.734375, 1.474609375, 1.44140625, 0.24951171875, 0.1339111328125, 0.75, 1.833984375, 4.69921875, 6.02734375, 2.27734375, 4.078125, 1.1826171875, 7.92578125, 3.291015625, 0.00390625, 0.82861328125, 5.9296875, 1.076171875, 6.7265625, 5.76953125, 0.29345703125, 1.4501953125, 5.921875, 1.048828125, 6.51953125, 4.27734375, 0.391845703125, 0.93212890625, 6.3125, 4.6484375, 5.23046875, 2.1953125, 0.06524658203125, 2.927734375, 0.005706787109375, 0.011566162109375, 0.004192352294921875, 0.0160369873046875, 2.751953125, 0.09588623046875, 0.0007519721984863281, 0.00797271728515625, 0.0024166107177734375, 3.12109375, 0.007488250732421875, 0.178955078125, 0.984375, 4.02734375, 0.90869140625, 4.3828125, 0.35791015625, 0.0177154541015625, 0.00020074844360351562, 0.37548828125, 5.83984375, 1.9130859375, 2.193359375, 9.5859375, 1.7197265625, 5.77734375, 1.0361328125, 4.25390625, 2.744140625, 3.359375, 0.1959228515625, 1.1142578125, 5.53515625, 0.845703125, 3.357421875, 4.39453125, 3.916015625, 3.21484375, 5.34375, 0.12249755859375, 0.34423828125, 0.0132293701171875, 0.0002455711364746094, 0.07354736328125, 0.0008478164672851562, 4.26171875, 5.49609375, 1.2939453125, 0.140625, 8.71875, 0.5498046875, 2.69921875, 0.0012674331665039062, 0.18310546875, 0.859375, 5.58984375, 1.537109375, 2.2734375, 5.55078125, 0.1466064453125, 4.86328125, 1.744140625, 1.83203125, 5.91015625, 9.0234375, 1.4228515625, 5.625, 1.529296875, 4.57421875, 0.78076171875, 0.66455078125, 5.51171875, 2.3515625, 6.23046875, 0.48876953125, 8.203125, 0.7900390625, 4.109375, 5.08984375, 0.87548828125, 3.119140625, 0.36083984375, 3.19921875, 4.23046875, 0.1678466796875, 0.221923828125, 3.96875, 2.94921875, 3.478515625, 1.3525390625, 5.015625, 1.6552734375, 0.0237884521484375, 0.311279296875, 0.61181640625, 4.41796875, 5.0859375, 2.37109375, 2.962890625, 7.28515625, 4.2890625, 6.453125, 1.3369140625, 1.6396484375, 5.1796875, 0.0909423828125, 0.2451171875, 0.79150390625, 0.32421875, 0.0261688232421875, 0.78759765625, 1.224609375, 3.08203125, 0.05322265625, 5.01171875, 1.779296875, 3.982421875, 1.662109375, 2.947265625, 1.1630859375, 6.3984375, 3.421875, 0.6767578125, 2.17578125, 1.5927734375, 2.373046875, 4.55859375, 1.955078125, 4.44140625, 6.3359375, 1.6689453125, 0.86376953125, 0.137451171875, 6.29296875, 2.28515625, 1.0615234375, 0.3544921875, 2.80859375, 3.33203125, 1.7998046875, 0.7958984375, 2.294921875, 7.57421875, 1.8515625, 1.93359375, 8.828125, 4.63671875, 2.54296875, 2.1015625, 3.236328125, 2.927734375, 2.59765625, 0.3974609375, 1.240234375, 5.16796875, 3.478515625, 5.06640625, 3.44140625, 1.4130859375, 0.2939453125, 5.8125, 0.382080078125, 5.55078125, 2.33984375, 3.001953125, 1.43359375, 1.7607421875, 3.1796875, 6.47265625, 0.290283203125, 1.15625, 4.390625, 1.4755859375, 1.29296875, 8.4609375, 1.134765625, 0.9033203125, 9.234375, 1.701171875, 3.939453125, 3.66796875, 6.8203125, 0.5634765625, 8.359375, 2.541015625, 2.17578125, 5.33984375, 0.042083740234375, 2.345703125, 0.239013671875, 1.4267578125, 5.4140625, 0.2578125, 10.1953125, 5.09765625, 5.2734375, 5.20703125, 4.8125, 6.05078125, 1.34375, 0.33056640625, 2.357421875, 0.2388916015625, 10.5390625, 3.677734375, 6.13671875, 3.85546875, 1.453125, 7.69140625, 0.6015625, 4.015625, 5.75390625, 6.7109375, 0.62548828125, 4.37890625, 0.220458984375, 3.5390625, 2.376953125, 2.943359375, 0.010406494140625, 0.62451171875, 0.19482421875, 0.1536865234375, 0.89599609375, 3.669921875, 2.373046875, 0.07110595703125, 2.158203125, 0.77099609375, 2.55078125, 1.708984375, 3.533203125, 0.1790771484375, 1.939453125, 4.44921875, 0.9990234375, 0.10162353515625, 1.154296875, 2.015625, 0.049041748046875, 0.013763427734375, 0.1282958984375, 0.09442138671875, 0.09210205078125, 0.390380859375, 0.479248046875, 1.7314453125, 1.828125, 1.90625, 3.845703125, 0.74609375, 0.1866455078125, 0.1439208984375, 1.7138671875, 0.358642578125, 0.01058197021484375, 0.00675201416015625, 0.017333984375, 0.1788330078125, 0.01436614990234375, 0.344482421875, 4.421875, 0.59912109375, 6.94140625, 1.6865234375, 6.93359375, 2.8125, 6.75390625, 6.1875, 0.01105499267578125, 2.59765625, 7.73046875, 0.9794921875, 10.2421875, 1.3701171875, 2.42578125, 3.017578125, 4.86328125, 3.724609375, 5.15625, 2.67578125, 1.9384765625, 0.65966796875, 5.171875, 2.35546875, 4.28515625, 1.646484375, 0.65087890625, 2.984375, 5.71484375, 5.4140625, 6.58984375, 0.1468505859375, 1.1611328125, 9.2421875, 0.9970703125, 5.47265625, 0.41015625, 0.018218994140625]",-1.6774982417171653
218,1,test,3.5028470019904936,1.6075926012477355,2.1785733408273398,6.732034081950479,3.089592030522991,4.186945639402543,33.20986605111719,26.555625017935093,29.450412325287758,63.82521131699084,51.036591831344,56.6000111876624,3.5350857835319176,1.5954934627144626,2.2144396832010873,6.793992990225403,3.0663389986543574,4.255876266152089,34.29795678790713,27.34204217697542,30.55211600335022,65.91638570175901,52.547987308874625,58.7173479439387,3.5028470019904936,1.6075926012477355,2.1785733408273398,6.732034081950479,3.089592030522991,4.186945639402543,33.20986605111719,26.555625017935093,29.450412325287758,63.82521131699084,51.036591831344,56.6000111876624,0.7889447236180904,-0.001055276381909609,-0.006055276381909613,0.6432160804020101,0.013216080402010055,0.01821608040201006,0.4824120603015075,0.017412060301507548,0.017412060301507548,0.4163265306122449,0.09046095016417977,0.1517403705036967,0.360655737704918,0.42211055276381915,0.08877721943048578,0.1566681487571413,0.3535353535353535,0.4163265306122449,0.09046095016417977,0.1517403705036967,0.360655737704918,24.0,2.0,4.0,37.0,2.0,3.0,43.0,1.0,1.0,-0.000551005004275172,1.8680547614356697e-05,-6.316798388331587e-05,1.0066742095027337e-05,8.484196204427974e-05,0.00010243434826673337,"[3.0625, 9.453125, 2.48046875, 1.494140625, 2.81640625, 6.35546875, 9.4375, 4.22265625, 8.3828125, 7.75390625, 6.0625, 1.4990234375, 2.283203125, 10.84375, 7.00390625, 2.78515625, 3.138671875, 8.96875, 10.765625, 2.0390625, 1.4521484375, 3.677734375, 0.056365966796875, 8.140625, 3.958984375, 4.9765625, 5.57421875, 3.40234375, 2.61328125, 2.197265625, 8.0625, 0.52197265625, 0.3798828125, 2.751953125, 4.484375, 0.191162109375, 1.951171875, 5.37890625, 5.41796875, 7.87890625, 4.24609375, 2.84765625, 8.453125, 7.13671875, 1.125, 0.1087646484375, 6.9765625, 0.2119140625, 6.24609375, 2.546875, 3.052734375, 0.049163818359375, 7.9765625, 1.943359375, 6.890625, 2.62890625, 5.29296875, 0.5869140625, 3.431640625, 3.701171875, 3.900390625, 9.0625, 1.59375, 4.734375, 4.46484375, 3.88671875, 4.39453125, 2.19921875, 0.0065765380859375, 1.4609375, 5.109375, 0.9169921875, 0.016571044921875, 1.5888671875, 0.1285400390625, 0.021026611328125, 0.7080078125, 0.73486328125, 8.7734375, 3.833984375, 1.3720703125, 3.876953125, 1.3779296875, 2.234375, 1.1123046875, 1.5498046875, 0.15087890625, 0.1578369140625, 3.638671875, 1.4384765625, 1.7900390625, 5.69140625, 2.2265625, 2.580078125, 5.671875, 0.269287109375, 3.44921875, 0.07904052734375, 1.974609375, 1.6474609375, 3.072265625, 6.64453125, 0.09979248046875, 6.84375, 2.83984375, 6.26953125, 7.40625, 4.76953125, 4.57421875, 4.9140625, 6.26953125, 7.046875, 2.64453125, 7.2890625, 4.734375, 0.239990234375, 0.60888671875, 3.1875, 1.310546875, 1.45703125, 3.1875, 0.58203125, 0.70849609375, 5.21484375, 13.03125, 8.8359375, 6.54296875, 2.69921875, 2.35546875, 3.21875, 8.9453125, 4.23828125, 2.37890625, 4.3125, 1.1806640625, 6.6640625, 10.0078125, 0.221435546875, 7.6875, 5.53125, 1.4892578125, 2.505859375, 4.046875, 0.396728515625, 0.26708984375, 6.71875, 0.93505859375, 1.501953125, 3.67578125, 0.01385498046875, 5.015625, 4.953125, 5.1484375, 3.69140625, 2.431640625, 9.2421875, 3.34765625, 0.1512451171875, 0.03704833984375, 0.78515625, 2.42578125, 2.041015625, 0.130615234375, 1.341796875, 4.76953125, 0.467529296875, 6.546875, 2.54296875, 1.4658203125, 5.8828125, 1.3291015625, 0.81640625, 6.40625, 0.9697265625, 2.4375, 1.3388671875, 5.38671875, 1.091796875, 1.3857421875, 4.890625, 2.12109375, 0.8134765625, 4.83984375, 9.6640625, 0.00727081298828125, 1.5615234375, 0.34716796875, 2.751953125, 8.875, 1.0517578125, 1.1142578125, 3.57421875, 0.4931640625, 3.0390625, 1.7666015625, 0.5732421875, 2.544921875, 6.5234375, 0.62109375, 0.038055419921875, 2.5703125, 1.029296875, 2.447265625, 8.8125, 1.18359375, 4.13671875, 8.421875, 0.01220703125, 0.177001953125, 6.46484375, 1.0439453125, 10.1953125, 2.609375, 0.6982421875, 5.71875, 2.21484375, 6.265625, 5.33984375, 2.34765625, 3.302734375, 1.541015625, 6.2734375, 4.453125, 0.59912109375, 0.43603515625, 0.235107421875, 4.78125, 15.4609375, 5.43359375, 1.6513671875, 0.57421875, 0.8955078125, 6.08984375, 0.99462890625, 0.2347412109375, 2.833984375, 5.5234375, 0.0085601806640625, 3.037109375, 8.5390625, 8.1875, 4.09375, 0.0020122528076171875, 0.0195159912109375, 0.0027923583984375]",-0.9825865765007173
228,1,test,4.345610171660313,2.07556515864722,2.821364303384117,7.110998462716876,3.3963793505136324,4.616777950992192,77.13909120977435,67.45925468689973,72.54741167767436,126.22760379781256,110.3878713058359,118.71394638164895,4.207414919407523,1.9459512856527263,2.6843253557002447,6.88486077721231,3.184283921977188,4.392532400236764,67.18264259227959,57.58551702316513,62.59626937175419,109.93523333282114,94.23084603790657,102.4302589719614,4.367351144863753,2.0978943604495446,2.84957216989196,7.146574600686141,3.4329180443719816,4.662936278005025,78.83453362726107,69.16038938671596,74.27245218977221,129.00196411733629,113.17154626917156,121.53673994689998,0.7638190954773869,0.008819095477386907,-0.001180904522613102,0.6633165829145728,0.0033165829145729298,0.0033165829145729298,0.5527638190954773,-0.0022361809045226,-0.0072361809045227155,0.44250871080139376,0.10511740645356771,0.18990152656037407,0.4825174825174825,0.4321608040201005,0.09381493935844631,0.18174344174964974,0.4747474747474747,0.43205574912891986,0.09292531434631113,0.18292481054259313,0.47902097902097907,26.0,6.0,6.0,40.0,10.0,10.0,44.0,4.0,5.0,8.166729630196617e-05,0.0007785114287393539,8.544642112166072e-05,0.00030112346023614123,-0.00015012813114179124,-1.7489102663859057e-06,"[3.056640625, 9.4453125, 2.4296875, 1.0791015625, 10.8046875, 0.355224609375, 0.75, 3.189453125, 0.262939453125, 0.71240234375, 0.966796875, 0.8359375, 0.032196044921875, 0.8408203125, 2.830078125, 5.375, 0.91064453125, 5.6796875, 6.3515625, 0.250244140625, 0.0205841064453125, 0.0006060600280761719, 0.396728515625, 0.00276947021484375, 0.00315093994140625, 3.41796875, 1.8193359375, 2.16015625, 10.609375, 0.9208984375, 6.9453125, 0.386474609375, 1.9013671875, 2.662109375, 0.90771484375, 2.869140625, 0.274169921875, 0.91650390625, 6.00390625, 4.4765625, 4.84765625, 0.1414794921875, 11.1640625, 0.032684326171875, 6.04296875, 1.0634765625, 6.12890625, 7.69921875, 2.681640625, 8.96875, 2.994140625, 0.0272979736328125, 7.7890625, 9.921875, 3.765625, 5.16015625, 4.73046875, 0.7529296875, 2.322265625, 7.77734375, 2.912109375, 2.80078125, 7.4453125, 1.0341796875, 10.984375, 3.984375, 6.55859375, 3.197265625, 1.8544921875, 6.515625, 9.7421875, 10.859375, 10.671875, 6.80859375, 3.19140625, 1.4912109375, 10.1171875, 4.125, 0.0008111000061035156, 5.5, 0.41650390625, 0.371826171875, 6.06640625, 0.66259765625, 3.2734375, 2.681640625, 0.0158843994140625, 7.6796875, 4.10546875, 3.138671875, 4.26953125, 11.1015625, 3.640625, 2.453125, 0.6494140625, 3.400390625, 8.109375, 2.994140625, 6.90625, 7.546875, 4.59765625, 6.61328125, 7.9921875, 7.33203125, 6.27734375, 4.515625, 4.0078125, 8.6015625, 8.6015625, 0.128173828125, 13.4609375, 2.330078125, 0.015960693359375, 3.1015625, 2.330078125, 4.03515625, 2.01171875, 2.193359375, 5.19921875, 1.2568359375, 7.34375, 2.373046875, 8.5234375, 4.52734375, 0.6025390625, 1.3037109375, 3.162109375, 5.48046875, 1.4453125, 8.1015625, 5.66015625, 2.302734375, 3.3984375, 6.96875, 2.67578125, 0.61669921875, 3.2109375, 1.9365234375, 4.6484375, 0.354736328125, 0.85693359375, 1.0029296875, 0.02349853515625, 0.12939453125, 2.935546875, 10.578125, 0.01197052001953125, 0.0005517005920410156, 1.0673828125, 0.00228118896484375, 5.97265625, 5.4765625, 6.0859375, 5.58203125, 9.6953125, 2.759765625, 3.365234375, 13.640625, 3.369140625, 7.26953125, 8.609375, 9.0859375, 4.9140625, 1.2177734375, 1.7490234375, 3.732421875, 7.3515625, 4.28515625, 7.171875, 10.5546875, 1.00390625, 0.5341796875, 2.271484375, 0.95703125, 2.98046875, 7.6875, 4.8046875, 9.3359375, 0.73388671875, 8.9296875, 11.765625, 11.734375, 0.60302734375, 9.640625, 12.8359375, 6.44921875, 6.0234375, 6.7734375, 7.734375, 0.2490234375, 1.5625, 4.40234375, 4.36328125, 9.2109375, 0.397216796875, 1.5498046875, 4.34765625, 7.421875, 0.7197265625, 10.2890625, 7.93359375, 4.59765625, 8.1171875, 7.81640625, 9.7109375, 7.8984375, 1.9169921875, 4.0, 7.265625, 7.3359375, 1.5146484375, 10.96875, 1.6240234375, 5.3203125, 7.1328125, 5.28125, 11.8515625, 0.54443359375, 2.63671875, 6.2265625, 0.12408447265625, 7.48046875, 9.0625, 3.2734375, 9.21875, 0.02203369140625, 0.0017108917236328125, 1.466796875, 6.66015625, 0.01105499267578125, 0.004604339599609375, 6.078125, 5.4453125, 3.880859375, 1.6611328125, 6.74609375, 3.9140625, 3.65234375, 6.73828125, 2.0703125, 7.60546875, 3.013671875, 0.0263824462890625, 3.443359375, 0.004184722900390625, 7.140625, 9.3828125, 3.7734375, 5.296875, 6.83203125, 5.28125, 8.265625, 12.6171875, 10.015625, 0.5068359375, 2.041015625, 5.44921875, 2.849609375, 6.5625, 0.14013671875, 10.0546875, 0.59228515625, 8.1171875, 0.009307861328125, 5.8828125, 6.51953125, 1.951171875, 7.0703125, 2.23828125, 3.138671875, 0.146240234375, 7.86328125, 3.58203125, 3.40625, 3.595703125, 1.7578125, 3.54296875, 0.2451171875, 1.8154296875, 0.27978515625, 8.4375, 2.0390625, 0.45068359375, 3.869140625, 8.96875, 0.40625, 2.564453125]",-0.8001956640635637
129,1,test,3.3972106428355633,1.4555273261943662,2.0097892300245226,5.435537028536901,2.3288437219109857,3.215662768039236,29.880635929986976,22.91016131350311,25.876125181776658,47.80901748797916,36.656258101604976,41.40180029084265,3.4987092185859106,1.4793435933119983,2.0543874600258825,5.5979347497374565,2.366949749299197,3.287019936041412,33.07273472402214,25.53919039666694,28.83375860567746,52.916375558435426,40.862704634667104,46.134013769083936,3.358086491906922,1.4734127203512077,2.0457361824416216,5.372938387051075,2.357460352561932,3.273177891906595,28.7341552019019,22.149949065611693,25.019260590143958,45.97464832304304,35.43991850497871,40.03081694423033,0.7386934673366834,0.003693467336683409,-0.0063065326633166,0.6030150753768844,0.0030150753768843908,0.008015075376884395,0.507537688442211,-0.0024623115577889765,0.002537688442211028,0.41692789968652033,0.10080896384927462,0.1541541770587831,0.39937106918238996,0.42211055276381915,0.09880228208712738,0.1499903524299293,0.4040404040404041,0.41137123745819393,0.10920095365185001,0.16109315069512387,0.38926174496644295,21.0,11.0,11.0,29.0,9.0,8.0,42.0,15.0,15.0,-0.0008315783927523951,0.00022408459084439854,5.150632224873776e-06,0.02178776235797475,0.01658964557104703,0.020016375107225315,"[3.0625, 9.453125, 2.48046875, 1.494140625, 4.81640625, 4.765625, 2.1953125, 1.9287109375, 4.66796875, 0.51806640625, 4.8046875, 1.5859375, 8.7265625, 7.3828125, 4.12890625, 3.814453125, 0.022247314453125, 1.3896484375, 4.46484375, 0.423583984375, 8.09375, 0.10919189453125, 0.10546875, 3.638671875, 4.21484375, 0.61767578125, 0.6279296875, 6.04296875, 4.36328125, 1.4599609375, 7.3046875, 0.8310546875, 7.0234375, 10.328125, 1.6552734375, 1.6513671875, 7.1015625, 4.67578125, 5.578125, 1.6669921875, 2.919921875, 3.732421875, 6.890625, 4.24609375, 6.01171875, 4.3828125, 8.4296875, 0.0164337158203125, 1.4453125, 6.26953125, 7.67578125, 1.56640625, 0.048583984375, 2.009765625, 1.9091796875, 5.91015625, 1.3134765625, 0.0142364501953125, 8.546875, 1.392578125, 9.3359375, 0.62158203125, 8.8515625, 2.861328125, 10.171875, 3.458984375, 6.8515625, 2.181640625, 5.27734375, 1.2314453125, 0.8076171875, 2.912109375, 2.591796875, 3.927734375, 4.98046875, 1.9033203125, 1.1142578125, 3.23828125, 3.34765625, 6.56640625, 3.69140625, 1.115234375, 3.92578125, 4.04296875, 2.22265625, 9.1015625, 5.39453125, 3.998046875, 2.01953125, 7.12890625, 0.5341796875, 0.0648193359375, 1.3544921875, 5.55078125, 3.33203125, 0.974609375, 4.5703125, 0.205322265625, 1.0078125, 8.890625, 6.84765625, 1.7158203125, 1.224609375, 8.8203125, 3.80078125, 1.0888671875, 0.681640625, 5.84765625, 3.138671875, 2.05078125, 7.51171875, 3.0625, 3.091796875, 0.677734375, 12.2421875, 2.1484375, 2.984375, 0.779296875, 3.189453125, 3.37890625, 3.244140625, 7.74609375, 0.82568359375, 1.47265625, 0.007808685302734375, 0.36083984375, 0.56591796875, 7.5, 0.24072265625, 0.71337890625, 10.953125, 14.4140625, 3.138671875, 3.11328125, 6.51171875, 0.884765625, 3.220703125, 2.857421875, 0.52099609375, 3.623046875, 2.77734375, 5.63671875, 0.1370849609375, 5.78515625, 0.07269287109375, 3.462890625, 1.0859375, 3.17578125, 5.41796875, 0.7568359375, 0.026092529296875, 1.7265625, 7.94140625, 6.73828125, 5.66015625, 1.7890625, 6.33984375, 7.18359375, 7.33203125, 0.491943359375, 0.00920867919921875, 3.53125, 0.0005292892456054688, 0.137939453125, 0.0006914138793945312, 0.005420684814453125, 0.00226593017578125, 0.56201171875, 9.9609375, 4.66015625, 3.873046875, 3.220703125, 5.078125, 1.8720703125, 0.0030975341796875, 0.1751708984375, 6.9375, 8.28125, 4.1484375, 4.30859375, 0.05120849609375, 0.2137451171875, 8.8359375, 10.4921875, 0.0220794677734375, 1.447265625, 0.0008273124694824219, 0.71240234375, 5.4765625, 0.30322265625, 7.18359375, 0.90234375, 0.03173828125, 4.13671875, 2.65234375, 2.0859375, 0.433837890625, 2.5, 0.0188751220703125, 0.01003265380859375, 0.425537109375, 0.0528564453125, 0.0191497802734375, 0.0173492431640625, 0.468017578125, 0.01543426513671875, 0.051605224609375, 4.8046875, 2.837890625, 0.250732421875, 0.7685546875, 0.0149688720703125, 0.0004963874816894531, 0.0041351318359375, 7.11679458618164e-05, 0.261962890625, 2.17578125, 0.361328125, 0.259033203125, 0.326171875, 0.0109710693359375, 0.00013709068298339844, 0.004352569580078125, 0.0006465911865234375, 0.00019037723541259766, 1.5654296875, 5.734375, 0.023284912109375, 1.0361328125, 6.984375, 4.50390625, 2.271484375, 0.055908203125, 3.328125, 0.9267578125, 2.26953125, 4.453125, 3.833984375, 5.359375, 0.100341796875, 5.7421875, 0.489501953125, 9.0625, 0.65185546875, 5.8359375, 4.1640625, 1.775390625, 12.7734375, 0.073486328125, 1.72265625, 0.0004553794860839844, 1.587890625, 0.0267486572265625, 9.3828125, 10.5390625, 6.56640625, 7.71484375, 1.8427734375, 2.5234375, 0.321533203125, 3.560546875, 3.75, 6.109375, 3.86328125, 1.4921875, 5.08203125, 0.05865478515625, 2.6015625, 1.89453125, 0.99755859375, 4.99609375, 0.892578125, 11.203125, 9.5625, 12.6328125, 4.65234375, 1.232421875, 0.58984375, 0.08795166015625, 9.09375, 0.75732421875, 5.171875, 10.40625, 4.06640625, 0.119873046875, 7.390625, 15.3125, 7.046875, 3.837890625, 2.546875, 0.00567626953125, 1.7861328125, 1.74609375, 2.814453125, 0.360107421875, 3.318359375, 5.89453125, 8.1953125, 1.2412109375, 4.89453125, 8.59375, 3.26171875, 1.923828125, 6.16015625, 5.22265625, 2.095703125, 3.078125, 3.931640625, 3.76953125, 7.58203125, 3.208984375, 2.162109375, 5.82421875, 0.36669921875, 4.5390625, 1.05859375, 8.1640625, 3.5546875, 0.250244140625]",-1.3226437120228351
366,1,test,3.3854688177370047,1.512305166132067,2.098103713149693,5.93977463231702,2.653325830399375,3.681104119478204,29.53183451908544,23.02297890653536,25.908607376406174,51.81333840773672,40.39360969829257,45.45641892986232,3.6775990395090687,1.639104823338244,2.2728912076980397,6.452314482491959,2.8757946900485356,3.987767208715722,39.55131882842154,31.872281310099538,35.47698265248999,69.39243363309888,55.919631280593805,62.244047408260876,3.3684553871416067,1.4939709980891749,2.088023179024993,5.909924721152639,2.621158697246277,3.6634179129001367,29.03364666134227,22.51618888009163,25.435452102909576,50.93927228606757,39.50445114890327,44.6262722524102,0.7688442211055276,-0.01115577889447239,-0.006155778894472386,0.6331658291457287,-0.0018341708542712887,0.00816582914572872,0.49246231155778897,-0.002537688442211028,0.007462311557788981,0.410958904109589,0.0964289895796745,0.16722314101163915,0.37800687285223367,0.38190954773869346,0.048576214405360085,0.12481438914103071,0.3737373737373737,0.410958904109589,0.1015571947078796,0.16950104533965737,0.37800687285223367,23.0,1.0,0.0,36.0,0.0,0.0,43.0,-1.0,-1.0,-0.0009487735406853468,-0.0003603858495085724,-6.554680502491629e-05,0.000335773069539691,-0.00013076050589333477,1.577387457896151e-05,"[3.056640625, 9.4453125, 2.4296875, 1.0791015625, 8.8046875, 1.375, 1.515625, 3.06640625, 3.564453125, 0.1495361328125, 4.3828125, 10.484375, 0.62646484375, 4.078125, 1.4111328125, 4.76953125, 4.90234375, 6.31640625, 1.2431640625, 3.177734375, 0.91064453125, 0.44921875, 0.6142578125, 2.763671875, 3.4375, 3.283203125, 0.40087890625, 2.25, 3.857421875, 0.54052734375, 2.880859375, 0.01519775390625, 2.578125, 1.1279296875, 10.3203125, 1.74609375, 2.072265625, 5.8515625, 7.75390625, 5.3046875, 3.0703125, 6.60546875, 2.76171875, 13.8046875, 5.5234375, 3.890625, 0.884765625, 10.75, 3.4765625, 4.203125, 8.984375, 2.755859375, 8.6796875, 0.70751953125, 2.58203125, 7.828125, 6.30078125, 9.7421875, 11.8203125, 0.061614990234375, 0.91455078125, 9.71875, 3.48828125, 0.7138671875, 3.158203125, 2.734375, 0.19677734375, 5.5, 0.1441650390625, 2.1015625, 0.6982421875, 0.01104736328125, 0.552734375, 0.16015625, 3.8984375, 4.32421875, 9.078125, 4.76953125, 9.2578125, 2.77734375, 9.4296875, 3.896484375, 2.11328125, 3.3515625, 2.005859375, 1.3701171875, 5.8671875, 3.037109375, 2.404296875, 1.77734375, 0.0042724609375, 0.0013875961303710938, 1.6171875, 1.3056640625, 4.515625, 2.515625, 1.3427734375, 11.046875, 5.921875, 2.66015625, 1.939453125, 0.326171875, 2.908203125, 2.650390625, 2.97265625, 2.357421875, 9.0859375, 5.7265625, 5.7734375, 5.7265625, 0.36669921875, 9.3203125, 4.66796875, 0.1822509765625, 0.70556640625, 4.48046875, 2.27734375, 3.40625, 2.126953125, 0.77197265625, 12.84375, 8.5546875, 0.90087890625, 2.6015625, 4.20703125, 1.2998046875, 1.1357421875, 2.4765625, 4.50390625, 3.044921875, 1.736328125, 2.525390625, 3.81640625, 9.1484375, 11.40625, 0.73193359375, 1.2744140625, 5.328125, 1.2060546875, 5.125, 2.447265625, 6.28125, 7.83984375, 2.658203125, 3.09375, 0.892578125, 9.34375, 1.3388671875, 6.20703125, 3.76171875, 2.26953125, 6.98046875, 8.71875, 8.6171875, 1.2685546875, 3.529296875, 0.5185546875, 1.064453125, 1.1884765625, 4.96484375, 1.72265625, 6.6875, 0.71630859375, 7.0234375, 0.7919921875, 4.015625, 5.98828125, 0.1500244140625, 5.96875, 1.5009765625, 1.033203125, 5.6953125, 0.0994873046875, 1.2333984375, 1.2431640625, 6.703125, 5.98828125, 6.37890625, 3.6796875, 1.017578125, 0.5859375, 8.0078125, 0.407958984375, 0.014312744140625, 1.4326171875, 2.84375, 8.1015625, 3.5390625, 2.849609375, 0.78759765625, 0.41650390625, 7.09765625, 3.48046875, 0.2208251953125, 6.9140625, 2.474609375, 0.044097900390625, 0.200439453125, 0.25390625, 3.9453125, 0.642578125, 6.3671875, 4.9296875, 1.6904296875, 1.298828125, 7.0859375, 0.1729736328125, 0.03662109375, 0.0041351318359375, 0.0156707763671875, 0.51416015625, 0.00824737548828125, 0.017120361328125, 4.3125, 0.041168212890625, 0.001918792724609375, 0.0034580230712890625, 0.0203857421875, 0.2626953125, 0.17333984375, 11.9453125, 0.87255859375, 0.151123046875, 0.76611328125, 0.3974609375, 1.6328125, 3.091796875, 0.78759765625, 7.7421875, 0.2783203125, 1.2646484375, 5.37109375, 6.2109375, 6.1875, 0.1182861328125, 3.2109375, 3.5546875, 0.213623046875, 6.90234375, 4.4765625, 0.34130859375, 5.46484375, 2.501953125, 2.466796875, 0.92626953125, 4.6875, 0.29833984375, 1.12109375, 13.6171875, 0.2626953125, 0.01346588134765625, 0.0009512901306152344, 5.73828125, 4.59765625, 1.767578125, 0.2083740234375, 5.4140625, 4.7265625, 1.3388671875, 5.72265625, 0.92822265625, 0.1820068359375, 0.072998046875, 5.93359375, 6.9375, 5.20703125, 1.3359375, 2.146484375, 3.765625, 3.85546875, 2.013671875, 0.144287109375, 2.6171875, 2.4453125, 3.44921875, 3.021484375, 1.486328125, 5.76171875, 6.453125, 2.6640625, 1.0634765625, 0.705078125, 3.623046875, 5.45703125, 8.140625, 0.1739501953125, 0.434814453125, 4.18359375, 6.8203125, 2.130859375, 6.453125, 0.225830078125]",-1.0433103074766183
414,1,test,3.1598763181404634,1.4302324636204637,1.9291038631897635,5.549434528873551,2.511801291830964,3.3879286751541624,23.56768085420789,17.929035481486615,20.143807551261567,41.390006674305404,31.487311069476497,35.376935649728026,3.6401350653950293,1.6401077840951608,2.270406028914194,6.392874020320624,2.8803882974407555,3.987329991078162,38.0969819618376,30.70772427710202,34.16269745838463,66.90663996282922,53.929485919487625,59.99717513835708,3.240586403620283,1.4852644342472836,2.0460302567270094,5.691179106855523,2.6084494790512003,3.5932770180330076,25.548699205212035,19.76338907041137,22.246607403728532,44.86910855442711,34.70883752166773,39.06991250505558,0.8190954773869347,-0.015904522613065297,-0.010904522613065293,0.6381909547738693,-0.0018090452261306789,0.01819095477386934,0.507537688442211,-0.007462311557788981,-0.007462311557788981,0.42613636363636365,0.11833494519664733,0.17491446725317694,0.37037037037037035,0.457286432160804,0.12144683316331029,0.18182733366330817,0.4292929292929293,0.4448160535117057,0.12428182980552871,0.1934256196963553,0.37583892617449666,24.0,8.0,8.0,39.0,14.0,15.0,47.0,12.0,14.0,-0.0010240838179183358,-0.00021674614621670097,-0.0004888408916710155,0.009018743708442578,0.011880484949752912,0.011347289029502328,"[3.056640625, 9.4453125, 2.4296875, 1.0791015625, 3.802734375, 6.9140625, 4.9765625, 3.259765625, 1.0732421875, 11.1484375, 5.15625, 1.6044921875, 0.15283203125, 2.59765625, 0.267822265625, 5.9140625, 1.6708984375, 1.59375, 3.67578125, 0.0201263427734375, 8.078125, 7.9296875, 4.6953125, 1.009765625, 8.65625, 0.603515625, 10.0234375, 5.14453125, 8.2890625, 8.46875, 0.1414794921875, 7.43359375, 3.91796875, 4.64453125, 1.76953125, 2.16015625, 1.2236328125, 9.546875, 1.552734375, 3.794921875, 1.447265625, 9.3515625, 3.701171875, 0.45068359375, 7.2890625, 3.3828125, 0.2322998046875, 0.87646484375, 3.89453125, 4.54296875, 3.736328125, 6.54296875, 6.86328125, 0.7880859375, 2.810546875, 2.9140625, 3.12890625, 1.4970703125, 1.69921875, 7.61328125, 5.796875, 3.392578125, 4.29296875, 2.8046875, 5.5234375, 4.6640625, 1.669921875, 1.873046875, 4.08984375, 1.8984375, 6.68359375, 2.125, 1.4912109375, 1.787109375, 2.306640625, 1.0029296875, 1.1533203125, 0.0011014938354492188, 1.56640625, 2.080078125, 5.09765625, 1.607421875, 2.904296875, 5.703125, 5.671875, 0.1998291015625, 10.1484375, 4.5390625, 1.9072265625, 4.12109375, 11.1484375, 1.9443359375, 2.265625, 13.1875, 0.59228515625, 4.59765625, 7.3671875, 5.546875, 2.6875, 4.56640625, 1.419921875, 0.5400390625, 1.8564453125, 6.2890625, 0.0133819580078125, 5.1796875, 1.19140625, 3.390625, 5.21484375, 4.3984375, 1.8837890625, 0.488525390625, 3.548828125, 1.5732421875, 0.552734375, 0.346435546875, 1.72265625, 1.015625, 4.8984375, 3.421875, 5.01171875, 2.11328125, 4.45703125, 1.7275390625, 5.9609375, 4.7578125, 2.689453125, 2.900390625, 4.31640625, 7.27734375, 8.1484375, 1.0517578125, 0.10211181640625, 0.978515625, 8.1953125, 1.361328125, 3.3203125, 1.2783203125, 5.4609375, 0.337890625, 0.25830078125, 0.0158843994140625, 0.08642578125, 2.53125, 9.25, 4.33984375, 4.4453125, 1.7158203125, 0.42578125, 5.0703125, 5.71484375, 9.515625, 0.4267578125, 2.0234375, 4.86328125, 4.1640625, 5.44140625, 3.0234375, 3.658203125, 1.3251953125, 8.28125, 5.859375, 6.6015625, 0.51708984375, 2.12109375, 4.62109375, 7.05859375, 2.025390625, 5.40234375, 9.3125, 3.341796875, 1.03125, 8.5546875, 3.611328125, 3.662109375, 1.4912109375, 1.3369140625, 0.669921875, 0.0623779296875, 0.0122222900390625, 0.8046875, 2.70703125, 1.7294921875, 2.6484375, 4.5, 3.4296875, 1.4970703125, 2.373046875, 4.1640625, 5.734375, 6.5078125, 5.99609375, 1.283203125, 7.3125, 2.388671875, 0.14013671875, 4.73828125, 1.2998046875, 1.8271484375, 6.328125, 4.390625, 1.46484375, 0.20361328125, 0.08642578125, 0.263916015625, 7.51953125, 0.5927734375, 4.28515625, 0.72265625, 0.98291015625, 3.359375, 5.1484375, 2.73046875, 1.07421875, 0.0989990234375, 8.0625, 3.791015625, 3.357421875, 1.1005859375, 2.78515625, 4.671875, 0.39990234375, 0.92431640625, 0.04522705078125, 0.007183074951171875, 0.178955078125, 0.0005712509155273438, 2.666015625, 0.2861328125, 0.206298828125, 0.61572265625, 3.744140625, 4.55078125, 1.6025390625, 0.09912109375, 0.0259857177734375, 0.01242828369140625, 0.330810546875, 0.72900390625, 7.09765625, 1.0869140625, 0.18896484375, 0.3671875, 4.07421875, 2.21484375, 6.53125, 7.1796875, 1.6826171875, 4.83984375, 5.09765625, 3.80859375, 1.6689453125, 5.60546875, 0.07489013671875, 0.021209716796875, 1.2451171875, 2.71484375, 5.6171875, 3.71875, 2.828125, 0.0020503997802734375, 1.365234375, 0.0166473388671875, 0.6552734375, 0.01203155517578125, 0.15576171875, 2.64453125, 0.138427734375, 0.74560546875, 0.454833984375, 2.990234375, 2.09375, 0.090576171875, 0.06903076171875, 0.359375, 7.671875, 4.21875, 0.91748046875, 6.6953125, 10.640625, 0.1954345703125, 0.427978515625, 2.890625, 1.578125, 7.0859375, 4.02734375, 4.75390625, 0.038177490234375, 1.6640625, 0.0196685791015625, 0.07232666015625, 0.050018310546875, 4.34375, 6.91796875, 1.9853515625, 9.875, 3.216796875, 0.77099609375, 7.2890625, 11.1015625, 9.3671875, 5.06640625, 0.69091796875, 0.9541015625, 0.0310821533203125, 0.00395965576171875, 0.32763671875, 0.01444244384765625, 2.533203125, 0.051116943359375, 0.0697021484375, 0.7744140625, 4.890625, 8.2578125, 0.0144195556640625, 0.2646484375, 1.2138671875, 0.01119232177734375, 3.923828125, 5.3515625, 0.3154296875, 0.2054443359375, 0.161865234375, 0.002635955810546875, 0.326171875, 0.0007510185241699219, 0.004611968994140625, 0.0003643035888671875, 0.462646484375, 3.6796875, 0.34521484375, 10.5546875, 10.375, 2.615234375, 2.734375, 0.10980224609375, 8.3515625, 4.015625, 1.6708984375, 0.6142578125, 4.5703125, 0.043426513671875, 7.703125, 10.4140625, 0.435546875, 2.923828125, 0.04718017578125, 5.7265625, 0.1448974609375, 6.57421875, 4.5, 2.447265625]",-1.438571958379312
254,1,test,3.178999415868838,1.340273499300764,1.8553282340286175,5.282749029311451,2.2272191973674453,3.0831189771357903,24.022704785467862,17.734183731138433,20.26551537060501,39.92008295232159,29.470040612038865,33.67651818938773,3.0938801867278976,1.2750240451068886,1.7638814182971783,5.141300898533124,2.1187899573099767,2.931155886287958,22.062518798016562,15.897716044007119,18.2814800670618,36.66271506140987,26.41826342607065,30.379518346735043,3.2004750333103447,1.3764301788166542,1.8967877200682057,5.3184364524127785,2.287303091268852,3.1520148877604006,24.544186734542595,18.347313458713344,20.861335245653446,40.78666325004872,30.488917953450112,34.66663062880645,0.7185929648241206,0.003592964824120526,-0.0014070351758793676,0.5778894472361809,-0.002110552763819218,0.0028894472361808976,0.46733668341708545,-0.0076633165829145256,0.0023366834170854833,0.46153846153846156,0.13509828428587667,0.19677468201090254,0.43026706231454004,0.44723618090452266,0.12643417589199135,0.18513267506145092,0.36363636363636365,0.4481605351170569,0.12094851508366788,0.18898367193574428,0.40604026845637586,24.0,7.0,7.0,34.0,6.0,9.0,48.0,13.0,13.0,-0.0007066297880809484,-7.560288908947179e-06,-1.8299413909031187e-05,-0.0003530269377165496,4.742164639548463e-05,-0.0001727988995874341,"[3.056640625, 9.4453125, 2.4296875, 1.0791015625, 0.80224609375, 3.9921875, 10.6015625, 2.55859375, 8.1953125, 1.37890625, 9.1875, 5.71484375, 0.0272369384765625, 1.3046875, 6.07421875, 4.171875, 6.51953125, 6.74609375, 2.310546875, 1.1123046875, 4.3984375, 7.21484375, 3.435546875, 0.2607421875, 0.595703125, 3.5625, 4.015625, 1.060546875, 0.0732421875, 2.212890625, 7.19140625, 3.541015625, 3.068359375, 1.6904296875, 0.2440185546875, 0.2225341796875, 1.5693359375, 6.53515625, 0.5830078125, 1.1923828125, 4.09765625, 2.564453125, 0.498779296875, 5.53125, 3.4375, 2.93359375, 1.6064453125, 5.546875, 1.3427734375, 1.1953125, 2.74609375, 3.39453125, 1.3759765625, 5.3125, 0.56982421875, 6.2578125, 1.654296875, 2.99609375, 3.6640625, 2.09375, 2.2734375, 0.376953125, 3.94140625, 4.9921875, 0.90771484375, 4.8359375, 4.03515625, 3.25390625, 5.38671875, 0.018524169921875, 1.240234375, 8.6171875, 7.25, 2.423828125, 4.515625, 0.1141357421875, 5.890625, 1.2734375, 1.056640625, 3.69921875, 4.14453125, 4.3203125, 11.8125, 4.93359375, 2.193359375, 0.6064453125, 6.0234375, 0.62890625, 0.55810546875, 2.529296875, 10.71875, 9.8671875, 2.044921875, 0.07904052734375, 1.2353515625, 0.9853515625, 1.1171875, 4.87890625, 1.607421875, 7.96484375, 3.296875, 1.6796875, 2.248046875, 6.7578125, 0.0574951171875, 0.257080078125, 3.54296875, 5.93359375, 2.916015625, 1.13671875, 4.8125, 2.595703125, 2.333984375, 0.21435546875, 4.61328125, 0.09625244140625, 0.966796875, 7.26171875, 3.046875, 0.57763671875, 3.16796875, 0.224853515625, 5.34375, 4.03515625, 6.875, 1.7890625, 2.341796875, 2.9609375, 6.1171875, 3.958984375, 7.67578125, 1.888671875, 3.62109375, 3.349609375, 1.9052734375, 0.007396697998046875, 0.059906005859375, 0.0004413127899169922, 0.0028171539306640625, 0.0016756057739257812, 11.578125, 3.23828125, 5.2734375, 8.546875, 5.4609375, 0.2069091796875, 6.625, 1.3876953125, 6.1953125, 3.423828125, 0.509765625, 0.275146484375, 3.4921875, 4.49609375, 5.09375, 4.0546875, 8.0625, 3.29296875, 4.46875, 6.796875, 0.1549072265625, 0.0021114349365234375, 0.458251953125, 6.25390625, 2.6953125, 4.984375, 6.0703125, 2.3984375, 0.45947265625, 3.990234375, 6.015625, 4.83984375, 6.609375, 5.1171875, 0.7177734375, 2.484375, 0.0008568763732910156, 0.05755615234375, 0.003261566162109375, 0.08685302734375, 6.08203125, 0.12060546875, 0.0003561973571777344, 0.0011358261108398438, 0.0009002685546875, 0.16845703125, 0.00015842914581298828, 3.236328125, 0.416259765625, 1.0078125, 2.3046875, 5.1328125, 0.98974609375, 0.458251953125, 1.193359375, 0.07489013671875, 0.10552978515625, 0.0008740425109863281, 0.004299163818359375, 0.0013532638549804688, 3.75, 0.0012645721435546875, 0.06536865234375, 0.079345703125, 0.0031986236572265625, 3.705078125, 3.03125, 8.8828125, 6.140625, 3.66796875, 3.82421875, 0.026763916015625, 2.041015625, 4.0859375, 4.70703125, 2.517578125, 0.040435791015625, 0.9501953125, 6.71484375, 4.65625, 5.0390625, 8.046875, 1.1591796875, 4.28515625, 4.1015625, 0.94970703125, 6.43359375, 2.853515625, 0.64111328125, 7.99609375, 5.27734375, 1.890625, 3.591796875, 0.9189453125, 1.6044921875, 2.115234375, 1.4853515625, 5.37109375, 2.0703125, 0.90625, 1.3193359375, 1.9716796875, 0.488037109375, 0.044952392578125, 4.61328125, 0.005008697509765625, 5.85546875, 0.84130859375, 0.0186920166015625, 5.5390625, 0.00041866302490234375, 5.4609375, 4.5546875, 0.303466796875, 0.0010547637939453125, 5.6171875, 11.4765625, 4.078125, 4.43359375, 3.404296875, 0.44580078125, 0.0005555152893066406, 6.296875, 8.234375, 3.857421875, 13.5546875, 0.49560546875, 0.0002263784408569336, 8.515625, 8.734375, 2.67578125, 8.984375, 1.0859375, 0.0009098052978515625, 3.92578125, 9.1640625, 4.0234375, 6.74609375, 0.92138671875, 0.00041961669921875, 3.68359375, 0.3017578125, 0.00372314453125, 6.30078125, 0.001621246337890625, 7.3203125, 3.1953125, 0.460205078125, 0.00171661376953125, 8.359375, 7.703125, 0.28515625, 3.884765625, 8.809566497802734e-05, 3.7421875, 6.4921875, 0.64697265625, 0.72607421875, 9.609375, 0.87060546875, 4.046875, 0.00018644332885742188, 4.375, 2.728515625, 0.2281494140625, 7.37890625, 4.41015625, 1.54296875, 0.0005507469177246094, 4.4296875, 4.25, 11.078125, 0.8818359375, 11.1015625, 0.327392578125, 0.0003409385681152344, 3.451171875, 9.6015625, 4.44140625, 4.21875, 0.1773681640625, 0.12335205078125, 1.943359375, 3.630859375, 0.2025146484375, 2.6171875, 0.82470703125, 0.440673828125, 0.10723876953125, 2.5859375, 0.26220703125, 5.37109375, 0.826171875, 4.6171875, 5.046875, 5.640625, 3.671875, 1.611328125]",-1.6937508664187595
405,1,test,3.009381806015209,1.1963098002338626,1.692335474741912,6.037931649011407,2.400239408112527,3.395450156329314,20.274862252396353,14.145614627962875,16.54248138875188,40.67886375480797,28.38132871215481,33.190328900999,3.1865274199289293,1.3026272322620769,1.8631528830516457,6.3933511928510365,2.6135514532646766,3.738172981918907,24.204230209425727,17.625115539331482,20.44815518058092,48.56262749024907,35.36249296107909,41.02655338778975,2.950785240600739,1.2098464618890603,1.688139949856819,5.920365291651164,2.427398952197796,3.3870323834706872,19.120962390749284,13.418267912023204,15.586202792991799,38.363714350866395,26.922002498645277,31.27168076300902,0.6482412060301508,-0.01675879396984925,-0.006758793969849242,0.542713567839196,-0.0022864321608039306,0.012713567839195972,0.4120603015075377,-0.0029396984924623393,-0.0029396984924623393,0.40445859872611467,0.10398165119034364,0.14598402245492825,0.38338658146964855,0.3919597989949749,0.0761703253107644,0.14154243672452416,0.3787878787878788,0.3913043478260869,0.09748130942875799,0.14770034337669868,0.3691275167785235,20.0,0.0,0.0,30.0,0.0,-1.0,37.0,1.0,-1.0,-0.0011810373355114596,-9.616458433251855e-05,4.2559695118021734e-05,0.015893005292530127,0.013954883265523854,0.014797288211522819,"[3.056640625, 9.4453125, 2.4296875, 1.0791015625, 0.80224609375, 3.9921875, 0.60205078125, 9.3828125, 0.95703125, 8.0, 5.65625, 1.103515625, 7.109375, 2.923828125, 8.1484375, 7.4765625, 3.796875, 2.130859375, 6.77734375, 5.2421875, 4.515625, 1.052734375, 8.2734375, 2.568359375, 5.13671875, 3.177734375, 0.82373046875, 5.3515625, 5.8203125, 0.156005859375, 5.1328125, 0.48583984375, 1.662109375, 1.4931640625, 0.65673828125, 3.69140625, 0.47119140625, 2.228515625, 1.50390625, 7.33984375, 1.552734375, 0.137939453125, 1.1826171875, 5.1875, 0.7607421875, 0.732421875, 7.7734375, 0.1463623046875, 0.07708740234375, 1.4755859375, 7.03125, 2.67578125, 8.9609375, 2.513671875, 6.76171875, 0.8466796875, 3.955078125, 4.42578125, 0.60546875, 4.41796875, 0.56298828125, 0.0223236083984375, 0.11566162109375, 0.0033416748046875, 0.0369873046875, 0.0391845703125, 0.0523681640625, 8.40625, 2.216796875, 5.50390625, 1.7724609375, 7.484375, 2.84375, 3.236328125, 0.466796875, 5.06640625, 0.304443359375, 0.2042236328125, 0.64404296875, 4.6953125, 1.0908203125, 1.150390625, 4.46484375, 0.5439453125, 0.0092010498046875, 0.1661376953125, 0.0076751708984375, 0.11590576171875, 0.1751708984375, 0.34765625, 4.453125, 2.771484375, 1.5830078125, 2.2734375, 2.404296875, 5.703125, 0.07196044921875, 0.1954345703125, 0.2958984375, 11.2421875, 1.197265625, 5.95703125, 5.6796875, 9.4140625, 0.288818359375, 0.09490966796875, 2.39453125, 1.880859375, 1.5390625, 6.91015625, 2.626953125, 8.234375, 3.990234375, 8.34375, 0.259521484375, 3.18359375, 1.5703125, 1.6357421875, 4.64453125, 0.263427734375, 7.55078125, 7.61328125, 7.2890625, 4.08203125, 0.98291015625, 3.119140625, 0.104248046875, 0.00301361083984375, 0.027801513671875, 0.0012445449829101562, 0.0203857421875, 0.0257720947265625, 0.08349609375, 3.04296875, 2.578125, 1.4775390625, 1.43359375, 0.62548828125, 0.376220703125, 6.95703125, 2.90625, 7.015625, 0.5185546875, 5.73046875, 0.99609375, 7.421875, 5.81640625, 5.90625, 2.76171875, 1.9921875, 2.142578125, 3.955078125, 4.0234375, 0.1263427734375, 10.1875, 0.69580078125, 4.72265625, 5.97265625, 0.438232421875, 4.015625, 0.034027099609375, 6.26171875, 1.275390625, 2.92578125, 0.04156494140625, 11.671875, 5.09375, 1.072265625, 4.4296875, 0.0019550323486328125, 0.476806640625, 8.4609375, 0.30419921875, 14.0859375, 2.330078125, 0.2041015625, 7.78515625, 1.7646484375, 7.046875, 2.455078125, 2.53515625, 9.9296875, 0.1102294921875, 3.5859375, 4.27734375, 2.693359375, 0.4541015625, 9.8046875, 0.193603515625, 5.43359375, 2.6796875, 0.40283203125, 2.84765625, 0.21484375, 0.1585693359375, 0.740234375, 3.80078125, 0.60693359375, 12.046875, 5.6171875, 0.90673828125, 3.640625, 0.057403564453125, 4.0, 6.83984375, 3.576171875, 6.390625, 0.00922393798828125, 1.962890625, 0.90283203125, 4.2421875, 0.64892578125, 0.177001953125, 1.603515625, 2.013671875, 4.19140625, 0.1298828125, 0.375, 3.861328125, 0.031768798828125, 10.0390625, 0.057586669921875, 10.015625, 0.00018537044525146484, 11.03125, 3.96875, 5.3203125, 7.671875, 3.365234375, 4.89453125, 6.39453125, 0.000690460205078125, 0.327392578125, 0.0006647109985351562, 0.005664825439453125, 0.0017423629760742188, 0.390625, 4.32421875, 0.60107421875, 4.73828125, 4.1015625, 12.4921875, 3.1015625, 0.0088958740234375, 2.171875, 0.0001316070556640625, 0.405517578125, 2.64453125, 4.12109375, 0.02337646484375, 0.32177734375, 6.4765625, 0.027923583984375, 5.50390625, 0.83349609375, 0.3369140625, 0.10430908203125, 0.0931396484375, 1.767578125, 0.17041015625, 0.3115234375, 0.09722900390625, 0.00392913818359375, 0.005092620849609375, 0.0017261505126953125, 0.0119781494140625, 0.00547027587890625, 0.0189971923828125, 0.181396484375, 0.5458984375, 0.0027523040771484375, 0.001445770263671875, 0.0030994415283203125, 7.021427154541016e-05, 0.52001953125, 0.21142578125, 0.00531768798828125, 0.00024068355560302734, 0.00024199485778808594, 1.3046875, 9.53125, 0.244384765625, 2.44921875, 0.2122802734375, 1.6435546875, 0.560546875, 7.71484375, 2.384765625, 4.34765625, 0.58935546875, 7.9375, 6.61328125, 8.90625, 11.1875, 2.294921875, 4.61328125, 2.177734375, 0.07464599609375, 3.20703125, 3.73046875, 4.0546875, 7.82421875, 0.775390625, 3.939453125, 0.55419921875, 0.0001691579818725586, 8.9765625, 12.078125, 5.15234375, 4.04296875, 3.091796875, 3.599609375, 6.99609375, 0.46826171875]",-1.1322488435514413
312,1,test,2.847914654397804,1.2462966311184696,1.7103316872419456,5.4753455936164235,2.3961057811180906,3.2882505986974184,17.251768404016318,12.290715370839202,14.132548414653867,33.16791602836686,23.629891487161824,27.170964048818405,2.629481348560084,1.0381038775349565,1.4636740162202957,5.055389947554226,1.9958384226155936,2.814031334410633,13.866576117087849,8.956067762309708,10.658063943594302,26.659610857368897,17.21876253656963,20.49098745284582,2.848301309929151,1.248528958399733,1.7075245997552995,5.476088970057336,2.4003976103427127,3.282853746626318,17.258440185452727,12.306535182980962,14.129242284065452,33.18074306622525,23.66030635179566,27.164607746138742,0.5979899497487438,-0.007010050251256228,-0.007010050251256228,0.4824120603015075,0.012412060301507544,-0.0025879396984924696,0.38190954773869346,-0.0030904522613065533,0.0019095477386934512,0.41414141414141414,0.1099397334691452,0.16554119017724844,0.44594594594594594,0.4170854271356784,0.10380221911562826,0.15665137037440968,0.4242424242424242,0.4107744107744108,0.1048920578332343,0.15993454515291028,0.43918918918918914,23.0,11.0,8.0,35.0,15.0,13.0,44.0,17.0,14.0,0.0006156663103843187,4.831999958586608e-05,0.0001203159621533683,0.005917447482045368,0.007105979627370473,0.005798085270900977,"[3.056640625, 6.44140625, 0.033599853515625, 0.005107879638671875, 0.012451171875, 0.640625, 3.763671875, 0.027557373046875, 8.984375, 10.96875, 0.93017578125, 2.693359375, 0.00984954833984375, 0.362548828125, 0.344970703125, 2.330078125, 0.020172119140625, 9.390625, 4.3671875, 0.74609375, 2.158203125, 0.09698486328125, 0.00318145751953125, 0.34619140625, 0.278564453125, 2.529296875, 0.00562286376953125, 8.203125, 3.955078125, 0.220703125, 0.00408172607421875, 4.3671875, 0.004558563232421875, 0.0226593017578125, 0.0046844482421875, 0.0174560546875, 3.36328125, 0.107666015625, 0.11724853515625, 0.0004456043243408203, 0.0073699951171875, 0.0008616447448730469, 4.078125, 0.0009741783142089844, 0.13818359375, 0.8115234375, 6.3125, 1.609375, 2.732421875, 0.0004935264587402344, 0.0162200927734375, 6.186962127685547e-05, 6.578125, 2.365234375, 6.984375, 0.69189453125, 6.3046875, 3.8828125, 5.9609375, 3.09375, 1.474609375, 0.2191162109375, 5.53131103515625e-05, 0.007213592529296875, 9.632110595703125e-05, 4.30078125, 8.2421875, 0.59326171875, 8.25, 10.390625, 7.6796875, 0.66552734375, 3.6015625, 0.11846923828125, 1.4521484375, 6.98828125, 0.634765625, 0.053070068359375, 3.3125, 3.013671875, 1.099609375, 8.578125, 0.429931640625, 1.525390625, 0.04730224609375, 4.0234375, 1.681640625, 3.91015625, 2.328125, 2.501953125, 5.96875, 0.087158203125, 1.958984375, 6.1953125, 0.0958251953125, 9.1015625, 1.9208984375, 7.76953125, 3.376953125, 4.8046875, 1.3193359375, 3.689453125, 4.51171875, 3.02734375, 3.1640625, 1.7109375, 2.83203125, 0.58935546875, 3.564453125, 0.0311279296875, 1.7587890625, 2.646484375, 4.796875, 1.3154296875, 6.78125, 3.1015625, 4.26953125, 3.64453125, 1.759765625, 6.63671875, 2.298828125, 0.466796875, 1.3642578125, 0.43115234375, 9.1484375, 0.5302734375, 3.81640625, 7.54296875, 0.0092620849609375, 4.015625, 1.62109375, 1.0654296875, 3.64453125, 9.0234375, 0.2403564453125, 2.85546875, 2.8828125, 1.16796875, 5.59765625, 3.7421875, 4.09375, 0.56884765625, 6.9296875, 1.6748046875, 7.484375, 5.8046875, 5.44921875, 1.9921875, 6.15625, 2.041015625, 0.1466064453125, 2.048828125, 2.84375, 1.888671875, 2.68359375, 1.2060546875, 9.078125, 0.00821685791015625, 0.0010929107666015625, 1.71661376953125e-05, 0.0010051727294921875, 0.0012187957763671875, 0.004608154296875, 0.00017273426055908203, 4.589557647705078e-05, 0.00266265869140625, 8.893013000488281e-05, 7.0, 1.1474609375, 0.0034465789794921875, 0.05096435546875, 0.56005859375, 5.58984375, 1.3642578125, 4.82421875, 0.6982421875, 4.078125, 0.139892578125, 4.94921875, 2.044921875, 2.009765625, 5.24609375, 0.63623046875, 5.98828125, 0.83740234375, 0.09478759765625, 0.85302734375, 5.4453125, 0.00910186767578125, 4.96484375, 2.12890625, 0.36328125, 1.2568359375, 2.3203125, 0.474365234375, 0.8974609375, 5.85546875, 5.54296875, 3.365234375, 2.767578125, 0.041473388671875, 0.20361328125, 1.517578125, 3.748046875, 5.40234375, 5.71484375, 6.328125, 7.0546875, 0.78466796875, 0.39990234375, 5.88671875, 0.386962890625, 0.11383056640625, 5.859375, 3.478515625, 1.498046875, 2.69140625, 8.2265625, 8.8984375, 4.8515625, 1.3994140625, 0.57861328125, 4.81640625, 4.08984375, 0.306884765625, 7.13671875, 1.4736328125, 0.316650390625, 0.63916015625, 1.51953125, 0.0290985107421875, 0.053253173828125, 2.46484375, 1.580078125, 8.0703125, 7.72265625, 0.2412109375, 1.3369140625, 4.234375, 3.58203125, 4.59765625, 5.59375, 0.08477783203125, 9.8203125, 2.458984375, 2.828125, 10.390625, 2.568359375, 9.9296875, 2.64453125, 0.58544921875, 1.0146484375, 5.23046875, 0.0209503173828125, 5.41796875, 6.02734375, 0.3935546875, 1.1904296875, 1.5244140625, 4.22265625, 5.52734375, 1.533203125, 0.1915283203125, 0.00756072998046875, 1.9560546875, 5.57421875, 1.06640625, 0.74169921875, 6.6015625, 0.0286102294921875, 7.59765625, 10.390625, 2.326171875, 6.0, 7.07421875, 3.50390625, 6.953125, 4.06640625, 3.826171875, 4.64453125, 3.318359375, 0.2073974609375, 3.861328125, 0.97802734375, 3.283203125, 7.53125, 3.658203125, 1.837890625, 4.3671875, 0.3037109375, 4.01171875, 0.9453125, 0.26611328125, 0.287841796875, 0.900390625, 0.051483154296875, 0.045654296875]",-1.768758338308495
123,1,test,2.390791525704195,1.0247268437939767,1.2395384155513098,5.284907583135589,2.265185654702475,2.740032287008159,10.922135673645238,7.002241402036624,7.75998271968793,24.14366833121579,15.478638888712537,17.15364601194174,3.106496936711834,1.4193414249680922,1.9435578262488618,6.866993228520895,3.1374915709820983,4.296285721181694,22.342639472115806,16.9385525121623,19.143316838310955,49.38899251730862,37.443116079516656,42.31680564258211,2.5257449664399774,1.147485082342835,1.57688182106576,5.583225715288371,2.5365459714946885,3.4857387623558904,12.500204028311607,8.532213175832585,9.917432274680628,27.632029957320395,18.860681757103606,21.92274502824139,0.6432160804020101,-0.001783919597989958,0.013216080402010055,0.4974874371859297,0.007487437185929702,0.007487437185929702,0.4120603015075377,-0.0029396984924623393,-0.0029396984924623393,0.3627684964200477,0.0993596763962098,0.13011942506129892,0.32057416267942584,0.3869346733668342,0.09620785632422768,0.16489794548703451,0.3787878787878788,0.36454849498327757,0.11413113271282682,0.1721124549387837,0.3221476510067114,18.0,0.0,0.0,31.0,-1.0,-1.0,38.0,-1.0,0.0,0.00018610333310826253,-0.0010796683264718135,0.00014338816182459375,0.0660389024474144,0.07807225399638451,0.06600321166753975,"[3.056640625, 9.4453125, 1.869140625, 1.6689453125, 0.791015625, 3.9765625, 0.70068359375, 5.25, 5.39453125, 4.5390625, 4.66015625, 6.3515625, 4.0390625, 11.375, 0.150390625, 1.08984375, 6.0234375, 2.951171875, 1.1591796875, 6.52734375, 2.27734375, 1.478515625, 5.26171875, 2.828125, 1.9306640625, 5.72265625, 0.658203125, 1.6845703125, 1.3271484375, 2.802734375, 7.171875, 3.3671875, 14.5703125, 4.19140625, 0.0012683868408203125, 0.363037109375, 0.0142364501953125, 6.296875, 3.57421875, 0.80224609375, 1.6572265625, 0.13916015625, 1.22265625, 0.5, 0.81298828125, 0.66943359375, 4.35546875, 0.98046875, 4.29296875, 2.767578125, 1.865234375, 0.703125, 3.11328125, 5.8515625, 3.583984375, 5.5, 1.33203125, 4.01171875, 1.4404296875, 2.39453125, 2.48046875, 8.6875, 4.43359375, 0.91259765625, 0.483642578125, 2.7890625, 0.5009765625, 0.9677734375, 3.03515625, 0.11920166015625, 0.5126953125, 5.453125, 8.546875, 1.2841796875, 2.52734375, 0.99755859375, 9.578125, 0.343017578125, 1.0771484375, 1.703125, 1.7734375, 2.830078125, 2.517578125, 0.615234375, 6.484375, 3.30859375, 2.10546875, 1.0048828125, 1.07421875, 4.81640625, 4.55859375, 1.9404296875, 3.330078125, 0.0318603515625, 0.74658203125, 0.01953125, 0.51806640625, 0.057464599609375, 1.466796875, 0.0026950836181640625, 0.06610107421875, 3.677734375, 5.4609375, 5.62890625, 6.3046875, 5.01171875, 9.6328125, 3.099609375, 0.048126220703125, 0.0006504058837890625, 3.83984375, 0.25634765625, 0.283203125, 0.09356689453125, 0.90478515625, 0.0254669189453125, 0.05462646484375, 0.697265625, 1.6982421875, 0.00018095970153808594, 0.001861572265625, 5.32421875, 4.515625, 8.6796875, 1.6328125, 10.5390625, 2.5625, 0.0003483295440673828, 0.0027179718017578125, 4.2265625, 6.59375, 8.921875, 11.1796875, 11.3359375, 4.046875, 9.2734375, 10.15625, 11.15625, 9.453125, 9.71875, 11.53125, 8.171875, 1.806640625, 3.373046875, 0.412841796875, 0.220947265625, 0.10089111328125, 0.00024366378784179688, 0.0103912353515625, 10.8515625, 8.578125, 1.2880859375, 5.97265625, 3.978515625, 0.9248046875, 2.09765625, 0.0004115104675292969, 0.0040740966796875, 1.1103515625, 0.00653839111328125, 0.018707275390625, 0.032928466796875, 0.033447265625, 0.0017652511596679688, 0.004360198974609375, 0.049072265625, 0.23974609375, 7.033348083496094e-05, 0.0006794929504394531, 0.0799560546875, 0.0011138916015625, 8.46875, 4.0078125, 0.330810546875, 6.1875, 3.525390625, 0.87060546875, 4.609375, 8.9453125, 0.05621337890625, 1.439453125, 5.6484375, 4.50390625, 0.609375, 0.00040531158447265625, 0.00504302978515625, 5.7578125, 2.255859375, 4.3359375, 0.4921875, 0.51123046875, 0.059967041015625, 1.6845703125, 0.000274658203125, 0.005603790283203125, 4.51171875, 8.34375, 3.1171875, 8.984375, 7.90625, 0.96630859375, 12.0703125, 3.05078125, 0.346923828125, 0.802734375, 0.0628662109375, 0.75, 0.08233642578125, 0.0015878677368164062, 0.0028553009033203125, 5.1953125, 0.335205078125, 0.62841796875, 0.5947265625, 0.0288848876953125, 0.019744873046875, 0.06732177734375, 0.0011320114135742188, 0.0021209716796875, 0.01568603515625, 0.0014553070068359375, 0.0026645660400390625, 0.0218963623046875, 0.0008716583251953125, 0.00103759765625, 0.000823974609375, 0.00685882568359375, 0.062286376953125, 0.00023686885833740234, 0.0004589557647705078, 0.0177154541015625, 0.00040459632873535156, 1.8896484375, 0.006603240966796875, 9.357929229736328e-05, 0.004638671875, 0.0034160614013671875, 0.0010395050048828125, 0.047210693359375, 0.004764556884765625, 2.0742416381835938e-05, 0.11480712890625, 0.35205078125, 0.0821533203125, 0.056060791015625, 0.0006623268127441406, 0.0020122528076171875, 0.2403564453125, 0.000514984130859375, 0.0105438232421875, 0.00359344482421875, 0.031982421875, 4.0531158447265625e-05, 0.1895751953125, 8.237361907958984e-05, 0.0008983612060546875, 0.5185546875, 0.1397705078125, 0.008453369140625, 0.0291748046875, 0.028289794921875, 0.0085296630859375, 1.798828125, 0.0283660888671875, 0.034637451171875, 0.052947998046875, 0.0122222900390625, 2.15234375, 0.00136566162109375, 0.015380859375, 0.0005459785461425781, 0.4580078125, 4.06640625, 0.60791015625, 8.046875, 0.89306640625, 10.046875, 1.4736328125, 2.171875, 0.0145416259765625, 0.3955078125, 0.1817626953125, 8.3203125, 4.21875, 4.44921875, 3.87109375, 5.79296875, 10.609375, 3.69921875, 0.3193359375, 5.4296875, 6.12109375, 3.08203125, 0.88427734375, 0.0037746429443359375, 0.463134765625, 8.09375, 0.7509765625, 4.63671875, 5.10546875, 1.796875, 0.86328125, 1.51171875, 0.00021314620971679688, 7.03515625, 0.1602783203125, 0.998046875, 1.869140625, 2.650390625, 0.362060546875, 0.09075927734375, 0.76953125, 0.412109375, 0.4677734375, 1.068359375, 0.365478515625, 0.11639404296875, 0.0357666015625, 0.0023746490478515625, 0.0008478164672851562, 0.9482421875, 0.35400390625, 0.0030384063720703125, 0.00023245811462402344, 0.000415802001953125, 1.8984375, 0.927734375, 0.1439208984375, 9.1640625, 3.453125, 8.4375, 5.24609375, 4.98046875, 3.751953125, 3.1171875, 1.806640625, 5.3359375, 0.35986328125, 0.184814453125, 0.270751953125, 2.90625, 1.8681640625, 1.9013671875, 1.7666015625, 2.837890625, 0.22412109375, 0.37548828125, 0.11212158203125, 4.13671875, 1.3994140625, 0.79296875, 0.26220703125, 0.71435546875, 0.2205810546875, 0.0197601318359375, 0.02288818359375, 0.10980224609375, 7.921875, 0.36865234375, 0.7939453125, 3.7734375, 5.68359375, 1.578125, 0.5224609375, 4.16015625, 5.26953125, 0.0057220458984375, 1.423828125, 2.7890625, 0.05450439453125, 0.0161590576171875, 0.14501953125, 0.876953125, 7.05078125, 1.740234375, 3.78125, 5.3125, 0.19482421875, 5.4453125, 1.130859375, 1.53125, 5.25390625, 0.69482421875, 1.76171875, 2.494140625, 2.48828125, 0.90185546875, 0.0848388671875, 0.71240234375, 4.578125, 4.11328125, 3.48046875, 4.171875, 6.953125, 3.345703125, 1.173828125, 3.431640625, 0.5390625, 6.5234375, 1.8837890625, 2.94140625, 0.409423828125, 2.22265625, 0.0005640983581542969, 2.15234375, 4.0546875, 0.494140625, 0.857421875, 2.083984375, 0.006679534912109375, 0.544921875, 0.241943359375, 0.71533203125, 8.015625, 2.328125, 3.390625, 0.142333984375, 0.0677490234375, 2.705078125]",-1.4684528209144574
319,1,test,3.6751590730263985,1.683175144571256,2.289975632850987,6.05544344674816,2.7733144869101527,3.773120472780383,39.45493257356952,32.1248709092704,35.45937378997052,65.00864538028554,52.931134451543976,58.42528945704988,3.7238357570303147,1.6119940831912523,2.2309102552052975,6.135646480495544,2.656031701838436,3.675800316866759,41.4229782490927,33.15953239764492,36.97288299294463,68.25133203736517,54.635913484202504,60.919050734489076,3.692127155221027,1.6952275034563975,2.322678936307848,6.08340121948335,2.7931727777157223,3.8270046722585263,40.13011922408765,32.7639362964745,36.19693938172802,66.12112908424805,53.98410229160048,59.640552970930116,0.728643216080402,0.0036432160804019675,0.0036432160804019675,0.592964824120603,-0.0020351758793969443,0.007964824120603065,0.507537688442211,-0.0024623115577889765,-0.0024623115577889765,0.4574132492113565,0.1519014381877345,0.2108235325272012,0.4018987341772152,0.457286432160804,0.13899069281243304,0.19017457907232316,0.38383838383838387,0.4581939799331104,0.14767645071775148,0.21236528137916155,0.3993288590604027,23.0,5.0,4.0,33.0,3.0,3.0,43.0,3.0,3.0,-0.001292385149913499,-0.00020438017203009621,-7.094259735699175e-05,-0.00043595439539778624,-3.3922379648387846e-05,0.00010338779879681681,"[3.0625, 9.453125, 2.48046875, 1.494140625, 6.81640625, 7.80078125, 4.96484375, 8.453125, 9.296875, 8.265625, 3.646484375, 0.018585205078125, 7.41015625, 0.0946044921875, 7.8125, 8.796875, 4.45703125, 7.5546875, 6.76171875, 0.305908203125, 6.5234375, 9.484375, 0.57958984375, 0.133544921875, 4.27734375, 6.109375, 5.83984375, 10.671875, 5.22265625, 1.05078125, 4.203125, 1.9052734375, 7.0390625, 0.435546875, 1.423828125, 7.0, 6.44921875, 4.1484375, 0.41357421875, 3.708984375, 8.5390625, 5.8671875, 7.09765625, 0.89013671875, 1.6796875, 2.86328125, 2.6875, 6.9765625, 6.6015625, 11.828125, 9.015625, 7.66796875, 1.59375, 0.00971221923828125, 6.50390625, 5.98828125, 2.044921875, 8.7421875, 1.83984375, 7.515625, 2.19921875, 0.7080078125, 3.2890625, 1.927734375, 6.57421875, 8.046875, 5.0, 2.767578125, 5.25390625, 8.3359375, 9.3828125, 1.5205078125, 5.55859375, 1.947265625, 3.865234375, 0.56787109375, 3.9609375, 1.205078125, 6.11328125, 4.3984375, 0.0501708984375, 1.275390625, 4.04296875, 0.09271240234375, 9.28125, 2.400390625, 5.6875, 6.875, 0.0084991455078125, 0.01190185546875, 9.015625, 2.12890625, 2.318359375, 1.306640625, 2.609375, 4.66015625, 4.58203125, 3.8984375, 0.8447265625, 5.3515625, 0.139404296875, 1.4453125, 6.49609375, 2.974609375, 1.82421875, 0.53076171875, 6.4375, 0.46875, 5.58984375, 5.328125, 2.79296875, 4.0703125, 9.78125, 5.44140625, 6.46484375, 3.884765625, 7.03515625, 3.97265625, 0.00977325439453125, 0.00415802001953125, 7.2421875, 0.00556182861328125, 2.134765625, 0.003566741943359375, 1.6259765625, 4.05859375, 6.65625, 0.0985107421875, 5.71484375, 4.09375, 0.091064453125, 0.04931640625, 0.869140625, 0.19189453125, 7.56640625, 0.464111328125, 0.36572265625, 1.4580078125, 1.9765625, 1.8798828125, 2.166015625, 1.0791015625, 0.203857421875, 0.005161285400390625, 0.0186767578125, 0.0011682510375976562, 0.020782470703125, 0.01953125, 0.63427734375, 3.103515625, 12.1796875, 3.28125, 1.5068359375, 4.625, 14.71875, 2.30078125, 0.62353515625, 3.921875, 5.6875, 8.46875, 4.453125, 3.48828125, 2.822265625, 9.375, 5.8515625, 7.25, 0.476806640625, 0.002506256103515625, 0.174560546875, 0.0003654956817626953, 7.734375, 3.400390625, 0.03582763671875, 12.375, 0.390625, 6.14453125, 0.377197265625, 1.265625, 1.970703125, 2.4609375, 0.0018148422241210938, 0.0008902549743652344, 5.859375, 0.1907958984375, 0.0015821456909179688, 0.0016756057739257812, 0.0005326271057128906, 7.69921875, 0.2415771484375, 0.7841796875, 1.2783203125, 0.0030841827392578125, 0.0016927719116210938, 4.578125, 2.15234375, 1.6044921875, 5.0390625, 4.796875, 5.71484375, 1.3369140625, 8.09375, 2.505859375, 0.081298828125, 0.1405029296875, 3.544921875, 4.5, 0.61083984375, 0.62890625, 3.798828125, 0.045654296875, 0.10498046875, 1.615234375, 3.482421875, 7.70703125, 0.1422119140625, 0.4267578125, 1.2763671875, 9.3125, 0.072021484375, 0.67822265625, 0.962890625, 9.4296875, 2.408203125, 4.1953125, 0.0775146484375, 2.326171875, 4.734375, 6.1171875, 8.3125, 0.0014944076538085938, 3.953125, 5.53125, 0.01311492919921875, 0.00452423095703125, 0.06463623046875, 8.84375, 7.1171875, 4.8671875, 1.634765625, 3.53515625, 4.7109375, 6.828125, 0.5322265625, 3.423828125, 6.73046875, 2.544921875, 1.5283203125, 4.203125, 8.4609375, 1.4423828125, 7.453125, 1.1259765625, 7.42578125, 8.703125, 1.650390625, 1.7939453125, 0.0279388427734375, 0.001857757568359375, 0.037353515625, 9.15625, 3.533203125, 1.3212890625, 5.87890625, 3.384765625, 4.421875, 0.83740234375, 4.47265625, 5.57421875, 4.1171875, 0.427001953125, 11.3125, 5.40234375, 6.19140625, 10.6796875, 0.1500244140625, 2.19921875, 0.0010662078857421875, 0.004245758056640625, 1.9716796875, 6.30078125, 2.998046875, 3.09765625, 3.6171875, 5.59765625, 0.76416015625, 6.0390625, 0.0260162353515625, 2.86328125, 9.7109375, 7.93359375, 4.94140625, 0.685546875, 0.89013671875, 0.2431640625, 8.265625, 6.49609375, 6.9296875, 2.330078125, 3.931640625, 5.515625, 6.03125, 4.39453125, 1.296875, 11.9296875, 1.3076171875, 6.76953125, 7.16015625, 0.4755859375, 0.193115234375, 3.654296875, 3.765625, 0.01617431640625, 0.92822265625, 1.30078125, 5.140625, 0.54443359375, 0.6552734375]",-1.5110310553000175
446,1,test,3.1478716473830373,1.3174383191154146,1.7376121381332876,5.103570628310371,2.135931913119034,2.817149892037373,23.286450024187126,17.04986146099256,19.18943154386894,37.75377642219274,27.642541347396445,31.111376247719427,3.0969550112384048,1.2522298239774017,1.7867692975977683,5.021020677795031,2.0302109061080427,2.8968472441904245,22.13046157410618,15.804100587206538,18.42359951096696,35.87959940312534,25.622818398832727,29.869750696503875,3.175123303231587,1.357076568225882,1.8900875373577448,5.147753100132913,2.200196478698132,3.0643546882268113,23.92977030448192,17.769955363746778,20.31497306319437,38.79677653620261,28.81001273867031,32.93619037054066,0.6381909547738693,-0.006809045226130683,-0.0018090452261306789,0.542713567839196,-0.01228643216080394,-0.01228643216080394,0.4170854271356784,-0.007914572864321623,-0.007914572864321623,0.4078947368421053,0.10040459229545617,0.13907753254103006,0.40897097625329815,0.40703517587939697,0.09124570219518646,0.14994001728173423,0.40909090909090906,0.40802675585284276,0.08749253214666575,0.1477375456192499,0.42281879194630867,22.0,8.0,8.0,32.0,8.0,7.0,37.0,5.0,5.0,0.0002120051156440737,2.5152705091272263e-05,0.0002249986635195719,0.004003227048132274,0.006477213479387345,0.004935775637068929,"[3.056640625, 8.4453125, 0.021453857421875, 0.6611328125, 0.002361297607421875, 0.14404296875, 4.5, 0.66748046875, 0.0015687942504882812, 0.1026611328125, 0.01052093505859375, 3.220703125, 0.125244140625, 0.03863525390625, 5.28515625, 0.5810546875, 0.22021484375, 0.041412353515625, 4.19140625, 7.99609375, 9.75, 4.47265625, 10.3203125, 6.328125, 0.1463623046875, 5.76171875, 3.435546875, 7.21484375, 6.234375, 4.30859375, 0.416748046875, 2.427734375, 2.166015625, 0.1343994140625, 0.0016765594482421875, 5.53125, 0.248291015625, 5.09765625, 0.1942138671875, 8.7578125, 4.859375, 6.92578125, 9.21875, 14.28125, 1.3369140625, 6.0234375, 0.88623046875, 0.23681640625, 0.2244873046875, 0.427001953125, 2.146484375, 8.203125, 5.44140625, 1.3935546875, 3.98828125, 1.791015625, 4.06640625, 2.8125, 0.389404296875, 8.953125, 0.7626953125, 2.662109375, 0.368408203125, 2.94140625, 0.006561279296875, 5.30078125, 0.6083984375, 0.01119232177734375, 5.27734375, 5.68359375, 2.4375, 0.3857421875, 1.7431640625, 0.05377197265625, 1.140625, 7.45703125, 5.43359375, 9.5625, 3.751953125, 9.0625, 1.673828125, 7.1328125, 5.2734375, 5.56640625, 0.2037353515625, 0.640625, 0.59619140625, 2.34765625, 2.16796875, 8.2578125, 0.79150390625, 0.02325439453125, 1.3515625, 3.21484375, 0.0044403076171875, 7.12890625, 0.0184173583984375, 0.0897216796875, 1.607421875, 2.859375, 0.057525634765625, 3.599609375, 0.0718994140625, 6.93359375, 4.13671875, 0.347412109375, 0.0194244384765625, 0.09735107421875, 0.7568359375, 0.9013671875, 5.4921875, 0.0245208740234375, 0.05474853515625, 4.61328125, 2.751953125, 6.65625, 0.73291015625, 1.708984375, 0.392333984375, 0.0296478271484375, 1.3935546875, 0.008544921875, 2.568359375, 0.051025390625, 2.609375, 0.01468658447265625, 1.91015625, 0.0107574462890625, 2.1171875, 0.3642578125, 0.0042724609375, 0.0011720657348632812, 0.00023245811462402344, 7.05859375, 1.47265625, 3.32421875, 0.09368896484375, 9.09375, 5.66015625, 2.390625, 2.58984375, 0.68115234375, 6.78125, 0.260009765625, 8.6015625, 1.8203125, 2.16796875, 2.767578125, 2.44140625, 0.0999755859375, 1.4892578125, 8.109375, 10.34375, 0.369384765625, 2.306640625, 4.90625, 3.55859375, 3.36328125, 0.177001953125, 3.779296875, 3.3671875, 4.80078125, 5.3671875, 2.330078125, 5.0625, 0.035614013671875, 3.5859375, 5.87109375, 2.3125, 6.5546875, 2.439453125, 0.61669921875, 1.736328125, 7.81640625, 0.6123046875, 2.1328125, 3.62109375, 1.2734375, 9.5859375, 2.775390625, 8.5078125, 3.765625, 2.8671875, 5.41015625, 2.3046875, 6.9609375, 3.015625, 3.1171875, 3.76171875, 9.046875, 12.8828125, 4.85546875, 2.005859375, 1.294921875, 5.75390625, 0.162841796875, 1.298828125, 0.3369140625, 0.8076171875, 0.26806640625, 1.8662109375, 3.314453125, 8.34375, 4.60546875, 0.76611328125, 2.794921875, 1.8330078125, 5.55078125, 7.47265625, 9.578125, 4.19140625, 3.357421875, 4.23828125, 1.7060546875, 0.88818359375, 7.29296875, 2.56640625, 0.0033111572265625, 1.0732421875, 5.34375, 6.05078125, 8.421875, 0.2061767578125, 3.62109375, 3.865234375, 7.3515625, 0.8984375, 3.90625, 1.1572265625, 1.2021484375, 5.05078125, 9.6484375, 5.55078125, 0.37841796875, 5.7265625, 0.00569915771484375, 4.08203125, 6.31640625, 8.8984375, 7.97265625, 3.611328125, 6.171875, 0.880859375, 2.77734375, 0.0257568359375, 1.291015625, 0.01364898681640625, 0.282470703125, 2.697265625, 4.140625, 3.232421875, 1.587890625, 2.94140625, 6.04296875, 0.1224365234375, 1.5068359375, 0.00012314319610595703, 7.08203125, 1.345703125, 0.145751953125, 1.3623046875, 8.515625, 0.5048828125, 9.655952453613281e-05, 7.94921875, 0.2386474609375, 0.08941650390625, 0.82470703125, 1.3427734375, 0.00017142295837402344, 6.5, 3.1015625, 8.328125, 0.3271484375, 1.7275390625, 6.42578125, 4.81640625, 0.41748046875, 3.140625, 0.423583984375, 2.23046875, 0.38916015625, 1.416015625, 0.035552978515625, 4.8359375, 5.55859375, 1.625, 5.66015625, 2.623046875, 8.8046875, 0.57080078125, 2.3125, 2.41796875, 3.8359375, 4.1015625, 4.16796875, 6.46875, 1.4365234375, 4.0546875, 0.46826171875, 1.4345703125, 0.93310546875, 6.85546875, 3.75, 10.6796875, 0.257080078125, 0.001796722412109375, 0.21630859375, 0.323486328125, 1.4072265625, 0.0163116455078125, 0.0003292560577392578, 0.01178741455078125, 0.0009188652038574219, 0.00013113021850585938, 0.078857421875, 1.5986328125, 0.02313232421875, 0.027801513671875, 7.828125, 2.9453125, 0.4072265625, 5.6328125, 5.6484375, 7.296875, 1.6259765625, 5.54296875, 4.44921875, 7.80078125, 4.90625, 2.0703125, 1.216796875, 1.1748046875, 1.951171875, 3.67578125, 6.5625, 7.6875, 4.671875, 0.04815673828125, 0.77783203125, 7.4453125, 9.1328125, 1.3046875, 9.828125, 10.1640625, 5.4140625, 2.767578125, 3.677734375, 2.169921875, 0.233642578125, 1.3349609375, 6.4296875, 2.15234375, 1.552734375, 1.40625, 0.73095703125, 0.282958984375, 2.74609375, 0.448974609375, 8.796875, 11.625, 2.3671875, 3.61328125, 2.046875, 6.203125, 1.994140625, 1.3232421875, 5.84375, 5.265625, 8.234375, 0.71630859375, 0.01242828369140625, 0.8173828125, 0.708984375, 0.00014960765838623047, 0.0452880859375, 0.003875732421875, 0.0014133453369140625, 4.53515625, 1.2998046875]",-1.7947328943955272
188,1,test,3.3684033825728394,1.4857998702204838,2.042545144109974,5.620649431275389,2.479263688770275,3.4082705954971164,29.03213681832761,22.46154759525444,25.26672122519258,48.44415729448749,37.48021551397486,42.16103778404916,3.5296728431279933,1.5458843812157474,2.1441609009077416,5.889749951254995,2.579523050312668,3.577830615715877,34.11280555022168,26.842571667892894,30.115934001780825,56.92195955717463,44.79056337482719,50.252623600604686,3.3578494617523247,1.4630726952446187,2.0378397989153583,5.603038746829323,2.441340237035399,3.4004190727463373,28.727345147778145,22.07628164901177,24.983887598272055,47.935570009901994,36.83734571018532,41.68909054859597,0.728643216080402,0.013643216080401865,-0.001356783919598037,0.6080402010050252,0.013040201005025231,0.008040201005025227,0.4974874371859297,0.007487437185929702,0.0024874371859296973,0.4128113879003559,0.09842417653268265,0.16902440565183519,0.40714285714285714,0.4371859296482412,0.11889019029987025,0.18676856737779046,0.43434343434343436,0.4092526690391459,0.0948654576714727,0.1595485270273116,0.40714285714285714,21.0,4.0,4.0,31.0,5.0,5.0,41.0,3.0,2.0,-0.00014212606790326376,-0.0003469746738284872,-1.488724558273163e-05,0.00025954392907312496,-0.0001733692814402943,-2.277625207813827e-05,"[3.056640625, 9.4453125, 2.4296875, 1.0791015625, 0.80224609375, 8.9921875, 2.568359375, 10.625, 6.265625, 3.275390625, 7.18359375, 0.701171875, 6.71875, 5.17578125, 2.828125, 0.10418701171875, 3.173828125, 1.330078125, 7.265625, 2.48828125, 6.30859375, 0.1396484375, 3.302734375, 9.484375, 3.728515625, 0.2476806640625, 7.78125, 2.861328125, 2.751953125, 5.55859375, 2.0, 7.30078125, 3.71484375, 0.300537109375, 0.0268707275390625, 0.0745849609375, 0.25634765625, 0.019805908203125, 0.1859130859375, 1.5, 0.62060546875, 1.44921875, 1.1298828125, 0.4384765625, 4.89453125, 2.634765625, 5.1796875, 3.109375, 1.7919921875, 3.03515625, 9.171875, 7.4453125, 4.3046875, 4.65234375, 6.80078125, 8.8828125, 7.0, 5.45703125, 1.181640625, 1.0546875, 0.7470703125, 7.4296875, 2.00390625, 0.82421875, 0.293212890625, 1.2958984375, 6.91796875, 0.031341552734375, 3.80078125, 0.0972900390625, 0.367919921875, 5.10546875, 0.1505126953125, 0.057373046875, 5.21484375, 4.32421875, 1.2685546875, 0.1312255859375, 5.2578125, 8.3984375, 0.7138671875, 0.1973876953125, 1.7255859375, 4.03515625, 5.38671875, 4.28515625, 4.28125, 0.345703125, 5.2890625, 4.7421875, 5.34375, 1.625, 2.1875, 2.30078125, 1.5703125, 0.143310546875, 3.630859375, 4.3203125, 14.609375, 6.0546875, 8.546875, 0.39111328125, 1.7548828125, 7.44140625, 3.166015625, 7.35546875, 2.505859375, 5.4921875, 1.1845703125, 0.0116424560546875, 2.978515625, 2.412109375, 1.4697265625, 3.935546875, 1.8076171875, 4.1484375, 2.66015625, 0.66796875, 5.30859375, 0.72802734375, 3.12890625, 5.91796875, 0.1419677734375, 9.6640625, 0.08709716796875, 0.324462890625, 5.390625, 8.640625, 2.693359375, 6.76953125, 4.13671875, 0.10150146484375, 0.35009765625, 4.11328125, 0.031524658203125, 5.453125, 4.45703125, 1.361328125, 4.9765625, 1.197265625, 3.3046875, 0.41748046875, 0.03082275390625, 3.0703125, 0.7900390625, 5.03125, 1.7802734375, 4.7578125, 11.4765625, 10.1015625, 0.990234375, 4.5859375, 8.3671875, 0.869140625, 6.26171875, 1.7138671875, 1.6748046875, 4.515625, 0.81640625, 2.865234375, 2.69140625, 5.74609375, 0.1123046875, 8.8828125, 10.125, 0.30712890625, 2.572265625, 9.7421875, 4.26171875, 3.626953125, 0.004650115966796875, 0.1513671875, 0.0004436969757080078, 0.002033233642578125, 0.0026035308837890625, 7.6328125, 2.640625, 4.62109375, 5.78125, 4.2265625, 6.71875, 1.8740234375, 0.10711669921875, 8.03125, 0.6826171875, 7.39453125, 2.044921875, 7.2109375, 0.07830810546875, 0.480224609375, 2.17578125, 4.1328125, 3.779296875, 5.9921875, 1.3115234375, 7.61328125, 9.15625, 0.370361328125, 0.007495880126953125, 1.4541015625, 0.0001461505889892578, 0.434326171875, 4.84375, 1.6396484375, 3.296875, 8.1171875, 1.7744140625, 7.5546875, 1.3291015625, 0.07757568359375, 6.57421875, 0.314208984375, 8.1953125, 0.0002008676528930664, 0.8447265625, 0.0081024169921875, 0.0007901191711425781, 0.00411224365234375, 0.0005626678466796875, 5.6171875, 0.0006275177001953125, 0.012451171875, 0.041351318359375, 0.002887725830078125, 5.390625, 7.11328125, 3.607421875, 1.1640625, 3.708984375, 5.078125, 0.1336669921875, 0.1224365234375, 1.0078125, 0.55419921875, 5.984375, 0.0888671875, 0.5947265625, 2.603515625, 10.921875, 0.404296875, 2.447265625, 6.65234375, 1.99609375, 0.84130859375, 1.224609375, 5.90234375, 0.0277862548828125, 2.33984375, 4.1171875, 1.7255859375, 1.62890625, 0.7470703125, 2.712890625, 0.94140625, 11.0, 7.74609375, 1.2177734375, 3.96875, 3.533203125, 9.2265625, 3.162109375, 6.453125, 2.951171875, 0.69873046875, 2.505859375, 9.125, 2.9765625, 2.291015625, 2.978515625, 0.0232391357421875, 1.146484375, 9.7578125, 8.1796875, 7.21484375, 0.63720703125, 0.207763671875, 5.0546875, 3.322265625, 6.109375, 2.4453125, 0.255126953125]",-1.4668913409379027
128,1,test,3.3247389438105563,1.547211115771301,2.09463439792883,5.790021562010221,2.694462895492878,3.6477986793862622,27.791742489186756,21.876527589731392,24.370155258741224,48.39922501518238,38.09789838755943,42.44054249141329,3.839103353682475,1.7223803698584934,2.4028811204435545,6.685785432263358,2.999519555671934,4.184609298187414,46.48377624152332,38.17989534161589,42.278995148907185,80.95133821653042,66.49015787383448,73.62872624571591,3.3247389438105563,1.547211115771301,2.09463439792883,5.790021562010221,2.694462895492878,3.6477986793862622,27.791742489186756,21.876527589731392,24.370155258741224,48.39922501518238,38.09789838755943,42.44054249141329,0.8190954773869347,-0.0009045226130653949,-0.0009045226130653949,0.6683417085427136,-0.026658291457286487,0.008341708542713655,0.5678391959798995,0.002839195979899567,-0.007160804020100442,0.44313725490196076,0.12219792026399601,0.19933021448475086,0.38976377952755903,0.4170854271356784,0.0611957028249015,0.14162632863818259,0.4494949494949495,0.44313725490196076,0.12219792026399601,0.19933021448475086,0.38976377952755903,19.0,1.0,1.0,33.0,-2.0,0.0,38.0,0.0,-1.0,-0.0008746007099292385,-0.0008076362541399788,-0.00048098917728968383,0.01029890100941433,0.011636260527020603,0.012148539260334879,"[3.0625, 9.453125, 2.48046875, 1.494140625, 12.8203125, 4.20703125, 3.19921875, 0.07525634765625, 0.1805419921875, 0.48876953125, 2.142578125, 2.412109375, 4.55078125, 3.263671875, 2.14453125, 1.953125, 7.1015625, 6.0859375, 0.771484375, 0.9287109375, 2.623046875, 1.943359375, 7.5546875, 1.4755859375, 5.5234375, 5.828125, 0.6328125, 7.609375, 0.00989532470703125, 0.7333984375, 3.025390625, 0.034942626953125, 5.5703125, 8.3984375, 3.6015625, 1.1298828125, 3.578125, 0.6044921875, 8.1875, 7.5703125, 0.7041015625, 0.763671875, 2.521484375, 1.9599609375, 7.67578125, 0.8486328125, 1.6162109375, 4.3671875, 10.9375, 3.296875, 5.01953125, 1.2216796875, 6.1328125, 3.7734375, 4.89453125, 3.626953125, 10.0859375, 4.55078125, 5.48046875, 2.80078125, 4.98828125, 2.83203125, 0.76953125, 3.595703125, 5.50390625, 3.765625, 4.18359375, 2.162109375, 4.890625, 0.76611328125, 5.92578125, 2.443359375, 3.3359375, 9.96875, 1.9619140625, 7.72265625, 13.265625, 0.0755615234375, 1.7998046875, 3.318359375, 2.37890625, 1.275390625, 2.841796875, 4.46875, 1.7744140625, 0.23095703125, 0.712890625, 6.6328125, 0.2449951171875, 3.63671875, 6.6328125, 1.505859375, 15.4765625, 0.6435546875, 2.232421875, 0.302978515625, 6.8984375, 6.47265625, 1.83203125, 0.580078125, 7.46484375, 9.109375, 8.078125, 8.953125, 0.1917724609375, 0.398193359375, 4.203125, 0.60498046875, 1.056640625, 6.703125, 0.91064453125, 6.765625, 2.044921875, 4.6171875, 5.15234375, 3.333984375, 4.19921875, 1.3955078125, 5.09765625, 3.0546875, 3.5234375, 5.57421875, 4.08984375, 4.7578125, 9.21875, 5.40234375, 2.5703125, 1.708984375, 2.7109375, 5.76953125, 2.458984375, 3.662109375, 3.068359375, 6.73046875, 0.07952880859375, 3.58984375, 1.3779296875, 4.53515625, 1.9443359375, 0.003231048583984375, 6.86328125, 1.1083984375, 2.162109375, 6.0234375, 6.67578125, 6.8671875, 6.8671875, 4.0078125, 2.73046875, 6.328125, 3.01171875, 5.6015625, 1.943359375, 3.17578125, 1.3720703125, 1.5849609375, 0.09417724609375, 5.62109375, 5.265625, 1.4296875, 5.7421875, 8.2578125, 4.87890625, 0.241455078125, 0.0413818359375, 3.369140625, 10.5234375, 3.138671875, 3.42578125, 6.36328125, 5.1875, 5.46484375, 3.94140625, 1.5634765625, 0.15283203125, 3.37890625, 0.923828125, 3.2890625, 0.00994110107421875, 6.8984375, 0.7431640625, 6.73828125, 5.59765625, 2.42578125, 11.7109375, 8.9921875, 4.55078125, 0.015594482421875, 5.66796875, 1.4794921875, 7.18359375, 3.5078125, 4.54296875, 0.148681640625, 1.45703125, 5.19140625, 7.2890625, 2.068359375, 7.26953125, 5.63671875, 3.80078125, 0.0089874267578125, 0.060211181640625, 0.0038013458251953125, 0.0076141357421875, 0.010772705078125, 1.5322265625, 0.004520416259765625, 0.053253173828125, 4.03515625, 0.061431884765625, 0.02716064453125, 0.9765625, 0.0026035308837890625, 0.01187896728515625, 0.5810546875, 0.00177001953125, 0.0305328369140625, 0.34814453125, 0.0016050338745117188, 0.0931396484375, 0.134033203125, 0.0010156631469726562, 0.10491943359375, 0.19140625, 0.0016651153564453125, 0.057342529296875, 0.10760498046875, 0.0018815994262695312, 4.0546875, 0.007236480712890625, 0.010284423828125, 0.035736083984375, 0.02142333984375, 2.939453125, 0.62451171875, 0.00057220458984375, 0.004947662353515625, 0.0013055801391601562, 0.083740234375, 0.00047779083251953125, 8.6875, 0.417724609375, 0.368408203125, 4.703125, 0.09375, 8.1171875, 0.56591796875, 0.0046844482421875, 7.5625, 3.595703125, 4.4453125, 6.046875, 0.80908203125, 1.7197265625]",-1.2434225437687894
244,1,test,2.418718096821807,0.9852968891169556,1.2870332153206234,4.715892570687745,1.9210813717456223,2.5093913946954873,11.231452448161578,7.038432575322949,8.130575737182376,21.898510300938153,13.72317507148394,15.85257982928021,3.0884588902919137,1.2830252462027287,1.800891920383774,6.021718841373179,2.501576861943009,3.5112867593412282,21.943234972128476,15.86062640818364,18.319276351712112,42.78379482002939,30.92423641394599,35.71798605258442,2.5989966189183518,1.0950341554693925,1.539333643273976,5.067390392664928,2.135041468955399,3.0013138371371997,13.450235550170849,8.950752720423147,10.56483717431923,26.224579866664772,17.45171887198081,20.598778008220407,0.6683417085427136,-0.0016582914572863539,-0.0016582914572863539,0.5577889447236181,0.007788944723618019,0.007788944723618019,0.4170854271356784,-0.012914572864321627,0.0170854271356784,0.4031007751937985,0.1024556139034759,0.1460137761713156,0.2849740932642487,0.39698492462311563,0.08620798226722592,0.14489811327086188,0.33333333333333337,0.4013377926421404,0.1058453051630085,0.167744911663275,0.28523489932885904,18.0,2.0,2.0,29.0,4.0,4.0,36.0,4.0,3.0,-0.0008460725136600125,-0.00119493562368984,-0.0002967631994440733,0.04148115694733345,0.05209972841061106,0.04578571853407443,"[3.056640625, 9.4453125, 2.48046875, 1.80859375, 0.8740234375, 3.994140625, 2.685546875, 6.3125, 1.3271484375, 0.135009765625, 2.77734375, 8.6171875, 2.6484375, 0.994140625, 5.23828125, 5.17578125, 3.5234375, 8.515625, 8.9609375, 1.0244140625, 6.5859375, 4.19140625, 4.55859375, 0.93701171875, 11.0, 0.34326171875, 0.28173828125, 1.98828125, 1.93359375, 4.83984375, 0.12103271484375, 6.0703125, 2.4609375, 10.3828125, 3.197265625, 3.380859375, 0.994140625, 1.3154296875, 7.15625, 6.734375, 0.87158203125, 2.728515625, 4.5, 2.037109375, 2.416015625, 6.3984375, 4.140625, 5.7578125, 0.240234375, 0.181640625, 2.318359375, 1.2421875, 1.689453125, 8.953125, 9.9921875, 0.1859130859375, 0.02545166015625, 0.56787109375, 7.64453125, 0.60498046875, 0.61083984375, 6.38671875, 6.01953125, 3.404296875, 4.78125, 2.966796875, 4.28515625, 2.62109375, 3.560546875, 0.5810546875, 7.66015625, 2.8828125, 10.1171875, 3.32421875, 0.6494140625, 4.56640625, 0.62255859375, 3.052734375, 5.4453125, 5.171875, 3.587890625, 1.2890625, 3.109375, 0.059051513671875, 1.181640625, 4.109375, 0.197265625, 0.11773681640625, 4.6640625, 5.78125, 3.833984375, 0.0165252685546875, 0.004573822021484375, 3.2578125, 0.383544921875, 0.08001708984375, 0.0611572265625, 4.03515625, 0.00420379638671875, 2.51953125, 2.44921875, 5.234375, 0.60009765625, 6.44140625, 0.64697265625, 5.4921875, 7.98046875, 2.255859375, 3.052734375, 6.01171875, 3.21875, 2.958984375, 7.6171875, 1.314453125, 0.88330078125, 7.9921875, 1.556640625, 14.890625, 12.40625, 4.59375, 0.0166015625, 0.345458984375, 0.0006070137023925781, 0.0027675628662109375, 0.0011911392211914062, 0.86376953125, 3.5078125, 4.40234375, 4.734375, 5.13671875, 5.4921875, 7.2734375, 2.912109375, 1.8017578125, 6.48828125, 1.986328125, 4.73046875, 7.3359375, 1.8681640625, 3.1328125, 2.171875, 2.5234375, 5.30859375, 3.2265625, 11.421875, 5.19921875, 2.1328125, 0.7958984375, 0.0029087066650390625, 0.5048828125, 0.0011615753173828125, 0.552734375, 3.037109375, 3.193359375, 0.0020465850830078125, 3.0859375, 2.689453125, 1.26953125, 3.25, 0.1949462890625, 0.054046630859375, 8.984375, 12.5859375, 0.1405029296875, 0.2174072265625, 0.0024852752685546875, 0.0020751953125, 0.0015459060668945312, 0.0001857280731201172, 0.385986328125, 0.163818359375, 0.0079345703125, 0.00043582916259765625, 0.0005807876586914062, 2.78515625, 1.8017578125, 5.1484375, 2.044921875, 3.482421875, 1.8349609375, 0.257568359375, 0.316650390625, 0.003192901611328125, 0.328857421875, 0.369384765625, 0.8330078125, 5.453125, 5.9765625, 1.7509765625, 1.798828125, 0.9384765625, 0.53466796875, 0.55029296875, 0.288818359375, 1.7392578125, 2.685546875, 1.296875, 1.30859375, 1.576171875, 1.2861328125, 6.17578125, 3.689453125, 2.6640625, 4.203125, 1.767578125, 1.1259765625, 0.062469482421875, 3.23046875, 1.72265625, 9.2734375, 1.9853515625, 0.422607421875, 0.4833984375, 0.10504150390625, 0.0626220703125, 0.0014591217041015625, 1.7470703125, 1.244140625, 4.5859375, 4.765625, 0.62109375, 3.015625, 4.53515625, 7.11328125, 0.0011806488037109375, 1.021484375, 1.5126953125, 0.00180816650390625, 0.2139892578125, 0.004329681396484375, 0.00418853759765625, 0.49365234375, 0.77392578125, 0.0013551712036132812, 7.53515625, 2.74609375, 0.1085205078125, 2.27734375, 2.67578125, 3.70703125, 0.0005249977111816406, 1.4140625, 0.025421142578125, 0.60546875, 2.322265625, 4.5625, 4.98828125, 2.28515625, 2.953125, 0.95556640625, 0.1864013671875, 2.775390625, 0.188720703125, 0.31787109375, 1.03125, 0.3017578125, 0.51318359375, 0.0200958251953125, 0.01465606689453125, 0.00024020671844482422, 0.004695892333984375, 1.4560546875, 1.529296875, 0.0007271766662597656, 0.0005435943603515625, 0.002452850341796875, 0.098876953125, 0.0013036727905273438, 1.9033203125, 2.486328125, 1.6484375, 0.260009765625, 0.25537109375, 0.8564453125, 3.212890625, 0.130126953125, 4.16796875, 0.91162109375, 1.72265625, 3.98046875, 1.9794921875, 3.25390625, 0.99365234375, 4.21875, 2.197265625, 0.9609375, 0.67138671875, 0.80712890625, 2.087890625, 1.30078125, 3.712890625, 2.017578125, 0.09918212890625, 1.162109375, 0.1734619140625, 0.01058197021484375, 0.0762939453125, 0.385498046875, 0.73974609375, 0.017852783203125, 0.134033203125, 0.4443359375, 1.7646484375, 9.8125, 1.76953125, 2.2890625, 6.046875, 0.50244140625, 1.65625, 1.2275390625, 0.19970703125, 0.1546630859375, 0.427490234375, 0.2064208984375, 0.755859375, 0.08111572265625, 3.16796875, 3.298828125, 0.521484375, 0.2322998046875, 6.23828125, 1.1201171875, 2.349609375, 4.6171875, 2.501953125, 3.541015625, 3.904296875, 5.07421875, 0.4130859375, 2.47265625, 2.0390625, 2.4375, 0.0654296875, 0.0084075927734375, 3.2109375, 0.8896484375, 0.0391845703125, 0.0111846923828125, 0.005615234375, 0.066162109375, 0.1436767578125, 0.002307891845703125, 0.140625, 0.3076171875, 2.44921875, 0.52685546875, 2.26171875, 2.98828125, 0.32177734375, 4.8203125, 0.33056640625, 2.015625, 1.4814453125, 2.9609375, 3.26953125, 0.029632568359375, 4.53125, 0.053192138671875, 0.853515625, 2.9921875, 0.7294921875, 0.55810546875, 1.255859375, 2.89453125, 0.0184478759765625, 0.08270263671875, 2.9296875, 3.236328125, 1.5458984375, 1.349609375, 3.12109375, 0.1903076171875, 0.00711822509765625, 0.10272216796875, 0.51220703125, 0.167724609375, 0.0175323486328125, 0.394287109375, 2.236328125, 5.54296875, 2.673828125, 2.052734375, 1.3994140625, 4.75, 5.4296875, 0.91064453125, 2.416015625]",-1.4620826272077339
172,1,test,3.363392075495933,1.5314378769798607,2.1103035368231913,6.384744278907534,2.9071363088431252,4.005999934308431,28.88701180235466,22.64093098074547,25.385872121220824,54.83636138752071,42.97939440412699,48.19013012841919,3.3808061321776117,1.5002965205196253,2.0881684235885007,6.417801471252416,2.8480205135287804,3.9639807363035944,29.394457382814434,22.837611927014414,25.752075946074147,55.79964791313926,43.35275484450194,48.8852967111916,3.3921220964412626,1.5245561851593776,2.110214353948383,6.439282623752905,2.8940727582686487,4.00583063800371,29.728973126625746,23.2564506111,26.12546538950468,56.434660850543786,44.14783844818982,49.594103790246166,0.6834170854271358,-0.006582914572864196,0.008417085427135707,0.5477386934673367,-0.002261306532663321,-0.007261306532663214,0.46733668341708545,0.012336683417085492,0.007336683417085488,0.3791044776119403,0.09147407522743956,0.14871718863478045,0.3562874251497006,0.3919597989949749,0.086195387967406,0.14988968213353915,0.36363636363636365,0.3745819397993311,0.07742000323839615,0.14877548818642783,0.36241610738255037,24.0,0.0,0.0,36.0,2.0,1.0,44.0,2.0,1.0,4.7355470513793606e-05,-0.0002364368887052642,-0.0003930224516696074,0.014613686289523642,0.013510731768959339,0.01596654279063081,"[3.056640625, 9.4453125, 2.4296875, 1.0791015625, 1.802734375, 11.203125, 6.0078125, 7.578125, 6.40234375, 0.2197265625, 6.16796875, 1.0625, 2.09765625, 7.44921875, 1.0263671875, 2.869140625, 1.068359375, 3.5625, 1.9951171875, 1.6611328125, 12.2578125, 10.3984375, 9.921875, 3.33203125, 13.375, 0.0026340484619140625, 7.47265625, 10.0078125, 4.5078125, 9.9765625, 4.34375, 4.55859375, 2.12109375, 0.52197265625, 4.82421875, 1.2578125, 0.2236328125, 0.77001953125, 0.01026153564453125, 0.85205078125, 0.059234619140625, 3.115234375, 1.90234375, 4.8203125, 2.3125, 3.98046875, 7.84375, 4.36328125, 1.3173828125, 2.525390625, 1.6845703125, 1.4736328125, 0.151611328125, 4.50390625, 8.1796875, 0.14306640625, 3.611328125, 1.71484375, 5.3671875, 5.6328125, 1.0517578125, 7.69140625, 3.201171875, 1.4375, 7.25, 0.732421875, 4.640625, 10.6171875, 1.69921875, 1.1806640625, 9.6796875, 0.0279083251953125, 2.0625, 4.76953125, 0.10870361328125, 2.109375, 5.6171875, 0.59228515625, 1.82421875, 4.62109375, 5.88671875, 5.53125, 0.08697509765625, 7.39453125, 0.76513671875, 0.58349609375, 0.0584716796875, 3.08203125, 8.5703125, 1.822265625, 5.59765625, 4.140625, 0.6142578125, 3.396484375, 4.71875, 0.7587890625, 2.00390625, 1.19140625, 0.59912109375, 2.326171875, 6.08203125, 0.02978515625, 8.3671875, 6.05078125, 0.2607421875, 1.7421875, 0.0186767578125, 1.4052734375, 0.01202392578125, 2.189453125, 0.912109375, 11.53125, 0.292236328125, 0.77001953125, 5.2421875, 2.830078125, 1.2880859375, 0.98583984375, 6.37109375, 1.7685546875, 0.52685546875, 2.986328125, 0.1641845703125, 12.1484375, 1.9462890625, 0.0531005859375, 7.69921875, 5.5703125, 0.0249176025390625, 3.298828125, 0.01088714599609375, 0.346923828125, 0.0216827392578125, 0.387939453125, 0.4267578125, 0.0654296875, 0.0225830078125, 0.035675048828125, 0.0008935928344726562, 0.154052734375, 0.002315521240234375, 0.22900390625, 2.966796875, 3.16015625, 7.8203125, 5.28515625, 3.345703125, 4.9921875, 5.62109375, 0.98681640625, 2.294921875, 5.5546875, 7.08203125, 0.049835205078125, 0.302734375, 0.0024566650390625, 0.77783203125, 0.020263671875, 0.449951171875, 2.083984375, 8.609375, 2.900390625, 2.1328125, 2.119140625, 4.65234375, 0.04962158203125, 0.008819580078125, 3.111328125, 5.7109375, 5.57421875, 5.67578125, 0.31494140625, 3.623046875, 3.958984375, 0.51171875, 4.4375, 3.048828125, 0.95263671875, 4.42578125, 3.25390625, 2.80859375, 6.17578125, 9.109375, 7.16015625, 0.5615234375, 1.9814453125, 9.7109375, 0.477294921875, 12.8203125, 0.71240234375, 8.0625, 0.2158203125, 8.984375, 5.50390625, 5.22265625, 6.81640625, 0.0297698974609375, 3.1328125, 1.3544921875, 9.2734375, 7.69921875, 0.84716796875, 2.51171875, 4.90234375, 4.58203125, 4.92578125, 2.931640625, 1.6103515625, 8.078125, 3.0234375, 5.98046875, 1.1630859375, 1.6181640625, 6.3984375, 0.1036376953125, 0.00879669189453125, 0.24169921875, 7.50390625, 3.37890625, 11.0234375, 4.55078125, 3.068359375, 6.125, 9.71875, 11.5078125, 4.89453125, 9.578125, 1.2900390625, 0.478515625, 11.046875, 1.916015625, 1.818359375, 5.75390625, 10.265625, 2.142578125, 3.14453125, 4.52734375, 11.90625, 7.1328125, 7.70703125, 0.1376953125, 1.9794921875, 11.9140625, 10.859375, 1.0908203125, 5.34765625, 0.05120849609375, 0.1708984375, 0.003871917724609375, 0.77978515625, 0.0137939453125, 0.77001953125, 10.2890625, 0.002574920654296875, 2.224609375, 0.00395965576171875, 1.4892578125, 0.005084991455078125, 0.1630859375, 3.28125, 0.0154266357421875, 6.171875, 0.448974609375, 0.183349609375, 6.94921875, 2.658203125, 0.6650390625, 0.7568359375, 2.595703125, 0.10784912109375, 3.2421875, 0.00594329833984375, 7.921875, 3.685546875, 7.92578125, 1.7333984375, 0.2763671875, 12.8671875, 6.01953125, 0.75439453125, 0.475830078125, 0.6591796875, 0.006805419921875, 0.0222320556640625, 0.0501708984375, 1.71875, 0.01114654541015625, 5.6015625, 3.02734375, 0.3837890625, 1.662109375, 0.0926513671875, 1.6953125, 0.00215911865234375, 0.292236328125, 0.335205078125, 0.0264434814453125, 0.037261962890625, 0.030426025390625, 0.0001430511474609375, 0.91357421875, 2.142578125, 0.1280517578125, 0.0016775131225585938, 0.0904541015625, 2.802734375, 0.1788330078125, 0.0290374755859375, 0.049896240234375, 0.062255859375, 0.0017414093017578125, 0.70263671875, 0.00873565673828125, 7.74609375, 1.052734375, 9.5078125, 10.671875, 0.97802734375, 7.375, 1.783203125, 0.358642578125, 0.045257568359375, 4.13671875, 7.26953125, 5.43359375, 2.75390625, 2.9921875, 3.5625, 1.1884765625, 6.4609375, 13.4453125, 7.6328125, 6.08984375, 4.36328125, 0.05657958984375]",-0.6709268484542621
64,1,test,2.795825307689062,1.1550201104189313,1.627148812136999,5.226287080850576,2.159100092771752,3.041658859051549,16.376138530575222,11.216816418315485,13.158407392955272,30.612213503177546,20.967798872873832,24.59725018342207,3.013362843786652,1.2521397687015354,1.7708492100570326,5.632933952305731,2.3406476358113935,3.310280625617976,20.355738122967217,14.53618733198142,16.891427585594723,38.051351377592134,27.172759273988003,31.57545270261741,2.816139082446146,1.161870220833135,1.63336651657689,5.264259989345353,2.1719051287164857,3.0532817270102095,16.712201517717688,11.482946302787383,13.448791828034222,31.240422155279088,21.46528030464232,25.140071087632155,0.6834170854271358,0.003417085427135813,0.003417085427135813,0.5226130653266332,-0.012386934673366712,0.0026130653266331905,0.42211055276381915,-0.007889447236180902,-0.0028894472361808976,0.3932926829268293,0.10105524000445487,0.15191337258200166,0.3516819571865444,0.42211055276381915,0.11634614173625024,0.1650153941661564,0.3737373737373737,0.3946488294314381,0.10750358736132126,0.1499324779297696,0.34563758389261745,22.0,12.0,12.0,34.0,15.0,15.0,41.0,16.0,15.0,-0.0007799566234252092,0.0001242965531153715,-0.0003929582315822321,0.008950644026732846,0.006996929396602347,0.008514116920691706,"[3.056640625, 9.4453125, 2.4296875, 1.0791015625, 2.802734375, 0.35693359375, 0.64501953125, 0.361328125, 0.204345703125, 3.912109375, 0.548828125, 0.85107421875, 7.1171875, 0.54833984375, 1.513671875, 8.8046875, 7.2421875, 4.671875, 4.0390625, 2.52734375, 0.2474365234375, 6.30859375, 2.84375, 9.3046875, 3.82421875, 2.439453125, 0.11798095703125, 7.03515625, 0.4150390625, 4.4375, 5.03125, 1.599609375, 0.04815673828125, 5.8984375, 0.42578125, 0.198974609375, 3.037109375, 2.3125, 6.21484375, 6.9296875, 6.10546875, 5.3671875, 5.6953125, 13.0859375, 6.05859375, 1.64453125, 7.39453125, 8.1640625, 0.20166015625, 8.359375, 0.40771484375, 6.01953125, 1.4189453125, 1.423828125, 4.328125, 8.8515625, 0.54541015625, 0.03155517578125, 0.2490234375, 4.4921875, 1.7548828125, 1.046875, 4.34375, 0.6513671875, 0.393310546875, 8.3828125, 1.6015625, 3.908203125, 4.67578125, 4.5859375, 3.384765625, 1.9501953125, 0.53759765625, 0.06854248046875, 9.640625, 0.257568359375, 0.3759765625, 1.830078125, 2.009765625, 3.537109375, 1.251953125, 4.09765625, 5.05859375, 0.63525390625, 5.9765625, 1.080078125, 0.1025390625, 7.79296875, 0.6171875, 6.77734375, 1.1240234375, 2.30859375, 3.462890625, 0.11480712890625, 6.25, 2.27734375, 1.8896484375, 2.041015625, 5.7109375, 1.2763671875, 4.2265625, 1.6298828125, 5.5625, 3.2578125, 4.13671875, 2.37890625, 7.2734375, 3.244140625, 9.28125, 5.0859375, 2.72265625, 5.046875, 0.896484375, 2.33984375, 1.376953125, 2.16796875, 1.3203125, 1.7001953125, 7.25390625, 2.818359375, 3.396484375, 0.03082275390625, 5.3515625, 2.466796875, 8.21875, 0.0867919921875, 3.759765625, 1.640625, 2.375, 8.796875, 3.9609375, 1.0576171875, 4.43359375, 6.109375, 8.125, 1.3408203125, 1.7333984375, 2.439453125, 3.984375, 0.08868408203125, 4.08984375, 0.446044921875, 2.626953125, 0.423095703125, 2.697265625, 0.3779296875, 0.2265625, 3.21484375, 3.896484375, 0.81103515625, 0.169677734375, 1.2802734375, 0.4072265625, 2.904296875, 3.162109375, 3.12890625, 0.1754150390625, 5.1015625, 9.09375, 0.42431640625, 1.6767578125, 1.3681640625, 5.07421875, 4.53125, 0.1298828125, 6.84765625, 1.9189453125, 3.166015625, 1.1396484375, 0.759765625, 1.6357421875, 7.55078125, 0.00469970703125, 0.73779296875, 0.00872802734375, 0.50048828125, 0.004650115966796875, 0.3505859375, 2.615234375, 0.00811004638671875, 0.1812744140625, 0.21923828125, 7.16015625, 1.283203125, 0.006984710693359375, 0.3603515625, 0.349609375, 0.65771484375, 0.03887939453125, 0.00011408329010009766, 3.814453125, 0.72412109375, 6.4609375, 0.19580078125, 7.80859375, 0.18115234375, 0.0113677978515625, 0.048126220703125, 0.0007305145263671875, 0.032501220703125, 0.305419921875, 0.004116058349609375, 0.0274658203125, 0.018310546875, 1.3564453125, 0.0038280487060546875, 0.30419921875, 0.07452392578125, 7.83203125, 1.39453125, 0.00333404541015625, 0.053070068359375, 0.5810546875, 0.0291290283203125, 2.0546875, 2.078125, 0.179931640625, 0.0012025833129882812, 0.73486328125, 0.00023412704467773438, 0.00904083251953125, 0.0005640983581542969, 5.953125, 2.66015625, 0.04376220703125, 11.8046875, 4.984375, 2.7265625, 0.427978515625, 0.388916015625, 8.78125, 9.1796875, 3.51171875, 0.9033203125, 0.049407958984375, 1.5009765625, 0.00289154052734375, 3.369140625, 3.66796875, 0.3330078125, 0.6669921875, 1.3466796875, 0.505859375, 5.5546875, 0.71630859375, 0.5673828125, 0.004154205322265625, 0.001953125, 0.00024402141571044922, 9.6015625, 0.1956787109375, 0.58984375, 1.38671875, 6.265625, 9.78125, 0.5859375, 9.765625, 2.853515625, 4.6875, 2.49609375, 0.208740234375, 6.36328125, 8.6484375, 7.64453125, 2.673828125, 5.0234375, 0.04425048828125, 1.185546875, 1.380859375, 12.25, 7.05078125, 4.28515625, 1.521484375, 0.05291748046875, 0.249755859375, 2.224609375, 0.72900390625, 2.34765625, 0.276123046875, 2.288818359375e-05, 0.0167083740234375, 0.0002040863037109375, 0.0001723766326904297, 6.5, 2.98828125, 3.396484375, 0.047210693359375, 4.359375, 0.299072265625, 0.7080078125, 3.080078125, 1.8994140625, 2.1640625, 0.1845703125, 4.68359375, 0.0088043212890625, 0.75439453125, 6.9140625, 7.1953125, 2.5625, 0.77197265625, 3.798828125, 2.138671875, 4.6953125, 0.1318359375, 1.1298828125, 8.8515625, 7.82421875, 5.140625, 3.857421875, 0.6953125, 0.5771484375, 1.5, 0.23828125, 1.765625, 3.033203125, 4.42578125, 0.10443115234375, 0.37646484375, 8.7265625, 4.41015625, 5.50390625, 0.71728515625, 0.2138671875, 4.2109375, 2.0625, 0.341552734375, 0.161865234375]",-1.8511578389784185
96,1,test,2.968817865005647,1.2840813785626966,1.7921543056708378,6.858199409082813,2.9663275256719657,4.140015372789998,19.468891129829167,14.077860994198236,16.225356859917472,44.97464772627203,32.52095020365174,37.48183212601091,3.0733559718683137,1.2843939948776497,1.792266643900092,7.0996905396647865,2.9670496935933297,4.140274882807964,21.614318138533694,15.631079635947351,18.013758357994615,49.9307504285507,36.10900567063807,41.613178222344146,2.968817865005647,1.2840813785626966,1.7921543056708378,6.858199409082813,2.9663275256719657,4.140015372789998,19.468891129829167,14.077860994198236,16.225356859917472,44.97464772627203,32.52095020365174,37.48183212601091,0.6482412060301508,-0.0017587939698492372,0.008241206030150772,0.5125628140703518,-0.0024371859296482556,0.007562814070351753,0.39698492462311563,-0.008015075376884395,-0.008015075376884395,0.3872053872053872,0.09140706787765618,0.15876193815723494,0.375,0.3919597989949749,0.09872671628820795,0.15823692754255425,0.3787878787878788,0.3872053872053872,0.09140706787765618,0.15876193815723494,0.375,16.0,6.0,6.0,25.0,5.0,5.0,35.0,10.0,10.0,-0.0006348934890272221,-0.00025874801877060903,-4.179916901741554e-05,-0.0005149329265217162,-0.00011139288064487829,3.329665942342075e-05,"[3.0625, 9.453125, 2.48046875, 1.494140625, 0.81689453125, 4.97265625, 3.568359375, 7.91796875, 9.2578125, 0.70751953125, 0.51513671875, 0.073974609375, 0.91845703125, 5.11328125, 0.4658203125, 5.796875, 2.04296875, 0.2066650390625, 8.6171875, 0.63720703125, 0.8837890625, 8.046875, 1.818359375, 0.1875, 7.51953125, 4.6328125, 7.03515625, 0.1688232421875, 0.5869140625, 0.148193359375, 6.4453125, 2.015625, 9.0234375, 0.79736328125, 0.93798828125, 9.265625, 3.822265625, 0.01427459716796875, 8.109375, 4.70703125, 3.138671875, 5.25, 0.03125, 5.1796875, 5.4453125, 0.0477294921875, 0.173095703125, 0.0117950439453125, 4.42578125, 1.181640625, 9.0, 0.6240234375, 3.703125, 4.2421875, 1.5126953125, 1.20703125, 4.30078125, 6.43359375, 1.9453125, 0.0303955078125, 0.7548828125, 17.78125, 4.56640625, 0.52392578125, 0.00510406494140625, 0.003078460693359375, 0.2420654296875, 9.1796875, 1.2138671875, 1.9921875, 0.6171875, 0.00815582275390625, 0.006389617919921875, 0.2493896484375, 8.2421875, 1.6396484375, 1.4228515625, 8.421875, 0.03338623046875, 12.0546875, 0.1068115234375, 0.18896484375, 0.051727294921875, 4.35546875, 1.19921875, 1.896484375, 1.8955078125, 5.18359375, 3.94140625, 2.68359375, 9.1953125, 0.0168304443359375, 0.03009033203125, 0.023529052734375, 0.16162109375, 14.09375, 0.0195465087890625, 0.418212890625, 0.0175323486328125, 2.400390625, 0.39990234375, 0.783203125, 14.0234375, 0.04119873046875, 1.1337890625, 8.359375, 2.615234375, 8.140625, 4.91796875, 3.373046875, 1.884765625, 0.6875, 1.296875, 2.109375, 1.9775390625, 5.85546875, 2.810546875, 2.798828125, 4.33203125, 0.30615234375, 0.1287841796875, 5.69140625, 0.055511474609375, 0.1005859375, 0.053375244140625, 11.5546875, 7.796875, 4.63671875, 0.69970703125, 3.6171875, 5.9453125, 0.53125, 7.7890625, 1.1982421875, 7.15234375, 6.22265625, 4.4140625, 0.09173583984375, 0.6201171875, 2.203125, 2.009765625, 0.33837890625, 2.083984375, 3.2890625, 2.20703125, 11.3125, 0.41796875, 0.4931640625, 1.49609375, 5.0859375, 3.076171875, 0.1822509765625, 0.71337890625, 4.7421875, 0.0293731689453125, 0.080322265625, 0.0016756057739257812, 3.556640625, 3.921875, 5.42578125, 4.23828125, 3.58203125, 5.8203125, 2.822265625, 0.2235107421875, 5.29296875, 1.7236328125, 2.666015625, 3.705078125, 2.849609375, 4.03125, 0.0189208984375, 2.107421875, 0.322021484375, 1.37109375, 4.109375, 2.513671875, 3.998046875, 2.056640625, 1.9765625, 0.06256103515625, 3.6640625, 5.23046875, 1.0654296875, 2.212890625, 0.8623046875, 2.205078125, 0.0609130859375, 4.3984375, 1.26171875, 2.58203125, 0.03741455078125, 0.468017578125, 2.890625, 6.3125, 6.046875, 4.69921875, 0.01386260986328125, 0.19091796875, 0.01198577880859375, 6.6640625, 0.0943603515625, 2.046875, 4.24609375, 0.73486328125, 7.7421875, 0.607421875, 1.451171875, 11.5625, 1.1826171875, 2.53125, 0.00803375244140625, 4.3984375, 0.2802734375, 1.6171875, 9.2890625, 0.51220703125, 0.320556640625, 7.625, 8.1015625, 0.044830322265625, 2.119140625, 3.28125, 3.64453125, 0.1771240234375, 0.343505859375, 4.38671875, 0.033111572265625, 0.04510498046875, 0.0164031982421875, 0.0020122528076171875, 2.509765625, 6.2421875, 0.64306640625, 2.830078125, 9.2265625, 1.6591796875, 5.7734375, 2.0703125, 1.7177734375, 8.8203125, 0.05303955078125, 0.5517578125, 5.41015625, 0.72119140625, 1.0068359375, 5.84765625, 0.00707244873046875, 2.3984375, 4.80078125, 4.30859375, 1.8203125, 7.1484375, 1.9873046875, 4.78125, 1.037109375, 0.4091796875, 7.7265625, 0.031707763671875, 0.021026611328125, 0.01152801513671875, 0.002971649169921875, 7.8984375, 0.1324462890625, 0.50048828125, 7.67578125, 1.6240234375, 5.06640625, 1.044921875, 0.07025146484375, 2.63671875, 0.416259765625, 3.509765625, 3.86328125, 0.0106048583984375, 0.091796875, 0.0034637451171875, 1.87890625, 11.203125, 0.62353515625, 6.08984375, 7.83984375, 3.828125, 0.837890625, 5.28515625, 3.845703125, 7.72265625, 0.1488037109375, 3.16796875, 0.02783203125, 0.01397705078125, 2.46484375, 3.4609375, 0.412841796875, 1.1982421875, 2.017578125, 0.9150390625]",-0.6364100822294603
115,1,test,3.3495730577513227,1.4620088539212175,2.024902675783789,5.81362680138448,2.537509620024182,3.514486253371863,28.490567219936942,21.887302351010202,24.729621744716926,49.449145404718145,37.98830637933955,42.92152739600294,3.6316470404965195,1.5982034255439732,2.2173943121234583,6.303203484080167,2.773893301806207,3.848580932536118,37.77498233406136,30.134630796019724,33.661570852559386,65.56347508555478,52.30263505975838,58.424105732603074,3.3552962386089824,1.4696769938981524,2.0470119730303273,5.823560138275361,2.550818690558862,3.5528598612365454,28.65409138170029,22.0636571114577,24.954271027403628,49.7329632027212,38.29439337735762,43.31143592112584,0.7487437185929648,-0.0012562814070351536,-0.011256281407035162,0.6231155778894473,0.013115577889447283,-0.0018844221105527303,0.5175879396984925,0.007587939698492474,-0.002412060301507535,0.4219269102990033,0.10517732489270148,0.17662304289568842,0.3933333333333333,0.4522613065326633,0.13145930152013197,0.20184394426221253,0.4292929292929293,0.42140468227424754,0.10253990764987364,0.1733512896157381,0.3926174496644296,24.0,3.0,4.0,37.0,6.0,9.0,45.0,4.0,7.0,-0.0009154563962502113,2.603798137277716e-05,-0.000145472061653626,-0.0004991372202978184,-9.589878044646838e-05,4.7314887297922326e-05,"[3.0625, 9.453125, 2.48046875, 1.494140625, 0.81689453125, 3.970703125, 0.56591796875, 0.6474609375, 8.5390625, 6.90234375, 1.736328125, 8.53125, 0.348876953125, 5.6640625, 5.8359375, 3.44921875, 0.7939453125, 5.0234375, 5.71875, 0.53076171875, 6.2890625, 3.787109375, 0.0784912109375, 6.96484375, 8.96875, 3.880859375, 8.140625, 4.4765625, 9.2890625, 7.5546875, 7.84375, 0.496337890625, 0.82373046875, 5.92578125, 3.884765625, 10.09375, 1.8447265625, 3.037109375, 1.4521484375, 4.91796875, 7.54296875, 3.013671875, 5.3203125, 3.916015625, 1.654296875, 4.0390625, 1.09765625, 0.60546875, 0.6689453125, 0.99462890625, 4.1015625, 2.05078125, 8.046875, 0.07989501953125, 1.375, 5.03515625, 3.15234375, 0.17822265625, 0.06207275390625, 0.033233642578125, 0.55419921875, 0.4638671875, 0.42138671875, 4.1171875, 4.80078125, 1.4375, 2.15234375, 7.90234375, 5.6875, 0.669921875, 3.123046875, 0.0174713134765625, 6.42578125, 7.69921875, 4.62890625, 1.21875, 8.9453125, 2.2265625, 0.446533203125, 4.078125, 1.1318359375, 2.603515625, 0.33056640625, 7.06640625, 4.8984375, 2.73046875, 3.603515625, 5.4765625, 0.2340087890625, 1.1591796875, 6.3984375, 5.984375, 1.5595703125, 2.720703125, 2.4765625, 11.6953125, 1.0224609375, 7.53125, 0.84814453125, 5.67578125, 5.13671875, 2.9453125, 7.66796875, 2.369140625, 1.0703125, 5.08984375, 10.4921875, 0.1396484375, 3.57421875, 6.85546875, 5.72265625, 2.755859375, 2.869140625, 5.76171875, 2.03125, 6.046875, 1.4599609375, 9.53125, 5.20703125, 8.9453125, 5.93359375, 0.138671875, 3.232421875, 0.0015764236450195312, 5.6875, 3.21484375, 1.029296875, 3.55078125, 0.273681640625, 0.96484375, 1.6337890625, 9.109375, 2.65234375, 7.3046875, 1.029296875, 0.098876953125, 2.158203125, 0.21240234375, 2.47265625, 1.9326171875, 1.0029296875, 0.4072265625, 0.391357421875, 0.2095947265625, 0.309326171875, 4.01953125, 6.4609375, 1.3251953125, 0.1982421875, 5.91015625, 0.046051025390625, 4.42578125, 0.951171875, 3.3203125, 3.876953125, 9.0703125, 6.09375, 4.37109375, 6.36328125, 0.70361328125, 0.7001953125, 1.1923828125, 4.76953125, 9.6171875, 4.4453125, 0.6298828125, 2.236328125, 0.010528564453125, 1.8876953125, 9.1328125, 2.533203125, 5.0625, 4.62109375, 0.94580078125, 2.0859375, 5.671875, 7.95703125, 4.8359375, 7.07421875, 6.88671875, 4.93359375, 0.8154296875, 2.74609375, 3.72265625, 7.88671875, 4.70703125, 4.66796875, 1.951171875, 0.625, 9.53125, 12.1796875, 0.00199127197265625, 2.162109375, 0.009490966796875, 1.65625, 0.000637054443359375, 0.341552734375, 8.421875, 1.59375, 0.8681640625, 0.091552734375, 0.3759765625, 0.12890625, 0.00015044212341308594, 0.00018906593322753906, 3.84765625, 0.027557373046875, 2.46484375, 1.7109375, 9.8671875, 2.126953125, 8.4921875, 0.89404296875, 2.48828125, 3.62890625, 0.29541015625, 3.29296875, 5.1015625, 0.7998046875, 0.1890869140625, 1.3671875, 0.1668701171875, 0.002925872802734375, 0.00481414794921875, 0.023590087890625, 6.03125, 5.15234375, 9.453125, 2.646484375, 0.364501953125, 3.7890625, 0.004268646240234375, 5.19921875, 5.1484375, 0.050048828125, 0.073486328125, 0.00047469139099121094, 6.48828125, 0.310546875, 3.14453125, 0.7529296875, 2.810546875, 5.0546875, 2.626953125, 0.9150390625, 0.1903076171875, 2.3828125, 0.0008602142333984375, 0.0011348724365234375, 0.0005865097045898438, 1.806640625, 0.0012044906616210938, 0.0152587890625, 0.035400390625, 0.00290679931640625, 0.7666015625, 7.3515625, 0.045989990234375, 2.58984375, 0.0010614395141601562, 0.00011420249938964844, 6.8671875, 6.89453125, 0.60107421875, 1.3525390625, 8.0078125, 2.177734375, 4.56640625, 0.169677734375, 3.4921875, 3.083984375, 7.22265625, 1.140625, 1.68359375, 7.1875, 2.158203125, 0.393798828125, 8.4296875, 0.8896484375, 2.798828125, 8.984375, 1.837890625, 4.95703125, 4.48828125, 2.845703125, 0.024505615234375, 11.09375, 2.828125, 2.75390625, 2.54296875, 6.015625, 4.484375, 0.479736328125, 0.0070037841796875, 6.453125, 10.5078125, 0.1727294921875, 5.53515625, 6.1796875, 4.91796875, 0.0699462890625]",-1.3736582578614702
191,1,test,2.8951711780514535,1.2217507109470234,1.6985490997981931,4.8065463247262,2.0283434133198157,2.819921321024185,18.08659720475374,12.75622820180186,14.777676456625352,30.02726332051349,21.177815752506,24.533812369737234,3.2544766526725426,1.3018795729533241,1.8568688560942865,5.403063180650531,2.161372883252606,3.082762858175951,25.90605312197784,18.85908775525981,21.860542424397483,43.009078484060296,31.309747632518715,36.29274519001912,3.007232008969106,1.2394319164709764,1.7391051583052197,4.9925890634341465,2.0576976477333684,2.8872522531086653,20.231322231289198,14.373370008399984,16.67713343448442,33.58792331602381,23.86258515957667,27.68727977958093,0.6834170854271358,-0.006582914572864196,0.003417085427135813,0.5628140703517588,-0.012185929648241167,0.002814070351758735,0.4623115577889447,-0.017688442211055255,-0.007688442211055246,0.4105571847507331,0.10016186996303178,0.15249266862170086,0.36764705882352944,0.44723618090452266,0.11640911323534975,0.18012432781604182,0.4242424242424242,0.4180602006688964,0.10086487512632547,0.14219813170337914,0.38926174496644295,25.0,11.0,10.0,35.0,10.0,10.0,42.0,9.0,8.0,-0.0006315095442685868,-0.0003139511947973638,-0.0005747168012111134,-0.00034118015804818214,5.904222154651251e-05,-0.0001653898061491077,"[3.056640625, 9.4453125, 2.4296875, 1.0791015625, 4.80078125, 2.38671875, 4.2109375, 2.93359375, 0.4794921875, 5.1015625, 8.46875, 5.296875, 7.30078125, 1.658203125, 1.7900390625, 0.2044677734375, 5.26953125, 0.145263671875, 2.37890625, 9.46875, 0.0279388427734375, 1.490234375, 3.384765625, 4.0703125, 2.6484375, 3.07421875, 13.2578125, 2.5625, 1.3662109375, 5.1328125, 0.0955810546875, 1.5654296875, 0.64306640625, 1.8466796875, 0.3408203125, 3.330078125, 5.55078125, 3.01171875, 10.1796875, 4.38671875, 0.69384765625, 3.87109375, 0.401123046875, 4.3828125, 8.796875, 5.0390625, 7.2109375, 1.388671875, 1.455078125, 7.51953125, 4.34375, 6.9765625, 0.024627685546875, 7.74609375, 3.185546875, 1.376953125, 4.63671875, 2.96875, 6.59765625, 4.0078125, 9.1953125, 1.375, 1.0439453125, 4.171875, 0.07611083984375, 1.9775390625, 7.5546875, 4.4609375, 4.60546875, 3.978515625, 2.025390625, 2.693359375, 6.3125, 0.385498046875, 1.5400390625, 1.1806640625, 1.1201171875, 4.99609375, 1.37109375, 3.46875, 0.89111328125, 2.927734375, 1.9921875, 0.2186279296875, 4.26953125, 6.66015625, 0.57080078125, 1.560546875, 2.22265625, 0.56982421875, 0.4208984375, 0.394287109375, 4.08203125, 0.88916015625, 4.31640625, 3.94140625, 4.078125, 0.180908203125, 10.140625, 5.734375, 6.48828125, 0.0026702880859375, 0.142333984375, 0.0007572174072265625, 0.0018787384033203125, 0.0032291412353515625, 6.73828125, 4.0, 3.845703125, 8.265625, 2.33203125, 2.625, 6.0625, 6.83203125, 3.619140625, 8.7265625, 5.17578125, 8.1640625, 3.6484375, 10.015625, 9.8125, 10.8671875, 7.55859375, 6.44921875, 3.40625, 0.1663818359375, 2.251953125, 0.0014791488647460938, 0.062042236328125, 0.0026035308837890625, 0.043792724609375, 1.763671875, 4.84375, 1.791015625, 0.003917694091796875, 0.01419830322265625, 0.0006518363952636719, 0.303466796875, 0.0005669593811035156, 0.609375, 8.953125, 0.80712890625, 7.56640625, 4.7578125, 2.314453125, 2.37890625, 9.84375, 0.080322265625, 1.16015625, 4.35546875, 2.787109375, 3.14453125, 6.35546875, 6.39453125, 1.671875, 0.0019311904907226562, 0.0013275146484375, 0.023223876953125, 0.0006690025329589844, 4.14453125, 5.62890625, 4.08203125, 5.19140625, 0.01511383056640625, 0.0194244384765625, 0.98486328125, 6.73046875, 6.8828125, 1.7578125, 7.06640625, 3.146484375, 4.0546875, 0.51025390625, 4.671875, 0.49462890625, 0.638671875, 4.72265625, 5.14453125, 3.4921875, 2.408203125, 0.0198974609375, 1.7451171875, 0.211181640625, 0.1849365234375, 0.110595703125, 3.005859375, 0.70068359375, 0.35986328125, 5.73828125, 4.4921875, 2.21875, 0.00023853778839111328, 0.96533203125, 0.344482421875, 0.007671356201171875, 0.0002651214599609375, 0.0006284713745117188, 6.81640625, 0.145751953125, 0.1688232421875, 1.0048828125, 4.55078125, 7.62109375, 0.53076171875, 3.740234375, 5.25, 0.1304931640625, 2.705078125, 5.5234375, 1.625, 1.1806640625, 2.63671875, 2.025390625, 2.6953125, 6.6875, 2.466796875, 5.88671875, 1.5234375, 0.67236328125, 1.2509765625, 1.5166015625, 0.62890625, 7.15234375, 0.01105499267578125, 0.223876953125, 2.43359375, 0.13720703125, 1.337890625, 4.1328125, 1.203125, 5.10546875, 4.33203125, 0.02032470703125, 9.1640625, 1.181640625, 3.73046875, 4.26953125, 3.748046875, 4.90625, 3.837890625, 1.66796875, 12.5, 0.798828125, 1.4091796875, 8.65625, 3.35546875, 7.3984375, 2.873046875, 0.0003666877746582031, 7.6953125, 0.76171875, 6.7734375, 6.0625, 2.509765625, 0.482177734375, 2.34765625, 0.2841796875, 3.79296875, 0.00012433528900146484, 4.9453125, 0.56494140625, 0.071533203125, 1.63671875, 6.87109375, 5.328125, 0.37353515625, 3.33203125, 0.81640625, 0.0140838623046875, 2.6640625, 0.1158447265625, 0.254150390625, 0.2105712890625, 4.51171875, 1.072265625, 0.0243988037109375, 1.40234375, 1.326171875, 0.1917724609375, 0.4541015625, 1.67578125, 5.14453125, 0.084716796875, 0.354736328125, 1.095703125, 2.529296875, 5.90234375, 2.103515625, 2.421875, 2.25, 1.0400390625, 0.07647705078125, 0.369140625, 0.42724609375, 1.9443359375, 0.041656494140625, 0.33349609375, 2.79296875, 0.93212890625, 3.953125, 0.78515625, 2.974609375, 0.90380859375, 0.004058837890625, 1.2275390625, 0.1912841796875, 5.42578125, 3.650390625, 4.09375, 7.12890625, 2.248046875, 8.03125, 0.306396484375, 0.0249786376953125, 0.7724609375, 0.23046875, 0.057464599609375, 0.95556640625, 0.6767578125, 6.890625, 5.23046875, 2.494140625, 0.1954345703125, 2.48046875, 0.0880126953125, 0.63623046875, 1.451171875, 0.16552734375, 7.53515625, 2.10546875, 0.330078125, 5.78125, 0.3037109375, 1.3447265625, 0.58349609375, 0.12060546875, 1.1884765625, 0.0035533905029296875, 0.01287078857421875, 0.370361328125, 2.09375]",-1.621464716723937
357,1,test,3.2960617505129997,1.3861848499631897,1.9303574628703577,5.799627779591179,2.439079353487142,3.396585262536913,27.006072564521357,20.253815016343975,23.087590745802487,47.51888178019605,35.637860301982286,40.624066776767215,3.1255469717572084,1.240311517252856,1.7590065354025857,5.499596310960771,2.182406057679889,3.0950825377029108,22.772347518591864,16.18444210717196,18.85058789617265,40.06937650812339,28.477542942674162,33.1687940031016,3.229330103134232,1.3602336341307424,1.8979497414244675,5.682209252509414,2.393416558415842,3.3395618401020686,25.26272787899627,18.780291208998698,21.47646168005721,44.4513572515672,33.045102564467655,37.78918393977279,0.6281407035175879,-0.0018592964824121205,-0.0018592964824121205,0.5226130653266332,0.0026130653266331905,-0.002386934673366814,0.4773869346733668,-0.0026130653266331905,0.002386934673366814,0.44548286604361376,0.13910650523490453,0.18434296967055674,0.453125,0.4623115577889447,0.15404088109721537,0.201877501027676,0.43939393939393945,0.4481605351170569,0.14599025131071297,0.19899479540626708,0.4395973154362416,25.0,8.0,8.0,38.0,9.0,8.0,42.0,3.0,2.0,0.00013629747485653822,-5.391639584461411e-05,0.0001945448652373092,-0.00042015868917300025,-1.8428279449089757e-05,0.00011740602667131839,"[3.056640625, 6.44140625, 0.03302001953125, 0.005214691162109375, 0.009490966796875, 0.62646484375, 4.7578125, 0.15869140625, 9.6953125, 6.9296875, 5.765625, 3.630859375, 0.0216827392578125, 1.5166015625, 6.34765625, 3.68359375, 0.0555419921875, 4.2578125, 5.7734375, 5.921875, 3.9921875, 0.0222625732421875, 6.78125, 0.1806640625, 6.52734375, 4.6171875, 10.3984375, 3.537109375, 0.07391357421875, 8.9921875, 6.390625, 1.7021484375, 2.83203125, 0.038543701171875, 3.275390625, 0.07012939453125, 8.7578125, 5.921875, 6.02734375, 3.5234375, 1.060546875, 1.1357421875, 3.263671875, 0.0194549560546875, 6.61328125, 5.52734375, 5.56640625, 7.40625, 2.39453125, 0.002071380615234375, 4.18359375, 0.006504058837890625, 0.113037109375, 0.004375457763671875, 0.03485107421875, 11.1328125, 4.3984375, 0.408447265625, 0.0002665519714355469, 0.0028057098388671875, 0.0014972686767578125, 3.373046875, 0.005298614501953125, 0.2442626953125, 1.0029296875, 12.3125, 5.85546875, 7.796875, 3.50390625, 0.0011501312255859375, 0.015533447265625, 0.0003788471221923828, 2.41015625, 0.01267242431640625, 0.02545166015625, 6.65625, 6.5546875, 0.00641632080078125, 6.546875, 1.830078125, 12.6484375, 3.763671875, 8.75, 1.390625, 0.002048492431640625, 0.070068359375, 3.25390625, 8.140625, 5.7734375, 1.845703125, 0.01371002197265625, 4.6171875, 0.82958984375, 0.0005183219909667969, 0.0063323974609375, 0.0016269683837890625, 0.303466796875, 0.358154296875, 0.0019626617431640625, 0.0004930496215820312, 0.0004887580871582031, 3.224609375, 3.931640625, 10.0703125, 3.515625, 3.140625, 1.78125, 3.8359375, 8.6953125, 0.73486328125, 2.056640625, 1.251953125, 4.36328125, 0.01837158203125, 4.91015625, 1.115234375, 0.04730224609375, 0.275146484375, 0.3955078125, 0.5830078125, 1.876953125, 0.0152740478515625, 2.44140625, 7.30078125, 0.3291015625, 4.3359375, 1.4560546875, 5.046875, 4.95703125, 0.8291015625, 3.208984375, 8.7734375, 3.91796875, 5.6953125, 3.59765625, 6.67578125, 0.357666015625, 0.67578125, 1.431640625, 8.7734375, 1.583984375, 0.6533203125, 4.81640625, 1.8076171875, 3.505859375, 1.79296875, 4.40234375, 8.5234375, 0.51806640625, 2.060546875, 0.1558837890625, 9.2734375, 0.286865234375, 5.8125, 1.158203125, 6.12109375, 0.86279296875, 4.37109375, 0.0262298583984375, 0.423828125, 3.38671875, 6.140625, 1.142578125, 5.015625, 10.03125, 0.4921875, 0.3662109375, 7.3203125, 4.69921875, 2.4453125, 1.6669921875, 0.048828125, 0.349853515625, 4.8515625, 1.388671875, 1.4501953125, 3.673828125, 8.109375, 0.228515625, 0.51416015625, 5.13671875, 0.25244140625, 3.2421875, 6.40625, 0.295654296875, 4.63671875, 0.399169921875, 0.5390625, 5.76171875, 3.06640625, 3.095703125, 1.6279296875, 11.3203125, 6.94140625, 0.12469482421875, 3.63671875, 0.89404296875, 1.4765625, 4.8046875, 4.8515625, 9.2265625, 3.802734375, 2.1015625, 0.0002665519714355469, 2.935546875, 9.71875, 5.671875, 0.8408203125, 0.0002732276916503906, 4.1640625, 3.990234375, 9.21875, 0.91943359375, 0.78564453125, 8.726119995117188e-05, 1.7724609375, 8.5859375, 0.260498046875, 4.75, 0.443359375, 0.335693359375, 0.8017578125, 10.1640625, 0.0004203319549560547, 3.578125, 2.82421875, 0.98388671875, 6.375, 2.35546875, 0.01235198974609375, 0.210205078125, 7.85546875, 16.0, 10.3828125, 5.44140625, 5.9296875, 5.3125, 0.08258056640625, 4.171875, 1.1572265625, 0.088134765625, 1.7314453125, 3.015625, 4.36328125, 0.0545654296875, 6.8828125, 5.68359375, 0.25927734375, 3.265625, 5.75390625, 4.046875, 5.06640625, 2.4921875, 1.72265625, 2.447265625, 15.7265625, 0.7177734375, 8.6875, 1.6396484375, 5.61328125, 1.7490234375, 5.359375, 0.03826904296875, 2.31640625, 4.87890625, 0.01448822021484375, 7.65625, 0.685546875, 2.275390625, 0.48388671875, 4.97265625, 0.876953125, 6.43359375, 0.72998046875, 6.30078125, 0.513671875, 0.003437042236328125, 0.0040283203125, 0.171142578125, 0.043304443359375, 3.662109375, 9.578125, 4.12890625, 1.171875, 0.0036640167236328125, 2.880859375, 4.39453125, 5.80859375, 8.375, 0.50537109375, 0.0012884140014648438, 4.171875, 12.125, 0.27197265625, 0.04150390625, 0.01198577880859375, 0.0018911361694335938, 0.806640625, 2.046875, 2.396484375, 3.548828125, 9.2890625, 0.1744384765625, 0.1859130859375, 7.703125, 3.853515625, 7.0625, 4.97265625, 3.951171875, 0.438232421875, 10.0625, 4.1796875, 6.8046875, 1.6650390625, 4.578125, 9.2890625, 3.416015625, 0.359619140625, 3.427734375, 0.01409912109375, 1.5625]",-1.323848012823182
186,1,test,3.0995653376859775,1.3278092957998051,1.8409208678909579,5.468773325687328,2.342743987416898,3.248061531278874,22.188304765211495,16.307132882192217,18.66765885570626,39.1483308213789,28.771780430074774,32.936616486792076,3.1586148229675675,1.3482992474515527,1.8559368126670441,5.572958337074961,2.378895798664521,3.2745551809700144,23.53796908314204,17.425593039014583,19.858832831878637,41.52963510646325,30.745155534353312,35.0382855137169,3.0687649696566988,1.2814335594938637,1.8226010967480015,5.414430147612681,2.260920130831127,3.2157387166760714,21.51531419371655,15.541823811714668,18.03833498652128,37.960927916499884,27.421493736760933,31.826257706103632,0.6582914572864322,-0.0017085427135676845,0.008291457286432213,0.507537688442211,-0.0024623115577889765,-0.0024623115577889765,0.4120603015075377,-0.007939698492462344,-0.0029396984924623393,0.38888888888888884,0.0985136849737176,0.15628019323671494,0.37049180327868847,0.3668341708542714,0.09866374478910844,0.13811964664725973,0.3535353535353535,0.38795986622073575,0.09413682782340682,0.15547933229415067,0.35906040268456374,21.0,1.0,0.0,28.0,1.0,0.0,35.0,-1.0,-1.0,-0.0004599918131467382,-0.0001166100104275469,0.00011123647553720344,-0.00047939258751661384,-7.653115519623555e-05,6.483767214060521e-05,"[3.056640625, 9.4453125, 2.4296875, 1.0791015625, 0.80224609375, 3.9921875, 3.10546875, 3.5078125, 2.41796875, 0.99169921875, 0.91455078125, 8.140625, 1.1484375, 10.0546875, 0.00415802001953125, 3.98828125, 1.3212890625, 7.8515625, 4.4375, 6.03125, 0.72509765625, 2.609375, 4.70703125, 2.23046875, 1.13671875, 4.33984375, 3.10546875, 0.0184326171875, 1.158203125, 6.078125, 0.258544921875, 0.9619140625, 0.431884765625, 3.94140625, 3.580078125, 1.1357421875, 0.34130859375, 1.115234375, 3.501953125, 1.2392578125, 2.603515625, 0.319091796875, 0.95166015625, 2.236328125, 5.8125, 1.1162109375, 6.12890625, 9.453125, 0.36328125, 0.60595703125, 10.25, 0.11187744140625, 7.40625, 3.07421875, 1.611328125, 3.2578125, 2.85546875, 9.9921875, 5.30078125, 5.16015625, 7.96875, 8.09375, 1.0361328125, 5.953125, 7.890625, 1.3515625, 0.32177734375, 9.140625, 5.5, 0.619140625, 8.71875, 3.5703125, 11.2734375, 0.93603515625, 2.849609375, 2.166015625, 3.25390625, 4.6171875, 0.81982421875, 4.8828125, 4.5703125, 2.466796875, 0.4697265625, 0.9130859375, 3.087890625, 2.138671875, 1.076171875, 2.095703125, 0.22998046875, 12.6796875, 2.134765625, 0.7587890625, 5.8828125, 1.1142578125, 6.55859375, 0.0245819091796875, 3.056640625, 5.37890625, 1.421875, 3.173828125, 0.88037109375, 6.77734375, 1.6005859375, 0.43994140625, 1.8671875, 0.1922607421875, 0.509765625, 0.003765106201171875, 0.50732421875, 3.55859375, 0.0655517578125, 0.9443359375, 4.1171875, 8.34375, 11.34375, 6.4765625, 8.6640625, 0.2493896484375, 4.95703125, 1.59375, 1.7490234375, 0.08978271484375, 1.92578125, 1.443359375, 3.767578125, 16.453125, 2.892578125, 0.0009350776672363281, 10.46875, 12.671875, 0.5390625, 6.0546875, 0.82373046875, 2.462890625, 5.609375, 3.853515625, 3.11328125, 7.34765625, 11.265625, 5.7421875, 0.87548828125, 0.3095703125, 0.149169921875, 0.11669921875, 0.284423828125, 0.041595458984375, 0.325927734375, 3.994140625, 8.2578125, 2.26953125, 1.22265625, 0.0276336669921875, 0.44677734375, 3.806640625, 0.0125885009765625, 0.450439453125, 0.0038814544677734375, 0.00270843505859375, 0.0024738311767578125, 0.92724609375, 3.111328125, 0.28564453125, 9.9609375, 6.765625, 10.28125, 5.47265625, 2.15625, 0.0106658935546875, 1.171875, 4.625, 1.3125, 0.0196533203125, 1.369140625, 0.0013532638549804688, 0.48095703125, 0.0004286766052246094, 3.251953125, 0.0005803108215332031, 0.08843994140625, 2.865234375, 1.25, 0.127197265625, 0.08001708984375, 0.0012264251708984375, 0.274658203125, 7.91796875, 3.369140625, 1.962890625, 0.0015964508056640625, 0.005611419677734375, 6.140625, 7.7890625, 4.328125, 6.79296875, 1.396484375, 0.001316070556640625, 0.00421905517578125, 0.00044274330139160156, 0.5966796875, 0.400390625, 0.00478363037109375, 0.00047397613525390625, 0.0004265308380126953, 2.64453125, 9.484375, 0.13525390625, 0.51708984375, 0.73095703125, 0.09918212890625, 0.09771728515625, 2.365234375, 0.57275390625, 8.328125, 6.5390625, 0.2490234375, 0.1461181640625, 1.49609375, 0.11151123046875, 0.0916748046875, 0.0031757354736328125, 6.17578125, 5.61328125, 3.515625, 4.6484375, 0.64453125, 4.62109375, 0.38525390625, 0.1534423828125, 0.5556640625, 0.0235443115234375, 0.71435546875, 0.058624267578125, 1.6328125, 1.888671875, 5.078125, 0.037353515625, 0.11920166015625, 0.0027523040771484375, 4.4375, 6.91796875, 1.904296875, 10.515625, 2.4140625, 5.5390625, 0.7490234375, 0.8740234375, 3.0546875, 3.296875, 1.939453125, 3.158203125, 0.09967041015625, 0.67138671875, 4.36328125, 1.0419921875, 2.2265625, 0.058624267578125, 10.859375, 1.81640625, 10.59375, 11.4609375, 0.80810546875, 0.369873046875, 1.0244140625, 6.17578125, 5.01171875, 7.0234375, 0.07232666015625, 6.42578125, 0.68359375, 1.5419921875, 6.421875, 2.39453125, 2.337890625, 7.7265625, 10.1015625, 2.994140625, 4.38671875, 2.13671875, 3.984375, 2.1640625, 0.77392578125, 13.5625, 0.0284271240234375, 0.1466064453125, 3.57421875, 4.15625, 5.9765625, 0.417724609375, 0.334228515625, 7.05078125, 2.91796875, 0.0892333984375, 1.078125, 7.76171875, 0.2410888671875, 0.98095703125, 6.0625, 0.32275390625, 3.14453125, 0.8193359375, 6.6171875, 11.1328125, 2.736328125, 6.18359375, 3.857421875, 0.525390625]",-1.162950684042538
396,1,test,2.4723898610886827,0.9994420992870474,1.3657917268241144,5.480960655907441,2.2156306779375505,3.0277792498269522,11.85073464583578,7.4886600810736486,8.82668119329879,26.271508130527515,16.60136692671749,19.567582404421415,2.7467531558856293,1.1639914263153697,1.6653234518818096,6.089187719071757,2.5804147282172054,3.691801387304253,15.591925060044415,10.723542641986135,12.643032477858675,34.565231458411716,23.772672844884926,28.027927420795137,2.6745360140816423,1.1318280482339964,1.5955211098398365,5.929091886638822,2.5091127816271728,3.537058845909999,14.505617875512105,9.828378935023842,11.563837687472002,32.157032398725626,21.788213542703456,25.635495596323473,0.6381909547738693,-0.0018090452261306789,-0.0018090452261306789,0.4522613065326633,-0.007738693467336688,-0.0027386934673366836,0.3467336683417085,-0.0182663316582915,-0.013266331658291497,0.35694822888283384,0.09164210643385429,0.11256895224549268,0.319672131147541,0.37688442211055273,0.08866387073210658,0.14650044882173807,0.3434343434343434,0.36789297658862874,0.0907644290093299,0.13096305445292244,0.34563758389261745,20.0,2.0,2.0,30.0,2.0,2.0,38.0,0.0,1.0,-3.1868391060643944e-05,-0.00014583368665010296,2.3988822181323272e-05,0.03206859704770704,0.03531188964044141,0.03690748521853848,"[3.056640625, 9.4453125, 2.4296875, 1.0791015625, 3.802734375, 6.9140625, 3.25, 3.966796875, 2.69140625, 1.1142578125, 1.2783203125, 5.078125, 1.095703125, 0.2587890625, 3.984375, 2.626953125, 0.159423828125, 6.765625, 3.140625, 2.32421875, 5.70703125, 1.1884765625, 0.10260009765625, 0.64208984375, 1.1181640625, 2.25390625, 0.36767578125, 0.00827789306640625, 0.00815582275390625, 4.4765625, 3.33203125, 5.7109375, 4.15234375, 3.64453125, 2.291015625, 0.53662109375, 1.2373046875, 11.28125, 3.126953125, 1.234375, 0.2125244140625, 0.2020263671875, 0.7294921875, 12.5703125, 1.41796875, 0.8740234375, 4.33984375, 8.5703125, 6.703125, 1.494140625, 1.2197265625, 0.1903076171875, 1.0615234375, 2.916015625, 1.5419921875, 2.65625, 0.342529296875, 6.75, 9.984375, 0.57861328125, 3.01953125, 0.264892578125, 3.48046875, 5.1953125, 0.0203094482421875, 2.734375, 1.86328125, 0.8486328125, 0.132568359375, 0.31494140625, 3.76953125, 1.62890625, 0.262939453125, 1.048828125, 1.3896484375, 8.78125, 4.703125, 1.259765625, 0.10699462890625, 0.466552734375, 0.1680908203125, 0.0285186767578125, 0.6484375, 3.3125, 3.908203125, 2.845703125, 2.259765625, 1.353515625, 9.0390625, 0.053009033203125, 4.2109375, 5.78515625, 4.03515625, 4.19921875, 0.90478515625, 4.8203125, 0.61962890625, 2.11328125, 2.638671875, 1.59375, 0.70458984375, 2.8671875, 1.3564453125, 0.52294921875, 0.1968994140625, 7.0859375, 1.9453125, 0.72998046875, 1.283203125, 0.364990234375, 0.953125, 0.13134765625, 0.5263671875, 0.059356689453125, 0.06597900390625, 0.06634521484375, 0.1324462890625, 0.5078125, 1.828125, 1.037109375, 0.59521484375, 2.47265625, 1.6826171875, 0.045867919921875, 1.150390625, 0.005832672119140625, 0.158203125, 0.11517333984375, 1.205078125, 3.5390625, 1.0224609375, 9.0390625, 7.8984375, 2.544921875, 11.2578125, 5.75390625, 0.6962890625, 1.6142578125, 5.3828125, 0.320556640625, 5.21875, 0.5703125, 0.0177459716796875, 1.2802734375, 3.169921875, 0.04486083984375, 0.82763671875, 0.07928466796875, 1.994140625, 5.22265625, 1.8154296875, 8.0703125, 6.5703125, 4.32421875, 0.0215911865234375, 1.8271484375, 5.44140625, 8.953125, 6.9296875, 4.78125, 2.81640625, 0.230712890625, 0.94091796875, 0.63818359375, 0.10003662109375, 4.1015625, 6.44140625, 5.25, 11.2265625, 1.064453125, 2.3359375, 0.0182952880859375, 0.81982421875, 0.01141357421875, 0.96826171875, 2.27734375, 0.77783203125, 0.81201171875, 6.9296875, 1.2216796875, 6.35546875, 1.1982421875, 3.765625, 4.58203125, 0.0572509765625, 2.12109375, 0.292236328125, 9.7734375, 3.287109375, 0.00467681884765625, 0.0181427001953125, 0.003253936767578125, 0.0236663818359375, 0.84033203125, 9.6171875, 8.2890625, 4.5234375, 6.21484375, 7.96484375, 5.37890625, 0.13916015625, 3.81640625, 0.477294921875, 6.85546875, 9.0625, 0.34765625, 5.33984375, 0.87060546875, 1.2587890625, 0.1744384765625, 0.18798828125, 0.2666015625, 0.004245758056640625, 0.0270233154296875, 0.00011014938354492188, 0.05364990234375, 0.01404571533203125, 5.5859375, 3.158203125, 0.12188720703125, 0.79931640625, 0.0009684562683105469, 0.76123046875, 6.81640625, 8.3203125, 1.1865234375, 4.46484375, 0.438232421875, 3.1640625, 1.3671875, 0.07269287109375, 7.23046875, 3.609375, 1.3583984375, 0.00695037841796875, 0.0008416175842285156, 0.00420379638671875, 0.0001690387725830078, 0.6240234375, 0.38671875, 0.0032176971435546875, 0.00037384033203125, 0.0005578994750976562, 1.9677734375, 13.6875, 0.88671875, 0.54736328125, 8.4140625, 10.59375, 0.262451171875, 3.462890625, 1.3291015625, 6.72265625, 0.0063323974609375, 0.216796875, 2.55859375, 3.208984375, 4.66015625, 8.1171875, 6.07421875, 2.404296875, 4.26953125, 0.064697265625, 1.8125, 2.0, 3.49609375, 2.365234375, 0.4248046875, 0.0190887451171875, 0.006427764892578125, 0.10565185546875, 0.43603515625, 0.1241455078125, 0.2626953125, 1.3603515625, 4.75390625, 0.02142333984375, 0.0096588134765625, 0.0116119384765625, 4.75, 1.759765625, 2.837890625, 5.8203125, 1.3525390625, 0.1280517578125, 1.22265625, 8.5390625, 2.171875, 8.9609375, 0.238037109375, 7.69140625, 0.0633544921875, 3.18359375, 5.1015625, 1.0244140625, 1.6767578125, 0.04254150390625, 1.9423828125, 4.796875, 0.2022705078125, 0.00983428955078125, 0.23974609375, 5.0234375, 1.5322265625, 3.556640625, 5.14453125, 0.818359375, 0.149169921875, 0.8251953125, 0.609375, 3.359375, 0.01654052734375, 0.03045654296875, 0.1961669921875, 2.298828125, 0.44189453125, 2.1015625, 5.0703125, 0.0400390625, 0.740234375, 0.3798828125, 1.1142578125, 0.0003151893615722656, 0.0023479461669921875, 1.9208984375, 1.32421875, 0.033172607421875, 0.09271240234375, 0.2010498046875, 0.15576171875, 0.03656005859375, 0.0648193359375, 11.0078125, 0.8779296875, 7.01171875, 0.135986328125, 0.115478515625, 0.208740234375, 0.042755126953125, 0.15771484375, 12.0703125, 1.9013671875, 0.70654296875, 0.06805419921875, 0.279541015625, 0.261474609375, 7.44921875, 1.8740234375, 0.990234375, 0.366455078125, 0.406494140625, 0.038726806640625, 0.30859375, 0.197265625, 0.0169219970703125, 1.4404296875, 3.345703125, 9.46875, 5.64453125, 0.08795166015625, 0.405029296875, 2.048828125, 0.83447265625, 3.279296875, 0.031890869140625, 6.2578125, 5.5625]",-1.2701860227766737
255,1,test,3.5167656033127397,1.5393671321451876,2.1036340592284795,5.757681359842253,2.5202661884423536,3.44408925045779,33.675332744868236,26.45140747637977,29.566530571268046,55.133568028807524,43.306490379933386,48.40659888877372,3.638626885174507,1.5678647937625243,2.1890681550570403,5.957193784099657,2.5669228251367837,3.5839627468840844,38.03956815324923,30.108703293872892,33.77833440712786,62.27873483694757,49.294249113689574,55.30220330841398,3.5410209009081224,1.5588615995929167,2.1606210156615573,5.797392358696088,2.5521827118916587,3.5373888256412465,34.502124467451246,27.24372532073474,30.525633017587044,56.48719912810622,44.603680525109894,49.97685033577041,0.6884422110552764,0.003442211055276312,0.008442211055276427,0.5829145728643217,-0.002085427135678275,-0.002085427135678275,0.5226130653266332,0.0126130653266332,0.0026130653266331905,0.42165242165242167,0.09875057243478302,0.16847549105613624,0.4342857142857143,0.4321608040201005,0.11637133033588998,0.18341289083145274,0.4696969696969697,0.4247491638795987,0.1142316346642398,0.17892046532564987,0.4395973154362416,24.0,2.0,2.0,33.0,0.0,0.0,43.0,2.0,2.0,8.582208876737621e-05,-4.987378884696653e-05,8.753876448302024e-05,0.010814116410756469,0.012566264983300712,0.009816518245520989,"[3.056640625, 9.4453125, 0.0205535888671875, 1.974609375, 3.830078125, 2.150390625, 0.340087890625, 6.53515625, 0.98876953125, 0.1754150390625, 0.25390625, 5.90234375, 1.455078125, 3.224609375, 4.26171875, 0.56494140625, 0.568359375, 0.6259765625, 0.00988006591796875, 0.2474365234375, 0.00012230873107910156, 0.05078125, 0.007007598876953125, 3.4765625, 0.0036106109619140625, 0.00910186767578125, 4.80078125, 11.015625, 4.37890625, 8.7890625, 3.61328125, 0.00432586669921875, 0.0034885406494140625, 8.1171875, 2.015625, 0.0175628662109375, 6.52734375, 6.56640625, 7.4140625, 8.046875, 2.603515625, 1.0048828125, 0.00049591064453125, 0.40869140625, 9.3046875, 6.8046875, 4.171875, 6.90625, 9.0625, 6.10546875, 1.177734375, 4.046875, 7.19140625, 0.1680908203125, 9.34375, 5.92578125, 5.10546875, 0.2344970703125, 0.87841796875, 1.60546875, 0.006694793701171875, 0.00019884109497070312, 0.006610870361328125, 0.001735687255859375, 0.7021484375, 0.3544921875, 0.0023670196533203125, 0.0012922286987304688, 0.00043702125549316406, 7.078125, 3.541015625, 2.400390625, 5.3203125, 1.5263671875, 14.2734375, 5.45703125, 6.83984375, 7.4375, 5.9921875, 3.62109375, 3.388671875, 1.1953125, 0.442626953125, 0.2548828125, 2.552734375, 6.140625, 5.44140625, 4.08984375, 0.08892822265625, 4.11328125, 1.3662109375, 9.7890625, 7.34765625, 3.591796875, 3.173828125, 7.05859375, 1.2783203125, 1.9072265625, 4.87890625, 0.14208984375, 2.884765625, 3.322265625, 8.65625, 1.9111328125, 3.453125, 0.1846923828125, 4.37890625, 1.578125, 10.0078125, 0.230712890625, 0.06158447265625, 5.2109375, 7.1953125, 0.9619140625, 8.8125, 6.04296875, 3.97265625, 4.51171875, 1.486328125, 0.210205078125, 2.12890625, 2.59765625, 2.19921875, 4.40234375, 8.3046875, 4.15625, 11.765625, 1.025390625, 6.546875, 6.7265625, 0.485107421875, 4.5234375, 4.421875, 0.74560546875, 5.21484375, 0.0184173583984375, 0.0255279541015625, 7.796875, 11.2578125, 0.7001953125, 5.15234375, 0.08123779296875, 0.1546630859375, 0.0323486328125, 0.07769775390625, 1.2626953125, 4.7890625, 2.84765625, 0.10443115234375, 0.336181640625, 0.06634521484375, 0.0706787109375, 0.0625, 4.62109375, 1.70703125, 3.302734375, 1.0791015625, 9.6953125, 7.76953125, 1.048828125, 7.5703125, 0.0867919921875, 3.208984375, 4.125, 6.51953125, 6.8203125, 8.796875, 5.1015625, 0.69921875, 2.01171875, 5.19140625, 10.6796875, 2.67578125, 1.5537109375, 5.94921875, 3.357421875, 0.487060546875, 5.84765625, 10.6328125, 0.047821044921875, 3.04296875, 5.48828125, 6.0625, 10.4453125, 2.388671875, 10.921875, 7.0, 8.2265625, 3.2890625, 7.14453125, 3.26171875, 0.0219879150390625, 0.79248046875, 10.1796875, 0.424072265625, 0.787109375, 7.9453125, 0.2315673828125, 2.263671875, 6.796875, 2.193359375, 3.4296875, 5.61328125, 0.02581787109375, 6.25, 3.896484375, 0.07513427734375, 3.720703125, 9.171875, 4.23046875, 1.1220703125, 5.6875, 9.9765625, 2.42578125, 2.0078125, 0.004947662353515625, 0.086181640625, 4.98828125, 2.208984375, 0.210205078125, 0.257080078125, 1.5283203125, 1.42578125, 0.0030345916748046875, 0.03948974609375, 7.5703125, 0.311279296875, 0.63427734375, 2.806640625, 7.23046875, 3.25390625, 1.5712890625, 0.55615234375, 6.296875, 3.1953125, 6.7578125, 4.36328125, 5.67578125, 0.0087890625, 2.5, 1.390625, 6.6640625, 1.962890625, 1.212890625, 5.53515625, 0.96044921875, 1.7587890625, 1.62109375, 0.0007996559143066406, 5.69921875, 1.5107421875, 0.07293701171875, 9.8203125, 2.51953125, 0.9189453125, 7.66796875, 3.078125, 4.90625, 0.03277587890625, 6.375, 6.00390625, 6.390625, 3.904296875, 12.515625, 2.6171875, 8.0703125, 3.478515625, 5.25, 0.580078125, 9.6875, 7.76953125, 5.5546875, 2.19140625, 2.283203125, 0.8642578125, 1.5322265625, 7.16015625, 0.8984375, 8.0390625, 6.296875, 3.048828125, 0.51806640625, 2.345703125, 0.720703125, 1.3935546875, 0.024566650390625, 8.5546875, 2.798828125, 1.0859375, 4.58984375, 4.12890625, 0.003993988037109375, 0.0002887248992919922, 0.01325225830078125, 0.64794921875, 5.94921875, 2.419921875, 3.02734375, 1.2021484375, 3.65234375, 1.154296875, 1.3017578125, 0.1688232421875, 2.380859375, 0.10321044921875, 2.685546875, 0.1409912109375, 1.248046875, 1.0, 14.1875, 5.98046875, 8.875, 1.796875, 5.2421875, 6.21484375, 0.0318603515625, 0.212890625, 1.30859375, 5.0859375, 6.38671875, 6.17578125, 4.91796875, 2.130859375, 2.6953125, 5.69140625, 0.08538818359375, 0.01441192626953125, 0.98583984375, 5.19140625, 1.41796875, 1.173828125, 8.359375, 7.98046875, 10.625, 5.85546875, 0.92236328125, 1.9755859375, 11.6328125, 6.20703125, 1.1142578125, 0.59765625, 3.0859375, 0.01107025146484375, 0.04803466796875, 0.998046875, 2.189453125, 0.042236328125, 0.90869140625, 6.328125, 1.880859375, 5.6015625]",-1.2501492412001998
314,1,test,3.5257847706476846,1.4459815662382338,1.917237000381492,5.546841312818115,2.2748496606927864,3.016238962943268,33.980429999365164,25.977536174265445,28.98487872990963,53.45875179816444,40.86842511097827,45.59964185123858,3.250504105534386,1.3754862322077475,1.895191134810933,5.113763781091754,2.1639448674063306,2.9815559275686643,25.803344247781133,19.28240857767937,21.92536978858122,40.594382582283295,30.335504707980938,34.49346878873029,3.534303572664293,1.5455285020630987,2.153016891236587,5.560243277496963,2.431459066007218,3.3871730171755505,34.27113904330332,26.964560807303656,30.291119691973464,53.916101591138286,42.42123373868693,47.65464855306286,0.6331658291457287,-0.0018341708542712887,0.0031658291457287158,0.5326633165829145,-0.012336683417085381,-0.0023366834170853723,0.457286432160804,0.007286432160804046,-0.007713567839195967,0.4106666666666666,0.10307678650687968,0.1467370478983382,0.3877005347593583,0.4170854271356784,0.11382728177226986,0.15999026853801568,0.35858585858585856,0.42140468227424754,0.12257329663150962,0.17891302487713967,0.3993288590604027,27.0,6.0,10.0,42.0,13.0,14.0,46.0,5.0,9.0,-0.0010271807511007343,6.138321626740322e-05,-0.00014388469468215695,0.004468612386425264,0.003687070851857932,0.004106780405252586,"[3.056640625, 9.4453125, 2.4296875, 1.0791015625, 0.80224609375, 2.9921875, 0.638671875, 4.21484375, 8.0390625, 8.5546875, 3.439453125, 1.48828125, 9.5546875, 2.14453125, 3.958984375, 10.21875, 9.1640625, 3.78515625, 2.408203125, 7.390625, 6.578125, 8.625, 3.552734375, 4.53515625, 0.1763916015625, 5.58203125, 0.0027141571044921875, 6.8515625, 0.413818359375, 2.46875, 3.267578125, 8.625, 6.13671875, 3.763671875, 1.1201171875, 2.1640625, 0.9765625, 0.040496826171875, 0.7763671875, 3.7265625, 7.671875, 2.298828125, 1.26953125, 1.048828125, 4.47265625, 0.01396942138671875, 0.1910400390625, 0.005947113037109375, 7.73046875, 8.0703125, 10.0234375, 8.2578125, 6.8671875, 1.84375, 4.9609375, 2.396484375, 3.44921875, 1.2509765625, 9.0703125, 8.875, 4.67578125, 0.95458984375, 1.6591796875, 7.7578125, 10.3984375, 3.76171875, 5.71875, 7.54296875, 0.70849609375, 4.25, 5.37890625, 1.365234375, 0.025421142578125, 3.26171875, 5.9453125, 1.8056640625, 7.5625, 3.171875, 0.74560546875, 8.1875, 2.501953125, 3.55859375, 8.875, 6.50390625, 4.375, 0.46875, 4.67578125, 5.28515625, 2.451171875, 8.71875, 0.037261962890625, 0.481689453125, 4.78125, 1.2001953125, 2.818359375, 3.66015625, 0.0025005340576171875, 0.1593017578125, 0.0003063678741455078, 0.0016422271728515625, 0.0022373199462890625, 6.546875, 4.53125, 7.96484375, 4.1953125, 0.048126220703125, 0.333251953125, 1.9482421875, 0.2198486328125, 7.9296875, 2.265625, 7.81640625, 8.578125, 0.3056640625, 1.337890625, 0.065185546875, 0.0318603515625, 0.1971435546875, 7.19921875, 1.90234375, 1.009765625, 6.71875, 4.62890625, 0.8564453125, 0.336181640625, 0.0308837890625, 0.01287841796875, 0.39697265625, 5.96875, 5.14453125, 1.6015625, 0.024688720703125, 6.07421875, 1.642578125, 5.12890625, 0.8623046875, 1.33203125, 0.0654296875, 0.86865234375, 0.0006270408630371094, 0.263671875, 5.7890625, 3.384765625, 11.4453125, 6.30078125, 3.2265625, 0.869140625, 0.572265625, 0.02447509765625, 0.0321044921875, 2.455078125, 0.0006604194641113281, 0.00930023193359375, 0.0026073455810546875, 0.025482177734375, 3.10546875, 0.1138916015625, 0.000637054443359375, 0.00397491455078125, 0.0002892017364501953, 0.20751953125, 0.0005583763122558594, 0.8486328125, 2.912109375, 1.388671875, 4.76953125, 0.13525390625, 0.671875, 0.0238494873046875, 0.355712890625, 0.0005512237548828125, 1.388671875, 0.0411376953125, 12.3203125, 3.08203125, 2.173828125, 0.0108795166015625, 0.0050201416015625, 0.0229034423828125, 0.0025272369384765625, 8.8515625, 2.0859375, 6.8984375, 8.1015625, 0.066162109375, 0.70556640625, 0.1646728515625, 5.234375, 0.407470703125, 7.46875, 4.1171875, 8.2734375, 2.421875, 3.703125, 3.2265625, 3.033203125, 4.98046875, 0.322509765625, 3.291015625, 0.060760498046875, 0.234130859375, 7.4921875, 3.15625, 0.51123046875, 9.859375, 7.81640625, 1.5224609375, 0.00144195556640625, 6.8359375, 6.671875, 0.71533203125, 6.2734375, 1.853515625, 6.453125, 0.1494140625, 0.055908203125, 1.138671875, 0.002170562744140625, 7.21484375, 11.90625, 2.814453125, 5.046875, 9.5703125, 0.89794921875, 0.515625, 0.0003840923309326172, 10.4921875, 8.0859375, 1.4189453125, 10.578125, 1.251953125, 0.5556640625, 0.00016427040100097656, 3.15625, 5.8046875, 6.7578125, 16.25, 9.8203125, 5.9453125, 3.916015625, 8.2109375, 10.8828125, 1.6708984375, 4.453125, 2.779296875, 4.265625, 3.68359375, 0.69580078125, 1.8583984375, 1.1298828125, 0.0005545616149902344, 6.140625, 0.72314453125, 8.890625, 6.27734375, 3.23046875, 8.3125, 11.890625, 6.015625, 0.4404296875, 1.2109375, 6.37890625, 1.3798828125, 1.828125, 5.09765625, 1.1435546875, 0.0056915283203125, 8.03125, 3.07421875, 4.59375, 7.94921875, 3.10546875, 0.002254486083984375, 9.7578125, 7.484375, 5.53515625, 2.376953125, 6.56640625, 1.087890625, 0.00010097026824951172, 8.21875, 0.01264190673828125, 1.677734375, 6.47265625, 0.9296875, 1.4560546875, 8.5390625, 3.875, 1.30859375, 7.96484375, 0.822265625, 2.380859375, 5.4296875, 0.028289794921875, 0.31787109375, 0.01100921630859375, 4.1171875, 0.2431640625, 6.10546875, 6.03515625, 3.12890625, 2.17578125, 0.3916015625, 2.912109375, 5.36328125, 0.173583984375, 1.6171875, 0.093017578125, 4.80078125, 8.5234375, 4.875, 1.59375, 0.0028667449951171875, 8.1015625, 8.703125, 0.919921875, 2.17578125, 2.06640625, 1.4189453125, 0.0045318603515625, 0.001117706298828125, 1.3203125, 5.38671875, 7.55078125, 3.103515625, 7.48828125, 1.958984375, 9.5546875, 7.19921875, 15.6875, 13.109375, 2.361328125, 5.9296875, 6.04296875, 0.4150390625, 2.318359375, 3.44140625, 3.716796875, 5.296875, 9.0, 2.724609375, 0.0033550262451171875, 7.74609375, 0.051544189453125, 0.0117645263671875, 0.61572265625, 0.463134765625, 0.75927734375, 5.1796875, 8.625, 2.064453125, 2.8671875, 2.05078125, 5.8671875, 0.634765625, 5.734375, 1.12109375, 1.6982421875, 8.8125, 2.17578125, 0.489501953125, 1.5732421875, 0.14013671875, 0.00856781005859375, 2.951171875, 0.505859375, 2.30078125, 1.9345703125, 1.8076171875, 4.56640625, 1.1220703125, 3.55078125, 4.42578125, 2.740234375, 1.1533203125]",-1.2845179637273154
304,1,test,3.105534473428215,1.379681611873611,1.9109625006592852,6.0586500769949225,2.69164878880864,3.7281354307340657,22.321145847036437,16.703836072154584,19.01900178664516,43.54677533348213,32.5878519689887,37.104555632841475,3.412586708164694,1.500382265100743,2.1024041823277306,6.657684498137256,2.927126136822308,4.1016228833142225,30.343632954462493,23.57564093555391,26.636782708052934,59.19800784981026,45.99419519942419,51.96623865742842,3.138676851489472,1.4254732117521183,1.9477769457977843,6.123308213335289,2.7809845480808195,3.7999574770778857,23.073317227007472,17.52661454564843,19.78327662514854,45.014201706677156,34.193027150406145,38.5955948883266,0.7085427135678393,-0.0014572864321606982,-0.0014572864321606982,0.5879396984924623,0.007939698492462233,0.007939698492462233,0.46733668341708545,0.007336683417085488,0.007336683417085488,0.4069400630914827,0.09985344891825432,0.1634983002373379,0.370253164556962,0.42713567839195976,0.11635873603607005,0.183396112448721,0.3787878787878788,0.40802675585284276,0.10585647204649884,0.17220918076941671,0.3657718120805369,23.0,4.0,4.0,36.0,6.0,7.0,43.0,5.0,4.0,-0.0010812434010529003,-0.00021245955935306112,-0.0002023032389069281,0.0042158810868278,0.003449162729353361,0.004278922355672066,"[3.056640625, 9.4453125, 2.4296875, 6.078125, 0.78955078125, 0.10418701171875, 1.3271484375, 3.09375, 4.5234375, 10.5078125, 4.59375, 4.13671875, 5.671875, 0.68359375, 7.87109375, 9.640625, 0.5068359375, 1.8916015625, 1.0078125, 8.4296875, 0.591796875, 4.66015625, 2.322265625, 4.546875, 0.74365234375, 6.06640625, 3.806640625, 5.34375, 5.3515625, 5.59765625, 5.64453125, 3.7734375, 7.08984375, 1.298828125, 0.9580078125, 5.00390625, 8.6875, 3.29296875, 3.14453125, 0.0245208740234375, 9.0, 3.1953125, 6.55078125, 1.806640625, 0.3212890625, 4.98046875, 8.765625, 1.2255859375, 3.30078125, 4.05859375, 4.96484375, 11.21875, 0.10546875, 4.81640625, 2.599609375, 3.310546875, 0.72509765625, 2.45703125, 8.734375, 1.447265625, 0.266357421875, 1.09765625, 2.005859375, 1.103515625, 8.1171875, 2.728515625, 4.43359375, 2.083984375, 0.3876953125, 1.1787109375, 6.859375, 1.390625, 5.2421875, 9.5859375, 11.453125, 5.0625, 4.875, 1.470703125, 2.904296875, 2.05078125, 2.931640625, 2.509765625, 4.54296875, 0.158935546875, 0.21728515625, 0.264404296875, 0.05084228515625, 0.141357421875, 6.04296875, 1.98828125, 8.7578125, 2.57421875, 2.580078125, 0.54248046875, 1.4912109375, 1.908203125, 0.986328125, 0.8525390625, 5.0, 6.6875, 7.15234375, 0.01371002197265625, 0.03265380859375, 0.08331298828125, 0.0208587646484375, 0.03759765625, 10.71875, 10.2109375, 12.296875, 4.71484375, 2.0625, 4.2734375, 2.607421875, 0.5693359375, 3.61328125, 0.826171875, 2.310546875, 2.6171875, 0.086181640625, 3.01171875, 1.7626953125, 1.94921875, 1.7861328125, 3.369140625, 5.50390625, 2.529296875, 4.62890625, 0.1307373046875, 4.41796875, 4.15625, 0.3681640625, 7.00390625, 1.2841796875, 0.65185546875, 5.73046875, 6.97265625, 5.9296875, 1.5185546875, 2.990234375, 0.07537841796875, 2.998046875, 7.484375, 0.360107421875, 2.0859375, 5.28125, 0.908203125, 2.43359375, 0.333740234375, 9.375, 0.0032291412353515625, 2.20703125, 6.578125, 3.609375, 7.4765625, 0.07574462890625, 0.80224609375, 3.720703125, 7.71875, 0.048858642578125, 0.0985107421875, 2.48046875, 0.7958984375, 3.9453125, 6.0, 1.63671875, 2.9453125, 4.26953125, 6.8125, 0.0194244384765625, 0.49267578125, 0.857421875, 1.7939453125, 0.04058837890625, 0.08367919921875, 0.0312042236328125, 0.01953125, 0.048919677734375, 3.5234375, 2.2734375, 5.2265625, 0.0005154609680175781, 8.90625, 3.9296875, 1.033203125, 5.5234375, 0.352294921875, 8.265625, 0.138916015625, 0.212890625, 4.06640625, 0.95556640625, 8.015625, 10.0390625, 4.90234375, 0.01490020751953125, 2.853515625, 4.98046875, 1.0888671875, 0.80712890625, 4.61328125, 0.177978515625, 0.11602783203125, 0.0312347412109375, 0.0213165283203125, 0.038482666015625, 5.59375, 5.8515625, 6.1640625, 0.283935546875, 0.09716796875, 0.03509521484375, 0.00905609130859375, 0.127685546875, 5.56640625, 9.5234375, 0.442626953125, 2.279296875, 4.45703125, 3.599609375, 2.66796875, 0.0828857421875, 2.384765625, 3.216796875, 0.256103515625, 0.1043701171875, 1.529296875, 8.3671875, 3.09375, 0.0235748291015625, 0.358642578125, 4.05078125, 5.72265625, 11.109375, 0.000682830810546875, 1.517578125, 3.466796875, 1.42578125, 0.8837890625, 3.552734375, 1.921875, 1.5771484375, 1.7470703125, 0.0013456344604492188, 0.7060546875, 6.1015625, 5.4765625, 6.76171875, 0.65380859375, 0.056854248046875, 0.14111328125, 0.09649658203125, 0.049224853515625, 5.53515625, 0.2724609375, 1.4755859375, 2.23828125, 1.3798828125, 4.61328125, 6.703125, 0.4970703125, 4.088878631591797e-05, 0.41455078125, 7.48828125, 1.0830078125, 3.466796875, 1.1630859375, 4.375, 1.10546875, 0.51611328125, 3.41796875, 0.7783203125, 3.830078125, 0.01617431640625, 10.28125, 11.265625, 6.18359375, 6.58984375, 8.5234375, 0.16650390625, 1.9140625, 2.419921875, 0.0035495758056640625, 3.30859375, 3.10546875, 1.1005859375, 3.828125, 0.1591796875, 0.0285186767578125, 0.06890869140625, 0.05499267578125, 0.0287628173828125, 2.091796875, 6.73828125, 5.4296875, 2.146484375, 4.36328125, 3.05859375, 1.5224609375, 1.533203125, 5.66796875, 2.462890625, 0.2169189453125, 0.455322265625, 2.171875, 2.302734375, 0.425048828125, 0.93603515625, 0.002170562744140625, 1.7138671875, 1.0224609375, 6.140625, 4.2890625, 5.85546875, 2.1171875, 2.12109375, 5.234375, 2.048828125]",-0.629603227606331
57,1,test,3.6387443579047734,1.613709171010136,2.222281626543384,5.949347025174305,2.638414494601572,3.6334304593984332,38.044037027658646,30.467659498514116,33.9215248419026,62.20200054022189,49.814623280070585,55.46169311651075,4.105231021516886,1.8456281058438568,2.5325054934462417,6.712052720180109,3.0176019530547067,4.140646481784606,60.65675594484432,51.07747131718062,55.836989227159634,99.17379596982047,83.51166560359032,91.29347738640601,3.684393757561776,1.6354825409007652,2.2602990246322534,6.023983793613504,2.674013954372751,3.6955889052737345,39.82097396633344,32.06152581877476,35.66687839218034,65.10729243495518,52.420594713696744,58.315346171214856,0.7738693467336684,-0.01113065326633167,-0.01113065326633167,0.6683417085427136,-0.011658291457286363,-0.0016582914572863539,0.5778894472361809,-0.007110552763819111,-0.002110552763819218,0.42944785276073616,0.1139807777224513,0.1814886690872668,0.4,0.44723618090452266,0.10387778491454769,0.19181047138866292,0.4545454545454546,0.42140468227424754,0.10420935673167664,0.18113771898170028,0.3959731543624161,25.0,1.0,0.0,37.0,0.0,-1.0,45.0,0.0,0.0,-0.000928078765726407,-0.0005062363588378522,-0.00024813983718869974,-0.0004004140563926839,9.393457993667198e-07,0.00013492881151577762,"[3.056640625, 9.4453125, 2.4296875, 1.0791015625, 11.8046875, 3.640625, 0.96533203125, 7.27734375, 5.61328125, 2.033203125, 7.5234375, 10.1953125, 4.5703125, 7.6875, 1.6591796875, 6.72265625, 9.59375, 9.2734375, 1.1328125, 0.340087890625, 3.173828125, 0.7841796875, 5.64453125, 0.209228515625, 9.0625, 0.6767578125, 10.171875, 8.3515625, 0.12841796875, 5.67578125, 1.0771484375, 1.35546875, 5.33984375, 3.265625, 5.08203125, 6.40625, 4.0703125, 3.078125, 10.2890625, 3.28515625, 5.3515625, 0.8271484375, 8.2734375, 1.490234375, 10.078125, 0.86083984375, 2.623046875, 3.591796875, 4.46484375, 4.66796875, 0.51806640625, 0.1495361328125, 2.990234375, 2.2265625, 3.099609375, 2.603515625, 9.6484375, 6.640625, 0.89892578125, 1.6669921875, 3.603515625, 0.10321044921875, 3.291015625, 1.84765625, 2.4296875, 0.65625, 8.8671875, 1.130859375, 0.80517578125, 2.759765625, 1.015625, 0.047210693359375, 1.53125, 2.24609375, 0.0726318359375, 5.07421875, 0.23779296875, 0.0830078125, 3.373046875, 9.078125, 2.42578125, 3.80859375, 7.84765625, 8.84375, 1.7373046875, 1.3388671875, 3.244140625, 6.07421875, 4.07421875, 3.435546875, 3.021484375, 1.21484375, 5.41015625, 6.44140625, 0.093505859375, 3.419921875, 2.703125, 5.546875, 1.4013671875, 9.5234375, 1.1083984375, 5.578125, 2.625, 0.56201171875, 4.98046875, 7.84765625, 0.21630859375, 0.662109375, 5.5078125, 8.0703125, 2.37109375, 1.3896484375, 0.5244140625, 2.228515625, 0.310791015625, 4.55078125, 4.5, 2.236328125, 2.361328125, 0.0165863037109375, 0.382080078125, 4.78515625, 0.80078125, 1.1171875, 11.515625, 10.3203125, 0.51416015625, 6.46484375, 2.92578125, 8.5390625, 4.1796875, 8.7578125, 0.0506591796875, 5.03125, 6.96875, 1.2099609375, 7.16796875, 5.76171875, 0.007289886474609375, 0.06158447265625, 0.0006551742553710938, 0.002166748046875, 0.0022068023681640625, 1.0400390625, 4.5625, 3.00390625, 0.54736328125, 5.45703125, 2.068359375, 9.3828125, 4.78125, 5.24609375, 8.328125, 0.31884765625, 0.0261077880859375, 0.62744140625, 9.9375, 5.41796875, 3.875, 9.0, 7.375, 1.32421875, 8.96875, 3.53515625, 5.1328125, 4.29296875, 6.01171875, 6.328125, 2.005859375, 5.109375, 0.7177734375, 6.625, 3.041015625, 5.3359375, 5.38671875, 8.203125, 3.2578125, 0.381591796875, 6.6015625, 3.45703125, 0.2032470703125, 3.947265625, 8.7421875, 7.6484375, 12.125, 4.7734375, 0.763671875, 4.8828125, 5.7109375, 3.677734375, 6.8046875, 0.77880859375, 8.8828125, 5.30859375, 4.98828125, 7.63671875, 3.462890625, 13.4609375, 7.25, 8.4375, 0.4775390625, 3.546875, 5.8359375, 6.828125, 5.94921875, 3.75390625, 11.5234375, 4.07421875, 0.0037937164306640625, 0.90625, 0.0030078887939453125, 1.412109375, 0.0025177001953125, 0.38623046875, 0.010955810546875, 0.0777587890625, 0.00283050537109375, 0.0202484130859375, 3.966796875, 3.51171875, 0.55908203125, 0.00231170654296875, 0.00484466552734375, 0.0010538101196289062, 0.400390625, 0.00044655799865722656, 0.66748046875, 3.630859375, 0.74755859375, 5.0859375, 2.697265625, 6.44921875, 1.4853515625, 7.828125, 6.76171875, 0.01236724853515625, 0.0022487640380859375, 4.08203125, 6.97265625, 1.0009765625, 0.1602783203125, 8.8828125, 0.294189453125, 9.796875, 1.3828125, 0.00504302978515625, 0.0009751319885253906, 0.057220458984375, 0.0006308555603027344, 7.078125, 0.6357421875, 1.8544921875, 1.015625, 3.38671875, 0.050262451171875, 0.1324462890625, 6.94921875, 6.5703125, 0.355224609375, 7.37109375, 0.039825439453125, 0.1307373046875, 0.4150390625, 9.0703125, 0.57080078125, 8.1328125, 0.78759765625, 3.560546875, 3.451171875, 2.3046875, 0.70751953125, 5.61328125, 0.242919921875, 0.638671875, 4.03515625, 0.440185546875, 1.9208984375, 6.08984375, 0.3623046875, 0.01045989990234375, 0.261474609375, 0.77294921875, 0.0028324127197265625, 0.00030517578125, 0.0010824203491210938, 15.296875, 4.29296875, 12.703125, 0.37255859375, 1.4580078125, 2.560546875, 2.517578125, 1.720703125, 7.3984375, 1.537109375, 3.68359375, 7.703125, 5.6875, 1.724609375, 2.95703125, 0.06683349609375, 0.474853515625, 8.1328125, 0.0274810791015625, 0.039398193359375, 4.87890625, 6.80078125, 1.0166015625, 4.34765625, 6.01171875, 0.65087890625, 2.984375, 0.1944580078125, 4.98828125, 2.50390625, 0.12384033203125, 3.994140625, 6.71875, 1.1787109375, 3.716796875, 5.4609375, 7.37890625, 1.70703125, 1.44140625, 7.109375, 0.324462890625]",-1.0715551339775509
411,1,test,3.107208495188241,1.2474506800352707,1.5671159579412834,5.531667141657989,2.220797847417051,2.789888050684706,22.358543224171267,15.936361996077366,17.693521284868886,39.80422269056499,28.371012163420243,31.499228475753135,3.0523508535557657,1.1939177820225244,1.7052147725941722,5.434005779648605,2.125494885484046,3.0357410973985934,21.1650418979131,14.751362780623941,17.318647917359392,37.679469208392376,26.26139472604352,30.83185301879676,3.1185176284815554,1.2855838730113178,1.7840236659910367,5.551800441736222,2.288685190966337,3.1760421318315766,22.612834164570305,16.360631953420658,18.81476067217785,40.25692898356238,29.126326840843053,33.495336263922006,0.6381909547738693,0.01819095477386934,0.00819095477386933,0.4974874371859297,-0.012512562814070316,-0.007512562814070312,0.4371859296482412,0.0021859296482411583,0.007185929648241163,0.43434343434343436,0.1190849223636109,0.15184099055066802,0.43544303797468353,0.42713567839195976,0.12137126736439086,0.15835437622167592,0.4191919191919192,0.4280936454849499,0.13093170892401496,0.17892790577416007,0.4295302013422819,27.0,16.0,16.0,35.0,11.0,12.0,42.0,14.0,14.0,1.8984817487064912e-05,-5.196558916921854e-05,-2.8307525533525374e-05,0.011672560523966702,0.009099121773484597,0.010548262311172785,"[3.056640625, 6.44140625, 0.034515380859375, 0.005214691162109375, 0.014007568359375, 0.62109375, 3.78125, 0.1287841796875, 8.390625, 9.8984375, 1.7685546875, 0.01534271240234375, 0.7314453125, 0.30615234375, 3.513671875, 0.010711669921875, 8.4921875, 4.18359375, 0.132568359375, 0.003116607666015625, 0.78955078125, 0.1285400390625, 4.07421875, 0.01268768310546875, 4.078125, 0.51953125, 8.078125, 6.06640625, 0.026336669921875, 0.217041015625, 0.003902435302734375, 0.828125, 0.0005388259887695312, 9.3984375, 2.529296875, 9.9921875, 5.12890625, 3.875, 2.486328125, 7.640625, 5.4921875, 0.3017578125, 2.5987625122070312e-05, 0.00234222412109375, 7.18832015991211e-05, 0.828125, 0.346923828125, 0.0020618438720703125, 0.0002002716064453125, 5.233287811279297e-05, 6.703125, 7.640625, 0.5126953125, 8.78125, 1.0537109375, 3.595703125, 3.232421875, 11.1875, 3.259765625, 3.607421875, 10.4765625, 6.7578125, 2.3515625, 1.908203125, 8.0078125, 0.884765625, 1.3017578125, 2.75, 2.16796875, 0.093017578125, 4.921875, 5.49609375, 3.412109375, 5.8984375, 0.1329345703125, 0.402587890625, 1.099609375, 3.564453125, 0.453125, 2.904296875, 1.51953125, 8.7578125, 0.406005859375, 4.2578125, 9.7265625, 3.958984375, 6.66015625, 2.326171875, 3.443359375, 0.0240478515625, 2.044921875, 8.1484375, 4.10546875, 3.236328125, 0.00012636184692382812, 12.2578125, 8.0625, 8.484375, 6.47265625, 0.65966796875, 1.800060272216797e-05, 6.2421875, 6.6015625, 3.673828125, 5.1640625, 2.2109375, 1.4384765625, 0.444580078125, 2.509765625, 4.5859375, 2.2578125, 1.3544921875, 0.93310546875, 0.00879669189453125, 0.83740234375, 6.7578125, 6.21484375, 1.1494140625, 3.04296875, 8.58306884765625e-06, 4.05859375, 1.478515625, 0.2078857421875, 0.00969696044921875, 0.04461669921875, 0.0177154541015625, 0.00982666015625, 1.0615234375, 1.708984375, 3.6015625, 0.79150390625, 0.23095703125, 7.68359375, 7.5703125, 3.708984375, 8.609375, 1.7119140625, 3.3515625, 4.97265625, 5.24609375, 6.76953125, 8.125, 6.7109375, 0.9912109375, 6.1328125, 1.35546875, 9.1015625, 0.8740234375, 5.00390625, 0.15771484375, 5.3671875, 2.76171875, 0.093017578125, 3.80078125, 2.939453125, 6.5703125, 1.51171875, 5.31640625, 1.419921875, 1.615234375, 6.85546875, 1.185546875, 3.419921875, 8.3515625, 1.369140625, 7.70703125, 1.107421875, 0.151123046875, 6.1640625, 1.2646484375, 2.958984375, 5.9921875, 0.02679443359375, 0.002696990966796875, 0.24609375, 0.88720703125, 3.504753112792969e-05, 0.673828125, 0.0303802490234375, 0.0013456344604492188, 0.00041103363037109375, 0.0010547637939453125, 0.001251220703125, 5.173683166503906e-05, 0.0285491943359375, 0.412841796875, 0.50537109375, 1.4638671875, 5.69140625, 0.2802734375, 2.7109375, 5.62890625, 7.1640625, 0.1380615234375, 6.859375, 6.8125, 0.6142578125, 0.08319091796875, 3.978515625, 9.1328125, 0.1685791015625, 2.36328125, 4.0390625, 5.59765625, 0.26025390625, 0.44921875, 3.38671875, 0.90478515625, 0.25341796875, 6.80859375, 1.7607421875, 0.90869140625, 1.2802734375, 6.88671875, 0.53857421875, 7.67578125, 2.71484375, 0.908203125, 7.18359375, 2.921875, 1.9130859375, 1.6357421875, 9.796875, 0.00881195068359375, 1.0224609375, 2.23046875, 1.41015625, 0.90087890625, 0.353271484375, 0.315673828125, 8.171875, 1.8310546875, 0.276611328125, 3.369140625, 0.38427734375, 5.33984375, 0.101806640625, 0.1962890625, 2.78125, 4.296875, 2.833984375, 5.79296875, 10.046875, 0.5732421875, 0.99169921875, 6.26171875, 8.15625, 1.0703125, 6.609375, 5.4140625, 1.3642578125, 2.736328125, 1.3203125, 0.04296875, 0.468994140625, 2.826171875, 3.193359375, 5.59765625, 0.623046875, 6.953125, 0.955078125, 2.576171875, 0.46826171875, 4.328125, 4.9765625, 4.83203125, 7.9765625, 1.267578125, 0.1798095703125, 0.137451171875, 6.32421875, 4.65625, 4.18359375, 5.47265625, 6.72265625, 5.921875, 3.7265625, 0.9912109375, 0.256103515625, 5.1015625, 0.385986328125, 2.228515625, 0.8857421875, 6.5390625, 4.609375, 5.71875, 5.5234375, 1.5, 1.029296875, 6.61611557006836e-05, 9.125, 0.06207275390625, 0.06396484375, 3.603515625, 4.19921875, 6.37109375, 2.63671875, 7.8515625, 6.38671875, 3.119140625, 0.81884765625, 4.982948303222656e-05, 2.240234375, 0.0036067962646484375, 0.00015974044799804688, 7.62890625, 0.163818359375, 0.91455078125, 4.83984375, 0.3642578125, 7.26171875, 4.1484375, 8.3515625, 2.28515625, 1.3564453125, 1.5126953125, 0.548828125, 4.421875, 3.32421875, 2.310546875, 1.330078125, 7.0625, 1.9765625, 4.11328125, 3.283203125, 0.04522705078125, 0.2164306640625, 0.00315093994140625, 0.01226806640625, 0.039459228515625, 0.0638427734375, 0.09765625, 3.25390625, 4.53515625, 5.66015625, 5.8125, 3.294921875, 5.31640625, 0.002445220947265625, 0.004871368408203125, 0.0173187255859375, 4.09765625, 0.9150390625, 0.3466796875, 1.7431640625, 0.047088623046875, 8.40625, 3.177734375, 9.15625, 1.8037109375, 1.7783203125, 0.0467529296875, 1.7099609375, 6.921875, 0.71044921875, 4.984375, 4.44140625, 1.1650390625, 5.78515625, 3.271484375, 1.6728515625, 3.5390625, 3.458984375, 0.031402587890625, 7.5390625, 3.232421875, 2.51953125, 7.16796875, 7.48828125, 3.71484375, 0.1693115234375, 0.06817626953125, 5.19921875, 1.1796875, 1.6328125, 1.69140625, 9.4296875, 1.5390625, 6.7109375, 7.859375, 1.701171875, 1.5078125, 7.21875, 12.40625, 2.365234375, 3.544921875, 4.23828125, 3.15234375, 2.22265625, 1.0830078125, 7.0234375, 2.5078125, 0.260498046875, 0.57080078125, 4.6171875, 0.413330078125]",-0.610727066945548
482,1,test,2.792354457955852,1.2254646052778613,1.4949933784070413,5.187574059669094,2.276640911138427,2.777365476329526,16.31939794051815,11.527675907439576,12.659771489838075,30.317814840607056,21.41586013026553,23.519042145565848,2.9935436009162633,1.2890902963195512,1.820250539349393,5.561338778591103,2.3948433060514334,3.3816210019913173,19.956274415195804,14.457895508274383,16.723654067294117,37.07432313578598,26.8595569887053,31.06883288946196,2.7397842471017486,1.1815370854737388,1.6599959757101315,5.0899102901712485,2.195033341013435,3.083903634874822,15.483644094848561,10.733156987862206,12.53958795068765,28.765169918429773,19.93982053745068,23.295767837277502,0.6432160804020101,-0.0067839195979899625,0.00821608040201005,0.49246231155778897,0.0024623115577889765,0.0024623115577889765,0.38190954773869346,-0.0030904522613065533,-0.008090452261306558,0.3908872901678657,0.09507890693433274,0.13380029114538283,0.37740384615384615,0.38190954773869346,0.09118273069608696,0.1582033707770908,0.36363636363636365,0.3913043478260869,0.10582855483777309,0.16327320210862306,0.36241610738255037,26.0,16.0,16.0,34.0,9.0,9.0,44.0,16.0,16.0,0.00013203894817265428,-0.00027221748915422846,3.663445272637169e-05,0.025076806598917756,0.025084246722375525,0.025282762944458526,"[3.056640625, 9.4453125, 1.869140625, 5.66796875, 0.78759765625, 0.189453125, 8.3203125, 8.9609375, 7.140625, 0.01244354248046875, 0.9072265625, 0.2568359375, 0.57958984375, 0.0400390625, 1.119140625, 7.79296875, 0.71533203125, 1.89453125, 9.3828125, 7.73046875, 1.58984375, 0.87744140625, 3.30859375, 6.375, 6.6640625, 2.734375, 0.890625, 1.9091796875, 6.734375, 2.123046875, 2.484375, 2.34375, 2.099609375, 1.8017578125, 3.197265625, 0.7978515625, 2.240234375, 0.57080078125, 6.890625, 2.62890625, 1.6376953125, 0.368896484375, 0.68603515625, 1.751953125, 0.7607421875, 9.2109375, 8.203125, 0.24365234375, 2.697265625, 1.26171875, 9.0390625, 7.9375, 1.9833984375, 2.51953125, 1.251953125, 7.16796875, 0.127685546875, 10.390625, 0.47802734375, 0.00176239013671875, 6.34375, 0.376708984375, 3.927734375, 2.611328125, 3.279296875, 7.2421875, 1.126953125, 6.328125, 1.3994140625, 0.2449951171875, 0.499755859375, 1.0166015625, 0.32470703125, 2.763671875, 1.626953125, 1.6005859375, 0.43408203125, 9.5078125, 0.415283203125, 0.06292724609375, 0.83642578125, 6.94140625, 4.4296875, 6.40234375, 4.93359375, 0.80029296875, 3.7265625, 0.1669921875, 0.124755859375, 0.81005859375, 0.410400390625, 4.171875, 0.9736328125, 2.19921875, 3.38671875, 7.93359375, 4.671875, 4.25390625, 5.40234375, 0.51123046875, 7.1171875, 0.9365234375, 3.806640625, 1.025390625, 0.15478515625, 0.24853515625, 0.443359375, 0.2371826171875, 0.274658203125, 0.09271240234375, 0.0300140380859375, 0.060333251953125, 0.28466796875, 1.7861328125, 0.9677734375, 7.05859375, 0.69140625, 10.3828125, 9.0625, 1.81640625, 3.38671875, 3.822265625, 1.27734375, 0.0185089111328125, 4.5234375, 3.345703125, 0.2880859375, 0.06585693359375, 0.2232666015625, 0.1990966796875, 0.994140625, 0.1522216796875, 0.0215606689453125, 0.01544189453125, 0.016876220703125, 0.450927734375, 4.59375, 5.97265625, 6.96875, 1.783203125, 1.9501953125, 3.66796875, 6.1875, 8.9296875, 0.5615234375, 0.77490234375, 6.44140625, 3.751953125, 7.55078125, 4.91796875, 3.076171875, 2.263671875, 1.029296875, 2.1015625, 6.359375, 0.97607421875, 5.78515625, 2.4296875, 2.298828125, 0.650390625, 4.921875, 1.5478515625, 1.04296875, 8.484375, 1.7919921875, 0.88232421875, 5.98046875, 0.408203125, 1.8505859375, 7.00390625, 0.01105499267578125, 0.498779296875, 7.28515625, 6.8515625, 0.03265380859375, 2.841796875, 5.03515625, 0.8974609375, 5.57421875, 4.1484375, 2.830078125, 2.318359375, 0.66162109375, 6.88671875, 5.48046875, 11.296875, 0.341064453125, 0.3115234375, 0.016265869140625, 0.07073974609375, 6.22265625, 3.42578125, 5.546875, 4.1875, 1.3564453125, 2.671875, 3.412109375, 1.4365234375, 0.2135009765625, 0.2301025390625, 0.6630859375, 0.35791015625, 0.2119140625, 0.01255035400390625, 0.0144500732421875, 0.0126190185546875, 1.16015625, 0.4853515625, 0.2109375, 9.0546875, 3.84375, 8.7265625, 9.4296875, 3.685546875, 0.386962890625, 0.75244140625, 5.515625, 3.07421875, 1.1572265625, 2.6640625, 4.3515625, 0.135498046875, 0.07391357421875, 0.56005859375, 0.17578125, 2.275390625, 1.0087890625, 0.103271484375, 0.650390625, 0.75537109375, 0.33251953125, 6.609375, 4.140625, 4.73828125, 5.359375, 0.15625, 3.111328125, 3.177734375, 0.74755859375, 1.2177734375, 3.412109375, 0.190673828125, 0.452880859375, 5.01953125, 1.515625, 4.9375, 1.2734375, 2.619140625, 0.9609375, 4.21875, 1.74609375, 0.62939453125, 0.9892578125, 0.71875, 0.259033203125, 7.67578125, 2.4296875, 2.23828125, 0.048065185546875, 6.03125, 1.1103515625, 1.26953125, 0.1947021484375, 2.341796875, 0.0013704299926757812, 3.822265625, 0.0277252197265625, 8.2734375, 0.438720703125, 1.9208984375, 0.0009813308715820312, 4.796875, 0.0236358642578125, 3.638671875, 4.9296875, 0.1844482421875, 2.88671875, 0.00238037109375, 4.421875, 0.03839111328125, 3.55859375, 4.859375, 0.92919921875, 4.26171875, 0.0211029052734375, 0.00710296630859375, 0.00801849365234375, 1.548828125, 0.0016651153564453125, 0.0198211669921875, 4.55078125, 4.3828125, 1.423828125, 4.94921875, 0.18603515625, 7.59375, 4.515625, 0.256103515625, 0.1170654296875, 1.068359375, 2.16796875, 0.0090789794921875, 0.70263671875, 6.2578125, 5.4765625, 3.91015625, 0.07977294921875, 3.5, 0.60400390625, 6.87890625, 2.666015625, 0.6162109375, 4.125, 3.3828125, 2.634765625, 0.0330810546875, 8.515625, 3.408203125, 0.65625, 0.916015625, 0.07147216796875, 0.0208740234375, 7.6640625, 2.33984375, 0.051361083984375, 3.814697265625e-06, 0.0589599609375, 0.03692626953125, 0.048797607421875, 0.15234375, 0.12481689453125, 0.63330078125, 0.0041351318359375, 3.80078125, 4.2421875, 1.791015625, 0.310302734375, 2.515625, 1.7158203125, 0.297119140625, 0.6787109375, 0.239013671875, 0.0073699951171875, 0.094482421875, 7.5703125, 0.002597808837890625, 0.01418304443359375, 5.30078125, 4.78515625, 2.08203125, 0.0445556640625, 1.630859375, 5.2890625, 0.8671875, 7.9453125, 6.0390625, 4.63671875, 0.60009765625, 0.0782470703125, 1.0986328125, 0.43115234375, 0.0003528594970703125, 2.25, 0.0018072128295898438, 0.06890869140625, 10.109375, 5.04296875, 4.7421875, 5.78125, 0.1763916015625, 11.171875, 3.662109375, 6.0390625, 5.51171875, 4.1640625, 3.544921875, 7.78515625, 6.28125, 9.1171875, 3.322265625, 0.00714874267578125, 9.6796875, 6.015625, 0.09698486328125, 0.10333251953125, 1.896484375, 4.8984375, 6.9453125, 2.294921875, 0.0865478515625, 8.609375, 5.08984375, 1.001953125, 0.149658203125, 4.37109375, 0.228515625, 4.05859375, 0.056365966796875, 9.484375, 4.6015625, 0.07562255859375, 9.28125, 4.74609375, 6.5625, 1.8154296875, 1.5537109375, 1.759765625, 2.630859375, 0.3984375, 0.05242919921875, 1.791015625, 1.498046875, 0.94384765625, 3.04296875, 6.78125, 9.28125, 0.46240234375]",-1.4905277556366774
20,1,test,3.127013689296159,1.4113577632562737,1.8689511286422862,5.335189232922357,2.4080037666931684,3.1887317834655122,22.805772626704442,17.2454511505687,19.287174817274817,38.91032296499336,29.42351855073333,32.90702812426036,3.437627744435066,1.5431813445599127,2.138422946141037,5.865146862543241,2.6329160381116994,3.648494126117409,31.113062417698753,24.464195845467763,27.446682421224683,53.08389796384621,41.73986021027675,46.82846289877197,3.3012046510957953,1.5054131833352349,2.0596281448502745,5.632387082438323,2.568477469197557,3.514057498322743,27.145319871462988,21.12107904361708,23.68425431399111,46.314289828088505,36.03596424503388,40.40915427979525,0.7236180904522613,-0.0013819095477386467,0.0036180904522613577,0.6130653266331658,-0.0069346733668341765,0.008065326633165837,0.4824120603015075,-0.007587939698492474,0.002412060301507535,0.43454038997214484,0.12855986146032283,0.18331849358895813,0.36592178770949724,0.40703517587939697,0.08122063953854486,0.16329560993615821,0.38383838383838387,0.4180602006688964,0.10086487512632547,0.1733438491672279,0.37248322147651003,25.0,15.0,15.0,36.0,19.0,17.0,47.0,20.0,21.0,-0.0007476437539095265,-0.0006741121658352588,-0.00030166442753608595,0.01874137599510739,0.015433748236522327,0.01741325610639155,"[3.056640625, 9.4453125, 2.4296875, 6.078125, 0.78955078125, 0.10418701171875, 6.328125, 8.4921875, 5.55078125, 3.0703125, 4.71875, 4.17578125, 1.501953125, 0.2462158203125, 9.0625, 3.150390625, 0.0270843505859375, 2.16796875, 0.9853515625, 3.537109375, 0.8134765625, 1.4287109375, 1.212890625, 6.2109375, 0.009368896484375, 5.1328125, 9.6875, 0.8408203125, 9.6171875, 3.345703125, 0.264404296875, 6.98828125, 3.337890625, 4.05859375, 9.4921875, 3.650390625, 1.154296875, 3.73828125, 0.17529296875, 1.7421875, 3.16015625, 7.98828125, 8.0234375, 1.8154296875, 1.2802734375, 0.003665924072265625, 3.27734375, 2.578125, 3.57421875, 3.689453125, 1.1103515625, 0.2412109375, 0.37744140625, 2.294921875, 0.9052734375, 3.189453125, 2.54296875, 2.291015625, 7.96484375, 0.301513671875, 5.9375, 2.03125, 6.203125, 0.1273193359375, 0.69189453125, 10.6796875, 2.783203125, 2.521484375, 5.35546875, 0.73388671875, 2.27734375, 1.68359375, 6.890625, 5.3125, 3.77734375, 3.35546875, 3.908203125, 1.6630859375, 6.16796875, 1.05859375, 6.890625, 0.1053466796875, 3.677734375, 2.90234375, 9.2578125, 0.327880859375, 12.4765625, 1.373046875, 4.40234375, 9.984375, 8.6015625, 4.28515625, 7.34765625, 1.6318359375, 2.19921875, 4.9375, 5.6328125, 0.5703125, 7.390625, 2.390625, 0.89990234375, 2.255859375, 6.13671875, 3.833984375, 2.849609375, 1.0634765625, 6.1328125, 7.3984375, 0.26904296875, 7.34765625, 5.24609375, 2.974609375, 8.078125, 1.443359375, 5.7265625, 3.87890625, 6.22265625, 0.32421875, 7.19140625, 1.2978515625, 6.56640625, 2.5234375, 6.859375, 5.0625, 6.640625, 3.44140625, 10.3984375, 2.4453125, 3.275390625, 7.5546875, 6.59375, 8.2578125, 1.376953125, 7.29296875, 0.08740234375, 2.208984375, 6.44140625, 5.2265625, 3.09375, 2.509765625, 6.91015625, 2.3671875, 5.30078125, 5.55078125, 0.00852203369140625, 0.3173828125, 2.76953125, 6.44140625, 4.8515625, 0.7060546875, 3.267578125, 2.390625, 8.0625, 3.37890625, 1.0146484375, 1.962890625, 7.5390625, 4.45703125, 5.37109375, 0.4541015625, 2.005859375, 4.76953125, 0.2030029296875, 0.452880859375, 0.142578125, 0.04913330078125, 0.035064697265625, 3.943359375, 0.03466796875, 6.57421875, 0.1741943359375, 0.0016088485717773438, 0.12646484375, 0.294921875, 0.70849609375, 0.294677734375, 1.3349609375, 0.0142059326171875, 0.9033203125, 6.0625, 1.7021484375, 0.492431640625, 0.57861328125, 0.1729736328125, 0.05682373046875, 0.3515625, 0.00402069091796875, 0.02593994140625, 0.45556640625, 3.822265625, 9.03125, 10.1484375, 1.9873046875, 2.478515625, 0.80859375, 0.036529541015625, 0.08746337890625, 0.051849365234375, 0.01007843017578125, 0.00563812255859375, 5.22265625, 0.1558837890625, 5.8984375, 0.11163330078125, 0.0019626617431640625, 0.00567626953125, 0.363525390625, 0.08740234375, 0.054931640625, 0.1170654296875, 0.0032901763916015625, 0.46044921875, 5.76171875, 2.306640625, 4.17578125, 5.58203125, 7.796875, 5.7421875, 2.22265625, 2.3515625, 4.546875, 2.994140625, 1.080078125, 3.982421875, 6.80078125, 0.0023345947265625, 6.76953125, 4.421875, 0.12103271484375, 12.546875, 0.662109375, 3.05859375, 9.2109375, 3.205078125, 7.0703125, 0.0335693359375, 6.41796875, 4.23046875, 3.716796875, 1.0556640625, 3.296875, 1.6904296875, 0.404541015625, 6.86328125, 3.33984375, 10.8515625, 0.11358642578125, 2.23046875, 4.31640625, 9.3125, 0.310546875, 1.890625, 4.39453125, 1.2158203125, 3.32421875, 0.76171875, 0.327392578125, 6.078125, 0.476806640625, 0.52734375, 7.98046875, 1.0693359375, 3.490234375, 3.802734375, 2.95703125, 2.4609375, 3.1796875, 0.360107421875, 3.853515625, 0.034027099609375, 9.8671875, 1.056640625, 0.52734375, 2.546875, 4.390625, 1.9755859375, 3.1328125, 3.314453125, 2.650390625, 0.53369140625, 3.484375, 1.3818359375, 5.515625, 1.66015625, 3.48046875, 0.72998046875, 5.61328125, 1.8466796875, 4.79296875, 3.27734375, 2.873046875, 1.439453125, 0.76123046875, 2.416015625, 3.138671875, 0.008544921875, 2.482421875, 5.38671875, 0.81787109375, 0.7685546875, 6.70703125, 2.865234375, 1.10546875, 2.18359375, 0.05517578125, 0.0733642578125, 3.31640625, 0.041168212890625, 0.064453125, 0.0037250518798828125, 0.1351318359375, 0.0209808349609375, 7.35546875, 4.9765625, 0.00911712646484375, 0.7236328125, 0.2020263671875, 3.326171875, 0.004230499267578125, 0.0263519287109375, 0.003955841064453125, 0.032318115234375, 10.1328125, 6.375, 3.671875, 9.1953125, 13.4609375, 0.68701171875, 0.0027217864990234375, 0.00701141357421875, 0.0018835067749023438, 0.1649169921875, 0.0003592967987060547, 0.23291015625, 5.45703125, 0.35791015625, 4.14453125, 0.048980712890625, 0.1287841796875, 1.984375, 0.65625, 0.71630859375, 0.8701171875, 5.28515625, 0.259521484375, 0.408935546875, 0.419189453125, 2.029296875, 10.453125, 4.31640625, 0.39208984375, 1.2236328125, 1.4462890625, 0.0150604248046875, 0.34326171875, 2.705078125, 4.08203125, 4.3515625, 4.24609375]",-0.9472446381879718
164,1,test,2.968707973406865,1.3111105526382445,1.814902599039777,4.937748976176725,2.1807246946942236,3.018664526974323,19.466751779806845,14.220061679126768,16.296517868042248,32.37837285825016,23.65173524181289,27.105432780519248,3.046731769140042,1.3503910250808548,1.8590861184738166,5.067523248671703,2.246058541716116,3.092153441951348,21.046447249539835,15.592493828487331,17.767095876671497,35.00582552729585,25.934454020851376,29.55139416221892,2.9314473193624746,1.308304706168052,1.8019316824802654,4.875774623021259,2.176057827606046,2.9970904514722783,18.754754983066316,13.685759779837404,15.66059754170192,31.194133288161325,22.763049429729563,26.047728564259316,0.6532663316582914,-0.01673366834170853,-0.011733668341708636,0.542713567839196,0.017713567839195976,0.0027135678391959628,0.39698492462311563,-0.008015075376884395,-0.018015075376884404,0.4030769230769231,0.10814604750088619,0.16663884733485557,0.3734567901234568,0.3919597989949749,0.0962204506240476,0.16324527478796325,0.3535353535353535,0.38795986622073575,0.09246737874160382,0.14769290292818849,0.3557046979865772,25.0,13.0,13.0,37.0,15.0,15.0,44.0,13.0,12.0,-0.001291599509809408,-0.00024779407771767726,-2.0777334232677536e-05,0.013614326289627776,0.010481637601074567,0.012691803736551321,"[3.056640625, 9.4453125, 2.4296875, 1.0791015625, 0.80224609375, 9.9921875, 5.90625, 5.140625, 4.89453125, 6.75390625, 0.39111328125, 0.6533203125, 6.859375, 0.1590576171875, 1.0068359375, 11.125, 0.68408203125, 8.1640625, 4.015625, 3.8046875, 6.68359375, 2.220703125, 6.62890625, 0.0048675537109375, 1.609375, 7.390625, 4.08984375, 1.3349609375, 1.556640625, 1.431640625, 2.591796875, 4.578125, 2.294921875, 4.125, 1.220703125, 0.84375, 11.3515625, 0.023681640625, 6.94921875, 2.6640625, 4.82421875, 4.05859375, 0.0158843994140625, 3.69921875, 5.07421875, 0.619140625, 1.8564453125, 6.32421875, 7.03125, 1.1220703125, 1.56640625, 5.98828125, 0.7021484375, 2.21875, 2.857421875, 1.4287109375, 2.60546875, 4.4765625, 5.90625, 4.40625, 2.447265625, 2.23828125, 6.14453125, 0.17431640625, 5.82421875, 7.46484375, 0.031982421875, 1.8642578125, 0.01806640625, 2.3828125, 1.7880859375, 6.8359375, 8.65625, 0.06292724609375, 0.0999755859375, 7.91796875, 0.0215606689453125, 7.3046875, 1.8388671875, 7.46875, 0.005435943603515625, 6.90234375, 0.00959014892578125, 2.3046875, 2.607421875, 0.6455078125, 6.953125, 1.9951171875, 4.78515625, 4.7734375, 0.003536224365234375, 0.148681640625, 3.056640625, 6.10546875, 1.359375, 3.48046875, 0.91845703125, 7.53125, 3.01953125, 1.806640625, 2.775390625, 0.931640625, 12.2578125, 2.671875, 1.158203125, 2.669921875, 2.1875, 2.078125, 2.173828125, 0.724609375, 0.5302734375, 1.7236328125, 6.37890625, 1.705078125, 2.322265625, 5.65625, 7.04296875, 0.921875, 0.00032639503479003906, 2.66796875, 0.0018243789672851562, 0.736328125, 0.01296234130859375, 0.5400390625, 0.0202484130859375, 0.84130859375, 4.26171875, 0.7177734375, 1.3349609375, 3.21484375, 2.171875, 0.347412109375, 0.0343017578125, 10.2265625, 0.51904296875, 0.60693359375, 1.0283203125, 5.6015625, 0.046661376953125, 0.0030193328857421875, 0.00014603137969970703, 0.258544921875, 3.658203125, 0.1156005859375, 5.13671875, 5.21875, 3.0234375, 0.00931549072265625, 0.004482269287109375, 0.03509521484375, 0.08074951171875, 0.66943359375, 0.06817626953125, 0.0003204345703125, 0.436279296875, 0.029144287109375, 2.46484375, 0.436279296875, 0.027618408203125, 7.609375, 5.66796875, 7.70703125, 2.38671875, 0.505859375, 1.21875, 0.22705078125, 6.0703125, 0.482177734375, 5.29296875, 9.3203125, 5.41796875, 0.9375, 4.94921875, 4.17578125, 0.75634765625, 0.09796142578125, 8.921875, 3.6640625, 4.421875, 0.71923828125, 5.1953125, 4.74609375, 6.03125, 6.484375, 6.546875, 4.49609375, 2.80078125, 4.23828125, 1.3369140625, 0.0404052734375, 4.9453125, 3.451171875, 5.453125, 1.5068359375, 0.17236328125, 0.50927734375, 0.7080078125, 0.056243896484375, 0.005649566650390625, 0.7265625, 0.0003859996795654297, 0.00372314453125, 0.001232147216796875, 6.9765625, 6.88671875, 8.78125, 0.18212890625, 0.80859375, 1.95703125, 4.1953125, 7.2734375, 1.150390625, 8.578125, 13.1875, 14.140625, 4.5546875, 0.01335906982421875, 2.830078125, 0.00658416748046875, 0.239501953125, 3.802734375, 3.779296875, 0.08148193359375, 3.412109375, 0.1611328125, 0.00319671630859375, 0.01397705078125, 0.00023293495178222656, 10.75, 0.0098419189453125, 0.0953369140625, 0.01139068603515625, 4.15234375, 0.01666259765625, 0.02490234375, 2.5390625, 6.0546875, 0.065185546875, 0.5166015625, 1.33984375, 0.176513671875, 0.0014095306396484375, 0.0009946823120117188, 0.0004763603210449219, 0.8740234375, 0.001438140869140625, 0.0330810546875, 6.046875, 2.2109375, 2.25, 2.083984375, 0.005306243896484375, 0.000213623046875, 0.0021915435791015625, 0.03216552734375, 1.853515625, 4.89453125, 0.0176544189453125, 0.1651611328125, 1.888671875, 0.07037353515625, 0.059234619140625, 3.017578125, 1.10546875, 4.40625, 4.0859375, 8.5859375, 0.280517578125, 3.41796875, 0.56103515625, 5.09765625, 0.08905029296875, 1.3447265625, 0.92822265625, 0.0019197463989257812, 0.1629638671875, 0.0018758773803710938, 0.3193359375, 5.859375, 3.767578125, 1.345703125, 5.70703125, 2.01953125, 7.2421875, 0.06005859375, 6.171875, 0.5859375, 5.03125, 1.4541015625, 0.837890625, 2.658203125, 5.5546875, 14.1328125, 3.3671875, 0.89208984375, 4.44921875, 11.109375, 8.7265625, 0.16357421875, 4.1640625, 7.38671875, 0.513671875, 0.11090087890625, 0.5361328125, 3.29296875, 11.546875, 1.65234375, 0.61474609375, 1.06640625, 5.12890625, 0.12188720703125, 4.2265625, 0.01241302490234375, 4.80859375, 0.138671875, 2.78125, 6.76953125, 5.15234375, 6.953125, 3.400390625, 7.97265625, 0.9443359375, 7.3125, 3.40234375, 4.75390625]",-1.7858286553162794
489,1,test,2.843234090188562,1.1675511234574367,1.5446278780004903,4.759598917496271,1.954490867461788,2.5857206768290144,17.17120907291159,11.828766458960498,13.507023063851868,28.74475527623967,19.801459270506562,22.610875613496518,2.96204344711112,1.2163262977805602,1.7417612773774198,4.9584868277631085,2.0361409390159158,2.9157237242441387,19.337446458634926,13.607437184027006,15.949302828296583,32.37105574573248,22.778969735375604,26.69927345706036,2.668786401334016,1.16086408470161,1.6104802267056872,4.467571949369719,1.943296705667894,2.69595808875842,14.422455494903398,9.905120050209453,11.540969375822677,24.143317568560754,16.581258233830802,19.31968441767673,0.6281407035175879,-0.0018592964824121205,-0.0018592964824121205,0.4773869346733668,-0.0026130653266331905,0.007386934673366818,0.38190954773869346,-0.018090452261306567,-0.013090452261306562,0.4063324538258575,0.10461967385220794,0.1463129034837265,0.3650793650793651,0.38190954773869346,0.09619526202440776,0.1365005327136517,0.3282828282828283,0.3812709030100334,0.10414235543073458,0.15768914550169078,0.3221476510067114,25.0,15.0,14.0,35.0,15.0,15.0,42.0,15.0,14.0,-0.0009598579228327839,-1.1380388618561972e-06,-0.00031129082738122054,0.017046216955350246,0.015502389624438173,0.016332030599058633,"[3.056640625, 9.4453125, 2.4296875, 1.0791015625, 0.80224609375, 8.9921875, 5.87109375, 7.296875, 5.01953125, 0.106689453125, 2.271484375, 2.013671875, 8.515625, 2.37109375, 1.8193359375, 7.1875, 4.328125, 4.75, 3.400390625, 7.8046875, 8.53125, 1.873046875, 9.328125, 6.015625, 1.0634765625, 4.28125, 3.013671875, 4.25, 1.2041015625, 3.501953125, 5.64453125, 1.8134765625, 1.744140625, 0.033050537109375, 8.875, 1.3271484375, 5.7109375, 9.5625, 1.6640625, 0.98974609375, 6.3828125, 1.7060546875, 3.013671875, 0.93603515625, 6.13671875, 1.8857421875, 6.39453125, 2.91015625, 1.126953125, 6.5, 0.301513671875, 5.67578125, 2.3984375, 8.34375, 0.130126953125, 0.313232421875, 0.83642578125, 0.6806640625, 2.482421875, 1.3447265625, 4.99609375, 0.0157318115234375, 7.18359375, 3.271484375, 9.2421875, 0.248779296875, 6.8515625, 0.005779266357421875, 0.2244873046875, 0.109130859375, 12.375, 1.4130859375, 3.57421875, 3.265625, 1.61328125, 7.25, 3.654296875, 8.1171875, 3.841796875, 4.8125, 9.4609375, 0.1605224609375, 9.46875, 1.3671875, 2.498046875, 5.73828125, 0.4306640625, 0.037017822265625, 0.2763671875, 0.053802490234375, 0.5595703125, 1.93359375, 5.21875, 2.38671875, 3.201171875, 2.177734375, 5.9296875, 0.0030155181884765625, 0.1612548828125, 0.0005464553833007812, 0.004047393798828125, 0.0016498565673828125, 1.7060546875, 0.001617431640625, 0.0123748779296875, 5.0078125, 3.71875, 0.474609375, 7.8046875, 6.52734375, 2.560546875, 0.07659912109375, 1.337890625, 5.59375, 3.6953125, 0.6123046875, 0.01178741455078125, 4.2578125, 5.53125, 11.0, 1.65234375, 0.51953125, 0.369140625, 0.7109375, 1.5107421875, 1.54296875, 9.15625, 0.58203125, 4.78125, 10.1875, 4.94140625, 0.599609375, 1.4833984375, 0.06365966796875, 0.0058441162109375, 1.572265625, 0.06146240234375, 0.01415252685546875, 1.826171875, 0.1470947265625, 0.044403076171875, 6.10546875, 3.125, 0.014190673828125, 0.125, 0.6142578125, 8.3359375, 0.525390625, 0.3154296875, 6.234375, 0.387451171875, 0.003887176513671875, 0.0092926025390625, 3.130859375, 2.69921875, 6.12109375, 0.472412109375, 7.87109375, 7.57421875, 7.06640625, 1.3046875, 1.31640625, 1.703125, 0.03228759765625, 0.0006666183471679688, 0.023651123046875, 4.34765625, 0.0005121231079101562, 0.0189361572265625, 0.6064453125, 0.1778564453125, 0.005451202392578125, 1.5283203125, 5.34375, 7.7421875, 4.0703125, 7.65625, 2.296875, 0.9853515625, 0.140869140625, 0.771484375, 1.2060546875, 0.50341796875, 0.72705078125, 9.015625, 0.0168304443359375, 0.01158905029296875, 0.0004260540008544922, 0.040557861328125, 1.6552734375, 0.00847625732421875, 0.0014801025390625, 0.00946044921875, 0.572265625, 4.38671875, 2.2890625, 6.625, 0.56884765625, 3.302734375, 0.85888671875, 6.5703125, 5.34765625, 3.583984375, 10.2421875, 1.21484375, 5.9453125, 3.470703125, 7.85546875, 2.091796875, 2.025390625, 0.8154296875, 0.406005859375, 0.168701171875, 0.07806396484375, 0.010986328125, 0.0003228187561035156, 0.108154296875, 1.8779296875, 0.0002543926239013672, 0.021453857421875, 0.275146484375, 0.36962890625, 0.0018930435180664062, 0.515625, 3.115234375, 5.5, 0.7314453125, 3.6328125, 4.1875, 7.27734375, 5.95703125, 4.0625, 5.02734375, 5.62890625, 0.87158203125, 0.72265625, 0.626953125, 4.10546875, 0.061798095703125, 0.720703125, 3.787109375, 0.1871337890625, 0.0699462890625, 0.00958251953125, 2.7890625, 0.0136566162109375, 0.00118255615234375, 0.016693115234375, 0.34228515625, 7.33203125, 2.31640625, 3.328125, 3.365234375, 1.3125, 0.090087890625, 3.33203125, 8.3515625, 0.206298828125, 6.015625, 0.5400390625, 7.546875, 0.85791015625, 0.09930419921875, 0.0037670135498046875, 0.0823974609375, 0.01250457763671875, 4.10546875, 0.2049560546875, 2.2109375, 0.0009965896606445312, 0.01174163818359375, 0.0035552978515625, 0.019439697265625, 6.5078125, 0.3251953125, 0.002475738525390625, 0.00548553466796875, 0.002124786376953125, 0.2154541015625, 0.00014770030975341797, 8.2421875, 0.1812744140625, 0.19873046875, 0.21337890625, 0.86376953125, 0.429443359375, 9.09375, 4.7109375, 0.427978515625, 0.100830078125, 0.00614166259765625, 0.0283203125, 0.0005273818969726562, 0.451416015625, 0.388671875, 0.0006318092346191406, 0.0013113021850585938, 0.00032019615173339844, 4.234375, 4.5, 7.6015625, 3.61328125, 7.19921875, 4.328125, 0.53759765625, 5.28125, 4.65625, 7.5546875, 0.129150390625, 6.55078125, 4.74609375, 2.0390625, 5.8984375, 5.296875, 2.169921875, 5.08984375, 6.91015625, 0.76416015625, 2.751953125, 8.515625, 0.70263671875, 5.21875, 0.0217742919921875, 5.98046875, 2.8671875, 4.06640625, 0.2880859375, 3.927734375, 0.38037109375, 0.048980712890625, 7.8046875, 10.7109375, 2.53515625, 0.1396484375, 5.12890625, 2.203125, 9.609375, 0.25732421875, 2.05859375, 4.6484375, 1.1416015625, 1.2294921875, 4.3671875, 6.62890625, 4.0078125, 8.3984375, 2.9609375, 0.52490234375, 6.69921875, 0.84375, 2.634765625, 3.611328125, 5.69921875, 2.587890625, 0.0027065277099609375, 0.010284423828125, 0.166748046875, 0.67578125, 7.1171875, 0.81884765625, 3.447265625, 4.78125, 5.8359375, 1.6650390625, 0.5087890625, 0.70654296875, 1.2607421875, 2.666015625, 1.37890625, 6.29296875, 4.0390625, 2.76953125, 3.201171875, 0.00201416015625, 2.654296875, 2.095703125, 1.0419921875, 5.46875, 6.5546875]",-1.5201406198944456
287,1,test,3.493155940429314,1.5848819934608496,2.1756924433395293,6.188492314217365,2.8077847661929867,3.8544674767805236,32.88958164937105,26.148138986417486,29.155643439202873,58.26734526771291,46.324172154949494,51.652281895377925,3.7877487105939855,1.6392862092091263,2.3136133053607963,6.710394320620209,2.904167543475427,4.098808757028078,44.15687837922356,35.585209048258854,39.78962014769205,78.22854379529113,63.04293207932278,70.49148754560258,3.493155940429314,1.5848819934608496,2.1756924433395293,6.188492314217365,2.8077847661929867,3.8544674767805236,32.88958164937105,26.148138986417486,29.155643439202873,58.26734526771291,46.324172154949494,51.652281895377925,0.8090452261306533,-0.0009547738693467256,-0.010954773869346734,0.6633165829145728,-0.011683417085427195,0.008316582914572823,0.5125628140703518,-0.00743718592964826,0.017562814070351762,0.40909090909090906,0.07924797715373633,0.14978858350951374,0.38245614035087716,0.4321608040201005,0.09381493935844631,0.16004060368621065,0.4242424242424242,0.40909090909090906,0.07924797715373633,0.14978858350951374,0.38245614035087716,25.0,10.0,12.0,39.0,14.0,14.0,46.0,11.0,12.0,-0.0011050712954633467,-0.00018125299764617286,-0.00012354880340748785,0.00029419353837489837,-0.00015400165618917327,-5.253467235455389e-06,"[3.0625, 9.453125, 2.48046875, 1.494140625, 1.81640625, 9.234375, 2.23046875, 9.2109375, 0.2406005859375, 0.141357421875, 6.95703125, 1.7880859375, 2.849609375, 2.357421875, 8.6875, 8.1875, 7.23046875, 8.171875, 1.365234375, 2.4921875, 4.08203125, 5.32421875, 1.119140625, 4.50390625, 0.5625, 2.912109375, 0.09228515625, 2.421875, 6.08203125, 9.6796875, 2.498046875, 1.197265625, 2.71484375, 0.5517578125, 2.14453125, 4.1796875, 1.1416015625, 5.8125, 3.458984375, 3.14453125, 3.060546875, 0.287109375, 6.05078125, 4.578125, 0.19873046875, 10.96875, 5.33984375, 5.29296875, 4.12890625, 4.41796875, 5.16796875, 4.05078125, 1.998046875, 7.96484375, 1.4453125, 4.59765625, 0.35009765625, 5.859375, 0.85400390625, 2.576171875, 2.623046875, 5.51171875, 11.359375, 0.0212554931640625, 6.53125, 4.09765625, 1.9970703125, 2.005859375, 5.48828125, 0.157958984375, 3.033203125, 2.109375, 0.43310546875, 5.56640625, 1.646484375, 5.16015625, 1.970703125, 7.64453125, 2.783203125, 0.990234375, 7.2578125, 1.505859375, 5.65625, 2.8515625, 9.796875, 5.12890625, 10.0703125, 0.6201171875, 4.35546875, 2.892578125, 2.69140625, 2.01953125, 0.219482421875, 0.0170135498046875, 7.5546875, 7.125, 4.984375, 1.9794921875, 7.453125, 1.181640625, 1.21484375, 0.446044921875, 1.57421875, 3.2578125, 12.3125, 3.53515625, 1.048828125, 6.9921875, 0.9404296875, 2.41015625, 10.984375, 0.10662841796875, 0.1812744140625, 6.46875, 0.97705078125, 2.54296875, 5.7421875, 2.45703125, 0.432861328125, 5.33203125, 7.8828125, 1.9287109375, 4.44921875, 9.875, 2.48828125, 4.515625, 0.214111328125, 4.59765625, 2.875, 1.1484375, 4.1875, 5.578125, 8.78125, 6.78515625, 0.84716796875, 1.53515625, 7.9140625, 2.564453125, 8.28125, 1.6318359375, 2.521484375, 5.2421875, 1.1259765625, 3.9921875, 5.2734375, 0.7744140625, 0.00677490234375, 11.96875, 2.5859375, 2.96875, 3.818359375, 2.6484375, 1.8369140625, 0.042816162109375, 0.32080078125, 3.361328125, 3.716796875, 3.5234375, 2.302734375, 2.990234375, 3.41796875, 0.006587982177734375, 3.982421875, 1.5625, 4.87109375, 6.49609375, 6.89453125, 2.609375, 1.703125, 5.57421875, 4.21875, 0.513671875, 5.80078125, 7.5625, 10.6953125, 4.83203125, 1.9755859375, 8.6484375, 0.2978515625, 3.80078125, 0.86962890625, 2.8984375, 3.546875, 5.48828125, 0.04986572265625, 1.1875, 5.68359375, 7.046875, 0.46337890625, 11.078125, 0.0115966796875, 1.19921875, 1.0576171875, 1.53515625, 6.7578125, 0.061981201171875, 7.3359375, 4.859375, 4.78515625, 2.765625, 0.841796875, 2.892578125, 8.6640625, 2.4296875, 8.1484375, 2.720703125, 1.11328125, 9.6015625, 0.0170745849609375, 1.068359375, 1.3515625, 3.265625, 1.1083984375, 2.2578125, 3.171875, 11.3359375, 0.99853515625, 2.40625, 0.027587890625, 6.765625, 0.1370849609375, 8.703125, 0.0953369140625, 2.173828125, 6.578125, 0.32470703125, 5.91796875, 2.931640625, 2.10546875, 3.41796875, 9.6171875, 0.2451171875, 7.4453125, 4.9375, 10.015625, 2.86328125, 5.6953125, 0.475341796875, 1.5166015625, 8.1875, 5.39453125, 3.578125, 0.0225372314453125, 0.164306640625, 0.0013027191162109375, 0.007350921630859375, 0.003719329833984375, 0.416259765625, 3.908203125, 0.447021484375, 4.44140625, 9.7734375, 2.125, 0.0030651092529296875, 0.455078125, 0.185546875, 2.591796875, 0.0677490234375, 8.875, 3.974609375, 0.154052734375, 0.003276824951171875, 0.46923828125, 0.043243408203125, 3.08984375, 0.045166015625, 5.69921875, 0.046295166015625, 9.265625, 0.042022705078125, 0.004180908203125, 2.44140625, 0.01580810546875, 0.004192352294921875, 0.003482818603515625, 0.015533447265625, 3.97265625, 0.6064453125, 0.003414154052734375, 0.0037136077880859375, 0.0003743171691894531, 0.1082763671875, 0.00019621849060058594, 7.37890625, 4.5234375, 0.135009765625]",-0.9714608350833811
12,1,test,3.2147121907799106,1.4454846746783705,2.006142346637045,5.08861477435011,2.288078756400436,3.1755519557320064,24.896125545465257,19.029805572564307,21.547433470750384,39.40843993377666,30.122556559586712,34.10774644867523,3.252923471843777,1.470431481644413,2.0267227871626154,5.1490999679939184,2.3275674206934176,3.2081290349558986,25.86584756824999,19.921195578027056,22.45759170061176,40.943427055270085,31.53355078933931,35.5484491743352,3.216965413013828,1.4533173289241954,2.0156823474385797,5.09218143266008,2.30047717895036,3.1906529620258928,24.95228529552114,19.11860491619978,21.627905711002718,39.49733602054854,30.263118334688087,34.23512713048169,0.6683417085427136,-0.0016582914572863539,-0.0016582914572863539,0.5728643216080402,0.007864321608040292,0.012864321608040186,0.42211055276381915,-0.0028894472361808976,0.007110552763819111,0.4012738853503185,0.08966816197988925,0.16610439382489472,0.35782747603833864,0.3869346733668342,0.07866399667510482,0.15321180191441353,0.33333333333333337,0.4013377926421404,0.1041758560812055,0.17108195282011596,0.3557046979865772,27.0,1.0,0.0,36.0,0.0,0.0,43.0,-1.0,0.0,-0.001110605042427892,-0.00040725737385870225,0.00011260866678165953,0.007119730987413142,0.0056169517939901326,0.006878427487252203,"[3.056640625, 9.4453125, 2.4296875, 1.0791015625, 3.802734375, 1.4775390625, 1.6845703125, 3.01171875, 0.443359375, 2.53515625, 0.386474609375, 6.98046875, 0.95068359375, 11.2890625, 2.484375, 3.908203125, 10.1484375, 8.484375, 4.93359375, 4.23046875, 9.84375, 0.2900390625, 1.9169921875, 2.60546875, 8.421875, 3.67578125, 0.045928955078125, 1.28515625, 1.771484375, 1.5400390625, 2.23046875, 6.6484375, 12.4609375, 2.640625, 6.04296875, 7.390625, 8.6796875, 6.6875, 2.88671875, 9.109375, 9.046875, 5.33203125, 8.0546875, 11.5625, 1.083984375, 2.6484375, 3.916015625, 0.0557861328125, 4.3671875, 6.453125, 11.640625, 0.7294921875, 6.40234375, 2.404296875, 3.75390625, 0.533203125, 0.99560546875, 3.82421875, 1.5615234375, 7.8125, 1.5283203125, 9.8984375, 5.46484375, 3.529296875, 0.0224151611328125, 2.369140625, 6.75390625, 3.6484375, 0.10479736328125, 2.291015625, 1.677734375, 4.359375, 1.31640625, 6.0703125, 5.0078125, 3.8046875, 0.7763671875, 5.015625, 0.063232421875, 7.9375, 2.94921875, 2.087890625, 5.80078125, 2.2578125, 2.916015625, 2.322265625, 0.003559112548828125, 0.393798828125, 5.66015625, 1.158203125, 0.470947265625, 0.1656494140625, 7.43359375, 0.75439453125, 0.51708984375, 6.12109375, 0.12939453125, 1.4169921875, 2.65234375, 4.71484375, 5.8671875, 3.783203125, 6.4296875, 3.73046875, 2.6953125, 1.8369140625, 7.1875, 5.6640625, 1.080078125, 0.248291015625, 2.212890625, 3.677734375, 10.21875, 0.453369140625, 1.7900390625, 3.384765625, 0.0018024444580078125, 2.1328125, 0.0101318359375, 1.603515625, 0.00452423095703125, 3.07421875, 2.931640625, 0.335693359375, 0.0511474609375, 6.73828125, 6.96875, 5.8359375, 2.3359375, 3.880859375, 7.6796875, 0.509765625, 6.34375, 0.375732421875, 0.0004019737243652344, 0.092041015625, 0.179443359375, 0.0103912353515625, 0.01416015625, 10.7109375, 12.640625, 8.0, 4.48046875, 0.8369140625, 3.00390625, 2.21484375, 3.078125, 0.0025787353515625, 0.060943603515625, 0.01123046875, 0.017303466796875, 4.26171875, 1.1513671875, 0.3125, 0.0027904510498046875, 0.027587890625, 0.0014410018920898438, 0.410400390625, 0.003856658935546875, 2.646484375, 0.00423431396484375, 0.0760498046875, 6.07421875, 0.8369140625, 0.005615234375, 0.0013303756713867188, 2.501953125, 3.70703125, 3.349609375, 0.71630859375, 2.947265625, 0.005863189697265625, 0.395263671875, 0.007297515869140625, 0.01654052734375, 4.88671875, 6.6484375, 0.0904541015625, 2.703125, 2.28515625, 0.0006632804870605469, 0.77001953125, 0.2275390625, 0.00373077392578125, 0.059478759765625, 0.00423431396484375, 5.4453125, 0.61376953125, 0.42529296875, 0.025665283203125, 4.8828125, 7.5625, 7.0703125, 3.544921875, 12.0546875, 0.189208984375, 4.89453125, 6.06640625, 0.004673004150390625, 0.58251953125, 5.2578125, 1.7939453125, 0.10791015625, 1.7060546875, 0.01641845703125, 0.54052734375, 0.74267578125, 0.342529296875, 0.13671875, 0.2225341796875, 0.06787109375, 0.00048232078552246094, 0.00464630126953125, 0.0027523040771484375, 0.0011444091796875, 2.30859375, 4.12109375, 0.1929931640625, 6.66015625, 0.032073974609375, 5.75390625, 0.2401123046875, 0.0986328125, 13.2265625, 0.332275390625, 5.76171875, 1.12109375, 5.6015625, 3.072265625, 4.42578125, 0.292724609375, 9.1328125, 0.70703125, 4.69921875, 6.640625, 0.265380859375, 6.81640625, 5.05859375, 5.671875, 10.2421875, 1.017578125, 1.2490234375, 2.212890625, 8.15625, 0.03857421875, 1.7392578125, 0.17822265625, 4.39453125, 5.51171875, 3.564453125, 1.171875, 6.26171875, 6.18359375, 0.19189453125, 5.4609375, 0.69580078125, 2.34765625, 6.2578125, 7.1015625, 0.075927734375, 2.921875, 3.556640625, 1.283203125, 5.8359375, 1.9912109375, 3.71875, 1.5126953125, 2.3671875, 2.568359375, 4.58984375, 1.09375, 3.02734375, 7.87109375, 1.369140625, 5.6171875, 0.207763671875, 12.5390625, 1.640625, 6.2421875, 4.1328125, 4.46875, 2.970703125, 2.677734375, 0.0004620552062988281, 0.0004935264587402344, 0.71875, 2.98828125, 4.453125, 1.7900390625, 0.345703125, 3.466796875, 7.69921875, 2.953125, 3.0859375, 0.002685546875, 6.19921875, 6.20703125, 4.37109375, 5.015625, 1.197265625, 0.5654296875, 0.0004949569702148438, 8.8828125, 2.513671875, 7.65234375, 2.259765625, 1.8408203125, 1.7265625, 8.578125, 1.15625, 5.71484375, 0.353515625, 2.84765625, 3.783203125]",-1.619815778580441
297,1,test,3.1178462505340576,1.3778947579315286,1.7682821271706186,5.452671753217096,2.409742887158792,3.0924751356454196,22.59765750159028,16.900590435517497,18.741912966179513,39.520104215109946,29.556740350699556,32.77695281299887,3.7460967116619472,1.6537444023393508,2.318638498414626,6.551392879299205,2.8921648680181344,4.0549705246246655,42.35543345390346,34.25147768236593,38.187342137040346,74.07365759289966,59.90098608377238,66.7842558834998,3.3866713142713976,1.5262662795390567,2.116948143017111,5.922808736830801,2.6692236760888526,3.702242642810747,29.567367807795414,23.141028672874214,26.007500855359527,51.70914096066504,40.470383478131616,45.483437568962096,0.7437185929648241,-0.0012814070351758744,-0.0012814070351758744,0.6080402010050252,-0.01195979899497479,-0.001959798994974782,0.4974874371859297,-0.007512562814070312,-0.012512562814070316,0.4136125654450262,0.12472367655613736,0.16630073748803698,0.34908136482939633,0.4120603015075377,0.09125829649500639,0.15663459199167795,0.3737373737373737,0.4180602006688964,0.12089826410796145,0.18446731969003094,0.3557046979865772,24.0,2.0,3.0,36.0,2.0,2.0,44.0,4.0,1.0,-0.0007424119666824615,-0.0009922746449863586,-0.0003262643595847864,0.016364774636488555,0.02496805835636806,0.0203005855768863,"[3.056640625, 9.4453125, 2.4296875, 1.0791015625, 12.8046875, 6.1484375, 9.84375, 2.43359375, 3.595703125, 1.7880859375, 4.73828125, 3.91796875, 8.6875, 7.69921875, 10.6328125, 2.34375, 0.0369873046875, 7.94921875, 0.479248046875, 5.99609375, 3.2265625, 8.296875, 0.27294921875, 1.75, 0.04150390625, 0.028045654296875, 0.4296875, 1.8251953125, 0.880859375, 5.2109375, 2.75, 2.31640625, 3.548828125, 7.62890625, 2.08203125, 11.046875, 10.234375, 0.7607421875, 0.03564453125, 9.6953125, 1.89453125, 0.9599609375, 6.1484375, 0.92431640625, 1.09765625, 8.546875, 6.01953125, 2.80859375, 4.2265625, 0.11669921875, 1.103515625, 3.857421875, 0.9453125, 4.48828125, 0.464111328125, 2.455078125, 1.806640625, 2.599609375, 4.9453125, 0.03717041015625, 3.759765625, 3.1171875, 8.671875, 4.15234375, 3.85546875, 4.62890625, 11.0, 0.0237274169921875, 1.103515625, 0.005397796630859375, 0.0275421142578125, 3.748046875, 3.625, 6.2421875, 3.322265625, 6.2578125, 4.5, 3.984375, 0.87890625, 3.857421875, 8.6796875, 4.94140625, 9.7109375, 0.052032470703125, 3.78125, 2.796875, 2.1171875, 8.1640625, 4.59375, 1.3740234375, 5.296875, 3.41796875, 0.72314453125, 2.251953125, 5.69921875, 1.150390625, 0.16015625, 2.919921875, 0.822265625, 2.0390625, 11.8671875, 11.90625, 7.73046875, 1.0634765625, 5.42578125, 4.71484375, 6.26171875, 0.74609375, 1.1259765625, 6.5390625, 6.5, 1.3583984375, 0.452392578125, 8.8984375, 1.1875, 6.62890625, 3.05078125, 0.78466796875, 9.7578125, 0.32763671875, 0.007167816162109375, 0.0020008087158203125, 0.08612060546875, 0.04986572265625, 0.004848480224609375, 6.6640625, 5.1171875, 9.7421875, 0.744140625, 2.572265625, 3.568359375, 7.44140625, 7.94140625, 3.626953125, 6.1640625, 0.468017578125, 1.4052734375, 3.673828125, 3.1640625, 7.1015625, 12.0234375, 0.28759765625, 9.0625, 0.41796875, 0.457763671875, 9.7265625, 0.4482421875, 4.71875, 5.90625, 1.8642578125, 0.69482421875, 3.880859375, 4.671875, 0.4267578125, 6.6484375, 2.412109375, 2.728515625, 2.369140625, 14.25, 1.119140625, 2.771484375, 2.0078125, 3.376953125, 4.0234375, 6.94140625, 7.453125, 1.3583984375, 0.468994140625, 8.796875, 1.7333984375, 1.30859375, 1.6513671875, 1.0166015625, 7.359375, 4.00390625, 2.76171875, 0.0035228729248046875, 3.05078125, 0.01158905029296875, 0.60595703125, 0.007503509521484375, 0.1458740234375, 5.7890625, 0.68701171875, 0.10113525390625, 0.921875, 1.4384765625, 0.29736328125, 5.80859375, 0.0219573974609375, 4.5, 3.78515625, 1.1025390625, 0.1370849609375, 7.4921875, 0.2000732421875, 5.63671875, 2.39453125, 4.87890625, 0.362548828125, 6.3828125, 5.765625, 5.38671875, 0.2052001953125, 8.484375, 3.732421875, 0.496337890625, 0.0181884765625, 3.390625, 0.0039005279541015625, 0.0232086181640625, 0.0322265625, 9.7421875, 2.1796875, 4.24609375, 1.064453125, 0.36865234375, 6.359375, 4.25, 3.5625, 3.0078125, 6.43359375, 2.9921875, 0.320068359375, 11.015625, 0.0012941360473632812, 0.0003876686096191406, 0.00403594970703125, 0.2322998046875, 0.00524139404296875, 0.71044921875, 0.005306243896484375, 3.998046875, 0.0160980224609375, 0.01593017578125, 9.03125, 7.47265625, 0.402587890625, 1.87109375, 6.54296875, 4.734375, 0.17822265625, 1.3193359375, 5.515625, 13.1953125, 9.65625, 0.8291015625, 4.3515625, 0.06597900390625, 0.444091796875, 9.015625, 5.41796875, 0.81494140625, 0.98046875, 0.0090789794921875, 0.021514892578125, 0.293212890625, 6.1015625, 7.75, 1.2919921875, 1.5771484375, 8.1875, 5.33203125, 5.546875, 2.21484375, 0.022857666015625, 1.33984375, 0.00557708740234375, 4.6640625, 0.00814056396484375, 0.55419921875, 0.367919921875, 3.91796875, 0.0256500244140625, 0.11639404296875, 0.0307159423828125, 4.046875, 0.083984375, 3.140625, 2.4296875, 3.84765625, 4.0546875, 0.39599609375, 12.3828125, 0.96728515625, 0.0001690387725830078, 0.00379180908203125, 0.1346435546875, 0.004131317138671875, 0.1502685546875, 0.005645751953125, 0.00450897216796875, 0.00040841102600097656, 0.372802734375, 3.318359375, 0.27294921875, 5.3984375, 0.07037353515625, 7.37109375, 0.67578125, 0.0039005279541015625, 0.395751953125, 0.09356689453125, 3.109375, 0.030975341796875, 3.767578125, 0.03802490234375, 5.27734375, 6.4453125, 0.66748046875, 0.003887176513671875, 0.1944580078125, 0.03179931640625, 2.466796875, 0.010528564453125, 8.375, 4.03515625, 2.216796875, 6.43359375, 0.1510009765625, 1.7958984375, 0.09429931640625, 0.0007410049438476562, 0.78955078125, 0.023101806640625, 2.16015625, 0.011260986328125, 3.953125, 0.0136566162109375, 7.3046875, 6.2265625, 0.291748046875, 0.0167083740234375, 0.0020656585693359375, 0.45166015625, 0.01611328125, 2.314453125, 0.007686614990234375, 3.720703125, 0.02496337890625, 7.40625, 4.36328125, 1.2978515625, 0.0163726806640625, 0.0296630859375, 0.000614166259765625, 0.431396484375, 0.01174163818359375, 2.9296875, 0.00861358642578125, 3.017578125, 0.00891876220703125, 6.7578125, 0.035247802734375, 0.0027103424072265625, 0.43115234375, 0.0096435546875, 3.623046875, 0.029815673828125, 9.609375, 0.028961181640625, 0.007213592529296875, 1.373046875, 0.0004887580871582031, 11.28125, 8.0390625, 3.896484375, 4.484375, 2.3125, 0.052032470703125, 4.50390625, 8.84375, 0.1229248046875, 1.4990234375, 0.005157470703125, 8.3671875, 0.05517578125, 5.18359375, 0.70556640625, 3.265625, 2.724609375, 0.004238128662109375]",-1.9709136486053467
450,1,test,3.16787285929762,1.41862011481902,1.961931245891269,5.622449842991802,2.5178158329238234,3.4821031384030463,23.756896310453424,18.006592186812284,20.416993815594896,42.16455769007627,31.95871990771981,36.2367837256916,3.471286801237557,1.5335349218681509,2.1173701223551555,6.160959355838842,2.721770589805724,3.757981409213123,32.17812266305019,25.234998232278407,28.305559209396893,57.11084022316192,44.787943882454385,50.237681245817,3.144809111673734,1.398576885043496,1.93540047496896,5.581515509460666,2.482242418487794,3.43501541252769,23.215243531313263,17.48228209877155,19.863741420239954,41.20321368471493,31.028156307753477,35.25485232201528,0.7437185929648241,0.008718592964824134,0.013718592964824139,0.6080402010050252,0.013040201005025231,0.018040201005025125,0.46733668341708545,-0.01266331658291453,-0.0076633165829145256,0.40074906367041196,0.10542196086667366,0.1678723513416448,0.3721804511278195,0.4170854271356784,0.10129595345146791,0.16499861578342467,0.4040404040404041,0.38576779026217234,0.08857152857992934,0.15164574792095187,0.368421052631579,22.0,3.0,3.0,35.0,7.0,5.0,41.0,3.0,1.0,-0.0006474666251817381,-0.0007507686345025476,-0.00010152626027297963,0.00016252502302549487,-0.00022759863213561715,-7.184004964067014e-05,"[3.068359375, 9.421875, 2.39453125, 1.125, 0.90966796875, 4.9921875, 0.755859375, 4.4609375, 0.1424560546875, 6.28125, 5.53125, 2.482421875, 15.2578125, 5.69921875, 7.015625, 6.265625, 0.798828125, 4.8828125, 4.53125, 2.130859375, 0.18701171875, 2.390625, 0.95751953125, 12.0234375, 2.044921875, 6.93359375, 3.5, 3.677734375, 2.669921875, 5.65234375, 3.3359375, 1.6435546875, 1.1552734375, 8.3828125, 0.79052734375, 3.76953125, 5.87109375, 1.517578125, 7.00390625, 9.765625, 3.681640625, 4.80078125, 0.3515625, 5.90625, 2.3359375, 1.2548828125, 1.5654296875, 0.0033283233642578125, 0.006771087646484375, 0.3818359375, 0.404541015625, 9.4921875, 5.0546875, 0.08380126953125, 1.5087890625, 1.57421875, 6.05078125, 0.4970703125, 4.31640625, 0.02471923828125, 3.646484375, 0.79052734375, 3.19921875, 0.7080078125, 9.65625, 9.8984375, 1.1318359375, 2.580078125, 0.63525390625, 1.908203125, 0.0693359375, 2.017578125, 9.6640625, 5.90625, 1.3681640625, 2.423828125, 1.29296875, 0.5283203125, 3.119140625, 0.56298828125, 0.81396484375, 12.40625, 2.6796875, 10.1015625, 0.01702880859375, 3.91015625, 12.1015625, 2.83984375, 9.609375, 3.826171875, 6.3046875, 2.2109375, 7.3671875, 0.07904052734375, 1.6689453125, 1.984375, 0.023681640625, 3.087890625, 6.30859375, 7.921875, 0.6982421875, 8.84375, 0.01611328125, 0.2279052734375, 1.2880859375, 6.59375, 1.078125, 0.9892578125, 2.080078125, 2.0234375, 2.2578125, 0.744140625, 6.94921875, 4.265625, 6.05859375, 0.990234375, 0.367431640625, 2.982421875, 0.5205078125, 3.62890625, 7.99609375, 3.689453125, 6.5078125, 0.016021728515625, 8.9921875, 5.97265625, 4.828125, 3.009765625, 3.7109375, 5.375, 3.958984375, 3.91015625, 4.140625, 0.13623046875, 1.3916015625, 2.453125, 0.83251953125, 3.958984375, 0.505859375, 1.98046875, 1.2412109375, 4.2265625, 0.501953125, 7.6484375, 0.021636962890625, 8.7109375, 3.951171875, 1.3896484375, 9.515625, 6.3203125, 5.00390625, 7.8046875, 2.83203125, 0.63525390625, 1.6982421875, 0.0689697265625, 0.25927734375, 1.9873046875, 2.404296875, 1.0908203125, 8.9375, 2.5859375, 0.493408203125, 9.65625, 0.0443115234375, 5.828125, 1.8837890625, 0.24072265625, 0.85205078125, 5.11328125, 0.163330078125, 3.876953125, 2.478515625, 0.1019287109375, 3.2109375, 4.984375, 1.1640625, 7.98046875, 3.80859375, 5.64453125, 3.638671875, 0.004764556884765625, 0.131103515625, 0.0003108978271484375, 0.0022144317626953125, 0.0014276504516601562, 8.421875, 0.051177978515625, 5.625, 6.5078125, 3.853515625, 5.13671875, 5.46484375, 2.41015625, 5.7734375, 2.21875, 6.04296875, 2.849609375, 0.07147216796875, 2.369140625, 0.0017690658569335938, 0.032867431640625, 0.0018100738525390625, 0.013885498046875, 4.36328125, 0.06304931640625, 0.1427001953125, 0.0003466606140136719, 0.00719451904296875, 0.00018286705017089844, 2.287109375, 0.0096588134765625, 0.376220703125, 2.37890625, 4.6015625, 0.03887939453125, 3.43359375, 0.47607421875, 0.0004096031188964844, 0.017333984375, 0.00031495094299316406, 2.546875, 0.0008845329284667969, 0.027313232421875, 6.796875, 0.342529296875, 0.0809326171875, 9.109375, 1.4169921875, 7.28125, 0.5068359375, 0.13671875, 7.15234375, 3.826171875, 3.419921875, 0.0057220458984375, 0.01084136962890625, 5.87109375, 8.4453125, 1.2490234375, 3.01953125, 2.345703125, 10.2578125, 1.0439453125, 0.89794921875, 8.40625, 0.331787109375, 0.0012102127075195312, 0.0229034423828125, 0.0013952255249023438, 8.5546875, 0.9462890625, 2.6015625, 0.146240234375, 1.23046875, 0.1580810546875, 0.0011911392211914062, 0.0004734992980957031, 0.00017309188842773438, 6.30078125, 0.09930419921875, 0.70947265625, 10.7421875, 0.0982666015625, 3.103515625, 6.66015625, 1.673828125]",-1.5510035025493036
215,1,test,3.3801037489243275,1.4253686073902558,1.9797734342232551,5.6750162942466345,2.393118872407851,3.3239353974590444,29.373818457275707,22.311770124585443,25.31727877701486,49.31709519932079,37.460287735488194,42.50637857825126,3.6810552432908485,1.5256146313439967,2.1302678260509924,6.180298013735688,2.5614266705196576,3.5766075605803502,39.68825274558167,31.056560177496422,34.97307120914385,66.63448750442396,52.14232998221767,58.71794587219414,3.419007613906095,1.456216477715327,2.0209466069431734,5.740333835979181,2.444910823111523,3.3930629874466964,30.539093406547266,23.419923473497683,26.49174882597147,51.273530508887255,39.32081888445137,44.478251976236315,0.7185929648241206,-0.006407035175879372,-0.01640703517587938,0.5527638190954773,-0.017236180904522724,-0.012236180904522609,0.49246231155778897,0.007462311557788981,0.012462311557788985,0.4088050314465409,0.09797300632880146,0.1472987552959133,0.4006309148264984,0.40201005025125625,0.09875190488784769,0.1415759934899875,0.4191919191919192,0.4147157190635451,0.10085929168458019,0.15220181472539163,0.4093959731543624,21.0,7.0,8.0,33.0,7.0,7.0,39.0,7.0,7.0,-0.0003745344901426037,-0.00013915373653893313,-0.00024438750198947835,0.004243523572720953,0.005214444313834221,0.004920947473500803,"[3.0625, 6.44921875, 0.0345458984375, 0.00528717041015625, 0.01554107666015625, 0.64697265625, 9.7421875, 4.40625, 1.578125, 0.3876953125, 8.8203125, 7.859375, 6.6796875, 2.306640625, 3.322265625, 0.01280975341796875, 0.994140625, 0.005458831787109375, 1.3984375, 10.3359375, 1.880859375, 1.2744140625, 0.27685546875, 7.7109375, 2.435546875, 0.8974609375, 1.3896484375, 7.36328125, 0.0185699462890625, 6.0625, 7.31640625, 3.970703125, 2.154296875, 1.44921875, 4.62109375, 1.96484375, 6.33203125, 1.4189453125, 0.10040283203125, 0.002300262451171875, 0.212890625, 0.4482421875, 0.003231048583984375, 9.71875, 12.53125, 7.63671875, 15.15625, 1.4384765625, 7.1015625, 1.6826171875, 7.796287536621094e-05, 0.007381439208984375, 0.0007243156433105469, 0.82568359375, 0.33642578125, 0.00432586669921875, 0.0006365776062011719, 0.00015294551849365234, 6.484375, 3.494140625, 0.1077880859375, 0.60791015625, 5.875, 3.177734375, 0.11468505859375, 0.0780029296875, 1.056640625, 6.20703125, 5.33203125, 0.93798828125, 4.01953125, 10.328125, 6.8046875, 4.64453125, 0.82080078125, 9.7734375, 2.5703125, 1.248046875, 10.1484375, 5.2265625, 8.0390625, 4.13671875, 1.1083984375, 2.958984375, 2.00390625, 0.8408203125, 3.763671875, 1.189453125, 8.9453125, 1.0947265625, 6.7421875, 6.1796875, 0.3505859375, 3.50390625, 4.7890625, 0.345458984375, 3.216796875, 5.4765625, 2.623046875, 9.09375, 5.6875, 8.3828125, 2.28515625, 0.4794921875, 1.8359375, 6.82421875, 0.6865234375, 5.78125, 0.7392578125, 2.181640625, 5.1484375, 0.70556640625, 3.240234375, 7.3984375, 0.10125732421875, 0.30419921875, 1.9462890625, 7.625, 1.544921875, 3.37109375, 5.8359375, 5.40625, 2.74609375, 5.29296875, 4.0703125, 8.640625, 0.11279296875, 0.8798828125, 4.2421875, 8.234375, 3.27734375, 1.1826171875, 0.955078125, 9.1953125, 0.7548828125, 1.5830078125, 7.6953125, 0.00806427001953125, 7.76953125, 2.353515625, 2.58984375, 1.48828125, 7.8984375, 5.44921875, 1.0380859375, 6.67578125, 7.70703125, 0.5263671875, 1.482421875, 0.6005859375, 5.44140625, 7.53125, 2.87890625, 0.011962890625, 5.17578125, 0.3095703125, 0.019683837890625, 1.619140625, 3.337890625, 2.642578125, 6.5625, 4.9375, 2.3125, 3.5859375, 7.40234375, 0.1580810546875, 1.919921875, 3.33203125, 0.06500244140625, 9.90625, 6.640625, 2.123046875, 3.287109375, 4.94921875, 12.4296875, 0.92431640625, 2.158203125, 10.046875, 0.08380126953125, 8.40625, 8.9765625, 1.27734375, 9.984375, 3.490234375, 0.5751953125, 1.9541015625, 5.66015625, 3.8515625, 6.765625, 1.8447265625, 11.75, 1.1142578125, 3.3515625, 1.6962890625, 0.650390625, 4.46484375, 0.93603515625, 7.2578125, 3.060546875, 2.154296875, 2.0703125, 6.9453125, 7.23046875, 5.47265625, 7.60546875, 3.119140625, 1.0712890625, 3.970703125, 2.37109375, 0.002201080322265625, 7.01953125, 5.26171875, 1.443359375, 0.0005469322204589844, 5.953125, 2.28515625, 1.1865234375, 1.1669921875, 0.00023293495178222656, 4.94921875, 7.8515625, 0.94677734375, 0.58251953125, 0.0063323974609375, 0.1993408203125, 4.98046875, 5.7265625, 3.69921875, 1.8740234375, 3.89453125, 0.338623046875, 5.34765625, 2.12890625, 0.292236328125, 0.0919189453125, 0.2344970703125, 1.748046875, 2.083984375, 2.326171875, 0.0281219482421875, 1.734375, 7.97265625, 5.2734375, 3.75390625, 4.2109375, 2.537109375, 11.5859375, 7.984375, 4.453125, 4.33203125, 4.515625, 2.642578125, 4.1640625, 0.09259033203125, 5.0, 1.4345703125, 4.30078125, 8.5546875, 2.861328125, 0.3564453125, 0.025848388671875, 0.53857421875, 2.94140625, 1.4970703125, 7.80078125, 3.90234375, 2.99609375, 1.94140625, 4.01171875, 0.205078125, 0.87646484375, 6.26953125, 0.0115966796875, 0.0002837181091308594, 1.728515625, 0.002613067626953125, 0.0013570785522460938, 0.471435546875, 5.14453125, 0.8125, 0.0753173828125, 2.068359375, 0.783203125, 6.32421875, 4.79296875, 0.0576171875, 3.44921875, 0.73583984375, 1.7607421875, 7.52734375, 0.0056915283203125, 1.267578125, 0.68896484375, 0.0288543701171875, 4.21875, 5.96875, 0.904296875, 4.3511390686035156e-05, 6.93359375, 3.41796875, 0.8486328125, 0.00010454654693603516, 2.21484375, 11.625, 1.478515625, 0.81005859375, 3.66796875, 6.625, 0.9765625, 2.927734375, 0.75390625, 0.007396697998046875, 9.5078125, 0.09735107421875, 0.5673828125, 1.4521484375, 3.9453125, 1.666015625]",-1.2873338044814342
241,1,test,3.4314915181891235,1.5012537659794383,2.0969008559489817,5.6990853284544505,2.4933103481763768,3.4825721818100046,30.922730185537745,24.031581752938816,27.124289402631366,51.35704896311532,39.91210068909137,45.04852742893162,3.430990372470875,1.4411905192152996,2.033091329487987,5.698253016267419,2.3935561839599133,3.376596126167184,30.90723727413607,23.593167545577074,26.860548164514334,51.33131804593359,39.18397416926251,44.610501045158315,3.430758075242329,1.5045237576175285,2.0967130828088774,5.697867212683166,2.498741211481743,3.4822603246650354,30.900058442418903,24.036443121504966,27.10368978855971,51.31939530787701,39.920174540979005,45.014315204391565,0.7085427135678393,-0.01645728643216071,-0.011457286432160707,0.592964824120603,0.002964824120602949,0.007964824120603065,0.4824120603015075,0.007412060301507539,0.002412060301507535,0.42756183745583043,0.12068353057752357,0.1831435060809773,0.4148936170212766,0.42211055276381915,0.09880228208712738,0.1666848432479594,0.3939393939393939,0.431095406360424,0.12068976262144693,0.17845145806430174,0.4148936170212766,26.0,15.0,16.0,39.0,19.0,19.0,47.0,17.0,20.0,2.5334631827902564e-05,-0.00012811867818932402,-4.3786834009001946e-05,0.0002734037727947225,-0.00016562223134020115,-1.5767138139999304e-05,"[3.056640625, 9.4453125, 2.4296875, 1.0791015625, 1.802734375, 9.203125, 6.859375, 3.435546875, 2.876953125, 2.115234375, 3.017578125, 1.1220703125, 0.88671875, 3.330078125, 2.642578125, 0.2978515625, 0.365966796875, 6.23828125, 6.01171875, 0.64697265625, 11.6328125, 1.6298828125, 0.53662109375, 6.140625, 4.66015625, 5.75, 7.67578125, 10.1328125, 1.181640625, 9.515625, 0.1337890625, 0.53173828125, 8.25, 3.5234375, 1.3486328125, 0.68994140625, 2.38671875, 0.00977325439453125, 4.19140625, 0.95166015625, 0.79736328125, 3.46484375, 6.0859375, 8.5390625, 6.17578125, 2.0078125, 4.7265625, 0.056549072265625, 1.0927734375, 3.302734375, 0.8037109375, 0.413330078125, 0.00844573974609375, 5.0, 3.640625, 6.63671875, 12.078125, 0.55517578125, 1.5830078125, 2.51953125, 3.056640625, 6.921875, 9.0390625, 1.77734375, 6.8671875, 6.05078125, 0.72607421875, 1.31640625, 0.90234375, 1.7529296875, 0.472900390625, 4.81640625, 5.6875, 0.051666259765625, 2.935546875, 1.0146484375, 2.603515625, 5.078125, 7.0625, 4.203125, 5.18359375, 3.693359375, 6.390625, 2.640625, 6.71875, 0.40283203125, 5.1171875, 4.8125, 1.703125, 4.4296875, 0.0152130126953125, 3.314453125, 1.4990234375, 1.77734375, 8.1171875, 1.6103515625, 0.11358642578125, 0.01064300537109375, 3.0234375, 4.8359375, 0.0012979507446289062, 3.3671875, 1.8310546875, 1.03125, 7.96875, 3.5, 1.12890625, 3.47265625, 0.1353759765625, 0.254638671875, 4.06640625, 1.87890625, 1.802734375, 5.7421875, 0.00716400146484375, 4.83984375, 0.458251953125, 9.1015625, 4.66015625, 6.96875, 0.346435546875, 4.02734375, 4.32421875, 5.5078125, 7.8125, 0.00836181640625, 7.40234375, 8.5703125, 0.8916015625, 3.294921875, 1.7958984375, 1.375, 2.62890625, 0.81982421875, 4.9765625, 0.2509765625, 3.197265625, 2.515625, 0.04766845703125, 2.466796875, 5.02734375, 5.30078125, 3.953125, 5.6875, 4.60546875, 11.8671875, 7.39453125, 4.390625, 1.9501953125, 0.82666015625, 0.7392578125, 5.80078125, 0.98095703125, 6.9921875, 8.5234375, 6.140625, 8.1953125, 8.15625, 0.787109375, 0.31494140625, 9.1015625, 0.08892822265625, 8.09375, 2.619140625, 5.4453125, 0.235595703125, 1.4658203125, 4.71484375, 0.297607421875, 3.251953125, 0.947265625, 1.1337890625, 12.28125, 0.00959014892578125, 1.978515625, 1.3603515625, 6.6953125, 4.8125, 0.2344970703125, 0.090087890625, 3.626953125, 1.72265625, 6.9296875, 8.9921875, 1.1025390625, 0.408935546875, 1.037109375, 2.548828125, 1.701171875, 0.003360748291015625, 0.84033203125, 0.228271484375, 6.8046875, 0.054168701171875, 3.71484375, 0.0771484375, 0.4052734375, 2.357421875, 0.315673828125, 0.0030517578125, 3.4296875, 9.75, 0.103271484375, 0.87939453125, 8.1640625, 2.654296875, 1.5205078125, 6.81640625, 8.5234375, 1.298828125, 1.3388671875, 2.138671875, 0.6533203125, 0.9638671875, 3.95703125, 6.4453125, 4.90234375, 8.4140625, 4.80078125, 0.005138397216796875, 2.087890625, 3.775390625, 0.7412109375, 0.1683349609375, 2.83984375, 0.60986328125, 4.6796875, 4.1796875, 0.1041259765625, 1.248046875, 10.5, 4.546875, 5.859375, 7.69921875, 6.50390625, 0.026611328125, 8.09375, 5.11328125, 0.022216796875, 0.2115478515625, 6.22265625, 0.896484375, 1.2109375, 0.1258544921875, 0.3994140625, 5.171875, 1.2080078125, 5.3125, 0.69873046875, 0.39111328125, 1.0166015625, 2.9609375, 4.9453125, 12.53125, 1.85546875, 1.5986328125, 5.6328125, 4.72265625, 1.986328125, 0.9677734375, 6.74609375, 1.5390625, 5.5546875, 11.6953125, 0.98828125, 1.4755859375, 4.8828125, 0.05633544921875, 0.2232666015625, 8.578125, 4.46484375, 0.50439453125, 1.228515625, 1.009765625, 1.279296875, 4.62890625, 1.48046875, 5.9765625, 0.82373046875, 7.05859375, 6.86328125, 2.6640625, 0.9501953125]",-1.0099357126458375
355,1,test,2.958616256713867,1.2800810178780457,1.7377595720869121,5.275956083401084,2.282706051585481,3.098861897021982,19.271286783483447,13.913584317213585,15.881196054904077,34.365545889758664,24.811416368627185,28.32016242303092,2.825855915270858,1.194786796754371,1.6791360993368154,5.03921104102488,2.1306050267245435,2.9943215170439768,16.875382704234028,11.766048420788948,13.727532276707826,30.093046989816347,20.981820336579307,24.479638838267164,2.9343865495860375,1.2802060234496806,1.7905138342438733,5.2327484283258405,2.2829289679250464,3.1929359999816858,18.80996061703821,13.581167310458115,15.671059690217614,33.54288543530952,24.218633331949942,27.945436491915157,0.592964824120603,-0.0020351758793969443,-0.0020351758793969443,0.4974874371859297,-0.007512562814070312,0.012487437185929706,0.4120603015075377,-0.0029396984924623393,-0.0029396984924623393,0.4349030470914127,0.1347647345049673,0.1885687362409728,0.4,0.42713567839195976,0.1339025956851928,0.2050989505121601,0.35858585858585856,0.4280936454849499,0.13093170892401496,0.1956131115583648,0.3959731543624161,26.0,12.0,12.0,33.0,6.0,7.0,44.0,11.0,11.0,-0.0013171982532275402,0.0004707943224607072,-0.00020167945907472674,-0.0002622016269242522,0.0001365127225412266,-0.00011599584989241407,"[3.056640625, 9.4453125, 2.4296875, 6.078125, 0.78955078125, 0.10418701171875, 2.328125, 6.8515625, 4.5625, 6.59765625, 0.376708984375, 6.14453125, 8.3828125, 3.15234375, 4.91015625, 0.8583984375, 0.84423828125, 3.4453125, 0.0253753662109375, 6.50390625, 8.390625, 0.046630859375, 1.9765625, 2.78515625, 1.0302734375, 0.051727294921875, 0.003940582275390625, 6.7578125, 5.57421875, 1.8916015625, 0.12841796875, 2.2578125, 10.7734375, 6.24609375, 0.88818359375, 0.845703125, 5.83984375, 6.21875, 1.8974609375, 3.037109375, 3.42578125, 1.33984375, 1.8271484375, 8.2734375, 0.1715087890625, 0.0028400421142578125, 8.4765625, 6.21875, 5.546875, 0.26708984375, 2.966796875, 3.111328125, 8.9375, 6.1796875, 0.076416015625, 0.01470947265625, 9.78125, 2.556640625, 3.212890625, 2.1796875, 5.80078125, 5.5546875, 5.21875, 2.56640625, 6.01171875, 3.640625, 3.962890625, 5.16015625, 8.9140625, 3.1875, 5.2578125, 0.486328125, 5.90625, 2.626953125, 0.869140625, 3.291015625, 0.4794921875, 0.5068359375, 0.0058746337890625, 0.043182373046875, 0.0755615234375, 1.7080078125, 0.005535125732421875, 0.0419921875, 3.25, 5.96875, 1.9658203125, 0.109375, 6.5703125, 3.466796875, 5.21875, 1.3271484375, 0.00423431396484375, 0.00637054443359375, 8.84375, 0.615234375, 4.96484375, 7.88671875, 1.1162109375, 0.458740234375, 5.71875, 3.88671875, 0.44580078125, 0.09051513671875, 4.28515625, 5.1484375, 3.6171875, 0.0218048095703125, 0.007476806640625, 4.87109375, 1.2841796875, 4.25390625, 0.210205078125, 0.10150146484375, 0.0009622573852539062, 0.2291259765625, 0.0030536651611328125, 0.004924774169921875, 6.80859375, 8.40625, 1.1513671875, 0.0196533203125, 0.0008292198181152344, 0.00864410400390625, 1.4794921875, 0.001140594482421875, 0.00931549072265625, 4.90234375, 0.8447265625, 2.3359375, 0.004337310791015625, 9.4765625, 4.99609375, 3.384765625, 0.12109375, 0.599609375, 4.44921875, 0.61767578125, 5.6328125, 6.73046875, 6.41015625, 2.703125, 2.984375, 3.408203125, 0.141357421875, 4.6015625, 0.0648193359375, 6.4296875, 6.08203125, 1.5, 0.123046875, 0.04962158203125, 0.0006103515625, 2.92578125, 0.004360198974609375, 0.06793212890625, 6.52734375, 0.9365234375, 0.83447265625, 4.85546875, 0.52783203125, 3.330078125, 1.3759765625, 2.169921875, 0.0002319812774658203, 0.004589080810546875, 2.0546875, 2.578125, 0.015594482421875, 8.328125, 0.046356201171875, 4.5859375, 0.9384765625, 6.26171875, 0.07281494140625, 0.05145263671875, 0.03289794921875, 0.00475311279296875, 0.00235748291015625, 0.00022041797637939453, 0.67578125, 9.171875, 0.0005259513854980469, 6.5859375, 0.07598876953125, 2.291015625, 1.5615234375, 4.25390625, 0.0204315185546875, 0.86279296875, 1.3818359375, 0.0052032470703125, 0.98486328125, 0.9111328125, 0.373046875, 0.0640869140625, 3.234375, 6.6015625, 1.228515625, 4.0546875, 0.63623046875, 0.1802978515625, 0.6171875, 3.240234375, 0.158447265625, 0.58251953125, 1.5517578125, 1.240234375, 0.08642578125, 1.986328125, 0.8564453125, 0.08203125, 1.7197265625, 2.365234375, 0.478515625, 5.421875, 0.014862060546875, 1.830078125, 1.0380859375, 1.12109375, 0.00016438961029052734, 0.0161285400390625, 0.0026950836181640625, 1.2626953125, 3.884765625, 0.01934814453125, 0.0003979206085205078, 4.6015625, 0.397705078125, 0.10260009765625, 5.01171875, 13.390625, 5.1640625, 2.3203125, 4.8515625, 1.587890625, 0.0012645721435546875, 3.26953125, 0.8408203125, 6.9140625, 4.60546875, 8.203125, 1.0185546875, 6.29296875, 1.7470703125, 10.4375, 3.443359375, 2.63671875, 1.5966796875, 6.28515625, 0.268798828125, 0.428955078125, 0.278564453125, 8.578125, 3.056640625, 1.033203125, 9.34375, 4.21875, 2.24609375, 4.84375, 4.9375, 1.4619140625, 5.52734375, 3.912109375, 1.009765625, 4.078125, 2.412109375, 2.681640625, 5.1171875, 1.58984375, 3.41015625, 0.5947265625, 0.00904083251953125, 10.1796875, 5.5234375, 4.1328125, 4.91796875, 4.98828125, 4.63671875, 6.7734375, 7.42578125, 11.75, 1.80859375, 0.86572265625, 1.8330078125, 8.4375, 1.6953125, 2.666015625, 0.72412109375, 5.10546875, 7.13671875, 3.396484375, 4.59375, 2.583984375, 7.9921875, 1.78125, 5.2265625, 3.375, 1.08203125, 0.2900390625, 4.8671875, 1.82421875, 2.478515625, 3.42578125, 0.08734130859375, 0.447998046875, 3.65625, 0.156005859375, 2.42578125, 1.173828125, 5.85546875, 0.5986328125, 0.4306640625, 12.9609375, 7.75390625, 1.7177734375, 3.8515625, 3.31640625, 1.2197265625, 2.146484375, 1.443359375, 6.0, 1.30859375, 4.1015625, 7.640625, 0.67919921875, 0.77490234375, 7.1953125, 1.912109375, 0.99072265625, 5.828125, 1.8818359375, 3.576171875, 4.04296875, 3.458984375, 4.20703125, 10.71875, 0.0085906982421875, 3.9140625, 1.416015625, 3.57421875, 0.64208984375, 0.87109375, 6.3125, 1.849609375, 3.939453125, 1.265625, 5.28515625, 0.95556640625, 5.8515625, 0.02496337890625, 3.294921875, 4.625, 0.048919677734375, 3.580078125, 2.076171875, 1.1171875, 2.95703125, 1.01953125, 0.86181640625, 4.6171875]",-1.4331340789794922
454,1,test,2.4095817194060873,0.9248809062073662,1.224703314517498,5.553792011801836,2.1317376984535636,2.822791785900087,11.129304999040595,6.715660288063498,7.859015852924909,25.65169079047162,15.478777981024406,18.114073124424486,2.5017246960395543,1.0386459934379804,1.485594218998797,5.766170335993607,2.3939523507290037,3.42411350476552,12.203523189090095,7.884286464160091,9.441038630878039,28.127632716317418,18.172318801539724,21.760442697999387,2.2959541596696527,0.9552701324436297,1.3517115182238606,5.291894343628834,2.2017811589249514,3.1155302066379225,9.933910028015402,6.112253299257949,7.363044453961414,22.89645116213306,14.087998458045758,16.970919534130573,0.6281407035175879,0.008140703517587888,0.008140703517587888,0.44221105527638194,-0.0027889447236180143,0.00221105527638199,0.3266331658291457,-0.0033668341708542604,-0.0033668341708542604,0.36604774535809015,0.08260403674881867,0.11287081476180472,0.35904255319148937,0.38190954773869346,0.0987015276885681,0.1531950235316818,0.36868686868686873,0.35785953177257523,0.0940865768477005,0.13983950952563418,0.3389261744966443,22.0,8.0,8.0,31.0,13.0,14.0,39.0,13.0,13.0,0.0006897720802583929,0.00019653481418518628,6.114473493757396e-05,0.019769379334115378,0.023959978262029225,0.02249880319604536,"[3.056640625, 9.4453125, 2.4296875, 1.0791015625, 0.80224609375, 3.9921875, 5.6015625, 4.91796875, 1.1748046875, 2.65234375, 0.95263671875, 3.93359375, 1.5771484375, 1.7998046875, 0.55078125, 9.640625, 10.7734375, 0.0013799667358398438, 1.9638671875, 2.640625, 3.970703125, 3.57421875, 0.8916015625, 1.439453125, 0.48291015625, 1.9287109375, 0.64453125, 2.55859375, 0.853515625, 2.77734375, 5.64453125, 0.88671875, 0.8388671875, 0.37548828125, 2.271484375, 8.7265625, 2.2734375, 2.46875, 0.87451171875, 0.185791015625, 0.41162109375, 0.157958984375, 0.10101318359375, 0.128173828125, 0.109130859375, 0.02545166015625, 6.5859375, 4.9765625, 0.4951171875, 2.6015625, 4.91796875, 2.46484375, 0.06915283203125, 0.14501953125, 0.1002197265625, 0.60888671875, 1.23828125, 1.12109375, 0.7197265625, 1.2890625, 0.6201171875, 0.3388671875, 1.3798828125, 0.1412353515625, 0.133056640625, 0.05218505859375, 0.046295166015625, 0.01297760009765625, 0.9697265625, 4.9453125, 5.13671875, 2.587890625, 1.0859375, 1.27734375, 0.65771484375, 0.0859375, 0.06329345703125, 0.058563232421875, 0.98046875, 0.66748046875, 0.9892578125, 7.6953125, 9.09375, 1.427734375, 0.958984375, 4.8984375, 5.71484375, 4.421875, 2.18359375, 0.93701171875, 5.6875, 0.1351318359375, 0.0029773712158203125, 4.4453125, 1.640625, 0.037628173828125, 0.2364501953125, 5.40234375, 0.298828125, 3.751953125, 4.5390625, 1.341796875, 0.265869140625, 1.3203125, 1.06640625, 0.90771484375, 2.068359375, 1.5576171875, 5.44921875, 0.88232421875, 2.720703125, 0.83056640625, 1.3447265625, 2.298828125, 4.41796875, 4.1015625, 1.8662109375, 2.744140625, 0.92431640625, 5.75390625, 0.06268310546875, 5.76171875, 1.4228515625, 0.16845703125, 0.0467529296875, 1.5654296875, 6.6796875, 0.06878662109375, 1.04296875, 3.5, 1.3046875, 0.71435546875, 6.2109375, 5.21484375, 6.3203125, 1.3154296875, 0.0611572265625, 0.363037109375, 3.259765625, 2.390625, 2.70703125, 10.3828125, 2.154296875, 0.51025390625, 0.101806640625, 0.7158203125, 1.482421875, 4.89453125, 3.458984375, 1.380859375, 1.0185546875, 0.004749298095703125, 7.48046875, 0.08453369140625, 3.021484375, 1.46875, 6.265625, 0.75927734375, 1.0380859375, 3.38671875, 0.8779296875, 0.147705078125, 0.09051513671875, 8.09375, 2.220703125, 0.12890625, 0.7216796875, 5.91796875, 3.703125, 3.888671875, 1.912109375, 8.4296875, 2.912109375, 3.4609375, 5.609375, 5.01171875, 3.31640625, 4.921875, 4.5390625, 0.4609375, 0.07708740234375, 3.83984375, 0.7490234375, 0.701171875, 3.7734375, 5.60546875, 1.615234375, 0.333251953125, 8.015625, 5.72265625, 0.320068359375, 10.84375, 4.8828125, 3.126953125, 0.0006709098815917969, 0.002826690673828125, 1.3583984375, 1.5078125, 5.47265625, 0.1832275390625, 5.5546875, 2.515625, 1.498046875, 5.23046875, 8.1328125, 1.9169921875, 1.0087890625, 12.078125, 8.578125, 0.015655517578125, 6.20703125, 0.056121826171875, 0.72900390625, 3.66015625, 4.203125, 0.04742431640625, 3.5625, 0.486572265625, 0.1083984375, 0.21240234375, 0.00572967529296875, 0.230224609375, 4.04296875, 0.31884765625, 0.211669921875, 1.0732421875, 5.39453125, 0.19140625, 0.0173797607421875, 0.180419921875, 0.10064697265625, 1.5986328125, 3.59375, 0.94921875, 0.150634765625, 2.103515625, 0.169189453125, 0.0977783203125, 0.01465606689453125, 0.0135345458984375, 0.225830078125, 0.261962890625, 3.48046875, 2.736328125, 0.0977783203125, 0.10443115234375, 0.0966796875, 0.056243896484375, 0.00732421875, 2.197265625, 3.408203125, 1.14453125, 0.019073486328125, 0.03472900390625, 0.004558563232421875, 5.4836273193359375e-06, 8.359375, 14.0, 7.62109375, 4.24609375, 7.5234375, 1.12890625, 0.004329681396484375, 2.02734375, 0.226806640625, 0.00946044921875, 0.0005359649658203125, 9.846687316894531e-05, 3.60546875, 1.1630859375, 4.4140625, 0.1513671875, 0.2130126953125, 0.197509765625, 0.135009765625, 0.006931304931640625, 3.076171875, 1.9287109375, 0.68359375, 3.265625, 7.15234375, 7.88671875, 1.548828125, 0.0770263671875, 0.000492095947265625, 0.005146026611328125, 0.0721435546875, 1.6669921875, 2.1953125, 0.08306884765625, 0.035125732421875, 0.46728515625, 0.185302734375, 0.36279296875, 0.06121826171875, 0.93212890625, 0.285400390625, 0.591796875, 0.880859375, 7.34765625, 1.5107421875, 6.2734375, 3.140625, 0.53076171875, 3.876953125, 0.276123046875, 5.2265625, 2.328125, 1.912109375, 2.357421875, 0.01407623291015625, 1.40625, 0.29833984375, 0.062408447265625, 0.0394287109375, 0.035919189453125, 0.10546875, 1.658203125, 0.0071563720703125, 1.068359375, 2.650390625, 2.439453125, 1.6474609375, 0.7333984375, 4.5, 0.6044921875, 8.9609375, 0.341796875, 2.056640625, 0.78662109375, 2.111328125, 1.3828125, 0.5302734375, 4.16015625, 0.13232421875, 0.006534576416015625, 0.008819580078125, 0.0176849365234375, 0.0096435546875, 14.2421875, 5.1875, 10.921875, 1.853515625, 0.330322265625, 4.96484375, 0.93408203125, 7.29296875, 2.380859375, 0.00026798248291015625, 4.1640625, 7.703125, 1.02734375, 1.380859375, 3.697265625, 0.8662109375, 7.83203125, 3.435546875, 1.5810546875, 3.666015625, 7.03125, 3.302734375, 6.07421875, 8.4921875, 1.849609375, 0.33056640625, 6.171875, 2.734375, 4.16015625, 9.09375, 1.6103515625, 0.2283935546875, 6.83984375, 0.344482421875, 2.501953125, 3.376953125, 5.8046875, 1.021484375]",-1.2037815465851236
183,1,test,4.027536720818794,1.8620498574240303,2.5581847977835848,6.541696007148103,3.024420374482668,4.155112277612126,56.122495464084786,47.403649693555614,51.77607804898116,91.15653808711954,76.99501889619943,84.09690252804214,3.8011949721293234,1.7024310479345668,2.3717404395203614,6.1740621365494475,2.765160732402812,3.852281441160345,44.75463309135038,36.59855094792506,40.578212622032346,72.69237374837516,59.444919115417676,65.90885444063436,4.027536720818794,1.8620498574240303,2.5581847977835848,6.541696007148103,3.024420374482668,4.155112277612126,56.122495464084786,47.403649693555614,51.77607804898116,91.15653808711954,76.99501889619943,84.09690252804214,0.7487437185929648,-0.006256281407035158,-0.0012562814070351536,0.6080402010050252,0.008040201005025227,-0.001959798994974782,0.5226130653266332,-0.002386934673366814,-0.007386934673366818,0.4382022471910112,0.12044523784521677,0.18913624470035117,0.4586466165413534,0.44221105527638194,0.12391531592801097,0.1817769985151132,0.43939393939393945,0.4382022471910112,0.12044523784521677,0.18913624470035117,0.4586466165413534,25.0,-1.0,-1.0,38.0,1.0,2.0,46.0,1.0,0.0,0.00026985675913842824,0.0002979859755798315,-1.8908037783159887e-05,0.007175818585870353,0.005016894536296945,0.005512427265048636,"[3.0625, 9.453125, 2.48046875, 1.494140625, 1.81640625, 9.234375, 1.2021484375, 5.82421875, 2.392578125, 1.28125, 5.5, 1.5693359375, 1.3154296875, 8.6953125, 7.49609375, 4.734375, 3.236328125, 1.7666015625, 3.326171875, 10.6796875, 6.12890625, 2.443359375, 5.625, 7.6796875, 4.14453125, 6.24609375, 0.01800537109375, 0.002361297607421875, 0.716796875, 7.2734375, 2.359375, 13.2578125, 0.9375, 6.734375, 0.7392578125, 0.11572265625, 0.052978515625, 0.1663818359375, 0.02001953125, 0.7822265625, 0.0011644363403320312, 0.0012540817260742188, 0.019744873046875, 1.9140625, 2.193359375, 1.40234375, 0.0290985107421875, 9.5703125, 1.4111328125, 0.1256103515625, 5.4375, 6.01953125, 0.240966796875, 6.16796875, 6.703125, 6.25390625, 0.64990234375, 8.890625, 0.0697021484375, 4.38671875, 6.72265625, 4.265625, 4.296875, 6.1953125, 3.912109375, 8.53125, 1.8896484375, 8.9921875, 7.14453125, 1.3447265625, 7.7265625, 2.13671875, 3.8984375, 11.5859375, 9.0859375, 6.18359375, 5.99609375, 1.8466796875, 2.4375, 3.6640625, 6.51171875, 2.6796875, 4.03125, 6.9296875, 0.434814453125, 0.288330078125, 12.2421875, 2.568359375, 4.31640625, 5.0078125, 4.7734375, 10.0390625, 0.1356201171875, 1.9326171875, 4.80078125, 0.8017578125, 3.23828125, 0.84326171875, 3.228515625, 2.080078125, 3.216796875, 1.669921875, 0.0452880859375, 6.93359375, 4.89453125, 0.861328125, 0.52783203125, 2.8046875, 1.2919921875, 4.609375, 0.08245849609375, 10.8046875, 0.339111328125, 0.3095703125, 3.896484375, 1.6064453125, 0.89697265625, 3.5078125, 0.814453125, 2.609375, 1.6328125, 11.6484375, 1.462890625, 1.9150390625, 9.65625, 4.0234375, 0.82177734375, 4.49609375, 4.49609375, 8.03125, 1.669921875, 4.55078125, 0.10540771484375, 6.23828125, 1.2158203125, 5.859375, 0.541015625, 5.87890625, 0.5595703125, 3.349609375, 0.075927734375, 5.6484375, 3.41796875, 12.4765625, 8.765625, 3.513671875, 0.0037822723388671875, 0.1708984375, 5.76171875, 6.20703125, 0.29345703125, 2.177734375, 2.830078125, 1.52734375, 9.90625, 0.09844970703125, 5.42578125, 4.7109375, 7.7109375, 0.09381103515625, 12.5390625, 4.59765625, 8.2109375, 7.7578125, 3.41015625, 3.20703125, 0.0026397705078125, 0.00713348388671875, 0.0716552734375, 2.265625, 8.9609375, 3.6640625, 4.3515625, 2.6953125, 1.7880859375, 6.546875, 0.2294921875, 9.9609375, 1.890625, 3.869140625, 0.06524658203125, 3.80078125, 5.48828125, 2.16015625, 1.3701171875, 1.396484375, 8.4140625, 7.46875, 0.7724609375, 0.4521484375, 0.8603515625, 6.84375, 0.09906005859375, 3.9609375, 2.48828125, 5.95703125, 5.515625, 2.9609375, 6.7109375, 9.2421875, 1.5615234375, 1.5439453125, 6.91796875, 2.568359375, 8.46875, 1.3798828125, 8.265625, 2.380859375, 2.583984375, 10.8515625, 0.80859375, 6.6796875, 6.96875, 0.2041015625, 2.908203125, 1.0224609375, 8.6640625, 7.91796875, 4.83203125, 6.22265625, 0.352783203125, 2.005859375, 1.90625, 9.078125, 6.78125, 2.3828125, 0.31884765625, 6.3359375, 10.2890625, 6.0, 2.126953125, 4.41015625, 7.6484375, 0.038848876953125, 0.5244140625, 5.63671875, 5.27734375, 5.6875, 3.203125, 8.53125, 4.11328125, 6.62890625, 0.7548828125, 6.1328125, 0.41796875, 5.53125, 0.3330078125, 12.0234375, 2.61328125, 0.1005859375, 1.6845703125, 1.3935546875, 11.4609375, 13.84375, 1.37890625, 2.103515625, 1.880859375, 1.2548828125, 8.9921875, 1.5185546875, 9.078125, 5.5078125, 0.94921875, 4.73046875, 5.74609375, 3.734375, 9.1796875]",-0.6370102457339399
344,1,test,3.792972716499357,1.760774215197654,2.410885548910319,6.687609789617287,3.104522958374811,4.250771888868194,44.38815774906414,36.75731339702797,40.40495117182679,78.26333076808677,64.80894730528615,71.24030864506302,3.846264698996616,1.749445371407949,2.4000731691988246,6.781571969283507,3.0845484180087523,4.2317079562189805,46.817857422268744,38.67762015755678,42.570947973855496,82.547274928737,68.19475133042906,75.05930300653469,3.801329135001822,1.7651595835357092,2.413100861224116,6.702343474871634,3.1122550551813823,4.254677834263573,44.76063790428601,37.099430840505086,40.752894768794164,78.92007209439902,65.41215437668004,71.85378814497919,0.7336683417085428,-0.0063316582914572095,0.0036683417085427994,0.6030150753768844,-0.0019849246231156137,0.018015075376884404,0.5025125628140703,0.007512562814070312,-0.0024874371859296973,0.4269662921348315,0.12042423606006514,0.19284424979361103,0.4135338345864662,0.42211055276381915,0.10632107907960864,0.1767015377387774,0.40909090909090906,0.41947565543071164,0.11293359935594527,0.18410828307703786,0.40977443609022557,27.0,9.0,8.0,34.0,2.0,2.0,46.0,10.0,10.0,0.00018078428113740927,-0.00019807883894550315,-0.00010631715210353283,0.00016252502302549487,-0.00022759863213561715,-7.184004964067014e-05,"[3.056640625, 9.4453125, 2.48046875, 5.80859375, 1.4013671875, 0.0943603515625, 8.3203125, 3.509765625, 7.6640625, 1.833984375, 8.2109375, 5.0078125, 1.080078125, 11.4609375, 0.334228515625, 6.01171875, 1.6103515625, 7.48828125, 6.5546875, 3.875, 1.3564453125, 7.046875, 2.966796875, 0.1556396484375, 0.615234375, 11.5546875, 0.974609375, 0.0615234375, 2.630859375, 8.0546875, 9.6015625, 6.828125, 3.537109375, 7.33984375, 2.3125, 2.70703125, 8.546875, 5.45703125, 2.068359375, 0.462646484375, 3.40625, 6.7578125, 3.08203125, 0.12396240234375, 7.48828125, 1.451171875, 0.6416015625, 7.95703125, 0.458251953125, 4.69921875, 3.91796875, 0.025177001953125, 7.88671875, 1.95703125, 9.6015625, 0.08880615234375, 5.46484375, 0.01776123046875, 11.3984375, 6.25390625, 0.361083984375, 0.564453125, 8.875, 4.21484375, 0.04876708984375, 7.1015625, 2.322265625, 8.453125, 3.80078125, 1.9150390625, 1.3095703125, 4.6015625, 1.81640625, 1.7802734375, 1.251953125, 1.078125, 5.3203125, 0.8681640625, 3.177734375, 0.828125, 4.96484375, 0.53759765625, 6.2109375, 5.87109375, 0.509765625, 0.58154296875, 4.32421875, 0.0281219482421875, 9.8046875, 2.44140625, 5.41015625, 4.34765625, 2.326171875, 5.296875, 0.76220703125, 0.0455322265625, 1.06640625, 2.12109375, 1.7421875, 4.86328125, 0.389404296875, 0.315185546875, 2.609375, 0.287841796875, 5.91015625, 3.4375, 0.1859130859375, 2.103515625, 0.004856109619140625, 6.6015625, 0.0013494491577148438, 3.94140625, 5.91015625, 7.9140625, 0.037689208984375, 0.04461669921875, 0.0178375244140625, 6.23828125, 0.94921875, 6.90625, 0.89892578125, 1.2763671875, 2.384765625, 7.1796875, 1.08984375, 7.03125, 7.640625, 4.0078125, 1.2099609375, 1.396484375, 2.68359375, 4.63671875, 0.006984710693359375, 0.0004322528839111328, 2.73828125, 1.556640625, 1.9541015625, 11.765625, 12.1796875, 0.0340576171875, 5.04296875, 7.50390625, 0.0078887939453125, 8.046875, 12.40625, 1.58203125, 4.24609375, 0.006244659423828125, 0.55712890625, 5.97265625, 2.478515625, 12.7109375, 9.7578125, 10.96875, 1.009765625, 6.16796875, 0.1068115234375, 0.685546875, 10.265625, 6.71484375, 4.77734375, 3.638671875, 0.01326751708984375, 0.72412109375, 5.79296875, 2.62890625, 0.370849609375, 5.8203125, 7.48828125, 3.427734375, 4.58984375, 11.859375, 3.75390625, 4.90234375, 3.001953125, 4.81640625, 6.97265625, 12.09375, 0.8125, 0.2822265625, 4.28515625, 4.34375, 1.3154296875, 1.4521484375, 2.470703125, 10.265625, 2.7734375, 0.0011472702026367188, 0.007144927978515625, 1.0712890625, 0.001140594482421875, 4.1171875, 2.98828125, 0.03448486328125, 2.83203125, 2.62890625, 6.70703125, 1.5830078125, 3.05859375, 7.91796875, 6.46484375, 8.2890625, 2.3984375, 10.390625, 0.000576019287109375, 0.658203125, 3.537109375, 2.908203125, 1.0927734375, 5.07421875, 11.0625, 8.09375, 8.7109375, 9.0546875, 1.15234375, 5.5625, 1.4482421875, 0.41650390625, 2.583984375, 0.0022792816162109375, 11.015625, 0.226318359375, 1.015625, 6.03125, 0.6552734375, 2.740234375, 7.62890625, 0.11309814453125, 4.5078125, 5.54296875, 5.43359375, 0.441162109375, 2.90234375, 1.24609375, 7.66015625, 2.265625, 3.6796875, 6.0625, 1.291015625, 0.0010356903076171875, 0.0003845691680908203, 0.37451171875, 3.84375, 7.37890625, 9.453125, 2.09765625, 0.0031604766845703125, 5.91796875, 0.76806640625, 0.036529541015625, 1.1181640625, 2.751953125, 6.23046875, 2.513671875, 7.2265625, 0.07171630859375, 7.5703125, 1.4130859375, 0.0030422210693359375, 3.18359375, 5.21484375, 1.4677734375, 0.036468505859375, 9.578125, 2.048828125, 3.55859375, 5.01171875]",-0.4882143409957602
272,1,test,3.470294271196638,1.4722999849616218,2.03180714326223,6.226840075267726,2.6417864978389387,3.645724874080455,32.14620075399415,24.771950133851664,27.931885482105294,57.680771565677446,44.44896016925156,50.11891508491233,3.5555493532113696,1.4226801944402658,2.008534844112215,6.379815506116855,2.5527524056268605,3.6039667770240453,35.00704591938729,26.56800084998342,30.309620812002002,62.814061117765846,47.67166109961565,54.385347981819194,3.489877130304064,1.4898774282092588,2.0619304303488457,6.261978113240625,2.6733261655102303,3.699775878569205,32.781919554280215,25.392865656587436,28.611791682837094,58.82145849101344,45.56308518522427,51.338888622395636,0.7336683417085428,0.008668341708542804,-0.001331658291457205,0.592964824120603,-0.007035175879396949,-0.007035175879396949,0.4723618090452262,-0.007638190954773805,0.002361809045226204,0.4285714285714286,0.09787835926449795,0.1660384470410856,0.38247011952191234,0.42713567839195976,0.09380234505862639,0.14833768173085793,0.3787878787878788,0.4365079365079365,0.10779506522080784,0.17793273861875447,0.38247011952191234,26.0,4.0,4.0,40.0,7.0,8.0,50.0,7.0,7.0,-6.207708611102285e-05,-0.00026495299340166154,-0.0004405986017543024,5.857619511928647e-05,0.00012331829868550415,-0.00012440840417138332,"[3.056640625, 9.4453125, 2.4296875, 1.0791015625, 1.802734375, 7.20703125, 7.66015625, 1.0087890625, 7.6328125, 5.43359375, 1.3212890625, 3.462890625, 7.2265625, 0.18896484375, 1.609375, 3.740234375, 0.296142578125, 7.10546875, 0.73681640625, 11.28125, 3.142578125, 3.337890625, 4.8515625, 6.3203125, 9.3359375, 3.033203125, 4.984375, 2.265625, 9.921875, 7.71875, 0.8359375, 3.951171875, 0.55029296875, 2.12109375, 0.10186767578125, 10.21875, 7.0, 0.422607421875, 2.373046875, 7.65625, 3.22265625, 5.046875, 8.2890625, 8.4296875, 9.2890625, 4.47265625, 0.00933837890625, 1.484375, 4.78515625, 4.7578125, 1.453125, 1.3056640625, 0.86474609375, 5.64453125, 7.875, 0.98486328125, 2.59765625, 5.54296875, 6.828125, 1.51171875, 0.15771484375, 3.966796875, 0.521484375, 7.26171875, 6.5546875, 0.98876953125, 7.44140625, 0.212646484375, 0.279296875, 2.150390625, 2.4375, 6.71484375, 5.37890625, 4.8359375, 10.5390625, 0.01763916015625, 0.580078125, 7.9453125, 5.41015625, 4.35546875, 0.931640625, 1.84765625, 6.94921875, 3.546875, 4.55078125, 2.833984375, 2.12109375, 7.28125, 6.76171875, 5.0390625, 8.59375, 6.09375, 2.818359375, 2.50390625, 1.8310546875, 6.0703125, 0.05621337890625, 1.2421875, 4.04296875, 0.529296875, 0.041961669921875, 0.87646484375, 9.9453125, 5.8359375, 0.72509765625, 1.4970703125, 3.869140625, 2.71875, 4.06640625, 4.8203125, 0.84521484375, 0.2379150390625, 4.76953125, 0.74267578125, 1.6904296875, 8.609375, 9.7890625, 1.0546875, 3.7578125, 0.59814453125, 3.326171875, 0.11358642578125, 1.2392578125, 3.923828125, 0.21533203125, 4.51953125, 3.01171875, 1.8037109375, 0.024505615234375, 6.67578125, 3.80078125, 0.75048828125, 6.6484375, 4.39453125, 2.96875, 2.103515625, 1.9892578125, 8.734375, 0.720703125, 0.111572265625, 0.72802734375, 0.71044921875, 1.251953125, 3.486328125, 0.1812744140625, 1.70703125, 10.828125, 11.140625, 11.359375, 2.833984375, 4.0234375, 0.95947265625, 4.1328125, 5.98046875, 5.109375, 1.87109375, 0.3974609375, 3.224609375, 8.0625, 1.435546875, 0.38330078125, 10.015625, 0.5654296875, 2.048828125, 5.3046875, 0.45263671875, 2.16015625, 2.12890625, 0.1552734375, 1.2509765625, 2.552734375, 0.056884765625, 8.9375, 2.16796875, 4.265625, 5.34765625, 0.3017578125, 0.8974609375, 8.640625, 2.9296875, 2.375, 4.6953125, 2.361328125, 3.287109375, 0.047698974609375, 1.0576171875, 0.94140625, 0.17138671875, 0.2568359375, 1.3095703125, 4.10546875, 0.1456298828125, 2.86328125, 0.6455078125, 0.94091796875, 5.90625, 0.04278564453125, 0.327880859375, 0.21728515625, 8.4765625, 7.50390625, 9.0234375, 0.5166015625, 0.4951171875, 6.60546875, 4.96484375, 0.284912109375, 2.0, 2.056640625, 4.38671875, 0.34716796875, 4.24609375, 4.76953125, 0.006381988525390625, 0.079345703125, 0.0003046989440917969, 0.006366729736328125, 0.004398345947265625, 11.421875, 4.05859375, 4.84375, 2.123046875, 4.65625, 3.4921875, 4.94140625, 0.14013671875, 0.0943603515625, 4.68359375, 2.06640625, 0.50830078125, 4.62109375, 2.724609375, 0.0224761962890625, 1.3984375, 0.0006260871887207031, 9.34375, 0.689453125, 7.390625, 0.296875, 1.330078125, 0.63232421875, 1.591796875, 11.609375, 3.0859375, 4.578125, 2.12890625, 4.03125, 8.25, 0.3349609375, 1.0458984375, 3.625, 0.06781005859375]",-1.149036611829485
351,1,test,2.7571145721384,1.1533744819985963,1.524810078901765,5.811872194678104,2.4312609819402224,3.2142303367758793,15.75431935032213,10.782727452777722,12.325196522179489,33.209389085054035,22.729499346480313,25.980954032548812,3.695172089428159,1.5996913880485502,2.245272747324287,7.789254802146858,3.3720767327614327,4.732932893507446,40.25249902151014,32.12315120167443,35.98981360088313,84.85043827829695,67.71414258989327,75.86489117004342,2.9670886503015472,1.3454969368292669,1.8358762980538106,6.254488007169739,2.8362463838844207,3.869943787374794,19.43525432802277,14.374114534994792,16.33584252586744,40.96863270282072,30.299980070926516,34.43521350623194,0.7738693467336684,-0.0011306532663316604,0.008869346733668348,0.6432160804020101,-0.01678391959798986,-0.0067839195979899625,0.5226130653266332,0.0026130653266331905,-0.017386934673366827,0.3810810810810811,0.10712696502170183,0.1533195952550791,0.27913279132791324,0.4170854271356784,0.07372703114570345,0.15498192129260668,0.36363636363636365,0.40802675585284276,0.12922875919174093,0.1977931629718639,0.28523489932885904,27.0,16.0,16.0,42.0,16.0,17.0,46.0,17.0,17.0,-0.0015434960193081223,-0.00113593632679145,-0.0007490915713190494,0.05651311441522999,0.07144000086155344,0.06863296724326418,"[3.056640625, 9.4453125, 2.4296875, 1.0791015625, 9.8046875, 1.33203125, 0.5126953125, 2.861328125, 7.3828125, 6.109375, 10.046875, 1.2373046875, 6.1328125, 0.36474609375, 4.171875, 9.9609375, 2.66015625, 1.1318359375, 8.6953125, 4.0390625, 11.0546875, 4.78515625, 6.421875, 0.685546875, 5.296875, 2.208984375, 0.03314208984375, 1.283203125, 3.4921875, 0.5087890625, 4.015625, 4.3359375, 6.1640625, 7.04296875, 4.73046875, 7.46484375, 3.5078125, 6.2578125, 11.7734375, 0.54296875, 8.7265625, 1.8740234375, 6.00390625, 1.0908203125, 6.6875, 0.8525390625, 5.55859375, 4.03515625, 1.36328125, 3.376953125, 1.5966796875, 2.080078125, 4.94921875, 2.5546875, 7.20703125, 1.6259765625, 9.2265625, 1.2568359375, 8.7734375, 10.2109375, 2.935546875, 2.21875, 1.17578125, 8.328125, 3.51171875, 0.85791015625, 7.5625, 0.01262664794921875, 5.8515625, 4.16015625, 2.701171875, 5.58984375, 4.87890625, 7.109375, 2.6640625, 2.2265625, 3.822265625, 0.68701171875, 1.6103515625, 9.0625, 3.1640625, 7.06640625, 1.2021484375, 5.5546875, 2.73828125, 4.375, 4.41796875, 3.87890625, 0.058441162109375, 10.453125, 4.7578125, 9.2578125, 4.34765625, 3.904296875, 5.30078125, 0.441162109375, 2.689453125, 0.81689453125, 5.30859375, 0.9189453125, 2.5546875, 5.0703125, 0.31689453125, 3.71484375, 5.70703125, 8.1640625, 3.318359375, 9.578125, 0.0089263916015625, 4.66015625, 2.275390625, 0.63427734375, 9.1171875, 0.658203125, 7.8046875, 3.6171875, 8.6171875, 0.226806640625, 0.452880859375, 9.0234375, 4.43359375, 3.630859375, 0.248291015625, 3.5390625, 2.74609375, 0.64892578125, 2.86328125, 5.5703125, 0.44091796875, 3.0546875, 4.6796875, 2.93359375, 1.2470703125, 0.78466796875, 1.2666015625, 4.88671875, 10.703125, 3.21875, 6.8984375, 0.33203125, 0.370849609375, 8.9609375, 0.00293731689453125, 2.95703125, 4.58203125, 3.875, 2.107421875, 0.00232696533203125, 5.94140625, 2.22265625, 0.3857421875, 1.0439453125, 0.60791015625, 3.494140625, 0.9404296875, 0.56103515625, 5.05859375, 5.45703125, 1.806640625, 0.07940673828125, 2.818359375, 3.48828125, 3.388671875, 2.552734375, 3.93359375, 2.501953125, 3.263671875, 0.01313018798828125, 6.6328125, 0.9404296875, 2.623046875, 3.419921875, 3.216796875, 6.625, 1.107421875, 3.501953125, 0.0024509429931640625, 0.130126953125, 0.002048492431640625, 0.0014705657958984375, 0.0030994415283203125, 1.5107421875, 0.0020847320556640625, 0.02886962890625, 3.794921875, 5.2109375, 9.0859375, 8.953125, 11.5546875, 10.578125, 4.94921875, 2.091796875, 0.01068878173828125, 0.0036792755126953125, 2.48828125, 0.005748748779296875, 1.1630859375, 1.36328125, 1.3212890625, 0.00014269351959228516, 0.002452850341796875, 11.765625, 6.5390625, 1.07421875, 0.8740234375, 0.99853515625, 0.00012803077697753906, 0.0036373138427734375, 8.5078125, 0.0205841064453125, 0.01068115234375, 0.556640625, 1.783203125, 0.185791015625, 0.00017952919006347656, 0.1080322265625, 4.34765625, 1.234375, 0.17724609375, 0.12548828125, 0.7177734375, 0.65380859375, 0.2445068359375, 0.039642333984375, 0.0012331008911132812, 0.07452392578125, 7.234375, 2.1796875, 0.56787109375, 2.4296875, 1.1943359375, 17.375, 0.904296875, 3.826171875, 6.78125, 9.5703125, 1.080078125, 0.0006308555603027344, 0.0107269287109375, 2.119140625, 0.0022411346435546875, 0.1588134765625, 0.044342041015625, 0.07916259765625, 0.00024259090423583984, 0.0013408660888671875, 1.75390625, 0.00724029541015625, 0.000522613525390625, 0.0325927734375, 0.1854248046875, 0.00020062923431396484, 0.005992889404296875, 0.8369140625, 0.0145416259765625, 0.0007033348083496094, 0.0169525146484375, 0.0233917236328125, 0.07421875, 0.00012862682342529297, 0.0281829833984375, 0.09686279296875, 5.3671875, 5.87890625, 0.11126708984375, 1.0771484375, 8.5390625, 3.68359375, 3.15625, 0.003391265869140625, 2.00390625, 0.00988006591796875, 0.005153656005859375, 0.009979248046875, 0.036834716796875, 8.359375, 0.62158203125, 9.2265625, 0.016143798828125, 0.52734375, 0.1641845703125, 0.0006375312805175781, 0.059967041015625, 0.15478515625, 0.0004329681396484375, 0.0888671875, 0.0164794921875, 0.04534912109375, 0.00015425682067871094, 0.0019550323486328125, 0.87841796875, 0.024810791015625, 0.0013666152954101562, 0.049896240234375, 0.0372314453125, 0.00033164024353027344, 0.0020885467529296875, 0.34814453125, 0.004070281982421875, 0.0013675689697265625, 0.0036602020263671875, 0.00432586669921875, 0.01617431640625, 0.0003418922424316406, 0.02777099609375, 0.0186004638671875, 7.28515625, 0.375, 0.445068359375, 3.9453125, 0.1307373046875, 0.00862884521484375, 10.1328125, 0.01039886474609375, 0.640625, 0.003902435302734375, 0.0014448165893554688, 0.005401611328125, 0.019317626953125, 0.62939453125, 0.78076171875, 0.00450897216796875, 0.002593994140625, 0.0038909912109375, 0.01128387451171875, 11.8125, 1.65234375, 2.98828125, 13.1875, 0.91748046875, 0.25244140625, 1.353515625, 5.375, 1.5078125, 8.609375, 0.673828125, 1.3408203125, 6.53125, 0.1448974609375, 0.0004863739013671875, 0.00389862060546875, 0.0082550048828125, 0.10137939453125, 0.00022304058074951172, 6.4765625, 0.024993896484375, 7.42578125, 4.11328125, 1.1298828125, 4.84375, 4.4765625, 0.1839599609375, 0.0024051666259765625, 0.0227508544921875, 0.0012331008911132812, 0.7294921875, 2.166015625, 0.66015625, 0.051177978515625, 2.263671875, 0.1680908203125, 0.00023615360260009766, 0.0019178390502929688, 0.0029087066650390625, 0.0005121231079101562, 4.5546875, 2.001953125, 1.220703125, 2.142578125, 0.180908203125]",-1.5663140586904576
302,1,test,2.3873068706218143,0.9749221984568974,1.3567461920427908,4.6913355945940305,1.9158354830141358,2.6661640285492054,10.884142033870413,6.778407463539853,8.081505261204903,21.388604694466274,13.320358852770175,15.881097548181726,2.9063580467473322,1.1724056006558883,1.6651222657527704,5.711331510468594,2.3039133315214544,3.272158871072304,18.290065557779453,12.62707315208515,14.8301790718571,35.94210557284567,24.81366700816733,29.143026315626162,2.49137776830922,1.0222080134943972,1.4379553438103534,4.895847009816956,2.0087576079134086,2.82574945469709,12.077905217343071,7.732279509250893,9.210457249156828,23.734488159662543,15.19482833794652,18.09961947799423,0.6482412060301508,0.013241206030150776,0.02824120603015079,0.507537688442211,-0.0024623115577889765,0.01753768844221104,0.3919597989949749,0.001959798994974893,-0.0030402010050251116,0.3946587537091988,0.09984393889438392,0.1577387142225255,0.32738095238095233,0.39698492462311563,0.09623304492386753,0.1398897660254529,0.36363636363636365,0.38795986622073575,0.10248407323242192,0.14658055587590813,0.33221476510067116,20.0,5.0,5.0,31.0,5.0,5.0,38.0,6.0,5.0,-0.0015343362433729191,-8.519845280357122e-05,-0.0006955172195903437,0.03527132800753385,0.0338387320314224,0.03830354170985828,"[3.056640625, 9.4453125, 2.4296875, 6.078125, 0.78955078125, 0.10418701171875, 2.328125, 4.8515625, 0.9306640625, 1.0126953125, 2.43359375, 0.07330322265625, 1.1337890625, 7.73828125, 8.0546875, 3.263671875, 8.03125, 0.61962890625, 0.8193359375, 6.49609375, 0.50634765625, 11.171875, 1.0126953125, 8.4140625, 2.103515625, 5.31640625, 0.0095367431640625, 3.44140625, 4.78125, 0.951171875, 0.9599609375, 2.9296875, 0.50439453125, 2.44140625, 0.0035572052001953125, 0.137939453125, 2.392578125, 5.859375, 6.0703125, 0.364013671875, 3.697265625, 5.72265625, 0.37451171875, 5.6953125, 1.1845703125, 2.361328125, 4.04296875, 0.218505859375, 1.09765625, 8.3515625, 5.41015625, 0.58251953125, 2.154296875, 1.548828125, 6.18359375, 1.453125, 0.91064453125, 1.3408203125, 4.1640625, 6.6875, 12.875, 5.5078125, 1.4873046875, 3.30859375, 7.09375, 3.75390625, 0.26220703125, 6.08203125, 1.6923828125, 4.16796875, 0.82373046875, 2.62109375, 2.787109375, 3.748046875, 0.10321044921875, 2.408203125, 6.44921875, 6.85546875, 0.98388671875, 0.82958984375, 4.3671875, 7.90234375, 5.390625, 6.14453125, 4.99609375, 3.298828125, 0.0049591064453125, 1.857421875, 3.16796875, 2.599609375, 0.0718994140625, 0.51806640625, 1.076171875, 0.1485595703125, 4.63671875, 1.3818359375, 0.002101898193359375, 0.06494140625, 8.1328125, 0.25537109375, 7.546875, 3.037109375, 1.865234375, 0.923828125, 7.6328125, 1.083984375, 1.55078125, 2.2578125, 0.72998046875, 7.1328125, 2.3515625, 0.368408203125, 3.666015625, 2.8203125, 0.78369140625, 10.1328125, 5.609375, 12.859375, 2.529296875, 7.89453125, 1.0146484375, 1.126953125, 0.8369140625, 0.0048980712890625, 3.888671875, 0.139404296875, 0.0841064453125, 1.4072265625, 0.7265625, 0.52099609375, 0.285888671875, 0.08648681640625, 0.2415771484375, 0.0009059906005859375, 0.1173095703125, 0.509765625, 6.17578125, 0.10205078125, 0.53564453125, 0.04144287109375, 0.00897979736328125, 0.02459716796875, 4.19140625, 5.85546875, 6.98828125, 0.0016927719116210938, 0.0009870529174804688, 0.666015625, 4.2109375, 0.1417236328125, 0.0005197525024414062, 0.01114654541015625, 3.486328125, 2.884765625, 3.068359375, 4.8828125, 3.353515625, 1.68359375, 2.35546875, 1.5986328125, 1.76171875, 4.7890625, 1.9677734375, 0.03594970703125, 9.578125, 4.4765625, 0.354736328125, 0.46728515625, 1.6884765625, 1.31640625, 1.7021484375, 0.350341796875, 0.007671356201171875, 0.00800323486328125, 0.1712646484375, 1.2265625, 3.837890625, 7.1796875, 7.734375, 5.0078125, 4.89453125, 7.62890625, 2.552734375, 0.01450347900390625, 0.5908203125, 0.002765655517578125, 2.521484375, 0.0009388923645019531, 0.008697509765625, 0.00260162353515625, 0.025115966796875, 5.76953125, 2.7734375, 5.9765625, 3.5546875, 7.890625, 3.259765625, 7.1875, 0.62548828125, 0.36181640625, 0.08038330078125, 0.0509033203125, 0.0014781951904296875, 0.487548828125, 0.0012292861938476562, 4.66015625, 0.830078125, 4.87890625, 6.41015625, 3.58203125, 1.1484375, 0.08758544921875, 1.9423828125, 2.0390625, 0.074462890625, 0.364990234375, 0.0013151168823242188, 0.1328125, 0.48095703125, 0.00795745849609375, 0.023468017578125, 0.0003097057342529297, 0.349853515625, 0.39599609375, 0.0055694580078125, 0.0004887580871582031, 0.0006284713745117188, 1.8955078125, 0.62353515625, 2.857421875, 0.55859375, 0.437744140625, 3.2265625, 0.69287109375, 1.359375, 2.984375, 3.841796875, 0.2208251953125, 2.998046875, 1.8369140625, 0.30419921875, 0.578125, 5.19140625, 2.96875, 1.2158203125, 0.057769775390625, 3.60546875, 0.0654296875, 1.3525390625, 0.0902099609375, 0.07916259765625, 0.033721923828125, 1.2490234375, 2.99609375, 1.654296875, 0.7578125, 3.2421875, 0.133544921875, 0.38525390625, 1.5283203125, 0.377685546875, 1.560546875, 5.9296875, 0.0026607513427734375, 5.98828125, 3.89453125, 6.55078125, 1.4365234375, 6.18359375, 2.091796875, 2.70703125, 8.15625, 2.712890625, 0.89013671875, 1.720703125, 1.9990234375, 0.3701171875, 0.00118255615234375, 0.06451416015625, 0.132080078125, 0.6591796875, 1.43359375, 1.140625, 1.5341796875, 5.11328125, 4.24609375, 1.9208984375, 0.0445556640625, 3.97265625, 1.6884765625, 4.3984375, 4.76171875, 0.11773681640625, 0.006275177001953125, 0.025909423828125, 0.78515625, 4.34375, 2.486328125, 0.91748046875, 0.049652099609375, 0.367919921875, 3.5859375, 0.38623046875, 0.435546875, 0.53369140625, 1.6884765625, 2.69921875, 4.33984375, 5.1015625, 3.2109375, 3.162109375, 0.351806640625, 1.0673828125, 0.27490234375, 1.1376953125, 1.861328125, 3.939453125, 1.0458984375, 0.054840087890625, 0.0204315185546875, 0.0299224853515625, 0.0146484375, 0.140625, 0.09375, 0.01483154296875, 0.07025146484375, 0.11309814453125, 0.00550079345703125, 0.0005269050598144531, 0.004917144775390625, 4.2890625, 1.4892578125, 2.53515625, 4.6328125, 4.3046875, 0.5341796875, 2.060546875]",-1.3629670723255733
102,1,test,3.5668643717093977,1.6072389605121868,2.231638714246324,5.884318624514939,2.651490262539879,3.681573472089981,35.4054007375013,28.308732502755475,31.604547196879448,58.40890969124509,46.70141181245536,52.13857503665989,3.863968861162962,1.7135505586938757,2.385436616716283,6.374457104291441,2.8268743680147557,3.935296565430252,47.65410908730302,39.0656588714799,43.267606447241675,78.61581838131346,64.44730164108549,71.37932815025181,3.5668643717093977,1.6072389605121868,2.231638714246324,5.884318624514939,2.651490262539879,3.681573472089981,35.4054007375013,28.308732502755475,31.604547196879448,58.40890969124509,46.70141181245536,52.13857503665989,0.778894472361809,-0.0011055276381910506,-0.0011055276381910506,0.6532663316582914,-0.011733668341708636,-0.0017336683417086274,0.5326633165829145,-0.007336683417085488,-0.007336683417085488,0.43986254295532645,0.12082309184040363,0.19186254295532645,0.403448275862069,0.44723618090452266,0.10387778491454769,0.18012432781604182,0.4242424242424242,0.43986254295532645,0.12082309184040363,0.19186254295532645,0.403448275862069,25.0,0.0,1.0,40.0,2.0,1.0,48.0,2.0,3.0,-0.0013199649547565573,-0.00031369880454173326,-0.0002725107606952128,0.00032884314767755995,-0.00013463403094249315,1.2269317609892028e-05,"[3.0625, 9.453125, 2.48046875, 1.494140625, 6.81640625, 0.53173828125, 1.849609375, 5.4453125, 6.5390625, 11.484375, 5.76953125, 6.25390625, 6.890625, 2.490234375, 10.578125, 8.6796875, 3.7109375, 3.53125, 0.0295562744140625, 7.65625, 2.298828125, 1.3408203125, 11.765625, 6.06640625, 0.92919921875, 3.1328125, 0.58740234375, 0.1258544921875, 10.015625, 3.142578125, 4.828125, 6.11328125, 0.64599609375, 4.2734375, 4.8046875, 6.58984375, 7.18359375, 3.55859375, 5.25, 2.013671875, 9.3671875, 3.30859375, 1.3935546875, 2.58984375, 9.578125, 4.79296875, 9.34375, 7.328125, 2.111328125, 4.5234375, 2.3828125, 1.755859375, 0.55029296875, 3.56640625, 7.33984375, 2.609375, 5.7265625, 4.10546875, 1.966796875, 1.904296875, 4.5625, 1.19140625, 1.3408203125, 3.279296875, 2.146484375, 9.34375, 3.11328125, 2.697265625, 6.01953125, 7.0390625, 2.169921875, 9.3125, 4.24609375, 6.6484375, 2.845703125, 2.615234375, 4.6953125, 1.34375, 0.2181396484375, 1.3720703125, 6.3828125, 0.88232421875, 0.46240234375, 2.99609375, 0.1552734375, 1.5791015625, 2.662109375, 7.828125, 5.8828125, 7.77734375, 6.5078125, 9.1484375, 5.7890625, 5.9296875, 1.2451171875, 6.28515625, 6.25, 5.76953125, 7.57421875, 0.11663818359375, 0.62353515625, 0.85205078125, 2.2109375, 0.92333984375, 4.73046875, 0.8984375, 6.94140625, 0.96533203125, 0.1953125, 1.9287109375, 0.45166015625, 4.890625, 0.329833984375, 7.05859375, 0.003551483154296875, 2.984375, 1.48828125, 3.4375, 7.5078125, 2.396484375, 0.6494140625, 6.00390625, 1.0068359375, 6.54296875, 0.226806640625, 3.998046875, 9.2109375, 9.7109375, 4.8046875, 1.6787109375, 3.138671875, 1.5634765625, 9.78125, 6.7109375, 7.73828125, 0.308349609375, 0.4775390625, 4.6953125, 3.41796875, 0.2005615234375, 0.7197265625, 0.001247406005859375, 0.80078125, 6.08203125, 3.33203125, 9.3046875, 4.09375, 2.958984375, 6.1484375, 6.03515625, 4.36328125, 0.69873046875, 0.60888671875, 4.10546875, 0.8701171875, 1.6845703125, 4.015625, 12.09375, 3.298828125, 2.34375, 7.45703125, 1.4287109375, 5.4921875, 6.484375, 0.60302734375, 1.126953125, 5.0859375, 2.27734375, 1.2568359375, 0.54541015625, 5.23828125, 8.3671875, 4.05859375, 0.91796875, 2.275390625, 0.8828125, 4.70703125, 0.0026493072509765625, 2.638671875, 4.1953125, 5.36328125, 6.09765625, 0.00868988037109375, 0.0513916015625, 0.0007123947143554688, 0.00814056396484375, 0.003200531005859375, 1.7421875, 0.006374359130859375, 0.01511383056640625, 4.0625, 4.3515625, 2.52734375, 2.994140625, 11.625, 6.8125, 4.40234375, 5.51171875, 5.96484375, 7.73046875, 12.4453125, 3.75390625, 7.296875, 0.0031414031982421875, 0.5361328125, 9.3515625, 2.32421875, 4.98828125, 1.876953125, 9.15625, 4.890625, 2.783203125, 4.81640625, 0.019744873046875, 0.004001617431640625, 4.6171875, 8.40625, 0.88720703125, 0.1947021484375, 4.953125, 4.12109375, 7.33984375, 6.2890625, 6.72265625, 4.140625, 0.1279296875, 0.1419677734375, 2.599609375, 0.9462890625, 0.0004916191101074219, 0.666015625, 3.64453125, 3.68359375, 0.159423828125, 0.2010498046875, 0.00791168212890625, 1.78125, 4.26171875, 0.32080078125, 2.564453125, 7.59375, 0.92138671875, 3.146484375, 0.0836181640625, 0.0014047622680664062, 6.953125, 0.6015625, 7.7109375, 5.69140625, 3.695487976074219e-05, 3.943359375, 0.049560546875, 1.345703125, 0.0037021636962890625, 0.0014362335205078125, 0.005580902099609375, 0.00032591819763183594, 0.70556640625, 1.3984375, 0.96240234375, 0.12115478515625, 0.62548828125, 0.01947021484375, 8.130073547363281e-05, 0.0034770965576171875, 0.000339508056640625, 0.000522613525390625, 4.11328125, 5.08203125, 4.4375, 0.11773681640625, 9.46875, 3.416015625, 0.01007080078125, 1.244140625, 10.546875, 0.60302734375, 0.0020618438720703125, 1.3974609375, 5.4609375, 0.28515625, 1.63671875, 0.87353515625, 1.2646484375, 4.6484375, 4.15625, 10.140625, 0.269775390625, 2.529296875, 7.14453125, 0.5458984375]",-1.4171124692635026
424,1,test,3.785495582379793,1.71585975433376,2.3529129217588136,6.557701943213479,2.972423715840806,4.076005717996328,44.05749926967669,36.13556162471083,39.86799396765255,76.32182954292476,62.598472915534416,69.06425217628698,4.043617296458489,1.8130210337489503,2.509137927551306,7.004852185279099,3.1407384574539896,4.346637925000493,57.03227276435707,47.72685986801089,52.39336302386376,98.79833110189128,82.67834815519058,90.76223998578419,3.982267841447556,1.8563418547324844,2.52525094376865,6.89857509907329,3.2157841220870806,4.3745508773366,53.63854010181504,45.25788583106254,49.34540655121996,92.91928916627553,78.40128707098206,85.48219417711334,0.8040201005025126,0.01902010050251257,0.009020100502512562,0.6532663316582914,-0.006733668341708521,0.003266331658291377,0.542713567839196,-0.0022864321608039306,-0.007286432160804046,0.4385964912280702,0.12910744013317965,0.2010598343365746,0.4134897360703812,0.4522613065326633,0.1139154418710091,0.18848835160778854,0.4292929292929293,0.4448160535117057,0.12929017705093782,0.20454909021915846,0.43288590604026844,23.0,0.0,1.0,39.0,6.0,6.0,43.0,1.0,-1.0,-0.0007017088860011017,-0.00019922117394736657,-0.00030420857445317284,0.0052206724191288245,0.007055573303838436,0.006017993341109751,"[3.056640625, 9.4453125, 2.4296875, 1.0791015625, 3.802734375, 1.4775390625, 3.685546875, 0.338134765625, 4.5390625, 8.1484375, 10.0625, 1.71875, 2.87109375, 4.3046875, 6.5234375, 3.9375, 0.35107421875, 0.1800537109375, 9.890625, 9.3828125, 9.671875, 2.365234375, 3.0078125, 1.6005859375, 14.4453125, 5.30859375, 5.1015625, 1.580078125, 7.73046875, 5.359375, 4.671875, 2.380859375, 13.1953125, 6.9375, 1.9765625, 0.06695556640625, 1.380859375, 0.72412109375, 1.4326171875, 0.465087890625, 2.66015625, 7.078125, 7.8515625, 1.02734375, 1.935546875, 4.38671875, 0.46533203125, 11.6015625, 0.40283203125, 5.31640625, 1.119140625, 6.9921875, 0.56494140625, 0.3671875, 0.70166015625, 13.2109375, 1.5751953125, 7.92578125, 6.96875, 2.017578125, 4.8984375, 0.86328125, 5.19921875, 4.67578125, 4.1328125, 6.4765625, 0.1090087890625, 6.55078125, 0.69677734375, 2.4375, 8.9765625, 3.2421875, 9.359375, 3.03515625, 4.203125, 1.9228515625, 5.01953125, 0.01250457763671875, 1.154296875, 10.0625, 0.765625, 0.01050567626953125, 0.73828125, 4.796875, 9.34375, 5.30078125, 4.98828125, 8.1015625, 8.3984375, 3.296875, 9.765625, 1.4130859375, 1.6015625, 9.546875, 2.091796875, 3.615234375, 1.10546875, 2.64453125, 7.0703125, 4.109375, 6.21484375, 0.29736328125, 14.21875, 1.6044921875, 2.37109375, 6.30859375, 5.984375, 4.42578125, 4.171875, 0.411376953125, 0.5947265625, 6.98046875, 7.1953125, 8.46875, 5.0703125, 0.0027790069580078125, 3.826171875, 4.87890625, 0.041656494140625, 0.63427734375, 4.453125, 7.07421875, 5.62109375, 2.310546875, 0.293212890625, 5.7265625, 4.7421875, 5.72265625, 4.7265625, 0.62353515625, 0.54541015625, 0.442138671875, 9.8203125, 2.515625, 4.1640625, 1.26171875, 3.4609375, 3.103515625, 2.833984375, 0.98388671875, 4.24609375, 0.280517578125, 6.04296875, 7.484375, 0.77880859375, 2.947265625, 1.9833984375, 7.390625, 4.66015625, 0.0233154296875, 1.259765625, 1.763671875, 9.671875, 3.478515625, 0.97509765625, 6.1640625, 2.18359375, 3.505859375, 9.015625, 2.962890625, 10.4921875, 2.974609375, 0.1417236328125, 1.158203125, 5.91796875, 4.6875, 0.63916015625, 0.50048828125, 6.28515625, 0.94775390625, 0.77001953125, 9.578125, 0.80908203125, 0.6162109375, 6.0078125, 5.1796875, 2.203125, 3.677734375, 1.62890625, 5.65234375, 1.2353515625, 6.90625, 0.0243682861328125, 3.392578125, 3.251953125, 5.41015625, 12.1328125, 0.75439453125, 0.00833892822265625, 5.43359375, 5.67578125, 2.626953125, 3.419921875, 7.83984375, 2.955078125, 5.73046875, 3.341796875, 3.435546875, 1.11328125, 4.34375, 0.54345703125, 3.021484375, 10.7734375, 1.0634765625, 1.904296875, 3.8828125, 7.92578125, 15.3671875, 5.44921875, 5.86328125, 1.791015625, 5.4375, 0.445068359375, 0.548828125, 6.55859375, 0.65625, 0.11871337890625, 6.47265625, 0.0021419525146484375, 0.324951171875, 0.00048542022705078125, 0.00743865966796875, 0.0012378692626953125, 1.8974609375, 0.0019197463989257812, 0.005924224853515625, 5.84375, 8.9140625, 9.296875, 14.3046875, 5.33203125, 2.623046875, 0.1536865234375, 0.006488800048828125, 0.01116180419921875, 4.08984375, 1.0224609375, 1.41796875, 2.9453125, 3.228515625, 2.865234375, 3.662109375, 4.83203125, 4.4140625, 0.0011377334594726562, 0.003124237060546875, 8.6953125, 1.5, 2.7734375, 14.5, 2.353515625, 0.100341796875, 3.490234375, 1.68359375, 4.0546875, 6.890625, 6.17578125, 6.72265625, 0.11627197265625, 0.943359375, 19.0625, 4.49609375, 0.85693359375, 6.046875, 8.5859375, 7.5390625, 7.0, 4.078125, 4.2421875, 11.1953125, 10.1015625, 4.97265625, 9.1796875, 1.47265625, 0.0015268325805664062, 0.005340576171875, 5.34765625, 3.056640625, 0.53369140625, 3.67578125, 0.000751495361328125, 0.0207061767578125, 5.296875, 0.115966796875, 0.0133056640625, 0.024566650390625, 3.61328125, 10.1171875, 0.09564208984375, 0.08203125, 4.79296875, 5.87109375, 7.30078125, 0.06402587890625, 8.0078125, 0.52294921875, 6.30859375, 4.90625, 0.002803802490234375, 7.0078125, 0.000904083251953125, 3.744140625, 0.007495880126953125, 0.05224609375, 4.41796875, 8.8359375, 2.3046875, 8.59375, 0.362060546875, 0.76416015625, 0.88623046875, 1.6357421875, 0.1446533203125, 0.08538818359375, 0.07440185546875, 5.0546875, 6.16015625, 0.69580078125, 1.1591796875, 4.703125, 0.051971435546875, 0.003070831298828125, 0.00879669189453125, 3.47265625, 0.00426483154296875, 0.036651611328125, 6.96484375, 0.560546875, 0.334228515625, 0.0110015869140625, 0.0015420913696289062, 0.58544921875, 0.403564453125, 0.004291534423828125, 0.0008111000061035156, 0.0006823539733886719, 1.5263671875, 7.11328125, 5.96875, 0.1195068359375, 4.31640625, 10.4453125]",-1.2168056337456954
471,1,test,2.7561484459373684,1.2410590231114444,1.704063066544978,5.3819385194317535,2.4234193086432936,3.3275285556182346,15.739106039790663,11.189278072661404,12.875489416966804,30.73379490202366,21.84933353377801,25.14200298313113,3.651895526665539,1.6351923918754387,2.25394886265619,7.131066264907708,3.1930446030540662,4.401292035862425,38.54766496831758,31.034151952621745,34.50078314661814,75.27212956651204,60.60047239397085,67.3697724957611,2.757337579710616,1.2496288525334804,1.7046898061298228,5.38426054416465,2.4401536377174047,3.3287523916994517,15.757833074611364,11.24146238210021,12.892605517493433,30.77036323353165,21.951233975857843,25.175425638889205,0.7336683417085428,0.013668341708542808,0.013668341708542808,0.6080402010050252,-0.006959798994974786,0.0030402010050252226,0.5025125628140703,-0.0024874371859296973,-0.0024874371859296973,0.38888888888888884,0.11852493741575187,0.18450089812676418,0.32055749128919864,0.4371859296482412,0.11387765897154944,0.19511581278680545,0.43434343434343436,0.38888888888888884,0.1202580396687849,0.18450089812676418,0.3240418118466899,18.0,0.0,0.0,30.0,-1.0,-1.0,39.0,-1.0,-1.0,-0.00291362654948267,-0.0004082328681583525,-0.0003639314732523524,0.07852933751694469,0.06635846385911126,0.07028692015992455,"[3.056640625, 9.4453125, 2.4296875, 6.078125, 0.78955078125, 0.10418701171875, 4.328125, 1.2412109375, 1.1416015625, 7.29296875, 8.6796875, 6.94921875, 0.16650390625, 0.81494140625, 0.0249176025390625, 4.2890625, 3.142578125, 1.7939453125, 9.703125, 6.890625, 0.25390625, 6.91796875, 0.03460693359375, 0.0001837015151977539, 3.771484375, 6.66015625, 3.958984375, 4.73046875, 1.52734375, 2.0078125, 4.73046875, 0.1199951171875, 2.109375, 6.671875, 8.4375, 3.6875, 3.24609375, 5.25390625, 3.53515625, 0.0182952880859375, 0.6650390625, 7.37890625, 6.3359375, 0.409423828125, 6.7265625, 7.78515625, 2.869140625, 6.3046875, 8.0390625, 5.0078125, 1.763671875, 7.3828125, 1.140625, 7.81640625, 1.775390625, 0.8935546875, 0.65576171875, 1.9873046875, 5.3046875, 5.1875, 2.544921875, 5.375, 1.953125, 8.0234375, 1.2138671875, 6.28515625, 0.03662109375, 1.00390625, 9.09375, 9.21875, 0.303955078125, 5.9609375, 5.484375, 4.359375, 0.72705078125, 4.24609375, 3.6484375, 6.19140625, 0.4072265625, 2.576171875, 0.5146484375, 2.26953125, 1.216796875, 1.6123046875, 2.05859375, 7.70703125, 0.025634765625, 8.8046875, 0.50146484375, 1.6787109375, 3.53125, 6.53125, 0.72412109375, 4.41015625, 7.0703125, 2.771484375, 1.7177734375, 0.54833984375, 2.462890625, 8.6640625, 0.0738525390625, 1.2646484375, 7.09765625, 5.27734375, 4.27734375, 0.0105133056640625, 2.48046875, 3.37109375, 6.56640625, 0.058349609375, 0.91357421875, 9.84375, 4.921875, 7.80859375, 0.343505859375, 0.25732421875, 0.76171875, 2.7421875, 1.24609375, 0.01012420654296875, 5.91015625, 11.578125, 0.171875, 6.73046875, 8.75, 2.158203125, 1.896484375, 6.41015625, 7.2890625, 2.560546875, 0.68310546875, 5.7890625, 1.341796875, 0.9287109375, 6.8359375, 3.380859375, 2.6640625, 5.8359375, 0.29736328125, 3.775390625, 3.16015625, 1.6650390625, 6.86328125, 0.7490234375, 1.7890625, 3.28125, 3.810546875, 3.755859375, 6.8359375, 2.8359375, 0.07073974609375, 6.421875, 4.69140625, 0.3154296875, 0.10052490234375, 0.10260009765625, 9.8671875, 0.162353515625, 0.23046875, 2.666015625, 2.150390625, 0.00873565673828125, 2.009765625, 16.234375, 5.84765625, 8.734375, 3.330078125, 4.30078125, 0.84814453125, 2.5390625, 5.01953125, 1.07421875, 5.4296875, 3.765625, 3.115234375, 2.533203125, 6.33984375, 6.26171875, 7.74609375, 10.6875, 1.1552734375, 6.390625, 3.271484375, 4.79296875, 0.046051025390625, 0.0001169443130493164, 3.201171875, 6.78125, 8.921875, 12.46875, 0.763671875, 0.04736328125, 1.0, 0.261962890625, 0.25830078125, 0.0088348388671875, 0.03497314453125, 0.0007348060607910156, 0.0325927734375, 0.0188446044921875, 6.8203125, 9.109375, 0.97216796875, 1.564453125, 0.261474609375, 1.5078125, 0.0010242462158203125, 3.091796875, 0.0194091796875, 0.0006661415100097656, 4.22265625, 7.2109375, 3.03125, 4.33203125, 0.17529296875, 8.3125, 0.088623046875, 0.0038547515869140625, 0.00205230712890625, 0.0006098747253417969, 0.6005859375, 0.377197265625, 0.003742218017578125, 0.00022149085998535156, 0.0003590583801269531, 3.791015625, 0.289794921875, 0.623046875, 2.16015625, 0.97509765625, 0.01221466064453125, 7.05718994140625e-05, 0.09228515625, 0.0016775131225585938, 0.203369140625, 0.79296875, 0.2685546875, 1.171875, 0.0226287841796875, 0.003398895263671875, 0.469970703125, 0.003582000732421875, 1.5497207641601562e-06, 0.050323486328125, 0.365478515625, 0.01953125, 0.00598907470703125, 0.0011720657348632812, 0.01202392578125, 0.0009212493896484375, 0.00025010108947753906, 0.0191650390625, 0.018280029296875, 2.7421875, 0.0026416778564453125, 0.001987457275390625, 0.0010271072387695312, 0.0001055002212524414, 2.0623207092285156e-05, 0.0007686614990234375, 0.006404876708984375, 0.043731689453125, 0.0072479248046875, 0.0180206298828125, 0.041412353515625, 0.0015878677368164062, 0.0019388198852539062, 0.001007080078125, 0.00023734569549560547, 0.00543975830078125, 0.0024967193603515625, 0.0177001953125, 0.22265625, 0.0309906005859375, 0.0081634521484375, 0.060791015625, 0.1051025390625, 1.1044921875, 0.0116424560546875, 0.004894256591796875, 0.04052734375, 0.0084228515625, 0.0305328369140625, 0.053375244140625, 0.009735107421875, 0.0001773834228515625, 0.00372314453125, 0.03387451171875]",-1.4345845099952488
205,1,test,2.891768343951724,1.2474658846062048,1.7458674426394634,5.298882775509304,2.2858592745856714,3.1991314032723124,18.02515611124834,12.847758909190446,14.879882449244938,33.02933633792991,23.542262135276346,27.265929851130387,3.0822569653017435,1.31325678790637,1.8207827278836086,5.647934550943977,2.4064146728116724,3.336406339362143,21.807565814621988,15.942579331730943,18.27694318606876,39.960232330703974,29.213217993339377,33.49071153648353,2.8106382451328544,1.214871419584259,1.6894786497027583,5.150219801137297,2.2261331040426637,3.0958044530866182,16.62052280204879,11.6884131119333,13.552112546435202,30.45548312330728,21.417874305665485,24.832921314138247,0.6381909547738693,0.00819095477386933,0.013190954773869334,0.507537688442211,0.007537688442211032,0.007537688442211032,0.3919597989949749,0.001959798994974893,0.001959798994974893,0.382262996941896,0.07844620304876626,0.1472680834118859,0.352760736196319,0.3869346733668342,0.08117026233926528,0.14319510742359542,0.3535353535353535,0.36789297658862874,0.07907828543670892,0.1420865249757255,0.33221476510067116,21.0,6.0,6.0,34.0,6.0,6.0,43.0,10.0,10.0,-0.0008866695945970399,-2.962392982906395e-05,-0.0002259952964618147,0.004271166058615883,0.0034967270929291416,0.004322411877953236,"[3.056640625, 9.4453125, 2.4296875, 1.0791015625, 0.80224609375, 4.9921875, 0.57177734375, 8.484375, 2.6796875, 8.5390625, 5.0546875, 6.12890625, 0.04071044921875, 6.296875, 2.169921875, 1.8154296875, 7.21484375, 2.29296875, 3.8828125, 0.0013475418090820312, 0.002788543701171875, 1.318359375, 11.453125, 4.98046875, 7.6875, 0.2239990234375, 1.4208984375, 3.4765625, 0.15478515625, 2.443359375, 7.7421875, 5.32421875, 3.109375, 5.91796875, 1.4873046875, 5.56640625, 0.7021484375, 5.96875, 2.701171875, 7.50390625, 3.263671875, 4.10546875, 9.0, 10.734375, 2.76953125, 1.0615234375, 1.720703125, 1.6767578125, 0.434814453125, 0.34912109375, 7.45703125, 0.1732177734375, 5.5859375, 2.666015625, 6.08984375, 5.5546875, 0.369384765625, 1.9228515625, 0.40771484375, 2.7421875, 3.6953125, 0.0733642578125, 0.1810302734375, 6.02734375, 1.6455078125, 0.5478515625, 8.171875, 2.8359375, 5.9140625, 0.2266845703125, 5.828125, 3.173828125, 8.9453125, 0.179931640625, 0.6513671875, 3.333984375, 0.03741455078125, 1.1123046875, 6.390625, 0.6396484375, 8.375, 0.3642578125, 6.65625, 0.2203369140625, 1.91015625, 8.765625, 8.4140625, 1.513671875, 0.630859375, 7.40234375, 2.07421875, 1.7333984375, 1.353515625, 10.2109375, 0.4921875, 11.5625, 2.302734375, 2.41015625, 5.74609375, 12.8984375, 1.8525390625, 0.4326171875, 1.068359375, 9.34375, 2.529296875, 1.103515625, 0.444091796875, 0.1268310546875, 1.3828125, 3.0859375, 2.859375, 0.80712890625, 0.01947021484375, 0.267578125, 0.1729736328125, 0.372314453125, 0.01947021484375, 5.7265625, 1.0146484375, 3.607421875, 1.1455078125, 8.2578125, 0.0184326171875, 7.8984375, 0.3330078125, 5.71875, 4.6796875, 0.96435546875, 7.71875, 0.2093505859375, 1.9169921875, 0.056060791015625, 0.205078125, 0.09564208984375, 6.0234375, 0.1658935546875, 0.0780029296875, 3.421875, 6.78125, 2.970703125, 1.111328125, 0.859375, 10.3046875, 0.1749267578125, 0.06365966796875, 1.1650390625, 3.484375, 6.05078125, 2.28515625, 4.54296875, 2.24609375, 3.73046875, 0.030242919921875, 0.167724609375, 0.3505859375, 2.427734375, 4.78125, 0.8017578125, 0.5458984375, 5.56640625, 0.0181732177734375, 0.3564453125, 1.873046875, 0.0037899017333984375, 0.158203125, 0.00021123886108398438, 0.007770538330078125, 0.003215789794921875, 0.492919921875, 5.390625, 4.33203125, 2.00390625, 8.2265625, 2.720703125, 1.5810546875, 0.002643585205078125, 0.364501953125, 0.196533203125, 6.671875, 0.89501953125, 2.36328125, 2.673828125, 6.21484375, 0.2305908203125, 0.00102996826171875, 0.186767578125, 0.2440185546875, 11.7578125, 3.349609375, 5.93359375, 6.50390625, 0.4892578125, 0.0014934539794921875, 0.429931640625, 6.08203125, 3.6796875, 3.923828125, 1.8154296875, 0.1864013671875, 0.369873046875, 0.95361328125, 3.00390625, 2.138671875, 0.458251953125, 3.580078125, 1.0068359375, 3.119140625, 0.036346435546875, 0.0005474090576171875, 1.4453125, 0.0007457733154296875, 0.400146484375, 4.45703125, 0.396240234375, 1.9033203125, 0.1754150390625, 1.8359375, 2.078125, 0.00830078125, 1.384765625, 0.45751953125, 2.556640625, 1.052734375, 0.006938934326171875, 0.07867431640625, 7.00390625, 3.125, 1.8349609375, 0.059906005859375, 0.00323486328125, 4.184246063232422e-05, 0.0190887451171875, 0.0491943359375, 2.2578125, 0.19677734375, 0.2010498046875, 0.005947113037109375, 0.00021910667419433594, 0.005458831787109375, 0.00015115737915039062, 8.515625, 0.8544921875, 5.73046875, 3.22265625, 7.8203125, 0.0173797607421875, 6.19921875, 7.33203125, 6.71875, 0.73193359375, 0.04022216796875, 0.00010895729064941406, 0.0318603515625, 0.050140380859375, 2.873046875, 3.04296875, 3.962890625, 3.29296875, 7.3359375, 1.083984375, 5.63671875, 5.3515625, 9.7890625, 0.166259765625, 0.068359375, 0.008544921875, 6.1171875, 0.005374908447265625, 16.328125, 6.078125, 6.5546875, 10.609375, 3.759765625, 0.65869140625, 2.9087066650390625e-05, 0.495361328125, 0.05743408203125, 2.482421875, 5.76953125, 1.9091796875, 2.67578125, 4.4609375, 1.3369140625, 0.7939453125, 0.591796875, 2.35546875, 0.04937744140625, 0.2325439453125, 0.09625244140625, 4.7890625, 2.587890625, 3.3203125, 1.9501953125, 0.64599609375, 4.0411949157714844e-05, 0.107421875, 0.378662109375, 2.5078125, 4.43359375, 1.6953125, 4.1171875, 4.46875, 3.765625, 2.6796875, 1.625, 6.33203125, 0.95263671875, 5.62890625, 4.5, 0.0011568069458007812, 2.650390625, 12.6875, 0.499267578125, 7.5234375, 5.921875, 3.052734375, 6.71875, 6.328125, 0.416748046875, 0.303466796875, 0.1416015625, 2.9140625, 4.05078125, 2.75, 0.486328125, 5.85546875, 0.00704193115234375]",-1.4437915010189792
62,1,test,3.4388545972621993,1.5629731058454572,2.1507517640772975,5.662896429187208,2.5738089732128997,3.5417270897577233,31.151256991056062,24.624687290470046,27.525355903896696,51.2979938494021,40.550436135937076,45.32708064609075,3.378255545793466,1.4582467627398314,2.0633681871248157,5.5631055998664145,2.401352006033527,3.397829134232713,29.319579811494368,22.498561433096448,25.595248363524014,48.28169936349344,37.04926149037078,42.14869703341182,3.412733853860045,1.56087489787015,2.1457017298159426,5.619882378910835,2.570353772036171,3.5334110007295143,30.348098217947143,23.976445075067275,26.797798157290114,49.975400869771654,39.48295031383361,44.12898283510274,0.6683417085427136,-0.006658291457286469,-0.006658291457286469,0.592964824120603,0.002964824120602949,0.007964824120603065,0.4723618090452262,0.002361809045226204,0.007361809045226209,0.42052980132450335,0.09656285917574303,0.17934037401172798,0.40863787375415284,0.42713567839195976,0.09881487638694719,0.186735010612327,0.38888888888888884,0.4180602006688964,0.09752597696271936,0.17445619621950814,0.40268456375838924,27.0,7.0,5.0,35.0,6.0,6.0,45.0,7.0,7.0,0.00010686433869038895,2.3056114434023493e-05,2.054796672115766e-05,-0.0004951882937413998,-9.202525539642181e-05,5.081944426521545e-05,"[3.056640625, 9.4453125, 2.4296875, 1.0791015625, 7.80078125, 2.603515625, 0.83447265625, 7.58984375, 4.70703125, 0.4921875, 0.400634765625, 6.53515625, 0.4208984375, 3.6171875, 6.6015625, 9.8203125, 7.05859375, 2.099609375, 6.86328125, 4.8203125, 2.7109375, 7.77734375, 5.31640625, 3.349609375, 3.123046875, 2.970703125, 2.205078125, 4.75390625, 2.818359375, 7.9765625, 3.92578125, 2.9609375, 8.4453125, 4.71484375, 0.34326171875, 3.47265625, 5.9765625, 2.82421875, 0.66259765625, 1.6904296875, 2.357421875, 1.798828125, 3.94140625, 4.63671875, 8.2421875, 6.6875, 0.28857421875, 3.99609375, 0.615234375, 1.173828125, 4.98046875, 4.8984375, 0.003971099853515625, 0.15283203125, 0.0003859996795654297, 0.005649566650390625, 0.0034503936767578125, 1.935546875, 0.0029144287109375, 0.00478363037109375, 4.89453125, 3.013671875, 7.90234375, 1.9541015625, 2.306640625, 1.2919921875, 5.1796875, 7.5703125, 4.51953125, 6.08984375, 2.353515625, 0.0014886856079101562, 0.006862640380859375, 6.5078125, 1.2783203125, 3.2578125, 7.7421875, 6.3046875, 1.23828125, 0.0007476806640625, 0.004486083984375, 7.67578125, 3.81640625, 1.66796875, 0.92919921875, 0.00027441978454589844, 0.007091522216796875, 2.916015625, 4.37890625, 0.1942138671875, 0.000560760498046875, 0.08209228515625, 8.859375, 3.173828125, 9.0078125, 4.0625, 2.080078125, 4.20703125, 9.140625, 2.75, 3.5625, 0.2081298828125, 3.77734375, 2.2265625, 3.298828125, 1.748046875, 9.7578125, 0.01473236083984375, 0.271728515625, 2.419921875, 0.01195526123046875, 0.00678253173828125, 0.470458984375, 1.2685546875, 0.0034999847412109375, 0.030670166015625, 0.0055389404296875, 0.023712158203125, 13.171875, 2.3984375, 0.98779296875, 0.00231170654296875, 0.01155853271484375, 0.0008025169372558594, 0.282470703125, 0.0002872943878173828, 3.533203125, 0.004268646240234375, 0.0216217041015625, 7.421875, 4.35546875, 7.97265625, 1.421875, 4.5078125, 4.20703125, 0.33642578125, 6.19921875, 8.453125, 7.32421875, 2.3671875, 0.0034637451171875, 0.00820159912109375, 3.802734375, 3.19140625, 0.281494140625, 2.671875, 10.46875, 4.56640625, 10.765625, 4.38671875, 4.87109375, 8.09375, 5.07421875, 7.39453125, 12.375, 2.4921875, 0.0010671615600585938, 0.0098876953125, 5.9921875, 2.333984375, 7.66796875, 7.76953125, 6.25390625, 11.0234375, 3.201171875, 0.0772705078125, 0.074462890625, 0.009613037109375, 0.467529296875, 1.4501953125, 1.0556640625, 0.07012939453125, 0.30517578125, 0.02752685546875, 0.00038242340087890625, 0.0099029541015625, 0.0081024169921875, 0.0011196136474609375, 10.0078125, 2.48046875, 2.849609375, 6.87109375, 10.6171875, 4.765625, 0.278076171875, 6.76953125, 9.109375, 0.6943359375, 7.8671875, 0.0189056396484375, 0.03546142578125, 0.003917694091796875, 6.171875, 3.9609375, 3.607421875, 8.7734375, 1.484375, 2.521484375, 6.82421875, 5.25, 0.93603515625, 1.052734375, 8.40625, 0.4296875, 5.08984375, 1.7421875, 1.419921875, 6.41796875, 3.1796875, 0.951171875, 0.61083984375, 10.3671875, 0.265380859375, 6.40625, 2.421875, 4.60546875, 0.5791015625, 3.28515625, 5.42578125, 1.7216796875, 3.896484375, 0.30224609375, 4.86328125, 2.11328125, 0.1641845703125, 6.4609375, 6.76953125, 1.3974609375, 2.25390625, 5.3984375, 1.6318359375, 2.13671875, 0.95849609375, 3.775390625, 3.779296875, 0.016021728515625, 0.587890625, 2.5, 1.4931640625, 0.5908203125, 3.041015625, 4.53515625, 5.3125, 0.29150390625, 6.44140625, 1.703125, 3.865234375, 5.66796875, 8.59375, 5.0234375, 1.3828125, 1.0341796875, 2.232421875, 2.56640625, 0.0022754669189453125, 2.298828125, 1.0009765625, 8.40625, 3.20703125, 3.40234375, 2.025390625, 10.40625, 0.348876953125, 0.0166778564453125, 5.09765625, 7.93359375, 2.3671875, 2.984375, 0.056396484375, 5.796875, 1.1416015625, 9.9765625, 0.1973876953125, 6.6796875, 4.35546875, 2.060546875, 2.408203125, 4.453125, 4.6015625, 0.6943359375, 2.17578125, 2.5859375, 7.03125, 0.158935546875, 0.445556640625, 5.61328125, 0.88330078125, 0.73779296875, 2.435546875, 6.859375, 0.28564453125, 5.99609375, 8.328125, 6.328125, 1.2705078125, 12.21875, 4.4921875, 8.109375, 1.7158203125, 9.2734375, 0.35791015625, 7.51953125]",-1.3785458582126542
39,1,test,3.2693073417722562,1.4459452370880908,1.9817027126643723,5.188248607595103,2.294652224074579,3.1448760440108523,26.293120887896723,20.100477082116964,22.669025789528998,41.72603966992306,31.898583195533444,35.974758318165584,3.4062364011553665,1.4491986003210742,1.9811837346504542,5.405549071398734,2.299815170074748,3.1440524484670247,30.151552101111662,23.0732235404338,25.9934752727486,47.849202247416336,36.616202575036255,41.25051510675322,3.255631047016157,1.4225010137095966,1.9747089269218576,5.166544922438684,2.257447260886968,3.1337772101151216,25.93597619135522,19.682546691042425,22.336018402431705,41.15926656454198,31.235345835784717,35.44629007342422,0.6080402010050252,0.013040201005025231,0.008040201005025227,0.5175879396984925,0.0025879396984924696,0.017587939698492483,0.4522613065326633,0.002261306532663321,-0.012738693467336692,0.40893470790378006,0.1259158399792517,0.17579185076092296,0.38275862068965516,0.4170854271356784,0.12385234442891147,0.18336255568325777,0.3939393939393939,0.4020618556701031,0.12075825361178405,0.1677761413843888,0.37241379310344824,15.0,-3.0,-1.0,32.0,0.0,1.0,36.0,-1.0,-1.0,-0.0006208762650117621,7.259064720653494e-07,-0.00022741785971346813,0.007896375310157744,0.008359108092740541,0.009059673797092493,"[3.056640625, 6.44140625, 0.03302001953125, 0.005214691162109375, 0.009490966796875, 1.6259765625, 0.047332763671875, 0.003810882568359375, 7.4375, 7.33203125, 6.48046875, 2.841796875, 7.62109375, 5.48828125, 2.630859375, 2.646484375, 9.3125, 7.91796875, 1.236328125, 0.72412109375, 3.3046875, 7.484375, 4.16796875, 1.63671875, 3.609375, 0.79248046875, 12.8671875, 3.4765625, 6.76953125, 5.578125, 0.212890625, 9.203125, 12.5625, 5.01953125, 0.335205078125, 3.984375, 4.7206878662109375e-05, 0.0004982948303222656, 7.140625, 5.2421875, 8.0703125, 5.703125, 11.5625, 0.0753173828125, 2.875, 5.20703125, 0.1729736328125, 10.0078125, 1.0673828125, 7.71484375, 5.67578125, 1.70703125, 1.1455078125, 8.1796875, 1.458984375, 6.25390625, 3.341796875, 0.1722412109375, 0.052734375, 0.343017578125, 9.390625, 0.0256805419921875, 0.607421875, 1.4013671875, 1.466796875, 0.0024776458740234375, 0.02362060546875, 0.0041351318359375, 0.01416778564453125, 3.451171875, 0.1146240234375, 0.0762939453125, 0.00014030933380126953, 0.004436492919921875, 0.0024967193603515625, 0.11773681640625, 0.00018775463104248047, 8.25, 4.765625, 9.5390625, 4.78125, 2.36328125, 6.8046875, 2.98046875, 5.13671875, 7.984375, 3.83984375, 8.453125, 7.625, 8.625, 6.08203125, 2.642578125, 0.2196044921875, 0.0020751953125, 0.0108642578125, 0.0003266334533691406, 8.578125, 0.065673828125, 3.8984375, 7.640625, 0.451904296875, 0.65673828125, 10.65625, 3.193359375, 0.70751953125, 8.578125, 0.07562255859375, 0.1385498046875, 1.6416015625, 8.546875, 5.76953125, 3.560546875, 1.6240234375, 0.0181121826171875, 8.2265625, 0.7255859375, 0.1951904296875, 0.00379180908203125, 0.003910064697265625, 0.00806427001953125, 0.00012171268463134766, 0.00015354156494140625, 0.000507354736328125, 0.02178955078125, 0.01097869873046875, 0.0004334449768066406, 1.1083984375, 0.20361328125, 0.462158203125, 0.2308349609375, 0.353271484375, 0.340087890625, 2.0625, 1.1552734375, 0.2322998046875, 3.8046875, 1.00390625, 3.560546875, 7.98828125, 0.382568359375, 5.15234375, 5.265625, 6.6796875, 1.57421875, 3.03125, 0.2486572265625, 5.4140625, 0.712890625, 7.73828125, 0.0279388427734375, 9.3203125, 1.1845703125, 0.0216827392578125, 0.1959228515625, 5.2421875, 0.35546875, 4.1953125, 5.7265625, 1.0947265625, 0.04547119140625, 0.05670166015625, 3.837890625, 0.034454345703125, 5.16796875, 7.15234375, 0.311279296875, 4.27734375, 0.52783203125, 0.076904296875, 0.0161590576171875, 3.01953125, 1.6220703125, 0.44580078125, 1.7724609375, 0.9814453125, 0.20849609375, 10.1796875, 6.5546875, 5.78125, 1.6142578125, 0.377685546875, 8.1953125, 17.5625, 7.51953125, 12.9921875, 2.095703125, 11.0703125, 0.431640625, 4.27734375, 8.2421875, 0.287841796875, 8.1328125, 7.1640625, 4.91015625, 0.06597900390625, 0.310791015625, 6.56640625, 2.03515625, 10.0859375, 11.0859375, 2.91796875, 0.650390625, 11.3046875, 5.9921875, 5.3984375, 1.1064453125, 1.1572265625, 2.298828125, 5.38671875, 1.5751953125, 3.146484375, 8.3984375, 0.4384765625, 0.031158447265625, 2.068359375, 6.07421875, 5.03125, 6.6953125, 0.03192138671875, 11.171875, 1.5576171875, 2.291015625, 4.72265625, 1.783203125, 1.0205078125, 1.296875, 1.6982421875, 6.53125, 0.96728515625, 0.81982421875, 6.640625, 7.8671875, 0.002559661865234375, 0.438720703125, 1.5751953125, 0.23291015625, 4.40234375, 1.3662109375, 3.638671875, 4.96875, 0.4658203125, 0.349365234375, 7.64453125, 3.501953125, 1.4638671875, 3.4140625, 6.3046875, 2.908203125, 4.67578125, 0.050537109375, 4.97265625, 8.2421875, 0.052093505859375, 1.6298828125, 0.0079803466796875, 0.01885986328125, 7.7578125, 5.1875, 6.40234375, 0.060943603515625, 1.494140625, 1.9404296875, 3.076171875, 5.953125, 2.486328125, 0.61474609375, 3.111328125, 4.75, 0.05853271484375, 8.1171875, 3.6171875, 0.90869140625, 2.888671875, 0.552734375, 2.361328125, 0.002223968505859375, 2.439453125, 0.3984375, 0.611328125, 0.101806640625, 0.234375, 1.4912109375, 0.01433563232421875, 1.9072265625, 4.33984375, 1.72265625, 0.420654296875, 3.640625, 0.058563232421875, 0.1373291015625, 0.07049560546875]",-1.8959935043275973
290,1,test,2.9774949787468312,1.332301958178425,1.8513613566949705,5.74637565961968,2.571257919287024,3.5730094973157707,19.638559965910147,14.456549920963987,16.554849335307843,37.90116987051449,27.90022054810247,31.949804768141888,3.159187834466522,1.3734796006403793,1.9300561842184862,6.097031298365325,2.6507281464588206,3.7248855020267593,23.551460475080926,17.58765825638874,20.133200473126706,45.452818623882294,33.9430602018203,38.85579454367765,2.9827215392454014,1.3327839147200542,1.8539064614117442,5.756462588479978,2.572188064714499,3.577921387310563,19.741470788228934,14.534815738758127,16.6494802277551,38.0997812027603,28.05126859136122,32.132436363119716,0.728643216080402,0.0036432160804019675,-0.011356783919598046,0.5728643216080402,-0.01713567839195984,0.0028643216080401768,0.42211055276381915,-0.012889447236180906,0.002110552763819107,0.42715231788079466,0.119714301351869,0.18155760422440703,0.3920265780730897,0.4120603015075377,0.08373949950252513,0.15329569382807195,0.38888888888888884,0.4247491638795987,0.1192399819096488,0.18114515943021048,0.3926174496644296,22.0,10.0,6.0,35.0,13.0,13.0,44.0,15.0,14.0,-0.0009836982830429364,-0.0003205317428512763,-0.00011516654217803209,-0.0004951882937413998,-9.202525539642181e-05,5.081944426521545e-05,"[3.0625, 9.453125, 2.48046875, 1.494140625, 0.81689453125, 3.970703125, 6.59375, 4.8828125, 5.8203125, 1.974609375, 1.0068359375, 7.0546875, 1.4599609375, 7.7578125, 3.3984375, 0.08392333984375, 2.94921875, 2.01171875, 6.03125, 1.7763671875, 9.5, 1.337890625, 2.908203125, 2.091796875, 0.67236328125, 5.62109375, 2.681640625, 4.26953125, 4.01171875, 1.0205078125, 10.21875, 1.279296875, 1.4931640625, 2.61328125, 9.6640625, 1.2490234375, 6.54296875, 4.78125, 2.333984375, 1.1943359375, 2.767578125, 0.031341552734375, 1.1162109375, 0.5166015625, 2.34375, 1.365234375, 6.62890625, 6.328125, 0.4482421875, 3.34375, 1.1796875, 6.7890625, 4.078125, 3.90234375, 1.2431640625, 3.615234375, 4.3203125, 0.2376708984375, 0.642578125, 5.75, 2.462890625, 3.857421875, 0.3203125, 3.244140625, 1.0859375, 7.453125, 9.7890625, 1.19921875, 4.34765625, 1.81640625, 3.728515625, 9.15625, 0.00290679931640625, 0.57666015625, 0.57080078125, 4.5234375, 0.004161834716796875, 3.021484375, 0.0919189453125, 0.186279296875, 3.29296875, 4.640625, 0.0167083740234375, 6.65625, 5.92578125, 8.1484375, 4.65625, 1.365234375, 6.73046875, 1.37109375, 3.494140625, 5.86328125, 3.4453125, 2.619140625, 0.5927734375, 2.603515625, 0.828125, 7.27734375, 4.79296875, 0.298095703125, 7.0234375, 4.51953125, 2.044921875, 8.421875, 2.736328125, 1.8779296875, 1.6083984375, 5.31640625, 3.173828125, 0.3603515625, 5.5703125, 2.46875, 0.56787109375, 7.87890625, 0.17431640625, 4.9375, 3.685546875, 0.3359375, 0.2447509765625, 2.46484375, 4.765625, 5.21484375, 0.52099609375, 6.52734375, 1.25, 7.0546875, 2.55859375, 5.44921875, 0.1536865234375, 7.6171875, 2.123046875, 0.77099609375, 5.67578125, 1.109375, 5.2421875, 0.1688232421875, 5.890625, 2.458984375, 0.74951171875, 2.48046875, 2.23828125, 0.54443359375, 3.544921875, 1.466796875, 3.052734375, 0.25341796875, 1.94140625, 1.2490234375, 6.92578125, 0.08612060546875, 0.541015625, 1.130859375, 3.685546875, 0.355224609375, 11.7734375, 2.98046875, 0.414306640625, 3.236328125, 0.1644287109375, 0.14404296875, 0.0487060546875, 0.269287109375, 2.44921875, 0.433349609375, 0.533203125, 1.3583984375, 2.51171875, 4.515625, 6.02734375, 0.9443359375, 0.01540374755859375, 11.9765625, 4.328125, 5.0703125, 1.751953125, 3.693359375, 2.912109375, 3.20703125, 4.68359375, 2.90234375, 0.388916015625, 2.833984375, 2.17578125, 0.0906982421875, 0.034149169921875, 0.08935546875, 1.3916015625, 4.31640625, 3.642578125, 7.02734375, 0.70458984375, 2.744140625, 1.3798828125, 0.228515625, 8.6171875, 0.9169921875, 4.78515625, 4.80078125, 7.3671875, 2.5546875, 3.69140625, 0.5400390625, 2.9140625, 9.234375, 0.0146636962890625, 0.11566162109375, 0.382080078125, 2.029296875, 10.796875, 0.485107421875, 0.298095703125, 5.078125, 0.17138671875, 0.378662109375, 1.0732421875, 2.697265625, 2.32421875, 3.375, 3.041015625, 0.2264404296875, 1.431640625, 5.6171875, 2.30078125, 2.3359375, 4.27734375, 7.35546875, 3.814453125, 0.0252838134765625, 6.19921875, 0.0015516281127929688, 4.15234375, 0.0738525390625, 0.0009055137634277344, 5.953125, 4.67578125, 1.13671875, 0.59228515625, 0.00157928466796875, 3.3828125, 6.57421875, 8.28125, 0.1719970703125, 4.890625, 3.14453125, 5.65234375, 1.75390625, 6.671875, 0.31982421875, 6.3515625, 0.10943603515625, 5.21875, 0.234130859375, 0.00469207763671875, 3.78515625, 4.5859375, 5.1640625, 1.6689453125, 0.09112548828125, 6.6953125, 0.0182647705078125, 0.09930419921875, 0.6015625, 7.23828125, 0.06146240234375, 1.2333984375, 0.377197265625, 5.04296875, 4.30859375, 0.058013916015625, 0.68505859375, 0.74560546875, 0.00011396408081054688, 4.703125, 1.7001953125, 1.6865234375, 5.54296875, 0.126220703125, 0.27880859375, 7.05078125, 0.001247406005859375, 2.31640625, 0.03851318359375, 0.044158935546875, 5.0859375, 5.08203125, 4.5703125, 0.3984375, 7.1875, 0.27587890625, 0.98681640625, 6.63671875, 0.051300048828125, 0.1129150390625, 0.1553955078125, 4.81640625, 2.025390625, 0.016693115234375, 3.294921875, 0.69970703125, 5.99609375, 1.3583984375, 0.01525115966796875]",-1.2738959552436473
143,1,test,3.0221608584440207,1.3389377250011938,1.675389794518204,6.200910362403276,2.7472504616604803,3.437587350410408,20.53561833942334,15.15274056516575,16.69062810198818,42.135258354464476,31.090597221790873,34.24605558749907,3.8674402764095133,1.7863469083333703,2.464699776002366,7.935266059368742,3.6652506512954126,5.057104203611072,47.81982375394457,39.806598222640446,43.753495268049114,98.11735858322305,81.67571448790474,89.77401101630802,3.3826812043237844,1.565764470492866,2.15123653693301,6.9406308648301485,3.212656633757383,4.41393610686773,29.4496258173384,23.296767543461648,26.023450170419164,60.42513898272543,47.80062148813893,53.395265634642435,0.6934673366834171,-0.016532663316582874,-0.016532663316582874,0.6180904522613065,0.008090452261306558,0.008090452261306558,0.5226130653266332,0.0026130653266331905,-0.002386934673366814,0.38987341772151896,0.12059402454832047,0.15820186346931953,0.36040609137055835,0.4522613065326633,0.14148436417677357,0.2151995369166365,0.4696969696969697,0.41137123745819393,0.1325732407970921,0.20336233868177567,0.3825503355704698,27.0,2.0,3.0,37.0,1.0,0.0,48.0,6.0,7.0,-0.0006951516006834899,-0.0019014591514143065,-0.00031691197355965576,0.030365166281606015,0.046088437887902955,0.03666209110027285,"[3.056640625, 9.4453125, 2.48046875, 1.80859375, 2.875, 0.357177734375, 3.64453125, 0.38818359375, 0.197509765625, 3.919921875, 0.496337890625, 7.87109375, 2.03515625, 3.478515625, 0.1973876953125, 12.0859375, 2.53515625, 0.009613037109375, 8.1875, 0.306884765625, 9.9609375, 7.2734375, 0.83544921875, 4.3984375, 4.66015625, 0.2022705078125, 6.359375, 1.7119140625, 0.0386962890625, 4.85546875, 2.65234375, 3.322265625, 10.2578125, 0.1959228515625, 1.9990234375, 2.078125, 7.51953125, 0.63134765625, 10.2421875, 5.24609375, 1.6708984375, 4.75390625, 8.5, 7.44140625, 0.427978515625, 8.390625, 10.46875, 2.322265625, 1.791015625, 8.2265625, 5.265625, 2.25, 4.25, 5.3984375, 1.94921875, 0.7255859375, 10.5078125, 3.09765625, 1.3525390625, 5.50390625, 2.265625, 5.15234375, 1.6630859375, 9.296875, 4.4375, 0.51806640625, 3.7734375, 6.18359375, 4.1875, 0.07763671875, 4.92578125, 7.921875, 8.5859375, 2.4609375, 3.939453125, 5.29296875, 6.94921875, 2.697265625, 2.5859375, 8.515625, 0.04876708984375, 8.9609375, 4.90625, 6.69921875, 1.25, 4.87109375, 0.10858154296875, 0.59765625, 3.6875, 0.042633056640625, 0.179443359375, 6.1875, 0.0014142990112304688, 1.404296875, 0.002101898193359375, 0.6474609375, 0.0167694091796875, 0.37548828125, 9.1328125, 5.828125, 5.4453125, 0.962890625, 5.37890625, 0.06646728515625, 0.00943756103515625, 0.16650390625, 3.744140625, 0.003662109375, 4.26171875, 1.966796875, 0.77685546875, 11.3203125, 2.783203125, 12.5, 5.5703125, 3.529296875, 1.0693359375, 9.8125, 1.060546875, 7.2265625, 3.921875, 7.359375, 4.03515625, 4.5546875, 0.2197265625, 0.1697998046875, 0.366455078125, 7.26953125, 6.37109375, 9.0, 6.66015625, 6.3828125, 0.448974609375, 0.031585693359375, 1.5029296875, 12.53125, 5.20703125, 9.4140625, 5.515625, 1.7861328125, 1.248046875, 7.14453125, 0.394775390625, 2.513671875, 3.62890625, 0.0222320556640625, 8.9609375, 0.318359375, 0.0131988525390625, 0.54931640625, 6.33984375, 1.37109375, 3.923828125, 2.345703125, 4.10546875, 2.36328125, 6.8828125, 4.1328125, 5.01953125, 0.68115234375, 2.015625, 8.015625, 4.11328125, 13.046875, 4.8203125, 7.9921875, 0.861328125, 8.40625, 5.91796875, 6.06640625, 0.039703369140625, 0.00662994384765625, 0.11041259765625, 2.41015625, 0.08660888671875, 5.64453125, 0.1541748046875, 0.31689453125, 0.073974609375, 3.48828125, 0.0175628662109375, 0.791015625, 0.448486328125, 10.7421875, 1.916015625, 5.28125, 5.8515625, 0.19921875, 11.4140625, 1.767578125, 3.935546875, 0.4189453125, 10.0234375, 1.359375, 0.0070037841796875, 0.46435546875, 7.48046875, 7.765625, 4.05078125, 0.6416015625, 1.623046875, 0.67333984375, 0.006069183349609375, 0.71484375, 0.00934600830078125, 3.611328125, 0.796875, 1.4150390625, 0.80322265625, 0.6962890625, 0.2047119140625, 15.6484375, 5.10546875, 11.75, 4.76953125, 7.11328125, 2.162109375, 12.875, 7.1015625, 12.6796875, 1.7861328125, 1.9443359375, 0.002017974853515625, 0.4765625, 1.373046875, 0.2763671875, 0.2039794921875, 5.34375, 1.556640625, 13.9140625, 4.79296875, 17.015625, 12.8671875, 6.4765625, 7.1484375, 3.3046875, 8.2265625, 5.13671875, 4.59765625, 2.595703125, 4.03125, 1.5146484375, 0.939453125, 4.86328125, 13.2421875, 7.29296875, 6.36328125, 0.3388671875, 4.67578125, 0.79296875, 0.00507354736328125, 1.337890625, 0.016937255859375, 6.296875, 0.0850830078125, 0.2103271484375, 0.01459503173828125, 0.56884765625, 0.06243896484375, 0.0043487548828125, 0.1285400390625, 0.1417236328125, 0.002742767333984375, 0.2034912109375, 0.0911865234375, 0.0728759765625, 2.021484375, 0.0242767333984375, 0.0022029876708984375, 0.0024871826171875, 0.0018415451049804688, 5.352497100830078e-05, 0.209228515625, 0.049163818359375, 1.2353515625, 0.019378662109375, 0.045318603515625, 0.025665283203125, 0.0003972053527832031, 0.00015866756439208984, 0.035430908203125, 0.035064697265625, 0.385498046875, 0.3798828125, 0.1473388671875, 0.425048828125, 0.007785797119140625, 0.0032482147216796875, 0.0012636184692382812, 0.007396697998046875, 0.806640625, 0.11163330078125, 0.06451416015625, 0.00043463706970214844, 0.004711151123046875, 0.00859832763671875, 0.041046142578125, 0.0011386871337890625, 0.006671905517578125, 0.0247955322265625, 0.002407073974609375, 0.1033935546875, 4.744529724121094e-05, 0.0002803802490234375, 0.012542724609375, 0.061767578125, 0.050048828125, 0.085693359375, 0.01702880859375, 0.0035572052001953125, 0.0133514404296875, 0.002414703369140625, 0.00017595291137695312, 0.0015783309936523438, 7.0, 0.0059051513671875, 0.380859375, 0.08203125, 0.003482818603515625, 0.0034236907958984375, 0.13818359375, 0.004627227783203125, 0.01763916015625, 0.29296875, 0.0079498291015625, 0.00012433528900146484, 0.0011005401611328125, 0.010772705078125, 0.0030422210693359375, 0.023040771484375, 0.03570556640625, 0.0068817138671875, 0.33349609375, 0.0006504058837890625, 0.004238128662109375, 0.0015544891357421875, 0.9931640625, 5.6484375, 5.03515625, 0.92529296875, 3.802734375, 11.3828125, 2.689453125, 1.2158203125, 0.5771484375, 0.002651214599609375, 0.197265625, 10.5625, 9.3515625, 0.08050537109375, 0.368408203125, 1.904296875, 6.48828125, 2.23828125, 0.54931640625, 3.521484375, 3.48046875, 3.54296875, 0.061248779296875, 0.00392913818359375, 0.1927490234375, 5.1484375, 3.9140625, 0.8603515625, 4.66796875, 9.9375, 5.83984375, 0.4052734375, 2.453125, 0.002227783203125, 0.0278778076171875, 0.00383758544921875, 0.0198516845703125, 12.9921875, 0.07806396484375, 3.16015625, 1.5771484375, 9.40625, 3.978515625, 4.23828125, 10.8828125, 0.42919921875, 0.0090789794921875, 0.007579803466796875, 0.0019893646240234375, 0.07855224609375, 4.5418739318847656e-05, 0.55126953125, 7.01953125, 0.00984954833984375, 3.201171875, 0.043853759765625, 0.02099609375, 0.003055572509765625, 0.0082244873046875]",-1.7613402897798562
97,1,test,3.0782553571889832,1.4062974265152508,1.922753844579248,5.552190644254976,2.536511922671679,3.468034541756435,21.72047485050756,16.397896008325993,18.544859220988652,39.17680739907499,29.57657316839167,33.449009883255606,3.5666000423718938,1.5494771253639121,2.2039201345779027,6.4330086653824345,2.7947624224355225,3.975168831692659,35.39604328815897,27.87937557120791,31.48939454401416,63.84317010256895,50.28549949653452,56.7968220609826,3.0782553571889832,1.4062974265152508,1.922753844579248,5.552190644254976,2.536511922671679,3.468034541756435,21.72047485050756,16.397896008325993,18.544859220988652,39.17680739907499,29.57657316839167,33.449009883255606,0.7839195979899498,-0.011080402010050228,-0.011080402010050228,0.6080402010050252,-0.01195979899497479,0.008040201005025227,0.48743718592964824,-0.007562814070351753,-0.012562814070351758,0.39590443686006827,0.08585332953468494,0.15186357420399565,0.363013698630137,0.4321608040201005,0.10133373635092757,0.16838784909522575,0.4242424242424242,0.39590443686006827,0.08585332953468494,0.15186357420399565,0.363013698630137,21.0,9.0,9.0,34.0,14.0,14.0,40.0,8.0,9.0,-0.0014419335263487743,-8.325471938982702e-05,-0.00025204309902605496,0.0003427029913991575,-0.00012688698084151184,1.9278431547142816e-05,"[3.0625, 9.453125, 2.48046875, 1.494140625, 3.81640625, 5.921875, 0.166259765625, 5.6171875, 5.265625, 1.822265625, 7.41796875, 3.0390625, 3.51953125, 0.81201171875, 10.6328125, 1.0576171875, 5.484375, 1.51171875, 1.7158203125, 5.4921875, 0.8427734375, 2.0234375, 2.787109375, 6.4765625, 1.1826171875, 2.75, 6.12109375, 2.716796875, 1.345703125, 6.28125, 0.422119140625, 1.1474609375, 4.29296875, 0.0589599609375, 0.54736328125, 4.34765625, 0.08685302734375, 0.6064453125, 5.38671875, 5.6171875, 0.77294921875, 1.55078125, 4.12109375, 4.609375, 6.078125, 6.37109375, 0.76513671875, 2.185546875, 10.3984375, 8.328125, 0.057403564453125, 0.378662109375, 4.9609375, 5.046875, 2.4453125, 0.1331787109375, 1.3447265625, 11.40625, 5.92578125, 0.01490020751953125, 0.0177764892578125, 5.3515625, 0.6103515625, 6.5703125, 8.234375, 4.58984375, 10.5078125, 6.984375, 6.20703125, 0.258056640625, 1.0380859375, 0.53955078125, 6.72265625, 2.462890625, 5.3984375, 3.259765625, 4.7890625, 0.50341796875, 2.84375, 3.634765625, 7.453125, 1.7177734375, 2.439453125, 1.2509765625, 4.2890625, 2.154296875, 3.0234375, 0.0036468505859375, 6.1015625, 5.66796875, 1.7744140625, 6.88671875, 2.173828125, 1.595703125, 3.24609375, 6.125, 2.216796875, 0.0357666015625, 10.828125, 6.3359375, 1.24609375, 6.48046875, 6.7734375, 0.4560546875, 2.58203125, 1.4404296875, 1.5029296875, 0.755859375, 3.357421875, 2.390625, 1.263671875, 5.78125, 1.8203125, 0.7509765625, 0.79638671875, 6.609375, 0.445556640625, 5.09375, 0.15966796875, 0.21484375, 7.91015625, 6.37109375, 4.5078125, 2.1796875, 1.1435546875, 2.16015625, 1.3388671875, 1.0517578125, 0.410400390625, 3.0234375, 1.0478515625, 1.4736328125, 4.37890625, 9.828125, 2.046875, 0.1934814453125, 14.46875, 2.712890625, 4.07421875, 1.0908203125, 5.484375, 8.453125, 1.3271484375, 6.1484375, 4.23828125, 4.69921875, 6.16796875, 3.05859375, 7.77734375, 1.30078125, 0.131103515625, 0.0271453857421875, 2.97265625, 1.4296875, 5.79296875, 2.607421875, 4.83203125, 0.75, 3.744140625, 0.1910400390625, 1.2958984375, 0.14306640625, 2.36328125, 0.446044921875, 10.09375, 1.740234375, 2.23046875, 2.529296875, 5.80078125, 0.0304107666015625, 4.57421875, 3.060546875, 2.181640625, 1.9716796875, 2.0546875, 1.6416015625, 10.4375, 0.0643310546875, 5.7109375, 9.6953125, 4.12109375, 1.4619140625, 8.203125, 5.42578125, 0.32275390625, 6.70703125, 2.337890625, 5.75390625, 4.1875, 3.326171875, 5.6328125, 3.67578125, 4.3828125, 9.1171875, 5.984375, 1.8447265625, 6.1640625, 4.08203125, 0.951171875, 0.70068359375, 9.7421875, 3.1875, 0.2481689453125, 2.55078125, 5.71484375, 2.37109375, 6.1640625, 0.053192138671875, 0.1297607421875, 6.2578125, 0.004241943359375, 0.31982421875, 0.0006847381591796875, 0.0109710693359375, 0.0057220458984375, 1.7919921875, 0.0009503364562988281, 0.00446319580078125, 4.08203125, 0.444580078125, 4.09765625, 0.09014892578125, 4.8203125, 0.314208984375, 4.5546875, 6.94140625, 2.515625, 3.912109375, 1.349609375, 0.47021484375, 2.451171875, 2.376953125, 0.029266357421875, 3.037109375, 0.1614990234375, 0.7412109375, 8.2578125, 2.021484375, 1.1884765625, 3.146484375, 1.2392578125, 2.267578125, 0.0070953369140625, 0.00484466552734375, 2.01953125, 0.006298065185546875, 0.031768798828125, 3.98828125, 0.9267578125, 0.1500244140625, 4.0546875, 0.362060546875, 0.78759765625, 6.5078125, 0.05560302734375, 3.24609375, 1.9921875, 0.0007157325744628906, 0.007442474365234375, 8.484375, 2.03125, 1.162109375, 1.755859375, 0.0001348257064819336, 0.004055023193359375, 6.69921875, 1.669921875, 6.01171875, 6.36328125, 0.7978515625, 0.00014829635620117188, 0.009033203125, 4.3125, 3.544921875, 0.5400390625, 8.356571197509766e-05, 0.04315185546875, 2.7578125, 0.0017747879028320312, 0.046234130859375, 2.7265625, 0.8408203125, 0.007045745849609375, 0.7255859375, 2.86328125, 0.007541656494140625, 6.046875, 4.48828125, 0.282958984375, 0.0003523826599121094, 0.0036602020263671875, 1.9609375, 0.043609619140625]",-1.1922815423776671
345,1,test,3.0136389066646627,1.2610451427479445,1.633185520749438,5.360666442269861,2.2431494244272194,2.905113414789323,20.361358362351513,14.591810231457838,16.384654161844725,36.218821787408686,25.95593893706326,29.14505302521689,2.7886355318615785,1.1554664266831471,1.6380519766766395,4.96043002441737,2.055345809676013,2.9137698755630543,16.258820017901023,11.13874492678006,13.09878359051893,28.92121901801749,19.813620008005085,23.30014039603828,2.9212407395991193,1.2731850104336202,1.7577561222109637,5.196308412374471,2.264743843444136,3.1266998302923135,18.56430664677223,13.367440763297267,15.363238284204469,33.02222288319853,23.778028270196984,27.328156579276154,0.6080402010050252,-0.01195979899497479,0.008040201005025227,0.4773869346733668,-0.017613065326633204,-0.0026130653266331905,0.39698492462311563,-0.018015075376884404,-0.0030150753768843908,0.4441558441558442,0.1302777637407988,0.17142857142857149,0.40104166666666663,0.40703517587939697,0.11129582750846967,0.1649650590179612,0.31818181818181823,0.4247491638795987,0.1376039218094819,0.19338097700529389,0.3657718120805369,21.0,3.0,4.0,29.0,5.0,4.0,38.0,5.0,4.0,-0.0008055763691843799,0.00025793146832398667,-0.00033073054665314083,0.015560776623359196,0.014795662441853707,0.01635226250542754,"[3.056640625, 9.4453125, 2.48046875, 1.80859375, 0.8740234375, 3.994140625, 1.47265625, 5.41796875, 0.1802978515625, 0.8203125, 9.1484375, 3.49609375, 1.373046875, 8.578125, 8.296875, 3.94921875, 0.57421875, 3.212890625, 1.7236328125, 8.1640625, 10.96875, 3.130859375, 1.0712890625, 6.1875, 3.193359375, 4.30859375, 0.177978515625, 3.61328125, 1.8388671875, 0.2763671875, 6.8984375, 0.62841796875, 6.76953125, 3.4921875, 9.7265625, 8.3515625, 2.77734375, 3.935546875, 9.3359375, 0.244873046875, 0.76318359375, 1.8330078125, 8.3515625, 4.7109375, 4.78515625, 3.671875, 3.236328125, 3.662109375, 4.16015625, 3.10546875, 3.3125, 3.064453125, 2.970703125, 6.55859375, 6.453125, 0.1614990234375, 0.28173828125, 1.638671875, 1.890625, 1.091796875, 6.546875, 0.6630859375, 2.76953125, 3.541015625, 0.845703125, 0.6337890625, 4.98828125, 7.01953125, 5.7421875, 6.609375, 0.1739501953125, 0.7490234375, 1.6279296875, 0.2120361328125, 0.0147857666015625, 0.1331787109375, 0.54833984375, 0.305908203125, 0.049346923828125, 3.86328125, 10.6328125, 6.83984375, 7.79296875, 0.7197265625, 2.380859375, 0.318115234375, 0.830078125, 3.376953125, 3.9765625, 6.19921875, 0.73828125, 3.0546875, 2.79296875, 8.5390625, 2.009765625, 0.10638427734375, 0.29345703125, 3.14453125, 1.3271484375, 10.15625, 0.321044921875, 2.541015625, 1.43359375, 1.484375, 8.3046875, 0.66455078125, 1.8828125, 3.0703125, 0.01055145263671875, 6.265625, 1.0068359375, 2.04296875, 4.1484375, 3.658203125, 1.4970703125, 2.111328125, 0.0011892318725585938, 0.06280517578125, 0.00045943260192871094, 0.0025768280029296875, 0.0014467239379882812, 0.74365234375, 3.236328125, 0.1761474609375, 1.6162109375, 2.67578125, 7.96875, 4.984375, 1.583984375, 0.06585693359375, 0.9013671875, 2.669921875, 0.01052093505859375, 0.036407470703125, 8.671875, 3.361328125, 0.412353515625, 1.3818359375, 6.265625, 1.181640625, 0.78759765625, 3.509765625, 0.01055908203125, 14.015625, 0.06689453125, 0.383544921875, 0.5390625, 3.462890625, 0.01690673828125, 10.34375, 3.580078125, 5.703125, 2.37890625, 0.08758544921875, 0.37158203125, 0.490478515625, 2.779296875, 0.01215362548828125, 1.533203125, 5.11328125, 3.216796875, 0.0276031494140625, 0.394287109375, 0.2305908203125, 3.357421875, 0.0222320556640625, 0.093505859375, 3.955078125, 0.63134765625, 0.59765625, 7.55078125, 0.138671875, 0.027130126953125, 1.34375, 0.343505859375, 3.01953125, 0.0183258056640625, 0.09259033203125, 4.34765625, 0.39306640625, 0.0261688232421875, 6.21875, 4.3984375, 1.6904296875, 2.353515625, 0.01165771484375, 0.9072265625, 0.35546875, 4.109375, 0.01404571533203125, 0.0126190185546875, 3.45703125, 0.857421875, 0.037109375, 2.3828125, 6.44921875, 0.01006317138671875, 1.125, 0.2198486328125, 3.673828125, 0.0143890380859375, 0.0574951171875, 3.23828125, 12.03125, 2.86328125, 5.28125, 0.0252227783203125, 0.615234375, 3.248046875, 0.464111328125, 2.984375, 0.05755615234375, 0.03857421875, 4.67578125, 9.625, 5.05859375, 2.767578125, 0.01468658447265625, 0.57666015625, 1.2529296875, 0.66162109375, 0.002986907958984375, 0.19140625, 0.00014221668243408203, 0.482421875, 5.03515625, 4.453125, 7.73828125, 0.66015625, 1.5400390625, 4.859375, 0.12646484375, 0.07037353515625, 0.64697265625, 0.23388671875, 9.0859375, 0.041290283203125, 0.2093505859375, 2.62890625, 6.50390625, 0.340087890625, 4.0703125, 9.3125, 0.1331787109375, 15.125, 8.4765625, 1.3330078125, 0.1136474609375, 1.26171875, 0.005352020263671875, 0.0007300376892089844, 0.00048065185546875, 9.059906005859375e-06, 5.81640625, 4.9296875, 0.4775390625, 5.5390625, 12.078125, 1.841796875, 7.34765625, 8.0546875, 2.384765625, 2.63671875, 0.0772705078125, 0.03558349609375, 4.96484375, 4.01953125, 0.591796875, 6.82421875, 1.330078125, 1.4326171875, 0.086181640625, 3.55078125, 0.0018377304077148438, 3.83984375, 5.828125, 3.970703125, 5.765625, 6.2734375, 0.2176513671875, 4.649162292480469e-05, 4.93359375, 1.783203125, 0.2330322265625, 5.9296875, 1.6396484375, 3.46875, 1.5263671875, 4.84765625, 2.890625, 5.39453125, 3.435546875, 5.38671875, 5.2109375, 3.908203125, 3.515625, 0.00899505615234375, 9.8828125, 6.375, 5.86328125, 6.421875, 3.759765625, 2.03125, 3.3671875, 1.5830078125, 0.59814453125, 7.0234375, 1.3154296875, 1.015625, 0.5478515625, 0.0019474029541015625, 7.8125, 4.40625, 5.47265625, 0.591796875, 0.3857421875, 3.345703125, 4.84375, 3.4453125, 1.4267578125, 12.4140625, 0.05511474609375, 0.1539306640625, 1.2783203125, 0.533203125, 0.0396728515625, 0.1341552734375, 0.87841796875, 0.0162506103515625, 0.058563232421875, 7.64453125, 3.671875, 2.53515625, 0.416748046875, 1.3291015625, 3.2265625, 1.865234375, 8.2421875, 2.177734375, 0.003673553466796875, 3.927734375, 0.99267578125, 5.61328125, 4.57421875, 11.140625, 3.6484375, 4.8828125, 0.039794921875, 7.49609375, 4.80859375, 4.00390625, 2.6328125, 3.646484375, 6.671875, 4.08984375, 2.9140625, 2.66796875, 0.0019521713256835938, 3.3671875, 8.3984375, 2.6796875, 0.76953125, 3.673828125, 8.4375, 3.923828125, 2.46875, 0.392822265625, 10.0625, 0.1650390625, 3.12109375, 4.0234375, 4.46875, 4.8125, 2.375, 0.0016841888427734375, 5.26953125, 4.26171875, 0.29833984375, 4.87109375, 5.75, 2.306640625, 6.81640625, 0.04766845703125, 4.30859375, 2.251953125]",-1.1951161096622416
258,1,test,3.831263772372542,1.7530487164783284,2.42399112082774,6.158227658660159,2.8177838264866386,3.896231126729251,46.12078759665891,38.13059346833356,42.03598807033343,74.13279969524315,61.28966557486743,67.5670483093703,3.849673132201535,1.7074953272331244,2.394166593294578,6.187818163415964,2.7445630413195,3.8482923156023277,46.977705222613686,38.45973730587804,42.69105094968726,75.5101764927901,61.818718859754895,68.61997146514148,3.8536651947489187,1.7830978170822482,2.437911760938241,6.194234852909305,2.866083607825454,3.91860663414613,47.16561799039922,39.23629722908978,43.046028855660296,75.81222032812636,63.06693174246333,69.19054944897545,0.7688442211055276,0.003844221105527623,-0.01115577889447239,0.6130653266331658,0.0030653266331658324,0.013065326633165841,0.5226130653266332,-0.007386934673366818,0.0026130653266331905,0.4482758620689655,0.12322806092173799,0.19986821875686367,0.4461538461538461,0.44723618090452266,0.13645923854863296,0.2018271658794809,0.4545454545454546,0.45210727969348663,0.13088357032446174,0.2024257510310663,0.44999999999999996,22.0,10.0,9.0,33.0,8.0,9.0,42.0,10.0,10.0,0.00025395014224058885,2.632097281447098e-06,-7.323500357863102e-06,0.00012094549186336678,0.00017278787436758591,-9.286739145242251e-05,"[3.056640625, 9.4453125, 2.48046875, 1.80859375, 5.875, 0.3115234375, 7.16015625, 0.44189453125, 2.1640625, 0.0208587646484375, 1.078125, 9.25, 2.078125, 8.4765625, 6.5234375, 0.8935546875, 2.6640625, 0.1658935546875, 0.195556640625, 2.248046875, 3.09765625, 7.140625, 0.2283935546875, 8.75, 4.7109375, 2.2421875, 0.61328125, 4.25, 0.329833984375, 5.1875, 6.984375, 0.51611328125, 2.09375, 8.9921875, 5.79296875, 3.3125, 5.67578125, 2.0703125, 1.84375, 1.396484375, 6.37109375, 3.091796875, 7.19921875, 1.0146484375, 0.275634765625, 4.609375, 5.3203125, 5.01953125, 3.583984375, 14.25, 0.02642822265625, 1.3896484375, 5.7734375, 3.69140625, 1.740234375, 2.578125, 1.6015625, 0.671875, 5.2421875, 1.3896484375, 0.94873046875, 0.1378173828125, 1.705078125, 1.7314453125, 8.109375, 9.4453125, 4.90234375, 12.09375, 1.216796875, 4.34375, 10.09375, 4.6875, 3.908203125, 8.890625, 7.03515625, 0.0770263671875, 8.296875, 6.8984375, 2.072265625, 1.26171875, 1.01953125, 6.65625, 5.41015625, 9.8203125, 0.45166015625, 0.560546875, 5.859375, 1.1298828125, 0.0135040283203125, 0.44287109375, 4.42578125, 5.09375, 1.419921875, 1.107421875, 10.8125, 0.0570068359375, 0.5341796875, 7.4921875, 3.646484375, 3.0859375, 0.4150390625, 4.3125, 3.58203125, 2.4140625, 7.29296875, 5.72265625, 0.58203125, 7.59765625, 5.109375, 0.66015625, 3.7265625, 6.85546875, 5.63671875, 1.8564453125, 1.6884765625, 1.5009765625, 3.23046875, 0.188232421875, 8.3359375, 14.203125, 0.5107421875, 0.1326904296875, 0.51904296875, 4.74609375, 7.66015625, 4.53515625, 10.1875, 0.278564453125, 6.2578125, 2.6171875, 1.3466796875, 6.34375, 0.08544921875, 11.0859375, 5.6953125, 5.640625, 4.546875, 7.75390625, 3.93359375, 1.453125, 5.94140625, 0.5419921875, 0.31494140625, 2.16796875, 4.71875, 0.43017578125, 6.9453125, 0.146484375, 2.15234375, 3.642578125, 7.59765625, 0.32177734375, 1.3466796875, 1.2900390625, 9.015625, 5.3203125, 3.57421875, 0.325439453125, 8.46875, 6.38671875, 0.82763671875, 8.1640625, 0.91162109375, 4.5703125, 9.046875, 4.66796875, 4.421875, 1.439453125, 0.0035953521728515625, 0.74755859375, 2.5234375, 5.359375, 3.5703125, 4.26953125, 1.7333984375, 7.92578125, 0.0361328125, 2.330078125, 8.3515625, 0.10791015625, 0.01218414306640625, 0.1175537109375, 1.533203125, 4.421875, 1.6318359375, 1.310546875, 1.6904296875, 4.12109375, 3.37109375, 4.1484375, 0.69091796875, 12.0, 5.09765625, 1.67578125, 8.4453125, 0.59619140625, 7.20703125, 5.5234375, 6.2734375, 0.341064453125, 2.720703125, 2.720703125, 7.4140625, 3.525390625, 1.572265625, 8.25, 0.027679443359375, 2.99609375, 2.501953125, 1.1240234375, 7.59375, 3.095703125, 0.193359375, 0.324951171875, 8.4921875, 7.05859375, 3.798828125, 4.65234375, 2.11328125, 0.003726959228515625, 0.47216796875, 4.29296875, 5.5078125, 7.6328125, 0.5224609375, 3.677734375, 4.90625, 0.1571044921875, 4.58203125, 0.12408447265625, 6.5078125, 5.0078125, 0.0802001953125, 2.5390625, 3.197265625, 6.75, 0.8486328125, 10.1796875, 4.4140625, 5.1640625, 1.0947265625, 5.6171875, 1.625, 3.19921875, 8.0078125, 2.11328125, 12.3515625, 2.119140625, 9.546875, 1.8994140625, 5.9453125, 3.462890625, 6.25, 4.921875, 5.359375, 0.354736328125, 6.32421875, 0.304931640625, 6.796875, 0.1409912109375, 0.37109375]",-0.9105403505522629
280,1,test,3.062552886043521,1.3030379057444805,1.8213190565098665,5.477258046193221,2.330433177581475,3.257359081834954,21.382073542493686,15.572454611177662,17.922193808397964,38.24101614330602,27.850736131529285,32.05315431117329,3.0077000389147046,1.1516025898773392,1.6656829371906245,5.379155838828222,2.0595969395883182,2.9790098684370783,20.240793312134336,13.84207664794997,16.414038633032607,36.199880346701796,24.75602169729514,29.35587678600063,3.061783687673884,1.3098747077785853,1.818677882439979,5.475882364493678,2.3426605350655474,3.252635443594578,21.365632810288172,15.600034221319405,17.899270199403684,38.21161252609231,27.900061203513552,32.01215631816429,0.6331658291457287,-0.006834170854271293,-0.011834170854271298,0.4974874371859297,-0.007512562814070312,0.012487437185929706,0.3919597989949749,0.001959798994974893,0.006959798994974897,0.3920863309352518,0.09585652842178682,0.15524422567209395,0.3971119133574007,0.3919597989949749,0.10373924761652875,0.14655078396993315,0.3939393939393939,0.3920863309352518,0.09944719269467728,0.14926336442807475,0.4043321299638989,21.0,2.0,3.0,33.0,2.0,4.0,42.0,3.0,2.0,0.0001085002025351481,0.00019441942569210197,-6.837411765571478e-05,0.00023875416349117273,-0.00018498985658865763,-3.328992298534672e-05,"[1.98828125, 7.25390625, 0.005054473876953125, 0.00018703937530517578, 4.12890625, 10.734375, 4.2109375, 1.625, 5.9921875, 0.26953125, 6.32421875, 2.095703125, 1.1884765625, 2.93359375, 0.034027099609375, 3.751953125, 8.9453125, 0.468017578125, 2.47265625, 4.08984375, 0.1353759765625, 0.7265625, 4.984375, 9.3828125, 0.5732421875, 2.142578125, 4.203125, 1.6689453125, 5.5234375, 1.68359375, 1.09765625, 6.7109375, 0.826171875, 0.00196075439453125, 0.06488037109375, 0.011932373046875, 0.0014829635620117188, 2.974609375, 1.529296875, 0.03521728515625, 4.7109375, 0.603515625, 3.6875, 1.0869140625, 3.9140625, 3.609375, 5.23828125, 4.9609375, 0.481201171875, 6.07421875, 0.471923828125, 0.449462890625, 10.4296875, 8.8828125, 0.97119140625, 2.263671875, 1.7275390625, 1.7509765625, 0.40869140625, 0.00830078125, 3.453125, 0.51513671875, 0.40625, 5.296875, 0.30810546875, 2.037109375, 3.416015625, 1.849609375, 0.5439453125, 12.40625, 4.01953125, 0.22607421875, 2.900390625, 0.340087890625, 0.11529541015625, 11.5859375, 6.328125, 0.061492919921875, 0.9482421875, 3.314453125, 2.462890625, 1.9306640625, 8.6796875, 1.271484375, 8.2890625, 1.01953125, 9.7578125, 1.833984375, 1.91015625, 0.64208984375, 0.1505126953125, 1.892578125, 3.630859375, 0.365234375, 0.82373046875, 2.8828125, 2.0234375, 0.8154296875, 6.12890625, 6.390625, 0.58154296875, 0.271484375, 1.623046875, 0.5439453125, 2.33203125, 1.4375, 5.08984375, 5.984375, 0.2020263671875, 0.03521728515625, 0.096435546875, 0.024200439453125, 2.314453125, 2.1796875, 0.047454833984375, 0.1170654296875, 2.5234375, 0.334228515625, 0.578125, 9.546875, 2.462890625, 7.296875, 7.01171875, 8.6796875, 5.40234375, 0.00864410400390625, 0.78857421875, 1.5341796875, 8.022785186767578e-05, 1.796875, 9.9296875, 9.359375, 0.544921875, 0.7646484375, 0.0245819091796875, 0.0299072265625, 0.273681640625, 4.6953125, 4.4609375, 2.1640625, 2.234375, 2.013671875, 2.37109375, 1.197265625, 0.82861328125, 0.447509765625, 4.93359375, 7.890625, 0.12298583984375, 0.1669921875, 3.71875, 8.65625, 7.07421875, 0.6767578125, 8.96875, 0.021148681640625, 4.47265625, 0.408203125, 5.1875, 0.05419921875, 1.9921875, 0.6025390625, 5.01171875, 5.80078125, 0.1705322265625, 0.1768798828125, 4.64453125, 0.537109375, 1.1669921875, 9.5, 6.53125, 7.6640625, 0.2005615234375, 0.0228424072265625, 0.7158203125, 1.7666015625, 3.53515625, 7.3359375, 0.058502197265625, 2.83984375, 3.783203125, 5.8125, 1.2626953125, 9.03125, 8.3828125, 0.9365234375, 1.2109375, 2.1796875, 2.130859375, 4.875, 1.1962890625, 7.55859375, 2.826171875, 5.484375, 1.8076171875, 5.2734375, 0.1669921875, 6.1796875, 7.0, 3.376953125, 5.69140625, 2.494140625, 3.892578125, 2.134765625, 0.76416015625, 3.408203125, 8.21875, 1.33984375, 0.49951171875, 4.03125, 0.13916015625, 7.4140625, 0.297607421875, 0.5263671875, 9.5625, 1.248046875, 0.00677490234375, 0.00457763671875, 5.046875, 3.859375, 5.63671875, 9.3828125, 6.58203125, 10.6015625, 2.013671875, 6.4921875, 2.607421875, 7.7734375, 1.6396484375, 1.6787109375, 0.0011043548583984375, 1.623046875, 5.71875, 1.3974609375, 6.59765625, 0.0011539459228515625, 1.19140625, 0.006855010986328125, 0.0020198822021484375, 0.0697021484375, 4.1484375, 6.640625, 0.45654296875, 0.93408203125, 6.0703125, 0.001560211181640625, 7.2734375, 2.623046875, 5.234375, 4.203125, 6.8515625, 1.361328125, 0.06658935546875, 8.1171875, 3.80859375, 0.34814453125, 0.0004379749298095703, 2.466796875, 8.140625, 2.796875, 1.388671875, 0.95458984375, 4.9609375, 0.50048828125, 0.6015625, 0.5615234375, 1.2822265625, 4.73828125, 4.44921875, 0.489990234375, 1.3447265625, 4.30078125, 1.27734375, 3.736328125, 1.9501953125, 8.0, 0.34033203125, 4.58984375]",-1.0827360582008638
40,1,test,2.9414835098747893,1.2548724598504157,1.7472111446506133,6.231300593287383,2.6583482373146965,3.7013288722203783,18.943928982358106,13.54278354003789,15.642774121048031,40.131217975784935,28.689317762448688,33.13798201958859,3.096016682572101,1.3102062804094106,1.79770054375849,6.55866691965932,2.7755685677094095,3.808286678225223,22.109705667066848,16.145294105495232,18.44658238666533,46.83766595260214,34.20253093400963,39.07762847701471,3.0489685922163385,1.3182813236280384,1.8431449539336306,6.458999254563559,2.7926749092646603,3.9045570734646646,21.09357711936115,15.449045234230951,17.754068626670726,44.685077844962436,32.727582667252406,37.610592748605086,0.6984924623115578,-0.006507537688442255,-0.011507537688442149,0.5628140703517588,-0.007185929648241274,-0.007185929648241274,0.42713567839195976,0.0021356783919597166,-0.01786432160804019,0.41744548286604366,0.10640349219730338,0.17703097509402288,0.353125,0.4120603015075377,0.09376456215916673,0.15162624474626896,0.33838383838383834,0.4347826086956522,0.1276039776438993,0.18784156308942312,0.3691275167785235,22.0,4.0,4.0,36.0,9.0,9.0,44.0,8.0,7.0,-0.0009939362940596034,-0.0003217150846685718,-0.0003890057269495194,0.006982481659877138,0.005518707168568504,0.006751324766069544,"[3.056640625, 9.4453125, 2.4296875, 6.078125, 0.78955078125, 0.10418701171875, 2.328125, 0.515625, 0.9541015625, 0.75830078125, 2.283203125, 11.2265625, 10.2734375, 5.3046875, 2.7578125, 1.9375, 8.5390625, 0.07672119140625, 4.234375, 2.126953125, 10.7265625, 0.044189453125, 3.494140625, 3.373046875, 2.255859375, 5.36328125, 11.0234375, 0.79931640625, 0.1016845703125, 7.3828125, 1.7119140625, 1.8935546875, 4.27734375, 4.06640625, 6.21484375, 3.01171875, 4.27734375, 7.14453125, 0.197021484375, 4.5546875, 3.369140625, 1.2138671875, 1.0888671875, 3.20703125, 0.33642578125, 0.94091796875, 9.2734375, 2.802734375, 3.486328125, 3.68359375, 4.15234375, 5.1171875, 9.53125, 7.1171875, 1.9912109375, 2.763671875, 5.4296875, 2.55078125, 3.078125, 5.31640625, 5.97265625, 8.609375, 0.314208984375, 0.3466796875, 6.109375, 7.3828125, 0.904296875, 0.41455078125, 12.59375, 4.36328125, 1.0107421875, 2.7578125, 4.30859375, 1.5537109375, 8.34375, 2.962890625, 0.4423828125, 0.73046875, 3.23828125, 4.1015625, 4.6953125, 0.85595703125, 5.2109375, 6.70703125, 1.9677734375, 10.328125, 3.115234375, 1.3828125, 6.53515625, 2.853515625, 1.056640625, 4.00390625, 1.431640625, 4.0078125, 6.9765625, 7.74609375, 3.27734375, 2.4765625, 0.904296875, 0.10858154296875, 8.9140625, 1.9189453125, 0.250244140625, 3.6796875, 0.07550048828125, 1.9677734375, 1.1689453125, 0.071533203125, 3.55859375, 4.2734375, 4.01171875, 2.66796875, 1.7216796875, 2.3828125, 6.1328125, 3.548828125, 2.552734375, 1.5517578125, 4.51171875, 0.7763671875, 3.4296875, 0.7802734375, 1.3125, 2.484375, 3.0546875, 1.6103515625, 5.1640625, 6.13671875, 4.8828125, 0.448486328125, 0.52783203125, 3.048828125, 0.057159423828125, 0.931640625, 0.04742431640625, 0.1470947265625, 1.5029296875, 4.0546875, 5.73046875, 6.70703125, 2.53515625, 0.12298583984375, 0.11737060546875, 7.12890625, 0.86083984375, 1.5478515625, 1.76171875, 3.146484375, 2.69140625, 4.4765625, 2.4296875, 6.1328125, 1.43359375, 5.84375, 0.5380859375, 2.193359375, 1.0107421875, 0.35009765625, 0.55029296875, 0.332275390625, 4.984375, 0.039886474609375, 4.1875, 0.61962890625, 10.375, 2.61328125, 4.23046875, 1.69921875, 0.65234375, 1.1103515625, 3.62890625, 0.1822509765625, 1.1513671875, 7.66796875, 1.5244140625, 0.7109375, 0.41015625, 0.9189453125, 0.149169921875, 0.1055908203125, 0.1265869140625, 0.0263519287109375, 0.058868408203125, 0.026123046875, 0.0031986236572265625, 3.333984375, 3.486328125, 3.41015625, 4.7421875, 0.53515625, 0.84228515625, 2.828125, 0.1715087890625, 0.94677734375, 5.58203125, 0.57275390625, 2.455078125, 0.189697265625, 0.0009131431579589844, 0.02252197265625, 0.01038360595703125, 1.5556640625, 0.0037975311279296875, 0.0032939910888671875, 2.80078125, 10.359375, 6.83984375, 5.62109375, 0.69921875, 4.82421875, 0.1593017578125, 7.2734375, 14.046875, 7.11328125, 0.0209197998046875, 0.625, 5.078125, 9.359375, 4.53125, 0.70556640625, 4.328125, 4.38671875, 5.23046875, 5.41796875, 2.919921875, 0.1279296875, 0.256591796875, 2.9375, 0.005252838134765625, 0.0036869049072265625, 7.96875, 2.63671875, 0.59130859375, 4.66015625, 8.25, 1.1005859375, 2.638671875, 0.38134765625, 0.1290283203125, 0.12939453125, 0.6806640625, 2.83203125, 6.44140625, 4.328125, 3.591796875, 4.515625, 6.60546875, 6.1640625, 1.3896484375, 0.0244293212890625, 0.293701171875, 0.69580078125, 0.26513671875, 0.00019061565399169922, 0.457763671875, 4.234375, 0.0458984375, 1.94140625, 8.125, 0.2164306640625, 0.3251953125, 0.031158447265625, 7.30859375, 3.447265625, 9.6015625, 7.6328125, 0.7001953125, 2.98828125, 3.958984375, 5.18359375, 0.56982421875, 0.007167816162109375, 0.0004172325134277344, 0.002368927001953125, 6.937980651855469e-05, 4.578125, 5.109375, 5.38671875, 7.30859375, 4.04296875, 0.7529296875, 8.6796875, 1.1904296875, 0.007038116455078125, 5.35546875, 0.4052734375, 0.78173828125, 1.3828125, 0.3203125, 6.61328125, 0.1292724609375, 0.03704833984375, 0.0248870849609375, 2.2578125, 5.03515625, 0.4345703125, 4.015625, 0.0032978057861328125, 1.498046875, 1.1064453125, 5.75, 6.66796875, 0.183837890625, 7.1171875, 0.005523681640625, 0.015472412109375, 3.375, 2.3671875, 0.07073974609375, 0.0029582977294921875, 0.2939453125, 0.763671875, 0.00775909423828125, 0.0006194114685058594, 0.0001373291015625, 1.4267578125, 0.3603515625, 0.1083984375, 0.1630859375, 2.646484375, 1.0859375]",-1.2961478110785798
347,1,test,3.1085013585212904,1.333010297023701,1.7131600974798114,6.169665132902662,2.6457209448541477,3.4002314625106913,22.387468459044946,16.48428921031746,18.351116671806267,44.434011002469916,32.71754863570622,36.42277471409264,3.3845870674555028,1.5037342585270728,2.0666074827042777,6.717632199873612,2.984569010579114,4.101743785468897,29.505806292569375,22.94671015911508,25.769940545616155,58.56228558575952,45.54397803154313,51.14744544840566,3.1962742829402555,1.4401650568121598,1.9796336297914814,6.343874338221522,2.8583986660586524,3.9291205545607575,24.441298987204274,18.65143253465902,21.065470900849753,48.510395451760765,37.01883310178516,41.81014782859012,0.6582914572864322,-0.01670854271356781,-0.01670854271356781,0.5577889447236181,-0.00221105527638199,-0.017211055276381892,0.49246231155778897,0.007462311557788981,-0.002537688442211028,0.43846153846153846,0.13116320299418893,0.17159936837356193,0.3881748071979434,0.44221105527638194,0.14396544124129418,0.20347983657855218,0.36363636363636365,0.43143812709030105,0.13928453777477512,0.20229463432055694,0.3657718120805369,29.0,14.0,14.0,41.0,15.0,13.0,47.0,13.0,13.0,-0.0014379255867911982,-0.0007205245374399978,-0.00048583051072617877,0.019676175847560096,0.018145089847859452,0.020306101232008267,"[3.056640625, 9.4453125, 2.48046875, 1.80859375, 0.8740234375, 2.994140625, 5.1484375, 7.53125, 2.642578125, 3.390625, 3.689453125, 1.0068359375, 0.76513671875, 7.8203125, 0.9453125, 7.703125, 8.671875, 8.71875, 8.109375, 0.89892578125, 6.98828125, 5.96875, 7.81640625, 8.453125, 1.650390625, 8.78125, 1.8427734375, 8.7421875, 1.32421875, 9.890625, 10.234375, 4.3984375, 6.5625, 0.76513671875, 3.3515625, 8.140625, 0.0556640625, 1.18359375, 3.58984375, 5.79296875, 0.120361328125, 5.1953125, 6.69140625, 2.00390625, 7.28125, 3.57421875, 8.390625, 0.623046875, 2.513671875, 7.65234375, 0.6884765625, 0.69677734375, 4.546875, 9.0078125, 2.359375, 0.60498046875, 5.23046875, 3.064453125, 7.734375, 1.03125, 5.98046875, 3.203125, 1.1533203125, 7.359375, 3.900390625, 1.65625, 5.05859375, 3.55078125, 4.3515625, 3.666015625, 7.64453125, 9.40625, 2.388671875, 1.4892578125, 1.666015625, 0.25830078125, 1.576171875, 4.44140625, 5.40234375, 7.84375, 1.2607421875, 4.796875, 0.09185791015625, 8.3125, 6.015625, 5.3359375, 2.6640625, 5.16796875, 0.002346038818359375, 1.6904296875, 9.78125, 1.328125, 7.97265625, 4.046875, 0.03857421875, 3.03515625, 0.002353668212890625, 0.296875, 4.75390625, 10.046875, 0.6171875, 0.31201171875, 0.0762939453125, 2.931640625, 8.046875, 5.76171875, 1.25390625, 0.00225067138671875, 2.8984375, 5.4453125, 8.9765625, 0.1953125, 3.1328125, 1.833984375, 6.96484375, 0.037933349609375, 0.71044921875, 0.1180419921875, 5.84375, 0.82177734375, 1.92578125, 8.609375, 5.36328125, 9.8203125, 7.21484375, 7.30078125, 3.28125, 0.99365234375, 4.65625, 5.1015625, 1.455078125, 5.16796875, 0.0184478759765625, 1.474609375, 2.0390625, 2.728515625, 4.765625, 0.84912109375, 6.37109375, 0.1595458984375, 3.63671875, 2.42578125, 6.8671875, 3.220703125, 0.003448486328125, 0.0552978515625, 0.00034999847412109375, 0.002307891845703125, 0.00490570068359375, 0.58154296875, 3.92578125, 0.69677734375, 3.876953125, 0.2186279296875, 10.359375, 1.193359375, 0.2291259765625, 1.5029296875, 0.00899505615234375, 0.18359375, 0.266845703125, 3.26171875, 0.01045989990234375, 7.19140625, 4.26171875, 1.4326171875, 0.77978515625, 0.0018520355224609375, 0.16455078125, 0.08868408203125, 2.220703125, 0.00890350341796875, 3.87890625, 0.6708984375, 8.8203125, 0.69873046875, 0.78466796875, 0.0419921875, 0.0156707763671875, 0.1927490234375, 0.04345703125, 3.193359375, 0.005886077880859375, 4.0625, 0.75537109375, 8.84375, 5.015625, 0.02593994140625, 0.0033512115478515625, 0.189453125, 0.0148468017578125, 3.85546875, 0.0237274169921875, 4.27734375, 0.08917236328125, 8.4375, 2.099609375, 0.0748291015625, 0.0007557868957519531, 0.36962890625, 0.0207061767578125, 3.283203125, 0.01200103759765625, 6.2265625, 4.0, 0.1807861328125, 0.026580810546875, 0.000640869140625, 0.193115234375, 0.00791168212890625, 2.42578125, 0.013946533203125, 4.203125, 0.264404296875, 4.203125, 3.873046875, 0.193359375, 7.0234375, 4.22265625, 0.0174560546875, 3.095703125, 0.450927734375, 7.1875, 5.85546875, 0.82666015625, 0.005184173583984375, 0.449951171875, 0.0193023681640625, 2.5234375, 0.005496978759765625, 4.1171875, 0.05841064453125, 6.3828125, 0.118408203125, 0.0008983612060546875, 3.076171875, 0.0008234977722167969, 5.4453125, 0.61376953125, 0.2406005859375, 11.3046875, 0.96240234375, 3.798828125, 9.0703125, 1.0185546875, 0.837890625, 0.0016450881958007812, 0.375244140625, 0.002593994140625, 0.002704620361328125, 0.0014371871948242188, 6.39453125, 0.047393798828125, 2.576171875, 7.1171875, 5.03515625, 1.212890625, 0.0094757080078125, 0.5263671875, 2.587890625, 0.023681640625, 3.7265625, 0.0540771484375, 7.51953125, 3.205078125, 0.040618896484375, 6.55859375, 2.74609375, 6.2734375, 7.2578125, 2.8046875, 1.9072265625, 0.0443115234375, 4.69140625, 5.3984375, 1.3466796875, 0.5087890625, 1.22265625, 0.032135009765625, 2.1796875, 7.53125, 5.72265625, 0.0706787109375, 0.357421875, 0.343505859375, 9.8125, 6.54296875, 0.60546875, 0.05224609375, 1.59375, 0.305908203125, 4.078125, 6.59765625, 8.59375, 5.5546875, 6.94140625, 5.625, 5.93359375, 4.2734375, 0.5947265625, 1.251953125, 2.560546875, 0.0767822265625, 2.35546875, 0.0233306884765625, 8.234375, 4.5, 0.76611328125, 4.66796875, 6.74609375, 4.29296875, 1.96875, 4.83984375, 4.9921875, 3.46875, 3.052734375, 1.1435546875, 0.2109375, 5.95703125, 0.0362548828125, 3.24609375, 0.052581787109375, 4.6171875, 0.058074951171875, 1.1318359375, 5.3984375, 5.65625, 6.44921875, 2.509765625, 5.37109375, 3.802734375, 1.6689453125, 2.7734375, 0.1470947265625, 3.625, 0.01137542724609375, 0.60107421875, 0.365966796875, 0.0072174072265625, 0.000598907470703125, 0.0002579689025878906, 0.97900390625, 5.875, 1.3623046875, 0.09259033203125, 5.35546875, 3.6875, 0.0538330078125, 3.7109375, 5.55859375, 1.552734375, 1.228515625, 0.01412200927734375, 3.509765625, 8.421875, 4.8515625, 1.017578125, 0.0001138448715209961, 3.244140625, 1.9345703125, 0.8447265625, 0.00011932849884033203, 5.33203125, 1.919921875, 0.5068359375, 0.00018906593322753906, 3.49609375, 5.6796875, 2.56640625, 0.476806640625, 0.0004680156707763672, 12.28125, 1.201171875, 1.4267578125, 5.04296875, 0.75390625, 8.0625, 4.41796875, 3.130859375, 0.0245208740234375, 2.46875, 7.359375, 5.7734375, 2.755859375, 1.0087890625, 3.712890625, 1.908203125, 5.04296875, 9.0703125, 1.2099609375]",-0.6139095587608141
250,1,test,2.6038282763573433,1.0504147996283726,1.4632196941113977,5.19096534581496,2.0940961710539994,2.9170597747990046,13.51537973127458,8.787799574988714,10.386707891222432,26.944122412989707,17.519267101419807,20.706834321603694,2.6571182857206717,1.0115605424545588,1.4479892618901113,5.297203761917493,2.016636722457486,2.8866965413322094,14.25515058143562,9.071250195102074,10.904585462496886,28.418921992477422,18.084351350491957,21.73926973613161,2.6084802366020687,1.041918639782594,1.4539042625545533,5.2002394460464325,2.0771583139255565,2.8984886259901677,13.57839920888013,8.788249828500941,10.405721374354137,27.069757397190518,17.520164722203802,20.74473940656498,0.6482412060301508,0.008241206030150772,0.0032412060301507672,0.5276381909547738,0.0026381909547738003,-0.002361809045226204,0.36180904522613067,-0.01819095477386934,-0.01819095477386934,0.4096774193548387,0.0908368396446938,0.14894780562093313,0.3365695792880259,0.40201005025125625,0.07368924824624368,0.1298898499173664,0.28787878787878785,0.40802675585284276,0.09250087939207485,0.14328815741012868,0.33221476510067116,23.0,14.0,14.0,34.0,19.0,20.0,41.0,21.0,23.0,-0.0010549875298992903,-0.0004437737918620708,9.14495744303026e-05,0.021956274876695936,0.021512616019147224,0.020192735996627853,"[3.0625, 9.453125, 2.48046875, 10.4921875, 5.27734375, 4.515625, 8.65625, 2.74609375, 0.75341796875, 3.359375, 3.771484375, 9.625, 4.9296875, 6.7734375, 5.84765625, 3.580078125, 2.55078125, 5.6796875, 6.4765625, 2.087890625, 6.58984375, 3.412109375, 0.350830078125, 6.53125, 3.990234375, 1.220703125, 4.8515625, 5.09765625, 5.54296875, 10.53125, 5.8046875, 1.3505859375, 1.70703125, 3.568359375, 3.912109375, 4.04296875, 1.1357421875, 0.004894256591796875, 1.2626953125, 6.78125, 3.107421875, 5.30078125, 1.39453125, 3.318359375, 6.75390625, 2.0, 1.966796875, 2.03515625, 2.09765625, 6.5234375, 5.09765625, 2.333984375, 6.58203125, 0.4482421875, 1.70703125, 1.0595703125, 0.260498046875, 2.248046875, 2.3671875, 1.693359375, 2.236328125, 0.759765625, 0.3388671875, 4.80078125, 6.07421875, 2.71875, 1.2431640625, 2.69140625, 0.1468505859375, 8.84375, 4.20703125, 8.5625, 1.09765625, 0.0121307373046875, 0.2587890625, 0.0020294189453125, 0.0491943359375, 2.779296875, 4.5703125, 0.794921875, 0.87548828125, 1.1923828125, 2.095703125, 2.228515625, 4.95703125, 1.875, 0.367919921875, 1.9130859375, 3.359375, 0.0109405517578125, 0.006671905517578125, 0.05133056640625, 0.00021779537200927734, 0.050201416015625, 2.302734375, 3.52734375, 0.5625, 0.07574462890625, 0.38232421875, 3.111328125, 0.74951171875, 9.2109375, 1.380859375, 3.794921875, 2.595703125, 0.08624267578125, 1.439453125, 0.32373046875, 4.22265625, 6.5234375, 1.2431640625, 3.611328125, 0.0770263671875, 0.24169921875, 4.80078125, 3.671875, 0.306884765625, 0.048187255859375, 0.0052947998046875, 0.0645751953125, 7.390975952148438e-05, 0.053070068359375, 2.04296875, 2.271484375, 0.3486328125, 0.016845703125, 0.025177001953125, 2.025390625, 3.798828125, 5.51953125, 3.6640625, 0.0245361328125, 3.486328125, 6.19921875, 3.083984375, 1.60546875, 7.46484375, 2.810546875, 3.513671875, 0.2427978515625, 2.19921875, 8.765625, 2.931640625, 8.0078125, 0.478271484375, 3.529296875, 3.13671875, 2.97265625, 2.8359375, 8.984375, 1.9267578125, 1.705078125, 4.81640625, 0.00495147705078125, 2.16015625, 0.0205078125, 2.5234375, 2.189453125, 0.004642486572265625, 2.439453125, 0.459228515625, 6.6953125, 0.002376556396484375, 0.013153076171875, 0.420654296875, 2.494140625, 0.2379150390625, 0.0248870849609375, 0.3505859375, 0.681640625, 0.319580078125, 0.02008056640625, 0.181396484375, 0.004718780517578125, 0.0283355712890625, 0.00028824806213378906, 0.00827789306640625, 0.00659942626953125, 7.8515625, 6.34765625, 7.55859375, 1.0517578125, 1.21875, 3.3984375, 0.004253387451171875, 0.489013671875, 3.171875, 3.431640625, 0.06524658203125, 3.25, 0.1575927734375, 0.00202178955078125, 0.027801513671875, 0.0005664825439453125, 0.99755859375, 4.46875, 2.828125, 0.0789794921875, 6.0439109802246094e-05, 0.049560546875, 3.5546875, 3.349609375, 1.865234375, 2.783203125, 0.0006895065307617188, 4.41015625, 0.01020050048828125, 0.0026760101318359375, 0.0026912689208984375, 0.0015077590942382812, 1.775390625, 0.0014772415161132812, 0.06500244140625, 0.0948486328125, 0.0013551712036132812, 0.763671875, 0.1678466796875, 0.0029754638671875, 0.0007948875427246094, 0.0002467632293701172, 7.0625, 0.7275390625, 4.07421875, 1.701171875, 0.98291015625, 2.853515625, 0.9951171875, 0.41748046875, 0.0005464553833007812, 1.6689300537109375e-06, 0.0004382133483886719, 0.2998046875, 1.734375, 8.9765625, 3.5625, 1.5107421875, 2.6640625, 2.482421875, 0.0218963623046875, 2.82421875, 10.6015625, 8.4375, 1.939453125, 8.171875, 6.8828125, 2.02734375, 8.5703125, 0.0308685302734375, 2.9296875, 0.6787109375, 6.34375, 0.7734375, 5.63671875, 2.677734375, 1.9189453125, 3.623046875, 0.56396484375, 0.2734375, 5.51953125, 0.7470703125, 1.3583984375, 8.1328125, 0.045806884765625, 0.1417236328125, 0.2283935546875, 2.251953125, 4.65234375, 0.953125, 0.1484375, 0.2210693359375, 0.94091796875, 0.537109375, 3.908203125, 0.11907958984375, 5.2734375, 0.11480712890625, 1.1962890625, 9.140625, 7.2265625, 0.291259765625, 3.2421875, 6.640625, 1.2822265625, 1.1533203125, 3.00390625, 1.1279296875, 8.328125, 4.8125, 3.318359375, 8.609375, 5.19921875, 2.498046875, 1.494140625, 0.269287109375, 0.5380859375, 1.537109375, 3.509765625, 1.09375, 3.4375, 0.0197296142578125, 0.7734375, 3.705078125, 0.58837890625, 7.515625, 2.619140625, 2.677734375, 2.0625, 0.50244140625, 1.087890625, 5.69921875]",-1.5334321606543755
156,1,test,2.6405507422004884,1.1658401605882525,1.5199610422875083,5.456165622005429,2.408973591491748,3.1406929824062324,14.02092339593587,9.65115249808449,10.95426131538575,28.971410773922738,19.94216041040663,22.63477199974735,3.877074284769183,1.7422177111480495,2.4138585716582734,8.011192168528588,3.59994156889155,4.98775196574693,48.282746656829964,39.826913026543465,43.96291811053439,99.76655939035584,82.29428437528871,90.8405048250821,3.2132877729409515,1.4080960922763412,1.9791258553690574,6.639611199336552,2.9095466216096777,4.089464474629986,24.860688304827942,18.779551331638835,21.425190221551603,51.36959903870525,38.80415579023716,44.27083504342707,0.7889447236180904,-0.001055276381909609,-0.006055276381909613,0.6532663316582914,-0.0017336683417086274,-0.006733668341708521,0.5276381909547738,-0.007361809045226098,-0.012361809045226213,0.386058981233244,0.1156439879266844,0.1641625980465382,0.27956989247311825,0.44221105527638194,0.10135892495056742,0.1867853457605222,0.4040404040404041,0.4280936454849499,0.12425391259680296,0.19783780566292541,0.32885906040268453,22.0,3.0,2.0,35.0,5.0,4.0,44.0,1.0,4.0,-0.0009853198060299317,-0.002046095867932992,-0.0005943863102075764,0.02931397074425046,0.04461062497205326,0.03648614122166016,"[3.056640625, 9.4453125, 2.4296875, 1.0791015625, 7.80078125, 0.8310546875, 0.057098388671875, 9.171875, 8.0234375, 1.2060546875, 10.171875, 7.2265625, 0.97705078125, 7.7734375, 3.25390625, 6.87890625, 9.953125, 11.203125, 0.4248046875, 7.1796875, 0.76953125, 1.03125, 2.5, 3.62890625, 4.78515625, 4.50390625, 4.21875, 6.62890625, 4.19921875, 5.3046875, 5.12890625, 0.931640625, 0.640625, 0.06414794921875, 1.3330078125, 4.5859375, 6.46484375, 14.40625, 1.228515625, 1.689453125, 1.076171875, 1.5634765625, 1.8125, 6.84765625, 0.94287109375, 3.69140625, 0.0030384063720703125, 1.716796875, 1.22265625, 3.978515625, 9.3828125, 0.436279296875, 10.8828125, 0.55517578125, 1.10546875, 8.0859375, 2.16015625, 10.6953125, 8.6328125, 3.52734375, 7.81640625, 5.5234375, 2.361328125, 2.361328125, 6.91796875, 7.06640625, 4.01171875, 7.73828125, 6.5703125, 3.927734375, 1.029296875, 3.84765625, 6.85546875, 1.775390625, 2.728515625, 2.7578125, 0.365966796875, 0.84228515625, 0.1439208984375, 0.2431640625, 0.411865234375, 7.55078125, 11.015625, 0.055328369140625, 3.919921875, 3.216796875, 2.53515625, 4.9921875, 4.54296875, 2.88671875, 3.068359375, 1.0556640625, 7.265625, 6.87890625, 0.2237548828125, 0.0262451171875, 0.0227813720703125, 1.28515625, 6.77734375, 1.419921875, 5.78515625, 7.421875, 2.248046875, 1.3857421875, 8.6015625, 0.0122833251953125, 9.125, 4.9296875, 6.79296875, 7.61328125, 7.3203125, 2.63671875, 5.23046875, 0.9306640625, 2.1171875, 3.515625, 6.66796875, 2.5390625, 9.7578125, 6.46484375, 0.434814453125, 4.0390625, 5.1796875, 3.83984375, 8.6484375, 8.390625, 0.1474609375, 1.396484375, 4.22265625, 3.498046875, 3.34375, 7.02734375, 2.228515625, 4.49609375, 2.38671875, 0.97412109375, 5.10546875, 8.0625, 2.564453125, 1.7451171875, 10.7734375, 6.828125, 1.9853515625, 4.13671875, 0.0005540847778320312, 0.002605438232421875, 0.72314453125, 6.28515625, 2.7421875, 4.40234375, 2.720703125, 2.37109375, 1.5859375, 7.44140625, 3.056640625, 2.515625, 4.03125, 4.52734375, 0.2095947265625, 2.248046875, 3.859375, 2.48828125, 0.6328125, 5.7578125, 0.99755859375, 0.4072265625, 5.82421875, 0.92724609375, 5.46484375, 0.071044921875, 4.10546875, 1.755859375, 4.33203125, 1.99609375, 7.046875, 4.1328125, 1.447265625, 1.67578125, 4.40234375, 4.22265625, 2.501953125, 3.025390625, 3.39453125, 0.464111328125, 2.751953125, 5.75, 0.279052734375, 6.0546875, 3.4765625, 6.4140625, 0.560546875, 0.07904052734375, 0.0016012191772460938, 2.505859375, 11.90625, 0.0096282958984375, 0.1754150390625, 0.005268096923828125, 6.0859375, 3.357421875, 1.5703125, 8.1015625, 1.7919921875, 0.499267578125, 4.3359375, 1.0419921875, 2.216796875, 5.97265625, 3.498046875, 0.0018625259399414062, 0.13330078125, 0.0005931854248046875, 0.0031528472900390625, 0.0019702911376953125, 10.0546875, 6.5234375, 3.09375, 0.11688232421875, 0.11505126953125, 1.84765625, 3.78515625, 9.5859375, 4.51171875, 3.818359375, 0.7626953125, 8.71875, 4.13671875, 0.27734375, 0.0019397735595703125, 0.1104736328125, 6.94921875, 1.8876953125, 4.52734375, 5.8671875, 5.9140625, 0.0655517578125, 1.435546875, 0.004913330078125, 0.00698089599609375, 0.00560760498046875, 0.0196685791015625, 2.810546875, 1.130859375, 0.0010957717895507812, 0.050262451171875, 0.0006303787231445312, 0.453125, 0.000324249267578125, 0.6640625, 2.0078125, 0.08380126953125, 0.042022705078125, 0.00069427490234375, 1.09375, 0.0645751953125, 0.228759765625, 0.007022857666015625, 0.023101806640625, 2.736328125, 2.76171875, 3.54296875, 5.09375, 9.0703125, 5.70703125, 1.017578125, 4.69140625, 3.724609375, 0.004055023193359375, 0.0016412734985351562, 0.02239990234375, 0.0015869140625, 6.734375, 0.9423828125, 0.07659912109375, 5.46484375, 0.339111328125, 0.53955078125, 0.123291015625, 0.0155029296875, 0.06982421875, 0.05218505859375, 0.052764892578125, 0.0221710205078125, 0.049957275390625, 0.0037174224853515625, 0.00020444393157958984, 0.003391265869140625, 0.24072265625, 0.020172119140625, 0.0007290840148925781, 0.005428314208984375, 0.01593017578125, 0.02044677734375, 0.0037097930908203125, 0.07891845703125, 0.015625, 1.791015625, 0.6943359375, 4.00390625, 0.25830078125, 0.22998046875, 0.76953125, 4.21875, 8.5, 0.030303955078125, 0.0024814605712890625, -0.0, 5.9723854064941406e-05, 0.00014841556549072266, 8.344650268554688e-07, 0.01837158203125, 0.1251220703125, 0.02984619140625, 0.0033740997314453125, 0.201904296875, 0.0009341239929199219, 0.0001289844512939453, 0.52685546875, 0.06494140625, 0.01837158203125, 0.0028247833251953125, 1.9892578125, 0.3701171875, 0.41796875, 0.76611328125, 7.921875, 0.74951171875, 1.73828125, 0.05291748046875, 0.0009126663208007812, 0.0009222030639648438, 1.0609626770019531e-05, 0.00015354156494140625, 0.001041412353515625, 0.0025157928466796875, 0.0207977294921875, 0.0144805908203125, 0.00432586669921875, 0.474609375, 0.0007715225219726562, 4.1604042053222656e-05, 0.015960693359375, 0.07293701171875, 0.0022525787353515625, 0.0300750732421875, 0.1375732421875, 0.260009765625, 0.0142974853515625, 0.02203369140625, 7.534027099609375e-05, 2.6345252990722656e-05, 0.02984619140625, 0.14697265625, 0.0016336441040039062, 0.00010800361633300781, 0.0182037353515625, 0.05352783203125, 0.00989532470703125, 0.0095062255859375, 0.01119232177734375, 0.049468994140625, 0.01139068603515625, 0.0001857280731201172, 0.0244293212890625, 0.0153961181640625, 0.0025730133056640625, 0.201904296875, 0.004451751708984375, 0.0001232624053955078, 0.0185699462890625, 0.00020599365234375, 0.135009765625, 0.060821533203125]",-1.8252333306754882
388,1,test,3.3953993385926835,1.6028775160885327,2.1531703941955245,5.307223290502979,2.5053986400122565,3.3655411116479597,29.82656199430553,23.82198613065825,26.363237568812927,46.620797351459544,37.23526660963249,41.20740286656795,3.554225039841542,1.597724742041798,2.2067498414874738,5.555477877590158,2.497344529227495,3.4492891666493395,34.960716304673255,27.88619134476124,31.11301772382861,54.64580431406135,43.58787566050518,48.63160878454292,3.4438193442430785,1.6100043829577342,2.200307211170916,5.382906812848415,2.516538382370873,3.439218929172558,31.306299655486356,25.04858553918626,27.83852827878457,48.93372063267462,39.15251883827763,43.51337528260471,0.7537688442211055,0.01376884422110547,0.008768844221105465,0.5879396984924623,-0.012060301507537674,-0.00706030150753767,0.457286432160804,0.0022864321608040417,-0.007713567839195967,0.4104046242774566,0.10593131980415216,0.17091293317286227,0.3884057971014493,0.40201005025125625,0.08622057656704574,0.1465843407353965,0.38383838383838387,0.4147157190635451,0.10586763892998918,0.18112283808467966,0.38926174496644295,24.0,0.0,0.0,37.0,4.0,1.0,43.0,1.0,0.0,-0.0007907184389422413,-8.041217819438141e-05,-0.00024216671360535993,0.00289326418086322,0.0043165050841507124,0.004030937192383455,"[3.056640625, 9.4453125, 2.4296875, 1.0791015625, 0.80224609375, 2.9921875, 1.1474609375, 3.875, 7.19921875, 0.08221435546875, 9.8984375, 6.26953125, 9.34375, 0.9697265625, 5.19921875, 3.16015625, 4.74609375, 0.6904296875, 1.001953125, 0.119873046875, 7.57421875, 0.79052734375, 1.65625, 8.4765625, 2.09765625, 2.072265625, 8.4140625, 1.98828125, 6.44140625, 8.0546875, 6.16796875, 5.203125, 5.97265625, 5.3125, 10.4921875, 5.28125, 1.55859375, 5.8125, 0.7353515625, 6.09375, 4.9609375, 5.484375, 1.5546875, 10.796875, 7.19140625, 0.501953125, 1.02734375, 9.234375, 1.69921875, 4.76953125, 0.278076171875, 2.6015625, 4.9921875, 1.20703125, 3.703125, 0.94384765625, 0.93310546875, 2.0, 13.09375, 5.78515625, 1.1396484375, 2.953125, 0.41357421875, 4.53515625, 2.62109375, 0.90771484375, 2.380859375, 1.7734375, 3.630859375, 9.15625, 0.007415771484375, 7.12109375, 1.1962890625, 8.390625, 9.5234375, 0.08941650390625, 1.560546875, 6.45703125, 7.8515625, 3.744140625, 7.14453125, 4.55859375, 7.49609375, 9.21875, 6.91015625, 5.1484375, 5.72265625, 2.541015625, 1.326171875, 5.28515625, 2.330078125, 0.453125, 8.34375, 0.03900146484375, 0.048187255859375, 0.96630859375, 0.073486328125, 0.1380615234375, 2.27734375, 0.46337890625, 1.681640625, 1.001953125, 5.3125, 0.018157958984375, 2.140625, 4.62890625, 1.4326171875, 8.0546875, 9.3203125, 3.544921875, 0.175048828125, 4.9375, 1.71875, 1.6064453125, 2.623046875, 0.004703521728515625, 6.21484375, 0.08349609375, 4.98828125, 0.2362060546875, 0.54541015625, 4.984375, 4.3984375, 1.5771484375, 1.8583984375, 3.486328125, 3.501953125, 2.3203125, 5.16015625, 2.146484375, 2.658203125, 2.42578125, 6.25, 3.23046875, 4.1796875, 5.25390625, 2.533203125, 2.50390625, 9.8828125, 5.1875, 1.02734375, 4.91796875, 1.0947265625, 3.681640625, 0.07000732421875, 1.0595703125, 0.2275390625, 1.78515625, 0.0085906982421875, 0.7294921875, 0.01184844970703125, 2.974609375, 2.48046875, 3.310546875, 2.66015625, 4.4140625, 0.62646484375, 13.3046875, 1.3466796875, 0.4248046875, 0.002544403076171875, 0.07757568359375, 0.029571533203125, 1.1474609375, 1.73828125, 10.125, 1.7568359375, 0.05126953125, 7.4140625, 1.79296875, 2.26171875, 5.08984375, 3.638671875, 5.15625, 0.3369140625, 5.2734375, 1.4501953125, 3.158203125, 7.02734375, 8.4921875, 3.1015625, 8.5859375, 0.7861328125, 1.5068359375, 9.8203125, 1.64453125, 10.2265625, 0.267822265625, 1.5244140625, 0.10443115234375, 0.421630859375, 0.020965576171875, 0.05767822265625, 0.05487060546875, 0.068359375, 3.5625, 1.4931640625, 6.0546875, 8.53125, 3.283203125, 2.4921875, 5.75, 5.3671875, 0.97412109375, 3.10546875, 4.6796875, 9.109375, 4.70703125, 3.724609375, 2.599609375, 2.978515625, 7.3984375, 5.8515625, 3.37890625, 7.65234375, 5.09375, 7.1484375, 0.07196044921875, 6.37109375, 0.90625, 1.7861328125, 1.8896484375, 7.3359375, 0.52685546875, 4.47265625, 0.346435546875, 0.0035343170166015625, 3.095703125, 4.1796875, 6.4609375, 0.0018215179443359375, 2.134765625, 0.00722503662109375, 0.939453125, 0.0017385482788085938, 3.0859375, 2.271484375, 0.1513671875, 0.0587158203125, 3.466796875, 0.007411956787109375, 9.4765625, 4.58203125, 3.892578125, 0.465576171875, 2.380859375, 2.212890625, 5.6328125, 5.91796875, 0.2437744140625, 0.79931640625, 3.591796875, 0.28125, 7.625, 7.8828125, 1.1689453125, 1.9140625, 0.46435546875, 0.066162109375, 1.2880859375, 0.00022590160369873047, 0.01486968994140625, 0.372802734375, 0.0007605552673339844, 0.0135650634765625, 2.48828125, 0.0041656494140625, 1.1298828125, 0.2093505859375, 10.4375, 5.80859375, 4.33203125, 4.1796875, 0.444091796875, 0.07183837890625, 10.40625, 8.328125, 0.37158203125, 3.625, 0.320068359375, 0.003765106201171875, 0.06298828125, 0.007442474365234375, 0.39794921875, 0.00019025802612304688, 0.00785064697265625, 10.046875, 7.65625, 8.609375, 8.421875, 6.71484375, 2.546875, 10.046875, 0.39794921875, 9.625, 6.71875, 0.0119171142578125, 5.51953125, 4.32421875, 9.3828125, 2.734375, 1.6884765625, 1.0390625, 7.06640625, 3.755859375, 5.02734375, 7.92578125, 0.072509765625, 2.54296875, 1.5380859375, 1.66015625, 0.005840301513671875, 0.57470703125, 11.34375, 0.8671875, 3.642578125, 2.19921875, 4.95703125, 6.78125, 2.423828125, 0.86474609375, 2.71875, 1.4814453125, 3.150390625, 2.5625, 1.263671875, 0.2413330078125, 5.2109375, 3.66796875, 0.331298828125, 3.685546875, 6.0546875, 1.1123046875, 0.67626953125, 2.2890625, 7.01171875, 0.2294921875, 1.408203125, 0.80224609375, 0.21630859375, 0.005771636962890625, 2.16015625, 0.0280609130859375, 12.71875, 2.580078125, 0.45361328125]",-1.5537722045286544
249,1,test,3.376630991499945,1.5376557891523235,2.1295036886884104,5.913983759679094,2.6931196769546473,3.729708772673921,29.271987231059907,22.981898342445973,25.791656583945397,51.26827821393729,40.251532935035435,45.17267020193905,3.6499940234812063,1.6094862022690686,2.281351262844595,6.392764098929511,2.8189267010839756,3.995661460357874,38.47443610515453,30.779920459985888,34.54442299954379,67.38586208012615,53.909340458819216,60.50265993561717,3.3836710939439243,1.5433871135902775,2.1375610479412215,5.926314112514503,2.7031577769818154,3.7438207949490754,29.478792129585237,23.180465521480762,26.002000072386,51.63048563736605,40.59931244513683,45.541075271288776,0.7185929648241206,0.008592964824120641,0.008592964824120641,0.5979899497487438,-0.007010050251256228,0.01298994974874379,0.507537688442211,-0.0024623115577889765,0.002537688442211028,0.4304635761589404,0.12467845219199825,0.19918604311929278,0.3820598006644518,0.44723618090452266,0.13645923854863296,0.2051660640430869,0.4242424242424242,0.43143812709030105,0.12592894512035113,0.20229463432055694,0.3825503355704698,21.0,4.0,3.0,33.0,7.0,7.0,41.0,6.0,5.0,-0.0009174876236796443,-9.103886684949822e-05,-0.0002598744482365699,-0.0004951882937413998,-9.202525539642181e-05,5.081944426521545e-05,"[3.0625, 9.453125, 2.48046875, 4.4921875, 3.724609375, 11.3671875, 9.59375, 0.287841796875, 8.703125, 11.203125, 0.7314453125, 6.17578125, 3.537109375, 0.07464599609375, 0.5107421875, 4.5546875, 5.125, 1.5654296875, 8.9375, 1.9345703125, 1.0791015625, 10.03125, 6.75390625, 4.2890625, 8.765625, 2.154296875, 4.00390625, 8.421875, 5.265625, 0.0118865966796875, 10.984375, 6.3125, 0.44384765625, 1.3427734375, 1.5087890625, 0.08941650390625, 0.05072021484375, 0.405029296875, 0.5556640625, 0.63671875, 12.71875, 4.16796875, 0.2078857421875, 4.51953125, 1.9794921875, 4.453125, 0.76904296875, 1.0703125, 0.5869140625, 3.87890625, 0.82275390625, 5.02734375, 0.05908203125, 0.0273284912109375, 4.59765625, 3.79296875, 0.0009708404541015625, 6.7578125, 2.55078125, 7.40625, 0.2481689453125, 3.345703125, 3.919921875, 0.340087890625, 2.82421875, 0.56005859375, 2.35546875, 1.130859375, 1.80859375, 0.76025390625, 0.1851806640625, 3.40234375, 7.734375, 7.3125, 0.51123046875, 0.29052734375, 0.5576171875, 14.7109375, 0.71533203125, 0.87158203125, 0.1942138671875, 0.68115234375, 5.0078125, 0.394287109375, 8.921875, 0.0888671875, 4.11328125, 2.23046875, 10.0859375, 5.3515625, 2.009765625, 0.147216796875, 4.28515625, 0.80908203125, 0.306396484375, 1.3505859375, 0.2484130859375, 5.14453125, 2.416015625, 1.376953125, 3.74609375, 0.1854248046875, 0.0032958984375, 3.09375, 9.2265625, 4.05078125, 5.89453125, 3.33984375, 6.140625, 1.2001953125, 1.7841796875, 0.09759521484375, 0.7255859375, 0.89013671875, 6.08984375, 11.6171875, 5.27734375, 0.411865234375, 1.8232421875, 1.48046875, 2.177734375, 5.421875, 7.47265625, 0.022308349609375, 8.8359375, 8.03125, 5.1171875, 5.859375, 0.998046875, 9.0078125, 2.048828125, 6.7578125, 2.380859375, 7.046875, 8.1953125, 1.4775390625, 0.650390625, 2.111328125, 7.0703125, 0.206787109375, 1.177734375, 4.44921875, 0.0034732818603515625, 0.006378173828125, 2.302734375, 2.63671875, 3.140625, 1.041015625, 3.572265625, 4.1328125, 5.67578125, 1.421875, 2.982421875, 8.1796875, 1.447265625, 3.38671875, 5.3671875, 1.568359375, 5.375, 0.63916015625, 5.625, 3.419921875, 4.203125, 5.72265625, 6.23828125, 0.1417236328125, 0.0501708984375, 4.15234375, 0.1219482421875, 6.16796875, 6.33203125, 1.8056640625, 0.63623046875, 7.25390625, 5.76953125, 2.1484375, 10.03125, 6.0, 0.3935546875, 0.2203369140625, 2.50390625, 10.1875, 5.78125, 0.043670654296875, 5.734375, 2.8828125, 7.828125, 3.34375, 5.203125, 4.7734375, 2.748046875, 7.4453125, 4.80859375, 4.16796875, 0.07763671875, 4.671875, 2.947265625, 4.29296875, 3.384765625, 2.287109375, 0.8271484375, 8.2578125, 1.8291015625, 0.0185699462890625, 4.55859375, 6.20703125, 0.0014810562133789062, 0.05670166015625, 0.537109375, 1.8525390625, 0.00045871734619140625, 4.25, 7.38671875, 4.89453125, 4.0546875, 3.04296875, 9.90625, 3.2265625, 0.11224365234375, 0.1717529296875, 5.30078125, 3.53515625, 3.115234375, 5.57421875, 0.032867431640625, 8.34375, 1.564453125, 3.51171875, 8.3046875, 1.90234375, 0.4345703125, 8.5, 1.8779296875, 0.61767578125, 0.435302734375, 1.0126953125, 2.130859375, 7.14453125, 9.3984375, 0.267822265625, 5.76171875, 0.38037109375, 3.15234375, 8.4296875, 7.328125, 0.09246826171875, 0.7958984375, 4.53125, 1.7861328125, 7.05078125, 0.2091064453125, 3.27734375, 2.814453125, 0.55517578125, 2.69140625, 0.036041259765625, 5.5703125, 4.0078125, 1.8193359375, 4.32421875, 8.9921875, 4.265625, 0.724609375, 0.2119140625, 0.59033203125, 2.25, 3.369140625, 5.06640625, 6.29296875, 2.2265625, 6.671875, 0.402587890625, 6.03125, 0.814453125, 0.02728271484375, 0.1964111328125, 0.289794921875, 1.8427734375, 2.072265625, 7.5, 5.33984375, 0.16650390625, 0.4814453125, 0.1632080078125, 0.427978515625, 2.74609375, 0.39453125, 0.0273895263671875, 0.400390625, 1.5751953125, 1.1044921875, 5.79296875, 0.048736572265625, 8.71875, 0.446533203125, 1.431640625, 0.9521484375, 0.0343017578125, 0.02838134765625, 0.27490234375, 1.26953125, 6.48046875]",-0.8859656157083071
221,1,test,3.1933777661937657,1.3407605364274247,1.891577422551759,5.9177979583311044,2.484626168903969,3.5053707480854275,24.37060678537959,17.99412035276202,20.69469817273347,45.162313273605534,33.34574750686668,38.35031479562497,3.09351768086304,1.2246656513948573,1.762656707264477,5.732742555445494,2.269485298039421,3.26646173024536,22.054522455006936,15.573670155167392,18.270222287106677,40.87026888515271,28.860297839995518,33.85740493764524,3.1933777661937657,1.3407605364274247,1.891577422551759,5.9177979583311044,2.484626168903969,3.5053707480854275,24.37060678537959,17.99412035276202,20.69469817273347,45.162313273605534,33.34574750686668,38.35031479562497,0.6683417085427136,-0.0016582914572863539,-0.011658291457286363,0.5326633165829145,-0.0023366834170853723,0.002663316582914521,0.4321608040201005,0.007160804020100442,0.007160804020100442,0.40909090909090906,0.10474308300395252,0.15468284863750859,0.3840304182509505,0.42713567839195976,0.11635873603607005,0.16169327438528192,0.36363636363636365,0.40909090909090906,0.10474308300395252,0.15468284863750859,0.3840304182509505,29.0,15.0,15.0,39.0,11.0,13.0,48.0,14.0,14.0,0.00035355363337292864,0.00019388743244170518,-2.6282754991975917e-05,0.000141735257445319,0.00018927773293242467,-8.23537205478786e-05,"[3.0625, 9.453125, 2.48046875, 1.494140625, 8.8203125, 3.03515625, 1.744140625, 6.00390625, 9.0859375, 0.96337890625, 7.55078125, 0.63525390625, 5.765625, 7.5234375, 7.9140625, 7.13671875, 0.87646484375, 1.3798828125, 7.609375, 0.54638671875, 7.66796875, 5.953125, 0.8349609375, 9.4765625, 3.88671875, 4.0546875, 10.2265625, 7.8515625, 3.28515625, 2.525390625, 3.44140625, 0.75439453125, 3.658203125, 3.703125, 1.7548828125, 0.37451171875, 1.3310546875, 1.341796875, 3.693359375, 0.0022106170654296875, 0.7333984375, 3.111328125, 0.264892578125, 2.37890625, 0.09991455078125, 0.11029052734375, 1.0517578125, 7.2109375, 0.021820068359375, 0.69775390625, 3.171875, 6.57421875, 0.12359619140625, 0.2138671875, 2.0, 2.814453125, 0.31103515625, 8.8203125, 2.099609375, 1.08984375, 2.42578125, 5.47265625, 0.414794921875, 4.7890625, 0.454345703125, 6.76953125, 4.265625, 3.28125, 5.453125, 0.453369140625, 3.244140625, 0.0009350776672363281, 0.646484375, 4.09765625, 0.490478515625, 0.053253173828125, 0.0017213821411132812, 9.578125, 1.5009765625, 3.169921875, 0.42626953125, 7.88671875, 4.4921875, 0.0009360313415527344, 0.1551513671875, 0.00032830238342285156, 0.002414703369140625, 0.0034618377685546875, 0.484619140625, 2.802734375, 0.1063232421875, 4.18359375, 0.412353515625, 5.92578125, 5.00390625, 1.9794921875, 1.0185546875, 4.109375, 1.1826171875, 0.0033092498779296875, 2.16015625, 0.0001404285430908203, 7.81640625, 0.173095703125, 0.4638671875, 4.7265625, 0.5625, 4.87109375, 1.244140625, 8.9453125, 0.0144805908203125, 5.4140625, 4.97265625, 3.94140625, 1.875, 1.2587890625, 0.484375, 0.359130859375, 0.2030029296875, 0.01041412353515625, 0.0009822845458984375, 7.772445678710938e-05, 5.26171875, 0.064208984375, 0.2232666015625, 2.109375, 3.001953125, 0.9619140625, 0.19189453125, 4.3984375, 0.9921875, 3.837890625, 2.07421875, 0.66943359375, 0.494384765625, 7.5390625, 0.98828125, 5.7890625, 0.001018524169921875, 7.29296875, 6.59765625, 0.248779296875, 8.6875, 7.828125, 2.248046875, 2.4765625, 1.0634765625, 4.140625, 4.5234375, 6.6875, 6.8515625, 2.287109375, 3.505859375, 4.9375, 1.888671875, 5.3515625, 1.3583984375, 1.2197265625, 8.1796875, 0.387939453125, 1.453125, 9.625, 0.00533294677734375, 3.669921875, 7.44140625, 1.61328125, 1.908203125, 1.126953125, 0.9462890625, 0.291748046875, 2.83984375, 0.05889892578125, 2.751953125, 0.2109375, 10.296875, 0.66357421875, 6.92578125, 0.0819091796875, 1.5703125, 6.4765625, 8.2578125, 8.2265625, 5.21875, 1.823902130126953e-05, 3.49609375, 5.50390625, 1.525390625, 2.580078125, 1.3154296875, 1.560546875, 4.3046875, 5.98828125, 2.189453125, 6.05078125, 0.04742431640625, 3.41796875, 4.421875, 6.23828125, 3.3046875, 6.609375, 10.9765625, 0.0175323486328125, 2.3046875, 1.7626953125, 2.4140625, 0.001010894775390625, 2.125, 6.15234375, 6.26171875, 2.8984375, 3.767578125, 0.0955810546875, 0.99462890625, 6.59765625, 0.1090087890625, 8.296875, 0.00408172607421875, 0.9033203125, 0.7216796875, 6.63671875, 0.053131103515625, 10.515625, 0.5439453125, 7.57421875, 0.9794921875, 2.921875, 2.83984375, 0.07806396484375, 5.11328125, 0.267578125, 3.521484375, 0.208984375, 1.1708984375, 4.8515625, 5.9609375, 1.783203125, 5.62109375, 4.4921875, 1.380859375, 3.0546875, 0.053985595703125, 2.28125, 9.40625, 0.55712890625, 0.74755859375, 8.9921875, 2.958984375, 0.486328125, 2.44140625, 1.4375, 5.33984375, 2.7421875, 7.1328125, 8.09375, 1.15234375, 4.2109375, 1.0849609375, 3.169921875, 6.5390625, 13.3046875, 3.9375, 0.0214691162109375, 0.0142364501953125, 6.35546875]",-0.853118625102621
295,1,test,2.7443954951770313,1.1303938080356586,1.5649657199447105,5.391929972877226,2.2208913640229997,3.074697355656078,15.5552078912799,10.532336868342068,12.302688884174453,30.56140844522051,20.692944200154415,24.171165219495688,2.9527727796803767,1.2027325511760907,1.661911268609119,5.801330049489681,2.363015718193025,3.2651668453849747,19.159003842654368,13.404169662933729,15.523086252547536,37.64180754968564,26.335250984822736,30.498298872652217,2.817189553908281,1.1593616213403342,1.627817486849306,5.534948888266857,2.2778045972215972,3.198182591809813,16.729766432587176,11.481866768527526,13.444748643861924,32.8690705204948,22.558491180518786,26.41497674735225,0.6180904522613065,0.0030904522613065533,0.0030904522613065533,0.49246231155778897,-0.012537688442211037,0.0024623115577889765,0.40201005025125625,-0.007989949748743785,-0.0229899497487438,0.39039039039039036,0.10403356880118497,0.14263814263814256,0.3493975903614458,0.4120603015075377,0.10880215614412914,0.15997349015528395,0.3535353535353535,0.4013377926421404,0.1175314487356296,0.16107082934959316,0.35906040268456374,24.0,14.0,14.0,35.0,16.0,15.0,40.0,12.0,14.0,-0.0015709658733264913,0.0002113699761898953,-0.000512912584916903,0.02233607515261493,0.01809939703096841,0.021463313037974885,"[3.056640625, 9.4453125, 2.4296875, 1.0791015625, 0.80224609375, 3.9921875, 0.60205078125, 9.3828125, 8.859375, 0.6298828125, 8.7734375, 6.8203125, 6.59375, 0.96044921875, 6.20703125, 5.0078125, 6.7421875, 2.43359375, 1.00390625, 3.96875, 3.02734375, 6.43359375, 10.671875, 7.203125, 6.68359375, 0.7041015625, 3.392578125, 0.96044921875, 1.470703125, 2.033203125, 0.0085906982421875, 0.0051422119140625, 0.342529296875, 0.0712890625, 0.1148681640625, 2.052734375, 7.96484375, 10.9375, 2.2734375, 3.365234375, 0.046966552734375, 0.6337890625, 6.9375, 0.03778076171875, 2.845703125, 3.06640625, 0.0033931732177734375, 1.07421875, 3.548828125, 2.22265625, 0.08135986328125, 9.2578125, 9.6171875, 0.5595703125, 0.8271484375, 6.33203125, 6.54296875, 0.76123046875, 3.3203125, 2.564453125, 1.947265625, 8.4609375, 5.09375, 8.2578125, 0.08270263671875, 0.68896484375, 6.5390625, 2.150390625, 4.078125, 0.0750732421875, 7.76953125, 2.734375, 0.01078033447265625, 0.0011415481567382812, 0.22021484375, 3.900390625, 7.00390625, 1.43359375, 1.263671875, 4.87109375, 3.716796875, 7.796875, 4.8046875, 2.025390625, 0.8701171875, 3.099609375, 4.55859375, 0.2125244140625, 2.62109375, 1.1728515625, 0.0272064208984375, 0.626953125, 3.71875, 4.83203125, 5.60546875, 2.279296875, 0.007537841796875, 2.046875, 5.91015625, 4.15234375, 3.4765625, 0.4248046875, 4.0234375, 4.4921875, 3.392578125, 0.00022292137145996094, 1.8466796875, 5.2890625, 4.953125, 6.04296875, 0.68408203125, 1.56640625, 3.595703125, 6.56640625, 1.1513671875, 6.6796875, 7.046875, 2.16796875, 7.80859375, 0.08709716796875, 0.00494384765625, 0.0002894401550292969, 0.00139617919921875, 12.265625, 1.97265625, 8.65625, 3.662109375, 1.5087890625, 5.76953125, 10.1640625, 7.29296875, 0.059173583984375, 9.3984375, 3.533203125, 1.3515625, 8.0078125, 4.5234375, 0.724609375, 0.302978515625, 4.91796875, 0.62255859375, 0.003726959228515625, 0.0011081695556640625, 1.625, 0.5126953125, 0.0694580078125, 0.004650115966796875, 0.053192138671875, 1.5068359375, 0.45361328125, 1.66796875, 1.3408203125, 1.28515625, 1.595703125, 3.00390625, 6.4375, 4.7578125, 0.093017578125, 0.28173828125, 4.91015625, 0.04705810546875, 2.14453125, 11.9375, 0.1300048828125, 0.00522613525390625, 0.000118255615234375, 0.0010271072387695312, 1.564453125, 1.2412109375, 1.1611328125, 0.84375, 3.912109375, 0.0059661865234375, 0.006732940673828125, 0.044830322265625, 0.0103302001953125, 0.290771484375, 6.4609375, 0.006290435791015625, 0.392822265625, 0.0016002655029296875, 0.0024166107177734375, 0.00574493408203125, 5.88671875, 6.1640625, 5.69921875, 0.1275634765625, 4.33984375, 0.00492095947265625, 0.01177215576171875, 0.0016565322875976562, 0.0255584716796875, 2.044921875, 1.30078125, 0.1427001953125, 0.0027923583984375, 0.032867431640625, 0.0004787445068359375, 0.189208984375, 0.0007805824279785156, 8.3046875, 1.5908203125, 8.484375, 1.96875, 0.1531982421875, 1.0859375, 4.20703125, 0.0099334716796875, 5.24609375, 0.857421875, 0.01377105712890625, 0.0187530517578125, 0.028961181640625, 0.03857421875, 1.99609375, 0.0002090930938720703, 0.33056640625, 0.00853729248046875, 0.022735595703125, 2.5272369384765625e-05, 0.7158203125, 0.3759765625, 0.0051116943359375, 0.00042128562927246094, 0.00025200843811035156, 5.8828125, 1.6396484375, 2.806640625, 0.57958984375, 0.0843505859375, 0.3603515625, 2.900390625, 2.41796875, 0.34228515625, 0.73876953125, 3.095703125, 3.91015625, 0.61767578125, 7.125, 1.05859375, 0.05389404296875, 0.490234375, 0.63916015625, 0.459716796875, 8.1640625, 8.0078125, 0.10479736328125, 0.3828125, 7.6796875, 0.492431640625, 0.0007319450378417969, 1.05859375, 0.51416015625, 0.040252685546875, 0.448486328125, 3.150390625, 6.04296875, 0.3525390625, 6.73046875, 3.681640625, 2.708984375, 6.19140625, 12.890625, 0.10430908203125, 2.7265625, 0.497802734375, 2.283203125, 2.15234375, 8.671875, 0.94677734375, 1.0810546875, 5.5859375, 0.03515625, 0.2122802734375, 6.47265625, 2.013671875, 3.462890625, 5.23828125, 4.66796875, 4.3671875, 5.8203125, 0.9150390625, 2.203125, 1.5927734375, 2.759765625, 5.4765625, 0.93603515625, 0.0267486572265625, 6.89453125, 3.115234375, 0.255126953125, 6.5625, 0.002635955810546875, 1.2197265625, 3.72265625, 5.2421875, 4.3046875, 2.744140625, 11.0078125, 0.0004754066467285156, 0.583984375, 0.000885009765625, 5.375, 0.051605224609375, 0.0030231475830078125, 0.1456298828125, 1.0654296875, 1.19921875, 2.18359375, 0.1083984375, 0.03656005859375, 1.04296875, 1.541015625, 3.392578125, 6.64453125, 1.078125, 5.08984375, 1.626953125, 6.16796875, 10.4140625, 8.265625, 0.00093841552734375, 3.6953125, 2.91796875, 0.033447265625, 0.287353515625, 2.9453125, 0.486083984375, 0.15380859375, 0.1304931640625, 4.3828125, 0.91064453125, 0.0014629364013671875]",-1.200476407288789
9,1,test,2.9831649082743987,1.2622142882017278,1.7701738919595469,4.911308080695656,2.0780357183808933,2.9143106757870587,19.750225485600716,14.160385732361142,16.386695490341296,32.51561512873288,23.312830169131146,26.978096234098473,3.2826255865432508,1.3761852344045307,1.9356537990682634,5.404322611991938,2.2656708127391667,3.1867471082221415,26.64564137403875,19.916548459819218,22.799879279054203,43.86782421335648,32.78943953750725,37.536386617955095,2.990897313369694,1.2715060883705405,1.7678452160302762,4.92403825981596,2.093333194268573,2.9104768800498455,19.90353418841522,14.32240441083702,16.50599263572959,32.76801360287872,23.579568237353627,27.17450007101823,0.728643216080402,-0.001356783919598037,-0.006356783919598041,0.5778894472361809,0.0028894472361808976,0.007889447236180791,0.4321608040201005,0.012160804020100446,0.0021608040201004375,0.3977695167286245,0.09721293045775248,0.13695369472615226,0.34328358208955223,0.39698492462311563,0.06365159128978226,0.1265341733710288,0.3535353535353535,0.3977695167286245,0.08979178017945932,0.14189807049871106,0.3395522388059702,25.0,6.0,6.0,34.0,3.0,3.0,44.0,8.0,7.0,-0.0005392300985223445,-0.0006911008422042345,-0.00020601395868114725,0.03638585743854339,0.03656479184117156,0.037194468729571106,"[3.056640625, 9.4453125, 2.48046875, 1.80859375, 0.8740234375, 8.9921875, 1.0673828125, 6.45703125, 10.296875, 3.720703125, 2.87890625, 3.03515625, 6.9296875, 5.00390625, 0.55419921875, 2.271484375, 9.8984375, 2.08203125, 5.109375, 5.25, 3.404296875, 2.78125, 4.25, 0.7080078125, 2.6328125, 0.88134765625, 6.74609375, 2.91015625, 5.86328125, 5.89453125, 5.41015625, 2.7578125, 6.05859375, 2.537109375, 3.37109375, 2.884765625, 1.0009765625, 1.2490234375, 2.46484375, 2.064453125, 10.0859375, 2.6640625, 7.37109375, 2.22265625, 1.9599609375, 0.62939453125, 6.1171875, 1.1982421875, 2.66015625, 3.47265625, 6.01953125, 2.099609375, 4.7421875, 5.87109375, 0.208740234375, 3.65234375, 0.06103515625, 6.8125, 1.5634765625, 6.515625, 5.5078125, 4.67578125, 0.0225982666015625, 5.1953125, 2.79296875, 2.40234375, 0.69482421875, 11.7578125, 0.07183837890625, 0.329345703125, 0.0377197265625, 0.004993438720703125, 0.8876953125, 0.82958984375, 1.158203125, 6.18359375, 8.359375, 3.2109375, 8.625, 1.6796875, 4.47265625, 10.3828125, 8.3046875, 0.1666259765625, 3.560546875, 2.423828125, 2.71484375, 0.0032596588134765625, 4.58984375, 1.7265625, 1.7255859375, 8.5859375, 0.568359375, 4.3984375, 1.5419921875, 9.921875, 0.1817626953125, 0.6748046875, 0.1551513671875, 0.022857666015625, 0.23046875, 0.4150390625, 0.1788330078125, 0.031463623046875, 0.261474609375, 1.939453125, 1.9169921875, 4.4921875, 0.53564453125, 0.0283203125, 0.2496337890625, 0.0021076202392578125, 0.0419921875, 0.0310211181640625, 0.0012159347534179688, 1.4306640625, 1.947265625, 8.359375, 4.54296875, 9.9375, 0.80517578125, 7.0859375, 0.12371826171875, 2.478515625, 2.66015625, 6.78515625, 0.9462890625, 4.41015625, 3.755859375, 1.541015625, 6.63671875, 1.4609375, 3.1796875, 2.525390625, 0.81982421875, 4.30859375, 9.2421875, 3.771484375, 0.1341552734375, 1.375, 1.3876953125, 7.6328125, 0.0390625, 6.26953125, 9.0078125, 6.82421875, 1.2744140625, 0.93701171875, 3.62109375, 2.24609375, 1.546875, 3.845703125, 2.037109375, 1.326171875, 5.87109375, 0.125244140625, 6.8125, 5.1953125, 10.40625, 3.302734375, 1.9501953125, 2.05859375, 3.82421875, 1.2021484375, 3.37890625, 0.52685546875, 0.1761474609375, 2.365234375, 7.34375, 6.5625, 0.74609375, 3.267578125, 5.0390625, 0.96142578125, 0.88232421875, 1.3974609375, 8.6796875, 2.9765625, 1.640625, 1.3544921875, 5.4375, 1.689453125, 6.17578125, 2.98828125, 2.796875, 1.9677734375, 1.16015625, 6.2734375, 0.1453857421875, 0.060638427734375, 6.515625, 0.0030727386474609375, 0.13671875, 0.001422882080078125, 0.005126953125, 0.0041351318359375, 10.5625, 4.796875, 2.701171875, 4.42578125, 0.065673828125, 0.11602783203125, 2.5, 3.84375, 5.1328125, 3.359375, 0.455322265625, 2.826171875, 4.01953125, 4.34765625, 0.978515625, 0.0103607177734375, 2.197265625, 0.000621795654296875, 7.50390625, 3.255859375, 0.259521484375, 1.2939453125, 4.2734375, 5.75390625, 0.151611328125, 4.99609375, 0.6611328125, 0.0140228271484375, 2.212890625, 8.6875, 5.359375, 1.3525390625, 4.5078125, 0.53955078125, 0.00260162353515625, 0.00244140625, 0.00038552284240722656, 0.48779296875, 0.168212890625, 0.0030498504638671875, 0.0001423358917236328, 9.21487808227539e-05, 6.24609375, 0.484375, 5.30859375, 1.3671875, 1.833984375, 0.0909423828125, 0.266845703125, 0.068359375, 3.8125, 7.171875, 1.5673828125, 0.6962890625, 1.6474609375, 3.32421875, 8.5, 6.6640625, 1.2646484375, 3.01171875, 0.468994140625, 2.400390625, 0.9931640625, 5.03125, 0.00821685791015625, 0.052581787109375, 0.0222015380859375, 0.01215362548828125, 0.06201171875, 0.046875, 0.036865234375, 0.0047149658203125, 0.59423828125]",-1.484795449391617
209,1,test,3.3427335579003863,1.5005855886246289,2.07225950447679,5.8497837263256764,2.626024780093101,3.6264541328343824,28.296370849727136,21.98629328217055,24.733829852851045,49.518648987022495,38.47601324379846,43.284202242489336,3.3966295551415064,1.4794623083516458,2.08564203146077,5.944101721497637,2.5890590396153805,3.649873555056348,29.86327770397167,23.06161398514533,26.153442249724833,52.260735981950425,40.35782447400433,45.76852393701846,3.370205489289402,1.5299481598740023,2.107609482370865,5.8978596062564534,2.6774092797795044,3.688316594149014,29.08450299763382,22.786344243606095,25.54991760205841,50.897880245859184,39.876102426310666,44.71235580360222,0.7437185929648241,0.00371859296482413,0.00371859296482413,0.5577889447236181,-0.00221105527638199,-0.00221105527638199,0.457286432160804,-0.007713567839195967,-0.007713567839195967,0.426865671641791,0.12433213960006229,0.18356875009263507,0.4011976047904192,0.4371859296482412,0.1213964559640307,0.18676856737779046,0.4040404040404041,0.4347826086956522,0.1309428758075053,0.19229095129854434,0.3993288590604027,20.0,3.0,3.0,33.0,3.0,4.0,41.0,3.0,4.0,-0.0005981641856183187,-0.00021974065368030336,-0.0002517504195725421,-0.0003648737173866934,3.5801071247121286e-05,-0.00018020799302398416,"[3.056640625, 9.4453125, 2.4296875, 6.078125, 0.78955078125, 0.10418701171875, 13.328125, 11.1328125, 1.0771484375, 6.17578125, 3.44140625, 2.47265625, 8.4375, 2.759765625, 7.4140625, 0.398193359375, 1.861328125, 6.2890625, 5.5859375, 6.37890625, 1.6240234375, 8.078125, 1.9580078125, 7.42578125, 0.0167083740234375, 7.0078125, 8.1640625, 3.705078125, 1.3291015625, 7.77734375, 3.9296875, 1.015625, 1.5576171875, 4.4296875, 0.12042236328125, 2.59375, 3.0625, 1.482421875, 5.6015625, 4.37890625, 10.765625, 10.375, 6.17578125, 1.533203125, 4.484375, 1.1435546875, 1.1748046875, 7.25, 1.033203125, 1.7021484375, 3.49609375, 4.53125, 7.7421875, 7.10546875, 7.578125, 1.4873046875, 0.91552734375, 6.14453125, 6.7734375, 1.2998046875, 4.453125, 2.005859375, 4.7890625, 0.646484375, 2.734375, 0.76318359375, 2.470703125, 1.4228515625, 0.005859375, 2.146484375, 3.8125, 2.912109375, 0.1375732421875, 0.6396484375, 0.88427734375, 0.0063018798828125, 0.478271484375, 1.6455078125, 7.7265625, 5.61328125, 2.10546875, 0.4150390625, 2.654296875, 0.2108154296875, 0.026824951171875, 0.2431640625, 0.001041412353515625, 1.81640625, 0.455810546875, 0.0160369873046875, 0.00569915771484375, 0.0645751953125, 0.023284912109375, 0.00394439697265625, 2.212890625, 7.02734375, 6.28125, 0.69482421875, 8.1953125, 1.77734375, 1.1533203125, 3.46484375, 2.779296875, 9.9140625, 3.703125, 4.296875, 6.51953125, 3.248046875, 5.76171875, 1.2265625, 7.19140625, 4.59375, 4.14453125, 0.2587890625, 6.796875, 2.69140625, 2.193359375, 8.640625, 3.4765625, 3.494140625, 0.37060546875, 4.1328125, 2.177734375, 3.650390625, 1.1708984375, 4.8359375, 0.0066680908203125, 5.81640625, 0.263671875, 2.73046875, 0.1307373046875, 0.7138671875, 6.53125, 1.0234375, 0.2301025390625, 0.0489501953125, 0.86962890625, 15.203125, 11.609375, 0.10833740234375, 1.9453125, 5.80859375, 0.0804443359375, 3.609375, 10.046875, 0.1845703125, 0.84228515625, 5.8125, 4.34375, 1.41796875, 3.322265625, 0.62158203125, 1.2177734375, 0.53515625, 4.22265625, 0.01010894775390625, 1.8037109375, 1.76171875, 1.494140625, 3.740234375, 1.1640625, 4.83984375, 0.059844970703125, 3.84375, 4.6015625, 2.931640625, 5.13671875, 0.29150390625, 4.73046875, 4.2109375, 1.140625, 5.734375, 1.25, 0.2039794921875, 0.048828125, 0.1976318359375, 4.4765625, 1.8193359375, 6.07421875, 2.552734375, 4.453125, 4.62109375, 5.2734375, 4.0390625, 0.62158203125, 4.99609375, 5.9296875, 2.560546875, 0.33056640625, 1.2255859375, 1.755859375, 7.00390625, 8.1875, 7.46484375, 0.03369140625, 7.76052474975586e-05, 6.890625, 10.1484375, 0.0076141357421875, 1.171875, 1.7314453125, 4.75390625, 4.6484375, 0.054290771484375, 1.078125, 7.61328125, 0.03863525390625, 0.015899658203125, 2.564453125, 1.55078125, 3.943359375, 0.02239990234375, 1.0234375, 7.921875, 2.37890625, 0.07537841796875, 7.625, 7.7890625, 2.462890625, 8.1015625, 0.51416015625, 5.31640625, 6.88671875, 4.65234375, 0.55322265625, 3.18359375, 8.3359375, 6.109375, 7.99609375, 4.453125, 3.216796875, 7.046875, 6.2890625, 7.15234375, 0.435791015625, 8.71875, 0.0020313262939453125, 2.392578125, 6.14453125, 0.0223846435546875, 0.01629638671875, 1.755859375, 1.3193359375, 2.638671875, 0.006084442138671875, 7.765625, 7.625, 6.07421875, 6.19140625, 0.44970703125, 0.1466064453125, 2.6015625, 0.01091766357421875, 0.11529541015625, 0.61962890625, 0.1607666015625, 10.0078125, 0.0235748291015625, 0.006763458251953125, 0.02935791015625, 0.5126953125, 7.21484375, 1.1923828125, 2.19140625, 2.41796875, 1.18359375, 4.66796875, 3.044921875, 3.763671875, 0.002117156982421875, 5.3359375, 0.004718780517578125, 6.828125, 1.7861328125, 1.015625, 10.8125, 2.14453125, 1.6044921875, 8.8125, 4.49609375, 6.61328125, 3.744140625, 4.83984375, 1.3798828125, 3.703125, 0.1060791015625, 0.234375, 7.49609375, 0.06805419921875, 0.2166748046875, 0.1402587890625, 6.6328125, 11.375, 1.6279296875, 1.42578125, 6.046875, 0.465087890625, 0.87548828125, 7.16015625, 2.115234375, 0.8515625, 7.9375, 1.7744140625, 9.828125, 0.0458984375, 1.21484375, 0.1787109375, 0.73388671875, 0.3994140625, 10.078125, 0.01763916015625, 0.144775390625, 0.057373046875, 9.5078125, 2.43359375, 2.333984375, 3.896484375, 0.455078125, 4.08984375, 0.310791015625, 0.482666015625, 9.3671875, 5.06640625, 0.0213470458984375, 0.054534912109375, 0.029052734375, 2.546875, 6.171875, 4.3203125, 2.43359375, 0.7392578125, 5.55078125, 5.3359375, 3.7265625, 1.83203125]",-1.100335423270268
217,1,test,3.7291726898401976,1.6610587525923988,2.3063740130707426,6.749277333020639,3.0062823902552567,4.174212122247752,41.644640873929234,33.73475038341743,37.495925753496266,75.3709345394353,61.0551468206921,67.86234449752493,3.898440797125275,1.6773090579630114,2.37088690721861,7.055628766628138,3.0356931542006613,4.290971374332273,49.32548068515079,40.10772362359357,44.718586626721724,89.2721727893222,72.58933078354612,80.93434340188368,3.7448029285296798,1.675670908163093,2.3319902691917567,6.777565863606533,3.0327283337881332,4.22057393790339,42.30067014210437,34.38272262494723,38.19317799395839,76.55825511634383,62.22788531416506,69.12427284822047,0.7336683417085428,-0.001331658291457205,-0.001331658291457205,0.6331658291457287,-0.006834170854271293,-0.011834170854271298,0.5125628140703518,-0.0024371859296482556,-0.0024371859296482556,0.4296875,0.10805007309941517,0.18293425324675328,0.36078431372549025,0.4170854271356784,0.08375209380234505,0.15498192129260668,0.36363636363636365,0.42578125,0.1021945053606238,0.18032670454545452,0.3647058823529412,22.0,0.0,1.0,33.0,1.0,0.0,43.0,2.0,1.0,-0.0001988035204956276,-0.0003372341546891495,-0.0005194865260439906,8.629588256159337e-05,0.00014530477676810705,-0.00011039017629776993,"[3.056640625, 9.4453125, 2.4296875, 1.0791015625, 11.8046875, 10.4609375, 6.93359375, 7.6484375, 2.083984375, 9.1796875, 3.51171875, 7.35546875, 7.640625, 1.873046875, 5.88671875, 4.12890625, 5.50390625, 4.4453125, 2.8671875, 7.5078125, 9.6015625, 4.26171875, 6.796875, 4.32421875, 1.52734375, 2.1484375, 6.48046875, 7.69140625, 2.28125, 4.87890625, 4.0234375, 7.58203125, 8.078125, 3.798828125, 2.61328125, 0.0252532958984375, 0.67333984375, 4.53515625, 0.0872802734375, 0.8125, 2.630859375, 0.36376953125, 0.360595703125, 5.2890625, 0.461181640625, 15.8515625, 6.39453125, 1.7177734375, 3.798828125, 1.9091796875, 8.578125, 6.14453125, 2.34765625, 8.7734375, 1.9794921875, 10.203125, 7.25, 8.7578125, 2.98046875, 1.29296875, 1.162109375, 8.4296875, 0.03839111328125, 5.828125, 0.388427734375, 1.345703125, 8.203125, 2.68359375, 4.49609375, 5.03515625, 6.43359375, 2.75, 0.814453125, 5.68359375, 7.2265625, 2.572265625, 2.7421875, 2.830078125, 0.7255859375, 14.5625, 3.0859375, 6.75390625, 2.30859375, 4.98046875, 6.8828125, 6.77734375, 2.5625, 0.76220703125, 5.69140625, 0.287109375, 0.03826904296875, 0.451416015625, 0.3330078125, 7.1640625, 0.78466796875, 1.1689453125, 4.30078125, 8.78125, 3.98046875, 1.029296875, 6.40625, 0.00815582275390625, 0.005558013916015625, 7.82421875, 1.337890625, 1.9384765625, 3.431640625, 0.0149078369140625, 6.859375, 7.3515625, 9.7890625, 8.4453125, 2.845703125, 9.6328125, 0.54248046875, 4.26171875, 0.0794677734375, 6.12109375, 7.2890625, 2.2265625, 0.01910400390625, 7.6015625, 0.68359375, 2.67578125, 7.65234375, 0.0205535888671875, 0.379638671875, 2.158203125, 0.01971435546875, 0.035614013671875, 0.07012939453125, 0.0521240234375, 2.455078125, 2.662109375, 7.1484375, 1.4794921875, 8.9375, 0.04339599609375, 9.2421875, 4.98046875, 3.365234375, 2.421875, 1.724609375, 2.400390625, 0.001972198486328125, 0.001983642578125, 0.5830078125, 0.08001708984375, 0.73828125, 3.947265625, 0.92236328125, 9.9921875, 1.8330078125, 0.8759765625, 4.91015625, 0.685546875, 2.2734375, 5.31640625, 4.68359375, 0.0946044921875, 0.669921875, 12.6953125, 0.52783203125, 8.4453125, 0.69873046875, 7.46875, 2.0703125, 5.4921875, 5.0078125, 0.990234375, 4.4140625, 0.67578125, 0.0662841796875, 9.4140625, 0.0028591156005859375, 0.0030460357666015625, 0.460205078125, 3.060546875, 2.37890625, 1.646484375, 2.30859375, 3.32421875, 8.4296875, 0.9326171875, 3.623046875, 2.484375, 4.91015625, 7.5234375, 0.328125, 3.7890625, 7.60546875, 0.595703125, 2.44921875, 3.904296875, 3.85546875, 0.00492095947265625, 11.0625, 2.9140625, 3.625, 2.46484375, 1.267578125, 6.34375, 0.71044921875, 6.37109375, 0.76904296875, 1.5634765625, 8.6796875, 7.55859375, 0.1871337890625, 7.2109375, 0.0002551078796386719, 0.00089263916015625, 0.11956787109375, 0.05169677734375, 9.6171875, 0.10906982421875, 0.63623046875, 5.55859375, 0.701171875, 8.1328125, 0.89892578125, 1.1865234375, 7.25390625, 0.6279296875, 6.5625, 0.145751953125, 2.673828125, 4.11328125, 0.4921875, 1.416015625, 0.51513671875, 3.2734375, 0.44775390625, 4.3671875, 2.826171875, 3.8828125, 0.59619140625, 3.501953125, 13.5078125, 0.37109375, 0.475341796875, 0.1773681640625, 7.08984375, 0.927734375, 3.943359375, 5.5625, 1.1416015625, 4.703125, 5.59765625, 0.48828125, 3.390625, 4.4140625, 3.041015625, 2.994140625, 0.1363525390625, 6.20703125]",-0.4411716628819704
372,1,test,3.715452556747468,1.734712802664003,2.363211688702199,6.569350897437553,3.0671733612320056,4.178432261183598,41.07717263020917,33.829069814115414,37.211093425654035,72.62920378094955,59.81371764234899,65.79352750622887,3.71255483579396,1.6857928074081383,2.3533746502419266,6.564227390824104,2.9806771377361283,4.161039236659638,40.95831473803875,33.368842703009946,37.0653142828547,72.41904924696708,58.99998275024949,65.53577307983007,3.6996252782060286,1.715371892243137,2.3548423181336036,6.5413664339295,3.0329763891835175,4.163634243656517,40.432150712994506,33.1585359382118,36.594797121728455,71.48873024616421,58.62813600669333,64.70384418624452,0.7336683417085428,-0.011331658291457214,-0.011331658291457214,0.6130653266331658,0.008065326633165837,0.02306532663316574,0.5025125628140703,-0.007487437185929702,-0.012487437185929706,0.4403292181069959,0.12821422837393637,0.19682716612341178,0.4380165289256198,0.42713567839195976,0.1138524703719096,0.185065561530524,0.43434343434343436,0.4444444444444444,0.13438284280173396,0.20641434868521047,0.4421487603305785,24.0,7.0,7.0,34.0,6.0,5.0,42.0,7.0,7.0,-4.380505503993403e-05,0.00013019768953600525,-0.00020706101448746714,-3.793101625682027e-06,7.384872300431056e-05,9.33731963588258e-05,"[3.056640625, 9.4453125, 2.4296875, 1.0791015625, 3.802734375, 1.4775390625, 3.685546875, 0.66552734375, 7.7421875, 0.6875, 1.4541015625, 1.0439453125, 7.296875, 10.1796875, 2.67578125, 1.88671875, 8.421875, 4.2265625, 4.0, 1.57421875, 7.6953125, 0.10833740234375, 13.765625, 0.042327880859375, 0.09881591796875, 2.6796875, 3.869140625, 0.194091796875, 4.4140625, 0.740234375, 7.5078125, 11.15625, 2.001953125, 6.17578125, 3.544921875, 1.716796875, 4.12890625, 7.53515625, 0.050506591796875, 8.5078125, 6.16796875, 0.6630859375, 1.5341796875, 8.859375, 11.8125, 0.269287109375, 7.390625, 4.6796875, 0.461669921875, 0.68701171875, 4.85546875, 0.0408935546875, 7.1484375, 6.4609375, 1.2080078125, 3.48828125, 0.5888671875, 5.9921875, 3.34375, 7.44921875, 7.5625, 10.8515625, 6.4296875, 9.96875, 2.123046875, 0.88525390625, 7.66796875, 8.8984375, 9.765625, 1.3818359375, 2.18359375, 0.07293701171875, 7.6640625, 9.7421875, 1.7958984375, 8.7578125, 3.05859375, 1.0341796875, 1.06640625, 0.833984375, 0.0296173095703125, 9.3359375, 0.000446319580078125, 0.00011336803436279297, 4.984375, 1.0234375, 5.77734375, 0.392578125, 4.890625, 0.001659393310546875, 1.814453125, 4.62109375, 5.26171875, 3.001953125, 2.169921875, 5.68359375, 4.36328125, 6.73828125, 0.0050048828125, 2.41796875, 4.73046875, 1.1044921875, 5.5859375, 3.603515625, 6.39453125, 2.4375, 7.3515625, 2.65625, 7.0859375, 0.330810546875, 0.0211944580078125, 5.44921875, 0.89111328125, 2.5234375, 3.583984375, 0.05340576171875, 6.3125, 0.7939453125, 6.25, 0.005161285400390625, 5.9609375, 0.9619140625, 2.724609375, 0.388427734375, 1.4326171875, 6.34375, 0.99169921875, 8.0703125, 4.2734375, 3.4375, 2.39453125, 0.262939453125, 4.62890625, 1.19140625, 1.39453125, 1.6376953125, 8.328125, 0.056121826171875, 3.998046875, 0.188720703125, 3.0703125, 0.5888671875, 7.64453125, 6.3984375, 1.1357421875, 6.03515625, 2.46875, 0.10150146484375, 0.4921875, 5.62109375, 9.6328125, 0.1268310546875, 0.79150390625, 4.375, 3.451171875, 2.927734375, 1.181640625, 8.0234375, 5.08984375, 4.49609375, 2.337890625, 2.728515625, 5.37890625, 7.0546875, 1.5400390625, 8.734375, 0.0008368492126464844, 0.0003979206085205078, 1.2265625, 0.386474609375, 0.370361328125, 2.84765625, 4.3046875, 0.84228515625, 4.58984375, 5.9453125, 8.5234375, 6.51953125, 0.0002980232238769531, 0.00012230873107910156, 0.319580078125, 1.8095703125, 8.0546875, 0.75341796875, 5.328125, 1.6943359375, 3.220703125, 0.0120086669921875, 10.390625, 5.48828125, 2.310546875, 4.33984375, 4.06640625, 0.345458984375, 0.7578125, 4.734375, 2.548828125, 2.91015625, 3.806640625, 9.6796875, 9.09375, 0.859375, 8.3125, 4.81640625, 4.97265625, 9.453125, 5.01171875, 2.14453125, 5.27734375, 1.2177734375, 3.404296875, 0.238037109375, 0.689453125, 1.873046875, 7.39453125, 0.1416015625, 1.1787109375, 2.177734375, 6.3359375, 6.95703125, 1.00390625, 0.5830078125, 6.72265625, 4.28515625, 1.2353515625, 3.05078125, 5.51171875, 2.390625, 4.71875, 2.828125, 3.787109375, 8.703125, 0.005313873291015625, 2.53515625, 8.4296875, 2.521484375, 6.453125, 0.7734375, 3.19140625, 4.53515625, 1.74609375, 0.1163330078125, 0.66650390625]",-0.6530548285064381
213,1,test,2.6414694274173063,1.0962455492486316,1.54319911846923,4.642995230666502,1.9269058365658935,2.712530409268079,14.033810129505316,9.344788850487948,11.034835893260219,24.667676567841816,16.42563401039376,19.39628370928729,3.1296411578978724,1.3351295349455332,1.9036546712145666,5.501070282696776,2.346799852661994,3.346114654042099,22.865772868075982,16.849237201819783,19.458246963839642,40.19189973203046,29.616442710415182,34.202382549841836,2.8275014229841458,1.2019336697368386,1.6720348453513394,4.969989614626771,2.112677223609597,2.938989083839209,16.903174135875197,11.82187099114233,13.727669444477218,29.71124938316207,20.77968045350275,24.129563301890364,0.7537688442211055,0.01376884422110547,0.008768844221105465,0.5527638190954773,-0.012236180904522609,-0.0072361809045227155,0.4170854271356784,-0.012914572864321627,0.002085427135678386,0.3852941176470588,0.09601364774984877,0.1485035109934384,0.33628318584070793,0.39698492462311563,0.08119545093890512,0.1365508678618469,0.3939393939393939,0.40802675585284276,0.10752592112830184,0.15886101614205295,0.35906040268456374,21.0,8.0,8.0,33.0,9.0,8.0,39.0,8.0,9.0,-0.0006374933553940261,-0.00036068818700812964,-0.0004950828414552074,0.0028750100457335392,0.003551497475116072,0.0032209202886397392,"[3.056640625, 9.4453125, 2.4296875, 1.0791015625, 3.802734375, 8.9140625, 0.580078125, 1.7548828125, 8.2578125, 6.27734375, 1.625, 1.4814453125, 9.5703125, 2.970703125, 4.9921875, 7.62109375, 7.75, 4.94921875, 1.3955078125, 2.0078125, 7.06640625, 1.0908203125, 0.6982421875, 0.0002758502960205078, 0.82666015625, 2.31640625, 3.26171875, 6.25390625, 0.2171630859375, 0.07464599609375, 0.0006093978881835938, 0.0013599395751953125, 0.052093505859375, 0.40283203125, 1.53515625, 4.25, 1.4677734375, 3.05078125, 0.004581451416015625, 0.5634765625, 11.875, 2.9765625, 1.74609375, 5.6171875, 0.0970458984375, 2.345703125, 1.6484375, 0.79931640625, 3.904296875, 0.033233642578125, 0.0079193115234375, 0.04351806640625, 0.0012874603271484375, 1.888671875, 4.98828125, 2.40234375, 8.09375, 2.109375, 2.7734375, 1.521484375, 3.533203125, 2.267578125, 0.91455078125, 7.16015625, 0.05072021484375, 8.1953125, 2.818359375, 6.99609375, 6.953125, 0.6787109375, 0.213623046875, 1.966796875, 4.8203125, 2.349609375, 1.6240234375, 4.359375, 2.466796875, 6.10546875, 1.9130859375, 5.0234375, 2.955078125, 6.75390625, 0.01143646240234375, 4.02734375, 4.4296875, 0.29345703125, 0.0885009765625, 7.8984375, 3.28125, 8.4453125, 0.042236328125, 4.76953125, 0.1512451171875, 0.0914306640625, 8.5234375, 2.345703125, 0.4091796875, 0.75634765625, 1.376953125, 4.43359375, 0.462890625, 1.923828125, 4.59375, 11.9296875, 3.09765625, 5.125, 4.5390625, 6.73046875, 2.234375, 10.71875, 3.396484375, 2.083984375, 1.9072265625, 4.140625, 5.4609375, 0.81884765625, 0.031982421875, 4.68359375, 0.0892333984375, 0.9970703125, 3.384765625, 1.32421875, 3.2578125, 0.467529296875, 0.021484375, 9.8828125, 0.07818603515625, 1.1376953125, 5.3203125, 0.228515625, 0.75341796875, 5.48828125, 2.888671875, 1.6796875, 1.291015625, 2.404296875, 2.15234375, 3.982421875, 4.78515625, 5.33984375, 0.2198486328125, 2.494140625, 0.56494140625, 0.75830078125, 4.49609375, 1.1689453125, 2.365234375, 1.34375, 8.1953125, 2.12109375, 1.5009765625, 2.046875, 3.802734375, 1.7861328125, 3.06640625, 4.8046875, 3.51953125, 8.1171875, 3.81640625, 0.0360107421875, 1.794921875, 0.9443359375, 7.47265625, 2.904296875, 8.59375, 0.04522705078125, 1.869140625, 3.48046875, 4.58203125, 2.001953125, 4.6171875, 3.611328125, 4.5703125, 1.6376953125, 7.0703125, 4.97265625, 3.248046875, 6.671875, 1.4365234375, 0.81689453125, 6.05859375, 0.0213470458984375, 6.16796875, 2.458984375, 1.298828125, 4.78125, 0.12347412109375, 6.1640625, 7.44921875, 0.0684814453125, 2.85546875, 0.9892578125, 2.767578125, 0.63330078125, 1.3193359375, 0.60009765625, 4.265625, 3.2421875, 1.5625, 2.83984375, 1.388671875, 0.0226898193359375, 0.020660400390625, 11.0078125, 0.08050537109375, 0.54052734375, 3.396484375, 0.0028591156005859375, 0.438720703125, 0.000720977783203125, 0.005069732666015625, 0.014190673828125, 7.3203125, 3.322265625, 0.007663726806640625, 0.87353515625, 0.088623046875, 4.5234375, 0.011016845703125, 0.0254364013671875, 0.00408172607421875, 0.031585693359375, 6.05078125, 5.5390625, 0.04010009765625, 9.0859375, 9.59375, 4.46484375, 0.51611328125, 0.0159912109375, 0.00710296630859375, 0.0008683204650878906, 2.3046875, 0.004405975341796875, 9.3671875, 2.80078125, 3.74609375, 0.024139404296875, 0.08294677734375, 0.0001895427703857422, 0.474853515625, 11.5, 0.70751953125, 0.0003504753112792969, 0.015106201171875, 0.0012340545654296875, 8.9453125, 4.609375, 1.3935546875, 5.42578125, 2.392578125, 1.5029296875, 1.3740234375, 8.1171875, 0.560546875, 0.136962890625, 3.27734375, 0.26708984375, 0.280517578125, 1.3603515625, 4.390625, 0.57763671875, 0.67626953125, 0.0201416015625, 6.449222564697266e-05, 0.0026187896728515625, 0.0010700225830078125, 0.0002357959747314453, 0.9150390625, 5.39453125, 0.00968170166015625, 1.38671875, 1.1162109375, 11.5390625, 0.464111328125, 8.8203125, 0.0250701904296875, 1.2099609375, 4.3359375, 0.01337432861328125, 4.78515625, 5.01953125, 0.409423828125, 0.210205078125, 3.396484375, 9.578125, 1.4375, 0.2322998046875, 0.033935546875, 0.15380859375, 0.93994140625, 3.431640625, 0.158935546875, 1.5244140625, 0.953125, 2.158203125, 3.798828125, 1.1728515625, 3.828125, 0.05633544921875, 0.003536224365234375, 0.01230621337890625, 0.00469970703125, 0.90380859375, 0.0298004150390625, 0.0018033981323242188, 0.798828125, 2.22265625, 6.09765625, 0.25830078125, 0.1351318359375, 0.2354736328125, 1.8642578125, 0.287109375, 0.1759033203125, 10.2734375, 2.03515625, 3.09765625, 0.366943359375, 0.265380859375, 0.022735595703125, 0.58984375, 0.368896484375, 4.11328125, 2.283203125, 0.302978515625, 0.0230712890625, 0.0021820068359375, 7.140625, 2.80859375, 0.48388671875, 0.40283203125, 0.6142578125, 1.4140625, 0.53125, 0.0753173828125, 0.005092620849609375, 0.00018417835235595703, 0.00037741661071777344, 0.024322509765625]",-1.5247026001705843
394,1,test,3.111934633426417,1.301996669170603,1.827278666330793,5.861128420011718,2.4522268554317495,3.441561659899101,22.464462888585906,16.354394510751483,18.851038282195073,42.31036875334892,30.802448557059545,35.50471627382753,3.2714065918371307,1.3218348968917977,1.825681334746914,6.16148358094478,2.489590879421975,3.4385531887564578,26.348374699118512,19.322696896350124,22.10344500708355,49.62546645784897,36.3930548906717,41.63041482929233,3.113010721860522,1.3086891324861392,1.8326074329566864,5.863155163258774,2.464831678976961,3.451598048574863,22.48864964849104,16.412801518395167,18.89055914550779,42.35592295758742,30.912454393541815,35.579151274054546,0.6984924623115578,0.0034924623115577536,-0.011507537688442149,0.542713567839196,-0.01228643216080394,-0.007286432160804046,0.42713567839195976,-0.007864321608040292,-0.002864321608040288,0.4019607843137255,0.08548443847359499,0.1432651321398125,0.36721311475409835,0.3869346733668342,0.07365146534678402,0.11481447303294434,0.3737373737373737,0.4046822742474916,0.09082584686852668,0.14550541106617898,0.3691275167785235,24.0,8.0,7.0,35.0,9.0,9.0,45.0,11.0,10.0,-0.0010088803735977987,-0.00048268229154591107,-0.00011871165215915626,-0.00047939258751661384,-7.653115519623555e-05,6.483767214060521e-05,"[3.0625, 9.453125, 2.48046875, 1.494140625, 2.81640625, 0.35400390625, 0.64501953125, 1.3642578125, 2.05078125, 0.70703125, 7.81640625, 12.640625, 0.49609375, 4.203125, 4.03515625, 1.908203125, 3.8125, 6.68359375, 0.00794219970703125, 8.1640625, 1.58203125, 4.96484375, 1.873046875, 7.203125, 2.08984375, 0.390869140625, 2.1171875, 0.09124755859375, 0.5234375, 3.037109375, 0.640625, 6.5546875, 3.310546875, 1.1982421875, 2.119140625, 3.978515625, 1.4267578125, 5.90625, 0.96728515625, 8.546875, 8.609375, 3.16015625, 6.16015625, 1.8427734375, 2.447265625, 6.7578125, 3.98046875, 5.09375, 1.625, 7.375, 2.119140625, 1.48046875, 10.40625, 1.486328125, 0.86767578125, 9.6171875, 5.42578125, 9.6796875, 6.6328125, 0.00592803955078125, 1.580078125, 3.94921875, 4.76953125, 8.46875, 3.3359375, 0.85791015625, 4.6328125, 0.31494140625, 11.0625, 4.6640625, 3.193359375, 3.37109375, 0.8369140625, 4.640625, 1.1767578125, 0.1854248046875, 0.1090087890625, 6.72265625, 0.93359375, 2.208984375, 8.703125, 0.56201171875, 0.76416015625, 8.859375, 1.5126953125, 8.78125, 0.326416015625, 6.33203125, 4.23828125, 4.11328125, 0.359375, 5.25, 0.0234527587890625, 0.88330078125, 0.123046875, 0.5263671875, 6.6328125, 1.9990234375, 5.1484375, 7.22265625, 1.1435546875, 4.8125, 0.236328125, 0.6494140625, 5.94140625, 3.42578125, 1.74609375, 10.78125, 4.19921875, 0.470703125, 8.5546875, 5.6875, 3.275390625, 0.60205078125, 4.4921875, 0.96142578125, 1.212890625, 2.330078125, 0.0230865478515625, 2.4296875, 5.453125, 1.40625, 0.043853759765625, 0.396484375, 8.8984375, 4.98828125, 1.8447265625, 3.328125, 4.06640625, 6.875, 9.3359375, 1.95703125, 0.6875, 2.41796875, 5.6875, 0.10772705078125, 0.01532745361328125, 0.78759765625, 1.0263671875, 0.358642578125, 3.07421875, 9.0546875, 10.28125, 0.88232421875, 5.57421875, 6.01171875, 1.630859375, 0.002239227294921875, 0.343994140625, 0.0013799667358398438, 0.0019989013671875, 0.002895355224609375, 0.67333984375, 2.974609375, 0.08160400390625, 4.09375, 0.366943359375, 9.9609375, 0.410400390625, 0.75146484375, 0.00745391845703125, 1.375, 0.00021564960479736328, 7.6875, 9.609375, 1.4404296875, 0.51806640625, 9.546875, 0.8984375, 0.0118408203125, 0.0008916854858398438, 3.9458274841308594e-05, 1.080078125, 0.168701171875, 0.003772735595703125, 0.00023472309112548828, 0.00015234947204589844, 2.279296875, 2.78515625, 3.62109375, 1.0478515625, 4.515625, 2.939453125, 2.693359375, 0.7646484375, 2.154296875, 0.0278778076171875, 4.79296875, 3.150390625, 1.046875, 2.28125, 2.87109375, 1.423828125, 4.16796875, 7.9375, 7.54296875, 2.197265625, 6.91796875, 1.6396484375, 7.82421875, 1.3564453125, 4.01953125, 5.015625, 0.5947265625, 3.765625, 8.9375, 6.765625, 6.68359375, 2.505859375, 2.36328125, 3.63671875, 0.0009417533874511719, 0.00696563720703125, 0.43603515625, 7.140625, 2.87890625, 3.888671875, 1.3740234375, 7.5859375, 0.056640625, 3.908203125, 2.568359375, 7.125, 1.283203125, 3.650390625, 10.53125, 8.78125, 2.453125, 3.130859375, 0.4990234375, 10.9765625, 3.220703125, 0.06597900390625, 0.8447265625, 0.57275390625, 0.23193359375, 0.2432861328125, 1.041015625, 7.28125, 0.03411865234375, 1.080078125, 4.8984375, 0.03607177734375, 1.021484375, 4.09375, 3.9375, 0.54833984375, 2.248046875, 1.9052734375, 6.9609375, 4.1796875, 1.2822265625, 0.451416015625, 5.453125, 2.865234375, 2.8125, 0.69140625, 0.321044921875, 0.14208984375, 1.482421875, 1.1201171875, 0.225830078125, 0.896484375, 5.375, 5.07421875, 4.01953125, 2.716796875, 4.296875, 1.1533203125, 0.97900390625, 5.3671875, 3.87109375, 0.92626953125, 4.22265625, 2.11328125, 0.23388671875, 2.03515625, 7.37890625, 0.7646484375, 6.7890625, 5.3359375, 2.876953125, 2.736328125, 0.0216064453125, 3.158203125, 0.8115234375, 3.32421875, 1.9580078125, 2.267578125, 0.322021484375, 0.019744873046875, 1.7265625, 3.65234375, 0.1763916015625, 0.62646484375, 0.09088134765625, 2.06640625, 0.97802734375, 0.544921875, 0.0628662109375, 0.88916015625, 2.216796875, 1.990234375, 7.5546875, 2.345703125, 6.40234375]",-1.0034570978357902
202,1,test,3.164464615579147,1.4159978195656953,1.963927983581228,5.034375524785006,2.252723803854515,3.1244308829701355,23.676064842749618,17.93027838624926,20.35416576089646,37.66646679528348,28.525442887214734,32.381627346880734,3.104975911241081,1.2983742796295699,1.8452594074338602,4.939734404247174,2.0655954448652247,2.93563996637205,22.30868158035087,16.218964454952737,18.784259394899262,35.49108433237639,25.802897996515718,29.88404903733974,3.155077715501136,1.3998653750438543,1.9502869208364508,5.019441820115444,2.227058551206132,3.102729192239808,23.45485982678822,17.670183894500617,20.118798743507934,37.31454972443581,28.111656195796442,32.00717981921717,0.7035175879396984,-0.021482412060301548,-0.016482412060301543,0.5628140703517588,0.002814070351758735,0.012814070351758744,0.42211055276381915,0.002110552763819107,-0.012889447236180906,0.4121863799283154,0.08839389334513115,0.16308030126323791,0.3920863309352518,0.4120603015075377,0.10629589047996879,0.15162624474626896,0.38888888888888884,0.4086021505376344,0.090176390251409,0.1606879669857869,0.3992805755395683,26.0,7.0,8.0,35.0,7.0,3.0,47.0,11.0,9.0,2.9568982562291348e-05,-0.00014853879036636755,-6.290452760331915e-05,0.0002456840853515274,-0.00018111633153772289,-2.978536601450088e-05,"[3.056640625, 9.4453125, 2.4296875, 1.0791015625, 8.8046875, 1.7646484375, 1.2158203125, 6.6953125, 5.4609375, 0.433349609375, 1.6357421875, 0.16259765625, 0.374755859375, 0.10137939453125, 2.57421875, 7.91796875, 0.8076171875, 1.7880859375, 5.80078125, 1.869140625, 5.01953125, 2.873046875, 0.12060546875, 0.89794921875, 11.1171875, 8.234375, 1.453125, 3.224609375, 6.703125, 1.4375, 1.3154296875, 3.06640625, 1.412109375, 0.7939453125, 3.16796875, 1.3857421875, 0.321044921875, 6.390625, 10.125, 5.94921875, 4.91796875, 1.734375, 4.34765625, 3.400390625, 4.33984375, 2.841796875, 7.7265625, 2.521484375, 2.544921875, 2.23828125, 10.7734375, 1.837890625, 2.4453125, 0.0203704833984375, 8.703125, 0.1060791015625, 6.76171875, 3.71875, 3.185546875, 6.96875, 6.57421875, 0.09075927734375, 5.83203125, 4.65625, 0.092041015625, 1.806640625, 4.2421875, 7.83203125, 2.005859375, 4.74609375, 2.478515625, 1.29296875, 1.4443359375, 1.4130859375, 1.3662109375, 2.826171875, 4.54296875, 0.1832275390625, 0.0219879150390625, 0.07501220703125, 1.5478515625, 3.322265625, 2.072265625, 1.591796875, 5.1328125, 4.2265625, 1.767578125, 0.1754150390625, 8.328125, 0.9541015625, 3.310546875, 0.7041015625, 4.75390625, 0.11004638671875, 0.07086181640625, 0.0016422271728515625, 0.0261688232421875, 4.46875, 7.9140625, 5.44921875, 0.005496978759765625, 2.21484375, 0.8623046875, 5.9765625, 2.76953125, 5.2734375, 2.376953125, 0.98046875, 9.484375, 3.365234375, 1.7197265625, 10.671875, 4.01953125, 0.875, 4.78515625, 1.4775390625, 0.6748046875, 0.625, 0.0012950897216796875, 0.0380859375, 0.9873046875, 0.93115234375, 9.875, 0.0017852783203125, 3.314453125, 7.671875, 0.137451171875, 0.36767578125, 6.28515625, 1.1513671875, 0.7529296875, 4.890625, 0.0164947509765625, 8.15625, 1.7060546875, 0.197998046875, 2.240234375, 0.01181793212890625, 2.05078125, 2.654296875, 0.0963134765625, 1.083984375, 2.916015625, 5.9921875, 4.0703125, 5.99609375, 0.01922607421875, 5.90625, 6.1015625, 0.1622314453125, 0.310302734375, 7.4609375, 5.52734375, 7.4765625, 2.798828125, 3.3359375, 0.8837890625, 6.77734375, 4.703125, 1.650390625, 2.54296875, 0.016998291015625, 1.349609375, 4.9140625, 1.771484375, 1.0068359375, 2.568359375, 2.927734375, 3.501953125, 0.474853515625, 5.3203125, 1.8876953125, 0.054443359375, 6.89453125, 0.258056640625, 0.00969696044921875, 5.50390625, 0.73681640625, 0.05560302734375, 3.53125, 0.085693359375, 1.818359375, 5.3046875, 0.72119140625, 1.2822265625, 5.515625, 2.42578125, 2.072265625, 8.296875, 0.17919921875, 3.40234375, 4.0546875, 1.310546875, 3.572265625, 1.3935546875, 4.91015625, 2.60546875, 5.41015625, 6.37890625, 7.8359375, 0.57958984375, 3.931640625, 10.671875, 2.50390625, 7.23046875, 0.94140625, 5.484375, 10.1953125, 4.8671875, 0.908203125, 1.404296875, 1.3828125, 3.32421875, 2.330078125, 3.20703125, 0.1466064453125, 10.0703125, 4.91015625, 1.87890625, 0.049774169921875, 0.397216796875, 2.373046875, 2.837890625, 1.927734375, 0.05145263671875, 2.05859375, 1.3173828125, 0.09906005859375, 4.33203125, 3.49609375, 2.5, 1.66015625, 3.267578125, 9.3984375, 2.224609375, 0.1341552734375, 2.44140625, 0.052642822265625, 1.7939453125, 7.484375, 0.33154296875, 7.1640625, 6.1171875, 2.837890625, 5.015625, 0.69384765625, 0.250244140625, 0.165283203125, 12.1015625, 0.340576171875, 4.0546875, 4.9921875, 0.64892578125, 7.015625, 1.0478515625, 4.41796875, 0.0223388671875, 0.55224609375, 3.5703125, 2.06640625, 0.010467529296875, 4.76171875, 5.23828125, 7.234375, 2.037109375, 0.016754150390625, 5.375, 7.80859375, 8.5703125, 0.047332763671875, 0.005016326904296875, 0.486572265625, 0.29296875, 0.72021484375, 1.6962890625, 6.36328125, 8.7578125, 3.5859375, 2.82421875]",-1.1043895256562046
1,1,test,3.1023092903532423,1.2682226768554297,1.7899849248174262,5.631365777054255,2.3020998590745303,3.249211765701198,22.249272030646107,15.989857761546645,18.5344737966018,40.387265533890215,29.02506789324228,33.64409917426631,3.220457657497732,1.3121407673978407,1.8623874433726608,5.845830747849144,2.3818207408199936,3.3806380765568953,25.03957710966754,18.297844941839614,21.150895376481486,45.452275840374774,33.21456636181756,38.39347312904792,3.14659973610205,1.314976740305146,1.8360130595203672,5.711762564446112,2.386968648162602,3.332762836303275,23.256850553647862,17.012838108446083,19.548501878175436,42.21623959194775,30.88199960989669,35.48478058320976,0.6331658291457287,0.00816582914572872,-0.006834170854271293,0.49246231155778897,-0.002537688442211028,0.007462311557788981,0.40703517587939697,-0.007964824120603065,0.0020351758793969443,0.3873873873873874,0.09803206504855688,0.13863613863613866,0.35843373493975905,0.39698492462311563,0.12129570156547154,0.15825370592528587,0.3787878787878788,0.39799331103678925,0.10250082355765733,0.15105226543056016,0.3657718120805369,22.0,7.0,7.0,32.0,5.0,6.0,41.0,9.0,9.0,-0.0002168729250238848,-0.0005108136734172083,-0.0002707779857554885,0.006059608838068442,0.00724542652916238,0.005579641222825948,"[3.056640625, 9.4453125, 2.4296875, 1.0791015625, 7.80078125, 0.454345703125, 2.013671875, 0.0156707763671875, 14.2265625, 1.833984375, 5.4140625, 8.5625, 2.88671875, 3.705078125, 12.859375, 6.3359375, 0.40625, 12.0078125, 16.109375, 6.03125, 1.318359375, 2.4609375, 4.80859375, 11.7265625, 5.6796875, 0.44580078125, 0.84033203125, 0.331298828125, 0.322021484375, 5.7109375, 9.1875, 0.39306640625, 6.21484375, 1.73828125, 2.6796875, 6.76171875, 1.61328125, 0.2032470703125, 6.77734375, 8.9296875, 0.499755859375, 6.51953125, 0.65625, 0.8583984375, 8.1171875, 7.04296875, 3.935546875, 0.00804901123046875, 4.28125, 0.0005726814270019531, 0.00415802001953125, 0.0007719993591308594, 8.6640625, 7.07421875, 8.1015625, 0.259765625, 1.40625, 0.003643035888671875, 2.21484375, 0.0004649162292480469, 0.0308837890625, 3.63671875, 2.146484375, 0.01324462890625, 0.00449371337890625, 0.051910400390625, 0.049102783203125, 6.1796875, 0.174560546875, 3.6484375, 0.002796173095703125, 0.009002685546875, 0.73291015625, 6.27734375, 0.0955810546875, 0.14697265625, 1.130859375, 0.0192413330078125, 0.277587890625, 0.0021953582763671875, 0.001983642578125, 0.0006747245788574219, 0.461669921875, 0.1732177734375, 0.0185394287109375, 0.0005660057067871094, 0.0009775161743164062, 1.2333984375, 4.02734375, 3.29296875, 0.018707275390625, 0.560546875, 0.576171875, 0.03656005859375, 0.16015625, 3.71875, 7.83203125, 5.171875, 0.363525390625, 2.037109375, 0.0201263427734375, 0.092529296875, 0.2822265625, 0.0285186767578125, 2.91796875, 7.07421875, 0.55615234375, 7.37109375, 5.21875, 0.83642578125, 2.8203125, 0.0186004638671875, 9.0859375, 2.1640625, 1.83984375, 0.99267578125, 5.828125, 2.802734375, 0.364501953125, 1.1318359375, 0.0005578994750976562, 0.017852783203125, 0.01549530029296875, 8.1015625, 3.029296875, 3.201171875, 1.0302734375, 4.76171875, 0.8037109375, 2.580078125, 10.84375, 1.796875, 6.26171875, 5.609375, 2.103515625, 2.9375, 4.19140625, 7.2265625, 1.77734375, 0.69140625, 0.28564453125, 5.15234375, 2.197265625, 2.724609375, 11.5625, 1.3154296875, 0.308837890625, 7.5234375, 3.91796875, 4.125, 2.0390625, 1.28515625, 0.16943359375, 3.103515625, 5.8828125, 5.5078125, 0.8466796875, 4.23828125, 0.50048828125, 4.2734375, 1.9287109375, 7.90234375, 0.5654296875, 6.79296875, 1.0966796875, 3.2734375, 8.890625, 9.890625, 0.11907958984375, 1.228515625, 3.404296875, 1.3310546875, 8.2265625, 4.33984375, 5.953125, 5.7734375, 1.55859375, 9.5625, 1.1943359375, 1.7216796875, 0.869140625, 0.0007696151733398438, 7.01171875, 0.97216796875, 3.8828125, 0.05950927734375, 4.97265625, 1.21484375, 0.53857421875, 9.4453125, 5.83203125, 6.125, 3.015625, 1.859375, 0.1234130859375, 0.9443359375, 2.59765625, 2.865234375, 8.7421875, 0.114013671875, 0.63330078125, 0.307861328125, 0.04364013671875, 5.64453125, 5.45703125, 5.51171875, 4.171875, 4.546875, 2.146484375, 10.140625, 2.921875, 4.734375, 3.138671875, 0.20361328125, 6.58203125, 1.51171875, 6.35546875, 2.9765625, 7.71875, 6.2890625, 10.0859375, 1.5322265625, 10.40625, 0.2471923828125, 0.0027141571044921875, 0.00560760498046875, 0.05340576171875, 0.373291015625, 1.7314453125, 0.1798095703125, 0.22119140625, 0.498046875, 0.130126953125, 7.109375, 10.1015625, 3.15625, 5.21875, 4.61328125, 5.50390625, 0.86328125, 6.37890625, 3.322265625, 2.787109375, 4.91015625, 1.5673828125, 7.13671875, 4.11328125, 3.1640625, 0.0545654296875, 0.0007596015930175781, 0.00585174560546875, 0.00838470458984375, 11.359375, 6.984375, 2.568359375, 9.796875, 0.0237579345703125, 0.2396240234375, 0.2030029296875, 0.0718994140625, 0.451904296875, 0.451904296875, 0.00020706653594970703, 2.259765625, 1.806640625, 2.3046875, 7.171875, 1.7783203125, 1.212890625, 0.4853515625, 0.2412109375, 0.25634765625, 4.55859375, 0.6982421875, 3.158203125, 1.775390625, 6.28515625, 3.45703125, 2.7890625, 2.9453125, 3.615234375, 5.99609375, 1.634765625, 7.28125, 0.41943359375, 3.30078125, 0.7138671875, 2.3046875, 3.033203125, 0.53076171875, 0.10418701171875, 0.771484375, 2.205078125, 1.7548828125, 4.18359375, 0.19677734375, 4.43359375, 1.9560546875, 1.5166015625, 0.41552734375, 9.171875, 2.708984375, 0.059356689453125, 3.146484375, 0.400390625, 0.369384765625, 1.75390625, 7.8359375, 2.2265625, 2.376953125, 0.284423828125, 1.0712890625, 0.09326171875, 1.453125, 3.23828125, 1.5419921875, 11.734375, 1.3515625, 4.58203125, 6.75, 4.9453125, 3.744140625, 8.7578125, 0.5126953125, 1.4755859375, 0.859375, 0.166259765625, 1.630859375, 6.109375, 0.262939453125, 0.998046875, 3.0234375, 0.0994873046875]",-1.0025181136689745
481,1,test,3.2079292561584736,1.3550730055458975,1.9184675444876187,6.1507403919732715,2.598156506501225,3.678384052240723,24.727828173852046,18.34981744588942,21.096996578491087,47.41203418457582,35.183121053275585,40.45043972074324,3.310222088991098,1.3820574763118436,1.9627709661371868,6.346872104511857,2.6498953264822127,3.76332945573411,27.391208082205758,20.514331163301446,23.543602135513787,52.51867995927054,39.33326305690856,45.14145202842313,3.2079292561584736,1.3550730055458975,1.9184675444876187,6.1507403919732715,2.598156506501225,3.678384052240723,24.727828173852046,18.34981744588942,21.096996578491087,47.41203418457582,35.183121053275585,40.45043972074324,0.7085427135678393,-0.0014572864321606982,0.0035427135678391952,0.5376884422110553,-0.017311557788944665,-0.0023115577889447625,0.4723618090452262,0.002361809045226204,0.007361809045226209,0.4415584415584416,0.12838349555412198,0.18975988040736247,0.3869565217391304,0.44723618090452266,0.12643417589199135,0.19014102230685992,0.38888888888888884,0.4415584415584416,0.12838349555412198,0.18975988040736247,0.3869565217391304,24.0,9.0,10.0,33.0,7.0,7.0,43.0,11.0,10.0,-0.00029304072802722314,-0.00015209859096546778,-0.0001778517680617289,-8.695216395082639e-05,7.889288760054569e-06,3.900628491937397e-05,"[3.0625, 9.453125, 2.48046875, 1.494140625, 6.81640625, 4.88671875, 5.77734375, 11.15625, 7.4921875, 3.71875, 2.927734375, 2.306640625, 0.20068359375, 2.94140625, 5.34765625, 0.0183563232421875, 1.91796875, 5.54296875, 1.87890625, 0.94189453125, 4.33984375, 0.18701171875, 3.576171875, 0.912109375, 7.15234375, 6.86328125, 0.13134765625, 6.8203125, 2.9765625, 0.5556640625, 6.8359375, 3.3515625, 4.59375, 8.7578125, 2.341796875, 6.61328125, 3.267578125, 1.6142578125, 3.431640625, 0.2052001953125, 4.9375, 3.08203125, 2.185546875, 0.04620361328125, 0.1722412109375, 1.3232421875, 1.2578125, 8.1171875, 5.91796875, 6.4921875, 7.875, 3.521484375, 0.047515869140625, 5.6796875, 0.93115234375, 3.796875, 5.21484375, 2.662109375, 2.080078125, 2.646484375, 6.46484375, 0.0266876220703125, 0.218505859375, 0.74560546875, 1.5341796875, 1.029296875, 7.53515625, 5.91796875, 0.0460205078125, 1.892578125, 9.2890625, 5.08203125, 0.82275390625, 7.90625, 3.97265625, 0.30859375, 5.19921875, 8.125, 0.3955078125, 4.53515625, 8.03125, 0.72119140625, 3.40234375, 4.67578125, 1.1669921875, 10.125, 3.4609375, 0.0191650390625, 3.484375, 1.693359375, 1.2001953125, 0.376953125, 6.19921875, 0.004772186279296875, 5.6953125, 2.0234375, 1.978515625, 4.390625, 0.65771484375, 6.17578125, 0.07562255859375, 0.09747314453125, 8.3125, 0.006076812744140625, 10.6953125, 0.65380859375, 9.5546875, 10.6328125, 1.0244140625, 5.26171875, 3.513671875, 0.12091064453125, 0.64794921875, 5.5390625, 0.83544921875, 8.0234375, 6.06640625, 1.931640625, 0.44775390625, 4.8671875, 3.068359375, 1.9365234375, 1.2236328125, 6.97265625, 4.3515625, 2.255859375, 0.49072265625, 5.76953125, 0.60595703125, 3.791015625, 0.1534423828125, 3.740234375, 0.435546875, 7.5859375, 0.0127410888671875, 2.205078125, 4.5625, 1.6572265625, 1.56640625, 5.33203125, 0.21484375, 0.818359375, 7.78125, 13.6640625, 1.833984375, 0.037567138671875, 0.4482421875, 3.775390625, 4.65625, 1.509765625, 5.140625, 2.767578125, 7.609375, 0.0091400146484375, 0.63916015625, 0.96875, 9.453125, 6.65234375, 1.21484375, 0.229736328125, 1.2197265625, 0.42724609375, 5.4375, 1.654296875, 0.0147552490234375, 1.74609375, 7.609375, 0.84716796875, 6.734375, 3.296875, 1.80859375, 3.65625, 0.263427734375, 0.173583984375, 1.3486328125, 0.8232421875, 1.88671875, 7.27734375, 0.087646484375, 0.99560546875, 3.57421875, 3.74609375, 4.75390625, 0.00995635986328125, 0.155029296875, 3.353515625, 3.302734375, 4.77734375, 1.31640625, 3.173828125, 0.432861328125, 4.734375, 0.004642486572265625, 1.98046875, 1.341796875, 1.2998046875, 6.6875, 1.8408203125, 0.10992431640625, 3.427734375, 0.059112548828125, 0.60595703125, 0.6953125, 5.62109375, 0.69482421875, 0.1964111328125, 6.32421875, 0.09423828125, 0.986328125, 2.130859375, 1.8623046875, 0.79443359375, 5.3984375, 0.1263427734375, 0.08343505859375, 9.40625, 3.158203125, 5.9296875, 3.642578125, 0.34326171875, 3.296875, 0.035400390625, 4.02734375, 3.1875, 4.4609375, 1.3095703125, 1.3828125, 4.171875, 0.1385498046875, 0.10980224609375, 8.5703125]",-0.5113142703002667
195,1,test,2.6588605494657673,1.1549798978177193,1.627371029848102,5.884944682817565,2.5563555071698856,3.601914546063799,14.280008461678324,9.780893727666601,11.474767275606176,31.60641872851469,21.64837811723541,25.397484903341667,2.62717324645076,1.108960061895687,1.5512634800402123,5.814810118811015,2.4544982703291205,3.4334631691556696,13.834607551052514,9.27054478395878,10.901947828486149,30.62059804632956,20.518805788495428,24.12964452704934,2.6802866403075765,1.173903420483564,1.6277934035557866,5.9323677638807695,2.5982395706702888,3.6028493998701414,14.58927457074148,10.078886394981783,11.724489762593208,32.29092771657447,22.30793522089301,25.950204007872962,0.6733668341708543,-0.016633165829145646,-0.016633165829145646,0.5125628140703518,0.007562814070351753,0.012562814070351758,0.3668341708542714,-0.0031658291457286047,0.006834170854271404,0.42296072507552873,0.11979330426104906,0.18476977030165942,0.3787878787878788,0.42211055276381915,0.10882734474376898,0.1767015377387774,0.3484848484848485,0.4247491638795987,0.1159010837460428,0.17447107711652865,0.3825503355704698,17.0,4.0,4.0,28.0,7.0,8.0,41.0,12.0,13.0,-0.0004251202804007085,-5.133598768664092e-05,-0.00015325694090418822,0.0014617572995296868,0.002779670510214771,0.0031180699231629916,"[3.056640625, 9.4453125, 2.4296875, 6.078125, 0.78955078125, 0.10418701171875, 4.328125, 6.203125, 3.75, 7.234375, 2.001953125, 2.91796875, 11.234375, 6.59375, 6.48828125, 0.55810546875, 0.10797119140625, 5.12109375, 2.4296875, 4.296875, 9.734375, 1.1962890625, 3.26953125, 1.005859375, 3.31640625, 1.2294921875, 0.296875, 1.02734375, 6.703125, 1.67578125, 2.49609375, 1.626953125, 0.460693359375, 2.265625, 1.5986328125, 0.12091064453125, 5.37890625, 12.6328125, 0.73095703125, 1.2763671875, 1.6123046875, 1.4228515625, 0.4677734375, 0.38671875, 3.529296875, 0.576171875, 0.82470703125, 0.12841796875, 2.8125, 0.08746337890625, 3.3359375, 2.6640625, 1.6953125, 1.5615234375, 4.2421875, 3.025390625, 2.521484375, 5.234375, 3.26171875, 1.2353515625, 3.45703125, 1.939453125, 4.44140625, 6.234375, 4.75, 0.9306640625, 5.89453125, 1.23046875, 2.6328125, 5.14453125, 5.8125, 2.822265625, 0.00689697265625, 4.75, 0.7568359375, 2.486328125, 5.87890625, 5.31640625, 3.283203125, 0.580078125, 5.9765625, 3.619140625, 2.896484375, 3.14453125, 1.5263671875, 4.87109375, 4.03125, 7.65234375, 1.07421875, 2.234375, 2.591796875, 1.189453125, 5.48828125, 4.5625, 1.2646484375, 1.783203125, 3.3203125, 0.009002685546875, 0.00490570068359375, 0.032318115234375, 11.40625, 1.9853515625, 2.70703125, 0.52294921875, 3.78125, 1.076171875, 4.23828125, 0.006427764892578125, 1.427734375, 0.7548828125, 0.08367919921875, 0.388427734375, 4.37890625, 2.95703125, 3.978515625, 5.93359375, 0.76220703125, 3.642578125, 1.8291015625, 0.96875, 2.5703125, 0.4169921875, 1.3515625, 5.83203125, 5.734375, 0.257080078125, 4.11328125, 8.171875, 4.078125, 0.55126953125, 0.76318359375, 0.419677734375, 1.5576171875, 0.3984375, 0.0440673828125, 0.221435546875, 0.70947265625, 1.78515625, 2.4453125, 1.76953125, 0.0096282958984375, 0.003948211669921875, 0.05987548828125, 2.74609375, 2.513671875, 0.16650390625, 2.076171875, 0.96240234375, 3.171875, 0.1839599609375, 0.154541015625, 0.5888671875, 2.416015625, 7.58984375, 0.62646484375, 1.2998046875, 4.28125, 1.6220703125, 3.470703125, 1.42578125, 3.04296875, 0.9501953125, 1.82421875, 4.109375, 2.66796875, 0.4169921875, 0.156982421875, 1.169921875, 0.54150390625, 0.564453125, 3.275390625, 3.7578125, 2.404296875, 0.81787109375, 0.389892578125, 0.01354217529296875, 2.6328125, 2.6015625, 2.41015625, 3.30859375, 0.6572265625, 6.44140625, 2.513671875, 3.22265625, 0.75, 0.2626953125, 0.030517578125, 0.1259765625, 0.80224609375, 5.171875, 5.33203125, 3.794921875, 3.6953125, 1.4794921875, 0.260986328125, 0.91650390625, 3.251953125, 1.771484375, 0.1583251953125, 2.6484375, 8.3203125, 0.94482421875, 3.826171875, 0.0997314453125, 2.939453125, 1.0546875, 1.755859375, 6.1015625, 5.94140625, 0.5, 1.5732421875, 0.5380859375, 0.99755859375, 0.06854248046875, 1.0595703125, 4.9765625, 1.3720703125, 4.01171875, 0.0035648345947265625, 0.019378662109375, 1.4150390625, 1.2392578125, 2.8046875, 6.55078125, 1.1806640625, 3.294921875, 0.9697265625, 3.6328125, 4.15625, 6.2578125, 6.82421875, 3.537109375, 4.69921875, 3.814453125, 2.908203125, 3.12890625, 1.70703125, 0.93212890625, 2.576171875, 1.1875, 8.0, 6.50390625, 3.17578125, 6.0078125, 6.15234375, 0.330078125, 0.220458984375, 9.9921875, 0.01325225830078125, 0.0106658935546875, 0.35888671875, 7.90625, 0.0298614501953125, 1.4931640625, 4.078125, 0.2178955078125, 3.962890625, 1.4345703125, 1.5263671875, 0.29296875, 1.9482421875, 1.08203125, 8.890625, 4.65234375, 3.955078125, 0.175048828125, 3.669921875, 4.390625, 4.6015625, 4.6640625, 10.75, 4.26953125, 4.59375, 6.140625, 6.1640625, 0.471435546875, 3.458984375, 0.2509765625, 3.603515625, 0.8779296875, 0.406494140625, 0.4755859375, 5.2265625, 7.43359375, 4.5390625, 1.2060546875, 0.69140625, 2.66796875, 0.76953125, 1.0927734375, 1.3251953125, 0.67236328125, 0.379638671875, 0.03118896484375, 0.08282470703125, 0.331298828125, 0.169677734375, 0.0255584716796875, 0.039581298828125, 0.13671875, 4.1796875, 0.8310546875, 0.260498046875, 0.0914306640625, 0.13330078125, 0.02703857421875, 0.198486328125, 9.5546875, 1.0126953125, 1.263671875, 2.693359375, 2.189453125, 2.58984375, 0.8349609375, 5.09375, 0.06402587890625, 0.791015625, 1.5576171875, 3.5078125, 8.0390625, 0.142822265625, 0.4091796875, 1.0419921875, 3.177734375, 1.2939453125, 4.58984375, 5.3125, 5.66796875, 3.150390625, 2.685546875, 9.5625]",-0.7966405300935588
340,1,test,2.636999725627632,1.0677430521348803,1.4708568170353706,4.994951861241758,2.022497421504165,2.7860674100458347,13.97122315999639,9.168146547644637,10.76163410533388,26.464010006765648,17.366118857443283,20.38447095084407,2.523957845553681,0.9744447908828358,1.4293939374623095,4.780830204805385,1.8457737308785989,2.7075292572037393,12.477884602306156,7.768708089623033,9.490005193100114,23.635358135585204,14.71533066711664,17.97577703243302,2.736909901418016,1.1510504249926032,1.6300541371456678,5.184199707447882,2.1802965722082113,3.0876157730060796,15.439202649911223,10.555715832803921,12.414370010093027,29.24462724163078,19.994424699173564,23.515050072028057,0.592964824120603,0.017964824120603073,0.012964824120602958,0.4623115577889447,0.0023115577889447625,0.017311557788944776,0.31658291457286436,-0.0134170854271356,-0.02341708542713561,0.38655462184873945,0.0984427337368513,0.1392427938917502,0.3679775280898876,0.3869346733668342,0.08868905933174642,0.15154235283261053,0.3282828282828283,0.3812709030100334,0.08577841553090149,0.14767802203116798,0.38590604026845643,16.0,6.0,6.0,27.0,12.0,13.0,33.0,11.0,12.0,-0.00017291727385760245,2.544211922659802e-05,6.306432108400683e-05,0.004365940295963711,0.0035996891748037996,0.004045437939434571,"[3.056640625, 9.4453125, 2.4296875, 1.0791015625, 0.80224609375, 4.9921875, 8.015625, 9.7734375, 2.376953125, 0.83056640625, 0.55078125, 6.87890625, 2.73046875, 0.9658203125, 0.133056640625, 0.1275634765625, 1.62109375, 3.93359375, 5.2578125, 0.0213470458984375, 1.9140625, 1.556640625, 5.421875, 0.1427001953125, 0.83544921875, 0.00505828857421875, 2.119140625, 2.693359375, 6.3515625, 7.734375, 1.357421875, 4.5703125, 4.71484375, 1.0419921875, 1.26953125, 3.66015625, 3.005859375, 1.6416015625, 1.158203125, 2.623046875, 4.19921875, 2.66015625, 0.970703125, 1.1005859375, 3.271484375, 0.94482421875, 0.8662109375, 2.828125, 4.25, 3.109375, 10.28125, 0.365234375, 2.298828125, 3.669921875, 1.7578125, 0.6982421875, 2.720703125, 1.923828125, 0.61181640625, 0.5048828125, 0.59326171875, 1.4716796875, 2.080078125, 1.625, 5.0546875, 0.92333984375, 5.90234375, 5.0703125, 2.939453125, 0.1107177734375, 5.01171875, 8.4921875, 0.53076171875, 0.0174560546875, 0.01953125, 4.38671875, 0.43603515625, 0.438720703125, 9.0703125, 0.0653076171875, 2.318359375, 0.294189453125, 0.0005965232849121094, 4.48828125, 7.33203125, 1.625, 5.36328125, 6.59375, 0.0015821456909179688, 3.37109375, 0.028656005859375, 0.0017414093017578125, 4.28515625, 0.06610107421875, 2.208984375, 0.007293701171875, 2.482421875, 0.136474609375, 1.193359375, 14.0, 0.7666015625, 0.0006985664367675781, 13.40625, 7.66015625, 3.951171875, 4.68359375, 7.3984375, 2.9375, 5.14453125, 2.564453125, 5.48828125, 1.1103515625, 0.01019287109375, 2.234375, 8.7109375, 4.578125, 5.078125, 0.91357421875, 1.6865234375, 0.3125, 0.0584716796875, 0.061065673828125, 0.01145172119140625, 0.033477783203125, 2.23046875, 0.0146331787109375, 7.355213165283203e-05, 0.0005064010620117188, 0.08538818359375, 0.58740234375, 1.8203125, 0.19970703125, 0.019805908203125, 0.3720703125, 0.005245208740234375, 0.00780487060546875, 4.5390625, 0.34228515625, 0.050262451171875, 0.137939453125, 0.175048828125, 0.360595703125, 0.46484375, 4.5, 1.8662109375, 0.00984954833984375, 1.4580078125, 1.125, 5.109375, 0.638671875, 3.630859375, 0.0716552734375, 4.1328125, 5.21875, 5.078315734863281e-05, 0.47998046875, 5.828125, 7.34375, 8.046875, 0.01108551025390625, 0.544921875, 2.54296875, 3.583984375, 0.158203125, 3.880859375, 0.11981201171875, 6.43359375, 9.1953125, 4.93359375, 1.39453125, 0.1302490234375, 0.5849609375, 1.8466796875, 0.2568359375, 0.004856109619140625, 3.541015625, 2.732421875, 6.0078125, 0.82470703125, 0.213623046875, 0.12310791015625, 1.92578125, 0.04791259765625, 0.0005941390991210938, 5.84765625, 0.9638671875, 0.8447265625, 1.8740234375, 0.2255859375, 2.873046875, 4.40234375, 0.0006999969482421875, 7.93359375, 0.10504150390625, 2.28125, 0.05853271484375, 0.0273590087890625, 1.44921875, 4.17578125, 0.39013671875, 0.006591796875, 0.460693359375, 0.51611328125, 3.271484375, 0.09320068359375, 0.0031890869140625, 11.0078125, 5.05859375, 0.423095703125, 3.134765625, 1.419921875, 0.0039005279541015625, 3.9375, 9.21875, 7.23828125, 3.017578125, 4.06640625, 7.38671875, 2.74609375, 0.490234375, 4.19140625, 5.06640625, 0.10546875, 3.806640625, 0.89501953125, 1.330078125, 1.166015625, 8.6796875, 1.5185546875, 0.10943603515625, 0.14892578125, 0.07275390625, 0.008453369140625, 0.161376953125, 7.46875, 7.0078125, 8.2265625, 1.7861328125, 9.125, 2.18359375, 0.88720703125, 5.1171875, 2.275390625, 2.244140625, 0.9296875, 3.15625, 0.5234375, 4.0234375, 2.521484375, 1.7861328125, 5.36328125, 7.53125, 6.26171875, 2.65234375, 0.56103515625, 3.091796875, 0.391845703125, 0.0044403076171875, 0.0770263671875, 0.3583984375, 2.41015625, 4.3359375, 4.16796875, 0.37451171875, 7.3125, 0.07330322265625, 6.24609375, 0.75732421875, 1.087890625, 14.25, 8.046875, 3.080078125, 1.0283203125, 2.078125, 9.7734375, 0.0081024169921875, 0.0203857421875, 2.33203125, 9.1796875, 1.841796875, 2.87109375, 4.76953125, 0.334228515625, 1.0712890625, 0.049652099609375, 5.4921875, 1.3935546875, 4.37890625, 9.5, 0.232666015625, 0.99853515625, 6.39453125, 0.385009765625, 0.417236328125, 6.26171875, 8.703125, 0.15673828125, 1.326171875, 3.16796875, 1.4775390625, 2.279296875, 0.252685546875, 0.009246826171875, 0.07489013671875, 0.22607421875, 0.791015625, 0.03753662109375, 0.0006093978881835938, 0.00015211105346679688, 2.826171875, 0.8857421875, 2.666015625, 0.4287109375, 0.41796875, 0.66650390625, 4.62109375, 4.66796875, 0.370361328125, 4.9765625, 0.0826416015625, 5.5625, 0.38232421875, 6.0625, 0.0035724639892578125, 1.3291015625, 1.240234375, 1.03125, 0.822265625, 4.30859375, 0.6474609375, 0.46484375, 7.515625, 6.49609375, 0.92529296875, 4.75390625, 0.25341796875, 2.169921875, 0.6201171875, 0.4462890625, 5.1953125, 2.62890625, 0.00836944580078125, 0.0024509429931640625, 0.0005140304565429688, 5.37890625, 1.0146484375, 2.505859375, 7.703125, 0.0251922607421875, 7.640625, 6.5703125, 5.69140625, 0.830078125, 3.89453125, 1.32421875, 0.107421875, 3.390625]",-1.4329293972971726
320,1,test,3.2216655824749605,1.4781667804520915,1.9318007687644896,5.927864671753928,2.7198268760318487,3.554513414526661,25.06984131504251,19.35252910262817,21.437545829031126,46.12850801967822,35.60865354883584,39.44508432541728,3.311134647484401,1.4502811684623294,2.042625778542522,6.092487751371298,2.6685173499706862,3.758431432518241,27.41621557044545,20.98699393416299,23.860668749178288,50.44583664961963,38.6160688388599,43.903630498488056,3.163394489415912,1.4378061348928377,1.9719585295171893,5.820645860525278,2.6455632882028213,3.6284036943116282,23.650742018044145,18.034917864608705,20.358937303291444,43.51736531320123,33.184248870880026,37.460444638056266,0.6733668341708543,-0.021633165829145762,-0.011633165829145753,0.5628140703517588,-0.0021859296482411583,-0.0021859296482411583,0.4723618090452262,-0.0026381909547738003,0.012361809045226213,0.43051771117166215,0.12847689484513158,0.186138434534321,0.40710382513661203,0.4170854271356784,0.10630848477978871,0.17668475935604566,0.38888888888888884,0.4280936454849499,0.12592336167860596,0.19895015271520577,0.3993288590604027,23.0,14.0,14.0,37.0,20.0,20.0,45.0,24.0,23.0,-0.0007018342291157208,4.501432087225684e-05,-0.00033364134345989754,-0.0002385080675875173,0.00015975387283972964,-0.00010117766301664943,"[3.056640625, 9.4453125, 2.4296875, 6.078125, 0.78955078125, 0.10418701171875, 1.3271484375, 6.09375, 0.6357421875, 5.234375, 4.5625, 5.85546875, 0.009796142578125, 0.75244140625, 11.7578125, 4.00390625, 6.66796875, 3.12109375, 9.078125, 6.3984375, 2.28515625, 2.57421875, 4.59765625, 0.1202392578125, 0.9052734375, 6.4765625, 2.380859375, 3.044921875, 3.169921875, 2.560546875, 0.498779296875, 0.386474609375, 1.5185546875, 6.66796875, 4.76171875, 3.701171875, 3.384765625, 11.3359375, 0.0570068359375, 5.91796875, 5.265625, 5.26953125, 0.61328125, 1.8837890625, 4.61328125, 5.15234375, 5.0625, 1.599609375, 6.34765625, 1.5556640625, 3.513671875, 6.8828125, 5.72265625, 6.83203125, 9.390625, 5.55078125, 3.9296875, 0.322998046875, 1.953125, 2.73046875, 1.451171875, 1.4736328125, 0.91064453125, 1.6025390625, 2.599609375, 5.125, 1.458984375, 3.1484375, 4.68359375, 2.900390625, 3.501953125, 1.7763671875, 1.33203125, 4.03125, 6.70703125, 2.1171875, 4.19921875, 1.8837890625, 1.3203125, 6.36328125, 8.953125, 0.05615234375, 8.03125, 0.01557159423828125, 0.9130859375, 0.004825592041015625, 3.072265625, 4.109375, 5.62890625, 0.122314453125, 2.455078125, 0.1488037109375, 4.203125, 0.7333984375, 0.234130859375, 12.453125, 9.6015625, 1.9482421875, 0.469482421875, 2.0, 3.28515625, 1.5419921875, 5.859375, 10.453125, 8.4921875, 6.19921875, 3.01953125, 4.8984375, 2.40625, 3.39453125, 0.179443359375, 11.03125, 3.169921875, 7.48828125, 12.7265625, 0.69677734375, 2.515625, 0.09381103515625, 4.60546875, 6.6953125, 7.5546875, 4.3203125, 5.53125, 5.18359375, 1.1103515625, 6.234375, 2.689453125, 0.92138671875, 4.6328125, 0.0009889602661132812, 0.0809326171875, 3.302734375, 0.41455078125, 0.00595855712890625, 0.97265625, 0.0928955078125, 5.16015625, 1.572265625, 0.73046875, 0.0003211498260498047, 0.2298583984375, 0.345947265625, 0.12744140625, 0.027099609375, 0.578125, 8.9296875, 3.318359375, 0.122802734375, 3.26171875, 0.427490234375, 0.105712890625, 0.53076171875, 8.2890625, 7.3203125, 1.0615234375, 2.666015625, 0.343017578125, 2.7109375, 1.1650390625, 5.609375, 5.921875, 5.328125, 0.94775390625, 0.0022754669189453125, 0.615234375, 10.8671875, 6.0234375, 0.07647705078125, 1.28125, 0.87646484375, 0.08837890625, 0.0005426406860351562, 0.012603759765625, 0.023895263671875, 0.76025390625, 3.37890625, 0.08367919921875, 7.8359375, 8.1015625, 0.02197265625, 4.83984375, 2.08203125, 0.01247406005859375, 0.6396484375, 3.091796875, 4.09765625, 0.013519287109375, 4.40234375, 0.84814453125, 4.31640625, 1.07421875, 5.609375, 10.46875, 4.3046875, 2.705078125, 2.365234375, 0.3046875, 0.00745391845703125, 0.1944580078125, 0.7880859375, 2.4375, 0.019287109375, 10.3515625, 5.05859375, 2.462890625, 3.755859375, 0.0170135498046875, 0.002655029296875, 0.65234375, 0.413330078125, 4.86328125, 0.0606689453125, 3.77734375, 0.172607421875, 4.3125, 8.2734375, 5.59375, 0.1676025390625, 0.1397705078125, 0.0022983551025390625, 0.448486328125, 0.399658203125, 4.6875, 3.4609375, 0.04864501953125, 3.9140625, 0.378662109375, 6.30078125, 8.609375, 2.07421875, 9.3671875, 0.358154296875, 0.04510498046875, 0.0040130615234375, 0.79638671875, 0.9501953125, 0.03302001953125, 0.002109527587890625, 0.1783447265625, 7.236003875732422e-05, 6.2421875, 2.09765625, 9.140625, 0.52197265625, 6.55078125, 0.4248046875, 5.44140625, 5.59765625, 1.044921875, 8.0, 4.65625, 1.4677734375, 0.12841796875, 5.58984375, 4.17578125, 0.03338623046875, 0.006694793701171875, 0.0022144317626953125, 2.9921531677246094e-05, 3.603515625, 5.8984375, 5.69140625, 0.66162109375, 0.09881591796875, 2.306640625, 4.2578125, 0.1485595703125, 2.287109375, 0.84130859375, 6.01953125, 4.23046875, 3.98046875, 1.1083984375, 1.689453125, 0.00658416748046875, 1.18359375, 4.37890625, 11.109375, 4.19921875, 0.04345703125, 0.11279296875, 7.07421875, 0.08709716796875, 3.376953125, 0.444091796875, 8.5078125, 2.23046875, 2.7265625, 8.265625, 0.82958984375, 0.415771484375, 0.60400390625, 3.421875, 6.23828125, 4.8203125, 0.352783203125, 3.857421875, 1.041015625, 11.5859375, 0.401123046875, 1.2275390625, 0.208251953125, 5.390625, 1.09765625, 1.283203125, 5.26171875, 2.6015625, 8.7734375, 2.671875, 4.484375, 8.5390625, 0.055450439453125, 2.5234375, 3.345703125, 0.144775390625, 9.7734375, 0.2939453125, 0.56787109375, 5.22265625, 1.890625, 3.267578125, 0.06378173828125, 0.01837158203125, 0.70751953125, 2.982421875, 1.828125, 11.828125, 5.92578125, 4.22265625, 1.0859375, 8.4375, 2.77734375, 6.04296875, 3.759765625, 0.5712890625, 4.078125, 0.95703125, 5.63671875, 7.1484375, 3.998046875, 3.22265625, 0.373779296875, 4.44921875, 0.040008544921875, 0.5478515625, 6.04296875, 2.755859375, 2.90625, 0.15576171875, 4.4609375, 6.62109375, 0.529296875, 1.8017578125, 6.57421875, 1.4814453125, 1.228515625, 1.03125, 4.1328125, 0.9970703125, 6.078125, 11.515625, 11.71875, 0.054046630859375, 0.69140625, 8.796875, 2.853515625, 2.21484375]",-0.9964554693133696
116,1,test,2.770690990097915,1.1671092453866574,1.485395827132556,5.569510822734895,2.346067315599575,2.9858718149466603,15.96966507861179,10.998860347593201,12.353930047808747,32.10145873670187,22.10938425201476,24.83328070523992,3.3390475277924656,1.4569816720228803,2.0212743351192906,6.711994015257951,2.9287550361475154,4.063069221864158,28.19226156768035,21.625204115630595,24.45716679425781,56.670738988839695,43.46995345070923,49.162629698101995,2.9402227425654996,1.2937124607399961,1.7875626433333427,5.910295462212883,2.600559058137251,3.5932731307614403,18.92006014567384,13.731219541833973,15.753454945647007,38.03220212023777,27.601842327747477,31.666843444041696,0.7336683417085428,0.02866834170854271,0.02866834170854271,0.5728643216080402,0.0028643216080401768,0.0028643216080401768,0.4773869346733668,0.002386934673366814,-0.0026130653266331905,0.4,0.0852085967130215,0.12140762463343113,0.37309644670050757,0.44723618090452266,0.12643417589199135,0.19514936955226891,0.43939393939393945,0.4180602006688964,0.11088156961714346,0.1733438491672279,0.3825503355704698,22.0,7.0,7.0,34.0,9.0,9.0,43.0,9.0,9.0,-0.0004682173192108836,-0.00124700955134524,-0.00018242227463638214,0.0022098263962675446,0.0037645413528553107,0.0027601075325867086,"[3.056640625, 9.4453125, 2.48046875, 1.80859375, 0.8740234375, 1.9931640625, 1.1474609375, 5.828125, 0.09783935546875, 0.80810546875, 9.6875, 7.51171875, 5.5078125, 1.65234375, 0.413818359375, 4.58203125, 2.923828125, 2.458984375, 0.85205078125, 8.109375, 7.5390625, 0.615234375, 0.69873046875, 4.24609375, 3.0078125, 4.87890625, 5.30859375, 0.01309967041015625, 1.7939453125, 4.30078125, 5.984375, 1.822265625, 4.83203125, 0.63330078125, 6.36328125, 1.4306640625, 3.22265625, 7.71484375, 3.169921875, 7.453125, 1.71875, 9.046875, 2.953125, 7.609375, 1.443359375, 1.9384765625, 6.81640625, 1.3564453125, 0.96875, 1.634765625, 3.890625, 0.71044921875, 1.94140625, 2.2734375, 4.41796875, 5.828125, 7.06640625, 6.515625, 2.99609375, 5.546875, 2.712890625, 0.9755859375, 0.943359375, 0.943359375, 4.9375, 0.4462890625, 7.33984375, 5.87109375, 3.697265625, 2.58984375, 0.00543212890625, 3.3671875, 4.234375, 11.2421875, 2.044921875, 7.40234375, 5.94921875, 4.015625, 4.6953125, 1.8330078125, 5.29296875, 6.4453125, 0.7978515625, 4.046875, 1.3046875, 1.267578125, 7.40625, 1.533203125, 1.9423828125, 7.00390625, 3.25390625, 4.0546875, 1.89453125, 1.2353515625, 5.109375, 2.337890625, 2.734375, 4.16015625, 0.08148193359375, 6.28125, 5.234375, 3.84375, 12.1875, 1.4462890625, 8.203125, 0.0946044921875, 1.0048828125, 2.6015625, 6.10546875, 8.3125, 0.826171875, 0.355224609375, 4.33984375, 2.58984375, 1.068359375, 5.50390625, 0.361083984375, 0.11322021484375, 11.5, 2.099609375, 1.8232421875, 5.74609375, 1.8896484375, 3.77734375, 0.4189453125, 0.95263671875, 8.0234375, 7.3359375, 0.184814453125, 1.7783203125, 5.44921875, 0.0018253326416015625, 0.1329345703125, 0.00044417381286621094, 0.004772186279296875, 0.0025577545166015625, 0.392822265625, 8.9921875, 4.234375, 0.51513671875, 3.71875, 6.33203125, 3.990234375, 5.8125, 3.5546875, 3.923828125, 4.0078125, 3.67578125, 0.01122283935546875, 0.4423828125, 0.43212890625, 5.25390625, 2.765625, 4.046875, 5.3125, 1.3974609375, 4.46484375, 0.00850677490234375, 0.349853515625, 0.0017099380493164062, 0.89208984375, 0.08978271484375, 6.32421875, 4.1015625, 6.73046875, 4.92578125, 8.765625, 5.609375, 0.018768310546875, 0.059417724609375, 0.0007619857788085938, 3.15625, 0.01085662841796875, 12.2109375, 3.98046875, 0.1531982421875, 0.0555419921875, 0.0006704330444335938, 0.482177734375, 3.6171875, 0.619140625, 0.04168701171875, 0.7099609375, 7.5625, 0.346923828125, 0.25390625, 0.26220703125, 9.2109375, 2.26171875, 2.046875, 6.984375, 2.173828125, 3.990234375, 4.79296875, 0.217529296875, 0.001979827880859375, 0.0037097930908203125, 0.1907958984375, 2.53515625, 3.80859375, 9.140625, 8.6328125, 0.42626953125, 0.007793426513671875, 0.0006384849548339844, 0.00434112548828125, 0.0005292892456054688, 0.68212890625, 4.34765625, 3.578125, 3.640625, 2.5, 0.87744140625, 3.28125, 1.1953125, 0.14111328125, 0.0001252889633178711, 1.234375, 0.5244140625, 0.0010194778442382812, 0.0003440380096435547, 3.587890625, 1.306640625, 3.595703125, 4.25390625, 0.5166015625, 0.192138671875, 2.166015625, 1.78515625, 0.447998046875, 5.44140625, 2.166015625, 0.25146484375, 1.4443359375, 2.41796875, 0.06903076171875, 1.9697265625, 0.363525390625, 0.403564453125, 1.9794921875, 1.8662109375, 1.6708984375, 2.265625, 1.009765625, 5.01953125, 0.01467132568359375, 8.4296875, 0.67236328125, 4.57421875, 5.2265625, 0.59814453125, 0.1617431640625, 0.50390625, 0.99560546875, 1.5859375, 3.708984375, 8.671875, 2.005859375, 5.83984375, 4.015625, 0.94580078125, 0.0022678375244140625, 1.076171875, 11.953125, 5.0, 0.25244140625, 0.07049560546875, 0.8427734375, 1.408203125, 0.00032520294189453125, 1.302734375, 0.0478515625, 0.02081298828125, 2.369140625, 7.25, 1.3193359375, 3.125, 2.728515625, 3.818359375, 1.6953125, 3.654296875, 2.14453125, 3.07421875, 2.001953125, 0.88330078125, 2.447265625, 1.0908203125, 4.41796875, 3.888671875, 0.5478515625, 0.22021484375, 0.369384765625, 1.3759765625, 4.7578125, 2.32421875, 3.353515625, 3.76953125, 0.806640625, 1.9638671875, 2.587890625, 7.796875, 0.98779296875, 0.467041015625, 0.5009765625, 1.9443359375, 0.716796875, 6.5, 2.076171875, 7.6640625, 0.8642578125, 1.65625, 4.14453125, 2.3515625, 3.23046875, 1.3564453125, 2.708984375, 6.44921875, 2.521484375, 1.580078125, 0.3857421875, 0.029998779296875, 0.0007829666137695312, 8.869171142578125e-05, 0.015838623046875, 0.203125, 3.19921875, 4.93359375, 3.08984375, 2.568359375, 2.125, 1.6728515625, 0.279052734375, 3.396484375, 1.9833984375, 4.4296875, 4.00390625, 0.2861328125, 0.33251953125, 1.2158203125, 1.9609375, 0.98828125, 3.3984375, 3.32421875, 1.212890625, 1.154296875, 1.0341796875, 4.359375, 0.73486328125, 1.287109375, 1.0732421875, 0.44873046875, 0.24169921875, 0.07989501953125, 0.10064697265625, 3.841796875, 1.7900390625, 0.90576171875, 0.47509765625, 0.50390625, 0.48876953125, 0.068115234375, 1.580078125, 3.32421875, 1.234375, 1.7001953125, 3.033203125, 6.11328125, 0.90966796875, 3.38671875, 1.34375, 0.2340087890625, 1.5419921875, 2.84765625, 0.0002827644348144531, 3.80078125, 4.3671875, 0.50732421875, 0.09246826171875, 5.79296875, 0.8125, 3.978515625, 0.93505859375, 9.0859375, 8.953125, 2.0234375, 0.0178680419921875, 5.48828125, 4.55078125, 0.051239013671875, 2.580078125, 0.394287109375, 0.01546478271484375, 3.05078125, 1.9599609375, 0.73046875]",-1.3769678348227394
269,1,test,2.6956791193712326,1.1457527992736982,1.3869802460051537,5.674404546276445,2.4118096424711353,2.919593417840849,14.815576882822963,10.104453828107413,11.114222236152536,31.18678933834234,21.269875308166107,23.39543780710109,3.027899196998558,1.2100168545524388,1.7511309404911048,6.373727809681965,2.5470854788328836,3.6861306297337757,20.65379742138446,14.494995025164327,17.06876235110863,43.47624357201429,30.51196452797091,35.92974474908367,2.743014570861357,1.162048108783358,1.6286952373510057,5.774045671663156,2.4461112689889686,3.4284034746238667,15.533742151159883,10.674091941126722,12.486249004561982,32.69852722819156,22.468963536071755,26.283554154602975,0.6130653266331658,0.0030653266331658324,0.0030653266331658324,0.48743718592964824,-0.002562814070351749,-0.002562814070351749,0.38190954773869346,-0.013090452261306562,-0.013090452261306562,0.3857142857142857,0.08726006454900626,0.1227621840525066,0.33651551312649164,0.38190954773869346,0.0836639337036057,0.1381699817954547,0.3282828282828283,0.37792642140468224,0.08577283208915631,0.1498952756872184,0.3120805369127517,20.0,5.0,5.0,28.0,3.0,3.0,36.0,5.0,5.0,-0.0004777222788946266,-0.0009179459231278886,-0.0001484366511486625,-2.9214960108880916e-05,-0.00033477294703487814,2.971632105985833e-05,"[3.056640625, 9.4453125, 1.869140625, 1.6689453125, 0.791015625, 9.9765625, 1.6025390625, 7.76171875, 2.791015625, 0.62841796875, 4.15625, 0.78271484375, 8.5859375, 8.6953125, 2.08203125, 5.05859375, 9.984375, 1.912109375, 7.23046875, 3.625, 6.98828125, 2.9375, 15.5390625, 11.125, 13.1171875, 6.0703125, 3.095703125, 2.6328125, 0.58349609375, 8.4453125, 8.1328125, 0.69677734375, 4.7734375, 5.515625, 0.037811279296875, 6.203125, 5.64453125, 3.51171875, 6.58203125, 3.658203125, 4.69921875, 0.341064453125, 0.71630859375, 8.9375, 2.205078125, 0.490234375, 0.366455078125, 2.28515625, 1.4736328125, 3.5078125, 0.01165008544921875, 0.417724609375, 0.0003647804260253906, 0.01070404052734375, 0.0093231201171875, 2.095703125, 0.00359344482421875, 0.00994110107421875, 3.54296875, 0.7470703125, 6.70703125, 6.26171875, 2.44140625, 0.0020427703857421875, 0.0067291259765625, 1.328125, 0.007778167724609375, 0.0160064697265625, 5.8515625, 0.415283203125, 0.0364990234375, 2.259765625, 1.076171875, 2.794921875, 0.0313720703125, 1.3486328125, 1.123046875, 0.0003180503845214844, 0.0041656494140625, 4.4921875, 7.765625, 2.2109375, 0.90234375, 3.443359375, 0.357421875, 1.7763671875, 4.234375, 0.50390625, 0.00012028217315673828, 5.015625, 0.0011930465698242188, 0.9228515625, 8.859375, 0.0718994140625, 3.078125, 1.7099609375, 4.26171875, 2.81640625, 0.84228515625, 9.6796875, 0.490478515625, 1.1630859375, 2.787109375, 1.65234375, 0.29052734375, 0.03131103515625, 5.28125, 4.62109375, 4.34765625, 0.300537109375, 1.4912109375, 7.828125, 3.626953125, 8.5546875, 5.0703125, 0.33251953125, 4.47265625, 0.035247802734375, 0.75439453125, 2.56640625, 0.0031375885009765625, 0.126708984375, 0.00658416748046875, 0.0005192756652832031, 3.6484375, 1.74609375, 0.2313232421875, 0.234130859375, 5.8671875, 1.423828125, 1.8359375, 6.06640625, 0.1202392578125, 5.671875, 0.5205078125, 12.40625, 7.984375, 7.51953125, 0.83935546875, 13.8828125, 4.17578125, 0.70849609375, 6.3515625, 0.734375, 2.705078125, 0.126220703125, 0.0107879638671875, 0.76123046875, 0.37548828125, 0.00801849365234375, 0.0008893013000488281, 0.0007348060607910156, 2.111328125, 7.21484375, 6.3359375, 3.49609375, 0.88037109375, 7.76953125, 0.294677734375, 0.0211181640625, 0.0007572174072265625, 5.8828125, 1.630859375, 8.625, 9.734375, 0.220703125, 5.0390625, 0.004718780517578125, 3.646484375, 1.3447265625, 3.787109375, 3.2109375, 1.0400390625, 1.822265625, 0.0007276535034179688, 3.345703125, 2.52734375, 1.1513671875, 0.43017578125, 2.7734375, 0.61572265625, 0.05682373046875, 0.2147216796875, 4.88671875, 3.8515625, 0.14892578125, 2.05859375, 1.9248046875, 12.4296875, 0.89013671875, 0.8115234375, 3.62109375, 0.544921875, 0.066162109375, 0.52978515625, 3.13671875, 0.80908203125, 1.1767578125, 4.2421875, 4.625, 1.5732421875, 0.3583984375, 3.41796875, 1.904296875, 1.2734375, 0.2900390625, 0.49365234375, 3.322265625, 2.685546875, 0.010833740234375, 3.837890625, 0.19970703125, 2.46875, 0.22216796875, 2.4921875, 2.203125, 0.82763671875, 0.37255859375, 0.00557708740234375, 6.8203125, 0.63525390625, 0.93603515625, 3.1640625, 3.728515625, 1.1328125, 1.7861328125, 2.287109375, 2.37890625, 3.908203125, 3.6171875, 7.1953125, 2.75390625, 12.3828125, 1.095703125, 1.0458984375, 4.53125, 0.810546875, 3.8984375, 0.607421875, 4.28125, 1.998046875, 0.888671875, 2.724609375, 6.83984375, 8.921875, 2.91796875, 5.6484375, 0.21435546875, 0.8857421875, 0.14599609375, 0.364013671875, 2.251953125, 1.470703125, 0.09307861328125, 0.52783203125, 2.884765625, 1.1005859375, 0.68701171875, 0.1920166015625, 0.358154296875, 0.55078125, 2.162109375, 0.32861328125, 8.328125, 3.478515625, 0.20361328125, 2.52734375, 3.416015625, 2.6328125, 2.876953125, 1.8720703125, 4.828125, 3.65625, 6.640625, 2.669921875, 0.00031375885009765625, 1.7177734375, 1.7109375, 0.036865234375, 1.5634765625, 3.701171875, 0.050140380859375, 0.0273590087890625, 9.09375, 0.0297393798828125, 0.9033203125, 0.630859375, 0.89794921875, 0.07867431640625, 0.0301666259765625, 0.2147216796875, 0.001194000244140625, 0.8291015625, 0.34716796875, 0.9208984375, 6.87109375, 0.018280029296875, 0.004154205322265625, 2.56640625, 4.70703125, 0.020965576171875, 2.29296875, 4.640625, 1.2109375, 10.96875, 0.01103973388671875, 3.763671875, 2.3515625, 0.0667724609375, 0.00357818603515625, 0.7265625, 4.46484375, 5.18359375, 4.2265625, 5.17578125, 3.51953125, 5.8984375, 1.34765625, 0.90380859375, 0.95654296875, 1.1787109375, 0.04119873046875, 0.062103271484375, 0.224365234375, 0.0004093647003173828, 2.5859375, 11.03125, 2.568359375, 1.6982421875, 5.703125, 0.59033203125, 3.416015625, 1.9248046875, 2.357421875, 2.927734375, 0.478515625, 1.33203125, 11.7265625, 4.83984375, 4.25, 0.033355712890625, 4.20703125, 0.1641845703125, 1.9169921875, 0.262451171875, 0.08099365234375, 0.1904296875, 0.26708984375, 1.7021484375, 3.962890625, 4.8359375, 1.099609375, 6.9140625, 3.298828125, 2.83984375, 1.2998046875, 0.87890625, 3.31640625, 1.068359375, 2.259765625, 2.869140625, 0.07440185546875, 1.9677734375, 5.6796875, 1.2509765625, 0.0804443359375, 1.9560546875, 0.8203125, 2.12890625, 0.0005140304565429688, 2.9609375, 0.7802734375, 0.389404296875, 0.485595703125, 2.83203125, 0.038543701171875, 0.39404296875, 0.83154296875, 2.693359375, 9.0625, 3.685546875, 3.72265625, 1.4130859375, 0.8291015625, 1.71875, 0.000873565673828125, 1.0078125, 1.125, 4.65234375, 5.0703125, 3.640625, 0.6220703125, 3.064453125, 6.50390625, 2.53125, 0.796875, 1.552734375, 0.50927734375, 0.0002455711364746094, 6.0703125, 2.265625, 4.63671875, 3.544921875, 5.28125, 7.05859375, 0.35546875, 12.109375, 0.0003008842468261719, 0.0004730224609375, 4.75390625, 0.8125, 8.6015625, 0.0296478271484375, 0.00902557373046875, 0.00591278076171875, 3.291015625, 1.8173828125, 0.6259765625, 1.0458984375, 5.359375]",-1.274370261884871
385,1,test,3.279784982818425,1.4564911930201152,1.9973569856589446,5.654801694514527,2.5111917121036473,3.4437189407912845,26.57005906641655,20.377838295941558,22.964676099822967,45.810446666235435,35.13420395851993,39.59426913762581,3.313334524931021,1.4308265989891904,2.005447354062974,5.712645732639692,2.466942412050329,3.457667851832714,27.47659427327383,20.90663307922353,23.77824280640704,47.37343840219626,36.04591910210953,40.99697035587421,3.279784982818425,1.4564911930201152,1.9973569856589446,5.654801694514527,2.5111917121036473,3.4437189407912845,26.57005906641655,20.377838295941558,22.964676099822967,45.810446666235435,35.13420395851993,39.59426913762581,0.6633165829145728,-0.016683417085427088,-0.0016834170854271857,0.5728643216080402,0.0028643216080401768,-0.012135678391959726,0.4773869346733668,-0.017613065326633204,-0.0126130653266332,0.4448160535117057,0.1393068715417558,0.2056614372714387,0.46308724832214765,0.4522613065326633,0.13647183284845277,0.20351339334401553,0.48989898989898994,0.4448160535117057,0.1393068715417558,0.2056614372714387,0.46308724832214765,20.0,6.0,6.0,33.0,4.0,4.0,41.0,4.0,5.0,0.0004949567697704891,0.00034152057982511213,-6.98257601562655e-05,-0.0005070350734097673,-0.00010364583054389698,4.030577335889518e-05,"[3.0625, 9.453125, 0.020538330078125, 0.97509765625, 0.0219268798828125, 0.06610107421875, 3.556640625, 0.00811004638671875, 3.857421875, 1.9541015625, 1.4580078125, 2.279296875, 0.040130615234375, 0.0021343231201171875, 4.37890625, 2.638671875, 1.2421875, 0.1357421875, 0.374267578125, 8.15625, 0.486328125, 11.2421875, 7.63671875, 2.16015625, 0.88427734375, 0.000568389892578125, 0.005756378173828125, 7.609375, 4.19140625, 4.06640625, 5.80859375, 2.51953125, 4.69921875, 6.78515625, 2.98046875, 4.81640625, 4.92578125, 2.896484375, 0.094482421875, 0.99609375, 0.56494140625, 0.0020599365234375, 0.03839111328125, 0.00481414794921875, 0.87255859375, 5.44921875, 4.046875, 7.4296875, 2.826171875, 5.56640625, 6.62109375, 5.1328125, 0.06146240234375, 1.5283203125, 0.49853515625, 2.0, 0.003246307373046875, 0.81494140625, 0.0005373954772949219, 0.84814453125, 5.55859375, 6.54296875, 0.0222930908203125, 5.88671875, 1.3876953125, 0.9951171875, 6.4453125, 7.66015625, 0.13818359375, 6.46875, 3.1796875, 5.58203125, 4.29296875, 7.19921875, 2.482421875, 4.66796875, 0.1851806640625, 6.0625, 0.5029296875, 1.4248046875, 0.0057830810546875, 0.00017559528350830078, 0.006107330322265625, 0.0005855560302734375, 6.69140625, 9.1640625, 2.376953125, 3.099609375, 0.070068359375, 0.8583984375, 0.69140625, 1.587890625, 7.953125, 1.6806640625, 1.0185546875, 4.34765625, 4.23046875, 1.4482421875, 5.8359375, 3.5703125, 0.5517578125, 0.34619140625, 5.36328125, 5.234375, 12.7578125, 6.4140625, 1.556640625, 4.43359375, 0.22998046875, 3.232421875, 5.921875, 0.4560546875, 1.9580078125, 5.9296875, 4.58203125, 6.13671875, 2.359375, 0.006084442138671875, 1.134765625, 3.375, 4.94921875, 9.1640625, 1.8076171875, 5.8984375, 5.6953125, 5.1796875, 2.052734375, 2.2265625, 4.79296875, 3.6171875, 2.40234375, 0.12548828125, 4.08203125, 7.546875, 4.625, 3.82421875, 1.6630859375, 2.232421875, 1.2021484375, 4.1484375, 0.69921875, 2.591796875, 0.30859375, 1.296875, 5.1171875, 0.08831787109375, 0.007843017578125, 6.35546875, 2.21484375, 0.734375, 8.4140625, 6.91796875, 1.1357421875, 9.078125, 1.71484375, 4.72265625, 1.509765625, 3.978515625, 0.4140625, 0.040496826171875, 0.257080078125, 0.99267578125, 4.47265625, 6.19921875, 0.05169677734375, 0.193603515625, 7.81640625, 8.2109375, 0.45556640625, 2.537109375, 2.619140625, 0.10809326171875, 0.96044921875, 6.30078125, 6.94140625, 3.341796875, 7.89453125, 9.8671875, 6.87890625, 3.416015625, 5.96875, 0.00897216796875, 0.00824737548828125, 1.4072265625, 5.30078125, 3.771484375, 5.09765625, 6.2109375, 0.68798828125, 0.32275390625, 1.0517578125, 6.1484375, 0.73291015625, 8.1953125, 11.34375, 6.4296875, 1.2509765625, 5.9453125, 7.640625, 5.41015625, 6.12890625, 1.6552734375, 0.0093231201171875, 5.4609375, 0.70849609375, 3.06640625, 0.0037136077880859375, 7.1171875, 4.546875, 1.1865234375, 1.0673828125, 4.0703125, 0.78564453125, 4.2734375, 9.2109375, 1.29296875, 1.2578125, 7.71875, 4.60546875, 0.11907958984375, 0.0222015380859375, 7.30859375, 9.4375, 2.443359375, 4.4140625, 0.67822265625, 0.249755859375, 0.0262298583984375, 0.1630859375, 1.80859375, 4.47265625, 1.1611328125, 6.5859375, 2.015625, 1.90234375, 6.55078125, 4.5234375, 1.6591796875, 0.47607421875, 5.65234375, 1.7021484375, 1.2646484375, 0.4755859375, 5.94921875, 3.4375, 8.6796875, 4.9765625, 4.3828125, 6.69140625, 0.01181793212890625, 0.0855712890625, 0.233642578125, 7.796875, 0.60595703125, 7.0546875, 5.15234375, 0.363525390625, 1.0166015625, 6.76171875, 0.9775390625, 3.609375, 7.640625, 7.671875, 0.73291015625, 0.556640625, 0.5390625, 11.34375, 3.078125, 6.19140625, 6.4375, 0.908203125, 0.047882080078125, 3.34765625, 0.8564453125, 2.77734375, 7.984375, 2.630859375, 0.25537109375, 2.412109375, 1.119140625, 0.50732421875, 7.359375, 6.1640625, 1.0595703125, 0.42236328125, 2.916015625, 0.07440185546875, 0.0213165283203125, 5.01171875, 0.305908203125, 0.455322265625, 3.228515625, 8.84375, 4.90234375, 0.03472900390625, 2.234375, 6.34765625, 0.521484375, 3.5234375]",-1.0339137857972975
79,1,test,3.9941165520756257,1.8344290463640598,2.5184407850525474,6.458571445909522,2.9663107983759263,4.072372333276459,54.27786776655462,45.609439365747846,49.90387719352704,87.76846702676917,73.75143386801778,80.69563120655435,4.029884688219234,1.8112308686044503,2.523712126533923,6.516409283077909,2.928798851360387,4.080896204608045,56.25442407529525,47.059479598597214,51.744985949442096,90.9646006323923,76.09617977645506,83.67274323739572,3.9941165520756257,1.8344290463640598,2.5184407850525474,6.458571445909522,2.9663107983759263,4.072372333276459,54.27786776655462,45.609439365747846,49.90387719352704,87.76846702676917,73.75143386801778,80.69563120655435,0.7688442211055276,0.003844221105527623,-0.006155778894472386,0.6532663316582914,0.008266331658291382,0.013266331658291386,0.5477386934673367,-0.007261306532663214,-0.002261306532663321,0.46696035242290745,0.14168562714818222,0.22245083558542578,0.4690265486725663,0.4773869346733668,0.14405360134003342,0.22363067423931005,0.4797979797979798,0.46696035242290745,0.14168562714818222,0.22245083558542578,0.4690265486725663,25.0,0.0,1.0,41.0,2.0,6.0,49.0,4.0,5.0,-0.00013929499382810435,0.00010048835741680841,-9.125158302709603e-06,-0.0001146718513931333,-1.4097189319883796e-05,2.088398110533518e-05,"[3.0625, 9.453125, 2.48046875, 5.4921875, 0.79443359375, 0.078125, 1.3251953125, 3.69921875, 8.265625, 8.328125, 0.9931640625, 5.67578125, 0.9541015625, 2.01953125, 1.1474609375, 9.0390625, 0.05169677734375, 2.61328125, 7.81640625, 5.4609375, 5.53515625, 1.7353515625, 0.1728515625, 6.58984375, 0.640625, 2.3671875, 3.55859375, 2.900390625, 6.703125, 9.578125, 0.0100250244140625, 1.9833984375, 4.1640625, 5.625, 2.478515625, 9.6796875, 3.916015625, 3.9375, 7.18359375, 4.015625, 8.6171875, 4.203125, 1.232421875, 5.21484375, 2.634765625, 1.3583984375, 11.484375, 2.359375, 1.4443359375, 6.1875, 3.4140625, 8.109375, 1.4384765625, 6.33203125, 5.296875, 3.37109375, 0.654296875, 1.8388671875, 0.314697265625, 5.21484375, 5.8515625, 9.0546875, 5.48828125, 0.43505859375, 4.796875, 4.92578125, 4.40234375, 8.265625, 6.71484375, 1.927734375, 1.9228515625, 4.47265625, 0.79345703125, 4.953125, 2.591796875, 0.242431640625, 2.49609375, 3.400390625, 1.517578125, 6.99609375, 0.02838134765625, 6.23828125, 8.2890625, 2.61328125, 5.21484375, 0.450439453125, 5.06640625, 8.515625, 4.31640625, 2.458984375, 5.90234375, 0.001674652099609375, 4.46484375, 11.796875, 2.232421875, 0.2108154296875, 9.3203125, 1.9501953125, 0.0043487548828125, 0.11578369140625, 0.79296875, 10.9296875, 1.4423828125, 5.69140625, 5.26171875, 6.60546875, 2.986328125, 3.40234375, 8.8671875, 2.830078125, 2.1953125, 0.8740234375, 1.947265625, 3.306640625, 10.625, 9.265625, 0.2005615234375, 4.27734375, 8.8359375, 0.9013671875, 9.1796875, 4.2265625, 4.75, 0.0128631591796875, 8.421875, 6.99609375, 1.060546875, 4.80078125, 1.771484375, 5.94921875, 1.78515625, 1.3310546875, 0.2210693359375, 6.10546875, 0.11737060546875, 0.0029468536376953125, 0.01611328125, 0.7255859375, 4.81640625, 0.03594970703125, 1.4814453125, 3.1484375, 2.361328125, 10.78125, 0.38134765625, 8.1328125, 8.296875, 0.39404296875, 8.140625, 6.91015625, 0.364013671875, 0.810546875, 8.0078125, 3.126953125, 0.8984375, 7.83203125, 5.09375, 0.75, 0.1634521484375, 0.296630859375, 3.859375, 7.24609375, 0.94775390625, 9.0, 0.0147247314453125, 0.83837890625, 6.05078125, 4.91796875, 4.26171875, 0.64306640625, 7.6875, 0.20947265625, 8.875, 0.54248046875, 9.1875, 1.203125, 5.06640625, 5.31640625, 6.4140625, 2.25390625, 3.263671875, 5.16015625, 0.60546875, 1.4912109375, 6.875, 0.0283355712890625, 2.1796875, 6.87109375, 6.23046875, 0.140380859375, 1.8017578125, 2.45703125, 11.9765625, 4.1640625, 9.328125, 1.1279296875, 5.3046875, 7.62890625, 8.3125, 7.9375, 0.6630859375, 3.876953125, 7.515625, 0.5146484375, 7.0546875, 3.19140625, 0.47998046875, 0.751953125, 6.4296875, 5.84765625, 1.681640625, 6.6796875, 0.83251953125, 0.28271484375, 5.390625, 0.12646484375, 0.387939453125, 7.82421875, 0.1661376953125, 0.465087890625, 9.8828125, 2.39453125, 1.0419921875, 3.791015625, 4.77734375, 6.9921875, 6.578125]",-0.4740803168208587
440,1,test,2.8019027044456504,1.1403908089858648,1.5371217184512276,5.4563368454994245,2.2207610490777365,2.9933422938260748,16.475965859651414,11.208697473047064,12.933649025504899,32.08477562142644,21.827463500144283,25.186579681246382,2.9920912166336673,1.2159889032119446,1.7531745691795313,5.826703948181352,2.3679783904653657,3.4140767926127715,19.92731127379296,14.020522592367225,16.475439429561845,38.805816691070504,27.303122943030914,32.083750468094124,2.9905109158327745,1.287126418901931,1.7823805705041433,5.82362652030593,2.5065093420721816,3.4709516372975426,19.895844997466714,14.403339660653344,16.548624345579935,38.74454025822465,28.04860881285125,32.226268462445134,0.6180904522613065,-0.01190954773869346,0.008090452261306558,0.5025125628140703,0.002512562814070307,0.012512562814070316,0.3869346733668342,-0.018065326633165846,-0.008065326633165837,0.39566395663956644,0.08984528275593995,0.1375994405105342,0.3369565217391305,0.3869346733668342,0.09119532499590688,0.14653400558720142,0.30808080808080807,0.3812709030100334,0.0757617210400835,0.13655455150836493,0.33221476510067116,22.0,3.0,2.0,28.0,2.0,1.0,36.0,0.0,0.0,-0.0011279697593371558,-0.00023616515025438162,-0.0003617735594230385,0.014105336219107478,0.01272327906250581,0.013249752598752274,"[3.056640625, 9.4453125, 2.4296875, 1.0791015625, 0.80224609375, 11.9921875, 1.154296875, 8.7265625, 6.98828125, 0.650390625, 2.080078125, 10.15625, 4.16015625, 2.611328125, 2.9140625, 6.41796875, 3.5078125, 0.99951171875, 8.3046875, 0.465087890625, 1.251953125, 6.84375, 9.9296875, 2.275390625, 2.841796875, 8.2109375, 4.91796875, 7.6796875, 8.4921875, 2.865234375, 2.876953125, 7.03515625, 1.7490234375, 5.00390625, 1.9267578125, 0.2479248046875, 2.4453125, 3.3203125, 2.25390625, 6.4765625, 6.36328125, 1.7861328125, 1.3388671875, 6.76171875, 3.3671875, 3.3984375, 3.77734375, 5.30078125, 0.0626220703125, 0.8515625, 2.775390625, 1.517578125, 2.38671875, 0.1612548828125, 3.142578125, 0.62451171875, 1.6640625, 7.234375, 10.015625, 0.1383056640625, 3.75, 3.783203125, 2.05859375, 5.29296875, 0.2130126953125, 0.7607421875, 5.46484375, 9.4296875, 1.046875, 3.40234375, 0.042266845703125, 6.88671875, 3.30078125, 0.1004638671875, 1.0283203125, 4.0859375, 1.216796875, 1.5166015625, 2.95703125, 0.1715087890625, 0.495361328125, 4.71484375, 8.1796875, 7.09765625, 0.003612518310546875, 0.337158203125, 0.009063720703125, 1.6962890625, 3.14453125, 0.0051422119140625, 0.431640625, 0.26123046875, 11.625, 4.8671875, 5.67578125, 12.5390625, 10.203125, 4.921875, 0.5146484375, 3.775390625, 1.6142578125, 9.171875, 4.0859375, 3.4140625, 0.1900634765625, 4.1328125, 3.4453125, 0.038299560546875, 0.08624267578125, 0.08636474609375, 0.01419830322265625, 0.0204010009765625, 2.39453125, 3.189453125, 0.92041015625, 0.00965118408203125, 0.005397796630859375, 0.0001024007797241211, 0.0034847259521484375, 0.0207061767578125, 7.84765625, 5.14453125, 2.013671875, 5.73828125, 0.413818359375, 0.38818359375, 0.000179290771484375, 0.6533203125, 4.44140625, 0.0011587142944335938, 0.04736328125, 4.08203125, 0.36083984375, 0.6015625, 0.004528045654296875, 0.10760498046875, 0.001613616943359375, 0.007320404052734375, 0.0106964111328125, 0.0005893707275390625, 2.240234375, 6.60546875, 0.0016574859619140625, 0.0025539398193359375, 0.004596710205078125, 0.00020062923431396484, 0.54638671875, 0.1953125, 0.005245208740234375, 0.0002753734588623047, 0.0004374980926513672, 8.09375, 1.4931640625, 8.7578125, 2.150390625, 14.890625, 1.2587890625, 11.3125, 0.426025390625, 4.66015625, 5.5546875, 2.3046875, 3.23046875, 1.03125, 4.80078125, 1.150390625, 0.7109375, 0.30029296875, 0.344970703125, 0.10052490234375, 1.4931640625, 0.035430908203125, 0.30078125, 0.32421875, 3.470703125, 1.802734375, 4.04296875, 0.07891845703125, 10.0859375, 0.08941650390625, 0.051177978515625, 0.0076141357421875, 0.0194854736328125, 3.55859375, 0.19873046875, 4.62109375, 0.176025390625, 1.80859375, 6.19921875, 1.78515625, 11.171875, 0.059783935546875, 3.263671875, 6.97265625, 1.35546875, 2.251953125, 9.8671875, 0.018035888671875, 2.4921875, 2.68359375, 1.482421875, 2.5546875, 5.56640625, 7.390625, 3.943359375, 4.52734375, 3.05078125, 6.31640625, 0.0007815361022949219, 3.46875, 0.83642578125, 0.01629638671875, 0.059295654296875, 0.0026874542236328125, 7.40625, 6.21484375, 2.50390625, 2.404296875, 0.0016698837280273438, 4.875, 0.1414794921875, 0.00015783309936523438, 3.2421875, 0.1397705078125, 0.00820159912109375, 0.0266571044921875, 0.003078460693359375, 6.41796875, 2.056640625, 5.14453125, 0.357177734375, 2.181640625, 7.68359375, 6.921875, 2.263671875, 4.75390625, 1.9951171875, 4.46484375, 5.8828125, 0.478515625, 8.2109375, 0.037353515625, 1.603515625, 2.583984375, 3.0078125, 4.7890625, 0.51171875, 1.9033203125, 2.12890625, 7.12890625, 1.4384765625, 0.259765625, 2.1015625, 1.6025390625, 6.9140625, 2.736328125, 0.052764892578125, 0.1651611328125, 0.68701171875, 5.0859375, 0.097412109375, 2.228515625, 6.15625, 3.4140625, 5.9609375, 2.375, 0.0008263587951660156, 0.71630859375, 1.681640625, 3.41015625, 0.13134765625, 5.9296875, 1.8505859375, 9.796875, 5.47265625, 0.966796875, 7.80078125, 10.2578125, 6.76953125, 1.5341796875, 1.3125, 8.3359375, 7.91796875, 0.84423828125, 0.2249755859375, 5.2734375, 3.673828125, 0.890625, 2.060546875, 2.076171875, 0.91064453125, 4.5859375, 0.006378173828125, 0.58642578125, 0.08453369140625, 3.404296875, 0.118896484375, 1.634765625, 0.033294677734375, 1.0791015625, 1.5830078125, 5.69140625, 1.0703125, 0.03118896484375, 0.0269775390625, 0.80517578125, 5.76171875, 0.00028896331787109375, 0.86865234375, 0.0215606689453125, 0.0008425712585449219, 0.1439208984375, 0.00042438507080078125, 4.3515625, 1.263671875, 5.1953125, 4.453125, 0.393798828125, 1.119140625, 1.400390625, 0.08306884765625, 0.1727294921875, 4.2890625, 0.297607421875, 1.1611328125, 4.55859375, 2.615234375, 0.32861328125, 0.541015625, 0.1951904296875, 0.08251953125, 0.0029659271240234375, 3.244140625, 3.947265625, 2.9296875, 4.78515625, 3.47265625, 4.07421875, 6.00390625, 0.6533203125, 0.433837890625, 2.7421875, 1.0498046875, 2.953125, 4.45703125, 0.82568359375, 2.654296875, 1.4658203125, 0.7666015625, 0.0276336669921875, 5.1640625, 6.10546875, 0.413330078125, 3.55859375, 0.11370849609375, 1.697265625, 0.73974609375, 0.0633544921875, 0.0916748046875, 0.009185791015625, 1.3818359375, 0.387451171875, 9.03125, 0.1126708984375, 0.11767578125, 0.68212890625, 9.078125, 0.060455322265625, 5.32421875]",-1.0878308484870889
240,1,test,3.0624623502555646,1.3512327430080728,1.747334692017522,5.89291997700692,2.600099369121595,3.362295543730686,21.380137787246262,15.844373677092232,17.654911276495394,41.140568166367814,30.488416015010817,33.972329274468414,3.0503236103297477,1.320645793649547,1.8478040810778467,5.869562098664818,2.5412426635377647,3.5556230044982806,21.122178671869126,15.483341795318463,17.793686070473072,40.64419229283908,29.79370315159765,34.23936562045576,3.141407899234606,1.4267993334407965,1.965348756733615,6.0448303515575,2.745507808287593,3.781807456138926,23.13641768395318,17.58191681881658,19.894843268411137,44.52007645245536,33.831870242268266,38.28250144073052,0.6381909547738693,-0.006809045226130683,-0.021809045226130586,0.507537688442211,-0.0024623115577889765,-0.007462311557788981,0.42211055276381915,0.01711055276381912,0.002110552763819107,0.41052631578947374,0.11486271526384961,0.15343931676699085,0.3799472295514512,0.4170854271356784,0.12635861009307192,0.18670145384686376,0.35858585858585856,0.4247491638795987,0.1342650236458759,0.19338097700529389,0.3959731543624161,21.0,2.0,2.0,34.0,9.0,9.0,43.0,8.0,7.0,-0.0008288712328195091,-6.145658854213188e-05,-0.00018834728772897292,0.002150592497924819,0.0037064384771072767,0.0027230620653933,"[2.953125, 3.759765625, 5.0546875, 1.8427734375, 1.638671875, 8.40625, 0.79541015625, 1.947265625, 6.21875, 5.23046875, 4.78515625, 0.984375, 0.002101898193359375, 5.08203125, 10.359375, 0.83740234375, 5.453125, 1.1943359375, 8.5546875, 4.66015625, 1.05859375, 0.11474609375, 2.568359375, 12.4921875, 3.962890625, 5.6796875, 0.43896484375, 7.58203125, 0.78564453125, 3.171875, 4.05078125, 8.546875, 3.1953125, 1.6826171875, 0.007663726806640625, 0.8544921875, 6.51953125, 3.2890625, 7.3203125, 3.533203125, 7.71484375, 9.3046875, 2.455078125, 5.0390625, 4.3515625, 1.7666015625, 0.099365234375, 0.86669921875, 9.0, 6.44140625, 0.81787109375, 0.150146484375, 0.00536346435546875, 0.1422119140625, 7.83203125, 3.634765625, 10.5703125, 3.466796875, 0.358642578125, 0.123046875, 2.103515625, 7.6328125, 8.9375, 5.31640625, 1.1513671875, 1.0244140625, 0.2724609375, 0.004150390625, 0.234619140625, 4.859375, 0.291015625, 0.046051025390625, 0.0010957717895507812, 5.20703125, 0.1478271484375, 0.001239776611328125, 1.0595703125, 5.8828125, 0.2236328125, 0.017303466796875, 0.0034694671630859375, 0.00012886524200439453, 2.87890625, 7.734375, 7.390625, 0.033477783203125, 3.255859375, 0.7705078125, 0.26708984375, 1.4853515625, 0.362548828125, 4.91796875, 2.640625, 0.58984375, 3.310546875, 2.556640625, 5.640625, 0.86083984375, 3.16015625, 0.84423828125, 7.5390625, 8.6484375, 0.436767578125, 3.439453125, 2.400390625, 6.35546875, 5.84765625, 6.9453125, 4.234375, 3.185546875, 0.2291259765625, 0.368896484375, 4.15234375, 9.0546875, 6.46875, 10.6875, 10.9140625, 5.203125, 1.505859375, 4.5703125, 0.33349609375, 0.60498046875, 4.94921875, 3.85546875, 0.55810546875, 1.4990234375, 0.002544403076171875, 2.82421875, 1.009765625, 2.78125, 0.79443359375, 0.197509765625, 0.304443359375, 1.3095703125, 1.16796875, 4.46875, 8.71875, 0.09881591796875, 0.126220703125, 2.107421875, 3.779296875, 3.09765625, 2.650390625, 1.828125, 2.994140625, 5.21484375, 3.435546875, 0.787109375, 3.693359375, 0.62841796875, 0.11602783203125, 0.331298828125, 8.0546875, 0.2010498046875, 9.3203125, 9.140625, 3.66015625, 0.1806640625, 1.4091796875, 0.07073974609375, 0.045074462890625, 1.068359375, 3.142578125, 2.34375, 0.003269195556640625, 0.0018157958984375, 0.71533203125, 8.515625, 2.14453125, 1.25, 2.2421875, 4.546875, 1.5615234375, 1.306640625, 1.1142578125, 0.453125, 1.6884765625, 4.01953125, 2.95703125, 1.5361328125, 0.430908203125, 0.75, 3.060546875, 7.65234375, 0.15673828125, 0.91943359375, 8.0, 2.513671875, 2.654296875, 0.8994140625, 1.11328125, 1.2265625, 0.388916015625, 0.0662841796875, 2.931640625, 2.8515625, 1.0224609375, 1.5615234375, 0.65576171875, 0.2490234375, 0.266357421875, 0.8134765625, 0.249267578125, 0.486572265625, 3.5234375, 7.04296875, 0.86376953125, 0.0035953521728515625, 1.220703125, 2.24609375, 4.875, 1.251953125, 5.46875, 5.31640625, 3.341796875, 5.515625, 7.3359375, 1.6015625, 4.6484375, 8.2421875, 12.0546875, 5.10546875, 2.634765625, 0.31396484375, 0.033447265625, 3.1171875, 2.62890625, 2.466796875, 10.5546875, 2.470703125, 4.0078125, 7.66015625, 4.64453125, 1.4013671875, 0.142333984375, 0.0287628173828125, 2.328125, 2.115234375, 9.484375, 4.453125, 1.14453125, 4.38671875, 0.267822265625, 0.342529296875, 4.49609375, 6.734375, 0.1802978515625, 0.0033092498779296875, 6.09375, 1.0400390625, 4.02734375, 0.95654296875, 0.7021484375, 9.5625, 3.625, 3.779296875, 1.41015625, 6.9296875, 1.44921875, 1.609375, 4.6796875, 4.8046875, 7.68359375, 6.44140625, 4.33984375, 3.5546875, 0.9189453125, 3.724609375, 2.4765625, 1.1708984375, 2.46484375, 1.8857421875, 1.7294921875, 0.99853515625, 0.48974609375, 0.90087890625, 4.27734375, 4.8828125, 0.0225372314453125, 0.00150299072265625, 0.09033203125, 6.52734375, 6.04296875, 14.140625, 3.337890625, 0.52783203125, 3.384765625, 5.7109375, 5.265625, 1.0107421875, 0.269287109375, 0.73828125, 13.2109375, 4.359375, 0.6513671875, 0.2476806640625, 6.51953125, 1.3427734375, 3.234375, 4.578125, 1.4833984375, 0.10296630859375, 3.25390625, 7.015625, 5.06640625, 7.64453125, 2.736328125, 1.4482421875, 5.6953125, 0.07171630859375, 3.779296875, 1.2978515625, 2.447265625, 2.462890625, 3.580078125, 0.732421875, 0.02874755859375, 0.01953125, 2.41796875, 4.57421875, 8.1640625, 2.990234375, 0.033782958984375, 4.296875, 2.91015625, 1.1494140625, 1.1650390625, 1.759765625, 1.6533203125, 1.9599609375, 0.323486328125, 2.876953125, 0.748046875, 6.40234375, 8.5703125, 1.5654296875, 13.5546875, 2.220703125, 1.60546875, 4.015625, 0.53564453125, 5.2109375, 0.261962890625, 3.666015625, 0.64453125, 0.205810546875, 0.1468505859375, 0.0118560791015625, 0.029571533203125, 0.29296875, 0.96240234375, 1.7177734375, 6.17578125, 1.3173828125, 3.669921875, 1.404296875, 2.552734375, 3.107421875, 7.62890625, 5.04296875, 2.005859375, 11.9921875, 2.306640625, 6.171875, 8.703125, 3.228515625, 0.83251953125, 2.90625, 0.6298828125, 0.171630859375, 0.020660400390625, 0.02349853515625, 0.02349853515625, 0.141357421875, 6.47265625, 0.7734375, 0.03155517578125, 0.061431884765625, 4.77734375, 0.5849609375]",-0.929207781427785
160,1,test,3.406746003920572,1.5468109776765904,2.1216791035782516,5.324204137274774,2.417420435057404,3.315848216521202,30.16692133120609,23.743601920523776,26.552011543375745,47.14611749030023,37.10748715447978,41.49658634647794,3.6100222093975125,1.6049253651330733,2.215836693602106,5.641892633266058,2.5082440132680817,3.46300160858034,36.96687381770089,29.540060711516887,32.93518433011749,57.77336563859265,46.166433680294155,51.47247387111257,3.406746003920572,1.5468109776765904,2.1216791035782516,5.324204137274774,2.417420435057404,3.315848216521202,30.16692133120609,23.743601920523776,26.552011543375745,47.14611749030023,37.10748715447978,41.49658634647794,0.7638190954773869,0.0038190954773869024,0.0038190954773869024,0.6281407035175879,0.008140703517587888,0.013140703517587893,0.4723618090452262,0.002361809045226204,-0.0026381909547738003,0.4245614035087719,0.10407103573294008,0.16435136850293763,0.397887323943662,0.4321608040201005,0.09632120502260677,0.15837115460440765,0.4040404040404041,0.4245614035087719,0.10407103573294008,0.16435136850293763,0.397887323943662,27.0,4.0,4.0,40.0,8.0,8.0,47.0,8.0,6.0,-0.0002665623964625765,-0.0007409760385411839,2.445708552681245e-05,0.009622525993415287,0.008569703096192427,0.008983791823009568,"[3.0625, 9.453125, 2.48046875, 1.494140625, 9.8203125, 3.9375, 6.1640625, 8.0703125, 2.06640625, 1.1298828125, 8.2734375, 0.03814697265625, 6.66015625, 6.65234375, 2.541015625, 2.111328125, 2.7578125, 8.28125, 2.548828125, 6.78515625, 0.2088623046875, 3.5, 9.828125, 2.76953125, 1.568359375, 2.31640625, 0.058807373046875, 1.9384765625, 9.1015625, 5.0234375, 0.806640625, 8.3125, 8.4296875, 2.154296875, 5.33984375, 2.9140625, 4.00390625, 4.4375, 1.7587890625, 0.5947265625, 1.35546875, 0.1385498046875, 0.1072998046875, 6.58203125, 1.15234375, 5.70703125, 0.66552734375, 3.837890625, 10.5625, 2.1171875, 3.80078125, 1.7919921875, 2.517578125, 7.3359375, 0.66162109375, 10.703125, 4.08984375, 5.15625, 1.712890625, 4.859375, 4.60546875, 8.8203125, 5.765625, 0.0208740234375, 0.463623046875, 1.1630859375, 1.494140625, 1.4580078125, 2.7109375, 0.3798828125, 3.15234375, 9.4453125, 4.36328125, 8.71875, 2.84375, 0.75341796875, 1.0947265625, 4.55078125, 0.11431884765625, 0.0097808837890625, 0.002471923828125, 0.0061492919921875, 0.00754547119140625, 0.005336761474609375, 4.9921875, 6.25390625, 7.8515625, 7.69921875, 1.958984375, 4.74609375, 2.466796875, 5.71484375, 1.7041015625, 2.4296875, 0.00713348388671875, 1.4970703125, 5.08203125, 2.447265625, 4.921875, 2.060546875, 1.62109375, 8.3046875, 2.34765625, 1.365234375, 2.7890625, 6.88671875, 5.8828125, 2.888671875, 3.671875, 0.2176513671875, 0.67919921875, 5.65625, 1.1611328125, 8.203125, 5.00390625, 5.96875, 3.3046875, 6.77734375, 0.0004968643188476562, 4.59765625, 8.6640625, 0.281005859375, 1.1318359375, 7.0234375, 0.57568359375, 6.8125, 0.74560546875, 2.759765625, 6.28125, 0.33154296875, 9.7265625, 1.19140625, 1.515625, 1.591796875, 1.6953125, 6.4296875, 2.048828125, 3.818359375, 0.86328125, 11.375, 2.419921875, 8.046875, 7.4609375, 3.17578125, 4.12109375, 5.1875, 3.876953125, 1.4443359375, 1.865234375, 3.337890625, 9.5078125, 2.1640625, 2.87109375, 3.41796875, 2.06640625, 2.53515625, 11.1875, 7.55859375, 0.003993988037109375, 0.052978515625, 0.0008416175842285156, 0.003383636474609375, 0.0022068023681640625, 8.90625, 8.078125, 0.66650390625, 6.421875, 0.402587890625, 0.430908203125, 0.138671875, 1.5361328125, 6.84765625, 3.482421875, 6.671875, 3.263671875, 0.08441162109375, 5.37109375, 1.296875, 0.0205841064453125, 0.27099609375, 9.0234375, 4.69140625, 5.48046875, 2.478515625, 0.265380859375, 6.3671875, 2.55859375, 3.87890625, 6.8125, 0.7470703125, 0.0098876953125, 0.00629425048828125, 0.264404296875, 4.66796875, 3.712890625, 1.6357421875, 6.48046875, 6.9375, 0.57666015625, 0.2529296875, 2.27734375, 0.002338409423828125, 0.00896453857421875, 0.004184722900390625, 0.0113067626953125, 4.046875, 0.95458984375, 0.47509765625, 0.0017862319946289062, 0.022064208984375, 0.0007762908935546875, 0.205810546875, 0.00041484832763671875, 0.9541015625, 6.390625, 0.1796875, 3.60546875, 0.1258544921875, 3.390625, 0.0170135498046875, 1.12890625, 4.95703125, 0.10467529296875, 0.07977294921875, 0.44921875, 0.0252227783203125, 0.299560546875, 0.1539306640625, 2.12109375, 0.005222320556640625, 0.0012102127075195312, 0.022857666015625, 0.0012960433959960938, 0.71923828125, 0.16357421875, 0.00045108795166015625, 0.00021898746490478516, 0.00029921531677246094, 6.609375, 0.497802734375, 10.8515625, 7.03125, 1.484375, 12.8984375, 2.2890625, 8.390625, 0.046295166015625, 4.1484375, 1.6533203125, 5.62109375, 8.4765625, 8.453125, 3.57421875, 0.4794921875, 4.0078125, 5.875, 5.53515625, 7.15234375, 2.208984375, 14.609375, 7.81640625, 5.23046875, 1.44140625, 1.3798828125, 0.85888671875, 3.830078125, 5.98828125, 1.72265625, 6.19140625, 4.75, 0.802734375, 9.2265625, 0.2001953125, 2.115234375, 3.5, 6.59375, 4.2421875, 4.4921875, 1.99609375, 4.53515625, 4.19140625, 1.62109375, 5.9765625, 2.400390625, 1.7470703125]",-1.6832655927591156
181,1,test,2.9359716367255593,1.2347751232006896,1.7256015908962492,5.350764876399245,2.2503593961290678,3.1448833727576617,18.83979968622204,13.359298722469298,15.485073861032468,34.33525623287804,24.347124298938127,28.22131804259172,3.123067035147892,1.313956410399528,1.8430020264335696,5.691743472340537,2.394666120728134,3.3588439298315946,22.71594350839279,16.610928140954776,19.119069962298965,41.39947100937858,30.273170813101014,34.84422217981113,2.9369304208053792,1.2395820165960958,1.7278982664834435,5.3525122462015196,2.259119888234305,3.149069030040832,18.85787164839859,13.39841972597811,15.507631081336696,34.36819211660808,24.418421749119865,28.26242824290948,0.6030150753768844,-0.011984924623115623,-0.0019849246231156137,0.4773869346733668,-0.0026130653266331905,-0.017613065326633204,0.4170854271356784,-0.0029145728643216184,0.002085427135678386,0.40065146579804556,0.10796853896877723,0.157964575223831,0.35620915032679734,0.39698492462311563,0.12129570156547154,0.16993984949790697,0.35858585858585856,0.40802675585284276,0.11754261561911994,0.16887213961257574,0.3657718120805369,22.0,0.0,0.0,32.0,0.0,-1.0,43.0,3.0,1.0,-0.00068495525817777,-0.00012017221912883934,-0.00010737876480416848,0.026174643633221528,0.023970477615945285,0.027756776401399286,"[3.056640625, 9.4453125, 1.869140625, 1.6689453125, 0.791015625, 3.9765625, 0.59814453125, 14.40625, 0.492431640625, 0.06982421875, 11.78125, 3.1015625, 2.23046875, 8.25, 3.853515625, 11.640625, 3.05859375, 4.16015625, 2.0546875, 6.43359375, 3.83203125, 3.552734375, 3.8046875, 2.9453125, 1.9091796875, 0.10980224609375, 0.767578125, 7.51171875, 2.521484375, 0.76220703125, 2.95703125, 0.495361328125, 0.4833984375, 3.42578125, 4.828125, 0.5361328125, 0.5673828125, 1.3154296875, 4.19140625, 0.1822509765625, 0.15234375, 0.249755859375, 0.395263671875, 6.21484375, 2.015625, 0.458740234375, 1.35546875, 6.80859375, 1.765625, 14.3203125, 1.3955078125, 0.273681640625, 2.822265625, 1.1396484375, 4.49609375, 2.25, 0.57080078125, 0.0966796875, 0.61572265625, 0.38623046875, 0.024139404296875, 0.020111083984375, 0.03564453125, 0.1282958984375, 4.9140625, 4.8046875, 8.5859375, 6.46484375, 0.65576171875, 11.921875, 0.4130859375, 4.37890625, 4.25390625, 3.58984375, 8.4765625, 4.16796875, 0.8369140625, 10.296875, 8.7890625, 4.51171875, 2.072265625, 4.484375, 0.1614990234375, 0.168701171875, 0.265625, 1.3798828125, 1.5146484375, 2.01171875, 8.6015625, 5.33203125, 3.681640625, 7.7734375, 0.35693359375, 1.1474609375, 3.9609375, 4.7265625, 6.3671875, 5.96484375, 10.1171875, 0.86328125, 0.93994140625, 4.6171875, 4.87890625, 7.65234375, 7.75390625, 0.34033203125, 1.0654296875, 10.828125, 1.30078125, 5.35546875, 2.45703125, 5.62109375, 2.16796875, 6.01953125, 3.69140625, 1.1328125, 10.0546875, 0.07025146484375, 5.28125, 6.15234375, 0.0236358642578125, 1.1728515625, 6.25, 0.0010099411010742188, 0.005046844482421875, 0.78466796875, 0.2259521484375, 1.205078125, 6.85546875, 4.9140625, 0.04925537109375, 1.6923828125, 0.2174072265625, 2.95703125, 0.0011463165283203125, 0.71435546875, 0.024658203125, 0.344970703125, 0.00733184814453125, 0.44189453125, 8.5546875, 0.7314453125, 1.845703125, 0.292724609375, 4.5546875, 0.01100921630859375, 1.5771484375, 0.44775390625, 8.75, 3.982421875, 0.74072265625, 10.8515625, 1.12890625, 0.65576171875, 7.265625, 0.06646728515625, 13.46875, 7.76953125, 6.19921875, 0.50341796875, 0.00655364990234375, 0.059417724609375, 0.04962158203125, 3.0546875, 0.00322723388671875, 0.241455078125, 0.08892822265625, 5.3984375, 0.79736328125, 0.8212890625, 4.07421875, 4.1796875, 3.046875, 4.3671875, 8.2265625, 0.84375, 0.002017974853515625, 0.140869140625, 0.0007119178771972656, 0.003406524658203125, 0.00026988983154296875, 7.52734375, 4.15234375, 7.77734375, 1.1220703125, 0.09991455078125, 0.37109375, 7.46484375, 2.46875, 9.7265625, 1.9658203125, 0.06878662109375, 0.83154296875, 0.0005059242248535156, 2.93359375, 2.064453125, 0.0002627372741699219, 0.0017499923706054688, 0.1217041015625, 0.2193603515625, 0.10870361328125, 0.1796875, 0.17333984375, 0.6005859375, 0.04119873046875, 0.001739501953125, 0.0012788772583007812, 0.916015625, 1.3935546875, 0.66943359375, 4.1875, 0.43603515625, 0.031158447265625, 0.00019311904907226562, 0.033294677734375, 0.0009469985961914062, 0.0003750324249267578, 3.798828125, 0.45751953125, 11.7109375, 4.80078125, 0.5048828125, 1.978515625, 0.84130859375, 2.09375, 3.9296875, 2.91796875, 6.6328125, 1.7890625, 2.75, 0.8701171875, 5.5234375, 3.11328125, 6.83984375, 0.1480712890625, 1.4970703125, 3.474609375, 4.15234375, 4.18359375, 1.5302734375, 2.49609375, 1.02734375, 0.56005859375, 2.24609375, 2.962890625, 1.986328125, 2.419921875, 5.45703125, 4.05859375, 0.84130859375, 3.833984375, 0.51220703125, 0.9208984375, 5.37109375, 2.333984375, 1.5166015625, 3.0859375, 1.2822265625, 9.4296875, 0.1051025390625, 0.11163330078125, 0.31689453125, 5.95703125, 4.4453125, 6.16796875, 0.161376953125, 1.681640625, 1.189453125, 10.28125, 6.2421875, 2.08984375, 2.11328125, 4.19921875, 7.60546875, 1.90234375, 7.63671875, 0.0155487060546875, 0.00469207763671875, 1.9072265625, 1.583984375, 5.73046875, 2.1171875, 1.615234375, 1.265625, 0.0011510848999023438, 7.4921875, 3.919921875, 7.11328125, 4.640625, 5.95703125, 1.03515625, 6.15234375, 3.685546875, 0.138427734375, 0.1466064453125, 0.0860595703125, 5.0703125, 1.236328125, 0.837890625, 2.107421875, 3.919921875, 0.83154296875, 0.8779296875, 0.0443115234375, 1.5234375, 4.4140625, 2.375]",-1.4854875612724876
101,1,test,2.8974323433695117,1.1568215515477793,1.6251283194636403,5.349105864682175,2.1356705567035923,3.0002368974713356,18.127540263141935,12.426715886740958,14.558473952655012,33.46622817810819,22.941629329367924,26.87718268182464,2.7628351581755597,1.0963993371610214,1.5462093357691793,5.10061875355488,2.0241218532203473,2.854540312189254,15.844701562753283,10.551433581231564,12.46892354206422,29.25175673123683,19.479569688427503,23.0195511545801,2.8525890410943173,1.1382137843983073,1.5941962074652225,5.266318229712586,2.1013177558122598,2.9431314599357954,17.332598609376145,11.779393508662423,13.812838510253519,31.998643586540577,21.746572631376782,25.500624942006496,0.6331658291457287,0.0031658291457287158,-0.006834170854271293,0.5175879396984925,-0.012412060301507544,-0.017412060301507437,0.3668341708542714,-0.00816582914572861,-0.0031658291457286047,0.40836012861736337,0.08091229555155277,0.11852055642485004,0.3870967741935484,0.39698492462311563,0.08370171660306547,0.1332119696982409,0.33838383838383834,0.4147157190635451,0.0824953517847471,0.1355166089411869,0.3791946308724832,20.0,7.0,5.0,33.0,8.0,8.0,41.0,7.0,8.0,-0.00028214702969817025,-0.0003782061709218306,9.86621205293958e-05,-0.00045964795473452114,-5.716352994689089e-05,8.236045698506445e-05,"[3.056640625, 9.4453125, 2.4296875, 1.0791015625, 6.80078125, 3.751953125, 5.0390625, 0.43505859375, 8.2578125, 0.00772857666015625, 4.49609375, 1.24609375, 8.2421875, 5.63671875, 8.8828125, 4.62890625, 3.556640625, 4.3125, 5.8359375, 2.48046875, 2.642578125, 4.4375, 6.00390625, 2.841796875, 2.443359375, 7.0, 2.130859375, 0.37255859375, 2.072265625, 0.291259765625, 1.599609375, 0.23681640625, 0.0089263916015625, 5.71875, 1.0908203125, 6.34375, 0.01137542724609375, 0.55419921875, 5.42578125, 0.0112762451171875, 7.390625, 3.73046875, 1.4853515625, 0.5390625, 3.18359375, 0.2098388671875, 0.00893402099609375, 0.1507568359375, 0.5244140625, 0.80419921875, 2.95703125, 4.9375, 7.1953125, 4.703125, 2.47265625, 4.54296875, 2.681640625, 2.828125, 1.7880859375, 5.51171875, 1.8818359375, 9.1875, 0.1307373046875, 3.787109375, 3.44921875, 0.09716796875, 1.2724609375, 2.123046875, 6.51171875, 2.6484375, 0.3876953125, 4.8046875, 5.9765625, 0.02935791015625, 2.5546875, 2.5, 4.65234375, 2.4921875, 8.09375, 2.087890625, 2.892578125, 1.515625, 8.890625, 0.0032367706298828125, 1.654296875, 0.1123046875, 0.09063720703125, 0.9375, 6.33984375, 4.24609375, 2.37890625, 1.876953125, 0.60888671875, 0.11309814453125, 0.2135009765625, 0.1971435546875, 2.576171875, 3.638671875, 4.0625, 1.630859375, 13.0859375, 0.0784912109375, 3.74609375, 6.21875, 5.80859375, 0.402587890625, 1.388671875, 1.3291015625, 10.1015625, 2.28125, 1.3837890625, 2.595703125, 4.9609375, 0.1561279296875, 6.01171875, 0.75439453125, 2.935546875, 10.1796875, 3.322265625, 0.266357421875, 0.38037109375, 0.0011310577392578125, 0.005970001220703125, 0.017364501953125, 0.5908203125, 5.03125, 2.130859375, 5.62109375, 6.8828125, 2.591796875, 0.00865936279296875, 0.08984375, 0.10333251953125, 8.921875, 1.38671875, 0.77783203125, 2.84375, 2.453125, 3.873046875, 0.08245849609375, 0.0010471343994140625, 0.1741943359375, 0.05010986328125, 7.09375, 0.431884765625, 0.06976318359375, 6.09375, 3.259765625, 0.039215087890625, 0.0008358955383300781, 1.3701171875, 0.0003349781036376953, 1.0234375, 4.3515625, 0.669921875, 4.5546875, 0.04412841796875, 0.861328125, 0.2607421875, 0.3525390625, 5.0234375, 2.59765625, 0.771484375, 0.00717926025390625, 1.4423828125, 0.9384765625, 0.0038394927978515625, 0.0011301040649414062, 0.00194549560546875, 9.441375732421875e-05, 4.625, 4.53125, 4.69921875, 0.01385498046875, 0.07513427734375, 0.51708984375, 0.2008056640625, 3.86328125, 1.34375, 0.4033203125, 4.0546875, 1.0654296875, 4.55078125, 0.72119140625, 0.060272216796875, 4.00390625, 1.419921875, 2.66015625, 4.6875, 0.320556640625, 4.765625, 2.01953125, 6.9609375, 8.65625, 1.958984375, 0.8642578125, 6.90625, 2.359375, 0.439697265625, 0.73046875, 2.541015625, 8.4453125, 10.0859375, 0.1239013671875, 3.654296875, 0.98095703125, 2.51171875, 4.8515625, 4.10546875, 0.357666015625, 5.609375, 1.4140625, 4.953125, 0.0428466796875, 0.0855712890625, 2.5234375, 1.1220703125, 4.6953125, 4.19921875, 1.87109375, 5.7734375, 4.96875, 3.671875, 2.55078125, 0.67236328125, 4.25390625, 0.2445068359375, 9.822845458984375e-05, 6.63671875, 1.5859375, 2.6796875, 0.18359375, 0.0001933574676513672, 4.625, 4.47265625, 2.58203125, 0.295654296875, 0.0005583763122558594, 6.58984375, 9.3046875, 0.17578125, 0.00016808509826660156, 6.0703125, 1.5498046875, 2.32421875, 5.6171875, 3.31640625, 1.302734375, 8.1875, 0.09033203125, 0.38623046875, 3.2578125, 6.2734375, 2.716796875, 5.9765625, 4.1875, 0.038909912109375, 0.11181640625, 2.755859375, 8.59375, 0.0297393798828125, 0.66064453125, 2.353515625, 0.043914794921875, 1.6533203125, 3.13671875, 3.287109375, 5.25390625, 4.9609375, 2.18359375, 5.81640625, 4.87109375, 0.7509765625, 2.73046875, 4.83203125, 3.939453125, 9.109375, 3.03125, 3.392578125, 1.4169921875, 2.009765625, 7.33203125, 4.99609375, 0.8173828125, 4.171875, 0.006389617919921875, 0.07598876953125, 2.25, 3.9765625, 5.7109375, 1.580078125, 2.92578125, 0.006500244140625, 2.73046875, 5.73828125, 1.38671875, 6.05078125, 0.03656005859375, 0.0190582275390625, 1.02734375, 6.69921875, 1.6650390625, 6.640625, 0.08294677734375, 2.37109375, 10.2265625, 8.6484375, 0.311279296875, 3.181640625, 0.396484375, 7.453125]",-1.4964423018636426
479,1,test,3.020060708156574,1.2629242744462457,1.7587151333281166,5.339333848674605,2.232794297363528,3.109330622458548,20.492535710497794,14.696718807581725,16.96236731177331,36.22989738872538,25.98314927307266,29.988715689322976,3.40739989041084,1.4156294000417364,1.9980192556524115,6.024132402936291,2.5027702100185394,3.5324097337501192,30.186653524121663,22.85815620720312,26.093234226989477,53.368669213916746,40.412209869088386,46.13168482119686,3.090405535937153,1.3153937309934631,1.844878029929917,5.46370039502701,2.3255579774470068,3.2616628153457095,21.98599227808901,16.0856414888723,18.51122500150391,38.87026259109659,28.438703184746608,32.72702762696824,0.6281407035175879,-0.01185929648241213,-0.006859296482412125,0.5226130653266332,0.0026130653266331905,0.0126130653266332,0.4522613065326633,-0.012738693467336692,-0.017738693467336697,0.4012539184952978,0.11956377765022741,0.1551642417486867,0.339622641509434,0.42713567839195976,0.13139633002103246,0.181726663366918,0.38888888888888884,0.3946488294314381,0.11084248552492726,0.15438186613889082,0.34563758389261745,26.0,4.0,3.0,37.0,4.0,4.0,46.0,1.0,1.0,-0.0016381479148668394,-0.000355205254471421,-0.0002961945876317367,0.00892300154084058,0.007713606581799759,0.008486797884270203,"[3.0625, 9.453125, 2.48046875, 1.494140625, 0.81689453125, 3.970703125, 11.5625, 1.1044921875, 0.6630859375, 8.3359375, 0.546875, 0.85107421875, 11.5546875, 0.0011730194091796875, 4.07421875, 5.2265625, 10.1875, 7.0703125, 6.953125, 4.296875, 3.90234375, 11.8515625, 11.0859375, 9.890625, 6.640625, 4.01953125, 0.2017822265625, 7.44140625, 8.0859375, 6.98046875, 5.45703125, 2.46484375, 0.84619140625, 2.193359375, 7.65234375, 0.057586669921875, 2.685546875, 0.916015625, 1.7509765625, 1.59375, 1.2783203125, 5.69140625, 0.412353515625, 5.93359375, 0.438232421875, 7.07421875, 8.296875, 0.2093505859375, 10.15625, 0.23974609375, 9.1328125, 4.8125, 1.306640625, 2.228515625, 4.22265625, 2.9921875, 11.4375, 5.83984375, 0.36083984375, 3.05078125, 0.92138671875, 3.78125, 0.0004177093505859375, 0.08819580078125, 3.615234375, 1.984375, 4.8515625, 4.4453125, 0.78466796875, 0.01253509521484375, 4.515625, 8.1640625, 1.5888671875, 0.99755859375, 4.546875, 8.1953125, 1.255859375, 0.83642578125, 0.74658203125, 4.375, 0.04632568359375, 5.4921875, 11.0546875, 6.52734375, 7.19140625, 0.51904296875, 3.31640625, 7.59765625, 0.7275390625, 0.427490234375, 3.6015625, 0.386474609375, 0.164794921875, 5.6171875, 0.49267578125, 8.4296875, 1.634765625, 7.66015625, 0.318359375, 0.300537109375, 1.994140625, 3.533203125, 5.82421875, 1.5830078125, 3.791015625, 1.4013671875, 1.6923828125, 7.16796875, 9.359375, 4.27734375, 2.376953125, 10.78125, 8.2421875, 3.779296875, 0.0028743743896484375, 0.146728515625, 0.00045418739318847656, 0.0025615692138671875, 0.0019216537475585938, 1.791015625, 0.0010633468627929688, 0.0041351318359375, 7.140625, 1.611328125, 5.09765625, 3.02734375, 0.7685546875, 0.0009207725524902344, 0.0037899017333984375, 2.853515625, 1.169921875, 3.0859375, 3.62109375, 0.1942138671875, 11.515625, 0.246337890625, 0.34521484375, 0.328369140625, 5.17578125, 2.60546875, 1.52734375, 3.78125, 0.0008263587951660156, 0.002349853515625, 5.66015625, 2.57421875, 7.9375, 4.65234375, 10.65625, 10.5859375, 0.986328125, 0.000270843505859375, 0.01065826416015625, 5.51953125, 1.357421875, 0.68603515625, 0.459716796875, 0.5546875, 0.0004258155822753906, 0.047515869140625, 3.12890625, 0.0011777877807617188, 4.09375, 0.00409698486328125, 0.022674560546875, 0.007328033447265625, 0.0248870849609375, 5.10546875, 7.2734375, 0.74609375, 0.002170562744140625, 0.004802703857421875, 0.0007724761962890625, 0.455078125, 0.00030994415283203125, 0.483642578125, 4.55859375, 1.4609375, 0.875, 4.48828125, 4.890625, 4.54296875, 6.6640625, 12.84375, 0.8818359375, 5.21484375, 1.7431640625, 1.8642578125, 0.00453948974609375, 0.0019063949584960938, 0.01053619384765625, 0.0016765594482421875, 5.765625, 0.06976318359375, 6.53515625, 7.6015625, 3.578125, 4.5703125, 1.583984375, 0.441162109375, 6.19921875, 0.6279296875, 0.005950927734375, 2.25, 0.70556640625, 1.0556640625, 7.09765625, 3.712890625, 3.18359375, 1.423828125, 1.6796875, 2.287109375, 1.3876953125, 0.57763671875, 0.75634765625, 0.006053924560546875, 0.79345703125, 0.022125244140625, 3.5390625, 0.07452392578125, 0.5029296875, 0.5068359375, 0.0012845993041992188, 1.0205078125, 0.056610107421875, 2.32421875, 0.0275421142578125, 0.82421875, 0.0011186599731445312, 0.984375, 0.06396484375, 1.5439453125, 0.003917694091796875, 2.603515625, 0.18017578125, 0.005733489990234375, 0.0011281967163085938, 0.0001380443572998047, 5.66796875, 0.19140625, 0.0296478271484375, 1.07421875, 2.732421875, 2.970703125, 0.65966796875, 6.78515625, 0.420166015625, 3.73828125, 0.93798828125, 8.21875, 0.10919189453125, 1.248046875, 0.453857421875, 6.1171875, 0.31591796875, 8.4375, 6.546875, 0.0298309326171875, 2.419921875, 2.4921875, 0.35302734375, 2.068359375, 7.12890625, 1.984375, 1.943359375, 6.3203125, 8.8671875, 9.0703125, 2.55859375, 8.0859375, 0.79833984375, 2.298828125, 3.775390625, 4.08984375, 3.060546875, 7.0078125, 2.892578125, 0.253662109375, 9.234375, 4.46484375, 0.8779296875, 5.40234375, 1.3291015625, 3.9453125, 0.861328125, 0.08306884765625, 1.8134765625, 0.68994140625, 7.73046875, 3.75, 0.0258636474609375, 0.00295257568359375, 2.87890625, 3.787109375, 5.390625, 1.7529296875, 3.62890625, 7.046875, 0.296142578125, 0.798828125, 6.9765625, 4.33984375, 1.1708984375, 0.72998046875, 0.841796875, 1.2998046875, 0.374755859375, 0.026092529296875, 4.0, 1.6513671875, 4.58984375, 0.01462554931640625, 0.548828125, 1.708984375, 4.078125, 1.484375, 1.208984375, 1.2939453125, 2.23046875]",-1.1064584950294614
214,1,test,3.7424390774208094,1.7315687777326096,2.365455380597937,6.197157181965641,2.8673289437722778,3.9169906302374438,42.200795746689614,34.7309802493513,38.237865563773056,69.88088758053979,57.511515681721505,63.31861609485001,3.9762293178232473,1.7679817667776265,2.472191964869637,6.584293709083656,2.9276257213306933,4.093737232149722,53.31561847641303,44.21586292167218,48.815798670007176,88.28607790717857,73.2176654831991,80.83476338904414,3.7844970824327757,1.7417894001798504,2.392470328773798,6.266801620372553,2.8842534153515804,3.96172506055016,44.01352981439273,36.302068671992785,39.99053439782892,72.8826192625428,60.11310296222461,66.22088491683498,0.7989949748743719,0.013994974874371846,-0.0010050251256281673,0.6783919597989949,0.00339195979899487,0.008391959798994986,0.5326633165829145,-0.0023366834170853723,0.002663316582914521,0.44625407166123776,0.12267683588888001,0.19381636851930928,0.4084967320261438,0.42713567839195976,0.07625848540950364,0.16670162163069102,0.41414141414141414,0.45150501672240806,0.12262354760721605,0.19566519469793642,0.412751677852349,23.0,4.0,3.0,37.0,1.0,3.0,44.0,2.0,2.0,-0.0007051920427678728,-0.00011041899098858817,-4.4439397043309396e-05,-0.0004754436609601953,-7.265763014618898e-05,6.834222911056287e-05,"[3.0625, 9.453125, 2.48046875, 1.494140625, 0.81689453125, 2.970703125, 5.14453125, 3.70703125, 0.24462890625, 9.2734375, 0.89599609375, 11.609375, 0.176025390625, 1.4638671875, 5.26953125, 0.8427734375, 9.2734375, 0.260498046875, 12.8984375, 8.4609375, 2.779296875, 2.29296875, 7.3203125, 7.59375, 6.81640625, 9.6640625, 4.3828125, 4.359375, 6.2109375, 5.15234375, 4.15625, 0.353515625, 3.732421875, 0.369384765625, 5.43359375, 4.92578125, 0.5234375, 4.38671875, 0.046478271484375, 8.7578125, 2.94140625, 7.16015625, 1.1962890625, 1.005859375, 6.08203125, 1.0966796875, 4.4296875, 5.796875, 10.015625, 3.201171875, 0.95703125, 2.439453125, 6.46484375, 0.1414794921875, 3.869140625, 1.2255859375, 6.828125, 6.7890625, 2.169921875, 2.849609375, 3.400390625, 0.06854248046875, 14.453125, 6.984375, 3.0234375, 4.375, 1.1962890625, 1.3798828125, 2.60546875, 3.521484375, 9.78125, 9.8984375, 2.669921875, 4.10546875, 8.4453125, 3.3984375, 2.8203125, 4.03125, 1.54296875, 5.90234375, 2.466796875, 0.1707763671875, 3.130859375, 3.6796875, 1.515625, 2.94140625, 0.298095703125, 0.0316162109375, 0.60302734375, 0.7177734375, 5.40234375, 12.6015625, 2.40625, 4.3203125, 0.472412109375, 2.763671875, 0.75244140625, 1.404296875, 5.2890625, 0.744140625, 2.435546875, 0.29248046875, 0.034942626953125, 10.4453125, 1.58203125, 3.53515625, 0.007366180419921875, 4.109375, 0.74462890625, 3.572265625, 6.69921875, 3.982421875, 8.1328125, 1.4306640625, 0.007171630859375, 6.296875, 1.736328125, 3.9765625, 4.359375, 2.091796875, 0.79296875, 1.7080078125, 0.43701171875, 2.96875, 6.12890625, 2.517578125, 10.109375, 6.6484375, 0.927734375, 1.4794921875, 8.5390625, 0.00815582275390625, 2.7734375, 0.6982421875, 6.1640625, 3.98828125, 3.69921875, 10.25, 6.359375, 2.123046875, 2.7109375, 0.00473785400390625, 7.63671875, 7.79296875, 0.10009765625, 5.4375, 1.1904296875, 2.34765625, 4.7265625, 2.775390625, 7.9609375, 10.8046875, 11.125, 4.46875, 7.4375, 1.583984375, 0.544921875, 3.19921875, 3.833984375, 1.16015625, 4.86328125, 1.3798828125, 6.828125, 1.51953125, 1.458984375, 7.6953125, 10.2421875, 4.8671875, 5.6171875, 4.83203125, 2.4765625, 2.666015625, 0.0039520263671875, 5.64453125, 6.23046875, 2.75390625, 2.90625, 6.6171875, 1.4951171875, 1.1337890625, 7.7734375, 0.58154296875, 3.83984375, 7.88671875, 3.81640625, 2.75390625, 7.6171875, 0.339599609375, 6.0234375, 9.3671875, 3.869140625, 2.078125, 3.560546875, 0.061767578125, 5.68359375, 5.62890625, 7.5, 0.43017578125, 0.85009765625, 8.765625, 3.892578125, 1.0673828125, 6.984375, 9.0234375, 4.9921875, 9.6328125, 2.333984375, 0.1517333984375, 1.5712890625, 2.037109375, 0.420654296875, 3.9375, 6.44921875, 5.640625, 11.2734375, 2.12890625, 0.59033203125, 0.0672607421875, 0.007694244384765625, 0.08587646484375, 2.173828125, 6.62890625, 0.2425537109375, 2.767578125, 10.5078125, 1.7451171875, 4.328125, 4.4140625, 0.453857421875, 0.20947265625, 3.173828125, 0.144775390625, 0.6337890625, 0.007762908935546875, 0.07373046875, 2.849609375, 5.1484375, 5.65625, 5.86328125, 2.96484375, 0.267578125, 1.3623046875, 6.84375, 0.0816650390625, 0.413818359375, 4.79296875, 0.12481689453125, 0.0733642578125, 0.1815185546875, 0.00989532470703125, 0.005138397216796875, 0.0010824203491210938, 1.0966796875, 1.6357421875, 1.8671875, 0.59765625, 5.484375, 8.8984375, 1.447265625, 1.4013671875, 6.87109375, 8.46875, 4.546875, 4.359375, 5.9453125, 4.4296875, 2.84765625, 1.7568359375, 1.5498046875, 9.8828125, 4.19921875, 0.147216796875, 5.5859375, 4.890625, 5.13671875, 8.5859375, 4.828125, 7.66796875, 7.15234375, 2.796875, 4.390625, 0.8349609375, 0.390380859375, 5.2421875, 0.3701171875, 5.390625, 1.4443359375, 1.0703125, 2.419921875, 0.01522064208984375, 4.94140625, 10.03125, 2.3671875, 3.826171875, 6.7421875, 4.484375, 5.421875, 0.281005859375, 0.06243896484375, 0.0032711029052734375, 0.07281494140625, 0.0017061233520507812, 3.26171875, 5.46875, 6.25390625, 0.432861328125, 1.869140625]",-0.9950897235435461
475,1,test,3.1260651136512188,1.3684600171698529,1.9071271839038006,6.183172908618955,2.7067334163139,3.7721853858097236,22.78414988325195,16.98561606011578,19.400557671276136,45.06570822496158,33.59654941302313,38.37316186450942,3.1135125879067274,1.3410589938782258,1.8738928641632187,6.158344751080219,2.652535804067962,3.7064498563228376,22.499938770751253,16.614663032525478,19.045639143914322,44.50355536273594,32.86282614521584,37.67115389494818,3.1615354587782676,1.4127395136711076,1.941714851833097,6.253331164789368,2.7943156557171176,3.8405977584051705,23.60681540713816,17.859137418952113,20.220235256971886,46.69289223911886,35.32432327719204,39.99443591268704,0.6633165829145728,0.008316582914572823,0.0033165829145729298,0.5376884422110553,0.002688442211055353,0.007688442211055246,0.42211055276381915,-0.0028894472361808976,-0.007889447236180902,0.41417910447761197,0.11250312682398067,0.18340987370838124,0.3820224719101124,0.40703517587939697,0.10127076485182807,0.1766512025905823,0.3484848484848485,0.417910447761194,0.12182106228633371,0.18590052220288134,0.3820224719101124,22.0,5.0,5.0,31.0,6.0,6.0,42.0,9.0,9.0,-0.00048407877509696153,-0.0004178607403486873,-0.00038725825905009856,0.00952051302801138,0.010265261229777778,0.011100199136706124,"[3.056640625, 9.4453125, 2.4296875, 6.078125, 0.78955078125, 0.10418701171875, 4.328125, 1.2412109375, 2.140625, 1.009765625, 4.58984375, 11.8203125, 2.0703125, 0.6337890625, 9.5078125, 6.484375, 3.92578125, 7.671875, 2.92578125, 13.953125, 6.546875, 2.357421875, 2.27734375, 8.390625, 3.455078125, 0.259033203125, 0.7294921875, 6.62890625, 0.92236328125, 0.288818359375, 4.4140625, 0.342529296875, 1.0419921875, 2.3125, 0.478515625, 1.2919921875, 4.15625, 3.55859375, 3.859375, 4.8125, 0.0233154296875, 1.4521484375, 7.0078125, 6.15625, 1.087890625, 1.69140625, 1.2177734375, 1.0205078125, 0.07275390625, 0.053924560546875, 4.5546875, 2.8515625, 2.84765625, 0.78564453125, 2.689453125, 6.51953125, 0.461181640625, 1.0068359375, 5.94921875, 0.1795654296875, 0.60986328125, 5.3515625, 12.078125, 3.0625, 1.9111328125, 9.578125, 5.41796875, 11.1328125, 2.84375, 6.67578125, 5.74609375, 0.7666015625, 2.716796875, 3.564453125, 0.9736328125, 7.1640625, 0.272705078125, 1.0966796875, 1.5966796875, 4.79296875, 7.1796875, 4.51953125, 2.08203125, 12.359375, 3.91015625, 3.34765625, 6.046875, 2.75, 4.74609375, 1.283203125, 6.43359375, 0.60302734375, 3.181640625, 8.3203125, 4.625, 2.62109375, 10.625, 1.431640625, 6.0859375, 5.515625, 0.0260467529296875, 4.59765625, 3.146484375, 8.0390625, 1.111328125, 0.82421875, 0.93603515625, 6.0546875, 1.12890625, 0.939453125, 3.80859375, 5.18359375, 3.111328125, 3.783203125, 0.52392578125, 0.0098419189453125, 0.060211181640625, 0.401611328125, 0.07781982421875, 2.138671875, 5.09375, 4.83203125, 1.90625, 1.0439453125, 0.2117919921875, 3.18359375, 1.1865234375, 0.06494140625, 0.9140625, 3.974609375, 4.64453125, 8.7890625, 0.0224151611328125, 2.201171875, 8.8515625, 12.9296875, 0.0016660690307617188, 7.9140625, 0.0655517578125, 0.0016241073608398438, 0.5947265625, 3.9296875, 0.0146484375, 3.98828125, 11.171875, 1.453125, 6.8359375, 4.65234375, 3.251953125, 0.9326171875, 4.578125, 0.423095703125, 4.83203125, 0.0019016265869140625, 0.040740966796875, 2.65234375, 2.982421875, 0.56396484375, 0.188720703125, 0.002254486083984375, 0.026123046875, 0.0916748046875, 0.01959228515625, 0.48291015625, 5.6015625, 0.1585693359375, 0.04949951171875, 0.151123046875, 0.0137939453125, 0.0281982421875, 0.0015420913696289062, 0.00579833984375, 0.0200958251953125, 0.004535675048828125, 1.8857421875, 1.3759765625, 0.2149658203125, 0.03692626953125, 0.01468658447265625, 0.0237579345703125, 0.3984375, 0.033599853515625, 0.004673004150390625, 2.435546875, 3.451171875, 1.4453125, 6.640625, 0.1708984375, 0.1829833984375, 5.2890625, 7.96484375, 2.068359375, 0.9345703125, 8.0078125, 2.49609375, 0.0005984306335449219, 6.06640625, 2.03515625, 3.064453125, 4.98828125, 0.041473388671875, 0.119384765625, 7.0390625, 0.99365234375, 8.5859375, 0.154296875, 0.80224609375, 7.6875, 10.4453125, 2.33984375, 0.568359375, 7.796875, 1.7978515625, 0.666015625, 4.8046875, 8.609375, 0.5849609375, 0.65185546875, 2.77734375, 0.6669921875, 4.0078125, 0.23583984375, 0.1490478515625, 3.33984375, 2.19140625, 6.94140625, 0.07318115234375, 0.71142578125, 6.02734375, 0.1802978515625, 0.12841796875, 6.48828125, 4.41015625, 0.90087890625, 3.796875, 1.91796875, 3.291015625, 4.8203125, 2.091796875, 4.10546875, 3.234375, 0.67431640625, 3.60546875, 0.6171875, 7.984375, 4.9453125, 0.1519775390625, 4.421875, 8.75, 9.3828125, 1.9833984375, 6.10546875, 5.1875, 1.4287109375, 5.953125, 0.273193359375, 6.20703125, 0.01202392578125, 5.125, 1.103515625, 0.759765625, 4.70703125, 6.93359375, 0.11126708984375, 0.5810546875, 0.43896484375, 2.51171875, 1.9619140625]",-0.5990683053856465
121,1,test,3.592925186637494,1.5478088720833654,2.1518917900706103,5.447968081912287,2.3469493223437987,3.2629228773353276,36.34022253482986,28.610164931004643,32.115162810831265,55.102837430530066,43.38171747690378,48.6963610012061,3.52690775729903,1.4187750241595523,1.9994633303771794,5.347865566774073,2.1512947377201903,3.0317949411697445,34.01861100302765,25.785757015443554,29.412221201373715,51.58256777089519,39.099055474504084,44.59787888686558,3.592925186637494,1.5478088720833654,2.1518917900706103,5.447968081912287,2.3469493223437987,3.2629228773353276,36.34022253482986,28.610164931004643,32.115162810831265,55.102837430530066,43.38171747690378,48.6963610012061,0.7638190954773869,-0.0061809045226131065,-0.001180904522613102,0.5979899497487438,-0.007010050251256228,0.002989949748743781,0.4824120603015075,0.002412060301507535,-0.007587939698492474,0.42086330935251803,0.09231752838303864,0.14454751987883385,0.46570397111913353,0.4321608040201005,0.09632120502260677,0.16504895093161964,0.48484848484848486,0.42086330935251803,0.09231752838303864,0.14454751987883385,0.46570397111913353,17.0,2.0,3.0,28.0,3.0,3.0,36.0,4.0,2.0,5.384772750651763e-05,0.0002986034670094833,8.408423797294046e-05,0.00023875416349117273,-0.00018498985658865763,-3.328992298534672e-05,"[1.990234375, 7.25, 0.00487518310546875, 0.00018644332885742188, 2.107421875, 2.498046875, 0.237548828125, 2.4921875, 6.984375, 0.1505126953125, 1.6875, 6.82421875, 0.2049560546875, 6.4609375, 0.86083984375, 6.1015625, 1.91796875, 9.1328125, 3.65625, 1.79296875, 2.953125, 9.4140625, 0.0225982666015625, 5.63671875, 2.623046875, 1.1796875, 4.46484375, 0.6650390625, 0.7265625, 0.853515625, 4.85546875, 2.345703125, 3.228515625, 2.8671875, 0.0045928955078125, 2.220703125, 3.001953125, 4.42578125, 4.07421875, 0.63916015625, 8.7578125, 6.515625, 3.642578125, 0.88916015625, 0.79052734375, 3.23046875, 5.96484375, 1.779296875, 2.439453125, 1.2587890625, 0.324462890625, 3.05078125, 1.146484375, 0.8623046875, 4.546875, 4.59765625, 1.423828125, 4.9765625, 8.8671875, 0.59716796875, 1.6826171875, 0.94775390625, 6.65625, 7.34765625, 1.8046875, 8.1015625, 15.453125, 0.560546875, 5.375, 5.5234375, 0.02325439453125, 1.7568359375, 5.21484375, 3.458984375, 2.4375, 4.171875, 8.5546875, 1.095703125, 9.5625, 0.03863525390625, 5.23046875, 2.888671875, 1.263671875, 5.17578125, 4.24609375, 1.61328125, 3.365234375, 0.467529296875, 2.59375, 0.08197021484375, 7.48828125, 1.236328125, 0.884765625, 4.30078125, 0.031524658203125, 0.0792236328125, 0.006427764892578125, 7.29296875, 2.64453125, 7.57421875, 0.88525390625, 0.006610870361328125, 3.412109375, 7.91015625, 9.078125, 3.970703125, 9.4921875, 0.01384735107421875, 5.796875, 0.055389404296875, 0.1671142578125, 0.038909912109375, 1.474609375, 8.1484375, 0.56298828125, 9.8671875, 7.61328125, 2.890625, 5.90625, 1.3720703125, 4.66015625, 1.294921875, 0.65283203125, 2.546875, 3.541015625, 1.5556640625, 0.1258544921875, 6.25390625, 6.7265625, 2.05859375, 5.69921875, 7.66015625, 2.9375, 0.83740234375, 2.18359375, 3.5625, 3.052734375, 3.51953125, 8.6484375, 6.0859375, 1.6533203125, 0.412841796875, 3.802734375, 0.7880859375, 6.8671875, 2.30078125, 1.2548828125, 3.365234375, 6.94140625, 3.521484375, 4.10546875, 4.31640625, 8.84375, 3.7890625, 4.96875, 5.265625, 0.70068359375, 8.9609375, 0.94775390625, 1.625, 1.2529296875, 5.81640625, 3.95703125, 8.8125, 1.314453125, 4.5078125, 4.6875, 6.5390625, 1.03515625, 1.0068359375, 4.67578125, 5.2734375, 5.05859375, 0.8740234375, 5.04296875, 5.1953125, 4.49609375, 9.7421875, 0.99853515625, 0.397216796875, 1.9013671875, 3.0390625, 0.04339599609375, 1.4296875, 5.18359375, 0.054962158203125, 1.705078125, 10.8515625, 8.3359375, 0.494140625, 8.3671875, 1.7080078125, 2.390625, 2.23046875, 4.796875, 0.144287109375, 1.09375, 7.11328125, 4.3125, 0.049072265625, 9.578125, 1.5078125, 2.486328125, 2.384765625, 6.79296875, 0.02447509765625, 1.654296875, 9.578125, 4.83984375, 2.1953125, 1.6513671875, 1.8857421875, 1.865234375, 8.4765625, 2.501953125, 0.195556640625, 3.806640625, 0.0648193359375, 8.4609375, 5.4921875, 2.349609375, 9.4765625, 4.9375, 3.357421875, 8.4296875, 1.912109375, 5.3125, 2.501953125, 6.03515625, 8.2890625, 6.72265625, 1.947265625, 7.69921875, 2.755859375, 0.470947265625, 7.33984375, 1.880859375, 7.43359375, 5.1875, 4.03515625, 0.004360198974609375, 0.0254364013671875, 0.72119140625, 4.0, 9.1796875, 0.1451416015625, 13.0546875, 5.17578125, 1.76171875, 7.2265625, 3.376953125, 2.142578125, 7.47265625, 4.25390625, 2.37890625, 1.36328125, 2.7734375, 3.4765625, 0.279052734375, 3.9375, 4.171875, 0.91552734375, 8.640625, 5.3671875, 2.451171875, 0.6455078125, 2.2578125, 2.755859375, 8.796875, 0.00801849365234375, 1.02734375, 1.501953125, 0.000469207763671875, 1.61328125, 5.9296875, 0.2313232421875, 0.89013671875, 0.28271484375]",-1.0456985278095274
281,1,test,3.221090597887777,1.4975796525840195,2.007896324337171,5.526380927748637,2.5693768549235627,3.4449201643039693,25.05543068602503,19.451260787939958,21.691216959472087,42.9872585299449,33.37226115577934,37.21532321478054,3.1431465268734113,1.367727557549352,1.9227274899492688,5.392653354929872,2.346591397756241,3.298797164128647,23.176678288159327,17.273924597114743,19.78807090038562,39.763908827724336,29.636635338187062,33.950121642818466,3.298284772247774,1.523997076172016,2.0863050283464775,5.6588219131702004,2.6147008659814,3.5794449015748393,27.066174429928655,21.17009459053939,23.706044160451427,46.43706397291681,36.32124071906268,40.6721345890098,0.6130653266331658,-0.0069346733668341765,0.0030653266331658324,0.5125628140703518,-0.0024371859296482556,-0.0024371859296482556,0.40201005025125625,-0.017989949748743794,-0.0229899497487438,0.3868194842406877,0.09640460584297672,0.1541704128819389,0.3448275862068966,0.3919597989949749,0.1012329819523684,0.17326196927878124,0.303030303030303,0.38795986622073575,0.09747572598701293,0.1643781087123931,0.33221476510067116,24.0,2.0,2.0,35.0,0.0,-1.0,45.0,0.0,2.0,-0.0006183896393306637,-7.546628846919382e-05,-0.0001568515795457859,0.004365940295962822,0.003586359200564715,0.004042568262121016,"[7.32421875, 5.90625, 11.09375, 7.46875, 3.15625, 4.50390625, 7.21875, 10.5234375, 2.72265625, 0.24853515625, 6.1953125, 4.66796875, 4.3203125, 2.912109375, 10.8203125, 11.3359375, 11.5859375, 0.395751953125, 10.765625, 8.8125, 13.5546875, 8.6015625, 5.6875, 1.6416015625, 9.140625, 6.01953125, 7.125, 2.859375, 0.17529296875, 7.53125, 2.447265625, 7.66015625, 4.2109375, 5.39453125, 0.29052734375, 5.671875, 1.1455078125, 2.5546875, 3.1171875, 0.1302490234375, 4.3203125, 1.17578125, 7.2265625, 1.8359375, 2.5234375, 6.71484375, 6.05859375, 0.393310546875, 2.15234375, 0.220703125, 0.7783203125, 1.06640625, 3.111328125, 0.09771728515625, 8.0546875, 0.296875, 0.0027599334716796875, 0.6220703125, 3.439453125, 6.39453125, 3.173828125, 0.08245849609375, 0.345458984375, 0.4833984375, 2.251953125, 0.074951171875, 6.04296875, 4.41015625, 1.6875, 1.3544921875, 0.97705078125, 4.25390625, 2.2734375, 0.040435791015625, 13.0078125, 0.55859375, 1.6005859375, 1.8486328125, 4.21875, 4.94140625, 0.2493896484375, 0.14990234375, 5.34375, 0.395263671875, 0.275390625, 4.578125, 0.8115234375, 0.5771484375, 2.15234375, 0.008697509765625, 0.3564453125, 2.740234375, 7.74609375, 0.64404296875, 8.9140625, 0.1435546875, 0.004207611083984375, 0.31396484375, 6.69140625, 0.06402587890625, 0.0877685546875, 0.5224609375, 0.7138671875, 0.07562255859375, 0.9765625, 2.22265625, 0.090087890625, 0.032012939453125, 0.002597808837890625, 0.1917724609375, 6.67572021484375e-06, 0.494873046875, 9.09375, 0.07415771484375, 0.2252197265625, 9.921875, 5.171875, 0.70703125, 2.40625, 2.01171875, 0.0009303092956542969, 0.2186279296875, 0.151123046875, 0.214599609375, 2.59375, 0.7421875, 3.44921875, 0.1295166015625, 0.7001953125, 1.7900390625, 0.0299530029296875, 5.76953125, 0.246337890625, 7.32421875, 7.109375, 0.0888671875, 1.9287109375, 11.2421875, 1.3740234375, 5.25390625, 2.65234375, 4.88671875, 0.2406005859375, 4.78515625, 5.078125, 1.32421875, 0.08856201171875, 0.021148681640625, 5.40234375, 2.921875, 0.0831298828125, 4.2578125, 1.5458984375, 0.84130859375, 0.2342529296875, 0.0002818107604980469, 0.00055694580078125, 0.0009250640869140625, 0.6171875, 0.00458526611328125, 0.00016546249389648438, 5.37109375, 2.900390625, 9.8359375, 8.6875, 2.85546875, 4.99609375, 0.302001953125, 6.77734375, 2.806640625, 5.90234375, 0.0175323486328125, 0.02679443359375, 0.54541015625, 0.0916748046875, 1.8212890625, 1.0732421875, 6.7578125, 1.6572265625, 1.12890625, 0.67822265625, 5.50390625, 1.9404296875, 4.4296875, 6.484375, 2.546875, 2.39453125, 6.26171875, 3.578125, 2.109375, 7.5078125, 1.08203125, 10.703125, 0.88037109375, 0.1702880859375, 3.986328125, 4.83203125, 3.162109375, 0.56884765625, 5.56640625, 7.55859375, 1.181640625, 1.02734375, 2.322265625, 1.2177734375, 1.298828125, 2.810546875, 2.6875, 1.431640625, 5.984375, 0.12225341796875, 2.076171875, 0.00809478759765625, 1.798828125, 0.436279296875, 3.541015625, 5.4765625, 5.0703125, 7.15234375, 1.06640625, 0.11456298828125, 0.67822265625, 1.4091796875, 4.73828125, 2.9453125, 7.68359375, 5.48046875, 0.01345062255859375, 0.00608062744140625, 0.6630859375, 0.04302978515625, 1.634765625, 2.525390625, 7.81640625, 3.298828125, 9.921875, 10.671875, 3.787109375, 1.353515625, 1.2412109375, 11.4140625, 0.91259765625, 6.96875, 0.58349609375, 2.8046875, 0.07586669921875, 0.783203125, 14.5546875, 11.03125, 5.63671875, 9.9609375, 2.828125, 0.9208984375, 0.026031494140625, 1.6025390625, 0.161865234375, 3.6796875, 1.32421875, 6.55078125, 3.3203125, 1.6162109375, 5.640625, 2.9609375, 0.2060546875, 2.146484375, 15.0234375, 0.2939453125, 6.44140625, 7.21875, 1.5224609375, 8.1171875, 6.72265625, 2.283203125, 4.40625, 0.53857421875, 3.337890625, 6.0078125, 3.140625, 2.25390625, 0.0290374755859375, 2.705078125, 6.80859375, 6.00390625, 0.0845947265625, 9.5390625, 2.3046875, 7.36328125, 5.88671875, 1.32421875, 5.15234375, 0.64599609375, 5.4375, 2.15625, 5.23828125, 2.185546875, 4.9453125, 0.01071929931640625, 0.004215240478515625, 0.140869140625, 0.01398468017578125, 0.85205078125, 4.015625, 0.3896484375, 0.00867462158203125, 1.0517578125, 6.16015625, 1.37890625, 0.1824951171875, 0.0965576171875, 3.716796875, 0.0006184577941894531, 9.238719940185547e-05, 1.1435546875, 5.56640625, 0.006679534912109375, 0.01189422607421875, 0.469482421875, 0.023529052734375, 4.40625, 2.4375, 0.0562744140625, 0.169677734375, 1.861328125, 6.21875, 4.75, 0.042633056640625, 1.53515625, 4.08203125, 7.625, 5.171875, 1.6943359375, 3.7578125, 7.53125, 1.267578125, 0.238037109375, 4.46875, 1.671875, 4.765625, 2.361328125, 7.3515625, 0.10174560546875, 1.74609375, 5.30859375, 4.12890625, 8.8359375, 2.3828125, 8.1640625, 2.970703125, 1.1689453125]",-1.1067950298588052
415,1,test,3.283586738484629,1.3961856980449432,1.9241437785854352,5.529436158674588,2.351124029254928,3.240185513938681,26.67126419571452,20.06907664997939,22.777240625459058,44.913402442783415,33.795567754918125,38.356013694758886,3.314735007645497,1.4245008527793428,2.0050659313436805,5.581888668535106,2.3988056813312517,3.376455365517424,27.51510172682386,20.894182906914054,23.810154272414543,46.33439300224584,35.18501555551093,40.09540129835845,3.293757410352445,1.4468312830205634,2.026244583401065,5.546563186301052,2.4364092831997226,3.4121194163876427,26.943913032790253,20.603612770363647,23.39190592231332,45.372532795783584,34.695706410470855,39.391086859744604,0.6884422110552764,-0.0015577889447235815,-0.01155778894472359,0.5376884422110553,-0.0023115577889447625,-0.0023115577889447625,0.46733668341708545,0.012336683417085492,0.012336683417085492,0.4325842696629213,0.1296389681201443,0.1706096851076916,0.4,0.42713567839195976,0.1238775330285512,0.181726663366918,0.36868686868686873,0.4280936454849499,0.12926225984221196,0.18782668219240262,0.38926174496644295,23.0,0.0,1.0,34.0,-1.0,0.0,44.0,0.0,-1.0,-0.0006686354654765178,0.0001277869173892509,-0.0003061920426818155,-0.00028194625970456855,0.00011714509729277012,-0.00012834433895747566,"[3.056640625, 9.4453125, 2.4296875, 1.0791015625, 0.80224609375, 1.9931640625, 11.1484375, 1.5244140625, 4.625, 0.78125, 2.619140625, 6.359375, 5.92578125, 8.6796875, 0.1771240234375, 2.060546875, 8.90625, 8.21875, 8.4375, 5.8359375, 2.869140625, 3.87109375, 6.296875, 4.2578125, 0.08563232421875, 0.74462890625, 0.76318359375, 3.46875, 4.16015625, 0.1519775390625, 0.140869140625, 3.607421875, 1.30078125, 11.671875, 0.5791015625, 0.912109375, 5.58984375, 10.2890625, 8.171875, 1.595703125, 3.81640625, 3.73828125, 9.734375, 1.126953125, 0.410888671875, 7.1171875, 2.294921875, 3.73046875, 2.869140625, 6.71484375, 8.5859375, 5.546875, 3.94140625, 6.27734375, 2.63671875, 5.328125, 1.421875, 2.5078125, 13.2578125, 5.203125, 5.828125, 0.0687255859375, 0.154541015625, 0.591796875, 1.65625, 4.3671875, 4.87890625, 1.0166015625, 2.380859375, 3.095703125, 1.0556640625, 2.994140625, 4.4375, 8.6484375, 0.833984375, 0.7783203125, 5.16796875, 5.05078125, 1.5615234375, 1.8916015625, 1.83984375, 6.796875, 0.59326171875, 4.34375, 1.259765625, 1.267578125, 4.0859375, 4.2578125, 0.26904296875, 2.666015625, 0.75732421875, 10.1484375, 10.109375, 1.3173828125, 3.396484375, 0.61865234375, 1.197265625, 1.681640625, 7.0390625, 0.833984375, 2.90234375, 6.37890625, 0.0020771026611328125, 4.15625, 0.04180908203125, 0.0004527568817138672, 2.54296875, 3.619140625, 0.164794921875, 0.00038313865661621094, 5.94140625, 11.0703125, 2.08203125, 5.01953125, 5.67578125, 9.96875, 2.78515625, 0.0024871826171875, 4.4609375, 4.55859375, 1.2802734375, 4.5, 0.043212890625, 0.4033203125, 0.419189453125, 0.0158233642578125, 0.004566192626953125, 1.763671875, 9.34375, 1.8291015625, 5.45703125, 0.072021484375, 0.421142578125, 0.038360595703125, 2.796875, 3.71484375, 0.59619140625, 0.169677734375, 0.2171630859375, 0.94970703125, 0.302978515625, 0.0070953369140625, 0.82275390625, 8.359375, 0.712890625, 7.4140625, 9.4765625, 6.4765625, 3.541015625, 4.8828125, 0.375244140625, 10.921875, 0.447998046875, 3.115234375, 3.904296875, 3.859375, 3.609375, 5.609375, 0.01025390625, 0.0020389556884765625, 0.381591796875, 3.45703125, 0.1925048828125, 0.03173828125, 0.0070953369140625, 5.1796875, 9.71875, 5.484375, 3.4140625, 0.91015625, 7.29296875, 1.8662109375, 0.173095703125, 1.7841796875, 0.040252685546875, 1.9443359375, 2.376953125, 0.028839111328125, 1.5185546875, 4.046875, 0.417236328125, 0.00860595703125, 0.0006318092346191406, 0.0001819133758544922, 1.3740234375, 3.736328125, 4.50390625, 4.3671875, 6.01953125, 0.44970703125, 0.0116424560546875, 1.3818359375, 1.2958984375, 0.0291900634765625, 2.484375, 1.255859375, 9.0625, 1.51953125, 5.94140625, 10.953125, 0.5048828125, 6.44140625, 4.88671875, 0.322021484375, 0.308349609375, 5.9140625, 2.05859375, 0.0914306640625, 2.42578125, 3.685546875, 7.65625, 2.052734375, 8.09375, 4.2109375, 0.352294921875, 3.310546875, 0.151611328125, 0.114013671875, 0.0012254714965820312, 0.30322265625, 5.19921875, 6.30078125, 2.322265625, 11.65625, 1.8232421875, 8.703125, 1.5908203125, 3.216796875, 4.15234375, 0.262939453125, 2.0859375, 0.239013671875, 6.2265625, 1.6669921875, 0.409423828125, 0.5126953125, 0.497802734375, 3.3125, 6.82421875, 1.146484375, 7.05078125, 7.03125, 3.240234375, 2.177734375, 1.7470703125, 0.2001953125, 6.8203125, 0.09320068359375, 0.0034847259521484375, 1.427734375, 3.28515625, 3.494140625, 0.05364990234375, 4.5078125, 0.00930023193359375, 1.6240234375, 1.9482421875, 2.517578125, 6.4140625, 9.375, 12.1171875, 0.00748443603515625, 8.46875, 0.0179901123046875, 0.231689453125, 0.06219482421875, 8.75, 1.1337890625, 5.515625, 5.66015625, 0.04583740234375, 3.708984375, 5.875, 2.376953125, 1.06640625, 0.0018711090087890625, 1.2236328125, 0.0168914794921875, 0.0098114013671875, 1.4111328125, 6.69921875, 0.86181640625, 3.173828125, 3.525390625, 7.23828125, 4.86328125, 0.08056640625, 0.06378173828125, 10.1875, 0.477294921875, 1.521484375, 0.67236328125, 10.3125, 3.73828125, 0.190673828125, 3.857421875, 7.21484375, 0.1361083984375, 5.703125, 0.7744140625, 0.71044921875, 2.15625, 4.3125, 2.04296875, 1.2353515625, 0.144287109375, 0.066650390625, 4.1015625, 6.7109375, 1.41015625, 1.333984375, 0.0004134178161621094, 1.70703125, 1.4267578125, 6.34375, 0.01497650146484375, 4.203125, 8.0546875, 6.9765625, 3.24609375, 2.150390625, 1.8701171875, 0.7978515625, 7.40625, 2.517578125, 6.796875, 1.970703125, 4.01171875, 0.285888671875, 4.32421875, 3.388671875, 4.78125, 0.302734375, 5.57421875, 6.4140625, 1.48046875, 4.265625, 1.6796875, 9.265625, 1.9248046875, 2.583984375, 5.2734375, 0.195556640625, 2.505859375, 0.58349609375, 3.31640625, 0.08441162109375, 6.7109375, 3.40234375, 5.828125, 4.87109375, 1.1259765625, 5.734375, 10.34375, 8.7421875, 1.443359375]",-1.756422283274404
155,1,test,2.6413067466053883,1.114846182152987,1.511317864872444,4.887778979542961,2.0630400999635174,2.7967170798412755,14.031527283571796,9.4296673072354,10.93590520159143,25.965558220630285,17.449745171636643,20.237061687481052,2.9823190027744926,1.2757230617782604,1.7812540551239844,5.518827432969293,2.360745253496884,3.2962381741727342,19.73352572544334,14.223353161490126,16.4098711686273,36.51719451254721,26.32053497409771,30.36672035843918,2.590471804341345,1.078890757389911,1.5305611426895724,4.793708132775994,1.9965040304277215,2.832327063018332,13.336062131139808,8.802168702164437,10.44994899397019,24.67858920143913,16.288549299366146,19.33779221049123,0.6080402010050252,-0.001959798994974782,0.0030402010050252226,0.48743718592964824,-0.017562814070351762,-0.002562814070351749,0.36180904522613067,-0.023190954773869343,-0.00819095477386933,0.3715083798882681,0.09396305213373535,0.13788179142296997,0.3137254901960784,0.36180904522613067,0.06105716552688256,0.11973892836469491,0.297979797979798,0.35451505016722407,0.08072540075153123,0.1320456397111618,0.3087248322147651,21.0,10.0,10.0,30.0,11.0,10.0,37.0,11.0,11.0,-0.0012639598876582334,-9.239951166571711e-05,-0.0004951555561220479,0.025048121530897305,0.02691939887785555,0.025946453985677742,"[3.056640625, 9.4453125, 2.4296875, 1.0791015625, 4.80078125, 2.38671875, 0.17138671875, 5.1015625, 2.41015625, 6.890625, 1.650390625, 0.265380859375, 2.4296875, 3.33984375, 5.734375, 10.0703125, 7.80078125, 2.740234375, 0.57666015625, 2.041015625, 2.154296875, 1.8017578125, 6.21875, 6.91015625, 9.6953125, 12.0546875, 0.98388671875, 6.02734375, 9.265625, 5.4453125, 3.943359375, 10.0859375, 11.0234375, 0.009063720703125, 6.76171875, 4.58203125, 1.892578125, 2.33203125, 1.40234375, 0.552734375, 1.2490234375, 2.443359375, 10.046875, 4.84765625, 0.62939453125, 3.078125, 2.173828125, 7.2265625, 1.40625, 3.328125, 3.154296875, 0.552734375, 0.00978851318359375, 0.04681396484375, 0.0836181640625, 2.462890625, 3.447265625, 3.578125, 7.265625, 3.220703125, 2.44140625, 3.41796875, 0.6103515625, 1.02734375, 2.826171875, 5.6875, 2.9609375, 2.17578125, 0.77490234375, 2.380859375, 1.8984375, 2.287109375, 2.919921875, 0.5283203125, 0.462890625, 4.8671875, 9.65625, 0.60693359375, 0.71728515625, 5.6953125, 1.2265625, 3.0390625, 2.927734375, 0.00020885467529296875, 0.0006322860717773438, 0.5576171875, 4.48046875, 0.015411376953125, 3.720703125, 5.94921875, 6.55859375, 0.260986328125, 0.009033203125, 0.019439697265625, 0.0313720703125, 4.30078125, 9.3515625, 0.32763671875, 8.21875, 1.87890625, 7.234375, 7.8125, 1.2333984375, 3.48046875, 3.427734375, 0.01198577880859375, 0.0384521484375, 0.050537109375, 3.005859375, 1.6435546875, 1.84765625, 6.8984375, 10.3046875, 5.6171875, 4.4921875, 0.5556640625, 0.94482421875, 2.076171875, 0.01383209228515625, 0.744140625, 0.06829833984375, 2.3828125, 0.591796875, 0.139404296875, 7.53515625, 0.12310791015625, 0.038238525390625, 0.03900146484375, 0.55419921875, 2.904296875, 0.01265716552734375, 0.716796875, 0.00672149658203125, 0.29638671875, 0.0288848876953125, 0.429931640625, 5.91796875, 0.40625, 8.1875, 3.462890625, 0.21875, 6.671875, 1.4658203125, 1.783203125, 0.01100921630859375, 0.18115234375, 1.40625, 1.251953125, 0.0697021484375, 0.110107421875, 4.375, 0.6181640625, 3.3515625, 0.2890625, 0.32958984375, 2.4453125, 0.62646484375, 3.1015625, 0.0200958251953125, 0.73779296875, 0.14892578125, 0.088623046875, 1.837890625, 0.1431884765625, 0.357666015625, 0.0227813720703125, 0.011383056640625, 2.361328125, 0.50048828125, 9.3125, 8.4453125, 2.4609375, 0.1619873046875, 8.6171875, 5.87890625, 0.02935791015625, 14.2421875, 5.83203125, 10.5078125, 1.6787109375, 11.546875, 0.492431640625, 0.552734375, 0.294189453125, 0.2091064453125, 6.03515625, 4.109375, 0.251953125, 0.07373046875, 0.57568359375, 0.0033702850341796875, 0.318603515625, 0.052947998046875, 6.140625, 4.3984375, 9.8203125, 0.252685546875, 0.4443359375, 0.003753662109375, 4.1328125, 0.23193359375, 0.181640625, 1.4033203125, 0.01105499267578125, 5.74609375, 4.796875, 0.09307861328125, 3.44921875, 0.677734375, 0.275146484375, 0.047149658203125, 0.54150390625, 7.8671875, 0.1959228515625, 5.02734375, 0.03570556640625, 11.0859375, 6.6953125, 0.380615234375, 2.3984375, 0.094970703125, 0.328125, 0.004070281982421875, 0.359130859375, 0.00034427642822265625, 0.005710601806640625, 0.0015707015991210938, 0.98876953125, 3.4609375, 0.469970703125, 0.005626678466796875, 0.01255035400390625, 0.96923828125, 0.0234375, 0.455322265625, 8.2890625, 0.03955078125, 0.497314453125, 0.27685546875, 2.931640625, 0.002101898193359375, 0.27880859375, 2.873046875, 3.755859375, 0.2276611328125, 3.525390625, 0.23046875, 0.00310516357421875, 0.04656982421875, 0.0006260871887207031, 0.465087890625, 3.169921875, 5.62890625, 2.658203125, 5.80859375, 5.01171875, 5.46875, 0.04156494140625, 1.9833984375, 4.7734375, 0.8740234375, 0.36279296875, 5.265625, 5.53125, 7.2109375, 0.6728515625, 2.390625, 2.326171875, 5.54296875, 0.0382080078125, 0.1468505859375, 0.056793212890625, 0.0211334228515625, 9.1328125, 4.59765625, 0.0030612945556640625, 2.04296875, 0.2276611328125, 0.0819091796875, 4.12890625, 0.138916015625, 0.06634521484375, 0.004528045654296875, 0.0003180503845214844, 0.0066986083984375, 0.0023059844970703125, 1.650390625, 0.0015420913696289062, 0.013519287109375, 0.0919189453125, 0.0019464492797851562, 0.7080078125, 0.3779296875, 0.004421234130859375, 0.0005602836608886719, 0.0003161430358886719, 10.0078125, 0.2413330078125, 9.28125, 11.09375, 11.3203125, 2.28515625, 0.342529296875, 4.94921875, 10.796875, 0.11431884765625, 6.2734375, 4.21484375, 0.0119171142578125, 0.1046142578125, 0.0013360977172851562, 0.0014200210571289062, 2.3515625, 0.59228515625, 4.7421875, 8.4140625, 0.7255859375, 0.41552734375, 0.294921875, 0.0404052734375, 0.052734375, 0.321533203125, 0.003131866455078125, 0.0043487548828125, 0.99169921875, 1.5732421875, 0.1142578125, 3.220703125, 0.06414794921875, 0.245361328125, 0.473388671875, 0.377685546875, 0.056793212890625, 0.01172637939453125, 4.1328125, 7.828125, 4.00390625, 2.0703125, 4.78125, 1.1962890625, 0.048004150390625, 0.202880859375, 1.4580078125, 5.73828125, 2.90625, 14.9296875, 2.28125, 5.89453125, 5.15234375, 0.1629638671875, 3.603515625, 4.7890625, 3.712890625, 0.0159454345703125, 1.91015625, 5.34765625, 4.73046875, 1.2099609375]",-2.239827763434895
65,1,test,3.211214330009226,1.3486821997142184,1.9001211435971899,6.013356770845302,2.5255577497833133,3.5581886383284953,24.80919448957647,18.369171368783846,21.098967023272696,46.457982037805614,34.39832090714936,39.51016754676543,3.003129893810905,1.1882273503868386,1.6884650479383028,5.623695469938891,2.225088159323124,3.161839006967267,20.148501004936236,14.008023286585738,16.424998176177173,37.73031398376594,26.23158500800131,30.75763989679037,3.196641353210085,1.3343149832258983,1.88508299483037,5.986067247412515,2.498653535467605,3.5300280285358516,24.450272308237416,18.011574152286556,20.738318546641647,45.78586024599873,33.72868025969585,38.83481307460283,0.6231155778894473,-0.0018844221105527303,0.003115577889447274,0.49246231155778897,-0.002537688442211028,-0.007537688442211032,0.4170854271356784,0.0070854271356783904,0.0070854271356783904,0.42662116040955633,0.11997720810972667,0.16555419105654834,0.40068493150684936,0.4170854271356784,0.11883981310059066,0.14496522680178858,0.36868686868686873,0.41979522184300344,0.11315126954317378,0.15872825248999545,0.40410958904109584,23.0,-1.0,-1.0,37.0,0.0,2.0,45.0,0.0,0.0,0.0005750075107391028,-0.00010981993675723667,2.0296852324287608e-05,0.031805396226085136,0.035198877400762996,0.03296363431242888,"[10.0625, 0.2247314453125, 8.6015625, 5.29296875, 4.21484375, 6.48828125, 7.671875, 2.056640625, 1.93359375, 5.421875, 5.4375, 1.5263671875, 1.6103515625, 4.21484375, 1.6484375, 0.83251953125, 0.00360107421875, 1.1083984375, 0.9130859375, 2.056640625, 2.37890625, 2.67578125, 2.361328125, 0.2376708984375, 6.83984375, 9.65625, 4.6484375, 4.75, 10.0234375, 0.51806640625, 3.52734375, 2.39453125, 0.00788116455078125, 4.18359375, 3.2421875, 0.19140625, 8.875, 3.34375, 1.677734375, 7.6015625, 6.32421875, 4.19140625, 9.171875, 2.77734375, 4.515625, 6.5234375, 3.751953125, 0.6298828125, 0.00012481212615966797, 0.2646484375, 0.0182647705078125, 2.275390625, 0.2454833984375, 0.38427734375, 4.08203125, 3.138671875, 6.0859375, 0.0706787109375, 1.28515625, 5.13671875, 2.2109375, 4.76171875, 0.007587432861328125, 4.30859375, 3.890625, 3.6953125, 0.003932952880859375, 10.4375, 9.7421875, 2.111328125, 0.908203125, 9.421875, 7.61328125, 0.43017578125, 6.21875, 8.3125, 0.1973876953125, 0.413330078125, 1.0712890625, 8.125, 12.0234375, 7.37109375, 1.462890625, 0.44775390625, 6.96484375, 0.3388671875, 0.9677734375, 1.4541015625, 1.255859375, 0.83056640625, 0.00011992454528808594, 0.255126953125, 0.0643310546875, 1.041015625, 0.00022852420806884766, 0.280029296875, 0.0260467529296875, 0.410400390625, 0.0009551048278808594, 0.2998046875, 0.06756591796875, 0.461669921875, 0.0020847320556640625, 0.464111328125, 0.01922607421875, 1.4052734375, 4.1953125, 0.1279296875, 3.03125, 8.1953125, 6.1328125, 1.67578125, 0.036041259765625, 1.7333984375, 3.75390625, 6.546875, 0.2091064453125, 10.1484375, 0.382080078125, 1.7177734375, 1.5751953125, 0.314208984375, 0.10699462890625, 0.50341796875, 0.1396484375, 1.990234375, 1.3984375, 3.443359375, 5.125, 0.39892578125, 2.562999725341797e-05, 0.2568359375, 0.004337310791015625, 0.4541015625, 0.00012242794036865234, 0.2587890625, 0.00611114501953125, 1.40234375, 4.15234375, 0.027679443359375, 9.203125, 2.861328125, 7.6640625, 5.0859375, 2.1875, 0.955078125, 4.4375, 6.15625, 0.6318359375, 3.234375, 9.2890625, 6.68359375, 6.2734375, 1.515625, 9.015625, 6.80078125, 4.0234375, 1.517578125, 8.1953125, 2.69921875, 4.73046875, 6.53125, 5.37890625, 0.033721923828125, 1.53125, 2.869140625, 0.78369140625, 0.182373046875, 0.00011420249938964844, 0.0239410400390625, 7.01953125, 2.19921875, 3.37109375, 0.0860595703125, 0.60986328125, 0.62890625, 2.970703125, 4.75, 4.40625, 3.498046875, 7.33984375, 8.21875, 2.513671875, 6.66015625, 1.767578125, 1.7685546875, 4.46484375, 0.396728515625, 8.344650268554688e-06, 0.8232421875, 0.0257568359375, 0.75390625, 0.0004982948303222656, 0.83984375, 0.00958251953125, 1.3935546875, 4.43359375, 5.97265625, 0.69873046875, 8.9765625, 4.90234375, 0.72607421875, 2.21484375, 0.0174102783203125, 9.5390625, 7.09765625, 5.765625, 2.146484375, 3.611328125, 8.8046875, 5.13671875, 2.01953125, 0.9521484375, 1.072265625, 0.248779296875, 0.00012218952178955078, 0.007537841796875, 0.1688232421875, 3.228515625, 1.0361328125, 3.390625, 0.740234375, 2.80078125, 0.42724609375, 12.1953125, 0.59033203125, 4.765625, 5.328125, 8.2421875, 3.39453125, 4.4375, 7.31640625, 4.12890625, 5.03125, 1.0126953125, 2.29296875, 0.669921875, 3.73046875, 1.400390625, 5.4955482482910156e-05, 0.8564453125, 0.6298828125, 0.357421875, 0.0006403923034667969, 0.0738525390625, 4.0703125, 6.75390625, 0.002849578857421875, 1.6513671875, 0.9375, 3.88671875, 6.34375, 5.8046875, 5.88671875, 0.2041015625, 2.578125, 6.07421875, 0.12548828125, 5.203125, 2.10546875, 5.66796875, 0.08917236328125, 6.9296875, 11.2890625, 2.65234375, 7.21875, 2.564453125, 4.23046875, 1.009765625, 7.67578125, 1.392578125, 2.046875, 7.05859375, 0.72802734375, 5.296875, 8.78125, 6.71484375, 7.37109375, 8.578125, 2.85546875, 5.3828125, 0.11688232421875, 0.005828857421875, 2.107421875, 8.5078125, 1.3125, 0.01230621337890625, 5.546875, 10.3203125, 1.044921875, 5.5625, 1.716796875, 5.296875]",-0.46246335286736073
72,1,test,3.101834856518885,1.353387767265571,1.894399522814275,5.967857706401832,2.6038864060255724,3.6447803684555353,22.238718726825095,16.493045500044538,18.893823623964128,42.786774626464656,31.73223373985177,36.351274691720455,3.4817976688020793,1.523791685671703,2.126299813028128,6.6988972692156965,2.9317395589823994,4.090951102258796,32.51812638563819,25.43294139396005,28.639434880651077,62.56411450804073,48.93238431937343,55.10160278207137,3.1853599404810264,1.4352524682316434,1.9514774746782386,6.128558014141858,2.761392175720531,3.7545970126850325,24.175988756969353,18.420767587634888,20.741450595577966,46.51403684820419,35.44112594346127,39.90606576576111,0.7386934673366834,-0.011306532663316604,0.003693467336683409,0.5829145728643217,-0.002085427135678275,0.0029145728643216184,0.4723618090452262,-0.007638190954773805,0.002361809045226204,0.41463414634146345,0.10717600326688204,0.17021223964775145,0.363914373088685,0.4120603015075377,0.09627082782332719,0.15663459199167795,0.38888888888888884,0.4147157190635451,0.11254543525720118,0.17333640871871747,0.37248322147651003,26.0,1.0,2.0,37.0,4.0,4.0,46.0,2.0,3.0,-0.0012942800744434814,-0.00024195171754306445,-0.0005372580869767053,0.01038971566533231,0.009163095366767848,0.011111469794285789,"[3.056640625, 9.4453125, 2.4296875, 6.078125, 0.78955078125, 0.10418701171875, 1.3271484375, 1.0947265625, 0.76611328125, 11.203125, 4.203125, 8.046875, 0.2069091796875, 9.6484375, 0.0019989013671875, 1.9716796875, 10.671875, 6.06640625, 3.40625, 2.134765625, 1.97265625, 10.078125, 4.765625, 1.017578125, 1.71484375, 4.5390625, 6.41796875, 3.12890625, 2.15234375, 5.984375, 0.73046875, 2.859375, 5.7734375, 4.90625, 1.7490234375, 0.2078857421875, 7.12109375, 4.12109375, 3.162109375, 8.0625, 0.2841796875, 6.265625, 9.015625, 0.01551055908203125, 3.0859375, 2.978515625, 3.1015625, 0.77294921875, 0.00447845458984375, 1.25, 9.96875, 0.08953857421875, 0.47412109375, 8.8203125, 6.13671875, 8.3984375, 3.7578125, 6.21875, 3.408203125, 5.453125, 1.2373046875, 5.58203125, 1.6337890625, 0.64111328125, 3.1171875, 2.60546875, 1.4736328125, 4.609375, 0.78955078125, 5.171875, 0.06597900390625, 9.4296875, 0.496826171875, 1.90625, 6.74609375, 0.0372314453125, 0.1082763671875, 0.0005359649658203125, 0.93896484375, 7.91796875, 3.6328125, 7.0625, 7.34765625, 1.37890625, 4.30078125, 3.388671875, 2.001953125, 0.288330078125, 0.88037109375, 8.7421875, 0.012939453125, 8.765625, 2.580078125, 0.08209228515625, 0.9189453125, 6.859375, 0.46728515625, 6.32421875, 1.6904296875, 3.13671875, 0.016204833984375, 12.03125, 2.0234375, 1.9775390625, 2.345703125, 8.421875, 0.0113983154296875, 4.66015625, 9.34375, 8.390625, 2.1484375, 5.4609375, 2.57421875, 3.2421875, 1.5009765625, 0.841796875, 0.98388671875, 5.4375, 9.59375, 1.125, 0.6044921875, 5.8671875, 2.822265625, 0.85400390625, 8.0390625, 1.935546875, 8.8046875, 0.01064300537109375, 3.59375, 3.91015625, 1.5576171875, 0.01052093505859375, 2.322265625, 0.0006308555603027344, 4.7734375, 8.265625, 0.08563232421875, 4.28515625, 1.8955078125, 2.884765625, 0.0016698837280273438, 0.576171875, 5.875, 3.685546875, 2.6484375, 2.65625, 2.0390625, 2.35546875, 4.04296875, 8.7734375, 2.138671875, 1.4033203125, 9.5, 0.029998779296875, 2.962890625, 0.433837890625, 2.51953125, 4.078125, 0.279296875, 3.025390625, 7.171875, 1.1689453125, 0.8447265625, 1.3759765625, 0.4296875, 0.296630859375, 5.80859375, 0.008026123046875, 7.33203125, 3.15625, 3.50390625, 6.94140625, 3.1171875, 0.14892578125, 2.47265625, 2.935546875, 0.415283203125, 2.265625, 3.662109375, 3.1328125, 0.5595703125, 6.75390625, 0.62451171875, 8.25, 1.35546875, 5.5546875, 6.859375, 4.63671875, 1.8642578125, 6.7421875, 0.0244903564453125, 0.50244140625, 1.4677734375, 1.3759765625, 1.41015625, 7.546875, 1.642578125, 4.6328125, 4.27734375, 2.05859375, 2.20703125, 4.45703125, 4.8359375, 5.0703125, 0.35302734375, 0.021240234375, 0.12176513671875, 2.8515625, 5.05078125, 2.380859375, 3.80859375, 0.66162109375, 6.02734375, 5.87109375, 0.0305633544921875, 1.92578125, 4.8203125, 0.72705078125, 5.828125, 0.01485443115234375, 0.39599609375, 0.00513458251953125, 9.09375, 1.1005859375, 3.900390625, 0.02825927734375, 7.16796875, 5.0078125, 3.05078125, 0.79296875, 5.609375, 2.22265625, 4.5859375, 4.69921875, 7.7578125, 4.0859375, 3.48828125, 4.80859375, 5.28515625, 2.666015625, 2.216796875, 1.31640625, 2.849609375, 1.1171875, 0.583984375, 1.64453125, 0.44775390625, 0.4443359375, 0.0036411285400390625, 0.04193115234375, 0.1641845703125, 1.0244140625, 3.30078125, 6.609375, 4.9296875, 0.1624755859375, 3.826171875, 3.861328125, 4.14453125, 0.133544921875, 0.01329803466796875, 0.0004189014434814453, 0.024658203125, 0.0010404586791992188, 0.01239013671875, 0.00023245811462402344, 0.00902557373046875, 0.00524139404296875, 1.4543533325195312e-05, 0.01222991943359375, 4.2421875, 3.703125, 2.9325485229492188e-05, 0.427490234375, 14.4296875, 11.59375, 3.255859375, 0.50927734375, 0.0010862350463867188, 0.6904296875, 0.00018310546875, 1.5625, 7.64453125, 0.8837890625, 0.07257080078125, 2.611328125, 0.00485992431640625, 0.26904296875, 1.576171875, 0.50439453125, 5.2578125, 3.69921875, 0.120361328125, 10.46875, 7.5625, 0.56884765625, 0.0022125244140625, 0.0003192424774169922, 0.006198883056640625, 9.083747863769531e-05, 0.91552734375, 1.3876953125, 1.8525390625, 0.061981201171875, 1.8835067749023438e-05, 1.4185905456542969e-05, 0.0006999969482421875, 0.05950927734375, 0.00047278404235839844, 0.0008606910705566406, 3.81640625, 3.037109375, 1.837890625, 5.7109375, 2.322265625, 0.457763671875, 5.14453125, 0.0615234375, 3.59375, 7.40625, 0.6904296875, 3.291015625, 1.9130859375, 8.828125, 3.44921875, 7.7265625, 0.175537109375, 5.27734375]",-1.451267636767248
78,1,test,2.7064064919948576,1.1231742443042665,1.5490636350178135,4.62857019369575,1.9208832246340006,2.64925087579751,14.975364615639146,10.104690996452913,11.79389619732192,25.611276984701036,17.28131812461549,20.17024292837442,3.3466804255193203,1.4348415178735618,1.9887833516430398,5.7235841368256555,2.453905095908762,3.4012715275258802,28.408273566906587,21.642755036689557,24.52026506276008,48.58460422522092,37.01402992070203,41.935226044833996,2.7106241976537033,1.1056107753961892,1.534271308744426,4.635783428941845,1.8908457011037099,2.623952635977683,15.038659681871469,10.060733264569926,11.796132925621183,25.719525933200636,17.206140412701977,20.1740682421135,0.7336683417085428,0.0036683417085427994,-0.0063316582914572095,0.6030150753768844,0.0030150753768843908,0.028015075376884413,0.4522613065326633,-0.012738693467336692,-0.007738693467336688,0.3766666666666667,0.08049362174154195,0.13387287509238732,0.3010033444816054,0.42211055276381915,0.09629601642296703,0.1566681487571413,0.3434343434343434,0.37792642140468224,0.08410338300735332,0.1443335404258168,0.30201342281879195,20.0,5.0,4.0,34.0,8.0,8.0,41.0,8.0,11.0,-0.002480120550254679,-0.0003137981923846578,-0.00022390828519068152,0.05002604935049959,0.037717280797184394,0.04536696660345019,"[3.0625, 9.453125, 2.48046875, 1.494140625, 1.81640625, 10.234375, 5.125, 3.037109375, 13.2734375, 4.4453125, 6.14453125, 8.8359375, 5.21875, 4.65234375, 2.5703125, 7.03515625, 0.344482421875, 4.0625, 0.0712890625, 2.087890625, 5.08203125, 9.59375, 0.6962890625, 1.61328125, 9.3359375, 3.23046875, 4.84765625, 4.13671875, 2.40625, 2.287109375, 1.169921875, 1.8896484375, 0.99462890625, 3.392578125, 7.81640625, 2.333984375, 0.0804443359375, 1.7724609375, 0.247314453125, 5.140625, 0.28369140625, 0.4599609375, 5.75390625, 0.251708984375, 1.3193359375, 4.12890625, 6.28515625, 1.5732421875, 0.052337646484375, 2.88671875, 0.374755859375, 6.26953125, 1.1904296875, 2.576171875, 0.59033203125, 6.515625, 0.890625, 4.83203125, 5.93359375, 7.57421875, 0.96484375, 1.2890625, 7.703125, 0.366943359375, 2.125, 2.5703125, 2.31640625, 1.31640625, 7.67578125, 9.5546875, 6.1875, 0.8154296875, 0.1673583984375, 9.8125, 2.583984375, 5.36328125, 7.33984375, 13.40625, 3.85546875, 1.54296875, 6.30078125, 6.7109375, 4.171875, 1.4560546875, 3.3828125, 4.40234375, 0.421630859375, 0.394775390625, 0.150146484375, 7.44140625, 8.7578125, 2.466796875, 0.58935546875, 5.1953125, 7.8984375, 4.1875, 0.412109375, 0.7666015625, 2.515625, 1.66015625, 0.884765625, 4.00390625, 5.078125, 1.7666015625, 3.6015625, 1.9384765625, 2.158203125, 6.53125, 4.703125, 0.82275390625, 10.9296875, 0.041015625, 0.95068359375, 4.421875, 3.5546875, 0.54638671875, 3.833984375, 2.302734375, 3.478515625, 3.75390625, 1.8271484375, 0.1331787109375, 3.44140625, 4.765625, 6.8671875, 0.37646484375, 2.23828125, 0.77734375, 3.51171875, 0.415283203125, 0.00981903076171875, 4.3515625, 0.33544921875, 2.01171875, 4.359375, 7.4765625, 0.280029296875, 6.09765625, 1.6962890625, 1.9453125, 0.978515625, 1.6689453125, 6.16015625, 2.90234375, 2.306640625, 3.013671875, 3.625, 5.48828125, 8.546875, 0.544921875, 0.9912109375, 3.595703125, 3.26171875, 2.904296875, 5.69921875, 0.970703125, 1.3994140625, 4.26171875, 5.20703125, 0.36181640625, 0.046661376953125, 0.5615234375, 0.041839599609375, 2.5, 8.8515625, 0.98388671875, 4.32421875, 6.796875, 8.03125, 0.99169921875, 2.34765625, 10.265625, 5.60546875, 0.1485595703125, 0.78466796875, 3.46875, 2.611328125, 2.267578125, 3.216796875, 4.98046875, 0.151611328125, 0.54833984375, 5.5390625, 5.19140625, 0.001354217529296875, 0.13818359375, 0.0003046989440917969, 0.0027980804443359375, 0.0204010009765625, 12.375, 0.007747650146484375, 5.1640625, 0.04638671875, 3.505859375, 0.0023212432861328125, 0.03936767578125, 0.0034542083740234375, 0.0283050537109375, 2.078125, 0.791015625, 0.17431640625, 0.0012989044189453125, 0.03564453125, 0.0006442070007324219, 0.10540771484375, 0.0002295970916748047, 0.343505859375, 3.880859375, 2.048828125, 0.384033203125, 0.07489013671875, 1.53515625, 0.955078125, 0.296875, 0.005382537841796875, 0.158203125, 0.1881103515625, 1.1552734375, 0.0006132125854492188, 0.0206298828125, 0.028564453125, 0.01374053955078125, 0.0028076171875, 0.015472412109375, 0.199462890625, 0.03314208984375, 0.0032520294189453125, 0.01001739501953125, 0.07647705078125, 1.3505859375, 0.144775390625, 0.1796875, 0.033355712890625, 0.054901123046875, 0.06292724609375, 0.24169921875, 0.8251953125, 0.002094268798828125, 0.002590179443359375, 0.027099609375, 0.0001327991485595703, 4.69140625, 1.3330078125, 1.1044921875, 0.00579833984375, 7.6796875, 0.445556640625, 0.0035648345947265625, 0.0079498291015625, 0.0030841827392578125, 3.814697265625e-06, 0.00012063980102539062, 0.0008769035339355469, 0.1622314453125, 0.0027294158935546875, 5.161762237548828e-05, 1.5419921875, 1.861328125, 0.006000518798828125, 0.006175994873046875, 0.080810546875, 7.80078125, 6.7890625, 4.61328125, 2.623046875, 2.904296875, 0.177978515625, 1.646484375, 5.3359375, 0.64404296875, 3.98046875, 0.0179901123046875, 6.82421875, 2.30859375, 0.0675048828125, 3.255859375, 7.99609375, 9.609375, 0.339111328125, 1.3291015625, 0.329345703125, 2.228515625, 2.400390625, 3.62890625, 0.371337890625, 0.478759765625, 1.3837890625, 0.0496826171875, 3.150390625, 7.3828125, 0.002590179443359375, 0.88916015625, 2.38671875, 2.482421875, 0.66845703125, 8.1796875, 6.375, 0.149169921875, 0.0025997161865234375, 1.4453125]",-1.4378224432468416
63,1,test,3.2757755178924,1.4573775061606624,2.0137341487481892,5.116449380327177,2.2762848667652253,3.145260956140029,26.46374062895986,20.30176150850864,22.93111510440193,41.33384250618493,31.709417975194455,35.81621787735159,3.6931551257569586,1.6362322280978097,2.2689440979317417,5.768356577372773,2.5556389086480076,3.543874591055292,40.17139301473921,32.349528949547405,36.01681431238247,62.743890042068855,50.52688331167404,56.25483378314976,3.3683814085446873,1.5691669477307477,2.114781347671199,5.261090961917416,2.4508893278842154,3.3030870573150164,29.031498872344994,22.98660177703238,25.52856782241295,45.34443633394837,35.90288277555534,39.873191646435465,0.7587939698492463,0.008793969849246297,-0.001206030150753712,0.6381909547738693,0.00819095477386933,0.01819095477386934,0.5175879396984925,0.0025879396984924696,0.0025879396984924696,0.4281345565749235,0.11668417489553418,0.1900877610510171,0.3834355828220859,0.44221105527638194,0.11138398760720902,0.1801075494333102,0.398989898989899,0.4347826086956522,0.1242650794802933,0.20118972771678678,0.3926174496644296,22.0,0.0,0.0,35.0,1.0,-1.0,43.0,1.0,1.0,-0.0015814891995433145,-8.31359694628156e-05,-0.0006284876262984667,-0.00039646512983626536,4.812870849413287e-06,0.00013843336848395893,"[3.056640625, 9.4453125, 2.4296875, 1.0791015625, 0.80224609375, 5.9921875, 0.89404296875, 2.974609375, 0.87744140625, 1.1083984375, 4.67578125, 7.78515625, 5.3984375, 3.66015625, 10.828125, 5.515625, 6.52734375, 1.4296875, 0.1751708984375, 0.298583984375, 5.3046875, 8.8046875, 0.2261962890625, 5.015625, 0.93115234375, 2.130859375, 4.87109375, 0.022125244140625, 4.65625, 0.288818359375, 4.0390625, 3.73828125, 2.869140625, 5.64453125, 12.6171875, 0.383056640625, 0.1143798828125, 7.79296875, 0.1378173828125, 3.13671875, 6.265625, 1.626953125, 1.046875, 6.2109375, 2.322265625, 10.015625, 4.5234375, 0.082763671875, 0.578125, 5.8125, 8.0625, 6.4921875, 7.5, 1.740234375, 8.1015625, 0.5087890625, 6.90625, 3.642578125, 14.0390625, 4.25390625, 1.55859375, 1.26953125, 10.640625, 0.77197265625, 3.86328125, 5.1875, 7.046875, 0.0308685302734375, 0.82666015625, 7.96875, 0.1761474609375, 4.3828125, 12.0390625, 0.814453125, 7.453125, 1.470703125, 3.658203125, 7.12109375, 2.56640625, 3.658203125, 0.927734375, 3.76953125, 2.029296875, 6.484375, 5.578125, 5.2734375, 6.3125, 0.46875, 7.59765625, 0.056640625, 5.12109375, 8.8203125, 3.240234375, 7.85546875, 4.3125, 3.8828125, 4.09765625, 3.7109375, 0.339599609375, 4.66796875, 2.00390625, 5.2421875, 2.58984375, 0.2349853515625, 8.4453125, 3.056640625, 8.140625, 1.1865234375, 3.2421875, 5.484375, 6.3359375, 2.82421875, 10.4296875, 2.44921875, 0.306396484375, 4.9140625, 0.336669921875, 5.50390625, 4.39453125, 5.26953125, 8.15625, 1.287109375, 2.40234375, 2.974609375, 0.114501953125, 6.73828125, 5.8984375, 9.15625, 1.5380859375, 3.181640625, 1.7314453125, 1.6416015625, 0.63330078125, 1.4892578125, 6.609375, 3.318359375, 6.125, 3.72265625, 4.40625, 10.1484375, 0.11859130859375, 0.46630859375, 0.02392578125, 0.053924560546875, 4.57421875, 4.453125, 3.337890625, 2.765625, 2.923828125, 2.16015625, 1.083984375, 0.0070648193359375, 1.6162109375, 1.9521484375, 5.328125, 6.99609375, 3.76953125, 2.759765625, 3.85546875, 6.0, 2.638671875, 9.6953125, 3.9609375, 0.39453125, 2.125, 6.44140625, 0.583984375, 2.677734375, 2.69921875, 0.46484375, 1.01953125, 3.474609375, 0.266845703125, 8.3671875, 0.002277374267578125, 1.4814453125, 1.21484375, 4.1953125, 7.8359375, 3.087890625, 2.283203125, 0.002124786376953125, 1.32421875, 0.00307464599609375, 0.30322265625, 0.00957489013671875, 0.357421875, 5.14453125, 8.6328125, 2.734375, 8.78125, 1.015625, 0.131591796875, 0.45654296875, 2.443359375, 0.30224609375, 1.44140625, 0.01168060302734375, 0.66845703125, 2.560546875, 0.027801513671875, 2.6875, 2.4609375, 0.320556640625, 0.0004553794860839844, 6.21484375, 6.421875, 7.4140625, 2.138671875, 4.390625, 5.484375, 4.29296875, 1.064453125, 0.429931640625, 7.33984375, 7.8125, 7.953125, 1.8994140625, 0.27490234375, 1.203125, 0.412109375, 0.2135009765625, 0.00640106201171875, 0.054473876953125, 0.051971435546875, 4.7890625, 0.167236328125, 0.81298828125, 0.1259765625, 4.88671875, 0.0848388671875, 0.72607421875, 0.75341796875, 0.461669921875, 1.4140625, 6.34765625, 4.78515625, 0.0672607421875, 0.0292205810546875, 4.20703125, 7.01171875, 6.296875, 0.2479248046875, 6.53125, 3.55078125, 6.546875, 6.58984375, 1.9482421875, 7.3828125, 0.830078125, 4.97265625, 1.1162109375, 5.25, 5.2578125, 2.685546875, 0.302734375, 0.01381683349609375, 0.007228851318359375, 0.6923828125, 13.0, 2.544921875, 1.0283203125, 1.630859375, 1.462890625, 0.13525390625, 0.00482940673828125, 0.33251953125, 0.0036640167236328125, 0.0084381103515625, 0.0018205642700195312, 0.6357421875, 3.59375, 0.302001953125, 8.6015625, 1.0810546875, 3.703125, 2.228515625, 2.01171875, 2.640625, 0.1591796875, 8.0703125, 6.5390625, 2.73046875, 3.25, 1.9072265625, 3.44140625, 0.0015172958374023438, 0.4443359375, 0.0002084970474243164, 8.46875, 3.921875, 5.046875, 6.86328125, 6.203125, 3.6875, 1.0166015625, 0.297607421875, 0.0004055500030517578, 0.002758026123046875, 0.0007262229919433594, 1.130859375, 0.38037109375, 0.0018281936645507812, 0.000469207763671875, 0.00020778179168701172, 1.6318359375, 5.94140625, 0.2900390625, 0.67919921875, 9.53125, 1.0048828125, 0.0589599609375, 0.0021457672119140625, 1.4462890625, 6.3671875, 0.077880859375, 2.138671875, 3.228515625, 2.267578125, 3.369140625, 5.41015625, 0.47265625, 5.94921875, 3.8828125, 2.51953125, 5.1953125, 0.125]",-1.934424791861018
127,1,test,3.1365733258078032,1.3538056285892004,1.8849245559597159,5.343791592116998,2.306483663522341,3.2113529471906266,23.024832923525796,17.078541725062,19.52873044708033,39.22749312896987,29.096774790846364,33.27117039132204,3.2274830754677852,1.35096411219418,1.8782824092184893,5.498674869315486,2.3016425615160103,3.200036697187056,25.216109987194926,18.685378455718833,21.361766594922724,42.96077997818394,31.834348480113565,36.3941208654239,3.23315482873183,1.412218393877778,1.9503853005380434,5.508337856357932,2.406001708088066,3.3228786601759253,25.3595358950155,19.181895194837388,21.752921367952176,43.205135228544925,32.68026588750074,37.06053270095556,0.6331658291457287,-0.0018341708542712887,0.013165829145728725,0.5376884422110553,-0.0023115577889447625,-0.0023115577889447625,0.44221105527638194,-0.0027889447236180143,-0.0027889447236180143,0.39563862928348914,0.08926226847477992,0.15626039094152022,0.38749999999999996,0.39698492462311563,0.08620798226722592,0.14489811327086188,0.398989898989899,0.3946488294314381,0.08246185113427618,0.15438186613889082,0.3993288590604027,28.0,10.0,10.0,36.0,6.0,6.0,47.0,10.0,10.0,-0.00022764460039844658,-0.00012771808650939947,-5.126502337338754e-05,0.004255370352390209,0.005226064888981696,0.00430560651243983,"[3.056640625, 6.44140625, 0.03302001953125, 0.005214691162109375, 0.009490966796875, 0.62646484375, 3.7578125, 9.0546875, 0.662109375, 7.515625, 1.3828125, 3.724609375, 3.0546875, 6.015625, 4.296875, 0.0293731689453125, 7.3359375, 0.0897216796875, 0.17333984375, 0.54638671875, 6.609375, 0.4990234375, 7.44140625, 3.86328125, 2.400390625, 3.7734375, 6.5078125, 1.412109375, 0.38916015625, 0.00334930419921875, 0.1844482421875, 10.078125, 4.23046875, 8.640625, 6.34375, 5.890625, 8.6875, 3.8984375, 4.58984375, 0.00344085693359375, 0.0338134765625, 0.0015821456909179688, 0.01517486572265625, 5.890625, 0.265625, 0.004444122314453125, 0.022430419921875, 0.0008492469787597656, 0.1983642578125, 8.273124694824219e-05, 0.404296875, 3.009765625, 10.5703125, 2.48828125, 10.0546875, 0.1727294921875, 9.59375, 0.0811767578125, 0.34228515625, 5.62109375, 0.10198974609375, 3.15234375, 9.7578125, 7.4140625, 7.27734375, 1.17578125, 6.13671875, 3.673828125, 7.625, 10.5625, 1.11328125, 8.328125, 7.21875, 8.6875, 2.96484375, 0.0019321441650390625, 3.41015625, 0.01235198974609375, 0.0004355907440185547, 0.0394287109375, 9.584426879882812e-05, 0.4375, 0.345947265625, 0.0018358230590820312, 0.00044226646423339844, 0.0005369186401367188, 1.375, 7.00390625, 6.72265625, 2.583984375, 0.8798828125, 2.01953125, 2.232421875, 6.2109375, 5.5703125, 0.384521484375, 4.79296875, 12.03125, 12.0625, 0.4716796875, 0.004779815673828125, 0.68994140625, 3.048828125, 2.783203125, 0.1446533203125, 0.305908203125, 0.939453125, 0.58349609375, 7.41796875, 8.5390625, 1.740234375, 6.61328125, 5.75390625, 1.849609375, 1.7392578125, 0.08831787109375, 5.125, 1.8447265625, 1.9814453125, 7.9375, 2.482421875, 2.22265625, 6.6875, 0.416015625, 0.0147705078125, 4.26171875, 3.802734375, 3.013671875, 0.061279296875, 0.0513916015625, 1.2509765625, 3.1875, 7.44140625, 2.33984375, 1.8642578125, 3.544921875, 0.1046142578125, 0.098388671875, 0.94091796875, 4.75390625, 9.4765625, 0.74365234375, 1.66796875, 5.42578125, 0.036834716796875, 3.025390625, 1.2021484375, 1.27734375, 2.548828125, 3.8515625, 2.453125, 0.91259765625, 10.453125, 0.1669921875, 0.07171630859375, 9.3203125, 3.23828125, 0.75927734375, 6.10546875, 0.163818359375, 5.48046875, 2.564453125, 3.65625, 0.00530242919921875, 6.99609375, 3.42578125, 2.33203125, 7.04296875, 4.54296875, 7.8671875, 0.1776123046875, 0.468017578125, 4.890625, 5.35546875, 4.234375, 2.55078125, 2.693359375, 1.5361328125, 2.00390625, 0.1956787109375, 0.91259765625, 5.83203125, 0.1112060546875, 5.9375, 1.16796875, 8.8984375, 0.0614013671875, 1.0146484375, 0.449951171875, 4.12109375, 5.0234375, 0.7197265625, 0.48486328125, 6.29296875, 2.93359375, 0.434814453125, 0.5859375, 8.0, 1.42578125, 2.0859375, 4.51953125, 0.181884765625, 2.732421875, 2.203125, 2.294921875, 7.99609375, 2.453125, 1.421875, 2.8203125, 0.05126953125, 0.323974609375, 13.796875, 2.734375, 0.345458984375, 2.373046875, 1.1826171875, 0.229736328125, 3.19140625, 0.7724609375, 0.9931640625, 2.38671875, 1.162109375, 3.634765625, 7.58203125, 6.765625, 2.626953125, 7.9453125, 5.29296875, 13.71875, 0.050628662109375, 4.359375, 0.444091796875, 0.11907958984375, 5.3203125, 1.4453125, 6.4375, 1.2451171875, 0.73046875, 1.935546875, 1.4765625, 2.330078125, 0.00107574462890625, 1.861328125, 3.14453125, 8.40625, 6.3359375, 1.609375, 3.052734375, 0.353515625, 0.180908203125, 3.2421875, 7.265625, 1.447265625, 0.64111328125, 5.98046875, 0.75439453125, 2.408203125, 1.0, 7.2890625, 0.02239990234375, 0.0250396728515625, 0.0452880859375, 0.0078887939453125, 0.003841400146484375, 0.1583251953125, 2.40234375, 6.64453125, 4.3984375, 5.5625, 6.26953125, 10.5859375, 0.23779296875, 7.26953125, 0.2041015625, 1.2236328125, 5.6171875, 4.88671875, 5.078125, 3.34765625, 1.8466796875, 4.8828125, 2.705078125, 0.03411865234375, 3.1640625, 9.5703125, 1.666015625, 1.5908203125, 3.46484375, 4.56640625, 6.23828125, 1.8798828125, 3.232421875, 5.625, 0.9013671875, 10.8828125, 7.0, 0.0877685546875, 0.019622802734375, 2.888671875, 5.6015625, 2.416015625, 1.9287109375, 1.5517578125, 0.55078125, 4.0, 0.59619140625, 1.5205078125, 1.8828125, 8.9296875, 0.01434326171875, 0.045745849609375, 0.0258941650390625, 0.002719879150390625, 0.005046844482421875, 0.214111328125, 6.86328125, 0.31591796875, 0.6435546875, 0.744140625, 6.17578125, 1.0751953125]",-1.5622534640481538
159,1,test,2.973741903143414,1.2015020161753465,1.6991804952736083,4.9730373069516975,2.0092915072762856,2.8415673819264864,19.564993102967723,13.680974955337028,15.987860938986275,32.71885852247709,22.878918569377177,26.73676179627083,2.9316052479959613,1.1217282586934816,1.5918432936788525,4.902571488174036,1.8758845456116977,2.662065621067459,18.757717129789906,12.648021301731472,14.939582623046904,31.368837685976338,21.151493250353194,24.983708793343975,2.995579148147066,1.2317987618322865,1.7128289422448029,5.009556089556675,2.0599572514257445,2.8643919034150374,19.996937726323434,14.162485487048823,16.390392886644154,33.441206593173646,23.68415652071441,27.4099225674953,0.6080402010050252,0.0030402010050252226,0.0030402010050252226,0.507537688442211,0.002537688442211028,0.002537688442211028,0.40201005025125625,-0.01298994974874379,-0.007989949748743785,0.4203389830508475,0.09377383922682037,0.14750921980394782,0.435374149659864,0.4120603015075377,0.09627082782332719,0.14494844841905685,0.43434343434343436,0.4203389830508475,0.09377383922682037,0.15201880266753298,0.44557823129251706,23.0,6.0,5.0,33.0,3.0,4.0,44.0,7.0,6.0,0.0003757909857045508,0.00023105461975869387,0.00017468140411541771,0.00969182521202061,0.010356602736499632,0.010414904221621057,"[3.056640625, 6.44140625, 0.03302001953125, 0.005214691162109375, 0.009490966796875, 0.62646484375, 2.7578125, 6.171875, 0.74609375, 3.853515625, 3.375, 0.49609375, 2.283203125, 4.484375, 5.66796875, 8.1015625, 0.0023784637451171875, 4.37890625, 0.001049041748046875, 0.088623046875, 0.002666473388671875, 0.014312744140625, 8.0625, 9.8046875, 5.73046875, 0.156005859375, 0.0012865066528320312, 0.004283905029296875, 0.0008778572082519531, 0.2109375, 0.0012493133544921875, 5.3828125, 5.37890625, 3.68359375, 0.324951171875, 0.10009765625, 6.67578125, 1.021484375, 2.2578125, 8.9375, 0.7607421875, 2.03515625, 4.53515625, 0.1309814453125, 0.0007424354553222656, 0.026702880859375, 0.00026607513427734375, 0.455078125, 0.73583984375, 0.0034732818603515625, 0.00021123886108398438, 0.00034236907958984375, 4.140625, 0.02008056640625, 0.1820068359375, 1.0908203125, 6.51953125, 0.39453125, 2.677734375, 1.685546875, 0.1292724609375, 1.5263671875, 2.990234375, 6.16796875, 3.951171875, 8.78125, 4.046875, 0.00511932373046875, 5.4765625, 0.288818359375, 3.76171875, 6.44921875, 3.169921875, 2.048828125, 2.869140625, 6.875, 0.66357421875, 3.80859375, 4.41796875, 1.5234375, 4.98046875, 0.027252197265625, 1.232421875, 8.2109375, 1.4365234375, 8.140625, 1.6396484375, 1.9541015625, 1.94921875, 0.0145111083984375, 0.1534423828125, 6.53515625, 4.84375, 4.56640625, 4.1875, 0.90673828125, 1.4970703125, 4.4296875, 6.98046875, 6.35546875, 7.66015625, 10.1640625, 0.2115478515625, 8.0546875, 8.0703125, 2.716796875, 4.51171875, 0.0872802734375, 4.07421875, 2.466796875, 3.7890625, 0.0022373199462890625, 6.3671875, 7.9453125, 0.034759521484375, 2.22265625, 1.333984375, 0.0037670135498046875, 0.0362548828125, 1.5927734375, 2.591796875, 0.021240234375, 0.9013671875, 6.34375, 1.72265625, 12.3984375, 3.591796875, 0.9873046875, 0.76513671875, 1.517578125, 7.5234375, 0.6181640625, 2.80078125, 0.6240234375, 0.065185546875, 2.1328125, 5.07421875, 0.05938720703125, 3.87109375, 4.62109375, 6.38671875, 0.50830078125, 1.9736328125, 10.8671875, 0.9326171875, 1.837890625, 4.5078125, 0.2095947265625, 0.0117340087890625, 0.018768310546875, 0.014068603515625, 0.54248046875, 0.051971435546875, 0.0022258758544921875, 1.033203125, 7.37890625, 1.998046875, 0.33349609375, 2.310546875, 0.005161285400390625, 0.53662109375, 3.7265625, 10.6015625, 6.1796875, 0.003021240234375, 3.978515625, 2.06640625, 5.55859375, 2.861328125, 0.83740234375, 4.63671875, 4.8515625, 1.658203125, 0.0020427703857421875, 0.0213165283203125, 0.1640625, 1.369140625, 8.0234375, 3.833984375, 1.689453125, 0.09326171875, 1.8203125, 3.583984375, 3.65625, 3.373046875, 0.93408203125, 3.36328125, 8.40625, 0.07269287109375, 3.86328125, 0.2177734375, 8.4609375, 7.67578125, 0.9716796875, 0.10260009765625, 8.09375, 6.69921875, 1.8291015625, 8.9765625, 6.2421875, 0.7158203125, 1.5712890625, 1.3330078125, 7.7265625, 2.4609375, 1.9296875, 3.935546875, 1.865234375, 6.890625, 3.138671875, 2.791015625, 5.8671875, 4.26171875, 0.98876953125, 1.255859375, 0.07159423828125, 4.046875, 5.9140625, 0.8076171875, 0.00010919570922851562, 1.599609375, 0.01611328125, 0.01397705078125, 0.006023406982421875, 0.0074310302734375, 1.1728515625, 6.0703125, 0.7783203125, 6.93359375, 4.40234375, 1.873046875, 6.9609375, 4.79296875, 0.6259765625, 2.16796875, 5.26171875, 8.859375, 2.708984375, 3.517578125, 0.2266845703125, 2.953125, 6.4375, 5.79296875, 2.220703125, 5.75390625, 3.3515625, 2.0625, 3.849609375, 2.25, 8.78125, 2.220703125, 4.828125, 5.703125, 6.328125, 2.96875, 0.488525390625, 1.1806640625, 6.81640625, 2.873046875, 1.59375, 2.150390625, 6.52734375, 1.328125, 6.15625, 0.33203125, 0.0024013519287109375, 0.0010023117065429688, 4.2109375, 0.60302734375, 4.328125, 1.3330078125, 1.52734375, 1.4365234375, 1.4716796875, 3.564453125, 8.90625, 0.0237884521484375, 4.921875, 8.1015625, 0.01396942138671875, 0.1895751953125, 6.296875, 1.833984375, 0.0196685791015625, 1.162109375, 4.86328125, 2.076171875, 4.69921875, 5.58203125, 0.681640625, 3.173828125, 4.91015625, 0.06854248046875, 3.251953125, 1.224609375]",-1.2071467496580999
124,1,test,2.943459468425354,1.2325189885371535,1.7141631083442284,5.642985831732584,2.36289551946073,3.286268500527332,18.981398407636377,13.447234606983397,15.562575338277682,36.38975274834156,25.780057506205736,29.835434488300304,2.827478303382145,1.1548941273186073,1.639049413851218,5.420635200406653,2.2140787965721365,3.142266003350125,16.9027833457341,11.576870219159597,13.620862451276293,32.40478354126924,22.194331304134693,26.11292414692195,2.801594258550816,1.1508611615810713,1.6193589810163567,5.3710121973322265,2.2063470887769703,3.1045169415064953,16.470884699290384,11.260086251439107,13.209227930610675,31.57677895388819,21.587016183698175,25.323768463656926,0.6231155778894473,0.003115577889447274,0.003115577889447274,0.4824120603015075,-0.0025879396984924696,0.007412060301507539,0.40201005025125625,-0.002989949748743781,-0.002989949748743781,0.41329479768786126,0.11026449465755828,0.16402793551777328,0.4,0.4120603015075377,0.10880215614412914,0.15997349015528395,0.35858585858585856,0.3946488294314381,0.10583413827951826,0.16328064255713326,0.3691275167785235,22.0,6.0,6.0,36.0,14.0,10.0,45.0,15.0,13.0,-0.001260227570528812,0.0003801500545003988,8.181600321511969e-05,0.020710547308902427,0.015807474794301335,0.018689638892820604,"[3.056640625, 9.4453125, 2.4296875, 1.0791015625, 3.802734375, 5.9140625, 9.0, 1.1181640625, 3.830078125, 1.7373046875, 4.44140625, 4.1484375, 6.859375, 4.234375, 0.2763671875, 1.0712890625, 3.12890625, 3.302734375, 1.55859375, 4.09375, 0.11260986328125, 0.37109375, 3.640625, 2.189453125, 1.93359375, 5.2109375, 8.375, 0.5087890625, 3.751953125, 1.833984375, 3.912109375, 0.39697265625, 0.1522216796875, 1.998046875, 1.6015625, 7.671875, 2.34765625, 0.5458984375, 2.115234375, 9.203125, 6.34375, 3.447265625, 5.5078125, 6.73046875, 3.345703125, 0.35009765625, 5.55078125, 2.384765625, 1.3330078125, 0.69140625, 5.453125, 1.3828125, 1.9892578125, 0.07958984375, 0.72314453125, 6.25, 0.943359375, 3.474609375, 0.70458984375, 3.125, 8.3203125, 0.328369140625, 5.1796875, 6.5703125, 2.6796875, 9.2578125, 0.1455078125, 0.490478515625, 5.25390625, 0.2430419921875, 4.5078125, 1.322265625, 0.47119140625, 0.282470703125, 7.98046875, 0.3544921875, 6.3125, 4.5625, 0.73388671875, 4.57421875, 3.126953125, 0.446044921875, 3.404296875, 1.2568359375, 2.912109375, 3.857421875, 0.163818359375, 1.12109375, 6.890625, 0.08367919921875, 3.224609375, 3.76953125, 0.0379638671875, 0.368408203125, 0.5263671875, 2.158203125, 3.0703125, 0.67236328125, 6.20703125, 1.31640625, 6.328125, 0.36083984375, 0.6630859375, 6.4765625, 5.625, 1.052734375, 0.21044921875, 1.2763671875, 0.7763671875, 0.016937255859375, 0.00555419921875, 0.05169677734375, 0.82275390625, 10.6796875, 0.923828125, 7.3828125, 0.158935546875, 0.91259765625, 0.0192718505859375, 0.85595703125, 1.64453125, 2.203125, 2.919921875, 0.1419677734375, 1.1318359375, 9.0078125, 5.203125, 1.2392578125, 0.2398681640625, 6.7734375, 8.015625, 1.4462890625, 0.020263671875, 4.890625, 2.41796875, 0.419189453125, 5.58984375, 4.73828125, 1.359375, 0.14453125, 1.892578125, 2.67578125, 4.71484375, 2.11328125, 0.0092315673828125, 1.568359375, 3.21484375, 0.3212890625, 7.77734375, 3.90234375, 5.41015625, 1.65234375, 2.11328125, 0.1322021484375, 8.8671875, 5.51953125, 0.70703125, 4.88671875, 0.0008959770202636719, 0.133544921875, 0.0004372596740722656, 0.004154205322265625, 0.00730133056640625, 0.94140625, 5.0234375, 0.2266845703125, 1.27734375, 2.9765625, 0.3564453125, 0.283203125, 7.07421875, 2.6953125, 7.91015625, 7.3203125, 1.0244140625, 0.0027103424072265625, 0.347412109375, 0.2291259765625, 3.927734375, 0.031005859375, 0.052398681640625, 2.22265625, 0.441650390625, 0.011688232421875, 10.109375, 11.5078125, 0.615234375, 0.436767578125, 0.002140045166015625, 0.39697265625, 0.0782470703125, 3.58984375, 0.006320953369140625, 9.0234375, 0.2442626953125, 11.0234375, 5.01953125, 0.06231689453125, 0.0016870498657226562, 3.40625, 0.0123443603515625, 0.01453399658203125, 0.003414154052734375, 0.0347900390625, 4.88671875, 0.7041015625, 2.10546875, 5.62109375, 1.484375, 2.748046875, 2.916015625, 0.006900787353515625, 0.021087646484375, 0.0008020401000976562, 0.2978515625, 0.00018334388732910156, 0.66162109375, 2.9140625, 0.317626953125, 0.1505126953125, 0.0211029052734375, 0.67578125, 0.3828125, 0.496826171875, 0.0215911865234375, 0.0284271240234375, 0.9990234375, 0.0016765594482421875, 0.00057220458984375, 0.010467529296875, 0.00019550323486328125, 0.9521484375, 2.1640625, 0.347900390625, 0.1346435546875, 2.29296875, 0.06341552734375, 5.5670738220214844e-05, 0.00311279296875, 0.0004596710205078125, 0.0001844167709350586, 5.23046875, 0.317626953125, 5.84375, 8.59375, 0.247802734375, 1.1552734375, 1.7900390625, 6.640625, 0.21875, 4.890625, 2.615234375, 0.197998046875, 0.64599609375, 2.486328125, 1.3408203125, 3.984375, 2.5, 6.921875, 2.66015625, 6.4453125, 2.634765625, 8.5, 0.888671875, 10.3515625, 4.19921875, 0.252685546875, 0.14013671875, 4.1328125, 3.169921875, 3.888671875, 4.57421875, 4.5078125, 5.44921875, 2.5, 7.87109375, 8.8359375, 10.5390625, 0.3525390625, 0.8994140625, 6.96875, 9.2890625, 1.3701171875, 7.96875, 0.81103515625, 3.294921875, 9.1015625, 2.103515625, 5.49609375, 6.73046875, 6.62890625, 10.96875, 0.94140625, 0.0008411407470703125, 3.091796875, 7.7578125, 0.1102294921875, 3.244140625, 1.033203125, 4.43359375, 11.03125, 2.296875, 2.25390625, 8.625, 1.03125, 4.828125, 0.465576171875, 7.7578125, 4.8125, 5.29296875, 0.003192901611328125, 4.1640625, 4.0546875, 0.537109375, 0.00014412403106689453, 6.70703125, 4.7109375, 3.869140625, 6.05078125, 5.33984375, 0.53515625, 0.0008530616760253906, 7.390625, 4.7265625, 0.01464080810546875, 0.00843048095703125, 1.7021484375, 3.583984375, 8.71875, 1.6572265625, 6.30859375, 9.0546875, 6.63671875, 3.330078125, 4.91796875, 5.56640625, 0.39111328125, 2.703125, 2.091796875, 8.8203125, 3.23828125, 4.0390625, 5.94921875, 1.6064453125, 0.250244140625, 0.03662109375]",-1.4115777439464723
58,1,test,3.6427284420881056,1.6456749228892424,2.301295402482488,5.789336274032882,2.6154476453061175,3.6574159075168113,38.19591001033572,30.82859357985305,34.37138974109811,60.70421412356927,48.99544336798074,54.62595869567378,3.7559147402269755,1.654831926756092,2.3265494677129634,5.969221640717872,2.6300007407373607,3.6975518326152454,42.773328404856734,34.59831126441791,38.59728070658931,67.97903978629017,54.9866018309499,61.34210683725801,3.6575429004834112,1.6760506855022033,2.311799933652681,5.812880681125422,2.6637234108874304,3.674110608840868,38.76597389805961,31.51241511557067,34.92493465256852,61.61020851655903,50.08223116581767,55.505699715689246,0.7638190954773869,0.013819095477386911,0.008819095477386907,0.6130653266331658,-0.001934673366834172,-0.001934673366834172,0.5276381909547738,-0.007361809045226098,0.007638190954773805,0.4586466165413534,0.13594492798600633,0.21114661654135336,0.44528301886792454,0.4623115577889447,0.14902834976889456,0.21189419551849398,0.4545454545454546,0.46616541353383456,0.14533989758636734,0.21741541353383453,0.4528301886792453,19.0,6.0,6.0,31.0,6.0,6.0,39.0,5.0,5.0,-0.00023277351964043534,-0.00014446784110210608,4.602641254634025e-06,0.00015559510116602837,-0.0002314721571865519,-7.534460660885145e-05,"[3.056640625, 9.4453125, 2.4296875, 1.0791015625, 1.802734375, 10.203125, 3.162109375, 5.26953125, 8.1875, 2.15625, 3.41015625, 5.328125, 8.0390625, 5.93359375, 7.484375, 2.0078125, 6.0234375, 2.328125, 0.3310546875, 4.5390625, 2.345703125, 3.1484375, 0.79833984375, 6.09765625, 3.1953125, 1.0439453125, 7.89453125, 1.1396484375, 4.01953125, 4.67578125, 1.033203125, 2.072265625, 4.046875, 4.69140625, 0.221435546875, 10.6953125, 4.5234375, 0.6416015625, 7.5078125, 0.293701171875, 0.5029296875, 1.453125, 2.40234375, 1.5087890625, 7.58203125, 0.003986358642578125, 2.777576446533203e-05, 0.68896484375, 1.1953125, 1.0322265625, 8.8515625, 10.375, 1.111328125, 0.583984375, 2.271484375, 0.01387786865234375, 0.138671875, 0.009979248046875, 6.8984375, 0.9208984375, 8.28125, 6.21875, 4.74609375, 5.73828125, 1.482421875, 3.669921875, 4.62890625, 9.484375, 1.359375, 2.9140625, 5.5390625, 10.765625, 7.4375, 1.81640625, 3.3828125, 4.60546875, 0.428955078125, 1.900390625, 0.1356201171875, 3.865234375, 5.86328125, 0.002979278564453125, 0.00875091552734375, 0.06732177734375, 0.53857421875, 4.703125, 4.53515625, 0.60302734375, 5.3515625, 8.1640625, 6.94921875, 4.46875, 0.1488037109375, 5.47265625, 0.2171630859375, 4.37890625, 1.1318359375, 6.796875, 4.65625, 4.6484375, 11.3125, 4.1328125, 5.39453125, 0.10076904296875, 6.14453125, 4.80859375, 0.06561279296875, 0.1265869140625, 3.994140625, 0.11773681640625, 0.0170135498046875, 4.5859375, 1.505859375, 1.9013671875, 5.65234375, 7.26953125, 0.9892578125, 7.7421875, 4.91796875, 7.20703125, 4.06640625, 15.234375, 0.8251953125, 4.96875, 2.970703125, 4.10546875, 4.19921875, 5.6953125, 3.388671875, 7.5390625, 1.109375, 6.83984375, 0.994140625, 0.71044921875, 2.08984375, 5.5859375, 1.4228515625, 4.85546875, 9.2734375, 3.08203125, 7.63671875, 1.78515625, 5.6796875, 7.01953125, 2.03515625, 0.455810546875, 11.2265625, 2.42578125, 5.1875, 6.11328125, 2.529296875, 6.64453125, 4.60546875, 2.986328125, 4.890625, 1.314453125, 0.8681640625, 0.6396484375, 4.2109375, 2.298828125, 0.1903076171875, 6.22265625, 0.50146484375, 7.6171875, 0.71337890625, 0.1810302734375, 9.6875, 4.04296875, 0.331298828125, 0.951171875, 1.88671875, 2.54296875, 8.8671875, 2.951171875, 4.921875, 0.036712646484375, 0.74267578125, 7.48828125, 8.7734375, 4.63671875, 6.15234375, 0.0528564453125, 0.046539306640625, 0.0070953369140625, 4.515625, 0.0027713775634765625, 7.33203125, 8.671875, 2.00390625, 8.140625, 4.98046875, 1.19140625, 1.2802734375, 6.58984375, 0.87548828125, 0.08306884765625, 1.703125, 3.705078125, 2.248046875, 4.23046875, 1.65234375, 5.9765625, 2.14453125, 0.0906982421875, 0.1488037109375, 2.064453125, 0.75146484375, 7.0703125, 0.253173828125, 0.132568359375, 3.001953125, 0.290283203125, 2.908203125, 6.2890625, 1.189453125, 7.37890625, 0.259033203125, 2.3515625, 0.425537109375, 0.0255126953125, 0.0645751953125, 0.0113067626953125, 2.09375, 3.8984375, 1.54296875, 0.0006175041198730469, 12.609375, 3.3515625, 1.171875, 0.666015625, 7.55859375, 0.7490234375, 0.490234375, 10.015625, 1.9326171875, 1.427734375, 3.060546875, 4.328125, 3.95703125, 2.3515625, 7.578125, 6.44921875, 0.1270751953125, 3.5859375, 4.70703125, 3.587890625, 7.51953125, 2.685546875, 4.41796875, 9.953125, 5.08203125, 6.41015625, 2.23828125, 2.384765625, 7.3671875, 0.025848388671875, 1.029296875, 3.7578125, 0.161865234375, 7.0390625, 4.87890625, 1.70703125, 2.66015625, 6.93359375, 2.86328125, 6.578125]",-1.1642183123674608
391,1,test,2.3476951052745183,0.9645354081360322,1.3093511444528314,5.136472321236976,2.110286559618834,2.8647015948331642,10.461429421491372,6.473948445698742,7.63689382398479,22.888339522172032,14.164214478165126,16.708598002778846,2.141121083168528,0.8631920842739682,1.2054875607272564,4.684513400144477,1.8885596510478941,2.637460663166906,8.508971548513694,4.919772760037921,5.960143862615606,18.61659835765723,10.763866462870842,13.040072329722628,2.0836443051845333,0.8862999700122016,1.2180299759673927,4.558761176797676,1.9391169040873018,2.664901947419568,8.03369286000509,4.722381357706267,5.657227290142579,17.57674619673841,10.331998000799771,12.377327586311948,0.4773869346733668,0.002386934673366814,-0.007613065326633195,0.3467336683417085,-0.008266331658291493,0.0017336683417085164,0.27135678391959794,-0.008643216080402083,-0.0036432160804020786,0.35,0.07954230235783633,0.12614858260019546,0.34540389972144847,0.3316582914572864,0.06850039672044428,0.10795211449568376,0.28787878787878785,0.32441471571906355,0.0806751497758248,0.11084408168124371,0.28859060402684567,18.0,0.0,0.0,28.0,1.0,1.0,33.0,2.0,0.0,-0.0010303598980788667,0.0007876623626143293,-0.0003599581021999616,0.06715270197131318,0.05854221067512988,0.06810870844497341,"[3.056640625, 6.44140625, 0.033599853515625, 0.005107879638671875, 0.012451171875, 1.640625, 0.0478515625, 0.002918243408203125, 10.3984375, 10.3203125, 8.09375, 9.7109375, 1.9365234375, 0.0008673667907714844, 0.00372314453125, 4.2734375, 0.0050201416015625, 5.52734375, 0.09832763671875, 0.98388671875, 1.9521484375, 0.01201629638671875, 4.44921875, 5.14453125, 3.572265625, 0.1514892578125, 8.953125, 0.48681640625, 0.00015807151794433594, 0.94482421875, 0.88037109375, 5.04296875, 4.14453125, 1.2119140625, 9.66787338256836e-05, 0.00580596923828125, 4.54296875, 2.482421875, 1.8681640625, 2.771484375, 0.88525390625, 3.064453125, 0.0391845703125, 9.5625, 12.875, 4.546875, 1.5126953125, 2.107421875, 3.8671875, 1.419921875, 3.853515625, 10.34375, 1.7060546875, 3.666015625, 0.026519775390625, 0.2802734375, 2.9325485229492188e-05, 0.027374267578125, 2.3203125, 0.19384765625, 0.30029296875, 0.05072021484375, 3.30859375, 0.818359375, 0.505859375, 0.004695892333984375, 0.006282806396484375, 5.1640625, 1.78125, 9.9453125, 9.125, 5.03125, 6.1171875, 1.1435546875, 0.0012788772583007812, 0.007213592529296875, 5.26171875, 8.203125, 1.2646484375, 2.71875, 2.810546875, 0.01396942138671875, 1.0263671875, 1.404296875, 0.0167083740234375, 4.5625, 1.681640625, 1.0849609375, 0.0013055801391601562, 0.007541656494140625, 5.15234375, 5.47265625, 9.9765625, 6.609375, 0.053680419921875, 0.744140625, 0.833984375, 0.0006594657897949219, 3.22265625, 5.20703125, 0.2349853515625, 0.0006556510925292969, 0.112548828125, 4.40234375, 0.0039825439453125, 2.357421875, 0.011566162109375, 0.2607421875, 0.326171875, 0.00487518310546875, 2.7421875, 0.046539306640625, 0.0251007080078125, 0.027252197265625, 0.041351318359375, 0.0025844573974609375, 7.30752944946289e-05, 0.32763671875, 0.1490478515625, 1.4755859375, 1.26953125, 0.04718017578125, 0.0007114410400390625, 0.01210784912109375, 6.15625, 1.3193359375, 1.396484375, 0.69091796875, 0.016448974609375, 0.2099609375, 0.358642578125, 0.00896453857421875, 4.9296875, 2.12890625, 0.0014066696166992188, 8.8125, 0.95556640625, 0.583984375, 0.00010788440704345703, 0.0186920166015625, 0.96630859375, 0.033843994140625, 0.03228759765625, 0.0007977485656738281, 0.2210693359375, 0.81884765625, 0.11309814453125, 0.0017080307006835938, 0.00783538818359375, 6.390625, 2.12109375, 7.4609375, 6.55859375, 0.156005859375, 0.0006899833679199219, 0.0120086669921875, 5.94140625, 7.57421875, 1.6953125, 1.5, 1.7431640625, 0.44775390625, 12.34375, 0.35400390625, 1.06640625, 0.00998687744140625, 1.0693359375, 3.83984375, 0.01290130615234375, 0.6875, 2.634765625, 0.982421875, 3.25, 0.99951171875, 0.1649169921875, 1.7275390625, 2.13671875, 0.130126953125, 4.20703125, 2.419921875, 0.167236328125, 0.0005426406860351562, 0.046875, 5.640625, 0.005199432373046875, 4.71484375, 0.0018310546875, 2.20703125, 0.0007295608520507812, 1.6357421875, 1.80078125, 0.00807952880859375, 3.4140625, 1.501953125, 0.5205078125, 0.409423828125, 0.10723876953125, 0.0119476318359375, 0.47607421875, 0.331787109375, 0.041656494140625, 0.5380859375, 0.0004534721374511719, 0.138427734375, 1.134765625, 0.0382080078125, 0.01776123046875, 0.003772735595703125, 0.1343994140625, 0.414794921875, 0.0994873046875, 0.00536346435546875, 0.01219940185546875, 5.9921875, 3.830078125, 0.53466796875, 3.728515625, 3.904296875, 6.7890625, 0.205810546875, 0.0003132820129394531, 0.003314971923828125, 4.7421875, 0.7001953125, 0.0693359375, 0.197998046875, 0.91552734375, 0.96435546875, 0.007843017578125, 2.748046875, 2.541015625, 0.004558563232421875, 0.89013671875, 0.3916015625, 0.03179931640625, 0.1214599609375, 0.31787109375, 0.03863525390625, 0.318359375, 0.4248046875, 0.0012197494506835938, 0.10174560546875, 0.00057220458984375, 0.01552581787109375, 0.33935546875, 0.006870269775390625, 0.005779266357421875, 0.00220489501953125, 0.20263671875, 2.24609375, 0.000858306884765625, 4.39453125, 6.0625, 4.078125, 8.65625, 0.046905517578125, 12.15625, 1.103515625, 0.0295562744140625, 1.4111328125, 0.0024662017822265625, 0.00215911865234375, 0.00025582313537597656, 1.0302734375, 0.35498046875, 0.0020046234130859375, 0.00046896934509277344, 0.0001233816146850586, 1.455078125, 5.5625, 0.1651611328125, 8.421875, 1.1904296875, 0.873046875, 5.46875, 7.57421875, 2.17578125, 6.1953125, 0.289794921875, 0.1961669921875, 4.99609375, 0.1578369140625, 0.9443359375, 3.462890625, 0.296875, 0.76171875, 3.951171875, 6.1640625, 0.30419921875, 3.29296875, 8.84375, 3.390625, 0.94677734375, 2.033203125, 8.828125, 3.5625, 3.599609375, 0.07843017578125, 11.3046875, 6.765625, 4.82421875, 0.0430908203125, 2.966796875, 9.4296875, 1.1083984375, 8.463859558105469e-06, 10.28125, 3.044921875, 6.5625, 1.60546875, 0.8388671875, 2.185546875, 0.001537322998046875, 5.16015625, 4.421875, 9.8671875, 2.357421875, 5.3828125, 0.073486328125, 5.328125, 0.011962890625, 0.81298828125, 1.4716796875, 5.73828125, 5.52734375, 3.177734375, 1.46484375, 2.869140625, 4.45703125, 2.853515625, 5.3671875, 0.2266845703125, 0.390625, 5.97265625, 5.63671875, 1.0751953125, 1.3447265625, 6.95703125, 0.04498291015625, 2.158203125, 10.046875, 9.3046875, 2.552734375, 3.876953125, 6.17578125, 1.076171875, 2.962890625, 0.89208984375, 8.9765625, 0.12481689453125, 1.23046875, 0.05389404296875, 8.8984375, 4.62890625, 6.5859375, 1.0947265625, 0.35888671875, 8.109375, 0.65673828125, 5.5625]",-2.10913491944472
133,1,test,2.7015525939967806,1.1197886223419182,1.5661299906892037,5.366097618212783,2.224237674514769,3.110806145889514,14.902851850462328,10.039324477014478,11.790363237470611,29.60155504543887,19.941123961193142,23.419214649770392,2.7241484166389736,1.0044929115398802,1.4682044510057277,5.410979731680153,1.9952256462093514,2.9162965122716513,15.243427348971752,9.66082239493685,11.7322761323982,30.278040624669917,19.189304757066346,23.303836153393682,2.705868462377766,1.118692134705325,1.5788430385212218,5.374670233490083,2.222059719620166,3.136058090213386,14.967309593063854,10.077387714171948,11.880847677137792,29.729587547866558,20.016729021300446,23.5989440162326,0.6130653266331658,-0.0069346733668341765,0.0030653266331658324,0.4773869346733668,-0.0026130653266331905,0.002386934673366814,0.3668341708542714,-0.00816582914572861,-0.013165829145728614,0.39446366782006925,0.10258111168880846,0.15050509474757212,0.375,0.3869346733668342,0.07866399667510482,0.12316171844195944,0.35858585858585856,0.40484429065743943,0.10605327165916656,0.16318721355732435,0.38541666666666663,23.0,8.0,8.0,32.0,9.0,8.0,42.0,11.0,10.0,0.00010119165203872733,-0.00018866893072187917,-0.00010345636426983892,0.00966604138708238,0.008344525184415197,0.009007515807173405,"[3.056640625, 9.4453125, 2.4296875, 1.0791015625, 1.802734375, 5.20703125, 0.56640625, 2.2109375, 8.25, 3.18359375, 1.2060546875, 0.6171875, 4.3828125, 1.8330078125, 2.189453125, 4.5859375, 7.609375, 1.970703125, 3.392578125, 5.73046875, 11.3359375, 0.1405029296875, 0.2232666015625, 4.8671875, 0.6005859375, 2.82421875, 6.3984375, 1.65625, 1.8251953125, 0.004070281982421875, 0.82275390625, 9.3125, 1.5224609375, 0.056243896484375, 0.0026378631591796875, 4.453125, 6.71484375, 0.1634521484375, 6.828125, 2.8046875, 1.3623046875, 5.46875, 0.73095703125, 3.921875, 0.955078125, 0.63330078125, 8.8828125, 3.00390625, 1.83203125, 7.22265625, 7.71484375, 2.001953125, 0.0869140625, 0.01285552978515625, 0.251953125, 4.35546875, 0.0022373199462890625, 0.0540771484375, 0.00548553466796875, 5.25, 2.2734375, 0.787109375, 1.2822265625, 5.94140625, 2.44921875, 4.37890625, 1.6328125, 5.0703125, 5.07421875, 3.841796875, 0.7666015625, 0.02801513671875, 0.00420379638671875, 9.1328125, 1.216796875, 0.7421875, 8.234375, 0.053802490234375, 0.34326171875, 0.9638671875, 3.94140625, 0.0017547607421875, 0.73291015625, 0.0005068778991699219, 0.00250244140625, 0.00319671630859375, 0.83056640625, 5.171875, 2.19921875, 3.466796875, 0.46142578125, 1.66015625, 2.5625, 7.4921875, 0.85009765625, 2.685546875, 0.1285400390625, 2.27734375, 0.71484375, 9.890625, 3.990234375, 0.1043701171875, 0.08233642578125, 9.640625, 5.09765625, 0.08111572265625, 0.80908203125, 0.65625, 0.11578369140625, 0.001129150390625, 0.1446533203125, 0.00014829635620117188, 10.8203125, 3.34765625, 3.267578125, 9.015625, 0.3173828125, 0.9541015625, 6.09375, 0.66943359375, 0.0012922286987304688, 0.0016984939575195312, 0.0002390146255493164, 9.7265625, 4.74609375, 0.11114501953125, 3.4140625, 0.259521484375, 0.00432586669921875, 1.3720703125, 0.2130126953125, 0.003421783447265625, 0.0003573894500732422, 0.0004944801330566406, 1.66015625, 7.64453125, 1.9423828125, 0.00325775146484375, 2.099609375, 1.92578125, 3.15625, 1.26171875, 6.734375, 1.0009765625, 2.328125, 2.16015625, 2.4609375, 1.375, 2.181640625, 6.2578125, 1.666015625, 0.35400390625, 4.72265625, 0.344970703125, 0.0716552734375, 2.884765625, 1.244140625, 4.53515625, 0.371826171875, 3.166015625, 0.65673828125, 4.3046875, 0.09942626953125, 0.75439453125, 0.29443359375, 7.41796875, 7.2578125, 1.0859375, 5.48828125, 1.525390625, 1.544921875, 2.517578125, 3.349609375, 0.98095703125, 6.1875, 3.705078125, 6.11328125, 5.02734375, 0.6845703125, 7.171875, 0.431884765625, 0.2578125, 4.078125, 4.6484375, 2.07421875, 0.15966796875, 1.091796875, 0.2213134765625, 2.556640625, 3.505859375, 0.63330078125, 0.0024089813232421875, 4.09375, 9.828125, 5.81640625, 3.7109375, 6.71484375, 3.30859375, 0.117431640625, 5.52734375, 1.853515625, 0.484619140625, 1.4130859375, 0.038299560546875, 0.472412109375, 0.75732421875, 7.69140625, 0.5966796875, 0.10198974609375, 1.4443359375, 0.1536865234375, 0.0081787109375, 0.60791015625, 4.984375, 0.7060546875, 0.373291015625, 6.80078125, 6.8359375, 2.46484375, 3.41796875, 1.79296875, 4.37109375, 6.68359375, 4.84765625, 5.0703125, 0.93603515625, 4.30078125, 5.87109375, 1.498046875, 9.0859375, 0.53271484375, 0.705078125, 0.0029659271240234375, 0.78515625, 0.81689453125, 4.4375, 0.5244140625, 0.052154541015625, 0.2254638671875, 4.48828125, 0.25244140625, 0.953125, 6.32421875, 1.76171875, 0.2279052734375, 6.765625, 2.375, 0.232421875, 2.732421875, 0.076904296875, 4.015625, 4.52734375, 3.580078125, 0.47021484375, 6.0390625, 5.34375, 5.3984375, 4.640625, 6.28515625, 0.1019287109375, 5.1796875, 0.00044274330139160156, 6.07421875, 1.849609375, 0.81201171875, 0.364501953125, 1.4326171875, 0.0019063949584960938, 9.6328125, 3.353515625, 2.91015625, 4.62890625, 0.450439453125, 0.00022351741790771484, 0.5185546875, 0.041900634765625, 0.2337646484375, 0.11309814453125, 0.84765625, 3.91796875, 0.058990478515625, 1.716796875, 6.2890625, 0.1905517578125, 0.1300048828125, 6.77734375, 4.78125, 5.4921875, 2.69921875]",-1.1614733097050016
460,1,test,2.6437878444277008,1.0870545315540794,1.5257378512343065,5.660625507394279,2.327497125842783,3.266763865526214,14.066384099062187,9.323083070375256,11.007500559017906,30.117595402286522,19.961693199760518,23.56820671838803,2.535241268387991,0.9726325217302969,1.4079668468887419,5.428215967284717,2.0825076692262185,3.0146038623568767,12.619475161203304,7.848223149737437,9.532244627847886,27.019612461717504,16.80386428992862,20.409529908704982,2.549802183307533,1.0291385720276296,1.4383040486223602,5.459392404750484,2.203493016181857,3.079558975271188,12.80457057431637,8.229310191979614,9.76566289545322,27.415921045622166,17.61981139264347,20.9093027638845,0.5829145728643217,0.007914572864321734,0.0029145728643216184,0.42211055276381915,0.007110552763819111,-0.0028894472361808976,0.3266331658291457,-0.0033668341708542604,-0.008366834170854265,0.38505747126436785,0.08807038374643383,0.13676812620082923,0.377521613832853,0.35678391959798994,0.07608216521202504,0.12473049722737228,0.3282828282828283,0.37792642140468224,0.08577283208915631,0.13765945811213498,0.3557046979865772,15.0,2.0,3.0,25.0,4.0,5.0,30.0,4.0,5.0,-0.0005706151677856715,0.00012821736130028642,-0.00012510162262969885,0.009005928998520929,0.007808280582083604,0.008211411144887215,"[3.056640625, 9.4453125, 2.4296875, 1.0791015625, 0.80224609375, 6.9921875, 3.76171875, 7.02734375, 10.953125, 0.8173828125, 7.8828125, 11.1484375, 0.460205078125, 2.3359375, 6.609375, 1.1181640625, 5.52734375, 0.475341796875, 1.0302734375, 1.4208984375, 2.140625, 0.97705078125, 6.73828125, 0.037322998046875, 4.53125, 0.01186370849609375, 0.05303955078125, 0.0147857666015625, 6.0390625, 4.9921875, 0.37744140625, 0.01422882080078125, 0.1314697265625, 0.00946044921875, 1.71875, 0.0968017578125, 0.03436279296875, 4.83203125, 3.38671875, 2.984375, 0.87841796875, 0.8134765625, 2.46484375, 0.01131439208984375, 0.274658203125, 0.0018224716186523438, 0.0027942657470703125, 2.60546875, 0.87451171875, 7.03515625, 3.3359375, 3.037109375, 3.392578125, 0.87451171875, 2.33203125, 16.140625, 6.56640625, 3.8671875, 4.984375, 3.0078125, 0.18115234375, 3.513671875, 0.2117919921875, 0.0187225341796875, 0.0012798309326171875, 0.0005059242248535156, 6.73828125, 1.2255859375, 3.580078125, 0.362548828125, 0.2181396484375, 1.0791015625, 0.378173828125, 4.1015625, 0.213134765625, 1.2607421875, 0.986328125, 4.50390625, 7.328125, 0.82421875, 1.8193359375, 6.015625, 0.927734375, 0.343505859375, 6.1328125, 0.66943359375, 0.74658203125, 0.052764892578125, 1.6728515625, 5.19921875, 0.5341796875, 0.04193115234375, 0.135498046875, 0.10693359375, 9.1328125, 2.474609375, 3.087890625, 4.484375, 0.9443359375, 6.08984375, 0.23876953125, 1.9951171875, 4.73046875, 6.13671875, 4.47265625, 6.8515625, 2.29296875, 1.357421875, 1.0185546875, 3.0625, 0.6513671875, 8.046875, 0.0213165283203125, 0.053436279296875, 0.8779296875, 8.984375, 0.1363525390625, 7.375, 0.01198577880859375, 0.049163818359375, 1.8515625, 0.1434326171875, 2.720703125, 1.048828125, 7.984375, 0.0003523826599121094, 0.338623046875, 3.70703125, 4.734375, 0.74462890625, 3.849609375, 6.3203125, 9.5234375, 1.587890625, 5.85546875, 1.1328125, 5.1796875, 1.2021484375, 0.025787353515625, 4.1875, 0.31884765625, 2.462890625, 0.275390625, 0.40380859375, 0.67236328125, 0.20458984375, 1.71484375, 0.5234375, 6.28125, 0.50146484375, 1.6298828125, 8.6484375, 2.37109375, 0.8759765625, 0.896484375, 0.407958984375, 0.470947265625, 1.6630859375, 0.029541015625, 0.0156402587890625, 5.68359375, 4.75390625, 0.66943359375, 0.78759765625, 1.6650390625, 3.83203125, 1.15625, 1.375, 0.8115234375, 2.279296875, 0.45751953125, 1.390625, 4.953125, 2.806640625, 1.8974609375, 0.276123046875, 0.78173828125, 0.4970703125, 0.1026611328125, 0.279541015625, 1.4931640625, 0.68115234375, 4.8984375, 0.0911865234375, 1.2939453125, 3.658203125, 2.728515625, 7.80859375, 2.689453125, 1.6240234375, 1.908203125, 0.6318359375, 0.129150390625, 1.484375, 1.1396484375, 1.259765625, 3.205078125, 5.94921875, 0.199462890625, 0.153564453125, 0.1595458984375, 0.321044921875, 5.453125, 0.07403564453125, 1.53515625, 4.98828125, 6.09375, 0.1312255859375, 0.173583984375, 9.703125, 2.0234375, 0.103271484375, 0.73291015625, 7.51953125, 2.9921875, 4.8515625, 4.86328125, 1.5947265625, 1.3935546875, 6.6875, 7.52734375, 4.8515625, 3.720703125, 2.11328125, 1.0224609375, 0.53369140625, 6.62890625, 3.361328125, 1.2607421875, 2.841796875, 0.482421875, 0.75634765625, 3.62109375, 2.369140625, 2.408203125, 2.765625, 2.3828125, 0.9287109375, 0.6376953125, 0.006038665771484375, 0.00799560546875, 0.390869140625, 0.6982421875, 0.0001773834228515625, 4.6640625, 0.278076171875, 1.755859375, 0.485595703125, 0.1612548828125, 7.00390625, 0.003627777099609375, 0.299560546875, 2.044921875, 6.01953125, 1.671875, 1.9716796875, 1.6611328125, 0.79248046875, 1.2333984375, 4.1015625, 0.9375, 2.189453125, 2.158203125, 2.763671875, 0.266845703125, 0.07904052734375, 0.08660888671875, 0.53662109375, 6.83203125, 6.34375, 1.6484375, 0.046661376953125, 2.19140625, 1.916015625, 3.431640625, 7.05859375, 0.445556640625, 4.234375, 0.360595703125, 1.4541015625, 3.09375, 2.494140625, 4.86328125, 8.125, 3.029296875, 3.373046875, 0.3662109375, 0.0009717941284179688, 8.390625, 2.822265625, 6.734375, 5.37890625, 1.1279296875, 2.546875, 2.662109375, 0.2464599609375, 4.2265625, 4.15625, 0.1116943359375, 0.0184173583984375, 8.7890625, 1.240234375, 1.90625, 4.63671875, 5.578125, 0.254638671875, 3.583984375, 2.701171875, 0.267333984375, 1.2236328125, 8.6171875, 4.53515625, 4.0703125, 5.46875, 4.84375, 2.1171875, 1.7109375, 4.3984375, 3.404296875, 8.4453125, 1.759765625, 7.12890625, 0.61279296875, 5.3203125, 7.84765625, 1.9365234375, 1.2763671875, 4.44921875, 1.9638671875, 4.5, 0.349365234375, 3.4609375, 2.076171875, 6.65234375, 7.15625, 1.7080078125, 1.216796875, 9.59375, 0.1468505859375, 3.171875, 1.28125, 1.5703125, 0.6611328125, 1.482421875, 0.041259765625, 1.1474609375, 3.802734375, 0.63232421875]",-1.2010300323880951
303,1,test,3.5499963224155753,1.5730629010523818,2.1684910996293807,5.671591757705357,2.5131774158825038,3.464453236094277,34.813189458923276,27.592622894424775,30.832300213707136,55.618705052717665,44.082888647897576,49.25870448343744,3.6987278257782137,1.585259121411171,2.23042701513785,5.909210135858685,2.532662501662818,3.563404107024968,40.39588105875434,32.11897938509156,36.05402981666797,64.53779814120516,51.314345763164035,57.601112724854154,3.5565286108109144,1.5669561450593938,2.1842147672889194,5.682027958100278,2.5034210601540616,3.489573888568096,35.041343625545366,27.728936835973492,31.09687660154985,55.98321170945118,44.30066831782748,49.681400487683206,0.8291457286432161,0.009145728643216056,-0.0008542713567838423,0.6834170854271358,-0.011582914572864311,0.003417085427135813,0.5376884422110553,0.002688442211055353,-0.0023115577889447625,0.4423791821561338,0.09544040664592968,0.17414679649482356,0.3955223880597015,0.44723618090452266,0.08633392526542494,0.15842148975260284,0.40909090909090906,0.4386617100371747,0.08986764695739735,0.16548494860330576,0.3955223880597015,25.0,8.0,4.0,38.0,10.0,7.0,48.0,10.0,7.0,-0.0003670315872841772,-0.0004464839134795644,-0.00016145863280763373,0.00017638486674709242,-0.00021985158203818855,-6.483093570341936e-05,"[3.056640625, 9.4453125, 2.4296875, 1.0791015625, 9.8046875, 1.4189453125, 0.63330078125, 7.8984375, 3.705078125, 11.8984375, 4.47265625, 6.1328125, 3.25390625, 4.35546875, 5.15234375, 2.08984375, 6.8671875, 0.166259765625, 4.64453125, 7.7421875, 0.76806640625, 10.40625, 6.3828125, 0.285888671875, 1.3447265625, 5.46875, 7.49609375, 3.736328125, 3.34375, 1.2275390625, 0.386474609375, 0.1258544921875, 0.01690673828125, 2.220703125, 5.15625, 1.287109375, 4.26171875, 2.19921875, 6.42578125, 3.240234375, 4.02734375, 2.380859375, 4.49609375, 4.8046875, 3.12890625, 0.1171875, 9.8359375, 4.2734375, 2.103515625, 7.703125, 5.609375, 1.7802734375, 2.744140625, 0.2420654296875, 4.34375, 0.466064453125, 11.4453125, 0.322265625, 3.66015625, 9.7578125, 2.361328125, 0.356201171875, 4.421875, 1.556640625, 8.28125, 5.359375, 1.9501953125, 5.1875, 4.2578125, 3.22265625, 2.724609375, 5.05859375, 0.064208984375, 2.5703125, 0.00421905517578125, 2.306640625, 12.8515625, 10.0859375, 6.359375, 3.08203125, 3.23046875, 8.4765625, 6.59765625, 5.1484375, 0.5986328125, 4.4296875, 1.4501953125, 0.2220458984375, 2.560546875, 7.65625, 6.65625, 0.4228515625, 1.7119140625, 8.03125, 2.712890625, 2.74609375, 4.25, 6.1328125, 0.95751953125, 1.734375, 0.76025390625, 6.96484375, 0.17236328125, 3.9296875, 3.15625, 2.244140625, 1.4033203125, 0.44140625, 9.453125, 3.841796875, 2.021484375, 2.19921875, 6.74609375, 1.7197265625, 4.47265625, 3.841796875, 1.0693359375, 5.34375, 6.62109375, 3.154296875, 6.71484375, 0.59375, 3.037109375, 2.70703125, 1.8388671875, 4.921875, 4.8125, 2.248046875, 3.2421875, 5.859375, 7.78515625, 6.60546875, 2.029296875, 0.0499267578125, 2.611328125, 4.98828125, 8.3203125, 0.06048583984375, 3.830078125, 3.751953125, 1.2529296875, 3.76171875, 0.042083740234375, 4.046875, 0.343505859375, 1.435546875, 3.376953125, 5.6796875, 1.302734375, 7.0, 2.21875, 2.37109375, 1.26171875, 1.5390625, 5.7421875, 2.560546875, 3.96484375, 1.2529296875, 0.363037109375, 2.572265625, 3.3671875, 5.828125, 8.734375, 1.9775390625, 4.828125, 0.399169921875, 5.78125, 1.83984375, 1.1533203125, 0.2373046875, 2.17578125, 4.73828125, 1.6689453125, 1.7353515625, 7.33984375, 1.9619140625, 8.28125, 9.203125, 0.0033931732177734375, 0.1336669921875, 0.0005373954772949219, 0.0029163360595703125, 0.0007033348083496094, 0.69873046875, 6.5, 5.56640625, 5.390625, 2.51953125, 3.994140625, 3.294921875, 3.041015625, 3.333984375, 5.96875, 4.296875, 1.36328125, 4.38671875, 2.001953125, 10.5234375, 0.1048583984375, 0.0731201171875, 0.44970703125, 0.00011909008026123047, 4.93359375, 6.78515625, 0.35546875, 2.24609375, 10.265625, 0.96240234375, 5.25390625, 0.94677734375, 4.96875, 0.00843048095703125, 1.1923828125, 3.02734375, 3.19140625, 0.09765625, 0.031646728515625, 4.7421875, 11.390625, 0.43701171875, 1.3662109375, 5.20703125, 0.046051025390625, 5.15234375, 0.0058746337890625, 0.0002703666687011719, 0.0025157928466796875, 0.0009560585021972656, 8.15625, 1.16796875, 4.171875, 0.01007843017578125, 4.65234375, 4.109375, 0.029296875, 5.10546875, 0.97119140625, 2.966796875, 0.034576416015625, 0.301025390625, 2.091796875, 0.0159454345703125, 0.364501953125, 5.2265625, 0.0054168701171875, 1.505859375, 2.6484375, 4.9453125, 4.07421875, 5.40234375, 0.595703125, 4.73046875, 7.09375, 4.16015625, 4.28125, 0.66162109375, 10.9140625, 1.11328125, 15.890625, 6.21875, 6.96875, 4.9140625, 1.2236328125, 5.765625, 2.765625, 3.1796875, 2.3359375, 1.0712890625, 4.87890625]",-1.075065189577833
420,1,test,2.9539142381746086,1.261262108003422,1.7641708450381233,5.112543873763746,2.1829536484674614,3.053372616412137,19.180885536478375,13.747012586439457,15.894647708480903,33.19768650544334,23.792906399606757,27.509967187755414,2.899387303309225,1.2140719243839682,1.7031077375506072,5.018170332650582,2.101278330664561,2.94768646883759,18.16301354128291,12.768861675348656,14.855225945783996,31.435984975297348,22.099952899641906,25.710967983087684,2.967552952606882,1.2705460287951056,1.7803435945801627,5.1361493410503725,2.199021972914606,3.0813639136964355,19.444280256629618,13.98669231174777,16.16635932855866,33.65356198262819,24.207736693409608,27.980237299428453,0.6381909547738693,0.00819095477386933,0.00819095477386933,0.5226130653266332,-0.007386934673366818,-0.007386934673366818,0.42713567839195976,-0.002864321608040288,0.0021356783919597166,0.4423791821561338,0.13811202074611528,0.1939242995850584,0.3843283582089553,0.4321608040201005,0.12639639299253158,0.18842123807686173,0.35858585858585856,0.4386617100371747,0.13068397348800953,0.19267901535237864,0.3880597014925373,24.0,4.0,4.0,34.0,5.0,5.0,46.0,10.0,10.0,0.00011239220479268122,-0.0004621293174478579,-0.0003410162547049143,0.00017638486674709242,-0.00021985158203818855,-6.483093570341936e-05,"[3.056640625, 9.4453125, 1.869140625, 1.6689453125, 0.791015625, 2.9765625, 4.98046875, 1.41015625, 7.54296875, 0.194580078125, 0.68701171875, 9.7421875, 1.482421875, 0.68115234375, 0.00942230224609375, 0.43212890625, 1.865234375, 0.931640625, 10.921875, 5.3828125, 3.28125, 7.890625, 0.6826171875, 6.2890625, 7.453125, 1.8515625, 1.673828125, 2.451171875, 3.373046875, 4.71875, 1.3515625, 4.9375, 7.38671875, 10.328125, 2.1796875, 5.375, 1.6015625, 5.19140625, 2.6953125, 3.310546875, 3.490234375, 0.308837890625, 4.3515625, 3.259765625, 6.6015625, 0.09954833984375, 7.8046875, 5.4921875, 7.53515625, 0.91845703125, 0.7490234375, 9.03125, 4.43359375, 2.689453125, 0.2156982421875, 6.0625, 7.31640625, 1.9853515625, 4.03125, 4.2890625, 0.501953125, 1.5400390625, 3.57421875, 10.0703125, 5.96875, 3.498046875, 11.7265625, 7.87890625, 2.30859375, 6.4140625, 0.389892578125, 6.8359375, 2.201171875, 2.697265625, 1.626953125, 3.990234375, 2.42578125, 3.455078125, 0.7861328125, 0.513671875, 8.609375, 6.9765625, 1.55859375, 1.3876953125, 2.958984375, 3.27734375, 0.60888671875, 7.5546875, 6.21875, 0.06829833984375, 4.58203125, 3.3984375, 1.466796875, 1.80078125, 0.1956787109375, 0.10589599609375, 4.0546875, 0.0244293212890625, 0.0139617919921875, 0.004489898681640625, 0.1741943359375, 3.107421875, 0.00156402587890625, 0.132080078125, 0.000774383544921875, 0.0031108856201171875, 0.0028076171875, 0.61767578125, 2.609375, 0.2017822265625, 4.11328125, 0.1575927734375, 6.046875, 3.47265625, 2.177734375, 0.006084442138671875, 0.19482421875, 0.156982421875, 4.23046875, 0.00949859619140625, 8.78125, 2.03515625, 0.30224609375, 0.002498626708984375, 0.454345703125, 0.1551513671875, 3.068359375, 0.0258026123046875, 3.306640625, 0.96337890625, 9.3515625, 0.433837890625, 0.00412750244140625, 0.83984375, 0.00025963783264160156, 0.73193359375, 4.7421875, 3.65234375, 0.318115234375, 0.2386474609375, 0.443603515625, 1.52734375, 0.0139617919921875, 0.0029315948486328125, 0.00621795654296875, 6.35546875, 2.376953125, 0.0018053054809570312, 3.58984375, 0.74755859375, 6.2265625, 0.5576171875, 4.484375, 0.70263671875, 1.083984375, 0.0011072158813476562, 0.00038504600524902344, 0.0025997161865234375, 0.0001773834228515625, 3.93359375, 8.1484375, 0.86474609375, 0.483642578125, 7.45703125, 0.404052734375, 4.375, 1.9140625, 2.427734375, 4.11328125, 2.64453125, 0.7939453125, 3.326171875, 2.0234375, 0.07476806640625, 5.171875, 3.576171875, 0.38623046875, 6.4453125, 0.061065673828125, 1.47265625, 2.71875, 2.361328125, 5.3359375, 3.6328125, 0.0794677734375, 0.300048828125, 2.53515625, 3.337890625, 0.03411865234375, 3.5234375, 7.07421875, 7.91796875, 0.9814453125, 0.07861328125, 3.236328125, 3.10546875, 4.39453125, 2.376953125, 3.732421875, 10.484375, 1.048828125, 6.2578125, 6.12890625, 4.8515625, 0.01043701171875, 3.958984375, 7.14453125, 1.591796875, 7.6015625, 0.58544921875, 0.00069427490234375, 6.68359375, 2.8359375, 3.564453125, 1.4814453125, 7.2109375, 6.0625, 2.712890625, 0.6904296875, 0.105224609375, 3.423828125, 5.1875, 0.81591796875, 1.1875, 8.7578125, 5.68359375, 4.078125, 3.15625, 3.013671875, 0.0775146484375, 4.84375, 2.16796875, 0.8359375, 3.48046875, 1.0771484375, 2.267578125, 2.35546875, 0.38134765625, 1.0380859375, 2.91015625, 0.01531219482421875, 0.9404296875, 1.150390625, 4.26171875, 4.05078125, 0.0188140869140625, 6.578125, 2.841796875, 1.2216796875, 3.16015625, 7.2421875, 2.76953125, 0.1595458984375, 0.07916259765625, 0.94580078125, 4.23828125, 0.5078125, 4.5625, 3.015625, 0.189208984375, 2.650390625, 3.59375, 3.501953125, 0.00861358642578125, 1.0947265625, 3.24609375, 9.9453125, 8.3828125, 0.64453125]",-1.1255749929350105
19,1,test,3.1009194807414593,1.3975260014446065,1.9103752545255783,5.61021616581514,2.528418752613597,3.4562710197008815,22.218371256593052,16.725816583864862,18.929500646567398,40.19771115502032,30.260523424755505,34.24745182767128,3.3221692224243777,1.4289401887104274,2.024901602151431,6.010503527412525,2.5852536308905756,3.663473293366075,27.720417136544707,21.079639744742842,24.06113269592039,50.15207047730128,38.13750611713343,43.531654548540175,3.0982908636984163,1.3889435155199628,1.909951820542959,5.6054604441912135,2.5128912287367746,3.455504938482327,22.160044360360825,16.63469019222985,18.87841832135392,40.09218552038965,30.09565659778427,34.155033147186366,0.6482412060301508,-0.006758793969849242,-0.011758793969849135,0.5628140703517588,0.022814070351758753,0.012814070351758744,0.4723618090452262,0.002361809045226204,-0.007638190954773805,0.4197080291970803,0.12644755560873788,0.19397987385727444,0.39560439560439564,0.44221105527638194,0.14396544124129418,0.20848818382396128,0.4191919191919192,0.42700729927007297,0.13192533205695822,0.20613351286230597,0.391941391941392,27.0,14.0,14.0,38.0,14.0,13.0,45.0,12.0,12.0,-0.0001061362565012277,-0.0002796998392953184,-2.311819632166519e-06,0.004886563517612963,0.0050440092116437185,0.004766746966875068,"[3.056640625, 9.4453125, 2.48046875, 1.80859375, 2.875, 0.357177734375, 1.6455078125, 0.369384765625, 4.2734375, 11.0, 7.41015625, 6.09765625, 0.92041015625, 5.25, 1.36328125, 6.21484375, 1.1083984375, 4.39453125, 0.401611328125, 7.24609375, 0.302978515625, 2.330078125, 5.1875, 0.0577392578125, 6.6015625, 0.03216552734375, 3.84765625, 2.25, 1.119140625, 6.9375, 7.99609375, 6.765625, 0.402587890625, 4.1171875, 4.62890625, 8.28125, 2.392578125, 7.0703125, 3.505859375, 9.296875, 1.865234375, 2.912109375, 1.32421875, 6.5625, 0.1815185546875, 3.701171875, 6.90234375, 2.154296875, 9.1953125, 0.837890625, 7.41796875, 6.74609375, 3.615234375, 4.91796875, 0.276123046875, 0.379638671875, 0.0792236328125, 0.4150390625, 6.65234375, 1.5205078125, 0.283935546875, 3.060546875, 0.9296875, 4.6875, 0.73193359375, 2.265625, 7.81640625, 4.1640625, 1.2646484375, 0.095703125, 5.953125, 7.52734375, 0.07940673828125, 0.0015010833740234375, 0.1029052734375, 0.037933349609375, 0.45068359375, 0.0010938644409179688, 7.75, 1.044921875, 6.00390625, 0.00916290283203125, 0.278076171875, 6.1875, 1.486328125, 0.3173828125, 6.71875, 1.7607421875, 0.381591796875, 7.8984375, 4.98828125, 0.2220458984375, 0.0653076171875, 10.2421875, 1.5126953125, 0.037261962890625, 0.459716796875, 0.6025390625, 0.44140625, 4.73828125, 3.939453125, 0.481689453125, 0.1322021484375, 3.9453125, 0.004169464111328125, 0.0107574462890625, 0.1334228515625, 6.96875, 9.1328125, 1.78125, 3.3125, 7.11328125, 8.109375, 2.228515625, 0.62353515625, 3.869140625, 7.91796875, 1.994140625, 4.37109375, 0.9638671875, 0.1439208984375, 0.0777587890625, 0.52587890625, 7.50390625, 0.79443359375, 7.08984375, 5.53515625, 5.8515625, 0.11090087890625, 4.01953125, 9.25, 0.71337890625, 2.6875, 9.25, 2.708984375, 2.18359375, 1.32421875, 0.135498046875, 4.453125, 0.0027923583984375, 0.013397216796875, 0.0240325927734375, 5.80859375, 3.201171875, 4.84375, 4.24609375, 0.595703125, 5.625, 0.005268096923828125, 0.0833740234375, 0.024139404296875, 1.53125, 0.00635528564453125, 4.296875, 1.0400390625, 1.9892578125, 5.97265625, 5.6171875, 0.10089111328125, 6.87890625, 8.5859375, 1.265625, 3.400390625, 0.310791015625, 3.76171875, 0.3720703125, 11.546875, 2.734375, 12.1015625, 0.04925537109375, 9.9140625, 1.81640625, 5.07421875, 11.1953125, 5.46875, 3.623046875, 7.96484375, 4.40625, 7.0703125, 4.37109375, 3.404296875, 3.44140625, 3.37890625, 0.1484375, 4.0703125, 0.2293701171875, 0.444580078125, 1.45703125, 9.859375, 0.8642578125, 1.88671875, 0.04449462890625, 0.50439453125, 2.341796875, 0.053955078125, 7.5859375, 0.60205078125, 0.6669921875, 4.2265625, 1.9365234375, 7.73046875, 0.14013671875, 0.06500244140625, 4.16015625, 0.642578125, 5.37890625, 0.00701904296875, 0.011566162109375, 0.0211639404296875, 3.607421875, 0.317626953125, 0.459716796875, 2.845703125, 11.6015625, 3.11328125, 1.9052734375, 4.30078125, 0.00030493736267089844, 0.0030364990234375, 0.70703125, 6.1484375, 1.4140625, 2.248046875, 6.625, 0.79345703125, 3.857421875, 0.252685546875, 4.01171875, 9.25, 0.00603485107421875, 2.130859375, 0.01092529296875, 0.6875, 0.0012836456298828125, 0.06561279296875, 5.1328125, 4.22265625, 0.1435546875, 9.6796875, 3.025390625, 3.40234375, 0.6865234375, 4.7109375, 2.197265625, 8.8984375, 2.265625, 0.2919921875, 0.529296875, 8.5390625, 2.75, 2.228515625, 0.0738525390625, 7.640625, 0.0020008087158203125, 0.50732421875, 0.0004906654357910156, 0.0013113021850585938, 3.66796875, 2.716796875, 0.59521484375, 5.50390625, 0.46142578125, 0.042144775390625, 2.689453125, 0.265380859375, 0.57275390625, 0.0955810546875, 0.16650390625, 0.85986328125, 0.034393310546875, 8.7109375, 1.2802734375, 3.125, 0.833984375]",-1.0274202867145954
348,1,test,3.5611647448297274,1.5937508917637075,2.1967829882676053,5.728830241682605,2.563860130228573,3.5339552419957125,35.20417715817434,28.05202113419924,31.290874228073733,56.632806732715245,45.127164433277045,50.33749332342297,3.9712696842212774,1.808084990937374,2.4655820054256523,6.388564274616837,2.908658463681862,3.966371052206484,53.05184718866477,44.3530505971044,48.544595082176414,85.34427591219986,71.35055965621143,78.09347904524033,3.5611647448297274,1.5937508917637075,2.1967829882676053,5.728830241682605,2.563860130228573,3.5339552419957125,35.20417715817434,28.05202113419924,31.290874228073733,56.632806732715245,45.127164433277045,50.33749332342297,0.7386934673366834,0.008693467336683414,-0.0063065326633166,0.6180904522613065,-0.016909547738693465,-0.016909547738693465,0.5226130653266332,-0.007386934673366818,0.007613065326633195,0.41355932203389834,0.10222260460581034,0.17567882597978335,0.3639455782312925,0.4371859296482412,0.1163839246357099,0.19010746554139646,0.3939393939393939,0.41355932203389834,0.10222260460581034,0.17567882597978335,0.3639455782312925,27.0,3.0,3.0,38.0,3.0,3.0,47.0,1.0,-1.0,-0.0013608990335625144,-0.0004318781396944854,-0.00018844379021538328,0.00035656283511986686,-0.00011913993074319507,2.6287545484393604e-05,"[3.0625, 9.453125, 2.48046875, 1.494140625, 11.8203125, 13.8125, 13.9609375, 4.8828125, 2.349609375, 5.78515625, 13.53125, 3.931640625, 1.9326171875, 7.92578125, 2.208984375, 0.1920166015625, 2.021484375, 2.505859375, 0.0059356689453125, 0.0364990234375, 4.859375, 8.21875, 5.921875, 2.96484375, 3.787109375, 0.80029296875, 0.069580078125, 1.056640625, 3.09765625, 0.8583984375, 8.421875, 0.24072265625, 0.06976318359375, 6.48046875, 1.7353515625, 9.15625, 0.48779296875, 0.51904296875, 9.1953125, 9.3515625, 0.07611083984375, 11.2890625, 1.716796875, 0.74609375, 0.7333984375, 4.4453125, 0.67724609375, 9.3359375, 7.91015625, 0.0017986297607421875, 2.3671875, 7.26171875, 1.955078125, 6.984375, 3.677734375, 6.85546875, 1.01171875, 1.126953125, 6.0234375, 0.1153564453125, 1.416015625, 7.36328125, 5.6171875, 0.169189453125, 0.81689453125, 7.44921875, 2.306640625, 5.4765625, 4.09765625, 0.9228515625, 7.01171875, 1.3408203125, 4.375, 6.16015625, 7.703125, 5.95703125, 5.625, 5.9921875, 2.07421875, 2.6640625, 10.8203125, 10.4765625, 0.619140625, 1.9736328125, 6.7734375, 2.841796875, 0.3564453125, 0.0080718994140625, 0.332763671875, 3.98828125, 1.4404296875, 3.2578125, 5.1015625, 3.3515625, 0.43212890625, 5.63671875, 0.17822265625, 4.2890625, 6.015625, 7.54296875, 3.4765625, 7.7421875, 9.4296875, 4.0, 0.75390625, 7.33203125, 11.9765625, 6.09765625, 1.6650390625, 1.3125, 1.1171875, 3.744140625, 6.796875, 10.5546875, 0.7626953125, 0.031890869140625, 4.21484375, 0.1490478515625, 1.0234375, 5.40234375, 3.068359375, 12.1640625, 0.14111328125, 9.4921875, 0.357177734375, 3.478515625, 1.9130859375, 9.59375, 9.640625, 9.0546875, 0.4990234375, 9.03125, 1.724609375, 4.30078125, 8.953125, 0.83544921875, 5.7578125, 5.56640625, 3.474609375, 1.5146484375, 0.1556396484375, 6.51953125, 0.003849029541015625, 0.548828125, 7.16796875, 3.306640625, 0.489013671875, 3.02734375, 1.8974609375, 1.748046875, 1.7587890625, 7.97265625, 2.740234375, 3.52734375, 2.251953125, 2.19140625, 4.02734375, 8.125, 0.779296875, 2.701171875, 2.529296875, 3.27734375, 0.5595703125, 6.875, 10.203125, 0.45703125, 0.69580078125, 5.4765625, 4.80859375, 7.7890625, 1.501953125, 5.56640625, 5.90234375, 4.84375, 4.390625, 5.88671875, 2.56640625, 2.65625, 0.30322265625, 0.01239776611328125, 1.0673828125, 8.421875, 5.08984375, 3.328125, 2.32421875, 6.23046875, 3.859375, 0.55224609375, 5.39453125, 3.892578125, 0.11285400390625, 5.44921875, 0.2861328125, 2.59375, 0.01360321044921875, 0.1549072265625, 0.0005283355712890625, 0.002193450927734375, 0.0019550323486328125, 10.640625, 9.953125, 3.546875, 0.0021953582763671875, 0.1787109375, 3.09375, 0.0006079673767089844, 0.8701171875, 4.16796875, 0.03009033203125, 1.654296875, 0.1505126953125, 1.86328125, 8.9921875, 2.37109375, 4.99609375, 1.00390625, 0.02667236328125, 3.931640625, 0.67138671875, 1.7939453125, 0.01953125, 0.0021419525146484375, 0.0021762847900390625, 9.202957153320312e-05, 4.28125, 9.0390625, 1.3720703125, 5.3515625, 6.1015625, 1.984375, 8.4921875, 0.962890625, 1.21875, 4.18359375, 0.023406982421875, 0.4091796875, 2.224609375, 0.1737060546875, 5.19140625, 0.0029430389404296875, 3.193359375, 0.06378173828125, 6.09375, 0.307861328125, 4.3203125, 0.09454345703125, 0.1373291015625, 4.3828125, 3.361328125, 3.376953125, 1.3486328125, 1.6005859375, 0.1162109375, 0.0014190673828125, 1.1962890625, 0.1641845703125, 0.0029735565185546875, 0.0002052783966064453, 0.00017583370208740234, 8.2578125, 6.2109375, 11.2109375, 2.025390625, 5.55859375, 2.626953125, 1.03125, 6.5078125, 6.6796875, 0.986328125, 8.0390625, 0.03546142578125, 0.007434844970703125, 6.265625, 4.6796875, 0.1982421875, 0.9931640625, 0.0279693603515625, 0.2196044921875, 9.1328125, 6.87890625, 0.09014892578125, 0.5791015625, 0.70068359375, 0.429931640625, 3.43359375, 2.435546875, 3.076171875, 5.91796875, 3.947265625, 4.50390625, 0.323486328125, 1.388671875, 4.62890625, 0.351318359375, 1.291015625]",-1.2436162152532804
341,1,test,2.9916281778121663,1.2612909796199792,1.7508349239679002,5.442397024042472,2.2945519516250465,3.1851347204387785,19.918086290992466,14.275530043548857,16.459730560051774,36.23516263107104,25.970173299563456,29.943690623371026,3.393966320172027,1.4433598127057752,2.0403583925535065,6.17433420957849,2.625773218594687,3.711838431651012,29.78385059196513,22.75089876686291,25.91248261261101,54.18305022945069,41.38864069451897,47.14022260599292,3.16007754675122,1.3945699899919637,1.906392225643498,5.748841638722559,2.537014332075776,3.4681259698147255,23.57242382307945,17.727885782896095,20.06919409969328,42.883166503003295,32.25073006831945,36.510059322605855,0.7085427135678393,-0.0014572864321606982,0.0035427135678391952,0.5778894472361809,0.0028894472361808976,0.0178894472361808,0.48743718592964824,-0.002562814070351749,-0.007562814070351753,0.42056074766355145,0.13440211624831044,0.19258147305215245,0.365625,0.44723618090452266,0.1339529728844725,0.1984882677158749,0.4191919191919192,0.42140468227424754,0.12758164387691862,0.1833624130862609,0.3825503355704698,28.0,15.0,16.0,41.0,18.0,17.0,49.0,17.0,16.0,-0.0009360405828779012,-0.00034392095280774985,-0.000494842695096897,0.0051323055372405335,0.0069698147212537975,0.00848958502190822,"[3.056640625, 9.4453125, 2.4296875, 1.0791015625, 6.80078125, 4.94921875, 1.1064453125, 9.1484375, 10.7265625, 5.46875, 3.626953125, 1.2890625, 8.6171875, 0.5478515625, 0.400390625, 7.6953125, 1.373046875, 8.53125, 1.423828125, 9.28125, 5.953125, 1.294921875, 3.7734375, 5.609375, 3.45703125, 0.2171630859375, 3.33203125, 3.97265625, 2.6640625, 0.43701171875, 4.44140625, 0.59521484375, 0.00519561767578125, 6.0, 0.33154296875, 5.5703125, 3.494140625, 8.0, 5.078125, 6.44921875, 0.740234375, 5.90625, 0.46435546875, 3.109375, 2.892578125, 4.98046875, 4.29296875, 5.45703125, 0.64306640625, 5.7265625, 6.078125, 2.173828125, 2.083984375, 1.1533203125, 0.79296875, 6.73046875, 2.349609375, 0.0093841552734375, 0.00168609619140625, 0.0034885406494140625, 0.61767578125, 0.93212890625, 0.260986328125, 7.70703125, 3.15234375, 2.232421875, 6.8125, 0.06951904296875, 0.7333984375, 10.046875, 0.01418304443359375, 0.3115234375, 9.0859375, 2.97265625, 3.123046875, 4.05078125, 0.69775390625, 6.65625, 1.0986328125, 3.318359375, 9.984375, 5.625, 0.48095703125, 5.59765625, 3.662109375, 4.7734375, 2.40234375, 4.66015625, 1.9140625, 7.00390625, 0.44189453125, 4.8046875, 1.2822265625, 0.56201171875, 3.130859375, 5.91015625, 5.265625, 7.75390625, 3.099609375, 4.84765625, 5.14453125, 0.8125, 1.1396484375, 0.08367919921875, 0.12255859375, 0.10174560546875, 1.3330078125, 3.875, 3.111328125, 6.21875, 5.30078125, 0.04217529296875, 1.4599609375, 1.4609375, 10.9609375, 0.751953125, 8.6875, 2.009765625, 7.59765625, 0.0736083984375, 7.640625, 0.13671875, 0.6845703125, 5.69921875, 4.37890625, 1.75, 8.109375, 0.0125579833984375, 0.74609375, 0.70849609375, 5.78125, 0.40673828125, 0.51171875, 8.34375, 1.322265625, 0.294921875, 7.6015625, 3.337890625, 0.97802734375, 0.051300048828125, 6.73828125, 4.6328125, 8.84375, 4.640625, 0.5634765625, 0.41552734375, 0.0309295654296875, 0.047119140625, 0.052398681640625, 5.703125, 11.5234375, 0.365966796875, 5.8671875, 7.36328125, 0.14697265625, 2.408203125, 4.0078125, 2.833984375, 0.00032448768615722656, 0.421875, 3.259765625, 2.12890625, 1.7607421875, 5.30859375, 7.578125, 4.51953125, 1.212890625, 0.0204010009765625, 4.3046875, 0.53125, 4.00390625, 2.177734375, 1.763671875, 0.97265625, 4.1796875, 7.578125, 1.404296875, 3.4765625, 7.76953125, 4.04296875, 1.6748046875, 1.62109375, 2.5546875, 4.8359375, 2.416015625, 1.3994140625, 7.0625, 2.302734375, 0.978515625, 5.95703125, 1.791015625, 0.3974609375, 6.4765625, 1.4853515625, 4.890625, 4.9609375, 0.121826171875, 0.437744140625, 0.908203125, 6.1171875, 0.99072265625, 6.859375, 0.341796875, 4.86328125, 7.21484375, 1.84765625, 0.09649658203125, 1.5908203125, 6.4140625, 4.40625, 5.58984375, 7.6171875, 1.697265625, 0.003582000732421875, 0.1396484375, 0.0003452301025390625, 0.005107879638671875, 0.0031452178955078125, 0.6337890625, 7.296875, 0.7626953125, 3.484375, 0.2064208984375, 10.09375, 4.95703125, 2.521484375, 1.9716796875, 0.0287322998046875, 1.642578125, 0.0010900497436523438, 0.9248046875, 0.276611328125, 6.2421875, 2.529296875, 9.8984375, 5.55078125, 0.1593017578125, 0.0069427490234375, 0.06427001953125, 0.0014171600341796875, 0.447509765625, 0.0528564453125, 10.0234375, 0.42919921875, 4.49609375, 8.234375, 8.3203125, 0.0029201507568359375, 0.0113067626953125, 0.0012559890747070312, 1.4560546875, 0.02325439453125, 7.30859375, 3.927734375, 6.97265625, 0.10552978515625, 0.02435302734375, 0.008087158203125, 0.001087188720703125, 0.459716796875, 0.0096893310546875, 7.06640625, 6.21875, 14.390625, 3.025390625, 0.0859375, 0.01476287841796875, 0.020599365234375, 0.0014829635620117188, 2.4609375, 0.0049896240234375, 0.018585205078125, 0.004840850830078125, 0.033203125, 6.6875, 7.78125, 4.328125, 7.86328125, 0.5361328125, 0.0012598037719726562, 0.007053375244140625, 0.0015325546264648438, 0.303955078125, 0.00047206878662109375, 0.315673828125, 2.87890625, 5.75, 0.52099609375, 0.2998046875, 12.671875, 0.078125, 4.44921875, 0.732421875, 3.560546875, 0.3525390625, 1.828125, 6.592273712158203e-05, 0.201904296875, 5.7265625, 0.343994140625, 5.28125, 0.94482421875, 0.35546875, 0.004974365234375, 0.00010907649993896484, 0.027130126953125, 0.0005636215209960938, 0.7841796875, 2.205078125, 0.261962890625, 0.26611328125, 0.17431640625, 0.0128021240234375, 6.759166717529297e-05, 0.004718780517578125, 0.0010538101196289062, 0.0006003379821777344, 1.1904296875, 4.44921875, 0.36279296875, 0.0309295654296875]",-1.282577506849699
259,1,test,2.5423391476273536,1.0653490889998856,1.3147449283990809,5.996929401168051,2.512970498170318,3.101251272282538,12.709365309281933,8.329622257777505,9.296356608497305,29.97914993542385,19.64810897275752,21.928464705925997,3.161921894130994,1.3399868221499514,1.8794631670617825,7.4584157620384035,3.160792445189003,4.433321941128087,23.615939678033644,17.43212667506272,20.010445916644603,55.70583418171465,41.11931056882441,47.20111066220285,2.953755174592187,1.2693882337372022,1.7807265162832944,6.967387205949805,2.994262833697753,4.200419606056476,19.177834798747995,13.788796526453456,15.946069053213293,45.2371279664585,32.52533768886962,37.613962884344296,0.7487437185929648,-0.0012562814070351536,-0.011256281407035162,0.5628140703517588,-0.012185929648241167,-0.022185929648241176,0.4371859296482412,-0.012814070351758744,-0.002814070351758735,0.385,0.09785892634207238,0.1259579667644184,0.3308270676691729,0.42713567839195976,0.10132114205110765,0.16002382530347892,0.40909090909090906,0.4180602006688964,0.11588991686255246,0.16889446095810656,0.3959731543624161,23.0,6.0,5.0,34.0,7.0,6.0,41.0,1.0,3.0,-0.00046596235322472914,-0.0014859332588550863,-0.00019243497238368386,0.0196421987474924,0.02538157354392201,0.022263417640491667,"[3.056640625, 9.4453125, 2.48046875, 5.80859375, 1.4013671875, 0.0943603515625, 9.3203125, 1.978515625, 8.125, 2.421875, 12.0625, 0.0247650146484375, 0.39501953125, 0.88427734375, 7.1875, 3.578125, 5.25390625, 10.8203125, 0.1544189453125, 0.34326171875, 1.9345703125, 3.3984375, 2.02734375, 0.01995849609375, 0.116455078125, 0.0377197265625, 4.953125, 2.666015625, 1.1572265625, 5.859375, 1.326171875, 6.3984375, 2.388671875, 5.6640625, 2.689453125, 0.8740234375, 3.970703125, 2.994140625, 4.41796875, 0.259521484375, 0.1080322265625, 1.150390625, 1.8134765625, 0.92138671875, 0.0079193115234375, 0.0958251953125, 0.005096435546875, 2.921875, 0.005390167236328125, 0.156982421875, 9.625, 0.382080078125, 0.06402587890625, 6.38671875, 0.031494140625, 6.33984375, 3.8046875, 8.2734375, 7.28125, 2.857421875, 3.064453125, 4.35546875, 3.013671875, 7.5859375, 5.18359375, 1.7822265625, 1.3955078125, 4.5234375, 3.560546875, 4.8203125, 4.23828125, 5.19921875, 2.052734375, 1.5986328125, 4.796875, 3.38671875, 0.02667236328125, 0.006114959716796875, 1.3447265625, 6.3046875, 5.78125, 1.173828125, 1.2587890625, 3.634765625, 2.3125, 3.333984375, 3.796875, 2.30859375, 2.484375, 1.8818359375, 1.8662109375, 1.6435546875, 0.91455078125, 0.6044921875, 0.0794677734375, 6.66796875, 2.140625, 3.314453125, 2.64453125, 0.513671875, 1.3291015625, 2.427734375, 1.0400390625, 1.1767578125, 1.09375, 0.0017862319946289062, 5.33203125, 6.60546875, 0.423828125, 1.0751953125, 6.5234375, 0.77978515625, 0.206298828125, 2.060546875, 4.12109375, 3.203125, 1.4599609375, 5.25390625, 4.609375, 6.1640625, 1.7041015625, 0.95556640625, 5.08203125, 3.47265625, 0.490234375, 1.7978515625, 0.0299072265625, 6.546875, 3.626953125, 0.85302734375, 1.626953125, 4.80859375, 8.6484375, 4.09765625, 1.9306640625, 2.255859375, 3.685546875, 6.03515625, 8.6640625, 8.390625, 0.388671875, 5.875, 7.02734375, 1.591796875, 4.53515625, 0.65576171875, 1.5166015625, 10.3515625, 2.990234375, 4.62109375, 2.3515625, 8.25, 1.99609375, 5.140625, 3.46484375, 7.01171875, 0.033355712890625, 9.5625, 1.7255859375, 4.79296875, 3.736328125, 8.40625, 0.022430419921875, 0.353759765625, 4.09765625, 6.8984375, 4.57421875, 3.599609375, 3.994140625, 4.2109375, 3.27734375, 1.3125, 6.77734375, 5.1015625, 2.572265625, 0.7333984375, 2.298828125, 2.998046875, 0.01751708984375, 0.11102294921875, 1.6396484375, 4.37890625, 1.0224609375, 3.75390625, 5.54296875, 1.4677734375, 0.6416015625, 0.0513916015625, 0.01690673828125, 0.441162109375, 1.4375, 0.73681640625, 0.00952911376953125, 5.7421875, 4.73828125, 2.9453125, 2.236328125, 0.1280517578125, 4.80859375, 1.5986328125, 5.29296875, 1.181640625, 1.6708984375, 0.0058441162109375, 3.19921875, 4.1171875, 0.139404296875, 0.5048828125, 0.038421630859375, 4.68359375, 1.939453125, 2.033203125, 1.251953125, 6.10546875, 4.29296875, 0.48193359375, 0.1568603515625, 0.31103515625, 0.1663818359375, 11.703125, 0.07025146484375, 1.4892578125, 1.6904296875, 9.2421875, 0.0032558441162109375, 1.572265625, 0.8525390625, 8.59375, 0.135986328125, 4.4609375, 0.625, 6.21484375, 2.791015625, 0.77099609375, 7.11328125, 1.677734375, 4.30078125, 0.301025390625, 0.10577392578125, 0.013214111328125, 1.0791015625, 2.169921875, 0.75537109375, 0.367919921875, 0.004291534423828125, 0.323974609375, 1.6005859375, 1.0947265625, 0.00977325439453125, 0.004711151123046875, 3.83984375, 4.859375, 0.07672119140625, 2.2421875, 0.91748046875, 7.19921875, 7.7578125, 6.25, 0.6953125, 0.00435638427734375, 0.006099700927734375, 4.984375, 0.59375, 0.400146484375, 0.333740234375, 2.578125, 0.0010404586791992188, 0.005336761474609375, 7.34375, 5.0078125, 5.3046875, 2.8203125, 4.80078125, 6.45703125, 7.671875, 1.3623046875, 3.544921875, 3.169921875, 3.58203125, 1.9765625, 4.82421875, 0.0010633468627929688, 0.00815582275390625, 10.9140625, 2.58984375, 1.1708984375, 5.3984375, 6.6015625, 7.76171875, 0.2509765625, 1.1591796875, 0.53515625, 0.13916015625, 5.9921875, 0.27685546875, 0.55322265625, 0.0012807846069335938, 0.99267578125, 6.08203125, 0.00045371055603027344, 0.323486328125, 0.3349609375, 6.83984375, 1.3671875, 7.1796875, 0.40966796875, 2.166015625, 1.40625, 0.50390625, 7.19140625, 5.421875, 0.17578125, 0.07745361328125, 0.0136260986328125, 0.00498199462890625, 0.11090087890625, 0.93359375, 0.047027587890625, 0.0015611648559570312, 0.00262451171875, 6.99758529663086e-05, 3.794921875, 2.111328125, 0.427734375, 0.54541015625, 3.408203125, 0.798828125, 2.064453125, 0.035552978515625, 0.018157958984375, 0.413330078125, 0.1627197265625, 1.494140625, 0.0004968643188476562, 0.004467010498046875, 2.140625, 0.0006542205810546875, 2.75, 0.63623046875, 0.0231475830078125, 1.568359375, 0.0018892288208007812, 0.08660888671875, 0.77587890625, 0.0011606216430664062, 1.2890625, 2.23828125, 10.15625, 0.327880859375, 0.0004322528839111328, 0.00734710693359375, 0.0011720657348632812, 0.0003364086151123047, 3.837890625, 4.609375, 9.953125, 0.72216796875, 0.50537109375, 6.88671875, 0.0007996559143066406, 0.2388916015625, 0.00881195068359375, 2.56640625, 0.0241241455078125, 1.7109375, 0.0104827880859375, 0.001361846923828125, 0.0036106109619140625, 0.0201416015625, 2.400390625, 1.412109375, 0.0010166168212890625, 0.062469482421875, 0.00141143798828125, 3.982421875, 0.0008149147033691406, 0.07989501953125, 0.09625244140625, 6.15625, 1.1669921875, 0.180908203125, 0.045501708984375, 0.01445770263671875, 0.099609375, 0.059722900390625, 0.0005130767822265625, 0.0146942138671875, 0.0200042724609375, 0.11419677734375, 0.387451171875, 0.1832275390625, 0.002582550048828125, 0.00821685791015625, 0.00022149085998535156, 1.875, 0.00016820430755615234, 0.0203704833984375, 7.171875, 7.998943328857422e-05, 0.005779266357421875]",-1.350207506120205
263,1,test,3.1208876895904543,1.3722919559796123,1.9271278912476586,5.658959003414017,2.488312522589538,3.494370453406899,22.66649152387902,16.919964171714216,19.367028291647603,41.10008402823847,30.68017599810831,35.11732238425259,3.383845985834323,1.4895227951834786,2.0705828845829473,6.135768926121273,2.7008816948808856,3.754490652165464,29.4839481821302,22.835900761127576,25.765661097009144,53.46185784832043,41.4072658379482,46.71966259156478,3.118888150090757,1.3822021205928683,1.9376269438606102,5.655333332393481,2.506282158424418,3.5134078921809864,22.62121426068104,16.942720415329443,19.362733031412226,41.01798489436743,30.72143882538652,35.10953399069326,0.7336683417085428,-0.011331658291457214,-0.0063316582914572095,0.5879396984924623,0.0029396984924623393,0.007939698492462233,0.46733668341708545,-0.0076633165829145256,-0.01266331658291453,0.42333333333333334,0.11052135330005541,0.18830007390983006,0.34782608695652173,0.4120603015075377,0.09627082782332719,0.15663459199167795,0.3434343434343434,0.42140468227424754,0.10754825489528264,0.18669945424310186,0.34563758389261745,25.0,7.0,7.0,35.0,9.0,7.0,43.0,6.0,5.0,-0.0015221735192792155,-0.0004717453348090294,-0.00013792989737890246,0.00856866436677084,0.006692678286989384,0.008186575184149447,"[3.0625, 9.453125, 2.48046875, 1.494140625, 8.8203125, 1.15234375, 8.046875, 9.90625, 9.171875, 8.3515625, 0.40771484375, 3.685546875, 0.8466796875, 3.521484375, 1.1396484375, 3.201171875, 1.625, 2.380859375, 0.86572265625, 10.0234375, 1.73828125, 3.3984375, 4.35546875, 2.814453125, 1.3349609375, 2.251953125, 2.052734375, 5.25, 1.93359375, 0.11041259765625, 1.123046875, 2.138671875, 0.7080078125, 6.94140625, 3.240234375, 0.22509765625, 3.6015625, 0.055511474609375, 5.4921875, 4.09765625, 9.0859375, 4.640625, 0.0008325576782226562, 4.46875, 5.85546875, 3.982421875, 0.85986328125, 3.38671875, 8.421875, 9.3984375, 1.0205078125, 7.46484375, 8.2734375, 0.8251953125, 1.0966796875, 10.2109375, 3.41015625, 0.193359375, 7.5078125, 5.6171875, 3.232421875, 12.3203125, 0.0877685546875, 7.76953125, 2.4765625, 4.6015625, 3.927734375, 8.078125, 2.220703125, 4.18359375, 1.9345703125, 0.89501953125, 7.55859375, 3.78125, 0.7099609375, 2.078125, 0.412841796875, 3.736328125, 2.197265625, 4.64453125, 0.09576416015625, 3.2421875, 1.9921875, 0.58251953125, 6.1640625, 3.408203125, 8.0078125, 0.4443359375, 6.8515625, 6.765625, 0.041290283203125, 0.187255859375, 9.96875, 5.04296875, 1.9150390625, 2.041015625, 0.76904296875, 1.751953125, 2.158203125, 2.990234375, 0.37255859375, 5.80859375, 6.421875, 4.71875, 3.166015625, 0.54150390625, 6.85546875, 13.4140625, 0.1607666015625, 6.97265625, 3.615234375, 2.06640625, 1.208984375, 2.505859375, 0.165283203125, 2.30078125, 1.59375, 6.0625, 10.09375, 0.05712890625, 4.2109375, 0.80859375, 3.28515625, 1.19140625, 4.36328125, 0.36181640625, 1.1630859375, 1.5419921875, 0.86865234375, 7.58203125, 3.095703125, 9.015625, 2.453125, 7.390625, 3.271484375, 3.66796875, 0.1121826171875, 1.7333984375, 7.734375, 2.400390625, 0.0352783203125, 1.8701171875, 1.4306640625, 0.016357421875, 1.64453125, 0.048248291015625, 0.1910400390625, 0.465576171875, 0.1776123046875, 1.8251953125, 0.358642578125, 0.024932861328125, 0.1488037109375, 4.6953125, 3.970703125, 3.498046875, 3.294921875, 1.59765625, 2.69921875, 0.771484375, 8.1328125, 3.216796875, 3.4296875, 1.6240234375, 0.59521484375, 1.9326171875, 0.0016803741455078125, 0.75634765625, 0.9130859375, 2.935546875, 8.8984375, 3.955078125, 5.3515625, 2.208984375, 4.78515625, 8.3984375, 4.5390625, 0.55908203125, 2.2421875, 5.3984375, 6.3125, 7.15234375, 0.01629638671875, 5.10546875, 5.02734375, 1.8759765625, 0.48828125, 0.1124267578125, 0.040557861328125, 2.876953125, 3.580078125, 1.1259765625, 6.7109375, 1.8876953125, 3.44921875, 0.01517486572265625, 0.475341796875, 0.01140594482421875, 0.255126953125, 0.58984375, 11.7734375, 0.0323486328125, 7.1796875, 2.126953125, 3.890625, 4.72265625, 4.296875, 7.75390625, 0.8935546875, 0.9765625, 2.392578125, 6.98046875, 0.467529296875, 4.30859375, 1.1259765625, 2.33984375, 0.142822265625, 2.06640625, 0.5244140625, 0.0214996337890625, 0.02459716796875, 0.1649169921875, 7.3125, 5.9296875, 1.6513671875, 3.19921875, 1.2158203125, 0.99169921875, 2.30859375, 1.0546875, 6.078125, 3.23828125, 0.441162109375, 5.28515625, 0.01091766357421875, 9.390625, 0.159423828125, 2.13671875, 6.3203125, 0.427978515625, 0.5869140625, 3.66015625, 0.03057861328125, 4.66796875, 1.6845703125, 6.10546875, 6.62109375, 2.58203125, 2.34375, 0.419921875, 1.2119140625, 6.4609375, 4.09375, 0.020965576171875, 0.322021484375, 0.055572509765625, 0.0101318359375, 0.1956787109375, 0.004638671875, 0.041107177734375, 0.5029296875, 0.018310546875, 0.0194091796875, 0.008453369140625, 0.0038127899169921875, 0.0129852294921875, 2.15625, 3.548828125, 3.0703125, 0.1474609375, 7.6640625, 0.137939453125, 1.453125, 2.025390625, 3.0234375, 5.57421875, 2.26171875, 3.587890625, 3.359375, 0.705078125, 5.98046875, 9.1484375, 8.125, 5.0078125, 0.0020656585693359375, 3.05859375, 0.0087127685546875, 0.62939453125, 0.005748748779296875, 0.72607421875, 0.00350189208984375, 0.024017333984375, 3.654296875, 2.443359375, 2.95703125, 1.2802734375, 9.9296875, 3.796875, 4.41796875, 3.71875]",-0.6745603752136229
232,1,test,2.910545439947219,1.2811978878841142,1.76802768015805,5.203702453238968,2.2906265268231136,3.16101918573712,18.366813829373214,13.266268037273086,15.232163093733398,32.83763684645514,23.71847921815491,27.233261288796076,2.8874691766710137,1.2035510797055968,1.6745207755653908,5.162444891623934,2.1518034455342487,2.993840174495699,17.947829289437855,12.56120931128361,14.584442628658795,32.088543275055564,22.457919677749487,26.075215608814215,2.899925925699221,1.282205881979293,1.7489913288877366,5.184716048977395,2.2924286980841906,3.1269844971023173,18.17279918219212,13.13121656711619,15.011653255753831,32.490762174222276,23.477023559389554,26.839016426953823,0.6432160804020101,0.0032160804020100464,-0.001783919597989958,0.4974874371859297,0.0024874371859296973,-0.01751256281407032,0.37688442211055273,-0.003115577889447274,-0.013115577889447283,0.3945578231292517,0.10253744961482048,0.15021393172653674,0.3686006825938567,0.40201005025125625,0.09373937355952688,0.1449148916535935,0.3484848484848485,0.391156462585034,0.0889493318549831,0.14794379290177606,0.3651877133105802,21.0,7.0,7.0,31.0,6.0,6.0,41.0,9.0,9.0,-0.0006744048858345286,-0.0002820073638314808,1.0983685681561702e-05,0.020808600446514447,0.020827022425549124,0.019360722055723478,"[3.056640625, 9.4453125, 2.4296875, 1.0791015625, 2.802734375, 0.35693359375, 3.64453125, 1.4716796875, 0.44384765625, 4.50390625, 0.6474609375, 6.80078125, 5.3046875, 1.765625, 8.78125, 1.107421875, 0.231689453125, 1.6865234375, 6.01953125, 11.0859375, 5.59765625, 5.7265625, 5.65625, 1.4794921875, 1.4267578125, 0.5703125, 0.80419921875, 4.33203125, 2.939453125, 1.185546875, 6.234375, 2.8984375, 0.37939453125, 2.2421875, 6.88671875, 3.47265625, 5.34375, 6.39453125, 9.078125, 3.580078125, 2.416015625, 2.02734375, 7.34375, 3.06640625, 2.5390625, 6.125, 8.1875, 1.8818359375, 0.935546875, 0.40234375, 2.34375, 3.099609375, 0.46630859375, 1.6376953125, 3.951171875, 0.1087646484375, 0.25048828125, 6.5625, 0.47705078125, 10.4609375, 4.19921875, 3.5234375, 1.3466796875, 7.1484375, 2.49609375, 2.6328125, 0.90478515625, 5.484375, 0.337890625, 0.4091796875, 6.71484375, 1.2236328125, 1.7685546875, 0.424072265625, 2.2109375, 4.953125, 2.904296875, 4.53125, 6.4609375, 5.55078125, 0.75, 1.263671875, 2.31640625, 2.77734375, 4.79296875, 3.904296875, 3.341796875, 0.1939697265625, 0.8818359375, 0.379150390625, 0.07781982421875, 0.016571044921875, 0.471435546875, 0.39111328125, 2.677734375, 11.296875, 4.546875, 1.9228515625, 1.5166015625, 0.6181640625, 5.8125, 1.9208984375, 1.3759765625, 11.28125, 8.2421875, 2.01953125, 7.0, 5.83984375, 10.3359375, 1.8857421875, 0.5458984375, 4.82421875, 0.1900634765625, 1.9296875, 0.004825592041015625, 2.1328125, 0.0033092498779296875, 2.474609375, 2.31640625, 0.0037593841552734375, 0.131591796875, 0.4423828125, 4.625, 0.0550537109375, 0.14013671875, 0.1004638671875, 0.04010009765625, 0.089599609375, 0.049713134765625, 0.01528167724609375, 1.552734375, 1.53125, 0.00534820556640625, 0.0064239501953125, 0.00014650821685791016, 0.0132904052734375, 0.03253173828125, 0.58984375, 2.423828125, 0.1290283203125, 8.7421875, 0.630859375, 6.96875, 6.09375, 3.26953125, 3.701171875, 0.03717041015625, 6.7421875, 0.0767822265625, 4.7734375, 0.66650390625, 4.58203125, 3.201171875, 0.060272216796875, 0.08465576171875, 0.0008101463317871094, 0.150146484375, 0.00021266937255859375, 0.79248046875, 9.3359375, 4.55078125, 6.59765625, 9.53125, 7.60546875, 0.490478515625, 2.390625, 4.65234375, 0.1309814453125, 2.982421875, 4.125, 3.611328125, 0.019439697265625, 0.273681640625, 0.06915283203125, 0.042755126953125, 0.00658416748046875, 0.03106689453125, 1.666015625, 3.646484375, 0.0034122467041015625, 0.0003139972686767578, 0.001270294189453125, 0.00011599063873291016, 4.0390625, 8.0859375, 2.603515625, 13.25, 1.6767578125, 8.0078125, 2.5625, 3.0703125, 2.572265625, 0.07666015625, 1.2109375, 5.51171875, 3.11328125, 0.108642578125, 4.9375, 0.1629638671875, 4.96484375, 2.349609375, 6.5546875, 1.625, 7.44140625, 4.9765625, 9.8203125, 0.027618408203125, 0.029296875, 1.7109375, 4.765625, 5.34375, 1.8486328125, 1.404296875, 7.91796875, 0.1707763671875, 0.71337890625, 3.548828125, 0.24560546875, 1.482421875, 11.59375, 1.408203125, 0.78955078125, 2.7109375, 7.6796875, 0.986328125, 9.1953125, 0.64697265625, 4.65234375, 6.296875, 0.497802734375, 4.265625, 4.421875, 5.89453125, 1.3876953125, 7.30859375, 0.219970703125, 0.69482421875, 5.61328125, 0.413330078125, 4.8984375, 1.201171875, 1.3740234375, 8.1328125, 2.060546875, 4.125, 8.1015625, 1.8427734375, 6.33984375, 0.60693359375, 0.04266357421875, 7.32421875, 0.10382080078125, 0.0992431640625, 6.961822509765625e-05, 7.96875, 2.083984375, 2.2734375, 0.58544921875, 0.01461029052734375, 1.61328125, 1.3017578125, 6.1875, 5.15625, 3.8359375, 1.7841796875, 2.91796875, 2.80078125, 5.33203125, 6.43359375, 0.471435546875, 0.156494140625, 3.119140625, 1.056640625, 0.71630859375, 4.45703125, 5.85546875, 3.958984375, 0.34619140625, 1.2431640625, 2.828125, 0.185791015625, 3.03125, 4.671875, 0.141357421875, 0.63037109375, 0.141845703125, 0.057281494140625, 0.0059661865234375, 0.5, 0.2548828125, 1.759765625, 0.51953125, 1.4384765625, 0.0098419189453125]",-1.5066460654849099
382,1,test,3.7899948465045785,1.563263461906617,2.179114815055124,6.707142395026284,2.766502611374134,3.8563728848248258,44.25617220141487,34.98665418234724,39.24895640456974,78.32001383523117,61.91577588633571,69.45875921293555,3.8061985124894724,1.5039587986772394,2.125380314567235,6.735817973617732,2.661551328568205,3.761279102143228,44.97912586529847,34.98257906075136,39.609178010959425,79.59942274343729,61.908564155996345,70.09624229818274,3.8028914510589287,1.573769144629427,2.1971550206182986,6.729965477025497,2.7850944862532887,3.888298581942685,44.83062282265595,35.53891559482724,39.849096022423424,79.33661735888204,62.89311123448215,70.5208244760463,0.7738693467336684,-0.006130653266331665,-0.01113065326633167,0.6633165829145728,0.013316582914572828,0.013316582914572828,0.5527638190954773,-0.0022361809045226,-0.0022361809045226,0.4226804123711341,0.08991883432653713,0.14268041237113405,0.4172413793103448,0.42713567839195976,0.09380234505862639,0.14499878356725193,0.4242424242424242,0.415807560137457,0.08819177969148784,0.13352184585174276,0.4137931034482759,17.0,-2.0,-3.0,31.0,0.0,0.0,40.0,1.0,0.0,0.0001595063086966332,-3.1423125256557066e-05,4.738138346384185e-05,0.00032884314767755995,-0.00013463403094249315,1.2269317609892028e-05,"[1.98828125, 7.25390625, 0.005054473876953125, 0.00018703937530517578, 2.12890625, 9.390625, 10.078125, 5.68359375, 3.73046875, 5.3203125, 3.62109375, 0.251220703125, 1.77734375, 7.6953125, 10.203125, 4.91796875, 5.01171875, 1.466796875, 2.130859375, 4.1875, 0.188720703125, 5.19921875, 1.8017578125, 6.640625, 0.404296875, 5.76171875, 2.03515625, 5.2109375, 6.015625, 0.0745849609375, 1.65625, 1.8896484375, 4.234375, 1.1767578125, 3.38671875, 2.125, 2.193359375, 7.51953125, 3.921875, 7.01171875, 3.67578125, 6.72265625, 1.87109375, 4.0078125, 6.57421875, 13.0234375, 7.296875, 3.146484375, 0.300537109375, 3.283203125, 3.216796875, 4.0390625, 0.025482177734375, 3.033203125, 0.11212158203125, 4.78125, 1.513671875, 3.591796875, 0.04254150390625, 3.470703125, 0.55224609375, 4.90625, 0.86376953125, 0.08795166015625, 3.859375, 4.15625, 2.865234375, 5.88671875, 0.95849609375, 4.2265625, 0.1514892578125, 1.7890625, 7.66015625, 0.10101318359375, 0.1298828125, 1.4677734375, 6.44140625, 1.2578125, 3.396484375, 1.0673828125, 3.857421875, 4.33203125, 8.515625, 7.96875, 3.509765625, 1.7099609375, 2.66796875, 11.7734375, 2.548828125, 7.0703125, 1.7138671875, 5.17578125, 0.6611328125, 0.92138671875, 3.005859375, 5.76171875, 0.271728515625, 5.66015625, 1.0185546875, 6.0234375, 0.022857666015625, 3.158203125, 3.9921875, 2.05078125, 6.63671875, 1.1376953125, 7.66796875, 0.114501953125, 1.42578125, 10.046875, 0.408447265625, 4.578125, 4.734375, 3.861328125, 8.453125, 3.45703125, 5.7890625, 12.3828125, 4.015625, 4.6953125, 3.73828125, 8.328125, 3.9296875, 16.03125, 3.61328125, 1.5078125, 0.000888824462890625, 1.91796875, 10.4375, 0.25244140625, 1.087890625, 9.703125, 0.83984375, 5.4140625, 2.6171875, 0.68994140625, 1.8134765625, 4.5625, 2.68359375, 7.9921875, 9.515625, 5.9375, 0.0113983154296875, 0.053192138671875, 5.31640625, 2.03515625, 0.11712646484375, 3.775390625, 0.25439453125, 3.310546875, 7.95703125, 0.60107421875, 2.650390625, 0.78564453125, 6.6875, 3.115234375, 1.2197265625, 11.8828125, 3.541015625, 1.3232421875, 10.375, 6.5625, 5.296875, 2.138671875, 5.8359375, 1.84765625, 0.64697265625, 4.875, 2.130859375, 7.90625, 1.765625, 2.466796875, 4.76953125, 0.70458984375, 3.130859375, 7.375, 4.53125, 5.16015625, 2.80078125, 0.4248046875, 0.004974365234375, 0.00991058349609375, 0.4072265625, 0.02471923828125, 0.00701141357421875, 4.51171875, 6.1953125, 12.25, 0.1973876953125, 3.3671875, 0.298583984375, 3.046875, 6.35546875, 6.78125, 8.3984375, 0.29345703125, 7.68359375, 1.572265625, 2.08203125, 9.9296875, 8.953125, 2.4296875, 0.1805419921875, 0.95458984375, 0.6533203125, 1.0830078125, 0.08624267578125, 0.494384765625, 3.71875, 0.5244140625, 3.216796875, 3.138671875, 5.12109375, 6.2578125, 6.64453125, 4.9609375, 4.5078125, 6.984375, 0.10693359375, 5.109375, 3.470703125, 0.423828125, 15.671875, 0.04583740234375, 8.546875, 6.3984375, 0.09954833984375, 4.296875, 1.3935546875, 2.044921875, 5.59375, 0.09136962890625, 7.28515625, 3.423828125, 7.3671875, 0.91796875, 2.5078125, 0.02880859375, 0.290771484375, 1.1572265625, 3.294921875, 0.063232421875, 9.7421875, 7.15234375, 10.9375, 0.87548828125, 0.482666015625, 1.7841796875, 3.44140625, 1.7099609375, 0.072021484375, 7.28125, 8.140625, 12.25, 2.888671875, 5.50390625, 0.041717529296875, 4.5859375, 1.7548828125, 12.46875, 5.2578125, 1.4951171875, 1.9462890625, 2.94921875, 8.46875, 1.9794921875, 7.98828125, 2.2578125, 5.9453125, 7.7421875, 5.4296875, 3.64453125, 0.13671875, 2.603515625, 0.2205810546875, 5.734375, 3.166015625, 1.16015625, 1.40625, 7.0234375, 0.0304718017578125, 7.390625, 5.54296875, 0.51904296875, 1.830078125, 0.0882568359375, 1.2021484375, 0.03411865234375, 2.111328125, 7.95703125, 3.91796875]",-1.0854776991192008
198,1,test,2.7439698460716873,1.1188477740749116,1.5766395191773501,5.370100496299805,2.189646870735563,3.0855705927458565,15.548588239881829,10.469549232109662,12.335185796838154,30.429445696455847,20.48948592050909,24.140639688290616,2.5112054605579854,1.0142850001103538,1.464616795500085,4.914567741828205,1.9850117486822265,2.8663359372056885,12.319772112323864,7.85186335134493,9.471852790725839,24.11047425663382,15.366530117049281,18.53693889718738,2.6544116579968,1.1070416761498552,1.5682528287787765,5.1948301773066206,2.1665416852257904,3.0691573765670537,14.216619364017358,9.51752415320107,11.253748072085237,27.82270906209532,18.626320275283074,22.024206349663746,0.5527638190954773,-0.0022361809045226,-0.012236180904522609,0.4120603015075377,-0.012939698492462348,-0.0029396984924623393,0.3266331658291457,-0.0033668341708542604,-0.0033668341708542604,0.37421383647798745,0.08535983333827002,0.13572011262861505,0.3817034700315457,0.36180904522613067,0.08361355650432611,0.129755622855513,0.3434343434343434,0.36454849498327757,0.08741994740397874,0.1342926551612531,0.37248322147651003,19.0,1.0,1.0,29.0,2.0,1.0,35.0,-1.0,0.0,0.00010346704278537395,1.5928676267046784e-05,0.0003492658425700952,0.012650421594990746,0.013652284344033205,0.011837153931389288,"[3.056640625, 9.4453125, 2.4296875, 1.0791015625, 0.80224609375, 1.9931640625, 1.1474609375, 10.4609375, 1.138671875, 0.68115234375, 6.0078125, 1.056640625, 0.66943359375, 7.87109375, 8.78125, 0.033294677734375, 7.44140625, 1.0, 7.125, 0.01513671875, 0.400390625, 0.031005859375, 1.5020370483398438e-05, 1.515625, 2.541015625, 2.1796875, 4.26953125, 0.94189453125, 2.578125, 3.490234375, 1.2939453125, 6.91796875, 5.23828125, 0.77978515625, 0.86328125, 5.95703125, 1.8701171875, 2.228515625, 0.376708984375, 5.140625, 1.8203125, 0.00141143798828125, 5.5390625, 0.0012073516845703125, 0.07025146484375, 0.00673675537109375, 5.841255187988281e-06, 0.4462890625, 2.451171875, 0.38525390625, 1.3935546875, 2.50390625, 0.260498046875, 0.443359375, 0.170166015625, 3.455078125, 0.359375, 0.00024628639221191406, 5.796875, 1.7060546875, 3.02734375, 1.46484375, 1.0947265625, 5.15234375, 0.95068359375, 2.744140625, 2.771484375, 13.171875, 2.54296875, 0.84130859375, 5.85546875, 0.10797119140625, 2.158203125, 1.228515625, 2.3515625, 1.1103515625, 0.0244140625, 3.396484375, 4.1640625, 9.90625, 0.01024627685546875, 0.0026302337646484375, 5.3125, 8.171875, 0.073486328125, 0.02685546875, 9.734375, 2.869140625, 2.205078125, 5.97265625, 3.25, 5.05078125, 3.099609375, 2.046875, 0.0109100341796875, 2.447265625, 5.96875, 6.0546875, 1.443359375, 0.669921875, 8.3046875, 6.7265625, 0.89990234375, 0.70556640625, 0.23583984375, 4.01953125, 1.2373046875, 0.0003266334533691406, 4.27734375, 0.0027675628662109375, 0.1005859375, 0.0042266845703125, 8.07046890258789e-05, 0.54443359375, 2.521484375, 0.0016803741455078125, 0.33203125, 0.0007143020629882812, 0.00167083740234375, 0.0016660690307617188, 0.6923828125, 3.79296875, 6.25, 4.953125, 10.5703125, 4.71875, 6.6953125, 5.52734375, 0.00942230224609375, 1.6435546875, 6.515625, 5.22265625, 10.2109375, 2.427734375, 7.69921875, 5.1171875, 0.7080078125, 0.00811767578125, 0.8125, 0.07159423828125, 0.353271484375, 0.00030517578125, 0.4033203125, 6.453125, 0.0053558349609375, 0.0118255615234375, 0.388427734375, 0.4052734375, 2.310546875, 0.088134765625, 0.0008530616760253906, 1.703125, 0.0123443603515625, 0.10211181640625, 0.0189666748046875, 0.023406982421875, 0.003170013427734375, 0.00010347366333007812, 0.078857421875, 0.6240234375, 0.0022068023681640625, 0.0010709762573242188, 0.001674652099609375, 7.724761962890625e-05, 3.77734375, 2.455078125, 4.46875, 2.33984375, 1.1806640625, 6.02734375, 1.84375, 3.87890625, 0.8935546875, 1.44140625, 3.24609375, 3.876953125, 0.5341796875, 5.66015625, 6.23828125, 4.48046875, 6.94140625, 0.0013790130615234375, 1.5087890625, 0.91015625, 0.26513671875, 1.4384765625, 0.22900390625, 7.48828125, 0.01004791259765625, 0.00328826904296875, 5.1484375, 1.0595703125, 7.765625, 0.057342529296875, 0.0711669921875, 1.0634765625, 0.380126953125, 4.484375, 8.171875, 0.400146484375, 6.9921875, 1.4736328125, 2.75390625, 0.288818359375, 0.0033588409423828125, 1.2470703125, 0.386962890625, 0.00371551513671875, 0.0003707408905029297, 0.0005202293395996094, 1.421875, 1.2021484375, 0.26708984375, 0.74169921875, 0.141357421875, 3.619140625, 0.703125, 0.063720703125, 0.515625, 5.71484375, 1.1884765625, 0.1461181640625, 0.78369140625, 6.89453125, 0.002605438232421875, 0.009429931640625, 2.08984375, 2.517578125, 2.3046875, 5.71484375, 2.46484375, 2.115234375, 4.6015625, 1.0458984375, 0.84521484375, 0.29345703125, 2.013671875, 0.94873046875, 2.298828125, 2.2578125, 0.050750732421875, 0.94287109375, 2.27734375, 0.412841796875, 4.9453125, 8.0, 3.953125, 0.0014286041259765625, 0.049468994140625, 0.005023956298828125, 0.00026106834411621094, 0.07025146484375, 12.3671875, 0.00489044189453125, 1.046875, 2.447265625, 6.984375, 0.9609375, 0.0090179443359375, 0.4970703125, 2.896484375, 2.84375, 9.3828125, 1.63671875, 3.365234375, 3.115234375, 6.625, 3.609375, 6.9375, 9.5, 2.310546875, 0.72216796875, 3.767578125, 2.890625, 7.37109375, 11.8046875, 6.6953125, 0.00614166259765625, 4.015625, 3.869140625, 8.6875, 2.158203125, 7.08984375, 0.062744140625, 2.0859375, 1.7353515625, 5.86328125, 1.7841796875, 2.03515625, 9.0859375, 9.46875, 3.228515625, 7.58984375, 1.546875, 4.95703125, 4.33984375, 12.84375, 0.82275390625, 3.248046875, 1.1005859375, 8.484375, 3.96875, 2.265625, 2.04296875, 9.328125, 3.5546875, 3.482421875, 3.552734375, 2.19140625, 5.78125, 4.578125, 1.4248046875, 3.69921875, 4.81640625, 0.41650390625, 1.373046875, 9.2109375, 3.763671875]",-1.225860428510222
421,1,test,2.575447225348377,1.1003544928999989,1.2947071904535175,4.1633169432323385,1.7787685411541334,2.0929477138910246,13.137191129777392,8.765750001203942,9.537888780211134,21.236812728587513,14.170197370367275,15.41839163718341,2.86281709994503,1.2090895081603545,1.7251639921108495,4.627862229234447,1.9545431898832795,2.788798934615283,17.510787156056328,12.284361613321352,14.39134837481497,28.30691156806098,19.858178547850308,23.26420977883623,2.62347484033642,1.185119544730052,1.6258981188182822,4.240955568964889,1.9157947527591066,2.628331545458125,13.783536053679152,9.569776328163389,11.071833404271572,22.28165602662419,15.46993917710623,17.89807655577735,0.5979899497487438,0.002989949748743781,0.002989949748743781,0.4773869346733668,-0.007613065326633195,0.002386934673366814,0.4120603015075377,0.00706030150753767,0.012060301507537674,0.4009324009324009,0.11920946728862902,0.14091285059026992,0.366822429906542,0.4170854271356784,0.12635861009307192,0.18837090292866676,0.3787878787878788,0.4147157190635451,0.14092606964785226,0.20893151439168745,0.3657718120805369,22.0,1.0,1.0,32.0,4.0,3.0,40.0,0.0,0.0,-0.0006507966540780396,-0.0005837339161178097,4.997773698373347e-06,0.011100374983307404,0.013224252505503742,0.01226309302663342,"[3.056640625, 9.4453125, 1.869140625, 1.6689453125, 12.7890625, 0.1923828125, 3.283203125, 0.68701171875, 0.00223541259765625, 5.71484375, 2.669921875, 5.51171875, 1.205078125, 2.65625, 1.2646484375, 5.5078125, 1.6748046875, 1.5126953125, 8.40625, 3.083984375, 7.578125, 5.91796875, 7.37890625, 3.162109375, 7.46875, 9.3828125, 2.521484375, 3.876953125, 5.98046875, 0.34375, 5.9765625, 8.109375, 0.424560546875, 0.279052734375, 1.236328125, 0.568359375, 0.08782958984375, 7.7734375, 1.5263671875, 9.6015625, 0.218994140625, 0.6650390625, 6.37109375, 5.7578125, 0.2099609375, 2.015625, 0.400634765625, 5.54296875, 0.00030994415283203125, 4.26171875, 0.62109375, 1.6240234375, 8.4609375, 0.495361328125, 0.58544921875, 6.43359375, 5.36328125, 6.21484375, 1.0615234375, 4.08203125, 4.06640625, 3.03515625, 0.011871337890625, 2.1484375, 0.95458984375, 1.2294921875, 7.85546875, 8.3984375, 1.4501953125, 1.5224609375, 4.359375, 4.04296875, 4.359375, 0.35546875, 0.09100341796875, 3.650390625, 0.1065673828125, 0.89453125, 3.62109375, 2.0, 7.46484375, 5.421875, 1.6533203125, 3.44921875, 0.50830078125, 2.748046875, 7.66796875, 1.11328125, 0.40869140625, 5.1875, 8.5546875, 0.00989532470703125, 0.08465576171875, 1.6728515625, 6.27734375, 0.358154296875, 4.7265625, 4.79296875, 3.8984375, 1.8935546875, 9.4140625, 8.28125, 2.974609375, 0.66162109375, 2.0234375, 2.6875, 4.36328125, 0.62060546875, 5.19140625, 0.376220703125, 6.23046875, 8.15625, 3.765625, 0.7314453125, 0.195068359375, 3.787109375, 4.2578125, 0.3310546875, 3.833984375, 0.006561279296875, 5.1640625, 0.35498046875, 0.237548828125, 6.85546875, 3.5234375, 0.5908203125, 0.88916015625, 4.59765625, 7.89453125, 0.515625, 2.466796875, 4.640625, 0.0023651123046875, 5.91015625, 0.09527587890625, 0.74169921875, 0.002582550048828125, 1.6396484375, 0.00046825408935546875, 0.15185546875, 2.0390625, 2.142578125, 0.055450439453125, 3.849609375, 0.56787109375, 0.33935546875, 0.07818603515625, 0.8193359375, 0.005466461181640625, 0.00013375282287597656, 3.26953125, 0.353515625, 0.0142974853515625, 1.146484375, 0.281494140625, 0.79931640625, 0.94775390625, 5.05859375, 0.003452301025390625, 0.00041174888610839844, 0.599609375, 4.69921875, 0.029541015625, 1.494140625, 0.0024318695068359375, 0.002330780029296875, 5.421875, 10.3515625, 0.331787109375, 1.74609375, 0.0008068084716796875, 8.058547973632812e-05, 0.21142578125, 0.68408203125, 5.53125, 0.0005660057067871094, 0.032958984375, 0.9169921875, 0.0631103515625, 0.073486328125, 6.45703125, 0.393310546875, 0.5927734375, 2.990234375, 0.296142578125, 0.030609130859375, 4.39453125, 1.1708984375, 0.056884765625, 0.1678466796875, 2.244140625, 7.26171875, 1.7294921875, 6.703125, 0.845703125, 10.703125, 6.12890625, 0.17333984375, 2.568359375, 6.5390625, 3.029296875, 2.587890625, 2.716796875, 0.0018281936645507812, 0.71533203125, 0.268798828125, 0.4931640625, 0.0062255859375, 4.640625, 3.044921875, 5.69140625, 0.09075927734375, 0.50537109375, 0.01406097412109375, 3.4921875, 4.41015625, 0.303466796875, 0.0830078125, 0.36767578125, 0.76904296875, 1.001953125, 0.58447265625, 3.568359375, 0.18310546875, 0.0853271484375, 0.2496337890625, 0.007541656494140625, 0.0012760162353515625, 0.28076171875, 5.43359375, 8.375, 7.81640625, 7.140625, 2.669921875, 4.0859375, 0.455322265625, 8.359375, 0.6552734375, 3.109375, 7.92578125, 3.189453125, 3.875, 3.232421875, 0.005794525146484375, 0.0026302337646484375, 0.125244140625, 1.98828125, 4.79296875, 0.0004115104675292969, 0.0172119140625, 0.1903076171875, 0.0258636474609375, 0.0222015380859375, 3.966796875, 0.2177734375, 0.0011320114135742188, 0.87841796875, 0.51806640625, 0.10321044921875, 1.427734375, 0.0259857177734375, 0.038543701171875, 0.00122833251953125, 3.0546875, 5.23828125, 0.064208984375, 5.34765625, 0.061431884765625, 1.6123046875, 0.03778076171875, 0.354248046875, 0.0888671875, 0.342529296875, 9.7421875, 0.0831298828125, 0.3974609375, 8.9453125, 1.8701171875, 4.55078125, 4.4921875, 8.8828125, 1.69921875, 0.8017578125, 4.30859375, 6.1328125, 4.41015625, 2.763671875, 1.8642578125, 1.4560546875, 0.0193328857421875, 3.26171875, 0.99609375, 1.1259765625, 3.681640625, 0.003955841064453125, 0.006256103515625, 0.10137939453125, 0.08416748046875, 0.02056884765625, 4.6484375, 3.533203125, 0.376953125, 3.869140625, 0.331787109375, 9.0703125, 6.41015625, 3.931640625, 0.35791015625, 7.53125, 0.14599609375, 1.513671875, 0.96337890625, 9.4375, 1.91015625, 2.740234375, 2.740234375, 7.47265625, 0.434326171875, 0.37060546875, 2.912109375, 0.2315673828125, 0.43310546875, 0.0009889602661132812, 0.01143646240234375, 0.050994873046875, 1.9462890625, 0.00441741943359375, 0.015106201171875, 3.642578125, 7.3359375, 2.125, 0.64208984375, 7.08203125, 2.00390625, 4.0390625, 1.7685546875, 1.4130859375, 1.298828125, 0.34375, 0.464599609375, 8.5859375, 2.46484375, 3.4453125, 5.41015625, 4.53125, 0.1951904296875, 2.49609375, 0.63134765625, 7.40234375, 0.08734130859375, 7.92578125, 5.55859375, 6.40234375, 0.1715087890625, 1.7998046875, 0.53271484375, 5.70703125, 8.3984375, 3.763671875, 4.40625, 0.07135009765625, 1.2939453125, 2.380859375, 0.162841796875, 2.349609375, 0.2193603515625, 1.4970703125, 0.0034084320068359375, 0.010406494140625, 6.55859375, 5.3125, 6.8515625, 0.060089111328125, 0.182373046875, 3.13671875, 2.51171875, 2.19140625, 0.152099609375, 0.00017583370208740234, 0.46630859375, 8.6484375, 0.0297393798828125, 0.005794525146484375, 0.0222930908203125, 0.00875091552734375, 7.2109375, 4.48046875, 3.763671875, 7.15234375, 0.276123046875, 1.0830078125, 5.7109375, 2.189453125, 0.039947509765625, 0.036285400390625, 1.865234375, 0.051055908203125, 1.69140625, 0.01593017578125, 6.079673767089844e-05, 0.00104522705078125, 4.1604042053222656e-05, 0.74560546875, 0.37255859375, 0.0013074874877929688, 0.0008406639099121094, 0.00021314620971679688, 3.43359375, 1.4638671875, 0.1920166015625, 3.7109375, 0.10662841796875, 3.248046875, 2.87109375, 8.171875, 2.681640625, 3.6484375, 4.09375, 0.1697998046875, 1.9619140625, 0.09442138671875, 0.75341796875, 4.875, 2.2109375, 5.19921875, 0.71435546875, 7.78125, 0.014373779296875, 0.00704193115234375]",-2.185505724175549
113,1,test,2.8623595926069445,1.2349371058886023,1.7120163584158195,5.4613118607408575,2.356229692830401,3.2664851991860115,17.502777674774713,12.412041321683407,14.34350057924199,33.39487028745359,23.681870251800852,27.367047117449438,2.543864225622398,1.0447715472439987,1.473512549947208,4.8536305163715685,1.9933984735759727,2.8114257854820957,12.728762870283145,8.251138289161581,9.812357921950007,24.286167194221214,15.74296937379909,18.721738121021176,2.856798125349957,1.2258269847750258,1.7021624815500342,5.450700717692249,2.338847805306951,3.247684243939022,17.40570672847442,12.296873022561973,14.232839575399334,33.20966130402175,23.462131963293093,27.155908637725112,0.542713567839196,-0.007286432160804046,0.0027135678391959628,0.40703517587939697,-0.012964824120603069,-0.007964824120603065,0.3015075376884422,-0.008492462311557869,-0.013492462311557762,0.37419354838709673,0.09077969975585676,0.14887165997507956,0.3689320388349514,0.3467336683417085,0.1011196332539892,0.1347136349527268,0.28787878787878785,0.36454849498327757,0.08241160015856974,0.14875316684089712,0.35906040268456374,18.0,0.0,-1.0,29.0,1.0,1.0,36.0,1.0,1.0,0.0006365457628941798,-3.238771020440485e-05,0.0003236503017417799,0.008887461201833702,0.008425869210457293,0.008455256871550354,"[3.0625, 9.453125, 2.48046875, 1.494140625, 0.81689453125, 2.970703125, 0.60595703125, 4.9296875, 7.96484375, 5.87109375, 5.3671875, 2.869140625, 3.279296875, 0.336181640625, 8.765625, 3.46875, 0.09735107421875, 7.359375, 1.666015625, 5.28125, 0.2030029296875, 0.44873046875, 1.9794921875, 3.193359375, 4.078125, 1.021484375, 2.076171875, 1.36328125, 0.7412109375, 1.904296875, 4.01953125, 6.6484375, 0.57958984375, 10.4296875, 4.58203125, 1.3232421875, 3.798828125, 2.125, 0.48681640625, 2.955078125, 6.1484375, 1.18359375, 0.45166015625, 5.5, 0.018310546875, 0.2210693359375, 0.79638671875, 8.21875, 0.6884765625, 2.71875, 0.48828125, 0.305419921875, 2.0859375, 0.189208984375, 3.076171875, 6.5234375, 6.3203125, 0.240478515625, 4.87890625, 0.08636474609375, 1.9814453125, 9.0703125, 2.880859375, 3.994140625, 2.6328125, 5.5703125, 1.017578125, 0.90087890625, 4.953125, 1.892578125, 1.802734375, 0.1220703125, 2.314453125, 0.2105712890625, 10.65625, 0.204833984375, 0.078125, 0.09527587890625, 6.984375, 2.185546875, 2.806640625, 14.0234375, 9.421875, 5.5703125, 0.0018415451049804688, 0.740234375, 0.004680633544921875, 0.59130859375, 0.01213836669921875, 1.380859375, 0.0012273788452148438, 0.020294189453125, 3.046875, 0.0046234130859375, 0.6142578125, 1.3017578125, 0.0005936622619628906, 0.0013790130615234375, 7.4296875, 0.37158203125, 1.658203125, 0.050201416015625, 0.11492919921875, 14.1875, 2.61328125, 0.376953125, 0.172119140625, 1.4111328125, 3.748046875, 1.0146484375, 0.1929931640625, 0.026947021484375, 0.00439453125, 2.537109375, 0.0011796951293945312, 0.302490234375, 0.481201171875, 9.417533874511719e-05, 0.003261566162109375, 8.5078125, 7.0625, 0.282470703125, 3.5546875, 0.72705078125, 0.09271240234375, 0.0011081695556640625, 0.0068511962890625, 1.24609375, 0.0011281967163085938, 0.1981201171875, 0.10498046875, 5.4717063903808594e-05, 0.003353118896484375, 1.1240234375, 0.0255126953125, 2.814453125, 0.283447265625, 1.4990234375, 5.2265625, 2.205078125, 0.0003821849822998047, 0.004337310791015625, 0.00019431114196777344, 1.82421875, 5.56640625, 9.296875, 5.16796875, 8.234375, 4.1171875, 0.0125579833984375, 0.828125, 7.359375, 6.85546875, 1.50390625, 0.0799560546875, 1.2255859375, 6.625, 9.7734375, 8.6328125, 0.03131103515625, 1.9326171875, 0.0127105712890625, 0.005939483642578125, 0.00359344482421875, 0.056182861328125, 10.03125, 3.501953125, 11.21875, 3.583984375, 10.125, 0.06707763671875, 0.0004239082336425781, 0.0014162063598632812, 0.0008358955383300781, 0.2471923828125, 0.000148773193359375, 1.1923828125, 2.814453125, 0.1790771484375, 2.1484375, 0.0235137939453125, 0.8095703125, 2.5510787963867188e-05, 7.08984375, 6.21875, 7.1484375, 0.057037353515625, 1.341796875, 0.54150390625, 0.00504302978515625, 0.0023365020751953125, 0.0284271240234375, 0.0014429092407226562, 0.98388671875, 2.20703125, 0.63671875, 0.08184814453125, 4.453125, 0.29296875, 0.05194091796875, 0.0002560615539550781, 0.01418304443359375, 0.0011892318725585938, 0.00078582763671875, 3.05859375, 4.59375, 0.0010480880737304688, 0.038055419921875, 2.56640625, 0.35302734375, 4.703125, 2.421875, 0.93603515625, 0.16650390625, 2.166015625, 0.6611328125, 7.78125, 2.248046875, 4.0078125, 6.96484375, 2.716796875, 5.41796875, 10.9140625, 8.4375, 2.021484375, 2.15625, 5.9296875, 2.1328125, 0.0171356201171875, 3.9453125, 0.7373046875, 6.49609375, 4.3359375, 0.470703125, 0.01102447509765625, 0.343994140625, 5.0234375, 8.96875, 4.1875, 2.169921875, 2.779296875, 7.0390625, 0.04071044921875, 4.9296875, 0.388427734375, 3.59375, 7.41015625, 6.015625, 6.87890625, 9.9921875, 0.72265625, 2.712890625, 2.451171875, 0.01141357421875, 0.0582275390625, 4.7421875, 0.31982421875, 2.23046875, 0.0643310546875, 1.591796875, 5.38671875, 1.2265625, 1.7802734375, 8.9765625, 7.4921875, 2.482421875, 3.728515625, 9.7578125, 1.958984375, 0.433837890625, 8.3046875, 2.5859375, 0.58544921875, 0.17822265625, 1.7763671875, 7.921875, 1.8681640625, 1.552734375, 9.59375, 6.7421875, 4.92578125, 6.00390625, 0.29296875, 7.4375, 4.59375, 1.9833984375, 9.6953125, 1.009765625, 6.66796875, 5.69140625, 0.10980224609375, 0.798828125, 1.3212890625, 7.6796875, 0.56640625, 4.75, 4.2265625, 9.0703125, 0.70166015625, 4.1640625, 2.701171875, 5.80859375, 4.40234375, 2.994140625, 3.8828125, 4.13671875, 3.482421875, 0.024993896484375, 0.07012939453125, 1.4814453125]",-1.8831757810807996
49,1,test,3.0215447041947963,1.2980594953865299,1.7991544599807157,4.808479744309998,2.0657290894323266,2.863170538463934,20.522969128255845,14.918943460008094,17.127675505083676,32.66020893528887,23.741974538507506,27.2569459650794,3.256361734927,1.3535339181287256,1.8920843786709705,5.182167062034366,2.1540109664844236,3.0110590112183186,25.954934220972206,19.250106536824582,22.042039819569702,41.30462650219233,30.634578144624065,35.077654766627056,3.0331620786149625,1.3000605872193705,1.8146913722719835,4.8269676089786495,2.068913622671686,2.8878959472715433,20.762782448234752,15.104606942748052,17.380770760473748,33.041847336975735,24.037439005663572,27.659721210216286,0.6331658291457287,-0.0018341708542712887,-0.006834170854271293,0.5326633165829145,-0.0023366834170853723,-0.017336683417085497,0.44723618090452266,0.002236180904522711,0.002236180904522711,0.4101694915254237,0.1123691531159482,0.17341639118720498,0.41496598639455784,0.42211055276381915,0.10882734474376898,0.1733626395751714,0.4545454545454546,0.41694915254237286,0.11745676675557082,0.17681386505646535,0.4217687074829932,19.0,1.0,0.0,28.0,0.0,-1.0,38.0,0.0,0.0,-0.00020410684742276313,0.0003262493886865176,-6.121658468269494e-05,0.006788943243685175,0.0070982325772712684,0.007712672361120276,"[3.068359375, 6.421875, 0.03375244140625, 0.004650115966796875, 0.01220703125, 0.64208984375, 4.8984375, 0.5166015625, 7.38671875, 9.6484375, 4.57421875, 0.044097900390625, 0.9482421875, 0.005084991455078125, 0.7919921875, 0.0029773712158203125, 0.78515625, 7.37890625, 1.548828125, 0.25439453125, 2.51171875, 6.24609375, 9.046875, 0.16845703125, 1.09765625, 0.8525390625, 11.40625, 1.521484375, 3.958984375, 7.0546875, 4.16015625, 0.81103515625, 2.65234375, 0.5771484375, 0.00357818603515625, 0.0002751350402832031, 0.0024509429931640625, 0.0004177093505859375, 0.57763671875, 0.36181640625, 0.00284576416015625, 0.00030994415283203125, 0.00012981891632080078, 2.3203125, 1.3857421875, 5.26953125, 6.9453125, 3.298828125, 0.2705078125, 0.66796875, 8.1640625, 0.1488037109375, 1.462890625, 1.8994140625, 1.1220703125, 2.712890625, 0.01100921630859375, 1.40625, 5.4296875, 2.865234375, 6.80859375, 0.572265625, 1.865234375, 7.36328125, 4.10546875, 3.01171875, 2.611328125, 1.078125, 1.8017578125, 4.03515625, 5.6875, 5.12109375, 1.9873046875, 4.72265625, 2.337890625, 1.279296875, 3.53515625, 5.33984375, 4.609375, 0.53759765625, 4.9296875, 0.01207733154296875, 4.72265625, 0.75927734375, 0.80126953125, 0.994140625, 2.501953125, 6.44921875, 0.9013671875, 11.640625, 0.006969451904296875, 5.1796875, 0.33251953125, 0.7900390625, 6.55859375, 9.1875, 0.365478515625, 0.133544921875, 6.80859375, 0.12548828125, 0.10089111328125, 0.01763916015625, 0.0027103424072265625, 9.21875, 0.0017337799072265625, 0.02044677734375, 2.939453125, 2.22265625, 11.4375, 0.66357421875, 9.828125, 1.81640625, 4.28125, 8.984375, 15.6015625, 4.47265625, 2.4765625, 2.025390625, 0.0039215087890625, 2.955078125, 0.77587890625, 2.099609375, 6.30078125, 4.57421875, 0.0762939453125, 2.74609375, 0.69970703125, 7.29296875, 5.65234375, 10.4140625, 0.802734375, 0.78759765625, 7.69921875, 0.55126953125, 3.69921875, 0.006153106689453125, 0.0030994415283203125, 10.0234375, 3.427734375, 0.0302886962890625, 0.58935546875, 3.435546875, 0.0596923828125, 6.30859375, 5.60546875, 2.1015625, 3.091796875, 3.380859375, 5.16015625, 6.2734375, 3.693359375, 1.1455078125, 8.8359375, 8.78125, 2.8046875, 0.98046875, 8.6953125, 0.02288818359375, 1.7822265625, 4.51953125, 11.890625, 3.294921875, 0.08428955078125, 3.78515625, 3.5078125, 8.5625, 1.015625, 0.44091796875, 0.28369140625, 0.64892578125, 0.79052734375, 5.6640625, 5.953125, 5.1796875, 2.513671875, 5.5625, 7.5, 3.185546875, 3.40234375, 4.98046875, 4.25390625, 1.1376953125, 0.447509765625, 12.828125, 0.42529296875, 3.724609375, 6.01171875, 0.556640625, 8.46875, 3.142578125, 0.01081085205078125, 0.0251922607421875, 1.28515625, 4.27734375, 0.453125, 4.05859375, 5.75390625, 7.75, 2.349609375, 1.7275390625, 5.875, 0.072021484375, 0.96484375, 1.484375, 1.076171875, 5.23828125, 0.46826171875, 6.56640625, 6.2734375, 1.9208984375, 1.431640625, 2.671875, 0.73095703125, 5.73046875, 0.6416015625, 4.0, 0.1956787109375, 0.245361328125, 4.859375, 9.3515625, 7.64453125, 8.3515625, 0.44970703125, 0.45849609375, 7.80078125, 0.92236328125, 2.642578125, 4.546875, 1.162109375, 0.98828125, 7.48828125, 1.015625, 0.7490234375, 1.0029296875, 7.88671875, 0.0065765380859375, 0.049468994140625, 1.96484375, 0.484619140625, 1.9873046875, 3.03515625, 3.4296875, 1.736328125, 3.259765625, 3.6796875, 0.88916015625, 2.556640625, 0.488037109375, 0.83984375, 2.123046875, 2.53515625, 3.9453125, 3.1328125, 3.291015625, 5.66796875, 0.52001953125, 1.6298828125, 0.74365234375, 0.5546875, 0.28271484375, 1.123046875, 4.75, 4.87890625, 3.205078125, 0.03741455078125, 1.1455078125, 2.890625, 2.01953125, 0.0623779296875, 0.951171875, 0.207275390625, 0.02532958984375, 1.5009765625, 1.162109375, 0.0019321441650390625, 4.5390625, 1.751953125, 0.004489898681640625, 0.411376953125, 0.86962890625, 3.46875, 3.830078125, 0.8056640625, 7.65625, 5.95703125, 1.8759765625, 0.98193359375, 1.283203125, 1.5185546875, 0.0025730133056640625, 3.791015625, 4.97265625, 1.19140625, 4.40234375, 6.4296875]",-1.3099720385115026
21,1,test,2.984970307698215,1.2194340130893953,1.708128704985056,6.080495071237105,2.4840322488858053,3.47952143608067,19.785914738296793,13.941208736245049,16.200616709657854,40.30464113356754,28.398758536795473,33.00125626041415,2.9290705188434925,1.129175747064401,1.622792697664069,5.9666251309774845,2.30017281809415,3.3056888285749553,18.71023160424418,12.661220699978404,15.017827291350219,38.11343474938629,25.79137549995601,30.591870408306004,2.9564523596833223,1.1977769679093966,1.6676615082859005,6.022402954910471,2.4399160457413633,3.397088257619427,19.22963078913347,13.424887500154384,15.601234157597794,39.17147012601262,27.346993055870037,31.78029180251402,0.6683417085427136,0.018341708542713553,0.018341708542713553,0.5025125628140703,0.007512562814070312,0.012512562814070316,0.3919597989949749,-0.018040201005025125,0.001959798994974893,0.4051094890510949,0.10274154733889085,0.1490415278860463,0.37362637362637363,0.3919597989949749,0.0962204506240476,0.12985629315190317,0.3535353535353535,0.4014598540145985,0.09909191230239445,0.14175111615052083,0.3772893772893773,26.0,11.0,10.0,36.0,10.0,10.0,44.0,11.0,10.0,0.00027529183284285045,-0.00023707443799628455,-0.0002932029878221665,0.00664341488461595,0.007016888551226508,0.007639076664776923,"[3.056640625, 9.4453125, 2.4296875, 1.0791015625, 0.80224609375, 5.9921875, 6.29296875, 5.828125, 8.7890625, 0.32763671875, 1.3759765625, 1.0947265625, 7.3828125, 1.197265625, 0.0226287841796875, 9.9375, 7.15234375, 7.15625, 6.2734375, 4.03515625, 2.0546875, 4.12109375, 1.4140625, 2.44140625, 1.677734375, 2.568359375, 5.890625, 3.958984375, 2.70703125, 2.810546875, 3.02734375, 1.1494140625, 8.6953125, 1.4814453125, 6.1484375, 2.505859375, 4.33203125, 6.94921875, 0.84716796875, 2.830078125, 4.1328125, 5.140625, 1.3056640625, 2.609375, 0.435791015625, 2.048828125, 1.1943359375, 1.4453125, 5.6640625, 6.93359375, 1.470703125, 7.19140625, 10.0390625, 0.176025390625, 1.677734375, 0.01513671875, 0.0008802413940429688, 3.02734375, 2.515625, 1.3857421875, 3.18359375, 10.9140625, 1.3857421875, 1.4873046875, 7.734375, 0.01568603515625, 0.01459503173828125, 0.01276397705078125, 0.0032958984375, 5.875, 1.189453125, 1.5029296875, 0.93115234375, 8.03125, 2.44921875, 2.455078125, 7.83984375, 2.021484375, 4.87109375, 3.837890625, 6.0, 9.15625, 7.02734375, 0.06793212890625, 0.59033203125, 2.18359375, 8.9921875, 0.0804443359375, 0.292236328125, 3.775390625, 0.1463623046875, 1.375, 0.051483154296875, 5.34765625, 0.56591796875, 5.02734375, 2.2421875, 3.171875, 0.309814453125, 5.46484375, 6.4921875, 2.138671875, 5.71484375, 3.986328125, 0.292724609375, 2.625, 4.90234375, 0.0009450912475585938, 0.37841796875, 0.0007448196411132812, 0.0048980712890625, 0.00799560546875, 7.64453125, 2.560546875, 4.34375, 3.017578125, 0.05291748046875, 0.0204315185546875, 0.10125732421875, 2.28125, 0.00011622905731201172, 6.78515625, 0.4892578125, 0.9423828125, 0.024261474609375, 0.462158203125, 3.720703125, 0.020721435546875, 0.0860595703125, 0.309326171875, 0.85986328125, 0.71875, 0.2244873046875, 0.1781005859375, 0.053619384765625, 0.0030269622802734375, 4.5299530029296875e-05, 5.09765625, 0.0635986328125, 1.810546875, 7.796875, 1.0, 0.029022216796875, 1.392578125, 1.2099609375, 0.007076263427734375, 0.9931640625, 0.16845703125, 0.007476806640625, 0.00010514259338378906, 8.928775787353516e-05, 1.1025390625, 7.7109375, 1.92578125, 0.188720703125, 9.2421875, 2.197265625, 5.96875, 0.0794677734375, 6.98828125, 5.63671875, 0.460205078125, 0.1055908203125, 0.90673828125, 4.48828125, 0.035614013671875, 6.31640625, 5.17578125, 0.44873046875, 2.22265625, 0.0011892318725585938, 1.5771484375, 3.884765625, 0.00662994384765625, 10.7265625, 1.630859375, 3.80859375, 1.529296875, 3.3046875, 0.1146240234375, 3.236328125, 4.578125, 4.04296875, 8.40625, 11.296875, 1.759765625, 5.9296875, 1.779296875, 1.890625, 6.69921875, 0.0275421142578125, 0.740234375, 6.2109375, 0.132568359375, 0.48046875, 0.5400390625, 4.68359375, 4.81640625, 1.3564453125, 1.3681640625, 6.95703125, 0.116455078125, 0.79345703125, 3.08203125, 9.6015625, 0.1602783203125, 6.484375, 0.1783447265625, 4.05859375, 3.49609375, 8.1640625, 2.865234375, 0.2132568359375, 0.481201171875, 9.140625, 0.05499267578125, 3.515625, 4.40234375, 9.578125, 0.8427734375, 1.7412109375, 0.4853515625, 0.373046875, 2.05078125, 0.0008015632629394531, 1.19140625, 3.734375, 5.46484375, 0.5029296875, 2.2890625, 0.109130859375, 5.03515625, 3.953125, 4.64453125, 0.46923828125, 11.1328125, 1.3681640625, 1.9111328125, 6.83203125, 1.6279296875, 2.099609375, 7.53125, 0.207763671875, 3.328125, 0.397216796875, 2.453125, 7.8203125, 0.16455078125, 1.1611328125, 7.99609375, 0.1348876953125, 5.6953125, 6.7265625, 3.939453125, 1.3896484375, 5.2265625, 0.324462890625, 1.2333984375, 8.3671875, 0.2861328125, 2.146484375, 2.59375, 4.86328125, 0.211669921875, 4.1484375, 1.666015625, 2.150390625, 4.30859375, 0.70654296875, 3.541015625, 6.24609375, 3.248046875, 0.96240234375, 3.404296875]",-1.1277702089643826
91,1,test,3.4544537555642503,1.5448547988387868,2.105881241044326,5.836835655953388,2.6102719014862257,3.5582131314197234,31.64100024052423,24.890619179841625,27.78907720046568,53.46237971674784,42.056563441801366,46.953958028373044,3.646887383868347,1.626961655689486,2.228821450435426,6.161982131363759,2.749004176854649,3.76593969211503,38.355095368180145,30.817330298848056,34.22596866155795,64.8068852772699,52.07066153943292,57.83008497987378,3.4544537555642503,1.5448547988387868,2.105881241044326,5.836835655953388,2.6102719014862257,3.5582131314197234,31.64100024052423,24.890619179841625,27.78907720046568,53.46237971674784,42.056563441801366,46.953958028373044,0.7336683417085428,0.0036683417085427994,-0.001331658291457205,0.6080402010050252,-0.001959798994974782,0.0030402010050252226,0.5226130653266332,-0.017386934673366827,-0.002386934673366814,0.4300341296928327,0.1148722898291189,0.16896716033982473,0.36986301369863017,0.42713567839195976,0.09881487638694719,0.17004051979429702,0.35858585858585856,0.4300341296928327,0.1148722898291189,0.16896716033982473,0.36986301369863017,26.0,9.0,9.0,39.0,9.0,10.0,45.0,6.0,7.0,-0.001504284287085535,-0.0007313720912903131,-0.00015382510518199306,0.0003427029913991575,-0.00012688698084151184,1.9278431547142816e-05,"[3.0625, 9.453125, 2.48046875, 1.494140625, 0.81689453125, 7.97265625, 0.552734375, 7.20703125, 0.58837890625, 11.359375, 2.548828125, 2.572265625, 7.57421875, 5.51171875, 1.4091796875, 4.0546875, 0.004192352294921875, 9.5234375, 12.5546875, 4.4765625, 6.6953125, 10.6953125, 9.5859375, 4.34765625, 11.375, 7.25390625, 4.74609375, 5.9140625, 8.6171875, 1.0703125, 5.80078125, 2.90625, 3.212890625, 0.68408203125, 5.16015625, 4.8359375, 3.21875, 5.50390625, 0.83544921875, 2.990234375, 3.60546875, 2.94140625, 6.6015625, 1.779296875, 6.9921875, 5.3125, 4.83984375, 8.4140625, 5.15234375, 3.75390625, 0.5166015625, 0.371826171875, 6.26171875, 2.810546875, 7.48046875, 2.783203125, 4.0546875, 1.076171875, 7.84765625, 0.206787109375, 0.143798828125, 6.11328125, 3.19140625, 1.6611328125, 4.51953125, 1.9013671875, 4.71875, 3.470703125, 5.3203125, 1.0087890625, 1.2431640625, 3.39453125, 12.46875, 0.38525390625, 0.11273193359375, 1.248046875, 3.0546875, 5.41796875, 6.66015625, 1.21875, 4.3125, 6.53515625, 8.0234375, 2.05859375, 10.28125, 0.0684814453125, 10.359375, 5.609375, 3.30859375, 5.78515625, 0.4716796875, 7.28125, 6.9921875, 7.171875, 12.28125, 0.183837890625, 3.15625, 1.310546875, 3.041015625, 2.548828125, 1.3701171875, 4.53125, 5.34765625, 1.6220703125, 2.76171875, 3.439453125, 0.383056640625, 0.049652099609375, 0.004703521728515625, 0.075927734375, 0.050018310546875, 0.00559234619140625, 3.091796875, 2.6953125, 5.49609375, 4.8515625, 0.09967041015625, 0.68115234375, 6.109375, 1.1474609375, 7.51171875, 7.61328125, 2.19921875, 8.453125, 0.98876953125, 5.40234375, 7.44921875, 0.59619140625, 4.4609375, 5.83984375, 5.5078125, 2.287109375, 3.72265625, 3.265625, 4.34765625, 1.560546875, 1.3857421875, 0.0035037994384765625, 0.1356201171875, 0.0007576942443847656, 0.004337310791015625, 0.0006871223449707031, 1.7421875, 0.00264739990234375, 0.034912109375, 3.833984375, 7.34375, 6.41796875, 5.41796875, 9.1640625, 7.29296875, 4.78515625, 4.3203125, 5.8671875, 3.142578125, 6.4140625, 1.86328125, 0.67333984375, 0.0005593299865722656, 0.006317138671875, 3.4765625, 0.0323486328125, 2.103515625, 0.1783447265625, 2.380859375, 10.390625, 3.5625, 1.1650390625, 0.215087890625, 1.9482421875, 0.56201171875, 1.80859375, 0.9453125, 0.0001990795135498047, 0.01357269287109375, 4.3125, 1.623046875, 0.173095703125, 10.2890625, 4.4765625, 9.046875, 6.12890625, 0.1041259765625, 2.419921875, 1.0029296875, 6.19140625, 5.609375, 3.326171875, 0.50439453125, 3.630859375, 0.0006003379821777344, 0.043609619140625, 0.0153656005859375, 1.2998046875, 0.529296875, 1.2080078125, 0.0017023086547851562, 0.00952911376953125, 0.0018930435180664062, 0.0369873046875, 10.140625, 1.3564453125, 8.78125, 5.95703125, 1.60546875, 0.004512786865234375, 0.0025157928466796875, 0.00037550926208496094, 0.374267578125, 0.00017309188842773438, 8.015625, 5.12890625, 1.9716796875, 6.11328125, 0.9033203125, 1.8515625, 8.52346420288086e-05, 0.0260772705078125, 0.0016345977783203125, 6.953125, 0.783203125, 0.145751953125, 0.0025959014892578125, 2.467632293701172e-05, 1.5244140625, 1.298828125, 1.646484375, 1.859375, 2.61328125, 4.12109375, 5.484375, 0.03851318359375, 6.45703125, 6.30078125, 1.2431640625, 4.6796875, 3.375, 3.75, 2.826171875, 6.05859375, 8.4453125, 1.7783203125, 0.051361083984375, 8.0546875, 1.0654296875, 4.30859375, 6.77734375, 9.2578125, 11.3515625, 1.9775390625, 2.80859375, 7.74609375, 1.3740234375, 0.56396484375, 1.736328125, 4.63671875, 0.67431640625, 2.6015625, 1.9189453125, 5.25, 5.64453125, 3.91796875, 0.058624267578125, 0.0005025863647460938, 0.004058837890625, 0.00214385986328125, 0.0033588409423828125, 0.004486083984375, 1.63671875, 8.1953125, 1.2998046875, 5.421875, 0.039764404296875, 6.09375, 0.494873046875, 0.1390380859375, 4.3125, 3.583984375, 3.146484375, 0.401611328125, 4.28125, 0.71484375, 0.185302734375, 5.5546875, 0.450439453125, 1.62890625, 1.9814453125, 5.9140625, 9.171875, 4.2734375, 2.2265625, 6.29296875, 2.158203125]",-1.4109303463034255
2,1,test,3.806470652095607,1.711254558232648,2.3829607660386913,6.476286873357108,2.9115094914374913,4.054342969996384,44.99136813262307,36.86417111475422,40.8397013579679,76.54781383675453,62.72029113274155,69.48421411598704,3.7920316379872996,1.6766337359264298,2.3464678975435938,6.451720495186724,2.852606009041495,3.992254409015142,44.34640465716696,36.053519791471906,40.102160536573436,75.45048014587432,61.34105797854593,68.22937035736452,3.805554796437748,1.7193507288642786,2.377367610635756,6.4747286467170015,2.925284226192696,4.044826837540002,44.950181396995355,36.89589784977278,40.77905054822382,76.47773918238792,62.774270647182846,69.38102350218635,0.8090452261306533,-0.0009547738693467256,0.014045226130653288,0.6532663316582914,-0.0017336683417086274,0.008266331658291382,0.49246231155778897,-0.01753768844221104,-0.022537688442211046,0.4221311475409836,0.0785728653323946,0.1591883682494304,0.4156378600823045,0.42713567839195976,0.09630861072278685,0.16002382530347892,0.40909090909090906,0.4385245901639344,0.10110127728049878,0.1769442086925448,0.42798353909465026,27.0,3.0,5.0,42.0,7.0,10.0,46.0,2.0,4.0,-0.0002628944816187858,5.50686352009315e-05,-3.083252570557258e-05,3.136820234672655e-06,7.934534252473924e-05,9.790377231322367e-05,"[3.056640625, 9.4453125, 2.4296875, 1.0791015625, 9.8046875, 1.1484375, 9.2890625, 4.6875, 7.9609375, 2.216796875, 0.61572265625, 7.33984375, 2.796875, 2.482421875, 12.3828125, 10.8515625, 1.90625, 2.501953125, 5.77734375, 2.8203125, 3.78515625, 0.8701171875, 7.1640625, 0.2337646484375, 6.5546875, 9.0703125, 4.45703125, 5.87890625, 0.5302734375, 1.4140625, 0.18701171875, 0.27490234375, 1.5576171875, 2.853515625, 2.68359375, 7.53125, 0.69970703125, 2.380859375, 1.3115234375, 5.01171875, 2.560546875, 3.078125, 7.96484375, 2.138671875, 5.21484375, 9.171875, 2.6171875, 0.67822265625, 0.06463623046875, 3.447265625, 9.515625, 3.123046875, 1.6591796875, 2.884765625, 1.40234375, 8.578125, 3.072265625, 1.736328125, 8.1484375, 6.2734375, 6.69140625, 4.89453125, 3.19140625, 0.8427734375, 6.21484375, 6.25, 10.734375, 4.5859375, 4.5390625, 3.75, 11.8203125, 5.28125, 1.82421875, 4.703125, 1.5283203125, 1.5576171875, 4.5078125, 2.263671875, 0.50634765625, 1.5947265625, 3.42578125, 2.353515625, 5.0625, 4.8046875, 1.7587890625, 1.517578125, 0.04510498046875, 3.45703125, 4.9609375, 5.84765625, 0.12939453125, 3.2109375, 1.5166015625, 2.10546875, 3.689453125, 0.30859375, 8.8515625, 4.99609375, 1.5537109375, 3.41015625, 1.21484375, 2.318359375, 0.2086181640625, 7.86328125, 0.63330078125, 6.640625, 0.72021484375, 1.5546875, 9.234375, 2.513671875, 3.322265625, 4.625, 2.392578125, 5.3828125, 3.21484375, 5.33984375, 0.41748046875, 7.4140625, 4.8515625, 2.46484375, 5.578125, 1.98046875, 5.61328125, 7.765625, 0.304443359375, 4.3359375, 0.146728515625, 3.0390625, 0.2044677734375, 8.46875, 7.8515625, 5.1640625, 6.44921875, 3.1171875, 7.34765625, 6.546875, 2.720703125, 0.98388671875, 0.1485595703125, 4.8125, 5.7109375, 7.9609375, 0.51708984375, 0.27685546875, 4.3203125, 5.609375, 5.78515625, 5.98046875, 0.568359375, 1.67578125, 6.12890625, 5.79296875, 0.54345703125, 3.484375, 5.0546875, 2.138671875, 1.1806640625, 6.28515625, 7.015625, 2.2734375, 8.6015625, 0.324462890625, 9.140625, 0.03411865234375, 0.75341796875, 0.371337890625, 0.414306640625, 5.62109375, 4.140625, 0.23291015625, 1.64453125, 2.2578125, 1.2119140625, 0.7470703125, 8.1875, 3.03515625, 4.6796875, 0.01410675048828125, 9.625, 1.8994140625, 5.5625, 0.01158905029296875, 8.734375, 2.2265625, 1.8720703125, 0.095458984375, 9.421875, 0.75732421875, 6.61328125, 0.0711669921875, 1.23828125, 4.82421875, 0.034515380859375, 6.6328125, 2.037109375, 1.0224609375, 2.267578125, 0.402099609375, 7.5703125, 0.15380859375, 0.0058135986328125, 3.74609375, 9.6796875, 0.931640625, 4.00390625, 0.50830078125, 1.025390625, 0.473876953125, 10.8046875, 6.0, 4.44140625, 5.93359375, 1.05859375, 0.0300140380859375, 4.796875, 3.71875, 0.548828125, 2.099609375, 6.44921875, 0.370361328125, 1.091796875, 4.7421875, 2.775390625, 2.1875, 6.8359375, 2.689453125, 7.9609375, 1.7060546875, 1.0, 12.4140625, 7.26171875, 8.9453125, 3.6328125, 3.505859375, 2.4375, 0.4111328125, 4.5859375, 5.07421875, 5.53125, 0.444580078125, 8.3984375, 0.923828125, 2.568359375, 8.671875]",-0.6203090949136705
173,1,test,3.2565778078617633,1.4505295307832233,1.9985904578447227,5.879443177436913,2.6187938555761976,3.6082660157845265,25.960542985710223,19.874194700720423,22.442209802311133,46.86930463366062,35.88097854076011,40.51728688633469,3.2609460916950477,1.3878648766516333,1.9381416464776795,5.88732970068187,2.505658750279165,3.499131404992135,26.07419405527973,19.565874988290012,22.32025972322821,47.07449088899151,35.32433646534521,40.29711755436877,3.303565728624529,1.4835996022605868,2.0514011848223928,5.964275423570771,2.6784987413785726,3.7036107877334006,27.209487799138163,21.037838409000713,23.711581658993268,49.12415635087647,37.98182718165535,42.80901769785812,0.7035175879396984,-0.0064824120603015345,0.008517587939698368,0.5628140703517588,-0.0021859296482411583,-0.0021859296482411583,0.4371859296482412,0.0021859296482411583,0.0021859296482411583,0.41141141141141147,0.10106658382520461,0.1756471756471757,0.3674698795180723,0.3869346733668342,0.07365146534678402,0.13818676017818643,0.31818181818181823,0.3913043478260869,0.085795165856137,0.15771146684722148,0.3489932885906041,25.0,4.0,4.0,37.0,2.0,2.0,46.0,6.0,5.0,-0.0009679325026592729,-0.0001444432637855258,-0.00024349746539435206,0.006059608838068442,0.004839635692825972,0.005579641222825948,"[3.056640625, 9.4453125, 2.4296875, 1.0791015625, 7.80078125, 10.3359375, 1.5078125, 10.9609375, 0.68505859375, 10.734375, 0.1444091796875, 2.33203125, 1.3662109375, 2.673828125, 12.015625, 4.8359375, 6.46484375, 4.9609375, 2.73046875, 6.51171875, 3.66015625, 0.191162109375, 9.0546875, 6.52734375, 0.360107421875, 6.515625, 0.061065673828125, 0.7333984375, 9.3671875, 3.23046875, 3.181640625, 10.2421875, 1.814453125, 5.96875, 1.1943359375, 4.453125, 6.42578125, 4.234375, 6.37890625, 2.568359375, 9.140625, 3.787109375, 2.017578125, 0.055511474609375, 3.462890625, 4.47265625, 5.46484375, 4.85546875, 2.828125, 4.109375, 2.990234375, 1.69921875, 1.01953125, 0.0364990234375, 4.4765625, 1.8203125, 4.140625, 0.548828125, 1.15234375, 2.515625, 1.9599609375, 5.51171875, 3.08203125, 0.19970703125, 9.4453125, 0.17724609375, 2.46484375, 1.533203125, 5.45703125, 2.931640625, 5.4453125, 0.55517578125, 3.724609375, 0.66943359375, 1.8896484375, 0.423095703125, 0.01450347900390625, 0.1917724609375, 5.12109375, 1.330078125, 3.853515625, 1.69140625, 1.9462890625, 0.19091796875, 3.7421875, 1.833984375, 1.064453125, 0.129638671875, 0.03717041015625, 0.09912109375, 2.32421875, 0.0021076202392578125, 5.83203125, 0.6513671875, 5.203125, 8.7109375, 0.327880859375, 0.172119140625, 5.49609375, 0.29345703125, 2.791015625, 8.5703125, 3.318359375, 9.2890625, 1.8291015625, 0.450927734375, 0.552734375, 5.66796875, 10.0078125, 0.114990234375, 2.099609375, 2.572265625, 9.890625, 0.73095703125, 7.4375, 4.296875, 2.50390625, 5.625, 1.1337890625, 3.337890625, 3.21875, 3.4140625, 0.8564453125, 2.50390625, 0.390380859375, 0.08642578125, 2.34765625, 2.384765625, 7.1015625, 7.70703125, 0.70263671875, 4.74609375, 2.4609375, 2.705078125, 0.214111328125, 0.06121826171875, 3.716796875, 0.345458984375, 1.5703125, 3.3046875, 11.40625, 0.95654296875, 4.10546875, 0.148681640625, 2.8515625, 2.455078125, 0.10308837890625, 0.0296173095703125, 8.3359375, 1.5537109375, 4.84375, 2.033203125, 6.37890625, 0.576171875, 10.375, 4.12890625, 1.32421875, 1.80859375, 0.34228515625, 0.198974609375, 1.876953125, 2.71875, 3.69140625, 0.56494140625, 4.06640625, 1.7431640625, 3.166015625, 0.0687255859375, 5.5546875, 0.5146484375, 0.08642578125, 0.12261962890625, 0.058990478515625, 0.01169586181640625, 0.29443359375, 0.00428009033203125, 3.3984375, 0.57666015625, 5.85546875, 1.203125, 8.2578125, 0.037506103515625, 1.3330078125, 10.859375, 7.9375, 2.125, 8.5859375, 0.1993408203125, 0.8935546875, 0.0193023681640625, 6.859375, 2.087890625, 4.45703125, 0.360107421875, 0.83740234375, 5.57421875, 0.0963134765625, 6.1484375, 7.109375, 3.134765625, 2.326171875, 1.923828125, 0.11163330078125, 0.6064453125, 1.2890625, 2.552734375, 13.9296875, 2.916015625, 3.3984375, 6.765625, 2.25, 4.55859375, 1.685546875, 9.34375, 0.7783203125, 1.2021484375, 8.6796875, 0.046630859375, 2.685546875, 8.6953125, 1.03515625, 5.51953125, 1.3154296875, 7.9140625, 2.671875, 5.94921875, 1.98828125, 4.09765625, 4.96875, 0.180908203125, 5.1328125, 0.82958984375, 6.953125, 0.287841796875, 0.1834716796875, 1.646484375, 2.138671875, 9.5546875, 4.953125, 8.046875, 0.43017578125, 0.0271148681640625, 0.07427978515625, 0.039794921875, 0.0357666015625, 0.01258087158203125, 0.01280975341796875, 0.0030193328857421875, 0.052886962890625, 0.6123046875, 1.7919921875, 2.5234375, 0.0010347366333007812, 7.3203125, 5.82421875, 3.380859375, 2.98046875, 7.578125, 3.220703125, 1.9765625, 0.90087890625, 6.1484375, 0.046966552734375, 3.259765625, 0.431396484375, 0.1429443359375, 1.2099609375, 3.75390625, 11.40625, 2.80078125, 9.6875, 3.4765625, 13.296875, 4.4609375, 5.609375, 3.537109375, 0.003429412841796875, 0.053619384765625, 0.0008802413940429688, 0.0018825531005859375, 0.00042128562927246094, 8.5234375, 8.6328125, 5.421875, 0.1954345703125, 0.39404296875, 5.703125, 4.41796875, 3.314453125, 0.0288238525390625, 0.208984375, 7.20703125, 3.310546875, 10.203125, 8.34375, 0.2303466796875, 0.45849609375, 5.84765625, 1.169921875, 4.25, 5.66015625, 6.6796875, 0.07769775390625, 0.455078125, 5.96484375, 5.4296875, 4.78125, 0.018951416015625, 0.026214599609375, 0.42919921875, 5.01953125, 3.568359375, 8.21875, 4.68359375, 5.28125, 0.06939697265625, 0.42919921875, 5.0703125, 7.47265625, 2.923828125, 1.310546875, 0.309814453125, 0.00879669189453125, 2.265625, 0.00023615360260009766, 0.272705078125, 4.5546875, 6.203125, 0.2646484375, 3.78515625, 0.043426513671875, 2.875, 0.119873046875]",-1.0797506986079632
242,1,test,2.506023555319773,1.0860593004755037,1.4915319716103432,4.714722282042285,2.0432641076742524,2.8061025228601366,12.256097341479324,8.119124780599343,9.498136492836347,23.05808143905432,15.274963570280118,17.86937543567516,2.215860641781409,0.9035580780591379,1.2600300591881695,4.168822563351465,1.699914350246853,2.370565026608251,9.169297196987868,5.4545799513991655,6.568467306899272,17.25071167568904,10.262006349242498,12.35762493331897,2.515304863183207,1.0795241060153995,1.508101601169607,4.7321837256497625,2.030969080808633,2.8372758937258706,12.370379477574431,8.16745428549697,9.632446461521626,23.273086813741727,15.365888571019724,18.122060292015263,0.44723618090452266,-0.012763819095477302,-0.017763819095477307,0.3266331658291457,-0.0033668341708542604,-0.008366834170854265,0.2814070351758794,0.0014070351758793676,-0.003592964824120637,0.33484162895927605,0.0933066402459578,0.13634538835777232,0.3363636363636363,0.321608040201005,0.06596894245664409,0.1179352522210384,0.31313131313131315,0.34841628959276016,0.1113959735656721,0.1529275677882489,0.34545454545454546,19.0,-1.0,0.0,25.0,-2.0,-1.0,32.0,-2.0,-2.0,-0.00047867086399669087,-1.4746502433461749e-05,7.60651660715175e-05,0.04099059213714629,0.03798111818660832,0.037873180464518263,"[3.056640625, 6.44140625, 0.03302001953125, 0.005214691162109375, 0.009490966796875, 0.62646484375, 6.7578125, 1.9814453125, 8.2109375, 5.0859375, 0.806640625, 1.85546875, 0.042510986328125, 0.470703125, 13.3359375, 0.88037109375, 0.0037078857421875, 0.806640625, 0.257080078125, 7.33984375, 9.3671875, 3.65234375, 8.125, 0.59375, 0.0196075439453125, 0.75537109375, 1.400390625, 0.0209503173828125, 0.0032138824462890625, 1.396484375, 0.041595458984375, 4.21484375, 4.41015625, 2.78515625, 3.40625, 7.78515625, 3.748046875, 0.98193359375, 0.059051513671875, 0.7314453125, 0.59716796875, 0.0103759765625, 0.004119873046875, 0.837890625, 0.042022705078125, 3.51953125, 7.71484375, 3.490234375, 7.68359375, 0.56103515625, 0.07562255859375, 0.73486328125, 0.2215576171875, 0.01305389404296875, 0.00360870361328125, 1.4580078125, 0.0035228729248046875, 0.6533203125, 8.78125, 5.25390625, 2.111328125, 5.88671875, 0.80615234375, 2.857421875, 8.359375, 6.984375, 0.035003662109375, 6.83984375, 3.3046875, 0.0738525390625, 0.71484375, 0.020355224609375, 0.00014650821685791016, 0.029693603515625, 0.0005631446838378906, 1.59765625, 0.0810546875, 2.138671875, 5.59375, 0.1473388671875, 1.9228515625, 1.1865234375, 8.65625, 1.3828125, 0.0029773712158203125, 3.671875, 1.404296875, 5.80078125, 0.0171051025390625, 0.0004467964172363281, 0.41943359375, 1.8984375, 0.80810546875, 8.390625, 2.5390625, 0.0543212890625, 0.01125335693359375, 0.0001138448715209961, 0.0028514862060546875, 1.2060546875, 0.0198516845703125, 3.228515625, 0.50927734375, 2.021484375, 0.0230712890625, 1.5654296875, 0.186767578125, 2.28515625, 0.1085205078125, 0.2296142578125, 2.5703125, 0.013519287109375, 0.2012939453125, 0.0251617431640625, 0.81201171875, 1.8193359375, 0.173095703125, 0.049163818359375, 0.0030975341796875, 9.02414321899414e-05, 0.0003859996795654297, 0.477783203125, 0.004058837890625, 4.5703125, 0.72314453125, 1.54296875, 6.01171875, 1.69921875, 0.11712646484375, 6.125, 3.228515625, 4.2265625, 0.64453125, 8.515625, 0.69873046875, 0.1849365234375, 0.01436614990234375, 0.47509765625, 5.3515625, 2.74609375, 0.3388671875, 1.3857421875, 1.2607421875, 0.318115234375, 1.3759765625, 2.267578125, 0.00699615478515625, 0.1590576171875, 0.049468994140625, 0.0009493827819824219, 0.00030422210693359375, 0.0010557174682617188, 0.478759765625, 0.0024776458740234375, 0.85302734375, 0.07891845703125, 6.671875, 1.6875, 0.0013799667358398438, 0.0157928466796875, 0.11669921875, 10.609375, 5.8515625, 0.03765869140625, 1.239776611328125e-05, 13.421875, 0.177490234375, 4.25, 0.1876220703125, 0.0295257568359375, 0.0155792236328125, 1.033203125, 0.2274169921875, 0.436767578125, 0.314453125, 0.0016450881958007812, 0.00012159347534179688, 0.0009222030639648438, 9.3828125, 0.5751953125, 0.39697265625, 8.8125, 6.51171875, 3.818359375, 0.082763671875, 3.76953125, 1.7138671875, 11.0859375, 1.9921875, 5.3125, 1.7900390625, 4.4296875, 0.0224456787109375, 8.59375, 6.88671875, 3.74609375, 4.2265625, 0.034210205078125, 0.85107421875, 0.25244140625, 1.11328125, 0.01251983642578125, 0.814453125, 0.081787109375, 5.46875, 0.002655029296875, 13.390625, 4.1953125, 7.72265625, 9.953125, 7.45703125, 4.4609375, 0.59765625, 12.796875, 2.48046875, 10.0546875, 1.5146484375, 7.41796875, 6.55859375, 10.6171875, 5.83984375]",-2.1941784329004417
496,1,test,3.0229026709582874,1.2344412625401167,1.5524524410664702,5.730621177172109,2.3401730095547237,2.943037802969612,20.550857569722773,14.570613338810887,16.199663832116713,38.958971696156915,27.622015808172296,30.710263188846852,3.101880074146405,1.1993423075918044,1.7351580756753535,5.880341372789394,2.2736347063351743,3.2893991955930875,22.23972433166037,15.536841102407884,18.31725260162006,42.16061484674952,29.453727208356177,34.72464948174419,3.031881218371184,1.260297390185429,1.7627231113487618,5.747642120134946,2.3891893652804344,3.3416551873910176,20.73620525011837,14.856046098266265,17.178349282946073,39.310341706385536,28.16312056543368,32.56559105771767,0.6381909547738693,-0.006809045226130683,-0.0018090452261306789,0.507537688442211,0.002537688442211028,0.002537688442211028,0.42713567839195976,-0.007864321608040292,-0.007864321608040292,0.42606516290726815,0.12819282248173625,0.15333789017999544,0.40452261306532666,0.4170854271356784,0.11883981310059066,0.16666806486522767,0.3939393939393939,0.40802675585284276,0.12088151378272594,0.16442275140345453,0.38926174496644295,22.0,5.0,6.0,35.0,9.0,8.0,39.0,1.0,1.0,4.2710915332080784e-05,-7.20650311904582e-05,6.0848002810960155e-05,0.013382125236047315,0.012874220991398566,0.013408550475267234,"[3.056640625, 9.4453125, 1.07421875, 4.08203125, 5.9609375, 4.94921875, 0.49951171875, 0.136474609375, 5.2890625, 0.60888671875, 1.13671875, 0.001079559326171875, 1.0654296875, 2.498046875, 7.81640625, 9.2734375, 2.169921875, 3.1875, 1.1953125, 6.65234375, 8.0234375, 1.1806640625, 3.19921875, 8.640625, 4.59765625, 7.16796875, 0.1776123046875, 1.46875, 0.06591796875, 0.7998046875, 0.0014410018920898438, 0.0002980232238769531, 0.234375, 0.1588134765625, 0.0049591064453125, 0.0002956390380859375, 6.783008575439453e-05, 3.978515625, 6.51953125, 6.54296875, 2.53515625, 0.72998046875, 5.43359375, 13.171875, 0.1632080078125, 0.177490234375, 5.07421875, 2.51953125, 0.330078125, 0.1480712890625, 1.4169921875, 7.125, 9.296875, 2.919921875, 0.00301361083984375, 1.40625, 3.05859375, 2.6171875, 8.5, 0.17041015625, 1.2529296875, 0.61669921875, 3.138671875, 4.63671875, 1.0888671875, 5.00390625, 6.70703125, 0.1749267578125, 8.5703125, 1.5625, 5.7890625, 4.22265625, 6.0859375, 1.638671875, 5.12890625, 0.01788330078125, 1.3359375, 3.80859375, 3.0546875, 7.1171875, 4.37109375, 0.7587890625, 12.234375, 0.1650390625, 7.83984375, 0.10333251953125, 3.298828125, 3.533203125, 3.375, 0.33544921875, 1.6171875, 0.673828125, 2.2109375, 0.64013671875, 0.09515380859375, 5.20703125, 6.9609375, 0.45458984375, 3.1953125, 5.4921875, 0.2110595703125, 1.4658203125, 6.08203125, 7.6875, 2.16015625, 5.33984375, 6.6796875, 1.0322265625, 1.287109375, 0.052154541015625, 0.0816650390625, 3.94921875, 1.3759765625, 10.2421875, 4.46484375, 1.474609375, 0.6689453125, 0.6953125, 0.048980712890625, 0.599609375, 5.203125, 0.12249755859375, 5.91796875, 0.78515625, 0.07232666015625, 0.55810546875, 0.0266571044921875, 0.049713134765625, 5.90625, 5.28125, 0.290771484375, 9.703125, 0.421142578125, 0.198486328125, 0.001373291015625, 0.0033321380615234375, 0.03607177734375, 5.234375, 6.51953125, 3.939453125, 1.3251953125, 5.47265625, 0.7470703125, 0.468017578125, 0.8037109375, 0.7255859375, 6.578125, 0.9326171875, 10.5390625, 0.0006642341613769531, 2.513671875, 2.47265625, 7.81640625, 0.1573486328125, 4.4765625, 6.265625, 2.333984375, 0.1031494140625, 0.70068359375, 3.498046875, 1.4912109375, 0.9267578125, 6.453125, 4.6484375, 5.16796875, 1.8271484375, 5.3203125, 5.2890625, 4.96875, 1.0126953125, 1.048828125, 7.47265625, 0.0572509765625, 0.1612548828125, 6.47265625, 4.07421875, 0.22607421875, 1.5322265625, 0.41943359375, 3.291015625, 0.671875, 7.94140625, 2.21875, 0.482666015625, 13.125, 4.6484375, 11.671875, 9.7734375, 1.3291015625, 6.0546875, 0.078125, 2.47265625, 4.35546875, 1.8515625, 0.6513671875, 1.6689453125, 2.408203125, 0.1678466796875, 0.0017518997192382812, 0.14501953125, 6.91015625, 9.3828125, 4.47265625, 4.80859375, 7.0234375, 0.59521484375, 0.00408935546875, 0.0171356201171875, 0.0229644775390625, 0.494873046875, 1.91015625, 5.41015625, 0.91455078125, 2.296875, 0.00019419193267822266, 1.365234375, 11.7890625, 0.0104217529296875, 7.283687591552734e-05, 1.017578125, 1.2275390625, 0.31689453125, 0.33203125, 1.283203125, 0.087890625, 2.421875, 1.4619140625, 0.6748046875, 1.12890625, 4.05078125, 0.300048828125, 4.03125, 1.517578125, 1.0244140625, 0.10784912109375, 0.0994873046875, 7.140625, 1.2861328125, 1.7900390625, 7.140625, 0.94140625, 0.9794921875, 7.9609375, 0.056884765625, 0.0338134765625, 9.359375, 2.541015625, 11.953125, 3.228515625, 0.90673828125, 0.0012798309326171875, 0.0081024169921875, 0.026092529296875, 2.333984375, 10.265625, 4.2265625, 5.671875, 1.3291015625, 1.712890625, 4.8828125, 4.81640625, 2.646484375, 8.1171875, 3.166015625, 4.71875, 3.908203125, 2.404296875, 5.875, 0.1558837890625, 6.30859375, 3.740234375, 0.8720703125, 4.734375, 0.0933837890625, 4.984375, 1.3544921875, 5.5234375, 4.55078125, 0.50439453125, 3.236328125, 0.00888824462890625, 2.95703125, 3.2109375, 3.642578125, 0.33837890625, 4.44921875, 8.765625, 0.044281005859375, 0.002368927001953125, 0.22802734375, 1.625, 3.00390625, 2.49609375, 0.07281494140625, 0.517578125, 3.392578125, 2.03515625, 10.1796875, 3.095703125, 10.890625, 0.59033203125, 0.00786590576171875, 0.018310546875, 0.0299072265625, 0.8359375, 8.140625, 3.0234375, 3.44921875, 3.541015625, 0.458984375, 4.125, 7.54296875, 0.1719970703125, 1.8310546875, 5.09375, 0.57177734375, 3.287109375, 0.177734375, 3.740234375, 0.955078125, 8.6796875, 0.82763671875, 3.748046875, 2.1640625, 5.31640625, 3.55078125, 0.30517578125, 4.80859375, 5.14453125, 0.61376953125, 9.7265625, 1.93359375, 8.03125, 0.122802734375, 2.455078125, 8.2265625, 0.0017108917236328125, 0.031951904296875, 0.00019538402557373047, 0.006679534912109375, 0.006351470947265625, 0.034393310546875, 0.086181640625, 0.29345703125, 2.150390625, 1.7373046875, 10.0625, 0.037994384765625, 6.90625, 3.244140625, 3.111328125, 4.57421875, 1.33984375, 0.9951171875, 1.947265625, 2.615234375, 0.53076171875, 5.5078125, 4.765625, 0.60986328125, 9.375, 0.007633209228515625, 1.0068359375, 6.91796875, 5.86328125, 0.552734375, 3.017578125, 8.5625, 0.39306640625, 0.2117919921875, 0.0005059242248535156, 0.00434112548828125, 0.0211944580078125, 3.3203125, 9.390625, 3.576171875, 3.341796875, 1.673828125, 6.9453125, 0.00316619873046875, 0.00030684471130371094, 4.51953125, 5.4609375, 0.06439208984375, 0.06915283203125, 10.3828125, 0.177734375, 5.80078125, 1.1220703125, 5.15234375, 4.5, 1.798828125, 3.171875, 3.234375, 5.1875, 5.76953125, 0.97607421875, 1.73828125, 1.47265625]",-1.2656267250988416
377,1,test,3.147835461580136,1.4149074103127846,1.877122012123428,5.313777292942615,2.388467555023416,3.1687197268872547,23.28560740054188,17.62841316464224,19.722213443389762,39.30781432752024,29.75805525040525,33.29254379434602,3.7480225736771398,1.7152211830866153,2.354987793711362,6.326937188592603,2.8954192448434606,3.9753922389256013,42.43708277175319,34.801636478301305,38.4100300253733,71.63691036699622,58.74771662392148,64.83894976760264,3.1404230702282194,1.4036038521116885,1.9412328169503124,5.301264632311857,2.3693863191610154,3.276943470815206,23.113643484900763,17.434393278429706,19.79621392776978,39.01752661671322,29.43053544248685,33.417462043207706,0.7085427135678393,-0.0014572864321606982,0.0035427135678391952,0.6080402010050252,0.008040201005025227,-0.016959798994974795,0.4974874371859297,0.0024874371859296973,-0.002512562814070307,0.40871934604904636,0.11756288346401234,0.1672726207313533,0.3715846994535519,0.42713567839195976,0.1138524703719096,0.180057214285115,0.41414141414141414,0.39799331103678925,0.11418696713027843,0.17886094173756795,0.3489932885906041,23.0,-3.0,-2.0,33.0,-3.0,-3.0,46.0,0.0,1.0,-0.0011856017054345707,-0.0006197263684890367,-0.0006739694713644622,0.008539534713372099,0.011395864562809166,0.010065161714788218,"[3.056640625, 9.4453125, 2.4296875, 1.0791015625, 6.80078125, 0.31103515625, 11.15625, 5.2265625, 11.0703125, 3.515625, 8.875, 2.3125, 0.40380859375, 7.453125, 6.54296875, 5.20703125, 0.5986328125, 1.2275390625, 6.17578125, 5.29296875, 4.390625, 9.421875, 3.71875, 9.0078125, 2.64453125, 1.8056640625, 0.603515625, 1.212890625, 0.066162109375, 0.91796875, 2.09765625, 1.193359375, 7.8359375, 10.3359375, 7.0078125, 0.1597900390625, 0.472900390625, 0.03912353515625, 0.07281494140625, 0.1671142578125, 0.03125, 0.0108795166015625, 0.0035953521728515625, 4.77734375, 3.353515625, 4.76953125, 1.966796875, 2.376953125, 10.25, 11.828125, 5.828125, 2.376953125, 5.73046875, 5.9140625, 1.919921875, 3.48046875, 7.5625, 9.421875, 6.3359375, 0.01055908203125, 2.080078125, 6.35546875, 2.521484375, 0.90478515625, 2.173828125, 5.1328125, 4.53125, 8.8203125, 2.109375, 0.349609375, 1.431640625, 3.0546875, 7.140625, 3.07421875, 3.474609375, 2.728515625, 4.54296875, 4.5078125, 0.6875, 5.44140625, 0.1380615234375, 2.578125, 0.019744873046875, 0.0249786376953125, 0.05584716796875, 0.0166473388671875, 0.00472259521484375, 0.0032100677490234375, 14.765625, 1.994140625, 5.01171875, 9.15625, 11.09375, 8.890625, 2.306640625, 3.38671875, 5.88671875, 5.609375, 0.646484375, 2.265625, 2.966796875, 7.4140625, 2.142578125, 8.2109375, 8.9140625, 12.140625, 0.54931640625, 8.8515625, 0.302490234375, 7.23828125, 1.779296875, 5.69140625, 3.29296875, 8.5390625, 1.458984375, 4.3828125, 7.46875, 0.01035308837890625, 7.62109375, 10.7734375, 3.70703125, 6.94921875, 2.6875, 6.2578125, 7.70703125, 0.404541015625, 6.04296875, 7.27734375, 10.6171875, 2.8359375, 8.8828125, 1.33984375, 5.86328125, 5.90625, 5.8046875, 2.220703125, 5.73046875, 0.87841796875, 0.433837890625, 2.044921875, 4.73046875, 6.0078125, 2.701171875, 4.52734375, 2.9609375, 5.91796875, 6.1015625, 10.4296875, 0.0031223297119140625, 0.0654296875, 0.0025653839111328125, 0.004802703857421875, 0.0020771026611328125, 1.541015625, 0.00524139404296875, 0.017669677734375, 4.8671875, 4.390625, 8.1484375, 1.439453125, 3.861328125, 1.6748046875, 0.0015974044799804688, 0.0052642822265625, 3.138671875, 0.007129669189453125, 5.9375, 3.94921875, 1.3037109375, 0.00029158592224121094, 0.0024871826171875, 5.1328125, 3.66015625, 0.440673828125, 5.01953125, 0.004169464111328125, 0.00920867919921875, 5.5, 2.236328125, 0.0889892578125, 0.9833984375, 0.0001627206802368164, 0.01293182373046875, 4.9609375, 6.453125, 0.2783203125, 0.333984375, 7.0, 6.625, 2.064453125, 2.47265625, 3.546875, 2.826171875, 0.054290771484375, 0.09771728515625, 0.0657958984375, 0.0482177734375, 1.5078125, 0.005420684814453125, 0.10833740234375, 8.625, 7.76953125, 0.55859375, 5.46484375, 0.64794921875, 0.00026798248291015625, 0.027069091796875, 6.55078125, 3.326171875, 0.150390625, 8.953125, 0.0013408660888671875, 0.004444122314453125, 5.171875, 0.368408203125, 7.69140625, 0.984375, 0.1407470703125, 2.328125, 0.0005927085876464844, 0.0014238357543945312, 7.4140625, 0.767578125, 0.0096435546875, 1.427734375, 2.482421875, 0.00011014938354492188, 0.0012254714965820312, 2.111328125, 0.15380859375, 0.064208984375, 0.21142578125, 0.00025272369384765625, 0.0111541748046875, 0.89111328125, 5.5859375, 5.94140625, 4.3203125, 5.30859375, 1.2666015625, 0.021331787109375, 0.0198974609375, 0.0018062591552734375, 0.006671905517578125, 0.01299285888671875, 0.3720703125, 0.0025787353515625, 3.083984375, 0.00661468505859375, 0.01141357421875, 0.0072021484375, 0.01702880859375, 4.7421875, 0.75048828125, 0.0019779205322265625, 0.005584716796875, 0.0015583038330078125, 6.125, 0.16357421875, 1.138671875, 0.1575927734375, 0.66064453125, 0.359375, 0.12432861328125, 1.734375, 10.3828125, 4.046875, 0.5205078125, 2.970703125, 10.03125, 4.5, 0.0021800994873046875, 0.068603515625, 0.011566162109375, 0.016845703125, 5.0390625, 1.037109375, 3.2578125, 1.1044921875, 0.0007796287536621094, 1.365234375, 0.00037598609924316406, 2.8984375, 6.8515625, 2.259765625, 9.890625, 4.2734375, 0.0076141357421875, 0.394775390625, 2.07421875, 0.004421234130859375, 0.07110595703125, 0.0020389556884765625, 0.55224609375, 0.39501953125, 0.0009851455688476562, 0.0031070709228515625, 0.0010271072387695312, 6.0625, 0.0516357421875, 8.25, 3.828125, 3.62890625, 1.900390625, 7.671875, 6.90625, 0.447021484375, 5.3515625, 5.59765625, 0.054656982421875, 1.525390625, 0.334228515625, 1.6240234375, 5.2109375, 0.331787109375, 1.3798828125, 2.91796875, 4.375, 0.55322265625, 2.05078125, 1.947265625, 0.26708984375, 4.35546875, 0.40185546875, 0.1815185546875, 1.865234375, 1.3125, 0.0011262893676757812, 0.5869140625, 3.92578125, 4.33984375, 1.5234375, 5.53515625, 1.0244140625, 5.9140625, 0.45458984375, 4.484375, 6.73046875, 5.1328125, 3.123046875, 4.63671875, 3.439453125, 11.2578125, 1.8876953125, 1.1318359375, 0.0222015380859375, 0.0307464599609375, 1.083984375, 3.421875, 3.236328125, 0.32958984375, 2.955078125, 8.78125, 7.98828125, 1.6416015625, 7.484375, 7.46875, 5.60546875, 1.03125, 5.21875, 3.091796875, 3.3828125, 0.0218353271484375, 0.1905517578125, 5.375, 2.1171875, 6.1171875]",-1.4137103872662995
29,1,test,2.5346593345339232,1.0068033116605482,1.4292570423734177,5.301364946173065,2.1057787574872027,2.989361560457078,12.612133597745775,8.003847434457722,9.591694274257726,26.378899144580952,16.74044146502777,20.06150140460947,2.7068429077090927,1.0873206513478795,1.5192362368884393,5.661495377391553,2.2741847426078885,3.1775574813793415,14.981901526385347,9.931224715012153,11.702677979635762,31.335385586876395,20.771646058863446,24.476727886984662,2.546597216177631,1.0246231957552214,1.4499629038854678,5.3263336141180035,2.143049923516203,3.032668890521014,12.76359803939885,8.18233826405651,9.76952610380827,26.69569449085534,17.113763833977345,20.433445442472223,0.5879396984924623,-0.002060301507537776,0.0029396984924623393,0.4824120603015075,-0.007587939698492474,0.012412060301507544,0.38190954773869346,0.01190954773869346,-0.0030904522613065533,0.3952702702702703,0.10521968005104598,0.15257364105678717,0.35593220338983056,0.40201005025125625,0.10877696754448929,0.1582704843080175,0.3535353535353535,0.402027027027027,0.11197643680780267,0.1627011843303977,0.35593220338983056,18.0,8.0,8.0,27.0,9.0,8.0,36.0,12.0,11.0,-0.0009915086884623489,-0.0006806833723370885,-9.56386113377595e-05,0.03398256566581903,0.035006623731668185,0.030785714668049913,"[3.056640625, 9.4453125, 2.4296875, 6.078125, 0.78955078125, 0.10418701171875, 11.328125, 0.359619140625, 6.61328125, 5.09765625, 0.3857421875, 0.0748291015625, 8.828125, 1.5087890625, 6.65625, 3.484375, 4.5078125, 4.1171875, 5.41796875, 1.830078125, 2.5703125, 8.328125, 8.921875, 14.2109375, 0.3681640625, 4.3046875, 2.5078125, 3.85546875, 5.89453125, 6.94921875, 2.107421875, 8.6875, 0.395263671875, 1.7841796875, 6.5078125, 0.319580078125, 0.70703125, 2.9296875, 1.33203125, 1.154296875, 0.79248046875, 0.449462890625, 7.265625, 2.2109375, 1.1318359375, 2.421875, 2.689453125, 5.40234375, 4.1484375, 0.57861328125, 3.953125, 8.9375, 4.6328125, 3.37109375, 0.60986328125, 0.72900390625, 8.34375, 0.99267578125, 0.01229095458984375, 0.00244903564453125, 0.0002123117446899414, 0.09356689453125, 0.63134765625, 4.23828125, 0.01352691650390625, 2.53125, 3.947265625, 1.0361328125, 1.9140625, 0.0228729248046875, 6.609375, 0.0102996826171875, 4.125, 5.82421875, 9.4765625, 1.8876953125, 1.28125, 5.75390625, 2.955078125, 5.35546875, 0.2188720703125, 0.004619598388671875, 0.00287628173828125, 0.00022208690643310547, 0.0185699462890625, 2.759765625, 5.5390625, 0.912109375, 6.43359375, 1.6845703125, 1.2294921875, 4.22265625, 0.3720703125, 4.08984375, 0.006011962890625, 0.0020771026611328125, 0.00014066696166992188, 8.296875, 0.01497650146484375, 0.771484375, 2.310546875, 5.171875, 0.9306640625, 7.53515625, 0.324951171875, 0.755859375, 6.9609375, 2.0234375, 0.50146484375, 0.238525390625, 0.0013837814331054688, 0.57421875, 0.8115234375, 0.006397247314453125, 0.00014901161193847656, 0.0246429443359375, 0.005466461181640625, 1.046875, 4.015625, 0.01242828369140625, 3.8046875, 8.03125, 0.08978271484375, 3.447265625, 0.04205322265625, 0.7783203125, 1.0419921875, 2.392578125, 2.634765625, 0.59326171875, 3.40234375, 4.53515625, 0.01245880126953125, 2.328125, 5.19140625, 6.84375, 3.0, 3.154296875, 6.9765625, 0.314697265625, 0.002529144287109375, 0.00208282470703125, 0.00014412403106689453, 3.90234375, 3.876953125, 1.5, 0.126708984375, 3.19140625, 0.0005497932434082031, 0.364501953125, 0.472412109375, 0.0107269287109375, 0.0001304149627685547, 0.032989501953125, 0.00807952880859375, 4.73046875, 2.291015625, 4.13671875, 4.01171875, 6.37109375, 2.849609375, 0.2362060546875, 8.4609375, 0.42822265625, 2.8515625, 8.21875, 0.303466796875, 0.344970703125, 1.046875, 0.1358642578125, 0.008056640625, 0.0085296630859375, 0.0187530517578125, 0.798828125, 9.09375, 4.4296875, 11.9453125, 5.39453125, 3.275390625, 4.33203125, 8.046875, 3.865234375, 1.5732421875, 0.006011962890625, 0.8408203125, 0.0012025833129882812, 1.068359375, 3.21484375, 1.3271484375, 0.0004870891571044922, 0.2301025390625, 0.2420654296875, 0.017669677734375, 0.0005269050598144531, 0.0823974609375, 0.01250457763671875, 2.423828125, 2.341796875, 0.037139892578125, 0.0046539306640625, 0.0009484291076660156, 4.0411949157714844e-05, 0.10498046875, 0.3154296875, 0.0031719207763671875, 0.0015010833740234375, 0.004528045654296875, 5.3763389587402344e-05, 0.42236328125, 2.1640625, 1.12109375, 0.1326904296875, 3.330078125, 0.10809326171875, 0.00018215179443359375, 0.0157012939453125, 0.0005664825439453125, 0.0007567405700683594, 4.55859375, 0.2261962890625, 1.080078125, 0.41162109375, 0.13818359375, 4.6328125, 1.9423828125, 7.90234375, 0.8994140625, 0.91796875, 5.796875, 1.255859375, 1.974609375, 5.19921875, 7.35546875, 4.5, 0.673828125, 2.298828125, 8.6796875, 0.4462890625, 0.069091796875, 1.1611328125, 11.6953125, 4.828125, 1.068359375, 3.033203125, 0.33740234375, 3.322265625, 1.73828125, 0.09912109375, 0.1942138671875, 3.23828125, 0.52783203125, 0.419189453125, 9.0390625, 4.203125, 3.3125, 1.048828125, 5.3046875, 3.673828125, 4.4140625, 1.0986328125, 0.52734375, 3.783203125, 2.65234375, 1.60546875, 5.2109375, 2.609375, 3.16796875, 0.84326171875, 3.615234375, 5.90234375, 0.285400390625, 4.89453125, 1.45703125, 0.455078125, 3.89453125, 0.253173828125, 1.7919921875, 0.470458984375, 2.427734375, 0.2427978515625, 4.60546875, 4.96484375, 2.943359375, 4.26953125, 0.040191650390625, 0.70263671875, 0.14404296875, 7.6875, 0.00568389892578125, 0.0017881393432617188, 0.0005993843078613281, 1.5068359375, 2.22265625, 5.59765625, 0.1475830078125, 1.5556640625]",-1.1838534389798707
346,1,test,2.829500314639165,1.2325398026478427,1.7060364207751393,4.566421299863207,1.9891483943722617,2.753306302835126,16.936995540999657,11.998994943164185,13.861506599869626,27.33396310082123,19.36471461124517,22.370550255235138,3.156685070775861,1.3294032515255105,1.886312856554066,5.0944521439254,2.145472574244141,3.0442474813694336,23.492590434571095,17.27562559805275,19.930412225553184,37.91378456272365,27.88046507408513,32.16492270064524,2.7602584529481207,1.1867959215048893,1.6504831810391305,4.45467453297568,1.9153241109435344,2.6636510743502804,15.803926991994057,10.980606780675803,12.770250426511874,25.505347521732986,17.721177279704516,20.60941405466768,0.6633165829145728,-0.016683417085427088,-0.0016834170854271857,0.5678391959798995,-0.0021608040201005485,0.012839195979899576,0.4321608040201005,-0.00783919597989946,-0.00783919597989946,0.39384615384615385,0.10045137658040881,0.16866703409180384,0.3580246913580247,0.42211055276381915,0.10130854775128784,0.1666848432479594,0.38383838383838387,0.4013377926421404,0.1125231014902206,0.1799807292383584,0.34563758389261745,23.0,7.0,7.0,35.0,11.0,10.0,44.0,11.0,11.0,-0.0011407271950586882,3.854090748532952e-05,-0.00027482931899087726,-0.00040436298294821427,-2.9341792515680254e-06,0.0001314242545484845,"[3.056640625, 9.4453125, 2.48046875, 1.80859375, 2.875, 3.357421875, 5.74609375, 4.6796875, 8.921875, 0.64013671875, 1.439453125, 8.2421875, 4.6171875, 2.056640625, 1.044921875, 5.1015625, 3.666015625, 1.005859375, 3.3828125, 0.98095703125, 4.25, 0.51220703125, 3.90234375, 6.47265625, 5.59375, 4.8046875, 2.248046875, 5.02734375, 0.1588134765625, 9.2734375, 2.818359375, 0.71728515625, 2.373046875, 1.103515625, 0.38134765625, 1.494140625, 1.8046875, 5.6796875, 4.08203125, 3.24609375, 0.08807373046875, 0.48095703125, 10.1484375, 0.05950927734375, 4.4296875, 9.6171875, 0.0028209686279296875, 0.002410888671875, 7.4921875, 0.06866455078125, 0.0022125244140625, 2.849609375, 0.59619140625, 0.9443359375, 0.4443359375, 2.681640625, 2.173828125, 9.1328125, 2.078125, 4.75390625, 6.9609375, 3.990234375, 7.671875, 0.11492919921875, 0.197998046875, 6.90234375, 2.322265625, 1.2451171875, 2.35546875, 2.013671875, 6.328125, 0.75048828125, 5.99609375, 2.298828125, 1.4599609375, 0.2257080078125, 6.19140625, 7.42578125, 0.44970703125, 2.291015625, 0.6484375, 3.822265625, 4.9921875, 5.09375, 0.013763427734375, 9.8125, 6.375, 2.69140625, 5.734375, 0.03253173828125, 1.17578125, 4.4765625, 0.91162109375, 1.7353515625, 0.26806640625, 1.0205078125, 6.53515625, 3.791015625, 1.037109375, 2.478515625, 10.109375, 0.017578125, 0.00027632713317871094, 3.708984375, 1.458984375, 3.19140625, 0.1094970703125, 3.162109375, 7.22265625, 6.9453125, 3.205078125, 0.97705078125, 3.859375, 4.1640625, 0.0185546875, 2.798828125, 7.4296875, 0.56298828125, 2.025390625, 2.064453125, 6.5625, 1.2548828125, 3.8515625, 2.85546875, 1.1806640625, 4.33203125, 5.20703125, 12.1484375, 0.87890625, 2.572265625, 0.85595703125, 0.51953125, 6.96875, 0.1962890625, 5.9375, 1.857421875, 2.724609375, 1.8134765625, 10.71875, 7.0234375, 0.2496337890625, 2.525390625, 4.140625, 6.78125, 0.83935546875, 3.669921875, 4.7890625, 3.267578125, 0.0665283203125, 4.20703125, 0.006195068359375, 2.359375, 0.005481719970703125, 0.3515625, 0.0003695487976074219, 0.00255584716796875, 0.00437164306640625, 1.771484375, 0.0038089752197265625, 0.0051422119140625, 7.3203125, 0.93505859375, 5.9765625, 4.3671875, 4.17578125, 7.36328125, 6.79296875, 0.179931640625, 4.38671875, 0.07476806640625, 1.375, 4.046875, 10.4765625, 0.64501953125, 0.16748046875, 0.01418304443359375, 11.4453125, 6.12109375, 5.2578125, 0.159423828125, 0.73828125, 0.8876953125, 9.828125, 0.7275390625, 8.1953125, 2.79296875, 1.599609375, 3.509765625, 0.0099639892578125, 0.002105712890625, 4.3828125, 0.2666015625, 0.1314697265625, 3.34765625, 0.3681640625, 1.205078125, 3.26171875, 0.2464599609375, 0.00412750244140625, 2.296875, 5.75, 1.8857421875, 0.9990234375, 0.7978515625, 0.7197265625, 0.59375, 0.269287109375, 0.291748046875, 0.128173828125, 7.8984375, 0.58740234375, 0.049530029296875, 2.498046875, 8.3203125, 1.2861328125, 1.2333984375, 2.330078125, 0.34228515625, 4.4453125, 0.7998046875, 0.3583984375, 4.33984375, 0.0025653839111328125, 0.052947998046875, 1.0498046875, 0.0257110595703125, 0.00693511962890625, 2.583984375, 0.1669921875, 0.2091064453125, 0.82275390625, 0.0011491775512695312, 0.00144195556640625, 5.9375, 0.407470703125, 0.099853515625, 6.65625, 7.171875, 5.6484375, 4.83984375, 0.97705078125, 0.44384765625, 1.0478515625, 2.15234375, 4.4375, 0.364501953125, 0.0008344650268554688, 0.036865234375, 3.552734375, 0.13818359375, 5.78125, 2.908203125, 0.093994140625, 8.8984375, 3.8828125, 0.1611328125, 2.759765625, 0.208984375, 0.0209503173828125, 2.27734375, 0.348876953125, 0.50830078125, 0.0003113746643066406, 0.255615234375, 5.07421875, 4.296875, 0.0210723876953125, 1.7646484375, 5.265625, 1.744140625, 1.435546875, 2.822265625, 1.0048828125, 10.1796875, 0.487060546875, 0.1793212890625, 0.09246826171875, 0.74267578125, 0.02459716796875, 3.612041473388672e-05, 0.0006604194641113281, 8.082389831542969e-05, 5.78125, 0.72607421875, 0.0001609325408935547, 3.609375, 3.91015625, 0.03509521484375, 0.1363525390625, 4.890625, 5.375, 2.34375, 0.57177734375, 2.017578125, 5.7734375, 10.4375, 2.365234375, 0.486572265625, 0.030303955078125, 8.8046875, 1.947265625, 3.375, 2.4609375, 4.85546875, 6.15234375, 0.12744140625, 1.025390625, 5.16796875, 1.2353515625, 2.3125, 0.07562255859375, 0.052520751953125, 0.27978515625, 0.1246337890625, 0.034912109375, 7.453125, 2.80859375, 5.7421875, 1.8828125, 3.662109375, 6.92578125, 6.70703125, 6.90234375, 0.3154296875, 1.6650390625]",-1.8268917828339797
435,1,test,2.915589629764288,1.2612899598010576,1.7004035704641367,5.64103210976134,2.4403218787455243,3.2899112558980037,18.459693579272876,13.230277257134812,15.088772382056213,35.71549409902796,25.59771034532605,29.19349439136963,3.423872425328547,1.473884624830789,2.0835703339194973,6.624448822918275,2.8516463393465266,4.031255646061636,30.68802229875341,23.659420464130985,26.8678249188743,59.37465183889246,45.77583524581864,51.983400386517665,3.1187472008542474,1.3984568198095506,1.914122707512027,6.034097845131043,2.705709933979348,3.7034113254037044,22.61802604249582,17.031875701540446,19.282519704456796,43.76096343004626,32.95297690080651,37.30748377601424,0.7135678391959799,0.00856783919597981,-0.011432160804020097,0.5879396984924623,0.007939698492462233,0.007939698492462233,0.457286432160804,-0.0027135678391959628,-0.007713567839195967,0.3915492957746479,0.10744240407281946,0.14717001913730676,0.33333333333333337,0.42713567839195976,0.1188650017002304,0.178387765203312,0.36363636363636365,0.4046822742474916,0.11419813401376877,0.1577412286412625,0.3523489932885906,25.0,10.0,10.0,34.0,7.0,6.0,46.0,13.0,13.0,-0.0005959094578560343,-0.0006030219963779939,-0.000528957912612507,0.02882036274892652,0.03439437750125229,0.033355594824879375,"[3.056640625, 9.4453125, 2.4296875, 1.0791015625, 2.802734375, 12.359375, 4.0390625, 2.546875, 6.4765625, 4.25390625, 8.234375, 12.5, 4.9921875, 5.34375, 0.78955078125, 1.3828125, 3.81640625, 0.32470703125, 0.92626953125, 7.92578125, 2.392578125, 1.3994140625, 7.0859375, 8.109375, 1.3916015625, 5.4140625, 0.8837890625, 4.57421875, 2.353515625, 3.720703125, 1.341796875, 1.3544921875, 2.6484375, 3.681640625, 1.865234375, 0.630859375, 5.578125, 6.88671875, 6.71484375, 4.76953125, 0.033599853515625, 4.08984375, 0.2362060546875, 6.953125, 9.8203125, 0.57568359375, 11.359375, 1.73828125, 1.7509765625, 6.56640625, 0.58837890625, 7.5859375, 7.21484375, 0.06842041015625, 4.7890625, 2.8046875, 2.486328125, 0.93310546875, 7.96875, 11.546875, 4.58203125, 4.015625, 3.7421875, 3.734375, 3.34765625, 0.982421875, 4.18359375, 0.744140625, 0.8525390625, 6.4296875, 0.2236328125, 6.3359375, 3.625, 0.71044921875, 0.264404296875, 0.521484375, 2.728515625, 0.86474609375, 4.1875, 1.76953125, 0.2396240234375, 0.44287109375, 1.41796875, 0.1551513671875, 3.302734375, 4.6796875, 3.96875, 6.12109375, 2.291015625, 10.90625, 0.810546875, 0.6103515625, 7.53515625, 5.11328125, 1.0400390625, 0.199951171875, 3.943359375, 2.390625, 3.576171875, 2.828125, 2.662109375, 1.443359375, 1.2587890625, 1.7109375, 4.3828125, 1.2197265625, 5.1953125, 1.0830078125, 5.5234375, 0.20068359375, 6.8203125, 4.68359375, 2.21484375, 0.1495361328125, 0.333251953125, 0.1859130859375, 0.313720703125, 6.9140625, 8.015625, 4.54296875, 2.0625, 7.30859375, 0.5, 0.94091796875, 4.6328125, 4.890625, 2.82421875, 8.859375, 4.46875, 0.2066650390625, 0.6298828125, 3.865234375, 0.00792694091796875, 1.15625, 1.158203125, 12.84375, 1.4052734375, 10.8984375, 7.60546875, 3.505859375, 9.140625, 0.94677734375, 0.80908203125, 4.76171875, 9.171875, 7.69921875, 2.380859375, 1.294921875, 8.4296875, 0.08758544921875, 4.5234375, 0.21484375, 0.6962890625, 1.779296875, 0.020233154296875, 1.3076171875, 0.2464599609375, 0.051971435546875, 0.2705078125, 4.65625, 10.4296875, 2.984375, 8.75, 2.017578125, 1.9501953125, 5.41015625, 5.0234375, 4.5625, 0.1441650390625, 0.58203125, 1.0498046875, 0.061798095703125, 0.7666015625, 0.111328125, 0.035675048828125, 0.043121337890625, 0.1361083984375, 0.040069580078125, 0.83642578125, 2.421875, 2.09375, 3.0546875, 3.697265625, 5.31640625, 1.2626953125, 3.603515625, 2.11328125, 2.40234375, 7.4375, 5.2578125, 0.34326171875, 4.98828125, 8.21875, 0.61279296875, 4.0546875, 0.020965576171875, 3.001953125, 1.28515625, 4.78515625, 5.24609375, 4.60546875, 0.73388671875, 1.5703125, 0.0516357421875, 8.203125, 2.64453125, 3.875, 2.3828125, 1.6376953125, 4.734375, 9.15625, 0.051055908203125, 0.955078125, 4.8359375, 2.45703125, 0.262451171875, 0.2474365234375, 0.5751953125, 10.609375, 0.9345703125, 3.513671875, 1.6640625, 5.5625, 1.4267578125, 1.03125, 3.09375, 0.21044921875, 1.59765625, 2.25390625, 8.109375, 2.572265625, 1.3623046875, 1.296875, 9.3984375, 5.23828125, 5.01171875, 8.171875, 3.560546875, 1.5361328125, 4.3671875, 3.794921875, 1.2216796875, 4.8671875, 4.42578125, 3.560546875, 2.453125, 4.23828125, 0.348388671875, 0.91357421875, 0.04571533203125, 0.021759033203125, 0.35302734375, 0.07696533203125, 0.9326171875, 0.490966796875, 2.4375, 4.63671875, 0.5771484375, 0.42529296875, 6.3671875, 2.337890625, 1.87109375, 7.59375, 0.253662109375, 6.51171875, 3.896484375, 0.00453948974609375, 0.333740234375, 0.0003561973571777344, 0.0027751922607421875, 0.002094268798828125, 1.6796875, 0.0016231536865234375, 0.0146026611328125, 7.8203125, 4.1171875, 7.9296875, 6.0, 0.90087890625, 0.0018777847290039062, 0.00341796875, 1.2822265625, 0.003948211669921875, 0.01158905029296875, 1.095703125, 0.0018014907836914062, 0.02667236328125, 0.46142578125, 0.0023708343505859375, 0.09124755859375, 7.22265625, 4.93359375, 0.32763671875, 1.4912109375, 2.671875, 0.2027587890625, 0.5859375, 1.736328125, 0.00453948974609375, 0.036468505859375, 0.00896453857421875, 0.0191802978515625, 12.328125, 6.53125, 7.74609375, 0.304443359375, 0.0037479400634765625, 0.0036602020263671875, 0.0012826919555664062, 0.131591796875, 8.07046890258789e-05, 0.57861328125, 10.3203125, 0.38916015625, 0.002422332763671875, 0.01482391357421875, 0.0020084381103515625, 0.9951171875, 0.373291015625, 0.0026798248291015625, 0.0011758804321289062, 0.0003714561462402344, 6.26953125, 1.4501953125, 0.45068359375, 0.362060546875, 0.013763427734375, 0.52587890625, 0.034759521484375, 2.296875, 1.75390625, 7.33203125, 0.01248931884765625, 0.07769775390625, 0.035430908203125, 0.701171875, 0.04705810546875, 0.00798797607421875, 0.315185546875, 0.07598876953125, 0.1807861328125, 0.03692626953125, 6.21484375, 2.72265625, 0.78125, 3.896484375, 4.625, 4.17578125, 0.79931640625, 7.328125, 0.84130859375, 1.1865234375, 0.316162109375, 7.9296875, 0.002712249755859375]",-1.161030472164423
42,1,test,3.445028016723976,1.5475615035646146,2.1365106385874437,6.4455362893545365,2.8954376518305693,3.997342485099088,31.344161595091578,24.67518433961599,27.643478665673797,58.64391524242941,46.16647392573314,51.72005685835743,3.8251246159999215,1.7062936647657683,2.3754106306093457,7.156684765419208,3.192420405045631,4.444316663720712,45.83851222246726,37.51710855001672,41.576616845977384,85.76237770655165,70.19329986777322,77.7885089376351,3.445028016723976,1.5475615035646146,2.1365106385874437,6.4455362893545365,2.8954376518305693,3.997342485099088,31.344161595091578,24.67518433961599,27.643478665673797,58.64391524242941,46.16647392573314,51.72005685835743,0.7989949748743719,0.013994974874371846,0.013994974874371846,0.6281407035175879,-0.01185929648241213,-0.016859296482412134,0.5125628140703518,-0.0024371859296482556,-0.012437185929648265,0.4186851211072664,0.10607717637496938,0.16782206011762313,0.39236111111111116,0.4170854271356784,0.08375209380234505,0.14830412496539458,0.4040404040404041,0.4186851211072664,0.10607717637496938,0.16782206011762313,0.39236111111111116,17.0,1.0,1.0,34.0,4.0,4.0,40.0,2.0,2.0,-0.0011031334167301006,-0.00014918988487039908,-0.00031980023561535055,0.006747363712523935,0.004669200590636358,0.005770048815150197,"[3.0625, 9.453125, 2.48046875, 5.4921875, 0.79443359375, 0.078125, 11.328125, 10.84375, 3.40234375, 2.5234375, 1.458984375, 6.5859375, 0.08489990234375, 2.029296875, 6.1015625, 0.24853515625, 0.771484375, 6.04296875, 11.765625, 2.65625, 1.9560546875, 0.10052490234375, 4.05859375, 5.0, 5.97265625, 7.79296875, 7.93359375, 5.2734375, 0.92333984375, 8.1796875, 0.176025390625, 6.17578125, 1.67578125, 4.32421875, 6.53515625, 5.3828125, 0.1666259765625, 0.302001953125, 6.00390625, 5.359375, 1.0703125, 2.16015625, 7.5, 1.7138671875, 4.12890625, 1.6650390625, 5.8359375, 1.8984375, 2.884765625, 2.826171875, 2.091796875, 0.791015625, 0.73974609375, 7.60546875, 4.31640625, 5.39453125, 0.388916015625, 0.208984375, 5.53515625, 7.34765625, 7.09375, 2.17578125, 1.6611328125, 2.28515625, 10.546875, 6.17578125, 1.6669921875, 4.59375, 1.0205078125, 3.166015625, 1.7783203125, 2.94140625, 3.47265625, 3.1015625, 4.7265625, 1.39453125, 5.6796875, 8.234375, 5.08984375, 8.5859375, 0.0105438232421875, 0.31005859375, 6.125, 6.2890625, 5.234375, 2.380859375, 3.171875, 3.73828125, 3.99609375, 0.82958984375, 3.48046875, 6.16015625, 1.1748046875, 0.269775390625, 3.8359375, 1.3056640625, 6.015625, 3.169921875, 7.90234375, 0.95654296875, 1.7490234375, 2.328125, 3.171875, 6.08203125, 2.00390625, 4.39453125, 0.53955078125, 4.140625, 7.25390625, 2.392578125, 0.6162109375, 2.724609375, 1.3046875, 0.6689453125, 0.55615234375, 1.1455078125, 0.057373046875, 5.23828125, 2.68359375, 1.19140625, 3.251953125, 3.58203125, 1.94140625, 8.515625, 4.27734375, 0.43701171875, 0.41357421875, 0.89599609375, 1.8095703125, 5.859375, 3.185546875, 5.37109375, 5.64453125, 6.3984375, 12.5390625, 5.16015625, 2.158203125, 6.484375, 1.193359375, 0.9599609375, 10.2421875, 1.7021484375, 1.2041015625, 0.2294921875, 10.9765625, 1.890625, 4.75390625, 3.00390625, 1.619140625, 2.35546875, 0.151611328125, 6.55078125, 0.45068359375, 5.31640625, 16.09375, 7.31640625, 4.9609375, 5.55078125, 0.53369140625, 5.71484375, 2.900390625, 0.026092529296875, 1.732421875, 0.27197265625, 3.68359375, 1.01171875, 1.298828125, 5.3671875, 0.031982421875, 3.6171875, 1.212890625, 2.298828125, 1.263671875, 4.38671875, 0.0538330078125, 4.1015625, 7.13671875, 7.43359375, 0.57177734375, 0.50927734375, 10.203125, 4.578125, 1.3505859375, 6.796875, 0.6416015625, 6.546875, 0.2315673828125, 13.7734375, 4.4296875, 11.1171875, 11.34375, 2.982421875, 12.8515625, 3.875, 2.34375, 2.4140625, 1.5712890625, 0.0137939453125, 1.14453125, 6.2578125, 0.69189453125, 1.544921875, 0.1397705078125, 4.16796875, 5.0234375, 5.3984375, 0.783203125, 9.2421875, 3.25390625, 3.861328125, 1.2373046875, 5.171875, 4.46484375, 4.24609375, 1.2587890625, 5.6015625, 1.1474609375, 6.671875, 1.650390625, 0.8125, 0.95263671875, 0.00322723388671875, 0.0233154296875, 0.021331787109375, 0.607421875, 11.7890625, 2.0, 0.013824462890625, 7.171875, 6.109375, 6.30859375, 1.876953125, 3.109375, 0.005123138427734375, 0.931640625, 0.006023406982421875, 2.82421875, 0.00894927978515625, 8.34375, 5.44140625, 2.607421875, 1.671875, 0.456787109375, 1.494140625, 4.30859375, 0.5703125, 8.140625, 3.81640625, 10.390625, 0.1392822265625, 5.22265625, 9.828125, 5.0859375, 4.91015625, 0.828125, 0.007373809814453125, 0.01482391357421875, 0.00024402141571044922, 0.5703125, 2.45703125, 5.50390625, 0.209228515625, 2.607421875, 5.09375, 1.3388671875, 0.53857421875, 0.0036373138427734375, 9.751319885253906e-05, 0.01496124267578125, 0.0006427764892578125, 0.58447265625, 0.3955078125, 0.0012941360473632812, 0.0005826950073242188, 0.00021791458129882812, 1.6357421875, 6.6953125, 0.10308837890625, 1.8837890625, 2.865234375, 0.267822265625, 0.154052734375, 7.71484375, 1.75, 0.345458984375, 6.23046875, 0.1395263671875, 0.4130859375, 0.0190887451171875]",-1.2122395537716293
329,1,test,2.7134709886070025,1.2257224053229978,1.321384108309048,5.9975316710799635,2.709190176251299,2.9206293608886904,15.081532598364685,10.654415593271477,11.058295285335713,33.33441550946961,23.54924568045518,24.441933037213982,3.553516147124707,1.6093965213041552,2.22965441899622,7.854266998084049,3.5572175447517074,4.928161402734635,34.93594168981907,27.94846413824941,31.178036288246755,77.2182262583384,61.773941763513875,68.9122017025267,3.127216970242784,1.4530010468761418,2.005684530189839,6.9120262940412935,3.21153969706736,4.433125153176608,22.81040907698755,17.475798311787862,19.740854567808324,50.41739950193977,38.626414025587195,43.6328234138941,0.6884422110552764,-0.0015577889447235815,-0.006557788944723697,0.5829145728643217,-0.002085427135678275,-0.002085427135678275,0.48743718592964824,-0.002562814070351749,0.0024371859296482556,0.38983050847457623,0.11893103757510537,0.12687840681279716,0.32484076433121023,0.4120603015075377,0.10378962481580833,0.16999018464610194,0.33838383838383834,0.41137123745819393,0.1309037917152891,0.2000252975249347,0.325503355704698,11.0,0.0,0.0,26.0,2.0,1.0,29.0,0.0,0.0,-0.0001691299016457284,-0.0014895341321556712,-0.0006424154737414814,0.03749767918202096,0.04452280934302433,0.04484845000345672,"[3.068359375, 9.421875, 2.39453125, 1.125, 0.90966796875, 5.9921875, 14.609375, 6.46484375, 3.25, 9.0859375, 5.28515625, 2.62890625, 8.96875, 7.60546875, 4.265625, 1.587890625, 8.953125, 0.29931640625, 5.71875, 8.9453125, 3.140625, 0.124267578125, 5.453125, 1.720703125, 0.78125, 2.494140625, 0.1668701171875, 3.826171875, 1.9677734375, 0.525390625, 8.6171875, 7.78125, 9.2265625, 1.826171875, 5.9609375, 4.27734375, 5.42578125, 5.71484375, 4.55859375, 5.1171875, 2.29296875, 2.970703125, 4.265625, 3.708984375, 3.7734375, 0.327880859375, 5.2109375, 3.546875, 9.0703125, 7.953125, 0.66552734375, 0.15576171875, 3.890625, 7.828125, 0.9453125, 1.3125, 8.1953125, 9.640625, 4.234375, 2.419921875, 4.93359375, 5.51953125, 11.1015625, 4.98046875, 6.05859375, 0.1739501953125, 9.3359375, 5.796875, 0.70556640625, 6.6171875, 0.0738525390625, 5.27734375, 6.23828125, 1.7490234375, 1.2529296875, 1.8037109375, 6.1015625, 10.65625, 2.505859375, 5.1015625, 3.333984375, 2.056640625, 10.3046875, 4.390625, 5.7109375, 0.69287109375, 4.2578125, 0.0017595291137695312, 1.326171875, 0.0034618377685546875, 0.96923828125, 0.005985260009765625, 1.35546875, 0.003391265869140625, 4.01953125, 5.32421875, 6.0390625, 4.34375, 1.224609375, 3.859375, 3.349609375, 0.0159759521484375, 0.0087890625, 7.4765625, 1.7392578125, 4.76171875, 2.96484375, 5.21875, 10.0859375, 3.8984375, 1.3125, 21.859375, 13.5859375, 0.95703125, 7.8671875, 3.703125, 0.46826171875, 6.34375, 0.0007038116455078125, 0.004016876220703125, 3.0234375, 0.10382080078125, 9.8125, 0.97412109375, 9.6875, 0.712890625, 0.40234375, 1.4052734375, 0.00010704994201660156, 8.0078125, 0.18994140625, 0.0010347366333007812, 0.701171875, 2.23828125, 0.0015583038330078125, 8.1796875, 0.15771484375, 5.4921875, 2.384765625, 2.25, 1.5380859375, 2.515625, 0.00254058837890625, 0.0210113525390625, 2.171875, 0.02313232421875, 4.75390625, 0.1392822265625, 0.2322998046875, 2.482421875, 0.0003592967987060547, 0.0037441253662109375, 3.990234375, 0.74951171875, 0.1781005859375, 0.01419830322265625, 7.171875, 0.64990234375, 4.32421875, 5.50390625, 0.1787109375, 0.02606201171875, 0.360107421875, 0.00021028518676757812, 1.9365234375, 0.043731689453125, 0.00034928321838378906, 0.054931640625, 5.0390625, 0.184326171875, 1.32421875, 10.3671875, 1.1201171875, 1.931640625, 2.908203125, 2.591796875, 2.642578125, 0.0001112222671508789, 0.01001739501953125, 10.5625, 0.2108154296875, 0.280029296875, 1.0634765625, 0.0001577138900756836, 0.10443115234375, 3.599609375, 0.5712890625, 3.599609375, 0.68603515625, 2.146484375, 5.7265625, 7.02734375, 3.3046875, 8.21875, 7.08203125, 3.2890625, 0.75439453125, 5.34375, 3.552734375, 0.7412109375, 10.421875, 5.84375, 1.3310546875, 1.654296875, 1.349609375, 1.578125, 7.58984375, 0.06719970703125, 6.50390625, 4.31640625, 0.156494140625, 0.045440673828125, 0.365478515625, 0.0001747608184814453, 2.298828125, 0.0482177734375, 0.0006155967712402344, 0.0521240234375, 9.2265625, 4.40625, 2.49609375, 1.94140625, 0.0009007453918457031, 0.00983428955078125, 6.58984375, 0.02947998046875, 0.11175537109375, 0.314208984375, 0.0007805824279785156, 0.00748443603515625, 1.04296875, 0.020233154296875, 0.38232421875, 0.01922607421875, 0.31591796875, 0.4404296875, 0.6845703125, 0.10595703125, 0.022857666015625, 0.2410888671875, 0.032867431640625, 0.0063323974609375, 0.00228118896484375, 0.00275421142578125, 0.06134033203125, 0.724609375, 0.04425048828125, 0.08697509765625, 0.00818634033203125, 0.124755859375, 0.22265625, 0.98486328125, 0.0007114410400390625, 0.05908203125, 0.054901123046875, 0.1297607421875, 0.01062774658203125, 0.1485595703125, 0.0001653432846069336, 2.318359375, 0.051116943359375, 0.0012331008911132812, 3.056640625, 8.9296875, 6.1328125, 6.453125, 4.46484375, 4.38671875, 7.84375, 4.53125, 2.76953125, 0.00029015541076660156, 0.006229400634765625, 10.03125, 0.3388671875, 3.89453125, 8.34375, 8.296875, 5.35546875, 7.87890625, 6.49609375, 3.041015625, 3.876953125, 4.453125, 4.72265625, 0.9501953125, 0.4716796875, 0.1934814453125, 0.6513671875, 3.6015625, 2.2734375, 0.2471923828125, 0.0430908203125, 0.457275390625, 0.68505859375, 10.171875, 5.37890625, 1.1796875, 3.513671875, 7.33984375, 2.25, 0.0017614364624023438, 1.4560546875, 0.06976318359375, 0.0025482177734375, 2.16015625, 5.2578125, 0.1434326171875, 0.07696533203125, 0.04736328125, 0.34375, 0.47021484375, 0.0002970695495605469, 0.004077911376953125, 1.197265625, 0.006092071533203125, 1.025390625, 0.009063720703125, 0.70361328125, 0.07843017578125, 0.03143310546875, 0.00887298583984375, 0.0233306884765625, 0.006656646728515625, 0.075927734375, 3.466796875, 0.043731689453125, 0.00018393993377685547, 2.234375, 7.164478302001953e-05, 0.0024566650390625, 0.1644287109375, 0.0008120536804199219, 0.90380859375, 0.0022144317626953125, 0.29296875, 0.08929443359375, 0.036773681640625, 0.359619140625, 0.0004858970642089844, 1.55078125, 5.265625, 6.65234375, 0.089599609375, 0.189697265625, 0.035125732421875, 3.060546875, 9.125, 3.419921875, 5.109375, 3.015625, 7.234375, 4.171875, 2.416015625, 8.03125, 1.6162109375, 3.857421875, 1.876953125, 4.625, 1.396484375, 5.41015625, 0.0833740234375, 1.6865234375, 0.0008397102355957031, 0.01064300537109375, 0.002178192138671875, 0.52587890625, 9.2421875, 1.4072265625, 5.3828125, 5.49609375, 1.4892578125, 0.004302978515625, 0.64111328125, 0.015869140625, 0.84228515625, 0.06646728515625, 7.76953125, 4.98046875, 4.3671875, 6.5234375, 4.66015625, 0.2432861328125, 0.006908416748046875, 0.06134033203125, 0.0038776397705078125, 0.470947265625, 0.01751708984375, 3.380859375, 6.3046875, 3.166015625, 8.609375, 5.046875, 2.314453125, 0.1544189453125, 0.0194549560546875, 0.026641845703125, 0.0027637481689453125, 0.463134765625, 0.016937255859375, 6.3828125, 7.2265625, 6.57421875, 1.767578125, 0.05084228515625, 0.226318359375, 0.0026493072509765625, 0.022125244140625, 0.0039043426513671875, 0.38037109375, 0.01189422607421875, 4.37109375, 4.78515625, 2.435546875, 3.6484375, 3.53515625, 3.67578125, 0.96533203125, 0.1546630859375, 0.0023250579833984375, 0.0606689453125, 0.0028514862060546875, 0.4423828125, 0.010467529296875, 9.4921875, 3.7265625, 3.7109375, 0.58935546875, 0.47412109375, 0.059051513671875, 0.0675048828125, 0.0007410049438476562, 0.0207672119140625, 0.007434844970703125, 1.3798828125, 0.0001773834228515625, 7.34765625, 3.7734375, 0.388427734375, 9.0703125, 1.705078125, 4.0703125, 4.66015625, 1.484375, 0.0017375946044921875, 0.01073455810546875, 0.0017652511596679688, 5.69140625, 0.103271484375, 3.54296875, 3.341796875, 3.337890625, 2.3671875, 1.3974609375, 0.10186767578125, 1.19140625, 0.306884765625, 0.0380859375, 2.7890625, 0.705078125, 3.53125, 0.0246429443359375, 1.890625, 0.0106964111328125, 10.0859375, 1.7958984375, 0.2027587890625, 2.16015625, 0.0111541748046875, 6.81640625, 0.88525390625, 0.06817626953125]",-1.3068861433510053
458,1,test,3.2039391559825825,1.4186166590404254,1.879569717283552,5.37342262034747,2.3792046209915654,3.152282844233401,24.629358245389714,18.667856041553268,20.869544431102263,41.30663669854597,31.30842224009382,35.000939987588545,3.483185540491612,1.576215922832489,2.1903635005855078,5.841755121721358,2.643519081342381,3.6735244359595516,32.56328870514855,25.830633371416187,28.920235801556757,54.61286984630295,43.3213313045276,48.50299636673645,3.2165413126100266,1.4683548222018723,2.0335469338939074,5.394558075857174,2.462621988804933,3.4105226604319343,24.941705264907746,19.197529158852316,21.677571628743184,41.830483269396844,32.196752939061724,36.356106677802465,0.6884422110552764,-0.006557788944723697,-0.0015577889447235815,0.5577889447236181,-0.007211055276381884,-0.012211055276381999,0.4623115577889447,-0.002688442211055242,-0.007688442211055246,0.4182305630026809,0.11260053619302945,0.15723349555400057,0.3817204301075269,0.4321608040201005,0.1331658291457286,0.19095477386934667,0.38383838383838387,0.40802675585284276,0.10869565217391297,0.1794871794871794,0.3657718120805369,25.0,1.0,0.0,35.0,1.0,1.0,46.0,1.0,0.0,-0.0007212032620414933,-0.00015899039916100627,-0.00021099470748709334,-0.0002148145082507824,0.00018299502313823268,-8.635947613910844e-05,"[11.0859375, 8.3671875, 5.98828125, 3.8515625, 5.05859375, 8.1796875, 0.332763671875, 10.203125, 0.76904296875, 4.52734375, 4.59375, 1.8994140625, 7.8828125, 7.171875, 0.95654296875, 4.171875, 8.3671875, 1.5830078125, 0.4609375, 2.69921875, 1.6513671875, 8.90625, 7.4921875, 7.671875, 3.154296875, 7.0546875, 0.607421875, 6.828125, 0.004241943359375, 7.31640625, 0.416748046875, 1.2431640625, 8.25, 0.56982421875, 3.716796875, 0.6279296875, 4.953125, 0.005275726318359375, 2.80859375, 0.002239227294921875, 0.80712890625, 0.0006985664367675781, 5.80078125, 3.515625, 2.884765625, 3.025390625, 0.07647705078125, 4.15234375, 7.86328125, 2.185546875, 7.14453125, 0.1529541015625, 2.2109375, 8.109375, 2.259765625, 1.5908203125, 0.400634765625, 5.72265625, 0.2071533203125, 0.0031566619873046875, 6.33203125, 5.93359375, 0.34423828125, 7.7421875, 9.28125, 0.45703125, 5.30078125, 5.80078125, 0.1566162109375, 0.365478515625, 4.6015625, 12.9140625, 8.5078125, 0.509765625, 1.6806640625, 0.034576416015625, 0.0257720947265625, 0.1300048828125, 1.9736328125, 9.6796875, 7.73828125, 5.87890625, 0.037689208984375, 1.431640625, 0.031707763671875, 0.01739501953125, 0.023345947265625, 2.734375, 0.0039043426513671875, 5.41796875, 6.125, 4.23046875, 0.250732421875, 4.296875, 0.05145263671875, 4.57421875, 3.279296875, 4.91796875, 1.4287109375, 2.203125, 0.01319122314453125, 8.1015625, 1.3740234375, 7.69140625, 0.5361328125, 8.4375, 0.1654052734375, 2.677734375, 5.19921875, 3.896484375, 1.90234375, 0.042205810546875, 2.853515625, 8.6328125, 0.08056640625, 0.0237884521484375, 1.3466796875, 1.11328125, 4.11328125, 4.2890625, 0.49951171875, 7.29296875, 0.1903076171875, 5.73046875, 2.333984375, 6.87890625, 0.65966796875, 3.541015625, 2.05859375, 8.40625, 6.078125, 1.8701171875, 0.1033935546875, 0.081787109375, 0.032562255859375, 0.03668212890625, 3.5859375, 1.765625, 4.65625, 4.921875, 1.548828125, 5.24609375, 4.203125, 2.56640625, 5.71875, 7.515625, 6.7734375, 2.57421875, 6.00390625, 0.0096588134765625, 0.5673828125, 3.583984375, 4.73828125, 1.55078125, 2.44140625, 1.5078125, 8.2890625, 0.133544921875, 1.7509765625, 0.41552734375, 1.603515625, 4.6171875, 0.446044921875, 9.2265625, 1.1494140625, 1.623046875, 10.1640625, 4.12109375, 0.927734375, 0.4775390625, 0.03875732421875, 1.892578125, 12.15625, 1.673828125, 0.7734375, 0.0015888214111328125, 0.59765625, 5.44140625, 9.7265625, 1.6259765625, 2.427734375, 5.97265625, 2.955078125, 3.525390625, 2.11328125, 1.4033203125, 7.125, 5.578125, 0.87939453125, 8.8125, 0.0042572021484375, 0.05743408203125, 9.03125, 5.08984375, 3.29296875, 0.208740234375, 0.1458740234375, 1.1923828125, 6.2421875, 2.841796875, 2.89453125, 4.6328125, 0.348388671875, 2.873046875, 2.001953125, 9.359375, 0.395751953125, 5.25, 0.196044921875, 2.36328125, 4.453125, 0.388671875, 0.46875, 1.3896484375, 7.17578125, 1.1376953125, 0.35107421875, 0.2242431640625, 0.157958984375, 5.0546875, 3.166015625, 5.79296875, 1.8115234375, 0.0035076141357421875, 0.016387939453125, 0.493896484375, 1.1552734375, 0.004657745361328125, 9.1328125, 6.50390625, 0.4375, 0.2164306640625, 6.94921875, 0.85595703125, 0.2197265625, 3.1328125, 0.921875, 0.12054443359375, 4.23046875, 0.03692626953125, 0.91162109375, 7.87890625, 0.0921630859375, 4.8984375, 0.61572265625, 2.98046875, 5.68359375, 6.94140625, 7.09375, 3.052734375, 2.830078125, 0.79248046875, 9.0390625, 4.5546875, 5.0546875, 1.3251953125, 2.103515625, 0.41162109375, 5.1953125, 3.201171875, 2.791015625, 2.599609375, 0.5185546875, 1.408203125, 3.193359375, 3.751953125, 2.37109375, 1.611328125, 2.65234375, 1.560546875, 0.50146484375, 1.3642578125, 0.88037109375, 3.125, 1.7783203125, 2.64453125, 4.4453125, 1.076171875, 5.76171875, 4.36328125, 0.22216796875, 8.0390625, 2.9453125, 7.15625, 1.6240234375, 3.880859375, 5.4296875, 7.92578125, 0.04364013671875, 0.00787353515625, 0.12359619140625, 0.01213836669921875, 0.0022983551025390625, 3.330078125, 0.4462890625, 0.1231689453125, 1.11328125, 3.56640625, 1.2958984375, 3.771484375, 0.865234375, 10.4296875, 6.62109375, 0.671875, 1.484375, 7.24609375, 0.307861328125, 2.12890625, 4.12109375, 0.1859130859375, 3.10546875, 3.212890625, 5.90625, 0.8271484375, 1.91796875, 0.079833984375, 0.295166015625, 3.44140625, 1.275390625, 7.75390625, 3.697265625, 0.06976318359375, 3.583984375, 0.1888427734375, 0.06451416015625, 0.6708984375, 1.8359375, 3.216796875, 7.30859375, 4.8515625, 3.529296875, 0.0704345703125, 0.37109375, 10.140625, 0.393310546875, 1.2626953125, 4.4375, 4.99609375, 2.482421875, 3.5703125, 2.931640625, 4.86328125, 2.748046875, 3.6953125, 2.3125, 2.7265625, 4.34375, 0.06585693359375, 0.9326171875, 6.9453125, 1.927734375, 4.6640625, 0.00012433528900146484, 7.30078125, 1.7138671875, 5.996227264404297e-05, 7.3515625, 5.19921875, 4.6484375, 1.287109375, 0.90234375, 0.0142059326171875, 0.0810546875, 10.0078125, 5.5234375, 1.740234375, 5.984375, 2.126953125, 4.98046875, 5.08203125, 4.1328125, 0.5146484375, 5.7421875]",-1.4161131816639019
437,1,test,2.9636472077384544,1.1955612126027095,1.6797055984842992,5.854566876636701,2.361783499742776,3.3181914276806403,19.368483975619828,13.50885670930081,15.757639725672465,38.26166773097905,26.686207732483812,31.12858890592966,3.236265478421695,1.2509625637687871,1.802307764549451,6.39311339909071,2.471226659715027,3.560387117698915,25.43854334602668,18.157290696474462,21.243273288601294,50.252827959635525,35.869003707145865,41.96523925723691,2.996143197534874,1.2280576965040648,1.7299444944086773,5.918761408627174,2.425979007817846,3.4174363631876936,20.008220168434153,14.148595797385173,16.460877769452765,39.52544106893127,27.94998678992654,32.517807618182765,0.6834170854271358,-0.0015829145728643024,0.003417085427135813,0.5628140703517588,-0.0021859296482411583,0.002814070351758735,0.4170854271356784,0.012085427135678395,0.0070854271356783904,0.3769470404984424,0.033245640809484445,0.09197294723419369,0.36875,0.38190954773869346,0.043563683077039284,0.09643375475037963,0.40909090909090906,0.3846153846153846,0.05406446641838958,0.11542739796354917,0.3791946308724832,23.0,0.0,1.0,31.0,1.0,-1.0,39.0,1.0,2.0,-0.0004551757068271689,-0.00011052768297091242,-0.0002468166604883924,0.0042553703523893205,0.0042250248532784695,0.00430560651243983,"[3.056640625, 9.4453125, 2.4296875, 1.0791015625, 2.802734375, 0.35693359375, 0.64501953125, 0.361328125, 0.204345703125, 2.912109375, 5.140625, 0.84326171875, 6.71875, 2.794921875, 2.236328125, 11.4609375, 1.7880859375, 9.296875, 8.046875, 1.8154296875, 2.40625, 1.2119140625, 0.89794921875, 2.888671875, 3.951171875, 3.720703125, 7.4609375, 0.0009675025939941406, 1.9638671875, 3.2265625, 3.53515625, 2.13671875, 2.255859375, 6.51953125, 1.4970703125, 0.6630859375, 2.583984375, 0.92919921875, 4.1953125, 0.03369140625, 0.5400390625, 0.401123046875, 5.0625, 9.7109375, 4.52734375, 3.916015625, 5.8125, 1.755859375, 0.99072265625, 2.576171875, 0.1181640625, 2.814453125, 2.67578125, 0.51171875, 0.0155029296875, 2.51171875, 7.76953125, 3.095703125, 2.67578125, 6.3828125, 4.20703125, 10.34375, 1.2080078125, 2.18359375, 9.2421875, 2.888671875, 0.7412109375, 4.31640625, 6.9140625, 0.443359375, 0.00971221923828125, 2.619140625, 0.006130218505859375, 0.332275390625, 0.0006780624389648438, 0.002155303955078125, 0.0029850006103515625, 1.2294921875, 8.8125, 2.509765625, 7.859375, 1.7666015625, 5.7890625, 4.0859375, 0.0226593017578125, 0.79736328125, 0.003513336181640625, 6.2109375, 1.228515625, 0.5009765625, 4.61328125, 1.408203125, 0.0171051025390625, 0.457275390625, 0.1800537109375, 0.4326171875, 0.004131317138671875, 0.0040130615234375, 0.0002143383026123047, 5.20703125, 8.375, 0.26611328125, 4.625, 1.6845703125, 0.059417724609375, 0.003322601318359375, 3.0390625, 14.140625, 3.23828125, 3.798828125, 11.3203125, 7.42578125, 3.525390625, 7.8828125, 7.2109375, 2.05078125, 5.015625, 6.97265625, 0.380615234375, 0.0182952880859375, 3.544921875, 6.375, 0.35009765625, 3.2890625, 0.564453125, 9.4140625, 6.40234375, 6.2890625, 1.1591796875, 8.25, 2.208984375, 1.205078125, 1.0810546875, 2.125, 2.568359375, 2.810546875, 0.29638671875, 1.955078125, 11.5234375, 2.701171875, 2.365234375, 0.11529541015625, 7.44921875, 2.8359375, 4.68359375, 0.92333984375, 2.89453125, 4.4453125, 3.599609375, 3.166015625, 4.0859375, 0.0202789306640625, 2.845703125, 0.86474609375, 4.34375, 7.0390625, 0.11407470703125, 0.40087890625, 2.947265625, 0.13037109375, 6.70703125, 0.3662109375, 1.37109375, 8.140625, 0.05902099609375, 4.69921875, 0.278076171875, 0.017578125, 1.3955078125, 4.96875, 3.736328125, 0.84033203125, 2.908203125, 0.0950927734375, 3.548828125, 8.4765625, 0.01947021484375, 1.537799835205078e-05, 1.447265625, 4.296875, 0.1990966796875, 8.09375, 6.50390625, 4.125, 5.1953125, 0.59375, 0.9423828125, 1.9619140625, 7.4375, 6.19140625, 0.79833984375, 8.8046875, 9.78125, 3.8828125, 0.8681640625, 6.8125, 1.8662109375, 0.09295654296875, 1.9296875, 7.34765625, 10.9921875, 1.865234375, 2.578125, 0.18701171875, 2.830078125, 3.279296875, 4.62890625, 10.84375, 0.010589599609375, 0.0020732879638671875, 0.000885009765625, 2.19140625, 0.02972412109375, 0.1439208984375, 0.07659912109375, 0.41748046875, 1.0703125, 4.4765625, 0.0655517578125, 4.91796875, 2.251953125, 4.0703125, 3.73046875, 6.03125, 2.17578125, 6.5859375, 3.14453125, 1.7080078125, 2.330078125, 5.390625, 2.73046875, 3.427734375, 9.1875, 6.046875, 4.6953125, 0.84228515625, 0.1741943359375, 0.0174407958984375, 0.10247802734375, 2.876953125, 5.953125, 2.138671875, 5.4921875, 0.75390625, 1.6982421875, 7.88671875, 2.623046875, 2.025390625, 0.87744140625, 3.271484375, 4.640625, 2.130859375, 2.58203125, 6.12109375, 2.62890625, 5.8359375, 1.0810546875, 0.43505859375, 1.138671875, 0.1575927734375, 2.361328125, 5.4140625, 0.85498046875, 0.08587646484375, 0.409423828125, 1.7958984375, 6.01171875, 2.857421875, 0.361572265625, 6.12890625, 0.113037109375, 0.0303497314453125, 0.064208984375, 0.05499267578125, 0.1016845703125, 0.01203155517578125, 0.2509765625, 1.6748046875, 3.474609375, 0.7822265625, 2.634765625, 2.44140625, 4.16015625, 1.3935546875, 1.537109375, 3.619140625, 10.4296875, 0.0054473876953125, 0.042236328125, 0.020233154296875, 1.60546875, 2.923828125, 3.5625, 1.1474609375, 0.0192413330078125, 0.0298309326171875, 0.014404296875, 0.0098419189453125, 5.84765625, 0.380859375, 3.287109375, 2.4140625, 0.82080078125, 8.03125, 0.278564453125, 1.158203125, 8.8046875, 2.490234375, 1.2587890625, 0.0013446807861328125, 2.13671875, 1.826171875, 0.146484375, 0.151123046875, 0.2283935546875, 0.51806640625, 5.23828125, 3.27734375, 0.9609375, 3.63671875, 7.203125]",-1.0088633685097146
10,1,test,3.5856694110508625,1.579281828306402,2.1843719887369533,5.99672298055058,2.6412127128572584,3.653173843232491,36.07750031469562,28.64109494583199,32.017035626381556,60.33650914699095,47.89976223699488,53.54573199584501,3.4996147455282545,1.4285170500891717,2.0375137093275164,5.852803970969667,2.38907161825258,3.407566031116708,33.102696539940176,25.169169603701775,28.78768052407448,55.361406282313744,42.0932664061909,48.14491397991767,3.5856694110508625,1.579281828306402,2.1843719887369533,5.99672298055058,2.6412127128572584,3.653173843232491,36.07750031469562,28.64109494583199,32.017035626381556,60.33650914699095,47.89976223699488,53.54573199584501,0.6582914572864322,-0.0067085427135678,-0.01670854271356781,0.5527638190954773,-0.0022361809045226,0.0027638190954772934,0.457286432160804,0.0022864321608040417,-0.007713567839195967,0.4241379310344827,0.11088491898628994,0.17643150901613414,0.4290657439446367,0.4120603015075377,0.10128335915164799,0.16498183740069294,0.41414141414141414,0.4241379310344827,0.11088491898628994,0.17643150901613414,0.4290657439446367,26.0,11.0,11.0,39.0,12.0,12.0,45.0,10.0,11.0,6.808480758029931e-05,7.179399103562296e-05,-2.5909080071582494e-05,0.00032191322581809345,-0.00013850755599076336,8.764760639934366e-06,"[3.0625, 9.453125, 2.48046875, 1.494140625, 0.81689453125, 4.97265625, 0.82958984375, 5.05859375, 0.060943603515625, 11.015625, 0.06536865234375, 5.94921875, 1.0302734375, 0.98583984375, 7.92578125, 0.326904296875, 0.990234375, 4.96484375, 4.12890625, 3.5546875, 2.369140625, 2.962890625, 1.1357421875, 2.287109375, 0.69091796875, 12.7890625, 5.7734375, 1.3994140625, 3.162109375, 2.494140625, 5.55859375, 5.70703125, 1.7255859375, 4.2265625, 5.890625, 5.8984375, 0.69140625, 1.7041015625, 7.39453125, 0.360107421875, 0.95458984375, 8.0546875, 5.0234375, 2.384765625, 2.794921875, 9.796875, 1.4443359375, 0.380859375, 0.73193359375, 1.0224609375, 5.27734375, 6.140625, 11.203125, 0.00421905517578125, 8.171875, 3.767578125, 6.578125, 3.0078125, 11.4921875, 0.51904296875, 0.480712890625, 2.466796875, 0.90380859375, 7.1171875, 0.03607177734375, 9.2265625, 0.83984375, 0.28369140625, 3.2734375, 2.73828125, 1.3203125, 6.18359375, 3.130859375, 3.576171875, 2.5234375, 0.004085540771484375, 1.3505859375, 0.00440216064453125, 1.6376953125, 0.0005512237548828125, 2.162109375, 12.25, 12.1796875, 1.46484375, 0.350830078125, 9.0390625, 1.193359375, 0.0614013671875, 0.039154052734375, 2.2109375, 6.1796875, 1.23828125, 0.0015716552734375, 0.1416015625, 7.23046875, 4.50390625, 8.53125, 4.76953125, 11.21875, 8.1015625, 5.1484375, 8.8671875, 1.6123046875, 1.6494140625, 1.9296875, 10.59375, 5.8046875, 1.068359375, 3.345703125, 5.00390625, 0.043243408203125, 0.2447509765625, 0.00018203258514404297, 0.01885986328125, 0.026336669921875, 0.68017578125, 2.9296875, 0.2406005859375, 4.984375, 0.049652099609375, 4.34765625, 6.11328125, 4.03515625, 9.609375, 3.326171875, 1.4833984375, 0.00261688232421875, 0.5068359375, 0.00135040283203125, 1.0625, 5.71484375, 0.701171875, 7.51953125, 9.1484375, 10.2421875, 7.69140625, 4.3046875, 0.2484130859375, 9.5703125, 0.1558837890625, 2.12890625, 7.62109375, 4.25, 0.00136566162109375, 0.0032596588134765625, 0.006298065185546875, 0.0006318092346191406, 0.7958984375, 5.3828125, 0.283447265625, 0.560546875, 0.0032806396484375, 0.00045609474182128906, 3.92578125, 1.4755859375, 0.273681640625, 2.54296875, 4.76171875, 0.95166015625, 3.01171875, 0.10693359375, 0.82080078125, 5.8359375, 0.72900390625, 6.33203125, 6.23046875, 2.064453125, 8.109375, 3.98046875, 3.7265625, 2.251953125, 9.1171875, 0.837890625, 10.125, 10.09375, 1.13671875, 1.1611328125, 4.08984375, 0.311767578125, 0.68505859375, 4.06640625, 0.1572265625, 0.002498626708984375, 6.6640625, 4.56640625, 10.890625, 0.92578125, 7.4765625, 2.576171875, 3.48046875, 4.06640625, 9.328125, 3.2109375, 5.25, 0.9375, 7.86328125, 1.125, 2.62109375, 0.405517578125, 5.98828125, 0.2017822265625, 2.376953125, 4.93359375, 7.05859375, 8.390625, 0.0160064697265625, 1.85546875, 5.1171875, 4.12109375, 6.953125, 0.0135498046875, 7.1484375, 3.80859375, 6.94921875, 4.859375, 9.53125, 0.03485107421875, 0.9013671875, 4.04296875, 2.94921875, 0.6943359375, 7.56640625, 2.732421875, 1.943359375, 11.109375, 0.0027446746826171875, 0.3564453125, 2.0390625, 5.96484375, 1.4755859375, 0.000263214111328125, 0.07318115234375, 9.109375, 6.12890625, 1.64453125, 0.0277862548828125, 0.80126953125, 9.796875, 0.10528564453125, 5.9375, 4.88671875, 2.0, 2.470703125, 0.141357421875, 1.15234375, 2.1171875, 2.09375, 2.634765625, 0.44384765625, 2.6015625, 2.8515625, 8.25, 4.66015625, 0.1351318359375, 0.7685546875, 4.3828125, 0.055511474609375, 4.03515625, 2.15234375, 4.79296875, 4.91015625, 1.236328125, 5.8359375, 0.82666015625, 7.16015625, 5.3046875, 3.080078125, 6.3984375, 3.943359375, 5.90234375, 3.02734375, 1.0556640625, 7.26953125, 0.2108154296875, 4.70703125, 9.3515625, 0.0732421875, 7.58984375, 2.474609375, 0.50341796875, 0.2010498046875, 9.5703125, 1.3115234375, 6.76171875, 4.625, 8.359375, 1.0947265625, 7.0546875, 2.36328125, 6.78125]",-1.1716409794215497
360,1,test,3.4223441128668033,1.5334138281443137,2.1228671949603486,5.735247002331731,2.569731964747339,3.5575521673786064,30.641157233201856,24.02886560607317,26.973779407065788,51.349192066629485,40.26815390028745,45.20331164370915,3.0865837167854884,1.2579304302125038,1.774250091359809,5.172571613294362,2.10807022645502,2.9733311970590206,21.902126154392253,15.676629104265949,18.18729352156617,36.70411251148152,26.271274048357768,30.478706176250995,3.395243366426449,1.5078322212098143,2.095777826703179,5.689830916264104,2.5268616893900737,3.5121551491454372,29.821910243601195,23.219655983896477,26.154574145324446,49.97627815548552,38.9120608521342,43.830467661120636,0.6482412060301508,-0.0017587939698492372,-0.011758793969849135,0.5326633165829145,-0.0023366834170853723,0.01266331658291453,0.4170854271356784,-0.0029145728643216184,0.002085427135678386,0.42434210526315785,0.1287756028001037,0.18583007025221698,0.429042904290429,0.40201005025125625,0.09875190488784769,0.1432454425717905,0.3737373737373737,0.4147157190635451,0.11755378250261017,0.17444875577099783,0.41946308724832215,23.0,0.0,0.0,34.0,0.0,0.0,42.0,-1.0,1.0,0.001148998093636367,-2.471800325617928e-05,0.00019506442206561217,-0.00048729044062767457,-8.427820529455232e-05,5.782855820246624e-05,"[3.0625, 6.44921875, 0.0345458984375, 0.00528717041015625, 0.01554107666015625, 9.6484375, 5.4765625, 10.2578125, 7.4140625, 3.66796875, 0.60791015625, 0.15283203125, 5.89453125, 10.0, 4.09765625, 0.92626953125, 8.390625, 5.09375, 5.6640625, 0.2369384765625, 12.109375, 4.0625, 0.74267578125, 0.8291015625, 0.0028095245361328125, 8.5078125, 0.20947265625, 3.4453125, 0.27734375, 1.5048828125, 6.07421875, 8.4453125, 2.0625, 2.17578125, 1.7666015625, 10.5625, 4.6640625, 3.587890625, 3.251953125, 8.6171875, 6.4921875, 0.051849365234375, 0.0156402587890625, 0.0032978057861328125, 0.0004127025604248047, 0.270751953125, 1.380859375, 2.833984375, 0.1590576171875, 0.26220703125, 0.00806427001953125, 0.00012600421905517578, 0.03497314453125, 0.0007224082946777344, 5.3763389587402344e-05, 3.537109375, 0.1505126953125, 0.194580078125, 7.60546875, 3.130859375, 2.16796875, 0.002285003662109375, 0.0015478134155273438, 2.123046875, 0.02655029296875, 0.0034236907958984375, 1.251953125, 2.697265625, 9.90625, 0.029449462890625, 3.59765625, 3.978515625, 3.6953125, 0.66650390625, 0.69580078125, 3.9609375, 0.11578369140625, 1.521484375, 2.646484375, 1.365234375, 6.87890625, 2.79296875, 7.63671875, 2.390625, 0.74560546875, 2.19921875, 1.8427734375, 6.6171875, 12.0390625, 0.2225341796875, 1.24609375, 0.004241943359375, 2.0703125, 2.578125, 6.9453125, 2.3046875, 0.1881103515625, 6.30078125, 5.30859375, 5.25, 5.234375, 0.42724609375, 0.343994140625, 1.7802734375, 0.3857421875, 0.0078887939453125, 4.14453125, 0.031829833984375, 0.1275634765625, 8.1640625, 0.03765869140625, 0.002895355224609375, 1.0341796875, 1.2724609375, 3.3828125, 8.375, 0.873046875, 7.54296875, 3.744140625, 9.6953125, 3.73828125, 1.00390625, 8.7265625, 1.1103515625, 1.576171875, 0.457763671875, 5.0859375, 1.216796875, 1.5166015625, 1.8037109375, 5.04296875, 0.06317138671875, 4.4140625, 3.185546875, 7.765625, 5.859375, 1.0791015625, 1.0234375, 0.12384033203125, 2.78125, 7.09765625, 3.484375, 4.43359375, 0.80029296875, 0.0188140869140625, 4.984375, 0.5947265625, 7.91015625, 2.802734375, 3.58203125, 0.2607421875, 2.408203125, 0.3701171875, 4.5, 1.501953125, 0.73681640625, 0.401123046875, 1.3955078125, 8.0625, 3.984375, 0.491943359375, 0.85400390625, 0.35107421875, 3.1875, 2.291015625, 7.421875, 0.184814453125, 2.65625, 4.8515625, 3.748046875, 2.91796875, 3.744140625, 0.31787109375, 0.0032520294189453125, 0.7724609375, 1.9345703125, 0.07122802734375, 2.828125, 4.953125, 0.91552734375, 2.947265625, 0.2998046875, 7.5703125, 6.33984375, 2.58203125, 1.7216796875, 4.77734375, 9.5390625, 5.53125, 2.69140625, 8.7578125, 2.18359375, 4.41796875, 0.44384765625, 6.55078125, 2.177734375, 5.79296875, 0.480224609375, 2.44140625, 1.1640625, 5.31640625, 6.546875, 9.7890625, 0.36572265625, 2.853515625, 5.59375, 4.0, 0.364990234375, 1.1083984375, 12.0859375, 6.45703125, 1.701171875, 3.18359375, 0.006805419921875, 0.6376953125, 1.421875, 4.48046875, 0.0139312744140625, 5.9375, 8.5390625, 2.70703125, 1.0537109375, 5.29296875, 3.37890625, 0.1646728515625, 4.39453125, 1.2314453125, 0.014556884765625, 0.1683349609375, 5.22265625, 3.033203125, 8.7578125, 3.5078125, 2.673828125, 3.939453125, 0.07659912109375, 10.90625, 1.0556640625, 1.6630859375, 8.4609375, 9.1015625, 2.6796875, 5.01171875, 5.67578125, 1.068359375, 0.185791015625, 7.7734375, 8.703125, 0.00384521484375, 10.15625, 0.007564544677734375, 0.258056640625, 3.904296875, 6.98828125, 2.8203125, 0.453369140625, 5.09375, 7.3359375, 2.74609375, 1.5390625, 3.138671875, 6.734375, 12.6171875, 11.7578125, 5.51171875, 2.763671875, 7.49609375, 13.546875, 4.96484375, 0.026092529296875, 0.410400390625, 0.494873046875, 0.4248046875, 0.033782958984375, 3.70703125, 0.07159423828125, 1.20703125, 2.015625, 1.6806640625, 4.19140625, 5.0546875, 9.9453125, 0.55908203125, 5.17578125, 10.9453125, 9.7890625, 3.587890625, 8.1640625, 6.33984375, 2.537109375, 6.66796875, 1.01953125, 10.4375, 0.40576171875, 1.392578125, 5.62109375, 5.33984375, 0.3056640625, 0.91845703125, 5.140625, 5.55078125, 6.64453125, 4.1171875, 3.76171875]",-1.217154597765521
48,1,test,2.6999591051207648,1.1245871977521482,1.2870642192101935,5.411918028486511,2.2541725608276395,2.5798487238390995,14.879123232483089,10.0465846918455,10.771293325449399,29.82437590155499,20.137820871210312,21.590459065678573,2.5089972438524715,0.956475173725448,1.3612686090563926,5.02914558656651,1.9172013482230095,2.7285873008197026,12.292597400605988,7.569229562759509,9.14156975984677,24.63982856743689,15.172100145797948,18.32376871862619,2.6769046508348904,1.1385243649015502,1.5720557952402512,5.365706655673491,2.2821088380915513,3.151098505126014,14.540017138737278,9.88297605481361,11.5212489743329,29.144656575868943,19.809876447648616,23.093703499662837,0.5527638190954773,-0.0022361809045226,-0.0022361809045226,0.4321608040201005,-0.002839195979899567,0.0021608040201004375,0.33668341708542715,-0.013316582914572828,0.00668341708542719,0.4066666666666666,0.11032926378098407,0.11634408602150537,0.4298440979955457,0.37688442211055273,0.08866387073210658,0.13147540708551098,0.40909090909090906,0.40802675585284276,0.11086481929190783,0.1699844866648561,0.4429530201342282,14.0,0.0,1.0,24.0,1.0,0.0,27.0,0.0,-2.0,-0.00018483024896466218,0.000660725192589152,3.097788116184489e-05,0.0033093919669182625,0.002139443514669992,0.0028959409122899515,"[3.068359375, 6.421875, 0.03375244140625, 0.004650115966796875, 0.01220703125, 0.64208984375, 3.8984375, 0.1280517578125, 1.39453125, 2.53125, 0.19384765625, 0.036529541015625, 9.34375, 0.330078125, 3.603515625, 0.024871826171875, 1.6142578125, 0.005359649658203125, 0.8447265625, 0.35400390625, 2.888671875, 0.01153564453125, 0.05010986328125, 1.599609375, 0.1220703125, 0.00850677490234375, 4.98828125, 4.37890625, 3.20703125, 0.75927734375, 0.00948333740234375, 0.062469482421875, 0.003002166748046875, 1.5048828125, 0.08831787109375, 2.783203125, 0.03228759765625, 0.055328369140625, 4.70703125, 9.1484375, 3.8515625, 0.0017757415771484375, 0.396484375, 0.08258056640625, 2.515625, 0.04168701171875, 0.0236968994140625, 6.20703125, 3.955078125, 7.08203125, 0.0709228515625, 0.0022678375244140625, 0.3916015625, 0.06744384765625, 3.349609375, 0.01561737060546875, 0.0169677734375, 9.5703125, 5.0546875, 0.1776123046875, 0.0020427703857421875, 0.39111328125, 0.05828857421875, 2.55859375, 4.02734375, 1.5400390625, 0.026092529296875, 0.058563232421875, 8.8984375, 4.4140625, 0.239990234375, 0.0007047653198242188, 3.388671875, 0.005908966064453125, 0.044647216796875, 0.63330078125, 2.576171875, 1.5859375, 0.1065673828125, 0.71240234375, 0.0008072853088378906, 0.050537109375, 0.000247955322265625, 0.3603515625, 7.328125, 5.8046875, 9.6328125, 0.035614013671875, 11.265625, 3.689453125, 6.3671875, 0.7744140625, 0.0200653076171875, 3.4765625, 7.02734375, 1.654296875, 2.193359375, 5.39453125, 7.4609375, 0.00376129150390625, 0.0054168701171875, 0.0022411346435546875, 0.00016951560974121094, 1.6220703125, 0.364013671875, 0.00035834312438964844, 0.0005202293395996094, 1.7642974853515625e-05, 1.115234375, 4.8828125, 0.410888671875, 2.376953125, 3.140625, 0.00994873046875, 1.146484375, 0.5126953125, 0.94384765625, 3.984375, 0.0155029296875, 0.09613037109375, 4.6015625, 7.08984375, 7.109375, 3.1015625, 0.491455078125, 2.826171875, 1.5166015625, 2.03515625, 1.8330078125, 2.40234375, 0.8251953125, 1.2587890625, 7.5546875, 0.199462890625, 0.434326171875, 2.03515625, 1.0263671875, 0.2135009765625, 0.06158447265625, 2.236328125, 1.4501953125, 16.328125, 0.3486328125, 0.8427734375, 2.298828125, 6.1953125, 0.396240234375, 6.2734375, 0.0657958984375, 4.81640625, 3.90234375, 5.91796875, 6.62890625, 2.72265625, 2.7734375, 1.5732421875, 7.08984375, 4.1640625, 1.037109375, 4.171875, 0.09832763671875, 1.6328125, 5.3359375, 1.4423828125, 2.126953125, 10.6015625, 1.6162109375, 0.6142578125, 7.41796875, 0.7275390625, 0.0035572052001953125, 0.0010356903076171875, 1.3916015625, 0.061676025390625, 7.9296875, 2.046875, 4.171875, 5.94140625, 2.48828125, 0.0999755859375, 5.17578125, 1.095703125, 0.0032901763916015625, 4.5078125, 7.35546875, 3.783203125, 5.28515625, 0.253662109375, 0.0016584396362304688, 10.1640625, 0.00457763671875, 2.130859375, 9.4921875, 1.701171875, 7.5234375, 1.0869140625, 2.6484375, 6.3359375, 5.390625, 1.9052734375, 0.50830078125, 3.3359375, 5.265625, 8.359375, 0.363525390625, 1.7099609375, 0.019775390625, 0.149658203125, 3.22265625, 0.3857421875, 6.20703125, 4.80859375, 0.1475830078125, 2.90625, 2.732421875, 2.140625, 0.0002830028533935547, 5.1875, 0.59326171875, 0.10894775390625, 4.35546875, 6.37109375, 5.75, 5.32421875, 7.11328125, 0.1781005859375, 0.9140625, 1.2744140625, 1.8896484375, 0.053466796875, 0.05633544921875, 3.59765625, 4.75, 1.6337890625, 1.3662109375, 0.32568359375, 4.6328125, 4.15625, 0.0237884521484375, 5.7421875, 4.1640625, 1.4423828125, 0.1456298828125, 7.89453125, 2.533203125, 3.328125, 2.466796875, 1.59765625, 8.3828125, 3.23046875, 7.41015625, 0.54248046875, 0.00223541259765625, 7.42578125, 2.068359375, 4.36328125, 0.50048828125, 0.0015192031860351562, 9.96875, 3.728515625, 4.01171875, 8.7421875, 0.55712890625, 3.12109375, 0.5498046875, 0.001918792724609375, 6.9765625, 5.9375, 2.25, 0.47119140625, 0.0024318695068359375, 7.34765625, 3.927734375, 3.755859375, 0.57763671875, 0.0011720657348632812, 8.1171875, 8.140625, 2.7734375, 0.465576171875, 0.0012388229370117188, 5.55859375, 3.806640625, 3.916015625, 0.238525390625, 0.0009794235229492188, 3.75, 4.22265625, 10.2890625, 5.015625, 3.271484375, 0.209228515625, 0.0004496574401855469, 5.0234375, 4.07421875, 2.390625, 0.479248046875, 0.00044226646423339844, 4.984375, 8.21875, 3.466796875, 0.283935546875, 0.0012578964233398438, 7.96484375, 1.591796875, 1.4326171875, 0.5302734375, 0.0007991790771484375, 8.1875, 0.01273345947265625, 3.482421875, 4.9921875, 13.9609375, 0.15478515625, 0.7265625, 1.4052734375, 8.5390625, 2.658203125, 6.390625, 1.1640625, 0.96630859375, 3.990234375, 0.427001953125, 0.035980224609375, 0.0180511474609375, 1.8359375, 3.01171875, 5.80859375, 3.919921875, 0.2381591796875, 0.1549072265625, 0.0236358642578125, 2.134765625, 9.6484375, 0.1953125, 8.78125, 4.453125, 3.607421875, 4.65625, 0.41748046875, 0.0062408447265625, 0.035552978515625, 0.099609375, 4.20703125, 0.63427734375, 2.51171875, 0.1025390625, 5.83203125, 5.77734375, 0.01611328125, 1.1337890625, 4.4921875, 0.035614013671875, 2.263671875, 2.90234375, 8.125, 3.40234375, 0.6240234375, 6.580352783203125e-05, 9.03125, 7.4296875, 4.13671875, 2.615234375, 0.58349609375, 0.00012028217315673828, 6.27734375, 0.07635498046875, 0.11962890625, 3.345703125, 1.572265625, 7.30859375, 1.015625, 6.1015625, 2.896484375, 6.16796875, 0.01593017578125, 0.8857421875, 4.98046875, 0.0017070770263671875, 2.171875, 6.72265625, 0.0287628173828125, 0.1651611328125, 6.1484375, 0.1890869140625, 7.5625, 4.75, 9.4609375, 3.08984375, 3.939453125, 2.931640625, 4.28515625, 0.1473388671875, 0.372314453125, 0.05621337890625, 0.304443359375, 3.20703125, 0.0239105224609375, 6.06640625, 0.020477294921875, 2.33203125, 8.0, 7.390625, 0.026947021484375, 0.0054168701171875, 0.175537109375, 4.140625, 8.296875, 1.6982421875, 1.7763671875, 3.6875, 6.43359375, 0.10150146484375, 2.173828125, 4.97265625, 1.009765625, 0.5185546875, 3.3046875, 1.1845703125, 2.314453125, 6.2421875, 0.0161895751953125, 0.0312347412109375, 0.289306640625, 0.02655029296875, 0.001819610595703125, 0.69189453125, 0.472900390625, 0.00025153160095214844, 1.8828125, 0.310302734375, 0.00032782554626464844, 0.0289459228515625, 1.4970703125, 5.98828125, 4.34765625, 0.16552734375, 1.9052734375, 1.3505859375, 0.00040793418884277344, 0.380615234375, 5.34765625, 3.13671875, 11.0, 3.546875, 0.01025390625, 0.005035400390625, 0.0865478515625, 5.57421875, 1.7294921875]",-1.4429017843140497
301,1,test,3.207645812372523,1.38146775583184,1.8059024878680696,5.042472017803719,2.171690052377625,2.838908437718529,24.720820217843823,18.510713649632653,20.658544555702015,38.86153630953226,29.099146560327874,32.47557209991017,3.347298250725521,1.47802354246286,2.0639778994098616,5.262007949700202,2.3234773383572533,3.244607232817149,28.42583033733006,21.94223813964566,24.81722865635863,44.68587320518552,34.493559544628155,39.01309196184772,3.3813028766160027,1.577344493269165,2.150424916264532,5.315463781346967,2.479611507937535,3.3805033663088526,29.409062543254656,23.33542079711185,25.98482798412641,46.23153041779127,36.68366561521287,40.8485773248407,0.6783919597989949,0.008391959798994986,0.013391959798994879,0.5628140703517588,0.012814070351758744,0.012814070351758744,0.4773869346733668,-0.007613065326633195,0.007386934673366818,0.43044619422572183,0.12769390064774022,0.17335919520323895,0.3868421052631579,0.4321608040201005,0.13140892432085238,0.19176013624046773,0.3787878787878788,0.4347826086956522,0.1459679175437324,0.2134255452918702,0.40604026845637586,22.0,0.0,0.0,33.0,2.0,1.0,43.0,1.0,1.0,-0.0006734232772005568,-0.00017433511985260643,-8.311698549268353e-05,0.0044923059457619985,0.0037103120021573233,0.004121598592130127,"[3.056640625, 9.4453125, 2.4296875, 1.0791015625, 0.80224609375, 4.9921875, 1.150390625, 3.958984375, 0.04254150390625, 3.6328125, 5.19140625, 4.3515625, 0.5234375, 10.609375, 0.0692138671875, 2.505859375, 1.2802734375, 5.03515625, 6.5546875, 5.0859375, 0.42041015625, 3.712890625, 10.703125, 11.71875, 5.56640625, 6.85546875, 1.3994140625, 0.8154296875, 6.47265625, 2.55078125, 9.0859375, 11.1875, 7.57421875, 2.544921875, 4.44140625, 10.5390625, 2.830078125, 5.16796875, 4.24609375, 3.47265625, 5.609375, 4.16796875, 0.000499725341796875, 0.259765625, 4.3828125, 8.5, 0.98583984375, 0.046630859375, 3.587890625, 1.43359375, 4.8515625, 4.8515625, 1.5107421875, 4.1015625, 1.5205078125, 4.94921875, 0.31005859375, 1.474609375, 3.232421875, 1.5234375, 2.087890625, 3.3203125, 6.33203125, 6.48828125, 0.30126953125, 3.4375, 1.046875, 0.33984375, 0.9013671875, 3.9921875, 0.09954833984375, 3.064453125, 10.703125, 8.359375, 5.5234375, 4.68359375, 1.2529296875, 0.421875, 5.3515625, 3.767578125, 1.9140625, 2.1015625, 5.328125, 6.58203125, 1.1689453125, 5.1484375, 2.33984375, 8.125, 13.71875, 0.51904296875, 0.59326171875, 4.92578125, 0.51953125, 0.9072265625, 0.142822265625, 0.053985595703125, 10.2890625, 1.8173828125, 1.3271484375, 3.427734375, 3.7265625, 8.4375, 6.5234375, 3.62109375, 0.2335205078125, 1.607421875, 2.091796875, 2.67578125, 0.02655029296875, 6.46875, 3.330078125, 1.5068359375, 8.5703125, 10.375, 0.32568359375, 0.0843505859375, 4.08984375, 1.876953125, 3.6875, 0.018035888671875, 0.94091796875, 0.342529296875, 2.75, 0.00948333740234375, 0.0672607421875, 0.00041222572326660156, 0.005931854248046875, 0.004184722900390625, 1.720703125, 0.0024318695068359375, 0.003414154052734375, 4.54296875, 6.37109375, 0.66064453125, 8.9765625, 9.7890625, 0.0740966796875, 0.7294921875, 6.171875, 0.814453125, 0.06793212890625, 5.234375, 8.1328125, 5.6796875, 0.0823974609375, 0.37255859375, 0.7294921875, 1.4208984375, 1.4892578125, 5.18359375, 9.1015625, 2.79296875, 0.06585693359375, 1.4140625, 0.201171875, 0.66650390625, 3.15625, 0.88671875, 0.00673675537109375, 0.0011959075927734375, 6.94140625, 1.2998046875, 0.0015134811401367188, 0.0296478271484375, 1.66796875, 0.07867431640625, 0.0330810546875, 6.78125, 0.1552734375, 0.02191162109375, 0.12445068359375, 0.9072265625, 0.03167724609375, 1.4423828125, 0.377685546875, 4.0234375, 3.232421875, 2.630859375, 0.49560546875, 0.015625, 9.2265625, 3.306640625, 3.859375, 8.5, 7.67578125, 2.291015625, 3.3671875, 3.40234375, 6.06640625, 0.65283203125, 9.1640625, 4.09765625, 9.53125, 0.2178955078125, 3.603515625, 6.8125, 3.041015625, 6.01171875, 4.95703125, 0.27978515625, 0.053619384765625, 0.362060546875, 0.0002472400665283203, 0.01114654541015625, 1.6220703125, 0.014007568359375, 0.003597259521484375, 9.1015625, 5.40625, 5.55078125, 11.7734375, 2.03515625, 0.2037353515625, 15.1484375, 2.26171875, 4.73828125, 6.21484375, 2.36328125, 0.6669921875, 4.66015625, 6.86328125, 8.34375, 3.80078125, 0.391357421875, 11.859375, 3.94140625, 9.953125, 6.76171875, 0.2919921875, 5.54296875, 4.03515625, 9.0703125, 5.23046875, 6.90234375, 0.159423828125, 0.057037353515625, 0.20556640625, 0.0004608631134033203, 0.10968017578125, 0.19189453125, 0.0212860107421875, 0.0004687309265136719, 5.73046875, 3.064453125, 6.40625, 5.39453125, 3.775390625, 0.62158203125, 0.235107421875, 0.06842041015625, 4.328125, 1.310546875, 0.405517578125, 0.4638671875, 0.73291015625, 1.8779296875, 7.63671875, 3.6796875, 0.78759765625, 1.3466796875, 4.8828125, 2.517578125, 11.109375, 4.8203125, 0.35791015625, 7.93359375, 4.68359375, 5.640625, 0.382568359375, 0.03607177734375, 0.54345703125, 0.0307464599609375, 0.07086181640625, 0.00042700767517089844, 3.103515625, 0.0003173351287841797, 0.7763671875, 5.6171875, 5.18359375, 9.59375, 4.8203125, 9.171875, 3.12890625, 0.580078125, 0.728515625, 3.28125, 2.51953125, 0.07562255859375, 2.150390625, 5.3984375, 3.646484375, 4.62890625, 5.09375, 1.5498046875, 11.625, 0.1422119140625, 12.1171875, 5.0234375, 3.169921875, 0.0238800048828125, 0.0012598037719726562, 0.0015850067138671875, 0.00048661231994628906, 7.359375, 0.056854248046875, 0.00202178955078125, 2.310546875, 7.58984375, 6.71875, 3.9453125, 0.4580078125, 3.072265625, 1.81640625, 5.51953125, 2.154296875, 0.02288818359375, 0.130859375, 0.371337890625, 0.006320953369140625, 0.0004534721374511719, 0.00027823448181152344, 4.11328125, 0.74853515625, 1.650390625, 0.222412109375, 6.15234375, 2.083984375, 1.75390625, 0.00899505615234375, 0.0121307373046875, 0.2232666015625, 8.8671875, 5.28515625, 3.595703125, 1.455078125, 0.8515625, 4.2734375, 3.951171875, 1.87109375, 0.197998046875, 0.209228515625, 0.0147552490234375, 5.02734375, 3.490234375, 1.068359375, 6.91796875, 6.296875, 1.5498046875, 0.3837890625, 0.4462890625, 2.845703125, 5.109375, 0.373291015625, 1.3408203125, 2.59375, 5.18359375, 6.14453125, 2.876953125, 5.0, 0.36328125, 0.429443359375, 6.796875, 8.6015625, 9.1484375, 0.1492919921875, 5.78125, 0.3515625, 2.201171875, 2.8984375, 2.4609375, 1.4072265625, 0.08477783203125, 0.8291015625, 1.1083984375, 1.3583984375, 0.43212890625, 4.91015625, 0.14013671875, 2.095703125, 4.71484375, 1.0458984375]",-1.907914719243688
233,1,test,3.0487231290993155,1.3184225103375806,1.8119129505150648,5.252255687755256,2.2713417504825646,3.1215133998972404,21.088400059586874,15.446050209862111,17.643791822970957,36.33051099374372,26.610027094217894,30.39623541779155,3.461136460903302,1.5072511909614605,2.076391686583212,5.962749942546282,2.5966505666068724,3.577150034311672,31.853155818826302,24.79710677072508,27.859349366066642,54.87573378688887,42.719768100061025,47.99531474946134,2.917533220654746,1.2548856405891542,1.7391661409581334,5.026245350434909,2.1618821926981466,2.996187213135794,18.495606560320365,13.222352820000975,15.24654215472366,31.863718232631122,22.77910287802148,26.266320147741748,0.7085427135678393,-0.006457286432160814,0.00854271356783931,0.5879396984924623,0.0029396984924623393,0.007939698492462233,0.4773869346733668,-0.0026130653266331905,-0.0026130653266331905,0.4034582132564841,0.12144382476727544,0.1659215563649885,0.35838150289017345,0.44221105527638194,0.12140905026385063,0.19513259116953718,0.40909090909090906,0.3946488294314381,0.10416468919771527,0.16105594845257265,0.32885906040268453,27.0,11.0,11.0,38.0,11.0,12.0,47.0,12.0,13.0,-0.0011019884384304388,-0.00019288380639285622,-0.0007570145254583484,-0.00031748659871144724,8.228337184501555e-05,-0.00015057161927245488,"[3.056640625, 9.4453125, 2.4296875, 1.0791015625, 7.80078125, 2.25390625, 8.71875, 1.3623046875, 1.9599609375, 9.828125, 12.015625, 1.841796875, 5.859375, 0.298583984375, 8.3671875, 0.1256103515625, 5.70703125, 1.2685546875, 7.81640625, 5.4296875, 0.11102294921875, 6.89453125, 1.12890625, 10.2109375, 8.078125, 4.5703125, 5.37109375, 7.29296875, 0.011993408203125, 4.0078125, 5.04296875, 2.099609375, 3.9609375, 7.71484375, 0.03436279296875, 7.97265625, 8.671875, 2.783203125, 0.37939453125, 10.65625, 7.953125, 3.66015625, 0.76806640625, 4.62890625, 1.1953125, 10.421875, 7.02734375, 0.058990478515625, 0.0204620361328125, 0.0003364086151123047, 1.0517578125, 6.53125, 7.6328125, 2.54296875, 8.8203125, 0.226806640625, 0.056060791015625, 4.62109375, 1.40625, 4.47265625, 1.7880859375, 0.225830078125, 2.37109375, 2.302734375, 1.3193359375, 1.0498046875, 9.421875, 5.2578125, 2.69921875, 1.0068359375, 2.298828125, 0.302978515625, 4.05078125, 7.37109375, 0.436767578125, 3.8203125, 1.0556640625, 1.1123046875, 5.22265625, 2.7265625, 0.58740234375, 6.81640625, 3.61328125, 0.943359375, 2.03125, 6.2734375, 1.4912109375, 1.9248046875, 2.970703125, 0.03875732421875, 2.486328125, 5.25390625, 4.703125, 1.8046875, 5.91015625, 1.73046875, 2.669921875, 8.65625, 4.23828125, 6.30078125, 0.1307373046875, 0.05682373046875, 0.09197998046875, 0.271240234375, 0.005657196044921875, 0.2080078125, 3.3125, 0.34521484375, 3.25, 2.634765625, 0.0248260498046875, 4.05078125, 4.08984375, 4.24609375, 0.7236328125, 0.012054443359375, 1.009765625, 0.1475830078125, 4.734375, 5.74609375, 3.572265625, 5.08203125, 0.6162109375, 0.3447265625, 5.05078125, 0.3115234375, 3.74609375, 0.6298828125, 4.765625, 0.85009765625, 0.65087890625, 3.138671875, 1.2861328125, 1.9931640625, 5.234375, 0.109619140625, 11.4140625, 0.007198333740234375, 0.04681396484375, 0.04888916015625, 4.18359375, 3.8828125, 3.66796875, 6.83203125, 3.28125, 1.013671875, 1.1005859375, 8.2265625, 3.326171875, 0.01377105712890625, 5.34375, 2.07421875, 5.234375, 11.4140625, 4.51171875, 3.060546875, 5.8671875, 9.28125, 4.60546875, 2.263671875, 0.701171875, 1.3076171875, 6.17578125, 0.482421875, 1.19921875, 1.36328125, 5.65234375, 4.49609375, 0.0041046142578125, 0.0531005859375, 0.0005035400390625, 0.001987457275390625, 0.009307861328125, 7.58203125, 3.505859375, 9.328125, 8.8515625, 6.546875, 0.0833740234375, 0.21484375, 2.5703125, 5.88671875, 1.3984375, 0.83740234375, 7.890625, 0.9794921875, 8.5234375, 7.08203125, 1.0068359375, 1.021484375, 0.00522613525390625, 0.467529296875, 6.375, 8.5, 9.1328125, 0.05645751953125, 2.46484375, 0.0005702972412109375, 0.011383056640625, 0.002044677734375, 0.037689208984375, 7.61328125, 12.53125, 7.234375, 1.3330078125, 0.0004687309265136719, 0.00997161865234375, 0.00152587890625, 0.2978515625, 0.0005497932434082031, 0.385498046875, 7.9375, 2.08984375, 0.67236328125, 6.35546875, 0.03570556640625, 0.002536773681640625, 0.0019407272338867188, 6.9140625, 0.002147674560546875, 0.007232666015625, 0.057861328125, 0.0014181137084960938, 1.431640625, 1.3828125, 0.56591796875, 0.1497802734375, 2.279296875, 0.0238037109375, 0.0001016855239868164, 0.0035686492919921875, 0.002899169921875, 0.0003979206085205078, 3.685546875, 2.91015625, 8.765625, 8.421875, 0.603515625, 0.84912109375, 3.1328125, 7.14453125, 4.30859375, 2.314453125, 1.072265625, 0.0241851806640625, 1.408203125, 0.8798828125, 0.00406646728515625, 0.96533203125, 0.049560546875, 7.3046875, 3.30859375, 4.18359375, 0.07098388671875, 0.01515960693359375, 0.92822265625, 1.6103515625, 1.2939453125, 1.4404296875, 1.4375, 0.0247650146484375, 0.1336669921875, 1.490234375, 5.20703125, 0.306884765625, 3.603515625, 0.6640625, 0.034881591796875, 4.3515625, 0.1351318359375, 0.43212890625, 0.10028076171875, 1.5400390625, 0.10791015625, 0.513671875, 1.9404296875, 1.54296875, 0.1011962890625, 1.4326171875, 1.4033203125, 0.0819091796875, 0.0283203125, 0.1785888671875, 0.210693359375, 0.8935546875, 1.91796875, 4.94921875, 0.440673828125, 0.00151824951171875, 1.060546875, 4.92578125, 6.14453125, 0.00591278076171875, 1.5908203125, 7.51953125, 0.9912109375, 3.3828125, 0.06353759765625, 0.018646240234375, 0.179931640625, 0.478271484375, 5.84765625, 7.41796875, 0.2354736328125, 6.4296875, 2.158203125, 10.7421875, 3.505859375, 0.8076171875, 4.33984375, 2.734375, 7.13671875, 1.1533203125, 0.7255859375, 9.71875, 2.244140625, 3.828125, 8.9453125, 0.80810546875, 0.09808349609375, 2.66796875, 3.86328125, 0.05596923828125, 8.8671875, 0.01236724853515625, 0.01242828369140625, 0.006809234619140625, 3.3828125, 8.78125, 7.828125, 6.9375, 7.28515625, 2.556640625, 3.63671875, 2.986328125, 1.1669921875, 0.0309600830078125, 8.0703125, 0.0268402099609375, 0.020660400390625, 0.0007762908935546875, 3.806640625, 2.783203125, 7.5859375, 14.3359375, 1.5263671875, 5.1796875]",-1.5221148454490243
334,1,test,2.698313453510059,1.1658156092302518,1.4579963561193239,5.750504081250946,2.4845250688513567,3.107205349106756,14.854657515914045,10.224930788128074,11.397948111387667,31.657466837193866,21.790836105846715,24.29070908984257,2.3972485293096035,0.9800468035482091,1.3809661380400662,5.108890308364729,2.0886243354306098,2.943042589265715,10.992888121651966,6.867328296521173,8.229983870850901,23.427466488766484,14.635289812258236,17.53930988869864,2.626101038926421,1.1665626494004742,1.5831606173764468,5.596608771482536,2.4861171216731415,3.373948856703903,13.81978193023143,9.515809619209904,10.982233582387828,29.451994277542394,20.27959427044734,23.404760093613405,0.4773869346733668,-0.007613065326633195,0.002386934673366814,0.40703517587939697,-0.007964824120603065,0.007035175879396949,0.3266331658291457,-0.01336683417085427,-0.0033668341708542604,0.377892030848329,0.09932977154152545,0.13351275421098785,0.39948453608247425,0.37688442211055273,0.12625785569451264,0.18322832862140415,0.38888888888888884,0.3913043478260869,0.11751469841039408,0.17884606084054744,0.4093959731543624,20.0,8.0,8.0,29.0,8.0,9.0,37.0,8.0,8.0,0.0005600368573631387,0.0005533710131482237,0.00011126331768779227,0.0446496911212062,0.03386820677849656,0.04031651000065395,"[3.056640625, 6.44140625, 0.034515380859375, 0.005214691162109375, 0.014007568359375, 1.62109375, 0.05035400390625, 0.0038280487060546875, 4.21484375, 0.03875732421875, 3.251953125, 0.018157958984375, 0.0250701904296875, 5.0078125, 0.8671875, 2.193359375, 2.736328125, 2.470703125, 2.26953125, 0.432861328125, 5.09765625, 0.74462890625, 0.004077911376953125, 0.00708770751953125, 2.736328125, 0.0028667449951171875, 0.0119781494140625, 4.27734375, 6.39453125, 9.953125, 6.9609375, 8.9765625, 4.3984375, 9.453125, 0.880859375, 5.3984375, 3.072265625, 5.5078125, 5.515625, 9.9765625, 2.611328125, 0.03155517578125, 1.15234375, 1.4150390625, 0.450439453125, 8.881092071533203e-05, 0.01163482666015625, 3.451171875, 0.11083984375, 0.2467041015625, 0.08123779296875, 4.04296875, 0.802734375, 0.2064208984375, 0.019622802734375, 0.014739990234375, 6.66796875, 4.69921875, 6.625, 4.0234375, 1.9072265625, 3.271484375, 2.47265625, 4.06640625, 0.58154296875, 0.471923828125, 1.75, 0.0003540515899658203, 0.01442718505859375, 3.771484375, 1.33984375, 0.3408203125, 0.2349853515625, 0.049041748046875, 0.1444091796875, 0.0193939208984375, 0.011871337890625, 0.029632568359375, 0.0031070709228515625, 0.0008749961853027344, 0.330078125, 0.0001608133316040039, 0.0031642913818359375, 0.84228515625, 0.185791015625, 0.0233612060546875, 0.001483917236328125, 0.08441162109375, 0.0025424957275390625, 0.01739501953125, 0.1795654296875, 0.400390625, 0.003131866455078125, 0.1778564453125, 0.0557861328125, 0.1409912109375, 0.00032210350036621094, 0.0001804828643798828, 0.184814453125, 0.035614013671875, 0.1844482421875, 6.365776062011719e-05, 0.042083740234375, 0.1322021484375, 0.0106048583984375, 0.001415252685546875, 0.002292633056640625, 0.2509765625, 0.43896484375, 0.060791015625, 0.0003809928894042969, 0.0172882080078125, 7.48828125, 1.4697265625, 0.94140625, 12.859375, 4.5390625, 0.382568359375, 0.0004513263702392578, 0.01384735107421875, 11.359375, 3.029296875, 2.69140625, 7.921875, 6.4765625, 5.09375, 9.0390625, 5.44140625, 3.66015625, 1.88671875, 6.23828125, 4.0390625, 2.560546875, 0.00020825862884521484, 0.003620147705078125, 4.91796875, 9.4921875, 0.390625, 2.326171875, 2.58203125, 6.6796875, 2.974609375, 11.3125, 8.1171875, 3.736328125, 3.38671875, 7.8125, 4.140625, 6.00390625, 1.09375, 3.646484375, 0.05908203125, 6.6171875, 4.5390625, 5.8984375, 1.1162109375, 0.08489990234375, 0.10858154296875, 0.0001506805419921875, 0.035736083984375, 0.630859375, 0.0204925537109375, 0.020477294921875, 0.003490447998046875, 0.2061767578125, 2.265625, 0.0004582405090332031, 0.53759765625, 8.3828125, 0.442626953125, 7.23046875, 5.51953125, 2.392578125, 7.984375, 6.71875, 3.7265625, 4.08203125, 0.054962158203125, 1.9599609375, 7.86328125, 3.056640625, 2.033203125, 0.0275421142578125, 0.003131866455078125, 0.0016546249389648438, 0.0004563331604003906, 0.85986328125, 0.383056640625, 0.0016536712646484375, 0.0006937980651855469, 0.0002465248107910156, 6.44140625, 0.99560546875, 1.87109375, 6.046875, 10.96875, 1.634765625, 1.9267578125, 4.15625, 3.8046875, 5.53125, 1.12109375, 2.447265625, 3.537109375, 1.0068359375, 6.98828125, 0.054168701171875, 1.3486328125, 7.77734375, 0.0400390625, 5.9375, 0.50927734375, 1.42578125, 0.82958984375, 1.6083984375, 3.8046875, 0.09991455078125, 0.291748046875, 3.609375, 0.15185546875, 1.8916015625, 1.6884765625, 0.21826171875, 1.4111328125, 6.4609375, 0.66650390625, 6.1953125, 0.09039306640625, 0.9208984375, 5.015625, 0.07122802734375, 0.01248931884765625, 3.890625, 8.0625, 6.29296875, 0.395751953125, 4.50390625, 8.6875, 5.3984375, 5.93359375, 3.814453125, 4.16015625, 1.626953125, 6.70703125, 1.056640625, 4.48046875, 2.7734375, 0.12255859375, 1.15234375, 8.75, 0.075927734375, 0.049346923828125, 1.2880859375, 8.625, 1.0517578125, 3.244140625, 1.6376953125, 2.310546875, 2.765625, 0.431396484375, 1.34375, 0.70849609375, 0.8505859375, 1.685546875, 3.626953125, 9.0625, 2.423828125, 5.24609375, 0.202880859375, 4.2890625, 0.208251953125, 2.9296875, 0.4541015625, 0.409423828125, 6.94140625, 2.205078125, 5.48828125, 7.828125, 5.56640625, 4.53125, 0.179443359375, 5.703125, 1.5029296875, 6.18359375, 5.328125, 3.4609375, 8.984375, 2.509765625, 0.378662109375, 0.89306640625, 0.53125, 4.1875, 2.203125, 2.265625, 10.8046875, 4.6328125, 5.7421875, 0.0034351348876953125, 0.00750732421875, 8.1015625, 5.2421875, 2.44921875, 0.02044677734375, 0.165771484375, 0.0277099609375, 1.701171875, 4.13671875, 0.031585693359375, 8.953125, 5.328125, 2.185546875, 4.38690185546875e-05, 3.255859375, 0.8642578125, 1.1689453125, 0.85888671875, 0.00011515617370605469, 3.572265625, 6.69921875, 1.4267578125, 0.00032901763916015625, 6.59375, 1.1298828125, 0.0005178451538085938, 2.322265625, 1.576171875, 0.91064453125, 0.0011816024780273438, 12.625, 3.779296875, 1.1982421875, 0.000804901123046875, 12.5390625, 1.2763671875, 2.048828125, 0.0002758502960205078, 2.32421875, 8.7109375, 0.4052734375, 0.17822265625, 3.703125, 1.87890625, 1.625, 5.78515625, 0.0011873245239257812, 0.01094818115234375, 0.84716796875, 1.708984375, 1.1337890625, 5.3359375, 5.24609375, 1.0380859375, 1.9072265625, 2.291015625, 1.359375, 1.7900390625, 2.2109375, 4.03515625, 0.056854248046875, 0.0960693359375, 1.544921875, 2.3984375, 1.5859375, 0.9873046875, 3.4609375, 6.15234375, 1.3505859375, 0.37646484375, 1.1982421875, 7.09765625, 0.496826171875, 6.25, 0.321044921875, 3.65625, 7.94921875, 8.9921875, 0.5361328125, 9.9921875, 4.0390625, 0.001750946044921875, 5.05078125, 9.265625, 0.47314453125, 2.9802322387695312e-05, 10.640625, 2.572265625, 0.0002808570861816406, 8.2109375, 2.068359375]",-1.6591046067926754
331,1,test,3.4191724349041372,1.539201411657279,2.1273711556627486,5.923355063284632,2.666503853997821,3.6854458048805365,30.544127305236547,23.990812339586697,26.904791189450098,52.91447406400134,41.56154813759385,46.60970868031495,3.5126077853255535,1.5753036097383273,2.1878865498608238,6.0852219379583525,2.7290470985607636,3.790282332857483,33.535607517978974,26.595590854543488,29.77447078066565,58.09689753114667,46.07405176209647,51.58112543692781,3.4421715249820632,1.560990281744022,2.1585212645381366,5.963198557363293,2.7042507697818974,3.7394100780026873,31.25475501171464,24.693504292249465,27.644962623706615,54.14556149916761,42.77888771755893,47.89197750304104,0.778894472361809,-0.0011055276381910506,-0.0011055276381910506,0.6331658291457287,-0.006834170854271293,-0.0018341708542712887,0.4824120603015075,-0.012587939698492479,-0.017587939698492483,0.42448979591836733,0.09455089571470132,0.16533104422230216,0.4221311475409836,0.42211055276381915,0.08627095376632543,0.1600070469207474,0.4191919191919192,0.42448979591836733,0.09455089571470132,0.16804474842854367,0.4180327868852459,12.0,0.0,0.0,20.0,-1.0,0.0,33.0,0.0,0.0,-0.00025835145998303233,-0.00014680210358375694,-0.00021581605529359443,1.0066742095027337e-05,8.484196204427974e-05,0.00010243434826673337,"[3.056640625, 9.4453125, 2.4296875, 1.0791015625, 2.802734375, 0.35693359375, 0.64501953125, 0.361328125, 0.204345703125, 3.912109375, 10.3515625, 9.5703125, 3.181640625, 2.0, 5.734375, 5.57421875, 4.69921875, 2.1953125, 4.0, 3.55859375, 5.78125, 3.216796875, 1.478515625, 2.986328125, 2.7890625, 1.7236328125, 1.3349609375, 5.32421875, 5.19921875, 0.81591796875, 6.03515625, 3.890625, 6.3046875, 0.56494140625, 2.677734375, 1.0693359375, 6.05078125, 8.2578125, 0.99365234375, 2.12109375, 4.36328125, 3.2578125, 20.34375, 5.0234375, 2.388671875, 3.189453125, 1.8525390625, 0.1834716796875, 8.09375, 1.6669921875, 2.2421875, 2.0078125, 4.328125, 7.0078125, 0.055419921875, 2.4921875, 6.8046875, 4.16796875, 5.3125, 0.2449951171875, 1.3740234375, 7.64453125, 7.38671875, 1.9892578125, 1.1962890625, 2.564453125, 6.12109375, 5.3671875, 2.89453125, 0.0269775390625, 2.3671875, 1.7353515625, 4.45703125, 5.22265625, 5.6171875, 7.68359375, 1.3095703125, 4.17578125, 3.046875, 5.68359375, 2.5625, 0.89892578125, 1.9775390625, 6.40625, 5.73828125, 1.0986328125, 0.99072265625, 3.34375, 7.34375, 3.0546875, 0.3623046875, 0.246337890625, 8.6640625, 5.9140625, 3.330078125, 5.0859375, 0.07806396484375, 5.0703125, 2.689453125, 3.34765625, 3.767578125, 0.037353515625, 4.890625, 1.3759765625, 6.7734375, 1.2080078125, 0.77783203125, 2.400390625, 1.6279296875, 5.3203125, 0.03936767578125, 5.73828125, 4.38671875, 0.6591796875, 1.033203125, 1.654296875, 8.171875, 3.02734375, 4.15234375, 6.390625, 3.87109375, 1.552734375, 7.17578125, 6.734375, 4.82421875, 6.9140625, 3.41796875, 0.99462890625, 6.28515625, 4.35546875, 12.0, 12.3359375, 2.494140625, 4.6640625, 2.43359375, 0.402099609375, 1.6845703125, 0.2447509765625, 0.79296875, 10.6875, 0.76953125, 1.7177734375, 2.443359375, 0.97265625, 4.66796875, 0.1834716796875, 0.79052734375, 6.80078125, 1.73828125, 0.1912841796875, 4.21484375, 3.80859375, 2.615234375, 4.22265625, 1.29296875, 5.40625, 0.5908203125, 3.75, 0.66845703125, 0.55712890625, 0.09326171875, 7.1875, 6.140625, 4.3515625, 6.40234375, 2.490234375, 4.78125, 1.318359375, 2.412109375, 2.373046875, 1.0693359375, 1.7578125, 0.051910400390625, 0.346435546875, 0.118408203125, 2.34765625, 0.9296875, 7.23828125, 2.2578125, 0.783203125, 6.984375, 0.10333251953125, 2.021484375, 7.05078125, 1.78515625, 3.806640625, 2.765625, 0.322021484375, 5.23828125, 0.387451171875, 3.59375, 1.3837890625, 7.0234375, 0.1385498046875, 0.006633758544921875, 11.9140625, 4.4609375, 0.5810546875, 4.65625, 0.2001953125, 0.92919921875, 5.05078125, 0.67626953125, 4.24609375, 6.58203125, 5.62890625, 2.93359375, 3.974609375, 0.026153564453125, 2.361328125, 0.26318359375, 0.3505859375, 0.054473876953125, 1.0341796875, 2.5390625, 6.234375, 0.1351318359375, 5.90625, 3.595703125, 5.45703125, 9.9375, 0.31884765625, 4.8359375, 1.9951171875, 0.5244140625, 5.171875, 5.18359375, 0.4482421875, 5.2734375, 3.400390625, 1.2080078125, 3.220703125, 9.9140625, 0.59912109375, 9.5703125, 0.361328125, 1.017578125, 6.71875, 0.057098388671875, 1.4951171875, 4.640625, 1.451171875, 3.458984375, 0.05389404296875, 0.4189453125]",-0.7667206238727182
413,1,test,2.841734123164119,1.145303871812401,1.5618867308087605,5.667854322574589,2.28431486520825,3.1151916663932973,17.14547213263873,11.691030521133943,13.549381239907483,34.19673837443879,23.317824610833085,27.024315330145143,3.0649493657164837,1.2008379535773177,1.7034131968235708,6.113058350302658,2.3950778964206942,3.3974669804777817,21.433376696033054,14.983174928289213,17.531193583784503,42.74898758604395,29.884024719609805,34.966061928097666,2.9970389947444698,1.2608779687291642,1.757492957520306,5.977610742265069,2.514828036531245,3.5053293603289624,20.026151506452212,14.35063810770437,16.572106405553875,39.94226921341843,28.622426555476302,33.05315728140691,0.6432160804020101,-0.011783919597989967,-0.0067839195979899625,0.5226130653266332,-0.002386934673366814,-0.002386934673366814,0.40201005025125625,0.007010050251256228,0.007010050251256228,0.38397790055248615,0.08604686606972756,0.12689090153000326,0.368421052631579,0.3869346733668342,0.08117026233926528,0.12316171844195944,0.3939393939393939,0.3745819397993311,0.07241165599298716,0.1298655882976626,0.37248322147651003,26.0,7.0,7.0,33.0,5.0,5.0,41.0,6.0,6.0,4.1438513117181704e-05,-0.0003822916804296055,5.855862492148296e-06,0.011342684571447492,0.014147271939840778,0.012318199489611104,"[3.056640625, 6.44140625, 0.03302001953125, 0.005214691162109375, 0.009490966796875, 0.62646484375, 2.7578125, 9.2109375, 9.6640625, 7.98828125, 5.07421875, 9.3046875, 0.1180419921875, 0.1566162109375, 0.3876953125, 2.888671875, 6.64453125, 7.36328125, 1.2138671875, 3.318359375, 1.646484375, 0.004138946533203125, 0.06793212890625, 0.1395263671875, 9.0625, 0.56787109375, 6.85546875, 0.8095703125, 0.57861328125, 0.009552001953125, 0.1700439453125, 0.04296875, 4.35546875, 4.0546875, 3.79296875, 11.0, 0.70751953125, 0.291748046875, 0.006931304931640625, 0.25244140625, 10.0625, 6.03515625, 6.58984375, 9.8046875, 13.2265625, 1.546875, 1.15625, 2.548828125, 0.0033740997314453125, 0.0369873046875, 0.0038013458251953125, 0.0135040283203125, 2.65234375, 0.047698974609375, 0.0654296875, 0.0015153884887695312, 0.00799560546875, 0.0014333724975585938, 0.305419921875, 0.00011968612670898438, 5.29296875, 6.8828125, 8.1796875, 11.3046875, 2.140625, 3.328125, 5.89453125, 7.734375, 1.01953125, 2.300739288330078e-05, 0.03887939453125, 0.0049591064453125, 0.61669921875, 0.343994140625, 0.00045990943908691406, 0.0010251998901367188, 0.00033402442932128906, 1.1591796875, 6.20703125, 3.08984375, 2.646484375, 0.23095703125, 2.86328125, 0.611328125, 7.484375, 0.73486328125, 8.53125, 2.36328125, 0.2066650390625, 4.1953125, 1.7724609375, 2.931640625, 8.4609375, 0.3828125, 0.59912109375, 9.234375, 0.1156005859375, 10.7421875, 2.66796875, 2.2578125, 7.84375, 1.916015625, 0.76513671875, 1.5185546875, 2.00390625, 1.2783203125, 4.9921875, 0.640625, 0.89697265625, 4.1875, 0.01136016845703125, 4.1953125, 0.09942626953125, 2.32421875, 3.099609375, 3.462890625, 3.306640625, 1.13671875, 5.09765625, 4.375, 2.451171875, 1.7431640625, 1.9111328125, 2.73046875, 2.373046875, 6.9375, 3.619140625, 1.0478515625, 5.90625, 0.0276641845703125, 6.328125, 0.17236328125, 1.0595703125, 5.87890625, 4.58984375, 0.68896484375, 7.203125, 3.310546875, 3.798828125, 4.05859375, 3.208984375, 1.529296875, 0.0002472400665283203, 1.994140625, 0.1348876953125, 2.287109375, 6.625, 2.814453125, 2.53125, 2.931640625, 4.3984375, 2.654296875, 7.75390625, 3.97265625, 2.181640625, 6.58203125, 6.55859375, 0.462158203125, 1.3662109375, 0.041656494140625, 2.642578125, 0.040618896484375, 5.74609375, 7.0546875, 5.47265625, 1.029296875, 0.08355712890625, 0.75830078125, 2.783203125, 1.1845703125, 1.1083984375, 1.10546875, 0.00270843505859375, 1.38671875, 9.7421875, 3.08203125, 0.859375, 0.95263671875, 0.60400390625, 0.07916259765625, 1.9609375, 0.6767578125, 10.2890625, 3.880859375, 6.30078125, 1.4228515625, 2.75390625, 3.96875, 1.921875, 7.078125, 6.0390625, 7.05078125, 7.25, 0.7626953125, 0.302001953125, 5.6640625, 6.94140625, 2.314453125, 2.560546875, 0.281005859375, 1.4873046875, 1.611328125, 1.2958984375, 4.51171875, 2.150390625, 4.921875, 4.58203125, 1.2294921875, 0.004596710205078125, 1.984375, 7.859375, 0.355712890625, 1.2373046875, 6.6484375, 2.103515625, 5.671875, 4.1953125, 0.46728515625, 1.1748046875, 5.49609375, 0.1732177734375, 1.8828125, 7.7265625, 13.25, 6.08203125, 0.132568359375, 0.2303466796875, 1.177734375, 5.85546875, 2.482421875, 0.81201171875, 3.236328125, 0.43994140625, 0.751953125, 5.96484375, 5.78515625, 0.1485595703125, 5.10546875, 2.998046875, 4.53125, 0.73095703125, 0.376953125, 1.8359375, 0.8193359375, 8.3203125, 1.7041015625, 7.8671875, 1.087890625, 10.234375, 1.6435546875, 0.10491943359375, 3.69921875, 2.126953125, 8.390625, 4.09375, 6.9296875, 2.419921875, 0.78759765625, 3.34375, 0.94580078125, 0.18603515625, 0.179931640625, 1.5146484375, 1.5576171875, 2.650390625, 2.115234375, 0.250732421875, 0.7255859375, 5.1953125, 2.57421875, 5.3046875, 1.0244140625, 1.33203125, 3.888671875, 1.169921875, 5.05078125, 6.625, 4.60546875, 8.140625, 0.370849609375, 4.1328125, 1.4228515625, 9.4375, 0.287353515625, 0.734375, 0.196533203125, 0.0214996337890625, 6.109375, 2.17578125, 3.23046875, 0.1641845703125, 2.15234375, 2.689453125, 0.01177215576171875, 0.0322265625, 0.026611328125, 0.17041015625, 1.03515625, 0.156494140625, 0.07891845703125, 0.025360107421875, 0.31787109375, 3.546875, 0.0296630859375, 2.19921875, 0.09295654296875, 0.1964111328125, 0.265625, 0.1790771484375, 0.1605224609375, 0.03155517578125, 1.828125, 1.6513671875, 0.040283203125, 0.80859375, 0.0268096923828125, 0.0880126953125, 0.11285400390625, 0.043243408203125, 3.087890625, 0.046630859375, 0.90283203125, 3.87890625, 4.0625, 5.3046875, 2.9921875, 2.890625, 0.315673828125, 0.490234375, 7.40625, 1.46875, 1.376953125, 3.169921875, 6.43359375, 0.5634765625, 0.054229736328125, 0.04815673828125, 0.314453125, 1.708984375, 2.16796875, 4.6015625, 8.2265625, 1.5927734375, 3.486328125, 0.0982666015625, 3.15625, 4.5625, 4.24609375, 7.39453125, 0.1455078125, 0.19970703125, 1.4912109375, 0.673828125, 5.8984375, 0.130126953125, 0.048095703125, 0.1943359375, 7.62890625, 2.078125, 8.4296875, 2.134765625, 6.796875]",-0.8197324753466231
14,1,test,3.4671800619536275,1.5462593587223916,2.1368891468418205,6.761001120809574,3.015205749508664,4.166933836341551,32.04624647852486,25.21900503879955,28.264102968282838,62.49018063312348,49.177059825659136,55.11500078815154,3.3326364977275906,1.4226455067590156,1.9954754395500567,6.498641170568802,2.77415873818008,3.8911771071226102,28.012098264428506,21.259070304412372,24.203881425981074,54.62359161563559,41.455187093604124,47.1975687806631,3.454431948454484,1.526512581931582,2.124955953421466,6.736142299486244,2.9766995347665848,4.1436641091718585,31.640310249282255,24.76511965121971,27.861247628217868,61.6986049861004,48.29198331987843,54.32943287502484,0.6482412060301508,0.008241206030150772,-0.0017587939698492372,0.5175879396984925,0.0025879396984924696,0.012587939698492479,0.44723618090452266,0.012236180904522609,0.002236180904522711,0.40192926045016075,0.11621497473587505,0.168774180236257,0.39032258064516134,0.4170854271356784,0.12385234442891147,0.18336255568325777,0.3787878787878788,0.4046822742474916,0.12087593034098076,0.17665112853002773,0.3926174496644296,25.0,15.0,15.0,37.0,14.0,14.0,47.0,21.0,18.0,-0.00014335664325379165,1.5854758463679464e-05,0.00010907778148683912,-0.00045964795473452114,-5.716352994689089e-05,8.236045698506445e-05,"[3.0625, 9.453125, 2.48046875, 1.494140625, 1.81640625, 10.234375, 5.01953125, 0.93701171875, 8.8828125, 4.453125, 8.515625, 9.234375, 4.37109375, 2.40234375, 8.3828125, 0.8369140625, 7.953125, 5.5078125, 0.57373046875, 6.39453125, 0.377685546875, 0.55810546875, 7.078125, 0.11688232421875, 0.2301025390625, 0.0020618438720703125, 0.0026721954345703125, 0.004711151123046875, 0.06927490234375, 2.83984375, 1.8125, 2.99609375, 7.98046875, 8.1953125, 0.302734375, 0.01511383056640625, 4.2578125, 1.7060546875, 1.7353515625, 2.67578125, 5.4921875, 3.068359375, 1.5595703125, 7.0546875, 9.3125, 0.254150390625, 3.994140625, 0.97021484375, 2.095703125, 6.60546875, 0.1395263671875, 11.8984375, 2.345703125, 8.296875, 8.7265625, 2.43359375, 2.69921875, 0.86279296875, 9.0078125, 0.68359375, 3.412109375, 0.163330078125, 0.0167083740234375, 4.85546875, 0.2568359375, 8.75, 7.015625, 4.91015625, 1.72265625, 3.822265625, 1.76171875, 2.169921875, 3.541015625, 4.94921875, 8.1328125, 2.677734375, 3.9296875, 1.5771484375, 8.65625, 9.640625, 0.16650390625, 1.8291015625, 3.50390625, 0.75439453125, 0.80126953125, 4.96875, 1.060546875, 10.359375, 1.1396484375, 0.277099609375, 1.03515625, 3.751953125, 0.103759765625, 6.453125, 3.3359375, 0.2064208984375, 1.98828125, 3.763671875, 0.75634765625, 7.8046875, 0.62255859375, 10.859375, 6.12109375, 0.52001953125, 4.296875, 3.783203125, 7.12890625, 0.448974609375, 0.70166015625, 0.09857177734375, 2.455078125, 0.1866455078125, 7.1640625, 1.2490234375, 0.2156982421875, 0.43994140625, 0.9375, 7.3125, 4.828125, 9.1171875, 6.125, 8.75, 1.6083984375, 0.658203125, 0.1500244140625, 0.1195068359375, 1.978515625, 1.3046875, 7.3203125, 6.0703125, 5.2421875, 2.5546875, 3.1171875, 6.51953125, 0.6416015625, 1.068359375, 4.3203125, 0.93994140625, 4.28125, 0.0521240234375, 3.38671875, 3.392578125, 1.3203125, 0.697265625, 3.576171875, 1.142578125, 10.140625, 0.53955078125, 0.7802734375, 8.3828125, 4.44140625, 8.4765625, 0.1868896484375, 9.390625, 0.47021484375, 8.28125, 1.2578125, 10.078125, 0.51904296875, 5.1484375, 4.984375, 0.9384765625, 6.4609375, 2.03515625, 2.900390625, 5.3828125, 3.2734375, 0.77099609375, 6.33984375, 6.48046875, 2.14453125, 0.50439453125, 5.4140625, 0.07342529296875, 0.6748046875, 0.272216796875, 1.23046875, 0.07366943359375, 0.0305633544921875, 0.0157928466796875, 0.162841796875, 0.0140533447265625, 0.426513671875, 0.06988525390625, 0.0118255615234375, 4.046875, 0.44384765625, 8.9453125, 2.9453125, 0.1630859375, 2.908203125, 0.951171875, 0.0101470947265625, 0.1524658203125, 0.1287841796875, 0.283203125, 0.0168609619140625, 6.015625, 0.13330078125, 1.4873046875, 0.01300811767578125, 0.224609375, 3.078125, 0.061767578125, 0.415283203125, 0.28173828125, 2.509765625, 0.09808349609375, 0.152587890625, 1.2412109375, 3.12109375, 2.03515625, 5.87890625, 8.9140625, 2.392578125, 2.775390625, 0.67578125, 0.316650390625, 9.4609375, 4.99609375, 0.9951171875, 1.736328125, 4.47265625, 4.7109375, 0.407470703125, 11.7421875, 6.48828125, 0.49365234375, 1.3671875, 4.453125, 6.47265625, 0.01971435546875, 5.5546875, 11.1484375, 2.001953125, 3.041015625, 1.7763671875, 3.654296875, 8.78125, 1.51171875, 6.16796875, 8.171875, 4.84375, 7.09765625, 0.360595703125, 5.4921875, 5.875, 4.40234375, 8.7578125, 9.859375, 8.5, 10.59375, 8.2421875, 1.0419921875, 1.0654296875, 1.375, 0.80322265625, 9.3515625, 0.349609375, 2.33203125, 9.6640625, 2.701171875, 0.0233306884765625, 1.541015625, 7.8046875, 0.69140625, 0.366943359375, 1.8427734375, 1.3115234375, 4.77734375, 1.6787109375, 8.0390625, 0.11279296875, 4.6640625, 3.119140625, 0.82958984375, 11.96875, 3.990234375, 1.09375, 5.4609375, 0.13037109375, 0.1014404296875, 7.75390625, 5.76171875, 0.90185546875, 10.2734375, 0.814453125, 0.3701171875, 5.64453125, 3.046875, 0.859375, 3.30859375, 7.08984375, 5.7890625, 1.4755859375, 0.03118896484375, 4.09375, 0.418701171875, 8.453125, 2.8828125, 4.43359375, 1.3955078125, 8.1796875, 3.341796875, 10.1640625, 1.78515625, 1.654296875, 8.1796875, 1.4169921875, 0.1229248046875, 1.861328125]",-0.676535319668687
494,1,test,3.616299231710105,1.619653664986467,2.2292811158779338,6.190253390750827,2.7724659794768347,3.8160047336498746,37.199645501722465,29.835333973243095,33.196749434978784,63.67704024118375,51.071071683610235,56.82502403281662,4.143523173116559,1.7997184387239868,2.5409885004638197,7.0927367257465805,3.0806945039334126,4.349574433146891,63.02447689735421,52.603667252038875,58.058874233133146,107.88307515958867,90.04510100201948,99.38313177553967,3.616299231710105,1.619653664986467,2.2292811158779338,6.190253390750827,2.7724659794768347,3.8160047336498746,37.199645501722465,29.835333973243095,33.196749434978784,63.67704024118375,51.071071683610235,56.82502403281662,0.8291457286432161,0.004145728643216162,0.014145728643216171,0.6884422110552764,-0.0015577889447235815,0.008442211055276427,0.5728643216080402,0.0028643216080401768,0.007864321608040292,0.45517241379310347,0.1315923793696956,0.21434672571970892,0.39100346020761245,0.44221105527638194,0.09133386229392582,0.1700908549424921,0.4494949494949495,0.45517241379310347,0.1315923793696956,0.21434672571970892,0.39100346020761245,22.0,-1.0,-1.0,33.0,0.0,-1.0,40.0,-1.0,-7.0,-0.0015648570586153006,-0.00025627980888743966,-0.00022111367171882582,0.004997442267381302,0.0033578212226306192,0.004196965246407558,"[3.0625, 9.453125, 2.48046875, 5.4921875, 0.79443359375, 0.078125, 1.3251953125, 9.703125, 0.2340087890625, 5.51171875, 1.0341796875, 10.3203125, 0.489013671875, 11.4140625, 1.068359375, 3.75390625, 4.453125, 5.5390625, 0.91552734375, 8.515625, 8.921875, 0.40771484375, 2.74609375, 3.712890625, 1.66796875, 2.556640625, 9.15625, 5.37890625, 0.896484375, 2.556640625, 6.6171875, 4.265625, 0.56201171875, 5.484375, 6.4921875, 0.436279296875, 6.4140625, 8.765625, 3.70703125, 0.990234375, 9.0078125, 2.66796875, 4.0234375, 3.564453125, 2.794921875, 4.00390625, 0.8017578125, 4.41796875, 7.33203125, 0.7841796875, 2.091796875, 1.361328125, 4.2109375, 4.3359375, 2.017578125, 1.69921875, 8.296875, 6.37890625, 1.9794921875, 7.22265625, 8.484375, 1.4609375, 1.1572265625, 7.40234375, 7.3359375, 3.927734375, 0.62451171875, 6.875, 6.64453125, 0.04705810546875, 1.0029296875, 8.1875, 4.03125, 5.03515625, 0.333740234375, 2.853515625, 2.576171875, 1.1884765625, 3.70703125, 6.046875, 9.9609375, 2.9375, 3.845703125, 3.763671875, 5.80078125, 0.8662109375, 5.3515625, 8.1796875, 7.04296875, 7.45703125, 3.255859375, 9.625, 0.28369140625, 0.09014892578125, 0.7314453125, 5.3046875, 8.578125, 4.22265625, 3.677734375, 4.5078125, 4.3671875, 0.91650390625, 2.119140625, 5.09375, 0.2357177734375, 8.640625, 6.796875, 2.619140625, 6.08203125, 2.166015625, 2.951171875, 4.28125, 9.9375, 3.71484375, 5.703125, 3.63671875, 1.1669921875, 0.32666015625, 7.921875, 3.6171875, 2.380859375, 2.220703125, 2.416015625, 0.3486328125, 0.98388671875, 11.2265625, 0.024261474609375, 7.8046875, 1.49609375, 6.671875, 3.00390625, 8.1953125, 0.685546875, 7.03125, 9.5859375, 8.3359375, 1.28515625, 1.28125, 5.32421875, 5.76171875, 8.984375, 0.7294921875, 1.673828125, 8.0859375, 1.52734375, 4.0859375, 1.068359375, 1.51953125, 5.10546875, 5.328125, 0.9599609375, 10.25, 3.36328125, 8.671875, 3.66015625, 0.310791015625, 5.078125, 5.046875, 4.77734375, 1.3310546875, 3.0078125, 8.0703125, 0.91845703125, 5.2734375, 1.505859375, 5.27734375, 1.4072265625, 1.0283203125, 6.71484375, 0.2130126953125, 0.27734375, 6.73046875, 0.1915283203125, 5.171875, 2.771484375, 0.333251953125, 4.7734375, 2.404296875, 9.15625, 5.0859375, 2.06640625, 3.087890625, 4.11328125, 2.8828125, 8.0859375, 3.365234375, 5.58984375, 15.03125, 0.321044921875, 0.509765625, 12.625, 3.755859375, 4.8671875, 0.79833984375, 5.46484375, 0.046966552734375, 3.646484375, 2.328125, 3.130859375, 0.60791015625, 6.89453125, 5.671875, 0.8271484375, 8.6484375, 1.208984375, 0.04998779296875, 7.1953125, 0.419921875, 4.484375, 0.0247344970703125, 0.04913330078125, 7.99609375, 0.1263427734375, 0.5849609375, 4.234375, 0.016387939453125, 0.06793212890625, 7.79296875, 0.21142578125, 0.70263671875, 0.62060546875, 6.953125, 2.65234375, 3.30078125, 2.421875, 0.13525390625, 0.0400390625, 0.0079498291015625, 0.005092620849609375, 0.1336669921875, 0.640625, 2.998046875, 4.1328125, 1.7353515625, 6.234375, 1.0361328125, 2.314453125, 5.0625, 0.654296875, 3.806640625, 8.390625, 0.014068603515625, 1.0244140625, 0.36328125, 10.015625, 10.8515625, 5.19140625, 4.2734375, 0.034393310546875, 3.392578125, 3.177734375, 0.009857177734375, 2.455078125, 0.002552032470703125, 0.009033203125, 0.005092620849609375, 0.035125732421875, 2.310546875, 3.529296875, 0.054718017578125, 1.4912109375, 9.0, 0.771484375, 0.01276397705078125, 0.07037353515625, 0.001674652099609375, 0.45849609375, 0.0006289482116699219, 4.60546875, 5.5625, 6.58984375, 0.0057525634765625, 3.068359375, 1.23828125, 7.453125, 0.026580810546875, 0.322998046875, 10.7265625, 3.529296875, 0.0654296875, 0.002044677734375, 0.0220184326171875, 0.002155303955078125, 0.6533203125, 0.38330078125, 0.0007143020629882812, 0.00023949146270751953, 0.0002760887145996094, 6.71875, 5.3828125]",-1.2117628257850122
452,1,test,2.8336788178150676,1.2191723037393518,1.6316768817732366,5.028390843377718,2.163433205655124,2.8954266235387824,17.00791489584573,11.982507552180142,13.681144653840711,30.180711726941933,21.263077126907902,24.277325317109497,2.8277155664098923,1.1545270655753053,1.6574005833540262,5.017808995295986,2.0487195967561793,2.941073584187047,16.906794227086177,11.577661546550706,13.683786555619719,30.001272108849,20.54467392083998,24.282013397717346,2.8248523541517483,1.2107217988619337,1.695274276928816,5.0127281970732005,2.148437701902059,3.0082808247462327,16.85845572133356,11.834937368597936,13.764105073692402,29.91549495648406,21.00121238937477,24.424539395473772,0.6130653266331658,0.0030653266331658324,-0.001934673366834172,0.48743718592964824,-0.007562814070351753,0.0024371859296482556,0.37688442211055273,-0.003115577889447274,-0.003115577889447274,0.3850415512465374,0.08213698693118465,0.13186462065025195,0.37222222222222223,0.37688442211055273,0.07863880807546497,0.14983934698534407,0.36868686868686873,0.3846153846153846,0.07409785540002567,0.13656199195687513,0.3791946308724832,17.0,7.0,7.0,25.0,10.0,9.0,31.0,10.0,9.0,-0.0007601849687442881,-6.184067843616195e-05,-0.000275833261236799,0.004413327414638957,0.0036328415011634974,0.004072204635873433,"[3.056640625, 9.4453125, 2.48046875, 1.80859375, 0.8740234375, 1.9931640625, 1.1474609375, 4.828125, 3.970703125, 10.171875, 0.9443359375, 0.84228515625, 2.41015625, 3.798828125, 8.9296875, 0.280517578125, 0.0204010009765625, 0.708984375, 5.99609375, 2.658203125, 1.859375, 6.59375, 4.34765625, 2.138671875, 1.9130859375, 0.128173828125, 1.400390625, 2.037109375, 1.10546875, 6.73828125, 2.572265625, 3.73828125, 2.078125, 0.11688232421875, 0.352783203125, 4.65234375, 3.501953125, 8.53125, 1.0634765625, 3.68359375, 4.9921875, 0.010284423828125, 3.71875, 2.08203125, 9.15625, 0.495361328125, 3.486328125, 1.4521484375, 2.02734375, 0.0182037353515625, 7.453125, 0.025787353515625, 0.39208984375, 3.15625, 3.654296875, 1.029296875, 6.38671875, 0.01335906982421875, 4.51171875, 6.42578125, 0.061767578125, 3.109375, 0.01389312744140625, 0.01244354248046875, 0.37353515625, 0.494140625, 16.953125, 3.724609375, 6.0859375, 0.0011348724365234375, 8.2734375, 8.1015625, 4.16015625, 2.681640625, 1.9248046875, 0.0374755859375, 4.10546875, 6.9765625, 6.72265625, 5.57421875, 9.78125, 0.55810546875, 7.47265625, 1.2138671875, 0.64794921875, 5.5078125, 0.0251922607421875, 9.890625, 5.6796875, 7.01953125, 6.35546875, 9.875, 0.0015878677368164062, 0.0254364013671875, 3.23828125, 1.853515625, 7.53515625, 1.484375, 0.1976318359375, 2.634765625, 6.1171875, 1.7626953125, 7.1015625, 4.94140625, 0.8837890625, 7.0625, 0.181640625, 2.251953125, 2.94140625, 6.90625, 1.4501953125, 2.154296875, 5.73828125, 6.91015625, 0.875, 3.837890625, 1.150390625, 0.07867431640625, 1.5126953125, 3.83984375, 7.265625, 1.9462890625, 0.356689453125, 8.8515625, 0.017669677734375, 1.318359375, 0.58154296875, 0.00836944580078125, 0.693359375, 0.615234375, 6.2421875, 4.68359375, 0.0007338523864746094, 0.148193359375, 0.00043272972106933594, 0.005466461181640625, 0.0059356689453125, 5.91796875, 5.1015625, 1.98046875, 5.76171875, 0.1944580078125, 0.04327392578125, 0.07269287109375, 0.154296875, 3.962890625, 2.048828125, 6.51953125, 4.41796875, 0.124755859375, 0.0174407958984375, 3.798828125, 0.0008649826049804688, 0.0187530517578125, 0.0027980804443359375, 0.08502197265625, 1.6787109375, 0.8583984375, 0.26220703125, 0.0010652542114257812, 0.034454345703125, 0.0005350112915039062, 0.12396240234375, 8.821487426757812e-05, 0.41650390625, 8.15625, 2.52734375, 5.08984375, 0.51513671875, 2.837890625, 0.00098419189453125, 0.22509765625, 0.033599853515625, 10.3046875, 3.5234375, 2.9609375, 2.3125, 5.3359375, 3.369140625, 2.310546875, 10.6171875, 2.154296875, 2.4609375, 0.0188751220703125, 0.0004241466522216797, 0.010284423828125, 0.00014519691467285156, 0.8828125, 1.3798828125, 0.26416015625, 0.1121826171875, 2.298828125, 0.033782958984375, 8.058547973632812e-05, 0.004138946533203125, 0.0012111663818359375, 0.00044727325439453125, 6.51953125, 0.339599609375, 2.146484375, 0.03302001953125, 5.5546875, 2.001953125, 2.478515625, 4.85546875, 3.552734375, 1.84375, 1.287109375, 3.728515625, 5.984375, 0.3544921875, 1.3709068298339844e-05, 4.9140625, 5.24609375, 0.0577392578125, 2.033203125, 4.8515625, 3.6640625, 0.7861328125, 2.3126602172851562e-05, 1.076171875, 7.23828125, 0.033721923828125, 0.927734375, 7.09765625, 0.8017578125, 6.4849853515625e-05, 1.0966796875, 9.09375, 2.81640625, 0.0477294921875, 1.810546875, 6.125, 1.474609375, 0.00011789798736572266, 7.625, 7.37109375, 0.1417236328125, 1.97265625, 7.05859375, 0.78515625, 0.8857421875, 4.12109375, 1.326171875, 3.197265625, 1.8544921875, 5.87109375, 6.4375, 6.19140625, 2.55078125, 0.125, 0.90966796875, 2.1875, 1.8388671875, 3.650390625, 1.75390625, 2.15234375, 4.37890625, 3.431640625, 1.1826171875, 6.58203125, 1.4326171875, 0.1826171875, 2.88671875, 0.218994140625, 3.716796875, 0.67333984375, 0.1842041015625, 5.734375, 3.603515625, 1.158203125, 4.3125, 2.244140625, 1.029296875, 2.169921875, 1.5009765625, 2.33984375, 4.04296875, 2.94140625, 0.273193359375, 5.453125, 6.4765625, 8.1015625, 1.935546875, 0.58837890625, 0.340576171875, 3.66796875, 8.0390625, 0.041717529296875, 0.02557373046875, 0.283203125, 2.728515625, 4.4296875, 0.451171875, 0.98095703125, 4.3828125, 2.603515625, 5.125, 7.5859375, 1.7470703125, 1.8974609375, 0.5830078125, 1.322265625, 6.234375, 0.043670654296875, 0.00789642333984375, 0.043853759765625, 1.46875, 7.8984375, 0.01629638671875, 2.677734375, 2.048828125, 3.802734375, 7.609375, 1.3701171875, 4.609375, 1.9833984375, 9.7421875, 9.0859375, 0.10467529296875, 0.39501953125, 1.775390625, 2.28125, 5.42578125, 0.65771484375, 0.06427001953125, 3.6875, 5.90234375, 1.4599609375, 5.4955482482910156e-05, 5.42578125, 2.623046875, 4.19921875, 0.343994140625, 0.0086822509765625, 1.9833984375, 7.66796875, 0.00021266937255859375, 3.978515625, 6.70703125, 2.28125, 10.3046875, 0.141845703125, 1.4267578125, 2.052734375, 0.000881195068359375, 6.92578125, 0.3642578125, 0.000598907470703125, 0.00992584228515625, 0.95751953125, 7.578125, 1.3994140625, 0.0007958412170410156, 6.55859375, 2.37109375, 0.03680419921875, 2.548828125, 6.8046875, 0.481689453125, 0.91064453125]",-1.5275835036571004
316,1,test,3.3424598555928386,1.4769121725487553,1.6894545391326012,7.047545072877353,3.1140553826853474,3.562198957510721,28.288627127516,21.829154466478876,23.06597514004858,59.646303424526664,46.02656625715122,48.634390979253375,3.3896903177002566,1.48362637262792,2.0340619156144033,7.147130056660447,3.128212210210756,4.288800359809613,29.656766672427644,22.93020615969457,25.77756878551712,62.53101274799602,48.34812336501638,54.35176059965166,3.267381403358485,1.4253761353952987,2.0004279297316474,6.889242864628504,3.005392134536314,4.217883417877577,26.242530688802287,19.933353513351918,22.69250984974585,55.33212838629539,42.02928783239768,47.84694293790752,0.6934673366834171,0.008467336683417037,-0.0015326633165829717,0.592964824120603,-0.007035175879396949,-0.0020351758793969443,0.4723618090452262,0.017361809045226217,0.002361809045226204,0.4192825112107623,0.09901375421188219,0.12309482792630488,0.41348314606741576,0.39698492462311563,0.07367665394642386,0.14322866418905889,0.38888888888888884,0.4013377926421404,0.08581191618137252,0.14883501177450975,0.3825503355704698,20.0,5.0,5.0,29.0,7.0,6.0,42.0,10.0,10.0,0.0001809087819367168,1.2931282702919334e-05,-0.00011889010772353515,7.34571303526721e-05,-0.0002773837120182421,9.392846419498113e-05,"[1.517578125, 0.693359375, 5.00390625, 10.0234375, 5.76953125, 4.546875, 8.65625, 3.224609375, 7.42578125, 2.234375, 5.69140625, 2.287109375, 8.53125, 9.0078125, 1.4296875, 5.453125, 4.7890625, 0.6064453125, 0.061187744140625, 1.3955078125, 2.193359375, 9.5546875, 0.35595703125, 0.740234375, 8.1796875, 0.97265625, 10.140625, 6.328125, 0.442138671875, 0.92236328125, 3.732421875, 11.4453125, 0.66015625, 0.1929931640625, 0.315185546875, 7.90625, 5.3125, 2.49609375, 2.337890625, 4.6640625, 0.263427734375, 0.00789642333984375, 6.296875, 2.705078125, 4.8671875, 0.3994140625, 1.5517578125, 7.4453125, 3.123046875, 0.57177734375, 6.42578125, 1.0439453125, 2.197265625, 5.2734375, 0.04864501953125, 2.51171875, 0.0159454345703125, 0.032684326171875, 4.375, 4.75, 6.32421875, 2.724609375, 0.269287109375, 0.74755859375, 0.485107421875, 3.349609375, 0.00876617431640625, 4.62890625, 0.052886962890625, 0.0288543701171875, 8.0390625, 0.3291015625, 0.08349609375, 0.1767578125, 0.0343017578125, 0.94775390625, 0.24951171875, 7.78125, 0.0015020370483398438, 4.9765625, 0.00838470458984375, 4.8125, 0.048858642578125, 0.0178070068359375, 4.8046875, 3.28125, 6.828125, 8.7578125, 3.236328125, 0.1151123046875, 1.84375, 0.28759765625, 2.22265625, 0.0027103424072265625, 2.8515625, 0.0086822509765625, 12.015625, 7.8828125, 5.59765625, 3.3046875, 0.0134124755859375, 1.228515625, 3.138671875, 4.38671875, 0.03271484375, 7.30859375, 5.1796875, 3.955078125, 3.216796875, 3.515625, 3.302734375, 2.888671875, 2.865234375, 11.3125, 1.4462890625, 6.26171875, 4.7890625, 3.98828125, 2.466796875, 1.3232421875, 4.1796875, 5.7578125, 0.94921875, 3.833984375, 3.388671875, 3.396484375, 0.7900390625, 1.771484375, 11.84375, 1.080078125, 7.37109375, 4.953125, 1.5009765625, 0.0021381378173828125, 1.861328125, 8.109375, 3.16796875, 2.310546875, 6.34765625, 1.2451171875, 11.421875, 5.2421875, 6.34765625, 2.4609375, 3.21875, 5.046875, 0.43212890625, 7.09765625, 9.6328125, 4.51171875, 0.9775390625, 3.39453125, 3.93359375, 0.697265625, 0.12176513671875, 0.021942138671875, 0.94677734375, 0.2054443359375, 2.32421875, 3.103515625, 2.076171875, 1.4111328125, 5.4453125, 6.58984375, 7.96484375, 5.3828125, 0.43994140625, 4.828125, 7.765625, 2.912109375, 3.412109375, 2.978515625, 0.1773681640625, 3.0234375, 2.537109375, 1.05859375, 0.1732177734375, 0.0228424072265625, 0.00939178466796875, 0.37255859375, 9.046875, 1.0673828125, 1.12890625, 2.33203125, 1.7529296875, 0.0189666748046875, 0.91455078125, 5.4765625, 2.361328125, 0.77197265625, 15.9375, 2.693359375, 0.04840087890625, 2.7421875, 8.3125, 4.6796875, 10.203125, 0.1407470703125, 1.96484375, 0.00563812255859375, 0.003704071044921875, 9.8203125, 1.716796875, 0.9033203125, 0.232177734375, 7.48828125, 4.59375, 5.9921875, 1.25390625, 5.69140625, 2.34375, 1.2255859375, 0.325439453125, 1.6103515625, 3.099609375, 0.0633544921875, 0.1695556640625, 0.1458740234375, 5.93359375, 6.46484375, 7.640625, 4.44921875, 4.76171875, 7.75, 0.150390625, 10.0703125, 3.95703125, 0.11407470703125, 0.59228515625, 1.8505859375, 3.708984375, 1.240234375, 0.021148681640625, 4.16015625, 2.8125, 0.00943756103515625, 11.5546875, 13.6171875, 0.9091796875, 0.7333984375, 3.4375, 2.095703125, 0.03656005859375, 0.0058135986328125, 0.00672149658203125, 0.0132598876953125, 1.271484375, 3.0390625, 0.47607421875, 0.033477783203125, 9.0, 11.296875, 3.25, 2.896484375, 0.77294921875, 0.0207366943359375, 4.15234375, 0.01007080078125, 0.00800323486328125, 0.0283355712890625, 1.541015625, 0.053802490234375, 6.23046875, 2.91796875, 3.5, 2.462890625, 7.484375, 0.58447265625, 3.42578125, 0.91455078125, 6.54296875, 4.4296875, 8.0078125, 2.3203125, 5.49609375, 2.146484375, 7.05078125, 0.72509765625, 5.23828125, 3.513671875, 1.4453125, 2.46875, 4.19921875, 2.955078125, 1.822265625, 9.546875, 0.208984375, 2.95703125, 1.3359375, 1.908203125, 0.0672607421875, 0.1357421875, 0.12451171875, 1.1259765625, 10.859375, 0.1346435546875, 3.759765625, 2.306640625, 3.416015625, 1.9677734375, 5.703125, 1.828125, 3.9921875, 6.3828125, 1.66796875, 4.98046875, 1.447265625, 3.453125, 0.053070068359375, 4.40234375, 0.8515625, 4.80859375, 9.0546875, 3.9296875, 6.26171875, 3.478515625, 4.26171875, 4.90234375, 3.21875, 1.53125, 7.5546875, 14.375, 6.38671875, 6.8671875, 0.226806640625, 0.499755859375, 7.41015625, 0.798828125, 4.6171875, 0.90283203125, 2.37890625, 8.8671875, 4.28515625, 1.953125, 0.395751953125, 5.265625, 4.7578125, 2.353515625, 0.435546875, 6.19921875, 2.517578125, 8.515625, 4.53125, 1.4853515625, 5.13671875, 0.4013671875, 6.34375, 1.1845703125, 5.875, 2.451171875, 3.029296875, 3.48046875, 1.275390625, 2.94921875, 2.947265625, 3.06640625, 0.2188720703125, 2.677734375, 0.8134765625, 7.5234375, 0.84814453125, 1.3359375, 3.373046875, 2.875, 2.12890625, 0.0017309188842773438, 6.26171875, 1.8349609375, 2.583984375, 4.53515625, 6.2734375, 1.10546875, 6.54296875, 7.7734375, 0.2724609375, 2.4296875, 8.4921875, 3.017578125, 0.7109375, 0.10223388671875, 3.46484375, 0.423828125, 0.01026153564453125, 0.0014476776123046875, 0.00012564659118652344, 4.875, 6.765625, 0.005035400390625, 2.7109375, 0.1806640625, 0.96044921875, 7.36328125, 4.0703125, 5.38671875, 4.64453125, 9.109375, 0.6318359375, 5.62109375, 5.9921875, 0.0904541015625, 1.0849609375, 0.72216796875, 8.3984375, 1.6298828125, 8.0703125, 6.33203125, 0.252197265625, 0.312744140625, 0.35791015625, 7.3359375, 3.44140625, 3.59375, 6.30859375, 4.9765625, 0.03790283203125, 0.53173828125, 5.67578125, 0.72705078125, 0.047454833984375, 1.681640625, 1.798828125, 5.7578125, 2.76171875, 0.6845703125, 1.40625, 7.39453125, 7.2890625, 9.640625, 8.2265625, 4.3203125, 2.23828125, 0.76611328125, 1.390625, 2.9921875, 0.0016069412231445312, 1.7978515625, 5.1953125, 0.437255859375, 0.02825927734375, 0.1964111328125, 5.23046875, 2.314453125, 3.71875, 3.4453125, 5.21484375, 4.51953125]",-0.5951727051371418
306,1,test,2.8681790347425093,1.2041377375470157,1.6738182882869228,5.614677746798972,2.3571908438041578,3.2766261037374305,17.60493102613048,12.324322737853638,14.303484391795244,34.46298619054633,24.12579542016197,28.0001542942416,3.0512315010904665,1.231907553236556,1.7510538254356938,5.973016817286186,2.4115523617903487,3.4278205188832063,21.141364010509594,14.973676648681064,17.471415340281595,41.385821669058174,29.312106409236264,34.201619120672454,2.989482146043044,1.266684152814533,1.7677821431054301,5.852137776799413,2.479630190055116,3.4605674680185086,19.87538727813828,14.275211460648874,16.482436418141614,38.907576308113114,27.944807889633854,32.26561795793782,0.6582914572864322,-0.0017085427135676845,-0.0017085427135676845,0.5376884422110553,0.007688442211055246,0.007688442211055246,0.4170854271356784,-0.007914572864321623,-0.012914572864321627,0.3944099378881988,0.0998362944773461,0.1423438221857194,0.33644859813084116,0.4170854271356784,0.10881475044394906,0.16165971761981868,0.3535353535353535,0.3913043478260869,0.092472962183349,0.14325095516757747,0.3422818791946308,19.0,1.0,1.0,29.0,4.0,4.0,35.0,0.0,0.0,-0.0005621864730126146,-0.0006441624700895417,-4.8403909248998234e-05,0.005647438247404324,0.007199843593517663,0.00639564349918853,"[3.056640625, 9.4453125, 2.4296875, 1.0791015625, 0.80224609375, 2.9921875, 1.615234375, 10.1953125, 0.64306640625, 0.64208984375, 0.888671875, 7.01171875, 7.35546875, 1.0126953125, 8.6796875, 8.5390625, 8.71875, 3.62109375, 5.5625, 1.7568359375, 5.3359375, 9.7265625, 2.169921875, 0.56103515625, 4.48828125, 1.396484375, 8.4609375, 5.12109375, 1.91796875, 7.0078125, 8.359375, 8.0859375, 3.72265625, 14.171875, 3.34765625, 3.23046875, 3.349609375, 4.9140625, 7.8359375, 2.66796875, 3.4453125, 2.509765625, 6.25390625, 5.28125, 5.12890625, 3.4609375, 6.37109375, 2.87890625, 4.8125, 0.002521514892578125, 1.376953125, 0.0027923583984375, 2.583984375, 4.2265625, 0.06219482421875, 1.5634765625, 0.0089569091796875, 3.30078125, 0.0611572265625, 0.2034912109375, 7.00390625, 1.1259765625, 0.0189208984375, 3.7421875, 0.10040283203125, 5.53515625, 1.1435546875, 3.29296875, 2.50390625, 2.17578125, 6.1328125, 2.77734375, 0.43359375, 5.5078125, 0.51123046875, 1.7958984375, 1.3994140625, 0.4658203125, 1.5078125, 3.796875, 0.0465087890625, 5.13671875, 4.35546875, 0.1290283203125, 0.038116455078125, 2.3125, 0.007640838623046875, 0.033843994140625, 0.00013816356658935547, 0.0070648193359375, 0.00678253173828125, 3.888671875, 4.26171875, 0.99169921875, 3.916015625, 1.31640625, 0.07403564453125, 0.79150390625, 0.0002522468566894531, 4.0078125, 2.546875, 2.919921875, 6.58984375, 0.08111572265625, 0.0018205642700195312, 0.08453369140625, 3.3984375, 6.02734375, 6.9140625, 0.379150390625, 7.0859375, 0.5009765625, 0.86376953125, 0.2408447265625, 0.0088958740234375, 0.0041656494140625, 0.00023376941680908203, 0.6923828125, 0.2003173828125, 0.00756072998046875, 0.0002734661102294922, 0.0006375312805175781, 1.6455078125, 1.61328125, 5.453125, 4.30859375, 0.0333251953125, 1.498046875, 0.405029296875, 0.412109375, 0.2548828125, 4.4921875, 0.437255859375, 1.236328125, 0.81005859375, 0.59814453125, 5.60546875, 0.0019378662109375, 0.08331298828125, 2.443359375, 4.03125, 1.49609375, 0.8544921875, 2.49609375, 0.6279296875, 7.1328125, 2.150390625, 3.779296875, 7.22265625, 5.78515625, 1.396484375, 5.62109375, 0.1029052734375, 4.62109375, 3.41796875, 9.125, 8.6171875, 2.583984375, 0.60791015625, 4.4296875, 4.61328125, 2.421875, 10.1640625, 13.21875, 5.453125, 3.650390625, 2.267578125, 0.595703125, 2.013671875, 1.1416015625, 4.04296875, 2.6328125, 2.556640625, 5.63671875, 11.2890625, 6.40234375, 7.03515625, 0.5654296875, 4.82421875, 5.71875, 0.6591796875, 0.63623046875, 0.44970703125, 0.2105712890625, 3.07421875, 3.44921875, 0.09088134765625, 16.03125, 1.185546875, 0.68017578125, 2.892578125, 0.6552734375, 0.2020263671875, 0.06585693359375, 0.0643310546875, 0.036773681640625, 2.212890625, 1.4873046875, 3.75390625, 0.303955078125, 1.2490234375, 0.68505859375, 0.8427734375, 1.732421875, 6.26953125, 0.1297607421875, 0.71337890625, 3.060546875, 0.09478759765625, 2.310546875, 1.791015625, 0.0501708984375, 3.634765625, 3.826171875, 9.421875, 7.51171875, 0.15087890625, 11.671875, 2.248046875, 0.0770263671875, 2.6171875, 7.578125, 0.01708984375, 13.5859375, 11.734375, 2.162109375, 0.74853515625, 2.302734375, 0.458740234375, 4.83203125, 3.384765625, 2.486328125, 1.369140625, 2.46875, 0.40576171875, 3.90234375, 8.1328125, 3.560546875, 2.201171875, 0.560546875, 3.259765625, 0.58935546875, 4.96484375, 10.0625, 5.7890625, 0.06695556640625, 3.154296875, 1.322265625, 0.09808349609375, 0.054046630859375, 0.0233001708984375, 0.015899658203125, 0.55908203125, 2.33203125, 2.611328125, 5.30859375, 2.189453125, 2.109375, 7.421875, 1.4091796875, 0.1962890625, 1.560546875, 6.2109375, 8.5546875, 3.912109375, 0.415771484375, 2.89453125, 1.529296875, 5.8203125, 0.38818359375, 1.3193359375, 5.33203125, 1.1474609375, 1.7568359375, 0.00026416778564453125, 4.08203125, 2.087890625, 3.109375, 0.6748046875, 1.0859375, 9.453125, 0.06298828125, 0.1669921875, 0.2291259765625, 0.035980224609375, 0.7392578125, 0.224853515625, 1.2509765625, 9.046875, 0.0029888153076171875, 0.028228759765625, 3.005859375, 1.494140625, 0.28857421875, 1.10546875, 0.241943359375, 0.2418212890625, 13.125, 2.970703125, 1.3994140625, 1.1787109375, 3.576171875, 3.1328125, 0.4990234375, 1.759765625, 0.0002799034118652344, 1.60546875, 1.3720703125, 0.822265625, 5.03515625, 3.244140625, 0.0295257568359375, 1.306640625, 1.46484375, 0.0684814453125, 0.07733154296875, 0.0156402587890625, 0.01085662841796875, 0.19775390625, 0.032073974609375, 0.1090087890625, 7.38671875]",-1.4502323155077348
442,1,test,2.6770103931427003,1.1128511898908604,1.3932369237071958,5.602403193896579,2.3289566138953055,2.9157432527068115,14.541554714997122,9.76289934657903,10.931317540708896,30.432325846849647,20.4316347150056,22.876881038803155,2.5711133198522442,1.012831451230724,1.425220184518745,5.380783545670161,2.1196369546374947,2.982677293374281,13.080378983097614,8.329726998124872,9.935129747127824,27.374401376998097,17.432315264117,20.792075656360293,3.0090102591243477,1.2348764588581647,1.7222209244686115,6.297207037136521,2.584329084002138,3.604235542960083,20.267330589633417,14.37215806240679,16.64618899174357,42.41513515150086,30.07781532648019,34.83686974560768,0.5226130653266332,-0.017386934673366827,-0.012386934673366712,0.4321608040201005,0.0021608040201004375,0.007160804020100442,0.35678391959798994,0.001783919597989958,0.001783919597989958,0.3925925925925926,0.10899209937434351,0.13550559357010972,0.3589108910891089,0.3869346733668342,0.10873918464502963,0.15154235283261053,0.31313131313131315,0.41137123745819393,0.115878749979062,0.16220549774740411,0.3993288590604027,24.0,8.0,7.0,34.0,9.0,10.0,43.0,10.0,9.0,-0.0017575145162245732,-0.0006607456701149073,-0.0006297062915998978,0.027734592428663163,0.02687933095381556,0.02765544709025214,"[3.056640625, 9.4453125, 2.48046875, 1.80859375, 8.875, 2.529296875, 2.5859375, 4.54296875, 7.35546875, 4.88671875, 1.75, 2.81640625, 8.375, 2.201171875, 5.265625, 4.15234375, 11.765625, 8.859375, 1.05078125, 3.46875, 2.162109375, 7.1171875, 0.34912109375, 0.0787353515625, 0.452880859375, 3.05078125, 3.416015625, 6.3515625, 2.294921875, 1.478515625, 5.27734375, 1.7177734375, 7.21875, 1.2861328125, 1.5234375, 3.47265625, 1.5166015625, 4.4140625, 4.31640625, 4.3984375, 3.087890625, 1.208984375, 4.7578125, 1.8837890625, 2.34375, 0.53369140625, 6.28515625, 0.1295166015625, 0.6640625, 4.7265625, 0.06988525390625, 0.5185546875, 2.92578125, 2.59765625, 0.0295257568359375, 10.953125, 3.271484375, 1.279296875, 0.28857421875, 0.54638671875, 0.103515625, 0.42626953125, 9.234375, 6.2578125, 5.62890625, 5.1875, 1.5478515625, 3.771484375, 3.8046875, 0.0007033348083496094, 1.1142578125, 9.09375, 0.0892333984375, 0.006328582763671875, 0.0017271041870117188, 7.9140625, 0.755859375, 0.058868408203125, 4.25390625, 2.9453125, 0.004116058349609375, 0.1824951171875, 0.0002923011779785156, 0.005039215087890625, 0.0027942657470703125, 0.55029296875, 2.529296875, 0.3564453125, 4.234375, 0.03643798828125, 4.8671875, 3.73828125, 1.8427734375, 5.859375, 0.01514434814453125, 0.748046875, 0.3095703125, 3.1171875, 0.0147857666015625, 9.15625, 0.1463623046875, 0.0018796920776367188, 0.1966552734375, 0.071533203125, 3.306640625, 0.00719451904296875, 7.953125, 0.347412109375, 0.0026416778564453125, 0.1925048828125, 0.039764404296875, 2.53125, 0.01239013671875, 4.30078125, 0.509765625, 4.703125, 7.92578125, 7.171875, 4.515625, 7.1015625, 6.26953125, 0.069580078125, 0.000713348388671875, 0.74853515625, 0.019683837890625, 4.30078125, 0.01355743408203125, 3.9375, 4.921875, 0.1490478515625, 0.01448822021484375, 0.0003762245178222656, 0.8271484375, 0.0020084381103515625, 0.6591796875, 6.0703125, 5.10546875, 0.059356689453125, 1.595703125, 8.9375, 0.0210723876953125, 0.0007662773132324219, 0.001926422119140625, 10.8203125, 3.3671875, 2.5, 1.16796875, 0.1405029296875, 0.003253936767578125, 7.06640625, 6.40625, 1.3671875, 0.01551055908203125, 0.0012884140014648438, 0.001682281494140625, 6.92605972290039e-05, 8.7109375, 5.21875, 4.765625, 1.798828125, 1.5068359375, 0.25634765625, 0.369140625, 0.16162109375, 0.31591796875, 0.1317138671875, 0.1527099609375, 0.04925537109375, 0.1080322265625, 0.038116455078125, 0.03802490234375, 0.04937744140625, 0.0933837890625, 0.049407958984375, 0.050201416015625, 0.0284271240234375, 0.0474853515625, 0.0261688232421875, 0.034271240234375, 0.0243988037109375, 0.04931640625, 0.05120849609375, 0.036102294921875, 0.0231475830078125, 0.0184478759765625, 0.0198516845703125, 12.015625, 9.4375, 1.7255859375, 0.2020263671875, 6.50390625, 0.0096893310546875, 0.0029163360595703125, 0.005115509033203125, 2.138671875, 7.08984375, 9.6953125, 1.0322265625, 1.109375, 6.3125, 2.73046875, 4.1953125, 9.6875, 6.66015625, 1.4794921875, 0.11053466796875, 0.24560546875, 3.60546875, 0.36181640625, 0.0175323486328125, 1.40234375, 3.134765625, 5.22265625, 8.3671875, 9.375, 1.1552734375, 5.36328125, 5.88671875, 0.92041015625, 6.80078125, 11.0234375, 4.3984375, 3.537109375, 11.2265625, 0.285400390625, 4.6484375, 3.392578125, 6.23828125, 8.0546875, 11.734375, 6.1015625, 1.853515625, 7.19140625, 3.54296875, 1.3896484375, 1.1953125, 6.8515625, 2.26953125, 2.259765625, 3.939453125, 0.0888671875, 7.4140625, 0.0030345916748046875, 0.0006704330444335938, 0.0017004013061523438, 6.33984375, 0.42236328125, 7.0234375, 7.046875, 2.91796875, 1.822265625, 2.8984375, 4.19140625, 4.953125, 4.3046875, 0.7333984375, 0.004467010498046875, 2.130859375, 10.75, 1.935546875, 2.46484375, 9.359375, 0.587890625, 9.0546875, 2.259765625, 4.84765625, 5.3125, 2.1328125, 5.65234375, 6.2109375, 3.138671875, 3.439453125, 6.765625, 0.01922607421875, 4.10546875, 4.55078125, 5.25, 0.01535797119140625, 0.9814453125, 3.49609375, 3.60546875, 0.342529296875, 4.2734375, 0.0540771484375, 2.697265625, 0.420166015625, 0.0548095703125, 1.98046875, 5.90234375, 10.296875, 0.546875, 2.494140625, 5.98828125, 7.33984375, 1.384765625, 1.1572265625, 7.07421875, 0.9384765625, 3.271484375, 0.006439208984375, 3.203125, 2.25390625, 1.0849609375, 7.046875, 0.0189056396484375, 0.0011844635009765625, 0.00301361083984375, 1.7763671875, 5.4296875, 0.7607421875, 0.0011119842529296875, 0.0478515625, 0.004547119140625, 0.001956939697265625, 6.6171875, 6.8046875, 6.84375, 4.69921875, 1.673828125, 2.77734375, 3.095703125, 7.46875, 7.48828125, 7.78125, 1.98046875, 2.65234375, 2.234375, 3.765625, 1.1142578125, 0.2410888671875, 1.3544921875, 0.0306396484375, 0.23681640625, 2.28515625, 2.712890625, 0.11444091796875, 0.0089874267578125, 0.45361328125, 0.845703125, 0.91650390625, 0.048431396484375, 2.224609375, 3.931640625, 0.447021484375, 0.472900390625, 0.0007228851318359375, 1.248046875, 9.6015625, 2.24609375, 0.87646484375, 0.1544189453125, 0.525390625, 1.46875, 0.049346923828125, 4.125, 1.0302734375, 0.1689453125, 0.49755859375, 0.60546875, 0.10028076171875, 0.01349639892578125, 0.044921875, 0.24951171875, 0.1529541015625, 0.00940704345703125, 4.7734375, 0.456298828125, 0.030670166015625, 0.00325775146484375, 0.037322998046875, 0.067626953125, 0.1522216796875, 0.00742340087890625, 3.36328125, 0.00225830078125, 0.1204833984375, 2.96484375, 0.0709228515625, 4.046875, 1.759765625, 0.2095947265625, 0.00027680397033691406, 0.00018727779388427734, 0.0114288330078125, 2.97265625, 8.1796875, 0.257568359375, 4.1953125, 0.8662109375, 0.04705810546875, 1.712890625, 3.57421875, 1.712890625, 2.400390625, 0.479248046875, 0.5576171875, 0.0227508544921875, 2.2265625, 0.876953125, 0.07183837890625, 0.318603515625, 0.29931640625, 0.0164031982421875, 5.1015625, 3.625]",-1.1689757347106933
126,1,test,3.9021066939270734,1.8270336959488884,2.499888986330354,5.775890601406906,2.704371658855038,3.7003307272909702,49.50663465003763,41.54150677399332,45.44243145584743,73.27962257604581,61.48965606645546,67.26379705593259,3.659584082550739,1.6282420906242443,2.27907614668604,5.41690911229045,2.410120718300243,3.3734839993026045,38.84518312152447,31.22087186099012,34.86826198608763,57.498563135325824,46.21307270512894,51.611932345743575,3.8768701321326646,1.8099414547095485,2.4684766965533393,5.738535492612211,2.6790717572185887,3.6538343181655857,48.27289061290454,40.37236984393461,44.18351034195252,71.4534370953389,59.759101897705186,65.40034451605844,0.6934673366834171,0.008467336683417037,-0.01153266331658298,0.5728643216080402,-0.0021356783919597166,0.0028643216080401768,0.4824120603015075,-0.012587939698492479,-0.012587939698492479,0.4429530201342282,0.13307027306555153,0.2018815915627996,0.44781144781144777,0.42713567839195976,0.11635873603607005,0.181726663366918,0.40909090909090906,0.43624161073825507,0.12803390554562522,0.19851839645254077,0.4377104377104377,21.0,1.0,1.0,31.0,0.0,0.0,45.0,1.0,4.0,0.0005286978408624521,4.0275060423033645e-06,6.571098690506339e-05,-0.0005109839999661858,-0.00010751935559483172,3.6801216390713876e-05,"[3.056640625, 9.4453125, 2.4296875, 1.0791015625, 3.802734375, 6.9140625, 0.08319091796875, 6.796875, 4.640625, 2.513671875, 12.59375, 12.2421875, 5.8984375, 3.8046875, 7.015625, 3.6171875, 5.0, 2.974609375, 1.8974609375, 2.703125, 5.015625, 5.52734375, 2.1640625, 2.103515625, 0.63720703125, 0.845703125, 0.0222015380859375, 0.849609375, 3.49609375, 0.016571044921875, 8.3828125, 8.6875, 7.703125, 0.76416015625, 4.46484375, 2.466796875, 3.943359375, 7.9375, 3.234375, 0.057403564453125, 0.42138671875, 4.5234375, 0.517578125, 3.58203125, 3.369140625, 0.49560546875, 0.006988525390625, 5.58984375, 3.830078125, 7.8515625, 2.62890625, 0.0860595703125, 9.2578125, 11.703125, 1.6513671875, 7.671875, 1.4443359375, 2.029296875, 0.8125, 4.78125, 3.302734375, 0.034820556640625, 15.5234375, 10.296875, 2.0078125, 4.4921875, 1.091796875, 1.353515625, 5.640625, 1.162109375, 2.5390625, 8.3125, 0.9765625, 0.98583984375, 3.51953125, 4.25, 0.00487518310546875, 0.274658203125, 0.00032782554626464844, 0.001583099365234375, 0.0030117034912109375, 1.60546875, 0.0028896331787109375, 0.01241302490234375, 6.12890625, 4.17578125, 6.37890625, 1.87890625, 0.00321197509765625, 0.006893157958984375, 7.171875, 5.20703125, 5.33984375, 0.0030670166015625, 0.0034427642822265625, 10.0, 6.3515625, 6.19921875, 5.30078125, 4.4765625, 0.26953125, 0.00664520263671875, 5.56640625, 7.2265625, 0.10809326171875, 8.5546875, 4.08203125, 3.908203125, 1.2119140625, 0.0035648345947265625, 0.0178070068359375, 3.8125, 0.37255859375, 0.00820159912109375, 0.053375244140625, 4.53125, 4.8203125, 4.60546875, 11.171875, 2.576171875, 2.40234375, 5.15625, 0.2388916015625, 0.10888671875, 0.61767578125, 0.1729736328125, 0.66455078125, 0.00328826904296875, 1.1396484375, 0.002361297607421875, 3.115234375, 10.5546875, 1.7470703125, 7.4453125, 13.25, 3.4453125, 6.7421875, 5.28125, 6.16796875, 5.0078125, 0.0027446746826171875, 0.12347412109375, 5.88671875, 8.2890625, 0.005840301513671875, 1.9423828125, 6.91796875, 0.056427001953125, 0.009429931640625, 0.0109100341796875, 0.004596710205078125, 5.8125, 1.1044921875, 0.4189453125, 0.0092010498046875, 0.013763427734375, 6.01953125, 1.376953125, 9.0234375, 0.2371826171875, 1.4560546875, 1.58203125, 3.361328125, 0.053985595703125, 0.003627777099609375, 6.66796875, 13.328125, 3.83203125, 6.82421875, 3.18359375, 0.85205078125, 2.16015625, 4.140625, 0.65478515625, 1.2041015625, 9.421875, 4.28515625, 1.6533203125, 3.998046875, 2.021484375, 3.46484375, 6.65625, 0.2208251953125, 1.9970703125, 10.1328125, 0.8232421875, 12.3984375, 13.0078125, 7.33203125, 1.35546875, 13.484375, 11.9296875, 0.0301055908203125, 6.95703125, 5.5703125, 1.0478515625, 4.3203125, 1.853515625, 0.051788330078125, 8.6796875, 7.26953125, 6.27734375, 6.26953125, 0.8623046875, 5.27734375, 7.90234375, 10.7421875, 3.865234375, 4.0234375, 1.845703125, 6.91796875, 7.3046875, 4.94140625, 5.6015625, 3.25390625, 3.095703125, 6.4375, 8.0546875, 9.875, 9.5390625, 1.3662109375, 6.1640625, 0.87109375, 4.56640625, 0.5478515625, 8.3125, 0.284423828125, 1.865234375, 2.568359375, 7.5546875, 3.14453125, 8.296875, 1.904296875, 0.5185546875, 1.35546875, 7.41015625, 1.5830078125, 1.7314453125, 11.109375, 0.142333984375, 1.701171875, 6.359375, 6.34765625, 1.1953125, 3.6015625, 1.912109375, 4.10546875, 5.359375, 9.9609375, 6.37890625, 0.8544921875, 3.84375, 7.9765625, 3.61328125, 5.8671875, 2.0078125, 1.6728515625, 8.828125, 5.43359375, 0.7255859375, 5.80859375, 5.23828125, 3.568359375, 8.625, 1.1748046875, 7.5, 4.9765625, 3.109375, 9.7890625, 1.23046875, 1.078125, 3.765625, 0.46044921875, 4.63671875, 8.4296875, 5.1484375, 2.5546875, 6.296875, 1.107421875, 6.71484375, 1.3447265625, 5.0625, 4.125, 0.2607421875, 2.18359375, 4.23828125, 0.0107574462890625, 0.00885009765625, 0.69921875, 9.265625, 1.376953125, 4.06640625, 1.30859375, 9.828125, 1.2724609375, 0.1417236328125, 4.50390625, 2.98046875]",-1.0778785431945086
226,1,test,3.3480297322799304,1.4975733695607079,2.055325360833242,5.61990705061274,2.513783870334045,3.4500104271129413,28.446630914582403,22.08390834507867,24.80400665819372,47.74970189233475,37.06941757923919,41.635296890539465,3.5026231123574414,1.4786472049456512,2.0948876658987743,5.879403081457134,2.482014951158772,3.516418582044372,33.20243153867948,25.634075261681925,29.11574115040216,55.73265293992627,43.02862633210895,48.87285121674649,3.3480297322799304,1.4975733695607079,2.055325360833242,5.61990705061274,2.513783870334045,3.4500104271129413,28.446630914582403,22.08390834507867,24.80400665819372,47.74970189233475,37.06941757923919,41.635296890539465,0.6984924623115578,-0.006507537688442255,-0.0015075376884421399,0.5829145728643217,-0.012085427135678284,-0.0070854271356783904,0.49246231155778897,0.0024623115577889765,0.007462311557788981,0.4555160142348754,0.1429050018014829,0.22001305565499374,0.40714285714285714,0.457286432160804,0.13397816148411223,0.20686906989035325,0.398989898989899,0.4555160142348754,0.1429050018014829,0.22001305565499374,0.40714285714285714,25.0,8.0,8.0,37.0,9.0,10.0,44.0,7.0,7.0,-0.0007013031351556678,-0.00032732330742979714,-0.00011653036921496235,0.00025954392907312496,-0.0001733692814402943,-2.277625207813827e-05,"[3.0625, 9.453125, 2.48046875, 1.494140625, 0.81689453125, 10.96875, 0.52392578125, 10.2734375, 0.345703125, 8.8671875, 4.1640625, 8.03125, 0.68310546875, 5.15234375, 2.267578125, 3.5625, 6.12109375, 10.578125, 1.07421875, 0.5234375, 12.546875, 0.03387451171875, 3.1875, 4.4921875, 1.5732421875, 0.12066650390625, 0.306884765625, 2.44921875, 5.67578125, 0.5244140625, 3.59375, 1.177734375, 4.1015625, 7.4765625, 6.51171875, 4.09375, 4.4296875, 1.5087890625, 2.640625, 5.75390625, 9.6796875, 0.1387939453125, 3.404296875, 0.94580078125, 5.14453125, 0.0034275054931640625, 5.328125, 1.9658203125, 3.578125, 4.58203125, 3.716796875, 4.04296875, 4.19140625, 9.9453125, 0.10137939453125, 6.1796875, 8.125, 6.1015625, 3.5390625, 4.69921875, 1.1669921875, 2.041015625, 4.75390625, 4.25, 3.474609375, 4.75390625, 0.60009765625, 0.33642578125, 3.47265625, 0.00502777099609375, 6.4921875, 2.609375, 4.984375, 9.3828125, 0.24755859375, 0.02264404296875, 0.062042236328125, 2.4921875, 2.720703125, 7.96484375, 0.342041015625, 9.6015625, 6.1484375, 9.3984375, 0.8515625, 0.401611328125, 3.9296875, 5.21875, 2.087890625, 1.6796875, 6.94140625, 2.48046875, 1.8173828125, 7.28125, 0.7138671875, 0.09130859375, 0.7490234375, 1.791015625, 9.171875, 5.1328125, 0.33642578125, 0.2191162109375, 8.296875, 0.3134765625, 6.20703125, 3.060546875, 0.2158203125, 7.52734375, 0.0909423828125, 0.6435546875, 0.8486328125, 0.78125, 9.5078125, 0.054443359375, 0.300048828125, 8.4609375, 1.6435546875, 2.171875, 1.755859375, 6.703125, 1.0546875, 8.453125, 0.08843994140625, 7.82421875, 0.006134033203125, 2.205078125, 5.33984375, 0.48681640625, 0.90234375, 0.0061492919921875, 5.48828125, 1.4609375, 4.76171875, 6.6953125, 2.263671875, 5.07421875, 1.8955078125, 2.51953125, 2.3671875, 4.9921875, 7.734375, 1.3759765625, 4.8515625, 5.89453125, 6.58984375, 2.853515625, 0.403564453125, 0.3115234375, 4.078125, 9.421875, 3.36328125, 4.65625, 8.765625, 0.98779296875, 5.40625, 0.67041015625, 1.81640625, 4.2109375, 9.0859375, 0.368896484375, 0.2489013671875, 9.515625, 3.880859375, 0.65625, 0.7216796875, 2.380859375, 5.01953125, 3.556640625, 3.41796875, 0.132080078125, 0.1527099609375, 10.4453125, 0.01326751708984375, 6.140625, 0.701171875, 0.427734375, 4.875, 3.7109375, 1.3056640625, 6.71484375, 1.3359375, 2.541015625, 5.76171875, 0.39599609375, 2.37890625, 5.48046875, 0.87890625, 1.6650390625, 3.697265625, 8.453125, 0.57666015625, 2.001953125, 1.0634765625, 0.495361328125, 3.755859375, 0.47607421875, 0.326171875, 4.0234375, 0.00189208984375, 0.64599609375, 5.09375, 0.2408447265625, 1.0419921875, 4.99609375, 0.1876220703125, 4.4296875, 4.984375, 0.92138671875, 2.685546875, 5.96484375, 0.262451171875, 7.17578125, 7.43359375, 2.318359375, 1.3984375, 0.0022258758544921875, 6.21875, 1.2353515625, 5.61328125, 6.64453125, 2.337890625, 8.9453125, 5.79296875, 0.7548828125, 6.53125, 0.172119140625, 4.078125, 4.2578125, 6.625, 3.8515625, 0.884765625, 4.94921875, 0.21533203125, 2.7109375, 6.90625, 0.77978515625, 2.32421875, 2.673828125, 0.57861328125, 4.5859375, 3.05078125, 0.0034847259521484375, 0.05279541015625, 0.0004734992980957031, 0.00344085693359375, 0.00197601318359375, 0.68310546875, 3.109375, 0.1671142578125, 4.7265625, 0.1859130859375, 12.1015625, 4.21875, 6.37890625, 0.98876953125, 0.0195159912109375, 0.185791015625, 0.2705078125, 4.078125, 0.0251617431640625, 6.52734375, 4.96875, 9.2421875, 0.41162109375, 0.0030345916748046875, 0.2032470703125, 0.127197265625, 3.15625, 0.03326416015625, 5.71484375, 0.0941162109375, 3.61328125, 7.37109375, 10.75, 4.59765625, 0.019073486328125, 0.0021228790283203125, 0.428466796875, 0.041717529296875, 2.853515625, 0.0180206298828125]",-1.0691226725052259
135,1,test,3.2795277122865643,1.281070287953257,1.61457261787359,5.830271488509448,2.277458289694679,2.87035132066416,26.563224252424774,19.1855575448747,21.277788353594886,47.223509782088485,34.107657857555026,37.8271792952798,3.3470906594290804,1.2618291991941346,1.8024836402434585,5.950383394540587,2.2432519096784613,3.204415360432815,28.419929994808996,20.373234897338506,23.733800288751247,50.524319990771545,36.219084261935116,42.19342273555777,3.2725595164059795,1.3013716008587153,1.8355399521200222,5.817883584721741,2.313549512637716,3.2631821371022616,26.378769905981883,19.199570198120163,22.170634873932276,46.89559094396779,34.13256924110251,39.41446199810182,0.592964824120603,0.002964824120602949,0.007964824120603065,0.4824120603015075,0.002412060301507535,0.002412060301507535,0.40201005025125625,-0.007989949748743785,-0.01298994974874379,0.4035087719298246,0.1056364315042927,0.13371405052219998,0.39949748743718594,0.3869346733668342,0.09370159066006722,0.13985620925998943,0.3737373737373737,0.3913043478260869,0.1041591057559701,0.14547564927213807,0.37583892617449666,29.0,5.0,3.0,33.0,0.0,0.0,43.0,4.0,2.0,0.00033897890191314257,3.3153784506787026e-05,9.069798842023275e-05,0.034611307253269,0.02994124162823475,0.032975993957057526,"[3.056640625, 9.4453125, 2.48046875, 3.80859375, 3.513671875, 4.328125, 0.17822265625, 0.89599609375, 1.2138671875, 0.02276611328125, 3.548828125, 0.00030422210693359375, 0.1815185546875, 0.01395416259765625, 8.546875, 7.79296875, 9.3359375, 1.0576171875, 0.810546875, 8.734375, 1.4853515625, 7.4375, 2.708984375, 1.2734375, 0.10791015625, 0.429443359375, 8.828125, 7.1953125, 9.0546875, 7.15625, 3.064453125, 11.078125, 0.75830078125, 1.482421875, 0.0023956298828125, 0.46826171875, 7.5, 8.671875, 1.05078125, 8.5546875, 6.40625, 2.673828125, 9.3359375, 6.8203125, 1.3857421875, 5.625, 0.127685546875, 8.4296875, 1.4658203125, 0.01611328125, 0.006511688232421875, 0.004253387451171875, 0.0003256797790527344, 0.67626953125, 0.347900390625, 0.0199127197265625, 0.0003535747528076172, 0.0008764266967773438, 7.13671875, 1.982421875, 0.900390625, 2.6796875, 0.8173828125, 0.0008301734924316406, 0.412109375, 0.003765106201171875, 0.0015478134155273438, 7.2890625, 5.953125, 2.935546875, 5.8046875, 0.51025390625, 10.7734375, 0.986328125, 0.001007080078125, 2.748046875, 0.318603515625, 0.007122039794921875, 0.0011377334594726562, 7.2890625, 1.8203125, 4.53515625, 1.6103515625, 2.7890625, 0.4921875, 0.051513671875, 0.00910186767578125, 3.423828125, 0.007781982421875, 0.0015506744384765625, 6.98046875, 0.70263671875, 1.357421875, 3.45703125, 5.34375, 0.0012836456298828125, 0.1484375, 0.00441741943359375, 0.031982421875, 8.8828125, 0.45458984375, 0.3896484375, 0.0018482208251953125, 0.000244140625, 8.5703125, 0.38916015625, 0.019561767578125, 0.08343505859375, 0.14892578125, 5.364418029785156e-05, 0.001163482666015625, 0.004024505615234375, 0.1795654296875, 0.010833740234375, 0.0014219284057617188, 1.5595703125, 0.87939453125, 2.05078125, 0.81591796875, 0.9755859375, 0.9287109375, 0.64794921875, 7.88671875, 0.1339111328125, 8.734375, 3.849609375, 10.0625, 4.91796875, 3.896484375, 7.36328125, 0.77978515625, 4.1484375, 0.5888671875, 5.3828125, 0.5029296875, 4.890625, 1.1171875, 11.1484375, 9.6640625, 10.71875, 9.546875, 7.10546875, 8.9609375, 3.90234375, 2.6015625, 0.7109375, 0.69384765625, 1.2236328125, 2.890625, 0.0146484375, 0.2430419921875, 0.0067596435546875, 10.0625, 8.1484375, 5.06640625, 11.59375, 4.82421875, 13.359375, 10.2109375, 3.259765625, 1.0927734375, 6.94140625, 5.24609375, 7.0859375, 8.40625, 10.7109375, 0.57275390625, 10.3125, 7.3984375, 2.28515625, 0.23828125, 1.64453125, 7.02734375, 1.7255859375, 6.85546875, 3.001953125, 3.599609375, 1.861328125, 6.4921875, 0.9951171875, 7.9765625, 2.802734375, 4.4140625, 5.27734375, 11.203125, 6.5625, 1.0966796875, 2.740234375, 1.814453125, 4.7578125, 0.6083984375, 0.047760009765625, 1.349609375, 0.2939453125, 2.7578125, 0.130859375, 0.305419921875, 0.7001953125, 0.533203125, 6.30859375, 1.4892578125, 0.53271484375, 0.0181732177734375, 4.98046875, 5.73046875, 7.97265625, 2.0703125, 7.73828125, 1.0244140625, 5.25, 7.21484375, 6.1953125, 0.196533203125, 5.8828125, 7.6796875, 5.87890625, 4.95703125, 1.908203125, 0.10467529296875, 0.5400390625, 8.203125, 5.84375, 0.83203125, 0.28271484375, 7.328125, 0.48681640625, 7.421875, 2.73828125, 4.65625, 2.134765625, 1.296875, 2.095703125, 0.028656005859375, 5.70703125, 0.92626953125, 4.55859375, 2.341796875, 1.0986328125, 0.62744140625, 0.33349609375, 0.08026123046875, 0.078369140625, 0.0989990234375, 4.05859375, 0.204833984375, 0.31787109375, 0.0183258056640625, 3.7578125, 7.78515625, 1.3544921875, 7.83984375, 4.0859375, 2.40234375, 6.1796875, 8.28125, 12.5234375, 0.2054443359375, 6.24609375, 0.8212890625, 0.80126953125, 9.71875, 1.71875, 6.48046875, 8.6015625, 5.3671875, 3.279296875, 5.1171875, 6.08984375, 2.478515625, 3.583984375, 2.748046875, 5.57421875, 0.82763671875, 1.619140625, 0.7998046875, 1.30859375, 0.14404296875, 2.125, 0.028533935546875, 0.8212890625, 0.0399169921875, 0.0189361572265625, 0.049957275390625, 0.030181884765625, 0.002574920654296875, 0.01421356201171875, 0.0257110595703125, 3.1328125, 0.07672119140625, 0.1197509765625, 0.002655029296875, 7.125, 1.787109375, 0.10760498046875, 0.4462890625, 8.515625, 8.25, 0.31982421875, 1.1513671875, 10.8359375, 6.515625, 5.453125, 6.17578125, 1.8232421875, 5.69140625, 0.267578125, 3.4375, 10.078125, 5.265625, 3.11328125, 0.62548828125, 0.5673828125, 0.034027099609375, 4.2265625, 0.022552490234375, 0.0148468017578125, 6.12890625, 0.0002696514129638672, 0.0699462890625, 1.70703125, 5.0078125, 1.7529296875, 3.9453125, 4.78125, 11.1484375, 0.07171630859375, 0.09869384765625, 2.1015625, 0.0179443359375, 0.052490234375, 0.006923675537109375, 4.375, 0.210693359375, 0.0777587890625, 0.19482421875, 6.7421875, 8.9609375, 0.1688232421875, 0.61474609375, 5.6875, 0.08648681640625, 6.61611557006836e-05, 0.01537322998046875, 4.45703125, 0.279296875, 0.4541015625, 9.7578125, 8.859375, 9.71875, 0.703125, 0.818359375, 0.0193634033203125, 10.2734375, 0.0885009765625, 2.48828125, 0.9912109375, 6.62890625, 1.0302734375, 0.01336669921875, 1.0029296875, 3.75, 7.8046875, 5.05078125, 0.054534912109375, 0.0882568359375, 4.1796875, 0.0116424560546875, 0.09295654296875, 0.006946563720703125, 9.1171875, 10.609375, 4.4375, 6.61328125, 2.640625, 0.82421875, 12.0234375, 3.3984375, 5.86328125, 6.50390625, 5.25, 0.78564453125, 2.603515625, 0.2298583984375, 3.6015625, 7.55078125, 9.46875, 0.83056640625, 5.25, 5.625, 0.50146484375, 1.1669921875, 0.833984375, 5.5, 0.9853515625, 3.451171875, 0.62548828125, 4.89453125, 2.73828125, 0.39208984375]",-1.1983484740842854
402,1,test,4.120150235585788,1.9722784511092413,2.6525878954126734,7.114296680079808,3.4055491267600564,4.580244937420641,61.56849134800412,53.001883951813255,57.229845251234984,106.3108111474854,91.51878098511855,98.819235899648,4.243841573820641,1.9241063578017927,2.6661130824259747,7.327875512559866,3.3223699842788728,4.603598987046093,69.67500003153697,59.50201972433768,64.8310597784992,120.30838514762284,102.74261790910482,111.94431440014147,4.101697061036037,1.9388625309874952,2.63749287574368,7.082433434583965,3.3478495876678487,4.5541802450729385,60.44277568802212,51.74702456198385,56.11867500028127,104.36702882776491,89.3520051442951,96.90056925514406,0.7989949748743719,-0.006005025125628061,-0.0010050251256281673,0.6984924623115578,0.0034924623115577536,0.0034924623115577536,0.6130653266331658,0.013065326633165841,0.008065326633165837,0.44043321299638993,0.09989267245584943,0.17752805093156399,0.41666666666666663,0.44723618090452266,0.10137151925038734,0.18012432781604182,0.4242424242424242,0.45126353790613716,0.11973200637460557,0.1859574154571576,0.4130434782608695,25.0,2.0,3.0,37.0,3.0,1.0,47.0,2.0,2.0,-0.00010938775407307274,-0.0005591952566001198,-1.5986576785221783e-05,0.00023182424163081805,-0.0001888633816387042,-3.6794479953528025e-05,"[3.056640625, 9.4453125, 2.48046875, 5.80859375, 1.4013671875, 0.0943603515625, 10.3203125, 4.9765625, 8.1171875, 7.703125, 9.7734375, 8.5, 1.4814453125, 5.03125, 2.21484375, 6.26171875, 2.880859375, 3.783203125, 5.55859375, 10.6484375, 7.75, 1.1875, 2.791015625, 3.453125, 0.2227783203125, 12.40625, 2.822265625, 3.365234375, 11.4921875, 5.046875, 5.51953125, 0.229736328125, 0.240234375, 8.8125, 1.97265625, 6.4140625, 0.7578125, 5.28515625, 5.23046875, 2.55859375, 4.16796875, 13.5, 3.328125, 7.1640625, 6.55859375, 1.8388671875, 0.9833984375, 4.55859375, 6.171875, 6.35546875, 1.8515625, 5.33984375, 2.736328125, 0.493408203125, 0.32861328125, 4.01171875, 0.0018873214721679688, 5.3671875, 2.673828125, 10.859375, 3.302734375, 7.08984375, 0.92236328125, 0.2900390625, 9.0859375, 4.69140625, 9.3359375, 0.865234375, 6.51171875, 1.5478515625, 9.2734375, 6.55078125, 5.30859375, 3.19140625, 0.0760498046875, 0.83203125, 3.24609375, 5.5859375, 0.5390625, 3.8984375, 8.4453125, 0.09454345703125, 0.04766845703125, 4.09765625, 8.53125, 2.607421875, 4.921875, 3.60546875, 3.18359375, 4.6640625, 6.28515625, 4.38671875, 1.740234375, 0.322021484375, 4.03515625, 1.7314453125, 7.26171875, 1.9052734375, 8.640625, 2.240234375, 2.06640625, 3.80078125, 6.4296875, 2.236328125, 0.64404296875, 4.81640625, 1.4384765625, 4.078125, 0.04217529296875, 0.0040130615234375, 0.51220703125, 1.4609375, 8.140625, 5.09765625, 2.33203125, 1.3095703125, 1.16015625, 8.359375, 0.56884765625, 8.4921875, 15.1875, 3.751953125, 4.59765625, 5.08984375, 4.54296875, 10.2421875, 0.55126953125, 4.85546875, 4.99609375, 3.359375, 6.9921875, 11.171875, 6.3984375, 8.3515625, 2.15625, 6.03125, 0.052215576171875, 4.84765625, 2.095703125, 5.44921875, 2.0859375, 2.447265625, 5.859375, 8.4765625, 0.233642578125, 2.283203125, 6.1484375, 3.568359375, 5.69921875, 0.05462646484375, 3.46484375, 4.3203125, 1.478515625, 6.44921875, 2.560546875, 3.45703125, 4.10546875, 0.9755859375, 8.6796875, 7.3984375, 3.4765625, 5.96484375, 7.265625, 7.25, 3.734375, 1.5625, 0.283203125, 13.65625, 4.08984375, 3.162109375, 9.3359375, 1.734375, 0.400634765625, 4.98046875, 1.4638671875, 1.4033203125, 1.513671875, 0.01335906982421875, 3.29296875, 1.943359375, 6.0, 5.76953125, 0.5498046875, 4.9921875, 0.336669921875, 8.8828125, 0.15771484375, 0.4794921875, 0.71533203125, 0.01142120361328125, 0.0213470458984375, 5.66015625, 9.6171875, 7.44921875, 0.0180816650390625, 9.1875, 8.0, 3.150390625, 1.744140625, 3.486328125, 4.7578125, 5.42578125, 3.13671875, 1.8212890625, 1.21484375, 2.560546875, 0.004833221435546875, 2.095703125, 11.15625, 12.109375, 0.880859375, 8.0625, 2.14453125, 0.04541015625, 4.76171875, 3.4921875, 1.8359375, 1.6650390625, 0.9248046875, 0.69677734375, 6.30078125, 1.0810546875, 3.515625, 0.06597900390625, 0.496337890625, 0.59912109375, 0.0186614990234375, 0.0091705322265625, 5.0234375, 6.3359375, 2.16796875, 0.00574493408203125, 7.56640625, 9.046875, 6.81640625, 5.390625, 5.921875, 0.7041015625, 1.78515625, 1.1630859375, 1.79296875, 4.3984375, 6.0, 4.90234375, 3.14453125, 1.5, 0.058197021484375, 11.640625, 6.6796875, 0.34423828125, 6.8671875, 2.65234375, 2.20703125, 6.72265625, 3.513671875, 1.31640625, 8.7578125, 2.22265625, 1.0693359375, 5.96875, 3.759765625, 5.4140625, 5.08203125, 6.73046875, 1.7255859375, 3.00390625, 2.60546875, 8.421875, 0.70068359375, 5.6171875, 3.626953125, 8.0625, 2.203125, 5.29296875, 2.10546875, 2.76171875, 7.109375]",-0.8364594903663605
412,1,test,3.7226090770465112,1.6649816655276997,2.3057299347289084,5.909641909811337,2.6431583940252237,3.6603462713821426,41.372196663550056,33.54482004510886,37.24796746108527,65.67836220338572,53.252401821610306,59.131148344472855,3.8675489329812516,1.6725450876421193,2.338130146481795,6.139733931107737,2.655165326631865,3.71178160753985,47.825019974351434,38.8449843863162,43.209526518888616,75.9222192092829,61.66641271327697,68.59512334873568,3.732534169208391,1.6799976498869267,2.315188737013367,5.925397993618321,2.6669962691954963,3.67536212000872,41.78486402159358,33.99723447383459,37.65871128437197,66.3334716342798,53.970609727212405,59.783204163940496,0.8241206030150754,0.00412060301507533,0.00412060301507533,0.6532663316582914,-0.011733668341708636,0.003266331658291377,0.5376884422110553,-0.0023115577889447625,-0.0023115577889447625,0.4426877470355731,0.10738202711446854,0.19038814125370718,0.40476190476190477,0.4522613065326633,0.1089029105426883,0.18181055528057644,0.40909090909090906,0.44664031620553357,0.11527936945997141,0.18777040818976487,0.4007936507936508,25.0,14.0,14.0,40.0,16.0,16.0,48.0,16.0,17.0,-0.0003088897945070934,-4.5820067688186977e-05,-0.0002752957613034517,6.550611697964115e-05,0.000128814918206821,-0.00012090384720320202,"[3.056640625, 9.4453125, 2.4296875, 6.078125, 0.78955078125, 0.10418701171875, 1.3271484375, 3.09375, 0.94482421875, 8.96875, 2.826171875, 10.5078125, 7.73046875, 4.10546875, 9.3046875, 3.125, 7.5859375, 6.84765625, 4.05859375, 4.87890625, 3.912109375, 0.431396484375, 1.2607421875, 4.265625, 8.2109375, 6.2734375, 7.734375, 5.83203125, 4.546875, 2.052734375, 2.5078125, 7.109375, 2.509765625, 10.265625, 8.9140625, 8.0859375, 2.41015625, 0.89306640625, 1.572265625, 5.4375, 5.08984375, 0.447509765625, 4.87890625, 5.3828125, 0.78271484375, 8.359375, 3.755859375, 5.296875, 0.9638671875, 4.72265625, 0.1343994140625, 5.171875, 2.744140625, 0.89599609375, 1.330078125, 10.8046875, 1.0224609375, 0.0093994140625, 0.0008444786071777344, 0.03265380859375, 7.234375, 3.234375, 4.7734375, 11.3671875, 5.09375, 0.42138671875, 2.337890625, 1.0888671875, 5.76953125, 2.341796875, 1.841796875, 1.4462890625, 4.765625, 0.80078125, 4.11328125, 5.33984375, 8.1015625, 0.2236328125, 4.6796875, 1.306640625, 4.6953125, 1.2958984375, 5.71484375, 8.8125, 1.6337890625, 8.0625, 1.33203125, 3.5, 5.33984375, 1.7314453125, 3.890625, 0.303955078125, 5.1015625, 1.2890625, 3.666015625, 2.146484375, 1.044921875, 2.609375, 3.931640625, 4.5234375, 5.84375, 2.810546875, 1.6943359375, 2.7578125, 1.640625, 0.62939453125, 0.75, 5.28125, 6.4140625, 10.1484375, 1.71484375, 7.35546875, 5.3203125, 4.8984375, 1.5517578125, 1.5126953125, 7.296875, 6.30078125, 7.37890625, 7.3125, 1.955078125, 0.414306640625, 4.74609375, 1.59375, 0.67138671875, 6.875, 2.109375, 4.46484375, 5.37109375, 0.60009765625, 0.42919921875, 8.703125, 3.1875, 8.2265625, 2.81640625, 0.3134765625, 3.21875, 1.4169921875, 4.1796875, 3.052734375, 5.01953125, 0.78076171875, 2.587890625, 0.5244140625, 0.457275390625, 5.546875, 2.73828125, 1.5849609375, 7.44921875, 0.99169921875, 2.951171875, 7.3984375, 0.388427734375, 3.822265625, 9.03125, 2.8984375, 3.41015625, 0.92138671875, 0.92626953125, 1.8095703125, 5.8125, 3.552734375, 4.4296875, 1.603515625, 1.728515625, 1.2568359375, 7.53515625, 0.29150390625, 0.826171875, 6.18359375, 1.2060546875, 5.23046875, 0.0275421142578125, 1.166015625, 4.078125, 3.501953125, 4.85546875, 5.6953125, 4.35546875, 7.2734375, 2.83203125, 8.359375, 6.90234375, 3.103515625, 0.53564453125, 4.08984375, 1.1650390625, 2.47265625, 3.25, 0.46923828125, 10.5234375, 6.75, 9.4296875, 1.7900390625, 1.1396484375, 3.00390625, 5.6171875, 7.203125, 3.380859375, 0.339599609375, 6.85546875, 10.0, 0.84619140625, 3.625, 6.91015625, 2.8984375, 0.002208709716796875, 6.03515625, 5.625, 0.07867431640625, 5.6171875, 5.7421875, 6.19140625, 4.984375, 5.5703125, 0.47900390625, 1.1552734375, 0.308837890625, 0.1993408203125, 8.078125, 3.60546875, 0.60205078125, 0.056060791015625, 0.007701873779296875, 0.25244140625, 2.658203125, 0.953125, 5.96875, 1.84375, 0.054168701171875, 0.340087890625, 0.072509765625, 0.1324462890625, 3.94921875, 11.4296875, 3.25, 10.0703125, 2.146484375, 2.25, 2.453125, 0.59716796875, 2.779296875, 5.29296875, 0.7294921875, 0.6533203125, 3.001953125, 3.3359375, 3.798828125, 2.138671875, 0.873046875, 1.6923828125, 4.0625, 12.234375]",-0.7153763431805396
273,1,test,3.3346833253608033,1.439656548426643,2.002416053681595,5.3638066695661974,2.315673976478704,3.2208673316293575,28.069492919665652,21.416766377797178,24.279867153891345,45.149514554745224,34.448666673720936,39.05393726168372,3.1144413768346584,1.2111931796806634,1.7580058012857445,5.009549573116125,1.9481928031655955,2.8277357464077304,22.52084617253932,15.813199318024385,18.638515835991484,36.22456860771655,25.435381921916584,29.979876887137245,3.255254316489433,1.3715217802881472,1.9326732265806934,5.236045858126872,2.2060798447087655,3.1086866521887573,25.926207157645702,19.348195393313564,22.173111193125084,41.702059626213135,31.121389759999644,35.66524017384742,0.6532663316582914,-0.0017336683417086274,0.003266331658291377,0.542713567839196,-0.007286432160804046,0.007713567839196078,0.4371859296482412,-0.002814070351758735,0.007185929648241163,0.44999999999999996,0.12694566813509545,0.1887475538160469,0.41002949852507375,0.4120603015075377,0.08875203083084593,0.14494844841905685,0.3232323232323232,0.4481605351170569,0.12762631141087988,0.18675897783118367,0.38590604026845643,19.0,8.0,7.0,30.0,7.0,7.0,37.0,8.0,7.0,-0.0005500628150043655,0.00017717473827105523,-0.0001363606103331693,0.008061768937665192,0.0063477554067672415,0.007374201585895079,"[3.056640625, 9.4453125, 2.4296875, 1.0791015625, 1.802734375, 7.20703125, 3.853515625, 9.0703125, 9.3125, 8.8125, 6.75390625, 4.3359375, 9.3828125, 7.90234375, 4.80859375, 4.73828125, 2.31640625, 1.15234375, 4.37890625, 6.13671875, 1.505859375, 0.556640625, 3.6953125, 1.16015625, 9.640625, 0.054443359375, 3.849609375, 1.4580078125, 3.306640625, 4.0859375, 7.39453125, 1.3583984375, 0.003810882568359375, 5.71875, 1.1181640625, 0.55078125, 0.0086517333984375, 0.568359375, 8.921875, 7.21484375, 0.2117919921875, 6.984375, 2.662109375, 5.1328125, 3.775390625, 4.37109375, 1.966796875, 3.763671875, 0.5517578125, 3.3671875, 2.484375, 15.25, 1.2607421875, 2.1640625, 6.55859375, 3.060546875, 1.640625, 6.703125, 1.0263671875, 8.5625, 0.01142120361328125, 0.7841796875, 11.0859375, 4.40234375, 10.640625, 7.6640625, 2.623046875, 1.890625, 1.0146484375, 2.55859375, 1.3583984375, 3.50390625, 7.828125, 0.74462890625, 2.453125, 5.16796875, 0.537109375, 1.275390625, 4.92578125, 0.490478515625, 4.5078125, 0.7744140625, 6.25390625, 3.0, 2.244140625, 1.4716796875, 3.587890625, 0.15234375, 5.9140625, 4.0625, 0.3857421875, 0.283935546875, 7.44140625, 0.291259765625, 6.25390625, 3.638671875, 2.51953125, 3.361328125, 1.5869140625, 2.609375, 4.34765625, 6.90234375, 8.765625, 0.040985107421875, 5.97265625, 0.107177734375, 0.67822265625, 5.9765625, 1.384765625, 3.93359375, 2.634765625, 9.3203125, 0.1756591796875, 1.9453125, 0.59912109375, 1.9462890625, 0.0029582977294921875, 0.1595458984375, 0.0003006458282470703, 0.003692626953125, 0.0035266876220703125, 0.3115234375, 4.84765625, 0.71337890625, 5.80078125, 0.036712646484375, 9.3203125, 1.671875, 0.013763427734375, 0.371826171875, 0.167236328125, 3.3359375, 0.0087432861328125, 4.125, 0.0496826171875, 7.0859375, 5.5859375, 5.05859375, 4.14453125, 0.07891845703125, 0.0028209686279296875, 0.197509765625, 0.1064453125, 2.263671875, 0.0096893310546875, 5.43359375, 4.91015625, 5.99609375, 3.021484375, 0.03521728515625, 0.00180816650390625, 0.1646728515625, 0.028594970703125, 2.38671875, 0.03033447265625, 5.41796875, 0.37451171875, 4.0625, 2.681640625, 7.4140625, 3.0234375, 0.587890625, 0.0005588531494140625, 1.3681640625, 0.0005893707275390625, 1.791015625, 0.0022678375244140625, 3.056640625, 6.01953125, 1.359375, 4.9296875, 3.423828125, 0.6640625, 0.322998046875, 2.51953125, 0.006526947021484375, 0.01332855224609375, 2.259765625, 5.92578125, 6.96484375, 0.35693359375, 0.57373046875, 0.04736328125, 0.40283203125, 0.00015461444854736328, 0.0019502639770507812, 0.0015935897827148438, 0.5712890625, 0.1807861328125, 0.0014944076538085938, 0.0012722015380859375, 0.00015354156494140625, 5.390625, 2.63671875, 7.9140625, 3.11328125, 7.55078125, 0.02978515625, 8.1015625, 3.59765625, 0.85888671875, 0.367919921875, 3.74609375, 9.8046875, 1.931640625, 3.64453125, 0.98095703125, 3.619140625, 1.833984375, 2.166015625, 0.17333984375, 0.5595703125, 1.1875, 11.3515625, 7.984375, 1.083984375, 8.1484375, 0.0015745162963867188, 2.783203125, 0.57763671875, 0.307861328125, 4.61328125, 4.671875, 1.169921875, 3.87109375, 6.890625, 4.3125, 1.470703125, 5.46875, 1.1435546875, 2.486328125, 6.390625, 0.578125, 6.578125, 0.8583984375, 3.478515625, 6.43359375, 2.48046875, 8.3671875, 0.66064453125, 4.8984375, 11.203125, 1.1044921875, 6.6171875, 3.66015625, 1.2607421875, 1.6455078125, 8.7890625, 4.08203125, 6.34765625, 1.2802734375, 4.69921875, 3.62890625, 4.5859375, 0.2109375, 4.28515625, 7.28515625, 3.833984375, 6.43359375, 4.26953125, 1.5673828125, 5.05859375, 4.08984375, 4.8515625, 3.947265625, 4.50390625, 2.03125, 2.21484375, 6.02734375, 3.38671875, 1.1806640625, 8.4609375, 1.591796875, 6.32421875, 3.0859375, 6.33203125, 9.5703125, 0.030364990234375, 2.029296875, 3.515625, 2.255859375, 6.2890625, 5.0546875, 0.01641845703125, 6.6328125, 5.9921875, 1.451171875, 2.63671875, 0.006534576416015625, 7.44921875, 2.5390625, 0.1484375, 5.6875, 6.515625, 0.8115234375, 0.0006413459777832031, 1.931640625, 0.0275421142578125, 0.0178070068359375, 2.505859375, 6.046875, 3.328125, 4.30859375, 5.0859375, 0.483642578125, 0.33447265625, 0.42626953125, 4.9765625, 3.685546875, 8.6640625, 0.422119140625, 1.240234375, 6.05859375, 0.05474853515625, 8.9609375, 1.5654296875, 1.328125, 1.1005859375, 6.83984375, 3.91796875, 2.91796875, 0.0134735107421875, 7.3671875, 0.51953125, 0.00115203857421875, 0.040252685546875, 3.763671875, 7.35546875, 0.8876953125, 12.015625, 0.2734375, 11.8203125, 7.48828125, 2.763671875, 6.0859375, 5.1328125, 4.6875, 5.515625, 3.12890625, 0.427734375]",-1.6078282331719116
288,1,test,3.3816951237913324,1.4820401467338131,2.049410367583119,6.304855315543162,2.7631256973003295,3.820934583629544,29.420600427669694,22.737012374462562,25.630908401494505,54.85196689904519,42.391040020184434,47.78643939261687,3.515708989234426,1.5313819376605986,2.151365862088834,6.554711674843845,2.855118866824845,4.011021098809691,33.63976970571068,26.365619095915807,29.726617941299224,62.718214705562275,49.156238992385404,55.42250802615109,3.4821532649738733,1.540189437702181,2.1311548384028325,6.492150155036035,2.871539629614236,3.97333952922562,32.52969176307494,25.557261580095783,28.66841295294412,60.64857786336006,47.649131759500605,53.44958347159073,0.6934673366834171,-0.0015326633165829717,-0.0015326633165829717,0.5628140703517588,0.002814070351758735,0.012814070351758744,0.44221105527638194,0.00221105527638199,-0.0027889447236180143,0.3951367781155015,0.08254193744782323,0.1362894575897179,0.375,0.39698492462311563,0.09372677925970707,0.14656756235266488,0.3787878787878788,0.39799331103678925,0.09916192539405133,0.1477152242737192,0.38590604026845643,25.0,1.0,1.0,36.0,0.0,1.0,44.0,0.0,-2.0,-0.0005540128382300428,-0.0004986966729836354,-0.00010117835903735077,0.004286961764838004,0.003508888699570001,0.004333642968188833,"[3.056640625, 9.4453125, 1.869140625, 1.6689453125, 0.791015625, 5.9765625, 1.263671875, 2.900390625, 8.421875, 5.359375, 3.8671875, 3.548828125, 3.369140625, 9.7421875, 5.91796875, 7.78515625, 3.8125, 1.5458984375, 9.171875, 0.081298828125, 0.6787109375, 8.2265625, 12.671875, 0.349609375, 7.15234375, 5.9609375, 3.794921875, 7.01953125, 6.64453125, 0.98681640625, 1.3134765625, 6.7421875, 0.0187225341796875, 12.6640625, 0.225341796875, 1.744140625, 1.0791015625, 2.2890625, 3.099609375, 1.24609375, 5.79296875, 1.390625, 4.8359375, 0.0212554931640625, 10.8515625, 2.015625, 7.95703125, 5.32421875, 4.2734375, 1.7041015625, 2.119140625, 5.91796875, 5.59375, 5.98046875, 2.451171875, 1.806640625, 0.09259033203125, 2.09375, 6.23828125, 3.52734375, 2.48046875, 0.5458984375, 6.3203125, 0.00919342041015625, 5.4765625, 0.0233154296875, 0.75, 2.20703125, 2.8984375, 0.268310546875, 0.1766357421875, 2.58984375, 0.386474609375, 1.0556640625, 1.923828125, 0.73388671875, 7.81640625, 2.55078125, 6.90234375, 2.40625, 1.9287109375, 1.388671875, 0.2607421875, 4.640625, 0.291259765625, 0.097900390625, 0.62890625, 0.0345458984375, 0.03558349609375, 0.07275390625, 9.0546875, 2.712890625, 2.55859375, 8.0390625, 0.54736328125, 0.69091796875, 4.515625, 4.4375, 3.392578125, 6.640625, 7.24609375, 13.296875, 0.486083984375, 9.359375, 1.7470703125, 0.375, 5.67578125, 2.93359375, 0.0026721954345703125, 0.35791015625, 0.0006589889526367188, 0.003753662109375, 0.0009450912475585938, 7.59765625, 6.5546875, 7.33984375, 2.822265625, 1.3544921875, 0.38916015625, 3.37890625, 0.0004673004150390625, 0.028076171875, 0.00635528564453125, 0.050048828125, 9.3125, 2.619140625, 0.00775146484375, 0.0025882720947265625, 0.0006618499755859375, 3.1171875, 0.00904083251953125, 0.53076171875, 3.125, 3.869140625, 0.0400390625, 2.337890625, 0.1961669921875, 0.0027599334716796875, 0.0140228271484375, 0.0019550323486328125, 4.9140625, 1.501953125, 0.00815582275390625, 8.15625, 5.49609375, 1.4736328125, 0.0020275115966796875, 0.0235748291015625, 0.0013675689697265625, 1.30859375, 0.37939453125, 0.0018930435180664062, 0.00115203857421875, 0.0005502700805664062, 1.8623046875, 4.7421875, 7.21875, 8.109375, 10.234375, 10.2734375, 8.59375, 4.0625, 6.4140625, 5.62109375, 1.13671875, 1.310546875, 4.29296875, 4.8046875, 6.1953125, 0.01345062255859375, 10.7890625, 6.8046875, 1.5234375, 5.7578125, 3.81640625, 1.2890625, 1.5380859375, 8.1328125, 6.26953125, 8.3828125, 1.5361328125, 1.572265625, 0.73095703125, 11.3828125, 2.408203125, 0.99755859375, 3.130859375, 10.8828125, 0.0082855224609375, 5.83984375, 2.802734375, 4.0234375, 2.572265625, 0.043121337890625, 3.73046875, 11.0625, 6.40625, 1.650390625, 10.8046875, 8.84375, 1.75390625, 5.328125, 5.140625, 6.5546875, 1.2265625, 2.712890625, 3.298828125, 2.75390625, 3.572265625, 1.83203125, 2.3046875, 4.6953125, 6.5859375, 0.136962890625, 10.9296875, 2.404296875, 0.01134490966796875, 0.6171875, 2.447265625, 7.46875, 8.4609375, 0.0014543533325195312, 6.3359375, 0.058837890625, 1.447265625, 5.33203125, 7.25390625, 3.271484375, 1.689453125, 0.1302490234375, 0.04345703125, 0.0063018798828125, 0.049713134765625, 0.022735595703125, 0.006153106689453125, 0.001216888427734375, 0.11553955078125, 0.257568359375, 3.126953125, 7.59375, 12.1484375, 0.60205078125, 2.34375, 0.63720703125, 5.1015625, 1.8525390625, 5.62890625, 3.005859375, 1.5673828125, 2.966796875, 2.91015625, 0.43359375, 0.423095703125, 0.21533203125, 6.515625, 5.55859375, 0.00012052059173583984, 3.525390625, 0.00615692138671875, 3.54296875, 1.447265625, 8.0703125, 2.142578125, 0.041015625, 0.0009427070617675781, 4.83203125, 1.53125, 1.4150390625, 3.154296875, 2.98046875, 5.36328125, 0.413330078125, 7.0859375, 6.109375, 3.302734375, 1.1240234375, 0.34765625, 1.3896484375, 0.96337890625, 0.0027313232421875, 5.0859375, 6.41796875, 2.27734375, 9.5234375, 1.853515625, 3.310546875, 6.8828125, 5.90625, 5.734375, 3.927734375, 3.6015625, 4.078125, 7.2421875, 0.30078125, 9.25, 6.1796875, 12.625, 7.3984375, 7.1640625, 4.9609375, 2.490234375, 0.0130615234375, 6.16015625, 4.44921875, 3.515625, 4.0859375, 1.03125, 0.00054931640625, 2.416015625, 0.0025081634521484375, 0.90869140625, 0.272216796875, 2.71875, 2.08203125, 8.140625, 2.986328125, 2.271484375, 0.1787109375, 0.65478515625, 2.263671875, 0.0210113525390625, 1.390625, 4.65625, 0.1324462890625, 2.73046875, 8.7578125, 0.002838134765625, 1.431640625, 3.345703125]",-1.192285207629566
27,1,test,3.7288575849017582,1.5478233620785877,2.2058147738669875,5.708611869669187,2.3696058687491783,3.3769432362809044,41.631520509184746,32.77606046591981,37.04536170885213,63.734853563030256,50.1777832906092,56.71377539963444,3.7085335440372105,1.5252539627999528,2.17997316293437,5.6774972297889255,2.335053747173124,3.3373815948015872,40.79394012525553,31.918574060558722,36.18240693428354,62.45257843917986,48.86503348446361,55.392653914856766,3.7288575849017582,1.5478233620785877,2.2058147738669875,5.708611869669187,2.3696058687491783,3.3769432362809044,41.631520509184746,32.77606046591981,37.04536170885213,63.734853563030256,50.1777832906092,56.71377539963444,0.7236180904522613,-0.011381909547738656,-0.011381909547738656,0.6080402010050252,-0.006959798994974786,-0.01195979899497479,0.5226130653266332,-0.002386934673366814,-0.007386934673366818,0.44256756756756754,0.09686773620163158,0.16279228666869117,0.4440677966101695,0.4321608040201005,0.07877734537348391,0.15002390919539266,0.4292929292929293,0.44256756756756754,0.09686773620163158,0.16279228666869117,0.4440677966101695,24.0,1.0,-1.0,34.0,-2.0,-1.0,43.0,-1.0,-1.0,0.00024059788233747766,-1.2121838358296152e-05,6.842498471336053e-05,0.00036349275698022154,-0.0001152664056931485,2.979210245257491e-05,"[9.09375, 0.62109375, 7.21484375, 7.0546875, 2.890625, 1.2158203125, 3.056640625, 0.92041015625, 3.45703125, 0.1414794921875, 4.65625, 8.9609375, 0.4365234375, 0.006397247314453125, 5.28515625, 4.34375, 7.22265625, 0.346435546875, 0.55810546875, 5.0390625, 2.18359375, 6.453125, 9.3515625, 2.58203125, 3.416015625, 0.73095703125, 3.267578125, 0.407470703125, 0.1077880859375, 1.24609375, 8.6875, 5.49609375, 3.544921875, 1.806640625, 8.5390625, 4.03125, 3.115234375, 0.7861328125, 0.01349639892578125, 0.05859375, 0.009368896484375, 0.014495849609375, 6.21875, 4.52734375, 1.0634765625, 6.4765625, 0.3271484375, 5.80859375, 0.892578125, 9.953125, 6.6171875, 4.94921875, 8.578125, 0.043670654296875, 6.9609375, 2.951171875, 3.431640625, 0.48974609375, 2.740234375, 5.89453125, 1.646484375, 3.203125, 0.08917236328125, 5.45703125, 3.408203125, 2.2421875, 10.9609375, 3.310546875, 3.29296875, 0.03302001953125, 0.8359375, 4.0859375, 0.1419677734375, 0.76611328125, 7.19921875, 1.48828125, 9.78125, 0.70166015625, 0.0027790069580078125, 5.421875, 3.326171875, 9.4453125, 2.578125, 2.42578125, 1.4765625, 0.66259765625, 6.08984375, 2.498046875, 5.73046875, 2.23046875, 8.0625, 1.1552734375, 5.0078125, 0.0936279296875, 0.833984375, 5.2578125, 1.9541015625, 1.9453125, 6.0625, 0.1236572265625, 8.4453125, 1.111328125, 5.015625, 5.07421875, 8.0703125, 6.8046875, 4.78125, 5.67578125, 5.2109375, 11.265625, 2.890625, 4.18359375, 5.91796875, 4.0390625, 7.421875, 0.75732421875, 8.8203125, 6.5390625, 9.6328125, 4.1328125, 2.33203125, 9.7109375, 3.1015625, 0.331298828125, 0.537109375, 9.1875, 5.546875, 3.755859375, 7.28125, 3.208984375, 13.265625, 0.88623046875, 1.236328125, 5.0234375, 0.63330078125, 0.57373046875, 1.619140625, 0.0279083251953125, 0.09979248046875, 1.302734375, 0.71337890625, 0.412353515625, 0.08367919921875, 1.587890625, 0.90625, 0.32763671875, 2.8125, 2.201171875, 1.0888671875, 0.947265625, 7.84765625, 2.025390625, 6.11328125, 0.78515625, 10.2578125, 3.59765625, 9.3671875, 0.27099609375, 8.59375, 4.08203125, 4.390625, 2.865234375, 5.0703125, 4.1484375, 9.3046875, 1.578125, 5.87890625, 1.28125, 0.890625, 3.337890625, 0.59765625, 1.7333984375, 1.7724609375, 0.369873046875, 0.69921875, 5.3984375, 7.53125, 0.56494140625, 1.2080078125, 7.0390625, 2.212890625, 4.98046875, 0.1510009765625, 6.9296875, 6.234375, 2.8359375, 1.90625, 4.13671875, 5.28515625, 0.853515625, 6.6953125, 0.0001735687255859375, 7.38671875, 6.33203125, 2.72265625, 1.5556640625, 0.00043964385986328125, 9.671875, 2.935546875, 3.55859375, 4.62890625, 0.91455078125, 4.85546875, 1.4345703125, 3.53515625, 0.13623046875, 4.48828125, 3.779296875, 6.51953125, 3.708984375, 7.9375, 4.5078125, 2.578125, 0.225341796875, 0.2271728515625, 4.1171875, 3.2890625, 0.30029296875, 0.70849609375, 0.293701171875, 12.1875, 1.7001953125, 0.307861328125, 5.6875, 6.4609375, 0.2144775390625, 9.515625, 6.078125, 0.252197265625, 6.23046875, 6.3984375, 3.62890625, 7.28125, 0.86865234375, 0.1365966796875, 0.72216796875, 3.076171875, 10.828125, 2.134765625, 3.689453125, 6.56640625, 1.3369140625, 3.521484375, 0.419921875, 0.50537109375, 0.64697265625, 7.56640625, 6.0234375, 4.75, 1.41015625, 3.8671875, 2.72265625, 11.1796875, 1.607421875, 3.38671875, 4.89453125, 6.25, 1.611328125, 3.9375, 9.9375, 8.7890625, 1.1083984375, 2.576171875, 3.86328125, 0.1688232421875, 3.087890625, 1.5830078125, 6.1953125, 0.892578125, 1.365234375, 4.47265625, 5.51953125, 0.00885772705078125, 7.375, 5.58203125, 4.3671875, 5.90234375, 6.40625, 1.6796875, 0.76171875, 5.12890625, 0.440185546875, 0.401611328125, 0.163818359375, 0.26953125, 1.3740234375, 6.4609375, 10.890625, 7.01171875, 4.08984375, 4.91796875, 10.0546875, 4.9921875, 2.9921875, 6.1015625, 0.177490234375]",-0.4077252665081539
95,1,test,3.2880646098743784,1.4169399502078843,1.971521313110607,6.998880383875463,3.016057894013925,4.196523937906864,26.790962483344636,20.295364853863415,23.060458663928678,57.02647728597644,43.20013376036641,49.085833441791046,3.7024271032918037,1.5735756677547763,2.201058047887714,7.880880548435411,3.349468207078024,4.685109273360991,40.54559337617124,32.14038603338827,36.057764423231255,86.30419161499307,68.41310741392645,76.75152712944939,3.2880646098743784,1.4169399502078843,1.971521313110607,6.998880383875463,3.016057894013925,4.196523937906864,26.790962483344636,20.295364853863415,23.060458663928678,57.02647728597644,43.20013376036641,49.085833441791046,0.7386934673366834,0.013693467336683418,0.018693467336683423,0.5879396984924623,0.007939698492462233,0.0029396984924623393,0.4974874371859297,-0.007512562814070312,-0.012512562814070316,0.4377104377104377,0.13855077384489145,0.18911021374627202,0.375,0.44221105527638194,0.12642158159217143,0.1851158966787192,0.4040404040404041,0.4377104377104377,0.13855077384489145,0.18911021374627202,0.375,27.0,10.0,10.0,38.0,8.0,8.0,44.0,6.0,6.0,-0.0021306589114872586,-0.0005841114321000562,-0.0002997857991134586,-0.0005149329265217162,-0.00011139288064487829,3.329665942342075e-05,"[3.0625, 9.453125, 2.48046875, 1.494140625, 9.8203125, 1.3759765625, 9.8984375, 5.1484375, 3.181640625, 5.30078125, 6.7109375, 1.1494140625, 0.6806640625, 5.41015625, 5.30859375, 8.59375, 8.234375, 3.50390625, 0.88525390625, 8.703125, 0.0139617919921875, 6.6875, 4.73828125, 7.19140625, 4.07421875, 6.3515625, 1.728515625, 4.99609375, 8.7265625, 7.53515625, 1.55859375, 11.4296875, 9.1796875, 0.88232421875, 7.65234375, 1.0791015625, 0.0006928443908691406, 7.1796875, 1.5615234375, 0.892578125, 8.0703125, 0.03131103515625, 8.734375, 7.62890625, 1.388671875, 2.759765625, 0.85546875, 3.55859375, 2.21484375, 4.5625, 13.390625, 2.232421875, 0.055419921875, 1.2568359375, 0.055633544921875, 0.18701171875, 11.8046875, 6.78515625, 5.98828125, 0.63916015625, 5.75, 3.845703125, 4.32421875, 11.6640625, 9.125, 8.9140625, 0.09429931640625, 3.138671875, 5.97265625, 2.625, 6.5, 5.7578125, 6.64453125, 0.413818359375, 0.896484375, 0.0049896240234375, 8.0859375, 4.46484375, 7.83984375, 0.427001953125, 6.6328125, 6.21484375, 9.359375, 1.642578125, 4.05859375, 1.7958984375, 2.775390625, 3.990234375, 1.2861328125, 0.0704345703125, 0.861328125, 2.822265625, 7.609375, 1.2822265625, 5.84375, 0.349853515625, 0.07452392578125, 0.15087890625, 0.045867919921875, 0.08087158203125, 0.0091400146484375, 0.5595703125, 4.5703125, 3.330078125, 0.6767578125, 0.751953125, 5.92578125, 0.10797119140625, 1.029296875, 0.201171875, 0.00152587890625, 2.109375, 0.10943603515625, 3.041015625, 1.1962890625, 6.91796875, 0.06640625, 5.73046875, 2.685546875, 1.1923828125, 1.474609375, 4.765625, 1.650390625, 9.1015625, 6.734375, 5.3671875, 0.378173828125, 0.59619140625, 8.84375, 3.927734375, 2.1171875, 4.703125, 9.8203125, 8.2265625, 0.9560546875, 5.6015625, 2.876953125, 0.74609375, 0.005161285400390625, 2.84375, 5.2265625, 9.6328125, 5.02734375, 2.48828125, 1.9658203125, 5.75390625, 0.040924072265625, 0.004749298095703125, 0.1934814453125, 1.115234375, 4.73046875, 6.80078125, 0.40869140625, 0.0034313201904296875, 1.521484375, 6.265625, 5.85546875, 0.1868896484375, 0.02569580078125, 0.161376953125, 3.666015625, 8.265625, 2.412109375, 0.81787109375, 5.34765625, 6.14453125, 5.3203125, 1.0888671875, 7.89453125, 1.3193359375, 3.4140625, 2.80859375, 0.0113067626953125, 0.002178192138671875, 0.14453125, 1.5205078125, 0.429443359375, 0.0053863525390625, 6.359375, 6.390625, 8.140625, 0.09527587890625, 0.142578125, 0.2197265625, 1.9619140625, 4.8515625, 3.05078125, 6.5546875, 6.18359375, 1.66015625, 4.16015625, 4.34375, 3.29296875, 4.3828125, 5.0546875, 2.193359375, 4.06640625, 2.083984375, 1.5712890625, 4.6171875, 1.060546875, 7.18359375, 4.0234375, 1.447265625, 3.626953125, 0.0285186767578125, 0.0118560791015625, 0.1719970703125, 1.0283203125, 1.0791015625, 4.15234375, 0.262939453125, 2.203125, 3.8359375, 2.17578125, 3.697265625, 5.984375, 2.07421875, 0.7314453125, 6.42578125, 0.01018524169921875, 0.0012807846069335938, 9.03125, 3.37109375, 1.0712890625, 4.22265625, 3.38671875, 2.26953125, 4.83984375, 1.6884765625, 5.765625, 3.154296875, 0.73681640625, 4.671875, 0.302490234375, 4.12109375, 4.25390625, 1.4658203125, 0.2900390625, 0.0026607513427734375, 1.5673828125, 5.59765625, 6.3046875, 3.63671875, 1.169921875, 1.248046875, 0.017913818359375, 0.00365447998046875, 0.037628173828125, 0.73095703125, 2.25390625, 7.2265625, 3.0078125, 0.317626953125, 4.28125, 0.8681640625, 0.06048583984375, 2.166015625, 5.796875, 0.79638671875, 8.046875, 9.0234375, 3.5234375, 2.052734375, 0.10906982421875, 0.00640106201171875, 7.12890625, 0.46435546875, 1.1103515625, 0.0014066696166992188, 0.161865234375, 0.036773681640625, 0.56884765625, 7.05078125, 0.74072265625, 3.42578125, 0.2320556640625, 5.5546875, 1.9599609375, 1.3056640625, 0.005397796630859375, 1.412109375, 0.0004668235778808594, 5.61328125, 7.1328125, 1.9228515625, 3.904296875, 0.019622802734375, 2.89453125, 0.142578125, 0.277587890625, 0.140380859375, 1.0048828125, 1.1669921875, 4.31640625, 1.25, 0.055633544921875]",-1.0509728084911
267,1,test,3.9614603034688227,1.8076099879483407,2.491637661241124,6.566256119448322,2.9961754594760164,4.1299747535640545,52.533985523646045,43.91600899622941,48.18552168483889,87.07688011453659,72.79228888416107,79.86915238171926,3.899241615180394,1.7048177576922638,2.400044723188752,6.463126512833256,2.825793817544711,3.978156321997794,49.364997241334855,40.390168454755496,44.88690600646153,81.82417350960984,66.94808743870432,74.40158392851843,3.951156948611944,1.7929492865014476,2.482545515352572,6.549177955918428,2.971874844748975,4.114904210378921,51.995488157335934,43.33987818785334,47.65228802855889,86.18430228818696,71.8373323387706,78.98529933500856,0.7839195979899498,-0.006080402010050223,-0.006080402010050223,0.6582914572864322,-0.0067085427135678,-0.0017085427135676845,0.5577889447236181,-0.00221105527638199,-0.00221105527638199,0.4730290456431535,0.1314141388108554,0.20268421805694659,0.41666666666666663,0.457286432160804,0.11392803617082903,0.19017457907232316,0.38888888888888884,0.4730290456431535,0.12934374543611415,0.20682214909142937,0.4125,21.0,9.0,8.0,36.0,14.0,13.0,46.0,13.0,13.0,-0.00012106187233017264,-0.00016636408329812437,-0.00024479318394876246,-1.765294534639139e-05,6.285548396256502e-05,8.431204445269458e-05,"[3.056640625, 9.4453125, 2.4296875, 1.0791015625, 13.8046875, 4.03125, 5.75, 9.171875, 2.52734375, 6.26171875, 0.2169189453125, 7.05859375, 5.4921875, 6.11328125, 6.06640625, 4.48828125, 2.921875, 2.59375, 0.005771636962890625, 8.59375, 6.96875, 4.29296875, 2.310546875, 5.16015625, 6.5, 0.398193359375, 6.6171875, 0.947265625, 2.830078125, 1.7548828125, 0.0386962890625, 6.60546875, 0.763671875, 0.418701171875, 5.5859375, 8.9609375, 7.51171875, 4.30078125, 1.8623046875, 7.79296875, 1.470703125, 6.546875, 7.24609375, 4.9375, 1.259765625, 3.384765625, 4.1015625, 4.1953125, 0.350341796875, 5.69140625, 0.35791015625, 4.86328125, 4.43359375, 6.515625, 6.3515625, 9.59375, 3.07421875, 8.5234375, 5.49609375, 6.03125, 7.28125, 10.875, 2.826171875, 1.5888671875, 7.35546875, 10.3125, 2.166015625, 6.36328125, 0.02081298828125, 1.8642578125, 3.779296875, 4.1875, 1.2109375, 5.2265625, 1.72265625, 1.8974609375, 1.2138671875, 3.298828125, 6.3671875, 3.1015625, 8.6953125, 5.82421875, 10.9765625, 4.3671875, 6.40234375, 2.48828125, 5.0, 2.259765625, 1.0693359375, 5.0625, 11.265625, 4.484375, 2.849609375, 9.0078125, 3.052734375, 3.697265625, 1.1015625, 3.828125, 6.76953125, 5.5625, 2.947265625, 7.3046875, 3.048828125, 3.658203125, 0.94482421875, 4.1640625, 1.830078125, 5.765625, 0.0298614501953125, 1.203125, 6.609375, 2.361328125, 6.2734375, 0.2325439453125, 5.4921875, 1.6953125, 6.6171875, 0.02667236328125, 1.61328125, 9.203125, 7.65625, 4.703125, 1.3876953125, 4.2890625, 0.09228515625, 4.33203125, 9.921875, 0.2034912109375, 1.197265625, 12.7578125, 0.61083984375, 5.984375, 8.4140625, 0.5625, 1.0693359375, 4.453125, 0.425537109375, 4.13671875, 3.533203125, 0.77587890625, 0.29443359375, 2.826171875, 1.576171875, 5.95703125, 8.6796875, 0.357421875, 0.358642578125, 2.203125, 2.14453125, 2.923828125, 4.421875, 0.8515625, 1.9306640625, 1.6845703125, 0.55419921875, 0.1416015625, 0.142578125, 5.65625, 1.23046875, 6.484375, 9.84375, 0.04949951171875, 4.0234375, 0.50634765625, 1.6171875, 5.8125, 2.078125, 3.3828125, 5.796875, 0.3408203125, 0.419677734375, 5.41796875, 0.16259765625, 6.1796875, 2.388671875, 9.2890625, 5.078125, 2.50390625, 1.083984375, 7.69921875, 1.3994140625, 0.019775390625, 0.37451171875, 0.767578125, 2.79296875, 3.25, 3.876953125, 5.6640625, 0.37646484375, 0.193603515625, 5.8046875, 0.07366943359375, 0.46923828125, 6.75, 6.13671875, 0.3505859375, 0.3408203125, 7.140625, 0.06390380859375, 2.14453125, 0.060150146484375, 6.55859375, 1.97265625, 2.625, 7.62890625, 0.444580078125, 8.328125, 4.5703125, 1.7158203125, 8.7890625, 4.8046875, 2.89453125, 4.36328125, 6.94140625, 5.7421875, 0.66064453125, 6.734375, 5.37890625, 10.09375, 5.14453125, 4.65234375, 3.080078125, 5.68359375, 3.490234375, 0.91845703125, 2.52734375, 11.5703125, 2.642578125, 0.12744140625, 5.8984375, 3.4296875, 8.7578125, 0.86376953125, 3.28125, 7.9921875, 0.263427734375, 0.01953125, 3.703125, 1.1962890625, 0.66015625, 5.3125]",-0.662456799344898
199,1,test,3.6964983799666435,1.6912965267280242,2.3286890687372637,6.136187310744628,2.80755223436852,3.8656238541038577,40.3059209487801,32.87832791962165,36.37918194567372,66.90782877497496,54.57802434657193,60.389442029818376,3.709037244020395,1.597565391158546,2.251907153996278,6.157001825073855,2.6519585493231856,3.7381658756338205,40.814493208069834,32.55410278722599,36.52087368011591,67.75205872539591,54.03981062679514,60.62465030899241,3.6689300234102484,1.660688112443958,2.292483297881035,6.090423838861012,2.7567422666569703,3.805522274482518,39.2099297006896,31.759722002412023,35.24912692629027,65.08848330314473,52.72113852400395,58.51355069764185,0.7035175879396984,-0.001482412060301641,0.008517587939698368,0.6180904522613065,0.0030904522613065533,0.013090452261306562,0.4773869346733668,-0.022613065326633208,-0.017613065326633204,0.42900302114803623,0.10773605282224441,0.17875176486662925,0.406060606060606,0.4321608040201005,0.10384000201508792,0.17339619634063475,0.3939393939393939,0.4280936454849499,0.11089831994237898,0.1811525998787208,0.3993288590604027,24.0,8.0,8.0,34.0,10.0,10.0,48.0,16.0,15.0,-0.0008959450915297412,3.891704347446974e-05,-0.0001282445958065561,-0.0003806694236105912,2.030697104693502e-05,-0.00019008678427478998,"[3.056640625, 9.4453125, 2.4296875, 1.0791015625, 3.802734375, 11.9140625, 2.38671875, 12.3046875, 5.35546875, 0.94140625, 6.203125, 4.3359375, 1.8193359375, 5.046875, 3.380859375, 0.38427734375, 11.421875, 1.2236328125, 13.171875, 1.8359375, 3.046875, 10.515625, 4.28515625, 0.022369384765625, 6.44140625, 2.361328125, 1.2978515625, 7.0546875, 0.0968017578125, 1.1806640625, 6.3984375, 8.6015625, 2.548828125, 0.5478515625, 4.34375, 0.57861328125, 3.462890625, 6.609375, 4.23828125, 0.5546875, 6.68359375, 0.66015625, 6.34375, 0.08648681640625, 0.3720703125, 4.796875, 1.830078125, 2.408203125, 5.3515625, 5.94921875, 0.1131591796875, 2.49609375, 5.7734375, 0.02197265625, 9.140625, 2.458984375, 2.0703125, 12.8359375, 1.7548828125, 5.578125, 0.6650390625, 8.421875, 1.56640625, 3.705078125, 7.125, 0.426025390625, 10.609375, 0.65380859375, 8.6484375, 4.7734375, 1.55078125, 8.859375, 0.9833984375, 3.833984375, 4.3828125, 9.625, 0.00032591819763183594, 0.61572265625, 2.451171875, 10.8359375, 4.484375, 0.9111328125, 1.599609375, 5.890625, 5.3125, 4.39453125, 1.1904296875, 0.56201171875, 8.6171875, 9.0078125, 2.291015625, 5.40625, 2.396484375, 0.33984375, 3.345703125, 8.2734375, 2.4765625, 7.61328125, 5.26171875, 0.021728515625, 0.07452392578125, 2.3515625, 5.44921875, 0.88330078125, 3.658203125, 10.828125, 0.0244140625, 2.73046875, 2.107421875, 4.35546875, 0.372314453125, 5.76171875, 0.7705078125, 2.810546875, 6.25390625, 7.765625, 3.3125, 0.9697265625, 5.8125, 3.1328125, 6.24609375, 7.4453125, 5.89453125, 0.61767578125, 5.7578125, 0.7802734375, 0.007598876953125, 2.578125, 0.7021484375, 1.6376953125, 1.8515625, 1.8603515625, 7.7734375, 6.32421875, 0.487060546875, 1.0908203125, 9.0234375, 0.006702423095703125, 0.00868988037109375, 3.8359375, 2.986328125, 4.55078125, 2.43359375, 4.33984375, 3.58203125, 3.609375, 0.450927734375, 0.6318359375, 6.47265625, 3.31640625, 6.296875, 3.09375, 0.32763671875, 6.1875, 2.609375, 0.002979278564453125, 0.13525390625, 0.00028252601623535156, 0.002475738525390625, 0.0033168792724609375, 0.6669921875, 3.90625, 2.609375, 14.2109375, 7.0546875, 0.93017578125, 0.492431640625, 1.5009765625, 7.8671875, 4.0078125, 10.6015625, 4.0703125, 0.66650390625, 0.173583984375, 0.058258056640625, 1.353515625, 4.0625, 0.478515625, 0.169189453125, 6.6171875, 1.9541015625, 4.296875, 7.15625, 5.67578125, 1.806640625, 0.13427734375, 0.042694091796875, 0.13916015625, 0.80029296875, 0.73388671875, 2.2109375, 0.02294921875, 7.33984375, 10.0625, 7.8515625, 9.90625, 4.61328125, 0.05389404296875, 0.1768798828125, 2.154296875, 7.60546875, 7.46484375, 6.37890625, 7.6015625, 0.2152099609375, 0.0253753662109375, 0.151611328125, 0.7421875, 1.1611328125, 0.056549072265625, 2.748046875, 5.92578125, 4.23046875, 9.0078125, 4.8359375, 4.8828125, 1.6357421875, 0.037353515625, 0.3076171875, 7.4140625, 0.46728515625, 0.0008387565612792969, 0.214111328125, 0.0002741813659667969, 5.21875, 0.0906982421875, 0.00498199462890625, 2.48046875, 2.189453125, 4.1015625, 2.970703125, 4.57421875, 5.96875, 4.9296875, 0.007228851318359375, 0.0025615692138671875, 9.21487808227539e-05, 8.78125, 5.0546875, 1.4609375, 3.806640625, 1.564453125, 0.39501953125, 5.12890625, 4.703125, 0.76025390625, 0.0077667236328125, 1.63671875, 3.642578125, 8.9765625, 8.5546875, 0.15966796875, 2.263671875, 2.62109375, 5.69921875, 1.2841796875, 3.01953125, 2.2265625, 1.9873046875, 3.08203125, 0.6611328125, 4.1171875, 12.203125, 5.45703125, 2.009765625, 6.13671875, 13.046875, 3.2421875, 0.2100830078125, 0.1812744140625, 0.1334228515625, 5.578125, 0.6513671875, 3.349609375, 1.2763671875, 1.5498046875, 9.0546875, 4.1640625, 8.3828125, 7.40625, 1.046875, 0.8955078125, 8.6328125, 7.80078125, 9.578125, 5.87890625, 5.4765625, 2.2265625, 7.65234375, 3.029296875, 2.841796875, 9.265625, 1.1240234375, 1.189453125, 0.64404296875, 5.8203125, 7.51171875, 2.021484375, 0.8671875, 3.7734375, 4.12109375, 8.828125, 5.12890625, 5.6640625, 1.6875, 10.4765625, 0.484130859375, 1.26171875, 4.71875, 1.265625, 14.28125, 3.908203125, 4.6953125, 3.048828125, 8.203125, 2.255859375, 7.078125, 0.362548828125, 2.41796875, 0.8759765625, 6.73046875, 3.630859375, 5.41796875, 1.822265625, 2.232421875, 1.61328125, 0.095947265625, 1.5927734375, 2.2109375, 1.84765625, 2.427734375]",-1.0543379924088447
196,1,test,3.8635690129080484,1.7811279109945226,2.3919910928116117,6.028098640621593,2.7789887285998875,3.7320824881819723,47.63505848387408,39.61102597654701,43.27895517999711,74.32216956218907,61.80274534894985,67.52559874469428,3.890392027907635,1.7432838109765862,2.4451470941010394,6.069949007398057,2.7199428135116612,3.8150186588684885,48.93006471518388,40.369996005693594,44.6871734721209,76.34269133272666,62.9869214787629,69.72275861011633,3.8635690129080484,1.7811279109945226,2.3919910928116117,6.028098640621593,2.7789887285998875,3.7320824881819723,47.63505848387408,39.61102597654701,43.27895517999711,74.32216956218907,61.80274534894985,67.52559874469428,0.7638190954773869,-0.0061809045226131065,-0.016180904522613115,0.6331658291457287,-0.0018341708542712887,-0.0018341708542712887,0.5326633165829145,-0.0023366834170853723,0.002663316582914521,0.46899224806201545,0.14597483993822435,0.21899224806201545,0.4669260700389105,0.44723618090452266,0.1289404415561517,0.18847157322505692,0.45959595959595956,0.46899224806201545,0.14597483993822435,0.21899224806201545,0.4669260700389105,25.0,2.0,5.0,39.0,4.0,7.0,49.0,8.0,9.0,-0.00048775724979386307,-9.083164454457591e-07,3.313983440555089e-05,0.00010015572628230274,0.00015629801580718805,-0.00010338106235963096,"[3.0625, 9.453125, 2.48046875, 1.494140625, 0.81689453125, 3.970703125, 0.59521484375, 6.390625, 11.3984375, 1.712890625, 1.7861328125, 9.421875, 0.0204620361328125, 4.05859375, 3.025390625, 7.41015625, 0.082275390625, 8.890625, 0.2264404296875, 8.5234375, 4.34765625, 6.31640625, 7.8046875, 4.99609375, 3.22265625, 3.287109375, 9.109375, 1.08203125, 0.5849609375, 2.12109375, 0.9267578125, 9.65625, 2.521484375, 5.859375, 0.52392578125, 0.82568359375, 7.16796875, 4.72265625, 4.56640625, 6.390625, 1.951171875, 0.4638671875, 6.296875, 5.2421875, 2.16796875, 9.0078125, 0.0120697021484375, 1.8056640625, 1.7294921875, 2.40625, 7.08203125, 0.55322265625, 4.94140625, 5.01171875, 7.91796875, 2.322265625, 0.0303497314453125, 0.03228759765625, 2.3828125, 1.53515625, 0.09332275390625, 5.76171875, 0.0202178955078125, 10.2265625, 0.03460693359375, 9.1640625, 0.755859375, 1.697265625, 7.65234375, 0.1676025390625, 8.84375, 5.0703125, 0.95361328125, 4.3671875, 0.2783203125, 3.884765625, 1.1142578125, 9.2265625, 4.20703125, 0.04205322265625, 1.08203125, 0.2496337890625, 0.005779266357421875, 0.91552734375, 3.677734375, 0.04791259765625, 4.74609375, 0.00024437904357910156, 3.859375, 5.35546875, 5.6171875, 5.01171875, 5.02734375, 8.21875, 0.55615234375, 3.5859375, 9.171875, 3.669921875, 6.62890625, 1.3515625, 1.3310546875, 0.007656097412109375, 7.44140625, 6.3203125, 6.52734375, 3.986328125, 2.232421875, 6.140625, 11.09375, 5.68359375, 0.95166015625, 9.6015625, 0.8564453125, 1.294921875, 6.49609375, 6.7109375, 8.828125, 4.95703125, 4.9609375, 2.84375, 7.8046875, 2.98046875, 1.203125, 3.3203125, 1.8720703125, 2.12890625, 0.85546875, 0.15185546875, 0.66552734375, 4.00390625, 8.5859375, 4.234375, 5.9140625, 1.7958984375, 3.75, 3.947265625, 1.958984375, 0.01032257080078125, 7.7734375, 1.9580078125, 4.8359375, 4.30078125, 1.3671875, 2.3125, 2.267578125, 3.505859375, 7.39453125, 7.05078125, 0.135498046875, 0.916015625, 2.443359375, 1.1123046875, 5.97265625, 1.0693359375, 9.7109375, 11.46875, 6.7890625, 6.77734375, 13.8671875, 0.80908203125, 3.64453125, 11.53125, 0.890625, 3.84765625, 4.28125, 0.006404876708984375, 0.552734375, 1.2529296875, 8.5390625, 1.7958984375, 4.1640625, 8.8125, 0.09747314453125, 6.53515625, 2.046875, 3.818359375, 2.5625, 2.328125, 2.150390625, 5.81640625, 3.94140625, 3.359375, 3.970703125, 8.4765625, 6.984375, 0.006885528564453125, 1.52734375, 2.302734375, 8.6484375, 5.13671875, 0.1944580078125, 2.34765625, 6.95703125, 0.1253662109375, 0.62451171875, 2.26953125, 5.2578125, 2.595703125, 6.8984375, 5.54296875, 4.56640625, 0.039276123046875, 9.515625, 5.22265625, 4.703125, 1.4599609375, 1.5498046875, 4.62109375, 3.765625, 2.912109375, 0.521484375, 5.0234375, 4.9140625, 0.74853515625, 0.01360321044921875, 9.703125, 3.595703125, 3.255859375, 4.55078125, 9.78125, 6.16015625, 4.48046875, 1.37890625, 4.22265625, 8.8203125, 1.626953125, 3.93359375, 3.71484375, 5.3125, 7.65234375, 4.04296875, 6.421875, 6.25390625, 3.888671875, 5.703125, 1.1640625, 5.51953125, 6.39453125, 0.0582275390625, 2.408203125, 5.3359375, 4.42578125, 0.002010345458984375, 6.12890625, 0.005336761474609375, 0.00922393798828125, 0.0477294921875, 0.005313873291015625, 11.4375, 11.515625, 0.60595703125, 0.0015916824340820312, 0.0015506744384765625, 0.0014934539794921875, 0.9345703125, 0.0789794921875, 0.04486083984375, 1.380859375]",-0.9667770945748617
237,1,test,3.39902195103494,1.4670646260304185,2.042456472060615,5.81467906088996,2.509695460882225,3.494013587424448,29.93480801721162,23.031799559076624,26.051973319896103,51.20923132504126,39.40031119540152,44.566897754790816,3.7778540472289426,1.6338141791155514,2.294537956680168,6.4627440304797,2.7949525579838363,3.9252473221195325,43.72211539618401,35.18827170906417,39.31457812947292,74.7950653318368,60.19628870984562,67.25512736614235,3.39902195103494,1.4670646260304185,2.042456472060615,5.81467906088996,2.509695460882225,3.494013587424448,29.93480801721162,23.031799559076624,26.051973319896103,51.20923132504126,39.40031119540152,44.566897754790816,0.7537688442211055,-0.006231155778894548,0.0037688442211054607,0.6432160804020101,-0.0067839195979899625,0.0032160804020100464,0.5175879396984925,-0.012412060301507544,-0.007412060301507539,0.4391143911439115,0.11314754031518226,0.1814456794874698,0.38888888888888884,0.4371859296482412,0.0963337993224267,0.17675187288697247,0.4242424242424242,0.4391143911439115,0.11314754031518226,0.1814456794874698,0.38888888888888884,28.0,5.0,4.0,39.0,4.0,4.0,47.0,6.0,6.0,-0.001223391242527155,-0.0008112469161469249,-0.00016199101123512899,0.00019024471046957814,-0.00021210453193631906,-5.782182176528039e-05,"[3.0625, 9.453125, 2.48046875, 1.494140625, 1.81640625, 5.23046875, 10.5078125, 1.63671875, 5.3828125, 7.890625, 1.388671875, 4.9765625, 0.0157470703125, 7.56640625, 8.703125, 3.916015625, 2.279296875, 6.1171875, 6.96875, 0.142578125, 6.30078125, 7.734375, 5.828125, 8.03125, 1.5517578125, 8.2265625, 3.197265625, 6.4453125, 0.71142578125, 4.12109375, 0.3896484375, 6.46875, 2.533203125, 0.0458984375, 1.7119140625, 7.76171875, 0.162841796875, 0.9326171875, 0.367919921875, 0.1995849609375, 2.09375, 2.279296875, 4.40234375, 0.01064300537109375, 5.484375, 2.96484375, 1.7685546875, 3.810546875, 7.296875, 1.8359375, 5.140625, 0.45751953125, 8.859375, 4.453125, 7.7421875, 0.036834716796875, 0.67626953125, 4.1171875, 7.7265625, 0.7431640625, 4.74609375, 0.0762939453125, 3.033203125, 8.078125, 2.197265625, 4.24609375, 4.828125, 3.90234375, 2.59375, 6.6640625, 0.8330078125, 7.9296875, 7.16796875, 3.19140625, 0.19482421875, 0.0028476715087890625, 5.16015625, 1.478515625, 4.453125, 6.7421875, 1.185546875, 6.7265625, 4.3671875, 2.310546875, 4.0625, 10.5078125, 6.73046875, 2.041015625, 3.375, 9.7734375, 7.26171875, 3.849609375, 1.80859375, 0.011077880859375, 5.78515625, 6.328125, 4.97265625, 0.62353515625, 11.6875, 0.6064453125, 6.77734375, 10.890625, 0.376708984375, 5.12109375, 0.8603515625, 3.1171875, 0.8134765625, 1.1787109375, 7.3828125, 0.02008056640625, 10.5078125, 0.01000213623046875, 0.004901885986328125, 0.732421875, 7.18359375, 7.2109375, 1.501953125, 0.2225341796875, 0.236572265625, 0.78369140625, 5.1171875, 1.9228515625, 3.455078125, 4.47265625, 7.51953125, 10.34375, 6.7734375, 1.9306640625, 2.748046875, 1.1044921875, 2.23046875, 0.031646728515625, 0.8349609375, 7.9140625, 3.146484375, 9.8515625, 6.6875, 6.98046875, 3.765625, 1.49609375, 7.640625, 0.85986328125, 5.9296875, 4.1484375, 3.8125, 5.28515625, 2.322265625, 0.17529296875, 5.109375, 0.583984375, 0.033050537109375, 0.009765625, 1.9443359375, 1.501953125, 3.404296875, 4.8359375, 2.35546875, 4.10546875, 2.298828125, 0.3232421875, 5.4453125, 9.40625, 3.759765625, 10.546875, 1.3388671875, 9.5234375, 4.37890625, 2.48828125, 2.505859375, 5.234375, 7.19140625, 2.560546875, 1.9892578125, 5.73046875, 0.077880859375, 7.1328125, 0.127685546875, 1.5888671875, 11.5390625, 0.287353515625, 0.0307464599609375, 0.1949462890625, 0.07611083984375, 0.87060546875, 3.806640625, 2.2578125, 0.93603515625, 2.64453125, 2.7109375, 0.41748046875, 1.7646484375, 5.18359375, 3.341796875, 4.3984375, 9.2265625, 0.34130859375, 0.0030727386474609375, 0.0200347900390625, 4.10546875, 2.783203125, 3.677734375, 3.763671875, 5.9921875, 2.224609375, 4.46484375, 0.21875, 0.397705078125, 3.2578125, 0.6796875, 4.62890625, 0.004398345947265625, 0.05609130859375, 0.0006642341613769531, 0.004718780517578125, 0.0017681121826171875, 0.61279296875, 9.1875, 1.57421875, 7.46484375, 6.03125, 7.28515625, 1.55078125, 4.25, 2.650390625, 1.62890625, 4.359375, 2.123046875, 6.58203125, 3.189453125, 6.23828125, 0.30859375, 2.5546875, 0.0013608932495117188, 0.9580078125, 0.0005593299865722656, 0.54248046875, 5.2109375, 0.099365234375, 3.466796875, 0.08880615234375, 0.65087890625, 1.3486328125, 5.421875, 2.828125, 4.65234375, 0.0140228271484375, 5.04296875, 2.52734375, 3.322265625, 4.59375, 5.03515625, 1.431640625, 0.08563232421875, 1.671875, 0.0164642333984375, 0.000133514404296875, 0.00209808349609375, 0.0002142190933227539, 0.95849609375, 0.1767578125, 0.003940582275390625, 0.00016129016876220703, 0.00027298927307128906, 4.96875, 0.080078125, 0.053436279296875, 1.2001953125, 1.3515625, 4.6015625, 3.509765625, 3.16015625]",-1.1599198900905483
144,1,test,2.8979652026701257,1.2423146165602037,1.7236396731548518,5.711687230844026,2.4485154361273778,3.3971735418575273,18.137202265583717,12.90071666657327,14.901242617219754,35.747160279260925,25.426412499815918,29.369309576962184,2.816347515163709,1.1700947405092346,1.6558618879065417,5.550824463026147,2.3061750990269214,3.2635882558157996,16.715685250345803,11.528180638149653,13.5242024794742,32.94544941783271,22.721239746120535,26.655259538033448,2.9772989119973072,1.2866133072283854,1.7933857430264928,5.868048437017948,2.5358250648280385,3.534638179569657,19.634709874742065,14.211512273779181,16.367575806229645,38.69864329963697,28.009899190762454,32.25934999018517,0.6582914572864322,0.008291457286432213,-0.0067085427135678,0.48743718592964824,-0.002562814070351749,0.01743718592964827,0.36180904522613067,-0.0031909547738693256,0.0018090452261306789,0.3875739644970414,0.10396982860339299,0.14249522433956108,0.3946587537091988,0.37688442211055273,0.07613254241130463,0.12980595800370798,0.38888888888888884,0.3846153846153846,0.09413124438166176,0.14546076837511757,0.40604026845637586,18.0,4.0,5.0,25.0,1.0,0.0,32.0,1.0,1.0,0.0004810220250504569,1.8430143565544877e-05,3.5580588175726726e-05,0.004322502103845771,0.004290874779123044,0.004015401586179301,"[3.056640625, 9.4453125, 2.4296875, 1.0791015625, 6.80078125, 0.701171875, 7.9921875, 4.57421875, 1.6376953125, 0.43798828125, 1.0478515625, 0.41552734375, 1.966796875, 7.32421875, 2.59765625, 0.654296875, 2.15625, 6.11328125, 1.10546875, 0.615234375, 4.24609375, 3.818359375, 2.896484375, 1.3212890625, 0.493896484375, 0.853515625, 0.46875, 0.168212890625, 0.06732177734375, 0.396240234375, 0.8671875, 0.46826171875, 2.08984375, 0.87841796875, 5.4296875, 0.60791015625, 6.31640625, 1.6005859375, 4.0625, 1.3408203125, 1.8564453125, 3.705078125, 0.58740234375, 3.396484375, 3.0703125, 0.012451171875, 4.296875, 3.421875, 0.9609375, 2.189453125, 0.6650390625, 5.6484375, 0.71826171875, 1.19921875, 0.75048828125, 1.5302734375, 1.5537109375, 4.41796875, 2.77734375, 1.5537109375, 8.171875, 0.86962890625, 10.28125, 8.828125, 1.728515625, 0.91650390625, 0.2294921875, 0.34130859375, 0.450927734375, 3.49609375, 2.48828125, 0.00418853759765625, 2.7109375, 0.11944580078125, 0.46435546875, 0.7734375, 4.36328125, 1.41015625, 4.328125, 1.98828125, 15.328125, 5.39453125, 3.208984375, 1.8544921875, 0.16162109375, 3.0078125, 4.29296875, 5.17578125, 1.53125, 7.1640625, 5.71484375, 0.6611328125, 0.2301025390625, 0.1748046875, 0.0215911865234375, 1.279296875, 6.578125, 1.8818359375, 0.7412109375, 0.430908203125, 0.56005859375, 2.580078125, 8.890625, 5.19921875, 5.41015625, 1.248046875, 1.02734375, 2.580078125, 1.5205078125, 6.08984375, 1.1591796875, 10.359375, 7.64453125, 4.45703125, 7.43359375, 0.379150390625, 1.2626953125, 4.40625, 2.162109375, 0.34423828125, 4.48046875, 6.34765625, 0.03680419921875, 0.0275421142578125, 2.669921875, 0.076416015625, 1.650390625, 4.546875, 5.80078125, 7.42578125, 3.958984375, 0.1201171875, 2.451171875, 2.1953125, 3.173828125, 0.177734375, 4.04296875, 2.01953125, 0.106201171875, 0.0703125, 0.028594970703125, 0.088134765625, 0.01690673828125, 0.421875, 0.66259765625, 8.6640625, 0.002025604248046875, 8.0859375, 7.19140625, 0.40869140625, 1.8603515625, 6.55859375, 0.2230224609375, 0.07025146484375, 0.5439453125, 6.39453125, 1.892578125, 4.65234375, 4.53515625, 0.0012826919555664062, 0.004024505615234375, 0.71435546875, 4.5078125, 0.464599609375, 2.08203125, 8.390625, 6.6015625, 1.701171875, 0.03155517578125, 0.343017578125, 3.27734375, 5.28125, 3.3359375, 3.3671875, 1.001953125, 4.828125, 2.171875, 1.951171875, 8.0625, 2.8671875, 0.5546875, 1.9541015625, 0.1878662109375, 5.34765625, 7.89453125, 5.01171875, 0.2459716796875, 0.65478515625, 6.796875, 2.005859375, 2.90234375, 3.103515625, 8.421875, 2.3203125, 2.18359375, 0.046844482421875, 1.3427734375, 0.74609375, 2.44140625, 13.0, 1.9013671875, 1.01953125, 0.004016876220703125, 1.896484375, 4.2109375, 5.41015625, 1.580078125, 5.234375, 2.00390625, 11.4140625, 3.59765625, 1.6865234375, 8.84375, 0.2181396484375, 7.890625, 1.26953125, 0.7099609375, 1.509765625, 10.125, 2.173828125, 0.07757568359375, 3.240234375, 6.2890625, 0.110107421875, 0.038360595703125, 0.430419921875, 0.0106048583984375, 0.181884765625, 4.4609375, 3.810546875, 11.921875, 0.69287109375, 0.0017290115356445312, 9.1875, 12.7734375, 4.734375, 5.14453125, 0.01035308837890625, 1.3828125, 0.9384765625, 1.4912109375, 4.52734375, 0.68603515625, 6.78125, 1.958984375, 7.2734375, 1.337890625, 2.16796875, 4.109375, 0.299560546875, 10.34375, 0.078125, 0.038787841796875, 1.7646484375, 1.3525390625, 3.33203125, 0.1761474609375, 4.23828125, 1.6435546875, 6.26171875, 5.0234375, 0.39501953125, 8.6328125, 3.814453125, 0.373046875, 10.2265625, 0.97705078125, 5.43359375, 4.95703125, 1.01953125, 5.6875, 3.201171875, 0.236083984375, 3.103515625, 5.47265625, 4.09375, 0.0176239013671875, 0.03656005859375, 0.92626953125, 0.326416015625, 1.3017578125, 0.06024169921875, 1.4677734375, 10.171875, 0.370361328125, 0.29931640625, 5.5859375, 3.6953125, 0.75, 4.14453125, 10.421875, 4.19921875, 3.5390625, 3.05078125, 0.5400390625, 3.970703125, 4.37890625, 0.2081298828125, 0.58154296875, 6.3984375, 0.51220703125, 1.3359375, 0.46484375, 10.453125, 0.043792724609375, 0.04217529296875, 0.004390716552734375, 0.134521484375, 0.0171966552734375, 0.028289794921875, 0.0007162094116210938, 0.6484375, 2.265625, 6.85546875, 0.91552734375, 2.7265625, 0.002719879150390625, 1.33203125, 0.0057373046875, 0.63720703125, 0.0245513916015625, 0.352783203125, 7.66015625, 1.64453125, 1.4462890625, 8.0234375, 7.62890625, 0.348876953125, 4.11328125, 2.6328125, 0.0232391357421875, 1.0810546875, 6.17578125, 4.16015625, 5.7265625, 0.255859375, 0.032867431640625, 2.46875]",-1.2188808819246009
243,1,test,3.5656380385768656,1.5703408644558072,2.1415682164509784,6.2262918034032575,2.7421180577299373,3.739591200300186,35.3620085335931,28.007620296551924,31.208016440010226,61.74888799774632,48.906707522913,54.495216524687905,3.2814439601035574,1.392122844788597,1.9653698146880973,5.730034123226516,2.430915018311052,3.431914803313225,26.614174774232996,19.999298356175302,22.885420715230474,46.47348285449822,34.92263266255992,39.96235901542783,3.5399415178043787,1.5445321823103373,2.1296223652009756,6.1814207214452095,2.6970511203794723,3.7187314397418048,34.46490354868697,27.10969038710221,30.367640701159267,60.182369648468615,47.33874869625969,53.027758381719735,0.6733668341708543,0.01336683417085438,0.0033668341708543714,0.542713567839196,-0.01228643216080394,-0.01228643216080394,0.44723618090452266,-0.012763819095477302,-0.007763819095477298,0.4460641399416909,0.12338972133703974,0.18115700406681312,0.42105263157894735,0.44221105527638194,0.12471105527638193,0.19429092216490107,0.3535353535353535,0.4481605351170569,0.12316053511705694,0.1928886150282667,0.41946308724832215,20.0,-1.0,-1.0,32.0,2.0,1.0,40.0,-3.0,-4.0,0.0007010854799354293,-7.188816515479936e-05,0.00027638097445650735,0.0043422467366260875,0.005311282440077392,0.004027750075244363,"[11.9609375, 9.71875, 6.88671875, 8.0078125, 4.37890625, 0.552734375, 4.5859375, 6.14453125, 4.7421875, 5.22265625, 5.0390625, 0.60986328125, 7.109375, 1.7216796875, 1.615234375, 5.26171875, 5.3125, 8.6875, 4.8203125, 0.60107421875, 3.4765625, 2.759765625, 3.951171875, 3.357421875, 0.57080078125, 3.4453125, 2.748046875, 3.373046875, 6.05859375, 2.689453125, 0.38427734375, 1.8251953125, 8.671875, 3.435546875, 1.8271484375, 0.58203125, 4.17578125, 8.9140625, 0.052276611328125, 0.41357421875, 8.5703125, 0.400390625, 2.857421875, 1.0546875, 2.052734375, 0.3359375, 0.1834716796875, 0.93359375, 0.247802734375, 4.05859375, 0.599609375, 0.04864501953125, 0.54052734375, 0.2432861328125, 0.09765625, 0.0416259765625, 1.26171875, 0.054351806640625, 0.12359619140625, 0.0189056396484375, 0.033721923828125, 0.1856689453125, 0.10162353515625, 0.36474609375, 0.300048828125, 0.07421875, 5.01171875, 0.23486328125, 0.0174560546875, 14.1796875, 5.90625, 4.9921875, 4.64453125, 1.41015625, 1.599609375, 0.01044464111328125, 0.207275390625, 0.38525390625, 0.029998779296875, 10.8359375, 8.84375, 6.26171875, 1.5615234375, 1.3173828125, 0.445556640625, 0.7421875, 0.0186767578125, 0.0288848876953125, 0.09283447265625, 0.01113128662109375, 3.8046875, 0.828125, 0.21240234375, 0.0005259513854980469, 0.00011801719665527344, 4.75390625, 6.8203125, 8.046875, 5.0703125, 6.88671875, 1.4970703125, 11.234375, 0.00928497314453125, 4.05078125, 8.3828125, 3.6953125, 0.031463623046875, 3.58984375, 2.306640625, 4.59375, 14.390625, 0.4423828125, 0.052825927734375, 3.48046875, 1.423828125, 3.90234375, 7.7421875, 0.2080078125, 2.78125, 2.0859375, 5.23046875, 4.015625, 0.875, 2.447265625, 0.033538818359375, 0.009613037109375, 5.8359375, 4.78125, 2.40234375, 4.4375, 5.98046875, 2.90625, 2.02734375, 6.14453125, 9.1484375, 2.453125, 3.220703125, 5.62890625, 7.3203125, 3.580078125, 0.03631591796875, 0.0012235641479492188, 0.057098388671875, 9.671875, 7.8515625, 3.5859375, 6.8671875, 1.5205078125, 7.93359375, 4.5625, 0.30224609375, 1.6450881958007812e-05, 9.4921875, 2.634765625, 1.5341796875, 3.736328125, 8.859375, 1.6796875, 8.796875, 2.685546875, 0.6708984375, 5.0703125, 0.410400390625, 0.4794921875, 8.78125, 1.0615234375, 1.263671875, 5.3515625, 1.4638671875, 2.76953125, 1.265625, 3.50390625, 0.167724609375, 0.2242431640625, 4.61328125, 0.8955078125, 4.23828125, 1.3837890625, 3.9609375, 3.208984375, 6.0, 3.33984375, 4.05859375, 10.2890625, 0.0002455711364746094, 0.10797119140625, 1.4306640625, 7.8359375, 2.400390625, 4.97265625, 13.0234375, 0.99169921875, 6.0234375, 5.109375, 2.107421875, 2.107421875, 2.30859375, 0.5458984375, 4.61328125, 1.5048828125, 9.2421875, 2.7109375, 5.09375, 5.0703125, 10.5703125, 0.06842041015625, 1.892578125, 8.390625, 7.9296875, 2.181640625, 1.8779296875, 9.1171875, 0.103759765625, 9.5625, 6.20703125, 2.576171875, 5.90234375, 7.69140625, 0.2396240234375, 5.28125, 7.10546875, 5.65234375, 4.359375, 1.111328125, 2.16796875, 8.40625, 0.174072265625, 0.6318359375, 5.1796875, 0.0003533363342285156, 0.049346923828125, 0.37939453125, 4.16796875, 5.15234375, 8.8984375, 2.22265625, 2.078125, 6.19921875, 0.0171051025390625, 4.48828125, 7.06640625, 3.57421875, 2.267578125, 1.060546875, 5.91015625, 0.92919921875, 0.01105499267578125, 8.78125, 0.324462890625, 0.50341796875, 4.734375, 6.62109375, 8.640625, 5.30078125, 4.06640625, 9.953125, 4.4453125, 3.607421875, 0.9814453125, 5.734375, 6.4140625, 1.7109375, 3.962890625, 1.1923828125, 2.31640625, 0.26220703125, 7.58984375, 4.03515625, 0.40771484375, 6.2578125, 5.4140625, 1.3388671875, 6.16796875, 0.3603515625, 0.94921875, 6.6640625, 0.0001443624496459961, 0.027008056640625, 8.171875, 0.73583984375, 5.5078125, 0.7958984375, 9.296875, 9.2734375, 5.88671875, 7.6953125, 0.1002197265625, 0.9873046875, 10.0546875, 2.876953125, 2.689453125, 8.546875, 0.80810546875, 0.059234619140625, 0.050811767578125, 3.66796875, 7.515625, 2.814453125, 2.802734375, 13.4765625, 2.10546875, 3.283203125, 1.52734375, 3.72265625, 5.3125, 1.455078125, 0.658203125, 1.767578125, 9.34375, 1.5791015625, 0.35888671875, 0.11669921875, 4.609375, 5.875, 3.458984375, 0.361572265625, 2.18359375, 5.00390625, 0.18115234375, 4.62890625, 1.2177734375, 0.00010204315185546875, 0.033355712890625, 1.0185546875, 0.763671875, 5.4140625, 5.19140625, 1.7900390625, 6.00390625, 10.078125, 1.482421875, 0.0013523101806640625, 2.47265625, 6.58984375, 6.25, 8.859375, 2.384765625, 7.0859375, 2.900390625, 3.078125, 9.8359375, 4.44921875, 3.595703125]",-0.16244914823648893
177,1,test,3.4238128031001374,1.548236348972537,2.151132235745809,5.079896169817051,2.297111539508166,3.1916255454272053,30.68619266502244,24.16161350795485,27.115782192947457,45.52897063886481,35.848480911259095,40.23156814497095,3.656310277967597,1.60596488850106,2.251496277845858,5.424851662419314,2.3827631226129853,3.3405352383256472,38.718219523390445,30.94763500247956,34.64345075910664,57.44605396676951,45.91687149824413,51.400337267587574,3.430174737730447,1.5613314139178747,2.165024744341112,5.0893353445674565,2.316540630432499,3.2122378000278458,30.882038535564906,24.40124265554796,27.338414319109432,45.819546305484884,36.20401763567713,40.561886462591715,0.7638190954773869,-0.011180904522613111,-0.011180904522613111,0.6231155778894473,0.003115577889447274,-0.0018844221105527303,0.48743718592964824,0.012437185929648265,-0.007562814070351753,0.4154411764705882,0.10901915812196439,0.16849741118941464,0.3726937269372693,0.42713567839195976,0.09630861072278685,0.16002382530347892,0.38888888888888884,0.4191176470588235,0.10535617916891526,0.1733963756651804,0.36162361623616235,23.0,1.0,4.0,35.0,3.0,3.0,43.0,0.0,1.0,-0.00016475592469932903,-0.0005727214996919322,-0.00017513355667766976,0.00019717463232815646,-0.00020823100688893703,-5.431726479621091e-05,"[3.056640625, 9.4453125, 2.4296875, 1.0791015625, 6.80078125, 4.02734375, 4.49609375, 4.72265625, 0.80224609375, 9.1015625, 11.0390625, 1.7822265625, 12.5625, 7.11328125, 4.2734375, 6.15234375, 4.390625, 0.039520263671875, 5.515625, 3.861328125, 5.109375, 1.2421875, 7.24609375, 7.62890625, 2.82421875, 7.53515625, 1.19140625, 11.0078125, 1.650390625, 1.619140625, 0.0289306640625, 4.3984375, 0.88427734375, 7.1484375, 0.6806640625, 2.724609375, 2.111328125, 5.21484375, 2.83984375, 0.058746337890625, 6.0078125, 7.05078125, 2.90234375, 3.087890625, 0.01442718505859375, 7.265625, 3.677734375, 6.12890625, 2.50390625, 4.26953125, 7.1953125, 4.15234375, 1.96875, 2.412109375, 6.58984375, 9.015625, 0.0234222412109375, 1.474609375, 2.27734375, 0.04779052734375, 3.013671875, 2.759765625, 5.04296875, 0.08624267578125, 7.87109375, 4.58984375, 3.478515625, 0.01015472412109375, 0.93896484375, 3.158203125, 0.5, 0.01213836669921875, 8.0234375, 2.900390625, 1.5419921875, 4.91796875, 6.01171875, 1.2314453125, 11.1640625, 2.45703125, 0.6767578125, 1.8369140625, 1.35546875, 0.94482421875, 0.336181640625, 0.21728515625, 2.544921875, 1.0546875, 1.8994140625, 11.4609375, 0.3994140625, 1.6123046875, 0.0782470703125, 0.802734375, 0.089111328125, 0.07769775390625, 3.705078125, 4.109375, 10.6796875, 0.5341796875, 0.0225982666015625, 1.505859375, 5.23828125, 3.955078125, 2.470703125, 4.41015625, 0.000850677490234375, 0.0010986328125, 0.7265625, 3.146484375, 13.703125, 0.375, 8.09375, 2.08203125, 3.232421875, 6.484375, 8.8515625, 0.1446533203125, 0.88720703125, 4.29296875, 4.6640625, 8.734375, 1.6201171875, 1.8720703125, 6.7578125, 5.11328125, 0.225341796875, 2.82421875, 2.34765625, 0.2379150390625, 1.3779296875, 5.234375, 8.765625, 3.28515625, 3.16015625, 9.25, 11.078125, 0.425537109375, 6.69140625, 8.890625, 1.6943359375, 0.396240234375, 3.181640625, 0.515625, 4.46484375, 4.8359375, 1.013671875, 4.70703125, 0.73974609375, 3.732421875, 0.29248046875, 1.87890625, 5.3203125, 8.2109375, 2.126953125, 4.0, 0.004634857177734375, 1.33203125, 5.5703125, 5.328125, 3.953125, 1.0048828125, 6.11328125, 5.62890625, 8.5703125, 6.3359375, 3.478515625, 3.87109375, 10.140625, 1.4853515625, 4.3671875, 0.328857421875, 3.14453125, 0.223388671875, 0.1654052734375, 1.205078125, 0.3349609375, 1.490234375, 2.2734375, 2.197265625, 1.8037109375, 5.14453125, 4.73046875, 2.517578125, 1.525390625, 7.734375, 3.59765625, 2.451171875, 2.177734375, 9.859375, 2.53125, 4.6796875, 6.453125, 9.6875, 0.039031982421875, 0.195556640625, 2.63671875, 1.642578125, 7.2734375, 0.2398681640625, 2.388671875, 1.015625, 1.0322265625, 7.11328125, 0.46728515625, 3.912109375, 0.154052734375, 0.75146484375, 5.32421875, 4.578125, 0.89501953125, 3.939453125, 3.87109375, 6.64453125, 0.09552001953125, 4.46484375, 0.493896484375, 7.765625, 0.10101318359375, 0.008544921875, 0.00435638427734375, 0.01654052734375, 0.007549285888671875, 0.0008177757263183594, 0.97412109375, 6.2890625, 3.642578125, 1.4462890625, 3.720703125, 2.765625, 1.322265625, 1.427734375, 1.810546875, 7.0234375, 9.71875, 0.9033203125, 11.1171875, 10.4375, 1.0185546875, 9.8984375, 0.009429931640625, 0.70751953125, 0.008087158203125, 1.1376953125, 0.0007414817810058594, 0.1873779296875, 2.111328125, 0.7177734375, 0.1591796875, 7.05859375, 0.41455078125, 0.62939453125, 7.90234375, 0.0567626953125, 0.349365234375, 1.9296875, 0.0035800933837890625, 0.0011777877807617188, 4.9296875, 3.32421875, 2.302734375, 7.3203125, 0.08270263671875, 0.239990234375, 10.9296875, 8.4609375, 0.29736328125, 2.583984375, 2.6171875, 0.0005359649658203125, 0.00301361083984375, 3.451171875]",-1.1795764600529388
257,1,test,3.2620560359263764,1.4693178734385017,1.9780259105218767,5.7585274919924805,2.593795837804702,3.4918212502069865,26.10315102389521,20.09727598987714,22.491987141769254,46.08005231769256,35.47784434947699,39.705242607408984,3.195879205986483,1.298195983495441,1.835228552752374,5.641705128935322,2.2917133178031768,3.239740200266946,24.43164470047284,17.761222058784544,20.5329155030002,43.12933197124287,31.353994042548223,36.24688144917382,3.28090461161623,1.455394786799738,1.996396331997215,5.791800998057222,2.569217327717905,3.5242506677093686,26.599824329620223,20.393866165426587,22.986933341386095,46.956832745145896,36.00141680223264,40.57897416387544,0.6633165829145728,0.018316582914572832,0.018316582914572832,0.5226130653266332,-0.002386934673366814,-0.007386934673366818,0.4623115577889447,0.007311557788944767,0.0023115577889447625,0.4260869565217391,0.12217957591392437,0.18268519699094732,0.46220930232558144,0.44221105527638194,0.13895290991297338,0.19346314208773419,0.4949494949494949,0.4347826086956522,0.1276039776438993,0.18784156308942312,0.47986577181208057,24.0,7.0,7.0,35.0,8.0,7.0,44.0,8.0,10.0,0.000825982203656078,-0.0001037732250002037,0.000341569191295153,0.011606684134301659,0.013940105423348115,0.010921049745372002,"[3.056640625, 6.44140625, 0.03302001953125, 0.005214691162109375, 0.009490966796875, 0.62646484375, 3.7578125, 0.07080078125, 1.458984375, 0.006237030029296875, 0.7666015625, 4.43359375, 0.08062744140625, 0.347412109375, 3.12890625, 0.0002849102020263672, 0.7607421875, 0.408935546875, 0.0002372264862060547, 0.7666015625, 0.0007605552673339844, 0.9765625, 6.265625, 0.52490234375, 5.828125, 3.43359375, 2.240234375, 4.8671875, 8.796875, 2.44921875, 0.9482421875, 1.6591796875, 7.11328125, 0.845703125, 2.642578125, 3.515625, 2.83203125, 3.8203125, 1.4970703125, 8.7734375, 1.5009765625, 1.2333984375, 6.79296875, 10.09375, 0.3291015625, 4.15234375, 0.398681640625, 3.548828125, 0.06634521484375, 0.4375, 0.008056640625, 0.0162353515625, 0.0064697265625, 0.00342559814453125, 0.796875, 1.373046875, 1.1494140625, 0.006977081298828125, 0.00020372867584228516, 0.025115966796875, 0.0006961822509765625, 0.00011992454528808594, 8.796875, 4.4765625, 5.53515625, 0.86962890625, 10.5078125, 0.09918212890625, 6.54296875, 4.984375, 2.595703125, 3.72265625, 0.25390625, 1.63671875, 1.9482421875, 1.5068359375, 0.07562255859375, 2.453125, 3.48046875, 6.91796875, 6.76171875, 2.48046875, 0.4775390625, 3.56640625, 4.5625, 4.5390625, 7.77734375, 2.677734375, 12.140625, 3.279296875, 1.4775390625, 8.03125, 0.43359375, 6.859375, 2.548828125, 2.1484375, 4.046875, 3.17578125, 1.095703125, 0.51513671875, 2.20703125, 5.59375, 0.06365966796875, 0.0033550262451171875, 7.08203125, 5.546875, 6.52734375, 0.685546875, 0.67626953125, 4.96484375, 4.93359375, 2.017578125, 3.5859375, 0.1307373046875, 10.9140625, 0.7177734375, 5.5, 1.349609375, 2.107421875, 7.19921875, 3.765625, 0.044097900390625, 5.51953125, 1.05078125, 3.318359375, 0.45068359375, 3.12109375, 0.66064453125, 0.99951171875, 4.3984375, 0.291748046875, 1.0419921875, 1.416015625, 5.015625, 9.96875, 8.9453125, 9.671875, 6.6796875, 0.0086212158203125, 0.72509765625, 11.40625, 6.4453125, 3.064453125, 8.921875, 5.2890625, 6.2578125, 1.1181640625, 8.3515625, 1.7744140625, 5.8515625, 9.5, 2.943359375, 0.29638671875, 8.2734375, 1.5888671875, 1.4619140625, 8.125, 4.98046875, 7.13671875, 0.34326171875, 9.53125, 0.0241546630859375, 0.0033111572265625, 0.003475189208984375, 3.1328125, 1.5458984375, 2.59375, 9.359375, 0.223876953125, 1.2119140625, 3.638671875, 0.237060546875, 4.8203125, 1.9677734375, 4.390625, 0.84033203125, 0.26318359375, 3.427734375, 0.100341796875, 0.06768798828125, 0.333740234375, 5.58984375, 0.01593017578125, 0.42431640625, 7.05859375, 6.94921875, 5.234375, 3.095703125, 1.0849609375, 1.8779296875, 5.8531761169433594e-05, 5.77734375, 3.869140625, 4.35546875, 5.3359375, 6.2265625, 7.65625, 4.92578125, 3.759765625, 6.25390625, 2.28515625, 5.12890625, 0.483642578125, 3.794921875, 3.583984375, 4.97265625, 3.041015625, 6.19921875, 4.078125, 5.12890625, 4.65234375, 0.0272674560546875, 8.5234375, 3.580078125, 3.076171875, 11.359375, 5.171875, 2.966796875, 3.7734375, 0.0003998279571533203, 2.375, 8.1328125, 9.171875, 2.759765625, 3.2109375, 0.947265625, 9.775161743164062e-05, 3.609375, 8.7578125, 12.46875, 0.082275390625, 1.1640625, 0.8828125, 5.4001808166503906e-05, 3.34765625, 6.5390625, 6.953125, 1.0712890625, 0.369873046875, 0.0011234283447265625, 2.052734375, 3.517578125, 3.013671875, 0.04046630859375, 3.0234375, 1.1748046875, 1.4775390625, 8.890625, 5.640625, 0.229248046875, 5.92578125, 0.63427734375, 1.396484375, 2.646484375, 2.21875, 0.12078857421875, 5.3359375, 13.984375, 0.416015625, 5.6015625, 3.392578125, 2.587890625, 0.4453125, 6.046875, 8.4765625, 4.78125, 7.59375, 1.138671875, 5.75390625, 6.95703125, 3.435546875, 2.7578125, 8.1875, 3.037109375, 8.2109375, 2.888671875, 2.541015625, 3.474609375, 1.28125, 0.32421875, 1.478515625, 0.046295166015625, 0.058197021484375, 0.04168701171875, 4.03125, 0.463623046875, 5.7578125, 0.01494598388671875, 0.332763671875, 1.21875, 0.0026874542236328125, 0.326904296875, 0.9619140625, 7.390625, 0.004302978515625, 6.8359375, 1.5732421875, 1.193359375, 6.9375, 1.482421875, 6.76953125, 6.8046875, 3.091796875, 12.1953125, 0.413818359375, 3.392578125, 7.79296875, 0.810546875, 1.751953125, 2.8203125, 4.32421875, 3.498046875, 4.09375, 1.787109375, 5.046875, 0.0799560546875, 0.58154296875, 6.04296875, 8.15625, 1.51953125, 0.055450439453125, 1.451171875, 9.421875, 0.99658203125, 0.380126953125, 0.066162109375, 0.056060791015625, 0.6142578125, 0.1153564453125, 1.880859375, 0.77783203125, 0.01264190673828125, 0.00536346435546875, 0.08892822265625, 1.248046875, 8.4609375, 8.9140625, 2.373046875, 5.59375, 4.65234375, 5.14453125, 0.73291015625, 4.6015625, 0.022186279296875, 0.921875]",-1.4027236271595611
149,1,test,3.2274447944946587,1.3360065552278932,1.8679198623392972,5.421263478334166,2.2441417300233244,3.1376170236679704,25.215144708442175,18.586248941968897,21.320801923205877,42.35485091548784,31.220039072457563,35.8133731651236,3.408364863251921,1.4956399560150329,2.050934380505357,5.725161894481984,2.51228410912329,3.445033567254096,30.215796883949462,23.444281450846425,26.329602066925187,50.754639210294194,39.38026361351328,44.226847916338386,3.213464515283704,1.3265670803184921,1.8625646540532252,5.397780264234719,2.228285880012108,3.128621673801823,24.865082629441545,18.266219144420113,21.004184388815858,41.766838142264554,30.682472680496527,35.28153848317435,0.7236180904522613,-0.0013819095477386467,-0.006381909547738651,0.5628140703517588,-0.012185929648241167,-0.0021859296482411583,0.4723618090452262,-0.0026381909547738003,-0.0026381909547738003,0.4375,0.1139132553606238,0.1699675324675325,0.4117647058823529,0.44723618090452266,0.14147176987695376,0.18847157322505692,0.4191919191919192,0.43359375,0.11585495857699801,0.1660612824675325,0.40784313725490196,14.0,0.0,0.0,28.0,0.0,0.0,39.0,1.0,0.0,-0.0006563588573525885,-0.000493796578976965,-0.0003578419399103833,0.007653828045041777,0.008639046900448477,0.00893701430318572,"[3.056640625, 9.4453125, 2.4296875, 1.0791015625, 0.80224609375, 2.9921875, 1.1474609375, 2.734375, 5.91796875, 1.0576171875, 0.455810546875, 7.7109375, 7.46484375, 1.8623046875, 0.953125, 8.1875, 6.703125, 1.7197265625, 4.25390625, 0.82373046875, 4.96484375, 3.84375, 7.8671875, 1.8720703125, 5.2265625, 0.57763671875, 7.75, 2.599609375, 4.84765625, 5.234375, 2.931640625, 1.69140625, 6.22265625, 3.54296875, 5.39453125, 6.6953125, 2.033203125, 0.361328125, 3.69921875, 1.6474609375, 1.3359375, 1.43359375, 2.32421875, 6.6953125, 6.5, 1.908203125, 1.5703125, 7.4765625, 2.939453125, 3.6328125, 3.146484375, 6.12890625, 3.556640625, 6.3828125, 3.865234375, 2.28125, 1.6748046875, 1.5224609375, 6.40625, 5.9140625, 2.525390625, 0.7734375, 0.29443359375, 4.6953125, 0.40869140625, 0.822265625, 4.1640625, 7.01953125, 5.9609375, 0.39794921875, 2.306640625, 3.216796875, 5.55078125, 0.01861572265625, 1.5859375, 0.50341796875, 4.83203125, 0.7236328125, 1.423828125, 6.01953125, 0.84228515625, 0.4755859375, 6.4609375, 2.591796875, 7.0625, 4.08984375, 6.73828125, 3.259765625, 0.354248046875, 4.9140625, 0.25830078125, 0.39990234375, 9.015625, 4.96875, 7.0546875, 1.8193359375, 0.54736328125, 2.078125, 5.41796875, 8.3046875, 1.5048828125, 3.84765625, 5.53125, 1.837890625, 2.388671875, 2.978515625, 4.3125, 4.55859375, 4.00390625, 0.415283203125, 7.46875, 5.09765625, 9.234375, 5.12109375, 4.5078125, 9.9375, 5.58984375, 1.3916015625, 5.140625, 7.76171875, 8.15625, 1.021484375, 3.576171875, 3.98828125, 5.7109375, 1.8974609375, 1.1953125, 11.2578125, 16.6875, 0.595703125, 2.76953125, 5.421875, 0.2188720703125, 5.03515625, 4.10546875, 0.451416015625, 4.37890625, 8.59375, 2.44921875, 3.453125, 8.078125, 8.2109375, 5.703125, 1.939453125, 1.455078125, 1.697265625, 0.43505859375, 0.419921875, 8.0546875, 4.12890625, 2.111328125, 0.1849365234375, 2.267578125, 0.0440673828125, 0.062225341796875, 0.00194549560546875, 0.0928955078125, 4.65625, 0.006389617919921875, 0.43115234375, 0.0004420280456542969, 0.005748748779296875, 0.005863189697265625, 0.5029296875, 7.8125, 4.78125, 0.260009765625, 6.90625, 7.29296875, 1.513671875, 0.0177459716796875, 0.1820068359375, 0.208740234375, 4.5703125, 7.61328125, 3.9296875, 0.09063720703125, 7.6328125, 0.335205078125, 0.93896484375, 0.09759521484375, 2.18359375, 0.00010120868682861328, 6.46484375, 0.0292816162109375, 8.296875, 0.277587890625, 0.97509765625, 0.59521484375, 1.302734375, 1.2822265625, 8.4453125, 4.23828125, 2.5703125, 0.004192352294921875, 0.07550048828125, 0.252685546875, 0.0012388229370117188, 0.0021800994873046875, 0.00021708011627197266, 0.6796875, 0.37841796875, 0.003353118896484375, 0.00011873245239257812, 0.00016057491302490234, 5.03515625, 5.9140625, 4.09765625, 2.474609375, 6.5078125, 4.43359375, 0.2445068359375, 2.908203125, 0.3935546875, 0.0207061767578125, 0.46240234375, 3.376953125, 1.921875, 0.394775390625, 5.30859375, 2.853515625, 1.1220703125, 6.88671875, 3.375, 0.6416015625, 6.2265625, 1.2626953125, 3.2265625, 5.92578125, 0.26220703125, 0.31396484375, 4.33203125, 1.1064453125, 0.71484375, 0.00618743896484375, 3.017578125, 1.0908203125, 3.720703125, 0.2032470703125, 0.033233642578125, 8.328125, 0.267333984375, 4.61328125, 0.197265625, 4.515625, 1.4228515625, 4.6484375, 7.5859375, 3.439453125, 1.037109375, 8.6953125, 0.96826171875, 0.301025390625, 4.9453125, 0.0745849609375, 2.642578125]",-1.1585334273986518
439,1,test,3.1596022100159615,1.4006501193442895,1.945665023109547,5.418799645156908,2.402151240947979,3.3368659204624875,23.56122164671115,17.754871969429615,20.19450767223016,40.4081055184528,30.450065398348197,34.634103831648616,3.49711275100708,1.5261829114498053,2.1028265013718643,5.997638966753075,2.6174432315538114,3.6064019272232497,33.01997729925635,25.842630131408235,28.98788166365386,56.63011650805104,44.32078017355506,49.71496803455661,3.2077844764875327,1.4246998875132661,1.9684565329901074,5.501433480400898,2.4433972164087625,3.3759539503612723,24.724248346175344,18.77607251845801,21.270956468705748,42.402726438259265,32.20145079590467,36.48024140487877,0.7236180904522613,0.0036180904522613577,0.008618090452261251,0.6030150753768844,-0.011984924623115623,-0.0019849246231156137,0.4824120603015075,0.007412060301507539,0.012412060301507544,0.4,0.09742813918305604,0.16411290322580652,0.3586626139817629,0.4170854271356784,0.0812458281381847,0.14997357404719758,0.3737373737373737,0.39799331103678925,0.09916192539405133,0.16440043005792382,0.35906040268456374,26.0,12.0,11.0,38.0,16.0,15.0,46.0,16.0,14.0,-0.0010890025102612607,-0.00014120584732675925,-0.0005406516464436922,0.0075031519686241666,0.007004676446699776,0.008521126034628068,"[3.056640625, 9.4453125, 2.4296875, 6.078125, 0.78955078125, 0.10418701171875, 5.328125, 11.03125, 1.5322265625, 10.8046875, 3.037109375, 3.076171875, 5.30859375, 1.1513671875, 0.1270751953125, 1.5390625, 6.953125, 4.76953125, 2.029296875, 1.24609375, 1.4794921875, 2.896484375, 6.33984375, 3.5234375, 2.2109375, 6.19140625, 5.8046875, 2.03125, 2.90625, 9.6484375, 1.373046875, 2.83203125, 0.07330322265625, 1.2939453125, 10.375, 0.404052734375, 3.48046875, 8.6484375, 7.41796875, 8.09375, 4.89453125, 3.283203125, 1.849609375, 4.22265625, 0.08416748046875, 8.0703125, 9.5703125, 0.88720703125, 2.9453125, 2.015625, 2.080078125, 6.06640625, 4.703125, 1.048828125, 5.546875, 1.1298828125, 0.450927734375, 3.560546875, 5.875, 0.07080078125, 1.0068359375, 0.697265625, 0.88623046875, 5.7734375, 6.38671875, 3.349609375, 12.203125, 2.5703125, 11.671875, 3.939453125, 0.50244140625, 6.5625, 2.228515625, 4.91796875, 2.88671875, 4.16015625, 0.006847381591796875, 6.26953125, 3.603515625, 2.64453125, 0.7080078125, 2.025390625, 2.052734375, 5.12890625, 1.8505859375, 2.75390625, 2.8203125, 8.4765625, 5.625, 3.0859375, 2.388671875, 1.8642578125, 0.794921875, 0.837890625, 5.12890625, 0.62890625, 10.2265625, 8.34375, 1.8330078125, 2.734375, 1.466796875, 4.59375, 8.5234375, 3.91015625, 3.599609375, 1.73828125, 7.23828125, 3.07421875, 8.3515625, 0.078125, 3.20703125, 2.6015625, 5.07421875, 6.3359375, 0.496826171875, 0.861328125, 2.09375, 7.80859375, 4.14453125, 1.9306640625, 6.13671875, 2.71484375, 5.1484375, 0.06585693359375, 4.08203125, 11.1953125, 2.11328125, 3.794921875, 6.35546875, 7.98046875, 6.48828125, 0.01052093505859375, 0.406494140625, 3.5859375, 0.10308837890625, 0.30810546875, 2.833984375, 0.027099609375, 0.419189453125, 9.203125, 2.96875, 0.007373809814453125, 0.0699462890625, 0.1241455078125, 7.38671875, 2.33984375, 0.03814697265625, 0.0015106201171875, 0.008575439453125, 0.00817108154296875, 0.94287109375, 6.19140625, 10.8984375, 5.23046875, 4.45703125, 4.9296875, 3.943359375, 0.037506103515625, 0.449462890625, 2.892578125, 0.54052734375, 0.0005054473876953125, 1.0380859375, 10.09375, 3.375, 7.7578125, 0.52392578125, 0.720703125, 0.91943359375, 1.955078125, 4.88671875, 3.7265625, 4.11328125, 9.5390625, 5.67578125, 1.43359375, 5.7109375, 0.12744140625, 0.00746917724609375, 0.034210205078125, 0.0360107421875, 0.1112060546875, 0.0004589557647705078, 0.9326171875, 5.76171875, 7.44921875, 3.6015625, 7.09765625, 7.66796875, 3.625, 0.118408203125, 1.9609375, 0.0027332305908203125, 0.0151214599609375, 0.002361297607421875, 0.0279998779296875, 6.58984375, 2.548828125, 0.00237274169921875, 0.005275726318359375, 0.0009045600891113281, 0.32861328125, 0.00026726722717285156, 0.99072265625, 3.5390625, 10.515625, 11.1328125, 7.484375, 0.03662109375, 0.0083160400390625, 12.0625, 4.89453125, 6.59765625, 5.125, 13.2421875, 8.59375, 0.0311126708984375, 0.8330078125, 0.2481689453125, 0.0012845993041992188, 0.0053558349609375, 0.0104827880859375, 0.0003209114074707031, 1.0146484375, 0.168212890625, 0.0016002655029296875, 0.0006318092346191406, 0.0006670951843261719, 1.990234375, 3.966796875, 5.0390625, 1.4951171875, 10.0234375, 0.014678955078125, 0.13037109375, 0.3466796875, 0.08349609375, 4.04296875, 1.3818359375, 6.5859375, 3.08984375, 2.537109375, 2.421875, 2.109375, 2.712890625, 0.070556640625, 0.441650390625, 0.27978515625, 0.2215576171875, 3.083984375, 0.84912109375, 1.2822265625, 0.875, 1.4755859375, 7.10546875, 5.1953125, 1.349609375, 6.19140625, 1.001953125, 0.00543212890625, 0.9345703125, 0.2305908203125, 9.671875, 15.0625, 0.501953125, 0.043060302734375, 4.765625, 0.325927734375, 8.0234375, 1.3720703125, 1.1513671875, 2.603515625, 4.29296875, 0.623046875, 3.837890625, 0.49658203125, 0.1201171875, 0.84716796875, 0.482177734375, 7.0, 0.93017578125, 0.38525390625, 0.350830078125, 0.057647705078125, 0.351806640625, 0.1727294921875, 1.7587890625, 0.1356201171875, 1.83203125, 6.30078125, 1.71875, 0.1259765625, 1.130859375, 3.18359375, 5.0859375, 3.560546875, 0.2139892578125, 3.173828125, 8.2265625, 1.115234375, 0.1982421875, 7.375, 5.56640625, 2.216796875, 0.1781005859375, 0.342529296875, 0.07257080078125, 0.98828125, 0.7587890625, 10.1484375, 0.255615234375, 3.25, 6.9609375, 4.50390625, 1.1376953125, 1.958984375, 0.0662841796875, 0.1495361328125, 0.34765625, 3.96875, 2.4609375, 3.3828125, 4.0390625, 3.60546875, 1.0078125, 0.44873046875, 3.75, 2.181640625, 0.053985595703125, 5.26953125]",-1.5691403894713432
53,1,test,3.157123214364473,1.3778345698513481,1.9190815254476472,5.094448823179037,2.223323964987403,3.0966997342450675,23.50288581771325,17.577246135044916,20.05403289731276,37.92511120585547,28.363283536095206,32.359916720663776,3.12922700925089,1.2799580183016082,1.850760718706899,5.0494344922003,2.065386802259413,2.9864547960952232,22.856304999868193,16.50113286405046,19.265177246693316,36.881764886150954,26.62682803062689,31.08699055716422,3.157123214364473,1.3778345698513481,1.9190815254476472,5.094448823179037,2.223323964987403,3.0966997342450675,23.50288581771325,17.577246135044916,20.05403289731276,37.92511120585547,28.363283536095206,32.359916720663776,0.6030150753768844,-0.016984924623115627,-0.011984924623115623,0.5276381909547738,-0.002361809045226204,0.007638190954773805,0.4170854271356784,-0.0029145728643216184,0.002085427135678386,0.42756183745583043,0.12068353057752357,0.1831435060809773,0.4219858156028369,0.4120603015075377,0.09877709348748753,0.17165963372790494,0.4040404040404041,0.42756183745583043,0.12068353057752357,0.1831435060809773,0.4219858156028369,20.0,4.0,4.0,31.0,6.0,5.0,40.0,2.0,3.0,-0.00015396227676642814,-0.0005041234295040062,-9.408095136859665e-05,0.01093129253463676,0.01179454132384894,0.012722637267776449,"[3.0625, 9.453125, 2.48046875, 1.494140625, 2.81640625, 0.35400390625, 0.64501953125, 1.3642578125, 2.05078125, 0.70703125, 4.81640625, 0.288330078125, 5.609375, 0.70458984375, 9.0390625, 5.30859375, 2.771484375, 1.8896484375, 4.1484375, 5.265625, 0.80029296875, 6.984375, 3.09765625, 4.43359375, 0.95263671875, 3.96484375, 8.9921875, 2.49609375, 5.75, 9.0, 5.3046875, 0.9921875, 6.5, 0.485595703125, 0.1710205078125, 6.48046875, 6.59375, 6.8359375, 6.25, 1.220703125, 0.267578125, 4.11328125, 2.734375, 2.318359375, 4.78515625, 7.828125, 0.205322265625, 0.38623046875, 9.875, 2.380859375, 4.26953125, 3.978515625, 5.140625, 5.01953125, 3.16796875, 6.27734375, 8.390625, 1.896484375, 2.365234375, 1.556640625, 1.349609375, 14.2421875, 0.10760498046875, 1.87109375, 9.953125, 0.106201171875, 7.51953125, 9.1875, 0.62451171875, 0.55908203125, 6.29296875, 2.439453125, 2.8671875, 0.30029296875, 6.26953125, 7.21875, 4.98828125, 3.892578125, 5.39453125, 2.017578125, 0.798828125, 1.1962890625, 2.482421875, 2.525390625, 10.1796875, 4.109375, 5.2734375, 5.95703125, 8.671875, 0.00911712646484375, 4.734375, 0.0131072998046875, 0.0260467529296875, 0.07940673828125, 0.041412353515625, 6.25390625, 0.8740234375, 0.80517578125, 0.003070831298828125, 0.053985595703125, 0.002277374267578125, 0.336181640625, 0.0035533905029296875, 0.60107421875, 3.830078125, 8.4921875, 3.861328125, 0.85888671875, 4.30078125, 0.81884765625, 7.125, 3.873046875, 5.984375, 5.21484375, 0.1856689453125, 5.40234375, 0.1441650390625, 2.431640625, 5.33203125, 6.59375, 5.359375, 0.003681182861328125, 0.004276275634765625, 0.0088348388671875, 2.2649765014648438e-05, 7.9921875, 0.1307373046875, 0.029327392578125, 0.0010538101196289062, 0.0029449462890625, 0.0002416372299194336, 0.00110626220703125, 9.441375732421875e-05, 0.0004818439483642578, 0.0014781951904296875, 6.687641143798828e-05, 0.00039076805114746094, 3.58203125, 5.2578125, 0.25244140625, 0.47216796875, 9.3046875, 2.7890625, 1.2080078125, 0.0001577138900756836, 0.164306640625, 0.8447265625, 0.18701171875, 8.7734375, 0.0184173583984375, 12.609375, 7.1328125, 0.034271240234375, 4.234375, 0.242919921875, 6.11328125, 4.546875, 0.38623046875, 0.021820068359375, 0.51318359375, 1.4296875, 3.654296875, 0.62158203125, 0.081787109375, 1.9716796875, 0.90087890625, 0.1954345703125, 0.0019664764404296875, 4.98046875, 9.7109375, 2.767578125, 0.736328125, 3.7890625, 7.0859375, 1.064453125, 11.765625, 1.498046875, 0.0975341796875, 0.02239990234375, 3.232421875, 2.216796875, 6.3671875, 1.42578125, 2.130859375, 0.360595703125, 0.1455078125, 0.0001951456069946289, 0.0028934478759765625, 0.0011262893676757812, 0.0006661415100097656, 2.12890625, 5.796875, 2.453125, 0.6064453125, 5.30859375, 0.006793975830078125, 5.9765625, 1.9560546875, 6.5078125, 8.6875, 1.1064453125, 0.425048828125, 2.685546875, 5.8046875, 0.08953857421875, 7.07421875, 1.8525390625, 2.998046875, 0.33837890625, 3.806640625, 1.4716796875, 1.6015625, 7.13671875, 1.5166015625, 2.513671875, 1.60546875, 6.89453125, 4.3203125, 6.2578125, 0.72607421875, 3.73046875, 0.56884765625, 0.9736328125, 1.03515625, 5.80078125, 0.91015625, 4.33203125, 0.447021484375, 0.7822265625, 1.828125, 4.19140625, 0.043212890625, 2.51953125, 3.505859375, 1.0537109375, 0.1982421875, 2.84375, 0.450927734375, 3.796875, 0.1436767578125, 5.3828125, 0.034027099609375, 0.53271484375, 6.7265625, 2.845703125, 0.080322265625, 8.21875, 4.12890625, 7.16015625, 2.2421875, 2.20703125, 4.91796875, 2.361328125, 5.5390625, 3.423828125, 3.72265625, 5.67578125, 8.2734375, 3.955078125, 1.2646484375, 9.375, 3.455078125, 4.796875, 0.429931640625, 1.6083984375, 6.109375, 8.5859375, 4.0390625, 0.7392578125, 3.421875, 6.58984375, 0.305908203125, 0.436767578125, 6.44921875, 2.83203125, 1.646484375, 6.59375, 4.0078125, 6.234375, 0.86279296875, 3.443359375, 5.84375, 2.45703125]",-1.7194608386750776
363,1,test,3.785493406068857,1.7533797064466796,2.3753449726283478,6.906865161950194,3.1991489380781517,4.333962757076283,44.05740338696356,36.42720611590747,39.96083996101531,80.38543775867035,66.46367431674345,72.91100624465952,3.8906130167707125,1.7676642522110932,2.4464451956141517,7.098662346388668,3.225211968946556,4.463689479717049,48.94087890941982,40.58513860263383,44.70255527782981,89.29563871192389,74.05007745041962,81.56255699814562,3.791232721462696,1.7369148878774823,2.373810459466114,6.917336895300357,3.1691078656010196,4.331162943587295,44.31098973034841,36.509475604267905,40.18451996945252,80.84812161326727,66.61378004989231,73.31912415479056,0.7889447236180904,-0.006055276381909613,0.0039447236180903955,0.6432160804020101,-0.0067839195979899625,0.01821608040201006,0.49246231155778897,-0.002537688442211028,-0.012537688442211037,0.4147909967845659,0.09857911877493508,0.16345409838884395,0.39032258064516134,0.4170854271356784,0.08625835946650551,0.15665137037440968,0.3939393939393939,0.4180602006688964,0.09919542604452247,0.17000680801038692,0.3959731543624161,25.0,3.0,3.0,40.0,9.0,8.0,44.0,0.0,-1.0,-0.000604012363785819,-0.000107562059051534,-0.00014504592942588863,-0.00045964795473452114,-5.716352994689089e-05,8.236045698506445e-05,"[3.056640625, 9.4453125, 2.4296875, 1.0791015625, 8.8046875, 1.4541015625, 5.48046875, 7.37890625, 4.38671875, 4.578125, 1.51953125, 9.390625, 4.21484375, 3.212890625, 2.3984375, 5.8671875, 1.033203125, 1.54296875, 2.900390625, 5.1875, 5.55078125, 10.8125, 0.67626953125, 6.67578125, 8.3203125, 0.359130859375, 2.447265625, 5.51953125, 8.5546875, 5.46875, 1.67578125, 5.28125, 1.47265625, 0.58837890625, 2.33203125, 6.53515625, 9.1875, 0.8115234375, 3.3125, 0.08709716796875, 7.05078125, 3.142578125, 1.6005859375, 10.5546875, 0.541015625, 1.91796875, 0.673828125, 2.36328125, 7.36328125, 1.7001953125, 2.2890625, 4.37890625, 2.130859375, 1.5224609375, 1.01171875, 3.990234375, 6.76953125, 5.8046875, 0.296630859375, 8.328125, 9.2734375, 12.46875, 3.615234375, 1.8857421875, 7.51953125, 2.287109375, 0.4970703125, 7.24609375, 3.896484375, 1.1220703125, 2.93359375, 9.1875, 2.736328125, 1.1171875, 1.248046875, 8.1015625, 8.25, 5.60546875, 2.205078125, 2.447265625, 3.671875, 0.0838623046875, 5.01953125, 0.93310546875, 2.904296875, 5.0, 6.16796875, 0.45166015625, 5.49609375, 0.019073486328125, 5.20703125, 7.5, 10.9296875, 0.029876708984375, 1.0751953125, 8.8671875, 0.27685546875, 0.043701171875, 1.0869140625, 4.5625, 0.0823974609375, 0.089599609375, 10.8671875, 6.015625, 0.01224517822265625, 2.826171875, 2.310546875, 1.455078125, 3.96484375, 0.6201171875, 2.158203125, 3.2890625, 8.875, 9.5390625, 2.98828125, 0.07415771484375, 9.0703125, 0.58740234375, 7.859375, 1.5625, 10.5234375, 5.09765625, 2.4453125, 9.015625, 1.037109375, 3.4375, 5.44140625, 5.1875, 1.3564453125, 1.9814453125, 0.578125, 0.64599609375, 2.15625, 7.1875, 3.435546875, 0.1083984375, 0.0487060546875, 1.5927734375, 4.90234375, 0.048797607421875, 2.9296875, 5.63671875, 7.41796875, 3.80859375, 6.984375, 0.63330078125, 2.544921875, 5.84765625, 9.203125, 3.26953125, 2.7109375, 3.8203125, 1.2880859375, 7.84375, 1.1865234375, 2.244140625, 11.9765625, 10.0859375, 0.86474609375, 10.1796875, 5.421875, 5.17578125, 0.263427734375, 1.935546875, 5.19140625, 6.2265625, 5.24609375, 2.39453125, 13.4375, 0.0301361083984375, 0.0009641647338867188, 6.375, 0.11279296875, 7.34375, 2.630859375, 3.291015625, 0.40380859375, 2.0703125, 0.045318603515625, 0.0704345703125, 7.1015625, 1.5234375, 1.35546875, 4.3359375, 10.2421875, 2.1796875, 1.6982421875, 2.8203125, 0.01389312744140625, 1.6083984375, 3.2890625, 1.5068359375, 7.37109375, 2.947265625, 0.3876953125, 5.98046875, 0.0224456787109375, 5.2890625, 0.5380859375, 1.3525390625, 3.544921875, 0.59912109375, 6.54296875, 8.9609375, 3.484375, 3.3515625, 8.5390625, 8.40625, 0.2208251953125, 4.03515625, 3.69140625, 2.94140625, 2.068359375, 2.53125, 0.196044921875, 11.5625, 0.11126708984375, 3.216796875, 3.361328125, 9.3671875, 4.04296875, 0.07244873046875, 7.78125, 0.74169921875, 8.2578125, 4.3984375, 6.2734375, 0.5390625, 1.796875, 5.8984375, 7.515625, 6.78125, 4.375, 9.90625, 0.90966796875, 1.1484375, 5.91796875, 1.0595703125, 1.7578125, 4.921875, 9.671875, 2.00390625, 2.908203125, 1.55078125, 4.6640625, 4.5234375, 9.03125, 2.16015625, 0.10888671875, 2.2890625, 2.779296875, 0.022552490234375, 0.8408203125, 5.65234375, 9.46875, 4.97265625, 0.7880859375, 0.9326171875, 0.362060546875, 8.4609375, 3.794921875, 0.3642578125, 0.080322265625, 1.7041015625, 2.05859375, 1.6015625, 2.25390625, 0.73388671875, 6.1484375, 0.046630859375, 5.48828125, 2.875, 0.02935791015625, 4.96875, 5.7265625, 5.3671875, 9.03125, 2.580078125, 8.9375, 8.9765625, 0.10186767578125, 1.0537109375, 8.4140625, 8.40625, 0.104248046875, 0.0289154052734375, 0.1077880859375, 0.37548828125, 0.056396484375, 2.0546875, 4.84765625, 1.4541015625, 1.2412109375, 7.28125, 1.046875, 9.6796875, 0.0015583038330078125, 0.059844970703125, 0.004550933837890625, 0.005718231201171875, 0.00444793701171875, 0.94677734375, 3.6796875, 5.1953125, 2.61328125, 1.421875, 7.0234375, 9.0, 2.998046875, 3.216796875, 0.46240234375]",-1.0204281484965727
25,1,test,3.4299696717396317,1.5367746534777815,2.1397344462951486,5.833281754659238,2.613562335846567,3.639004160365899,30.87570632901651,24.235154822418107,27.242065148920656,52.50970464118454,41.21624969798998,46.330042770273224,3.5370379884039336,1.4917586552367261,2.132946222240749,6.015370728578119,2.537004515708718,3.6274595616339274,34.36497882533702,26.63366097552322,30.29315193493955,58.44384153968881,45.29534179510752,51.51896587574754,3.4028551722147378,1.514803965517056,2.12059762102914,5.787168660229146,2.5761972202671024,3.6064585391652044,30.049774963409934,23.443293502375443,26.4450064674588,51.105059461581526,39.869546772747356,44.974500794997965,0.6884422110552764,-0.0015577889447235815,-0.0015577889447235815,0.5829145728643217,-0.0070854271356783904,0.007914572864321734,0.46733668341708545,-0.002663316582914521,-0.002663316582914521,0.41767068273092367,0.10905344826198582,0.18135559594854722,0.375,0.42713567839195976,0.1088399390435888,0.176718316121509,0.38383838383838387,0.4136546184738956,0.10704139202098983,0.1840150991147501,0.375,23.0,11.0,8.0,35.0,12.0,13.0,46.0,14.0,12.0,-3.736896398782408e-05,-0.0002579238046317717,-0.0002763163793894996,3.7786429536446065e-05,0.00010682844012599446,-0.00013492207507859177,"[3.056640625, 9.4453125, 2.4296875, 1.0791015625, 6.80078125, 6.09765625, 3.931640625, 9.2890625, 1.6806640625, 10.3359375, 5.8671875, 1.5849609375, 11.4296875, 8.4921875, 4.51171875, 3.04296875, 7.39453125, 0.0202178955078125, 0.0003521442413330078, 2.080078125, 1.85546875, 1.234375, 7.96484375, 6.0703125, 4.54296875, 1.380859375, 0.32958984375, 6.1171875, 3.431640625, 1.46484375, 1.001953125, 2.615234375, 2.158203125, 10.453125, 0.89111328125, 7.20703125, 0.5712890625, 2.208984375, 0.775390625, 0.6708984375, 5.3515625, 1.318359375, 12.2265625, 0.490966796875, 4.203125, 0.5546875, 4.8828125, 3.544921875, 2.45703125, 1.8388671875, 3.8984375, 0.308837890625, 0.325927734375, 3.671875, 1.205078125, 1.41796875, 7.625, 0.1219482421875, 12.46875, 0.69580078125, 0.93017578125, 10.09375, 0.69189453125, 6.62890625, 3.486328125, 6.890625, 4.46875, 5.12890625, 4.890625, 7.40234375, 4.78125, 0.4755859375, 8.5390625, 2.271484375, 1.970703125, 3.61328125, 7.04296875, 0.52490234375, 11.0390625, 0.267578125, 5.046875, 3.71484375, 7.55859375, 0.01392364501953125, 0.759765625, 4.04296875, 0.90380859375, 5.4765625, 0.414306640625, 6.5, 2.0859375, 3.84765625, 6.2421875, 0.403564453125, 2.2265625, 9.1796875, 2.599609375, 4.91796875, 0.148681640625, 10.6171875, 0.1329345703125, 0.7236328125, 2.744140625, 0.6708984375, 4.59375, 0.0972900390625, 0.06866455078125, 0.236083984375, 0.65283203125, 0.1978759765625, 4.125, 0.396240234375, 7.27734375, 0.255615234375, 10.984375, 1.9814453125, 1.9384765625, 0.41357421875, 6.3828125, 1.119140625, 5.48828125, 0.0875244140625, 0.00652313232421875, 0.01377105712890625, 0.0654296875, 4.1640625, 2.693359375, 3.255859375, 0.023712158203125, 0.5537109375, 9.9140625, 5.4765625, 4.90625, 9.1796875, 1.6064453125, 0.4375, 5.03515625, 0.0963134765625, 0.460205078125, 4.60546875, 9.828125, 2.095703125, 6.61328125, 2.896484375, 0.380615234375, 3.9609375, 0.708984375, 0.59130859375, 5.2109375, 2.17578125, 0.0008645057678222656, 3.880859375, 0.66357421875, 1.4033203125, 3.314453125, 2.482421875, 0.5751953125, 5.0234375, 5.45703125, 2.048828125, 0.07012939453125, 0.08074951171875, 2.19140625, 2.064453125, 8.3125, 0.7763671875, 8.5859375, 2.45703125, 5.5078125, 0.96142578125, 2.419921875, 4.19921875, 0.048797607421875, 9.8359375, 2.431640625, 5.40234375, 2.392578125, 8.1484375, 5.0234375, 5.265625, 5.6953125, 2.677734375, 8.46875, 4.1875, 7.66015625, 0.35888671875, 2.5, 6.9140625, 0.646484375, 0.1278076171875, 1.890625, 0.93310546875, 1.130859375, 0.50439453125, 6.15234375, 10.6015625, 0.5458984375, 0.51708984375, 9.609375, 0.06597900390625, 7.33984375, 0.397705078125, 0.52392578125, 0.1976318359375, 9.671875, 7.47265625, 5.1640625, 7.0703125, 0.2646484375, 6.85546875, 2.640625, 2.345703125, 0.08642578125, 0.0024166107177734375, 0.00342559814453125, 0.0244140625, 5.5, 9.4921875, 1.8837890625, 0.7080078125, 1.62890625, 3.3984375, 0.192138671875, 0.99267578125, 0.260498046875, 0.491455078125, 2.607421875, 0.034942626953125, 5.84765625, 3.064453125, 0.01317596435546875, 2.69921875, 6.71484375, 1.3125, 0.17236328125, 5.71875, 0.0153350830078125, 7.1953125, 0.09716796875, 0.78369140625, 0.148681640625, 3.22265625, 6.5625, 13.171875, 3.466796875, 0.2437744140625, 6.13671875, 2.306640625, 0.2158203125]",-0.638344403730339
305,1,test,3.067680123256661,1.3340770763243013,1.8427781895493278,5.5968844801969935,2.4339810488257196,3.3620899947628695,21.491986038588262,15.83097193205025,18.088153773376412,39.21144261295625,28.88310304624062,33.001259278021855,3.0494203184118223,1.2443485020032776,1.7639534402484256,5.563570049017314,2.2702741286549157,3.2182767553468614,21.103107793167865,15.022699687254644,17.486751832397925,38.501946665194566,27.40843613153374,31.90402063038558,3.102845965420522,1.3313223120541913,1.8621386042925605,5.661043436910846,2.428955069332913,3.3974124535763206,22.261215864902432,16.381410539919635,18.80315716877267,40.61487788117838,29.8873607191087,34.30576015366504,0.6180904522613065,0.008090452261306558,0.018090452261306567,0.4824120603015075,-0.0025879396984924696,0.002412060301507535,0.4120603015075377,-0.0029396984924623393,0.002060301507537665,0.4122807017543859,0.11885004482007933,0.17278901064979157,0.40175953079178883,0.40703517587939697,0.11881462450095082,0.1649650590179612,0.3737373737373737,0.4046822742474916,0.11252868493196566,0.1577412286412625,0.3926174496644296,20.0,0.0,-1.0,31.0,-1.0,0.0,40.0,0.0,-1.0,-0.00043554695101335236,0.00015299226819019107,-0.000140595765817972,-0.0003372312314926518,6.291574659478272e-05,-0.0001629201083366283,"[3.056640625, 9.4453125, 2.4296875, 1.0791015625, 0.80224609375, 3.9921875, 1.2783203125, 10.96875, 1.8583984375, 7.25390625, 0.430908203125, 1.4443359375, 7.8515625, 0.04766845703125, 14.78125, 2.634765625, 3.76953125, 2.626953125, 4.8984375, 2.71875, 0.74755859375, 1.1005859375, 9.5625, 1.7568359375, 3.1015625, 0.73291015625, 1.6572265625, 6.09375, 1.71484375, 3.859375, 5.25, 1.326171875, 1.0732421875, 1.931640625, 0.0016603469848632812, 4.80859375, 1.2861328125, 3.853515625, 4.421875, 0.306884765625, 6.61328125, 0.214111328125, 0.0665283203125, 4.58984375, 6.4375, 6.59765625, 7.05859375, 0.0111083984375, 8.09375, 9.1328125, 0.038238525390625, 0.092529296875, 1.150390625, 11.2265625, 10.171875, 6.76953125, 2.982421875, 1.07421875, 0.34033203125, 0.189208984375, 7.83984375, 0.0281524658203125, 6.69921875, 3.423828125, 0.293701171875, 0.17236328125, 7.8828125, 4.8515625, 0.1707763671875, 1.0107421875, 5.74609375, 0.12371826171875, 11.046875, 2.5390625, 1.8330078125, 5.18359375, 0.038330078125, 0.884765625, 2.8984375, 6.0234375, 4.67578125, 2.048828125, 4.4296875, 9.34375, 1.3837890625, 6.94921875, 7.6640625, 0.07080078125, 2.29296875, 0.05419921875, 3.17578125, 8.953125, 7.33984375, 0.054962158203125, 0.147705078125, 0.25146484375, 5.74609375, 5.19921875, 0.52783203125, 8.0703125, 3.8984375, 4.5625, 5.02734375, 8.1953125, 2.68359375, 3.62890625, 0.0076904296875, 0.74365234375, 0.0007128715515136719, 0.00403594970703125, 0.0024738311767578125, 0.8408203125, 11.5078125, 0.0231170654296875, 0.84716796875, 0.416015625, 7.078125, 0.006778717041015625, 0.497802734375, 0.0687255859375, 3.7890625, 0.004962921142578125, 1.0205078125, 6.05078125, 0.03570556640625, 1.9580078125, 0.01067352294921875, 0.0191650390625, 0.0035572052001953125, 0.06243896484375, 2.15234375, 0.60498046875, 0.0843505859375, 0.0012445449829101562, 0.015350341796875, 0.0006809234619140625, 6.25390625, 0.0953369140625, 0.365966796875, 3.990234375, 9.8671875, 0.0262908935546875, 0.76123046875, 3.923828125, 3.45703125, 1.41015625, 2.63671875, 0.412353515625, 0.64208984375, 1.310546875, 4.19921875, 0.3837890625, 0.0836181640625, 1.103515625, 4.421875, 0.0986328125, 10.0859375, 0.8505859375, 6.76171875, 0.5029296875, 6.54296875, 2.431640625, 0.2105712890625, 2.130859375, 2.3203125, 0.072998046875, 0.8544921875, 1.7197265625, 3.240234375, 6.171875, 0.386474609375, 1.05859375, 0.74658203125, 0.3740234375, 1.4296875, 3.56640625, 9.0859375, 0.0045623779296875, 2.236328125, 6.58203125, 6.9140625, 1.10546875, 4.9921875, 1.4423828125, 1.0224609375, 0.335693359375, 1.2939453125, 0.15185546875, 0.392822265625, 5.63671875, 0.30615234375, 8.671875, 6.19140625, 4.71484375, 3.623046875, 0.228515625, 0.62939453125, 3.125, 5.17578125, 0.8671875, 4.70703125, 0.427490234375, 2.271484375, 5.43359375, 7.85546875, 0.12249755859375, 3.208984375, 1.4921875, 0.066650390625, 1.630859375, 0.1826171875, 5.21484375, 11.25, 1.505859375, 4.203125, 9.6328125, 0.031982421875, 4.51953125, 0.376220703125, 0.08270263671875, 0.047698974609375, 2.697265625, 1.6181640625, 4.8125, 1.921875, 5.09375, 3.037109375, 8.0546875, 5.890625, 0.1304931640625, 1.466796875, 3.859375, 0.9375, 1.810546875, 7.0234375, 5.8359375, 4.6640625, 0.236328125, 10.890625, 0.1895751953125, 0.061859130859375, 5.6171875, 6.71484375, 2.14453125, 4.49609375, 4.359375, 1.275390625, 3.935546875, 2.763671875, 2.81640625, 2.55859375, 0.90283203125, 9.5625, 5.87109375, 0.495849609375, 1.2568359375, 5.2578125, 0.56689453125, 1.048828125, 6.64453125, 0.1893310546875, 9.4296875, 2.185546875, 1.9296875, 1.48828125, 1.1005859375, 2.048828125, 4.80859375, 0.118896484375, 0.0626220703125, 0.50048828125, 1.89453125, 4.19140625, 2.228515625, 4.31640625, 1.7294921875, 1.607421875, 5.1328125, 3.65625, 1.4072265625, 1.990234375, 0.44970703125, 0.61181640625, 8.328125, 5.48046875, 2.8515625, 10.671875, 7.86328125, 0.6123046875, 2.365234375, 0.319091796875, 1.8095703125, 3.345703125, 0.023529052734375, 0.76416015625, 7.09375, 0.375732421875, 3.94921875, 3.740234375, 0.814453125, 9.0546875, 0.05712890625, 0.054229736328125, 7.02734375, 1.19140625, 3.2265625, 4.01953125, 3.134765625, 7.55078125, 0.787109375, 4.08203125, 2.30078125, 0.004383087158203125, 3.5234375, 6.2265625, 4.8359375, 5.13671875, 7.7890625, 1.6943359375, 3.689453125, 6.99609375, 0.97509765625, 1.859375, 4.953125, 5.453125, 0.5439453125, 7.09375, 5.52734375, 0.11822509765625, 0.453125, 0.026397705078125, 0.329833984375, 0.06365966796875, 0.252197265625, 6.19921875, 0.533203125, 3.36328125, 5.21484375, 0.6640625, 0.136962890625, 0.096923828125, 1.2724609375]",-1.1052916022072061
324,1,test,3.155016689613217,1.4102169550855541,1.9447013428953825,6.351546756721345,2.8389893964222344,3.9149908613551783,23.4534285168152,17.728673626942847,20.098886187128947,47.215454777272704,35.69061927529283,40.4622314030359,3.2454187977853133,1.422603081369296,1.9925736338508955,6.533540474488854,2.863924624335556,4.011365341831407,25.672459378307032,19.48319823624353,22.172171682446876,51.68271427474968,39.22275434401658,44.636082465978575,3.099629992226693,1.3813761102436444,1.9006694496804621,6.240044589614263,2.780928221937863,3.8263477079093513,22.189739386242227,16.61495365927384,18.873071790763362,44.67144902756659,33.44852512985392,37.99447347351045,0.7135678391959799,0.00856783919597981,0.01856783919597982,0.5728643216080402,-0.0021356783919597166,0.0028643216080401768,0.4321608040201005,-0.00783919597989946,-0.002839195979899567,0.4098360655737705,0.08741380698129919,0.15901818116809985,0.3980263157894737,0.42713567839195976,0.1188650017002304,0.176718316121509,0.41414141414141414,0.41137123745819393,0.08916756467021392,0.1599808036428435,0.3926174496644296,25.0,10.0,10.0,38.0,12.0,12.0,45.0,11.0,12.0,-0.00035632164051882574,-2.542497815195008e-05,-2.1513426634276215e-05,-0.0004833415140721442,-8.040468024717029e-05,6.13331151724239e-05,"[3.0625, 9.453125, 2.48046875, 5.4921875, 0.79443359375, 0.078125, 1.3251953125, 3.69921875, 0.498779296875, 11.03125, 1.208984375, 6.6484375, 3.119140625, 0.93408203125, 7.62890625, 4.4296875, 4.046875, 6.23046875, 7.64453125, 1.078125, 6.41015625, 2.45703125, 1.9658203125, 2.36328125, 2.45703125, 2.611328125, 2.63671875, 4.203125, 5.390625, 4.21484375, 2.296875, 4.55859375, 1.408203125, 5.5234375, 0.1318359375, 0.90185546875, 3.6015625, 0.5986328125, 6.92578125, 1.6328125, 7.8359375, 9.7109375, 5.89453125, 1.05078125, 9.1953125, 0.6748046875, 0.439453125, 5.921875, 3.509765625, 0.09625244140625, 0.417724609375, 0.256591796875, 0.037445068359375, 0.036895751953125, 0.2315673828125, 0.50146484375, 1.197265625, 9.59375, 4.86328125, 1.212890625, 0.293701171875, 8.65625, 4.45703125, 4.578125, 5.3046875, 2.662109375, 7.40625, 0.99267578125, 5.1171875, 2.931640625, 0.578125, 2.359375, 1.513671875, 3.349609375, 3.595703125, 0.96630859375, 0.45751953125, 6.36328125, 2.69921875, 1.0947265625, 2.427734375, 0.91455078125, 0.12213134765625, 0.06964111328125, 0.071533203125, 0.066162109375, 0.59326171875, 0.0662841796875, 0.0236663818359375, 6.0703125, 0.58056640625, 0.149658203125, 0.30810546875, 5.05859375, 3.802734375, 1.0390625, 0.01197052001953125, 0.07135009765625, 0.0255584716796875, 2.169921875, 0.2301025390625, 0.2498779296875, 6.125, 0.07684326171875, 0.205810546875, 10.2109375, 1.8076171875, 0.1368408203125, 1.1513671875, 3.228515625, 5.30078125, 8.5, 2.125, 5.39453125, 4.59765625, 0.424560546875, 8.9609375, 2.25, 2.92578125, 6.03125, 3.90625, 2.033203125, 3.130859375, 2.044921875, 10.5703125, 4.53125, 0.56591796875, 10.6875, 1.048828125, 7.49609375, 0.54345703125, 0.07891845703125, 0.037200927734375, 10.046875, 6.265625, 1.603515625, 5.8046875, 6.71484375, 2.927734375, 0.19091796875, 0.94091796875, 0.57568359375, 1.3525390625, 0.1292724609375, 4.12890625, 4.56640625, 5.0, 6.875, 1.58203125, 0.343994140625, 5.43359375, 1.1142578125, 8.453125, 1.3193359375, 3.576171875, 6.1015625, 0.035552978515625, 2.703125, 4.3515625, 7.61328125, 6.796875, 4.046875, 9.4140625, 5.30078125, 1.4052734375, 3.935546875, 0.98486328125, 3.89453125, 2.662109375, 8.4453125, 2.97265625, 1.6640625, 6.9453125, 0.642578125, 4.12890625, 2.515625, 0.056060791015625, 0.006374359130859375, 0.050445556640625, 0.140380859375, 6.15234375, 1.798828125, 0.55859375, 0.2919921875, 0.625, 1.447265625, 7.22265625, 2.126953125, 2.279296875, 6.16796875, 5.47265625, 5.2109375, 2.154296875, 3.916015625, 5.22265625, 1.8017578125, 5.29296875, 0.137939453125, 4.77734375, 3.18359375, 0.079345703125, 3.19140625, 1.482421875, 4.19140625, 1.3447265625, 7.32421875, 2.9296875, 0.4921875, 0.72314453125, 0.865234375, 0.46435546875, 6.96484375, 1.2041015625, 1.72265625, 2.904296875, 4.1484375, 2.4609375, 7.3359375, 2.833984375, 3.359375, 1.63671875, 10.171875, 0.00621795654296875, 0.007450103759765625, 6.359375, 4.4140625, 9.0703125, 5.0625, 1.9765625, 5.9140625, 0.1448974609375, 8.09375, 2.17578125, 1.50390625, 0.67431640625, 3.5546875, 1.3212890625, 4.66796875, 0.2227783203125, 0.4423828125, 4.9140625, 2.615234375, 0.432373046875, 0.724609375, 4.9453125, 0.137451171875, 0.00394439697265625, 0.0212860107421875, 0.1973876953125, 3.900390625, 1.427734375, 0.2095947265625, 0.366943359375, 8.359375, 5.8828125, 2.80859375, 0.1611328125, 2.24609375, 7.18359375, 2.689453125, 3.51171875, 6.23046875, 4.84765625, 2.927734375, 8.390625, 0.9150390625, 0.91552734375, 1.25390625, 2.986328125, 2.197265625, 1.4013671875, 0.34716796875, 0.166015625, 3.966796875, 2.60546875, 1.8291015625, 3.0234375, 0.05499267578125, 0.00237274169921875, 0.0257415771484375, 0.15576171875, 1.1650390625, 2.26953125, 9.0703125, 0.193115234375, 1.14453125, 7.8671875, 3.80859375, 4.14453125, 3.22265625, 4.07421875, 7.48046875, 2.796875, 4.08984375, 2.919921875, 2.6640625, 2.005859375, 0.6748046875, 3.69140625, 4.796875, 2.787109375, 12.6171875, 0.98486328125, 9.7265625, 4.578125]",-0.4614987084122957
477,1,test,3.427678103013472,1.4828401905560804,2.0784222726396275,5.314826721526508,2.299235351648754,3.22272217555358,30.80503353270668,23.812535166410317,26.95047751309089,47.76510817430923,36.92280733668116,41.788380862994856,3.7854543009189645,1.6808565053988835,2.307068702051433,5.869580826144013,2.606271884775797,3.57725259419211,44.05568054928637,35.85187780955203,39.669821123281714,68.31105523372494,55.59055210919304,61.510509157448055,3.427678103013472,1.4828401905560804,2.0784222726396275,5.314826721526508,2.299235351648754,3.22272217555358,30.80503353270668,23.812535166410317,26.95047751309089,47.76510817430923,36.92280733668116,41.788380862994856,0.7525252525252525,0.022525252525252504,0.012525252525252495,0.6262626262626263,0.0012626262626262985,0.006262626262626303,0.4949494949494949,-0.005050505050505083,0.004949494949494926,0.4181818181818182,0.10057746246493982,0.1678795207211169,0.33576642335766427,0.40909090909090906,0.08163498969544303,0.15237949969493592,0.35532994923857864,0.4181818181818182,0.10057746246493982,0.1678795207211169,0.33576642335766427,26.0,0.0,0.0,36.0,3.0,3.0,44.0,2.0,2.0,-0.0010999213802315427,-0.0011761310276486255,-0.0002946124166436285,0.011325873848040402,0.012265255244709117,0.0099091855033544,"[3.0625, 9.453125, 2.48046875, 1.494140625, 14.8203125, 0.845703125, 12.3515625, 11.4140625, 8.6328125, 1.0703125, 4.87890625, 0.90380859375, 1.9560546875, 5.1171875, 7.74609375, 4.5078125, 4.3515625, 3.1875, 7.84375, 8.703125, 6.1953125, 2.6015625, 5.4140625, 2.2109375, 2.541015625, 7.92578125, 0.79541015625, 1.9873046875, 3.40234375, 1.0615234375, 0.953125, 9.9140625, 8.828125, 8.7421875, 0.46728515625, 4.1875, 4.92578125, 0.025421142578125, 11.1015625, 4.3046875, 3.673828125, 1.26953125, 6.96484375, 6.3515625, 0.904296875, 1.88671875, 0.42529296875, 0.0390625, 2.173828125, 3.509765625, 1.900390625, 4.421875, 4.43359375, 3.744140625, 0.87255859375, 2.34765625, 1.109375, 5.15625, 9.1953125, 4.44921875, 1.892578125, 2.037109375, 3.767578125, 12.5546875, 2.8203125, 11.9609375, 7.46484375, 4.28515625, 3.810546875, 4.46875, 9.8359375, 1.458984375, 9.1953125, 3.806640625, 0.54833984375, 2.466796875, 0.8095703125, 3.20703125, 1.3662109375, 2.515625, 1.056640625, 1.3935546875, 8.8203125, 0.2034912109375, 5.796875, 2.599609375, 1.0576171875, 7.21875, 7.20703125, 8.25, 1.111328125, 4.7109375, 4.1640625, 6.5078125, 2.1875, 6.9765625, 9.0078125, 4.859375, 2.236328125, 0.8642578125, 0.79345703125, 9.5234375, 10.2109375, 4.1484375, 0.69970703125, 6.94921875, 7.21484375, 5.89453125, 0.60009765625, 0.84814453125, 1.5595703125, 2.40625, 3.0703125, 0.40673828125, 3.044921875, 2.41796875, 3.8359375, 0.0271148681640625, 2.705078125, 6.1875, 6.109375, 2.158203125, 2.103515625, 1.8486328125, 4.6015625, 2.853515625, 8.625, 1.392578125, 1.861328125, 6.0546875, 9.0234375, 4.4921875, 10.21875, 5.52734375, 5.75, 0.0018529891967773438, 0.053802490234375, 0.0031375885009765625, 0.0052337646484375, 0.0081024169921875, 10.609375, 3.376953125, 2.576171875, 4.9765625, 8.7421875, 5.27734375, 6.6640625, 2.55859375, 2.322265625, 0.269287109375, 0.479248046875, 3.287109375, 4.89453125, 1.3466796875, 3.62890625, 1.0107421875, 0.06646728515625, 0.07647705078125, 0.00490570068359375, 0.0071868896484375, 0.00995635986328125, 0.274658203125, 7.66015625, 10.4296875, 0.2335205078125, 2.267578125, 0.003314971923828125, 0.01090240478515625, 0.0022449493408203125, 0.0269317626953125, 7.87109375, 4.4453125, 0.342529296875, 0.0014791488647460938, 0.00394439697265625, 0.0011119842529296875, 0.484619140625, 0.00022029876708984375, 0.7314453125, 4.62109375, 0.07843017578125, 6.046875, 0.59375, 8.578125, 0.01467132568359375, 6.8359375, 0.177001953125, 2.42578125, 4.55859375, 4.75390625, 4.375, 8.3515625, 2.412109375, 1.3486328125, 0.475341796875, 0.004062652587890625, 0.001865386962890625, 0.00867462158203125, 0.003810882568359375, 0.61767578125, 0.350341796875, 0.001190185546875, 0.0005841255187988281, 0.0012035369873046875, 4.359375, 3.1640625, 3.28515625, 1.927734375, 1.154296875, 3.9140625, 0.0170440673828125, 0.044647216796875, 3.748046875, 0.464111328125, 3.673828125, 0.62744140625, 0.327392578125, 1.625, 1.2236328125, 2.26171875, 1.0263671875, 5.796875, 0.004756927490234375, 0.015380859375, 0.7294921875, 3.220703125, 0.08258056640625, 4.1953125, 4.7890625, 10.828125, 1.59375, 9.546875, 3.615234375, 0.384033203125, 3.689453125, 0.5595703125, 6.70703125, 6.38671875, 0.043243408203125, 1.5703125, 2.91015625, 8.3984375, 0.09234619140625, 1.2724609375, 0.63720703125, 0.322509765625, 4.2265625, 3.9921875, 0.541015625, 1.0654296875, 6.9921875, 3.974609375, 1.0869140625, 5.20703125, 0.1688232421875, 4.8671875, 1.2900390625, 2.9921875, 2.41015625, 4.41796875, 2.744140625, 1.880859375, 9.8515625, 4.38671875, 0.84375, 2.236328125, 3.904296875, 5.484375, 1.6533203125, 4.78515625, 0.0413818359375, 3.0859375, 2.119140625, 3.13671875, 0.40380859375]",-1.4175553373856977
291,1,test,3.3129310688147178,1.5083680456289879,2.070016334577234,6.0287640961570155,2.7448790597783326,3.76694832978299,27.46551090923494,21.388195686872137,23.9998105564373,49.98084252668916,38.921542151110344,43.674073861423686,3.6507239820969164,1.5764355714464577,2.205476654750879,6.6434686418391555,2.8687461271089605,4.013454610098982,38.502531104119846,30.54365011553597,34.25962970551717,70.06565253249715,55.582340035829986,62.34455870829577,3.4212415421686844,1.560999007211219,2.1503377596370816,6.225863969179059,2.8406551700994855,3.913114643990736,30.60739180888442,24.182096867782988,27.043319555454314,55.69833509407455,44.00579255590741,49.212552446844185,0.7638190954773869,-0.001180904522613102,-0.0061809045226131065,0.6130653266331658,-0.001934673366834172,0.0030653266331658324,0.5175879396984925,-0.002412060301507535,-0.007412060301507539,0.4198717948717948,0.11427179487179484,0.18746241320868184,0.37942122186495175,0.40703517587939697,0.07119557688190326,0.14827056819993123,0.4191919191919192,0.4147157190635451,0.10252874076638319,0.18112283808467966,0.38926174496644295,20.0,-1.0,-2.0,31.0,0.0,-2.0,40.0,0.0,1.0,-0.0007249371870603452,-5.521501317845673e-05,-0.0004365734441692216,0.004982491843467329,0.006204984662923074,0.007584691904972907,"[3.0625, 9.453125, 2.48046875, 1.494140625, 6.81640625, 0.52880859375, 6.0546875, 6.4453125, 0.061492919921875, 5.09765625, 3.142578125, 4.0390625, 1.107421875, 1.2275390625, 14.734375, 9.7890625, 3.01953125, 3.6875, 1.423828125, 4.73046875, 0.5302734375, 0.2315673828125, 0.400146484375, 7.1953125, 0.0506591796875, 3.462890625, 3.541015625, 0.446044921875, 2.779296875, 1.68359375, 4.1328125, 1.96484375, 6.8203125, 8.890625, 9.2890625, 3.259765625, 0.275146484375, 1.0380859375, 3.39453125, 3.58203125, 0.99560546875, 3.779296875, 2.341796875, 3.453125, 0.447509765625, 8.1796875, 2.708984375, 0.01122283935546875, 1.73828125, 0.0731201171875, 1.7333984375, 3.734375, 0.9794921875, 0.150634765625, 2.646484375, 3.53125, 0.0386962890625, 0.9716796875, 9.7109375, 5.29296875, 0.85986328125, 1.828125, 0.026763916015625, 1.20703125, 4.3515625, 7.69921875, 3.01953125, 0.253662109375, 0.8818359375, 5.54296875, 1.1396484375, 11.234375, 5.24609375, 0.28515625, 0.0020618438720703125, 5.3125, 5.21484375, 1.6669921875, 0.00933074951171875, 1.720703125, 0.66455078125, 3.71875, 3.59375, 5.703125, 8.6796875, 0.31201171875, 7.89453125, 10.0546875, 13.046875, 0.25732421875, 3.203125, 7.30859375, 2.751953125, 8.7578125, 0.2822265625, 0.416015625, 7.09375, 0.3369140625, 6.37109375, 4.5234375, 3.16015625, 8.2578125, 1.615234375, 5.5, 4.3203125, 3.271484375, 4.03515625, 7.640625, 4.53125, 0.6103515625, 2.517578125, 1.0859375, 0.90771484375, 0.139404296875, 0.2496337890625, 3.21875, 1.025390625, 5.140625, 1.220703125, 4.12109375, 1.8056640625, 3.484375, 3.83203125, 4.29296875, 7.76171875, 4.15234375, 0.74755859375, 8.5078125, 0.255615234375, 2.326171875, 6.95703125, 7.70703125, 0.130126953125, 1.435546875, 2.521484375, 2.73046875, 4.375, 0.168212890625, 8.03125, 7.25, 0.0921630859375, 0.003749847412109375, 6.87109375, 6.39453125, 4.26953125, 0.0105743408203125, 2.673828125, 3.173828125, 0.109130859375, 0.0022068023681640625, 9.296875, 4.8203125, 9.125, 5.80859375, 12.625, 2.7421875, 2.296875, 6.74609375, 1.4501953125, 8.0703125, 8.5234375, 1.85546875, 5.546875, 3.205078125, 1.1826171875, 3.3359375, 2.861328125, 2.978515625, 8.4140625, 1.869140625, 1.1806640625, 4.78515625, 0.0005869865417480469, 4.4296875, 1.646484375, 6.58203125, 1.642578125, 2.796875, 11.3984375, 0.97412109375, 1.9453125, 7.734375, 0.037384033203125, 6.94921875, 0.08392333984375, 0.0005826950073242188, 3.376953125, 1.1494140625, 2.52734375, 4.25, 2.904296875, 4.8671875, 7.8046875, 1.3798828125, 4.828125, 0.03143310546875, 4.35546875, 8.40625, 4.015625, 1.6416015625, 2.431640625, 2.755859375, 2.79296875, 0.381591796875, 5.57421875, 2.57421875, 0.08001708984375, 8.3359375, 0.80419921875, 0.0141143798828125, 0.441650390625, 0.0621337890625, 0.002750396728515625, 4.625, 5.15234375, 11.8515625, 8.7734375, 7.05078125, 3.798828125, 3.517578125, 7.4921875, 4.45703125, 2.34765625, 3.326171875, 3.296875, 2.05859375, 15.4921875, 12.0625, 3.16796875, 7.73828125, 7.984375, 3.740234375, 0.00753021240234375, 2.13671875, 0.02508544921875, 0.935546875, 0.0099334716796875, 0.73828125, 3.345703125, 4.03515625, 0.02984619140625, 2.51171875, 0.00620269775390625, 5.828125, 0.01369476318359375, 0.2442626953125, 9.9609375, 0.306396484375, 0.026824951171875, 0.84716796875, 0.28369140625, 0.092041015625, 0.00017273426055908203, 0.0004405975341796875, 0.26611328125, 7.39453125, 7.015625, 7.12890625, 1.2421875, 0.05548095703125, 0.0022716522216796875, 0.04718017578125, 0.250732421875, 2.876953125, 0.173828125, 0.00746917724609375, 0.05572509765625, 0.0245361328125, 0.059814453125, 0.07220458984375, 0.04400634765625, 1.1787109375, 0.002513885498046875, 5.59765625, 0.83203125, 4.2890625, 3.208984375, 9.2421875, 1.0068359375, 0.07098388671875, 0.130126953125, 6.96484375, 6.296875, 3.984375, 0.9970703125, 6.2109375, 0.29736328125, 3.26171875, 0.1824951171875, 4.6640625, 10.3828125, 3.765625, 3.078125, 4.44921875, 5.53515625, 4.30859375, 1.3671875, 1.7802734375, 0.1005859375, 0.00255584716796875, 0.71435546875, 0.006946563720703125, 0.054229736328125, 0.1484375, 0.037322998046875, 0.81103515625, 0.0016031265258789062, 5.53515625, 0.0014514923095703125, 0.025146484375, 3.333984375, 0.01104736328125]",-1.1903514781823525
289,1,test,3.3195686259603394,1.4665790406440373,1.67774469140715,5.540934097467634,2.4479740377667385,2.800446026258551,27.64842117455616,21.269559979725646,22.48384039035757,46.14999624625163,35.50257380074506,37.52941779443144,3.4938298194252666,1.5011029553514583,2.097324789574974,5.831806164754957,2.5056004217144645,3.5007977690649943,32.911752717099645,25.576243265476048,28.870700815156603,54.93540679094828,42.691172969441226,48.19019233808094,3.4156415063800623,1.5082193395461687,2.0953438677606258,5.701296348995292,2.517478897588342,3.4974912679914203,30.436468354773787,23.700765473895665,26.691932624913267,50.80372913353219,39.560676204547654,44.55345144910335,0.6733668341708543,0.008366834170854265,0.0033668341708543714,0.5829145728643217,-0.0070854271356783904,-0.012085427135678284,0.5276381909547738,0.0026381909547738003,0.01263819095477381,0.4469525959367946,0.12902700405404377,0.15565249818508398,0.4411764705882353,0.457286432160804,0.1465094898049143,0.22022466254477724,0.4747474747474747,0.4548494983277592,0.13598472370338532,0.21013314682609074,0.459731543624161,22.0,4.0,4.0,35.0,8.0,9.0,45.0,9.0,11.0,-0.0003847773691768504,-0.0004441176303650638,-0.00025139995074792366,0.01786503363525327,0.016501982056847275,0.01494479013869121,"[3.056640625, 6.44140625, 0.033599853515625, 0.005107879638671875, 0.012451171875, 0.640625, 3.763671875, 0.027557373046875, 3.982421875, 10.171875, 3.806640625, 6.6796875, 9.078125, 2.046875, 0.10260009765625, 10.7421875, 5.8984375, 2.25390625, 3.822265625, 0.0162353515625, 4.09375, 1.3232421875, 9.328125, 1.294921875, 2.56640625, 0.0038394927978515625, 8.984375, 4.20703125, 1.0849609375, 2.87109375, 0.01271820068359375, 3.986328125, 0.8740234375, 8.9765625, 3.802734375, 1.0947265625, 2.146484375, 0.0167083740234375, 9.046875, 4.35546875, 0.88720703125, 3.267578125, 3.9140625, 5.70703125, 0.26953125, 1.6337890625, 3.359375, 0.01351165771484375, 6.94140625, 5.22265625, 0.67431640625, 3.5234375, 0.00955963134765625, 7.26171875, 2.814453125, 3.396484375, 0.288818359375, 2.8125, 0.0215606689453125, 3.791015625, 6.7109375, 6.46484375, 5.55859375, 1.0615234375, 1.677734375, 0.00679779052734375, 7.453125, 9.8671875, 4.1875, 7.93359375, 1.119140625, 3.3515625, 0.005779266357421875, 7.23828125, 4.6640625, 0.69482421875, 0.52490234375, 3.298828125, 0.00707244873046875, 2.955078125, 4.87890625, 4.86328125, 0.36279296875, 3.529296875, 0.005901336669921875, 6.90234375, 3.716796875, 6.171875, 0.167236328125, 2.51171875, 0.008087158203125, 7.55078125, 6.0, 4.68359375, 4.29296875, 0.0880126953125, 3.478515625, 0.00223541259765625, 0.05938720703125, 0.01221466064453125, 0.044525146484375, 5.16796875, 0.556640625, 0.306884765625, 0.0011949539184570312, 0.0099334716796875, 0.00241851806640625, 0.277587890625, 0.0001862049102783203, 0.2861328125, 3.1953125, 8.8046875, 9.15625, 0.44482421875, 5.765625, 0.8701171875, 4.79296875, 5.484375, 5.1171875, 4.95703125, 7.734375, 6.2109375, 5.5625, 7.515625, 7.30859375, 2.9609375, 10.96875, 2.888671875, 13.7265625, 2.8046875, 0.91357421875, 7.6171875, 0.83544921875, 2.4375, 0.0037555694580078125, 0.0008020401000976562, 0.0113677978515625, 8.356571197509766e-05, 0.20166015625, 0.376953125, 0.0003628730773925781, 0.0005974769592285156, 0.00022113323211669922, 4.8046875, 0.0104217529296875, 1.4326171875, 3.572265625, 2.544921875, 0.79638671875, 3.138671875, 1.033203125, 4.0859375, 4.0625, 0.208740234375, 0.1104736328125, 12.2421875, 12.984375, 1.1826171875, 10.4921875, 5.6796875, 1.44921875, 1.0556640625, 9.703125, 9.6484375, 1.8193359375, 2.294921875, 5.8359375, 9.46875, 0.0200653076171875, 2.908203125, 1.2275390625, 3.990234375, 3.142578125, 3.990234375, 10.046875, 9.09375, 9.2265625, 4.0625, 5.80859375, 6.14453125, 0.591796875, 6.44140625, 3.60546875, 5.7734375, 5.78515625, 5.85546875, 4.23046875, 0.2237548828125, 5.04296875, 0.1041259765625, 7.8046875, 0.8173828125, 0.93115234375, 0.00040984153747558594, 3.939453125, 4.1015625, 0.427001953125, 0.0131683349609375, 4.01171875, 5.0234375, 4.55078125, 5.21875, 3.962890625, 1.361328125, 0.0009703636169433594, 2.724609375, 2.357421875, 0.11578369140625, 0.0035400390625, 1.5263671875, 10.0234375, 6.03515625, 2.947265625, 1.5107421875, 11.1171875, 0.26171875, 5.30078125, 2.296875, 3.935546875, 0.11822509765625, 8.953125, 0.908203125, 4.55859375, 3.041015625, 6.015625, 0.0094757080078125, 4.796875, 8.421875, 6.23828125, 0.818359375, 8.65625, 1.46484375, 1.7705078125, 0.5224609375, 5.96484375, 1.68359375, 4.56640625, 1.8564453125, 2.58984375, 2.595703125, 4.9296875, 0.06719970703125, 4.85546875, 1.302734375, 6.73046875, 2.677734375, 0.70849609375, 1.91796875, 4.37890625, 4.296875, 4.28125, 1.0458984375, 0.7861328125, 0.1109619140625, 1.9833984375, 3.833984375, 0.0882568359375, 0.6318359375, 8.015625, 8.8203125, 2.4453125, 1.3470649719238281e-05, 2.650390625, 6.390625, 3.283203125, 2.759765625, 3.693359375, 6.03125, 1.6875, 5.1796875, 0.96240234375, 7.55078125, 5.26171875, 3.36328125, 0.904296875, 8.8515625, 0.001194000244140625, 0.2457275390625, 0.00225830078125, 0.86376953125, 0.034820556640625, 0.09136962890625, 0.955078125, 0.85693359375, 0.06396484375, 4.31640625, 4.45703125, 4.65234375, 5.81640625, 0.0087890625, 6.71875, 4.43359375, 3.638671875, 2.765625, 0.99267578125, 9.1484375, 2.169921875, 2.5703125, 3.736328125, 5.390625, 2.9453125, 0.9423828125, 5.1328125, 4.5546875, 3.619140625, 4.97265625, 5.51171875, 1.736328125, 2.693359375, 0.5, 1.603515625, 1.9833984375, 0.87060546875, 0.771484375, 6.375, 4.1328125, 1.9560546875, 0.1298828125, 0.048370361328125, 0.0122222900390625, 0.0197296142578125, 0.013336181640625, 0.00421142578125, 0.09112548828125, 0.277587890625, 0.02685546875, 3.482421875, 1.27734375, 0.320556640625, 1.453125, 0.2447509765625, 0.06744384765625, 1.7373046875, 7.82421875, 0.403564453125, 7.152557373046875e-07, 2.078125, 10.59375, 3.525390625, 5.20703125, 2.181640625, 3.884765625, 4.3046875, 1.634765625, 2.005859375, 2.75, 2.1015625, 6.96484375, 0.034759521484375, 0.12255859375, 9.484375, 2.392578125, 0.09344482421875, 9.3359375, 0.1285400390625, 5.960464477539062e-07, 1.0166015625, 5.1953125, 9.1640625, 5.11328125, 0.00010657310485839844, 3.958984375, 7.76171875, 1.6884765625, 4.1875, 4.0234375, 3.84375, 0.00806427001953125, 3.216796875, 0.84033203125, 0.12939453125, 2.255859375, 7.90234375, 0.34912109375, 6.3359375, 3.39453125, 2.509765625, 4.890625, 3.32421875, 4.91015625, 2.376953125, 2.103515625, 6.70703125, 1.4013671875, 0.6767578125, 10.3359375, 8.6796875, 4.83984375, 5.0546875, 1.5859375, 9.234375, 1.341796875, 0.404296875, 2.25, 3.796875, 0.015960693359375, 0.0039215087890625, 0.344970703125, 8.6171875, 1.083984375, 7.8984375, 7.4140625, 1.330078125, 4.3125, 9.9296875, 7.609375, 0.740234375, 9.2109375, 0.0904541015625, 0.64697265625, 13.1328125, 2.63671875, 3.642578125, 3.240234375, 3.83984375, 1.2021484375, 0.0643310546875, 7.90234375, 4.57421875, 4.921875, 5.328125, 0.007328033447265625, 0.005413055419921875, 0.046295166015625, 2.943359375, 1.630859375, 0.0018253326416015625, 3.56640625, 0.818359375, 0.333251953125, 1.349609375, 5.22265625, 0.9111328125, 0.59326171875, 5.29296875, 3.046875, 8.1484375, 2.501953125, 1.58984375, 10.1328125, 0.1177978515625, 0.09100341796875, 0.006999969482421875]",-1.4483337483072387
336,1,test,2.4343104740816677,1.001816858325369,1.412509042622408,4.79702358127858,1.9741685149352861,2.7834737016382745,11.407949923664079,7.218817658963863,8.629754936982277,22.48037190839686,14.225317151487612,17.005693552288605,2.9226291760727388,1.2153672686458044,1.7110937415806944,5.759298670496279,2.3949884411549673,3.3718611966443097,18.59009990923766,13.07625653314632,15.2314622456415,36.63343217408598,25.767917285905988,30.014940307587665,2.425268830662986,1.006913813309807,1.403710473900523,4.779206225130001,1.9842125144634428,2.766135345627501,11.305268213549823,7.174947670240859,8.527748453703447,22.278028538465826,14.138867467827573,16.804680776415616,0.6633165829145728,0.008316582914572823,0.008316582914572823,0.5276381909547738,-0.002361809045226204,-0.007361809045226098,0.4120603015075377,-0.0029396984924623393,0.00706030150753767,0.38622754491017963,0.1007267975260242,0.15515184769902424,0.33933933933933935,0.42211055276381915,0.10882734474376898,0.1767015377387774,0.398989898989899,0.3913043478260869,0.11417580024678808,0.16772259031774428,0.32885906040268453,26.0,6.0,6.0,36.0,5.0,5.0,46.0,9.0,8.0,-0.0009345762049004204,-0.00010287411840039348,-0.0005641435877193706,0.06518984231100688,0.059606481481852214,0.06912512872273258,"[3.056640625, 9.4453125, 2.4296875, 6.078125, 0.78955078125, 0.10418701171875, 2.328125, 0.515625, 0.9541015625, 0.75830078125, 4.28125, 1.826171875, 5.59375, 1.6875, 0.10858154296875, 8.6875, 0.436767578125, 4.8671875, 1.0166015625, 3.390625, 9.5703125, 1.9599609375, 6.640625, 7.515625, 3.169921875, 1.6572265625, 9.2890625, 0.58203125, 3.88671875, 4.06640625, 1.3271484375, 7.8828125, 0.061248779296875, 0.377197265625, 8.4453125, 0.39794921875, 4.6953125, 0.349853515625, 0.61328125, 2.6328125, 2.998046875, 4.8359375, 0.053619384765625, 4.03515625, 4.11328125, 7.53125, 1.8623046875, 0.057708740234375, 3.845703125, 0.16455078125, 4.43359375, 0.5517578125, 1.212890625, 2.919921875, 8.1953125, 5.63671875, 7.2421875, 1.1337890625, 0.00011289119720458984, 6.125, 5.12890625, 1.0498046875, 0.00012230873107910156, 2.203125, 0.94580078125, 0.70849609375, 0.0006356239318847656, 3.65625, 1.9482421875, 4.76953125, 0.99609375, 0.0007576942443847656, 4.76953125, 2.955078125, 1.9404296875, 0.54052734375, 0.00018990039825439453, 7.72265625, 3.46875, 0.92236328125, 0.00038433074951171875, 5.06640625, 7.73828125, 1.123046875, 9.822845458984375e-05, 2.9765625, 8.3671875, 0.4443359375, 0.00012409687042236328, 3.1953125, 1.388671875, 5.58984375, 4.26953125, 1.732421875, 3.78515625, 0.127685546875, 2.001953125, 3.6015625, 6.2734375, 0.98046875, 6.85546875, 2.873046875, 0.392333984375, 2.7890625, 4.51953125, 1.8017578125, 5.88671875, 6.2890625, 2.47265625, 2.392578125, 3.185546875, 3.326171875, 4.17578125, 2.70703125, 2.521484375, 5.30859375, 0.7080078125, 0.1683349609375, 1.5595703125, 0.41455078125, 8.2109375, 0.43212890625, 4.2109375, 1.5908203125, 5.3984375, 5.828125, 1.8212890625, 1.5830078125, 3.306640625, 2.9921875, 4.99609375, 2.427734375, 1.3271484375, 0.1368408203125, 2.466796875, 4.3984375, 2.388671875, 1.6064453125, 5.76953125, 0.9697265625, 0.403564453125, 8.2890625, 0.97607421875, 5.5859375, 0.047027587890625, 4.2578125, 1.3349609375, 0.7578125, 0.51708984375, 7.83203125, 2.234375, 0.3271484375, 7.65625, 0.64501953125, 0.0244598388671875, 0.067138671875, 0.01018524169921875, 0.15625, 0.244140625, 5.7890625, 1.1591796875, 5.7109375, 0.1773681640625, 9.421875, 1.669921875, 0.609375, 5.71484375, 3.796875, 0.26904296875, 4.03125, 0.01015472412109375, 0.63037109375, 0.00818634033203125, 0.357177734375, 2.486328125, 0.0062103271484375, 0.80078125, 0.23291015625, 9.3984375, 0.148681640625, 0.1324462890625, 0.1087646484375, 4.7265625, 7.32421875, 3.970703125, 8.234375, 2.2421875, 6.8515625, 0.6875, 0.1839599609375, 2.404296875, 6.91796875, 2.71875, 2.421875, 3.34375, 3.197265625, 4.66796875, 0.331298828125, 0.037994384765625, 0.7939453125, 0.0013570785522460938, 0.1334228515625, 0.0335693359375, 0.57568359375, 0.002994537353515625, 0.260009765625, 0.03564453125, 1.19921875, 0.0014181137084960938, 0.0248565673828125, 0.081298828125, 0.853515625, 0.021087646484375, 0.153076171875, 0.001895904541015625, 0.138427734375, 0.89990234375, 9.167194366455078e-05, 0.0281524658203125, 0.013885498046875, 0.021575927734375, 0.0294342041015625, 0.0102081298828125, 0.048004150390625, 0.002422332763671875, 0.0036334991455078125, 0.06640625, 0.0009379386901855469, 0.0704345703125, 0.0026035308837890625, 0.05322265625, 0.0009741783142089844, 0.002040863037109375, 0.0004754066467285156, 8.8671875, 7.06640625, 8.78125, 10.6484375, 3.400390625, 0.223388671875, 0.395263671875, 8.21875, 4.23828125, 5.46875, 8.203125, 0.572265625, 2.830078125, 0.001071929931640625, 0.00513458251953125, 0.0018720626831054688, 5.03125, 11.078125, 3.943359375, 8.0703125, 4.39453125, 1.9130859375, 0.0330810546875, 0.026824951171875, 0.0009059906005859375, 0.4365234375, 0.00042247772216796875, 0.454345703125, 5.48046875, 0.53662109375, 1.0927734375, 0.14892578125, 3.490234375, 0.2763671875, 1.6552734375, 1.453125, 0.16845703125, 1.1328125, 0.4208984375, 0.6142578125, 1.9443359375, 0.0019741058349609375, 0.00015056133270263672, 0.026641845703125, 0.0006823539733886719, 0.916015625, 0.394775390625, 0.0011873245239257812, 0.00021779537200927734, 0.0006456375122070312, 1.7509765625, 3.490234375, 1.7470703125, 0.036712646484375, 0.2763671875, 0.21728515625, 0.0229339599609375, 0.165283203125, 3.349609375, 2.673828125, 0.3056640625, 0.2030029296875, 0.2919921875, 0.380615234375, 0.3046875, 0.048858642578125, 0.1717529296875, 0.335205078125, 0.1097412109375, 2.681640625, 2.544921875, 5.15234375, 4.828125, 1.17578125, 5.265625, 0.1339111328125, 1.1220703125, 4.6640625, 5.83203125, 0.1407470703125, 0.5830078125, 5.10546875, 2.095703125, 1.857421875, 2.052734375, 8.34375, 3.783203125, 5.62890625, 2.51953125, 5.09765625, 0.76416015625, 5.15625, 2.169921875, 0.63818359375, 3.552734375, 0.9951171875, 0.37353515625, 1.615234375, 0.57275390625, 1.78125]",-1.627505741433469
296,1,test,3.394022573124279,1.473077949826233,2.0343600764965153,5.047069836718487,2.1905356041457456,3.025188300282383,29.78552606861517,22.958121318865313,25.89064752331834,44.29246622638629,34.13979698712096,38.50060020306924,3.427958036187905,1.4169387333990726,1.987094965803416,5.097533452776832,2.107053971427636,2.9549028766092245,30.81365809062562,23.34272948469079,26.589317943637056,45.82134648709613,34.71172726479926,39.539555698569096,3.4097998300632395,1.48287460444753,2.0538989933792564,5.070531353513729,2.205103686406431,3.0542435808282207,30.25918667366414,23.390827587514508,26.378931815064938,44.99682163389434,34.783251386614836,39.226701714630245,0.6532663316582914,-0.011733668341708636,-0.0017336683417086274,0.542713567839196,0.007713567839196078,-0.0022864321608039306,0.44723618090452266,0.017236180904522613,0.012236180904522609,0.39860139860139865,0.08621047364502865,0.13581070092698,0.4035087719298246,0.4120603015075377,0.10629589047996879,0.15496514290987495,0.4242424242424242,0.40909090909090906,0.09844518483261933,0.15327695560253696,0.41052631578947374,22.0,0.0,0.0,34.0,0.0,1.0,43.0,1.0,1.0,0.000250084785137981,0.00020117726060416127,3.64714770375399e-05,0.004969722579938107,0.005090491512242501,0.005579013847453851,"[3.056640625, 6.44140625, 0.03302001953125, 0.005214691162109375, 0.009490966796875, 0.62646484375, 11.7578125, 2.986328125, 9.515625, 2.6484375, 1.572265625, 3.18359375, 1.63671875, 0.8505859375, 0.01203155517578125, 2.35546875, 6.54296875, 0.0086822509765625, 7.2109375, 8.5859375, 14.0546875, 3.068359375, 0.8828125, 0.461669921875, 0.487060546875, 0.007965087890625, 2.572265625, 12.46875, 0.19189453125, 0.321044921875, 0.0030536651611328125, 4.6875, 10.8984375, 0.66943359375, 8.5703125, 0.68212890625, 1.3369140625, 8.0703125, 0.10186767578125, 3.8984375, 0.0386962890625, 4.08203125, 2.89453125, 5.71875, 1.3818359375, 1.2646484375, 6.9140625, 2.474609375, 5.2109375, 3.205078125, 0.60400390625, 2.67578125, 0.0080413818359375, 0.0002899169921875, 0.0010652542114257812, 5.3048133850097656e-05, 0.462158203125, 0.35400390625, 0.00601959228515625, 0.0008091926574707031, 0.00016963481903076172, 5.5390625, 4.41015625, 5.11328125, 0.453857421875, 7.87109375, 3.900390625, 5.1953125, 0.30419921875, 9.328125, 0.52099609375, 9.0703125, 5.05859375, 0.2073974609375, 2.916015625, 2.59765625, 5.53125, 0.1318359375, 0.7197265625, 3.546875, 1.4033203125, 1.7412109375, 1.5224609375, 4.7890625, 5.44921875, 0.379150390625, 1.59375, 0.0017633438110351562, 2.8125, 2.791015625, 2.056640625, 5.66015625, 1.5244140625, 1.462890625, 1.083984375, 7.01953125, 0.08453369140625, 0.8486328125, 0.060638427734375, 1.91015625, 6.92578125, 3.251953125, 0.07916259765625, 8.859375, 0.7646484375, 6.953125, 1.5830078125, 4.765625, 6.3359375, 2.1171875, 13.1171875, 0.05377197265625, 1.810546875, 8.2734375, 8.4921875, 0.875, 8.7265625, 2.197265625, 1.9404296875, 7.95703125, 3.89453125, 9.296875, 7.21484375, 0.1820068359375, 2.568359375, 5.0546875, 0.2091064453125, 1.6083984375, 6.19921875, 0.74462890625, 0.06842041015625, 10.84375, 1.353515625, 10.4296875, 1.900390625, 1.2177734375, 9.5625, 0.06524658203125, 6.42578125, 0.9814453125, 2.4765625, 4.46875, 4.3515625, 2.625, 6.56640625, 0.433349609375, 5.0625, 3.005859375, 7.6015625, 0.859375, 7.515625, 0.79736328125, 4.6796875, 1.5205078125, 6.0859375, 3.7109375, 6.25, 0.78662109375, 8.734375, 5.4453125, 1.201171875, 5.90234375, 6.515625, 0.4482421875, 2.078125, 2.70703125, 8.9609375, 7.6875, 7.26953125, 0.354736328125, 2.703125, 0.60302734375, 0.06787109375, 4.0703125, 1.765625, 5.62109375, 0.043243408203125, 0.497802734375, 9.140625, 0.2235107421875, 11.0859375, 0.117919921875, 5.41015625, 0.01432037353515625, 4.85546875, 7.39453125, 0.01522064208984375, 5.19921875, 2.19140625, 2.2109375, 4.9375, 6.5625, 0.007099151611328125, 1.71875, 0.59375, 0.0836181640625, 0.347900390625, 6.6796875, 2.642578125, 0.333251953125, 3.384765625, 3.677734375, 0.7333984375, 5.16796875, 5.24609375, 0.406005859375, 9.6953125, 1.14453125, 6.7890625, 2.64453125, 1.2470703125, 7.07421875, 1.130859375, 11.2265625, 0.1361083984375, 0.037322998046875, 0.74365234375, 4.91015625, 2.015625, 3.087890625, 1.6416015625, 0.0004515647888183594, 1.2724609375, 8.4140625, 4.71484375, 5.2109375, 6.96875, 4.51953125, 1.822265625, 0.1607666015625, 9.328125, 2.958984375, 3.712890625, 0.342529296875, 5.578125, 5.9609375, 0.0604248046875, 0.62109375, 0.022216796875, 2.916015625, 0.8603515625, 0.6259765625, 9.4140625, 0.01380157470703125, 0.7041015625, 0.487060546875, 0.00949859619140625, 2.529296875, 0.53076171875, 0.060333251953125, 1.859375, 2.46484375, 4.69140625, 4.4140625, 1.880859375, 3.89453125, 6.953125, 2.1953125, 8.984375, 0.0125579833984375, 0.064697265625, 1.6650390625, 8.0546875, 5.83203125, 7.17578125, 3.3046875, 1.5732421875, 3.333984375, 4.24609375, 0.11590576171875, 1.38671875, 6.2421875, 1.904296875, 7.66796875, 0.190185546875, 4.70703125, 5.71875, 0.34228515625, 1.4833984375, 5.03125, 3.185546875, 3.8125, 2.748046875, 9.1484375, 1.728515625, 6.19140625]",-1.3423217643391
467,1,test,2.916937727753709,1.237746386545227,1.519383383191451,5.550284287531363,2.355156318843001,2.8910489374615103,18.48459583664259,13.123377015654402,14.43930137398561,35.17207818916715,24.97087015478685,27.474781781055956,2.651205204240042,1.1114632175637755,1.5383383856336859,5.044654346956746,2.11486751119774,2.927116094886319,14.171107436388516,9.507720536590487,11.128037605761993,26.96446831646148,18.091079354345787,21.174182666519346,2.6472203496307833,1.0977545172230183,1.5350849497975114,5.037072054158574,2.088782900827132,2.9209255294758205,14.114749996280091,9.405795856318628,11.07390511027317,26.857232631810728,17.89713933771739,21.071180557047562,0.5778894472361809,-0.012110552763819227,-0.002110552763819218,0.4623115577889447,-0.002688442211055242,-0.002688442211055242,0.3919597989949749,0.006959798994974897,0.011959798994974902,0.40487804878048783,0.10646148361605423,0.13899339579906067,0.4352078239608802,0.42713567839195976,0.1238775330285512,0.186735010612327,0.4292929292929293,0.4046822742474916,0.11085923585016266,0.1599659227458231,0.40268456375838924,21.0,11.0,9.0,33.0,15.0,15.0,41.0,15.0,14.0,0.0004770681450756585,0.000852278220432419,0.00012720220572607992,0.012497053563586213,0.010127726049589114,0.011766783998405472,"[3.056640625, 6.44140625, 0.034515380859375, 0.005214691162109375, 0.014007568359375, 1.62109375, 0.05035400390625, 0.0038280487060546875, 5.21484375, 9.234375, 2.095703125, 3.939453125, 5.453125, 5.05078125, 0.036773681640625, 0.0019521713256835938, 4.75390625, 1.283203125, 0.76025390625, 0.796875, 2.2421875, 0.06494140625, 0.07000732421875, 0.27294921875, 0.048858642578125, 1.16015625, 1.6083984375, 0.06982421875, 5.6171875, 0.8056640625, 0.2059326171875, 1.80859375, 0.0011987686157226562, 0.0039043426513671875, 9.5625, 3.595703125, 2.31640625, 0.02239990234375, 0.06317138671875, 0.359619140625, 0.2425537109375, 0.482421875, 2.2530555725097656e-05, 0.0531005859375, 3.0625, 0.0699462890625, 0.041107177734375, 0.056243896484375, 10.6875, 0.00623321533203125, 4.08984375, 4.10546875, 6.53515625, 9.1328125, 6.0390625, 8.6015625, 8.09375, 2.9609375, 0.484619140625, 0.254150390625, 0.0005173683166503906, 0.380859375, 8.125, 4.84765625, 7.390625, 6.875, 2.751953125, 2.56640625, 0.014312744140625, 7.34375, 3.328125, 0.013458251953125, 4.470348358154297e-05, 0.0015583038330078125, 0.0026569366455078125, 0.560546875, 0.352783203125, 0.00093841552734375, 0.00033736228942871094, 0.00010979175567626953, 4.01953125, 9.3515625, 4.99609375, 7.33203125, 1.7431640625, 0.227294921875, 1.2490234375, 0.86962890625, 8.8515625, 1.6865234375, 2.703125, 1.349609375, 0.0679931640625, 6.40234375, 3.123046875, 3.533203125, 5.3125, 3.54296875, 6.23828125, 3.1953125, 1.49609375, 1.130859375, 2.236328125, 1.576171875, 3.962890625, 1.29296875, 0.0118255615234375, 7.25, 3.673828125, 0.1796875, 2.736328125, 6.79296875, 4.2421875, 0.301513671875, 5.234375, 1.1826171875, 0.266357421875, 0.130126953125, 0.00130462646484375, 2.09765625, 5.10546875, 0.1837158203125, 0.251953125, 7.30078125, 3.419921875, 3.482421875, 3.486328125, 5.29296875, 1.658203125, 0.404541015625, 0.88232421875, 0.083251953125, 7.2265625, 1.240234375, 0.52587890625, 0.5732421875, 0.09814453125, 0.40087890625, 0.097900390625, 0.0909423828125, 0.826171875, 3.650390625, 4.328125, 0.42041015625, 0.333251953125, 0.10394287109375, 0.0758056640625, 0.01438140869140625, 0.457763671875, 1.685546875, 3.375, 3.39453125, 5.25390625, 5.27734375, 1.91015625, 3.921875, 3.46484375, 6.0703125, 2.7109375, 0.25537109375, 1.953125, 0.007843017578125, 0.0006766319274902344, 0.70458984375, 5.80859375, 1.91015625, 3.26171875, 2.099609375, 5.99609375, 2.271484375, 0.22900390625, 0.5048828125, 2.40625, 11.90625, 1.1943359375, 7.2421875, 3.400390625, 1.62890625, 2.89453125, 0.3623046875, 5.171875, 0.5146484375, 1.677734375, 0.85791015625, 5.27734375, 0.61962890625, 3.849609375, 5.76953125, 6.26953125, 7.9375, 2.65234375, 3.431640625, 9.25, 0.1484375, 0.38330078125, 4.51953125, 1.51171875, 3.935546875, 1.28515625, 0.7939453125, 0.82958984375, 5.0546875, 3.84375, 0.7099609375, 3.697265625, 5.51171875, 6.9296875, 1.6494140625, 0.388916015625, 1.8486328125, 7.8984375, 0.85205078125, 4.01171875, 2.435546875, 4.19140625, 0.469970703125, 0.0019817352294921875, 1.3369140625, 4.74609375, 0.36181640625, 10.4375, 1.25, 1.0390625, 4.1015625, 2.802734375, 2.134765625, 5.92578125, 3.072265625, 2.38671875, 0.0026035308837890625, 0.0091705322265625, 1.220703125, 2.328125, 3.048828125, 0.293701171875, 0.8544921875, 6.62109375, 2.263671875, 6.6171875, 0.41015625, 0.0260772705078125, 7.43359375, 6.5390625, 3.0390625, 0.9384765625, 4.8046875, 0.97900390625, 0.69140625, 2.72265625, 6.90234375, 0.212158203125, 0.302001953125, 2.322265625, 4.08984375, 0.473388671875, 3.958984375, 0.1268310546875, 6.703125, 1.759765625, 5.1328125, 2.392578125, 0.77392578125, 3.5625, 4.328125, 2.498046875, 0.6728515625, 0.1700439453125, 0.07818603515625, 0.08502197265625, 6.03125, 0.79833984375, 4.109375, 2.55078125, 3.564453125, 2.833984375, 1.6240234375, 0.260498046875, 0.638671875, 0.2393798828125, 1.29296875, 7.859375, 1.3203125, 1.4912109375, 0.81640625, 1.1591796875, 1.9990234375, 0.00024318695068359375, 9.0859375, 0.47021484375, 0.1368408203125, 9.5390625, 0.046630859375, 0.143798828125, 1.34765625, 3.84765625, 1.162109375, 6.44921875, 2.625, 0.95751953125, 3.0625, 2.298828125, 11.4453125, 3.837890625, 9.8984375, 6.9140625, 3.44921875, 2.923828125, 2.029296875, 8.078125, 0.088623046875, 1.41015625, 2.822265625, 0.0230865478515625, 4.12890625, 1.3203125, 4.9609375, 6.734375, 2.388671875, 2.12109375, 1.7890625, 5.76171875, 3.2890625, 3.94921875, 2.84765625, 2.162109375, 7.328125, 0.84912109375, 2.734375, 0.97216796875, 13.546875, 6.98828125, 12.71875, 1.2802734375, 2.6953125, 2.193359375, 4.20703125, 5.828125, 3.322265625, 13.515625, 1.7412109375, 1.443359375, 0.00492095947265625, 2.453125, 0.54638671875, 0.0218658447265625, 0.01058197021484375, 0.133544921875, 1.3818359375, 7.20703125, 1.275390625, 4.09765625, 4.5703125, 2.33984375, 12.3671875, 0.060516357421875, 4.99609375, 5.51953125, 0.1761474609375, 0.1375732421875, 0.10601806640625, 4.37890625, 0.2841796875, 0.03021240234375, 0.00720977783203125, 10.4375, 3.310546875, 1.1142578125, 0.080322265625, 3.482421875, 7.44140625, 0.931640625, 1.0, 3.96875, 7.24609375, 4.921875, 1.8154296875, 0.00876617431640625, 3.111328125, 3.962890625, 9.2890625, 0.0009045600891113281, 3.607421875, 11.1328125, 6.89453125, 4.875, 4.81640625, 9.59375, 2.107421875, 8.078125, 2.96875, 2.509765625, 0.007167816162109375, 1.1328125, 1.9765625, 0.0924072265625, 4.05859375, 7.35546875, 0.353271484375, 11.2578125, 0.7626953125, 2.345703125, 3.978515625, 8.1796875, 5.8046875, 0.96484375, 2.24609375, 5.0625, 1.8916015625, 2.89453125, 0.08758544921875]",-0.9613553096608416
88,1,test,2.9859905032329377,1.2880485412311071,1.7882708774717115,5.520610349000432,2.381392070415652,3.3062217385814203,19.80611054024504,14.343417155690585,16.493556100685765,36.618274138360015,26.518643345986078,30.493900232663215,3.221350287073222,1.3932603247449349,1.9371104950056828,5.9557522749377005,2.575911530633077,3.5814019616965527,25.061938155333987,18.83994709103519,21.45001705314805,46.33544379881516,34.83199520319297,39.65758966802953,3.0135609047069996,1.324808210107383,1.8301971839489242,5.571583533121081,2.4493547140357435,3.3837366540451046,20.35977019847932,14.94704502691631,17.09443075786893,37.64190071579316,27.63465301488015,31.60481965699023,0.6532663316582914,-0.006733668341708521,-0.0017336683417086274,0.5276381909547738,0.0026381909547738003,0.007638190954773805,0.457286432160804,-0.012713567839195972,-0.012713567839195972,0.42902208201892744,0.14083310564097473,0.1887282729947931,0.3892405063291139,0.42211055276381915,0.1288774700570522,0.1750320886569744,0.4191919191919192,0.4347826086956522,0.1426290193801263,0.19896503361222617,0.4093959731543624,24.0,9.0,8.0,36.0,10.0,9.0,44.0,12.0,13.0,-0.0012682831074925997,0.00011758075489082594,-0.00022071802915776074,-0.00043595439539778624,-3.3922379648387846e-05,0.00010338779879681681,"[3.056640625, 9.4453125, 2.48046875, 1.80859375, 0.8740234375, 2.994140625, 0.6416015625, 3.416015625, 2.107421875, 0.54248046875, 7.546875, 1.5556640625, 9.296875, 1.107421875, 1.4833984375, 0.0009760856628417969, 3.9609375, 5.19921875, 0.276611328125, 6.41796875, 6.609375, 1.720703125, 0.74462890625, 6.2265625, 0.1199951171875, 5.359375, 0.023712158203125, 1.0517578125, 3.2109375, 3.017578125, 0.06695556640625, 6.4375, 5.3984375, 0.3486328125, 0.3603515625, 8.5703125, 1.462890625, 1.58984375, 4.0546875, 6.578125, 3.728515625, 0.7001953125, 1.75, 5.33203125, 3.259765625, 3.685546875, 8.7265625, 9.2734375, 4.91015625, 9.9921875, 2.2890625, 2.330078125, 7.0390625, 0.94482421875, 2.568359375, 6.3359375, 3.251953125, 0.279541015625, 0.375732421875, 4.6953125, 3.146484375, 1.0537109375, 5.84375, 3.978515625, 0.258544921875, 0.81591796875, 0.3125, 0.12255859375, 0.1441650390625, 4.21875, 2.259765625, 0.365966796875, 1.396484375, 1.224609375, 1.984375, 4.00390625, 6.55078125, 3.53515625, 5.28125, 4.6328125, 7.39453125, 5.21875, 0.67822265625, 8.328125, 4.6484375, 0.88525390625, 8.1875, 4.26171875, 1.33203125, 0.91162109375, 6.9375, 0.11273193359375, 11.46875, 3.029296875, 0.1378173828125, 5.16796875, 3.78515625, 0.99658203125, 0.47705078125, 7.09765625, 9.0546875, 10.0546875, 8.8671875, 0.2177734375, 8.9921875, 11.8984375, 1.765625, 6.42578125, 4.14453125, 1.173828125, 1.732421875, 6.66796875, 6.76171875, 7.30078125, 6.5859375, 1.529296875, 3.046875, 1.5625, 8.546875, 0.405029296875, 9.515625, 2.35546875, 1.0546875, 7.8515625, 3.748046875, 3.158203125, 1.48046875, 5.3125, 12.109375, 7.4453125, 5.15625, 1.8828125, 0.00502777099609375, 0.3310546875, 0.0007228851318359375, 0.0030422210693359375, 0.003025054931640625, 0.69140625, 3.4921875, 0.40283203125, 1.091796875, 3.984375, 9.5859375, 4.02734375, 3.1015625, 0.0325927734375, 3.15625, 6.60546875, 0.00376129150390625, 0.3720703125, 0.171142578125, 2.982421875, 0.0330810546875, 0.04388427734375, 7.2421875, 11.953125, 0.52294921875, 0.96826171875, 0.0221710205078125, 0.003955841064453125, 0.1954345703125, 0.061767578125, 2.599609375, 0.034149169921875, 0.06658935546875, 3.755859375, 4.359375, 4.2421875, 0.53466796875, 0.0039043426513671875, 0.36767578125, 0.032806396484375, 4.29296875, 0.0309906005859375, 0.01311492919921875, 7.0625, 3.69921875, 1.0009765625, 4.75, 0.1319580078125, 0.0006265640258789062, 1.388671875, 6.151199340820312e-05, 0.505859375, 3.8046875, 3.70703125, 5.54296875, 0.20947265625, 0.564453125, 1.6298828125, 0.105712890625, 0.94287109375, 0.007228851318359375, 2.7578125, 0.98681640625, 1.5703125, 6.71484375, 3.02734375, 0.235595703125, 0.1973876953125, 0.0018186569213867188, 0.0026340484619140625, 6.765625, 0.0538330078125, 0.006427764892578125, 0.01000213623046875, 1.2158203125, 0.740234375, 0.00183868408203125, 5.066394805908203e-05, 0.002285003662109375, 0.00011038780212402344, 0.6513671875, 2.16015625, 1.5732421875, 0.009307861328125, 0.00013768672943115234, 0.003627777099609375, 0.00021004676818847656, 0.0001684427261352539, 0.85791015625, 6.9609375, 0.0215301513671875, 1.14453125, 4.53125, 1.251953125, 2.142578125, 0.2269287109375, 7.01171875, 0.1500244140625, 5.5390625, 2.841796875, 4.64453125, 8.25, 0.9462890625, 3.89453125, 5.046875, 0.043243408203125, 1.9375, 1.263671875, 5.5390625, 5.44921875, 1.9404296875, 1.619140625, 1.794921875, 4.09375, 3.9296875, 1.0029296875, 1.5185546875, 5.578125, 0.921875, 1.857421875, 2.65625, 0.01358795166015625, 0.34765625, 3.041015625, 1.7490234375, 2.794921875, 5.5625, 0.52490234375, 5.6640625, 0.0382080078125, 0.39306640625, 6.17578125, 6.23046875, 5.54296875, 1.2080078125, 7.14453125, 0.440185546875, 0.0775146484375, 2.685546875, 0.72998046875, 3.873046875, 3.865234375, 1.8740234375, 0.55126953125, 3.341796875, 1.044921875, 4.0625, 8.4765625, 0.71484375, 4.3359375, 1.3701171875, 1.12890625, 0.447998046875, 1.140625, 1.2724609375, 6.69921875, 3.951171875, 3.8359375, 4.55859375, 2.37890625, 6.984375, 1.0703125, 8.8828125, 2.41796875, 5.44140625, 5.73046875, 7.85546875, 0.0999755859375, 1.576171875, 6.390625, 0.42431640625, 2.298828125, 4.80078125, 0.031494140625, 8.421875, 8.8203125, 0.88525390625, 0.00019109249114990234, 2.806640625, 5.546875, 0.4931640625, 0.0004658699035644531, 1.767578125, 3.57421875, 0.548828125]",-1.5400629254169647
37,1,test,3.312539461223481,1.4564372755284314,2.0356019032196864,5.140771622882341,2.260263312841937,3.159076177674267,27.454757312398186,21.056010339611582,23.8691152389387,42.6073829329021,32.67708708442453,37.0427799336535,3.307624288539791,1.4307556485675152,1.9861015599111642,5.133143704619129,2.220407673186745,3.0822559727583094,27.3201435352094,20.787127959776278,23.571017600904472,42.39847412021568,32.25980513976209,36.580158462605844,3.313587785609619,1.4670788371388594,2.03437339769465,5.1423985306728515,2.2767780860515634,3.15716964450973,27.48355389544716,21.14589812061269,23.88973862390391,42.65207271206007,32.816585061497285,37.074785623982024,0.7035175879396984,-0.001482412060301641,-0.001482412060301641,0.5477386934673367,0.007738693467336688,-0.007261306532663214,0.4723618090452262,0.002361809045226204,0.007361809045226209,0.431095406360424,0.11010775203943635,0.18315181059074126,0.3971631205673759,0.4371859296482412,0.12891525295651185,0.19511581278680545,0.38888888888888884,0.44522968197879864,0.12600569608814605,0.19963626247233568,0.4042553191489362,27.0,11.0,11.0,37.0,6.0,5.0,44.0,8.0,7.0,-0.0005762088902759907,-0.0007677872260410464,-3.8859000773063256e-05,0.0002734037727947225,-0.00016562223134020115,-1.5767138139999304e-05,"[3.056640625, 9.4453125, 2.48046875, 1.80859375, 11.875, 5.9453125, 2.673828125, 5.27734375, 8.296875, 6.9375, 2.41796875, 12.2578125, 1.85546875, 2.638671875, 3.71484375, 6.88671875, 1.171875, 0.0703125, 5.046875, 0.52294921875, 6.1640625, 0.1854248046875, 8.6015625, 0.08270263671875, 0.533203125, 4.78515625, 1.99609375, 1.3388671875, 5.74609375, 1.59765625, 2.9375, 7.19140625, 3.8515625, 8.734375, 0.2066650390625, 0.54541015625, 4.171875, 8.171875, 1.0458984375, 3.08203125, 5.26171875, 4.40234375, 6.7890625, 6.19140625, 1.3212890625, 3.0859375, 5.734375, 0.01537322998046875, 1.9248046875, 3.6875, 8.03125, 6.39453125, 2.46875, 7.55859375, 0.0275115966796875, 6.5703125, 0.061920166015625, 4.24609375, 6.265625, 1.0947265625, 6.1953125, 1.1455078125, 2.361328125, 4.109375, 3.572265625, 6.21875, 0.83837890625, 0.037322998046875, 2.6796875, 4.3359375, 8.375, 0.93212890625, 0.17626953125, 6.29296875, 1.6103515625, 3.162109375, 4.3359375, 0.568359375, 0.08526611328125, 5.54296875, 6.84375, 6.87890625, 7.30859375, 0.10992431640625, 3.525390625, 9.4296875, 9.2265625, 6.94140625, 1.6123046875, 7.015625, 0.356689453125, 6.6171875, 10.078125, 0.74072265625, 3.12109375, 6.33203125, 0.453369140625, 0.079833984375, 1.9912109375, 1.3623046875, 6.14453125, 1.5048828125, 8.34375, 5.29296875, 6.3046875, 5.7578125, 2.830078125, 3.67578125, 0.07415771484375, 6.18359375, 2.36328125, 1.9462890625, 3.412109375, 5.73828125, 6.01953125, 5.0, 0.028472900390625, 5.16015625, 5.84765625, 0.01959228515625, 2.623046875, 1.736328125, 8.640625, 0.0032253265380859375, 4.41796875, 0.0021228790283203125, 4.03515625, 0.002002716064453125, 1.6015625, 6.515625, 1.400390625, 1.6396484375, 1.7958984375, 5.75390625, 0.60498046875, 0.300537109375, 0.52490234375, 0.9111328125, 1.248046875, 0.022003173828125, 4.875, 0.096923828125, 0.5068359375, 10.6015625, 6.8984375, 2.751953125, 3.509765625, 3.96875, 7.65625, 1.564453125, 3.291015625, 1.9794921875, 6.41796875, 7.03515625, 5.02734375, 0.309326171875, 0.1993408203125, 0.1746826171875, 0.0010480880737304688, 0.006153106689453125, 0.0004048347473144531, 0.025848388671875, 0.04742431640625, 5.6171875, 8.6015625, 3.984375, 0.2078857421875, 0.927734375, 0.0002448558807373047, 3.4453125, 0.00030040740966796875, 4.0234375, 5.53515625, 1.0625, 0.783203125, 7.1640625, 0.01241302490234375, 6.81640625, 0.36328125, 1.5302734375, 1.748046875, 2.849609375, 1.3994140625, 0.052154541015625, 0.986328125, 0.0018339157104492188, 0.00897216796875, 2.97265625, 1.1748046875, 4.58203125, 1.7646484375, 1.029296875, 0.0003077983856201172, 0.0008783340454101562, 0.0026454925537109375, 1.0078125, 0.22021484375, 0.00311279296875, 0.0006818771362304688, 0.00041866302490234375, 1.0478515625, 6.91796875, 2.177734375, 1.1865234375, 2.720703125, 0.168212890625, 6.94921875, 0.81298828125, 5.546875, 2.130859375, 0.03448486328125, 1.484375, 1.462890625, 10.078125, 4.4921875, 2.859375, 5.46484375, 6.01171875, 2.900390625, 2.400390625, 0.64599609375, 0.00978851318359375, 4.98046875, 11.1796875, 0.08172607421875, 0.6904296875, 5.83984375, 0.97265625, 2.201171875, 0.8681640625, 1.0068359375, 3.498046875, 4.546875, 4.01171875, 4.40234375, 3.48828125, 1.1162109375, 5.4609375, 5.99609375, 0.890625, 7.68359375, 4.16796875, 8.0390625, 0.455322265625, 3.18359375, 0.0165252685546875, 0.48193359375, 10.7421875, 0.08331298828125, 2.21484375, 3.759765625, 0.1864013671875, 3.818359375, 7.90234375, 3.58203125, 0.2890625, 0.6630859375, 9.4140625, 0.160400390625, 5.2421875, 6.5390625, 2.7734375, 1.7060546875, 4.91796875, 2.83203125, 0.2408447265625, 7.98828125, 4.80078125, 5.0078125, 2.263671875, 9.7265625, 0.09942626953125, 7.1171875, 2.03125, 4.98046875, 2.005859375, 1.423828125, 2.244140625, 1.9560546875, 2.119140625, 0.1422119140625, 1.787109375, 0.587890625]",-1.2629471987801812
300,1,test,3.139405830233705,1.315826888495016,1.7745901301445774,6.385836859225377,2.6765115118250895,3.6096776510895383,23.090143317010753,16.896156570994094,19.17514186592998,46.967450610737785,34.36831847963572,39.00398175001667,3.467308908850703,1.4498195368100095,2.0079005872073896,7.052821530503135,2.9490647396476337,4.08425233079685,32.05037580396621,24.530953061535406,27.746963265105116,65.19337805579491,49.898188613804976,56.439845732429724,3.215017564320644,1.3714320743343071,1.91113701891984,6.53963800015222,2.7896175148391023,3.887426436211948,24.903729324410982,18.584574366760716,21.22016612141778,50.656449421245064,37.80271376875191,43.1637469969748,0.7185929648241206,-0.0014070351758793676,-0.006407035175879372,0.5728643216080402,-0.012135678391959726,-0.007135678391959832,0.4522613065326633,-0.0027386934673366836,-0.0027386934673366836,0.4145658263305322,0.10127911304381887,0.1408610364967101,0.3820224719101124,0.3919597989949749,0.06865152831828314,0.13319519131550916,0.3939393939393939,0.41137123745819393,0.09083701375201692,0.1499696801723207,0.38926174496644295,22.0,6.0,6.0,35.0,6.0,5.0,39.0,3.0,3.0,-0.0002798167060258185,-0.0002678194658900638,-0.00039935987259261856,-0.00027799733314992636,0.0001210186223419285,-0.0001258746411432199,"[3.056640625, 6.44140625, 0.03302001953125, 0.005214691162109375, 0.009490966796875, 0.62646484375, 5.7578125, 6.83203125, 7.32421875, 2.857421875, 5.90625, 1.5546875, 6.5, 3.369140625, 0.91015625, 3.125, 0.0013151168823242188, 0.7021484375, 8.578125, 4.53125, 3.8828125, 2.31640625, 7.0, 4.5234375, 6.85546875, 0.1072998046875, 1.341796875, 3.2421875, 0.0178985595703125, 0.0001399517059326172, 0.00778961181640625, 0.0009784698486328125, 14.359375, 4.93359375, 1.03515625, 0.10882568359375, 4.296875, 8.359375, 4.4296875, 2.611328125, 4.5, 2.6796875, 6.7890625, 1.8759765625, 3.2578125, 1.548828125, 5.9375, 2.3359375, 3.82421875, 7.13671875, 7.66796875, 1.0166015625, 1.9736328125, 0.580078125, 11.5234375, 4.0390625, 1.4794921875, 9.1484375, 2.111328125, 2.548828125, 6.65625, 3.4296875, 2.19140625, 1.966796875, 5.0546875, 5.078125, 5.46484375, 9.1484375, 0.92578125, 0.57861328125, 1.662109375, 1.0498046875, 6.35546875, 1.3662109375, 3.935546875, 2.533203125, 0.55810546875, 0.76220703125, 0.48388671875, 2.474609375, 1.529296875, 2.15234375, 3.5859375, 8.015625, 11.609375, 1.9814453125, 3.3671875, 3.919921875, 5.51171875, 9.9453125, 10.6484375, 1.384765625, 2.130859375, 6.48046875, 1.3857421875, 6.828125, 0.036346435546875, 7.1875, 11.484375, 10.859375, 5.2734375, 4.94921875, 6.46875, 1.408203125, 0.023162841796875, 0.6845703125, 1.2255859375, 1.4521484375, 0.962890625, 0.1922607421875, 2.306640625, 0.111328125, 0.0006222724914550781, 0.00965118408203125, 0.0012197494506835938, 0.0004353523254394531, 1.7587890625, 5.69921875, 0.30712890625, 0.37060546875, 0.7509765625, 3.935546875, 2.669921875, 3.451171875, 2.861328125, 2.201171875, 0.01116943359375, 0.0200042724609375, 1.63671875, 3.44140625, 0.12841796875, 0.9287109375, 9.40625, 2.6171875, 8.625, 0.1705322265625, 0.7822265625, 4.7734375, 1.5205078125, 0.52197265625, 0.7763671875, 8.375, 3.900390625, 7.61328125, 3.76171875, 1.02734375, 0.7998046875, 1.9755859375, 5.3046875, 7.60546875, 3.16015625, 5.40625, 3.173828125, 0.000293731689453125, 7.265625, 2.314453125, 0.630859375, 7.0546875, 4.109375, 5.484375, 0.10601806640625, 3.05859375, 0.86083984375, 2.689453125, 8.015625, 9.2265625, 2.4921875, 1.8916015625, 0.126220703125, 1.810546875, 0.66064453125, 9.140625, 1.7734375, 0.0006699562072753906, 8.234375, 0.94140625, 0.00024020671844482422, 5.12109375, 3.396484375, 0.86474609375, 0.00036597251892089844, 6.921875, 2.7109375, 0.9609375, 0.0001882314682006836, 4.1484375, 5.4375, 9.671875, 5.359375, 0.82275390625, 0.0026035308837890625, 2.037109375, 0.231201171875, 5.6171875, 6.80859375, 11.0703125, 2.505859375, 1.2099609375, 2.138671875, 1.4755859375, 3.607421875, 2.078125, 5.68359375, 4.21484375, 2.15234375, 0.67822265625, 3.455078125, 3.212890625, 5.57421875, 6.33203125, 4.3515625, 8.0625, 7.6171875, 0.0689697265625, 9.9375, 4.171875, 1.4326171875, 10.3984375, 0.471923828125, 3.80859375, 5.19921875, 0.357177734375, 3.193359375, 3.7421875, 0.0017337799072265625, 1.337890625, 0.1734619140625, 2.404296875, 0.0101776123046875, 3.470703125, 2.349609375, 3.482421875, 6.09765625, 2.03515625, 4.34375, 0.55322265625, 0.0869140625, 0.0204620361328125, 6.96875, 1.4501953125, 3.265625, 0.79296875, 0.99951171875, 0.00015211105346679688, 4.61328125, 1.384765625, 2.17578125, 0.98486328125, 6.03125, 0.013519287109375, 6.36328125, 1.80078125, 3.55078125, 0.0650634765625, 0.015716552734375, 5.7109375, 0.326416015625, 0.30615234375, 4.21484375, 0.0217132568359375, 0.0311431884765625, 0.01033782958984375, 2.078125, 0.05682373046875, 5.63671875, 1.7421875, 2.24609375, 1.66015625, 0.0738525390625, 0.0194854736328125, 0.003269195556640625, 1.2265625, 0.038299560546875, 0.94775390625, 1.6015625, 3.43359375, 0.62890625, 10.015625, 3.611328125, 1.2255859375, 2.9609375, 2.10546875, 3.255859375, 0.111572265625, 0.5849609375, 0.330322265625, 0.60693359375, 2.208984375, 0.1353759765625, 7.16796875, 8.40625, 0.335205078125, 4.63671875, 1.298828125, 4.99609375, 1.0419921875, 7.12109375, 9.046875, 2.62890625, 3.390625, 1.40625, 1.166015625, 3.376953125, 5.875, 9.4609375, 7.3671875, 7.140625, 5.14453125, 4.4296875, 0.282470703125, 4.109375, 6.734375, 0.236572265625, 1.927734375, 1.908203125, 5.22265625, 1.5224609375, 1.38671875, 3.0859375, 6.16015625, 1.96484375, 1.5068359375, 0.0002434253692626953, 2.96484375, 0.9541015625, 0.79541015625, 2.634765625, 1.7041015625, 0.7392578125, 0.2188720703125, 1.0732421875, 0.16552734375, 0.5205078125, 2.005859375, 1.525390625, 1.2861328125, 1.455078125, 4.64453125, 0.7275390625, 0.004703521728515625, 8.5234375, 1.5478515625, 3.591796875, 2.203125, 6.0234375, 2.1640625, 8.8828125, 0.1396484375, 0.044677734375, 3.517578125, 0.7373046875, 5.109375, 4.58984375, 0.33251953125, 1.267578125, 0.5712890625, 6.61328125]",-1.1629556581085803
41,1,test,2.9735252268092576,1.2918144923865214,1.7648026799232348,4.932049054082663,2.1426730763141824,2.927196752757289,19.56075429122606,14.186011422877048,16.21155082300079,32.44452033881245,23.529682408137408,26.8893511246888,3.0108624337306575,1.2529741456032077,1.7659137036838168,4.993978555947485,2.07825038573609,2.929039556590946,20.304904010215502,14.504727858205154,16.83214726351875,33.67880713232859,24.058322649426817,27.918705797663307,2.9517495695962555,1.2641740161814379,1.7704403086296077,4.895930776493789,2.0968270941470966,2.9365476272943014,19.13941018264558,13.733052804172962,15.880772364157504,31.745656312561177,22.778380853075344,26.340704161703552,0.6582914572864322,-0.011708542713567693,0.008291457286432213,0.5025125628140703,0.002512562814070307,0.007512562814070312,0.42211055276381915,-0.007889447236180902,-0.012889447236180906,0.4331395348837209,0.13415550005062948,0.1877827411398304,0.43731778425655976,0.42211055276381915,0.1288774700570522,0.1700237414115654,0.4292929292929293,0.4247491638795987,0.12925667640046679,0.17113403595968768,0.4295302013422819,25.0,16.0,15.0,36.0,15.0,15.0,46.0,22.0,20.0,0.00025805713705558385,7.519820740600756e-05,4.738645983486613e-05,0.0028908057519592134,0.0035669915753162584,0.004030219773056842,"[3.056640625, 9.4453125, 0.0205535888671875, 1.974609375, 0.233642578125, 0.95654296875, 0.0290679931640625, 0.6982421875, 5.55078125, 3.1953125, 1.44921875, 0.9580078125, 0.032073974609375, 7.51171875, 1.7548828125, 7.1875, 0.5380859375, 0.06781005859375, 2.6015625, 7.20703125, 3.591796875, 0.60009765625, 3.333984375, 6.609375, 0.9736328125, 2.41796875, 3.91015625, 0.0140228271484375, 0.0030517578125, 3.443359375, 0.476318359375, 0.028106689453125, 0.5283203125, 1.572265625, 0.0032062530517578125, 1.25, 2.66796875, 0.09515380859375, 8.046875, 9.265625, 0.0098876953125, 0.95556640625, 9.5234375, 6.99609375, 2.251953125, 10.578125, 0.03814697265625, 0.0797119140625, 0.04498291015625, 1.0107421875, 0.00010251998901367188, 0.01238250732421875, 9.1328125, 9.1328125, 5.6171875, 0.89111328125, 4.296875, 0.419189453125, 5.3984375, 0.1817626953125, 0.8310546875, 9.15625, 3.494140625, 0.39599609375, 3.263671875, 0.0013637542724609375, 0.06072998046875, 0.001194000244140625, 7.23046875, 7.89453125, 5.1015625, 9.1875, 0.1474609375, 1.47265625, 0.002689361572265625, 0.440185546875, 3.59375, 1.7705078125, 1.546875, 1.5234375, 5.16796875, 1.248046875, 5.38671875, 1.3857421875, 5.703125, 1.74609375, 0.14208984375, 1.6640625, 2.189453125, 1.9052734375, 5.28515625, 0.52685546875, 1.58203125, 7.80859375, 1.0888671875, 0.00556182861328125, 0.001689910888671875, 0.0017757415771484375, 0.0010890960693359375, 3.453125, 7.203125, 9.9609375, 5.12109375, 8.2421875, 1.83203125, 2.3515625, 0.01788330078125, 0.5078125, 6.47265625, 3.61328125, 1.5537109375, 8.875, 0.51220703125, 1.2607421875, 1.7587890625, 5.21875, 4.703125, 6.2421875, 1.650390625, 0.8310546875, 2.8046875, 0.0276641845703125, 0.10516357421875, 0.7373046875, 6.984375, 3.37109375, 1.7470703125, 8.015625, 2.259765625, 0.6669921875, 5.9375, 0.5546875, 2.158203125, 2.49609375, 3.3984375, 3.759765625, 1.1435546875, 0.051177978515625, 0.003322601318359375, 0.2039794921875, 1.4794921875, 3.244140625, 3.61328125, 7.765625, 3.443359375, 0.264892578125, 3.87109375, 4.7578125, 4.6640625, 9.71875, 0.876953125, 1.740234375, 3.28515625, 1.3642578125, 0.0237274169921875, 4.4296875, 8.015625, 3.533203125, 1.70703125, 1.767578125, 2.248046875, 4.04296875, 5.078125, 6.73046875, 0.2454833984375, 6.8671875, 3.228515625, 4.08203125, 0.759765625, 3.609375, 0.09478759765625, 0.003574371337890625, 0.01305389404296875, 0.22119140625, 2.193359375, 3.328125, 0.176513671875, 7.49609375, 1.5595703125, 2.8828125, 9.65625, 0.289794921875, 4.65234375, 4.234375, 3.880859375, 6.875, 1.3837890625, 2.171875, 5.17578125, 1.6708984375, 4.6796875, 4.796875, 5.1875, 7.2890625, 4.55078125, 0.55712890625, 0.05609130859375, 6.9765625, 0.380859375, 2.146484375, 0.37158203125, 6.4375, 4.40625, 1.869140625, 8.9609375, 0.0137939453125, 2.56640625, 1.2255859375, 3.955078125, 4.73828125, 9.4296875, 4.76171875, 0.41357421875, 4.9375, 0.0030155181884765625, 0.2459716796875, 0.0092926025390625, 1.0848045349121094e-05, 0.2298583984375, 1.5419921875, 4.78515625, 3.421875, 5.14453125, 0.6904296875, 3.826171875, 4.15625, 0.2467041015625, 6.14453125, 1.8515625, 1.1728515625, 8.28125, 2.283203125, 11.578125, 8.4765625, 0.0772705078125, 1.7275390625, 1.5537109375, 1.0361328125, 0.0263824462890625, 1.7509765625, 1.0947265625, 8.0, 0.1126708984375, 0.058563232421875, 4.22265625, 2.83203125, 6.44140625, 0.317138671875, 0.51806640625, 4.99609375, 1.2177734375, 0.0188446044921875, 4.41015625, 0.8125, 2.96875, 5.19140625, 0.429443359375, 4.3203125, 0.351806640625, 0.92822265625, 0.0037860870361328125, 0.274169921875, 0.0038547515869140625, 1.1324882507324219e-05, 0.12274169921875, 3.798828125, 4.3359375, 0.19189453125, 0.0057373046875, 4.78125, 6.1015625, 1.400390625, 0.99365234375, 3.904296875, 2.400390625, 0.48681640625, 1.5908203125, 11.7265625, 1.2529296875, 3.17578125, 0.07257080078125, 0.152099609375, 1.248046875, 5.5234375, 5.6484375, 5.7734375, 0.068359375, 1.3564453125, 5.49609375, 4.59375, 1.1123046875, 2.384765625, 3.3671875, 6.7578125, 3.34375, 0.703125, 8.515625, 5.15234375, 3.74609375, 0.262451171875, 3.869140625, 0.0345458984375, 0.428955078125, 3.609375, 1.1650390625, 4.72265625, 7.76171875, 2.7109375, 9.5234375, 0.5322265625, 0.76318359375, 5.109375, 7.05859375, 1.6630859375, 0.92822265625, 0.18798828125, 0.56103515625, 3.9453125, 6.7265625, 1.8544921875, 0.03582763671875, 0.84130859375, 3.2890625, 6.1484375, 4.734375, 5.9296875, 5.15234375, 8.5546875, 7.07421875, 0.93017578125, 2.0, 4.76171875, 5.79296875, 4.1171875, 3.58203125, 1.41796875, 0.17919921875, 0.40185546875, 3.01171875, 0.11468505859375, 1.576171875, 5.375, 0.269287109375, 0.351806640625]",-1.565501033566719
222,1,test,3.346988497428524,1.4964086155293326,2.0713966270015205,5.764257967793569,2.577148171189406,3.5674053020581744,28.417026706210457,22.05351816989258,24.836206541624954,48.940434882918005,37.98105907037055,42.77346682168742,3.8541403104312457,1.6472395500865518,2.3469128828578905,6.637686090187145,2.836912558482395,4.041905520477478,47.18803243947959,38.10052410183032,42.67383495137011,81.26827809021485,65.61756928648555,73.49382686069296,3.4068612837073795,1.5212349091267543,2.0983300456532374,5.867372210829376,2.6199045657182993,3.613790634180576,30.17039916792408,23.579917908575737,26.469664946990353,51.96013190031369,40.60985862032488,45.58664518648338,0.7939698492462312,-0.001030150753768888,-0.0060301507537688925,0.6683417085427136,0.0033417085427135396,0.008341708542713655,0.5376884422110553,-0.0023115577889447625,0.002688442211055353,0.4530744336569579,0.12512612994128747,0.1947321301047512,0.39610389610389607,0.4120603015075377,0.056170577196760774,0.13493175392823886,0.4040404040404041,0.44147157190635455,0.11592900095476855,0.1856317498818829,0.3993288590604027,23.0,0.0,1.0,35.0,0.0,1.0,46.0,1.0,2.0,-0.001213590224886162,-1.2472881941146635e-06,-0.00039642436846549855,-0.0004675458078473582,-6.49105800478722e-05,7.53513430460373e-05,"[3.056640625, 9.4453125, 2.4296875, 1.0791015625, 12.8046875, 0.87060546875, 4.28125, 4.6171875, 6.39453125, 0.08575439453125, 3.697265625, 1.4658203125, 2.373046875, 2.306640625, 0.7177734375, 1.0224609375, 4.578125, 7.6328125, 2.328125, 3.654296875, 1.4716796875, 7.0859375, 2.181640625, 2.412109375, 0.99609375, 4.25390625, 4.86328125, 4.8828125, 2.48828125, 1.3984375, 5.43359375, 3.6875, 3.580078125, 4.55078125, 3.4609375, 3.775390625, 5.5859375, 5.91796875, 9.546875, 2.546875, 0.209228515625, 4.03515625, 5.2890625, 3.607421875, 4.83203125, 2.046875, 0.421142578125, 1.2802734375, 1.12890625, 2.298828125, 0.350830078125, 4.28125, 2.291015625, 0.12548828125, 0.037139892578125, 0.97265625, 4.57421875, 4.18359375, 4.3125, 0.021087646484375, 6.63671875, 1.646484375, 7.453125, 1.6455078125, 0.2183837890625, 5.13671875, 4.66796875, 10.4453125, 3.1796875, 4.5859375, 1.4013671875, 5.62109375, 5.9921875, 1.1611328125, 3.232421875, 0.8017578125, 5.19921875, 2.0625, 2.396484375, 3.03515625, 0.330322265625, 4.81640625, 2.228515625, 0.1785888671875, 4.9296875, 0.0026645660400390625, 9.953125, 9.96875, 8.9765625, 12.765625, 0.026763916015625, 2.15234375, 5.234375, 1.4736328125, 1.1728515625, 6.10546875, 1.630859375, 7.71875, 1.8935546875, 14.171875, 1.498046875, 3.923828125, 0.6689453125, 0.4619140625, 2.5, 8.203125, 9.328125, 3.849609375, 3.341796875, 1.53125, 7.0078125, 3.1328125, 2.154296875, 11.96875, 2.890625, 1.623046875, 0.048004150390625, 0.2030029296875, 1.2197265625, 6.21484375, 1.7666015625, 1.4658203125, 0.06561279296875, 0.22119140625, 1.609375, 12.328125, 5.19140625, 8.0703125, 7.01171875, 3.431640625, 9.71875, 10.125, 7.38671875, 0.6279296875, 6.95703125, 4.8203125, 4.05078125, 2.103515625, 8.1484375, 1.5869140625, 0.0037689208984375, 7.640625, 3.85546875, 2.70703125, 4.6171875, 0.45458984375, 7.9609375, 2.708984375, 0.22412109375, 0.6162109375, 4.25, 0.0172882080078125, 5.234375, 4.9609375, 5.6796875, 2.66015625, 3.205078125, 5.80078125, 6.17578125, 11.59375, 2.25390625, 0.9912109375, 1.2236328125, 4.359375, 1.83984375, 6.921875, 1.123046875, 7.828125, 0.239501953125, 0.9921875, 5.32421875, 3.373046875, 0.66552734375, 3.716796875, 7.48046875, 8.0546875, 0.29736328125, 3.583984375, 4.11328125, 2.111328125, 3.064453125, 0.0047607421875, 2.1484375, 0.00392913818359375, 0.595703125, 0.00445556640625, 0.1524658203125, 12.484375, 7.24609375, 7.40625, 3.919921875, 10.59375, 6.9609375, 3.41015625, 10.609375, 3.1796875, 0.249267578125, 3.4765625, 0.68603515625, 4.984375, 3.31640625, 5.14453125, 0.5400390625, 0.27392578125, 6.3515625, 0.076416015625, 0.054290771484375, 0.01416778564453125, 8.5078125, 0.005336761474609375, 4.23828125, 0.482177734375, 1.93359375, 0.0084686279296875, 6.36328125, 0.1739501953125, 0.75830078125, 5.4921875, 4.16015625, 0.7421875, 2.169921875, 2.94140625, 3.47265625, 3.404296875, 0.2239990234375, 0.478515625, 3.626953125, 3.4921875, 0.0311279296875, 7.65625, 9.875, 5.06640625, 0.48193359375, 1.3818359375, 0.196533203125, 4.79296875, 0.355712890625, 0.00414276123046875, 0.07843017578125, 4.1640625, 0.060516357421875, 0.1617431640625, 0.02301025390625, 5.80078125, 0.002941131591796875, 5.5078125, 0.1910400390625, 5.015625, 0.0244903564453125, 0.070068359375, 0.0870361328125, 0.79443359375, 5.015625, 0.002376556396484375, 0.6279296875, 0.014373779296875, 7.0859375, 0.0292510986328125, 0.0130615234375, 4.1953125, 0.5380859375, 0.0201416015625, 6.38671875, 3.525390625, 4.66796875, 4.82421875, 0.306396484375, 6.53515625, 0.00037550926208496094, 0.025787353515625, 0.0005640983581542969, 1.5322265625, 0.006923675537109375, 0.83642578125, 0.0034427642822265625, 0.01145172119140625, 0.0008530616760253906, 0.9384765625, 4.64453125, 6.34765625, 1.7421875, 7.47265625, 11.15625, 5.07421875, 3.150390625, 0.0240936279296875, 0.1900634765625, 0.09814453125, 3.818359375, 6.46875, 1.8603515625, 8.953125, 7.14453125, 4.70703125, 0.3251953125, 0.002071380615234375, 0.4482421875, 0.093994140625, 4.546875, 1.1240234375, 1.47265625, 4.15234375, 2.892578125, 4.01171875, 3.8671875, 0.07562255859375, 0.0024089813232421875, 0.9287109375, 0.00033926963806152344]",-1.6574017422870524
114,1,test,3.5687041003257036,1.5390843854233127,2.150007134990452,5.491957807088059,2.3685310602023435,3.3086936149254265,35.47059701975431,27.85940563405604,31.338863880166787,54.586487629202736,42.87345657456528,48.22807195929859,3.6502029248817482,1.5457954354325891,2.1890529294472847,5.617378153859936,2.3788588437495535,3.3687820531015102,38.48247430830868,30.280232653493677,34.171560097779995,59.221532318774436,46.59892090986751,52.58737092891891,3.5687041003257036,1.5390843854233127,2.150007134990452,5.491957807088059,2.3685310602023435,3.3086936149254265,35.47059701975431,27.85940563405604,31.338863880166787,54.586487629202736,42.87345657456528,48.22807195929859,0.7587939698492463,-0.006206030150753716,0.0037939698492462925,0.6331658291457287,-0.021834170854271306,-0.016834170854271302,0.5376884422110553,-0.007311557788944656,-0.007311557788944656,0.45703125,0.11784996345029242,0.19599228896103893,0.42352941176470593,0.4623115577889447,0.1114343648064886,0.19853860286407,0.43939393939393945,0.45703125,0.11784996345029242,0.19599228896103893,0.42352941176470593,21.0,5.0,5.0,35.0,6.0,6.0,42.0,5.0,4.0,-0.0002583239841655363,-0.00026435091410320134,-0.00021583977859917808,8.629588256159337e-05,0.00014530477676810705,-0.00011039017629776993,"[3.0625, 9.453125, 2.48046875, 1.494140625, 0.81689453125, 3.970703125, 0.59521484375, 8.390625, 0.010772705078125, 13.25, 4.1796875, 3.2890625, 4.6796875, 4.421875, 1.29296875, 5.3828125, 4.19140625, 2.423828125, 7.75, 0.497802734375, 4.92578125, 0.400634765625, 1.345703125, 2.005859375, 9.5859375, 6.43359375, 3.337890625, 0.2275390625, 7.8359375, 0.014007568359375, 4.67578125, 4.67578125, 3.47265625, 4.6953125, 7.23828125, 6.46484375, 0.26904296875, 6.2265625, 2.208984375, 1.548828125, 2.203125, 1.84375, 13.921875, 1.8720703125, 0.0250701904296875, 3.6716461181640625e-05, 3.044921875, 0.0044097900390625, 7.71484375, 0.6650390625, 0.05352783203125, 9.2578125, 0.4833984375, 3.58203125, 12.734375, 8.671875, 6.82421875, 0.8154296875, 3.560546875, 4.26953125, 3.1328125, 2.31640625, 6.1875, 5.40234375, 4.51171875, 4.7421875, 0.161865234375, 3.9921875, 6.32421875, 5.3046875, 2.0390625, 3.64453125, 1.302734375, 3.1875, 9.65625, 4.94140625, 0.035308837890625, 4.76171875, 3.595703125, 0.10980224609375, 2.318359375, 4.1796875, 3.49609375, 3.57421875, 0.46044921875, 6.09765625, 0.3125, 3.21484375, 2.697265625, 8.4765625, 8.0, 4.38671875, 6.51171875, 6.0078125, 2.380859375, 0.00887298583984375, 1.705078125, 6.5625, 5.171875, 6.0703125, 10.5546875, 5.36328125, 3.76953125, 2.890625, 3.138671875, 1.646484375, 6.3125, 1.3603515625, 0.33544921875, 1.2275390625, 6.72265625, 3.8828125, 0.002941131591796875, 5.9140625, 4.44921875, 1.005859375, 0.78515625, 1.1259765625, 4.9921875, 3.400390625, 8.5, 1.75, 4.6875, 5.140625, 3.9609375, 0.97021484375, 1.4375, 0.537109375, 4.98046875, 0.81787109375, 7.09375, 0.60107421875, 5.8046875, 5.03515625, 1.8828125, 7.04296875, 3.71875, 2.748046875, 2.8984375, 1.580078125, 0.028289794921875, 3.228515625, 1.3486328125, 0.763671875, 5.4453125, 5.76171875, 2.4453125, 0.125732421875, 4.26171875, 5.953125, 8.375, 6.31640625, 0.64404296875, 2.771484375, 5.51171875, 2.9140625, 0.055450439453125, 2.02734375, 2.361328125, 0.0304107666015625, 1.140625, 7.5625, 2.859375, 0.017242431640625, 2.896484375, 5.05859375, 0.01424407958984375, 6.0625, 0.60693359375, 5.7109375, 0.32373046875, 0.366943359375, 4.765625, 0.845703125, 2.830078125, 1.8994140625, 2.689453125, 0.56494140625, 0.01113128662109375, 1.216796875, 0.8369140625, 0.0110931396484375, 0.52880859375, 5.85546875, 9.4765625, 5.8515625, 6.0, 0.020965576171875, 0.57470703125, 5.75, 7.16015625, 9.78125, 10.59375, 5.9375, 3.712890625, 0.38720703125, 1.546875, 3.8203125, 5.5078125, 0.394287109375, 6.41796875, 4.09765625, 0.24560546875, 0.1429443359375, 0.00286102294921875, 3.796875, 2.787109375, 5.96484375, 1.5498046875, 6.390625, 4.9921875, 3.599609375, 7.328125, 1.283203125, 0.89794921875, 10.203125, 1.1591796875, 2.39453125, 4.109375, 7.5390625, 2.97265625, 4.42578125, 0.6953125, 5.171875, 1.083984375, 7.453125, 0.02374267578125, 0.006763458251953125, 0.830078125, 0.65869140625, 1.5244140625, 5.9375, 0.81494140625, 10.9296875, 4.125, 0.677734375, 0.708984375, 6.83203125, 1.7021484375, 0.1741943359375, 2.4765625, 6.1015625, 0.391845703125, 5.4140625, 0.955078125, 0.0450439453125, 0.06927490234375, 0.0030994415283203125, 2.341796875, 10.265625, 2.0703125, 3.099609375, 10.234375, 1.724609375, 6.0703125, 1.291015625]",-1.040235547348857
5,1,test,3.032493894051247,1.355874132890057,1.8589858485573314,4.9152270699787985,2.1976727651582917,3.0131429393678077,20.748913711456975,15.40146398206945,17.51559832743013,33.6309407076696,24.96351034060546,28.39021150701945,3.035319134442493,1.3351830950833499,1.8261633342839476,4.9198063695702965,2.164135632789126,2.9599424659957823,20.80761726733008,15.332925152653058,17.456962431359646,33.72609054704686,24.852418967807324,28.295171334241697,2.922451842987418,1.2733995942141454,1.7564775466149054,4.73686507251989,2.063993655076956,2.8469920423805575,18.586803561748702,13.384756318287257,15.377755637399307,30.12647781098605,21.694723511157548,24.925082597111675,0.6313131313131313,0.001313131313131266,0.011313131313131275,0.5101010101010102,0.005101010101010162,0.00010101010101015717,0.398989898989899,-0.01601010101010103,-0.021010101010101034,0.4105571847507331,0.11919554492642859,0.17399804496578686,0.38235294117647056,0.398989898989899,0.0992417881586648,0.15737916073486546,0.3401015228426396,0.4180602006688964,0.12423716227156745,0.18224262558547033,0.3691275167785235,23.0,2.0,1.0,38.0,0.0,1.0,42.0,-4.0,-2.0,-0.0011479000883115214,0.00034976549457863454,-0.00018734756749883943,0.004334348883515027,0.003555371000167895,0.004022810679618516,"[3.056640625, 9.4453125, 2.4296875, 6.078125, 0.78955078125, 0.10418701171875, 1.3271484375, 1.0947265625, 1.765625, 8.5703125, 1.4423828125, 4.3984375, 10.5546875, 9.3203125, 6.1796875, 3.154296875, 6.0546875, 0.353759765625, 3.654296875, 2.7421875, 4.2890625, 2.611328125, 2.904296875, 1.9609375, 3.734375, 0.036346435546875, 2.939453125, 6.40234375, 0.59033203125, 1.265625, 4.87890625, 0.68994140625, 4.94921875, 0.37548828125, 5.58984375, 2.26953125, 1.2451171875, 5.35546875, 3.830078125, 4.55078125, 2.798828125, 1.0087890625, 8.59375, 7.671875, 0.66845703125, 0.0572509765625, 2.802734375, 5.81640625, 2.9453125, 3.9609375, 7.62890625, 4.46484375, 7.43359375, 8.046875, 9.75, 0.08050537109375, 1.3125, 5.6796875, 8.2421875, 2.33984375, 4.73046875, 0.0099639892578125, 3.32421875, 3.4921875, 4.46484375, 8.34375, 6.1484375, 0.802734375, 7.98828125, 1.5859375, 0.311767578125, 1.625, 6.05078125, 4.796875, 4.21875, 0.78662109375, 0.03546142578125, 3.27734375, 8.9140625, 1.6376953125, 0.09576416015625, 1.876953125, 1.8876953125, 3.060546875, 0.019561767578125, 0.298583984375, 0.004192352294921875, 0.81396484375, 2.7578125, 0.76806640625, 0.358154296875, 0.60888671875, 1.0341796875, 0.04266357421875, 0.415771484375, 5.79296875, 5.19140625, 3.31640625, 9.171875, 3.09765625, 1.3408203125, 0.04547119140625, 0.2083740234375, 9.171875, 3.224609375, 0.0211029052734375, 0.52001953125, 5.21875, 0.385498046875, 0.3330078125, 2.107421875, 0.227783203125, 6.25390625, 6.4140625, 6.71875, 1.220703125, 9.2421875, 5.88671875, 3.27734375, 0.10479736328125, 0.0008335113525390625, 0.146240234375, 6.01953125, 0.34033203125, 0.01342010498046875, 0.1328125, 0.0247650146484375, 7.58203125, 0.0589599609375, 4.3984375, 0.22802734375, 0.20849609375, 4.42578125, 2.85546875, 0.01904296875, 0.003948211669921875, 0.07012939453125, 0.08795166015625, 4.4375, 8.25, 3.439453125, 0.49072265625, 0.01305389404296875, 0.006343841552734375, 0.197021484375, 4.41796875, 1.1005859375, 0.09906005859375, 0.0032939910888671875, 0.1416015625, 0.0005383491516113281, 0.0032100677490234375, 0.0009813308715820312, 8.0078125, 9.671875, 4.51953125, 1.5146484375, 0.3984375, 8.765625, 0.2236328125, 5.5078125, 4.96875, 0.728515625, 0.441162109375, 0.931640625, 6.4296875, 7.6015625, 0.020477294921875, 2.021484375, 0.0032100677490234375, 0.0233306884765625, 0.0035953521728515625, 0.0194854736328125, 2.322265625, 3.513671875, 10.2578125, 12.25, 1.142578125, 0.00151824951171875, 0.01546478271484375, 0.0016050338745117188, 0.277099609375, 0.0005922317504882812, 7.02734375, 1.501953125, 6.76953125, 1.763671875, 2.94921875, 0.002166748046875, 2.302734375, 2.703125, 2.181640625, 10.40625, 7.3359375, 0.8388671875, 0.27490234375, 0.0014190673828125, 0.0584716796875, 0.00322723388671875, 5.421875, 1.1142578125, 0.61376953125, 0.139892578125, 0.432373046875, 2.17578125, 0.3359375, 0.04827880859375, 2.25, 0.1068115234375, 0.0001919269561767578, 0.0186309814453125, 0.0028743743896484375, 0.0008196830749511719, 4.546875, 0.00588226318359375, 0.81787109375, 3.8046875, 0.035064697265625, 0.0513916015625, 0.751953125, 4.51171875, 6.734375, 3.353515625, 5.8828125, 2.21484375, 5.92578125, 0.010009765625, 3.041015625, 8.03125, 0.89501953125, 0.315185546875, 3.693359375, 0.93212890625, 0.29931640625, 0.1788330078125, 0.1595458984375, 8.84375, 4.33984375, 0.023895263671875, 0.0022430419921875, 0.71240234375, 3.458984375, 1.0185546875, 3.841796875, 5.30859375, 0.7607421875, 3.19140625, 8.7734375, 0.075927734375, 5.7421875, 0.71533203125, 2.587890625, 1.3330078125, 2.806640625, 0.011077880859375, 1.48046875, 1.1953125, 0.5732421875, 3.986328125, 0.33984375, 1.158203125, 3.625, 2.72265625, 0.83935546875, 10.03125, 5.4453125, 3.3203125, 7.859375, 1.478515625, 4.3671875, 0.1812744140625, 0.060577392578125, 6.40234375, 2.76171875, 5.046875, 5.7109375, 8.90625, 7.3046875, 2.8046875, 3.5546875, 2.580078125, 0.46728515625, 7.12890625, 4.96875, 0.1397705078125, 3.6015625, 2.767578125, 0.0711669921875, 4.88671875, 6.30859375, 0.03509521484375, 0.00785064697265625, 1.65234375, 4.16015625, 9.6171875, 3.623046875, 1.4990234375, 6.66796875, 2.13671875, 6.29296875, 3.28125, 10.21875, 5.59375, 4.91015625, 8.2421875, 6.51171875, 0.5478515625, 1.7783203125, 1.64453125, 1.5810546875, 0.10626220703125, 0.01078033447265625, 0.021575927734375, 8.3671875, 0.004467010498046875, 0.0019702911376953125, 1.4296875, 1.669921875, 0.27294921875, 11.46875, 4.37890625, 4.64453125, 13.4296875, 1.9404296875, 3.013671875, 0.405029296875, 2.001953125, 3.248046875, 0.01995849609375, 7.203125, 6.7890625, 1.189453125, 3.01171875, 7.5859375, 9.2578125, 0.5908203125, 1.6484375, 11.5625, 1.26171875, 2.63671875, 2.134765625]",-1.7248589349282453
67,1,test,2.9772922822407315,1.2873627850996603,1.5761324058713038,5.359126108033316,2.3172530131793883,2.8370383305683466,19.634579701826667,14.215481072110219,15.574673475555212,35.342243463288,25.587865929798394,28.03441225599938,3.0187039566998504,1.3318554205287378,1.8672488426966354,5.43366712205973,2.3973397569517276,3.361047916853943,20.46475128536233,15.062322993499572,17.30195949981194,36.83655231365219,27.11218138829923,31.143527099661494,3.078859609903699,1.3623906249304476,1.8657890533988586,5.541947297826658,2.4523031248748053,3.358420296117945,21.733603472504175,16.168759288955194,18.369805930789692,39.12048625050751,29.103766720119342,33.065650675421445,0.6582914572864322,-0.0017085427135676845,-0.0067085427135678,0.5477386934673367,-0.002261306532663321,0.007738693467336688,0.4371859296482412,0.007185929648241163,0.012185929648241167,0.41162227602905566,0.11174319501333618,0.1457376230476285,0.383495145631068,0.42713567839195976,0.1138524703719096,0.190073908775933,0.36868686868686873,0.42140468227424754,0.11422605122249463,0.18002537192941992,0.38926174496644295,26.0,13.0,10.0,35.0,6.0,5.0,43.0,9.0,7.0,-0.0004035684613378921,3.1905023593213746e-07,-3.522108852170758e-05,0.004618671594561974,0.0044657723322911735,0.0055966957500599435,"[3.056640625, 9.4453125, 2.48046875, 1.80859375, 0.8740234375, 3.994140625, 0.60205078125, 6.3984375, 1.40234375, 0.053009033203125, 7.7734375, 5.27734375, 2.466796875, 3.09765625, 6.96484375, 5.41796875, 2.5078125, 5.57421875, 6.27734375, 1.8798828125, 5.015625, 5.046875, 3.884765625, 0.80029296875, 7.35546875, 2.8984375, 3.580078125, 4.75, 1.9697265625, 6.1796875, 3.453125, 2.91015625, 6.8046875, 1.357421875, 7.9609375, 5.296875, 3.07421875, 7.98828125, 3.791015625, 6.28125, 5.48046875, 1.5205078125, 1.7744140625, 5.8515625, 0.09124755859375, 0.1392822265625, 6.4765625, 3.076171875, 0.482421875, 0.84375, 4.8984375, 4.52734375, 6.05859375, 3.4296875, 8.375, 5.3359375, 0.200927734375, 3.064453125, 1.8623046875, 6.46484375, 0.0251617431640625, 2.39453125, 7.46484375, 0.0178985595703125, 7.53125, 2.3125, 3.5859375, 2.25, 0.32421875, 3.400390625, 0.272705078125, 5.3828125, 0.4189453125, 0.2113037109375, 1.466796875, 2.404296875, 6.9140625, 7.23828125, 1.333984375, 0.7783203125, 2.1953125, 3.716796875, 0.0021209716796875, 2.146484375, 0.0026302337646484375, 0.65087890625, 0.02197265625, 0.1781005859375, 4.18359375, 0.1832275390625, 0.34716796875, 2.119140625, 0.10748291015625, 3.625, 0.1903076171875, 3.677734375, 1.7421875, 2.689453125, 0.591796875, 0.229736328125, 0.390380859375, 7.92578125, 0.4609375, 0.19921875, 1.052734375, 6.01171875, 0.5771484375, 5.91015625, 3.51171875, 8.5234375, 1.2451171875, 0.027557373046875, 0.54296875, 2.19921875, 0.09649658203125, 2.150390625, 7.47265625, 1.123046875, 8.4453125, 8.5625, 4.40625, 6.765625, 2.4375, 0.255859375, 1.0869140625, 6.85546875, 0.2305908203125, 0.462890625, 6.71484375, 5.828125, 8.8984375, 0.33056640625, 4.7734375, 2.8515625, 5.703125, 1.388671875, 0.040802001953125, 0.48095703125, 0.325439453125, 3.26953125, 0.0085296630859375, 0.146484375, 0.0281982421875, 2.65625, 0.3037109375, 0.04241943359375, 12.1328125, 2.705078125, 2.447265625, 7.96875, 0.50927734375, 5.3359375, 1.4580078125, 2.83203125, 0.00699615478515625, 5.7109375, 6.53125, 5.9375, 1.0361328125, 7.859375, 2.515625, 6.3515625, 5.1875, 1.876953125, 0.2105712890625, 5.87109375, 7.09375, 5.19140625, 1.271484375, 1.8271484375, 0.1666259765625, 0.00014030933380126953, 7.21875, 0.1527099609375, 0.0557861328125, 2.265625, 0.0120849609375, 0.1495361328125, 0.01361083984375, 4.08984375, 0.50439453125, 0.49951171875, 5.0078125, 6.19140625, 2.6953125, 1.7822265625, 0.483642578125, 7.03125, 0.82177734375, 0.17236328125, 0.9609375, 0.1348876953125, 0.0843505859375, 0.849609375, 3.443359375, 3.98828125, 0.5966796875, 0.1512451171875, 0.9345703125, 0.00543975830078125, 0.7373046875, 0.00795745849609375, 2.5234375, 0.01507568359375, 0.0191192626953125, 10.2109375, 7.859375, 3.84375, 0.05859375, 0.3369140625, 3.744140625, 0.03973388671875, 3.10546875, 3.443359375, 2.30078125, 0.025848388671875, 0.0010938644409179688, 0.267822265625, 1.005859375, 0.02069091796875, 6.11328125, 3.82421875, 8.21875, 0.2474365234375, 7.21484375, 6.6015625, 7.1484375, 2.740234375, 0.01271820068359375, 0.38818359375, 0.1300048828125, 1.5927734375, 0.0011129379272460938, 0.2841796875, 0.260009765625, 4.1328125, 9.375, 8.921875, 3.5390625, 10.96875, 3.77734375, 1.478515625, 3.357421875, 6.05859375, 1.6337890625, 0.3994140625, 0.01296234130859375, 3.6015625, 4.31640625, 5.2265625, 1.7548828125, 0.0474853515625, 1.779296875, 3.3359375, 4.47265625, 1.81640625, 0.367919921875, 6.4375, 3.564453125, 7.4765625, 0.0079803466796875, 0.458740234375, 0.0006842613220214844, 0.0017957687377929688, 0.00017464160919189453, 7.93359375, 0.5380859375, 9.6171875, 5.125, 0.36865234375, 0.1551513671875, 4.78515625, 7.3828125, 8.8671875, 0.2052001953125, 0.9384765625, 4.77734375, 8.984375, 2.5859375, 7.12890625, 4.390625, 2.435546875, 12.25, 3.72265625, 2.05078125, 0.287841796875, 0.896484375, 5.7578125, 7.21484375, 0.90087890625, 9.7890625, 0.83349609375, 0.1473388671875, 2.42578125, 0.002399444580078125, 0.01953125, 0.0038166046142578125, 0.024658203125, 6.1015625, 9.5078125, 1.2236328125, 0.0015850067138671875, 0.0102081298828125, 0.0010395050048828125, 2.19921875, 0.007007598876953125, 0.3232421875, 2.673828125, 4.4453125, 0.06903076171875, 3.640625, 0.358642578125, 0.0015439987182617188, 0.0252227783203125, 0.00017535686492919922, 0.5927734375, 6.60546875, 6.53125, 6.01171875, 0.13671875, 2.4453125, 0.323486328125, 0.037933349609375, 0.4990234375, 5.29296875, 3.072265625, 2.294921875, 10.203125, 0.300048828125, 1.083984375, 1.0498046875, 0.2218017578125, 0.2015380859375, 0.5615234375, 0.00244903564453125, 0.0006113052368164062, 0.0291748046875, 0.0014867782592773438, 7.703125, 3.908203125, 0.400146484375, 10.3671875, 4.1015625, 4.1875, 0.376953125, 0.11651611328125, 1.0791015625, 3.970703125, 1.2021484375, 0.0196380615234375, 1.4658203125, 0.58447265625, 12.875, 0.382080078125, 0.0200042724609375, 1.61328125, 0.5322265625, 6.859375, 5.171875, 6.01953125, 9.0546875, 5.109375, 11.2890625, 13.984375, 5.609375, 5.8515625, 5.62109375, 7.1796875, 6.203125, 5.8515625, 2.046875, 4.30078125, 4.86328125, 3.70703125, 1.2080078125, 13.4609375, 6.2265625, 6.7109375, 0.47412109375, 3.291015625, 2.771484375, 4.8515625, 0.98974609375, 3.337890625, 1.8046875, 0.11810302734375, 0.69091796875, 2.16796875, 1.00390625, 0.08563232421875, 0.17919921875, 0.0137786865234375, 0.00013756752014160156, 0.003040313720703125, 0.0005216598510742188, 0.0007038116455078125, 4.36328125, 1.1884765625, 2.134765625, 4.55859375, 2.05859375, 0.55908203125, 2.4140625, 1.7236328125, 0.022918701171875, 0.5654296875, 0.258544921875, 2.01171875, 0.123779296875, 0.720703125, 3.05078125, 2.34765625, 0.10980224609375]",-2.1422870329448154
438,1,test,3.2747241211409617,1.5056874891404455,2.057980896078898,5.855977251922661,2.692523509992326,3.680154072988147,26.435931359881028,20.570731067326435,23.059756990621608,47.27366549061078,36.7853073203955,41.2362713244057,3.737242713046433,1.6871182778486937,2.3479573364928896,6.683069322153622,3.016964449800017,4.198700178199051,41.98207380671387,34.21320603995487,37.970091834780504,75.07382610141774,61.18126256556635,67.89945833984277,3.253065566952811,1.5013296225710715,2.0544982991678604,5.81724666090385,2.684730619185916,3.6739263702766443,25.869523239821746,20.10492221785605,22.5541597495471,46.26079449944594,35.95233149546023,40.33214449330775,0.7236180904522613,-0.0013819095477386467,0.008618090452261251,0.6080402010050252,0.013040201005025231,0.013040201005025231,0.5226130653266332,0.0026130653266331905,0.0126130653266332,0.4257425742574258,0.13249710473518528,0.1963243525230679,0.35761589403973515,0.4522613065326633,0.13647183284845277,0.20852174058942452,0.4242424242424242,0.42140468227424754,0.13258999112232772,0.1955982306613443,0.3523489932885906,26.0,16.0,16.0,37.0,15.0,15.0,47.0,17.0,17.0,-0.002321645024872498,-0.00017368482289908352,-0.00037789890177151563,-0.0004912393671849813,-8.815173034548707e-05,5.432400123339676e-05,"[3.056640625, 9.4453125, 2.4296875, 1.0791015625, 6.80078125, 0.31103515625, 10.15625, 8.0234375, 8.1796875, 8.8984375, 2.259765625, 2.62890625, 1.96484375, 7.78515625, 9.7734375, 2.146484375, 8.4296875, 0.57666015625, 0.701171875, 0.859375, 2.40234375, 4.8359375, 8.65625, 5.81640625, 6.125, 3.25, 4.8828125, 3.958984375, 0.529296875, 3.466796875, 2.58203125, 4.85546875, 0.256103515625, 7.53125, 4.234375, 4.19140625, 2.13671875, 10.140625, 6.8671875, 3.412109375, 2.345703125, 0.91845703125, 2.359375, 0.58837890625, 1.6826171875, 0.1602783203125, 0.72802734375, 6.49609375, 0.984375, 0.384765625, 5.72265625, 3.609375, 2.947265625, 0.297607421875, 0.1072998046875, 6.1484375, 4.2578125, 4.9765625, 0.05938720703125, 6.3671875, 9.8203125, 0.449462890625, 3.357421875, 0.005519866943359375, 0.1282958984375, 3.53515625, 1.3466796875, 5.5234375, 0.53173828125, 0.78515625, 0.02056884765625, 11.84375, 4.73046875, 5.03515625, 8.1015625, 0.92041015625, 2.23046875, 3.951171875, 1.4462890625, 0.1126708984375, 5.69140625, 8.84375, 0.50146484375, 6.25390625, 2.8984375, 6.33203125, 4.05078125, 3.5625, 9.09375, 2.361328125, 2.900390625, 9.2265625, 2.626953125, 0.5, 7.3046875, 0.257568359375, 4.19140625, 0.66064453125, 0.55224609375, 0.418212890625, 5.59765625, 4.64453125, 1.056640625, 9.078125, 0.77978515625, 6.5078125, 8.3984375, 0.55908203125, 7.54296875, 4.26171875, 3.69921875, 9.1640625, 7.26953125, 1.2197265625, 0.52294921875, 7.8828125, 1.083984375, 2.5546875, 7.7265625, 3.896484375, 1.478515625, 3.681640625, 3.51953125, 0.14453125, 1.8828125, 5.53515625, 1.8251953125, 3.822265625, 3.599609375, 1.9287109375, 0.185791015625, 8.2734375, 0.7490234375, 0.338134765625, 6.55859375, 1.220703125, 7.9296875, 0.08843994140625, 4.6328125, 3.14453125, 9.4296875, 5.37109375, 5.84375, 0.6640625, 8.9765625, 0.5576171875, 2.205078125, 4.4375, 5.44921875, 0.2315673828125, 12.9296875, 3.859375, 4.328125, 6.03515625, 0.65673828125, 5.71484375, 0.5927734375, 0.5595703125, 0.7099609375, 2.53125, 1.03125, 1.3642578125, 1.638671875, 1.6416015625, 5.60546875, 4.3203125, 6.27734375, 2.291015625, 7.85546875, 0.70263671875, 6.61328125, 4.1328125, 6.32421875, 8.7890625, 0.6396484375, 2.337890625, 0.0233001708984375, 3.76953125, 10.1640625, 7.65625, 3.544921875, 7.42578125, 1.6552734375, 1.4189453125, 8.6484375, 0.043670654296875, 0.11639404296875, 0.0027942657470703125, 8.15625, 0.290283203125, 0.061492919921875, 5.85546875, 3.91796875, 1.0390625, 0.0098419189453125, 3.771484375, 0.8583984375, 0.1357421875, 0.369140625, 0.00022459030151367188, 3.048828125, 4.0078125, 3.578125, 0.004489898681640625, 2.142578125, 0.0041961669921875, 0.9453125, 0.02740478515625, 1.341796875, 0.0018663406372070312, 0.0535888671875, 9.0078125, 0.4052734375, 6.640625, 7.90234375, 5.39453125, 11.0859375, 1.6943359375, 5.93359375, 0.0289306640625, 5.52734375, 0.96728515625, 0.5185546875, 10.5625, 3.951171875, 0.3857421875, 0.0260162353515625, 0.19873046875, 2.365234375, 0.00266265869140625, 0.00516510009765625, 4.0234375, 2.91796875, 2.654296875, 3.916015625, 2.587890625, 6.5234375, 1.2900390625, 1.3330078125, 7.671875, 5.359375, 1.52734375, 4.97265625, 0.333251953125, 8.2265625, 0.14501953125, 2.75, 0.84814453125, 11.6328125, 3.220703125, 0.3212890625, 0.00466156005859375, 0.0015039443969726562, 0.08209228515625, 3.55859375, 1.34375, 0.196533203125, 3.087890625, 9.1953125, 1.837890625, 4.76171875, 0.5869140625, 5.85546875, 0.046478271484375, 0.019989013671875, 7.545948028564453e-05, 0.1839599609375, 0.5302734375, 7.5859375, 0.150634765625, 0.6376953125, 1.03125, 0.341552734375, 0.0016374588012695312, 0.1297607421875, 4.32421875, 0.18359375, 0.004085540771484375, 0.435546875, 0.035308837890625, 0.10479736328125, 0.00034737586975097656, 8.666515350341797e-05, 0.0306396484375, 3.15625, 0.0020503997802734375, 0.13330078125, 0.0029735565185546875, 0.0005822181701660156, 0.032806396484375, 0.153076171875, 2.208984375, 0.008544921875, 0.716796875, 0.00014448165893554688, 0.0038356781005859375, 0.0002294778823852539, 0.364013671875, 8.15625, 5.71484375, 7.11328125, 10.6171875, 3.099609375]",-1.6229680823807668
423,1,test,3.5563580257686103,1.5845698465733786,2.2009932092614903,6.341757318678291,2.825631544588892,3.9248480305012596,35.035366606270145,27.8518561921516,31.157191085233293,62.47565373845375,49.66589740558502,55.56002606108035,3.699077392942342,1.6279800237602622,2.260447666804681,6.596256889512568,2.903041301110957,4.030868217029326,40.41000460075796,32.47648025288785,36.19508833223388,72.05979841393902,57.91260464675807,64.54368898405343,3.556443803892361,1.5875482715990974,2.202411794832515,6.341910279668196,2.8309427220823062,3.9273776760999386,35.038372003179354,27.875610923488317,31.165361900340212,62.48101301266249,49.708257241185464,55.574596395711566,0.778894472361809,0.013894472361808963,0.008894472361808958,0.6231155778894473,-0.0018844221105527303,0.003115577889447274,0.5025125628140703,0.01751256281407032,0.007512562814070312,0.4606299212598425,0.12467707253685623,0.1975409160242404,0.43873517786561267,0.4321608040201005,0.10133373635092757,0.16671840001342264,0.4242424242424242,0.45669291338582674,0.12466933774731981,0.1922950076266644,0.43083003952569165,20.0,5.0,5.0,35.0,9.0,9.0,42.0,7.0,7.0,-0.0003068453734999081,-0.0002126363288877178,-0.00012795282077050877,7.243603883999583e-05,0.00013431153772813786,-0.00011739929023413254,"[3.056640625, 9.4453125, 2.4296875, 1.0791015625, 6.80078125, 2.728515625, 6.7734375, 2.912109375, 7.734375, 5.8359375, 0.61669921875, 0.45947265625, 1.3984375, 7.5, 4.11328125, 5.38671875, 0.931640625, 7.77734375, 1.3681640625, 5.39453125, 1.6845703125, 7.76953125, 0.00574493408203125, 0.7255859375, 5.74609375, 4.1171875, 1.2705078125, 5.578125, 1.111328125, 0.7060546875, 6.5859375, 3.982421875, 1.109375, 3.97265625, 1.01171875, 9.15625, 0.54443359375, 1.056640625, 1.93359375, 6.83984375, 7.3125, 2.75, 0.68994140625, 13.5546875, 7.6328125, 1.787109375, 3.966796875, 3.705078125, 2.9609375, 1.419921875, 2.26171875, 3.138671875, 2.8515625, 5.46875, 0.000579833984375, 5.07421875, 2.236328125, 6.4609375, 5.01953125, 9.859375, 3.603515625, 1.310546875, 5.9140625, 3.560546875, 1.490234375, 1.58984375, 1.1396484375, 3.06640625, 0.3642578125, 0.2476806640625, 4.80859375, 0.0770263671875, 7.14453125, 3.583984375, 0.83251953125, 4.95703125, 2.7265625, 3.931640625, 0.62890625, 4.37890625, 0.1002197265625, 7.77734375, 6.54296875, 0.5126953125, 0.56005859375, 9.0390625, 0.2159423828125, 3.005859375, 0.81005859375, 5.26953125, 5.50390625, 4.3125, 1.1416015625, 1.2353515625, 7.7578125, 2.076171875, 4.078125, 0.99609375, 11.203125, 5.1171875, 6.984375, 4.87109375, 0.068359375, 0.0135345458984375, 1.5185546875, 4.21484375, 7.1171875, 0.05230712890625, 2.767578125, 13.53125, 2.86328125, 0.51806640625, 10.25, 1.34765625, 4.171875, 3.583984375, 3.78125, 7.03515625, 1.7763671875, 5.28125, 0.1656494140625, 14.1953125, 2.05859375, 5.86328125, 0.428955078125, 1.0029296875, 4.33984375, 0.322265625, 0.8251953125, 6.2421875, 3.02734375, 0.034759521484375, 4.15625, 0.6708984375, 2.5, 0.7705078125, 2.646484375, 0.70166015625, 4.09375, 0.06201171875, 12.671875, 2.5234375, 7.078125, 6.16015625, 9.28125, 2.3125, 5.94921875, 0.450927734375, 7.12109375, 0.5634765625, 9.5078125, 5.4296875, 2.08984375, 5.98828125, 1.5986328125, 1.8837890625, 0.54541015625, 0.798828125, 2.20703125, 2.890625, 3.447265625, 0.61865234375, 4.21875, 0.50146484375, 6.03515625, 0.01540374755859375, 2.22265625, 3.455078125, 6.91015625, 6.2734375, 3.232421875, 11.71875, 0.7255859375, 1.455078125, 2.306640625, 1.18359375, 1.517578125, 2.607421875, 5.10546875, 1.2373046875, 1.541015625, 0.11187744140625, 8.0546875, 4.16796875, 4.96875, 6.48828125, 4.86328125, 7.17578125, 2.84375, 0.4443359375, 0.32421875, 2.67578125, 6.83984375, 0.69140625, 4.78125, 0.8642578125, 5.21875, 4.07421875, 6.8125, 5.28125, 1.7890625, 5.8515625, 0.040863037109375, 0.9482421875, 3.3671875, 0.07928466796875, 2.841796875, 4.4921875, 1.5615234375, 5.37109375, 0.0224456787109375, 1.390625, 3.904296875, 0.1328125, 4.30078125, 0.134033203125, 3.591796875, 5.06640625, 6.80078125, 5.00390625, 3.876953125, 2.767578125, 9.390625, 0.0010347366333007812, 0.009429931640625, 4.23046875, 4.63671875, 5.39453125, 1.46484375, 3.28515625, 4.234375, 0.88037109375, 1.5234375, 5.16015625, 1.8681640625, 0.6435546875, 4.15234375, 7.984375, 1.021484375, 0.0662841796875, 0.7646484375, 3.7265625, 4.1796875, 2.203125, 6.5546875, 1.6611328125, 4.15234375, 0.87451171875, 3.119140625, 5.28125, 0.11956787109375, 7.34375, 1.6767578125, 7.04296875]",-0.7981518047062433
224,1,test,3.02754897430453,1.3705636114176634,1.8739452153247773,5.3327893100694,2.4141399652889803,3.300807054404557,20.646565259317196,15.403085454122817,17.47697045106195,36.36730022834045,27.131323109546287,30.784308357961915,3.4973144435403336,1.5764630363458374,2.1844158387222348,6.1602442228857655,2.776815602091399,3.8476766296274896,33.026637853795286,26.199869498451992,29.309705824083224,58.17382403688815,46.14900871047128,51.62674071551716,3.1971665608843036,1.4736905199438517,1.9984139845792834,5.63155734328352,2.5957899006117593,3.5200489982183316,24.46311715170036,18.859142860183656,21.14713923939678,43.08985609969556,33.218896307024,37.24902190898824,0.7688442211055276,0.028844221105527645,0.018844221105527637,0.6281407035175879,-0.006859296482412125,0.008140703517587888,0.5125628140703518,-0.0024371859296482556,0.007562814070351753,0.4450867052023122,0.13195539207099904,0.19777487724532294,0.3826086956521739,0.4522613065326633,0.1089029105426883,0.18848835160778854,0.4191919191919192,0.45150501672240806,0.12930134393442805,0.19677754175021678,0.40268456375838924,18.0,0.0,0.0,32.0,7.0,3.0,39.0,1.0,1.0,-0.0011322370375933485,-0.00022806783311565398,-0.000548104223332819,0.011542203099635273,0.010649736385840214,0.012515173117281009,"[3.056640625, 9.4453125, 2.48046875, 5.80859375, 1.4013671875, 0.0943603515625, 4.3203125, 5.171875, 8.9609375, 2.451171875, 11.3125, 4.85546875, 7.66015625, 3.4609375, 2.767578125, 0.339111328125, 0.07098388671875, 0.038909912109375, 4.19921875, 1.55859375, 3.201171875, 3.1953125, 6.08984375, 2.8125, 3.146484375, 3.634765625, 6.796875, 1.5439453125, 2.107421875, 2.890625, 1.5791015625, 0.322509765625, 2.033203125, 1.203125, 2.560546875, 0.1416015625, 3.677734375, 0.78955078125, 2.625, 0.048004150390625, 4.53515625, 1.2265625, 5.55078125, 0.050384521484375, 9.7890625, 3.58984375, 4.76171875, 6.5078125, 0.68701171875, 3.703125, 0.0177764892578125, 0.0024852752685546875, 3.93359375, 2.3828125, 9.859375, 0.030792236328125, 8.921875, 5.44921875, 6.78515625, 5.53515625, 8.03125, 10.828125, 7.17578125, 2.80078125, 4.65625, 4.5234375, 1.9248046875, 5.3359375, 14.6875, 6.17578125, 4.55078125, 8.796875, 7.5234375, 0.052093505859375, 3.19140625, 0.07623291015625, 5.82421875, 2.01953125, 7.2421875, 0.2236328125, 4.10546875, 8.6796875, 0.767578125, 3.220703125, 1.5546875, 1.615234375, 10.7890625, 2.857421875, 0.030059814453125, 0.0771484375, 0.005619049072265625, 3.970703125, 0.95263671875, 2.26953125, 2.91796875, 0.2156982421875, 12.1953125, 3.736328125, 4.3046875, 5.8515625, 5.74609375, 4.609375, 1.7958984375, 2.931640625, 3.013671875, 3.916015625, 0.0087127685546875, 10.140625, 1.40234375, 4.6953125, 0.0526123046875, 6.296875, 0.51953125, 2.5234375, 3.470703125, 0.92626953125, 5.453125, 0.646484375, 0.413330078125, 6.41015625, 0.1827392578125, 4.23046875, 6.04296875, 3.3515625, 3.33203125, 5.44140625, 0.00736236572265625, 0.85888671875, 0.001651763916015625, 0.0195465087890625, 2.828125, 2.82421875, 4.390625, 4.30078125, 1.8955078125, 4.76171875, 3.54296875, 6.0546875, 8.2109375, 1.5126953125, 1.0361328125, 5.41015625, 6.0390625, 0.412841796875, 0.8994140625, 1.7255859375, 2.21875, 5.30078125, 0.857421875, 7.484375, 0.95556640625, 7.25, 3.53125, 1.2236328125, 0.1273193359375, 5.5859375, 5.99609375, 2.1015625, 3.794921875, 1.6884765625, 5.51171875, 0.8447265625, 1.4453125, 1.201171875, 6.7578125, 2.47265625, 1.9287109375, 0.59716796875, 4.03125, 2.279296875, 0.1373291015625, 5.53125, 8.34375, 6.48828125, 3.20703125, 0.9189453125, 3.681640625, 0.2320556640625, 0.86767578125, 1.5048828125, 0.42529296875, 0.0189361572265625, 0.469970703125, 8.4765625, 4.3125, 3.080078125, 0.69677734375, 2.826171875, 6.3671875, 0.085693359375, 0.740234375, 0.0160369873046875, 4.5234375, 0.93603515625, 3.783203125, 3.515625, 3.76953125, 4.03125, 4.140625, 0.61669921875, 1.7353515625, 0.1163330078125, 2.6328125, 7.0859375, 4.09765625, 9.53125, 2.638671875, 2.955078125, 2.3515625, 4.1015625, 2.1953125, 1.556640625, 6.921875, 4.89453125, 3.47265625, 2.783203125, 4.06640625, 1.0908203125, 4.2421875, 3.138671875, 0.0044403076171875, 3.306640625, 11.140625, 1.666015625, 0.80419921875, 0.4716796875, 0.11199951171875, 0.02398681640625, 0.243408203125, 0.224609375, 0.056549072265625, 0.037445068359375, 0.08917236328125, 0.2344970703125, 0.54638671875, 2.20703125, 0.043609619140625, 5.30859375, 5.5546875, 1.6328125, 0.92529296875, 0.263427734375, 4.87109375, 0.032867431640625, 6.56640625, 1.5322265625, 0.8349609375, 0.1622314453125, 7.83984375, 0.0027065277099609375, 3.86328125, 0.03668212890625, 2.669921875, 3.71484375, 0.6640625, 1.943359375, 0.004001617431640625, 2.783203125, 6.125, 5.6484375, 0.46337890625, 6.6015625, 0.01543426513671875, 3.8984375, 0.03350830078125, 6.22265625, 3.63671875, 3.220703125, 0.038848876953125, 1.728515625, 8.34375, 4.4765625, 4.5546875, 1.5146484375, 7.9375, 0.1474609375, 2.228515625, 4.47265625, 3.96484375, 4.32421875, 1.0712890625, 3.853515625, 0.04742431640625, 4.96484375, 0.38623046875, 5.609375, 5.01953125, 0.310302734375, 2.04296875, 0.6982421875, 4.91015625, 3.08984375, 4.26171875, 1.095703125, 1.4072265625, 0.007312774658203125, 0.857421875, 0.014892578125, 0.0090789794921875, 0.0008492469787597656, 0.01233673095703125, 0.024566650390625, 0.27978515625, 3.87109375, 0.31787109375, 4.6171875, 0.027069091796875, 3.470703125, 0.0521240234375, 7.26171875, 5.69921875, 4.0, 0.99951171875, 0.0003750324249267578, 0.4443359375, 0.00011169910430908203, 0.398681640625, 2.455078125, 3.294921875, 1.892578125, 0.83447265625, 0.0032672882080078125, 0.337158203125, 1.3076171875, 10.5546875, 0.34228515625, 0.0034198760986328125, 1.4033203125, 3.2578125, 0.81689453125, 0.9228515625, 0.008056640625, 7.4765625, 0.32421875, 4.3984375, 2.939453125, 4.4765625, 0.4853515625, 2.0859375, 4.66796875, 0.1209716796875, 2.21875, 1.6328125, 0.90771484375, 0.020660400390625, 1.4345703125]",-1.6227129046627553
153,1,test,2.7272367387510545,1.186218742367377,1.5847170050946346,5.07294294928305,2.206489785025328,2.947737848854787,15.290576731482922,10.621235506650967,12.15591980845257,28.442057236281705,19.75659868853729,22.611270524530944,3.09305654758185,1.3548254503341837,1.9005680816199415,5.753405702496809,2.5201157340413056,3.535253581873363,22.044354725221652,16.35708044072236,18.749083542128382,41.00478417800297,30.425864653986153,34.875238298570416,2.78424007517837,1.1982108313907094,1.67048516662515,5.178975062119351,2.2287963133122517,3.1072755171939312,16.187511909449434,11.303195965289255,13.1417383587031,30.110449613949985,21.025115811082088,24.44499518535965,0.6331658291457287,0.0031658291457287158,0.0031658291457287158,0.5326633165829145,0.002663316582914521,0.01266331658291453,0.3869346733668342,-0.013065326633165841,-0.0030653266331658324,0.3798882681564246,0.10094824026242188,0.142351611264929,0.3165266106442577,0.3668341708542714,0.08111988513998569,0.14479744297447172,0.3282828282828283,0.3812709030100334,0.09245621185811359,0.15880149255397114,0.3087248322147651,22.0,10.0,10.0,31.0,9.0,8.0,38.0,9.0,9.0,-0.0017552852541804066,-0.0001653984677545557,-0.0005287229941945002,0.012532783466611797,0.010902106207052675,0.01190742759630048,"[3.056640625, 9.4453125, 2.48046875, 1.80859375, 2.875, 0.357177734375, 0.64501953125, 1.3623046875, 5.04296875, 0.47998046875, 3.078125, 0.403564453125, 10.8046875, 2.05078125, 7.23828125, 8.1640625, 3.7890625, 7.6171875, 0.8828125, 2.294921875, 10.3515625, 0.2188720703125, 2.65625, 2.314453125, 5.4453125, 10.2265625, 1.181640625, 1.025390625, 4.1171875, 0.92919921875, 9.6484375, 5.62109375, 13.6484375, 3.11328125, 2.34375, 2.521484375, 6.48046875, 2.96484375, 0.74609375, 7.98828125, 8.3125, 10.3125, 9.328125, 3.19921875, 3.45703125, 0.1533203125, 0.0164031982421875, 0.384033203125, 0.0011034011840820312, 0.1341552734375, 1.701171875, 13.7109375, 2.26171875, 6.40234375, 9.28125, 3.59765625, 9.0390625, 1.421875, 0.0716552734375, 3.39453125, 5.9375, 0.0015745162963867188, 0.2154541015625, 0.921875, 0.309814453125, 3.34375, 8.375, 7.5703125, 7.7890625, 0.157470703125, 9.1171875, 0.4287109375, 4.8125, 1.5537109375, 2.052734375, 2.611328125, 12.5078125, 0.07025146484375, 0.438232421875, 3.0234375, 0.4072265625, 1.65234375, 0.17236328125, 2.47265625, 5.95703125, 0.60693359375, 0.00856781005859375, 3.40625, 0.0091400146484375, 0.1783447265625, 3.361328125, 7.74609375, 4.69921875, 2.509765625, 0.86572265625, 3.904296875, 4.39453125, 2.80859375, 0.3271484375, 10.578125, 4.015625, 4.0234375, 0.0035610198974609375, 0.0271759033203125, 3.0078125, 3.646484375, 6.7421875, 4.81640625, 2.560546875, 1.44921875, 0.00974273681640625, 0.056732177734375, 0.00045561790466308594, 0.0017309188842773438, 0.0011415481567382812, 1.7373046875, 0.0006818771362304688, 0.01053619384765625, 5.41796875, 2.279296875, 4.859375, 1.9765625, 2.931640625, 5.5625, 2.923828125, 6.2734375, 8.78125, 6.48046875, 2.50390625, 0.0005040168762207031, 0.004180908203125, 3.05859375, 0.0014734268188476562, 7.21484375, 2.208984375, 0.7822265625, 5.56640625, 0.449462890625, 1.0009765625, 0.0004324913024902344, 0.0013799667358398438, 6.32421875, 1.6005859375, 0.1300048828125, 1.3935546875, 6.890625, 0.02569580078125, 0.1983642578125, 0.80419921875, 2.587890625, 6.88671875, 4.265625, 1.6337890625, 0.0001233816146850586, 0.011810302734375, 6.36328125, 2.73046875, 0.1923828125, 0.0085296630859375, 2.85546875, 5.31640625, 1.94921875, 5.41796875, 2.01953125, 9.3515625, 0.389404296875, 0.09954833984375, 0.00193023681640625, 7.1484375, 12.78125, 1.6474609375, 3.623046875, 2.6875, 3.029296875, 0.09429931640625, 0.13232421875, 5.26953125, 0.0102386474609375, 0.005367279052734375, 0.00905609130859375, 1.318359375, 1.3681640625, 0.0014162063598632812, 3.076171875, 0.0018110275268554688, 0.00919342041015625, 0.00707244873046875, 0.0275115966796875, 1.4697265625, 5.421875, 4.53125, 0.187255859375, 0.0003085136413574219, 0.047149658203125, 0.0024089813232421875, 0.322509765625, 0.0005393028259277344, 0.5302734375, 4.16796875, 0.352783203125, 10.0234375, 0.12457275390625, 0.228759765625, 0.328857421875, 0.357421875, 0.5458984375, 8.2734375, 8.34375, 3.451171875, 1.4951171875, 7.44921875, 3.203125, 6.36328125, 1.6162109375, 0.079833984375, 4.14453125, 0.002025604248046875, 0.302001953125, 0.023529052734375, 1.71875, 5.015625, 0.191162109375, 1.53125, 0.205078125, 0.005832672119140625, 0.00042939186096191406, 0.059234619140625, 0.0008950233459472656, 5.53125, 0.0005373954772949219, 1.3466796875, 0.74267578125, 0.06341552734375, 0.1231689453125, 0.06890869140625, 0.0005192756652832031, 0.0013599395751953125, 0.003040313720703125, 0.00045561790466308594, 1.73828125, 0.83740234375, 0.472900390625, 1.3525390625, 0.07647705078125, 3.05078125, 0.67578125, 5.39453125, 0.07818603515625, 5.7109375, 0.06976318359375, 0.0273895263671875, 0.22802734375, 4.4140625, 0.89208984375, 8.15625, 1.8046875, 0.0004210472106933594, 0.2015380859375, 1.00390625, 9.328125, 0.317626953125, 0.003940582275390625, 9.1640625, 5.14453125, 8.171875, 0.1063232421875, 6.47265625, 5.88671875, 2.693359375, 4.984375, 0.046051025390625, 4.421875, 4.32421875, 0.09722900390625, 0.027374267578125, 3.203125, 8.359375, 0.7705078125, 2.677734375, 6.40625, 2.337890625, 4.02734375, 0.5048828125, 0.5517578125, 1.3583984375, 2.939453125, 1.859375, 1.9541015625, 3.681640625, 1.3515625, 5.4140625, 2.251953125, 0.0826416015625, 1.6259765625, 2.46484375, 0.45654296875, 0.160400390625, 0.053466796875, 0.0880126953125, 3.3671875, 3.822265625, 5.578125, 0.9775390625, 3.078125, 0.95263671875, 0.190185546875, 2.525390625, 2.783203125, 3.427734375, 5.28515625, 1.8095703125, 2.3515625, 2.4609375, 0.339111328125, 0.95751953125, 4.6875, 0.034423828125, 1.1708984375, 9.9921875, 2.357421875, 1.490234375, 0.185546875, 0.02685546875, 9.7265625, 3.9765625, 1.2255859375, 0.7587890625, 1.662109375, 0.84130859375, 0.04718017578125, 0.061492919921875, 0.196533203125, 0.0135040283203125, 0.4755859375, 0.156982421875, 0.41552734375, 8.1484375, 6.93359375, 0.0008845329284667969, 0.501953125, 6.15625, 1.005859375, 1.2431640625, 1.185546875, 8.4140625, 0.1590576171875, 0.01267242431640625, 0.99658203125, 0.497314453125, 4.2734375, 0.029296875, 1.62109375, 0.779296875, 0.73779296875, 5.078125, 7.7734375, 3.189453125, 1.255859375]",-1.768250474383711
261,1,test,3.3412710407138926,1.5082208839857352,2.0589636928041504,5.461693047320786,2.465361060361298,3.3656137286221695,28.255017168649804,22.002087150940028,24.6500691625668,46.18608575644679,35.96495015057505,40.29338228496496,3.5602454372386836,1.5549330876754293,2.181722657850383,5.819631964717079,2.5417175471617597,3.5662774214862036,35.171828562309464,27.743414766075368,31.20279440658622,57.49241207300585,45.349812598392425,51.004567779996705,3.440490238642613,1.5543162862406348,2.1393931922286185,5.62387827470427,2.540709314047191,3.4970850257583184,31.202250968603664,24.608159919655492,27.528926703406526,51.00367946790983,40.224876791744556,44.99920711133759,0.7185929648241206,0.013592964824120535,0.01859296482412065,0.6080402010050252,0.008040201005025227,-0.001959798994974782,0.46733668341708545,-0.01266331658291453,-0.002663316582914521,0.4041297935103245,0.09337868894478696,0.1617352890942303,0.3727810650887574,0.4170854271356784,0.10129595345146791,0.17000696302883367,0.38383838383838387,0.41137123745819393,0.09584536099742602,0.1722166212179269,0.3825503355704698,25.0,7.0,8.0,39.0,13.0,13.0,48.0,12.0,12.0,-0.00041138350330622556,-0.0003763148755054875,-0.0004459855133542592,-0.0003490780111610192,5.1295171446419374e-05,-0.00017032920177317834,"[3.056640625, 9.4453125, 2.4296875, 6.078125, 0.78955078125, 0.10418701171875, 5.328125, 10.3046875, 0.09307861328125, 9.59375, 4.03515625, 9.2421875, 2.95703125, 0.92138671875, 7.3125, 9.96875, 3.345703125, 1.6806640625, 7.15625, 5.765625, 7.96484375, 2.197265625, 3.49609375, 0.6650390625, 1.728515625, 0.1395263671875, 7.33203125, 4.77734375, 5.0703125, 6.73046875, 2.658203125, 3.58203125, 9.515625, 6.078125, 2.18359375, 3.8359375, 7.25, 0.300537109375, 0.180908203125, 2.33984375, 5.1640625, 2.923828125, 5.40234375, 4.02734375, 6.42578125, 11.9375, 1.501953125, 4.03515625, 0.88623046875, 1.91796875, 2.78515625, 0.042755126953125, 1.1181640625, 8.015625, 6.7734375, 1.0078125, 4.37890625, 3.2421875, 0.2454833984375, 4.6484375, 8.0625, 0.234619140625, 2.2109375, 3.033203125, 0.05316162109375, 12.078125, 0.67578125, 0.419921875, 9.90625, 0.60888671875, 9.546875, 7.19921875, 0.477294921875, 0.38720703125, 0.833984375, 1.54296875, 0.1475830078125, 0.14599609375, 0.1439208984375, 6.24609375, 10.6484375, 0.10650634765625, 2.7734375, 0.99560546875, 4.30078125, 0.70751953125, 0.09796142578125, 7.3671875, 0.33544921875, 0.053192138671875, 0.72802734375, 4.015625, 2.35546875, 3.8203125, 4.94921875, 2.791015625, 3.810546875, 4.671875, 1.5673828125, 11.765625, 0.99169921875, 0.04718017578125, 0.003185272216796875, 2.703125, 7.06640625, 1.0068359375, 0.1468505859375, 8.984375, 0.2388916015625, 4.29296875, 0.057647705078125, 2.34375, 0.00551605224609375, 7.94921875, 0.73046875, 0.042266845703125, 0.482177734375, 2.73828125, 2.5078125, 4.5546875, 3.412109375, 10.828125, 0.7119140625, 3.345703125, 10.0859375, 2.21484375, 3.591796875, 3.279296875, 7.44140625, 0.08123779296875, 2.42578125, 0.626953125, 2.02734375, 2.3203125, 0.4990234375, 6.47265625, 8.59375, 5.7734375, 1.337890625, 1.90234375, 3.9921875, 5.8046875, 2.615234375, 7.23046875, 0.05926513671875, 0.87451171875, 6.9140625, 1.6640625, 0.1351318359375, 0.962890625, 1.62109375, 2.671875, 4.4453125, 2.181640625, 0.60986328125, 4.921875, 0.96728515625, 4.73046875, 0.13232421875, 4.23046875, 0.39453125, 0.01171875, 6.3125, 0.019775390625, 6.95703125, 0.43359375, 7.5703125, 0.0200042724609375, 0.4658203125, 9.90625, 1.6142578125, 7.41796875, 5.6875, 2.890625, 4.4375, 6.66015625, 1.6904296875, 4.19921875, 0.1441650390625, 8.515625, 0.74072265625, 0.09039306640625, 1.1396484375, 4.1484375, 0.43115234375, 2.6171875, 5.94140625, 4.87890625, 8.28125, 1.7490234375, 11.0859375, 2.66796875, 5.3515625, 3.4296875, 5.109375, 2.408203125, 3.193359375, 2.353515625, 0.033447265625, 3.330078125, 5.71484375, 0.364501953125, 0.457275390625, 8.625, 2.681640625, 4.0390625, 2.326171875, 6.18359375, 2.96484375, 1.208984375, 2.376953125, 0.034637451171875, 0.007640838623046875, 0.00788116455078125, 0.001842498779296875, 0.705078125, 3.19921875, 7.27734375, 6.22265625, 3.07421875, 9.09375, 5.20703125, 1.9931640625, 0.00396728515625, 8.640625, 2.826171875, 0.73193359375, 1.42578125, 6.8359375, 1.58203125, 8.25, 7.359375, 8.5234375, 4.0625, 0.1875, 6.80078125, 5.34375, 2.744140625, 1.4140625, 5.734375, 3.251953125, 0.5771484375, 3.310546875, 2.97265625, 6.15234375, 5.59765625, 5.8125, 11.4140625, 5.01953125, 6.7578125, 1.287109375, 0.08544921875, 8.515625, 4.81640625, 1.9111328125, 0.492919921875, 2.2109375, 0.41650390625, 0.486083984375, 0.00878143310546875, 0.58154296875, 7.2734375, 2.5078125, 10.71875, 4.625, 0.07342529296875, 0.8662109375, 0.0027637481689453125, 0.292236328125, 5.140625, 4.7421875, 6.15234375, 3.73046875, 0.2109375, 0.53076171875, 0.007328033447265625, 0.26611328125, 3.708984375, 6.15625, 4.1484375, 0.1531982421875, 2.228515625, 3.265625, 0.61474609375, 0.0015268325805664062, 0.39453125, 0.0005192756652832031, 0.34423828125, 3.009765625, 10.203125, 0.1591796875, 0.2071533203125, 6.66796875, 0.185302734375, 0.0085601806640625, 2.5234375, 0.305419921875, 1.603515625, 6.6484375, 4.06640625, 0.2103271484375, 5.62109375, 1.80078125, 0.014068603515625, 0.00018453598022460938, 0.0009493827819824219, 6.35385513305664e-05, 7.1796875, 2.40625, 5.94140625, 1.11328125, 1.181640625, 7.3671875, 2.287109375, 2.41015625, 0.326904296875, 1.0654296875, 6.62109375, 1.171875, 0.130126953125, 0.98486328125, 1.3203125, 4.0859375, 0.62255859375, 1.96875, 3.130859375, 1.3310546875, 1.07421875, 2.080078125, 5.2109375, 4.3125, 1.7099609375, 0.8232421875, 1.4677734375, 10.0625, 7.609375, 3.1875, 1.8115234375, 0.4990234375]",-0.8475874683498281
84,1,test,3.430288940347651,1.566654869449653,2.1497187184626245,5.928894464798408,2.7077985397895232,3.7155632170958937,30.88556554658337,24.43844199141977,27.28687435348976,53.382458969403345,42.239282454305766,47.16249888257489,3.6522810614887793,1.6759455631641675,2.29241729245586,6.312584550721346,2.8966960350985604,3.9622027277014857,38.562529300692226,31.34627878883201,34.666866744925606,66.65128521107297,54.178753462178776,59.918041287525725,3.4468793458836053,1.5854256971270355,2.1684958621219215,5.957569239798824,2.7402419456516665,3.7480175394699877,31.402243703397765,24.9691622847264,27.811413307645207,54.27548294414428,43.156576788416,48.06910942062134,0.7738693467336684,0.013869346733668353,0.008869346733668348,0.6281407035175879,0.028140703517587906,0.0231407035175879,0.5226130653266332,0.0026130653266331905,0.0126130653266332,0.4229390681003584,0.106302216579786,0.17621677966174099,0.37410071942446044,0.44221105527638194,0.13143411292049223,0.19513259116953718,0.4191919191919192,0.4229390681003584,0.10809112534543897,0.17383298943528092,0.3705035971223022,25.0,9.0,9.0,38.0,9.0,8.0,46.0,6.0,8.0,-0.0005644631088110307,-0.0004250493723102966,-0.00014624045359251967,0.0002456840853515274,-0.00018111633153772289,-2.978536601450088e-05,"[3.056640625, 9.4453125, 2.4296875, 1.0791015625, 12.8046875, 7.02734375, 3.630859375, 4.03515625, 3.65234375, 4.4140625, 4.4296875, 6.421875, 4.81640625, 0.2408447265625, 1.650390625, 7.83984375, 0.51513671875, 1.640625, 5.4765625, 0.58447265625, 4.86328125, 3.404296875, 4.828125, 2.455078125, 0.837890625, 6.03125, 4.38671875, 1.857421875, 3.75390625, 0.400390625, 2.220703125, 0.982421875, 2.58984375, 9.2109375, 11.28125, 5.671875, 4.3046875, 4.71875, 9.7890625, 2.1484375, 4.42578125, 7.05078125, 7.2265625, 6.97265625, 2.306640625, 6.1640625, 7.765625, 1.4951171875, 2.14453125, 2.46875, 6.3515625, 1.35546875, 1.123046875, 3.2890625, 4.07421875, 8.046875, 6.59765625, 3.03125, 0.86279296875, 5.16796875, 0.30517578125, 1.3642578125, 1.904296875, 6.88671875, 3.044921875, 0.6162109375, 4.8203125, 2.3828125, 0.8603515625, 1.3154296875, 6.1953125, 1.326171875, 2.57421875, 7.01171875, 1.4794921875, 8.9609375, 0.47509765625, 8.0078125, 5.98828125, 0.0022373199462890625, 1.2646484375, 1.134765625, 6.33984375, 5.23828125, 7.26171875, 0.275634765625, 7.54296875, 0.0024700164794921875, 1.2314453125, 5.33984375, 2.509765625, 0.6298828125, 7.22265625, 1.5732421875, 2.775390625, 6.76171875, 4.9453125, 4.73046875, 0.299072265625, 1.216796875, 1.90625, 5.50390625, 5.22265625, 1.8115234375, 7.1875, 0.2215576171875, 0.325927734375, 4.4140625, 0.4287109375, 0.5859375, 2.9296875, 3.162109375, 12.5, 0.2293701171875, 0.477294921875, 5.3046875, 1.8095703125, 8.8984375, 0.008575439453125, 0.454833984375, 7.03125, 7.72265625, 6.8203125, 0.0689697265625, 9.953125, 0.375, 0.2254638671875, 3.681640625, 2.041015625, 4.92578125, 1.7392578125, 1.9150390625, 1.1220703125, 3.587890625, 1.44140625, 4.3984375, 0.5751953125, 3.4375, 4.3828125, 3.11328125, 5.125, 1.0380859375, 3.31640625, 6.69140625, 0.217041015625, 8.109375, 0.086181640625, 8.8046875, 0.362548828125, 0.0184173583984375, 6.76171875, 8.140625, 2.82421875, 0.1068115234375, 0.7177734375, 5.13671875, 6.09765625, 3.33203125, 3.11328125, 0.0018768310546875, 9.015625, 4.4296875, 2.681640625, 5.125, 1.2216796875, 0.8994140625, 5.44140625, 0.06298828125, 0.6591796875, 5.75, 0.810546875, 3.123046875, 2.419921875, 3.49609375, 2.087890625, 0.99658203125, 1.2294921875, 1.7236328125, 4.0234375, 4.08984375, 7.8515625, 0.354736328125, 7.5546875, 0.74658203125, 3.55859375, 1.8466796875, 2.630859375, 8.234375, 2.296875, 5.74609375, 2.326171875, 5.41796875, 4.40625, 0.9970703125, 1.0947265625, 0.97412109375, 0.46435546875, 3.822265625, 7.86328125, 1.0517578125, 8.2421875, 4.01171875, 1.27734375, 3.32421875, 2.220703125, 0.52001953125, 1.412109375, 1.8974609375, 2.046875, 2.5859375, 0.5224609375, 2.935546875, 6.9765625, 2.126953125, 7.734375, 4.921875, 5.33203125, 2.59765625, 0.98681640625, 10.2421875, 0.8955078125, 0.00273895263671875, 6.98828125, 2.796875, 9.5859375, 0.1591796875, 0.09039306640625, 0.041839599609375, 4.5859375, 5.94140625, 3.638671875, 3.19921875, 4.03515625, 1.4365234375, 5.81640625, 3.712890625, 2.26953125, 0.451904296875, 2.185546875, 1.6884765625, 3.533203125, 3.125, 2.71875, 3.880859375, 0.0037593841552734375, 3.8125, 10.1640625, 0.689453125, 0.83935546875, 8.8359375, 2.57421875, 1.3994140625, 2.748046875, 0.059600830078125, 6.19921875, 0.007801055908203125, 0.328369140625, 0.00128173828125, 0.004150390625, 0.00106048583984375, 0.476318359375, 8.28125, 7.69140625, 10.1640625, 0.1220703125, 1.609375, 0.00356292724609375, 0.93359375, 0.1995849609375, 5.8046875, 9.546875, 0.2646484375, 0.007266998291015625, 0.0245819091796875, 0.0009031295776367188, 2.931640625, 0.004058837890625, 0.315185546875, 3.171875]",-1.0134414139614312
24,1,test,3.150107173065641,1.4507742711991092,1.959097508577471,5.629978777393911,2.592873165547344,3.5013657600107986,23.33856571254843,17.868268763171937,20.048163979974387,41.711479145831234,31.934778215030697,35.8307611556989,3.717972654793131,1.6919733465631444,2.3427987712276517,6.644887297928149,3.0239523640703005,4.187129718789846,41.180821680705364,33.59713608197351,37.22505717514714,73.59976640806916,60.04594533799521,66.52988941941192,3.3981738987575008,1.580912471763381,2.160910871125039,6.073332074375108,2.8254605878324255,3.8620534717979416,29.909432496502806,23.754453008881963,26.463264019075357,53.4551559511965,42.454767079703934,47.29604633196447,0.7386934673366834,0.013693467336683418,-0.0013065326633165952,0.6130653266331658,0.02306532663316574,0.018065326633165846,0.4824120603015075,-0.0025879396984924696,-0.0025879396984924696,0.3850746268656716,0.09148297261827965,0.15568038654789607,0.3263473053892215,0.3919597989949749,0.08368912230324554,0.14822023305173615,0.35858585858585856,0.3846153846153846,0.08745344805444966,0.15324719774107975,0.3422818791946308,26.0,10.0,10.0,36.0,9.0,9.0,44.0,11.0,10.0,-0.0015884646075523278,-0.0004998873194621443,-0.0010962444483553111,0.03488603642830501,0.03835764527566621,0.04284153047723471,"[3.056640625, 9.4453125, 2.4296875, 1.0791015625, 8.8046875, 3.912109375, 7.45703125, 9.6796875, 1.3671875, 1.888671875, 3.142578125, 0.51953125, 6.87109375, 2.07421875, 6.046875, 4.49609375, 3.15234375, 5.06640625, 0.9140625, 1.6640625, 8.6484375, 8.3046875, 2.55078125, 0.7822265625, 10.8671875, 10.1015625, 3.34375, 0.99462890625, 4.640625, 10.9140625, 4.3984375, 0.313720703125, 2.982421875, 8.4375, 2.27734375, 2.203125, 4.38671875, 1.9150390625, 1.7568359375, 7.84375, 11.7421875, 9.1796875, 5.109375, 0.85693359375, 5.609375, 8.8515625, 0.29052734375, 3.166015625, 5.85546875, 0.10614013671875, 7.0078125, 3.875, 0.0177001953125, 2.578125, 5.5625, 1.7021484375, 5.26171875, 3.859375, 11.09375, 3.728515625, 5.5703125, 0.430419921875, 0.884765625, 0.9892578125, 6.34375, 1.1865234375, 3.49609375, 0.007595062255859375, 12.265625, 4.95703125, 7.66796875, 4.78125, 0.407958984375, 0.01971435546875, 0.273193359375, 9.6953125, 4.0546875, 0.462890625, 3.3984375, 6.703125, 1.083984375, 1.7431640625, 12.765625, 4.54296875, 10.2109375, 2.5234375, 2.01953125, 0.2108154296875, 0.0771484375, 0.003871917724609375, 6.78125, 0.775390625, 5.11328125, 9.6640625, 13.46875, 3.568359375, 2.09765625, 5.14453125, 1.3818359375, 2.427734375, 1.048828125, 2.513671875, 2.88671875, 2.380859375, 2.56640625, 0.318115234375, 3.134765625, 0.943359375, 6.953125, 1.357421875, 0.1622314453125, 7.6484375, 2.49609375, 13.15625, 3.09375, 7.5390625, 2.4140625, 1.69140625, 6.65234375, 0.55078125, 11.609375, 3.4609375, 7.3046875, 1.35546875, 0.462890625, 3.4375, 2.091796875, 1.9599609375, 5.33203125, 5.375, 5.51953125, 1.451171875, 1.7001953125, 5.88671875, 3.501953125, 0.1793212890625, 5.21484375, 6.046875, 9.3203125, 3.0546875, 2.03125, 3.728515625, 6.90625, 3.146484375, 1.802734375, 10.3515625, 0.2298583984375, 4.33203125, 1.810546875, 0.37109375, 0.0095367431640625, 0.29248046875, 0.1646728515625, 0.0138092041015625, 0.165283203125, 0.07763671875, 0.03997802734375, 0.02545166015625, 0.132080078125, 0.08026123046875, 0.05279541015625, 1.3271484375, 0.059051513671875, 13.359375, 0.346923828125, 0.0019044876098632812, 0.0083770751953125, 0.013031005859375, 2.8848648071289062e-05, 0.0002269744873046875, 0.1474609375, 1.861328125, 5.65234375, 6.953125, 9.6796875, 2.53125, 1.2470703125, 6.1015625, 4.08203125, 4.078125, 5.6015625, 0.310791015625, 5.16796875, 8.9609375, 2.150390625, 2.44921875, 0.01540374755859375, 0.0159149169921875, 0.00664520263671875, 8.0859375, 4.90234375, 1.759765625, 1.2734375, 7.9375, 2.35546875, 2.361328125, 4.5234375, 0.24951171875, 0.2442626953125, 0.00649261474609375, 9.3359375, 10.21875, 2.564453125, 3.107421875, 11.0546875, 2.6015625, 4.34375, 1.2294921875, 1.6953125, 7.53125, 3.2109375, 7.8984375, 4.85546875, 10.7578125, 5.62109375, 5.05859375, 0.022552490234375, 8.0703125, 2.974609375, 4.82421875, 0.214599609375, 0.159423828125, 0.56689453125, 2.9765625, 0.9599609375, 1.30859375, 9.1796875, 8.1015625, 3.58984375, 6.578125, 0.1678466796875, 0.2890625, 5.40625, 5.0234375, 0.001491546630859375, 1.3369140625, 0.0037364959716796875, 0.91748046875, 0.004467010498046875, 0.33642578125, 5.09375, 6.55859375, 0.1549072265625, 4.60546875, 4.1171875, 0.04083251953125, 0.0380859375, 0.60107421875, 0.25048828125, 8.1015625, 0.38916015625, 0.61767578125, 1.439453125, 1.8662109375, 1.7431640625, 0.282958984375, 0.0028324127197265625, 0.056732177734375, 0.0237884521484375, 4.296875, 2.8359375, 5.5, 0.006229400634765625, 9.572505950927734e-05, 0.00010597705841064453, 6.09375, 8.28125, 2.33203125, 7.01171875, 0.01274871826171875, 0.08721923828125, 10.046875, 2.634765625, 4.5546875, 1.58984375, 2.259765625, 0.06329345703125, 0.49072265625, 3.05859375, 0.0008502006530761719, 0.0009007453918457031, 0.004360198974609375, 0.5791015625, 0.6787109375, 0.02410888671875, 0.0016393661499023438, 1.3427734375, 0.00888824462890625, 4.19140625, 0.10986328125, 6.6796875, 0.4091796875, 6.2421875, 0.009063720703125, 0.1361083984375, 1.3623046875, 0.1473388671875, 0.05810546875, 1.56640625, 0.333251953125, 0.1427001953125, 1.1240234375, 0.4501953125, 0.0361328125, 0.0013027191162109375, 0.32373046875, 0.005207061767578125, 8.71875, 1.51171875, 0.46533203125, 7.1875, 0.0244293212890625, 0.042205810546875, 0.198974609375, 0.053192138671875, 0.031402587890625, 0.007678985595703125, 0.71044921875, 0.0029544830322265625, 4.82421875, 4.68359375, 0.054168701171875, 1.4306640625, 1.64453125, 1.099609375, 0.4619140625, 3.388671875, 0.375, 0.03466796875, 0.034759521484375, 0.004062652587890625, 0.332275390625, 0.00200653076171875, 0.0018320083618164062, 0.00033020973205566406]",-1.6271750649409507
497,1,test,2.778343304119644,1.1988191495353242,1.5234925682408629,5.701391988662186,2.4600767964422796,3.1263337077442706,16.09233874068183,11.239692588346621,12.585023921676584,33.022820124107504,23.064785832336295,25.825517839273825,3.3182172200188567,1.4574149902355666,2.0208733702810813,6.809258253580362,2.990737011212569,4.147000561930968,27.611082169667455,21.18219001765683,23.951518773116376,56.66024153567175,43.46761909873328,49.15051248233256,3.0101491176962454,1.332556693098163,1.844801729319464,6.177076835272503,2.7345173806285215,3.7856868820409835,20.290425361148003,14.93777183256574,17.083388584133026,41.637643709855794,30.653552614744278,35.056536990356314,0.7135678391959799,0.003567839195979916,0.003567839195979916,0.5577889447236181,-0.012211055276381999,0.007788944723618019,0.457286432160804,0.0022864321608040417,0.007286432160804046,0.4071246819338422,0.12885276325531614,0.15981285397685296,0.34693877551020413,0.4170854271356784,0.11132101610810952,0.16499861578342467,0.398989898989899,0.4180602006688964,0.13926220400779454,0.1833549726377507,0.3825503355704698,27.0,18.0,18.0,39.0,22.0,21.0,50.0,25.0,25.0,-0.0008055048789695474,-0.001030349941216737,-0.0003864273311352015,0.03709573110289366,0.04249959610725362,0.043101873055467976,"[3.056640625, 9.4453125, 2.48046875, 1.80859375, 0.8740234375, 6.9921875, 0.17041015625, 1.4677734375, 9.1171875, 7.078125, 5.953125, 2.39453125, 0.81884765625, 1.763671875, 0.199462890625, 3.001953125, 7.16015625, 0.9853515625, 6.19921875, 1.7919921875, 4.49609375, 1.07421875, 4.83984375, 2.919921875, 0.51318359375, 1.4404296875, 1.283203125, 10.75, 2.92578125, 0.95361328125, 6.6796875, 0.63134765625, 8.5625, 0.031402587890625, 6.03515625, 4.76171875, 2.953125, 3.015625, 5.7890625, 0.88232421875, 1.5712890625, 1.05078125, 3.951171875, 1.056640625, 0.07275390625, 2.140625, 1.33203125, 7.203125, 9.40625, 4.75390625, 5.27734375, 0.7177734375, 9.1171875, 0.011566162109375, 5.265625, 0.387451171875, 6.02734375, 7.35546875, 9.28125, 0.60205078125, 3.501953125, 3.67578125, 2.62890625, 1.3583984375, 2.8359375, 6.57421875, 2.798828125, 5.31640625, 0.035186767578125, 1.1826171875, 5.484375, 3.525390625, 5.28515625, 0.9150390625, 2.1640625, 1.65234375, 7.015625, 0.66015625, 2.564453125, 2.1953125, 1.06640625, 8.3671875, 4.0078125, 0.88330078125, 0.284423828125, 4.7734375, 0.01038360595703125, 2.58203125, 5.04296875, 3.208984375, 0.65625, 5.05859375, 0.9599609375, 3.125, 0.2420654296875, 3.119140625, 0.07781982421875, 1.0478515625, 1.642578125, 2.66796875, 1.7744140625, 3.2578125, 8.953125, 7.46484375, 0.09393310546875, 10.2421875, 4.27734375, 8.03125, 4.44921875, 1.265625, 0.41064453125, 6.77734375, 4.86328125, 4.6484375, 1.7607421875, 1.3291015625, 9.0390625, 1.875, 2.28515625, 0.11761474609375, 1.68359375, 0.04296875, 2.283203125, 2.205078125, 5.45703125, 5.40234375, 10.8125, 10.7578125, 1.361328125, 0.87353515625, 1.2119140625, 7.33203125, 6.5859375, 3.791015625, 0.697265625, 9.3046875, 2.974609375, 3.505859375, 4.4140625, 7.578125, 2.26953125, 4.25, 0.34912109375, 4.2890625, 0.7314453125, 5.7890625, 2.681640625, 6.6796875, 0.056915283203125, 2.037109375, 4.87890625, 1.7177734375, 7.01171875, 6.2109375, 0.001094818115234375, 1.3515625, 0.007442474365234375, 0.6572265625, 0.023651123046875, 0.163818359375, 7.38671875, 5.984375, 3.765625, 9.40625, 4.5546875, 3.24609375, 4.4296875, 9.4609375, 4.32421875, 3.3984375, 4.0234375, 5.64453125, 2.853515625, 4.69140625, 4.94921875, 5.41796875, 3.744140625, 0.478759765625, 7.23046875, 0.06060791015625, 0.143798828125, 0.0299530029296875, 2.8125, 0.337646484375, 0.040313720703125, 0.82080078125, 1.1630859375, 0.05377197265625, 0.292724609375, 0.134765625, 0.006107330322265625, 0.2276611328125, 0.430419921875, 0.2369384765625, 0.56591796875, 0.54833984375, 0.004856109619140625, 0.356201171875, 0.64892578125, 0.0018768310546875, 1.1123046875, 0.004795074462890625, 1.3798828125, 0.01346588134765625, 0.990234375, 0.04071044921875, 0.032257080078125, 0.150390625, 0.310791015625, 0.005580902099609375, 0.2215576171875, 0.040557861328125, 0.0008687973022460938, 0.10302734375, 0.078369140625, 0.013671875, 0.1807861328125, 0.032501220703125, 0.0002257823944091797, 0.0335693359375, 0.0616455078125, 0.0004825592041015625, 0.46826171875, 0.0017881393432617188, 0.381103515625, 0.0007004737854003906, 0.0185699462890625, 0.0034465789794921875, 7.3984375, 1.314453125, 6.22265625, 3.51953125, 5.19921875, 2.68359375, 0.08203125, 0.4248046875, 5.64453125, 5.24609375, 12.1953125, 3.83203125, 4.73828125, 0.043121337890625, 0.470947265625, 6.36328125, 0.469970703125, 5.91796875, 3.94140625, 0.0193939208984375, 1.4765625, 0.0004150867462158203, 0.6923828125, 7.97265625, 1.001953125, 4.67578125, 0.031890869140625, 2.822265625, 7.01953125, 1.7412109375, 5.0, 0.0028667449951171875, 0.0015363693237304688, 0.0113525390625, 0.0015573501586914062, 4.60546875, 4.53515625, 0.08251953125, 0.250244140625, 0.0015821456909179688, 3.5859375, 0.2220458984375, 1.388671875, 3.416015625, 1.0576171875, 9.6328125, 7.8046875, 0.6826171875, 0.322265625, 3.5, 0.0291595458984375, 0.11737060546875, 5.27734375, 6.265625, 5.98046875, 10.4375, 1.9833984375, 5.921875, 7.94921875, 10.0234375, 5.16015625, 0.603515625, 4.96484375, 0.0278472900390625, 0.040740966796875, 2.75, 8.3125, 0.453125, 3.47265625, 2.80859375, 0.0140228271484375, 0.0249786376953125, 7.04296875, 6.234375, 0.27099609375, 2.453125, 2.95703125, 9.9765625, 11.5859375, 2.142578125, 6.26953125, 1.1572265625, 0.6953125, 5.06640625, 9.0703125, 5.69140625, 0.74462890625, 3.734375, 2.935546875, 6.83984375, 0.007175445556640625, 8.3046875, 2.0078125, 1.8740234375, 3.9453125, 0.015380859375, 3.1015625, 0.138427734375, 1.9580078125, 0.03643798828125, 0.501953125, 3.759765625, 5.75390625, 0.8046875, 0.1038818359375, 3.380859375, 0.460693359375, 2.515625, 0.006221771240234375, 1.357421875, 2.44921875, 0.36767578125, 9.796875, 1.7607421875, 3.43359375, 0.396484375, 0.12408447265625, 0.0010004043579101562, 0.9833984375, 0.013946533203125, 0.014251708984375, 0.958984375, 0.0278778076171875, 0.80908203125, 0.026641845703125, 0.00023281574249267578, 0.335205078125, 0.63818359375, 0.005992889404296875, 0.00643157958984375, 0.1182861328125, 0.11822509765625, 0.0186309814453125, 0.006366729736328125, 0.02923583984375, 0.260986328125, 0.057098388671875, 0.300048828125, 0.0019741058349609375, 0.05419921875, 3.095703125, 0.01557159423828125, 0.0301513671875, 7.11328125, 8.546875, 0.72314453125, 0.55908203125, 1.3017578125, 1.162109375, 0.0024051666259765625, 0.004497528076171875, 0.2261962890625, 0.002452850341796875, 0.053802490234375, 0.076416015625, 1.5546875, 8.1640625, 3.06640625, 2.056640625, 1.876953125, 0.7431640625, 7.47265625, 0.254638671875, 1.185546875, 0.6875]",-1.6600531497377777
211,1,test,3.4615957656089535,1.5599065362322406,2.1551480848801274,5.474151443288578,2.4668289410184276,3.408141157484853,31.867789483582023,25.170591487541603,28.17475792728513,50.39557406705995,39.804656305879746,44.555431140822996,3.7876068838876695,1.6625682296032998,2.3467696705752243,5.989703909403756,2.629177665419171,3.7111706418398893,44.15061619868456,35.77739505594151,39.92638527935135,69.81957910489652,56.57820613497728,63.13939997664866,3.487010730548846,1.5634981244773356,2.173073227230611,5.5143425506353845,2.4725086619641585,3.436487894225152,32.68808801169486,25.84312807309626,28.967292460316084,51.69279034407559,40.86820253419873,45.80874156515102,0.7336683417085428,0.0036683417085427994,-0.001331658291457205,0.5979899497487438,-0.007010050251256228,0.002989949748743781,0.507537688442211,-0.007462311557788981,-0.007462311557788981,0.4247787610619469,0.12433693484692476,0.1843469651836348,0.3875739644970414,0.44221105527638194,0.13143411292049223,0.19847148933314318,0.41414141414141414,0.4280936454849499,0.13260115800581795,0.19227607040152384,0.38590604026845643,25.0,1.0,1.0,35.0,3.0,2.0,42.0,1.0,0.0,-0.0011351809226233989,-0.00043596777054718286,-0.0005231128093397972,0.0043264510304013015,0.00354762395006869,0.004017871283992669,"[3.056640625, 9.4453125, 2.48046875, 1.80859375, 8.875, 1.2578125, 9.1796875, 3.802734375, 3.0390625, 4.2421875, 0.20166015625, 1.5703125, 7.6953125, 2.779296875, 1.0830078125, 0.259033203125, 9.9296875, 0.6728515625, 9.78125, 11.1796875, 3.708984375, 6.33984375, 8.5859375, 3.830078125, 7.09765625, 1.2314453125, 9.734375, 4.3828125, 1.86328125, 5.38671875, 0.81884765625, 7.03125, 3.33203125, 0.059295654296875, 0.07183837890625, 0.037139892578125, 6.8125, 2.5703125, 0.47119140625, 5.2890625, 2.947265625, 10.796875, 4.8203125, 1.4462890625, 3.509765625, 3.6015625, 3.8515625, 2.34765625, 1.0908203125, 7.21484375, 0.1815185546875, 0.86865234375, 6.44921875, 4.2265625, 0.062255859375, 0.034332275390625, 6.05078125, 1.939453125, 3.447265625, 4.546875, 0.9091796875, 7.01171875, 0.026641845703125, 0.22998046875, 2.876953125, 1.83984375, 7.60546875, 8.109375, 1.68359375, 9.8359375, 1.8359375, 2.216796875, 8.65625, 0.52685546875, 6.03515625, 0.5263671875, 2.65625, 2.1328125, 6.625, 11.0859375, 1.6259765625, 3.435546875, 6.4453125, 3.849609375, 0.568359375, 0.038543701171875, 5.66796875, 0.1522216796875, 9.8046875, 7.62890625, 5.84765625, 5.54296875, 0.515625, 10.5234375, 2.08203125, 0.02783203125, 9.6015625, 2.861328125, 3.798828125, 2.994140625, 0.9755859375, 6.8828125, 1.8857421875, 0.42431640625, 2.369140625, 3.115234375, 0.42236328125, 3.044921875, 6.4453125, 1.033203125, 4.92578125, 0.0172882080078125, 0.414794921875, 7.79296875, 4.08984375, 4.58203125, 6.0859375, 5.2578125, 2.06640625, 2.77734375, 0.92724609375, 0.0458984375, 8.8984375, 0.1492919921875, 5.05859375, 7.75390625, 0.00391387939453125, 5.14453125, 0.1063232421875, 0.0006937980651855469, 9.578125, 1.5078125, 8.6328125, 3.119140625, 7.8984375, 1.576171875, 0.0172119140625, 6.19921875, 12.015625, 8.984375, 0.308349609375, 10.46875, 1.0576171875, 0.006557464599609375, 6.6796875, 6.2109375, 4.8984375, 0.5712890625, 0.00914764404296875, 4.0546875, 14.2421875, 1.6123046875, 8.6328125, 1.638671875, 2.837890625, 7.69140625, 4.39453125, 3.35546875, 5.06640625, 4.56640625, 5.6796875, 4.76953125, 0.38037109375, 0.1583251953125, 0.5029296875, 1.267578125, 0.986328125, 3.947265625, 2.662109375, 10.8359375, 4.73828125, 1.8251953125, 0.0285186767578125, 0.221435546875, 2.345703125, 0.97314453125, 3.419921875, 5.44921875, 5.08984375, 0.5576171875, 8.046875, 4.30078125, 6.67578125, 0.035125732421875, 0.359130859375, 1.2607421875, 1.458984375, 0.57470703125, 7.46484375, 9.4375, 4.3515625, 0.03033447265625, 0.08660888671875, 0.9169921875, 1.29296875, 3.05859375, 4.41796875, 0.59521484375, 0.0299835205078125, 2.044921875, 7.40625, 4.8515625, 5.3828125, 8.4140625, 0.00836944580078125, 10.2734375, 7.21875, 1.41796875, 9.03125, 8.7421875, 5.390625, 7.5234375, 2.76171875, 9.4375, 0.95849609375, 4.57421875, 3.724609375, 6.09375, 7.8125, 5.15234375, 0.39404296875, 0.28369140625, 4.28125, 0.00043511390686035156, 5.98046875, 0.1868896484375, 0.157470703125, 9.3046875, 1.81640625, 0.00556182861328125, 0.943359375, 0.452880859375, 0.03204345703125, 3.18359375, 0.061859130859375, 0.27734375, 0.0232086181640625, 1.3330078125, 0.96630859375, 0.83935546875, 2.65234375, 1.896484375, 0.384033203125, 0.89111328125, 3.744140625, 0.279052734375, 4.578125, 4.546875, 5.25, 5.578125, 1.583984375, 0.5029296875, 0.59521484375, 1.4697265625, 0.64404296875, 0.0066986083984375, 2.974609375, 0.1805419921875, 0.006038665771484375, 0.0009412765502929688, 0.00012314319610595703, 1.279296875, 5.2578125, 0.156982421875, 5.44921875, 1.9765625, 7.47265625, 6.6171875, 6.19140625, 0.62646484375, 1.19921875, 2.66796875, 0.004062652587890625, 1.1591796875, 0.06781005859375, 0.0714111328125, 1.4541015625, 6.4453125, 6.1015625, 3.548828125, 0.98779296875, 0.60693359375, 0.0181732177734375, 0.1993408203125, 0.465087890625, 11.4609375, 0.73583984375, 5.4453125, 0.39697265625, 2.89453125, 0.75244140625, 0.257568359375, 1.36328125, 5.26953125, 1.6005859375, 1.55078125, 6.3359375, 6.640625, 0.3818359375, 4.98046875, 1.6650390625, 2.720703125, 0.396484375, 0.88330078125, 6.40234375, 1.84375, 5.41015625, 4.53125, 1.2578125, 2.00390625, 5.72265625, 1.5625, 7.3671875, 5.90625, 7.79296875, 8.671875, 0.19677734375, 3.025390625, 1.4970703125, 1.525390625, 4.91796875, 0.07330322265625, 1.9814453125, 1.451171875, 0.0753173828125, 2.80078125, 3.5859375, 0.3974609375, 5.703125, 4.6640625, 0.82568359375, 6.3828125, 3.11328125, 0.2001953125, 4.140625, 1.703125, 3.931640625, 2.33984375, 1.5791015625]",-1.316955812912775
284,1,test,3.3359206110331296,1.3979586280525518,1.94878488289833,6.1762187312841945,2.5882205456515814,3.608036011766051,28.10424439540278,21.159661035857543,24.100877511149086,52.03300105206001,39.17560100353054,44.62105322064174,3.248037996603616,1.337912314076356,1.8791862001891182,6.013510347997553,2.4770490843470823,3.4791790220644248,25.73978878963981,18.985851192503052,21.808954084813614,47.655380387676,35.15094735069137,40.37772070559778,3.204366734594007,1.3393896335402689,1.852854985926851,5.932656125762619,2.4797842358116977,3.430428659658856,24.639891483921822,18.18410343036691,20.77663008524878,45.61899909023241,33.6665686367936,38.46644655783203,0.6532663316582914,-0.006733668341708521,-0.006733668341708521,0.4974874371859297,0.0024874371859296973,-0.012512562814070316,0.3919597989949749,-0.01304020100502512,-0.0030402010050251116,0.4055727554179567,0.099544934706983,0.14501662771455814,0.38819875776397517,0.38190954773869346,0.08617019936776615,0.12481438914103071,0.3535353535353535,0.3712374581939799,0.06906717438763599,0.1120605950126673,0.35906040268456374,24.0,1.0,2.0,36.0,4.0,0.0,43.0,2.0,2.0,-0.0008213239344108522,-0.000388879132479355,0.00013354780542924267,0.008938797247064478,0.010478305107514352,0.008500816112144705,"[3.056640625, 9.4453125, 2.4296875, 1.0791015625, 0.80224609375, 3.9921875, 6.6015625, 10.046875, 4.7421875, 1.9248046875, 5.546875, 2.796875, 1.6298828125, 8.71875, 1.568359375, 4.421875, 9.140625, 7.11328125, 13.3046875, 3.982421875, 3.568359375, 5.6875, 2.45703125, 6.7265625, 0.0179595947265625, 0.0208282470703125, 0.703125, 9.5234375, 2.126953125, 5.42578125, 0.1837158203125, 5.31640625, 1.9951171875, 6.66796875, 9.53125, 0.880859375, 0.10943603515625, 7.71484375, 3.599609375, 9.5546875, 7.21875, 5.21484375, 2.005859375, 1.5615234375, 1.1982421875, 3.09375, 0.303466796875, 6.875, 2.111328125, 10.015625, 0.453857421875, 1.064453125, 3.21484375, 7.234375, 0.0129241943359375, 2.974609375, 0.1700439453125, 6.828125, 0.0202789306640625, 5.14453125, 0.2344970703125, 1.0322265625, 11.0859375, 0.296630859375, 0.035919189453125, 2.61328125, 1.6171875, 1.3154296875, 4.24609375, 2.9140625, 4.7421875, 0.5244140625, 0.54248046875, 7.76171875, 5.7421875, 0.68603515625, 0.89501953125, 3.697265625, 7.609375, 0.0030040740966796875, 0.078125, 7.09375, 1.9130859375, 1.759765625, 0.94970703125, 2.771484375, 4.11328125, 0.1302490234375, 3.37890625, 6.0859375, 3.54296875, 1.4541015625, 7.87890625, 0.8876953125, 1.4130859375, 7.57421875, 7.83203125, 5.3359375, 1.4072265625, 2.37890625, 0.008056640625, 0.32666015625, 0.0004470348358154297, 0.0024394989013671875, 0.00345611572265625, 10.640625, 7.88671875, 5.40625, 0.08721923828125, 0.1785888671875, 4.8046875, 13.4296875, 9.1015625, 3.712890625, 0.353759765625, 0.84619140625, 0.003276824951171875, 10.578125, 1.6796875, 0.052490234375, 1.642578125, 7.61328125, 0.1614990234375, 2.416015625, 6.5859375, 0.08160400390625, 0.007350921630859375, 0.0006852149963378906, 1.494140625, 0.66455078125, 0.0229949951171875, 0.0023708343505859375, 0.00010275840759277344, 1.6669921875, 0.001483917236328125, 0.0216522216796875, 0.10650634765625, 0.0011777877807617188, 0.453125, 0.170654296875, 0.007476806640625, 0.0002486705780029297, 0.00010728836059570312, 6.8203125, 1.7568359375, 11.109375, 0.1746826171875, 1.3935546875, 0.036407470703125, 2.078125, 0.89794921875, 0.313720703125, 1.345703125, 0.08990478515625, 1.474609375, 2.77734375, 3.357421875, 0.0765380859375, 12.4765625, 0.1983642578125, 4.17578125, 1.447265625, 2.9765625, 2.90625, 4.19140625, 8.4296875, 4.73828125, 1.853515625, 3.857421875, 4.5390625, 0.25439453125, 1.0693359375, 4.0546875, 12.984375, 0.02508544921875, 0.2398681640625, 0.0638427734375, 4.6171875, 1.78125, 7.67578125, 1.7578125, 7.10546875, 0.42236328125, 0.96484375, 8.921875, 3.7734375, 5.08203125, 3.482421875, 1.3310546875, 0.421142578125, 9.171875, 2.869140625, 5.03515625, 1.6572265625, 5.34765625, 1.890625, 0.39794921875, 0.040618896484375, 1.984375, 0.77978515625, 1.6767578125, 0.775390625, 8.3671875, 3.736328125, 1.091796875, 0.00011491775512695312, 0.402587890625, 0.06646728515625, 0.51953125, 0.0001163482666015625, 11.125, 2.638671875, 1.056640625, 4.4375, 10.8046875, 13.0078125, 1.0380859375, 3.22265625, 3.3046875, 2.953125, 0.81982421875, 0.340576171875, 6.72265625, 6.58984375, 1.96484375, 2.302734375, 0.3818359375, 6.859375, 2.361328125, 1.6767578125, 1.41015625, 0.00019657611846923828, 4.34375, 1.9052734375, 9.3671875, 5.359375, 8.2734375, 0.00740814208984375, 0.07476806640625, 0.03228759765625, 6.54296875, 3.6796875, 3.392578125, 2.162109375, 0.94384765625, 6.015625, 0.1812744140625, 11.0859375, 4.421875, 0.728515625, 9.2734375, 8.3515625, 0.76708984375, 4.0703125, 8.5703125, 2.0390625, 3.08203125, 0.08935546875, 1.5419921875, 1.9580078125, 6.57421875, 2.91015625, 1.9365234375, 1.26953125, 7.171875, 0.71826171875, 0.0596923828125, 0.020721435546875, 0.95458984375, 1.408203125, 5.09765625, 1.9482421875, 0.003406524658203125, 0.01285552978515625, 0.000629425048828125, 0.40087890625, 1.935546875, 2.421875, 1.0869140625, 3.40234375, 3.177734375, 7.734375, 0.0035114288330078125, 0.1363525390625, 0.1617431640625, 1.2177734375, 6.43359375, 4.4609375, 6.2578125, 11.75, 2.90234375, 5.68359375, 0.128173828125, 0.54248046875, 0.01312255859375, 4.21484375, 3.833984375, 2.806640625, 4.7265625, 12.4375, 3.87109375, 1.0439453125, 4.23046875, 6.3125, 0.6904296875, 8.0859375, 5.19140625, 1.0654296875, 1.8427734375, 4.76171875, 7.55859375, 3.92578125, 3.759765625, 5.7734375, 4.625, 1.298828125, 3.533203125, 5.671875, 4.296875, 1.95703125, 9.9375, 9.84375, 0.984375]",-1.1329028218892336
277,0,test,3.5849769780802174,1.6628246290684023,2.268606099122964,5.668392918221077,2.629178209312343,3.58701069075987,36.052527710904165,29.216872347643545,32.32266704132712,57.004520254937475,46.196311251247906,51.10704422241252,3.7952279325705676,1.7138585486797417,2.3646518684177784,6.000831600190112,2.7098705848234657,3.738873634880466,44.48837559976937,36.47293798622119,40.307268515552735,70.3428766027767,57.66925273214031,63.73191147485302,3.5953523171785284,1.6626935696185337,2.276931216430532,5.684797904648772,2.6289709844230216,3.600173965246181,36.42853212491134,29.52068004242809,32.69101656928739,57.59904032315825,46.67667734457217,51.68946075353295,0.7236180904522613,0.0036180904522613577,0.0036180904522613577,0.6180904522613065,-0.0019095477386934512,0.008090452261306558,0.49246231155778897,-0.012537688442211037,-0.012537688442211037,0.4119601328903655,0.11345267020379834,0.18323085112240967,0.3966666666666666,0.40703517587939697,0.088739436531026,0.17164285534517332,0.4242424242424242,0.4180602006688964,0.11922881502615845,0.18891670789915227,0.40604026845637586,23.0,7.0,8.0,36.0,10.0,9.0,44.0,8.0,8.0,-0.001214311365028895,-0.00024406769748371826,-0.0003195982269192031,0.004168493968153442,0.0033960154416350363,0.0042312933967671995,"[3.068359375, 9.421875, 2.39453125, 1.125, 2.91015625, 0.330078125, 0.64501953125, 1.3623046875, 3.052734375, 1.9072265625, 9.0703125, 6.31640625, 5.35546875, 10.3671875, 0.6005859375, 2.400390625, 0.15087890625, 0.685546875, 1.2001953125, 0.181396484375, 9.8828125, 5.359375, 0.8134765625, 7.6953125, 6.55078125, 0.7841796875, 0.60693359375, 2.189453125, 0.98388671875, 1.021484375, 1.958984375, 7.08203125, 2.1015625, 5.58203125, 1.9111328125, 6.328125, 1.1943359375, 4.1015625, 0.1798095703125, 0.01041412353515625, 9.296875, 5.44140625, 2.87109375, 8.359375, 0.01305389404296875, 0.6376953125, 3.544921875, 0.77734375, 6.6953125, 0.81982421875, 1.212890625, 11.2421875, 3.958984375, 1.349609375, 4.5546875, 1.1767578125, 6.609375, 3.44140625, 4.796875, 12.65625, 6.41015625, 4.4609375, 3.841796875, 1.9189453125, 2.15625, 2.66796875, 0.33056640625, 6.3515625, 5.9375, 0.54248046875, 7.20703125, 0.48828125, 0.91748046875, 3.97265625, 3.38671875, 10.4140625, 3.46484375, 5.65234375, 0.916015625, 4.23046875, 5.49609375, 9.75, 5.8515625, 6.50390625, 1.26953125, 1.419921875, 4.48828125, 6.94921875, 0.00461578369140625, 0.83935546875, 5.83203125, 1.412109375, 3.44921875, 1.5693359375, 8.859375, 6.3515625, 2.78125, 13.953125, 5.40625, 1.154296875, 5.3203125, 0.092529296875, 0.13623046875, 0.1046142578125, 4.421875, 5.08203125, 3.458984375, 8.546875, 5.56640625, 2.2578125, 0.7568359375, 8.6328125, 0.239013671875, 2.33984375, 2.697265625, 2.91796875, 6.81640625, 0.86962890625, 8.6484375, 5.09375, 6.62109375, 0.035797119140625, 0.0087890625, 9.828125, 9.671875, 8.1328125, 0.54736328125, 0.7734375, 0.017425537109375, 12.5234375, 3.8515625, 2.2421875, 10.8046875, 2.57421875, 0.990234375, 0.11041259765625, 0.0054168701171875, 0.0189208984375, 10.5859375, 6.1640625, 0.07708740234375, 0.6455078125, 7.3125, 0.31298828125, 0.99658203125, 7.90625, 6.69921875, 1.6083984375, 7.0546875, 0.57421875, 5.49609375, 2.673828125, 1.765625, 1.765625, 7.3984375, 0.2371826171875, 1.2392578125, 11.5390625, 3.4765625, 0.140380859375, 9.5234375, 1.4111328125, 2.12109375, 3.734375, 3.11328125, 4.13671875, 0.041412353515625, 3.091796875, 6.953125, 7.14453125, 3.619140625, 2.42578125, 0.61181640625, 8.484375, 0.90087890625, 8.96875, 5.171875, 2.544921875, 2.98046875, 3.298828125, 2.376953125, 0.33349609375, 0.0275421142578125, 3.984375, 0.451904296875, 6.5546875, 0.91162109375, 11.7109375, 7.9453125, 1.52734375, 3.251953125, 0.098876953125, 0.0115509033203125, 7.0703125, 0.318115234375, 2.166015625, 5.08984375, 4.17578125, 2.56640625, 3.3671875, 1.7080078125, 6.15234375, 9.359375, 2.146484375, 2.5625, 15.65625, 3.34375, 6.14453125, 1.3544921875, 12.296875, 7.1796875, 8.34375, 8.140625, 5.9296875, 7.51171875, 3.25, 3.99609375, 3.90625, 11.984375, 6.890625, 15.5390625, 1.4873046875, 4.5625, 2.501953125, 6.44140625, 3.806640625, 10.734375, 0.5029296875, 1.3916015625, 5.7734375, 0.57958984375, 2.529296875, 6.0546875, 2.96875, 0.142578125, 4.92578125, 3.94921875, 5.41015625, 2.408203125, 1.173828125, 0.0660400390625, 1.9140625, 3.748046875, 6.0859375, 5.8359375, 4.9921875, 4.359375, 2.349609375, 0.330810546875, 0.0010042190551757812, 0.35400390625, 2.300739288330078e-05, 2.0384788513183594e-05, 0.0011577606201171875, 6.54296875, 6.98828125, 4.22265625, 8.6640625, 0.0865478515625, 7.5234375, 3.234375, 4.484375, 1.533203125, 1.501953125, 0.02423095703125, 0.0113067626953125, 5.09375, 5.47265625, 0.13916015625, 0.1976318359375, 0.0224151611328125, 0.0301361083984375, 0.00873565673828125, 2.80078125, 0.06365966796875, 1.240234375, 0.6181640625, 0.004302978515625, 0.4296875, 0.201416015625, 0.002071380615234375, 2.25390625, 0.01068115234375, 0.0018396377563476562, 0.004688262939453125, 0.0244903564453125, 2.162109375, 0.0635986328125, 0.10552978515625, 0.0001385211944580078, 0.002658843994140625, 0.0010280609130859375, 0.2255859375, 0.0031375885009765625, 0.95166015625, 7.10546875, 0.03717041015625, 0.7060546875, 3.701171875, 0.1612548828125, 0.04150390625]",-1.4552947809529857
48,0,test,3.5122511750560697,1.5458878311620923,2.14075075029254,5.304216060288758,2.3346061123672412,3.2329705208499577,33.52365050806766,26.379003944526495,29.582390682966903,50.627553828510344,39.83767942642777,44.67544715386838,3.845372454005869,1.7689412360593648,2.4268565664031283,5.8072971754374345,2.6714622748651626,3.6650486921190097,46.77610305383933,38.800149431855644,42.64511801138615,70.64146175477777,58.59614403994526,64.40283128250154,3.5122511750560697,1.5458878311620923,2.14075075029254,5.304216060288758,2.3346061123672412,3.2329705208499577,33.52365050806766,26.379003944526495,29.582390682966903,50.627553828510344,39.83767942642777,44.67544715386838,0.7738693467336684,0.003869346733668344,-0.0011306532663316604,0.6482412060301508,-0.0017587939698492372,-0.006758793969849242,0.5376884422110553,0.007688442211055246,-0.017311557788944665,0.42711864406779665,0.1039375949984227,0.17119981655934113,0.40816326530612246,0.44723618090452266,0.11640911323534975,0.19181047138866292,0.4242424242424242,0.42711864406779665,0.1039375949984227,0.17119981655934113,0.40816326530612246,26.0,8.0,7.0,35.0,6.0,6.0,47.0,9.0,9.0,-0.0009522872705607334,-0.0002582788389287767,-0.00014324899118371405,0.00792409499760005,0.005543354818044577,0.0068118409048461,"[3.0625, 9.453125, 2.48046875, 1.494140625, 3.81640625, 4.921875, 6.98828125, 0.413330078125, 5.51953125, 6.4765625, 0.423583984375, 12.8359375, 0.0718994140625, 1.5283203125, 7.67578125, 4.9765625, 7.67578125, 8.421875, 1.037109375, 4.91015625, 2.55859375, 0.26025390625, 9.84375, 0.95703125, 1.3212890625, 5.91796875, 9.1171875, 1.958984375, 11.0546875, 5.48046875, 12.0859375, 3.86328125, 3.005859375, 1.015625, 2.8984375, 1.1123046875, 4.25, 4.36328125, 2.501953125, 0.165283203125, 9.34375, 1.1796875, 0.306640625, 3.169921875, 7.6328125, 0.199951171875, 0.055633544921875, 0.031219482421875, 0.0650634765625, 0.12115478515625, 4.09375, 2.990234375, 1.1318359375, 9.2578125, 0.6298828125, 12.9453125, 6.57421875, 5.1875, 7.63671875, 0.392822265625, 0.0077667236328125, 0.533203125, 6.75, 6.296875, 0.61474609375, 7.3359375, 9.6796875, 4.55859375, 1.5986328125, 0.0966796875, 1.048828125, 3.408203125, 5.2421875, 0.034271240234375, 7.609375, 1.3837890625, 3.412109375, 0.8896484375, 5.9375, 0.57763671875, 3.25390625, 6.6875, 3.41015625, 0.76953125, 11.7265625, 0.11383056640625, 2.16796875, 7.8515625, 1.8203125, 5.671875, 1.24609375, 3.17578125, 4.3984375, 0.429443359375, 3.4765625, 1.869140625, 0.423828125, 5.48828125, 2.47265625, 3.62890625, 1.9677734375, 5.58984375, 7.765625, 4.79296875, 0.01235198974609375, 2.865234375, 5.13671875, 2.1171875, 0.9951171875, 0.73095703125, 7.29296875, 8.5625, 7.203125, 2.75390625, 1.6796875, 8.6015625, 2.681640625, 11.09375, 0.76025390625, 9.8359375, 4.03125, 0.0811767578125, 3.34375, 0.576171875, 7.91015625, 4.48828125, 1.154296875, 2.22265625, 1.021484375, 1.5615234375, 1.87890625, 6.58203125, 6.25390625, 2.056640625, 4.1015625, 0.57763671875, 6.703125, 0.0740966796875, 3.337890625, 0.7626953125, 0.798828125, 4.9765625, 1.41015625, 9.625, 4.79296875, 1.146484375, 5.37890625, 4.21875, 1.4853515625, 0.97412109375, 3.20703125, 6.42578125, 3.08984375, 0.55419921875, 4.03125, 0.30322265625, 2.671875, 6.484375, 5.3984375, 7.1015625, 0.2249755859375, 3.044921875, 6.80859375, 4.4296875, 4.3671875, 4.7890625, 0.320068359375, 2.22265625, 2.9140625, 0.33984375, 0.9169921875, 7.16796875, 0.259765625, 3.189453125, 5.99609375, 4.76953125, 9.2578125, 2.955078125, 6.94921875, 5.61328125, 1.357421875, 2.162109375, 2.986328125, 2.818359375, 0.76806640625, 6.15625, 4.21484375, 7.82421875, 4.21875, 2.095703125, 3.517578125, 6.72265625, 3.052734375, 5.17578125, 2.30859375, 5.44921875, 4.51953125, 1.9287109375, 5.9296875, 0.005390167236328125, 0.341796875, 0.0005998611450195312, 0.006366729736328125, 0.003192901611328125, 6.96484375, 4.2109375, 5.109375, 1.5712890625, 0.1328125, 0.3603515625, 5.77734375, 8.578125, 1.556640625, 0.007427215576171875, 0.01326751708984375, 0.85009765625, 7.91015625, 7.23828125, 5.953125, 0.383056640625, 1.509765625, 0.00022292137145996094, 13.546875, 0.61328125, 4.27734375, 7.28515625, 3.294921875, 2.689453125, 0.1754150390625, 0.0246124267578125, 0.20654296875, 0.0074615478515625, 0.003452301025390625, 0.0005559921264648438, 0.4765625, 0.3515625, 0.003070831298828125, 0.00016760826110839844, 0.00017404556274414062, 4.8359375, 0.264404296875, 3.796875, 4.11328125, 0.004062652587890625, 8.21875, 3.224609375, 5.1328125, 0.005767822265625, 12.3359375, 0.388916015625, 0.8916015625, 3.22265625, 0.0005941390991210938, 1.62109375, 7.625, 3.419921875, 2.44921875, 2.7109375, 4.44921875, 4.09765625, 1.4580078125, 0.179443359375, 0.006866455078125, 1.283203125, 4.3515625, 6.26953125, 0.556640625, 0.0014705657958984375, 3.99609375, 0.486572265625, 0.1280517578125, 1.46484375, 4.234375, 3.0, 0.64013671875, 7.82012939453125e-05, 3.79296875, 4.0546875, 0.1685791015625, 0.06787109375, 1.4580078125, 5.3984375, 1.599609375, 8.875, 1.220703125, 7.4921875, 1.625, 7.11328125, 6.08203125, 1.1044921875, 7.58203125, 10.71875, 6.17578125, 0.60009765625, 5.7421875]",-1.5183932417530124
183,0,test,3.5164284466069713,1.6086460178915107,2.1939375933124947,6.461437270640309,2.955887057875651,4.031360327711709,33.66398079441496,26.925850859382003,29.91122348128758,61.85756470973749,49.47625095411443,54.961873146865926,4.189936867910414,1.9061405518089765,2.632008194696385,7.699008994785385,3.502533263948994,4.836315057754607,66.01862293522575,56.20475661636669,61.26964856243679,121.3092196434773,103.27624028257378,112.5829792334776,3.5164284466069713,1.6086460178915107,2.1939375933124947,6.461437270640309,2.955887057875651,4.031360327711709,33.66398079441496,26.925850859382003,29.91122348128758,61.85756470973749,49.47625095411443,54.961873146865926,0.7989949748743719,-0.011005025125628176,-0.006005025125628061,0.7035175879396984,0.013517587939698483,0.013517587939698483,0.6130653266331658,-0.001934673366834172,-0.001934673366834172,0.4402730375426621,0.13703624026838612,0.20304261756536357,0.363013698630137,0.4522613065326633,0.1038903792143675,0.19349669885319754,0.43939393939393945,0.4402730375426621,0.13703624026838612,0.20304261756536357,0.363013698630137,23.0,6.0,8.0,38.0,10.0,12.0,47.0,9.0,9.0,-0.0025838303366567798,-0.0004437367899555687,-0.00034587474038953953,0.01475863690304191,0.01065474163535729,0.012935497899845494,"[3.0625, 9.453125, 2.48046875, 5.4921875, 0.79443359375, 0.078125, 4.32421875, 2.017578125, 4.05859375, 0.0008077621459960938, 0.3193359375, 11.3828125, 0.806640625, 4.59765625, 0.366943359375, 8.9765625, 5.515625, 10.671875, 6.0625, 6.06640625, 2.576171875, 3.12890625, 8.375, 11.0625, 5.359375, 4.5625, 0.40625, 4.62890625, 7.42578125, 0.912109375, 4.03515625, 5.74609375, 9.3515625, 2.462890625, 4.26171875, 1.615234375, 3.0, 4.796875, 3.875, 6.2734375, 3.685546875, 6.8984375, 6.6796875, 3.958984375, 1.00390625, 8.6953125, 1.046875, 2.951171875, 5.03515625, 5.375, 2.939453125, 5.32421875, 1.3330078125, 0.724609375, 7.4375, 3.33203125, 1.6640625, 4.3984375, 7.015625, 12.9921875, 13.4921875, 3.892578125, 8.1015625, 3.044921875, 2.33984375, 4.58203125, 1.392578125, 0.2349853515625, 5.0703125, 6.28515625, 10.8203125, 0.033905029296875, 6.23046875, 2.3984375, 4.9375, 5.890625, 3.859375, 2.8125, 2.302734375, 3.96484375, 2.84765625, 3.443359375, 5.2578125, 4.6953125, 0.60009765625, 4.69140625, 0.517578125, 0.619140625, 4.6796875, 4.2421875, 8.890625, 3.71875, 0.60205078125, 3.15234375, 14.5078125, 6.3125, 3.205078125, 4.0390625, 7.12890625, 3.90234375, 1.3994140625, 0.1318359375, 2.33203125, 0.73046875, 4.01953125, 1.802734375, 4.02734375, 2.353515625, 0.1640625, 3.96484375, 4.76953125, 0.04339599609375, 0.137451171875, 8.6015625, 3.658203125, 11.0625, 1.12890625, 8.8828125, 2.939453125, 1.0048828125, 5.79296875, 8.78125, 3.68359375, 5.90625, 5.96484375, 1.3056640625, 1.8447265625, 7.0546875, 0.06976318359375, 7.31640625, 4.48828125, 3.337890625, 4.984375, 7.90625, 4.59375, 7.95703125, 3.923828125, 1.36328125, 4.99609375, 0.379638671875, 0.11529541015625, 0.1776123046875, 10.484375, 0.30908203125, 2.1171875, 5.16015625, 1.173828125, 0.9375, 0.7451171875, 7.25390625, 3.447265625, 1.970703125, 0.62451171875, 0.02716064453125, 5.23046875, 5.45703125, 0.0021572113037109375, 7.796875, 0.004985809326171875, 2.51171875, 0.79736328125, 8.1171875, 1.5185546875, 0.6982421875, 11.46875, 2.34375, 4.00390625, 6.2421875, 1.923828125, 0.5537109375, 0.449951171875, 5.75, 1.1806640625, 0.87646484375, 3.30078125, 7.02734375, 7.953125, 2.677734375, 10.6796875, 0.054412841796875, 0.48046875, 6.8046875, 9.59375, 4.8828125, 7.6171875, 5.48046875, 6.92578125, 6.5234375, 7.55859375, 7.15625, 1.0439453125, 8.25, 2.69921875, 1.73828125, 0.03662109375, 0.55419921875, 7.421875, 4.703125, 3.169921875, 0.2315673828125, 5.671875, 0.007671356201171875, 0.54443359375, 9.90625, 3.86328125, 2.671875, 0.8515625, 3.138671875, 0.026885986328125, 0.615234375, 0.00948333740234375, 0.357421875, 4.0703125, 0.01508331298828125, 1.6240234375, 0.25927734375, 6.24609375, 9.9921875, 4.5, 2.048828125, 2.126953125, 8.3515625, 3.6796875, 9.078125, 8.9140625, 2.861328125, 8.6875, 0.387939453125, 0.00569915771484375, 6.8671875, 1.5546875, 1.55078125, 0.048675537109375, 0.40380859375, 1.69140625, 1.099609375, 1.89453125, 0.2462158203125, 0.00218963623046875, 0.0212860107421875, 0.0146331787109375, 1.71875, 0.01580810546875, 0.794921875, 0.01488494873046875, 12.4921875, 0.133544921875, 0.0094451904296875, 9.046875, 0.02197265625, 0.00524139404296875, 0.067138671875, 0.07940673828125, 0.97998046875, 0.348388671875, 0.420654296875, 0.026763916015625, 0.00357818603515625, 1.328125, 0.001300811767578125, 0.0019273757934570312, 0.0006203651428222656, 8.828125, 3.970703125, 4.4765625, 0.0030422210693359375, 0.185546875, 0.189697265625, 3.484375, 2.208984375, 6.34765625, 2.529296875, 0.03448486328125, 2.5, 0.0014810562133789062, 0.0047454833984375, 0.0017747879028320312, 0.0160980224609375, 2.271484375, 0.42822265625, 0.0806884765625, 0.000659942626953125, 0.023651123046875, 0.00214385986328125, 0.27392578125, 0.0002142190933227539, 4.40234375, 3.09375, 0.01349639892578125, 0.3642578125, 7.02734375, 0.007404327392578125, 1.6640625]",-1.4638962985712514
381,0,test,3.5242427458866037,1.6196735343753512,2.2189450692879773,5.586725716490696,2.5675506596063804,3.5175322405190093,33.92807171417504,27.21155810659726,30.239284718322036,53.783704592357026,43.136504043980885,47.93613884324914,3.6698089173091715,1.6352351367450328,2.2707285480794646,5.817481181416244,2.5922193360901375,3.59962082337597,39.24440621706139,31.595414935199912,35.19293382262806,62.21130303727345,50.08591344841349,55.78879850291608,3.5242427458866037,1.6196735343753512,2.2189450692879773,5.586725716490696,2.5675506596063804,3.5175322405190093,33.92807171417504,27.21155810659726,30.239284718322036,53.783704592357026,43.136504043980885,47.93613884324914,0.7386934673366834,0.008693467336683414,-0.011306532663316604,0.592964824120603,-0.012035175879396953,-0.0020351758793969443,0.507537688442211,0.002537688442211028,0.002537688442211028,0.4388489208633094,0.13364245766761818,0.19363360985852474,0.40794223826714804,0.4371859296482412,0.11889019029987025,0.18843801645959346,0.4292929292929293,0.4388489208633094,0.13364245766761818,0.19363360985852474,0.40794223826714804,29.0,12.0,11.0,37.0,8.0,7.0,49.0,11.0,7.0,-0.000314294715700933,-0.00012894808232130766,-0.0001298477690537016,0.00023875416349117273,-0.00018498985658865763,-3.328992298534672e-05,"[3.0625, 9.453125, 2.48046875, 1.494140625, 7.81640625, 2.650390625, 0.77783203125, 1.439453125, 8.125, 5.953125, 4.5703125, 7.48828125, 1.513671875, 8.9765625, 3.900390625, 7.59765625, 0.88427734375, 10.4375, 0.55615234375, 0.74951171875, 6.9375, 2.109375, 3.24609375, 6.37109375, 1.4970703125, 0.021881103515625, 8.546875, 6.34375, 5.34375, 5.32421875, 5.98046875, 0.1533203125, 0.01410675048828125, 0.012420654296875, 10.109375, 0.65185546875, 3.015625, 8.09375, 6.36328125, 6.03125, 0.92626953125, 3.369140625, 6.0234375, 4.88671875, 1.833984375, 8.9296875, 2.33203125, 4.1015625, 1.01953125, 2.01953125, 7.67578125, 5.24609375, 4.25, 4.8828125, 6.3984375, 2.197265625, 2.712890625, 1.1787109375, 1.7744140625, 0.363037109375, 0.1246337890625, 2.560546875, 1.3388671875, 2.513671875, 2.150390625, 1.1318359375, 0.966796875, 2.48828125, 8.4921875, 1.39453125, 3.2421875, 4.01171875, 3.7109375, 0.1865234375, 6.49609375, 5.4921875, 6.57421875, 7.51171875, 1.6865234375, 0.97021484375, 5.39453125, 7.234375, 0.092529296875, 7.5078125, 3.62109375, 3.490234375, 1.966796875, 1.361328125, 8.0859375, 0.60498046875, 0.0004906654357910156, 0.7080078125, 0.09869384765625, 0.0338134765625, 4.16015625, 6.96484375, 0.8173828125, 0.84423828125, 5.78125, 6.45703125, 1.431640625, 8.2421875, 1.818359375, 5.58203125, 0.50537109375, 6.58984375, 0.78173828125, 4.32421875, 0.007663726806640625, 0.77880859375, 7.34765625, 2.67578125, 4.3203125, 2.91015625, 1.9326171875, 6.21875, 0.338623046875, 3.498046875, 0.1446533203125, 0.440185546875, 10.953125, 4.03125, 8.4453125, 3.453125, 0.79345703125, 0.99609375, 8.4921875, 7.83984375, 1.78125, 4.19921875, 3.552734375, 0.015960693359375, 3.701171875, 3.345703125, 0.09161376953125, 7.66796875, 7.33203125, 1.8037109375, 7.39453125, 3.318359375, 5.03515625, 0.00945281982421875, 0.56689453125, 10.640625, 0.2138671875, 3.84375, 0.32666015625, 7.41796875, 0.03643798828125, 7.28125, 0.94384765625, 6.41015625, 0.059234619140625, 1.130859375, 7.625, 0.4052734375, 0.568359375, 2.94921875, 7.875, 1.0859375, 2.431640625, 0.038055419921875, 7.84765625, 5.44921875, 5.234375, 8.0859375, 0.1690673828125, 1.609375, 9.0546875, 4.18359375, 5.51171875, 2.845703125, 0.7236328125, 4.38671875, 0.064697265625, 1.6796875, 7.7578125, 0.1756591796875, 4.359375, 1.54296875, 4.51171875, 0.70361328125, 0.166015625, 0.011810302734375, 4.375, 10.0, 0.15771484375, 2.48828125, 8.3515625, 8.6171875, 6.89453125, 1.8828125, 8.546875, 4.83203125, 2.171875, 0.9453125, 5.78125, 0.0123291015625, 1.1259765625, 2.57421875, 1.787109375, 0.312744140625, 3.095703125, 0.8232421875, 0.57421875, 4.2109375, 0.71533203125, 2.369140625, 2.962890625, 0.039398193359375, 6.296875, 8.7890625, 0.024932861328125, 8.2265625, 0.0184326171875, 3.568359375, 2.15625, 4.66796875, 11.1015625, 13.5078125, 2.4921875, 7.62890625, 3.640625, 1.541015625, 5.953125, 1.6337890625, 4.01171875, 0.1910400390625, 0.3388671875, 0.22705078125, 5.0390625, 5.359375, 5.40234375, 2.328125, 12.8359375, 6.19921875, 1.265625, 6.578125, 5.39453125, 2.9609375, 5.18359375, 2.828125, 0.307373046875, 0.5302734375, 4.8046875, 10.0703125, 9.2890625, 6.55859375, 0.005596160888671875, 0.1319580078125, 0.001171112060546875, 0.004459381103515625, 0.00348663330078125, 1.5068359375, 0.0031185150146484375, 0.017059326171875, 3.861328125, 0.47802734375, 5.42578125, 4.8203125, 3.078125, 3.875, 0.0689697265625, 0.334228515625, 0.89013671875, 0.003505706787109375, 0.369140625, 2.599609375, 0.036407470703125, 7.1796875, 3.638671875, 1.431640625, 0.72802734375, 0.49609375, 0.257080078125, 0.52099609375, 4.80078125, 0.021392822265625]",-0.9771577248470389
391,0,test,3.2699436502636603,1.401033890778096,1.9290771074439084,6.690807776693336,2.8667308842074886,3.9471885429236893,26.309856748003472,19.828630297648257,22.487502443641866,53.834014576684034,40.57242814749567,46.01288961545182,3.379696001359566,1.4049350623542423,2.003172631420784,6.91537797201265,2.874713281432526,4.098799384291757,29.361843795817432,22.15694675774634,25.400737436394145,60.078849612980285,45.336521827388665,51.973816600621866,3.2699436502636603,1.401033890778096,1.9290771074439084,6.690807776693336,2.8667308842074886,3.9471885429236893,26.309856748003472,19.828630297648257,22.487502443641866,53.834014576684034,40.57242814749567,46.01288961545182,0.7085427135678393,-0.01645728643216071,-0.011457286432160707,0.5728643216080402,-0.007135678391959832,0.007864321608040292,0.4522613065326633,-0.0027386934673366836,-0.007738693467336688,0.39622641509433965,0.07795899513200444,0.1427759759475391,0.39015151515151514,0.40703517587939697,0.0837269052027052,0.15327891544534022,0.38383838383838387,0.39622641509433965,0.07795899513200444,0.1427759759475391,0.39015151515151514,21.0,6.0,6.0,33.0,7.0,7.0,41.0,6.0,6.0,-0.0008634489331492544,-0.0003210090497013336,-4.547351534026788e-05,0.012255680215954357,0.012226519994211316,0.010499994565634552,"[3.0625, 9.453125, 2.48046875, 1.494140625, 1.81640625, 11.234375, 0.343994140625, 8.5546875, 1.986328125, 2.740234375, 5.87109375, 1.1220703125, 0.63525390625, 7.6328125, 1.177734375, 4.3203125, 2.3203125, 3.990234375, 3.47265625, 14.3125, 2.4296875, 2.166015625, 9.4140625, 8.359375, 4.26953125, 0.035491943359375, 3.009765625, 8.9765625, 2.978515625, 2.41015625, 1.029296875, 4.296875, 5.72265625, 1.2529296875, 6.2421875, 2.46875, 1.76171875, 0.0288543701171875, 0.53662109375, 1.943359375, 0.03277587890625, 0.0033855438232421875, 0.92724609375, 0.1597900390625, 0.01409912109375, 0.0021381378173828125, 1.0166015625, 3.271484375, 0.046844482421875, 0.544921875, 0.020904541015625, 0.52685546875, 0.0718994140625, 1.8154296875, 5.07421875, 0.13623046875, 7.6796875, 3.1953125, 0.044830322265625, 0.0276947021484375, 2.154296875, 6.53515625, 1.6611328125, 3.048828125, 4.66796875, 5.40625, 0.44140625, 0.82080078125, 4.859375, 0.0003745555877685547, 0.069091796875, 1.8505859375, 7.39453125, 7.609375, 3.259765625, 2.736328125, 3.10546875, 2.208984375, 7.38671875, 4.26953125, 6.796875, 0.285888671875, 0.88623046875, 1.9453125, 6.56640625, 2.6484375, 5.58984375, 9.2421875, 7.27734375, 0.60498046875, 7.69140625, 6.921875, 0.1859130859375, 4.84765625, 0.6123046875, 5.32421875, 1.5478515625, 3.154296875, 0.465087890625, 0.6796875, 4.36328125, 6.44140625, 1.1806640625, 12.1953125, 6.1640625, 4.87890625, 0.25439453125, 5.0859375, 2.78125, 0.189208984375, 5.9765625, 6.2109375, 6.9453125, 1.365234375, 7.5625, 6.3515625, 7.2578125, 0.732421875, 10.828125, 1.2294921875, 0.318359375, 2.884765625, 3.408203125, 0.701171875, 7.03515625, 4.734375, 0.1064453125, 7.51171875, 1.3271484375, 6.9921875, 0.4794921875, 4.25390625, 2.197265625, 2.40625, 0.7529296875, 9.484375, 3.2578125, 3.376953125, 3.578125, 4.55859375, 0.3779296875, 0.671875, 6.08984375, 7.43359375, 0.63818359375, 0.72900390625, 6.046875, 0.29833984375, 0.4091796875, 6.51953125, 1.9814453125, 2.173828125, 3.0390625, 0.7451171875, 9.90625, 2.384765625, 0.896484375, 7.0234375, 0.708984375, 2.013671875, 4.8125, 2.806640625, 2.447265625, 2.333984375, 1.0205078125, 2.10546875, 1.6416015625, 2.5234375, 7.3515625, 2.70703125, 0.0309906005859375, 0.267333984375, 10.75, 0.55078125, 0.00897979736328125, 1.228515625, 0.42724609375, 5.68359375, 0.0736083984375, 1.986328125, 3.453125, 1.46875, 1.025390625, 0.1600341796875, 5.33984375, 6.24609375, 7.703125, 5.5703125, 3.455078125, 0.44775390625, 0.294677734375, 4.7578125, 0.239501953125, 3.37890625, 6.33984375, 4.12109375, 8.7578125, 3.234375, 3.595703125, 11.6171875, 4.32421875, 1.705078125, 4.625, 0.728515625, 2.001953125, 8.6875, 3.47265625, 6.46875, 3.99609375, 4.7890625, 3.208984375, 0.94287109375, 0.2091064453125, 2.798828125, 6.62890625, 2.361328125, 0.55224609375, 8.015625, 5.29296875, 5.9375, 2.248046875, 7.63671875, 6.08984375, 4.53515625, 0.0026569366455078125, 0.134521484375, 0.00024628639221191406, 0.0038547515869140625, 0.002941131591796875, 8.671875, 11.453125, 0.13916015625, 3.08203125, 0.0002753734588623047, 0.38330078125, 4.484375, 2.78125, 1.822265625, 0.372314453125, 0.13818359375, 0.214111328125, 4.078125, 2.0703125, 6.8046875, 0.09259033203125, 5.4296875, 0.96142578125, 4.28515625, 2.275390625, 1.75390625, 5.421875, 1.51171875, 10.8828125, 3.025390625, 0.493896484375, 0.0024662017822265625, 0.006061553955078125, 0.006145477294921875, 2.2292137145996094e-05, 0.7666015625, 0.1580810546875, 0.005535125732421875, 0.00012409687042236328, 0.00015974044799804688, 1.4228515625]",-1.26349026392091
343,0,test,3.964501262607431,1.810073155848555,2.4936153130255696,6.785396391770411,3.098009824433104,4.267918516524533,52.69398237565968,44.07102501811138,48.3408923241663,90.18777752757137,75.4292543579214,82.7372964779,4.145438213444235,1.9016739330676575,2.60522432047091,7.095076942241095,3.2547880777504137,4.458941625421366,63.1452869533866,53.71652989887926,58.47969885260549,108.075587285604,91.9379069423126,100.09025380542093,3.990172465044753,1.833193243033366,2.5149755342786477,6.829333642095828,3.1375807428840305,4.304477356746148,54.06421274619547,45.419229146815745,49.69231609707855,92.53297950791149,77.73675757820388,85.05031024307677,0.7738693467336684,0.008869346733668348,0.003869346733668344,0.6482412060301508,-0.006758793969849242,-0.006758793969849242,0.5477386934673367,0.0027386934673367946,-0.01226130653266333,0.45112781954887216,0.1265499583856451,0.1936278195488722,0.4339622641509434,0.4522613065326633,0.13145930152013197,0.18848835160778854,0.43939393939393945,0.443609022556391,0.12465967921680376,0.18485902255639097,0.42641509433962266,23.0,-1.0,0.0,39.0,-1.0,0.0,43.0,-3.0,-2.0,-0.0005047388735269681,-0.00021925602422893765,6.734114415388832e-05,0.00015559510116602837,-0.0002314721571865519,-7.534460660885145e-05,"[5.77734375, 14.4453125, 3.505859375, 2.158203125, 10.671875, 1.791015625, 2.765625, 2.068359375, 0.26416015625, 7.2578125, 2.0078125, 2.787109375, 2.373046875, 5.3828125, 0.03387451171875, 5.0234375, 7.60546875, 2.482421875, 6.7109375, 5.5703125, 1.7734375, 7.90234375, 3.05859375, 3.55859375, 4.01953125, 0.94140625, 4.02734375, 0.0374755859375, 0.1783447265625, 3.626953125, 8.8984375, 8.46875, 0.58056640625, 6.9765625, 6.47265625, 4.671875, 5.87109375, 4.8359375, 1.203125, 6.953125, 7.99609375, 4.47265625, 0.7392578125, 6.1875, 4.3125, 1.6259765625, 7.34375, 1.5302734375, 5.359375, 4.4609375, 10.453125, 1.4521484375, 7.17578125, 4.6875, 1.78515625, 2.919921875, 1.7724609375, 7.29296875, 0.75537109375, 2.451171875, 1.9228515625, 0.3095703125, 1.2470703125, 3.216796875, 1.1376953125, 4.74609375, 0.0068206787109375, 1.998046875, 0.689453125, 7.15625, 6.44921875, 12.921875, 8.9921875, 9.1875, 4.66015625, 4.76171875, 3.73046875, 0.15966796875, 11.453125, 0.0112457275390625, 1.1748046875, 7.98046875, 0.0810546875, 2.015625, 0.003215789794921875, 0.154541015625, 4.73828125, 5.5546875, 0.0009636878967285156, 1.6767578125, 0.08258056640625, 3.044921875, 5.359375, 7.26953125, 7.46875, 8.3125, 1.4775390625, 0.0360107421875, 0.998046875, 7.45703125, 0.208740234375, 4.74609375, 0.73876953125, 5.50390625, 1.564453125, 7.16796875, 1.5361328125, 6.54296875, 2.162109375, 0.0625, 6.79296875, 0.94580078125, 2.89453125, 9.78125, 1.279296875, 12.171875, 5.20703125, 8.8046875, 3.00390625, 2.86328125, 0.90673828125, 5.5390625, 1.2861328125, 4.16796875, 3.48046875, 3.830078125, 2.212890625, 6.171875, 10.21875, 13.171875, 4.69140625, 0.12353515625, 4.6875, 3.3125, 7.1640625, 5.1171875, 2.525390625, 13.7578125, 0.3828125, 4.2734375, 4.7109375, 1.7626953125, 0.0037288665771484375, 0.00336456298828125, 0.70703125, 4.92578125, 3.048828125, 0.022552490234375, 11.3125, 1.2333984375, 5.453125, 1.248046875, 4.94921875, 0.912109375, 0.1522216796875, 8.3828125, 0.76220703125, 5.07421875, 1.6533203125, 0.10137939453125, 0.000995635986328125, 0.0009541511535644531, 13.0234375, 6.03125, 1.837890625, 5.203125, 9.1171875, 0.93798828125, 4.734375, 2.826171875, 5.19921875, 5.921875, 4.30859375, 9.140625, 13.3046875, 1.6376953125, 6.59375, 1.9931640625, 1.1455078125, 0.05810546875, 3.869140625, 2.416015625, 3.7578125, 1.2763671875, 7.0546875, 9.8515625, 6.9921875, 4.37109375, 11.03125, 0.0775146484375, 0.395751953125, 4.5859375, 2.384765625, 5.6484375, 6.3359375, 6.19921875, 0.2296142578125, 0.486572265625, 11.1171875, 10.3203125, 2.240234375, 7.74609375, 0.74853515625, 1.28515625, 2.28125, 3.3984375, 4.79296875, 0.09820556640625, 0.1016845703125, 4.45703125, 0.89013671875, 2.8515625, 4.92578125, 6.00390625, 0.08135986328125, 0.033721923828125, 8.1484375, 3.470703125, 2.248046875, 1.9970703125, 3.71875, 7.1796875, 0.0044403076171875, 8.4765625, 3.98046875, 5.046875, 2.41015625, 1.36328125, 1.2890625, 7.453125, 3.19140625, 2.552734375, 6.3203125, 4.1015625, 0.60693359375, 3.822265625, 0.36376953125, 0.67431640625, 0.68359375, 1.841796875, 4.90234375, 1.845703125, 5.015625, 1.6298828125, 5.9609375, 3.61328125, 0.042724609375, 0.00847625732421875, 5.76171875, 0.46533203125, 1.333984375, 4.26171875, 2.572265625, 2.150390625, 2.453125, 0.15185546875, 12.4765625, 0.55078125, 9.15625, 0.01099395751953125, 10.6875, 1.1669921875, 5.61328125, 5.83203125, 3.572265625, 2.4453125]",-0.7551790466882231
424,0,test,3.7276671763622398,1.7073770526444685,2.3441454689199346,6.6745392009188755,3.057127830748542,4.197287495025559,41.58199147739753,34.04147917959232,37.59306673109125,74.45424149669152,60.95264853102679,67.31191002526474,3.882284279444709,1.7421090686425305,2.4362435681055006,6.951387392248972,3.1193169134477743,4.3621928753240375,48.534955943855,40.03402899121486,44.288686959480394,86.90380625082146,71.68255190994553,79.30068948825881,3.7276671763622398,1.7073770526444685,2.3441454689199346,6.6745392009188755,3.057127830748542,4.197287495025559,41.58199147739753,34.04147917959232,37.59306673109125,74.45424149669152,60.95264853102679,67.31191002526474,0.8291457286432161,0.009145728643216056,-0.005854271356783847,0.6582914572864322,-0.01670854271356781,0.003291457286432209,0.5326633165829145,0.002663316582914521,0.01266331658291453,0.41666666666666663,0.08396345305608066,0.14462636439966414,0.41825095057034223,0.4170854271356784,0.07372703114570345,0.14329577771998558,0.4242424242424242,0.41666666666666663,0.08396345305608066,0.14462636439966414,0.41825095057034223,27.0,7.0,8.0,39.0,9.0,8.0,48.0,10.0,9.0,-0.0005358447371957862,-0.0001098609516248959,7.890045863259057e-05,0.005816369885527806,0.005433770901363211,0.00473170139718615,"[3.0625, 9.453125, 2.48046875, 1.494140625, 9.8203125, 2.5859375, 0.64892578125, 11.0078125, 9.328125, 6.09375, 1.9853515625, 1.953125, 2.39453125, 2.974609375, 0.82666015625, 1.595703125, 3.154296875, 8.078125, 0.0049591064453125, 1.5546875, 1.0859375, 0.04833984375, 1.416015625, 3.236328125, 2.96875, 1.94921875, 5.15234375, 0.1910400390625, 0.486328125, 5.6796875, 2.435546875, 2.76953125, 7.26953125, 7.3515625, 3.26171875, 2.966796875, 6.21875, 7.44921875, 1.5048828125, 5.68359375, 1.8017578125, 7.39453125, 3.529296875, 3.19921875, 0.72509765625, 2.927734375, 9.8515625, 4.75, 5.0625, 5.484375, 7.4140625, 0.09552001953125, 0.0733642578125, 0.00308990478515625, 7.17578125, 2.17578125, 0.8916015625, 3.83203125, 5.3984375, 2.576171875, 3.890625, 6.828125, 3.478515625, 1.580078125, 4.21484375, 0.117919921875, 0.169677734375, 0.053070068359375, 5.171875, 5.01953125, 1.052734375, 0.93896484375, 6.515625, 0.61962890625, 5.9453125, 1.5546875, 1.8125, 4.125, 8.203125, 6.98046875, 4.81640625, 3.099609375, 3.373046875, 4.58984375, 2.4921875, 6.40234375, 10.7734375, 1.5341796875, 3.10546875, 1.978515625, 2.21875, 1.5771484375, 2.68359375, 3.5078125, 4.01171875, 3.5546875, 3.134765625, 0.916015625, 4.390625, 11.7734375, 1.4814453125, 8.7578125, 3.326171875, 1.96484375, 4.0078125, 1.15234375, 1.2431640625, 6.5703125, 1.517578125, 1.42578125, 5.375, 10.078125, 4.62109375, 0.354736328125, 7.58984375, 1.7529296875, 5.4453125, 6.90625, 3.494140625, 3.84375, 4.53125, 2.203125, 11.5546875, 0.050994873046875, 6.42578125, 8.515625, 2.265625, 1.640625, 1.697265625, 0.2763671875, 2.78515625, 0.261474609375, 7.09375, 2.498046875, 1.9921875, 4.58984375, 2.30859375, 6.0859375, 10.3671875, 0.744140625, 5.62109375, 3.1015625, 0.18994140625, 7.0078125, 11.0078125, 6.16796875, 2.080078125, 8.21875, 1.91015625, 10.90625, 3.158203125, 9.234375, 0.7734375, 1.1484375, 5.96875, 3.55859375, 4.25390625, 2.94140625, 0.58935546875, 1.6376953125, 6.6953125, 2.6875, 1.9208984375, 1.8115234375, 2.427734375, 0.72607421875, 6.10546875, 0.29052734375, 5.42578125, 10.3046875, 8.3515625, 0.8671875, 2.93359375, 5.41015625, 4.74609375, 1.3876953125, 8.0703125, 10.140625, 6.08203125, 6.703125, 1.619140625, 0.45361328125, 1.46875, 6.6328125, 2.88671875, 5.890625, 9.09375, 1.7705078125, 5.07421875, 5.19921875, 2.994140625, 4.71484375, 3.57421875, 0.03125, 0.0841064453125, 0.01358795166015625, 2.47265625, 1.7490234375, 7.45703125, 1.3232421875, 7.2109375, 0.1676025390625, 9.34375, 8.3203125, 0.43701171875, 0.0134735107421875, 0.005645751953125, 7.1640625, 2.068359375, 0.53955078125, 3.564453125, 5.23828125, 0.257080078125, 10.5390625, 6.70703125, 1.0234375, 3.052734375, 4.953125, 1.9189453125, 5.65234375, 0.248779296875, 3.9140625, 0.042816162109375, 0.006542205810546875, 0.0013704299926757812, 6.64453125, 4.80859375, 1.02734375, 2.388671875, 3.5234375, 2.064453125, 5.03515625, 3.50390625, 0.8974609375, 4.26171875, 5.66796875, 0.038482666015625, 0.061187744140625, 0.0180816650390625, 0.90625, 3.990234375, 0.8154296875, 6.390625, 0.205322265625, 3.505859375, 0.98583984375, 2.421875, 1.3837890625, 7.28515625, 2.66015625, 5.64453125, 0.65283203125, 4.8671875, 0.377197265625, 5.953125, 1.837890625, 1.34375, 5.0, 2.826171875, 5.22265625, 5.28515625, 6.1640625, 2.384765625, 5.609375]",-0.8090559605396157
371,0,test,2.9655929277729056,1.287234675528225,1.7196442840279234,5.377009399345824,2.3339254975486505,3.117940898818306,19.40620630957775,14.049452000895677,15.929975369182195,35.18600032898188,25.473501355159335,28.88313715927479,3.8040194373633995,1.657155346716383,2.3149344884829537,6.897186757643739,3.004640249854452,4.197280208916062,44.88121968213832,36.32324045535395,40.44818247529218,81.3755447772104,65.85880466400033,73.33786620520146,3.2348511274841716,1.4334673674649552,1.9776722617215183,5.865209872559685,2.599064570302621,3.5857795048385106,25.402589749890627,19.34456523060596,21.887099933908228,46.058230910155224,35.074236958522924,39.6841862438033,0.7537688442211055,-0.0012311557788945438,-0.006231155778894548,0.6080402010050252,-0.001959798994974782,0.02304020100502524,0.5025125628140703,-0.007487437185929702,-0.012487437185929706,0.3966480446927374,0.10655041568297452,0.15129125094884688,0.3025210084033614,0.42713567839195976,0.103827407715268,0.16002382530347892,0.38888888888888884,0.4046822742474916,0.10418143952295067,0.1599659227458231,0.34563758389261745,26.0,13.0,13.0,37.0,15.0,16.0,46.0,14.0,14.0,-0.001953928682705355,-0.0009011249597378162,-0.0007429596186538936,0.017841715181173612,0.01759770692841922,0.019265861195753686,"[3.056640625, 9.4453125, 2.4296875, 1.0791015625, 6.80078125, 9.015625, 9.03125, 8.7265625, 4.85546875, 3.546875, 6.8359375, 3.0390625, 0.869140625, 11.421875, 5.2109375, 1.5986328125, 13.2109375, 6.01171875, 13.8359375, 0.01059722900390625, 0.018341064453125, 9.3125, 0.6259765625, 0.493896484375, 8.9140625, 0.45947265625, 0.4580078125, 9.15625, 1.24609375, 4.2109375, 2.3046875, 1.51171875, 2.087890625, 2.169921875, 8.9296875, 2.947265625, 7.15234375, 1.71484375, 4.23828125, 0.9375, 7.00390625, 11.2421875, 0.2393798828125, 1.7880859375, 3.392578125, 0.0277862548828125, 1.056640625, 7.1015625, 2.068359375, 4.77734375, 0.03533935546875, 7.5546875, 5.8671875, 4.91796875, 4.83203125, 4.24609375, 5.68359375, 1.48046875, 2.142578125, 0.2437744140625, 4.6953125, 1.8154296875, 4.08203125, 0.77490234375, 0.2464599609375, 0.6337890625, 1.1904296875, 6.47265625, 3.244140625, 7.47265625, 0.9736328125, 7.78125, 0.127685546875, 4.7578125, 3.361328125, 3.486328125, 3.748046875, 1.146484375, 5.2109375, 2.068359375, 5.21484375, 9.4140625, 6.23828125, 1.6943359375, 4.34375, 4.2734375, 6.16796875, 2.970703125, 4.6171875, 2.869140625, 5.62890625, 1.1396484375, 2.990234375, 1.84765625, 0.2432861328125, 5.3125, 1.447265625, 8.2578125, 0.006744384765625, 6.7578125, 4.58203125, 0.056976318359375, 6.06640625, 3.595703125, 0.83935546875, 10.328125, 0.11688232421875, 7.04296875, 2.466796875, 4.04296875, 1.1904296875, 6.921875, 0.89697265625, 5.80078125, 3.6015625, 9.921875, 1.177734375, 6.515625, 0.08551025390625, 0.332763671875, 2.5703125, 0.79736328125, 7.18359375, 0.763671875, 0.13818359375, 5.30859375, 0.91796875, 0.83642578125, 1.1220703125, 13.265625, 7.3203125, 3.271484375, 6.32421875, 2.044921875, 4.3671875, 8.7265625, 1.6953125, 2.431640625, 1.0341796875, 6.80078125, 3.029296875, 0.82861328125, 4.96875, 1.8515625, 3.078125, 6.06640625, 9.9140625, 1.703125, 7.5546875, 8.6328125, 4.9765625, 1.822265625, 2.58984375, 1.60546875, 8.8203125, 1.62109375, 2.162109375, 7.9765625, 3.13671875, 9.15625, 10.25, 0.8017578125, 2.259765625, 1.1796875, 6.23046875, 2.9375, 5.0703125, 3.689453125, 4.62890625, 0.64892578125, 1.8232421875, 8.082389831542969e-05, 6.37890625, 0.00624847412109375, 0.1671142578125, 0.0003941059112548828, 0.00244140625, 0.002803802490234375, 1.5771484375, 0.0027713775634765625, 0.005184173583984375, 3.126953125, 9.171875, 8.28125, 3.41796875, 1.44140625, 0.00395965576171875, 0.00406646728515625, 9.2109375, 5.171875, 1.4697265625, 0.0009288787841796875, 0.01332855224609375, 5.24609375, 6.23046875, 3.08984375, 1.4228515625, 0.6376953125, 0.8154296875, 0.0002474784851074219, 0.01300811767578125, 7.00390625, 1.7783203125, 2.94921875, 2.240234375, 2.916015625, 0.446044921875, 0.0205535888671875, 0.062408447265625, 0.78466796875, 0.00792694091796875, 3.091796875, 0.0023651123046875, 0.020538330078125, 0.00396728515625, 0.015350341796875, 3.55078125, 0.08880615234375, 0.0004241466522216797, 0.00970458984375, 0.0021209716796875, 0.200927734375, 0.0005135536193847656, 8.109375, 0.1297607421875, 8.6015625, 1.3232421875, 0.330078125, 5.21875, 5.69140625, 0.06390380859375, 0.033966064453125, 2.33984375, 0.02691650390625, 0.184814453125, 0.0005173683166503906, 0.057464599609375, 0.00482940673828125, 0.494873046875, 0.1685791015625, 0.001094818115234375, 0.00045943260192871094, 0.0005755424499511719, 4.390625, 0.8369140625, 7.546875, 5.875, 1.6171875, 3.333984375, 0.2200927734375, 0.446044921875, 1.4208984375, 2.66796875, 0.7587890625, 1.9609375, 9.0703125, 3.072265625, 3.623046875, 1.1181640625, 1.1455078125, 7.7421875, 0.77001953125, 1.3896484375, 3.16015625, 2.263671875, 0.175537109375, 0.004116058349609375, 0.09613037109375, 0.12158203125, 0.7421875, 0.427734375, 0.861328125, 5.21484375, 4.84765625, 1.65625, 2.10546875, 3.845703125, 5.359375, 5.05859375, 2.138671875, 1.970703125, 0.0023860931396484375, 10.5234375, 2.544921875, 9.8046875, 0.150390625, 3.9609375, 3.7421875, 0.1517333984375, 0.0021514892578125, 0.1202392578125, 3.421875, 1.0390625, 7.1328125, 2.6875, 3.103515625, 0.027801513671875, 5.00390625, 0.40283203125, 4.8984375, 8.6953125, 3.005859375, 10.9765625, 1.49609375, 0.0882568359375, 2.298828125, 0.1708984375, 0.00749969482421875, 0.03143310546875, 0.3828125, 2.087890625, 0.0017976760864257812, 1.4111328125, 0.1212158203125, 3.33203125, 0.2109375, 0.70751953125, 0.48681640625, 1.85546875, 1.5849609375, 0.892578125, 0.271728515625, 4.8984375, 1.912109375, 0.62646484375, 0.49658203125, 1.369140625, 1.1552734375, 0.5166015625, 1.658203125, 0.036865234375, 1.7822265625, 0.022186279296875, 0.0731201171875, 1.3876953125, 0.01177215576171875, 0.003093719482421875, 0.002941131591796875, 0.80419921875, 0.373779296875, 0.0006422996520996094, 8.2890625, 6.87109375, 0.06341552734375, 0.54150390625, 0.185791015625, 0.032318115234375, 0.0012712478637695312, 0.030242919921875, 0.51708984375, 0.1483154296875, 9.0078125, 1.73828125, 0.45849609375, 0.615234375, 0.18408203125, 0.025482177734375, 0.188232421875]",-1.4110936452556588
91,0,test,4.041202354080537,1.8774458547025774,2.5707895917231003,6.377157472046165,2.962674672449732,4.056795136071713,56.89470928274341,48.19093724392107,52.54367857058421,89.78182447508065,76.04697033289278,82.91574710849417,4.333799505952615,1.9559201385162321,2.713680208706908,6.8388859255784045,3.0865098139591414,4.282281485416103,76.23338620818097,65.45137229500475,71.17969303590124,120.29892736897924,103.28453547130806,112.32402427052624,4.041202354080537,1.8774458547025774,2.5707895917231003,6.377157472046165,2.962674672449732,4.056795136071713,56.89470928274341,48.19093724392107,52.54367857058421,89.78182447508065,76.04697033289278,82.91574710849417,0.8241206030150754,-0.015879396984924576,-0.015879396984924576,0.6834170854271358,-0.006582914572864196,-0.0015829145728643024,0.5728643216080402,-0.022135678391959734,-0.012135678391959726,0.44485294117647056,0.11457771181867238,0.18812922479505245,0.41697416974169743,0.44723618090452266,0.10638405057870814,0.17845487873423882,0.4444444444444444,0.44485294117647056,0.11457771181867238,0.18812922479505245,0.41697416974169743,24.0,3.0,3.0,36.0,6.0,4.0,45.0,3.0,2.0,-0.0005329711167831467,-0.0003977236488103462,5.1557749539583864e-05,0.00019717463232815646,-0.00020823100688893703,-5.431726479621091e-05,"[3.0625, 9.453125, 2.48046875, 1.494140625, 3.81640625, 4.921875, 10.2109375, 0.6328125, 0.77685546875, 2.529296875, 8.4609375, 2.6875, 5.125, 6.7265625, 7.265625, 7.0, 3.587890625, 2.064453125, 0.0228729248046875, 10.640625, 5.56640625, 0.151123046875, 4.3984375, 2.25, 7.0078125, 1.880859375, 6.84765625, 1.3603515625, 0.34033203125, 8.453125, 0.076416015625, 5.37890625, 5.76953125, 1.6181640625, 1.92578125, 5.30078125, 10.1328125, 3.650390625, 1.701171875, 9.84375, 4.33984375, 2.60546875, 9.5546875, 6.75390625, 7.19140625, 1.447265625, 2.43359375, 9.21875, 0.1688232421875, 0.09759521484375, 10.5625, 7.83203125, 1.0234375, 3.462890625, 2.001953125, 11.1015625, 0.2939453125, 7.1015625, 3.845703125, 2.529296875, 8.9765625, 9.25, 0.9375, 4.73828125, 2.91796875, 1.0302734375, 3.0390625, 1.130859375, 2.20703125, 0.1939697265625, 0.2003173828125, 5.98828125, 2.109375, 6.18359375, 4.70703125, 4.9296875, 11.9921875, 4.734375, 2.740234375, 4.671875, 1.1630859375, 0.7060546875, 6.48828125, 4.44140625, 0.02716064453125, 8.2734375, 4.36328125, 7.125, 4.109375, 3.583984375, 2.560546875, 1.14453125, 7.7890625, 0.01055908203125, 4.171875, 4.4765625, 3.15625, 3.3671875, 1.359375, 3.28515625, 9.828125, 10.875, 0.381103515625, 6.7578125, 7.1015625, 4.10546875, 1.9189453125, 3.162109375, 0.98388671875, 13.1015625, 3.07421875, 4.91796875, 4.85546875, 4.60546875, 2.634765625, 1.48828125, 1.1357421875, 3.306640625, 0.449462890625, 5.78515625, 5.99609375, 2.4765625, 2.494140625, 6.40625, 0.4140625, 0.7109375, 3.068359375, 0.369140625, 0.007381439208984375, 4.83984375, 5.875, 6.08203125, 4.109375, 11.0, 3.513671875, 4.03515625, 1.4375, 4.67578125, 0.00749969482421875, 7.43359375, 1.43359375, 8.3359375, 1.4169921875, 5.359375, 0.095703125, 2.634765625, 3.337890625, 8.3671875, 9.0078125, 9.078125, 1.2890625, 8.6171875, 15.015625, 9.4140625, 1.5849609375, 1.6630859375, 0.91455078125, 5.7578125, 6.55078125, 0.2410888671875, 2.345703125, 1.0048828125, 2.16015625, 4.6875, 1.6015625, 8.9921875, 5.04296875, 0.11566162109375, 7.2421875, 7.9765625, 11.6796875, 4.671875, 1.3330078125, 7.140625, 4.89453125, 3.390625, 2.23828125, 5.328125, 8.3671875, 9.171875, 10.2890625, 6.35546875, 1.025390625, 8.734375, 3.26953125, 0.7744140625, 8.96875, 0.104736328125, 2.94921875, 0.2093505859375, 6.23828125, 10.171875, 1.5732421875, 0.11767578125, 6.546875, 0.395751953125, 0.4482421875, 1.3828125, 7.4296875, 3.240234375, 9.78125, 9.0390625, 2.267578125, 10.46875, 6.48828125, 0.0060272216796875, 0.0640869140625, 0.0038738250732421875, 0.012359619140625, 0.0115509033203125, 1.677734375, 0.0038967132568359375, 0.02252197265625, 4.40625, 3.83203125, 1.06640625, 4.41796875, 5.3984375, 9.8359375, 2.6015625, 8.265625, 2.408203125, 6.328125, 2.83203125, 7.12890625, 0.19384765625, 0.8681640625, 6.44140625, 3.9140625, 3.58203125, 0.2442626953125, 5.09765625, 3.6875, 1.9609375, 1.6044921875, 4.07421875, 5.4140625, 1.138671875, 7.02734375, 1.8125, 4.13671875, 0.002391815185546875, 0.0093536376953125, 2.5390625, 12.125, 3.5703125, 5.546875, 5.02734375, 5.7734375, 1.1025390625, 2.974609375, 1.1533203125, 0.0024356842041015625, 0.0073394775390625, 0.004596710205078125, 0.0141754150390625, 9.875, 1.9658203125, 0.0006155967712402344, 0.011138916015625, 0.0006265640258789062, 0.22119140625, 0.0014085769653320312, 0.6865234375, 7.83203125, 8.0625, 10.5234375, 0.0150146484375, 0.1309814453125, 0.007244110107421875, 0.5751953125, 0.271728515625]",-1.1998683932949517
282,0,test,3.7543037805597153,1.7184794981265696,2.36148884141496,6.774683513791967,3.101015635717118,4.261333247666093,42.70447777064946,35.04591542782642,38.67831023754507,77.06071176658548,63.24074964419805,69.7954470451941,3.7672874052919934,1.664458061897764,2.3284735292609553,6.798112611053221,3.00353334477792,4.201756744531047,43.262551756280544,35.07324422811977,39.046859239904244,78.06776256772429,63.29006477254695,70.46049787651893,3.7543037805597153,1.7184794981265696,2.36148884141496,6.774683513791967,3.101015635717118,4.261333247666093,42.70447777064946,35.04591542782642,38.67831023754507,77.06071176658548,63.24074964419805,69.7954470451941,0.7537688442211055,-0.006231155778894548,0.008768844221105465,0.5879396984924623,-0.002060301507537776,0.0029396984924623393,0.507537688442211,0.002537688442211028,0.002537688442211028,0.4393305439330544,0.12617814309798125,0.18759201820287352,0.4159663865546218,0.44221105527638194,0.13143411292049223,0.1884547948423252,0.40909090909090906,0.4393305439330544,0.12617814309798125,0.18759201820287352,0.4159663865546218,22.0,4.0,5.0,32.0,3.0,3.0,43.0,4.0,5.0,-0.0001430864573240944,3.34859526903426e-05,-0.00010949579795710172,-3.151278906887711e-05,5.1862244922595835e-05,7.525089254567519e-05,"[3.0625, 9.453125, 2.48046875, 1.494140625, 1.81640625, 12.234375, 4.359375, 5.921875, 0.058074951171875, 0.931640625, 7.6796875, 3.21484375, 2.791015625, 6.60546875, 2.90234375, 1.546875, 1.0478515625, 7.28125, 6.3125, 1.5341796875, 1.15234375, 10.25, 4.54296875, 0.18603515625, 4.83203125, 2.64453125, 0.95947265625, 13.2578125, 4.0703125, 0.491455078125, 5.8671875, 7.3828125, 1.1748046875, 1.66796875, 6.54296875, 0.5283203125, 0.408447265625, 3.9921875, 0.17138671875, 0.196044921875, 10.640625, 0.65576171875, 7.234375, 2.3984375, 3.267578125, 1.359375, 0.3115234375, 5.85546875, 8.65625, 1.1806640625, 4.296875, 6.64453125, 2.91015625, 1.529296875, 6.59765625, 0.705078125, 4.59765625, 5.26171875, 2.509765625, 0.68310546875, 0.822265625, 4.28515625, 5.5234375, 5.05078125, 0.54833984375, 7.83984375, 1.48828125, 1.712890625, 7.375, 0.06427001953125, 7.88671875, 6.19140625, 15.5234375, 3.98046875, 8.0859375, 1.431640625, 1.490234375, 7.875, 1.6728515625, 8.9453125, 1.552734375, 5.05859375, 7.09375, 3.251953125, 7.4609375, 0.2685546875, 6.11328125, 1.462890625, 5.1640625, 3.05859375, 1.1181640625, 5.7265625, 5.18359375, 1.4814453125, 2.5, 1.4013671875, 2.4375, 6.94140625, 5.62890625, 1.5546875, 0.0008630752563476562, 0.051513671875, 3.6171875, 7.22265625, 0.29638671875, 7.078125, 12.3828125, 4.0546875, 0.52587890625, 6.46484375, 1.1845703125, 2.6640625, 1.3115234375, 3.2578125, 5.609375, 1.90625, 0.7802734375, 5.2421875, 0.0526123046875, 5.7109375, 1.4912109375, 4.0, 5.2265625, 0.5205078125, 9.2734375, 5.75, 3.361328125, 2.341796875, 3.921875, 8.5078125, 7.4140625, 9.109375, 1.490234375, 6.76953125, 2.84375, 0.068603515625, 9.4453125, 3.59765625, 0.057830810546875, 3.345703125, 0.1619873046875, 3.669921875, 1.6591796875, 2.2890625, 0.337890625, 9.171875, 1.654296875, 0.892578125, 4.0859375, 2.62109375, 3.83984375, 10.078125, 5.28125, 2.82421875, 8.7421875, 2.767578125, 0.3583984375, 9.6875, 0.04632568359375, 0.042449951171875, 4.4375, 0.391845703125, 0.880859375, 0.325927734375, 4.25, 0.21875, 5.13671875, 1.4873046875, 0.064453125, 3.736328125, 0.59130859375, 3.45703125, 0.6767578125, 8.859375, 0.33251953125, 6.81640625, 1.263671875, 0.2073974609375, 0.341552734375, 1.302734375, 0.1634521484375, 7.71484375, 3.5859375, 7.81640625, 3.501953125, 9.5390625, 4.8515625, 1.896484375, 0.404541015625, 7.76953125, 2.90625, 0.0604248046875, 0.148193359375, 0.12017822265625, 6.22265625, 9.71875, 2.68359375, 0.36376953125, 3.50390625, 0.10968017578125, 0.222412109375, 7.04296875, 4.7421875, 6.03515625, 2.486328125, 4.91015625, 1.021484375, 5.32421875, 1.37890625, 1.5478515625, 10.390625, 2.345703125, 0.2183837890625, 6.01171875, 4.91796875, 0.7236328125, 4.734375, 6.578125, 0.25244140625, 2.35546875, 9.140625, 4.453125, 0.287353515625, 0.1903076171875, 7.38671875, 4.4140625, 1.6748046875, 4.76953125, 0.978515625, 0.38232421875, 8.3046875, 4.30859375, 2.578125, 4.9296875, 0.042236328125, 6.875, 7.71875, 5.25, 1.736328125]",-0.6997253026922379
194,0,test,3.263249300947093,1.4055196520043862,1.9224971357123233,5.3139250911597475,2.288769706542662,3.1306237510506687,26.134317592232293,19.725148415339735,22.312400454523456,42.55752263653128,32.120733485088756,36.333854292065524,3.3323612860099754,1.3229976377220423,1.8718055084841134,5.426468105087283,2.1543895958533805,3.0480767296626547,28.004390067492857,20.54582050415488,23.696036718460274,45.60277726837635,33.45712847124675,38.58698875465116,3.2413196455348623,1.3729879883976728,1.9091056864069642,5.27821450475076,2.2357946477732593,3.10881691010533,25.567439452059883,19.089958731124163,21.77801571551827,41.634409599529214,31.086380884562846,35.46365400669095,0.6733668341708543,0.0033668341708543714,0.0033668341708543714,0.5778894472361809,-0.002110552763819218,-0.002110552763819218,0.49246231155778897,-0.002537688442211028,-0.007537688442211032,0.45791245791245794,0.13186203774439076,0.1947545631756158,0.4695945945945946,0.46733668341708545,0.13650961574791254,0.1985553812468016,0.48484848484848486,0.4612794612794613,0.1352290411113941,0.19476210405661698,0.4797297297297297,20.0,6.0,3.0,32.0,6.0,4.0,41.0,6.0,5.0,-0.00013793952107448346,0.00013221656416783639,-8.003997890567874e-05,0.004160596115041493,0.005133100287788572,0.005617563974111839,"[3.056640625, 6.44140625, 0.03302001953125, 0.005214691162109375, 0.009490966796875, 0.62646484375, 7.7578125, 2.99609375, 7.39453125, 3.388671875, 9.6953125, 5.37109375, 3.283203125, 0.1090087890625, 8.3125, 1.0986328125, 1.8466796875, 1.4609375, 6.375, 7.46875, 1.0009765625, 0.56005859375, 0.0096435546875, 5.19140625, 0.002292633056640625, 0.06585693359375, 0.003383636474609375, 5.02734375, 11.4375, 0.02069091796875, 7.30078125, 3.548828125, 0.01337432861328125, 0.368896484375, 14.4765625, 0.3798828125, 0.9921875, 0.0106201171875, 0.00624847412109375, 0.0010747909545898438, 0.273193359375, 0.0002956390380859375, 0.198486328125, 4.94140625, 4.8828125, 7.30859375, 0.06463623046875, 3.625, 1.5869140625, 2.025390625, 10.5703125, 3.23828125, 0.0005936622619628906, 0.00017344951629638672, 0.0220489501953125, 0.00024211406707763672, 0.40771484375, 0.339111328125, 0.002277374267578125, 0.0002372264862060547, 0.00016832351684570312, 6.4609375, 1.099609375, 1.9951171875, 0.533203125, 1.2529296875, 0.1324462890625, 7.00390625, 2.279296875, 3.404296875, 2.703125, 2.736328125, 0.70703125, 0.79150390625, 4.5546875, 0.014190673828125, 10.5859375, 0.3408203125, 11.375, 0.7021484375, 8.2109375, 1.59375, 1.62109375, 0.00789642333984375, 8.453125, 0.83447265625, 3.76171875, 0.7880859375, 3.134765625, 2.193359375, 7.8515625, 1.8935546875, 8.5546875, 4.14453125, 7.75, 7.00390625, 4.9921875, 2.333984375, 2.55859375, 2.34375, 3.431640625, 5.21484375, 4.76171875, 3.322265625, 0.1259765625, 4.55078125, 0.052337646484375, 4.47265625, 6.8125, 2.6015625, 4.19921875, 0.052947998046875, 8.7109375, 4.33203125, 1.2109375, 7.71875, 6.83203125, 4.5625, 1.1552734375, 9.7890625, 0.1744384765625, 0.11053466796875, 5.3125, 5.15625, 3.59765625, 6.53515625, 0.64306640625, 5.625, 2.5625, 0.2325439453125, 9.3828125, 4.8359375, 2.21484375, 4.08984375, 1.732421875, 0.35546875, 4.15625, 3.4921875, 0.155517578125, 6.87890625, 0.4169921875, 5.0859375, 6.0390625, 4.15234375, 3.87109375, 1.0634765625, 6.2734375, 3.216796875, 3.14453125, 0.181640625, 0.033782958984375, 10.6484375, 2.890625, 4.078125, 2.232421875, 5.02734375, 0.34619140625, 8.2421875, 4.2109375, 2.38671875, 3.84765625, 1.1904296875, 7.54296875, 2.107421875, 0.054840087890625, 6.84765625, 8.125, 3.5859375, 7.06640625, 0.564453125, 5.296875, 4.55859375, 3.63671875, 0.71484375, 6.40234375, 0.0509033203125, 1.8671875, 4.58203125, 4.5625, 6.5859375, 5.66796875, 0.198486328125, 1.576171875, 0.6103515625, 4.96875, 0.4990234375, 0.40283203125, 5.80859375, 0.71728515625, 6.48046875, 2.83984375, 0.66455078125, 3.837890625, 5.703125, 2.064453125, 0.0086822509765625, 6.9609375, 1.9794921875, 3.453125, 1.212890625, 0.52685546875, 1.33984375, 3.3855438232421875e-05, 6.4609375, 9.484375, 0.052825927734375, 1.9638671875, 6.8359375, 5.50390625, 1.4951171875, 2.888671875, 3.66796875, 4.546875, 4.28125, 3.443359375, 1.7197265625, 0.1417236328125, 1.806640625, 4.3671875, 9.0390625, 1.2080078125, 3.138671875, 2.435546875, 4.87109375, 0.012451171875, 4.71484375, 6.70703125, 4.61328125, 3.998046875, 2.08203125, 0.456787109375, 0.10614013671875, 5.33984375, 1.455078125, 2.6171875, 0.7626953125, 3.41796875, 0.2423095703125, 1.625, 7.69921875, 3.556640625, 2.869140625, 3.640625, 2.869140625, 3.703125, 0.90283203125, 5.625, 2.1171875, 4.0625, 4.62109375, 3.44921875, 4.22265625, 4.44921875, 1.1474609375, 5.3125, 2.515625, 2.20703125, 5.87109375, 5.82421875, 2.775390625, 7.27734375, 1.9033203125, 2.5703125, 1.162109375, 5.2890625, 5.26171875, 0.9638671875, 0.61865234375, 0.0252838134765625, 1.7021484375, 0.6259765625, 6.34765625, 7.69921875, 1.546875, 0.0013933181762695312, 1.0615234375, 3.54296875, 0.86572265625, 0.000720977783203125, 10.484375, 3.626953125, 1.4013671875, 0.0025882720947265625, 3.482421875, 3.318359375, 0.42626953125, 2.94921875, 6.5546875, 6.44921875, 0.06884765625, 1.7763671875, 1.630859375, 1.484375, 4.86328125, 2.107421875, 0.01486968994140625, 6.390625]",-1.0574279794789323
307,0,test,3.3699075066444957,1.4848393043501296,2.0898822725261432,6.042592770534958,2.6624704767657494,3.747375109357222,29.075837611636242,22.489033949817983,25.479107126889346,52.13598468293395,40.325164323811556,45.686674848215375,3.3282653578561754,1.4169557188408821,2.000651487885029,5.967924089949004,2.5407481855077885,3.5873750817248795,27.889920686998707,21.127981986079313,24.11788860524812,50.00951295599768,37.88465735434911,43.24586922320352,3.3699075066444957,1.4848393043501296,2.0898822725261432,6.042592770534958,2.6624704767657494,3.747375109357222,29.075837611636242,22.489033949817983,25.479107126889346,52.13598468293395,40.325164323811556,45.686674848215375,0.7386934673366834,-0.0013065326633165952,-0.0013065326633165952,0.6130653266331658,0.008065326633165837,0.0030653266331658324,0.4824120603015075,0.002412060301507535,-0.007587939698492474,0.43243243243243246,0.11065979274071758,0.17569302293307432,0.4031007751937985,0.44221105527638194,0.11890278459969017,0.1834464475969162,0.40909090909090906,0.43243243243243246,0.11065979274071758,0.17569302293307432,0.4031007751937985,27.0,10.0,9.0,38.0,10.0,12.0,48.0,10.0,12.0,0.0001363067957375701,-9.676647713613601e-06,-0.0002233585819551453,0.00010708564814265742,0.00016179463533028127,-9.987650539144965e-05,"[3.0625, 9.453125, 2.48046875, 1.494140625, 9.8203125, 0.2325439453125, 9.4609375, 1.8203125, 5.265625, 2.439453125, 4.38671875, 5.21484375, 2.8671875, 5.8359375, 0.345458984375, 0.13134765625, 6.078125, 7.96875, 1.4228515625, 3.576171875, 0.0133819580078125, 0.72119140625, 7.4609375, 2.1953125, 3.873046875, 3.1875, 6.04296875, 5.83203125, 1.9404296875, 7.2890625, 0.84423828125, 1.2841796875, 1.478515625, 2.767578125, 1.8251953125, 5.09375, 3.4765625, 5.62890625, 3.697265625, 0.1934814453125, 8.828125, 0.751953125, 0.241943359375, 0.209716796875, 3.05859375, 4.04296875, 4.45703125, 3.560546875, 0.1033935546875, 2.4375, 0.0653076171875, 1.4755859375, 1.5166015625, 9.8046875, 0.33154296875, 2.248046875, 4.99609375, 0.6103515625, 4.625, 5.70703125, 7.90625, 2.6015625, 3.755859375, 8.4453125, 5.98828125, 0.34912109375, 2.103515625, 0.59912109375, 4.89453125, 4.23046875, 1.1943359375, 6.640625, 8.15625, 6.2734375, 4.26171875, 0.2177734375, 6.296875, 1.0068359375, 1.15234375, 6.09375, 10.8046875, 0.46875, 2.77734375, 4.41796875, 7.0703125, 1.96875, 3.0625, 0.4775390625, 4.6953125, 2.05859375, 5.8203125, 4.765625, 8.265625, 4.83203125, 1.0537109375, 3.111328125, 0.9150390625, 0.06976318359375, 9.0625, 4.53125, 5.15234375, 5.1953125, 0.0643310546875, 5.14453125, 1.7529296875, 6.88671875, 0.0687255859375, 6.328125, 1.2861328125, 1.8310546875, 7.62890625, 5.38671875, 2.505859375, 4.1171875, 3.748046875, 0.1497802734375, 3.55859375, 0.2274169921875, 3.359375, 8.8203125, 2.306640625, 4.6953125, 2.0859375, 3.423828125, 5.45703125, 1.435546875, 3.751953125, 2.1015625, 4.6875, 2.650390625, 0.021759033203125, 2.916015625, 0.10107421875, 0.007610321044921875, 0.019744873046875, 0.1268310546875, 1.546875, 4.09765625, 4.640625, 0.1875, 6.7734375, 8.296875, 4.37890625, 2.232421875, 4.6484375, 0.0045928955078125, 6.22265625, 0.19287109375, 0.01340484619140625, 0.003314971923828125, 0.2115478515625, 3.1015625, 9.2578125, 3.60546875, 3.78125, 2.2890625, 0.006023406982421875, 1.947265625, 0.07177734375, 0.92236328125, 2.16796875, 7.20703125, 1.3564453125, 0.87646484375, 7.19140625, 1.685546875, 7.1875, 0.9404296875, 2.787109375, 0.307373046875, 0.315673828125, 1.6318359375, 6.1015625, 1.626953125, 2.142578125, 3.806640625, 0.290771484375, 0.0164031982421875, 5.30078125, 3.42578125, 2.58203125, 1.818359375, 0.042327880859375, 0.46826171875, 0.00641632080078125, 0.880859375, 2.392578125, 9.59375, 1.931640625, 1.3193359375, 7.1328125, 1.458984375, 3.189453125, 1.7001953125, 2.955078125, 7.0859375, 7.515625, 5.265625, 2.2734375, 2.556640625, 8.6875, 2.515625, 8.875, 2.92578125, 6.1328125, 5.90234375, 0.00835418701171875, 0.135009765625, 0.00034236907958984375, 0.0029964447021484375, 0.0012159347534179688, 3.76953125, 0.01039886474609375, 0.939453125, 0.000232696533203125, 1.07421875, 5.0, 1.1298828125, 7.10546875, 4.43359375, 1.974609375, 4.5625, 0.76318359375, 1.1591796875, 6.203125, 0.03363037109375, 5.27734375, 3.384765625, 0.295166015625, 2.0, 1.04296875, 0.43505859375, 0.0195770263671875, 0.00904083251953125, 0.003910064697265625, 0.0002084970474243164, 4.7734375, 5.94921875, 9.390625, 0.029632568359375, 0.285888671875, 2.92578125, 0.046234130859375, 13.9375, 8.015625, 0.340087890625, 1.859375, 11.3671875, 2.31640625, 5.87109375, 8.78125, 1.62109375, 5.875, 1.87109375, 10.625, 10.34375, 2.15625, 8.4296875, 4.5390625]",-1.00927054053568
481,0,test,3.4807748172594155,1.4522239858975379,2.0039212923389638,6.14123964573795,2.562204102507121,3.535580878840082,32.48488217474472,24.881821919852214,28.10573706497436,57.31409148028209,43.89977497961188,49.58782908915859,3.693133862174336,1.6209534374577976,2.246402687445828,6.515911336447714,2.859898739973312,3.9633983721177986,40.17053883608625,32.22841738603425,35.92133694602133,70.87413539869995,56.86160264924514,63.37713588565547,3.4807748172594155,1.4522239858975379,2.0039212923389638,6.14123964573795,2.562204102507121,3.535580878840082,32.48488217474472,24.881821919852214,28.10573706497436,57.31409148028209,43.89977497961188,49.58782908915859,0.7185929648241206,0.003592964824120526,0.003592964824120526,0.5728643216080402,0.0028643216080401768,0.007864321608040292,0.49246231155778897,0.007462311557788981,0.007462311557788981,0.4130434782608695,0.10562937337841016,0.15400733368255626,0.38181818181818183,0.44221105527638194,0.13644664424881303,0.19847148933314318,0.398989898989899,0.4130434782608695,0.10562937337841016,0.15400733368255626,0.38181818181818183,24.0,11.0,10.0,34.0,10.0,7.0,40.0,8.0,6.0,-0.0006443891174818762,-0.0005473302414750385,-6.128884575177437e-05,0.004900423361333672,0.0050517562617429235,0.004147901448844138,"[3.0625, 9.453125, 2.48046875, 1.494140625, 1.81640625, 11.234375, 1.0498046875, 0.491455078125, 14.6875, 1.615234375, 0.7880859375, 8.1484375, 1.7939453125, 8.2421875, 8.125, 8.53125, 1.8125, 7.64453125, 0.038665771484375, 8.84375, 1.388671875, 3.865234375, 4.28125, 2.234375, 0.662109375, 1.0400390625, 3.791015625, 3.9765625, 4.12109375, 1.2470703125, 1.87890625, 5.26953125, 6.07421875, 1.3955078125, 2.130859375, 7.63671875, 1.400390625, 7.8984375, 1.3330078125, 0.6845703125, 10.7734375, 1.2080078125, 2.99609375, 0.32421875, 5.91796875, 0.55126953125, 0.15625, 1.888671875, 2.4921875, 7.703125, 14.296875, 6.390625, 5.08203125, 2.939453125, 5.15234375, 0.654296875, 1.41796875, 3.931640625, 1.7705078125, 0.06182861328125, 7.0703125, 0.7802734375, 6.4609375, 0.76611328125, 1.3935546875, 2.197265625, 6.5703125, 0.830078125, 5.0, 7.38671875, 2.287109375, 4.9296875, 2.587890625, 8.0234375, 0.5302734375, 0.2138671875, 7.66796875, 0.0103302001953125, 2.4609375, 0.99951171875, 6.5703125, 1.1591796875, 6.6796875, 7.109375, 2.478515625, 1.94921875, 1.552734375, 2.92578125, 1.400390625, 6.29296875, 0.146240234375, 1.7607421875, 10.2265625, 0.21337890625, 0.004116058349609375, 6.1640625, 11.0234375, 7.38671875, 3.677734375, 4.84765625, 1.7060546875, 7.41796875, 0.307861328125, 4.86328125, 0.07794189453125, 0.349609375, 7.05078125, 4.06640625, 4.32421875, 0.020904541015625, 8.9140625, 11.140625, 0.378173828125, 3.287109375, 5.1796875, 4.87109375, 1.1865234375, 1.16015625, 7.828125, 4.23828125, 3.078125, 7.50390625, 3.484375, 8.5625, 10.46875, 4.40234375, 1.732421875, 0.580078125, 7.703125, 2.12109375, 6.55859375, 3.38671875, 0.1175537109375, 0.1490478515625, 5.42578125, 5.68359375, 0.591796875, 0.40576171875, 10.4609375, 0.07537841796875, 1.9384765625, 8.265625, 4.16796875, 3.107421875, 0.00225067138671875, 0.1376953125, 0.0003056526184082031, 0.0016574859619140625, 0.0023555755615234375, 8.5, 1.46875, 0.1907958984375, 7.0703125, 6.05078125, 8.4140625, 0.042083740234375, 4.08203125, 0.0015239715576171875, 0.01288604736328125, 0.003269195556640625, 4.03515625, 2.302734375, 0.001773834228515625, 2.912109375, 5.37890625, 6.6171875, 0.67041015625, 3.716796875, 0.015045166015625, 15.3046875, 5.48046875, 0.042755126953125, 2.544921875, 0.46435546875, 7.1484375, 0.009918212890625, 0.08758544921875, 4.83984375, 0.939453125, 5.44921875, 3.83984375, 6.953125, 1.8046875, 0.0211944580078125, 1.0927734375, 0.001476287841796875, 0.0215606689453125, 0.0015707015991210938, 0.1363525390625, 0.00024437904357910156, 4.70703125, 2.21484375, 2.134765625, 6.171875, 4.12890625, 8.1796875, 11.5703125, 0.0054779052734375, 9.1015625, 0.0138397216796875, 5.1953125, 0.1065673828125, 0.0059051513671875, 0.0207061767578125, 0.00044536590576171875, 0.6796875, 0.2039794921875, 0.004573822021484375, 0.0004658699035644531, 0.0002715587615966797, 1.6953125, 6.4921875, 0.1700439453125, 11.21875, 0.05340576171875, 0.1923828125, 7.3125, 0.84228515625, 2.6328125, 0.052703857421875, 0.10711669921875, 3.302734375, 2.619140625, 0.77490234375, 0.341552734375, 3.07421875, 6.3984375, 11.4921875, 7.0390625, 1.0478515625, 3.19921875, 0.9814453125, 0.9365234375, 1.37109375, 7.5234375, 2.140625, 0.779296875, 7.1328125, 2.48046875, 8.859375, 6.35546875, 0.0124359130859375, 0.042694091796875, 1.892578125, 1.7060546875, 3.783203125, 4.46484375, 5.02734375, 0.70166015625, 7.94140625, 0.117919921875, 0.060455322265625, 3.103515625, 6.70703125, 0.107177734375, 7.1484375, 4.25, 6.28125, 2.138671875, 1.7412109375, 5.9375, 0.054351806640625, 3.787109375, 7.62890625, 2.369140625, 9.28125, 3.1953125, 2.412109375, 0.521484375, 4.1171875, 1.87890625, 6.62109375, 0.1781005859375, 3.166015625, 0.02142333984375, 1.9677734375]",-1.1424685146497642
300,0,test,3.574833624872261,1.6630983715529555,2.2915384161593306,5.9094188492786355,2.749203430526314,3.7880533001817507,35.68868261255642,28.923865321261893,32.08017166008288,58.9955773799402,47.81292022494313,53.030487846259454,3.576560111501109,1.6555705870493966,2.2862471243629945,5.912272837379384,2.736759541857166,3.7793064708857664,35.75035186614065,28.922640551158466,32.1164281169662,59.097520431783515,47.81089560497623,53.09042198927065,3.6539733976026043,1.7365480690199298,2.3464116104651387,6.0402417388941005,2.8706202773594756,3.8787620499525763,38.62784531440387,31.824425983474843,34.930697035174916,63.854193274830884,52.607724584927794,57.74258081324833,0.7487437185929648,0.02374371859296487,0.018743718592964864,0.5879396984924623,0.007939698492462233,0.012939698492462348,0.4824120603015075,-0.017587939698492483,-0.012587939698492479,0.43034055727554177,0.1196759514022806,0.18214282298100004,0.4006211180124224,0.4170854271356784,0.10630848477978871,0.16833751394703067,0.38888888888888884,0.4247491638795987,0.1175705328278458,0.17892046532564987,0.4161073825503355,25.0,0.0,0.0,39.0,1.0,2.0,48.0,1.0,1.0,0.00011253142419854987,-0.00017125713206249252,-4.913930161122817e-07,-0.00041226083606016317,-1.0681229349884802e-05,0.0001244151406112337,"[9.3203125, 3.267578125, 4.74609375, 6.48828125, 8.359375, 7.48828125, 0.630859375, 3.990234375, 4.29296875, 2.86328125, 5.26171875, 3.814453125, 1.513671875, 0.88916015625, 5.91796875, 1.65234375, 0.246826171875, 1.5986328125, 1.4775390625, 3.7890625, 6.2265625, 1.3388671875, 1.7265625, 9.8203125, 7.68359375, 4.71875, 4.02734375, 0.9404296875, 2.109375, 5.57421875, 0.8193359375, 0.341796875, 6.04296875, 10.03125, 4.6171875, 10.5625, 1.9814453125, 8.78125, 1.3076171875, 4.76171875, 0.058502197265625, 10.46875, 1.251953125, 4.1953125, 0.1434326171875, 2.3515625, 0.02838134765625, 4.09375, 0.08026123046875, 2.123046875, 3.23828125, 0.028228759765625, 3.76171875, 0.01428985595703125, 4.96484375, 3.96875, 7.390625, 3.779296875, 1.7744140625, 3.611328125, 6.40625, 9.5, 2.798828125, 0.256103515625, 6.51953125, 1.330078125, 2.236328125, 4.86328125, 1.693359375, 4.3828125, 1.541015625, 5.31640625, 2.357421875, 1.556640625, 5.515625, 0.006725311279296875, 0.80419921875, 0.41552734375, 8.609375, 0.591796875, 0.51708984375, 0.162353515625, 1.0654296875, 0.2705078125, 6.2734375, 0.9970703125, 8.671875, 0.266845703125, 0.1348876953125, 0.9130859375, 8.203125, 7.84375, 0.974609375, 6.3203125, 0.128662109375, 1.056640625, 0.728515625, 0.365234375, 0.97216796875, 0.1116943359375, 7.3671875, 0.08544921875, 0.0032806396484375, 3.81640625, 2.513671875, 9.8203125, 6.9765625, 11.796875, 3.05078125, 0.91357421875, 4.51953125, 2.97265625, 0.90283203125, 1.896484375, 6.234375, 2.39453125, 9.5546875, 2.375, 5.21875, 0.46533203125, 3.724609375, 2.923828125, 6.35546875, 0.0718994140625, 2.521484375, 3.65234375, 0.242919921875, 1.654296875, 11.5234375, 7.79296875, 5.38671875, 10.1796875, 3.4375, 0.1466064453125, 0.95947265625, 5.1171875, 3.310546875, 7.1640625, 0.1424560546875, 4.36328125, 1.7666015625, 8.4921875, 0.06158447265625, 2.181640625, 1.6416015625, 0.330810546875, 0.67578125, 2.0078125, 9.0078125, 0.298583984375, 8.1953125, 4.1328125, 0.170166015625, 0.461181640625, 4.01953125, 1.830078125, 2.654296875, 4.4453125, 1.6669921875, 0.86572265625, 0.0192413330078125, 3.57421875, 4.328125, 2.494140625, 6.19140625, 1.775390625, 4.42578125, 5.73828125, 2.07421875, 10.515625, 10.5, 4.578125, 0.580078125, 3.21484375, 3.701171875, 2.841796875, 0.9052734375, 11.4921875, 4.82421875, 2.693359375, 3.564453125, 1.798828125, 0.462158203125, 12.0, 2.263671875, 2.14453125, 2.67578125, 5.3828125, 1.0595703125, 7.14453125, 7.42578125, 3.8359375, 9.09375, 1.734375, 6.89453125, 0.044647216796875, 0.95849609375, 3.197265625, 0.32763671875, 2.00390625, 11.0, 1.982421875, 2.189453125, 3.912109375, 0.638671875, 0.25341796875, 8.078125, 1.2216796875, 0.5166015625, 0.1593017578125, 1.6220703125, 1.93359375, 1.376953125, 2.201171875, 0.041351318359375, 5.28515625, 2.158203125, 8.546875, 9.734375, 0.95849609375, 6.78515625, 0.06707763671875, 5.02734375, 1.4794921875, 4.12890625, 4.6796875, 0.3564453125, 4.8046875, 5.32421875, 10.4453125, 1.876953125, 1.32421875, 8.6328125, 6.40625, 3.43359375, 2.9921875, 4.9765625, 0.09576416015625, 0.01617431640625, 0.318115234375, 4.0234375, 2.201171875, 8.4921875, 7.44140625, 2.478515625, 5.328125, 7.20703125, 1.2275390625, 6.3046875, 3.4609375, 5.984375, 1.4375, 0.75244140625, 0.69775390625, 0.2139892578125, 0.861328125, 6.52734375, 1.1953125, 7.61328125, 5.421875, 0.134521484375, 0.0810546875, 13.8125, 3.34765625, 1.427734375, 3.697265625, 3.890625, 0.3759765625, 5.87890625, 7.296875, 9.2734375, 7.44140625, 1.9267578125, 1.349609375, 1.857421875, 2.134765625, 7.58984375, 3.564453125, 0.00257110595703125, 0.892578125, 8.171875, 1.8994140625, 5.921875, 1.8623046875, 0.9794921875, 10.3984375, 0.7197265625, 0.045196533203125, 4.72265625, 2.7421875, 1.755859375, 4.2578125, 5.51953125, 8.6171875, 6.28125, 4.37109375, 4.0078125, 2.15234375, 6.55078125, 0.0633544921875, 2.171875, 6.171875, 0.135498046875, 0.75244140625, 6.890625, 0.211669921875, 0.71533203125, 2.703125, 8.28125, 0.1119384765625, 4.60546875, 0.5478515625, 2.56640625, 1.708984375, 0.1719970703125, 3.189453125, 1.8603515625, 6.51171875, 0.81494140625, 3.99609375, 0.415283203125, 0.6748046875, 6.6328125]",-0.9385521478328172
379,0,test,4.050367158674544,1.8494282186263264,2.5344801792198424,6.4906504778759775,2.9636800025192063,4.061465131917512,57.418534888916966,48.38504346336319,52.86507672888295,92.01231056733278,77.53628082948885,84.7154645717503,4.238729323574047,1.943974700402367,2.6782777232652384,6.792497922249094,3.1151892714522407,4.29189846336914,69.31971292752522,59.39771184312177,64.55874211190668,111.08376357330128,95.18391090388458,103.45438176939084,4.050367158674544,1.8494282186263264,2.5344801792198424,6.4906504778759775,2.9636800025192063,4.061465131917512,57.418534888916966,48.38504346336319,52.86507672888295,92.01231056733278,77.53628082948885,84.7154645717503,0.8140703517587939,-0.010929648241206014,-0.0009296482412060048,0.7085427135678393,0.00854271356783931,-0.0014572864321606982,0.6080402010050252,0.0030402010050252226,-0.01195979899497479,0.49416342412451364,0.14659060859053308,0.22508192347768308,0.44921875,0.4824120603015075,0.14907872696817415,0.21196130904942068,0.4545454545454546,0.49416342412451364,0.14659060859053308,0.22508192347768308,0.44921875,21.0,3.0,2.0,29.0,-2.0,-2.0,40.0,1.0,1.0,-0.00044836586757683193,-0.0006266536284408794,-0.00025588561150504194,9.322580442105988e-05,0.00015080139628764755,-0.00010688561932692409,"[3.0625, 9.453125, 2.48046875, 1.494140625, 6.81640625, 5.14453125, 6.359375, 8.3515625, 2.408203125, 5.96875, 2.212890625, 2.388671875, 9.8359375, 0.04119873046875, 1.078125, 9.1484375, 8.4453125, 0.09478759765625, 0.1959228515625, 5.5234375, 8.1796875, 7.7734375, 4.62890625, 3.6484375, 0.263427734375, 4.78515625, 3.201171875, 0.24560546875, 5.2109375, 8.15625, 9.5859375, 1.71484375, 5.44140625, 4.60546875, 1.7158203125, 5.19921875, 6.93359375, 0.52880859375, 1.431640625, 7.2109375, 3.009765625, 3.46875, 8.265625, 1.5400390625, 8.9140625, 4.609375, 7.71484375, 4.42578125, 6.71875, 1.3623046875, 3.42578125, 2.177734375, 4.67578125, 7.55859375, 3.662109375, 5.609375, 4.6640625, 1.56640625, 12.9140625, 4.80859375, 7.09765625, 1.015625, 7.96875, 0.80908203125, 2.98828125, 7.12109375, 1.787109375, 9.375, 5.14453125, 4.89453125, 7.9453125, 2.171875, 4.85546875, 5.65234375, 2.654296875, 3.923828125, 5.46484375, 0.5625, 0.26708984375, 8.09375, 3.912109375, 2.46875, 6.03125, 5.6015625, 6.32421875, 1.1953125, 0.381591796875, 4.171875, 0.89208984375, 6.015625, 3.5390625, 2.123046875, 6.8046875, 2.8046875, 5.25390625, 3.466796875, 4.44921875, 5.5234375, 5.671875, 0.53173828125, 2.345703125, 5.92578125, 5.48046875, 3.064453125, 6.7109375, 4.2578125, 0.0196990966796875, 6.48046875, 3.044921875, 8.546875, 3.685546875, 0.83984375, 6.3046875, 1.4072265625, 5.66796875, 3.396484375, 4.10546875, 5.421875, 0.002162933349609375, 0.1844482421875, 0.986328125, 4.66796875, 1.5556640625, 6.62890625, 5.93359375, 1.5078125, 1.705078125, 6.73828125, 13.7421875, 2.552734375, 16.453125, 1.814453125, 1.388671875, 6.95703125, 2.798828125, 2.107421875, 6.27734375, 0.1888427734375, 7.91796875, 3.08203125, 9.546875, 2.083984375, 5.98046875, 4.08203125, 1.3232421875, 1.6220703125, 5.01171875, 1.0, 10.46875, 0.0628662109375, 3.583984375, 9.5234375, 0.52099609375, 4.390625, 1.02734375, 3.361328125, 8.8515625, 3.177734375, 1.6201171875, 4.8984375, 0.275634765625, 0.1864013671875, 5.921875, 4.28125, 9.1875, 2.525390625, 6.00390625, 5.44921875, 3.005859375, 3.013671875, 6.80859375, 5.46875, 6.21875, 4.69140625, 11.3359375, 11.71875, 4.6953125, 4.75390625, 0.84228515625, 7.75, 1.2529296875, 4.30859375, 0.382568359375, 4.5546875, 0.6201171875, 5.14453125, 2.134765625, 0.1798095703125, 0.2337646484375, 0.69287109375, 0.0165557861328125, 0.327392578125, 0.372314453125, 1.767578125, 0.59375, 0.466552734375, 5.99609375, 6.90234375, 6.734375, 2.134765625, 5.9609375, 7.7734375, 4.98046875, 8.40625, 4.7265625, 1.353515625, 2.27734375, 3.759765625, 5.57421875, 0.48486328125, 5.0625, 6.83984375, 3.689453125, 4.4609375, 2.330078125, 3.62109375, 4.8046875, 3.962890625, 5.35546875, 3.095703125, 5.48046875, 0.0936279296875, 5.015625, 0.72607421875, 8.1953125, 1.232421875, 2.0390625, 0.765625, 1.599609375, 2.564453125, 1.2578125, 6.0625, 5.4140625, 1.228515625, 4.97265625, 1.4619140625, 1.255859375, 6.47265625, 7.51171875, 0.8671875, 4.61328125, 0.39599609375, 4.02734375, 1.3349609375, 4.14453125, 4.46875, 2.4140625, 8.109375, 0.05609130859375, 0.10137939453125, 4.66015625, 0.003070831298828125, 0.1414794921875, 0.0011091232299804688, 0.009429931640625, 0.0010967254638671875, 1.7275390625]",-0.7091233312851726
146,0,test,3.685636983931272,1.710810369385533,2.3385972247031175,6.848151299175525,3.178796041180861,4.345264520738695,39.87051123786807,32.66514099875167,36.02448773080745,74.08198217100649,60.69393940413214,66.935822364339,4.064693834314395,1.8662371005677585,2.5744887989296066,7.552463382468036,3.4675889352484797,4.7835662844627524,58.24707253741007,49.23597629496706,53.80906716354629,108.2268186501555,91.48362047064848,99.98071834258926,3.6898632265549502,1.7213276426027513,2.3469734972849876,6.856003930631133,3.1983378133522087,4.360828175600493,40.03937026015379,32.87918694047278,36.2092747920875,74.39573312854381,61.09165057326554,67.27916864594322,0.7738693467336684,-0.0011306532663316604,-0.01113065326633167,0.6683417085427136,0.013341708542713548,0.013341708542713548,0.5778894472361809,0.0028894472361808976,0.007889447236180791,0.4494773519163763,0.13643387365550674,0.20961640174256402,0.4195804195804196,0.4773869346733668,0.14154733567587308,0.22363067423931005,0.4696969696969697,0.44250871080139376,0.13816088471443722,0.2096002519369673,0.41608391608391604,26.0,4.0,4.0,40.0,1.0,0.0,52.0,6.0,3.0,-0.0012652319584207162,0.0002757681886909964,-0.00038292761595125964,0.037794282490326125,0.027901881035287346,0.0336119749327235,"[3.056640625, 9.4453125, 2.4296875, 1.0791015625, 10.8046875, 5.68359375, 4.78515625, 6.26953125, 3.123046875, 2.818359375, 6.11328125, 4.7734375, 1.36328125, 1.8330078125, 5.02734375, 0.916015625, 0.67578125, 1.7802734375, 0.4599609375, 5.38671875, 0.8642578125, 1.8017578125, 0.7470703125, 8.1171875, 0.9912109375, 10.3671875, 7.359375, 2.962890625, 6.26171875, 1.3759765625, 5.48828125, 4.33203125, 3.52734375, 4.3984375, 0.67333984375, 0.97998046875, 1.3310546875, 0.44482421875, 1.51171875, 0.3486328125, 0.2109375, 2.966796875, 5.35546875, 7.94140625, 12.640625, 2.244140625, 3.30859375, 11.546875, 1.5537109375, 1.2783203125, 0.005916595458984375, 6.765625, 6.2890625, 4.98828125, 10.2109375, 4.96484375, 2.67578125, 1.119140625, 3.7109375, 0.82861328125, 8.875, 9.4453125, 4.3046875, 4.94140625, 3.83203125, 5.94921875, 0.164306640625, 5.08984375, 2.787109375, 5.07421875, 0.55126953125, 10.1015625, 0.67236328125, 5.7265625, 7.1953125, 0.69384765625, 8.59375, 0.2091064453125, 8.40625, 5.90625, 4.22265625, 3.7578125, 1.091796875, 0.114013671875, 3.12890625, 1.12890625, 3.990234375, 0.215576171875, 7.12109375, 4.11328125, 1.6884765625, 4.51171875, 0.06915283203125, 5.23828125, 0.5986328125, 2.62890625, 7.11328125, 0.62158203125, 7.671875, 0.40869140625, 2.2265625, 0.27734375, 7.0859375, 1.9765625, 3.5625, 9.3359375, 3.8046875, 2.728515625, 6.16796875, 6.3984375, 2.396484375, 0.50537109375, 11.4296875, 6.8828125, 5.33984375, 0.496337890625, 5.28515625, 0.1253662109375, 0.55859375, 2.197265625, 0.73583984375, 4.1328125, 2.65625, 0.7890625, 9.15625, 0.0765380859375, 0.113525390625, 4.1328125, 7.984375, 0.03448486328125, 0.2978515625, 0.1695556640625, 5.05859375, 0.48876953125, 4.234375, 1.8896484375, 5.47265625, 6.49609375, 2.30859375, 2.833984375, 0.224609375, 10.3359375, 1.66796875, 4.82421875, 10.2578125, 0.178466796875, 4.234375, 5.49609375, 2.888671875, 7.9609375, 10.703125, 10.671875, 0.861328125, 6.40625, 6.828125, 7.7109375, 6.48828125, 3.146484375, 5.09765625, 4.38671875, 2.66796875, 1.298828125, 5.3203125, 4.0546875, 0.432861328125, 1.115234375, 5.67578125, 3.33203125, 0.76318359375, 1.1201171875, 3.970703125, 7.72265625, 3.48046875, 7.71484375, 7.56640625, 3.599609375, 7.2890625, 6.3125, 4.859375, 12.875, 5.18359375, 3.708984375, 7.640625, 3.0, 5.484375, 3.955078125, 4.90625, 5.5078125, 6.6328125, 0.74072265625, 9.125, 1.2060546875, 5.9140625, 2.287109375, 1.8154296875, 0.08172607421875, 4.0703125, 4.80078125, 0.30615234375, 7.81640625, 7.86328125, 3.04296875, 2.849609375, 8.5, 6.6953125, 0.77197265625, 11.3203125, 2.896484375, 2.734375, 4.40625, 9.6328125, 0.415283203125, 2.28125, 2.251953125, 10.5703125, 2.271484375, 2.8203125, 0.0771484375, 8.0078125, 7.6171875, 6.08984375, 10.2265625, 7.62109375, 0.0587158203125, 2.640625, 4.421875, 1.3203125, 8.3125, 10.5703125, 11.671875, 8.3125, 7.0390625, 0.00598907470703125, 0.712890625, 0.004421234130859375, 0.00270843505859375, 0.00945281982421875, 0.9111328125, 0.002899169921875, 0.050689697265625, 6.75, 5.14453125, 2.166015625, 0.006282806396484375, 0.0045013427734375, 1.8603515625, 0.006069183349609375, 0.010711669921875, 0.861328125, 0.00179290771484375, 0.052276611328125, 0.478271484375, 0.0017309188842773438, 0.0406494140625, 0.443603515625, 0.0018100738525390625, 0.0986328125, 8.3125, 2.876953125, 5.63671875, 0.18701171875, 0.0012989044189453125, 0.01433563232421875, 0.1328125, 0.0009608268737792969, 0.0261383056640625, 0.2279052734375, 0.00128936767578125, 0.10357666015625, 0.1661376953125, 0.0021648406982421875, 0.0911865234375, 5.22265625, 7.21875, 2.939453125, 2.205078125, 12.203125, 0.83740234375, 0.0007038116455078125, 0.028106689453125, 0.0625, 0.0015745162963867188, 0.0218963623046875, 0.1004638671875, 0.00275421142578125, 0.04510498046875, 0.330078125]",-1.298158658921511
319,0,test,3.8143030854730844,1.7697377273450363,2.3985757384433475,6.722709188146311,3.1191627444456267,4.2274897390064,45.3451436791954,37.6193438272554,41.225662009874085,79.9208157345819,66.30409349553764,72.66022929240307,4.152418778769335,1.9322532625685165,2.636598163091653,7.318638097580953,3.4055963752770104,4.6470042624490375,63.58761882101399,54.378763866579945,59.03446283563513,112.07317817203715,95.84257131484713,104.04824074780691,3.7924580081926123,1.7568488048167232,2.3706897415599,6.684207239439479,3.0964460184894746,4.178340669499324,44.36531667429932,36.708401350718894,40.220874230298314,78.19387063845255,64.69855738064204,70.88929083090078,0.8190954773869347,0.0040954773869347205,-0.010904522613065293,0.6783919597989949,-0.026608040201005156,0.00339195979899487,0.5728643216080402,-0.012135678391959726,0.0028643216080401768,0.4270462633451957,0.09844946050327741,0.16905809766472235,0.3678571428571429,0.4321608040201005,0.09130867369428597,0.16337950184981664,0.4040404040404041,0.42348754448398573,0.10021933844490938,0.16786624270883777,0.3678571428571429,18.0,-1.0,-1.0,31.0,0.0,0.0,38.0,-3.0,-3.0,-0.0011092988803629946,-0.0002888012824153058,-4.412002588553434e-05,0.00025954392907312496,-0.0001733692814402943,-2.277625207813827e-05,"[3.056640625, 9.4453125, 2.4296875, 1.0791015625, 6.80078125, 0.88671875, 1.7529296875, 3.6953125, 0.1510009765625, 7.22265625, 1.45703125, 13.2421875, 3.0859375, 8.8125, 6.55859375, 3.908203125, 0.300048828125, 8.8125, 9.8828125, 0.01494598388671875, 1.7763671875, 3.7109375, 2.193359375, 5.2734375, 0.45654296875, 8.6015625, 0.3583984375, 0.0423583984375, 8.390625, 8.8515625, 4.28125, 6.0859375, 3.681640625, 1.853515625, 3.224609375, 5.390625, 6.6171875, 8.0859375, 7.828125, 6.28125, 3.765625, 0.263427734375, 2.330078125, 4.30078125, 0.0208740234375, 8.21875, 0.923828125, 0.06805419921875, 5.2734375, 8.2890625, 1.5712890625, 1.3037109375, 3.220703125, 0.81689453125, 5.73828125, 0.448486328125, 0.74169921875, 7.26953125, 6.7734375, 4.70703125, 1.15625, 7.2734375, 0.91357421875, 9.1640625, 1.6865234375, 0.150390625, 8.703125, 2.470703125, 3.064453125, 6.5546875, 2.861328125, 5.03125, 0.46826171875, 1.5732421875, 4.99609375, 5.8515625, 8.140625, 9.09375, 4.08984375, 1.935546875, 8.8203125, 6.8671875, 1.9375, 2.45703125, 0.85205078125, 4.02734375, 2.20703125, 12.4921875, 2.337890625, 1.962890625, 4.1796875, 6.57421875, 1.04296875, 5.5078125, 5.265625, 4.7421875, 1.8955078125, 7.76953125, 5.390625, 7.5859375, 2.423828125, 3.603515625, 1.7158203125, 6.15625, 0.95556640625, 10.8125, 0.37060546875, 1.9150390625, 4.15234375, 9.375, 8.4375, 0.60205078125, 2.146484375, 3.611328125, 0.27392578125, 9.2265625, 2.662109375, 4.40234375, 6.19921875, 9.03125, 7.33203125, 2.5703125, 1.9873046875, 5.0859375, 6.26953125, 5.421875, 2.232421875, 3.787109375, 5.8203125, 7.66796875, 2.765625, 10.4375, 0.372314453125, 4.2578125, 2.9375, 5.59375, 6.80859375, 3.830078125, 11.8359375, 1.015625, 0.81298828125, 4.80078125, 4.234375, 2.125, 4.1875, 3.150390625, 1.0029296875, 3.8515625, 1.30078125, 0.7666015625, 0.0672607421875, 1.4130859375, 2.91796875, 2.39453125, 16.78125, 12.8828125, 6.421875, 9.0625, 0.970703125, 12.9609375, 3.201171875, 8.78125, 3.490234375, 5.03125, 2.796875, 5.86328125, 6.609375, 0.2481689453125, 0.0273895263671875, 3.767578125, 1.169921875, 3.966796875, 2.662109375, 4.3515625, 7.625, 5.5078125, 4.16015625, 1.2099609375, 4.3125, 4.125, 2.681640625, 6.53515625, 0.6513671875, 3.6171875, 1.1201171875, 4.5078125, 0.01617431640625, 1.107421875, 0.73388671875, 3.240234375, 1.6943359375, 3.306640625, 0.023834228515625, 2.9921875, 0.10137939453125, 1.9287109375, 3.08203125, 3.5390625, 0.7998046875, 4.234375, 0.83984375, 3.55078125, 8.546875, 8.828125, 1.5458984375, 4.390625, 2.12109375, 4.94921875, 3.322265625, 0.0141143798828125, 0.47412109375, 1.4638671875, 2.111328125, 3.796875, 3.591796875, 7.98828125, 8.546875, 1.1689453125, 5.81640625, 5.046875, 2.6171875, 3.025390625, 5.1171875, 3.984375, 7.08203125, 5.92578125, 0.75, 5.95703125, 9.0078125, 0.2088623046875, 2.45703125, 1.7421875, 4.4140625, 3.203125, 0.568359375, 9.6015625, 0.007320404052734375, 0.0806884765625, 0.006267547607421875, 0.009613037109375, 0.018646240234375, 3.75390625, 0.0098114013671875, 0.978515625, 0.006786346435546875, 0.00582122802734375, 0.0012454986572265625, 0.02008056640625, 5.11328125, 0.14453125, 6.42538070678711e-05, 0.0028018951416015625, 0.0008859634399414062, 0.1644287109375, 0.0006842613220214844, 1.07421875, 3.048828125, 1.4912109375, 0.0204620361328125, 1.4970703125, 4.5859375, 4.9296875, 4.421875, 3.912109375, 3.703125, 16.046875, 2.064453125, 4.44921875, 12.671875, 8.390625, 1.287109375, 0.00302886962890625, 0.01153564453125, 0.07110595703125, 0.005023956298828125, 6.75, 1.33984375, 0.204833984375, 0.0127105712890625, 0.0005121231079101562, 1.9755859375]",-1.1997574118108512
169,0,test,3.300773096463037,1.4577057466892147,2.0419508277279013,6.140408775037856,2.71176142582626,3.798629113346758,27.133607710315225,20.817726112854622,23.612335778047314,50.47649081404229,38.72709343053103,43.92588935180861,3.534258859241428,1.5737328583556918,2.212792338489373,6.574760966088833,2.9276059791469855,4.1164445708662605,34.26960669762969,27.166544397866417,30.520691487810286,63.751547753678764,50.53776274014856,56.77746284129414,3.2801743916102817,1.446522687246978,2.0196893640252895,6.102089125569127,2.6909576461285694,3.757216243370576,26.580407695810027,20.323715111267234,23.053275867026695,49.447376081176,37.80808767022508,42.885873487924655,0.7587939698492463,-0.006206030150753716,0.0037939698492462925,0.6080402010050252,-0.01195979899497479,-0.001959798994974782,0.48743718592964824,-0.007562814070351753,-0.012562814070351758,0.4007936507936508,0.07208077950652214,0.14749549775935,0.36254980079681276,0.4321608040201005,0.10384000201508792,0.17339619634063475,0.41414141414141414,0.40476190476190477,0.08198962753418204,0.15014449051388368,0.3665338645418327,26.0,7.0,8.0,38.0,10.0,11.0,45.0,10.0,11.0,-0.0004592743898473914,-0.0004831480980981143,-0.0002781570338771724,5.857619511928647e-05,0.00012331829868550415,-0.00012440840417138332,"[3.056640625, 9.4453125, 2.4296875, 1.0791015625, 10.8046875, 0.036956787109375, 9.1796875, 5.09765625, 0.6337890625, 0.70458984375, 8.7734375, 4.140625, 3.693359375, 7.4140625, 2.984375, 8.546875, 0.1131591796875, 1.275390625, 1.986328125, 4.9375, 0.91748046875, 3.638671875, 0.011016845703125, 5.5078125, 3.0625, 0.052337646484375, 2.142578125, 4.20703125, 2.056640625, 5.33984375, 0.87744140625, 5.11328125, 1.5185546875, 1.3017578125, 0.93505859375, 1.8369140625, 0.5498046875, 3.1953125, 3.8515625, 0.383544921875, 7.66796875, 9.109375, 1.103515625, 0.12384033203125, 10.8671875, 8.90625, 4.046875, 0.190185546875, 2.76171875, 9.5546875, 0.006946563720703125, 3.75390625, 0.00954437255859375, 3.9609375, 0.101806640625, 1.841796875, 2.33984375, 1.8369140625, 7.296875, 0.08197021484375, 0.469482421875, 10.578125, 0.84130859375, 1.7080078125, 6.23828125, 5.796875, 2.962890625, 2.173828125, 3.1484375, 0.03533935546875, 11.4765625, 2.642578125, 0.50390625, 6.3125, 0.004543304443359375, 2.505859375, 10.875, 3.337890625, 2.419921875, 5.60546875, 1.9228515625, 2.4375, 3.431640625, 6.5078125, 11.3984375, 1.6591796875, 2.44921875, 7.81640625, 0.042999267578125, 2.615234375, 7.859375, 1.1513671875, 0.388427734375, 0.0009751319885253906, 0.003269195556640625, 6.39453125, 2.333984375, 2.64453125, 4.57421875, 8.078125, 3.119140625, 1.544921875, 0.66650390625, 4.046875, 3.37890625, 1.2236328125, 0.47509765625, 7.21875, 0.262939453125, 3.587890625, 6.35546875, 3.185546875, 5.7265625, 0.036712646484375, 10.2890625, 2.93359375, 4.52734375, 0.515625, 4.34375, 4.45703125, 3.091796875, 0.7783203125, 1.8046875, 2.826171875, 5.78125, 7.2890625, 2.392578125, 6.91015625, 5.81640625, 5.02734375, 4.77734375, 8.7734375, 0.458251953125, 7.75, 0.86376953125, 3.681640625, 2.140625, 0.00527191162109375, 1.333984375, 5.7734375, 3.541015625, 7.5078125, 1.5751953125, 3.46875, 0.0928955078125, 0.505859375, 12.6640625, 2.9765625, 0.37353515625, 2.2109375, 6.62890625, 2.001953125, 8.4140625, 1.1630859375, 3.11328125, 2.115234375, 2.98828125, 0.1461181640625, 5.15234375, 4.15625, 6.66796875, 0.309326171875, 7.58203125, 8.609375, 10.140625, 0.09967041015625, 0.48876953125, 4.62890625, 4.67578125, 4.2578125, 0.64013671875, 1.921875, 6.2109375, 0.233642578125, 0.62158203125, 5.8515625, 0.006702423095703125, 1.828125, 4.62109375, 1.3193359375, 4.6328125, 2.83203125, 0.292236328125, 2.755859375, 1.435546875, 3.865234375, 8.1015625, 1.6015625, 5.0390625, 0.92724609375, 5.765625, 6.6796875, 2.640625, 3.541015625, 1.3515625, 1.4775390625, 6.37109375, 0.1663818359375, 0.062744140625, 0.1922607421875, 3.767578125, 0.2734375, 0.026702880859375, 3.212890625, 1.03515625, 2.501953125, 3.275390625, 1.318359375, 0.330078125, 0.450927734375, 3.01171875, 2.77734375, 3.796875, 0.335205078125, 4.765625, 0.6083984375, 3.42578125, 0.01299285888671875, 0.62451171875, 1.4658203125, 5.875, 0.81884765625, 5.96484375, 0.045623779296875, 7.984375, 0.07080078125, 3.048828125, 4.65625, 0.004070281982421875, 1.681640625, 0.7216796875, 0.11004638671875, 4.79296875, 3.46484375, 7.0703125, 9.203125, 0.27001953125, 0.332275390625, 9.625, 2.31640625, 1.2880859375, 1.544921875, 2.259765625, 0.12939453125, 0.004833221435546875, 7.4140625, 0.0012636184692382812, 2.130859375, 0.0021038055419921875, 1.642578125, 2.142578125, 0.005283355712890625]",-0.9938130851775879
234,0,test,3.3671648738948443,1.4869044218059888,2.07059090669944,5.943384978753987,2.6245359928521816,3.654801399073508,28.996202521999603,22.44099056347902,25.339455475151887,51.18121653212011,39.610607504664316,44.72668986553656,3.427999640229958,1.471095518721085,2.0720268681793774,6.050764465640799,2.5966316874070157,3.6573360156454786,30.814940090020627,23.737557692287233,26.93440609382587,54.391471434063256,41.899179013902966,47.541938272994656,3.3671648738948443,1.4869044218059888,2.07059090669944,5.943384978753987,2.6245359928521816,3.654801399073508,28.996202521999603,22.44099056347902,25.339455475151887,51.18121653212011,39.610607504664316,44.72668986553656,0.7336683417085428,-0.001331658291457205,0.008668341708542804,0.5628140703517588,0.012814070351758744,-0.007185929648241274,0.457286432160804,-0.012713567839195972,0.01228643216080405,0.4122137404580153,0.09792802617230101,0.15713759832603558,0.4022988505747126,0.40703517587939697,0.08623317086686566,0.15327891544534022,0.4040404040404041,0.4122137404580153,0.09792802617230101,0.15713759832603558,0.4022988505747126,28.0,12.0,12.0,40.0,12.0,12.0,49.0,12.0,12.0,1.4399170501032576e-05,-0.0002076184860523964,-0.00020498074886502618,0.00012787541372372146,0.00017828449388890277,-8.936283448512938e-05,"[3.0625, 9.453125, 2.48046875, 1.494140625, 1.81640625, 8.234375, 9.171875, 7.08203125, 1.7666015625, 1.8818359375, 6.89453125, 0.10467529296875, 0.60986328125, 5.640625, 9.78125, 0.681640625, 2.3984375, 1.8935546875, 1.6142578125, 2.357421875, 5.7890625, 3.1953125, 6.06640625, 0.480224609375, 0.2314453125, 10.1171875, 0.260009765625, 0.83642578125, 1.4248046875, 7.4453125, 2.82421875, 10.2890625, 1.87890625, 3.234375, 1.462890625, 0.16015625, 3.2734375, 2.6328125, 1.4609375, 7.609375, 0.201171875, 5.3359375, 9.40625, 2.24609375, 5.15625, 8.2265625, 1.2587890625, 6.32421875, 2.1484375, 4.5546875, 0.409423828125, 3.16796875, 3.908203125, 5.95703125, 0.317626953125, 0.323486328125, 1.0810546875, 0.5380859375, 4.1484375, 0.74853515625, 0.923828125, 7.78515625, 9.2890625, 1.94921875, 8.6328125, 0.80029296875, 7.515625, 0.1455078125, 6.1640625, 2.560546875, 0.8564453125, 9.90625, 2.044921875, 7.26953125, 6.9609375, 4.1953125, 1.037109375, 6.03125, 4.94921875, 5.375, 1.8994140625, 1.76953125, 7.41015625, 0.036041259765625, 7.54296875, 3.0703125, 4.31640625, 0.8974609375, 3.419921875, 1.896484375, 1.9892578125, 6.84375, 0.453369140625, 4.86328125, 0.1044921875, 1.576171875, 1.8740234375, 3.318359375, 0.346435546875, 1.3310546875, 6.64453125, 7.25, 1.431640625, 4.44921875, 0.8544921875, 0.912109375, 3.294921875, 3.57421875, 6.73046875, 10.8125, 0.814453125, 0.9365234375, 4.125, 0.5498046875, 9.8515625, 6.8125, 0.311279296875, 0.10638427734375, 0.1544189453125, 1.6220703125, 2.70703125, 9.265625, 3.4609375, 0.482421875, 1.568359375, 2.638671875, 0.6982421875, 1.2509765625, 0.1485595703125, 0.3212890625, 6.19140625, 2.474609375, 9.734375, 2.552734375, 7.07421875, 4.9375, 2.30859375, 0.469970703125, 0.77294921875, 0.06591796875, 4.03125, 0.73974609375, 6.0390625, 6.765625, 0.019256591796875, 0.5576171875, 1.103515625, 1.3037109375, 0.144775390625, 3.80859375, 8.578125, 5.25390625, 5.69921875, 1.2509765625, 0.1806640625, 1.96484375, 5.375, 4.05078125, 5.953125, 0.033966064453125, 0.473388671875, 9.2109375, 6.453125, 5.01953125, 1.1162109375, 3.595703125, 9.3515625, 7.59375, 4.5078125, 0.54150390625, 2.111328125, 5.25390625, 0.1610107421875, 3.97265625, 0.01247406005859375, 2.158203125, 0.01116180419921875, 0.5458984375, 7.9140625, 2.259765625, 0.0065460205078125, 6.20703125, 6.19140625, 3.728515625, 2.015625, 4.7265625, 3.80859375, 2.5859375, 4.4375, 1.8623046875, 6.12890625, 0.0221710205078125, 0.485595703125, 4.40234375, 0.57861328125, 1.2158203125, 3.015625, 2.966796875, 0.349365234375, 1.6064453125, 3.703125, 0.51220703125, 10.5859375, 0.044830322265625, 1.0478515625, 2.62890625, 0.33837890625, 0.00412750244140625, 0.78271484375, 4.20703125, 11.0078125, 0.146484375, 2.958984375, 0.047393798828125, 0.6162109375, 8.0390625, 1.1005859375, 0.028564453125, 0.291015625, 4.8671875, 5.21484375, 0.186279296875, 0.24951171875, 0.58203125, 3.61328125, 1.453125, 1.9501953125, 10.25, 3.068359375, 5.24609375, 1.7841796875, 0.5341796875, 2.2421875, 6.76953125, 4.05859375, 5.80859375, 1.0439453125, 1.94140625, 2.92578125, 0.2470703125, 3.13671875, 1.2451171875, 0.52978515625, 1.1494140625, 3.66015625, 3.515625, 0.340576171875, 3.02734375, 8.765625, 6.953125, 4.48828125, 10.4296875, 3.6640625, 2.802734375, 0.282470703125, 8.1171875, 4.921875, 2.908203125, 4.31640625, 4.3515625, 0.451416015625, 5.2890625]",-1.15787432211956
142,0,test,3.6247485160827635,1.6707759886571805,2.2714168142308777,5.58997361516378,2.5766183921460133,3.5029078580909925,37.51528748173795,30.458622713688936,33.64498872629146,57.854901176656114,46.97233382352029,51.8862476742808,3.614760317395081,1.6579295612865173,2.29162565329102,5.574570128030968,2.556807034273183,3.5340732966415733,37.1424424613242,30.065579279537083,33.38726830456133,57.2799112656566,46.36619455157526,51.48879931305844,3.6247485160827635,1.6707759886571805,2.2714168142308777,5.58997361516378,2.5766183921460133,3.5029078580909925,37.51528748173795,30.458622713688936,33.64498872629146,57.854901176656114,46.97233382352029,51.8862476742808,0.7939698492462312,-0.0060301507537688925,-0.001030150753768888,0.6582914572864322,-0.011708542713567693,-0.011708542713567693,0.5527638190954773,0.0027638190954772934,-0.0072361809045227155,0.42352941176470593,0.08889144698975482,0.16798834266431484,0.38976377952755903,0.4170854271356784,0.0662082341532223,0.14997357404719758,0.3787878787878788,0.42352941176470593,0.08889144698975482,0.16798834266431484,0.38976377952755903,17.0,0.0,-2.0,29.0,0.0,-3.0,40.0,0.0,-3.0,-5.622901445069583e-05,-1.1380103292544448e-05,-0.00015320394921587387,7.936596070123869e-05,0.0001398081572467902,-0.00011389473326595123,"[3.0625, 9.453125, 2.48046875, 1.494140625, 11.8203125, 3.376953125, 7.53515625, 14.4765625, 4.890625, 1.3779296875, 3.583984375, 0.3740234375, 0.11968994140625, 5.5859375, 3.09375, 1.6435546875, 3.95703125, 0.0169219970703125, 4.546875, 5.07421875, 1.9453125, 8.8125, 5.2578125, 7.5859375, 0.66845703125, 3.931640625, 5.046875, 5.0, 4.42578125, 5.1796875, 5.1640625, 0.82275390625, 2.03515625, 9.046875, 0.578125, 0.72314453125, 2.150390625, 1.076171875, 3.330078125, 5.08203125, 0.273681640625, 3.263671875, 0.46533203125, 3.482421875, 1.451171875, 0.01079559326171875, 2.755859375, 8.7890625, 1.306640625, 5.796875, 5.33984375, 2.322265625, 3.037109375, 8.3671875, 6.96875, 3.51953125, 5.67578125, 3.232421875, 7.64453125, 0.0290985107421875, 3.99609375, 3.13671875, 6.84375, 3.34765625, 2.52734375, 1.1865234375, 9.8359375, 0.796875, 3.103515625, 7.70703125, 0.287841796875, 4.80859375, 2.310546875, 2.064453125, 3.861328125, 5.453125, 1.826171875, 7.20703125, 0.384765625, 1.5546875, 6.01171875, 3.7421875, 0.1663818359375, 5.6953125, 1.2939453125, 2.544921875, 7.5859375, 7.26953125, 3.513671875, 2.466796875, 0.436279296875, 1.408203125, 0.85595703125, 4.92578125, 2.130859375, 3.669921875, 2.453125, 3.1484375, 2.0703125, 1.6162109375, 4.87109375, 3.056640625, 0.18212890625, 7.65625, 4.0703125, 3.3359375, 2.423828125, 4.9609375, 1.533203125, 4.2421875, 1.1279296875, 5.97265625, 4.08984375, 6.66796875, 5.30078125, 4.19921875, 0.1292724609375, 6.70703125, 7.66015625, 3.39453125, 3.984375, 3.154296875, 6.8515625, 10.828125, 2.787109375, 0.73486328125, 5.23046875, 3.662109375, 0.51708984375, 7.01171875, 3.626953125, 3.275390625, 0.58349609375, 2.21875, 0.1785888671875, 0.1741943359375, 3.986328125, 0.7314453125, 11.5, 0.57666015625, 3.166015625, 0.1279296875, 0.053680419921875, 6.1953125, 3.08984375, 2.083984375, 3.90234375, 1.3544921875, 5.0234375, 9.59375, 0.36572265625, 0.650390625, 1.4697265625, 3.091796875, 2.681640625, 9.59375, 1.8525390625, 4.6171875, 3.052734375, 3.935546875, 1.5625, 0.0733642578125, 4.14453125, 7.55078125, 0.35302734375, 6.4296875, 2.322265625, 1.134765625, 6.55078125, 1.4453125, 1.5888671875, 0.767578125, 2.7890625, 5.21484375, 2.486328125, 1.7158203125, 0.87353515625, 8.8984375, 4.65234375, 5.37890625, 2.408203125, 1.9716796875, 11.828125, 0.95703125, 0.64990234375, 1.3466796875, 2.951171875, 4.58203125, 8.3828125, 0.2493896484375, 5.3203125, 1.83203125, 0.424560546875, 4.359375, 0.99365234375, 3.3828125, 0.361572265625, 0.66552734375, 10.09375, 0.01444244384765625, 0.052459716796875, 0.00151824951171875, 0.004779815673828125, 0.002788543701171875, 0.8115234375, 9.890625, 3.35546875, 1.7109375, 8.015625, 5.5859375, 7.03125, 2.205078125, 4.703125, 9.4375, 11.859375, 5.73828125, 9.6328125, 9.375, 7.6015625, 0.48828125, 7.890625, 1.7861328125, 10.2109375, 4.0546875, 3.435546875, 0.0012044906616210938, 2.427734375, 0.0031681060791015625, 0.0189056396484375, 0.00469970703125, 0.03375244140625, 4.29296875, 0.04583740234375, 0.0005254745483398438, 0.005245208740234375, 0.0013942718505859375, 0.41845703125, 0.00067901611328125, 0.78369140625, 10.9609375, 0.0068206787109375, 4.65234375, 1.185546875, 7.14453125, 5.1015625, 8.703125, 0.007122039794921875, 2.765625, 9.140625, 4.09375, 1.416015625, 7.51953125, 6.08203125, 0.0007424354553222656, 0.001308441162109375]",-1.0076677322387697
171,0,test,3.5215764685152133,1.5793706977655504,2.1821449175113017,6.23414212669585,2.795912991990366,3.8629862728916278,33.83773055512253,26.863613234047197,30.020857364287842,59.90192841514934,47.55585586027273,53.14503128002306,3.466410109745198,1.4890527481954765,2.070546658917894,6.136482761846229,2.636025810994695,3.6654271934897853,32.02158189676992,24.79795359498435,27.98312181743956,56.68685443887648,43.89908001274256,49.53768862276462,3.5215764685152133,1.5793706977655504,2.1821449175113017,6.23414212669585,2.795912991990366,3.8629862728916278,33.83773055512253,26.863613234047197,30.020857364287842,59.90192841514934,47.55585586027273,53.14503128002306,0.7185929648241206,-0.006407035175879372,-0.011407035175879376,0.5829145728643217,-0.0070854271356783904,0.0029145728643216184,0.5025125628140703,-0.007487437185929702,-0.0024874371859296973,0.45977011494252873,0.14619458912990924,0.20754081557947135,0.45769230769230773,0.4623115577889447,0.14401581844057376,0.21022474643669098,0.4545454545454546,0.45977011494252873,0.14619458912990924,0.20754081557947135,0.45769230769230773,21.0,8.0,8.0,33.0,12.0,13.0,42.0,10.0,13.0,0.00010791316953012588,-0.0001788859021745083,-4.310853837068432e-05,0.00012094549186336678,0.00017278787436758591,-9.286739145242251e-05,"[3.0625, 9.453125, 2.48046875, 1.494140625, 1.81640625, 4.23046875, 5.1484375, 4.8359375, 0.1331787109375, 1.26953125, 4.74609375, 0.2222900390625, 1.484375, 4.66796875, 0.271484375, 11.7734375, 0.0335693359375, 3.7109375, 2.228515625, 0.00115966796875, 0.69580078125, 0.21435546875, 3.1328125, 3.787109375, 3.91015625, 0.1630859375, 1.6279296875, 8.8203125, 5.46875, 8.0546875, 2.65625, 0.3359375, 7.48828125, 2.9609375, 7.44921875, 0.05450439453125, 2.607421875, 5.41015625, 6.4375, 1.619140625, 1.4052734375, 5.58203125, 4.5390625, 3.2890625, 0.96142578125, 7.04296875, 4.0546875, 9.671875, 4.0234375, 0.1627197265625, 4.6015625, 12.4453125, 0.035888671875, 0.955078125, 14.1484375, 8.421875, 4.2890625, 4.33984375, 4.453125, 4.9296875, 1.2109375, 1.25, 7.38671875, 5.359375, 0.7705078125, 1.521484375, 2.0703125, 0.724609375, 6.0546875, 3.30078125, 2.53125, 9.1328125, 0.9306640625, 1.4580078125, 6.91015625, 3.84765625, 5.55859375, 1.2724609375, 1.1669921875, 0.57373046875, 6.3125, 0.309814453125, 5.40234375, 6.3046875, 2.671875, 2.01171875, 4.69921875, 3.943359375, 6.296875, 5.296875, 5.10546875, 0.74951171875, 0.16845703125, 1.685546875, 2.8203125, 0.1478271484375, 10.1640625, 5.66015625, 1.0986328125, 4.91015625, 0.05645751953125, 3.45703125, 9.0546875, 11.6015625, 5.44140625, 1.458984375, 2.392578125, 0.5126953125, 5.34375, 0.79638671875, 0.69580078125, 0.1119384765625, 2.951171875, 3.53125, 0.446044921875, 1.2626953125, 7.42578125, 0.0675048828125, 4.31640625, 0.463623046875, 0.76904296875, 2.0859375, 3.17578125, 5.8359375, 0.90478515625, 4.26171875, 0.79296875, 0.242919921875, 0.045074462890625, 0.2191162109375, 0.396240234375, 5.0390625, 0.2158203125, 5.6796875, 2.21484375, 7.4140625, 9.4765625, 5.12890625, 3.060546875, 0.2117919921875, 6.25390625, 4.13671875, 3.630859375, 6.07421875, 10.265625, 4.0703125, 7.26171875, 5.56640625, 4.30078125, 4.734375, 0.034393310546875, 1.06640625, 0.95263671875, 7.38671875, 9.8125, 4.2265625, 2.0234375, 3.8828125, 1.5927734375, 2.203125, 0.95556640625, 1.3974609375, 0.295166015625, 0.72265625, 4.3125, 0.2325439453125, 6.98828125, 5.5, 0.487548828125, 4.5078125, 8.375, 1.0107421875, 7.23046875, 3.86328125, 5.4921875, 0.0189056396484375, 0.330810546875, 7.4609375, 3.48828125, 0.46533203125, 3.77734375, 4.234375, 0.75244140625, 4.78125, 0.36474609375, 0.57861328125, 5.21484375, 1.44921875, 0.0114593505859375, 11.2109375, 2.298828125, 1.6748046875, 0.1688232421875, 0.92236328125, 1.2431640625, 1.890625, 1.5078125, 5.8046875, 0.1904296875, 6.1875, 3.845703125, 5.18359375, 1.2880859375, 3.2578125, 1.0419921875, 0.332275390625, 6.35546875, 3.88671875, 5.60546875, 8.8984375, 0.0902099609375, 8.2109375, 3.44140625, 0.1168212890625, 9.140625, 10.6484375, 2.71875, 0.341552734375, 10.7265625, 2.97265625, 0.19384765625, 2.08984375, 6.40625, 0.1297607421875, 1.9619140625, 10.9140625, 8.0703125, 5.33203125, 0.00232696533203125, 5.328125, 0.2342529296875, 0.00339508056640625, 10.7421875, 13.078125, 2.0, 1.4462890625, 3.560546875, 0.007389068603515625, 0.91796875, 0.0299530029296875, 4.890625, 0.7080078125, 0.05438232421875, 0.0689697265625, 0.0218353271484375, 0.07843017578125, 0.086669921875, 0.0274810791015625, 6.05078125, 0.0203857421875, 7.1484375, 6.671875, 9.21875, 6.64453125, 0.0279388427734375, 1.2890625, 5.12890625, 5.12890625, 0.34619140625, 1.7978515625, 3.6328125]",-0.88430112166423
476,0,test,3.129024634450119,1.3600670398817036,1.8935734899528622,5.1829484970635304,2.2528289942655912,3.136534550024485,22.851679927712294,16.986943187208357,19.411749851496516,37.85175700846703,28.137346920350254,32.153821548889105,3.7272192389521765,1.6250419369095335,2.2489983478753226,6.173804175290016,2.6917361313937405,3.725263930070407,41.563369518877174,33.379400017369434,37.17823241860083,68.84599156203758,55.28998054159143,61.58240549337471,3.1294213445688968,1.3784103256088707,1.8895384201686352,5.183605611773096,2.283213000880335,3.1298508190485603,22.860747218794835,17.100323588324407,19.405538298369414,37.86677616241401,28.325151379634796,32.14353266858113,0.7487437185929648,0.008743718592964855,0.008743718592964855,0.6281407035175879,-0.0018592964824121205,0.018140703517587897,0.4974874371859297,-0.002512562814070307,0.0024874371859296973,0.3944099378881988,0.10448745726804376,0.16093886350803344,0.33956386292834895,0.4321608040201005,0.12138386166421078,0.18341289083145274,0.40909090909090906,0.3913043478260869,0.1024896566741671,0.15771146684722148,0.3355704697986577,20.0,0.0,0.0,33.0,1.0,1.0,40.0,-1.0,-2.0,-0.0018990402643430078,-0.00036229837376233867,-0.0004792640472591188,0.022975018331780284,0.01857241502653828,0.02239085481408587,"[3.056640625, 9.4453125, 2.4296875, 1.0791015625, 10.8046875, 8.6484375, 4.37109375, 0.054534912109375, 8.3515625, 5.54296875, 3.962890625, 4.65625, 1.4501953125, 0.2047119140625, 1.408203125, 1.041015625, 0.1256103515625, 0.75146484375, 6.90625, 0.70458984375, 10.6484375, 13.765625, 5.5078125, 1.1259765625, 7.78125, 4.3828125, 9.0390625, 3.861328125, 5.08203125, 6.8984375, 2.927734375, 4.24609375, 3.931640625, 2.232421875, 8.25, 8.8359375, 9.578125, 1.34765625, 2.23828125, 0.72802734375, 1.818359375, 0.1495361328125, 0.142333984375, 0.8984375, 0.88134765625, 9.3828125, 0.359619140625, 3.66015625, 4.62890625, 2.9921875, 0.045440673828125, 5.859375, 2.748046875, 3.24609375, 1.4033203125, 0.59521484375, 1.744140625, 1.4072265625, 0.1966552734375, 2.25, 4.62890625, 7.1640625, 1.8212890625, 5.875, 7.88671875, 11.7265625, 0.7958984375, 5.890625, 6.125, 0.10150146484375, 4.3359375, 7.5546875, 1.2998046875, 2.734375, 3.228515625, 0.01136016845703125, 2.462890625, 7.74609375, 5.28515625, 2.21484375, 10.5078125, 0.70263671875, 8.78125, 1.482421875, 7.03125, 5.50390625, 4.8515625, 0.10601806640625, 0.71533203125, 4.2578125, 6.203125, 1.08984375, 2.357421875, 4.5234375, 0.81640625, 5.54296875, 0.1142578125, 2.09375, 5.109375, 2.400390625, 0.01026153564453125, 2.203125, 3.552734375, 6.2265625, 0.52197265625, 8.2421875, 4.3671875, 4.7890625, 3.091796875, 14.578125, 0.67333984375, 7.29296875, 0.302978515625, 7.6640625, 0.26904296875, 2.88671875, 0.0195770263671875, 0.9609375, 5.3828125, 0.90869140625, 0.4501953125, 6.60546875, 0.74267578125, 5.2890625, 0.163818359375, 2.748046875, 15.9140625, 2.10546875, 3.61328125, 1.828125, 0.1429443359375, 1.2109375, 1.5283203125, 0.004261016845703125, 1.1376953125, 2.017578125, 0.03753662109375, 3.787109375, 4.19140625, 3.6875, 0.0032176971435546875, 6.5625, 7.83984375, 1.9814453125, 4.69921875, 0.0248565673828125, 5.03515625, 5.22265625, 0.0271148681640625, 8.96875, 2.06640625, 3.619140625, 0.0166168212890625, 3.67578125, 5.921875, 0.461669921875, 8.6875, 3.53515625, 2.564453125, 6.12109375, 0.29931640625, 0.333740234375, 6.40234375, 0.8779296875, 4.578125, 0.4033203125, 6.30859375, 2.484375, 5.72265625, 1.5947265625, 10.5, 7.8046875, 10.0625, 4.65625, 7.0625, 0.004535675048828125, 0.1336669921875, 0.0006480216979980469, 0.002086639404296875, 0.015655517578125, 0.57421875, 4.9296875, 7.0859375, 4.19140625, 5.11328125, 2.06640625, 2.146484375, 4.60546875, 6.61328125, 4.3828125, 1.9248046875, 0.33740234375, 2.0625, 2.66015625, 7.5546875, 8.8984375, 1.025390625, 4.78515625, 1.5927734375, 7.48828125, 3.44921875, 10.40625, 5.2265625, 8.7890625, 2.62890625, 0.321044921875, 0.29541015625, 0.6650390625, 7.75390625, 0.01219940185546875, 1.5947265625, 1.6787109375, 0.00788116455078125, 0.3505859375, 0.304931640625, 0.008697509765625, 0.71533203125, 0.0015707015991210938, 0.81396484375, 0.010894775390625, 0.06671142578125, 0.003368377685546875, 0.06427001953125, 2.705078125, 0.08453369140625, 0.00011038780212402344, 0.0037059783935546875, 0.0007414817810058594, 0.390380859375, 0.000667572021484375, 0.50146484375, 10.21875, 0.87744140625, 5.22265625, 0.0511474609375, 0.7412109375, 0.1640625, 0.0176849365234375, 0.00026416778564453125, 0.135009765625, 0.018035888671875, 0.56005859375, 0.26953125, 6.2890625, 2.197265625, 2.48046875, 0.041168212890625, 0.051422119140625, 0.0860595703125, 2.78125, 0.262451171875, 0.65380859375, 0.004425048828125, 0.0014390945434570312, 0.05731201171875, 0.0008893013000488281, 7.87890625, 0.0298919677734375, 0.0099334716796875, 0.0517578125, 2.03515625, 7.515625, 9.453125, 3.20703125, 0.2401123046875, 4.88671875, 1.912109375, 1.060546875, 0.96484375, 8.265625, 2.37109375, 0.58056640625, 8.15625, 0.71875, 0.9150390625, 2.576171875, 0.38525390625, 0.00864410400390625, 0.1661376953125, 0.346923828125, 0.00037932395935058594, 0.00019025802612304688, 0.0004954338073730469, 5.48828125, 0.29443359375, 8.859375, 2.30078125, 0.21337890625, 2.83203125, 1.3505859375, 4.90234375, 0.162353515625, 0.8603515625, 2.796875, 0.63818359375, 3.421875, 1.5986328125, 0.0006952285766601562, 0.2666015625, 3.1953125, 0.0006823539733886719, 6.52734375, 1.107421875, 8.3046875, 0.2724609375, 9.1328125, 0.1259765625, 0.0204315185546875, 0.1868896484375, 4.62890625, 0.490478515625, 3.384765625, 0.131591796875, 9.328125, 5.96875, 2.69921875, 0.56494140625, 4.2421875, 1.1904296875, 2.90625, 7.12890625, 1.880859375]",-1.4410227440899201
78,0,test,4.27857621961277,1.9825233656238912,2.727140088487105,6.801839118358762,3.151703812017468,4.335453474005142,72.13765867206548,62.202768175180054,67.41941733953206,114.68038045302718,98.88645197079907,107.17958653976893,4.219068443355848,1.8682839258859878,2.6356115097579584,6.707237012514425,2.970092394998237,4.189946502692139,67.97013675559414,57.47633769062756,63.09836864173246,108.05508920120094,91.37263940561304,100.31022707147213,4.27857621961277,1.9825233656238912,2.727140088487105,6.801839118358762,3.151703812017468,4.335453474005142,72.13765867206548,62.202768175180054,67.41941733953206,114.68038045302718,98.88645197079907,107.17958653976893,0.778894472361809,-0.01110552763819106,-0.016105527638191064,0.6331658291457287,-0.011834170854271298,0.0031658291457287158,0.5527638190954773,-0.0022361809045226,0.0027638190954772934,0.46153846153846156,0.13628593628593633,0.2031266176622839,0.45934959349593496,0.4522613065326633,0.12394050452765071,0.19850504609860653,0.4545454545454546,0.46153846153846156,0.13628593628593633,0.2031266176622839,0.45934959349593496,26.0,2.0,2.0,41.0,7.0,8.0,45.0,2.0,3.0,7.547405603272089e-05,0.00016155839831383375,8.991549656222501e-05,2.39265858157367e-05,9.583520108336074e-05,0.00011149550017286458,"[3.0625, 9.453125, 2.48046875, 1.494140625, 1.81640625, 8.234375, 0.3681640625, 6.640625, 1.47265625, 7.05078125, 1.5068359375, 10.484375, 4.57421875, 10.0859375, 0.955078125, 3.017578125, 3.15234375, 0.09368896484375, 5.88671875, 1.4169921875, 8.5703125, 4.74609375, 8.03125, 5.14453125, 12.2109375, 1.8388671875, 8.671875, 0.1287841796875, 0.37353515625, 2.671875, 1.4775390625, 9.1015625, 1.1484375, 8.4296875, 0.2000732421875, 0.01241302490234375, 5.92578125, 1.921875, 1.5830078125, 6.09375, 1.9677734375, 2.931640625, 5.3515625, 0.58251953125, 8.796875, 1.580078125, 8.0078125, 1.3818359375, 0.362060546875, 6.0625, 3.341796875, 2.62890625, 11.234375, 1.4697265625, 10.0546875, 8.7109375, 5.49609375, 6.62109375, 0.383544921875, 2.150390625, 6.57421875, 9.3671875, 4.39453125, 3.603515625, 2.048828125, 3.5234375, 10.1484375, 3.0859375, 9.25, 0.283447265625, 6.59765625, 5.52734375, 9.59375, 1.81640625, 3.095703125, 7.35546875, 0.7138671875, 6.1171875, 3.33203125, 1.0791015625, 4.46484375, 0.97021484375, 3.630859375, 4.50390625, 1.73046875, 6.28125, 7.546875, 0.276123046875, 9.1171875, 2.404296875, 1.3896484375, 5.1796875, 2.65234375, 0.1556396484375, 5.04296875, 5.9453125, 1.970703125, 2.82421875, 2.087890625, 1.7607421875, 1.3994140625, 0.40185546875, 0.39599609375, 10.5703125, 1.337890625, 7.65625, 0.1925048828125, 6.4765625, 0.004558563232421875, 0.0006594657897949219, 7.0, 0.1160888671875, 0.7607421875, 1.7802734375, 12.515625, 0.91455078125, 0.75732421875, 0.0943603515625, 5.42578125, 6.90234375, 0.041015625, 2.70703125, 7.953125, 1.44140625, 1.119140625, 3.806640625, 3.0546875, 4.7265625, 0.0299224853515625, 9.15625, 2.75, 4.50390625, 3.8828125, 0.05560302734375, 0.34912109375, 2.69921875, 2.517578125, 7.5703125, 0.86376953125, 4.1796875, 7.69921875, 8.453125, 0.051300048828125, 0.040557861328125, 5.55859375, 3.70703125, 1.2021484375, 0.3271484375, 2.287109375, 7.4140625, 4.3203125, 5.08203125, 6.18359375, 9.203125, 3.56640625, 8.3828125, 0.039337158203125, 0.99560546875, 2.490234375, 7.2109375, 0.047576904296875, 0.05072021484375, 11.984375, 6.8828125, 7.8984375, 1.2568359375, 10.453125, 6.6953125, 6.34375, 2.0390625, 9.828125, 6.94921875, 4.03515625, 13.796875, 5.7734375, 1.7451171875, 5.890625, 9.046875, 7.2421875, 7.45703125, 1.1748046875, 6.05078125, 2.91015625, 4.79296875, 8.359375, 0.061492919921875, 4.71875, 9.6015625, 5.15234375, 10.46875, 0.415283203125, 4.375, 2.37890625, 1.212890625, 7.15234375, 0.693359375, 0.1209716796875, 0.03167724609375, 7.77734375, 12.375, 2.1953125, 6.265625, 7.73828125, 7.79296875, 6.9140625, 6.10546875, 6.32421875, 1.75, 5.140625, 6.33203125, 6.42578125, 9.59375, 0.791015625, 2.37890625, 5.84375, 4.73046875, 3.6796875, 3.736328125, 0.364990234375, 3.30078125, 3.6484375, 2.548828125, 5.66796875, 1.8779296875, 6.2265625, 3.341796875, 1.9345703125, 1.5888671875, 1.9150390625, 2.7109375, 0.59130859375, 0.68603515625, 6.34765625, 1.560546875, 5.27734375, 7.83984375, 0.65380859375, 4.90625, 1.681640625, 9.0859375, 9.1953125, 0.0665283203125, 8.7109375, 4.12109375, 3.017578125, 6.14453125, 2.40234375]",-0.4476944560464098
90,0,test,5.136059414256703,2.4401376527042853,3.3140465393747762,8.299120394987966,3.942905353455096,5.355014225209242,170.04437191487239,155.22519971198855,163.8600777745946,274.76682047220237,250.82120685168886,264.77390616016817,5.2769574496015235,2.4672776360492024,3.3891403141632255,8.526791000880511,3.9867595948356014,5.47635477593448,195.77331809725396,179.16871729784972,189.16838284268684,316.34103229129454,289.5104273410377,305.668423495805,5.136059414256703,2.4401376527042853,3.3140465393747762,8.299120394987966,3.942905353455096,5.355014225209242,170.04437191487239,155.22519971198855,163.8600777745946,274.76682047220237,250.82120685168886,264.77390616016817,0.8994974874371859,-0.005502512562814088,0.004497487437185921,0.7939698492462312,-0.0160301507537689,-0.0060301507537688925,0.7135678391959799,-0.0014321608040201994,-0.0014321608040201994,0.46590909090909094,0.08972761642893967,0.19386878864208845,0.4600760456273765,0.44221105527638194,0.061258674324001006,0.1650825076970831,0.45959595959595956,0.46590909090909094,0.08972761642893967,0.19386878864208845,0.4600760456273765,29.0,7.0,7.0,41.0,6.0,6.0,49.0,5.0,5.0,8.768430101514801e-05,-0.0004275675328628025,-6.855545075759918e-05,0.000141735257445319,0.00018927773293242467,-8.23537205478786e-05,"[3.0625, 9.453125, 2.48046875, 1.494140625, 0.81689453125, 9.96875, 4.9453125, 4.8671875, 1.35546875, 13.796875, 4.68359375, 1.9033203125, 10.34375, 11.046875, 1.7021484375, 9.4375, 5.0234375, 6.21484375, 1.587890625, 2.900390625, 0.927734375, 14.1796875, 1.154296875, 7.90625, 1.9072265625, 1.9921875, 5.57421875, 4.80859375, 6.6015625, 8.609375, 1.849609375, 9.71875, 10.625, 8.390625, 3.810546875, 9.21875, 10.4609375, 0.7109375, 0.8916015625, 8.2578125, 10.140625, 4.11328125, 0.1312255859375, 0.270263671875, 1.16796875, 10.328125, 11.796875, 6.3828125, 0.87939453125, 5.5390625, 4.640625, 3.080078125, 4.46875, 4.3828125, 7.4453125, 4.90625, 10.1953125, 8.953125, 4.9453125, 11.9765625, 5.87109375, 3.955078125, 4.58984375, 8.1875, 9.0, 0.1614990234375, 7.828125, 5.21875, 3.501953125, 5.77734375, 10.015625, 10.9375, 3.10546875, 2.341796875, 3.400390625, 2.5234375, 2.6484375, 3.482421875, 9.1328125, 0.06536865234375, 7.29296875, 0.2254638671875, 6.87890625, 0.458984375, 1.3779296875, 11.4609375, 1.4287109375, 8.515625, 0.9736328125, 4.6953125, 3.01953125, 4.046875, 3.462890625, 3.6875, 4.34375, 3.3828125, 10.0234375, 4.40234375, 0.91748046875, 6.00390625, 6.16796875, 0.005214691162109375, 0.004863739013671875, 0.7177734375, 10.71875, 2.8359375, 8.6171875, 3.50390625, 1.90234375, 8.3984375, 5.33984375, 0.767578125, 6.58984375, 4.40625, 3.404296875, 7.3984375, 8.7578125, 10.8359375, 8.625, 6.5703125, 7.921875, 5.265625, 2.982421875, 1.7001953125, 11.7109375, 15.1796875, 5.71875, 5.25, 2.501953125, 12.2578125, 4.046875, 5.62890625, 7.70703125, 4.98828125, 6.91015625, 3.88671875, 7.5, 1.330078125, 0.9306640625, 11.0859375, 6.4453125, 8.203125, 7.44140625, 4.3671875, 3.234375, 2.748046875, 1.4345703125, 3.478515625, 5.5546875, 8.9140625, 2.533203125, 3.01953125, 5.97265625, 5.453125, 3.34765625, 6.76953125, 11.34375, 4.32421875, 7.14453125, 1.443359375, 3.16796875, 3.40625, 4.37890625, 5.76953125, 0.1839599609375, 5.3359375, 4.05859375, 4.046875, 5.95703125, 1.73828125, 6.96875, 9.296875, 8.046875, 6.1875, 3.28515625, 10.4921875, 2.791015625, 6.5, 0.55322265625, 6.65234375, 1.70703125, 2.33203125, 2.94921875, 3.833984375, 5.20703125, 9.734375, 7.1953125, 11.8125, 4.11328125, 2.14453125, 8.1015625, 0.2724609375, 8.2109375, 3.486328125, 6.28125, 2.783203125, 3.84765625, 7.08203125, 3.642578125, 1.875, 7.40234375, 9.640625, 1.1640625, 1.7841796875, 6.25390625, 8.703125, 0.65576171875, 7.09375, 1.263671875, 2.166015625, 5.828125, 3.51171875, 0.7509765625, 0.0849609375, 3.72265625, 5.66796875, 5.3984375, 0.59033203125, 8.4296875, 2.177734375, 7.78515625, 8.8515625, 5.23046875, 2.021484375, 3.615234375, 7.89453125, 1.62890625, 7.3125, 8.140625, 8.5078125, 0.87158203125, 0.53369140625, 3.677734375, 6.5, 5.98828125, 1.763671875, 2.8203125, 5.73828125, 7.41015625, 3.974609375, 7.88671875, 0.1441650390625, 7.8828125, 3.076171875, 3.205078125, 8.75, 0.93505859375, 6.90234375, 6.68359375, 1.35546875, 3.09765625, 0.1534423828125, 9.2734375, 7.05859375, 4.484375, 10.03125, 2.818359375, 12.1796875, 9.546875, 1.3046875, 4.26953125, 0.15625, 4.578125, 0.14794921875]",-0.5725725780833848
14,0,test,3.479184296624414,1.59562397295024,2.198809060406285,5.720014860552003,2.6233139894266655,3.6149911671086388,32.43325536695534,25.856376321115555,28.835265798658366,53.32247068804523,42.50963564657981,47.407131906268845,3.702107324073063,1.6336715167971714,2.2901458382469495,6.086515431103171,2.685866731005519,3.765155022202612,40.532629810847894,32.620192953884164,36.42863236370893,66.63839138393638,53.62980875469092,59.891141343724854,3.4766995779399212,1.5917521870881273,2.1954095243021716,5.7159298145791935,2.6169485109753965,3.6094020992764526,32.35276788712829,25.766759938495756,28.751485309277022,53.19014381443126,42.36230023786591,47.26939110169274,0.7738693467336684,-0.006130653266331665,0.003869346733668344,0.6432160804020101,0.013216080402010055,-0.001783919597989958,0.48743718592964824,-0.007562814070351753,-0.007562814070351753,0.42068965517241375,0.09366727995726742,0.17642360012654223,0.4152249134948097,0.44221105527638194,0.11639651893552982,0.1834464475969162,0.4444444444444444,0.4172413793103448,0.09710368567867522,0.16838816830117043,0.4117647058823529,28.0,9.0,9.0,38.0,10.0,9.0,45.0,7.0,7.0,-0.0005930546329030852,-9.9190092830323e-06,-8.156806480723868e-05,0.00032191322581809345,-0.00013850755599076336,8.764760639934366e-06,"[3.056640625, 9.4453125, 2.4296875, 1.0791015625, 1.802734375, 9.203125, 0.45166015625, 1.9365234375, 6.26171875, 0.144287109375, 0.77685546875, 2.33203125, 0.99658203125, 11.5703125, 0.8955078125, 8.046875, 2.6015625, 1.7099609375, 9.8515625, 4.71484375, 0.9736328125, 4.65625, 0.88525390625, 1.32421875, 6.55859375, 7.5078125, 0.9248046875, 9.0234375, 6.66015625, 0.213134765625, 0.32666015625, 5.484375, 0.5283203125, 5.37890625, 1.283203125, 1.9873046875, 5.078125, 5.1953125, 5.80859375, 0.1513671875, 1.1748046875, 0.978515625, 4.78125, 5.6171875, 2.390625, 2.26171875, 3.8984375, 4.1015625, 4.38671875, 5.58984375, 4.0078125, 0.097900390625, 4.84765625, 4.859375, 2.984375, 0.72314453125, 2.30859375, 7.9375, 2.13671875, 1.5087890625, 6.55078125, 1.4970703125, 10.875, 0.09881591796875, 1.0537109375, 9.171875, 0.00014913082122802734, 2.6171875, 0.305908203125, 1.3115234375, 5.9921875, 0.32177734375, 7.96484375, 0.2890625, 6.328125, 2.703125, 7.85546875, 1.986328125, 0.8046875, 2.455078125, 6.62890625, 3.9296875, 2.236328125, 2.9453125, 8.03125, 0.60498046875, 6.80078125, 0.3095703125, 2.26171875, 4.21875, 2.046875, 6.26953125, 0.1453857421875, 1.5869140625, 2.55078125, 1.2314453125, 5.30859375, 6.515625, 0.5263671875, 1.4697265625, 9.859375, 3.970703125, 1.30078125, 3.923828125, 2.0234375, 4.19921875, 0.01300811767578125, 7.2578125, 1.421875, 9.7578125, 8.8515625, 0.9736328125, 4.48046875, 1.2177734375, 7.69921875, 3.015625, 2.4375, 7.8046875, 0.5810546875, 6.53125, 2.365234375, 0.28662109375, 6.56640625, 4.890625, 9.3828125, 0.9345703125, 0.9892578125, 7.13671875, 10.296875, 0.0953369140625, 2.54296875, 11.125, 3.439453125, 2.119140625, 2.578125, 0.94482421875, 4.61328125, 4.51953125, 2.126953125, 8.859375, 1.8720703125, 7.62890625, 3.193359375, 2.18359375, 0.58837890625, 4.2421875, 1.197265625, 0.427978515625, 4.08984375, 4.03125, 0.8681640625, 1.4228515625, 0.95068359375, 0.81982421875, 2.568359375, 7.125, 0.08013916015625, 1.6884765625, 5.15625, 5.6484375, 0.083251953125, 0.60498046875, 4.37109375, 0.0811767578125, 5.234375, 7.21875, 10.84375, 4.93359375, 4.328125, 10.40625, 8.3359375, 0.0287628173828125, 6.80078125, 2.216796875, 1.6259765625, 9.03125, 2.287109375, 4.375, 3.1171875, 0.017303466796875, 6.73046875, 5.71484375, 0.467041015625, 5.2578125, 3.375, 5.94140625, 2.966796875, 3.05078125, 4.34375, 1.3759765625, 2.0234375, 3.6328125, 5.47265625, 5.2421875, 0.6494140625, 8.3828125, 0.371337890625, 2.201171875, 2.33984375, 5.63671875, 1.6259765625, 4.07421875, 3.55859375, 0.248291015625, 4.6875, 5.2578125, 1.794921875, 3.43359375, 0.00412750244140625, 0.0694580078125, 0.0012273788452148438, 0.004375457763671875, 0.0012197494506835938, 0.86669921875, 9.796875, 5.9140625, 9.5625, 6.0078125, 7.71875, 3.2421875, 4.6796875, 6.015625, 1.27734375, 3.23046875, 1.5693359375, 7.83984375, 4.19921875, 0.63134765625, 7.29296875, 4.41015625, 0.295166015625, 0.023590087890625, 1.005859375, 0.271728515625, 8.25, 0.453125, 6.81640625, 5.46484375, 2.091796875, 0.0152587890625, 0.265380859375, 0.055450439453125, 5.18359375, 3.208984375, 7.24609375, 6.6640625, 2.50390625, 0.064697265625, 4.0234375, 0.10052490234375, 2.7890625, 2.048828125, 0.378662109375, 6.4375, 4.03125, 0.3779296875, 8.140625, 12.265625, 0.264892578125, 2.1328125, 0.4140625, 0.24462890625, 1.044921875, 0.53125, 2.3515625, 7.015625, 3.16015625, 8.1484375, 4.84765625, 3.146484375, 2.119140625, 0.16015625, 2.849609375, 1.6123046875, 1.015625, 1.8271484375, 0.4326171875, 0.00720977783203125, 0.3408203125, 0.0008087158203125, 0.60107421875, 6.4453125, 0.402587890625, 0.498046875, 3.4375, 3.70703125, 4.1640625, 0.58447265625, 1.275390625, 3.005859375]",-0.8570564718082032
167,0,test,4.082526109475628,1.9080434562505628,2.5904316440006285,6.600491314721076,3.084860677770371,4.188123017246525,59.29506665110814,50.497434133266744,54.84866804963901,95.8662754239473,81.64255817953307,88.67748726588344,3.960818717228108,1.8191054753426288,2.50541086291546,6.403718884141253,2.941068732589879,4.050664269384276,52.50029125141071,43.986279549084045,48.214059984349724,84.8807104064724,71.11554178594426,77.95087542379895,4.095760969424337,1.9076929716617594,2.6101960449885384,6.621888992482461,3.0842940260399705,4.220077438005422,60.08504464684119,51.16707771867193,55.667584407589864,97.1434853571684,82.72521547330194,90.00148377275008,0.7688442211055276,-0.006155778894472386,0.003844221105527623,0.6381909547738693,0.0031909547738693256,-0.0018090452261306789,0.5125628140703518,-0.012437185929648265,-0.00743718592964826,0.4237918215613383,0.09726120931644033,0.17039256321770424,0.4104477611940298,0.4170854271356784,0.08876462513066585,0.16165971761981868,0.38383838383838387,0.4386617100371747,0.10656523508355686,0.18155416986412154,0.4253731343283582,25.0,0.0,0.0,34.0,0.0,0.0,41.0,1.0,0.0,-0.00021183539497987756,-3.1500524378484285e-05,-0.00013219418480648958,0.00017638486674709242,-0.00021985158203818855,-6.483093570341936e-05,"[3.056640625, 9.4453125, 2.4296875, 1.0791015625, 7.80078125, 7.5859375, 9.34375, 8.9375, 0.34521484375, 4.359375, 3.25, 10.6171875, 0.329833984375, 1.048828125, 15.3828125, 3.498046875, 3.080078125, 1.8125, 8.421875, 1.095703125, 6.80078125, 3.830078125, 2.158203125, 3.861328125, 0.3505859375, 3.783203125, 0.51611328125, 3.021484375, 3.453125, 4.34375, 8.140625, 4.19921875, 1.181640625, 0.0016088485717773438, 0.712890625, 6.296875, 0.055816650390625, 5.51953125, 2.84375, 11.3515625, 1.3330078125, 0.245849609375, 2.302734375, 2.44140625, 4.703125, 7.08984375, 1.38671875, 5.34765625, 1.2724609375, 5.9921875, 0.459228515625, 10.4609375, 0.12548828125, 0.029449462890625, 7.3671875, 11.4140625, 2.98046875, 2.728515625, 1.673828125, 0.00431060791015625, 0.0016145706176757812, 0.71044921875, 8.1640625, 5.1875, 9.921875, 7.921875, 5.47265625, 0.422607421875, 12.421875, 3.958984375, 4.0234375, 9.7265625, 6.85546875, 2.671875, 2.974609375, 2.64453125, 5.9140625, 2.2734375, 10.09375, 0.10968017578125, 0.01538848876953125, 3.947265625, 8.03125, 4.13671875, 8.0625, 0.162841796875, 0.250244140625, 7.66015625, 4.4609375, 3.921875, 8.2421875, 1.7431640625, 1.4609375, 2.330078125, 1.2099609375, 0.935546875, 0.343017578125, 0.175048828125, 2.5390625, 1.0439453125, 2.2265625, 2.0703125, 7.8359375, 1.75, 9.8515625, 6.125, 1.0615234375, 1.4716796875, 3.30859375, 5.48828125, 0.434814453125, 1.8681640625, 0.0281219482421875, 5.98828125, 7.4453125, 3.5546875, 3.79296875, 3.9609375, 10.21875, 7.66015625, 10.15625, 10.3046875, 0.315185546875, 4.01171875, 1.568359375, 5.93359375, 1.1884765625, 1.4208984375, 0.6552734375, 3.87109375, 9.7109375, 0.002346038818359375, 2.697265625, 4.31640625, 2.740234375, 0.64794921875, 0.07537841796875, 8.6484375, 7.8203125, 11.25, 9.4296875, 0.08038330078125, 0.939453125, 2.849609375, 9.6328125, 1.115234375, 0.1748046875, 2.59375, 6.3203125, 5.6796875, 3.580078125, 10.015625, 0.2294921875, 3.79296875, 1.2705078125, 7.1328125, 1.955078125, 0.2435302734375, 11.8359375, 3.29296875, 2.9296875, 0.00989532470703125, 0.0005869865417480469, 0.0241241455078125, 4.62109375, 3.04296875, 0.7490234375, 4.13671875, 4.7265625, 0.5126953125, 0.079345703125, 2.955078125, 6.66796875, 7.33984375, 9.6640625, 0.85791015625, 4.5546875, 2.0703125, 5.03515625, 4.55078125, 3.6640625, 2.34765625, 0.96240234375, 8.3203125, 0.441650390625, 4.9140625, 2.23046875, 1.138671875, 4.56640625, 7.56640625, 0.28076171875, 1.8876953125, 5.2890625, 0.024810791015625, 0.0210418701171875, 1.09765625, 6.08984375, 0.50146484375, 5.65625, 6.80859375, 10.7109375, 7.33203125, 9.671875, 0.04888916015625, 1.1552734375, 6.2265625, 0.96044921875, 0.95947265625, 4.3359375, 6.61328125, 0.021392822265625, 0.806640625, 5.80078125, 0.005645751953125, 3.84375, 1.380859375, 5.7578125, 8.6328125, 2.365234375, 15.65625, 9.28125, 10.140625, 2.220703125, 2.21484375, 9.171875, 8.9140625, 7.5078125, 0.650390625, 5.7578125, 1.8662109375, 3.763671875, 0.329345703125, 5.00390625, 8.8203125, 7.26171875, 4.78125, 1.302734375, 3.560546875, 1.150390625, 10.5703125, 4.328125, 2.13671875, 4.93359375, 1.5048828125, 1.978515625, 0.430908203125, 5.10546875, 4.578125, 1.1728515625, 4.37109375, 3.572265625, 2.734375, 2.28515625, 6.08984375, 4.9453125, 4.4140625, 6.0546875, 9.203125, 2.533203125, 5.2421875, 3.310546875, 1.2626953125, 4.87890625, 2.455078125, 10.75, 1.7041015625, 5.6015625, 0.97802734375, 2.265625]",-0.9100638410858952
129,0,test,3.751522190430585,1.682531220116489,2.3231560553078614,6.132727892141016,2.7504851682143805,3.79773415029369,42.58585647121426,34.66902570220948,38.4139791346209,69.61640009964965,56.674515070078975,62.79650481288327,3.693043936437099,1.6382795897670102,2.252254613416839,6.0371317044750175,2.6781456766849927,3.6818293979808203,40.16692663318364,32.361928251138956,35.942898008659405,65.66210162191098,52.90303241054451,58.75695303211986,3.7620170265436172,1.7004098474705986,2.337479051758141,6.1498841212359725,2.779711906344152,3.821148389999835,43.03514151834188,35.17655169093956,38.879204267032634,70.35086008687026,57.504183303152686,63.557022544310826,0.7085427135678393,-0.006457286432160814,-0.006457286432160814,0.592964824120603,0.007964824120603065,-0.0020351758793969443,0.5025125628140703,0.002512562814070307,-0.0024874371859296973,0.4338235294117647,0.1090528872099299,0.18321228246799948,0.46125461254612543,0.44723618090452266,0.13645923854863296,0.19514936955226891,0.4747474747474747,0.4375,0.11456422018348622,0.18933374083129584,0.46125461254612543,21.0,4.0,5.0,34.0,8.0,8.0,43.0,7.0,8.0,3.216909003717567e-05,0.00031800423132122285,8.234894477188791e-05,0.00019717463232815646,-0.00020823100688893703,-5.431726479621091e-05,"[3.056640625, 6.44140625, 0.03302001953125, 0.005214691162109375, 0.009490966796875, 0.62646484375, 3.7578125, 7.11328125, 2.28125, 0.477783203125, 3.490234375, 0.5498046875, 5.828125, 7.6484375, 7.46875, 1.2001953125, 0.53271484375, 0.0011882781982421875, 0.83251953125, 0.0005092620849609375, 1.6162109375, 0.0024356842041015625, 0.15576171875, 2.61328125, 10.2265625, 3.357421875, 9.78125, 3.03125, 9.2734375, 5.5234375, 2.9609375, 0.72216796875, 0.0009851455688476562, 0.0114593505859375, 11.6015625, 3.076171875, 6.8671875, 2.625, 8.9765625, 0.06878662109375, 0.08612060546875, 6.84765625, 0.398681640625, 9.4296875, 6.6328125, 5.05078125, 1.849609375, 0.83544921875, 0.0010852813720703125, 0.011016845703125, 0.0013170242309570312, 3.837890625, 0.8515625, 0.48681640625, 0.76416015625, 3.50390625, 1.787109375, 5.1953125, 3.484375, 0.00925445556640625, 8.984375, 0.2252197265625, 0.69677734375, 1.7802734375, 3.83203125, 0.4580078125, 5.3046875, 2.6484375, 1.1796875, 1.9892578125, 1.892578125, 1.71875, 8.4765625, 4.375, 6.67578125, 4.375, 2.931640625, 8.140625, 0.1573486328125, 11.453125, 4.07421875, 2.353515625, 0.54638671875, 4.98828125, 6.21875, 7.66796875, 4.921875, 0.150146484375, 2.9609375, 5.73828125, 5.7578125, 0.84619140625, 8.3515625, 0.00850677490234375, 0.72412109375, 1.712890625, 7.51171875, 5.6171875, 6.34375, 2.869140625, 5.05859375, 4.109375, 8.7890625, 6.79296875, 4.0546875, 1.8798828125, 6.21484375, 4.1796875, 2.25390625, 1.4482421875, 3.7421875, 7.953125, 5.2734375, 7.04296875, 2.9609375, 1.529296875, 6.390625, 5.2890625, 0.771484375, 1.7861328125, 9.2578125, 2.4140625, 0.033935546875, 6.82421875, 7.9921875, 0.16845703125, 0.72216796875, 6.125, 6.13671875, 0.89306640625, 7.34765625, 8.25, 6.6875, 1.5361328125, 3.76171875, 1.0693359375, 1.9775390625, 11.0390625, 0.01904296875, 2.232421875, 3.12109375, 3.966796875, 10.484375, 10.203125, 4.21875, 1.8662109375, 5.765625, 0.259033203125, 3.6015625, 4.3515625, 8.515625, 0.1531982421875, 0.25, 1.45703125, 0.63330078125, 0.1160888671875, 5.0, 0.93017578125, 0.1907958984375, 3.904296875, 0.6572265625, 9.4296875, 4.34765625, 9.6640625, 5.58203125, 0.02197265625, 0.056549072265625, 0.537109375, 1.453125, 6.80859375, 2.140625, 0.8828125, 3.81640625, 3.18359375, 1.6064453125, 1.740234375, 8.5625, 5.30859375, 5.140625, 0.208984375, 0.270263671875, 6.4296875, 2.19140625, 2.36328125, 3.560546875, 9.4375, 6.56640625, 1.234375, 3.517578125, 0.403076171875, 2.5859375, 0.2386474609375, 5.140625, 5.0390625, 14.296875, 1.3359375, 1.4072265625, 5.6171875, 0.30810546875, 12.2109375, 12.40625, 2.205078125, 0.728515625, 4.68359375, 1.6708984375, 1.591796875, 5.23046875, 6.8203125, 1.15625, 0.1695556640625, 14.4296875, 0.0027179718017578125, 0.1549072265625, 6.71484375, 2.125, 0.67724609375, 4.875, 0.374267578125, 3.255859375, 7.5546875, 0.1593017578125, 3.671875, 0.6640625, 2.46875, 7.09765625, 7.84375, 3.259765625, 4.48828125, 10.5546875, 3.6953125, 3.173828125, 0.67529296875, 0.677734375, 2.376953125, 2.982421875, 0.0989990234375, 1.271484375, 6.55859375, 2.91796875, 8.2109375, 0.1409912109375, 4.27734375, 6.9140625, 2.392578125, 0.426025390625, 4.09765625, 4.2421875, 3.9453125, 7.7734375, 2.333984375, 10.4375, 9.3515625, 1.0625, 3.810546875, 4.34765625, 2.880859375, 7.3515625, 1.0751953125, 1.3447265625, 0.00951385498046875, 6.5, 3.322265625, 0.33984375, 2.59765625, 10.5078125, 4.8671875, 9.046875, 0.0227203369140625, 0.443603515625, 5.109375, 2.326171875, 9.5703125]",-0.7603677441092098
414,0,test,3.8335800880894944,1.7138895880400784,2.3726049848452724,5.846745050549899,2.6139209918153146,3.618553971300331,46.22774172378987,37.89918232376334,41.917581392563676,70.50376251728846,57.801546225627895,63.930166034468634,3.7825680437998557,1.5988964668649075,2.2790459338941096,5.768944558421009,2.4385404215313957,3.4758633516932513,43.92870785373233,35.049862001736464,39.431205951005204,66.99741477133477,53.45593478477125,60.13809622695207,3.8335800880894944,1.7138895880400784,2.3726049848452724,5.846745050549899,2.6139209918153146,3.618553971300331,46.22774172378987,37.89918232376334,41.917581392563676,70.50376251728846,57.801546225627895,63.930166034468634,0.7336683417085428,-0.011331658291457214,-0.001331658291457205,0.6231155778894473,-0.006884422110552735,-0.01188442211055274,0.5527638190954773,-0.0072361809045227155,-0.0072361809045227155,0.47058823529411764,0.12196438208310845,0.20652955558751618,0.46125461254612543,0.4723618090452262,0.1290034130552512,0.20524995595674533,0.43434343434343436,0.47058823529411764,0.12196438208310845,0.20652955558751618,0.46125461254612543,24.0,6.0,7.0,37.0,10.0,10.0,46.0,7.0,8.0,0.0004211392773298127,-0.00014344676594877414,-0.00024186046914370844,0.004872703673891365,0.005036262161542737,0.005529950049892207,"[3.0625, 9.453125, 2.48046875, 1.494140625, 1.81640625, 7.23046875, 8.6171875, 2.212890625, 0.779296875, 9.0390625, 1.984375, 6.8984375, 13.3984375, 4.3359375, 7.84375, 9.1171875, 1.78515625, 4.33203125, 1.767578125, 8.953125, 0.0025691986083984375, 4.13671875, 1.642578125, 7.67578125, 3.98046875, 3.994140625, 6.42578125, 5.14453125, 3.380859375, 7.37109375, 1.1259765625, 6.6484375, 6.046875, 3.0625, 0.9267578125, 5.85546875, 0.15869140625, 7.1015625, 0.51953125, 6.98828125, 0.82958984375, 6.59375, 3.806640625, 8.5078125, 3.34765625, 5.27734375, 3.0625, 0.62255859375, 6.28125, 3.578125, 6.15234375, 2.3828125, 8.5625, 1.1875, 3.134765625, 5.52734375, 0.0885009765625, 0.469482421875, 5.59765625, 2.001953125, 1.0849609375, 0.8466796875, 11.078125, 7.2109375, 5.57421875, 0.286376953125, 1.44921875, 6.09765625, 1.080078125, 3.357421875, 2.73046875, 4.74609375, 2.83203125, 7.796875, 0.83935546875, 10.4296875, 0.372314453125, 3.337890625, 4.359375, 2.216796875, 3.33984375, 0.6943359375, 4.57421875, 5.5625, 5.46875, 0.8388671875, 0.0289459228515625, 8.9609375, 5.61328125, 1.0, 1.0859375, 5.55859375, 5.34765625, 4.37109375, 4.74609375, 0.47021484375, 4.46484375, 0.72265625, 6.734375, 4.38671875, 8.046875, 3.533203125, 4.47265625, 0.0143585205078125, 0.080322265625, 0.0002644062042236328, 0.005401611328125, 0.0008625984191894531, 0.7822265625, 3.013671875, 5.47265625, 2.5078125, 3.67578125, 0.60791015625, 9.7421875, 1.1455078125, 0.0034542083740234375, 0.36865234375, 7.30859375, 5.4140625, 4.890625, 0.359619140625, 0.049072265625, 0.431396484375, 1.47265625, 3.607421875, 4.359375, 4.0390625, 0.2257080078125, 5.62109375, 6.79296875, 0.2213134765625, 0.00728607177734375, 1.4541015625, 0.00047969818115234375, 0.51611328125, 3.38671875, 1.5107421875, 7.05078125, 6.16796875, 3.296875, 1.642578125, 1.166015625, 5.6796875, 4.11328125, 0.0204315185546875, 0.0047607421875, 0.0058441162109375, 0.0004000663757324219, 0.445556640625, 0.3681640625, 0.00263214111328125, 0.00017917156219482422, 0.0009379386901855469, 9.4765625, 2.8125, 8.6875, 1.546875, 7.9921875, 0.07611083984375, 8.765625, 5.3515625, 1.208984375, 4.484375, 7.14453125, 1.6181640625, 8.28125, 0.1072998046875, 0.50146484375, 1.283203125, 4.6875, 0.0171966552734375, 1.3759765625, 6.02734375, 7.35546875, 2.65234375, 3.615234375, 2.130859375, 6.20703125, 5.39453125, 7.87890625, 7.12890625, 5.62890625, 8.46875, 2.56640625, 9.6015625, 3.96484375, 7.234375, 2.462890625, 3.791015625, 5.36328125, 11.640625, 0.00019609928131103516, 3.646484375, 0.69921875, 6.8203125, 3.216796875, 0.00896453857421875, 9.8125, 4.2578125, 5.71875, 2.734375, 4.234375, 12.5625, 8.7734375, 1.9931640625, 0.01183319091796875, 3.892578125, 4.484375, 2.83203125, 1.8154296875, 6.03125, 0.1629638671875, 4.17578125, 5.875, 7.31640625, 5.43359375, 0.021148681640625, 4.8828125, 7.71875, 0.42236328125, 3.482421875, 6.38671875, 6.6328125, 3.861328125, 2.896484375, 3.58203125, 1.3974609375, 9.1796875, 6.953125, 0.461669921875, 6.84765625, 4.39453125, 2.00390625, 4.51171875, 5.30078125, 5.73828125, 1.8095703125, 0.0010595321655273438, 8.8203125, 7.2578125, 5.5390625, 0.7216796875, 1.087890625, 2.65625, 2.173828125, 1.7470703125, 0.4013671875, 0.47314453125, 7.9375, 0.01500701904296875, 4.03515625, 0.64306640625, 6.85546875, 5.515625, 2.302734375, 2.763671875, 0.5634765625, 7.6953125, 4.33984375, 4.6640625, 3.28515625, 9.640625, 3.634765625, 0.68359375, 9.5, 5.16796875, 1.2666015625, 2.107421875, 0.77294921875, 6.26953125, 0.06024169921875]",-1.1314973121180252
332,0,test,2.6209671298118487,1.1268002197342721,1.5035425093671415,5.359072455369478,2.3039602258253833,3.074282449320524,13.749014238702095,9.293391167150444,10.69204304303881,28.11250956069814,19.002129425570182,21.861942758392203,3.0352916699558046,1.3173022434481176,1.8300666974203512,6.206238833540919,2.6934783301788325,3.741924085228204,20.807045804650127,15.233734165367334,17.469535962985294,42.544015444144954,31.148305611868405,35.71983330979116,2.7943268224945834,1.251654497836347,1.713952039541947,5.713539759960992,2.559248861497782,3.5045052875550424,16.351617506228802,11.674545265128831,13.405834132632549,33.43403356022202,23.870857916408674,27.410811690187224,0.6532663316582914,-0.0017336683417086274,-0.01673366834170853,0.4974874371859297,-0.007512562814070312,-0.012512562814070316,0.40703517587939697,-0.00296482412060306,-0.007964824120603065,0.35890410958904106,0.08257032025935573,0.128210072443391,0.33241758241758246,0.40201005025125625,0.09875190488784769,0.1549315861444115,0.38383838383838387,0.37792642140468224,0.1058062210707924,0.15990639915774119,0.3523489932885906,23.0,13.0,12.0,33.0,13.0,12.0,40.0,12.0,11.0,-0.00036949291580956156,-0.00049025159780839,-0.0003711182742733627,0.016568234444744867,0.021706434942061037,0.021263954971632693,"[3.056640625, 9.4453125, 2.4296875, 1.0791015625, 0.80224609375, 5.9921875, 0.55810546875, 4.75, 5.234375, 3.595703125, 1.84375, 6.73046875, 5.92578125, 2.49609375, 6.875, 6.5625, 0.8564453125, 2.064453125, 0.734375, 8.21875, 7.7734375, 0.951171875, 1.517578125, 9.8984375, 4.453125, 2.556640625, 3.880859375, 2.337890625, 0.72607421875, 0.0015048980712890625, 5.33984375, 0.8505859375, 3.95703125, 3.251953125, 4.0078125, 1.7138671875, 0.01004791259765625, 1.3955078125, 0.385009765625, 0.260498046875, 4.15625, 0.01322174072265625, 6.17578125, 3.015625, 7.82421875, 2.45703125, 7.22265625, 1.80859375, 4.5390625, 4.68359375, 1.2900390625, 0.110107421875, 3.73046875, 2.728515625, 1.109375, 1.328125, 0.0176849365234375, 0.0032062530517578125, 0.0013275146484375, 0.1766357421875, 0.0712890625, 4.0859375, 0.69873046875, 8.6953125, 6.07421875, 3.900390625, 7.890625, 5.15625, 5.5, 9.8515625, 8.171875, 2.833984375, 5.80859375, 8.4453125, 4.62890625, 4.7734375, 1.6787109375, 3.478515625, 3.0234375, 0.50732421875, 0.31787109375, 8.15625, 0.445556640625, 6.8671875, 5.51953125, 1.953125, 3.65625, 0.0165863037109375, 1.5078125, 2.306640625, 1.8037109375, 0.003383636474609375, 9.328125, 7.30078125, 6.734375, 1.0107421875, 0.290283203125, 1.33984375, 1.9931640625, 6.0703125, 5.515625, 3.49609375, 2.513671875, 5.81640625, 0.058685302734375, 10.2109375, 0.489013671875, 1.0068359375, 4.34375, 0.029815673828125, 0.0689697265625, 0.0027751922607421875, 2.076171875, 0.55126953125, 4.66015625, 0.18603515625, 4.83984375, 0.2354736328125, 1.37890625, 2.517578125, 3.783203125, 2.451171875, 1.6015625, 1.2421875, 1.30859375, 1.8232421875, 2.357421875, 0.468505859375, 0.271484375, 0.172119140625, 0.0382080078125, 0.6171875, 5.3125, 0.1912841796875, 1.0625, 3.166015625, 1.478515625, 1.1513671875, 1.7470703125, 0.037628173828125, 1.197265625, 12.578125, 7.65234375, 0.1422119140625, 4.9765625, 3.18359375, 4.80078125, 0.4521484375, 9.34375, 1.76171875, 0.149169921875, 1.7861328125, 3.6953125, 1.2158203125, 0.8544921875, 6.3828125, 0.0026397705078125, 6.109375, 0.0008287429809570312, 0.0019588470458984375, 0.007160186767578125, 1.5810546875, 0.0006704330444335938, 0.00629425048828125, 5.1796875, 3.7890625, 8.4375, 0.058441162109375, 2.369140625, 1.8740234375, 0.002529144287109375, 0.004848480224609375, 3.7890625, 0.0155487060546875, 6.01171875, 1.015625, 0.00010073184967041016, 0.0011396408081054688, 1.69140625, 0.14990234375, 0.53759765625, 0.256591796875, 0.0003147125244140625, 0.0165252685546875, 8.6640625, 7.890625, 10.2890625, 8.2890625, 1.01171875, 0.00067138671875, 0.0236358642578125, 5.11328125, 6.6484375, 11.875, 5.02734375, 1.900390625, 0.04168701171875, 0.09375, 6.21484375, 0.202880859375, 0.288330078125, 0.0005993843078613281, 0.08990478515625, 4.90234375, 8.2578125, 5.30859375, 1.98046875, 8.0234375, 0.4501953125, 0.0004870891571044922, 0.01158905029296875, 11.7265625, 2.33984375, 0.7158203125, 0.0325927734375, 1.41796875, 2.19140625, 0.32080078125, 0.0001773834228515625, 0.02545166015625, 8.5234375, 1.19140625, 0.035247802734375, 0.423583984375, 0.17822265625, 0.14697265625, 0.00014078617095947266, 0.1871337890625, 12.6484375, 1.416015625, 7.18359375, 5.09375, 11.1796875, 9.0234375, 0.79931640625, 0.0036525726318359375, 0.034210205078125, 4.8203125, 0.039825439453125, 2.09375, 0.11798095703125, 0.000377655029296875, 0.02130126953125, 1.3271484375, 0.07818603515625, 0.06732177734375, 0.027191162109375, 0.00040149688720703125, 0.07470703125, 6.0, 3.59765625, 7.44921875, 4.984375, 7.86328125, 0.103515625, 0.0001881122589111328, 0.028961181640625, 3.169921875, 0.0212249755859375, 2.1640625, 0.11627197265625, 0.00022995471954345703, 0.00904083251953125, 1.796875, 0.13818359375, 0.024017333984375, 0.029541015625, 0.0002529621124267578, 0.07220458984375, 4.90625, 7.30078125, 2.509765625, 9.859375, 2.54296875, 0.0003681182861328125, 0.011810302734375, 6.24609375, 8.6171875, 4.98828125, 2.3828125, 0.0034942626953125, 0.031951904296875, 6.21484375, 3.35546875, 0.19677734375, 0.0173187255859375, 0.0694580078125, 0.00019240379333496094, 0.037109375, 8.2890625, 8.8359375, 0.87158203125, 0.0673828125, 0.00044035911560058594, 0.0121917724609375, 1.3056640625, 0.00948333740234375, 1.3173828125, 0.10345458984375, 0.0002589225769042969, 0.0040130615234375, 0.33740234375, 0.05938720703125, 0.041961669921875, 0.03173828125, 0.0006384849548339844, 5.01171875, 0.00354766845703125, 0.0090789794921875, 0.00696563720703125, 0.0310211181640625, 3.419921875, 0.111083984375, 0.06060791015625, 0.0005350112915039062, 0.003818511962890625, 0.00209808349609375, 0.20263671875, 0.00041985511779785156, 0.2122802734375, 1.3662109375, 1.236328125, 0.42041015625, 2.01171875, 9.0546875, 0.5830078125, 1.78125, 0.01044464111328125, 2.064453125, 6.88671875, 0.0791015625, 4.0, 7.21484375, 0.12481689453125, 1.6923828125, 8.375, 0.10101318359375, 8.890625, 2.951171875, 0.41748046875, 0.56201171875, 3.345703125, 4.99609375, 9.0, 0.144287109375, 5.65234375, 1.8095703125, 0.0014066696166992188, 0.0020236968994140625, 0.026947021484375, 0.0003540515899658203, 0.8125, 0.38525390625, 0.0018358230590820312, 0.0005245208740234375, 0.0007796287536621094, 3.365234375, 2.884765625, 1.90234375, 3.7578125, 2.302734375, 3.205078125, 4.46484375, 0.03369140625, 1.23046875]",-1.9450404843238935
465,0,test,3.1200459515937022,1.3862496563342472,1.9380674720254976,6.052137327790194,2.688990297226673,3.7593838915193394,22.64742030432142,16.985312110565804,19.386601014930438,43.930538180671675,32.947412648205955,37.605334498840975,3.666569306023756,1.6227708181382021,2.2924593532276734,7.112260943009937,3.1477843580753078,4.446818745417535,39.11747531020283,31.39759787311664,35.16591722615114,75.87847620412838,60.903774187611795,68.21340570373896,3.0824336838164057,1.3985761107227304,1.9361567975574476,5.979178591499293,2.7129006485103564,3.755677643454808,21.81141995580017,16.425125986876832,18.664963495903443,42.30889895040756,31.860786552857473,36.205531600487404,0.7487437185929648,0.003743718592964851,0.008743718592964855,0.6180904522613065,-0.006909547738693456,0.0030904522613065533,0.4773869346733668,-0.017613065326633204,-0.007613065326633195,0.4018691588785047,0.11571052746326371,0.17388988426710572,0.35,0.4170854271356784,0.09377715645898665,0.17167641211063667,0.41414141414141414,0.4046822742474916,0.11920648125917777,0.17553878147774749,0.3422818791946308,25.0,5.0,5.0,39.0,8.0,7.0,45.0,6.0,7.0,-0.0020732403589754176,-0.00015999256286302463,-0.00048205400649572555,0.007592272775516662,0.006274158430819909,0.007659467116529761,"[3.056640625, 9.4453125, 2.4296875, 1.0791015625, 6.80078125, 1.4033203125, 2.205078125, 1.3720703125, 1.1533203125, 1.4619140625, 4.54296875, 0.75390625, 8.203125, 0.3720703125, 6.72265625, 5.49609375, 10.2421875, 1.232421875, 2.7421875, 4.1640625, 4.1796875, 12.046875, 1.5263671875, 2.85546875, 9.40625, 2.16796875, 1.94921875, 1.4013671875, 5.58984375, 5.84375, 1.4990234375, 2.037109375, 1.7041015625, 2.212890625, 2.31640625, 2.28125, 0.1588134765625, 4.41796875, 3.669921875, 0.057281494140625, 9.21875, 4.953125, 2.458984375, 10.296875, 4.109375, 5.82421875, 1.72265625, 7.796875, 1.025390625, 0.9228515625, 5.671875, 0.9384765625, 7.66796875, 0.146484375, 0.52734375, 11.0234375, 0.81689453125, 1.9931640625, 8.5859375, 0.272216796875, 3.244140625, 0.9609375, 2.775390625, 4.8828125, 1.09375, 7.2265625, 0.1983642578125, 2.53515625, 5.78125, 5.36328125, 0.87109375, 4.55859375, 8.078125, 0.254638671875, 6.04296875, 1.158203125, 5.796875, 0.634765625, 0.325927734375, 5.078125, 2.181640625, 0.89990234375, 3.96484375, 0.2215576171875, 0.5234375, 0.1268310546875, 0.54248046875, 10.65625, 2.416015625, 9.453125, 10.2734375, 2.71875, 12.046875, 1.5146484375, 8.6328125, 3.47265625, 5.671875, 1.35546875, 10.75, 0.003986358642578125, 0.53515625, 1.6943359375, 13.1015625, 0.0200958251953125, 3.28125, 0.00040340423583984375, 9.859375, 3.4609375, 1.458984375, 2.908203125, 3.3359375, 5.43359375, 0.0992431640625, 1.0126953125, 6.33203125, 5.48828125, 4.2265625, 8.9765625, 6.66796875, 2.296875, 2.84375, 3.044921875, 6.55859375, 4.28515625, 0.348388671875, 0.85791015625, 6.13671875, 9.5390625, 0.85693359375, 3.166015625, 3.763671875, 0.041412353515625, 5.6640625, 4.9375, 0.15380859375, 0.1329345703125, 1.2568359375, 0.0027008056640625, 0.55322265625, 7.16015625, 0.399658203125, 6.73046875, 3.513671875, 2.20703125, 2.701171875, 6.375, 1.84765625, 3.916015625, 4.578125, 0.152099609375, 0.050567626953125, 1.1337890625, 0.004638671875, 0.384765625, 10.9296875, 7.2109375, 0.466796875, 1.03515625, 5.8046875, 5.12109375, 0.2418212890625, 7.421875, 2.041015625, 7.5703125, 3.453125, 3.130859375, 7.33203125, 2.455078125, 1.41796875, 6.859375, 4.83203125, 10.1796875, 2.84375, 5.05859375, 2.505859375, 3.54296875, 0.04302978515625, 0.02154541015625, 6.15625, 0.52197265625, 1.998046875, 4.69140625, 0.7861328125, 6.046875, 1.3623046875, 1.119140625, 6.703125, 2.482421875, 2.267578125, 6.8046875, 0.355224609375, 2.357421875, 4.48828125, 3.6484375, 4.76953125, 2.359375, 0.2861328125, 0.2337646484375, 3.5625, 0.269287109375, 7.9765625, 0.71630859375, 4.2265625, 0.1605224609375, 0.1307373046875, 1.3251953125, 0.0014324188232421875, 8.1171875, 4.0390625, 5.80859375, 0.302978515625, 0.423095703125, 0.15087890625, 0.39892578125, 0.33447265625, 2.50390625, 0.34326171875, 1.5078125, 3.43359375, 3.4140625, 1.943359375, 1.5400390625, 3.220703125, 0.61328125, 2.822265625, 0.53955078125, 0.39892578125, 0.09356689453125, 1.8720703125, 2.115234375, 3.755859375, 6.40234375, 5.2578125, 8.4375, 0.7978515625, 3.61328125, 1.4541015625, 0.101318359375, 3.458984375, 1.4140625, 0.43017578125, 0.41650390625, 1.396484375, 2.77734375, 4.19140625, 3.1328125, 0.05615234375, 0.3173828125, 0.337646484375, 0.00139617919921875, 6.4921875, 0.26171875, 0.38623046875, 0.281982421875, 1.28125, 0.477783203125, 2.904296875, 2.671875, 1.2216796875, 0.77294921875, 1.9658203125, 0.1051025390625, 2.619140625, 0.10650634765625, 0.090087890625, 0.04278564453125, 0.244384765625, 1.9345703125, 0.2294921875, 0.4443359375, 0.1385498046875, 0.413330078125, 0.1781005859375, 0.324462890625, 0.08905029296875, 0.0039005279541015625, 0.253662109375, 0.013824462890625, 0.0225067138671875, 0.1864013671875, 1.9091796875, 11.21875, 0.0016832351684570312, 0.9091796875, 0.0006670951843261719, 0.005825042724609375, 0.0014591217041015625, 0.5458984375, 8.7890625, 7.1640625, 3.927734375, 6.234375, 4.609375, 0.201416015625, 5.203125, 5.09375, 0.814453125, 0.0078277587890625, 1.513671875, 9.578125, 2.69921875, 7.0625, 3.8828125, 0.11785888671875, 0.9521484375, 1.1201171875, 3.712890625, 3.349609375, 4.55859375, 0.83447265625, 6.53515625, 3.47265625, 6.7109375, 0.12939453125, 0.0016984939575195312, 1.0244140625, 0.794921875, 3.517578125, 1.41796875, 10.15625, 14.6328125]",-1.1017033541313954
68,0,test,2.988513774582834,1.2820036704452922,1.7842595264934666,5.046928874423052,2.1650164026397536,3.013213792190497,19.856149836335632,14.346450227987347,16.521878225094156,33.5325795705464,24.227933803386797,27.901743329113092,3.367440789189171,1.4488217115831612,2.0131132452411205,5.686851536844978,2.446734625173604,3.3996963478306674,29.00420412158391,22.192658365982524,25.13004923998431,48.9815896134912,37.478417954797024,42.4390117267082,2.996063157068846,1.30334440025302,1.8027854718588863,5.059678086682592,2.2010561045089263,3.0444999550269967,20.006618765256867,14.572383762434846,16.708745864190444,33.786687812755225,24.60948482329559,28.217320821668565,0.7135678391959799,0.013567839195979925,0.003567839195979916,0.592964824120603,-0.012035175879396953,-0.007035175879396949,0.4723618090452262,-0.0026381909547738003,-0.007638190954773805,0.4303030303030303,0.12167973226974738,0.18332722385141742,0.36474164133738607,0.42211055276381915,0.09880228208712738,0.1666848432479594,0.36363636363636365,0.43143812709030105,0.12759839420215413,0.19117116379775378,0.3389261744966443,21.0,3.0,2.0,30.0,3.0,2.0,42.0,4.0,3.0,-0.0013820472634443741,-9.935291312125342e-05,-0.0004919502432005102,0.00428301283828425,0.0035083476680801695,0.004332925548859556,"[3.056640625, 9.4453125, 2.4296875, 1.0791015625, 5.80078125, 4.63671875, 5.37109375, 4.18359375, 8.7890625, 0.057830810546875, 3.822265625, 5.45703125, 4.5703125, 1.236328125, 6.71484375, 6.98828125, 3.7421875, 4.55859375, 7.23046875, 0.1041259765625, 6.21875, 8.109375, 0.394287109375, 1.84375, 2.501953125, 7.421875, 0.73486328125, 2.326171875, 4.25390625, 8.15625, 4.375, 0.95166015625, 7.4296875, 0.97216796875, 2.08984375, 0.84228515625, 6.8203125, 0.9931640625, 3.65625, 0.85400390625, 4.78125, 2.69921875, 0.1541748046875, 1.7177734375, 0.6015625, 1.724609375, 1.7197265625, 2.3828125, 0.81640625, 3.0859375, 2.26171875, 14.78125, 0.00893402099609375, 5.046875, 6.25, 3.482421875, 0.02410888671875, 4.51171875, 0.3203125, 7.8359375, 3.6796875, 1.2822265625, 1.6875, 9.234375, 4.65234375, 2.978515625, 0.463134765625, 5.84765625, 0.038848876953125, 0.83154296875, 6.49609375, 0.1341552734375, 1.1591796875, 13.484375, 0.1348876953125, 8.0078125, 3.673828125, 2.435546875, 12.015625, 9.796875, 7.91796875, 5.1796875, 3.431640625, 3.771484375, 1.11328125, 4.39453125, 2.51953125, 3.48828125, 10.28125, 1.8876953125, 1.8154296875, 4.8203125, 2.669921875, 3.826171875, 0.459716796875, 4.74609375, 0.33740234375, 3.94140625, 2.498046875, 7.67578125, 0.1053466796875, 4.67578125, 2.736328125, 2.01171875, 2.96875, 7.69140625, 2.328125, 0.1492919921875, 4.2109375, 0.3251953125, 1.6298828125, 3.6796875, 0.2252197265625, 14.421875, 8.6953125, 0.8369140625, 1.0703125, 4.6171875, 1.515625, 1.1064453125, 8.984375, 2.818359375, 1.126953125, 0.01556396484375, 3.380859375, 0.0242156982421875, 1.7021484375, 2.76953125, 5.23046875, 0.91162109375, 4.7578125, 3.287109375, 0.037933349609375, 0.3876953125, 6.6484375, 0.05535888671875, 4.609375, 2.916015625, 2.91796875, 2.33984375, 3.255859375, 2.54296875, 0.77587890625, 1.431640625, 2.4140625, 0.0032024383544921875, 6.63671875, 8.3359375, 3.12109375, 0.7236328125, 1.9462890625, 0.08746337890625, 5.36328125, 3.525390625, 1.2666015625, 3.12890625, 0.15673828125, 3.75390625, 4.54296875, 0.6318359375, 9.28125, 3.689453125, 7.5625, 7.11328125, 3.091796875, 3.208984375, 7.49609375, 0.68212890625, 0.162109375, 0.11187744140625, 0.8310546875, 10.09375, 0.15380859375, 4.015625, 3.955078125, 4.171875, 0.003398895263671875, 0.133544921875, 0.00023424625396728516, 0.002994537353515625, 0.0028743743896484375, 0.434814453125, 3.556640625, 0.277587890625, 4.640625, 0.057098388671875, 10.1015625, 3.46875, 0.007598876953125, 0.1656494140625, 0.5400390625, 2.91796875, 0.0126190185546875, 3.857421875, 0.07342529296875, 8.1484375, 2.15625, 0.037139892578125, 0.44287109375, 0.0028057098388671875, 0.4052734375, 0.07305908203125, 2.326171875, 0.016143798828125, 3.392578125, 0.04229736328125, 4.74609375, 3.583984375, 0.13916015625, 0.0028705596923828125, 0.3955078125, 0.0180816650390625, 3.150390625, 0.0309906005859375, 8.8828125, 3.48828125, 0.07891845703125, 0.0016527175903320312, 0.21923828125, 0.0386962890625, 2.458984375, 0.013946533203125, 4.33203125, 0.11199951171875, 9.2734375, 0.439453125, 0.08331298828125, 0.004848480224609375, 0.454345703125, 0.0286712646484375, 2.26953125, 0.00885772705078125, 3.482421875, 0.10888671875, 9.0625, 5.1875, 0.63330078125, 0.038421630859375, 0.0018358230590820312, 3.373046875, 0.00782012939453125, 0.005138397216796875, 0.00716400146484375, 0.01479339599609375, 6.3359375, 6.0546875, 3.822265625, 8.1484375, 3.419921875, 0.873046875, 0.0013151168823242188, 0.10882568359375, 0.0014476776123046875, 0.273681640625, 0.00017523765563964844, 8.6796875, 5.0703125, 2.251953125, 11.34375, 0.279296875, 6.00390625, 0.5546875, 1.0849609375, 2.693359375, 12.3984375, 9.65625, 0.0251922607421875, 0.28662109375, 0.0377197265625, 0.099365234375, 0.0005908012390136719, 0.020721435546875, 0.003147125244140625, 0.92138671875, 0.1708984375, 0.0008025169372558594, 0.00023162364959716797, 0.0002543926239013672, 4.875, 1.970703125, 4.1328125, 3.357421875, 0.0047149658203125, 4.890625, 4.85546875, 0.189453125, 4.328125, 2.392578125, 0.043426513671875, 2.669921875, 0.12841796875, 6.39453125, 1.9345703125, 3.501953125, 0.67919921875, 2.123046875, 3.998046875, 5.53515625, 0.78173828125, 3.5078125, 5.95703125, 1.6884765625, 0.319091796875, 0.00664520263671875, 1.353515625, 2.884765625, 0.66796875, 2.984375, 0.15966796875, 1.1064453125, 6.1484375, 3.61328125, 5.0390625, 10.375, 5.5546875, 5.87890625, 0.417724609375, 0.0005965232849121094, 3.875, 6.13671875, 3.87890625, 0.248291015625, 4.25390625, 0.8466796875, 2.587890625, 4.6484375, 3.765625, 0.5751953125, 4.1875, 2.23046875]",-1.5170847704916288
397,0,test,3.611015947310479,1.6152086581050011,2.2338779965108366,5.786072336626148,2.5881121188349145,3.5794302400232123,37.003627460456954,29.645486682006773,33.040085932650044,59.29236212962109,47.50212485888805,52.94142424295972,3.6844683639967264,1.6246877776632247,2.3037384154577567,5.903768021842708,2.603300883507156,3.691370326522956,39.82394497806423,31.979696491901173,35.846140817713014,63.81146739175205,51.24232069462528,57.437675930136656,3.611015947310479,1.6152086581050011,2.2338779965108366,5.786072336626148,2.5881121188349145,3.5794302400232123,37.003627460456954,29.645486682006773,33.040085932650044,59.29236212962109,47.50212485888805,52.94142424295972,0.728643216080402,-0.006356783919598041,-0.001356783919598037,0.6381909547738693,0.0031909547738693256,0.013190954773869334,0.507537688442211,-0.0024623115577889765,-0.007462311557788981,0.4432234432234432,0.1086713408468436,0.18012965516010582,0.4007352941176471,0.44723618090452266,0.1189153788995101,0.2001577167976779,0.38888888888888884,0.4432234432234432,0.1086713408468436,0.18012965516010582,0.4007352941176471,28.0,9.0,8.0,40.0,10.0,11.0,47.0,6.0,6.0,-0.000629771359703629,-0.0006692301070329789,-0.00025038574412487207,0.0066364849627555955,0.007013015026178238,0.005713975903649526,"[3.0625, 9.453125, 2.48046875, 1.494140625, 1.81640625, 8.234375, 2.96484375, 10.6328125, 2.4609375, 1.4794921875, 8.78125, 9.2109375, 6.25, 6.81640625, 10.078125, 2.6171875, 1.369140625, 8.6875, 0.5234375, 6.75, 7.63671875, 0.0826416015625, 3.41015625, 12.484375, 2.310546875, 8.7890625, 3.83984375, 2.443359375, 4.625, 6.0703125, 3.55859375, 1.126953125, 3.81640625, 5.1171875, 0.3896484375, 5.51953125, 8.953125, 2.921875, 3.138671875, 2.6953125, 4.95703125, 0.71435546875, 3.271484375, 0.091796875, 3.822265625, 9.765625, 1.578125, 0.0003571510314941406, 2.59375, 2.349609375, 6.1953125, 3.521484375, 4.53515625, 1.6689453125, 8.40625, 0.79736328125, 3.935546875, 6.578125, 5.33203125, 0.407958984375, 0.24072265625, 4.23828125, 7.7734375, 7.0859375, 2.58203125, 4.65625, 3.703125, 1.90234375, 5.43359375, 3.353515625, 6.17578125, 0.95068359375, 2.685546875, 1.3486328125, 4.9375, 5.97265625, 4.17578125, 0.1563720703125, 6.70703125, 1.3154296875, 4.3359375, 1.6728515625, 3.158203125, 6.5546875, 0.2095947265625, 8.8203125, 5.97265625, 3.84375, 2.8125, 2.900390625, 6.66796875, 0.406982421875, 4.21875, 5.80078125, 0.151611328125, 10.7421875, 1.6728515625, 4.18359375, 8.6171875, 2.830078125, 7.5859375, 8.1171875, 7.5390625, 4.25, 1.8017578125, 0.59423828125, 12.5703125, 8.34375, 0.90185546875, 2.09765625, 3.880859375, 4.43359375, 8.890625, 6.765625, 1.564453125, 2.69921875, 0.09747314453125, 4.6796875, 4.98046875, 6.4765625, 1.361328125, 2.07421875, 4.88671875, 0.87158203125, 1.294921875, 6.58984375, 10.8203125, 8.421875, 5.86328125, 2.71484375, 1.4931640625, 7.83203125, 5.58203125, 0.0036411285400390625, 0.052642822265625, 0.0022563934326171875, 0.00562286376953125, 0.008331298828125, 1.345703125, 0.006328582763671875, 0.01291656494140625, 4.3671875, 7.44921875, 7.75390625, 9.3828125, 5.234375, 1.0634765625, 0.002941131591796875, 0.006134033203125, 5.19140625, 6.66015625, 6.0546875, 6.31640625, 4.87890625, 0.01479339599609375, 4.66796875, 0.263671875, 1.7421875, 0.5322265625, 0.0007033348083496094, 0.2841796875, 0.00019276142120361328, 0.0028247833251953125, 7.296875, 0.298583984375, 4.06640625, 0.5078125, 7.109375, 3.400390625, 0.08526611328125, 4.30078125, 1.3681640625, 1.623046875, 0.0023479461669921875, 0.01387786865234375, 0.002063751220703125, 0.0225677490234375, 5.77734375, 1.30859375, 4.265625, 3.255859375, 8.1171875, 0.5341796875, 0.0023174285888671875, 0.014129638671875, 0.0009675025939941406, 2.513671875, 0.0015516281127929688, 0.2349853515625, 2.123046875, 3.70703125, 0.0677490234375, 3.044921875, 0.1868896484375, 0.0012407302856445312, 0.041168212890625, 0.0021343231201171875, 5.52734375, 7.140625, 8.4921875, 3.12109375, 0.049591064453125, 2.3203125, 2.271484375, 4.8125, 0.038543701171875, 0.48193359375, 0.006710052490234375, 0.058624267578125, 0.004459381103515625, 0.3642578125, 0.3837890625, 0.00067901611328125, 0.0015058517456054688, 0.001556396484375, 9.234375, 2.173828125, 3.11328125, 9.2890625, 0.73974609375, 1.359375, 3.22265625, 0.73046875, 7.60546875, 2.90625, 5.4140625, 0.9365234375, 6.66796875, 3.595703125, 3.51953125, 0.63916015625, 5.83984375, 4.3125, 2.408203125, 4.55078125, 1.798828125, 8.421875, 4.89453125, 8.0703125, 8.28125, 6.890625, 1.65234375, 2.63671875, 5.84765625, 4.8984375, 3.29296875, 2.658203125, 7.28515625, 9.859375, 4.48046875, 0.2509765625, 5.9765625, 1.578125, 6.29296875, 0.2271728515625, 8.875, 1.7216796875, 5.55859375, 0.2122802734375, 3.712890625, 3.978515625, 4.1796875, 6.59375, 0.57177734375, 2.94140625, 2.923828125, 0.1182861328125, 0.7001953125, 1.951171875, 0.7431640625, 0.131591796875, 6.57421875, 3.423828125]",-1.1912744922952339
18,0,test,3.803334892476013,1.770909650164199,2.42775127062023,6.122441534229679,2.8507326075813935,3.9080874112423216,44.85050698597415,37.21793221241025,40.89312132012754,72.19837709937302,59.91179331753844,65.82795139337604,3.925803639780936,1.777471864976111,2.4608690558845474,6.319586346964433,2.8612961728883737,3.9613989680092714,50.6938012485895,42.123252389402296,46.36654109004657,81.60465566846115,67.80816238294028,74.63882224251398,3.803334892476013,1.770909650164199,2.42775127062023,6.122441534229679,2.8507326075813935,3.9080874112423216,44.85050698597415,37.21793221241025,40.89312132012754,72.19837709937302,59.91179331753844,65.82795139337604,0.7989949748743719,-0.0010050251256281673,-0.01600502512562807,0.6482412060301508,-0.006758793969849242,0.0032412060301507672,0.5226130653266332,0.0126130653266332,-0.002386934673366814,0.4524714828897338,0.13178837093527462,0.20215542726394364,0.4274809160305344,0.44221105527638194,0.10887772194304857,0.1801075494333102,0.4242424242424242,0.4524714828897338,0.13178837093527462,0.20215542726394364,0.4274809160305344,26.0,4.0,4.0,40.0,7.0,9.0,48.0,6.0,6.0,-0.00010266507332095014,-0.0005345383866490771,-0.00027365024569614394,0.00013480533558407615,0.00018378111340844328,-8.585827751517172e-05,"[3.0625, 9.453125, 2.48046875, 1.494140625, 0.81689453125, 6.97265625, 2.677734375, 3.7109375, 4.125, 1.7080078125, 8.5703125, 6.63671875, 0.08197021484375, 5.15625, 4.33203125, 9.3828125, 2.01953125, 0.70458984375, 5.171875, 0.1502685546875, 7.40234375, 6.13671875, 0.990234375, 1.7119140625, 5.6953125, 0.6455078125, 1.9306640625, 8.0078125, 3.267578125, 0.87744140625, 9.4140625, 4.49609375, 1.73046875, 1.76171875, 9.578125, 1.1923828125, 6.12109375, 1.2548828125, 11.6796875, 7.47265625, 1.927734375, 7.33984375, 7.03515625, 4.0859375, 7.05078125, 2.603515625, 0.1221923828125, 1.2177734375, 8.953125, 1.857421875, 2.546875, 1.291015625, 6.76171875, 1.390625, 5.1328125, 7.72265625, 7.7109375, 1.3955078125, 1.6953125, 7.69140625, 1.2060546875, 4.44921875, 0.8759765625, 9.515625, 7.3984375, 2.984375, 3.34375, 5.20703125, 7.48046875, 3.755859375, 12.03125, 5.48828125, 10.3828125, 2.76953125, 2.544921875, 2.154296875, 0.740234375, 8.3046875, 4.27734375, 9.390625, 0.8134765625, 10.2421875, 2.330078125, 5.72265625, 5.4140625, 1.072265625, 2.802734375, 9.90625, 0.2100830078125, 6.4453125, 7.796875, 4.515625, 7.05859375, 1.498046875, 7.20703125, 8.671875, 1.8779296875, 0.630859375, 7.65625, 4.70703125, 1.822265625, 2.396484375, 3.33984375, 7.37890625, 5.47265625, 0.806640625, 1.5361328125, 0.7685546875, 0.5556640625, 0.41943359375, 6.71875, 0.509765625, 5.90234375, 5.91015625, 0.3740234375, 3.30078125, 0.955078125, 4.46875, 1.1484375, 6.96875, 2.392578125, 4.09765625, 5.7734375, 0.425537109375, 7.390625, 2.53125, 1.859375, 2.05859375, 1.7890625, 3.177734375, 2.025390625, 1.5458984375, 1.7109375, 3.93359375, 4.23828125, 2.861328125, 4.1640625, 0.09490966796875, 3.623046875, 10.6875, 0.368408203125, 1.283203125, 5.015625, 6.765625, 4.3203125, 8.5234375, 4.08984375, 9.1328125, 0.0809326171875, 5.22265625, 0.26171875, 0.0201873779296875, 4.453125, 0.52490234375, 3.5078125, 1.9462890625, 1.4755859375, 2.734375, 0.3837890625, 8.8046875, 0.00939178466796875, 0.290283203125, 2.107421875, 3.455078125, 6.8359375, 0.322265625, 3.884765625, 1.6943359375, 4.67578125, 3.095703125, 2.505859375, 0.82666015625, 2.8125, 0.207763671875, 5.3125, 6.75390625, 9.34375, 8.234375, 0.8203125, 2.779296875, 8.140625, 4.32421875, 0.1129150390625, 3.62890625, 2.52734375, 7.35546875, 4.85546875, 0.44482421875, 2.982421875, 6.66015625, 0.4287109375, 2.953125, 7.0234375, 4.71875, 2.404296875, 0.208740234375, 1.341796875, 4.890625, 0.0894775390625, 0.63818359375, 5.4375, 1.251953125, 4.17578125, 0.08648681640625, 3.02734375, 2.427734375, 5.69140625, 2.62109375, 3.923828125, 0.8359375, 6.70703125, 5.70703125, 6.1015625, 1.13671875, 6.6328125, 0.37158203125, 4.8046875, 2.744140625, 0.81201171875, 8.8984375, 1.76171875, 0.032501220703125, 0.40087890625, 6.23046875, 0.146484375, 0.7802734375, 4.37890625, 0.908203125, 3.1015625, 5.78515625, 5.03125, 7.05859375, 0.392822265625, 0.46240234375, 8.3984375, 0.06072998046875, 0.81396484375, 4.90234375, 3.2109375, 6.8671875, 0.82177734375, 1.72265625, 4.32421875, 2.94140625, 2.267578125, 4.3671875, 4.76953125, 5.61328125, 6.15625, 0.1566162109375, 5.43359375, 6.25390625, 0.29150390625, 0.83544921875, 3.966796875, 9.078125, 0.55322265625, 0.455810546875, 9.5, 0.047760009765625, 0.94287109375, 8.1328125, 3.291015625]",-0.7665041082258912
479,0,test,4.090732604510164,1.8147231482696364,2.3991857369568406,6.5096005793509555,2.8877768359421165,3.8178346944617543,59.78367345363975,50.045929574473135,54.355803042440776,95.13401949579195,79.63830532285725,86.49662571101445,3.9954743205602443,1.7756500028575708,2.4476204934817707,6.358015657934997,2.825599569764656,3.8949091331057737,54.35161459905328,45.14590115612934,49.65024520329433,86.4899606228413,71.84086879627537,79.00865106263358,4.100344152753569,1.8462343750817038,2.5175688340381583,6.524895477860026,2.9379207881734937,4.006218231556373,60.36105744728525,50.834248890929516,55.492608871622124,96.05281315524522,80.89276127860958,88.30562976962477,0.7437185929648241,0.00371859296482413,0.013718592964824139,0.6783919597989949,-0.0016080402010050232,-0.006608040201005139,0.6080402010050252,0.0030402010050252226,0.008040201005025227,0.46849315068493147,0.10734403987781793,0.18794574110526385,0.49725274725274726,0.4723618090452262,0.1139658190702888,0.19690271054773034,0.5252525252525253,0.4882943143812709,0.12769331271182183,0.22355571593855683,0.5268456375838926,27.0,7.0,7.0,38.0,5.0,7.0,49.0,8.0,8.0,0.0011125405747085034,-8.967891319352173e-05,0.000376291526283277,-0.0002464059206994662,0.00015200682273874833,-0.00010611705864249643,"[3.056640625, 6.44140625, 0.03302001953125, 0.005214691162109375, 0.009490966796875, 0.62646484375, 5.7578125, 5.83984375, 8.84375, 5.25, 3.6015625, 0.01143646240234375, 0.515625, 0.005039215087890625, 0.80712890625, 0.419677734375, 2.828125, 5.69921875, 3.9921875, 2.560546875, 1.7822265625, 9.1796875, 4.59375, 5.1171875, 5.328125, 6.671875, 11.8046875, 0.6259765625, 0.1295166015625, 0.05645751953125, 0.0006389617919921875, 0.447998046875, 0.0006780624389648438, 7.62890625, 3.314453125, 8.953125, 1.576171875, 9.8359375, 3.833984375, 5.4140625, 7.6484375, 6.875, 0.6142578125, 0.0003077983856201172, 0.0012350082397460938, 5.924701690673828e-05, 0.7841796875, 6.34375, 0.0275115966796875, 3.083984375, 0.0011882781982421875, 1.9550323486328125e-05, 6.0859375, 3.455078125, 0.2095947265625, 7.1796875, 2.771484375, 3.244140625, 0.06988525390625, 0.09991455078125, 3.091796875, 3.0078125, 3.115234375, 7.16015625, 3.353515625, 2.82421875, 6.58984375, 0.07049560546875, 7.203125, 7.875, 5.640625, 1.611328125, 3.326171875, 0.024169921875, 1.501953125, 6.72265625, 1.1044921875, 5.83203125, 3.12890625, 2.41015625, 0.7080078125, 10.1875, 0.80615234375, 7.5, 4.796875, 0.23779296875, 0.578125, 4.7734375, 4.5703125, 5.84765625, 7.03515625, 2.599609375, 7.609375, 7.890625, 5.48828125, 9.3359375, 0.84326171875, 2.33203125, 4.9296875, 0.174072265625, 0.0751953125, 4.9921875, 4.5703125, 5.6328125, 4.96484375, 10.1796875, 4.41796875, 3.3203125, 0.57373046875, 6.29296875, 1.1865234375, 3.21484375, 12.078125, 0.06536865234375, 0.430419921875, 0.5146484375, 7.07421875, 2.197265625, 9.59375, 2.328125, 4.0078125, 6.6640625, 0.45263671875, 7.625, 3.466796875, 4.84375, 5.15234375, 2.2109375, 4.2421875, 4.73828125, 0.0616455078125, 5.16015625, 5.0234375, 2.533203125, 6.46875, 4.43359375, 2.669921875, 4.609375, 7.21484375, 1.8544921875, 0.96435546875, 9.8125, 9.265625, 0.62109375, 2.50390625, 8.1875, 7.375, 10.5234375, 7.26171875, 0.630859375, 6.1015625, 2.783203125, 0.7578125, 1.138671875, 4.94140625, 8.328125, 4.1875, 8.28125, 4.65625, 0.03289794921875, 1.5703125, 4.63671875, 5.12109375, 2.857421875, 3.24609375, 3.3515625, 1.2119140625, 2.158203125, 7.3359375, 2.71875, 3.625, 8.392333984375e-05, 10.234375, 3.23828125, 4.9140625, 1.1513671875, 8.618831634521484e-05, 7.4296875, 4.359375, 9.03125, 7.28125, 3.869140625, 0.00018656253814697266, 4.1796875, 6.6875, 6.75, 4.640625, 8.453125, 4.72265625, 7.046875, 0.0172271728515625, 1.251953125, 3.802734375, 7.671875, 7.0859375, 3.240234375, 4.02734375, 10.28125, 0.8828125, 3.779296875, 7.64453125, 4.0703125, 3.9140625, 0.37548828125, 1.0013580322265625e-05, 11.75, 13.125, 7.51171875, 1.66015625, 10.9140625, 4.19140625, 5.640625, 6.0234375, 1.580078125, 6.640625, 3.46875, 1.25, 11.953125, 5.0859375, 8.4921875, 5.1015625, 6.265625, 0.66455078125, 0.00030875205993652344, 10.6953125, 5.88671875, 4.953125, 7.30078125, 0.326416015625, 0.00015616416931152344, 9.21875, 6.390625, 7.46875, 2.869140625, 0.6845703125, 0.00017726421356201172, 4.8984375, 6.82421875, 9.1328125, 7.28515625, 6.35546875, 0.328369140625, 5.9485435485839844e-05, 2.58984375, 0.515625, 5.65234375, 0.0020694732666015625, 4.59375, 5.8515625, 4.24609375, 0.32763671875, 0.0001595020294189453, 7.44921875, 12.359375, 2.875, 3.64453125, 0.3046875, 0.00072479248046875, 7.03515625, 9.90625, 5.1015625, 5.421875, 0.38623046875, 0.0004851818084716797, 7.90234375, 7.4609375, 8.5078125, 4.30078125, 0.00384521484375, 4.61328125, 2.884765625, 4.34765625, 0.004058837890625, 10.8984375, 6.76171875, 3.64453125, 3.24609375, 1.7421875, 2.8671875, 1.357421875, 1.501953125, 5.1484375, 3.07421875, 6.9609375, 2.89453125, 1.53515625, 3.6796875, 5.796875, 1.705078125, 4.17578125, 1.4873046875, 1.1513671875, 8.1171875, 6.53125, 0.432373046875, 0.40771484375, 1.88671875, 1.830078125, 7.53125, 3.25, 8.5546875, 3.517578125, 9.3359375, 2.21875, 0.95947265625, 2.1338462829589844e-05, 7.515625, 3.556640625, 7.3828125, 6.22265625, 2.44921875, 0.0006399154663085938, 6.66015625, 1.1708984375, 5.01953125, 1.0361328125, 8.058547973632812e-05, 6.484375, 3.861328125, 4.18359375, 2.384765625, 0.8662109375, 0.026031494140625, 7.296875, 1.962890625, 0.025421142578125, 0.2054443359375, 2.6015625, 2.501953125, 0.06298828125, 0.8544921875, 10.40625, 7.20703125, 3.39453125, 1.1513671875, 9.2578125, 0.1959228515625, 5.30859375, 6.3984375, 2.671875, 0.2587890625, 0.028411865234375, 10.9296875, 8.7734375, 3.51171875, 10.234375, 0.02764892578125, 4.7109375, 12.6796875, 1.162109375, 6.27734375, 0.7744140625, 3.15625, 11.3046875, 2.5546875, 5.31640625, 2.97265625, 2.451171875, 4.1640625, 2.396484375, 2.990234375, 6.8671875, 2.736328125, 7.30859375, 4.484375]",-0.8939947781497484
65,0,test,3.5729725404859027,1.6507833159950995,2.2554571764708733,6.702403662152866,3.096641806556325,4.230926565517777,35.62232473053885,28.786417294564885,31.88819284745409,66.82256777039012,53.99934830428724,59.81785141039664,3.9533987764138074,1.8110816474555476,2.4893649552234685,7.416030808169349,3.3973393662614413,4.669705295315747,52.11218384520319,43.59302908851626,47.78881976624542,97.75526900617426,81.7745097384581,89.64523432012933,3.5729725404859027,1.6507833159950995,2.2554571764708733,6.702403662152866,3.096641806556325,4.230926565517777,35.62232473053885,28.786417294564885,31.88819284745409,66.82256777039012,53.99934830428724,59.81785141039664,0.7839195979899498,-0.006080402010050223,-0.006080402010050223,0.6683417085427136,0.0033417085427135396,0.0033417085427135396,0.5778894472361809,0.007889447236180791,-0.012110552763819227,0.45018450184501846,0.12605927164244024,0.19251579018857679,0.4037037037037037,0.4371859296482412,0.0963337993224267,0.17675187288697247,0.43939393939393945,0.45018450184501846,0.12605927164244024,0.19251579018857679,0.4037037037037037,26.0,-1.0,-3.0,41.0,2.0,2.0,50.0,5.0,3.0,-0.0009654337849370546,-0.00047916979239276695,-7.248922561117382e-05,0.00019024471046957814,-0.00021210453193631906,-5.782182176528039e-05,"[3.0625, 9.453125, 2.48046875, 5.4921875, 0.79443359375, 0.078125, 1.3251953125, 5.69921875, 1.00390625, 3.1640625, 3.404296875, 3.99609375, 3.255859375, 0.6201171875, 1.2412109375, 7.43359375, 6.53515625, 0.72119140625, 1.017578125, 9.5625, 3.109375, 3.732421875, 3.919921875, 3.111328125, 9.0234375, 1.5986328125, 0.392822265625, 3.474609375, 10.46875, 7.6953125, 3.232421875, 1.697265625, 2.30078125, 4.87109375, 4.265625, 0.050689697265625, 9.71875, 5.65234375, 6.5859375, 9.0859375, 1.830078125, 0.60595703125, 8.3984375, 0.4794921875, 3.65234375, 3.6796875, 2.22265625, 0.036224365234375, 0.6103515625, 4.70703125, 4.4296875, 4.76953125, 1.4736328125, 0.5791015625, 6.26171875, 1.798828125, 0.35693359375, 6.50390625, 0.40478515625, 0.7958984375, 1.875, 5.35546875, 5.22265625, 2.021484375, 4.4921875, 10.5625, 6.62890625, 1.814453125, 2.828125, 3.646484375, 10.5078125, 4.01953125, 5.36328125, 0.240234375, 6.5859375, 4.1015625, 5.4375, 6.35546875, 2.333984375, 1.447265625, 5.68359375, 6.734375, 5.28125, 4.875, 0.501953125, 6.59765625, 3.70703125, 2.841796875, 8.4609375, 3.671875, 0.78515625, 9.28125, 0.32666015625, 4.859375, 7.21875, 1.654296875, 3.359375, 3.330078125, 1.7880859375, 4.24609375, 7.2890625, 6.23828125, 1.5556640625, 4.34765625, 1.7080078125, 1.3955078125, 3.921875, 3.3671875, 3.908203125, 9.8984375, 2.896484375, 10.875, 3.962890625, 4.5234375, 7.84375, 2.283203125, 7.48828125, 4.96484375, 4.74609375, 2.458984375, 9.6640625, 8.796875, 2.83984375, 2.607421875, 2.00390625, 4.1171875, 1.4267578125, 0.136962890625, 3.791015625, 5.45703125, 6.91015625, 0.217041015625, 0.050201416015625, 0.17578125, 2.123046875, 4.78125, 5.03515625, 8.171875, 1.3203125, 0.070068359375, 1.1357421875, 6.8984375, 1.4150390625, 9.5859375, 3.60546875, 8.8203125, 3.10546875, 9.0546875, 0.4189453125, 1.3623046875, 0.3173828125, 7.4140625, 0.5869140625, 6.671875, 5.92578125, 0.447265625, 0.217041015625, 0.0207061767578125, 5.0625, 0.97802734375, 9.078125, 4.6015625, 6.98046875, 0.72900390625, 0.560546875, 3.796875, 3.302734375, 0.52490234375, 0.6484375, 1.505859375, 4.80859375, 10.734375, 4.58984375, 4.4296875, 5.4296875, 0.07794189453125, 0.0386962890625, 0.01064300537109375, 2.1796875, 2.52734375, 0.313232421875, 2.662109375, 2.341796875, 4.5078125, 2.7421875, 10.1640625, 7.09765625, 0.01218414306640625, 3.158203125, 3.197265625, 6.1484375, 9.171875, 0.26123046875, 0.424072265625, 8.4140625, 9.6484375, 0.315185546875, 6.51171875, 8.1328125, 4.7265625, 0.068359375, 0.7666015625, 9.421875, 1.9853515625, 0.03680419921875, 0.1175537109375, 0.0709228515625, 0.0271453857421875, 0.023590087890625, 0.444580078125, 1.7119140625, 8.5078125, 5.43359375, 1.8818359375, 2.556640625, 3.65234375, 0.288818359375, 0.217529296875, 1.828125, 4.9921875, 6.76953125, 0.5166015625, 8.796875, 1.513671875, 5.53125, 4.515625, 0.09979248046875, 5.58984375, 2.625, 0.54345703125, 1.7958984375, 8.4140625, 0.1746826171875, 0.0382080078125, 3.68359375, 0.0770263671875, 0.01329803466796875, 0.0048980712890625, 2.14453125, 0.71435546875, 1.61328125, 5.98828125, 0.1915283203125, 2.55859375, 2.337890625, 2.109375, 4.38671875, 4.9765625, 2.150390625, 1.7412109375, 4.87109375, 3.45703125, 0.027557373046875, 1.89453125, 3.724609375, 3.375, 5.4609375, 7.66015625, 1.6865234375, 0.693359375, 3.291015625, 3.201171875, 0.08367919921875, 0.0200958251953125, 0.00347137451171875, 1.341796875, 0.1298828125, 2.3203125, 1.77734375, 4.6953125, 4.0234375]",-0.6932852224230328
263,0,test,3.874362907751137,1.7240877458545083,2.1655615921908846,6.408228944466016,2.851655680907035,3.581857148265092,48.152011243766204,39.56479029564236,42.629673275691395,79.64383294327575,65.44049702907935,70.50983934207186,3.8880433958379466,1.6554199878239313,2.328911088119832,6.430856587208756,2.738078629649709,3.85203859300833,48.81528084132848,39.49098538854666,44.06058699773971,80.74088645485554,65.31842308991683,72.87658271356105,3.756131336840499,1.650592742933708,2.296586737983158,6.212672928445045,2.730094325865036,3.798573845102945,42.782593966346745,34.571069470491665,38.47859493045186,70.76277145488577,57.1808406431761,63.643920728848656,0.7386934673366834,-0.0063065326633166,-0.0063065326633166,0.6532663316582914,-0.006733668341708521,-0.011733668341708636,0.5577889447236181,-0.012211055276381999,-0.017211055276381892,0.44501278772378516,0.09507664468419386,0.14589255311967964,0.4666666666666667,0.46733668341708545,0.11645949043462933,0.18853868675598362,0.4949494949494949,0.4581939799331104,0.1026013255090703,0.18678129917671438,0.4697986577181208,18.0,3.0,3.0,29.0,2.0,2.0,40.0,3.0,2.0,0.00024469824243838063,0.00010045715956124153,5.8399923526533284e-05,-0.00014373383023880137,0.00025271847403463,-4.190491550914999e-05,"[3.056640625, 6.44140625, 0.034515380859375, 0.005214691162109375, 0.014007568359375, 16.625, 7.0234375, 6.31640625, 3.14453125, 0.642578125, 6.05859375, 0.0008282661437988281, 0.24560546875, 0.0033626556396484375, 0.0469970703125, 9.5703125, 4.38671875, 0.2120361328125, 0.0007953643798828125, 0.0106353759765625, 0.0012607574462890625, 0.4580078125, 0.0004520416259765625, 0.68798828125, 8.6875, 2.525390625, 6.80859375, 8.2578125, 3.595703125, 0.93359375, 4.37109375, 7.48046875, 9.03125, 10.0, 1.875, 3.00390625, 1.8564453125, 0.00518035888671875, 0.00026702880859375, 0.069091796875, 0.0005407333374023438, 5.4140625, 4.7734375, 5.17578125, 0.98974609375, 0.0011205673217773438, 4.19921875, 0.2080078125, 5.4765625, 5.0, 2.619140625, 9.1875, 4.9609375, 0.81494140625, 3.7265625, 6.28125, 1.1279296875, 3.978515625, 3.107421875, 6.03515625, 3.958984375, 3.8359375, 2.99609375, 3.837890625, 3.16796875, 3.56640625, 4.92578125, 0.6689453125, 4.3671875, 2.19140625, 1.392578125, 2.36328125, 10.1484375, 4.96875, 3.66015625, 10.078125, 0.55126953125, 8.109375, 2.712890625, 4.00390625, 0.45361328125, 2.306640625, 0.458984375, 0.055206298828125, 1.9453125, 12.0078125, 3.662109375, 0.6298828125, 12.4140625, 11.4375, 9.59375, 2.537109375, 6.796875, 3.470703125, 1.4013671875, 5.62890625, 3.533203125, 10.15625, 1.1416015625, 6.7734375, 5.41015625, 2.1953125, 8.640625, 8.046875, 0.55712890625, 3.90625, 8.765625, 2.515625, 0.3623046875, 4.26953125, 2.0546875, 0.0005960464477539062, 5.03125, 5.43359375, 3.845703125, 3.689453125, 0.398681640625, 4.69921875, 3.435546875, 4.49609375, 0.2457275390625, 2.001953125, 5.86328125, 2.361328125, 9.8671875, 7.359375, 0.254638671875, 0.86474609375, 8.4609375, 4.53125, 4.76171875, 7.8515625, 3.5390625, 2.16015625, 3.404296875, 4.45703125, 5.4609375, 2.458984375, 4.1328125, 4.15234375, 7.73828125, 0.35986328125, 8.390625, 6.9375, 0.385986328125, 3.8828125, 4.546875, 1.8349609375, 0.63623046875, 7.6171875, 1.2998046875, 5.390625, 6.75, 1.9189453125, 1.767578125, 7.2109375, 1.451171875, 4.41015625, 0.8193359375, 6.48828125, 4.92578125, 11.0703125, 0.61376953125, 1.0322265625, 2.62890625, 5.51171875, 0.1761474609375, 0.1954345703125, 9.734375, 1.966796875, 1.5302734375, 8.8359375, 5.2421875, 1.828125, 8.640625, 0.54931640625, 8.203125, 6.640625, 4.4453125, 0.265869140625, 5.86328125, 4.09375, 8.3515625, 2.90234375, 0.45068359375, 2.25390625, 5.40234375, 4.30078125, 0.59814453125, 0.2191162109375, 8.7109375, 1.3935546875, 0.79248046875, 4.48046875, 6.37890625, 4.74609375, 3.2421875, 4.65234375, 0.1275634765625, 0.385986328125, 6.33203125, 0.62255859375, 0.3603515625, 3.46484375, 0.8154296875, 2.748046875, 6.40625, 6.31640625, 2.603515625, 0.9140625, 6.14453125, 4.4609375, 1.1875, 0.2352294921875, 10.65625, 1.298828125, 2.251953125, 2.115234375, 2.388671875, 2.240234375, 9.4765625, 0.004486083984375, 0.004673004150390625, 0.873046875, 1.71875, 9.40625, 3.689453125, 6.140625, 0.27392578125, 0.081787109375, 2.3203125, 1.4345703125, 0.0003414154052734375, 6.66796875, 0.04180908203125, 0.00429534912109375, 7.04296875, 8.6953125, 1.208984375, 1.283203125, 0.0026988983154296875, 3.560546875, 6.3515625, 1.619140625, 2.83984375, 1.0556640625, 2.361328125, 4.828125, 6.703125, 3.833984375, 7.078125, 2.541015625, 7.6875, 3.65625, 1.53515625, 0.818359375, 6.7421875, 2.91796875, 0.87451171875, 5.36328125, 1.96875, 0.86669921875, 3.126953125, 9.703125, 1.4248046875, 0.67578125, 6.00390625, 3.583984375, 2.765625, 0.8955078125, 8.484375, 4.03515625, 5.21484375, 4.3828125, 4.0390625, 5.9296875, 8.0, 8.46875, 1.9697265625, 4.08984375, 3.84765625, 5.6796875, 1.310546875, 0.1611328125, 8.0546875, 7.37890625, 2.2265625, 1.5830078125, 3.716796875, 4.81640625, 0.814453125, 6.97265625, 2.30078125, 5.23828125, 3.5859375, 6.7734375, 1.0693359375, 3.60546875, 4.421875, 5.40625, 7.76171875, 1.373046875, 3.55078125, 5.87890625, 0.6337890625, 4.8515625, 1.28125, 0.44873046875, 11.6796875, 7.578125, 10.703125, 3.6875, 2.056640625, 2.029296875, 2.943359375, 0.4140625, 9.5546875, 1.1923828125, 8.1171875, 8.4453125, 3.212890625, 5.84375, 7.75390625, 9.328125, 1.6416015625, 7.93359375, 2.564453125, 0.830078125, 5.25390625, 0.3154296875, 6.03125, 0.826171875, 0.0012331008911132812, 3.802734375, 10.9296875, 3.615234375, 0.1790771484375, 8.25, 8.46875, 4.171875, 9.40625, 1.1787109375, 0.2476806640625, 3.458984375, 1.052734375, 0.0059051513671875, 3.578125, 6.46484375, 9.1328125, 1.7939453125, 6.2109375, 0.556640625, 0.032806396484375, 4.6875, 0.97607421875, 0.004650115966796875, 4.40625, 9.4453125, 6.98046875, 7.8125, 8.453125, 0.86376953125, 3.96484375, 1.0166015625, 4.61328125, 5.9375, 6.4375, 4.734375, 6.1328125, 1.109375, 3.994140625, 0.484375, 0.2763671875, 0.33740234375, 0.00510406494140625, 5.8046875, 2.12890625, 4.17578125, 9.359375, 2.412109375, 1.47265625, 8.96875, 3.576171875, 3.322265625, 8.2734375, 3.205078125, 1.509765625, 0.1309814453125, 1.9755859375, 5.21484375, 1.880859375]",-1.16682867016024
135,0,test,3.2888000153547883,1.5211568554805737,2.0712302007126926,6.076258564954274,2.8104300439671577,3.826724090341134,26.81067195031708,20.953638959110368,23.43170571679967,49.53435122528094,38.71312563786854,43.29150507433109,3.5213629708218215,1.5765710356802987,2.2176315928094334,6.505932805847634,2.912811120799576,4.097209589154014,33.830507048827805,26.838330171446884,30.14749327235838,62.50392460850503,49.58545147529516,55.69933208246701,3.2814323367881135,1.5076342875953188,2.062531541677905,6.062646329553648,2.7854462752523266,3.8106527873683245,26.613865431082115,20.720671882118687,23.230398865242634,49.17073918059683,38.28270475781684,42.91957839127145,0.7839195979899498,0.00891959798994979,0.013919597989949795,0.5979899497487438,-0.0020100502512562235,0.01298994974874379,0.457286432160804,0.0022864321608040417,0.007286432160804046,0.3973509933774835,0.08826008428657439,0.14184438544796807,0.3554817275747508,0.40201005025125625,0.08872684223120608,0.1432454425717905,0.3737373737373737,0.39799331103678925,0.08747578182143034,0.14437818311687822,0.3557046979865772,20.0,3.0,4.0,32.0,6.0,6.0,41.0,4.0,4.0,-0.0012121171328675344,-0.00011547436621211329,-0.00010370216046676316,0.00417244289470986,0.004146069981961098,0.004234797953736269,"[3.0625, 9.453125, 2.48046875, 1.494140625, 7.81640625, 1.0810546875, 8.9375, 6.81640625, 5.03125, 3.666015625, 8.4765625, 0.66162109375, 0.428466796875, 7.0078125, 5.69921875, 6.6640625, 5.87890625, 2.025390625, 5.21484375, 3.279296875, 1.228515625, 4.7421875, 8.734375, 2.333984375, 1.0234375, 1.984375, 7.53125, 2.1796875, 1.734375, 5.9296875, 2.71484375, 1.73828125, 0.79638671875, 1.4140625, 6.0390625, 4.3828125, 1.7822265625, 1.3447265625, 1.427734375, 2.146484375, 9.171875, 2.880859375, 0.5361328125, 3.927734375, 0.314208984375, 4.91796875, 0.53955078125, 2.884765625, 1.6455078125, 5.546875, 1.83984375, 3.068359375, 8.6796875, 2.939453125, 1.2451171875, 1.8759765625, 9.28125, 1.341796875, 6.74609375, 4.53125, 2.5234375, 8.7109375, 4.80078125, 3.810546875, 2.361328125, 2.720703125, 4.79296875, 0.9599609375, 6.93359375, 1.833984375, 2.6953125, 0.7646484375, 0.57763671875, 3.544921875, 3.4765625, 0.58203125, 0.7236328125, 0.0911865234375, 2.0390625, 2.66796875, 1.138671875, 6.41796875, 1.8115234375, 6.59375, 3.638671875, 8.984375, 4.390625, 3.392578125, 10.71875, 0.390625, 1.501953125, 8.9453125, 1.6103515625, 11.96875, 0.01209259033203125, 0.495361328125, 10.265625, 2.080078125, 9.203125, 2.328125, 2.3828125, 2.958984375, 0.6494140625, 0.02490234375, 5.95703125, 3.48046875, 7.84375, 1.345703125, 3.9296875, 0.1751708984375, 0.00028514862060546875, 6.66015625, 5.3125, 1.26953125, 6.5390625, 1.3544921875, 3.421875, 0.416015625, 0.1607666015625, 2.21484375, 1.8046875, 1.51171875, 0.7607421875, 9.4765625, 1.3251953125, 10.7109375, 2.5703125, 5.2734375, 7.6015625, 0.394287109375, 3.916015625, 5.3203125, 8.359375, 5.3125, 2.443359375, 3.55859375, 1.2197265625, 0.0101165771484375, 4.66796875, 0.1439208984375, 0.134033203125, 0.27099609375, 2.82421875, 2.994140625, 0.1282958984375, 1.4609375, 9.4609375, 0.53125, 6.51953125, 0.099853515625, 8.296875, 5.1796875, 8.40625, 4.0859375, 0.4052734375, 1.0390625, 3.609375, 1.02734375, 3.169921875, 2.75, 1.56640625, 3.216796875, 2.96875, 0.41943359375, 0.2105712890625, 0.6337890625, 6.10546875, 3.453125, 4.671875, 0.0165252685546875, 2.40234375, 1.021484375, 0.486083984375, 0.7314453125, 0.0159759521484375, 9.0859375, 1.166015625, 1.19140625, 0.7421875, 2.740234375, 0.03643798828125, 15.0546875, 5.71875, 5.359375, 5.4453125, 0.587890625, 1.5625, 9.171875, 7.015625, 3.8046875, 6.0625, 4.3046875, 7.16796875, 4.21875, 4.64453125, 1.521484375, 1.56640625, 0.0419921875, 0.0279998779296875, 3.5546875, 0.49609375, 1.9169921875, 6.78125, 3.01953125, 5.83203125, 0.007251739501953125, 0.45263671875, 1.2763671875, 3.53515625, 8.4296875, 0.034210205078125, 0.3583984375, 3.55078125, 9.4375, 2.615234375, 5.78515625, 1.41796875, 2.89453125, 4.5078125, 3.34375, 3.8125, 4.13671875, 1.9833984375, 0.152099609375, 0.264404296875, 5.140625, 1.943359375, 0.2939453125, 0.05877685546875, 1.3505859375, 4.3515625, 0.07635498046875, 2.658203125, 4.82421875, 0.6455078125, 0.360595703125, 6.375, 2.7421875, 1.654296875, 0.88671875, 1.44140625, 1.1201171875, 1.5615234375, 7.88671875, 6.796875, 2.791015625, 5.3046875, 0.223388671875, 0.294677734375, 1.4287109375, 3.56640625, 0.7236328125, 0.287353515625, 0.00470733642578125, 5.48046875, 1.181640625, 1.109375, 7.1015625, 1.9580078125, 0.179931640625, 4.5390625, 2.357421875, 0.2347412109375, 0.2315673828125, 8.96875, 6.3125, 12.28125, 0.1695556640625, 2.517578125, 3.501953125, 1.046875, 1.296875, 3.1875, 0.767578125, 2.853515625, 2.939453125, 0.80859375, 3.064453125, 5.2890625, 1.958984375, 4.65234375, 0.343505859375, 4.3359375, 0.2357177734375, 0.0189666748046875, 5.4765625, 2.171875, 2.69140625, 2.423828125, 0.075927734375, 0.0294952392578125, 3.177734375, 1.5830078125, 1.775390625, 7.54296875, 0.31787109375, 6.52734375, 0.52001953125, 5.69140625, 9.1640625, 2.36328125, 0.5419921875]",-0.7399380064957977
327,0,test,3.064496180131322,1.339124306557724,1.848499400703652,5.83466221866811,2.54963215429352,3.5194593109442414,21.4236655993038,15.809057033232687,18.050010420327,40.78969099980441,30.099730057623816,34.36640402062259,3.297352948979517,1.3869473971001884,1.9639932069741162,6.278010981955351,2.640685157190754,3.7393542980241645,27.040965285869724,20.285137204061726,23.247197204132284,51.48477571377455,38.621984394174014,44.261612755890276,3.2099482423087027,1.4055640537283092,1.947955268112257,6.1115963709493375,2.676130429979888,3.7088187873097773,24.777803749481517,18.701575264212018,21.245349182014557,47.17581843827836,35.60695403412118,40.45018460078477,0.7487437185929648,-0.011256281407035162,0.003743718592964851,0.6080402010050252,0.0030402010050252226,-0.001959798994974782,0.4723618090452262,0.017361809045226217,-0.007638190954773805,0.40773809523809523,0.07935770890822891,0.1503123526638378,0.3731343283582089,0.4321608040201005,0.10133373635092757,0.16838784909522575,0.4242424242424242,0.40802675585284276,0.06245079591962077,0.1399511162532877,0.38926174496644295,22.0,12.0,12.0,32.0,14.0,14.0,42.0,15.0,15.0,-0.00034587457728592753,-0.00019430825462951875,-0.00037454513085225606,0.0026472547424472026,0.004543704071737764,0.005221172818305142,"[3.056640625, 9.4453125, 2.4296875, 6.078125, 0.78955078125, 0.10418701171875, 1.3271484375, 7.09375, 3.533203125, 4.4921875, 3.974609375, 10.5546875, 5.66796875, 1.30078125, 0.87548828125, 9.5, 0.0428466796875, 3.248046875, 1.8779296875, 1.0947265625, 8.21875, 1.716796875, 2.166015625, 6.64453125, 4.99609375, 1.7333984375, 5.16015625, 2.3515625, 3.12109375, 4.5078125, 0.53466796875, 0.46728515625, 4.2421875, 3.7734375, 0.4130859375, 0.0889892578125, 1.240234375, 3.72265625, 1.9599609375, 1.4833984375, 6.37890625, 0.04290771484375, 0.33154296875, 4.5, 0.1287841796875, 9.390625, 3.31640625, 9.9921875, 4.15234375, 0.78173828125, 0.47265625, 7.3515625, 2.765625, 0.7607421875, 5.44921875, 4.16796875, 2.97265625, 0.45751953125, 0.459228515625, 6.34765625, 2.955078125, 0.1597900390625, 5.8984375, 11.265625, 2.66015625, 3.82421875, 2.447265625, 0.0085296630859375, 2.958984375, 4.4375, 3.48046875, 5.640625, 5.28515625, 4.62890625, 2.349609375, 5.94140625, 7.51171875, 5.91796875, 1.47265625, 1.283203125, 3.330078125, 1.7333984375, 0.07952880859375, 0.46435546875, 0.00017333030700683594, 2.076171875, 1.2685546875, 4.140625, 3.166015625, 2.13671875, 10.515625, 2.650390625, 4.05078125, 3.3046875, 3.89453125, 0.43212890625, 5.8984375, 8.28125, 0.51611328125, 2.447265625, 2.5234375, 1.705078125, 0.091552734375, 0.1839599609375, 0.2890625, 4.53515625, 0.255126953125, 5.578125, 7.87890625, 2.0859375, 5.515625, 2.259765625, 1.7783203125, 0.22900390625, 2.0703125, 1.916015625, 3.564453125, 2.27734375, 0.83154296875, 0.38671875, 7.69921875, 0.685546875, 3.50390625, 2.08203125, 6.5703125, 1.8212890625, 8.90625, 5.890625, 0.00748443603515625, 1.8466796875, 2.0625, 6.68359375, 0.358154296875, 6.953125, 1.5478515625, 2.216796875, 1.7734375, 0.44091796875, 0.04022216796875, 0.1142578125, 0.09564208984375, 0.85302734375, 3.345703125, 1.51953125, 5.71484375, 0.38427734375, 2.435546875, 0.0097808837890625, 7.99609375, 0.0977783203125, 6.1953125, 3.64453125, 4.33984375, 0.292724609375, 3.32421875, 6.61328125, 6.9140625, 1.1533203125, 2.583984375, 4.71875, 1.138671875, 3.40625, 2.720703125, 6.2578125, 5.43359375, 0.857421875, 5.05859375, 2.787109375, 2.443359375, 1.3193359375, 8.96875, 5.921875, 2.076171875, 5.36328125, 4.4921875, 0.33837890625, 0.311767578125, 3.798828125, 3.22265625, 2.50390625, 3.962890625, 0.02081298828125, 13.0859375, 5.56640625, 2.52734375, 0.2666015625, 5.859375, 2.5, 7.046875, 0.08612060546875, 1.8466796875, 0.12890625, 3.17578125, 5.80078125, 5.46484375, 0.8544921875, 1.5556640625, 4.328125, 6.5234375, 2.27734375, 9.21875, 0.70361328125, 1.0400390625, 5.62109375, 0.251220703125, 0.72216796875, 2.037109375, 7.75, 0.70703125, 4.33203125, 2.00390625, 0.264892578125, 3.2265625, 4.31640625, 1.41015625, 1.9423828125, 3.146484375, 2.755859375, 1.4453125, 0.15087890625, 0.0012655258178710938, 5.83203125, 1.5634765625, 2.771484375, 1.3779296875, 2.263671875, 4.4765625, 1.318359375, 5.75390625, 2.88671875, 2.794921875, 7.4296875, 3.43359375, 6.02734375, 3.0625, 8.65625, 0.728515625, 6.765625, 0.02191162109375, 9.2265625, 0.83203125, 7.1171875, 1.609375, 1.9521484375, 8.109375, 2.037109375, 0.054840087890625, 0.01204681396484375, 0.85498046875, 2.552734375, 1.7041015625, 6.40234375, 4.54296875, 8.1484375, 0.0008912086486816406, 0.287841796875, 0.705078125, 0.7275390625, 2.029296875, 0.9150390625, 2.873046875, 4.859375, 2.064453125, 1.7919921875, 7.8671875, 3.341796875, 2.564453125, 1.9375, 1.6103515625, 0.1806640625, 4.59375, 6.265625, 3.064453125, 0.041259765625, 3.234375, 3.08984375, 2.201171875, 1.89453125, 5.6328125, 6.64453125, 1.478515625, 6.30859375, 0.73095703125, 3.9921875, 1.4150390625, 0.60400390625, 0.0496826171875, 0.1112060546875, 0.050262451171875, 2.4921875, 3.486328125, 7.4609375, 7.11328125, 6.78515625, 1.921875, 2.328125, 5.671875, 5.75390625, 0.86669921875, 1.037109375, 0.049102783203125, 2.736328125, 0.26416015625, 1.76171875, 5.6953125, 0.2568359375, 0.75634765625, 0.0007233619689941406, 2.208984375, 0.91748046875, 1.6396484375, 0.057159423828125, 0.03338623046875, 0.0270233154296875, 0.04168701171875, 0.0038547515869140625, 0.043701171875, 0.0027217864990234375, 0.016876220703125, 6.0558319091796875e-05, 0.2467041015625, 0.82080078125, 1.2421875, 0.7958984375, 4.0859375, 1.4951171875, 8.09375, 6.96484375, 0.1778564453125, 1.568359375, 7.0390625, 0.33984375, 5.9375, 6.11328125, 5.625, 0.71240234375]",-0.7846056017137708
335,0,test,3.6090396754175638,1.6464864533708434,2.2564593525290846,6.2541743443571445,2.8532280775805297,3.9102618593516434,36.93057044561138,29.813094062315038,33.063178658977456,63.99769661071786,51.663684741527305,57.29581891835224,3.571855017887288,1.559160896285103,2.196778546620645,6.189736335345051,2.70189993828288,3.806839841659378,35.582538212944186,28.099086671330042,31.627159028732287,61.66166559882875,48.69344833106262,54.80731285103297,3.6090396754175638,1.6464864533708434,2.2564593525290846,6.2541743443571445,2.8532280775805297,3.9102618593516434,36.93057044561138,29.813094062315038,33.063178658977456,63.99769661071786,51.663684741527305,57.29581891835224,0.7587939698492463,-0.001206030150753712,-0.006206030150753716,0.6180904522613065,-0.0019095477386934512,0.008090452261306558,0.5175879396984925,-0.007412060301507539,-0.002412060301507535,0.44244604316546765,0.12467225501465973,0.1936422154142715,0.4368231046931408,0.44723618090452266,0.12142164456367055,0.19181047138866292,0.43939393939393945,0.44244604316546765,0.12467225501465973,0.1936422154142715,0.4368231046931408,30.0,11.0,9.0,43.0,14.0,10.0,49.0,9.0,6.0,0.00010085675553738622,-0.00030550530176502066,-3.557712121326009e-05,0.00023875416349117273,-0.00018498985658865763,-3.328992298534672e-05,"[3.0625, 9.453125, 2.48046875, 1.494140625, 7.81640625, 0.76318359375, 5.48046875, 6.08203125, 0.1390380859375, 3.091796875, 0.1865234375, 3.158203125, 8.0234375, 7.96875, 2.7578125, 0.68603515625, 6.87890625, 1.7255859375, 4.79296875, 2.068359375, 5.1953125, 8.8046875, 2.578125, 7.80859375, 5.02734375, 1.7255859375, 2.236328125, 0.15087890625, 3.05078125, 7.77734375, 3.642578125, 7.32421875, 3.232421875, 0.400390625, 3.10546875, 1.6630859375, 3.25, 5.37890625, 3.076171875, 5.890625, 5.5, 5.26953125, 5.57421875, 0.0418701171875, 0.1383056640625, 4.53515625, 3.884765625, 2.4921875, 0.0162353515625, 0.0008444786071777344, 1.3251953125, 6.02734375, 0.07611083984375, 1.232421875, 7.33984375, 0.72705078125, 0.279296875, 5.8203125, 7.2890625, 5.9296875, 10.0, 6.1484375, 1.2841796875, 2.453125, 6.04296875, 2.90625, 1.552734375, 7.421875, 0.83447265625, 1.6875, 3.052734375, 5.69140625, 0.45166015625, 7.10546875, 1.7587890625, 1.0166015625, 5.3984375, 0.0141143798828125, 1.94140625, 8.5546875, 3.314453125, 3.83203125, 0.68359375, 7.0234375, 2.3203125, 3.19140625, 6.1328125, 0.9013671875, 6.6328125, 4.8984375, 7.625, 0.0017042160034179688, 7.95703125, 8.515625, 0.388916015625, 1.015625, 3.193359375, 1.4140625, 0.1285400390625, 8.234375, 4.0390625, 4.140625, 4.16015625, 0.6845703125, 1.525390625, 0.8447265625, 1.2890625, 0.1361083984375, 0.090576171875, 5.0625, 0.74365234375, 9.1953125, 0.1304931640625, 5.42578125, 9.2734375, 10.6640625, 5.26171875, 1.5732421875, 2.1796875, 5.53515625, 0.2215576171875, 1.744140625, 3.31640625, 0.0007486343383789062, 0.0028820037841796875, 0.14599609375, 7.2109375, 6.21875, 8.28125, 0.0146942138671875, 6.234375, 8.1953125, 0.123291015625, 6.32421875, 3.9765625, 0.74267578125, 1.7880859375, 3.171875, 2.318359375, 3.451171875, 3.220703125, 1.3955078125, 4.48828125, 6.9375, 0.014984130859375, 0.849609375, 9.03125, 6.69140625, 6.296875, 0.1856689453125, 7.62109375, 4.94140625, 0.974609375, 1.58203125, 2.048828125, 4.46875, 0.0217742919921875, 0.37841796875, 9.625, 4.64453125, 1.6123046875, 4.47265625, 0.0167083740234375, 0.455810546875, 5.984375, 5.72265625, 6.81640625, 5.7421875, 4.0, 1.1337890625, 5.9140625, 0.269775390625, 6.65625, 1.6015625, 2.09765625, 1.12109375, 9.6796875, 3.068359375, 0.007167816162109375, 6.15234375, 3.18359375, 3.25390625, 1.5693359375, 8.5546875, 7.203125, 2.232421875, 0.52880859375, 1.4677734375, 0.84521484375, 1.1923828125, 1.31640625, 2.76953125, 4.01171875, 1.330078125, 4.421875, 4.9375, 0.126708984375, 3.08203125, 9.0234375, 10.3828125, 0.181640625, 1.8837890625, 0.55322265625, 1.2734375, 0.2210693359375, 2.748046875, 8.125, 1.107421875, 12.28125, 0.1951904296875, 2.849609375, 6.47265625, 2.1328125, 0.60546875, 7.41015625, 6.05859375, 2.25390625, 0.2137451171875, 9.390625, 4.703125, 0.60009765625, 3.00390625, 1.505859375, 2.548828125, 0.037689208984375, 1.6904296875, 4.69921875, 4.6328125, 2.54296875, 0.1214599609375, 6.8515625, 3.83984375, 3.96484375, 0.052459716796875, 0.80029296875, 1.9462890625, 4.03515625, 0.225830078125, 0.411376953125, 1.3359375, 0.300537109375, 7.3671875, 1.2861328125, 4.15625, 7.1328125, 5.421875, 2.85546875, 4.68359375, 6.359375, 7.375, 0.96826171875, 6.828125, 0.394287109375, 5.34765625, 6.77734375, 6.7421875, 2.037109375, 4.23828125, 4.828125, 5.8046875, 0.83251953125, 11.2109375, 0.68505859375, 0.94384765625, 2.9453125, 7.76953125, 9.796875, 0.378173828125, 0.818359375, 1.21875, 7.3828125, 4.6953125, 5.515625, 1.2158203125, 1.2216796875, 5.25, 3.783203125, 0.7724609375]",-1.0459815152257468
34,0,test,3.01758631708017,1.3381999020070667,1.8398962258168985,5.203402046760037,2.3075370105121857,3.1726415688765752,20.44189184520642,15.079627088529701,17.195026274254694,35.249159656157225,26.00269030009288,29.65039787034944,3.477727876835732,1.5350206492507208,2.1208457074656697,5.996851274800076,2.64692663236182,3.657099328899136,32.386053313373566,25.408437896498334,28.501988764870422,55.845181674983905,43.81326791126956,49.147660113782976,3.01758631708017,1.3381999020070667,1.8398962258168985,5.203402046760037,2.3075370105121857,3.1726415688765752,20.44189184520642,15.079627088529701,17.195026274254694,35.249159656157225,26.00269030009288,29.65039787034944,0.7587939698492463,-0.006206030150753716,-0.001206030150753712,0.6130653266331658,-0.0069346733668341765,0.0030653266331658324,0.507537688442211,-0.0024623115577889765,-0.0024623115577889765,0.42164179104477617,0.11624141860529758,0.173502833228399,0.37453183520599254,0.4623115577889447,0.12897822445561136,0.1901913574550549,0.43939393939393945,0.42164179104477617,0.11624141860529758,0.173502833228399,0.37453183520599254,27.0,6.0,6.0,42.0,10.0,11.0,49.0,9.0,11.0,-0.0011712029779694711,-0.001070039027024143,-0.00013577468789704235,0.015424621377311709,0.013410246588494878,0.013618078840727854,"[3.0625, 9.453125, 2.48046875, 1.494140625, 0.81689453125, 2.970703125, 7.14453125, 0.392578125, 5.109375, 6.4296875, 5.78125, 8.5859375, 0.09521484375, 3.9453125, 5.5078125, 7.19921875, 3.908203125, 2.537109375, 3.013671875, 7.02734375, 5.9296875, 2.9609375, 6.64453125, 0.395263671875, 1.6328125, 1.9033203125, 7.8046875, 8.6171875, 0.08831787109375, 4.76171875, 1.66015625, 5.0234375, 0.6484375, 3.66796875, 0.452880859375, 0.62744140625, 1.197265625, 3.87109375, 0.13330078125, 9.15625, 3.806640625, 9.6640625, 1.443359375, 5.640625, 1.9296875, 3.94140625, 0.06805419921875, 7.32421875, 2.16015625, 1.732421875, 5.7265625, 0.6884765625, 1.0927734375, 0.366455078125, 0.6513671875, 8.234375, 4.73828125, 3.908203125, 5.40234375, 10.5859375, 1.5791015625, 0.410888671875, 2.720703125, 2.876953125, 5.54296875, 0.578125, 9.6953125, 0.88720703125, 1.056640625, 1.421875, 1.2353515625, 5.33203125, 5.54296875, 0.0858154296875, 5.1015625, 0.322509765625, 6.5859375, 3.474609375, 5.53515625, 0.027099609375, 3.931640625, 7.46484375, 3.42578125, 4.3125, 2.03125, 2.5703125, 1.3369140625, 5.28125, 3.08203125, 0.08123779296875, 5.8359375, 5.7890625, 7.984375, 3.5859375, 0.35693359375, 0.83251953125, 5.41015625, 2.5546875, 4.36328125, 4.640625, 0.23388671875, 0.89306640625, 1.7529296875, 1.673828125, 7.296875, 6.10546875, 1.2958984375, 9.7109375, 6.4765625, 1.6025390625, 1.5244140625, 3.859375, 0.04534912109375, 4.26171875, 5.171875, 2.025390625, 0.84814453125, 4.671875, 0.0594482421875, 6.2578125, 1.765625, 0.467041015625, 2.654296875, 7.6328125, 0.89697265625, 1.8603515625, 1.9248046875, 5.39453125, 2.57421875, 4.9296875, 3.861328125, 2.439453125, 5.703125, 1.2998046875, 1.29296875, 8.65625, 1.7724609375, 9.1328125, 2.44921875, 2.41796875, 1.3154296875, 3.58984375, 4.2734375, 1.94921875, 8.765625, 2.61328125, 6.59375, 6.359375, 3.927734375, 3.0, 3.970703125, 1.0400390625, 5.77734375, 3.2109375, 6.36328125, 3.232421875, 7.0703125, 7.8515625, 4.90234375, 1.3486328125, 3.73828125, 2.69921875, 3.7890625, 0.51123046875, 0.05621337890625, 0.80517578125, 5.9453125, 0.78857421875, 0.8095703125, 5.5390625, 3.849609375, 5.546875, 1.2900390625, 5.25390625, 5.1015625, 2.212890625, 0.406982421875, 0.31298828125, 0.038818359375, 6.98828125, 0.916015625, 0.0018777847290039062, 0.053558349609375, 0.0004019737243652344, 0.00592041015625, 0.0036945343017578125, 7.65625, 2.876953125, 6.86328125, 6.61328125, 0.39453125, 0.08599853515625, 6.76953125, 7.3046875, 2.591796875, 5.6328125, 3.310546875, 0.00910186767578125, 0.1602783203125, 5.4375, 9.9453125, 1.7236328125, 3.544921875, 0.5888671875, 0.0035114288330078125, 0.43115234375, 4.39453125, 2.14453125, 1.7470703125, 4.5625, 1.8310546875, 0.1005859375, 0.00489044189453125, 0.189697265625, 6.5546875, 0.5625, 7.44140625, 1.4638671875, 0.020355224609375, 0.1829833984375, 5.40625, 1.84765625, 4.984375, 0.360595703125, 0.0012369155883789062, 3.185546875, 0.004550933837890625, 0.01338958740234375, 0.004444122314453125, 0.0167083740234375, 6.65234375, 2.3359375, 0.0011138916015625, 0.00196075439453125, 0.00061798095703125, 2.275390625, 0.0101776123046875, 0.257568359375, 1.0244140625, 1.3583984375, 0.5830078125, 1.208984375, 0.420654296875, 0.000370025634765625, 0.09552001953125, 0.5966796875, 0.235107421875, 0.0032482147216796875, 0.1165771484375, 7.450580596923828e-05, 0.6376953125, 6.38671875, 1.2939453125, 2.66015625, 3.98828125, 5.6875, 0.0193328857421875, 2.669921875, 0.59423828125, 0.1715087890625, 0.20849609375, 0.042999267578125, 0.7529296875, 0.006092071533203125, 0.00011539459228515625, 0.021270751953125, 0.0007529258728027344, 0.5888671875]",-1.689842138272613
211,0,test,3.7495620923976962,1.7598913120323518,2.401307329042125,5.550822313255413,2.6053292952635796,3.5548765361309886,42.502465771388295,35.189340030025626,38.651766489925066,62.92031697529051,52.094022985626175,57.219771960575336,4.046706424885659,1.8895181255799027,2.597674023284915,5.990712452526808,2.7972278133584836,3.84557625015708,57.2087251811884,48.56193392306423,52.94973365378045,84.69134806234753,71.89070610179117,78.38637040902792,3.7285256545280534,1.7522256611451839,2.380570087770673,5.5196801356248635,2.5939811258129684,3.5241772867977614,41.61770403620461,34.40170973235006,37.76815669852962,61.61052264183231,50.9280212704398,55.9116829556664,0.8291457286432161,0.009145728643216056,-0.0008542713567838423,0.7135678391959799,0.00856783919597981,0.00856783919597981,0.5778894472361809,-0.01711055276381912,-0.002110552763819218,0.46179401993355484,0.11851043784400261,0.2010205392705714,0.41000000000000003,0.4321608040201005,0.07627107970932356,0.16504895093161964,0.398989898989899,0.46153846153846156,0.12597919609605757,0.2034739454094293,0.3959731543624161,26.0,4.0,4.0,37.0,3.0,1.0,47.0,2.0,3.0,-0.00163735256441064,-0.0002899799080133021,-0.00020170355586577202,-0.0004991372202978184,-9.589878044646838e-05,4.7314887297922326e-05,"[3.056640625, 9.4453125, 2.4296875, 1.0791015625, 10.8046875, 11.4296875, 4.08984375, 4.18359375, 5.85546875, 0.1453857421875, 7.2421875, 4.49609375, 6.421875, 0.72900390625, 5.62890625, 4.4921875, 5.6796875, 7.6328125, 7.2109375, 2.791015625, 6.70703125, 2.033203125, 3.091796875, 2.498046875, 5.9140625, 0.86962890625, 3.673828125, 0.0152740478515625, 3.080078125, 9.3984375, 8.296875, 9.140625, 0.7978515625, 0.71728515625, 7.72265625, 0.1317138671875, 2.390625, 2.1875, 4.46484375, 5.63671875, 5.7890625, 11.8984375, 1.4833984375, 10.671875, 4.32421875, 8.6328125, 2.76953125, 8.1953125, 5.6484375, 0.74267578125, 3.291015625, 3.94921875, 1.8662109375, 3.857421875, 6.484375, 2.2578125, 8.171875, 0.042144775390625, 5.22265625, 5.75390625, 7.2578125, 0.024017333984375, 5.8359375, 0.034820556640625, 6.6484375, 2.11328125, 7.8046875, 3.548828125, 1.4365234375, 7.51171875, 5.51953125, 1.640625, 6.27734375, 1.3359375, 0.2015380859375, 5.5234375, 5.2109375, 0.0159454345703125, 3.154296875, 3.1484375, 5.390625, 3.861328125, 1.9814453125, 3.23046875, 5.73046875, 6.57421875, 5.484375, 8.75, 3.95703125, 1.1220703125, 1.31640625, 2.1640625, 3.45703125, 0.05328369140625, 3.9296875, 0.9912109375, 2.19921875, 0.40625, 2.513671875, 2.34375, 4.9453125, 0.0082855224609375, 6.51171875, 3.361328125, 6.390625, 4.14453125, 9.921875, 4.6328125, 2.29296875, 7.09375, 7.2890625, 3.25, 3.78125, 9.09375, 7.7109375, 1.4501953125, 3.9140625, 2.791015625, 2.373046875, 7.0390625, 3.6171875, 10.328125, 2.142578125, 5.30859375, 1.2236328125, 3.2578125, 10.09375, 4.69140625, 3.029296875, 0.0098114013671875, 4.3828125, 3.392578125, 0.1796875, 0.039093017578125, 0.177001953125, 4.36328125, 0.853515625, 3.53515625, 3.984375, 0.904296875, 7.11328125, 5.87109375, 3.380859375, 13.1171875, 2.076171875, 2.87890625, 5.31640625, 7.7421875, 1.255859375, 2.966796875, 1.080078125, 1.943359375, 4.31640625, 0.022796630859375, 7.578125, 1.078125, 2.291015625, 1.3447265625, 7.55859375, 0.62060546875, 0.0621337890625, 4.18359375, 1.169921875, 1.34765625, 3.57421875, 0.43408203125, 1.611328125, 9.640625, 0.275634765625, 1.3681640625, 6.02734375, 3.13671875, 0.494873046875, 0.08673095703125, 2.615234375, 8.7109375, 1.455078125, 1.548828125, 2.34765625, 5.88671875, 5.6640625, 6.5078125, 0.75341796875, 3.2734375, 4.05859375, 8.8359375, 10.0, 9.3515625, 1.5009765625, 3.900390625, 2.697265625, 4.5234375, 4.83203125, 0.268798828125, 4.5, 5.60546875, 0.1905517578125, 5.57421875, 0.01421356201171875, 0.055877685546875, 0.0011053085327148438, 0.00891876220703125, 0.0233917236328125, 1.6318359375, 0.00368499755859375, 0.04217529296875, 3.376953125, 3.21484375, 10.375, 1.126953125, 4.0390625, 6.5390625, 0.1019287109375, 9.6875, 2.72265625, 0.736328125, 1.009765625, 0.0015058517456054688, 0.0086669921875, 3.296875, 0.796875, 5.75390625, 1.4453125, 0.78369140625, 1.076171875, 4.1015625, 2.271484375, 2.974609375, 7.30078125, 4.32421875, 6.421875, 7.96875, 4.203125, 0.000774383544921875, 0.005283355712890625, 5.58203125, 5.10546875, 8.28125, 6.3359375, 0.0947265625, 9.265625, 2.9609375, 5.0, 4.78515625, 3.232421875, 0.74169921875, 4.765625, 4.05859375, 0.007175445556640625, 0.1446533203125, 6.453125, 4.26171875, 9.8984375, 1.8486328125, 1.9326171875, 4.60546875, 1.5048828125, 1.287109375, 1.6142578125, 7.5625, 2.7578125, 5.953125, 4.19140625, 5.3984375, 6.80859375, 4.5390625, 5.33203125, 1.994140625, 1.3857421875, 4.484375, 0.094970703125, 1.7919921875, 5.203125, 0.2626953125, 0.66748046875, 0.0076751708984375, 0.029083251953125, 0.00511932373046875, 0.02252197265625, 6.5078125, 4.09375, 9.6875, 2.958984375, 0.0013628005981445312, 0.00441741943359375, 0.0029506683349609375, 0.2454833984375, 0.0010395050048828125, 0.552734375, 5.8671875, 3.236328125, 4.90625, 5.7109375, 3.87109375, 2.744140625, 0.19921875, 0.3857421875, 2.548828125, 3.576171875, 8.3515625, 8.015625]",-1.2563239854831632
265,0,test,3.4931174531215574,1.6220855709283855,2.201216107331762,6.212084551767526,2.884681907218588,3.9145951314170255,32.888315842279034,26.393320829978514,29.24861553246747,58.48786979518812,46.93731109763746,52.01510546044214,3.6191691873061598,1.6122290145777192,2.2418929293072045,6.436252230398521,2.867153220519295,3.9869339121192984,37.30656017930516,29.86604439173437,33.34247042725937,66.34517999454809,53.11312759394923,59.29552848955855,3.498631448650041,1.6247853762636195,2.2129803159370036,6.221890522193856,2.8894831826525986,3.935516345639319,33.07016275957568,26.556863852766185,29.453140407375905,58.811262421083235,47.2281524732977,52.378828075819854,0.6783919597989949,-0.006608040201005139,-0.011608040201005032,0.5879396984924623,-0.00706030150753767,-0.01706030150753768,0.4974874371859297,-0.002512562814070307,-0.002512562814070307,0.448170731707317,0.13614637858707346,0.21186241527729677,0.43425076452599387,0.44723618090452266,0.1339529728844725,0.211843860370299,0.4292929292929293,0.4448160535117057,0.1393068715417558,0.2134478666374009,0.43624161073825507,21.0,6.0,4.0,32.0,3.0,4.0,41.0,7.0,6.0,-0.0006028950949942461,-3.139655614521395e-05,-0.00025067664997913255,-0.00039251620327895864,8.686395899459853e-06,0.0001419379254530284,"[3.056640625, 9.4453125, 2.4296875, 1.0791015625, 2.802734375, 0.35693359375, 0.64501953125, 0.361328125, 3.205078125, 6.828125, 0.1314697265625, 6.00390625, 9.3515625, 3.978515625, 2.0234375, 2.6875, 4.57421875, 6.921875, 0.783203125, 1.927734375, 7.0859375, 3.521484375, 6.16796875, 9.375, 2.0078125, 3.26953125, 0.1981201171875, 0.3125, 7.90625, 0.771484375, 2.267578125, 5.125, 0.07476806640625, 6.15625, 6.93359375, 0.33447265625, 0.01348876953125, 0.054779052734375, 13.7578125, 0.03594970703125, 11.78125, 2.67578125, 1.4921875, 3.849609375, 0.54052734375, 1.6435546875, 5.5546875, 1.220703125, 7.29296875, 10.703125, 8.1796875, 8.328125, 2.423828125, 5.390625, 7.40625, 0.10174560546875, 9.859375, 6.9921875, 3.064453125, 10.3515625, 2.826171875, 7.01171875, 4.92578125, 2.001953125, 4.88671875, 8.359375, 2.03125, 0.1451416015625, 8.8125, 0.072021484375, 0.74267578125, 0.05712890625, 3.14453125, 0.436767578125, 1.08984375, 4.6171875, 0.1588134765625, 0.72900390625, 7.03515625, 5.625, 7.28125, 0.79248046875, 0.10772705078125, 2.748046875, 0.84619140625, 4.41015625, 0.2059326171875, 3.888671875, 3.98828125, 5.07421875, 0.54638671875, 4.921875, 15.3984375, 0.006763458251953125, 3.1328125, 0.3291015625, 2.447265625, 4.6640625, 8.515625, 3.849609375, 0.95703125, 8.2734375, 7.12109375, 0.002841949462890625, 4.36328125, 5.5078125, 8.015625, 7.98828125, 4.62890625, 6.453125, 1.1337890625, 1.1416015625, 8.953125, 5.8046875, 3.966796875, 4.50390625, 5.63671875, 0.276611328125, 0.347412109375, 0.08673095703125, 2.37109375, 3.509765625, 5.3125, 0.1385498046875, 0.037994384765625, 0.339599609375, 1.5107421875, 0.6220703125, 5.5390625, 1.2451171875, 4.81640625, 5.34375, 6.390625, 2.283203125, 0.85693359375, 5.671875, 4.77734375, 1.181640625, 0.1624755859375, 2.02734375, 5.6875, 3.873046875, 3.71484375, 0.63330078125, 0.06793212890625, 2.234375, 0.13525390625, 0.0256500244140625, 0.044158935546875, 0.413818359375, 7.984375, 5.609375, 3.326171875, 2.537109375, 1.2412109375, 3.67578125, 2.873046875, 0.64111328125, 10.2421875, 0.06988525390625, 0.0216827392578125, 0.028961181640625, 9.3671875, 0.1092529296875, 0.055694580078125, 5.68359375, 3.2890625, 2.162109375, 0.0022068023681640625, 0.36376953125, 0.09429931640625, 0.0760498046875, 2.08984375, 4.796875, 0.128173828125, 0.1768798828125, 5.63671875, 2.4921875, 7.71484375, 0.0081939697265625, 0.0110626220703125, 0.138671875, 10.3046875, 5.42578125, 0.83447265625, 1.529296875, 10.703125, 5.80859375, 4.66796875, 8.625, 0.11376953125, 8.5859375, 11.7734375, 5.4296875, 0.026275634765625, 4.01953125, 3.271484375, 2.64453125, 9.921875, 0.19482421875, 6.4140625, 9.71875, 0.003467559814453125, 0.002277374267578125, 4.93359375, 3.0625, 0.0009927749633789062, 0.6904296875, 2.365234375, 4.44921875, 0.0097808837890625, 0.11602783203125, 0.034393310546875, 0.067138671875, 3.712890625, 1.8017578125, 5.97265625, 5.64453125, 7.07421875, 7.88671875, 4.13671875, 0.27978515625, 3.794921875, 6.203125, 0.00884246826171875, 0.0548095703125, 0.0997314453125, 0.027069091796875, 8.7421875, 5.234375, 8.328125, 5.35546875, 5.14453125, 0.036376953125, 6.859375, 3.57421875, 8.3515625, 1.5458984375, 8.2265625, 1.431640625, 7.72265625, 9.6015625, 0.82958984375, 2.853515625, 0.0268707275390625, 0.0308837890625, 0.0035228729248046875, 3.337890625, 0.2445068359375, 0.00531005859375, 0.48583984375, 0.0116119384765625, 0.0028285980224609375, 5.26171875, 8.828125, 3.98046875, 0.7685546875, 1.2451171875, 1.412109375, 0.1456298828125, 0.4267578125, 2.115234375, 6.328125, 1.1953125, 0.412109375, 3.703125, 8.9453125, 2.61328125, 5.0, 4.00390625, 1.89453125, 9.1953125, 1.60546875, 1.9365234375, 11.0234375, 2.744140625, 1.08203125, 4.1796875, 3.646484375, 5.1171875, 6.265625, 3.140625, 3.744140625, 0.0310211181640625, 6.40625, 0.1539306640625, 0.63427734375, 0.485107421875, 1.162109375, 0.49560546875, 1.7421875, 8.515625, 2.765625, 4.57421875, 7.8671875, 0.1492919921875, 0.77392578125, 0.23193359375, 5.75390625, 3.380859375, 5.23046875, 2.82421875, 1.03515625, 5.05078125, 3.17578125, 0.2308349609375, 10.234375, 12.03125, 3.62109375, 3.62109375, 5.765625, 4.015625, 3.97265625, 0.6748046875, 4.7578125, 0.0110015869140625, 8.53125, 6.08984375, 5.34375, 2.3203125, 6.4765625, 1.8857421875, 1.724609375, 0.006359100341796875, 0.13134765625, 0.0009627342224121094, 0.0047607421875, 0.0010652542114257812]",-0.879756806827173
219,0,test,3.705404721515279,1.6961121573159357,2.340583099048685,6.726371628228373,3.078929712325106,4.248829192540606,40.66650259530303,33.208463198741214,36.75147795803722,73.82135821440359,60.28287905503978,66.71446635694655,4.045159248850453,1.8449049313373673,2.5451933218108116,7.343123477212606,3.349031244784393,4.620255393096059,57.12028164908275,48.09297263877795,52.6387452805572,103.68968324833492,87.30252994937398,95.55441022266751,3.705404721515279,1.6961121573159357,2.340583099048685,6.726371628228373,3.078929712325106,4.248829192540606,40.66650259530303,33.208463198741214,36.75147795803722,73.82135821440359,60.28287905503978,66.71446635694655,0.778894472361809,0.003894472361808954,-0.0011055276381910506,0.6331658291457287,-0.0018341708542712887,-0.006834170854271293,0.5125628140703518,-0.012437185929648265,-0.01743718592964827,0.4225352112676056,0.10794821654001341,0.1813174126727578,0.3710247349823321,0.4522613065326633,0.1189279731993299,0.19683559701680353,0.4040404040404041,0.4225352112676056,0.10794821654001341,0.1813174126727578,0.3710247349823321,27.0,2.0,3.0,41.0,6.0,7.0,48.0,2.0,2.0,-0.0011146365653174482,-0.00024821113028114164,-0.000276031999506502,0.0002803336946550772,-0.00016174870629104277,-1.2262581172706177e-05,"[3.0625, 9.453125, 2.48046875, 5.4921875, 0.79443359375, 0.078125, 10.328125, 4.30078125, 5.15234375, 12.6640625, 4.3984375, 10.140625, 0.55859375, 10.375, 2.671875, 2.408203125, 2.24609375, 1.2841796875, 3.197265625, 1.126953125, 7.83203125, 9.046875, 0.44580078125, 6.4765625, 4.48828125, 4.5859375, 0.5224609375, 7.11328125, 4.3828125, 5.328125, 2.947265625, 1.7822265625, 8.265625, 2.68359375, 1.73828125, 7.60546875, 6.1484375, 0.97021484375, 12.609375, 5.1953125, 10.5390625, 1.412109375, 0.671875, 4.6875, 1.64453125, 10.9921875, 1.1103515625, 8.21875, 8.921875, 8.015625, 0.89599609375, 8.0234375, 3.763671875, 5.25, 2.96875, 0.065185546875, 4.62109375, 1.60546875, 10.1953125, 4.6640625, 7.01953125, 0.44775390625, 9.3046875, 6.1640625, 0.7724609375, 6.04296875, 1.0009765625, 0.8125, 7.59765625, 0.00308990478515625, 12.3671875, 4.00390625, 8.1953125, 0.41845703125, 1.5185546875, 4.53125, 1.3681640625, 2.51171875, 4.87109375, 0.30517578125, 0.75390625, 6.03125, 1.3359375, 0.3056640625, 0.458251953125, 4.5703125, 9.1875, 3.70703125, 1.849609375, 2.40625, 5.01171875, 4.59375, 2.806640625, 2.51953125, 2.685546875, 5.55078125, 1.7392578125, 2.744140625, 0.310791015625, 0.4013671875, 6.2890625, 0.72802734375, 0.00995635986328125, 5.3203125, 0.36669921875, 0.78076171875, 8.234375, 2.474609375, 7.34765625, 0.0275726318359375, 0.273193359375, 8.5390625, 0.91259765625, 1.529296875, 0.94287109375, 0.03466796875, 4.8046875, 8.859375, 0.42822265625, 1.8349609375, 4.02734375, 0.0059356689453125, 2.158203125, 5.98828125, 7.3046875, 4.62109375, 1.3369140625, 4.5234375, 0.580078125, 0.0675048828125, 0.409423828125, 0.6875, 2.607421875, 1.55078125, 2.74609375, 7.3125, 6.1328125, 3.20703125, 1.9921875, 10.6328125, 0.284423828125, 2.64453125, 5.47265625, 3.279296875, 3.869140625, 8.65625, 12.046875, 7.6875, 2.9609375, 2.359375, 5.9375, 0.1341552734375, 2.494140625, 7.05078125, 0.78125, 4.90234375, 10.578125, 5.25, 3.384765625, 6.7734375, 4.1171875, 8.078125, 1.5556640625, 6.06640625, 2.82421875, 0.0238494873046875, 0.327880859375, 5.54296875, 1.0498046875, 1.9140625, 8.4765625, 3.63671875, 0.421142578125, 5.99609375, 4.45703125, 6.1171875, 0.320068359375, 11.328125, 0.9521484375, 6.30078125, 2.376953125, 3.556640625, 4.25, 1.5029296875, 0.0259552001953125, 8.296875, 0.8037109375, 7.41796875, 2.109375, 6.65625, 1.7265625, 5.25390625, 3.228515625, 7.88671875, 0.53564453125, 1.3701171875, 2.2109375, 0.6142578125, 7.4921875, 0.68017578125, 1.232421875, 6.29296875, 5.1875, 2.55078125, 7.234375, 5.07421875, 3.099609375, 6.97265625, 11.0234375, 3.908203125, 9.6796875, 10.796875, 1.017578125, 0.36279296875, 6.30859375, 7.49609375, 3.681640625, 2.27734375, 10.9296875, 1.1953125, 2.873046875, 1.1689453125, 1.9873046875, 3.056640625, 0.004608154296875, 0.72802734375, 0.002094268798828125, 0.35302734375, 4.78125, 6.68359375, 4.87890625, 1.2236328125, 3.048828125, 0.0274658203125, 4.24609375, 1.5234375, 3.08984375, 0.11614990234375, 2.65625, 0.1832275390625, 0.349853515625, 10.6484375, 0.00562286376953125, 0.028778076171875, 0.0260009765625, 3.056640625, 0.004413604736328125, 2.08203125, 1.3818359375, 0.63623046875, 0.061309814453125, 8.8671875, 1.6953125, 0.0276031494140625, 0.054473876953125, 0.87744140625, 0.00984954833984375, 0.0672607421875, 2.396484375, 3.328125, 0.0816650390625, 0.1658935546875, 6.01953125, 0.0157623291015625, 1.3583984375, 0.0005679130554199219, 0.00449371337890625, 0.0009603500366210938, 6.6015625, 4.859375, 5.0859375, 1.8955078125, 0.327392578125, 0.1407470703125, 0.2181396484375, 5.52734375, 13.6953125, 0.298828125, 1.5009765625, 0.0005269050598144531, 3.552734375, 6.546875, 3.05859375, 6.265625]",-1.1801886927913614
437,0,test,2.86824771115695,1.248685285751537,1.7351242078507532,6.174699933740656,2.688141934604003,3.735336836345371,17.606140111187166,12.555260414879076,14.500799200979653,37.902107183805704,27.02868561536468,31.216998279886752,3.3307007257662824,1.453783077928885,2.005264569305525,7.1702585068579685,3.1296719038746827,4.316889003366061,27.957925679832332,21.424589927407517,24.194099065486355,60.187201116305715,46.12238109372452,52.08451882153313,2.9305224275110557,1.2800886696446914,1.7951492446096373,6.308763559225189,2.75574644159621,3.864557401590191,18.73741688217719,13.528177996630552,15.625082085836018,40.33749467690922,29.123160964968545,33.63732949034142,0.7587939698492463,0.018793969849246306,0.013793969849246301,0.5577889447236181,-0.022211055276382008,-0.0272110552763819,0.44723618090452266,-0.0027638190954772934,-0.012763819095477302,0.3948220064724919,0.10403040711869549,0.16769606459951014,0.3311688311688312,0.39698492462311563,0.08620798226722592,0.14823701143446788,0.36868686868686873,0.4013377926421404,0.1058453051630085,0.17219429987239632,0.3389261744966443,21.0,2.0,2.0,34.0,0.0,1.0,42.0,2.0,3.0,-0.0015934527943567629,-0.0003157539312869225,-0.0004001632103495964,0.004207983233715851,0.0034314181985735104,0.004263551828813661,"[3.0625, 9.453125, 2.48046875, 1.494140625, 7.81640625, 3.384765625, 7.41015625, 1.076171875, 10.8984375, 0.05780029296875, 5.7890625, 6.0859375, 1.3984375, 3.73046875, 1.3271484375, 12.1484375, 4.26953125, 0.3740234375, 4.09765625, 2.26953125, 2.068359375, 6.24609375, 5.30078125, 0.5537109375, 3.0703125, 3.109375, 2.197265625, 6.61328125, 2.955078125, 1.3173828125, 2.953125, 0.088623046875, 3.044921875, 1.01953125, 4.96875, 5.7421875, 11.5, 3.728515625, 3.3984375, 1.8349609375, 0.7177734375, 2.078125, 2.32421875, 6.94140625, 0.11627197265625, 1.32421875, 10.9921875, 2.1171875, 1.14453125, 2.21875, 0.04669189453125, 0.0260162353515625, 0.137451171875, 1.80078125, 0.06964111328125, 2.74609375, 0.0927734375, 3.96484375, 0.469970703125, 8.1171875, 2.388671875, 0.459228515625, 7.54296875, 0.1614990234375, 1.09375, 1.435546875, 2.75, 1.154296875, 2.560546875, 3.501953125, 5.078125, 1.365234375, 9.0546875, 8.6015625, 1.712890625, 0.0280303955078125, 1.431640625, 6.6328125, 5.42578125, 4.69140625, 4.69140625, 5.9375, 0.2127685546875, 1.4912109375, 9.53125, 4.1015625, 3.291015625, 5.63671875, 5.85546875, 0.36376953125, 2.505859375, 8.3125, 0.818359375, 0.7119140625, 2.78125, 1.5673828125, 3.763671875, 6.81640625, 11.03125, 2.12890625, 2.896484375, 0.302978515625, 6.46484375, 6.51171875, 4.2578125, 3.716796875, 0.9111328125, 6.4921875, 0.39111328125, 9.1953125, 1.0380859375, 0.00452423095703125, 0.7353515625, 5.421875, 2.537109375, 5.765625, 4.2890625, 0.91455078125, 3.4140625, 0.232666015625, 3.103515625, 3.37890625, 5.48828125, 0.69482421875, 8.8203125, 0.98291015625, 0.81103515625, 5.94140625, 4.5, 2.619140625, 1.189453125, 0.5087890625, 1.4345703125, 3.31640625, 0.369384765625, 4.4609375, 0.93798828125, 0.07568359375, 0.029510498046875, 0.98583984375, 2.3515625, 3.880859375, 4.9921875, 2.48828125, 13.2265625, 1.0078125, 2.099609375, 2.263671875, 0.133056640625, 0.0975341796875, 0.75048828125, 3.9921875, 2.74609375, 0.53271484375, 0.93896484375, 9.2421875, 3.609375, 1.2470703125, 4.328125, 3.564453125, 10.1875, 0.642578125, 9.4921875, 4.94140625, 1.0478515625, 1.400390625, 0.01096343994140625, 5.70703125, 0.68408203125, 3.216796875, 0.50390625, 1.5048828125, 0.013580322265625, 0.07049560546875, 0.01088714599609375, 0.08758544921875, 0.09503173828125, 0.2249755859375, 10.1484375, 5.828125, 0.20849609375, 5.02734375, 6.25, 6.0625, 1.0146484375, 1.8603515625, 2.646484375, 6.796875, 1.84375, 1.4931640625, 1.228515625, 5.5546875, 9.2421875, 6.3125, 1.7880859375, 3.83203125, 1.6787109375, 3.68359375, 4.60546875, 5.4921875, 0.966796875, 4.4140625, 0.515625, 0.6337890625, 3.17578125, 0.1484375, 5.03125, 2.353515625, 9.265625, 0.92822265625, 0.01102447509765625, 0.23193359375, 0.180908203125, 0.12054443359375, 0.039337158203125, 0.744140625, 2.80078125, 6.37109375, 2.458984375, 0.4326171875, 0.037628173828125, 0.0020999908447265625, 0.056884765625, 0.006252288818359375, 0.0780029296875, 0.7470703125, 0.057586669921875, 0.0178070068359375, 0.923828125, 4.9765625, 0.9482421875, 5.41796875, 4.57421875, 0.75830078125, 0.423828125, 8.546875, 2.029296875, 1.6005859375, 2.2890625, 5.48046875, 1.5595703125, 0.26318359375, 0.02947998046875, 0.001552581787109375, 2.283203125, 3.109375, 0.35107421875, 0.1181640625, 0.0357666015625, 0.91650390625, 1.033203125, 1.740234375, 2.8125, 0.71240234375, 0.291748046875, 3.10546875, 0.255859375, 4.0703125, 0.0020618438720703125, 0.322021484375, 0.002750396728515625, 0.0026264190673828125, 0.0006155967712402344, 9.0, 4.8984375, 6.80859375, 14.1796875, 0.337890625, 4.1640625, 0.00206756591796875, 0.01181793212890625, 0.003765106201171875, 0.051605224609375, 9.46875, 6.12109375, 7.625, 0.179443359375, 0.0017080307006835938, 0.012725830078125, 0.0007314682006835938, 3.11328125, 0.0092010498046875, 0.367431640625, 3.740234375, 5.078125, 0.061859130859375, 2.244140625, 0.326904296875, 0.0008511543273925781, 0.040924072265625, 0.001987457275390625, 7.6796875, 3.560546875, 2.43359375, 5.2265625, 1.4228515625, 2.037109375, 1.8388671875, 3.880859375, 0.158935546875, 0.52490234375, 6.296875, 0.62841796875, 1.775390625, 0.1336669921875, 0.0037555694580078125, 0.057525634765625, 0.0009336471557617188, 0.48193359375]",-1.261327541376009
23,0,test,3.3235471297824195,1.4448764826796645,1.9842489728809964,5.8346716278402475,2.5365609362598556,3.4834593079466383,27.75863963076563,21.213840901206716,23.942275554347354,48.73183401845521,37.24207624878512,42.03199486207646,3.8150407896569027,1.6572298342388203,2.3430213130927218,6.697516052953229,2.9093590423303732,4.113304082985,45.37860732302082,36.7264304109366,41.02058012883402,79.66466618930322,64.47528894364424,72.01390733728638,3.4112135937381347,1.524722664034255,2.1013413368375042,5.988574975673614,2.676735343526803,3.6890214580036185,30.301996266808708,23.70581470936698,26.59629596247737,53.196837890619726,41.616874711999806,46.69127513412693,0.8090452261306533,0.00404522613065339,-0.005954773869346619,0.6532663316582914,-0.01673366834170853,-0.006733668341708521,0.5376884422110553,-0.017311557788944665,-0.007311557788944656,0.4380952380952381,0.11004452494151384,0.17832755066123596,0.3980891719745223,0.4522613065326633,0.1189279731993299,0.18514945344418243,0.4494949494949495,0.4481605351170569,0.12261796416547088,0.1912083660403049,0.40604026845637586,28.0,5.0,5.0,36.0,0.0,1.0,48.0,3.0,1.0,-0.0010868911245079777,3.604127070793729e-05,-0.0005035204381339044,-0.00044385224850973515,-4.166942974936916e-05,9.637868485956602e-05,"[3.0625, 9.453125, 2.48046875, 5.4921875, 0.79443359375, 0.078125, 6.32421875, 0.03277587890625, 7.79296875, 11.5078125, 4.296875, 2.12890625, 3.4921875, 4.73046875, 5.31640625, 0.9931640625, 2.111328125, 0.040130615234375, 3.427734375, 10.578125, 2.130859375, 0.0016269683837890625, 0.060028076171875, 0.01065826416015625, 5.140625, 2.3984375, 7.125, 2.150390625, 0.51123046875, 1.37890625, 0.39990234375, 7.96484375, 6.078125, 6.6796875, 4.79296875, 1.9267578125, 1.5205078125, 5.09765625, 6.2734375, 0.7880859375, 5.4609375, 1.498046875, 1.9560546875, 2.080078125, 1.83984375, 4.96875, 0.58251953125, 6.8828125, 6.35546875, 0.97314453125, 2.654296875, 3.529296875, 2.8671875, 6.171875, 7.37890625, 2.638671875, 4.421875, 8.8984375, 4.36328125, 0.057952880859375, 3.09765625, 4.078125, 4.5859375, 3.49609375, 1.5576171875, 3.80859375, 0.63916015625, 4.1796875, 8.5625, 1.9638671875, 5.0859375, 8.8515625, 7.265625, 0.2373046875, 1.951171875, 5.9375, 0.68115234375, 1.71875, 5.375, 1.0361328125, 2.57421875, 3.642578125, 12.1640625, 0.75048828125, 7.3203125, 0.058990478515625, 3.484375, 4.8828125, 1.0576171875, 6.5234375, 3.23828125, 5.53125, 6.90234375, 1.8935546875, 3.224609375, 4.984375, 1.6396484375, 5.75390625, 3.953125, 7.0390625, 2.251953125, 8.8125, 4.18359375, 0.434814453125, 1.23828125, 2.5703125, 4.66796875, 1.7490234375, 5.328125, 3.50390625, 1.43359375, 4.6875, 0.263916015625, 0.95458984375, 2.865234375, 0.264892578125, 3.8515625, 3.923828125, 5.61328125, 6.0078125, 0.456298828125, 5.66796875, 6.828125, 7.16015625, 1.03125, 8.546875, 2.0703125, 2.61328125, 3.134765625, 4.22265625, 4.28125, 0.07037353515625, 5.11328125, 2.6875, 2.447265625, 4.046875, 6.40625, 1.57421875, 1.109375, 3.521484375, 0.751953125, 3.548828125, 0.387451171875, 8.1328125, 2.02734375, 1.3251953125, 5.6953125, 7.3046875, 8.3203125, 7.9765625, 1.12890625, 6.3828125, 1.4013671875, 3.2578125, 1.5341796875, 7.74609375, 0.205810546875, 1.71484375, 3.296875, 4.765625, 9.109375, 7.34765625, 6.33203125, 0.0240478515625, 8.6953125, 7.38671875, 4.34375, 11.0859375, 6.65625, 10.6875, 3.546875, 3.30859375, 0.90380859375, 2.017578125, 11.453125, 7.8203125, 0.58251953125, 1.0517578125, 1.3076171875, 0.432373046875, 6.1328125, 4.78515625, 1.970703125, 5.046875, 5.109375, 3.294921875, 0.96142578125, 6.4609375, 0.01209259033203125, 0.0054168701171875, 0.09637451171875, 0.013824462890625, 0.56591796875, 7.5859375, 2.62109375, 9.625, 0.912109375, 0.86572265625, 6.85546875, 0.48095703125, 0.40625, 2.6171875, 9.609375, 3.419921875, 2.728515625, 4.671875, 3.548828125, 1.2314453125, 2.583984375, 0.34326171875, 2.908203125, 6.18359375, 1.3896484375, 5.0390625, 2.78515625, 5.48828125, 2.876953125, 0.175048828125, 9.7421875, 4.80078125, 5.65234375, 1.3173828125, 1.88671875, 6.66796875, 4.81640625, 5.73046875, 0.869140625, 1.44140625, 6.87109375, 0.046417236328125, 0.05419921875, 0.289794921875, 1.6416015625, 0.1754150390625, 0.006046295166015625, 0.01378631591796875, 0.01214599609375, 0.5361328125, 2.2109375, 0.1741943359375, 7.3515625, 4.49609375, 0.01096343994140625, 2.126953125, 0.00693511962890625, 0.188720703125, 0.1798095703125, 3.26171875, 0.04241943359375, 4.3359375, 2.830078125, 6.234375, 5.80078125, 0.310302734375, 6.10546875, 3.0390625, 0.01117706298828125, 3.185546875, 0.1513671875, 9.2421875, 1.4150390625, 0.13720703125, 1.4599609375, 2.298828125, 0.00537872314453125, 6.734375, 5.14453125, 1.5576171875, 1.0810546875, 0.006168365478515625, 0.460205078125, 0.00021445751190185547, 0.59716796875, 6.11328125, 12.3984375, 3.986328125, 4.44921875, 0.0187225341796875, 0.0009646415710449219, 0.01436614990234375, 0.02252197265625, 0.43310546875, 1.4306640625, 1.287109375, 5.0390625, 4.76953125, 0.2073974609375, 1.97265625, 0.2325439453125, 3.609375, 5.7265625, 4.34375, 0.027801513671875, 1.3701171875, 0.0013713836669921875, 0.00118255615234375, 0.004459381103515625, 0.0005631446838378906, 4.8515625, 0.0028228759765625, 0.1497802734375, 0.01049041748046875, 0.004962921142578125, 0.00046539306640625, 3.376953125, 1.59765625, 0.434326171875, 0.02557373046875, 0.51513671875, 5.69921875, 5.40625, 2.486328125, 0.0777587890625, 1.0205078125, 6.15625]",-1.2299406479275414
195,0,test,2.932154777557702,1.2343382405439356,1.6166956676202449,6.0936400963769,2.565216902136,3.359836806451012,18.768027882635767,13.306019613367681,15.041566434577478,39.003946214192766,27.65273349817194,31.259568232753193,3.3501588902880797,1.4672030890700039,2.0115893998282743,6.962341380933886,3.049159492368946,4.180509814168257,28.50726281113782,21.934358434862737,24.69367857823869,59.24414394269983,45.58425328362535,51.31870631902119,3.0729294859844707,1.3587025642533466,1.8677247389722231,6.3861998256213575,2.8236723681689657,3.881528507808195,21.60510190239572,16.052720475074324,18.267659562931,44.89998831112406,33.3609609873053,37.96407462240409,0.7035175879396984,0.0035175879396984744,-0.001482412060301641,0.5628140703517588,-0.007185929648241274,0.002814070351758735,0.4623115577889447,-0.002688442211055242,-0.007688442211055246,0.40161725067385445,0.10013676615164724,0.14550776875792093,0.3513513513513513,0.4120603015075377,0.10378962481580833,0.15162624474626896,0.3737373737373737,0.3946488294314381,0.10249524011591216,0.15883125434801204,0.3523489932885906,27.0,6.0,6.0,40.0,11.0,10.0,48.0,5.0,8.0,-0.0014894244115874285,-0.0005613101511692301,-0.0005532555893578844,0.01878876311278166,0.01840401622025123,0.02084970355706961,"[3.056640625, 9.4453125, 2.4296875, 1.0791015625, 3.802734375, 4.9140625, 4.24609375, 1.3408203125, 8.1953125, 7.0546875, 0.08306884765625, 6.5546875, 0.20849609375, 3.51953125, 4.359375, 0.5654296875, 1.509765625, 6.36328125, 7.99609375, 0.045318603515625, 0.370361328125, 0.00646209716796875, 9.03125, 5.71875, 2.21484375, 3.19140625, 10.5078125, 2.900390625, 0.5751953125, 9.4609375, 8.109375, 0.99951171875, 7.6171875, 0.156005859375, 7.59765625, 5.734375, 1.46875, 9.1875, 5.359375, 0.455078125, 11.4375, 1.494140625, 4.4296875, 1.3798828125, 4.3046875, 1.9775390625, 3.17578125, 2.15234375, 4.2421875, 0.2139892578125, 5.859375, 0.026611328125, 0.0277862548828125, 0.0080718994140625, 3.08203125, 2.330078125, 0.9609375, 3.162109375, 8.7734375, 10.296875, 6.98046875, 1.650390625, 3.96484375, 7.44921875, 2.30078125, 5.9375, 4.63671875, 6.23046875, 0.0113372802734375, 9.609375, 0.0372314453125, 0.259765625, 2.4609375, 8.1015625, 4.41796875, 1.5244140625, 1.6923828125, 7.8984375, 0.5419921875, 0.9794921875, 3.203125, 4.359375, 4.875, 1.76171875, 1.8349609375, 11.03125, 2.12109375, 1.1943359375, 0.75, 1.5810546875, 5.62890625, 0.492431640625, 8.109375, 4.84375, 12.1875, 2.072265625, 3.142578125, 4.39453125, 9.234375, 3.953125, 2.033203125, 2.55078125, 2.671875, 0.15283203125, 0.552734375, 7.94921875, 0.1685791015625, 0.3291015625, 3.572265625, 2.794921875, 0.005764007568359375, 6.75, 1.2705078125, 1.05859375, 4.9765625, 6.13671875, 1.068359375, 2.654296875, 5.24609375, 0.1405029296875, 9.5390625, 0.78515625, 3.755859375, 5.515625, 0.9345703125, 1.0537109375, 1.4892578125, 5.421875, 1.9521484375, 0.04266357421875, 0.0028285980224609375, 7.25390625, 4.58203125, 1.6201171875, 1.7431640625, 8.390625, 2.521484375, 2.650390625, 4.12109375, 2.064453125, 6.00390625, 1.2216796875, 2.80078125, 10.4921875, 5.33203125, 1.55859375, 4.44921875, 0.50244140625, 5.7734375, 0.360107421875, 0.0107574462890625, 0.02008056640625, 3.37890625, 3.90234375, 5.8671875, 8.1640625, 6.09375, 0.026763916015625, 5.33203125, 2.96875, 5.15234375, 0.032501220703125, 0.0174102783203125, 0.02081298828125, 9.0546875, 2.37890625, 0.005290985107421875, 0.1397705078125, 0.0005154609680175781, 0.005405426025390625, 0.0027904510498046875, 0.4208984375, 3.23046875, 0.2705078125, 1.5009765625, 3.6640625, 5.5546875, 8.40625, 1.498046875, 0.00313568115234375, 0.07122802734375, 0.1229248046875, 2.154296875, 0.024627685546875, 0.0164337158203125, 3.25390625, 6.9453125, 0.426025390625, 0.002910614013671875, 0.1829833984375, 0.03424072265625, 2.81640625, 0.0156402587890625, 0.024749755859375, 8.046875, 4.3515625, 1.44921875, 0.00287628173828125, 0.07611083984375, 0.03778076171875, 3.380859375, 0.01236724853515625, 0.0140228271484375, 3.322265625, 2.37890625, 0.0307159423828125, 7.04296875, 1.0341796875, 1.6201171875, 0.06298828125, 0.0009379386901855469, 0.1802978515625, 0.025115966796875, 4.484375, 0.0243072509765625, 0.054168701171875, 2.599609375, 5.3984375, 4.9375, 0.693359375, 0.013153076171875, 0.0014438629150390625, 0.191650390625, 0.0141143798828125, 3.36328125, 0.006649017333984375, 0.0225372314453125, 4.1953125, 0.24169921875, 0.017913818359375, 8.4375, 2.939453125, 0.022430419921875, 0.0018110275268554688, 0.1800537109375, 0.00824737548828125, 3.298828125, 0.0037326812744140625, 0.00624847412109375, 8.5390625, 5.8515625, 0.32275390625, 0.0017232894897460938, 0.18896484375, 0.00487518310546875, 2.83203125, 0.00998687744140625, 15.015625, 8.921875, 9.125, 1.916015625, 0.0007610321044921875, 0.0753173828125, 0.005702972412109375, 2.978515625, 0.004589080810546875, 0.0291595458984375, 3.697265625, 6.65625, 1.4453125, 0.040008544921875, 0.0005803108215332031, 0.0718994140625, 0.005428314208984375, 1.9248046875, 0.01605224609375, 0.039154052734375, 9.1796875, 8.1875, 0.266357421875, 0.18603515625, 0.0005240440368652344, 3.10546875, 0.00835418701171875, 0.01146697998046875, 0.00551605224609375, 0.026611328125, 6.203125, 11.609375, 7.2421875, 8.359375, 3.556640625, 4.26171875, 6.31640625, 1.0048828125, 0.7138671875, 11.046875, 8.4609375, 9.140625, 2.36328125, 2.34765625, 9.578125, 3.072265625, 7.8671875, 1.4130859375, 0.80322265625, 0.437255859375, 0.02374267578125, 0.0015535354614257812, 0.49560546875, 0.0005850791931152344, 0.66552734375, 5.76953125, 4.51171875, 1.1728515625, 0.85595703125, 7.06640625, 0.1552734375, 3.970703125, 0.0750732421875, 0.70849609375, 6.69140625, 0.37939453125, 0.646484375, 0.2169189453125, 4.12890625, 7.65234375, 0.01392364501953125, 6.28515625, 1.044921875, 3.8203125, 2.3515625, 1.458984375, 0.1767578125, 0.003955841064453125, 0.0003952980041503906, 0.02203369140625, 0.0004782676696777344, 4.29296875, 0.416259765625, 0.541015625, 0.0205230712890625, 0.58203125, 0.396240234375, 0.0010223388671875, 0.0011653900146484375, 0.0010967254638671875, 2.08203125, 1.2890625, 3.06640625, 3.23828125, 0.168212890625, 3.19140625, 9.0703125, 8.0234375, 0.1634521484375, 0.185302734375, 0.71142578125, 2.29296875, 5.99609375, 0.0261077880859375, 5.19140625, 2.244140625, 8.5546875, 6.703125, 2.654296875, 6.4375, 0.3837890625, 5.05859375, 2.24609375, 0.01293182373046875, 0.03729248046875, 0.00876617431640625, 1.37890625, 1.283203125, 7.38671875, 1.9736328125, 2.45703125, 0.0098114013671875, 6.6796875, 0.82421875]",-1.7166942329098274
154,0,test,3.20847895176081,1.3361189516938845,1.8657801082944032,5.005227164746863,2.0843455646424593,2.9106169689392685,24.74142468888444,18.23779782682998,20.912060261894364,38.59662251465972,28.450964609854765,32.6228140085552,3.322348785160774,1.4099528295348431,1.9635201231259098,5.182864104850807,2.1995264140743545,3.0630913920764185,27.725395137418147,20.95610683889561,23.83376292294796,43.25161641437231,32.691526668677156,37.18067015979882,3.1849375612360977,1.3284985329960912,1.8468215512501878,4.968502595528312,2.072457711473902,2.8810416199502926,24.16577947733847,17.764876771286062,20.353924238362392,37.698615984648015,27.713207763206256,31.75212181184533,0.6733668341708543,-0.001633165829145744,-0.0066331658291456375,0.5477386934673367,0.0027386934673367946,0.007738693467336688,0.44221105527638194,-0.022788944723618032,-0.012788944723618023,0.4212218649517685,0.1130356691251232,0.15812026067369367,0.40645161290322585,0.40703517587939697,0.10628329618014887,0.15327891544534022,0.4040404040404041,0.4280936454849499,0.11590666718778797,0.16669208819907666,0.40604026845637586,23.0,0.0,0.0,31.0,0.0,-3.0,42.0,3.0,1.0,-0.0009543441543377134,-0.00018415198465787113,-3.924738299476034e-05,0.0042158810868278,0.0034391652486727153,0.0042705609427518,"[3.0625, 9.453125, 2.48046875, 1.494140625, 0.81689453125, 3.970703125, 2.4765625, 0.71923828125, 7.1640625, 0.0819091796875, 9.4140625, 0.423583984375, 4.6953125, 5.90625, 0.319580078125, 3.21484375, 2.404296875, 0.152587890625, 3.833984375, 1.69921875, 1.28125, 8.84375, 7.00390625, 8.515625, 10.203125, 7.47265625, 0.9951171875, 0.1282958984375, 3.736328125, 4.28515625, 6.46875, 0.77783203125, 0.31298828125, 3.017578125, 2.890625, 1.9365234375, 1.70703125, 2.73828125, 4.54296875, 0.39697265625, 3.61328125, 0.060455322265625, 7.45703125, 1.708984375, 7.50390625, 0.0258026123046875, 0.1859130859375, 1.4609375, 5.99609375, 9.3828125, 1.9287109375, 4.53125, 0.7763671875, 7.859375, 0.3388671875, 0.450927734375, 6.30078125, 6.2578125, 6.8046875, 1.291015625, 2.81640625, 10.359375, 1.13671875, 4.9453125, 6.05078125, 1.7548828125, 3.626953125, 5.37890625, 0.385498046875, 2.0, 2.314453125, 1.4482421875, 2.798828125, 0.48779296875, 4.03515625, 2.783203125, 7.9375, 0.270751953125, 1.2666015625, 10.4453125, 6.9921875, 0.01287078857421875, 1.4267578125, 0.01163482666015625, 0.70751953125, 2.349609375, 1.6572265625, 7.8046875, 0.486083984375, 2.3671875, 3.197265625, 0.775390625, 4.09765625, 0.033203125, 1.037109375, 7.953125, 8.3515625, 7.64453125, 0.41943359375, 0.000385284423828125, 5.4921875, 0.10821533203125, 2.1328125, 2.181640625, 1.8134765625, 6.53125, 4.484375, 3.27734375, 8.109375, 2.3671875, 0.34423828125, 13.59375, 1.6103515625, 1.0224609375, 4.82421875, 0.662109375, 3.623046875, 5.15234375, 4.21484375, 0.5224609375, 4.82421875, 0.318115234375, 6.3125, 0.039276123046875, 0.353515625, 0.01097869873046875, 4.0, 8.0234375, 4.08984375, 0.38232421875, 8.71875, 0.08087158203125, 0.78564453125, 1.5458984375, 6.421875, 3.28515625, 1.9189453125, 14.0859375, 0.199462890625, 0.1829833984375, 5.44921875, 0.7373046875, 1.5693359375, 1.873046875, 7.84375, 3.203125, 0.169189453125, 2.234375, 0.6572265625, 4.66796875, 4.67578125, 4.07421875, 0.396728515625, 7.515625, 0.1336669921875, 0.3779296875, 5.484375, 0.036285400390625, 4.6171875, 2.654296875, 1.431640625, 5.7265625, 0.4697265625, 1.3515625, 2.3984375, 4.359375, 0.0033245086669921875, 0.06304931640625, 0.0009465217590332031, 0.002735137939453125, 0.0015096664428710938, 8.3515625, 6.65234375, 3.966796875, 8.8359375, 0.1759033203125, 0.182373046875, 6.07421875, 7.15625, 5.484375, 0.2197265625, 0.46728515625, 6.52734375, 3.388671875, 8.6171875, 1.2841796875, 0.033935546875, 0.455322265625, 6.5390625, 6.5078125, 0.8154296875, 0.050628662109375, 0.59521484375, 5.546875, 7.8359375, 4.26171875, 2.986328125, 0.00551605224609375, 0.269775390625, 5.6328125, 5.1015625, 6.53125, 1.0302734375, 7.4765625, 1.10546875, 0.0513916015625, 0.273681640625, 5.01171875, 8.625, 3.140625, 0.2392578125, 0.441162109375, 7.20703125, 1.982421875, 7.87109375, 6.5625, 0.1390380859375, 0.267822265625, 4.5859375, 5.3828125, 5.91015625, 5.24609375, 2.421875, 0.01001739501953125, 0.26611328125, 4.8671875, 3.736328125, 6.0234375, 1.3515625, 0.5400390625, 6.29296875, 4.12890625, 4.98828125, 2.171875, 5.02734375, 0.0126190185546875, 2.265625, 0.0003085136413574219, 10.453125, 0.3359375, 6.2734375, 0.80810546875, 2.685546875, 1.33203125, 0.92333984375, 2.28125, 1.431640625, 7.3984375, 2.20703125, 7.78125, 0.2196044921875, 0.0005383491516113281, 0.0024013519287109375, 0.002109527587890625, 0.54833984375, 0.349609375, 0.002414703369140625, 0.00010883808135986328, 0.00028586387634277344, 2.220703125, 6.42578125, 0.411865234375, 1.9404296875, 9.7421875, 1.1337890625, 0.030242919921875, 5.09765625, 3.537109375, 2.0390625, 1.9599609375, 2.884765625, 0.8642578125, 1.3447265625, 0.0653076171875, 0.32275390625, 4.15625, 4.65234375, 5.921875, 0.09686279296875, 0.003147125244140625, 5.046875, 0.261474609375, 4.6953125, 0.232177734375, 0.08172607421875, 0.2177734375, 0.4833984375, 3.65234375, 1.9970703125, 1.345703125, 7.36328125, 0.74267578125, 3.931640625, 5.05859375, 5.5234375, 3.611328125, 1.998046875, 7.421875, 5.16796875, 1.0400390625, 0.0005841255187988281, 6.3359375, 10.9296875, 1.4013671875, 2.224609375, 1.7119140625, 1.693359375, 5.76953125, 2.88671875, 5.3359375, 6.2109375]",-1.5329398867401665
179,0,test,3.1756711915387945,1.415742253241142,1.9452233659274176,5.802460942564712,2.586788314564062,3.554235285892072,23.94288473812027,18.13086037073834,20.52012274451064,43.74749310175062,33.12799178850956,37.49355760725401,3.561252574824808,1.5310737288503709,2.1769145497651636,6.506980013260143,2.7975174304920354,3.977572263768447,35.20726927666934,27.591821047416182,31.215086971397913,64.32933151786497,50.414685370587605,57.03497372551718,3.1756711915387945,1.415742253241142,1.9452233659274176,5.802460942564712,2.586788314564062,3.554235285892072,23.94288473812027,18.13086037073834,20.52012274451064,43.74749310175062,33.12799178850956,37.49355760725401,0.7135678391959799,0.00856783919597981,-0.006432160804020093,0.6030150753768844,-0.0019849246231156137,0.0030150753768843908,0.4773869346733668,-0.0026130653266331905,-0.0026130653266331905,0.423728813559322,0.12762052252717315,0.18923050465289581,0.34693877551020413,0.4170854271356784,0.09377715645898665,0.17334586119243967,0.3535353535353535,0.423728813559322,0.12762052252717315,0.18923050465289581,0.34693877551020413,27.0,18.0,18.0,38.0,26.0,27.0,49.0,26.0,26.0,-0.0017140122269712155,-0.000550413342351423,-0.00023167833417233556,0.013404992166212715,0.009639878072238872,0.011717536898568248,"[3.0625, 9.453125, 2.48046875, 1.494140625, 3.81640625, 8.921875, 6.4453125, 8.109375, 5.49609375, 3.673828125, 0.1866455078125, 2.84375, 1.6376953125, 9.359375, 0.424072265625, 8.421875, 6.7890625, 1.8583984375, 6.44140625, 0.06817626953125, 4.68359375, 4.22265625, 2.75390625, 5.921875, 1.6494140625, 2.28515625, 5.66015625, 4.35546875, 8.03125, 9.09375, 11.53125, 8.15625, 4.875, 2.6484375, 8.5234375, 0.190185546875, 6.2265625, 5.65234375, 8.6171875, 9.4921875, 7.671875, 1.00390625, 4.75390625, 3.26953125, 7.94921875, 0.712890625, 2.26171875, 12.1640625, 3.64453125, 2.8984375, 6.38671875, 1.7724609375, 0.28662109375, 7.58203125, 1.4482421875, 3.189453125, 2.15625, 2.9296875, 3.447265625, 3.02734375, 1.1513671875, 0.93994140625, 0.82177734375, 4.79296875, 1.57421875, 1.154296875, 4.6484375, 0.1031494140625, 1.7626953125, 9.375, 3.78515625, 10.515625, 0.234375, 7.57421875, 1.7109375, 1.2451171875, 3.466796875, 1.275390625, 2.46875, 7.984375, 0.337890625, 0.91064453125, 0.56640625, 5.6640625, 3.04296875, 0.74169921875, 3.802734375, 2.166015625, 3.94140625, 4.34765625, 0.0134124755859375, 3.55078125, 8.40625, 0.5009765625, 3.806640625, 2.9375, 0.1395263671875, 5.171875, 0.69873046875, 3.75390625, 9.6171875, 3.00390625, 0.497802734375, 7.12109375, 0.1883544921875, 0.595703125, 8.234375, 2.0625, 0.6708984375, 2.494140625, 1.998046875, 0.7490234375, 4.85546875, 6.546875, 0.19580078125, 2.93359375, 9.703125, 0.9912109375, 2.65625, 0.493896484375, 5.06640625, 0.053192138671875, 0.251953125, 3.134765625, 0.037384033203125, 1.8603515625, 3.453125, 3.251953125, 9.28125, 0.0106658935546875, 0.1844482421875, 0.237060546875, 1.0341796875, 3.103515625, 2.232421875, 0.3935546875, 3.072265625, 0.409423828125, 2.25390625, 0.1756591796875, 0.4599609375, 7.05859375, 7.2890625, 8.921875, 0.126220703125, 0.016357421875, 0.5478515625, 1.4111328125, 7.484375, 5.203125, 0.363525390625, 0.71435546875, 4.03515625, 0.0100250244140625, 7.08203125, 1.9833984375, 4.64453125, 6.42578125, 7.3359375, 8.4921875, 0.6669921875, 0.91015625, 5.546875, 8.109375, 0.061431884765625, 0.270751953125, 0.68017578125, 6.6796875, 2.44140625, 3.259765625, 0.03167724609375, 0.18798828125, 0.0180816650390625, 0.0355224609375, 7.84765625, 4.65234375, 0.8857421875, 6.296875, 5.41796875, 1.0126953125, 4.36328125, 0.03204345703125, 0.85009765625, 10.09375, 1.64453125, 2.78125, 5.265625, 0.89697265625, 1.5029296875, 2.20703125, 4.16796875, 1.9296875, 2.75, 4.82421875, 3.302734375, 8.3515625, 0.26123046875, 9.640625, 0.052825927734375, 0.1279296875, 3.087890625, 0.0233001708984375, 0.73388671875, 4.66796875, 0.037017822265625, 2.947265625, 2.13671875, 4.64453125, 6.66796875, 4.0234375, 3.62890625, 0.599609375, 4.10546875, 7.765625, 2.21875, 0.00931549072265625, 0.337158203125, 0.00043582916259765625, 0.0032482147216796875, 0.001972198486328125, 0.955078125, 3.74609375, 0.57177734375, 4.29296875, 5.453125, 3.935546875, 3.7265625, 1.2490234375, 0.0008420944213867188, 0.07861328125, 0.254638671875, 4.2890625, 0.0545654296875, 3.263671875, 1.794921875, 6.1328125, 1.7646484375, 8.3671875, 7.34765625, 0.156494140625, 0.0017566680908203125, 0.27392578125, 0.11029052734375, 3.509765625, 0.0643310546875, 2.802734375, 1.1064453125, 10.4375, 12.046875, 2.240234375, 0.11273193359375, 0.0012369155883789062, 0.455078125, 0.0243072509765625, 3.82421875, 0.028106689453125, 3.162109375, 0.99365234375, 4.37109375, 6.84375, 2.3125, 4.59765625, 0.01763916015625, 0.0004520416259765625, 0.429443359375, 0.01085662841796875, 3.58203125, 0.0100860595703125, 3.857421875, 0.408203125, 5.89453125, 5.1484375, 0.037811279296875, 0.0010251998901367188, 3.193359375, 0.015472412109375, 0.012847900390625, 0.007320404052734375, 0.03839111328125, 6.39453125, 5.15625, 1.658203125, 10.6171875, 5.0, 0.884765625, 0.0017423629760742188, 0.006748199462890625, 0.0023937225341796875, 0.275146484375, 0.0001722574234008789, 0.64892578125, 3.998046875, 0.02996826171875, 4.91796875, 0.202392578125]",-1.3101476713762445
225,0,test,3.544597864151001,1.6050029252313558,2.2062587920211545,6.537168192081763,2.9600463785004507,4.068919903317703,34.62575828345917,27.669825461208337,30.81305266904135,63.858980440805844,51.03041580960554,56.82735123388773,3.543120762810635,1.5693093048826732,2.185022228419235,6.534444029773712,2.8942179803164056,4.0297541097895735,34.574650284626685,27.376590913326286,30.68585842137883,63.764723885581994,50.48961438933126,56.59277167877242,3.5679708548954556,1.6164723299811155,2.231330421755202,6.580274117635061,2.9811989692274667,4.115158564712463,35.44459789961429,28.405369759897603,31.638363198180492,65.36913547060011,52.38695242604066,58.349440324513196,0.7487437185929648,-0.0012562814070351536,-0.02125628140703517,0.5728643216080402,-0.0021356783919597166,0.007864321608040292,0.4623115577889447,0.012311557788944771,-0.01268844221105525,0.4330357142857143,0.13014039134584798,0.17784283594743533,0.3901345291479821,0.4170854271356784,0.11132101610810952,0.15498192129260668,0.36868686868686873,0.4285714285714286,0.13458479160038184,0.17782958880881727,0.38565022421524664,23.0,5.0,5.0,39.0,11.0,8.0,47.0,12.0,8.0,-0.0004393717519830972,-0.00021423987008152326,-8.324403842897499e-05,-0.00013546161697419734,-3.058704788116984e-05,7.2922532465824474e-06,"[3.056640625, 9.4453125, 2.4296875, 1.0791015625, 2.802734375, 6.35546875, 7.4375, 0.83984375, 10.765625, 8.421875, 10.3984375, 4.24609375, 0.0234832763671875, 2.59375, 10.9453125, 5.578125, 11.734375, 6.0390625, 3.650390625, 5.3125, 0.0948486328125, 8.8671875, 2.71484375, 1.6142578125, 6.23046875, 4.12109375, 3.962890625, 0.411376953125, 4.57421875, 1.322265625, 0.77685546875, 6.56640625, 0.66015625, 2.103515625, 4.19921875, 5.37890625, 1.7978515625, 1.6826171875, 0.01108551025390625, 9.0546875, 1.6494140625, 3.779296875, 3.1015625, 3.697265625, 2.34765625, 1.0654296875, 7.2578125, 0.334228515625, 4.16015625, 7.53125, 7.4921875, 0.5244140625, 0.70361328125, 0.44091796875, 5.3515625, 1.70703125, 1.6279296875, 1.2451171875, 1.9169921875, 1.3505859375, 2.61328125, 1.5, 4.86328125, 3.490234375, 4.125, 8.9609375, 5.125, 3.01171875, 1.8388671875, 0.1346435546875, 4.703125, 2.205078125, 9.890625, 1.2041015625, 3.056640625, 3.232421875, 1.462890625, 0.84130859375, 1.1865234375, 0.058441162109375, 0.7763671875, 0.2318115234375, 0.0753173828125, 0.2486572265625, 0.039703369140625, 5.1875, 0.292236328125, 0.321533203125, 4.734375, 0.0703125, 7.98046875, 1.23046875, 1.3330078125, 0.08978271484375, 2.912109375, 3.876953125, 0.36376953125, 5.50390625, 7.69140625, 6.59765625, 7.5234375, 5.87109375, 5.671875, 0.91748046875, 8.671875, 2.607421875, 4.93359375, 1.58203125, 1.509765625, 6.8359375, 0.95654296875, 6.31640625, 0.57470703125, 1.193359375, 1.916015625, 1.51171875, 1.251953125, 5.1015625, 0.2216796875, 4.43359375, 0.392822265625, 6.2578125, 2.375, 0.239013671875, 1.26171875, 9.078125, 3.24609375, 3.990234375, 10.4453125, 0.211669921875, 4.69921875, 1.8935546875, 1.3671875, 7.3671875, 0.299560546875, 7.5703125, 1.833984375, 1.7470703125, 1.4248046875, 2.462890625, 5.83203125, 0.1768798828125, 1.296875, 2.26171875, 5.625, 12.921875, 0.2215576171875, 2.755859375, 0.2568359375, 6.23046875, 1.8720703125, 1.0380859375, 0.6025390625, 1.013671875, 7.17578125, 0.37255859375, 7.94921875, 1.1044921875, 0.57080078125, 0.9794921875, 1.7900390625, 7.3984375, 3.69140625, 2.806640625, 8.9140625, 0.302734375, 4.37890625, 3.646484375, 0.40673828125, 3.548828125, 5.37109375, 2.912109375, 1.712890625, 4.41015625, 1.82421875, 5.7890625, 0.37109375, 9.015625, 3.1640625, 1.560546875, 1.0439453125, 2.98828125, 0.035675048828125, 10.6171875, 6.46875, 1.6083984375, 0.6376953125, 4.8203125, 3.677734375, 0.31591796875, 5.390625, 0.13427734375, 5.33203125, 10.2265625, 2.265625, 7.12109375, 6.80859375, 1.6533203125, 8.6953125, 5.9296875, 6.90234375, 0.38330078125, 0.06195068359375, 5.16796875, 5.7421875, 1.439453125, 0.6650390625, 12.1640625, 3.734375, 6.28125, 2.240234375, 1.9501953125, 5.234375, 0.52685546875, 7.13671875, 5.75, 2.126953125, 0.211181640625, 1.55078125, 3.07421875, 5.265625, 4.015625, 0.65576171875, 5.25390625]",-0.5117437839508057
369,0,test,3.859104620558875,1.7613876940924915,2.4332699242942963,6.679219535582669,3.048555624390851,4.211428715124745,47.422870889983855,39.275323677228954,43.26154104998787,82.07804577112591,67.97652174905012,74.87574412497902,3.892846126652243,1.722131327626939,2.41030405366194,6.737618296128883,2.980611913200472,4.171680092876435,49.050291389300234,40.28574469766202,44.64616431387897,84.8947350968658,69.72532736133812,77.27220746632901,3.859104620558875,1.7613876940924915,2.4332699242942963,6.679219535582669,3.048555624390851,4.211428715124745,47.422870889983855,39.275323677228954,43.26154104998787,82.07804577112591,67.97652174905012,74.87574412497902,0.7839195979899498,0.003919597989949786,-0.011080402010050228,0.6582914572864322,-0.01670854271356781,-0.0067085427135678,0.5175879396984925,-0.007412060301507539,-0.007412060301507539,0.4241071428571429,0.08780424753420302,0.1614958668927512,0.3721973094170403,0.4170854271356784,0.07873956247402425,0.15164302312900058,0.35858585858585856,0.4241071428571429,0.08780424753420302,0.1614958668927512,0.3721973094170403,23.0,5.0,4.0,36.0,5.0,3.0,46.0,7.0,5.0,-0.0003340009563376817,-0.00017148446298687493,-0.0001980917906973816,-0.00013546161697419734,-3.058704788116984e-05,7.2922532465824474e-06,"[3.0625, 9.453125, 2.48046875, 1.494140625, 6.81640625, 7.1875, 11.6328125, 8.3046875, 6.7578125, 4.8984375, 3.4140625, 0.007129669189453125, 10.46875, 0.56494140625, 5.7578125, 0.79345703125, 5.0390625, 5.984375, 0.52685546875, 4.578125, 1.703125, 3.751953125, 2.365234375, 7.38671875, 8.328125, 3.34765625, 1.439453125, 3.001953125, 10.0625, 4.625, 4.9453125, 4.6484375, 3.48828125, 4.58984375, 2.728515625, 0.50634765625, 3.357421875, 12.4375, 2.021484375, 4.390625, 8.0, 1.9453125, 5.33203125, 1.41015625, 1.83984375, 4.6953125, 8.6640625, 0.276611328125, 7.0390625, 2.583984375, 7.65625, 0.26904296875, 4.953125, 2.263671875, 8.3515625, 0.499267578125, 4.7890625, 1.5283203125, 3.3671875, 2.869140625, 1.7080078125, 6.66796875, 0.477783203125, 0.7685546875, 3.322265625, 3.55078125, 5.0078125, 0.82763671875, 6.35546875, 7.8046875, 5.90234375, 0.0736083984375, 8.734375, 1.1396484375, 0.97314453125, 4.453125, 8.4375, 1.810546875, 2.55859375, 13.65625, 2.318359375, 0.460205078125, 2.740234375, 3.734375, 2.23046875, 8.96875, 7.25390625, 3.76171875, 7.671875, 2.28125, 3.4375, 4.15625, 0.6328125, 4.33203125, 0.9345703125, 2.46875, 1.6220703125, 3.4453125, 0.383544921875, 0.330322265625, 6.25390625, 0.456298828125, 2.447265625, 3.21875, 4.9140625, 14.4765625, 8.3359375, 1.0947265625, 10.9453125, 4.03515625, 10.671875, 0.160888671875, 5.6328125, 4.265625, 5.78515625, 0.0472412109375, 0.9658203125, 4.37109375, 7.58984375, 4.98828125, 0.1507568359375, 0.45751953125, 0.77099609375, 1.6435546875, 3.0546875, 0.271240234375, 5.5546875, 8.1171875, 9.21875, 2.65234375, 1.537109375, 1.9541015625, 2.90625, 7.64453125, 2.15234375, 4.53125, 2.35546875, 6.89453125, 1.4970703125, 9.9921875, 2.779296875, 1.33984375, 3.333984375, 0.485595703125, 6.359375, 0.6015625, 1.376953125, 3.87890625, 10.34375, 4.20703125, 2.220703125, 2.099609375, 11.7890625, 2.57421875, 1.84375, 1.96484375, 0.9501953125, 8.484375, 3.935546875, 2.71484375, 6.0703125, 0.055206298828125, 0.2183837890625, 6.828125, 0.2427978515625, 0.1339111328125, 2.8203125, 10.6328125, 0.697265625, 4.12890625, 0.04254150390625, 1.2998046875, 1.580078125, 0.455810546875, 0.91455078125, 2.087890625, 1.06640625, 5.61328125, 0.82275390625, 4.75390625, 1.3671875, 3.9921875, 0.7255859375, 6.1015625, 1.0166015625, 1.93359375, 2.869140625, 2.5625, 7.47265625, 0.07958984375, 6.078125, 4.625, 7.828125, 0.0013666152954101562, 2.361328125, 6.22265625, 3.703125, 0.72314453125, 1.3466796875, 0.01666259765625, 6.1953125, 9.578125, 1.10546875, 4.8203125, 2.94140625, 1.2333984375, 1.5576171875, 2.64453125, 2.521484375, 4.765625, 3.6171875, 3.38671875, 6.07421875, 5.23828125, 8.2734375, 0.68701171875, 7.8671875, 0.5732421875, 4.27734375, 0.1424560546875, 5.31640625, 1.0517578125, 5.78515625, 1.921875]",-0.42696572627340057
315,0,test,3.5866888566205732,1.6150251381212564,2.174888246498713,6.034476512323714,2.717222388782209,3.6591721682798255,36.11429811604855,28.931681710999612,32.01096084928423,60.76102289666937,48.67652610144484,53.857303798558775,3.5155458294566553,1.5691928561377186,2.164404087301227,5.914780897901008,2.640111203454456,3.641532943089742,33.63428149610094,26.63118103982761,29.772449264884973,56.588483085857035,44.80601549354883,50.09108762575434,3.571744003024787,1.611963033938393,2.2156395126682566,6.009332327363978,2.7120705073371068,3.727734725105361,35.57858824161386,28.48081597826925,31.69754307439039,59.859710074753174,47.917960532159164,53.329989532742125,0.7135678391959799,-0.0014321608040201994,-0.0014321608040201994,0.6030150753768844,0.0030150753768843908,-0.0019849246231156137,0.5276381909547738,0.0026381909547738003,0.007638190954773805,0.443502824858757,0.12192313515494879,0.18837086004937287,0.43342776203966005,0.4371859296482412,0.11889019029987025,0.18342966921418447,0.40909090909090906,0.4381270903010034,0.12260121384023548,0.19007369764249393,0.43288590604026844,22.0,10.0,10.0,32.0,8.0,7.0,42.0,14.0,14.0,-0.0006514679363996262,8.501934043949825e-05,-0.0001069887526481994,0.004385684928744027,0.0036057268258140596,0.004054916751185189,"[3.056640625, 9.4453125, 2.4296875, 6.078125, 0.78955078125, 0.10418701171875, 8.328125, 7.08984375, 8.125, 1.046875, 0.06365966796875, 7.3125, 12.890625, 7.36328125, 2.701171875, 5.64453125, 0.83642578125, 0.45849609375, 2.8828125, 1.2001953125, 5.87890625, 3.205078125, 1.302734375, 1.6689453125, 7.234375, 0.047821044921875, 0.9208984375, 5.06640625, 0.52783203125, 4.46484375, 5.12890625, 1.7041015625, 5.8125, 0.365966796875, 6.69921875, 5.171875, 6.8359375, 4.80859375, 3.3203125, 3.876953125, 6.75390625, 3.630859375, 3.20703125, 5.12890625, 2.79296875, 7.39453125, 2.375, 3.369140625, 0.5107421875, 8.7109375, 0.349853515625, 0.83935546875, 5.55078125, 0.2783203125, 2.16015625, 5.1484375, 3.41015625, 7.4140625, 0.1551513671875, 3.73828125, 3.703125, 1.3037109375, 5.33984375, 3.248046875, 6.53515625, 0.0242462158203125, 0.86181640625, 1.81640625, 4.42578125, 6.40234375, 0.27001953125, 8.6328125, 0.7255859375, 0.1749267578125, 6.0390625, 5.64453125, 4.6796875, 9.4296875, 0.63671875, 0.80859375, 0.00029540061950683594, 3.939453125, 12.96875, 7.70703125, 2.60546875, 6.0078125, 2.4765625, 0.62109375, 0.0003597736358642578, 7.22265625, 1.6923828125, 2.3125, 6.890625, 2.259765625, 0.041107177734375, 0.8525390625, 4.1171875, 8.28125, 6.0625, 6.69140625, 1.7431640625, 1.2626953125, 7.84375, 8.296875, 0.489990234375, 5.5703125, 10.1171875, 0.572265625, 3.521484375, 6.34375, 3.92578125, 0.142333984375, 5.84765625, 4.2421875, 5.09765625, 0.56201171875, 8.1796875, 4.24609375, 7.2265625, 0.007236480712890625, 0.0604248046875, 3.017578125, 0.010589599609375, 7.11328125, 6.578125, 1.7685546875, 3.216796875, 3.369140625, 0.0227203369140625, 0.191162109375, 8.421875, 0.0009450912475585938, 1.533203125, 0.0015106201171875, 5.93359375, 2.36328125, 6.8125, 1.6328125, 4.609375, 2.4453125, 5.75390625, 9.1796875, 1.1640625, 8.8203125, 1.501953125, 0.04852294921875, 0.37353515625, 5.18359375, 0.83154296875, 4.6484375, 0.962890625, 4.13671875, 0.0172271728515625, 5.3359375, 4.00390625, 5.87109375, 0.671875, 5.3515625, 0.18212890625, 10.0859375, 4.37109375, 1.8046875, 2.275390625, 0.10845947265625, 0.321533203125, 2.421875, 2.83203125, 0.070556640625, 0.482421875, 3.234375, 5.0859375, 0.1268310546875, 3.96484375, 1.375, 6.5, 2.927734375, 2.318359375, 0.070556640625, 0.50439453125, 3.85546875, 0.591796875, 3.193359375, 4.07421875, 0.94580078125, 2.365234375, 5.2578125, 3.361328125, 0.1651611328125, 0.348388671875, 5.5859375, 1.41796875, 2.2578125, 3.232421875, 8.828125, 1.22265625, 0.0270233154296875, 1.7470703125, 0.9482421875, 5.234375, 0.033538818359375, 1.390625, 0.2401123046875, 0.447021484375, 0.1539306640625, 0.2017822265625, 3.50390625, 1.1064453125, 4.5, 0.00482177734375, 1.359375, 0.00033211708068847656, 0.07232666015625, 0.67626953125, 0.2396240234375, 0.443603515625, 7.84375, 0.01499176025390625, 2.7890625, 1.7236328125, 3.875, 0.0016193389892578125, 0.00875091552734375, 1.357421875, 2.712890625, 6.4765625, 6.34375, 0.291748046875, 0.39111328125, 7.19140625, 9.0234375, 8.359375, 3.1484375, 8.0703125, 6.55859375, 0.231689453125, 0.92626953125, 9.1796875, 3.857421875, 9.453125, 3.341796875, 13.796875, 4.41796875, 5.8515625, 8.1171875, 0.4482421875, 4.4765625, 6.515625, 5.58984375, 4.48046875, 0.01262664794921875, 0.0860595703125, 0.5458984375, 0.0182342529296875, 13.7578125, 2.59765625, 7.7109375, 6.222724914550781e-05, 10.0859375, 11.1953125, 6.390625, 5.015625, 11.375, 0.95849609375, 3.234375, 2.3984375, 3.609375, 2.07421875, 2.3984375, 4.265625, 0.06414794921875, 0.4560546875, 8.640625, 12.3984375, 5.00390625, 2.384765625, 0.052398681640625, 2.6171875, 4.85546875, 3.87109375, 0.1033935546875, 0.063232421875, 1.4892578125, 0.0214080810546875, 6.4609375, 5.34765625, 2.66015625, 0.97216796875, 5.3671875, 3.587890625, 6.5546875, 4.36328125, 2.287109375, 1.9033203125, 5.12109375, 1.0888671875, 1.2763671875, 9.40625, 11.21875, 7.28125, 1.4482421875, 10.7734375, 3.47265625, 5.4296875, 2.53515625, 0.05755615234375, 0.0017690658569335938, 3.7109375, 7.5625, 0.5380859375, 8.6015625, 0.1884765625, 3.568359375, 4.46875, 3.7578125, 8.2890625, 5.5859375, 0.65380859375, 6.45703125, 0.06329345703125, 7.85546875, 0.002010345458984375, 0.423583984375, 3.224609375, 0.01497650146484375, 10.390625, 1.5625, 3.787109375, 0.2164306640625, 1.0849609375, 4.5859375, 0.75439453125, 3.15625, 4.0390625, 3.564453125, 0.34814453125, 7.39453125, 9.5390625, 6.87109375, 3.8125, 0.00150299072265625, 7.26953125, 1.1005859375, 7.51953125, 1.1923828125, 1.46875, 1.9072265625, 0.30810546875, 0.95849609375, 2.05859375, 3.833984375, 6.90234375, 4.0859375, 0.5859375, 2.630859375]",-0.8058473067095049
275,0,test,2.9919809801825163,1.3184917210273217,1.8276692128745262,6.046294897452168,2.664452019576046,3.6934148676839382,19.9251146787918,14.59437897621201,16.721397457433913,40.26533591339176,29.492807514428435,33.79115736189769,3.069394595658959,1.283821965237997,1.8117402360356916,6.202734912060813,2.594390221418452,3.661225060322127,21.528865060521095,15.56587149888802,18.01170325323485,43.50624814313638,31.45603198733621,36.39865032424542,2.9919809801825163,1.3184917210273217,1.8276692128745262,6.046294897452168,2.664452019576046,3.6934148676839382,19.9251146787918,14.59437897621201,16.721397457433913,40.26533591339176,29.492807514428435,33.79115736189769,0.6432160804020101,-0.0067839195979899625,-0.011783919597989967,0.5175879396984925,-0.007412060301507539,-0.002412060301507535,0.4522613065326633,0.002261306532663321,-0.0027386934673366836,0.42068965517241375,0.1366965398539972,0.1901850680164504,0.3598615916955017,0.44221105527638194,0.13644664424881303,0.19847148933314318,0.36868686868686873,0.42068965517241375,0.1366965398539972,0.1901850680164504,0.3598615916955017,23.0,8.0,7.0,33.0,9.0,9.0,42.0,11.0,8.0,-0.0009181206639589027,-0.00043468876051038776,-0.00012540924854767638,0.00032191322581809345,-0.00013850755599076336,8.764760639934366e-06,"[3.0625, 9.453125, 2.48046875, 1.494140625, 0.81689453125, 7.97265625, 4.4296875, 0.50732421875, 5.25390625, 0.031524658203125, 7.94140625, 4.42578125, 0.74169921875, 0.70556640625, 7.4609375, 3.388671875, 4.3046875, 3.341796875, 1.5537109375, 9.2109375, 13.046875, 1.279296875, 7.75390625, 4.1015625, 3.685546875, 6.1953125, 0.208984375, 1.7314453125, 7.328125, 6.38671875, 8.7109375, 0.017547607421875, 3.8671875, 2.681640625, 4.2109375, 9.53125, 4.91015625, 4.03515625, 2.298828125, 3.099609375, 1.3701171875, 2.23046875, 4.234375, 7.22265625, 5.41796875, 0.473876953125, 0.64697265625, 3.7421875, 4.171875, 8.3359375, 0.342529296875, 7.40234375, 2.11328125, 2.021484375, 5.546875, 0.55419921875, 5.26953125, 1.5048828125, 2.0, 0.245361328125, 0.0238037109375, 3.900390625, 0.97412109375, 2.689453125, 0.0269775390625, 1.7734375, 6.75, 0.755859375, 0.546875, 4.34375, 3.287109375, 0.09979248046875, 0.193115234375, 9.0859375, 1.775390625, 3.091796875, 2.212890625, 3.349609375, 0.11688232421875, 0.030364990234375, 8.671875, 1.0947265625, 0.96044921875, 1.9912109375, 3.689453125, 9.5703125, 0.1048583984375, 8.3125, 0.362548828125, 0.317626953125, 1.7763671875, 4.40234375, 1.7421875, 1.2353515625, 5.32421875, 4.03125, 0.406005859375, 0.681640625, 5.09375, 5.28515625, 0.29052734375, 6.546875, 0.58203125, 4.9375, 3.73828125, 2.498046875, 3.248046875, 0.86328125, 6.99609375, 0.035369873046875, 0.459228515625, 7.375, 6.8125, 1.8271484375, 3.791015625, 4.359375, 2.474609375, 5.57421875, 0.27099609375, 0.00943756103515625, 0.720703125, 5.98046875, 5.7734375, 0.25, 0.78515625, 6.09765625, 0.96826171875, 5.36328125, 5.9140625, 2.29296875, 6.6171875, 0.036102294921875, 3.091796875, 1.228515625, 4.76953125, 0.066650390625, 0.0311126708984375, 6.42578125, 7.00390625, 0.4990234375, 2.1328125, 8.7265625, 1.8251953125, 6.33203125, 0.4560546875, 1.1845703125, 4.484375, 0.095703125, 0.03497314453125, 3.951171875, 0.326416015625, 1.5107421875, 1.1591796875, 0.1126708984375, 0.05047607421875, 3.330078125, 3.0390625, 10.6015625, 3.662109375, 3.537109375, 6.12890625, 0.0770263671875, 0.21240234375, 4.4921875, 0.30517578125, 1.140625, 4.3515625, 0.80029296875, 6.7734375, 0.005245208740234375, 0.95947265625, 1.576171875, 4.640625, 0.0081939697265625, 1.7373046875, 0.155029296875, 0.0188140869140625, 0.72998046875, 5.7109375, 1.5947265625, 1.0322265625, 0.09912109375, 0.9072265625, 0.0175018310546875, 0.55615234375, 9.9609375, 0.332275390625, 0.11822509765625, 4.72265625, 6.89453125, 0.2001953125, 0.9091796875, 4.33203125, 0.97509765625, 2.244140625, 0.418701171875, 0.08380126953125, 0.0203704833984375, 1.404296875, 4.05078125, 2.64453125, 1.40234375, 3.2109375, 0.301513671875, 13.265625, 0.0295867919921875, 0.30029296875, 3.388671875, 11.265625, 0.65185546875, 0.0096435546875, 7.08203125, 2.2109375, 6.7109375, 6.94921875, 7.078125, 1.5205078125, 2.4375, 5.9921875, 0.8525390625, 7.8203125, 1.6572265625, 0.58740234375, 11.8671875, 0.038726806640625, 5.84765625, 0.03973388671875, 0.44384765625, 5.78125, 0.1627197265625, 0.0120391845703125, 10.9296875, 4.0546875, 0.44091796875, 0.345703125, 3.046875, 4.71875, 3.388671875, 2.736328125, 0.480224609375, 2.759765625, 0.0970458984375, 0.70751953125, 0.0184783935546875, 0.48193359375, 6.6796875, 7.91796875, 1.826171875, 1.6767578125, 4.43359375, 5.49609375, 0.062164306640625, 1.7490234375, 3.9609375, 0.0251312255859375, 0.267822265625, 2.70703125, 7.515625, 3.28515625, 5.21484375, 0.383544921875, 0.5703125, 1.291015625, 2.29296875, 0.19384765625, 0.0205078125, 1.005859375, 7.0078125, 1.4814453125, 0.032989501953125, 6.28515625, 0.04296875, 0.0201416015625, 8.5390625, 0.1361083984375, 2.396484375, 2.87890625, 1.1513671875, 2.966796875, 0.56884765625, 0.06182861328125, 0.13330078125, 0.007259368896484375, 1.0830078125, 1.4931640625, 4.43359375, 0.580078125, 7.34375, 0.72314453125, 1.51953125]",-0.7949994103661897
409,0,test,3.797011906192416,1.739212504358644,2.388830958435541,6.257645320261244,2.8662999373508375,3.9369001828965615,44.56781252393917,36.73908955675189,40.479301104182674,73.44974689699472,60.547661560010106,66.71169735046867,4.051169500878109,1.8213738277395928,2.535199247888978,6.676508395301911,3.001705470297095,4.178121665515356,57.46462268934642,48.16665662819208,52.91078533096917,94.70426644333628,79.38080282299812,87.19933895327321,3.797011906192416,1.739212504358644,2.388830958435541,6.257645320261244,2.8662999373508375,3.9369001828965615,44.56781252393917,36.73908955675189,40.479301104182674,73.44974689699472,60.547661560010106,66.71169735046867,0.7487437185929648,-0.0012562814070351536,-0.0012562814070351536,0.6180904522613065,-0.006909547738693456,-0.0019095477386934512,0.5376884422110553,0.007688442211055246,0.017688442211055255,0.44557823129251706,0.12978875760830655,0.19784067473143108,0.4402730375426621,0.4623115577889447,0.14150955277641342,0.21022474643669098,0.45959595959595956,0.44557823129251706,0.12978875760830655,0.19784067473143108,0.4402730375426621,29.0,8.0,9.0,42.0,12.0,12.0,52.0,13.0,12.0,-0.0002637479294862983,3.660298884578516e-05,-0.00013012226465614673,0.0003496329132595122,-0.00012301345579235345,2.278298851532412e-05,"[3.0625, 9.453125, 2.48046875, 1.494140625, 12.8203125, 11.390625, 3.0390625, 4.82421875, 9.1171875, 8.078125, 3.181640625, 2.431640625, 4.82421875, 0.238037109375, 0.37158203125, 0.2198486328125, 0.76318359375, 0.11407470703125, 0.08050537109375, 3.154296875, 8.75, 0.1566162109375, 1.0400390625, 0.08673095703125, 2.2578125, 3.923828125, 0.27001953125, 0.111572265625, 6.62890625, 3.76171875, 3.412109375, 5.25, 0.466064453125, 6.65625, 0.84521484375, 0.04766845703125, 8.75, 10.59375, 10.6640625, 1.6494140625, 0.96044921875, 3.673828125, 2.123046875, 5.63671875, 7.87109375, 0.537109375, 2.8671875, 2.513671875, 2.873046875, 2.517578125, 9.6875, 1.4892578125, 3.87109375, 9.7734375, 0.491943359375, 10.09375, 4.1953125, 5.265625, 9.0859375, 1.5986328125, 1.9775390625, 5.375, 0.45556640625, 9.5390625, 5.30078125, 2.55078125, 5.23828125, 1.76953125, 5.27734375, 9.6875, 0.50244140625, 0.0002944469451904297, 6.85546875, 0.92138671875, 3.650390625, 4.98046875, 6.37890625, 0.90869140625, 6.25390625, 0.1339111328125, 0.6064453125, 9.6796875, 0.024627685546875, 6.5625, 0.1881103515625, 7.712841033935547e-05, 2.701171875, 1.2509765625, 4.4765625, 4.08203125, 6.17578125, 1.40234375, 4.3515625, 0.01540374755859375, 4.9453125, 0.305908203125, 5.3203125, 0.1070556640625, 7.1640625, 7.4921875, 1.6240234375, 0.69873046875, 5.87890625, 6.31640625, 0.0858154296875, 0.005886077880859375, 6.6171875, 11.5078125, 2.759765625, 1.1962890625, 7.88671875, 0.2034912109375, 7.421875, 7.0546875, 1.9091796875, 1.8876953125, 10.0859375, 4.16015625, 6.3515625, 0.11822509765625, 7.70703125, 1.78125, 3.5390625, 5.27734375, 6.0390625, 9.6015625, 6.76953125, 2.720703125, 1.5419921875, 1.478515625, 2.216796875, 3.412109375, 8.7265625, 1.62890625, 0.91552734375, 6.55078125, 1.3359375, 7.98046875, 4.51953125, 10.0390625, 0.474365234375, 2.49609375, 5.4375, 0.06842041015625, 5.0859375, 0.012481689453125, 13.0078125, 0.0024242401123046875, 2.515625, 0.00797271728515625, 9.375, 1.388671875, 1.0966796875, 8.453125, 0.243896484375, 4.0234375, 8.3125, 2.6640625, 1.7939453125, 0.92236328125, 10.84375, 0.00798797607421875, 0.07733154296875, 0.026580810546875, 4.296875, 8.421875, 0.64306640625, 9.625, 0.64453125, 4.07421875, 7.7109375, 3.484375, 1.884765625, 3.931640625, 0.058746337890625, 0.1346435546875, 0.0206298828125, 8.140625, 7.5546875, 4.0703125, 3.5703125, 1.162109375, 2.7578125, 6.0703125, 6.60546875, 1.8369140625, 5.75390625, 0.01302337646484375, 7.4921875, 10.6875, 6.6796875, 4.4609375, 2.142578125, 7.359375, 4.7890625, 5.0078125, 7.4609375, 0.78125, 9.109375, 3.04296875, 7.3671875, 6.51171875, 4.9453125, 1.34375, 4.60546875, 4.4375, 0.96875, 3.6484375, 5.36328125, 2.14453125, 2.1328125, 0.52783203125, 2.939453125, 0.3369140625, 6.35546875, 0.8037109375, 0.52978515625, 1.25390625, 0.1568603515625, 1.3984375, 2.27734375, 5.75, 0.544921875, 0.381591796875, 13.109375, 2.5625, 1.166015625, 5.9921875, 6.390625, 0.425537109375, 1.3857421875, 6.35546875, 8.0546875, 0.8642578125, 2.013671875, 6.390625, 3.111328125, 2.439453125, 1.4013671875, 5.921875, 5.34375, 9.203125, 1.9169921875, 0.75146484375, 0.47607421875, 7.0078125, 6.95703125, 7.125, 1.4423828125, 6.19140625, 0.75048828125, 2.458984375, 0.0098114013671875, 5.8359375, 2.548828125, 4.05859375, 1.728515625, 7.890625, 8.765625, 7.0546875, 0.040985107421875, 1.328125, 4.13671875, 0.81103515625, 5.4296875, 9.4765625, 0.0494384765625, 0.03326416015625, 7.64453125, 0.2081298828125, 0.09063720703125, 2.650390625, 1.69140625, 2.654296875, 5.796875, 0.0065155029296875, 0.0160369873046875, 0.005908966064453125, 6.72265625, 1.134765625, 0.42041015625, 4.41015625, 6.83203125, 4.17578125, 5.078125, 3.34765625, 0.0169677734375, 0.0029544830322265625, 0.70703125, 4.58984375, 0.0616455078125, 4.15625, 1.94140625, 3.259765625]",-1.0536169466518222
488,0,test,3.4603051023968194,1.5653120339954376,2.151666003140255,5.3907911068918875,2.4385913792771032,3.3520691417342916,31.826685431493445,25.174183139496083,28.12555202338878,49.582625724852946,39.21872741732022,43.81664946801621,3.8799867102848227,1.7911357848440463,2.467200635294599,6.04461087497004,2.7904010121780938,3.8436388844589553,48.423571531595435,40.3479412021138,44.31618857699747,75.43882722816973,62.85784524118781,69.03995694100658,3.4603051023968194,1.5653120339954376,2.151666003140255,5.3907911068918875,2.4385913792771032,3.3520691417342916,31.826685431493445,25.174183139496083,28.12555202338878,49.582625724852946,39.21872741732022,43.81664946801621,0.8040201005025126,0.014020100502512567,-0.0009798994974873354,0.6231155778894473,-0.006884422110552735,-0.0018844221105527303,0.49246231155778897,0.007462311557788981,-0.002537688442211028,0.41355932203389834,0.1140669362470963,0.16327747310492424,0.37074829931972786,0.42211055276381915,0.09880228208712738,0.1616764960025504,0.4040404040404041,0.41355932203389834,0.1140669362470963,0.16327747310492424,0.37074829931972786,25.0,3.0,3.0,39.0,9.0,9.0,45.0,4.0,4.0,-0.001349601783487637,-9.849981358578877e-05,-0.00036874864835356014,0.00035656283511986686,-0.00011913993074319507,2.6287545484393604e-05,"[3.0625, 9.453125, 2.48046875, 1.494140625, 7.81640625, 4.43359375, 3.55859375, 8.0625, 3.716796875, 9.8671875, 1.666015625, 9.03125, 5.33984375, 5.77734375, 7.7421875, 0.62353515625, 1.6689453125, 3.388671875, 1.5302734375, 0.381103515625, 9.078125, 0.00975799560546875, 0.229248046875, 11.6015625, 4.53515625, 8.4765625, 4.37109375, 2.06640625, 3.048828125, 2.4453125, 2.98046875, 0.79833984375, 1.5869140625, 4.7734375, 8.03125, 2.361328125, 1.123046875, 3.056640625, 5.58203125, 2.37109375, 3.75390625, 9.9453125, 0.50146484375, 1.6083984375, 0.376953125, 4.37890625, 11.3046875, 2.14453125, 8.2578125, 1.814453125, 1.443359375, 2.6484375, 5.9140625, 0.86865234375, 0.00821685791015625, 6.41015625, 1.6162109375, 7.40625, 0.0146026611328125, 9.75, 0.044830322265625, 4.82421875, 1.29296875, 3.349609375, 9.25, 0.10028076171875, 7.79296875, 0.951171875, 1.7861328125, 2.60546875, 6.2421875, 2.419921875, 4.4453125, 4.1328125, 2.66015625, 0.01361083984375, 0.56884765625, 6.36328125, 1.095703125, 6.3203125, 0.48388671875, 3.01171875, 0.82568359375, 1.1279296875, 2.78515625, 1.8935546875, 6.984375, 0.98291015625, 6.34375, 1.7705078125, 1.4462890625, 4.38671875, 0.044891357421875, 3.783203125, 6.1953125, 1.19921875, 7.1796875, 3.87109375, 2.919921875, 1.3642578125, 0.578125, 0.389892578125, 8.375, 10.765625, 4.02734375, 0.9736328125, 2.2890625, 10.65625, 0.404296875, 1.046875, 4.20703125, 4.95703125, 1.8291015625, 2.060546875, 6.49609375, 7.40234375, 3.119140625, 0.028778076171875, 7.21484375, 4.15625, 5.265625, 1.8408203125, 1.9296875, 0.414794921875, 5.68359375, 0.1519775390625, 1.080078125, 7.65234375, 6.57421875, 2.40234375, 6.91015625, 4.54296875, 0.75048828125, 0.32421875, 7.02734375, 3.853515625, 0.69140625, 9.1875, 7.9609375, 1.935546875, 8.515625, 0.419189453125, 5.31640625, 5.3125, 4.23828125, 3.822265625, 2.4765625, 2.443359375, 5.1484375, 6.28515625, 8.9765625, 0.0181121826171875, 5.47265625, 2.140625, 1.85546875, 8.1640625, 6.1484375, 0.8203125, 6.77734375, 0.07647705078125, 1.4453125, 8.140625, 3.291015625, 2.68359375, 1.6494140625, 1.53125, 8.4921875, 9.8984375, 2.392578125, 0.5517578125, 1.1826171875, 3.380859375, 0.54443359375, 5.69140625, 1.0751953125, 1.8388671875, 11.0625, 1.85546875, 1.4287109375, 6.09375, 8.4296875, 0.37841796875, 6.83203125, 0.1011962890625, 0.6669921875, 5.26953125, 2.541015625, 1.8740234375, 0.8125, 7.3046875, 7.24609375, 4.203125, 9.84375, 7.87109375, 13.6953125, 0.31982421875, 0.0692138671875, 4.4921875, 2.287109375, 2.48046875, 7.03125, 0.55859375, 1.63671875, 6.16015625, 3.478515625, 6.41015625, 0.263671875, 4.109375, 3.380859375, 4.48046875, 3.732421875, 7.45703125, 0.02734375, 0.052215576171875, 0.0008959770202636719, 0.0023956298828125, 0.004974365234375, 1.8427734375, 0.002780914306640625, 0.03375244140625, 6.296875, 2.068359375, 8.640625, 8.3984375, 2.20703125, 0.043121337890625, 5.203125, 7.79296875, 2.10546875, 5.80859375, 10.71875, 3.515625, 3.59765625, 1.291015625, 12.28125, 1.0361328125, 2.91015625, 7.46875, 1.5166015625, 0.9765625, 0.53857421875, 1.1171875, 7.796875, 1.59765625, 3.072265625, 1.53125, 1.935546875, 1.859375, 3.599609375, 0.0007538795471191406, 0.0285797119140625, 5.31640625, 4.77734375, 8.234375, 4.22265625, 10.6484375, 4.15234375, 0.58984375, 0.376708984375, 0.09832763671875, 5.25, 0.0340576171875, 0.09869384765625, 0.1927490234375, 0.1754150390625, 0.40478515625, 6.63671875, 0.0297698974609375, 0.89208984375, 0.74560546875, 1.251953125, 0.004398345947265625, 0.016448974609375, 0.0021724700927734375, 0.0160064697265625, 1.6962890625, 1.6171875, 0.040771484375, 0.13330078125, 0.0063629150390625, 0.004291534423828125, 0.0020542144775390625, 1.4716796875, 0.0234222412109375, 5.62109375, 0.34619140625, 0.0159912109375, 0.01386260986328125, 0.0004687309265136719, 0.81396484375, 0.0019483566284179688, 0.79638671875, 7.98828125, 1.0009765625, 0.226806640625]",-1.3924828690997626
279,0,test,3.6059088162433954,1.6739007467009823,2.281870236887141,5.979185537138283,2.7756007279480577,3.783713403001637,36.81512684345578,29.911768086458714,33.05655679292911,61.04549093940372,49.59859504132185,54.813168151540616,3.616407078115185,1.6644012827463117,2.2871646874523055,5.996593369323649,2.759849065778323,3.7924924664387722,37.20365756609955,30.160857728092957,33.42547764747288,61.68973831113446,50.01162633484802,55.42489916035045,3.7015432015709253,1.7393277180837754,2.3676036684911015,6.137762961788524,2.8840893284552394,3.9258734298959586,40.50977089052265,33.394697947557695,36.71380257813758,67.17181397663195,55.37386139263394,60.87747876476895,0.7638190954773869,-0.001180904522613102,0.013819095477386911,0.6180904522613065,0.008090452261306558,-0.0019095477386934512,0.48743718592964824,-0.007562814070351753,0.0024371859296482556,0.42592592592592593,0.10543285967014782,0.1754125789033386,0.4241486068111455,0.4120603015075377,0.09627082782332719,0.16331238831888995,0.43434343434343436,0.42140468227424754,0.09920100948626753,0.17112659551117748,0.43624161073825507,24.0,0.0,1.0,34.0,-1.0,-1.0,44.0,1.0,2.0,0.0010865670551542081,-0.00038983840366109315,-8.499203461609631e-05,-0.0004083119095046328,-6.807704299838235e-06,0.00012791969757852684,"[3.056640625, 9.4453125, 2.4296875, 1.0791015625, 1.802734375, 5.20703125, 0.1563720703125, 11.515625, 6.73828125, 1.017578125, 0.179931640625, 5.8515625, 1.08203125, 4.0703125, 8.6796875, 2.837890625, 2.140625, 2.794921875, 3.287109375, 0.044403076171875, 3.431640625, 2.876953125, 2.142578125, 5.52734375, 4.0625, 1.1640625, 6.40625, 1.2509765625, 2.716796875, 4.9453125, 3.017578125, 1.7685546875, 2.2421875, 3.701171875, 0.66796875, 0.927734375, 5.76171875, 4.95703125, 0.43408203125, 7.59765625, 2.43359375, 9.015625, 1.044921875, 7.3671875, 1.1884765625, 2.974609375, 2.736328125, 2.3359375, 2.42578125, 3.1171875, 0.9853515625, 1.572265625, 7.24609375, 3.24609375, 1.306640625, 6.63671875, 0.0816650390625, 0.104736328125, 8.03125, 8.6015625, 3.84375, 8.8125, 3.107421875, 3.3671875, 0.313232421875, 1.453125, 3.65234375, 6.140625, 5.90625, 10.015625, 0.2149658203125, 0.374755859375, 0.050445556640625, 0.0261993408203125, 0.62841796875, 1.23046875, 3.71484375, 0.029296875, 3.560546875, 3.63671875, 1.4150390625, 8.015625, 3.623046875, 6.51953125, 6.10546875, 1.0322265625, 3.853515625, 2.25390625, 2.80078125, 3.2578125, 2.275390625, 0.2978515625, 7.0390625, 1.3662109375, 1.45703125, 0.703125, 1.0087890625, 6.125, 6.48828125, 4.78125, 0.59228515625, 8.96875, 0.7080078125, 0.1766357421875, 0.9677734375, 0.75341796875, 3.810546875, 0.68115234375, 5.58984375, 4.73046875, 0.498291015625, 2.212890625, 0.78662109375, 0.98779296875, 10.6953125, 2.849609375, 0.4619140625, 9.953125, 2.607421875, 0.5068359375, 4.3203125, 4.76953125, 5.37890625, 9.21875, 5.30859375, 0.2080078125, 9.0703125, 3.986328125, 0.3154296875, 2.90234375, 10.0859375, 0.55126953125, 0.498291015625, 0.181884765625, 1.2265625, 6.51953125, 3.361328125, 2.728515625, 1.7568359375, 6.375, 2.697265625, 0.71875, 3.296875, 2.576171875, 0.5322265625, 11.3203125, 0.9873046875, 2.787109375, 0.544921875, 1.80859375, 3.697265625, 2.470703125, 1.7763671875, 3.515625, 0.01486968994140625, 1.849609375, 9.2734375, 0.0533447265625, 1.5185546875, 0.44921875, 0.41357421875, 1.3955078125, 3.875, 5.79296875, 12.2734375, 5.421875, 4.67578125, 8.4921875, 11.328125, 5.97265625, 9.34375, 5.07421875, 7.08203125, 7.2421875, 3.494140625, 7.78515625, 4.8203125, 8.9296875, 4.76171875, 12.7734375, 4.9296875, 7.50390625, 0.6005859375, 2.919921875, 5.29296875, 4.3203125, 9.375, 0.03509521484375, 1.5966796875, 0.0732421875, 2.072265625, 0.0301513671875, 0.521484375, 3.478515625, 3.80078125, 6.48828125, 0.0335693359375, 4.9765625, 2.01171875, 2.60546875, 1.736328125, 2.69140625, 3.48828125, 0.95947265625, 6.046875, 5.96875, 11.109375, 3.271484375, 10.0546875, 0.1544189453125, 9.390625, 7.12109375, 4.8125, 0.58642578125, 0.96435546875, 7.80078125, 10.3515625, 0.1607666015625, 3.701171875, 1.720703125, 10.0859375, 17.15625, 6.4609375, 0.07037353515625, 2.01953125, 8.0859375, 0.01145172119140625, 0.1309814453125, 0.004978179931640625, 0.0029144287109375, 0.002288818359375, 0.8955078125, 0.0016679763793945312, 0.0189666748046875, 5.73828125, 4.66015625, 6.05859375, 9.6484375, 8.5625, 1.77734375, 0.003543853759765625, 1.4033203125, 5.48046875, 5.17578125, 5.80078125, 2.029296875, 4.48046875, 8.5234375, 5.703125, 5.73046875, 3.5234375, 0.22705078125, 8.1953125, 10.421875, 5.38671875, 10.2890625, 5.890625, 1.9189453125, 0.53515625, 9.8984375, 7.35546875, 4.93359375, 3.37109375, 7.49609375, 8.609375, 7.12109375, 3.611328125, 2.939453125, 4.046875, 5.875, 1.373046875, 5.4765625, 4.3125, 0.006439208984375, 0.01192474365234375, 3.841796875, 0.0496826171875, 6.26953125, 1.8076171875, 0.9384765625, 0.0003256797790527344, 0.00666046142578125, 4.671875, 2.34375, 3.326171875, 0.48828125, 2.41796875, 5.546875, 0.427978515625, 0.003223419189453125, 0.02099609375, 0.0022125244140625, 0.00028896331787109375, 0.69580078125, 3.892578125, 1.865234375, 0.37255859375, 0.1573486328125, 4.41796875, 0.712890625, 6.3046875, 5.26953125, 3.443359375, 0.44921875, 2.796875, 4.3359375, 0.2218017578125, 0.0146636962890625, 3.103515625, 5.78515625, 3.79296875, 2.716796875, 4.4453125, 4.60546875, 5.484375, 0.46875, 2.98046875, 0.127685546875, 0.0161590576171875, 0.0045928955078125, 1.2861328125, 0.226318359375, 0.7421875, 0.0016613006591796875]",-1.1598210879314093
49,0,test,3.448012024547921,1.5488103952992958,2.147698753486591,5.932608924589805,2.6648649448532002,3.6953052082048696,31.43783250638624,24.757273756462695,27.767386174236684,54.09156475363515,42.59707396332552,47.77623797626018,3.523792075152373,1.5674954746576057,2.175443708555113,6.062995188129817,2.6970142725726447,3.743042851484532,33.91278477013247,26.83970072512855,30.061725033864118,58.34993850155145,46.18007330647118,51.723850425913255,3.448012024547921,1.5488103952992958,2.147698753486591,5.932608924589805,2.6648649448532002,3.6953052082048696,31.43783250638624,24.757273756462695,27.767386174236684,54.09156475363515,42.59707396332552,47.77623797626018,0.7487437185929648,-0.0012562814070351536,-0.006256281407035158,0.6231155778894473,0.023115577889447292,0.013115577889447283,0.5025125628140703,-0.007487437185929702,0.002512562814070307,0.40772532188841204,0.08652617841946131,0.15665542174575864,0.35775862068965514,0.39698492462311563,0.07367665394642386,0.1398897660254529,0.3535353535353535,0.40772532188841204,0.08652617841946131,0.15665542174575864,0.35775862068965514,21.0,1.0,1.0,35.0,4.0,3.0,43.0,6.0,5.0,-2.6679429889811184e-05,4.8234891936853646e-05,-0.0001747782465403315,-7.309232023011702e-05,1.888252780091193e-05,4.806743682639336e-05,"[3.0625, 9.453125, 2.48046875, 1.494140625, 3.81640625, 6.921875, 1.3408203125, 3.77734375, 6.24609375, 1.8701171875, 1.9931640625, 10.8515625, 7.30859375, 3.751953125, 6.9296875, 0.60888671875, 3.169921875, 3.3046875, 1.3291015625, 3.15625, 0.31787109375, 9.6015625, 3.1484375, 1.2490234375, 0.489990234375, 8.5078125, 9.796875, 5.42578125, 2.181640625, 0.97509765625, 10.2578125, 1.927734375, 2.005859375, 0.99658203125, 1.1396484375, 0.2744140625, 0.64306640625, 4.9765625, 0.168701171875, 2.36328125, 10.7578125, 3.5546875, 0.0081024169921875, 3.48046875, 3.4453125, 1.5673828125, 4.703125, 4.55859375, 2.791015625, 5.453125, 1.1240234375, 5.0078125, 3.546875, 4.765625, 0.00684356689453125, 1.0888671875, 6.109375, 0.0298919677734375, 1.251953125, 5.26953125, 3.0078125, 1.212890625, 3.478515625, 0.751953125, 4.93359375, 0.08892822265625, 8.9453125, 5.59765625, 1.7783203125, 1.5732421875, 0.68603515625, 0.28076171875, 0.398193359375, 3.720703125, 0.057159423828125, 0.2344970703125, 2.998046875, 2.74609375, 12.5078125, 0.25537109375, 1.78125, 3.060546875, 0.0140228271484375, 9.15625, 0.403076171875, 1.498046875, 8.125, 10.7421875, 0.9111328125, 2.232421875, 5.29296875, 3.90625, 8.0, 5.7734375, 0.75634765625, 13.265625, 8.765625, 13.7578125, 10.8828125, 6.3203125, 4.66015625, 1.2880859375, 6.015625, 6.15625, 8.25, 3.208984375, 2.900390625, 1.619140625, 6.84375, 1.4521484375, 5.6796875, 3.056640625, 5.7890625, 8.03125, 0.447265625, 5.8125, 3.224609375, 1.142578125, 3.052734375, 0.283447265625, 4.79296875, 3.5234375, 1.546875, 0.34619140625, 0.0036602020263671875, 0.58154296875, 4.05859375, 8.1953125, 2.1015625, 3.01171875, 0.09033203125, 3.23828125, 2.859375, 0.84375, 5.26953125, 4.0546875, 0.17724609375, 0.80419921875, 3.583984375, 2.51171875, 9.171875, 2.23046875, 0.58251953125, 0.41650390625, 5.8515625, 7.87890625, 4.53515625, 2.248046875, 10.6328125, 2.9765625, 1.3095703125, 0.08819580078125, 5.03515625, 2.7734375, 1.7353515625, 0.362548828125, 1.9716796875, 0.15478515625, 0.357421875, 1.720703125, 2.146484375, 8.671875, 4.25390625, 0.8310546875, 3.02734375, 3.486328125, 2.34765625, 6.90625, 6.6484375, 0.349365234375, 3.24609375, 0.9619140625, 3.470703125, 9.1328125, 0.60986328125, 0.05145263671875, 0.0016183853149414062, 4.47265625, 0.80419921875, 2.37109375, 0.280029296875, 3.79296875, 3.30078125, 1.2392578125, 2.673828125, 6.73828125, 2.357421875, 0.1319580078125, 5.0, 1.55078125, 8.7578125, 0.3662109375, 0.32958984375, 3.955078125, 3.505859375, 0.6083984375, 0.236083984375, 3.26171875, 7.98046875, 0.9521484375, 0.2056884765625, 6.00390625, 0.055999755859375, 2.775390625, 1.7236328125, 7.09375, 1.0546875, 1.208984375, 6.3984375, 0.1326904296875, 0.68212890625, 6.921875, 0.1793212890625, 8.328125, 1.3505859375, 0.07794189453125, 7.83203125, 2.751953125, 0.4072265625, 5.69140625, 3.82421875, 1.2724609375, 3.36328125, 2.384765625, 0.85888671875, 3.787109375, 5.421875, 0.018585205078125, 4.5390625, 5.484375, 5.45703125, 4.22265625, 0.79150390625]",-0.585049956653251
442,0,test,3.357030663357313,1.4857045135438525,2.0529778100888096,5.999799483447113,2.6553016837805026,3.6691518307970217,28.7038328708991,22.20692631063298,25.019634906299213,51.300467258628174,39.68897468283341,44.71594323679008,3.270155543058961,1.3835816673018726,1.9416581535378157,5.844533310998994,2.472784256454411,3.4701975510037557,26.31543220777278,19.718703500412968,22.54006598926413,47.0318362862322,35.24193817095083,40.28437325740823,3.357030663357313,1.4857045135438525,2.0529778100888096,5.999799483447113,2.6553016837805026,3.6691518307970217,28.7038328708991,22.20692631063298,25.019634906299213,51.300467258628174,39.68897468283341,44.71594323679008,0.6934673366834171,-0.0015326633165829717,-0.01153266331658298,0.5829145728643217,0.0029145728643216184,0.012914572864321627,0.4321608040201005,-0.00783919597989946,-0.00783919597989946,0.398406374501992,0.08627913792147512,0.14410173874040255,0.44799999999999995,0.3919597989949749,0.058626465661641536,0.12317849682469106,0.4444444444444444,0.398406374501992,0.08627913792147512,0.14410173874040255,0.44799999999999995,18.0,1.0,-1.0,31.0,3.0,0.0,36.0,-1.0,-3.0,0.00020640366281384132,0.00015685763535224178,0.00033018620105106924,5.164627325804361e-05,0.00011782167916685182,-0.0001279129611404528,"[3.0625, 6.44921875, 0.0345458984375, 0.00528717041015625, 0.01554107666015625, 0.64697265625, 3.7421875, 0.1171875, 8.171875, 2.353515625, 0.74755859375, 0.83544921875, 0.85302734375, 0.0022068023681640625, 0.369384765625, 0.253662109375, 1.9091796875, 0.01125335693359375, 4.52734375, 4.32421875, 3.43359375, 3.142578125, 1.482421875, 0.0225067138671875, 0.0009756088256835938, 3.392578125, 0.007537841796875, 0.10205078125, 0.7431640625, 6.359375, 3.6328125, 3.44921875, 2.248046875, 0.12396240234375, 0.0164031982421875, 2.275390625, 0.1380615234375, 0.183837890625, 0.341552734375, 0.001552581787109375, 0.0132293701171875, 0.00030612945556640625, 14.6328125, 14.625, 6.94921875, 1.3125, 10.2109375, 8.859375, 3.091796875, 0.68212890625, 0.004566192626953125, 0.00385284423828125, 0.0002002716064453125, 3.845703125, 6.23828125, 2.11328125, 2.51953125, 1.28515625, 2.91796875, 5.66015625, 0.6328125, 9.2265625, 6.19140625, 3.158203125, 0.045074462890625, 4.9609375, 9.171875, 2.029296875, 6.91015625, 0.02545166015625, 1.8076171875, 1.8359375, 9.1484375, 0.88720703125, 0.359619140625, 1.4931640625, 7.14453125, 3.318359375, 2.71875, 1.552734375, 10.7578125, 0.260498046875, 2.8671875, 3.02734375, 0.1339111328125, 0.60107421875, 5.03515625, 6.53515625, 0.828125, 2.3984375, 3.521484375, 0.75732421875, 5.81640625, 0.475830078125, 1.7626953125, 3.662109375, 5.2109375, 0.8994140625, 1.7529296875, 0.485107421875, 0.0479736328125, 4.65234375, 2.04296875, 1.9267578125, 2.310546875, 9.2109375, 5.5546875, 0.6220703125, 2.56640625, 2.125, 6.30078125, 4.26171875, 5.19140625, 2.75390625, 3.185546875, 13.3203125, 9.9609375, 2.986328125, 0.350341796875, 6.40625, 3.076171875, 2.208984375, 1.4892578125, 2.271484375, 7.59375, 0.398681640625, 4.89453125, 3.4375, 5.3203125, 6.48046875, 7.72265625, 1.341796875, 0.1436767578125, 6.265625, 6.328125, 3.06640625, 0.65673828125, 3.771484375, 1.2978515625, 1.0625, 8.8203125, 6.85546875, 8.0234375, 2.947265625, 1.341796875, 3.302734375, 1.3974609375, 6.6796875, 6.75, 6.65625, 0.451416015625, 3.330078125, 1.3212890625, 7.2109375, 2.87890625, 10.2578125, 0.744140625, 0.0352783203125, 0.16455078125, 0.101806640625, 5.97265625, 2.0859375, 2.904296875, 1.5595703125, 0.412109375, 6.30859375, 2.298828125, 8.5625, 1.712890625, 1.322265625, 4.65625, 2.7109375, 1.0517578125, 6.03515625, 3.857421875, 2.37890625, 3.474609375, 0.144287109375, 4.8828125, 0.251953125, 5.0390625, 7.5, 0.260498046875, 0.4052734375, 5.7578125, 2.2734375, 7.93359375, 6.296875, 8.5, 2.4765625, 4.9609375, 3.099609375, 0.27587890625, 4.1796875, 2.314453125, 3.091796875, 6.23828125, 0.2352294921875, 3.076171875, 1.6240234375, 2.17578125, 0.79296875, 4.76171875, 2.15234375, 6.16796875, 2.171875, 0.57861328125, 5.48046875, 5.15625, 0.026397705078125, 9.3203125, 1.31640625, 1.8984375, 5.77734375, 4.71484375, 0.10406494140625, 6.08203125, 10.0703125, 3.611328125, 0.1531982421875, 1.2919921875, 1.3994140625, 6.1015625, 4.1328125, 3.6796875, 1.29296875, 5.91796875, 0.08758544921875, 1.138671875, 4.015625, 0.61865234375, 5.99609375, 0.191650390625, 0.241943359375, 7.55859375, 3.1328125, 1.2041015625, 0.11187744140625, 0.72802734375, 9.875, 5.71484375, 9.3984375, 1.5498046875, 1.0556640625, 7.29296875, 4.58984375, 10.546875, 6.37109375, 1.3798828125, 1.314453125, 6.26953125]",-1.097423281802599
385,0,test,4.0611717961415525,1.8717877880378562,2.5638053599411177,6.470800395185541,2.9823818756069844,4.084996540172848,58.04228497098504,49.1125741802892,53.57238318664596,92.48070738710283,78.2527015272608,85.35866387738922,4.229316481393785,1.8911649069601881,2.6448007679026797,6.738710927020764,3.0132560850898997,4.2140492235249365,68.67027871569724,58.30821337229436,63.793349740085986,109.41464408701094,92.90441997318902,101.64407058587035,4.0628597035127525,1.863248955631597,2.5648789438827624,6.473489794263653,2.968776669306345,4.0867071172532015,58.14033770031154,49.118836522870936,53.66768910695035,92.63693806916307,78.26267952644103,85.51051797707423,0.8291457286432161,-0.005854271356783847,-0.005854271356783847,0.7035175879396984,-0.021482412060301548,0.008517587939698368,0.592964824120603,-0.007035175879396949,-0.0020351758793969443,0.4411764705882353,0.10365026513750153,0.17581334209661514,0.45991561181434604,0.44221105527638194,0.09384012795808616,0.1700908549424921,0.4797979797979798,0.4411764705882353,0.10365026513750153,0.18698652645415703,0.4641350210970464,27.0,8.0,8.0,39.0,5.0,7.0,48.0,9.0,8.0,-0.00022873359501244774,-0.00020406537565299167,-0.0001315806766169925,-3.8442710928343615e-05,4.636562540305533e-05,7.072031659394185e-05,"[3.056640625, 9.4453125, 2.4296875, 1.0791015625, 6.80078125, 2.873046875, 0.7421875, 5.640625, 2.32421875, 0.72314453125, 4.05078125, 1.1259765625, 2.451171875, 0.1636962890625, 7.3125, 3.47265625, 4.66015625, 1.96484375, 5.1953125, 6.9453125, 7.05859375, 3.44140625, 3.720703125, 5.84765625, 0.79736328125, 8.1953125, 0.73046875, 2.0390625, 3.095703125, 5.94140625, 0.08203125, 3.931640625, 4.5546875, 0.006000518798828125, 0.85302734375, 3.94921875, 1.669921875, 10.3515625, 7.12109375, 2.19921875, 6.5859375, 0.63525390625, 8.296875, 1.5947265625, 6.1171875, 2.93359375, 7.39453125, 4.1171875, 3.63671875, 5.05859375, 8.4140625, 3.634765625, 1.01171875, 4.3359375, 6.03515625, 3.30859375, 9.3671875, 5.86328125, 2.34375, 4.125, 3.32421875, 5.8515625, 6.3671875, 0.90234375, 7.34765625, 2.732421875, 1.3232421875, 0.0135040283203125, 2.0703125, 3.705078125, 3.169921875, 1.6171875, 2.3125, 0.018280029296875, 0.8583984375, 3.98046875, 6.0234375, 8.3125, 6.21875, 3.734375, 0.32666015625, 10.9375, 0.708984375, 4.3203125, 8.1015625, 1.2978515625, 4.56640625, 5.33984375, 11.234375, 1.0654296875, 2.86328125, 0.3896484375, 4.2578125, 8.296875, 3.205078125, 10.6953125, 2.09765625, 6.7265625, 8.921875, 3.25390625, 1.6708984375, 2.171875, 3.248046875, 1.0849609375, 1.6083984375, 4.05859375, 8.28125, 0.0787353515625, 4.6875, 7.85546875, 1.6962890625, 9.734375, 3.140625, 2.515625, 5.80078125, 3.443359375, 0.26123046875, 1.3798828125, 4.30859375, 10.328125, 0.4736328125, 1.310546875, 7.671875, 0.322021484375, 5.84375, 3.09375, 9.75, 2.57421875, 5.58984375, 8.296875, 7.671875, 2.314453125, 11.3046875, 8.640625, 3.708984375, 0.83935546875, 4.1171875, 8.796875, 3.75, 5.28515625, 1.4619140625, 7.69921875, 4.20703125, 7.01171875, 1.4716796875, 8.234375, 10.7734375, 1.1787109375, 7.64453125, 0.064208984375, 1.0859375, 1.728515625, 1.224609375, 4.7265625, 6.0078125, 7.03125, 6.328125, 1.5751953125, 6.54296875, 6.16796875, 0.52099609375, 2.255859375, 1.4091796875, 4.94140625, 0.07354736328125, 0.154541015625, 6.015625, 3.18359375, 1.7685546875, 8.8046875, 4.98828125, 3.23828125, 6.0625, 0.041656494140625, 11.71875, 3.421875, 2.158203125, 8.7734375, 3.029296875, 0.0296173095703125, 2.443359375, 5.07421875, 0.31689453125, 2.005859375, 5.66015625, 11.78125, 7.1796875, 2.982421875, 3.498046875, 4.76953125, 5.0546875, 0.464599609375, 12.3515625, 0.259521484375, 5.640625, 12.359375, 2.748046875, 0.68994140625, 0.33740234375, 6.69140625, 3.92578125, 6.0078125, 0.80615234375, 0.015960693359375, 7.625, 7.55859375, 0.010711669921875, 1.90234375, 4.59765625, 0.278564453125, 6.95703125, 4.55859375, 5.19921875, 0.357666015625, 0.414794921875, 4.7265625, 3.30078125, 5.15625, 0.1358642578125, 0.76953125, 2.974609375, 2.12109375, 0.343017578125, 0.86865234375, 9.703125, 4.78125, 0.1519775390625, 1.30078125, 7.65625, 2.65234375, 5.70703125, 3.078125, 0.86669921875, 5.50390625, 0.07861328125, 4.50390625, 2.50390625, 0.340576171875]",-0.5208852030649904
272,0,test,3.178150826843207,1.370551191246459,1.9214269931580452,6.051547464811038,2.6096796655240793,3.658607562314634,24.002328028789762,17.90653030770685,20.488437509548476,45.703062958928456,34.095996065359614,39.01223032640053,3.370045614002937,1.4940703992550803,2.049367111233913,6.41693616912888,2.844873773924057,3.9022195679659433,29.07985347606709,22.552672054962187,25.33389131516924,55.3712278516894,42.94275911835266,48.23850538093869,3.178150826843207,1.370551191246459,1.9214269931580452,6.051547464811038,2.6096796655240793,3.658607562314634,24.002328028789762,17.90653030770685,20.488437509548476,45.703062958928456,34.095996065359614,39.01223032640053,0.7185929648241206,-0.0014070351758793676,-0.0014070351758793676,0.5628140703517588,-0.012185929648241167,-0.0021859296482411583,0.44723618090452266,-0.012763819095477302,-0.012763819095477302,0.40794223826714804,0.10343773376264354,0.17504908100424288,0.39492753623188404,0.4170854271356784,0.10380221911562826,0.16332916670162168,0.40909090909090906,0.40794223826714804,0.10343773376264354,0.17504908100424288,0.39492753623188404,25.0,0.0,1.0,36.0,0.0,0.0,44.0,0.0,-1.0,-0.0005191316218348596,-0.0004937926391117058,3.349265185555547e-05,0.004907353283193139,0.004054589751087967,0.0047772606377805005,"[3.0625, 9.453125, 2.48046875, 1.494140625, 1.81640625, 6.23046875, 0.354248046875, 5.21875, 6.625, 10.078125, 0.269775390625, 0.58935546875, 2.90234375, 1.064453125, 2.93359375, 7.7265625, 0.9052734375, 0.61181640625, 7.421875, 3.125, 4.04296875, 0.1300048828125, 5.6171875, 0.07904052734375, 10.1796875, 2.234375, 0.66064453125, 3.978515625, 0.185546875, 0.82373046875, 7.1484375, 0.2261962890625, 9.546875, 0.0039825439453125, 4.48046875, 2.767578125, 0.07269287109375, 9.90625, 1.4150390625, 4.01171875, 0.822265625, 1.2958984375, 11.078125, 1.3154296875, 1.40234375, 5.71484375, 4.28515625, 1.388671875, 1.8271484375, 4.046875, 0.97998046875, 0.6611328125, 8.0703125, 0.263671875, 12.609375, 7.64453125, 0.75439453125, 2.177734375, 1.3232421875, 1.9033203125, 0.15673828125, 0.239990234375, 2.5859375, 0.67333984375, 1.9111328125, 7.796875, 3.083984375, 2.939453125, 8.7734375, 9.96875, 0.47412109375, 0.91064453125, 2.205078125, 7.9375, 3.86328125, 4.54296875, 3.54296875, 8.734375, 3.474609375, 2.158203125, 4.8515625, 1.62109375, 7.51953125, 4.69921875, 0.0029239654541015625, 8.1875, 1.0380859375, 4.296875, 0.322509765625, 3.734375, 1.0205078125, 0.80810546875, 3.08984375, 0.22314453125, 1.404296875, 5.21484375, 0.9560546875, 2.248046875, 6.734375, 2.857421875, 0.08154296875, 0.31201171875, 4.55859375, 4.6328125, 6.09765625, 0.7568359375, 0.6455078125, 3.61328125, 2.791015625, 8.8984375, 1.4228515625, 3.884765625, 3.4609375, 6.64453125, 1.669921875, 5.61328125, 0.08819580078125, 4.36328125, 1.92578125, 5.609375, 0.0032558441162109375, 5.31640625, 0.2049560546875, 1.0810546875, 1.95703125, 2.103515625, 4.046875, 0.1409912109375, 5.88671875, 10.3828125, 7.73828125, 0.1361083984375, 4.96484375, 5.328125, 0.299072265625, 3.888671875, 0.028533935546875, 2.279296875, 3.0078125, 3.47265625, 0.3798828125, 1.1982421875, 2.431640625, 10.3828125, 11.3359375, 6.37890625, 7.296875, 9.78125, 0.319580078125, 0.34375, 9.1875, 5.89453125, 6.32421875, 2.927734375, 0.75634765625, 2.533203125, 3.287109375, 0.3505859375, 7.32421875, 4.515625, 0.7080078125, 7.0625, 1.30078125, 2.615234375, 0.03277587890625, 0.035186767578125, 0.1739501953125, 9.8515625, 1.791015625, 1.0576171875, 2.837890625, 1.875, 2.0703125, 4.25, 3.529296875, 0.1776123046875, 7.515625, 2.75390625, 1.134765625, 4.625, 5.53515625, 2.4453125, 2.841796875, 5.13671875, 5.9296875, 0.6396484375, 9.515625, 0.278564453125, 3.01953125, 6.328125, 0.003864288330078125, 0.055694580078125, 0.001232147216796875, 0.00726318359375, 0.0081939697265625, 4.01171875, 0.0196533203125, 1.748046875, 0.91650390625, 0.001270294189453125, 1.1435546875, 0.0093994140625, 0.00783538818359375, 0.0026149749755859375, 0.0445556640625, 10.8984375, 3.2421875, 2.375, 4.171875, 1.0400390625, 11.328125, 0.384521484375, 0.0024776458740234375, 0.016571044921875, 0.0012025833129882812, 0.1749267578125, 0.00023555755615234375, 7.6015625, 0.3271484375, 0.12286376953125, 1.5703125, 3.408203125, 0.0272674560546875, 0.0006084442138671875, 0.343017578125, 0.1705322265625, 3.9375, 0.65869140625, 0.00029778480529785156, 0.02032470703125, 0.00115966796875, 8.9296875, 2.357421875, 8.78125, 7.6015625, 6.546875, 10.84375, 1.9990234375, 5.546875, 0.705078125, 0.004611968994140625, 1.1064453125, 0.19189453125, 0.0026149749755859375, 0.0006232261657714844, 0.0008001327514648438, 4.75390625, 0.39306640625, 3.82421875, 3.376953125, 0.0369873046875, 4.5234375, 2.7578125, 4.8515625, 4.8671875, 7.8984375, 1.115234375, 4.40234375, 0.73583984375, 4.3203125, 0.9443359375, 1.5986328125, 3.298828125, 5.0859375, 0.318115234375, 0.3720703125, 0.1934814453125, 5.4375, 3.201171875, 4.66015625, 0.0269927978515625, 9.203125, 0.4599609375, 2.50390625, 1.7119140625, 3.310546875, 8.140625]",-1.1658800302429748
276,0,test,3.2148040387688614,1.3921265642875387,1.5900013570612948,5.955292727555433,2.578857405975277,2.9454123499660056,24.89841230954501,18.710006723777877,19.82099523848123,46.123288376698135,34.65952065224427,36.71758134341606,3.5556671894974445,1.47354378683261,2.0643223214552107,6.586727744478873,2.729679473968605,3.8240724971219473,35.01117126271768,26.989687579588455,30.56810442132986,64.85675988011637,49.997290106450755,56.62616064934876,3.545345302409552,1.5447432618639816,2.131579986925135,6.567606871676712,2.8615735834529503,3.948664565943283,34.65164857442323,27.258142624766652,30.5402415341587,64.1907588345873,50.494592075387416,56.5745457927858,0.7035175879396984,0.013517587939698483,0.008517587939698368,0.5879396984924623,-0.002060301507537776,0.012939698492462348,0.4522613065326633,-0.007738693467336688,-0.007738693467336688,0.41241685144124174,0.11009127004589292,0.12795937343537667,0.38222222222222224,0.42713567839195976,0.11134620470774925,0.16670162163069102,0.38383838383838387,0.4247491638795987,0.1175705328278458,0.1733587300642483,0.40268456375838924,23.0,7.0,7.0,30.0,2.0,1.0,40.0,5.0,3.0,-0.0005603168475953706,-0.0005335374389675312,-0.0002927530819333607,0.0024270173568599063,0.00213861039128016,0.0028955959592362746,"[3.068359375, 9.421875, 2.39453125, 1.125, 0.90966796875, 3.9921875, 0.60302734375, 9.390625, 0.744140625, 11.3671875, 5.15234375, 9.6796875, 0.1083984375, 6.9140625, 1.0771484375, 1.83203125, 7.01171875, 1.05078125, 1.837890625, 2.974609375, 2.220703125, 3.1796875, 7.49609375, 0.26318359375, 1.7763671875, 0.57470703125, 7.8046875, 15.0625, 5.58984375, 3.63671875, 8.109375, 1.4794921875, 3.01171875, 7.1015625, 1.5048828125, 5.1875, 8.78125, 1.6669921875, 8.90625, 0.481201171875, 1.7041015625, 6.01953125, 2.13671875, 0.8623046875, 4.890625, 2.615234375, 0.166015625, 12.296875, 0.2373046875, 0.002613067626953125, 6.84375, 0.3173828125, 5.9140625, 2.78515625, 1.072265625, 7.27734375, 1.7734375, 7.62109375, 6.46484375, 2.857421875, 4.015625, 6.69140625, 2.2109375, 9.34375, 5.9140625, 0.2041015625, 0.015899658203125, 1.6181640625, 2.01953125, 4.33984375, 6.88671875, 7.40625, 0.260498046875, 2.96875, 3.203125, 1.833984375, 3.40234375, 4.03125, 4.60546875, 2.716796875, 8.3125, 0.47119140625, 0.24365234375, 0.0004432201385498047, 4.00390625, 4.8125, 3.662109375, 7.89453125, 0.0131683349609375, 7.515625, 4.08203125, 4.625, 1.4697265625, 2.2265625, 4.3359375, 0.72265625, 2.328125, 7.11328125, 0.0703125, 2.904296875, 7.84765625, 5.98828125, 4.4296875, 0.0609130859375, 3.87109375, 2.896484375, 3.712890625, 2.1171875, 5.09765625, 1.0126953125, 8.7421875, 2.078125, 0.720703125, 0.447509765625, 2.00390625, 0.2509765625, 0.12158203125, 0.002658843994140625, 4.44921875, 1.6650390625, 0.3955078125, 3.4140625, 0.191650390625, 8.0234375, 5.78515625, 8.40625, 4.59765625, 4.62109375, 0.818359375, 2.826171875, 2.83984375, 0.1962890625, 2.92578125, 8.4609375, 12.265625, 0.393798828125, 0.3408203125, 5.2421875, 0.849609375, 13.96875, 0.587890625, 1.60546875, 9.2734375, 6.7265625, 1.486328125, 8.6328125, 0.265869140625, 0.0245208740234375, 2.779296875, 1.4697265625, 2.80078125, 4.90625, 3.76171875, 6.1484375, 5.1171875, 0.00908660888671875, 0.36376953125, 0.12646484375, 0.5830078125, 0.039825439453125, 0.04254150390625, 0.006866455078125, 9.8671875, 1.6513671875, 8.609375, 0.91748046875, 0.814453125, 5.8671875, 2.69921875, 6.91015625, 10.9140625, 1.8974609375, 1.7021484375, 5.5234375, 0.10552978515625, 0.04608154296875, 0.0029315948486328125, 4.140625, 7.1953125, 3.39453125, 2.373046875, 4.19140625, 0.413330078125, 2.041015625, 7.75, 0.047821044921875, 7.55078125, 3.0234375, 10.140625, 0.921875, 0.53466796875, 5.87109375, 0.029449462890625, 0.1910400390625, 3.994140625, 0.0030651092529296875, 0.33203125, 0.00020802021026611328, 0.0035839080810546875, 0.0022220611572265625, 7.6953125, 4.640625, 8.71875, 2.24609375, 0.1654052734375, 0.18994140625, 6.48046875, 3.6484375, 6.359375, 7.2421875, 5.19140625, 0.0088348388671875, 0.398681640625, 8.6953125, 0.41748046875, 4.65625, 4.1875, 1.2099609375, 0.59521484375, 0.8349609375, 6.0859375, 5.73046875, 1.599609375, 4.0390625, 4.3046875, 1.017578125, 0.006412506103515625, 0.830078125, 0.0006003379821777344, 0.58740234375, 6.83203125, 8.640625, 1.57421875, 1.8466796875, 2.43359375, 2.73046875, 0.03955078125, 0.0086669921875, 0.82666015625, 4.3828125, 2.26953125, 0.23388671875, 1.708984375, 0.01453399658203125, 0.0001684427261352539, 0.001697540283203125, 0.0003476142883300781, 10.6328125, 4.31640625, 2.18359375, 8.1953125, 5.38671875, 5.96875, 3.337890625, 2.08203125, 5.20703125, 0.0004730224609375, 11.6484375, 1.5732421875, 6.171875, 6.00390625, 2.76171875, 7.078125, 5.94140625, 0.77490234375, 4.87890625, 0.47802734375, 8.1875, 0.80419921875, 0.00028133392333984375, 7.046875, 8.4140625, 1.2373046875, 8.1484375, 9.65625, 4.390625, 4.37890625, 9.4453125, 2.09375, 0.0008840560913085938, 3.259765625, 0.002895355224609375, 1.8369140625, 0.92626953125, 0.379150390625, 0.00295257568359375, 0.00027298927307128906, 0.0003726482391357422, 7.3203125, 3.884765625, 0.97802734375, 9.515625, 2.818359375, 0.049163818359375, 6.36328125, 6.1796875, 0.63671875, 0.1763916015625, 9.609375, 0.051483154296875, 3.6015625, 2.615234375, 4.37109375, 2.6328125, 6.109375, 0.318603515625, 4.75390625, 1.6181640625, 3.03515625, 2.361328125, 3.30859375, 3.224609375, 0.024993896484375, 3.142578125, 2.28515625, 1.9228515625, 0.10919189453125, 1.6025390625, 5.359375, 4.9453125, 5.76953125, 1.3134765625, 1.419921875, 3.6640625, 7.38671875, 0.48681640625, 0.00010991096496582031, 3.525390625, 5.1640625, 8.3828125, 1.4833984375, 0.09906005859375, 1.556640625, 7.3515625, 0.46484375, 0.00010538101196289062, 6.75390625, 1.8505859375, 0.48046875, 0.0063629150390625, 0.061309814453125, 2.728515625, 12.015625, 0.167236328125, 0.00014591217041015625, 2.97265625, 3.7109375, 2.15625, 1.2900390625, 0.059326171875, 0.02325439453125, 1.3193359375, 5.8515625, 0.853515625, 0.36962890625, 0.0008807182312011719, 4.46875, 4.21875, 0.8798828125, 0.029205322265625, 1.013671875, 3.89453125, 3.52734375, 0.37548828125, 0.0011310577392578125, 3.72265625, 5.08984375, 2.603515625, 0.43701171875, 0.4765625, 10.6953125, 0.38720703125, 0.0008578300476074219, 3.548828125, 5.2734375, 9.8671875, 7.0234375, 1.974609375, 0.09442138671875, 0.57666015625, 10.1796875, 0.85986328125, 0.0100250244140625, 2.611328125, 0.5537109375, 0.0097198486328125, 0.10235595703125, 0.19189453125, 5.36328125, 4.6171875, 0.481201171875, 0.0011529922485351562, 3.869140625, 5.703125, 0.1259765625, 1.5390625, 10.3515625, 0.463623046875, 0.0010995864868164062, 4.3359375, 4.6875, 2.328125, 1.9921875, 0.01044464111328125, 0.44384765625, 8.453125, 0.067138671875, 0.0025119781494140625, 3.19921875, 9.3046875, 0.0193328857421875, 1.0869140625, 8.1640625, 0.59423828125, 0.372802734375, 0.0008916854858398438, 9.5625, 8.09375, 0.01486968994140625, 0.2325439453125, 4.23828125, 4.87109375, 0.2103271484375, 0.0009288787841796875, 3.830078125, 0.20458984375, 0.011871337890625, 0.00830078125, 0.00887298583984375, 0.1068115234375, 7.20703125, 0.03887939453125, 0.398193359375, 0.0015840530395507812, 3.087890625, 8.2734375, 1.470703125, 0.0858154296875, 0.58935546875, 6.171875, 3.396484375, 0.164794921875, 0.0008296966552734375, 3.875, 5.65234375, 0.27978515625, 0.01861572265625, 0.2479248046875, 6.12109375, 5.76171875, 0.1766357421875]",-1.2277256395758651
467,0,test,3.5003419838495704,1.611539277952212,2.2151560873241447,5.879787939163042,2.707023843301749,3.720964438819771,33.12677884512913,26.515330752587936,29.511438871237022,55.64554423985174,44.53979716305501,49.572585519662184,3.572570716915418,1.5941880329797984,2.2210546398785684,6.001115979537696,2.677877650904268,3.730872681593774,35.60801371627064,28.376975068332136,31.74473559593785,59.81346124249956,47.66694126646803,53.32402215272706,3.5003419838495704,1.611539277952212,2.2151560873241447,5.879787939163042,2.707023843301749,3.720964438819771,33.12677884512913,26.515330752587936,29.511438871237022,55.64554423985174,44.53979716305501,49.572585519662184,0.7085427135678393,-0.01645728643216071,-0.006457286432160814,0.6331658291457287,-0.006834170854271293,-0.006834170854271293,0.5175879396984925,-0.012412060301507544,0.007587939698492474,0.4295302013422819,0.09954695176104245,0.17729805848513902,0.4545454545454546,0.4371859296482412,0.09884006498658704,0.18342966921418447,0.4797979797979798,0.4295302013422819,0.09954695176104245,0.17729805848513902,0.4545454545454546,22.0,2.0,1.0,34.0,0.0,0.0,43.0,2.0,1.0,0.00017145692836740333,0.0002246020624863278,8.232399518200444e-05,-0.0005109839999661858,-0.00010751935559483172,3.6801216390713876e-05,"[3.0625, 6.44921875, 0.0345458984375, 0.00528717041015625, 0.01554107666015625, 0.64697265625, 4.7421875, 0.2232666015625, 5.09765625, 0.35498046875, 4.38671875, 6.7578125, 5.69921875, 0.01535797119140625, 0.360595703125, 0.5166015625, 3.41796875, 0.01444244384765625, 4.12109375, 0.181396484375, 9.4140625, 0.04742431640625, 0.004047393798828125, 0.7880859375, 0.10931396484375, 3.490234375, 0.00927734375, 3.48828125, 0.445068359375, 7.05078125, 0.0180206298828125, 0.0014142990112304688, 3.787109375, 0.03070068359375, 0.01349639892578125, 0.00782012939453125, 0.0401611328125, 7.29296875, 3.201171875, 2.64453125, 6.21484375, 5.38671875, 3.197265625, 12.359375, 9.3125, 3.173828125, 8.0859375, 0.145751953125, 0.01239013671875, 0.0100250244140625, 0.0018072128295898438, 0.0989990234375, 0.00010073184967041016, 13.234375, 8.4921875, 6.296875, 5.22265625, 9.921875, 6.4140625, 0.822265625, 2.3126602172851562e-05, 0.0279541015625, 0.00024962425231933594, 12.21875, 1.3388671875, 0.6728515625, 8.40625, 0.210205078125, 0.67529296875, 1.701171875, 5.7109375, 4.80859375, 2.7734375, 2.6328125, 4.921875, 0.03533935546875, 4.6875, 4.59375, 0.462158203125, 3.615234375, 4.93359375, 6.6328125, 3.71484375, 1.69140625, 7.0703125, 2.5, 5.85546875, 0.5830078125, 6.0234375, 1.3642578125, 10.4140625, 8.0390625, 4.69921875, 5.5234375, 5.16796875, 2.841796875, 3.8203125, 2.724609375, 2.123046875, 6.8125, 4.671875, 3.701171875, 8.515625, 4.00390625, 6.48046875, 0.08489990234375, 1.5625, 9.078125, 7.02734375, 4.72265625, 0.425048828125, 0.50048828125, 2.662109375, 3.87890625, 5.02734375, 1.978515625, 7.71484375, 3.326171875, 2.86328125, 13.0, 3.763671875, 5.7421875, 0.7080078125, 0.73193359375, 7.5703125, 2.837890625, 1.3173828125, 3.41015625, 7.7265625, 8.296875, 8.265625, 5.875, 7.859375, 1.251953125, 1.53125, 1.1416015625, 4.09375, 2.265625, 3.046875, 2.978515625, 2.6328125, 0.3017578125, 4.29296875, 2.583984375, 8.9453125, 1.46875, 0.189453125, 7.23828125, 5.03515625, 2.826171875, 6.89453125, 5.984375, 3.42578125, 7.2421875, 2.22265625, 8.2265625, 4.3359375, 4.2890625, 4.67578125, 0.01470947265625, 6.2109375, 4.49609375, 1.955078125, 8.671875, 1.501953125, 1.7783203125, 3.275390625, 3.357421875, 2.3203125, 3.828125, 3.3125, 5.140625, 0.05474853515625, 0.087646484375, 1.83984375, 1.529296875, 1.9794921875, 5.0390625, 0.609375, 1.1279296875, 1.09375, 5.6171875, 0.2333984375, 3.740234375, 3.01953125, 0.92431640625, 8.6484375, 0.261474609375, 6.2265625, 2.2890625, 3.69140625, 3.072265625, 0.51611328125, 2.73828125, 10.2734375, 0.1593017578125, 5.1953125, 3.435546875, 1.3310546875, 0.265380859375, 2.91015625, 2.4609375, 4.859375, 0.634765625, 6.5390625, 0.280517578125, 1.3125, 0.76025390625, 2.37890625, 7.9296875, 0.013153076171875, 4.2890625, 0.70751953125, 0.1002197265625, 1.0322265625, 3.41015625, 5.91015625, 1.390625, 2.68359375, 4.2890625, 3.087890625, 0.89794921875, 8.328125, 0.27685546875, 3.3515625, 0.53662109375, 0.02301025390625, 1.513671875, 0.246337890625, 4.2890625, 7.01171875, 2.3125, 3.8125, 1.134765625, 3.19140625, 2.39453125, 0.382080078125, 1.8349609375, 0.0110321044921875, 3.009765625, 1.701171875, 2.62109375, 0.365966796875, 0.1387939453125, 4.56640625, 4.6328125, 3.83984375, 1.1796875, 1.6337890625, 9.1015625, 4.37890625, 1.3447265625, 0.2235107421875, 1.8837890625, 6.13671875, 9.0, 0.44580078125, 5.828125, 1.75390625, 12.421875, 0.06011962890625, 1.4599609375, 7.1484375, 4.90625, 6.52734375, 0.387451171875, 0.389404296875, 1.3642578125, 8.3125, 3.080078125, 0.400146484375, 4.50390625, 3.240234375, 6.91015625, 5.03125, 10.421875, 3.951171875, 3.837890625, 9.46875, 4.90625, 4.828125, 2.025390625, 3.2421875, 7.640625, 0.394775390625, 6.5625, 4.0390625, 1.611328125, 5.6875, 2.46484375, 0.52392578125, 6.3203125, 2.216796875, 4.140625, 4.8671875, 7.73828125, 0.6845703125, 3.3359375]",-1.2535990752629784
348,0,test,3.8388654896122243,1.7028324061589015,2.3531565899666305,6.222474780547919,2.7601466452771732,3.814266890926303,46.47272073621176,38.00693288004577,42.054624446409065,75.32833165085306,61.60600885131602,68.1669729588853,3.9498997022159137,1.7168725876106672,2.388939377955565,6.402451804898997,2.782904586453892,3.872267749888759,51.93015809383915,42.60209760158996,47.166764642159876,84.17437390373927,69.05438042610659,76.45331785134411,3.8388654896122243,1.7028324061589015,2.3531565899666305,6.222474780547919,2.7601466452771732,3.814266890926303,46.47272073621176,38.00693288004577,42.054624446409065,75.32833165085306,61.60600885131602,68.1669729588853,0.7688442211055276,-0.006155778894472386,-0.006155778894472386,0.6381909547738693,-0.0018090452261306789,-0.0018090452261306789,0.5226130653266332,-0.012386934673366712,-0.007386934673366818,0.42914979757085026,0.09783666625771892,0.1707379536946726,0.3902439024390244,0.4321608040201005,0.09632120502260677,0.15837115460440765,0.38888888888888884,0.42914979757085026,0.09783666625771892,0.1707379536946726,0.3902439024390244,21.0,4.0,3.0,32.0,3.0,3.0,38.0,2.0,1.0,-0.0008063146988080388,-0.0001347857490237454,-0.00029470421050239776,2.39265858157367e-05,9.583520108336074e-05,0.00011149550017286458,"[3.0625, 9.453125, 2.48046875, 1.494140625, 0.81689453125, 5.97265625, 3.80078125, 11.15625, 3.572265625, 0.07501220703125, 12.0234375, 6.66015625, 9.4765625, 3.46484375, 0.65478515625, 9.75, 4.78125, 13.75, 0.5771484375, 2.099609375, 11.046875, 2.25390625, 4.65625, 11.109375, 3.5703125, 3.115234375, 8.28125, 5.87109375, 8.1484375, 2.548828125, 2.27734375, 7.44140625, 9.9140625, 4.6796875, 2.435546875, 5.1484375, 0.288330078125, 0.646484375, 2.7578125, 5.4453125, 1.5322265625, 3.50390625, 2.8984375, 8.4375, 6.80859375, 0.7646484375, 0.88232421875, 7.48828125, 4.0, 9.515625, 0.96630859375, 3.810546875, 4.21875, 2.228515625, 2.724609375, 0.1552734375, 0.70703125, 4.4765625, 5.34765625, 2.29296875, 10.734375, 2.884765625, 1.109375, 3.322265625, 0.018310546875, 1.1845703125, 1.197265625, 8.0078125, 0.2318115234375, 1.5048828125, 0.4921875, 1.568359375, 0.681640625, 1.732421875, 5.66796875, 1.0126953125, 5.8828125, 1.1083984375, 4.8046875, 2.27734375, 5.3828125, 2.677734375, 5.83203125, 0.0035877227783203125, 5.63671875, 0.186767578125, 0.09503173828125, 7.078125, 3.0390625, 0.355224609375, 0.7978515625, 1.8212890625, 4.0, 7.60546875, 12.2734375, 0.619140625, 0.51025390625, 5.0, 0.2459716796875, 4.41015625, 6.8359375, 2.533203125, 2.00390625, 3.02734375, 5.7890625, 0.93310546875, 8.1875, 2.58984375, 1.7412109375, 6.703125, 5.29296875, 3.240234375, 8.6640625, 6.4296875, 7.2890625, 4.171875, 3.087890625, 7.9765625, 4.20703125, 0.05224609375, 8.21875, 1.4951171875, 1.2431640625, 5.55859375, 4.59375, 2.841796875, 5.38671875, 1.984375, 2.3125, 7.3984375, 5.37109375, 0.04241943359375, 0.2252197265625, 7.21484375, 15.3203125, 6.80078125, 6.5546875, 2.119140625, 1.712890625, 6.29296875, 16.875, 3.5546875, 3.095703125, 5.7109375, 3.83203125, 0.10858154296875, 7.4140625, 3.171875, 9.671875, 1.3740234375, 10.09375, 8.9375, 2.587890625, 1.8359375, 9.375, 9.359375, 5.35546875, 5.90625, 5.65625, 3.751953125, 0.005901336669921875, 0.050689697265625, 0.0006008148193359375, 0.007053375244140625, 0.0020275115966796875, 1.8720703125, 0.0018405914306640625, 0.004669189453125, 7.06640625, 4.03515625, 1.8564453125, 5.40625, 4.0625, 3.83984375, 1.6982421875, 0.00913238525390625, 0.003391265869140625, 5.7890625, 6.16015625, 0.0202484130859375, 0.207275390625, 1.25390625, 1.06640625, 0.0011730194091796875, 0.5791015625, 7.08203125, 0.6884765625, 1.5615234375, 1.65625, 5.87890625, 2.013671875, 2.806640625, 1.654296875, 3.048828125, 0.30224609375, 0.189697265625, 4.203125, 2.453125, 5.07421875, 0.95458984375, 0.83544921875, 0.0186920166015625, 0.00042438507080078125, 0.00229644775390625, 0.0002377033233642578, 4.55078125, 6.79296875, 0.2459716796875, 2.060546875, 2.36328125, 0.6025390625, 1.6181640625, 5.92578125, 4.09765625, 3.255859375, 0.486572265625, 0.97314453125, 2.75, 0.546875, 4.75390625, 0.427978515625, 1.5205078125, 7.265625, 5.203125, 1.5419921875, 5.13671875, 0.63916015625, 9.1875, 6.13671875, 8.9140625, 0.08380126953125, 1.455078125, 6.91015625, 0.1107177734375, 8.8046875, 9.578125, 4.46484375, 2.400390625, 4.46484375, 3.087890625, 7.86328125, 0.331787109375, 5.328125, 1.4736328125, 7.421875, 2.0078125, 6.3671875]",-0.9068501285213206
290,0,test,3.4759622546997697,1.542488752532802,2.050450996028176,5.564588697216736,2.4693350643617222,3.2825202348696676,32.328922231540204,25.41543965132295,28.168938104412486,51.754634274176205,40.6869976874249,45.095010561888415,3.829042124388805,1.725363954982956,2.3806372834752456,6.129826207903131,2.7620958051262234,3.811107931879231,46.01843717728559,37.822175400821884,41.76211758703824,73.66986653381247,60.54865798815785,66.85602157574105,3.567638026033357,1.640729609213665,2.2419666381742287,5.711350348693752,2.6266066112411743,3.589113258480674,35.43280287739861,28.564559239125558,31.668090788713315,56.72356600987058,45.72835141351241,50.69672428894895,0.7537688442211055,-0.0012311557788945438,-0.011231155778894553,0.6532663316582914,0.023266331658291395,0.0282663316582914,0.5226130653266332,-0.002386934673366814,0.0026130653266331905,0.41758241758241754,0.09796650537391272,0.15756286724028656,0.4104683195592287,0.44723618090452266,0.1189153788995101,0.19014102230685992,0.4494949494949495,0.4180602006688964,0.10086487512632547,0.17223150211494753,0.4161073825503355,21.0,2.0,3.0,34.0,2.0,2.0,44.0,5.0,4.0,0.00035150847490853887,-0.0003245916495108247,-0.00012754897224740135,0.002087409673024787,0.0036444620763109725,0.004079613729312648,"[3.056640625, 9.4453125, 2.4296875, 1.0791015625, 0.80224609375, 3.9921875, 2.6015625, 6.08203125, 8.53125, 5.7421875, 4.1171875, 1.365234375, 7.50390625, 1.15625, 2.091796875, 2.716796875, 2.1875, 12.5546875, 0.4267578125, 1.67578125, 7.28515625, 2.607421875, 1.3740234375, 2.791015625, 1.830078125, 6.671875, 4.625, 0.8876953125, 1.1953125, 0.7421875, 2.169921875, 3.84765625, 1.384765625, 0.11187744140625, 5.66796875, 12.515625, 3.220703125, 1.4697265625, 5.35546875, 0.01044464111328125, 0.13623046875, 1.1923828125, 1.8271484375, 0.320068359375, 9.4453125, 1.9560546875, 6.10546875, 0.0016145706176757812, 2.228515625, 0.002227783203125, 7.03125, 2.654296875, 3.3359375, 5.62890625, 6.17578125, 1.1396484375, 6.140625, 0.055511474609375, 5.424022674560547e-05, 3.068359375, 1.623046875, 6.640625, 0.693359375, 8.546875, 0.64892578125, 5.0, 1.3369140625, 7.21484375, 0.0909423828125, 13.421875, 4.24609375, 4.4375, 9.171875, 4.06640625, 1.3642578125, 5.66015625, 0.00201416015625, 0.0025424957275390625, 1.3583984375, 5.78515625, 2.328125, 3.12109375, 5.08203125, 3.921875, 3.78515625, 3.14453125, 5.265625, 7.37109375, 6.05859375, 1.021484375, 5.48046875, 0.18017578125, 2.49609375, 10.8828125, 2.125, 0.552734375, 0.427001953125, 6.99609375, 5.2578125, 5.3984375, 8.890625, 0.1329345703125, 4.84765625, 4.5390625, 7.3203125, 7.9921875, 0.01021575927734375, 0.58349609375, 0.047515869140625, 0.0286712646484375, 2.0390625, 2.2265625, 7.0625, 4.46484375, 6.375, 0.1953125, 6.7421875, 3.09765625, 6.53125, 1.3427734375, 0.013824462890625, 0.1317138671875, 12.015625, 4.17578125, 3.41015625, 12.9921875, 0.99169921875, 5.71875, 0.013336181640625, 0.2313232421875, 0.262451171875, 0.044921875, 1.7880859375, 4.1875, 1.9091796875, 0.1424560546875, 2.921875, 6.00390625, 1.0322265625, 1.15625, 11.5546875, 0.490966796875, 5.02734375, 0.033935546875, 0.132080078125, 5.12890625, 1.2216796875, 0.471435546875, 1.0078125, 2.787109375, 3.94921875, 8.6171875, 5.53515625, 3.451171875, 2.34765625, 8.0703125, 0.0034198760986328125, 3.283203125, 4.46484375, 4.546875, 8.4765625, 4.25390625, 3.93359375, 0.012420654296875, 0.1300048828125, 0.0004987716674804688, 0.0032749176025390625, 0.004070281982421875, 5.65234375, 4.8203125, 3.068359375, 0.11016845703125, 0.1632080078125, 2.896484375, 6.61328125, 7.37890625, 3.8046875, 2.00390625, 12.46875, 1.853515625, 7.3828125, 8.453125, 9.515625, 4.4296875, 4.61328125, 11.4609375, 3.21484375, 0.70556640625, 3.830078125, 7.3515625, 0.41455078125, 9.1484375, 2.32421875, 7.140625, 6.046875, 4.61328125, 9.7734375, 3.677734375, 11.328125, 6.27734375, 1.5517578125, 8.6640625, 3.17578125, 4.0, 2.205078125, 5.2890625, 0.07763671875, 5.4453125, 8.3671875, 2.400390625, 0.85546875, 3.333984375, 9.0546875, 5.91796875, 7.33984375, 4.171875, 2.8671875, 5.66796875, 1.6728515625, 7.0703125, 6.84765625, 6.1953125, 0.243896484375, 2.255859375, 1.2138671875, 0.314453125, 2.400390625, 0.004291534423828125, 0.93701171875, 0.004344940185546875, 0.0328369140625, 0.006252288818359375, 0.030181884765625, 7.375, 3.0078125, 6.0546875, 8.21875, 0.207275390625, 0.00023281574249267578, 0.004138946533203125, 0.0007534027099609375, 0.29736328125, 0.0005049705505371094, 0.4658203125, 5.97265625, 0.06866455078125, 0.041534423828125, 5.1484375, 12.40625, 10.84375, 3.576171875, 7.328125, 0.368408203125, 1.8046875, 0.00939178466796875, 0.0019130706787109375, 0.057281494140625, 0.0010509490966796875, 0.7021484375, 0.1689453125, 0.0012941360473632812, 0.00048828125, 0.0010967254638671875, 2.17578125, 6.015625, 0.056671142578125, 4.73828125, 1.96875, 0.326904296875, 1.169921875, 7.875, 2.44140625, 1.6328125, 0.935546875, 5.234375, 0.179931640625, 5.16796875, 7.7265625, 2.94140625, 2.85546875, 1.609375, 2.140625, 3.3828125, 0.0125885009765625, 9.7421875, 3.458984375, 0.5498046875, 10.8515625, 3.93359375, 0.9072265625, 5.91796875, 1.9921875, 6.08203125, 0.9404296875, 0.00243377685546875, 0.324462890625, 6.90625, 0.41064453125, 0.002208709716796875, 2.306640625, 2.34375, 6.015625, 3.119140625, 0.09735107421875, 6.15625, 1.42578125, 0.33154296875, 0.0026035308837890625, 0.00014460086822509766, 0.020294189453125, 5.5703125, 2.158203125, 2.9921875, 7.17578125, 3.681640625, 0.00018930435180664062, 1.36328125, 10.578125, 0.0093536376953125, 0.0640869140625, 3.68359375, 2.525390625, 0.193115234375, 3.20703125, 1.6064453125, 7.93359375, 4.4453125, 6.0390625, 4.26171875, 5.30078125, 0.83349609375, 1.1875, 5.83203125, 9.578125, 7.42578125, 4.4375, 0.2744140625, 0.09197998046875, 5.0859375, 0.007030487060546875, 8.8671875, 3.25390625, 4.6953125, 7.86328125, 0.0311737060546875, 0.564453125, 9.644031524658203e-05, 6.66796875, 7.6640625, 2.822265625, 8.3359375, 0.90185546875, 3.173828125, 0.85498046875, 0.0003440380096435547, 5.1484375, 2.98828125, 7.24609375, 0.05914306640625, 1.482421875, 1.6796875, 2.236328125, 0.00020396709442138672, 1.927734375]",-1.3121336963805525
42,0,test,3.6200911388265222,1.5835737719823846,2.2276821921110126,6.175449589762891,2.7013905522052446,3.800163739483492,37.340970879243116,29.67709866636813,33.31643760790464,63.6993032645912,50.625638901451524,56.83392297819027,4.034992543896239,1.8127430380835774,2.5206114162123736,6.88322257488182,3.09232635908375,4.299866533538755,56.54249865001444,47.31443252653288,51.995892162917485,96.45485063825993,80.71285548643844,88.69887486615336,3.6200911388265222,1.5835737719823846,2.2276821921110126,6.175449589762891,2.7013905522052446,3.800163739483492,37.340970879243116,29.67709866636813,33.31643760790464,63.6993032645912,50.625638901451524,56.83392297819027,0.8542713567839196,0.00927135678391966,-0.0007286432160803491,0.6432160804020101,-0.01678391959798986,0.0032160804020100464,0.5326633165829145,0.002663316582914521,0.01266331658291453,0.40484429065743943,0.08532788305813033,0.14017225383350385,0.36111111111111116,0.39698492462311563,0.061145325625621916,0.1215258261256198,0.398989898989899,0.40484429065743943,0.08532788305813033,0.14017225383350385,0.36111111111111116,23.0,1.0,1.0,35.0,0.0,0.0,41.0,1.0,0.0,-0.001261041044201782,-0.0002431535954373322,-0.00014537921492162285,0.0003149833039568506,-0.00014238108104080993,5.260203672641239e-06,"[3.0625, 9.453125, 2.48046875, 1.494140625, 1.81640625, 7.23046875, 2.130859375, 10.4296875, 6.4921875, 3.841796875, 5.56640625, 2.921875, 2.1953125, 6.7109375, 5.5859375, 1.8408203125, 5.4453125, 1.11328125, 0.38818359375, 7.77734375, 1.2158203125, 1.072265625, 0.295654296875, 6.375, 2.080078125, 2.5234375, 0.1566162109375, 3.732421875, 1.1240234375, 7.33203125, 9.34375, 7.00390625, 10.1953125, 0.79150390625, 5.01171875, 2.9296875, 9.4765625, 0.033843994140625, 0.1375732421875, 3.115234375, 0.62451171875, 3.154296875, 6.02734375, 2.02734375, 0.931640625, 12.1875, 1.28515625, 7.19921875, 0.9814453125, 0.279296875, 4.28125, 8.5078125, 0.02197265625, 2.341796875, 10.96875, 0.64013671875, 2.234375, 8.0234375, 5.53515625, 4.81640625, 3.23046875, 2.326171875, 7.6484375, 3.140625, 3.1875, 3.330078125, 7.6015625, 0.06768798828125, 9.4609375, 2.896484375, 2.890625, 5.0546875, 0.611328125, 3.66796875, 0.48193359375, 3.41796875, 0.83203125, 5.9921875, 8.9375, 6.40234375, 1.6826171875, 3.228515625, 1.623046875, 14.796875, 10.1796875, 2.59765625, 1.58203125, 3.681640625, 1.5732421875, 3.376953125, 1.3828125, 11.140625, 9.296875, 9.2265625, 0.122314453125, 2.619140625, 4.19921875, 3.439453125, 2.66796875, 1.4072265625, 8.4609375, 0.482421875, 3.625, 3.8125, 3.205078125, 1.98046875, 6.36328125, 1.607421875, 2.2890625, 9.296875, 8.4609375, 1.01171875, 0.8095703125, 7.2578125, 4.62890625, 2.419921875, 2.6171875, 2.033203125, 4.88671875, 1.771484375, 2.267578125, 1.9306640625, 3.787109375, 0.1968994140625, 1.630859375, 7.44921875, 0.0292816162109375, 6.79296875, 3.1875, 9.5234375, 2.953125, 10.0390625, 0.87890625, 6.76171875, 6.80859375, 0.95068359375, 0.89990234375, 7.2421875, 6.34375, 2.283203125, 1.8662109375, 4.15625, 3.357421875, 6.890625, 8.1875, 1.3349609375, 1.24609375, 5.48046875, 4.39453125, 5.4765625, 0.331298828125, 0.85986328125, 4.78125, 1.4912109375, 1.9169921875, 8.0703125, 7.57421875, 3.337890625, 2.513671875, 1.7724609375, 3.103515625, 4.875, 0.15234375, 5.07421875, 6.83984375, 5.1015625, 2.943359375, 10.0625, 1.4541015625, 0.986328125, 1.01953125, 6.7109375, 6.86328125, 2.6015625, 6.1953125, 3.3046875, 5.79296875, 5.171875, 1.7578125, 8.578125, 5.7109375, 1.2470703125, 5.39453125, 1.6015625, 0.001354217529296875, 2.962890625, 11.625, 1.7001953125, 1.8564453125, 6.84765625, 2.744140625, 0.54541015625, 2.884765625, 5.671875, 2.8125, 1.833984375, 5.4296875, 0.09033203125, 0.82958984375, 3.65234375, 4.0078125, 2.064453125, 8.078125, 4.2578125, 3.04296875, 3.728515625, 0.003185272216796875, 7.61328125, 5.98828125, 3.6015625, 0.004596710205078125, 0.053680419921875, 0.00039887428283691406, 0.00527191162109375, 0.0038909912109375, 9.34375, 1.1435546875, 9.109375, 2.6640625, 0.2447509765625, 0.1688232421875, 1.1357421875, 3.017578125, 2.0234375, 3.796875, 0.357421875, 3.82421875, 6.41796875, 4.5859375, 4.4140625, 0.85498046875, 0.001155853271484375, 3.201171875, 0.002593994140625, 0.0069122314453125, 0.00505828857421875, 0.024505615234375, 2.986328125, 3.48046875, 0.4521484375, 0.002002716064453125, 0.01140594482421875, 0.0004911422729492188, 6.26171875, 0.0711669921875, 0.256591796875, 0.82666015625, 0.36181640625, 0.00299835205078125, 0.0005173683166503906, 0.0003695487976074219, 5.484375, 5.46484375, 5.96484375, 0.826171875, 8.234375, 0.0256195068359375, 10.1171875, 3.580078125, 6.04296875, 4.5859375, 10.25, 2.48828125, 1.2763671875, 6.63671875, 1.5, 0.0009622573852539062, 8.734375, 2.0859375, 0.1287841796875, 1.44921875, 0.123291015625, 0.031463623046875, 2.1484375, 0.7958984375, 8.0390625, 4.62890625, 4.79296875, 0.72900390625, 0.0037288665771484375, 6.76171875, 0.98046875, 0.454345703125, 0.06536865234375, 7.95703125, 0.55126953125, 0.607421875, 5.2734375, 0.82958984375]",-1.1660082950724036
244,0,test,3.4154528260705956,1.5504099748955567,2.1234446525259205,6.282438774961972,2.851849004917374,3.9058981929673866,30.430726134244548,23.974513597887277,26.79063698265127,55.974766319924285,44.09910530414303,49.279127880497235,3.600953545402642,1.542769843987831,2.187010938901771,6.623651776945006,2.8377956254374705,4.022823040899608,36.63314916561735,28.801417045302603,32.52101314520069,67.3836028447852,52.977789017636916,59.81967381452974,3.4154528260705956,1.5504099748955567,2.1234446525259205,6.282438774961972,2.851849004917374,3.9058981929673866,30.430726134244548,23.974513597887277,26.79063698265127,55.974766319924285,44.09910530414303,49.279127880497235,0.7085427135678393,-0.021457286432160716,-0.021457286432160716,0.6080402010050252,0.008040201005025227,-0.001959798994974782,0.5025125628140703,0.007512562814070312,-0.0024874371859296973,0.43027888446215135,0.12809200573451718,0.1931927917469196,0.43200000000000005,0.44723618090452266,0.1239279102278309,0.19014102230685992,0.46464646464646464,0.43027888446215135,0.12809200573451718,0.1931927917469196,0.43200000000000005,22.0,7.0,8.0,30.0,4.0,4.0,43.0,9.0,10.0,-0.000174609066833064,-0.0003015079029093694,-5.267220516091367e-05,5.164627325804361e-05,0.00011782167916685182,-0.0001279129611404528,"[3.0625, 9.453125, 2.48046875, 1.494140625, 3.81640625, 6.921875, 2.2265625, 0.293701171875, 0.9306640625, 4.79296875, 0.10064697265625, 6.75, 8.1953125, 2.9921875, 5.05859375, 0.35400390625, 0.02728271484375, 1.5283203125, 0.46240234375, 3.09765625, 0.51708984375, 0.88916015625, 8.8515625, 5.0859375, 4.26953125, 2.65625, 5.34765625, 3.1640625, 5.42578125, 8.5859375, 5.703125, 7.40234375, 1.2138671875, 1.5576171875, 1.0986328125, 2.974609375, 0.9345703125, 2.169921875, 0.07122802734375, 0.91455078125, 3.857421875, 1.806640625, 0.140625, 0.293212890625, 2.052734375, 2.1875, 3.775390625, 11.4296875, 2.03125, 0.2469482421875, 0.2215576171875, 4.66796875, 2.580078125, 1.603515625, 0.83349609375, 0.0018405914306640625, 0.00885772705078125, 2.103515625, 5.83203125, 4.890625, 1.8564453125, 4.8671875, 1.9912109375, 0.6669921875, 0.210205078125, 9.328125, 0.14208984375, 0.36865234375, 0.61962890625, 2.615234375, 1.83203125, 4.4140625, 0.004970550537109375, 7.1015625, 4.34375, 7.56640625, 0.53564453125, 0.57470703125, 5.0390625, 0.062469482421875, 2.283203125, 4.34765625, 9.6953125, 9.828125, 1.41015625, 0.0112762451171875, 11.046875, 1.2626953125, 3.03515625, 3.359375, 8.609375, 2.232421875, 7.33203125, 3.294921875, 6.0078125, 7.5, 5.94921875, 12.09375, 4.65234375, 6.08203125, 1.9423828125, 4.81640625, 0.37158203125, 3.703125, 0.046356201171875, 2.306640625, 5.3671875, 3.115234375, 7.15234375, 7.296875, 0.515625, 7.1328125, 5.41015625, 0.88037109375, 9.6484375, 0.07470703125, 1.634765625, 10.046875, 4.23828125, 0.017181396484375, 0.295654296875, 6.12109375, 6.65234375, 4.6875, 6.8125, 3.603515625, 1.279296875, 7.32421875, 0.054351806640625, 0.71630859375, 7.7734375, 1.458984375, 4.69140625, 3.80078125, 7.69921875, 0.29052734375, 1.0244140625, 2.90625, 0.0474853515625, 0.9072265625, 3.591796875, 0.01265716552734375, 0.28076171875, 5.8203125, 7.6796875, 0.410400390625, 0.5615234375, 7.640625, 7.89453125, 0.2322998046875, 2.56640625, 0.986328125, 13.0546875, 2.634765625, 1.0693359375, 4.21484375, 7.4140625, 7.0625, 1.90625, 9.4609375, 1.23046875, 2.0703125, 4.78125, 4.3515625, 2.21875, 9.453125, 8.9375, 0.80712890625, 4.1640625, 5.27734375, 4.62890625, 4.78125, 0.375, 1.8125, 5.1875, 1.9638671875, 2.271484375, 4.49609375, 6.07421875, 0.99755859375, 4.7109375, 1.318359375, 13.703125, 0.305419921875, 4.05078125, 2.3671875, 7.36328125, 0.7353515625, 0.470947265625, 8.2265625, 3.548828125, 4.62109375, 4.18359375, 0.463134765625, 0.82177734375, 0.468505859375, 2.3359375, 7.05078125, 4.20703125, 5.45703125, 0.56005859375, 0.263427734375, 4.3828125, 0.919921875, 2.162109375, 0.1312255859375, 0.00032520294189453125, 0.0011272430419921875, 1.1640625, 0.744140625, 4.62109375, 0.433349609375, 9.3046875, 0.39697265625, 4.546875, 7.296875, 2.328125, 0.47802734375, 5.6953125, 2.578125, 0.93017578125, 5.35546875, 4.77734375, 0.0047454833984375, 0.1370849609375, 0.000400543212890625, 0.0036220550537109375, 0.00250244140625, 5.609375, 7.359375, 8.859375, 8.421875, 5.35546875, 12.8671875, 8.4296875, 0.1005859375, 2.173828125, 0.0013399124145507812, 4.9375, 0.07611083984375, 1.3603515625, 0.2056884765625, 0.88525390625, 0.05145263671875, 0.0006356239318847656, 0.0015192031860351562, 0.439208984375, 0.3984375, 0.430908203125, 0.06939697265625, 1.7646484375]",-0.6995040297033301
126,0,test,3.412108055085737,1.4339417277811501,1.9978562243601936,5.459372888137179,2.2943067644498405,3.19656995897631,30.329112356563765,23.09963802255505,26.215704567453738,48.526579770502025,36.959420836088086,41.94512730792598,3.49665961193679,1.4628109767006663,2.064769121280684,5.594655379098864,2.3404975627210662,3.303630594049094,33.005018047008754,25.36157138486884,28.81841159135942,52.808028875214006,40.57851421579014,46.10945854617508,3.412108055085737,1.4339417277811501,1.9978562243601936,5.459372888137179,2.2943067644498405,3.19656995897631,30.329112356563765,23.09963802255505,26.215704567453738,48.526579770502025,36.959420836088086,41.94512730792598,0.7587939698492463,-0.001206030150753712,-0.006206030150753716,0.6331658291457287,-0.0018341708542712887,0.013165829145728725,0.5125628140703518,0.007562814070351753,0.007562814070351753,0.43726235741444863,0.09950144659850935,0.16671874173808965,0.41984732824427484,0.4522613065326633,0.10639664487852796,0.18514945344418243,0.4292929292929293,0.43726235741444863,0.09950144659850935,0.16671874173808965,0.41984732824427484,26.0,5.0,6.0,37.0,2.0,3.0,47.0,6.0,8.0,-0.0005008699257643575,-0.0004579143182064804,-4.867044248214516e-05,0.004810334377146397,0.0054282742818401175,0.0041023422082506755,"[3.0625, 9.453125, 2.48046875, 1.494140625, 0.81689453125, 3.970703125, 1.2880859375, 4.08203125, 3.775390625, 1.0234375, 3.39453125, 8.0546875, 7.30078125, 0.21484375, 7.84375, 6.78515625, 5.5859375, 2.30078125, 8.828125, 0.025665283203125, 7.16796875, 4.41796875, 7.875, 6.0, 0.73193359375, 4.24609375, 3.912109375, 9.515625, 0.0156707763671875, 0.039459228515625, 1.994140625, 1.1298828125, 0.43896484375, 3.388671875, 4.7421875, 6.61328125, 1.751953125, 5.11328125, 1.5654296875, 5.05078125, 5.30859375, 2.7265625, 3.640625, 5.078125, 0.01288604736328125, 2.171875, 3.265625, 0.003963470458984375, 1.3798828125, 5.95703125, 5.1484375, 3.55859375, 0.73974609375, 2.935546875, 5.10546875, 7.921875, 7.890625, 1.0576171875, 0.74755859375, 0.1859130859375, 3.32421875, 0.358154296875, 7.24609375, 5.38671875, 0.64990234375, 2.30859375, 3.8203125, 0.355224609375, 7.8984375, 2.173828125, 2.173828125, 0.0018033981323242188, 5.609375, 3.580078125, 1.76171875, 1.619140625, 4.47265625, 6.03125, 0.60888671875, 3.818359375, 2.392578125, 4.53125, 6.453125, 4.0703125, 1.962890625, 11.359375, 5.94921875, 0.254638671875, 6.68359375, 0.7685546875, 0.99609375, 7.91015625, 2.71484375, 2.70703125, 0.78466796875, 1.443359375, 3.087890625, 6.81640625, 4.91015625, 4.375, 4.35546875, 1.173828125, 0.0892333984375, 0.798828125, 6.83984375, 0.908203125, 2.267578125, 1.8134765625, 0.09039306640625, 4.69140625, 5.15234375, 6.46875, 5.51171875, 4.578125, 0.07177734375, 4.73828125, 10.1796875, 0.658203125, 3.376953125, 2.3515625, 7.66796875, 5.01171875, 0.1495361328125, 2.25390625, 5.9453125, 0.429931640625, 1.388671875, 0.004901885986328125, 0.5126953125, 1.654296875, 4.69921875, 1.7724609375, 3.048828125, 5.9609375, 0.58837890625, 6.984375, 2.482421875, 2.03515625, 2.259765625, 5.80859375, 5.65234375, 0.01145172119140625, 2.509765625, 7.53125, 1.291015625, 2.103515625, 8.890625, 1.171875, 5.640625, 0.0572509765625, 10.109375, 8.34375, 3.619140625, 11.8828125, 5.6171875, 1.146484375, 6.3984375, 8.734375, 0.3837890625, 1.2744140625, 3.64453125, 3.818359375, 3.98046875, 5.71484375, 1.419921875, 8.0859375, 9.234375, 6.2421875, 2.951171875, 8.28125, 4.24609375, 2.2890625, 2.056640625, 5.68359375, 4.7109375, 2.26171875, 6.7265625, 5.6796875, 1.9599609375, 0.00543975830078125, 2.1328125, 0.005916595458984375, 1.6435546875, 3.333984375, 0.006237030029296875, 1.9482421875, 0.133056640625, 0.2130126953125, 1.275390625, 0.057037353515625, 5.703125, 0.0833740234375, 2.283203125, 0.26806640625, 0.006580352783203125, 0.0031757354736328125, 0.00039267539978027344, 0.004993438720703125, 0.06854248046875, 0.7890625, 7.41015625, 4.0390625, 16.21875, 4.9921875, 2.396484375, 9.1171875, 1.8896484375, 0.0162811279296875, 11.1015625, 7.28125, 0.487548828125, 7.74609375, 3.8671875, 6.02734375, 0.77783203125, 2.5390625, 5.72265625, 2.8046875, 5.03125, 6.23046875, 0.446533203125, 0.0015125274658203125, 0.173583984375, 0.0003426074981689453, 11.4609375, 0.2078857421875, 4.16015625, 3.384765625, 1.5732421875, 1.2431640625, 2.328125, 2.603515625, 5.140625, 0.024688720703125, 0.0020275115966796875, 0.00217437744140625, 0.00012922286987304688, 0.6064453125, 0.164306640625, 0.004093170166015625, 0.0003731250762939453, 0.00023794174194335938, 4.5703125, 1.076171875, 0.318603515625, 2.734375, 2.099609375, 1.095703125, 3.6875, 5.890625, 2.775390625, 0.46142578125, 2.572265625, 3.890625, 3.69921875, 9.40625, 2.537109375, 5.08203125, 0.0019550323486328125, 7.46484375, 0.00028777122497558594, 0.0079193115234375, 4.9921875]",-1.077456840544146
366,0,test,3.3077075606023807,1.530260038190205,2.083691057602066,5.474826307203941,2.5328442011424084,3.4488679574103163,27.322418634636623,21.407678741149986,23.921598893146612,45.22331360215717,35.43339929569653,39.59437058175991,3.13561954570176,1.3547213750393556,1.893635239428403,5.189990972196017,2.2422974483410028,3.134292810088392,23.00288276541443,17.067697931200748,19.540405497483654,38.073736991030785,28.249982782677105,32.34274013376606,3.286383855218256,1.514333819078146,2.051888174667821,5.4395318982922864,2.506483562612104,3.396228702898463,26.74597126859703,20.86307010065027,23.30932635187302,44.26919382388474,34.53197809762803,38.58095396172086,0.6984924623115578,0.0034924623115577536,-0.006507537688442255,0.5577889447236181,-0.00221105527638199,0.007788944723618019,0.40703517587939697,-0.00296482412060306,0.007035175879396949,0.4006968641114983,0.08243599454628092,0.1480896798704786,0.42307692307692313,0.40201005025125625,0.08622057656704574,0.1532621370626085,0.4040404040404041,0.39372822299651566,0.07546735343129829,0.1469147815133175,0.41608391608391604,22.0,8.0,9.0,31.0,9.0,9.0,40.0,11.0,11.0,0.00033123723869169766,0.00023060746776604074,7.868483001234462e-05,0.00030112346023614123,-0.00015012813114179124,-1.7489102663859057e-06,"[3.056640625, 6.44140625, 0.03302001953125, 0.005214691162109375, 0.009490966796875, 1.6259765625, 0.047332763671875, 0.003810882568359375, 6.4375, 2.32421875, 6.09375, 1.7548828125, 4.5234375, 2.126953125, 1.728515625, 1.3564453125, 4.953125, 1.4931640625, 13.2890625, 6.57421875, 0.75537109375, 0.724609375, 2.1953125, 0.1300048828125, 0.8544921875, 3.736328125, 4.75390625, 6.64453125, 5.44140625, 1.166015625, 0.27001953125, 4.04296875, 4.37890625, 0.2568359375, 0.003040313720703125, 3.45703125, 0.0924072265625, 0.0205535888671875, 2.470703125, 0.005218505859375, 3.115234375, 0.0026683807373046875, 0.1519775390625, 0.01056671142578125, 0.0159912109375, 7.9921875, 5.47265625, 1.21484375, 0.00495147705078125, 0.040496826171875, 0.003681182861328125, 0.12322998046875, 0.00015854835510253906, 10.59375, 0.1934814453125, 8.34375, 1.7392578125, 5.76953125, 12.6015625, 3.615234375, 10.96875, 0.953125, 0.0008063316345214844, 0.01058197021484375, 0.0001327991485595703, 7.859375, 4.76171875, 5.99609375, 2.0546875, 3.13671875, 8.921875, 6.6484375, 5.2109375, 3.359375, 10.7109375, 7.53515625, 0.5673828125, 0.81005859375, 2.044921875, 2.189453125, 7.2734375, 3.638671875, 3.9375, 0.5576171875, 3.212890625, 0.822265625, 5.98828125, 2.099609375, 0.205322265625, 6.21875, 6.125, 0.8349609375, 4.640625, 3.400390625, 2.58203125, 3.0078125, 0.020660400390625, 6.76171875, 3.224609375, 7.53125, 0.08673095703125, 3.17578125, 2.154296875, 1.744140625, 3.8125, 0.25390625, 2.685546875, 2.646484375, 1.4072265625, 7.55078125, 7.75390625, 2.080078125, 1.8759765625, 6.76953125, 2.62890625, 2.46484375, 4.2109375, 4.00390625, 0.08575439453125, 2.30859375, 5.85546875, 1.7958984375, 1.0458984375, 3.880859375, 0.93798828125, 2.341796875, 1.4052734375, 1.333984375, 0.361572265625, 0.497314453125, 2.056640625, 5.60546875, 8.2890625, 2.365234375, 0.01392364501953125, 6.19140625, 1.56640625, 3.693359375, 7.03515625, 6.25, 1.2998046875, 3.275390625, 3.3515625, 0.68310546875, 1.8935546875, 2.095703125, 0.19580078125, 0.7001953125, 0.91796875, 1.7421875, 3.685546875, 1.0322265625, 10.0, 1.8603515625, 3.666015625, 9.25, 0.384765625, 0.398681640625, 5.0546875, 0.2098388671875, 2.181640625, 1.37109375, 2.673828125, 3.0546875, 9.9375, 3.9296875, 5.37109375, 1.6181640625, 11.515625, 1.1767578125, 0.10711669921875, 5.84375, 4.4921875, 2.037109375, 2.166015625, 0.166259765625, 0.054718017578125, 0.345947265625, 0.43505859375, 0.5478515625, 0.1954345703125, 7.1328125, 0.353515625, 0.84130859375, 2.435546875, 0.63427734375, 5.83984375, 5.5625, 1.44921875, 0.79052734375, 0.0162353515625, 10.1015625, 4.6640625, 5.171875, 1.0986328125, 2.40625, 4.54296875, 0.99365234375, 13.53125, 0.17822265625, 15.9296875, 6.375, 7.8828125, 11.40625, 4.34765625, 0.077392578125, 0.29736328125, 5.91015625, 4.59765625, 0.02496337890625, 7.16015625, 7.375, 0.247802734375, 7.72265625, 0.046173095703125, 5.73828125, 4.921875, 2.123046875, 2.14453125, 3.982421875, 0.12176513671875, 1.513671875, 5.265625, 4.1171875, 2.498046875, 0.172607421875, 0.3779296875, 10.46875, 2.990234375, 6.00390625, 10.5546875, 2.001953125, 3.90625, 6.1328125, 0.1514892578125, 6.859375, 2.66796875, 9.421875, 0.04351806640625, 2.13671875, 2.517578125, 6.9296875, 3.525390625, 0.0169830322265625, 1.2958984375, 0.451416015625, 2.69921875, 0.9248046875, 1.154296875, 5.68359375, 2.44140625, 5.69140625, 4.68359375, 3.16796875, 1.115234375, 3.662109375, 5.27734375, 7.3359375, 2.720703125, 1.580078125, 1.8203125, 4.87890625, 3.06640625, 0.7158203125, 5.76171875, 12.4921875, 5.5859375, 3.673828125, 1.986328125, 5.01171875, 0.87890625, 0.5078125, 1.3955078125, 1.3642578125, 5.09375, 2.310546875, 0.09173583984375, 0.183837890625, 1.2900390625, 8.6484375, 0.297607421875, 2.626953125, 0.251953125, 0.71484375, 4.03515625, 12.328125, 0.71484375]",-1.322808491643713
208,0,test,3.636283684248305,1.7108563873098592,2.277591111052393,5.976299573648834,2.8118241550694445,3.743263168627776,37.950538150248555,31.092459674407017,34.059435507452854,62.372412237677025,51.1010332611782,55.97731298678595,4.00457011275555,1.8313712475844857,2.5330970694841333,6.581585139019539,3.009892559687465,4.163191942902164,54.84824077119482,46.06189530224386,50.49259429764594,90.14409941562111,75.70357792729894,82.98551377622366,3.626240235507289,1.7002358571614364,2.3218037113728323,5.959792979653184,2.794369117094028,3.8159273960062756,37.57129152556599,30.709254237977042,33.885679770344886,61.749113386925586,50.47122803000857,55.691742215150164,0.778894472361809,0.008894472361808958,0.013894472361808963,0.6180904522613065,-0.016909547738693465,-0.006909547738693456,0.5226130653266332,0.0026130653266331905,-0.002386934673366814,0.42937853107344637,0.11767190201843936,0.1771791175837103,0.40793201133144474,0.4522613065326633,0.1389780985126131,0.20518284242581852,0.43939393939393945,0.4247491638795987,0.1159010837460428,0.18003281237793023,0.3993288590604027,25.0,3.0,3.0,35.0,4.0,3.0,45.0,2.0,3.0,-0.0005829123909385822,-0.0003303784123342471,-0.0004470393043207508,-0.0002898441128182938,0.0001093980471917888,-0.00013328373458332265,"[3.056640625, 9.4453125, 2.4296875, 6.078125, 0.78955078125, 0.10418701171875, 1.3271484375, 4.09375, 8.265625, 10.390625, 5.28125, 4.15625, 4.88671875, 0.97119140625, 6.93359375, 5.109375, 0.21630859375, 8.3828125, 0.8896484375, 9.640625, 6.09375, 8.40625, 5.2578125, 2.4609375, 8.84375, 10.1875, 1.451171875, 1.4658203125, 6.37109375, 0.55517578125, 4.125, 7.38671875, 3.013671875, 3.015625, 2.791015625, 3.00390625, 1.0703125, 2.3125, 7.68359375, 13.265625, 1.6474609375, 6.42578125, 5.3984375, 1.705078125, 1.49609375, 8.390625, 2.9921875, 4.5859375, 1.96484375, 6.1640625, 0.634765625, 4.9375, 0.91943359375, 0.93798828125, 1.49609375, 5.03515625, 1.2705078125, 1.5771484375, 5.578125, 5.6796875, 2.96875, 7.39453125, 3.533203125, 8.078125, 1.490234375, 3.677734375, 0.341064453125, 5.15625, 0.50048828125, 0.1732177734375, 0.1070556640625, 1.720703125, 7.09765625, 4.59375, 3.533203125, 10.8046875, 0.69189453125, 2.490234375, 7.328125, 1.2138671875, 6.35546875, 1.6787109375, 1.4765625, 5.04296875, 5.8671875, 0.03424072265625, 1.1376953125, 11.7890625, 1.359375, 5.6953125, 4.296875, 0.7744140625, 5.48046875, 1.5146484375, 12.9375, 2.27734375, 6.23828125, 0.5439453125, 0.08203125, 4.48828125, 5.2421875, 3.9296875, 0.118896484375, 2.69140625, 7.34375, 0.853515625, 1.7763671875, 0.0482177734375, 0.580078125, 6.5234375, 1.73046875, 10.40625, 0.9736328125, 2.3359375, 0.25830078125, 8.609375, 0.71875, 0.77783203125, 0.05364990234375, 4.89453125, 1.7919921875, 8.71875, 4.72265625, 1.880859375, 0.283203125, 6.83984375, 3.5703125, 3.318359375, 14.4765625, 0.30322265625, 7.859375, 0.83056640625, 8.59375, 3.818359375, 7.953125, 3.275390625, 12.53125, 5.2109375, 6.53515625, 0.81591796875, 7.63671875, 9.0625, 0.461669921875, 0.60498046875, 7.65625, 9.3125, 0.97900390625, 7.96875, 2.01953125, 10.015625, 7.5546875, 8.2890625, 2.31640625, 5.21484375, 0.017486572265625, 2.1640625, 4.796875, 1.0087890625, 5.3046875, 5.890625, 0.923828125, 4.390625, 2.8828125, 1.634765625, 4.65234375, 6.421875, 1.025390625, 2.3828125, 0.9150390625, 5.46875, 3.2734375, 4.37890625, 5.375, 0.0304718017578125, 5.53125, 4.0390625, 0.1693115234375, 0.194091796875, 2.220703125, 3.26953125, 0.54150390625, 2.3984375, 0.60693359375, 0.53173828125, 4.09765625, 9.671875, 12.6640625, 0.1351318359375, 5.50390625, 1.1865234375, 2.88671875, 1.7861328125, 0.1680908203125, 1.578125, 4.578125, 0.5859375, 10.078125, 4.12890625, 0.002071380615234375, 10.6640625, 2.724609375, 2.7421875, 6.21875, 5.35546875, 4.9140625, 5.375, 2.81640625, 3.162109375, 6.12109375, 4.87109375, 2.830078125, 0.00904083251953125, 5.35546875, 0.51171875, 0.302001953125, 3.4609375, 2.375, 0.386474609375, 1.3662109375, 0.45458984375, 0.0440673828125, 0.90869140625, 1.12890625, 0.52880859375, 5.1015625, 7.53125, 4.5859375, 2.34765625, 6.140625, 2.66015625, 4.55078125, 1.1474609375, 2.22265625, 1.212890625, 8.71875, 2.34375, 0.463134765625, 3.560546875, 7.8359375, 1.8271484375, 3.83203125, 3.580078125, 3.15625, 0.2958984375, 6.66796875, 1.4765625, 1.611328125, 0.038360595703125, 5.3515625, 2.646484375, 0.0504150390625, 0.4169921875, 0.00267791748046875, 2.900390625, 0.60498046875, 0.458984375, 0.537109375, 0.229248046875, 3.17578125, 6.2890625, 1.8251953125, 2.326171875, 0.062164306640625, 5.3671875, 0.292236328125, 0.004665374755859375, 0.1041259765625, 0.0007119178771972656, 3.224609375, 1.455078125, 3.6328125, 7.34375, 0.1416015625, 0.8876953125, 12.03125, 0.01476287841796875, 4.390625, 2.083984375, 4.7265625, 1.6484375, 5.0625, 0.04144287109375, 4.26171875, 9.3046875, 0.0201263427734375, 0.00010478496551513672, 3.4375, 10.1015625, 2.41796875, 1.861328125, 4.68359375, 4.421875, 1.40234375, 2.8125, 1.2666015625, 1.53515625, 0.037261962890625, 5.05859375, 1.724609375, 0.00853729248046875, 0.09295654296875, 0.0026035308837890625, 2.7109375, 0.462646484375, 3.8046875, 9.328125, 8.84375, 5.82421875, 0.0175933837890625, 10.21875, 2.396484375, 2.283203125, 4.27734375, 2.869140625, 4.73828125, 4.03125, 7.4296875, 0.2052001953125, 0.06268310546875, 3.404296875, 4.484375, 7.8203125, 7.59765625, 5.26171875, 2.19921875, 1.3603515625, 0.0210418701171875, 3.08203125, 2.3984375, 7.87890625, 4.4609375, 2.828125, 0.328857421875, 6.7734375, 5.72265625, 0.5576171875, 5.671875, 5.30078125, 0.481201171875, 0.002780914306640625, 4.39453125, 0.002086639404296875, 0.0928955078125, 0.00028896331787109375, 5.25, 0.560546875, 9.5546875, 10.15625, 5.5703125, 1.5888671875, 1.193359375, 3.796875, 4.84375, 5.98828125]",-0.9964191432053084
421,0,test,3.193251680657567,1.4230791983944566,1.9771104472006202,6.386503361315134,2.8461583967889132,3.9542208944012405,24.367534198064043,18.495668131272932,20.99339164580258,48.735068396128085,36.991336262545865,41.98678329160516,3.3520019761281996,1.4658328825348794,2.039009031386911,6.704003952256399,2.931665765069759,4.078018062773822,28.559852592419077,21.96579358281975,24.842569891083922,57.11970518483815,43.9315871656395,49.685139782167845,3.193251680657567,1.4230791983944566,1.9771104472006202,6.386503361315134,2.8461583967889132,3.9542208944012405,24.367534198064043,18.495668131272932,20.99339164580258,48.735068396128085,36.991336262545865,41.98678329160516,0.7185929648241206,0.008592964824120641,-0.02640703517587939,0.6030150753768844,0.008015075376884395,0.0030150753768843908,0.5025125628140703,-0.0024874371859296973,0.002512562814070307,0.4538152610441767,0.13718199451111057,0.21482994729250782,0.4193548387096774,0.4623115577889447,0.14150955277641342,0.21189419551849398,0.43434343434343436,0.4538152610441767,0.13718199451111057,0.21482994729250782,0.4193548387096774,22.0,12.0,11.0,34.0,15.0,15.0,43.0,17.0,16.0,-0.0005115523273719502,-8.882623039156702e-05,-0.0002942052926336374,3.7786429536446065e-05,0.00010682844012599446,-0.00013492207507859177,"[3.0625, 9.453125, 2.48046875, 1.494140625, 0.81689453125, 3.970703125, 12.59375, 0.33740234375, 10.5234375, 4.92578125, 3.75390625, 6.96875, 0.96142578125, 6.078125, 0.0215301513671875, 1.076171875, 9.546875, 5.484375, 0.251220703125, 4.83984375, 0.39013671875, 0.5732421875, 7.73046875, 5.00390625, 5.171875, 3.64453125, 0.69580078125, 2.583984375, 0.7412109375, 11.3046875, 6.79296875, 3.873046875, 3.646484375, 7.32421875, 8.90625, 1.6435546875, 4.625, 6.2265625, 5.40234375, 0.73974609375, 5.37890625, 0.0068511962890625, 0.281494140625, 6.15234375, 6.5390625, 8.1640625, 0.2333984375, 0.020050048828125, 0.90771484375, 0.304931640625, 5.39453125, 2.171875, 1.8935546875, 0.002826690673828125, 0.0108184814453125, 0.460205078125, 2.72265625, 4.50390625, 0.43017578125, 3.787109375, 0.185302734375, 1.0048828125, 5.99609375, 1.287109375, 1.4814453125, 0.033447265625, 0.187744140625, 2.435546875, 6.01171875, 4.85546875, 0.40576171875, 3.791015625, 3.232421875, 8.9765625, 4.8125, 0.314697265625, 9.3828125, 4.04296875, 1.509765625, 4.75, 4.08203125, 1.650390625, 4.4375, 0.430419921875, 0.008270263671875, 0.0028209686279296875, 0.034698486328125, 0.2388916015625, 4.14453125, 3.76171875, 3.279296875, 2.36328125, 1.2236328125, 9.0, 0.360107421875, 4.38671875, 3.736328125, 7.2734375, 3.142578125, 3.947265625, 0.90869140625, 0.58642578125, 6.28125, 4.57421875, 0.5517578125, 7.59375, 1.759765625, 0.822265625, 6.16015625, 1.0703125, 5.546875, 1.296875, 2.447265625, 2.04296875, 2.08203125, 8.015625, 0.343017578125, 5.88671875, 3.92578125, 0.0007772445678710938, 5.44140625, 2.705078125, 1.8896484375, 6.7109375, 2.740234375, 3.626953125, 3.1640625, 10.328125, 3.12890625, 2.798828125, 4.62109375, 0.005252838134765625, 0.278564453125, 2.951171875, 0.0084686279296875, 2.2421875, 5.98828125, 6.0625, 3.783203125, 4.859375, 1.3388671875, 0.9091796875, 2.701171875, 3.6953125, 1.9892578125, 1.99609375, 2.921875, 2.271484375, 1.9697265625, 0.434814453125, 6.31640625, 0.0794677734375, 3.669921875, 4.76953125, 4.31640625, 1.00390625, 3.66796875, 0.3642578125, 1.798828125, 0.1385498046875, 0.91796875, 6.0859375, 5.7578125, 7.046875, 5.24609375, 9.546875, 5.484375, 1.0341796875, 3.65625, 1.990234375, 0.408935546875, 3.6484375, 2.1796875, 0.312255859375, 1.78125, 7.30859375, 3.95703125, 10.96875, 0.17431640625, 5.390625, 0.91357421875, 7.859375, 0.0008187294006347656, 5.82421875, 3.42578125, 3.275390625, 4.6484375, 3.623046875, 0.9658203125, 4.90234375, 0.29736328125, 3.001953125, 1.0517578125, 3.755859375, 0.0196380615234375, 1.185546875, 1.4619140625, 4.71484375, 0.45703125, 0.003490447998046875, 0.0028514862060546875, 0.022857666015625, 0.1751708984375, 8.546875, 0.10687255859375, 0.0133056640625, 3.216796875, 7.6953125, 2.064453125, 0.483154296875, 2.158203125, 0.044830322265625, 5.03125, 3.353515625, 0.595703125, 7.4609375, 0.0183868408203125, 8.234375, 2.45703125, 1.3515625, 3.5625, 3.65234375, 2.447265625, 0.9345703125, 7.5390625, 0.1427001953125, 0.37890625, 8.75, 0.568359375, 5.375, 3.50390625, 10.8671875, 0.99609375, 4.4296875, 1.9365234375, 6.0390625, 0.019683837890625, 0.18212890625, 6.3515625, 0.164306640625, 0.1590576171875, 0.10418701171875, 1.509765625, 0.06646728515625, 5.265625, 1.4091796875, 0.41748046875, 2.193359375, 0.02362060546875]",-0.685564923956691
100,0,test,3.7652548332517646,1.6466394202032744,2.2655364162398715,5.9407354035750055,2.5980310852096102,3.5745130122895743,43.17470680902679,34.85509652354735,38.694279528431316,68.12009296535336,54.99359673715248,61.05097436708051,3.750516139682214,1.5443249638198515,2.216375983893162,5.917481020387493,2.4366016095824325,3.4969487745869885,42.54303448260003,33.46197221256496,37.905698054285374,67.12345440588004,52.79555615760249,59.80676804120581,3.7652548332517646,1.6466394202032744,2.2655364162398715,5.9407354035750055,2.5980310852096102,3.5745130122895743,43.17470680902679,34.85509652354735,38.694279528431316,68.12009296535336,54.99359673715248,61.05097436708051,0.728643216080402,-0.006356783919598041,0.0036432160804019675,0.6180904522613065,-0.006909547738693456,0.008090452261306558,0.49246231155778897,-0.012537688442211037,-0.007537688442211032,0.441696113074205,0.10659911131053657,0.1714258428039347,0.42553191489361697,0.4321608040201005,0.09882747068676712,0.15837115460440765,0.4242424242424242,0.441696113074205,0.10659911131053657,0.1714258428039347,0.42553191489361697,24.0,3.0,3.0,36.0,5.0,5.0,43.0,0.0,0.0,-6.770052812933634e-05,-0.0003206035974389692,-4.28507247037807e-05,0.007394424452654036,0.007830438112498506,0.006373851113711915,"[3.0625, 9.453125, 2.48046875, 1.494140625, 0.81689453125, 2.970703125, 5.14453125, 5.57421875, 1.0166015625, 11.1796875, 0.494384765625, 5.91796875, 0.208251953125, 9.0859375, 1.3984375, 0.07623291015625, 7.1484375, 4.5234375, 2.951171875, 11.5234375, 0.89892578125, 6.90625, 1.958984375, 7.58203125, 9.0234375, 0.5654296875, 3.583984375, 4.6484375, 9.0859375, 4.24609375, 6.5234375, 6.0625, 4.84765625, 4.69921875, 3.4453125, 1.8564453125, 6.34375, 2.8125, 1.10546875, 2.298828125, 12.6171875, 2.9375, 6.78515625, 1.8681640625, 7.20703125, 0.3671875, 4.390625, 4.86328125, 6.78125, 9.4921875, 4.58203125, 4.83203125, 1.119140625, 3.03515625, 9.6328125, 0.728515625, 1.1337890625, 7.3359375, 0.2529296875, 0.2890625, 1.1259765625, 4.75390625, 3.80078125, 0.9345703125, 2.392578125, 5.02734375, 6.3828125, 6.875, 0.833984375, 0.5068359375, 3.51171875, 0.5107421875, 6.92578125, 7.68359375, 3.1875, 0.390380859375, 6.44921875, 2.986328125, 0.444580078125, 6.27734375, 1.8935546875, 6.7734375, 0.26953125, 8.0546875, 1.7451171875, 1.974609375, 5.73828125, 0.1878662109375, 2.388671875, 2.3515625, 9.0859375, 13.3203125, 3.314453125, 1.708984375, 4.58203125, 3.970703125, 6.29296875, 1.6669921875, 1.1162109375, 2.0234375, 3.3828125, 2.078125, 7.40625, 0.388427734375, 4.16796875, 0.07183837890625, 0.432861328125, 6.49609375, 2.9296875, 2.365234375, 0.270751953125, 5.80859375, 2.787109375, 1.625, 6.09375, 1.923828125, 4.3046875, 1.673828125, 1.6923828125, 10.8671875, 2.197265625, 5.28515625, 6.12109375, 8.8828125, 0.052459716796875, 3.20703125, 9.15625, 2.8046875, 0.00600433349609375, 0.2030029296875, 2.60546875, 0.00481414794921875, 0.1385498046875, 0.0003228187561035156, 0.00323486328125, 0.0011568069458007812, 9.6640625, 4.7734375, 7.640625, 9.0, 4.84765625, 5.4609375, 8.921875, 6.09375, 5.21484375, 2.912109375, 4.01953125, 7.09375, 0.27587890625, 0.1405029296875, 0.64990234375, 0.0005035400390625, 0.63720703125, 5.671875, 2.16796875, 1.0888671875, 4.62109375, 3.55078125, 5.40625, 5.0234375, 0.06781005859375, 5.50390625, 0.52978515625, 1.2294921875, 0.021728515625, 0.66845703125, 0.017547607421875, 0.0014410018920898438, 0.0016841888427734375, 0.00010120868682861328, 0.59765625, 0.1668701171875, 0.0029964447021484375, 0.00022792816162109375, 0.00038504600524902344, 2.501953125, 2.55859375, 0.043853759765625, 11.1953125, 6.52734375, 0.4990234375, 5.5, 4.37890625, 13.2265625, 2.9609375, 3.66015625, 8.9140625, 4.62109375, 4.03515625, 1.22265625, 3.314018249511719e-05, 13.4375, 2.5546875, 4.3359375, 2.396484375, 8.828125, 0.76708984375, 5.7109375, 4.03125, 3.23046875, 0.0157318115234375, 2.298828125, 10.4296875, 3.443359375, 7.5, 2.23046875, 0.1961669921875, 1.8046875, 4.35546875, 5.13671875, 11.5078125, 3.71484375, 3.078125, 2.59375, 3.8984375, 3.916015625, 8.90625, 0.01056671142578125, 5.03515625, 2.642578125, 5.43359375, 5.171875, 6.80859375, 0.52392578125, 0.634765625, 1.005859375, 7.859375, 1.611328125, 3.61328125, 0.51171875, 2.32421875, 6.27734375, 0.1201171875, 4.3828125, 5.53515625, 4.5859375, 0.3251953125, 5.5234375, 4.24609375, 7.65625, 7.77734375, 2.43359375, 2.724609375, 4.34765625, 1.6708984375, 1.828125, 1.5341796875, 5.37109375, 7.703125, 5.9453125, 0.02044677734375, 8.296875, 3.22265625, 2.998046875, 3.85546875, 2.232421875, 2.578125, 1.5654296875, 6.97265625, 1.3076171875, 5.7265625, 11.3125, 0.0865478515625, 9.203125, 7.44921875, 4.92578125, 7.47265625, 2.126953125, 2.08203125, 4.140625, 0.90283203125, 0.7333984375, 5.015625, 0.05224609375, 0.1527099609375, 0.85693359375, 2.3203125, 2.953125, 0.763671875, 1.041015625, 7.17578125, 3.67578125, 1.1591796875]",-1.0048219184572198
95,0,test,3.516351286027071,1.6063341673933147,2.188747756227003,5.6708786635927915,2.590562038744132,3.529830196458577,33.66138336234609,26.908178959171444,29.889390283850894,54.28627721441943,43.395271269415225,48.20312074678844,4.081505301010669,1.866748896762572,2.5556481951346184,6.582312017236859,3.0105372381315467,4.121536684639067,59.23456862884047,50.075390925780844,54.63548484663063,95.52858177714735,80.75742236007432,88.11156226710952,3.516351286027071,1.6063341673933147,2.188747756227003,5.6708786635927915,2.590562038744132,3.529830196458577,33.66138336234609,26.908178959171444,29.889390283850894,54.28627721441943,43.395271269415225,48.20312074678844,0.7889447236180904,0.0089447236180904,0.0039447236180903955,0.6934673366834171,-0.016532663316582874,-0.0015326633165829717,0.5879396984924623,0.01793969849246224,-0.002060301507537776,0.4388489208633094,0.1156891363031658,0.19363360985852474,0.3321299638989169,0.4723618090452262,0.1290034130552512,0.20358050687494234,0.3939393939393939,0.4388489208633094,0.1156891363031658,0.19363360985852474,0.3321299638989169,29.0,5.0,4.0,42.0,4.0,6.0,50.0,5.0,6.0,-0.0016936110587316342,-0.0011897199989552051,-0.0002714070156737642,0.00023875416349117273,-0.00018498985658865763,-3.328992298534672e-05,"[3.0625, 9.453125, 2.48046875, 1.494140625, 0.81689453125, 5.97265625, 11.6015625, 7.37109375, 8.7578125, 10.015625, 6.6328125, 3.43359375, 9.2890625, 10.515625, 1.0419921875, 7.97265625, 6.3671875, 0.619140625, 2.033203125, 11.2734375, 2.271484375, 2.974609375, 4.9375, 6.55859375, 5.05078125, 2.294921875, 7.4609375, 0.364990234375, 0.53662109375, 0.41552734375, 4.0390625, 0.033050537109375, 0.787109375, 2.06640625, 2.7421875, 5.1640625, 6.71875, 3.978515625, 3.1171875, 1.66796875, 11.96875, 4.7265625, 10.7734375, 0.1566162109375, 11.3828125, 4.140625, 4.484375, 4.24609375, 6.0703125, 1.1259765625, 5.0546875, 6.78515625, 7.55859375, 2.359375, 10.109375, 5.33984375, 1.2099609375, 0.252685546875, 6.48046875, 7.4921875, 8.6015625, 4.91796875, 10.59375, 4.00390625, 4.26953125, 7.57421875, 6.4296875, 6.7421875, 1.0, 9.8984375, 4.67578125, 0.0102081298828125, 5.90234375, 5.41015625, 4.81640625, 5.0625, 5.06640625, 0.97412109375, 2.189453125, 2.787109375, 7.59765625, 3.609375, 0.26904296875, 5.75390625, 0.814453125, 3.75, 5.4453125, 3.8828125, 2.662109375, 3.6640625, 1.806640625, 5.1328125, 4.01171875, 2.466796875, 0.70947265625, 1.5283203125, 0.1771240234375, 2.080078125, 6.515625, 5.01953125, 0.2568359375, 4.171875, 6.3515625, 5.45703125, 2.435546875, 2.955078125, 4.05859375, 3.099609375, 3.767578125, 0.01247406005859375, 7.23046875, 2.208984375, 0.60986328125, 10.6953125, 2.484375, 4.875, 1.0283203125, 5.98046875, 2.578125, 8.265625, 0.475830078125, 4.40234375, 0.73486328125, 0.4130859375, 1.0927734375, 0.9111328125, 1.99609375, 7.12890625, 4.09765625, 1.287109375, 5.96484375, 0.004756927490234375, 0.01236724853515625, 4.74609375, 0.7783203125, 4.65234375, 6.05078125, 4.91796875, 0.036376953125, 2.130859375, 2.275390625, 3.259765625, 0.41650390625, 4.34765625, 8.0859375, 4.01953125, 3.046875, 8.40625, 3.431640625, 4.1640625, 10.796875, 3.431640625, 3.734375, 8.0234375, 0.370849609375, 4.8984375, 6.71875, 2.982421875, 0.54833984375, 7.28125, 7.23046875, 1.9638671875, 0.3134765625, 3.927734375, 7.2265625, 0.63720703125, 2.138671875, 4.3125, 1.978515625, 2.197265625, 0.35693359375, 1.2255859375, 4.91015625, 0.72509765625, 3.439453125, 8.546875, 6.23828125, 1.76953125, 0.2235107421875, 3.017578125, 6.3359375, 4.1796875, 0.28173828125, 1.1455078125, 0.5625, 10.71875, 5.58203125, 4.17578125, 2.197265625, 1.486328125, 8.9140625, 7.37109375, 5.17578125, 3.435546875, 0.0078125, 0.322998046875, 0.0005598068237304688, 0.0026950836181640625, 0.00492095947265625, 6.09375, 4.7734375, 7.91796875, 1.5283203125, 4.203125, 0.13623046875, 3.099609375, 0.00023663043975830078, 5.8125, 7.20703125, 1.6611328125, 1.2255859375, 0.1524658203125, 3.65625, 9.296875, 0.85400390625, 3.001953125, 1.2060546875, 1.1748046875, 0.0034847259521484375, 0.00782012939453125, 0.00617218017578125, 1.1444091796875e-05, 0.5849609375, 1.369140625, 1.123046875, 0.1356201171875, 2.2578125, 0.037628173828125, 0.00017261505126953125, 0.0084381103515625, 0.0004401206970214844, 0.00027251243591308594, 3.5078125, 0.77783203125, 4.421875, 0.50830078125, 0.11346435546875, 0.1851806640625, 1.8544921875, 0.0234222412109375, 1.9345703125, 2.935546875, 5.69140625, 2.76953125, 1.009765625, 0.94287109375, 8.71875, 0.2939453125, 0.0131683349609375, 0.05096435546875, 2.701171875, 1.7109375, 1.3564453125, 0.853515625, 1.205078125, 2.595703125, 0.5068359375, 0.29296875, 0.465087890625, 3.22265625, 0.0287017822265625, 3.31640625, 4.3046875, 6.87109375, 7.859375, 1.306640625, 2.525390625, 3.529296875, 0.204833984375, 2.21484375, 4.6953125, 2.513671875, 0.2122802734375, 0.2071533203125, 0.01763916015625, 8.0546875, 0.38427734375, 2.296875]",-1.2110399569538859
72,0,test,3.6195374003323644,1.652246163759545,2.2729070636043316,5.911197174507293,2.6983428473232802,3.711966565412991,37.320299470063745,30.16902036461569,33.475850289258624,60.94912812862481,49.27011609842562,54.670619407309935,3.8372173465077,1.7234229187411634,2.3820826215738657,6.266698151693048,2.8145841749855682,3.8902651097892713,46.39619012600447,38.11659203267162,42.11112939476577,75.77129275016114,62.24958225454063,68.77320540210268,3.6195374003323644,1.652246163759545,2.2729070636043316,5.911197174507293,2.6983428473232802,3.711966565412991,37.320299470063745,30.16902036461569,33.475850289258624,60.94912812862481,49.27011609842562,54.670619407309935,0.7889447236180904,0.0039447236180903955,-0.001055276381909609,0.6683417085427136,-0.0016582914572863539,0.0033417085427135396,0.507537688442211,-0.01746231155778899,-0.0024623115577889765,0.4254545454545454,0.09514601550899193,0.1703154886226228,0.4087591240875912,0.4170854271356784,0.06871449981738265,0.15164302312900058,0.4040404040404041,0.4254545454545454,0.09514601550899193,0.1703154886226228,0.4087591240875912,27.0,10.0,8.0,42.0,12.0,11.0,49.0,11.0,8.0,-0.0007742982353383868,-0.0003318359164430616,-5.6039315961343464e-05,0.0002179643979092205,-0.00019661043173790915,-4.380359388900246e-05,"[3.0625, 9.453125, 2.48046875, 1.494140625, 0.81689453125, 2.970703125, 1.30078125, 7.05859375, 9.7890625, 5.83203125, 1.73828125, 3.908203125, 1.4111328125, 0.11212158203125, 3.173828125, 0.41796875, 5.359375, 0.426513671875, 6.3125, 0.362060546875, 0.7314453125, 0.97607421875, 4.70703125, 6.8203125, 7.9921875, 7.11328125, 4.28515625, 3.52734375, 4.0859375, 8.8125, 2.80078125, 9.3203125, 2.337890625, 0.46875, 0.06744384765625, 1.203125, 0.50341796875, 1.2060546875, 5.46875, 5.66015625, 8.5, 2.85546875, 1.0751953125, 5.11328125, 0.191162109375, 0.93994140625, 2.529296875, 7.7578125, 4.3671875, 1.4150390625, 2.556640625, 5.05859375, 3.78515625, 0.1729736328125, 6.73828125, 2.84765625, 1.375, 3.43359375, 2.080078125, 5.41796875, 7.71875, 7.57421875, 3.55078125, 9.140625, 3.130859375, 0.8076171875, 9.078125, 3.158203125, 7.5, 7.171875, 6.15625, 0.96630859375, 9.90625, 7.92578125, 2.71875, 5.4921875, 4.0546875, 3.072265625, 7.88671875, 5.52734375, 3.607421875, 3.4453125, 0.779296875, 10.25, 0.3515625, 4.55859375, 3.44140625, 9.546875, 1.091796875, 6.60546875, 8.6328125, 0.25390625, 0.0172119140625, 2.599609375, 0.8974609375, 2.12890625, 4.8203125, 2.89453125, 0.474365234375, 12.328125, 2.64453125, 1.3662109375, 0.42578125, 6.2578125, 8.4609375, 11.046875, 0.0005564689636230469, 3.2578125, 2.658203125, 3.037109375, 4.03515625, 0.3759765625, 1.3330078125, 5.53125, 7.05078125, 4.65234375, 0.06964111328125, 2.966796875, 2.576171875, 0.26220703125, 8.1953125, 0.409423828125, 3.126953125, 5.44921875, 1.33984375, 8.5, 6.09375, 0.9052734375, 0.34716796875, 7.625, 7.29296875, 1.896484375, 2.17578125, 2.625, 2.44921875, 6.13671875, 5.76171875, 0.43408203125, 6.59375, 3.72265625, 6.28515625, 8.109375, 0.58837890625, 2.09765625, 1.29296875, 1.662109375, 2.400390625, 1.8173828125, 4.55078125, 0.1146240234375, 3.658203125, 0.443359375, 5.3671875, 0.295166015625, 3.1875, 0.095947265625, 2.44921875, 1.41015625, 7.05859375, 2.376953125, 6.9921875, 5.73046875, 3.015625, 0.3427734375, 4.08984375, 4.30859375, 10.890625, 7.375, 5.11328125, 3.837890625, 0.064697265625, 3.01171875, 1.9814453125, 1.455078125, 6.19921875, 1.1083984375, 7.84375, 0.1925048828125, 6.56640625, 2.546875, 7.54296875, 2.35546875, 2.71484375, 5.5859375, 2.2890625, 0.176513671875, 1.982421875, 2.390625, 0.609375, 6.3671875, 0.77685546875, 0.671875, 8.5546875, 6.25, 1.783203125, 9.1953125, 1.7294921875, 0.64013671875, 1.8427734375, 6.52734375, 0.01383209228515625, 8.6328125, 5.40234375, 2.6171875, 9.140625, 0.033538818359375, 6.6640625, 4.8671875, 0.92431640625, 1.3994140625, 0.90283203125, 0.2861328125, 1.6943359375, 0.00574493408203125, 2.138671875, 0.00684356689453125, 0.65966796875, 0.003726959228515625, 0.1572265625, 2.140625, 0.765625, 0.391845703125, 4.02734375, 9.5546875, 0.273193359375, 3.669921875, 11.0546875, 6.91796875, 1.384765625, 8.3203125, 0.231201171875, 0.93017578125, 1.0048828125, 9.3125, 0.7509765625, 0.01468658447265625, 0.213134765625, 0.0953369140625, 6.74609375, 1.462890625, 0.014404296875, 3.333984375, 6.39453125, 5.26171875, 6.71875, 2.9140625, 1.4267578125, 6.546875, 5.734375, 4.4453125, 7.421875, 4.11328125, 3.830078125, 4.0078125, 7.7890625, 1.2998046875, 4.7578125, 5.12890625, 7.54296875, 5.9140625, 4.87109375, 0.462158203125, 0.0487060546875, 0.2320556640625, 4.06640625, 2.474609375, 2.302734375, 0.304931640625, 0.0020389556884765625, 0.135986328125, 0.05169677734375, 2.302734375, 0.01032257080078125, 5.47265625, 1.1806640625]",-1.2578281888094813
110,0,test,3.8067334189669775,1.6952935812387495,2.3493501437836533,6.630270789326589,2.952729879905901,4.091914488841727,45.00319192704867,36.743065959474634,40.70848518072302,78.38304289280661,63.9962009757737,70.90285829490168,3.7246777136721203,1.6627951906039096,2.290459621635754,6.487352574144157,2.896126722707472,3.989343579405319,41.457869287062316,33.59711534621619,37.26150673069611,72.20807697018138,58.5168300400984,64.8991805971727,3.8067334189669775,1.6952935812387495,2.3493501437836533,6.630270789326589,2.952729879905901,4.091914488841727,45.00319192704867,36.743065959474634,40.70848518072302,78.38304289280661,63.9962009757737,70.90285829490168,0.7889447236180904,0.0039447236180903955,-0.006055276381909613,0.6381909547738693,0.0031909547738693256,0.0031909547738693256,0.5276381909547738,0.0026381909547738003,0.007638190954773805,0.46564885496183206,0.1456488549618321,0.2093036772968574,0.4559386973180076,0.44221105527638194,0.11389025327136937,0.1817769985151132,0.4292929292929293,0.46564885496183206,0.1456488549618321,0.2093036772968574,0.4559386973180076,23.0,12.0,11.0,36.0,16.0,14.0,46.0,16.0,14.0,0.00014598412952278623,0.0002642268828592718,-1.8846628399011878e-05,0.00012787541372372146,0.00017828449388890277,-8.936283448512938e-05,"[3.0625, 9.453125, 2.48046875, 1.494140625, 5.81640625, 3.833984375, 4.05078125, 6.39453125, 11.0703125, 8.7578125, 0.39990234375, 2.970703125, 7.453125, 5.26171875, 0.046356201171875, 4.10546875, 0.19091796875, 5.4765625, 1.5703125, 1.603515625, 0.51416015625, 0.3955078125, 7.1875, 6.0234375, 0.2044677734375, 1.2236328125, 3.0234375, 8.984375, 3.40234375, 5.49609375, 7.625, 2.09375, 5.53125, 1.3154296875, 1.6376953125, 0.9189453125, 1.2578125, 0.76025390625, 4.0390625, 2.044921875, 4.3203125, 3.90234375, 7.4375, 0.08795166015625, 0.298828125, 2.90625, 2.01171875, 5.0546875, 0.00446319580078125, 1.6904296875, 6.69921875, 5.671875, 0.4462890625, 7.76953125, 1.732421875, 1.33203125, 5.5859375, 8.1875, 2.423828125, 6.140625, 3.208984375, 0.70166015625, 3.1953125, 6.65625, 3.826171875, 7.7734375, 5.99609375, 1.2060546875, 2.189453125, 4.67578125, 1.072265625, 11.5234375, 7.08203125, 7.0625, 1.1279296875, 0.0047760009765625, 2.02734375, 6.88671875, 1.40625, 6.87890625, 0.007305145263671875, 1.7119140625, 5.5390625, 2.078125, 5.40625, 3.046875, 5.70703125, 5.53515625, 0.0082855224609375, 0.004848480224609375, 0.37451171875, 10.1640625, 0.452392578125, 0.10791015625, 5.6953125, 4.93359375, 12.5390625, 1.7177734375, 6.15625, 6.109375, 0.89453125, 0.82080078125, 4.10546875, 0.1441650390625, 7.91796875, 2.853515625, 11.0, 0.062469482421875, 0.71142578125, 1.958984375, 0.8740234375, 3.359375, 0.89599609375, 1.796875, 4.9140625, 4.07421875, 6.421875, 5.19921875, 4.6875, 2.6796875, 0.15380859375, 8.9296875, 3.810546875, 3.390625, 0.72705078125, 7.859375, 0.060333251953125, 4.1171875, 2.107421875, 7.63671875, 6.42578125, 1.8603515625, 2.271484375, 1.3818359375, 4.99609375, 6.49609375, 5.58984375, 4.0, 7.078125, 4.97265625, 0.32275390625, 0.1895751953125, 5.078125, 8.546875, 3.263671875, 1.0986328125, 5.171875, 2.494140625, 6.578125, 0.0066680908203125, 3.869140625, 9.828125, 3.501953125, 3.03515625, 5.35546875, 0.58056640625, 5.4140625, 0.049468994140625, 2.29296875, 3.08984375, 0.27490234375, 4.29296875, 1.7333984375, 5.0546875, 2.599609375, 0.79345703125, 2.033203125, 5.16796875, 1.04296875, 1.33203125, 7.79296875, 8.53125, 0.408935546875, 4.6640625, 0.51953125, 4.77734375, 3.4140625, 1.548828125, 7.91015625, 1.494140625, 2.171875, 1.6884765625, 3.6015625, 5.890625, 4.625, 1.693359375, 4.19921875, 1.3798828125, 4.859375, 0.69873046875, 0.2032470703125, 10.3828125, 0.7216796875, 4.421875, 14.21875, 2.017578125, 0.9765625, 2.275390625, 2.5546875, 6.1328125, 0.82275390625, 13.53125, 0.458984375, 7.4140625, 0.658203125, 12.5625, 2.06640625, 4.3203125, 2.166015625, 4.92578125, 5.09375, 1.2529296875, 2.619140625, 0.42529296875, 3.80859375, 2.798828125, 1.052734375, 8.7890625, 6.61328125, 6.3359375, 1.201171875, 9.28125, 7.0078125, 2.462890625, 3.84765625, 0.0670166015625, 1.1220703125, 5.88671875, 5.85546875, 5.41796875, 5.6796875, 6.28125, 0.75634765625, 0.00902557373046875, 0.31005859375, 3.349609375, 7.34375, 2.396484375, 8.5234375, 4.9140625, 0.004222869873046875, 0.0012197494506835938, 0.9248046875, 2.140625, 11.578125, 0.0033283233642578125, 5.30078125, 1.5595703125, 11.03125, 0.3388671875, 7.9921875, 7.34765625, 1.578125, 0.0211334228515625, 7.7890625, 1.2841796875, 3.90625, 2.7109375, 7.61328125, 0.73193359375, 0.63671875, 9.6640625]",-0.7812067970974756
231,0,test,3.026317315575964,1.316342453651799,1.683942109351118,5.467356282384879,2.3781092440973537,3.0422161692522556,20.621151390819836,15.092328898901819,16.793026088245625,37.254249918320745,27.265858340940554,30.338344300934317,3.5653370960273936,1.5820940228890155,2.196412727425386,6.4411514517853385,2.8582170319174196,3.9680475217166173,35.35136820173515,28.08509834228413,31.420248217284126,63.86591519464416,50.73864464667369,56.76393899631991,3.0875161938045337,1.3450423733904442,1.8771198298545193,5.577918406731776,2.4299586273987743,3.391211768086231,21.92255890875585,16.211103833968927,18.567744792325257,39.60537765119571,29.287041360424993,33.54455780877629,0.6884422110552764,-0.01155778894472359,-0.006557788944723697,0.5979899497487438,0.002989949748743781,-0.0020100502512562235,0.5025125628140703,-0.0024874371859296973,-0.0024874371859296973,0.4136125654450262,0.11426616021626801,0.16336818616838888,0.36220472440944884,0.42211055276381915,0.09629601642296703,0.1767015377387774,0.4191919191919192,0.40802675585284276,0.11253426837371083,0.17888326308309865,0.36241610738255037,26.0,4.0,4.0,37.0,4.0,4.0,46.0,1.0,0.0,-0.00044123682693732305,-0.0007703013429671541,-0.00024734934641321957,0.006052173944627981,0.008221713455934143,0.006926152230186666,"[3.056640625, 9.4453125, 2.4296875, 1.0791015625, 0.80224609375, 3.9921875, 3.6015625, 11.90625, 0.748046875, 0.126708984375, 2.169921875, 0.67724609375, 5.2265625, 0.49267578125, 6.28515625, 0.0177001953125, 4.9921875, 8.1640625, 1.5947265625, 7.6953125, 4.07421875, 1.05078125, 1.0517578125, 8.9375, 1.3720703125, 8.578125, 2.828125, 3.099609375, 1.2958984375, 6.64453125, 3.5, 2.12109375, 0.53125, 0.1395263671875, 6.0234375, 1.029296875, 2.650390625, 0.99560546875, 12.234375, 6.421875, 7.62109375, 2.314453125, 3.2265625, 5.92578125, 0.95947265625, 6.61328125, 1.0947265625, 0.5322265625, 2.74609375, 3.099609375, 0.139404296875, 3.515625, 6.78515625, 2.498046875, 12.375, 7.1171875, 0.3291015625, 7.21484375, 2.267578125, 8.765625, 6.43359375, 1.287109375, 0.7802734375, 3.48828125, 0.54931640625, 3.291015625, 5.0234375, 4.01171875, 6.8515625, 3.693359375, 2.02734375, 9.4453125, 2.810546875, 4.12890625, 8.4140625, 0.0144500732421875, 0.10284423828125, 1.8671875, 1.0224609375, 3.83984375, 0.791015625, 8.1484375, 2.728515625, 0.74169921875, 0.5283203125, 5.4140625, 5.58203125, 0.81787109375, 3.169921875, 2.96875, 3.970703125, 2.765625, 9.5546875, 8.6640625, 6.43359375, 3.84765625, 4.453125, 1.193359375, 0.399169921875, 6.1328125, 4.27734375, 5.49609375, 3.654296875, 3.603515625, 6.7578125, 1.98046875, 2.71484375, 3.708984375, 6.015625, 8.09375, 0.859375, 3.28515625, 0.91943359375, 1.98828125, 2.171875, 4.99609375, 0.5576171875, 5.96875, 5.48828125, 2.69921875, 7.2421875, 10.4296875, 0.0018777847290039062, 0.1455078125, 0.0004401206970214844, 0.0025691986083984375, 0.0035076141357421875, 7.7421875, 0.84716796875, 10.2265625, 7.55859375, 5.140625, 0.04315185546875, 0.330810546875, 0.99169921875, 0.233642578125, 5.8515625, 10.625, 8.3046875, 0.1837158203125, 0.72705078125, 0.020965576171875, 0.01080322265625, 0.441162109375, 5.04296875, 6.125, 5.30859375, 4.546875, 0.1988525390625, 0.708984375, 0.10906982421875, 0.0086669921875, 3.181640625, 0.0014505386352539062, 0.00798797607421875, 0.0025539398193359375, 0.031768798828125, 5.7890625, 9.6796875, 3.0546875, 7.703125, 0.55859375, 0.0006647109985351562, 0.004695892333984375, 0.0008130073547363281, 1.4931640625, 0.005161285400390625, 4.29296875, 0.158203125, 5.0546875, 5.34375, 0.1116943359375, 0.02703857421875, 9.984375, 7.05859375, 4.87890625, 8.09375, 3.966796875, 12.71875, 1.337890625, 4.18359375, 1.712890625, 0.6865234375, 4.23828125, 0.4150390625, 0.339599609375, 2.41796875, 0.001384735107421875, 0.11090087890625, 5.12890625, 10.65625, 4.5546875, 3.587890625, 6.94140625, 0.82568359375, 5.51953125, 3.453125, 1.662109375, 6.3359375, 4.4296875, 6.7109375, 0.80419921875, 1.8037109375, 0.7734375, 1.4619140625, 0.005035400390625, 0.10382080078125, 1.8828125, 0.01007080078125, 0.00690460205078125, 9.625, 5.15625, 2.19140625, 0.8642578125, 0.2139892578125, 0.2247314453125, 0.29541015625, 0.0013589859008789062, 0.0245819091796875, 0.1441650390625, 0.0006031990051269531, 7.01171875, 0.0009026527404785156, 1.0751953125, 4.390625, 0.60107421875, 0.0215911865234375, 0.0282745361328125, 10.4765625, 0.1033935546875, 2.21484375, 1.333984375, 5.046875, 0.0227508544921875, 2.833984375, 0.1900634765625, 3.09765625, 0.96875, 0.39453125, 1.3525390625, 3.630859375, 2.455078125, 7.78515625, 0.155517578125, 0.0626220703125, 0.028228759765625, 0.01261138916015625, 1.2333984375, 1.0869140625, 0.99853515625, 4.51171875, 6.3046875, 3.82421875, 2.69921875, 0.446533203125, 1.505859375, 0.20849609375, 4.640625, 0.75634765625, 0.00711822509765625, 0.0005602836608886719, 0.0218505859375, 0.0004329681396484375, 8.03125, 4.76953125, 1.265625, 3.03125, 0.009674072265625, 0.0019216537475585938, 2.763671875, 10.2265625, 0.329833984375, 5.53515625, 9.0, 0.07196044921875, 0.78076171875, 2.50390625, 5.21484375, 3.568359375, 13.2421875, 0.8046875, 1.9111328125, 1.294921875, 0.5029296875, 0.66845703125, 1.1943359375, 0.7353515625, 0.8740234375, 0.451904296875, 0.1368408203125, 0.74951171875, 1.0947265625, 0.5791015625, 3.169921875, 1.333984375, 0.0080108642578125, 4.9453125, 0.9052734375, 2.025390625, 1.7919921875, 2.3125, 0.42529296875, 0.45654296875, 0.065185546875, 2.34765625, 2.2890625, 0.25830078125, 0.814453125, 2.52734375, 6.66796875, 0.5947265625, 6.26953125, 0.296875, 0.09295654296875, 0.0137176513671875, 0.00803375244140625, 4.2890625, 0.159423828125, 0.12744140625, 0.865234375, 7.28125, 0.58984375, 6.984375, 6.93359375, 4.94140625, 4.92578125, 1.1572265625, 5.16796875, 8.0859375, 2.89453125, 2.078125, 1.4619140625, 2.7578125, 0.066650390625, 0.67529296875, 0.380126953125, 0.036102294921875, 0.038543701171875, 2.853515625, 0.6318359375, 0.4404296875, 0.417724609375, 4.6328125, 3.06640625, 2.470703125, 1.77734375, 4.23046875, 1.9921875, 0.63623046875, 8.140625, 3.728515625, 7.95703125, 6.78125, 6.92578125, 3.177734375, 1.830078125, 3.384765625, 1.81640625, 2.470703125, 4.62890625, 2.294921875, 6.796875, 0.70458984375, 4.28125, 9.5625, 3.474609375, 2.27734375, 5.47265625, 3.537109375, 1.29296875, 3.41796875, 0.1982421875, 0.034698486328125, 4.44921875, 2.94140625, 5.85546875, 0.0394287109375, 0.055450439453125, 1.51171875, 2.970703125, 3.12890625, 1.30859375]",-1.364317698004358
141,0,test,3.3013336188159883,1.4576287089745363,2.044318764583002,5.369890759719677,2.3709530266231384,3.325252674036909,27.148820967240038,20.82891133195943,23.63390768483952,44.15979106696639,33.879938052617554,38.44249541141618,3.4413921611392917,1.5020416559175351,2.0920174523124593,5.597707502612645,2.443194339055737,3.4028385142044426,31.230405675472454,24.276172909819604,27.375391404962556,50.79882442149633,39.4871926444534,44.52832652579352,3.3013336188159883,1.4576287089745363,2.044318764583002,5.369890759719677,2.3709530266231384,3.325252674036909,27.148820967240038,20.82891133195943,23.63390768483952,44.15979106696639,33.879938052617554,38.44249541141618,0.7336683417085428,0.0036683417085427994,0.008668341708542804,0.5628140703517588,-0.012185929648241167,-0.007185929648241274,0.4773869346733668,0.002386934673366814,0.002386934673366814,0.40234375,0.0924022295321637,0.15559050324675328,0.3921568627450981,0.42211055276381915,0.11133361040792944,0.1666848432479594,0.4191919191919192,0.40234375,0.0924022295321637,0.15559050324675328,0.3921568627450981,24.0,9.0,8.0,39.0,16.0,16.0,46.0,11.0,11.0,-0.0003541276854072461,-0.00026978736486433944,-0.00017848700172251356,8.629588256159337e-05,0.00014530477676810705,-0.00011039017629776993,"[3.0625, 9.453125, 2.48046875, 1.494140625, 0.81689453125, 4.97265625, 7.5703125, 0.576171875, 3.99609375, 0.03216552734375, 9.6953125, 3.1171875, 3.25390625, 0.0787353515625, 3.578125, 6.9296875, 7.6953125, 0.360107421875, 4.50390625, 0.92822265625, 6.75, 0.349853515625, 10.8984375, 0.353271484375, 0.7646484375, 4.7421875, 0.0009756088256835938, 4.734375, 1.2587890625, 7.87109375, 1.4560546875, 4.3125, 0.03399658203125, 0.6923828125, 1.2919921875, 4.421875, 3.212890625, 5.2109375, 4.65625, 0.361572265625, 3.712890625, 1.9248046875, 6.39453125, 0.9736328125, 1.5380859375, 1.96875, 1.208984375, 7.87109375, 6.14453125, 2.005859375, 5.125, 2.375, 3.033203125, 7.53125, 2.36328125, 1.0458984375, 7.3046875, 11.3984375, 2.689453125, 7.76953125, 0.2271728515625, 1.443359375, 0.89794921875, 5.8125, 10.1875, 9.3671875, 0.96728515625, 4.61328125, 2.123046875, 4.1796875, 6.92578125, 0.2366943359375, 0.022613525390625, 9.6328125, 0.480224609375, 10.46875, 0.34716796875, 0.5380859375, 4.24609375, 1.3232421875, 3.201171875, 1.015625, 5.140625, 0.00760650634765625, 0.392578125, 3.203125, 0.2452392578125, 0.07000732421875, 2.3671875, 1.177734375, 7.61328125, 9.078125, 3.447265625, 4.1796875, 1.1982421875, 5.7265625, 5.2421875, 1.5791015625, 5.328125, 0.9150390625, 4.71484375, 8.6796875, 1.08203125, 0.237548828125, 6.7734375, 0.94580078125, 3.048828125, 5.3515625, 2.236328125, 3.7890625, 3.056640625, 3.515625, 0.34130859375, 3.90234375, 5.51953125, 1.3330078125, 8.390625, 0.66015625, 0.5576171875, 6.9296875, 5.83984375, 1.3056640625, 3.177734375, 0.63330078125, 1.521484375, 0.716796875, 9.71875, 2.6106834411621094e-05, 8.046875, 8.875, 1.7548828125, 0.458984375, 7.8828125, 0.385498046875, 1.7900390625, 4.4921875, 0.0240631103515625, 4.0859375, 0.384521484375, 1.298828125, 0.380615234375, 0.75537109375, 3.6484375, 2.49609375, 0.47216796875, 9.7421875, 5.11328125, 1.9736328125, 0.38720703125, 7.22265625, 5.81640625, 1.6796875, 0.6123046875, 0.044647216796875, 3.162109375, 6.02734375, 1.7060546875, 5.69921875, 1.64453125, 0.6376953125, 2.66015625, 8.7109375, 1.859375, 2.048828125, 8.828125, 1.3505859375, 0.28564453125, 3.13671875, 9.2109375, 0.0104522705078125, 2.14453125, 4.703125, 2.791015625, 0.52197265625, 4.72265625, 5.5390625, 0.004207611083984375, 2.072265625, 2.91796875, 0.857421875, 1.0576171875, 9.7734375, 1.5478515625, 6.59765625, 0.133544921875, 5.1484375, 4.15234375, 1.5166015625, 5.078125, 0.01387786865234375, 8.125, 3.50390625, 3.294921875, 3.681640625, 6.10546875, 1.955078125, 2.177734375, 0.73974609375, 0.0019197463989257812, 3.681640625, 8.5703125, 3.095703125, 1.6630859375, 2.3046875, 2.55078125, 0.94775390625, 3.009765625, 4.9453125, 0.281982421875, 6.92578125, 10.5625, 1.41796875, 0.116455078125, 3.2265625, 6.72265625, 7.5625, 0.28564453125, 0.302734375, 5.8828125, 7.9453125, 0.9794921875, 4.64453125, 0.002910614013671875, 1.349609375, 0.0059051513671875, 0.9345703125, 0.005603790283203125, 2.1484375, 0.0012664794921875, 4.0234375, 3.76953125, 0.009796142578125, 0.9873046875, 0.88623046875, 0.09716796875, 0.286376953125, 10.484375, 2.271484375, 6.6640625, 3.93359375, 1.8603515625, 4.0078125, 5.203125, 0.14794921875, 8.640625, 2.318359375, 0.919921875, 2.25, 0.0599365234375, 0.1087646484375, 5.53515625, 0.74169921875, 0.218505859375, 0.408935546875, 7.45703125, 0.59716796875]",-1.2623608582653105
266,0,test,3.587996347795559,1.5969179182947322,2.192211008038543,6.389858664332541,2.8439493264012934,3.904106121057406,36.16154812487959,28.838120819596668,32.123403481668646,64.40006042464512,51.35777696523677,57.20853316679193,3.6668208699729576,1.612049901361281,2.2277224095255477,6.530237167311391,2.870897858042281,3.9673483360651605,39.12731709464184,31.322267028182644,34.9104246871441,69.68179505057002,55.78179015693201,62.17193610013865,3.5755646595588098,1.592542173330631,2.196273779128548,6.367719084719903,2.8361565671112925,3.911341505526684,35.714781816012625,28.450114623808375,31.742697869895142,63.60441480716856,50.66677716711941,56.5305349705436,0.7135678391959799,0.013567839195979925,0.003567839195979916,0.6030150753768844,-0.006984924623115618,-0.006984924623115618,0.5376884422110553,0.002688442211055353,-0.0023115577889447625,0.43670886075949367,0.1160137580738696,0.18407728181212524,0.4634920634920635,0.4623115577889447,0.14401581844057376,0.19853860286407,0.5101010101010102,0.4347826086956522,0.11925673223488431,0.18116748077574119,0.46308724832214765,21.0,2.0,2.0,33.0,8.0,8.0,42.0,7.0,8.0,0.00014525304273460847,0.00013757030035337845,-0.00018763274609870378,-0.00043990332195509296,-3.7795904697546234e-05,9.98832418286355e-05,"[3.0625, 6.44921875, 0.0345458984375, 0.00528717041015625, 0.01554107666015625, 1.6474609375, 0.05072021484375, 0.0033740997314453125, 5.20703125, 0.371337890625, 4.5078125, 0.053009033203125, 5.94921875, 1.0322265625, 3.533203125, 0.045867919921875, 0.0026092529296875, 4.76171875, 5.74609375, 1.1005859375, 3.091796875, 5.66796875, 0.7568359375, 0.1533203125, 0.462890625, 7.046875, 5.23046875, 1.615234375, 1.33203125, 6.17578125, 6.55078125, 5.25390625, 5.515625, 0.892578125, 1.2236328125, 0.0989990234375, 0.0002067089080810547, 4.6640625, 8.7890625, 8.5078125, 2.611328125, 2.017578125, 5.3984375, 5.13671875, 0.018646240234375, 2.638671875, 1.430511474609375e-06, 0.00439453125, 0.0010461807250976562, 7.57421875, 3.142578125, 7.85546875, 0.04156494140625, 0.007076263427734375, 3.75390625, 0.96435546875, 4.35546875, 3.5546875, 1.9755859375, 1.1435546875, 6.07421875, 7.23046875, 0.1492919921875, 0.716796875, 9.421875, 3.224609375, 0.67822265625, 10.0390625, 6.3828125, 4.22265625, 2.26953125, 2.392578125, 0.00397491455078125, 0.006679534912109375, 0.2371826171875, 1.5595703125, 4.16015625, 4.69140625, 3.369140625, 10.1796875, 0.09765625, 7.25, 4.140625, 3.314453125, 9.7265625, 6.203125, 4.984375, 2.517578125, 3.271484375, 5.61328125, 3.009765625, 11.328125, 1.4892578125, 0.0947265625, 4.515625, 4.41015625, 4.77734375, 0.2271728515625, 4.71875, 8.9921875, 0.25244140625, 8.875, 0.433837890625, 1.41015625, 5.43359375, 9.6015625, 7.2890625, 1.0498046875, 2.4609375, 9.6015625, 0.005001068115234375, 0.00682830810546875, 1.2529296875, 9.7890625, 1.90625, 0.04437255859375, 6.5703125, 4.0546875, 0.475341796875, 10.1328125, 3.185546875, 0.275634765625, 10.4609375, 5.2265625, 0.880859375, 1.01953125, 6.234375, 4.53125, 7.4609375, 5.07421875, 1.5166015625, 1.8134765625, 9.78125, 4.8359375, 4.578125, 4.6796875, 0.223876953125, 9.3359375, 5.34765625, 9.5625, 5.09375, 5.94921875, 4.80859375, 6.03515625, 1.826171875, 0.416259765625, 4.39453125, 0.019622802734375, 8.53125, 6.5859375, 2.47265625, 2.8515625, 2.037109375, 2.05859375, 5.078125, 7.20703125, 2.453125, 0.9013671875, 0.49462890625, 2.771484375, 5.046875, 4.04296875, 0.3974609375, 9.375, 0.052978515625, 0.0018701553344726562, 3.84375, 1.720703125, 7.81640625, 14.2265625, 0.369873046875, 3.400390625, 11.609375, 6.31640625, 0.0526123046875, 0.0109100341796875, 9.0078125, 0.321044921875, 4.55859375, 0.06829833984375, 9.8828125, 1.9794921875, 5.234375, 3.26171875, 6.5390625, 3.451171875, 4.58203125, 4.12890625, 0.208740234375, 10.1171875, 0.00984954833984375, 2.76171875, 0.5625, 2.384765625, 0.042999267578125, 0.03851318359375, 0.018646240234375, 3.169921875, 4.71484375, 4.41796875, 0.67431640625, 0.775390625, 13.734375, 0.4462890625, 2.37890625, 0.6357421875, 1.59765625, 6.90234375, 0.3447265625, 4.609375, 8.1875, 8.5625, 9.4765625, 4.24609375, 0.89306640625, 1.0849609375, 1.916015625, 16.84375, 1.19140625, 6.15625, 0.0015821456909179688, 0.0041961669921875, 2.142578125, 1.9560546875, 8.0078125, 7.32421875, 4.6171875, 4.859375, 6.81640625, 7.109375, 0.4013671875, 3.376953125, 0.55078125, 10.171875, 1.7548828125, 2.490234375, 0.01424407958984375, 4.49609375, 6.0234375, 8.296875, 6.7890625, 5.5078125, 5.44140625, 2.021484375, 1.3330078125, 7.4375, 0.0167694091796875, 0.0024394989013671875, 1.7412109375, 5.23046875, 0.188232421875, 3.330078125, 2.384765625, 6.32421875, 1.1767578125, 6.359375, 0.0120391845703125, 0.0067901611328125, 3.830078125, 1.1015625, 2.01171875, 0.0077667236328125, 3.8984375, 4.7265625, 3.294921875, 1.423828125, 1.369140625, 0.382080078125, 0.07257080078125, 1.9189453125, 6.40234375, 0.83935546875, 3.3828125, 5.7734375, 4.8671875, 5.68359375, 3.75390625, 0.6201171875, 2.681640625, 2.49609375, 1.12890625, 5.18359375, 0.02655029296875, 0.004085540771484375, 0.06787109375, 2.943359375, 0.9794921875, 1.3515625, 0.60693359375, 2.025390625, 4.20703125, 1.798828125, 0.01556396484375, 3.064453125, 2.939453125, 7.91796875, 2.32421875, 9.7109375, 0.98291015625, 5.12890625, 6.90625, 0.0770263671875, 11.9375, 4.6171875, 0.342529296875, 0.44287109375, 3.2109375, 8.6875, 0.56640625, 5.4140625, 2.626953125, 4.90625, 0.439453125, 3.033203125, 1.3134765625, 5.0625]",-1.0975710312022438
390,0,test,3.1326325110026767,1.428497432821816,1.981938244115379,5.919595227687817,2.69936756271157,3.745179854397337,22.934274874502695,17.43764541861829,19.773888574741086,43.33787114216371,32.951136860009726,37.3658308239935,3.1739580595313606,1.4025061581576528,1.9602450166082341,5.997686264217882,2.6502530161048066,3.704187134832112,23.901902529914356,18.02251907754458,20.53594309954778,45.16635374618299,34.05634639480838,38.805851098455804,3.1326325110026767,1.428497432821816,1.981938244115379,5.919595227687817,2.69936756271157,3.745179854397337,22.934274874502695,17.43764541861829,19.773888574741086,43.33787114216371,32.951136860009726,37.3658308239935,0.6733668341708543,-0.0066331658291456375,-0.011633165829145753,0.5477386934673367,-0.007261306532663214,-0.007261306532663214,0.4723618090452262,0.007361809045226209,-0.007638190954773805,0.4432234432234432,0.14523441214483257,0.22276059304073914,0.3970588235294118,0.4522613065326633,0.14399062984093391,0.21019118967122752,0.4040404040404041,0.4432234432234432,0.14523441214483257,0.22276059304073914,0.3970588235294118,25.0,4.0,4.0,39.0,4.0,5.0,45.0,0.0,0.0,-0.0004191849689809431,-0.0003495468970689731,-0.00011733987313845146,0.00020410455418851114,-0.00020435748183800229,-5.0812707827141423e-05,"[3.0625, 9.453125, 2.48046875, 1.494140625, 5.81640625, 3.728515625, 9.25, 5.01953125, 1.599609375, 0.92236328125, 7.87890625, 9.328125, 1.4775390625, 5.65625, 0.498046875, 1.9169921875, 3.51171875, 2.41015625, 4.04296875, 0.80712890625, 9.7578125, 5.484375, 6.07421875, 6.1015625, 3.162109375, 1.005859375, 3.92578125, 5.71875, 8.09375, 1.4912109375, 4.58203125, 0.240966796875, 0.01543426513671875, 5.9375, 0.162109375, 6.13671875, 1.439453125, 3.609375, 0.333984375, 2.8515625, 0.205078125, 2.337890625, 1.396484375, 5.24609375, 2.08984375, 0.465576171875, 3.599609375, 0.0256500244140625, 0.0252685546875, 0.055999755859375, 0.0195770263671875, 3.44140625, 9.8046875, 4.26171875, 1.962890625, 0.408447265625, 6.96484375, 11.5859375, 2.49609375, 7.91796875, 4.01953125, 1.6865234375, 0.007465362548828125, 0.0283203125, 0.0213623046875, 0.00897216796875, 5.9453125, 4.21484375, 1.5927734375, 3.728515625, 5.234375, 0.5703125, 4.19140625, 2.927734375, 0.06402587890625, 0.13037109375, 1.1884765625, 4.08203125, 3.4609375, 3.537109375, 10.3671875, 3.146484375, 2.150390625, 5.55078125, 0.982421875, 6.5, 1.15234375, 5.2890625, 0.884765625, 2.708984375, 0.019805908203125, 0.0152435302734375, 0.0215911865234375, 0.02923583984375, 5.234375, 2.650390625, 3.892578125, 10.8203125, 1.326171875, 8.171875, 0.90869140625, 2.576171875, 3.91015625, 1.49609375, 0.0628662109375, 1.0322265625, 3.521484375, 0.36376953125, 4.53125, 0.0266876220703125, 0.00482940673828125, 4.01953125, 6.36328125, 0.888671875, 11.5, 1.109375, 5.9296875, 1.3056640625, 11.0546875, 7.3828125, 8.609375, 6.22265625, 3.044921875, 0.01123046875, 0.9990234375, 4.796875, 0.283203125, 4.87109375, 5.0234375, 4.70703125, 3.041015625, 3.21484375, 0.5087890625, 7.12890625, 3.583984375, 5.7109375, 0.125732421875, 3.1640625, 5.56640625, 0.27685546875, 0.087890625, 5.59765625, 4.21875, 7.33203125, 3.53515625, 6.52734375, 4.140625, 3.908203125, 3.35546875, 6.02734375, 9.3046875, 0.05133056640625, 0.001132965087890625, 1.1943359375, 0.92333984375, 10.765625, 0.1885986328125, 2.486328125, 0.00722503662109375, 0.004619598388671875, 0.137939453125, 0.0531005859375, 1.77734375, 4.4140625, 1.2734375, 1.6298828125, 4.58203125, 5.0078125, 1.7490234375, 6.19140625, 0.334228515625, 0.541015625, 7.58203125, 0.29150390625, 0.06854248046875, 0.89208984375, 5.56640625, 0.022735595703125, 0.1964111328125, 4.3203125, 1.2841796875, 3.732421875, 0.09490966796875, 0.0057220458984375, 4.0390625, 0.85107421875, 0.0985107421875, 3.009765625, 1.80859375, 2.5234375, 1.7529296875, 2.7265625, 0.347900390625, 3.064453125, 0.0265655517578125, 10.6171875, 2.009765625, 0.01812744140625, 0.00315093994140625, 0.33740234375, 2.642578125, 2.5625, 4.16015625, 0.434814453125, 5.6640625, 12.03125, 0.215576171875, 14.2265625, 4.53515625, 3.806640625, 0.92724609375, 1.255859375, 0.26025390625, 3.443359375, 0.01035308837890625, 0.24267578125, 2.412109375, 8.5, 2.140625, 3.95703125, 2.763671875, 5.48046875, 7.1171875, 3.55078125, 1.13671875, 3.841796875, 5.16796875, 0.68115234375, 3.75, 0.328857421875, 5.62890625, 2.294921875, 5.5703125, 0.00211334228515625, 0.05328369140625, 0.003726959228515625, 0.0042572021484375, 0.01024627685546875, 1.3759765625, 0.001926422119140625, 0.005550384521484375, 9.2734375, 7.66015625, 5.08203125, 7.21875, 1.1201171875, 0.006481170654296875, 0.00469207763671875, 3.765625, 0.002986907958984375, 7.87890625, 1.09765625, 3.34765625, 4.203125, 3.16015625, 0.953125, 0.00049591064453125, 0.004150390625, 7.984375, 0.80615234375, 0.1590576171875, 1.0439453125, 0.00020611286163330078, 0.004596710205078125, 11.0078125, 10.4375, 4.99609375, 1.521484375, 6.21875, 1.28125, 0.01360321044921875, 0.25537109375, 0.63671875]",-1.1356079408100674
292,0,test,3.8651900885289887,1.7764849295050085,2.4539288311642826,6.871449046273757,3.158195430231126,4.3625401442920575,47.712341139474646,39.63788787989879,43.6112164222527,84.82193980351047,70.46735623093117,77.53105141733813,3.8872983479619627,1.7445574523871108,2.4158173891141144,6.910752618599044,3.1014354709104186,4.294786469536203,48.77892466524974,40.25615901014028,44.42324371411184,86.71808829377731,71.56650490691605,78.97465549175438,3.8587449256784363,1.78124328224995,2.435870659586405,6.859990978983887,3.166654723999911,4.330436728153609,47.40581619353641,39.42132033645523,43.25678746268528,84.27700656628696,70.0823472648093,76.90095548921828,0.8040201005025126,-0.0009798994974873354,-0.010979899497487344,0.6683417085427136,0.0033417085427135396,0.018341708542713553,0.5125628140703518,-0.0024371859296482556,0.002562814070351749,0.4280442804428044,0.09839418836177305,0.16792158105630128,0.39629629629629626,0.42211055276381915,0.07373962544552337,0.1483209033481263,0.3737373737373737,0.43173431734317347,0.10760908714059525,0.165476648631517,0.38888888888888884,22.0,11.0,11.0,33.0,12.0,12.0,42.0,10.0,10.0,0.00026436765673314204,-0.000271231253698499,-0.00023933555993225486,0.00019024471046957814,-0.00021210453193631906,-5.782182176528039e-05,"[3.056640625, 9.4453125, 2.4296875, 1.0791015625, 5.80078125, 10.4921875, 12.046875, 11.0625, 2.509765625, 7.96484375, 3.8203125, 3.53515625, 1.73828125, 5.375, 3.095703125, 2.828125, 1.7431640625, 6.37890625, 7.78125, 6.44921875, 3.177734375, 2.3359375, 2.537109375, 0.51171875, 9.4375, 2.05859375, 2.201171875, 3.08984375, 5.43359375, 6.7265625, 2.74609375, 0.5595703125, 6.734375, 2.705078125, 5.19140625, 2.232421875, 7.125, 1.55078125, 6.2421875, 4.375, 1.5830078125, 9.6171875, 3.228515625, 1.322265625, 2.828125, 2.57421875, 0.183837890625, 0.3603515625, 7.6484375, 7.15234375, 5.80859375, 11.1953125, 12.609375, 1.42578125, 3.896484375, 2.337890625, 9.4140625, 9.9453125, 8.9765625, 2.59765625, 2.388671875, 1.5068359375, 8.4921875, 1.3203125, 3.94140625, 0.450927734375, 2.013671875, 0.9375, 0.80615234375, 0.359130859375, 11.1640625, 5.328125, 4.90625, 5.4765625, 2.365234375, 2.728515625, 2.87890625, 7.078125, 0.7646484375, 5.6171875, 0.1500244140625, 2.642578125, 0.7412109375, 3.25390625, 4.0, 0.03631591796875, 8.3125, 4.69140625, 5.484375, 2.189453125, 1.1923828125, 4.1328125, 0.8935546875, 1.166015625, 14.9140625, 1.5703125, 1.1611328125, 3.974609375, 2.291015625, 0.030548095703125, 3.3515625, 3.6328125, 2.845703125, 6.58203125, 4.81640625, 0.580078125, 4.44140625, 7.546875, 3.736328125, 4.8125, 6.37890625, 3.67578125, 4.796875, 6.37890625, 1.6865234375, 2.599609375, 6.42538070678711e-05, 8.7265625, 6.31640625, 0.35888671875, 2.416015625, 9.2421875, 0.5556640625, 1.9912109375, 5.37890625, 1.2109375, 4.23046875, 1.0595703125, 7.3515625, 3.67578125, 3.96484375, 1.3740234375, 0.78076171875, 7.20703125, 5.72265625, 0.57666015625, 4.82421875, 5.453125, 0.283447265625, 2.24609375, 2.74609375, 0.6171875, 0.079345703125, 2.21484375, 4.375, 1.0654296875, 2.669921875, 3.09375, 1.3623046875, 5.29296875, 6.4375, 0.11871337890625, 1.6171875, 0.82421875, 1.4873046875, 3.26953125, 0.05487060546875, 4.96875, 3.349609375, 4.9765625, 0.68896484375, 3.201171875, 2.068359375, 9.0390625, 0.70654296875, 13.65625, 3.98828125, 3.8828125, 0.294921875, 4.4296875, 0.9287109375, 2.4921875, 10.1484375, 7.0859375, 0.98291015625, 0.12335205078125, 1.5283203125, 0.83544921875, 1.33984375, 0.135498046875, 6.84765625, 8.0390625, 1.6572265625, 1.142578125, 7.765625, 0.398193359375, 4.15625, 7.1484375, 1.78515625, 7.0, 0.036590576171875, 3.25390625, 6.86328125, 4.5625, 4.26953125, 2.41796875, 4.96484375, 0.32177734375, 0.12200927734375, 0.0011730194091796875, 7.18359375, 0.183837890625, 0.79931640625, 7.8828125, 6.01171875, 3.443359375, 0.200927734375, 0.263671875, 1.73046875, 0.2275390625, 0.06097412109375, 1.541015625, 6.05859375, 2.56640625, 0.416015625, 4.4765625, 0.028961181640625, 10.8828125, 0.9951171875, 7.8046875, 2.142578125, 1.9814453125, 2.578125, 0.140625, 4.26953125, 0.482177734375, 4.3984375, 0.01044464111328125, 3.390625, 9.7109375, 0.0521240234375, 6.56640625, 6.4375, 1.5703125, 6.16796875, 0.438232421875, 8.5, 8.0859375, 13.0234375, 3.21875, 0.329833984375, 0.84375, 7.5078125, 4.88671875, 10.2265625, 5.05078125, 10.4140625, 6.18359375, 3.861328125, 9.3359375, 1.6455078125, 8.7890625, 5.08203125, 0.88623046875, 7.53515625, 2.451171875, 6.14453125, 1.3125, 4.47265625, 1.9677734375, 0.308349609375, 3.73828125, 9.2890625, 0.0009441375732421875, 2.025390625, 6.64453125, 4.640625, 0.3623046875, 6.66796875, 1.109375, 0.42529296875]",-1.1488384606653472
123,0,test,3.867887252749819,1.731285096468528,2.4102955508500132,6.565490670052257,2.9387454714414503,4.091322191442844,47.84120286138183,39.37059598432268,43.54560089013964,81.2073751134225,66.8290629272349,73.91586612633961,4.102872398031417,1.8225732459822117,2.528659388386589,6.964362891017432,3.0937012534364725,4.292237218235698,60.513858083093155,50.7342525220746,55.68691671646788,102.71839500258376,86.11814146054712,94.52497145205572,3.921856417703788,1.7602234326778952,2.4340698625196477,6.657099867999763,2.987866442135299,4.1316775615077095,50.49409595698781,41.80878689287319,46.0668108426581,85.71049108596394,70.9677357002104,78.1954584047171,0.778894472361809,-0.006105527638191055,-0.0011055276381910506,0.6582914572864322,-0.0017085427135676845,-0.0017085427135676845,0.5527638190954773,-0.0022361809045226,-0.0022361809045226,0.43333333333333335,0.10655572365103383,0.16619623655913984,0.39817629179331304,0.42211055276381915,0.08125842243800463,0.1533292505935353,0.4292929292929293,0.4180602006688964,0.07749258798108338,0.14887221401706097,0.3993288590604027,27.0,4.0,2.0,42.0,6.0,6.0,48.0,5.0,5.0,-0.0005368854634899876,-0.00012446069884151486,-0.000240717606210427,-0.0003846183501678979,1.6433446000441165e-05,0.0001489470393902792,"[7.35546875, 2.423828125, 11.421875, 9.4921875, 0.7041015625, 0.77978515625, 2.8125, 6.59375, 2.67578125, 0.68212890625, 7.12890625, 6.46875, 3.32421875, 0.4990234375, 0.0188140869140625, 0.25048828125, 3.10546875, 0.2919921875, 4.0234375, 10.1640625, 11.03125, 1.78515625, 2.478515625, 8.5625, 2.94921875, 10.2109375, 2.298828125, 2.388671875, 0.734375, 0.0193939208984375, 10.6640625, 4.94921875, 0.98486328125, 0.037933349609375, 5.328125, 3.64453125, 2.771484375, 2.611328125, 6.05078125, 12.125, 1.1494140625, 0.204345703125, 0.055572509765625, 0.9599609375, 6.28515625, 4.22265625, 3.650390625, 5.94921875, 0.110595703125, 8.5546875, 0.1270751953125, 6.16015625, 1.4921875, 4.3125, 6.0703125, 1.041015625, 5.2890625, 5.828125, 4.92578125, 1.5869140625, 2.8125, 3.783203125, 4.515625, 1.7841796875, 10.6328125, 1.240234375, 4.49609375, 0.0802001953125, 2.01171875, 0.46044921875, 12.0078125, 9.15625, 1.01953125, 2.064453125, 5.375, 0.0025501251220703125, 7.58203125, 0.0714111328125, 7.1875, 0.40185546875, 2.6875, 3.3671875, 10.3671875, 4.0703125, 0.1519775390625, 4.671875, 11.6875, 0.265625, 0.167236328125, 1.291015625, 6.65234375, 2.478515625, 0.17822265625, 3.904296875, 6.03515625, 6.61328125, 3.708984375, 1.6298828125, 6.6953125, 7.30859375, 0.299560546875, 6.86328125, 8.390625, 2.818359375, 3.91796875, 11.1171875, 8.3984375, 1.7177734375, 1.81640625, 2.48046875, 0.06634521484375, 1.015625, 4.54296875, 6.97265625, 2.671875, 11.28125, 0.29638671875, 8.515625, 3.32421875, 0.284423828125, 7.6875, 1.2978515625, 0.66748046875, 10.1015625, 0.1923828125, 10.0859375, 5.05078125, 0.748046875, 3.64453125, 4.25, 9.296875, 2.095703125, 11.8828125, 1.6083984375, 1.673828125, 5.8125, 5.49609375, 0.1744384765625, 1.4345703125, 0.98828125, 0.0011434555053710938, 3.3984375, 5.578125, 4.546875, 4.7890625, 6.04296875, 0.022308349609375, 5.765625, 7.66796875, 12.625, 0.07135009765625, 0.1689453125, 3.541015625, 2.515625, 9.8671875, 2.076171875, 1.53515625, 1.2294921875, 3.251953125, 5.0703125, 3.958984375, 0.005802154541015625, 4.69140625, 4.87109375, 1.796875, 5.65234375, 1.0771484375, 1.943359375, 3.03125, 11.0546875, 3.662109375, 1.35546875, 0.19873046875, 9.3984375, 8.4453125, 2.873046875, 0.00487518310546875, 6.109375, 5.0703125, 3.833984375, 2.0859375, 6.828125, 6.6796875, 3.8671875, 3.994140625, 7.18359375, 4.80078125, 3.9375, 3.9765625, 6.6796875, 0.673828125, 4.4140625, 0.148681640625, 3.966796875, 2.0703125, 5.0234375, 1.078125, 10.265625, 9.0546875, 8.703125, 1.94140625, 6.30078125, 8.8984375, 8.03125, 4.109375, 0.92529296875, 3.705078125, 8.875, 12.296875, 0.27099609375, 0.14453125, 0.6708984375, 2.65625, 3.53515625, 6.5625, 0.423583984375, 3.77734375, 0.10662841796875, 1.1484375, 6.07421875, 0.951171875, 2.458984375, 0.00508880615234375, 7.8984375, 0.32421875, 4.2265625, 2.412109375, 0.0003399848937988281, 12.046875, 2.701171875, 4.0, 6.04296875, 2.984375, 1.2236328125, 2.837890625, 10.0078125, 0.032012939453125, 3.919921875, 3.44140625, 0.494873046875, 2.36328125, 2.265625, 0.08245849609375, 2.955078125, 5.51171875, 4.31640625, 2.44921875, 1.8447265625, 4.51171875, 2.2265625, 4.15234375, 3.732421875, 4.6171875, 2.037109375, 3.396484375, 9.3125, 1.8232421875, 0.14892578125, 2.10546875, 4.35546875, 4.01171875, 2.51953125, 2.271484375, 1.896484375, 0.66650390625, 1.7568359375, 3.587890625, 3.435546875, 1.40234375, 1.62890625, 2.259765625, 1.958984375, 6.76953125, 1.1865234375, 5.84765625, 1.8447265625, 2.484375, 1.37890625, 5.61328125, 3.8125, 5.2890625, 13.0078125, 1.0625, 2.296875, 5.21875, 4.41796875, 3.896484375, 0.289306640625, 1.0849609375, 0.0019207000732421875, 4.98828125, 0.56982421875, 4.96875, 0.95849609375, 4.0859375, 0.07464599609375, 9.734375, 4.77734375, 9.3125, 0.26611328125, 8.9375, 3.1640625, 2.35546875, 9.109375, 0.5322265625, 3.931640625, 7.46875, 4.328125, 1.0185546875, 0.466796875, 0.003143310546875, 2.005859375, 0.79638671875, 4.41796875, 0.53564453125, 0.7705078125, 7.67578125, 7.15234375, 0.06610107421875, 0.0389404296875, 5.26953125, 1.7392578125, 1.87109375, 11.6953125, 0.39306640625, 0.44189453125, 11.4140625, 4.34375, 1.2880859375, 2.216796875]",-0.9565618095975932
230,0,test,3.5698180472124434,1.6378610872474662,2.254087678362954,6.286472032826945,2.884283675655915,3.969462578249227,35.51013139638504,28.60712545812065,31.782658975337103,62.533564723193784,50.3773278507785,55.969462346505594,3.6724214697603004,1.633597488427402,2.2772239580459317,6.467157305238265,2.8767754513186956,4.010205712282144,39.347068333405964,31.665498118457556,35.31129672731936,69.29043480096648,55.76314134067998,62.183415620436605,3.5889772839016385,1.6706618449247705,2.2667608964586874,6.320211569134961,2.9420460162197215,3.9917801950215877,36.19703769674245,29.38755987558835,32.445310246009086,63.74321103828859,51.75167776833169,57.136395401777015,0.8140703517587939,0.009070351758794004,0.014070351758793898,0.6633165829145728,0.008316582914572823,0.018316582914572832,0.5175879396984925,0.007587939698492474,0.017587939698492483,0.4193548387096774,0.08482889953257544,0.1642892844784497,0.38129496402877694,0.40703517587939697,0.06618304555358245,0.14326222095452223,0.35858585858585856,0.4301075268817204,0.0973704964702714,0.17265818242403264,0.3848920863309353,26.0,1.0,3.0,38.0,2.0,3.0,48.0,1.0,3.0,-0.00016000715933817516,-0.0006973043455784787,-0.0002382681696675151,0.00490541742068995,0.0050501331672734295,0.005543223345215509,"[3.056640625, 9.4453125, 2.4296875, 6.078125, 0.78955078125, 0.10418701171875, 6.328125, 5.94921875, 11.6484375, 11.34375, 1.5419921875, 7.38671875, 9.8359375, 2.740234375, 10.9453125, 2.548828125, 10.765625, 8.1953125, 6.1484375, 1.2705078125, 4.3671875, 8.34375, 6.5625, 0.7548828125, 9.390625, 0.83203125, 2.74609375, 1.7939453125, 4.8203125, 3.794921875, 3.18359375, 0.59765625, 2.294921875, 1.62109375, 2.03125, 1.5927734375, 0.8759765625, 7.23046875, 5.5703125, 10.3046875, 9.4453125, 3.12890625, 4.10546875, 8.3046875, 4.94921875, 0.81298828125, 0.95068359375, 1.1953125, 8.8046875, 1.638671875, 2.03125, 7.74609375, 3.072265625, 4.75390625, 5.00390625, 2.1953125, 9.0703125, 7.08203125, 1.2021484375, 1.8837890625, 6.01171875, 3.11328125, 2.71484375, 1.955078125, 0.048919677734375, 2.2890625, 0.5419921875, 2.515625, 3.23046875, 1.9521484375, 2.669921875, 3.26171875, 2.0078125, 3.48828125, 4.8203125, 4.0546875, 0.56201171875, 3.609375, 0.751953125, 3.046875, 5.046875, 2.638671875, 4.2265625, 7.36328125, 2.75390625, 4.8125, 7.7890625, 0.0178985595703125, 2.033203125, 0.58056640625, 0.4658203125, 4.3046875, 0.25390625, 11.1328125, 5.7265625, 6.13671875, 1.349609375, 4.4921875, 6.9296875, 2.15234375, 7.27734375, 4.8828125, 2.205078125, 6.15234375, 5.140625, 0.27197265625, 2.943359375, 6.07421875, 3.173828125, 5.5078125, 4.25390625, 0.841796875, 0.96728515625, 4.578125, 1.4453125, 0.395263671875, 4.796875, 1.326171875, 0.23486328125, 0.00121307373046875, 5.375, 6.76171875, 1.3251953125, 1.853515625, 2.251953125, 2.59375, 0.349365234375, 4.1953125, 7.5078125, 5.26171875, 3.69140625, 5.32421875, 0.496337890625, 4.3984375, 1.0703125, 3.763671875, 0.006671905517578125, 2.23828125, 3.474609375, 2.00390625, 3.21875, 0.1219482421875, 2.32421875, 0.99609375, 0.499267578125, 6.5859375, 1.0634765625, 1.4013671875, 6.640625, 3.095703125, 2.06640625, 1.73828125, 0.0150604248046875, 2.9375, 0.3330078125, 6.44921875, 0.52197265625, 6.51171875, 0.2322998046875, 6.671875, 3.462890625, 9.671875, 5.796875, 0.333984375, 2.67578125, 2.123046875, 6.85546875, 3.525390625, 5.59375, 3.4609375, 1.0234375, 8.7578125, 1.1435546875, 7.53125, 4.6796875, 1.5791015625, 7.3203125, 1.5166015625, 3.533203125, 0.7138671875, 4.5390625, 0.01268768310546875, 2.28125, 0.01320648193359375, 2.583984375, 0.91162109375, 3.310546875, 4.55078125, 0.05859375, 1.2939453125, 7.80078125, 1.7392578125, 6.68359375, 0.2861328125, 0.02178955078125, 2.0, 3.474609375, 0.46533203125, 6.26171875, 2.14453125, 10.7578125, 7.75390625, 6.61328125, 3.01953125, 1.81640625, 2.130859375, 0.273193359375, 1.31640625, 5.33203125, 2.611328125, 9.2109375, 2.26953125, 3.0625, 2.55859375, 0.0017995834350585938, 0.0009379386901855469, 0.75146484375, 7.46875, 3.828125, 5.26171875, 0.07659912109375, 4.62890625, 4.171875, 0.59033203125, 1.9501953125, 1.0107421875, 0.3212890625, 4.34375, 7.57421875, 2.744140625, 0.7099609375, 0.0191650390625, 0.34375, 7.08984375, 0.0897216796875, 0.459716796875, 0.075927734375, 0.00646209716796875, 3.849609375, 1.3427734375, 7.8828125, 7.7265625, 3.79296875, 4.4765625, 0.892578125, 2.82421875, 1.333984375, 6.4609375, 0.5791015625, 1.9794921875, 4.22265625, 4.69921875, 1.5625, 4.3359375, 0.03839111328125, 0.0196380615234375, 5.80859375, 2.013671875, 8.7421875, 0.35791015625, 4.23046875, 8.8984375, 5.23828125, 9.78125, 5.71484375, 4.3203125, 2.9921875, 5.13671875, 9.65625, 3.693359375, 0.01247406005859375, 4.7890625, 1.0029296875, 2.283203125, 3.232421875, 2.798828125, 0.197021484375, 0.908203125, 4.84375]",-0.6941542351972245
113,0,test,3.812507778406143,1.7339268084506543,2.3987346632914113,6.362431812015447,2.8936311024144037,4.003083171856446,45.26380825517365,37.27068986748324,41.152369147329075,75.53765403623136,62.198488934696066,68.67635630430892,3.883285263674942,1.7267491312042353,2.4017566402006807,6.480547485483507,2.881652770905769,4.008126341114123,48.583562992756015,39.94240904668621,44.18389701685653,81.07776421518375,66.657137175314,73.73546450215667,3.812507778406143,1.7339268084506543,2.3987346632914113,6.362431812015447,2.8936311024144037,4.003083171856446,45.26380825517365,37.27068986748324,41.152369147329075,75.53765403623136,62.198488934696066,68.67635630430892,0.7839195979899498,-0.021080402010050125,-0.011080402010050228,0.6482412060301508,-0.006758793969849242,-0.011758793969849135,0.5226130653266332,-0.012386934673366712,-0.007386934673366818,0.44140625,0.10222496345029242,0.18036728896103893,0.4392156862745098,0.4371859296482412,0.1063588619790683,0.17007407655976037,0.43939393939393945,0.44140625,0.10222496345029242,0.18036728896103893,0.4392156862745098,23.0,2.0,2.0,35.0,4.0,3.0,42.0,3.0,3.0,-0.00016383421376711693,-0.0001096454309546461,4.512822021519509e-06,8.629588256159337e-05,0.00014530477676810705,-0.00011039017629776993,"[3.0625, 9.453125, 2.48046875, 1.494140625, 1.81640625, 10.234375, 3.126953125, 5.1015625, 0.0085296630859375, 0.79541015625, 8.6640625, 11.171875, 0.16943359375, 3.154296875, 2.9296875, 6.2265625, 1.330078125, 4.37109375, 0.468505859375, 4.5859375, 0.251220703125, 0.83251953125, 7.390625, 3.724609375, 9.4765625, 0.75, 6.37890625, 4.24609375, 1.1240234375, 0.9052734375, 3.8046875, 9.59375, 0.1163330078125, 0.72705078125, 3.5703125, 5.78125, 7.5546875, 0.79052734375, 2.173828125, 6.890625, 1.4375, 7.58203125, 8.9140625, 1.4482421875, 7.22265625, 6.140625, 9.5859375, 5.453125, 5.73046875, 1.8544921875, 3.125, 7.078125, 2.44921875, 2.251953125, 2.07421875, 0.048126220703125, 1.4111328125, 6.25390625, 0.6298828125, 0.0175018310546875, 5.29296875, 0.576171875, 7.109375, 3.75, 6.2421875, 6.7109375, 4.15234375, 4.47265625, 7.41015625, 6.015625, 1.5546875, 3.072265625, 0.57958984375, 2.576171875, 0.0092926025390625, 7.015625, 1.9443359375, 0.04913330078125, 0.196044921875, 1.068359375, 5.203125, 1.119140625, 6.25390625, 2.212890625, 14.1953125, 0.73583984375, 5.62109375, 2.123046875, 0.003597259521484375, 2.341796875, 1.7119140625, 6.359375, 4.21875, 4.1875, 0.4619140625, 0.736328125, 11.828125, 5.6953125, 4.86328125, 0.912109375, 4.91015625, 1.626953125, 3.9609375, 6.78125, 2.13671875, 2.732421875, 1.26171875, 7.703125, 1.5908203125, 1.6376953125, 5.5703125, 6.44140625, 11.1875, 4.3046875, 2.181640625, 2.845703125, 3.623046875, 5.4609375, 4.99609375, 0.75390625, 8.84375, 5.046875, 1.7724609375, 0.9091796875, 7.7265625, 6.1328125, 3.234375, 2.310546875, 7.62109375, 0.300537109375, 4.86328125, 3.1796875, 0.48046875, 5.5859375, 0.95263671875, 4.34765625, 6.31640625, 8.5703125, 0.134765625, 8.6796875, 0.460205078125, 0.376220703125, 2.59375, 5.4765625, 4.67578125, 2.185546875, 4.51171875, 2.818359375, 2.962890625, 2.3828125, 1.6298828125, 3.84375, 1.671875, 2.138671875, 0.6484375, 7.20703125, 2.150390625, 8.0859375, 2.802734375, 6.75390625, 4.1015625, 6.4453125, 0.10919189453125, 7.55078125, 0.0219573974609375, 0.57861328125, 0.31591796875, 0.0386962890625, 0.245849609375, 1.5439453125, 3.599609375, 3.68359375, 0.21826171875, 4.7265625, 6.56640625, 1.01171875, 7.65625, 5.49609375, 7.4375, 1.5390625, 1.7607421875, 12.5625, 4.234375, 4.2734375, 9.0859375, 0.0282745361328125, 6.359375, 11.0625, 0.0021343231201171875, 1.7490234375, 4.89453125, 2.341796875, 2.35546875, 11.1015625, 8.40625, 2.40625, 5.05859375, 1.048828125, 4.02734375, 0.1572265625, 5.3671875, 0.84619140625, 2.2265625, 0.86376953125, 1.5283203125, 3.482421875, 2.75, 0.01088714599609375, 10.421875, 0.85595703125, 4.76171875, 1.001953125, 6.7578125, 4.12890625, 5.25, 6.359375, 0.73193359375, 2.630859375, 1.7890625, 5.5, 1.451171875, 6.5625, 10.4609375, 1.421875, 9.109375, 0.0614013671875, 4.74609375, 6.05859375, 2.3515625, 1.9091796875, 8.75, 6.41015625, 0.34423828125, 4.453125, 1.1171875, 0.0023250579833984375, 7.08203125, 5.51953125, 2.8515625, 7.8515625, 3.697265625, 1.0927734375, 2.27734375, 1.22265625, 2.828125, 2.31640625, 0.260009765625, 1.220703125, 2.8203125, 6.59765625, 7.2265625, 1.494140625, 3.849609375, 0.3349609375, 2.896484375, 2.173828125]",-0.5745886266231537
352,0,test,3.691493741723875,1.6623786244380128,2.2924887414371846,5.649104059304718,2.543943046488474,3.5082024679569037,40.10470831358525,32.49735654810607,36.05354126283709,61.37235666169864,49.73080320240474,55.17284344767495,3.9545285042805887,1.7755546843041263,2.442845320242767,6.0516269535202944,2.7171367138593445,3.7382935961290826,52.17108969901918,43.33385668687468,47.63673316772942,79.83757666062026,66.31393220264157,72.89863712031321,3.6778334646320663,1.6397540726972304,2.2896297133735555,5.628199695876344,2.509320626400307,3.5038272886474107,39.56059173806163,31.88473901000153,35.55294688132273,60.539693417336736,48.79331272742658,54.40678234869085,0.7839195979899498,-0.0010804020100502187,-0.0010804020100502187,0.6432160804020101,-0.001783919597989958,-0.0067839195979899625,0.5577889447236181,-0.012211055276381999,-0.012211055276381999,0.4370860927152318,0.10816047288052111,0.17717419844210403,0.4053156146179402,0.4522613065326633,0.1189279731993299,0.18348000436237943,0.4191919191919192,0.4448160535117057,0.11593458439651372,0.1856391903303931,0.3993288590604027,22.0,1.0,1.0,35.0,3.0,3.0,43.0,1.0,0.0,-0.001262656743000764,-0.00017075661799131555,-0.00014329310938331167,-0.0004951882937413998,-9.202525539642181e-05,5.081944426521545e-05,"[3.056640625, 9.4453125, 2.4296875, 1.0791015625, 5.80078125, 9.640625, 3.68359375, 3.640625, 1.01171875, 9.2890625, 0.384033203125, 6.30859375, 7.00390625, 2.4765625, 1.986328125, 5.359375, 9.703125, 1.66796875, 3.330078125, 11.3359375, 1.55078125, 11.8515625, 0.02764892578125, 8.8671875, 0.1063232421875, 4.39453125, 4.4140625, 6.015625, 0.005680084228515625, 3.357421875, 5.77734375, 4.39453125, 3.98046875, 5.8046875, 1.724609375, 9.0078125, 5.40625, 5.59765625, 1.9951171875, 4.79296875, 0.84033203125, 5.73046875, 0.00513458251953125, 2.607421875, 14.6171875, 6.52734375, 5.078125, 9.7421875, 1.6474609375, 2.0, 5.02734375, 2.10546875, 2.466796875, 10.8984375, 10.125, 7.38671875, 3.44921875, 4.01953125, 7.44140625, 1.935546875, 2.966796875, 2.080078125, 3.19140625, 6.25390625, 4.8125, 1.1455078125, 1.234375, 1.900390625, 1.072265625, 3.455078125, 5.12109375, 2.228515625, 1.744140625, 5.9375, 0.53515625, 0.7890625, 2.802734375, 1.6513671875, 4.62890625, 5.5859375, 0.1710205078125, 5.22265625, 7.27734375, 4.0234375, 1.6923828125, 4.9921875, 7.21875, 0.673828125, 4.828125, 0.06951904296875, 0.196044921875, 4.2578125, 0.51318359375, 4.72265625, 5.88671875, 8.65625, 0.389892578125, 0.421142578125, 10.890625, 0.113037109375, 1.115234375, 3.3359375, 3.962890625, 1.0927734375, 10.796875, 3.39453125, 0.8505859375, 2.388671875, 0.08050537109375, 0.0367431640625, 6.53515625, 0.11590576171875, 0.2183837890625, 7.29296875, 5.515625, 0.6416015625, 10.703125, 0.93896484375, 6.86328125, 3.677734375, 4.828125, 4.96484375, 0.517578125, 3.08203125, 3.884765625, 2.8125, 5.09375, 1.2685546875, 7.12890625, 1.83984375, 6.98828125, 3.6171875, 4.7890625, 0.00272369384765625, 2.146484375, 0.00858306884765625, 0.91748046875, 0.005828857421875, 13.3828125, 6.8125, 7.31640625, 4.49609375, 7.484375, 2.333984375, 0.027984619140625, 1.443359375, 11.7265625, 4.4453125, 6.10546875, 5.26171875, 5.62109375, 1.1533203125, 3.30078125, 0.036834716796875, 4.02734375, 2.828125, 2.599609375, 0.04461669921875, 6.94140625, 6.84375, 3.3671875, 4.8671875, 5.63671875, 2.626953125, 0.01458740234375, 1.3447265625, 0.003154754638671875, 0.011962890625, 0.0013246536254882812, 0.7880859375, 3.78515625, 7.734375, 0.91796875, 7.22265625, 6.6328125, 0.0509033203125, 11.1484375, 7.37109375, 7.3515625, 5.79296875, 7.9453125, 4.71484375, 5.72265625, 2.779296875, 5.77734375, 0.0013751983642578125, 0.190185546875, 9.1328125, 0.2125244140625, 4.12109375, 8.1484375, 5.11328125, 0.52099609375, 1.9306640625, 0.0017080307006835938, 0.005603790283203125, 0.0027599334716796875, 0.03485107421875, 6.60546875, 2.236328125, 0.10205078125, 2.23828125, 8.53125, 7.96484375, 0.441162109375, 0.0041961669921875, 0.032470703125, 0.0010442733764648438, 0.344482421875, 0.0003345012664794922, 5.91015625, 6.39453125, 4.7734375, 1.1240234375, 1.828125, 0.093505859375, 2.08984375, 1.0166015625, 2.771484375, 0.65087890625, 0.0015439987182617188, 0.022796630859375, 0.00685882568359375, 9.3671875, 0.1427001953125, 1.421875, 4.921875, 5.28125, 0.78515625, 4.984375, 1.1962890625, 5.625, 4.88671875, 3.083984375, 1.64453125, 7.97265625, 3.505859375, 2.021484375, 1.00390625, 7.76953125, 2.47265625, 6.2578125, 1.5771484375, 0.035552978515625, 0.62451171875, 2.166015625, 10.5546875, 5.59375, 9.515625, 5.34765625, 1.4638671875, 0.040130615234375, 0.0002906322479248047, 0.003879547119140625, 0.004772186279296875, 0.0006718635559082031, 2.767578125, 3.845703125, 2.400390625, 1.244140625, 3.89453125, 3.544921875, 2.046875, 0.08587646484375, 6.0234375, 1.0205078125, 2.060546875, 1.5078125, 1.181640625, 3.16796875, 8.6796875, 7.97265625, 4.5703125, 1.91015625, 2.85546875, 1.384765625, 3.19921875, 4.796875, 0.7587890625, 6.37890625, 3.26171875, 6.3359375, 1.0439453125, 7.01953125, 3.0859375, 2.734375, 2.5390625, 3.482421875, 3.439453125, 0.81298828125, 5.24609375, 7.8359375, 4.1796875, 2.337890625, 2.146484375, 4.2734375, 3.42578125, 6.6328125, 4.24609375, 8.4296875, 0.50048828125, 4.640625]",-1.3574993689328632
133,0,test,3.8549415728875567,1.7872503189942535,2.427041800236718,6.371991658714137,2.9542196449257947,4.011757328626574,47.2258575901734,39.31930977221202,43.055925406998604,78.06156460493366,64.99250615289164,71.16891199627415,3.754729885551798,1.684067758150202,2.3137188814143226,6.206347634353265,2.7836649414129804,3.824441209867203,42.72267823919169,34.792606141248065,38.49771312348544,70.6180740306639,57.51013132759239,63.63445522176123,3.8549415728875567,1.7872503189942535,2.427041800236718,6.371991658714137,2.9542196449257947,4.011757328626574,47.2258575901734,39.31930977221202,43.055925406998604,78.06156460493366,64.99250615289164,71.16891199627415,0.6984924623115578,0.008492462311557869,-0.0015075376884421399,0.6231155778894473,0.003115577889447274,0.003115577889447274,0.5326633165829145,-0.012336683417085381,0.0076633165829145256,0.46785714285714286,0.13630634071810543,0.2160756701730574,0.4623655913978495,0.457286432160804,0.1264593644916311,0.20019127356314126,0.4545454545454546,0.46785714285714286,0.13630634071810543,0.2160756701730574,0.4623655913978495,23.0,0.0,0.0,33.0,1.0,1.0,43.0,-1.0,-2.0,-6.60357620810165e-08,0.00028918514797433213,6.533630959709762e-05,0.0002526140072118821,-0.00017724280649034085,-2.6280809047207754e-05,"[3.0625, 6.44921875, 0.0345458984375, 0.00528717041015625, 0.01554107666015625, 7.6484375, 9.734375, 8.6328125, 10.546875, 4.359375, 1.1044921875, 0.08428955078125, 7.63671875, 3.236328125, 6.4375, 3.564453125, 0.043426513671875, 2.5078125, 0.0008597373962402344, 0.039794921875, 0.0013275146484375, 0.039642333984375, 8.53125, 5.2265625, 0.7919921875, 0.0011835098266601562, 0.007770538330078125, 0.00200653076171875, 0.2117919921875, 0.0001920461654663086, 8.359375, 5.94140625, 5.8671875, 0.13427734375, 2.44921875, 9.2578125, 1.4619140625, 9.9765625, 7.1953125, 0.79541015625, 10.8125, 6.078125, 4.3515625, 6.625, 4.49609375, 4.390625, 8.34375, 9.8046875, 2.861328125, 0.1485595703125, 0.0012979507446289062, 0.0276641845703125, 0.0008654594421386719, 7.46875, 2.48046875, 0.9697265625, 0.1820068359375, 0.0037860870361328125, 0.00022900104522705078, 0.001911163330078125, 0.162109375, 0.0079803466796875, 0.00017178058624267578, 5.44921875, 7.34765625, 9.9453125, 5.3203125, 6.12109375, 7.8984375, 4.078125, 6.1953125, 0.54833984375, 5.3359375, 2.263671875, 9.078125, 4.1796875, 5.18359375, 4.3359375, 3.41015625, 0.6875, 5.82421875, 4.84375, 4.17578125, 0.345947265625, 3.947265625, 4.640625, 1.3388671875, 1.431640625, 5.51953125, 5.2890625, 6.65234375, 5.39453125, 3.30078125, 6.75390625, 0.183837890625, 1.8408203125, 1.0205078125, 3.416015625, 2.00390625, 9.0078125, 9.640625, 0.3193359375, 0.0001354217529296875, 3.041015625, 2.046875, 1.9970703125, 5.1875, 4.48046875, 1.103515625, 4.59765625, 8.15625, 0.81103515625, 8.5625, 0.278564453125, 3.099609375, 4.2734375, 6.46875, 0.157958984375, 7.015625, 0.1622314453125, 9.1328125, 0.293212890625, 1.478515625, 0.509765625, 7.47265625, 12.140625, 0.049102783203125, 0.0005702972412109375, 0.1817626953125, 3.994140625, 4.8203125, 11.15625, 8.4140625, 5.9453125, 2.51953125, 11.25, 2.72265625, 6.41796875, 9.109375, 4.0078125, 8.4375, 0.017791748046875, 0.0167999267578125, 0.090576171875, 0.2646484375, 10.7265625, 0.021209716796875, 0.226806640625, 6.15625, 0.7744140625, 13.90625, 0.097412109375, 0.86279296875, 4.296875, 4.55859375, 2.4765625, 1.625, 5.359375, 3.525390625, 2.953125, 6.58203125, 3.216796875, 3.884765625, 2.4921875, 6.6796875, 0.347412109375, 0.322509765625, 5.3828125, 3.302734375, 2.873046875, 2.09765625, 0.658203125, 4.0703125, 0.8662109375, 3.083984375, 2.232421875, 0.2802734375, 6.890625, 1.8232421875, 4.7109375, 2.18359375, 6.828125, 0.84423828125, 8.1796875, 1.2314453125, 3.91015625, 1.3251953125, 2.93359375, 3.15234375, 7.15625, 5.16796875, 0.68896484375, 4.234375, 0.00910186767578125, 6.85546875, 1.5927734375, 1.6298828125, 7.984375, 7.0078125, 2.810546875, 3.490234375, 7.4375, 7.18359375, 0.1195068359375, 2.8203125, 3.837890625, 0.69580078125, 0.0008788108825683594, 3.849609375, 4.328125, 7.86328125, 1.923828125, 9.8125, 2.51953125, 0.85107421875, 1.6259765625, 0.2197265625, 12.6796875, 7.6015625, 5.04296875, 1.4208984375, 3.986328125, 11.265625, 2.919921875, 8.1171875, 8.46875, 2.939453125, 4.67578125, 6.88671875, 3.859375, 3.80078125, 9.125, 2.638671875, 3.861328125, 4.69140625, 6.93359375, 0.73876953125, 12.2890625, 5.15234375, 2.12890625, 0.03387451171875, 2.740234375, 1.029296875, 0.98974609375, 0.35693359375, 0.07952880859375, 3.576171875, 1.9345703125, 10.7109375, 10.328125, 6.390625, 2.8828125, 1.2861328125, 0.006855010986328125, 5.59375, 6.890625, 5.76953125, 4.78515625, 4.3828125, 1.361328125, 2.251953125, 5.9921875, 0.56201171875, 5.078125, 7.42578125, 1.3515625, 3.001953125, 0.1318359375, 5.08203125, 0.75, 9.3203125, 2.5703125, 6.60546875, 3.8828125, 1.9326171875, 3.98828125, 0.56494140625, 4.72265625, 0.0208892822265625, 1.35546875]",-1.1704814770392011
378,0,test,3.108443717375451,1.3849938154295485,1.9024254735334907,5.15008426547412,2.294664309587417,3.1519475301146587,22.38617805690101,16.782350245723336,19.04601961405283,37.08952577474724,27.80507733019251,31.55553545523546,3.2726857266833433,1.464371686790922,2.025041641762476,5.422201203972404,2.426177942612179,3.355098578068008,26.382099387951236,20.28194524685352,22.899969703408594,43.70998715163518,33.60322289419518,37.94077820683081,3.108443717375451,1.3849938154295485,1.9024254735334907,5.15008426547412,2.294664309587417,3.1519475301146587,22.38617805690101,16.782350245723336,19.04601961405283,37.08952577474724,27.80507733019251,31.55553545523546,0.7185929648241206,-0.0014070351758793676,-0.011407035175879376,0.5376884422110553,-0.012311557788944771,0.007688442211055246,0.4371859296482412,-0.002814070351758735,-0.002814070351758735,0.4014336917562724,0.10268592789222952,0.16424656422349526,0.38129496402877694,0.3869346733668342,0.08117026233926528,0.13818676017818643,0.40909090909090906,0.4014336917562724,0.10268592789222952,0.16424656422349526,0.38129496402877694,23.0,-2.0,-1.0,34.0,-2.0,0.0,44.0,-2.0,-2.0,-0.0004004699537043628,-0.0004761301688876642,5.14916570066602e-05,0.004921213126913848,0.0050633768368948395,0.004158415119751346,"[3.0625, 9.453125, 2.48046875, 1.494140625, 0.81689453125, 2.970703125, 1.1455078125, 1.83984375, 3.685546875, 0.9033203125, 4.38671875, 1.5546875, 6.5234375, 5.04296875, 6.51953125, 6.4296875, 1.6015625, 2.36328125, 9.1640625, 2.1328125, 1.4052734375, 1.998046875, 0.72216796875, 0.7294921875, 0.33203125, 5.0859375, 1.1533203125, 9.78125, 3.34375, 0.93017578125, 12.53125, 1.431640625, 1.814453125, 5.21484375, 0.0231475830078125, 1.130859375, 6.76171875, 4.05859375, 3.22265625, 0.133056640625, 1.8349609375, 5.69140625, 7.046875, 9.3046875, 1.263671875, 2.564453125, 1.7109375, 3.130859375, 5.12890625, 1.7490234375, 5.6796875, 2.505859375, 1.9453125, 5.4609375, 0.51416015625, 1.310546875, 5.8125, 2.076171875, 0.244873046875, 6.28125, 0.389892578125, 0.58056640625, 6.5078125, 5.15625, 2.021484375, 0.274169921875, 2.158203125, 1.74609375, 0.69189453125, 5.3515625, 2.0625, 11.171875, 0.6103515625, 0.2462158203125, 8.84375, 2.23046875, 2.794921875, 3.185546875, 3.759765625, 7.890625, 3.7421875, 0.020050048828125, 3.412109375, 0.69775390625, 2.34375, 3.044921875, 0.3837890625, 4.59765625, 3.759765625, 2.822265625, 4.24609375, 1.6865234375, 0.004177093505859375, 3.5390625, 1.34375, 4.7109375, 1.31640625, 0.2802734375, 0.810546875, 8.9140625, 7.3515625, 0.337158203125, 1.4365234375, 0.02813720703125, 2.25, 1.0478515625, 1.376953125, 6.42578125, 1.2861328125, 3.205078125, 0.94970703125, 4.87109375, 0.8134765625, 0.1995849609375, 7.0546875, 1.2900390625, 0.299560546875, 4.26171875, 0.0007648468017578125, 5.3046875, 1.017578125, 3.35546875, 0.697265625, 1.2294921875, 6.31640625, 4.90234375, 0.225830078125, 11.1328125, 1.1357421875, 2.30859375, 4.0859375, 3.126953125, 2.73046875, 0.298583984375, 10.2734375, 12.03125, 3.09765625, 5.203125, 2.384765625, 1.548828125, 4.234375, 0.92919921875, 3.021484375, 0.77685546875, 7.0390625, 11.4765625, 3.57421875, 4.3671875, 3.869140625, 6.3515625, 11.78125, 0.93310546875, 8.203125, 1.171875, 6.79296875, 3.1796875, 5.0546875, 0.004489898681640625, 0.5009765625, 10.53125, 1.453125, 0.341552734375, 3.6015625, 6.0859375, 11.0234375, 1.89453125, 3.75390625, 2.1953125, 5.75390625, 0.137451171875, 1.115234375, 6.03515625, 4.92578125, 5.3515625, 1.15625, 10.453125, 2.01171875, 0.55517578125, 0.01233673095703125, 0.1964111328125, 1.9853515625, 6.05859375, 0.00463104248046875, 7.12890625, 0.0054473876953125, 0.013427734375, 0.0716552734375, 0.015228271484375, 10.84375, 2.41796875, 4.0859375, 0.08685302734375, 0.0016040802001953125, 0.005023956298828125, 0.003421783447265625, 0.86962890625, 0.0063629150390625, 3.41015625, 0.06756591796875, 0.086669921875, 4.6640625, 8.4765625, 6.55859375, 0.04461669921875, 0.1455078125, 3.33984375, 8.765625, 0.376708984375, 1.455078125, 1.0712890625, 2.322265625, 3.056640625, 4.1484375, 0.0302581787109375, 0.0150146484375, 5.2890625, 9.75, 0.276611328125, 5.390625, 2.138671875, 5.08203125, 0.06573486328125, 2.689453125, 0.059661865234375, 0.01268768310546875, 0.0572509765625, 0.0011129379272460938, 0.79736328125, 0.397216796875, 0.007610321044921875, 0.0004341602325439453, 0.00089263916015625, 6.09765625, 0.00653076171875, 0.451416015625, 0.67138671875, 0.00408935546875, 0.004253387451171875, 1.333984375, 0.1517333984375, 1.111328125, 3.171875, 0.287109375, 1.572265625, 4.7734375, 0.01320648193359375, 7.74609375, 2.611328125, 3.650390625, 7.19140625, 0.64501953125, 6.22265625, 11.3828125, 6.09765625, 1.455078125, 4.44140625, 0.66748046875, 3.3125, 7.5, 1.7626953125, 2.767578125, 6.3984375, 3.04296875, 0.5673828125, 1.716796875, 5.0390625, 4.6328125, 0.71484375, 2.546875, 10.3359375, 3.474609375, 1.9111328125, 2.154296875, 1.6884765625, 0.0008664131164550781, 0.84326171875, 4.953125, 0.1302490234375, 1.6240234375]",-1.5642614561169808
71,0,test,2.9508382965832713,1.2675331540009447,1.6420762795830488,5.12017603973353,2.199372595983374,2.849264777358715,19.121976899108518,13.738657661574862,15.420388528075419,33.17968594365861,23.83876671871437,26.75683854186602,3.5957462332356513,1.5718551069328033,2.1996824855271444,6.239194377303869,2.7274198202486994,3.816800659818789,36.442884735329024,28.87517008477022,32.40361568402533,63.23422922111885,50.10303485028623,56.225451871824774,3.0617988364752318,1.3673129991645299,1.8559533440401201,5.3127103098656985,2.372506573892791,3.2203756654577425,21.36595647646685,15.922110253567983,18.026375000851385,37.073349137248414,27.62740591943303,31.278641553988702,0.728643216080402,0.0036432160804019675,-0.001356783919598037,0.6030150753768844,-0.016984924623115627,0.013015075376884289,0.5175879396984925,0.0025879396984924696,0.012587939698492479,0.43271767810026385,0.13759251340988177,0.17954074750397842,0.3677248677248677,0.4371859296482412,0.1113713933073891,0.18009077105057847,0.4040404040404041,0.4280936454849499,0.13927895433303006,0.1956131115583648,0.3657718120805369,19.0,0.0,0.0,32.0,2.0,4.0,41.0,1.0,4.0,-0.0004262318437800983,-0.0006692548950234362,-0.00014590021939322342,0.018112908674078554,0.02656783140739538,0.02144252080463982,"[3.056640625, 9.4453125, 2.4296875, 1.0791015625, 0.80224609375, 1.9931640625, 1.1474609375, 8.4609375, 0.43310546875, 6.28515625, 11.40625, 10.96875, 10.2734375, 9.109375, 2.0703125, 2.546875, 1.1484375, 2.96875, 0.36572265625, 0.11676025390625, 3.837890625, 9.9140625, 6.9765625, 6.50390625, 3.650390625, 7.29296875, 4.33984375, 4.3515625, 3.029296875, 3.033203125, 4.45703125, 0.50244140625, 4.73046875, 2.384765625, 0.87255859375, 1.8037109375, 2.76953125, 0.36376953125, 8.1875, 5.5078125, 0.329345703125, 3.833984375, 1.5439453125, 4.625, 8.609375, 0.0309600830078125, 4.796875, 0.1458740234375, 0.77880859375, 4.53125, 4.5234375, 0.57763671875, 8.859375, 3.626953125, 2.369140625, 5.515625, 5.3359375, 7.08984375, 5.18359375, 2.884765625, 3.1640625, 3.146484375, 1.76171875, 5.23046875, 0.03070068359375, 1.6396484375, 1.61328125, 3.498046875, 5.05078125, 4.34375, 0.007343292236328125, 3.591796875, 4.4453125, 2.66796875, 8.6796875, 5.25390625, 1.541015625, 0.54638671875, 3.431640625, 3.455078125, 0.32373046875, 3.56640625, 0.2247314453125, 0.1356201171875, 3.07421875, 0.7998046875, 2.138671875, 9.40625, 1.2451171875, 0.1495361328125, 5.9375, 4.08984375, 2.212890625, 1.26171875, 4.140625, 8.078125, 2.1875, 5.8828125, 2.140625, 1.6337890625, 4.703125, 0.0155487060546875, 7.5546875, 0.53857421875, 1.052734375, 6.21875, 6.5546875, 3.052734375, 2.416015625, 5.87109375, 3.212890625, 7.96875, 6.5625, 3.046875, 11.1171875, 0.105712890625, 5.44140625, 1.6669921875, 2.435546875, 10.2890625, 0.06097412109375, 14.1171875, 0.943359375, 5.12890625, 2.275390625, 4.0234375, 5.0, 0.02789306640625, 8.8203125, 4.25390625, 0.6123046875, 0.362060546875, 5.93359375, 0.61474609375, 0.26904296875, 1.64453125, 0.29443359375, 6.0390625, 2.39453125, 0.0225830078125, 0.0550537109375, 0.88330078125, 6.1875, 8.078125, 0.0237884521484375, 5.69140625, 6.71875, 1.1923828125, 0.2646484375, 4.6484375, 8.875, 5.73828125, 3.1484375, 6.52734375, 3.822265625, 2.470703125, 6.8359375, 2.357421875, 0.91357421875, 0.405517578125, 0.222900390625, 0.1097412109375, 6.44921875, 1.00390625, 6.5625, 0.001842498779296875, 0.061187744140625, 0.0008454322814941406, 0.005157470703125, 0.0032405853271484375, 0.99169921875, 0.0025386810302734375, 0.01270294189453125, 3.513671875, 9.7890625, 6.625, 3.63671875, 16.15625, 10.2734375, 3.451171875, 0.0034427642822265625, 1.572265625, 0.002231597900390625, 0.011993408203125, 8.625, 2.009765625, 2.072265625, 0.1053466796875, 1.53125, 7.6328125, 4.95703125, 5.06640625, 0.00040340423583984375, 0.007659912109375, 4.2734375, 5.46875, 5.06640625, 0.71826171875, 1.1982421875, 3.70703125, 0.2098388671875, 4.375, 0.12890625, 5.75390625, 0.10577392578125, 0.0010766983032226562, 0.25927734375, 5.08984375, 0.192138671875, 0.7470703125, 0.004138946533203125, 0.07220458984375, 5.29296875, 5.47265625, 4.05078125, 4.95703125, 1.259765625, 0.0007162094116210938, 0.01461029052734375, 5.5, 6.4921875, 9.28125, 1.623046875, 0.0016717910766601562, 0.044769287109375, 4.12109375, 6.72265625, 4.90234375, 0.6328125, 2.72265625, 0.063232421875, 0.0693359375, 7.94921875, 0.12359619140625, 1.5576171875, 0.11651611328125, 0.3583984375, 0.0015277862548828125, 0.1641845703125, 3.900390625, 8.2421875, 6.4609375, 1.990234375, 0.5908203125, 0.001789093017578125, 0.0270843505859375, 4.12890625, 0.438720703125, 0.60791015625, 0.1641845703125, 0.00287628173828125, 0.019439697265625, 0.83056640625, 4.640625, 2.701171875, 0.3134765625, 4.01171875, 0.662109375, 0.0716552734375, 2.720703125, 0.006412506103515625, 0.08319091796875, 0.0310516357421875, 0.0357666015625, 0.0021533966064453125, 0.1470947265625, 8.46875, 3.26953125, 1.4228515625, 7.09765625, 0.448974609375, 0.0009069442749023438, 0.0279998779296875, 4.71484375, 0.10491943359375, 0.00856781005859375, 0.334228515625, 0.2218017578125, 0.63037109375, 0.0189361572265625, 0.07012939453125, 0.0010042190551757812, 0.005657196044921875, 0.35791015625, 10.7734375, 5.5859375, 1.095703125, 7.01953125, 0.200927734375, 3.162109375, 0.0063323974609375, 0.0038394927978515625, 0.025665283203125, 0.0144500732421875, 0.038116455078125, 0.048492431640625, 0.0023059844970703125, 3.056640625, 0.0033321380615234375, 0.0087738037109375, 0.00431060791015625, 0.022186279296875, 2.86328125, 0.052947998046875, 0.0027217864990234375, 0.0106658935546875, 0.0076751708984375, 0.2442626953125, 0.0006284713745117188, 0.85595703125, 2.41015625, 0.04913330078125, 0.015777587890625, 2.1953125, 7.96484375, 2.396484375, 4.20703125, 0.29248046875, 1.3681640625, 4.8671875, 2.984375, 5.05859375, 1.7392578125, 0.0028400421142578125, 0.0028934478759765625, 0.1480712890625, 0.0042572021484375, 6.3671875, 0.1871337890625, 0.0034027099609375, 0.0008001327514648438, 0.022003173828125, 1.3828277587890625e-05, 2.6226043701171875e-05, 0.001888275146484375, 3.53515625, 0.0084686279296875, 0.0010623931884765625, 1.7021484375, 0.791015625, 1.1884765625, 0.0077972412109375, 0.0038089752197265625, 0.1636962890625, 7.0234375, 8.21875, 4.1015625, 4.78125, 1.8837890625, 6.6328125, 4.140625, 4.984375, 5.83984375, 9.6796875, 3.484375, 0.202392578125, 4.87890625, 4.98828125, 2.3203125, 8.8046875, 0.6533203125, 7.9453125, 0.5771484375, 3.759765625, 5.34765625, 6.58984375, 4.68359375, 0.79052734375, 2.255859375, 6.07421875, 3.873046875, 8.0625, 2.689453125, 4.234375, 0.07861328125, 2.11328125, 4.24609375, 1.7822265625, 7.4296875]",-1.5751340697497365
26,0,test,3.491941685082591,1.4995668718759296,2.0601285071737934,5.9568416980820675,2.558084663788351,3.5143368651788247,32.84966953565447,25.51674210196679,28.663386745540226,56.03767156082234,43.52856005629629,48.8963656247451,3.4097190574185934,1.4577863696113906,1.9959118987414652,5.816579568537601,2.4868120422782547,3.404790886088382,30.25674265783781,23.21445768293428,26.1451635795769,51.61444335748803,39.60113369441731,44.60057316516059,3.491941685082591,1.4995668718759296,2.0601285071737934,5.9568416980820675,2.558084663788351,3.5143368651788247,32.84966953565447,25.51674210196679,28.663386745540226,56.03767156082234,43.52856005629629,48.8963656247451,0.7185929648241206,-0.0014070351758793676,-0.0014070351758793676,0.6080402010050252,-0.001959798994974782,-0.006959798994974786,0.507537688442211,0.01753768844221104,0.012537688442211037,0.45674740484429066,0.09405310432615599,0.1679096603103436,0.4652777777777778,0.457286432160804,0.11392803617082903,0.18349678274511116,0.4696969696969697,0.45674740484429066,0.09405310432615599,0.1679096603103436,0.4652777777777778,23.0,2.0,2.0,35.0,3.0,3.0,44.0,2.0,2.0,0.0001718741960874054,0.00032806043470751247,-6.974430461855356e-06,0.0003149833039568506,-0.00014238108104080993,5.260203672641239e-06,"[3.0625, 6.44921875, 0.0345458984375, 0.00528717041015625, 0.01554107666015625, 0.64697265625, 3.7421875, 0.0546875, 8.3671875, 3.9765625, 6.28125, 9.5703125, 3.767578125, 0.074462890625, 5.27734375, 5.7734375, 3.34765625, 1.35546875, 3.455078125, 0.0186920166015625, 3.634765625, 3.93359375, 5.09765625, 1.1015625, 4.94140625, 0.044769287109375, 3.9921875, 7.21875, 3.5703125, 1.86328125, 2.873046875, 0.0330810546875, 6.13671875, 0.1785888671875, 11.203125, 7.609375, 2.7109375, 0.004215240478515625, 0.43603515625, 0.0005083084106445312, 0.64453125, 7.79296875, 0.83837890625, 5.5625, 0.56640625, 0.044891357421875, 0.76904296875, 7.74609375, 3.572265625, 0.00614166259765625, 0.08428955078125, 1.1259765625, 9.6640625, 12.8984375, 3.271484375, 0.374267578125, 2.341796875, 0.0099029541015625, 0.002105712890625, 0.0037021636962890625, 0.00023412704467773438, 4.3046875, 4.0625, 6.61328125, 4.1953125, 0.2296142578125, 5.9453125, 0.1575927734375, 0.08367919921875, 6.015625, 4.25390625, 5.0078125, 7.2421875, 2.259765625, 8.0859375, 0.0557861328125, 0.0006875991821289062, 0.0029735565185546875, 1.58203125, 0.296142578125, 4.1171875, 0.0966796875, 8.6953125, 5.66015625, 4.30078125, 11.1953125, 1.1484375, 3.38671875, 0.0088348388671875, 5.9765625, 2.25390625, 6.77734375, 2.623046875, 1.515625, 5.53515625, 1.05078125, 4.78125, 6.78125, 3.603515625, 4.79296875, 3.45703125, 5.32421875, 0.003749847412109375, 2.15234375, 5.46875, 1.5791015625, 0.87646484375, 1.64453125, 8.3984375, 0.46337890625, 0.2171630859375, 0.58203125, 8.0859375, 2.169921875, 4.7265625, 8.8359375, 3.30078125, 4.328125, 3.005859375, 4.69140625, 4.30078125, 8.609375, 1.236328125, 7.77734375, 3.052734375, 0.259521484375, 0.93408203125, 0.305419921875, 3.623046875, 8.1796875, 1.560546875, 0.1602783203125, 3.84375, 3.333984375, 4.7578125, 1.9990234375, 7.0, 0.314208984375, 7.9296875, 5.4609375, 9.4140625, 3.287109375, 3.171875, 4.11328125, 3.31640625, 5.86328125, 2.49609375, 1.298828125, 0.00972747802734375, 1.763671875, 10.0078125, 2.775390625, 0.72802734375, 5.7734375, 2.720703125, 2.935546875, 3.77734375, 1.30859375, 1.87890625, 0.9931640625, 2.962890625, 2.30078125, 9.3828125, 0.427734375, 2.583984375, 4.89453125, 4.36328125, 4.5703125, 7.76171875, 2.62890625, 4.95703125, 0.00030350685119628906, 3.173828125, 0.05426025390625, 0.02947998046875, 3.998046875, 2.16796875, 7.109375, 7.13671875, 0.0517578125, 2.2734375, 0.708984375, 7.20703125, 7.11328125, 4.15625, 1.802734375, 1.64453125, 1.3642578125, 4.21875, 0.111572265625, 0.61962890625, 6.54296875, 8.359375, 11.3125, 0.10986328125, 0.1728515625, 2.095703125, 2.068359375, 0.452880859375, 9.875, 0.92529296875, 9.015625, 7.0625, 2.400390625, 5.88671875, 8.5625, 1.126953125, 6.03515625, 4.9375, 1.900390625, 7.09375, 5.3515625, 3.9296875, 4.8515625, 2.439453125, 9.2890625, 2.703125, 2.724609375, 7.12109375, 5.05078125, 6.00390625, 1.0419921875, 5.26953125, 8.5, 4.86328125, 1.953125, 2.681640625, 4.55859375, 2.9453125, 2.28515625, 0.634765625, 5.73046875, 3.5, 4.875, 2.82421875, 0.529296875, 6.7578125, 4.625, 6.68359375, 2.326171875, 0.87109375, 0.0194244384765625, 7.15625, 0.045440673828125, 0.1519775390625, 1.55859375, 1.4140625, 3.1953125, 0.0163726806640625, 0.83544921875, 0.357177734375, 0.03448486328125, 0.0004887580871582031, 0.00020062923431396484, 2.126953125, 3.328125, 0.0660400390625, 4.37109375, 3.380859375, 4.53125, 0.08673095703125, 3.86328125, 7.73828125, 2.3046875, 1.779296875, 0.027374267578125, 1.8896484375, 6.3203125, 0.05780029296875, 1.9384765625, 4.359375, 6.05859375, 8.6015625, 4.421875, 5.23046875, 4.390625, 3.724609375, 5.80078125, 0.2196044921875, 5.9296875, 4.26953125, 1.8603515625, 0.4140625, 5.53125, 1.853515625, 7.23828125, 3.58984375, 10.109375, 0.88037109375]",-1.104817634222829
145,0,test,3.7030001275787945,1.6409601323393748,2.288530563969731,6.017375207315541,2.666560215051484,3.7188621664508137,40.568833643889235,32.70684175558413,36.4545301331297,65.92435467132,53.1486178528242,59.23861146633576,4.2651372219449915,1.937633416174978,2.677738521342328,6.930847985660611,3.1486543012843393,4.351325097181283,71.17468603217235,60.92236824325361,66.28367664611207,115.65886480228005,98.9988483952871,107.71097454993212,3.7030001275787945,1.6409601323393748,2.288530563969731,6.017375207315541,2.666560215051484,3.7188621664508137,40.568833643889235,32.70684175558413,36.4545301331297,65.92435467132,53.1486178528242,59.23861146633576,0.7939698492462312,0.00896984924623112,-0.0060301507537688925,0.6683417085427136,-0.0016582914572863539,0.008341708542713655,0.5829145728643217,0.0029145728643216184,-0.0070854271356783904,0.444015444015444,0.13573028023895073,0.20524779318104092,0.3565891472868217,0.4371859296482412,0.1013463306507475,0.18009077105057847,0.41414141414141414,0.444015444015444,0.13573028023895073,0.20524779318104092,0.3565891472868217,28.0,12.0,11.0,37.0,8.0,9.0,48.0,11.0,12.0,-0.0012092733550999365,-0.0009070928125280932,-0.00032677826130375116,0.00010708564814265742,0.00016179463533028127,-9.987650539144965e-05,"[3.0625, 9.453125, 2.48046875, 1.494140625, 10.8203125, 7.83203125, 11.53125, 1.154296875, 7.4296875, 2.849609375, 8.328125, 7.37890625, 6.02734375, 0.62353515625, 5.9765625, 0.04730224609375, 3.73046875, 1.37109375, 7.23828125, 3.638671875, 4.1015625, 1.9013671875, 5.57421875, 2.046875, 1.564453125, 9.7421875, 12.1328125, 0.43603515625, 3.900390625, 3.716796875, 5.86328125, 4.4765625, 8.515625, 1.79296875, 9.9609375, 6.34765625, 0.311279296875, 0.85009765625, 6.1640625, 0.609375, 4.66015625, 9.6171875, 1.162109375, 4.4921875, 2.103515625, 3.1328125, 7.65625, 0.0853271484375, 7.57421875, 0.2205810546875, 3.46875, 9.1953125, 3.056640625, 2.521484375, 6.12890625, 6.90625, 0.036346435546875, 7.27734375, 2.109375, 1.287109375, 0.04290771484375, 0.5517578125, 0.321533203125, 5.58984375, 9.390625, 8.28125, 7.24609375, 0.01177978515625, 4.55859375, 2.296875, 5.8828125, 0.6416015625, 0.09136962890625, 0.272216796875, 4.2578125, 8.4375, 10.3125, 0.36865234375, 1.0947265625, 2.69921875, 4.01953125, 1.169921875, 5.484375, 7.34375, 5.7265625, 7.17578125, 3.908203125, 2.626953125, 0.0172882080078125, 5.296875, 0.541015625, 0.31884765625, 8.078125, 2.91015625, 0.006275177001953125, 6.44921875, 7.9921875, 0.51220703125, 3.6875, 4.4453125, 9.125, 0.34521484375, 0.98388671875, 3.94140625, 3.3671875, 5.1640625, 7.07421875, 5.8203125, 6.484375, 0.11163330078125, 1.3828125, 3.796875, 7.875, 3.267578125, 2.244140625, 8.21875, 1.1171875, 6.14453125, 0.453125, 11.3125, 3.751953125, 9.03125, 0.00350189208984375, 8.171875, 1.77734375, 0.86083984375, 3.380859375, 0.720703125, 2.31640625, 14.65625, 1.2392578125, 11.4140625, 8.1796875, 5.19921875, 11.40625, 5.6015625, 5.31640625, 8.0234375, 7.21484375, 0.01041412353515625, 6.765625, 8.9765625, 0.1676025390625, 0.0029239654541015625, 0.91943359375, 1.5615234375, 8.3359375, 0.289306640625, 1.0869140625, 2.43359375, 8.2265625, 6.8828125, 3.599609375, 5.4296875, 0.30859375, 1.056640625, 5.81640625, 1.1181640625, 0.94775390625, 8.0546875, 2.31640625, 2.4921875, 4.8203125, 3.740234375, 2.232421875, 5.10546875, 0.1259765625, 0.79296875, 9.3203125, 7.37890625, 1.150390625, 3.830078125, 3.580078125, 3.830078125, 8.296875, 4.140625, 3.017578125, 7.15625, 4.109375, 1.8447265625, 6.3515625, 0.7412109375, 7.19921875, 8.0390625, 8.8046875, 0.267578125, 1.314453125, 1.3828125, 4.0, 1.40625, 0.91845703125, 2.3046875, 10.5, 0.73193359375, 3.751953125, 0.363037109375, 3.064453125, 3.763671875, 2.052734375, 8.828125, 2.5, 1.06640625, 2.509765625, 4.046875, 2.783203125, 4.34375, 13.109375, 4.296875, 0.057708740234375, 0.0009679794311523438, 5.82421875, 2.7265625, 0.00612640380859375, 0.058563232421875, 0.00118255615234375, 0.0018224716186523438, 0.001544952392578125, 1.021484375, 4.9921875, 0.0006699562072753906, 0.90283203125, 0.0011606216430664062, 3.111328125, 0.005115509033203125, 0.0115966796875, 0.001068115234375, 0.031982421875, 1.0947265625, 0.40087890625, 0.0692138671875, 0.0232696533203125, 0.0026493072509765625, 0.004497528076171875, 0.0006794929504394531, 1.380859375, 0.02655029296875, 2.96484375, 0.94580078125, 0.0882568359375, 0.01419830322265625, 0.0160675048828125, 0.0007801055908203125, 0.73291015625, 0.0017347335815429688, 7.7109375, 0.413818359375, 5.41796875, 3.455078125, 2.0390625, 0.10369873046875, 4.58984375, 8.9765625, 7.84765625, 1.5908203125, 0.396484375, 1.7060546875, 0.372314453125, 0.2236328125, 4.26953125]",-1.2131819135894184
20,0,test,3.552328894976463,1.6045112121627176,2.206706091463777,5.7070201919293995,2.5777393244581366,3.5451999502204945,34.89448853054235,27.88112305073409,31.053910809342028,56.05999796710082,44.7926239175728,49.88988949697571,3.7801648671902606,1.6870948178565688,2.3384410378714957,6.073051753846648,2.7104146254089136,3.756839700186993,43.82326615878207,35.71349176606033,39.5952883079021,70.40459153378103,57.375773656949384,63.61210252744928,3.552328894976463,1.6045112121627176,2.206706091463777,5.7070201919293995,2.5777393244581366,3.5451999502204945,34.89448853054235,27.88112305073409,31.053910809342028,56.05999796710082,44.7926239175728,49.88988949697571,0.7889447236180904,0.0039447236180903955,0.0089447236180904,0.6582914572864322,-0.0067085427135678,-0.0017085427135676845,0.5175879396984925,0.0025879396984924696,0.0025879396984924696,0.42320819112627983,0.09782488618590501,0.17008673823184173,0.3972602739726028,0.4321608040201005,0.09130867369428597,0.16004060368621065,0.40909090909090906,0.42320819112627983,0.09782488618590501,0.17008673823184173,0.3972602739726028,23.0,3.0,2.0,37.0,5.0,6.0,43.0,2.0,2.0,-0.0008811336092301353,-0.00010377922922806314,-7.447319471960499e-05,0.005018232032962366,0.0041165661518860475,0.004207478917314766,"[3.0625, 9.453125, 2.48046875, 1.494140625, 5.81640625, 4.11328125, 2.51171875, 1.955078125, 2.333984375, 6.0390625, 1.958984375, 0.054931640625, 5.5703125, 5.87890625, 2.84375, 7.34765625, 4.73046875, 8.078125, 4.33984375, 0.66015625, 6.125, 3.541015625, 1.427734375, 6.7109375, 3.97265625, 1.5771484375, 1.3583984375, 2.546875, 5.3125, 9.2734375, 2.326171875, 9.59375, 0.04931640625, 6.59375, 0.455810546875, 7.14453125, 0.2093505859375, 3.8984375, 6.015625, 2.791015625, 4.44921875, 0.454833984375, 2.02734375, 8.2109375, 3.888671875, 0.0006494522094726562, 2.173828125, 1.451171875, 10.1328125, 0.10595703125, 0.94482421875, 0.49560546875, 4.4375, 2.076171875, 0.13134765625, 0.109375, 7.734375, 3.07421875, 6.74609375, 4.609375, 5.6875, 4.4765625, 13.53125, 8.0390625, 2.04296875, 4.578125, 1.2333984375, 8.15625, 4.9765625, 1.6533203125, 2.06640625, 0.54443359375, 6.11328125, 2.126953125, 2.234375, 0.0208282470703125, 10.8671875, 0.441162109375, 3.4921875, 6.48046875, 7.47265625, 0.69140625, 9.609375, 0.96630859375, 2.408203125, 6.6875, 0.58056640625, 2.63671875, 10.359375, 2.048828125, 3.369140625, 6.484375, 1.4453125, 0.383056640625, 2.572265625, 1.0869140625, 3.71484375, 4.33203125, 8.46875, 2.392578125, 0.2939453125, 4.31640625, 2.32421875, 4.21875, 2.4609375, 4.3984375, 3.228515625, 1.361328125, 4.28515625, 4.76953125, 2.029296875, 2.791015625, 5.23046875, 3.521484375, 1.998046875, 8.6875, 4.86328125, 12.0078125, 1.43359375, 6.55859375, 0.63671875, 1.5615234375, 4.89453125, 2.919921875, 0.880859375, 2.447265625, 8.90625, 0.07177734375, 4.2421875, 1.6669921875, 4.62890625, 5.1640625, 3.376953125, 0.030426025390625, 10.765625, 0.342529296875, 2.03515625, 0.61669921875, 6.33984375, 2.951171875, 5.37890625, 8.21875, 1.8291015625, 7.109375, 1.7744140625, 1.041015625, 3.517578125, 3.046875, 8.1953125, 6.89453125, 4.86328125, 0.1878662109375, 7.95703125, 2.744140625, 0.9677734375, 6.84375, 7.92578125, 0.7685546875, 0.17333984375, 3.71484375, 0.00522613525390625, 1.771484375, 6.95703125, 5.01953125, 1.283203125, 2.548828125, 2.9765625, 5.34765625, 3.111328125, 2.45703125, 5.72265625, 3.74609375, 0.471435546875, 0.5498046875, 0.05487060546875, 1.173828125, 5.91015625, 0.00260162353515625, 0.0579833984375, 0.0010204315185546875, 0.00804901123046875, 0.002727508544921875, 1.1611328125, 0.004154205322265625, 0.018035888671875, 4.8984375, 7.3359375, 0.347412109375, 8.7265625, 4.30078125, 6.328125, 2.900390625, 13.4453125, 4.0546875, 3.74609375, 6.6953125, 12.3203125, 3.0625, 0.69580078125, 5.1796875, 4.13671875, 8.59375, 5.81640625, 0.2208251953125, 3.798828125, 0.01175689697265625, 0.0033435821533203125, 3.615234375, 2.478515625, 0.0021514892578125, 6.58203125, 7.26171875, 5.0390625, 5.1875, 0.85107421875, 6.47265625, 5.26953125, 10.6953125, 2.857421875, 9.28125, 6.0234375, 8.671875, 6.35546875, 4.09765625, 1.5302734375, 0.0013208389282226562, 0.0205535888671875, 0.0020751953125, 0.0196533203125, 3.248046875, 10.0703125, 8.125, 0.1463623046875, 0.0008258819580078125, 0.008880615234375, 0.0008306503295898438, 1.4619140625, 0.036285400390625, 8.2578125, 7.97265625, 0.11614990234375, 0.038848876953125, 0.01239013671875, 0.0003535747528076172, 0.8037109375, 0.00357818603515625, 1.990234375, 0.00495147705078125, 0.02197265625, 2.833984375, 10.375, 0.1409912109375, 0.00524139404296875, 0.642578125, 0.1358642578125, 0.434326171875, 5.1796875, 0.0095062255859375, 0.0114593505859375, 13.4765625, 0.133544921875, 2.9296875, 0.521484375, 0.2315673828125, 0.0015354156494140625, 0.02191162109375, 0.004047393798828125, 1.1494140625, 0.37353515625, 0.000972747802734375, 0.0012311935424804688, 0.0003514289855957031, 6.44140625, 1.390625, 3.408203125, 10.4921875, 1.1767578125, 1.2744140625, 11.6875, 4.41796875, 1.0576171875, 0.88818359375, 1.548828125, 0.004398345947265625, 8.34375, 0.02447509765625, 3.017578125, 11.2109375, 2.291015625, 6.33984375, 3.70703125, 4.890625, 7.203125]",-1.3008329168521504
94,0,test,3.3217091951339572,1.3839251569010038,1.951759269741888,5.757629271565526,2.398803605295073,3.3830494008859393,27.707667920878464,20.764320203525216,23.77251428161734,48.02662439618934,35.99148835277705,41.20569142147006,3.3227291957816885,1.4535616901325903,2.028207458603389,5.75939727268826,2.5195069295631565,3.515559594912541,27.735944178553897,21.25304700164368,24.086693922559917,48.07563657616009,36.83861480284905,41.75026946577053,3.3533073787306464,1.4243413978314916,2.0011682665795396,5.812399456466454,2.468858422907919,3.4686916620712025,28.597159042989798,21.714769004746234,24.731473214766506,49.568409007848985,37.63893294156014,42.86788690559528,0.6984924623115578,-0.006507537688442255,-0.006507537688442255,0.5829145728643217,0.012914572864321627,0.012914572864321627,0.4321608040201005,-0.00783919597989946,-0.012839195979899465,0.38585209003215437,0.06964021202252357,0.12488952318723456,0.35806451612903223,0.40201005025125625,0.08622057656704574,0.1415759934899875,0.3434343434343434,0.3913043478260869,0.07744792044712201,0.13768921990617589,0.36241610738255037,25.0,0.0,0.0,38.0,0.0,0.0,46.0,0.0,0.0,-0.000644290746206213,-0.0005165344684431654,4.706259721775992e-05,-0.00045964795473452114,-5.716352994689089e-05,8.236045698506445e-05,"[3.0625, 9.453125, 2.48046875, 1.494140625, 9.8203125, 9.2109375, 2.861328125, 4.69140625, 3.587890625, 7.4921875, 0.487548828125, 11.8125, 1.8251953125, 0.0163116455078125, 4.4609375, 2.912109375, 2.73046875, 6.80859375, 6.05859375, 2.94140625, 6.71484375, 3.26171875, 7.0859375, 9.8828125, 0.29150390625, 1.39453125, 0.95166015625, 5.02734375, 2.1328125, 10.4765625, 5.04296875, 5.81640625, 4.25, 1.548828125, 0.83740234375, 2.384765625, 1.892578125, 5.41796875, 2.30078125, 10.015625, 0.143798828125, 6.5703125, 7.140625, 6.703125, 0.7060546875, 1.470703125, 2.27734375, 1.1044921875, 1.375, 1.908203125, 1.5302734375, 9.1328125, 4.7890625, 0.245361328125, 8.9375, 0.1361083984375, 4.4921875, 9.453125, 6.28515625, 2.45703125, 0.72265625, 0.1812744140625, 7.09765625, 6.85546875, 8.890625, 5.71484375, 0.0112457275390625, 1.3095703125, 8.1875, 1.8154296875, 3.673828125, 5.78515625, 8.953125, 0.8271484375, 5.95703125, 5.625, 1.3818359375, 1.5498046875, 5.0, 3.044921875, 2.6484375, 1.3154296875, 0.07501220703125, 1.39453125, 8.1015625, 0.06353759765625, 4.08984375, 0.00843048095703125, 9.8671875, 2.88671875, 2.140625, 4.54296875, 2.27734375, 5.35546875, 0.6630859375, 1.4716796875, 5.5625, 5.73828125, 3.1171875, 2.255859375, 2.6171875, 2.759765625, 2.458984375, 5.53125, 1.359375, 0.6904296875, 4.984375, 1.4111328125, 5.55078125, 3.12109375, 2.544921875, 8.25, 3.865234375, 3.76953125, 0.08837890625, 2.888671875, 0.2724609375, 0.1259765625, 8.625, 0.00391387939453125, 2.150390625, 0.002895355224609375, 0.4873046875, 0.004085540771484375, 1.357421875, 0.0023136138916015625, 0.0219268798828125, 7.984375, 1.4248046875, 3.658203125, 3.80078125, 5.1875, 7.75, 2.015625, 1.0498046875, 0.0005016326904296875, 0.00041556358337402344, 6.14453125, 0.009033203125, 2.458984375, 1.0126953125, 0.0006618499755859375, 0.000888824462890625, 12.1484375, 5.57421875, 2.66796875, 0.0170745849609375, 2.4296875, 0.00038313865661621094, 0.004108428955078125, 4.62109375, 0.75537109375, 0.1361083984375, 0.1566162109375, 0.0014047622680664062, 0.01029205322265625, 6.14453125, 5.26171875, 2.2734375, 7.73046875, 1.8076171875, 9.3125, 3.443359375, 0.98095703125, 2.4375, 0.50634765625, 0.0002732276916503906, 0.002674102783203125, 3.5703125, 0.0010747909545898438, 0.09796142578125, 0.062286376953125, 0.00010585784912109375, 0.0016756057739257812, 9.2109375, 4.72265625, 2.865234375, 0.0296173095703125, 6.69140625, 8.078125, 2.5546875, 4.90625, 0.001018524169921875, 0.006534576416015625, 1.6328125, 0.00826263427734375, 0.80078125, 0.0003876686096191406, 0.01079559326171875, 0.00031948089599609375, 3.7890625, 4.55859375, 2.0625, 2.513671875, 3.01171875, 0.316162109375, 0.4501953125, 6.6171875, 9.015625, 3.2265625, 5.671875, 0.147705078125, 1.6435546875, 0.0021610260009765625, 0.020263671875, 0.0054168701171875, 0.03338623046875, 8.6015625, 0.4345703125, 0.0005364418029785156, 0.01033782958984375, 0.0017995834350585938, 0.1314697265625, 0.0005931854248046875, 0.98876953125, 3.16796875, 5.21875, 0.41259765625, 0.86376953125, 6.79296875, 11.2109375, 3.162109375, 9.5546875, 9.7890625, 0.74609375, 4.77734375, 12.28125, 0.64404296875, 7.34375, 1.455078125, 2.78125, 0.0013885498046875, 0.0031261444091796875, 0.0153045654296875, 0.0006051063537597656, 10.59375, 0.2421875, 3.2421875, 3.712890625, 3.6640625, 7.37109375, 4.34375, 0.353271484375, 10.9375, 0.07623291015625, 3.265625, 13.4765625, 8.703125, 9.703125, 3.712890625, 8.078125, 0.7177734375, 4.5234375, 1.7861328125, 9.46875, 6.81640625, 7.0390625, 0.56201171875, 7.5234375, 3.0625, 5.30859375, 1.23046875, 0.125732421875, 0.412841796875, 0.34912109375, 0.0022735595703125, 0.00041365623474121094, 0.001445770263671875, 11.7734375, 7.359375, 2.318359375, 4.7109375, 0.005092620849609375, 0.0005016326904296875, 6.8359375, 0.92822265625, 6.69921875, 3.271484375, 6.06640625, 4.73828125, 1.533203125, 4.0, 3.052734375, 0.00537109375, 0.00046062469482421875, 2.689453125, 6.17578125, 5.4453125, 1.533203125, 0.83935546875, 7.41796875, 1.9072265625, 2.474609375, 1.318359375, 0.004322052001953125, 0.0006308555603027344, 7.67578125, 0.048065185546875, 2.8515625, 0.3125, 4.44140625, 0.003269195556640625, 0.00021600723266601562, 13.25, 3.166015625, 4.39453125, 2.63671875, 0.0142059326171875, 0.00864410400390625, 0.003505706787109375, 2.181640625]",-0.9204392042190701
238,0,test,3.533104187314691,1.583548127649183,2.177233941572351,6.5046553912151275,2.9154064866653835,4.008417455345124,34.23005938131751,27.204491426128776,30.349923221552686,63.01957952322032,50.08509017525695,55.87601758669965,3.767769957307595,1.6765843666305007,2.317299292842227,6.936689060473586,3.086691747836286,4.266286115298935,43.283433225622964,35.1889269768473,39.01831174167267,79.68738037565024,64.7849119176394,71.83503751115896,3.533104187314691,1.583548127649183,2.177233941572351,6.5046553912151275,2.9154064866653835,4.008417455345124,34.23005938131751,27.204491426128776,30.349923221552686,63.01957952322032,50.08509017525695,55.87601758669965,0.7236180904522613,-0.01638190954773866,-0.01638190954773866,0.6080402010050252,0.008040201005025227,0.0030402010050252226,0.507537688442211,-0.0024623115577889765,-0.0024623115577889765,0.43321299638989175,0.12330308647998178,0.18951551739829509,0.37681159420289856,0.4170854271356784,0.10630848477978871,0.17501531027424266,0.38383838383838387,0.43321299638989175,0.12330308647998178,0.18951551739829509,0.37681159420289856,23.0,3.0,3.0,33.0,4.0,5.0,41.0,5.0,3.0,-0.000778005820905451,-0.0005977513721700652,-7.135123236769666e-05,0.00023182424163081805,-0.0001888633816387042,-3.6794479953528025e-05,"[3.0625, 9.453125, 2.48046875, 1.494140625, 0.81689453125, 4.97265625, 0.63427734375, 10.484375, 3.947265625, 4.34375, 0.73779296875, 8.1015625, 5.4375, 12.3828125, 4.015625, 3.42578125, 8.3203125, 1.3232421875, 8.859375, 3.541015625, 1.07421875, 1.0107421875, 2.4453125, 8.734375, 5.3671875, 4.33203125, 12.65625, 1.970703125, 0.09136962890625, 5.26171875, 8.265625, 3.2421875, 3.693359375, 10.4140625, 5.51171875, 0.036163330078125, 0.96728515625, 2.271484375, 9.2734375, 2.390625, 3.6640625, 0.53466796875, 3.5703125, 0.050567626953125, 2.5390625, 4.78125, 3.44140625, 2.6015625, 4.97265625, 0.5126953125, 0.0394287109375, 0.33056640625, 3.65625, 0.69189453125, 1.4990234375, 6.51171875, 1.0986328125, 3.81640625, 11.0, 0.416748046875, 4.375, 11.125, 7.109375, 1.4990234375, 8.375, 2.4609375, 2.314453125, 3.21484375, 0.391357421875, 3.69140625, 1.3603515625, 7.77734375, 0.4375, 0.90576171875, 0.931640625, 5.0, 5.828125, 0.77783203125, 2.625, 4.44140625, 1.0087890625, 6.65234375, 2.984375, 0.95849609375, 9.9296875, 1.2109375, 4.06640625, 9.4296875, 8.15625, 3.04296875, 4.41015625, 3.923828125, 1.0595703125, 0.55859375, 8.28125, 3.427734375, 1.841796875, 11.09375, 1.046875, 11.1328125, 3.8125, 4.0390625, 1.025390625, 1.0908203125, 5.30859375, 0.006229400634765625, 4.5625, 6.28125, 0.54931640625, 0.6005859375, 4.09765625, 2.78515625, 0.0033283233642578125, 4.9140625, 6.24609375, 12.7109375, 0.28955078125, 3.73828125, 8.9375, 8.765625, 2.01171875, 6.41796875, 4.1484375, 0.76904296875, 0.61865234375, 3.646484375, 0.18603515625, 4.84765625, 2.0390625, 9.5390625, 9.078125, 13.8671875, 4.640625, 9.0234375, 0.376220703125, 0.153076171875, 2.58203125, 0.6083984375, 1.0068359375, 2.21484375, 0.272705078125, 0.13232421875, 5.078125, 0.82080078125, 6.41796875, 6.2734375, 0.01520538330078125, 8.609375, 0.0496826171875, 4.40625, 2.29296875, 0.82373046875, 5.0859375, 2.0703125, 9.1796875, 9.15625, 0.60205078125, 9.5859375, 4.3125, 1.40234375, 8.3828125, 1.4287109375, 0.359130859375, 1.263671875, 0.226318359375, 6.125, 0.623046875, 7.8984375, 3.21875, 4.4453125, 3.06640625, 0.74365234375, 3.7421875, 0.039337158203125, 0.55908203125, 1.1142578125, 7.44921875, 0.443603515625, 0.0012359619140625, 1.01171875, 0.6376953125, 4.97265625, 6.55859375, 0.0277862548828125, 0.00708770751953125, 2.40625, 7.2109375, 4.40625, 4.859375, 1.435546875, 0.28564453125, 2.0859375, 4.15234375, 3.44921875, 0.12384033203125, 1.29296875, 2.30859375, 1.3076171875, 2.302734375, 5.03125, 7.890625, 0.1673583984375, 0.859375, 2.9296875, 0.018218994140625, 6.609375, 9.4140625, 1.2265625, 4.96875, 4.77734375, 1.7509765625, 0.130126953125, 3.1171875, 0.32763671875, 7.1953125, 7.96875, 14.859375, 1.9794921875, 8.015625, 1.0478515625, 6.29296875, 2.236328125, 0.5166015625, 2.81640625, 0.1854248046875, 1.537109375, 0.06365966796875, 1.3330078125, 1.6279296875, 4.1796875, 2.841796875, 0.7529296875, 0.654296875, 4.37109375, 7.12890625, 2.171875, 6.17578125, 4.79296875, 0.11322021484375, 2.58203125, 0.07745361328125, 0.2298583984375, 1.4443359375, 0.0159759521484375, 5.03515625, 0.0029811859130859375, 3.853515625, 1.4716796875, 4.0625, 2.248046875, 1.705078125, 2.63671875, 0.1385498046875, 3.376953125, 0.134033203125, 0.07421875, 1.15625, 8.5625, 0.8564453125, 0.93505859375, 9.515625, 0.180419921875, 0.1505126953125, 5.16015625, 0.06866455078125, 5.00390625, 0.51953125, 4.8828125, 2.71875, 4.98046875, 0.449951171875, 3.140625, 1.91015625, 0.0018949508666992188, 4.31640625, 3.67578125, 3.787109375]",-0.958912128145514
176,0,test,3.4168747382435374,1.5616141542615147,2.153415911186137,6.806194035049628,3.110634645988663,4.289465565023999,30.47402673169404,24.080662689861278,26.936390308602082,60.70229518329378,47.96712648706239,53.65555166310254,3.3700421203919992,1.5112994100490185,2.101026078612441,6.71290648174858,3.0104109216299,4.1851083985263955,29.079751882550376,22.664086533801985,25.522401327148557,57.92498963701567,45.14539817620235,50.83897683714269,3.412799245942899,1.551115129118979,2.168503277867843,6.798075917321743,3.0897212652611925,4.319518626075461,30.35008280818781,23.915518598813385,26.879592205325835,60.45540688405153,47.63817011215247,53.54241350577001,0.7336683417085428,-0.0063316582914572095,-0.001331658291457205,0.5477386934673367,-0.007261306532663214,-0.007261306532663214,0.4522613065326633,-0.0027386934673366836,0.002261306532663321,0.43089430894308944,0.12460627648872835,0.1930564711052516,0.4122448979591836,0.42211055276381915,0.11634614173625024,0.18337933406598939,0.398989898989899,0.426829268292683,0.12054123583832188,0.19034278180619646,0.4122448979591836,18.0,2.0,2.0,31.0,1.0,1.0,39.0,3.0,4.0,-9.51040459840036e-05,8.58408564786045e-05,4.567249373157577e-05,1.699666395538202e-05,9.033858156382024e-05,0.00010696492421935488,"[3.056640625, 9.4453125, 2.4296875, 1.0791015625, 9.8046875, 6.80859375, 1.7646484375, 6.30859375, 2.21484375, 1.4970703125, 1.7353515625, 4.234375, 6.42578125, 2.427734375, 5.7578125, 7.6171875, 3.23046875, 5.29296875, 1.458984375, 6.09375, 7.046875, 5.265625, 3.505859375, 5.80078125, 5.66015625, 1.2001953125, 3.7734375, 6.890625, 0.9091796875, 8.359375, 1.083984375, 1.6318359375, 12.09375, 0.04315185546875, 0.217529296875, 0.386962890625, 4.1953125, 0.0447998046875, 1.099609375, 11.828125, 5.19140625, 3.876953125, 1.94140625, 7.66796875, 5.01171875, 0.86279296875, 4.8125, 0.04559326171875, 1.0634765625, 2.521484375, 8.8828125, 0.2303466796875, 0.1561279296875, 4.46484375, 2.08984375, 3.2734375, 0.08221435546875, 5.5234375, 0.63720703125, 0.1888427734375, 4.00390625, 1.974609375, 1.95703125, 4.5390625, 0.09405517578125, 5.1953125, 0.11578369140625, 4.9765625, 0.67333984375, 0.130126953125, 0.387939453125, 4.65625, 0.09674072265625, 2.08984375, 5.84375, 4.71484375, 2.36328125, 0.4560546875, 3.974609375, 1.8408203125, 0.7060546875, 4.8046875, 0.1934814453125, 6.484375, 6.8984375, 0.026214599609375, 6.30078125, 0.380126953125, 1.8193359375, 3.8671875, 8.59375, 0.59521484375, 13.78125, 0.191650390625, 4.0078125, 5.0, 2.3515625, 2.46484375, 1.0009765625, 4.8671875, 2.41015625, 1.765625, 4.67578125, 0.0200347900390625, 4.5234375, 2.408203125, 2.16015625, 7.6015625, 3.4375, 0.55517578125, 1.84375, 0.8759765625, 0.5546875, 0.1517333984375, 0.17626953125, 1.177734375, 0.64794921875, 2.578125, 6.53125, 5.01953125, 0.027587890625, 2.580078125, 0.0784912109375, 3.673828125, 2.03515625, 0.0219879150390625, 7.69921875, 8.6015625, 13.5078125, 3.33203125, 4.90625, 1.095703125, 4.8828125, 7.6015625, 1.0390625, 0.42626953125, 6.25390625, 1.0927734375, 4.109375, 0.990234375, 0.9951171875, 15.5703125, 0.8056640625, 8.5390625, 0.67578125, 2.6328125, 5.72265625, 1.189453125, 3.56640625, 5.03515625, 7.65625, 1.46875, 2.224609375, 6.8671875, 1.263671875, 5.609375, 0.79248046875, 12.375, 1.6025390625, 0.78857421875, 0.53857421875, 0.200439453125, 2.765625, 0.9775390625, 2.03515625, 1.1552734375, 0.038970947265625, 6.08203125, 6.640625, 3.310546875, 0.7236328125, 4.98046875, 1.66796875, 0.423583984375, 3.75, 1.626953125, 0.340576171875, 2.697265625, 8.890625, 0.583984375, 0.552734375, 7.3046875, 0.1768798828125, 3.505859375, 2.248046875, 4.7265625, 0.66552734375, 1.283203125, 8.1328125, 1.7744140625, 5.47265625, 0.387451171875, 2.615234375, 1.2177734375, 0.7998046875, 2.4296875, 7.25, 4.36328125, 3.591796875, 12.1015625, 0.026641845703125, 2.203125, 0.1051025390625, 3.7890625, 7.70703125, 4.1953125, 0.53662109375, 4.3203125, 3.25390625, 0.1361083984375, 2.3203125, 4.5625, 0.00933837890625, 2.919921875, 0.357666015625, 1.6025390625, 1.9912109375, 3.46875, 1.240234375, 0.0372314453125, 6.6015625, 7.4921875, 0.35693359375, 1.287109375, 2.80859375, 0.030120849609375, 4.6875, 7.71484375, 1.826171875, 9.3203125, 8.8984375, 2.521484375, 3.6640625, 4.296875, 12.3515625, 0.3623046875, 5.0546875, 4.76171875, 2.5, 0.64306640625, 3.80859375, 6.203125, 0.97412109375, 5.8046875, 0.01251983642578125, 10.640625]",-0.588584093543572
407,0,test,3.6940965132657873,1.6199850770600048,2.233005729929375,6.3406134182920235,2.7805714009238893,3.8327710289832564,40.20922766807643,32.25175507340721,35.89856870826563,69.01583853475806,55.3574900513706,61.61694629030668,3.4362721610907934,1.5199877272096505,2.1071152403043003,5.898079082469272,2.60893415864343,3.6166903378357396,31.070914642361377,24.275252870378893,27.29305763050572,53.33067438614266,41.66647880736675,46.84629294788296,3.441164203312086,1.5270627099335725,2.095025778629681,5.906475871356566,2.6210777857068783,3.595939769289751,31.223287271430703,24.44244384510459,27.380728756427654,53.59220949573927,41.953448390851165,46.99677323864449,0.6683417085427136,0.008341708542713655,0.008341708542713655,0.5628140703517588,0.00781407035175885,0.022814070351758753,0.4723618090452262,-0.0026381909547738003,0.012361809045226213,0.41279069767441856,0.11525804165119646,0.1684114210370774,0.42274052478134105,0.40703517587939697,0.10127076485182807,0.16162616085435522,0.38888888888888884,0.4013377926421404,0.1058453051630085,0.16329552345415377,0.3993288590604027,23.0,2.0,1.0,33.0,1.0,1.0,44.0,5.0,7.0,-0.0011713317397312331,0.0005796874651873313,7.558756110267869e-05,0.009021724704744827,0.007810444708044706,0.00821842025882269,"[3.056640625, 9.4453125, 2.4296875, 1.0791015625, 2.802734375, 3.357421875, 6.71875, 0.0899658203125, 3.748046875, 0.177490234375, 8.21875, 0.52734375, 3.599609375, 4.19921875, 5.3984375, 0.022369384765625, 8.1171875, 2.865234375, 0.767578125, 3.521484375, 5.80859375, 8.046875, 3.23046875, 0.9033203125, 0.497314453125, 2.1796875, 2.85546875, 11.7421875, 0.955078125, 0.004177093505859375, 6.328125, 1.31640625, 5.59375, 2.865234375, 10.8828125, 8.0390625, 9.5703125, 1.3193359375, 0.2266845703125, 9.1015625, 4.80859375, 0.114013671875, 2.3828125, 11.1875, 1.6591796875, 4.01171875, 0.5009765625, 7.97265625, 7.15625, 1.525390625, 0.1162109375, 0.00141143798828125, 7.125, 2.142578125, 9.8515625, 5.69921875, 1.5341796875, 9.65625, 6.1640625, 0.004199981689453125, 0.003398895263671875, 0.199951171875, 11.0390625, 5.46875, 4.4375, 0.146240234375, 4.12890625, 2.173828125, 7.17578125, 3.509765625, 9.0546875, 1.53515625, 1.8076171875, 1.072265625, 3.412109375, 0.072998046875, 0.446044921875, 7.296875, 1.873046875, 5.4609375, 6.0546875, 3.3125, 1.232421875, 0.007236480712890625, 11.0390625, 3.0859375, 4.4296875, 7.8203125, 0.0036773681640625, 3.04296875, 6.53125, 0.0108489990234375, 0.4619140625, 3.474609375, 5.3515625, 7.2109375, 3.212890625, 0.5390625, 10.171875, 8.4296875, 2.970703125, 7.3671875, 1.24609375, 4.79296875, 0.005596160888671875, 0.0031070709228515625, 0.077392578125, 2.341796875, 0.01215362548828125, 0.316162109375, 0.043670654296875, 1.994140625, 1.6640625, 2.03125, 0.0141143798828125, 0.39013671875, 3.34375, 0.66162109375, 4.75, 6.3984375, 7.75, 2.26953125, 6.640625, 0.5244140625, 2.376953125, 0.0220794677734375, 6.73828125, 0.00428009033203125, 1.3720703125, 1.453125, 0.049896240234375, 0.01309967041015625, 0.475830078125, 3.279296875, 0.837890625, 8.640625, 2.36328125, 0.8974609375, 4.953125, 0.202392578125, 6.80078125, 6.06640625, 13.5, 1.19140625, 1.3349609375, 10.671875, 5.15234375, 0.59521484375, 6.859375, 1.109375, 6.640625, 3.400390625, 2.296875, 2.72265625, 8.0078125, 2.107421875, 6.0390625, 0.03656005859375, 0.02911376953125, 0.037139892578125, 7.7265625, 7.61328125, 2.126953125, 0.80322265625, 0.0147857666015625, 0.2003173828125, 3.791015625, 7.73046875, 1.8486328125, 6.5390625, 3.9765625, 0.0017137527465820312, 0.002216339111328125, 0.07965087890625, 2.248046875, 0.006313323974609375, 0.136962890625, 0.00276947021484375, 1.7685546875, 6.64453125, 4.53125, 7.48828125, 3.998046875, 1.3720703125, 5.6640625, 0.0179901123046875, 0.0143585205078125, 0.01397705078125, 0.6435546875, 0.381103515625, 4.140625, 0.0015306472778320312, 0.054290771484375, 0.000591278076171875, 0.0090179443359375, 0.012603759765625, 6.13671875, 10.9921875, 8.4765625, 2.498046875, 2.201171875, 0.380615234375, 3.400390625, 0.0019741058349609375, 0.00539398193359375, 0.002185821533203125, 0.05194091796875, 8.296875, 12.3203125, 3.27734375, 0.92822265625, 0.0014162063598632812, 0.0020751953125, 0.0002491474151611328, 0.285400390625, 0.0005655288696289062, 0.8828125, 4.71484375, 7.12109375, 0.994140625, 4.42578125, 7.12109375, 5.09375, 1.611328125, 5.44140625, 1.5927734375, 0.85546875, 5.28125, 0.214599609375, 3.33203125, 1.5927734375, 0.02972412109375, 0.44482421875, 0.006343841552734375, 1.291015625, 0.178466796875, 0.002651214599609375, 0.001201629638671875, 0.057037353515625, 0.002262115478515625, 0.8759765625, 0.1641845703125, 0.0019989013671875, 0.0005893707275390625, 0.0012989044189453125, 6.40234375, 0.496337890625, 2.310546875, 7.73828125, 1.978515625, 0.01568603515625, 8.40625, 0.8583984375, 4.74609375, 9.3984375, 5.8671875, 7.13671875, 11.0859375, 5.16796875, 1.587890625, 2.951171875, 0.01485443115234375, 10.9609375, 8.828125, 0.58544921875, 3.302734375, 6.5234375, 0.392822265625, 5.9765625, 9.0859375, 2.505859375, 6.52734375, 8.546875, 6.79296875, 10.46875, 0.051361083984375, 6.140625, 5.6875, 6.00390625, 3.517578125, 7.6953125, 4.6796875, 4.546875, 0.06866455078125, 8.4921875, 2.181640625, 7.15234375, 4.8984375, 1.3251953125, 0.09368896484375, 0.80126953125, 8.4453125, 11.8359375, 1.400390625, 5.046875, 2.677734375, 0.6728515625, 1.4921875, 7.4609375, 0.79931640625, 12.28125, 10.046875, 0.310791015625, 3.041015625, 10.65625, 1.134765625, 5.234375, 7.57421875, 1.2080078125, 7.98828125, 6.30078125, 2.24609375, 1.8662109375, 6.80859375, 0.473388671875, 5.17578125, 1.1767578125, 3.34375, 1.6083984375, 0.0126495361328125, 5.45703125, 8.71875, 7.6015625, 2.078125, 0.27587890625, 9.640625, 9.2265625, 5.37109375, 3.982421875, 8.46875, 6.46875, 8.4609375, 11.578125, 0.55078125, 1.208984375, 1.9638671875, 15.9375, 1.6142578125, 10.53125, 1.806640625, 5.25390625, 7.71875, 10.421875, 7.0703125]",-1.4294162316377772
285,0,test,3.744878693225266,1.7509838144433159,2.3903723076125374,6.179049843821689,2.8891232938314713,3.9441143075606866,42.30387516091289,34.959792720644316,38.4290273570452,69.80139401550626,57.683657989063114,63.407895139124584,4.19634894749627,1.9253877638431294,2.669951150075724,6.923975763368846,3.1768898103411636,4.405419397624945,66.44329967512294,56.754590706509056,61.84172853481349,109.63144446395286,93.64507466573994,102.03885208244226,3.744878693225266,1.7509838144433159,2.3903723076125374,6.179049843821689,2.8891232938314713,3.9441143075606866,42.30387516091289,34.959792720644316,38.4290273570452,69.80139401550626,57.683657989063114,63.407895139124584,0.8090452261306533,0.014045226130653288,0.00404522613065339,0.6733668341708543,-0.0066331658291456375,0.01336683417085438,0.5628140703517588,-0.022185929648241176,0.002814070351758735,0.4600760456273765,0.15267566612073513,0.213552657511068,0.4312977099236641,0.4824120603015075,0.1465724613040138,0.22865579986745077,0.4747474747474747,0.4600760456273765,0.15267566612073513,0.213552657511068,0.4312977099236641,25.0,4.0,4.0,39.0,7.0,7.0,44.0,4.0,3.0,-0.0009309646336560027,-0.0007918468795643318,-5.4732933582678446e-05,0.018873101551826643,0.02121979679236574,0.016721617390138555,"[3.0625, 9.453125, 2.48046875, 1.494140625, 1.81640625, 7.23046875, 10.2734375, 13.7421875, 0.5361328125, 6.109375, 2.3203125, 2.83984375, 7.6328125, 6.4296875, 7.44140625, 1.0341796875, 10.828125, 5.65625, 2.873046875, 0.11920166015625, 5.03125, 7.12109375, 3.21484375, 7.55859375, 0.6533203125, 8.109375, 5.41015625, 0.83984375, 2.4921875, 5.50390625, 8.828125, 4.41796875, 4.24609375, 0.0299072265625, 10.0234375, 5.07421875, 0.69775390625, 3.265625, 2.291015625, 0.317138671875, 8.8203125, 5.84765625, 4.24609375, 1.8388671875, 6.22265625, 5.26171875, 2.40625, 4.859375, 3.310546875, 0.008514404296875, 5.97265625, 9.1640625, 0.082275390625, 4.8828125, 5.29296875, 2.65234375, 6.56640625, 3.88671875, 0.79736328125, 5.5625, 4.859375, 7.37109375, 0.028900146484375, 5.88671875, 3.369140625, 1.2412109375, 1.2197265625, 1.5673828125, 4.57421875, 0.6162109375, 3.822265625, 6.015625, 1.3759765625, 2.568359375, 4.6484375, 0.9697265625, 1.04296875, 8.9765625, 2.125, 0.8779296875, 4.5625, 4.78515625, 8.03125, 3.94140625, 1.470703125, 1.7314453125, 6.046875, 1.00390625, 0.578125, 7.30078125, 2.220703125, 4.66796875, 4.09765625, 0.054718017578125, 1.052734375, 8.7578125, 2.7578125, 5.9296875, 4.24609375, 1.587890625, 0.382080078125, 4.546875, 1.0439453125, 6.609375, 11.1484375, 3.46875, 1.603515625, 1.2197265625, 3.16796875, 6.4140625, 1.1611328125, 8.6953125, 0.697265625, 0.21240234375, 3.705078125, 7.34375, 6.4296875, 1.5390625, 2.544921875, 7.671875, 4.77734375, 0.3359375, 9.8046875, 5.44921875, 11.09375, 4.21875, 1.375, 5.4609375, 0.873046875, 0.265625, 1.1630859375, 0.521484375, 2.3046875, 1.8828125, 7.6328125, 12.3125, 0.1751708984375, 7.015625, 4.26171875, 0.0611572265625, 9.2890625, 11.8515625, 3.357421875, 9.484375, 6.5078125, 5.0703125, 4.27734375, 2.236328125, 1.87890625, 1.5185546875, 5.11328125, 5.68359375, 4.46875, 3.13671875, 4.34765625, 2.111328125, 5.71875, 5.23046875, 0.40185546875, 5.19921875, 8.3828125, 0.02197265625, 6.109375, 11.3515625, 9.5234375, 10.625, 3.65625, 2.236328125, 9.1328125, 5.41796875, 6.203125, 1.5908203125, 2.80078125, 0.09478759765625, 4.9609375, 0.314208984375, 9.0390625, 0.5888671875, 6.703125, 0.62451171875, 7.109375, 0.84326171875, 7.9453125, 2.548828125, 0.17138671875, 1.9912109375, 2.240234375, 0.041015625, 1.4599609375, 6.4453125, 1.806640625, 0.036376953125, 0.62109375, 0.8203125, 5.47265625, 9.265625, 6.0234375, 1.3173828125, 4.45703125, 1.73828125, 1.0927734375, 5.92578125, 2.828125, 1.515625, 5.4296875, 13.0390625, 2.564453125, 4.35546875, 8.640625, 2.37890625, 4.4765625, 0.26904296875, 0.1668701171875, 0.00301361083984375, 0.0054779052734375, 0.004047393798828125, 1.572265625, 0.00665283203125, 0.0169677734375, 4.125, 5.1875, 0.86865234375, 9.1171875, 2.166015625, 0.08892822265625, 2.0384788513183594e-05, 0.0032596588134765625, 0.000667572021484375, 0.00524139404296875, 0.0003566741943359375, 0.00667572021484375, 0.06561279296875, 2.4437904357910156e-05, 0.0015382766723632812, 9.3203125, 5.88671875, 1.5986328125, 0.00016129016876220703, 0.74169921875, 6.12109375, 0.51025390625, 1.916015625, 0.06256103515625, 0.02569580078125, 3.325939178466797e-05, 0.004871368408203125, 4.398822784423828e-05, 0.00014710426330566406, 4.506111145019531e-05, 0.00044226646423339844, 7.748603820800781e-06, 3.6954879760742188e-06, 0.001766204833984375, 8.890625, 7.515625, 6.34765625, 6.046875, 2.95703125, 8.0234375, 5.27734375, 0.00835418701171875, 0.00042128562927246094, 4.34765625]",-1.0361843866087184
398,0,test,3.5867826306777792,1.6155397432548375,2.2444848567338345,6.063370637574341,2.7310314707403203,3.7942482101929103,36.11768485909788,28.938090486314717,32.28985596552146,61.056086309427364,48.919152964960595,54.58523270361961,3.912957517345946,1.7497396023152971,2.421133015802057,6.614761517418147,2.957893137247288,4.092867717189192,50.046747435505715,41.34766184992757,45.601549039268974,84.60283495049775,69.89723788916326,77.0883328997166,3.5867826306777792,1.6155397432548375,2.2444848567338345,6.063370637574341,2.7310314707403203,3.7942482101929103,36.11768485909788,28.938090486314717,32.28985596552146,61.056086309427364,48.919152964960595,54.58523270361961,0.7738693467336684,-0.0011306532663316604,-0.006130653266331665,0.6381909547738693,0.00819095477386933,0.00819095477386933,0.5125628140703518,-0.00743718592964826,-0.00743718592964826,0.41696113074204944,0.10126448171206703,0.16314209431431737,0.36524822695035464,0.44221105527638194,0.11639651893552982,0.1734297531060981,0.398989898989899,0.41696113074204944,0.10126448171206703,0.16314209431431737,0.36524822695035464,19.0,-1.0,0.0,33.0,1.0,1.0,41.0,2.0,1.0,-0.0009563695913849953,-0.0008859491534233383,-4.4377220137489304e-05,0.0002734037727947225,-0.00016562223134020115,-1.5767138139999304e-05,"[3.0625, 9.453125, 2.48046875, 1.494140625, 15.8203125, 9.09375, 8.5, 5.27734375, 2.94140625, 8.203125, 1.515625, 9.6015625, 4.79296875, 3.998046875, 10.2421875, 7.35546875, 1.9091796875, 0.734375, 7.0390625, 3.228515625, 2.083984375, 3.99609375, 2.052734375, 0.56640625, 3.91796875, 0.2327880859375, 10.03125, 0.78173828125, 1.4345703125, 5.6875, 6.8125, 7.14453125, 1.630859375, 0.0016565322875976562, 9.5390625, 10.0390625, 0.1383056640625, 1.5908203125, 7.93359375, 1.4677734375, 7.39453125, 3.681640625, 3.29296875, 0.02532958984375, 2.837890625, 1.7978515625, 3.38671875, 5.26171875, 4.453125, 1.1669921875, 5.74609375, 0.053558349609375, 1.8046875, 2.685546875, 1.0673828125, 4.6875, 3.830078125, 1.9638671875, 6.453125, 5.1953125, 5.6015625, 5.046875, 5.0, 0.93994140625, 4.5234375, 0.3076171875, 2.96484375, 12.6484375, 0.410400390625, 7.73828125, 4.16015625, 6.484375, 6.13671875, 2.869140625, 5.578125, 2.29296875, 2.31640625, 6.7578125, 2.640625, 0.378662109375, 0.935546875, 7.30078125, 7.3359375, 1.3525390625, 2.65625, 2.669921875, 1.728515625, 2.94140625, 4.9375, 7.5703125, 7.69921875, 3.46484375, 7.4765625, 1.326171875, 1.044921875, 6.93359375, 0.442138671875, 4.23828125, 2.458984375, 0.7568359375, 2.060546875, 0.6171875, 1.35546875, 0.1513671875, 0.244873046875, 7.10546875, 0.2125244140625, 2.447265625, 4.14453125, 1.263671875, 3.953125, 2.0625, 1.77734375, 7.390625, 1.064453125, 7.703125, 0.94482421875, 0.314453125, 7.28515625, 3.4921875, 1.896484375, 1.1884765625, 13.84375, 13.171875, 12.7265625, 1.7744140625, 0.278564453125, 2.224609375, 2.240234375, 8.53125, 6.49609375, 7.1875, 8.8984375, 4.109375, 5.16796875, 1.7900390625, 1.1923828125, 6.94140625, 3.056640625, 1.3720703125, 3.20703125, 8.2578125, 6.97265625, 7.3671875, 1.0078125, 7.1875, 3.10546875, 4.64453125, 3.5625, 2.21484375, 7.6796875, 6.37890625, 8.1640625, 3.82421875, 5.296875, 0.00701141357421875, 0.138427734375, 0.0010089874267578125, 0.00249481201171875, 0.0021724700927734375, 8.65625, 5.3125, 4.57421875, 7.1640625, 6.3125, 5.6484375, 0.11822509765625, 0.1949462890625, 4.95703125, 2.595703125, 3.21875, 7.78515625, 9.4296875, 7.58984375, 0.0223388671875, 0.27099609375, 5.6875, 2.966796875, 1.83984375, 3.9375, 5.890625, 7.54296875, 3.662109375, 0.4267578125, 1.5947265625, 0.0010890960693359375, 0.0160980224609375, 0.0021800994873046875, 0.04766845703125, 9.0546875, 1.2490234375, 0.0007691383361816406, 0.01256561279296875, 0.0002655982971191406, 5.21484375, 0.1422119140625, 0.0435791015625, 0.233154296875, 1.68359375, 0.459716796875, 7.44140625, 0.98779296875, 0.0026721954345703125, 0.8369140625, 0.007110595703125, 2.986328125, 0.03131103515625, 0.053070068359375, 5.23046875, 1.9140625, 3.9609375, 0.2408447265625, 1.4267578125, 5.81640625, 0.431396484375, 0.5927734375, 2.634765625, 0.01190948486328125, 0.007556915283203125, 2.439453125, 4.51171875, 0.346923828125, 1.435546875, 5.0390625, 3.537109375, 6.56640625, 3.140625, 0.10382080078125, 1.197265625, 2.291015625, 0.169921875, 0.0292510986328125, 0.008636474609375, 0.7578125, 0.380126953125, 0.002567291259765625, 0.0011653900146484375, 0.002063751220703125, 7.515625, 0.1956787109375, 3.07421875, 5.86328125, 2.341796875, 9.796875, 2.16796875, 2.91796875, 2.375, 8.0078125, 1.33203125, 6.4921875, 4.4375, 4.33984375, 3.228515625, 1.6298828125, 2.298828125, 0.90478515625, 1.9716796875, 0.61767578125, 4.203125, 6.65625, 6.87109375, 7.84375, 0.082763671875, 0.12127685546875, 4.78125, 8.109375, 2.806640625, 1.576171875, 0.347900390625, 3.5703125, 1.1982421875, 5.0625, 0.07208251953125, 5.73046875, 7.0625, 4.6328125, 1.6171875, 6.60546875, 0.049591064453125, 3.53125, 6.22265625, 0.91650390625, 2.36328125]",-1.226018253569047
446,0,test,3.051557454380017,1.3562335559489904,1.6325075396321618,6.117928294460908,2.7190507699365685,3.2729398731460333,21.14825623086433,15.699845819833852,17.015064541110085,42.399173899742564,31.475904483453306,34.112726482905174,3.5993209855640353,1.5453272352284566,2.179025214906157,7.216114403096828,3.0981560589774393,4.3686282221176835,36.57339214925266,28.774405953570135,32.43504788919086,73.32432503709393,57.68849348943915,65.0275474671642,3.733840504218902,1.7063033187378256,2.3269952564336074,7.485806447778673,3.4208896632947674,4.665286606345049,41.83948472107287,34.24412737222019,37.75643068038165,83.88207373690824,68.65448837246086,75.69614500484283,0.6984924623115578,0.0034924623115577536,-0.0015075376884421399,0.5376884422110553,0.002688442211055353,0.007688442211055246,0.44221105527638194,-0.007788944723618019,-0.0027889447236180143,0.3786407766990292,0.1143983524566049,0.14208163691408293,0.34063260340632606,0.39698492462311563,0.11377690457299028,0.16159260408889198,0.3787878787878788,0.40802675585284276,0.12255096286452893,0.17220918076941671,0.3959731543624161,26.0,4.0,4.0,41.0,10.0,9.0,46.0,4.0,5.0,-0.001188855903226846,-0.0017273335959612254,-0.0005671876688603183,0.04220885072222913,0.05472905075059398,0.048541240177545575,"[3.056640625, 9.4453125, 2.48046875, 1.80859375, 0.8740234375, 2.994140625, 1.1474609375, 1.8564453125, 11.703125, 5.02734375, 1.87109375, 10.890625, 9.3984375, 3.740234375, 6.84765625, 4.1484375, 12.625, 1.3544921875, 4.55859375, 0.0300445556640625, 8.0, 1.22265625, 0.141845703125, 7.94140625, 3.796875, 4.43359375, 9.5390625, 5.5078125, 8.9609375, 8.5859375, 5.1796875, 6.74609375, 2.994140625, 0.0006499290466308594, 7.73828125, 1.37109375, 4.97265625, 8.3046875, 0.7451171875, 2.359375, 0.390869140625, 3.443359375, 0.47900390625, 0.79248046875, 4.5078125, 3.701171875, 0.83544921875, 5.65234375, 4.625, 0.0831298828125, 13.328125, 1.53125, 0.2802734375, 0.001720428466796875, 10.0078125, 0.03289794921875, 9.203125, 10.6015625, 2.927734375, 9.046875, 0.1314697265625, 0.367919921875, 2.638671875, 4.61328125, 0.233154296875, 5.26171875, 5.79296875, 1.333984375, 3.7265625, 0.62841796875, 0.03765869140625, 4.59765625, 6.49609375, 3.322265625, 0.62939453125, 0.357666015625, 1.935546875, 0.0005130767822265625, 2.013671875, 0.07501220703125, 0.0073394775390625, 2.962890625, 2.669921875, 0.243896484375, 0.1241455078125, 0.00911712646484375, 1.09765625, 0.002166748046875, 1.236328125, 0.056488037109375, 0.005756378173828125, 1.58984375, 0.458251953125, 0.1099853515625, 0.0160369873046875, 0.0019550323486328125, 7.08984375, 0.6044921875, 4.51953125, 3.98828125, 0.1329345703125, 1.5517578125, 0.6005859375, 3.671875, 1.873046875, 3.611328125, 1.359375, 1.447265625, 6.51171875, 5.40234375, 9.0625, 0.24072265625, 8.28125, 0.003238677978515625, 0.2200927734375, 0.00013017654418945312, 8.6875, 1.171875, 5.73046875, 6.10546875, 0.19580078125, 0.0284576416015625, 8.3125, 1.4990234375, 2.384765625, 11.7265625, 1.7587890625, 5.52734375, 0.279052734375, 7.3046875, 7.23046875, 2.908203125, 1.1796875, 0.034576416015625, 0.0009832382202148438, 1.720703125, 0.1790771484375, 0.171630859375, 0.009796142578125, 0.0007338523864746094, 2.771484375, 0.65380859375, 6.2890625, 6.45703125, 6.09375, 5.453125, 1.3623046875, 4.484375, 1.861328125, 0.27685546875, 11.6640625, 1.599609375, 0.441650390625, 1.1689453125, 5.47265625, 1.154296875, 3.849609375, 8.8671875, 0.0202484130859375, 8.78125, 5.75390625, 0.69189453125, 0.83935546875, 2.279296875, 2.666015625, 0.023681640625, 9.078125, 5.89453125, 1.8544921875, 6.5625, 4.5859375, 5.41796875, 0.02410888671875, 11.3125, 9.34375, 3.537109375, 3.03125, 1.54296875, 2.93359375, 4.25, 0.59716796875, 1.62890625, 1.7685546875, 8.0703125, 8.6875, 11.0234375, 2.34765625, 4.09765625, 5.24609375, 2.025390625, 0.0173492431640625, 0.001617431640625, 7.86328125, 6.2109375, 1.732421875, 6.46875, 10.6171875, 0.5517578125, 11.5703125, 0.61474609375, 0.1126708984375, 1.21484375, 1.958984375, 8.28125, 7.07421875, 1.82421875, 11.5703125, 4.93359375, 2.802734375, 8.1796875, 4.62109375, 1.634765625, 3.455078125, 0.0301971435546875, 4.57421875, 5.8203125, 1.13671875, 6.0390625, 6.66015625, 0.1866455078125, 8.5, 8.2578125, 1.8203125, 4.83203125, 7.734375, 0.177978515625, 9.609375, 6.98828125, 1.767578125, 10.3984375, 2.935546875, 0.253173828125, 7.359375, 3.353515625, 2.412109375, 8.2109375, 7.65234375, 14.546875, 3.818359375, 10.4765625, 5.9609375, 9.4296875, 0.0131072998046875, 0.11822509765625, 0.0026378631591796875, 0.00498199462890625, 0.0231475830078125, 1.7041015625, 0.004642486572265625, 0.007266998291015625, 7.78125, 0.10797119140625, 8.6328125, 7.578125, 0.0240325927734375, 0.0020847320556640625, 3.873046875, 1.3935546875, 11.3203125, 0.0185546875, 0.2017822265625, 5.32421875, 11.296875, 1.47265625, 0.00015676021575927734, 0.001689910888671875, 4.42578125, 6.64453125, 5.078125, 9.5078125, 4.85546875, 1.8291015625, 6.41015625, 5.00390625, 1.1494140625, 0.0002130270004272461, 0.003337860107421875, 8.203125, 7.80078125, 9.359375, 1.166015625, 1.5517578125, 6.28125, 0.08648681640625, 0.0025234222412109375, 2.484375, 0.36083984375, 2.208984375, 0.99755859375, 0.061492919921875, 0.003025054931640625, 0.020294189453125, 5.9453125, 7.58203125, 9.734375, 0.376708984375, 0.0004897117614746094, 0.005584716796875, 6.2109375, 0.1644287109375, 5.6015625, 0.0150146484375, 0.006031036376953125, 3.84375, 0.74072265625, 0.0677490234375, 1.9765625, 0.68505859375, 0.1654052734375, 1.87890625, 0.40478515625, 0.0955810546875, 0.00040602684020996094, 0.006927490234375, 3.345703125, 4.25390625, 1.2744140625, 0.03997802734375, 7.15234375, 4.3515625, 0.453125, 0.8564453125, 0.0751953125, 0.06463623046875, 0.900390625, 0.003017425537109375, 0.00920867919921875, 0.003391265869140625, 0.01546478271484375, 2.943359375, 0.0897216796875, 0.05712890625, 0.00029969215393066406, 0.009124755859375, 0.0024738311767578125, 0.24072265625, 0.0016260147094726562, 0.67578125, 3.125, 0.0167083740234375, 0.1580810546875, 2.025390625, 3.060546875, 0.01983642578125, 8.0, 2.03125, 0.00701904296875, 0.0013341903686523438, 0.06915283203125, 0.002216339111328125, 0.4560546875, 1.3994140625, 0.7294921875, 0.07598876953125, 0.468505859375, 0.0199737548828125, 0.0002613067626953125, 0.0038051605224609375, 0.0031890869140625, 0.0006651878356933594, 3.94140625, 3.3984375, 0.86474609375, 0.83740234375, 1.115234375, 0.404541015625, 0.285888671875, 0.107177734375, 0.56298828125, 0.06781005859375, 0.1025390625, 0.021484375, 0.130859375, 0.4287109375, 0.094482421875, 0.0034542083740234375, 0.66552734375, 0.0235137939453125, 0.00290679931640625, 0.026885986328125, 0.00939178466796875, 0.72509765625, 1.1904296875, 0.00010144710540771484, 0.0771484375, 0.0037708282470703125, 0.0005545616149902344, 0.0021877288818359375, 0.19970703125, 0.0009245872497558594, 0.07708740234375, 0.0011997222900390625, 0.05126953125, 0.10345458984375, 0.759765625, 1.9814453125, 0.40380859375, 7.7578125, 1.24609375, 7.69921875, 1.2783203125, 10.140625, 3.185546875, 1.6728515625, 2.87890625, 6.2265625, 2.42578125, 9.1953125, 0.433349609375, 4.37109375, 0.0426025390625, 4.5390625]",-1.617383089748401
471,0,test,3.922229204604875,1.7877318704336012,2.4637240651474945,6.635721107161706,3.02452750406691,4.1681872548721755,50.512923003562946,42.06012649673795,46.213395475545276,85.45897036451844,71.15832721775163,78.18492693661433,4.022077723364135,1.7077233311427369,2.4256962503403114,6.804647217515424,2.8891671451408567,4.103850888940527,55.81695762810024,45.698569328723494,50.88181549737066,94.43246290540229,77.31393175740013,86.08307150184092,3.922229204604875,1.7877318704336012,2.4637240651474945,6.635721107161706,3.02452750406691,4.1681872548721755,50.512923003562946,42.06012649673795,46.213395475545276,85.45897036451844,71.15832721775163,78.18492693661433,0.7939698492462312,0.003969849246231116,0.003969849246231116,0.6532663316582914,-0.006733668341708521,-0.0017336683417086274,0.5125628140703518,0.002562814070351749,0.007562814070351753,0.4029850746268657,0.07710053086522695,0.14616125328691532,0.36329588014981273,0.4120603015075377,0.08624576516668558,0.14160955025545086,0.36868686868686873,0.4029850746268657,0.07710053086522695,0.14616125328691532,0.36329588014981273,25.0,2.0,2.0,37.0,3.0,3.0,45.0,2.0,0.0,-0.0001410669037484318,-0.0006544073269304892,-0.0003615241698013001,0.00016945494488584956,-0.00022372510708557058,-6.833549267337702e-05,"[3.0625, 9.453125, 2.48046875, 1.494140625, 12.8203125, 6.0, 4.9453125, 0.75927734375, 1.55078125, 9.8671875, 2.814453125, 8.3671875, 12.453125, 2.20703125, 15.9140625, 12.0, 1.931640625, 1.5830078125, 0.0217132568359375, 5.359375, 7.08203125, 3.93359375, 1.2607421875, 0.312744140625, 6.40625, 5.60546875, 1.43359375, 3.30078125, 5.68359375, 7.73046875, 4.90234375, 8.1640625, 5.57421875, 10.78125, 0.287841796875, 5.51953125, 4.94921875, 7.515625, 12.640625, 2.36328125, 1.8642578125, 3.296875, 6.4453125, 8.625, 7.796875, 1.6875, 4.7421875, 3.703125, 2.056640625, 1.994140625, 8.5, 1.9248046875, 1.3134765625, 3.396484375, 6.33984375, 3.013671875, 3.59375, 2.4296875, 1.6845703125, 2.36328125, 0.9345703125, 1.2783203125, 13.3515625, 5.140625, 8.1796875, 1.708984375, 3.7421875, 12.0078125, 0.2276611328125, 0.354736328125, 4.0625, 3.962890625, 2.33984375, 0.2115478515625, 0.5673828125, 9.2109375, 6.61328125, 2.76953125, 1.3603515625, 3.548828125, 6.02734375, 0.2154541015625, 0.74560546875, 7.7734375, 9.1875, 0.440185546875, 3.6640625, 2.869140625, 1.0048828125, 0.0163726806640625, 5.5859375, 0.5908203125, 9.28125, 5.25390625, 1.4970703125, 6.3046875, 0.1866455078125, 0.056060791015625, 2.13671875, 4.85546875, 1.7119140625, 2.970703125, 0.101318359375, 3.013671875, 8.6328125, 4.3046875, 3.619140625, 3.01953125, 1.0947265625, 2.341796875, 0.321533203125, 7.5625, 5.4765625, 1.77734375, 5.25, 2.021484375, 3.623046875, 0.85693359375, 2.794921875, 7.67578125, 3.822265625, 2.283203125, 2.794921875, 7.34765625, 2.494140625, 7.5859375, 0.841796875, 5.26953125, 4.2421875, 4.4765625, 2.51953125, 0.51953125, 4.2109375, 4.90234375, 2.927734375, 11.5390625, 0.0244903564453125, 1.1767578125, 2.048828125, 2.814453125, 3.232421875, 5.37109375, 2.677734375, 2.806640625, 0.1612548828125, 0.65185546875, 8.3125, 0.1651611328125, 8.59375, 0.09344482421875, 0.06884765625, 6.61328125, 7.6484375, 3.365234375, 1.63671875, 9.8359375, 0.300537109375, 0.2022705078125, 6.78125, 12.1875, 14.03125, 1.515625, 4.9765625, 0.65234375, 3.236328125, 2.72265625, 0.325439453125, 7.546875, 0.54296875, 0.331787109375, 7.38671875, 2.248046875, 6.6875, 0.295166015625, 0.06011962890625, 2.12890625, 2.58203125, 0.46044921875, 3.59375, 1.65234375, 3.841796875, 6.55078125, 0.0051422119140625, 0.87890625, 6.23828125, 2.642578125, 5.21875, 6.2890625, 5.1796875, 1.30859375, 0.595703125, 5.1796875, 0.1134033203125, 0.1141357421875, 5.9765625, 3.228515625, 8.71875, 1.951171875, 11.015625, 1.876953125, 3.435546875, 5.58203125, 0.09478759765625, 0.1943359375, 3.830078125, 5.578125, 3.150390625, 5.29296875, 0.035797119140625, 0.01432037353515625, 2.45703125, 2.4140625, 12.5625, 1.9482421875, 2.53125, 6.43359375, 1.2900390625, 7.41796875, 7.984375, 0.231689453125, 2.11328125, 0.241943359375, 13.453125, 5.16015625, 2.189453125, 7.3671875, 6.640625, 0.11712646484375, 7.03515625, 0.9169921875, 11.5078125, 4.5859375, 0.001781463623046875, 0.37353515625, 0.0019817352294921875, 0.00319671630859375, 0.0034427642822265625, 0.568359375, 3.8125, 0.1903076171875, 7.6328125, 6.48046875, 3.244140625, 0.83837890625, 2.70703125, 0.0225982666015625, 7.83203125, 1.984375, 6.91015625, 0.206787109375, 3.513671875, 0.008453369140625, 5.9375, 0.06494140625, 5.7890625, 15.3828125, 1.9208984375, 0.5556640625, 4.48046875, 0.01355743408203125, 4.6171875, 0.0684814453125, 4.73046875, 7.015625, 1.4501953125, 0.0023708343505859375, 8.515625, 1.2802734375]",-0.7389841933748613
328,0,test,3.5039437855443647,1.5877278975727975,2.192579713606313,6.23201430428962,2.823887474968761,3.899659633485513,33.246310067974164,26.451114094844524,29.535077418612918,59.130937192325476,47.04519578297347,52.530244837390114,3.576710073193114,1.5643188247506385,2.2021524901118097,6.361434344464896,2.7822527668779213,3.9166855002702903,35.75571345140242,28.274528103200314,31.8023861343269,63.59409035285145,50.28826784069199,56.562815338909985,3.5039437855443647,1.5877278975727975,2.192579713606313,6.23201430428962,2.823887474968761,3.899659633485513,33.246310067974164,26.451114094844524,29.535077418612918,59.130937192325476,47.04519578297347,52.530244837390114,0.7587939698492463,0.0037939698492462925,-0.001206030150753712,0.6130653266331658,-0.001934673366834172,0.013065326633165841,0.4974874371859297,-0.007512562814070312,-0.002512562814070307,0.4516129032258065,0.13169338612319081,0.19692121421776365,0.40485829959514175,0.42713567839195976,0.09881487638694719,0.16503217254888802,0.398989898989899,0.4516129032258065,0.13169338612319081,0.19692121421776365,0.40485829959514175,24.0,7.0,7.0,38.0,9.0,10.0,44.0,4.0,6.0,-0.00042136523303315515,-0.00014494101227695785,-0.00028289376294289624,3.085650767697956e-05,0.00010133182060556578,0.00011602607612637428,"[3.0625, 9.453125, 2.48046875, 5.4921875, 0.79443359375, 0.078125, 11.328125, 3.52734375, 8.8359375, 7.80078125, 5.87109375, 2.14453125, 2.572265625, 6.9375, 6.33203125, 10.421875, 4.2734375, 8.3984375, 1.1181640625, 4.78515625, 1.6357421875, 4.55078125, 0.74951171875, 6.5625, 1.8662109375, 3.154296875, 5.9140625, 5.703125, 1.3564453125, 1.7236328125, 10.5, 0.401123046875, 8.5859375, 1.69140625, 4.23046875, 9.015625, 0.3310546875, 2.296875, 7.23828125, 2.013671875, 0.014007568359375, 0.908203125, 9.8828125, 1.40234375, 4.5390625, 3.11328125, 4.8984375, 6.60546875, 3.650390625, 1.302734375, 6.15625, 3.5234375, 1.076171875, 2.53125, 0.73779296875, 1.5400390625, 5.75, 1.9111328125, 1.4619140625, 1.1865234375, 5.31640625, 0.0045623779296875, 6.6953125, 4.5703125, 6.48828125, 1.23046875, 0.822265625, 0.7001953125, 1.849609375, 6.3046875, 8.4453125, 6.875, 3.390625, 0.287109375, 0.50927734375, 0.9580078125, 6.046875, 5.23046875, 2.62109375, 9.7421875, 0.60693359375, 4.203125, 0.018951416015625, 5.34765625, 4.1640625, 5.0390625, 6.75390625, 2.109375, 0.83203125, 5.49609375, 0.5048828125, 3.783203125, 0.92724609375, 0.0814208984375, 4.99609375, 8.3046875, 3.51953125, 2.73828125, 0.371337890625, 0.252197265625, 0.529296875, 8.484375, 2.279296875, 0.77001953125, 2.587890625, 2.755859375, 6.35546875, 0.179931640625, 7.0, 1.865234375, 9.328125, 1.8623046875, 2.96875, 5.671875, 3.84375, 2.470703125, 7.3125, 0.104248046875, 0.9189453125, 5.328125, 0.6181640625, 1.533203125, 9.6875, 0.67919921875, 12.125, 1.140625, 0.0650634765625, 5.94140625, 1.32421875, 3.82421875, 0.0104522705078125, 1.7958984375, 1.3212890625, 0.80908203125, 1.3671875, 3.82421875, 12.7421875, 3.259765625, 5.75390625, 3.927734375, 4.46484375, 0.208251953125, 0.365478515625, 5.6171875, 3.28125, 0.5126953125, 5.6796875, 5.5859375, 0.1650390625, 0.10980224609375, 0.93359375, 4.09765625, 3.380859375, 6.859375, 0.264404296875, 9.53125, 1.0068359375, 3.94921875, 0.42626953125, 4.70703125, 1.8017578125, 1.13671875, 6.68359375, 2.154296875, 2.287109375, 0.951171875, 6.50390625, 5.3984375, 3.99609375, 0.135009765625, 3.3671875, 5.08984375, 4.16015625, 0.6259765625, 1.8759765625, 9.125, 1.5205078125, 4.13671875, 4.0234375, 3.5078125, 1.4375, 0.3720703125, 6.6953125, 1.560546875, 0.4111328125, 2.896484375, 0.25732421875, 0.1256103515625, 3.591796875, 3.09375, 6.82421875, 2.955078125, 0.1898193359375, 6.21875, 3.5234375, 2.1171875, 4.05078125, 0.70947265625, 6.8359375, 0.75634765625, 4.1484375, 4.34375, 0.53173828125, 3.115234375, 2.29296875, 8.7109375, 2.828125, 1.39453125, 4.62890625, 0.11785888671875, 5.74609375, 0.186279296875, 7.15234375, 0.276611328125, 6.5390625, 0.8662109375, 0.2783203125, 0.86572265625, 1.37890625, 5.9375, 7.1953125, 0.59521484375, 1.5185546875, 0.0154266357421875, 1.837890625, 4.73046875, 3.849609375, 0.330810546875, 10.4921875, 4.640625, 2.080078125, 3.775390625, 0.1785888671875, 5.09765625, 7.921875, 0.10986328125, 0.95556640625, 11.2421875, 0.0018472671508789062, 0.002899169921875, 10.9609375, 0.237548828125, 0.60546875, 2.267578125, 1.396484375, 4.74609375, 2.595703125, 4.08203125]",-0.8822184954920123
357,0,test,3.000507153909315,1.2747817941279007,1.750787012457469,6.380596538132459,2.7108311646213794,3.7230591289005215,20.095725965246817,14.479132361664291,16.60635967342712,42.73368232368751,30.789962190768044,35.31352388385406,3.3016423316457164,1.4557042110762148,2.0388788809865392,7.020962307656252,3.095563774156047,4.335688222820773,27.15720345040809,20.823164353969787,23.622026161079365,57.749956734903954,44.280584439465876,50.23238093289769,2.9968865228735884,1.3288172963586733,1.8092668237518734,6.372897244423957,2.8257379856301914,3.847416799906093,20.023098314434332,14.721177214775132,16.74383204469483,42.579239186718794,31.304672029009772,35.60585970950166,0.6934673366834171,-0.0015326633165829717,-0.006532663316582865,0.5577889447236181,0.0027889447236181253,0.012788944723618134,0.4371859296482412,-0.002814070351758735,-0.00781407035175874,0.40056818181818177,0.0913483236621534,0.13663856304985333,0.37891737891737887,0.40201005025125625,0.09875190488784769,0.1549315861444115,0.398989898989899,0.3946488294314381,0.09915634195230616,0.15104482498204985,0.37583892617449666,29.0,10.0,10.0,40.0,7.0,9.0,47.0,7.0,6.0,-0.0011181314263496887,-1.7020834212397334e-05,-0.000524472199171744,0.0029223971644087854,0.0035979797757139664,0.003250556662393045,"[3.056640625, 9.4453125, 2.4296875, 6.078125, 0.78955078125, 0.10418701171875, 4.328125, 4.2421875, 1.7177734375, 1.9072265625, 3.837890625, 1.125, 0.215576171875, 7.7734375, 7.0390625, 8.3515625, 7.765625, 0.41845703125, 3.748046875, 2.337890625, 4.921875, 5.875, 2.1484375, 4.05078125, 8.828125, 1.123046875, 4.46875, 5.62890625, 2.095703125, 5.3203125, 9.015625, 1.408203125, 1.3671875, 1.072265625, 3.130859375, 0.024993896484375, 2.27734375, 9.7578125, 0.0859375, 0.138916015625, 0.006160736083984375, 0.005889892578125, 6.22265625, 4.2265625, 8.9921875, 2.681640625, 4.28515625, 2.443359375, 0.045654296875, 0.10845947265625, 1.904296875, 2.064453125, 9.7265625, 1.7119140625, 0.6279296875, 8.078125, 0.06463623046875, 6.94921875, 2.125, 1.7919921875, 8.828125, 0.129150390625, 0.0723876953125, 1.5234375, 3.162109375, 6.0, 2.265625, 8.65625, 1.1796875, 4.375, 8.1171875, 4.0078125, 7.15234375, 1.8046875, 4.76953125, 0.326904296875, 0.57666015625, 0.546875, 11.34375, 2.111328125, 5.234375, 3.2734375, 1.5771484375, 4.609375, 5.171875, 4.84375, 3.373046875, 6.03125, 0.2152099609375, 0.810546875, 3.796875, 7.3203125, 5.62890625, 0.5390625, 1.6103515625, 11.171875, 0.0021991729736328125, 2.458984375, 2.673828125, 5.4609375, 8.9609375, 1.4580078125, 4.45703125, 6.32421875, 1.751953125, 0.01163482666015625, 1.662109375, 4.8671875, 0.59228515625, 0.00775909423828125, 0.0004715919494628906, 1.6689453125, 1.763671875, 5.6953125, 0.01837158203125, 0.04852294921875, 0.0017681121826171875, 0.0076141357421875, 1.3486328125, 7.90625, 1.2568359375, 6.8046875, 1.22265625, 3.572265625, 6.109375, 6.921875, 0.0096893310546875, 3.20703125, 3.673828125, 0.55859375, 1.16796875, 9.234375, 6.23828125, 4.10546875, 10.0234375, 2.1328125, 0.5478515625, 4.5390625, 0.63916015625, 0.0019855499267578125, 0.002681732177734375, 2.935546875, 0.358642578125, 2.841796875, 2.978515625, 1.095703125, 0.004558563232421875, 8.5234375, 0.0850830078125, 0.0019483566284179688, 5.53515625, 0.3115234375, 0.0190582275390625, 4.625, 5.37890625, 0.445556640625, 0.0031909942626953125, 0.0027217864990234375, 2.4453125, 1.7587890625, 5.26171875, 1.5625, 8.1953125, 7.3203125, 0.68310546875, 1.3125, 4.796875, 6.6796875, 3.166015625, 0.007354736328125, 6.0234375, 3.392578125, 9.953125, 11.2890625, 0.46630859375, 2.31640625, 6.23828125, 0.007843017578125, 0.8984375, 1.7705078125, 2.54296875, 6.3828125, 0.5126953125, 0.002933502197265625, 0.0009794235229492188, 4.09375, 4.75390625, 4.44921875, 8.8203125, 0.2474365234375, 0.85791015625, 2.23046875, 0.080078125, 0.00399017333984375, 0.0234222412109375, 0.0068359375, 0.63720703125, 6.40625, 4.390625, 0.89892578125, 7.25, 2.619140625, 0.009613037109375, 2.373046875, 0.012908935546875, 2.28515625, 6.48046875, 0.466552734375, 2.447265625, 9.78125, 0.794921875, 3.341796875, 0.1741943359375, 4.6796875, 6.953125, 1.7421875, 5.19140625, 0.056976318359375, 0.44921875, 0.00043511390686035156, 0.97119140625, 2.29296875, 0.29931640625, 0.0009069442749023438, 0.0010271072387695312, 2.572265625, 2.484375, 10.1171875, 0.0029087066650390625, 2.28515625, 10.3125, 2.248046875, 1.8916015625, 3.638671875, 0.06427001953125, 0.02679443359375, 0.0012807846069335938, 0.068603515625, 4.203125, 0.34033203125, 0.023193359375, 0.00015914440155029297, 0.01192474365234375, 0.00026798248291015625, 1.1572265625, 0.1697998046875, 0.007526397705078125, 0.0006718635559082031, 0.0005817413330078125, 6.8828125, 3.232421875, 0.1666259765625, 0.0003592967987060547, 0.0025882720947265625, 2.275390625, 1.177734375, 2.619140625, 7.015625, 7.359375, 3.296875, 3.7734375, 3.626953125, 4.08984375, 0.38720703125, 8.0859375, 0.369140625, 1.416015625, 1.62109375, 2.947265625, 3.166015625, 2.849609375, 0.496826171875, 3.205078125, 5.55859375, 1.3037109375, 8.453125, 3.40234375, 1.1357421875, 3.72265625, 3.51953125, 1.5322265625, 0.044036865234375, 0.005786895751953125, 7.2109375, 1.2373046875, 0.0390625, 6.89453125, 1.4462890625, 0.0016546249389648438, 0.982421875, 0.11785888671875, 0.0003600120544433594, 0.0008521080017089844, 0.408935546875, 0.048919677734375, 0.01279449462890625, 14.1015625, 6.4296875, 1.5078125, 3.638671875, 2.33203125, 7.85546875, 2.14453125, 4.7734375, 0.9599609375, 1.7265625, 5.8515625, 0.04150390625, 0.515625, 3.14453125, 2.29296875, 7.1796875, 5.05859375, 0.10137939453125, 0.51513671875, 6.41796875, 0.260498046875, 0.357666015625, 3.783203125, 2.724609375, 3.5390625, 6.40625, 0.53759765625, 4.31640625, 7.7109375, 9.609375, 0.5771484375, 3.271484375, 5.53515625, 0.0003008842468261719, 0.0012226104736328125, 1.318359375, 1.3388671875, 7.53125, 5.890625, 2.51171875, 1.1259765625, 2.44921875, 2.19921875, 13.515625, 1.2548828125, 2.1640625, 0.0013685226440429688, 6.125, 2.01953125, 0.2203369140625, 1.4404296875, 4.92578125, 0.30126953125, 0.00034546852111816406, 0.00040078163146972656, 0.355712890625]",-1.3143407922576773
63,0,test,3.948225538763735,1.7936777472166043,2.496037487576321,6.446537744083161,2.928660276528806,4.075451039037044,51.84329125602447,43.21930179988869,47.57083861565627,84.64808572311341,70.56710858851882,77.67216022556306,3.965326130689688,1.7794043872895733,2.4347010417066204,6.474459049544181,2.905355186026479,3.975302830809115,52.73746589146498,43.838618663510175,48.11640139527918,86.10806577758972,71.57830956923414,78.56293787138804,3.948225538763735,1.7936777472166043,2.496037487576321,6.446537744083161,2.928660276528806,4.075451039037044,51.84329125602447,43.21930179988869,47.57083861565627,84.64808572311341,70.56710858851882,77.67216022556306,0.778894472361809,0.003894472361808954,0.008894472361808958,0.6331658291457287,0.00816582914572872,-0.011834170854271298,0.5276381909547738,0.0026381909547738003,0.0026381909547738003,0.4375,0.10474436741767768,0.18114896073902997,0.445993031358885,0.4371859296482412,0.10886512764322864,0.17007407655976037,0.4494949494949495,0.4375,0.10474436741767768,0.18114896073902997,0.445993031358885,23.0,0.0,-2.0,34.0,0.0,-2.0,43.0,2.0,-1.0,-0.0001700236499778929,7.490250863559226e-05,-2.4027120002995753e-05,0.0003080533820964959,-0.0001462546060908565,1.7556467044599344e-06,"[3.0625, 6.44921875, 0.0345458984375, 0.00528717041015625, 0.01554107666015625, 12.6484375, 0.1212158203125, 0.41943359375, 0.7001953125, 13.8984375, 4.8515625, 0.90478515625, 8.6484375, 1.8037109375, 5.33203125, 2.541015625, 0.006855010986328125, 3.396484375, 0.00351715087890625, 0.07470703125, 0.0038928985595703125, 0.0252227783203125, 7.97265625, 3.53515625, 7.5859375, 6.703125, 2.5546875, 11.09375, 3.21875, 4.06640625, 12.625, 3.51953125, 11.1796875, 1.3515625, 11.8828125, 2.79296875, 8.21875, 3.31640625, 5.37890625, 0.6767578125, 0.052398681640625, 0.031463623046875, 0.0008869171142578125, 7.20703125, 0.263671875, 0.1319580078125, 0.5263671875, 0.08160400390625, 1.1025390625, 7.67578125, 1.1982421875, 0.0015106201171875, 0.291748046875, 0.0004298686981201172, 12.234375, 0.201904296875, 9.4765625, 2.873046875, 6.390625, 1.283203125, 1.7421875, 6.515625, 11.6171875, 7.296875, 0.04669189453125, 0.0040740966796875, 0.6220703125, 0.0049591064453125, 0.0225067138671875, 1.6689300537109375e-05, 4.6640625, 7.17578125, 1.7412109375, 6.078125, 9.28125, 5.6328125, 1.1787109375, 8.0703125, 2.865234375, 7.7890625, 5.83203125, 0.54345703125, 10.5703125, 5.39453125, 1.7177734375, 2.845703125, 2.72265625, 6.75390625, 4.0625, 0.77490234375, 5.66796875, 6.8984375, 4.4140625, 0.5830078125, 4.28515625, 4.203125, 2.7265625, 1.02734375, 10.1328125, 8.2734375, 0.75439453125, 2.291015625, 3.51953125, 4.14453125, 4.9453125, 6.0234375, 6.6171875, 2.197265625, 3.203125, 0.07550048828125, 2.55078125, 8.34375, 0.361083984375, 2.94140625, 3.357421875, 3.63671875, 4.30078125, 0.68896484375, 3.333984375, 1.0751953125, 1.375, 6.109375, 1.2958984375, 1.8515625, 7.109375, 6.09765625, 1.8408203125, 4.21484375, 1.8984375, 2.013671875, 0.28173828125, 2.888671875, 2.267578125, 3.056640625, 12.6484375, 9.25, 0.271240234375, 0.1943359375, 3.052734375, 6.41796875, 5.9296875, 2.41015625, 5.23828125, 4.84765625, 9.4453125, 2.12109375, 3.30859375, 5.10546875, 3.302734375, 0.025115966796875, 3.62890625, 1.3564453125, 8.8828125, 1.919921875, 3.935546875, 5.1953125, 6.515625, 5.203125, 9.5546875, 6.51171875, 1.1728515625, 4.95703125, 2.744140625, 7.46875, 4.21484375, 5.12109375, 1.69921875, 2.458984375, 7.48046875, 8.9765625, 7.390625, 1.916015625, 1.771484375, 0.4384765625, 4.01953125, 5.16796875, 6.83203125, 4.61328125, 0.63330078125, 1.8671875, 5.8125, 3.556640625, 1.544921875, 4.08984375, 2.55078125, 1.5654296875, 2.615234375, 1.4375, 6.00390625, 7.80859375, 1.3076171875, 5.6015625, 9.7109375, 0.1400146484375, 0.97119140625, 8.6171875, 1.4072265625, 1.9599609375, 6.2421875, 2.45703125, 0.446044921875, 6.8359375, 8.2578125, 7.6953125, 0.42041015625, 7.76953125, 2.439453125, 3.791015625, 1.9013671875, 4.5625, 6.75, 5.6875, 0.391845703125, 3.037109375, 6.5390625, 4.4453125, 8.125, 1.423828125, 1.2158203125, 2.376953125, 2.69140625, 1.8798828125, 6.0078125, 3.513671875, 2.39453125, 8.0859375, 11.859375, 8.921875, 7.27734375, 2.111328125, 1.38671875, 0.454345703125, 2.4453125, 0.0205230712890625, 7.25, 0.1614990234375, 10.03125, 1.775390625, 5.70703125, 6.87890625, 6.640625, 3.27734375, 5.22265625, 0.1297607421875, 0.01181793212890625, 0.70947265625, 6.4375, 4.7734375, 2.140625, 1.3681640625, 1.416015625, 2.662109375, 7.62890625, 0.390869140625, 6.16796875, 4.39453125, 1.7109375, 1.7724609375, 8.0859375, 5.1796875, 4.34375, 3.595703125, 7.546875, 1.8134765625, 7.46484375, 9.5859375, 3.787109375, 1.3974609375, 3.556640625, 6.16015625, 5.13671875, 1.123046875, 3.546875, 0.055755615234375, 3.10546875, 0.47900390625, 1.5166015625, 6.3046875, 6.05078125, 0.263916015625, 6.4296875, 0.1534423828125, 1.71484375, 5.73828125, 7.0546875, 0.5458984375, 0.9599609375, 7.8671875]",-0.9775456976559429
16,0,test,3.366771594182149,1.461734363902121,2.05533550136433,6.353117019530157,2.758301003069539,3.8784297031394703,28.98480114591441,22.26514334819494,25.273301200687413,54.69448351827917,42.01445128981418,47.69086215270958,3.847024872075373,1.6897185815659652,2.397072800060779,7.259357668210026,3.1885085098476402,4.523289916498872,46.8534606276709,38.205649064046106,42.590550430096044,88.41274491323209,72.09427563497965,80.36860928616994,3.5018364258833157,1.5884957261907153,2.1833581900720884,6.607985120028403,2.997500409874005,4.1200092400230375,33.17632190627379,26.40063534090923,29.43859280136173,62.60390687398557,49.81814804442758,55.55079093590292,0.7386934673366834,-0.0063065326633166,-0.011306532663316604,0.6130653266331658,-0.001934673366834172,-0.001934673366834172,0.5175879396984925,0.007587939698492474,0.0025879396984924696,0.41741741741741745,0.0995763379571476,0.15667815667815665,0.3524096385542169,0.4321608040201005,0.10634626767924837,0.17840454358604374,0.4191919191919192,0.42140468227424754,0.10754825489528264,0.17001424845889712,0.36241610738255037,23.0,1.0,2.0,34.0,2.0,2.0,44.0,2.0,4.0,-0.0007146997338850978,-0.0005079579351544377,-0.0007958547634245915,-0.0003727715704986423,2.805402114880451e-05,-0.00018514738865160751,"[3.056640625, 9.4453125, 2.4296875, 1.0791015625, 6.80078125, 2.095703125, 1.373046875, 9.875, 4.96875, 5.625, 14.5390625, 1.03125, 0.3095703125, 10.0546875, 0.441650390625, 1.57421875, 9.203125, 0.76953125, 5.60546875, 4.09765625, 4.3828125, 0.0100250244140625, 1.576171875, 2.779296875, 2.361328125, 0.50341796875, 0.1527099609375, 8.828125, 6.84765625, 5.28125, 1.9091796875, 2.17578125, 9.265625, 3.462890625, 6.625, 7.87890625, 1.208984375, 6.89453125, 0.94873046875, 8.171875, 4.578125, 9.96875, 2.470703125, 0.97705078125, 8.4140625, 2.224609375, 2.0390625, 0.70361328125, 7.30078125, 10.3046875, 0.034149169921875, 7.4296875, 6.1796875, 0.35595703125, 3.966796875, 3.3203125, 0.00202178955078125, 6.26953125, 1.521484375, 0.8232421875, 13.8046875, 0.042694091796875, 1.3544921875, 12.8203125, 5.0390625, 3.697265625, 7.3359375, 8.7890625, 1.3916015625, 5.6328125, 3.568359375, 4.49609375, 10.4609375, 1.1728515625, 1.0546875, 5.640625, 3.341796875, 0.6142578125, 5.90625, 1.05859375, 6.01171875, 0.162353515625, 13.109375, 10.1953125, 0.5146484375, 2.375, 0.1025390625, 5.828125, 0.0216827392578125, 2.091796875, 6.421875, 5.29296875, 0.371826171875, 0.0219268798828125, 0.07080078125, 3.02734375, 0.50048828125, 0.4140625, 1.853515625, 2.369140625, 8.7890625, 7.7265625, 6.9765625, 1.8466796875, 9.984375, 0.0236358642578125, 4.39453125, 0.0015134811401367188, 1.5986328125, 2.0625, 0.86279296875, 4.83984375, 0.1478271484375, 0.382568359375, 9.1015625, 6.08203125, 5.85546875, 0.86962890625, 6.0078125, 0.0384521484375, 0.07928466796875, 0.0036487579345703125, 1.7646484375, 4.8515625, 2.908203125, 3.541015625, 0.02069091796875, 0.51513671875, 0.002208709716796875, 4.3046875, 8.96875, 8.28125, 0.1695556640625, 1.599609375, 3.662109375, 10.96875, 1.4453125, 0.0018339157104492188, 0.422119140625, 1.9853515625, 3.640625, 3.75390625, 3.701171875, 5.81640625, 2.353515625, 3.64453125, 0.36474609375, 4.08984375, 4.61328125, 2.93359375, 0.0303497314453125, 0.01465606689453125, 0.0014095306396484375, 4.57421875, 1.201171875, 3.572265625, 6.80078125, 0.81396484375, 4.44921875, 0.47119140625, 0.0018625259399414062, 4.22265625, 6.96875, 0.104736328125, 1.71484375, 8.234375, 1.6083984375, 9.0234375, 6.4453125, 4.5703125, 2.41796875, 7.20703125, 0.28759765625, 5.02734375, 5.125, 0.00449371337890625, 3.865234375, 7.40625, 1.7763671875, 6.109375, 1.30078125, 5.73046875, 2.716796875, 3.521484375, 2.84375, 3.16015625, 0.00798797607421875, 5.86328125, 3.126953125, 10.1875, 3.47265625, 12.0390625, 0.399658203125, 1.1484375, 2.26171875, 8.0234375, 6.125, 2.673828125, 4.578125, 6.34375, 3.5546875, 2.322265625, 4.3046875, 2.494140625, 1.15625, 1.55859375, 5.31640625, 12.671875, 0.004352569580078125, 2.447265625, 10.2734375, 1.134765625, 1.6884765625, 1.111328125, 1.8564453125, 1.6103515625, 3.76171875, 3.599609375, 1.37890625, 7.3046875, 1.630859375, 2.328125, 9.8046875, 7.2578125, 2.3359375, 3.919921875, 0.02386474609375, 2.62109375, 0.0166778564453125, 3.12890625, 0.9423828125, 2.37109375, 1.96875, 5.76171875, 6.58984375, 3.619140625, 5.28515625, 7.73046875, 0.802734375, 2.806640625, 0.364501953125, 0.00044226646423339844, 2.46484375, 0.00327301025390625, 2.138671875, 0.01245880126953125, 1.1962890625, 0.005523681640625, 0.156494140625, 6.1875, 3.455078125, 3.88671875, 9.921875, 1.3974609375, 0.61865234375, 6.171875, 10.25, 2.90625, 8.3125, 6.921875, 4.578125, 4.88671875, 1.7724609375, 0.0019350051879882812, 0.007595062255859375, 0.0106964111328125, 5.8671875, 3.439453125, 0.91064453125, 1.0361328125, 0.036285400390625, 0.2181396484375, 3.19921875, 0.1885986328125, 0.043182373046875, 0.410888671875, 1.734375, 1.126953125, 0.461669921875, 4.09765625, 0.01128387451171875, 0.0026111602783203125, 1.31640625, 10.0078125, 0.00341033935546875, 1.4072265625, 0.0023632049560546875, 0.005645751953125, 0.0010309219360351562, 0.243896484375, 3.5546875, 0.72314453125, 4.07421875, 0.317138671875, 8.578125, 1.6279296875, 0.005859375, 0.06427001953125, 0.1429443359375, 2.80859375, 0.036041259765625, 7.0, 4.24609375, 4.2890625, 0.2103271484375, 0.0033168792724609375, 3.39453125, 0.01216888427734375, 0.012725830078125, 0.004322052001953125, 6.0234375, 8.78125, 2.181640625, 1.7431640625, 0.007251739501953125, 0.0216827392578125, 0.0016050338745117188, 2.296875, 2.3125, 9.90625, 1.3583984375, 0.372802734375, 0.003879547119140625, 0.005847930908203125, 0.0011310577392578125, 0.810546875, 0.001102447509765625, 0.79443359375, 5.125, 0.045379638671875, 9.0859375, 2.23828125, 2.935546875]",-1.7950574005688273
134,0,test,3.1976750433867704,1.441683326664299,2.008956836628001,5.5517916397451295,2.503045284944765,3.487943464820395,24.475559381787857,18.686373253035082,21.192688833705915,42.49437610457647,32.44321245772349,36.794668343182664,3.310545351038027,1.4696310033224818,2.041016987335734,5.747756652415716,2.5515679382838186,3.5436061804663357,27.40006405152053,21.09776593226374,23.840890520507013,47.57189034711847,36.629863551108215,41.39246636382506,3.1976750433867704,1.441683326664299,2.008956836628001,5.5517916397451295,2.503045284944765,3.487943464820395,24.475559381787857,18.686373253035082,21.192688833705915,42.49437610457647,32.44321245772349,36.794668343182664,0.7487437185929648,-0.006256281407035158,-0.0012562814070351536,0.6080402010050252,0.008040201005025227,0.0030402010050252226,0.48743718592964824,0.01743718592964827,0.012437185929648265,0.4219858156028369,0.09986192179752718,0.18141977786698782,0.39857651245551606,0.4321608040201005,0.10384000201508792,0.17005729817702875,0.40909090909090906,0.4219858156028369,0.09986192179752718,0.18141977786698782,0.39857651245551606,23.0,6.0,7.0,38.0,9.0,8.0,45.0,9.0,9.0,-0.0005096346487552893,-0.00029797107003210144,-9.85118341359091e-05,0.00961753193405901,0.009318450544769874,0.00835712927642529,"[3.0625, 9.453125, 2.48046875, 1.494140625, 10.8203125, 3.083984375, 6.1484375, 8.8515625, 6.94921875, 0.10284423828125, 1.455078125, 6.984375, 0.398193359375, 8.3125, 0.67529296875, 0.01015472412109375, 3.26953125, 1.8525390625, 4.078125, 1.1845703125, 4.10546875, 2.8515625, 4.32421875, 1.8056640625, 5.9765625, 1.890625, 1.4140625, 2.890625, 0.038818359375, 3.86328125, 0.03375244140625, 6.1640625, 0.833984375, 3.74609375, 1.1640625, 2.505859375, 3.109375, 10.6171875, 1.8798828125, 0.012786865234375, 0.9638671875, 8.21875, 4.3203125, 5.6015625, 5.671875, 3.998046875, 7.32421875, 4.51953125, 6.99609375, 4.984375, 0.8291015625, 6.5234375, 1.103515625, 1.8232421875, 7.51953125, 0.2998046875, 4.171875, 12.40625, 3.03125, 0.373046875, 4.58203125, 1.791015625, 2.052734375, 2.419921875, 5.0078125, 1.16015625, 0.1295166015625, 9.96875, 1.650390625, 4.125, 2.021484375, 0.006153106689453125, 3.326171875, 0.7783203125, 4.171875, 0.30908203125, 0.15673828125, 4.9296875, 4.58984375, 4.92578125, 5.09765625, 3.12109375, 3.673828125, 3.615234375, 1.84375, 2.224609375, 7.828125, 0.278076171875, 1.296875, 4.09375, 0.95947265625, 1.4541015625, 8.4375, 0.053802490234375, 3.076171875, 0.91845703125, 1.947265625, 5.80859375, 0.71337890625, 5.6875, 0.01290130615234375, 3.58203125, 1.0283203125, 4.0546875, 3.28125, 2.783203125, 4.3125, 0.0014715194702148438, 2.5703125, 4.5546875, 8.6875, 3.3515625, 0.0633544921875, 2.896484375, 7.36328125, 5.63671875, 3.048828125, 5.0859375, 0.87451171875, 3.0625, 4.30078125, 0.02874755859375, 0.42822265625, 0.024261474609375, 0.41845703125, 4.9765625, 6.82421875, 0.9951171875, 0.451416015625, 8.65625, 3.490234375, 2.333984375, 3.01953125, 4.171875, 3.74609375, 8.046875, 1.3271484375, 1.8271484375, 0.238037109375, 3.6484375, 4.84375, 7.29296875, 0.38037109375, 1.0380859375, 4.71875, 4.01953125, 3.08203125, 4.578125, 2.2265625, 6.66015625, 2.197265625, 0.2032470703125, 0.11968994140625, 0.990234375, 0.62109375, 0.04949951171875, 0.057159423828125, 0.3037109375, 0.00795745849609375, 0.1483154296875, 0.01910400390625, 0.284912109375, 1.5341796875, 3.333984375, 6.078125, 1.2939453125, 2.953125, 3.390625, 11.6484375, 1.0517578125, 8.515625, 2.359375, 5.39453125, 5.75390625, 2.6171875, 6.58984375, 4.56640625, 2.677734375, 4.72265625, 0.97802734375, 4.734375, 6.1171875, 0.791015625, 2.23046875, 3.025390625, 2.1953125, 0.036865234375, 0.0188446044921875, 8.3046875, 1.6396484375, 5.3671875, 6.296875, 2.40234375, 3.96484375, 1.337890625, 7.07421875, 0.499755859375, 1.908203125, 4.90625, 3.33984375, 6.01171875, 2.400390625, 11.0703125, 0.72900390625, 7.9765625, 8.890625, 0.01018524169921875, 0.1270751953125, 2.001953125, 2.287109375, 5.0859375, 6.015625, 5.48828125, 3.435546875, 6.296875, 5.12109375, 1.076171875, 1.689453125, 1.375, 4.76953125, 0.70263671875, 2.373046875, 0.06634521484375, 4.7578125, 3.220703125, 2.068359375, 4.33984375, 0.004482269287109375, 1.3271484375, 0.0046844482421875, 0.62109375, 0.0014019012451171875, 0.14794921875, 2.58984375, 0.470703125, 0.1787109375, 4.21875, 2.595703125, 0.76123046875, 5.546875, 0.29052734375, 0.0189666748046875, 0.0007853507995605469, 1.791015625, 0.438232421875, 0.849609375, 4.09765625, 0.457275390625, 1.046875, 1.3330078125, 8.578125, 5.90625, 8.53125, 2.6953125, 0.0017833709716796875, 0.00010478496551513672, 0.01885986328125, 0.485595703125, 1.4091796875, 0.1224365234375, 0.0011444091796875, 0.0640869140625, 0.030487060546875, 7.7578125, 1.8369140625, 7.5390625, 2.130859375, 3.923828125, 7.6640625, 3.02734375, 0.76904296875, 3.728515625, 4.8203125, 1.8232421875, 6.3515625, 0.395263671875, 3.111328125, 2.1484375, 11.8671875, 10.515625, 2.443359375, 2.361328125]",-1.334860032754587
311,0,test,3.51844649039782,1.5784058898920572,2.1842764339718133,6.20482793239075,2.783540116633966,3.8520010085584,33.73198477626019,26.772951271078547,29.935141303689193,59.48681099056696,47.21446136318582,52.791026217992425,3.5985087485768688,1.5791870499841498,2.199413275987908,6.3460188066119105,2.7849177030125887,3.8786950340057023,36.54369794839952,29.01048453737616,32.492164362661015,64.44530516575861,51.16038151523769,57.300370936854904,3.51844649039782,1.5784058898920572,2.1842764339718133,6.20482793239075,2.783540116633966,3.8520010085584,33.73198477626019,26.772951271078547,29.935141303689193,59.48681099056696,47.21446136318582,52.791026217992425,0.7236180904522613,0.0036180904522613577,0.023618090452261375,0.6080402010050252,0.0030402010050252226,0.02304020100502524,0.5175879396984925,-0.007412060301507539,0.0025879396984924696,0.4653846153846154,0.15444411634430832,0.2134664568168405,0.4208494208494209,0.44723618090452266,0.12142164456367055,0.19347992047046592,0.41414141414141414,0.4653846153846154,0.15444411634430832,0.2134664568168405,0.4208494208494209,30.0,9.0,9.0,40.0,6.0,6.0,52.0,10.0,10.0,-0.00020740997324419073,-0.0003313943037152118,-0.0004079989084051737,0.00011401557000390028,0.0001672912548489336,-9.637194842149199e-05,"[3.0625, 9.453125, 2.48046875, 1.494140625, 0.81689453125, 1.9716796875, 10.1484375, 7.9921875, 1.5517578125, 7.08984375, 9.7734375, 7.8359375, 8.109375, 1.0078125, 0.59375, 6.44140625, 10.1015625, 1.5400390625, 0.0662841796875, 6.5390625, 0.8916015625, 5.45703125, 0.0003750324249267578, 8.921875, 6.0859375, 2.103515625, 1.61328125, 0.4658203125, 0.00384521484375, 6.58984375, 5.9453125, 2.0234375, 10.828125, 5.69921875, 0.5478515625, 1.419921875, 5.54296875, 7.48828125, 1.1669921875, 2.986328125, 3.728515625, 2.044921875, 5.3046875, 5.75, 5.7421875, 5.21484375, 0.30419921875, 0.7783203125, 3.1875, 4.07421875, 3.7421875, 4.2734375, 0.13525390625, 0.01415252685546875, 0.0012340545654296875, 10.5625, 5.77734375, 7.46484375, 7.60546875, 0.01494598388671875, 3.990234375, 0.0595703125, 3.73046875, 7.3984375, 5.54296875, 6.24609375, 0.034637451171875, 0.263671875, 5.8984375, 5.98046875, 8.9453125, 2.326171875, 4.828125, 0.289306640625, 8.0859375, 4.4921875, 4.05859375, 4.51953125, 0.734375, 5.53125, 0.67919921875, 3.859375, 5.90625, 0.1326904296875, 0.264404296875, 6.3359375, 4.87109375, 4.59375, 1.8046875, 5.7421875, 5.9453125, 3.236328125, 3.541015625, 1.19140625, 5.5546875, 0.0185394287109375, 6.80078125, 0.494873046875, 0.1595458984375, 3.9609375, 6.8046875, 6.046875, 5.12890625, 7.63671875, 0.80126953125, 0.0225677490234375, 7.92578125, 10.84375, 0.84912109375, 10.453125, 0.52685546875, 0.54541015625, 1.859375, 2.85546875, 0.1710205078125, 2.95703125, 0.96923828125, 1.9306640625, 0.006740570068359375, 5.48828125, 8.4140625, 1.1103515625, 10.4375, 8.34375, 1.3544921875, 5.20703125, 0.91845703125, 4.9765625, 1.296875, 2.70703125, 5.43359375, 6.140625, 2.087890625, 9.546875, 0.338623046875, 0.57080078125, 4.90625, 0.04278564453125, 0.0139617919921875, 0.0016775131225585938, 1.86328125, 0.01097869873046875, 9.3046875, 2.935546875, 0.32763671875, 3.6328125, 0.55078125, 5.06640625, 0.8935546875, 3.748046875, 6.93359375, 6.01171875, 5.1484375, 0.037445068359375, 0.446533203125, 5.8671875, 0.354248046875, 2.517578125, 3.630859375, 4.4296875, 2.54296875, 0.044464111328125, 5.1328125, 4.00390625, 4.8203125, 0.353271484375, 1.12890625, 7.23828125, 2.9140625, 3.12890625, 6.2265625, 0.8251953125, 1.1748046875, 6.5078125, 2.513671875, 1.0595703125, 2.240234375, 2.173828125, 0.038970947265625, 1.3369140625, 6.29296875, 0.87158203125, 4.0234375, 0.68408203125, 1.67578125, 4.00390625, 0.475341796875, 1.3505859375, 1.578125, 7.6328125, 5.62109375, 0.0882568359375, 2.404296875, 0.226318359375, 0.3203125, 1.8203125, 3.841796875, 0.006305694580078125, 3.681640625, 0.54931640625, 4.265625, 6.328125, 5.0234375, 4.03125, 8.1796875, 3.09375, 0.650390625, 0.317138671875, 3.943359375, 1.29296875, 2.1796875, 1.4736328125, 3.12109375, 2.373046875, 4.34375, 1.7705078125, 1.6884765625, 2.17578125, 4.375, 0.053131103515625, 6.21875, 0.0311279296875, 0.33837890625, 5.9609375, 2.138671875, 3.458984375, 4.41796875, 4.05859375, 7.0, 4.3828125, 2.7265625, 8.265625, 6.80859375, 6.01953125, 8.7578125, 0.024749755859375, 1.58984375, 10.84375, 2.193359375, 1.55859375, 1.0458984375, 2.083984375, 0.60009765625, 0.546875, 0.2279052734375, 4.09765625, 8.140625, 1.611328125, 0.52001953125, 8.2578125, 0.7529296875, 6.68359375, 3.162109375, 0.8359375, 0.01236724853515625, 7.10546875, 0.1290283203125, 7.28515625, 0.1378173828125, 2.52734375]",-0.9211239365430979
125,0,test,3.741861587499871,1.6806405577195442,2.3226219262784715,6.548257778124775,2.9411209760092025,4.064588370987326,42.17643224800488,34.32087642367919,38.042456225293165,73.80875643400854,60.06153374143859,66.57429839426305,3.894355658909783,1.7235093284176632,2.4005722275302386,6.815122403092121,3.0161413247309112,4.201001398177919,49.12439029967117,40.35869071853166,44.670475537082936,85.96768302442455,70.62770875743041,78.17333218989513,3.741861587499871,1.6806405577195442,2.3226219262784715,6.548257778124775,2.9411209760092025,4.064588370987326,42.17643224800488,34.32087642367919,38.042456225293165,73.80875643400854,60.06153374143859,66.57429839426305,0.778894472361809,-0.01110552763819106,-0.01110552763819106,0.6281407035175879,0.003140703517587884,0.008140703517587888,0.4974874371859297,0.0024874371859296973,-0.002512562814070307,0.4191176470588235,0.10168645439827306,0.16850640011505824,0.3837638376383764,0.42713567839195976,0.09881487638694719,0.16837107071249402,0.38888888888888884,0.4191176470588235,0.10168645439827306,0.16850640011505824,0.3837638376383764,26.0,17.0,17.0,39.0,21.0,21.0,46.0,21.0,21.0,-0.0006097925577861498,-0.00042179544497265365,-0.00020448401107432966,0.00019717463232815646,-0.00020823100688893703,-5.431726479621091e-05,"[3.0625, 9.453125, 2.48046875, 1.494140625, 0.81689453125, 10.96875, 6.78515625, 11.1875, 4.109375, 0.798828125, 5.18359375, 0.142578125, 8.3984375, 9.703125, 1.302734375, 0.186279296875, 1.908203125, 7.1953125, 4.6171875, 4.94921875, 4.10546875, 1.0419921875, 2.57421875, 1.9560546875, 2.833984375, 0.75634765625, 2.552734375, 9.8828125, 1.142578125, 1.4921875, 3.962890625, 0.525390625, 7.54296875, 12.0859375, 2.392578125, 1.6806640625, 10.2890625, 7.53515625, 0.81982421875, 1.9755859375, 2.958984375, 4.92578125, 0.53857421875, 5.01953125, 9.6640625, 2.244140625, 1.1884765625, 7.640625, 0.244873046875, 0.8310546875, 4.640625, 6.1015625, 7.078125, 2.70703125, 5.96484375, 0.1297607421875, 1.7763671875, 4.10546875, 1.4267578125, 6.484375, 6.27734375, 5.38671875, 0.489501953125, 8.234375, 0.86669921875, 0.376220703125, 5.01171875, 4.68359375, 3.611328125, 6.2734375, 5.4921875, 2.36328125, 1.23046875, 6.9375, 0.4775390625, 4.8203125, 6.14453125, 0.146240234375, 1.171875, 9.609375, 0.041168212890625, 5.4609375, 6.5625, 12.484375, 2.017578125, 3.556640625, 8.6328125, 3.04296875, 2.857421875, 10.2265625, 8.0625, 1.0576171875, 6.546875, 4.29296875, 7.98828125, 1.6689453125, 2.9140625, 6.02734375, 2.416015625, 2.671875, 2.365234375, 6.26171875, 5.37890625, 0.09246826171875, 3.798828125, 3.201171875, 3.92578125, 5.921875, 4.17578125, 5.73046875, 1.056640625, 3.654296875, 1.814453125, 2.064453125, 2.203125, 11.2734375, 0.04888916015625, 8.0859375, 9.96875, 3.04296875, 8.3359375, 6.73828125, 3.095703125, 0.7138671875, 7.05859375, 3.544921875, 1.6943359375, 2.615234375, 3.72265625, 0.79052734375, 0.748046875, 10.1796875, 0.1552734375, 1.3740234375, 8.8671875, 2.763671875, 4.2265625, 6.91015625, 1.5263671875, 4.078125, 2.484375, 2.609375, 4.67578125, 0.19140625, 0.358154296875, 12.3046875, 0.008514404296875, 0.207763671875, 0.02001953125, 0.1795654296875, 1.9365234375, 2.408203125, 7.60546875, 2.236328125, 1.2373046875, 7.703125, 3.140625, 2.009765625, 0.428466796875, 8.2421875, 0.38671875, 4.36328125, 3.62109375, 1.44140625, 6.51953125, 0.10882568359375, 10.359375, 0.85791015625, 1.0439453125, 6.859375, 0.281982421875, 4.01171875, 1.8017578125, 1.6455078125, 6.953125, 0.12384033203125, 1.5576171875, 3.28125, 0.154052734375, 0.492919921875, 6.21875, 8.5703125, 0.1024169921875, 0.387451171875, 5.2109375, 1.0537109375, 7.24609375, 5.80859375, 2.73828125, 1.140625, 1.728515625, 7.4765625, 0.337158203125, 0.53515625, 1.333984375, 4.6953125, 0.3955078125, 9.546875, 2.849609375, 0.00021374225616455078, 3.046875, 4.0234375, 9.0546875, 7.58203125, 4.56640625, 1.3837890625, 3.115234375, 4.4609375, 2.8203125, 0.84521484375, 0.7841796875, 1.44921875, 5.3671875, 0.79248046875, 2.48828125, 0.5771484375, 10.3125, 1.15625, 11.984375, 0.8212890625, 7.59375, 0.2432861328125, 0.0556640625, 4.8671875, 2.662109375, 1.0244140625, 5.60546875, 0.8408203125, 10.0859375, 0.33837890625, 6.01171875, 0.50537109375, 0.2413330078125, 0.86376953125, 1.8095703125, 0.5107421875, 4.71484375, 0.04534912109375, 10.9921875, 6.6875, 10.875, 0.1934814453125, 7.89453125, 1.482421875, 2.974609375, 2.21875, 4.58203125, 2.2109375, 3.81640625, 3.69140625, 0.51904296875, 3.02734375, 5.16015625, 6.9921875, 7.38671875, 0.0206146240234375, 5.4375, 0.5947265625, 5.0546875, 0.16357421875, 0.0199127197265625, 3.009765625, 7.59375, 0.005413055419921875, 0.32373046875, 0.0011491775512695312, 0.004405975341796875, 0.0006947517395019531, 0.86328125, 8.296875, 5.36328125, 3.546875]",-0.8491494598634102
316,0,test,3.9811651696099175,1.8136543138569343,2.510769782598512,5.998288855545609,2.732572499544448,3.7828931391150915,53.57942699140334,44.842916473035174,49.228471879251565,80.72633666704769,67.56332748603965,74.17089763140568,3.888291727957414,1.7693805195919188,2.44747345558808,5.8583595367891705,2.6658666495184913,3.6875266730860408,48.827404748797726,40.50533319755904,44.603253839624315,73.56662315485524,61.02803535098895,67.20223578503396,3.9811651696099175,1.8136543138569343,2.510769782598512,5.998288855545609,2.732572499544448,3.7828931391150915,53.57942699140334,44.842916473035174,49.228471879251565,80.72633666704769,67.56332748603965,74.17089763140568,0.8391959798994975,0.004195979899497493,-0.0008040201005025116,0.6633165829145728,-0.0016834170854271857,0.0033165829145729298,0.5477386934673367,-0.007261306532663214,0.0027386934673367946,0.4444444444444444,0.10741561961074153,0.16379451829968816,0.4508928571428571,0.42713567839195976,0.09380234505862639,0.15334602897626692,0.43434343434343436,0.4444444444444444,0.10741561961074153,0.16379451829968816,0.4508928571428571,20.0,8.0,8.0,33.0,14.0,13.0,42.0,13.0,14.0,0.00016430029122390256,0.00018473500451250698,6.26128489630992e-05,-0.00012853169511384266,-2.5090428362517514e-05,1.1822829200092144e-05,"[3.0625, 9.453125, 2.48046875, 1.494140625, 1.81640625, 13.234375, 2.26171875, 5.4296875, 1.6591796875, 1.9951171875, 4.1953125, 1.642578125, 4.50390625, 1.0380859375, 0.2122802734375, 8.046875, 3.453125, 4.98046875, 2.40234375, 3.65625, 3.71484375, 1.9326171875, 3.00390625, 1.146484375, 3.30078125, 7.08984375, 1.7666015625, 0.11407470703125, 5.03515625, 0.456787109375, 2.638671875, 0.02288818359375, 3.44140625, 7.9765625, 6.83203125, 5.3828125, 0.1597900390625, 5.60546875, 1.515625, 1.177734375, 6.4375, 8.484375, 1.17578125, 5.4765625, 3.615234375, 2.82421875, 4.44921875, 2.71875, 8.7578125, 0.355712890625, 0.281982421875, 3.751953125, 0.0038928985595703125, 8.140625, 2.44921875, 7.81640625, 1.615234375, 9.234375, 2.404296875, 0.6845703125, 2.88671875, 5.15625, 4.85546875, 0.023284912109375, 0.966796875, 2.119140625, 5.6484375, 5.59375, 8.1484375, 7.6484375, 4.4375, 4.59375, 0.1650390625, 0.00740814208984375, 9.5703125, 0.039581298828125, 5.65234375, 3.37890625, 3.462890625, 5.375, 4.48046875, 5.33203125, 0.006084442138671875, 0.79443359375, 10.8671875, 5.96484375, 2.84765625, 5.41796875, 1.6005859375, 3.021484375, 6.0703125, 5.625, 8.65625, 10.3203125, 4.6484375, 1.9501953125, 6.6015625, 3.720703125, 0.873046875, 3.638671875, 5.0, 3.525390625, 12.1328125, 7.61328125, 7.63671875, 3.439453125, 1.8447265625, 2.677734375, 1.240234375, 0.0340576171875, 2.220703125, 5.125, 5.90234375, 1.689453125, 7.359375, 3.052734375, 7.5078125, 3.470703125, 7.265625, 2.353515625, 8.2578125, 1.935546875, 0.9931640625, 5.30078125, 1.69140625, 1.2783203125, 3.345703125, 0.005252838134765625, 7.109375, 1.19140625, 1.703125, 4.46484375, 1.4755859375, 9.328125, 2.388671875, 4.015625, 5.0703125, 0.92333984375, 7.0625, 1.1123046875, 4.83203125, 2.958984375, 1.9462890625, 4.54296875, 4.421875, 5.87109375, 5.51171875, 6.88671875, 0.017120361328125, 2.419921875, 6.125, 9.7109375, 4.73046875, 1.5634765625, 1.1142578125, 4.62890625, 3.275390625, 1.0458984375, 8.3125, 3.419921875, 1.7578125, 0.3408203125, 6.0546875, 8.296875, 1.9482421875, 7.12109375, 1.4970703125, 8.3828125, 2.814453125, 1.7509765625, 7.67578125, 5.109375, 3.6953125, 4.44140625, 0.86474609375, 1.5, 11.640625, 3.03125, 0.0132904052734375, 3.01953125, 4.80859375, 5.39453125, 0.60107421875, 4.4296875, 0.0899658203125, 1.5380859375, 11.1015625, 0.1658935546875, 2.775390625, 0.10198974609375, 3.6484375, 1.80078125, 3.0703125, 0.54931640625, 0.00995635986328125, 0.354248046875, 6.62109375, 0.105224609375, 8.3125, 0.083740234375, 4.796875, 7.8671875, 10.4453125, 2.947265625, 7.34765625, 5.61328125, 8.59375, 1.3955078125, 1.396484375, 3.1953125, 0.35498046875, 4.921875, 5.828125, 0.9619140625, 7.6015625, 1.203125, 1.7373046875, 6.953125, 8.4140625, 2.263671875, 2.41796875, 5.44140625, 5.359375, 5.5859375, 11.34375]",-0.463190795050727
102,0,test,3.194803570723308,1.415830435300774,1.9481018355840396,5.432874521336962,2.4076688685863425,3.312814886180345,24.405379290428673,18.48160890604198,20.926529444413486,41.50219579869689,31.42861835359011,35.58629071295983,3.379656115968024,1.512333610401912,2.1086948502368874,5.747222699881452,2.571775872234267,3.585908889707648,29.360672710535994,22.88972545226491,25.796395576940863,49.9288445024088,38.9247737637446,43.867667344744355,3.216237079339681,1.4258253483011338,1.9718208033446196,5.46932294775411,2.4246655655602165,3.3531498153133104,24.934118322505675,18.942199304895244,21.463210167020932,42.40133490137329,32.21186833666678,36.49893493643132,0.7437185929648241,-0.006281407035175879,0.013718592964824139,0.5778894472361809,0.007889447236180791,0.022889447236180915,0.44221105527638194,-0.0027889447236180143,-0.007788944723618019,0.41009463722397477,0.1108820387987779,0.16350492053981946,0.3892405063291139,0.4120603015075377,0.11381468747244994,0.16832073556429894,0.398989898989899,0.4046822742474916,0.10752033768655667,0.1599659227458231,0.3825503355704698,25.0,14.0,13.0,34.0,10.0,12.0,43.0,13.0,15.0,-0.0003807738179340282,-0.0003211957168569714,-0.0001707623307481114,0.0027787453107332993,0.003457991842433117,0.004287366308266982,"[3.0625, 9.453125, 2.48046875, 1.494140625, 2.81640625, 0.35400390625, 0.64501953125, 1.3642578125, 3.05078125, 0.93017578125, 6.96875, 0.24560546875, 6.875, 0.61376953125, 7.1640625, 0.0968017578125, 12.7578125, 7.52734375, 4.6640625, 2.697265625, 6.953125, 1.4775390625, 7.5625, 8.0625, 1.416015625, 3.34375, 7.8125, 4.3125, 0.193115234375, 8.875, 4.140625, 0.3115234375, 7.67578125, 2.01953125, 3.896484375, 2.0546875, 3.58203125, 0.47216796875, 0.9072265625, 5.1484375, 2.033203125, 1.26953125, 4.328125, 0.05780029296875, 0.84765625, 4.41796875, 2.3515625, 1.2939453125, 3.068359375, 2.63671875, 1.7451171875, 7.03125, 0.427490234375, 0.377197265625, 4.2109375, 8.1875, 2.611328125, 0.6201171875, 10.4765625, 0.798828125, 6.5625, 5.15234375, 1.53515625, 0.73828125, 3.853515625, 12.421875, 1.263671875, 8.0078125, 7.5625, 7.5859375, 1.4150390625, 2.5625, 2.533203125, 1.1435546875, 1.4736328125, 2.27734375, 1.2001953125, 9.6640625, 1.41796875, 7.16015625, 1.0634765625, 4.05859375, 0.264892578125, 0.65185546875, 1.34765625, 1.2216796875, 0.9365234375, 2.021484375, 0.34765625, 3.2578125, 3.626953125, 4.53125, 0.10797119140625, 9.171875, 9.203125, 4.77734375, 7.65625, 0.038726806640625, 1.017578125, 1.140625, 0.40771484375, 3.060546875, 3.51171875, 3.5703125, 5.5234375, 2.69140625, 6.96484375, 3.419921875, 4.51953125, 0.17529296875, 4.41796875, 0.857421875, 11.1015625, 2.017578125, 8.203125, 7.09765625, 6.5078125, 0.35546875, 1.6220703125, 1.0703125, 4.29296875, 5.00390625, 7.98046875, 1.0341796875, 0.231201171875, 1.32421875, 3.099609375, 2.546875, 0.5078125, 1.76953125, 2.72265625, 6.4296875, 0.03582763671875, 0.607421875, 0.2724609375, 0.09814453125, 0.56494140625, 0.1448974609375, 1.0361328125, 0.0247344970703125, 0.72265625, 2.39453125, 0.6044921875, 0.10089111328125, 0.311279296875, 12.3828125, 1.5263671875, 0.418212890625, 3.986328125, 8.8515625, 4.26171875, 0.96337890625, 5.63671875, 0.05877685546875, 1.888671875, 5.1171875, 0.87158203125, 5.61328125, 3.33203125, 3.3671875, 1.349609375, 0.533203125, 1.240234375, 5.94140625, 0.8759765625, 0.333251953125, 8.140625, 4.1328125, 3.982421875, 4.21875, 2.626953125, 9.2109375, 1.833984375, 2.134765625, 5.2109375, 4.01953125, 7.390625, 9.8828125, 1.443359375, 3.673828125, 9.5859375, 4.16796875, 2.69921875, 5.84375, 2.6171875, 1.814453125, 4.50390625, 0.65283203125, 1.0888671875, 3.14453125, 3.4765625, 0.01032257080078125, 2.650390625, 0.55859375, 2.724609375, 0.00986480712890625, 4.41796875, 1.939453125, 6.56640625, 0.5166015625, 0.2100830078125, 4.171875, 5.390625, 6.12109375, 0.8623046875, 4.67578125, 2.58984375, 0.479736328125, 0.7783203125, 1.5322265625, 0.007602691650390625, 5.203125, 2.76171875, 1.7744140625, 0.1566162109375, 4.234375, 0.6748046875, 3.650390625, 0.87451171875, 0.0261077880859375, 9.8828125, 0.440673828125, 2.564453125, 0.7255859375, 0.006378173828125, 2.31640625, 1.19921875, 4.40625, 0.09942626953125, 1.5078125, 0.009124755859375, 1.4326171875, 0.004688262939453125, 3.361328125, 6.08203125, 8.546875, 5.4765625, 5.921875, 0.0012254714965820312, 6.87890625, 0.0211639404296875, 0.32177734375, 0.000431060791015625, 0.0021686553955078125, 0.0012464523315429688, 0.71630859375, 8.2109375, 9.671875, 3.34765625, 1.7021484375, 4.0078125, 1.8828125, 6.23046875, 1.521484375, 0.39892578125, 8.265625, 9.109375, 3.99609375, 5.3203125, 1.755859375, 11.6875, 10.046875, 4.73046875, 0.35205078125, 1.26953125, 1.7421875, 0.220947265625, 0.578125, 1.2451171875, 2.009765625, 4.4921875, 6.66015625, 5.8203125, 6.53515625, 11.7421875, 1.267578125, 0.08905029296875, 6.359375, 2.314453125, 2.345703125, 0.73583984375, 2.26171875, 0.630859375, 4.44921875, 0.003139495849609375, 1.759765625, 0.0020618438720703125, 0.8037109375, 0.0005116462707519531, 0.2880859375, 5.03515625, 0.061920166015625, 0.7412109375, 0.0026302337646484375, 10.703125, 0.05206298828125, 3.529296875, 0.02044677734375, 2.8984375, 7.734375, 0.1239013671875, 0.7236328125, 0.0009598731994628906, 3.62890625, 0.455322265625, 0.00882720947265625, 0.00018703937530517578, 0.004161834716796875, 0.0005793571472167969, 3.3515625, 5.9453125, 5.421875, 5.9609375, 4.46875, 7.4609375, 1.1787109375, 4.62890625]",-1.192711020493733
29,0,test,3.801844429252739,1.689543256973009,2.3355889757257655,6.678239885595272,2.9678161158670617,4.102646424465654,44.78370874729135,36.51646498285956,40.45072906568076,78.666119970571,64.14405362120726,71.05489908247871,4.130934470862001,1.8564702559084374,2.5655693780797746,7.2563125244746995,3.2610365679444264,4.506625157548026,62.23605354845527,52.51334521340906,57.451632173674454,109.32254143051024,92.2438366577646,100.91832756823078,3.801844429252739,1.689543256973009,2.3355889757257655,6.678239885595272,2.9678161158670617,4.102646424465654,44.78370874729135,36.51646498285956,40.45072906568076,78.666119970571,64.14405362120726,71.05489908247871,0.7939698492462312,-0.011030150753768786,-0.001030150753768888,0.6733668341708543,-0.0066331658291456375,-0.001633165829145744,0.5778894472361809,-0.012110552763819227,-0.007110552763819111,0.45112781954887216,0.11716909534624553,0.18737781954887212,0.4188679245283019,0.4723618090452262,0.1239908817269304,0.20024160871133634,0.4494949494949495,0.45112781954887216,0.11716909534624553,0.18737781954887212,0.4188679245283019,20.0,0.0,0.0,32.0,0.0,-1.0,41.0,1.0,0.0,-0.0009011002907677187,-0.0008553185574537318,-0.00021627215593127458,0.004831124142729237,0.005013021011245122,0.004112855879157884,"[3.0625, 9.453125, 2.48046875, 1.494140625, 3.81640625, 10.921875, 6.1328125, 2.076171875, 2.259765625, 0.740234375, 8.703125, 12.09375, 8.5390625, 6.3984375, 2.849609375, 6.578125, 2.775390625, 2.978515625, 10.9140625, 4.67578125, 3.607421875, 1.3388671875, 3.234375, 1.53125, 0.98193359375, 2.921875, 6.1953125, 8.203125, 0.09027099609375, 0.82080078125, 5.18359375, 5.3125, 3.240234375, 6.14453125, 0.0252685546875, 7.36328125, 1.8349609375, 3.337890625, 3.55078125, 1.58984375, 2.48828125, 4.734375, 6.28125, 4.7578125, 3.966796875, 4.5703125, 0.8896484375, 1.5390625, 4.7421875, 7.37109375, 7.07421875, 1.7275390625, 0.3779296875, 10.953125, 5.19140625, 3.705078125, 0.36865234375, 4.7421875, 1.470703125, 6.5234375, 0.019287109375, 1.6650390625, 9.1171875, 3.1328125, 3.951171875, 6.23828125, 9.8203125, 2.392578125, 0.2432861328125, 8.484375, 5.53515625, 6.12890625, 9.140625, 6.5078125, 2.68359375, 11.2890625, 5.796875, 2.10546875, 3.7421875, 1.197265625, 4.4453125, 3.271484375, 2.64453125, 9.734375, 4.81640625, 6.64453125, 0.5625, 6.0078125, 8.2890625, 5.1953125, 7.890625, 4.04296875, 8.9140625, 16.40625, 2.291015625, 1.2919921875, 4.79296875, 5.86328125, 4.8046875, 9.109375, 1.6298828125, 5.82421875, 0.048004150390625, 0.89208984375, 6.828125, 1.1953125, 5.5625, 0.1748046875, 2.53515625, 2.06640625, 5.8671875, 0.190185546875, 1.2119140625, 6.59375, 0.0271759033203125, 4.12890625, 5.89453125, 0.0088348388671875, 1.4150390625, 2.89453125, 1.9130859375, 3.51171875, 0.011627197265625, 5.80859375, 6.55078125, 3.228515625, 0.80224609375, 3.380859375, 7.7421875, 4.9921875, 1.0048828125, 8.0625, 5.44921875, 3.7265625, 8.078125, 1.65625, 4.38671875, 3.306640625, 3.2265625, 2.955078125, 1.787109375, 6.47265625, 10.546875, 7.18359375, 3.337890625, 0.5615234375, 1.6416015625, 5.58203125, 4.9921875, 2.734375, 0.0272064208984375, 7.40625, 1.36328125, 1.037109375, 0.8701171875, 5.3828125, 5.171875, 4.5859375, 1.646484375, 7.17578125, 8.2421875, 0.04925537109375, 7.4453125, 5.6328125, 0.002079010009765625, 0.324462890625, 0.0004949569702148438, 0.0027313232421875, 0.0037670135498046875, 8.7109375, 4.6796875, 8.875, 0.5673828125, 0.076904296875, 0.16796875, 5.265625, 4.453125, 8.4921875, 0.109619140625, 0.45361328125, 2.0859375, 4.91015625, 0.63232421875, 4.19140625, 6.58203125, 2.2265625, 9.8359375, 10.359375, 9.3046875, 0.2265625, 0.1309814453125, 0.0158538818359375, 0.458984375, 5.9609375, 5.21875, 4.04296875, 0.0145416259765625, 1.458984375, 0.0003139972686767578, 0.845703125, 6.30859375, 4.03125, 0.73291015625, 0.8818359375, 1.5625, 0.40576171875, 1.6611328125, 0.143310546875, 0.603515625, 0.089599609375, 5.56640625, 4.1015625, 3.01171875, 7.5546875, 0.2469482421875, 1.3857421875, 8.03125, 0.81494140625, 0.0007486343383789062, 7.81640625, 0.896484375, 6.0859375, 2.482421875, 0.006137847900390625, 0.003082275390625, 0.00443267822265625, 0.00046539306640625, 0.64501953125, 0.2119140625, 0.003509521484375, 0.0003528594970703125, 0.0005064010620117188, 5.05078125, 4.22265625, 8.4375, 2.36328125, 1.244140625, 5.328125, 0.414306640625, 7.97265625, 0.0254364013671875, 1.9248046875, 4.68359375, 0.005863189697265625, 3.576171875, 9.71875, 2.125, 1.130859375, 10.109375, 4.09375, 5.30078125, 7.21484375, 2.9140625, 3.255859375, 0.0016450881958007812, 2.216796875, 1.8291015625, 4.859375, 2.28125, 5.32421875, 0.0009937286376953125, 0.0091400146484375, 0.1439208984375, 10.59375, 3.791015625, 2.3515625]",-1.037624049903755
31,0,test,3.584920103630323,1.6481270971611668,2.2585652778515852,7.012836407101654,3.2240734455415527,4.4182152880600345,36.05047730153181,29.114007253756135,32.28319138642359,70.52210158255858,56.95294849639887,63.15252037636148,3.9370818713202547,1.7644876759997619,2.4527747008089675,7.70173679937101,3.451698519473987,4.798128611801484,51.268773919509165,42.487739682827154,46.85686626558514,100.29220007612012,83.11470244523852,91.66160700129065,3.584920103630323,1.6481270971611668,2.2585652778515852,7.012836407101654,3.2240734455415527,4.4182152880600345,36.05047730153181,29.114007253756135,32.28319138642359,70.52210158255858,56.95294849639887,63.15252037636148,0.7738693467336684,-0.006130653266331665,-0.0011306532663316604,0.6733668341708543,0.01336683417085438,0.0033668341708543714,0.5326633165829145,-0.017336683417085497,-0.02233668341708539,0.41198501872659177,0.08675137386677867,0.16914566629819827,0.37969924812030076,0.42713567839195976,0.08628354806614524,0.16837107071249402,0.4040404040404041,0.41198501872659177,0.08675137386677867,0.16914566629819827,0.37969924812030076,24.0,-1.0,1.0,36.0,4.0,4.0,47.0,2.0,5.0,-0.0008116997329098891,-0.0007382668351877628,-6.862834552386852e-05,0.00016252502302549487,-0.00022759863213561715,-7.184004964067014e-05,"[3.0625, 9.453125, 2.48046875, 1.494140625, 13.8203125, 7.70703125, 1.6943359375, 4.33984375, 8.9453125, 3.56640625, 3.48828125, 1.7314453125, 6.390625, 4.95703125, 6.3125, 3.4609375, 4.66796875, 0.1866455078125, 5.48046875, 9.109375, 0.07354736328125, 1.15625, 7.02734375, 3.794921875, 5.86328125, 2.171875, 7.828125, 6.4921875, 3.412109375, 0.0220794677734375, 4.00390625, 1.689453125, 3.81640625, 0.0026493072509765625, 1.3359375, 4.6328125, 6.33984375, 9.203125, 3.3515625, 1.0595703125, 5.98828125, 0.21728515625, 4.7265625, 8.9296875, 0.45654296875, 2.171875, 3.533203125, 6.3515625, 1.359375, 0.58349609375, 2.4765625, 2.681640625, 0.90869140625, 0.951171875, 1.18359375, 7.7578125, 1.7734375, 4.07421875, 0.287841796875, 8.7265625, 0.30322265625, 0.88037109375, 8.6015625, 3.029296875, 3.33203125, 8.5703125, 5.1875, 8.6796875, 0.052825927734375, 5.125, 5.703125, 6.89453125, 0.57080078125, 5.42578125, 0.27685546875, 6.9375, 4.84375, 1.01171875, 3.197265625, 5.62890625, 2.216796875, 0.65185546875, 6.47265625, 1.828125, 4.75, 4.64453125, 2.6796875, 0.001087188720703125, 9.59375, 0.259033203125, 4.46875, 0.07269287109375, 2.35546875, 0.60498046875, 7.97265625, 0.09368896484375, 3.966796875, 4.47265625, 9.3671875, 0.62109375, 3.064453125, 6.6953125, 0.876953125, 1.0791015625, 4.87890625, 10.734375, 13.046875, 0.289306640625, 6.51953125, 5.140625, 0.0294952392578125, 0.1651611328125, 1.078125, 2.751953125, 2.384765625, 10.8671875, 0.2371826171875, 0.007778167724609375, 2.13671875, 5.25, 2.328125, 7.2265625, 2.048828125, 5.78125, 8.3203125, 4.51953125, 0.020233154296875, 0.189208984375, 4.6171875, 12.9296875, 4.58203125, 9.6328125, 9.0078125, 0.71875, 6.03125, 3.541015625, 7.578125, 2.568359375, 1.89453125, 1.865234375, 3.32421875, 2.572265625, 2.11328125, 3.09765625, 9.4765625, 1.9453125, 2.466796875, 7.34375, 3.35546875, 0.984375, 3.845703125, 3.755859375, 1.1416015625, 6.51953125, 0.763671875, 7.8515625, 0.01311492919921875, 3.8046875, 9.3203125, 1.1025390625, 0.002338409423828125, 3.015625, 1.3828125, 3.5546875, 2.166015625, 8.546875, 2.998046875, 2.580078125, 2.126953125, 9.3203125, 4.203125, 2.59375, 4.5625, 0.323486328125, 0.00030303001403808594, 0.0014801025390625, 2.501953125, 12.375, 0.01385498046875, 1.05078125, 3.55859375, 0.08135986328125, 6.296875, 5.91796875, 0.0132598876953125, 6.4609375, 1.6279296875, 0.59912109375, 7.7109375, 3.435546875, 9.7578125, 0.50146484375, 6.2734375, 7.24609375, 3.19921875, 5.421875, 5.11328125, 5.18359375, 2.244140625, 3.041015625, 2.65625, 1.458984375, 0.479248046875, 0.002704620361328125, 0.72705078125, 4.76171875, 8.046875, 6.62890625, 0.0020580291748046875, 0.05206298828125, 0.0005970001220703125, 0.005153656005859375, 0.0081634521484375, 0.65576171875, 8.3828125, 2.193359375, 4.0859375, 0.66748046875, 6.85546875, 1.017578125, 0.002178192138671875, 0.18212890625, 0.599609375, 4.6640625, 2.236328125, 2.345703125, 0.07196044921875, 4.82421875, 8.8828125, 7.28515625, 5.6328125, 0.02960205078125, 0.00136566162109375, 0.429931640625, 10.0546875, 6.546875, 11.84375, 3.564453125, 1.896484375, 0.005405426025390625, 0.00392913818359375, 0.00196075439453125, 0.0155029296875, 3.876953125, 0.186767578125, 0.102783203125, 0.0003821849822998047, 0.00286865234375, 0.00044274330139160156, 0.26904296875, 0.0005521774291992188, 4.97265625, 7.53125, 0.2083740234375, 0.125, 4.40625, 1.337890625, 3.30859375, 1.4443359375, 1.9775390625, 0.00038909912109375, 2.05078125, 2.322265625, 7.328125, 4.7265625, 3.27734375, 1.359375]",-1.03226930371831
186,0,test,3.6278704676939095,1.6299888594517573,2.2516867758935506,6.4417956381488,2.8942750901803636,3.998187416169958,37.63259140724778,30.259171656052846,33.67283032056596,66.8219732038951,53.72942659440153,59.790858966645956,3.944446870430031,1.8321798166155707,2.52454366511728,7.003921686596914,3.2532936487340582,4.4826833028044,51.64776230521996,43.38080060164566,47.511042296867544,91.70788563170467,77.02872927343492,84.36255587328402,3.6286192700482798,1.6439620182349672,2.25015654194432,6.443125242329317,2.9190864041736275,3.995470269990876,37.6607813333189,30.38422840064866,33.69198551603797,66.87202839313677,53.95148248063897,59.82487171758024,0.7989949748743719,0.003994974874371837,-0.006005025125628061,0.6683417085427136,0.008341708542713655,0.018341708542713553,0.5628140703517588,-0.0021859296482411583,0.01781407035175886,0.40217391304347827,0.08029326204890319,0.14313776846516502,0.38181818181818183,0.40201005025125625,0.07368924824624368,0.1365676462445784,0.398989898989899,0.4057971014492754,0.09114972351075823,0.15398987253361274,0.38181818181818183,26.0,0.0,0.0,38.0,1.0,0.0,47.0,0.0,1.0,-0.0008071594384789871,-0.0005003513089909206,-5.607825809246587e-05,0.00022489431977135155,-0.00019273690668875076,-4.029903692170933e-05,"[3.056640625, 9.4453125, 2.4296875, 1.0791015625, 6.80078125, 5.50390625, 2.6484375, 3.12890625, 2.69140625, 0.1246337890625, 2.185546875, 3.30859375, 11.6796875, 8.21875, 0.9130859375, 4.3671875, 2.255859375, 4.96484375, 1.041015625, 0.8505859375, 1.9296875, 0.01398468017578125, 1.7158203125, 5.30078125, 0.62548828125, 3.23828125, 0.051116943359375, 10.6875, 2.236328125, 7.8984375, 5.9453125, 3.171875, 2.052734375, 8.8984375, 0.04986572265625, 4.91015625, 8.765625, 4.33984375, 1.453125, 9.28125, 1.3525390625, 3.251953125, 0.018798828125, 7.83203125, 3.462890625, 1.396484375, 3.248046875, 1.1396484375, 0.0219879150390625, 1.705078125, 8.359375, 10.796875, 0.712890625, 0.85009765625, 2.44921875, 0.0716552734375, 6.52734375, 1.8837890625, 0.86376953125, 7.265625, 1.51171875, 6.1796875, 13.0078125, 8.671875, 12.9296875, 3.232421875, 3.603515625, 7.015625, 5.33984375, 3.21484375, 8.7734375, 10.734375, 4.7734375, 0.6025390625, 3.837890625, 7.3359375, 1.927734375, 1.880859375, 1.0751953125, 2.759765625, 0.51220703125, 8.4765625, 5.8515625, 7.52734375, 0.0311126708984375, 5.15234375, 3.158203125, 5.34375, 4.42578125, 1.4326171875, 3.01171875, 4.20703125, 1.373046875, 3.5234375, 1.5390625, 2.1171875, 0.0245819091796875, 5.6796875, 7.5234375, 1.3349609375, 3.875, 7.078125, 3.650390625, 5.1015625, 6.85546875, 0.2001953125, 9.1796875, 3.24609375, 1.8994140625, 4.03125, 0.54052734375, 6.57421875, 3.509765625, 1.6376953125, 2.0078125, 4.16015625, 0.86376953125, 4.59375, 0.6728515625, 3.55078125, 0.93310546875, 6.6953125, 0.80810546875, 4.8984375, 3.38671875, 8.46875, 0.050048828125, 9.3515625, 3.0234375, 4.25, 7.328125, 2.265625, 3.623046875, 4.94921875, 1.3291015625, 2.666015625, 3.3984375, 2.201171875, 6.3125, 2.205078125, 7.02734375, 0.7373046875, 1.5703125, 6.05078125, 8.875, 5.06640625, 0.98828125, 2.30078125, 5.01953125, 0.0207061767578125, 0.56689453125, 1.171875, 0.043243408203125, 0.07940673828125, 3.63671875, 5.84375, 2.572265625, 5.640625, 0.0787353515625, 4.7734375, 2.099609375, 10.9453125, 0.06719970703125, 2.953125, 3.703125, 3.529296875, 5.83984375, 10.7109375, 0.02593994140625, 1.3681640625, 9.890625, 6.015625, 6.86328125, 1.7998046875, 5.40625, 2.904296875, 8.7578125, 8.28125, 0.939453125, 10.3671875, 3.4765625, 0.6171875, 8.5234375, 1.625, 11.0234375, 0.424072265625, 1.2548828125, 0.367431640625, 4.04296875, 2.068359375, 5.42578125, 6.64453125, 0.36083984375, 6.5078125, 2.611328125, 0.062408447265625, 4.6640625, 4.84375, 0.00366973876953125, 0.138916015625, 0.000568389892578125, 0.00196075439453125, 0.005748748779296875, 6.86328125, 8.234375, 3.50390625, 0.0369873046875, 3.12109375, 0.00311279296875, 0.007354736328125, 0.0019626617431640625, 0.03643798828125, 4.375, 0.254150390625, 0.00035953521728515625, 0.00530242919921875, 0.0002818107604980469, 0.441650390625, 0.0005259513854980469, 0.4736328125, 3.990234375, 11.078125, 0.06756591796875, 0.0027751922607421875, 0.00017631053924560547, 14.3203125, 0.0032196044921875, 2.892578125, 4.421875, 5.859375, 14.1171875, 3.353515625, 4.02734375, 0.030059814453125, 5.4453125, 1.576171875, 4.08203125, 3.08984375, 0.445556640625, 2.572265625, 0.2342529296875, 0.0036983489990234375, 0.005886077880859375, 0.02294921875, 0.0006127357482910156, 11.734375, 2.833984375, 0.1434326171875, 0.9833984375, 6.64453125, 0.246826171875, 0.85888671875, 8.2265625, 1.2294921875, 0.357177734375, 0.85400390625, 10.140625, 5.15625, 0.45068359375, 4.953125, 5.546875, 1.751953125, 6.03515625, 0.00826263427734375, 7.0, 4.70703125, 0.91552734375, 3.248046875, 0.00861358642578125, 2.708984375, 4.93359375, 2.6796875, 1.69921875, 0.425537109375, 9.59375, 2.4921875]",-1.1063943829225455
283,0,test,2.9927216523314177,1.2659724830143515,1.7868696909544195,5.219449072220866,2.2079162947809823,3.1163858300574105,19.939878123059113,14.317531252765239,16.60027504381528,34.776096964620955,24.970456292025087,28.95167016570165,2.975359088811443,1.216671239181054,1.722646738752609,5.189167934653291,2.1219325778574336,3.0043779431816335,19.596658927266272,13.791843323178039,16.096836087310322,34.17750634338701,24.05363151006646,28.073648652273356,2.9927216523314177,1.2659724830143515,1.7868696909544195,5.219449072220866,2.2079162947809823,3.1163858300574105,19.939878123059113,14.317531252765239,16.60027504381528,34.776096964620955,24.970456292025087,28.95167016570165,0.6934673366834171,0.0034673366834171437,-0.0015326633165829717,0.5326633165829145,0.0076633165829145256,0.0076633165829145256,0.3869346733668342,-0.028065326633165855,-0.013065326633165841,0.410958904109589,0.08788198103266598,0.14899990638749339,0.38144329896907214,0.3869346733668342,0.06362640269014241,0.11982282027835334,0.3484848484848485,0.410958904109589,0.08788198103266598,0.14899990638749339,0.38144329896907214,24.0,11.0,13.0,34.0,11.0,13.0,42.0,13.0,11.0,-0.0004983424807653563,-0.0004948224783338235,6.8599436938021726e-06,0.000335773069539691,-0.00013076050589333477,1.577387457896151e-05,"[3.0625, 9.453125, 2.48046875, 1.494140625, 7.81640625, 11.9765625, 3.123046875, 0.0858154296875, 5.2890625, 0.8193359375, 2.822265625, 0.40673828125, 2.8671875, 0.112060546875, 1.2744140625, 8.578125, 2.39453125, 9.1953125, 8.03125, 6.03515625, 2.63671875, 0.1845703125, 6.59375, 2.517578125, 4.28515625, 1.7216796875, 3.068359375, 1.5625, 4.9921875, 9.5859375, 1.955078125, 4.859375, 5.390625, 6.38671875, 1.4052734375, 0.95556640625, 1.7138671875, 5.796875, 4.5078125, 0.75927734375, 1.0419921875, 3.310546875, 0.07061767578125, 6.10546875, 1.556640625, 0.1204833984375, 0.291259765625, 6.7109375, 12.0390625, 8.71875, 4.96484375, 1.3759765625, 1.8154296875, 0.62451171875, 7.68359375, 3.6328125, 1.541015625, 7.703125, 4.51953125, 2.234375, 1.2119140625, 1.2099609375, 4.69140625, 1.0283203125, 0.5634765625, 0.59130859375, 7.58203125, 5.35546875, 6.125, 2.966796875, 2.123046875, 1.220703125, 2.53515625, 1.6396484375, 8.4609375, 3.865234375, 5.953125, 4.5703125, 1.65625, 2.419921875, 1.3564453125, 3.2265625, 2.39453125, 3.568359375, 8.1171875, 2.134765625, 3.0, 6.40625, 1.3505859375, 5.3828125, 1.763671875, 1.7568359375, 5.58984375, 0.529296875, 2.443359375, 0.33251953125, 6.44921875, 4.54296875, 4.89453125, 0.258544921875, 4.26171875, 3.83203125, 3.083984375, 4.31640625, 2.494140625, 2.380859375, 0.00388336181640625, 0.0625, 0.00046515464782714844, 0.004291534423828125, 0.005096435546875, 0.72509765625, 3.857421875, 0.20654296875, 7.609375, 5.53125, 3.0078125, 1.91015625, 0.0033855438232421875, 0.166015625, 0.1690673828125, 2.72265625, 0.049774169921875, 10.15625, 3.82421875, 0.246337890625, 0.002536773681640625, 0.160888671875, 0.03302001953125, 2.611328125, 0.0279388427734375, 4.26953125, 6.2734375, 7.07421875, 0.048553466796875, 0.0013294219970703125, 2.19921875, 0.00033354759216308594, 0.55029296875, 4.76953125, 4.55078125, 0.8388671875, 0.47216796875, 0.7392578125, 2.755859375, 1.302734375, 4.5703125, 0.1484375, 0.06207275390625, 1.5078125, 1.900390625, 1.2734375, 0.00743865966796875, 0.0007863044738769531, 0.004360198974609375, 0.0005345344543457031, 4.3203125, 5.3671875, 0.06298828125, 0.0633544921875, 0.2364501953125, 4.1328125, 1.041015625, 5.6875, 3.615234375, 2.705078125, 6.77734375, 0.5107421875, 5.8984375, 0.2362060546875, 4.75390625, 6.23828125, 1.9853515625, 2.06640625, 0.88916015625, 4.0390625, 0.7451171875, 7.14453125, 1.3623046875, 4.99609375, 0.109130859375, 0.453125, 4.40234375, 1.0927734375, 0.7275390625, 1.3349609375, 1.126953125, 2.33984375, 7.44140625, 0.367431640625, 1.9453125, 8.3046875, 0.15576171875, 0.0149688720703125, 0.95166015625, 5.03125, 7.27734375, 2.80078125, 1.9501953125, 2.66015625, 5.40625, 0.94970703125, 3.509765625, 4.1640625, 0.2310791015625, 5.40625, 7.24609375, 1.177734375, 0.57958984375, 2.283203125, 0.20751953125, 1.3564453125, 8.7109375, 0.001392364501953125, 0.6435546875, 1.49609375, 3.0390625, 0.050445556640625, 2.90625, 1.23828125, 6.19140625, 0.0543212890625, 0.0295257568359375, 3.40234375, 0.396240234375, 0.87158203125, 7.97265625, 0.05242919921875, 9.015625, 2.892578125, 0.0262908935546875, 0.52734375, 3.1328125, 5.46875, 2.97265625, 0.0162200927734375, 2.44140625, 6.953125, 1.0146484375, 3.5625, 2.58203125, 1.56640625, 8.1171875, 8.140625, 0.958984375, 2.1457672119140625e-05, 6.6015625, 3.837890625, 1.4189453125, 4.32421875, 2.306640625, 3.21484375, 0.40625, 0.5166015625, 3.30859375, 5.60546875, 11.6484375, 0.0157470703125, 2.357421875, 2.71875, 6.37109375, 4.54296875, 5.37109375, 2.80078125, 2.337890625, 3.580078125, 0.76171875, 0.1429443359375, 0.0250701904296875, 0.054595947265625, 4.0, 6.3671875, 1.3828125, 5.65625, 3.84765625, 1.6728515625, 1.650390625, 0.75048828125, 4.25390625, 1.5595703125, 0.434326171875, 5.1953125, 5.109375, 3.015625, 1.2119140625, 2.607421875, 4.10546875, 0.4033203125, 0.438720703125, 10.5390625, 2.337890625, 4.42578125]",-1.3298162466859162
150,0,test,3.671951288836343,1.573516582838597,2.186902862817585,6.408809392316846,2.746323973774197,3.816892574234418,39.32857244101057,31.175174986294753,34.91339322385729,68.64179413617373,54.41133025558277,60.93579811120434,3.844381757717037,1.6438560571192022,2.271674571159821,6.709759465332219,2.869090385406806,3.9648481645708675,46.729785089443915,37.7000258877177,41.91010677276449,81.55943857225925,65.7994240648986,73.14745343569454,3.671951288836343,1.573516582838597,2.186902862817585,6.408809392316846,2.746323973774197,3.816892574234418,39.32857244101057,31.175174986294753,34.91339322385729,68.64179413617373,54.41133025558277,60.93579811120434,0.7236180904522613,0.008618090452261251,-0.0013819095477386467,0.6231155778894473,-0.0018844221105527303,0.008115577889447279,0.5025125628140703,0.002512562814070307,-0.007487437185929702,0.44285714285714284,0.12378405907817669,0.18988802171700037,0.3978494623655914,0.4371859296482412,0.11889019029987025,0.17842132196877547,0.36868686868686873,0.44285714285714284,0.12378405907817669,0.18988802171700037,0.3978494623655914,14.0,0.0,0.0,26.0,0.0,0.0,35.0,0.0,0.0,-0.0004187417666582712,-0.0009423121765521283,-0.00021399551621562225,0.006684994415779855,0.007040129701524123,0.0057385078024321245,"[3.0625, 9.453125, 2.48046875, 1.494140625, 5.81640625, 5.609375, 0.1517333984375, 5.04296875, 1.716796875, 3.69921875, 6.1171875, 11.4375, 15.90625, 20.203125, 6.453125, 3.423828125, 10.8671875, 0.11175537109375, 5.24609375, 0.043212890625, 9.9140625, 2.08203125, 4.16796875, 7.1796875, 6.61328125, 6.375, 1.1240234375, 7.4453125, 8.3515625, 1.51171875, 2.833984375, 3.931640625, 6.046875, 0.82177734375, 5.18359375, 0.4287109375, 2.787109375, 7.83203125, 0.1026611328125, 2.73828125, 2.025390625, 2.41796875, 10.7421875, 3.673828125, 1.4833984375, 2.986328125, 7.34375, 4.625, 1.1513671875, 7.8515625, 2.193359375, 5.65234375, 3.85546875, 0.5146484375, 9.1796875, 0.020416259765625, 0.564453125, 0.953125, 4.7109375, 6.421875, 5.78125, 0.255859375, 5.34765625, 4.0703125, 2.076171875, 8.7109375, 6.51171875, 2.17578125, 0.1807861328125, 1.8447265625, 6.0390625, 2.35546875, 0.49609375, 4.71875, 0.46044921875, 3.60546875, 2.1328125, 11.8828125, 8.546875, 0.92529296875, 0.0277252197265625, 0.0865478515625, 8.515625, 2.01171875, 5.91796875, 1.2880859375, 0.67724609375, 0.880859375, 4.140625, 7.30078125, 2.03515625, 3.005859375, 5.41796875, 1.1376953125, 0.298583984375, 1.1845703125, 4.6875, 6.46484375, 0.499267578125, 2.978515625, 0.042449951171875, 12.828125, 0.0784912109375, 6.51171875, 5.5390625, 4.29296875, 7.6953125, 6.75, 0.56689453125, 2.955078125, 5.62109375, 5.37890625, 1.328125, 4.97265625, 9.53125, 1.7919921875, 0.837890625, 1.521484375, 3.701171875, 2.861328125, 1.2001953125, 0.303955078125, 5.875, 3.48828125, 4.421875, 0.007083892822265625, 6.52734375, 5.0078125, 3.3203125, 4.00390625, 3.234375, 2.67578125, 2.78125, 0.015289306640625, 1.6796875, 5.95703125, 5.17578125, 6.0859375, 0.2354736328125, 3.240234375, 7.76953125, 3.302734375, 4.28515625, 1.591796875, 9.75, 11.921875, 0.010162353515625, 0.052215576171875, 6.265625, 0.83642578125, 10.2421875, 0.81640625, 3.884765625, 0.049713134765625, 4.1953125, 0.00016963481903076172, 0.481201171875, 4.5234375, 0.152099609375, 0.004711151123046875, 0.003856658935546875, 8.4609375, 9.8359375, 0.0038623809814453125, 5.18359375, 2.939453125, 1.3232421875, 9.515625, 4.953125, 7.83984375, 0.5185546875, 0.215087890625, 9.75, 8.359375, 1.0380859375, 0.337890625, 0.0290679931640625, 0.002239227294921875, 7.4296875, 0.7646484375, 0.8818359375, 4.39453125, 0.50048828125, 0.0010223388671875, 3.087890625, 7.5078125, 1.9677734375, 0.0478515625, 3.15234375, 2.53515625, 5.96875, 0.011077880859375, 7.9921875, 1.6201171875, 10.765625, 0.0014591217041015625, 0.134033203125, 0.0003745555877685547, 0.004871368408203125, 0.006305694580078125, 5.52734375, 5.62890625, 3.978515625, 5.609375, 0.2076416015625, 6.59375, 0.6103515625, 1.615234375, 0.2354736328125, 2.2109375, 0.00014412403106689453, 5.8046875, 0.1248779296875, 7.109375, 0.01082611083984375, 0.978515625, 1.080078125, 1.763671875, 3.80859375, 5.66796875, 3.056640625, 12.09375, 7.87890625, 0.0001742839813232422, 5.1328125, 0.0186309814453125, 0.16357421875, 0.005207061767578125, 0.00186920166015625, 8.749961853027344e-05, 0.470458984375, 0.170166015625, 0.0039825439453125, 0.00016379356384277344, 0.00018167495727539062, 1.2578125, 4.55859375, 0.027130126953125, 6.25, 0.476318359375, 0.0163726806640625, 8.7890625, 0.54833984375, 1.033203125, 4.9375, 5.234375, 3.310546875, 3.310546875, 5.078125, 5.6796875, 1.7080078125, 1.6748046875, 2.197265625, 3.669921875, 7.03125, 6.82421875, 0.7568359375, 5.00390625, 8.9921875, 1.4296875, 0.6318359375, 5.90234375, 0.1575927734375, 5.97265625, 7.48828125, 7.4375, 0.87353515625, 2.892578125, 7.84375, 6.046875, 2.1328125, 4.78515625, 4.19921875, 2.384765625, 1.6142578125, 10.0703125, 3.751953125, 2.26171875, 3.51171875, 0.71533203125]",-0.95829964194979
286,0,test,3.3946413261438506,1.5153068781260022,2.085005085853292,5.6332696601414165,2.5145903328901764,3.4599814127403272,29.80396165575909,23.254817040572544,26.09913585504877,49.458466099016434,38.59042611597714,43.31045787837823,3.2774373742204217,1.4339148371969204,1.997466250682667,5.438774453436051,2.3795235406457005,3.314714264646372,26.507756127374467,20.18899896673002,22.911220258536915,43.988546654616,33.50282531235738,38.02024118578828,3.374452901923138,1.5206840312159908,2.0985701389410063,5.5997677885967745,2.5235135004503193,3.4824920684048046,29.208299604635396,22.824465519066635,25.626437654606292,48.469989073638196,37.87627521272139,42.5260343781845,0.6633165829145728,0.0033165829145729298,-0.0016834170854271857,0.5025125628140703,-0.0024874371859296973,-0.0024874371859296973,0.44723618090452266,0.002236180904522711,-0.0027638190954772934,0.4248366013071896,0.12956743328108844,0.17701051435066784,0.4459016393442623,0.40703517587939697,0.11630835883679047,0.1683039571815672,0.4292929292929293,0.43143812709030105,0.12926784328395713,0.18894646969319318,0.44630872483221473,21.0,3.0,1.0,34.0,8.0,6.0,43.0,7.0,6.0,0.0009435383839652392,0.0003656813190350752,-3.785855133683053e-05,-0.00047939258751661384,-7.653115519623555e-05,6.483767214060521e-05,"[3.0625, 6.44921875, 0.0345458984375, 0.00528717041015625, 0.01554107666015625, 1.6474609375, 0.05072021484375, 0.0033740997314453125, 10.203125, 1.908203125, 3.94140625, 0.87646484375, 8.53125, 2.671875, 3.71484375, 6.859375, 3.587890625, 0.35107421875, 5.390625, 4.59765625, 0.333740234375, 1.021484375, 0.0002155303955078125, 0.0028362274169921875, 5.828125, 0.1497802734375, 4.578125, 1.03515625, 3.056640625, 0.0070953369140625, 0.004909515380859375, 7.81640625, 2.095703125, 0.061431884765625, 1.0322265625, 6.3125, 1.046875, 0.01532745361328125, 0.293701171875, 0.307861328125, 2.94921875, 0.0185394287109375, 3.529296875, 0.1915283203125, 5.936622619628906e-05, 0.01389312744140625, 4.4375, 0.0032520294189453125, 0.349365234375, 1.7001953125, 8.6640625, 11.4921875, 0.38720703125, 0.1435546875, 5.69921875, 1.6591796875, 7.13671875, 0.0008573532104492188, 0.028717041015625, 0.000560760498046875, 6.2265625, 7.32421875, 0.2156982421875, 0.0015192031860351562, 0.0204620361328125, 1.9423828125, 0.0019016265869140625, 0.065185546875, 0.005580902099609375, 0.293701171875, 0.475830078125, 0.54052734375, 0.0004050731658935547, 8.421875, 5.12890625, 10.3671875, 0.4892578125, 1.8896484375, 10.796875, 11.265625, 0.56298828125, 1.328125, 0.50927734375, 0.0005846023559570312, 0.00411224365234375, 0.0014925003051757812, 10.4453125, 2.720703125, 3.083984375, 7.7421875, 0.82421875, 6.11328125, 5.0078125, 0.08447265625, 0.002285003662109375, 0.290771484375, 1.279296875, 0.240478515625, 6.25390625, 4.1015625, 6.30078125, 0.1253662109375, 10.578125, 4.3671875, 1.8935546875, 5.94140625, 5.5, 1.0615234375, 6.421875, 5.8046875, 1.041015625, 7.6015625, 1.94140625, 8.7734375, 0.386474609375, 4.76953125, 6.7734375, 1.732421875, 1.4873046875, 4.4609375, 1.5810546875, 8.46875, 3.87890625, 3.671875, 1.6572265625, 3.943359375, 11.1796875, 6.13671875, 9.703125, 2.87109375, 0.96533203125, 13.359375, 1.2763671875, 10.5, 0.32666015625, 4.19921875, 1.076171875, 1.5908203125, 3.67578125, 6.2890625, 0.51708984375, 4.69140625, 3.7890625, 3.923828125, 1.1474609375, 0.037445068359375, 10.4765625, 1.1396484375, 2.3984375, 1.8125, 0.55517578125, 1.7314453125, 9.2421875, 11.15625, 1.7734375, 3.03125, 7.0703125, 3.904296875, 3.2421875, 8.3125, 2.404296875, 0.0068359375, 0.1585693359375, 10.421875, 3.267578125, 4.0546875, 1.8515625, 9.3828125, 4.76171875, 3.91015625, 3.49609375, 1.375, 0.9453125, 4.47265625, 1.4697265625, 3.193359375, 1.3779296875, 3.26171875, 5.3828125, 0.69482421875, 4.015625, 0.4794921875, 3.97265625, 6.9375, 0.039276123046875, 0.271240234375, 1.31640625, 6.27734375, 3.169921875, 2.2265625, 8.1875, 0.63720703125, 8.7265625, 0.7333984375, 4.0625, 0.58740234375, 7.0390625, 2.55859375, 1.8359375, 2.18359375, 7.12109375, 0.83251953125, 10.28125, 6.8125, 3.80859375, 3.890625, 2.736328125, 0.2215576171875, 1.6298828125, 5.08203125, 7.77734375, 0.337646484375, 3.560546875, 2.076171875, 7.4609375, 6.25390625, 3.376953125, 3.796875, 2.828125, 6.1875, 4.59375, 0.67236328125, 1.287109375, 7.2109375, 0.01038360595703125, 0.09576416015625, 0.515625, 1.697265625, 4.81640625, 0.495361328125, 9.125, 3.666015625, 5.00390625, 0.9189453125, 0.332275390625, 7.05859375, 2.08203125, 4.4140625, 0.0926513671875, 1.470703125, 8.921875, 3.44140625, 0.00382232666015625, 5.51953125, 4.25, 3.39453125, 6.6796875, 0.0024967193603515625, 0.1318359375, 1.1513671875, 3.212890625, 4.7265625, 5.1015625, 1.9755859375, 0.61279296875, 1.65625, 6.69921875, 2.0, 3.2890625, 3.96875, 5.69140625, 0.0024776458740234375, 9.546875, 2.490234375, 1.77734375, 8.6640625, 3.958984375, 10.0703125, 5.62890625, 1.1806640625, 10.953125, 0.8203125, 0.022705078125, 1.6181640625, 0.3740234375, 0.09588623046875, 0.0006961822509765625, 0.0005211830139160156, 2.103515625, 8.1171875, 9.25, 0.0026607513427734375, 1.9765625, 2.802734375, 6.15625, 1.3994140625, 0.8359375, 5.14453125, 8.5859375, 6.81640625, 0.1727294921875, 5.31640625, 8.265625, 1.53515625, 0.0002994537353515625, 6.78515625, 3.86328125, 0.7587890625, 0.0150604248046875, 9.3203125, 2.099609375, 6.28125, 0.6162109375, 7.25, 1.8017578125, 2.4296875]",-1.4915419357274873
296,0,test,3.392632226289158,1.5579852516987425,2.131537111730851,5.283607565532296,2.4263704739570584,3.319606977285752,29.744142632044696,23.481219847800464,26.214858289535933,46.32284508269256,36.569112877722034,40.82641864763793,3.299271308597009,1.4022608474661735,1.9719973570490392,5.138209415028129,2.1838488608079754,3.0711434249124383,27.092889370301684,20.426952822018606,23.322139253854342,42.19384410128951,31.812467509701108,36.32136441174037,3.392632226289158,1.5579852516987425,2.131537111730851,5.283607565532296,2.4263704739570584,3.319606977285752,29.744142632044696,23.481219847800464,26.214858289535933,46.32284508269256,36.569112877722034,40.82641864763793,0.6633165829145728,-0.006683417085427079,-0.0016834170854271857,0.5728643216080402,0.0028643216080401768,0.0028643216080401768,0.49246231155778897,0.007462311557788981,0.012462311557788985,0.4401408450704225,0.12379638109854196,0.20594880759969647,0.431095406360424,0.4522613065326633,0.1389780985126131,0.21853843508024262,0.41414141414141414,0.4401408450704225,0.12379638109854196,0.20594880759969647,0.431095406360424,23.0,8.0,9.0,36.0,10.0,9.0,45.0,11.0,11.0,0.0004415832394920109,-0.000411281240281575,-0.00011521356707685582,0.0002803336946550772,-0.00016174870629104277,-1.2262581172706177e-05,"[3.0625, 9.453125, 2.48046875, 1.494140625, 0.81689453125, 1.9716796875, 11.1484375, 6.30859375, 5.2734375, 0.1324462890625, 1.7724609375, 3.197265625, 5.890625, 3.56640625, 7.6015625, 6.8671875, 0.1610107421875, 7.9296875, 12.1171875, 5.49609375, 9.0625, 6.30859375, 10.40625, 1.484375, 0.9990234375, 8.21875, 1.216796875, 3.296875, 4.703125, 0.5947265625, 5.40625, 1.1904296875, 0.73046875, 7.74609375, 0.83544921875, 6.92578125, 3.099609375, 2.89453125, 5.4609375, 1.423828125, 1.462890625, 3.12890625, 0.3212890625, 3.28125, 6.76171875, 0.0286102294921875, 0.048858642578125, 0.379638671875, 2.271484375, 5.0, 0.06561279296875, 4.5, 0.04046630859375, 0.486328125, 4.35546875, 0.459228515625, 0.7392578125, 0.580078125, 6.125, 6.75390625, 11.6796875, 2.64453125, 2.001953125, 3.03125, 0.5517578125, 1.2060546875, 6.3125, 0.1400146484375, 4.85546875, 5.26171875, 0.0157623291015625, 2.126953125, 3.298828125, 6.56640625, 0.0245819091796875, 5.30078125, 4.77734375, 3.5390625, 0.0212860107421875, 7.34765625, 0.00702667236328125, 3.37890625, 3.986328125, 6.16796875, 7.6171875, 6.40234375, 5.84765625, 4.5234375, 0.299560546875, 0.051025390625, 3.4453125, 5.81640625, 0.286865234375, 1.828125, 2.646484375, 1.05859375, 4.890625, 4.83984375, 0.60107421875, 0.22021484375, 6.84375, 0.97607421875, 4.68359375, 5.1328125, 2.4765625, 5.546875, 13.59375, 2.3515625, 4.04296875, 0.332763671875, 0.56298828125, 6.75, 1.3505859375, 4.94921875, 0.194091796875, 0.0027008056640625, 0.693359375, 2.513671875, 0.0045928955078125, 0.329833984375, 0.0006737709045410156, 0.0033416748046875, 0.0015401840209960938, 4.6640625, 4.44140625, 0.10986328125, 5.73828125, 3.703125, 0.167236328125, 0.2183837890625, 5.28515625, 6.7265625, 6.77734375, 3.392578125, 0.09918212890625, 3.474609375, 0.0063018798828125, 7.515625, 0.357421875, 5.265625, 0.177001953125, 0.32958984375, 0.00011599063873291016, 7.5703125, 7.47265625, 0.135498046875, 0.1365966796875, 3.451171875, 4.1328125, 0.234619140625, 0.1502685546875, 7.6875, 2.169921875, 1.6083984375, 7.6953125, 0.434326171875, 7.8203125, 5.38671875, 2.771484375, 2.130859375, 6.4453125, 0.0244903564453125, 0.0181732177734375, 0.60546875, 0.0092620849609375, 0.0028076171875, 0.002330780029296875, 9.3984375, 2.46875, 0.0280914306640625, 4.1484375, 8.2109375, 0.06201171875, 0.59912109375, 8.0, 0.2724609375, 0.314208984375, 3.91796875, 6.15625, 1.068359375, 6.1796875, 7.33984375, 4.45703125, 2.85546875, 7.62109375, 0.03875732421875, 2.033203125, 0.6171875, 1.0712890625, 4.453125, 1.736328125, 1.91015625, 1.3857421875, 4.59375, 0.97998046875, 0.362060546875, 3.30859375, 7.57421875, 5.8359375, 6.10546875, 5.73046875, 6.2421875, 10.7421875, 1.6357421875, 2.037109375, 1.44140625, 0.48779296875, 0.29736328125, 0.2073974609375, 0.06982421875, 0.6513671875, 3.201171875, 0.71533203125, 1.7890625, 1.310546875, 6.1484375, 3.51953125, 1.6787109375, 1.001953125, 6.3203125, 2.677734375, 2.701171875, 11.0859375, 0.50830078125, 1.140625, 3.037109375, 2.068359375, 4.3515625, 3.046875, 4.6640625, 0.9580078125, 1.345703125, 8.359375, 4.296875, 1.66796875, 2.552734375, 8.8984375, 4.98046875, 4.34765625, 4.5, 3.845703125, 2.08203125, 6.23828125, 5.98046875, 2.865234375, 3.12109375, 2.009765625, 0.09930419921875, 7.859375, 1.931640625, 5.8125, 2.373046875, 1.0009765625, 6.37890625, 5.45703125, 6.078125, 5.2734375, 5.1796875, 4.4375, 0.0748291015625, 4.91015625, 6.81640625, 6.00390625, 2.685546875, 0.7353515625, 7.58984375, 3.90234375, 0.0153656005859375, 8.828125, 2.58203125, 0.441650390625, 5.03125, 3.90234375, 7.8046875, 0.82568359375, 6.02734375, 2.345703125, 6.42578125, 0.69091796875, 4.0, 1.0927734375, 2.90234375, 2.140625, 0.1500244140625]",-1.1917803484789085
79,0,test,3.7103981498061427,1.7372490886031398,2.375666246435886,5.948416081435244,2.785113618236779,3.8086077919051506,40.87007570070844,33.6767827215661,37.07109838384377,65.52186739319924,53.989762775844056,59.431443440765406,3.7457426828355644,1.6745320035805307,2.336501680365857,6.005079539149079,2.6845671803433904,3.745820154237326,42.340441063532616,34.406017716508,38.247593300002386,67.87911980026658,55.15885379948109,61.31757021111493,3.7462414578849255,1.743466678776913,2.374108753046163,6.0058791626409125,2.795081500896321,3.8061108580581346,42.36156468664421,34.95197711724799,38.41781209350399,67.9129846563661,56.03412204511186,61.59046065783973,0.7939698492462312,-0.0060301507537688925,-0.0160301507537689,0.6582914572864322,0.003291457286432209,-0.0017085427135676845,0.49246231155778897,-0.007537688442211032,-0.01753768844221104,0.42052980132450335,0.08664550380384217,0.16612451498089098,0.415282392026578,0.4371859296482412,0.10385259631490784,0.17842132196877547,0.4444444444444444,0.4180602006688964,0.08750928247190137,0.15888333748758376,0.41946308724832215,26.0,9.0,9.0,38.0,11.0,12.0,46.0,8.0,8.0,2.057557046426426e-06,-3.2282110706339034e-05,-7.648722811381499e-05,-0.0004951882937413998,-9.202525539642181e-05,5.081944426521545e-05,"[3.0625, 9.453125, 2.48046875, 1.494140625, 0.81689453125, 1.9716796875, 1.146484375, 4.4609375, 7.3125, 0.1552734375, 3.255859375, 10.609375, 7.34765625, 2.96484375, 2.37890625, 6.4296875, 0.708984375, 1.87109375, 0.482421875, 3.982421875, 1.5947265625, 2.185546875, 2.529296875, 6.60546875, 2.779296875, 3.00390625, 1.404296875, 5.578125, 2.53515625, 0.043609619140625, 5.15234375, 2.5546875, 4.0703125, 6.3359375, 4.94921875, 1.4775390625, 0.1580810546875, 10.8515625, 4.21875, 9.4765625, 6.37109375, 0.86279296875, 7.1640625, 3.80078125, 5.91796875, 2.0546875, 4.2734375, 2.47265625, 2.76953125, 0.227783203125, 4.734375, 8.9609375, 0.76904296875, 0.55859375, 1.5634765625, 11.234375, 5.91015625, 0.90771484375, 7.0546875, 0.841796875, 1.3466796875, 1.0498046875, 2.396484375, 11.4140625, 7.33984375, 0.076416015625, 0.775390625, 6.09765625, 1.0634765625, 6.66015625, 2.439453125, 3.501953125, 5.51171875, 2.5234375, 3.09375, 5.77734375, 9.0, 2.97265625, 2.072265625, 7.17578125, 0.43603515625, 1.2998046875, 1.5556640625, 4.0390625, 1.33203125, 3.505859375, 1.1240234375, 1.2587890625, 3.166015625, 0.03485107421875, 3.0390625, 7.4453125, 6.33984375, 0.095947265625, 5.38671875, 8.5078125, 4.1484375, 2.30859375, 2.21484375, 8.984375, 3.8203125, 7.49609375, 7.40625, 4.20703125, 6.859375, 0.904296875, 2.357421875, 7.95703125, 1.982421875, 12.109375, 1.638671875, 0.013671875, 3.576171875, 0.830078125, 1.4951171875, 5.44921875, 0.55224609375, 5.00390625, 8.453125, 2.76171875, 1.3515625, 1.4599609375, 11.0390625, 0.88525390625, 6.0234375, 1.4150390625, 4.51953125, 5.296875, 3.07421875, 3.72265625, 4.7109375, 5.66015625, 0.281005859375, 0.5400390625, 7.91796875, 7.6484375, 7.8125, 6.60546875, 0.828125, 0.64599609375, 5.8828125, 4.1328125, 4.8203125, 1.8935546875, 2.12109375, 7.59375, 4.04296875, 2.98046875, 2.361328125, 0.599609375, 10.40625, 2.271484375, 2.0234375, 0.1962890625, 3.744140625, 0.35595703125, 1.1279296875, 1.76171875, 2.78125, 7.07421875, 3.23046875, 4.39453125, 5.5234375, 0.583984375, 5.4921875, 0.035552978515625, 2.455078125, 2.51953125, 0.57861328125, 6.40625, 4.046875, 4.25390625, 1.4658203125, 5.125, 1.109375, 0.56103515625, 9.4296875, 1.3134765625, 0.595703125, 3.689453125, 5.21484375, 2.22265625, 4.62109375, 0.63720703125, 0.037322998046875, 2.806640625, 9.1484375, 1.8232421875, 0.80224609375, 5.6171875, 7.8359375, 6.0625, 6.33203125, 5.25, 0.9755859375, 1.8720703125, 5.91796875, 2.8359375, 0.289794921875, 1.4072265625, 6.23046875, 1.4423828125, 7.0234375, 1.982421875, 1.7021484375, 8.328125, 2.671875, 1.1337890625, 5.15234375, 4.171875, 0.62158203125, 3.08984375, 4.375, 0.0223236083984375, 3.978515625, 6.828125, 12.53125, 5.08984375, 1.8828125, 0.6796875, 2.47265625, 2.197265625, 0.005889892578125, 0.131591796875, 0.00096893310546875, 0.00510406494140625, 0.0028629302978515625, 0.890625, 0.002323150634765625, 0.035980224609375, 3.466796875, 6.02734375, 7.91796875, 5.1796875, 5.0234375, 3.384765625, 5.05078125, 7.46484375, 1.72265625, 4.48828125, 6.59375, 1.92578125, 4.41015625, 3.140625, 2.001953125, 6.75, 13.5, 11.7734375, 1.8369140625, 0.58203125, 1.1357421875, 0.437744140625, 5.28125, 2.392578125, 2.822265625, 3.42578125, 2.279296875, 3.46875, 7.890625, 5.1015625, 1.6240234375, 0.33447265625, 1.2724609375, 2.287109375, 13.9140625, 1.8662109375, 2.01953125, 3.837890625, 3.78125, 0.8447265625, 8.921875, 5.69140625, 0.3291015625, 2.27734375, 2.2109375, 0.001964569091796875, 0.0015087127685546875, 3.626953125, 2.2421875, 0.5390625, 11.078125, 11.84375, 2.65625, 5.7109375, 3.11328125, 1.7724609375, 0.35595703125, 13.84375, 4.1796875, 4.04296875, 1.822265625, 0.0024738311767578125, 0.01641845703125, 0.004657745361328125, 0.01386260986328125, 6.94140625, 13.9609375, 9.78125, 4.34765625, 0.39013671875, 0.0015392303466796875, 0.022369384765625]",-0.9391551491440526
333,0,test,3.754725549424996,1.775063064168885,2.402332487771207,6.19711983885679,2.929715736977772,3.9650147856417988,42.722492988643154,35.48219412353935,38.85582534676599,70.51285250552755,58.56284466991933,64.1309738733031,4.096809937127271,1.9544081845119377,2.666200267696645,6.761725138947924,3.2257222462818387,4.400524713674074,60.14810498645262,51.628229277230616,55.96685739260984,99.27357133686355,85.21164055465248,92.3724830751813,3.920156015600249,1.8655553501145294,2.539375783501719,6.470160414097499,3.0790719370822335,4.191202749468858,50.40830864713753,42.6045876919238,46.430304463605005,83.19817932051826,70.31825153035967,76.63254134769758,0.7738693467336684,0.008869346733668348,-0.0011306532663316604,0.6482412060301508,0.008241206030150772,0.008241206030150772,0.5477386934673367,0.0027386934673367946,0.0027386934673367946,0.42772861356932157,0.10666823065326858,0.1823900463465542,0.3727810650887574,0.44221105527638194,0.12391531592801097,0.19346314208773419,0.398989898989899,0.4280936454849499,0.11089831994237898,0.17892790577416007,0.3825503355704698,20.0,0.0,1.0,35.0,1.0,0.0,40.0,0.0,-1.0,-0.0004998284343165831,-0.00035524021864467105,-0.0004657901220608645,-0.0003490780111610192,5.1295171446419374e-05,-0.00017032920177317834,"[6.65625, 12.0234375, 4.125, 6.51171875, 9.0546875, 3.830078125, 1.873046875, 2.04296875, 8.1953125, 4.4453125, 6.91796875, 8.796875, 2.376953125, 0.66796875, 8.25, 0.92333984375, 1.458984375, 4.03515625, 7.32421875, 0.47021484375, 4.42578125, 5.27734375, 2.068359375, 2.70703125, 3.16015625, 12.2578125, 0.93408203125, 0.66748046875, 6.609375, 4.55859375, 0.912109375, 7.9375, 0.75732421875, 4.5546875, 4.7578125, 1.720703125, 3.8046875, 2.84375, 8.1171875, 5.1875, 6.01171875, 3.15234375, 5.56640625, 3.263671875, 2.84765625, 8.5078125, 6.88671875, 0.403076171875, 1.494140625, 0.167236328125, 0.1435546875, 8.9375, 7.734375, 4.99609375, 1.9638671875, 10.75, 1.7998046875, 1.67578125, 4.4609375, 4.58203125, 7.0078125, 7.2578125, 5.453125, 2.162109375, 5.26953125, 0.78857421875, 0.06976318359375, 0.6728515625, 9.3203125, 2.921875, 1.232421875, 11.484375, 13.3828125, 4.8671875, 7.22265625, 5.6484375, 8.484375, 0.424560546875, 5.671875, 1.908203125, 0.003963470458984375, 0.00023949146270751953, 0.22216796875, 0.0655517578125, 0.70654296875, 0.0404052734375, 7.08984375, 0.61669921875, 0.00850677490234375, 1.072265625, 0.193603515625, 9.3515625, 0.171875, 0.5888671875, 2.28515625, 5.44140625, 0.21533203125, 8.71875, 5.0546875, 4.546875, 6.2109375, 3.205078125, 0.87109375, 1.6474609375, 3.98046875, 10.109375, 10.09375, 2.083984375, 1.689453125, 8.1953125, 8.7734375, 5.7578125, 1.06640625, 4.25390625, 2.109375, 4.80859375, 2.751953125, 1.541015625, 5.01171875, 3.251953125, 0.6083984375, 2.552734375, 5.6875, 1.1611328125, 0.006816864013671875, 6.48046875, 3.107421875, 6.43359375, 5.08984375, 4.30859375, 3.8984375, 1.98046875, 0.48291015625, 3.0546875, 2.240234375, 3.71484375, 0.5537109375, 4.45703125, 0.159912109375, 12.8203125, 4.703125, 9.234375, 1.234375, 2.552734375, 7.546875, 4.02734375, 5.6015625, 1.45703125, 15.71875, 2.771484375, 3.177734375, 1.3798828125, 2.1796875, 1.853515625, 5.52734375, 0.654296875, 0.1292724609375, 2.998046875, 1.263671875, 1.89453125, 5.7421875, 0.1451416015625, 1.0009765625, 1.1181640625, 0.03509521484375, 0.066162109375, 3.259765625, 0.2242431640625, 4.69921875, 0.09698486328125, 0.81787109375, 6.83203125, 1.12109375, 11.1484375, 6.08203125, 2.791015625, 6.16015625, 13.171875, 0.2099609375, 0.06695556640625, 7.078125, 4.21875, 0.87060546875, 7.4375, 7.16015625, 16.671875, 8.265625, 1.0546875, 9.453125, 0.66748046875, 7.0234375, 3.83984375, 8.625, 3.181640625, 2.142578125, 7.19140625, 0.01302337646484375, 0.048828125, 7.10546875, 3.9296875, 0.2249755859375, 5.5078125, 2.640625, 2.626953125, 2.65234375, 0.06878662109375, 0.0031719207763671875, 5.0546875, 1.470703125, 1.6669921875, 3.5, 8.1875, 2.470703125, 0.8779296875, 12.5, 0.231689453125, 1.22265625, 2.9453125, 1.330078125, 3.181640625, 5.9765625, 13.4375, 3.923828125, 1.1591796875, 3.310546875, 3.3828125, 0.045074462890625, 7.06640625, 1.3701171875, 1.3291015625, 7.47265625, 8.2578125, 0.10113525390625, 5.4765625, 6.23046875, 3.73828125, 1.9970703125, 0.0035381317138671875, 6.6171875, 0.1639404296875, 1.0419921875, 4.7734375, 4.0234375, 0.0270843505859375, 1.7763671875, 9.15625, 4.05078125, 1.34375, 7.3203125, 0.54052734375, 10.171875, 4.140625, 0.19140625, 2.52734375, 4.81640625, 1.064453125, 5.09375, 2.58203125, 5.13671875, 10.4453125, 1.595703125, 0.64990234375, 5.484375, 3.818359375, 1.8544921875, 3.802734375, 1.8125, 2.27734375, 0.0090484619140625, 7.8125, 4.79296875, 0.47314453125, 0.2451171875, 5.55859375, 1.9873046875, 0.36669921875, 4.11328125, 0.87939453125, 0.2236328125, 2.396484375, 0.54052734375, 8.796875, 0.4541015625, 0.10272216796875, 2.923828125, 6.47265625, 0.58642578125, 5.3515625, 1.5947265625, 0.00414276123046875, 6.2109375, 13.7421875, 3.728515625, 2.599609375, 4.13671875, 16.265625, 2.87109375, 1.9892578125, 9.7578125, 2.220703125, 1.1845703125, 3.1328125, 3.953125, 5.57421875, 8.671875, 0.197265625, 0.040924072265625, 2.6484375, 0.5029296875, 0.022491455078125, 0.1551513671875, 0.020721435546875, 5.484375, 0.363037109375, 0.03900146484375, 0.005977630615234375, 0.0007619857788085938, 5.19921875, 3.05859375, 0.299072265625, 0.2347412109375, 0.463134765625, 3.14453125, 3.59375, 9.84375, 2.13671875, 0.07757568359375, 0.931640625, 0.97705078125, 2.23046875, 2.904296875, 7.453125, 4.375, 3.6484375, 1.013671875, 1.796875, 0.01885986328125, 3.69140625, 4.49609375]",-1.059135343824516
245,0,test,3.695212981710032,1.7272532070982471,2.3445449088576726,6.206062828256592,2.90089961704962,3.937633116158399,40.254145071701366,33.09808346568041,36.39414163870995,67.60632056913947,55.58780684620684,61.12349429065388,3.764877836907928,1.6842828219222867,2.3511101394908485,6.32306405942229,2.828731406048969,3.9486593368371947,43.158433170157494,35.14920005966153,39.047016336786584,72.48403519603374,59.03263086943155,65.57896333485952,3.695212981710032,1.7272532070982471,2.3445449088576726,6.206062828256592,2.90089961704962,3.937633116158399,40.254145071701366,33.09808346568041,36.39414163870995,67.60632056913947,55.58780684620684,61.12349429065388,0.7939698492462312,0.003969849246231116,0.013969849246231125,0.6130653266331658,-0.0069346733668341765,0.008065326633165837,0.5125628140703518,0.007562814070351753,-0.0024371859296482556,0.4367816091954023,0.11364585393727611,0.17945676843107106,0.4307692307692308,0.4371859296482412,0.1063588619790683,0.17508242380516947,0.4292929292929293,0.4367816091954023,0.11364585393727611,0.17945676843107106,0.4307692307692308,25.0,7.0,7.0,37.0,10.0,10.0,43.0,6.0,6.0,-0.00026420715904576514,7.263047216619545e-05,0.00010761107481993716,0.00012094549186336678,0.00017278787436758591,-9.286739145242251e-05,"[3.0625, 9.453125, 2.48046875, 5.4921875, 0.79443359375, 0.078125, 5.32421875, 2.57421875, 10.203125, 0.478759765625, 4.2734375, 1.7890625, 7.9140625, 0.95556640625, 1.841796875, 8.1484375, 4.7734375, 3.873046875, 8.6328125, 6.6953125, 4.71875, 1.0205078125, 2.203125, 4.23046875, 4.8359375, 1.935546875, 3.64453125, 1.1318359375, 2.7109375, 1.857421875, 4.14453125, 0.0258026123046875, 2.517578125, 3.26953125, 11.3046875, 3.6484375, 3.3828125, 2.306640625, 6.66796875, 0.010162353515625, 0.426025390625, 1.3916015625, 3.3046875, 5.54296875, 5.19921875, 6.5546875, 1.27734375, 5.515625, 0.53466796875, 6.578125, 0.279052734375, 0.46630859375, 5.1953125, 2.1484375, 2.294921875, 6.21875, 0.1114501953125, 0.9931640625, 4.9296875, 5.421875, 0.896484375, 6.46484375, 0.92724609375, 2.4921875, 0.1578369140625, 4.875, 3.296875, 0.1141357421875, 1.1025390625, 8.09375, 0.08270263671875, 1.7578125, 9.0078125, 0.0262298583984375, 8.078125, 0.043548583984375, 5.51171875, 0.018280029296875, 1.595703125, 3.447265625, 0.00214385986328125, 0.002651214599609375, 1.3623046875, 7.51171875, 1.7197265625, 4.3984375, 0.1180419921875, 9.21875, 2.47265625, 9.046875, 9.3046875, 0.8330078125, 7.8515625, 6.2421875, 9.9296875, 3.748046875, 2.9375, 0.70947265625, 4.01171875, 2.443359375, 1.455078125, 3.52734375, 4.1328125, 10.46875, 5.49609375, 0.0243377685546875, 0.376953125, 1.7373046875, 4.671875, 6.70703125, 9.0234375, 3.13671875, 8.1484375, 5.4609375, 0.67822265625, 2.951171875, 0.7470703125, 0.71923828125, 1.634765625, 1.8857421875, 0.93994140625, 3.939453125, 1.8955078125, 4.8125, 1.9521484375, 4.140625, 7.203125, 1.056640625, 3.1875, 0.113037109375, 0.0143280029296875, 2.984375, 1.474609375, 1.1474609375, 5.95703125, 11.625, 0.317138671875, 2.515625, 1.9619140625, 10.59375, 1.837890625, 0.11676025390625, 2.9453125, 9.578125, 1.33203125, 6.28515625, 4.55078125, 4.109375, 2.80859375, 7.2421875, 0.71337890625, 5.4609375, 4.00390625, 2.94921875, 8.109375, 0.08380126953125, 2.328125, 5.4609375, 1.1728515625, 0.724609375, 3.732421875, 1.9892578125, 8.609375, 3.521484375, 6.48046875, 0.62939453125, 1.1982421875, 4.1015625, 3.80859375, 8.1875, 0.24853515625, 6.5390625, 9.7109375, 1.291015625, 4.35546875, 4.97265625, 9.8671875, 9.9296875, 13.375, 9.0234375, 4.0625, 4.53515625, 0.34375, 4.0546875, 5.03125, 2.466796875, 8.5859375, 0.411376953125, 2.009765625, 1.6416015625, 0.986328125, 3.0859375, 1.45703125, 4.47265625, 5.12890625, 1.0888671875, 9.9765625, 0.751953125, 0.83544921875, 3.333984375, 8.1640625, 9.875, 0.419189453125, 2.8359375, 10.125, 0.046844482421875, 5.25390625, 1.9375, 0.2003173828125, 0.9765625, 3.4296875, 7.6328125, 0.82763671875, 3.697265625, 5.75390625, 1.1923828125, 6.14453125, 3.876953125, 3.115234375, 4.9609375, 3.935546875, 1.416015625, 2.419921875, 3.591796875, 4.5390625, 9.25, 3.240234375, 7.0390625, 4.55859375, 5.203125, 1.25, 1.8203125, 4.05859375, 0.69580078125, 1.8115234375, 3.982421875, 0.291748046875, 8.15625, 0.2236328125, 0.62353515625, 2.9375, 0.023345947265625, 2.603515625, 2.544921875, 3.48828125, 1.1015625, 5.859375, 1.0087890625, 4.33984375, 10.34375, 8.8515625, 2.173828125, 0.139404296875, 5.62890625, 4.67578125, 0.00960540771484375, 0.73291015625, 0.436279296875, 7.30859375, 2.009765625, 0.55615234375]",-0.6886037373451437
396,0,test,3.275424266958835,1.5109435009332202,2.058970571628434,6.000777282978019,2.768140765068495,3.772159825884154,26.45444684767855,20.61590684510557,23.07924983978389,48.4661621636859,37.769600326910975,42.28259512632164,3.381621633941804,1.4916286376757901,2.0878675164250806,6.195337344626206,2.732754756047249,3.82510079345053,29.41843839161605,22.799116070708024,25.77198829700162,53.89637567929658,41.7693729539689,47.2158564219877,3.275424266958835,1.5109435009332202,2.058970571628434,6.000777282978019,2.768140765068495,3.772159825884154,26.45444684767855,20.61590684510557,23.07924983978389,48.4661621636859,37.769600326910975,42.28259512632164,0.7487437185929648,0.003743718592964851,0.003743718592964851,0.6080402010050252,-0.001959798994974782,-0.001959798994974782,0.48743718592964824,0.0024371859296482556,-0.007562814070351753,0.41841004184100417,0.09273154497252822,0.16667151611082331,0.40756302521008403,0.4371859296482412,0.10886512764322864,0.18176022013238147,0.43939393939393945,0.41841004184100417,0.09273154497252822,0.16667151611082331,0.40756302521008403,23.0,6.0,7.0,33.0,8.0,9.0,42.0,7.0,8.0,-0.0004754259539981554,-0.00027066077190397616,-2.4388156557880054e-05,-3.151278906887711e-05,5.1862244922595835e-05,7.525089254567519e-05,"[3.0625, 9.453125, 2.48046875, 1.494140625, 9.8203125, 0.034423828125, 0.171142578125, 10.03125, 6.0625, 1.9853515625, 5.5859375, 5.94921875, 5.55859375, 0.86669921875, 0.0628662109375, 2.228515625, 3.08984375, 2.064453125, 1.5283203125, 8.6875, 9.2265625, 1.80078125, 9.15625, 2.201171875, 1.962890625, 4.55859375, 0.0013647079467773438, 0.0065765380859375, 0.70947265625, 2.80078125, 5.94140625, 0.75048828125, 1.7412109375, 12.7265625, 4.3125, 7.6484375, 0.70166015625, 1.0703125, 4.65234375, 1.0859375, 4.76171875, 1.88671875, 3.15234375, 2.169921875, 1.3642578125, 6.02734375, 6.08984375, 3.779296875, 1.212890625, 3.1328125, 0.01373291015625, 5.73828125, 10.40625, 0.212646484375, 3.630859375, 4.73046875, 5.94140625, 1.35546875, 4.78515625, 1.2392578125, 2.173828125, 2.388671875, 3.75390625, 3.12109375, 0.63427734375, 1.53515625, 0.489990234375, 0.6923828125, 0.1519775390625, 0.110107421875, 2.576171875, 0.6279296875, 8.6953125, 0.56005859375, 0.0819091796875, 7.484375, 0.1611328125, 1.1181640625, 0.2437744140625, 0.006191253662109375, 0.0244140625, 3.833984375, 3.42578125, 3.10546875, 1.1396484375, 3.501953125, 1.97265625, 4.66796875, 2.763671875, 5.2578125, 5.03515625, 11.9375, 0.057098388671875, 0.45458984375, 0.71875, 9.4296875, 0.7900390625, 2.15234375, 6.98046875, 0.295654296875, 2.072265625, 4.28515625, 3.5703125, 3.26171875, 5.203125, 1.169921875, 3.9296875, 3.125, 0.01503753662109375, 0.319091796875, 4.63671875, 0.480224609375, 6.99609375, 0.904296875, 3.56640625, 2.578125, 0.137939453125, 0.75732421875, 4.48828125, 7.53515625, 0.26171875, 6.98046875, 0.497802734375, 2.97265625, 3.900390625, 2.552734375, 5.0546875, 3.544921875, 0.99609375, 9.390625, 6.3203125, 0.2373046875, 6.84765625, 3.791015625, 7.21484375, 2.763671875, 2.169921875, 2.67578125, 3.951171875, 2.48828125, 2.9140625, 0.263427734375, 0.9697265625, 2.740234375, 4.78125, 2.3359375, 2.08203125, 0.6083984375, 6.0390625, 1.138671875, 9.0, 6.8984375, 0.66015625, 1.013671875, 0.23876953125, 1.94921875, 6.79296875, 7.65625, 4.265625, 4.3828125, 1.0478515625, 0.260009765625, 5.26953125, 3.650390625, 3.607421875, 8.296875, 4.92578125, 9.625, 5.5625, 3.98046875, 3.66015625, 1.1865234375, 3.86328125, 4.1484375, 7.2421875, 2.439453125, 4.5390625, 1.138671875, 0.94287109375, 8.1015625, 4.91015625, 0.8291015625, 3.517578125, 7.69140625, 3.15234375, 5.25, 0.1629638671875, 1.8427734375, 0.5048828125, 1.48828125, 5.98828125, 3.251953125, 1.2978515625, 7.41015625, 4.1640625, 0.87158203125, 7.0, 1.2392578125, 8.4453125, 1.2001953125, 0.326904296875, 2.828125, 7.93359375, 3.95703125, 2.388671875, 2.892578125, 2.697265625, 1.501953125, 3.140625, 4.13671875, 0.04949951171875, 1.2841796875, 2.283203125, 6.37109375, 3.984375, 1.20703125, 5.6015625, 1.69921875, 1.41796875, 4.8359375, 2.533203125, 3.0546875, 7.9921875, 4.8125, 3.322265625, 3.166015625, 5.01171875, 0.241943359375, 1.505859375, 1.5595703125, 5.3984375, 0.2132568359375, 0.02728271484375, 0.214599609375, 0.00211334228515625, 0.0299224853515625, 0.05865478515625, 0.000293731689453125, 0.00931549072265625]",-0.5837013472074246
259,0,test,3.741732702416889,1.698381114053349,2.2705302305616732,6.918307861239561,3.14023591400489,4.198115790882261,42.1709966853237,34.454568486985174,37.816528565788,77.97241574630164,63.705061525415296,69.92118562945177,3.7659454345703125,1.6489129547487225,2.300496289248459,6.963076194127401,3.0487713486239403,4.253521784808348,43.20453361650787,34.89808230095114,38.87504624383929,79.88338246802236,64.52510008769612,71.87834071126537,3.762063313886075,1.7528852722703259,2.372208038721353,6.955898314737275,3.2410118315414884,4.386113821594169,43.03713354677755,35.57994821525017,39.022864500251885,79.57386671409391,65.78584175215528,72.15165050827824,0.7638190954773869,0.0038190954773869024,0.0038190954773869024,0.6180904522613065,0.018090452261306567,0.008090452261306558,0.4723618090452262,-0.01263819095477381,0.002361809045226204,0.4378531073446328,0.11627341764082455,0.17587852278940308,0.4305949008498584,0.4120603015075377,0.09376456215916673,0.14494844841905685,0.38383838383838387,0.4247491638795987,0.10755383833702781,0.17669577122108926,0.41946308724832215,24.0,5.0,5.0,34.0,4.0,6.0,42.0,4.0,4.0,7.645547324915563e-05,5.780602599160597e-05,-0.00018863794091173892,-0.0002898441128182938,0.0001093980471917888,-0.00013328373458332265,"[3.056640625, 9.4453125, 2.4296875, 6.078125, 0.78955078125, 0.10418701171875, 4.328125, 9.203125, 6.15234375, 3.373046875, 3.189453125, 3.765625, 2.87109375, 2.78125, 2.064453125, 1.0869140625, 8.71875, 2.248046875, 5.11328125, 5.296875, 8.3359375, 0.0261383056640625, 0.230224609375, 0.68603515625, 1.2021484375, 3.798828125, 2.060546875, 3.716796875, 10.8046875, 3.080078125, 2.044921875, 10.75, 0.1956787109375, 1.2890625, 3.638671875, 14.9453125, 0.9580078125, 1.6982421875, 0.880859375, 7.484375, 1.25, 9.09375, 4.29296875, 3.408203125, 10.0859375, 1.599609375, 1.3623046875, 9.0234375, 0.411376953125, 2.216796875, 0.900390625, 2.794921875, 4.52734375, 1.2568359375, 5.19921875, 2.28515625, 2.193359375, 8.78125, 9.5703125, 6.01171875, 0.050811767578125, 0.01141357421875, 4.1875, 0.7939453125, 2.197265625, 7.5, 0.367919921875, 1.9609375, 5.9140625, 8.3125, 10.0546875, 2.470703125, 4.046875, 6.20703125, 2.640625, 0.166015625, 6.86328125, 0.01534271240234375, 1.056640625, 7.0, 1.7548828125, 4.05859375, 9.921875, 5.78515625, 6.01171875, 2.873046875, 4.140625, 8.6640625, 0.70703125, 6.20703125, 3.640625, 2.001953125, 3.7421875, 0.006557464599609375, 6.07421875, 3.396484375, 7.72265625, 2.560546875, 4.9921875, 2.2890625, 6.94921875, 4.71875, 2.685546875, 0.00182342529296875, 0.0033168792724609375, 0.705078125, 6.58203125, 1.1826171875, 8.0, 1.619140625, 1.087890625, 1.021484375, 3.833984375, 0.361328125, 3.1796875, 5.4609375, 4.49609375, 0.0278472900390625, 1.6943359375, 2.130859375, 2.4375, 0.84130859375, 3.255859375, 1.0244140625, 9.3984375, 5.3203125, 11.203125, 0.03656005859375, 6.4375, 8.7109375, 0.22900390625, 1.3369140625, 7.70703125, 9.59375, 0.004154205322265625, 2.255859375, 3.30859375, 3.875, 1.5830078125, 1.55859375, 2.111328125, 2.212890625, 4.9765625, 7.0703125, 1.8330078125, 3.615234375, 6.49609375, 3.1640625, 4.45703125, 1.7451171875, 10.84375, 0.0249786376953125, 5.8515625, 0.173583984375, 0.69775390625, 10.140625, 4.91015625, 8.3515625, 1.0654296875, 6.53515625, 0.2218017578125, 8.2890625, 0.0341796875, 0.56005859375, 2.36328125, 0.0156402587890625, 0.09979248046875, 12.2421875, 6.1875, 9.1796875, 1.396484375, 1.0615234375, 8.21875, 0.01275634765625, 1.78125, 5.43359375, 8.1796875, 2.30078125, 8.609375, 0.033721923828125, 0.0035552978515625, 0.2291259765625, 7.828125, 2.90625, 7.796875, 0.13525390625, 4.44140625, 0.00196075439453125, 0.0291595458984375, 2.228515625, 0.0059814453125, 6.0546875, 0.0015411376953125, 0.009613037109375, 0.0367431640625, 1.7236328125, 0.0090179443359375, 0.0123291015625, 9.984375, 5.34375, 12.4375, 5.35546875, 7.92578125, 0.00386810302734375, 0.5322265625, 5.54296875, 1.6982421875, 3.69921875, 7.16015625, 2.916015625, 4.59375, 4.1796875, 0.1656494140625, 2.41015625, 0.0009546279907226562, 0.00579833984375, 5.7421875, 4.484375, 2.072265625, 1.388671875, 2.916015625, 1.62109375, 5.8828125, 1.3330078125, 3.20703125, 3.427734375, 1.0712890625, 9.15625, 3.609375, 0.0005626678466796875, 0.00762939453125, 5.375, 15.7578125, 7.84765625, 9.640625, 5.51953125, 6.1875, 1.0712890625, 4.76953125, 3.31640625, 13.9765625, 2.02734375, 5.3828125, 4.27734375, 5.65234375, 4.328125, 4.09765625, 0.07049560546875, 0.533203125, 2.310546875, 0.2022705078125, 0.0001863241195678711, 0.0294342041015625, 7.48828125, 0.0132904052734375, 6.5078125, 5.5390625, 1.408203125, 5.3359375, 0.94677734375, 6.53125, 0.86767578125, 0.0272216796875, 1.509765625, 0.0208740234375, 0.424560546875, 1.091796875, 6.62890625, 1.6162109375, 0.06982421875, 7.359375, 6.8984375, 9.078125, 4.875, 0.2098388671875, 0.1217041015625, 7.0, 6.51171875, 0.58544921875, 3.873046875, 0.9072265625, 0.0006361007690429688, 2.67578125, 0.0076446533203125, 0.039093017578125, 5.71875, 1.0986328125, 4.49609375, 8.984375, 5.41015625, 0.026275634765625, 5.17578125, 0.0120849609375, 0.02484130859375, 6.0, 8.7421875, 8.359375, 7.6640625, 10.3203125, 0.1866455078125, 0.0274810791015625, 0.005947113037109375, 0.0007152557373046875, 6.890625, 0.0004868507385253906, 4.83984375, 5.69140625, 2.236328125, 3.908203125, 8.84375, 4.87109375, 4.640625, 2.287109375, 0.00022232532501220703, 5.125, 7.40234375, 2.603515625, 2.232421875, 2.232421875, 8.25, 0.1226806640625, 1.634765625, 4.6484375, 10.71875, 5.765625, 7.01953125, 7.0390625, 1.302734375, 3.560546875, 5.6796875, 0.48828125, 3.32421875, 0.716796875, 1.7080078125, 6.2109375, 0.153564453125, 8.453125, 6.1171875, 0.280517578125, 1.8544921875, 0.284423828125, 10.078125, 5.32421875, 2.359375, 0.10198974609375, 5.6484375, 7.76171875, 1.9091796875, 3.197265625, 0.000946044921875, 0.00982666015625, 0.70654296875, 6.578125, 4.71875]",-1.4425000093751033
198,0,test,3.7893625365363226,1.7291909660933613,2.379142921660595,6.076433416575997,2.7728446852739697,3.8150753359172853,44.22819742787121,36.380881365551716,40.13134239228037,70.92213907072839,58.33857307730483,64.35262596631941,3.837085973078282,1.6968187350947312,2.3744855058772147,6.152960347362216,2.7209341846785335,3.8076069354599125,46.39009529975356,37.888385994768626,42.072923692882945,74.38885104280008,60.755932571492885,67.466049235333,3.763270791371663,1.6989995737980705,2.348595520976337,6.034593990897756,2.724431269226492,3.7660910425123517,43.08913130332197,35.20957797867568,38.973981365354604,69.09558924970564,56.46032918474029,62.496739349178085,0.7386934673366834,-0.0013065326633165952,-0.0013065326633165952,0.6180904522613065,-0.02190954773869347,-0.01190954773869346,0.5125628140703518,-0.00743718592964826,-0.01743718592964827,0.44074074074074077,0.10802355035257072,0.19689837620872108,0.4200743494423792,0.44723618090452266,0.1239279102278309,0.2068355131248899,0.4242424242424242,0.4444444444444444,0.11542411172725409,0.19813902572523256,0.42750929368029744,23.0,1.0,3.0,38.0,5.0,6.0,43.0,1.0,2.0,-4.0279666202045066e-05,-0.0003805931778451385,-0.00023524016250342234,0.0001833147886074471,-0.00021597805698636563,-6.13263787334617e-05,"[3.056640625, 9.4453125, 2.48046875, 5.80859375, 1.4013671875, 0.0943603515625, 1.3212890625, 4.8125, 0.33349609375, 5.3984375, 0.1795654296875, 10.734375, 9.5546875, 1.0146484375, 3.552734375, 4.4609375, 4.6953125, 0.54931640625, 2.611328125, 9.15625, 4.87109375, 9.5390625, 5.70703125, 1.19921875, 7.09375, 11.8203125, 12.6328125, 4.0390625, 1.341796875, 5.6484375, 0.093505859375, 0.48876953125, 6.7109375, 0.08123779296875, 2.42578125, 2.498046875, 1.56640625, 5.94921875, 9.140625, 9.859375, 2.833984375, 0.311767578125, 7.45703125, 2.048828125, 4.93359375, 4.1015625, 0.2412109375, 2.578125, 4.41796875, 6.890625, 2.275390625, 11.140625, 2.396484375, 0.83984375, 2.27734375, 8.34375, 10.03125, 10.078125, 0.066162109375, 4.8203125, 1.1376953125, 0.16162109375, 3.333984375, 10.0625, 0.1339111328125, 0.1251220703125, 10.046875, 8.7421875, 1.021484375, 6.6875, 1.3173828125, 2.27734375, 0.36865234375, 5.17578125, 0.55712890625, 4.8828125, 1.4033203125, 3.0859375, 0.1759033203125, 9.4921875, 2.337890625, 6.515625, 2.44140625, 6.80859375, 0.93310546875, 3.25, 5.75, 10.0078125, 1.4609375, 6.7734375, 0.27392578125, 0.1041259765625, 0.11810302734375, 6.42578125, 2.078125, 2.033203125, 1.0712890625, 6.08203125, 7.90625, 1.5009765625, 0.50244140625, 1.3916015625, 0.0261688232421875, 3.0546875, 10.265625, 13.3984375, 0.64697265625, 4.44921875, 2.484375, 2.859375, 5.203125, 10.109375, 4.48046875, 0.0267333984375, 0.52783203125, 4.48046875, 1.87890625, 2.7265625, 6.234375, 3.94921875, 0.004619598388671875, 0.98681640625, 2.095703125, 8.8671875, 0.9013671875, 2.55078125, 0.74560546875, 8.03125, 3.185546875, 7.6953125, 3.021484375, 4.421875, 3.255859375, 3.736328125, 10.8828125, 6.515625, 2.265625, 0.202880859375, 4.25, 8.0390625, 2.96875, 0.86083984375, 8.8515625, 6.1171875, 0.215087890625, 0.87841796875, 4.6328125, 0.1671142578125, 0.0302886962890625, 0.0110321044921875, 3.85546875, 0.05487060546875, 1.626953125, 3.923828125, 5.69921875, 3.095703125, 0.160888671875, 8.84375, 3.908203125, 0.043701171875, 2.59765625, 5.55078125, 0.312744140625, 0.163818359375, 0.8603515625, 1.2802734375, 4.578125, 5.40234375, 0.33740234375, 6.03515625, 6.625, 4.98046875, 0.382568359375, 8.2734375, 3.517578125, 4.27734375, 0.787109375, 5.34765625, 6.34375, 1.8525390625, 0.76611328125, 9.640625, 0.424072265625, 6.43359375, 3.962890625, 0.7275390625, 0.982421875, 4.7578125, 0.01544952392578125, 1.1953125, 5.74609375, 6.9765625, 3.953125, 2.0859375, 8.6484375, 4.5546875, 6.87890625, 1.18359375, 0.60498046875, 6.71875, 4.8046875, 3.443359375, 8.4921875, 0.54931640625, 0.023651123046875, 4.49609375, 1.29296875, 0.7607421875, 3.68359375, 3.71484375, 3.373046875, 4.0625, 1.4462890625, 4.265625, 1.7021484375, 10.6171875, 1.501953125, 6.07421875, 0.76416015625, 10.609375, 6.98046875, 5.76171875, 1.2568359375, 2.244140625, 4.55078125, 2.1640625, 0.66845703125, 3.703125, 0.7744140625, 7.484375, 2.76171875, 5.890625, 2.46875, 0.6044921875, 6.66796875, 3.09375, 0.60986328125, 1.2138671875, 0.054534912109375, 2.951171875, 4.00390625, 2.89453125, 4.81640625, 5.48046875, 2.5859375, 10.859375, 0.0198516845703125, 6.953125, 1.544921875, 2.89453125, 5.03515625, 0.0016450881958007812, 3.9375, 8.8125, 1.6416015625, 5.890625, 6.625, 0.62841796875, 0.70263671875, 2.423828125, 0.015533447265625, 2.197265625, 2.251953125, 0.350830078125, 1.5205078125, 5.34375, 0.55224609375, 4.44921875, 3.498046875, 10.0390625]",-0.930245770348443
436,0,test,3.593161324985692,1.6099900053753335,2.2251206612602745,5.756583065160323,2.5793557154180737,3.5648529965740527,36.34880486822152,29.083056370563465,32.42115729915004,58.234210940710916,46.5937971172378,51.94174939026132,3.656755327579364,1.6401933198569636,2.2372654107237797,5.858466650467463,2.6277442716033033,3.584310029745951,38.7354548869691,31.223002156514067,34.60044418400424,62.0578491906416,50.022191936614156,55.43317235761936,3.595932225319853,1.625789315519981,2.2273617901533616,5.761022308627617,2.6046676992100215,3.5684434962666414,36.44966345378971,29.277962132273593,32.51993457794576,58.39579589978875,46.90605451557968,52.09999989974557,0.7236180904522613,-0.021381909547738664,-0.02638190954773867,0.6030150753768844,-0.006984924623115618,-0.0019849246231156137,0.49246231155778897,0.0024623115577889765,0.0024623115577889765,0.4098360655737705,0.10050709667033353,0.1655612564134652,0.3980263157894737,0.40703517587939697,0.09124570219518646,0.15661781360894622,0.4040404040404041,0.41137123745819393,0.10586205548824401,0.1677672330088057,0.3993288590604027,24.0,3.0,2.0,38.0,9.0,6.0,45.0,6.0,5.0,-5.0842268710620444e-05,0.00012833559915926933,4.8520575654517255e-05,0.0041921875274901765,0.003415924098373324,0.004249533600939159,"[3.0625, 9.453125, 2.48046875, 5.4921875, 0.79443359375, 0.078125, 1.3251953125, 3.69921875, 0.92431640625, 3.923828125, 2.591796875, 0.9873046875, 2.537109375, 11.515625, 0.65234375, 8.734375, 5.57421875, 3.724609375, 4.67578125, 6.03125, 5.17578125, 3.51953125, 1.439453125, 1.033203125, 2.23828125, 0.9296875, 0.1033935546875, 1.0400390625, 2.8046875, 5.73046875, 5.4921875, 1.3720703125, 4.55859375, 7.8515625, 6.3984375, 3.01171875, 3.599609375, 0.2093505859375, 3.08203125, 5.9375, 6.5859375, 4.42578125, 4.31640625, 2.3125, 0.3544921875, 0.0003933906555175781, 0.75048828125, 4.9765625, 9.6328125, 2.986328125, 8.8125, 0.09051513671875, 0.8564453125, 9.0625, 0.0251922607421875, 5.2421875, 3.16796875, 9.9921875, 6.296875, 8.515625, 0.239990234375, 1.3642578125, 8.3359375, 2.392578125, 1.2138671875, 8.53125, 4.015625, 5.1640625, 0.6630859375, 0.4677734375, 3.921875, 1.3037109375, 3.896484375, 0.9287109375, 4.796875, 10.0078125, 0.2451171875, 0.061309814453125, 7.4609375, 2.828125, 2.51171875, 1.06640625, 1.6650390625, 6.72265625, 3.443359375, 9.4609375, 0.61181640625, 2.02734375, 8.7734375, 0.73779296875, 1.8076171875, 1.34765625, 4.54296875, 6.48046875, 9.0234375, 4.51171875, 2.673828125, 0.02960205078125, 3.607421875, 0.6083984375, 8.40625, 5.51953125, 13.109375, 0.376953125, 1.2685546875, 0.74853515625, 5.609375, 2.54296875, 1.296875, 12.703125, 1.6259765625, 9.8515625, 1.2978515625, 4.0, 2.134765625, 1.3203125, 1.3505859375, 3.201171875, 1.58984375, 2.470703125, 5.2734375, 1.1259765625, 2.875, 2.83984375, 6.86328125, 7.16015625, 2.3984375, 0.7001953125, 1.0634765625, 10.1484375, 0.927734375, 3.568359375, 7.9609375, 4.5703125, 7.50390625, 0.0287322998046875, 13.1640625, 2.3828125, 0.0011816024780273438, 9.8203125, 0.1707763671875, 2.869140625, 4.33984375, 1.03515625, 9.2265625, 3.259765625, 3.828125, 4.203125, 0.00823211669921875, 9.3828125, 2.9921875, 2.552734375, 1.7626953125, 3.0390625, 8.2734375, 4.1875, 4.58203125, 1.4453125, 0.9072265625, 6.625, 0.06005859375, 0.41748046875, 2.68359375, 0.56005859375, 0.65771484375, 0.2271728515625, 5.37890625, 0.337890625, 0.8037109375, 7.953125, 12.171875, 0.638671875, 0.07696533203125, 3.482421875, 4.10546875, 0.49072265625, 7.9140625, 1.408203125, 0.5986328125, 5.8359375, 6.828125, 10.5078125, 5.71484375, 1.7548828125, 0.38916015625, 0.0023403167724609375, 0.01000213623046875, 0.00836944580078125, 1.017578125, 6.28125, 2.169921875, 6.5546875, 4.9453125, 3.46875, 0.0030956268310546875, 0.242431640625, 0.0025501251220703125, 1.6845703125, 0.0010204315185546875, 0.01092529296875, 0.00275421142578125, 0.04248046875, 11.515625, 12.296875, 1.4638671875, 0.0014133453369140625, 0.002437591552734375, 0.0004372596740722656, 0.2890625, 0.0002942085266113281, 1.873046875, 0.0014677047729492188, 0.01580810546875, 5.69921875, 7.17578125, 1.7412109375, 2.92578125, 3.3359375, 0.01016998291015625, 1.232421875, 0.0015392303466796875, 0.001621246337890625, 3.26171875, 9.796875, 1.1884765625, 8.140625, 3.87109375, 0.1654052734375, 2.12109375, 0.0280914306640625, 0.021697998046875, 0.0018281936645507812, 1.5380859375, 0.38037109375, 0.0019588470458984375, 0.0011453628540039062, 0.0008687973022460938, 4.5703125, 2.5, 0.181884765625, 1.0732421875, 6.15625, 0.155517578125, 0.06854248046875, 0.93115234375, 5.703125, 0.076171875, 2.76953125, 4.18359375, 0.6650390625, 3.041015625, 3.080078125, 12.3671875, 0.4228515625, 3.134765625, 0.1563720703125, 0.499267578125, 4.53125, 0.01019287109375, 2.796875, 6.37109375, 7.0546875, 4.08203125, 1.5166015625, 1.8798828125, 0.00339508056640625, 6.6171875, 3.087890625, 10.0625, 11.203125, 7.58984375, 4.578125, 1.5703125, 3.861328125, 8.84375, 8.1796875, 4.734375, 6.37109375, 5.45703125, 8.4453125, 3.05078125, 6.375, 8.59375, 2.046875, 0.1998291015625, 9.6640625, 3.787109375, 7.97265625, 2.654296875, 10.9921875, 5.234375, 4.109375, 0.09722900390625, 8.921875, 9.21875, 0.34375, 10.3984375, 5.96484375, 0.25244140625, 8.21875, 2.8828125, 4.49609375, 2.0234375, 2.44140625, 0.66796875]",-1.4653990464132338
181,0,test,3.412582509069635,1.4556241716244795,2.0314111571057145,5.25959881552485,2.2434619964727807,3.1308862679103546,30.34350553893079,23.26573942388257,26.363945174630707,46.766536887321166,35.858021070829324,40.63309075883805,3.3672736877173035,1.3570094395385874,1.9344302246666014,5.189767178492133,2.0914733114538024,2.981415655542855,28.999357881303062,21.5340681053738,24.80875980362374,44.694886631492864,33.189104966529726,38.23618134682216,3.412582509069635,1.4556241716244795,2.0314111571057145,5.25959881552485,2.2434619964727807,3.1308862679103546,30.34350553893079,23.26573942388257,26.363945174630707,46.766536887321166,35.858021070829324,40.63309075883805,0.7989949748743719,-0.011005025125628176,-0.0010050251256281673,0.5879396984924623,-0.01706030150753768,-0.012060301507537674,0.48743718592964824,0.0024371859296482556,-0.007562814070351753,0.42281879194630867,0.10623587737344431,0.15272950623202297,0.39057239057239057,0.44221105527638194,0.10637145627888822,0.14671856779725,0.38383838383838387,0.42281879194630867,0.10623587737344431,0.15272950623202297,0.39057239057239057,26.0,12.0,12.0,35.0,9.0,9.0,46.0,14.0,14.0,-0.0004883277685543648,-0.0002707778921378017,-0.00011366238130940932,0.004164545041596135,0.003388809423027439,0.004225001702157449,"[3.0625, 9.453125, 2.48046875, 1.494140625, 6.81640625, 5.4921875, 4.1640625, 4.15234375, 4.58984375, 3.388671875, 4.25, 1.1376953125, 0.61279296875, 2.1171875, 2.1875, 1.552734375, 6.4296875, 1.44140625, 5.59375, 0.0535888671875, 2.77734375, 2.552734375, 1.5029296875, 11.4453125, 6.37890625, 0.89697265625, 2.18359375, 9.5859375, 3.35546875, 1.4208984375, 10.4765625, 1.5146484375, 0.9970703125, 6.27734375, 0.453857421875, 0.03302001953125, 7.60546875, 4.5, 3.18359375, 6.96875, 3.51171875, 8.7265625, 4.77734375, 1.171875, 5.5859375, 0.02099609375, 6.6328125, 6.125, 5.4609375, 5.640625, 0.95703125, 5.30078125, 7.28125, 5.08984375, 7.234375, 0.4404296875, 4.2578125, 8.28125, 0.0096435546875, 1.7998046875, 6.74609375, 0.35546875, 6.22265625, 1.27734375, 3.876953125, 1.0126953125, 0.8837890625, 5.5078125, 2.142578125, 3.291015625, 2.341796875, 6.8984375, 0.7275390625, 5.3828125, 3.54296875, 3.845703125, 3.408203125, 0.2109375, 1.64453125, 5.50390625, 1.4189453125, 3.185546875, 0.0178375244140625, 1.544921875, 4.73046875, 0.98779296875, 6.91015625, 6.4375, 5.1328125, 3.267578125, 1.02734375, 5.76171875, 1.3369140625, 3.67578125, 1.7158203125, 2.74609375, 1.927734375, 1.515625, 0.9638671875, 1.607421875, 2.84765625, 1.36328125, 5.48828125, 1.7529296875, 0.037933349609375, 1.36328125, 6.015625, 3.30859375, 0.1873779296875, 2.080078125, 9.25, 4.7578125, 6.0078125, 1.7998046875, 0.316162109375, 2.505859375, 7.1796875, 1.5986328125, 2.474609375, 1.607421875, 5.40234375, 0.2666015625, 2.310546875, 0.93896484375, 0.7138671875, 0.144775390625, 0.1563720703125, 2.021484375, 0.638671875, 3.13671875, 7.5234375, 3.76953125, 4.6875, 2.830078125, 3.953125, 9.4921875, 3.09765625, 3.380859375, 1.46875, 2.30859375, 6.38671875, 8.4140625, 0.1898193359375, 5.28515625, 0.0526123046875, 3.583984375, 2.642578125, 1.150390625, 1.7998046875, 1.32421875, 1.9169921875, 4.58203125, 0.1881103515625, 4.390625, 11.171875, 2.400390625, 4.68359375, 0.06573486328125, 8.15625, 5.34375, 0.0244293212890625, 9.0390625, 7.3046875, 6.48828125, 3.935546875, 1.5908203125, 0.38232421875, 2.421875, 8.3515625, 1.1083984375, 2.46875, 1.8583984375, 1.23046875, 3.66015625, 3.849609375, 5.65625, 1.87109375, 6.66015625, 4.41015625, 0.299560546875, 3.861328125, 0.7841796875, 2.232421875, 3.19140625, 3.001953125, 5.96875, 3.466796875, 1.15234375, 3.0859375, 6.70703125, 0.002140045166015625, 0.060089111328125, 0.0009479522705078125, 0.00482940673828125, 0.00665283203125, 1.58984375, 0.0010585784912109375, 0.0216827392578125, 5.82421875, 6.1796875, 7.8984375, 9.4453125, 5.1953125, 0.0012159347534179688, 0.923828125, 4.44140625, 8.03125, 3.875, 7.04296875, 2.541015625, 0.00028634071350097656, 0.003574371337890625, 4.18359375, 10.5625, 1.291015625, 2.115234375, 7.8984375, 5.890625, 5.1171875, 1.46484375, 4.94921875, 0.46337890625, 1.9619140625, 7.359375, 0.0020122528076171875, 2.005859375, 0.0015478134155273438, 0.01023101806640625, 0.6455078125, 5.5390625, 11.7421875, 0.69091796875, 6.8203125, 11.1328125, 1.462890625, 2.029296875, 8.609375, 8.9375, 9.296875, 7.328125, 5.64453125, 6.72265625, 5.171875, 4.23828125, 0.6259765625, 0.64892578125, 2.205078125, 0.152099609375, 0.457763671875, 0.003963470458984375, 0.81005859375, 6.90234375, 0.1036376953125, 0.290283203125, 0.007297515869140625, 0.0011224746704101562, 7.3125, 9.109375, 0.432861328125, 2.830078125, 9.265625, 1.302734375, 10.65625, 5.74609375, 1.814453125, 0.21630859375, 9.000301361083984e-05, 0.0015420913696289062, 0.00012254714965820312, 0.446533203125, 0.1641845703125, 0.0012912750244140625, 0.0002701282501220703, 0.0004849433898925781, 10.28125, 2.40625, 7.703125, 0.241455078125, 0.172607421875, 0.28466796875, 0.1654052734375, 0.1826171875, 2.1015625, 4.3828125, 1.9423828125, 0.003108978271484375, 5.90625, 6.6015625, 1.6611328125, 6.53125, 0.57763671875, 7.64453125, 0.69482421875, 5.0234375, 4.6015625, 0.10089111328125, 8.1171875, 0.1337890625]",-1.4084671811769471
19,0,test,3.4842254718144736,1.4869726501009441,2.0986561763152127,5.415698287711628,2.3112727061351634,3.2620416653595155,32.59716990305448,25.228385001550745,28.600069114350763,50.6673401753999,39.213685382845185,44.454455253827824,3.393990341742434,1.3422545264934427,1.905009832339479,5.275441509447479,2.0863304053104597,2.9610478915711465,29.784566055422363,22.003169598593512,25.35199180848973,46.29557549918911,34.20057883259644,39.405813354500346,3.4842254718144736,1.4869726501009441,2.0986561763152127,5.415698287711628,2.3112727061351634,3.2620416653595155,32.59716990305448,25.228385001550745,28.600069114350763,50.6673401753999,39.213685382845185,44.454455253827824,0.6633165829145728,-0.006683417085427079,-0.0016834170854271857,0.5728643216080402,0.0028643216080401768,0.007864321608040292,0.44723618090452266,-0.0027638190954772934,0.0072361809045227155,0.44561403508771935,0.11111315943097677,0.1900714446559807,0.43309859154929575,0.42211055276381915,0.08877721943048578,0.1666848432479594,0.38888888888888884,0.44561403508771935,0.11111315943097677,0.1900714446559807,0.43309859154929575,16.0,1.0,1.0,29.0,2.0,1.0,36.0,1.0,2.0,1.8909783491413154e-05,-0.0004524632617718422,-0.00016514101634779602,0.007689903965564682,0.008147827991454193,0.00883646696210505,"[3.0625, 9.453125, 2.48046875, 1.494140625, 4.81640625, 2.38671875, 0.1781005859375, 5.09765625, 1.8466796875, 9.2421875, 4.39453125, 0.07171630859375, 3.12890625, 7.49609375, 5.8984375, 0.36376953125, 12.921875, 6.9453125, 1.615234375, 0.185791015625, 5.99609375, 2.953125, 4.3125, 0.007198333740234375, 12.890625, 0.07342529296875, 1.2822265625, 0.056915283203125, 6.3046875, 0.87451171875, 7.70703125, 1.4384765625, 2.939453125, 8.984375, 1.55078125, 4.5703125, 6.4921875, 6.421875, 1.2705078125, 2.75, 3.14453125, 7.44140625, 3.814453125, 0.06573486328125, 0.2041015625, 3.01171875, 0.7939453125, 8.4140625, 3.732421875, 2.869140625, 6.33984375, 1.1669921875, 0.8798828125, 7.375, 5.359375, 5.27734375, 0.03314208984375, 1.390625, 2.125, 4.640625, 7.2734375, 4.078125, 5.25390625, 7.015625, 6.578125, 7.140625, 2.63671875, 1.1181640625, 7.40625, 2.921875, 0.1787109375, 7.46875, 8.6875, 6.30078125, 1.0458984375, 2.259765625, 5.98828125, 2.474609375, 7.64453125, 1.1591796875, 12.5078125, 1.017578125, 4.7890625, 5.98046875, 3.03125, 2.9921875, 5.34765625, 5.80078125, 0.626953125, 0.353271484375, 4.171875, 3.931640625, 2.1640625, 4.2890625, 0.27001953125, 1.1494140625, 2.86328125, 1.0380859375, 9.9296875, 0.89697265625, 2.98046875, 2.75, 4.6875, 0.37890625, 8.40625, 8.265625, 0.8076171875, 0.8017578125, 1.6943359375, 2.8046875, 3.763671875, 0.77490234375, 5.5390625, 4.29296875, 1.7060546875, 3.529296875, 0.249267578125, 5.90625, 0.3759765625, 0.097412109375, 2.529296875, 3.048828125, 3.833984375, 0.0008130073547363281, 0.138916015625, 0.0002149343490600586, 0.00261688232421875, 0.0015239715576171875, 4.6015625, 0.004215240478515625, 0.9521484375, 1.673828125, 0.0021152496337890625, 0.91015625, 0.140625, 0.00261688232421875, 0.43798828125, 0.034637451171875, 0.002315521240234375, 0.1966552734375, 0.020050048828125, 0.0015201568603515625, 0.2012939453125, 17.03125, 2.3515625, 0.85888671875, 3.740234375, 4.5390625, 7.48828125, 1.3984375, 0.403076171875, 0.389892578125, 6.3046875, 3.90625, 5.953125, 9.515625, 5.63671875, 2.474609375, 0.218505859375, 0.8037109375, 7.45703125, 10.5390625, 5.375, 0.190185546875, 0.470703125, 7.1484375, 7.12890625, 7.015625, 0.053863525390625, 0.2705078125, 6.78515625, 1.63671875, 0.100830078125, 7.19921875, 0.439208984375, 0.2008056640625, 2.91015625, 0.0087890625, 2.201171875, 0.0002288818359375, 6.8984375, 4.18359375, 2.689453125, 9.078125, 0.1673583984375, 4.08984375, 4.75, 0.83740234375, 0.018218994140625, 2.314453125, 1.3740234375, 0.01497650146484375, 0.0006270408630371094, 0.0052032470703125, 0.00347137451171875, 4.4765625, 7.515625, 0.0496826171875, 6.2734375, 0.4140625, 4.4140625, 4.9453125, 4.81640625, 5.0625, 2.91796875, 0.0014390945434570312, 4.19140625, 1.2412109375, 6.859375, 1.470703125, 3.1171875, 1.578125, 0.36767578125, 2.609375, 3.419921875, 9.1015625, 2.625, 3.24609375, 3.76171875, 0.1595458984375, 0.40576171875, 6.0234375, 0.04486083984375, 2.392578125, 4.13671875, 4.62109375, 1.095703125, 1.7236328125, 6.40234375, 4.01953125, 6.890625, 4.2265625, 0.6572265625, 7.4921875, 2.455078125, 0.019378662109375, 2.201171875, 5.64453125, 4.765625, 0.328125, 2.970703125, 5.5703125, 0.316650390625, 0.00782012939453125, 7.4296875, 0.1961669921875, 2.666015625, 8.46875, 4.875, 3.119140625, 6.109375, 5.21875, 5.94921875, 8.8125, 2.7421875, 9.9765625, 4.8515625, 10.09375, 1.7470703125, 4.08984375, 5.3125, 2.169921875, 0.43896484375, 4.5234375, 0.8798828125, 3.779296875, 0.042938232421875, 3.990234375, 4.0546875, 1.91796875, 3.228515625, 4.4453125, 0.5966796875, 6.15625, 2.501953125, 5.8359375, 5.375, 7.921875, 7.6796875, 6.0078125, 0.70849609375, 4.89453125, 9.84375, 2.25390625, 0.11358642578125]",-1.2608735958735147
83,0,test,3.6205888004626257,1.6378821796524283,2.249763244753699,5.9209629002040725,2.6785255534647443,3.6791708311994182,37.359558672736796,30.09718577530844,33.42095778461009,61.0962948460226,49.21970712426131,54.65526797925186,3.8858757594122957,1.7146480234291954,2.4020898517194738,6.354802346884196,2.8040652758842093,3.928279536513615,48.7095816605326,39.94053815578569,44.29997317074062,79.65765840617486,65.31712317189262,72.4463649643051,3.6205888004626257,1.6378821796524283,2.249763244753699,5.9209629002040725,2.6785255534647443,3.6791708311994182,37.359558672736796,30.09718577530844,33.42095778461009,61.0962948460226,49.21970712426131,54.65526797925186,0.7386934673366834,-0.0063065326633166,-0.021306532663316613,0.6331658291457287,-0.006834170854271293,-0.0018341708542712887,0.5577889447236181,0.017788944723618028,0.012788944723618134,0.423728813559322,0.1022398118672746,0.17006477748265914,0.3843537414965986,0.4522613065326633,0.12644677019181116,0.19182724977139454,0.4444444444444444,0.423728813559322,0.1022398118672746,0.17006477748265914,0.3843537414965986,18.0,-1.0,0.0,27.0,-1.0,-1.0,38.0,1.0,1.0,-0.0009099175288880744,-6.939970509836861e-05,-0.00015695423813862544,0.00035656283511986686,-0.00011913993074319507,2.6287545484393604e-05,"[3.0625, 9.453125, 2.48046875, 1.494140625, 0.81689453125, 2.970703125, 9.1484375, 2.21875, 2.091796875, 3.48046875, 10.7109375, 1.6904296875, 2.6328125, 0.5029296875, 0.70166015625, 8.6015625, 0.9306640625, 4.265625, 0.71923828125, 9.9453125, 3.810546875, 8.8515625, 6.43359375, 9.2578125, 0.33447265625, 5.66796875, 0.203369140625, 4.00390625, 4.04296875, 0.97802734375, 8.453125, 2.4296875, 0.050872802734375, 0.52734375, 3.76171875, 8.59375, 10.515625, 0.128173828125, 8.421875, 0.23388671875, 1.0029296875, 4.90625, 9.6171875, 7.1328125, 9.625, 3.3046875, 6.6640625, 0.2176513671875, 0.246337890625, 7.36328125, 2.521484375, 1.7607421875, 6.85546875, 7.92578125, 4.18359375, 3.736328125, 4.33203125, 0.85205078125, 4.87890625, 1.8134765625, 0.2890625, 3.724609375, 0.32568359375, 3.2578125, 10.015625, 0.486328125, 5.640625, 0.1656494140625, 8.0859375, 5.1171875, 3.576171875, 5.2421875, 1.4658203125, 5.77734375, 0.085693359375, 7.4609375, 2.65625, 1.4873046875, 4.9140625, 4.859375, 1.470703125, 1.8388671875, 8.0703125, 0.0999755859375, 5.40625, 2.634765625, 4.546875, 10.640625, 0.0179595947265625, 0.04681396484375, 4.6015625, 0.615234375, 4.41015625, 0.1102294921875, 0.69921875, 1.4296875, 7.640625, 0.448974609375, 9.5703125, 0.08380126953125, 2.162109375, 7.9921875, 4.375, 1.8525390625, 3.994140625, 6.18359375, 0.2213134765625, 5.953125, 7.94921875, 2.583984375, 0.042144775390625, 1.7041015625, 7.51953125, 0.07818603515625, 0.83642578125, 5.296875, 5.26171875, 2.673828125, 3.447265625, 2.40234375, 3.671875, 3.763671875, 1.48828125, 3.37109375, 6.19921875, 2.28515625, 4.05078125, 1.3046875, 10.671875, 6.3046875, 2.3125, 5.19140625, 4.84375, 0.841796875, 3.259765625, 0.0567626953125, 0.99462890625, 7.85546875, 6.18359375, 4.4765625, 5.640625, 0.58251953125, 11.421875, 6.29296875, 1.0546875, 1.08984375, 6.3828125, 6.28125, 0.457763671875, 5.5546875, 6.12109375, 0.36572265625, 0.2125244140625, 4.74609375, 3.625, 0.1251220703125, 0.10284423828125, 4.65625, 1.939453125, 3.416015625, 2.607421875, 4.21875, 3.103515625, 0.0254669189453125, 5.71484375, 1.52734375, 11.8828125, 7.26953125, 3.46484375, 0.294921875, 4.90234375, 0.61865234375, 0.401123046875, 3.056640625, 1.6513671875, 3.69921875, 4.59765625, 5.33203125, 3.513671875, 2.87890625, 0.68603515625, 11.7890625, 6.29296875, 2.109375, 0.464111328125, 8.1640625, 0.243408203125, 3.431640625, 6.17578125, 7.61328125, 17.78125, 0.1419677734375, 1.2802734375, 7.28125, 0.00678253173828125, 0.0194091796875, 3.31640625, 1.7216796875, 3.607421875, 6.3828125, 0.88818359375, 9.546875, 6.27734375, 0.94091796875, 0.70703125, 8.796875, 0.765625, 0.1771240234375, 3.65625, 5.94140625, 0.345458984375, 7.1328125, 3.291015625, 3.22265625, 1.4912109375, 1.322265625, 0.53759765625, 0.003086090087890625, 2.939453125, 2.544921875, 1.5751953125, 4.3359375, 0.85107421875, 3.248046875, 4.98046875, 2.515625, 0.245361328125, 3.044921875, 0.10101318359375, 4.21875, 0.0121002197265625, 2.72265625, 0.82275390625, 0.08160400390625, 2.412109375, 0.212158203125, 4.17578125, 7.68359375, 2.0546875, 1.7265625, 2.232421875, 6.515625, 6.15625, 1.494140625, 0.7744140625, 0.057647705078125, 8.609375, 0.6240234375, 0.432861328125, 0.4345703125, 5.10546875, 10.171875, 3.056640625, 8.5078125, 8.2578125, 3.33984375, 5.984375, 5.96875, 2.935546875, 2.095703125, 3.330078125, 1.267578125, 6.3515625, 9.265625, 1.41015625, 1.451171875, 3.810546875, 0.296142578125, 5.66796875, 1.5634765625, 1.6640625, 1.6494140625, 2.21875, 2.55078125, 5.890625, 10.7265625, 1.365234375, 1.8359375, 0.09039306640625, 0.60302734375, 0.2210693359375, 0.1881103515625, 1.3896484375, 0.0217742919921875, 3.966796875, 0.6640625, 8.9609375, 0.7099609375, 0.344482421875, 3.169921875, 6.33984375, 2.978515625, 6.390625, 0.0308685302734375, 5.8125]",-1.1790008334790247
7,0,test,3.588467844794778,1.6299006738472797,2.2442946970449085,6.0042337795259035,2.727154068659501,3.7551597545326576,36.17860220646579,29.08943997940462,32.34358796735031,60.53413179643949,48.67252702436328,54.117375945370455,3.849425320649267,1.7443395279524023,2.423229302922235,6.440868510367401,2.918633458534739,4.054553604889492,46.96606504690504,38.758257897604,42.80323135745533,78.58374282357967,64.85041844304983,71.61847861116709,3.588467844794778,1.6299006738472797,2.2442946970449085,6.0042337795259035,2.727154068659501,3.7551597545326576,36.17860220646579,29.08943997940462,32.34358796735031,60.53413179643949,48.67252702436328,54.117375945370455,0.8040201005025126,0.004020100502512558,0.009020100502512562,0.6683417085427136,-0.0016582914572863539,-0.0016582914572863539,0.5577889447236181,0.0027889447236181253,0.0027889447236181253,0.42352941176470593,0.09084839415218149,0.15755809494593154,0.36220472440944884,0.4321608040201005,0.09381493935844631,0.17005729817702875,0.38383838383838387,0.42352941176470593,0.09084839415218149,0.15755809494593154,0.36220472440944884,18.0,1.0,1.0,32.0,2.0,2.0,38.0,1.0,-1.0,-0.000541045132443483,-0.0003906438017669546,-0.00028840882360322065,7.936596070123869e-05,0.0001398081572467902,-0.00011389473326595123,"[3.0625, 9.453125, 2.48046875, 5.4921875, 0.79443359375, 0.078125, 4.32421875, 5.17578125, 7.1875, 7.27734375, 4.25, 7.15234375, 0.01800537109375, 10.359375, 8.2421875, 0.9228515625, 7.93359375, 5.20703125, 4.65234375, 5.6328125, 12.9140625, 3.1796875, 3.474609375, 10.375, 1.76953125, 1.8193359375, 1.8798828125, 6.28515625, 5.34375, 2.1328125, 5.83203125, 6.99609375, 4.4921875, 0.85400390625, 1.9912109375, 1.1201171875, 3.423828125, 6.83203125, 2.15625, 0.86181640625, 3.509765625, 0.67333984375, 0.466796875, 11.0546875, 7.37890625, 7.30859375, 0.1365966796875, 4.859375, 2.244140625, 5.92578125, 2.763671875, 6.28125, 0.578125, 4.515625, 4.73046875, 2.5703125, 0.68798828125, 4.21875, 5.12109375, 1.4580078125, 3.044921875, 5.6796875, 1.2373046875, 5.640625, 7.59765625, 5.66015625, 1.505859375, 3.453125, 9.171875, 1.6611328125, 3.67578125, 4.80078125, 1.0771484375, 4.1875, 1.365234375, 5.39453125, 3.970703125, 3.4609375, 4.3984375, 5.46484375, 2.15625, 3.99609375, 2.53125, 1.162109375, 2.75390625, 1.0615234375, 8.2421875, 7.0859375, 2.447265625, 2.095703125, 3.03515625, 3.634765625, 1.439453125, 2.068359375, 0.61572265625, 0.859375, 4.421875, 5.92578125, 0.82861328125, 5.71484375, 1.935546875, 4.0703125, 0.1578369140625, 0.00917816162109375, 0.225341796875, 5.19140625, 1.3544921875, 1.0771484375, 3.2421875, 8.578125, 0.35302734375, 9.5, 7.6796875, 2.353515625, 9.1015625, 0.509765625, 0.9912109375, 6.40625, 1.4365234375, 1.85546875, 10.0, 2.357421875, 0.15380859375, 3.076171875, 2.982421875, 8.96875, 0.83642578125, 11.65625, 0.3330078125, 5.34375, 1.2890625, 0.0017652511596679688, 5.1640625, 6.71875, 16.796875, 5.11328125, 6.0546875, 0.92138671875, 1.443359375, 3.771484375, 0.0279693603515625, 3.97265625, 8.78125, 2.8125, 2.560546875, 4.14453125, 0.0166778564453125, 2.0078125, 3.5625, 8.40625, 5.99609375, 1.314453125, 2.56640625, 3.9375, 0.255859375, 6.3046875, 7.140625, 0.29296875, 3.599609375, 6.65234375, 3.287109375, 5.95703125, 3.447265625, 3.587890625, 5.4140625, 0.02459716796875, 0.33154296875, 0.61572265625, 1.6826171875, 1.9072265625, 4.8046875, 9.921875, 2.873046875, 0.9189453125, 3.42578125, 3.5859375, 0.78955078125, 0.572265625, 2.177734375, 3.708984375, 8.453125, 1.890625, 0.69189453125, 0.8232421875, 1.125, 4.10546875, 3.33984375, 0.3134765625, 0.020355224609375, 9.15625, 9.3828125, 2.251953125, 5.640625, 1.8291015625, 6.69140625, 6.42578125, 0.705078125, 3.03515625, 4.703125, 5.1484375, 0.94189453125, 1.634765625, 5.33203125, 2.890625, 2.046875, 1.826171875, 0.55517578125, 2.24609375, 4.62109375, 0.56591796875, 4.21875, 6.421875, 8.7890625, 0.0213623046875, 1.6513671875, 2.544921875, 3.650390625, 1.5654296875, 2.75, 3.171875, 0.67236328125, 11.4140625, 6.53125, 0.04083251953125, 3.18359375, 3.9609375, 1.7626953125, 5.94921875, 10.78125, 0.779296875, 5.3984375, 0.133544921875, 2.337890625, 0.15087890625, 0.0119171142578125, 0.0328369140625, 0.001750946044921875, 3.634765625, 0.01357269287109375, 1.677734375, 0.00800323486328125, 0.0041961669921875, 0.001522064208984375, 0.01428985595703125, 9.9765625, 1.63671875, 0.0017499923706054688, 0.01094818115234375, 0.0007367134094238281, 0.7587890625, 0.0005440711975097656, 6.515625, 1.2392578125, 6.359375, 0.0479736328125]",-1.048070660759421
178,0,test,3.2645559099273407,1.498219914251483,2.0200702655236302,5.227063508958806,2.3988839089460163,3.2344477661852347,26.168487244616994,20.31910535553216,22.69733830940578,41.89983217779715,32.53405886406016,36.34198099251677,3.6592334191403797,1.646111423130821,2.2834935867860713,5.859003798276793,2.6356812959955915,3.656229615836657,38.83156392515153,31.344909721024102,34.873560025831175,62.1753942616588,50.18809244348945,55.838012295695,3.2645559099273407,1.498219914251483,2.0200702655236302,5.227063508958806,2.3988839089460163,3.2344477661852347,26.168487244616994,20.31910535553216,22.69733830940578,41.89983217779715,32.53405886406016,36.34198099251677,0.7688442211055276,0.008844221105527628,0.003844221105527623,0.5879396984924623,-0.012060301507537674,-0.012060301507537674,0.5276381909547738,0.01263819095477381,0.007638190954773805,0.4528985507246377,0.13825117278612054,0.20470577964030034,0.4,0.4623115577889447,0.15153461543305502,0.201877501027676,0.4444444444444444,0.4528985507246377,0.13825117278612054,0.20470577964030034,0.4,25.0,7.0,6.0,39.0,7.0,9.0,48.0,9.0,7.0,-0.0009858112264752193,-0.0008552111498366284,-0.00012348841163085434,0.010575057989417047,0.009295209394469595,0.008961956566578166,"[3.0625, 9.453125, 2.48046875, 1.494140625, 1.81640625, 7.23046875, 6.27734375, 5.9765625, 8.1640625, 0.5556640625, 0.443359375, 7.796875, 2.369140625, 8.0234375, 5.84375, 1.451171875, 8.484375, 5.10546875, 3.50390625, 2.56640625, 0.92431640625, 4.3125, 3.27734375, 0.495849609375, 6.828125, 8.46875, 5.87109375, 8.7109375, 0.051116943359375, 0.75732421875, 9.6171875, 0.240478515625, 1.634765625, 1.3310546875, 4.61328125, 5.3671875, 1.7900390625, 4.49609375, 0.1319580078125, 5.1796875, 2.384765625, 7.109375, 0.9599609375, 3.541015625, 5.53515625, 3.4140625, 6.7890625, 6.8125, 7.8671875, 5.88671875, 3.771484375, 6.3125, 3.744140625, 1.74609375, 0.421875, 0.7646484375, 3.22265625, 0.1263427734375, 1.84375, 4.42578125, 5.90234375, 4.1171875, 4.5703125, 6.9140625, 1.0185546875, 2.51953125, 3.296875, 1.470703125, 0.5615234375, 2.478515625, 1.8681640625, 1.572265625, 3.02734375, 0.77197265625, 6.30078125, 5.30078125, 0.149658203125, 6.078125, 5.17578125, 6.42578125, 1.783203125, 2.990234375, 5.4140625, 1.8857421875, 4.3359375, 4.78515625, 8.5703125, 7.43359375, 1.787109375, 1.44140625, 0.958984375, 3.60546875, 5.80078125, 10.34375, 0.703125, 4.34375, 0.875, 10.8671875, 6.203125, 6.6171875, 1.025390625, 7.828125, 1.4306640625, 4.640625, 1.501953125, 4.33203125, 0.1331787109375, 0.9541015625, 3.91796875, 0.149658203125, 2.498046875, 4.22265625, 6.97265625, 5.171875, 0.33544921875, 6.1875, 0.583984375, 6.71875, 6.33203125, 6.328125, 0.48095703125, 5.37890625, 0.090576171875, 0.90234375, 11.6484375, 0.82275390625, 1.591796875, 0.01458740234375, 7.71875, 1.5673828125, 0.0009479522705078125, 4.9140625, 1.8759765625, 5.0, 11.84375, 1.994140625, 3.787109375, 7.57421875, 1.369140625, 7.32421875, 0.133056640625, 2.458984375, 4.5546875, 3.51171875, 2.98828125, 4.5625, 0.03363037109375, 5.12890625, 3.87890625, 8.984375, 0.0080413818359375, 0.448486328125, 1.751953125, 0.91162109375, 4.54296875, 0.00687408447265625, 5.0625, 5.140625, 8.5, 2.666015625, 0.650390625, 2.51953125, 3.908203125, 1.9853515625, 1.7734375, 6.08203125, 0.04705810546875, 4.4609375, 1.85546875, 12.1015625, 0.85009765625, 0.16064453125, 0.003688812255859375, 3.5, 1.556640625, 1.7734375, 5.1484375, 4.578125, 1.3271484375, 5.25, 0.48388671875, 4.5234375, 0.62841796875, 8.9609375, 3.25, 0.60205078125, 5.0, 1.330078125, 1.552734375, 1.4013671875, 1.9609375, 0.173828125, 2.541015625, 4.92578125, 5.61328125, 0.301513671875, 7.41015625, 0.08453369140625, 4.96875, 1.048828125, 0.378173828125, 5.578125, 0.369140625, 2.7265625, 6.9375, 0.26806640625, 0.004810333251953125, 2.142578125, 3.445148468017578e-05, 3.0625, 3.755859375, 1.0595703125, 4.56640625, 0.0200653076171875, 2.693359375, 3.400390625, 1.8681640625, 0.01506805419921875, 3.65234375, 0.00421905517578125, 0.337646484375, 0.0004856586456298828, 0.0017986297607421875, 0.001617431640625, 0.466552734375, 9.0, 3.328125, 4.0, 0.410400390625, 3.125, 5.09375, 3.861328125, 1.0263671875, 0.002552032470703125, 0.366455078125, 0.256591796875, 5.66796875, 2.498046875, 0.00525665283203125, 0.1805419921875, 7.13671875, 1.0595703125, 0.0494384765625, 0.0020771026611328125, 0.452880859375, 0.1405029296875, 5.28125, 3.19921875, 0.1546630859375, 0.04833984375, 7.55078125, 3.591796875, 2.212890625, 0.1231689453125, 0.0015878677368164062, 1.4482421875, 0.0008039474487304688, 6.6328125, 0.1644287109375, 10.28125, 0.2412109375, 2.873046875, 4.1484375, 3.37109375, 0.01494598388671875, 0.02655029296875, 1.3359375, 4.2421875, 8.984375, 0.6767578125, 5.41015625, 1.443359375, 3.37890625, 1.25, 0.0789794921875, 0.0007729530334472656]",-1.4225015851898468
418,0,test,2.8711244345527804,1.2580446983811557,1.7702915983212795,5.5711222471785735,2.4411066001700568,3.4350691278684424,17.656861026398445,12.638618710222918,14.650191981983436,34.26132636248175,24.523942265531893,28.42719371338508,3.2712899835864504,1.4545219835860488,2.044431894500838,6.347602418482317,2.822350603912002,3.967010232375798,26.345302440365423,20.19335923661574,22.934805233655947,51.12035506640443,39.18314077038683,44.50263532093505,2.8711244345527804,1.2580446983811557,1.7702915983212795,5.5711222471785735,2.4411066001700568,3.4350691278684424,17.656861026398445,12.638618710222918,14.650191981983436,34.26132636248175,24.523942265531893,28.42719371338508,0.6934673366834171,0.0034673366834171437,-0.0015326633165829717,0.5326633165829145,-0.012336683417085381,-0.012336683417085381,0.44221105527638194,-0.027788944723618036,-0.027788944723618036,0.40753424657534243,0.10667954572064153,0.1740490529534745,0.3573883161512027,0.4170854271356784,0.11633354743643032,0.18169310660145477,0.38888888888888884,0.40753424657534243,0.10667954572064153,0.1740490529534745,0.3573883161512027,24.0,8.0,9.0,37.0,11.0,12.0,47.0,12.0,13.0,-0.0014825022630394643,-0.0003952955220107321,-0.000161696269539907,0.005011302111102012,0.004112692626835113,0.004203974360344809,"[3.0625, 9.453125, 2.48046875, 1.494140625, 6.81640625, 4.03125, 0.020416259765625, 1.0712890625, 1.6669921875, 0.1834716796875, 4.10546875, 6.78515625, 5.37890625, 4.8984375, 4.53515625, 3.572265625, 11.6015625, 0.8076171875, 1.3095703125, 0.1661376953125, 0.01605224609375, 6.3046875, 2.548828125, 2.078125, 8.875, 6.12109375, 9.453125, 2.015625, 9.296875, 2.169921875, 2.154296875, 6.83984375, 2.736328125, 1.9931640625, 5.00390625, 0.734375, 1.826171875, 5.09375, 0.353515625, 2.91015625, 7.00390625, 4.8671875, 1.662109375, 1.001953125, 1.494140625, 1.8154296875, 4.9453125, 5.6875, 1.5498046875, 4.03125, 3.802734375, 5.82421875, 0.448486328125, 0.14453125, 4.3828125, 7.609375, 0.438720703125, 0.00946044921875, 0.1279296875, 0.007434844970703125, 5.4921875, 9.1171875, 0.37744140625, 0.78466796875, 8.796875, 8.3125, 1.8115234375, 1.150390625, 5.140625, 1.18359375, 3.068359375, 6.90234375, 0.6552734375, 5.41796875, 3.0234375, 7.9296875, 4.78515625, 0.56005859375, 0.6455078125, 4.60546875, 6.5703125, 11.3046875, 3.66796875, 3.90625, 0.66064453125, 0.07904052734375, 0.0015039443969726562, 0.314453125, 0.0026264190673828125, 4.08203125, 1.2568359375, 2.314453125, 3.416015625, 0.08123779296875, 5.45703125, 8.1171875, 2.333984375, 7.453125, 7.46875, 0.17138671875, 0.387451171875, 6.38671875, 1.6533203125, 0.75537109375, 1.3544921875, 3.0625, 0.1488037109375, 2.552734375, 2.9375, 4.61328125, 1.8037109375, 3.365234375, 7.171875, 1.671875, 0.0312347412109375, 5.6796875, 2.0, 0.09197998046875, 7.32421875, 2.91796875, 5.921875, 8.0078125, 5.1328125, 0.0089111328125, 0.482421875, 7.30078125, 0.08990478515625, 0.279052734375, 2.537109375, 2.72265625, 1.8291015625, 6.6171875, 5.19921875, 0.94873046875, 7.90625, 5.84765625, 0.41943359375, 4.40234375, 2.794921875, 1.630859375, 6.70703125, 6.1015625, 0.40673828125, 3.275390625, 0.72998046875, 0.048309326171875, 0.002193450927734375, 0.0187835693359375, 0.00295257568359375, 2.6640625, 0.099609375, 0.439208984375, 6.2265625, 0.01153564453125, 0.5244140625, 2.005859375, 0.058319091796875, 1.44140625, 6.7734375, 8.046875, 6.92578125, 8.5546875, 1.5712890625, 5.0234375, 5.44140625, 2.228515625, 3.36328125, 0.89453125, 5.33203125, 0.093017578125, 0.5390625, 0.0121612548828125, 0.0081024169921875, 1.5048828125, 7.3046875, 7.6640625, 0.08447265625, 4.59375, 0.416015625, 0.047393798828125, 0.0036449432373046875, 0.0071258544921875, 0.00168609619140625, 1.1728515625, 4.81640625, 1.279296875, 4.73828125, 4.54296875, 0.5166015625, 11.515625, 1.05859375, 5.37109375, 4.1328125, 1.8828125, 0.91552734375, 6.12109375, 3.28125, 0.85546875, 11.4296875, 0.84912109375, 0.213623046875, 5.1953125, 1.6640625, 7.375, 2.55078125, 4.46875, 0.93994140625, 0.2437744140625, 0.0036468505859375, 0.1282958984375, 0.0015316009521484375, 3.052734375, 2.26171875, 2.572265625, 0.00571441650390625, 0.32470703125, 0.0007824897766113281, 0.00257110595703125, 0.001018524169921875, 0.6328125, 4.1015625, 5.3515625, 4.3671875, 9.65625, 4.42578125, 0.681640625, 5.25, 3.8828125, 1.77734375, 0.01346588134765625, 0.1827392578125, 5.60546875, 3.560546875, 6.41796875, 2.677734375, 0.0941162109375, 2.265625, 0.0021305084228515625, 0.00568389892578125, 0.0011491775512695312, 0.03228759765625, 2.57421875, 0.19091796875, 0.00017702579498291016, 0.00516510009765625, 0.0005779266357421875, 0.2218017578125, 0.0001506805419921875, 0.492431640625, 3.314453125, 7.609375, 1.19140625, 0.439208984375, 6.55078125, 5.75390625, 2.46875, 2.26171875, 1.8837890625, 0.48291015625, 2.005859375, 0.221435546875, 0.0892333984375, 2.208984375, 0.1298828125, 0.00177764892578125, 6.62890625, 0.049560546875, 0.298095703125, 0.0021419525146484375, 0.0008177757263183594, 0.05731201171875, 0.0009551048278808594, 3.96875, 0.69287109375, 0.2374267578125, 0.022674560546875, 9.5546875, 1.607421875, 0.7646484375, 0.548828125, 0.008575439453125, 0.0031795501708984375, 4.2421875, 3.25, 2.91015625, 1.7294921875, 1.859375, 3.30859375, 0.429931640625, 1.8876953125, 7.07421875, 0.2318115234375]",-1.5188744782584989
438,0,test,3.8753322506627295,1.8003927718476,2.442925701478902,6.489461697855339,3.0148589019696495,4.090816411352243,48.198709684288836,40.23464523445669,44.00994213709895,80.71144876126473,67.37517515592451,73.6971220402308,3.7872244485059574,1.6429100650015727,2.307159078263095,6.341920230338378,2.751145256777781,3.863467568925774,44.13373466917864,35.597547989043235,39.740501810947514,73.90441959395002,59.61009515324992,66.54770421596537,3.8753322506627295,1.8003927718476,2.442925701478902,6.489461697855339,3.0148589019696495,4.090816411352243,48.198709684288836,40.23464523445669,44.00994213709895,80.71144876126473,67.37517515592451,73.6971220402308,0.8140703517587939,0.009070351758794004,0.009070351758794004,0.6130653266331658,-0.026934673366834194,-0.016934673366834185,0.5175879396984925,0.0025879396984924696,0.0025879396984924696,0.4184397163120568,0.09454591100232224,0.15782650876488702,0.4128113879003559,0.39698492462311563,0.07367665394642386,0.1265341733710288,0.398989898989899,0.4184397163120568,0.09454591100232224,0.15782650876488702,0.4128113879003559,17.0,0.0,0.0,31.0,-1.0,1.0,39.0,-2.0,-2.0,0.00015503876741708832,-8.542916911687924e-05,1.3047500577255273e-05,0.00026647385093347964,-0.00016949575638847136,-1.9271695109068787e-05,"[3.0625, 9.453125, 2.48046875, 1.494140625, 0.81689453125, 3.970703125, 0.56591796875, 10.6484375, 6.546875, 6.0234375, 3.537109375, 5.69921875, 0.48828125, 4.96484375, 6.65625, 1.3173828125, 2.650390625, 6.75, 0.0094451904296875, 2.466796875, 0.7578125, 1.1376953125, 5.796875, 4.5, 7.0859375, 3.89453125, 7.68359375, 1.83984375, 8.5, 1.58203125, 1.5009765625, 0.6669921875, 12.140625, 1.34765625, 1.7158203125, 3.333984375, 6.203125, 0.0284423828125, 1.4775390625, 1.5341796875, 3.068359375, 6.8203125, 1.521484375, 2.2734375, 3.84375, 1.1025390625, 10.3828125, 0.0289459228515625, 9.0, 4.62890625, 0.9306640625, 6.53125, 0.068115234375, 3.16015625, 5.81640625, 11.2578125, 4.8984375, 7.77734375, 9.03125, 4.01953125, 1.353515625, 0.8408203125, 3.4609375, 1.5888671875, 2.203125, 0.83935546875, 2.6171875, 0.297607421875, 7.640625, 0.72119140625, 2.0546875, 5.50390625, 0.060455322265625, 1.021484375, 7.06640625, 6.46484375, 0.48193359375, 7.3125, 1.3369140625, 11.8984375, 1.390625, 8.1953125, 3.240234375, 8.609375, 0.4443359375, 5.671875, 5.41796875, 7.94921875, 3.998046875, 5.83984375, 1.1728515625, 4.69140625, 0.0131988525390625, 1.52734375, 5.16796875, 0.7783203125, 5.70703125, 1.0078125, 5.78515625, 5.96875, 0.61376953125, 2.771484375, 1.591796875, 0.271240234375, 4.16015625, 4.7734375, 3.970703125, 16.390625, 2.1640625, 4.47265625, 2.64453125, 2.990234375, 0.44091796875, 7.63671875, 6.125, 0.259521484375, 0.006999969482421875, 3.474609375, 1.412109375, 1.9482421875, 3.21484375, 4.20703125, 2.63671875, 1.318359375, 3.560546875, 0.101806640625, 1.86328125, 8.078125, 7.46875, 5.0859375, 2.94921875, 1.2294921875, 4.8359375, 5.08203125, 3.5546875, 2.76953125, 3.384765625, 3.0, 0.319091796875, 4.171875, 2.328125, 5.3984375, 2.927734375, 0.404052734375, 11.4296875, 6.35546875, 0.89892578125, 4.05859375, 8.546875, 0.95654296875, 0.791015625, 12.8828125, 2.828125, 1.333984375, 7.54296875, 2.62109375, 2.328125, 0.58203125, 9.59375, 1.51953125, 10.890625, 0.0194244384765625, 0.055328369140625, 4.734375, 2.037109375, 3.62109375, 0.305908203125, 5.5703125, 6.57421875, 5.41015625, 2.5, 10.890625, 1.71875, 6.41796875, 3.85546875, 0.63916015625, 8.46875, 0.007568359375, 1.318359375, 1.1875, 2.826171875, 5.796875, 3.26953125, 3.146484375, 0.2568359375, 7.9765625, 1.43359375, 1.6865234375, 13.2734375, 1.8046875, 3.53515625, 5.61328125, 4.05078125, 1.666015625, 1.9794921875, 1.625, 2.60546875, 0.270751953125, 3.115234375, 2.666015625, 0.302734375, 2.947265625, 6.2421875, 0.358154296875, 2.845703125, 2.455078125, 1.7001953125, 2.5, 0.12939453125, 4.16015625, 7.125, 0.326171875, 2.189453125, 0.1318359375, 1.3544921875, 2.888671875, 3.916015625, 10.671875, 0.75146484375, 2.048828125, 1.041015625, 0.26708984375, 1.6240234375, 8.703125, 0.052093505859375, 7.47265625, 8.0, 11.5546875, 2.1015625, 4.4453125, 1.904296875, 5.4765625, 5.87109375, 8.4296875, 7.8515625, 5.87890625, 9.375, 13.96875, 1.7998046875, 0.117919921875, 2.470703125, 0.0017185211181640625, 7.76171875, 7.9296875, 2.595703125, 7.8359375, 3.48828125, 4.0390625, 4.08203125, 4.2578125, 9.953125, 1.482421875, 6.515625, 2.205078125, 1.83984375, 2.421875, 1.9365234375, 1.9794921875, 5.0078125, 2.703125, 1.51171875, 5.34765625, 5.19921875, 0.074951171875, 7.60546875, 3.845703125, 1.1923828125, 9.5234375, 6.3515625, 2.955078125, 5.75, 1.9248046875, 5.82421875, 5.47265625, 4.3671875, 7.9765625, 0.05902099609375, 9.5625, 0.0170135498046875, 0.043609619140625, 2.498046875, 1.3212890625]",-0.8991151904383448
224,0,test,3.410910952522094,1.4936519884352601,2.0724595133918116,5.736532056514431,2.5120510714593016,3.4855000907044107,30.29282702137584,23.4905394437294,26.479692960593418,50.947027263223,39.50681633718126,44.53402907008893,3.868785249527974,1.752493338147044,2.4267071194539174,6.506593374206138,2.947375159610937,4.081280155445224,47.88418340271996,39.58388130562181,43.654707310695755,80.53249026821084,66.57289128672758,73.41928047707923,3.544288363345092,1.5619023655649147,2.1789601590978327,5.960848611080382,2.626835796631902,3.6646148130281735,34.615043241607815,27.35499845494006,30.69803482175828,58.21620908815859,46.006133765126464,51.62851310932074,0.728643216080402,-0.011356783919598046,-0.006356783919598041,0.5879396984924623,-0.012060301507537674,-0.00706030150753767,0.4824120603015075,0.007412060301507539,-0.007587939698492474,0.4006024096385542,0.10586556753329102,0.1531074196585943,0.3655589123867069,0.4120603015075377,0.10378962481580833,0.16999018464610194,0.40909090909090906,0.40802675585284276,0.10418702296469584,0.17109683371713647,0.3791946308724832,18.0,0.0,-1.0,28.0,-1.0,-1.0,38.0,0.0,0.0,-0.0010352290851907554,-7.405692816237733e-05,-0.0005966277198486406,0.0019610440232273874,0.0035205092747192523,0.004000583399303537,"[3.056640625, 9.4453125, 2.4296875, 1.0791015625, 5.80078125, 3.462890625, 1.916015625, 1.5009765625, 6.85546875, 1.7587890625, 2.189453125, 4.41796875, 5.44921875, 0.26806640625, 4.640625, 2.44921875, 7.8046875, 8.9453125, 6.05078125, 0.168212890625, 4.43359375, 2.3046875, 4.39453125, 0.56201171875, 0.395263671875, 0.3193359375, 9.8984375, 0.1767578125, 9.5703125, 0.2159423828125, 1.8466796875, 6.47265625, 10.3125, 0.986328125, 0.1385498046875, 0.403564453125, 4.7578125, 5.3671875, 7.31640625, 3.076171875, 0.94775390625, 2.630859375, 3.3515625, 0.7841796875, 8.1875, 10.6953125, 8.328125, 4.26171875, 0.8984375, 7.109375, 5.64453125, 7.45703125, 2.484375, 1.326171875, 8.1171875, 0.2288818359375, 8.0703125, 1.4775390625, 1.3193359375, 2.177734375, 10.796875, 6.87109375, 0.82373046875, 0.51171875, 4.27734375, 0.15869140625, 8.9609375, 1.291015625, 3.62109375, 6.5703125, 3.521484375, 1.2890625, 0.0183868408203125, 6.5859375, 5.1796875, 2.109375, 7.390625, 1.4482421875, 2.767578125, 0.00458526611328125, 2.453125, 0.94091796875, 2.330078125, 0.06927490234375, 2.671875, 1.9130859375, 1.173828125, 6.19140625, 7.1484375, 8.8515625, 1.4453125, 4.05859375, 2.92578125, 10.5703125, 1.501953125, 9.9453125, 16.25, 8.3359375, 0.357666015625, 4.63671875, 11.3125, 5.6171875, 0.0087738037109375, 0.6083984375, 0.64794921875, 1.142578125, 6.3984375, 0.7529296875, 0.72021484375, 8.375, 0.79833984375, 8.71875, 5.359375, 2.0234375, 4.8984375, 5.01171875, 1.693359375, 0.3076171875, 6.3515625, 0.491943359375, 0.9619140625, 6.80859375, 5.40234375, 0.0089111328125, 2.443359375, 3.103515625, 3.77734375, 0.580078125, 9.7421875, 2.666015625, 2.970703125, 5.8671875, 1.912109375, 2.49609375, 9.234375, 17.9375, 6.12890625, 12.0703125, 9.0546875, 0.09844970703125, 10.3125, 3.5546875, 0.0029087066650390625, 2.138671875, 0.0025539398193359375, 1.6337890625, 0.0006737709045410156, 0.359619140625, 2.017578125, 1.3193359375, 0.360595703125, 4.17578125, 1.3564453125, 2.76953125, 2.91796875, 4.515625, 0.80078125, 1.607421875, 0.0245513916015625, 6.92578125, 3.3125, 0.0023040771484375, 0.0020751953125, 7.671875, 8.84375, 2.783203125, 5.203125, 1.3759765625, 0.8505859375, 11.4921875, 7.09765625, 10.6484375, 8.96875, 4.34765625, 3.796875, 0.329833984375, 0.306884765625, 2.251953125, 3.353515625, 2.228515625, 0.00011277198791503906, 0.0003628730773925781, 3.09375, 0.194091796875, 0.430908203125, 0.05633544921875, 3.701171875, 7.93359375, 0.60302734375, 4.1171875, 5.25, 0.521484375, 5.11328125, 0.001056671142578125, 1.0869140625, 6.14453125, 11.3515625, 0.0902099609375, 6.9140625, 0.053863525390625, 8.5546875, 7.78125, 0.3662109375, 4.09375, 3.533203125, 0.0002034902572631836, 0.030609130859375, 5.4609375, 2.45703125, 1.3623046875, 0.08905029296875, 5.55859375, 0.037933349609375, 3.60546875, 0.9306640625, 2.71484375, 0.3125, 4.8671875, 7.5546875, 0.5966796875, 0.03924560546875, 0.440673828125, 0.48779296875, 3.712890625, 9.15625, 3.994140625, 2.3046875, 8.5234375, 0.95458984375, 3.458984375, 0.0034008026123046875, 0.86474609375, 0.0005397796630859375, 4.02734375, 0.0003209114074707031, 0.00627899169921875, 0.0159454345703125, 1.3642578125, 3.455078125, 7.51171875, 2.705078125, 9.7734375, 5.6171875, 4.69140625, 2.716796875, 0.010223388671875, 2.935546875, 7.450580596923828e-05, 1.5576171875, 3.275390625, 4.38671875, 0.7177734375, 3.740234375, 1.177734375, 5.04296875, 8.3984375, 1.0302734375, 0.044403076171875, 0.19873046875, 0.59814453125, 0.004222869873046875, 0.357421875, 0.00018095970153808594, 10.7734375, 2.931640625, 3.033203125, 5.10546875, 0.2459716796875, 12.6796875, 1.884765625, 2.0078125, 2.197265625, 0.0823974609375, 7.0625, 0.1480712890625, 0.841796875, 0.0008673667907714844, 0.0026302337646484375, 0.00022161006927490234, 4.6328125, 7.875, 1.080078125, 0.0082244873046875, 6.6796875, 1.0732421875, 1.42578125, 0.29443359375, 1.697265625, 0.0023365020751953125, 0.0014209747314453125, 4.30859375, 0.468994140625, 11.109375, 11.390625, 4.8125, 7.83984375, 1.3095703125, 4.421875, 0.234619140625, 3.6954879760742188e-06, 0.15771484375, 0.0039825439453125, 0.0263519287109375, 0.399169921875, 0.00024628639221191406, 0.85498046875, 0.0011196136474609375, 0.08782958984375, 1.46875, 1.5224609375, 1.1748046875, 2.18359375, 5.83984375, 2.103515625, 1.802734375, 6.9453125, 0.98974609375, 3.05859375, 6.1171875, 4.73828125, 0.186767578125, 0.84521484375, 7.04296875, 0.0012502670288085938, 2.40234375, 0.0004639625549316406, 9.34375, 0.055511474609375, 0.64697265625, 7.33984375, 6.91015625, 0.366943359375]",-1.6806374903184822
200,0,test,3.606050210099825,1.616872556733508,2.2351955431241466,5.806352033211582,2.6034388625370046,3.599043671132101,36.820332644240565,29.510812313592503,32.88161709678385,59.28697629157379,47.51740965747945,52.944976681262126,3.619922470806831,1.5544407061759662,2.1808573316445097,5.82868872418049,2.502913001469776,3.511549940783532,37.3346731827565,29.44557551224608,33.117921285191855,60.1151517349469,47.41236735022674,53.32546647615638,3.606050210099825,1.616872556733508,2.2351955431241466,5.806352033211582,2.6034388625370046,3.599043671132101,36.820332644240565,29.510812313592503,32.88161709678385,59.28697629157379,47.51740965747945,52.944976681262126,0.7135678391959799,-0.006432160804020093,-0.0014321608040201994,0.6331658291457287,-0.011834170854271298,0.0031658291457287158,0.5175879396984925,0.012587939698492479,0.007587939698492474,0.43661971830985913,0.10621550038367289,0.18954711877824315,0.38869257950530034,0.44723618090452266,0.09385272225790608,0.18346322597964793,0.38383838383838387,0.43661971830985913,0.10621550038367289,0.18954711877824315,0.38869257950530034,22.0,6.0,5.0,35.0,7.0,8.0,42.0,5.0,4.0,-0.00030251111147374917,-0.0005167112368322936,-2.911326396080957e-05,0.0002803336946550772,-0.00016174870629104277,-1.2262581172706177e-05,"[3.0625, 9.453125, 2.48046875, 1.494140625, 7.81640625, 0.978515625, 8.0625, 2.939453125, 1.9521484375, 2.232421875, 8.34375, 8.03125, 3.146484375, 6.52734375, 5.29296875, 0.12481689453125, 7.25390625, 2.12109375, 8.5703125, 13.53125, 3.2421875, 0.23876953125, 0.5439453125, 6.125, 1.4560546875, 1.2158203125, 3.99609375, 10.5, 0.007747650146484375, 0.62060546875, 6.87890625, 2.630859375, 0.209228515625, 0.9736328125, 6.33203125, 3.708984375, 0.58447265625, 10.1953125, 2.927734375, 4.19140625, 0.34228515625, 7.34375, 2.912109375, 2.25390625, 5.703125, 1.2705078125, 0.7275390625, 9.1484375, 3.802734375, 3.271484375, 10.59375, 0.7109375, 10.0, 5.109375, 5.98046875, 3.359375, 0.61279296875, 7.49609375, 2.71875, 2.130859375, 3.658203125, 7.12109375, 0.5615234375, 0.65087890625, 4.84375, 6.41796875, 0.0006871223449707031, 0.405029296875, 3.12890625, 0.70263671875, 6.16796875, 0.93994140625, 2.333984375, 6.0625, 3.537109375, 7.15625, 5.89453125, 3.755859375, 3.90625, 2.927734375, 9.3359375, 6.53125, 2.0078125, 2.556640625, 8.328125, 7.203125, 7.92578125, 0.6337890625, 8.421875, 3.9609375, 11.1328125, 0.5634765625, 3.28515625, 0.0943603515625, 4.7421875, 2.65625, 8.6875, 3.505859375, 5.9765625, 0.05438232421875, 0.0540771484375, 3.326171875, 1.9814453125, 1.1416015625, 7.890625, 5.09765625, 2.83203125, 5.7265625, 3.8359375, 0.237548828125, 8.4453125, 6.140625, 2.537109375, 0.002040863037109375, 0.14111328125, 0.00034880638122558594, 0.0024089813232421875, 0.0018014907836914062, 15.4296875, 7.80078125, 6.3671875, 0.242431640625, 0.10784912109375, 0.0003726482391357422, 0.08856201171875, 4.0703125, 4.62109375, 5.234375, 5.28125, 4.16015625, 5.72265625, 3.927734375, 5.359375, 0.0142059326171875, 0.035797119140625, 0.5234375, 0.0005321502685546875, 0.572265625, 2.068359375, 1.7392578125, 2.533203125, 2.029296875, 7.9453125, 4.33203125, 1.4912109375, 0.0041351318359375, 11.0703125, 2.65234375, 5.25, 3.71484375, 1.142578125, 5.140625, 1.0927734375, 4.96484375, 7.46484375, 0.0009431838989257812, 0.86474609375, 4.04296875, 0.06817626953125, 3.65234375, 8.0703125, 2.724609375, 1.9736328125, 3.763671875, 0.00324249267578125, 0.03582763671875, 0.003170013427734375, 3.1948089599609375e-05, 7.88671875, 3.015625, 0.288818359375, 2.3203125, 0.5048828125, 0.266845703125, 0.00388336181640625, 4.72265625, 8.3671875, 3.08203125, 0.74072265625, 4.63671875, 0.07574462890625, 3.15625, 2.986328125, 3.654296875, 0.84765625, 6.28125, 0.10040283203125, 0.1549072265625, 1.72265625, 8.421875, 4.63671875, 0.404052734375, 3.3671875, 1.01953125, 5.4140625, 0.06494140625, 5.84765625, 5.4921875, 1.1875, 1.0126953125, 6.36328125, 0.49609375, 1.412109375, 3.357421875, 0.61328125, 7.5234375, 0.599609375, 0.335693359375, 5.3203125, 2.97265625, 5.109375, 6.3671875, 0.499267578125, 1.55859375, 5.72265625, 0.29443359375, 3.216796875, 5.2109375, 0.024688720703125, 7.3125, 0.00388336181640625, 0.11920166015625, 4.23046875, 3.42578125, 4.9921875, 3.8828125, 6.203125, 1.484375, 8.5078125, 0.48583984375, 3.560546875, 5.15234375, 1.1171875, 5.41015625, 2.232421875, 0.01345062255859375, 0.050506591796875, 0.01407623291015625, 6.842613220214844e-05, 0.658203125, 4.2265625, 3.689453125, 12.46875, 0.92236328125, 0.02783203125, 9.3828125, 5.0703125, 4.73828125, 0.97216796875, 2.388671875, 7.16015625, 4.65625, 6.80859375, 1.4248046875, 3.0234375, 2.830078125, 0.1190185546875, 8.21875, 5.5234375, 2.0390625, 0.6767578125, 7.1953125, 3.74609375, 11.2265625, 2.267578125, 5.08203125, 0.345703125, 1.1962890625, 2.453125, 6.10546875, 3.244140625, 1.271484375, 9.84375, 3.05078125, 3.16796875, 7.65625, 0.409912109375, 1.7080078125, 1.744140625, 12.875, 5.11328125, 1.0693359375, 1.171875, 6.21484375]",-1.2378423642104779
89,0,test,3.2317232386943435,1.4200263872790115,1.9694931637495359,5.337970722619513,2.3455162217742878,3.253093185894756,25.323257410227523,19.202432654725335,21.789965195839628,41.82746995122158,31.71745095208364,35.99138529860078,3.882360103741363,1.7212375142595597,2.4075632469582935,6.412654499712102,2.8430390782794714,3.9766716317918083,48.538636212277694,39.85775896012369,44.16848829543215,80.17326976356316,65.83470634209485,72.95491599046504,3.304218427792042,1.4942539542539537,2.043177876148161,5.457714020034617,2.4681209592652373,3.3748012680656196,27.22725320627564,21.117022852766954,23.698161426553003,44.97237843026623,34.87985864238124,39.14323180903282,0.7889447236180904,-0.006055276381909613,0.0089447236180904,0.6532663316582914,0.003266331658291377,-0.0017336683417086274,0.5326633165829145,-0.0023366834170853723,-0.0023366834170853723,0.40785498489425986,0.09412949469818144,0.16162382911536544,0.3909090909090909,0.44221105527638194,0.10386519061472776,0.1801075494333102,0.4696969696969697,0.42140468227424754,0.10253990764987364,0.17223894256345773,0.3959731543624161,26.0,12.0,12.0,38.0,10.0,11.0,45.0,10.0,10.0,-0.0010766396232074352,-0.00018353820198588626,-0.00073045235644084,0.0066326241382332896,0.0070129645282914765,0.008186314187258681,"[3.056640625, 9.4453125, 2.4296875, 6.078125, 0.78955078125, 0.10418701171875, 1.3271484375, 1.0947265625, 0.76611328125, 10.203125, 5.4921875, 2.5, 0.5205078125, 0.3798828125, 5.4375, 0.29345703125, 0.62744140625, 6.04296875, 1.8056640625, 2.587890625, 6.38671875, 0.143310546875, 0.36376953125, 6.25, 7.55859375, 0.33447265625, 5.2421875, 2.521484375, 7.62890625, 1.2861328125, 0.61572265625, 4.49609375, 8.296875, 0.76318359375, 0.1383056640625, 12.1640625, 0.52099609375, 0.322021484375, 2.787109375, 3.451171875, 5.0078125, 4.796875, 3.208984375, 0.1575927734375, 2.748046875, 5.54296875, 5.6875, 4.48828125, 0.86181640625, 0.045379638671875, 7.26171875, 2.146484375, 4.3359375, 4.0078125, 3.544921875, 9.7421875, 0.052520751953125, 6.28515625, 4.10546875, 0.5322265625, 2.447265625, 3.07421875, 1.5029296875, 3.98046875, 1.287109375, 1.744140625, 4.7109375, 0.68310546875, 6.15234375, 0.2415771484375, 0.5283203125, 3.494140625, 8.6953125, 2.51953125, 1.8974609375, 9.765625, 8.1484375, 10.53125, 0.72509765625, 7.89453125, 8.875, 2.76953125, 3.912109375, 3.111328125, 1.185546875, 4.17578125, 1.09375, 0.470458984375, 12.4375, 5.28515625, 3.458984375, 10.7578125, 10.0, 5.71875, 3.708984375, 1.3525390625, 2.19921875, 2.005859375, 4.5859375, 5.25390625, 0.37158203125, 4.6640625, 0.11358642578125, 3.17578125, 8.859375, 3.673828125, 2.09375, 10.984375, 1.869140625, 3.841796875, 8.7890625, 3.208984375, 2.693359375, 4.79296875, 4.80078125, 8.6328125, 4.71484375, 2.248046875, 4.0859375, 2.8671875, 4.48046875, 0.13232421875, 1.18359375, 1.78125, 0.43017578125, 2.017578125, 6.38671875, 1.0849609375, 7.3046875, 0.035980224609375, 0.37841796875, 10.578125, 5.484375, 4.65625, 6.25, 6.796875, 7.1015625, 6.39453125, 1.8056640625, 7.17578125, 1.859375, 4.1875, 2.830078125, 6.34765625, 5.1328125, 2.1015625, 8.2421875, 0.0172576904296875, 6.73046875, 8.78125, 0.00797271728515625, 2.37890625, 8.4609375, 7.7109375, 4.22265625, 2.09375, 4.11328125, 2.365234375, 4.01953125, 0.6240234375, 1.8818359375, 7.33203125, 2.990234375, 4.94140625, 3.431640625, 7.359375, 8.2109375, 0.003437042236328125, 3.279296875, 0.354736328125, 2.39453125, 1.3935546875, 11.375, 0.658203125, 2.576171875, 0.0792236328125, 1.2177734375, 1.828125, 8.703125, 8.7734375, 1.439453125, 0.2437744140625, 5.1796875, 5.796875, 0.02069091796875, 0.94384765625, 7.84375, 6.2578125, 6.33203125, 5.890625, 6.02734375, 5.27734375, 0.10198974609375, 1.7021484375, 3.94140625, 4.18359375, 0.466796875, 0.548828125, 1.458984375, 1.9130859375, 1.896484375, 3.01953125, 0.07073974609375, 2.951171875, 4.58203125, 0.9873046875, 1.833984375, 4.54296875, 0.50537109375, 10.4453125, 4.73046875, 5.01953125, 2.84765625, 4.34375, 4.66796875, 4.93359375, 1.1435546875, 2.451171875, 4.0703125, 4.109375, 0.85009765625, 0.59521484375, 3.169921875, 5.984375, 1.5615234375, 1.64453125, 0.01316070556640625, 0.00537872314453125, 0.08526611328125, 0.61669921875, 2.93359375, 0.185546875, 9.171875, 5.0546875, 3.912109375, 0.040435791015625, 0.287353515625, 0.004825592041015625, 0.4716796875, 0.142333984375, 2.26171875, 0.01110076904296875, 4.04296875, 10.03125, 0.26953125, 0.0030345916748046875, 0.02386474609375, 0.001750946044921875, 0.267822265625, 0.037628173828125, 2.275390625, 0.0177154541015625, 5.1640625, 4.46484375, 6.05859375, 0.32861328125, 0.0081024169921875, 0.0227813720703125, 0.0012531280517578125, 0.459716796875, 0.0175933837890625, 2.46875, 0.00885772705078125, 10.2421875, 2.181640625, 3.359375, 1.015625, 0.0287017822265625, 0.009246826171875, 0.0007920265197753906, 2.265625, 0.002674102783203125, 0.0285186767578125, 0.006519317626953125, 0.01393890380859375, 4.95703125, 3.14453125, 3.12109375, 3.9453125, 0.30810546875, 0.0005593299865722656, 0.0243682861328125, 0.001270294189453125, 0.55322265625, 0.0006203651428222656, 0.88330078125, 5.328125, 0.322265625, 5.28515625, 0.541015625, 7.453125, 0.12109375, 0.368896484375, 1.5048828125, 0.07281494140625, 0.8310546875, 2.26171875, 0.314453125, 9.015625, 5.4296875, 3.203125, 11.5, 2.87109375, 8.125, 8.8671875, 1.0302734375, 1.923828125, 0.0013456344604492188, 0.0008974075317382812, 0.0262451171875, 0.0005578994750976562, 0.62890625, 0.381103515625, 0.0011816024780273438, 0.0005011558532714844, 0.0006699562072753906, 7.515625, 0.43994140625, 10.3515625, 0.358642578125, 3.17578125, 1.29296875, 4.3984375, 0.389404296875, 1.404296875, 0.611328125, 1.8857421875, 0.001285552978515625, 8.654594421386719e-05, 6.48828125, 0.034088134765625]",-1.069711755049553
144,0,test,3.2572678932776817,1.4477115822633928,1.9962863437378473,5.822924110585445,2.5880323491146955,3.568703669284782,25.978464160673525,19.87072726530422,22.44958059864856,46.44095305435473,35.522327508523304,40.13246942635119,3.42988112823448,1.5090719704255593,2.096461587147783,6.1314998251315025,2.6977245498703497,3.747784070175147,30.872972606782557,24.0464926721149,27.07897765441592,55.19072500253595,42.987223201520486,48.40830936851066,3.2572678932776817,1.4477115822633928,1.9962863437378473,5.822924110585445,2.5880323491146955,3.568703669284782,25.978464160673525,19.87072726530422,22.44958059864856,46.44095305435473,35.522327508523304,40.13246942635119,0.7688442211055276,0.013844221105527632,0.008844221105527628,0.6130653266331658,-0.001934673366834172,-0.001934673366834172,0.4974874371859297,-0.007512562814070312,0.0024874371859296973,0.42692307692307696,0.11214380628967968,0.17756246311233526,0.39768339768339767,0.42713567839195976,0.10132114205110765,0.17004051979429702,0.40909090909090906,0.42692307692307696,0.11214380628967968,0.17756246311233526,0.39768339768339767,23.0,8.0,8.0,37.0,12.0,12.0,49.0,14.0,15.0,-0.0002708784130854153,-0.0003393143848209387,-6.875670281040986e-05,0.004789544611566221,0.00541178442327972,0.004091828537344355,"[3.0625, 9.453125, 2.48046875, 1.494140625, 0.81689453125, 1.9716796875, 1.146484375, 4.78515625, 0.0206756591796875, 7.4375, 6.89453125, 4.0859375, 7.734375, 0.318115234375, 7.66015625, 4.89453125, 0.08612060546875, 1.6708984375, 6.92578125, 0.1092529296875, 4.46875, 2.609375, 1.359375, 7.9453125, 2.328125, 2.775390625, 5.921875, 3.41796875, 3.591796875, 1.458984375, 3.212890625, 4.4453125, 5.41796875, 3.240234375, 8.09375, 0.405029296875, 1.029296875, 1.087890625, 2.109375, 5.2578125, 0.72314453125, 3.646484375, 3.619140625, 0.2095947265625, 5.375, 10.2734375, 6.109375, 9.4921875, 3.103515625, 5.63671875, 1.3408203125, 5.46484375, 3.36328125, 1.2109375, 4.05859375, 9.8671875, 0.74267578125, 3.755859375, 5.22265625, 0.90576171875, 0.79736328125, 9.0078125, 7.84375, 1.2919921875, 7.28515625, 0.018310546875, 0.3681640625, 4.0390625, 3.42578125, 2.31640625, 2.154296875, 1.3583984375, 2.021484375, 0.58203125, 0.71923828125, 5.8671875, 1.5263671875, 6.27734375, 3.51953125, 0.427734375, 4.328125, 0.9423828125, 1.7431640625, 0.1654052734375, 5.70703125, 0.6240234375, 2.662109375, 0.0345458984375, 9.2734375, 5.0390625, 0.370361328125, 0.4814453125, 3.609375, 2.82421875, 0.55615234375, 1.3203125, 0.6015625, 7.33203125, 5.390625, 0.333984375, 2.591796875, 5.6015625, 0.5654296875, 0.58203125, 0.03948974609375, 4.421875, 1.99609375, 8.3515625, 1.7802734375, 4.62890625, 4.328125, 0.81591796875, 4.67578125, 1.3876953125, 11.7421875, 3.193359375, 2.87109375, 4.84375, 0.36669921875, 2.328125, 5.5234375, 0.248046875, 5.63671875, 1.8271484375, 1.3642578125, 7.5546875, 7.09765625, 4.41796875, 3.326171875, 5.5078125, 4.49609375, 4.73828125, 1.5419921875, 0.6162109375, 1.2490234375, 9.03125, 7.34375, 5.20703125, 1.9931640625, 4.609375, 6.58984375, 1.0224609375, 2.333984375, 1.541015625, 5.33203125, 7.0078125, 4.95703125, 3.12890625, 2.404296875, 3.611328125, 1.0322265625, 3.8828125, 0.086669921875, 3.3125, 8.2421875, 2.642578125, 3.57421875, 0.1064453125, 1.376953125, 1.1474609375, 0.3388671875, 10.3515625, 1.572265625, 2.837890625, 0.13232421875, 3.76171875, 1.271484375, 6.375, 2.958984375, 0.0186920166015625, 2.947265625, 11.28125, 3.21875, 2.666015625, 2.8828125, 0.556640625, 1.439453125, 4.32421875, 3.615234375, 2.314453125, 2.28515625, 0.90185546875, 6.92578125, 3.587890625, 8.5, 5.3203125, 0.947265625, 7.26171875, 0.0020389556884765625, 0.1376953125, 0.00033402442932128906, 0.003662109375, 0.005878448486328125, 7.859375, 7.90625, 5.328125, 1.716796875, 0.1771240234375, 6.16015625, 4.1015625, 0.0855712890625, 7.83984375, 0.947265625, 4.90625, 8.4765625, 4.34765625, 0.447021484375, 0.61474609375, 0.853515625, 0.0004248619079589844, 0.6318359375, 2.841796875, 5.9375, 5.66796875, 2.23828125, 0.76708984375, 0.09393310546875, 7.7890625, 7.66015625, 0.00878143310546875, 6.046875, 0.76513671875, 1.98828125, 0.76953125, 1.791015625, 0.01152801513671875, 2.388671875, 3.87890625, 0.002674102783203125, 0.007274627685546875, 0.0031223297119140625, 0.0003094673156738281, 0.47021484375, 0.353515625, 0.0011920928955078125, 0.00014162063598632812, 0.0003788471221923828, 10.5703125, 2.166015625, 0.0234222412109375, 3.169921875, 5.59765625, 0.0277557373046875, 4.171875, 0.148193359375, 1.3466796875, 0.27880859375, 0.63525390625, 0.00399017333984375, 6.4453125, 1.9638671875, 0.7841796875, 6.27734375, 1.509765625, 5.58203125, 3.0, 5.2109375, 8.0234375, 2.818359375, 7.19921875]",-0.8267222037682167
459,0,test,3.3183180341472873,1.4694168937086078,2.0189973818065776,6.329384398466122,2.8027766676293817,3.851050561594028,27.613865897168587,21.261031084746826,23.947061111128935,52.67089235941416,40.55344818016525,45.67680174900519,3.7616900918471754,1.614114151741326,2.2833556215822757,7.175075545560353,3.0787732894325295,4.355289426351378,43.02107413709606,34.45700074862488,38.63543894822268,82.05871548372026,65.72353846496969,73.69352243827659,3.402862612220356,1.5192447306779018,2.076511622809667,6.490645352938827,2.8978186529597014,3.9607536509147354,30.049998534736176,23.472740926864063,26.28272707229555,57.31758979773752,44.77207991605553,50.13186830456373,0.7939698492462312,0.003969849246231116,-0.011030150753768786,0.6130653266331658,-0.0069346733668341765,-0.0069346733668341765,0.507537688442211,-0.0024623115577889765,0.007537688442211032,0.43181818181818177,0.1319802563724768,0.18451796583546043,0.39413680781758953,0.42713567839195976,0.10633367337942845,0.16503217254888802,0.4292929292929293,0.4381270903010034,0.12927901016744747,0.19007369764249393,0.3926174496644296,21.0,1.0,0.0,34.0,1.0,0.0,41.0,-1.0,2.0,-0.0011395061268376677,-0.00024835214356123996,-0.0003224756830113046,-0.00047149473440466494,-6.878410509703059e-05,7.1846786077856e-05,"[3.056640625, 9.4453125, 2.4296875, 1.0791015625, 0.80224609375, 3.9921875, 1.458984375, 8.0234375, 0.268310546875, 0.9912109375, 6.6015625, 6.16796875, 6.66796875, 4.234375, 2.91796875, 5.1328125, 1.0458984375, 2.19921875, 0.24609375, 7.05859375, 2.05078125, 1.033203125, 6.37109375, 4.609375, 7.03125, 1.09375, 0.619140625, 7.16796875, 2.466796875, 1.228515625, 6.4296875, 8.3984375, 2.65234375, 4.2265625, 0.51806640625, 9.3828125, 3.021484375, 3.544921875, 5.43359375, 3.5546875, 9.1484375, 5.1328125, 0.3623046875, 4.69921875, 2.43359375, 3.810546875, 0.1253662109375, 0.5126953125, 0.44384765625, 0.92333984375, 5.55078125, 4.9921875, 3.8515625, 5.13671875, 1.826171875, 1.9189453125, 1.2412109375, 12.71875, 7.87890625, 0.431884765625, 6.8828125, 2.001953125, 4.24609375, 2.83203125, 0.2447509765625, 1.302734375, 9.3203125, 6.203125, 7.734375, 1.3388671875, 1.654296875, 4.75390625, 10.5234375, 1.111328125, 0.94580078125, 7.1328125, 0.006378173828125, 4.4765625, 0.37158203125, 5.18359375, 3.66796875, 5.62890625, 5.12109375, 1.69140625, 1.271484375, 4.55078125, 6.87109375, 0.282470703125, 5.078125, 0.189453125, 6.3203125, 4.65234375, 3.384765625, 0.86474609375, 6.59765625, 2.73828125, 1.7919921875, 3.720703125, 2.25390625, 5.640625, 5.0234375, 5.671875, 1.373046875, 1.0693359375, 2.669921875, 0.771484375, 6.21875, 2.8046875, 0.92041015625, 5.71484375, 9.6171875, 0.4033203125, 3.068359375, 0.62890625, 0.34033203125, 2.16796875, 1.861328125, 0.491943359375, 5.67578125, 3.72265625, 0.270751953125, 0.005069732666015625, 10.28125, 5.57421875, 1.3076171875, 9.296875, 5.9921875, 2.408203125, 0.99072265625, 9.0, 0.67529296875, 2.43359375, 3.978515625, 0.5341796875, 0.85205078125, 0.2445068359375, 6.3125, 7.49609375, 5.83984375, 1.283203125, 7.90234375, 9.21875, 0.17626953125, 0.00693511962890625, 1.04296875, 3.08984375, 1.40234375, 1.55859375, 4.7578125, 0.9501953125, 4.78515625, 1.4951171875, 0.8076171875, 11.9609375, 4.7421875, 11.5546875, 10.265625, 2.0078125, 1.0302734375, 2.337890625, 0.8623046875, 3.078125, 2.103515625, 8.90625, 0.66357421875, 5.72265625, 3.984375, 2.16796875, 0.40283203125, 0.7333984375, 1.162109375, 2.84765625, 1.009765625, 3.58984375, 2.15625, 3.796875, 4.30078125, 11.375, 5.05078125, 3.2734375, 7.71484375, 1.5576171875, 3.0703125, 6.03515625, 2.642578125, 2.73046875, 2.8515625, 3.44921875, 5.796875, 0.8564453125, 1.978515625, 5.83203125, 1.2529296875, 14.4921875, 3.7421875, 8.125, 5.296875, 2.603515625, 1.517578125, 2.80078125, 10.484375, 3.796875, 1.66015625, 4.19140625, 3.810546875, 3.849609375, 0.001567840576171875, 1.4658203125, 6.79296875, 3.79296875, 3.177734375, 3.447265625, 2.025390625, 3.44921875, 7.890625, 4.16796875, 11.578125, 6.8125, 7.05859375, 0.15673828125, 4.07421875, 10.34375, 0.309326171875, 0.0086822509765625, 0.003955841064453125, 5.32421875, 5.125, 1.5849609375, 4.68359375, 5.23828125, 2.6953125, 4.30078125, 0.0118408203125, 0.154296875, 0.0006341934204101562, 0.0027523040771484375, 0.0035114288330078125, 8.3984375, 7.82421875, 2.0859375, 0.1280517578125, 0.189697265625, 1.69921875, 3.720703125, 0.74560546875, 3.47265625, 0.278076171875, 4.47265625, 0.99658203125, 3.671875, 4.71484375, 0.259521484375, 0.0047149658203125, 0.79541015625, 0.3681640625, 2.23828125, 0.02886962890625, 3.5625, 8.109375, 2.4921875, 7.25390625, 0.0899658203125, 0.0027904510498046875, 1.451171875, 0.0002665519714355469, 3.6640625, 0.0006856918334960938, 0.212158203125, 3.208984375, 5.828125, 0.034515380859375, 0.343505859375, 12.953125, 3.90234375, 4.35546875, 0.0543212890625, 0.007293701171875, 0.3271484375, 3.736328125, 0.70751953125, 0.0006680488586425781, 0.006572723388671875, 3.1484375, 1.1123046875, 9.109375, 1.9931640625, 0.3515625, 0.055328369140625, 0.80810546875, 0.61376953125, 0.0086212158203125, 0.0109710693359375, 0.005229949951171875, 0.9248046875, 0.1953125, 0.0048370361328125, 0.0011205673217773438, 0.0006976127624511719, 6.40234375, 0.08935546875, 0.015838623046875, 0.055694580078125, 0.7685546875, 1.9794921875, 4.21484375, 1.5791015625, 0.10919189453125, 0.61181640625]",-1.4655984392413846
175,0,test,3.581116980726614,1.6792591148780427,2.2709416166143583,6.044319136781957,2.834305066910559,3.832964950793547,35.91363328785772,29.215305804742233,32.206809588794094,60.616132374743984,49.310489691601965,54.359641581086336,3.674381438212179,1.6776042383498828,2.2889928553170624,6.201733750209974,2.83151191552176,3.8634323854293275,39.42426297082857,32.0589819911041,35.42788444335459,66.5414808872715,54.11013362519686,59.796270568413306,3.6505356855615725,1.7192609258120342,2.3328814976886827,6.16148615711186,2.9018213509737505,3.9375089828713743,38.49528189343302,31.59698358135251,34.76063158777061,64.97351811642928,53.33035853148916,58.67006072221601,0.728643216080402,-0.006356783919598041,0.008643216080401972,0.5979899497487438,-0.0020100502512562235,0.002989949748743781,0.4974874371859297,-0.002512562814070307,-0.002512562814070307,0.4339622641509434,0.13411925002221503,0.1986066156153785,0.3943217665615142,0.42713567839195976,0.1088399390435888,0.178387765203312,0.38888888888888884,0.43143812709030105,0.13260674144756313,0.19673289905915536,0.3993288590604027,26.0,0.0,2.0,39.0,2.0,2.0,47.0,1.0,3.0,-0.0004908640883983568,2.6619450293506252e-05,-0.0001977771811155372,-0.0004320054688413677,-3.0048854599229458e-05,0.0001068923557658863,"[3.056640625, 9.4453125, 2.48046875, 1.80859375, 2.875, 1.4990234375, 3.623046875, 0.43505859375, 2.474609375, 0.2724609375, 8.875, 6.87109375, 1.3408203125, 11.7890625, 6.40234375, 6.5703125, 5.8125, 4.01953125, 7.625, 2.89453125, 1.9013671875, 0.68798828125, 9.40625, 1.009765625, 7.99609375, 0.548828125, 1.4970703125, 1.46875, 0.499755859375, 2.298828125, 5.875, 0.81591796875, 7.2890625, 5.52734375, 0.031585693359375, 1.4169921875, 6.2421875, 0.8359375, 3.58984375, 11.171875, 3.0546875, 3.8046875, 0.60498046875, 7.0390625, 7.765625, 5.421875, 0.027435302734375, 2.5859375, 7.01953125, 7.70703125, 1.4580078125, 4.01171875, 12.5625, 2.751953125, 4.5546875, 9.2578125, 8.296875, 0.38623046875, 3.642578125, 5.00390625, 1.80078125, 5.62109375, 7.671875, 3.833984375, 0.53662109375, 4.35546875, 0.1337890625, 4.2890625, 0.60546875, 3.291015625, 2.931640625, 9.25, 2.0625, 0.62841796875, 9.609375, 5.67578125, 2.75390625, 1.15625, 11.1796875, 1.2802734375, 11.109375, 4.20703125, 3.0234375, 4.97265625, 1.25, 0.234375, 4.76953125, 0.296630859375, 0.3583984375, 1.1259765625, 1.6923828125, 6.6328125, 8.1015625, 1.005859375, 1.0390625, 7.39453125, 5.359375, 0.70556640625, 2.462890625, 7.421875, 0.73388671875, 7.25390625, 3.9453125, 7.40234375, 8.9453125, 8.5859375, 0.69482421875, 3.595703125, 1.177734375, 0.087646484375, 0.413330078125, 7.875, 3.212890625, 5.171875, 0.428466796875, 7.953125, 3.580078125, 0.90869140625, 8.125, 3.60546875, 3.845703125, 9.453125, 0.0005779266357421875, 0.4404296875, 9.078125, 0.089599609375, 0.91796875, 6.8125, 3.640625, 0.74169921875, 0.163818359375, 3.509765625, 0.04827880859375, 4.7265625, 0.010223388671875, 7.1015625, 2.390625, 0.460693359375, 5.21875, 3.689453125, 2.599609375, 0.470458984375, 8.734375, 0.5478515625, 4.68359375, 6.62109375, 2.1796875, 12.3125, 0.2413330078125, 5.83203125, 1.953125, 4.1171875, 2.310546875, 9.625, 2.080078125, 5.42578125, 8.546875, 0.390869140625, 1.783203125, 1.794921875, 1.4921875, 3.2421875, 5.47265625, 5.171875, 5.73046875, 1.0498046875, 3.990234375, 5.72265625, 1.416015625, 2.2265625, 1.1083984375, 1.16796875, 2.048828125, 2.361328125, 7.8125, 0.2548828125, 0.7197265625, 0.10595703125, 0.36572265625, 5.26171875, 0.4990234375, 7.00390625, 0.360595703125, 0.07196044921875, 0.0200042724609375, 0.0077667236328125, 0.00806427001953125, 0.01308441162109375, 6.12890625, 3.2578125, 7.19921875, 5.28125, 1.9609375, 0.359130859375, 0.1900634765625, 3.94140625, 0.003814697265625, 2.130859375, 0.00933074951171875, 0.6220703125, 0.004192352294921875, 0.3330078125, 9.9609375, 2.173828125, 10.84375, 8.015625, 0.72314453125, 0.7841796875, 9.515625, 6.3046875, 0.7314453125, 1.46484375, 3.90234375, 0.1358642578125, 0.00199127197265625, 0.0533447265625, 0.0209808349609375, 8.9609375, 2.49609375, 0.103271484375, 1.673828125, 0.267578125, 0.0006012916564941406, 2.962890625, 0.76220703125, 0.06292724609375, 0.0058746337890625, 0.5419921875, 1.634765625, 0.5537109375, 0.0029964447021484375, 4.2734375, 2.65234375, 0.7841796875, 1.3603515625, 1.6435546875, 0.0182952880859375, 0.0015430450439453125, 0.712890625, 0.004474639892578125, 6.22265625, 10.0703125, 3.630859375, 8.2109375, 6.49609375, 7.2578125, 2.80078125, 4.08984375, 9.8671875, 5.29296875, 4.640625, 2.626953125, 0.063720703125, 3.341796875, 7.87109375, 1.3740234375, 7.859375, 4.33984375, 3.63671875, 8.2421875, 9.1953125, 1.248046875, 11.3125, 4.9375, 6.70703125, 1.34765625, 4.91796875, 7.34765625, 8.2109375, 3.91015625, 0.560546875, 6.80078125, 7.640625, 3.748046875, 3.4921875, 1.166015625, 12.09375, 0.027496337890625, 0.346923828125, 4.9375, 3.345703125, 8.2890625, 6.8515625, 0.7978515625, 7.55859375, 6.7890625, 3.431640625, 13.1328125, 0.697265625, 6.8203125, 0.6533203125, 0.058135986328125, 1.1044921875, 3.1953125, 0.007068634033203125, 0.7490234375, 0.0009593963623046875, 0.005878448486328125, 0.001087188720703125, 0.407470703125, 6.3046875, 0.236572265625, 3.84375, 0.91357421875, 7.60546875, 1.337890625, 4.921875, 0.056121826171875, 0.0014295578002929688, 2.40234375, 0.0027179718017578125, 1.013671875, 7.2734375, 0.020263671875, 7.328125, 2.470703125, 0.56005859375, 1.125]",-1.1616818245102025
190,0,test,3.755832655461074,1.6830543923378674,2.3240749982549636,6.3054124872704165,2.8255657681584636,3.9017317488951946,42.76981751030525,34.822946535437275,38.58376713910107,71.80334326547597,58.461881044894696,64.77566745980472,3.7644139390494957,1.632146482445071,2.3000319499143265,6.319819021761927,2.7400999340318712,3.861367507155439,43.13841670859235,34.704447903538664,38.81354711077696,72.42215943778278,58.26294173586783,65.16142945604892,3.755832655461074,1.6830543923378674,2.3240749982549636,6.3054124872704165,2.8255657681584636,3.9017317488951946,42.76981751030525,34.822946535437275,38.58376713910107,71.80334326547597,58.461881044894696,64.77566745980472,0.8291457286432161,0.004145728643216162,0.019145728643216064,0.6582914572864322,-0.011708542713567693,-0.01670854271356781,0.5376884422110553,-0.007311557788944656,-0.007311557788944656,0.46288209606986896,0.11865551654917184,0.18712012219468754,0.4385964912280702,0.4623115577889447,0.1064218334781678,0.1785052138824339,0.43434343434343436,0.46288209606986896,0.11865551654917184,0.18712012219468754,0.4385964912280702,18.0,-1.0,-1.0,32.0,1.0,2.0,38.0,-2.0,-1.0,-0.00012979276322676455,4.752167652560698e-05,-3.556033538028168e-05,-0.00010081200767153575,-3.1039502799146135e-06,2.9945133013242753e-05,"[3.0625, 9.453125, 2.48046875, 1.494140625, 9.8203125, 1.3662109375, 0.65771484375, 5.6015625, 0.138671875, 8.28125, 2.388671875, 7.375, 1.630859375, 6.36328125, 6.109375, 1.2080078125, 9.5859375, 1.6064453125, 11.1171875, 2.13671875, 4.171875, 0.331787109375, 0.83056640625, 5.70703125, 4.02734375, 4.890625, 5.59765625, 5.48828125, 4.015625, 0.2802734375, 0.57861328125, 6.14453125, 8.359375, 2.115234375, 7.91015625, 0.58056640625, 7.33984375, 5.5234375, 1.337890625, 3.703125, 1.4453125, 4.05078125, 2.5, 0.007190704345703125, 0.002559661865234375, 0.7099609375, 6.04296875, 1.0390625, 8.78125, 2.814453125, 5.07421875, 6.953125, 4.8359375, 0.185791015625, 1.7841796875, 1.01171875, 3.67578125, 2.244140625, 2.64453125, 7.6796875, 1.8955078125, 0.5517578125, 3.818359375, 0.5625, 3.9609375, 0.0687255859375, 2.73828125, 11.8515625, 5.109375, 4.7578125, 6.0390625, 4.3828125, 2.15234375, 0.08416748046875, 7.59375, 5.87890625, 2.55859375, 7.61328125, 1.2099609375, 5.05078125, 3.0234375, 2.220703125, 0.51318359375, 3.830078125, 3.365234375, 1.5908203125, 1.0712890625, 5.8125, 0.66064453125, 8.1171875, 4.48046875, 15.1484375, 3.033203125, 7.98828125, 6.97265625, 0.9326171875, 0.56396484375, 5.1171875, 3.484375, 6.56640625, 1.8271484375, 5.953125, 0.03485107421875, 5.734375, 2.80859375, 1.5078125, 1.62890625, 6.85546875, 0.281494140625, 5.01953125, 5.2421875, 1.501953125, 7.40234375, 2.083984375, 3.30859375, 6.62109375, 0.880859375, 5.1796875, 3.53515625, 6.08203125, 3.556640625, 4.1640625, 0.03851318359375, 6.7578125, 0.71826171875, 1.6015625, 3.091796875, 0.5849609375, 1.2373046875, 4.31640625, 5.4609375, 1.6416015625, 0.9580078125, 4.21484375, 4.921875, 4.51171875, 2.818359375, 0.101806640625, 6.83984375, 4.71875, 1.7685546875, 5.4296875, 0.2420654296875, 3.068359375, 1.4306640625, 0.90478515625, 0.359375, 0.08892822265625, 6.15234375, 6.4453125, 2.234375, 6.54296875, 1.6064453125, 3.2265625, 5.26171875, 4.171875, 3.2421875, 5.23828125, 0.421142578125, 4.14453125, 4.96484375, 2.2890625, 2.166015625, 5.8984375, 2.77734375, 5.48046875, 3.638671875, 1.44921875, 2.15234375, 8.25, 7.64453125, 3.16796875, 0.7265625, 2.69921875, 1.09765625, 5.87109375, 0.7314453125, 4.1640625, 4.3671875, 4.9453125, 2.103515625, 9.8359375, 2.53515625, 5.64453125, 5.953125, 4.37890625, 1.5146484375, 2.41796875, 1.71875, 2.240234375, 0.3203125, 6.86328125, 7.11328125, 8.2734375, 5.3046875, 1.2373046875, 1.6201171875, 2.626953125, 8.296875, 0.4521484375, 0.7470703125, 2.380859375, 9.7265625, 5.12109375, 1.150390625, 0.94287109375, 3.890625, 0.953125, 2.982421875, 6.7265625, 7.140625, 2.966796875, 1.271484375, 5.8671875, 9.3515625, 3.04296875, 0.76904296875, 6.48046875, 5.5859375, 5.41796875, 5.13671875, 5.3984375, 0.4140625, 0.3720703125, 4.7265625, 1.48828125, 3.361328125, 0.1004638671875, 7.25]",-0.5302157568619239
400,0,test,3.410464549064636,1.537649624008089,2.1244700354372688,6.153272017095455,2.774277893051632,3.8330385295455485,30.279307216525655,23.77272101900168,26.66104263461665,54.63091936949868,42.89152310835754,48.10272771642476,3.4252149327915515,1.507029752201584,2.112194731313889,6.179885143290577,2.719032515876932,3.810891023164213,30.7292488650088,23.920657977684783,27.011864841298177,55.44271885168255,43.158435822172024,48.73569265017291,3.474505938813838,1.5547214126177704,2.154573452038914,6.268817593309624,2.8050793740881472,3.887352101297724,32.28187537437706,25.46238648462052,28.538706719035062,58.24401853260623,45.94007296960634,51.4904708528622,0.6733668341708543,-0.016633165829145646,-0.016633165829145646,0.5527638190954773,0.0027638190954772934,-0.0022361809045226,0.46733668341708545,-0.01266331658291453,-0.002663316582914521,0.41764705882352937,0.11955601623909473,0.1632439277080695,0.36283185840707965,0.4120603015075377,0.11381468747244994,0.16164293923708695,0.3282828282828283,0.43143812709030105,0.12592894512035113,0.17782299917039002,0.37248322147651003,25.0,11.0,11.0,35.0,7.0,6.0,43.0,7.0,7.0,-0.0010471444023728075,4.622786799212234e-05,-0.00033435419304731607,-0.00034512908460637703,5.516869649557776e-05,-0.0001678595039624753,"[3.056640625, 9.4453125, 2.4296875, 1.0791015625, 0.80224609375, 2.9921875, 1.1474609375, 6.875, 3.20703125, 8.6953125, 0.94580078125, 0.8466796875, 7.66796875, 6.58984375, 2.48046875, 4.91796875, 2.373046875, 10.1484375, 8.046875, 10.34375, 1.455078125, 1.6064453125, 3.80078125, 8.7578125, 1.7685546875, 4.203125, 0.28369140625, 6.2265625, 6.4375, 0.4970703125, 13.8671875, 0.43798828125, 5.09765625, 3.47265625, 3.048828125, 7.20703125, 4.0625, 6.57421875, 4.2109375, 4.16015625, 5.48828125, 4.6640625, 8.578125, 0.9736328125, 4.03515625, 0.93994140625, 1.40234375, 3.9609375, 4.19921875, 1.763671875, 7.12109375, 11.359375, 8.8828125, 9.1015625, 1.59375, 3.0703125, 3.123046875, 0.09637451171875, 6.8828125, 3.123046875, 4.35546875, 8.2421875, 9.1015625, 0.078857421875, 2.833984375, 4.046875, 1.142578125, 4.26171875, 2.162109375, 3.865234375, 2.169921875, 7.9765625, 6.35546875, 0.1981201171875, 0.270263671875, 1.90625, 1.6318359375, 5.1640625, 3.88671875, 3.58984375, 0.939453125, 1.4072265625, 4.91796875, 4.3828125, 0.170654296875, 0.560546875, 10.6015625, 1.7734375, 0.55712890625, 1.6513671875, 0.3974609375, 7.0859375, 0.417724609375, 3.88671875, 4.234375, 6.1171875, 5.73828125, 13.3984375, 0.65087890625, 1.7802734375, 0.74462890625, 4.37109375, 1.4072265625, 6.91796875, 0.85302734375, 0.8486328125, 11.3515625, 1.7646484375, 5.515625, 0.0166778564453125, 6.19140625, 0.1998291015625, 8.2265625, 0.53662109375, 1.0908203125, 7.828125, 4.24609375, 3.64453125, 5.01953125, 1.7255859375, 2.818359375, 4.953125, 0.03985595703125, 8.796875, 8.3828125, 8.9765625, 0.8173828125, 7.8046875, 0.9677734375, 0.309326171875, 3.66015625, 6.66796875, 7.94140625, 0.416015625, 3.466796875, 1.0078125, 0.0011281967163085938, 10.15625, 1.458984375, 3.39453125, 2.6875, 0.00261688232421875, 0.07269287109375, 0.0007834434509277344, 0.00290679931640625, 0.00339508056640625, 0.4453125, 5.0703125, 1.69921875, 4.69921875, 0.1260986328125, 9.796875, 4.953125, 1.7158203125, 0.9345703125, 0.004638671875, 0.189453125, 0.3076171875, 2.791015625, 0.0237579345703125, 3.0390625, 0.047515869140625, 3.33203125, 7.26171875, 1.8359375, 2.984375, 0.06451416015625, 0.0017299652099609375, 0.3740234375, 0.071533203125, 2.732421875, 0.01430511474609375, 2.443359375, 0.0262908935546875, 2.08203125, 2.84765625, 0.01052093505859375, 0.01227569580078125, 0.022003173828125, 0.0008673667907714844, 0.4248046875, 0.0153961181640625, 9.7578125, 0.01641845703125, 3.1875, 0.08233642578125, 8.4921875, 6.51171875, 5.6640625, 0.09063720703125, 0.0013275146484375, 0.890625, 0.01331329345703125, 3.564453125, 0.030487060546875, 3.03515625, 0.0265960693359375, 7.30078125, 1.4345703125, 0.487548828125, 0.00981903076171875, 0.0006365776062011719, 1.451171875, 0.0003681182861328125, 5.50390625, 0.03472900390625, 0.2293701171875, 0.94140625, 0.67138671875, 4.57421875, 4.50390625, 0.8671875, 10.109375, 2.2421875, 7.93359375, 1.46875, 2.384765625, 5.42578125, 1.970703125, 0.71533203125, 0.0012063980102539062, 0.004032135009765625, 0.0003662109375, 5.48828125, 0.63037109375, 2.568359375, 3.546875, 5.87890625, 11.515625, 1.7353515625, 7.9296875, 6.0390625, 3.033203125, 1.2666015625, 7.40625, 4.00390625, 1.734375, 4.71484375, 2.34375, 1.029296875, 3.78515625, 5.35546875, 6.37109375, 5.45703125, 5.1484375, 3.125, 8.15625, 4.796875, 1.970703125, 5.296875, 7.390625, 3.05859375, 5.47265625, 7.7421875, 9.546875, 0.81787109375, 0.8359375, 1.8701171875, 2.984375, 0.0926513671875, 4.62890625, 3.974609375, 7.28125, 9.078125, 2.326171875, 4.140625, 1.34375, 3.79296875, 1.7275390625, 7.23828125, 5.21484375, 3.205078125, 16.359375, 1.0224609375, 2.126953125, 3.537109375, 4.3359375, 2.220703125, 4.70703125, 1.6787109375, 1.560546875, 5.27734375, 3.6875, 0.041900634765625, 2.423828125, 8.7734375, 4.96875, 0.3408203125, 6.64453125, 0.375244140625, 0.0078582763671875, 4.875, 9.375, 6.296875, 0.444091796875, 0.4677734375, 1.029296875, 0.01030731201171875, 0.9560546875, 0.11920166015625, 0.77587890625, 1.171875, 1.4453125, 2.85546875, 0.79541015625, 4.23046875, 1.6796875, 4.953125, 2.966796875, 5.1875, 7.2890625, 2.75, 2.203125, 0.0220184326171875, 3.802734375, 0.10260009765625, 5.37890625, 7.4453125, 2.92578125, 3.017578125, 0.0006551742553710938, 0.69091796875, 0.0325927734375, 2.041015625, 0.06182861328125, 0.03692626953125, 7.7890625, 12.8125, 1.1435546875, 1.6455078125, 0.0027790069580078125, 0.08441162109375, 0.0031719207763671875, 0.1490478515625, 0.0254974365234375, 0.01079559326171875, 13.46875, 1.0849609375, 10.671875, 2.171875]",-1.164190983772278
164,0,test,3.528043661362086,1.6253018805316048,2.1769194551155673,6.303915577662203,2.9040927002392123,3.8897241025415203,34.05727483653103,27.353023983907615,30.195510325459527,60.85360782974072,48.87443879358111,53.95339916021194,4.128028074101587,1.831363577091793,2.5479445184119482,7.375968944587607,3.272284158052341,4.552672438989878,62.05543348796401,52.11446452590671,57.200072000597565,110.88077455717426,93.11823103106173,102.20520479294589,3.670018396648675,1.6820582658265937,2.3021938723059927,6.557596322945855,3.0055051247256896,4.113564685541672,39.25262797046862,31.952001730134253,35.325829228982485,70.13667535840078,57.091901568564744,63.12026339391793,0.7487437185929648,-0.016256281407035167,0.003743718592964851,0.6180904522613065,-0.016909547738693465,-0.0019095477386934512,0.542713567839196,-0.0022864321608039306,-0.007286432160804046,0.4245014245014245,0.11866927656401338,0.19185235314267568,0.3628571428571429,0.4522613065326633,0.1289530358559715,0.20184394426221253,0.398989898989899,0.4247491638795987,0.13259557456407278,0.18893158879617267,0.3657718120805369,28.0,2.0,1.0,38.0,-2.0,-2.0,47.0,3.0,0.0,-0.0015314062992093074,-0.00047865191226513303,-0.0007673641645652258,0.00203212470123848,0.00358969169412493,0.0032446708559170645,"[3.056640625, 9.4453125, 2.4296875, 1.0791015625, 13.8046875, 3.5078125, 12.5078125, 5.6953125, 1.2900390625, 8.9140625, 0.533203125, 5.81640625, 4.0078125, 2.966796875, 0.2607421875, 0.79638671875, 4.26171875, 8.3359375, 1.18359375, 1.1953125, 10.1328125, 5.16796875, 9.21875, 2.720703125, 1.9296875, 8.2578125, 7.54296875, 0.230712890625, 7.21875, 6.4453125, 3.501953125, 5.30859375, 1.9306640625, 7.8671875, 7.5703125, 0.10247802734375, 0.81884765625, 2.298828125, 5.53515625, 6.59375, 1.00390625, 7.62109375, 0.11932373046875, 7.58984375, 4.67578125, 3.6328125, 4.40625, 5.90625, 7.40234375, 7.86328125, 11.34375, 7.32421875, 2.744140625, 7.77734375, 0.0994873046875, 6.05078125, 10.453125, 3.66796875, 3.650390625, 5.2578125, 0.318115234375, 4.4453125, 7.05859375, 5.88671875, 8.109375, 10.6171875, 1.720703125, 6.59765625, 0.1392822265625, 9.5625, 1.91015625, 10.3984375, 1.310546875, 11.1640625, 3.0, 6.85546875, 1.2666015625, 8.703125, 4.42578125, 2.251953125, 4.44140625, 0.38037109375, 2.41796875, 0.13330078125, 3.474609375, 0.491943359375, 7.66015625, 0.037872314453125, 4.61328125, 1.7470703125, 0.80712890625, 1.689453125, 1.875, 9.7890625, 8.8984375, 2.0, 3.1640625, 0.033721923828125, 3.625, 2.572265625, 5.03515625, 1.2998046875, 3.759765625, 5.1484375, 3.998046875, 0.482177734375, 8.6875, 0.3310546875, 0.87841796875, 5.66015625, 0.03302001953125, 8.75, 0.07470703125, 5.9609375, 0.424560546875, 7.90625, 0.55810546875, 0.115966796875, 5.8828125, 6.41796875, 8.234375, 1.15625, 9.390625, 0.08013916015625, 1.8984375, 7.6171875, 4.20703125, 0.3740234375, 8.8046875, 0.427734375, 4.05859375, 1.4072265625, 3.07421875, 0.7861328125, 2.541015625, 8.1640625, 11.4609375, 7.078125, 3.138671875, 7.65234375, 0.257568359375, 4.28125, 0.19775390625, 7.890625, 1.267578125, 0.67578125, 3.55078125, 12.0859375, 8.9296875, 6.546875, 0.489501953125, 1.9375, 0.052154541015625, 5.3125, 0.66552734375, 6.88671875, 0.0545654296875, 5.0390625, 6.4765625, 5.23828125, 0.50244140625, 1.1416015625, 0.01152801513671875, 1.46875, 2.28515625, 4.6015625, 3.888671875, 0.70068359375, 5.56640625, 1.345703125, 2.501953125, 1.43359375, 0.9736328125, 2.2421875, 0.028839111328125, 10.1796875, 0.0970458984375, 9.203125, 1.193359375, 8.6015625, 0.0299072265625, 0.07366943359375, 7.19921875, 2.322265625, 0.007274627685546875, 0.1365966796875, 0.0006704330444335938, 0.0033245086669921875, 0.00240325927734375, 1.71875, 0.004398345947265625, 0.01120758056640625, 9.234375, 6.921875, 8.640625, 5.25390625, 6.73828125, 4.0, 6.6015625, 3.68359375, 4.80859375, 1.341796875, 1.029296875, 10.265625, 4.14453125, 7.86328125, 2.650390625, 1.1845703125, 0.0804443359375, 13.9921875, 1.595703125, 7.99609375, 4.33984375, 3.0, 9.3203125, 1.923828125, 0.0465087890625, 3.158203125, 6.0703125, 2.6171875, 5.42578125, 0.005184173583984375, 0.003482818603515625, 4.484375, 3.248046875, 0.83544921875, 2.65625, 0.1923828125, 4.42578125, 0.371826171875, 1.2568359375, 6.8984375, 0.09503173828125, 0.037078857421875, 0.4130859375, 4.30859375, 0.00295257568359375, 0.010955810546875, 5.32421875, 1.224609375, 0.64013671875, 1.6298828125, 4.6796875, 0.004924774169921875, 0.040069580078125, 4.6640625, 1.931640625, 0.0185394287109375, 0.0653076171875, 9.359375, 5.25, 0.25537109375, 1.603515625, 0.0321044921875, 0.1544189453125, 0.1143798828125, 0.1279296875, 1.8193359375, 0.00981903076171875, 0.01317596435546875, 13.109375, 0.0001323223114013672, 0.0079193115234375, 5.23046875, 1.58984375, 1.6630859375, 5.65234375, 5.484375, 6.30859375, 3.076171875, 1.2666015625, 0.2587890625, 0.001430511474609375, 0.04461669921875, 5.13671875, 0.0084686279296875, 4.2890625, 0.048797607421875, 0.03167724609375, 11.1953125, 13.1015625, 0.1019287109375, 0.66064453125, 0.0005917549133300781, 0.00212860107421875, 0.64501953125, 0.0012149810791015625, 0.013702392578125, 4.3515625, 0.013946533203125, 8.9296875, 0.1949462890625, 0.92431640625, 7.12890625, 3.853515625, 3.021484375, 1.2080078125, 2.42578125, 0.0032196044921875, 0.4404296875, 1.7841796875, 0.00836944580078125, 0.0146026611328125, 2.5546875, 0.021453857421875, 5.421875, 11.234375, 0.10162353515625, 1.6044921875, 0.00531005859375, 8.0234375, 10.140625, 0.354736328125, 1.3486328125, 0.00469970703125, 0.0203704833984375, 0.51171875, 0.0201416015625, 0.01509857177734375, 3.646484375, 0.091796875, 3.28515625, 3.396484375, 0.62109375, 5.04296875, 2.314453125, 7.46875, 2.6015625, 6.73046875, 5.03515625, 2.802734375, 2.1015625, 0.00043129920959472656, 0.264404296875, 5.21875, 2.275390625, 0.342529296875, 2.150390625, 4.625, 0.009765625, 3.0234375, 0.56884765625, 0.047149658203125, 10.046875, 6.05859375, 1.603515625, 6.72265625, 4.05859375, 0.022705078125, 1.177734375, 2.298828125]",-1.186351384872045
487,0,test,3.4901667741628795,1.5993928106007507,2.1945669992266037,6.849124271101591,3.1386580719307964,4.30663147968529,32.79141601118812,26.166922196904267,29.138229604351462,64.35007202195564,51.350125514225674,57.181037043125805,3.5826872389520235,1.633311672268706,2.2564652697805854,7.030686987717881,3.20522065009122,4.428101018140849,35.97007126543493,28.945771261526417,32.203285825905645,70.58788421262044,56.80335563352177,63.19592180873213,3.4901667741628795,1.5993928106007507,2.1945669992266037,6.849124271101591,3.1386580719307964,4.30663147968529,32.79141601118812,26.166922196904267,29.138229604351462,64.35007202195564,51.350125514225674,57.181037043125805,0.7437185929648241,-0.006281407035175879,0.008718592964824134,0.5879396984924623,0.0029396984924623393,0.007939698492462233,0.4723618090452262,-0.007638190954773805,0.007361809045226209,0.4192307692307692,0.10637088439391695,0.17370647255557736,0.39768339768339767,0.40703517587939697,0.10127076485182807,0.16329560993615821,0.40909090909090906,0.4192307692307692,0.10637088439391695,0.17370647255557736,0.39768339768339767,26.0,13.0,13.0,40.0,15.0,14.0,49.0,16.0,17.0,-0.00038592894606015573,-0.0001497189958941129,-0.00020844468648347427,0.00011401557000390028,0.0001672912548489336,-9.637194842149199e-05,"[3.0625, 9.453125, 2.48046875, 1.494140625, 2.81640625, 0.35400390625, 0.64501953125, 0.364013671875, 11.203125, 6.4921875, 8.7109375, 3.59375, 2.689453125, 4.66015625, 0.18310546875, 5.1171875, 2.416015625, 6.5234375, 4.7421875, 8.171875, 2.546875, 0.239990234375, 3.1015625, 0.27197265625, 1.9482421875, 4.12109375, 1.6796875, 4.28125, 0.50146484375, 3.275390625, 1.244140625, 0.66845703125, 11.171875, 7.359375, 2.521484375, 4.234375, 0.06463623046875, 0.6767578125, 0.0843505859375, 0.146728515625, 8.015625, 2.0234375, 6.25, 5.98828125, 2.748046875, 9.9765625, 2.005859375, 0.45654296875, 5.20703125, 1.4287109375, 2.58984375, 2.2578125, 4.99609375, 1.77734375, 3.5234375, 0.001850128173828125, 11.6328125, 8.078125, 7.1015625, 0.1771240234375, 1.14453125, 0.58154296875, 1.04296875, 9.4375, 0.41748046875, 1.90625, 5.59375, 8.1015625, 0.292724609375, 1.8720703125, 2.05859375, 8.765625, 3.302734375, 0.6328125, 3.7734375, 0.40771484375, 0.69580078125, 0.0601806640625, 6.953125, 6.61328125, 3.140625, 0.87255859375, 6.87890625, 9.3203125, 6.23828125, 4.50390625, 11.1640625, 7.48046875, 8.5703125, 7.09375, 1.3408203125, 4.078125, 7.359375, 0.85107421875, 2.404296875, 7.68359375, 3.93359375, 1.6455078125, 3.439453125, 1.5068359375, 4.68359375, 1.763671875, 0.9482421875, 1.22265625, 0.7861328125, 0.11907958984375, 1.26171875, 4.453125, 8.46875, 8.5, 2.34375, 3.05078125, 1.4169921875, 0.615234375, 3.3515625, 0.05859375, 5.2890625, 3.3671875, 6.7109375, 10.671875, 5.19140625, 1.525390625, 3.505859375, 2.984375, 1.4267578125, 3.498046875, 1.390625, 5.703125, 0.0136566162109375, 2.734375, 3.8359375, 2.1953125, 6.87890625, 0.833984375, 1.72265625, 0.12432861328125, 5.8359375, 4.75390625, 8.71875, 4.44140625, 6.359375, 2.91015625, 0.8232421875, 6.1953125, 0.387451171875, 2.916015625, 0.30615234375, 0.26806640625, 0.05242919921875, 8.140625, 0.00885772705078125, 0.23046875, 0.61181640625, 5.765625, 1.1337890625, 2.498046875, 6.22265625, 5.25, 0.34326171875, 1.001953125, 4.6484375, 1.478515625, 3.54296875, 1.7041015625, 5.59765625, 7.01171875, 5.34765625, 3.78125, 7.03515625, 0.220947265625, 0.2064208984375, 5.84765625, 7.61328125, 4.77734375, 1.34765625, 1.7451171875, 5.78515625, 0.040679931640625, 10.6015625, 6.37890625, 0.058563232421875, 9.0234375, 0.10418701171875, 0.81494140625, 0.3857421875, 7.46875, 0.467529296875, 7.15234375, 6.55859375, 7.02734375, 1.134765625, 1.171875, 2.81640625, 1.3486328125, 2.689453125, 1.546875, 0.373046875, 9.2265625, 2.853515625, 2.578125, 1.07421875, 2.837890625, 0.01605224609375, 1.48828125, 4.703125, 0.189208984375, 3.9765625, 0.68505859375, 0.00600433349609375, 4.72265625, 2.9140625, 2.056640625, 0.95703125, 7.97265625, 1.544921875, 5.32421875, 1.7548828125, 0.830078125, 0.13427734375, 0.274658203125, 8.4296875, 0.242431640625, 10.609375, 6.921875, 9.4140625, 3.7265625, 5.52734375, 5.4609375, 3.5, 3.619140625, 0.65966796875, 1.1513671875, 0.038482666015625, 3.322265625, 1.1376953125, 4.67578125, 7.3828125, 0.09906005859375, 1.1298828125, 4.4609375, 2.431640625, 0.0030498504638671875, 6.4140625, 7.44140625, 0.8427734375, 6.03125, 2.39453125, 7.83984375, 0.2078857421875, 3.4765625, 0.609375, 3.685546875, 2.80078125, 0.0513916015625, 2.083984375, 1.048828125, 9.125, 0.06524658203125, 1.6767578125, 2.197265625]",-0.9426025243905873
155,0,test,3.4562857679973376,1.5916274690320096,2.1862006767583075,5.4830083125821645,2.524937817364916,3.4681612830249593,31.69902007666326,25.245289813790745,28.13786450405963,50.28692713732444,40.04881054229631,44.63755468445061,3.7196941807042414,1.6956756390909233,2.306544900084501,5.900876108656467,2.689998526934816,3.6590738467309096,41.25177659010325,33.68309763540044,37.142901539941235,65.44130003560882,53.43444284568761,58.923032285875365,3.4613674516263218,1.599431796483017,2.19454983044404,5.491069831637568,2.537318504368346,3.4814062755211737,31.860514452174655,25.424331499753613,28.310975859369524,50.54311978538702,40.33284002316935,44.912176363293014,0.7587939698492463,-0.006206030150753716,-0.001206030150753712,0.6331658291457287,-0.011834170854271298,-0.0018341708542712887,0.507537688442211,-0.012462311557788985,-0.007462311557788981,0.42052980132450335,0.09986864429970999,0.1826443387694373,0.37209302325581395,0.4120603015075377,0.07872696817420433,0.15663459199167795,0.38888888888888884,0.4180602006688964,0.09919542604452247,0.18113027853319008,0.3691275167785235,25.0,16.0,16.0,39.0,21.0,21.0,47.0,22.0,22.0,-0.001447053798677879,-0.0002948691693892469,-0.000166516702717226,-0.0004951882937413998,-9.202525539642181e-05,5.081944426521545e-05,"[3.0625, 9.453125, 2.48046875, 1.494140625, 9.8203125, 1.0361328125, 9.3046875, 5.3671875, 1.068359375, 1.2724609375, 6.22265625, 0.6533203125, 7.39453125, 2.1796875, 6.9765625, 12.578125, 8.390625, 2.220703125, 4.26953125, 5.30078125, 8.34375, 7.8125, 5.203125, 4.1015625, 2.333984375, 1.2177734375, 2.82421875, 4.30859375, 0.004795074462890625, 0.00044989585876464844, 0.363037109375, 1.84375, 6.3359375, 6.12109375, 3.40234375, 6.28125, 8.0625, 0.289794921875, 3.603515625, 0.0880126953125, 3.83203125, 1.66796875, 5.1484375, 6.01171875, 0.609375, 3.580078125, 4.75, 8.78125, 1.369140625, 2.494140625, 3.22265625, 5.140625, 1.208984375, 6.63671875, 2.25390625, 0.58984375, 3.755859375, 3.173828125, 1.69921875, 4.9375, 3.599609375, 0.87255859375, 4.91015625, 0.29296875, 6.625, 2.994140625, 4.48828125, 0.04241943359375, 7.85546875, 6.6015625, 4.6171875, 0.0017061233520507812, 10.96875, 1.810546875, 8.015625, 4.3359375, 1.7470703125, 2.525390625, 2.154296875, 1.1279296875, 3.43359375, 4.21875, 7.9375, 6.76171875, 0.748046875, 8.765625, 0.004100799560546875, 2.50390625, 2.8125, 7.2734375, 3.0390625, 8.703125, 6.0625, 0.7021484375, 0.02191162109375, 3.033203125, 5.375, 2.783203125, 5.66796875, 7.015625, 0.8544921875, 2.77734375, 3.97265625, 2.330078125, 12.6328125, 5.35546875, 2.908203125, 9.9296875, 0.13916015625, 2.8125, 0.80224609375, 0.7763671875, 4.890625, 4.0234375, 2.91796875, 1.673828125, 3.265625, 4.59765625, 10.6953125, 0.154296875, 0.0005669593811035156, 7.77734375, 5.15234375, 0.7890625, 0.3359375, 9.4921875, 0.03619384765625, 8.15625, 1.8212890625, 0.1141357421875, 8.640625, 1.775390625, 2.21484375, 2.609375, 2.5390625, 0.3486328125, 0.1138916015625, 4.265625, 3.697265625, 3.447265625, 2.48828125, 1.068359375, 5.68359375, 0.364990234375, 2.58203125, 2.30078125, 7.08203125, 9.7578125, 0.3154296875, 0.0083770751953125, 0.0025959014892578125, 1.779296875, 2.18359375, 1.001953125, 3.533203125, 5.80859375, 4.74609375, 11.046875, 4.296875, 2.2578125, 1.9716796875, 4.3046875, 0.01050567626953125, 10.7734375, 3.140625, 8.6484375, 2.865234375, 6.74609375, 9.015625, 12.53125, 4.36328125, 11.1953125, 5.81640625, 3.3359375, 0.00731658935546875, 5.2890625, 1.3603515625, 5.9375, 9.6640625, 2.703125, 0.84033203125, 3.501953125, 0.00756072998046875, 0.0535888671875, 0.0009469985961914062, 0.005458831787109375, 0.0014142990112304688, 4.59765625, 0.00548553466796875, 1.1357421875, 1.2421875, 0.0011425018310546875, 1.1298828125, 0.007152557373046875, 0.0120391845703125, 0.0009555816650390625, 0.036651611328125, 4.30859375, 0.83203125, 0.0053558349609375, 0.003437042236328125, 0.0006437301635742188, 0.1605224609375, 0.0006756782531738281, 0.63232421875, 6.06640625, 1.06640625, 0.0230560302734375, 3.49609375, 8.5859375, 1.9052734375, 5.88671875, 4.203125, 8.4609375, 1.162109375, 0.1875, 3.275390625, 6.35546875, 0.11358642578125, 2.673828125, 5.07421875, 5.3671875, 5.9921875, 5.21875, 5.65625, 7.04296875, 0.0689697265625, 3.083984375, 5.69140625, 3.076171875, 0.0016317367553710938, 0.277099609375, 0.003139495849609375, 0.002349853515625, 0.0582275390625, 0.0022563934326171875, 7.65234375, 0.0716552734375, 1.201171875, 0.54541015625, 0.83056640625, 5.68359375, 6.29296875, 2.279296875, 0.244873046875, 3.373046875, 0.1031494140625, 5.5390625, 4.53515625, 4.640625, 8.3984375, 10.53125, 0.77783203125, 6.87109375, 2.658203125, 0.794921875, 9.6796875, 2.501953125, 0.08514404296875, 0.212646484375, 4.34375, 5.3125, 0.1607666015625, 0.393798828125, 1.390625, 0.00923919677734375, 0.0011224746704101562, 5.00390625, 5.5078125, 0.0240020751953125, 1.3193359375, 6.25390625, 0.00885772705078125, 1.822265625, 7.54296875, 2.078125, 3.361328125, 2.67578125, 0.0009975433349609375, 0.0005412101745605469, 0.057891845703125, 0.1318359375, 2.8359375, 6.1484375, 0.059906005859375, 3.3203125, 3.314453125, 0.168701171875, 0.5166015625, 0.042816162109375, 0.767578125, 1.7841796875, 5.9140625, 3.275390625, 5.33203125, 7.390625, 2.97265625, 10.15625, 4.21484375, 3.6640625, 0.00959014892578125, 5.17578125]",-1.3635355897297132
269,0,test,3.7361820843010074,1.726573445529826,2.3378092019353436,5.696752881013417,2.6325971347682495,3.5645803673073555,41.93757001761287,34.47717295186202,37.88896297296046,63.9444136902216,52.56915479788863,57.771290077583274,3.8141094631885166,1.7201798192707156,2.3695408627886523,5.815572844861698,2.622848437303863,3.6129632957371527,45.33636469881273,37.21961619091827,41.09634209465105,69.12673429323921,56.75070191486549,62.66174933243823,3.7338395505445856,1.7183896584432024,2.3368026858374367,5.693181096869962,2.620118885151021,3.5630456793956955,41.8394448198499,34.33534216144516,37.796243174043354,63.79479705204836,52.3528979491342,57.62991533467996,0.7437185929648241,-0.0012814070351758744,0.00371859296482413,0.6281407035175879,-0.0018592964824121205,0.003140703517587884,0.5226130653266332,-0.002386934673366814,-0.012386934673366712,0.4723127035830619,0.1503614840708668,0.22745896577157754,0.42156862745098034,0.4623115577889447,0.1314844901197718,0.200208051945873,0.398989898989899,0.47157190635451507,0.14936823356653506,0.22685555485284659,0.41946308724832215,26.0,0.0,0.0,38.0,0.0,1.0,46.0,0.0,1.0,-0.0008599303798340634,-0.00045282990870114316,-5.563331872059573e-07,0.004200085380603014,0.0041707955025822585,0.00425654271487641,"[3.0625, 9.453125, 2.48046875, 1.494140625, 6.81640625, 4.03125, 7.97265625, 1.94140625, 5.9609375, 2.87890625, 2.412109375, 6.68359375, 4.59375, 6.453125, 6.3046875, 3.314453125, 0.72802734375, 11.71875, 2.849609375, 1.8095703125, 9.6640625, 0.420654296875, 1.7412109375, 4.96484375, 0.12200927734375, 7.60546875, 8.4609375, 5.28515625, 9.8046875, 2.623046875, 3.822265625, 0.00884246826171875, 4.11328125, 4.63671875, 0.974609375, 5.71875, 4.44921875, 6.08203125, 0.810546875, 9.0546875, 0.78076171875, 6.13671875, 1.0546875, 6.63671875, 0.09368896484375, 1.306640625, 8.90625, 9.4765625, 2.970703125, 7.4296875, 0.299560546875, 3.234375, 1.61328125, 1.4208984375, 2.458984375, 7.953125, 5.25, 4.2421875, 2.71484375, 4.48046875, 6.86328125, 0.8125, 11.0078125, 4.953125, 8.671875, 6.5703125, 2.48046875, 1.6689453125, 3.833984375, 8.6640625, 3.203125, 8.5546875, 0.94873046875, 2.73046875, 4.1484375, 2.01953125, 0.86328125, 3.462890625, 0.892578125, 11.9765625, 3.634765625, 4.37109375, 3.830078125, 7.20703125, 1.6708984375, 1.630859375, 2.08203125, 0.248046875, 3.021484375, 4.2578125, 7.59375, 4.7578125, 4.98046875, 9.3515625, 0.10504150390625, 4.50390625, 3.078125, 2.3203125, 2.82421875, 3.462890625, 2.21484375, 0.0298004150390625, 5.92578125, 7.71875, 8.65625, 0.01027679443359375, 3.44140625, 1.76171875, 3.86328125, 0.5673828125, 1.234375, 0.2330322265625, 13.0625, 0.0004246234893798828, 5.28125, 4.89453125, 6.0546875, 6.64453125, 1.1513671875, 3.419921875, 10.1875, 6.828125, 5.921875, 0.07501220703125, 0.72412109375, 3.853515625, 4.62109375, 0.005096435546875, 6.65234375, 3.02734375, 2.681640625, 5.44921875, 1.2666015625, 4.9140625, 7.50390625, 6.96484375, 5.375, 0.39208984375, 5.19140625, 0.1961669921875, 7.44140625, 0.56396484375, 5.73046875, 2.005859375, 6.94140625, 4.00390625, 0.00293731689453125, 0.02777099609375, 0.0009202957153320312, 0.00244140625, 0.0027065277099609375, 0.74560546875, 6.9609375, 4.01953125, 6.671875, 2.419921875, 5.3671875, 6.75390625, 4.8515625, 1.5322265625, 0.004344940185546875, 1.75390625, 0.84619140625, 0.002712249755859375, 0.363037109375, 0.001949310302734375, 1.5986328125, 0.0016994476318359375, 0.01178741455078125, 0.0022106170654296875, 0.029510498046875, 2.181640625, 3.919921875, 10.09375, 2.486328125, 0.00040602684020996094, 0.027679443359375, 0.0009245872497558594, 0.395263671875, 0.0007390975952148438, 6.63671875, 7.1796875, 0.89599609375, 0.250244140625, 9.3046875, 0.2010498046875, 1.146484375, 8.734375, 0.748046875, 1.642578125, 10.15625, 5.203125, 0.28076171875, 3.76171875, 9.515625, 0.69580078125, 5.91015625, 4.1953125, 6.96875, 9.171875, 0.771484375, 7.46484375, 0.0018930435180664062, 0.0017299652099609375, 0.01053619384765625, 0.0013017654418945312, 1.0, 0.34912109375, 0.0018739700317382812, 0.0007419586181640625, 0.0006208419799804688, 6.8125, 3.986328125, 9.40625, 0.182861328125, 2.44921875, 1.3623046875, 5.0390625, 0.83447265625, 4.5859375, 0.07635498046875, 1.185546875, 9.1328125, 0.44384765625, 3.2421875, 6.9296875, 2.46875, 4.53125, 7.4375, 0.278564453125, 6.4453125, 0.453857421875, 0.0004000663757324219, 4.08984375, 6.1796875, 9.15625, 2.11328125, 0.346923828125, 4.2557716369628906e-05, 3.630859375, 9.3828125, 7.8046875, 2.228515625, 0.236328125, 0.00017058849334716797, 4.48828125, 5.859375, 9.0546875, 10.9921875, 1.3974609375, 0.421875, 0.00018930435180664062, 3.6171875, 5.44140625, 7.46875, 1.3583984375, 0.43798828125, 0.00041294097900390625, 3.591796875, 7.140625, 6.296875, 5.23828125, 0.137451171875, 0.0002142190933227539, 1.8798828125, 0.7216796875, 0.93701171875, 0.275146484375, 2.52734375, 3.93359375, 7.82421875, 6.2734375, 0.51318359375, 6.2890625, 0.304443359375, 6.94140625, 3.369140625, 5.53515625, 5.05859375, 0.7001953125, 6.4921875, 4.2265625, 0.62353515625, 5.13671875, 5.5546875, 0.74267578125, 0.085693359375, 7.51953125, 3.58203125, 6.43359375, 6.34375, 11.5390625, 4.5859375, 6.8671875, 5.14453125, 2.310546875, 4.21875, 4.125, 1.3935546875, 0.9619140625, 7.63671875, 0.027679443359375, 3.87890625, 6.06640625, 0.09442138671875, 8.3515625, 3.572265625]",-0.9595853183479184
439,0,test,3.81521222823196,1.7784541012343014,2.4136608872951713,5.9923713802121545,2.7933328003082236,3.7910217197190463,45.386387633701986,37.720670043638734,41.32489178687638,71.2862284029341,59.24605240549779,64.90703112177866,4.282462608874144,1.9649120620320324,2.7192812877825796,6.726259206329498,3.0861934017785733,4.27104506613677,72.41855918487698,62.267779215164104,67.64457449423534,113.74436741537744,97.80102278903493,106.24609798279356,3.81521222823196,1.7784541012343014,2.4136608872951713,5.9923713802121545,2.7933328003082236,3.7910217197190463,45.386387633701986,37.720670043638734,41.32489178687638,71.2862284029341,59.24605240549779,64.90703112177866,0.7537688442211055,-0.011231155778894553,-0.011231155778894553,0.6683417085427136,-0.006658291457286469,-0.006658291457286469,0.5879396984924623,0.007939698492462233,0.007939698492462233,0.45486111111111116,0.141169603312151,0.2112121503720812,0.38675958188153314,0.457286432160804,0.11142177050666868,0.20019127356314126,0.41414141414141414,0.45486111111111116,0.141169603312151,0.2112121503720812,0.38675958188153314,29.0,2.0,1.0,44.0,7.0,8.0,50.0,4.0,4.0,-0.0015253761756230688,-0.00031457089876233747,-0.00024017056754693325,0.0003080533820964959,-0.0001462546060908565,1.7556467044599344e-06,"[3.0625, 9.453125, 2.48046875, 1.494140625, 6.81640625, 3.2421875, 0.4365234375, 11.078125, 11.1796875, 0.8125, 9.3046875, 7.75390625, 10.1484375, 9.3828125, 0.03619384765625, 3.234375, 9.265625, 7.98046875, 5.3203125, 5.03125, 10.0390625, 2.119140625, 4.0546875, 4.87890625, 0.038330078125, 6.265625, 2.70703125, 3.30859375, 5.5, 3.63671875, 2.962890625, 0.96875, 8.078125, 8.8984375, 1.0341796875, 4.984375, 8.375, 2.525390625, 11.5703125, 3.3203125, 4.26953125, 2.0234375, 0.10394287109375, 5.4453125, 4.6171875, 12.0078125, 0.48486328125, 3.447265625, 3.869140625, 7.19921875, 0.16796875, 1.6689453125, 4.3125, 0.007232666015625, 4.453125, 5.2578125, 0.113037109375, 0.51416015625, 3.8515625, 7.5078125, 1.3515625, 0.65771484375, 2.142578125, 4.6796875, 0.10223388671875, 5.50390625, 1.8935546875, 4.94921875, 3.734375, 8.4765625, 1.9423828125, 3.015625, 6.1796875, 1.5419921875, 2.587890625, 3.1640625, 9.140625, 1.3857421875, 0.0638427734375, 0.99462890625, 6.16015625, 9.6640625, 6.30859375, 0.00844573974609375, 8.40625, 0.4189453125, 0.1536865234375, 8.234375, 0.05999755859375, 7.140625, 4.296875, 0.75341796875, 3.716796875, 3.650390625, 2.36328125, 1.759765625, 6.359375, 7.17578125, 6.71875, 5.05859375, 1.1171875, 1.5146484375, 8.8203125, 0.248291015625, 7.07421875, 3.970703125, 8.6484375, 6.4140625, 8.703125, 7.0703125, 0.001834869384765625, 5.02734375, 8.9609375, 2.53125, 6.87109375, 0.52880859375, 5.68359375, 0.677734375, 10.796875, 5.78515625, 0.4208984375, 10.1484375, 2.279296875, 3.888671875, 0.48828125, 8.171875, 7.828125, 0.4462890625, 6.87890625, 8.4375, 5.05859375, 1.458984375, 6.875, 0.08905029296875, 11.5078125, 5.640625, 8.359375, 5.828125, 2.912109375, 4.03125, 3.548828125, 9.0703125, 5.99609375, 7.42578125, 0.77392578125, 9.21875, 9.6796875, 0.50390625, 2.94140625, 4.6953125, 0.01959228515625, 8.2578125, 0.167236328125, 10.7734375, 1.2470703125, 9.171875, 2.36328125, 4.87890625, 5.79296875, 0.5361328125, 0.7041015625, 0.2198486328125, 3.4453125, 7.9296875, 0.35107421875, 3.111328125, 0.177978515625, 2.994140625, 9.4453125, 0.320068359375, 0.28125, 4.16796875, 5.4765625, 8.375, 1.970703125, 3.080078125, 0.00887298583984375, 0.0222320556640625, 0.759765625, 7.15234375, 0.8525390625, 4.25390625, 0.91796875, 7.5234375, 2.611328125, 0.346435546875, 0.8720703125, 6.0390625, 0.486083984375, 7.359375, 0.0082855224609375, 9.765625, 1.9716796875, 0.2353515625, 0.958984375, 6.77734375, 8.71875, 2.259765625, 1.4169921875, 0.58544921875, 4.8359375, 7.26953125, 2.3359375, 0.41357421875, 14.8828125, 3.404296875, 5.46484375, 9.0234375, 4.54296875, 0.73046875, 7.22265625, 0.78076171875, 1.3935546875, 5.4765625, 7.75390625, 4.80078125, 1.126953125, 1.328125, 1.755859375, 5.23046875, 11.015625, 6.3125, 0.057952880859375, 0.056976318359375, 0.0026874542236328125, 0.01073455810546875, 0.004161834716796875, 1.0849609375, 7.12890625, 3.380859375, 4.33203125, 1.7822265625, 1.748046875, 1.6904296875, 3.869140625, 1.8466796875, 7.35546875, 0.875, 4.0859375, 0.46923828125, 0.1375732421875, 4.4765625, 0.132080078125, 3.45703125, 1.7021484375, 0.450439453125, 0.03558349609375, 6.125, 7.10546875, 5.6640625, 2.919921875, 0.1275634765625, 4.41796875, 2.900390625, 4.07421875, 0.0005674362182617188, 1.2333984375, 0.0005960464477539062, 0.89501953125, 0.002330780029296875, 0.023651123046875, 0.0018253326416015625, 0.0130462646484375, 4.57421875, 0.64794921875, 4.3046875, 0.1043701171875, 0.01419830322265625, 0.0200347900390625, 0.0008664131164550781, 0.28369140625, 0.0014638900756835938, 5.60546875, 1.3671875, 4.07421875, 0.1829833984375, 2.5078125, 0.0134735107421875, 7.86328125, 4.15625, 0.0904541015625, 1.8056640625, 0.283935546875, 0.014923095703125, 0.0231170654296875, 0.0003681182861328125, 3.5703125, 6.26171875]",-1.2324867463774152
441,0,test,3.189134282725198,1.3861348904183757,1.9227536423034346,5.5685919858984025,2.420349523683899,3.357347033452111,24.267409630933507,18.199589660843806,20.71942177935543,42.37366344883208,31.77855811245784,36.17847222612839,3.752256362282451,1.6903047997069223,2.3220106945366985,6.551867326886974,2.9514648575193405,4.054495357817966,42.61713328819748,34.75583662603774,38.43740739855548,74.41437263275932,60.68765255427314,67.1160947840062,3.279524359814698,1.4542264998617744,1.9957793503584496,5.726423364028773,2.5392452355099375,3.4848582438901423,26.56313520011206,20.35849234158979,22.953000771636844,46.38226198154282,35.548248285573884,40.07855575151097,0.728643216080402,-0.001356783919598037,-0.001356783919598037,0.6231155778894473,-0.006884422110552735,-0.0018844221105527303,0.5125628140703518,-0.0024371859296482556,-0.0024371859296482556,0.43154761904761907,0.11802607372815399,0.18105256954266857,0.3611940298507462,0.4371859296482412,0.09884006498658704,0.17341297472336648,0.398989898989899,0.42140468227424754,0.10420935673167664,0.1733512896157381,0.35906040268456374,29.0,4.0,5.0,40.0,4.0,5.0,45.0,2.0,2.0,-0.0018376481706931012,-0.000168927034464231,-0.0009076522139781265,0.013665662333859352,0.010528660932160427,0.012386863162087813,"[3.056640625, 9.4453125, 2.4296875, 1.0791015625, 7.80078125, 7.60546875, 11.296875, 4.00390625, 8.59375, 10.5390625, 1.2998046875, 1.431640625, 7.6953125, 1.04296875, 2.65625, 8.8828125, 0.01959228515625, 7.05078125, 2.427734375, 3.640625, 0.015960693359375, 4.90234375, 8.109375, 0.2030029296875, 0.05230712890625, 7.64453125, 3.708984375, 1.7587890625, 8.96875, 4.484375, 1.455078125, 5.0859375, 9.3046875, 0.04248046875, 1.16015625, 5.84375, 0.91015625, 9.6875, 4.25390625, 3.3828125, 6.49609375, 1.9892578125, 0.6416015625, 8.9296875, 4.625, 9.5390625, 2.013671875, 4.73828125, 2.146484375, 10.1796875, 6.5, 5.7734375, 3.599609375, 5.39453125, 6.30859375, 4.2890625, 0.87841796875, 7.68359375, 0.061004638671875, 8.0390625, 0.11614990234375, 5.640625, 0.424072265625, 2.62109375, 2.734375, 5.4609375, 7.14453125, 0.6474609375, 1.5556640625, 1.7265625, 1.4921875, 0.350341796875, 0.171142578125, 3.2578125, 2.048828125, 3.134765625, 2.4453125, 7.3828125, 0.0105133056640625, 1.8623046875, 7.73828125, 7.80078125, 0.2208251953125, 5.6640625, 2.34765625, 0.042236328125, 2.2421875, 4.6015625, 7.78125, 7.76171875, 4.6015625, 2.310546875, 4.26953125, 0.8125, 6.04296875, 0.1563720703125, 4.109375, 11.921875, 3.2734375, 9.3203125, 1.34765625, 6.41015625, 9.0390625, 11.09375, 2.37109375, 4.4375, 2.158203125, 4.19140625, 9.015625, 1.1962890625, 2.890625, 4.69921875, 0.8681640625, 2.01171875, 0.0501708984375, 7.3046875, 3.298828125, 1.1767578125, 7.8671875, 2.384765625, 1.53125, 2.07421875, 3.287109375, 7.46484375, 6.54296875, 3.357421875, 1.7744140625, 1.5908203125, 6.25, 7.859375, 1.2255859375, 3.580078125, 2.771484375, 0.004840850830078125, 6.26171875, 0.023529052734375, 6.5234375, 7.05078125, 3.57421875, 7.296875, 1.837890625, 7.328125, 0.00931549072265625, 0.059417724609375, 0.0005440711975097656, 0.004322052001953125, 0.0009355545043945312, 1.140625, 4.85546875, 7.94921875, 0.69580078125, 7.984375, 4.79296875, 0.060272216796875, 1.748046875, 0.009185791015625, 0.93017578125, 0.0014858245849609375, 0.26220703125, 0.1639404296875, 3.884765625, 3.4140625, 2.279296875, 4.60546875, 6.421875, 9.484375, 5.0234375, 6.50390625, 0.068359375, 0.0026798248291015625, 0.06817626953125, 0.0007252693176269531, 0.265625, 0.0212554931640625, 6.296875, 2.466796875, 8.515625, 5.16796875, 0.03643798828125, 0.0070343017578125, 0.012054443359375, 0.0014467239379882812, 0.578125, 0.013702392578125, 3.314453125, 5.7421875, 3.373046875, 4.67578125, 4.390625, 6.8828125, 5.8203125, 0.07061767578125, 0.00341033935546875, 0.024078369140625, 0.0006070137023925781, 0.5791015625, 0.00849151611328125, 8.5078125, 3.65234375, 2.591796875, 0.43603515625, 4.04296875, 0.93994140625, 2.76953125, 1.6904296875, 0.003559112548828125, 0.05419921875, 0.0015411376953125, 0.430419921875, 0.0066680908203125, 6.09375, 2.48828125, 2.474609375, 3.640625, 7.828125, 1.9326171875, 7.171875, 0.38232421875, 0.0012617111206054688, 0.02239990234375, 0.0010595321655273438, 2.421875, 0.0028533935546875, 0.0400390625, 0.0024013519287109375, 0.01198577880859375, 3.29296875, 0.62841796875, 0.0006117820739746094, 0.01184844970703125, 0.0016345977783203125, 0.43603515625, 0.001407623291015625, 0.5537109375, 7.78125, 4.09375, 0.48974609375, 5.89453125, 0.430908203125, 4.390625, 3.21484375, 8.328125, 6.953125, 1.8759765625, 5.54296875, 0.482177734375, 0.0291290283203125, 3.63671875, 6.23046875, 4.0625, 4.21484375, 0.002017974853515625, 0.0026340484619140625, 0.026214599609375, 0.0024127960205078125, 0.484375, 0.402099609375, 0.0010709762573242188, 0.000797271728515625, 0.0013189315795898438, 6.58203125, 12.9765625, 7.9140625, 0.4384765625, 4.625, 0.485107421875, 4.609375, 0.345703125, 0.011688232421875, 3.96875, 3.025390625, 0.296875, 5.48828125, 1.353515625, 1.87109375, 1.3671875, 8.1796875, 0.06597900390625, 0.455078125, 4.19921875, 0.007781982421875, 0.50244140625, 0.4892578125, 7.17578125, 0.76513671875, 0.0007834434509277344, 9.1640625, 7.265625, 1.7177734375, 2.58984375, 2.35546875, 8.9609375, 0.07965087890625, 4.15234375, 1.546875, 0.0018072128295898438, 0.012847900390625, 0.1573486328125, 1.3876953125, 0.533203125, 0.01395416259765625, 0.33642578125, 0.1016845703125, 0.06365966796875, 0.0009551048278808594, 0.576171875, 2.77734375, 0.7314453125, 3.177734375, 0.06463623046875, 0.8603515625, 2.072265625, 0.1510009765625, 8.1171875, 0.36767578125, 3.376953125, 6.12109375, 6.3359375, 0.1883544921875, 1.4892578125, 1.90625, 0.039764404296875, 3.62890625, 2.4765625, 2.404296875, 5.1640625, 8.265625, 1.28125, 6.83984375, 3.37109375, 1.482421875, 1.2353515625, 6.77734375, 5.97265625, 3.626953125, 0.118896484375]",-1.1855481437274387
192,0,test,3.6740222774916864,1.6312022949346905,2.2783315024562008,6.399909773695196,2.8414491589184934,3.968706488149511,39.41010586662514,31.697778676166248,35.37234307138293,68.64986183218572,55.215485435902494,61.61633954369929,3.836350369094005,1.6726190130803174,2.347910292119528,6.682674836486331,2.913594409881843,4.089908250788855,46.355983108890044,37.65242990942742,41.92580372163388,80.74913186709878,65.58810371319615,73.03204519252354,3.7107777223267964,1.6918833332485819,2.305162046008037,6.463935387278935,2.947151612755594,4.015443564013999,40.885591802918185,33.3555967180005,36.807555083761905,71.22006314056716,58.10329750877506,64.11638627494008,0.7839195979899498,0.00891959798994979,0.0189195979899498,0.6231155778894473,-0.0018844221105527303,0.003115577889447274,0.5326633165829145,-0.0023366834170853723,0.002663316582914521,0.44981412639405205,0.1269940892883007,0.203831431709256,0.417910447761194,0.4723618090452262,0.1440410070402136,0.21693609952936643,0.4494949494949495,0.4609665427509294,0.14000179321475126,0.21374775412299374,0.4328358208955224,22.0,11.0,11.0,34.0,15.0,15.0,42.0,12.0,12.0,-6.395426776915206e-05,-0.00034636519482766177,-0.00010321749416292867,0.00017638486674709242,-0.00021985158203818855,-6.483093570341936e-05,"[3.056640625, 9.4453125, 2.4296875, 6.078125, 0.78955078125, 0.10418701171875, 6.328125, 6.76171875, 0.57080078125, 8.5234375, 5.95703125, 8.8046875, 1.353515625, 6.70703125, 0.053497314453125, 4.609375, 4.05078125, 3.015625, 0.237548828125, 6.734375, 3.587890625, 0.09539794921875, 2.80859375, 9.5390625, 6.375, 4.91796875, 8.2578125, 0.65234375, 5.8515625, 2.716796875, 4.26953125, 4.0390625, 4.2578125, 7.0234375, 4.890625, 1.8603515625, 0.033233642578125, 11.703125, 1.025390625, 1.759765625, 7.171875, 8.3515625, 6.9140625, 1.2080078125, 2.28125, 7.73046875, 10.203125, 5.12109375, 1.326171875, 9.484375, 4.515625, 1.119140625, 2.568359375, 5.31640625, 1.67578125, 5.1953125, 0.2352294921875, 1.498046875, 4.6484375, 1.3310546875, 0.82763671875, 5.3203125, 0.9189453125, 2.984375, 1.3154296875, 7.21875, 1.68359375, 1.017578125, 11.6015625, 3.193359375, 2.841796875, 0.04034423828125, 9.703125, 7.359375, 0.0712890625, 2.681640625, 6.7890625, 1.158203125, 2.18359375, 1.466796875, 7.52734375, 3.560546875, 0.904296875, 6.484375, 0.73388671875, 3.955078125, 4.94140625, 5.26171875, 0.6240234375, 0.57861328125, 5.6953125, 0.962890625, 0.23291015625, 7.3671875, 3.908203125, 2.908203125, 0.8955078125, 4.98046875, 1.064453125, 3.435546875, 0.028594970703125, 5.26171875, 4.23046875, 5.125, 1.0517578125, 7.48828125, 0.291259765625, 1.0283203125, 5.80859375, 4.9765625, 3.76171875, 5.37109375, 0.08660888671875, 3.677734375, 3.16796875, 1.033203125, 8.1328125, 0.27978515625, 0.55322265625, 8.015625, 0.224609375, 4.9140625, 6.1953125, 4.29296875, 2.30859375, 10.8203125, 6.99609375, 0.09814453125, 0.1981201171875, 0.0843505859375, 1.6806640625, 3.314453125, 1.8173828125, 2.423828125, 3.65625, 1.01953125, 6.3359375, 6.265625, 1.4052734375, 3.560546875, 3.9296875, 1.0986328125, 5.8515625, 0.004150390625, 3.271484375, 1.53125, 5.80078125, 4.9453125, 0.86572265625, 1.6650390625, 0.74267578125, 1.0, 1.6162109375, 6.3359375, 2.318359375, 1.62890625, 5.89453125, 2.201171875, 2.5390625, 0.83544921875, 6.04296875, 0.0207977294921875, 0.4462890625, 8.3671875, 14.4375, 0.6826171875, 4.8984375, 8.640625, 4.23828125, 2.005859375, 0.93212890625, 8.8203125, 0.004184722900390625, 8.53125, 9.0, 7.43359375, 0.443603515625, 5.703125, 0.75341796875, 0.6328125, 8.984375, 0.54638671875, 4.9921875, 5.44140625, 5.48046875, 0.349365234375, 2.3984375, 6.66015625, 0.3056640625, 8.59375, 7.33984375, 2.87109375, 1.109375, 7.73828125, 4.328125, 5.75, 0.07818603515625, 5.34765625, 0.0207672119140625, 0.07763671875, 0.2152099609375, 3.771484375, 8.171875, 3.388671875, 8.1171875, 3.943359375, 1.0380859375, 2.220703125, 2.775390625, 0.56396484375, 0.043060302734375, 1.650390625, 1.4130859375, 3.482421875, 5.58203125, 6.76171875, 2.33984375, 5.41796875, 9.453125, 2.578125, 3.919921875, 2.65234375, 5.140625, 2.404296875, 0.410400390625, 1.0263671875, 6.0234375, 0.2144775390625, 0.205322265625, 4.5390625, 1.826171875, 6.72265625, 9.0234375, 0.85498046875, 4.30078125, 0.1298828125, 5.6875, 1.5439453125, 3.154296875, 3.62890625, 3.630859375, 0.189208984375, 1.6298828125, 2.68359375, 1.1064453125, 10.109375, 0.097900390625, 5.40625, 7.0078125, 0.5400390625, 4.01171875, 0.00580596923828125, 0.218994140625, 9.09375, 7.6796875, 0.5068359375, 0.86669921875, 3.216796875, 0.278564453125, 8.625, 0.70458984375, 5.78125, 5.9140625, 4.40234375, 0.3232421875, 2.9453125, 0.10272216796875, 3.58203125, 4.23828125]",-0.6348723567551398
6,0,test,3.9482456843058267,1.8392627699689137,2.526461433653667,6.498665256776672,3.027357975414672,4.158461365951689,51.84433567775084,43.604479296275244,47.699826988371775,85.333844438534,71.77134791001826,78.51213758955603,3.988212125385227,1.8157577604699862,2.519459803888795,6.564448529360778,2.9886696057425244,4.146936944289012,53.95833234047489,45.17852587352695,49.61452026278131,88.81340416289345,74.36216991605367,81.66365136420526,3.9482456843058267,1.8392627699689137,2.526461433653667,6.498665256776672,3.027357975414672,4.158461365951689,51.84433567775084,43.604479296275244,47.699826988371775,85.333844438534,71.77134791001826,78.51213758955603,0.7587939698492463,-0.016206030150753725,-0.006206030150753716,0.6683417085427136,-0.0016582914572863539,0.0033417085427135396,0.5628140703517588,-0.007185929648241274,-0.0021859296482411583,0.446969696969697,0.11993756086383689,0.2064155407984124,0.42205323193916355,0.4522613065326633,0.11642170753516956,0.20518284242581852,0.4242424242424242,0.446969696969697,0.11993756086383689,0.2064155407984124,0.42205323193916355,27.0,8.0,7.0,37.0,9.0,6.0,45.0,5.0,6.0,0.000116643140552303,-0.0006053775764769281,-0.0002521715032091009,0.004817264299008528,0.005433770901363211,0.005501913594141428,"[3.0625, 9.453125, 2.48046875, 1.494140625, 0.81689453125, 2.970703125, 13.1484375, 1.4306640625, 4.9609375, 0.00969696044921875, 0.348388671875, 0.62646484375, 8.7265625, 2.939453125, 5.70703125, 0.82421875, 8.5390625, 11.4140625, 3.609375, 2.638671875, 6.65234375, 9.796875, 1.5205078125, 5.12109375, 0.0283966064453125, 1.2470703125, 4.38671875, 8.3125, 3.8828125, 3.41796875, 6.3359375, 2.203125, 0.96435546875, 8.8671875, 6.65625, 6.609375, 2.17578125, 1.126953125, 8.0625, 5.34375, 8.7578125, 4.76171875, 7.59375, 9.6171875, 0.38671875, 3.818359375, 5.33203125, 2.533203125, 0.165283203125, 5.4921875, 3.58984375, 4.671875, 9.0, 11.2109375, 5.140625, 8.75, 9.7890625, 5.5859375, 8.8125, 1.5537109375, 11.96875, 0.7099609375, 0.97216796875, 8.453125, 8.6640625, 0.18310546875, 8.6640625, 6.2578125, 1.302734375, 8.3046875, 6.02734375, 1.603515625, 7.22265625, 1.8232421875, 0.66259765625, 6.69921875, 4.65625, 3.994140625, 7.26171875, 1.5322265625, 4.828125, 1.197265625, 2.517578125, 0.033660888671875, 0.5146484375, 6.28125, 0.1719970703125, 5.90625, 2.048828125, 5.890625, 9.9375, 1.0205078125, 0.386474609375, 5.5546875, 7.96484375, 2.1484375, 8.9765625, 1.4296875, 6.6171875, 2.181640625, 5.4609375, 4.03515625, 2.400390625, 1.5029296875, 2.58984375, 3.55078125, 1.7529296875, 6.578125, 4.4453125, 0.384033203125, 2.52734375, 6.53515625, 3.203125, 0.6484375, 5.5625, 4.5234375, 0.1695556640625, 0.92333984375, 3.5234375, 6.77734375, 4.453125, 4.515625, 5.06640625, 6.81640625, 6.0234375, 0.287353515625, 5.0859375, 5.68359375, 0.466552734375, 0.5009765625, 3.623046875, 0.87109375, 3.078125, 0.09613037109375, 7.79296875, 0.396484375, 2.5859375, 6.8515625, 3.990234375, 6.21484375, 0.6142578125, 0.931640625, 3.302734375, 0.5341796875, 1.1591796875, 1.4189453125, 7.08203125, 2.857421875, 7.6640625, 4.62890625, 3.0390625, 0.08880615234375, 3.810546875, 5.12890625, 0.0689697265625, 6.61328125, 0.6083984375, 0.1512451171875, 3.4921875, 0.28564453125, 0.82080078125, 1.2041015625, 6.9765625, 0.20068359375, 4.3203125, 0.340576171875, 0.609375, 8.796875, 5.01171875, 3.69921875, 0.4765625, 3.31640625, 3.3515625, 5.8125, 1.1376953125, 3.490234375, 4.63671875, 6.41796875, 5.08203125, 3.5234375, 1.5771484375, 3.55078125, 5.05859375, 0.10504150390625, 0.572265625, 8.1015625, 0.026092529296875, 0.381103515625, 4.05859375, 0.038330078125, 9.609375, 2.58984375, 6.21875, 0.74755859375, 2.498046875, 1.046875, 9.203125, 2.6328125, 6.1171875, 0.2421875, 11.671875, 4.6640625, 10.2109375, 3.494140625, 8.609375, 1.671875, 1.5009765625, 11.9296875, 7.25, 6.1796875, 2.7265625, 0.708984375, 6.5078125, 9.1015625, 2.064453125, 1.2919921875, 4.40625, 0.58154296875, 8.71875, 0.41162109375, 5.67578125, 0.1290283203125, 3.93359375, 0.83203125, 6.9921875, 1.357421875, 6.0859375, 5.58203125, 0.5107421875, 1.4638671875, 2.423828125, 0.94873046875, 1.408203125, 6.640625, 6.59375, 1.076171875, 0.61474609375, 7.65234375, 7.4375, 6.53515625, 1.9013671875, 5.875, 0.267578125, 2.646484375, 3.951171875, 1.8388671875, 0.0316162109375, 1.69921875, 3.072265625, 2.392578125, 0.12103271484375, 0.71533203125, 3.919921875, 2.58203125, 0.1278076171875, 9.5234375, 2.98046875, 5.9140625, 0.181640625, 3.03515625, 8.484375, 1.1982421875, 2.3203125, 4.33984375]",-0.766247590382894
2,0,test,3.3795051679208683,1.532115728597715,2.0899313767032703,6.3674822980948065,2.886730244735938,3.937736557325064,29.356241108806394,23.013002628636745,25.72500254868014,55.311454284275456,43.35986470883386,48.4696694362327,3.7444005084397207,1.6889032152542502,2.3104217988064777,7.054998518950449,3.1821408141070933,4.353172779458546,42.28365092728711,34.47292980189954,38.088292786049585,79.66858619836412,64.95204456577413,71.76391750542268,3.3496575064483696,1.4929446278024106,2.068647610002379,6.3112449359301594,2.812926158481371,3.897634826163019,28.492973312811063,22.090317476917434,24.89269951885791,53.684931424747674,41.621390855899314,46.90148872760424,0.778894472361809,-0.01110552763819106,0.003894472361808954,0.6030150753768844,-0.0019849246231156137,-0.0019849246231156137,0.46733668341708545,0.007336683417085488,-0.0076633165829145256,0.4188311688311688,0.10926877012776526,0.17045103924153593,0.37459283387622155,0.40201005025125625,0.10125817055200814,0.1449148916535935,0.38888888888888884,0.41137123745819393,0.10085370824283502,0.16443019185196484,0.3657718120805369,21.0,3.0,3.0,32.0,2.0,2.0,39.0,-1.0,-1.0,-0.001674818783097215,-0.00020815737366222033,-0.00027744015895160866,0.0027323261233114238,0.0034143010039056065,0.004247381342953993,"[3.0625, 9.453125, 2.48046875, 1.494140625, 3.81640625, 1.4990234375, 4.68359375, 0.53662109375, 4.61328125, 5.48828125, 8.0859375, 0.556640625, 0.779296875, 6.43359375, 11.7890625, 1.6806640625, 2.859375, 1.2470703125, 5.25, 0.44775390625, 8.171875, 0.97314453125, 5.40625, 5.234375, 13.8984375, 6.87890625, 2.015625, 1.4970703125, 7.31640625, 0.78564453125, 6.078125, 5.14453125, 0.30224609375, 8.1875, 1.537109375, 2.05859375, 3.66015625, 3.685546875, 0.09332275390625, 3.9140625, 2.970703125, 3.728515625, 0.101318359375, 1.4013671875, 5.90625, 8.9375, 0.1875, 9.828125, 6.98828125, 2.650390625, 0.85400390625, 3.314453125, 3.33984375, 0.341796875, 3.623046875, 4.15625, 15.34375, 1.46484375, 10.828125, 3.109375, 7.46875, 5.35546875, 2.9296875, 0.25390625, 5.359375, 0.60498046875, 6.5, 1.1787109375, 2.67578125, 2.01171875, 2.03515625, 5.17578125, 2.07421875, 8.9296875, 0.36083984375, 2.091796875, 1.951171875, 8.9609375, 2.068359375, 0.8828125, 3.0078125, 4.5078125, 9.609375, 0.85986328125, 3.525390625, 1.3671875, 1.12890625, 0.038330078125, 5.12890625, 6.05859375, 0.7978515625, 1.2314453125, 8.859375, 2.28125, 0.458740234375, 7.60546875, 0.33251953125, 1.7109375, 4.22265625, 1.6318359375, 4.90234375, 2.041015625, 2.396484375, 2.220703125, 5.0546875, 1.8916015625, 6.03515625, 4.6953125, 7.0, 0.763671875, 0.00946807861328125, 2.033203125, 4.5, 5.60546875, 3.962890625, 2.681640625, 9.859375, 3.482421875, 8.9140625, 4.66796875, 11.9765625, 2.888671875, 10.3359375, 1.4169921875, 2.89453125, 3.521484375, 1.9267578125, 1.3017578125, 10.59375, 7.7578125, 1.1162109375, 1.9677734375, 3.451171875, 7.05859375, 0.11749267578125, 0.06475830078125, 1.041015625, 1.6025390625, 1.3046875, 4.98046875, 4.39453125, 3.7265625, 2.359375, 5.13671875, 9.1875, 12.984375, 6.6328125, 4.796875, 1.8408203125, 3.5546875, 0.70361328125, 9.8125, 6.296875, 2.337890625, 3.13671875, 5.78125, 0.9921875, 4.56640625, 7.6484375, 0.51025390625, 2.1171875, 6.8984375, 2.015625, 2.6328125, 6.109375, 0.1300048828125, 0.01511383056640625, 0.0024013519287109375, 0.0655517578125, 0.049896240234375, 0.0015077590942382812, 1.251953125, 1.5791015625, 7.75, 5.046875, 2.3671875, 2.703125, 0.3076171875, 10.6484375, 0.759765625, 2.4609375, 1.7880859375, 2.06640625, 0.5771484375, 1.1044921875, 12.4453125, 0.49951171875, 5.21875, 0.1400146484375, 3.990234375, 6.49609375, 1.318359375, 0.0266876220703125, 6.09375, 0.0986328125, 0.1864013671875, 5.1953125, 0.189453125, 1.794921875, 2.623046875, 8.3046875, 1.529296875, 2.146484375, 6.859375, 1.04296875, 2.673828125, 1.568359375, 0.064453125, 3.591796875, 6.69921875, 2.9609375, 3.39453125, 0.005298614501953125, 7.53125, 3.9765625, 0.16748046875, 10.359375, 1.826171875, 5.03515625, 0.067138671875, 0.154296875, 0.002010345458984375, 0.01380157470703125, 0.004062652587890625, 1.7197265625, 0.005889892578125, 0.09423828125, 6.26171875, 4.11328125, 9.546875, 2.193359375, 2.412109375, 0.0013666152954101562, 0.005702972412109375, 8.6640625, 1.3359375, 2.705078125, 0.000274658203125, 7.00390625, 0.118896484375, 0.0018157958984375, 0.01514434814453125, 4.58984375, 9.25, 2.302734375, 4.2265625, 0.1116943359375, 0.00038242340087890625, 0.018829345703125, 8.375, 4.5234375, 1.3828125, 0.01546478271484375, 3.06640625, 0.0220184326171875, 0.0020389556884765625, 0.00986480712890625, 8.0546875, 6.46875, 0.299560546875, 0.00061798095703125, 0.0242919921875, 4.71484375, 0.356689453125, 0.0863037109375, 0.00021755695343017578, 0.076171875, 0.00495147705078125, 0.0005168914794921875, 0.005100250244140625, 4.71484375, 6.578125, 13.3359375, 3.474609375, 6.84375, 5.765625, 0.2998046875, 0.0005292892456054688, 0.02618408203125, 7.78515625, 1.1884765625, 7.25, 0.1654052734375, 0.0012722015380859375, 4.3671875, 0.0131072998046875, 0.00672149658203125, 0.0046539306640625, 0.01226043701171875, 4.28515625, 0.111328125, 0.000152587890625, 0.0088958740234375, 0.0009918212890625, 0.318115234375, 0.00026345252990722656, 0.71826171875, 6.08203125, 5.4140625, 10.234375, 5.296875, 8.21875, 3.59375, 7.609375, 0.5224609375, 3.85546875, 0.0011377334594726562, 0.00780487060546875]",-1.5887846842214657
55,0,test,3.6900759594781056,1.7033670185282757,2.3363847953028802,6.344806865577462,2.928810916750057,4.017237166024377,40.04788885849157,32.756391375674816,36.17619862638569,68.85931969193874,56.322140566807775,62.20224080364158,3.7553878453508696,1.680090325076662,2.3422974352138524,6.457105719704013,2.8887884006713827,4.0274035037130265,42.75079729357102,34.78388086795074,38.64216412774667,73.50676656952139,59.80825559309516,66.44228220526225,3.6900759594781056,1.7033670185282757,2.3363847953028802,6.344806865577462,2.928810916750057,4.017237166024377,40.04788885849157,32.756391375674816,36.17619862638569,68.85931969193874,56.322140566807775,62.20224080364158,0.7738693467336684,-0.021130653266331678,-0.031130653266331576,0.6381909547738693,-0.0018090452261306789,0.0031909547738693256,0.5125628140703518,-0.00743718592964826,-0.0024371859296482556,0.4243697478991597,0.10571146697672784,0.1743697478991597,0.4177215189873418,0.42713567839195976,0.09881487638694719,0.17170996887610002,0.4292929292929293,0.4243697478991597,0.10571146697672784,0.1743697478991597,0.4177215189873418,27.0,6.0,8.0,37.0,8.0,8.0,47.0,8.0,7.0,-0.00022199536743167878,-6.0473626896654515e-06,-6.774188152171238e-05,-3.8442710928343615e-05,4.636562540305533e-05,7.072031659394185e-05,"[3.0625, 9.453125, 2.48046875, 1.494140625, 0.81689453125, 3.970703125, 0.59521484375, 4.390625, 2.517578125, 0.84521484375, 8.6171875, 4.140625, 1.708984375, 8.109375, 0.12396240234375, 0.89013671875, 11.59375, 10.09375, 0.69189453125, 8.34375, 2.498046875, 10.046875, 5.84765625, 2.52734375, 8.96875, 3.4765625, 0.47509765625, 0.96044921875, 2.736328125, 1.0419921875, 2.966796875, 4.08984375, 3.818359375, 2.01171875, 2.353515625, 3.498046875, 10.0625, 6.39453125, 1.58203125, 8.7265625, 0.51416015625, 12.4453125, 0.195556640625, 2.146484375, 4.26171875, 1.869140625, 4.546875, 6.46875, 3.37109375, 6.9609375, 4.5, 0.0071868896484375, 7.74609375, 0.53564453125, 2.830078125, 9.0390625, 5.8515625, 2.669921875, 1.5947265625, 0.8994140625, 2.7265625, 2.05859375, 3.50390625, 7.984375, 0.410400390625, 0.0032482147216796875, 0.05462646484375, 4.5390625, 2.6875, 8.2734375, 4.09375, 8.328125, 1.6171875, 8.4453125, 9.7421875, 4.31640625, 0.50390625, 0.85498046875, 4.35546875, 0.931640625, 9.4453125, 7.375, 2.728515625, 6.73828125, 3.26171875, 0.54248046875, 0.2340087890625, 0.8623046875, 1.3349609375, 5.328125, 3.041015625, 0.0007266998291015625, 5.3046875, 6.7265625, 0.19091796875, 2.091796875, 2.32421875, 3.041015625, 3.974609375, 1.42578125, 2.197265625, 0.454345703125, 3.423828125, 4.94921875, 4.84765625, 0.292724609375, 7.37109375, 1.111328125, 1.2509765625, 9.9921875, 4.41015625, 9.375, 2.50390625, 5.328125, 3.1796875, 1.6591796875, 4.1484375, 0.94873046875, 6.9453125, 6.09375, 3.59375, 6.1640625, 0.77294921875, 1.1318359375, 7.39453125, 3.23046875, 1.330078125, 7.828125, 5.08203125, 1.6083984375, 1.23046875, 1.267578125, 9.3671875, 8.71875, 1.2685546875, 1.1669921875, 5.1171875, 3.5234375, 0.326171875, 2.193359375, 3.947265625, 6.78125, 1.4375, 2.0390625, 4.87890625, 2.51953125, 6.44921875, 2.01171875, 0.21337890625, 0.299072265625, 6.671875, 4.56640625, 4.1328125, 0.55029296875, 3.71484375, 0.63671875, 1.328125, 1.63671875, 7.82421875, 3.681640625, 0.8603515625, 0.208740234375, 5.3984375, 1.84375, 7.3515625, 2.26953125, 1.0537109375, 4.1796875, 1.1787109375, 3.494140625, 9.5, 0.912109375, 7.65234375, 0.461669921875, 8.859375, 3.056640625, 2.046875, 6.34765625, 1.6474609375, 5.5234375, 4.25390625, 5.5234375, 0.94580078125, 4.08984375, 2.462890625, 7.59375, 0.057891845703125, 0.41552734375, 1.0048828125, 7.58984375, 0.10247802734375, 7.26953125, 6.546875, 1.537109375, 7.70703125, 4.29296875, 0.4033203125, 3.341796875, 4.6796875, 1.4169921875, 4.63671875, 5.078125, 1.923828125, 6.15234375, 5.61328125, 4.18359375, 10.9453125, 3.47265625, 1.60546875, 2.056640625, 7.4609375, 10.15625, 0.93701171875, 0.44873046875, 1.3173828125, 2.001953125, 0.14453125, 3.37109375, 0.015625, 0.095458984375, 0.140869140625, 1.8115234375, 2.923828125, 5.20703125, 4.52734375, 3.8828125, 4.70703125, 9.703125, 3.50390625, 1.4521484375, 4.44921875, 0.0284423828125, 4.16796875, 1.046875, 0.0002624988555908203, 3.638671875, 1.7890625, 2.560546875]",-0.7915910823004588
399,0,test,2.9689798438828126,1.3202882867962438,1.8111913395326404,5.032169226920021,2.2377767572817686,3.0698158297163394,19.472044934371997,14.271873687756536,16.289158387042196,33.00346599046102,24.189616419926338,27.60874302888508,3.108009728954066,1.3613642347415833,1.9009486700642217,5.267813099922146,2.3073970080365824,3.2219468984139357,22.376464822693297,16.641133653407294,19.032821395577397,37.926211563886945,28.205311276961513,32.259019314537966,2.9689798438828126,1.3202882867962438,1.8111913395326404,5.032169226920021,2.2377767572817686,3.0698158297163394,19.472044934371997,14.271873687756536,16.289158387042196,33.00346599046102,24.189616419926338,27.60874302888508,0.6733668341708543,-0.001633165829145744,0.01336683417085438,0.507537688442211,0.012537688442211037,0.007537688442211032,0.39698492462311563,-0.0130150753768844,-0.018015075376884404,0.3946488294314381,0.10416468919771527,0.16105594845257265,0.37248322147651003,0.38190954773869346,0.0886764650319265,0.1365005327136517,0.38383838383838387,0.3946488294314381,0.10416468919771527,0.16105594845257265,0.37248322147651003,22.0,3.0,5.0,32.0,3.0,4.0,43.0,4.0,6.0,-0.0008781522010944217,-0.0002484240228266912,-0.00022404418727837335,0.005925345335158205,0.004707935841133271,0.005805094384836451,"[3.0625, 9.453125, 2.48046875, 1.494140625, 0.81689453125, 5.97265625, 3.890625, 3.9453125, 5.92578125, 13.609375, 1.599609375, 2.15625, 3.103515625, 1.607421875, 7.79296875, 1.3671875, 7.6484375, 4.22265625, 0.58984375, 2.3203125, 1.7099609375, 0.0301971435546875, 0.6611328125, 0.974609375, 0.8310546875, 0.8642578125, 1.087890625, 1.6123046875, 0.2244873046875, 7.296875, 0.0215606689453125, 2.697265625, 1.2294921875, 6.04296875, 3.8046875, 1.431640625, 1.451171875, 2.486328125, 5.5078125, 0.01195526123046875, 5.703125, 2.150390625, 5.95703125, 9.5859375, 0.1630859375, 0.052947998046875, 1.1357421875, 5.22265625, 6.93359375, 1.984375, 5.5859375, 4.3984375, 0.95068359375, 8.703125, 0.025848388671875, 0.91650390625, 0.86474609375, 8.0703125, 1.9892578125, 0.321044921875, 1.9853515625, 0.939453125, 0.1859130859375, 0.495361328125, 1.6865234375, 11.875, 1.8994140625, 5.90625, 0.0298004150390625, 5.1953125, 0.85498046875, 4.12109375, 1.244140625, 0.346435546875, 1.048828125, 4.671875, 1.603515625, 8.4765625, 7.40625, 5.875, 8.6796875, 1.19140625, 1.501953125, 3.884765625, 5.109375, 0.2392578125, 7.9609375, 4.58203125, 0.4521484375, 2.822265625, 0.1968994140625, 0.0833740234375, 0.1817626953125, 2.421875, 8.9765625, 4.42578125, 0.1505126953125, 1.890625, 2.923828125, 7.09765625, 0.05322265625, 0.146728515625, 0.412841796875, 3.306640625, 0.66943359375, 4.94140625, 4.41015625, 7.328125, 5.41796875, 2.544921875, 4.45703125, 0.7529296875, 1.2841796875, 7.421875, 2.67578125, 2.42578125, 1.0087890625, 6.796875, 1.5595703125, 1.830078125, 8.1015625, 0.4208984375, 0.208251953125, 3.791015625, 1.736328125, 3.775390625, 8.9375, 0.06640625, 2.357421875, 0.8720703125, 1.9677734375, 1.259765625, 12.6953125, 4.81640625, 3.744140625, 4.87109375, 1.8701171875, 2.1328125, 7.7265625, 1.1162109375, 0.1220703125, 1.306640625, 0.2467041015625, 6.61328125, 0.5634765625, 1.15625, 0.24560546875, 2.83203125, 1.67578125, 5.8828125, 3.23828125, 0.4482421875, 0.383056640625, 0.1900634765625, 6.921875, 7.82421875, 0.77294921875, 3.49609375, 8.3125, 0.0214080810546875, 12.796875, 5.109375, 0.7763671875, 1.0966796875, 6.62890625, 0.1966552734375, 0.04766845703125, 5.28515625, 0.6240234375, 4.86328125, 0.07470703125, 3.318359375, 5.640625, 5.0546875, 3.109375, 7.8046875, 0.48974609375, 5.51953125, 0.5927734375, 0.60107421875, 3.119140625, 5.56640625, 0.6171875, 1.783203125, 7.2890625, 2.2890625, 0.0010843276977539062, 0.1343994140625, 0.0004074573516845703, 0.00543975830078125, 0.006565093994140625, 0.368896484375, 3.76171875, 6.73046875, 3.896484375, 0.280517578125, 6.171875, 1.337890625, 0.007030487060546875, 0.198486328125, 0.1795654296875, 8.21875, 0.7568359375, 10.3046875, 3.380859375, 5.12890625, 0.004108428955078125, 0.35107421875, 0.0023059844970703125, 0.454833984375, 0.07708740234375, 7.23828125, 5.0625, 6.46875, 2.97265625, 0.181640625, 8.140625, 5.765625, 0.0010004043579101562, 0.39208984375, 11.0390625, 9.6015625, 3.060546875, 8.3984375, 5.52734375, 6.26171875, 0.047821044921875, 0.4775390625, 6.015625, 7.984375, 5.2109375, 1.3388671875, 0.461181640625, 7.80078125, 0.58154296875, 1.990234375, 6.1015625, 3.619140625, 3.515625, 1.865234375, 0.042266845703125, 2.2734375, 0.0015392303466796875, 0.00890350341796875, 0.0057373046875, 0.01152801513671875, 8.90625, 0.666015625, 0.0003962516784667969, 0.004772186279296875, 0.0002338886260986328, 0.4482421875, 0.0013217926025390625, 7.5703125, 6.328125, 0.51953125, 6.06640625, 4.0234375, 0.313720703125, 1.9541015625, 6.921875, 2.31640625, 0.46923828125, 5.44140625, 0.1287841796875, 13.296875, 0.40966796875, 1.185546875, 2.029296875, 7.03125, 0.7470703125, 0.1895751953125, 0.00997161865234375, 0.0206146240234375, 0.0014448165893554688, 0.6640625, 0.352294921875, 0.0008859634399414062, 0.00011789798736572266, 0.00039005279541015625, 2.4375, 0.04534912109375, 0.057342529296875, 0.73974609375, 2.48828125, 0.0012979507446289062, 2.1796875, 0.73388671875, 4.4453125, 3.69140625, 0.0209808349609375, 3.24609375, 1.3837890625, 2.5859375, 0.468017578125, 0.068115234375, 3.94140625, 0.01007080078125, 1.1044921875]",-1.2651200210769042
394,0,test,3.92441193262736,1.7973605374996064,2.478527838634706,6.644742931380415,3.043258182811833,4.1965982722337625,50.623299393097476,42.233208154299305,46.37769539602832,85.71445010876731,71.50850017034767,78.52587061372977,4.100102831969908,1.8272118853498176,2.5525471875253958,6.942219567767229,3.0938019422400314,4.321926487969136,60.34649282704294,50.639068894749805,55.646525089008264,102.1775844457886,85.74115074224682,94.21968452570717,3.92441193262736,1.7973605374996064,2.478527838634706,6.644742931380415,3.043258182811833,4.1965982722337625,50.623299393097476,42.233208154299305,46.37769539602832,85.71445010876731,71.50850017034767,78.52587061372977,0.8040201005025126,0.004020100502512558,-0.005979899497487451,0.6884422110552764,-0.01155778894472359,0.003442211055276312,0.5979899497487438,0.002989949748743781,-0.0020100502512562235,0.44107744107744107,0.10830433183374355,0.18799793379860563,0.42567567567567566,0.4522613065326633,0.09637158222188635,0.18181055528057644,0.4747474747474747,0.44107744107744107,0.10830433183374355,0.18799793379860563,0.42567567567567566,28.0,10.0,9.0,39.0,10.0,11.0,49.0,11.0,9.0,-0.00048670660307371076,0.0001549010260410582,-0.0001558312990264513,0.004160596115041493,0.0033849358979773925,0.004221497145189268,"[3.0625, 9.453125, 2.48046875, 1.494140625, 1.81640625, 9.234375, 0.4697265625, 2.26171875, 5.6796875, 0.4423828125, 4.52734375, 6.4609375, 3.75, 6.41015625, 8.8515625, 3.708984375, 6.07421875, 0.65576171875, 1.640625, 5.03515625, 0.5087890625, 0.73095703125, 6.53125, 3.931640625, 0.982421875, 0.59130859375, 9.984375, 3.833984375, 4.91015625, 5.51171875, 0.533203125, 6.59765625, 5.375, 1.3017578125, 0.125, 4.62890625, 2.69921875, 0.251220703125, 8.1328125, 3.2109375, 1.255859375, 7.9609375, 0.102294921875, 0.08880615234375, 3.666015625, 4.55078125, 10.90625, 0.62109375, 3.125, 0.72021484375, 3.15234375, 3.41796875, 0.24609375, 1.78125, 1.822265625, 2.982421875, 9.6328125, 12.0546875, 7.421875, 0.073974609375, 1.1181640625, 1.828125, 4.9453125, 4.86328125, 2.82421875, 5.29296875, 0.1453857421875, 9.4453125, 0.33984375, 5.703125, 2.341796875, 2.220703125, 6.578125, 6.671875, 1.2275390625, 2.4375, 6.85546875, 4.5546875, 3.560546875, 7.5625, 0.345703125, 6.90625, 0.278076171875, 11.703125, 0.7490234375, 3.58203125, 2.591796875, 0.436279296875, 4.93359375, 0.430419921875, 0.55322265625, 0.083740234375, 8.328125, 4.390625, 3.99609375, 5.6328125, 0.72705078125, 4.16015625, 6.46484375, 6.47265625, 2.32421875, 8.21875, 5.29296875, 0.1405029296875, 7.38671875, 6.75390625, 3.20703125, 10.609375, 3.830078125, 8.5, 5.0703125, 1.9296875, 0.297119140625, 3.623046875, 5.3828125, 0.91455078125, 2.81640625, 5.984375, 8.0546875, 0.1610107421875, 4.39453125, 6.2578125, 4.01953125, 10.5546875, 1.548828125, 2.896484375, 10.25, 2.54296875, 0.020263671875, 1.1015625, 3.734375, 7.671875, 9.40625, 6.59375, 3.80859375, 10.6875, 8.609375, 7.05859375, 10.0390625, 4.55859375, 3.34375, 1.9248046875, 4.359375, 0.005748748779296875, 5.7265625, 0.75537109375, 5.40234375, 1.8720703125, 5.265625, 5.1640625, 1.3994140625, 5.80078125, 5.359375, 0.202392578125, 1.8291015625, 2.734375, 1.3173828125, 4.3203125, 0.0810546875, 0.5390625, 10.6875, 4.30078125, 3.61328125, 1.1689453125, 6.98046875, 2.453125, 4.08984375, 8.875, 0.3349609375, 8.78125, 7.3671875, 3.99609375, 0.3525390625, 3.07421875, 4.93359375, 8.0625, 2.22265625, 7.58984375, 1.8984375, 3.4765625, 3.65234375, 1.4970703125, 3.619140625, 3.4453125, 0.054168701171875, 3.072265625, 7.390625, 3.3203125, 0.70849609375, 6.734375, 1.89453125, 4.9140625, 6.53515625, 1.59765625, 9.9921875, 1.8017578125, 5.15234375, 2.8203125, 6.89453125, 7.4453125, 1.8427734375, 3.419921875, 9.5703125, 1.1494140625, 6.21875, 9.03125, 4.1015625, 6.9375, 0.53857421875, 1.8447265625, 11.1171875, 0.10491943359375, 0.6591796875, 1.8720703125, 1.9072265625, 10.34375, 1.1005859375, 0.307373046875, 0.97607421875, 3.04296875, 0.03729248046875, 0.0030651092529296875, 6.7421875, 1.4052734375, 9.25, 2.00390625, 2.505859375, 2.71484375, 5.40625, 5.640625, 1.0634765625, 2.1875, 0.71728515625, 7.0546875, 3.83203125, 0.014801025390625, 0.35107421875, 4.55078125, 6.296875, 1.05859375, 5.96875, 7.3125, 0.0714111328125, 12.5234375, 4.88671875, 10.453125, 0.39404296875, 4.94921875, 2.83203125, 9.8828125, 5.75390625, 3.978515625, 2.634765625, 3.09765625, 1.23046875, 3.943359375, 0.1253662109375, 9.796875, 8.7109375, 7.25, 1.7265625, 9.5859375, 3.416015625, 1.6328125, 9.1015625, 0.8466796875, 7.46875, 9.546875, 5.203125, 3.05078125, 0.00939178466796875, 0.1417236328125, 0.0006384849548339844, 0.0173492431640625, 0.003662109375, 0.6572265625, 3.70703125, 0.399169921875, 4.66796875, 0.017578125, 7.79296875, 0.89599609375, 0.0075225830078125, 0.37353515625, 0.256591796875, 2.208984375, 0.00801849365234375, 12.1953125, 4.07421875, 0.148193359375, 0.0021343231201171875, 0.19287109375, 0.156494140625, 3.1875, 0.0109405517578125, 4.83203125, 0.085205078125]",-1.0778964360555015
15,0,test,3.003964846274432,1.305727443950848,1.796179654439876,5.147497550651162,2.2374525547097446,3.07787568926632,20.16533107066136,14.701023547786697,16.819265524322194,34.55466278942474,25.19120115475007,28.82095248137622,3.170623815239374,1.3938112134328482,1.9100744801099023,5.4330789999830476,2.388390069249252,3.2730421995853094,23.822340461231896,17.911354766045648,20.294981803968284,40.8211964687441,30.692321483525454,34.77682811634766,3.124759837935202,1.3441900288271749,1.8709611635119505,5.354487963497005,2.303360803166164,3.2060188781787695,22.754429686444478,16.82119341881379,19.250802837846795,38.99125890993752,28.824256059374385,32.98755662163697,0.6482412060301508,0.0032412060301507672,-0.0017587939698492372,0.542713567839196,0.007713567839196078,0.007713567839196078,0.42211055276381915,-0.0028894472361808976,0.002110552763819107,0.41764705882352937,0.11221387233307412,0.16617934845170945,0.38053097345132747,0.4120603015075377,0.11381468747244994,0.17666798097331404,0.36868686868686873,0.42140468227424754,0.10587880581347964,0.16667720730205626,0.38926174496644295,23.0,-2.0,-3.0,36.0,1.0,0.0,46.0,0.0,-1.0,-0.0011922566651350257,-7.826560699185291e-05,-0.0003919099255140706,0.007537201809977745,0.007038997140659475,0.007401482689447292,"[3.056640625, 9.4453125, 2.4296875, 1.0791015625, 0.80224609375, 2.9921875, 2.638671875, 1.7021484375, 1.4189453125, 6.92578125, 6.41015625, 6.35546875, 1.30859375, 3.1796875, 3.265625, 3.79296875, 5.8515625, 1.2236328125, 7.7265625, 7.94921875, 3.69140625, 3.689453125, 2.806640625, 0.96875, 3.740234375, 2.400390625, 1.3779296875, 11.984375, 3.37109375, 6.38671875, 0.90380859375, 8.9609375, 1.8046875, 8.5234375, 4.4765625, 10.0859375, 5.19140625, 6.5859375, 0.61669921875, 2.36328125, 2.23046875, 12.3359375, 5.328125, 0.4892578125, 6.2890625, 1.0224609375, 5.6328125, 1.62890625, 5.10546875, 5.234375, 0.71142578125, 1.865234375, 2.966796875, 5.98828125, 4.65625, 1.10546875, 6.8125, 7.19140625, 3.890625, 2.783203125, 2.314453125, 0.136474609375, 5.1328125, 2.22265625, 5.27734375, 6.9375, 1.341796875, 1.703125, 5.47265625, 2.916015625, 0.408447265625, 0.56005859375, 5.4140625, 0.66748046875, 3.740234375, 1.0712890625, 2.5703125, 2.28125, 5.7890625, 2.693359375, 6.2578125, 2.365234375, 1.2587890625, 2.197265625, 4.296875, 0.64794921875, 2.609375, 1.3857421875, 5.45703125, 4.5546875, 4.85546875, 9.078125, 3.583984375, 8.1875, 3.994140625, 5.64453125, 2.962890625, 2.904296875, 7.16796875, 0.1431884765625, 0.23583984375, 3.8984375, 3.857421875, 0.347900390625, 3.87109375, 8.3828125, 1.0390625, 0.4140625, 0.85693359375, 3.484375, 0.075927734375, 0.0256805419921875, 7.484375, 0.136962890625, 7.6171875, 5.296875, 0.0311431884765625, 0.9501953125, 5.21484375, 4.1953125, 0.0010480880737304688, 0.057373046875, 0.0003209114074707031, 0.00627899169921875, 0.003284454345703125, 0.87646484375, 9.015625, 0.5517578125, 3.6328125, 7.9453125, 3.787109375, 2.15625, 0.00435638427734375, 0.93798828125, 0.002063751220703125, 0.264892578125, 0.26318359375, 6.9375, 3.271484375, 7.37109375, 8.7265625, 6.95703125, 0.472900390625, 0.0026874542236328125, 0.05780029296875, 0.0012836456298828125, 0.432373046875, 8.03125, 4.54296875, 9.296875, 0.260009765625, 1.6044921875, 0.0006103515625, 1.98046875, 0.00914764404296875, 0.0570068359375, 2.44140625, 6.41015625, 4.453125, 0.73583984375, 1.033203125, 8.8203125, 2.541015625, 3.873046875, 0.74462890625, 2.3828125, 0.27978515625, 7.74609375, 0.009063720703125, 0.009979248046875, 4.1328125, 0.95703125, 0.19287109375, 0.1512451171875, 0.634765625, 0.000278472900390625, 0.00571441650390625, 0.0008945465087890625, 9.234375, 0.0220794677734375, 0.8984375, 0.42724609375, 1.0498046875, 12.0703125, 0.44580078125, 0.5859375, 6.05078125, 0.005336761474609375, 0.00667572021484375, 5.25390625, 0.9609375, 6.35546875, 0.03497314453125, 0.322265625, 0.00888824462890625, 0.313720703125, 0.88232421875, 1.6083984375, 0.438232421875, 1.783203125, 0.0145416259765625, 0.1865234375, 1.3974609375, 0.666015625, 0.086181640625, 3.37109375, 0.32666015625, 0.11187744140625, 0.00016045570373535156, 0.0024623870849609375, 0.0011272430419921875, 0.0005402565002441406, 1.796875, 7.05078125, 6.41796875, 0.2366943359375, 2.083984375, 0.206298828125, 0.05865478515625, 3.06640625, 2.65234375, 13.5703125, 3.23828125, 0.16943359375, 1.033203125, 1.5986328125, 5.57421875, 5.0859375, 3.435546875, 1.9140625, 2.150390625, 6.1484375, 2.2890625, 2.783203125, 8.1875, 7.171875, 1.466796875, 4.08984375, 3.384765625, 4.15234375, 8.15625, 2.87890625, 3.810546875, 1.015625, 0.0020999908447265625, 7.64453125, 4.40234375, 0.1978759765625, 6.48046875, 0.66748046875, 0.000278472900390625, 6.23828125, 3.94140625, 4.27734375, 0.51611328125, 0.084716796875, 6.2265625, 4.359375, 3.2421875, 0.379150390625, 5.89453125, 2.2421875, 8.7265625, 0.78076171875, 7.140625, 3.6796875, 6.05859375, 2.693359375, 8.2265625, 3.48828125, 7.046875, 1.51953125, 3.24609375, 2.068359375, 2.64453125, 3.662109375, 5.765625, 5.55859375, 1.46484375, 1.1845703125, 3.734375, 2.79296875, 2.1015625, 1.3330078125, 6.328125, 0.0994873046875, 3.27734375, 0.53173828125, 0.0214080810546875, 0.533203125, 3.28125, 4.640625, 0.1114501953125, 6.83203125, 1.8671875, 2.126953125, 3.48828125, 0.056884765625, 5.26171875, 2.52734375, 2.044921875, 5.26953125, 3.861328125, 1.515625, 4.96484375, 3.498046875, 0.99365234375, 8.6171875, 0.34619140625, 1.7421875, 0.180419921875, 0.02130126953125, 7.67578125, 0.42333984375, 0.0014181137084960938, 0.09625244140625, 0.004871368408203125, 0.003551483154296875, 2.611328125, 6.57421875, 3.947265625, 2.251953125, 0.54736328125, 8.1953125, 3.126953125, 3.8359375, 1.1015625, 0.359130859375, 2.51171875, 9.381771087646484e-05, 0.461669921875, 0.05181884765625, 1.4443359375, 1.1162109375, 0.214111328125, 1.78515625, 0.003570556640625, 0.00016319751739501953, 7.891654968261719e-05, 0.0018701553344726562]",-1.4894190381554995
223,0,test,2.8509573644521287,1.2612423244589461,1.7374298818659195,6.050592967722143,2.676737307304957,3.687351188132707,17.304340473416456,12.401988718339176,14.259259531903549,36.72503913422917,26.320767423813365,30.262457279939188,3.4510380083592094,1.4954100521719922,2.0985299096263614,7.324145413424221,3.173711981228328,4.45371455640127,31.53310695538373,24.46475070698004,27.66599447776954,66.92278094847626,51.92159322704397,58.71559979094974,2.8509573644521287,1.2612423244589461,1.7374298818659195,6.050592967722143,2.676737307304957,3.687351188132707,17.304340473416456,12.401988718339176,14.259259531903549,36.72503913422917,26.320767423813365,30.262457279939188,0.6984924623115578,0.013492462311557762,0.008492462311557869,0.5628140703517588,-0.0021859296482411583,-0.0021859296482411583,0.42211055276381915,-0.007889447236180902,-0.0028894472361808976,0.37755102040816324,0.10250857558643145,0.16601255886970168,0.2935153583617748,0.3668341708542714,0.061069759826702485,0.11975570674742664,0.33333333333333337,0.37755102040816324,0.10250857558643145,0.16601255886970168,0.2935153583617748,22.0,9.0,9.0,35.0,15.0,14.0,41.0,12.0,12.0,-0.002536436731250238,-0.0006993237606776682,-0.000330027719103952,0.012413645550248376,0.008902537761020568,0.010837334400327414,"[3.0625, 9.453125, 2.48046875, 1.494140625, 12.8203125, 11.390625, 2.390625, 1.3974609375, 1.3447265625, 3.318359375, 0.80224609375, 0.99462890625, 2.673828125, 3.74609375, 0.006549835205078125, 4.9296875, 1.6845703125, 1.84375, 2.890625, 4.4375, 0.97509765625, 10.921875, 0.27490234375, 10.421875, 1.2041015625, 5.77734375, 6.0, 1.7880859375, 10.1875, 12.546875, 3.98046875, 2.681640625, 3.8984375, 2.20703125, 0.465576171875, 12.0234375, 2.314453125, 10.4921875, 1.7822265625, 0.16552734375, 11.1875, 7.74609375, 3.173828125, 10.71875, 6.42578125, 5.7265625, 0.68798828125, 0.919921875, 12.71875, 3.6953125, 1.859375, 2.693359375, 5.85546875, 0.9501953125, 1.10546875, 0.003971099853515625, 0.02960205078125, 0.306884765625, 9.2890625, 1.9599609375, 6.921875, 5.09375, 4.83984375, 11.0546875, 0.97314453125, 1.490234375, 2.4609375, 0.7880859375, 0.2120361328125, 7.40234375, 5.98046875, 1.04296875, 5.81640625, 0.80078125, 6.2578125, 2.3203125, 2.83203125, 0.41845703125, 5.61328125, 5.14453125, 0.93408203125, 0.65087890625, 3.693359375, 10.40625, 0.007354736328125, 0.0228729248046875, 3.626953125, 0.363037109375, 0.4052734375, 1.0517578125, 7.4375, 6.484375, 0.8525390625, 1.994140625, 3.224609375, 0.02337646484375, 0.01409149169921875, 0.253662109375, 0.92431640625, 3.859375, 3.193359375, 2.904296875, 7.67578125, 0.301513671875, 1.7001953125, 3.51953125, 7.41015625, 6.92578125, 4.22265625, 3.267578125, 1.560546875, 2.193359375, 2.0390625, 2.884765625, 5.90234375, 2.154296875, 7.53125, 1.3564453125, 3.412109375, 0.15966796875, 5.4609375, 1.4248046875, 2.71484375, 0.548828125, 2.869140625, 1.0830078125, 2.0390625, 2.240234375, 1.9423828125, 7.4765625, 0.4521484375, 0.30419921875, 0.05615234375, 0.46337890625, 7.51171875, 5.15234375, 0.93701171875, 0.3369140625, 4.1328125, 0.9130859375, 5.26953125, 8.359375, 5.25390625, 0.0006775856018066406, 0.15966796875, 0.171142578125, 12.421875, 0.80859375, 2.587890625, 2.341796875, 0.751953125, 5.3984375, 0.4775390625, 5.18359375, 3.08203125, 0.97412109375, 3.423828125, 4.43359375, 3.212890625, 2.3125, 4.33984375, 7.48046875, 0.1536865234375, 3.28515625, 0.01291656494140625, 0.04315185546875, 2.34765625, 7.87109375, 3.14453125, 11.2421875, 3.9921875, 2.142578125, 0.01523590087890625, 6.73046875, 0.03759765625, 1.111328125, 4.09375, 0.021392822265625, 0.6259765625, 3.7265625, 0.7939453125, 7.94140625, 0.01031494140625, 0.01087188720703125, 0.87353515625, 1.0478515625, 0.2244873046875, 14.53125, 0.68603515625, 1.7509765625, 5.54296875, 3.748046875, 2.3203125, 9.828125, 0.339111328125, 0.054779052734375, 0.06396484375, 2.3828125, 0.037689208984375, 0.166015625, 0.7392578125, 4.921875, 0.2283935546875, 0.48974609375, 5.3671875, 0.241455078125, 0.274169921875, 0.0209503173828125, 0.35693359375, 0.424560546875, 0.8544921875, 7.25, 6.95703125, 4.03125, 1.044921875, 2.119140625, 1.552734375, 1.837890625, 8.0703125, 1.013671875, 0.74169921875, 3.60546875, 0.0041351318359375, 0.00839996337890625, 0.32568359375, 8.5703125, 0.002231597900390625, 3.056640625, 0.01197052001953125, 0.67919921875, 0.005504608154296875, 0.346435546875, 4.859375, 3.529296875, 0.82080078125, 7.234375, 5.04296875, 0.1453857421875, 0.7294921875, 0.67626953125, 6.75390625, 4.5078125, 2.205078125, 0.8427734375, 1.0595703125, 0.034393310546875, 0.002910614013671875, 0.134765625, 2.896484375, 6.59765625, 7.23828125, 0.2083740234375, 0.08380126953125, 0.0855712890625, 0.0010967254638671875, 0.02801513671875, 0.0224151611328125, 1.669921875, 0.00482940673828125, 6.8671875, 0.55859375, 6.09375, 0.1707763671875, 0.91552734375, 0.1448974609375, 0.3447265625, 0.03143310546875, 0.00489044189453125, 0.036224365234375, 2.0625, 3.19140625, 0.7353515625, 0.0823974609375, 0.021881103515625, 0.0197296142578125, 0.0009474754333496094, 0.327392578125, 0.010284423828125, 1.4541015625, 0.00389862060546875, 3.15234375, 0.155029296875, 2.7890625, 0.034210205078125, 0.10418701171875, 0.01523590087890625, 0.4384765625, 0.00439453125, 0.0019664764404296875, 0.037628173828125, 0.83203125, 0.875, 0.28466796875, 0.020477294921875]",-0.9752977186319778
462,0,test,3.9378385120822537,1.8312469687525508,2.5012417484622045,5.859654436639143,2.724965585081547,3.7219434630227064,51.30758064319745,43.08740527369629,47.10122443737067,76.34764392360961,64.11570832593085,70.08842488048937,4.3286698499516625,2.0197359590998456,2.785756028766291,6.441226427440034,3.005444417607904,4.145311602613955,75.84333642703884,65.77964648510799,71.16513455283973,112.8577876976511,97.88263185104586,105.89644423891464,3.9472511962903383,1.8179220082491607,2.4962458473856937,5.873660871034906,2.7051375338061674,3.714509370990195,51.792802735942075,43.38357882491681,47.52540014812166,77.06967297070807,64.55642590693364,70.71961457447769,0.8492462311557789,-0.015753768844221083,-0.020753768844221088,0.6884422110552764,-0.016557788944723706,0.003442211055276312,0.5678391959798995,0.00783919597989946,0.012839195979899576,0.432258064516129,0.11180717884785207,0.1661636439152706,0.4077669902912622,0.457286432160804,0.10891550484250823,0.18349678274511116,0.43939393939393945,0.4347826086956522,0.11591783407127831,0.17004401025293814,0.4093959731543624,25.0,-1.0,-2.0,40.0,1.0,0.0,48.0,1.0,0.0,-0.0010561149695762272,-0.0001876569922959333,-0.00034603040676181796,-0.0004635968812909397,-6.103705499693746e-05,7.885590001688314e-05,"[3.0625, 9.453125, 2.48046875, 1.494140625, 11.8203125, 12.140625, 2.5546875, 1.7939453125, 10.078125, 3.5, 0.01291656494140625, 9.359375, 5.578125, 2.576171875, 4.3203125, 11.296875, 1.5966796875, 3.87109375, 1.9228515625, 10.0859375, 3.357421875, 2.494140625, 9.3125, 2.017578125, 1.41796875, 8.703125, 9.3359375, 2.265625, 7.578125, 1.064453125, 0.71875, 5.82421875, 4.93359375, 7.6875, 0.259765625, 0.5693359375, 6.109375, 0.179931640625, 6.4375, 1.759765625, 3.828125, 4.703125, 5.48046875, 0.42236328125, 4.78125, 8.140625, 1.99609375, 5.4765625, 3.37890625, 5.1640625, 4.58203125, 1.7529296875, 4.74609375, 9.203125, 0.06005859375, 2.408203125, 3.3515625, 2.22265625, 4.52734375, 0.96923828125, 5.17578125, 5.16015625, 2.625, 7.828125, 8.71875, 5.29296875, 1.603515625, 1.1826171875, 0.0243072509765625, 0.56103515625, 3.693359375, 2.33984375, 3.828125, 0.80712890625, 3.986328125, 0.55078125, 7.9765625, 2.740234375, 2.78515625, 13.4453125, 3.427734375, 4.890625, 2.0546875, 1.9443359375, 1.240234375, 5.765625, 2.662109375, 5.9609375, 0.57763671875, 7.28515625, 1.626953125, 1.5224609375, 7.0078125, 7.64453125, 1.2734375, 1.7021484375, 4.62109375, 2.18359375, 1.9150390625, 7.078125, 6.10546875, 8.734375, 6.53515625, 9.3984375, 5.34375, 11.375, 0.058135986328125, 2.423828125, 8.5390625, 5.28125, 1.509765625, 6.58984375, 9.96875, 1.140625, 4.9921875, 0.01293182373046875, 2.775390625, 5.95703125, 5.73828125, 2.177734375, 6.5078125, 2.177734375, 0.97802734375, 1.171875, 5.9609375, 1.193359375, 7.63671875, 1.6240234375, 1.5029296875, 0.59765625, 3.15234375, 6.953125, 2.498046875, 4.8984375, 1.6162109375, 2.013671875, 5.21484375, 1.5732421875, 2.060546875, 5.234375, 0.51513671875, 0.152099609375, 5.125, 0.65234375, 1.875, 7.76953125, 3.197265625, 0.43505859375, 5.953125, 5.2109375, 2.462890625, 10.984375, 1.7412109375, 13.421875, 8.328125, 5.17578125, 0.199951171875, 5.75, 0.74560546875, 2.47265625, 5.60546875, 1.2783203125, 6.71484375, 10.8828125, 2.830078125, 3.171875, 2.841796875, 7.7265625, 9.4609375, 5.7265625, 12.8984375, 10.8203125, 1.6533203125, 4.4921875, 5.5625, 0.273681640625, 0.98828125, 1.642578125, 3.521484375, 5.37890625, 5.6328125, 3.779296875, 0.5869140625, 10.9140625, 0.5888671875, 9.0703125, 10.0390625, 4.92578125, 8.8359375, 3.220703125, 0.005054473876953125, 1.533203125, 4.83984375, 7.44921875, 2.75, 1.0546875, 2.0625, 8.171875, 4.6875, 1.962890625, 2.259765625, 1.4599609375, 6.83203125, 5.03515625, 4.9375, 1.474609375, 0.80126953125, 7.28125, 2.72265625, 0.279052734375, 3.33984375, 9.2734375, 6.5390625, 0.0101776123046875, 0.1568603515625, 0.00141143798828125, 0.0029087066650390625, 0.0109405517578125, 1.6650390625, 0.00469207763671875, 0.036651611328125, 4.14453125, 4.2265625, 8.1015625, 5.98828125, 10.09375, 5.08984375, 5.5390625, 0.1043701171875, 1.4990234375, 6.24609375, 6.5703125, 7.50390625, 8.4921875, 4.3828125, 1.369140625, 0.79833984375, 0.96533203125, 5.18359375, 5.12109375, 10.0625, 8.484375, 0.8916015625, 4.6953125, 0.1776123046875, 0.341796875, 0.298828125, 9.4765625, 4.29296875, 7.44140625, 1.212890625, 1.4140625, 0.365234375, 3.251953125, 1.8896484375, 0.0266571044921875, 0.01163482666015625, 8.2421875, 7.640625, 4.75390625, 0.049560546875, 2.142578125, 1.50390625, 0.274169921875, 0.7041015625, 5.2734375, 2.212890625, 1.568359375, 6.77734375, 3.611328125, 2.546875, 1.4638671875, 0.3056640625, 7.51953125, 10.8125, 0.0657958984375, 1.60546875, 0.48779296875, 6.875, 4.61328125, 11.7578125, 1.8701171875, 0.023345947265625, 0.5947265625, 3.20703125, 2.791015625, 0.017730712890625, 1.9775390625, 0.00037407875061035156, 0.48876953125, 0.0012645721435546875, 2.275390625, 0.334716796875, 0.43896484375, 0.00841522216796875, 3.541015625, 0.0157470703125, 0.04168701171875, 2.01171875, 8.796875, 0.18310546875, 2.681640625, 0.615234375, 10.1171875, 3.541015625, 1.0498046875, 4.5, 6.32421875, 0.1439208984375, 2.548828125]",-0.9986505931423557
299,0,test,3.7428999065981476,1.7219919971321622,2.380102598259409,5.996088407585092,2.758614045156996,3.8129006797986555,42.22024758631997,34.67507542823351,38.313140172560956,67.63641653131856,55.549125810403936,61.3772693311673,3.8719431718989235,1.7434763165844824,2.4303646296481007,6.202814434584345,2.79303171114529,3.893419953963624,48.03563695011092,39.633661462345124,43.808273325115614,76.95261242754087,63.49273129788621,70.18041796361804,3.778224632492831,1.7884536303697576,2.4233415105260456,6.052678266978565,2.8650849202938407,3.882168987011874,43.73832117048096,36.42446245807279,39.86201329556547,70.06835530793467,58.35162642537034,63.85854866254766,0.728643216080402,-0.01635678391959805,0.0036432160804019675,0.6180904522613065,0.008090452261306558,0.008090452261306558,0.5226130653266332,-0.002386934673366814,0.007613065326633195,0.44548286604361376,0.13444087537487348,0.2092134359918003,0.4125,0.4522613065326633,0.1289530358559715,0.20017449518040953,0.41414141414141414,0.4448160535117057,0.1409763206235588,0.20899847842827968,0.4161073825503355,25.0,4.0,4.0,35.0,2.0,2.0,45.0,4.0,5.0,-0.0006430166022824625,-0.00021818760375869997,-0.00011823328064210933,-0.00042015868917300025,-1.8428279449089757e-05,0.00011740602667131839,"[3.056640625, 9.4453125, 2.4296875, 6.078125, 0.78955078125, 0.10418701171875, 11.328125, 1.5478515625, 4.1875, 4.97265625, 0.81884765625, 0.513671875, 8.9140625, 2.73046875, 12.46875, 2.49609375, 3.015625, 2.443359375, 6.51171875, 8.234375, 0.323974609375, 8.0859375, 3.84765625, 8.75, 0.6181640625, 6.796875, 0.1455078125, 11.21875, 7.44140625, 5.28515625, 4.0390625, 7.765625, 14.1875, 5.2890625, 1.353515625, 3.97265625, 4.265625, 4.8828125, 0.03131103515625, 9.0546875, 3.056640625, 0.181640625, 3.640625, 3.896484375, 0.87548828125, 10.1953125, 0.135498046875, 6.47265625, 10.3203125, 4.828125, 8.7734375, 1.1171875, 0.06915283203125, 6.6328125, 0.87060546875, 1.2900390625, 3.291015625, 5.125, 8.5546875, 0.857421875, 5.98046875, 0.405029296875, 1.701171875, 3.48828125, 0.95263671875, 8.1875, 1.611328125, 1.205078125, 4.0859375, 2.36328125, 5.03125, 8.3671875, 0.740234375, 1.984375, 6.984375, 3.765625, 0.666015625, 6.53515625, 4.76953125, 0.10333251953125, 0.52294921875, 4.9296875, 2.8203125, 6.89453125, 0.1094970703125, 6.05859375, 0.375, 0.521484375, 6.31640625, 5.80078125, 0.61669921875, 2.341796875, 3.658203125, 2.255859375, 1.59375, 4.23046875, 0.082763671875, 1.478515625, 4.97265625, 0.06353759765625, 0.0014591217041015625, 7.59765625, 0.6904296875, 0.32958984375, 7.1640625, 0.888671875, 8.078125, 0.88671875, 0.218505859375, 5.97265625, 2.240234375, 1.5673828125, 5.90625, 0.443115234375, 8.109375, 6.44921875, 3.791015625, 8.9453125, 4.41015625, 0.3369140625, 2.1328125, 6.2265625, 9.4375, 2.345703125, 0.8486328125, 5.21875, 6.27734375, 4.046875, 2.908203125, 8.9765625, 0.062469482421875, 0.85986328125, 7.76953125, 1.44140625, 6.62890625, 5.5078125, 1.7841796875, 6.12890625, 0.455322265625, 3.2578125, 1.462890625, 1.943359375, 0.15478515625, 0.927734375, 7.94140625, 0.18798828125, 10.796875, 4.02734375, 5.50390625, 1.7744140625, 3.265625, 8.1796875, 13.7421875, 0.1104736328125, 1.6396484375, 0.87841796875, 6.43359375, 6.96484375, 5.49609375, 6.0, 2.1875, 8.859375, 3.416015625, 0.34033203125, 1.8046875, 0.52099609375, 0.318603515625, 0.10888671875, 4.53125, 2.015625, 4.64453125, 0.0120086669921875, 7.23046875, 2.1953125, 10.1484375, 5.44921875, 6.15234375, 5.578125, 0.81201171875, 6.05078125, 2.9375, 5.1875, 0.49951171875, 0.10174560546875, 0.061859130859375, 4.46875, 0.02972412109375, 1.517578125, 7.7890625, 2.115234375, 1.7333984375, 2.6953125, 4.51953125, 1.0380859375, 1.3984375, 5.5546875, 5.796875, 0.8916015625, 2.369140625, 0.1712646484375, 4.24609375, 1.1767578125, 7.83984375, 0.10052490234375, 7.4296875, 2.935546875, 6.109375, 10.0859375, 5.05078125, 0.1756591796875, 6.27734375, 4.4296875, 4.34765625, 7.36328125, 3.5859375, 7.30078125, 11.203125, 10.90625, 3.38671875, 6.171875, 0.27392578125, 6.3828125, 1.994140625, 0.54931640625, 1.025390625, 0.0069427490234375, 0.0540771484375, 0.04571533203125, 1.1767578125, 6.1953125, 3.953125, 0.170654296875, 6.63671875, 5.08984375, 6.859375, 1.4638671875, 5.77734375, 1.2470703125, 0.10247802734375, 2.865234375, 0.0091094970703125, 4.2421875, 0.0030651092529296875, 0.01303863525390625, 6.828125, 5.24609375, 1.36328125, 2.4921875, 6.65625, 9.78125, 10.5703125, 3.0703125, 3.009765625, 7.6640625, 3.708984375, 0.024688720703125, 0.025390625, 7.63671875, 1.486328125, 1.9228515625, 11.34375, 4.58984375, 3.244140625, 6.98828125, 2.416015625, 6.34375, 0.286865234375, 12.0390625, 10.625, 0.99853515625, 0.4482421875, 0.0011148452758789062, 1.6806640625, 0.00795745849609375, 0.1407470703125, 4.33984375, 0.1199951171875, 0.008209228515625, 1.6689453125, 0.798828125, 0.52880859375, 7.0, 10.953125, 0.253662109375, 0.04388427734375, 8.46875, 1.2783203125, 7.3046875, 0.020294189453125, 0.0210418701171875, 1.2509765625, 0.448974609375, 0.0027217864990234375, 0.0158538818359375, 0.01068115234375, 9.4296875, 0.76025390625, 3.2421875, 0.58447265625, 4.234375, 7.3046875, 1.619140625, 2.78515625, 2.927734375, 0.1251220703125, 8.6796875, 1.2177734375, 2.5078125, 5.5234375, 1.3935546875, 0.04150390625, 4.99609375, 0.06640625, 2.78125, 4.40234375, 7.234375, 3.51953125, 6.67578125, 3.65234375, 0.10272216796875, 1.0009765625]",-1.2061734080686004
12,0,test,2.8424814224884076,1.2294018738062653,1.6269975237308012,5.956435789821214,2.5762185333131287,3.4093824514134203,17.15828972106914,12.14004834576118,13.786364380982711,35.95529250538645,25.439539511061348,28.889404011834557,3.3416342130258454,1.4346898625346538,2.020447860772089,7.002413266621575,3.006400666996775,4.233859843078591,28.265280472120228,21.53279525137166,24.517415443124744,59.230054023038456,45.12209342000915,51.376381799356906,2.850484604022176,1.2311892397919517,1.7070213247202601,5.97320650168692,2.579963968777517,3.5770727759587477,17.296161599450517,12.246630616907304,14.158545588732698,36.24420380109575,25.66288325902486,29.669311823580323,0.6381909547738693,0.013190954773869334,0.00819095477386933,0.5226130653266332,-0.012386934673366712,-0.002386934673366814,0.44723618090452266,-0.0027638190954772934,0.002236180904522711,0.4086021505376344,0.1320920834235404,0.17888563049853368,0.3557951482479784,0.40703517587939697,0.10878956184430921,0.1783206516723853,0.3737373737373737,0.3946488294314381,0.11752028185213925,0.18107819539361825,0.3355704697986577,24.0,8.0,8.0,35.0,10.0,11.0,42.0,9.0,8.0,-0.0009090359214663512,-0.0002896124447342513,-0.0004165547583838199,0.005331242362702326,0.008482617391846858,0.009061323121463793,"[3.056640625, 9.4453125, 2.4296875, 1.0791015625, 0.80224609375, 5.9921875, 12.6875, 13.3984375, 0.716796875, 10.1796875, 5.51171875, 2.498046875, 1.2373046875, 9.109375, 1.2890625, 0.95166015625, 0.2344970703125, 1.6318359375, 2.669921875, 1.6416015625, 6.1875, 6.1796875, 1.1005859375, 7.18359375, 2.0546875, 0.87744140625, 7.59375, 0.75830078125, 3.736328125, 12.234375, 5.37109375, 5.15234375, 1.69140625, 3.056640625, 2.68359375, 10.734375, 4.734375, 4.53515625, 1.6650390625, 5.515625, 0.2900390625, 5.56640625, 3.828125, 1.1474609375, 11.0390625, 0.84912109375, 0.5302734375, 10.8984375, 5.1484375, 1.7822265625, 8.984375, 1.490234375, 0.611328125, 7.3984375, 0.0011720657348632812, 0.0021762847900390625, 0.0012388229370117188, 6.99609375, 0.61669921875, 6.9453125, 1.666015625, 0.3056640625, 5.8671875, 0.68994140625, 2.734375, 5.25390625, 8.296966552734375e-05, 0.00888824462890625, 0.0003082752227783203, 4.46875, 2.61328125, 0.11248779296875, 5.21484375, 1.916015625, 10.2890625, 2.982421875, 4.35546875, 0.01094818115234375, 5.125, 1.119140625, 2.21484375, 3.43359375, 4.53515625, 0.290283203125, 8.8359375, 7.58203125, 0.06231689453125, 0.3818359375, 3.6171875, 0.00047326087951660156, 0.00861358642578125, 0.0015726089477539062, 3.4765625, 4.66796875, 6.90234375, 0.98193359375, 4.828125, 0.31201171875, 1.5966796875, 1.7421875, 4.546875, 0.171875, 4.72265625, 4.10546875, 1.693359375, 4.95703125, 7.140625, 1.23828125, 3.802734375, 3.638671875, 1.7451171875, 0.2047119140625, 3.119140625, 0.2410888671875, 0.615234375, 6.09765625, 0.3232421875, 13.0078125, 0.6875, 0.071533203125, 6.1796875, 0.07623291015625, 0.043121337890625, 0.406494140625, 3.341796875, 8.8046875, 0.61328125, 9.6484375, 10.8828125, 0.0012493133544921875, 0.007144927978515625, 9.375, 0.544921875, 0.8603515625, 6.1015625, 6.83203125, 3.501953125, 4.8203125, 4.05078125, 0.08551025390625, 2.138671875, 2.34765625, 6.1171875, 0.64697265625, 2.8984375, 4.58984375, 0.5751953125, 6.828125, 0.51904296875, 0.2469482421875, 7.296875, 0.27490234375, 6.67578125, 0.1298828125, 0.0238189697265625, 7.09375, 0.0009775161743164062, 0.003879547119140625, 0.000179290771484375, 0.254150390625, 3.662109375, 7.88671875, 10.6015625, 0.00045013427734375, 0.00441741943359375, 0.003997802734375, 1.4013671875, 4.08203125, 2.572265625, 0.0048675537109375, 0.1390380859375, 0.00031447410583496094, 0.002399444580078125, 0.00321197509765625, 0.67822265625, 3.283203125, 7.3125, 9.109375, 10.8203125, 2.349609375, 0.102294921875, 0.97216796875, 0.1583251953125, 3.845703125, 2.388671875, 0.389404296875, 5.96875, 6.828125, 1.0419921875, 2.361328125, 0.059722900390625, 0.263671875, 4.0625, 0.1488037109375, 0.1873779296875, 4.40234375, 8.1640625, 5.16796875, 0.07464599609375, 0.43603515625, 7.3125, 1.79296875, 4.58984375, 6.59765625, 3.0234375, 4.859375, 4.0234375, 0.4306640625, 0.49755859375, 3.783203125, 5.87109375, 4.546875, 0.2939453125, 2.7421875, 0.332275390625, 0.7734375, 3.28515625, 1.6044921875, 0.271240234375, 0.0004718303680419922, 0.39501953125, 9.942054748535156e-05, 0.5078125, 3.189453125, 0.15576171875, 1.552734375, 0.0318603515625, 0.016021728515625, 0.384033203125, 1.01171875, 0.8427734375, 0.041107177734375, 0.00042819976806640625, 0.0013608932495117188, 0.0014133453369140625, 0.0985107421875, 0.287841796875, 0.0026912689208984375, 4.5418739318847656e-05, 0.002681732177734375, 0.0002524852752685547, 3.78515625, 4.609375, 5.07421875, 2.42578125, 3.955078125, 0.290771484375, 0.0007886886596679688, 5.69921875, 0.07000732421875, 0.015838623046875, 5.25, 8.5859375, 4.14453125, 0.1951904296875, 10.28125, 0.6064453125, 6.73046875, 1.2587890625, 0.5146484375, 3.419921875, 0.03533935546875, 0.0006871223449707031, 0.039703369140625, 0.392333984375, 5.65234375, 0.1898193359375, 0.0016870498657226562, 9.3828125, 8.1171875, 0.37158203125, 3.91796875, 2.943359375, 3.189453125, 0.07763671875, 0.060699462890625, 3.091796875, 0.002819061279296875, 1.2021484375, 0.007755279541015625, 0.0007777214050292969, 3.947265625, 1.3876953125, 0.06536865234375, 0.006855010986328125, 8.7890625, 0.11505126953125, 3.1015625, 0.11846923828125, 0.08502197265625, 4.34765625, 0.0234832763671875, 2.87890625, 0.007659912109375, 0.00670623779296875, 0.0164794921875, 0.0596923828125, 2.509765625, 0.00872802734375, 0.0058746337890625, 1.3310546875, 0.1048583984375, 0.08514404296875, 0.274169921875, 1.384765625, 0.034210205078125, 0.024444580078125, 0.006298065185546875, 0.1298828125, 0.0186004638671875, 5.203125, 1.642578125, 0.4541015625, 0.078369140625, 9.40625, 1.4853515625, 2.94140625, 0.0350341796875, 3.150390625, 0.11492919921875, 0.31396484375, 8.53125, 8.7265625, 3.0703125, 6.74609375, 3.123046875, 3.865234375, 12.234375, 0.62451171875, 1.126953125, 0.006053924560546875, 1.0908203125, 5.578125, 9.171875, 1.013671875, 3.943359375, 0.7890625, 1.7197265625, 0.03594970703125, 0.004131317138671875, 0.03271484375, 0.0220489501953125, 0.0160369873046875, 1.4521484375, 0.1328125, 6.890625, 4.53125, 0.0123138427734375, 0.0005340576171875, 8.234375, 13.046875, 0.018951416015625, 6.94921875, 3.64453125, 4.0234375, 1.7060546875, 1.9169921875, 0.6552734375, 2.962890625, 0.045867919921875, 1.783203125, 7.59375, 0.006656646728515625, 8.4921875, 4.8203125, 2.025390625, 0.005767822265625, 3.712890625, 4.84375, 0.06475830078125, 6.57421875, 1.484375]",-1.29351348870544
344,0,test,3.768013424343533,1.721051404760979,2.3435139576657185,6.133975341954589,2.8017115891457802,3.815022721781402,43.29397259775842,35.549634412927766,39.13819538064695,70.47856004286254,57.87149788151032,63.713341317332244,3.8477038666231547,1.6657944578387043,2.357330400055034,6.263703968921414,2.711758419737425,3.8375146047407527,46.885284674936415,38.02207106494947,42.44653173962132,76.32488202896626,61.896394756894495,69.09900515752308,3.768013424343533,1.721051404760979,2.3435139576657185,6.133975341954589,2.8017115891457802,3.815022721781402,43.29397259775842,35.549634412927766,39.13819538064695,70.47856004286254,57.87149788151032,63.713341317332244,0.7537688442211055,-0.006231155778894548,0.0037688442211054607,0.6331658291457287,-0.006834170854271293,0.00816582914572872,0.507537688442211,0.002537688442211028,-0.01746231155778899,0.44802867383512546,0.11529164342367648,0.18581174892451757,0.44964028776978415,0.44723618090452266,0.10638405057870814,0.19014102230685992,0.4292929292929293,0.44802867383512546,0.11529164342367648,0.18581174892451757,0.44964028776978415,25.0,7.0,7.0,40.0,10.0,10.0,43.0,5.0,4.0,-5.154805112427933e-05,-0.0004107335705092019,-9.05235091560165e-05,0.0002456840853515274,-0.00018111633153772289,-2.978536601450088e-05,"[3.0625, 9.453125, 2.48046875, 5.4921875, 0.79443359375, 0.078125, 1.3251953125, 3.69921875, 8.265625, 7.78125, 0.1885986328125, 3.29296875, 1.3310546875, 0.365966796875, 11.1015625, 3.685546875, 1.7587890625, 0.72412109375, 7.171875, 1.4853515625, 12.9609375, 7.0625, 10.34375, 5.4375, 8.6796875, 1.7197265625, 1.205078125, 7.30859375, 3.05859375, 0.27783203125, 9.3515625, 0.7421875, 9.8984375, 6.0546875, 5.3125, 0.69775390625, 5.26953125, 4.91015625, 0.427978515625, 1.3212890625, 5.38671875, 7.05859375, 2.587890625, 6.27734375, 3.873046875, 0.378173828125, 4.8046875, 5.0625, 1.7109375, 2.47265625, 8.828125, 0.2462158203125, 0.35888671875, 10.078125, 0.0667724609375, 9.359375, 4.71484375, 7.0078125, 2.259765625, 1.119140625, 6.72265625, 0.040191650390625, 6.9765625, 0.156982421875, 1.4833984375, 7.56640625, 0.255859375, 4.859375, 2.591796875, 0.96240234375, 4.453125, 6.8828125, 0.83349609375, 4.78515625, 5.296875, 1.2587890625, 1.2216796875, 0.4267578125, 6.546875, 5.07421875, 10.7890625, 2.625, 2.818359375, 1.5595703125, 4.75390625, 4.6953125, 2.947265625, 0.276123046875, 0.76806640625, 5.5859375, 9.46875, 9.8828125, 7.5703125, 6.078125, 0.57958984375, 5.28125, 1.677734375, 0.0806884765625, 3.037109375, 0.2418212890625, 3.154296875, 2.962890625, 1.5673828125, 3.998046875, 8.3828125, 7.01953125, 5.86328125, 1.494140625, 2.841796875, 1.4853515625, 0.85595703125, 1.6015625, 4.7421875, 0.8837890625, 3.583984375, 10.1875, 4.88671875, 4.85546875, 0.54833984375, 0.900390625, 4.82421875, 0.0170440673828125, 2.3203125, 0.822265625, 2.298828125, 2.955078125, 10.421875, 3.12109375, 6.10546875, 4.2109375, 4.38671875, 1.0166015625, 2.53125, 0.09100341796875, 4.546875, 0.36572265625, 0.53955078125, 7.203125, 8.8046875, 2.517578125, 11.9453125, 0.1483154296875, 0.75048828125, 11.5625, 4.46875, 0.0308685302734375, 0.443115234375, 5.78125, 1.234375, 6.3359375, 6.6640625, 0.040313720703125, 7.02734375, 5.609375, 0.95751953125, 4.3515625, 4.51953125, 2.244140625, 0.775390625, 0.57080078125, 0.446044921875, 7.359375, 2.64453125, 1.3486328125, 3.54296875, 0.45068359375, 0.71630859375, 6.44921875, 2.265625, 1.5966796875, 4.34375, 0.0499267578125, 7.55859375, 2.220703125, 3.591796875, 8.7890625, 0.12255859375, 0.5830078125, 1.2451171875, 4.33203125, 5.3671875, 2.65234375, 0.880859375, 6.2734375, 5.3671875, 1.4306640625, 6.890625, 8.875, 0.1552734375, 4.57421875, 4.69921875, 8.0390625, 2.396484375, 7.828125, 6.203125, 2.40234375, 0.3515625, 2.697265625, 3.47265625, 7.421875, 5.5, 7.8828125, 3.09375, 4.1484375, 3.6015625, 0.67333984375, 3.982421875, 1.5234375, 0.376953125, 10.578125, 0.666015625, 0.116943359375, 0.08782958984375, 0.1370849609375, 5.10546875, 3.943359375, 5.828125, 0.61328125, 2.740234375, 0.004734039306640625, 5.1328125, 1.9697265625, 3.03515625, 0.8994140625, 4.86328125, 1.8134765625, 3.3515625, 0.51171875, 0.0284576416015625, 4.984375, 5.1640625, 3.755859375, 6.546875, 1.72265625, 2.88671875, 4.1796875, 3.330078125, 4.87890625, 0.498779296875, 3.865234375, 3.5, 3.328125, 5.0078125, 9.2265625, 2.884765625, 2.646484375, 4.03125, 11.765625, 2.76953125, 4.35546875, 3.48046875, 0.0106048583984375, 0.07733154296875, 0.53076171875, 9.25, 1.546875, 3.841796875, 6.0390625, 2.8984375, 3.080078125, 8.234375, 1.689453125, 5.6953125, 0.0297393798828125, 4.17578125, 1.0068359375, 7.5390625, 3.994140625, 1.2314453125, 1.5908203125, 9.3828125, 5.6171875, 5.3125, 2.51953125, 7.25, 1.8447265625, 0.63330078125, 6.4140625, 0.467041015625]",-0.9897928767734103
188,0,test,3.421003868811241,1.496810490814495,2.0761873683360785,6.031103116867225,2.6388214578803693,3.6602414345480496,30.600118111726868,23.750496730062952,26.76263581191746,53.946874893266624,41.87124608707394,47.1815357276767,3.2730337938471656,1.3466410943043672,1.937160399786951,5.770237355078707,2.3740783736625137,3.415142038142921,26.39128372875188,19.52658124918815,22.587967438671022,46.526855758836646,34.42463953560578,39.82175000299039,3.406804982116957,1.47001232687484,2.0657051004258067,6.006071005509894,2.5915772873793474,3.641761584454385,30.16870057428445,23.232232962784188,26.345454262017366,53.18630175318296,40.95756626031583,46.44606010637136,0.7487437185929648,-0.0012562814070351536,-0.006256281407035158,0.542713567839196,-0.027286432160804064,-0.017286432160804055,0.44723618090452266,-0.012763819095477302,-0.012763819095477302,0.430379746835443,0.12090606262491665,0.17231523070641075,0.3728813559322034,0.4170854271356784,0.10129595345146791,0.15498192129260668,0.3535353535353535,0.42616033755274263,0.12089717965800584,0.17230339505624892,0.364406779661017,22.0,5.0,3.0,35.0,9.0,9.0,43.0,9.0,8.0,-0.0003220687629741434,-0.00013589115849093692,2.3101362655195683e-05,-4.537263278781012e-05,4.0869005880850295e-05,6.618974063954397e-05,"[3.056640625, 9.4453125, 2.4296875, 1.0791015625, 8.8046875, 1.7822265625, 0.7431640625, 5.8359375, 1.1728515625, 6.09375, 2.099609375, 1.708984375, 5.1796875, 1.4150390625, 10.1640625, 4.47265625, 10.0, 1.89453125, 4.0703125, 5.65234375, 10.96875, 5.93359375, 2.31640625, 4.48046875, 2.1640625, 9.734375, 0.53271484375, 1.1904296875, 4.82421875, 2.92578125, 3.42578125, 8.0234375, 2.16015625, 3.779296875, 10.953125, 4.77734375, 3.62109375, 9.6484375, 6.640625, 5.8359375, 7.78125, 3.478515625, 1.9755859375, 1.00390625, 1.646484375, 1.4501953125, 3.283203125, 3.986328125, 2.14453125, 3.83984375, 7.63671875, 0.0116729736328125, 0.41650390625, 4.546875, 0.1629638671875, 1.693359375, 4.0234375, 7.94140625, 4.82421875, 1.0615234375, 0.27587890625, 0.2376708984375, 3.291015625, 5.06640625, 6.11328125, 1.318359375, 2.015625, 3.935546875, 2.689453125, 4.72265625, 1.5087890625, 7.4609375, 2.82421875, 0.0880126953125, 2.876953125, 0.325439453125, 5.375, 1.107421875, 7.92578125, 0.0192108154296875, 3.380859375, 3.87890625, 1.447265625, 1.1669921875, 6.66796875, 1.5263671875, 6.63671875, 0.486328125, 1.1123046875, 4.421875, 0.1251220703125, 1.13671875, 7.84375, 3.291015625, 0.24658203125, 4.78125, 1.087890625, 3.740234375, 0.00470733642578125, 0.1573486328125, 8.9140625, 0.276611328125, 6.8828125, 1.578125, 8.4921875, 0.57861328125, 0.89794921875, 3.51953125, 2.455078125, 0.051605224609375, 0.65869140625, 4.1875, 0.042449951171875, 1.380859375, 6.0625, 1.46484375, 0.0225677490234375, 6.09765625, 12.8125, 5.42578125, 8.0234375, 1.208984375, 7.4140625, 3.083984375, 1.1318359375, 3.546875, 0.038116455078125, 10.09375, 5.87109375, 1.4580078125, 4.7109375, 5.03125, 3.82421875, 8.1328125, 0.046478271484375, 9.6171875, 0.60107421875, 4.21484375, 5.28125, 4.21484375, 0.92822265625, 1.2158203125, 0.052215576171875, 0.37548828125, 6.2734375, 0.08795166015625, 2.828125, 1.181640625, 0.054107666015625, 3.943359375, 5.375, 4.79296875, 2.9765625, 4.16015625, 1.2177734375, 1.0771484375, 2.095703125, 12.2265625, 4.7265625, 3.126953125, 0.67138671875, 6.41015625, 3.474609375, 1.5712890625, 1.5869140625, 2.53515625, 0.06719970703125, 4.75, 1.7822265625, 0.64208984375, 8.0625, 0.012908935546875, 8.9765625, 0.408203125, 1.5771484375, 1.9267578125, 1.0283203125, 2.1328125, 3.345703125, 1.7275390625, 5.4296875, 1.1650390625, 0.0164642333984375, 3.607421875, 0.11871337890625, 0.402099609375, 0.75732421875, 0.32275390625, 0.2548828125, 0.317138671875, 0.06646728515625, 2.580078125, 0.56298828125, 0.027557373046875, 0.0039215087890625, 0.302734375, 0.09210205078125, 1.8505859375, 1.6015625, 1.822265625, 6.546875, 0.358642578125, 0.75341796875, 8.2578125, 0.453369140625, 6.59765625, 7.93359375, 9.984375, 9.8671875, 0.79248046875, 2.431640625, 5.5703125, 5.03125, 4.88671875, 1.8974609375, 5.4609375, 6.37890625, 0.6357421875, 9.40625, 1.435546875, 0.006565093994140625, 0.00024127960205078125, 1.919921875, 8.0234375, 2.00390625, 0.81494140625, 4.83984375, 3.48828125, 0.1219482421875, 3.658203125, 10.0, 1.3818359375, 0.0533447265625, 0.64404296875, 14.7265625, 3.4609375, 2.63671875]",-0.8056802246641008
58,0,test,3.2813342510707795,1.4846154904307365,2.0232774328277143,5.428804310672075,2.4562224867859306,3.3474118783955906,26.611255119019535,20.581425464710662,23.092677514765988,44.02699799795902,34.050944747898264,38.20568635950813,3.322829741329404,1.455611779322527,2.060814474839302,5.49745653539315,2.4082372893503585,3.409515047378112,27.738733044454417,21.26846224668092,24.206199729595184,45.89235414684605,35.18761293168152,40.04795347933025,3.2859393944309705,1.479893650851711,2.0249283154606523,5.436423291309878,2.4484104380583283,3.350143181599823,26.734086374530612,20.647753509280278,23.205098605045233,44.2302162007941,34.16068119859983,38.39168146175023,0.6683417085427136,-0.006658291457286469,-0.0016582914572863539,0.5527638190954773,-0.0072361809045227155,0.012763819095477302,0.4170854271356784,-0.0029145728643216184,0.002085427135678386,0.41587301587301584,0.11793323774306341,0.17933658503880257,0.3980891719745223,0.38190954773869346,0.0736388710469641,0.1465172272044698,0.35858585858585856,0.4180602006688964,0.11422046778074946,0.18001793148090972,0.3993288590604027,22.0,1.0,0.0,30.0,1.0,0.0,39.0,0.0,0.0,-0.0006477528802106754,-0.00027604212106655256,2.4847501048081674e-05,-0.00044385224850973515,-4.166942974936916e-05,9.637868485956602e-05,"[3.0625, 9.453125, 2.48046875, 1.494140625, 1.81640625, 8.234375, 2.15234375, 4.96875, 13.84375, 5.9296875, 4.6640625, 0.04364013671875, 1.24609375, 8.28125, 0.447509765625, 6.28125, 1.3974609375, 4.4453125, 1.5390625, 4.01171875, 1.81640625, 5.16796875, 1.1689453125, 4.80859375, 0.0102996826171875, 9.96875, 4.76171875, 8.375, 4.68359375, 0.5087890625, 0.48486328125, 1.6279296875, 3.55859375, 3.818359375, 4.07421875, 0.10272216796875, 9.28125, 5.86328125, 1.27734375, 9.90625, 1.091796875, 3.25390625, 7.3125, 8.328125, 0.006778717041015625, 1.291015625, 6.546875, 2.53125, 1.064453125, 2.203125, 1.6953125, 1.1396484375, 4.5859375, 1.51171875, 4.4921875, 0.2000732421875, 0.1201171875, 0.66650390625, 0.021881103515625, 0.135498046875, 0.273193359375, 0.595703125, 4.41796875, 4.32421875, 2.7265625, 5.91015625, 6.36328125, 0.658203125, 0.4775390625, 4.07421875, 9.4453125, 2.16796875, 3.23046875, 5.1953125, 2.126953125, 6.25390625, 4.34375, 0.04052734375, 0.020263671875, 0.08380126953125, 0.0126495361328125, 0.06829833984375, 0.055999755859375, 8.6796875, 15.3984375, 12.1796875, 1.130859375, 2.9765625, 2.337890625, 7.28125, 2.1875, 6.62890625, 0.490478515625, 0.1383056640625, 0.050628662109375, 2.015625, 2.7265625, 4.9296875, 11.1015625, 6.0546875, 5.5859375, 10.1953125, 2.587890625, 4.515625, 1.0, 5.83984375, 0.9130859375, 8.515625, 4.11328125, 0.0004203319549560547, 5.28515625, 1.6298828125, 0.402587890625, 4.0078125, 7.17578125, 0.12481689453125, 0.921875, 2.98828125, 1.138671875, 4.8828125, 0.1224365234375, 0.018218994140625, 5.15234375, 0.48486328125, 2.55078125, 0.02783203125, 1.0478515625, 2.486328125, 1.4345703125, 2.267578125, 0.2230224609375, 0.476318359375, 2.359375, 0.619140625, 1.8994140625, 7.16796875, 2.337890625, 1.6669921875, 9.890625, 0.11077880859375, 5.1640625, 2.294921875, 7.7421875, 2.478515625, 2.373046875, 1.01171875, 0.96142578125, 0.08697509765625, 0.5673828125, 0.1146240234375, 0.03314208984375, 0.146728515625, 0.76708984375, 2.13671875, 8.5, 0.056182861328125, 1.3427734375, 7.234375, 0.09552001953125, 0.81982421875, 10.71875, 0.33154296875, 0.3837890625, 4.91015625, 5.30078125, 1.7509765625, 0.72705078125, 6.0625, 0.8291015625, 7.12109375, 6.80859375, 1.208984375, 6.52734375, 7.640625, 3.046875, 3.41796875, 6.66796875, 0.254150390625, 2.259765625, 7.72265625, 0.032806396484375, 0.0200347900390625, 0.42529296875, 4.18359375, 1.9443359375, 5.26171875, 0.80224609375, 2.74609375, 0.409912109375, 0.59326171875, 1.6796875, 3.94921875, 6.6875, 9.34375, 2.7890625, 8.515625, 9.1640625, 0.281982421875, 0.57666015625, 3.142578125, 3.640625, 1.1572265625, 7.484375, 0.2001953125, 1.4423828125, 0.0667724609375, 0.6953125, 3.115234375, 0.373046875, 0.3154296875, 7.19140625, 5.12109375, 0.74755859375, 7.27734375, 0.1712646484375, 7.02734375, 1.1484375, 0.37744140625, 8.7109375, 3.30859375, 4.9921875, 2.7578125, 11.484375, 0.005096435546875, 0.144775390625, 0.0027828216552734375, 0.01473236083984375, 0.0033550262451171875, 0.939453125, 8.8515625, 2.49609375, 2.95703125, 5.53125, 3.880859375, 7.3671875, 3.45703125, 2.767578125, 0.0233612060546875, 0.9248046875, 4.6015625, 4.46875, 3.712890625, 1.2587890625, 3.470703125, 1.5859375, 2.029296875, 0.25927734375, 4.54296875, 3.658203125, 1.3916015625, 7.34765625, 6.02734375, 0.78271484375, 2.708984375, 6.99609375, 1.2978515625, 4.7890625, 5.67578125, 3.06640625, 6.1015625, 0.017578125, 1.642578125, 6.2421875, 0.10394287109375, 0.10968017578125, 3.55859375, 6.1640625, 8.65625, 0.493408203125, 2.904296875, 5.1640625, 0.176513671875, 0.69775390625, 1.91015625, 4.59765625, 0.27490234375, 4.2578125, 0.2342529296875, 3.806640625, 0.701171875, 5.12109375, 2.564453125, 4.25390625, 0.004058837890625, 0.0128021240234375, 4.9375, 7.40234375, 6.390625, 2.388671875, 3.53515625, 0.71240234375, 0.0033931732177734375, 0.0088653564453125, 4.80859375, 5.21484375, 10.8828125, 3.650390625, 5.25, 0.92626953125, 7.1640625, 3.1640625, 0.87548828125, 0.97314453125, 0.0002646446228027344, 0.018402099609375, 7.37890625, 0.070556640625, 0.91455078125, 0.044189453125, 7.5234375, 6.58203125, 7.80078125, 7.8671875, 0.054473876953125, 0.69287109375]",-0.856310516690451
401,0,test,3.4506188288848105,1.5065141868803318,2.094164311751472,5.627163013258307,2.456776981681772,3.415098723779324,31.51989169416064,24.53251884088504,27.637487819428507,51.401669532015816,40.00687687898176,45.070364751683414,3.6184631807720242,1.616725185815532,2.203069554619451,5.900878417874378,2.636505687637637,3.5926980429178736,37.28023079950318,29.878321392082107,33.162123657850955,60.79545330380519,48.724647193241594,54.07977088818772,3.4624008414737357,1.5329479272453124,2.1337060360537206,5.6463767568648615,2.499884312123125,3.4795821511029907,31.893455802039682,25.007713682647687,28.117344192641852,52.01086638486471,40.781810005548536,45.852899760308254,0.728643216080402,0.0036432160804019675,-0.001356783919598037,0.6180904522613065,0.013090452261306562,0.018090452261306567,0.5376884422110553,0.002688442211055353,0.002688442211055353,0.4574132492113565,0.12355498149482103,0.19403444543381188,0.4208860759493671,0.44723618090452266,0.1189153788995101,0.18680212414325392,0.4292929292929293,0.45150501672240806,0.12262354760721605,0.19788988880249703,0.412751677852349,22.0,4.0,5.0,36.0,5.0,6.0,46.0,8.0,9.0,-0.0007662498597899089,6.454537051372429e-05,2.047883991443649e-05,-0.00043595439539778624,-3.3922379648387846e-05,0.00010338779879681681,"[3.056640625, 9.4453125, 2.4296875, 1.0791015625, 1.802734375, 11.203125, 0.74951171875, 5.23828125, 2.587890625, 2.2578125, 7.1640625, 0.402587890625, 7.45703125, 1.6494140625, 7.35546875, 10.4921875, 0.57958984375, 10.0625, 3.51171875, 4.53515625, 4.88671875, 2.849609375, 3.13671875, 5.44140625, 1.4267578125, 1.8662109375, 3.947265625, 0.1630859375, 5.57421875, 0.005100250244140625, 6.73046875, 3.875, 3.376953125, 0.05023193359375, 8.3671875, 4.1875, 2.33984375, 1.0478515625, 6.2734375, 1.4345703125, 6.7109375, 3.431640625, 0.089599609375, 9.1953125, 0.447021484375, 7.80859375, 6.11328125, 0.2271728515625, 5.453125, 2.556640625, 0.1732177734375, 6.296875, 1.37890625, 7.90625, 8.1875, 0.12359619140625, 0.7060546875, 3.1953125, 3.65234375, 0.01503753662109375, 0.0020294189453125, 0.724609375, 6.41796875, 1.9677734375, 1.009765625, 5.5, 5.51953125, 2.28125, 8.6796875, 4.0859375, 6.43359375, 3.611328125, 1.4169921875, 4.35546875, 0.21240234375, 0.794921875, 2.220703125, 1.9599609375, 9.203125, 0.5791015625, 6.84765625, 3.994140625, 3.7578125, 0.3994140625, 2.32421875, 0.36865234375, 0.337158203125, 9.078125, 0.001407623291015625, 0.0030994415283203125, 3.12890625, 1.78125, 5.26953125, 1.9541015625, 1.962890625, 1.9580078125, 0.07666015625, 3.8515625, 5.78515625, 0.85498046875, 4.90234375, 6.0078125, 10.1171875, 3.537109375, 12.609375, 6.8984375, 0.60888671875, 6.921875, 1.166015625, 1.0302734375, 6.83984375, 4.90234375, 4.015625, 0.09197998046875, 3.291015625, 0.09088134765625, 2.947265625, 9.6796875, 5.90625, 2.2421875, 0.0250396728515625, 0.650390625, 0.0297393798828125, 5.26171875, 4.48046875, 9.46875, 3.451171875, 6.81640625, 1.677734375, 5.84765625, 1.833984375, 4.16796875, 7.85546875, 13.0625, 0.0640869140625, 4.515625, 4.41796875, 3.986328125, 0.31494140625, 1.6728515625, 4.296875, 0.0660400390625, 7.28515625, 4.15234375, 3.64453125, 0.94873046875, 6.39453125, 1.541015625, 3.2734375, 4.875, 2.25, 0.00453948974609375, 0.140625, 0.0003159046173095703, 0.00411224365234375, 0.0032749176025390625, 11.796875, 6.84375, 2.44921875, 5.56640625, 3.568359375, 4.16015625, 1.171875, 0.1063232421875, 3.048828125, 6.51953125, 0.80126953125, 3.71484375, 1.5380859375, 0.5341796875, 3.421875, 6.3828125, 4.234375, 0.414794921875, 0.0207977294921875, 0.458984375, 5.04296875, 7.23828125, 5.48046875, 0.55419921875, 3.15625, 5.9375, 6.0703125, 3.68359375, 0.2283935546875, 0.430419921875, 9.2421875, 0.348876953125, 3.66796875, 5.9921875, 1.236328125, 0.126953125, 0.055145263671875, 0.43310546875, 5.1015625, 0.275390625, 8.3203125, 8.234375, 0.010955810546875, 0.4521484375, 1.19921875, 8.0390625, 1.1435546875, 0.178466796875, 3.453125, 1.169921875, 0.032989501953125, 10.7890625, 0.06744384765625, 0.002964019775390625, 0.26318359375, 2.0859375, 5.00390625, 0.2286376953125, 0.057037353515625, 2.650390625, 0.063720703125, 0.0112762451171875, 3.41796875, 5.90234375, 3.134765625, 0.02789306640625, 0.0013256072998046875, 2.1796875, 0.0001322031021118164, 0.57666015625, 5.8984375, 0.135009765625, 0.1546630859375, 6.40625, 8.421875, 1.30078125, 4.07421875, 0.68896484375, 0.92578125, 6.953125, 0.127685546875, 2.744140625, 0.16455078125, 2.6796875, 5.3359375, 2.17578125, 1.1494140625, 0.0357666015625, 0.0005536079406738281, 0.005832672119140625, 0.0004839897155761719, 4.84765625, 6.12890625, 0.082275390625, 0.47998046875, 0.07073974609375, 5.37109375, 6.19140625, 0.0310516357421875, 5.01171875, 4.81640625, 10.34375, 4.59765625, 4.45703125, 2.150390625, 7.890625, 7.55859375, 5.1328125, 0.7783203125, 2.705078125, 3.08984375, 3.310546875, 4.59765625, 0.81591796875, 7.828125, 2.66015625, 6.62890625, 7.203125, 0.029571533203125, 2.40234375, 3.73828125, 1.5849609375, 2.482421875, 3.083984375, 4.71484375, 5.5078125, 5.2109375, 2.921875, 3.62109375, 8.4453125, 4.75390625, 0.46923828125, 0.282958984375, 3.560546875, 9.40625, 4.453125, 6.9296875, 0.0877685546875, 2.544921875, 9.1015625, 0.2437744140625, 1.9833984375, 7.6640625, 7.578125, 0.00010716915130615234, 4.75390625, 6.05859375, 1.31640625, 1.990234375, 4.4609375, 7.59765625, 0.1478271484375, 1.4306640625, 6.0703125, 3.453125, 8.9921875, 0.86572265625, 1.375, 3.953125, 7.01171875, 0.9462890625]",-1.5924233540375528
62,0,test,4.021348599918553,1.7991711392995895,2.463194667457381,6.651527954459877,2.9759263168955377,4.07425712563221,55.776275008760614,46.54887369914178,51.02623076508511,92.25697379827432,76.99435325371559,84.40014386008673,4.429509378557828,2.0156497793415866,2.7671551850916924,7.32664794507403,3.3339936890731114,4.577024252097611,83.89024845734946,72.71323164922153,78.6185415920857,138.75900555648073,120.27161559276641,130.03931744420663,4.021034371494051,1.7809057496618927,2.4491057597747474,6.651008203660431,2.9457143751164283,4.050953310762556,55.75875127111245,46.36421171848644,50.94282397428291,92.2279885889752,76.68891235598298,84.26218451962471,0.8291457286432161,-0.0008542713567838423,0.014145728643216171,0.7185929648241206,0.003592964824120526,0.013592964824120535,0.592964824120603,-0.012035175879396953,0.002964824120602949,0.4426229508196722,0.11038072496042506,0.18308096608684776,0.39144736842105265,0.4371859296482412,0.09382753365826624,0.16673517839615437,0.4040404040404041,0.4448160535117057,0.11760403347831672,0.1834144962258325,0.3926174496644296,24.0,1.0,1.0,34.0,-2.0,-1.0,44.0,0.0,1.0,-0.00157429378482151,-0.00027945520662892275,-0.00028017775160471537,0.0041921875274901765,0.003415924098373324,0.0042495336009400475,"[3.0625, 9.453125, 2.48046875, 5.4921875, 0.79443359375, 0.078125, 15.328125, 3.3515625, 9.8984375, 2.568359375, 5.453125, 12.0234375, 7.8046875, 8.3515625, 5.421875, 4.20703125, 5.92578125, 14.859375, 7.19140625, 5.81640625, 1.916015625, 5.328125, 3.669921875, 1.748046875, 5.66796875, 4.86328125, 0.418701171875, 9.171875, 2.783203125, 0.6435546875, 1.87890625, 0.857421875, 2.0546875, 11.28125, 7.5859375, 3.826171875, 3.123046875, 6.46484375, 5.5625, 0.60791015625, 3.21875, 0.951171875, 0.71044921875, 4.015625, 4.52734375, 2.888671875, 0.47705078125, 6.87890625, 0.5830078125, 7.33203125, 8.5625, 9.171875, 1.6416015625, 6.82421875, 2.580078125, 0.4208984375, 2.857421875, 4.48046875, 5.87890625, 1.2890625, 5.40625, 7.9140625, 0.080322265625, 1.037109375, 2.1015625, 4.73046875, 6.95703125, 10.65625, 1.3505859375, 2.21875, 4.078125, 2.923828125, 7.28515625, 3.59765625, 0.53515625, 3.203125, 6.75390625, 6.04296875, 0.39697265625, 5.9921875, 9.8671875, 3.443359375, 5.328125, 1.9765625, 4.921875, 5.55859375, 0.98388671875, 6.26953125, 6.08203125, 3.328125, 4.40625, 0.035888671875, 0.89892578125, 6.3671875, 5.04296875, 3.00390625, 2.58203125, 3.953125, 0.1502685546875, 3.9140625, 3.736328125, 4.890625, 7.71875, 4.73828125, 3.6640625, 8.3359375, 7.33984375, 0.69091796875, 4.140625, 2.71484375, 4.1796875, 9.0, 5.3359375, 3.724609375, 2.185546875, 5.17578125, 6.40234375, 0.1568603515625, 7.79296875, 6.5625, 2.81640625, 8.875, 0.374267578125, 9.3203125, 1.2939453125, 1.9853515625, 4.67578125, 0.884765625, 4.51953125, 0.0946044921875, 2.32421875, 1.1611328125, 3.810546875, 7.87109375, 1.6357421875, 2.896484375, 4.1953125, 2.814453125, 8.796875, 10.671875, 1.5322265625, 1.888671875, 6.8203125, 6.17578125, 3.68359375, 3.904296875, 9.453125, 0.430908203125, 12.78125, 0.0288238525390625, 11.171875, 2.724609375, 9.140625, 1.142578125, 0.95654296875, 4.59375, 9.8984375, 7.0859375, 5.2265625, 5.71875, 1.9541015625, 11.59375, 0.017333984375, 6.2265625, 2.607421875, 5.75, 0.174560546875, 0.2169189453125, 1.61328125, 11.171875, 8.2890625, 9.5234375, 4.78515625, 1.7041015625, 1.9501953125, 1.1044921875, 0.01129150390625, 5.8671875, 0.47900390625, 0.06817626953125, 2.763671875, 6.1015625, 4.16796875, 1.6630859375, 2.556640625, 0.19287109375, 1.890625, 8.3984375, 3.330078125, 0.260009765625, 6.7265625, 0.427978515625, 0.537109375, 5.22265625, 5.31640625, 8.0859375, 2.81640625, 1.1259765625, 9.1015625, 1.2373046875, 0.52587890625, 9.46875, 2.095703125, 1.822265625, 0.38916015625, 0.387451171875, 4.0859375, 10.2890625, 8.1484375, 8.0, 5.5859375, 5.70703125, 0.1856689453125, 0.1636962890625, 5.51953125, 5.578125, 8.375, 5.69140625, 0.037353515625, 0.35986328125, 3.244140625, 4.5234375, 8.171875, 0.3408203125, 5.35546875, 3.99609375, 4.9921875, 11.3046875, 6.25390625, 1.38671875, 13.703125, 3.12890625, 0.77734375, 0.151611328125, 0.0102386474609375, 1.5126953125, 0.0019102096557617188, 1.1103515625, 6.1640625, 0.72900390625, 6.5234375, 0.06884765625, 2.078125, 7.40234375, 0.141845703125, 1.5185546875, 0.73876953125, 3.78125, 0.0628662109375, 0.73291015625, 0.00995635986328125, 0.00421142578125, 0.0102996826171875, 0.0015316009521484375, 0.796875, 1.3896484375, 4.671875, 0.73193359375, 0.4658203125, 0.023284912109375, 0.00012087821960449219, 0.004100799560546875, 0.0017499923706054688, 0.00037789344787597656, 2.1796875, 8.796875, 0.049468994140625, 8.5625, 2.25, 3.052734375, 7.40625, 5.19140625, 3.41015625, 1.67578125, 9.7265625, 0.07891845703125, 3.072265625, 5.3671875, 0.93701171875, 1.75390625, 2.4609375, 0.0276641845703125, 6.2578125, 4.80859375, 6.421875, 3.251953125, 0.2392578125, 0.0026836395263671875, 1.0234375, 1.513671875, 11.75, 6.87109375, 7.37890625, 6.85546875, 3.96875, 2.498046875, 4.42578125, 0.96875, 1.0439453125, 1.1787109375, 1.234375, 1.7578125, 11.1171875, 8.75, 0.1839599609375]",-1.2024711327474629
103,0,test,3.849777602380322,1.780554591816328,2.4349808506587074,7.668756983941601,3.546864746898125,4.850481854512145,46.982613248243986,39.063945242701,42.86696336603794,93.58936559050201,77.81537892346039,85.39099102514758,3.9209727546078477,1.7212230688399495,2.427989456178782,7.810577727178832,3.4286763531291795,4.836554996708133,50.44949589644374,41.426741203615926,45.99914343246938,100.49539582571593,82.52206847760291,91.63029371747899,3.849777602380322,1.780554591816328,2.4349808506587074,7.668756983941601,3.546864746898125,4.850481854512145,46.982613248243986,39.063945242701,42.86696336603794,93.58936559050201,77.81537892346039,85.39099102514758,0.7688442211055276,-0.0011557788944723812,0.013844221105527632,0.6532663316582914,-0.01673366834170853,-0.0017336683417086274,0.5125628140703518,-0.022437185929648162,-0.012437185929648265,0.42741935483870963,0.10347569286687863,0.17406814840439333,0.3927125506072875,0.40201005025125625,0.06115791992544173,0.1415759934899875,0.38888888888888884,0.42741935483870963,0.10347569286687863,0.17406814840439333,0.3927125506072875,24.0,7.0,7.0,34.0,6.0,6.0,44.0,7.0,9.0,-7.705131746441057e-05,-0.00032753606021248107,-0.00028266696466617126,3.085650767697956e-05,0.00010133182060556578,0.00011602607612637428,"[3.0625, 9.453125, 2.48046875, 5.4921875, 0.79443359375, 0.078125, 12.328125, 9.1640625, 1.9169921875, 1.94921875, 4.296875, 7.90234375, 0.172119140625, 1.7060546875, 4.65234375, 0.69140625, 0.751953125, 2.189453125, 4.83984375, 0.9658203125, 3.15234375, 2.59375, 4.0859375, 0.02996826171875, 5.09375, 4.05859375, 0.53759765625, 2.30859375, 5.65625, 0.040191650390625, 3.609375, 4.55078125, 8.53125, 0.87744140625, 13.5703125, 7.4453125, 2.056640625, 6.00390625, 5.48046875, 2.740234375, 9.5390625, 2.998046875, 4.9921875, 2.943359375, 3.27734375, 8.203125, 0.361328125, 12.0, 6.171875, 7.0, 5.57421875, 0.1583251953125, 4.8046875, 5.16015625, 0.433349609375, 5.7265625, 10.140625, 1.046875, 7.02734375, 1.177734375, 14.5703125, 3.869140625, 5.03515625, 3.56640625, 1.09375, 10.3359375, 1.0458984375, 3.384765625, 2.119140625, 3.626953125, 7.47265625, 0.1785888671875, 12.1484375, 0.04241943359375, 8.5390625, 3.859375, 3.609375, 7.28515625, 7.51171875, 4.1875, 11.9765625, 1.9609375, 11.015625, 0.29736328125, 1.671875, 2.6484375, 1.5810546875, 11.796875, 1.5712890625, 2.498046875, 0.359130859375, 5.35546875, 6.5234375, 5.234375, 0.32421875, 0.19677734375, 3.853515625, 8.8203125, 0.01068878173828125, 0.38330078125, 4.8984375, 2.095703125, 3.94140625, 4.85546875, 6.40234375, 2.337890625, 6.0234375, 3.087890625, 3.978515625, 4.78125, 7.796875, 0.93115234375, 7.07421875, 5.07421875, 7.6796875, 2.994140625, 7.98828125, 4.3671875, 3.498046875, 4.0859375, 0.492431640625, 3.30078125, 2.134765625, 0.308349609375, 2.048828125, 5.80078125, 1.994140625, 6.0625, 0.60693359375, 4.99609375, 0.01174163818359375, 14.4296875, 0.425048828125, 0.0128631591796875, 0.00738525390625, 0.0004553794860839844, 7.3671875, 0.250732421875, 3.82421875, 8.9765625, 1.0947265625, 3.1015625, 0.07366943359375, 7.8046875, 1.341796875, 11.515625, 0.04840087890625, 2.787109375, 2.921875, 3.8828125, 7.2890625, 3.203125, 1.0, 3.6015625, 0.89453125, 4.91796875, 2.19140625, 4.296875, 11.2734375, 0.03826904296875, 0.01470184326171875, 2.92578125, 1.8125, 2.73828125, 1.546875, 3.12109375, 4.23828125, 8.765625, 0.11346435546875, 0.07513427734375, 0.0007905960083007812, 0.63671875, 3.033203125, 6.94140625, 0.438720703125, 2.318359375, 0.125732421875, 2.80078125, 6.75, 9.0078125, 2.275390625, 4.07421875, 1.9501953125, 1.9736328125, 12.1640625, 7.86328125, 0.7685546875, 1.439453125, 7.66015625, 0.373291015625, 0.10223388671875, 0.0008206367492675781, 1.1357421875, 2.42578125, 2.6328125, 0.1226806640625, 3.78125, 5.5390625, 5.796875, 2.447265625, 7.05859375, 2.484375, 0.4111328125, 1.6806640625, 1.849609375, 6.91796875, 1.1767578125, 8.25, 0.09832763671875, 0.121826171875, 0.003772735595703125, 1.6220703125, 7.67578125, 5.48046875, 1.3857421875, 0.1807861328125, 4.359375, 1.4677734375, 4.56640625, 11.578125, 0.0086669921875, 0.0056304931640625, 5.07421875, 1.8037109375, 2.869140625, 6.46484375, 10.421875, 2.751953125, 4.84375, 2.599609375, 1.509765625, 0.0250244140625, 6.5625, 5.82421875, 4.38671875, 1.583984375, 1.505859375, 6.80078125, 1.9736328125, 1.4208984375, 0.55859375, 5.3671875, 1.8271484375, 8.5859375, 0.085693359375, 9.4140625, 0.37744140625, 1.9609375]",-0.5086332328857912
82,0,test,3.813358029883927,1.6914621420470204,2.33399679732367,6.785534141411105,3.0098076351130807,4.153141359943589,45.30231024089835,36.95536286883198,40.91216973462263,80.6114638110103,65.75880745777455,72.79959614543145,3.687457017563096,1.5374388621376824,2.1373399193327436,6.5615043988990385,2.735736798803817,3.8032077976362055,39.943142985301016,31.35812872495193,35.23112106558644,71.07529854737386,55.799023172340924,62.69067130788176,3.813358029883927,1.6914621420470204,2.33399679732367,6.785534141411105,3.0098076351130807,4.153141359943589,45.30231024089835,36.95536286883198,40.91216973462263,80.6114638110103,65.75880745777455,72.79959614543145,0.7688442211055276,-0.006155778894472386,0.003844221105527623,0.6030150753768844,-0.011984924623115623,0.013015075376884289,0.48743718592964824,0.00743718592964826,0.0024371859296482556,0.41908713692946054,0.10024655721931564,0.15563886106739155,0.4291666666666667,0.3869346733668342,0.07365146534678402,0.11648392211474734,0.4191919191919192,0.41908713692946054,0.10024655721931564,0.15563886106739155,0.4291666666666667,21.0,3.0,3.0,33.0,4.0,3.0,41.0,4.0,3.0,0.00017297530078291628,-8.372495644834626e-05,0.00011205374752127683,-1.765294534639139e-05,6.285548396256502e-05,8.431204445269458e-05,"[3.0625, 9.453125, 2.48046875, 1.494140625, 2.81640625, 0.35400390625, 0.64501953125, 1.3642578125, 2.05078125, 0.343017578125, 4.0859375, 0.056060791015625, 9.0, 3.3359375, 14.375, 4.1015625, 9.3359375, 0.6318359375, 7.6953125, 4.8203125, 6.96875, 3.09765625, 1.43359375, 2.572265625, 1.3818359375, 8.8984375, 1.6298828125, 4.20703125, 2.06640625, 1.240234375, 6.39453125, 2.453125, 0.578125, 3.4921875, 0.4912109375, 0.396484375, 3.59765625, 2.638671875, 1.2412109375, 0.3095703125, 1.9755859375, 1.5986328125, 8.0078125, 3.091796875, 2.59765625, 1.24609375, 3.20703125, 4.93359375, 2.638671875, 3.330078125, 0.02325439453125, 1.431640625, 1.41015625, 1.41015625, 7.4609375, 2.138671875, 5.82421875, 11.515625, 4.67578125, 1.1630859375, 7.171875, 3.341796875, 0.50146484375, 1.37890625, 6.90625, 0.1282958984375, 1.5654296875, 2.71875, 3.328125, 3.296875, 3.32421875, 2.892578125, 0.9853515625, 4.66796875, 0.61865234375, 7.57421875, 0.09130859375, 0.7392578125, 9.5859375, 6.453125, 5.89453125, 6.140625, 0.044830322265625, 8.875, 10.640625, 8.5625, 4.1015625, 6.3828125, 4.28125, 1.6826171875, 11.859375, 6.8125, 9.8515625, 9.203125, 3.08203125, 4.7734375, 3.6171875, 0.459716796875, 1.7705078125, 0.0014019012451171875, 0.70947265625, 4.625, 10.1484375, 0.06884765625, 7.00390625, 0.440673828125, 0.376708984375, 5.72265625, 1.3955078125, 0.487060546875, 0.70849609375, 0.765625, 0.50439453125, 0.338623046875, 10.8046875, 0.15869140625, 1.5927734375, 5.6171875, 2.56640625, 4.82421875, 6.63671875, 1.646484375, 4.5859375, 8.1015625, 8.2734375, 1.865234375, 0.587890625, 6.7421875, 3.4140625, 3.412109375, 6.50390625, 9.5390625, 4.859375, 1.3349609375, 2.052734375, 5.80859375, 0.190185546875, 10.953125, 1.6845703125, 5.77734375, 1.9384765625, 7.75390625, 3.978515625, 0.86376953125, 4.82421875, 1.396484375, 2.970703125, 0.0157318115234375, 9.796875, 11.1875, 2.818359375, 3.8359375, 1.8896484375, 0.492919921875, 0.354736328125, 0.0011749267578125, 1.4296875, 3.560546875, 1.642578125, 3.767578125, 0.1571044921875, 1.9990234375, 0.3603515625, 5.37109375, 0.6044921875, 1.9453125, 0.10394287109375, 4.82421875, 1.275390625, 4.578125, 0.422607421875, 1.607421875, 6.921875, 4.171875, 7.05078125, 0.18701171875, 7.76171875, 9.0078125, 1.748046875, 7.5859375, 1.994140625, 1.0634765625, 3.02734375, 2.6640625, 9.984375, 2.2265625, 1.9091796875, 4.53125, 1.958984375, 2.861328125, 7.49609375, 6.8203125, 1.8349609375, 4.9140625, 0.22509765625, 6.59375, 0.7177734375, 5.875, 0.611328125, 4.51953125, 2.591796875, 0.1776123046875, 0.64404296875, 3.1015625, 8.1328125, 2.474609375, 4.203125, 10.453125, 4.33203125, 4.9296875, 5.1484375, 5.9765625, 1.947265625, 1.1181640625, 5.5, 8.15625, 5.20703125, 0.306884765625, 0.0677490234375, 0.04693603515625, 8.96875, 1.4228515625, 6.7265625, 2.3671875, 4.44140625, 0.265625, 9.7265625, 0.521484375, 5.09375, 0.1510009765625, 2.791015625, 7.765625, 11.3046875, 4.91015625, 4.22265625, 10.53125, 9.8359375, 1.607421875, 5.24609375, 6.03515625, 2.12890625]",-0.5148022560657801
294,0,test,3.615408705214584,1.6552131489033115,2.285046568678795,6.002942755827989,2.7482784359149326,3.7940395857308293,37.16653297775744,30.065817458631386,33.38412008827625,61.71046984986141,49.92060257282192,55.430237127703954,3.8146486905351957,1.7092355141731175,2.3839617261196473,6.333756316360325,2.837975948061025,3.95827607355715,45.3608178987819,37.15032320758831,41.179247102978614,75.31607500175109,61.68355551448625,68.37308952947393,3.631466919931622,1.6744874716837161,2.302389040293577,6.029605451961938,2.780281085059755,3.8228346329402787,37.76817889564234,30.690263361692587,33.9906204781428,62.70942910974578,50.95741841186693,56.43725664295409,0.7939698492462312,-0.011030150753768786,-0.001030150753768888,0.6532663316582914,0.003266331658291377,-0.006733668341708521,0.5175879396984925,-0.012412060301507544,-0.007412060301507539,0.3992395437262357,0.06527369932395866,0.14260237558464284,0.3702290076335878,0.3919597989949749,0.06113273132580199,0.13820353856091816,0.38888888888888884,0.3954372623574145,0.06336895116196861,0.13880009421582162,0.36259541984732824,21.0,2.0,2.0,31.0,3.0,3.0,41.0,3.0,3.0,-0.0007067718670739527,-0.00039654168566181447,-0.00014744153642621665,0.00013480533558407615,0.00018378111340844328,-8.585827751517172e-05,"[3.056640625, 9.4453125, 2.4296875, 1.0791015625, 13.8046875, 4.4296875, 2.248046875, 4.31640625, 0.270751953125, 9.6015625, 3.55078125, 3.333984375, 7.97265625, 1.29296875, 1.7978515625, 1.580078125, 6.84375, 0.210205078125, 1.8486328125, 4.01953125, 7.7421875, 0.72607421875, 7.07421875, 8.28125, 0.64013671875, 5.92578125, 2.669921875, 2.9765625, 2.732421875, 2.91015625, 3.794921875, 1.6044921875, 0.253662109375, 7.265625, 1.7607421875, 0.984375, 4.046875, 3.0390625, 3.59765625, 0.8076171875, 9.9921875, 4.3046875, 4.30078125, 0.767578125, 7.3984375, 5.82421875, 1.4853515625, 0.92138671875, 0.34716796875, 0.16650390625, 0.0927734375, 7.8515625, 6.5546875, 1.5, 4.84765625, 5.44140625, 6.12890625, 0.77734375, 6.20703125, 0.93408203125, 5.08984375, 1.333984375, 5.0625, 0.8671875, 2.94921875, 3.4375, 2.59375, 3.130859375, 2.494140625, 10.7890625, 1.2490234375, 3.4921875, 3.830078125, 4.16015625, 14.953125, 2.091796875, 10.1328125, 9.1015625, 4.76171875, 5.91796875, 8.4296875, 3.685546875, 3.279296875, 0.8515625, 2.767578125, 2.64453125, 3.2890625, 3.546875, 9.796875, 5.9921875, 0.495361328125, 9.09375, 1.091796875, 10.484375, 2.9375, 1.8564453125, 4.98046875, 12.28125, 1.6630859375, 5.28515625, 6.35546875, 10.78125, 0.0295257568359375, 3.296875, 3.310546875, 1.1943359375, 9.609375, 0.62939453125, 3.583984375, 0.5087890625, 0.39501953125, 1.3330078125, 0.52490234375, 0.60693359375, 4.484375, 3.6015625, 0.04425048828125, 7.64453125, 1.0732421875, 5.06640625, 0.1712646484375, 5.12109375, 1.60546875, 3.880859375, 0.36669921875, 4.7578125, 6.9453125, 1.0615234375, 0.7890625, 0.270751953125, 0.0070953369140625, 1.6181640625, 8.65625, 0.50537109375, 9.9609375, 3.068359375, 2.478515625, 5.16015625, 3.3828125, 1.7587890625, 4.5, 1.3818359375, 2.32421875, 1.8203125, 12.0625, 7.65625, 6.953125, 2.26953125, 9.9375, 0.061309814453125, 0.005786895751953125, 9.84375, 0.405517578125, 2.736328125, 2.83203125, 8.1328125, 3.71875, 1.32421875, 2.306640625, 2.515625, 1.6943359375, 2.78125, 0.662109375, 0.1424560546875, 0.1513671875, 0.002872467041015625, 1.6611328125, 7.6796875, 6.32421875, 2.666015625, 2.345703125, 4.05859375, 5.0, 3.08203125, 5.6640625, 0.70556640625, 3.205078125, 5.87109375, 4.6484375, 3.935546875, 2.375, 6.0703125, 1.0654296875, 4.1171875, 3.326171875, 6.20703125, 2.1484375, 4.6171875, 0.177001953125, 5.890625, 4.11328125, 3.619140625, 2.779296875, 1.2275390625, 0.52685546875, 9.6875, 0.415771484375, 6.8125, 0.40966796875, 2.80078125, 5.703125, 4.5859375, 2.251953125, 4.60546875, 0.66650390625, 7.375, 0.93359375, 4.32421875, 0.81005859375, 0.7353515625, 6.34765625, 7.73046875, 0.6494140625, 6.1328125, 3.009765625, 0.031341552734375, 1.5185546875, 3.974609375, 2.900390625, 1.4169921875, 3.298828125, 6.296875, 4.234375, 1.861328125, 1.9697265625, 2.916015625, 1.10546875, 6.1953125, 2.71875, 0.40771484375, 2.427734375, 0.083251953125, 5.08203125, 0.658203125, 0.0141754150390625, 0.03302001953125, 0.007671356201171875, 0.892578125, 2.7578125, 8.609375, 4.1640625, 2.384765625, 2.40625, 3.537109375, 0.06353759765625, 0.00998687744140625, 2.53515625, 0.052764892578125, 4.45703125, 1.2734375, 0.64013671875, 4.77734375, 10.21875, 3.625, 2.380859375, 2.611328125, 7.09765625, 0.116943359375, 7.92578125, 10.6484375, 0.0069732666015625, 2.298828125, 1.5498046875]",-0.5845586791237949
354,0,test,3.2458862701742563,1.455598220902293,1.9918978687810323,5.735881217157248,2.5722215136492577,3.51992911058566,25.68446334976666,19.693285377457713,22.180171705600248,45.38761331671095,34.8004632012609,39.19509794551277,3.3671142539786336,1.453941588882169,2.0593294132403974,5.950106010455394,2.5692940406273945,3.6390889631234424,28.99473477380647,22.220186662544943,25.296761740362474,51.23727103864431,39.2658093077849,44.70249677406519,3.2458862701742563,1.455598220902293,1.9918978687810323,5.735881217157248,2.5722215136492577,3.51992911058566,25.68446334976666,19.693285377457713,22.180171705600248,45.38761331671095,34.8004632012609,39.19509794551277,0.7487437185929648,-0.0012562814070351536,-0.0012562814070351536,0.5979899497487438,0.017989949748743683,0.007989949748743674,0.46733668341708545,-0.002663316582914521,0.012336683417085492,0.42801556420233466,0.11733595255184925,0.17833897946753519,0.37890625,0.42713567839195976,0.11134620470774925,0.175048867039706,0.3787878787878788,0.42801556420233466,0.11733595255184925,0.17833897946753519,0.37890625,26.0,12.0,12.0,37.0,10.0,10.0,46.0,12.0,12.0,-0.00045955769339182104,-0.00037413427961539684,-0.0002358981198416777,9.322580442105988e-05,0.00015080139628764755,-0.00010688561932692409,"[3.0625, 9.453125, 2.48046875, 1.494140625, 9.8203125, 3.77734375, 6.69140625, 0.08892822265625, 1.556640625, 7.0859375, 0.332763671875, 6.37109375, 2.373046875, 4.7734375, 7.43359375, 3.08984375, 10.4140625, 6.2265625, 2.490234375, 7.89453125, 0.11761474609375, 5.75390625, 1.6650390625, 8.40625, 0.37109375, 5.58984375, 1.8173828125, 6.32421875, 0.19287109375, 6.96484375, 1.603515625, 5.91796875, 0.194580078125, 2.12890625, 4.1328125, 1.5537109375, 0.00882720947265625, 8.2265625, 1.396484375, 2.44140625, 4.26953125, 1.255859375, 0.9755859375, 0.1385498046875, 5.12890625, 6.3046875, 3.75, 0.0007615089416503906, 2.87890625, 6.87890625, 6.296875, 5.79296875, 2.291015625, 0.59619140625, 4.25, 7.43359375, 0.9248046875, 0.70068359375, 9.0625, 8.1328125, 5.46875, 5.375, 0.474609375, 4.64453125, 1.396484375, 5.265625, 7.4921875, 0.95166015625, 0.320068359375, 1.158203125, 8.4453125, 10.3671875, 2.744140625, 3.416015625, 3.3203125, 1.54296875, 5.84765625, 0.1556396484375, 2.443359375, 3.73046875, 2.37890625, 4.4609375, 2.890625, 0.7685546875, 0.005847930908203125, 0.99072265625, 7.5234375, 4.5234375, 1.3017578125, 2.8125, 0.0723876953125, 3.763671875, 5.6328125, 3.619140625, 1.5546875, 0.81591796875, 1.2841796875, 9.3984375, 0.2269287109375, 4.671875, 0.00103759765625, 9.1796875, 0.00897216796875, 4.5546875, 1.376953125, 1.5517578125, 0.0178375244140625, 5.42578125, 2.2734375, 0.489501953125, 1.1416015625, 6.31640625, 8.2265625, 0.2271728515625, 4.0546875, 1.2607421875, 3.90625, 6.62109375, 6.890625, 6.578125, 0.265380859375, 2.29296875, 3.498046875, 2.994140625, 8.8671875, 7.12109375, 0.94287109375, 4.69921875, 4.9375, 0.09033203125, 1.26171875, 2.3125, 8.3515625, 1.93359375, 0.68994140625, 3.658203125, 2.517578125, 0.734375, 7.9765625, 0.64111328125, 10.1953125, 8.0546875, 0.73388671875, 3.12109375, 6.32421875, 0.2459716796875, 0.466796875, 3.365234375, 1.1396484375, 2.029296875, 0.6083984375, 3.6875, 5.88671875, 1.87109375, 1.392578125, 5.3515625, 0.82568359375, 3.3828125, 3.50390625, 1.7666015625, 2.873046875, 1.794921875, 0.77880859375, 2.080078125, 1.3447265625, 1.583984375, 1.4052734375, 2.541015625, 12.2421875, 0.436767578125, 2.04296875, 3.7421875, 0.1318359375, 2.734375, 4.40625, 0.8701171875, 1.154296875, 0.10552978515625, 2.203125, 1.1171875, 5.328125, 9.0390625, 0.094482421875, 4.85546875, 0.0129852294921875, 0.200927734375, 3.712890625, 1.3017578125, 3.166015625, 7.66015625, 0.2064208984375, 5.16015625, 1.0361328125, 3.947265625, 3.08203125, 0.041259765625, 3.9453125, 0.01418304443359375, 2.111328125, 2.037109375, 1.037109375, 3.31640625, 6.03515625, 1.71875, 4.58984375, 5.42578125, 1.740234375, 8.59375, 0.40966796875, 7.38671875, 5.65625, 1.0947265625, 5.2734375, 1.1630859375, 2.306640625, 0.0316162109375, 0.04620361328125, 10.09375, 5.640625, 0.611328125, 1.98828125, 3.548828125, 1.4775390625, 3.95703125, 2.576171875, 7.59765625, 0.0115509033203125, 7.7109375, 4.01953125, 0.60205078125, 5.05859375, 0.0665283203125, 0.009857177734375, 0.0007729530334472656, 2.220703125, 2.416015625, 0.333740234375, 3.79296875, 4.34375, 1.3203125, 0.93603515625, 0.00148773193359375, 5.23828125, 0.1319580078125, 3.283203125, 0.6611328125, 0.0293121337890625, 2.623046875, 0.0020656585693359375, 5.41015625, 0.003955841064453125, 0.1375732421875, 0.0007610321044921875, 0.0008921623229980469, 0.0016050338745117188, 9.625, 6.4609375]",-1.0557909568460073
227,0,test,4.054716176456875,1.8088086890988238,2.514430637593209,6.782889406295142,3.0258466342332175,4.206238906097282,57.66879291203328,48.21980640937623,53.00287052906389,96.4706350565495,80.66399714161086,88.66529576158219,4.146145973373298,1.8198860950282962,2.5359294966908674,6.935836782618295,3.044377356497952,4.242203046933488,63.189994476431806,52.95042189807871,58.18610013939108,105.70671915501863,88.57755761962548,97.33600702330236,4.054716176456875,1.8088086890988238,2.514430637593209,6.782889406295142,3.0258466342332175,4.206238906097282,57.66879291203328,48.21980640937623,53.00287052906389,96.4706350565495,80.66399714161086,88.66529576158219,0.7587939698492463,-0.001206030150753712,-0.006206030150753716,0.6231155778894473,-0.0018844221105527303,-0.006884422110552735,0.5326633165829145,-0.0023366834170853723,0.002663316582914521,0.4185185185185185,0.08580132813034846,0.15866630176975005,0.4014869888475836,0.4321608040201005,0.10634626767924837,0.17339619634063475,0.4191919191919192,0.4185185185185185,0.08580132813034846,0.15866630176975005,0.4014869888475836,21.0,-2.0,-2.0,34.0,0.0,-1.0,43.0,0.0,-3.0,-0.0004114515136630864,-0.00021071716868481172,3.162103117089688e-05,0.0001833147886074471,-0.00021597805698636563,-6.13263787334617e-05,"[9.09375, 0.3076171875, 6.734375, 6.125, 5.546875, 9.859375, 3.849609375, 0.045562744140625, 6.4453125, 1.4794921875, 4.4140625, 5.18359375, 4.1328125, 3.923828125, 4.92578125, 0.10870361328125, 0.0289459228515625, 2.490234375, 4.640625, 10.09375, 5.26953125, 6.2265625, 0.98583984375, 0.0003466606140136719, 3.5390625, 8.4453125, 6.63671875, 1.6240234375, 1.921875, 9.203125, 0.0004661083221435547, 6.875, 0.80029296875, 3.234375, 0.50634765625, 3.5, 0.12384033203125, 7.4453125, 3.638671875, 7.73828125, 0.1392822265625, 1.212890625, 6.625, 1.6455078125, 1.0263671875, 0.49755859375, 2.27734375, 9.015625, 4.0859375, 0.24462890625, 3.1484375, 6.3515625, 0.0106201171875, 6.23828125, 6.98828125, 1.8994140625, 11.78125, 3.50390625, 4.01171875, 6.01171875, 12.859375, 5.28515625, 5.421875, 0.059295654296875, 4.62890625, 2.98046875, 3.46484375, 0.2008056640625, 4.515625, 2.65234375, 8.390625, 1.646484375, 2.57421875, 6.6171875, 1.546875, 0.1585693359375, 1.962890625, 0.155029296875, 2.42578125, 2.966796875, 6.8046875, 0.9208984375, 5.984375, 0.1405029296875, 5.92578125, 11.078125, 7.0234375, 8.4296875, 1.0546875, 7.765625, 10.6015625, 0.0291595458984375, 3.1875, 14.9453125, 8.84375, 8.3515625, 9.8046875, 0.798828125, 0.470703125, 13.5625, 3.39453125, 0.493408203125, 5.14984130859375e-05, 8.7578125, 2.56640625, 0.5205078125, 0.00028443336486816406, 5.9921875, 1.9462890625, 2.533203125, 1.0654296875, 0.0001957416534423828, 6.37109375, 2.392578125, 3.162109375, 1.6025390625, 1.76171875, 6.5703125, 13.1484375, 0.07635498046875, 11.3828125, 6.2265625, 2.138671875, 1.251953125, 6.62109375, 1.109375, 0.70703125, 2.080078125, 6.75, 1.3603515625, 8.734375, 0.9990234375, 3.37109375, 0.36474609375, 10.8203125, 0.69091796875, 0.249755859375, 2.96875, 9.2890625, 1.443359375, 5.83203125, 2.75, 8.2734375, 11.9765625, 0.0609130859375, 0.261474609375, 8.4609375, 3.072265625, 1.0673828125, 1.6416015625, 0.0010166168212890625, 9.046875, 8.8203125, 0.62060546875, 6.14453125, 2.630859375, 10.484375, 3.568359375, 1.4482421875, 0.311767578125, 3.244140625, 7.3828125, 1.525390625, 0.474853515625, 6.69921875, 11.75, 0.9111328125, 8.6328125, 2.109375, 3.640625, 4.26953125, 14.015625, 0.030426025390625, 1.4072265625, 7.09765625, 1.337890625, 2.216796875, 6.74609375, 4.28125, 3.212890625, 6.82421875, 10.7421875, 3.67578125, 7.46875, 0.376220703125, 0.344482421875, 1.1884765625, 4.0625, 8.2265625, 1.2724609375, 4.8125, 1.8994140625, 4.390625, 0.7216796875, 1.1962890625, 5.96484375, 0.281982421875, 5.50390625, 0.1593017578125, 9.75, 9.265625, 0.171142578125, 1.642578125, 1.3212890625, 1.3984375, 10.8359375, 2.47265625, 3.60546875, 4.73828125, 0.658203125, 6.8984375, 7.421875, 3.345703125, 8.7109375, 0.397216796875, 3.46875, 8.3125, 5.00390625, 2.4609375, 2.390625, 0.8818359375, 1.6572265625, 5.3359375, 2.208984375, 0.037078857421875, 0.6337890625, 3.552734375, 0.20361328125, 3.166015625, 3.220703125, 8.21875, 7.3828125, 2.01171875, 1.00390625, 4.9375, 2.330078125, 8.078125, 3.763671875, 7.59375, 0.57861328125, 4.1328125, 2.408203125, 4.62890625, 0.75390625, 2.443359375, 4.30859375, 6.00390625, 4.2734375, 2.994140625, 2.34765625, 0.830078125, 1.013671875, 0.0005598068237304688, 6.02734375, 1.66796875, 1.265625, 1.2998046875, 4.43359375, 8.71875, 11.2265625, 6.73046875, 2.646484375, 1.3623046875, 2.66015625, 0.9453125, 5.453125, 3.966796875, 2.111328125, 5.91796875, 3.55078125]",-0.5372514062457618
415,0,test,3.3281855286404305,1.538325853167863,2.095313494699096,6.88393929855542,3.1818363800566054,4.333896288181036,27.887694345367812,21.89908228710531,24.45662479806986,57.68223958614539,45.29553772204688,50.5854974455804,3.3542573248321688,1.513709125013622,2.0934239523753684,6.93786557785799,3.1309197286606545,4.329988004058454,28.62433770982777,22.324346741368622,25.095977008736433,59.2058950921224,46.175144541976124,51.90791825738647,3.3281855286404305,1.538325853167863,2.095313494699096,6.88393929855542,3.1818363800566054,4.333896288181036,27.887694345367812,21.89908228710531,24.45662479806986,57.68223958614539,45.29553772204688,50.5854974455804,0.7839195979899498,0.023919597989949803,-0.0010804020100502187,0.5979899497487438,-0.0020100502512562235,0.007989949748743674,0.4773869346733668,0.007386934673366818,0.007386934673366818,0.4273858921161826,0.10440452565655522,0.1818686507368723,0.42500000000000004,0.4170854271356784,0.09377715645898665,0.16165971761981868,0.4242424242424242,0.4273858921161826,0.10440452565655522,0.1818686507368723,0.42500000000000004,27.0,11.0,11.0,37.0,14.0,13.0,47.0,14.0,13.0,-0.0002712371587032079,-0.00012657468653198855,-3.078170473189997e-05,-1.765294534639139e-05,6.285548396256502e-05,8.431204445269458e-05,"[3.0625, 9.453125, 2.48046875, 1.494140625, 3.81640625, 1.4990234375, 5.68359375, 0.8056640625, 5.37109375, 0.12200927734375, 4.27734375, 2.03125, 7.01171875, 6.14453125, 1.7646484375, 1.47265625, 5.6484375, 3.2578125, 2.306640625, 0.52392578125, 8.9140625, 1.2255859375, 3.70703125, 9.9453125, 1.65234375, 8.390625, 10.84375, 1.462890625, 3.07421875, 1.4794921875, 1.82421875, 2.306640625, 7.2578125, 1.3271484375, 0.984375, 0.302734375, 0.09149169921875, 0.1380615234375, 2.75, 0.814453125, 2.728515625, 4.1171875, 6.19921875, 6.8125, 1.6201171875, 0.5546875, 0.371337890625, 1.193359375, 2.828125, 1.08203125, 6.515625, 1.88671875, 9.3828125, 7.4140625, 1.3818359375, 6.57421875, 1.6572265625, 4.10546875, 1.1201171875, 3.033203125, 0.322998046875, 5.0234375, 0.07684326171875, 0.80859375, 9.9296875, 0.010284423828125, 5.7890625, 3.982421875, 3.939453125, 0.8095703125, 2.93359375, 2.12109375, 5.25, 3.02734375, 1.814453125, 1.3662109375, 6.1015625, 2.55078125, 0.5322265625, 6.09375, 3.21484375, 7.640625, 2.82421875, 0.65478515625, 1.8916015625, 4.41015625, 3.71875, 6.28515625, 0.55224609375, 7.0390625, 1.9697265625, 7.8125, 0.33642578125, 0.236572265625, 2.59375, 1.244140625, 8.140625, 2.2890625, 2.765625, 4.703125, 4.734375, 4.015625, 0.1334228515625, 6.1328125, 4.921875, 4.53515625, 6.58203125, 0.6298828125, 3.4765625, 6.28125, 0.70068359375, 0.8466796875, 1.07421875, 2.900390625, 1.185546875, 3.501953125, 1.734375, 0.389404296875, 4.44921875, 0.367919921875, 5.73046875, 0.07293701171875, 0.3154296875, 7.75, 2.919921875, 1.306640625, 3.77734375, 4.26171875, 0.5322265625, 1.6064453125, 5.875, 0.6259765625, 7.3828125, 8.875, 3.564453125, 5.078125, 4.92578125, 0.8916015625, 10.1640625, 0.97119140625, 0.32080078125, 2.935546875, 0.509765625, 1.232421875, 4.7734375, 1.150390625, 1.654296875, 1.345703125, 6.5546875, 3.58984375, 6.75390625, 0.147216796875, 0.28271484375, 6.55859375, 3.26953125, 4.94140625, 5.09765625, 0.98583984375, 4.13671875, 0.050201416015625, 0.372314453125, 5.26171875, 7.1796875, 0.456298828125, 0.97607421875, 3.900390625, 6.6015625, 9.8125, 4.0859375, 9.5, 3.791015625, 3.796875, 6.03125, 3.486328125, 2.494140625, 7.6640625, 2.6875, 3.935546875, 0.1324462890625, 6.703125, 3.90625, 2.982421875, 0.1849365234375, 3.568359375, 2.345703125, 1.6787109375, 4.1953125, 8.625, 2.2109375, 8.0, 2.671875, 1.1015625, 1.173828125, 0.904296875, 2.71875, 6.3359375, 3.091796875, 1.98046875, 2.27734375, 5.12109375, 9.734375, 1.1708984375, 1.42578125, 2.197265625, 0.8017578125, 3.67578125, 4.203125, 5.078125, 2.810546875, 4.1484375, 5.1796875, 6.6796875, 1.056640625, 1.732421875, 0.37353515625, 10.9765625, 4.50390625, 1.0615234375, 5.76171875, 5.203125, 0.2073974609375, 1.5087890625, 2.494140625, 0.177978515625, 0.6328125, 4.65234375, 4.83984375, 1.275390625, 0.0933837890625, 0.19580078125, 0.5322265625, 0.2099609375, 0.247802734375, 5.515625, 2.26171875, 0.60107421875, 0.53515625, 1.8486328125, 0.46923828125, 8.8984375, 1.5615234375]",-0.6491732894137687
206,0,test,3.6962201120861398,1.6622532446121743,2.27911658695516,5.993870452031578,2.695545802073796,3.695864735602963,40.29470666594565,32.65035624857659,36.16955195349901,65.34276756639834,52.94652364634041,58.65332749216055,4.054258128506454,1.8667766202873017,2.5807221115614034,6.574472640821277,3.0272053301956245,4.184954775504979,57.64238388839801,48.72964572112406,53.27774255595406,93.47413603524001,79.0210471153363,86.39633927992551,3.6962201120861398,1.6622532446121743,2.27911658695516,5.993870452031578,2.695545802073796,3.695864735602963,40.29470666594565,32.65035624857659,36.16955195349901,65.34276756639834,52.94652364634041,58.65332749216055,0.8040201005025126,-0.0009798994974873354,0.01902010050251257,0.6783919597989949,-0.0016080402010050232,0.00339195979899487,0.5879396984924623,0.007939698492462233,0.007939698492462233,0.4381270903010034,0.11091507026761438,0.18228726827653174,0.4093959731543624,0.44723618090452266,0.10137151925038734,0.19181047138866292,0.4545454545454546,0.4381270903010034,0.11091507026761438,0.18228726827653174,0.4093959731543624,20.0,0.0,0.0,34.0,2.0,1.0,41.0,1.0,0.0,-0.0009025157092579532,9.572700858420691e-05,-0.00018713066064021078,0.004168493968153442,0.0033926829480765974,0.004228506259126519,"[3.0625, 9.453125, 2.48046875, 5.4921875, 0.79443359375, 0.078125, 1.3251953125, 9.703125, 0.9326171875, 4.70703125, 0.50537109375, 0.7294921875, 0.73974609375, 9.5859375, 6.59765625, 3.24609375, 3.57421875, 9.40625, 0.66455078125, 2.0859375, 3.287109375, 0.57958984375, 10.6328125, 6.9921875, 9.0546875, 2.609375, 1.3212890625, 3.61328125, 5.12109375, 6.8203125, 7.49609375, 0.357177734375, 5.453125, 1.8388671875, 4.90234375, 11.3828125, 0.771484375, 9.015625, 0.3994140625, 8.3515625, 5.8671875, 1.20703125, 3.912109375, 0.62548828125, 3.12890625, 2.95703125, 8.359375, 0.292724609375, 8.609375, 2.822265625, 5.78515625, 3.38671875, 4.95703125, 5.07421875, 1.1650390625, 8.1484375, 0.26708984375, 4.80859375, 1.650390625, 3.0546875, 1.404296875, 5.76953125, 2.833984375, 3.90625, 5.609375, 1.685546875, 9.5078125, 6.77734375, 1.0498046875, 2.326171875, 8.1796875, 7.15625, 0.1534423828125, 0.217041015625, 1.6123046875, 1.5126953125, 8.0234375, 3.072265625, 0.759765625, 4.64453125, 7.46484375, 3.70703125, 4.55859375, 5.5625, 0.227783203125, 1.3525390625, 2.7578125, 0.00817108154296875, 5.453125, 4.55859375, 2.115234375, 6.08203125, 2.896484375, 4.44140625, 1.5732421875, 3.86328125, 0.031280517578125, 3.533203125, 3.38671875, 4.33203125, 0.00455474853515625, 11.1640625, 0.74755859375, 5.62890625, 0.016754150390625, 0.001377105712890625, 0.86279296875, 5.4296875, 0.125732421875, 5.88671875, 1.4853515625, 8.1875, 8.171875, 7.96875, 6.9140625, 8.796875, 7.49609375, 0.46533203125, 6.3984375, 1.3779296875, 0.58203125, 1.9404296875, 3.412109375, 4.78515625, 2.923828125, 10.8046875, 1.74609375, 14.875, 3.453125, 3.119140625, 4.15625, 4.83203125, 3.951171875, 2.4609375, 1.568359375, 4.54296875, 2.828125, 3.552734375, 4.61328125, 0.004673004150390625, 0.0017175674438476562, 0.41943359375, 3.6796875, 5.33984375, 2.650390625, 2.943359375, 4.78515625, 4.3046875, 1.6240234375, 3.3984375, 3.505859375, 6.03515625, 3.55078125, 5.1953125, 4.65234375, 5.2578125, 8.296875, 1.2275390625, 2.84375, 9.4921875, 0.43798828125, 5.12890625, 4.93359375, 0.9033203125, 10.5234375, 1.4619140625, 0.1087646484375, 0.84326171875, 1.0849609375, 3.28125, 4.2890625, 0.9833984375, 4.66796875, 4.109375, 5.55859375, 4.77734375, 1.0869140625, 6.6875, 0.947265625, 15.6484375, 8.546875, 2.234375, 12.59375, 0.2032470703125, 2.72265625, 4.90234375, 0.28955078125, 7.375, 0.09796142578125, 5.17578125, 1.7333984375, 6.66015625, 2.1953125, 3.90234375, 5.4140625, 3.876953125, 5.12890625, 2.560546875, 7.359375, 1.65234375, 7.55078125, 6.4609375, 2.876953125, 4.67578125, 4.47265625, 0.222412109375, 2.845703125, 5.4609375, 0.95361328125, 1.8818359375, 0.05426025390625, 0.004955291748046875, 0.0098724365234375, 0.029937744140625, 9.5703125, 0.392822265625, 6.32421875, 0.204833984375, 0.1751708984375, 9.7109375, 1.84375, 6.5390625, 1.5322265625, 0.0369873046875, 3.400390625, 0.0146026611328125, 0.1221923828125, 2.556640625, 5.73828125, 1.7705078125, 0.796875, 1.228515625, 1.4560546875, 0.016845703125, 0.0469970703125, 8.344650268554688e-05, 3.720703125, 2.26171875, 0.72412109375, 0.57080078125, 0.92333984375, 0.97119140625, 4.66796875, 14.203125, 3.72265625, 0.81005859375, 8.453125, 9.4140625, 6.66015625, 3.052734375, 6.82421875, 3.849609375, 0.00974273681640625, 0.002582550048828125, 0.00012767314910888672, 0.484130859375, 0.356201171875, 0.00147247314453125, 0.0002429485321044922, 0.0001385211944580078, 0.740234375, 5.16015625, 7.01953125, 0.21826171875, 0.60791015625, 6.4609375, 0.74658203125, 0.12060546875, 0.177734375, 1.765625, 6.0234375, 0.062347412109375, 1.9794921875, 3.98046875, 1.6416015625, 5.92578125, 13.8203125, 0.8525390625, 3.833984375, 5.47265625, 0.440185546875, 1.990234375, 10.515625, 7.21484375, 1.796875, 7.71875, 3.373046875, 0.031951904296875, 2.650390625, 2.12890625, 1.5068359375, 5.3203125, 0.8876953125, 5.44921875, 7.49609375, 4.72265625, 8.2734375, 0.0540771484375, 0.399658203125]",-1.599321174382366
240,0,test,3.669004594748802,1.6386473013404754,2.273814293062878,6.318841246511825,2.822114796753041,3.916013504719401,39.212853746655625,31.596046438949617,35.177111238492195,67.53324811924024,54.41541331152434,60.582802688514334,3.686490279346255,1.621043732844273,2.258616920643635,6.348955481096327,2.79179753989847,3.8898402522195936,39.90454708154989,32.01572724540558,35.7347250412932,68.72449775155815,55.13819692264293,61.54313757111606,3.674399484024357,1.6508299873108534,2.2865994419117417,6.328132444708614,2.8430960892575805,3.938032372181333,39.42497442009272,31.85969337910785,35.418947159694795,67.89856705682634,54.869471930685734,60.999297886141036,0.7638190954773869,-0.0061809045226131065,-0.001180904522613102,0.6331658291457287,-0.006834170854271293,-0.0018341708542712887,0.507537688442211,-0.007462311557788981,-0.0024623115577889765,0.42105263157894735,0.08569909622541194,0.14918183750088543,0.3943089430894309,0.4321608040201005,0.09882747068676712,0.17005729817702875,0.398989898989899,0.42914979757085026,0.10389727231832502,0.16400847859373047,0.3902439024390244,29.0,11.0,11.0,42.0,12.0,12.0,49.0,11.0,11.0,-0.00035037837398940687,-0.00018919047314761513,-0.00015701554284928298,2.39265858157367e-05,9.583520108336074e-05,0.00011149550017286458,"[3.056640625, 9.4453125, 2.4296875, 1.0791015625, 10.8046875, 8.4140625, 4.35546875, 4.71875, 5.5625, 8.3203125, 2.01953125, 3.287109375, 6.5, 3.216796875, 7.46875, 2.708984375, 2.03125, 0.80126953125, 6.65234375, 5.5546875, 1.8857421875, 5.265625, 0.490234375, 8.546875, 5.921875, 1.3662109375, 4.31640625, 7.82421875, 1.5595703125, 9.1015625, 7.12890625, 0.91015625, 6.91796875, 10.0, 1.73046875, 0.8125, 2.62890625, 3.873046875, 0.033355712890625, 8.7421875, 8.0546875, 2.412109375, 4.2734375, 8.1484375, 2.373046875, 0.60205078125, 3.13671875, 3.603515625, 3.73046875, 4.64453125, 7.19921875, 0.50244140625, 1.98828125, 0.68603515625, 2.271484375, 0.97509765625, 0.873046875, 0.136474609375, 0.1787109375, 3.6171875, 0.09979248046875, 2.3359375, 0.7392578125, 6.49609375, 4.6640625, 0.59912109375, 7.15234375, 9.4375, 0.10858154296875, 0.029052734375, 4.9609375, 3.01953125, 2.513671875, 1.7119140625, 1.3271484375, 2.271484375, 0.53564453125, 1.662109375, 6.7421875, 0.05322265625, 7.390625, 6.0390625, 1.1591796875, 6.57421875, 3.025390625, 6.40234375, 3.529296875, 5.3984375, 2.6640625, 4.828125, 4.1796875, 8.734375, 5.1796875, 3.01953125, 8.0, 5.6875, 7.921875, 1.5703125, 5.703125, 0.0697021484375, 0.2236328125, 3.8671875, 6.16015625, 0.3388671875, 0.955078125, 3.228515625, 3.189453125, 8.453125, 2.552734375, 1.9169921875, 7.15625, 6.7890625, 1.0400390625, 9.15625, 5.68359375, 1.1083984375, 6.27734375, 2.671875, 3.33984375, 0.05743408203125, 0.052734375, 2.609375, 2.578125, 8.609375, 0.9365234375, 6.1875, 1.7099609375, 0.4716796875, 7.703125, 6.1796875, 5.70703125, 2.126953125, 0.60986328125, 2.841796875, 6.09765625, 0.30322265625, 2.8828125, 10.1171875, 4.68359375, 2.640625, 0.36083984375, 4.55078125, 0.144287109375, 0.2135009765625, 5.3515625, 1.88671875, 6.74609375, 6.55859375, 8.9765625, 0.98583984375, 10.5703125, 2.880859375, 5.03515625, 1.005859375, 4.13671875, 0.02899169921875, 0.2227783203125, 8.3046875, 2.83203125, 4.53125, 6.71484375, 1.04296875, 5.296875, 4.95703125, 0.0009860992431640625, 7.06640625, 5.09765625, 1.7998046875, 0.82568359375, 8.90625, 0.412841796875, 1.0712890625, 0.00963592529296875, 0.2470703125, 5.28515625, 6.26171875, 1.8115234375, 0.102294921875, 0.483154296875, 1.8505859375, 3.26171875, 4.19921875, 5.59765625, 0.1102294921875, 2.15234375, 3.537109375, 1.94921875, 3.947265625, 4.44921875, 2.296875, 8.140625, 0.63720703125, 3.548828125, 3.48828125, 1.2548828125, 3.021484375, 0.10247802734375, 0.8984375, 1.0595703125, 2.767578125, 1.8642578125, 3.12109375, 0.00746917724609375, 0.080078125, 2.994140625, 0.96533203125, 3.71484375, 4.91796875, 2.685546875, 3.794921875, 0.70556640625, 2.140625, 4.734375, 1.8388671875, 1.9873046875, 2.681640625, 3.974609375, 1.9091796875, 12.71875, 8.609375, 0.68505859375, 5.046875, 4.30859375, 3.30078125, 8.5703125, 2.33984375, 8.3984375, 0.64697265625, 6.93359375, 1.4375, 1.8486328125, 4.99609375, 0.4541015625, 6.05078125, 0.169189453125, 3.0546875, 8.1171875, 3.61328125, 0.1676025390625, 2.08984375, 0.1314697265625, 6.76953125, 8.4921875, 6.6484375, 3.05078125, 0.62353515625, 2.224609375]",-0.8420828228537371
132,0,test,4.459369399641577,2.1093346876024963,2.888424191151185,6.785996912498052,3.2098571333081463,4.395428116969194,86.43298723465367,75.94705352810278,81.62179360834311,131.52845883534255,115.57160319493903,124.20707723008735,4.60899207340413,2.15542623535998,2.9648446460713105,7.013683589962806,3.279996445113013,4.511720113586777,100.3829200140918,88.75317736554149,95.20632541212672,152.7566174127484,135.05918294756316,144.8791908445407,4.459369399641577,2.1093346876024963,2.888424191151185,6.785996912498052,3.2098571333081463,4.395428116969194,86.43298723465367,75.94705352810278,81.62179360834311,131.52845883534255,115.57160319493903,124.20707723008735,0.7839195979899498,-0.006080402010050223,-0.006080402010050223,0.6884422110552764,0.003442211055276312,-0.0015577889447235815,0.5829145728643217,-0.022085427135678293,-0.002085427135678275,0.45878136200716846,0.11888869653310763,0.2072914931156309,0.45683453237410077,0.4623115577889447,0.126471958791451,0.21189419551849398,0.48484848484848486,0.45878136200716846,0.11888869653310763,0.2072914931156309,0.45683453237410077,27.0,4.0,4.0,42.0,8.0,9.0,46.0,5.0,4.0,-0.0007938336047990215,0.00011590961982316587,-4.803024399887192e-05,0.0002456840853515274,-0.00018111633153772289,-2.978536601450088e-05,"[3.0625, 9.453125, 2.48046875, 1.494140625, 1.81640625, 11.234375, 1.4658203125, 7.5390625, 3.47265625, 5.32421875, 0.98486328125, 2.830078125, 1.1708984375, 7.1640625, 0.7568359375, 0.11138916015625, 8.765625, 0.0972900390625, 4.40625, 0.58203125, 4.078125, 0.4287109375, 2.02734375, 3.396484375, 0.068603515625, 10.0390625, 9.5859375, 0.486572265625, 4.6015625, 0.6005859375, 3.955078125, 1.8583984375, 11.7734375, 0.320068359375, 0.1282958984375, 6.65234375, 5.7578125, 2.595703125, 5.9921875, 6.25, 3.1953125, 1.7255859375, 6.41796875, 6.484375, 12.8828125, 13.3125, 2.501953125, 8.109375, 1.6181640625, 0.002223968505859375, 9.0625, 1.8154296875, 6.41015625, 2.08984375, 3.27734375, 7.7109375, 4.88671875, 0.0302581787109375, 6.6484375, 4.47265625, 10.1953125, 5.48046875, 0.8837890625, 7.03515625, 0.599609375, 2.390625, 6.3515625, 8.8203125, 2.771484375, 2.939453125, 0.007625579833984375, 8.265625, 6.546875, 3.640625, 10.1484375, 0.01084136962890625, 2.73828125, 0.0170745849609375, 6.9375, 11.890625, 12.125, 0.09954833984375, 8.421875, 1.109375, 8.40625, 7.67578125, 6.60546875, 2.974609375, 5.4453125, 7.8203125, 0.474609375, 3.62890625, 3.171875, 1.7041015625, 1.060546875, 5.328125, 1.345703125, 4.0703125, 8.1953125, 6.671875, 0.3544921875, 0.5458984375, 8.8984375, 9.265625, 6.07421875, 12.3984375, 8.203125, 4.87109375, 9.703125, 3.1796875, 0.015838623046875, 8.8359375, 0.0175628662109375, 7.234375, 7.6484375, 2.255859375, 6.5390625, 0.00445556640625, 1.4072265625, 6.37890625, 0.6328125, 0.003948211669921875, 5.29296875, 8.546875, 0.1324462890625, 2.6328125, 3.375, 4.06640625, 6.73828125, 0.7314453125, 0.43408203125, 3.783203125, 2.392578125, 4.8046875, 7.390625, 6.44140625, 0.007122039794921875, 4.16015625, 4.3359375, 4.9765625, 7.765625, 1.1806640625, 0.4130859375, 7.1484375, 12.546875, 2.10546875, 8.3046875, 1.1640625, 5.3828125, 0.152099609375, 3.978515625, 0.62158203125, 1.9345703125, 10.234375, 3.681640625, 8.75, 1.6640625, 11.09375, 1.7890625, 8.625, 0.11083984375, 7.375, 6.0625, 7.09765625, 0.03192138671875, 9.7734375, 1.3681640625, 2.943359375, 1.091796875, 5.36328125, 9.390625, 0.00543975830078125, 9.625, 0.60888671875, 1.169921875, 9.2734375, 0.01161956787109375, 8.3046875, 7.078125, 2.1015625, 9.2734375, 9.8671875, 8.1328125, 4.19140625, 7.2734375, 8.8359375, 8.25, 2.390625, 12.890625, 6.6640625, 4.60546875, 2.259765625, 2.65234375, 0.042205810546875, 5.8984375, 9.296875, 3.62109375, 2.87109375, 0.75830078125, 6.30859375, 3.158203125, 8.0625, 1.056640625, 0.65234375, 9.0078125, 6.14453125, 3.115234375, 9.4453125, 3.1484375, 2.107421875, 7.86328125, 1.95703125, 0.71923828125, 9.4453125, 1.533203125, 3.05859375, 4.765625, 2.51953125, 3.806640625, 4.06640625, 5.1953125, 0.209228515625, 1.150390625, 7.58984375, 0.09912109375, 6.09375, 2.208984375, 12.140625, 4.55078125, 1.0048828125, 1.7138671875, 3.474609375, 8.34375, 4.80078125, 4.65234375, 12.0234375, 3.826171875, 5.35546875, 4.5859375, 6.9921875, 0.005580902099609375, 2.12109375, 4.01953125, 9.125, 6.40234375, 3.86328125, 4.77734375, 4.80859375, 8.375, 5.25390625, 8.7109375, 0.003772735595703125, 4.7890625, 6.90625, 1.32421875, 4.7265625, 1.861328125, 4.3125, 0.00213623046875, 6.25390625, 5.9609375, 4.53125, 0.325927734375, 0.07855224609375, 4.23046875, 4.31640625, 3.0, 1.4921875, 3.951171875, 0.01268768310546875, 0.0589599609375, 0.002838134765625, 0.004680633544921875, 0.004367828369140625, 0.60595703125, 3.82421875, 3.43359375, 2.052734375, 7.40234375]",-1.0102975582136473
168,0,test,3.0928005074285356,1.3876233005327463,1.8375406475985985,5.690752933668506,2.5532268729802534,3.381074791581421,22.03871120777246,16.5363505707012,18.529961168699085,40.55122862230133,30.426885050090206,34.095128550406315,3.3161548394054625,1.3960474750496916,1.9868302490615988,6.101724904506051,2.5687273540914326,3.655767658273342,27.554196289417465,20.732505453000563,23.775705792842256,50.699721172528136,38.14781003352103,43.74729865882975,2.9933205663559828,1.3160914194304276,1.826546523104122,5.507709842095008,2.4216082117519866,3.3608456025115845,19.951823972626475,14.601114590406059,16.74020859569465,36.71135610963272,26.86605084634715,30.80198381607816,0.7135678391959799,-0.006432160804020093,-0.0014321608040201994,0.6030150753768844,0.0030150753768843908,0.0030150753768843908,0.42211055276381915,-0.012889447236180906,-0.022889447236180804,0.38692098092643057,0.0631114571169068,0.1269014305842996,0.33606557377049184,0.40201005025125625,0.07619551391040413,0.1515926879808055,0.3434343434343434,0.3946488294314381,0.07745350388886718,0.147707783825209,0.30536912751677847,27.0,7.0,8.0,44.0,15.0,13.0,48.0,10.0,7.0,-0.0008786642167269118,-6.82909295122768e-05,-0.0003845853061131687,0.002981631062752399,0.003656082651460224,0.003287602129585565,"[3.056640625, 9.4453125, 2.4296875, 1.0791015625, 6.80078125, 3.873046875, 3.9609375, 7.4765625, 4.1328125, 6.71875, 0.7998046875, 0.9443359375, 7.09765625, 3.60546875, 2.44140625, 1.177734375, 7.32421875, 0.1622314453125, 2.138671875, 9.828125, 6.9765625, 1.7958984375, 6.72265625, 10.703125, 0.63134765625, 7.94921875, 8.7265625, 1.2587890625, 4.69140625, 0.020294189453125, 0.26904296875, 9.3359375, 2.857421875, 2.953125, 4.55859375, 1.55859375, 2.541015625, 2.794921875, 6.4921875, 1.41015625, 0.49853515625, 2.24609375, 3.912109375, 3.650390625, 3.029296875, 6.51171875, 2.57421875, 4.78125, 6.234375, 2.529296875, 4.78515625, 0.010345458984375, 5.953125, 5.78515625, 2.14453125, 10.8203125, 3.494140625, 7.78125, 2.787109375, 9.40625, 0.67431640625, 1.3623046875, 4.52734375, 2.783203125, 3.89453125, 4.12109375, 3.55859375, 0.27783203125, 0.8701171875, 0.09136962890625, 2.25390625, 0.2423095703125, 7.20703125, 9.96875, 10.765625, 7.5234375, 4.8671875, 3.658203125, 5.234375, 5.0546875, 5.3515625, 1.85546875, 0.2142333984375, 3.83203125, 10.765625, 4.765625, 0.72412109375, 0.057342529296875, 0.297607421875, 0.4150390625, 9.8359375, 0.7548828125, 6.96875, 0.03265380859375, 0.38818359375, 6.3984375, 0.418212890625, 7.27734375, 4.6796875, 5.84765625, 0.0028743743896484375, 0.6787109375, 4.37109375, 0.9833984375, 2.6640625, 0.233642578125, 0.27392578125, 0.159423828125, 0.27099609375, 3.0234375, 10.8203125, 3.876953125, 1.021484375, 2.55859375, 3.1015625, 1.685546875, 7.515625, 4.16796875, 0.94580078125, 2.76171875, 2.083984375, 0.5888671875, 8.3828125, 0.5439453125, 0.640625, 4.25, 2.4375, 5.3828125, 2.8203125, 6.69140625, 1.443359375, 1.587890625, 5.0859375, 1.2431640625, 4.31640625, 1.7216796875, 3.447265625, 8.5625, 0.3310546875, 1.203125, 0.28955078125, 4.61328125, 5.37890625, 7.11328125, 2.689453125, 2.537109375, 0.0703125, 0.03668212890625, 0.00759124755859375, 3.583984375, 0.58203125, 3.087890625, 4.4453125, 0.60791015625, 2.5703125, 2.259765625, 2.556640625, 2.015625, 0.1982421875, 3.107421875, 0.54833984375, 2.69921875, 7.04296875, 8.875, 3.033203125, 1.9775390625, 10.6875, 5.6328125, 3.958984375, 6.0625, 1.3115234375, 1.181640625, 4.5234375, 0.06500244140625, 0.0335693359375, 0.03021240234375, 0.4755859375, 0.13037109375, 0.44091796875, 2.15625, 0.0164031982421875, 2.1328125, 0.09130859375, 0.0132598876953125, 1.5263671875, 0.0007905960083007812, 1.6162109375, 0.24462890625, 0.1474609375, 3.162109375, 2.939453125, 0.08795166015625, 0.00982666015625, 2.5546875, 2.38671875, 3.611328125, 1.205078125, 6.05859375, 0.2415771484375, 1.5048828125, 2.427734375, 1.7138671875, 3.3984375, 1.337890625, 1.9052734375, 0.430908203125, 2.666015625, 2.251953125, 1.68359375, 0.040283203125, 2.302734375, 1.2099609375, 9.9375, 0.97607421875, 3.1953125, 2.669921875, 3.85546875, 0.431884765625, 4.37109375, 2.44921875, 0.9521484375, 5.86328125, 0.98486328125, 6.55078125, 9.9296875, 8.78125, 3.494140625, 3.66015625, 3.353515625, 2.20703125, 2.041015625, 5.46484375, 1.8037109375, 0.78857421875, 4.7734375, 0.49560546875, 2.443359375, 2.322265625, 5.125, 6.1015625, 10.578125, 5.02734375, 2.03125, 5.390625, 0.266357421875, 1.0302734375, 0.68310546875, 9.046875, 0.07244873046875, 1.9755859375, 1.876953125, 0.9052734375, 5.2421875, 3.78125, 0.26123046875, 0.13037109375, 0.77001953125, 2.875, 2.384765625, 0.1962890625, 2.314453125, 3.02734375, 0.1522216796875, 0.55712890625, 0.0021514892578125, 1.3076171875, 0.452392578125, 2.193359375, 1.505859375, 1.125, 0.0401611328125, 0.050567626953125, 0.3828125, 0.2191162109375, 0.900390625, 0.007312774658203125, 2.697265625, 0.1685791015625, 0.0297698974609375, 0.2354736328125, 0.0010128021240234375, 1.28515625, 0.888671875, 1.83203125, 2.28125, 4.453125, 8.3203125, 2.208984375, 7.4921875, 0.30908203125, 1.89453125, 0.001495361328125, 0.1484375, 0.0002644062042236328, 0.0031642913818359375, 0.0015544891357421875, 0.55322265625, 5.515625, 1.83203125, 3.51953125, 0.084716796875, 8.140625, 3.4296875, 2.216796875, 1.888671875, 2.8984375, 0.0299224853515625, 0.64111328125, 7.47265625, 5.1640625, 1.9892578125, 0.058380126953125, 4.25390625, 7.46484375, 0.7724609375, 5.40234375, 0.751953125, 0.33740234375, 8.421875, 4.18359375, 0.161865234375, 10.9921875, 4.53515625, 0.939453125, 6.15234375, 0.0212860107421875, 7.59375, 2.751953125, 6.3515625, 2.125, 1.7451171875, 0.07659912109375, 1.2998046875, 1.2939453125, 7.94921875, 4.1484375, 0.1019287109375, 8.84375, 0.36279296875, 4.16015625, 0.402587890625, 0.90625, 0.0010690689086914062, 0.173828125, 4.76837158203125e-05, 5.2109375, 2.779296875, 9.578125, 6.609375, 2.880859375, 3.623046875, 6.015625, 0.828125, 5.4453125, 5.09765625, 1.1376953125, 11.3046875, 4.8515625, 1.5556640625, 2.791015625, 6.90625, 4.78515625, 2.138671875, 2.201171875, 5.80859375, 3.349609375, 1.0966796875]",-0.9456239844537886
260,0,test,3.2824373164144505,1.4438349044853183,2.0122906897218984,6.051993802139143,2.6620706051448058,3.7101609591747504,26.640625267911584,20.352880827145775,23.079250551242236,49.118652837711984,37.52562402505002,42.55236820385287,3.6382864504004244,1.583166214106412,2.2108637497795725,6.708090642925782,2.918962707258697,4.076280038656087,38.026620365522426,30.218843771199687,33.858677065901084,70.11158129893197,55.71599320314942,62.42693584025512,3.2824373164144505,1.4438349044853183,2.0122906897218984,6.051993802139143,2.6620706051448058,3.7101609591747504,26.640625267911584,20.352880827145775,23.079250551242236,49.118652837711984,37.52562402505002,42.55236820385287,0.7839195979899498,0.013919597989949795,0.00891959798994979,0.6482412060301508,-0.0017587939698492372,0.008241206030150772,0.5226130653266332,0.007613065326633195,0.0026130653266331905,0.41836734693877553,0.09748449464675513,0.15479268630529142,0.39249146757679176,0.4321608040201005,0.08378987670180471,0.15837115460440765,0.43434343434343436,0.41836734693877553,0.09748449464675513,0.15479268630529142,0.39249146757679176,17.0,-1.0,0.0,30.0,2.0,2.0,39.0,1.0,2.0,-0.001063485031750151,-2.113298856212886e-05,-0.0002569536960749424,0.0003496329132595122,-0.00012301345579235345,2.278298851532412e-05,"[3.0625, 9.453125, 2.48046875, 5.4921875, 0.79443359375, 0.078125, 1.3251953125, 4.69921875, 8.328125, 1.6572265625, 2.4453125, 8.21875, 2.05859375, 9.0234375, 6.48046875, 1.39453125, 5.89453125, 7.125, 0.255126953125, 0.421630859375, 3.208984375, 0.96484375, 4.5625, 1.2421875, 0.87646484375, 4.87890625, 2.681640625, 7.81640625, 1.79296875, 7.7109375, 6.40625, 2.421875, 3.6640625, 4.0546875, 5.8125, 2.30078125, 5.140625, 3.490234375, 1.203125, 4.4609375, 3.515625, 7.10546875, 0.94970703125, 0.0285491943359375, 1.16796875, 1.6318359375, 7.51171875, 1.0078125, 3.185546875, 2.021484375, 4.5234375, 1.1064453125, 6.1171875, 2.033203125, 3.677734375, 6.12109375, 0.8896484375, 3.814453125, 0.10406494140625, 5.3828125, 4.0625, 5.00390625, 0.41748046875, 2.603515625, 0.0114898681640625, 2.05078125, 2.4921875, 10.53125, 3.353515625, 1.5966796875, 3.61328125, 3.1328125, 5.23046875, 0.81494140625, 6.08203125, 0.016448974609375, 0.009002685546875, 2.0546875, 1.314453125, 0.007232666015625, 0.76611328125, 8.5703125, 5.58203125, 0.130615234375, 1.09765625, 10.6640625, 2.220703125, 6.86328125, 5.21875, 5.40234375, 7.984375, 1.328125, 0.7421875, 7.00390625, 0.7646484375, 2.5234375, 4.203125, 1.89453125, 2.22265625, 0.0005183219909667969, 0.1619873046875, 9.453125, 0.029632568359375, 11.734375, 2.51953125, 4.74609375, 5.13671875, 8.4296875, 3.3125, 2.830078125, 1.244140625, 0.04022216796875, 6.4609375, 0.474853515625, 1.1767578125, 4.37109375, 0.52978515625, 4.44921875, 6.984375, 0.334716796875, 2.91015625, 9.21875, 4.19140625, 0.0654296875, 3.275390625, 3.224609375, 0.399169921875, 1.6318359375, 0.012237548828125, 10.6015625, 15.734375, 9.3515625, 0.043060302734375, 4.52734375, 2.466796875, 0.130615234375, 5.75390625, 0.048126220703125, 6.890625, 5.2265625, 4.28125, 6.20703125, 4.5390625, 2.626953125, 8.546875, 0.0672607421875, 6.984375, 4.890625, 1.4814453125, 2.599609375, 7.4140625, 4.2578125, 6.1875, 5.98046875, 5.6640625, 6.11328125, 5.80078125, 5.16015625, 1.060546875, 5.3359375, 3.990234375, 5.38671875, 0.24658203125, 2.3671875, 6.94921875, 4.13671875, 2.62890625, 0.59912109375, 1.578125, 0.7294921875, 4.62890625, 0.10504150390625, 1.5546875, 4.07421875, 0.4521484375, 6.9609375, 0.011688232421875, 3.625, 1.3623046875, 4.99609375, 4.55078125, 1.453125, 5.34375, 3.328125, 1.955078125, 4.82421875, 2.94140625, 4.2265625, 0.00881195068359375, 6.92578125, 0.01812744140625, 0.947265625, 10.46875, 0.290771484375, 8.421875, 2.728515625, 3.005859375, 1.478515625, 1.01171875, 3.298828125, 2.3046875, 0.9306640625, 0.01477813720703125, 7.2890625, 4.79296875, 1.7041015625, 6.21875, 9.15625, 2.421875, 1.4609375, 0.418701171875, 5.125, 0.1527099609375, 9.5390625, 0.10357666015625, 8.25, 0.492919921875, 0.05963134765625, 1.3173828125, 1.2861328125, 0.99267578125, 2.53515625, 1.71875, 3.271484375, 1.61328125, 4.01953125, 0.669921875, 1.0830078125, 2.83203125, 0.286376953125, 0.005359649658203125, 0.0225982666015625, 0.011199951171875, 1.08203125, 5.85546875, 1.388671875, 5.015625, 0.447998046875, 7.9765625, 4.16796875, 6.82421875, 2.47265625, 0.011810302734375, 0.455810546875, 0.0026836395263671875, 0.4521484375, 0.425048828125, 4.6796875, 5.828125, 0.69775390625, 3.19921875, 0.20703125, 9.65625, 12.90625, 2.525390625, 0.2802734375, 0.0072479248046875, 0.0265045166015625, 0.0009908676147460938, 0.460693359375, 0.03912353515625, 8.6015625, 0.325927734375, 3.455078125, 0.17626953125, 4.48828125, 4.70703125, 1.966796875, 4.98828125, 2.04296875, 0.019744873046875, 0.00861358642578125, 0.001125335693359375, 2.458984375, 0.00438690185546875, 0.019805908203125, 0.008331298828125, 0.013092041015625, 6.875, 2.259765625, 9.828125, 0.9404296875, 0.0008273124694824219, 0.00982666015625, 0.0013189315795898438, 0.5498046875, 0.0006909370422363281, 0.7412109375, 10.296875, 8.5546875, 0.38818359375, 2.2734375, 1.6201171875, 2.42578125]",-1.2977538189920437
427,0,test,3.3483515271273525,1.5256187996732933,2.100858606308309,6.1201657052129095,2.7885482696015162,3.839979969146313,28.45578636684691,22.267038843828228,24.974183015528123,52.01190090893873,40.70001801918272,45.6481755780514,3.5251181425161695,1.5497707087447636,2.1734381785779866,6.4432623002282305,2.8326934808844686,3.9726419687915517,33.957785237462865,26.748661325590263,30.09387392456538,62.068534606223515,48.89159288650936,55.00602121311288,3.3483515271273525,1.5256187996732933,2.100858606308309,6.1201657052129095,2.7885482696015162,3.839979969146313,28.45578636684691,22.267038843828228,24.974183015528123,52.01190090893873,40.70001801918272,45.6481755780514,0.8090452261306533,-0.005954773869346619,-0.005954773869346619,0.6180904522613065,-0.01190954773869346,-0.01190954773869346,0.4723618090452262,-0.022638190954773818,-0.007638190954773805,0.41454545454545455,0.09512621679590827,0.15819720787072666,0.34306569343065696,0.42211055276381915,0.08627095376632543,0.1566681487571413,0.3535353535353535,0.41454545454545455,0.09512621679590827,0.15819720787072666,0.34306569343065696,21.0,2.0,1.0,34.0,4.0,3.0,43.0,2.0,3.0,-0.0002918203353770572,-0.00043344747407007004,-6.460531575163237e-05,0.0002179643979092205,-0.00019661043173790915,-4.380359388900246e-05,"[3.0625, 9.453125, 2.48046875, 1.494140625, 11.8203125, 1.353515625, 1.2451171875, 7.6171875, 4.30859375, 10.046875, 4.9609375, 4.0703125, 5.3125, 0.5458984375, 6.3125, 13.9765625, 6.046875, 8.8984375, 0.7158203125, 5.8515625, 0.09307861328125, 5.73046875, 2.625, 3.025390625, 3.44140625, 1.24609375, 2.822265625, 7.12890625, 5.88671875, 8.765625, 0.88525390625, 4.40234375, 1.248046875, 2.046875, 4.109375, 3.453125, 2.41015625, 4.7734375, 0.93017578125, 1.0087890625, 1.48828125, 3.849609375, 4.34375, 0.2064208984375, 0.1727294921875, 2.5390625, 11.46875, 7.81640625, 6.80078125, 1.3173828125, 3.591796875, 2.787109375, 3.7265625, 0.8564453125, 4.10546875, 5.04296875, 1.2998046875, 1.39453125, 3.7265625, 8.46875, 0.48095703125, 3.43359375, 3.37890625, 2.43359375, 6.29296875, 4.33984375, 1.7626953125, 1.9404296875, 0.191650390625, 2.54296875, 1.5205078125, 0.5322265625, 2.7734375, 4.1875, 0.03875732421875, 3.291015625, 4.87890625, 1.1865234375, 3.36328125, 8.6171875, 0.0103607177734375, 2.31640625, 2.771484375, 1.232421875, 1.4267578125, 1.7216796875, 9.03125, 5.62890625, 2.251953125, 1.8994140625, 2.0703125, 0.7412109375, 5.15625, 8.4375, 1.2880859375, 6.56640625, 1.32421875, 2.06640625, 4.5859375, 0.93115234375, 4.42578125, 0.947265625, 2.28125, 4.09765625, 4.1328125, 0.316162109375, 3.53515625, 4.44921875, 9.09375, 0.11541748046875, 0.40380859375, 2.673828125, 3.412109375, 5.34765625, 0.034881591796875, 0.09576416015625, 6.03125, 10.2265625, 2.37109375, 9.4609375, 1.2265625, 6.73046875, 0.1800537109375, 1.134765625, 0.1873779296875, 5.796875, 2.462890625, 3.74609375, 2.751953125, 5.9765625, 0.0117950439453125, 1.1611328125, 6.69140625, 1.453125, 2.55859375, 7.34375, 4.18359375, 4.359375, 6.171875, 3.1484375, 6.91015625, 5.125, 0.037078857421875, 0.90869140625, 7.27734375, 2.99609375, 1.28515625, 7.71484375, 2.845703125, 3.037109375, 4.26171875, 1.607421875, 7.5859375, 2.126953125, 6.83203125, 0.442626953125, 3.578125, 0.94482421875, 7.015625, 7.75, 3.83984375, 7.796875, 3.52734375, 3.3203125, 9.2265625, 1.4140625, 1.8994140625, 2.90625, 3.9609375, 2.349609375, 1.12109375, 2.814453125, 1.478515625, 1.1142578125, 6.0703125, 0.09979248046875, 0.149169921875, 0.00421905517578125, 1.2724609375, 5.1171875, 1.318359375, 6.5546875, 1.5498046875, 4.8828125, 0.362060546875, 0.1048583984375, 0.07904052734375, 0.25341796875, 7.69140625, 0.76806640625, 8.1328125, 2.732421875, 2.421875, 0.90771484375, 0.990234375, 1.8046875, 6.9375, 2.265625, 4.46484375, 0.467529296875, 8.09375, 0.45068359375, 0.0258636474609375, 0.1507568359375, 4.6953125, 2.345703125, 1.033203125, 0.230712890625, 7.6328125, 1.4892578125, 2.0390625, 0.9345703125, 1.095703125, 0.07763671875, 0.2017822265625, 7.3515625, 4.36328125, 0.59326171875, 10.546875, 1.470703125, 0.84375, 10.0, 2.25390625, 0.2783203125, 0.9931640625, 0.1441650390625, 0.0672607421875, 0.05474853515625, 0.0013513565063476562, 1.013671875, 10.8828125, 1.9296875, 4.2265625, 8.046875, 4.421875, 5.234375, 3.90625, 5.40625, 2.908203125, 2.091796875, 2.208984375, 3.38671875, 1.7685546875, 13.2421875, 2.138671875, 0.05377197265625, 2.560546875, 0.99560546875, 3.80078125, 4.4140625, 0.9921875, 2.728515625, 0.0063018798828125, 0.0740966796875, 0.022125244140625, 0.1734619140625, 1.841796875, 0.056884765625, 0.32861328125, 0.556640625, 0.01207733154296875, 0.2171630859375, 3.29296875, 8.0546875, 1.6240234375, 0.47021484375, 1.9951171875, 9.765625, 8.1484375, 2.033203125, 3.697265625, 7.86328125, 2.77734375, 3.794921875, 1.734375]",-0.6608342638882725
388,0,test,3.694968330565274,1.6817623038135356,2.306161276993692,5.928649750737502,2.6984208716556166,3.7002813709955285,40.24429805361956,32.75701471394993,36.23423464598331,64.57277201823703,52.55927784611174,58.13854598564552,3.905184300101582,1.7316271372191907,2.4130237425951035,6.265945430671465,2.778429982882769,3.8717443101525952,49.659231270220715,40.86973710974651,45.212538787523755,79.6792185352694,65.57630135123168,72.54441251783473,3.694968330565274,1.6817623038135356,2.306161276993692,5.928649750737502,2.6984208716556166,3.7002813709955285,40.24429805361956,32.75701471394993,36.23423464598331,64.57277201823703,52.55927784611174,58.13854598564552,0.7437185929648241,-0.006281407035175879,-0.006281407035175879,0.6180904522613065,-0.006909547738693456,-0.0019095477386934512,0.5326633165829145,-0.0023366834170853723,-0.007336683417085488,0.441696113074205,0.12247212718355238,0.19022725290969267,0.4219858156028369,0.4522613065326633,0.13145930152013197,0.19683559701680353,0.4545454545454546,0.441696113074205,0.12247212718355238,0.19022725290969267,0.4219858156028369,21.0,1.0,1.0,35.0,2.0,2.0,43.0,2.0,2.0,-0.0006092126873289288,-0.000416568081973371,-6.071454429894838e-05,0.0002734037727947225,-0.00016562223134020115,-1.5767138139999304e-05,"[3.0625, 6.44921875, 0.0345458984375, 0.00528717041015625, 0.01554107666015625, 0.64697265625, 4.7421875, 3.697265625, 7.4296875, 3.052734375, 2.83203125, 8.734375, 5.10546875, 10.546875, 15.34375, 10.7109375, 2.837890625, 0.0133056640625, 1.5654296875, 0.011627197265625, 0.4736328125, 0.0005025863647460938, 11.5390625, 9.09375, 7.78515625, 1.234375, 7.37890625, 8.3359375, 3.8359375, 6.515625, 0.1331787109375, 0.0006127357482910156, 0.0022411346435546875, 0.0001475811004638672, 5.6953125, 3.490234375, 3.63671875, 3.8046875, 6.51953125, 3.060546875, 4.58203125, 1.0068359375, 2.423828125, 1.0791015625, 6.5625, 11.15625, 7.546875, 0.3984375, 0.9921875, 6.70703125, 0.9609375, 5.421875, 6.5390625, 9.1328125, 3.458984375, 2.75390625, 0.5537109375, 5.14453125, 11.3515625, 0.978515625, 0.58203125, 0.010650634765625, 0.226318359375, 1.0126953125, 1.7626953125, 2.080078125, 1.80859375, 5.66796875, 5.265625, 8.09375, 5.37109375, 1.8583984375, 4.359375, 7.26171875, 1.91796875, 1.4912109375, 10.8203125, 6.08984375, 6.03125, 1.5810546875, 7.25, 2.236328125, 1.2783203125, 4.15625, 4.046875, 1.58984375, 0.74658203125, 7.1328125, 0.100341796875, 5.6484375, 1.6201171875, 8.5546875, 5.16015625, 1.3349609375, 4.6484375, 8.109375, 7.62890625, 0.56884765625, 0.1590576171875, 5.68359375, 2.912109375, 3.279296875, 6.16015625, 4.05859375, 3.267578125, 7.5546875, 0.0201263427734375, 3.25390625, 2.802734375, 9.1171875, 4.62890625, 1.4189453125, 0.92578125, 0.69775390625, 6.2109375, 7.8046875, 0.515625, 3.15625, 2.2265625, 1.9189453125, 6.73828125, 0.787109375, 7.359375, 4.3515625, 1.0205078125, 2.208984375, 6.71484375, 1.2861328125, 11.9765625, 3.498046875, 2.796875, 0.27001953125, 2.39453125, 4.63671875, 5.32421875, 4.62109375, 12.75, 0.6845703125, 1.333984375, 5.31640625, 1.3955078125, 7.546875, 0.55126953125, 11.140625, 1.33203125, 4.625, 0.5009765625, 2.37890625, 3.8125, 3.28515625, 0.89501953125, 1.712890625, 1.001953125, 0.2607421875, 5.3984375, 4.13671875, 0.8388671875, 0.353515625, 1.1015625, 3.25, 4.0859375, 6.859375, 0.050048828125, 14.9375, 5.296875, 4.40234375, 1.775390625, 10.0390625, 0.7529296875, 6.10546875, 1.484375, 2.083984375, 0.0036830902099609375, 4.6953125, 0.7783203125, 0.12347412109375, 3.328125, 0.7822265625, 6.8125, 0.0360107421875, 4.078125, 2.7578125, 8.046875, 0.193603515625, 8.640625, 0.306640625, 8.0234375, 0.50732421875, 7.140625, 0.361328125, 5.1328125, 6.12109375, 8.3515625, 0.06536865234375, 8.5625, 1.8046875, 0.06793212890625, 4.76171875, 4.734375, 3.00390625, 7.875, 0.53857421875, 0.28662109375, 2.01953125, 3.71484375, 1.150390625, 0.74365234375, 2.939453125, 6.25390625, 5.8125, 6.03515625, 3.67578125, 1.4052734375, 0.1551513671875, 2.19140625, 4.25, 3.9921875, 7.5078125, 0.09893798828125, 0.0071563720703125, 1.0546875, 0.76220703125, 0.020599365234375, 0.000728607177734375, 0.0004334449768066406, 5.91015625, 1.6025390625, 5.1328125, 0.083984375, 4.28125, 7.70703125, 3.208984375, 6.59765625, 1.5224609375, 0.87353515625, 8.59375, 3.732421875, 6.078125, 3.86328125, 6.5390625, 2.123046875, 3.13671875, 1.12109375, 4.66015625, 7.21484375, 4.93359375, 1.1279296875, 2.65625, 6.56640625, 2.65234375, 0.5595703125, 0.0811767578125, 7.234375, 3.56640625, 6.015625, 3.15625, 0.7724609375, 3.904296875, 0.6015625, 0.1624755859375, 2.23046875, 2.662109375, 5.6484375, 2.466796875, 0.2315673828125, 3.837890625, 3.5625, 1.7490234375, 8.984375, 0.6005859375, 4.58984375, 2.669921875, 4.0390625, 6.71875, 9.3125, 3.01953125, 1.9326171875, 11.0703125, 0.18212890625, 0.0139923095703125, 0.0005431175231933594, 0.0005192756652832031, 0.001220703125]",-1.1954282644359466
140,0,test,3.6441084402292847,1.7009975397742336,2.3299578894242226,5.510603007175992,2.5722401820976217,3.523350954739068,38.24865668193413,31.26822402243358,34.527068339966114,57.83943205560771,47.283655838802,52.21166431897315,3.7065695326531953,1.6874803229484256,2.3427719430390788,5.605056366451174,2.551799512751278,3.542728304107875,40.713898989030895,33.182436762842755,36.80288141358027,61.56735944682721,50.17831900722563,55.65313774736529,3.6441084402292847,1.7009975397742336,2.3299578894242226,5.510603007175992,2.5722401820976217,3.523350954739068,38.24865668193413,31.26822402243358,34.527068339966114,57.83943205560771,47.283655838802,52.21166431897315,0.8140703517587939,-0.0009296482412060048,0.009070351758794004,0.6482412060301508,-0.0017587939698492372,-0.0017587939698492372,0.5577889447236181,0.007788944723618019,-0.007211055276381884,0.43724696356275305,0.11199443831022782,0.18018101470676384,0.4186991869918699,0.4371859296482412,0.0963337993224267,0.17508242380516947,0.43939393939393945,0.43724696356275305,0.11199443831022782,0.18018101470676384,0.4186991869918699,26.0,7.0,7.0,37.0,6.0,5.0,48.0,8.0,7.0,1.6341886244110815e-05,-7.588881874485906e-05,-7.039095125032623e-05,2.39265858157367e-05,9.583520108336074e-05,0.00011149550017286458,"[3.0625, 9.453125, 2.48046875, 1.494140625, 10.8203125, 3.7265625, 2.99609375, 3.068359375, 4.62109375, 1.2099609375, 3.3984375, 1.751953125, 3.599609375, 1.0322265625, 5.19140625, 0.41162109375, 6.55078125, 2.931640625, 3.70703125, 1.2373046875, 4.20703125, 1.125, 1.900390625, 3.86328125, 6.65625, 1.234375, 3.318359375, 4.37109375, 7.0390625, 0.83935546875, 6.3125, 0.2298583984375, 1.326171875, 7.4375, 5.9375, 4.44921875, 3.625, 4.27734375, 0.0272674560546875, 1.7529296875, 9.15625, 8.3125, 3.037109375, 0.337890625, 1.021484375, 5.63671875, 2.576171875, 11.1484375, 5.21875, 1.1708984375, 6.1640625, 1.17578125, 4.58984375, 0.6259765625, 0.0303802490234375, 9.375, 4.078125, 4.69921875, 1.279296875, 1.720703125, 1.6650390625, 2.80078125, 3.623046875, 3.822265625, 3.359375, 6.69140625, 2.1640625, 2.81640625, 3.939453125, 3.130859375, 5.53515625, 5.46484375, 3.166015625, 5.78125, 3.87109375, 0.67041015625, 10.5078125, 1.7197265625, 4.6015625, 5.03515625, 0.927734375, 3.865234375, 0.00986480712890625, 4.984375, 0.61328125, 4.34375, 2.548828125, 4.63671875, 2.77734375, 3.634765625, 10.6328125, 7.06640625, 6.796875, 4.46875, 2.423828125, 1.7802734375, 3.78125, 4.48828125, 1.3544921875, 3.17578125, 1.8837890625, 6.81640625, 2.7578125, 6.98046875, 2.65234375, 2.82421875, 8.1484375, 3.72265625, 0.5517578125, 2.6640625, 1.23046875, 1.9873046875, 0.1654052734375, 4.05078125, 9.71875, 0.95849609375, 1.38671875, 1.6494140625, 2.56640625, 4.18359375, 3.814453125, 7.53125, 4.40234375, 3.40234375, 4.81640625, 7.078125, 9.1953125, 0.43505859375, 0.1412353515625, 0.0011262893676757812, 0.2978515625, 0.0091400146484375, 8.7109375, 0.384765625, 11.3515625, 0.68798828125, 0.8505859375, 2.087890625, 4.828125, 3.388671875, 0.00528717041015625, 3.509765625, 4.6484375, 0.306640625, 8.84375, 0.082763671875, 3.544921875, 5.4453125, 3.7109375, 11.015625, 3.857421875, 1.6298828125, 4.90625, 0.79052734375, 4.29296875, 1.724609375, 1.9658203125, 0.6689453125, 0.11749267578125, 4.78125, 0.3798828125, 8.015625, 5.44921875, 6.125, 6.38671875, 1.6201171875, 0.0201416015625, 7.23828125, 1.0947265625, 0.81884765625, 0.83349609375, 6.10546875, 0.041656494140625, 3.021484375, 5.73046875, 2.578125, 3.30078125, 3.69140625, 11.0703125, 0.002227783203125, 2.599609375, 3.130859375, 5.87890625, 4.39453125, 8.65625, 1.4169921875, 6.48828125, 10.953125, 1.810546875, 3.759765625, 3.849609375, 5.55859375, 1.5576171875, 5.06640625, 0.1087646484375, 9.3359375, 0.66015625, 6.52734375, 0.357421875, 1.5771484375, 4.90234375, 0.271240234375, 2.556640625, 2.228515625, 6.7734375, 0.8203125, 3.494140625, 0.322265625, 2.630859375, 6.5625, 1.87109375, 4.65625, 8.8125, 2.015625, 7.6953125, 6.5078125, 10.7578125, 2.8203125, 4.453125, 0.6708984375, 3.865234375, 0.1868896484375, 1.1572265625, 6.03125, 3.154296875, 1.7431640625, 2.251953125, 5.43359375, 0.6494140625, 0.41162109375, 0.87890625, 5.515625, 3.240234375, 6.34765625, 0.93017578125, 1.7900390625, 1.388671875, 3.474609375, 0.96337890625, 3.44921875, 1.83203125, 9.4453125, 7.375, 0.14453125, 0.59814453125, 2.6015625, 2.33203125]",-0.6987789613515258
254,0,test,3.4517730113231773,1.4490071529694353,1.9362629347882312,6.578248042521657,2.7614586580150493,3.690050828601655,31.556292402101292,24.1467709315202,27.00455013036081,60.13869337363806,46.01792994279242,51.46416883482374,3.338742309479258,1.3771107216070277,1.9393978256006017,6.362838746860994,2.6244413752092046,3.696025175490152,28.183658086196,21.07273839047285,24.13111549723269,53.7112646250018,40.15956426247182,45.988094455459155,3.474979157033174,1.4940301583797428,2.081618626326295,6.622473367330237,2.8472616630901904,3.9670637695433055,32.29715536105744,25.047535760122898,28.268790585575346,61.550599745680145,47.7345707679829,53.8735066657038,0.6180904522613065,-0.006909547738693456,-0.016909547738693465,0.5477386934673367,-0.007261306532663214,-0.002261306532663321,0.4522613065326633,-0.007738693467336688,-0.007738693467336688,0.4242424242424242,0.10374723854778867,0.15444770283479958,0.430939226519337,0.4371859296482412,0.11889019029987025,0.18509911829598746,0.4292929292929293,0.4381270903010034,0.12093176475843248,0.18451196238109235,0.4395973154362416,21.0,3.0,4.0,31.0,-1.0,-2.0,43.0,4.0,3.0,-0.0006016931996903115,0.00015504933978582387,-0.00017639339433348636,-0.0002543037738123033,0.0001442597726422079,-0.00011105645426745525,"[3.056640625, 6.44140625, 0.03302001953125, 0.005214691162109375, 0.009490966796875, 9.625, 7.8671875, 2.36328125, 0.15478515625, 4.98046875, 5.125, 11.5625, 5.8671875, 5.375, 6.76953125, 4.5234375, 0.174560546875, 0.388916015625, 4.3515625, 4.5859375, 4.3828125, 2.548828125, 5.58203125, 0.546875, 0.447021484375, 7.76171875, 8.78125, 4.55078125, 0.0132904052734375, 0.445556640625, 3.103515625, 4.58203125, 5.0, 2.5859375, 5.3203125, 2.966796875, 4.421875, 0.296142578125, 0.0013074874877929688, 0.44580078125, 9.3125, 4.89453125, 0.08001708984375, 2.345703125, 0.0004317760467529297, 7.46484375, 5.98828125, 6.328125, 7.16796875, 13.53125, 0.8544921875, 0.00028252601623535156, 0.0037441253662109375, 0.0022983551025390625, 5.44921875, 5.265625, 6.33984375, 7.015625, 0.5654296875, 6.22265625, 2.28515625, 6.0078125, 1.1494140625, 12.1875, 2.625, 1.3671875, 1.888671875, 1.1650390625, 5.1796875, 6.6484375, 1.068359375, 0.0151824951171875, 4.859375, 0.2330322265625, 2.060546875, 6.75, 0.94189453125, 4.51171875, 1.53125, 3.240234375, 9.8125, 2.0546875, 0.0002084970474243164, 5.15625, 7.23046875, 0.17529296875, 1.1376953125, 8.153915405273438e-05, 4.68359375, 0.66845703125, 0.004489898681640625, 14.578125, 0.66943359375, 0.000293731689453125, 5.48828125, 5.640625, 1.0703125, 0.00042128562927246094, 7.74609375, 9.3125, 1.1044921875, 0.00121307373046875, 6.0390625, 6.4453125, 0.22509765625, 0.00044536590576171875, 4.0703125, 7.2890625, 0.48681640625, 0.00047516822814941406, 4.28125, 5.23046875, 7.2421875, 7.8359375, 0.396728515625, 0.001071929931640625, 8.90625, 4.375, 0.57080078125, 0.00044846534729003906, 7.2109375, 0.62255859375, 0.00023996829986572266, 8.1796875, 3.083984375, 0.51513671875, 0.0005869865417480469, 3.966796875, 7.9375, 6.3984375, 0.1971435546875, 0.0005273818969726562, 5.26171875, 4.75, 1.595703125, 0.60888671875, 0.0004100799560546875, 4.63671875, 5.50390625, 0.383056640625, 0.000453948974609375, 8.5390625, 9.5859375, 8.8359375, 2.626953125, 5.64453125, 2.45703125, 4.45703125, 7.27734375, 2.359375, 4.90234375, 2.802734375, 0.315185546875, 6.16015625, 0.18896484375, 2.3984375, 0.712890625, 0.0016326904296875, 0.67333984375, 0.0006299018859863281, 0.390380859375, 0.90234375, 0.00153350830078125, 1.3857421875, 0.86865234375, 0.0016765594482421875, 1.9384765625, 0.68359375, 0.2802734375, 0.004405975341796875, 3.48046875, 0.0987548828125, 0.21630859375, 0.0007767677307128906, 5.79296875, 0.0115966796875, 0.1981201171875, 0.0011081695556640625, 0.5576171875, 2.29296875, 4.49609375, 3.138671875, 2.3046875, 0.7958984375, 3.73046875, 0.298828125, 6.4609375, 5.80859375, 2.30859375, 1.65625, 8.40625, 2.669921875, 2.46484375, 0.7177734375, 7.68359375, 1.0703125, 1.5712890625, 7.953125, 10.0859375, 0.456787109375, 2.276897430419922e-05, 6.0078125, 5.47265625, 0.0006132125854492188, 8.7109375, 7.39453125, 1.5986328125, 4.51953125, 5.90234375, 3.935546875, 0.78125, 2.40625, 0.446044921875, 8.109375, 3.001953125, 2.21875, 4.30859375, 0.0258941650390625, 3.443359375, 0.70361328125, 1.8291015625, 10.1484375, 1.416015625, 6.43359375, 2.32421875, 0.17431640625, 7.72265625, 0.46435546875, 1.779296875, 7.40234375, 2.802734375, 0.74560546875, 7.13671875, 0.46044921875, 3.357421875, 3.4296875, 1.892578125, 4.3671875, 0.046905517578125, 3.10546875, 4.0625, 0.1729736328125, 1.9912109375, 9.1171875, 6.8203125, 0.54248046875, 8.5390625, 1.2158203125, 2.333984375, 1.4833984375, 3.333984375, 12.7109375, 2.373046875, 1.703125, 0.42431640625, 1.078125, 6.11328125, 0.44677734375, 0.032623291015625, 0.390380859375, 3.17578125, 0.1275634765625, 6.08984375, 1.4150390625, 10.7890625, 6.19140625, 10.7578125, 0.099365234375, 0.0361328125, 8.515625, 1.8603515625, 5.125, 0.42431640625, 3.76171875, 5.81640625, 1.6904296875, 3.69140625, 0.60986328125, 2.73046875, 10.6015625, 0.9716796875, 7.51171875, 2.203125, 9.7734375, 7.48828125, 5.8984375, 0.061431884765625, 9.5, 1.798828125, 0.011688232421875, 5.87109375, 5.03125, 5.15625, 4.33984375, 7.11328125, 2.83984375, 5.75390625, 8.3984375, 0.0242767333984375, 5.8359375, 1.873046875, 2.1015625, 4.78125, 0.11395263671875, 2.990234375, 0.88037109375, 4.89453125, 2.01953125, 4.328125, 3.517578125, 0.46337890625, 2.396484375, 9.671875, 1.47265625, 10.6953125, 4.86328125, 5.7890625, 2.34375, 1.419921875, 0.1497802734375, 1.9189453125, 5.03125, 2.078125, 8.921875, 9.5390625, 0.59423828125, 3.21875, 3.318359375, 4.66796875, 4.8515625, 1.4384765625, 1.5078125, 7.3046875, 0.050567626953125, 6.25, 0.10821533203125, 6.546875, 1.640625, 0.78857421875, 0.740234375, 2.244140625, 0.01515960693359375, 3.322265625, 0.0278778076171875, 5.01171875, 0.5625, 0.1358642578125, 2.318359375, 11.2578125, 1.3251953125, 0.0011968612670898438, 10.21875, 0.5595703125, 8.3984375, 0.364501953125, 4.12890625, 0.4072265625, 3.796875, 7.69921875, 0.61376953125, 1.306640625, 1.873046875, 4.61328125]",-0.650344050291813
114,0,test,3.1294757241108377,1.3793022825938555,1.9206044343968856,5.261645997680859,2.3190466949105484,3.2291481149749837,22.861990409558786,17.10638955997543,19.512288734286894,38.438291567719716,28.761292337101548,32.806375564240604,3.7431823117050094,1.6392575448872235,2.295057782778727,6.293482348251279,2.7561143337114857,3.8587235248917056,42.232172483598006,34.03388928096368,37.97704582354935,71.0057405493461,57.221813846015856,63.851516604429136,3.1394540498089234,1.3776877239586038,1.9194873650580175,5.278422743085333,2.316332107315015,3.227269965427216,23.091256740757427,17.268543615458796,19.704181850259456,38.82376133336139,29.033924979837316,33.129009044941725,0.7688442211055276,0.003844221105527623,0.003844221105527623,0.6281407035175879,-0.006859296482412125,0.003140703517587884,0.5226130653266332,0.007613065326633195,0.0026130653266331905,0.42950819672131146,0.13327251750690883,0.19504800042905412,0.32565789473684215,0.40703517587939697,0.0787143738743844,0.15494836452714322,0.3939393939393939,0.4280936454849499,0.12926225984221196,0.19450076450608444,0.32885906040268453,24.0,10.0,10.0,36.0,13.0,11.0,46.0,13.0,14.0,-0.002653881423278298,-0.0003120653950375076,-0.0003618629855483453,0.008859818715941437,0.006907838320456605,0.008433512110409325,"[3.0625, 9.453125, 2.48046875, 1.494140625, 8.8203125, 3.16796875, 5.80078125, 2.78125, 1.14453125, 3.056640625, 1.9208984375, 7.15234375, 4.33984375, 0.434326171875, 2.8671875, 8.8203125, 0.100341796875, 5.33984375, 10.3671875, 2.658203125, 3.3828125, 4.40234375, 6.37109375, 7.984375, 5.6640625, 2.97265625, 3.828125, 0.009002685546875, 1.76953125, 8.5625, 6.34375, 0.444580078125, 5.89453125, 3.591796875, 11.15625, 0.265869140625, 0.1065673828125, 0.87841796875, 9.0078125, 0.07891845703125, 1.2080078125, 6.3984375, 3.0546875, 7.73828125, 4.53125, 6.41796875, 6.140625, 4.75, 1.859375, 3.19921875, 5.2421875, 1.8896484375, 9.8984375, 0.4443359375, 0.54296875, 1.9521484375, 7.9140625, 3.9609375, 2.56640625, 4.0078125, 6.2734375, 5.85546875, 0.70703125, 5.82421875, 3.517578125, 0.6435546875, 7.55859375, 1.2236328125, 2.6328125, 0.63916015625, 9.859375, 7.1015625, 8.515625, 0.1650390625, 3.5546875, 0.09912109375, 6.46484375, 3.91796875, 5.24609375, 5.0546875, 9.125, 3.1953125, 4.29296875, 0.94482421875, 7.71875, 0.80517578125, 0.61083984375, 2.51953125, 1.4248046875, 3.185546875, 3.673828125, 0.81494140625, 4.8828125, 6.0390625, 6.2421875, 0.1190185546875, 11.609375, 8.4609375, 0.31005859375, 1.4306640625, 2.044921875, 9.984375, 3.0078125, 3.32421875, 0.42138671875, 4.6796875, 2.857421875, 0.293701171875, 4.23046875, 8.7890625, 3.134765625, 4.015625, 4.95703125, 0.412353515625, 1.166015625, 1.7001953125, 8.140625, 2.65625, 3.052734375, 1.12109375, 5.61328125, 7.54296875, 7.12109375, 10.3359375, 1.5302734375, 4.37890625, 1.1279296875, 3.572265625, 2.9140625, 8.9765625, 0.126220703125, 0.54833984375, 0.95361328125, 7.74609375, 0.708984375, 0.62939453125, 7.06640625, 0.56396484375, 1.05078125, 1.0478515625, 2.140625, 0.493408203125, 0.359375, 6.046875, 0.0361328125, 2.791015625, 6.09375, 3.556640625, 0.70166015625, 0.603515625, 7.87890625, 0.64501953125, 1.06640625, 1.3291015625, 3.232421875, 3.24609375, 1.8505859375, 5.26171875, 0.07061767578125, 0.012054443359375, 7.37890625, 2.814453125, 1.9150390625, 3.642578125, 8.1640625, 3.248046875, 5.82421875, 0.1590576171875, 6.63671875, 3.28125, 1.5302734375, 1.42578125, 7.046875, 0.041107177734375, 1.8134765625, 5.7890625, 2.92578125, 1.181640625, 0.458251953125, 12.0625, 2.0078125, 3.5234375, 5.078125, 6.921875, 0.50146484375, 0.84716796875, 1.9462890625, 2.689453125, 8.421875, 9.828125, 0.484619140625, 1.2158203125, 3.55859375, 7.4375, 4.6796875, 3.388671875, 3.966796875, 0.398193359375, 1.1591796875, 0.09564208984375, 0.9189453125, 7.49609375, 3.568359375, 3.474609375, 0.272216796875, 4.80859375, 1.08984375, 0.349365234375, 3.072265625, 10.0859375, 0.29150390625, 1.71484375, 4.1484375, 3.017578125, 0.0849609375, 0.052825927734375, 0.5791015625, 5.89453125, 0.0137176513671875, 3.9140625, 0.0024871826171875, 2.140625, 0.006237030029296875, 1.62109375, 3.740234375, 0.9111328125, 0.251953125, 1.41796875, 0.0172119140625, 0.55517578125, 0.3935546875, 6.59765625, 0.1365966796875, 0.02691650390625, 2.392578125, 7.39453125, 0.5126953125, 0.13427734375, 6.87890625, 0.0007529258728027344, 6.44140625, 1.701171875, 6.6328125, 0.361083984375, 0.09002685546875, 3.3671875, 0.00455474853515625, 0.057647705078125, 0.0007262229919433594, 0.0058135986328125, 0.005298614501953125, 0.32958984375, 3.453125, 0.31396484375, 5.05078125, 7.06640625, 3.255859375, 1.310546875, 0.039398193359375, 0.8994140625, 3.134765625, 0.00678253173828125, 7.078125, 0.142578125, 4.2421875, 3.919921875, 4.9921875, 0.0158233642578125, 0.72216796875, 2.203125, 0.560546875, 3.345703125, 0.00803375244140625, 6.1015625, 1.6865234375, 0.006927490234375, 0.13330078125, 0.02142333984375, 0.74462890625, 0.6533203125, 0.1737060546875, 0.001068115234375, 3.09765625, 0.0019369125366210938, 0.047027587890625, 0.001857757568359375, 0.02301025390625, 4.08984375, 0.11474609375, 0.0555419921875, 0.00015056133270263672, 0.007266998291015625, 0.000518798828125, 0.287109375, 0.00014770030975341797, 0.49609375, 7.08203125, 1.8671875, 0.85888671875, 9.6640625, 1.4794921875, 0.2437744140625, 0.292724609375, 2.22265625, 1.890625]",-1.691693175425295
405,0,test,3.4246829668680827,1.500083189479857,2.0815107249266993,6.15931787324782,2.697910810930191,3.743612572442795,30.71290629898833,23.860500669643077,26.881728627558676,55.23739117952378,42.9132885177909,48.34698954657941,3.5639827095683496,1.5161107721392515,2.13611591334707,6.409849500044569,2.726736537951937,3.841820411318238,35.30352119631623,27.552133093024633,31.133726520349082,63.493646330688144,49.552716980738325,55.99423948809051,3.4246829668680827,1.500083189479857,2.0815107249266993,6.15931787324782,2.697910810930191,3.743612572442795,30.71290629898833,23.860500669643077,26.881728627558676,55.23739117952378,42.9132885177909,48.34698954657941,0.7236180904522613,-0.0013819095477386467,-0.01638190954773866,0.5778894472361809,-0.002110552763819218,-0.002110552763819218,0.4371859296482412,-0.01781407035175875,-0.01781407035175875,0.39583333333333337,0.08814102564102566,0.13960064635272396,0.40167364016736407,0.3869346733668342,0.07615773101094447,0.12650061660556544,0.4040404040404041,0.39583333333333337,0.08814102564102566,0.13960064635272396,0.40167364016736407,28.0,12.0,12.0,39.0,11.0,11.0,46.0,10.0,12.0,7.156787322456107e-05,-7.078838450759802e-05,-9.794883571128695e-05,-2.4582867206746073e-05,5.7358864443912694e-05,7.978146849918488e-05,"[3.0625, 9.453125, 2.48046875, 1.494140625, 2.81640625, 0.35400390625, 0.64501953125, 0.364013671875, 0.2044677734375, 2.890625, 2.21484375, 9.984375, 10.8046875, 6.19921875, 4.34375, 2.109375, 0.0243682861328125, 2.53125, 5.71484375, 1.7099609375, 8.328125, 8.34375, 5.03125, 7.4375, 0.398681640625, 0.64404296875, 0.323974609375, 0.607421875, 2.578125, 1.609375, 1.763671875, 4.5859375, 1.1357421875, 9.9296875, 0.18212890625, 1.017578125, 2.7578125, 3.494140625, 0.88720703125, 8.015625, 2.7109375, 0.9248046875, 6.44921875, 1.611328125, 1.828125, 0.9306640625, 3.26171875, 8.0, 0.50634765625, 0.81689453125, 8.046875, 0.6201171875, 7.57421875, 2.310546875, 3.56640625, 4.2890625, 5.76953125, 0.089111328125, 1.095703125, 0.88671875, 1.453125, 6.33984375, 0.084228515625, 6.140625, 7.75, 0.044677734375, 5.26953125, 0.35791015625, 7.48828125, 6.671875, 0.39599609375, 8.2109375, 7.13671875, 3.048828125, 1.5205078125, 5.51171875, 0.421875, 1.306640625, 11.296875, 2.896484375, 2.658203125, 0.08038330078125, 0.011260986328125, 8.96875, 11.5, 4.01953125, 0.966796875, 3.587890625, 4.62890625, 7.83984375, 1.6806640625, 0.446044921875, 5.03125, 2.955078125, 3.615234375, 1.1015625, 2.642578125, 8.1015625, 4.52734375, 2.125, 0.1669921875, 0.61474609375, 4.4453125, 0.75390625, 6.1640625, 0.70361328125, 4.9765625, 0.049835205078125, 0.438720703125, 9.125, 8.03125, 8.296875, 0.321533203125, 0.73046875, 6.890625, 6.40234375, 1.154296875, 7.05859375, 4.0234375, 2.052734375, 5.06640625, 1.458984375, 9.1875, 3.005859375, 1.4814453125, 7.04296875, 2.2578125, 4.91015625, 1.287109375, 0.6259765625, 0.29052734375, 1.08203125, 4.78125, 0.05218505859375, 0.73681640625, 5.6484375, 1.337890625, 5.08984375, 0.470703125, 0.158203125, 1.5234375, 9.1171875, 2.9921875, 1.1025390625, 2.9453125, 2.322265625, 0.0321044921875, 0.68798828125, 7.13671875, 5.50390625, 2.798828125, 0.84130859375, 5.0, 1.4990234375, 1.048828125, 2.8046875, 2.287109375, 1.99609375, 5.65234375, 1.3017578125, 6.03125, 3.236328125, 3.939453125, 4.48046875, 1.2314453125, 3.82421875, 5.21875, 6.0859375, 0.994140625, 0.298828125, 1.7978515625, 8.0625, 3.271484375, 8.390625, 0.27734375, 0.1473388671875, 1.6201171875, 2.048828125, 0.8974609375, 7.06640625, 2.263671875, 1.8291015625, 10.765625, 9.6875, 10.9921875, 9.515625, 5.546875, 11.5390625, 6.296875, 1.6240234375, 5.72265625, 0.493408203125, 2.091796875, 0.07281494140625, 0.68505859375, 3.17578125, 3.2578125, 3.625, 0.495361328125, 1.7568359375, 0.408203125, 1.158203125, 6.88671875, 5.13671875, 2.37890625, 4.5234375, 0.09490966796875, 2.9140625, 0.01241302490234375, 5.359375, 3.3984375, 4.84765625, 6.7734375, 2.41015625, 2.6953125, 0.04644775390625, 1.1376953125, 3.15234375, 4.62109375, 1.9501953125, 4.5, 4.453125, 7.70703125, 4.8671875, 1.8466796875, 1.4697265625, 2.91015625, 5.08984375, 0.8515625, 0.658203125, 1.9501953125, 0.458984375, 3.9453125, 2.521484375, 0.57861328125, 0.1561279296875, 8.96875, 0.004150390625, 2.154296875, 0.0061492919921875]",-0.6620255788167317
443,0,test,3.105468421890622,1.3933343496729982,1.9205680504639824,5.738760358581501,2.5748166929629677,3.5491199061205756,22.31967154972275,16.778898269880397,19.04931056588709,41.245708828727416,31.006619025042134,35.20223472994339,3.76977614302132,1.6652405573645206,2.306243577191172,6.966369948507235,3.0772866440186464,4.261830236212926,43.37035499245117,35.16706259428935,39.049157479865165,80.14638700359397,64.98708643155224,72.16101616162217,3.2384486074830376,1.4379714908297991,2.0071754533526684,5.984501520261052,2.65730404153343,3.7091663348505453,25.49413963413852,19.441605093492775,22.06855157138453,47.11197733560101,35.927176663998345,40.78165085706147,0.7487437185929648,-0.006256281407035158,-0.011256281407035162,0.6381909547738693,0.01819095477386934,0.013190954773869334,0.507537688442211,-0.01746231155778899,-0.012462311557788985,0.39682539682539686,0.10997912107262353,0.1655687970365901,0.35350318471337583,0.44221105527638194,0.11389025327136937,0.1851158966787192,0.4292929292929293,0.4013377926421404,0.1108536524084176,0.17330664692467657,0.3657718120805369,26.0,8.0,9.0,38.0,10.0,10.0,47.0,11.0,11.0,-0.0015869286001430453,-0.0003290471275015485,-0.000646197564068324,0.014518637532852985,0.017525813119493527,0.021144339927481326,"[3.0625, 9.453125, 2.48046875, 1.494140625, 1.81640625, 12.234375, 0.912109375, 0.87841796875, 4.77734375, 1.333984375, 1.0576171875, 9.78125, 2.681640625, 3.904296875, 4.73046875, 0.5126953125, 10.6875, 8.3046875, 5.39453125, 0.2069091796875, 9.109375, 2.77734375, 2.669921875, 0.0036106109619140625, 0.459716796875, 0.302001953125, 0.0311737060546875, 2.318359375, 2.572265625, 0.039520263671875, 7.84765625, 0.70654296875, 7.875, 2.7265625, 10.890625, 0.3525390625, 4.73046875, 0.22998046875, 8.4609375, 0.0293121337890625, 8.765625, 2.501953125, 3.23828125, 1.1318359375, 8.640625, 7.89453125, 9.484375, 3.927734375, 5.796875, 1.54296875, 5.90234375, 0.55078125, 9.3359375, 0.1519775390625, 3.037109375, 3.494140625, 2.6953125, 5.125, 6.17578125, 0.0018301010131835938, 5.17578125, 1.458984375, 2.861328125, 3.994140625, 0.6162109375, 9.578125, 5.44921875, 6.484375, 3.125, 3.748046875, 4.2265625, 4.67578125, 1.337890625, 3.15234375, 8.265625, 7.48828125, 0.794921875, 2.189453125, 3.685546875, 10.484375, 9.7578125, 0.1527099609375, 2.81640625, 6.72265625, 2.251953125, 0.42236328125, 1.6806640625, 4.4375, 1.078125, 7.4453125, 5.63671875, 7.0, 0.1805419921875, 0.85498046875, 1.1015625, 4.4296875, 0.765625, 6.2578125, 11.3515625, 6.875, 6.0390625, 1.7373046875, 5.125, 0.99072265625, 0.3095703125, 0.1976318359375, 2.408203125, 5.80078125, 6.18359375, 1.0400390625, 6.1640625, 0.93505859375, 2.017578125, 4.7578125, 6.42578125, 0.467041015625, 1.64453125, 7.796875, 0.149658203125, 3.525390625, 7.4921875, 8.5625, 4.0859375, 5.23046875, 0.88818359375, 6.92578125, 3.482421875, 2.4765625, 1.08984375, 4.59765625, 0.38916015625, 1.42578125, 2.857421875, 0.006374359130859375, 7.07421875, 7.1484375, 0.66064453125, 1.4453125, 1.6923828125, 4.0078125, 6.37890625, 5.65625, 1.6630859375, 5.53125, 4.98046875, 6.96875, 2.73828125, 0.873046875, 7.5, 3.251953125, 3.330078125, 1.3291015625, 2.9453125, 0.01096343994140625, 2.77734375, 7.44140625, 8.5, 2.55078125, 1.4345703125, 0.0021610260009765625, 0.1954345703125, 2.828125, 1.09765625, 5.9453125, 5.3046875, 4.33203125, 3.009765625, 2.12109375, 4.05078125, 4.59375, 2.0546875, 6.1796875, 0.0015649795532226562, 5.6328125, 1.4794921875, 0.6259765625, 2.88671875, 5.55859375, 0.055908203125, 5.75390625, 7.6328125, 0.3115234375, 0.0019083023071289062, 3.3125, 3.8828125, 7.18359375, 0.3642578125, 4.63671875, 10.3984375, 1.08984375, 1.8837890625, 5.34375, 0.361083984375, 0.131591796875, 7.00390625, 1.6923828125, 7.359375, 0.978515625, 0.257080078125, 1.6767578125, 0.452880859375, 0.38623046875, 8.1640625, 2.947265625, 0.5673828125, 1.6474609375, 0.71728515625, 5.58984375, 0.01042938232421875, 1.34375, 1.2666015625, 5.54296875, 4.65234375, 4.44140625, 1.3056640625, 5.82421875, 0.1597900390625, 4.1328125, 2.27734375, 4.78515625, 1.576171875, 0.004405975341796875, 0.1400146484375, 0.0011129379272460938, 0.002025604248046875, 0.0012226104736328125, 1.611328125, 0.0025482177734375, 0.016876220703125, 3.498046875, 8.6171875, 12.4140625, 9.2265625, 0.578125, 2.728515625, 0.0018825531005859375, 0.006038665771484375, 2.671875, 0.004302978515625, 2.310546875, 2.5859375, 0.48291015625, 0.434326171875, 0.0005893707275390625, 0.0016298294067382812, 5.91796875, 5.5546875, 7.12890625, 0.56884765625, 2.759765625, 0.00012946128845214844, 0.00792694091796875, 6.171875, 1.3212890625, 0.036102294921875, 4.0703125, 9.453125, 1.8974609375, 2.728515625, 0.07427978515625, 1.10546875, 1.857421875, 2.259765625, 0.0012273788452148438, 1.8671875, 0.06646728515625, 0.796875, 1.302734375, 0.2257080078125, 0.005268096923828125, 0.0198974609375, 4.00390625, 12.359375, 8.09375, 3.865234375, 7.546875, 8.0234375, 0.0087890625, 1.671875, 0.00482177734375, 0.043548583984375, 1.6298828125, 0.005519866943359375, 0.325927734375, 0.2381591796875, 0.00426483154296875, 0.1060791015625, 0.00019884109497070312, 0.004352569580078125, 1.060546875, 0.017547607421875, 0.0253753662109375, 3.8504600524902344e-05, 0.62451171875, 0.00032806396484375, 0.00426483154296875, 1.1181640625, 5.30859375, 0.2958984375, 0.0310211181640625, 0.462158203125, 0.252685546875, 0.00861358642578125, 0.0194549560546875, 0.0113983154296875, 0.0007386207580566406, 0.0006785392761230469, 0.00042819976806640625, 0.0034122467041015625, 5.0390625, 0.004230499267578125, 4.07421875, 0.004505157470703125, 0.00714111328125, 0.006671905517578125]",-1.562371582076663
361,0,test,3.868274741079293,1.8204789120715228,2.478731981293386,5.724152218013289,2.693887869886184,3.667950215093103,47.85974436123402,40.108946181404704,43.84672963951199,70.82135581777982,59.351966603697136,64.88302189430676,3.7748058998405036,1.6992527111938571,2.3768549743478204,5.585839944272653,2.514501121766633,3.5171958001909944,43.58904685361791,35.62009327903556,39.54214778616228,64.50171095101841,52.70950219325493,58.51323603039043,3.868274741079293,1.8204789120715228,2.478731981293386,5.724152218013289,2.693887869886184,3.667950215093103,47.85974436123402,40.108946181404704,43.84672963951199,70.82135581777982,59.351966603697136,64.88302189430676,0.778894472361809,0.003894472361808954,-0.006105527638191055,0.6381909547738693,-0.0018090452261306789,-0.0018090452261306789,0.507537688442211,-0.007462311557788981,-0.012462311557788985,0.41960784313725485,0.0986685084992901,0.17188945982565118,0.4330708661417323,0.4120603015075377,0.07872696817420433,0.14661789750085985,0.40909090909090906,0.41960784313725485,0.0986685084992901,0.17188945982565118,0.4330708661417323,24.0,4.0,4.0,37.0,7.0,9.0,42.0,1.0,1.0,-8.769081266848663e-05,0.00015777845384210357,1.6827632325221514e-05,7.936596070123869e-05,0.0001398081572467902,-0.00011389473326595123,"[3.0625, 9.453125, 2.48046875, 1.494140625, 7.81640625, 5.23046875, 5.125, 5.6328125, 1.8046875, 7.203125, 2.384765625, 3.224609375, 1.951171875, 2.603515625, 0.779296875, 3.392578125, 8.234375, 3.53125, 3.11328125, 7.4921875, 2.01171875, 6.09765625, 5.16015625, 0.01042938232421875, 0.0215301513671875, 0.1629638671875, 5.97265625, 5.5078125, 1.2041015625, 6.21484375, 4.375, 4.88671875, 1.4951171875, 1.7626953125, 10.2734375, 2.42578125, 9.265625, 0.2159423828125, 8.3671875, 4.5390625, 3.431640625, 1.7890625, 1.0458984375, 0.203369140625, 2.724609375, 9.2265625, 4.59765625, 1.8017578125, 2.310546875, 5.4453125, 2.83984375, 8.1875, 1.5166015625, 2.1796875, 0.2066650390625, 1.248046875, 6.53125, 3.443359375, 0.3154296875, 0.8994140625, 3.931640625, 3.82421875, 5.015625, 0.3525390625, 0.50732421875, 7.61328125, 0.64599609375, 6.6875, 0.3076171875, 4.12890625, 3.95703125, 6.2890625, 2.185546875, 2.205078125, 4.73046875, 3.5390625, 1.10546875, 3.40625, 13.0625, 0.5009765625, 0.007781982421875, 0.9501953125, 5.12890625, 0.0445556640625, 1.837890625, 9.34375, 0.8212890625, 3.744140625, 4.96875, 5.6328125, 0.04779052734375, 3.2265625, 13.1328125, 1.0234375, 6.984375, 7.1328125, 6.09375, 1.9912109375, 3.107421875, 6.47265625, 1.9404296875, 2.00390625, 5.38671875, 7.7578125, 0.5390625, 9.359375, 0.003021240234375, 5.3359375, 1.330078125, 3.248046875, 0.01015472412109375, 1.203125, 3.994140625, 2.22265625, 0.52099609375, 3.41015625, 0.37744140625, 2.814453125, 1.3203125, 5.82421875, 5.62109375, 9.078125, 4.125, 2.4921875, 2.294921875, 10.453125, 0.005741119384765625, 9.421875, 5.94921875, 2.75390625, 0.06256103515625, 1.751953125, 3.380859375, 6.80078125, 7.21484375, 1.1650390625, 10.0234375, 0.974609375, 1.29296875, 3.283203125, 5.55859375, 2.25, 0.61279296875, 1.2265625, 9.2265625, 0.00020456314086914062, 3.083984375, 1.470703125, 1.7734375, 4.42578125, 0.75927734375, 4.32421875, 8.703125, 2.205078125, 13.7265625, 10.6796875, 3.375, 6.03125, 5.42578125, 8.3828125, 1.8232421875, 4.36328125, 0.6826171875, 1.74609375, 5.32421875, 6.72265625, 5.01171875, 0.1961669921875, 8.3984375, 3.736328125, 9.96875, 4.43359375, 2.6796875, 7.38671875, 2.888671875, 0.1378173828125, 10.75, 4.99609375, 1.947265625, 6.078125, 1.568359375, 1.2353515625, 2.142578125, 0.009429931640625, 0.1759033203125, 3.80078125, 5.75390625, 4.5703125, 0.40771484375, 7.00390625, 9.375, 1.49609375, 1.4091796875, 1.759765625, 0.974609375, 0.2705078125, 0.0008978843688964844, 0.004062652587890625, 7.87109375, 2.818359375, 1.470703125, 0.0217437744140625, 0.2249755859375, 10.125, 2.716796875, 4.25390625, 0.291015625, 10.4140625, 2.994140625, 3.087890625, 5.63671875, 4.58203125, 4.296875, 2.0078125, 5.00390625, 5.296875, 2.662109375, 5.21484375, 0.9853515625, 0.32177734375, 4.9921875, 10.3359375, 0.3017578125, 0.2371826171875, 1.17578125, 8.8046875, 2.076171875, 1.4921875, 10.3203125, 1.9072265625, 1.2373046875, 1.087890625, 3.845703125, 9.9609375, 7.015625, 0.01483917236328125, 9.9375, 4.98046875, 4.02734375, 0.0625, 2.759765625, 0.0002651214599609375, 7.75390625, 0.81494140625, 3.53515625, 13.109375, 0.307861328125, 5.73046875, 0.037567138671875, 12.5, 0.751953125, 7.58984375, 0.01861572265625, 9.21875, 3.337890625]",-0.6603197527866738
173,0,test,3.0594419384002687,1.3031562437206345,1.8367957560355892,5.863930381933849,2.4977161337978835,3.520525199068213,21.31565839179088,15.524770119742293,17.91949567223534,40.855011917599185,29.755809396172726,34.34570003845107,3.361345454077026,1.4647554070629376,2.053963688604754,6.442578786980966,2.8074478635372966,3.936763736492445,28.82795148294438,22.16481679947451,25.131468710600494,55.253573675643395,42.48256553232615,48.16864836198428,3.0594419384002687,1.3031562437206345,1.8367957560355892,5.863930381933849,2.4977161337978835,3.520525199068213,21.31565839179088,15.524770119742293,17.91949567223534,40.855011917599185,29.755809396172726,34.34570003845107,0.7035175879396984,-0.0064824120603015345,0.008517587939698368,0.5276381909547738,-0.022361809045226222,-0.007361809045226098,0.457286432160804,-0.012713567839195972,-0.007713567839195967,0.4109090909090909,0.1168982016168949,0.17995383093327466,0.3832116788321168,0.4321608040201005,0.13892772131333353,0.19509903440407372,0.4242424242424242,0.4109090909090909,0.1168982016168949,0.17995383093327466,0.3832116788321168,27.0,15.0,14.0,36.0,10.0,10.0,44.0,12.0,11.0,-0.0007779112545227252,-0.00048714373352431133,-6.821218369356041e-05,0.007785496560390293,0.005465884317048975,0.006741749765470928,"[3.0625, 9.453125, 2.48046875, 1.494140625, 3.81640625, 6.5, 7.23828125, 0.278076171875, 1.6572265625, 2.66015625, 0.442138671875, 0.7763671875, 6.85546875, 1.0576171875, 8.3828125, 2.330078125, 8.328125, 0.31982421875, 0.638671875, 5.9140625, 0.10137939453125, 6.1484375, 4.15625, 1.8037109375, 2.8125, 6.99609375, 0.232421875, 1.0517578125, 2.390625, 8.484375, 0.034759521484375, 2.123046875, 6.59765625, 9.8046875, 9.6328125, 0.353515625, 0.72705078125, 8.8125, 0.163818359375, 6.34765625, 1.7548828125, 8.421875, 1.4384765625, 0.76513671875, 6.70703125, 1.3505859375, 0.84130859375, 6.734375, 0.85791015625, 2.271484375, 2.8515625, 4.0390625, 0.051666259765625, 4.54296875, 1.1796875, 6.26953125, 2.115234375, 4.76171875, 4.5859375, 0.95068359375, 8.953125, 11.328125, 0.0070037841796875, 4.578125, 0.98291015625, 3.6328125, 0.67578125, 5.4453125, 0.0057373046875, 0.89013671875, 2.544921875, 0.95458984375, 5.671875, 5.30078125, 0.427490234375, 0.77294921875, 0.151611328125, 0.4501953125, 1.5244140625, 6.69921875, 4.12109375, 4.515625, 3.294921875, 5.03515625, 2.162109375, 6.7578125, 1.0693359375, 8.125, 1.7998046875, 0.59912109375, 3.724609375, 0.267822265625, 0.4794921875, 4.21484375, 0.06884765625, 6.4765625, 2.908203125, 0.68896484375, 7.5234375, 5.8046875, 6.24609375, 0.058929443359375, 8.7734375, 4.2421875, 3.498046875, 1.87890625, 4.12109375, 4.04296875, 3.994140625, 0.52587890625, 1.9326171875, 2.498046875, 0.86328125, 1.4609375, 11.140625, 5.00390625, 1.3056640625, 6.3125, 0.333251953125, 12.1328125, 4.74609375, 0.84423828125, 6.8828125, 4.3671875, 0.0247039794921875, 1.546875, 5.66796875, 0.978515625, 0.51123046875, 5.1484375, 2.14453125, 0.1488037109375, 1.0673828125, 7.76953125, 8.1953125, 0.163818359375, 0.125244140625, 1.56640625, 3.330078125, 3.421875, 4.8828125, 7.8046875, 4.12109375, 0.0172576904296875, 8.9765625, 0.1431884765625, 3.54296875, 4.06640625, 0.056365966796875, 1.2255859375, 6.2890625, 8.0390625, 1.890625, 4.98828125, 0.467529296875, 2.4609375, 0.10845947265625, 6.0, 8.1015625, 0.802734375, 0.7509765625, 5.375, 0.955078125, 1.052734375, 2.79296875, 1.166015625, 7.140625, 0.008331298828125, 6.59375, 1.1240234375, 6.36328125, 1.3330078125, 0.779296875, 9.3359375, 1.7841796875, 0.0009326934814453125, 2.013671875, 1.96875, 2.087890625, 0.609375, 1.173828125, 6.89453125, 0.60302734375, 3.283203125, 0.419921875, 5.203125, 5.8515625, 1.013671875, 3.87890625, 0.336181640625, 0.426513671875, 7.26171875, 0.89794921875, 0.63525390625, 5.11328125, 4.50390625, 0.1075439453125, 0.1627197265625, 5.50390625, 5.32421875, 8.7265625, 6.19921875, 0.0034008026123046875, 1.2294921875, 0.6591796875, 8.6953125, 0.15185546875, 0.09539794921875, 2.486328125, 3.859375, 1.23828125, 6.3203125, 7.04296875, 0.003742218017578125, 0.1353759765625, 0.0008535385131835938, 0.00830841064453125, 0.004486083984375, 0.6748046875, 2.05078125, 0.07855224609375, 10.046875, 8.0078125, 2.599609375, 1.8955078125, 0.0030307769775390625, 0.161376953125, 0.134033203125, 3.765625, 0.036376953125, 5.24609375, 4.53125, 1.150390625, 0.1011962890625, 0.00350189208984375, 2.22265625, 0.0002734661102294922, 0.8349609375, 2.6796875, 8.8125, 0.452392578125, 0.004024505615234375, 4.25, 3.390625, 1.08203125, 4.3828125, 1.7158203125, 6.61328125, 0.08050537109375, 1.857421875, 0.4208984375, 5.1796875, 1.33984375, 0.0013275146484375, 0.409423828125, 0.0063323974609375, 0.0003123283386230469, 0.004146575927734375, 3.063678741455078e-05, 0.52294921875, 0.1705322265625, 0.00421905517578125, 0.0003261566162109375, 0.00018012523651123047, 11.1484375, 3.55859375, 8.859375, 0.04815673828125, 0.13037109375, 2.189453125, 0.7197265625, 0.95947265625, 0.06298828125, 4.921875, 4.54296875]",-1.2236038303375243
271,0,test,3.5820642519630863,1.6324217647344776,2.251910272050439,6.217146000533633,2.833283752585128,3.908487943443866,35.94766935781845,28.921494173671668,32.16604372069292,62.391931873914785,50.19707609453359,55.828420710627945,4.0807130420627304,1.8413842071179314,2.540972240807159,7.082616889097383,3.195965692813881,4.410193199561851,59.18765809691505,49.800629169985676,54.52427672518908,102.72800428315142,86.43557476629698,94.63408948854658,3.582332292528057,1.6426945792071928,2.2499858414975,6.217611220364789,2.851113580003289,3.9051478398404886,35.957306082881416,29.00107571840564,32.16738024511753,62.40865768408155,50.335200384819,55.83074042543387,0.778894472361809,0.003894472361808954,0.003894472361808954,0.6432160804020101,-0.001783919597989958,-0.001783919597989958,0.542713567839196,0.007713567839196078,0.0027135678391959628,0.40863787375415284,0.0952050379332573,0.16885886822929097,0.33666666666666667,0.44221105527638194,0.11639651893552982,0.1801075494333102,0.38383838383838387,0.40802675585284276,0.10585647204649884,0.16553509845573489,0.3355704697986577,28.0,2.0,2.0,41.0,1.0,1.0,50.0,1.0,1.0,-0.0026270967026963553,-0.0005803138569435968,-0.00033763079179362785,0.004176391821266279,0.0034004299981758024,0.004235515373064658,"[3.0625, 9.453125, 2.48046875, 1.494140625, 12.8203125, 10.9765625, 3.06640625, 6.5, 6.26953125, 0.3466796875, 4.7734375, 0.1282958984375, 4.3984375, 0.05206298828125, 11.7578125, 0.11370849609375, 0.478515625, 6.39453125, 8.96875, 2.357421875, 9.5078125, 3.8125, 4.5625, 10.8984375, 5.1484375, 1.166015625, 2.291015625, 3.4375, 1.4765625, 6.6953125, 10.46875, 12.5, 3.92578125, 11.1875, 1.2607421875, 7.49609375, 0.2332763671875, 4.37890625, 4.203125, 2.14453125, 2.251953125, 5.59765625, 8.1640625, 0.25390625, 10.21875, 0.7568359375, 2.548828125, 7.91015625, 3.955078125, 4.54296875, 7.8125, 0.51611328125, 0.036712646484375, 5.8671875, 1.939453125, 7.25, 6.91796875, 3.90234375, 5.921875, 4.125, 0.148193359375, 0.5498046875, 2.33984375, 5.11328125, 4.91015625, 4.796875, 11.8828125, 4.03125, 6.36328125, 7.08203125, 7.0, 2.501953125, 4.7109375, 2.736328125, 2.388671875, 1.9609375, 7.515625, 1.833984375, 1.796875, 0.474609375, 0.04840087890625, 1.8984375, 4.21484375, 0.5830078125, 10.4296875, 3.71875, 9.6796875, 10.046875, 2.80078125, 10.3203125, 0.9169921875, 0.1343994140625, 0.06500244140625, 0.2685546875, 6.828125, 8.7734375, 0.78125, 4.9375, 8.1171875, 7.765625, 1.994140625, 1.9140625, 3.509765625, 5.43359375, 1.7138671875, 4.10546875, 0.0248260498046875, 6.43359375, 1.1064453125, 2.20703125, 2.369140625, 5.22265625, 5.67578125, 4.8125, 8.0625, 1.607421875, 0.71240234375, 6.30078125, 2.486328125, 0.69287109375, 2.107421875, 2.998046875, 1.7841796875, 10.1328125, 6.00390625, 7.625, 5.96875, 3.435546875, 1.6669921875, 5.7890625, 10.9453125, 1.4970703125, 7.13671875, 7.29296875, 0.8134765625, 2.46875, 2.0859375, 1.806640625, 10.34375, 3.091796875, 7.19921875, 7.2265625, 0.6513671875, 6.6796875, 2.9609375, 1.8115234375, 1.3330078125, 1.908203125, 4.96875, 7.54296875, 0.2646484375, 0.033416748046875, 0.70703125, 3.3984375, 5.52734375, 2.974609375, 1.958984375, 1.9228515625, 6.5546875, 1.80078125, 0.21728515625, 1.84765625, 3.15625, 3.02734375, 5.8828125, 7.40234375, 4.3125, 3.072265625, 0.85888671875, 9.125, 12.5859375, 11.28125, 4.203125, 3.548828125, 8.1328125, 4.12109375, 0.85595703125, 7.765625, 0.7431640625, 1.85546875, 7.48046875, 0.11676025390625, 0.040069580078125, 0.002593994140625, 0.00951385498046875, 0.0034160614013671875, 0.0113525390625, 4.34765625, 4.7109375, 0.01235198974609375, 0.1328125, 0.00225067138671875, 0.003742218017578125, 0.00908660888671875, 1.7998046875, 0.0036945343017578125, 0.035980224609375, 3.234375, 8.3671875, 4.94921875, 7.50390625, 3.4453125, 2.552734375, 0.00298309326171875, 0.0160675048828125, 2.9140625, 0.00608062744140625, 0.78759765625, 0.2274169921875, 1.20703125, 7.77734375, 0.548828125, 1.5732421875, 10.9375, 8.3671875, 0.015899658203125, 0.94091796875, 3.890625, 1.4814453125, 1.197265625, 1.1982421875, 0.41748046875, 0.0001074075698852539, 0.01568603515625, 3.60546875, 7.9453125, 5.17578125, 2.71875, 0.6728515625, 3.150390625, 11.5078125, 0.61572265625, 0.459228515625, 0.05535888671875, 0.0091552734375, 1.0908203125, 0.0164947509765625, 2.333984375, 0.0118255615234375, 0.023101806640625, 0.002834320068359375, 0.00778961181640625, 8.96875, 8.7578125, 7.7265625, 0.96630859375, 0.0008792877197265625, 0.00809478759765625, 0.0012073516845703125, 0.212646484375, 0.0011310577392578125, 4.97265625, 5.0234375, 1.0029296875, 5.84765625, 4.29296875, 4.83984375, 3.16796875, 0.2177734375, 7.9765625, 2.52734375, 4.69921875, 0.022369384765625, 0.219482421875, 11.3046875, 2.29296875, 0.5107421875, 0.001087188720703125, 0.02178955078125, 0.0017366409301757812, 0.76953125, 0.35546875, 0.0010662078857421875, 0.0009036064147949219, 0.0011587142944335938, 2.29296875, 2.10546875, 0.0298309326171875, 6.6640625, 0.1856689453125, 3.306640625, 0.63427734375, 7.64453125, 0.24462890625, 4.109375, 5.03515625, 0.59375, 0.1749267578125, 2.20703125, 1.8359375, 3.193359375, 3.263671875, 4.30859375, 3.03515625, 0.6435546875, 4.63671875, 2.408203125, 3.4609375, 2.244140625, 2.712890625, 4.37109375]",-1.4379166554770992
321,0,test,3.6289375023763686,1.6448470327085312,2.2517686557520005,5.783619144412338,2.621474958379222,3.5887562951047514,37.67276811863038,30.400338237696552,33.70910413204741,60.04097418906717,48.450539066328886,53.72388471045056,3.8029050239965545,1.6806266246605452,2.3451532330487277,6.0608798819945084,2.6784986830527435,3.73758796517141,44.83123131003272,36.48109052389427,40.53494160491241,71.44977490036464,58.14173802245649,64.60256318282916,3.611199163672916,1.606730665347409,2.212572909089424,5.755348667103711,2.5607269978974334,3.5262880738612696,37.01040775158841,29.588259787443864,32.96077477242382,58.98533735409403,47.15628903623866,52.53123479355045,0.7437185929648241,0.00371859296482413,-0.0012814070351758744,0.6231155778894473,-0.016884422110552744,-0.016884422110552744,0.5376884422110553,-0.0023115577889447625,-0.007311557788944656,0.4426229508196722,0.1332939819162352,0.20052916674115528,0.39144736842105265,0.4522613065326633,0.1289530358559715,0.19850504609860653,0.41414141414141414,0.4381270903010034,0.12760956108564447,0.19786012700845612,0.3926174496644296,27.0,9.0,9.0,38.0,6.0,6.0,51.0,11.0,9.0,-0.0013719381804239736,-0.0003807890477497228,-0.0002260367930162012,-0.0004833415140721442,-8.040468024717029e-05,6.13331151724239e-05,"[3.056640625, 9.4453125, 2.4296875, 1.0791015625, 5.80078125, 5.03125, 2.1328125, 7.56640625, 6.51171875, 5.9140625, 7.84375, 2.486328125, 3.02734375, 12.390625, 0.0131683349609375, 3.279296875, 8.8359375, 3.734375, 4.796875, 5.0625, 0.91357421875, 5.640625, 0.2332763671875, 9.8125, 8.8828125, 5.6953125, 2.072265625, 7.18359375, 6.54296875, 1.6240234375, 4.72265625, 0.5634765625, 4.96484375, 4.5390625, 4.37890625, 0.113525390625, 5.16796875, 0.8427734375, 0.08624267578125, 9.1328125, 7.05078125, 0.60205078125, 8.046875, 4.6328125, 4.41015625, 6.1015625, 3.3671875, 5.55859375, 1.3466796875, 1.9521484375, 2.8359375, 3.076171875, 0.28369140625, 3.48828125, 8.859375, 8.671875, 6.8359375, 0.3896484375, 5.31640625, 3.939453125, 4.60546875, 9.4609375, 0.01270294189453125, 0.5244140625, 5.78125, 3.541015625, 0.0019855499267578125, 6.9453125, 0.419189453125, 0.17138671875, 1.9697265625, 4.01953125, 1.884765625, 0.052764892578125, 2.1171875, 7.0703125, 7.32421875, 4.890625, 7.09375, 1.388671875, 4.37890625, 5.01171875, 1.0830078125, 4.13671875, 0.6865234375, 0.1387939453125, 2.544921875, 0.7236328125, 9.09375, 0.0635986328125, 4.19921875, 0.049957275390625, 3.177734375, 7.55859375, 0.1337890625, 0.841796875, 0.023040771484375, 0.0116424560546875, 2.501953125, 1.5439453125, 2.240234375, 5.07421875, 3.634765625, 4.4921875, 6.984375, 2.173828125, 8.40625, 2.373046875, 4.76953125, 3.396484375, 1.6005859375, 1.9765625, 4.953125, 0.8994140625, 10.4921875, 7.2421875, 7.578125, 0.00145721435546875, 4.5859375, 3.158203125, 5.5, 6.95703125, 0.3203125, 4.6796875, 2.525390625, 9.71875, 0.0083160400390625, 0.315185546875, 7.00390625, 9.3203125, 0.3466796875, 6.8671875, 3.25, 7.0078125, 4.72265625, 0.80322265625, 4.51171875, 8.3125, 2.736328125, 1.48046875, 3.810546875, 9.21875, 2.923828125, 6.48046875, 6.93359375, 2.11328125, 1.29296875, 8.0546875, 4.6171875, 0.77587890625, 6.4140625, 1.3671875, 7.35546875, 0.01393890380859375, 2.404296875, 0.63232421875, 7.37890625, 0.088623046875, 0.4462890625, 7.484375, 1.5341796875, 1.7548828125, 10.3828125, 9.4921875, 0.64306640625, 0.0253143310546875, 0.62060546875, 3.8203125, 1.40625, 8.078125, 6.01953125, 0.5791015625, 0.513671875, 2.9375, 0.0933837890625, 3.076171875, 3.330078125, 5.52734375, 1.4404296875, 1.5927734375, 7.0546875, 1.154296875, 0.93896484375, 3.8125, 8.875, 1.5126953125, 0.0863037109375, 6.17578125, 1.744140625, 0.0019235610961914062, 0.340576171875, 0.00029015541076660156, 0.00524139404296875, 0.001628875732421875, 0.7138671875, 10.6875, 5.64453125, 7.03125, 1.50390625, 9.015625, 2.876953125, 0.003276824951171875, 0.3994140625, 0.36767578125, 3.681640625, 5.21875, 2.435546875, 4.09375, 0.9580078125, 7.5546875, 10.2734375, 3.62109375, 0.7412109375, 0.00228118896484375, 0.1912841796875, 11.1640625, 11.734375, 4.2421875, 0.156982421875, 0.391357421875, 8.6015625, 7.8984375, 12.1953125, 13.3828125, 0.359375, 0.8388671875, 8.96875, 6.84765625, 8.3984375, 6.9921875, 5.73828125, 7.09765625, 4.2265625, 5.75390625, 0.2215576171875, 0.603515625, 6.78515625, 2.736328125, 0.67041015625, 0.1148681640625, 6.046875, 6.5546875, 1.4794921875, 0.497314453125, 0.458984375, 1.9541015625, 9.6328125, 2.98828125, 4.34765625, 3.685546875, 0.6103515625, 7.69140625, 1.6279296875, 0.8173828125, 1.857421875, 0.01235198974609375, 0.006988525390625, 1.9345703125, 0.0032501220703125, 0.0100860595703125, 0.003955841064453125, 0.03662109375, 5.75, 0.051544189453125, 0.0002868175506591797, 0.0006804466247558594, 0.0008296966552734375, 0.3193359375, 0.0004706382751464844, 0.50048828125, 2.8125, 0.01525115966796875, 6.51171875, 4.22265625, 3.3125, 6.94921875, 8.6875, 6.00390625, 0.7724609375, 2.048828125, 0.2529296875, 0.0460205078125, 0.8046875, 0.00299835205078125, 0.0026607513427734375, 0.0276031494140625, 0.001529693603515625, 7.5546875, 2.8984375, 0.15380859375, 1.025390625, 1.2783203125, 10.4765625, 0.1629638671875, 2.5078125, 0.045928955078125, 5.9140625, 0.04791259765625, 0.204345703125, 0.01396942138671875, 0.0302886962890625, 1.5703125, 8.3359375, 12.0234375, 3.794921875]",-1.4700014395791978
364,0,test,3.9021690963359363,1.7790951240617265,2.462949214034739,6.262163579748688,2.855074809871513,3.952517301564731,49.509724079687416,41.15293750425482,45.292319618209696,79.45273085842052,66.04183982718737,72.68468058491136,3.924428030474102,1.7710854300197383,2.473861239538312,6.297884503994368,2.8422209296125143,3.9700288155465127,50.624114325772005,42.01051216431807,46.3585828310414,81.24109364854431,67.41806742537273,74.39580957316825,3.9021690963359363,1.7790951240617265,2.462949214034739,6.262163579748688,2.855074809871513,3.952517301564731,49.509724079687416,41.15293750425482,45.292319618209696,79.45273085842052,66.04183982718737,72.68468058491136,0.778894472361809,-0.006105527638191055,-0.006105527638191055,0.6381909547738693,0.0031909547738693256,0.013190954773869334,0.5477386934673367,-0.007261306532663214,-0.002261306532663321,0.4606741573033708,0.12422555917252964,0.19417353463836462,0.46240601503759393,0.44723618090452266,0.12142164456367055,0.18179377689784482,0.43939393939393945,0.4606741573033708,0.12422555917252964,0.19417353463836462,0.46240601503759393,26.0,2.0,2.0,36.0,3.0,3.0,46.0,1.0,1.0,-0.0003588273776048457,3.451334872915475e-05,-3.2244025354682063e-06,0.00016252502302549487,-0.00022759863213561715,-7.184004964067014e-05,"[3.0625, 9.453125, 2.48046875, 5.4921875, 0.79443359375, 0.078125, 8.328125, 3.08203125, 11.421875, 4.59375, 0.658203125, 5.578125, 5.125, 0.061431884765625, 3.59765625, 5.390625, 7.90625, 1.2900390625, 1.40625, 0.04302978515625, 1.787109375, 3.224609375, 1.2490234375, 3.15234375, 0.053985595703125, 5.62890625, 2.224609375, 6.87890625, 0.200439453125, 0.77734375, 5.8203125, 2.947265625, 9.953125, 0.85205078125, 0.93212890625, 4.96484375, 0.64208984375, 3.3828125, 2.740234375, 9.9921875, 0.71484375, 0.0266265869140625, 0.9765625, 0.0916748046875, 1.4736328125, 2.541015625, 1.26171875, 7.15234375, 4.171875, 3.314453125, 5.15234375, 3.02734375, 7.86328125, 1.7587890625, 0.72998046875, 8.546875, 1.3173828125, 4.3203125, 1.9892578125, 11.5234375, 0.6796875, 6.8515625, 2.009765625, 3.50390625, 0.6552734375, 3.265625, 1.677734375, 0.0794677734375, 9.40625, 3.84375, 10.203125, 8.296875, 1.6318359375, 4.4765625, 2.97265625, 4.01953125, 4.58984375, 2.0234375, 4.90234375, 4.0, 4.3515625, 5.234375, 0.876953125, 2.98828125, 0.019927978515625, 7.01171875, 9.7265625, 6.78125, 12.296875, 8.078125, 1.5146484375, 5.4296875, 3.236328125, 1.23828125, 0.162109375, 9.2734375, 2.25, 4.1171875, 1.53125, 5.5625, 4.16796875, 4.57421875, 3.572265625, 7.50390625, 9.21875, 6.98046875, 6.765625, 0.82177734375, 3.98828125, 0.7900390625, 6.9140625, 0.0184783935546875, 4.296875, 7.48046875, 7.2890625, 5.19921875, 5.84765625, 7.82421875, 4.8359375, 1.5380859375, 8.375, 13.2109375, 3.244140625, 6.984375, 3.328125, 1.8203125, 0.360595703125, 0.042266845703125, 0.115234375, 0.283447265625, 3.3359375, 1.1826171875, 8.078125, 2.494140625, 1.970703125, 4.625, 2.876953125, 9.3203125, 6.078125, 8.171875, 0.01320648193359375, 0.00031304359436035156, 1.6064453125, 5.01171875, 0.414306640625, 4.0546875, 3.625, 5.01171875, 0.8857421875, 7.8828125, 0.0191802978515625, 1.34375, 5.9921875, 2.197265625, 7.73828125, 4.91015625, 0.006076812744140625, 1.8203125, 0.27099609375, 3.642578125, 8.25, 0.68115234375, 8.09375, 4.30078125, 9.484375, 0.251953125, 0.70751953125, 10.3515625, 3.345703125, 1.716796875, 3.376953125, 2.12890625, 4.9140625, 0.9033203125, 1.5341796875, 3.392578125, 1.7373046875, 7.81640625, 8.6015625, 1.6875, 4.22265625, 1.71484375, 4.8203125, 2.595703125, 0.016510009765625, 1.822265625, 6.015625, 1.4306640625, 5.27734375, 0.263427734375, 1.8447265625, 7.328125, 0.0269927978515625, 5.59375, 5.2421875, 9.5859375, 0.061187744140625, 0.54736328125, 4.65234375, 1.70703125, 1.7421875, 3.373046875, 9.1640625, 0.3427734375, 9.0390625, 2.625, 6.42578125, 6.03125, 2.75, 1.2578125, 0.002841949462890625, 0.0033550262451171875, 1.32421875, 8.6640625, 4.171875, 3.501953125, 0.00931549072265625, 4.671875, 1.7822265625, 3.90625, 0.71142578125, 6.74609375, 1.4619140625, 7.546875, 6.30078125, 4.41015625, 6.15625, 4.23046875, 7.51171875, 9.140625, 5.25390625, 5.25, 1.2734375, 4.1015625, 0.06201171875, 4.41796875, 4.69140625, 0.026947021484375, 0.0173797607421875, 1.701171875, 1.1806640625, 12.71875, 7.82421875, 3.55859375, 10.328125, 5.9765625, 0.12115478515625, 2.587890625, 5.7265625, 3.6328125, 5.72265625, 5.34375, 0.1964111328125, 0.490966796875, 1.3056640625, 4.28515625, 3.98046875, 2.140625, 2.3359375, 5.12109375, 1.2490234375, 6.8359375, 2.4375, 9.0546875, 3.015625, 4.8125, 2.10546875]",-0.9479166389851086
122,0,test,3.046424883695749,1.310073959873343,1.8044211285265024,5.31087974376906,2.2838722509021916,3.14567533636171,21.03998939218676,15.363398123551004,17.57744478224122,36.679339796004726,26.78325020469319,30.64303208027079,3.5298638607389363,1.6141883129527113,2.235840842290436,6.1536664096304445,2.8140395188373466,3.897776013832525,34.119322319229454,27.32779707174177,30.471891558941856,59.480743722293056,47.64097243522897,53.12212111344944,3.0977136729951686,1.3358118278751383,1.8514999370551075,5.400292285542379,2.328741475333129,3.227748553368797,22.147257479361883,16.32375521076192,18.670104895120836,38.6096574239143,28.457455608066237,32.54788340005023,0.6733668341708543,0.008366834170854265,-0.0066331658291456375,0.5728643216080402,-0.0021356783919597166,-0.0021356783919597166,0.4723618090452262,-0.01263819095477381,0.002361809045226204,0.4276923076923077,0.13276143211627078,0.1933013148570979,0.3765432098765432,0.4321608040201005,0.12890265865669193,0.19676848348587683,0.4191919191919192,0.4247491638795987,0.1359344727276789,0.20005505931897583,0.3791946308724832,23.0,6.0,4.0,33.0,3.0,3.0,41.0,4.0,5.0,-0.0011531054062178516,-0.00044045081007651796,-0.00046796905265890804,0.0019294526107769272,0.003488980042832601,0.0043154027640168735,"[3.056640625, 9.4453125, 2.4296875, 1.0791015625, 0.80224609375, 5.9921875, 0.6064453125, 9.0859375, 0.52001953125, 10.453125, 0.8134765625, 7.01953125, 5.25390625, 0.76611328125, 6.83203125, 6.703125, 5.62109375, 1.8681640625, 12.53125, 0.0487060546875, 0.4140625, 2.064453125, 0.97216796875, 6.43359375, 0.75830078125, 6.5703125, 7.22265625, 3.5078125, 1.9306640625, 9.046875, 0.333740234375, 3.30859375, 1.2451171875, 1.3818359375, 4.5390625, 0.9794921875, 6.41796875, 6.25390625, 0.1009521484375, 2.904296875, 8.2890625, 4.22265625, 3.392578125, 2.73046875, 0.78515625, 7.51953125, 5.75390625, 1.775390625, 3.77734375, 0.456298828125, 7.734375, 0.044708251953125, 3.611328125, 6.6953125, 0.050079345703125, 1.0771484375, 2.576171875, 2.1875, 2.0234375, 3.470703125, 0.1788330078125, 4.78125, 0.00782012939453125, 2.58984375, 4.1171875, 1.3564453125, 5.53125, 6.56640625, 0.249267578125, 0.155029296875, 0.923828125, 0.00331878662109375, 3.58984375, 8.2578125, 9.1796875, 8.1953125, 1.00390625, 0.5927734375, 0.46142578125, 6.63671875, 2.669921875, 5.15234375, 0.47021484375, 0.61181640625, 2.59375, 1.53125, 5.95703125, 9.5703125, 3.078125, 3.72265625, 0.0067901611328125, 0.1888427734375, 1.6025390625, 0.81201171875, 2.1484375, 6.34375, 0.017303466796875, 6.51171875, 0.0044403076171875, 0.032501220703125, 1.49609375, 0.052093505859375, 0.40087890625, 3.572265625, 5.48046875, 10.046875, 8.1953125, 3.8984375, 0.51513671875, 11.3359375, 0.0033206939697265625, 3.466796875, 0.436279296875, 2.833984375, 8.375, 4.76171875, 2.40625, 0.373291015625, 0.054718017578125, 0.06512451171875, 4.171875, 8.78125, 0.15869140625, 0.1666259765625, 0.57861328125, 0.0014848709106445312, 4.1015625, 0.625, 7.921875, 6.22265625, 4.5234375, 3.998046875, 3.56640625, 3.017578125, 3.73828125, 1.49609375, 4.6953125, 2.611328125, 0.294677734375, 8.5390625, 5.78515625, 0.4453125, 0.490478515625, 8.5390625, 6.4921875, 0.279296875, 0.0797119140625, 0.105712890625, 0.0019779205322265625, 8.078125, 2.85546875, 6.34375, 5.79296875, 0.202880859375, 3.90625, 2.67578125, 5.625, 7.80078125, 3.416015625, 2.47265625, 13.8671875, 1.1337890625, 2.45703125, 6.49609375, 5.765625, 7.50390625, 0.1485595703125, 6.52734375, 0.76318359375, 0.43017578125, 1.6328125, 5.53515625, 5.48046875, 5.203125, 0.73388671875, 2.59765625, 1.5234375, 6.35546875, 0.2037353515625, 0.1646728515625, 0.603515625, 0.0004982948303222656, 4.296875, 8.3515625, 5.6640625, 3.16796875, 0.91064453125, 0.66064453125, 0.7939453125, 7.62109375, 1.29296875, 10.2421875, 9.9765625, 0.82861328125, 9.3046875, 3.34375, 0.1280517578125, 2.98828125, 1.095703125, 4.73828125, 3.232421875, 7.125, 4.35546875, 3.3125, 5.08984375, 0.0102386474609375, 0.77880859375, 5.08203125, 6.046875, 0.048553466796875, 8.578125, 10.7421875, 0.004730224609375, 0.1383056640625, 0.00025653839111328125, 0.00681304931640625, 0.00257110595703125, 9.5625, 6.58984375, 3.384765625, 7.51171875, 0.515625, 0.07916259765625, 8.0625, 0.69970703125, 3.88671875, 4.5, 0.20458984375, 0.043243408203125, 0.04522705078125, 0.1707763671875, 2.021484375, 5.74609375, 0.92919921875, 5.58984375, 0.52294921875, 4.09765625, 1.5986328125, 6.30078125, 3.34765625, 1.5888671875, 0.004390716552734375, 2.794921875, 0.005767822265625, 0.006031036376953125, 0.006710052490234375, 0.0213470458984375, 3.939453125, 0.057220458984375, 0.002140045166015625, 0.01336669921875, 0.0010280609130859375, 0.29443359375, 0.0001468658447265625, 0.414306640625, 10.078125, 0.50927734375, 0.06585693359375, 0.46533203125, 8.03125, 4.62109375, 0.0184783935546875, 3.69921875, 0.0004661083221435547, 3.07421875, 5.40625, 0.407958984375, 0.0250701904296875, 0.1104736328125, 0.004150390625, 2.22265625, 0.001720428466796875, 0.00033783912658691406, 0.0269012451171875, 0.0005316734313964844, 0.70703125, 1.380859375, 0.24658203125, 0.07342529296875, 2.287109375, 0.07440185546875, 0.00019729137420654297, 0.0035037994384765625, 0.0029087066650390625, 0.00027179718017578125, 1.26953125, 3.62890625, 0.12445068359375, 2.408203125, 4.7734375, 3.86328125, 3.041015625, 9.40625, 0.52001953125, 4.29296875, 8.2578125, 0.4267578125, 2.681640625, 0.0016546249389648438, 7.1171875, 4.3984375, 0.1273193359375, 3.599609375, 0.007633209228515625, 3.306640625, 4.6796875, 0.537109375, 2.080078125, 5.81640625, 3.6953125, 0.2181396484375, 3.838539123535156e-05, 6.203125, 0.28173828125, 0.0589599609375, 0.0020809173583984375, 0.009307861328125, 0.1878662109375, 5.05859375, 5.61328125, 1.4638671875, 2.419921875, 3.041015625, 0.1533203125, 0.86181640625]",-1.790392857698294
425,0,test,3.319827591931378,1.4623285061764708,2.032725545699571,5.4357616615140145,2.394362059563672,3.328308860541056,27.65558210197156,21.247890473214923,24.033307954113948,45.282216848283106,34.79050198361565,39.35124049629647,3.5736827778456797,1.6111120119846847,2.2024004845227934,5.851414658230838,2.637974613029868,3.606128265866991,35.647634023143254,28.530032771067805,31.707233816967733,58.368104059871925,46.71400970207806,51.916239986024095,3.319827591931378,1.4623285061764708,2.032725545699571,5.4357616615140145,2.394362059563672,3.328308860541056,27.65558210197156,21.247890473214923,24.033307954113948,45.282216848283106,34.79050198361565,39.35124049629647,0.7386934673366834,0.013693467336683418,-0.0013065326633165952,0.5879396984924623,-0.002060301507537776,0.007939698492462233,0.4723618090452262,0.012361809045226213,0.007361809045226209,0.40740740740740744,0.09816370992841583,0.16440628758657883,0.3648648648648649,0.4120603015075377,0.09877709348748753,0.16164293923708695,0.36868686868686873,0.40740740740740744,0.09816370992841583,0.16440628758657883,0.3648648648648649,29.0,12.0,11.0,39.0,9.0,9.0,48.0,11.0,12.0,-0.0011838695908049477,-0.00025244260453657273,-9.259803711708013e-05,0.008556817587102472,0.0066810577118392445,0.008176061513243127,"[3.0625, 9.453125, 2.48046875, 1.494140625, 0.81689453125, 2.970703125, 1.1455078125, 1.83984375, 6.68359375, 3.4375, 1.033203125, 12.109375, 5.93359375, 1.7099609375, 12.15625, 4.12109375, 0.006694793701171875, 10.8671875, 4.28515625, 5.796875, 9.9296875, 1.3095703125, 5.9921875, 9.7734375, 2.845703125, 4.02734375, 9.90625, 0.09747314453125, 4.15625, 9.1171875, 8.5546875, 0.89892578125, 4.03515625, 1.58203125, 6.04296875, 0.1680908203125, 8.9296875, 0.0278472900390625, 0.0007605552673339844, 8.234375, 7.23828125, 0.81640625, 2.1171875, 8.1796875, 1.103515625, 0.1402587890625, 1.3603515625, 6.1875, 0.78369140625, 1.8212890625, 6.73046875, 1.806640625, 6.30078125, 3.130859375, 4.359375, 1.1875, 7.66015625, 2.703125, 2.7265625, 2.732421875, 3.60546875, 4.6640625, 1.51953125, 5.34765625, 1.498046875, 0.09869384765625, 5.65234375, 3.357421875, 2.640625, 7.71875, 1.201171875, 6.2421875, 5.2109375, 3.41015625, 2.029296875, 1.83984375, 8.7734375, 9.59375, 3.203125, 0.9482421875, 3.765625, 0.07208251953125, 0.56884765625, 2.580078125, 0.56689453125, 6.83203125, 2.4453125, 3.220703125, 0.0201873779296875, 6.60546875, 1.9404296875, 0.355712890625, 4.16796875, 6.6640625, 5.71484375, 0.59326171875, 3.75390625, 3.09375, 3.564453125, 3.626953125, 8.484375, 0.201416015625, 0.07891845703125, 8.2265625, 0.053985595703125, 2.619140625, 1.1826171875, 2.798828125, 2.505859375, 0.01403045654296875, 2.3125, 4.0390625, 0.25, 0.447998046875, 1.064453125, 0.189208984375, 1.7919921875, 7.15234375, 2.95703125, 2.138671875, 6.52734375, 1.4208984375, 0.06414794921875, 3.908203125, 7.546875, 1.130859375, 3.814453125, 6.46484375, 0.83837890625, 1.26171875, 2.58984375, 0.038909912109375, 2.48046875, 7.63671875, 2.78515625, 0.015411376953125, 0.0033473968505859375, 1.8056640625, 8.71875, 1.0087890625, 2.23828125, 11.859375, 7.9609375, 6.859375, 4.34765625, 4.21484375, 0.07965087890625, 2.703125, 12.2890625, 8.953125, 1.19140625, 7.3203125, 1.67578125, 8.296875, 9.1484375, 0.0225982666015625, 0.0026950836181640625, 8.5078125, 4.66015625, 2.2421875, 0.19189453125, 3.900390625, 1.962890625, 6.7421875, 0.75732421875, 0.01061248779296875, 4.28515625, 0.21484375, 0.1334228515625, 0.0014104843139648438, 0.0305328369140625, 0.00736236572265625, 0.0024204254150390625, 6.41796875, 0.07061767578125, 3.900390625, 3.544921875, 2.88671875, 1.9375, 0.004558563232421875, 4.24609375, 6.3359375, 6.6171875, 6.3671875, 8.34375, 1.0439453125, 10.2890625, 0.0254974365234375, 0.055511474609375, 0.001941680908203125, 0.0026073455810546875, 0.007808685302734375, 5.56640625, 9.9296875, 0.53271484375, 4.7265625, 0.0849609375, 0.0450439453125, 1.5595703125, 7.33203125, 6.09765625, 2.431640625, 4.88671875, 2.29296875, 3.0234375, 0.0035247802734375, 0.64306640625, 0.0007276535034179688, 0.5810546875, 4.6484375, 3.25, 6.28515625, 2.29296875, 2.9453125, 0.041168212890625, 0.26416015625, 7.05078125, 1.9638671875, 4.109375, 1.6953125, 0.0216522216796875, 1.5791015625, 0.00351715087890625, 0.0086517333984375, 0.0034637451171875, 0.0139007568359375, 2.19140625, 9.703125, 8.2109375, 0.346435546875, 0.0006771087646484375, 0.01491546630859375, 0.0016431808471679688, 0.212646484375, 0.00083160400390625, 0.85107421875, 6.08203125, 0.24267578125, 0.49462890625, 5.26171875, 0.1954345703125, 2.19140625, 4.33203125, 0.01343536376953125, 0.00064849853515625, 1.6767578125, 5.0625, 4.03125, 5.35546875, 0.19677734375, 2.216796875, 0.763671875, 0.058502197265625, 0.231201171875, 0.439453125, 0.002079010009765625, 0.0005664825439453125, 0.0218505859375, 0.0007772445678710938, 0.71875, 0.35009765625, 0.0010824203491210938, 0.0005321502685546875, 0.0007853507995605469, 5.19921875, 0.66015625, 2.609375, 2.591796875, 0.06304931640625, 6.38671875, 0.060028076171875, 6.125, 10.2578125, 8.46875, 1.7265625, 9.09375, 8.109375, 6.75, 3.677734375, 0.37939453125, 6.80078125, 0.0273590087890625, 0.0005192756652832031, 6.72265625, 4.7421875, 9.171875, 8.4140625, 2.263671875, 2.53515625, 6.80859375, 2.115234375, 6.0859375, 6.02734375, 2.17578125, 7.95703125, 6.078125, 0.2027587890625]",-1.5154499654416687
293,0,test,3.1340385635206305,1.3884581847662323,1.9129225424275733,5.310003162027182,2.352465421857813,3.2410656547866137,22.966544350410008,17.23731871888111,19.57557433367051,38.91222799266358,29.205198036653478,33.16690573632256,3.4525091372542644,1.4846097899465764,2.0874613840985354,5.849588020114738,2.515375136334355,3.536786904664358,31.579530359209503,24.423901161634582,27.66362031461938,53.50521465005962,41.381428393028536,46.87048623254164,3.1175213019584733,1.3546020907300502,1.9094887456410665,5.2820179572042525,2.2951030241902926,3.235247771112066,22.59031561790552,16.76088570068221,19.243422271412943,38.274783456244066,28.3979773270626,32.604140325140065,0.7437185929648241,-0.0012814070351758744,-0.006281407035175879,0.5778894472361809,-0.012110552763819227,-0.007110552763819111,0.4773869346733668,0.002386934673366814,-0.0026130653266331905,0.4233128834355828,0.11703416980618009,0.1784149242519093,0.41538461538461535,0.4371859296482412,0.11387765897154944,0.18009077105057847,0.43939393939393945,0.41137123745819393,0.10419260640644101,0.17666600942704824,0.3959731543624161,26.0,8.0,7.0,38.0,7.0,7.0,46.0,5.0,5.0,-0.0010796119948167989,0.00024320166994044076,-0.0003526876624360736,-0.0004004140563926839,9.393457993667198e-07,0.00013492881151577762,"[3.056640625, 9.4453125, 2.4296875, 1.0791015625, 7.80078125, 0.10479736328125, 0.61669921875, 4.59765625, 4.171875, 0.662109375, 1.0400390625, 9.4921875, 2.49609375, 4.67578125, 0.464111328125, 0.1483154296875, 1.638671875, 0.0241546630859375, 0.07391357421875, 0.343017578125, 2.208984375, 7.9609375, 4.6015625, 1.2998046875, 7.83984375, 0.0458984375, 0.006275177001953125, 0.77734375, 4.3203125, 5.09375, 1.37890625, 6.48046875, 6.05078125, 1.38671875, 6.40234375, 6.46875, 6.8046875, 1.826171875, 1.2275390625, 10.6875, 7.34375, 2.1953125, 0.73486328125, 1.197265625, 4.1015625, 1.1435546875, 4.59765625, 3.037109375, 4.76171875, 4.0859375, 0.0011653900146484375, 6.9296875, 2.73828125, 1.673828125, 0.49853515625, 7.2109375, 1.865234375, 0.93359375, 1.861328125, 1.0673828125, 0.287109375, 5.73046875, 0.031951904296875, 7.78125, 11.234375, 0.266845703125, 4.265625, 1.9521484375, 5.3125, 0.3427734375, 3.94140625, 5.44140625, 0.0146484375, 0.8876953125, 4.77734375, 6.1640625, 1.3369140625, 1.181640625, 5.1328125, 2.44921875, 0.62646484375, 2.783203125, 1.7314453125, 3.8828125, 0.2724609375, 6.73828125, 0.2900390625, 6.4453125, 4.89453125, 1.619140625, 3.111328125, 3.09765625, 3.533203125, 0.5, 2.45703125, 6.921875, 6.8125, 1.341796875, 8.6015625, 7.31640625, 2.646484375, 4.08984375, 1.1298828125, 5.390625, 0.155517578125, 8.6484375, 6.9921875, 10.3203125, 2.21484375, 1.998046875, 1.8349609375, 1.56640625, 3.498046875, 7.109375, 2.470703125, 5.56640625, 4.40625, 7.01171875, 0.0055694580078125, 0.66650390625, 3.92578125, 9.296875, 0.76708984375, 1.916015625, 3.73828125, 1.12109375, 0.386474609375, 6.0078125, 3.279296875, 4.828125, 0.0258941650390625, 2.7578125, 5.05859375, 4.0078125, 7.171875, 5.765625, 9.5, 2.94140625, 9.3984375, 4.6328125, 9.6796875, 9.34375, 2.626953125, 0.78857421875, 6.33984375, 5.3671875, 5.76171875, 1.271484375, 3.884765625, 3.669921875, 8.5, 2.0390625, 0.67333984375, 5.14453125, 1.775390625, 1.3203125, 2.60546875, 5.5, 8.484375, 0.00475311279296875, 0.004241943359375, 2.1171875, 2.849609375, 0.0008921623229980469, 0.00797271728515625, 0.1455078125, 12.0390625, 3.42578125, 6.828125, 5.84765625, 2.26953125, 6.39453125, 7.43359375, 1.560546875, 8.5390625, 0.004791259765625, 0.3623046875, 0.0008211135864257812, 0.0029277801513671875, 0.00688934326171875, 1.6748046875, 0.0031070709228515625, 0.00620269775390625, 4.71484375, 2.234375, 1.203125, 4.1796875, 9.515625, 7.1484375, 1.17578125, 0.00885772705078125, 1.935546875, 0.00653839111328125, 0.005970001220703125, 3.72265625, 0.007793426513671875, 2.96875, 3.0703125, 0.9052734375, 1.1171875, 0.0295562744140625, 3.62890625, 1.36328125, 0.00015628337860107422, 2.6328125, 0.0245361328125, 0.006778717041015625, 5.859375, 4.0703125, 0.0231170654296875, 3.322265625, 0.509765625, 4.36328125, 0.67626953125, 3.63671875, 0.1446533203125, 7.9609375, 4.796875, 2.234375, 0.046630859375, 0.0005497932434082031, 0.493408203125, 0.1492919921875, 0.828125, 3.24249267578125e-05, 5.01953125, 0.002826690673828125, 3.53515625, 0.0005893707275390625, 0.04058837890625, 3.44921875, 4.51953125, 0.2125244140625, 0.0030384063720703125, 9.734375, 0.003170013427734375, 0.0081939697265625, 7.7734375, 0.537109375, 4.05078125, 2.955078125, 0.01024627685546875, 0.020538330078125, 0.4921875, 8.984375, 1.0078125, 0.0002472400665283203, 7.00390625, 3.66796875, 1.625, 6.03125, 1.13671875, 1.25390625, 6.6171875, 0.0040283203125, 2.375, 0.019989013671875, 2.501953125, 4.47265625, 3.3203125, 0.0792236328125, 0.39697265625, 0.38818359375, 0.0012273788452148438, 0.004306793212890625, 0.0004284381866455078, 10.4921875, 0.442138671875, 6.5234375, 5.0390625, 0.06695556640625, 0.039794921875, 0.01351165771484375, 0.61474609375, 0.01096343994140625, 7.7265625, 3.845703125, 0.71923828125, 6.4921875, 3.11328125, 8.484375, 6.44140625, 6.55078125, 2.13671875, 0.94921875, 5.37109375, 0.1365966796875, 0.259765625, 0.84130859375, 0.02960205078125, 4.328125, 3.01953125, 4.90234375, 0.10211181640625, 0.78955078125, 2.806640625, 0.9091796875, 10.7734375, 0.031585693359375, 5.95703125, 0.1573486328125, 0.01226043701171875, 0.005939483642578125, 2.830078125, 2.166015625, 6.30859375, 5.203125, 3.166015625, 1.5849609375, 6.26171875, 5.20703125, 0.45947265625, 5.1015625, 1.6103515625, 0.8720703125, 3.78125, 3.365234375, 0.0284423828125, 7.33984375, 2.1796875, 6.41796875, 0.7802734375, 5.3359375, 5.66015625, 0.01171112060546875, 4.6328125]",-1.410797480790893
242,0,test,3.443624908961947,1.5628425086985287,2.140768334846798,6.3593949048713325,2.886125216793633,3.9533896986586847,31.30021319804186,24.741578865532425,27.620419927516714,57.8025834971138,45.69065294145769,51.00705285884474,3.5492019126163656,1.5656011554405471,2.1843964251762595,6.554365575853581,2.891219652017945,4.033958361821852,34.78554450224147,27.516675149179022,30.870583033492274,64.23899824136564,50.81546578644009,57.00917888666821,3.443624908961947,1.5628425086985287,2.140768334846798,6.3593949048713325,2.886125216793633,3.9533896986586847,31.30021319804186,24.741578865532425,27.620419927516714,57.8025834971138,45.69065294145769,51.00705285884474,0.7537688442211055,0.0037688442211054607,-0.0012311557788945438,0.5728643216080402,-0.0021356783919597166,-0.0021356783919597166,0.4623115577889447,-0.007688442211055246,-0.01268844221105525,0.41666666666666663,0.10775577557755767,0.16996481970096744,0.40239043824701193,0.4120603015075377,0.09877709348748753,0.15997349015528395,0.41414141414141414,0.41666666666666663,0.10775577557755767,0.16996481970096744,0.40239043824701193,26.0,5.0,4.0,36.0,5.0,4.0,44.0,2.0,3.0,-0.00043831151035873166,-3.7885307860560166e-05,-0.00018286270501083733,5.857619511928647e-05,0.00012331829868550415,-0.00012440840417138332,"[3.0625, 9.453125, 2.48046875, 1.494140625, 1.81640625, 9.234375, 4.8125, 0.309326171875, 1.2587890625, 5.69921875, 7.08203125, 1.1162109375, 1.365234375, 1.4189453125, 0.191162109375, 0.0265655517578125, 9.75, 5.66015625, 12.5625, 2.625, 1.0888671875, 0.96630859375, 0.1876220703125, 4.875, 6.9921875, 3.30078125, 7.33984375, 4.67578125, 2.384765625, 5.96875, 8.390625, 10.3125, 0.02606201171875, 8.53125, 0.064453125, 3.75, 1.966796875, 4.73828125, 3.146484375, 5.390625, 7.74609375, 1.255859375, 0.070556640625, 7.29296875, 3.607421875, 6.62890625, 5.59765625, 0.09930419921875, 0.96923828125, 4.02734375, 2.23046875, 4.87109375, 1.6943359375, 0.29296875, 2.376953125, 11.34375, 1.9853515625, 2.2734375, 0.363037109375, 1.390625, 0.434814453125, 4.32421875, 3.33984375, 0.5673828125, 2.837890625, 0.04705810546875, 0.94775390625, 11.3125, 7.19921875, 8.3828125, 3.97265625, 5.578125, 0.031585693359375, 4.38671875, 1.451171875, 6.3515625, 2.080078125, 6.4609375, 3.53515625, 0.365478515625, 1.0810546875, 7.47265625, 1.1767578125, 5.93359375, 2.171875, 2.693359375, 0.11639404296875, 0.398681640625, 0.323974609375, 1.0908203125, 2.173828125, 1.6767578125, 0.1304931640625, 0.802734375, 0.9111328125, 6.57421875, 12.4921875, 2.99609375, 0.61376953125, 2.267578125, 5.64453125, 10.5078125, 0.953125, 0.454345703125, 3.6328125, 3.634765625, 0.8720703125, 1.2412109375, 1.4072265625, 5.35546875, 3.71875, 2.703125, 3.25390625, 5.35546875, 1.4375, 3.1484375, 5.6171875, 2.173828125, 6.046875, 0.429931640625, 7.6875, 6.12890625, 5.6875, 0.266845703125, 0.347412109375, 1.7373046875, 0.01071929931640625, 0.09722900390625, 0.32861328125, 5.73046875, 0.0733642578125, 1.1591796875, 2.07421875, 5.05859375, 4.8984375, 0.8271484375, 1.7998046875, 7.0390625, 0.93359375, 7.00390625, 1.1474609375, 5.1875, 6.2578125, 6.10546875, 2.93359375, 1.248046875, 8.5546875, 1.111328125, 5.03515625, 0.1942138671875, 9.4453125, 3.83984375, 1.8681640625, 7.66796875, 3.5703125, 1.3779296875, 7.6328125, 2.375, 0.74462890625, 9.6640625, 8.1171875, 7.5390625, 2.017578125, 3.814453125, 3.3984375, 0.0035724639892578125, 0.279296875, 5.3828125, 0.89990234375, 2.048828125, 5.2890625, 7.828125, 4.33984375, 0.77734375, 1.0478515625, 11.90625, 0.0129547119140625, 0.0014753341674804688, 0.253173828125, 0.03204345703125, 0.7216796875, 1.859375, 6.36328125, 6.89453125, 0.42138671875, 6.76171875, 1.0849609375, 1.857421875, 5.08203125, 8.9453125, 7.56640625, 2.48828125, 1.7763671875, 1.236328125, 6.0, 7.62109375, 0.0305938720703125, 8.90625, 1.0224609375, 4.73828125, 1.318359375, 4.1171875, 0.054412841796875, 2.888671875, 5.87109375, 3.892578125, 4.546875, 3.013671875, 2.875, 0.0116119384765625, 0.208740234375, 0.033477783203125, 2.76171875, 7.4375, 7.73046875, 4.23828125, 0.86279296875, 5.828125, 2.513671875, 4.72265625, 0.473388671875, 2.208984375, 1.11328125, 3.544921875, 7.09765625, 4.07421875, 6.4453125, 3.1171875, 0.3896484375, 0.8076171875, 7.40234375, 0.646484375, 1.1748046875, 2.998046875, 0.46484375, 2.974609375, 0.85595703125, 0.67626953125, 1.994140625, 1.2265625, 8.609375, 1.990234375, 1.6435546875, 0.8798828125, 4.80859375, 7.859375, 0.061737060546875, 4.453125, 1.58984375, 2.076171875, 1.5302734375, 0.53369140625]",-0.9093928980448891
468,0,test,3.42171376359229,1.5331050144601894,2.129455976551788,6.1687234047861,2.7639076317028763,3.839019225332801,30.62184868817267,24.01168280636643,26.98085080779038,55.20558636740988,43.2886675945761,48.64153385066434,3.338701274526778,1.4625707572627202,2.0501411730224604,6.019067086470812,2.636747280698989,3.696029156998238,28.18250159485417,21.65430640733267,24.55494211886287,50.80789019917371,39.03874957941664,44.26806466499221,3.4349622894735896,1.5401652092899072,2.1483337208193243,6.192608071163654,2.7766358702691285,3.873052341758781,31.030242376689326,24.37904376900186,27.409682888461955,55.94184541149625,43.950952146932934,49.41463957356522,0.7185929648241206,-0.011407035175879376,-0.011407035175879376,0.5829145728643217,0.0029145728643216184,0.0029145728643216184,0.4623115577889447,0.007311557788944767,-0.002688442211055242,0.44705882352941173,0.12024864740416707,0.1954290973234143,0.44881889763779526,0.42211055276381915,0.10882734474376898,0.1683542923297624,0.41414141414141414,0.44705882352941173,0.13199033037872676,0.2045555640769997,0.44881889763779526,27.0,9.0,9.0,37.0,9.0,8.0,47.0,10.0,10.0,-8.688533376554841e-05,0.00011209665975439122,-7.42548643740355e-05,7.936596070123869e-05,0.0001398081572467902,-0.00011389473326595123,"[3.056640625, 9.4453125, 2.4296875, 1.0791015625, 0.80224609375, 4.9921875, 5.1484375, 6.34375, 6.79296875, 8.6484375, 5.92578125, 0.84228515625, 10.4296875, 6.64453125, 1.466796875, 6.27734375, 2.443359375, 5.6953125, 2.0703125, 1.9775390625, 0.70166015625, 1.1884765625, 0.1845703125, 1.02734375, 4.5, 5.39453125, 0.038299560546875, 2.30078125, 0.1661376953125, 1.400390625, 6.26171875, 0.0355224609375, 0.222900390625, 4.7421875, 9.109375, 8.3828125, 2.255859375, 1.560546875, 11.8984375, 2.171875, 0.9267578125, 6.8984375, 1.46875, 5.140625, 3.291015625, 2.828125, 0.10552978515625, 2.0, 1.4150390625, 4.21484375, 10.2578125, 0.7158203125, 4.16796875, 3.84375, 6.3203125, 0.92138671875, 0.382568359375, 6.49609375, 5.1015625, 6.11328125, 8.125, 1.146484375, 1.259765625, 0.10382080078125, 0.78173828125, 4.38671875, 2.5859375, 3.166015625, 4.8046875, 0.439208984375, 0.1241455078125, 3.029296875, 2.09765625, 3.59765625, 0.055938720703125, 5.2265625, 0.0128631591796875, 0.29931640625, 6.0625, 1.6728515625, 0.037261962890625, 2.181640625, 3.02734375, 4.0859375, 0.32958984375, 3.833984375, 2.078125, 3.15625, 1.1689453125, 6.33984375, 8.234375, 7.890625, 3.53515625, 6.30859375, 1.1005859375, 0.272216796875, 2.28125, 4.109375, 11.234375, 2.32421875, 1.2001953125, 6.18359375, 1.0263671875, 6.9609375, 0.1767578125, 1.0478515625, 0.0007290840148925781, 6.61328125, 2.0546875, 1.57421875, 0.7236328125, 0.34814453125, 0.0177459716796875, 6.07421875, 9.28125, 0.98681640625, 5.76953125, 7.00390625, 0.36474609375, 6.703125, 0.2318115234375, 7.3046875, 6.80078125, 0.037261962890625, 2.65625, 0.99560546875, 2.802734375, 3.943359375, 0.322021484375, 2.4609375, 1.5361328125, 5.5859375, 0.7890625, 6.68359375, 4.203125, 2.4375, 2.384765625, 3.48046875, 3.966796875, 2.53125, 1.3583984375, 4.41796875, 0.188232421875, 4.21875, 0.58837890625, 0.94091796875, 3.068359375, 2.025390625, 0.30029296875, 4.22265625, 4.8671875, 0.006580352783203125, 0.234619140625, 1.07421875, 2.064453125, 7.30078125, 0.13720703125, 6.8671875, 3.796875, 8.609375, 7.0234375, 0.0171966552734375, 0.24560546875, 1.560546875, 1.3017578125, 2.98828125, 0.022125244140625, 7.12109375, 2.32421875, 2.869140625, 0.77392578125, 2.640625, 7.00390625, 3.546875, 7.61328125, 0.63037109375, 1.2001953125, 5.1328125, 0.111083984375, 5.8359375, 9.375, 9.1640625, 0.74267578125, 3.685546875, 0.0030307769775390625, 0.13916015625, 0.982421875, 4.90234375, 1.9482421875, 5.8515625, 4.55078125, 1.2275390625, 6.53515625, 2.865234375, 6.484375, 5.48046875, 0.18408203125, 1.2451171875, 6.8984375, 0.88232421875, 2.177734375, 0.0023632049560546875, 0.83837890625, 5.23828125, 4.0703125, 11.2265625, 1.6787109375, 1.921875, 0.685546875, 4.40625, 8.375, 6.49609375, 6.390625, 3.60546875, 0.364990234375, 3.787109375, 0.42529296875, 10.8125, 2.41796875, 0.0012826919555664062, 4.0625, 0.00255584716796875, 0.2203369140625, 0.82275390625, 10.296875, 4.35546875, 2.126953125, 4.0078125, 7.60546875, 0.28271484375, 4.44140625, 2.28515625, 0.1209716796875, 4.828125, 2.3515625, 6.6875, 7.22265625, 8.3359375, 2.630859375, 3.638671875, 3.943359375, 3.83203125, 3.7734375, 7.171875, 1.03125, 3.6015625, 9.3203125, 4.01171875, 0.0027217864990234375, 0.4580078125, 5.50390625, 3.171875, 0.1397705078125, 7.13671875, 2.353515625]",-1.2112231909060012
377,0,test,3.142802074202726,1.371013526849252,1.8930700288391946,6.202898830663274,2.705947750360366,3.7363224253405156,23.16869639419662,17.287333337829935,19.67928856502152,45.72769025170385,34.119736850980125,38.84070111517405,3.4780942351374793,1.555542636971016,2.1359828313028384,6.864659674613446,3.070149941390163,4.215755588097707,32.397920386533414,25.559535348773686,28.570804819372864,63.943263920789626,50.44645134626384,56.389746354025384,3.142802074202726,1.371013526849252,1.8930700288391946,6.202898830663274,2.705947750360366,3.7363224253405156,23.16869639419662,17.287333337829935,19.67928856502152,45.72769025170385,34.119736850980125,38.84070111517405,0.7437185929648241,-0.0012814070351758744,-0.006281407035175879,0.5778894472361809,-0.002110552763819218,0.0028894472361808976,0.4522613065326633,-0.007738693467336688,-0.0027386934673366836,0.3913043478260869,0.082456267692531,0.14881269042897904,0.37583892617449666,0.42211055276381915,0.10381481341544818,0.1683542923297624,0.4292929292929293,0.3913043478260869,0.082456267692531,0.14881269042897904,0.37583892617449666,19.0,3.0,2.0,29.0,2.0,2.0,37.0,2.0,0.0,-0.0011086095877790635,-4.7528258028612606e-05,-0.00021048716168287854,-0.0005070350734097673,-0.00010364583054389698,4.030577335889518e-05,"[3.0625, 9.453125, 2.48046875, 1.494140625, 1.81640625, 5.23046875, 0.416748046875, 10.2109375, 0.053314208984375, 2.408203125, 8.5546875, 1.1259765625, 1.3359375, 5.8203125, 1.4443359375, 3.455078125, 0.5439453125, 5.25390625, 0.61474609375, 0.00925445556640625, 4.70703125, 1.4873046875, 1.869140625, 8.890625, 2.900390625, 2.123046875, 1.4921875, 3.52734375, 7.14453125, 2.234375, 0.62060546875, 8.3359375, 5.8828125, 4.0078125, 0.501953125, 2.7734375, 5.0703125, 1.103515625, 5.6875, 1.2255859375, 1.984375, 1.6728515625, 0.027099609375, 1.2978515625, 6.6796875, 0.1864013671875, 6.484375, 1.546875, 4.234375, 6.41015625, 0.432861328125, 1.490234375, 1.3134765625, 0.07586669921875, 1.8291015625, 0.287353515625, 6.375, 1.837890625, 2.083984375, 1.984375, 0.0070037841796875, 3.330078125, 1.0390625, 2.416015625, 7.25390625, 9.6015625, 2.775390625, 5.32421875, 6.76953125, 5.09765625, 2.015625, 2.474609375, 4.7421875, 1.7587890625, 1.15625, 1.048828125, 2.798828125, 11.5, 1.984375, 16.0, 5.171875, 2.466796875, 4.8515625, 0.41796875, 0.6669921875, 4.95703125, 0.7890625, 6.22265625, 0.2213134765625, 0.79541015625, 4.7578125, 2.5625, 1.8896484375, 4.46875, 8.1171875, 8.796875, 0.456298828125, 4.5859375, 4.0703125, 5.93359375, 4.640625, 2.623046875, 2.796875, 0.353759765625, 4.515625, 0.239501953125, 2.810546875, 4.58203125, 6.14453125, 3.4140625, 0.12158203125, 4.42578125, 3.0703125, 3.767578125, 2.859375, 7.1328125, 1.23828125, 9.953125, 3.318359375, 4.83984375, 4.40625, 6.95703125, 0.91357421875, 1.8828125, 4.58203125, 5.35546875, 3.99609375, 3.931640625, 5.55859375, 9.65625, 0.03814697265625, 6.83984375, 6.44921875, 3.212890625, 0.8984375, 1.1455078125, 0.9970703125, 4.125, 0.479736328125, 10.3984375, 9.6796875, 0.86767578125, 1.1533203125, 0.01206207275390625, 0.9326171875, 4.41015625, 1.404296875, 0.72216796875, 4.66015625, 1.412109375, 7.2109375, 3.716796875, 2.306640625, 2.482421875, 6.421875, 4.69921875, 0.01715087890625, 5.58984375, 8.875, 0.72021484375, 5.2109375, 0.006504058837890625, 0.488037109375, 2.98828125, 0.7490234375, 2.810546875, 4.98828125, 14.15625, 0.220458984375, 0.2249755859375, 10.1015625, 5.625, 8.0625, 0.324462890625, 0.38623046875, 0.035125732421875, 0.277099609375, 12.2265625, 0.003917694091796875, 1.359375, 0.016357421875, 4.90625, 5.671875, 4.49609375, 3.98828125, 1.2177734375, 3.251953125, 0.399169921875, 12.2421875, 0.007274627685546875, 0.77880859375, 0.60888671875, 0.89599609375, 1.3974609375, 4.11328125, 0.716796875, 5.24609375, 2.892578125, 0.261474609375, 0.91064453125, 8.7421875, 0.11395263671875, 2.22265625, 7.30859375, 0.059478759765625, 2.291015625, 3.630859375, 10.4453125, 0.3515625, 0.13134765625, 6.62890625, 11.09375, 0.00940704345703125, 0.1575927734375, 0.0025691986083984375, 0.007053375244140625, 0.00803375244140625, 1.15234375, 3.81640625, 3.814453125, 2.6015625, 8.1171875, 2.671875, 0.88916015625, 2.478515625, 7.21875, 9.0078125, 2.130859375, 0.34765625, 4.3515625, 6.3125, 0.576171875, 9.0390625, 2.38671875, 0.00339508056640625, 1.1279296875, 0.00237274169921875, 0.0020465850830078125, 0.0034427642822265625, 0.00891876220703125, 9.109375, 4.9921875, 0.52783203125, 0.00089263916015625, 0.003887176513671875, 0.0004169940948486328, 0.128173828125, 0.0016717910766601562, 1.0302734375, 2.58984375, 3.794921875, 0.0244903564453125, 4.24609375, 7.4296875, 3.958984375, 0.9013671875, 0.270263671875, 11.59375, 1.3642578125, 0.41650390625, 0.003459930419921875, 0.00318145751953125, 0.0216217041015625, 0.0009632110595703125, 0.452392578125, 1.38671875, 0.470703125, 0.09429931640625, 2.23046875, 0.028900146484375, 0.00020599365234375, 0.00455474853515625, 0.0012073516845703125, 0.0003521442413330078, 11.03125, 3.05078125, 2.5703125, 6.203125, 0.386962890625, 2.521484375, 0.07391357421875, 0.0635986328125, 0.77734375, 1.7744140625, 0.1466064453125, 1.119140625, 3.1015625, 2.771484375, 5.2734375, 3.5546875, 3.693359375, 5.82421875, 2.189453125, 1.7939453125, 1.048828125, 0.58740234375, 0.75390625, 8.7734375, 0.13623046875]",-1.2408186647804285
108,0,test,3.067086380563284,1.2928147543726853,1.8026895080532714,5.168294729678463,2.17850000046226,3.037681215227889,21.479229116451116,15.583244025626456,17.93827267267778,36.19428110783199,26.259057612243474,30.227476050644874,3.3332732658290385,1.3346492529464904,1.931583719493917,5.616841691037883,2.248994597506517,3.254878643346103,28.0299411553469,20.65104531062599,23.967883949079393,47.2327737700597,34.7987227609996,40.387870742923845,3.049947181274261,1.3011716662592432,1.79865036600143,5.139413758500827,2.1925820895528685,3.0308749261350063,21.114229166408133,15.366668602613487,17.619356942715577,35.579225943394924,25.89411007622715,29.69007661617818,0.6733668341708543,-0.0066331658291456375,-0.001633165829145744,0.542713567839196,-0.017286432160804055,-0.007286432160804046,0.457286432160804,-0.0027135678391959628,-0.007713567839195967,0.4078947368421053,0.08605565638233514,0.15187723137164577,0.36633663366336633,0.4120603015075377,0.09125829649500639,0.13827065209184486,0.36363636363636365,0.4046822742474916,0.09249529595032968,0.1477301051707396,0.35906040268456374,21.0,6.0,7.0,33.0,11.0,12.0,43.0,11.0,12.0,-0.0018521745102954951,-0.0004917136137602393,-0.0002170116363160072,-0.00048729044062767457,-8.427820529455232e-05,5.782855820246624e-05,"[3.0625, 9.453125, 2.48046875, 1.494140625, 11.8203125, 0.78466796875, 1.47265625, 4.921875, 3.0, 11.359375, 5.0546875, 4.4375, 5.9375, 0.00902557373046875, 8.4921875, 7.40234375, 10.4296875, 3.353515625, 0.875, 9.15625, 0.6103515625, 2.84765625, 3.63671875, 2.80859375, 5.44921875, 0.6435546875, 1.609375, 6.64453125, 7.703125, 3.85546875, 0.373779296875, 3.875, 1.9248046875, 5.99609375, 3.044921875, 0.0005550384521484375, 6.62890625, 0.32373046875, 0.443359375, 4.7578125, 2.259765625, 1.8212890625, 2.603515625, 3.77734375, 3.2578125, 6.6484375, 0.045989990234375, 1.4072265625, 1.3203125, 6.30859375, 0.1607666015625, 0.576171875, 2.201171875, 0.1837158203125, 3.17578125, 6.89453125, 4.92578125, 0.1298828125, 5.4453125, 2.1640625, 3.30859375, 3.04296875, 1.556640625, 3.416015625, 5.8515625, 1.482421875, 1.416015625, 8.8046875, 0.70849609375, 1.4482421875, 12.2421875, 2.275390625, 4.609375, 1.1796875, 4.3203125, 5.8359375, 0.962890625, 0.5791015625, 0.353759765625, 0.2276611328125, 5.546875, 0.8203125, 8.8046875, 8.71875, 11.4140625, 2.8046875, 7.53125, 0.92138671875, 8.59375, 3.033203125, 1.8212890625, 1.904296875, 6.578125, 5.8515625, 0.1563720703125, 1.15234375, 5.23828125, 6.6796875, 5.08984375, 9.1875, 1.23828125, 2.373046875, 4.92578125, 2.95703125, 1.240234375, 2.951171875, 1.724609375, 0.0017347335815429688, 13.453125, 5.93359375, 0.07855224609375, 2.2109375, 4.3515625, 13.109375, 4.63671875, 14.1796875, 1.6826171875, 5.40625, 0.13916015625, 0.86083984375, 6.9453125, 4.2265625, 5.04296875, 1.716796875, 5.89453125, 1.8115234375, 4.19140625, 0.003612518310546875, 0.051849365234375, 0.0003209114074707031, 0.00226593017578125, 0.003162384033203125, 8.625, 8.84375, 6.81640625, 0.35400390625, 0.08599853515625, 0.2034912109375, 6.0859375, 2.337890625, 6.921875, 4.3984375, 3.400390625, 4.89453125, 0.1175537109375, 0.20458984375, 5.79296875, 1.6337890625, 8.8125, 11.328125, 1.390625, 0.11676025390625, 1.6005859375, 0.0006475448608398438, 0.0201568603515625, 0.0035648345947265625, 0.037506103515625, 4.4921875, 0.051361083984375, 0.0009150505065917969, 0.012054443359375, 0.0029125213623046875, 0.21728515625, 0.0007610321044921875, 0.52978515625, 4.58203125, 5.421875, 0.406494140625, 4.37109375, 4.28515625, 10.2109375, 0.0303192138671875, 3.185546875, 2.873046875, 3.5625, 7.3671875, 0.003437042236328125, 0.00870513916015625, 0.20068359375, 0.465087890625, 2.623046875, 2.208984375, 1.4658203125, 0.339111328125, 0.0021305084228515625, 0.002155303955078125, 0.0225372314453125, 0.001728057861328125, 1.2216796875, 0.40771484375, 0.0020503997802734375, 0.0012645721435546875, 0.0009555816650390625, 1.703125, 5.89453125, 0.03802490234375, 4.4765625, 3.912109375, 3.37890625, 0.040618896484375, 0.62109375, 0.101318359375, 0.482421875, 0.200927734375, 5.921875, 1.4169921875, 1.4609375, 0.99072265625, 1.3466796875, 2.412109375, 0.89892578125, 1.935546875, 0.02020263671875, 5.625, 6.078125, 2.14453125, 3.466796875, 2.173828125, 3.775390625, 1.583984375, 2.056640625, 0.90625, 1.923828125, 4.4140625, 1.947265625, 2.513671875, 4.140625, 5.3984375, 0.472900390625, 2.791015625, 2.017578125, 3.328125, 0.06427001953125, 2.525390625, 0.1302490234375, 8.9921875, 0.447265625, 1.2265625, 4.875, 3.369140625, 6.296875, 2.359375, 4.7421875, 3.734375, 0.55029296875, 6.84765625, 1.40625, 0.2208251953125, 9.2734375, 0.681640625, 0.56396484375, 0.014373779296875, 0.0247955322265625, 0.008636474609375, 0.005397796630859375, 5.2734375, 3.234375, 3.298828125, 2.232421875, 0.05718994140625, 1.0302734375, 1.529296875, 2.4140625, 1.060546875, 0.08807373046875, 6.01171875, 2.20703125, 0.438720703125, 1.13671875, 3.1796875, 1.5419921875, 0.88916015625, 1.5966796875, 7.89453125, 3.033203125, 5.4296875, 1.1103515625, 4.0531158447265625e-06, 5.44921875, 4.7265625, 0.0271759033203125, 0.00434112548828125, 2.587890625, 0.0014276504516601562, 0.176513671875, 0.00499725341796875, 6.9296875, 4.5, 3.21484375, 3.580078125, 3.705078125, 1.1279296875, 6.5859375, 0.90087890625, 2.607421875, 0.161865234375, 0.74462890625, 6.86328125, 4.0703125, 6.13671875, 7.328125, 3.60546875, 0.059661865234375, 3.330078125]",-1.674690562643503
236,0,test,3.273075118545414,1.464289874846984,2.0250384282586595,6.471194318345513,2.8950463937814415,4.003701930679335,26.392374363123267,20.2893451288528,22.90887730738069,52.18034320648035,40.11404876620516,45.29312383672976,3.34437107680431,1.4660779948730067,2.047699372227025,6.61215350299478,2.8985816845199137,4.0485048657007585,28.342744650531237,21.800416542587083,24.68564018533468,56.036418812882374,43.10158690480958,48.805960366425055,3.273075118545414,1.464289874846984,2.0250384282586595,6.471194318345513,2.8950463937814415,4.003701930679335,26.392374363123267,20.2893451288528,22.90887730738069,52.18034320648035,40.11404876620516,45.29312383672976,0.7236180904522613,-0.0013819095477386467,-0.0013819095477386467,0.5879396984924623,0.007939698492462233,0.0029396984924623393,0.457286432160804,0.0022864321608040417,0.0022864321608040417,0.4263565891472868,0.11687883286101985,0.18666586749780223,0.40077821011673154,0.4321608040201005,0.10384000201508792,0.17005729817702875,0.398989898989899,0.4263565891472868,0.11687883286101985,0.18666586749780223,0.40077821011673154,25.0,7.0,7.0,33.0,1.0,1.0,45.0,7.0,6.0,0.0001675349184489108,3.598906722258342e-05,-9.750334460417461e-05,0.00010015572628230274,0.00015629801580718805,-0.00010338106235963096,"[3.0625, 9.453125, 2.48046875, 1.494140625, 5.81640625, 3.00390625, 6.65625, 5.0234375, 4.25, 7.69921875, 3.16796875, 1.87109375, 7.0625, 4.25, 1.201171875, 3.671875, 1.544921875, 3.44921875, 0.002597808837890625, 1.494140625, 4.92578125, 5.8359375, 6.77734375, 2.244140625, 1.482421875, 6.45703125, 0.285400390625, 0.0276336669921875, 1.328125, 0.5380859375, 7.52734375, 3.54296875, 2.8828125, 1.2900390625, 3.75390625, 6.39453125, 9.2578125, 1.4443359375, 5.70703125, 6.6171875, 1.05859375, 6.16796875, 0.06634521484375, 1.9365234375, 2.40234375, 6.6484375, 1.4052734375, 4.11328125, 0.357177734375, 3.423828125, 11.1953125, 5.12109375, 10.25, 5.046875, 0.1199951171875, 0.06707763671875, 0.002269744873046875, 2.458984375, 0.96875, 6.2734375, 1.1328125, 6.9140625, 6.51171875, 4.94921875, 3.75, 0.611328125, 8.515625, 0.6005859375, 0.00849151611328125, 2.736328125, 11.9453125, 0.447998046875, 0.021331787109375, 2.650390625, 1.33984375, 0.344482421875, 7.46875, 0.56201171875, 1.978515625, 5.3515625, 4.3671875, 0.765625, 2.3515625, 4.58984375, 3.7109375, 2.958984375, 0.398681640625, 0.048431396484375, 0.01470184326171875, 0.003570556640625, 0.91796875, 4.7578125, 0.264892578125, 0.185302734375, 6.57421875, 4.79296875, 4.05859375, 0.487548828125, 4.40234375, 1.4912109375, 2.30078125, 1.91796875, 0.78466796875, 3.626953125, 2.533203125, 0.09747314453125, 0.00313568115234375, 0.382568359375, 4.765625, 3.06640625, 1.333984375, 0.7890625, 4.51953125, 6.2265625, 4.8984375, 0.319091796875, 0.87744140625, 0.1485595703125, 7.3359375, 1.0810546875, 5.40234375, 0.022857666015625, 2.072265625, 0.9140625, 6.1640625, 12.3984375, 1.171875, 6.140625, 1.767578125, 1.2021484375, 2.02734375, 1.7021484375, 0.08099365234375, 3.103515625, 1.091796875, 5.12109375, 6.47265625, 1.8642578125, 3.5859375, 0.64892578125, 2.927734375, 0.145751953125, 5.87109375, 0.6181640625, 12.1484375, 0.59912109375, 6.64453125, 0.007053375244140625, 2.75390625, 2.0546875, 0.93701171875, 5.78515625, 3.076171875, 0.9560546875, 6.70703125, 0.1605224609375, 3.72265625, 9.0546875, 6.33984375, 6.23828125, 2.4453125, 8.8046875, 1.322265625, 2.6484375, 6.72265625, 2.111328125, 8.0625, 4.140625, 1.4931640625, 0.1988525390625, 0.9755859375, 5.234375, 0.6015625, 3.666015625, 0.0511474609375, 9.8359375, 7.68359375, 0.1361083984375, 2.66015625, 1.990234375, 6.9765625, 5.1015625, 3.673828125, 5.79296875, 0.1456298828125, 0.7255859375, 5.4921875, 2.791015625, 0.01959228515625, 1.935546875, 3.974609375, 6.875, 6.86328125, 1.2060546875, 0.0718994140625, 0.02520751953125, 3.228515625, 4.546875, 4.8203125, 2.0625, 1.65625, 1.103515625, 1.31640625, 0.0291595458984375, 0.302734375, 1.0546875, 0.1173095703125, 0.31494140625, 0.59228515625, 11.8984375, 0.413818359375, 5.2421875, 0.478515625, 0.634765625, 4.80859375, 0.307373046875, 8.4453125, 6.20703125, 3.74609375, 4.375, 4.4765625, 0.28955078125, 7.26953125, 1.8779296875, 1.0546875, 8.3359375, 0.0145111083984375, 1.03515625, 6.46875, 0.2447509765625, 2.353515625, 9.5625, 2.51953125, 3.443359375, 0.216064453125, 0.5166015625, 4.3671875, 0.0249786376953125, 4.9765625, 8.265625, 0.57861328125, 9.578125, 4.00390625, 0.9375, 6.734375, 1.4072265625, 2.25, 5.3125, 1.1181640625, 0.5205078125, 7.76953125, 1.3125, 0.625, 5.97265625, 0.319091796875, 0.200439453125, 5.890625, 6.69921875]",-0.6922230572663537
40,0,test,3.432894036625371,1.5028251308977465,2.1117869020645768,5.945862220298845,2.6029324162608027,3.6576701244909335,30.966130312346845,24.07614532769331,27.218562168813047,53.634147273019046,41.70051314927272,47.14326127278077,3.6972872767616156,1.6199352187405673,2.2335715503358844,6.403798224456393,2.8057701501062113,3.8686043192092114,40.33773070629311,32.354429123952634,36.0157416481093,69.8660041644946,56.03871711011404,62.38020612254224,3.432894036625371,1.5028251308977465,2.1117869020645768,5.945862220298845,2.6029324162608027,3.6576701244909335,30.966130312346845,24.07614532769331,27.218562168813047,53.634147273019046,41.70051314927272,47.14326127278077,0.7587939698492463,-0.01120603015075372,-0.006206030150753716,0.6432160804020101,-0.0067839195979899625,0.00821608040201005,0.507537688442211,-0.012462311557788985,-0.007462311557788981,0.4204545454545454,0.08586097267571746,0.1698248225326311,0.3840304182509505,0.42713567839195976,0.08878981373030559,0.16503217254888802,0.398989898989899,0.4204545454545454,0.08586097267571746,0.1698248225326311,0.3840304182509505,22.0,1.0,1.0,38.0,3.0,4.0,44.0,1.0,0.0,-0.0006832192697454266,-0.0005107899797124621,-0.00019045855938746868,0.000141735257445319,0.00018927773293242467,-8.23537205478786e-05,"[3.0625, 9.453125, 2.48046875, 1.494140625, 6.81640625, 8.421875, 4.171875, 4.9296875, 5.35546875, 2.17578125, 0.5947265625, 11.203125, 10.65625, 4.6015625, 3.875, 4.50390625, 0.291015625, 1.205078125, 4.99609375, 1.0458984375, 2.9921875, 0.005382537841796875, 8.046875, 0.465087890625, 5.51953125, 1.5859375, 6.51953125, 0.411376953125, 2.50390625, 7.89453125, 10.015625, 1.2412109375, 0.564453125, 2.630859375, 1.044921875, 1.802734375, 4.90625, 0.461181640625, 4.77734375, 2.353515625, 6.84765625, 4.48828125, 1.3623046875, 2.478515625, 0.01474761962890625, 4.515625, 4.10546875, 1.0, 9.640625, 1.4287109375, 3.775390625, 4.546875, 6.46484375, 1.2958984375, 4.3359375, 0.6162109375, 0.86767578125, 11.0546875, 7.05859375, 0.034210205078125, 4.10546875, 2.3515625, 5.6484375, 0.27294921875, 0.57666015625, 7.359375, 0.00743865966796875, 3.8515625, 0.90087890625, 3.142578125, 8.0703125, 2.126953125, 5.1328125, 1.2578125, 0.78466796875, 6.8203125, 0.2283935546875, 2.234375, 9.0, 1.056640625, 1.693359375, 8.1953125, 4.484375, 0.708984375, 4.1484375, 0.62451171875, 2.39453125, 1.685546875, 10.828125, 7.17578125, 3.279296875, 6.015625, 0.2227783203125, 10.0546875, 0.07855224609375, 0.01122283935546875, 3.166015625, 7.0625, 9.171875, 2.814453125, 5.390625, 3.1796875, 5.94140625, 1.0302734375, 0.50732421875, 2.421875, 4.7890625, 2.912109375, 6.82421875, 1.48046875, 6.27734375, 9.3046875, 1.177734375, 4.11328125, 0.437255859375, 0.73583984375, 0.75927734375, 1.1826171875, 2.115234375, 3.7421875, 10.0703125, 8.4765625, 0.62255859375, 8.578125, 6.16015625, 3.20703125, 3.814453125, 9.3203125, 0.8564453125, 4.63671875, 5.8671875, 0.2607421875, 0.1475830078125, 3.134765625, 6.0390625, 0.02679443359375, 0.86962890625, 2.19140625, 6.23046875, 8.21875, 9.21875, 0.0012197494506835938, 0.007747650146484375, 7.2421875, 3.83984375, 2.7578125, 3.046875, 9.9765625, 0.83447265625, 3.166015625, 2.126953125, 3.369140625, 0.376953125, 3.482421875, 6.44140625, 5.45703125, 4.4609375, 3.546875, 3.173828125, 3.005859375, 4.234375, 2.16796875, 3.330078125, 4.55078125, 4.82421875, 0.591796875, 1.8349609375, 6.5390625, 2.513671875, 2.63671875, 2.455078125, 7.14453125, 3.25, 1.8125, 7.57421875, 10.9375, 1.8134765625, 2.2265625, 13.8515625, 1.609375, 4.3046875, 6.47265625, 4.11328125, 4.328125, 0.005992889404296875, 7.12890625, 0.006374359130859375, 0.020751953125, 0.0102691650390625, 0.0274505615234375, 4.578125, 0.55322265625, 0.0028533935546875, 0.004199981689453125, 0.0013256072998046875, 0.9462890625, 0.0714111328125, 0.023284912109375, 1.6201171875, 0.376708984375, 0.031829833984375, 0.0013227462768554688, 0.0005545616149902344, 10.25, 7.19921875, 0.3955078125, 0.08447265625, 4.15234375, 2.904296875, 0.6171875, 5.13671875, 2.12890625, 3.52734375, 2.302734375, 0.0020923614501953125, 4.53515625, 0.1783447265625, 0.408203125, 3.720703125, 0.64306640625, 4.5703125, 0.365966796875, 5.5546875, 3.0703125, 2.203125, 5.53125, 0.050140380859375, 1.1484375, 2.74609375, 3.73046875, 2.3359375, 0.31640625, 0.11517333984375, 2.3984375, 4.26171875, 0.0933837890625, 1.7998046875, 5.6484375, 0.0919189453125, 2.701171875, 6.6796875, 1.0224609375, 1.087890625, 4.43359375, 0.5859375, 3.388671875, 2.634765625, 2.646484375, 0.0213623046875, 10.109375, 1.263671875, 4.36328125, 3.125, 8.078125, 7.62109375, 4.9921875, 2.076171875, 4.2578125, 1.33984375, 0.00061798095703125, 0.0010938644409179688, 0.701171875, 7.94140625, 0.1263427734375]",-1.0942832972064163
189,0,test,3.05798852943001,1.2330798523164084,1.6420228032478685,5.856048033858468,2.3613479171859217,3.1444736682196677,21.284700525347287,15.08247193752284,17.164236740423995,40.76020150604005,28.88293376035623,32.86951335791195,3.380154766217627,1.4757603011483005,2.052768483783227,6.472996377306755,2.8260809766989956,3.93105164644488,29.37531706821447,22.65997704494894,25.60414335627306,56.2537321856307,43.39385604107721,49.0319345272629,3.3894343312368744,1.521438405976767,2.1028169649319572,6.490766744318614,2.913554547445508,4.026894487844697,29.64917591321907,23.17386952402789,26.02865698353675,56.778171873814514,44.3779601385134,49.84487812347287,0.7474747474747474,0.007474747474747412,0.012474747474747416,0.6111111111111112,-0.01388888888888884,0.011111111111111183,0.505050505050505,0.005050505050504972,0.005050505050504972,0.4450261780104712,0.12476474010197447,0.16936635396355038,0.4120734908136483,0.4696969696969697,0.13216548355087399,0.2029184462070368,0.47208121827411165,0.47491638795986624,0.14770436792647723,0.21796421888311424,0.47651006711409394,21.0,0.0,0.0,34.0,0.0,1.0,42.0,-1.0,1.0,0.00015467220257536435,-0.0007890776299523041,-3.5105998240286964e-05,0.004496254871319216,0.007210514305829641,0.0055201351178642,"[3.056640625, 9.4453125, 2.4296875, 1.0791015625, 0.80224609375, 2.9921875, 9.1484375, 2.89453125, 7.4609375, 2.3203125, 3.40234375, 6.26953125, 3.734375, 0.99560546875, 6.94921875, 0.0562744140625, 6.96484375, 2.865234375, 4.66015625, 2.15234375, 3.505859375, 4.046875, 0.71923828125, 0.04803466796875, 1.466796875, 0.33544921875, 4.9609375, 1.6455078125, 7.8046875, 5.39453125, 0.78466796875, 1.3671875, 3.306640625, 0.332763671875, 4.01171875, 1.466796875, 5.09765625, 1.3759765625, 1.0859375, 8.2578125, 6.625, 0.474853515625, 2.9140625, 0.0106353759765625, 4.33203125, 0.15576171875, 0.117431640625, 0.00045990943908691406, 7.58984375, 0.880859375, 2.708984375, 5.40625, 0.456298828125, 5.34765625, 0.00994110107421875, 3.484375, 0.82275390625, 7.9765625, 0.76708984375, 6.9765625, 7.4609375, 1.5888671875, 0.098388671875, 0.00507354736328125, 0.69384765625, 2.5703125, 3.830078125, 9.84375, 0.470703125, 0.603515625, 1.95703125, 0.343017578125, 4.28125, 0.00609588623046875, 5.53125, 2.9453125, 2.22265625, 4.5546875, 1.49609375, 2.095703125, 8.9921875, 0.097412109375, 0.005123138427734375, 0.02313232421875, 1.1435546875, 2.486328125, 2.654296875, 3.060546875, 6.38671875, 2.02734375, 9.9609375, 0.80517578125, 3.41015625, 5.73046875, 0.00740814208984375, 1.734375, 1.939453125, 4.30859375, 2.130859375, 6.67578125, 0.392333984375, 4.59375, 6.0390625, 0.07244873046875, 4.83984375, 1.548828125, 7.359375, 8.3828125, 0.423583984375, 8.3046875, 4.4140625, 3.78125, 0.00769805908203125, 3.607421875, 1.376953125, 2.25, 7.921875, 8.59375, 0.05401611328125, 3.744140625, 0.95166015625, 6.68359375, 3.240234375, 5.08203125, 1.259765625, 5.6015625, 2.63671875, 7.44140625, 0.035400390625, 1.4072265625, 3.673828125, 5.453125, 0.99755859375, 0.86572265625, 6.25390625, 4.72265625, 3.060546875, 1.3994140625, 4.34375, 5.13671875, 0.01212310791015625, 3.9453125, 4.828125, 0.036956787109375, 3.626953125, 13.140625, 3.880859375, 3.822265625, 0.1336669921875, 6.28125, 4.55859375, 1.923828125, 2.046875, 7.92578125, 4.20703125, 0.806640625, 3.439453125, 0.03558349609375, 2.615234375, 2.8125, 1.814453125, 3.74609375, 3.525390625, 3.560546875, 0.159423828125, 0.2181396484375, 1.5908203125, 0.00542449951171875, 7.22265625, 2.8828125, 1.6298828125, 1.3818359375, 9.1640625, 5.5546875, 0.474609375, 7.33203125, 7.0234375, 1.4296875, 8.453125, 5.515625, 1.9765625, 5.56640625, 6.5390625, 4.921875, 5.9609375, 1.5126953125, 8.3515625, 5.70703125, 0.1328125, 3.359375, 3.767578125, 5.6796875, 4.81640625, 3.412109375, 2.890625, 0.004085540771484375, 4.33203125, 0.046417236328125, 0.0006785392761230469, 11.3046875, 1.9990234375, 7.796875, 5.3828125, 7.00390625, 5.03515625, 5.90234375, 3.0546875, 5.5078125, 4.18359375, 0.0017118453979492188, 5.0078125, 6.19921875, 2.548828125, 5.5625, 2.099609375, 0.497314453125, 4.1171875, 4.890625, 8.4765625, 1.2265625, 0.001003265380859375, 4.2109375, 5.83203125, 0.006374359130859375, 3.0546875, 0.215087890625, 1.8427734375, 3.09765625, 4.38671875, 0.8388671875, 0.006359100341796875, 0.8486328125, 5.13671875, 4.10546875, 4.046875, 0.623046875, 0.00449371337890625, 3.068359375, 0.004199981689453125, 5.74609375, 2.873046875, 3.068359375, 4.2890625, 0.00138092041015625, 1.0595703125, 3.455078125, 2.404296875, 0.1453857421875, 0.5126953125, 0.003437042236328125, 3.984375, 11.25, 5.12109375, 10.53125, 5.08203125, 4.34375, 6.6640625, 1.384765625, 1.66015625, 3.763671875, 1.5791015625, 7.375, 4.48828125, 0.185546875, 0.77392578125, 5.078125, 11.3359375, 0.1810302734375, 7.62109375, 2.634765625, 2.93359375, 0.1422119140625, 0.0270843505859375, 0.9052734375, 5.03515625, 4.19921875, 0.0687255859375, 7.375, 1.67578125, 0.72802734375, 8.4140625, 6.703125, 2.998046875, 8.9375, 6.3828125, 0.401611328125, 0.05621337890625, 0.0555419921875, 0.01000213623046875, 2.158203125, 2.267578125, 6.09765625, 0.322265625, 3.65234375, 1.0380859375, 4.8203125, 4.74609375, 4.52734375, 1.28515625, 5.53515625, 7.81640625, 4.390625, 0.13232421875, 0.053924560546875, 0.0201263427734375, 3.001953125, 0.412841796875, 3.341796875, 0.10296630859375, 3.6015625, 0.50634765625, 0.07708740234375, 3.587890625, 5.6484375, 2.701171875, 7.66796875, 9.4296875, 3.375, 5.3125, 2.634765625, 7.6171875, 0.51025390625, 0.1669921875, 0.0657958984375, 0.01490020751953125, 0.283203125, 2.431640625, 0.14013671875, 0.0626220703125, 0.76904296875, 0.9521484375, 2.560546875, 3.5625, 5.0625, 4.66796875, 0.53955078125, 0.0011701583862304688, 6.90625, 0.1512451171875, 2.087890625, 3.09765625, 0.05877685546875, 0.0018892288208007812, 2.859375, 0.205322265625, 0.006511688232421875, 0.2281494140625, 3.390625, 0.0047149658203125, 0.11212158203125, 0.82275390625, 1.2509765625, 0.009124755859375, 1.9072265625, 0.247314453125, 2.107421875, 0.1075439453125, 0.75244140625, 0.2587890625, 0.236083984375, 1.076171875, 1.8447265625, 0.00833892822265625, 0.0008568763732910156, 3.875, 0.0109405517578125, 0.61962890625, 0.05389404296875, 0.034271240234375, 0.00122833251953125, 0.2193603515625, 0.321533203125, 0.01207733154296875, 0.60986328125, 4.75, 0.37158203125, 2.5703125, 3.904296875, 0.31689453125, 5.83203125, 0.0672607421875, 0.765625]",-1.4792910764354685
67,0,test,4.0301819058307204,1.881907487961168,2.575581779046023,5.997294502724286,2.8004575713707855,3.832710980723248,56.271146365811,47.70108907294245,51.98837580789241,83.7368249491235,70.98376350140245,77.36365447603036,4.1966853117823,1.904601010756355,2.65156278963674,6.24506742824747,2.8342276945779092,3.945777960768959,66.46565258732954,56.57011109860685,61.77710654477687,98.90722111209753,84.18171294435543,91.93021807258462,4.0301819058307204,1.881907487961168,2.575581779046023,5.997294502724286,2.8004575713707855,3.832710980723248,56.271146365811,47.70108907294245,51.98837580789241,83.7368249491235,70.98376350140245,77.36365447603036,0.8140703517587939,0.004070351758793889,-0.00592964824120612,0.7185929648241206,0.008592964824120641,0.013592964824120535,0.5778894472361809,-0.007110552763819111,-0.012110552763819227,0.4618473895582329,0.12116602683278199,0.20150026005222488,0.4395161290322581,0.4773869346733668,0.13402853868339182,0.21528342883029505,0.4696969696969697,0.4618473895582329,0.12116602683278199,0.20150026005222488,0.4395161290322581,24.0,8.0,8.0,40.0,11.0,10.0,45.0,6.0,7.0,-0.0006030480741440918,-0.000185162215490498,-0.000252602666047185,3.7786429536446065e-05,0.00010682844012599446,-0.00013492207507859177,"[3.0625, 9.453125, 2.48046875, 1.494140625, 6.81640625, 6.75, 2.919921875, 2.353515625, 9.546875, 1.5576171875, 1.1669921875, 10.2421875, 3.630859375, 5.640625, 6.01953125, 2.015625, 0.2415771484375, 3.748046875, 7.56640625, 0.11773681640625, 6.5625, 6.3828125, 11.375, 2.142578125, 4.203125, 3.859375, 3.650390625, 8.921875, 0.84033203125, 5.22265625, 4.96875, 2.388671875, 0.145263671875, 5.03515625, 6.98828125, 1.5390625, 4.9140625, 0.8681640625, 4.73046875, 0.13232421875, 1.5400390625, 6.515625, 2.251953125, 1.7197265625, 2.234375, 9.5390625, 4.21484375, 9.5078125, 8.6015625, 5.3515625, 0.58251953125, 5.25390625, 6.16796875, 0.0186614990234375, 6.8125, 5.85546875, 1.720703125, 4.36328125, 9.359375, 0.521484375, 6.75, 2.07421875, 2.181640625, 3.529296875, 0.483642578125, 1.37890625, 7.12890625, 0.0182342529296875, 5.05859375, 3.736328125, 7.3203125, 7.44140625, 0.5576171875, 3.857421875, 4.99609375, 9.6171875, 1.341796875, 3.6640625, 0.0274810791015625, 2.001953125, 5.5234375, 5.6640625, 2.09765625, 0.9267578125, 2.91015625, 4.33984375, 3.0390625, 0.04498291015625, 0.134521484375, 2.87109375, 4.8671875, 4.12109375, 0.5107421875, 8.84375, 5.12109375, 6.0859375, 0.0982666015625, 5.4375, 0.1474609375, 10.3046875, 1.37109375, 3.107421875, 7.53515625, 6.82421875, 0.89990234375, 3.705078125, 4.3125, 4.52734375, 0.72265625, 2.333984375, 2.205078125, 1.6396484375, 0.406982421875, 0.320556640625, 4.46875, 0.40234375, 1.3212890625, 10.0625, 2.404296875, 4.7421875, 8.015625, 6.203125, 7.19921875, 4.77734375, 8.234375, 6.8125, 13.09375, 2.078125, 2.505859375, 7.15625, 4.6015625, 8.640625, 5.375, 2.08984375, 8.3359375, 5.30859375, 5.0703125, 4.07421875, 6.46875, 9.3828125, 2.45703125, 5.9375, 4.0234375, 1.056640625, 5.8515625, 3.09765625, 1.833984375, 10.0390625, 1.9873046875, 0.5400390625, 13.265625, 13.84375, 10.0234375, 1.474609375, 6.91015625, 3.08984375, 1.263671875, 4.9296875, 1.5341796875, 6.10546875, 1.013671875, 1.48828125, 4.48046875, 7.125, 5.1875, 0.151611328125, 3.05078125, 2.48828125, 6.70703125, 2.234375, 0.72314453125, 9.75, 9.2109375, 2.638671875, 6.91796875, 3.31640625, 7.546875, 3.224609375, 0.2291259765625, 0.0009760856628417969, 0.0369873046875, 9.703125, 1.73828125, 2.9765625, 4.80859375, 7.2734375, 3.19921875, 0.385009765625, 4.23828125, 0.5107421875, 0.47900390625, 6.42578125, 0.51416015625, 4.578125, 5.19921875, 0.89111328125, 3.392578125, 0.031524658203125, 3.51953125, 2.912109375, 2.62890625, 3.673828125, 0.58837890625, 0.3583984375, 6.5, 1.234375, 0.0312347412109375, 10.0703125, 5.3359375, 2.330078125, 2.076171875, 2.76171875, 8.171875, 0.828125, 8.40625, 0.0102386474609375, 1.2060546875, 0.88330078125, 8.640625, 0.012451171875, 2.595703125, 7.2578125, 3.666015625, 1.8916015625, 7.9453125, 4.05078125, 1.5341796875, 7.796875, 5.515625, 6.48046875, 1.955078125, 3.447265625, 5.0625, 4.7734375, 3.517578125, 4.36328125, 5.90625, 4.921875, 0.019195556640625, 3.05859375, 0.0031280517578125, 1.6435546875, 0.0031185150146484375, 0.3720703125, 5.52734375, 1.458984375, 0.07000732421875, 0.1290283203125, 4.41796875]",-1.1977405337444749
1,0,test,3.761809417065358,1.730948227847735,2.3735353074091012,6.775789251220133,3.1177922899185107,4.275223234429646,43.02620794244405,35.4055615902975,39.01828110431453,77.49901310114923,63.77266816565634,70.27991596500027,3.765514517549294,1.6750770801906385,2.3430847246802227,6.782462896067705,3.017156909500006,4.220375498068595,43.1859200583249,35.09746747644252,39.038735049872955,77.78668733397076,63.21772756298984,70.31675771031334,3.761809417065358,1.730948227847735,2.3735353074091012,6.775789251220133,3.1177922899185107,4.275223234429646,43.02620794244405,35.4055615902975,39.01828110431453,77.49901310114923,63.77266816565634,70.27991596500027,0.7336683417085428,-0.001331658291457205,0.008668341708542804,0.592964824120603,0.002964824120602949,0.007964824120603065,0.4974874371859297,0.01748743718592971,-0.002512562814070307,0.4261744966442953,0.11796679145166544,0.1784066395014382,0.4040404040404041,0.4321608040201005,0.12890265865669193,0.17840454358604374,0.398989898989899,0.4261744966442953,0.11796679145166544,0.1784066395014382,0.4040404040404041,26.0,16.0,17.0,39.0,18.0,19.0,48.0,21.0,22.0,-0.00024622559266950547,-0.00033532688210825726,-0.00018893755626858425,-0.0005109839999661858,-0.00010751935559483172,3.6801216390713876e-05,"[3.0625, 9.453125, 2.48046875, 1.494140625, 3.81640625, 11.921875, 6.20703125, 2.7109375, 2.0546875, 6.20703125, 1.4501953125, 4.75, 3.109375, 6.74609375, 1.716796875, 6.95703125, 11.5546875, 3.7421875, 1.7265625, 2.57421875, 6.69140625, 1.3212890625, 2.044921875, 9.4765625, 4.39453125, 7.703125, 6.54296875, 5.48046875, 4.6171875, 5.0703125, 0.398681640625, 4.7265625, 1.361328125, 5.1796875, 7.125, 4.1015625, 9.1328125, 7.73828125, 0.006793975830078125, 0.0129241943359375, 0.00872039794921875, 10.8203125, 4.453125, 2.91796875, 1.1982421875, 2.423828125, 7.95703125, 0.253173828125, 2.66015625, 0.1263427734375, 1.4345703125, 0.006893157958984375, 0.004352569580078125, 0.0093536376953125, 0.0150299072265625, 2.078125, 7.0703125, 0.025634765625, 7.43359375, 2.009765625, 9.3671875, 0.0247955322265625, 1.40625, 1.4482421875, 6.375, 9.2265625, 0.60693359375, 1.671875, 5.46875, 0.92529296875, 1.546875, 5.98828125, 0.79443359375, 4.76171875, 2.08203125, 0.8486328125, 1.654296875, 0.0201416015625, 4.140625, 0.005130767822265625, 0.0010471343994140625, 0.0098724365234375, 0.0028057098388671875, 12.421875, 0.07403564453125, 2.0625, 3.89453125, 0.447021484375, 0.4384765625, 0.005245208740234375, 0.1392822265625, 2.7578125, 3.076171875, 9.65625, 2.783203125, 1.0263671875, 12.5234375, 4.0390625, 3.73046875, 10.03125, 2.830078125, 5.2109375, 3.93359375, 0.779296875, 0.34033203125, 3.912109375, 6.51171875, 2.6875, 9.015625, 6.36328125, 10.421875, 8.421875, 1.8388671875, 0.91259765625, 8.6328125, 1.50390625, 11.125, 9.828125, 2.552734375, 1.2607421875, 8.1640625, 9.0859375, 0.146484375, 1.404296875, 1.2109375, 3.9296875, 10.375, 0.5224609375, 4.9453125, 6.6796875, 0.916015625, 9.109375, 3.392578125, 10.0625, 4.40234375, 5.609375, 3.41015625, 1.97265625, 8.5546875, 0.0055389404296875, 0.401123046875, 2.978515625, 3.84765625, 1.501953125, 4.73046875, 9.0234375, 6.93359375, 7.375, 4.30078125, 4.03515625, 1.12890625, 1.798828125, 3.00390625, 6.94921875, 3.5546875, 3.8828125, 3.103515625, 2.1875, 4.640625, 1.7431640625, 10.609375, 2.703125, 8.265625, 7.0, 1.0224609375, 1.298828125, 0.0246734619140625, 0.01114654541015625, 0.01160430908203125, 0.157470703125, 7.55078125, 0.0035762786865234375, 0.87060546875, 4.51171875, 0.51708984375, 0.19384765625, 2.857421875, 0.7578125, 9.5078125, 1.529296875, 5.6484375, 4.4140625, 3.857421875, 9.484375, 0.62060546875, 0.4208984375, 0.01187896728515625, 0.005706787109375, 0.058319091796875, 0.153564453125, 7.41796875, 0.032135009765625, 4.015625, 0.61572265625, 0.13623046875, 2.103515625, 10.9765625, 0.107666015625, 0.108642578125, 0.0010824203491210938, 0.0032024383544921875, 0.0014286041259765625, 0.0045166015625, 5.83984375, 0.00992584228515625, 3.6796875, 0.09295654296875, 0.51318359375, 5.1171875, 0.2431640625, 1.306640625, 1.48046875, 3.333984375, 4.4375, 6.41015625, 6.41015625, 6.421875, 7.77734375, 1.77734375, 3.587890625, 2.67578125, 3.236328125, 0.0311279296875, 12.515625, 2.8984375, 0.09381103515625, 5.34375, 1.1572265625, 1.4150390625, 0.01331329345703125, 13.3828125, 0.6240234375, 7.046875, 2.33203125, 8.625, 3.365234375, 13.828125, 0.1990966796875, 6.5, 5.48046875, 0.67431640625, 7.27734375, 1.5634765625, 5.47265625, 6.8984375, 5.8125, 2.9609375, 3.296875, 2.78515625, 3.333984375, 0.4140625, 9.3125, 0.888671875, 10.015625, 13.234375, 0.0007476806640625, 0.000701904296875, 0.2198486328125, 4.7734375, 0.9921875, 4.20703125, 3.58203125, 4.265625, 3.677734375, 2.169921875, 1.4228515625, 6.29296875, 1.2138671875, 3.021484375, 0.92333984375, 15.8203125, 6.9609375, 4.57421875, 6.97265625, 4.91015625, 3.05078125, 1.4951171875, 5.27734375, 4.10546875, 4.11328125, 8.1796875, 0.037109375, 9.6015625, 0.52880859375, 0.0265045166015625, 4.1796875, 7.3515625, 0.447509765625, 0.0012006759643554688, 0.0003578662872314453, 0.004425048828125, 0.0076904296875, 1.779296875, 8.046875, 9.9140625, 1.7060546875, 4.359375, 1.7001953125]",-0.3202108656800031
304,0,test,3.377159301896353,1.484068687516393,2.049146475694732,6.0788867434134355,2.6713236375295075,3.6884636562505175,29.287456012036717,22.647597768603184,25.51391875435587,52.71742082166609,40.76567598348573,45.925053757840566,3.6747959175301554,1.673343267785027,2.3070169643218055,6.614632651554279,3.0120178820130485,4.152630535779249,39.440606899332636,32.04080929000585,35.51398710244205,70.99309241879874,57.67345672201053,63.92517678439569,3.3992976997349715,1.4979365780378433,2.070736345247842,6.118735859522949,2.6962858404681183,3.7273254214461153,29.943063639794346,23.248062685395297,26.167455922390296,53.89751455162982,41.846512833711536,47.10142066030253,0.7437185929648241,-0.006281407035175879,-0.006281407035175879,0.6231155778894473,0.003115577889447274,0.003115577889447274,0.49246231155778897,-0.002537688442211028,-0.007537688442211032,0.42567567567567566,0.10695729456269087,0.16837230488915877,0.4,0.42713567839195976,0.10132114205110765,0.16670162163069102,0.40909090909090906,0.42567567567567566,0.10695729456269087,0.1694959003947768,0.39322033898305087,27.0,1.0,1.0,39.0,0.0,3.0,47.0,1.0,2.0,-0.0016448049579342301,-0.00036411378919386206,-0.00019226290562297677,0.006795873165547306,0.004696315265983131,0.005794580713931019,"[3.056640625, 9.4453125, 2.4296875, 1.0791015625, 6.80078125, 0.425048828125, 0.1434326171875, 3.607421875, 7.15234375, 4.92578125, 9.734375, 1.3515625, 8.4375, 1.373046875, 0.00818634033203125, 0.0799560546875, 1.380859375, 5.203125, 8.40625, 2.609375, 2.529296875, 10.5390625, 9.75, 2.427734375, 1.7568359375, 4.34375, 8.46875, 3.828125, 8.3671875, 2.33984375, 0.239990234375, 2.736328125, 1.0087890625, 1.8408203125, 8.5546875, 0.11358642578125, 0.2437744140625, 9.171875, 1.916015625, 3.41015625, 11.4296875, 4.23828125, 3.220703125, 9.2578125, 0.56103515625, 3.287109375, 7.63671875, 6.8046875, 2.8125, 7.66796875, 8.8046875, 3.166015625, 6.83203125, 8.5234375, 0.01490020751953125, 0.002410888671875, 8.1875, 9.546875, 0.1702880859375, 3.205078125, 7.71484375, 6.2109375, 2.51171875, 1.158203125, 7.51171875, 0.0019140243530273438, 0.62353515625, 7.61328125, 0.199462890625, 0.69580078125, 10.2109375, 5.3671875, 1.685546875, 1.611328125, 4.70703125, 0.646484375, 4.4296875, 2.119140625, 1.7060546875, 6.58984375, 0.1644287109375, 1.46484375, 2.46484375, 5.859375, 4.80078125, 7.53515625, 2.107421875, 6.10546875, 0.03192138671875, 6.609375, 7.40234375, 5.14453125, 4.64453125, 3.4375, 1.205078125, 6.19921875, 4.18359375, 0.00348663330078125, 2.794921875, 2.556640625, 1.064453125, 4.16796875, 0.017913818359375, 0.004421234130859375, 6.41015625, 6.046875, 0.263427734375, 0.19970703125, 4.69921875, 6.9609375, 0.265625, 0.79052734375, 1.3662109375, 4.49609375, 1.8193359375, 1.0654296875, 1.41796875, 0.77734375, 1.7333984375, 5.7578125, 1.33984375, 8.34375, 0.1622314453125, 2.0859375, 3.7890625, 5.5078125, 0.2215576171875, 2.283203125, 6.00390625, 2.806640625, 6.98828125, 4.87109375, 4.36328125, 2.6484375, 0.188232421875, 1.7548828125, 2.884765625, 3.30859375, 3.677734375, 2.916015625, 5.0546875, 2.28515625, 5.03515625, 8.609375, 0.047119140625, 4.07421875, 1.734375, 0.42333984375, 6.93359375, 0.853515625, 2.619140625, 5.77734375, 7.5546875, 0.568359375, 2.306640625, 6.41796875, 7.30078125, 2.115234375, 5.74609375, 1.9853515625, 4.03125, 4.0078125, 0.26123046875, 7.16015625, 0.07281494140625, 1.361328125, 3.587890625, 0.462890625, 2.24609375, 5.8046875, 0.04144287109375, 2.900390625, 0.05841064453125, 4.26171875, 3.048828125, 4.79296875, 7.6328125, 0.007541656494140625, 0.05712890625, 0.002376556396484375, 0.032562255859375, 0.007457733154296875, 0.744140625, 6.29296875, 9.34375, 3.396484375, 12.4609375, 8.140625, 4.171875, 2.4296875, 0.005527496337890625, 0.501953125, 7.38671875, 1.337890625, 0.460693359375, 8.203125, 8.1015625, 0.05987548828125, 0.4462890625, 4.90234375, 4.78125, 9.28125, 3.8984375, 1.845703125, 0.27978515625, 7.01953125, 0.01031494140625, 0.4541015625, 4.390625, 0.0965576171875, 0.167724609375, 6.69140625, 3.271484375, 7.61328125, 3.193359375, 2.2109375, 0.66064453125, 6.0625, 6.8515625, 7.04296875, 2.46875, 0.200439453125, 9.296875, 8.390625, 3.88671875, 0.04541015625, 0.8818359375, 0.008697509765625, 0.0089111328125, 0.003997802734375, 0.014404296875, 4.671875, 0.0950927734375, 0.0003752708435058594, 0.00943756103515625, 0.0009975433349609375, 0.161865234375, 0.0002608299255371094, 7.4140625, 0.2978515625, 6.6875, 3.009765625, 3.5703125, 5.27734375, 5.796875, 1.75390625, 8.1328125, 0.201171875, 0.328369140625, 0.005401611328125, 0.058685302734375, 0.007770538330078125, 5.3984375, 7.171875, 3.240234375, 0.09869384765625, 8.3203125, 2.802734375, 6.57421875, 1.8974609375, 1.83203125, 4.53515625, 0.38427734375, 1.2099609375, 5.62109375, 0.402587890625, 2.0390625, 0.055633544921875, 0.00113677978515625, 1.587890625, 3.6953125, 0.01361083984375, 1.140625, 5.7421875, 6.171875, 7.30859375, 6.734375, 1.2265625, 0.02471923828125, 8.15625, 0.343994140625, 0.0030345916748046875, 0.001766204833984375, 0.0302734375, 3.3736228942871094e-05, 0.0013151168823242188, 0.00557708740234375, 0.0931396484375, 0.007099151611328125, 0.0009579658508300781, 5.5625, 0.662109375, 2.26953125, 2.90234375, 2.6640625, 5.41796875]",-1.2786386564776704
477,0,test,4.108621832858994,1.9655506589484015,2.6753974935001397,6.313248182197966,3.020236378384129,4.110976636353874,60.862780658947095,52.33719965408224,56.67058617774616,93.52085808569919,80.42057507822392,87.07919339507336,4.347151674816956,2.0751865879086875,2.8245339050581872,6.679769646669957,3.188701342396276,4.3401374638698975,77.25809305967377,67.55965268070833,72.67388315192035,118.71365518925481,103.81117363133231,111.66962533099957,4.107553132501732,1.9666091327088324,2.673873965966853,6.311606032868514,3.0218628136745473,4.10863560624175,60.79777132744819,52.29030644293293,56.603669688589335,93.42096569827405,80.34851965621401,86.97637049710067,0.8492462311557789,-0.005753768844221074,-0.005753768844221074,0.7185929648241206,-0.0014070351758793676,0.003592964824120526,0.6030150753768844,0.008015075376884395,-0.006984924623115618,0.398406374501992,0.056458064362826965,0.13218120893907814,0.38,0.4170854271356784,0.0611957028249015,0.14496522680178858,0.4191919191919192,0.40637450199203184,0.06641426342344336,0.14279834305163452,0.376,22.0,0.0,0.0,32.0,-2.0,-2.0,44.0,-1.0,-1.0,-0.00044919385161371257,1.919828474649887e-05,-0.00013079103905519915,5.164627325804361e-05,0.00011782167916685182,-0.0001279129611404528,"[3.056640625, 9.4453125, 2.4296875, 1.0791015625, 8.8046875, 0.912109375, 9.5859375, 1.5732421875, 10.8359375, 0.78564453125, 1.806640625, 3.90625, 4.24609375, 2.0859375, 11.875, 2.265625, 2.572265625, 2.62890625, 4.09765625, 2.8125, 4.453125, 5.625, 7.40625, 0.33837890625, 9.25, 1.689453125, 6.83984375, 3.240234375, 7.6953125, 0.01222991943359375, 4.8125, 2.78125, 6.30859375, 2.455078125, 3.291015625, 10.0390625, 11.1640625, 3.12109375, 0.669921875, 10.9296875, 1.431640625, 0.3818359375, 5.67578125, 2.859375, 2.234375, 10.875, 2.6875, 2.98046875, 0.400390625, 3.30859375, 3.810546875, 6.21875, 2.3671875, 3.90625, 9.6015625, 4.41796875, 3.37890625, 4.86328125, 3.51171875, 1.673828125, 4.5703125, 7.25390625, 3.158203125, 3.810546875, 2.8203125, 2.794921875, 2.365234375, 3.0859375, 4.75390625, 6.01953125, 5.71875, 1.7607421875, 0.90576171875, 5.87109375, 3.548828125, 0.78271484375, 3.580078125, 3.5859375, 5.05078125, 4.16796875, 2.220703125, 4.68359375, 3.802734375, 3.4609375, 0.1298828125, 6.5078125, 2.498046875, 2.37890625, 3.115234375, 4.1328125, 1.8564453125, 4.26953125, 3.0703125, 0.343017578125, 0.0738525390625, 11.109375, 1.3125, 0.06463623046875, 0.387939453125, 4.55859375, 2.51953125, 8.6328125, 7.39453125, 5.046875, 8.9609375, 10.2109375, 2.109375, 5.22265625, 2.60546875, 3.34375, 0.35205078125, 1.814453125, 3.091796875, 5.9296875, 1.298828125, 3.3203125, 3.384765625, 0.95361328125, 7.34765625, 0.98681640625, 9.671875, 0.59765625, 4.71875, 7.04296875, 0.7451171875, 0.340087890625, 8.4140625, 1.8388671875, 6.14453125, 0.484130859375, 4.5390625, 1.7802734375, 7.4609375, 3.880859375, 5.34375, 8.25, 0.2587890625, 10.328125, 1.2998046875, 0.086669921875, 6.63671875, 0.1544189453125, 3.50390625, 6.65625, 10.09375, 0.0256805419921875, 1.1962890625, 6.36328125, 1.248046875, 6.87109375, 13.2734375, 0.1612548828125, 2.0703125, 3.361328125, 3.927734375, 0.1441650390625, 6.87109375, 5.7890625, 3.34375, 5.69921875, 1.677734375, 7.98828125, 5.78125, 1.66015625, 7.9609375, 8.2421875, 8.25, 5.7578125, 4.34765625, 3.390625, 15.5625, 0.6201171875, 2.52734375, 0.98828125, 7.21875, 1.2734375, 5.87109375, 15.734375, 2.140625, 0.1378173828125, 7.421875, 0.28173828125, 4.09765625, 5.703125, 0.492431640625, 1.091796875, 2.63671875, 4.01171875, 1.783203125, 4.21484375, 3.75, 6.84765625, 5.64453125, 6.92578125, 6.94921875, 14.2734375, 13.0078125, 9.9375, 1.6357421875, 0.8515625, 5.4453125, 3.298828125, 0.59814453125, 3.62109375, 0.61376953125, 1.1103515625, 1.9833984375, 0.591796875, 3.904296875, 2.58203125, 4.76171875, 3.1171875, 13.7578125, 4.3671875, 1.3427734375, 1.7197265625, 1.80859375, 0.0587158203125, 0.137451171875, 1.8369140625, 5.55859375, 3.859375, 1.15625, 2.583984375, 1.8408203125, 2.08203125, 8.1015625, 4.13671875, 0.48486328125, 3.54296875, 1.4765625, 3.0703125, 4.42578125, 0.462158203125, 2.3984375, 0.7685546875, 5.42578125, 6.33984375, 4.54296875, 1.3046875, 5.8671875, 1.8134765625, 7.890625, 0.02703857421875, 0.002414703369140625, 10.6484375, 1.5966796875, 4.09765625, 12.5390625, 1.630859375, 0.00341796875]",-0.7660682229881743
128,0,test,3.293080038380349,1.4888009386313352,2.02436638371959,5.954844214480527,2.692184080737492,3.660641802684647,26.925668161263157,20.850078186193638,23.36939314022428,48.68942066466757,37.70299112425689,42.258643554084315,4.016329223786167,1.8265320849769058,2.5267605976418723,7.262688596380167,3.302899987859793,4.569116313870536,55.497014348684914,46.563613658116644,51.061832463907855,100.35470470306235,84.20052417970315,92.33460896323233,3.5364678224991,1.600706208183602,2.196273262897922,6.394959948456922,2.8945412780107627,3.97149931995531,34.345390670870046,27.416071155740227,30.52560406163577,62.10643183488936,49.576211571778956,55.1991493135279,0.778894472361809,0.003894472361808954,0.008894472361808958,0.6582914572864322,-0.0017085427135676845,0.003291457286432209,0.542713567839196,-0.01228643216080394,-0.01228643216080394,0.4252873563218391,0.1211266676561289,0.17797552836484987,0.34870317002881845,0.4321608040201005,0.10384000201508792,0.17506564542243774,0.4040404040404041,0.4481605351170569,0.13597355681989498,0.19454540719714586,0.38590604026845643,22.0,1.0,1.0,35.0,3.0,2.0,47.0,6.0,6.0,-0.0015101394699275621,-0.0007026525086614219,-0.0008710050978351034,-0.0003135376721550287,8.615689689239758e-05,-0.0001481019214590873,"[3.056640625, 9.4453125, 2.4296875, 6.078125, 0.78955078125, 0.10418701171875, 2.328125, 0.515625, 6.953125, 1.5380859375, 3.763671875, 3.83203125, 8.3515625, 0.008880615234375, 4.62890625, 6.37109375, 6.3828125, 0.50927734375, 9.71875, 14.3046875, 3.96875, 7.86328125, 7.45703125, 2.078125, 6.9453125, 4.73828125, 3.0703125, 11.546875, 6.48046875, 2.7421875, 12.3125, 6.51953125, 3.658203125, 0.45751953125, 1.658203125, 4.99609375, 7.2421875, 10.484375, 9.7578125, 10.7578125, 1.22265625, 5.015625, 2.193359375, 12.8046875, 2.5078125, 3.181640625, 1.6689453125, 6.36328125, 6.46484375, 1.0029296875, 10.15625, 5.62890625, 7.78515625, 1.2802734375, 5.296875, 2.326171875, 4.69140625, 7.6484375, 1.8125, 1.2421875, 9.03125, 0.2265625, 0.0794677734375, 1.654296875, 0.630859375, 7.32421875, 10.6328125, 0.09967041015625, 0.0322265625, 6.88671875, 1.0859375, 3.505859375, 1.056640625, 2.03125, 1.8583984375, 1.3232421875, 9.7578125, 9.578125, 4.16796875, 4.07421875, 2.25390625, 4.921875, 0.1268310546875, 1.7587890625, 2.080078125, 1.228515625, 5.2421875, 0.22802734375, 7.0859375, 3.19140625, 6.9921875, 5.1875, 3.86328125, 3.935546875, 0.26904296875, 3.34765625, 1.7509765625, 3.185546875, 0.306884765625, 7.22265625, 7.3203125, 7.3203125, 2.9609375, 0.45263671875, 6.57421875, 0.295166015625, 8.8046875, 1.2802734375, 9.7421875, 5.015625, 7.703125, 7.68359375, 3.619140625, 0.2308349609375, 6.44140625, 3.462890625, 2.513671875, 4.60546875, 2.34765625, 4.78515625, 0.6015625, 5.5625, 4.5, 1.349609375, 0.219970703125, 6.0703125, 6.98828125, 0.0171661376953125, 4.32421875, 5.6875, 6.30078125, 2.0, 0.07080078125, 0.03314208984375, 11.078125, 0.01751708984375, 0.61328125, 0.0031223297119140625, 3.98828125, 0.37060546875, 5.6875, 0.023651123046875, 2.826171875, 3.69921875, 0.99365234375, 2.865234375, 1.255859375, 5.81640625, 3.349609375, 3.48828125, 0.27587890625, 2.55078125, 9.2109375, 2.068359375, 5.54296875, 4.05859375, 8.3828125, 4.59765625, 0.058502197265625, 3.048828125, 8.9609375, 4.0703125, 3.201171875, 3.708984375, 7.48828125, 1.48046875, 3.400390625, 0.0633544921875, 2.544921875, 1.6865234375, 0.212646484375, 1.453125, 8.3125, 1.978515625, 0.96533203125, 1.0087890625, 6.9609375, 0.26708984375, 0.0186614990234375, 1.6318359375, 0.386474609375, 6.3046875, 5.265625, 0.2353515625, 8.34375, 0.00323486328125, 0.154541015625, 0.0011301040649414062, 3.228515625, 0.496337890625, 5.9453125, 9.8515625, 6.82421875, 0.62939453125, 10.8359375, 4.1875, 7.08984375, 0.5888671875, 8.2578125, 0.1910400390625, 4.3359375, 5.53125, 0.005657196044921875, 0.433349609375, 5.1328125, 6.3984375, 0.0205535888671875, 0.00604248046875, 1.521484375, 6.109375, 4.29296875, 3.29296875, 0.64599609375, 1.8916015625, 4.97265625, 3.400390625, 0.4931640625, 4.4296875, 4.6484375, 2.2578125, 1.005859375, 4.625, 3.55859375, 2.921875, 1.09375, 4.6484375, 3.880859375, 5.7421875, 1.021484375, 0.2252197265625, 0.006011962890625, 0.0270233154296875, 0.0203399658203125, 0.62890625, 0.01071929931640625, 0.047210693359375, 6.4453125, 7.40234375, 3.62890625, 6.04296875, 2.87890625, 1.5361328125, 1.412109375, 7.28125, 1.1171875, 4.12109375, 6.046875, 4.8671875, 0.280517578125, 1.2041015625, 0.0867919921875, 1.521484375, 2.4375, 0.156494140625, 6.71875, 8.5625, 2.484375, 7.59375, 0.5, 0.180419921875, 3.158203125, 1.353515625, 2.103515625, 0.01482391357421875, 0.01165771484375, 7.17578125, 0.537109375, 5.04296875, 4.5078125, 0.358154296875, 5.32421875, 0.0310516357421875, 0.935546875, 6.15234375, 7.58984375, 2.09765625, 6.59765625, 1.9677734375, 1.724609375, 0.0072784423828125, 1.6875, 1.7294921875, 1.591796875, 0.0009016990661621094, 0.029205322265625, 0.003955841064453125, 0.03973388671875, 4.19921875, 0.068359375, 0.000881195068359375, 0.005786895751953125, 0.0024623870849609375, 0.34521484375, 0.0007815361022949219, 0.90625, 3.474609375, 4.5859375, 0.07275390625, 0.720703125, 0.005428314208984375, 0.720703125, 3.203125, 1.408203125, 2.822265625, 0.401611328125, 0.1883544921875, 0.0250244140625, 5.6796875, 0.013580322265625, 0.028472900390625, 0.0009946823120117188, 5.93359375, 2.462890625, 8.171875, 3.771484375, 0.140869140625, 0.9384765625, 6.16796875, 0.01221466064453125, 0.24755859375, 2.787109375, 0.00823211669921875, 0.004489898681640625, 0.02813720703125, 0.0014400482177734375, 1.314453125, 1.384765625, 0.314697265625, 0.1015625, 2.30078125, 2.177734375, 0.00012040138244628906, 1.895427703857422e-05, 0.001277923583984375, 0.032928466796875, 0.007686614990234375, 0.0006031990051269531, 3.02734375, 2.6484375, 3.60546875, 0.130859375, 0.70703125, 4.5, 3.0625, 10.0234375, 2.88671875, 0.0745849609375, 6.21875]",-1.7068965965988991
130,0,test,3.3439886840224564,1.5214100692597123,1.8809729188668245,6.022205865343609,2.7399149663591196,3.3874534918959096,28.331908661492996,22.144114829521122,24.012943769736545,51.023075327032636,39.87944661606066,43.245029956358124,3.571734112111767,1.5705706670907902,2.1774166501411147,6.432353740364178,2.8284485316838666,3.921320483059564,35.578236338632514,28.180578476304728,31.54601484994446,64.07302290848752,50.75054404329992,56.81137515962848,3.3484219834956037,1.479645738505785,2.0555976297587857,6.030189816430997,2.664701375227613,3.701936002914012,28.457791328840393,21.97743015840152,24.814729995831147,51.24977804922388,39.57926336218917,44.68897076172306,0.7638190954773869,-0.001180904522613102,0.008819095477386907,0.6130653266331658,-0.016934673366834185,-0.001934673366834172,0.4723618090452262,-0.017638190954773814,-0.0026381909547738003,0.4130982367758187,0.10114855124122746,0.14623606668784217,0.38383838383838387,0.4120603015075377,0.07872696817420433,0.14828734658266296,0.36868686868686873,0.41137123745819393,0.09083701375201692,0.16665488595652544,0.35906040268456374,24.0,6.0,9.0,36.0,11.0,11.0,46.0,11.0,13.0,-0.0004170706264317013,-0.0007164592728123046,-0.00018213785527552016,0.005437863379720298,0.006607117209997071,0.006153826720812106,"[3.056640625, 9.4453125, 2.48046875, 1.80859375, 0.8740234375, 2.994140625, 12.640625, 5.63671875, 8.3984375, 9.734375, 1.1962890625, 1.703125, 1.0341796875, 3.1171875, 1.96875, 4.265625, 6.3671875, 0.0223541259765625, 2.015625, 1.1962890625, 7.55078125, 6.671875, 1.919921875, 2.03125, 5.48828125, 2.79296875, 3.8203125, 1.11328125, 5.3984375, 10.4921875, 8.7734375, 6.8359375, 1.1552734375, 3.849609375, 0.03253173828125, 0.368408203125, 6.84375, 1.3212890625, 5.1484375, 2.001953125, 3.9375, 1.84765625, 5.01953125, 5.94921875, 4.05859375, 3.00390625, 0.650390625, 2.669921875, 2.982421875, 10.0625, 2.666015625, 2.2578125, 2.01953125, 0.255859375, 0.263427734375, 3.166015625, 5.765625, 4.7890625, 3.404296875, 0.50634765625, 6.37890625, 4.6484375, 1.580078125, 1.1181640625, 8.2734375, 6.58203125, 0.007656097412109375, 0.39697265625, 11.25, 2.12890625, 0.15576171875, 1.8388671875, 4.3828125, 0.2509765625, 1.7919921875, 3.443359375, 8.984375, 0.319091796875, 4.3203125, 0.91064453125, 3.09375, 5.32421875, 3.287109375, 4.47265625, 1.5322265625, 6.5625, 4.890625, 3.814453125, 0.7568359375, 0.6728515625, 12.984375, 0.61328125, 0.74853515625, 2.908203125, 4.3359375, 0.703125, 1.6083984375, 5.15234375, 3.443359375, 0.184326171875, 2.05859375, 9.359375, 8.5625, 3.94921875, 5.99609375, 2.46875, 4.05078125, 0.65234375, 2.5546875, 3.939453125, 0.0110931396484375, 4.25, 4.60546875, 3.75, 2.267578125, 6.50390625, 0.056976318359375, 8.7578125, 5.65234375, 0.8349609375, 0.81689453125, 3.486328125, 0.0171966552734375, 1.93359375, 3.42578125, 3.0078125, 5.1484375, 0.038909912109375, 4.8125, 10.578125, 0.91845703125, 8.90625, 3.017578125, 1.349609375, 12.5, 0.05535888671875, 4.171875, 6.40234375, 4.4375, 0.697265625, 0.16796875, 5.70703125, 9.6015625, 9.8671875, 0.2208251953125, 1.572265625, 3.8203125, 2.349609375, 1.0419921875, 3.666015625, 4.17578125, 7.71484375, 1.07421875, 2.728515625, 1.3076171875, 2.138671875, 10.8515625, 0.849609375, 2.1953125, 1.708984375, 2.779296875, 0.0289459228515625, 9.125, 8.40625, 4.609375, 5.23046875, 8.4140625, 6.4921875, 2.9296875, 9.640625, 3.072265625, 10.25, 2.12890625, 5.65234375, 0.34228515625, 1.4375, 0.1751708984375, 4.00390625, 2.232421875, 5.76953125, 0.12042236328125, 0.0032405853271484375, 0.003368377685546875, 0.0123291015625, 0.0186309814453125, 0.0010166168212890625, 1.25390625, 2.0703125, 2.099609375, 11.359375, 4.09375, 2.421875, 3.150390625, 0.005886077880859375, 0.059539794921875, 0.00322723388671875, 0.002716064453125, 0.00278472900390625, 1.0390625, 0.00449371337890625, 0.039337158203125, 9.2265625, 10.28125, 2.861328125, 0.08465576171875, 1.0009765625, 0.25048828125, 2.9140625, 4.33984375, 1.142578125, 7.44921875, 2.40625, 5.21484375, 0.98291015625, 3.087890625, 0.07952880859375, 4.26953125, 3.138671875, 12.0859375, 7.2890625, 6.4765625, 0.042510986328125, 0.88427734375, 0.12371826171875, 0.74560546875, 0.267578125, 1.30078125, 0.6494140625, 6.09765625, 10.859375, 3.384765625, 7.0625, 1.6416015625, 1.0107421875, 0.04034423828125, 0.49267578125, 0.10565185546875, 0.2119140625, 0.53271484375, 7.734375, 6.8359375, 3.771484375, 8.2421875, 4.88671875, 0.339111328125, 0.6396484375, 0.047607421875, 0.142333984375, 0.059234619140625, 0.1519775390625, 0.396240234375, 6.4453125, 9.4609375, 3.083984375, 5.71484375, 0.1768798828125, 0.74365234375, 0.1075439453125, 3.119140625, 1.9482421875, 0.021636962890625, 0.002048492431640625, 5.53125, 2.359375, 3.8984375, 4.91015625, 2.685546875, 0.01395416259765625, 3.283203125, 0.9072265625, 9.5546875, 6.25, 5.703125, 6.99609375, 0.2222900390625, 2.4921875, 1.58984375, 7.53515625, 6.3359375, 5.6328125, 4.75390625, 3.267578125, 0.033050537109375, 0.95751953125, 0.030303955078125, 0.60302734375, 0.2010498046875, 0.1480712890625, 0.73095703125, 0.0019159317016601562, 0.00453948974609375, 2.271484375, 0.11676025390625, 0.1534423828125, 6.16015625, 0.042999267578125, 5.2890625, 5.359375, 1.0615234375, 0.38232421875, 10.8515625, 1.3056640625, 5.47265625, 1.5517578125, 0.112548828125, 10.65625, 4.55859375, 0.6572265625, 0.383056640625, 9.5859375, 3.63671875, 1.0146484375, 3.83984375, 0.006206512451171875, 0.005924224853515625, 9.03125, 5.84375, 6.9921875, 3.939453125, 11.3984375, 5.47265625, 2.375, 9.453125, 1.7138671875, 5.35546875, 4.21484375, 5.22265625, 9.1484375, 3.775390625, 0.49365234375, 3.029296875, 0.53173828125, 6.1484375, 2.736328125, 0.0021572113037109375, 0.572265625, 3.060546875, 5.9921875, 7.0546875, 7.40234375, 2.4453125, 4.54296875, 2.32421875, 8.1875, 6.34765625, 8.578125, 3.96484375, 2.494140625, 6.625, 3.853515625, 0.16845703125, 4.140625, 4.52734375, 7.5546875, 6.01953125, 5.421875, 2.625, 8.984375, 5.2109375, 0.1739501953125, 1.0771484375, 0.35986328125, 3.6328125, 3.33203125, 0.021728515625, 0.2374267578125, 1.1640625, 9.5, 2.462890625, 0.28662109375, 0.24560546875, 5.8828125, 0.5029296875, 0.0159912109375, 3.140625, 0.394775390625, 0.150634765625, 0.0015163421630859375, 0.00995635986328125, 0.0028533935546875, 0.0290069580078125, 5.64453125, 0.31103515625, 0.489501953125, 0.0006875991821289062, 0.00994110107421875, 0.0009593963623046875, 0.28125, 0.0005536079406738281, 0.9609375, 0.076171875, 0.00701141357421875, 0.2171630859375, 2.123046875, 7.29296875, 0.8916015625, 2.49609375]",-0.9656889168381393
22,0,test,3.4825772042527343,1.3565712509164767,1.9719503397293632,5.841031386879586,2.2752619081826984,3.3073850634701345,32.54348530074717,24.162160830592875,28.013915969895137,54.58242787783545,40.52514316523489,46.985365392545646,3.541932138366316,1.3700755037673904,1.9572837089144355,5.940582383968821,2.2979114461921424,3.2827859674830724,34.533578424488674,25.759018345918516,29.656002159610935,57.92024229423733,43.203416846002575,49.73949729301834,3.4825772042527343,1.3565712509164767,1.9719503397293632,5.841031386879586,2.2752619081826984,3.3073850634701345,32.54348530074717,24.162160830592875,28.013915969895137,54.58242787783545,40.52514316523489,46.985365392545646,0.7688442211055276,-0.0011557788944723812,0.003844221105527623,0.6432160804020101,-0.02678391959798987,-0.001783919597989958,0.5175879396984925,0.012587939698492479,0.017587939698492483,0.43560606060606055,0.0688763819671192,0.137117395618655,0.41825095057034223,0.4321608040201005,0.0637397513885215,0.12164327480474157,0.41414141414141414,0.43560606060606055,0.0688763819671192,0.137117395618655,0.41825095057034223,24.0,0.0,0.0,35.0,2.0,2.0,45.0,-1.0,0.0,-5.8052413940080095e-05,2.7877820452415917e-05,3.6703699256294405e-05,0.000141735257445319,0.00018927773293242467,-8.23537205478786e-05,"[9.09375, 0.307373046875, 7.65625, 6.80859375, 2.27734375, 5.46484375, 3.888671875, 4.84375, 1.865234375, 4.375, 2.62109375, 4.25, 0.60400390625, 1.1171875, 4.0703125, 1.2880859375, 3.333984375, 7.15234375, 1.365234375, 7.1171875, 4.50390625, 0.0020580291748046875, 4.58984375, 3.302734375, 0.8544921875, 0.002628326416015625, 4.99609375, 3.333984375, 0.55615234375, 0.0008459091186523438, 4.0546875, 3.39453125, 3.71484375, 6.96484375, 0.66015625, 8.015625, 0.08917236328125, 1.5302734375, 5.921875, 0.0711669921875, 6.0859375, 5.57421875, 3.345703125, 0.701171875, 3.01953125, 7.23828125, 4.23828125, 0.388427734375, 8.869171142578125e-05, 4.08984375, 7.1015625, 0.29833984375, 3.060546875, 3.47265625, 8.0625, 1.080078125, 7.6640625, 2.890625, 0.75732421875, 0.72509765625, 5.140625, 4.26171875, 10.5, 0.9609375, 7.0859375, 0.728515625, 1.326171875, 6.20703125, 6.42578125, 2.720703125, 2.568359375, 2.623046875, 0.712890625, 0.765625, 0.197265625, 0.17138671875, 1.5791015625, 1.8857421875, 0.81201171875, 7.01171875, 7.71484375, 2.69921875, 2.689453125, 1.4541015625, 10.84375, 4.71484375, 1.17578125, 10.609375, 2.29296875, 5.68359375, 2.8828125, 2.58203125, 5.6796875, 0.149169921875, 2.283203125, 6.98828125, 3.912109375, 4.890625, 0.1300048828125, 4.52734375, 7.6640625, 0.892578125, 4.171875, 6.5078125, 0.4130859375, 2.1171875, 6.1015625, 0.446533203125, 2.388671875, 4.34375, 3.501953125, 3.4296875, 4.9296875, 1.9501953125, 2.1328125, 2.0703125, 0.9580078125, 1.4833984375, 10.078125, 0.05908203125, 1.7744140625, 0.91357421875, 7.671875, 7.25390625, 4.94921875, 4.109375, 5.234375, 0.0247344970703125, 1.357421875, 5.05859375, 4.38671875, 2.2109375, 3.13671875, 1.111328125, 9.90625, 0.01172637939453125, 3.9296875, 2.90234375, 0.264404296875, 5.7890625, 6.1015625, 12.6875, 3.478515625, 5.55078125, 7.08203125, 2.474609375, 2.197265625, 5.640625, 0.68017578125, 1.2060546875, 0.0004208087921142578, 1.51171875, 7.31640625, 0.005615234375, 3.34375, 4.84765625, 2.302734375, 0.71435546875, 6.109375, 0.814453125, 1.71875, 11.8125, 0.451904296875, 0.0989990234375, 9.015625, 3.431640625, 0.849609375, 2.173828125, 5.78515625, 2.98828125, 1.033203125, 7.87890625, 2.279296875, 3.638671875, 2.0, 6.296875, 3.7734375, 0.0916748046875, 5.9921875, 0.8154296875, 2.185546875, 8.8515625, 0.1358642578125, 3.1796875, 1.734375, 5.3125, 4.96484375, 2.478515625, 2.96484375, 7.40234375, 3.658203125, 2.396484375, 4.66015625, 0.75927734375, 2.87109375, 2.982421875, 0.012786865234375, 2.56640625, 1.2060546875, 2.021484375, 7.6328125, 1.107421875, 5.5390625, 4.11328125, 10.6171875, 2.2578125, 5.05078125, 4.49609375, 2.748046875, 5.171875, 0.051483154296875, 2.048828125, 1.734375, 0.21875, 0.004116058349609375, 6.87890625, 6.16796875, 9.0703125, 0.055877685546875, 1.9599609375, 6.1640625, 1.1474609375, 0.115478515625, 0.00861358642578125, 1.5244140625, 1.421875, 2.056640625, 5.3515625, 8.1484375, 0.25146484375, 0.77392578125, 3.814453125, 1.37109375, 4.49609375, 3.619140625, 0.52978515625, 1.595703125, 5.3515625, 0.02813720703125, 4.73828125, 2.8828125, 3.58984375, 2.91015625, 0.00014841556549072266, 4.0, 5.640625, 9.6953125, 4.53125, 1.869140625, 3.443359375, 1.7060546875, 4.73046875, 5.73828125, 0.90380859375, 0.92822265625, 0.421630859375, 6.4453125, 3.54296875, 4.1328125, 2.318359375, 5.87890625, 7.9375, 0.93701171875, 6.16796875]",-0.8275028471693848
347,0,test,3.6516113679536257,1.7041102070844472,1.9779513211766742,6.628134919983052,3.0931748296658874,3.59023096953077,38.536712869633746,31.525566922621163,33.205066665632124,69.94899142723436,57.22287777551404,60.27138151072722,4.081676777882792,1.8845888506118404,2.5996520937075647,7.40875784893011,3.4207663170769544,4.718696237317933,59.24472685831632,50.24595662487798,54.842877839612704,107.53664707055735,91.20274479809784,99.54673624669196,3.818091426007325,1.7635834846514364,2.4163612370710976,6.930317210231783,3.201126325081599,4.386000228633252,45.51725232226562,37.71425492674066,41.45503002007247,82.61955043369221,68.45612658971413,75.24610491038364,0.7437185929648241,-0.006281407035175879,0.00371859296482413,0.6381909547738693,-0.0018090452261306789,-0.0018090452261306789,0.542713567839196,-0.007286432160804046,-0.007286432160804046,0.4477958236658933,0.14420370315604392,0.17506855093862062,0.43488372093023253,0.46733668341708545,0.14402841274039369,0.2185887702284377,0.48989898989898994,0.4581939799331104,0.1426681034723425,0.21792701664056313,0.4563758389261745,28.0,6.0,4.0,37.0,2.0,1.0,44.0,1.0,-1.0,-0.00019186203578293597,-0.00034900131815024637,-0.00023221597417649959,0.004689752272573067,0.004505503341148298,0.00564115031069079,"[3.056640625, 9.4453125, 1.869140625, 1.6689453125, 2.791015625, 0.3544921875, 1.6455078125, 1.3701171875, 8.3125, 2.587890625, 4.89453125, 9.078125, 0.8603515625, 9.953125, 2.80859375, 7.078125, 1.28125, 3.54296875, 2.3046875, 4.26953125, 4.1796875, 6.57421875, 7.93359375, 0.490966796875, 0.336181640625, 0.00864410400390625, 0.689453125, 0.00864410400390625, 0.0159912109375, 7.6171875, 0.0535888671875, 4.703125, 5.328125, 3.255859375, 5.953125, 5.25390625, 1.099609375, 0.779296875, 2.10546875, 0.2044677734375, 3.43359375, 0.69921875, 2.236328125, 3.263671875, 13.0859375, 6.140625, 7.35546875, 2.25390625, 7.296875, 7.5390625, 12.59375, 2.0390625, 0.54296875, 6.55859375, 0.591796875, 4.93359375, 0.35986328125, 4.26953125, 0.174072265625, 10.359375, 0.1824951171875, 4.5390625, 0.6357421875, 1.619140625, 8.3515625, 5.296875, 1.12109375, 5.26953125, 5.4453125, 1.037109375, 3.494140625, 1.6142578125, 6.65625, 2.109375, 1.3984375, 0.179443359375, 0.1292724609375, 4.5625, 5.2109375, 7.71875, 0.52294921875, 1.3154296875, 4.390625, 5.34375, 0.0675048828125, 0.001697540283203125, 0.00330352783203125, 0.000438690185546875, 0.0026092529296875, 0.0011396408081054688, 11.2578125, 4.0390625, 5.44921875, 3.14453125, 7.56640625, 0.08868408203125, 8.015625, 6.56640625, 8.171875, 1.484375, 8.4296875, 8.84375, 5.28515625, 0.9404296875, 9.078125, 8.7890625, 5.69921875, 0.1556396484375, 0.9951171875, 1.90234375, 7.05078125, 5.7421875, 2.80078125, 0.42236328125, 9.234375, 5.00390625, 0.1995849609375, 0.031890869140625, 9.1640625, 1.5537109375, 6.9296875, 5.9609375, 5.71875, 0.95068359375, 4.49609375, 8.6015625, 2.978515625, 6.46484375, 0.09051513671875, 6.1328125, 6.87890625, 3.078125, 5.70703125, 0.02801513671875, 7.04296875, 9.734375, 2.96484375, 3.283203125, 9.8203125, 1.5068359375, 8.421875, 0.5078125, 6.55078125, 2.185546875, 6.1640625, 5.796875, 11.546875, 6.15625, 3.166015625, 1.1572265625, 5.91015625, 6.51171875, 0.325439453125, 0.0095367431640625, 0.005199432373046875, 0.05096435546875, 0.059051513671875, 5.50390625, 3.912109375, 10.453125, 2.435546875, 3.314453125, 7.36328125, 0.08819580078125, 3.744140625, 1.65234375, 11.71875, 8.4296875, 0.03228759765625, 10.0078125, 5.55859375, 4.3046875, 1.6884765625, 7.671875, 7.14453125, 7.24609375, 4.6328125, 6.20703125, 8.875, 0.09674072265625, 0.607421875, 4.9140625, 12.1640625, 2.078125, 0.55126953125, 2.58984375, 2.095703125, 9.078125, 4.63671875, 0.040374755859375, 2.26953125, 0.7265625, 4.7578125, 13.1171875, 3.931640625, 6.84375, 0.082275390625, 0.71484375, 1.9970703125, 7.4765625, 3.615234375, 5.71484375, 4.00390625, 3.677734375, 1.677734375, 4.3984375, 4.7109375, 1.4296875, 3.646484375, 0.01214599609375, 1.611328125, 5.97265625, 4.46875, 4.640625, 5.4140625, 4.01171875, 4.7890625, 4.140625, 0.03662109375, 0.0012140274047851562, 0.004184722900390625, 0.00093841552734375, 0.0027828216552734375, 0.004405975341796875, 5.1015625, 8.9609375, 1.3193359375, 10.234375, 6.28125, 0.083740234375, 1.2529296875, 5.265625, 0.58984375, 4.796875, 0.259033203125, 9.4765625, 0.044403076171875, 13.6953125, 1.125, 0.93212890625, 1.5, 4.9765625, 4.74609375, 10.234375, 2.4609375, 0.4775390625, 2.638671875, 2.318359375, 6.21875, 5.23046875, 0.6259765625, 7.453125, 0.09033203125, 0.73779296875, 1.181640625, 5.15234375, 1.501953125, 0.0048065185546875, 0.007476806640625, 0.041107177734375, 0.1260986328125, 9.0390625, 0.00284576416015625, 0.26953125, 0.0008912086486816406, 0.00305938720703125, 0.0009813308715820312, 0.98193359375, 0.00556182861328125, 0.055206298828125, 4.171875, 3.49609375, 0.376220703125, 9.46875, 4.93359375, 6.3671875, 2.1640625, 1.396484375, 0.82470703125, 6.57421875, 3.068359375, 8.375, 7.46875, 1.81640625, 0.80615234375, 3.09765625, 0.56396484375, 0.4267578125, 4.69140625, 6.85546875, 7.7421875, 6.60546875, 0.63671875, 1.6884765625, 0.07623291015625, 7.1953125, 0.385986328125, 9.5703125, 4.04296875, 5.6953125, 3.21875, 2.44140625, 0.1517333984375, 2.55859375, 0.40673828125, 7.27734375, 3.998046875, 6.83984375, 13.1875, 12.3515625, 0.62451171875, 0.0255584716796875, 1.494140625, 0.38720703125, 5.515625, 3.591796875, 5.09765625, 3.84765625, 11.484375, 1.5068359375, 0.1678466796875, 1.349609375, 6.34765625, 0.049896240234375, 0.07861328125, 11.203125, 13.7890625, 3.453125, 4.625, 0.45361328125, 2.189453125, 0.82958984375, 5.7421875, 4.16015625, 3.541015625, 3.126953125, 3.13671875, 2.4609375, 0.0197906494140625, 0.7548828125, 0.0028629302978515625, 0.176513671875, 8.8671875, 1.8916015625, 5.296875, 2.1015625, 0.008697509765625, 8.09375, 3.44921875, 0.00450897216796875, 0.032440185546875, 4.37890625, 7.89453125, 2.1328125, 4.796875, 5.48828125, 0.427978515625, 0.2469482421875, 7.546875, 0.1123046875, 0.765625, 1.7275390625, 9.3359375, 0.1920166015625, 4.1640625, 10.1875, 0.0802001953125, 0.13134765625, 7.421875, 4.42578125, 0.52099609375, 4.4296875, 5.6015625, 9.2890625, 0.2744140625, 3.78515625, 3.599609375, 0.03643798828125, 2.31640625, 0.00299835205078125, 1.173828125, 11.1796875, 10.2890625, 6.3671875, 5.83984375, 5.34765625, 7.8984375, 8.5625, 2.654296875, 0.370849609375, 4.69140625, 6.1953125, 0.447021484375, 4.0546875, 4.359375, 1.3330078125, 6.9375, 2.08203125, 0.045684814453125, 5.234375, 3.369140625, 0.744140625, 0.416748046875, 0.0017223358154296875, 0.018524169921875, 0.00566864013671875, 0.0308685302734375, 6.5078125, 0.2462158203125, 0.052734375, 0.0235595703125, 0.0015897750854492188, 0.320556640625, 0.0004940032958984375, 0.34228515625, 4.3046875, 4.3203125, 0.9775390625, 1.3447265625, 1.681640625, 0.0908203125, 2.05078125, 0.36767578125, 0.74072265625, 3.90234375, 5.7421875, 5.8125, 1.2529296875, 0.841796875, 0.004974365234375, 0.0003504753112792969]",-1.3530063230864133
375,0,test,3.171057047767024,1.3542232871476685,1.8792929045681674,5.478881899197469,2.3397969016829157,3.2470005184483335,23.832663309939907,17.680315537295172,20.193462342184795,41.17754605217395,30.54765628943777,34.88981549121928,3.530676738700675,1.4898764289816753,2.1119900434903505,6.100224809643944,2.5741753856294496,3.6490494640305493,34.14706843998944,26.450301908265537,30.01537773359953,58.99854602687064,45.70024385261434,51.85990263971918,3.170705653751973,1.349703876087126,1.893486275108746,5.47827476842702,2.3319883636838674,3.271523508660111,23.824290125919603,17.64624574814549,20.237637402113826,41.163079050894424,30.488791264851372,34.966140178096666,0.7185929648241206,-0.006407035175879372,-0.01640703517587938,0.592964824120603,0.002964824120602949,0.002964824120602949,0.48743718592964824,-0.002562814070351749,0.00743718592964826,0.41290322580645167,0.11338631759389128,0.17255987816696672,0.3559870550161812,0.44221105527638194,0.12892784725633177,0.1901242439241282,0.38888888888888884,0.4147157190635451,0.11755378250261017,0.18112283808467966,0.3557046979865772,19.0,0.0,0.0,29.0,1.0,-1.0,40.0,0.0,0.0,-0.001414553300802289,-9.533001978996532e-05,-9.359507813959384e-05,0.004211932160271381,0.003435291723623557,0.00426705638578273,"[3.0625, 9.453125, 2.48046875, 1.494140625, 5.81640625, 5.11328125, 0.0546875, 6.57421875, 9.4140625, 3.9296875, 3.60546875, 6.61328125, 1.4794921875, 0.2271728515625, 6.38671875, 3.5234375, 9.25, 3.8203125, 6.30859375, 1.234375, 5.6875, 0.50830078125, 1.3388671875, 5.25390625, 0.54296875, 11.4296875, 1.9384765625, 2.56640625, 2.4140625, 3.142578125, 0.2288818359375, 8.953125, 1.1435546875, 8.2109375, 6.6328125, 1.4912109375, 5.36328125, 4.76953125, 0.6748046875, 1.970703125, 0.0830078125, 1.15234375, 5.66796875, 2.63671875, 4.3671875, 5.7734375, 3.837890625, 5.53125, 0.0985107421875, 1.15234375, 4.4375, 8.3671875, 0.95458984375, 3.7578125, 0.60595703125, 4.71484375, 9.0390625, 5.00390625, 2.234375, 2.61328125, 3.744140625, 8.6796875, 2.458984375, 1.080078125, 0.541015625, 9.484375, 5.1875, 10.9453125, 1.1962890625, 5.1875, 0.56201171875, 0.96875, 3.765625, 0.1219482421875, 2.99609375, 0.6455078125, 1.8388671875, 2.78515625, 4.42578125, 3.001953125, 2.822265625, 0.028533935546875, 0.998046875, 6.58203125, 6.54296875, 0.00958251953125, 1.1318359375, 9.9921875, 0.234130859375, 3.607421875, 5.3671875, 4.92578125, 5.8671875, 0.3837890625, 0.038177490234375, 7.3359375, 0.466552734375, 0.2220458984375, 7.09375, 0.060699462890625, 1.8681640625, 0.1287841796875, 0.009521484375, 0.1494140625, 0.1776123046875, 1.3720703125, 4.53125, 0.91064453125, 0.794921875, 3.578125, 1.4365234375, 9.4375, 0.112548828125, 4.66796875, 1.3759765625, 4.79296875, 0.11224365234375, 1.6044921875, 16.4375, 2.43359375, 0.027618408203125, 0.0004074573516845703, 0.7177734375, 6.42578125, 8.9296875, 1.048828125, 0.287353515625, 6.4453125, 6.3359375, 1.5224609375, 11.5625, 4.41796875, 1.431640625, 4.91015625, 3.552734375, 1.1474609375, 7.84375, 0.022247314453125, 1.619140625, 2.423828125, 8.828125, 1.7333984375, 8.84375, 5.97265625, 3.30859375, 3.58203125, 10.484375, 0.002902984619140625, 2.8828125, 2.564453125, 3.611328125, 1.8876953125, 0.03021240234375, 4.16796875, 3.4921875, 2.4765625, 10.734375, 7.8046875, 0.71142578125, 0.4892578125, 0.004360198974609375, 1.0380859375, 1.1865234375, 3.294921875, 1.8671875, 4.45703125, 0.007808685302734375, 0.24658203125, 3.181640625, 3.083984375, 2.38671875, 5.44140625, 4.421875, 5.671875, 2.6875, 0.107666015625, 3.400390625, 0.404052734375, 6.04296875, 13.921875, 3.677734375, 3.01171875, 0.68701171875, 7.3828125, 1.0419921875, 6.140625, 0.002040863037109375, 3.369140625, 11.21875, 5.30078125, 2.533203125, 2.21875, 0.0540771484375, 0.148193359375, 0.002658843994140625, 0.140869140625, 5.5546875, 0.269775390625, 2.47265625, 2.05078125, 4.5234375, 7.390625, 1.611328125, 5.13671875, 6.43359375, 3.09375, 0.8515625, 0.63427734375, 0.1546630859375, 0.01543426513671875, 0.67236328125, 2.068359375, 1.5341796875, 0.385986328125, 9.9296875, 0.0028324127197265625, 0.3359375, 0.0007462501525878906, 0.00278472900390625, 0.0016641616821289062, 0.341796875, 3.517578125, 0.314697265625, 8.203125, 3.19921875, 0.9716796875, 2.6015625, 1.0224609375, 0.0018854141235351562, 0.1827392578125, 0.29736328125, 2.91796875, 0.05706787109375, 4.1875, 2.01171875, 2.818359375, 6.6953125, 0.32373046875, 1.3701171875, 0.03472900390625, 0.0014104843139648438, 1.45703125, 0.0001780986785888672, 0.85302734375, 7.015625, 1.3134765625, 6.83984375, 8.265625, 0.047027587890625, 10.046875, 0.0032501220703125, 7.2578125, 4.1796875, 3.49609375, 7.62109375, 5.19921875, 1.74609375, 1.951171875, 7.55078125, 1.162109375, 0.10894775390625, 0.02728271484375, 0.060150146484375, 0.0081024169921875, 0.003604888916015625, 7.545948028564453e-05, 3.947265625, 0.2242431640625, 0.0038604736328125, 0.0003895759582519531, 0.005565643310546875, 5.543231964111328e-05, 0.505859375, 2.1640625, 1.13671875, 7.05078125, 1.11328125, 0.022735595703125, 0.0001977682113647461, 0.006183624267578125, 0.0013151168823242188, 0.0003376007080078125, 9.453125, 2.728515625, 3.318359375, 8.4140625, 3.169921875, 5.4375, 6.14453125, 0.0655517578125, 6.1796875, 5.49609375, 0.609375, 3.623046875, 1.958984375, 3.998046875, 4.91015625, 4.2890625, 0.191162109375, 1.390625, 1.5390625, 2.908203125, 0.1375732421875, 8.7578125, 2.396484375, 5.0859375, 5.2109375, 5.28125, 1.5390625, 0.73974609375]",-1.3416368342215015
318,0,test,3.4944289658597842,1.6265210826975067,2.2299917135529412,6.396905483950971,2.977511271604725,4.082225267979427,32.931477584845844,26.456741270117615,29.39037815508387,60.28439885750469,48.43173948354864,53.8020583713284,3.9422130105483473,1.8043672526384626,2.4889822528031873,7.216619445539324,3.303076664666038,4.5563336321806975,51.53251720964938,43.05136971927926,47.25560733150371,94.3354823236751,78.8098844587899,86.5061664265232,3.509803238521053,1.6429764990665447,2.2479545037195026,6.425049644287173,3.007634574793948,4.115107971289801,33.441687100741234,26.9739471237344,29.909742015638983,61.21838895490882,49.37853708443183,54.752806422071366,0.7989949748743719,-0.0010050251256281673,-0.0010050251256281673,0.6532663316582914,0.003266331658291377,0.01826633165829139,0.4974874371859297,-0.007512562814070312,-0.007512562814070312,0.4041916167664671,0.10523795458410534,0.17112388768280173,0.38138138138138133,0.42211055276381915,0.09128348509464623,0.1483209033481263,0.4292929292929293,0.4046822742474916,0.10084254135934467,0.16886469916406555,0.38590604026845643,30.0,7.0,6.0,42.0,7.0,8.0,49.0,7.0,7.0,-0.0005816492959154769,-0.0004707359195145034,-0.0007842038311746752,0.013588331759345706,0.020938786284415478,0.02488473555876869,"[3.056640625, 9.4453125, 2.4296875, 1.0791015625, 3.802734375, 1.4775390625, 2.685546875, 0.953125, 3.404296875, 1.33203125, 11.9921875, 7.85546875, 5.34375, 1.1787109375, 9.3828125, 7.8671875, 1.89453125, 1.9658203125, 10.0, 0.15771484375, 2.419921875, 9.078125, 2.833984375, 0.642578125, 6.25390625, 2.443359375, 3.833984375, 9.4921875, 1.357421875, 10.3125, 1.17578125, 2.474609375, 8.21875, 6.2578125, 1.1416015625, 3.607421875, 0.68701171875, 4.64453125, 0.259033203125, 4.765625, 9.671875, 4.046875, 5.2109375, 1.5146484375, 7.5390625, 8.28125, 0.351318359375, 6.6171875, 4.91796875, 5.390625, 1.5146484375, 2.1875, 4.78515625, 2.953125, 7.87109375, 6.26171875, 0.239501953125, 6.46875, 3.35546875, 0.2418212890625, 2.716796875, 0.6484375, 2.982421875, 1.1416015625, 8.921875, 0.6552734375, 4.8125, 0.07257080078125, 0.90283203125, 1.6513671875, 8.953125, 3.423828125, 4.4296875, 6.45703125, 7.4765625, 2.193359375, 8.1640625, 9.0546875, 7.07421875, 1.65234375, 8.2578125, 6.00390625, 6.73046875, 1.41796875, 4.64453125, 2.462890625, 1.7294921875, 5.4453125, 3.236328125, 1.6240234375, 1.2451171875, 0.05908203125, 2.02734375, 4.48046875, 8.109375, 5.36328125, 3.017578125, 1.7255859375, 0.0660400390625, 1.8759765625, 2.615234375, 0.9609375, 2.578125, 2.345703125, 1.87890625, 7.5546875, 5.7890625, 4.61328125, 0.0054931640625, 2.994140625, 2.69140625, 5.0625, 0.0182037353515625, 10.3046875, 1.923828125, 3.009765625, 6.8828125, 1.1337890625, 1.6611328125, 4.546875, 0.0614013671875, 3.537109375, 8.8125, 4.328125, 5.8671875, 0.63671875, 5.41796875, 0.91259765625, 0.01534271240234375, 6.796875, 1.8740234375, 2.251953125, 6.20703125, 7.80078125, 0.75048828125, 1.546875, 0.00693511962890625, 3.3515625, 11.9140625, 5.27734375, 2.68359375, 1.4404296875, 5.3984375, 10.328125, 1.5400390625, 1.525390625, 0.3271484375, 8.6875, 0.96142578125, 11.1796875, 0.06097412109375, 4.8984375, 2.083984375, 0.2666015625, 2.80078125, 2.25, 1.6044921875, 8.7890625, 0.5849609375, 10.21875, 4.31640625, 1.50390625, 6.2265625, 2.732421875, 3.1640625, 6.890625, 5.85546875, 0.2449951171875, 0.27294921875, 7.4765625, 4.3046875, 3.98046875, 3.431640625, 7.76171875, 0.00232696533203125, 0.0528564453125, 0.0018558502197265625, 0.0036334991455078125, 0.0027923583984375, 1.712890625, 0.0051116943359375, 0.01151275634765625, 3.244140625, 7.8125, 11.2421875, 8.03125, 5.66015625, 3.5859375, 10.2890625, 7.74609375, 8.03125, 2.875, 3.91015625, 6.875, 3.05859375, 2.400390625, 0.0002543926239013672, 0.004467010498046875, 7.8515625, 5.94921875, 8.25, 4.1171875, 5.671875, 0.330078125, 0.9296875, 3.509765625, 0.1329345703125, 0.00514984130859375, 0.2420654296875, 5.984306335449219e-05, 0.00606536865234375, 12.2109375, 6.51953125, 8.5390625, 3.708984375, 4.0390625, 7.3984375, 0.927734375, 10.4921875, 9.75, 10.65625, 1.6083984375, 9.5625, 2.56640625, 0.304443359375, 1.400390625, 1.9755859375, 0.397705078125, 7.677078247070312e-05, 0.01678466796875, 13.4765625, 1.609375, 0.7421875, 7.71875, 7.57421875, 0.7275390625, 1.5947265625, 4.4375, 6.0625, 6.6171875, 0.7451171875, 4.31640625, 0.037017822265625, 0.169921875, 3.384765625, 0.42431640625, 0.0294952392578125, 0.10369873046875, 1.6669921875, 0.0013360977172851562, 5.109375, 0.2071533203125, 0.0012006759643554688, 0.01436614990234375, 3.158203125, 3.1640625, 2.970703125, 4.26953125, 5.8359375, 4.06640625, 2.10546875, 0.0012063980102539062, 0.016387939453125, 9.0859375, 5.19921875, 1.259765625, 0.66259765625, 0.025909423828125, 0.11627197265625, 0.31591796875, 0.0003521442413330078, 0.00011801719665527344, 0.1312255859375, 0.0001361370086669922, 0.00543975830078125, 4.86328125, 0.67431640625, 0.007312774658203125, 0.052459716796875, 0.0653076171875, 0.0010662078857421875, 5.614757537841797e-05, 0.45458984375, 0.26318359375, 0.07623291015625, 0.00977325439453125, 0.072265625, 0.0007543563842773438, 0.0005822181701660156, 0.4169921875, 0.0143585205078125, 0.0714111328125, 0.0005269050598144531, 0.04095458984375, 9.265625, 0.75634765625, 0.385498046875, 7.8515625, 7.30078125, 6.47265625, 5.46875, 6.93359375, 6.1875, 9.4765625, 0.0887451171875, 0.921875, 1.6416015625, 0.0014066696166992188, 2.666015625, 0.0258331298828125, 0.0034465789794921875, 0.00799560546875, 5.73828125, 1.3916015625, 3.9765625, 12.625, 3.234375, 0.96240234375, 0.00041103363037109375, 0.006992340087890625, 7.28125, 8.0625, 1.7783203125, 0.8515625, 0.03265380859375, 0.1539306640625, 5.2890625, 0.5625, 0.736328125, 0.326171875, 0.00021779537200927734, 0.0028285980224609375, 9.8125, 13.71875]",-1.2677494551607236
255,0,test,3.8781834596432514,1.7774020246378268,2.41750695151116,6.391088048289644,2.929085989581725,3.9839527823372696,48.336330377637594,40.16377664009272,44.02745684709305,79.65629955090277,66.18826456505076,72.55545184495436,4.397098253719771,2.031121959838037,2.8036117625705947,7.246238448732072,3.3472060868759486,4.620237751583174,81.2148614918674,70.56042589005025,76.2939858475814,133.83877684629167,116.28070184941956,125.72937463657544,3.936931848526001,1.852567591659188,2.497167870535382,6.487902995274991,3.0529557760506005,4.115230725423104,51.26108301170797,43.22160419845993,47.04138325426852,84.47617251419221,71.22743957195183,77.52227954657516,0.778894472361809,-0.006105527638191055,0.003894472361808954,0.7185929648241206,-0.0014070351758793676,0.003592964824120526,0.6331658291457287,0.0031658291457287158,0.0031658291457287158,0.4627329192546584,0.135601136308922,0.21376597710589806,0.4112149532710281,0.46733668341708545,0.11645949043462933,0.1968859321649986,0.46464646464646464,0.47986577181208057,0.15323260598293487,0.23879434324065196,0.43434343434343436,19.0,1.0,1.0,33.0,-1.0,-1.0,41.0,0.0,0.0,-0.0015772788015516507,-9.122357021994338e-05,-0.0006112782534634644,-0.0004162097626174699,-1.455475439904319e-05,0.00012091058364038787,"[3.056640625, 9.4453125, 2.4296875, 6.078125, 0.78955078125, 0.10418701171875, 2.328125, 7.8515625, 10.125, 0.880859375, 8.78125, 4.6875, 1.0947265625, 8.8125, 3.791015625, 0.90234375, 0.8212890625, 6.0625, 0.77490234375, 3.591796875, 5.28515625, 3.140625, 6.94921875, 2.158203125, 5.45703125, 9.5234375, 7.16796875, 6.16796875, 6.44140625, 0.18017578125, 3.6953125, 6.07421875, 1.9306640625, 2.99609375, 0.212158203125, 8.046875, 7.08984375, 5.265625, 3.80859375, 2.986328125, 1.88671875, 5.36328125, 2.68359375, 2.390625, 7.92578125, 4.58203125, 0.51904296875, 4.23828125, 0.98046875, 0.89111328125, 3.94140625, 4.2265625, 0.445068359375, 9.8515625, 0.12017822265625, 6.9609375, 8.234375, 2.978515625, 1.7939453125, 3.388671875, 4.421875, 1.2119140625, 6.7890625, 4.66015625, 9.828125, 4.27734375, 9.5703125, 2.34375, 3.904296875, 3.025390625, 3.408203125, 8.5859375, 5.69140625, 4.28515625, 8.9140625, 7.3046875, 2.642578125, 7.3671875, 17.21875, 4.2578125, 1.7822265625, 4.8046875, 2.515625, 0.493408203125, 0.89453125, 6.4921875, 8.6015625, 5.203125, 3.37890625, 3.7265625, 5.828125, 6.25390625, 2.25390625, 6.796875, 2.099609375, 7.48046875, 5.9609375, 3.59375, 4.35546875, 5.19921875, 7.70703125, 4.3046875, 3.0546875, 5.97265625, 7.94140625, 0.8466796875, 0.52783203125, 12.71875, 0.1431884765625, 10.625, 2.529296875, 2.4453125, 0.25146484375, 3.9921875, 0.6796875, 0.6787109375, 7.36328125, 6.6796875, 2.46484375, 7.29296875, 4.91015625, 11.0390625, 6.05859375, 6.74609375, 0.150146484375, 11.859375, 0.21484375, 5.6875, 3.654296875, 0.432373046875, 0.3095703125, 6.8828125, 3.970703125, 0.86669921875, 6.40625, 4.2890625, 8.109375, 2.1796875, 5.28515625, 2.0859375, 8.4453125, 0.016845703125, 0.003826141357421875, 9.6640625, 1.568359375, 8.9140625, 7.05859375, 8.5859375, 2.04296875, 6.01953125, 3.744140625, 0.51953125, 4.0, 4.64453125, 8.265625, 2.958984375, 9.8046875, 1.0380859375, 3.951171875, 0.03155517578125, 4.2421875, 0.06134033203125, 0.701171875, 3.28125, 0.0213165283203125, 4.23046875, 5.12109375, 0.72021484375, 1.412109375, 6.51953125, 3.91796875, 0.640625, 7.390625, 0.210693359375, 1.830078125, 8.265625, 0.46337890625, 8.6328125, 7.03125, 0.66748046875, 11.6875, 7.41796875, 0.701171875, 0.90185546875, 8.4609375, 3.740234375, 4.125, 0.0023136138916015625, 3.7578125, 0.66796875, 6.78515625, 4.54296875, 6.83984375, 0.392578125, 8.1875, 0.01467132568359375, 0.98486328125, 6.98046875, 6.41796875, 12.1640625, 0.3134765625, 6.69921875, 5.484375, 7.61328125, 0.7802734375, 0.66796875, 0.032501220703125, 0.0128936767578125, 0.3779296875, 7.0546875, 5.15625, 10.34375, 5.078125, 0.3447265625, 0.53076171875, 9.1171875, 0.2880859375, 0.63623046875, 4.79296875, 7.46484375, 4.94921875, 1.138671875, 0.59912109375, 6.94921875, 0.94580078125, 0.73681640625, 5.09375, 7.8359375, 4.59765625, 0.1514892578125, 0.60693359375, 6.66015625, 0.450439453125, 7.74609375, 4.82421875, 4.9375, 0.1824951171875, 0.454833984375, 5.70703125, 0.6064453125, 2.97265625, 6.30078125, 12.3984375, 0.188720703125, 0.277099609375, 5.33203125, 0.1502685546875, 3.728515625, 6.62890625, 3.205078125, 0.0027446746826171875, 2.265625, 0.0022602081298828125, 0.007110595703125, 0.006122589111328125, 0.0180816650390625, 7.05078125, 0.2440185546875, 0.0028076171875, 0.00567626953125, 0.00614166259765625, 2.302734375, 0.006092071533203125, 0.3623046875, 3.134765625, 4.21875, 0.02978515625, 2.359375, 0.294921875, 0.00481414794921875, 0.10272216796875, 0.0008454322814941406, 1.3369140625, 3.51171875, 0.11456298828125, 5.11328125, 12.0859375, 0.62744140625, 3.404296875, 7.609375, 4.2109375, 5.765625, 2.9140625, 4.8203125, 0.27734375, 9.875, 9.1640625, 0.99658203125, 0.072265625, 7.39453125, 3.3359375, 4.15625, 0.0052032470703125, 0.0005488395690917969, 0.572265625, 0.004291534423828125, 0.00276947021484375, 0.0274658203125, 0.0019817352294921875, 4.85546875, 5.0390625, 0.060577392578125, 0.004352569580078125, 2.90625, 3.01171875, 0.056427001953125, 0.0027408599853515625, 2.673828125, 0.69482421875, 1.3515625, 2.5078125, 1.2744140625, 1.4560546875, 8.46875, 3.306640625, 1.2412109375, 5.609375, 8.859375, 0.69775390625, 1.3232421875, 14.609375, 1.208984375]",-1.450172329541319
445,0,test,3.4448581547726005,1.4611865742348111,1.7290536670435979,6.64255159888887,2.817534649869815,3.3340496718777892,31.33883786680104,24.069453689742712,25.777690278551983,60.429149249885405,46.41195106093886,49.70586017837377,3.600101813599093,1.5297809044144723,2.13877411811076,6.941900358061031,2.9498017439382203,4.124093590975905,36.601960831342396,28.674594156864384,32.2902805030587,70.57777200662434,55.291818329379744,62.26376957988897,3.4892285033611947,1.50527231843267,2.0748648105492773,6.72810877329737,2.902543035542816,4.00086039702327,32.76066321248158,25.489209842331768,28.646795263257403,63.17078556666851,49.14959745382359,55.238215081617405,0.6884422110552764,0.003442211055276312,0.008442211055276427,0.5678391959798995,-0.012160804020100557,-0.012160804020100557,0.5226130653266332,-0.007386934673366818,-0.002386934673366814,0.4592074592074592,0.14605262800839047,0.1727949469884954,0.4158878504672897,0.4723618090452262,0.15155980403269487,0.22528334493838142,0.41414141414141414,0.4548494983277592,0.13598472370338532,0.20457141156468917,0.3926174496644296,28.0,11.0,11.0,38.0,8.0,9.0,49.0,9.0,11.0,-0.0007151716607857793,-0.0005305644836402446,-4.644009623763118e-05,0.017990998971108674,0.01949227239124074,0.016690643352736068,"[3.056640625, 6.44140625, 0.033599853515625, 0.005107879638671875, 0.012451171875, 0.640625, 8.765625, 5.140625, 6.0546875, 2.826171875, 8.1015625, 4.06640625, 3.0, 11.40625, 6.6328125, 3.390625, 8.0078125, 8.6875, 1.4150390625, 4.7578125, 4.6953125, 2.673828125, 2.1171875, 4.8671875, 7.328125, 12.0078125, 0.00778961181640625, 1.4794921875, 10.53125, 6.62109375, 7.12890625, 3.9296875, 0.63525390625, 0.0010318756103515625, 12.75, 1.396484375, 9.4140625, 2.48046875, 7.5234375, 5.609375, 4.23828125, 7.0, 7.55859375, 0.0036678314208984375, 0.252685546875, 0.0007166862487792969, 0.0010423660278320312, 0.00038552284240722656, 6.484375, 6.64453125, 7.1171875, 5.07421875, 3.640625, 4.94921875, 1.3984375, 4.29296875, 1.857421875, 7.7890625, 0.0384521484375, 5.20703125, 5.16015625, 6.62109375, 5.51953125, 6.30859375, 4.42578125, 6.734375, 0.95361328125, 4.08203125, 2.72265625, 4.94921875, 1.134765625, 1.44140625, 0.342041015625, 6.5625, 2.73828125, 4.359375, 8.3515625, 0.52392578125, 3.73828125, 5.84375, 0.275634765625, 0.35546875, 1.4228515625, 4.703125, 1.5625, 0.0006556510925292969, 5.08203125, 5.01953125, 1.240234375, 0.473388671875, 7.78515625, 11.84375, 8.7421875, 3.5, 8.796875, 5.51171875, 7.515625, 0.87548828125, 4.734375, 5.06640625, 3.58984375, 1.87109375, 5.8359375, 7.828125, 3.86328125, 10.3125, 1.9912109375, 1.642578125, 7.08203125, 4.375, 4.328125, 0.68017578125, 10.0078125, 4.1328125, 6.07421875, 2.732421875, 4.8671875, 7.66015625, 0.0088958740234375, 1.1669921875, 6.109375, 4.39453125, 0.278076171875, 0.4970703125, 5.0, 0.0435791015625, 0.02789306640625, 0.0848388671875, 0.465576171875, 0.55029296875, 0.0007290840148925781, 3.60546875, 0.50732421875, 0.021575927734375, 0.044769287109375, 1.21875, 0.005207061767578125, 0.00374603271484375, 0.01312255859375, 0.11431884765625, 0.5849609375, 0.0020351409912109375, 1.1875, 0.06365966796875, 0.00174713134765625, 0.032073974609375, 0.388671875, 0.1636962890625, 2.076171875, 1.177734375, 0.0021305084228515625, 8.3359375, 3.57421875, 1.8115234375, 4.23828125, 3.3671875, 4.0859375, 0.459228515625, 0.0015163421630859375, 3.25390625, 9.15625, 6.59375, 0.331298828125, 4.55078125, 4.5859375, 0.38671875, 0.0008988380432128906, 10.0078125, 2.2890625, 0.0870361328125, 0.29248046875, 0.9228515625, 0.060699462890625, 4.984375, 3.4921875, 3.095703125, 1.48046875, 5.26953125, 0.404541015625, 0.13720703125, 0.01308441162109375, 0.108642578125, 8.328125, 10.0234375, 2.98828125, 0.348388671875, 1.9462890625, 0.4970703125, 5.0, 0.7275390625, 6.87890625, 8.953125, 0.99853515625, 8.5625, 5.73828125, 3.66015625, 5.93359375, 0.0107574462890625, 3.25, 4.3125, 9.7578125, 3.013671875, 4.0390625, 4.46875, 5.3515625, 1.6650390625, 9.0, 0.0143890380859375, 0.0032672882080078125, 0.0212554931640625, 9.429454803466797e-05, 0.00618743896484375, 0.50439453125, 0.017608642578125, 0.5869140625, 0.802734375, 4.00543212890625e-05, 5.23046875, 4.203125, 0.450927734375, 1.841796875, 0.07794189453125, 5.57421875, 0.4814453125, 0.0005354881286621094, 8.3515625, 1.0732421875, 0.2103271484375, 12.234375, 2.20703125, 3.46875, 1.44140625, 5.23046875, 0.08319091796875, 1.5830078125, 3.205078125, 2.326171875, 13.4765625, 7.890625, 3.78515625, 0.498291015625, 4.91796875, 2.828125, 1.7392578125, 4.80078125, 0.3779296875, 3.796875, 1.7265625, 0.1392822265625, 9.234375, 4.796875, 5.8359375, 0.55419921875, 6.5546875, 1.7255859375, 2.37890625, 2.41796875, 0.8828125, 6.421875, 5.17578125, 9.0234375, 0.7490234375, 5.4375, 0.340576171875, 1.4814453125, 0.76220703125, 0.00015079975128173828, 4.43359375, 2.1953125, 0.81640625, 3.595703125, 0.1341552734375, 17.1875, 5.046875, 0.403564453125, 8.7265625, 1.7099609375, 3.529296875, 4.234375, 0.09051513671875, 8.3515625, 2.91015625, 2.36328125, 3.673828125, 7.546875, 5.61328125, 5.7578125, 1.3173828125, 4.40625, 5.19921875, 4.3828125, 3.65234375, 2.333984375, 4.1328125, 0.2364501953125, 0.001861572265625, 0.0192718505859375, 0.373779296875, 0.7041015625, 1.4150390625, 0.5166015625, 0.0003445148468017578, 5.5078125, 8.3671875, 0.400390625, 0.009002685546875, 0.066162109375, 6.640625, 4.04296875, 0.382568359375, 0.0003521442413330078, 9.921875, 3.18359375, 0.11346435546875, 4.96484375, 2.287109375, 0.19921875, 0.0005626678466796875, 3.3671875, 0.0771484375, 0.0009870529174804688, 0.01004791259765625, 4.34765625, 2.494140625, 0.22607421875, 0.002674102783203125, 11.6171875, 0.344482421875, 1.3935546875, 1.3955078125, 0.222412109375, 0.0007987022399902344, 8.9765625, 6.84375, 6.1015625, 0.284912109375, 1.9384765625, 4.4296875, 2.53125, 4.5, 5.55859375, 4.90234375, 6.63671875, 7.83984375, 1.1025390625, 1.5185546875, 4.6328125, 0.53564453125, 1.7861328125, 8.0546875, 4.88671875, 9.1875, 7.31640625, 2.724609375, 0.361328125, 2.32421875, 7.875, 4.203125, 5.70703125, 8.3125, 8.546875, 1.6005859375, 1.5908203125, 5.52734375, 3.1953125, 0.01141357421875, 5.14453125, 7.29296875, 0.8720703125, 0.58984375, 1.4208984375, 0.0011539459228515625, 7.421875, 0.1473388671875, 7.69140625, 3.625, 5.52734375, 2.9375, 7.2734375, 5.6015625, 1.0009765625, 0.117919921875, 4.21875, 2.4140625, 5.54296875, 0.82177734375, 0.00030112266540527344, 4.28515625, 7.62109375, 5.046875, 0.025177001953125, 2.884765625, 0.191162109375, 1.5166015625, 0.7861328125, 0.00030541419982910156, 1.8984375, 9.0546875, 3.30078125, 0.034637451171875, 0.279541015625, 0.1943359375, 4.59765625, 0.8232421875, 0.0010137557983398438, 4.4140625, 6.9921875, 0.092529296875, 7.328125, 2.4140625, 1.4443359375, 1.44140625, 10.59375, 2.19140625, 1.9716796875, 3.33984375, 2.54296875, 5.83984375, 5.50390625, 3.6875, 4.45703125, 6.4140625, 4.22265625, 1.6748046875, 1.419921875, 2.298828125, 7.77734375, 0.064697265625, 8.625]",-0.9516190676700265
13,0,test,3.3888183221584414,1.4833416848075813,2.0790382749286227,6.643159726770913,2.9078206043450208,4.075575031010872,29.630917375978196,22.908306264302837,25.925558757298447,58.08600469735408,44.9075527562127,50.82232550041838,3.4078826712603547,1.469186707200023,2.0827324015625317,6.68053190318498,2.880072354590521,4.082816691951947,30.201230580832824,23.25154815741562,26.438479840897415,59.203999630680215,45.58041583239411,51.827813656362395,3.40140721080749,1.5100996999034138,2.0839333430302585,6.667837944995634,2.9602748085408184,4.0851709184799505,30.006295534830286,23.37826629640587,26.272318600955188,58.82186505637365,45.82882361279563,51.50208487647564,0.6884422110552764,0.003442211055276312,0.02344221105527633,0.5728643216080402,-0.0021356783919597166,0.0028643216080401768,0.4623115577889447,-0.002688442211055242,-0.007688442211055246,0.41463414634146345,0.10023252362341073,0.1727422544495716,0.4,0.4170854271356784,0.09878968778730746,0.17334586119243967,0.3737373737373737,0.41463414634146345,0.1042893187552566,0.17139090309822025,0.38367346938775515,17.0,-1.0,-1.0,29.0,1.0,1.0,37.0,-2.0,-2.0,-0.00012345093050978684,0.0001226691260753594,-0.00012095633030691626,1.699666395538202e-05,9.033858156382024e-05,0.00010696492421935488,"[3.056640625, 9.4453125, 2.4296875, 1.0791015625, 0.80224609375, 5.9921875, 0.421142578125, 7.3671875, 3.833984375, 11.3984375, 0.214111328125, 1.6923828125, 3.982421875, 4.72265625, 8.6484375, 0.198486328125, 4.09375, 0.3466796875, 0.74462890625, 7.68359375, 3.7421875, 16.046875, 3.07421875, 1.2197265625, 14.578125, 2.232421875, 9.1796875, 3.171875, 3.111328125, 0.994140625, 1.46875, 9.4921875, 0.2939453125, 6.03515625, 5.88671875, 1.12890625, 4.33984375, 6.65234375, 0.419189453125, 7.515625, 2.58984375, 2.923828125, 4.5703125, 0.66796875, 5.6328125, 4.6015625, 5.3671875, 1.2177734375, 5.69921875, 1.396484375, 6.671875, 7.71875, 0.02203369140625, 4.171875, 0.54443359375, 6.3359375, 4.98828125, 5.328125, 4.05859375, 2.365234375, 0.3486328125, 0.85107421875, 2.8515625, 0.96337890625, 8.4375, 4.17578125, 6.6171875, 0.0262451171875, 4.61328125, 1.208984375, 0.314208984375, 3.44921875, 0.00980377197265625, 0.004302978515625, 1.5380859375, 0.7734375, 2.212890625, 2.759765625, 0.26123046875, 3.939453125, 0.50634765625, 7.0234375, 9.4375, 0.499267578125, 3.732421875, 2.3515625, 8.2109375, 0.1607666015625, 0.23095703125, 2.42578125, 2.794921875, 5.84375, 2.326171875, 1.1748046875, 2.232421875, 2.07421875, 1.0869140625, 0.319091796875, 5.3671875, 0.71875, 10.84375, 0.2210693359375, 1.7373046875, 3.880859375, 0.626953125, 7.72265625, 6.97265625, 4.20703125, 0.494384765625, 0.7666015625, 3.71484375, 5.51171875, 2.9609375, 1.2109375, 6.1328125, 2.478515625, 1.2177734375, 0.09112548828125, 5.78515625, 0.038177490234375, 1.9052734375, 4.33984375, 1.8251953125, 5.06640625, 4.5078125, 0.3271484375, 0.053009033203125, 2.29296875, 2.798828125, 1.875, 0.00873565673828125, 0.83447265625, 9.234375, 0.01690673828125, 2.328125, 3.49609375, 0.6474609375, 3.869140625, 12.3671875, 11.7578125, 0.1055908203125, 0.662109375, 10.6640625, 0.60693359375, 4.43359375, 0.85791015625, 4.8984375, 0.0267791748046875, 0.020843505859375, 0.669921875, 0.958984375, 3.21484375, 2.55859375, 0.80712890625, 1.31640625, 5.546875, 0.293701171875, 0.203125, 0.07696533203125, 1.0703125, 0.0634765625, 0.67041015625, 0.073974609375, 0.083740234375, 0.0275726318359375, 2.328125, 0.91064453125, 3.28515625, 2.931640625, 7.0859375, 2.748046875, 3.13671875, 9.1875, 3.3359375, 5.453125, 7.76953125, 7.20703125, 4.875, 0.2327880859375, 7.56640625, 3.294921875, 2.943359375, 3.02734375, 0.07012939453125, 1.8525390625, 4.203125, 5.83984375, 2.056640625, 1.9736328125, 8.3515625, 0.455810546875, 8.59375, 0.312744140625, 1.634765625, 0.276123046875, 8.96875, 3.6015625, 11.3125, 5.8515625, 0.09783935546875, 6.59375, 5.921875, 5.22265625, 0.318359375, 2.068359375, 4.15625, 1.7578125, 0.2054443359375, 6.328125, 1.4638671875, 2.416015625, 3.509765625, 6.37109375, 5.98828125, 5.77734375, 0.39453125, 4.96484375, 2.04296875, 0.037811279296875, 0.7578125, 7.82421875, 4.0234375, 8.390625, 3.71484375, 7.6171875, 3.310546875, 0.7080078125, 6.578125, 1.5244140625, 3.958984375, 0.7333984375, 8.90625, 0.6044921875, 0.271728515625, 5.25, 0.6962890625, 2.607421875, 0.8759765625, 0.56103515625, 6.97265625, 1.8154296875, 0.23876953125, 3.40625, 2.02734375, 6.34375, 0.058013916015625]",-0.5581838503116514
447,0,test,3.7284403884925714,1.7440059754129729,2.370316386056982,6.623464690145627,3.098175321027752,4.210797344642403,41.614155610857814,34.33922399537605,37.725264706425754,73.92632349693565,61.002621450609226,67.01782318435635,3.895182949813766,1.7438501131129058,2.4243939459639403,6.919677946139749,3.0978984362358677,4.306864539300647,49.165047276184374,40.568739035972534,44.81237921773711,87.3402604553393,72.06917169919828,79.60787366915652,3.7193937333531206,1.7176269410302836,2.3674414362145626,6.607393573368485,3.051313742300857,4.205690080804694,41.23938446478155,33.83726189879443,37.37442073725304,73.26055357861193,60.110900549623054,66.3945591920613,0.7638190954773869,0.0038190954773869024,-0.001180904522613102,0.6532663316582914,-0.021733668341708645,-0.011733668341708636,0.5226130653266332,-0.02238693467336672,-0.017386934673366827,0.44850498338870437,0.12512189881158997,0.19878122648262697,0.43333333333333335,0.44221105527638194,0.08882759662976536,0.1851158966787192,0.4494949494949495,0.4448160535117057,0.12094293164192271,0.1956503138009159,0.43288590604026844,26.0,5.0,5.0,37.0,4.0,4.0,46.0,5.0,6.0,-0.0007027334949426576,-3.983282356093498e-05,-0.00021267700831604648,0.004176391821266279,0.0034004299981758024,0.004235515373064658,"[3.056640625, 9.4453125, 2.48046875, 5.80859375, 1.4013671875, 0.0943603515625, 1.3212890625, 3.814453125, 9.265625, 6.78125, 4.8203125, 3.93359375, 4.6953125, 2.93359375, 3.5859375, 5.38671875, 0.64599609375, 7.15625, 7.36328125, 3.814453125, 1.548828125, 2.841796875, 6.03515625, 0.77587890625, 0.576171875, 13.1796875, 0.391845703125, 5.7421875, 2.0390625, 5.64453125, 4.58203125, 1.498046875, 10.5390625, 2.224609375, 2.921875, 5.765625, 4.94921875, 0.041107177734375, 0.0008640289306640625, 0.7119140625, 7.1484375, 5.0703125, 5.484375, 5.2421875, 3.806640625, 0.5830078125, 2.921875, 8.6484375, 0.091552734375, 7.12109375, 0.53759765625, 0.30078125, 0.002201080322265625, 0.00043082237243652344, 0.024444580078125, 10.953125, 0.740234375, 7.02734375, 2.400390625, 6.78125, 9.09375, 8.546875, 0.09320068359375, 3.474609375, 0.2479248046875, 4.87890625, 0.0088043212890625, 8.7421875, 3.763671875, 0.049713134765625, 5.61328125, 5.82421875, 3.53125, 1.2041015625, 1.4736328125, 3.728515625, 0.01180267333984375, 7.50390625, 0.045135498046875, 2.734375, 5.015625, 7.02734375, 1.548828125, 0.58935546875, 0.0304718017578125, 0.0024261474609375, 8.734375, 8.0859375, 8.296875, 0.345947265625, 4.44140625, 2.21875, 7.3125, 1.71484375, 3.06640625, 0.74462890625, 5.7421875, 2.67578125, 9.90625, 8.3125, 3.94921875, 1.9609375, 4.25, 1.3251953125, 5.4453125, 0.10858154296875, 3.318359375, 2.4609375, 4.3515625, 6.65625, 0.0249786376953125, 9.296875, 2.384765625, 9.78125, 0.476806640625, 1.1416015625, 3.541015625, 4.4765625, 0.02301025390625, 2.66015625, 0.88330078125, 0.143310546875, 0.279541015625, 2.20703125, 2.072265625, 6.59375, 10.875, 9.3828125, 1.1630859375, 10.6171875, 4.4140625, 0.284423828125, 8.4140625, 3.720703125, 2.51953125, 4.6796875, 0.94970703125, 2.02734375, 5.8671875, 0.4033203125, 6.12109375, 0.55810546875, 1.6640625, 10.3984375, 6.88671875, 1.384765625, 1.69921875, 4.2109375, 9.0625, 7.62109375, 3.267578125, 4.20703125, 4.640625, 0.04254150390625, 6.33203125, 7.33203125, 2.595703125, 2.248046875, 6.5390625, 11.1015625, 0.00499725341796875, 2.0, 5.2421875, 4.140625, 10.390625, 5.76953125, 2.255859375, 3.07421875, 3.361328125, 9.1640625, 2.55859375, 6.9140625, 6.21875, 2.802734375, 1.0439453125, 6.0703125, 0.0300750732421875, 9.6953125, 0.9873046875, 3.044921875, 2.470703125, 3.029296875, 8.4921875, 7.6640625, 4.078125, 0.05633544921875, 2.59375, 0.256591796875, 7.3671875, 3.080078125, 5.51953125, 0.0379638671875, 0.01161956787109375, 0.0711669921875, 0.07696533203125, 4.6640625, 2.318359375, 7.66796875, 5.37109375, 2.548828125, 6.58203125, 9.75, 5.83984375, 0.77783203125, 6.73828125, 1.59765625, 0.22216796875, 1.7431640625, 0.00677490234375, 2.73046875, 4.4921875, 0.025360107421875, 5.5234375, 6.51171875, 7.27734375, 2.6640625, 4.67578125, 1.7529296875, 8.6328125, 5.75, 11.9609375, 5.88671875, 0.93359375, 0.0655517578125, 2.77734375, 7.1796875, 4.8984375, 0.3603515625, 1.552734375, 5.42578125, 6.48046875, 9.140625, 1.5087890625, 2.55078125, 1.3701171875, 8.4296875, 6.17578125, 4.55078125, 4.24609375, 0.01140594482421875, 0.005054473876953125, 0.0450439453125, 0.0012140274047851562, 2.595703125, 1.4853515625, 4.984375, 0.1690673828125, 1.63671875, 0.03472900390625, 0.82177734375, 0.0237884521484375, 0.240478515625, 0.73876953125, 0.0015096664428710938, 0.0035839080810546875, 0.011566162109375, 0.0009822845458984375, 1.2001953125, 10.8125, 1.0625, 6.95703125, 5.83984375, 7.28515625, 4.0703125, 7.375, 4.58984375, 3.486328125, 1.052734375, 2.154296875, 3.080078125, 3.505859375, 2.171875, 4.73046875, 0.39013671875, 0.83837890625, 3.076171875, 3.0390625, 1.3701171875, 4.265625, 0.37060546875, 0.00849151611328125, 0.004138946533203125, 4.3515625, 0.59765625, 4.7578125, 6.0703125, 1.9052734375, 1.5732421875, 4.96875, 6.67578125, 3.349609375, 5.64453125, 9.03125, 8.7734375, 0.4560546875, 1.4912109375, 7.1171875, 0.411865234375, 1.33203125, 1.330078125, 1.8154296875]",-1.2259215270958075
485,0,test,3.067264383105556,1.4241080662899657,1.8502098243497243,5.40073345924806,2.5075204229411834,3.257785719429179,21.48305281414374,16.311586247887274,18.105827164406108,37.826619309114335,28.720879135035965,31.880116729671997,3.769169380916423,1.7022674022229127,2.3279528804621874,6.63662359893418,2.9972937991293387,4.098979234498014,43.34404748657176,35.44373764865378,39.11821406688222,76.31870562228903,62.40811222346694,68.87800371585003,3.354614591120079,1.5369355538842648,2.1244434255636007,5.90668980637411,2.70618317621727,3.7406467971646173,28.634566047716607,22.477015640840577,25.212750864649667,50.41875744286943,39.57675481258053,44.3937431492396,0.7989949748743719,0.003994974874371837,0.003994974874371837,0.6180904522613065,-0.006909547738693456,-0.016909547738693465,0.5125628140703518,-0.01743718592964827,-0.01743718592964827,0.3950953678474114,0.11482325900387402,0.15755871095591578,0.3497267759562842,0.4522613065326633,0.12394050452765071,0.16678551354434945,0.4242424242424242,0.40802675585284276,0.12088151378272594,0.17443387487397732,0.37248322147651003,27.0,3.0,0.0,38.0,1.0,0.0,48.0,3.0,1.0,-0.0010185318516938023,-0.0008748943096707399,-0.0004894686225948816,0.014200832064135582,0.019120736558759788,0.016236568840260368,"[3.056640625, 9.4453125, 2.4296875, 1.0791015625, 3.802734375, 5.9140625, 1.4072265625, 0.034759521484375, 6.96875, 6.44921875, 3.970703125, 2.548828125, 5.25, 4.0, 5.3359375, 9.6796875, 2.92578125, 4.95703125, 0.408447265625, 0.40283203125, 6.6015625, 4.93359375, 4.171875, 4.890625, 1.8447265625, 1.142578125, 3.447265625, 9.4296875, 5.5, 4.00390625, 0.61083984375, 1.2744140625, 4.88671875, 6.25390625, 1.5615234375, 8.3671875, 1.486328125, 6.67578125, 1.7578125, 2.427734375, 1.0791015625, 1.0615234375, 0.35888671875, 0.09765625, 4.40234375, 2.7578125, 7.55859375, 7.8203125, 2.140625, 3.791015625, 5.54296875, 3.919921875, 0.00389862060546875, 2.080078125, 1.9169921875, 0.452880859375, 4.734375, 1.1806640625, 1.58984375, 3.408203125, 6.39453125, 6.421875, 7.47265625, 0.07904052734375, 11.7421875, 9.7734375, 2.1796875, 5.59765625, 1.2177734375, 7.953125, 1.4658203125, 6.15625, 4.28515625, 4.42578125, 2.931640625, 4.8203125, 6.1875, 5.9375, 2.201171875, 0.20703125, 1.728515625, 7.359375, 3.59765625, 1.5048828125, 0.441162109375, 1.494140625, 5.81640625, 5.5546875, 1.65234375, 1.853515625, 2.87109375, 3.01171875, 5.828125, 2.966796875, 9.578125, 7.35546875, 1.3330078125, 5.3203125, 10.4140625, 0.705078125, 12.9375, 4.9921875, 3.3515625, 8.203125, 3.673828125, 2.666015625, 8.015625, 4.50390625, 0.5634765625, 1.48046875, 2.181640625, 0.5673828125, 8.3828125, 6.65234375, 0.1976318359375, 7.234375, 1.3544921875, 0.293212890625, 8.8671875, 7.8984375, 7.61328125, 0.8388671875, 0.127685546875, 7.25, 1.576171875, 2.427734375, 0.591796875, 6.69921875, 2.791015625, 2.94921875, 7.90234375, 5.9453125, 1.623046875, 4.03515625, 7.2265625, 1.0205078125, 0.7744140625, 0.0026073455810546875, 0.0095977783203125, 0.008697509765625, 0.003131866455078125, 11.1484375, 4.703125, 0.68896484375, 1.5283203125, 3.96484375, 3.109375, 9.9765625, 2.6484375, 7.0625, 0.02288818359375, 0.415771484375, 3.083984375, 3.591796875, 1.4365234375, 9.3359375, 3.0625, 4.66796875, 0.81591796875, 1.8818359375, 1.5888671875, 1.875, 3.14453125, 6.875, 1.1142578125, 8.546875, 4.1640625, 1.849609375, 3.623046875, 1.6328125, 7.625, 5.04296875, 6.72265625, 0.90234375, 6.77734375, 6.67578125, 4.984375, 3.880859375, 9.3515625, 6.89453125, 0.0872802734375, 4.4765625, 2.013671875, 0.004856109619140625, 0.13623046875, 0.00313568115234375, 0.006320953369140625, 0.0021877288818359375, 1.0068359375, 0.005130767822265625, 0.040557861328125, 4.97265625, 3.900390625, 8.7265625, 1.142578125, 4.64453125, 1.4892578125, 0.002094268798828125, 0.00354766845703125, 10.3203125, 4.08984375, 2.2578125, 1.3779296875, 0.0007023811340332031, 0.00397491455078125, 7.16796875, 0.07275390625, 0.007160186767578125, 7.152557373046875e-07, 0.06439208984375, 0.25048828125, 0.0004589557647705078, 0.00460052490234375, 2.142578125, 0.9501953125, 2.59375, 10.5546875, 10.4140625, 1.4580078125, 1.5751953125, 0.126708984375, 2.041015625, 0.24072265625, 0.057098388671875, 0.06475830078125, 0.0853271484375, 1.4033203125, 0.006664276123046875, 0.1680908203125, 6.40625, 1.427734375, 4.93359375, 0.165771484375, 0.0006899833679199219, 0.01280975341796875, 2.16796875, 0.005435943603515625, 0.9228515625, 0.46435546875, 1.685546875, 1.125, 0.4921875, 0.0002913475036621094, 0.002063751220703125, 8.265625, 0.92919921875, 0.069091796875, 0.2313232421875, 0.0006308555603027344, 0.005176544189453125, 1.3671875, 5.734375, 1.3837890625, 13.21875, 7.23046875, 0.480712890625, 7.44140625, 2.84765625, 0.059783935546875, 0.484375, 0.72705078125, 0.036163330078125, 0.0010881423950195312, 0.05963134765625, 7.984375, 11.65625, 3.755859375, 0.1898193359375, 0.0004436969757080078, 0.00881195068359375, 7.03125, 4.65625, 1.4111328125, 4.00390625, 11.2890625, 2.416015625, 0.223876953125, 0.0009870529174804688, 0.006069183349609375, 1.8291015625, 7.76171875, 1.150390625, 4.67578125, 7.51953125, 0.74365234375, 4.21875, 1.4609375, 16.421875, 0.02459716796875, 0.03662109375, 6.703125, 0.024505615234375, 0.1683349609375, 0.0036792755126953125, 0.140380859375, 4.39453125, 5.9609375, 4.69140625, 2.2578125, 7.44140625, 0.353515625, 0.002536773681640625, 0.0038547515869140625, 9.1953125, 0.170654296875, 0.086669921875, 0.1849365234375, 0.0024394989013671875, 0.002574920654296875, 1.896484375, 0.00246429443359375, 0.0012578964233398438, 3.6954879760742188e-06, 0.08868408203125, 0.08319091796875, 0.0016546249389648438, 0.0017595291137695312, 0.1168212890625, 3.408203125, 8.375, 3.45703125, 0.310791015625, 0.1796875, 0.0816650390625, 0.005542755126953125, 0.64599609375, 0.0007066726684570312, 0.0018835067749023438, 0.0018329620361328125, 0.0223846435546875, 0.02978515625, 0.0038700103759765625, 3.056640625, 0.007221221923828125, 0.00601959228515625, 0.00836181640625, 0.01593017578125, 5.94921875, 5.7890625, 6.87109375, 2.3515625, 6.125, 0.197998046875, 0.1614990234375, 0.0008044242858886719, 0.0021381378173828125, 0.0073699951171875, 0.48046875, 0.0010175704956054688, 1.033203125, 0.01183319091796875, 0.027252197265625, 6.24609375, 2.279296875, 2.033203125, 0.0173797607421875, 4.77734375, 0.74951171875, 0.0007948875427246094, 0.02154541015625, 7.28125, 8.0703125, 2.322265625, 3.517578125, 9.21875, 5.27734375, 1.31640625]",-1.8557030508238874
220,0,test,3.4362914065519967,1.5824708652627184,2.144905496024461,5.911239383890042,2.722226667029319,3.689748144946841,31.07151262219786,24.687348671683587,27.43368785886711,53.450399689376084,42.4681176554557,47.19247494769402,3.9642680541953847,1.7287815375177384,2.4135330152087966,6.819484926562298,2.9739158591822994,4.1518514368770365,52.68169512850584,43.33066495068237,47.966760558572844,90.62505888177492,74.53906054016193,82.51424881802114,3.4362914065519967,1.5824708652627184,2.144905496024461,5.911239383890042,2.722226667029319,3.689748144946841,31.07151262219786,24.687348671683587,27.43368785886711,53.450399689376084,42.4681176554557,47.19247494769402,0.778894472361809,-0.016105527638191064,-0.016105527638191064,0.6482412060301508,0.0032412060301507672,0.008241206030150772,0.5125628140703518,-0.00743718592964826,-0.01743718592964827,0.41666666666666663,0.10470826112073939,0.16493456505003845,0.3693379790940766,0.4321608040201005,0.09632120502260677,0.16504895093161964,0.41414141414141414,0.41666666666666663,0.10470826112073939,0.16493456505003845,0.3693379790940766,28.0,10.0,9.0,38.0,10.0,8.0,45.0,6.0,4.0,-0.0011199095307727815,-0.00024965624489791186,-0.00030369306446004755,0.0003080533820964959,-0.0001462546060908565,1.7556467044599344e-06,"[3.0625, 9.453125, 2.48046875, 5.4921875, 0.79443359375, 0.078125, 2.326171875, 5.8125, 5.64453125, 4.12890625, 7.33203125, 8.7109375, 10.7578125, 3.087890625, 7.06640625, 7.515625, 4.30859375, 2.099609375, 2.173828125, 9.6015625, 11.7578125, 4.81640625, 1.044921875, 5.828125, 0.16015625, 1.6884765625, 1.4189453125, 2.224609375, 1.59375, 6.14453125, 4.2734375, 0.58642578125, 3.548828125, 9.0546875, 0.626953125, 3.544921875, 3.337890625, 0.61962890625, 1.9208984375, 4.24609375, 1.5654296875, 1.787109375, 2.357421875, 3.962890625, 2.216796875, 1.5810546875, 1.275390625, 1.53515625, 5.96875, 0.252685546875, 10.0859375, 0.33251953125, 0.697265625, 1.931640625, 1.41796875, 9.0, 2.634765625, 4.5625, 4.73828125, 9.6484375, 8.578125, 6.1484375, 1.81640625, 11.3203125, 6.30078125, 1.056640625, 4.53125, 3.853515625, 3.634765625, 7.37109375, 0.00656890869140625, 6.12890625, 6.4296875, 1.2529296875, 8.578125, 1.3447265625, 1.220703125, 8.7265625, 1.2626953125, 7.69921875, 0.365966796875, 4.703125, 6.51953125, 7.3671875, 5.1640625, 2.14453125, 6.7109375, 5.2265625, 0.02435302734375, 6.0625, 0.95556640625, 3.009765625, 0.03533935546875, 0.006465911865234375, 4.9765625, 0.8369140625, 3.609375, 0.005367279052734375, 6.7578125, 0.96044921875, 0.29296875, 8.7734375, 5.63671875, 7.44921875, 2.4609375, 3.50390625, 0.79443359375, 2.62109375, 6.2890625, 4.33984375, 5.36328125, 2.95703125, 4.5, 0.81787109375, 1.6767578125, 1.908203125, 1.7392578125, 0.2049560546875, 0.6455078125, 2.720703125, 0.00473785400390625, 0.0010929107666015625, 0.59130859375, 4.765625, 2.48828125, 7.859375, 4.921875, 2.787109375, 6.22265625, 0.9599609375, 2.21484375, 10.5, 11.421875, 0.1978759765625, 5.8125, 0.0855712890625, 0.7412109375, 5.4296875, 3.2578125, 0.95751953125, 5.0546875, 2.447265625, 7.83203125, 1.029296875, 1.1650390625, 5.52734375, 10.4921875, 5.140625, 0.317626953125, 5.01171875, 2.552734375, 1.3310546875, 8.4765625, 0.003448486328125, 0.94140625, 3.1875, 11.453125, 0.9013671875, 4.37109375, 0.39453125, 7.078125, 0.353759765625, 7.921875, 8.1796875, 4.8984375, 6.765625, 12.09375, 1.9990234375, 1.5791015625, 3.79296875, 0.67724609375, 1.3701171875, 8.796875, 0.239013671875, 0.000438690185546875, 9.1015625, 0.7451171875, 7.4453125, 2.759765625, 4.421875, 4.87890625, 10.71875, 3.5703125, 7.57421875, 2.408203125, 9.796875, 9.8671875, 1.2724609375, 5.4765625, 8.03125, 8.2734375, 1.9208984375, 0.58740234375, 2.71484375, 0.0016603469848632812, 0.00145721435546875, 0.98388671875, 2.80078125, 4.171875, 5.68359375, 0.3330078125, 2.275390625, 0.3896484375, 5.93359375, 0.7001953125, 6.74609375, 4.16796875, 5.10546875, 0.335693359375, 1.8388671875, 1.419921875, 3.283203125, 0.02655029296875, 3.849609375, 2.01953125, 9.171875, 2.966796875, 8.0078125, 1.1142578125, 1.2724609375, 1.94140625, 0.07830810546875, 0.004093170166015625, 0.015838623046875, 0.02264404296875, 1.8525390625, 0.003376007080078125, 0.011871337890625, 4.0859375, 0.6357421875, 4.61328125, 0.209228515625, 8.0, 0.01274871826171875, 11.0390625, 5.24609375, 3.166015625, 0.07855224609375, 0.71826171875, 0.88037109375, 0.0112457275390625, 1.3525390625, 1.8701171875, 4.73046875, 0.11322021484375, 4.29296875, 0.375, 2.68359375, 0.0020580291748046875, 8.3828125, 0.282470703125, 0.36669921875, 3.060546875, 4.078125, 0.0645751953125, 0.0280914306640625, 2.19140625, 0.35546875, 0.06787109375, 3.140625, 0.37353515625, 0.75830078125, 0.76123046875, 0.6904296875, 1.4814453125, 0.016357421875, 4.22265625, 0.244873046875, 6.41015625, 3.71875, 0.01540374755859375, 2.73828125, 0.146728515625, 0.58935546875, 1.1962890625, 2.1484375, 0.1829833984375, 1.3330078125, 3.630859375, 1.5966796875, 3.150390625, 0.05072021484375, 1.0703125, 1.4912109375, 0.039520263671875, 9.1875, 2.7265625, 3.53515625]",-1.1399801274140677
47,0,test,3.3979250990139898,1.5999602234195605,2.156994477392759,5.624151888023156,2.6482100249703073,3.5701977556845677,29.90199196300891,23.864643764282985,26.44316113279859,49.492952214635444,39.50010002364081,43.76799084049422,3.4720133980314936,1.5347399909893176,2.1611849323803014,5.746780796741783,2.540259295430595,3.577133681181189,32.20151167997541,25.26170854747025,28.492266257919937,53.29905381513172,41.81248311305421,47.15961311655714,3.3979250990139898,1.5999602234195605,2.156994477392759,5.624151888023156,2.6482100249703073,3.5701977556845677,29.90199196300891,23.864643764282985,26.44316113279859,49.492952214635444,39.50010002364081,43.76799084049422,0.7839195979899498,-0.0010804020100502187,-0.011080402010050228,0.6130653266331658,-0.0069346733668341765,-0.0069346733668341765,0.4723618090452262,0.012361809045226213,0.012361809045226213,0.4076655052264808,0.08070898348735034,0.15505832098546113,0.3881118881118881,0.40703517587939697,0.0686893112177428,0.13825387370911313,0.398989898989899,0.4076655052264808,0.08070898348735034,0.15505832098546113,0.3881118881118881,21.0,5.0,4.0,30.0,3.0,3.0,37.0,3.0,4.0,-0.00039869513983767536,9.033258920343314e-06,-0.00014052093330467046,0.00030112346023614123,-0.00015012813114179124,-1.7489102663859057e-06,"[3.0625, 9.453125, 2.48046875, 1.494140625, 3.81640625, 4.921875, 0.236083984375, 10.8515625, 0.08697509765625, 2.69140625, 7.96875, 0.79345703125, 2.42578125, 7.70703125, 8.5078125, 2.921875, 2.73828125, 3.962890625, 1.6796875, 2.935546875, 0.334228515625, 3.283203125, 8.265625, 4.046875, 4.29296875, 1.1416015625, 4.015625, 1.0205078125, 0.3564453125, 2.5, 5.390625, 4.5625, 0.6259765625, 9.1953125, 0.845703125, 3.962890625, 7.8828125, 2.3046875, 2.369140625, 7.375, 1.85546875, 0.0577392578125, 0.1173095703125, 0.0017232894897460938, 1.9431114196777344e-05, 6.12109375, 1.8330078125, 1.494140625, 0.339599609375, 1.076171875, 6.13671875, 3.673828125, 1.1748046875, 2.97265625, 3.232421875, 0.0168609619140625, 0.08056640625, 6.34375, 1.7490234375, 0.322021484375, 9.8203125, 9.0234375, 7.27734375, 4.07421875, 5.26953125, 3.658203125, 3.412109375, 8.8515625, 9.0625, 5.80078125, 1.6650390625, 3.0078125, 0.0299835205078125, 7.04296875, 3.677734375, 1.9951171875, 1.375, 6.24609375, 4.94140625, 0.5341796875, 1.626953125, 1.5810546875, 5.76953125, 5.84765625, 2.35546875, 1.1220703125, 0.58935546875, 1.5791015625, 3.177734375, 3.4140625, 4.33984375, 0.00821685791015625, 2.740234375, 4.0546875, 5.4921875, 4.1328125, 0.197021484375, 0.259033203125, 0.01338958740234375, 3.556640625, 2.55859375, 1.7861328125, 5.41015625, 2.654296875, 2.857421875, 4.484375, 2.267578125, 3.1640625, 2.544921875, 6.6875, 7.515625, 2.71484375, 1.69921875, 7.2109375, 0.14697265625, 3.57421875, 6.4296875, 15.09375, 4.5, 9.359375, 3.703125, 0.27099609375, 8.7890625, 0.86572265625, 1.8310546875, 1.9892578125, 1.421875, 1.8017578125, 0.3603515625, 0.335205078125, 3.595703125, 1.3466796875, 4.80859375, 0.458251953125, 5.58984375, 1.2197265625, 0.356689453125, 2.9921875, 8.71875, 1.83203125, 0.7490234375, 8.8359375, 9.71875, 4.06640625, 0.5654296875, 3.1875, 8.59375, 4.4296875, 2.65625, 5.79296875, 2.5859375, 2.470703125, 8.296875, 1.5166015625, 3.859375, 0.1043701171875, 6.94921875, 7.5703125, 1.931640625, 4.4296875, 3.328125, 2.126953125, 7.5859375, 0.2105712890625, 5.7578125, 4.109375, 8.234375, 2.8828125, 2.697265625, 1.98046875, 5.9609375, 2.75390625, 0.1220703125, 1.083984375, 6.80859375, 6.33984375, 1.6474609375, 4.9375, 1.2802734375, 2.716796875, 1.06640625, 2.34765625, 5.94140625, 0.57470703125, 10.671875, 0.056976318359375, 1.6748046875, 6.65234375, 0.12451171875, 0.517578125, 2.76171875, 1.462890625, 0.06646728515625, 0.1658935546875, 0.005611419677734375, 0.57080078125, 2.701171875, 2.197265625, 8.1796875, 7.3125, 6.55078125, 7.171875, 9.328125, 3.294921875, 1.5341796875, 6.2265625, 2.646484375, 3.4140625, 12.3203125, 0.01363372802734375, 0.65673828125, 1.75390625, 7.19140625, 0.0150909423828125, 6.37890625, 0.130126953125, 0.6328125, 6.01953125, 1.1572265625, 4.75390625, 1.2587890625, 4.6171875, 8.1875, 2.0546875, 0.74853515625, 6.0859375, 5.20703125, 1.353515625, 3.4609375, 1.3037109375, 2.80859375, 2.3984375, 5.78515625, 0.90234375, 0.217529296875, 8.71875, 0.86376953125, 1.095703125, 2.08984375, 5.015625, 0.83349609375, 7.58203125, 4.359375, 8.3515625, 0.654296875, 0.17333984375, 0.19873046875, 0.5791015625, 1.5224609375, 4.125, 5.375, 4.12109375, 4.578125, 4.9921875, 0.97021484375, 2.509765625, 0.47119140625, 6.87109375, 0.181884765625, 3.158203125, 1.861328125, 1.6181640625, 2.662109375, 10.953125, 1.8857421875, 0.09173583984375, 0.0875244140625, 1.916015625, 1.9853515625, 3.53515625, 1.5439453125, 2.578125, 1.1669921875, 1.4072265625, 1.6181640625, 1.1982421875, 8.3203125, 0.00518798828125, 0.1453857421875, 0.0009603500366210938, 0.0029354095458984375, 0.0007715225219726562, 7.6484375, 5.31640625, 0.376708984375, 5.453125, 2.25]",-1.1340382493746821
172,0,test,3.783127698031339,1.7425542484562402,2.39075559030179,6.208209555743736,2.8595762025948557,3.92329122511063,43.953299621767904,36.258278981562874,39.92891460742327,72.12849168700374,59.500765508205745,65.52437268910487,4.475916872072459,2.1334195782607663,2.896162433528901,7.34509435417019,3.5009962309920266,4.752676813996144,87.87513374072255,77.46793978203294,83.0213699731391,144.20534767708315,127.12687553974638,136.2401968789975,3.8910542459392228,1.8120468128057712,2.488183349543583,6.385319788207956,2.9736152825530606,4.083172676174085,48.962477817410885,40.965949932090105,44.895619064021346,80.34868154652042,67.22617424753247,73.67486205377863,0.8542713567839196,-0.010728643216080358,0.004271356783919655,0.6783919597989949,-0.0016080402010050232,-0.006608040201005139,0.5778894472361809,0.007889447236180791,-0.002110552763819218,0.39811912225705326,0.10390941959664635,0.15411495124558294,0.37421383647798745,0.44723618090452266,0.1189153788995101,0.18513267506145092,0.4545454545454546,0.4046822742474916,0.09750364319573868,0.16107826979810336,0.38926174496644295,14.0,-2.0,-1.0,29.0,-3.0,0.0,34.0,-2.0,-1.0,-0.0023895481587591443,-6.940814301701298e-05,-0.0004923497515746432,-0.0004280565422867255,-2.617532955007107e-05,0.00011039691273584396,"[3.0625, 9.453125, 2.48046875, 1.494140625, 0.81689453125, 3.970703125, 1.2880859375, 8.984375, 3.416015625, 6.125, 8.4765625, 5.046875, 1.5244140625, 1.5078125, 1.94921875, 0.12152099609375, 6.94921875, 3.771484375, 2.88671875, 3.5, 5.45703125, 11.5390625, 1.861328125, 3.712890625, 7.30078125, 3.525390625, 7.66796875, 6.984375, 1.033203125, 5.21484375, 2.443359375, 7.50390625, 7.015625, 6.625, 2.935546875, 10.3046875, 3.796875, 20.03125, 6.99609375, 1.83203125, 6.59765625, 1.2490234375, 1.486328125, 8.84375, 2.06640625, 4.1953125, 2.95703125, 8.7578125, 6.37890625, 7.33203125, 0.84912109375, 7.00390625, 3.767578125, 1.759765625, 6.05859375, 6.3515625, 3.1328125, 1.70703125, 0.0018377304077148438, 0.0006799697875976562, 1.3349609375, 7.3046875, 8.390625, 8.59375, 8.5390625, 2.208984375, 0.5478515625, 1.5302734375, 4.89453125, 0.8349609375, 4.046875, 1.861328125, 5.01953125, 3.556640625, 1.2119140625, 1.90625, 10.1015625, 0.09600830078125, 6.36328125, 0.7119140625, 7.3359375, 4.7109375, 2.3203125, 9.765625, 3.443359375, 5.23828125, 6.79296875, 0.371337890625, 2.173828125, 1.9111328125, 3.611328125, 9.3828125, 0.3759765625, 0.0081329345703125, 4.9453125, 5.44921875, 2.46875, 6.26953125, 2.4609375, 0.05804443359375, 5.765625, 10.1875, 9.859375, 7.77734375, 4.46484375, 8.1875, 9.828125, 1.6240234375, 3.37109375, 5.64453125, 1.666015625, 8.015625, 9.296875, 3.666015625, 9.4296875, 1.3017578125, 0.921875, 8.921875, 2.677734375, 12.03125, 4.76171875, 5.3515625, 6.58984375, 0.2342529296875, 1.025390625, 2.583984375, 0.89990234375, 4.8984375, 5.3203125, 8.40625, 0.8642578125, 6.6640625, 2.85546875, 6.6015625, 1.294921875, 1.015625, 1.806640625, 0.9443359375, 5.60546875, 2.880859375, 8.734375, 3.513671875, 9.0546875, 6.83984375, 2.369140625, 6.78125, 8.6015625, 0.720703125, 2.349609375, 13.5390625, 9.7109375, 0.22509765625, 1.1328125, 1.98046875, 1.96484375, 1.5556640625, 7.08984375, 0.80908203125, 9.375, 2.248046875, 5.5078125, 0.5234375, 3.451171875, 0.247314453125, 4.0546875, 7.703125, 3.80859375, 3.12109375, 3.091796875, 4.08984375, 4.640625, 1.037109375, 8.09375, 0.2113037109375, 2.1953125, 4.5, 3.560546875, 10.15625, 8.71875, 1.728515625, 3.1015625, 6.2421875, 0.0275115966796875, 0.65087890625, 10.1875, 1.0595703125, 8.2578125, 0.27294921875, 2.60546875, 0.06475830078125, 0.2431640625, 3.365234375, 9.6328125, 2.6328125, 5.53515625, 4.9375, 9.65625, 11.203125, 0.044830322265625, 0.06451416015625, 0.001800537109375, 0.0088043212890625, 0.004688262939453125, 0.79443359375, 3.435546875, 0.380859375, 5.96484375, 0.0814208984375, 2.833984375, 3.240234375, 3.75390625, 0.6201171875, 1.625, 2.32421875, 0.09033203125, 3.841796875, 0.1246337890625, 0.127197265625, 5.39453125, 4.640625, 0.005931854248046875, 0.2122802734375, 2.568359375, 0.021148681640625, 3.380859375, 0.03314208984375, 0.35546875, 7.36328125, 0.33935546875, 6.8359375, 3.11328125, 0.018341064453125, 3.16015625, 0.0244293212890625, 0.08935546875, 8.9296875, 1.0888671875, 0.53466796875, 0.0010347366333007812, 0.4462890625, 0.0007472038269042969, 4.609375, 0.0080718994140625, 1.3408203125, 5.375, 1.126953125, 0.1751708984375, 6.40234375, 5.33203125, 6.97265625, 0.41943359375, 1.4873046875, 0.0007762908935546875, 0.006214141845703125, 0.0012998580932617188, 0.447021484375, 0.183837890625, 0.0026378631591796875, 0.0004279613494873047, 0.00045418739318847656, 2.2578125, 11.0546875, 5.4375, 0.0007824897766113281, 0.73974609375, 3.08984375, 6.32421875, 0.1138916015625, 1.3701171875, 2.478515625, 0.270751953125, 0.256103515625, 1.2099609375, 0.65673828125, 6.6796875, 0.09747314453125, 1.4208984375, 5.2578125, 4.26171875, 0.0010547637939453125, 2.236328125, 5.8046875, 1.8896484375, 6.6953125, 5.55078125, 1.666015625, 5.59765625, 0.41162109375, 14.84375, 1.560546875, 13.3828125, 8.5703125, 14.640625, 2.544921875, 1.009765625, 5.5546875, 2.14453125, 9.8515625, 1.46875, 1.3515625, 0.0299835205078125, 0.94580078125, 1.5791015625, 3.431640625, 1.8740234375, 7.9609375, 1.9599609375, 0.60888671875, 0.0032444000244140625, 0.032867431640625, 0.01311492919921875, 2.0234375, 0.83642578125, 11.2109375, 0.0017824172973632812, 1.994140625, 0.94970703125, 4.59765625, 1.9873046875]",-1.317713824185458
98,0,test,3.6917616670781914,1.7003350053830824,2.340447464263873,6.1144802610982545,2.81617985266573,3.8763661126870397,40.11545482133658,32.7894768188018,36.25295651855557,66.4412220478387,54.307570981140486,60.04395923385767,3.769453441677381,1.7245894946240785,2.383589960615894,6.243157262778162,2.85635135047113,3.947820872270075,43.356361578576156,35.628254543929174,39.35808472754785,71.80897386451676,59.00929658838269,65.18682783000112,3.70299498240153,1.7028946877277038,2.353781538235851,6.133085439602534,2.82041932654901,3.8984506727031287,40.5686249105857,33.178827691519146,36.714232267521254,67.19178500815757,54.95243336407859,60.807947193082086,0.8341708542713568,0.019170854271356896,0.02417085427135679,0.6532663316582914,0.008266331658291382,-0.0017336683417086274,0.4974874371859297,0.0024874371859296973,-0.002512562814070307,0.43939393939393945,0.11047144411983734,0.18246698725288146,0.42585551330798477,0.42211055276381915,0.08877721943048578,0.1633459450843534,0.4242424242424242,0.43560606060606055,0.10668356533195844,0.17867910846500257,0.4296577946768061,23.0,4.0,3.0,36.0,10.0,8.0,44.0,4.0,4.0,-0.00046293280426721613,-8.353306141609469e-05,-8.88068931663292e-05,0.000141735257445319,0.00018927773293242467,-8.23537205478786e-05,"[3.056640625, 9.4453125, 2.4296875, 1.0791015625, 10.8046875, 1.2578125, 8.5078125, 1.5673828125, 7.421875, 1.4072265625, 5.4140625, 4.6328125, 2.412109375, 1.68359375, 5.953125, 1.3671875, 0.8818359375, 1.3798828125, 1.1845703125, 2.126953125, 4.13671875, 2.359375, 6.390625, 2.775390625, 4.06640625, 1.46875, 0.45166015625, 1.4013671875, 4.140625, 5.1015625, 1.099609375, 5.5703125, 2.29296875, 5.1953125, 0.41845703125, 8.046875, 2.587890625, 3.087890625, 0.57861328125, 7.0703125, 10.390625, 1.4892578125, 1.091796875, 4.84765625, 0.07769775390625, 5.48828125, 3.185546875, 0.83349609375, 0.8056640625, 7.0546875, 5.62109375, 0.0357666015625, 3.40625, 9.71875, 5.72265625, 3.37890625, 0.028717041015625, 5.97265625, 0.386474609375, 4.95703125, 0.46240234375, 3.125, 0.196533203125, 3.3359375, 2.4765625, 2.4453125, 1.21484375, 4.5078125, 0.6474609375, 9.5390625, 0.587890625, 7.6171875, 0.014312744140625, 7.77734375, 6.19140625, 4.703125, 0.01280975341796875, 10.1171875, 3.890625, 7.5859375, 2.966796875, 3.21875, 2.70703125, 2.173828125, 2.04296875, 4.3515625, 4.39453125, 6.828125, 13.109375, 2.474609375, 8.953125, 5.30078125, 7.5234375, 1.798828125, 9.5078125, 5.75390625, 1.3525390625, 4.52734375, 3.197265625, 4.77734375, 1.3603515625, 4.15625, 4.1953125, 2.404296875, 8.46875, 8.109375, 0.591796875, 1.77734375, 1.14453125, 4.87109375, 9.40625, 9.3515625, 5.1328125, 4.15234375, 1.861328125, 1.9482421875, 7.54296875, 0.227783203125, 5.45703125, 2.04296875, 1.79296875, 2.7265625, 6.3671875, 9.359375, 0.14306640625, 2.267578125, 2.056640625, 8.828125, 2.560546875, 2.146484375, 0.480224609375, 1.50390625, 3.390625, 10.1015625, 5.37109375, 7.60546875, 4.36328125, 2.103515625, 3.81640625, 0.8720703125, 3.48046875, 2.50390625, 2.712890625, 9.015625, 1.9130859375, 0.8466796875, 5.52734375, 4.57421875, 0.5927734375, 4.5859375, 0.3408203125, 0.60009765625, 8.7265625, 0.70263671875, 12.0, 0.1544189453125, 0.41455078125, 5.125, 6.4921875, 1.1337890625, 3.84765625, 3.669921875, 4.875, 2.87109375, 5.45703125, 10.109375, 0.348388671875, 0.2685546875, 10.46875, 0.3427734375, 2.49609375, 1.9189453125, 3.755859375, 6.45703125, 1.84375, 1.91796875, 1.0078125, 1.3095703125, 3.642578125, 2.0234375, 1.2734375, 1.568359375, 6.015625, 0.67041015625, 3.03125, 4.2578125, 0.036651611328125, 0.73046875, 4.33203125, 4.23828125, 0.0212249755859375, 1.7734375, 1.283203125, 9.3828125, 6.703125, 0.190185546875, 2.732421875, 0.32763671875, 9.375, 1.37109375, 3.392578125, 0.541015625, 7.35546875, 1.3388671875, 6.6796875, 0.267578125, 0.76220703125, 0.84814453125, 2.03125, 5.69140625, 4.93359375, 1.26953125, 6.03515625, 0.73095703125, 3.37890625, 2.5078125, 5.30859375, 2.984375, 0.56103515625, 0.6806640625, 0.318603515625, 5.1640625, 0.04376220703125, 4.50390625, 0.0027313232421875, 0.1375732421875, 0.01568603515625, 0.0139617919921875, 0.01258087158203125, 1.166015625, 0.003200531005859375, 0.053009033203125, 6.06640625, 2.25390625, 11.8515625, 4.15625, 5.80859375, 3.720703125, 6.56640625, 5.17578125, 1.2978515625, 4.48828125, 5.3046875, 4.5625, 6.19921875, 3.142578125, 6.3828125, 12.828125, 0.52294921875, 0.249755859375, 10.234375, 2.970703125, 4.88671875, 6.37109375, 4.30859375, 4.5546875, 8.0234375, 7.84375, 1.8681640625, 1.640625, 0.040069580078125, 0.01319122314453125, 6.7578125, 4.1953125]",-0.7540443593805488
218,0,test,3.151055405296669,1.4056471552423278,1.9247366910373973,5.89552301636151,2.6299204840017745,3.6011202606506143,23.36070658847013,17.63246703623281,19.952048422088644,43.70712845584735,32.98977703553236,37.329638983262626,3.4459906918319625,1.456961829287494,2.062886230569621,6.447337423427543,2.7259285838282143,3.8595935926786455,31.374350367898497,24.06591754588009,27.387089638028378,58.700397462519774,45.02655540842082,51.24036125824665,3.151055405296669,1.4056471552423278,1.9247366910373973,5.89552301636151,2.6299204840017745,3.6011202606506143,23.36070658847013,17.63246703623281,19.952048422088644,43.70712845584735,32.98977703553236,37.329638983262626,0.7487437185929648,-0.0012562814070351536,-0.0012562814070351536,0.6130653266331658,0.008065326633165837,0.018065326633165846,0.48743718592964824,0.0024371859296482556,0.00743718592964826,0.4152249134948097,0.10779831591277178,0.17011559243612162,0.3368055555555556,0.42211055276381915,0.08877721943048578,0.1566681487571413,0.36363636363636365,0.4152249134948097,0.10779831591277178,0.17011559243612162,0.3368055555555556,23.0,2.0,3.0,35.0,3.0,2.0,46.0,6.0,6.0,-0.0008680263971001505,-0.0004183308805178424,-0.00022481733652883858,0.0003149833039568506,-0.00014238108104080993,5.260203672641239e-06,"[3.0625, 9.453125, 2.48046875, 5.4921875, 0.79443359375, 0.078125, 12.328125, 12.4609375, 0.25537109375, 9.09375, 1.3916015625, 4.48046875, 5.09375, 4.71484375, 0.861328125, 10.1171875, 0.15771484375, 11.140625, 3.06640625, 0.7451171875, 4.58203125, 2.08203125, 4.28515625, 1.77734375, 0.57373046875, 8.515625, 0.275390625, 1.533203125, 6.91015625, 4.40625, 0.15625, 2.00390625, 6.77734375, 6.96875, 7.9375, 9.171875, 2.001953125, 0.07000732421875, 3.8046875, 5.578125, 7.59765625, 3.61328125, 3.46484375, 5.0625, 1.0576171875, 0.9755859375, 3.7421875, 6.2109375, 4.1484375, 2.0625, 2.015625, 0.255126953125, 3.828125, 3.677734375, 5.34765625, 2.64453125, 0.19140625, 11.28125, 2.208984375, 3.5078125, 7.12109375, 2.85546875, 1.8408203125, 0.14013671875, 11.3125, 3.423828125, 4.87109375, 0.401611328125, 0.0155181884765625, 5.20703125, 2.37109375, 3.154296875, 1.2587890625, 6.6328125, 2.443359375, 1.599609375, 6.1640625, 0.7744140625, 2.73046875, 9.390625, 6.5234375, 3.408203125, 4.18359375, 1.3642578125, 1.6416015625, 0.0146484375, 1.947265625, 0.53466796875, 1.5234375, 0.06768798828125, 0.1605224609375, 4.3203125, 1.2080078125, 4.6953125, 1.853515625, 9.3828125, 5.66015625, 0.366455078125, 1.9296875, 3.611328125, 3.072265625, 0.467529296875, 8.3203125, 2.212890625, 3.9453125, 0.38525390625, 5.3828125, 0.37255859375, 0.04486083984375, 6.1484375, 0.87060546875, 4.1953125, 2.328125, 2.3359375, 5.85546875, 7.1796875, 6.765625, 0.260498046875, 0.1990966796875, 2.560546875, 6.39453125, 0.544921875, 0.88037109375, 4.1953125, 2.427734375, 1.5625, 4.078125, 5.4765625, 1.064453125, 2.47265625, 1.73828125, 0.0160369873046875, 0.74658203125, 3.361328125, 0.97412109375, 9.3359375, 4.2265625, 2.140625, 1.3359375, 4.43359375, 0.014739990234375, 0.6015625, 0.75390625, 0.29638671875, 6.59765625, 1.2744140625, 7.7421875, 3.27734375, 1.578125, 2.107421875, 6.09765625, 1.6435546875, 7.85546875, 5.34765625, 1.248046875, 2.927734375, 2.01171875, 3.40625, 0.58642578125, 3.64453125, 0.1429443359375, 4.015625, 3.638671875, 0.05474853515625, 6.5390625, 10.203125, 0.8251953125, 0.75634765625, 0.5732421875, 0.0025196075439453125, 9.6171875, 5.2578125, 0.1461181640625, 4.75, 7.296875, 0.155517578125, 3.78125, 4.75, 5.4453125, 8.7890625, 0.0278472900390625, 0.047332763671875, 3.587890625, 1.9619140625, 1.92578125, 7.75390625, 1.6787109375, 10.203125, 0.057220458984375, 2.880859375, 3.11328125, 6.09765625, 3.412109375, 2.951171875, 1.4208984375, 2.15234375, 3.08203125, 0.009613037109375, 2.484375, 2.580078125, 0.00391387939453125, 2.177734375, 0.35400390625, 0.1373291015625, 0.0911865234375, 0.055908203125, 8.265625, 0.017913818359375, 0.0019626617431640625, 2.2890625, 0.01123046875, 6.5234375, 0.00445556640625, 0.0242462158203125, 0.027191162109375, 0.01152801513671875, 9.140625, 5.8046875, 6.4140625, 6.87890625, 6.0859375, 2.654296875, 0.268798828125, 0.01412200927734375, 0.0208892822265625, 0.001811981201171875, 0.869140625, 0.035064697265625, 5.546875, 0.09552001953125, 9.34375, 2.76953125, 6.05859375, 0.00844573974609375, 0.00846099853515625, 0.0007281303405761719, 0.7646484375, 0.010833740234375, 4.5078125, 0.037628173828125, 12.1953125, 8.7265625, 5.06640625, 0.018463134765625, 0.0108795166015625, 0.01015472412109375, 0.0008573532104492188, 0.436767578125, 0.0088958740234375, 3.224609375, 0.0235748291015625, 9.984375, 0.375, 1.1259765625, 0.02716064453125, 0.004909515380859375, 0.0007510185241699219, 1.5791015625, 0.0211944580078125, 3.556640625, 0.041015625, 0.04095458984375, 5.88671875, 2.302734375, 11.328125, 2.33984375, 1.900390625, 3.890625, 2.6171875, 5.7578125, 0.037750244140625, 0.035186767578125, 3.634765625, 0.5244140625, 0.103515625, 3.236328125, 4.64453125, 0.36083984375, 0.00290679931640625, 0.0273590087890625, 0.0018310546875, 7.21875, 5.67578125, 1.12109375, 4.19140625, 0.04876708984375, 0.349609375, 6.4375, 11.9921875]",-1.309685160956993
44,0,test,3.328975294889669,1.5316995621645744,2.1012643178692048,6.039712320728399,2.7789406342128706,3.8122938338484142,27.909727804626854,21.87653876806869,24.496320585216967,50.63622044553729,39.69029176492462,44.44332449032221,3.4282906187239606,1.5002536654503882,2.101801983944185,6.219898693970614,2.7218887930314186,3.813269313727307,30.823907879534463,23.947908802616983,27.056117833933474,55.92337572429824,43.448348827605095,49.08752807013644,3.328975294889669,1.5316995621645744,2.1012643178692048,6.039712320728399,2.7789406342128706,3.8122938338484142,27.909727804626854,21.87653876806869,24.496320585216967,50.63622044553729,39.69029176492462,44.44332449032221,0.7487437185929648,-0.0012562814070351536,-0.011256281407035162,0.6080402010050252,-0.016959798994974795,-0.01195979899497479,0.49246231155778897,0.0024623115577889765,-0.002537688442211028,0.43083003952569165,0.08960715984127354,0.1772163732970451,0.39682539682539686,0.42211055276381915,0.08627095376632543,0.1583375978389444,0.41414141414141414,0.43083003952569165,0.08960715984127354,0.1772163732970451,0.39682539682539686,25.0,5.0,6.0,36.0,5.0,6.0,45.0,6.0,6.0,-0.00030310047899057544,-0.0001243525907127443,-0.00019487254818217957,6.550611697964115e-05,0.000128814918206821,-0.00012090384720320202,"[3.0625, 9.453125, 2.48046875, 1.494140625, 7.81640625, 8.3515625, 0.18896484375, 1.8349609375, 4.796875, 4.109375, 5.1640625, 0.73779296875, 0.552734375, 4.31640625, 6.359375, 3.072265625, 3.666015625, 1.41015625, 5.98828125, 4.83203125, 3.83984375, 0.53515625, 9.375, 3.24609375, 3.87890625, 0.89111328125, 5.5625, 5.046875, 0.109130859375, 1.9814453125, 8.546875, 3.935546875, 0.70068359375, 8.6484375, 0.6650390625, 2.556640625, 0.69384765625, 0.23876953125, 3.57421875, 6.09375, 7.0234375, 2.216796875, 7.1640625, 1.15234375, 2.775390625, 1.5419921875, 2.068359375, 0.364501953125, 4.359375, 4.05078125, 0.41748046875, 6.3984375, 5.4296875, 2.935546875, 1.3818359375, 0.59716796875, 6.73828125, 3.80859375, 2.4453125, 0.89794921875, 2.2109375, 0.54443359375, 0.00930023193359375, 0.2352294921875, 5.75, 1.189453125, 1.76953125, 7.66796875, 0.460205078125, 5.63671875, 0.10565185546875, 7.7109375, 4.14453125, 0.0009655952453613281, 11.171875, 0.0249481201171875, 4.234375, 0.9814453125, 7.75390625, 0.0166168212890625, 3.173828125, 0.406494140625, 5.11328125, 1.0703125, 0.873046875, 1.8486328125, 4.3515625, 6.546875, 5.56640625, 5.703125, 4.01171875, 1.859375, 4.9921875, 6.39453125, 4.71875, 2.42578125, 0.0975341796875, 5.16015625, 7.7734375, 2.62109375, 4.7890625, 1.8037109375, 1.7158203125, 3.0625, 2.044921875, 9.453125, 1.947265625, 3.205078125, 1.31640625, 3.408203125, 0.07257080078125, 8.0703125, 2.05859375, 1.5517578125, 4.125, 3.21484375, 5.296875, 6.3984375, 7.49609375, 0.76708984375, 7.1015625, 6.39453125, 0.556640625, 2.046875, 2.015625, 3.3359375, 8.4375, 3.853515625, 0.45068359375, 4.109375, 2.357421875, 1.193359375, 0.65283203125, 8.8515625, 0.051422119140625, 6.3828125, 2.498046875, 0.2020263671875, 0.0631103515625, 2.416015625, 8.9765625, 2.09765625, 1.478515625, 8.6171875, 4.65234375, 1.814453125, 3.326171875, 2.751953125, 0.4580078125, 1.94140625, 0.00479888916015625, 6.5, 0.0164642333984375, 7.296875, 9.4375, 1.3408203125, 5.19921875, 5.40234375, 2.244140625, 1.7431640625, 3.646484375, 0.73486328125, 2.89453125, 1.21484375, 0.090087890625, 7.3203125, 5.94140625, 1.12890625, 0.34375, 5.43359375, 0.0143280029296875, 0.449462890625, 12.0, 0.065185546875, 2.978515625, 3.1640625, 0.4970703125, 8.484375, 0.82470703125, 8.484375, 7.76953125, 4.42578125, 4.89453125, 5.9609375, 5.046875, 1.7802734375, 3.240234375, 3.48046875, 0.491455078125, 10.7734375, 2.388671875, 0.01250457763671875, 2.388671875, 0.27294921875, 2.607421875, 0.62060546875, 3.994140625, 2.419921875, 1.5625, 6.6328125, 1.7431640625, 7.7109375, 1.9072265625, 1.126953125, 6.95703125, 0.096435546875, 2.1484375, 0.042083740234375, 0.0253448486328125, 0.0831298828125, 4.02734375, 1.4970703125, 0.1424560546875, 5.24609375, 1.7470703125, 0.28369140625, 2.48828125, 8.75, 5.515625, 0.047882080078125, 0.10223388671875, 0.436767578125, 3.857421875, 2.669921875, 0.0023517608642578125, 5.578125, 6.9765625, 2.234375, 1.125, 4.203125, 4.3125, 6.27734375, 0.69970703125, 3.71875, 3.9609375, 3.697265625, 0.64599609375, 3.765625, 0.01136016845703125, 0.434326171875, 1.5244140625, 3.267578125, 4.26171875, 0.70166015625, 0.471923828125, 6.640625, 2.2265625, 5.44921875, 0.383056640625, 1.0478515625, 6.078125, 4.12890625, 3.30859375]",-0.7604331027848916
152,0,test,3.0952149163121763,1.338501362173445,1.8550492379526662,5.462143969962664,2.362061227364903,3.273616302269411,22.091985955528774,16.298619467030047,18.635799922966417,38.98585756858019,28.76226964770008,32.88670574641132,3.1324208873001176,1.2847832745820278,1.8386693175585613,5.527801565823737,2.267264602203579,3.2447105603974618,22.929421951853087,16.584609053298625,19.28298114756182,40.463685797387804,29.26695715287993,34.02879026040321,3.0952149163121763,1.338501362173445,1.8550492379526662,5.462143969962664,2.362061227364903,3.273616302269411,22.091985955528774,16.298619467030047,18.635799922966417,38.98585756858019,28.76226964770008,32.88670574641132,0.7336683417085428,0.008668341708542804,0.0036683417085427994,0.5678391959798995,0.002839195979899567,0.01783919597989947,0.40201005025125625,0.0020100502512562235,0.017010050251256237,0.3913043478260869,0.07577847136531901,0.1276780964356531,0.3791946308724832,0.3869346733668342,0.06863893401846322,0.12483116752376244,0.3737373737373737,0.3913043478260869,0.07577847136531901,0.1276780964356531,0.3791946308724832,22.0,8.0,10.0,33.0,10.0,9.0,39.0,6.0,11.0,-0.00028910122610359,-0.00012363470689264895,-0.00010222718478152512,-0.0005070350734097673,-0.00010364583054389698,4.030577335889518e-05,"[3.0625, 9.453125, 2.48046875, 1.494140625, 1.81640625, 9.234375, 1.732421875, 1.9560546875, 4.078125, 8.1484375, 9.0703125, 5.265625, 6.81640625, 5.43359375, 0.662109375, 1.4765625, 5.23828125, 0.2177734375, 0.55224609375, 2.720703125, 8.609375, 4.18359375, 6.07421875, 0.401611328125, 2.796875, 7.42578125, 1.6611328125, 3.052734375, 0.436767578125, 6.05859375, 2.923828125, 0.05377197265625, 3.75390625, 1.6923828125, 6.33203125, 2.759765625, 3.947265625, 2.380859375, 0.306396484375, 5.80078125, 5.7109375, 2.390625, 0.3896484375, 0.026519775390625, 0.09332275390625, 8.3984375, 3.70703125, 7.86328125, 0.06671142578125, 1.787109375, 1.568359375, 5.5, 6.00390625, 0.8857421875, 5.63671875, 1.275390625, 3.923828125, 12.6875, 0.125244140625, 7.83203125, 1.578125, 0.91259765625, 1.697265625, 4.52734375, 0.36767578125, 0.009796142578125, 1.4345703125, 2.712890625, 0.09710693359375, 2.666015625, 0.51806640625, 4.57421875, 9.1171875, 0.0016260147094726562, 0.263916015625, 1.283203125, 0.047149658203125, 6.0, 3.38671875, 2.802734375, 2.23828125, 0.1468505859375, 0.467041015625, 4.5625, 0.09893798828125, 7.328125, 0.03375244140625, 1.5791015625, 1.1787109375, 0.025238037109375, 3.796875, 3.15234375, 3.791015625, 0.7607421875, 2.64453125, 8.8515625, 4.6328125, 0.1075439453125, 1.3671875, 5.89453125, 0.252685546875, 1.5517578125, 1.833984375, 2.544921875, 6.625, 3.828125, 0.250732421875, 5.79296875, 2.951171875, 0.0743408203125, 0.0163116455078125, 1.7470703125, 2.43359375, 8.890625, 4.2890625, 2.6640625, 0.43408203125, 0.0120391845703125, 2.291015625, 1.3779296875, 2.451171875, 1.4521484375, 2.765625, 6.890625, 2.111328125, 0.0169219970703125, 0.050689697265625, 0.00032138824462890625, 2.69921875, 8.09375, 1.064453125, 6.375, 1.9140625, 4.078125, 3.080078125, 0.0616455078125, 1.671875, 2.291015625, 5.4765625, 8.21875, 0.603515625, 8.5546875, 0.09906005859375, 7.43359375, 1.041015625, 5.12890625, 4.37890625, 0.9541015625, 6.28515625, 2.26953125, 2.94921875, 2.5234375, 2.705078125, 6.203125, 0.82373046875, 2.802734375, 6.42578125, 0.49365234375, 5.6640625, 2.8203125, 1.666015625, 1.5078125, 0.68017578125, 0.4296875, 2.60546875, 0.150390625, 1.099609375, 11.8984375, 3.537109375, 1.0478515625, 5.109375, 0.08062744140625, 0.99853515625, 0.0114288330078125, 0.05572509765625, 0.007503509521484375, 0.0015401840209960938, 3.216796875, 4.109375, 0.2464599609375, 8.0, 1.205078125, 8.859375, 1.4599609375, 10.09375, 3.345703125, 8.4453125, 3.482421875, 3.318359375, 2.357421875, 2.26953125, 1.181640625, 0.07208251953125, 6.90234375, 4.6171875, 1.802734375, 3.205078125, 2.876953125, 7.84375, 1.55859375, 0.05853271484375, 9.9765625, 8.234375, 0.560546875, 0.058319091796875, 0.005672454833984375, 1.125, 7.328125, 0.04443359375, 1.37890625, 2.880859375, 1.4521484375, 3.08984375, 4.51171875, 2.71875, 2.140625, 3.970703125, 7.0234375, 2.52734375, 0.501953125, 4.83984375, 3.212890625, 2.939453125, 6.7265625, 10.0859375, 2.849609375, 1.9072265625, 1.736328125, 0.9541015625, 0.0228118896484375, 0.00286102294921875, 10.1875, 5.328125, 5.546875, 1.9912109375, 9.0390625, 0.91015625, 10.1796875, 4.19921875, 0.1466064453125, 0.0139312744140625, 0.0007777214050292969, 7.21484375, 0.059112548828125, 6.20703125, 0.0032901763916015625, 0.2081298828125, 0.00042438507080078125, 0.002971649169921875, 0.0003464221954345703, 0.63427734375, 7.83203125, 3.2421875, 0.56494140625, 3.478515625, 3.337890625, 7.58984375, 0.8623046875, 3.189453125, 4.52734375, 0.78662109375, 0.07037353515625, 5.16015625, 1.7587890625, 0.339111328125, 5.3984375, 5.265625, 0.52734375, 0.34814453125, 8.0546875, 3.34765625, 0.05877685546875, 0.06842041015625, 2.962890625, 5.80078125, 2.51171875, 0.044677734375, 0.11224365234375, 9.40625, 7.11328125, 1.7705078125, 0.1656494140625, 4.54296875, 3.783203125, 0.94091796875, 0.037017822265625, 4.0859375, 5.453125, 3.025390625, 0.1964111328125, 1.927734375, 8.640625, 3.52734375, 3.20703125, 0.0308837890625, 0.045074462890625, 6.4296875, 0.8134765625, 0.115478515625]",-1.487713741219562
475,0,test,4.029623852219692,1.8840302641395716,2.572869604206491,6.563978476257234,3.068954958566975,4.191026587984158,56.23975280984321,47.69263961351247,51.9477467012724,91.61066652672574,77.68801043962095,84.6192855071041,3.9924040319931566,1.7966045199187506,2.5088026383890374,6.503349964064324,2.926544469553185,4.086665932973338,54.18499537358726,45.1978118266336,49.77620044362838,88.26360881609497,73.62410857294402,81.08198688616196,4.029623852219692,1.8840302641395716,2.572869604206491,6.563978476257234,3.068954958566975,4.191026587984158,56.23975280984321,47.69263961351247,51.9477467012724,91.61066652672574,77.68801043962095,84.6192855071041,0.7889447236180904,-0.001055276381909609,-0.001055276381909609,0.6834170854271358,0.008417085427135707,0.013417085427135822,0.5477386934673367,-0.002261306532663321,0.0027386934673367946,0.4728682170542635,0.1401796290465266,0.22286821705426352,0.4669260700389105,0.48743718592964824,0.14658505560383372,0.2286725782501825,0.4797979797979798,0.4728682170542635,0.1401796290465266,0.22286821705426352,0.4669260700389105,26.0,6.0,5.0,36.0,4.0,6.0,44.0,4.0,3.0,-0.00012756915438427802,7.861229953314431e-06,3.0112727935298698e-05,0.00010015572628230274,0.00015629801580718805,-0.00010338106235963096,"[3.0625, 9.453125, 2.48046875, 1.494140625, 7.81640625, 0.890625, 8.5859375, 7.71484375, 0.08807373046875, 8.015625, 3.4296875, 0.7685546875, 9.265625, 2.26171875, 0.03009033203125, 9.15625, 4.94921875, 1.564453125, 4.56640625, 0.005889892578125, 6.46875, 2.1171875, 6.140625, 7.46484375, 0.1649169921875, 1.45703125, 4.56640625, 4.76953125, 0.83056640625, 1.01171875, 7.046875, 8.5859375, 7.9765625, 1.3701171875, 0.00550079345703125, 7.52734375, 2.6796875, 5.73046875, 8.6953125, 3.7421875, 1.5537109375, 2.416015625, 4.72265625, 0.34228515625, 7.12890625, 5.53125, 0.242919921875, 4.5625, 5.890625, 7.48046875, 3.732421875, 6.8203125, 0.0035552978515625, 0.0009250640869140625, 0.72119140625, 5.23828125, 6.890625, 1.9970703125, 4.02734375, 3.662109375, 7.890625, 3.7734375, 7.40625, 2.1484375, 4.27734375, 4.1328125, 2.365234375, 0.004688262939453125, 7.56640625, 4.09375, 2.587890625, 1.884765625, 6.24609375, 2.54296875, 1.4560546875, 4.515625, 0.7353515625, 6.3359375, 0.0269775390625, 6.6640625, 3.142578125, 5.90625, 2.96875, 0.11505126953125, 9.46875, 6.703125, 4.19140625, 4.6171875, 7.8046875, 2.890625, 3.50390625, 6.09765625, 2.05859375, 5.58203125, 0.560546875, 1.4130859375, 3.853515625, 0.044036865234375, 9.8125, 5.80078125, 2.759765625, 1.2412109375, 5.86328125, 5.765625, 4.515625, 2.353515625, 5.93359375, 5.96484375, 0.37158203125, 2.0390625, 6.2265625, 4.67578125, 6.52734375, 0.251220703125, 1.8125, 11.6796875, 9.484375, 1.216796875, 8.3828125, 1.099609375, 2.107421875, 2.67578125, 0.43896484375, 3.841796875, 6.81640625, 0.58056640625, 6.8828125, 4.37890625, 1.8583984375, 5.12109375, 1.2451171875, 2.509765625, 1.5673828125, 2.712890625, 0.07037353515625, 0.470703125, 1.146484375, 0.60546875, 6.671875, 8.484375, 5.81640625, 0.2308349609375, 4.97265625, 4.63671875, 8.8671875, 5.46484375, 0.1275634765625, 0.1787109375, 1.88671875, 5.1875, 1.185546875, 13.6015625, 3.66796875, 2.04296875, 7.45703125, 4.61328125, 2.197265625, 2.876953125, 2.1953125, 7.79296875, 0.4384765625, 5.640625, 0.2802734375, 0.693359375, 6.51171875, 0.00841522216796875, 0.07757568359375, 0.0174407958984375, 0.00458526611328125, 11.4296875, 8.6328125, 0.0222015380859375, 6.52734375, 2.634765625, 0.2418212890625, 0.55126953125, 0.37548828125, 5.50390625, 5.359375, 8.4453125, 4.55078125, 9.796875, 0.75390625, 6.62890625, 3.3203125, 10.9296875, 4.9375, 5.9375, 1.392578125, 5.49609375, 0.447998046875, 7.1875, 1.0048828125, 3.400390625, 1.76953125, 5.21875, 6.06640625, 8.4453125, 0.5185546875, 2.998046875, 3.751953125, 3.4609375, 7.88671875, 4.39453125, 5.55078125, 0.00838470458984375, 1.421875, 12.828125, 2.0390625, 9.421875, 2.15625, 6.16796875, 0.91162109375, 0.369384765625, 5.60546875, 2.234375, 12.859375, 8.8515625, 1.9560546875, 6.08203125, 5.9375, 4.2578125, 0.529296875, 6.61328125, 5.05859375, 1.068359375, 4.71484375, 2.083984375, 1.2294921875, 8.2265625, 0.005550384521484375, 0.0255126953125, 0.455322265625, 0.7119140625, 7.85546875, 10.4296875, 6.81640625, 0.87890625, 2.55078125, 7.2734375, 0.64306640625, 6.234375, 3.259765625, 3.46484375, 8.84375, 4.06640625, 2.779296875, 2.646484375, 5.48046875, 6.125, 3.763671875, 0.7265625, 4.2890625, 3.25, 0.392822265625, 6.13671875, 1.2822265625, 3.921875]",-0.7743088145588723
53,0,test,3.6018769678893996,1.5953879960550563,2.213568333204389,6.0400706076914545,2.6753429472307864,3.7119838202965907,36.66699266283592,29.229833285376472,32.658927448528374,61.48772615767871,49.016181970862085,54.766509105993734,3.8314776720114088,1.6679319144045963,2.315262858876106,6.42509332691144,2.796993518001554,3.882517717192239,46.1306538716288,37.42871588787878,41.57570268992869,77.35755803088523,62.76507741198135,69.71925528003428,3.624713859829217,1.6104242512463878,2.2368817077946144,6.0783663187905335,2.700557590551635,3.7510785561478923,37.51398736495183,30.018586543907695,33.50783146926588,62.90807111968846,50.33886051209137,56.19005584846124,0.7386934673366834,0.003693467336683409,-0.0063065326633166,0.6532663316582914,0.003266331658291377,0.008266331658291382,0.5376884422110553,-0.012311557788944771,-0.012311557788944771,0.4263803680981595,0.08947378310581644,0.1590334293226493,0.38769230769230767,0.44723618090452266,0.10387778491454769,0.18179377689784482,0.4040404040404041,0.43143812709030105,0.09253996348429105,0.1755983050658294,0.3825503355704698,25.0,-1.0,0.0,38.0,2.0,-2.0,47.0,-2.0,-2.0,-0.0009946947078718026,-0.0004506598988318316,-0.00019179388523360723,-0.0004004140563926839,9.393457993667198e-07,0.00013492881151577762,"[3.056640625, 9.4453125, 2.4296875, 1.0791015625, 0.80224609375, 2.9921875, 7.1484375, 4.32421875, 0.48291015625, 7.67578125, 4.875, 7.61328125, 4.00390625, 2.8671875, 8.484375, 1.771484375, 9.75, 11.6796875, 4.21875, 8.4921875, 1.9833984375, 1.44140625, 5.0390625, 0.211181640625, 10.5546875, 5.88671875, 0.0777587890625, 3.08203125, 8.9453125, 5.703125, 3.0703125, 5.671875, 1.3662109375, 3.634765625, 0.1910400390625, 4.03125, 0.326904296875, 3.9765625, 8.6015625, 3.091796875, 4.10546875, 0.0005006790161132812, 6.86328125, 10.3125, 3.990234375, 3.7265625, 6.08203125, 2.998046875, 3.244140625, 3.345703125, 10.2578125, 3.59375, 2.12890625, 2.15234375, 7.78125, 3.11328125, 0.026214599609375, 0.91259765625, 5.66015625, 3.0546875, 2.75, 8.59375, 8.9609375, 6.4296875, 10.1640625, 1.7119140625, 3.140625, 6.19140625, 5.2421875, 2.099609375, 0.1910400390625, 12.0546875, 0.004062652587890625, 0.29541015625, 2.57421875, 6.98046875, 8.0625, 3.083984375, 3.876953125, 0.0010776519775390625, 7.24609375, 4.98828125, 0.90869140625, 2.390625, 7.4921875, 3.53515625, 6.265625, 8.5, 5.88671875, 7.75, 3.064453125, 3.203125, 5.94140625, 0.7431640625, 0.0087890625, 3.95703125, 0.00447845458984375, 0.05902099609375, 0.00039839744567871094, 0.0044708251953125, 0.0011777877807617188, 0.619140625, 3.0703125, 0.316162109375, 1.2255859375, 10.5859375, 3.044921875, 3.509765625, 0.218017578125, 0.343994140625, 4.0625, 0.0260009765625, 0.0379638671875, 4.125, 1.0595703125, 0.18896484375, 4.06640625, 8.6640625, 0.1412353515625, 1.37109375, 0.72900390625, 2.390625, 0.069091796875, 0.028564453125, 3.072265625, 9.0703125, 0.1470947265625, 0.7353515625, 2.1796875, 2.2265625, 0.000637054443359375, 0.399169921875, 0.00011527538299560547, 3.552734375, 0.80810546875, 1.33984375, 2.251953125, 10.875, 2.09765625, 4.6171875, 4.6484375, 0.209716796875, 1.681640625, 5.55078125, 12.6484375, 2.55078125, 1.1240234375, 0.3271484375, 0.005828857421875, 0.001667022705078125, 0.00019049644470214844, 3.671875, 8.0625, 4.2890625, 3.068359375, 7.37109375, 8.140625, 0.2498779296875, 1.0732421875, 7.7890625, 0.309326171875, 6.6171875, 6.34375, 7.31640625, 1.2001953125, 1.919921875, 4.53515625, 0.37158203125, 4.94921875, 1.923828125, 2.341796875, 2.525390625, 3.296875, 0.249755859375, 11.8671875, 7.4609375, 3.26953125, 1.1787109375, 7.23046875, 2.927734375, 7.484375, 4.5234375, 5.25390625, 5.4140625, 7.40234375, 6.921875, 0.64697265625, 0.5380859375, 7.7421875, 5.80859375, 6.6796875, 0.04974365234375, 6.3125, 0.677734375, 7.53515625, 4.53125, 2.833984375, 1.37890625, 4.59765625, 4.578125, 1.1904296875, 4.1796875, 3.990234375, 3.76953125, 5.37890625, 1.8818359375, 10.296875, 0.450439453125, 1.546875, 1.93359375, 6.22265625, 3.85546875, 2.498046875, 11.765625, 0.34716796875, 0.04937744140625, 4.515625, 0.6298828125, 4.1015625, 1.1533203125, 1.2373046875, 2.55859375, 5.06640625, 3.966796875, 2.50390625, 4.77734375, 2.75, 4.9140625, 3.9921875, 5.0625, 0.3505859375, 4.93359375, 1.341796875, 6.25390625, 1.3994140625, 0.07421875, 2.66796875, 3.734375, 2.177734375, 0.2978515625, 0.308837890625, 0.0654296875, 1.8203125, 1.052734375, 11.1484375, 0.402587890625, 0.9794921875, 2.6796875, 0.165283203125, 3.701171875, 2.490234375, 1.0283203125, 1.873046875, 2.55859375, 2.51171875, 7.296875, 2.244140625, 0.06298828125, 11.21875, 7.56640625, 4.609375, 4.01171875, 1.203125, 0.10693359375, 0.2376708984375, 1.6494140625, 3.724609375, 6.22265625, 5.03515625, 5.9296875, 0.609375, 2.060546875, 1.83203125, 1.345703125, 9.21875, 2.1484375, 2.345703125, 2.01953125, 3.52734375, 5.92578125, 1.5419921875, 2.287109375, 3.857421875, 8.7890625, 3.7265625, 0.755859375, 1.611328125, 1.728515625, 1.671875, 0.498779296875, 3.201171875, 4.8984375, 1.330078125, 0.70751953125, 8.7109375, 7.3125, 7.08984375, 0.50048828125, 2.26953125, 5.38671875, 5.4765625, 3.013671875, 2.650390625, 5.81640625, 1.2626953125, 3.1796875, 4.359375, 6.40625, 1.62109375, 1.7880859375, 2.2734375, 7.55078125, 5.5703125, 1.8193359375, 4.953125, 1.2294921875, 5.09375, 7.40625, 0.0269775390625, 1.5625, 2.10546875, 1.83984375, 6.4375, 1.048828125, 2.32421875, 2.498046875]",-1.2500479283508348
281,0,test,3.6307547059777665,1.6617468795149963,2.2798627599965475,5.372783479047907,2.4590496752418884,3.373736306459538,37.7412894482776,30.577723987116915,33.88042176750291,55.849483880532006,45.24885418295584,50.13617968625431,3.9474227751918773,1.7981780950501318,2.4716129721987654,5.841388248137475,2.6609403123721647,3.6574878831022133,51.80169005055917,43.22331351915984,47.42711316616968,76.65603628693859,63.96177202582745,70.18254625094808,3.6307547059777665,1.6617468795149963,2.2798627599965475,5.372783479047907,2.4590496752418884,3.373736306459538,37.7412894482776,30.577723987116915,33.88042176750291,55.849483880532006,45.24885418295584,50.13617968625431,0.7738693467336684,0.003869346733668344,0.008869346733668348,0.6432160804020101,-0.011783919597989967,0.0032160804020100464,0.542713567839196,0.0027135678391959628,-0.01228643216080394,0.4143835616438356,0.11865706591733993,0.19000998533404057,0.3848797250859106,0.42211055276381915,0.09128348509464623,0.1683542923297624,0.3939393939393939,0.4143835616438356,0.11865706591733993,0.19000998533404057,0.3848797250859106,24.0,0.0,-1.0,37.0,1.0,-1.0,47.0,1.0,-2.0,-0.0013248402956743714,-0.00045240501580915115,-0.00021793659732731395,0.000335773069539691,-0.00013076050589333477,1.577387457896151e-05,"[3.0625, 9.453125, 2.48046875, 1.494140625, 7.81640625, 5.43359375, 0.2236328125, 12.2265625, 12.6484375, 7.875, 8.59375, 7.37890625, 0.58837890625, 0.92822265625, 6.1328125, 4.6484375, 0.280029296875, 0.93896484375, 1.802734375, 1.451171875, 3.673828125, 7.44921875, 3.60546875, 2.279296875, 8.4921875, 5.40234375, 3.947265625, 8.640625, 0.59521484375, 5.38671875, 1.7763671875, 3.458984375, 0.08624267578125, 3.26953125, 5.30078125, 0.5712890625, 6.9375, 3.3984375, 0.6552734375, 6.1484375, 4.7421875, 3.56640625, 6.59765625, 6.2421875, 6.8984375, 11.0, 7.49609375, 3.078125, 0.49365234375, 4.98828125, 3.09765625, 0.47607421875, 8.2734375, 12.8203125, 0.83349609375, 8.0078125, 5.49609375, 0.21435546875, 2.951171875, 2.431640625, 8.359375, 5.625, 1.515625, 4.859375, 1.796875, 11.40625, 0.010040283203125, 1.70703125, 4.26953125, 2.861328125, 4.93359375, 9.75, 0.18896484375, 2.796875, 1.171875, 6.10546875, 9.921875, 0.433837890625, 1.2275390625, 7.64453125, 2.478515625, 0.8798828125, 4.2734375, 1.306640625, 0.634765625, 7.0625, 0.6259765625, 5.72265625, 1.0439453125, 3.17578125, 1.8134765625, 1.1220703125, 10.015625, 4.2578125, 3.291015625, 0.7724609375, 4.95703125, 0.9609375, 2.115234375, 7.29296875, 1.359375, 8.046875, 0.1478271484375, 0.0170440673828125, 1.505859375, 5.078125, 5.18359375, 2.60546875, 3.1328125, 5.71875, 0.430419921875, 14.0390625, 13.46875, 5.6875, 0.28515625, 3.703125, 1.4013671875, 4.8671875, 8.03125, 2.92578125, 1.5771484375, 4.9375, 2.60546875, 3.33984375, 7.97265625, 4.36328125, 10.703125, 0.77880859375, 4.859375, 0.2509765625, 6.92578125, 2.208984375, 1.3310546875, 8.7734375, 0.91015625, 3.138671875, 9.0703125, 0.1724853515625, 0.99658203125, 0.27978515625, 4.01953125, 5.1796875, 5.5078125, 3.576171875, 2.46484375, 1.6259765625, 0.02392578125, 6.19921875, 1.0595703125, 6.25, 0.0310821533203125, 1.0595703125, 3.140625, 3.568359375, 6.96875, 8.359375, 1.48828125, 5.2890625, 3.62890625, 2.78515625, 0.708984375, 3.0546875, 2.529296875, 0.0172271728515625, 1.7607421875, 5.61328125, 1.1005859375, 7.17578125, 2.5703125, 0.83837890625, 0.88671875, 3.232421875, 0.271240234375, 0.775390625, 3.177734375, 1.4990234375, 5.16015625, 5.9140625, 3.712890625, 10.75, 5.9375, 2.572265625, 0.0019931793212890625, 6.76171875, 5.6484375, 11.578125, 2.458984375, 4.70703125, 6.70703125, 0.06561279296875, 1.5712890625, 7.83203125, 1.146484375, 7.76171875, 0.01068878173828125, 0.159912109375, 0.0013170242309570312, 0.00669097900390625, 0.00675201416015625, 11.171875, 7.234375, 5.296875, 5.3359375, 1.4130859375, 0.24609375, 5.3203125, 0.01116943359375, 0.035552978515625, 5.3125, 2.791015625, 9.453125, 4.96875, 4.37109375, 2.404296875, 0.005199432373046875, 0.01412200927734375, 7.1875, 0.409423828125, 6.9375, 2.548828125, 6.5703125, 1.0224609375, 0.06988525390625, 5.62109375, 5.76953125, 1.1533203125, 0.0014171600341796875, 7.015625, 0.00449371337890625, 0.00738525390625, 0.00209808349609375, 0.022491455078125, 9.484375, 0.7158203125, 0.0004119873046875, 0.00835418701171875, 0.0007486343383789062, 0.83154296875, 0.0005121231079101562, 1.9326171875, 0.0022640228271484375, 0.0238800048828125, 6.5, 7.171875, 1.6162109375, 10.2421875, 6.56640625, 6.86328125, 0.3564453125, 3.5625, 2.57421875, 0.0052490234375, 0.01189422607421875, 7.453125, 12.484375, 0.93017578125, 0.037811279296875, 0.1309814453125, 9.890625, 10.7421875, 0.00556182861328125, 0.12103271484375, 5.96875, 5.33203125, 8.0078125, 5.9140625, 0.0172271728515625, 8.578125, 7.31640625, 2.400390625, 1.0048828125, 1.244140625, 0.1751708984375, 0.0238037109375, 0.0723876953125, 0.0060882568359375, 0.78662109375, 1.3515625, 0.3095703125, 0.051361083984375, 0.165771484375, 0.0212860107421875, 0.00030517578125, 0.003021240234375, 0.0029754638671875, 0.0012502670288085938, 7.640625, 0.1910400390625, 0.038665771484375, 4.46484375, 0.341796875, 1.38671875]",-1.377418282913835
124,0,test,4.135943130418366,1.9070503423898355,2.622416491344162,6.416978432649101,2.9588175009199866,4.06871891990367,62.54855470546355,53.25897985070128,58.00583158244097,97.04503033090103,82.6321141926032,89.99692657639326,4.2534195406353055,1.9604606667813589,2.7032349854701465,6.599244863046292,3.041684428460775,4.194110038062773,70.34555100090508,60.44135135493532,65.63321121191393,109.14218821958606,93.77567240523298,101.8309216378786,4.135943130418366,1.9070503423898355,2.622416491344162,6.416978432649101,2.9588175009199866,4.06871891990367,62.54855470546355,53.25897985070128,58.00583158244097,97.04503033090103,82.6321141926032,89.99692657639326,0.8442211055276382,0.009221105527638218,0.014221105527638223,0.7085427135678393,0.00854271356783931,0.0035427135678391952,0.5829145728643217,-0.002085427135678275,-0.002085427135678275,0.42352941176470593,0.08302060550247503,0.15625431398113354,0.38976377952755903,0.4371859296482412,0.08630873666578509,0.17341297472336648,0.4040404040404041,0.42352941176470593,0.08302060550247503,0.15625431398113354,0.38976377952755903,26.0,8.0,8.0,37.0,7.0,9.0,48.0,11.0,11.0,5.895038650820118e-05,-0.0005541240454501286,-0.0002827537102820917,7.936596070123869e-05,0.0001398081572467902,-0.00011389473326595123,"[3.0625, 9.453125, 2.48046875, 1.494140625, 10.8203125, 2.923828125, 5.828125, 12.7421875, 1.9267578125, 8.0234375, 1.619140625, 3.02734375, 0.99365234375, 6.80078125, 0.53515625, 0.019195556640625, 4.546875, 2.705078125, 1.7763671875, 2.806640625, 0.48193359375, 5.59375, 4.203125, 0.296875, 3.498046875, 2.5859375, 1.9541015625, 6.58203125, 14.65625, 2.857421875, 4.62109375, 9.078125, 7.4453125, 1.3193359375, 2.88671875, 7.14453125, 7.99609375, 3.392578125, 2.625, 7.34375, 1.25390625, 1.1796875, 9.3515625, 10.9453125, 3.173828125, 1.1298828125, 5.54296875, 2.96484375, 4.14453125, 11.9140625, 9.6953125, 6.36328125, 2.69140625, 9.234375, 1.04296875, 8.5625, 12.2734375, 0.0028362274169921875, 5.33203125, 8.46875, 5.1953125, 6.421875, 6.25, 3.755859375, 10.1875, 9.84375, 6.20703125, 2.28515625, 9.203125, 2.390625, 4.14453125, 2.091796875, 4.09375, 0.251708984375, 11.3203125, 1.9765625, 1.6787109375, 7.42578125, 4.3125, 0.697265625, 4.26953125, 0.08251953125, 5.43359375, 8.234375, 1.4013671875, 1.6474609375, 9.40625, 9.46875, 0.3603515625, 7.43359375, 2.46875, 5.8515625, 4.40234375, 3.005859375, 5.8828125, 4.1953125, 8.2421875, 5.8515625, 0.061187744140625, 5.56640625, 1.21484375, 5.69921875, 5.09375, 1.1259765625, 1.1552734375, 2.935546875, 1.26953125, 1.3056640625, 0.371337890625, 0.1685791015625, 9.453125, 3.896484375, 0.3271484375, 4.37890625, 0.167724609375, 2.16796875, 8.234375, 0.0298614501953125, 8.796875, 3.93359375, 8.8671875, 7.421875, 4.65234375, 1.8984375, 5.0390625, 6.70703125, 1.939453125, 7.91796875, 0.4736328125, 5.4140625, 0.198486328125, 0.0008540153503417969, 4.53515625, 1.6484375, 6.28125, 0.16064453125, 0.1981201171875, 3.796875, 0.4326171875, 5.546875, 4.7578125, 6.1484375, 2.177734375, 9.453125, 0.10797119140625, 5.50390625, 3.173828125, 2.998046875, 9.703125, 5.52734375, 1.6611328125, 6.1015625, 1.6064453125, 2.76953125, 0.12286376953125, 0.1693115234375, 0.1981201171875, 2.5390625, 5.34765625, 1.0224609375, 8.46875, 3.12109375, 2.51953125, 6.74609375, 3.712890625, 4.41015625, 0.5322265625, 0.39599609375, 8.7265625, 0.49267578125, 4.2890625, 3.0234375, 0.1688232421875, 3.521484375, 8.25, 0.008697509765625, 3.986328125, 5.12109375, 0.043853759765625, 9.5390625, 0.71923828125, 2.3046875, 3.4921875, 5.0078125, 2.76171875, 12.546875, 0.375244140625, 6.234375, 1.490234375, 3.35546875, 1.1044921875, 2.203125, 3.599609375, 3.7578125, 3.83203125, 4.0703125, 4.05078125, 3.787109375, 7.54296875, 2.48046875, 2.33984375, 6.86328125, 0.09295654296875, 1.404296875, 8.7265625, 0.57080078125, 5.12109375, 0.2232666015625, 1.6806640625, 9.1328125, 12.8515625, 2.62890625, 8.1796875, 9.65625, 1.552734375, 1.30078125, 3.40234375, 12.21875, 1.65234375, 4.328125, 2.849609375, 8.8828125, 3.810546875, 2.435546875, 1.744140625, 0.00567626953125, 1.8271484375, 3.984375, 4.4375, 0.11773681640625, 1.626953125, 9.1171875, 1.166015625, 9.1875, 2.90625, 1.193359375, 7.8671875, 2.984375, 12.0625, 1.654296875, 5.8984375, 2.69921875, 6.5859375, 0.010467529296875, 0.15771484375, 0.002593994140625, 0.004055023193359375, 0.0021800994873046875, 1.701171875, 0.0023288726806640625, 0.017486572265625, 3.630859375, 5.015625, 5.10546875, 3.890625]",-0.7345116577896418
59,0,test,3.357227176100343,1.5421071232884747,2.107185115839547,5.85910984873563,2.6913207119811595,3.677507781783668,28.709474094100006,22.56766061893562,25.21898432881574,50.10443249543568,39.38559878718701,44.01274972035359,3.4819692966326996,1.572316764440001,2.1765713319545545,6.076812657817578,2.744043270423951,3.798602197169095,32.52370788008179,25.772965154891754,28.834550924314243,56.76112075886885,44.979569760766495,50.32271944752931,3.357227176100343,1.5421071232884747,2.107185115839547,5.85910984873563,2.6913207119811595,3.677507781783668,28.709474094100006,22.56766061893562,25.21898432881574,50.10443249543568,39.38559878718701,44.01274972035359,0.7889447236180904,0.0039447236180903955,0.0039447236180903955,0.6180904522613065,0.008090452261306558,0.0030904522613065533,0.5025125628140703,0.007512562814070312,0.007512562814070312,0.4212454212454212,0.10314670095291667,0.1788580887241057,0.3786764705882353,0.4371859296482412,0.10886512764322864,0.18676856737779046,0.36868686868686873,0.4212454212454212,0.10314670095291667,0.1788580887241057,0.3786764705882353,22.0,4.0,4.0,32.0,5.0,4.0,46.0,6.0,4.0,-0.00040024248368120856,-0.00043929441872959506,-0.00021721783104982793,0.00020410455418851114,-0.00020435748183800229,-5.0812707827141423e-05,"[3.0625, 9.453125, 2.48046875, 1.494140625, 9.8203125, 2.75, 4.46484375, 11.328125, 4.859375, 1.068359375, 3.853515625, 4.078125, 2.11328125, 0.8232421875, 5.19921875, 11.5078125, 0.49951171875, 0.50390625, 3.15625, 1.560546875, 0.888671875, 11.1484375, 8.6015625, 1.83203125, 6.92578125, 13.1171875, 4.21875, 0.457275390625, 0.002353668212890625, 0.102783203125, 2.119140625, 9.171875, 3.744140625, 3.21484375, 9.15625, 0.3974609375, 5.109375, 2.638671875, 1.30859375, 1.67578125, 1.638671875, 5.7421875, 4.24609375, 1.9375, 3.28125, 6.59765625, 4.36328125, 3.671875, 2.3203125, 1.1298828125, 3.22265625, 4.9453125, 4.70703125, 0.413330078125, 1.9365234375, 4.296875, 1.1806640625, 8.6875, 4.890625, 4.23828125, 1.7880859375, 1.294921875, 4.39453125, 3.34765625, 7.640625, 6.625, 2.337890625, 0.880859375, 3.96875, 5.81640625, 1.2548828125, 2.158203125, 3.193359375, 2.150390625, 1.80859375, 1.5244140625, 8.3671875, 1.1865234375, 6.640625, 0.68798828125, 0.059112548828125, 0.72998046875, 2.568359375, 0.4462890625, 5.2890625, 3.822265625, 1.3798828125, 5.35546875, 1.2666015625, 8.328125, 1.7939453125, 0.07305908203125, 14.25, 1.4599609375, 7.6328125, 0.53125, 1.626953125, 4.3359375, 0.28076171875, 5.55859375, 7.2578125, 4.64453125, 5.296875, 7.05078125, 2.490234375, 1.0751953125, 3.10546875, 0.2783203125, 5.15234375, 2.521484375, 5.52734375, 0.58544921875, 1.501953125, 4.6953125, 1.4697265625, 0.962890625, 9.109375, 3.677734375, 0.873046875, 0.461181640625, 7.55859375, 2.41015625, 1.7744140625, 0.74462890625, 3.83984375, 3.267578125, 3.150390625, 0.6826171875, 0.9013671875, 5.63671875, 10.6640625, 6.92578125, 0.0885009765625, 2.267578125, 2.578125, 5.234375, 1.0546875, 1.517578125, 7.0703125, 1.974609375, 2.86328125, 0.0303802490234375, 6.12890625, 3.525390625, 0.5146484375, 10.015625, 0.26904296875, 0.08697509765625, 0.01129150390625, 0.55712890625, 3.005859375, 1.1796875, 1.9697265625, 4.07421875, 4.6328125, 0.29052734375, 0.87744140625, 0.599609375, 4.0859375, 0.82666015625, 0.669921875, 4.7578125, 5.0390625, 6.30078125, 5.765625, 2.08203125, 4.65625, 0.24267578125, 5.42578125, 3.009765625, 4.08203125, 1.197265625, 9.15625, 2.76171875, 3.90234375, 2.8203125, 0.210205078125, 6.27734375, 0.455322265625, 3.37890625, 2.572265625, 4.48046875, 0.94970703125, 3.912109375, 5.078125, 1.0869140625, 0.374755859375, 2.5625, 2.74609375, 3.39453125, 3.947265625, 1.240234375, 2.3671875, 0.05560302734375, 4.546875, 7.875, 4.7734375, 3.998046875, 6.5390625, 3.533203125, 2.45703125, 12.015625, 0.08612060546875, 3.21484375, 2.154296875, 4.58203125, 9.0390625, 2.96484375, 5.98046875, 5.01953125, 0.98828125, 5.0625, 7.2578125, 6.9453125, 0.004238128662109375, 0.1414794921875, 0.0018787384033203125, 0.005794525146484375, 0.001567840576171875, 1.18359375, 3.728515625, 5.64453125, 0.1397705078125, 4.03125, 4.7890625, 0.84814453125, 0.29296875, 2.201171875, 6.66015625, 6.86328125, 2.111328125, 0.091552734375, 1.6640625, 2.064453125, 7.99609375, 10.6875, 0.8671875, 0.06243896484375, 7.59375, 0.06396484375, 0.1494140625, 0.36279296875, 0.654296875, 0.275390625, 0.0033702850341796875, 0.29541015625, 0.0003991127014160156, 5.0625, 7.13671875, 5.58203125, 0.599609375, 2.65625, 10.0859375, 0.25146484375, 0.3037109375, 0.0012788772583007812, 0.01116180419921875, 0.00042128562927246094, 8.84375, 0.90576171875, 1.9501953125, 3.05078125, 0.03070068359375, 0.045166015625, 5.40234375, 5.21875, 3.49609375, 2.32421875, 2.572265625, 5.14453125, 7.22265625, 0.2103271484375, 1.1064453125]",-0.8687798086103502
149,0,test,3.348712030163518,1.47675790705785,2.0500328708240922,6.090610470968546,2.685915388004546,3.7285832751230132,28.466046613542552,21.965058888177396,24.801593302802107,51.77381632395994,39.94987220601392,45.10893815476088,3.5875821538906,1.5484490568944933,2.157681857547212,6.525065528217132,2.816306673949045,3.9243743852033193,36.14657333350013,28.462628257845836,31.968290752397046,65.74309646562776,51.767599046149144,58.143669757715436,3.348712030163518,1.47675790705785,2.0500328708240922,6.090610470968546,2.685915388004546,3.7285832751230132,28.466046613542552,21.965058888177396,24.801593302802107,51.77381632395994,39.94987220601392,45.10893815476088,0.7738693467336684,-0.0011306532663316604,-0.01113065326633167,0.6331658291457287,0.013165829145728725,0.01816582914572873,0.5175879396984925,0.012587939698492479,0.007587939698492474,0.44074074074074077,0.12281098103648935,0.17596241561758807,0.4014869888475836,0.4773869346733668,0.15157239833251468,0.21528342883029505,0.43939393939393945,0.44074074074074077,0.12281098103648935,0.17596241561758807,0.4014869888475836,27.0,6.0,5.0,42.0,14.0,12.0,49.0,10.0,8.0,-0.00011737237604156264,-0.0005749034771704875,-0.00018657089478851566,0.0001833147886074471,-0.00021597805698636563,-6.13263787334617e-05,"[3.0625, 9.453125, 2.48046875, 1.494140625, 0.81689453125, 3.970703125, 1.4775390625, 5.42578125, 0.268310546875, 10.84375, 3.01171875, 1.458984375, 7.359375, 9.875, 2.74609375, 0.533203125, 1.3369140625, 0.21630859375, 9.53125, 1.7197265625, 7.0546875, 2.580078125, 2.267578125, 2.15625, 6.81640625, 4.5, 9.21875, 7.109375, 7.1796875, 7.10546875, 2.08203125, 8.3203125, 0.7998046875, 4.41796875, 2.580078125, 5.3125, 0.7294921875, 8.7421875, 2.033203125, 7.80078125, 6.3203125, 7.08984375, 10.09375, 6.03125, 1.6103515625, 3.74609375, 8.1796875, 1.5703125, 4.42578125, 0.60693359375, 1.1767578125, 0.209716796875, 3.92578125, 4.984375, 3.72265625, 1.2568359375, 3.59375, 9.71875, 8.0859375, 6.45703125, 0.428955078125, 4.52734375, 4.56640625, 0.837890625, 6.4140625, 6.7265625, 0.136474609375, 2.017578125, 1.8603515625, 6.8046875, 5.82421875, 0.46044921875, 1.111328125, 2.71484375, 3.861328125, 0.1842041015625, 1.197265625, 0.4150390625, 0.1483154296875, 0.3642578125, 0.1861572265625, 1.369140625, 0.322509765625, 0.5654296875, 4.4921875, 6.359375, 3.79296875, 0.291748046875, 0.453857421875, 3.994140625, 0.0105133056640625, 0.07220458984375, 1.5078125, 6.57421875, 0.035247802734375, 3.59375, 9.59375, 1.6181640625, 0.1134033203125, 0.43212890625, 1.376953125, 3.23046875, 2.12109375, 4.7421875, 2.400390625, 7.046875, 0.61962890625, 10.875, 0.5634765625, 7.5703125, 4.35546875, 1.7548828125, 2.66796875, 0.166015625, 2.138671875, 4.21875, 5.12109375, 9.140625, 0.01425933837890625, 0.271728515625, 5.07421875, 1.583984375, 4.671875, 6.72265625, 1.2412109375, 1.333984375, 4.19140625, 5.8125, 0.412841796875, 4.171875, 3.9375, 8.7421875, 0.285888671875, 7.03515625, 6.58203125, 3.787109375, 0.70166015625, 1.3974609375, 7.4609375, 2.017578125, 2.03515625, 6.83984375, 8.671875, 2.3125, 5.8359375, 3.671875, 2.623046875, 5.2734375, 0.82763671875, 0.0244140625, 0.0001571178436279297, 4.3984375, 0.478759765625, 1.1220703125, 2.56640625, 3.111328125, 0.521484375, 2.90234375, 4.4375, 3.09765625, 1.208984375, 6.55078125, 5.14453125, 1.4873046875, 6.01953125, 1.64453125, 0.450927734375, 4.36328125, 1.998046875, 3.0, 0.12066650390625, 2.6171875, 5.2578125, 4.0, 3.921875, 3.546875, 5.30078125, 4.96484375, 6.328125, 6.84375, 2.880859375, 7.57421875, 7.4453125, 1.419921875, 7.23828125, 1.30859375, 0.65576171875, 0.1773681640625, 1.3955078125, 4.12109375, 4.5546875, 0.79150390625, 2.068359375, 3.806640625, 4.80859375, 3.7109375, 4.3828125, 1.8076171875, 2.158203125, 5.09765625, 7.3671875, 2.7890625, 2.328125, 6.859375, 1.48828125, 0.6220703125, 3.1328125, 0.5322265625, 7.13671875, 4.85546875, 0.5439453125, 0.054046630859375, 0.0011320114135742188, 3.001953125, 8.9609375, 7.15234375, 0.734375, 5.6796875, 5.57421875, 1.427734375, 4.921875, 6.1953125, 1.796875, 3.4765625, 7.3984375, 2.17578125, 0.010589599609375, 0.0225982666015625, 4.27734375, 0.3642578125, 10.359375, 0.092041015625, 2.8359375, 1.060546875, 4.609375, 2.119140625, 1.3603515625, 7.6015625, 0.00885009765625, 0.170166015625, 0.0014820098876953125, 0.0057220458984375, 0.004322052001953125, 0.52734375, 3.716796875, 0.242431640625, 9.1015625, 3.150390625, 1.6435546875, 0.01287841796875, 0.19189453125, 0.2130126953125, 3.07421875, 0.0159454345703125, 3.69921875, 0.259765625, 4.7734375, 8.8203125, 1.0126953125, 0.00506591796875, 0.4423828125, 0.08380126953125, 4.24609375, 0.014190673828125, 2.9140625, 0.147705078125, 9.09375, 0.04559326171875, 0.0026302337646484375, 0.43115234375]",-1.444986280688533
435,0,test,3.0129555225372315,1.2874783312818177,1.7810659964438817,5.776430651488578,2.468350176533931,3.414655190634449,20.347448486669215,14.732248571900431,16.919748336627794,39.01007639800913,28.24462942765624,32.438498403343736,3.4153985785479524,1.4271444930286923,2.029082850876235,6.547993453139705,2.736117785997684,3.890152472062082,30.429075387514395,23.126302778352187,26.428989920394024,58.33854580663588,44.337688766140175,50.669592140373254,3.0144424661744798,1.2888357287430985,1.7778349712208703,5.779281416041519,2.470952575488361,3.408460677308802,20.377726501002357,14.76179911143755,16.933816359341375,39.06812532994719,28.301283646768805,32.46546958064811,0.6934673366834171,0.008467336683417037,0.008467336683417037,0.5778894472361809,-0.007110552763819111,-0.007110552763819111,0.4522613065326633,-0.007738693467336688,-0.012738693467336692,0.3933333333333333,0.08384914032168611,0.1538654841093865,0.3411371237458194,0.42713567839195976,0.1088399390435888,0.16837107071249402,0.38383838383838387,0.3946488294314381,0.09080909654329117,0.15104482498204985,0.3422818791946308,26.0,15.0,16.0,37.0,16.0,12.0,45.0,16.0,16.0,-0.0018980274728829477,-0.0003979215522236968,-0.00015537609580959806,0.030277199410011058,0.026042799062929944,0.027618731498559868,"[3.0625, 9.453125, 2.48046875, 1.494140625, 2.81640625, 0.35400390625, 0.64501953125, 1.3642578125, 5.05078125, 0.60302734375, 5.7734375, 8.0, 2.056640625, 2.966796875, 8.109375, 3.01953125, 10.28125, 8.828125, 5.09765625, 0.00870513916015625, 6.109375, 7.359375, 3.611328125, 6.69140625, 0.362548828125, 2.669921875, 4.08984375, 7.953125, 7.18359375, 0.552734375, 0.7666015625, 9.0390625, 4.984375, 2.46484375, 0.7451171875, 5.2734375, 0.0841064453125, 0.52490234375, 4.25390625, 9.0546875, 2.3203125, 0.351318359375, 3.951171875, 0.56201171875, 10.21875, 0.5498046875, 3.109375, 4.75390625, 7.75, 0.08221435546875, 3.94140625, 1.2333984375, 1.9384765625, 5.9921875, 2.130859375, 2.244140625, 0.0101318359375, 1.8603515625, 1.6376953125, 6.8515625, 3.234375, 1.2978515625, 7.3125, 0.10302734375, 2.916015625, 4.4921875, 4.99609375, 9.5390625, 0.52685546875, 5.67578125, 8.109375, 0.0279388427734375, 2.025390625, 9.1171875, 9.125, 2.322265625, 6.21484375, 0.150390625, 8.2734375, 3.912109375, 10.7109375, 3.326171875, 0.1810302734375, 4.671875, 7.85546875, 1.4404296875, 6.484375, 5.08984375, 3.720703125, 3.27734375, 0.71875, 5.2109375, 4.37109375, 2.9609375, 1.765625, 1.5126953125, 2.048828125, 0.343017578125, 0.66748046875, 4.7265625, 7.4140625, 1.9833984375, 0.263916015625, 4.9140625, 2.837890625, 0.9951171875, 7.76171875, 1.1943359375, 0.86376953125, 5.71875, 2.7890625, 8.234375, 2.041015625, 5.15625, 4.13671875, 0.04779052734375, 4.453125, 4.42578125, 5.7265625, 0.1435546875, 4.59765625, 3.220703125, 2.35546875, 3.171875, 3.89453125, 0.44189453125, 5.7734375, 1.7470703125, 0.64599609375, 1.26953125, 5.9375, 6.3203125, 2.001953125, 2.869140625, 2.16015625, 12.6875, 0.642578125, 1.9443359375, 3.177734375, 5.4765625, 5.5546875, 5.9765625, 0.705078125, 0.3349609375, 2.916015625, 3.80078125, 1.0625, 6.8984375, 0.14453125, 0.1424560546875, 1.5595703125, 4.56640625, 0.3671875, 1.9873046875, 5.01953125, 0.1676025390625, 9.46875, 3.94921875, 7.81640625, 0.0068511962890625, 0.008941650390625, 7.12109375, 1.826171875, 0.03851318359375, 0.367431640625, 4.61328125, 0.0034809112548828125, 0.130859375, 0.000690460205078125, 0.004970550537109375, 0.0016946792602539062, 0.76025390625, 2.578125, 0.1680908203125, 7.140625, 6.828125, 11.3515625, 0.11175537109375, 0.419677734375, 2.376953125, 0.00287628173828125, 0.462158203125, 0.10943603515625, 2.63671875, 0.00921630859375, 10.5078125, 1.701171875, 0.431396484375, 0.02679443359375, 0.1441650390625, 0.002044677734375, 0.442138671875, 0.037811279296875, 2.033203125, 0.00685882568359375, 9.2734375, 6.72265625, 5.0, 2.287109375, 2.2421875, 0.215576171875, 0.125, 0.03326416015625, 0.0008487701416015625, 0.463134765625, 0.0140533447265625, 3.064453125, 0.01021575927734375, 13.8046875, 4.4453125, 2.666015625, 1.9599609375, 0.00632476806640625, 0.048004150390625, 0.0010251998901367188, 0.457763671875, 0.0211639404296875, 2.578125, 0.017425537109375, 8.53125, 2.291015625, 5.46484375, 2.734375, 1.921875, 0.362548828125, 3.08984375, 0.0230865478515625, 0.00855255126953125, 0.0009670257568359375, 0.4580078125, 0.005619049072265625, 2.484375, 0.00667572021484375, 4.66015625, 0.791015625, 6.8359375, 3.5078125, 2.4296875, 0.01262664794921875, 0.0034503936767578125, 0.0007200241088867188, 0.447998046875, 0.011627197265625, 2.37890625, 0.00838470458984375, 4.16015625, 11.4765625, 2.3515625, 1.263671875, 1.8916015625, 0.0033473968505859375, 0.0140380859375, 0.0015478134155273438, 4.1953125, 0.0223236083984375, 0.0265045166015625, 3.52734375, 4.23046875, 0.08184814453125, 3.685546875, 0.16845703125, 0.007205963134765625, 0.045074462890625, 0.002132415771484375, 0.830078125, 6.46484375, 6.60546875, 0.475830078125, 3.73828125, 1.162109375, 2.037109375, 10.4375, 17.140625, 3.390625, 2.7734375, 6.44921875, 1.1767578125, 1.845703125, 0.65771484375, 1.3134765625, 0.005970001220703125, 0.0007929801940917969, 0.0047454833984375, 0.0005173683166503906, 0.355224609375, 0.1702880859375, 0.001338958740234375, 0.0006861686706542969, 0.0004248619079589844, 2.953125, 4.91796875, 3.0078125, 2.634765625, 4.48046875, 3.548828125, 7.66015625, 8.1875, 0.304443359375, 0.028106689453125, 2.568359375]",-1.1600624561309814
306,0,test,3.4639462603165416,1.553746493132507,2.1433711039502956,5.838601243803982,2.618893460122716,3.6127261374759696,31.942782655105088,25.188344676284494,28.19720760591786,53.84066510420229,42.45582624681915,47.527368794880424,3.398519297940048,1.4521577254186757,2.0448354785831837,5.728321835521591,2.4476620780641833,3.446640932454675,29.91976497434953,22.916604296738768,26.048103179000726,50.430798824689774,38.626729254880445,43.90497894322135,3.4639462603165416,1.553746493132507,2.1433711039502956,5.838601243803982,2.618893460122716,3.6127261374759696,31.942782655105088,25.188344676284494,28.19720760591786,53.84066510420229,42.45582624681915,47.527368794880424,0.7035175879396984,-0.016482412060301543,-0.001482412060301641,0.5728643216080402,-0.007135678391959832,-0.007135678391959832,0.4723618090452262,-0.0026381909547738003,-0.0026381909547738003,0.41947565543071164,0.10919528159893599,0.1641830028777851,0.4022556390977443,0.42713567839195976,0.11635873603607005,0.17337941795790301,0.38383838383838387,0.41947565543071164,0.10919528159893599,0.1641830028777851,0.4022556390977443,24.0,10.0,9.0,37.0,11.0,11.0,45.0,11.0,10.0,0.0005185284857128073,-0.00017773443986932635,-0.0002349716267524801,0.00016252502302549487,-0.00022759863213561715,-7.184004964067014e-05,"[3.0625, 9.453125, 2.48046875, 1.494140625, 7.81640625, 2.232421875, 1.42578125, 11.140625, 3.611328125, 3.40234375, 3.462890625, 6.6796875, 0.381591796875, 11.4609375, 8.765625, 11.7421875, 7.16796875, 0.364990234375, 6.3828125, 6.51953125, 2.73046875, 3.109375, 1.81640625, 1.6044921875, 3.14453125, 0.646484375, 6.4609375, 9.6171875, 3.552734375, 4.41015625, 0.311279296875, 1.1376953125, 7.01953125, 1.6689453125, 5.37109375, 0.67919921875, 2.025390625, 6.33984375, 0.08251953125, 3.0, 7.421875, 3.009765625, 4.5546875, 0.7001953125, 0.2568359375, 2.3671875, 5.45703125, 2.31640625, 3.05859375, 4.203125, 4.953125, 3.576171875, 3.810546875, 12.2890625, 0.337158203125, 0.058868408203125, 4.28125, 5.1484375, 1.4033203125, 8.1171875, 9.671875, 4.0390625, 9.421875, 6.30078125, 3.95703125, 0.73681640625, 4.4453125, 0.27392578125, 0.2666015625, 4.3515625, 1.5888671875, 0.01293182373046875, 2.66796875, 0.2177734375, 0.90087890625, 3.451171875, 0.03314208984375, 4.32421875, 2.404296875, 2.1328125, 0.2154541015625, 1.41015625, 5.71484375, 0.0169677734375, 0.0010013580322265625, 5.08984375, 2.4921875, 5.75, 0.63134765625, 0.66162109375, 4.9375, 5.24609375, 3.490234375, 10.296875, 1.287109375, 1.111328125, 0.9794921875, 5.8125, 6.0546875, 2.212890625, 0.583984375, 0.7080078125, 0.88330078125, 3.28515625, 1.4267578125, 4.1953125, 5.23828125, 1.0751953125, 2.97265625, 0.646484375, 1.1953125, 8.6015625, 0.336181640625, 5.0234375, 0.56640625, 4.91796875, 5.671875, 2.666015625, 2.84765625, 0.394287109375, 6.203125, 0.059783935546875, 1.16015625, 0.74755859375, 0.366455078125, 11.0234375, 1.5654296875, 5.65234375, 7.7265625, 0.020538330078125, 0.462646484375, 5.1640625, 8.09375, 1.7861328125, 4.8359375, 0.8095703125, 4.2421875, 7.80078125, 2.171875, 6.86328125, 2.041015625, 0.01213836669921875, 0.0174407958984375, 0.70458984375, 0.77001953125, 1.7080078125, 1.40234375, 5.16015625, 0.9365234375, 1.04296875, 4.38671875, 0.314697265625, 2.6796875, 0.283447265625, 0.259521484375, 0.1373291015625, 0.497314453125, 2.640625, 4.76171875, 5.2265625, 4.18359375, 0.283447265625, 3.6015625, 6.6640625, 4.90234375, 2.61328125, 0.81103515625, 6.14453125, 0.00962066650390625, 0.0031719207763671875, 1.6630859375, 0.53369140625, 5.55859375, 0.96337890625, 8.3671875, 2.310546875, 0.1009521484375, 9.015625, 9.0625, 0.476806640625, 7.6015625, 7.55078125, 4.04296875, 1.6669921875, 7.83984375, 0.008087158203125, 0.018524169921875, 2.154296875, 0.60400390625, 11.75, 2.287109375, 1.82421875, 5.01953125, 0.6015625, 1.724609375, 3.4453125, 0.91064453125, 1.5478515625, 5.01171875, 5.8359375, 3.814453125, 1.7275390625, 6.91015625, 5.51171875, 0.0633544921875, 4.453125, 7.85546875, 0.595703125, 0.130126953125, 0.73095703125, 0.348388671875, 7.8046875, 3.150390625, 0.88037109375, 7.36328125, 4.9609375, 0.13525390625, 3.453125, 1.3564453125, 2.98046875, 0.306640625, 0.88720703125, 12.765625, 0.341796875, 5.91015625, 3.44140625, 4.18359375, 0.14208984375, 11.0625, 8.5546875, 3.103515625, 6.3359375, 0.0638427734375, 10.609375, 3.06640625, 3.24609375, 0.367431640625, 6.7421875, 0.01401519775390625, 2.85546875, 13.5390625, 0.003627777099609375, 0.0221405029296875, 0.00395965576171875, 0.002513885498046875, 0.0012378692626953125, 5.66796875, 0.053558349609375, 0.97509765625, 3.673828125, 3.791015625, 9.375, 0.12139892578125, 4.62890625, 0.45849609375, 6.38671875, 3.791015625, 6.85546875, 2.759765625, 3.412109375, 3.93359375, 7.84765625, 3.052734375, 0.0292510986328125, 7.55078125, 7.5703125, 1.744140625]",-0.7189975606368275
117,0,test,3.834401917114532,1.7295534374463752,2.372446879130551,6.2197565981102,2.805496564229876,3.848329530682696,46.26574863915436,38.05988907832377,41.95136256194618,75.04734808327945,61.736680539839135,68.04901252780805,3.9059436477009375,1.7234254881644469,2.402762345213187,6.3358039401660555,2.795556460452795,3.897504036712088,49.69695420887044,40.828343468345956,45.20098482699214,80.61308269927238,66.22737109109605,73.32020213215584,3.834401917114532,1.7295534374463752,2.372446879130551,6.2197565981102,2.805496564229876,3.848329530682696,46.26574863915436,38.05988907832377,41.95136256194618,75.04734808327945,61.736680539839135,68.04901252780805,0.7839195979899498,0.003919597989949786,0.003919597989949786,0.6683417085427136,0.008341708542713655,0.008341708542713655,0.5326633165829145,-0.0023366834170853723,-0.0023366834170853723,0.42805755395683454,0.09412577657801946,0.18044989845444215,0.4151624548736462,0.40703517587939697,0.06618304555358245,0.14994001728173423,0.40909090909090906,0.42805755395683454,0.09412577657801946,0.18044989845444215,0.4151624548736462,23.0,5.0,4.0,34.0,7.0,7.0,41.0,6.0,4.0,-0.00027697360958756247,-0.00020526815717371273,-0.0001340725354392461,0.00023875416349117273,-0.00018498985658865763,-3.328992298534672e-05,"[3.0625, 9.453125, 2.48046875, 1.494140625, 2.81640625, 0.35400390625, 3.64453125, 1.390625, 4.0625, 2.53515625, 2.755859375, 7.83203125, 10.4375, 5.87890625, 0.2335205078125, 1.7958984375, 5.90625, 0.037506103515625, 5.08984375, 9.0859375, 0.17431640625, 0.55810546875, 6.4609375, 0.034881591796875, 12.0, 2.916015625, 2.998046875, 9.8359375, 8.9921875, 3.5625, 0.736328125, 3.734375, 1.193359375, 8.2578125, 1.41015625, 0.001110076904296875, 4.765625, 1.14453125, 6.515625, 11.171875, 11.1796875, 2.74609375, 9.09375, 1.4267578125, 1.0634765625, 3.876953125, 9.1015625, 3.982421875, 6.06640625, 2.30859375, 5.9375, 2.005859375, 8.2265625, 0.184814453125, 4.7578125, 1.6357421875, 3.7109375, 0.54052734375, 2.583984375, 4.55078125, 2.580078125, 0.5556640625, 5.1484375, 0.1617431640625, 5.953125, 3.2578125, 2.541015625, 3.001953125, 8.4609375, 0.44677734375, 7.125, 0.1519775390625, 5.390625, 7.19921875, 1.3232421875, 4.75390625, 0.54736328125, 3.568359375, 4.125, 3.6875, 1.255859375, 2.95703125, 4.2265625, 8.2734375, 9.7734375, 0.12359619140625, 3.3359375, 8.4609375, 0.4267578125, 8.671875, 11.28125, 14.4921875, 3.849609375, 7.9296875, 3.771484375, 2.017578125, 6.60546875, 3.1015625, 3.646484375, 0.0025196075439453125, 4.6171875, 0.61474609375, 1.2880859375, 9.4453125, 0.6015625, 4.54296875, 1.005859375, 0.658203125, 4.2890625, 0.89697265625, 6.65234375, 10.875, 1.4482421875, 1.4716796875, 3.30078125, 4.0, 2.65625, 4.015625, 7.0703125, 0.83154296875, 6.421875, 1.509765625, 2.42578125, 5.41015625, 2.671875, 6.234375, 5.9453125, 0.80859375, 8.8125, 5.52734375, 2.419921875, 3.666015625, 0.1318359375, 5.1875, 0.44775390625, 0.6884765625, 2.638671875, 0.075927734375, 0.33935546875, 9.453125, 0.82861328125, 1.5126953125, 8.703125, 1.0478515625, 7.375, 3.140625, 2.94140625, 2.23828125, 2.267578125, 5.11328125, 0.8427734375, 1.25390625, 9.09375, 2.1484375, 1.474609375, 4.64453125, 6.4609375, 0.00036907196044921875, 4.890625, 2.02734375, 5.47265625, 3.810546875, 0.14306640625, 2.853515625, 0.9482421875, 7.87890625, 8.703125, 7.55078125, 0.1392822265625, 1.1591796875, 5.4609375, 5.46484375, 5.01953125, 0.7802734375, 4.79296875, 7.73046875, 0.00044345855712890625, 0.01212310791015625, 3.609375, 0.8623046875, 4.50390625, 5.06640625, 2.212890625, 5.24609375, 3.470703125, 0.152099609375, 0.386962890625, 7.921875, 0.69189453125, 5.80078125, 7.61328125, 5.8671875, 8.875, 1.3994140625, 1.0087890625, 0.250244140625, 2.439453125, 4.2578125, 2.689453125, 0.04022216796875, 1.21875, 5.0, 7.5703125, 6.5078125, 0.402587890625, 7.3984375, 2.052734375, 1.7822265625, 5.8046875, 3.30859375, 10.34375, 0.491943359375, 2.61328125, 8.3671875, 0.043609619140625, 1.533203125, 3.724609375, 0.09967041015625, 0.434814453125, 5.5390625, 0.4765625, 4.0234375, 0.97119140625, 3.369140625, 6.82421875, 9.3046875, 11.6328125, 1.572265625, 11.828125, 12.3515625, 0.33056640625, 3.98046875, 6.7265625, 4.04296875, 4.96484375, 4.6875, 4.4609375, 2.4453125, 9.5078125, 0.0016317367553710938, 0.34130859375, 0.00047969818115234375, 0.0033435821533203125, 0.00264739990234375, 0.73876953125, 3.669921875, 10.1484375, 9.1640625, 2.24609375, 4.33203125, 6.61328125, 0.66357421875, 6.6953125, 0.2022705078125, 7.234375, 8.40625, 7.80859375, 2.373046875, 0.004192352294921875, 2.455078125, 0.0032138824462890625, 0.01190185546875, 0.00428009033203125, 0.054473876953125, 8.4921875, 0.8203125, 3.25, 2.236328125, 6.9765625, 0.386474609375, 0.002063751220703125, 0.01102447509765625, 0.0009665489196777344, 0.29931640625, 0.00029921531677246094, 5.26953125, 2.734375, 7.203125]",-1.1161109689328312
201,0,test,3.5196365572411916,1.5817370698439102,2.195334659205878,6.159363975172086,2.7680398722268436,3.841835653610287,33.77215198899697,26.828002621678095,30.01259210645453,59.10126598074469,46.94900458793666,52.52203618629542,3.486465873430722,1.5232681387102958,2.147965724168751,6.101315278503764,2.665719242743018,3.758940017295314,32.67028252542728,25.548217359791764,28.85696272185887,57.17299441949775,44.70938037963559,50.49968476325303,3.5196365572411916,1.5817370698439102,2.195334659205878,6.159363975172086,2.7680398722268436,3.841835653610287,33.77215198899697,26.828002621678095,30.01259210645453,59.10126598074469,46.94900458793666,52.52203618629542,0.7989949748743719,-0.0010050251256281673,0.003994974874371837,0.6331658291457287,-0.011834170854271298,0.0031658291457287158,0.4723618090452262,-0.017638190954773814,-0.01263819095477381,0.4439461883408071,0.11284999147279817,0.18165110637359405,0.4279279279279279,0.44221105527638194,0.09885265928640696,0.1717603040242951,0.4242424242424242,0.4439461883408071,0.11284999147279817,0.18165110637359405,0.4279279279279279,22.0,5.0,4.0,36.0,9.0,10.0,44.0,5.0,6.0,-0.0006814621176781166,-0.0002896281668873796,-0.00011532765732032166,-0.00014239153883455202,-3.608366740071034e-05,2.7616772921845723e-06,"[3.0625, 9.453125, 2.48046875, 1.494140625, 7.81640625, 5.3515625, 8.71875, 5.53515625, 0.69921875, 7.5078125, 5.2265625, 3.494140625, 1.6435546875, 8.0234375, 5.02734375, 9.6640625, 2.791015625, 0.7177734375, 5.58984375, 1.291015625, 3.75390625, 5.7265625, 0.0004284381866455078, 2.361328125, 1.0224609375, 4.98828125, 0.9716796875, 2.126953125, 5.49609375, 4.1171875, 2.548828125, 0.73681640625, 3.154296875, 8.015625, 6.26953125, 0.264404296875, 2.384765625, 1.1396484375, 11.5625, 5.625, 1.32421875, 1.9267578125, 5.4375, 0.328125, 0.0016546249389648438, 5.7421875, 4.64453125, 2.56640625, 2.8828125, 4.12890625, 2.10546875, 10.734375, 1.16796875, 2.650390625, 0.62939453125, 5.6015625, 1.97265625, 5.25, 4.09765625, 12.3828125, 0.293212890625, 8.6796875, 6.54296875, 2.30078125, 6.91015625, 5.3828125, 1.458984375, 2.58203125, 0.98291015625, 2.505859375, 0.36376953125, 0.376220703125, 2.49609375, 0.625, 6.42578125, 0.260498046875, 1.0224609375, 6.73828125, 5.828125, 1.2421875, 2.537109375, 8.1484375, 4.39453125, 0.188720703125, 0.8408203125, 3.720703125, 3.9375, 0.1676025390625, 5.74609375, 10.34375, 0.07452392578125, 0.7080078125, 8.6015625, 0.307861328125, 5.83203125, 0.034698486328125, 0.8251953125, 4.5703125, 1.40234375, 2.6640625, 1.8837890625, 0.0067291259765625, 0.00055694580078125, 0.16064453125, 1.3310546875, 1.73828125, 5.27734375, 0.6669921875, 5.70703125, 1.2802734375, 4.3828125, 6.27734375, 0.1361083984375, 0.6025390625, 3.419921875, 1.5869140625, 1.68359375, 2.416015625, 4.70703125, 0.564453125, 5.26171875, 2.43359375, 2.486328125, 3.923828125, 3.962890625, 1.572265625, 3.8046875, 3.55078125, 4.60546875, 1.8720703125, 2.974609375, 0.224853515625, 7.25, 0.1566162109375, 6.72265625, 2.58203125, 9.4453125, 0.054718017578125, 3.607421875, 1.9990234375, 1.49609375, 5.3515625, 3.658203125, 0.1717529296875, 4.6953125, 0.06292724609375, 1.189453125, 2.32421875, 4.13671875, 5.27734375, 5.10546875, 0.0276641845703125, 2.830078125, 1.8115234375, 3.732421875, 1.826171875, 3.845703125, 5.16015625, 10.3125, 9.9765625, 2.79296875, 2.556640625, 7.375, 5.0, 1.822265625, 5.5078125, 1.802734375, 4.265625, 12.671875, 4.95703125, 5.71484375, 1.4580078125, 4.26171875, 4.3203125, 3.353515625, 6.6640625, 5.76953125, 4.46484375, 4.66015625, 2.111328125, 1.7197265625, 0.00579833984375, 4.94140625, 3.107421875, 1.4462890625, 2.501953125, 1.40234375, 5.9140625, 2.326171875, 1.3857421875, 0.56005859375, 2.16796875, 4.28125, 5.8046875, 1.3583984375, 0.58935546875, 4.8046875, 0.01416778564453125, 6.00390625, 0.3984375, 0.255859375, 12.6484375, 0.06298828125, 5.9453125, 1.22265625, 8.65625, 3.939453125, 1.2998046875, 1.986328125, 3.009765625, 0.1944580078125, 0.8994140625, 11.359375, 5.72265625, 6.51171875, 2.30078125, 5.71484375, 7.2265625, 0.00463104248046875, 1.3515625, 2.609375, 0.65478515625, 2.232421875]",-0.4654775403540232
85,0,test,3.468054324551358,1.436812488517424,1.9267027849031848,6.208663107855358,2.572244796516559,3.4492679124852135,32.07427556382385,24.45072788474973,27.40337665191315,57.42077625328465,43.77276650586902,49.058727957327434,3.6991834263106687,1.5842834151428793,2.2024810159677726,6.622440572956172,2.836253723694813,3.942978209074012,40.414289636834255,32.125532695278004,35.94735499762106,72.35143559374717,57.512539020326955,64.3545330933021,3.5196867882208682,1.5094188793571575,2.0901495168548974,6.301097811107603,2.7022279449954962,3.7418774277353526,33.773848439884,26.308531335830455,29.59708240443193,60.46342623140208,47.09868780609647,52.985996304519595,0.6834170854271358,-0.006582914572864196,0.018417085427135715,0.542713567839196,0.0027135678391959628,-0.0022864321608039306,0.4974874371859297,0.007487437185929702,0.012487437185929706,0.42349726775956287,0.10426125138848508,0.1634777174174319,0.41369863013698627,0.4170854271356784,0.12886487575723227,0.17501531027424266,0.40909090909090906,0.4180602006688964,0.11588991686255246,0.1677821139058263,0.4093959731543624,27.0,10.0,8.0,39.0,9.0,8.0,47.0,7.0,6.0,-0.00015343976906143095,-0.0002967360794809927,-0.00015643679683792177,-0.00024245699414393584,0.00015588034778968307,-0.00010364736082912884,"[3.056640625, 8.4453125, 0.02142333984375, 0.306884765625, 0.0024547576904296875, 0.1478271484375, 9.5703125, 7.4765625, 3.04296875, 9.8359375, 0.65185546875, 0.0034046173095703125, 0.033416748046875, 0.00409698486328125, 0.51904296875, 0.0007977485656738281, 0.55517578125, 6.0859375, 1.7421875, 1.423828125, 9.953125, 0.136962890625, 1.9794921875, 7.75, 9.46875, 9.3359375, 1.451171875, 1.7685546875, 10.3828125, 7.1953125, 2.107421875, 3.658203125, 5.421875, 0.68115234375, 6.60546875, 4.35546875, 5.53125, 7.84765625, 6.86328125, 9.21875, 0.99267578125, 0.002849578857421875, 0.0003731250762939453, 0.059722900390625, 7.963180541992188e-05, 0.89990234375, 0.371337890625, 0.007175445556640625, 0.0011587142944335938, 0.0003178119659423828, 2.02734375, 6.1875, 0.313720703125, 1.234375, 1.2060546875, 7.34375, 1.5927734375, 1.630859375, 9.4296875, 3.15625, 0.96630859375, 10.890625, 5.8125, 2.8046875, 6.015625, 2.294921875, 5.23828125, 3.16015625, 0.005542755126953125, 6.59375, 12.8203125, 7.34765625, 6.36328125, 3.408203125, 7.62890625, 5.0078125, 7.69140625, 0.349853515625, 7.6484375, 0.9140625, 0.0009207725524902344, 3.09375, 3.978515625, 6.83984375, 4.55859375, 6.8828125, 0.724609375, 1.3113021850585938e-05, 7.546875, 0.1673583984375, 3.900390625, 1.115234375, 3.159046173095703e-05, 3.412109375, 5.6796875, 3.025390625, 0.424560546875, 9.1552734375e-05, 5.25, 0.049896240234375, 0.83544921875, 1.541015625, 1.81640625, 4.42578125, 0.2208251953125, 5.20703125, 0.06005859375, 0.59619140625, 8.1640625, 11.15625, 10.2578125, 7.8046875, 2.490234375, 13.203125, 0.138916015625, 1.0439453125, 10.34375, 2.119140625, 6.30859375, 6.85546875, 0.032989501953125, 7.28125, 3.8671875, 2.064453125, 8.984375, 2.98828125, 6.97265625, 10.4453125, 3.1328125, 9.1484375, 0.19921875, 4.67578125, 3.591796875, 5.578125, 12.0703125, 0.0291290283203125, 7.35546875, 1.6962890625, 0.62939453125, 6.26171875, 0.03155517578125, 0.8623046875, 6.3203125, 6.99609375, 6.16015625, 1.3662109375, 6.109375, 1.0234375, 4.67578125, 6.70703125, 3.5, 6.31640625, 0.47509765625, 3.5762786865234375e-05, 7.23046875, 1.7041015625, 2.900390625, 0.51220703125, 9.334087371826172e-05, 4.5546875, 0.01904296875, 5.59375, 0.935546875, 0.00032138824462890625, 2.31640625, 0.00720977783203125, 1.0771484375, 0.95166015625, 1.4560546875, 8.0546875, 0.048492431640625, 8.890625, 2.748046875, 3.0, 5.58203125, 3.56640625, 6.9921875, 0.1458740234375, 0.42919921875, 5.46484375, 0.11279296875, 0.91259765625, 0.87060546875, 5.9609375, 1.09375, 1.4462890625, 8.7265625, 0.6474609375, 0.97021484375, 6.61328125, 0.7451171875, 1.7412109375, 5.62109375, 4.5625, 0.326171875, 1.7509765625, 8.234375, 0.43896484375, 1.1455078125, 8.828125, 2.96484375, 0.748046875, 6.39453125, 4.859375, 7.5703125, 0.4375, 7.891654968261719e-05, 3.978515625, 5.33984375, 9.078125, 5.2734375, 0.42041015625, 0.00047278404235839844, 8.2578125, 1.119140625, 5.57421875, 2.216796875, 1.22265625, 6.44140625, 0.056060791015625, 3.228515625, 1.021484375, 8.671875, 0.46728515625, 5.602836608886719e-06, 0.0026836395263671875, 1.583984375, 5.97265625, 1.9130859375, 3.98828125, 6.04296875, 1.203125, 3.1953125, 1.220703125, 7.93359375, 0.369873046875, 6.63671875, 0.09912109375, 0.51708984375, 8.6328125, 1.9794921875, 5.4375, 0.0128936767578125, 0.09771728515625, 7.55078125, 3.72265625, 0.05108642578125, 0.0034637451171875, 1.36328125, 0.2056884765625, 5.46484375, 0.0007181167602539062, 4.3359375, 0.533203125, 0.004436492919921875, 4.5625, 3.994140625, 4.0546875, 3.29296875, 2.25390625, 1.37890625, 3.353515625, 0.1005859375, 1.4267578125, 2.884765625, 0.06365966796875, 7.20703125, 8.6484375, 3.21484375, 3.0546875, 4.3359375, 2.001953125, 3.091796875, 0.25048828125, 3.445148468017578e-05, 7.8671875, 3.703125, 3.185546875, 4.3125, 0.5234375, 0.00010848045349121094, 2.396484375, 0.007434844970703125, 1.28515625, 0.1279296875, 2.28515625, 6.3828125, 0.95849609375, 4.03515625, 2.671875, 0.60009765625, 3.599609375, 0.65478515625, 3.689453125, 6.2109375, 3.294921875, 5.60546875, 11.21875, 7.265625, 0.015289306640625, 3.4609375, 0.33251953125, 3.927734375, 0.0545654296875, 8.5703125, 1.3125, 2.94140625, 6.35546875, 0.490966796875, 0.0006799697875976562, 0.0018014907836914062, 0.1422119140625, 0.0125732421875, 3.302734375, 4.9296875, 3.412109375, 3.732421875, 0.45068359375, 0.0032100677490234375, 6.10546875, 1.017578125, 2.3359375, 0.40966796875, 0.0012464523315429688, 4.6328125, 0.006488800048828125, 3.072265625, 2.32421875, 0.0011501312255859375, 4.28515625, 4.8359375, 0.7392578125, 3.705078125, 9.03125, 3.85546875, 11.0, 6.80859375, 0.402099609375, 4.8984375, 2.392578125, 0.0303802490234375, 3.205078125, 5.46875, 0.00693511962890625, 0.6083984375, 3.810546875, 0.1878662109375, 5.6796875, 1.5087890625, 7.54296875, 0.791015625, 0.599609375, 4.57421875, 7.2890625, 10.765625, 3.3046875, 11.2734375, 0.0144805908203125, 5.87890625, 0.0142669677734375, 1.896484375, 1.58203125, 5.16796875, 13.7734375, 7.4921875, 7.28125]",-0.7510862050812102
118,0,test,3.5630479872226717,1.6212600040460576,2.2184932191781392,6.505261855459574,2.9600277346598474,4.0504308016812995,35.27053762381554,28.299333393720957,31.434059586146244,64.39545126772383,51.66772233247538,57.39097242622155,3.845650428503602,1.7202447392736606,2.3992489397027255,7.021225403555818,3.1407498648860015,4.380446927790581,46.78910742494965,38.41281245337342,42.54130620604808,85.42556734403685,70.13248334290147,77.67011208831504,3.5630479872226717,1.6212600040460576,2.2184932191781392,6.505261855459574,2.9600277346598474,4.0504308016812995,35.27053762381554,28.299333393720957,31.434059586146244,64.39545126772383,51.66772233247538,57.39097242622155,0.8040201005025126,0.004020100502512558,0.004020100502512558,0.6080402010050252,-0.006959798994974786,-0.016959798994974795,0.5226130653266332,-0.002386934673366814,0.007613065326633195,0.4291666666666667,0.11939535689535696,0.17985918744229,0.37656903765690375,0.457286432160804,0.14901575546907464,0.19685237539953526,0.4040404040404041,0.4291666666666667,0.11939535689535696,0.17985918744229,0.37656903765690375,24.0,3.0,4.0,35.0,5.0,5.0,42.0,4.0,4.0,-0.00043986966149481185,-0.0001703614937599357,-0.0003648505963454999,-2.4582867206746073e-05,5.7358864443912694e-05,7.978146849918488e-05,"[3.0625, 9.453125, 2.48046875, 1.494140625, 1.81640625, 8.234375, 9.84375, 7.6640625, 1.28515625, 10.5625, 1.052734375, 2.3125, 2.029296875, 13.4609375, 2.501953125, 9.7109375, 0.1910400390625, 0.0531005859375, 2.083984375, 5.81640625, 2.353515625, 1.7900390625, 7.50390625, 1.1201171875, 0.76220703125, 2.576171875, 3.24609375, 6.22265625, 3.384765625, 1.0107421875, 10.1015625, 6.046875, 6.69140625, 9.3125, 0.79052734375, 3.36328125, 1.7890625, 1.984375, 8.1796875, 1.748046875, 1.7890625, 6.3125, 2.564453125, 5.65625, 9.5546875, 1.2275390625, 5.390625, 1.0849609375, 8.34375, 4.5703125, 4.1171875, 3.876953125, 9.609375, 8.671875, 5.92578125, 5.14453125, 0.406005859375, 1.9697265625, 5.66015625, 4.4609375, 0.7626953125, 4.3515625, 9.8125, 4.15234375, 8.7421875, 7.8828125, 1.5712890625, 4.28515625, 9.3828125, 2.10546875, 3.357421875, 0.78466796875, 5.9375, 5.78125, 4.29296875, 0.666015625, 0.032012939453125, 8.1953125, 5.58984375, 1.56640625, 2.091796875, 1.900390625, 5.6796875, 9.6484375, 0.296630859375, 0.0006670951843261719, 0.0036106109619140625, 3.53125, 4.05859375, 6.78125, 2.0859375, 1.87109375, 0.459228515625, 0.1138916015625, 9.0078125, 5.27734375, 1.0498046875, 1.60546875, 12.40625, 1.3095703125, 14.6015625, 2.390625, 0.033721923828125, 1.884765625, 2.060546875, 7.10546875, 2.203125, 1.984375, 1.1171875, 4.89453125, 3.267578125, 4.73828125, 4.78515625, 8.2421875, 5.95703125, 0.5244140625, 1.25390625, 0.09368896484375, 0.2073974609375, 0.861328125, 0.51171875, 1.47265625, 2.96484375, 0.460693359375, 3.82421875, 3.8984375, 8.109375, 7.3125, 4.3046875, 3.09765625, 1.32421875, 6.15234375, 0.177001953125, 0.0122222900390625, 0.339599609375, 6.7890625, 1.359375, 4.8828125, 2.677734375, 0.89697265625, 8.6640625, 0.79248046875, 3.78125, 5.640625, 1.7158203125, 3.427734375, 8.984375, 0.172119140625, 0.77197265625, 0.262451171875, 3.08203125, 0.042144775390625, 0.06451416015625, 5.52734375, 2.1953125, 3.375, 0.7919921875, 4.84375, 7.203125, 2.916015625, 1.5234375, 5.8046875, 2.15234375, 3.884765625, 2.99609375, 1.435546875, 5.109375, 1.5146484375, 0.27880859375, 1.017578125, 2.576171875, 0.0221099853515625, 0.0570068359375, 4.63671875, 1.8798828125, 3.646484375, 0.0167999267578125, 4.45703125, 1.900390625, 5.5703125, 4.3359375, 4.46484375, 9.734375, 2.431640625, 1.6123046875, 6.453125, 0.05902099609375, 0.80859375, 6.6875, 4.95703125, 6.15234375, 5.91796875, 7.7578125, 3.892578125, 4.5859375, 0.31787109375, 3.65234375, 10.109375, 4.140625, 1.4326171875, 6.1796875, 0.552734375, 3.0078125, 2.013671875, 0.5341796875, 1.45703125, 6.96484375, 0.1317138671875, 2.607421875, 0.1610107421875, 2.291015625, 0.55322265625, 8.359375, 3.361328125, 2.087890625, 4.53125, 1.9873046875, 1.1279296875, 3.818359375, 4.24609375, 0.2353515625, 0.6474609375, 5.3046875, 0.1934814453125, 0.005489349365234375, 0.2376708984375, 0.17578125, 1.4208984375, 5.80859375, 3.73828125, 5.78515625, 0.1290283203125, 5.0625, 6.99609375, 0.000530242919921875, 0.2578125, 0.1619873046875, 0.0899658203125, 0.006855010986328125, 0.032318115234375]",-0.5732149064540861
280,0,test,3.6116715452484924,1.5849375556302299,2.212505676047275,6.019452575414154,2.6415625927170496,3.6875094600787923,37.02789491629685,29.43863567772705,32.97607610628018,61.713158193828086,49.06439279621175,54.960126843800296,3.8247395352502562,1.6972226121561018,2.3639784146482903,6.37456589208376,2.8287043535935026,3.9399640244138165,45.820864092012826,37.426866121826535,41.511625961611855,76.36810682002138,62.37811020304423,69.18604326935309,3.6116715452484924,1.5849375556302299,2.212505676047275,6.019452575414154,2.6415625927170496,3.6875094600787923,37.02789491629685,29.43863567772705,32.97607610628018,61.713158193828086,49.06439279621175,54.960126843800296,0.7587939698492463,-0.001206030150753712,-0.016206030150753725,0.6331658291457287,-0.011834170854271298,0.0031658291457287158,0.5276381909547738,0.01263819095477381,0.01263819095477381,0.43122676579925645,0.11397259140222493,0.17041094379678423,0.3843283582089553,0.4321608040201005,0.09632120502260677,0.16504895093161964,0.38888888888888884,0.43122676579925645,0.11397259140222493,0.17041094379678423,0.3843283582089553,26.0,5.0,5.0,34.0,0.0,1.0,45.0,3.0,2.0,-0.0005494544900120398,-0.0007895429145444206,-0.00012508971658666093,0.00017638486674709242,-0.00021985158203818855,-6.483093570341936e-05,"[3.0625, 9.453125, 2.48046875, 1.494140625, 6.81640625, 6.80078125, 5.81640625, 6.99609375, 0.058929443359375, 11.3671875, 1.1337890625, 6.94921875, 5.34765625, 1.240234375, 2.216796875, 6.52734375, 3.478515625, 1.8232421875, 3.85546875, 3.767578125, 4.0703125, 5.75, 4.34375, 5.83203125, 0.18310546875, 1.205078125, 5.1484375, 7.0859375, 7.21484375, 4.12109375, 0.74755859375, 2.6484375, 2.861328125, 1.603515625, 4.625, 1.875, 4.71875, 9.1484375, 4.1875, 1.7724609375, 5.8203125, 2.404296875, 4.25390625, 5.2265625, 0.93603515625, 8.234375, 1.5244140625, 11.5, 0.859375, 5.828125, 0.339599609375, 0.81103515625, 8.34375, 0.931640625, 8.96875, 1.3330078125, 1.1767578125, 5.1953125, 0.12548828125, 0.94873046875, 5.69140625, 8.5234375, 1.94921875, 0.748046875, 8.515625, 0.57470703125, 0.68701171875, 7.52734375, 8.8828125, 2.974609375, 0.59619140625, 2.3515625, 0.79150390625, 2.107421875, 6.29296875, 3.81640625, 1.3876953125, 7.73828125, 1.3369140625, 2.5859375, 8.265625, 0.0246429443359375, 4.265625, 3.63671875, 2.189453125, 3.271484375, 1.42578125, 4.9921875, 2.861328125, 7.61328125, 8.828125, 4.27734375, 1.3359375, 5.5703125, 4.94921875, 6.55859375, 2.875, 0.5791015625, 3.07421875, 2.619140625, 0.48486328125, 2.6640625, 0.71826171875, 1.318359375, 4.52734375, 2.818359375, 7.65625, 2.69921875, 11.2890625, 2.333984375, 7.30078125, 3.689453125, 5.890625, 5.765625, 5.50390625, 1.13671875, 2.310546875, 2.384765625, 0.1845703125, 9.25, 0.3837890625, 2.677734375, 0.3525390625, 13.6015625, 0.33544921875, 0.206787109375, 5.94921875, 8.1171875, 5.27734375, 3.693359375, 4.38671875, 0.2027587890625, 2.5546875, 10.296875, 5.3828125, 2.068359375, 3.828125, 0.08172607421875, 8.6640625, 4.8515625, 1.7294921875, 11.8125, 3.09375, 9.4375, 3.658203125, 6.59765625, 0.08917236328125, 6.9453125, 0.021881103515625, 5.6171875, 3.9765625, 1.8984375, 1.01953125, 7.90234375, 0.26806640625, 4.3125, 9.140625, 8.0390625, 3.181640625, 8.4375, 1.5634765625, 6.86328125, 0.1357421875, 0.452880859375, 6.44140625, 5.5390625, 3.009765625, 1.8759765625, 3.822265625, 5.6875, 0.93603515625, 6.87890625, 0.061431884765625, 12.1015625, 9.5, 2.3203125, 0.00453948974609375, 0.052978515625, 0.0004131793975830078, 0.0029811859130859375, 0.0015802383422851562, 0.716796875, 7.03125, 0.84130859375, 4.66015625, 1.630859375, 0.0248565673828125, 1.4404296875, 2.919921875, 2.83203125, 0.370849609375, 0.9677734375, 0.003841400146484375, 0.43603515625, 0.50830078125, 7.6796875, 0.51806640625, 3.60546875, 1.5751953125, 5.50390625, 3.95703125, 1.0458984375, 0.366455078125, 0.0015888214111328125, 0.59326171875, 10.0625, 1.90625, 0.666015625, 3.498046875, 0.76904296875, 0.004459381103515625, 1.5009765625, 1.6044921875, 0.0018358230590820312, 0.71337890625, 5.703125, 3.478515625, 2.779296875, 2.77734375, 3.359375, 1.4560546875, 0.481201171875, 6.76953125, 4.75390625, 10.7890625, 2.572265625, 6.99609375, 5.890625, 10.2265625, 8.8125, 0.35205078125, 0.0015048980712890625, 0.002513885498046875, 0.00428009033203125, 0.00020122528076171875, 0.64697265625, 1.3544921875, 2.9453125, 0.14111328125, 4.184246063232422e-05, 4.887580871582031e-05, 0.00112152099609375, 0.00774383544921875, 0.00023353099822998047, 0.0001366138458251953, 1.6796875, 3.873046875, 0.1473388671875, 4.34375, 0.57080078125, 4.53515625, 6.56640625, 3.99609375, 1.4677734375, 1.5244140625, 6.6875, 1.1162109375, 2.541015625, 3.591796875, 3.083984375, 6.34375, 2.822265625, 1.7841796875, 3.6328125, 4.01953125, 7.375, 10.1953125, 10.609375, 0.61865234375]",-1.4811185815520447
323,0,test,3.601709028230096,1.3965609527823881,2.0099493844323604,5.966686643152268,2.3135798916575707,3.3297354260174648,36.66083533762446,27.589240588762706,31.7484499616031,60.73331155329354,45.70506724042015,52.595323731571405,3.460261929574324,1.228950193025272,1.7946208241405879,5.732361630318911,2.0359114643490956,2.9730164255341065,31.825311413313035,22.513238355172,26.53624840323012,52.72265444976557,37.29602739561627,43.96065247523062,3.588649245074196,1.3804217589501744,1.994091725108237,5.945051460213276,2.2868432753692645,3.3034652072576214,36.18516561029863,27.08559263960779,31.25901674301098,59.94530447489231,44.87071069814543,51.784515688723005,0.7035175879396984,-0.0064824120603015345,-0.01148241206030165,0.5829145728643217,-0.022085427135678293,-0.01708542713567829,0.5125628140703518,-0.0024371859296482556,0.007562814070351753,0.45620437956204385,0.09008416098280891,0.15887428247466517,0.41758241758241754,0.4522613065326633,0.0938653165577259,0.14341322639910736,0.38888888888888884,0.45620437956204385,0.1010131227314428,0.16008787470767494,0.4212454212454212,27.0,-1.0,-1.0,39.0,0.0,0.0,49.0,2.0,4.0,0.00013623020574178753,-0.00039740336481501273,-0.00011684734195262766,0.000211034476049754,-0.00020048395678795572,-4.730815085896012e-05,"[8.5859375, 2.3828125, 8.203125, 4.56640625, 5.20703125, 8.546875, 5.53515625, 0.0015058517456054688, 8.2421875, 1.3046875, 0.002410888671875, 4.734375, 5.92578125, 1.06640625, 3.44921875, 7.2265625, 8.9765625, 5.17578125, 0.052703857421875, 9.0546875, 6.921875, 4.15625, 6.34375, 3.30078125, 0.9501953125, 4.03515625, 4.4609375, 1.6787109375, 2.765625, 3.390625, 2.857421875, 1.8828125, 3.796875, 8.9765625, 6.28125, 4.09375, 4.53125, 0.140380859375, 0.1363525390625, 0.74169921875, 0.0733642578125, 1.806640625, 0.51171875, 0.2060546875, 1.9658203125, 4.0078125, 8.640625, 3.5703125, 0.414306640625, 6.3046875, 0.61572265625, 7.01171875, 4.01953125, 0.76953125, 8.6953125, 2.134765625, 4.734375, 2.396484375, 1.7373046875, 8.71875, 1.1875, 0.02630615234375, 5.5625, 0.90234375, 3.1640625, 1.3505859375, 1.4951171875, 3.755859375, 3.939453125, 0.335205078125, 0.9599609375, 10.71875, 2.908203125, 5.34375, 0.74169921875, 5.2265625, 0.53955078125, 7.90625, 1.8671875, 2.603515625, 5.0546875, 6.43359375, 0.8759765625, 0.30615234375, 9.4765625, 5.93359375, 4.99609375, 9.6171875, 6.609375, 3.0859375, 3.24609375, 0.05859375, 1.373046875, 7.140625, 3.119140625, 7.91015625, 7.7109375, 0.300537109375, 5.0234375, 7.47265625, 0.193359375, 0.373779296875, 5.02734375, 2.224609375, 2.591796875, 1.40625, 0.783203125, 7.296875, 3.10546875, 0.26904296875, 0.12384033203125, 5.48046875, 1.3681640625, 0.63720703125, 4.25, 0.6044921875, 4.3046875, 0.053009033203125, 0.97607421875, 6.94140625, 0.04522705078125, 5.578125, 0.69873046875, 3.98828125, 6.328125, 0.311767578125, 1.669921875, 5.87890625, 0.415771484375, 7.39453125, 7.6328125, 1.7998046875, 0.54541015625, 5.12890625, 7.26171875, 11.46875, 5.92578125, 4.26171875, 1.8798828125, 3.76953125, 3.798828125, 0.69482421875, 5.75, 3.541015625, 3.166015625, 6.0625, 4.34375, 5.6015625, 1.5458984375, 0.255859375, 1.8359375, 3.33203125, 0.368408203125, 0.826171875, 3.0703125, 2.30859375, 0.1298828125, 0.336669921875, 6.71484375, 1.3291015625, 8.3046875, 3.328125, 0.0253753662109375, 4.85546875, 1.6044921875, 0.0074005126953125, 2.724609375, 5.3046875, 4.21484375, 0.1806640625, 0.869140625, 6.21484375, 5.109375, 0.4619140625, 0.174560546875, 3.560546875, 0.0274505615234375, 6.125, 1.951171875, 5.640625, 0.276611328125, 0.0489501953125, 6.046875, 9.25, 0.2548828125, 0.37255859375, 5.6484375, 0.052154541015625, 4.828125, 0.047149658203125, 0.343994140625, 5.3203125, 0.0286102294921875, 0.309814453125, 5.2578125, 1.9931640625, 3.1015625, 2.740234375, 1.46484375, 5.83203125, 10.2421875, 0.7802734375, 0.1373291015625, 5.83984375, 0.68310546875, 0.0751953125, 1.962890625, 14.015625, 4.453125, 6.6953125, 6.1328125, 6.92578125, 3.484375, 4.80859375, 3.421875, 4.3125, 0.0384521484375, 3.017578125, 0.5390625, 9.6875, 0.11749267578125, 0.2509765625, 5.59765625, 1.9873046875, 2.48828125, 2.900390625, 0.496826171875, 3.736328125, 4.23828125, 1.84375, 5.265625, 3.99609375, 7.50390625, 5.30859375, 4.34765625, 0.00978851318359375, 3.13671875, 1.1845703125, 2.138671875, 0.8193359375, 3.19921875, 0.463134765625, 0.3955078125, 5.5078125, 0.2181396484375, 0.0227508544921875, 0.2470703125, 7.9453125, 12.375, 0.0732421875, 2.72265625, 1.6181640625, 0.29443359375, 0.7998046875, 6.90234375, 8.734375, 6.32421875, 8.9453125, 11.109375, 1.4853515625, 1.013671875, 8.1171875, 7.39453125, 2.958984375, 3.796875, 5.3671875, 2.98046875, 4.68359375, 12.3515625, 4.47265625, 5.48828125, 3.970703125, 1.6708984375, 5.390625]",-0.7899888553758609
116,0,test,3.531298931137922,1.5964601251863517,2.2176148041983756,5.319298389941933,2.4047943657870356,3.340457743032996,34.16832109866309,27.24539306802692,30.44846818956028,51.46873684482162,41.04052879867346,45.86541410832498,3.4759877075502024,1.540081435364726,2.1596753152628603,5.235981483524989,2.319869503903828,3.2531818040035496,32.32974510523461,25.399423136998713,28.600102576408137,48.69923629775846,38.2598905481373,43.081167172057825,3.531298931137922,1.5964601251863517,2.2176148041983756,5.319298389941933,2.4047943657870356,3.340457743032996,34.16832109866309,27.24539306802692,30.44846818956028,51.46873684482162,41.04052879867346,45.86541410832498,0.7587939698492463,0.0037939698492462925,-0.01120603015075372,0.6281407035175879,-0.006859296482412125,0.008140703517587888,0.49246231155778897,-0.007537688442211032,-0.002537688442211028,0.42194092827004215,0.08088829669109476,0.16247388759683035,0.4279661016949152,0.42211055276381915,0.08627095376632543,0.1583375978389444,0.41414141414141414,0.42194092827004215,0.08088829669109476,0.16247388759683035,0.4279661016949152,24.0,5.0,5.0,34.0,6.0,5.0,42.0,4.0,4.0,0.0001357919578239333,-5.5235422549454006e-05,0.0001409836494065008,-4.537263278781012e-05,4.0869005880850295e-05,6.618974063954397e-05,"[3.0625, 9.453125, 2.48046875, 1.494140625, 3.81640625, 4.921875, 1.05078125, 5.34375, 0.88330078125, 9.6640625, 1.9375, 4.828125, 0.84814453125, 8.765625, 2.828125, 0.386962890625, 4.23828125, 3.626953125, 0.83056640625, 0.35888671875, 4.6484375, 5.7578125, 3.1875, 7.8984375, 4.4453125, 4.3515625, 6.48046875, 0.865234375, 6.68359375, 0.240478515625, 3.515625, 10.0390625, 5.36328125, 7.640625, 0.515625, 3.365234375, 0.62158203125, 0.1318359375, 5.77734375, 0.276611328125, 0.262939453125, 1.4091796875, 3.130859375, 2.337890625, 7.6640625, 0.01312255859375, 2.34375, 6.8671875, 2.16015625, 1.7529296875, 2.537109375, 0.1434326171875, 2.685546875, 5.88671875, 2.6640625, 2.25390625, 0.021026611328125, 4.1484375, 0.26904296875, 0.9091796875, 6.640625, 2.548828125, 2.529296875, 0.1649169921875, 0.217041015625, 4.890625, 0.8544921875, 1.8564453125, 3.19140625, 4.97265625, 0.0262298583984375, 0.89599609375, 5.953125, 6.0390625, 1.1552734375, 1.10546875, 1.2509765625, 7.92578125, 2.408203125, 2.32421875, 6.70703125, 0.35498046875, 5.90234375, 3.615234375, 3.228515625, 1.4794921875, 2.49609375, 1.9228515625, 0.06024169921875, 4.01953125, 0.4208984375, 1.6171875, 5.26171875, 3.130859375, 9.3359375, 5.69140625, 3.033203125, 3.978515625, 0.0438232421875, 4.015625, 2.525390625, 0.7001953125, 0.55029296875, 7.88671875, 5.43359375, 4.50390625, 0.98779296875, 0.9384765625, 1.4736328125, 3.216796875, 0.82421875, 4.06640625, 0.68701171875, 2.90625, 4.6796875, 7.0390625, 2.052734375, 0.031646728515625, 8.3828125, 12.75, 0.020111083984375, 8.9921875, 10.015625, 1.939453125, 7.47265625, 2.693359375, 5.8046875, 5.17578125, 3.208984375, 1.0712890625, 3.400390625, 2.685546875, 8.21875, 4.04296875, 0.103271484375, 4.98046875, 0.990234375, 0.73095703125, 1.384765625, 3.427734375, 11.8515625, 8.0546875, 0.0870361328125, 0.619140625, 0.76318359375, 0.028961181640625, 0.302490234375, 0.077880859375, 2.29296875, 0.351318359375, 0.2479248046875, 3.103515625, 0.94677734375, 7.89453125, 1.033203125, 9.1015625, 1.4423828125, 3.765625, 6.1796875, 4.265625, 2.97265625, 8.53125, 1.98828125, 2.41796875, 3.515625, 7.87109375, 4.14453125, 6.359375, 1.955078125, 1.46875, 0.67724609375, 4.3203125, 2.701171875, 2.53515625, 4.44921875, 4.046875, 0.057159423828125, 3.2890625, 10.0390625, 7.328125, 1.623046875, 5.8203125, 0.5146484375, 5.70703125, 3.689453125, 1.9267578125, 1.6982421875, 0.1676025390625, 5.89453125, 2.69921875, 5.9453125, 11.1796875, 5.75, 4.59375, 5.4765625, 0.5498046875, 8.40625, 1.2197265625, 3.458984375, 2.056640625, 6.57421875, 4.28515625, 1.60546875, 3.2265625, 3.341796875, 2.267578125, 6.61328125, 12.1171875, 0.0215911865234375, 6.72265625, 2.953125, 3.994140625, 0.045135498046875, 6.5390625, 0.359130859375, 1.84765625, 3.490234375, 4.48046875, 0.05389404296875, 5.0390625, 4.62890625, 1.447265625, 6.859375, 0.302490234375, 3.046875, 10.203125, 4.29296875, 3.78125, 4.90625, 0.032928466796875, 8.8359375, 0.11590576171875, 5.265625, 0.214599609375, 4.23046875, 1.994140625, 6.37890625]",-0.9555990142661308
374,0,test,3.4700209362465038,1.5580174408079999,2.147177417021222,5.803660747172515,2.60580694778414,3.5911856214506983,32.137415274558045,25.37078313093828,28.383334258380977,53.75029689195088,42.4330057043763,47.47154150816935,3.8052502708818445,1.7123925228358874,2.3506389579169227,6.364336710363786,2.8640015294214254,3.931478023182689,44.93649500205175,36.828442142128544,40.653676536021884,75.15694485723274,61.59610791022668,67.99386835849273,3.4700209362465038,1.5580174408079999,2.147177417021222,5.803660747172515,2.60580694778414,3.5911856214506983,32.137415274558045,25.37078313093828,28.383334258380977,53.75029689195088,42.4330057043763,47.47154150816935,0.7889447236180904,-0.011055276381909618,0.0039447236180903955,0.6180904522613065,-0.016909547738693465,-0.016909547738693465,0.5125628140703518,0.002562814070351749,-0.00743718592964826,0.43157894736842106,0.0988293851967923,0.16203402321439542,0.397887323943662,0.40703517587939697,0.088739436531026,0.13992332279091613,0.398989898989899,0.43157894736842106,0.0988293851967923,0.16203402321439542,0.397887323943662,25.0,8.0,6.0,36.0,7.0,6.0,44.0,8.0,5.0,-0.0009345382997047429,-0.0005017599710687448,-0.00011562906057654161,0.00963832169964185,0.009330071119920014,0.008367642947330722,"[3.0625, 9.453125, 2.48046875, 5.4921875, 0.79443359375, 0.078125, 6.32421875, 6.875, 1.6103515625, 0.26611328125, 5.03125, 5.375, 2.90234375, 0.57861328125, 7.09375, 5.0234375, 3.431640625, 4.91796875, 7.20703125, 3.568359375, 2.56640625, 0.72900390625, 0.013031005859375, 11.03125, 1.841796875, 3.478515625, 7.3984375, 1.4873046875, 9.421875, 2.310546875, 7.68359375, 3.54296875, 2.58984375, 0.2098388671875, 0.053558349609375, 7.89453125, 3.595703125, 5.73828125, 5.0234375, 2.392578125, 6.734375, 5.25, 1.4365234375, 9.8359375, 0.818359375, 0.708984375, 4.98828125, 7.4296875, 8.6171875, 1.875, 0.218505859375, 5.2109375, 6.109375, 1.794921875, 6.46484375, 13.1328125, 2.900390625, 1.0283203125, 1.9951171875, 2.94140625, 0.463134765625, 0.09600830078125, 0.0171051025390625, 4.53515625, 5.484375, 5.10546875, 9.65625, 6.5390625, 0.01235198974609375, 8.84375, 4.41015625, 2.310546875, 7.40234375, 4.7890625, 0.1663818359375, 2.96875, 0.82177734375, 6.94140625, 2.458984375, 1.5869140625, 2.12109375, 1.408203125, 6.49609375, 2.189453125, 3.5703125, 3.955078125, 5.07421875, 4.1640625, 1.24609375, 7.22265625, 2.77734375, 1.1904296875, 3.490234375, 3.037109375, 5.7109375, 0.78662109375, 6.73828125, 2.583984375, 4.25, 2.017578125, 3.55078125, 0.63671875, 4.953125, 8.015625, 4.2265625, 5.6328125, 2.783203125, 4.203125, 10.078125, 0.5810546875, 8.046875, 9.375, 0.1322021484375, 2.44921875, 0.84326171875, 1.1435546875, 3.697265625, 0.6728515625, 10.171875, 1.3515625, 0.56005859375, 3.25, 1.6455078125, 4.58984375, 3.51171875, 8.796875, 2.23046875, 1.087890625, 1.0478515625, 0.12841796875, 1.341796875, 4.87890625, 1.90234375, 3.783203125, 6.15234375, 1.1953125, 0.384033203125, 1.515625, 1.744140625, 8.5234375, 1.8828125, 4.1953125, 9.796875, 3.126953125, 5.92578125, 5.55859375, 0.00040602684020996094, 3.990234375, 3.25, 0.017181396484375, 12.484375, 13.7109375, 3.234375, 9.9375, 1.3740234375, 6.39453125, 2.072265625, 6.28125, 1.5078125, 0.01568603515625, 1.0537109375, 12.7109375, 2.15234375, 4.96875, 1.966796875, 1.80078125, 8.515625, 6.5390625, 2.203125, 4.2109375, 2.455078125, 7.6640625, 3.14453125, 0.80908203125, 12.1171875, 7.59765625, 7.265625, 2.8515625, 0.389892578125, 0.07275390625, 0.001880645751953125, 0.00930023193359375, 0.006610870361328125, 0.900390625, 7.53515625, 2.404296875, 8.5078125, 2.353515625, 0.003513336181640625, 0.2110595703125, 0.00302886962890625, 0.6357421875, 0.1016845703125, 5.04296875, 7.875, 1.390625, 0.007228851318359375, 0.0271759033203125, 0.0024089813232421875, 1.5869140625, 0.0010471343994140625, 0.02130126953125, 0.0015916824340820312, 0.052886962890625, 7.78125, 2.490234375, 0.00156402587890625, 0.00305938720703125, 0.00030303001403808594, 0.413818359375, 0.0006737709045410156, 0.67724609375, 5.75, 4.81640625, 0.52783203125, 0.1697998046875, 7.703125, 6.421875, 4.06640625, 4.59375, 3.416015625, 0.41259765625, 2.021484375, 0.19482421875, 4.42578125, 7.09765625, 4.6328125, 0.0013265609741210938, 0.00832366943359375, 0.02593994140625, 0.0007681846618652344, 0.52880859375, 1.390625, 0.55712890625, 0.072021484375, 0.236083984375, 0.027313232421875, 0.00012242794036865234, 0.0024394989013671875, 0.00116729736328125, 0.0006504058837890625, 7.16015625, 0.7939453125, 0.6875, 4.26953125, 5.8828125, 3.44921875, 0.2080078125, 4.703125, 2.361328125, 3.15234375, 0.086181640625, 4.75, 3.22265625, 3.4765625, 7.28125, 2.271484375, 2.78125, 3.716796875, 3.130859375, 7.80859375, 5.98046875, 4.90625, 0.61474609375, 2.119140625, 1.8916015625, 5.4921875, 2.853515625, 5.3125, 3.619140625, 0.818359375, 0.059295654296875, 3.4453125, 6.51171875, 6.36328125, 4.25, 2.234375, 2.849609375, 3.67578125, 5.546875, 3.072265625, 3.421875, 4.3046875, 2.306640625, 6.19921875]",-1.3749712245506154
3,0,test,3.917334041834875,1.8016533651735211,2.4805032144773347,6.43945321945459,2.9616219701482547,4.077539530647674,50.26625824809677,41.971028033610054,46.05891737158188,82.62946561330976,68.99347074018091,75.71328882999761,3.9274642886827937,1.7858374923547582,2.471437940554451,6.456105680026511,2.9356232751037123,4.062637710500468,50.77805579320969,42.26478005755973,46.489172698632466,83.4707766463721,69.47635077955026,76.42055786076571,3.917334041834875,1.8016533651735211,2.4805032144773347,6.43945321945459,2.9616219701482547,4.077539530647674,50.26625824809677,41.971028033610054,46.05891737158188,82.62946561330976,68.99347074018091,75.71328882999761,0.7839195979899498,0.003919597989949786,0.003919597989949786,0.6733668341708543,-0.001633165829145744,-0.0066331658291456375,0.5728643216080402,0.0028643216080401768,-0.0021356783919597166,0.4560669456066946,0.10951162201588038,0.20154677870822446,0.4285714285714286,0.44723618090452266,0.09635898792206654,0.18346322597964793,0.4292929292929293,0.4560669456066946,0.10951162201588038,0.20154677870822446,0.4285714285714286,28.0,9.0,8.0,39.0,8.0,6.0,50.0,11.0,9.0,-0.0005221808675827595,4.915718973435358e-05,5.107818437896565e-05,-3.151278906887711e-05,5.1862244922595835e-05,7.525089254567519e-05,"[3.0625, 9.453125, 2.48046875, 1.494140625, 11.8203125, 8.09375, 3.126953125, 6.5390625, 10.0, 6.328125, 4.1796875, 4.78515625, 1.6123046875, 5.13671875, 1.1015625, 6.53125, 4.9140625, 6.91796875, 5.76171875, 2.103515625, 6.0390625, 6.06640625, 4.7109375, 8.3671875, 7.03125, 2.14453125, 3.052734375, 3.001953125, 0.765625, 4.89453125, 0.9873046875, 2.63671875, 0.92919921875, 1.4921875, 0.05169677734375, 5.515625, 1.29296875, 7.1875, 7.89453125, 2.990234375, 8.9375, 1.68359375, 3.3203125, 8.5625, 4.96484375, 0.001983642578125, 8.2265625, 1.8583984375, 2.58203125, 3.076171875, 0.1474609375, 8.2734375, 3.17578125, 3.521484375, 2.91796875, 8.53125, 0.6279296875, 1.6787109375, 6.94140625, 0.02093505859375, 1.294921875, 8.40625, 2.369140625, 0.389892578125, 6.12890625, 4.54296875, 0.3056640625, 3.333984375, 4.83984375, 1.1181640625, 3.3046875, 3.9140625, 3.283203125, 2.732421875, 9.421875, 2.125, 6.28515625, 5.76953125, 9.90625, 5.4375, 2.828125, 6.9375, 0.06671142578125, 5.08203125, 0.01702880859375, 8.0390625, 0.239501953125, 0.0367431640625, 5.03515625, 2.171875, 0.9794921875, 5.67578125, 7.28125, 4.125, 0.54541015625, 1.6171875, 5.24609375, 0.69921875, 2.716796875, 1.6552734375, 0.188720703125, 3.779296875, 2.56640625, 5.671875, 2.478515625, 0.6318359375, 1.4111328125, 0.94091796875, 0.10711669921875, 0.031494140625, 6.2265625, 4.6015625, 0.51513671875, 3.69140625, 8.40625, 3.96875, 8.0546875, 0.370849609375, 6.7109375, 0.39697265625, 0.32958984375, 4.96875, 5.7890625, 5.92578125, 0.58447265625, 3.951171875, 5.453125, 5.93359375, 0.264404296875, 4.87890625, 1.6796875, 2.7265625, 0.50244140625, 0.1029052734375, 0.78759765625, 6.05078125, 6.63671875, 2.681640625, 7.34375, 0.951171875, 3.384765625, 5.06640625, 3.95703125, 9.3046875, 6.265625, 0.031890869140625, 2.884765625, 3.310546875, 4.59765625, 5.3359375, 6.5625, 4.27734375, 0.67041015625, 3.62890625, 3.666015625, 7.8984375, 7.36328125, 5.3984375, 10.125, 1.84765625, 4.67578125, 9.1640625, 4.12109375, 8.078125, 1.0751953125, 0.87841796875, 4.3203125, 4.16796875, 0.1185302734375, 5.90625, 6.08203125, 0.276123046875, 3.41796875, 4.90234375, 3.06640625, 9.875, 7.33984375, 9.2578125, 7.92578125, 0.8701171875, 1.7490234375, 1.2392578125, 0.0289154052734375, 0.034149169921875, 2.365234375, 1.1923828125, 0.339599609375, 0.78759765625, 2.25390625, 6.40625, 3.35546875, 8.3828125, 3.509765625, 2.705078125, 0.1890869140625, 9.765625, 0.2257080078125, 7.3671875, 1.39453125, 8.984375, 4.18359375, 3.505859375, 3.078125, 6.99609375, 9.40625, 0.01477813720703125, 0.01013946533203125, 3.720703125, 1.3603515625, 9.4296875, 5.9453125, 0.020477294921875, 2.91015625, 4.91015625, 2.728515625, 5.7578125, 2.7890625, 0.49560546875, 8.3046875, 8.8671875, 1.197265625, 2.201171875, 3.5546875, 0.01071929931640625, 7.44140625, 0.44287109375, 4.42578125, 0.1533203125, 7.1796875, 0.41162109375, 1.01953125, 5.1796875, 2.71875, 0.43798828125, 5.6015625, 3.072265625, 1.9072265625, 8.953125, 6.78515625]",-0.7874989888658086
174,0,test,3.5413072634965945,1.5728007715949672,2.0073342626476136,7.287637579090361,3.236658429966486,4.130882614185353,34.51200599990461,27.352030981608863,29.875444660500946,71.02207550506685,56.287600598995084,61.48052032766247,3.835383515861166,1.7219547008942904,2.3902600857746705,7.892815551061663,3.543601516050882,4.918903650199454,46.311185336684986,38.03461381708034,42.068809589374055,95.30354456128332,78.27123159199166,86.57318183918555,3.7436123595987274,1.6806501624955614,2.3294401127951634,7.703960171595276,3.4586011238724446,4.793742547910048,42.25033824621572,34.38109267017036,38.13725780520426,86.94674870668604,70.75266965282427,78.48246211492034,0.7638190954773869,-0.001180904522613102,0.013819095477386911,0.6381909547738693,-0.011809045226130688,-0.006809045226130683,0.4974874371859297,-0.002512562814070307,-0.002512562814070307,0.42051282051282046,0.10425161692767326,0.14289796225280094,0.3753213367609255,0.4120603015075377,0.07371443684588352,0.15329569382807195,0.36868686868686873,0.42140468227424754,0.09419266224085854,0.17001424845889712,0.3791946308724832,23.0,-2.0,-2.0,38.0,1.0,1.0,46.0,-1.0,0.0,-0.00033105024801716496,-0.0004242945667581254,-0.00010022000434521794,0.012025686719753459,0.018503460648391368,0.014556595326082444,"[12.3515625, 5.7578125, 1.5068359375, 10.09375, 6.59765625, 5.046875, 9.3203125, 3.298828125, 7.85546875, 5.35546875, 2.513671875, 5.5078125, 6.53515625, 8.921875, 1.427734375, 8.5546875, 7.6171875, 6.1875, 0.035675048828125, 2.890625, 7.2421875, 0.011016845703125, 4.56640625, 1.8486328125, 0.002582550048828125, 7.20703125, 3.1953125, 11.8671875, 0.01348876953125, 8.9453125, 0.86767578125, 2.95703125, 1.2490234375, 1.9501953125, 5.5703125, 0.8525390625, 2.078125, 9.171875, 2.806640625, 5.28515625, 3.54296875, 8.90625, 4.63671875, 5.43359375, 0.62158203125, 0.50390625, 0.410400390625, 11.375, 2.478515625, 0.004901885986328125, 0.2900390625, 0.258056640625, 0.30810546875, 0.10748291015625, 0.58154296875, 0.91650390625, 5.85546875, 8.1640625, 2.373046875, 2.884765625, 5.90234375, 2.5390625, 2.134765625, 2.91796875, 3.337890625, 0.791015625, 2.595703125, 0.1640625, 0.00748443603515625, 4.83984375, 6.26953125, 0.392578125, 1.56640625, 2.47265625, 2.5, 4.18359375, 0.00485992431640625, 8.9453125, 0.21142578125, 3.478515625, 1.3037109375, 2.44921875, 2.681640625, 3.84765625, 0.044158935546875, 3.583984375, 0.366943359375, 6.26171875, 3.62109375, 2.00390625, 1.7001953125, 6.8828125, 0.0029430389404296875, 0.3798828125, 3.482421875, 10.25, 1.8466796875, 4.4609375, 6.2890625, 4.171875, 2.482421875, 0.4326171875, 4.7890625, 1.3017578125, 2.484375, 5.609375, 3.6640625, 0.994140625, 5.89453125, 0.00630950927734375, 3.388671875, 6.9453125, 4.9921875, 11.75, 5.96875, 0.927734375, 9.625, 5.6328125, 3.40234375, 1.3662109375, 1.212890625, 3.572265625, 2.791015625, 12.9453125, 10.5546875, 1.5419921875, 2.201171875, 0.0224609375, 6.625, 0.44970703125, 12.2109375, 6.4296875, 2.822265625, 9.0546875, 6.46484375, 6.48828125, 2.8515625, 1.5087890625, 7.56640625, 0.71044921875, 10.6328125, 4.5625, 2.2578125, 0.0189208984375, 5.3515625, 2.125, 7.69140625, 5.34765625, 0.2159423828125, 7.00390625, 7.015625, 3.619140625, 4.8046875, 6.2578125, 0.035919189453125, 6.24609375, 13.140625, 0.6953125, 5.5390625, 2.443359375, 6.96484375, 3.4765625, 0.94140625, 3.890625, 0.92578125, 3.931640625, 2.47265625, 1.87890625, 1.7587890625, 1.1552734375, 5.484375, 1.185546875, 5.5, 1.197265625, 0.630859375, 0.11474609375, 2.12109375, 1.3681640625, 0.7314453125, 6.03125, 3.390625, 2.30859375, 7.49609375, 0.6103515625, 1.2783203125, 0.359619140625, 4.03125, 1.560546875, 5.48046875, 2.064453125, 1.0810546875, 3.01953125, 4.0546875, 0.32275390625, 9.5546875, 8.0703125, 0.80810546875, 0.98388671875, 4.1953125, 0.9775390625, 4.83984375, 0.890625, 0.02935791015625, 6.87109375, 2.65625, 9.4375, 9.015625, 7.62109375, 5.50390625, 6.02734375, 9.4609375, 1.9384765625, 4.7109375, 4.91796875, 0.44189453125, 1.6865234375, 1.46875, 4.58984375, 2.04296875, 7.85546875, 4.4609375, 7.1640625, 6.41796875, 1.3212890625, 1.98828125, 5.82421875, 1.296875, 9.234375, 0.1363525390625, 3.3828125, 6.35546875, 7.2578125, 5.02734375, 2.984375, 2.984375, 0.83056640625, 1.1328125, 6.83984375, 4.09375, 2.080078125, 4.34375, 7.08984375, 1.3564453125, 2.833984375, 2.87109375, 3.021484375, 0.398193359375, 1.1064453125, 2.900390625, 2.630859375, 0.693359375, 3.228515625, 9.6484375, 0.978515625, 1.1220703125, 3.177734375, 0.61767578125, 0.0038013458251953125, 4.91015625, 8.140625, 0.884765625, 0.3271484375, 0.7802734375, 0.261474609375, 0.034759521484375, 0.10498046875, 0.038116455078125, 0.1260986328125, 0.0239410400390625, 0.53125, 0.20361328125, 0.0053253173828125, 0.53662109375, 1.556640625, 10.2109375, 1.1884765625, 7.07421875, 4.2890625, 5.72265625, 1.0107421875, 0.70947265625, 5.87890625, 1.9814453125, 8.6328125, 2.728515625, 4.7109375, 0.595703125, 0.76416015625, 6.3125, 5.5390625, 0.397216796875, 7.5234375, 6.96484375, 6.7734375, 9.0390625, 5.4375, 7.015625, 8.8671875, 9.640625, 2.3828125, 4.8984375, 1.6806640625, 1.9921875, 1.9765625, 7.0, 7.49609375, 0.62841796875, 2.24609375, 8.1953125, 1.1796875, 0.869140625, 1.0244140625, 0.319580078125, 0.33642578125, 0.024871826171875, 0.01219940185546875, 0.004177093505859375, 0.06353759765625, 0.039276123046875, 0.0340576171875, 0.1756591796875, 0.114501953125, 0.031829833984375, 0.0125274658203125, 0.11004638671875, 0.0162200927734375, 0.181640625, 0.053253173828125, 0.982421875, 0.375, 0.005367279052734375, 9.203125, 2.34375, 2.076171875, 6.9609375, 5.59765625, 8.1796875, 5.53125, 7.13671875, 1.759765625, 0.00994110107421875, 0.853515625, 4.015625, 2.7734375, 4.68359375, 5.16796875, 1.369140625, 3.3984375, 3.287109375, 1.99609375, 3.591796875, 1.60546875, 5.64453125, 3.904296875, 2.728515625, 5.796875, 1.0087890625, 4.9296875, 0.13818359375, 5.41015625, 6.765625, 2.130859375, 1.1845703125, 3.560546875, 5.74609375, 0.2578125, 3.255859375, 0.00556182861328125, 4.55859375, 9.640625, 1.955078125, 7.34375, 0.9111328125, 3.900390625, 0.4716796875, 4.03125, 0.56884765625, 0.176025390625, 0.00994873046875, 7.44140625, 0.79541015625, 6.03515625, 9.234375, 1.2177734375, 2.892578125, 3.376953125, 0.1427001953125, 0.70703125, 4.0859375, 1.125]",-0.5997216175764035
27,0,test,3.6664850409895053,1.7158630768839118,2.336223775052099,7.086483692668792,3.316374014145376,4.515390489596494,39.114179213680806,32.0811186819386,35.33214783920896,75.59883377434106,62.00552350290654,68.28902523544589,3.551713167123459,1.586615065431068,2.206881598155541,6.864655701162988,3.066566933186098,4.265401408199786,34.873009635293386,27.73739706380067,31.03546950997407,67.40161526149141,53.61009516532903,59.98452090163056,3.6664850409895053,1.7158630768839118,2.336223775052099,7.086483692668792,3.316374014145376,4.515390489596494,39.114179213680806,32.0811186819386,35.33214783920896,75.59883377434106,62.00552350290654,68.28902523544589,0.7839195979899498,0.013919597989949795,0.003919597989949786,0.6180904522613065,0.0030904522613065533,0.013090452261306562,0.49246231155778897,0.007462311557788981,-0.007537688442211032,0.41484716157205237,0.09676437290102835,0.16230724865478097,0.39473684210526316,0.40703517587939697,0.08122063953854486,0.14660111911812823,0.36868686868686873,0.41484716157205237,0.09676437290102835,0.16230724865478097,0.39473684210526316,26.0,2.0,4.0,35.0,-1.0,-1.0,46.0,-1.0,-1.0,-2.0288925951006218e-05,-5.720166739865487e-05,-9.963948498494393e-05,-0.00010081200767153575,-3.1039502799146135e-06,2.9945133013242753e-05,"[3.0625, 9.453125, 2.48046875, 1.494140625, 7.81640625, 0.36572265625, 1.0263671875, 3.53515625, 2.248046875, 0.29638671875, 8.09375, 2.138671875, 11.0234375, 3.08203125, 10.0703125, 4.99609375, 4.01171875, 3.095703125, 2.43359375, 3.591796875, 3.87109375, 3.83984375, 6.48828125, 1.3212890625, 1.5009765625, 3.42578125, 7.62109375, 0.1314697265625, 7.8671875, 2.412109375, 4.96875, 6.18359375, 0.67724609375, 2.162109375, 0.8701171875, 4.3671875, 9.3359375, 1.341796875, 4.63671875, 1.716796875, 2.302734375, 6.2421875, 0.459716796875, 3.98828125, 0.7705078125, 6.48046875, 7.9296875, 7.8046875, 3.193359375, 0.671875, 7.9296875, 7.81640625, 3.955078125, 0.332275390625, 1.66796875, 8.3671875, 0.4833984375, 4.6796875, 1.40625, 2.3515625, 8.046875, 2.427734375, 4.15625, 0.833984375, 0.134033203125, 2.677734375, 0.79638671875, 3.95703125, 2.43359375, 2.67578125, 8.8984375, 1.572265625, 2.591796875, 3.068359375, 9.3671875, 5.1171875, 0.6142578125, 0.09521484375, 6.765625, 0.2252197265625, 1.3125, 1.078125, 5.6953125, 0.5029296875, 0.65966796875, 12.1796875, 1.5166015625, 0.90283203125, 4.36328125, 1.3935546875, 9.8515625, 3.55859375, 10.609375, 11.15625, 4.90234375, 3.560546875, 12.09375, 1.2138671875, 10.234375, 1.9677734375, 5.32421875, 0.0031108856201171875, 2.01171875, 2.2109375, 0.591796875, 4.1796875, 0.1405029296875, 7.31640625, 0.9033203125, 1.529296875, 1.791015625, 0.296630859375, 1.24609375, 0.180419921875, 1.876953125, 5.23046875, 2.361328125, 5.62890625, 5.54296875, 3.962890625, 1.4453125, 0.035003662109375, 1.189453125, 7.37890625, 4.25, 1.916015625, 5.76171875, 6.3984375, 0.55126953125, 9.2421875, 2.23828125, 1.9013671875, 3.486328125, 5.80859375, 6.06640625, 0.99658203125, 6.09375, 4.953125, 2.642578125, 7.859375, 0.7978515625, 6.1328125, 4.45703125, 3.619140625, 0.482666015625, 6.32421875, 2.001953125, 1.7578125, 3.865234375, 6.45703125, 3.685546875, 7.828125, 2.232421875, 3.58203125, 4.234375, 3.39453125, 1.04296875, 3.533203125, 0.83837890625, 0.263671875, 6.6796875, 5.03515625, 1.4794921875, 3.8046875, 2.1796875, 2.169921875, 2.248046875, 3.056640625, 6.8125, 1.3505859375, 8.859375, 2.201171875, 6.6171875, 0.3935546875, 4.0859375, 0.99169921875, 0.048309326171875, 2.083984375, 3.384765625, 2.5625, 2.44140625, 8.8515625, 0.9482421875, 0.24072265625, 4.26171875, 0.0216827392578125, 1.625, 3.25390625, 3.69140625, 0.195068359375, 2.171875, 0.451416015625, 3.88671875, 0.291259765625, 7.6171875, 1.384765625, 7.484375, 0.34326171875, 0.2108154296875, 2.990234375, 0.3486328125, 0.6064453125, 6.68359375, 0.457275390625, 5.94140625, 7.16796875, 0.395263671875, 3.720703125, 6.65625, 1.388671875, 2.94140625, 11.6328125, 1.4970703125, 0.3134765625, 6.46875, 10.0234375, 4.921875, 0.84375, 7.0390625, 6.98046875, 2.806640625, 1.7607421875, 1.177734375, 0.89599609375, 9.6328125, 0.1138916015625, 7.296875, 0.95166015625, 8.3828125]",-0.4783881012529263
370,0,test,3.5907338164686187,1.5631339135128148,2.173700320533385,6.0747346073133475,2.6444799769703096,3.6774245148749727,36.2606748462856,28.664841120861936,32.13580900499098,61.345114294743446,48.494628471595185,54.36674537145734,3.6865994798478168,1.5935661989613124,2.201333799779891,6.236918298098703,2.6959647338592063,3.724174305107076,39.90890491604031,31.799428701648225,35.49276637912003,67.51711996069834,53.79766362539117,60.04598147700443,3.5895697217646654,1.5682531158253226,2.1740694920064803,6.072765214218303,2.6531405452661274,3.678049072093154,36.21848854592363,28.670232072353787,32.09994237580122,61.27374432084339,48.50374877994099,54.306066896047255,0.7638190954773869,-0.016180904522613115,-0.016180904522613115,0.6130653266331658,0.008065326633165837,0.018065326633165846,0.5175879396984925,-0.002412060301507535,-0.007412060301507539,0.4512195121951219,0.12870429921337745,0.18500329597890575,0.40816326530612246,0.46733668341708545,0.14653467840455414,0.19187758491958962,0.4191919191919192,0.4349593495934959,0.1205577268754432,0.17144583607998243,0.39591836734693875,28.0,15.0,15.0,42.0,16.0,17.0,51.0,18.0,16.0,6.0527377175105965e-05,-0.00024357007638204677,-0.00020723895792464967,1.699666395538202e-05,9.033858156382024e-05,0.00010696492421935488,"[3.056640625, 9.4453125, 2.4296875, 1.0791015625, 0.80224609375, 1.9931640625, 1.1474609375, 8.796875, 3.431640625, 0.44580078125, 5.65625, 10.296875, 8.9140625, 5.8046875, 6.5546875, 6.93359375, 7.6328125, 0.0799560546875, 0.78369140625, 5.734375, 5.69140625, 6.82421875, 9.6171875, 0.10986328125, 4.74609375, 4.5625, 6.58984375, 1.9404296875, 1.2265625, 6.375, 1.06640625, 2.818359375, 3.615234375, 7.14453125, 4.7421875, 2.982421875, 4.140625, 2.76953125, 0.75830078125, 2.919921875, 1.5771484375, 1.283203125, 3.794921875, 2.455078125, 0.022552490234375, 4.73046875, 5.375, 1.5576171875, 2.16015625, 5.640625, 0.64404296875, 5.7890625, 4.58203125, 3.609375, 0.1929931640625, 2.6796875, 5.578125, 5.1875, 6.3046875, 2.08203125, 3.052734375, 10.03125, 10.2265625, 4.13671875, 1.5791015625, 7.421875, 1.703125, 1.197265625, 3.9296875, 4.17578125, 0.69677734375, 8.4296875, 1.1728515625, 10.4921875, 1.74609375, 2.990234375, 7.2734375, 3.17578125, 0.03924560546875, 1.80859375, 7.328125, 6.171875, 5.96875, 4.0078125, 8.046875, 9.0234375, 5.375, 0.313232421875, 1.5869140625, 4.8359375, 1.8056640625, 5.03515625, 9.9140625, 6.48046875, 4.75, 2.240234375, 9.9140625, 4.97265625, 3.771484375, 0.002681732177734375, 0.141357421875, 0.00047850608825683594, 0.0018606185913085938, 0.0015077590942382812, 8.3828125, 9.5078125, 4.59765625, 1.017578125, 0.370849609375, 3.845703125, 4.9609375, 4.47265625, 7.8125, 2.046875, 0.04656982421875, 1.4140625, 0.00022363662719726562, 7.65625, 6.96875, 6.08984375, 1.908203125, 0.002777099609375, 0.0009236335754394531, 0.0018529891967773438, 0.4765625, 0.34765625, 0.0020008087158203125, 0.00023186206817626953, 0.0003256797790527344, 5.48828125, 1.3359375, 1.298828125, 7.7578125, 3.25390625, 0.7822265625, 1.8828125, 2.91796875, 0.0035228729248046875, 4.578125, 3.634765625, 2.84375, 3.3125, 1.8671875, 1.90234375, 3.814453125, 0.397705078125, 0.701171875, 1.0390625, 2.5703125, 0.947265625, 0.95703125, 4.2265625, 0.7041015625, 6.8203125, 4.69140625, 7.39453125, 1.2861328125, 2.185546875, 3.30859375, 4.515625, 6.8125, 9.3515625, 3.44140625, 9.03125, 5.0703125, 10.109375, 0.00664520263671875, 5.6953125, 1.216796875, 8.4609375, 4.859375, 7.23046875, 2.515625, 1.68359375, 7.65625, 0.074951171875, 0.67529296875, 1.8623046875, 0.0877685546875, 5.98046875, 6.07421875, 6.77734375, 4.83984375, 4.640625, 1.517578125, 4.671875, 0.012054443359375, 0.424560546875, 1.6044921875, 0.61181640625, 0.45703125, 6.59765625, 5.28515625, 3.96484375, 0.01558685302734375, 0.471923828125, 5.1640625, 3.666015625, 1.29296875, 3.166015625, 4.87109375, 2.755859375, 6.41796875, 3.529296875, 0.2783203125, 1.8232421875, 1.2490234375, 5.9296875, 1.4072265625, 0.8759765625, 0.11212158203125, 7.01953125, 2.67578125, 1.16015625, 3.41015625, 0.078369140625, 6.03515625, 12.453125, 1.77734375, 2.17578125, 4.7578125, 5.3203125, 5.89453125, 2.732421875, 4.98046875, 1.2197265625, 1.5546875, 0.00522613525390625, 4.328125, 0.4814453125, 2.734375, 0.92333984375, 2.25, 0.43701171875, 7.875, 1.7578125, 5.45703125, 7.49609375, 1.939453125, 0.160888671875, 0.0244293212890625, 2.716796875, 3.38671875, 1.3486328125, 3.03125, 7.16796875]",-0.9786002136827485
35,0,test,3.560673108600107,1.5858225878131686,2.205024578397926,6.186669526192686,2.75536674632538,3.8312302049663964,35.1868737630859,27.98133126859165,31.307597794443232,61.13719316336175,48.61756307917799,54.39695116784512,3.6432047752878773,1.5655462594628688,2.2241669643397395,6.330068297062687,2.7201366258167345,3.8644901005402974,38.2141083242556,30.228359821924137,34.080966661523,66.3970132133941,52.52177519059319,59.21567957439622,3.560673108600107,1.5858225878131686,2.205024578397926,6.186669526192686,2.75536674632538,3.8312302049663964,35.1868737630859,27.98133126859165,31.307597794443232,61.13719316336175,48.61756307917799,54.39695116784512,0.7185929648241206,-0.0014070351758793676,0.008592964824120641,0.5678391959798995,-0.007160804020100442,0.00783919597989946,0.4723618090452262,-0.0026381909547738003,0.007361809045226209,0.40072202166064985,0.09081211175073989,0.1570245426690532,0.3840579710144928,0.4120603015075377,0.10378962481580833,0.16832073556429894,0.3939393939393939,0.40072202166064985,0.09081211175073989,0.1570245426690532,0.3840579710144928,26.0,11.0,10.0,36.0,8.0,6.0,46.0,11.0,10.0,-0.00020931017867096245,-0.00010862550490755204,-3.875564690803651e-05,0.00023182424163081805,-0.0001888633816387042,-3.6794479953528025e-05,"[3.0625, 9.453125, 2.48046875, 1.494140625, 12.8203125, 2.9765625, 11.59375, 1.38671875, 3.685546875, 7.01171875, 9.2109375, 0.10125732421875, 6.8984375, 8.5390625, 5.4765625, 6.69921875, 1.228515625, 2.68359375, 10.234375, 5.734375, 1.8525390625, 7.6484375, 0.204345703125, 0.1409912109375, 0.001918792724609375, 0.072509765625, 0.019500732421875, 0.0036258697509765625, 5.7421875, 5.3828125, 0.99560546875, 3.314453125, 5.45703125, 4.05859375, 3.4375, 8.5703125, 0.08233642578125, 2.64453125, 1.0830078125, 0.004169464111328125, 2.6484375, 1.0703125, 8.5078125, 0.296875, 5.43359375, 8.203125, 6.421875, 0.1475830078125, 8.25, 3.44140625, 7.1875, 0.0157928466796875, 0.62109375, 0.75, 3.986328125, 0.85205078125, 1.099609375, 4.61328125, 5.08203125, 3.798828125, 8.4453125, 1.36328125, 10.25, 5.01953125, 0.216064453125, 7.79296875, 5.23828125, 1.6533203125, 0.0029239654541015625, 1.20703125, 1.7958984375, 8.203125, 2.255859375, 0.51171875, 0.03472900390625, 1.0244140625, 2.173828125, 3.41015625, 0.7412109375, 3.54296875, 0.0146942138671875, 0.006656646728515625, 0.0004322528839111328, 0.1392822265625, 0.0657958984375, 1.9638671875, 3.376953125, 3.5625, 9.703125, 4.3359375, 0.01355743408203125, 2.53515625, 5.55859375, 0.0124053955078125, 0.046844482421875, 0.097412109375, 0.0018339157104492188, 4.1796875, 10.3359375, 3.453125, 1.462890625, 8.0078125, 1.087890625, 8.5625, 3.44921875, 8.3359375, 1.1611328125, 0.71142578125, 4.59375, 5.90234375, 0.6875, 1.05859375, 7.78125, 0.0302734375, 6.8046875, 2.619140625, 0.00835418701171875, 10.7578125, 1.48828125, 9.9140625, 0.802734375, 5.30078125, 1.26171875, 4.59375, 2.205078125, 2.732421875, 0.128662109375, 9.8203125, 0.33984375, 3.96875, 2.162109375, 0.70849609375, 7.6015625, 0.77197265625, 0.311279296875, 6.17578125, 2.009765625, 0.261962890625, 3.3671875, 2.939453125, 6.8046875, 0.85009765625, 7.79296875, 0.043731689453125, 5.8828125, 1.41796875, 8.8984375, 1.48828125, 10.0625, 8.3671875, 0.02435302734375, 1.84765625, 2.57421875, 4.39453125, 6.703125, 0.72705078125, 6.64453125, 0.0033855438232421875, 6.22265625, 10.1171875, 5.78125, 15.015625, 2.4140625, 8.5703125, 8.6953125, 0.0034732818603515625, 1.8994140625, 4.47265625, 1.267578125, 1.6376953125, 2.279296875, 3.541015625, 8.1953125, 8.7265625, 4.671875, 0.8212890625, 8.2265625, 0.1849365234375, 0.70703125, 6.43359375, 0.0012073516845703125, 0.162353515625, 0.048248291015625, 0.0011882781982421875, 2.8671875, 2.447265625, 7.1171875, 2.41796875, 4.78515625, 4.1328125, 6.765625, 7.921875, 2.56640625, 2.421875, 7.43359375, 1.2861328125, 1.29296875, 0.06500244140625, 1.083984375, 5.203125, 8.8515625, 1.162109375, 0.004322052001953125, 1.7373046875, 5.609375, 11.359375, 5.96875, 10.1875, 0.49560546875, 0.0183563232421875, 3.205078125, 2.173828125, 5.21875, 4.8828125, 5.796875, 3.806640625, 0.69970703125, 1.8720703125, 8.640625, 3.248046875, 4.76953125, 0.5966796875, 6.8671875, 1.5087890625, 0.1376953125, 2.75, 0.023895263671875, 1.9951171875, 7.109375, 11.1875, 5.73046875, 2.38671875, 1.2451171875, 3.0078125, 0.65234375, 4.24609375, 0.278076171875, 5.16796875, 0.003570556640625, 2.193359375, 2.732421875, 4.3515625, 2.224609375, 6.265625, 3.201171875, 0.028839111328125, 2.03515625, 2.951171875, 6.5703125, 9.53125, 0.004192352294921875, 0.701171875, 1.5927734375, 0.039398193359375, 4.60546875, 0.255126953125, 2.951171875, 3.685546875, 2.7109375, 6.671875, 2.361328125, 1.302734375, 2.55078125, 5.3828125, 0.76123046875, 2.220703125, 1.7685546875, 5.58203125, 0.00402069091796875, 0.05645751953125, 0.10888671875, 0.0013513565063476562, 0.9541015625, 0.9560546875, 10.109375, 0.7060546875, 5.05078125]",-0.9265219063535062
239,0,test,3.482882026169035,1.5255336799309458,2.1401673373030414,6.0770286387639025,2.6617932484312368,3.734223009225307,32.55340678036504,25.47287973593925,28.72398167508472,56.800082175395545,44.44578326339745,50.11839561238919,3.674793875996192,1.5296089067514473,2.1552793049480092,6.411881728462321,2.6689038166076977,3.7605907872541127,39.44052638007629,30.896904981729868,34.870520136802774,68.81691844247794,53.90977214053556,60.843045480076555,3.482882026169035,1.5255336799309458,2.1401673373030414,6.0770286387639025,2.6617932484312368,3.734223009225307,32.55340678036504,25.47287973593925,28.72398167508472,56.800082175395545,44.44578326339745,50.11839561238919,0.7236180904522613,-0.021381909547738664,-0.0013819095477386467,0.5628140703517588,-0.007185929648241274,-0.007185929648241274,0.4824120603015075,-0.012587939698492479,-0.012587939698492479,0.4206349206349206,0.12756561370422748,0.18712568580642452,0.38247011952191234,0.44221105527638194,0.13143411292049223,0.1901242439241282,0.41414141414141414,0.4206349206349206,0.12756561370422748,0.18712568580642452,0.38247011952191234,26.0,10.0,9.0,36.0,6.0,6.0,47.0,11.0,10.0,-0.00039996827027434506,-0.0005831381472833133,-0.0005194667566725004,5.857619511928647e-05,0.00012331829868550415,-0.00012440840417138332,"[3.0625, 9.453125, 2.48046875, 1.494140625, 1.81640625, 12.234375, 7.5078125, 6.73828125, 0.64501953125, 2.3046875, 8.0234375, 4.22265625, 7.3359375, 12.0703125, 0.91650390625, 13.2109375, 2.916015625, 8.6484375, 0.08587646484375, 4.48046875, 2.111328125, 0.467041015625, 10.0859375, 1.615234375, 2.248046875, 2.43359375, 4.94921875, 1.12890625, 0.14111328125, 0.8642578125, 0.85693359375, 7.02734375, 1.6103515625, 2.337890625, 0.0692138671875, 0.9599609375, 5.40234375, 6.0859375, 0.1341552734375, 0.440673828125, 4.6796875, 1.279296875, 0.685546875, 0.20166015625, 8.90625, 3.171875, 5.203125, 2.353515625, 11.390625, 1.8837890625, 0.19921875, 6.38671875, 8.34375, 3.408203125, 2.55078125, 0.57421875, 6.98046875, 1.1787109375, 0.2091064453125, 4.8671875, 0.76416015625, 3.140625, 5.48828125, 2.97265625, 8.1015625, 5.92578125, 0.83642578125, 5.52734375, 9.28125, 1.1240234375, 3.87109375, 7.45703125, 1.6044921875, 4.9375, 5.24609375, 1.15234375, 5.29296875, 2.63671875, 3.83203125, 5.6171875, 1.1943359375, 0.140869140625, 9.5078125, 7.96484375, 0.139404296875, 7.16015625, 6.0234375, 0.412841796875, 3.62109375, 6.26953125, 0.32421875, 2.65234375, 1.1162109375, 3.419921875, 8.140625, 7.4765625, 4.69921875, 7.875, 0.050048828125, 0.409912109375, 7.765625, 0.29833984375, 0.64501953125, 8.0078125, 8.03125, 7.12109375, 2.431640625, 0.2666015625, 7.796875, 0.5263671875, 2.3828125, 4.8984375, 6.95703125, 0.94140625, 1.5390625, 11.3046875, 5.04296875, 0.5078125, 0.48095703125, 6.61328125, 4.0, 1.986328125, 5.546875, 0.8154296875, 6.515625, 1.744140625, 0.32080078125, 0.1953125, 6.6953125, 3.37890625, 3.609375, 0.13671875, 2.134765625, 0.533203125, 0.54052734375, 5.27734375, 5.28125, 10.265625, 0.669921875, 1.1181640625, 9.2109375, 1.0517578125, 1.4482421875, 6.44921875, 7.53515625, 0.716796875, 4.19921875, 4.54296875, 0.37890625, 4.8125, 1.7470703125, 1.6640625, 5.6640625, 0.708984375, 7.48046875, 0.83203125, 3.783203125, 3.919921875, 0.9892578125, 3.9765625, 0.2135009765625, 1.4091796875, 0.85546875, 7.34375, 0.5625, 0.8759765625, 5.90625, 8.453125, 1.6201171875, 8.265625, 7.11328125, 8.421875, 1.4091796875, 3.748046875, 1.1806640625, 6.1171875, 0.389892578125, 2.615234375, 2.138671875, 1.8037109375, 4.4375, 5.30859375, 0.8671875, 5.63671875, 0.358642578125, 0.2156982421875, 1.869140625, 1.9833984375, 0.457275390625, 0.1046142578125, 7.7421875, 0.0804443359375, 3.625, 4.0546875, 2.34375, 0.53515625, 1.0947265625, 6.14453125, 0.5439453125, 7.51171875, 7.4921875, 1.4248046875, 0.79931640625, 0.5556640625, 1.4443359375, 2.958984375, 0.17919921875, 1.03125, 6.26953125, 7.2109375, 0.81982421875, 2.29296875, 4.12890625, 0.5498046875, 2.685546875, 6.90625, 7.71484375, 0.09552001953125, 0.97119140625, 7.30859375, 6.58203125, 0.2186279296875, 0.172607421875, 9.5625, 0.1309814453125, 0.2225341796875, 0.2314453125, 4.82421875, 0.0037631988525390625, 1.3330078125, 0.0105133056640625, 0.65185546875, 0.0038890838623046875, 2.16015625, 0.0015697479248046875, 0.056915283203125, 1.9951171875, 0.007122039794921875, 2.41796875, 1.2333984375, 6.6171875, 0.00705718994140625, 0.3017578125, 1.0830078125, 0.0001729726791381836, 0.0007014274597167969, 10.953125, 6.625, 1.2275390625, 0.00057220458984375, 8.3046875, 8.6328125]",-1.114757534530428
0,0,test,3.479527233346191,1.5524540315409954,2.1496245708325117,5.582970250114792,2.4909431918510885,3.449115130601318,32.44437982861162,25.575004313654624,28.66370446039053,52.05764899054069,41.03560014168313,45.99148060311249,3.8810916581944603,1.7104784741833883,2.3918250928668083,6.227288310323315,2.7444965348479227,3.8377306574812065,48.47710662703557,39.71345049968604,44.04326423460632,77.78247616993278,63.72101662096517,70.66828837643048,3.479527233346191,1.5524540315409954,2.1496245708325117,5.582970250114792,2.4909431918510885,3.449115130601318,32.44437982861162,25.575004313654624,28.66370446039053,52.05764899054069,41.03560014168313,45.99148060311249,0.7738693467336684,0.008869346733668348,-0.0011306532663316604,0.6080402010050252,-0.001959798994974782,-0.006959798994974786,0.5326633165829145,-0.0023366834170853723,-0.0023366834170853723,0.431095406360424,0.12245343105178197,0.18197672245913143,0.37234042553191493,0.4723618090452262,0.1490535383685344,0.20858885412035144,0.4242424242424242,0.431095406360424,0.12245343105178197,0.18197672245913143,0.37234042553191493,25.0,15.0,14.0,40.0,17.0,18.0,48.0,17.0,18.0,-0.0012746243282834148,-0.0005398639083405397,-0.00014252258853222444,0.016056842264487337,0.014241567989551562,0.014125422444871916,"[3.0625, 9.453125, 2.48046875, 1.494140625, 8.8203125, 6.21484375, 4.1796875, 8.5546875, 6.08203125, 5.765625, 0.84130859375, 1.6953125, 6.83203125, 1.7900390625, 10.5078125, 5.94921875, 2.98828125, 1.4599609375, 8.2109375, 0.374267578125, 10.0859375, 2.080078125, 5.4375, 0.61767578125, 8.921875, 1.787109375, 5.3515625, 2.29296875, 1.509765625, 0.72119140625, 6.109375, 2.4140625, 5.45703125, 3.1796875, 3.736328125, 1.5810546875, 1.5419921875, 10.046875, 0.59521484375, 5.4375, 0.1756591796875, 0.461669921875, 7.46875, 4.83984375, 11.1484375, 12.8515625, 0.05950927734375, 3.197265625, 3.126953125, 4.375, 1.9521484375, 3.18359375, 6.55078125, 5.7734375, 4.5234375, 8.203125, 1.5791015625, 10.9609375, 2.61328125, 1.9404296875, 1.7802734375, 4.2890625, 0.50244140625, 0.389892578125, 4.66015625, 4.1015625, 4.71875, 1.6083984375, 0.235107421875, 8.3984375, 0.92236328125, 3.947265625, 4.203125, 4.71875, 6.72265625, 5.0078125, 0.9052734375, 6.734375, 0.302001953125, 0.83837890625, 0.9462890625, 7.65625, 0.0946044921875, 1.095703125, 6.77734375, 5.67578125, 2.0078125, 2.84375, 2.361328125, 1.6748046875, 2.833984375, 0.441650390625, 0.7548828125, 8.6015625, 4.71484375, 6.1484375, 9.6171875, 1.03125, 7.078125, 4.98828125, 3.34765625, 1.9384765625, 1.2587890625, 4.3984375, 3.109375, 8.1484375, 9.640625, 1.7314453125, 4.99609375, 4.64453125, 3.5234375, 0.57470703125, 5.3046875, 9.171875, 0.217041015625, 9.6953125, 0.033843994140625, 2.3671875, 1.716796875, 7.78125, 0.2159423828125, 0.54150390625, 7.7109375, 5.9140625, 7.28515625, 1.4990234375, 5.07421875, 4.9921875, 2.892578125, 5.4296875, 0.205810546875, 5.1875, 1.2001953125, 7.09375, 5.99609375, 5.72265625, 2.501953125, 3.953125, 5.0078125, 0.0107574462890625, 1.1396484375, 1.373046875, 3.578125, 1.33984375, 7.34375, 0.07470703125, 2.578125, 7.03515625, 7.953125, 7.73046875, 0.4814453125, 1.3525390625, 3.974609375, 8.375, 1.015625, 1.8271484375, 7.25, 0.1263427734375, 3.58984375, 1.8037109375, 7.93359375, 3.810546875, 0.309814453125, 5.5546875, 0.77587890625, 0.93994140625, 8.4453125, 3.998046875, 0.3662109375, 0.199462890625, 8.1953125, 4.22265625, 4.58984375, 5.7578125, 4.12109375, 1.7607421875, 11.984375, 1.8037109375, 3.349609375, 10.0625, 1.7431640625, 3.26953125, 3.3359375, 0.16748046875, 2.75390625, 0.00865936279296875, 0.134033203125, 0.00044918060302734375, 0.0065155029296875, 0.00311279296875, 0.662109375, 6.9375, 7.94140625, 5.1328125, 0.489990234375, 1.7373046875, 0.1290283203125, 0.60302734375, 0.1572265625, 1.419921875, 3.54296875, 7.21484375, 3.66015625, 8.734375, 0.0799560546875, 1.435546875, 0.68896484375, 0.313720703125, 0.496826171875, 6.1875, 7.55859375, 5.8203125, 5.625, 3.66796875, 0.84814453125, 0.01012420654296875, 1.74609375, 1.02734375, 5.2109375, 7.6171875, 1.0107421875, 0.020782470703125, 4.32421875, 5.5703125, 13.171875, 0.1552734375, 2.74609375, 0.77880859375, 0.2332763671875, 0.0009732246398925781, 0.084716796875, 0.0004930496215820312, 0.391357421875, 6.2578125, 0.1239013671875, 2.259765625, 7.78125, 5.9453125, 0.1644287109375, 0.046142578125, 0.057037353515625, 0.95263671875, 2.166015625, 7.99609375, 0.01137542724609375, 3.0703125, 0.44677734375, 0.7001953125, 0.001865386962890625, 0.00016772747039794922, 0.0024776458740234375, 0.0002262592315673828, 0.7490234375, 1.353515625, 2.66015625, 0.1435546875, 1.0371208190917969e-05, 4.100799560546875e-05, 0.0020885467529296875, 0.03826904296875, 0.00037026405334472656, 0.000316619873046875, 3.08984375, 2.001953125, 1.25390625, 1.5390625, 4.99609375, 2.193359375, 2.2265625, 4.73046875, 2.9921875, 2.205078125, 0.490966796875, 0.007297515869140625, 5.62890625, 4.20703125, 2.8046875, 4.98046875, 0.1292724609375, 1.91796875, 7.6171875, 10.5625, 6.45703125]",-1.1737983243625494
389,0,test,3.6791297950963866,1.6325563588133698,2.2767671044866553,6.062465448523606,2.69012431452266,3.7516539709151178,39.61190859293299,31.87057914397682,35.547116115601206,65.27245315313488,52.51630022466621,58.57449322193407,3.6337723947649625,1.56550029351326,2.1928438344984515,5.987725581310819,2.579629414468391,3.6133653121924176,37.855352931748136,29.94421128234437,33.63073612416259,62.378002944138444,49.34203368537249,55.416684682582385,3.6791297950963866,1.6325563588133698,2.2767671044866553,6.062465448523606,2.69012431452266,3.7516539709151178,39.61190859293299,31.87057914397682,35.547116115601206,65.27245315313488,52.51630022466621,58.57449322193407,0.728643216080402,-0.006356783919598041,0.0036432160804019675,0.5829145728643217,-0.01708542713567829,-0.002085427135678275,0.49246231155778897,-0.012537688442211037,-0.007537688442211032,0.4367816091954023,0.11938199160458018,0.1909217365839374,0.4192307692307692,0.44221105527638194,0.11890278459969017,0.1851158966787192,0.41414141414141414,0.4367816091954023,0.11938199160458018,0.1909217365839374,0.4192307692307692,22.0,2.0,2.0,35.0,5.0,2.0,42.0,0.0,0.0,0.0001294774828142086,-9.003954305526459e-05,-5.187300449160316e-06,0.00012094549186336678,0.00017278787436758591,-9.286739145242251e-05,"[3.0625, 9.453125, 2.48046875, 5.4921875, 0.79443359375, 0.078125, 2.326171875, 8.8125, 1.349609375, 4.58203125, 6.5234375, 1.2431640625, 7.2109375, 2.884765625, 1.73828125, 4.7734375, 2.001953125, 7.953125, 5.91796875, 6.6953125, 12.5546875, 0.02899169921875, 5.9296875, 7.8046875, 1.11328125, 2.044921875, 9.6171875, 1.685546875, 0.0253143310546875, 5.24609375, 0.057708740234375, 9.6796875, 1.5751953125, 6.25, 0.08929443359375, 4.140625, 5.12890625, 5.3046875, 9.4765625, 1.970703125, 9.6484375, 4.01171875, 7.62890625, 7.2421875, 3.025390625, 5.09375, 1.8291015625, 4.94921875, 1.59375, 11.6484375, 0.0255126953125, 5.21484375, 0.34619140625, 1.515625, 0.0202789306640625, 3.958984375, 13.8828125, 6.6015625, 0.82568359375, 3.02734375, 6.08203125, 0.37255859375, 0.91943359375, 4.08984375, 4.11328125, 0.1221923828125, 4.87890625, 3.330078125, 9.6953125, 0.152099609375, 0.0293731689453125, 0.005313873291015625, 0.020233154296875, 0.0195770263671875, 0.005649566650390625, 8.296875, 0.634765625, 1.962890625, 1.65234375, 6.0390625, 5.953125, 9.359375, 6.5078125, 0.92529296875, 1.9541015625, 0.055572509765625, 3.40234375, 0.1370849609375, 1.908203125, 0.62451171875, 10.984375, 0.048614501953125, 0.0919189453125, 0.91796875, 4.99609375, 0.0810546875, 6.41796875, 1.2861328125, 2.853515625, 1.9169921875, 4.0546875, 1.0556640625, 0.5224609375, 6.30859375, 3.20703125, 0.8115234375, 2.8203125, 4.12890625, 6.32421875, 1.0966796875, 6.00390625, 0.027191162109375, 3.884765625, 7.34375, 1.5947265625, 2.978515625, 4.078125, 2.779296875, 5.16015625, 0.0261993408203125, 6.0, 3.658203125, 0.50146484375, 0.7861328125, 3.31640625, 0.0176544189453125, 4.45703125, 0.96826171875, 0.463623046875, 3.751953125, 1.4970703125, 10.5, 2.453125, 1.3359375, 0.037261962890625, 4.83984375, 4.16796875, 9.6015625, 0.062103271484375, 0.7158203125, 2.01953125, 1.5537109375, 0.224609375, 1.4296875, 8.4609375, 4.48046875, 3.80078125, 2.3828125, 4.8671875, 3.25390625, 6.37890625, 0.01247406005859375, 5.70703125, 0.0321044921875, 4.47265625, 1.7685546875, 1.296875, 2.537109375, 4.0234375, 6.94140625, 0.015777587890625, 2.25, 3.431640625, 4.53515625, 4.50390625, 1.1064453125, 2.478515625, 1.5400390625, 4.3359375, 0.0469970703125, 0.52294921875, 6.12109375, 0.22802734375, 4.8125, 0.253173828125, 9.4453125, 2.91796875, 0.7275390625, 0.047088623046875, 2.671875, 1.857421875, 0.476318359375, 0.000400543212890625, 0.0009036064147949219, 3.79296875, 11.296875, 8.0859375, 5.046875, 10.8515625, 5.90234375, 14.234375, 9.1953125, 3.05078125, 7.640625, 6.65625, 5.9140625, 0.178466796875, 6.65234375, 3.16015625, 0.80419921875, 8.5078125, 1.5546875, 10.7421875, 8.7265625, 8.90625, 2.76171875, 0.5595703125, 8.703125, 6.0859375, 4.8125, 2.607421875, 7.59375, 9.8203125, 1.310546875, 0.5654296875, 0.0091094970703125, 0.2257080078125, 3.43359375, 9.015625, 0.458251953125, 0.53955078125, 4.25, 7.92578125, 9.3828125, 2.3515625, 4.31640625, 4.16796875, 2.037109375, 1.169921875, 1.884765625, 1.5888671875, 1.3447265625, 7.01171875, 2.322265625, 9.296875, 1.240234375, 0.490478515625, 7.2578125, 0.430419921875, 0.05889892578125, 0.162841796875, 4.0078125, 1.1328125, 3.146484375, 3.173828125, 1.5068359375, 7.53515625, 1.244140625, 6.0546875, 4.47265625, 0.34814453125, 8.078125, 0.79736328125, 2.154296875, 6.94140625, 6.484375, 0.001499176025390625, 0.0004851818084716797, 3.052734375, 2.486328125, 6.19921875]",-0.6318395576257814
309,0,test,4.098939616863544,1.7950103469088217,2.4884705098555147,6.3631157861786445,2.78653987186798,3.863054220061418,60.276337685640975,50.26288687792655,55.2711790534517,93.57183850247124,78.0271482009717,85.8019255782155,3.9729665985059497,1.6664166998420917,2.308655033283504,6.16755767196638,2.5869135435643904,3.583912099287726,53.14194805108714,43.102221291990155,47.85991239034924,82.49654792692576,66.91106733899424,74.2968163773993,4.002954544032298,1.767077226971487,2.4352837920352552,6.2141103874025205,2.743177028536689,3.7804881723975874,54.75970120901102,45.40501593085028,49.96423586207433,85.00791711494092,70.48588187360568,77.5635280525535,0.7386934673366834,0.003693467336683409,0.003693467336683409,0.6633165829145728,-0.011683417085427195,-0.0016834170854271857,0.5527638190954773,0.0027638190954772934,0.0027638190954772934,0.46461538461538465,0.10363228169679783,0.18416502637587595,0.4783950617283951,0.4522613065326633,0.0888527852294051,0.15342992088992535,0.4696969696969697,0.46153846153846156,0.09926801078720948,0.18233935141610336,0.4731543624161074,23.0,7.0,3.0,36.0,6.0,3.0,45.0,6.0,3.0,0.00014406156945097245,0.0001597453761373349,0.0002593122464252454,-0.00040436298294821427,-2.9341792515680254e-06,0.0001314242545484845,"[3.056640625, 6.44140625, 0.03302001953125, 0.005214691162109375, 0.009490966796875, 8.625, 0.712890625, 4.50390625, 6.390625, 0.5556640625, 0.1431884765625, 4.99609375, 3.6953125, 12.53125, 4.60546875, 6.60546875, 5.1875, 0.0015668869018554688, 0.0130615234375, 0.389404296875, 5.59765625, 4.44921875, 1.7099609375, 2.671875, 5.109375, 8.6875, 1.4052734375, 0.12176513671875, 0.82470703125, 0.0034732818603515625, 11.8359375, 12.734375, 2.05078125, 2.6953125, 10.234375, 0.58984375, 4.93359375, 5.203125, 6.3828125, 3.34375, 1.7890625, 5.88671875, 3.416015625, 0.426025390625, 0.0109710693359375, 0.0017499923706054688, 0.0004868507385253906, 9.5390625, 6.375, 7.109375, 8.375, 0.10205078125, 7.84765625, 2.291015625, 5.08203125, 9.8203125, 0.5205078125, 1.5615234375, 6.1484375, 4.37109375, 2.380859375, 1.90234375, 0.2186279296875, 4.40234375, 5.50390625, 2.55078125, 5.58203125, 2.75, 4.37890625, 2.62890625, 8.3515625, 4.63671875, 1.6318359375, 3.431640625, 6.97265625, 0.1800537109375, 4.0234375, 6.1015625, 6.6328125, 5.01953125, 0.0106048583984375, 3.5703125, 5.125, 6.3046875, 5.66015625, 0.64892578125, 0.00023758411407470703, 5.0234375, 4.734375, 0.31640625, 0.44140625, 2.32421875, 0.52294921875, 9.059906005859375e-05, 4.73828125, 3.23828125, 2.48046875, 2.48046875, 13.203125, 3.46875, 2.962890625, 8.6640625, 5.84765625, 1.8017578125, 0.0189666748046875, 9.5625, 2.349609375, 3.22265625, 0.56640625, 6.67572021484375e-06, 8.1484375, 1.984375, 4.03515625, 0.50439453125, 6.54458999633789e-05, 7.1953125, 4.93359375, 2.599609375, 9.015625, 0.92626953125, 10.71875, 8.46875, 0.5400390625, 0.0008559226989746094, 8.046875, 1.7021484375, 2.484375, 1.658203125, 0.75, 3.349609375, 10.25, 2.486328125, 0.0018987655639648438, 0.37109375, 2.828125, 7.45703125, 3.28515625, 0.77490234375, 0.043609619140625, 0.0009365081787109375, 3.24609375, 7.2265625, 12.5859375, 2.380859375, 4.27734375, 7.0703125, 5.2265625, 10.96875, 0.9326171875, 0.07513427734375, 6.1875, 7.203125, 3.96484375, 2.36328125, 5.02734375, 6.11328125, 5.21875, 2.47265625, 5.75390625, 7.09765625, 0.00836181640625, 4.3515625, 6.5546875, 3.654296875, 8.125, 2.00390625, 3.380859375, 5.69921875, 5.328125, 1.3369140625, 3.587890625, 0.01102447509765625, 0.39306640625, 7.171875, 0.4365234375, 0.203369140625, 10.75, 2.623046875, 3.373046875, 1.7265625, 6.61328125, 0.09173583984375, 0.2122802734375, 6.06640625, 0.3291015625, 3.369140625, 5.0390625, 2.31640625, 5.0546875, 3.14453125, 0.0289764404296875, 11.6953125, 4.7734375, 6.28515625, 0.53466796875, 8.640625, 13.8828125, 1.1142578125, 5.76953125, 6.67578125, 0.204833984375, 6.71484375, 1.7578125, 1.1806640625, 1.4443359375, 8.6015625, 3.744140625, 9.1953125, 0.01338958740234375, 0.7705078125, 6.4453125, 5.03125, 1.650390625, 8.140625, 6.79296875, 2.431640625, 3.05859375, 4.94921875, 0.07794189453125, 0.1722412109375, 9.578125, 6.59765625, 0.1734619140625, 3.01171875, 5.5390625, 3.591796875, 0.74658203125, 8.6484375, 1.439453125, 2.0703125, 3.55859375, 1.125, 2.48046875, 0.005924224853515625, 4.203125, 5.37890625, 3.76171875, 0.87939453125, 0.0001500844955444336, 4.171875, 0.34716796875, 2.529296875, 1.5595703125, 0.0004050731658935547, 10.4140625, 6.9765625, 1.349609375, 10.3359375, 0.375732421875, 0.85546875, 0.0004172325134277344, 11.2109375, 5.06640625, 2.3515625, 7.91796875, 3.138671875, 0.76904296875, 0.0005850791931152344, 8.8046875, 10.7109375, 6.5859375, 0.78125, 0.00015866756439208984, 4.70703125, 5.33203125, 10.40625, 2.3203125, 0.416015625, 0.0002315044403076172, 9.9453125, 5.11328125, 1.1142578125, 4.453125, 10.3046875, 0.759765625, 5.55078125, 7.3203125, 4.203125, 0.86962890625, 0.990234375, 6.2265625, 6.44140625, 8.625, 0.5419921875, 2.259765625, 0.57177734375, 3.01171875, 4.47265625, 5.83203125, 6.73828125, 9.640625, 3.15625, 1.6484375, 4.75390625, 3.23046875, 8.9296875, 5.375, 5.7265625, 2.17578125, 11.21875, 0.2371826171875, 5.9140625, 1.1767578125, 10.140625, 6.55078125, 5.80078125, 10.140625, 5.7734375, 8.84375, 10.9140625, 6.6796875, 6.89453125, 6.82421875, 3.51953125, 9.1875, 6.2265625, 6.5390625, 3.11328125, 0.322509765625, 5.59375, 6.98828125, 0.96533203125, 0.355712890625, 3.640625, 3.3671875]",-0.8942301676823545
484,0,test,3.4445308503650485,1.4582044988687959,2.0191828124276627,6.05184934126637,2.561984293151426,3.5475920246124906,31.328582205492808,24.039873839136476,27.169277018618544,55.042578458261666,42.236722786816166,47.734910317433965,3.4131631324039633,1.3568596318723531,1.9079967104563884,5.996738003459741,2.383926992109065,3.3522442204546268,30.361128802035807,22.544108076847692,25.856225519350417,53.34281657579902,39.60874544057268,45.42795178052539,3.450023393782358,1.4574456313674446,2.0290608869508793,6.0614994349092814,2.5606510051108575,3.5649472527678645,31.50112923068946,24.16671343415902,27.360024866782375,55.34573399558634,42.45957290862661,48.07004368955514,0.7537688442211055,-0.006231155778894548,-0.006231155778894548,0.5979899497487438,0.0229899497487438,0.007989949748743674,0.4522613065326633,-0.0027386934673366836,0.007261306532663325,0.36904761904761907,0.03241395568128247,0.09596054780751351,0.350597609561753,0.38190954773869346,0.05358874573368089,0.09977265291398563,0.3484848484848485,0.38095238095238093,0.046298915605846314,0.10918457092599576,0.3466135458167331,22.0,5.0,5.0,33.0,6.0,6.0,42.0,9.0,9.0,0.00023693589773521407,-6.366306357914296e-05,-0.00015004471938065688,5.857619511928647e-05,0.00012331829868550415,-0.00012440840417138332,"[3.056640625, 9.4453125, 2.4296875, 5.078125, 3.71484375, 11.3359375, 0.2008056640625, 0.9697265625, 7.36328125, 0.04022216796875, 10.40625, 0.10223388671875, 9.015625, 10.1171875, 0.12042236328125, 0.93701171875, 7.125, 5.71875, 0.401611328125, 8.0859375, 1.0751953125, 2.0390625, 6.0859375, 3.044921875, 6.30859375, 5.16015625, 10.5234375, 1.8173828125, 1.0224609375, 2.2734375, 5.0546875, 0.3525390625, 1.71875, 2.19921875, 2.150390625, 9.4609375, 0.439208984375, 4.875, 2.23046875, 1.1650390625, 1.5458984375, 3.244140625, 2.712890625, 0.351806640625, 3.654296875, 0.6787109375, 3.595703125, 0.079833984375, 3.40234375, 9.0234375, 0.292236328125, 7.97265625, 4.59375, 4.76953125, 4.68359375, 2.875, 6.60546875, 1.099609375, 1.779296875, 4.72265625, 3.42578125, 1.326171875, 1.505859375, 7.5390625, 0.7587890625, 3.10546875, 5.76171875, 2.091796875, 3.390625, 10.203125, 5.18359375, 6.359375, 0.11065673828125, 0.615234375, 3.33984375, 5.14453125, 4.515625, 8.6328125, 4.38671875, 0.0048370361328125, 4.6875, 7.01171875, 2.791015625, 2.140625, 0.431884765625, 0.423583984375, 0.3037109375, 6.4765625, 1.248046875, 7.015625, 8.703125, 1.41015625, 2.849609375, 4.84375, 1.8203125, 13.6171875, 0.032379150390625, 3.478515625, 7.58203125, 0.52197265625, 1.2275390625, 6.7109375, 2.33203125, 0.192138671875, 2.015625, 1.4853515625, 3.81640625, 0.257080078125, 0.427490234375, 8.1796875, 7.69140625, 0.01136016845703125, 0.09423828125, 0.9677734375, 1.080078125, 2.111328125, 3.185546875, 1.0205078125, 3.494140625, 0.5791015625, 1.1259765625, 1.658203125, 0.03619384765625, 6.27734375, 0.00502777099609375, 2.390625, 0.265380859375, 3.90625, 1.9814453125, 2.005859375, 7.2890625, 1.6650390625, 0.744140625, 0.357177734375, 5.9765625, 0.019317626953125, 7.34375, 4.08203125, 4.12109375, 3.265625, 7.66015625, 2.27734375, 0.057861328125, 2.896484375, 5.078125, 12.15625, 5.3125, 4.0703125, 4.15625, 1.1796875, 12.2265625, 2.689453125, 6.52734375, 0.7216796875, 1.423828125, 1.5576171875, 0.10723876953125, 6.41796875, 0.482421875, 1.740234375, 4.3125, 1.1982421875, 0.66845703125, 1.4501953125, 3.169921875, 0.0352783203125, 1.701171875, 3.783203125, 0.333251953125, 6.6875, 1.2509765625, 3.001953125, 3.009765625, 0.43408203125, 0.853515625, 2.173828125, 2.4453125, 3.232421875, 0.36865234375, 3.01953125, 2.310546875, 11.625, 1.837890625, 4.359375, 0.321533203125, 2.048828125, 3.369140625, 2.87890625, 2.01953125, 6.16015625, 2.369140625, 7.390625, 1.861328125, 0.6083984375, 1.240234375, 2.0078125, 0.32861328125, 11.5078125, 2.3671875, 0.22705078125, 0.9345703125, 1.041015625, 2.369140625, 0.93994140625, 2.947265625, 2.701171875, 1.330078125, 11.90625, 2.7578125, 6.41796875, 8.34375, 1.701171875, 1.0966796875, 5.84765625, 0.8642578125, 2.037109375, 1.796875, 4.95703125, 7.17578125, 0.52099609375, 2.513671875, 7.55859375, 6.91015625, 7.66015625, 0.27734375, 0.43994140625, 6.62890625, 3.2890625, 0.305908203125, 0.80908203125, 4.36328125, 11.8359375, 10.2109375, 1.615234375, 2.8203125, 2.56640625, 3.431640625, 9.0, 1.0615234375, 6.39453125, 1.6728515625, 0.268798828125, 3.708984375, 2.189453125, 7.76953125, 2.947265625, 0.94873046875, 0.389892578125, 4.2890625, 2.939453125, 4.83203125, 1.447265625]",-0.8405047598339261
453,0,test,3.548886504354356,1.5801446024881,2.186766061712947,6.249983454890727,2.782810216604043,3.8511380086833573,34.7745745841993,27.61291383802697,30.870110862611234,61.24188968439543,48.62940937030305,54.36569524137645,4.2883114742873305,1.9567108769583221,2.6869832064113153,7.552192985272687,3.445985266643267,4.732075980179927,72.84336670093283,62.548961149506916,67.88375095143782,128.28526246775394,110.15567046885386,119.5508280644766,3.593918478209837,1.6596784064880516,2.2674197846439337,6.329289764402879,2.92287808253729,3.993178176289594,36.3763369046911,29.45755262740993,32.60850895950526,64.06277110437266,51.87802323827193,57.42720744535092,0.8040201005025126,-0.0009798994974873354,-0.005979899497487451,0.6633165829145728,-0.006683417085427079,-0.0016834170854271857,0.5678391959798995,-0.012160804020100557,-0.007160804020100442,0.439873417721519,0.13339632451456795,0.18724183877415057,0.346031746031746,0.4321608040201005,0.10634626767924837,0.18508233991325573,0.4191919191919192,0.4448160535117057,0.1393068715417558,0.2012120490623175,0.3489932885906041,27.0,2.0,1.0,38.0,2.0,4.0,48.0,2.0,1.0,-0.0022957915473300022,-0.0002780523162841583,-0.0006453328311457812,0.0027802358083848233,0.00345853287392206,0.004288083727594483,"[3.0625, 9.453125, 2.48046875, 1.494140625, 3.81640625, 6.5, 5.3203125, 0.0018091201782226562, 13.3984375, 2.736328125, 1.19140625, 6.2578125, 5.55859375, 2.408203125, 12.1640625, 0.58251953125, 9.859375, 3.724609375, 3.16015625, 2.287109375, 2.43359375, 0.7353515625, 0.6201171875, 3.126953125, 8.9453125, 4.921875, 1.4072265625, 3.978515625, 6.6484375, 3.947265625, 0.40576171875, 7.1640625, 4.47265625, 8.4453125, 9.4140625, 8.203125, 3.77734375, 4.14453125, 5.58984375, 0.2122802734375, 1.6015625, 1.669921875, 8.671875, 0.6728515625, 9.5234375, 7.12890625, 10.4765625, 14.09375, 2.0234375, 0.63427734375, 5.79296875, 1.5966796875, 5.578125, 0.9013671875, 3.705078125, 0.0028076171875, 0.177734375, 5.3125, 12.84375, 3.087890625, 6.7890625, 0.00977325439453125, 9.1640625, 8.46875, 5.73828125, 7.8515625, 1.9990234375, 0.3984375, 3.947265625, 6.99609375, 1.3876953125, 8.1953125, 5.27734375, 9.21875, 10.984375, 6.2890625, 0.6005859375, 10.34375, 4.1953125, 0.46923828125, 1.61328125, 6.5859375, 0.52783203125, 1.2216796875, 3.61328125, 0.005100250244140625, 0.144775390625, 1.5634765625, 10.3984375, 0.5859375, 11.6171875, 3.54296875, 2.146484375, 7.75, 4.3828125, 4.5625, 1.1728515625, 6.95703125, 3.572265625, 7.78515625, 8.96875, 0.00821685791015625, 6.1015625, 6.30859375, 4.26171875, 2.416015625, 1.6552734375, 6.4140625, 3.82421875, 0.0214996337890625, 1.5947265625, 4.8984375, 1.2724609375, 4.109375, 0.135986328125, 1.86328125, 7.546875, 1.9208984375, 0.921875, 8.1796875, 0.0731201171875, 6.6796875, 7.5390625, 8.484375, 3.88671875, 5.84375, 5.1796875, 5.18359375, 0.6435546875, 7.0859375, 0.71923828125, 2.31640625, 5.03125, 0.498046875, 0.978515625, 8.703125, 1.5390625, 6.7421875, 1.927734375, 0.3798828125, 8.1796875, 4.0234375, 4.1796875, 3.12890625, 0.01435089111328125, 5.31640625, 4.2421875, 2.10546875, 11.484375, 0.412109375, 1.0087890625, 5.734375, 1.083984375, 5.7421875, 7.21484375, 0.03692626953125, 1.1240234375, 3.984375, 0.08685302734375, 10.0859375, 7.61328125, 1.576171875, 9.3671875, 1.7041015625, 0.183837890625, 10.71875, 7.50390625, 4.62890625, 5.6953125, 5.7734375, 3.82421875, 1.2197265625, 1.591796875, 5.2734375, 0.144775390625, 3.611328125, 3.732421875, 8.203125, 0.0035552978515625, 2.626953125, 0.8759765625, 3.146484375, 3.09375, 12.1875, 2.169921875, 0.364990234375, 4.8984375, 3.8203125, 0.75, 8.015625, 2.779296875, 2.7421875, 9.828125, 7.95703125, 3.068359375, 2.232421875, 1.232421875, 9.921875, 0.19873046875, 5.29296875, 1.37109375, 1.7060546875, 5.03515625, 4.15234375, 3.302734375, 0.005725860595703125, 0.13330078125, 0.0008134841918945312, 0.0020313262939453125, 0.004573822021484375, 1.8193359375, 0.0025806427001953125, 0.01053619384765625, 6.64453125, 1.4228515625, 2.650390625, 6.88671875, 5.87109375, 2.013671875, 0.0010747909545898438, 0.0015697479248046875, 3.283203125, 0.472900390625, 1.3330078125, 8.171875, 0.93310546875, 5.0625, 3.470703125, 7.40625, 2.546875, 0.368408203125, 4.76953125, 1.134765625, 4.506111145019531e-05, 0.006320953369140625, 3.634765625, 2.025390625, 0.000751495361328125, 0.0098114013671875, 5.328125, 5.47265625, 8.0078125, 3.1796875, 3.64453125, 0.1903076171875, 0.80615234375, 7.462501525878906e-05, 0.01201629638671875, 3.728515625, 0.008544921875, 2.724609375, 1.16796875, 1.5244140625, 0.0208282470703125, 5.2109375, 3.525390625, 1.8740234375, 0.6982421875, 3.478515625, 1.1181640625, 0.0017986297607421875, 0.01226043701171875, 0.0020961761474609375, 0.0270233154296875, 2.203125, 1.3349609375, 0.0006251335144042969, 0.01385498046875, 0.001102447509765625, 0.26220703125, 0.0011358261108398438, 0.9931640625, 4.3515625, 7.56640625, 0.82177734375, 5.328125, 5.82421875, 8.1484375, 3.607421875, 2.89453125, 0.89208984375, 0.80859375, 1.603515625, 1.2607421875, 0.281494140625, 1.0546875, 0.2861328125, 0.0015439987182617188, 0.0010042190551757812, 0.0218505859375, 0.00047779083251953125, 5.625, 0.06927490234375, 1.5849609375, 0.01934814453125, 4.02734375, 2.294921875, 0.0029621124267578125, 3.720703125, 1.7724609375, 0.64453125, 0.32958984375, 0.001621246337890625, 3.4296875, 3.109375, 0.003078460693359375, 3.76171875, 1.4443359375, 0.22265625, 0.08148193359375, 0.0026187896728515625, 5.84375, 10.5703125, 0.1727294921875, 11.03125, 4.4453125]",-1.7148883674718158
434,0,test,3.2875514017011884,1.521483264315804,2.071670877930141,5.971266831661342,2.763510418859318,3.7628307782812764,26.777216669964144,20.929401376490265,23.403953674688164,48.63616905360834,38.01462698995171,42.50922198055605,3.5236067532294957,1.6169265714202592,2.2119996696159294,6.400020429335206,2.9368666297225112,4.017713685628934,33.90650056996675,27.175793626072362,30.194365938149467,61.585276545449815,49.36011495347837,54.842827928475565,3.2875514017011884,1.521483264315804,2.071670877930141,5.971266831661342,2.763510418859318,3.7628307782812764,26.777216669964144,20.929401376490265,23.403953674688164,48.63616905360834,38.01462698995171,42.50922198055605,0.7437185929648241,0.00371859296482413,0.00371859296482413,0.5728643216080402,-0.007135678391959832,-0.0021356783919597166,0.4824120603015075,0.007412060301507539,-0.0025879396984924696,0.4135338345864662,0.11522238993355816,0.1735338345864662,0.3886792452830189,0.42211055276381915,0.10130854775128784,0.1716931904933684,0.4242424242424242,0.4135338345864662,0.11522238993355816,0.1735338345864662,0.3886792452830189,25.0,3.0,3.0,37.0,3.0,2.0,43.0,1.0,0.0,-0.0007915114388926786,-0.0004279527707650394,-3.5865014214222064e-06,0.00015559510116602837,-0.0002314721571865519,-7.534460660885145e-05,"[3.0625, 9.453125, 2.48046875, 1.494140625, 8.8203125, 2.271484375, 3.95703125, 5.984375, 0.07806396484375, 4.71484375, 0.673828125, 0.0924072265625, 3.419921875, 0.95458984375, 7.171875, 12.4765625, 1.7001953125, 4.10546875, 4.9296875, 1.1181640625, 6.43359375, 0.5595703125, 1.0830078125, 2.341796875, 1.6748046875, 1.7919921875, 5.52734375, 3.91796875, 5.03125, 2.98046875, 0.56494140625, 4.63671875, 0.24169921875, 1.9619140625, 4.06640625, 0.41455078125, 7.4140625, 7.0546875, 1.9052734375, 0.89501953125, 3.017578125, 0.02557373046875, 6.54296875, 3.236328125, 8.96875, 3.66015625, 0.016357421875, 0.0008378028869628906, 0.2001953125, 2.09765625, 6.55078125, 5.390625, 2.080078125, 4.78515625, 2.71875, 0.1605224609375, 2.55859375, 8.796875, 8.4375, 1.2138671875, 0.56591796875, 0.85986328125, 3.98046875, 3.12890625, 1.2158203125, 2.369140625, 0.65380859375, 1.0947265625, 0.1502685546875, 9.109375, 1.74609375, 3.14453125, 0.477294921875, 8.3828125, 2.3125, 1.3955078125, 11.328125, 0.84423828125, 4.75, 5.8203125, 1.98828125, 9.4453125, 6.63671875, 3.361328125, 2.4921875, 4.0703125, 1.71484375, 0.1630859375, 9.0859375, 8.75, 1.3955078125, 10.8359375, 2.390625, 3.818359375, 0.3740234375, 0.1387939453125, 3.40234375, 3.4375, 6.87890625, 4.296875, 0.59814453125, 6.98046875, 6.3203125, 0.3818359375, 0.56494140625, 4.5546875, 0.48974609375, 1.9716796875, 1.6103515625, 6.1484375, 3.75, 7.9765625, 6.1875, 1.2294921875, 4.9453125, 1.5712890625, 2.84765625, 1.8271484375, 0.0167694091796875, 0.247314453125, 5.9765625, 1.5205078125, 3.853515625, 1.2978515625, 1.865234375, 8.328125, 1.5205078125, 3.91796875, 1.0654296875, 8.1796875, 1.0380859375, 5.2109375, 10.15625, 0.8486328125, 3.900390625, 0.036865234375, 0.1749267578125, 4.5625, 4.7421875, 4.47265625, 5.8671875, 0.947265625, 9.3359375, 2.220703125, 2.720703125, 4.46484375, 1.625, 0.3291015625, 11.140625, 7.48828125, 0.05224609375, 1.775390625, 2.734375, 2.169921875, 0.01372528076171875, 4.29296875, 4.73828125, 5.95703125, 7.15625, 2.466796875, 2.015625, 7.2265625, 0.56494140625, 5.84375, 0.3828125, 4.265625, 1.8564453125, 6.13671875, 6.671875, 0.3466796875, 0.5009765625, 8.0625, 7.4453125, 0.146484375, 3.259765625, 0.007541656494140625, 0.352294921875, 1.1923828125, 1.052734375, 1.8974609375, 7.203125, 6.3515625, 0.1424560546875, 0.0860595703125, 8.7265625, 6.48828125, 3.650390625, 3.00390625, 6.515625, 0.006549835205078125, 1.4765625, 10.171875, 0.0589599609375, 5.16015625, 0.0030517578125, 1.0546875, 0.04486083984375, 8.203125, 2.91015625, 2.419921875, 8.828125, 4.19140625, 6.81640625, 1.240234375, 8.4609375, 1.232421875, 0.7666015625, 8.1875, 7.67578125, 0.2288818359375, 1.2021484375, 7.66796875, 0.08056640625, 9.0859375, 3.36328125, 6.11328125, 2.962890625, 0.91455078125, 2.732421875, 0.006011962890625, 0.06317138671875, 0.0034465789794921875, 0.0117645263671875, 0.01360321044921875, 4.03515625, 0.004360198974609375, 1.3818359375, 0.022857666015625, 0.001476287841796875, 0.001377105712890625, 0.0193939208984375, 2.685546875, 0.099853515625, 0.09619140625, 0.00013267993927001953, 0.0026645660400390625, 0.0012617111206054688, 0.18212890625, 0.0023403167724609375, 0.7705078125, 7.61328125, 7.0625, 8.6484375, 4.0390625, 11.390625, 0.051025390625, 1.0390625, 2.939453125, 3.70703125, 10.5703125, 0.1279296875, 4.82421875, 3.345703125, 2.3515625, 4.18359375, 0.0237884521484375, 1.0009765625, 1.892578125, 0.2357177734375, 0.37353515625, 0.00412750244140625, 0.00519561767578125, 0.058441162109375, 0.002338409423828125, 5.78515625, 0.84326171875]",-1.533975602540755
232,0,test,3.9311820885230757,1.8325147245564106,2.5109796611208086,6.3170029422474245,2.944661591873404,4.034884558904471,50.967189804274206,42.81189517597906,46.82923181271042,81.89900154755786,68.79428673105602,75.24973111973468,4.1938444741407235,1.8728509482006483,2.6324974890768362,6.739074223964058,3.0094777305569034,4.23015113762002,66.27710240661847,56.09131328032818,61.51186678127438,106.50044731546278,90.1329378918377,98.84320662094434,3.9311820885230757,1.8325147245564106,2.5109796611208086,6.3170029422474245,2.944661591873404,4.034884558904471,50.967189804274206,42.81189517597906,46.82923181271042,81.89900154755786,68.79428673105602,75.24973111973468,0.7989949748743719,-0.011005025125628176,0.008994974874371842,0.6733668341708543,-0.011633165829145753,-0.0066331658291456375,0.5628140703517588,0.00781407035175885,0.00781407035175885,0.44396551724137934,0.11708379681127179,0.1918165201067088,0.4199134199134199,0.457286432160804,0.1364844271482727,0.19518292631773226,0.45959595959595956,0.44396551724137934,0.11708379681127179,0.1918165201067088,0.4199134199134199,29.0,20.0,20.0,39.0,22.0,21.0,46.0,17.0,18.0,-0.00022193495887033523,-0.00021842061385603798,-0.00017382130220875333,-8.002224209047171e-05,1.3385908281371428e-05,4.3536860872883665e-05,"[3.0625, 9.453125, 2.48046875, 5.4921875, 0.79443359375, 0.078125, 4.32421875, 2.017578125, 3.05859375, 1.119140625, 5.59765625, 7.453125, 0.060638427734375, 9.046875, 0.60595703125, 0.54833984375, 6.453125, 1.69140625, 7.32421875, 5.6171875, 0.29833984375, 2.30859375, 8.0546875, 7.00390625, 0.173095703125, 0.734375, 5.69921875, 4.71484375, 2.013671875, 8.3984375, 7.09765625, 8.671875, 4.828125, 0.04046630859375, 0.7685546875, 9.3828125, 1.423828125, 1.015625, 2.78125, 4.79296875, 9.5390625, 6.46875, 4.5625, 3.150390625, 5.18359375, 8.703125, 12.0078125, 7.96484375, 0.87548828125, 2.025390625, 8.2578125, 0.1451416015625, 7.76953125, 4.8203125, 9.65625, 2.271484375, 2.423828125, 6.83984375, 3.49609375, 10.1328125, 0.365966796875, 1.1708984375, 7.04296875, 3.947265625, 6.93359375, 7.86328125, 0.7041015625, 1.4580078125, 4.69921875, 1.130859375, 6.984375, 4.26171875, 6.78515625, 0.031494140625, 3.986328125, 10.6875, 8.1171875, 2.36328125, 6.74609375, 2.189453125, 3.908203125, 3.580078125, 2.009765625, 0.1531982421875, 9.5390625, 1.3720703125, 1.3662109375, 9.9453125, 0.59423828125, 0.2144775390625, 8.1875, 4.9140625, 0.016937255859375, 2.484375, 4.40234375, 0.339111328125, 4.7734375, 0.8798828125, 2.306640625, 5.66015625, 3.892578125, 9.7890625, 2.783203125, 7.078125, 0.004093170166015625, 9.453125, 5.30859375, 8.859375, 7.2421875, 3.265625, 4.56640625, 5.90625, 3.49609375, 5.2890625, 1.107421875, 8.0625, 3.361328125, 7.90625, 0.98046875, 8.140625, 1.23046875, 1.69921875, 2.60546875, 6.26953125, 6.796875, 0.16845703125, 2.205078125, 2.0546875, 9.6328125, 3.8046875, 1.34375, 3.943359375, 0.0211639404296875, 1.470703125, 6.3984375, 4.0078125, 1.7734375, 1.52734375, 7.71484375, 0.07293701171875, 1.17578125, 2.205078125, 5.390625, 12.890625, 3.169921875, 2.283203125, 3.509765625, 0.251220703125, 2.796875, 8.9296875, 2.109375, 1.427734375, 8.2109375, 10.1484375, 5.25390625, 8.0625, 5.0390625, 2.23828125, 1.6328125, 4.5, 0.486328125, 7.546875, 0.072998046875, 1.1474609375, 1.8623046875, 2.384765625, 6.47265625, 9.0390625, 2.69140625, 1.923828125, 8.78125, 0.576171875, 5.484375, 5.12109375, 0.75146484375, 5.75, 0.60595703125, 4.0, 9.2421875, 1.6064453125, 2.02734375, 4.703125, 0.141357421875, 4.9453125, 5.95703125, 8.34375, 8.84375, 3.392578125, 0.693359375, 9.4453125, 3.326171875, 2.5625, 6.78515625, 0.39501953125, 0.171142578125, 2.623046875, 0.06719970703125, 0.06512451171875, 8.0546875, 0.045166015625, 0.7333984375, 3.8359375, 0.1964111328125, 3.048828125, 0.91015625, 1.3193359375, 0.057952880859375, 1.0185546875, 0.40234375, 0.5693359375, 0.9404296875, 0.67578125, 5.5, 3.58984375, 1.306640625, 6.60546875, 4.58203125, 0.09783935546875, 0.03228759765625, 2.01171875, 3.876953125, 1.0400390625, 3.9921875, 8.34375, 0.08563232421875, 2.8125, 3.634765625, 2.390625, 4.47265625, 0.0184173583984375, 1.638671875, 4.80859375]",-0.49293166193468796
184,0,test,3.4454706985906434,1.4966070785613497,1.9512810923230741,6.38672617299729,2.774198487089331,3.6170088540622833,31.358040158723192,24.337335301358394,26.90231596035618,58.127098830803966,45.11310933910336,49.867707633830975,3.8386941890620707,1.6691908516035103,2.3534073970090645,7.1156282528955455,3.0941098712650437,4.362413711528998,46.46476061538852,37.710825406217744,42.04852884403315,86.12980016511042,69.90299343591582,77.94361444259803,3.8048771280907467,1.758152962868464,2.4062631162615107,7.052942969143823,3.2590152482439816,4.4603901667286525,44.919730400874094,37.17723402159869,40.870147000067405,83.26584171869344,68.91389721076831,75.75929687817371,0.7085427135678393,-0.011457286432160707,-0.006457286432160814,0.5879396984924623,-0.012060301507537674,-0.002060301507537776,0.5125628140703518,-0.022437185929648162,-0.012437185929648265,0.4063324538258575,0.1112072891354754,0.15120048901647332,0.373015873015873,0.44221105527638194,0.13143411292049223,0.1917936930059312,0.4292929292929293,0.42140468227424754,0.11923439846790362,0.18669945424310186,0.412751677852349,22.0,8.0,6.0,32.0,8.0,5.0,39.0,6.0,3.0,-0.0006506108914149234,-0.0005415728398602933,-0.00016415381159853675,0.0030250692548703384,0.0050178178451147915,0.003771651118054997,"[3.056640625, 9.4453125, 2.4296875, 1.0791015625, 0.80224609375, 4.9921875, 3.09375, 8.21875, 6.1484375, 8.53125, 4.8671875, 6.796875, 1.2392578125, 4.16796875, 6.578125, 1.603515625, 5.52734375, 0.8251953125, 7.21484375, 0.021728515625, 3.875, 4.19921875, 0.0015048980712890625, 1.9609375, 2.419921875, 1.8115234375, 4.0859375, 1.669921875, 5.4765625, 9.375, 10.78125, 10.578125, 1.4462890625, 10.921875, 7.3125, 5.96484375, 0.62646484375, 3.14453125, 5.16015625, 4.6875, 0.461669921875, 5.65234375, 2.65234375, 1.615234375, 6.02734375, 0.35546875, 1.0634765625, 2.728515625, 10.1015625, 4.76171875, 9.671875, 6.22265625, 0.223388671875, 0.483154296875, 1.8056640625, 3.607421875, 6.59765625, 3.501953125, 0.40478515625, 10.1015625, 3.080078125, 0.11065673828125, 0.0011005401611328125, 0.2587890625, 2.1328125, 7.41796875, 3.140625, 5.13671875, 0.17431640625, 1.0244140625, 6.48046875, 0.2237548828125, 0.603515625, 0.11260986328125, 0.005939483642578125, 1.4375, 4.3359375, 4.09765625, 7.4375, 0.95458984375, 7.44921875, 0.94091796875, 12.328125, 3.552734375, 9.640625, 1.8974609375, 7.98046875, 3.291015625, 4.43359375, 8.8515625, 0.033660888671875, 5.1875, 4.04296875, 0.1971435546875, 1.2880859375, 0.78515625, 3.009765625, 2.9296875, 1.595703125, 5.7109375, 3.037109375, 2.82421875, 7.5703125, 0.390869140625, 0.0004475116729736328, 0.003467559814453125, 4.59375, 7.765625, 6.23828125, 3.1328125, 1.5419921875, 6.6015625, 0.47119140625, 0.12353515625, 1.9384765625, 9.6875, 2.771484375, 1.318359375, 1.2373046875, 0.049224853515625, 7.515625, 3.521484375, 7.3515625, 9.8515625, 1.6171875, 5.97265625, 8.4765625, 4.33984375, 1.84375, 4.234375, 0.03436279296875, 0.82275390625, 3.87890625, 0.077880859375, 0.040283203125, 0.0021572113037109375, 0.0004134178161621094, 0.14697265625, 2.97265625, 1.328125, 3.814453125, 0.728515625, 4.84765625, 5.1640625, 7.01953125, 9.3828125, 0.440185546875, 6.47265625, 0.35791015625, 1.5810546875, 0.70361328125, 4.68359375, 0.06298828125, 0.1722412109375, 0.004505157470703125, 0.0005106925964355469, 0.4404296875, 7.6640625, 6.63671875, 9.5625, 0.80126953125, 9.3203125, 4.28515625, 7.375, 0.01425933837890625, 0.86328125, 7.3828125, 2.669921875, 8.1171875, 11.1015625, 10.75, 2.62109375, 0.479736328125, 7.43359375, 3.15625, 0.0027904510498046875, 0.32666015625, 0.0003020763397216797, 0.0042724609375, 0.0030078887939453125, 2.529296875, 0.0015239715576171875, 0.00988006591796875, 3.111328125, 0.427978515625, 4.53515625, 9.0703125, 2.4765625, 8.2890625, 6.59765625, 7.734375, 16.90625, 5.10546875, 8.8046875, 5.22265625, 0.038787841796875, 7.4609375, 3.828125, 7.3984375, 8.3046875, 1.7470703125, 1.904296875, 2.369140625, 0.006359100341796875, 10.078125, 5.296875, 1.314453125, 1.849609375, 4.7578125, 1.5849609375, 2.830078125, 0.0155487060546875, 3.58203125, 2.765625, 0.01338958740234375, 0.615234375, 1.1767578125, 4.984375, 1.3486328125, 0.0017538070678710938, 0.031402587890625, 9.5234375, 2.458984375, 4.18359375, 0.08062744140625, 0.475341796875, 0.8251953125, 2.12109375, 0.0304412841796875, 4.02734375, 6.69140625, 2.494140625, 1.0732421875, 5.51953125, 1.310546875, 0.646484375, 1.1806640625, 2.46484375, 13.9453125, 10.84375, 11.4375, 5.2421875, 6.47265625, 1.9189453125, 0.0004906654357910156, 0.00423431396484375, 3.517578125, 0.05950927734375, 5.3203125, 5.6328125, 6.31640625, 1.138671875, 9.265625, 12.796875, 8.4375, 1.5361328125, 5.5703125, 7.46875, 0.25732421875, 9.9609375, 5.84765625, 3.736328125, 4.2734375, 5.359375, 9.296875, 6.63671875, 2.578125, 1.310546875, 1.1328125, 0.9921875, 0.00022459030151367188, 0.0195465087890625, 3.66015625, 7.41015625, 0.346923828125, 11.5390625, 0.36181640625, 2.845703125, 9.2734375, 2.873046875, 0.187744140625, 2.345703125, 6.3203125, 7.34765625, 6.5, 0.34814453125, 9.8125, 1.115234375, 0.271240234375, 2.224609375, 1.91796875, 0.006420135498046875, 0.05523681640625, 1.2470703125, 6.921875, 1.5205078125, 3.4453125, 0.207763671875, 10.8828125, 6.625, 0.63525390625, 0.81689453125, 0.5791015625, 0.055023193359375, 0.0234222412109375, 0.01383209228515625, 0.167724609375, 0.004207611083984375, 0.0215301513671875, 0.05450439453125, 3.146484375, 2.068359375, 0.04150390625, 12.1171875, 1.615234375, 0.28271484375, 0.0013914108276367188, 2.814453125, 0.003326416015625, 0.046112060546875, 2.046875, 1.5009765625, 0.047149658203125, 6.28515625, 6.3203125, 2.97265625, 0.03643798828125, 0.0017328262329101562, 0.00043082237243652344, 1.603515625, 1.4697265625, 0.0020771026611328125, 0.017425537109375, 3.5546875, 9.8203125, 0.4697265625, 0.00820159912109375, 0.00998687744140625, 0.0012149810791015625, 2.427734375, 0.3349609375, 0.0020427703857421875, 0.003910064697265625, 0.015960693359375, 6.46875, 0.2236328125, 5.27734375, 3.224609375, 7.9453125, 0.041107177734375, 4.06640625, 2.451171875, 0.50341796875, 0.017974853515625, 1.1298828125, 6.40234375, 1.693359375, 7.3125, 0.364013671875, 0.0310211181640625, 0.036529541015625, 0.012237548828125, 2.193359375, 6.52734375, 0.74658203125, 3.912109375, 1.3603515625, 2.0, 0.99072265625, 0.151611328125, 6.43359375, 2.662109375, 4.828125, 0.01343536376953125, 9.734375, 6.13671875, 0.11468505859375, 3.126953125, 1.796875]",-1.0520993392511535
466,0,test,4.152248929286825,1.9649277188665657,2.669667982982089,7.010681163216162,3.317595351419637,4.507482898803092,63.576819414026026,54.6655098245604,59.1725211322605,107.34347045991352,92.29756368929402,99.90722770881665,4.302728140174444,2.0342342201326398,2.773024368842771,7.264751135222069,3.434612849934095,4.681990419857723,73.90113158174275,64.23629774697204,69.28432259320735,124.77509897497146,108.45693750032237,116.9800519146182,4.152248929286825,1.9649277188665657,2.669667982982089,7.010681163216162,3.317595351419637,4.507482898803092,63.576819414026026,54.6655098245604,59.1725211322605,107.34347045991352,92.29756368929402,99.90722770881665,0.8291457286432161,-0.010854271356783851,-0.005854271356783847,0.6934673366834171,0.008467336683417037,0.013467336683417153,0.592964824120603,0.002964824120602949,0.002964824120602949,0.44396551724137934,0.11063218390804597,0.18178786681157988,0.4199134199134199,0.4522613065326633,0.12143423886349036,0.18848835160778854,0.43434343434343436,0.44396551724137934,0.11063218390804597,0.18178786681157988,0.4199134199134199,30.0,8.0,11.0,41.0,9.0,14.0,52.0,11.0,14.0,-0.0006807401376771147,-1.2817746442379388e-05,-9.160701098719892e-05,-8.002224209047171e-05,1.3385908281371428e-05,4.3536860872883665e-05,"[3.0625, 9.453125, 2.48046875, 1.494140625, 9.8203125, 3.9375, 4.1640625, 2.55078125, 4.578125, 3.55078125, 4.421875, 0.9365234375, 5.8515625, 0.0838623046875, 6.96484375, 7.890625, 10.5234375, 1.9853515625, 6.59375, 8.3671875, 3.84765625, 5.02734375, 6.515625, 1.486328125, 5.484375, 9.1484375, 5.62890625, 10.328125, 6.44921875, 6.6953125, 4.8125, 10.96875, 0.2470703125, 1.23046875, 5.640625, 1.2490234375, 2.08203125, 0.73974609375, 4.25, 5.17578125, 5.50390625, 3.998046875, 7.66015625, 10.2421875, 8.9765625, 0.62353515625, 5.13671875, 1.7373046875, 1.8798828125, 10.90625, 1.1015625, 3.08203125, 0.301513671875, 8.09375, 0.912109375, 1.072265625, 3.486328125, 2.904296875, 3.236328125, 4.14453125, 6.89453125, 1.6787109375, 6.74609375, 0.308349609375, 9.5546875, 1.2939453125, 5.859375, 5.0390625, 4.10546875, 2.349609375, 2.904296875, 0.0509033203125, 3.076171875, 6.125, 6.00390625, 1.5712890625, 0.83154296875, 10.125, 2.0859375, 0.9443359375, 10.703125, 4.08984375, 0.3876953125, 8.875, 0.441650390625, 6.703125, 6.9375, 3.091796875, 5.60546875, 6.234375, 2.046875, 11.984375, 9.0546875, 4.72265625, 0.46630859375, 3.93359375, 1.001953125, 5.81640625, 4.07421875, 9.46875, 3.037109375, 1.4951171875, 1.869140625, 5.29296875, 7.8125, 0.035308837890625, 3.271484375, 7.0703125, 0.93017578125, 3.31640625, 1.26953125, 0.7255859375, 5.453125, 2.61328125, 1.82421875, 0.0228729248046875, 0.66357421875, 2.341796875, 1.859375, 2.845703125, 5.72265625, 1.28515625, 6.9140625, 7.734375, 0.0017824172973632812, 0.216552734375, 1.3134765625, 1.2626953125, 0.352783203125, 3.619140625, 0.6533203125, 8.2734375, 3.99609375, 0.357421875, 4.00390625, 6.453125, 2.064453125, 4.99609375, 4.47265625, 5.890625, 3.634765625, 8.1875, 0.186767578125, 2.634765625, 5.16015625, 1.771484375, 8.78125, 8.5703125, 6.0859375, 1.98046875, 6.9921875, 6.75390625, 1.1357421875, 0.70361328125, 7.765625, 1.19921875, 7.33984375, 5.85546875, 7.85546875, 3.076171875, 3.912109375, 10.4140625, 7.8125, 0.54736328125, 2.005859375, 5.68359375, 4.17578125, 0.89599609375, 3.423828125, 3.99609375, 6.25, 8.828125, 1.458984375, 0.76220703125, 5.75390625, 7.33984375, 4.421875, 1.2919921875, 4.9609375, 11.0234375, 0.71630859375, 1.84765625, 6.69921875, 8.109375, 1.3173828125, 2.10546875, 8.1640625, 2.779296875, 9.53125, 1.408203125, 0.1846923828125, 1.6005859375, 6.296875, 1.5732421875, 2.240234375, 9.28125, 0.677734375, 0.90869140625, 5.453125, 0.047271728515625, 3.7421875, 3.34765625, 3.97265625, 4.25390625, 4.01171875, 3.56640625, 0.50048828125, 0.78662109375, 1.396484375, 6.7578125, 0.5498046875, 0.67626953125, 0.00882720947265625, 3.515625, 2.765625, 4.92578125, 4.9609375, 6.2890625, 1.939453125, 0.564453125, 3.181640625, 4.29296875, 1.298828125, 0.8671875, 4.890625, 11.4140625, 2.28515625, 4.76171875, 6.15625, 6.9765625, 4.09765625, 5.7578125]",-0.4369568125954988
448,0,test,3.7534576450194512,1.6670299564208184,2.2955706954913557,6.086114938534364,2.7030372739704798,3.722196551446436,42.668359277004775,34.61227442124069,38.37148885222376,69.18541871469135,56.12272745139026,62.218176839481465,3.9171111811345547,1.7246666967991167,2.408320412488913,6.351474062065633,2.796493457521731,3.9050167140356944,50.25505712277279,41.297975301615885,45.7337968850169,81.48701352675587,66.96338368115117,74.15593054237203,3.7534576450194512,1.6670299564208184,2.2955706954913557,6.086114938534364,2.7030372739704798,3.722196551446436,42.668359277004775,34.61227442124069,38.37148885222376,69.18541871469135,56.12272745139026,62.218176839481465,0.7939698492462312,0.003969849246231116,-0.0060301507537688925,0.6683417085427136,-0.006658291457286469,0.0033417085427135396,0.5477386934673367,-0.007261306532663214,-0.002261306532663321,0.41608391608391604,0.08449578344866293,0.15561879980484628,0.37192982456140355,0.42713567839195976,0.07625848540950364,0.15835437622167592,0.3737373737373737,0.41608391608391604,0.08449578344866293,0.15561879980484628,0.37192982456140355,21.0,0.0,0.0,34.0,3.0,0.0,42.0,0.0,0.0,-0.0005710023285066753,-0.00041232259600239404,-0.00017992519583892062,0.00029419353837489837,-0.00015400165618917327,-5.253467235455389e-06,"[3.0625, 9.453125, 2.48046875, 1.494140625, 6.81640625, 9.890625, 4.24609375, 2.919921875, 3.08203125, 0.703125, 12.9609375, 6.8203125, 15.03125, 5.35546875, 0.070068359375, 3.388671875, 3.673828125, 9.828125, 2.787109375, 11.453125, 3.2109375, 0.0030155181884765625, 4.3359375, 4.73828125, 3.0625, 1.4794921875, 6.36328125, 1.7001953125, 1.2841796875, 6.796875, 6.31640625, 2.654296875, 3.5625, 0.1856689453125, 4.34765625, 8.6875, 3.404296875, 3.607421875, 6.78125, 1.736328125, 4.98046875, 5.19140625, 3.408203125, 3.298828125, 7.625, 1.4755859375, 9.5, 0.07177734375, 4.0078125, 3.998046875, 2.990234375, 5.31640625, 2.640625, 9.21875, 5.19140625, 9.15625, 5.8125, 1.794921875, 6.078125, 5.07421875, 0.76904296875, 0.22607421875, 2.05078125, 0.1353759765625, 1.181640625, 4.71484375, 6.9765625, 0.4873046875, 9.1015625, 1.458984375, 7.4140625, 4.1171875, 3.58203125, 5.54296875, 4.40234375, 5.7890625, 0.56591796875, 4.21875, 1.7900390625, 2.701171875, 8.53125, 3.0234375, 2.810546875, 0.11260986328125, 2.2734375, 4.26953125, 1.439453125, 0.40673828125, 0.152099609375, 1.76171875, 1.1259765625, 6.43359375, 0.336181640625, 8.890625, 9.234375, 5.9453125, 8.828125, 7.77734375, 10.4765625, 0.541015625, 3.939453125, 0.267578125, 1.1044921875, 5.765625, 2.28515625, 2.42578125, 3.357421875, 0.51708984375, 1.7197265625, 0.51025390625, 8.8828125, 0.98974609375, 6.24609375, 4.98046875, 0.126220703125, 5.82421875, 7.92578125, 1.9345703125, 6.6953125, 2.5, 2.31640625, 1.3310546875, 8.90625, 6.55859375, 0.70361328125, 2.294921875, 5.3828125, 1.3388671875, 2.603515625, 0.037628173828125, 2.705078125, 0.47021484375, 0.04852294921875, 0.5380859375, 1.7666015625, 6.4453125, 7.66015625, 5.54296875, 0.79443359375, 8.875, 0.6142578125, 3.171875, 1.9873046875, 0.0653076171875, 3.06640625, 7.01953125, 5.1484375, 0.1749267578125, 0.01552581787109375, 0.484375, 0.274169921875, 3.7734375, 8.0390625, 3.71484375, 6.640625, 0.8583984375, 2.880859375, 4.8828125, 0.89794921875, 3.03125, 0.5732421875, 1.01953125, 6.18359375, 4.8828125, 1.6611328125, 5.40234375, 10.4921875, 2.875, 0.931640625, 5.765625, 4.95703125, 1.103515625, 3.50390625, 3.728515625, 9.15625, 6.04296875, 1.169921875, 3.666015625, 5.66796875, 4.4375, 2.54296875, 4.69140625, 2.599609375, 9.5234375, 2.146484375, 3.380859375, 0.841796875, 8.7109375, 7.96875, 5.9765625, 6.6015625, 1.556640625, 0.1553955078125, 0.0231781005859375, 0.9306640625, 7.16015625, 1.4580078125, 1.6337890625, 6.1015625, 3.693359375, 0.001384735107421875, 5.515625, 0.0015668869018554688, 0.06402587890625, 0.00021183490753173828, 0.003498077392578125, 0.0013532638549804688, 0.432373046875, 5.5078125, 1.05859375, 5.6875, 6.3984375, 1.84375, 7.09375, 3.419921875, 0.427001953125, 0.434326171875, 6.43359375, 6.6640625, 7.87890625, 0.4013671875, 6.359375, 3.076171875, 11.0859375, 1.28125, 0.59912109375, 8.8515625, 4.12890625, 0.630859375, 5.23828125, 5.37890625, 0.0789794921875, 0.2254638671875, 4.08203125, 7.703125, 3.701171875, 0.5517578125, 5.68359375, 12.3125, 1.3271484375, 2.65625, 0.0034503936767578125, 0.281494140625, 0.00013387203216552734, 5.31640625, 3.0, 2.947265625, 14.5546875, 5.953125, 8.640625, 3.53125, 8.3125, 1.4716796875, 1.357421875, 10.1171875, 2.361328125, 0.1046142578125, 0.0040130615234375, 0.003215789794921875, 0.0001226663589477539, 0.84375, 0.1783447265625, 0.004673004150390625, 0.0002720355987548828, 0.00040841102600097656, 1.736328125, 6.69140625, 2.388671875, 0.002758026123046875, 5.1171875, 0.048858642578125, 6.5859375, 6.9921875, 3.232421875, 1.1181640625, 5.95703125, 3.27734375, 7.96875, 0.12249755859375, 0.56640625, 7.3984375, 2.521484375, 2.736328125, 3.0703125, 1.740234375, 0.828125]",-1.209802051940998
472,0,test,3.1507418275253154,1.3114269444081172,1.83820589369363,5.391643769027278,2.2441530599497193,3.14559297316557,23.353382338581866,17.06115646480771,19.63779808786051,39.963007210407476,29.195561864911593,33.60478817173991,3.4779123085827086,1.4720274248861358,2.088809113277647,5.951507693831373,2.518977411569858,3.5744327072130857,32.392026880604625,24.959358846183694,28.380775749980977,55.4302064267031,42.71120230362985,48.5660333689514,3.118353929009326,1.3154868720799173,1.8409319480125097,5.336220627181734,2.251100529762425,3.150257878951888,22.609132758519323,16.54211572254598,19.021753296813277,38.68942504131649,28.307363803287238,32.550593876899725,0.7537688442211055,-0.011231155778894553,-0.0012311557788945438,0.5979899497487438,0.002989949748743781,0.007989949748743674,0.48743718592964824,0.00743718592964826,0.0024371859296482556,0.44200626959247646,0.12588733375523076,0.18548906417016153,0.41509433962264153,0.44221105527638194,0.10637145627888822,0.1634130586152801,0.4444444444444444,0.4381270903010034,0.12594011200384148,0.1911860446947743,0.4093959731543624,24.0,2.0,2.0,35.0,5.0,5.0,42.0,-2.0,0.0,-0.0005995580262466453,-0.00027631064658643694,-0.00019712494485758415,0.0027920825880531908,0.0034701534490721997,0.004298597398502579,"[3.0625, 9.453125, 2.48046875, 5.4921875, 0.79443359375, 0.078125, 1.3251953125, 6.69921875, 4.3671875, 2.9609375, 6.48828125, 0.74365234375, 6.94140625, 0.8076171875, 7.0859375, 4.81640625, 10.0625, 13.2734375, 1.26171875, 0.04833984375, 0.0218353271484375, 3.255859375, 0.76806640625, 0.06524658203125, 9.453125, 6.73828125, 0.7705078125, 6.74609375, 1.9462890625, 1.1240234375, 4.53515625, 2.7890625, 2.427734375, 8.4453125, 0.43603515625, 4.453125, 9.3046875, 2.4453125, 0.64013671875, 0.87109375, 3.646484375, 1.87109375, 3.0546875, 0.36572265625, 0.24169921875, 0.481689453125, 6.66015625, 4.4453125, 4.0625, 4.74609375, 0.059661865234375, 0.595703125, 3.228515625, 5.96875, 0.1387939453125, 1.8564453125, 3.060546875, 0.77490234375, 6.41796875, 1.8681640625, 1.9111328125, 5.93359375, 0.98291015625, 3.814453125, 1.830078125, 8.4453125, 0.50439453125, 0.0263214111328125, 4.17578125, 2.572265625, 4.12890625, 0.94775390625, 8.390625, 2.169921875, 3.291015625, 0.0156097412109375, 5.98046875, 4.30078125, 7.53125, 3.25, 1.0146484375, 1.5517578125, 5.26953125, 1.154296875, 0.494873046875, 2.974609375, 0.445068359375, 7.421875, 2.251953125, 1.5078125, 2.892578125, 6.6328125, 1.6884765625, 4.28515625, 0.258056640625, 4.421875, 0.88037109375, 4.09765625, 0.005184173583984375, 3.943359375, 2.36328125, 1.34765625, 4.4453125, 3.947265625, 6.1484375, 9.7109375, 1.7490234375, 3.578125, 7.9453125, 0.52880859375, 1.9619140625, 5.859375, 0.4384765625, 7.28125, 4.33984375, 5.25390625, 1.7109375, 1.865234375, 1.90234375, 0.11798095703125, 0.52734375, 5.2421875, 0.2646484375, 4.32421875, 0.6923828125, 7.41015625, 1.4833984375, 1.1943359375, 5.87890625, 7.984375, 5.34765625, 2.0703125, 6.5625, 7.92578125, 5.71875, 1.0390625, 1.162109375, 1.3955078125, 3.978515625, 2.7734375, 0.5654296875, 0.270751953125, 0.9521484375, 3.169921875, 0.5615234375, 3.7734375, 5.296875, 4.66796875, 2.015625, 3.703125, 3.451171875, 1.4462890625, 4.5703125, 1.578125, 0.67578125, 4.11328125, 0.10797119140625, 0.69091796875, 5.953125, 3.552734375, 4.3125, 6.94140625, 3.224609375, 1.279296875, 5.9609375, 5.453125, 0.92138671875, 4.140625, 0.430908203125, 0.0198822021484375, 0.0699462890625, 1.484375, 2.552734375, 0.060455322265625, 4.27734375, 4.7109375, 2.6796875, 2.333984375, 0.8251953125, 9.8203125, 1.6171875, 7.61328125, 8.578125, 8.234375, 11.796875, 2.0703125, 3.490234375, 8.390625, 0.6826171875, 7.73046875, 8.2890625, 0.1708984375, 1.5361328125, 0.94677734375, 6.55078125, 6.23828125, 9.25, 2.328125, 2.91015625, 0.328857421875, 1.8125, 4.1640625, 0.0312042236328125, 0.08233642578125, 0.37744140625, 3.58203125, 6.09375, 6.9921875, 0.77392578125, 6.55078125, 4.80078125, 3.17578125, 3.896484375, 5.80859375, 0.0953369140625, 4.44140625, 0.79541015625, 10.3515625, 11.1875, 4.87109375, 1.0068359375, 5.0625, 2.876953125, 4.109375, 0.0235137939453125, 7.47265625, 2.330078125, 5.4296875, 11.5078125, 0.79150390625, 0.431396484375, 5.07421875, 6.2734375, 0.57666015625, 0.400390625, 0.005222320556640625, 0.0092620849609375, 0.00432586669921875, 1.6142578125, 0.004840850830078125, 0.0146636962890625, 3.34375, 0.517578125, 4.03125, 1.07421875, 4.16796875, 7.0625, 5.46875, 3.8515625, 1.7744140625, 0.0101776123046875, 1.1904296875, 0.005519866943359375, 0.01528167724609375, 2.30859375, 0.0056610107421875, 0.056396484375, 1.1494140625, 0.0022029876708984375, 0.05670166015625, 6.375, 0.05047607421875, 7.2109375, 5.03125, 1.01171875, 0.050262451171875, 0.38916015625, 0.0009946823120117188, 6.01953125, 0.000476837158203125, 0.5849609375, 10.3671875, 0.7529296875, 5.6953125, 0.95458984375, 0.327392578125, 0.0006451606750488281, 3.7265625, 5.46484375, 0.31591796875, 1.1708984375, 0.034393310546875, 0.0007143020629882812, 0.0038242340087890625, 0.0012693405151367188, 0.8876953125, 0.3876953125, 0.0014057159423828125, 0.0006513595581054688, 0.0004570484161376953, 4.05078125, 0.197509765625, 0.037109375, 2.953125, 3.185546875, 0.6884765625, 3.66015625, 0.0882568359375, 0.4521484375, 0.50927734375, 6.25390625, 4.2578125, 6.05859375, 2.298828125, 8.140625, 3.013671875, 0.70068359375, 7.875, 0.01219940185546875, 1.65234375, 3.47265625, 1.1962890625, 0.0148468017578125, 0.53955078125, 4.67578125, 10.03125, 0.003314971923828125, 4.9140625, 7.078125]",-1.426053273640456
197,0,test,3.3948421620847378,1.533100874886505,2.111357056665052,5.541850448376167,2.5026835903552676,3.446647735745112,29.809947963553146,23.3750158772186,26.2007517016665,48.662725864827294,38.15813402659468,42.770956831909636,3.993916482781645,1.8254986809485518,2.523968824265116,6.519798798919226,2.9800032521430415,4.1202085671787305,54.267009518109056,45.522571861572345,49.91800201650802,88.58722634848073,74.31252271456675,81.48776545397524,3.405720339172261,1.5411271563123468,2.130361612138266,5.559608337459583,2.5157859524666417,3.4776713884635484,30.135996045630314,23.68268601085595,26.556010628296054,49.19497732854246,38.66038473123511,43.350893025650855,0.7537688442211055,0.0037688442211054607,0.0037688442211054607,0.6733668341708543,-0.011633165829145753,0.0033668341708543714,0.5879396984924623,-0.00706030150753767,-0.00706030150753767,0.4717607973421927,0.15832796152129713,0.23087681944164018,0.3966666666666666,0.4824120603015075,0.1365473986473722,0.23032524894925377,0.46464646464646464,0.47491638795986624,0.16606830782631032,0.24021115992872055,0.3993288590604027,25.0,4.0,4.0,37.0,3.0,1.0,48.0,9.0,8.0,-0.0021300087571569613,-0.0001504215378290631,-0.00022903011502311906,0.013902639937724004,0.011424941180036896,0.012955966542243402,"[3.0625, 9.453125, 2.48046875, 1.494140625, 10.8203125, 0.351806640625, 6.609375, 5.20703125, 2.09375, 5.4765625, 2.34375, 1.2548828125, 0.230224609375, 7.25, 3.73046875, 0.2462158203125, 2.462890625, 1.01953125, 7.84765625, 4.9609375, 0.339599609375, 6.140625, 4.11328125, 6.9375, 4.05078125, 5.03125, 0.149658203125, 1.3046875, 4.1953125, 4.40625, 4.62890625, 0.08746337890625, 2.2109375, 2.109375, 9.359375, 2.470703125, 3.162109375, 9.6484375, 0.33203125, 7.875, 4.53515625, 3.4453125, 5.375, 0.00347900390625, 7.76171875, 5.99609375, 0.005657196044921875, 4.20703125, 3.3359375, 6.4765625, 0.97265625, 5.4375, 0.355224609375, 3.41796875, 2.73828125, 0.300048828125, 13.578125, 10.703125, 0.58935546875, 7.671875, 3.982421875, 3.580078125, 4.2109375, 6.35546875, 0.329833984375, 0.2454833984375, 6.359375, 8.140625, 0.051849365234375, 3.787109375, 6.59375, 0.0675048828125, 5.4609375, 2.59375, 1.5634765625, 1.4609375, 6.296875, 1.03125, 6.81640625, 6.38671875, 5.1953125, 0.78125, 4.26953125, 4.890625, 11.0703125, 2.87890625, 8.7109375, 6.04296875, 11.5, 5.48828125, 9.1953125, 0.404052734375, 6.21875, 1.5498046875, 6.22265625, 5.42578125, 5.953125, 2.32421875, 4.671875, 6.51953125, 8.484375, 1.2607421875, 4.09375, 0.939453125, 2.8515625, 5.07421875, 4.2265625, 0.06256103515625, 0.7705078125, 8.4609375, 0.03515625, 4.42578125, 10.1015625, 6.41015625, 4.140625, 1.638671875, 2.572265625, 12.7890625, 3.86328125, 4.27734375, 3.943359375, 5.96875, 0.0726318359375, 10.3984375, 9.515625, 1.1298828125, 0.02447509765625, 4.36328125, 0.11065673828125, 3.484375, 0.93896484375, 0.0092926025390625, 0.3173828125, 6.8671875, 0.541015625, 4.0546875, 5.87109375, 3.46484375, 2.966796875, 5.29296875, 10.859375, 0.93896484375, 4.45703125, 3.978515625, 0.260498046875, 4.71484375, 3.248046875, 8.4765625, 8.984375, 0.045623779296875, 6.8203125, 0.07476806640625, 0.53173828125, 0.0947265625, 0.03076171875, 4.9921875, 6.6953125, 0.64892578125, 3.4921875, 2.955078125, 0.75244140625, 6.86328125, 8.546875, 0.56787109375, 1.66796875, 5.21484375, 3.361328125, 3.8515625, 8.4921875, 3.96484375, 0.005859375, 0.1358642578125, 0.0016326904296875, 0.003246307373046875, 0.006458282470703125, 1.7236328125, 0.007732391357421875, 0.0111236572265625, 9.875, 2.66796875, 3.978515625, 5.74609375, 3.810546875, 3.91015625, 4.375, 4.453125, 0.5625, 7.5859375, 6.79296875, 7.2578125, 9.25, 5.984375, 0.85693359375, 2.177734375, 3.67578125, 0.036468505859375, 0.018402099609375, 4.42578125, 5.09375, 3.103515625, 8.6640625, 0.994140625, 8.0859375, 0.053924560546875, 3.072265625, 8.9765625, 3.794921875, 8.03125, 2.33203125, 1.302734375, 0.01070404052734375, 0.477783203125, 0.65283203125, 0.97705078125, 0.0036106109619140625, 0.01439666748046875, 0.0014171600341796875, 0.0335693359375, 5.31640625, 0.087890625, 0.0008702278137207031, 0.007080078125, 0.0042266845703125, 0.489013671875, 0.000659942626953125, 0.20751953125, 4.12890625, 0.080322265625, 1.7451171875, 3.09375, 4.984375, 5.10546875, 2.318359375, 4.12109375, 0.114013671875, 1.4560546875, 0.8359375, 0.12469482421875, 0.032257080078125, 0.7275390625, 0.004665374755859375, 0.0004901885986328125, 0.027252197265625, 0.0003333091735839844, 0.453857421875, 2.177734375, 0.56640625, 0.0791015625, 0.262451171875, 0.0248565673828125, 0.0003523826599121094, 0.0019550323486328125, 0.001399993896484375, 0.0006461143493652344, 4.9609375, 0.77294921875, 6.7578125, 2.80859375, 0.1239013671875, 7.1484375, 6.703125, 4.3515625, 2.509765625, 4.5625, 0.57958984375, 2.46484375, 0.1358642578125, 3.75, 3.353515625, 0.70703125, 4.9921875, 0.1949462890625, 0.40283203125, 7.71875, 2.6796875, 4.42578125, 5.2890625, 8.6015625, 1.767578125, 0.40478515625, 4.87109375, 0.0007605552673339844, 0.12335205078125, 3.083984375, 0.4775390625, 8.25, 0.0235748291015625, 0.87646484375, 5.64453125, 0.876953125, 4.4609375, 4.09375, 5.05078125, 0.177001953125, 5.23828125, 1.46875, 0.9345703125, 0.399658203125, 0.6142578125, 2.287109375, 1.25]",-1.385381684350809
92,0,test,3.3939579583247217,1.5054534450051735,2.0792025268667076,5.718304923722864,2.536460955826898,3.5031412270845133,29.783601544995566,23.174124643292302,26.059761405275452,50.180855936416776,39.04488879294097,43.90674951919137,3.7276300760968843,1.687528238403285,2.3394331828490667,6.2804918857874785,2.843229395612808,3.941590453527519,41.5804488030967,33.889056370433835,37.57283143073484,70.05675616521748,57.09792527867034,63.30452810754113,3.3939579583247217,1.5054534450051735,2.0792025268667076,5.718304923722864,2.536460955826898,3.5031412270845133,29.783601544995566,23.174124643292302,26.059761405275452,50.180855936416776,39.04488879294097,43.90674951919137,0.8291457286432161,0.009145728643216056,-0.0008542713567838423,0.6683417085427136,0.008341708542713655,0.0033417085427135396,0.507537688442211,-0.012462311557788985,-0.012462311557788985,0.41877256317689526,0.08183562623995833,0.14986500015168513,0.37681159420289856,0.4120603015075377,0.06870190551756272,0.14160955025545086,0.4040404040404041,0.41877256317689526,0.08183562623995833,0.14986500015168513,0.37681159420289856,25.0,8.0,8.0,38.0,7.0,7.0,47.0,9.0,7.0,-0.0010436700092615646,-0.0005627393549922586,-5.406675259408828e-06,0.00023182424163081805,-0.0001888633816387042,-3.6794479953528025e-05,"[3.0625, 9.453125, 2.48046875, 1.494140625, 2.81640625, 0.35400390625, 1.64453125, 1.37109375, 2.328125, 0.44970703125, 11.1875, 0.9228515625, 10.21875, 4.58984375, 7.6796875, 10.1484375, 1.375, 12.3984375, 1.7490234375, 7.1015625, 8.65625, 1.5380859375, 3.447265625, 2.314453125, 4.3515625, 4.5546875, 8.2578125, 2.341796875, 6.6015625, 5.43359375, 0.51123046875, 0.94189453125, 3.236328125, 0.541015625, 3.88671875, 3.986328125, 4.875, 0.016876220703125, 3.69140625, 2.177734375, 0.25244140625, 3.029296875, 3.16015625, 7.55078125, 0.85498046875, 4.3359375, 4.25, 0.041900634765625, 3.58984375, 3.353515625, 1.3232421875, 2.455078125, 2.30078125, 1.271484375, 4.16796875, 2.31640625, 1.83984375, 0.1422119140625, 5.0703125, 7.6015625, 2.564453125, 2.373046875, 1.3427734375, 1.08984375, 2.16015625, 4.05078125, 1.8974609375, 1.03125, 3.0, 4.96875, 4.28515625, 5.27734375, 9.6484375, 0.7734375, 7.67578125, 3.671875, 11.1953125, 1.1142578125, 7.33984375, 5.8359375, 7.41796875, 0.642578125, 10.1953125, 0.040069580078125, 0.0263671875, 1.876953125, 5.07421875, 0.408203125, 0.1771240234375, 2.6796875, 9.1640625, 3.390625, 4.6171875, 7.28515625, 6.578125, 6.484375, 3.728515625, 2.458984375, 4.20703125, 6.65625, 6.76953125, 7.21875, 0.7607421875, 7.81640625, 0.77734375, 8.15625, 0.87890625, 6.0625, 2.08203125, 7.234375, 5.7890625, 4.40234375, 1.82421875, 2.650390625, 0.19921875, 5.48828125, 5.45703125, 7.0546875, 9.875, 6.875, 1.8681640625, 5.98828125, 2.40625, 2.111328125, 7.578125, 3.142578125, 2.556640625, 1.41015625, 2.1328125, 6.8359375, 5.9765625, 0.212158203125, 4.41796875, 1.390625, 1.662109375, 1.58203125, 8.3828125, 3.24609375, 3.392578125, 3.41796875, 1.7890625, 0.014617919921875, 1.779296875, 5.7578125, 6.859375, 1.4716796875, 1.376953125, 9.0078125, 6.88671875, 4.45703125, 8.8984375, 3.3671875, 3.55859375, 2.7578125, 2.59765625, 3.23046875, 2.720703125, 7.94140625, 4.9609375, 2.5, 0.050750732421875, 3.482421875, 7.09765625, 5.1640625, 3.05859375, 1.8046875, 2.8203125, 0.00873565673828125, 6.01953125, 0.329833984375, 5.3828125, 0.79541015625, 5.74609375, 0.056182861328125, 1.0673828125, 2.6875, 5.98046875, 1.3623046875, 1.740234375, 2.90625, 3.01171875, 0.38720703125, 0.6318359375, 6.0703125, 3.5625, 3.810546875, 2.958984375, 5.953125, 0.1810302734375, 0.0004222393035888672, 0.9501953125, 5.41796875, 1.16015625, 1.6962890625, 0.176025390625, 2.265625, 0.434814453125, 6.515625, 6.3125, 0.8203125, 3.380859375, 2.587890625, 0.378173828125, 5.04296875, 4.72265625, 2.126953125, 5.13671875, 4.8046875, 6.73046875, 0.005084991455078125, 0.139404296875, 0.0006856918334960938, 0.004322052001953125, 0.0140228271484375, 8.1875, 4.0859375, 5.15625, 0.0577392578125, 4.5, 6.20703125, 1.69921875, 0.250244140625, 2.2734375, 0.0005249977111816406, 0.7060546875, 1.18359375, 2.640625, 4.09375, 3.689453125, 0.423828125, 5.80078125, 6.421875, 2.609375, 5.62109375, 12.3125, 1.046875, 6.53125, 1.740234375, 0.06878662109375, 0.326416015625, 0.006664276123046875, 0.0015439987182617188, 0.0022373199462890625, 0.0002548694610595703, 0.444091796875, 2.158203125, 0.62548828125, 0.1314697265625, 2.244140625, 0.038330078125, 0.00018262863159179688, 0.00513458251953125, 0.0005326271057128906, 0.00038313865661621094, 1.935546875, 2.119140625, 4.1875, 1.8720703125, 6.921875, 5.52734375, 0.67041015625, 2.42578125, 6.00390625, 0.10833740234375, 0.9072265625, 4.80078125, 2.140625, 1.3310546875, 3.4375, 2.43359375, 0.61572265625, 4.0859375, 5.5, 4.44921875, 0.417724609375, 0.9609375, 2.51171875]",-1.4217444800297705
489,0,test,2.81979793984935,1.1734300225938703,1.6377899459856335,5.451609350375409,2.2686313770148154,3.1663938955722246,16.77346108162774,11.585359132268998,13.512545550032387,32.4286914244803,22.3983609890534,26.124254730062617,3.0629464058420766,1.2788271126363564,1.7754674758750402,5.921696384628015,2.472399084430289,3.432570453358411,21.390489467574795,15.436155851963886,17.76684988621764,41.35494630397793,29.843234647130174,34.34924311335409,2.817689842603677,1.1872247928281825,1.6548517817928965,5.447533695700442,2.295301266134486,3.199380111466266,16.738138239595607,11.631889413270514,13.539138879896507,32.36040059655151,22.488319532322993,26.17566850113325,0.6532663316582914,-0.006733668341708521,-0.011733668341708636,0.5025125628140703,-0.0024874371859296973,-0.0024874371859296973,0.4120603015075377,0.002060301507537665,-0.0029396984924623393,0.39308176100628933,0.0995181817284243,0.15772611247072443,0.35015772870662465,0.40703517587939697,0.11630835883679047,0.15661781360894622,0.3737373737373737,0.3913043478260869,0.1008202075923641,0.15326207863810026,0.34563758389261745,25.0,12.0,11.0,37.0,14.0,15.0,44.0,14.0,12.0,-0.0008360099482667909,-0.00017373316322349068,-0.00023049581144106473,0.00278418473494213,0.004781532817077938,0.00587168096724433,"[3.0625, 9.453125, 2.48046875, 1.494140625, 1.81640625, 9.234375, 0.64599609375, 9.9609375, 2.43359375, 0.662109375, 4.09765625, 3.9765625, 1.1533203125, 3.44140625, 1.3642578125, 9.1484375, 1.423828125, 10.765625, 0.8828125, 0.0159759521484375, 0.74267578125, 0.446533203125, 8.21875, 2.833984375, 2.91796875, 3.462890625, 5.5, 1.2783203125, 4.54296875, 0.01151275634765625, 7.41796875, 0.9453125, 0.3193359375, 8.9609375, 4.97265625, 3.892578125, 0.9375, 4.2734375, 1.060546875, 6.48828125, 0.0192718505859375, 0.00861358642578125, 0.0048980712890625, 0.01033782958984375, 11.109375, 1.2275390625, 1.6220703125, 2.54296875, 8.1875, 0.0494384765625, 8.0390625, 3.123046875, 0.89013671875, 4.828125, 8.390625, 1.3515625, 4.66015625, 6.6484375, 1.701171875, 7.63671875, 3.34375, 6.35546875, 0.767578125, 7.6796875, 2.810546875, 2.17578125, 4.9609375, 0.80126953125, 9.7265625, 0.703125, 0.0281524658203125, 0.2685546875, 7.2109375, 5.6484375, 0.50341796875, 2.568359375, 0.59033203125, 1.3642578125, 1.556640625, 1.4345703125, 5.03515625, 6.33203125, 0.84619140625, 1.193359375, 8.015625, 1.287109375, 0.02484130859375, 2.935546875, 0.73779296875, 4.61328125, 0.419677734375, 5.6328125, 6.4453125, 1.6318359375, 0.327880859375, 1.0654296875, 0.59765625, 6.203125, 3.904296875, 3.76953125, 0.201904296875, 1.1064453125, 1.263671875, 5.0625, 0.6015625, 0.0372314453125, 2.537109375, 0.441650390625, 0.75341796875, 0.52294921875, 5.734375, 0.1488037109375, 0.062042236328125, 1.26953125, 6.31640625, 4.46875, 2.0078125, 5.828125, 1.9140625, 6.04296875, 2.171875, 3.0703125, 0.45654296875, 6.75, 6.11328125, 0.01297760009765625, 10.3984375, 0.630859375, 5.53125, 0.278076171875, 0.03741455078125, 0.89111328125, 0.9189453125, 4.62109375, 2.064453125, 5.52734375, 0.287841796875, 0.49169921875, 5.65234375, 7.15234375, 0.1688232421875, 0.96630859375, 1.6689453125, 6.49609375, 7.46875, 6.33984375, 0.203857421875, 3.345703125, 0.51806640625, 0.625, 5.015625, 0.10699462890625, 0.0157470703125, 1.455078125, 2.5078125, 3.30859375, 0.40771484375, 2.146484375, 0.321533203125, 10.265625, 2.47265625, 6.83203125, 0.8212890625, 3.130859375, 4.296875, 4.35546875, 0.257568359375, 0.5107421875, 5.296875, 0.05108642578125, 0.004901885986328125, 5.296875, 1.9716796875, 2.96875, 1.5751953125, 6.32421875, 0.8740234375, 8.140625, 0.008544921875, 4.13671875, 7.6640625, 1.0185546875, 2.40234375, 2.548828125, 1.20703125, 6.84765625, 5.4921875, 0.26611328125, 0.24755859375, 6.1015625, 1.275390625, 3.578125, 0.49072265625, 1.79296875, 0.325927734375, 2.2578125, 0.2191162109375, 0.07769775390625, 0.10040283203125, 0.19189453125, 4.640625, 0.477783203125, 1.169921875, 0.57373046875, 0.036651611328125, 0.0050811767578125, 9.0078125, 0.212890625, 0.287841796875, 2.01953125, 0.74853515625, 2.380859375, 0.0035572052001953125, 1.7060546875, 12.0, 0.153076171875, 5.32421875, 0.31884765625, 2.65234375, 0.0017719268798828125, 0.71044921875, 0.0075225830078125, 2.044921875, 2.341796875, 0.005645751953125, 0.1378173828125, 0.5224609375, 8.2265625, 2.494140625, 5.04296875, 0.1312255859375, 0.146484375, 9.03125, 0.70458984375, 2.935546875, 5.87109375, 5.55078125, 3.322265625, 4.64453125, 0.83056640625, 1.7236328125, 3.166015625, 0.0173797607421875, 0.029754638671875, 0.000835418701171875, 0.00453948974609375, 0.0019207000732421875, 0.488525390625, 4.0546875, 0.322509765625, 3.10546875, 0.50146484375, 5.96875, 2.900390625, 12.640625, 6.96875, 3.236328125, 3.513671875, 2.873046875, 0.0012025833129882812, 0.11322021484375, 0.0001233816146850586, 0.53955078125, 5.515625, 0.275146484375, 2.517578125, 5.60546875, 7.89453125, 4.75390625, 2.9453125, 6.05859375, 1.5546875, 1.5771484375, 0.306640625, 1.501953125, 7.47265625, 0.251953125, 1.640625, 2.515625, 6.421875, 2.015625, 0.286376953125, 0.0018587112426757812, 0.00023829936981201172, 0.0017442703247070312, 0.00020742416381835938, 0.48486328125, 0.2266845703125, 0.00154876708984375, 0.0003159046173095703, 0.0002579689025878906, 1.4208984375, 4.95703125, 7.0859375, 0.0172271728515625, 0.0006165504455566406, 5.4717063903808594e-05, 0.0022487640380859375, 10.109375, 1.14453125, 7.1328125, 0.112060546875, 0.037872314453125, 0.97607421875, 0.020477294921875, 0.10296630859375, 5.609375, 5.25, 8.0546875, 5.375, 2.03515625, 1.1279296875, 1.9951171875, 5.57421875, 0.6220703125, 2.97265625, 0.4228515625, 5.640625]",-1.3517885736699373
64,0,test,3.5424607457653168,1.5742564233128022,2.1655213142289655,6.36823868169372,2.8300216627183903,3.892931379914499,34.55183795519417,27.394026135762605,30.58908318863517,62.11341967667855,49.24590825561948,54.98962353563895,4.113809156657464,1.7976261052876223,2.492787775253816,7.395344784511394,3.2315706285806387,4.481254324300213,61.179315885070245,51.04240757412896,56.121061799386126,109.98131352749623,91.75831650609311,100.88815155843402,3.5433332924061394,1.5741657476399982,2.167274940001512,6.36980724819832,2.829858656162078,3.8960838516790193,34.58199920196993,27.417289496911785,30.622734398247395,62.16764018388814,49.28772851756975,55.05011790667595,0.7738693467336684,-0.006130653266331665,-0.006130653266331665,0.6532663316582914,0.003266331658291377,0.003266331658291377,0.5326633165829145,0.0076633165829145256,0.017663316582914534,0.4096774193548387,0.0940574515609579,0.16075038072822923,0.3527508090614887,0.4170854271356784,0.10380221911562826,0.15164302312900058,0.3787878787878788,0.41137123745819393,0.09584536099742602,0.16331784479968448,0.3523489932885906,27.0,15.0,15.0,37.0,13.0,12.0,47.0,14.0,14.0,-0.0025565950429484677,-9.478083574479009e-05,-0.0003257743373140351,-0.0004635968812909397,-6.103705499693746e-05,7.885590001688314e-05,"[3.0625, 9.453125, 2.48046875, 1.494140625, 0.81689453125, 3.970703125, 13.2890625, 3.322265625, 3.98828125, 2.0703125, 4.5546875, 5.96484375, 1.8828125, 0.5732421875, 10.4921875, 1.9013671875, 6.67578125, 0.263916015625, 12.8203125, 5.67578125, 3.169921875, 1.0712890625, 11.53125, 0.041168212890625, 5.12109375, 7.23046875, 0.0034618377685546875, 5.41015625, 0.6826171875, 9.0234375, 8.171875, 12.6796875, 8.4375, 0.7646484375, 0.7724609375, 1.849609375, 7.26171875, 4.51171875, 10.5546875, 3.595703125, 4.43359375, 8.4921875, 3.455078125, 2.130859375, 3.66796875, 1.6103515625, 10.453125, 5.51953125, 2.45703125, 7.57421875, 2.435546875, 4.6640625, 7.53515625, 2.486328125, 1.3837890625, 1.4228515625, 8.53125, 4.49609375, 8.46875, 3.93359375, 3.75390625, 9.2265625, 0.202392578125, 2.8515625, 1.78125, 9.453125, 3.6015625, 3.0, 7.73046875, 1.9921875, 2.423828125, 3.5859375, 1.927734375, 8.8984375, 4.0390625, 1.763671875, 5.91796875, 1.0400390625, 1.2685546875, 6.5859375, 2.388671875, 8.0390625, 2.162109375, 5.65625, 5.52734375, 0.111572265625, 7.3046875, 8.5625, 7.24609375, 1.0419921875, 0.7919921875, 6.4140625, 0.10552978515625, 8.5703125, 2.158203125, 0.359619140625, 0.1607666015625, 6.80078125, 3.36328125, 5.61328125, 2.38671875, 4.73046875, 8.796875, 1.056640625, 0.3271484375, 4.4609375, 0.93896484375, 8.375, 2.345703125, 0.98974609375, 5.01171875, 6.8203125, 1.103515625, 0.334228515625, 6.76171875, 9.015625, 2.072265625, 0.3974609375, 4.35546875, 0.88818359375, 12.3828125, 3.71875, 8.7890625, 1.2978515625, 3.7578125, 4.140625, 9.3671875, 2.291015625, 11.34375, 6.95703125, 7.29296875, 10.3359375, 9.625, 2.08984375, 1.36328125, 3.302734375, 9.4453125, 3.02734375, 5.44140625, 0.86279296875, 2.97265625, 4.6953125, 1.8212890625, 10.53125, 2.81640625, 8.8828125, 0.83935546875, 5.55078125, 5.1328125, 9.015625, 2.564453125, 2.36328125, 5.83203125, 1.9013671875, 1.1201171875, 0.7548828125, 2.109375, 2.802734375, 6.72265625, 0.80859375, 6.73828125, 1.2158203125, 4.859375, 2.62109375, 8.984375, 7.4765625, 5.55859375, 2.720703125, 0.0036067962646484375, 0.06219482421875, 0.0008563995361328125, 0.0025730133056640625, 0.0015649795532226562, 0.53564453125, 2.482421875, 0.305419921875, 10.46875, 4.6640625, 1.3193359375, 0.0073089599609375, 0.373046875, 0.131591796875, 2.15625, 0.02423095703125, 5.74609375, 0.154296875, 8.4296875, 1.9423828125, 0.0733642578125, 0.0079345703125, 0.19140625, 0.035888671875, 3.181640625, 0.0154266357421875, 10.0078125, 0.1627197265625, 0.08209228515625, 0.0034351348876953125, 2.181640625, 0.000789642333984375, 1.0615234375, 5.9921875, 0.21826171875, 2.90234375, 5.5625, 0.226806640625, 1.18359375, 2.013671875, 0.1212158203125, 0.11651611328125, 0.0026073455810546875, 5.578125, 0.88037109375, 2.041015625, 0.69482421875, 0.0002810955047607422, 0.08355712890625, 0.9853515625, 0.0007257461547851562, 3.453125, 1.5341796875, 3.00390625, 0.9365234375, 4.36328125, 0.81640625, 5.01171875, 0.007221221923828125, 0.016845703125, 0.51611328125, 0.052001953125, 5.26171875, 0.0135498046875, 1.3642578125, 0.001220703125, 0.0012197494506835938, 0.00601959228515625, 0.00022804737091064453, 1.03515625, 4.1640625, 5.6875, 1.470703125, 3.5703125, 0.004276275634765625, 0.0006127357482910156, 7.46875, 0.0908203125, 0.396728515625, 3.71484375, 1.2001953125, 4.9765625, 0.0716552734375, 3.1953125, 0.0008997917175292969, 5.35546875, 5.1796875, 0.0294952392578125, 3.8203125, 0.80859375, 6.0390625, 2.3203125, 0.11865234375, 0.44873046875, 0.2236328125, 1.2294921875, 0.857421875, 1.9638671875, 1.5517578125, 4.74609375, 1.62109375, 6.85546875, 0.9033203125, 2.171875, 1.88671875, 6.01171875, 2.076171875, 1.306640625, 7.43359375, 3.5625, 11.765625, 6.1328125, 0.256591796875, 0.66455078125, 3.4375, 3.447265625, 2.978515625, 7.44921875, 2.443359375, 3.361328125, 1.8359375, 1.9111328125, 4.40234375, 2.71875, 9.5703125, 0.509765625, 0.178466796875, 5.58984375, 1.240234375, 6.640625, 3.947265625, 4.953125, 1.470703125, 2.701171875, 2.416015625, 2.23828125, 0.12432861328125, 0.05255126953125, 10.6328125, 6.921875, 3.970703125, 3.224609375]",-1.2829672632678863
249,0,test,3.0955697087141183,1.2837901927174857,1.637780737784565,5.452107009491983,2.2610899340204367,2.884559767899842,22.099825414897683,15.97849466306617,17.80337597083512,38.92356638389637,28.142303663328256,31.356396417101497,3.754829285132825,1.523106574408661,2.1498988665722045,6.613235362553759,2.6825886062783173,3.786533589323117,42.72692506657195,33.41102420037602,37.74941181841839,75.25327793256591,58.84554262318478,66.48657667117833,3.413164151153437,1.4627508347149245,2.037821189342452,6.011473797752225,2.5762863800609708,3.5891355181662106,30.36115973243555,23.329566479288278,26.404726336609293,53.473934483704056,41.08946168198972,46.50562161087493,0.7386934673366834,-0.011306532663316604,-0.0063065326633166,0.5979899497487438,-0.0020100502512562235,-0.012010050251256232,0.4974874371859297,-0.007512562814070312,0.0024874371859296973,0.40512820512820513,0.09654945992974162,0.12653582976163624,0.37017994858611825,0.4321608040201005,0.10133373635092757,0.16504895093161964,0.4545454545454546,0.4247491638795987,0.1025454910916187,0.16890934185512707,0.4093959731543624,27.0,4.0,3.0,39.0,5.0,4.0,49.0,8.0,6.0,-0.00012472568169727964,-0.0012468550050841402,-3.817988512898571e-05,0.004527846284767989,0.003745173727606854,0.004143825872445106,"[3.056640625, 6.44140625, 0.034515380859375, 0.005214691162109375, 0.014007568359375, 0.62109375, 2.78125, 0.08026123046875, 9.8984375, 8.171875, 4.875, 3.36328125, 0.0093231201171875, 1.5107421875, 7.09765625, 6.84765625, 3.8671875, 6.5234375, 2.55078125, 2.203125, 1.3662109375, 9.6328125, 0.23583984375, 0.86962890625, 0.8173828125, 3.806640625, 0.06146240234375, 9.7734375, 0.9794921875, 3.50390625, 4.01953125, 7.22265625, 2.970703125, 4.2578125, 0.07501220703125, 0.451171875, 0.0006885528564453125, 0.6318359375, 6.90625, 3.06640625, 2.111328125, 7.51171875, 5.96875, 4.1171875, 8.3984375, 3.662109375, 1.6552734375, 10.375, 5.46484375, 5.1484375, 7.45703125, 6.04296875, 3.478515625, 6.6015625, 9.9453125, 6.4453125, 10.1953125, 1.189453125, 1.041015625, 1.5693359375, 0.0014200210571289062, 0.00037479400634765625, 0.0018024444580078125, 2.5033950805664062e-05, 0.55322265625, 0.160888671875, 0.004016876220703125, 0.00028705596923828125, 0.00010466575622558594, 7.14453125, 2.63671875, 1.6650390625, 0.190673828125, 0.07183837890625, 2.01171875, 1.490234375, 9.4296875, 6.10546875, 2.91015625, 1.0810546875, 8.1015625, 3.90625, 10.890625, 1.8251953125, 5.265625, 2.103515625, 6.76171875, 4.171875, 3.556640625, 3.564453125, 0.95849609375, 6.15625, 8.2265625, 1.0302734375, 4.83203125, 1.9482421875, 5.81640625, 1.224609375, 9.0625, 2.716796875, 4.7421875, 0.10986328125, 6.69921875, 10.1875, 6.35546875, 0.9619140625, 1.708984375, 1.20703125, 4.65625, 10.5390625, 2.669921875, 1.521484375, 5.9375, 0.9111328125, 4.34375, 0.463134765625, 0.2188720703125, 3.615234375, 4.97265625, 2.763671875, 1.3427734375, 6.51953125, 0.12890625, 0.779296875, 9.4765625, 0.1932373046875, 0.07037353515625, 8.2109375, 1.580078125, 1.177734375, 3.81640625, 8.84375, 1.044921875, 1.2958984375, 2.47265625, 1.6123046875, 9.2578125, 0.2060546875, 0.00424957275390625, 1.7978515625, 5.19921875, 0.0020046234130859375, 0.002773284912109375, 1.7158203125, 4.0078125, 0.045806884765625, 5.796875, 3.1875, 7.7421875, 10.8203125, 4.65625, 5.7265625, 0.93896484375, 2.05078125, 2.583984375, 4.23828125, 3.3671875, 4.41796875, 1.380859375, 3.982421875, 7.921875, 1.46484375, 7.2109375, 3.982421875, 10.3984375, 1.9912109375, 10.5859375, 2.064453125, 2.865234375, 0.01442718505859375, 1.34765625, 5.02734375, 12.0859375, 0.02276611328125, 11.2578125, 4.24609375, 2.3984375, 0.489501953125, 8.2265625, 6.9296875, 7.6953125, 5.69140625, 2.5625, 6.5078125, 0.86376953125, 4.5390625, 4.44140625, 6.53515625, 0.60400390625, 0.9052734375, 3.294921875, 1.369140625, 0.77587890625, 1.384765625, 8.25, 3.095703125, 0.11004638671875, 6.0625, 7.84375, 8.109375, 0.006305694580078125, 0.004486083984375, 4.6484375, 2.234375, 2.7890625, 4.69921875, 1.794921875, 6.515625, 0.33203125, 0.495849609375, 4.3828125, 0.0352783203125, 0.6904296875, 6.16796875, 4.0703125, 2.306640625, 2.798828125, 3.736328125, 9.546875, 3.330078125, 1.703125, 0.0015468597412109375, 6.98046875, 2.06640625, 1.6162109375, 8.153915405273438e-05, 2.107421875, 12.640625, 5.09765625, 2.3125, 0.00020182132720947266, 1.83203125, 8.328125, 0.7578125, 0.1729736328125, 0.188720703125, 6.03515625, 0.115234375, 0.060394287109375, 5.17578125, 6.42578125, 15.03125, 1.193359375, 1.08203125, 3.611328125, 0.06573486328125, 0.8505859375, 8.828125, 0.14599609375, 5.8046875, 5.34375, 7.6640625, 2.419921875, 7.3203125, 4.015625, 2.8671875, 2.24609375, 0.486572265625, 2.31640625, 4.35546875, 2.4375, 1.3369140625, 1.076171875, 1.6513671875, 0.87548828125, 0.0298614501953125, 1.2041015625, 2.447265625, 4.765625, 0.79833984375, 0.53662109375, 0.10699462890625, 0.92626953125, 2.00390625, 0.271484375, 0.035491943359375, 0.8701171875, 1.4658203125, 0.426513671875, 0.10003662109375, 2.056640625, 3.435546875, 2.587890625, 0.9150390625, 6.17578125, 0.08782958984375, 3.59375, 3.970703125, 3.263671875, 0.0304107666015625, 0.7421875, 0.0213165283203125, 1.6943359375, 3.01171875, 0.447265625, 3.4453125, 1.0908203125, 0.050750732421875, 2.658203125, 2.474609375, 1.1494140625, 2.796875, 3.94921875, 0.603515625, 0.454345703125, 0.02459716796875, 0.95947265625, 3.01953125, 1.8603515625, 6.15625, 4.51171875, 4.1328125, 5.921875, 2.52734375, 1.625, 0.209228515625, 0.050567626953125, 4.08203125, 3.919921875, 0.47021484375, 1.41796875, 4.4453125, 3.94921875, 3.259765625, 2.515625, 0.583984375, 1.6748046875, 3.140625, 0.295654296875, 1.185546875, 1.375, 2.72265625, 3.046875, 0.291748046875, 3.611328125, 1.6875, 0.263427734375, 0.0253448486328125, 0.1629638671875, 2.537109375, 0.2900390625, 4.03125, 1.9189453125, 5.984375, 1.1708984375, 1.357421875, 0.05206298828125, 4.47265625, 1.21484375, 3.564453125, 4.23828125, 0.148681640625, 0.05279541015625, 0.01258087158203125, 5.9375, 0.1583251953125, 3.048828125, 1.3671875, 3.560546875, 1.32421875, 0.311767578125, 3.240234375, 5.52734375, 0.17529296875, 1.615234375, 4.23046875, 0.49462890625, 0.923828125, 0.4892578125, 2.359375, 0.3603515625, 2.01953125, 0.0850830078125, 0.310546875, 3.62890625, 3.1171875, 0.87060546875, 7.37890625, 0.0290985107421875, 0.1573486328125, 5.734375, 0.1773681640625, 1.7236328125, 1.8701171875, 1.359375, 5.265625, 1.18359375, 2.412109375, 0.348388671875, 0.364990234375]",-1.1664613696245048
187,0,test,3.3367293171939396,1.5082780284378623,2.0825860016992888,5.67918070653716,2.5671196746644425,3.5446034473366685,28.12698166363551,21.902742023321203,24.622147113227076,47.872691013359436,37.27890940332952,41.90739180382589,3.7981242654311598,1.6887401377043298,2.3741825829356222,6.464484229546974,2.8742698303351473,4.040906719440933,44.61741552501436,36.374252539544976,40.463955688340505,75.93974258550423,61.909712655690186,68.8704700352058,3.4587082177101567,1.5874719787767908,2.1889555056248273,5.886791259435974,2.7019093780190833,3.7256464918968017,31.77590244298057,25.279579999041577,28.215930327563214,54.08322789537603,43.02635585695461,48.024083436307095,0.7537688442211055,0.0037688442211054607,-0.011231155778894553,0.6331658291457287,0.00816582914572872,0.0031658291457287158,0.5527638190954773,0.0027638190954772934,0.012763819095477302,0.45238095238095233,0.15371824807188839,0.21475719000471472,0.3880597014925373,0.46733668341708545,0.1490409440687145,0.2235971174738467,0.4242424242424242,0.4548494983277592,0.1526792145214153,0.22570600555801512,0.3959731543624161,26.0,9.0,11.0,40.0,8.0,10.0,48.0,11.0,11.0,-0.0009280383083123557,-0.0003788287963841618,-0.0006742092998091609,0.00382947427965874,0.00630677837719773,0.0073295325484021845,"[3.056640625, 9.4453125, 2.4296875, 1.0791015625, 7.80078125, 3.9609375, 5.83203125, 6.46875, 8.5234375, 4.03515625, 8.0234375, 5.7265625, 0.63671875, 1.0439453125, 4.38671875, 0.66357421875, 8.2890625, 0.241455078125, 1.169921875, 7.01171875, 3.06640625, 5.65234375, 0.50830078125, 1.091796875, 1.990234375, 3.48046875, 9.9921875, 1.716796875, 5.90234375, 4.04296875, 1.8740234375, 3.49609375, 8.328125, 0.88818359375, 7.4921875, 6.26171875, 6.0234375, 8.265625, 2.87890625, 7.3828125, 7.93359375, 0.509765625, 4.35546875, 0.97900390625, 7.46484375, 3.509765625, 1.630859375, 1.3037109375, 3.578125, 5.32421875, 6.67578125, 2.50390625, 7.6640625, 6.453125, 4.53515625, 0.051971435546875, 4.125, 0.7578125, 6.140625, 3.361328125, 4.6953125, 0.1033935546875, 1.83203125, 3.029296875, 0.262451171875, 4.76953125, 4.73046875, 2.814453125, 0.07086181640625, 0.529296875, 5.69921875, 7.19140625, 3.189453125, 6.03515625, 2.927734375, 2.28515625, 5.5078125, 2.982421875, 2.55859375, 1.0693359375, 9.1171875, 0.53759765625, 6.70703125, 4.1171875, 5.046875, 0.57958984375, 3.32421875, 10.21875, 6.05078125, 1.443359375, 5.48046875, 1.3251953125, 0.513671875, 0.410888671875, 3.44140625, 0.77734375, 1.37890625, 0.9521484375, 0.9033203125, 2.751953125, 5.53125, 3.689453125, 11.8984375, 2.78515625, 3.740234375, 0.262939453125, 1.3984375, 7.44921875, 1.0390625, 3.458984375, 7.28515625, 0.18408203125, 4.07421875, 0.341552734375, 5.06640625, 7.4453125, 0.73779296875, 5.17578125, 0.046966552734375, 8.53125, 6.76953125, 6.2421875, 8.0, 1.0224609375, 1.8388671875, 8.7578125, 4.609375, 2.29296875, 7.796875, 0.08050537109375, 5.0390625, 5.55078125, 0.86181640625, 11.546875, 5.17578125, 2.001953125, 7.75390625, 1.408203125, 1.3857421875, 0.049224853515625, 4.6875, 3.892578125, 5.21484375, 0.705078125, 0.0183258056640625, 3.208984375, 0.18994140625, 7.4296875, 5.421875, 1.697265625, 10.328125, 1.4462890625, 5.328125, 0.06646728515625, 0.2200927734375, 0.08160400390625, 0.389404296875, 2.564453125, 6.87109375, 6.08203125, 1.6103515625, 11.4375, 4.5078125, 0.8916015625, 3.880859375, 4.81640625, 0.54833984375, 0.35888671875, 0.1881103515625, 3.87109375, 0.0865478515625, 0.155517578125, 0.04119873046875, 0.90283203125, 4.34375, 0.1422119140625, 7.28515625, 0.057891845703125, 3.6796875, 3.04296875, 8.734375, 5.14453125, 1.3193359375, 4.890625, 3.783203125, 5.26953125, 0.8916015625, 9.640625, 8.171875, 4.3515625, 0.395263671875, 7.33203125, 0.96826171875, 0.8369140625, 10.5390625, 0.256591796875, 0.014923095703125, 2.0703125, 9.484375, 3.58203125, 4.12890625, 3.37109375, 6.16796875, 3.29296875, 4.546875, 2.31640625, 0.483154296875, 0.2366943359375, 0.392822265625, 5.71875, 0.86181640625, 9.1484375, 6.3046875, 5.73828125, 0.0947265625, 0.77099609375, 7.33984375, 0.55810546875, 0.232666015625, 5.59375, 5.9140625, 0.10009765625, 10.9296875, 3.5234375, 5.15234375, 4.53515625, 1.3203125, 2.517578125, 2.857421875, 1.1181640625, 4.23828125, 0.299560546875, 0.358642578125, 3.41796875, 0.1719970703125, 14.65625, 5.00390625, 1.4384765625, 0.046539306640625, 2.666015625, 4.1015625, 7.1484375, 5.1875, 3.8828125, 1.2255859375, 2.958984375, 0.0073699951171875, 0.13720703125, 0.00102996826171875, 0.01433563232421875, 0.009979248046875, 0.7490234375, 3.326171875, 0.22998046875, 3.986328125, 5.25390625, 0.2083740234375, 4.73046875, 1.0712890625, 0.2548828125, 0.74609375, 5.3046875, 0.159912109375, 6.83984375, 3.037109375, 7.48046875, 0.12158203125, 0.05877685546875, 2.181640625, 0.051483154296875, 4.34765625, 2.443359375, 0.0089111328125, 8.1953125, 8.6484375, 0.21142578125, 5.09375, 1.361328125, 0.298583984375, 0.1468505859375, 0.001377105712890625, 2.2890625, 0.00962066650390625, 12.1015625, 2.82421875, 3.072265625, 0.04925537109375, 0.01739501953125, 0.00033926963806152344, 0.79541015625, 5.43359375, 0.91943359375, 4.37890625, 1.5732421875, 3.859375, 1.8818359375, 0.0026378631591796875, 0.384765625, 0.159912109375, 0.094482421875, 0.032012939453125, 0.01552581787109375, 0.035125732421875, 1.005859375, 0.0090789794921875, 0.165283203125, 3.423828125, 6.37109375, 0.09130859375, 5.4375, 3.85546875, 0.0007152557373046875, 0.00804901123046875, 0.004138946533203125, 8.356571197509766e-05, 0.6259765625, 0.350341796875, 0.002010345458984375, 0.0003383159637451172, 0.00023663043975830078, 5.8203125, 12.4375, 0.89599609375, 4.69140625, 0.08258056640625, 14.2109375, 8.234375, 0.3701171875, 3.294921875, 3.45703125, 4.62109375, 0.63720703125, 0.2012939453125, 0.0948486328125, 0.241943359375, 1.705078125]",-1.1569869227352596
373,0,test,2.601999394763321,1.065745435774978,1.4710191333839362,5.522610960313988,2.26199031266526,3.122163058610804,13.490684291448963,8.843535079062528,10.391991750999914,28.633289108381472,18.769952004540876,22.056472287836552,2.948227103631101,1.1458681339211743,1.6602190016376104,6.257461607706827,2.4320466515877985,3.5237301259247245,19.072110861055148,13.00817561592259,15.446553243556805,40.47958223570888,27.609189062366312,32.784521169998115,2.65642732601102,1.105090275534882,1.5437834516166697,5.63813146745196,2.3454977276658715,3.276601611594564,14.245304248830127,9.527530379553895,11.202912777388134,30.23493146690476,20.22169713211439,23.777610792823797,0.6633165829145728,0.018316582914572832,0.008316582914572823,0.4824120603015075,-0.0025879396984924696,-0.0025879396984924696,0.42211055276381915,-0.0028894472361808976,0.007110552763819111,0.40192926045016075,0.11300470186268086,0.16128754922021427,0.36451612903225805,0.42713567839195976,0.13139633002103246,0.183396112448721,0.4040404040404041,0.4180602006688964,0.12757606043517355,0.17890558442862936,0.3791946308724832,17.0,2.0,1.0,26.0,2.0,1.0,37.0,2.0,3.0,-0.0010438860042063678,-0.00015918406883492193,-0.00015887824195567264,0.004215881086828688,0.005187329638483895,0.004896415574719093,"[3.056640625, 9.4453125, 2.4296875, 1.0791015625, 0.80224609375, 7.9921875, 4.4453125, 0.49658203125, 11.3125, 1.080078125, 2.35546875, 5.23046875, 1.26953125, 11.1640625, 0.1317138671875, 6.78125, 3.30078125, 1.89453125, 0.021331787109375, 6.15625, 0.51953125, 5.8984375, 4.96484375, 0.33203125, 1.2412109375, 4.4765625, 9.2578125, 1.234375, 0.0011806488037109375, 6.7890625, 1.75390625, 6.26171875, 5.24609375, 4.49609375, 0.04974365234375, 0.0155487060546875, 5.28125, 4.52734375, 1.1806640625, 2.72265625, 1.486328125, 3.3125, 0.056610107421875, 8.09375, 0.58837890625, 0.303466796875, 5.125, 2.1328125, 0.1427001953125, 3.958984375, 1.76953125, 0.035247802734375, 4.72265625, 1.0595703125, 8.359375, 0.10302734375, 4.609375, 4.8984375, 0.0196990966796875, 1.1416015625, 5.76171875, 1.1591796875, 6.62109375, 1.0888671875, 2.9140625, 2.83984375, 1.7041015625, 0.383544921875, 4.96484375, 0.349365234375, 3.916015625, 0.309326171875, 0.0299530029296875, 0.54296875, 2.9453125, 1.0302734375, 5.05078125, 0.1497802734375, 0.0010471343994140625, 0.0015344619750976562, 0.0770263671875, 2.82421875, 1.1728515625, 6.3359375, 9.0625, 0.5361328125, 0.00203704833984375, 0.00734710693359375, 5.9375, 0.64599609375, 0.135498046875, 5.5625, 4.7109375, 0.0185089111328125, 2.392578125, 2.26953125, 3.6328125, 0.300048828125, 8.4765625, 0.099853515625, 0.99072265625, 5.5390625, 0.66845703125, 3.228515625, 0.55419921875, 3.47265625, 5.66796875, 1.9658203125, 0.37548828125, 4.55859375, 0.18505859375, 0.04803466796875, 8.46875, 0.84033203125, 1.0625, 1.3828125, 0.431640625, 0.537109375, 4.75, 0.0289764404296875, 0.00598907470703125, 0.001796722412109375, 6.44921875, 1.2021484375, 0.2666015625, 2.998046875, 0.0131072998046875, 1.951171875, 0.0877685546875, 7.4765625, 7.7578125, 1.845703125, 8.5859375, 0.231201171875, 0.125732421875, 3.537109375, 0.1885986328125, 0.031219482421875, 2.12890625, 3.353515625, 8.515625, 0.01556396484375, 9.7734375, 2.455078125, 3.33203125, 2.517578125, 1.3408203125, 1.2421875, 3.986328125, 4.5234375, 1.267578125, 0.494140625, 0.481689453125, 0.689453125, 1.833984375, 6.1171875, 0.2030029296875, 6.93359375, 1.0732421875, 5.0234375, 0.1654052734375, 3.564453125, 7.50390625, 0.01209259033203125, 2.107421875, 6.34765625, 6.62109375, 0.51171875, 6.4453125, 0.80322265625, 3.6875, 0.51513671875, 14.109375, 1.1513671875, 4.01953125, 4.45703125, 6.0703125, 0.5205078125, 6.56640625, 2.6640625, 0.154052734375, 5.21484375, 1.6494140625, 7.36328125, 0.281494140625, 1.611328125, 6.28515625, 3.603515625, 0.0966796875, 1.919921875, 9.765625, 1.5537109375, 0.7490234375, 4.6171875, 0.172119140625, 0.01336669921875, 1.880859375, 3.306640625, 5.75, 4.27734375, 2.42578125, 2.552734375, 2.13671875, 0.41064453125, 5.875, 0.067626953125, 1.619140625, 7.9296875, 0.0264739990234375, 0.025299072265625, 2.67578125, 0.360595703125, 0.2265625, 0.67333984375, 5.80859375, 0.0139617919921875, 3.634765625, 2.93359375, 0.61279296875, 1.501953125, 0.09490966796875, 0.00815582275390625, 1.4013671875, 1.2138671875, 9.953125, 0.273193359375, 2.42578125, 3.54296875, 0.521484375, 2.318359375, 0.479736328125, 0.266357421875, 4.4609375, 5.03515625, 0.004764556884765625, 0.65283203125, 0.386962890625, 3.302734375, 1.0849609375, 0.966796875, 4.171875, 5.51953125, 5.08203125, 0.0006427764892578125, 0.32275390625, 0.0005040168762207031, 0.0027713775634765625, 0.0023441314697265625, 0.6201171875, 3.896484375, 0.286376953125, 7.83984375, 4.375, 1.9990234375, 0.033843994140625, 0.184814453125, 0.252197265625, 2.814453125, 0.01995849609375, 9.84375, 6.09765625, 0.28125, 0.0029201507568359375, 0.1943359375, 0.07196044921875, 3.69140625, 0.0228118896484375, 3.888671875, 0.91162109375, 8.09375, 3.53125, 2.673828125, 0.09429931640625, 0.0019063949584960938, 0.39599609375, 0.048614501953125, 2.66015625, 0.01107025146484375, 3.74609375, 0.313720703125, 3.6875, 3.41796875, 3.27734375, 0.3330078125, 0.058258056640625, 0.0007605552673339844, 2.451171875, 0.002490997314453125, 0.01100921630859375, 0.0037689208984375, 0.0321044921875, 4.5546875, 7.92578125, 4.99609375, 7.55078125, 0.126708984375, 0.0011262893676757812, 0.00293731689453125, 0.000606536865234375, 0.44970703125, 0.00016546249389648438, 0.429931640625, 7.625, 1.849609375, 0.42919921875, 4.8046875, 0.081787109375, 0.0026874542236328125, 0.001918792724609375, 3.6640625, 0.04034423828125]",-1.3971022440306244
444,0,test,3.622383022998307,1.5964658385114894,2.2046866835644634,6.109100017164712,2.692418062786944,3.718174298768176,37.42665020540184,29.843587381745714,33.29904931724781,63.11953980586689,50.330806827592774,56.15839668638549,3.519227840193552,1.4245726048839034,2.008922806094234,5.93513019535345,2.402522447155556,3.388021164872438,33.758351555171984,25.63571146724902,29.23023974298897,56.933003703857615,43.23428096098213,49.29640432331113,3.58548926589481,1.538317196942291,2.1494605729364578,6.04687919437395,2.5943511645729456,3.6250362094928374,36.07100171313482,28.32503666409273,31.867034336285144,60.833256943232776,47.769791563226654,53.74332277254576,0.7085427135678393,-0.011457286432160707,-0.0014572864321606982,0.5778894472361809,0.0028894472361808976,-0.002110552763819218,0.5125628140703518,0.007562814070351753,-0.0024371859296482556,0.41800643086816724,0.10660996216832774,0.16560001375586775,0.4419354838709677,0.44723618090452266,0.11640911323534975,0.17511598057063282,0.4444444444444444,0.4147157190635451,0.09418149535736808,0.15331416177767188,0.4261744966442953,23.0,5.0,2.0,34.0,1.0,1.0,46.0,7.0,5.0,0.000354212652782961,0.00015352688567747577,9.098560697514899e-05,-0.00045964795473452114,-5.716352994689089e-05,8.236045698506445e-05,"[3.056640625, 6.44140625, 0.033599853515625, 0.005107879638671875, 0.012451171875, 5.640625, 6.2734375, 12.4765625, 3.4921875, 6.5703125, 0.80517578125, 0.1527099609375, 3.990234375, 7.02734375, 6.171875, 0.375732421875, 8.1640625, 2.771484375, 0.45068359375, 0.0007596015930175781, 0.7470703125, 0.68115234375, 4.66796875, 1.3369140625, 5.625, 0.07373046875, 7.4375, 3.77734375, 6.453125, 0.64501953125, 0.031402587890625, 0.0007939338684082031, 0.74609375, 0.0006551742553710938, 13.421875, 3.24609375, 3.515625, 10.296875, 5.24609375, 6.078125, 11.5, 4.2421875, 0.030181884765625, 0.83154296875, 0.00026535987854003906, 0.0011920928955078125, 0.00018644332885742188, 3.486328125, 6.79296875, 5.2578125, 0.20703125, 7.98828125, 3.025390625, 0.493408203125, 3.591796875, 0.11260986328125, 2.576171875, 7.3046875, 8.8515625, 1.078125, 0.41259765625, 1.4951171875, 3.931640625, 7.77734375, 6.125, 0.349609375, 5.09375, 0.2318115234375, 3.921875, 10.296875, 0.25341796875, 0.34130859375, 6.671875, 4.29296875, 0.82373046875, 2.556640625, 7.59375, 0.03338623046875, 0.359619140625, 3.54296875, 2.0546875, 0.9765625, 0.060791015625, 1.095703125, 3.025390625, 10.5390625, 1.8701171875, 3.5078125, 2.96875, 7.52734375, 0.05194091796875, 2.556640625, 1.8369140625, 1.958984375, 1.8017578125, 4.640625, 0.99169921875, 0.397216796875, 0.1004638671875, 0.07550048828125, 8.328125, 1.0234375, 7.75390625, 0.98583984375, 4.16015625, 7.0, 1.328125, 1.197265625, 0.89990234375, 3.150390625, 4.91015625, 7.54296875, 3.357421875, 1.3896484375, 0.01035308837890625, 5.0703125, 8.9609375, 7.87109375, 2.091796875, 1.1181640625, 2.81640625, 1.978515625, 3.271484375, 1.8046875, 1.744140625, 0.99072265625, 6.7265625, 7.1953125, 1.5400390625, 3.2421875, 9.109375, 0.38818359375, 5.34375, 6.26953125, 3.01171875, 0.09375, 1.4169921875, 6.1484375, 5.0703125, 11.3046875, 9.1953125, 0.322509765625, 2.458984375, 7.328125, 9.2734375, 3.873046875, 4.45703125, 3.541015625, 4.91796875, 6.0, 5.703125, 4.578125, 6.75, 1.517578125, 6.27734375, 0.30126953125, 1.080078125, 0.5537109375, 3.91015625, 3.5859375, 7.6640625, 7.47265625, 5.45703125, 0.52734375, 5.44140625, 0.061614990234375, 7.10546875, 2.095703125, 8.7890625, 5.4453125, 1.7275390625, 0.221923828125, 4.31640625, 6.0, 3.875, 2.828125, 0.546875, 0.1048583984375, 5.015625, 6.60546875, 3.943359375, 7.6328125, 8.0, 0.70654296875, 0.23974609375, 3.06640625, 1.060546875, 3.869140625, 3.763671875, 1.3505859375, 0.0849609375, 0.8818359375, 1.4921875, 1.0888671875, 3.189453125, 1.6416015625, 2.1328125, 2.599609375, 0.28369140625, 9.65625, 9.140625, 13.6953125, 0.1136474609375, 4.34375, 8.546875, 0.475341796875, 7.91015625, 0.0137176513671875, 0.64013671875, 2.390625, 1.349609375, 3.236328125, 3.205078125, 2.544921875, 1.896484375, 7.23828125, 6.9453125, 2.513671875, 2.818359375, 8.03125, 1.3359375, 3.421875, 3.744140625, 2.962890625, 1.2041015625, 3.47265625, 1.6865234375, 0.0025348663330078125, 0.060546875, 4.46875, 6.359375, 7.09765625, 0.06744384765625, 8.0234375, 1.890625, 0.50537109375, 8.4375, 4.06640625, 6.1328125, 0.0027408599853515625, 1.369140625, 1.20703125, 3.267578125, 2.98046875, 1.4609375, 0.08544921875, 1.6484375, 7.3046875, 0.919921875, 0.96044921875, 5.5, 6.54296875, 5.6953125, 3.21484375, 0.9873046875, 3.583984375, 2.724609375, 5.484375, 2.513671875, 2.052734375, 3.25, 10.109375, 8.671875, 0.85693359375, 1.1845703125, 2.59375, 3.03125, 5.5078125, 1.6494140625, 0.533203125, 2.791015625, 3.552734375, 1.5068359375, 7.046875, 6.578125, 1.408203125, 7.9453125, 0.17822265625, 0.64404296875, 1.6083984375, 7.27734375, 7.0859375, 8.03125, 6.198883056640625e-05, 9.3515625, 9.4921875, 4.9453125, 5.93359375, 4.390625, 1.7431640625, 3.230571746826172e-05, 5.6015625, 1.037109375, 0.1090087890625, 0.310302734375, 6.30078125, 0.9287109375, 0.0002579689025878906, 9.0546875, 3.830078125, 7.9921875, 1.71484375, 8.1484375, 6.15234375, 6.03125, 0.75634765625, 0.1868896484375, 7.46875, 0.53076171875, 4.32421875, 5.00390625]",-0.9514609329953454
237,0,test,3.5308461696543594,1.6338378396552289,2.2446082342417544,5.775892867122449,2.672694269493814,3.6718157820255293,34.152854500515794,27.4869321582063,30.533709046975478,55.868542333213696,44.9641722587999,49.9482061288674,3.560641638597651,1.5903543828228879,2.2163376047673617,5.824633431925637,2.601562371901024,3.6255696077986324,35.18576644950583,28.013029847053307,31.350250227557673,57.558219105260974,45.82478292899471,51.28393534334579,3.5308461696543594,1.6338378396552289,2.2446082342417544,5.775892867122449,2.672694269493814,3.6718157820255293,34.152854500515794,27.4869321582063,30.533709046975478,55.868542333213696,44.9641722587999,49.9482061288674,0.7386934673366834,-0.011306532663316604,-0.0013065326633165952,0.6231155778894473,0.003115577889447274,-0.0018844221105527303,0.4974874371859297,0.0024874371859296973,-0.012512562814070316,0.45744680851063835,0.13709282620975338,0.2133430349257327,0.45195729537366547,0.4522613065326633,0.1289530358559715,0.20518284242581852,0.4444444444444444,0.45744680851063835,0.13709282620975338,0.2133430349257327,0.45195729537366547,25.0,11.0,11.0,33.0,4.0,6.0,46.0,13.0,12.0,-0.000486473636480384,-0.00015704743866052495,-2.869122314160167e-05,0.00026647385093347964,-0.00016949575638847136,-1.9271695109068787e-05,"[3.0625, 9.453125, 2.48046875, 1.494140625, 0.81689453125, 2.970703125, 3.974609375, 0.5380859375, 3.94140625, 0.478515625, 3.9609375, 8.0, 1.501953125, 0.7900390625, 7.625, 2.59765625, 2.935546875, 4.16015625, 0.57470703125, 6.4921875, 6.03515625, 1.02734375, 12.96875, 0.124267578125, 2.46875, 4.48828125, 0.08331298828125, 0.10888671875, 1.3369140625, 2.68359375, 2.13671875, 2.734375, 0.084228515625, 5.48046875, 3.673828125, 3.185546875, 0.6689453125, 8.3671875, 8.0703125, 6.52734375, 8.109375, 1.1982421875, 6.93359375, 0.5673828125, 3.58203125, 8.3984375, 8.53125, 0.50439453125, 8.21875, 2.21484375, 6.5390625, 5.0, 4.6875, 1.6435546875, 6.66015625, 0.2005615234375, 4.3046875, 0.26953125, 10.296875, 6.52734375, 0.9130859375, 10.0390625, 0.052734375, 8.3359375, 2.814453125, 0.365966796875, 5.203125, 0.8896484375, 1.529296875, 3.060546875, 6.86328125, 1.6142578125, 5.234375, 2.552734375, 6.7734375, 6.6171875, 8.7265625, 1.8251953125, 1.291015625, 2.796875, 5.671875, 0.04254150390625, 1.26953125, 7.0078125, 3.251953125, 0.83251953125, 4.62890625, 4.4921875, 7.35546875, 5.92578125, 5.4140625, 0.64697265625, 7.0390625, 8.390625, 2.853515625, 0.67626953125, 0.0042724609375, 0.0273590087890625, 0.0654296875, 4.6015625, 0.67529296875, 1.205078125, 2.111328125, 2.44921875, 0.50341796875, 4.5625, 1.6123046875, 3.775390625, 3.671875, 0.52978515625, 0.416748046875, 2.033203125, 9.234375, 0.11376953125, 5.35546875, 3.892578125, 4.14453125, 7.50390625, 1.1708984375, 3.900390625, 0.9951171875, 8.25, 2.150390625, 0.85693359375, 0.6357421875, 9.2109375, 6.55859375, 1.0908203125, 0.7275390625, 0.3994140625, 6.875, 3.78125, 3.005859375, 10.0625, 0.03302001953125, 5.13671875, 2.123046875, 2.06640625, 1.744140625, 0.99658203125, 2.115234375, 0.060394287109375, 3.21484375, 6.09765625, 4.79296875, 5.5859375, 3.982421875, 11.234375, 1.4453125, 1.9072265625, 2.091796875, 0.6484375, 9.3203125, 0.0211181640625, 3.923828125, 1.3916015625, 3.095703125, 0.1328125, 8.34375, 3.61328125, 4.859375, 5.5390625, 5.5859375, 2.052734375, 4.69921875, 3.134765625, 2.1015625, 3.841796875, 3.451171875, 0.302490234375, 8.0859375, 6.55078125, 0.438232421875, 5.69140625, 0.1187744140625, 1.302734375, 6.10546875, 2.458984375, 4.046875, 0.0180511474609375, 1.462890625, 0.61767578125, 7.57421875, 0.7587890625, 0.10345458984375, 0.004817962646484375, 0.017608642578125, 0.008819580078125, 3.498046875, 7.2109375, 10.015625, 1.7138671875, 1.177734375, 1.6455078125, 3.69140625, 4.43359375, 5.33984375, 1.8916015625, 3.52734375, 2.1171875, 5.3046875, 6.60546875, 3.61328125, 3.78125, 2.650390625, 3.279296875, 3.3515625, 2.208984375, 3.98046875, 4.37109375, 7.53125, 7.1328125, 4.0, 5.94921875, 7.89453125, 1.0234375, 1.310546875, 4.80859375, 0.07415771484375, 6.8359375, 1.9697265625, 2.76171875, 4.23828125, 0.25439453125, 3.3671875, 0.02490234375, 3.78515625, 6.7578125, 1.6396484375, 0.11199951171875, 2.658203125, 0.064697265625, 8.390625, 4.36328125, 0.327392578125, 4.04296875, 0.034759521484375, 4.51953125, 5.30859375, 3.3359375, 1.037109375, 0.755859375, 0.26513671875, 1.72265625, 1.9384765625, 0.0231475830078125, 3.849609375, 0.81640625, 5.5703125, 8.6640625, 1.4873046875, 6.62890625, 0.1256103515625, 0.242431640625, 0.4208984375, 7.359375, 4.51171875, 6.24609375, 0.83642578125, 4.42578125, 5.34765625, 1.4296875, 4.37109375, 1.33203125, 4.7421875, 3.6953125, 10.5234375, 1.0380859375, 5.9296875, 0.0723876953125, 1.923828125, 5.328125, 0.40234375, 3.31640625, 10.015625, 3.611328125, 3.14453125, 7.80078125, 3.595703125, 0.701171875, 8.1875, 0.63427734375]",-0.8899540393910508
351,0,test,3.4614543571616663,1.510656507504712,2.095441325999664,6.034772398998958,2.6337103584786097,3.6532365223020453,31.863283427557374,24.828985773292988,27.94359161619216,55.551119133570424,43.28737651264896,48.7174459098087,3.8295077414967906,1.7371914764025402,2.3870261685782093,6.6764444177411155,3.0286561924123236,4.161591675481747,46.03986913807471,37.9362054621053,41.808686349931065,80.26687711572235,66.13877925959147,72.89014396534036,3.4614543571616663,1.510656507504712,2.095441325999664,6.034772398998958,2.6337103584786097,3.6532365223020453,31.863283427557374,24.828985773292988,27.94359161619216,55.551119133570424,43.28737651264896,48.7174459098087,0.7537688442211055,-0.0012311557788945438,-0.0012311557788945438,0.6582914572864322,-0.0067085427135678,-0.0017085427135676845,0.507537688442211,-0.012462311557788985,-0.007462311557788981,0.4053030303030303,0.10095520421607374,0.16474887413174566,0.376425855513308,0.4321608040201005,0.09882747068676712,0.18007399266784674,0.4292929292929293,0.4053030303030303,0.10095520421607374,0.16474887413174566,0.376425855513308,24.0,6.0,6.0,36.0,7.0,9.0,45.0,8.0,10.0,-0.0007878499146051198,-0.0008515540048093977,-0.0002270082543043206,0.000141735257445319,0.00018927773293242467,-8.23537205478786e-05,"[3.0625, 9.453125, 2.48046875, 1.494140625, 0.81689453125, 3.970703125, 0.59521484375, 3.390625, 0.0122222900390625, 10.5703125, 5.828125, 3.10546875, 2.306640625, 1.359375, 6.59765625, 3.365234375, 7.890625, 8.2578125, 2.814453125, 0.35009765625, 7.11328125, 4.62109375, 1.2431640625, 1.701171875, 1.43359375, 7.6796875, 2.259765625, 9.9375, 0.5654296875, 1.216796875, 3.169921875, 12.1953125, 0.0849609375, 11.34375, 2.345703125, 0.88037109375, 4.6015625, 8.3359375, 0.85546875, 0.86962890625, 6.50390625, 4.00390625, 0.494140625, 11.4765625, 3.056640625, 3.830078125, 5.9296875, 3.853515625, 0.0031795501708984375, 0.01084136962890625, 0.1468505859375, 11.421875, 1.9306640625, 2.04296875, 6.2265625, 3.166015625, 0.54052734375, 4.984375, 7.83984375, 1.3369140625, 2.201171875, 4.42578125, 7.0859375, 1.7373046875, 4.890625, 5.41015625, 2.283203125, 8.6484375, 1.9990234375, 1.34765625, 1.2646484375, 4.80859375, 0.20458984375, 2.044921875, 7.734375, 0.9345703125, 5.08203125, 6.14453125, 2.9453125, 4.734375, 2.115234375, 2.12109375, 4.27734375, 3.58203125, 3.423828125, 6.125, 0.1790771484375, 6.5234375, 6.80078125, 2.15234375, 3.763671875, 5.953125, 9.171875, 2.2109375, 1.8203125, 6.12109375, 4.609375, 6.65234375, 2.677734375, 9.5625, 0.56494140625, 5.07421875, 0.61865234375, 4.71484375, 3.12109375, 3.359375, 2.82421875, 2.296875, 12.3984375, 0.003421783447265625, 2.748046875, 0.56787109375, 3.5390625, 1.65625, 4.140625, 7.84375, 0.0704345703125, 2.474609375, 5.8828125, 9.3203125, 2.70703125, 6.05859375, 5.75, 6.515625, 3.1328125, 0.7490234375, 8.8671875, 2.4140625, 3.06640625, 7.453125, 9.421875, 0.7255859375, 0.2398681640625, 0.09893798828125, 5.93359375, 5.29296875, 0.3271484375, 7.57421875, 0.1290283203125, 0.51708984375, 0.97607421875, 0.31787109375, 0.55126953125, 8.40625, 0.062744140625, 0.272216796875, 2.716796875, 12.8359375, 0.0221405029296875, 5.53515625, 4.515625, 0.416015625, 10.0078125, 0.59375, 4.5, 5.1484375, 7.2890625, 4.5078125, 0.63232421875, 5.42578125, 1.3056640625, 0.15673828125, 0.92333984375, 2.291015625, 2.375, 4.7734375, 0.9287109375, 0.64794921875, 3.12890625, 6.015625, 1.4775390625, 7.671875, 6.9453125, 0.25048828125, 0.2242431640625, 0.494873046875, 2.361328125, 0.1500244140625, 1.818359375, 3.65234375, 7.9453125, 2.326171875, 8.3203125, 5.2734375, 1.859375, 2.068359375, 8.5546875, 0.19140625, 3.5078125, 1.02734375, 9.4140625, 0.0477294921875, 3.923828125, 9.0546875, 4.37109375, 4.859375, 2.509765625, 6.03515625, 0.2030029296875, 0.54931640625, 0.603515625, 9.1640625, 2.634765625, 0.007167816162109375, 0.1422119140625, 0.0006084442138671875, 0.005947113037109375, 0.0013074874877929688, 8.7265625, 7.40234375, 6.8203125, 7.70703125, 0.0843505859375, 0.22998046875, 9.6015625, 0.5869140625, 4.96875, 8.484375, 10.0390625, 2.28125, 0.06488037109375, 1.4599609375, 0.0010919570922851562, 8.7890625, 0.869140625, 1.474609375, 0.39013671875, 0.390869140625, 0.47216796875, 0.1815185546875, 1.0673828125, 0.00502777099609375, 0.00298309326171875, 0.0008029937744140625, 0.60888671875, 2.162109375, 0.5703125, 0.2110595703125, 0.43017578125, 0.01268768310546875, 0.000148773193359375, 0.00893402099609375, 0.0002849102020263672, 0.00029921531677246094, 1.76953125, 9.84375, 0.8466796875, 8.1484375, 10.484375, 0.9990234375, 1.720703125, 1.3662109375, 0.367431640625, 3.716796875, 3.49609375, 3.78515625, 0.5078125, 0.70849609375, 0.031524658203125, 0.23974609375, 0.03009033203125, 7.58984375, 0.1817626953125, 0.016510009765625]",-1.176842723831986
151,0,test,3.8652493303472344,1.7575138700153845,2.42202442327571,6.133479476299504,2.7888693146950714,3.8433321686710373,47.715167789043605,39.485583840886065,43.48083864897565,75.71568541375183,62.65676477745394,68.99654037112903,4.001702457217116,1.792429452326731,2.5071942478851126,6.350006893188836,2.844274280638226,3.9784818903566164,54.69118021519216,45.582088495046065,50.23403618327163,86.78540573069415,72.33085898914496,79.71269214710767,3.8652493303472344,1.7575138700153845,2.42202442327571,6.133479476299504,2.7888693146950714,3.8433321686710373,47.715167789043605,39.485583840886065,43.48083864897565,75.71568541375183,62.65676477745394,68.99654037112903,0.8040201005025126,-0.0009798994974873354,-0.0009798994974873354,0.6884422110552764,-0.0015577889447235815,0.008442211055276427,0.5728643216080402,-0.007135678391959832,-0.0021356783919597166,0.4545454545454546,0.11995188176662663,0.1875429356537669,0.4524714828897338,0.457286432160804,0.11894056749914983,0.19184402815412616,0.4545454545454546,0.4545454545454546,0.11995188176662663,0.1875429356537669,0.4524714828897338,25.0,3.0,3.0,39.0,6.0,5.0,47.0,6.0,5.0,-0.0002778724388821138,-0.0003103486108692065,4.6506483029920564e-05,0.000141735257445319,0.00018927773293242467,-8.23537205478786e-05,"[3.0625, 9.453125, 2.48046875, 1.494140625, 0.81689453125, 3.970703125, 0.59521484375, 8.390625, 5.73828125, 3.193359375, 4.58203125, 0.192626953125, 12.3515625, 5.14453125, 0.9560546875, 4.26171875, 2.787109375, 2.291015625, 2.322265625, 3.228515625, 2.01171875, 4.34375, 7.72265625, 7.6015625, 0.226806640625, 3.564453125, 0.465087890625, 4.52734375, 4.3671875, 1.6796875, 2.08984375, 4.24609375, 5.84375, 2.8984375, 5.19140625, 9.5234375, 2.646484375, 6.14453125, 0.040191650390625, 7.77734375, 0.035919189453125, 5.4296875, 1.7158203125, 1.376953125, 1.244140625, 3.810546875, 3.779296875, 1.1982421875, 8.4609375, 0.59326171875, 2.98046875, 4.42578125, 0.17041015625, 2.501953125, 5.16796875, 5.12109375, 6.8203125, 4.515625, 0.7412109375, 10.6015625, 3.60546875, 4.30859375, 12.0703125, 2.927734375, 2.333984375, 1.189453125, 8.28125, 3.6484375, 1.4443359375, 8.6171875, 1.7490234375, 9.4140625, 5.3203125, 1.998046875, 4.88671875, 3.658203125, 2.03125, 7.765625, 1.587890625, 3.859375, 7.2421875, 0.072021484375, 0.29443359375, 0.62841796875, 7.625, 2.32421875, 3.958984375, 7.09375, 4.421875, 9.328125, 2.869140625, 8.3828125, 1.4375, 0.1666259765625, 4.1171875, 2.90625, 8.8671875, 6.53515625, 1.90625, 3.1953125, 7.93359375, 2.150390625, 5.6953125, 6.29296875, 3.83984375, 9.5625, 0.63134765625, 8.640625, 7.03515625, 0.62158203125, 6.8359375, 0.081298828125, 2.353515625, 6.67578125, 5.1015625, 4.296875, 0.73583984375, 0.246826171875, 7.45703125, 0.1563720703125, 9.7421875, 3.8125, 1.5888671875, 3.6171875, 7.3125, 1.5634765625, 0.4169921875, 0.525390625, 6.421875, 5.25390625, 7.29296875, 1.5791015625, 4.58203125, 5.046875, 0.009246826171875, 5.5078125, 4.41796875, 3.482421875, 7.46875, 5.74609375, 3.576171875, 0.7333984375, 9.5, 1.7265625, 0.223388671875, 0.0134735107421875, 5.0234375, 5.703125, 9.2109375, 2.623046875, 3.177734375, 3.978515625, 1.302734375, 1.373046875, 7.640625, 3.2109375, 2.8984375, 4.03125, 1.9580078125, 5.62890625, 3.115234375, 3.53125, 3.880859375, 0.036956787109375, 0.697265625, 8.8359375, 0.003200531005859375, 0.407470703125, 6.16015625, 7.13671875, 3.26953125, 0.3017578125, 10.4921875, 0.36083984375, 2.681640625, 1.7080078125, 7.36328125, 2.00390625, 0.50390625, 7.9609375, 4.5625, 4.46875, 1.416015625, 9.609375, 0.0098114013671875, 6.77734375, 2.021484375, 8.625, 4.9921875, 0.0579833984375, 0.0579833984375, 4.30859375, 10.1875, 0.2103271484375, 0.1558837890625, 6.92578125, 4.42578125, 4.015625, 1.29296875, 10.03125, 3.125, 5.26171875, 8.953125, 4.72265625, 8.40625, 2.48046875, 0.281982421875, 6.82421875, 1.1572265625, 5.14453125, 4.1015625, 0.1744384765625, 1.1044921875, 4.84765625, 8.0078125, 3.10546875, 1.669921875, 2.603515625, 4.734375, 1.0908203125, 0.025970458984375, 4.671875, 6.45703125, 0.049530029296875, 1.9423828125, 3.109375, 5.83203125, 0.21044921875, 1.5390625, 2.28125, 0.2081298828125, 1.005859375, 4.53515625, 2.216796875, 3.119140625, 1.892578125, 0.70556640625, 5.640625, 0.03753662109375, 0.41162109375, 0.0117645263671875, 1.681640625, 4.6875, 5.7578125, 6.4296875, 0.306884765625, 3.5078125, 5.453125, 1.2978515625, 6.9140625, 0.0284423828125, 1.140625, 5.16015625, 1.3115234375, 1.8984375, 6.65234375, 9.6640625, 2.0625, 0.35009765625, 6.9375, 5.5234375, 10.140625, 3.82421875, 1.1396484375]",-0.8522966558283027
246,0,test,4.039757382778721,1.77846467542631,2.476429094699203,6.518136145219655,2.8695472983872365,3.9957107478888987,56.812557428434694,47.21707212128097,52.03787106808265,91.66688713913084,76.18460103004232,83.96294534297999,3.963675915895395,1.7036583144256907,2.3702430032519493,6.39537893178214,2.748847464380102,3.8243798150629615,52.65050951312171,43.0672516684192,47.729897514936674,84.95143559479148,69.48887845886044,77.01204322962175,4.052628262352397,1.806222511441956,2.487538136916292,6.538903269930555,2.9143344816517445,4.013635153429354,57.548511038730176,48.094815277363274,52.76540504274611,92.85434603181618,77.60083691991743,85.13681917940018,0.7386934673366834,0.003693467336683409,-0.0063065326633166,0.6180904522613065,-0.016909547738693465,-0.0019095477386934512,0.542713567839196,0.007713567839196078,-0.007286432160804046,0.45038167938931295,0.11514358415121773,0.18134614639438906,0.4406130268199234,0.4321608040201005,0.10885253334340872,0.17172674725883175,0.41414141414141414,0.44656488549618323,0.11323155216284986,0.17752935250125934,0.4291187739463601,28.0,18.0,18.0,38.0,16.0,16.0,48.0,18.0,18.0,-6.222991883171766e-05,-0.00013485917316018398,-9.044962950450006e-05,0.005792924510338082,0.005416155827510316,0.005489275178475417,"[3.056640625, 9.4453125, 2.4296875, 6.078125, 0.78955078125, 0.10418701171875, 10.328125, 1.0029296875, 7.99609375, 3.341796875, 8.1484375, 1.912109375, 0.72021484375, 5.50390625, 0.23193359375, 3.7578125, 3.47265625, 12.5234375, 8.65625, 5.0859375, 8.9375, 5.27734375, 0.0179901123046875, 10.0625, 0.3505859375, 1.572265625, 3.0546875, 4.63671875, 0.031097412109375, 5.5859375, 0.83154296875, 7.94140625, 0.27490234375, 1.900390625, 1.767578125, 7.01171875, 4.69140625, 0.350341796875, 0.470947265625, 4.98046875, 9.546875, 10.359375, 1.0625, 4.26953125, 1.396484375, 0.12481689453125, 0.007213592529296875, 8.828125, 3.48828125, 2.794921875, 6.90234375, 6.1171875, 6.328125, 9.765625, 11.515625, 0.64013671875, 7.60546875, 2.193359375, 3.568359375, 4.2578125, 5.8203125, 0.1253662109375, 7.1328125, 0.05645751953125, 0.0028476715087890625, 2.951171875, 7.95703125, 5.1171875, 0.59130859375, 3.7421875, 11.2578125, 0.8251953125, 3.822265625, 5.671875, 1.3671875, 1.1865234375, 13.3671875, 1.6396484375, 0.84716796875, 8.0546875, 1.1220703125, 1.54296875, 2.46875, 0.9296875, 9.921875, 0.002399444580078125, 8.609375, 10.4921875, 4.76953125, 3.63671875, 3.498046875, 5.81640625, 5.34765625, 1.6162109375, 8.15625, 4.796875, 8.8046875, 0.388671875, 7.91796875, 5.48828125, 3.998046875, 1.0478515625, 2.794921875, 7.97265625, 0.923828125, 5.28125, 2.705078125, 5.359375, 0.0186004638671875, 10.0078125, 0.63330078125, 5.86328125, 6.5234375, 4.41015625, 3.810546875, 5.4765625, 0.244384765625, 7.921875, 0.0281829833984375, 1.55859375, 0.06158447265625, 0.0028514862060546875, 1.4462890625, 9.203125, 2.12109375, 0.0011644363403320312, 5.04296875, 3.1953125, 1.4267578125, 5.29296875, 4.4375, 0.9619140625, 7.48046875, 5.44921875, 2.478515625, 0.255126953125, 4.3828125, 4.1171875, 9.8046875, 2.685546875, 10.234375, 4.26953125, 1.4951171875, 3.166015625, 2.44921875, 2.77734375, 4.01171875, 0.65234375, 0.98876953125, 5.36328125, 1.5205078125, 3.666015625, 0.0877685546875, 1.14453125, 0.0189208984375, 0.373291015625, 0.052581787109375, 0.0010957717895507812, 7.640625, 5.28125, 0.45166015625, 8.6953125, 0.0111541748046875, 1.6650390625, 2.1328125, 7.00390625, 4.796875, 0.71142578125, 2.958984375, 0.0023250579833984375, 2.19921875, 5.3984375, 0.97998046875, 2.0546875, 11.6875, 2.6484375, 6.24609375, 2.130859375, 6.62109375, 6.09375, 0.412353515625, 7.59765625, 3.400390625, 6.70703125, 5.49609375, 0.7060546875, 0.9931640625, 8.8671875, 9.640625, 7.19921875, 12.2109375, 2.611328125, 1.1474609375, 0.60107421875, 0.403564453125, 5.234375, 0.0986328125, 0.386474609375, 0.05206298828125, 0.0017385482788085938, 7.05078125, 4.28125, 7.45703125, 10.7421875, 8.1953125, 5.86328125, 3.583984375, 2.978515625, 2.515625, 3.4453125, 6.71484375, 4.80078125, 0.00200653076171875, 10.0390625, 2.017578125, 1.205078125, 4.53515625, 0.437255859375, 7.0390625, 6.3359375, 2.5078125, 3.955078125, 1.9111328125, 4.4296875, 1.55859375, 2.751953125, 0.447265625, 4.4453125, 0.045196533203125, 2.390625, 5.51953125, 6.3671875, 11.28125, 4.46875, 11.109375, 0.159912109375, 0.56884765625, 8.0390625, 8.2734375, 0.6533203125, 1.880859375, 4.72265625, 6.41015625, 3.0546875, 1.66796875, 2.53125, 6.01171875, 4.0625, 0.490966796875, 1.5537109375, 2.736328125, 0.15234375, 1.25, 10.3203125, 5.19140625, 0.10345458984375, 10.703125, 0.60791015625, 7.01171875, 6.0625, 3.796875, 6.125]",-0.728457796664638
213,0,test,3.208998572747439,1.354022454446867,1.9098905295000566,5.284383519252576,2.229721759225004,3.14509146977455,24.754284193136684,18.36273858530955,21.08825892026927,40.76384842674138,30.238640170373873,34.72686115674776,3.6140972262051836,1.5552964789839083,2.180247127275245,5.951475323587884,2.5611675713702406,3.59029825850217,37.11782179873118,29.281255649699048,32.92300319075919,61.1233695924758,48.21858946662397,54.21559764565236,3.1829287423736674,1.3408722771053334,1.8894079641218327,5.2414533094522895,2.208066847624544,3.1113620278745397,24.11728352979434,17.807783333206054,20.471684195902636,39.714874508302636,29.32477364109475,33.71152343129619,0.7638190954773869,-0.016180904522613115,-0.016180904522613115,0.6633165829145728,0.0033165829145729298,0.013316582914572828,0.5276381909547738,-0.002361809045226204,-0.002361809045226204,0.4337748344370861,0.1048492146023754,0.17936954809347372,0.3920265780730897,0.4522613065326633,0.10639664487852796,0.18514945344418243,0.4444444444444444,0.43143812709030105,0.10088720889330605,0.17671065211810977,0.38926174496644295,27.0,17.0,17.0,40.0,16.0,16.0,53.0,24.0,24.0,-0.0014971364681757007,-1.647333955921014e-05,-0.0002744014523027203,-0.0004951882937413998,-9.202525539642181e-05,5.081944426521545e-05,"[3.0625, 9.453125, 2.48046875, 5.4921875, 0.79443359375, 0.078125, 2.326171875, 7.8125, 0.99169921875, 8.578125, 6.55078125, 4.98046875, 4.390625, 0.60302734375, 9.046875, 2.00390625, 0.58642578125, 7.1796875, 8.859375, 2.2890625, 0.83154296875, 5.6796875, 0.03936767578125, 0.7919921875, 4.2265625, 6.26171875, 3.671875, 2.0078125, 3.21484375, 8.8515625, 4.5546875, 0.0013866424560546875, 0.27978515625, 0.09161376953125, 0.0171661376953125, 2.15625, 4.046875, 3.099609375, 1.7626953125, 6.23828125, 0.469482421875, 7.69140625, 0.5712890625, 4.07421875, 0.640625, 4.82421875, 8.2734375, 4.43359375, 1.890625, 3.060546875, 2.111328125, 0.00537109375, 1.232421875, 8.1640625, 0.50927734375, 6.27734375, 0.36328125, 4.33203125, 3.0546875, 8.0, 2.72265625, 5.45703125, 1.140625, 4.3828125, 2.841796875, 9.1015625, 2.892578125, 0.94580078125, 3.4375, 2.46875, 2.185546875, 0.5498046875, 4.55859375, 4.39453125, 5.3671875, 5.96875, 0.035919189453125, 6.703125, 0.9423828125, 2.50390625, 4.7421875, 0.34326171875, 6.58984375, 7.09375, 3.615234375, 0.6025390625, 7.3125, 3.33203125, 7.45703125, 2.291015625, 2.189453125, 3.85546875, 1.5244140625, 0.383544921875, 10.6015625, 5.57421875, 3.8046875, 2.861328125, 4.21484375, 3.076171875, 0.95068359375, 3.8359375, 6.20703125, 1.794921875, 1.34375, 5.90625, 2.927734375, 5.66796875, 1.3818359375, 2.126953125, 1.4990234375, 9.2265625, 4.671875, 3.44140625, 0.99755859375, 0.10693359375, 8.296875, 0.87744140625, 5.55859375, 2.103515625, 2.8203125, 6.08203125, 5.9375, 2.1484375, 0.63671875, 6.46484375, 0.2105712890625, 6.30078125, 4.734375, 0.7412109375, 4.44921875, 8.15625, 1.9326171875, 1.46484375, 0.5625, 0.11407470703125, 4.01171875, 0.03839111328125, 7.93359375, 0.8037109375, 3.451171875, 2.556640625, 1.60546875, 0.56396484375, 2.8984375, 0.6826171875, 5.6796875, 5.87109375, 6.71875, 9.734375, 8.7265625, 4.68359375, 1.7587890625, 3.580078125, 7.27734375, 3.115234375, 1.1435546875, 0.95751953125, 5.59765625, 1.99609375, 3.818359375, 6.41796875, 3.515625, 0.95263671875, 4.7734375, 4.87890625, 0.2939453125, 0.68701171875, 4.61328125, 3.998046875, 4.33984375, 8.015625, 7.984375, 0.2476806640625, 1.6640625, 2.068359375, 6.421875, 8.3203125, 1.04296875, 1.2431640625, 6.90625, 7.171875, 5.2890625, 3.150390625, 0.7724609375, 2.91796875, 1.92578125, 6.63671875, 0.0089111328125, 3.50390625, 6.63671875, 0.7138671875, 0.3134765625, 3.94921875, 2.1640625, 4.453125, 3.052734375, 2.806640625, 3.830078125, 0.038604736328125, 4.953125, 1.4013671875, 10.9140625, 0.1031494140625, 4.875, 4.05078125, 3.388671875, 1.357421875, 2.515625, 0.001651763916015625, 5.046875, 0.3369140625, 3.888671875, 0.341796875, 3.365234375, 0.00489044189453125, 3.318359375, 1.359375, 3.033203125, 2.859375, 0.55029296875, 2.591796875, 0.012115478515625, 2.130859375, 2.146484375, 2.869140625, 0.52587890625, 3.693359375, 0.0039005279541015625, 0.00780487060546875, 0.00986480712890625, 1.544921875, 0.0040130615234375, 0.0103759765625, 4.40625, 0.736328125, 4.76953125, 0.410888671875, 11.03125, 1.30859375, 2.087890625, 2.72265625, 0.018951416015625, 3.0859375, 0.1988525390625, 11.296875, 9.8359375, 3.916015625, 4.875, 0.0284423828125, 2.52734375, 0.005840301513671875, 0.018218994140625, 1.2490234375, 0.0034580230712890625, 0.041748046875, 0.71484375, 0.00510406494140625, 4.0625, 0.0005769729614257812, 5.71875, 8.40625, 0.84033203125, 0.3154296875, 2.859375, 0.3369140625, 1.9482421875, 5.7578125, 4.21875, 0.058685302734375, 3.90625, 3.541015625, 3.310546875, 7.0546875, 1.119140625, 3.107421875, 0.03717041015625, 3.6328125, 5.25, 0.07135009765625, 0.0007886886596679688, 0.00550079345703125, 0.00018310546875, 4.10546875, 0.1903076171875, 0.60009765625, 1.490234375, 2.58984375, 0.213623046875, 7.700920104980469e-05, 0.00010204315185546875, 0.0018644332885742188, 0.5224609375, 0.0012712478637695312, 0.00013184547424316406, 5.76953125, 0.352294921875, 10.4296875, 1.322265625, 1.078125, 10.8046875, 5.5390625]",-1.144857513983518
170,0,test,4.113478997382976,1.8827861998265392,2.585076765408557,6.731147450263051,3.0809228724434274,4.230125616123093,61.15912030058719,51.85280906427189,56.54831636190321,100.07856049186994,84.85005119608125,92.53360859220525,4.071744180803922,1.8297514634051852,2.5452827043282746,6.662854114042781,2.994138758299394,4.165008061628086,58.65918564380859,49.24711743918703,54.05732147046701,95.98775832623224,80.58619217321514,88.45743513349147,4.113478997382976,1.8827861998265392,2.585076765408557,6.731147450263051,3.0809228724434274,4.230125616123093,61.15912030058719,51.85280906427189,56.54831636190321,100.07856049186994,84.85005119608125,92.53360859220525,0.8040201005025126,-0.0009798994974873354,-0.010979899497487344,0.6783919597989949,-0.0016080402010050232,0.018391959798994995,0.5175879396984925,-0.027412060301507446,-0.012412060301507544,0.4014869888475836,0.06939051389396578,0.13696288501569243,0.39925373134328357,0.3919597989949749,0.05612019999748119,0.12150904774288807,0.3939393939393939,0.4014869888475836,0.06939051389396578,0.13696288501569243,0.39925373134328357,21.0,0.0,0.0,32.0,0.0,0.0,40.0,1.0,0.0,3.277799979905009e-05,0.00014199513050568984,2.2468191756827065e-06,0.00017638486674709242,-0.00021985158203818855,-6.483093570341936e-05,"[3.0625, 9.453125, 2.48046875, 1.494140625, 6.81640625, 2.16796875, 11.96875, 0.88720703125, 8.1171875, 3.509765625, 1.4765625, 4.8203125, 0.54736328125, 5.06640625, 7.2578125, 3.13671875, 1.041015625, 4.8359375, 0.07403564453125, 2.958984375, 3.876953125, 10.0390625, 3.169921875, 8.40625, 3.240234375, 1.9765625, 8.71875, 6.10546875, 6.265625, 1.9091796875, 4.2890625, 1.638671875, 4.38671875, 3.998046875, 0.998046875, 3.408203125, 0.9150390625, 7.26171875, 0.21142578125, 7.55859375, 9.9609375, 1.3369140625, 2.599609375, 0.55224609375, 5.7421875, 6.59765625, 0.47705078125, 3.36328125, 4.8046875, 2.107421875, 4.22265625, 0.7412109375, 4.31640625, 5.78125, 2.13671875, 2.26953125, 5.19921875, 3.736328125, 2.50390625, 0.97705078125, 9.1015625, 1.5859375, 3.462890625, 8.71875, 7.1328125, 3.83984375, 2.375, 0.499755859375, 1.7314453125, 0.63720703125, 9.609375, 2.728515625, 3.58203125, 0.1578369140625, 3.126953125, 8.03125, 0.1702880859375, 1.6064453125, 8.78125, 7.3125, 4.63671875, 6.671875, 0.97021484375, 2.80078125, 0.9580078125, 4.28515625, 0.58251953125, 0.6337890625, 2.92578125, 0.062408447265625, 2.30078125, 3.87109375, 0.337890625, 0.034881591796875, 4.24609375, 2.89453125, 4.953125, 3.580078125, 4.2578125, 15.8828125, 7.61328125, 0.197509765625, 0.078125, 1.6513671875, 6.17578125, 10.0546875, 8.1484375, 0.7861328125, 1.939453125, 1.544921875, 3.78125, 7.2578125, 3.7265625, 4.11328125, 7.89453125, 3.93359375, 7.125, 6.39453125, 0.1939697265625, 3.9375, 6.0, 3.75390625, 4.93359375, 3.349609375, 7.94140625, 2.19140625, 1.64453125, 5.69140625, 4.73046875, 0.564453125, 13.171875, 7.1328125, 2.66015625, 1.923828125, 0.52587890625, 0.7119140625, 0.15673828125, 0.199462890625, 1.9052734375, 1.728515625, 11.3828125, 1.6220703125, 0.88720703125, 5.5546875, 9.703125, 6.01953125, 0.5615234375, 7.5859375, 16.796875, 12.3125, 2.11328125, 1.59375, 2.220703125, 8.7734375, 0.904296875, 6.3671875, 9.28125, 2.80078125, 2.955078125, 1.2294921875, 6.98828125, 7.0546875, 2.611328125, 0.402587890625, 0.0109405517578125, 1.6259765625, 2.986328125, 9.0, 0.0188446044921875, 0.2493896484375, 8.3515625, 1.4580078125, 3.609375, 1.974609375, 3.69140625, 2.021484375, 8.921875, 1.2421875, 14.671875, 2.015625, 3.806640625, 4.3671875, 8.5546875, 0.061309814453125, 1.45703125, 2.4765625, 11.7109375, 2.7109375, 0.734375, 8.4375, 1.5556640625, 1.1796875, 0.1824951171875, 7.609375, 5.09765625, 3.2734375, 1.83203125, 8.6484375, 4.8671875, 7.08984375, 5.9921875, 11.453125, 4.23828125, 2.404296875, 6.05078125, 7.53125, 0.319580078125, 3.4921875, 9.2578125, 0.239013671875, 9.4296875, 0.6533203125, 2.75, 4.125, 0.6650390625, 0.0025196075439453125, 3.0625, 4.109375, 3.44921875, 8.7265625, 1.125, 5.15234375, 10.890625, 6.54296875, 0.48046875, 1.5859375, 0.063720703125, 1.1220703125, 0.293701171875, 4.08984375, 6.53515625, 7.125, 0.403564453125, 3.35546875, 5.1640625, 1.1669921875, 0.96533203125, 2.859375, 1.33203125, 0.1405029296875, 9.296875, 0.08648681640625, 3.0234375, 11.0703125, 3.455078125, 4.39453125, 2.4375, 11.390625, 4.92578125, 7.046875, 3.2578125, 3.220703125, 3.97265625, 1.376953125, 5.2734375, 10.34375, 0.427490234375, 9.1875, 9.6953125, 1.5732421875, 5.6484375, 1.392578125, 5.109375, 7.6015625, 0.76953125, 9.3984375, 0.00315093994140625, 0.0550537109375, 0.00513458251953125]",-1.0208741634751783
342,0,test,3.200178723988658,1.34533355344426,1.8639292309043127,5.824663920910574,2.448649430607542,3.392548441434305,24.536915140593674,18.146206436525837,20.73216815794348,44.659782054837166,33.02801594796237,37.73473992768549,3.367137302705391,1.3718957912696552,1.94916881858788,6.128546201749495,2.4969955142685794,3.547693511080586,28.995403073227372,21.641424189791408,24.866678727570765,52.774701889895326,39.38968212321823,45.25998667875314,3.3018911195837934,1.4108420083560351,1.9423845859896938,6.009791244110185,2.567881750658604,3.535345489843676,27.163960675581663,20.53764389650808,23.269689539990548,49.44128292275181,37.38068518729513,42.35329736379232,0.6984924623115578,-0.0015075376884421399,-0.006507537688442255,0.542713567839196,-0.01228643216080394,-0.01228643216080394,0.4773869346733668,-0.0126130653266332,-0.007613065326633195,0.4314868804664723,0.11125398381436169,0.1783099498701869,0.4064327485380117,0.4321608040201005,0.11887759600005032,0.16337950184981664,0.41414141414141414,0.4381270903010034,0.12427066292203848,0.18006257417197113,0.41946308724832215,27.0,12.0,12.0,39.0,12.0,13.0,49.0,13.0,14.0,-0.00040228522178631013,-0.0002773215783987215,-0.0002496190663295385,0.002886856825402795,0.0035631180502671,0.003228329382078954,"[3.056640625, 9.4453125, 2.4296875, 1.0791015625, 0.80224609375, 4.9921875, 0.57177734375, 6.48828125, 0.1124267578125, 9.5234375, 0.09063720703125, 0.101318359375, 0.90576171875, 11.8984375, 4.0390625, 8.1796875, 5.69140625, 1.1162109375, 1.5419921875, 6.75, 5.8203125, 4.25, 4.1328125, 7.63671875, 3.0859375, 6.62109375, 2.560546875, 5.27734375, 1.8876953125, 1.48046875, 10.3984375, 6.77734375, 1.2587890625, 1.4638671875, 0.93017578125, 7.015625, 6.1171875, 1.37890625, 0.03076171875, 6.70703125, 4.53515625, 10.2265625, 1.291015625, 2.931640625, 3.1796875, 4.09765625, 1.4189453125, 5.81640625, 0.09912109375, 0.0650634765625, 0.382568359375, 0.5810546875, 0.43603515625, 1.7490234375, 8.53125, 5.7734375, 0.5224609375, 1.0595703125, 6.703125, 0.005481719970703125, 0.00836181640625, 3.181640625, 9.6328125, 5.58984375, 3.966796875, 3.8203125, 8.359375, 2.646484375, 1.0927734375, 8.5703125, 0.703125, 0.55810546875, 6.0, 0.360595703125, 0.91748046875, 8.2734375, 0.0160064697265625, 0.5859375, 0.482177734375, 4.671875, 1.861328125, 5.87890625, 1.798828125, 0.74560546875, 1.9775390625, 6.05859375, 3.1953125, 1.671875, 2.76953125, 1.5556640625, 3.44921875, 0.564453125, 4.64453125, 5.17578125, 7.30078125, 1.224609375, 6.92578125, 3.533203125, 3.69921875, 3.46484375, 0.02691650390625, 5.71875, 2.123046875, 7.80078125, 0.1763916015625, 1.4912109375, 3.052734375, 1.1953125, 3.392578125, 6.1953125, 0.34619140625, 2.357421875, 1.2587890625, 8.625, 8.3828125, 8.8203125, 7.6015625, 4.79296875, 1.8505859375, 1.908203125, 0.548828125, 0.85205078125, 5.0078125, 3.330078125, 5.20703125, 3.1640625, 5.7578125, 2.728515625, 2.845703125, 6.765625, 1.0732421875, 1.8564453125, 6.1015625, 0.023162841796875, 2.0234375, 4.37109375, 0.78466796875, 0.3388671875, 2.228515625, 11.109375, 1.28125, 6.39453125, 3.23046875, 6.203125, 0.495849609375, 4.82421875, 7.375, 2.541015625, 8.0703125, 0.289794921875, 5.69921875, 8.328125, 0.0019388198852539062, 0.004451751708984375, 0.92822265625, 1.08203125, 0.01424407958984375, 3.271484375, 2.06640625, 2.056640625, 1.8525390625, 0.8896484375, 0.01428985595703125, 0.0192413330078125, 0.034088134765625, 0.2396240234375, 0.320068359375, 2.38671875, 0.003513336181640625, 0.0531005859375, 0.0007414817810058594, 0.005245208740234375, 0.004833221435546875, 9.75, 5.5703125, 6.203125, 4.02734375, 4.3046875, 0.6103515625, 0.2215576171875, 8.7109375, 0.77294921875, 3.8984375, 3.958984375, 7.01953125, 6.05859375, 0.05224609375, 0.1783447265625, 8.3359375, 0.36083984375, 0.27392578125, 5.45703125, 4.4140625, 4.94140625, 4.0625, 0.19140625, 0.4619140625, 2.54296875, 4.29296875, 5.015625, 2.810546875, 0.323974609375, 0.650390625, 3.685546875, 2.3828125, 0.46337890625, 7.578125, 5.0546875, 0.86083984375, 0.2802734375, 0.00609588623046875, 0.293212890625, 8.4296875, 0.53125, 12.1015625, 7.18359375, 6.76171875, 2.533203125, 0.19140625, 6.02734375, 0.158447265625, 10.34375, 4.234375, 0.0318603515625, 0.5087890625, 9.6484375, 3.03125, 0.1500244140625, 3.833984375, 4.96875, 0.1497802734375, 0.0323486328125, 0.457763671875, 8.0078125, 0.12432861328125, 5.7109375, 6.40234375, 0.97021484375, 0.58349609375, 0.193603515625, 4.51171875, 6.28125, 3.267578125, 0.2144775390625, 4.90234375, 8.9375, 1.8681640625, 0.451904296875, 4.5859375, 5.26171875, 5.62109375, 5.62109375, 8.796875, 0.3095703125, 6.23046875, 0.4150390625, 0.205810546875, 0.2044677734375, 4.23046875, 4.72265625, 2.640625, 0.041168212890625, 3.62109375, 5.05859375, 2.92578125, 0.109619140625, 0.193359375, 2.171875, 8.796875, 0.6064453125, 3.064453125, 0.2369384765625, 0.0225372314453125, 7.15234375, 4.4921875, 0.120849609375, 0.006923675537109375, 0.191162109375, 4.3203125, 5.3984375, 1.392578125, 0.1981201171875, 4.44140625, 5.07421875, 3.931640625, 1.904296875, 1.3232421875, 0.01287078857421875, 0.255126953125, 8.1640625, 2.005859375, 3.74609375, 4.51171875, 0.129638671875, 0.1929931640625, 7.74609375, 2.6796875, 0.140869140625, 3.291015625, 5.9296875, 3.662109375, 0.03704833984375, 0.07769775390625, 7.65625, 5.6015625, 4.2265625, 5.390625, 8.8828125, 0.1973876953125, 0.077392578125, 1.6640625, 8.4765625, 0.5703125, 0.1734619140625, 4.01171875, 0.258056640625, 0.01482391357421875, 3.544921875, 5.4921875, 2.14453125, 1.2060546875, 0.007183074951171875, 3.10546875, 0.0001938343048095703, 0.460693359375, 3.595703125, 11.046875, 0.33544921875, 0.049957275390625, 9.9296875, 1.9638671875, 6.17578125, 0.038787841796875, 2.390625, 1.09375, 1.583984375, 1.6630859375, 0.059326171875, 0.040374755859375, 0.0102996826171875, 0.033355712890625, 0.830078125, 2.416015625]",-1.5311273520611466
221,0,test,3.2636817980311057,1.3976451042922513,1.9647415400491854,6.025258704057427,2.580267884847234,3.627215150860035,26.145623052996772,19.682990868288346,22.480212833553065,48.26884255937866,36.33782929530157,41.501931385021045,3.1374112313716256,1.2529568409127323,1.798400596885639,5.792143811763001,2.313151090915813,3.320124178865795,23.044133644099844,16.461371799742547,19.228866700166357,42.543015958338174,30.390224861063164,35.499446215691734,3.2636817980311057,1.3976451042922513,1.9647415400491854,6.025258704057427,2.580267884847234,3.627215150860035,26.145623052996772,19.682990868288346,22.480212833553065,48.26884255937866,36.33782929530157,41.501931385021045,0.7336683417085428,-0.001331658291457205,-0.0063316582914572095,0.5577889447236181,0.0027889447236181253,-0.00221105527638199,0.4723618090452262,0.002361809045226204,-0.007638190954773805,0.4181184668989547,0.09637933646417207,0.1585587913485491,0.4125874125874126,0.4371859296482412,0.1163839246357099,0.16840462747795737,0.398989898989899,0.4181184668989547,0.09637933646417207,0.1585587913485491,0.4125874125874126,22.0,4.0,4.0,33.0,6.0,5.0,45.0,5.0,6.0,0.00018417158698480908,-0.000116490633390706,0.00010311975836553926,0.00030112346023614123,-0.00015012813114179124,-1.7489102663859057e-06,"[3.0625, 9.453125, 2.48046875, 1.494140625, 2.81640625, 3.353515625, 6.66796875, 0.08935546875, 6.7109375, 3.921875, 0.85107421875, 4.01171875, 4.84375, 3.177734375, 3.3828125, 5.54296875, 3.015625, 6.85546875, 1.2314453125, 3.025390625, 2.431640625, 6.44921875, 0.1690673828125, 0.97998046875, 7.66015625, 7.08203125, 1.9736328125, 1.041015625, 4.078125, 6.53515625, 4.3984375, 0.1365966796875, 1.7333984375, 1.87109375, 2.55078125, 6.10546875, 9.34375, 0.03326416015625, 2.9375, 0.09246826171875, 0.50927734375, 4.24609375, 0.035919189453125, 0.1806640625, 1.1904296875, 1.5966796875, 4.2265625, 0.26220703125, 0.1243896484375, 1.5537109375, 3.220703125, 5.48828125, 1.505859375, 2.28125, 0.05487060546875, 3.86328125, 0.9951171875, 5.35546875, 6.99609375, 4.24609375, 6.8984375, 12.5, 0.91015625, 0.00024890899658203125, 1.83984375, 0.35302734375, 2.05859375, 0.859375, 0.00043082237243652344, 6.0, 1.1513671875, 8.2890625, 5.83203125, 0.4111328125, 1.4736328125, 1.5322265625, 5.6015625, 4.0703125, 0.55615234375, 8.40625, 1.2685546875, 0.00830841064453125, 2.95703125, 8.703125, 4.40234375, 6.47265625, 5.45703125, 0.1431884765625, 1.52734375, 8.296875, 5.66015625, 4.18359375, 0.8759765625, 4.1484375, 1.8681640625, 8.046875, 0.28515625, 0.841796875, 5.21484375, 9.515625, 1.4306640625, 3.8671875, 2.76171875, 2.60546875, 1.9794921875, 2.640625, 3.880859375, 6.0625, 1.1103515625, 0.74755859375, 8.1796875, 1.642578125, 5.7421875, 4.484375, 0.87890625, 3.197265625, 1.91015625, 1.396484375, 6.64453125, 0.1893310546875, 0.05426025390625, 0.0013513565063476562, 8.3046875, 0.347412109375, 8.8515625, 4.09375, 6.2578125, 0.295166015625, 4.703125, 4.89453125, 0.68115234375, 1.30859375, 12.2109375, 3.873046875, 1.28515625, 7.76953125, 4.2734375, 0.2369384765625, 5.49609375, 1.2626953125, 3.158203125, 3.671875, 1.88671875, 0.034912109375, 3.06640625, 0.0282135009765625, 0.0013074874877929688, 2.056640625, 3.705078125, 3.765625, 1.47265625, 4.92578125, 4.03515625, 0.0100555419921875, 2.359375, 0.01474761962890625, 0.0005612373352050781, 2.83984375, 2.66015625, 0.460205078125, 4.21484375, 5.1328125, 4.48828125, 3.251953125, 0.77001953125, 1.4189453125, 4.1015625, 0.1546630859375, 0.39453125, 1.689453125, 5.19921875, 0.01131439208984375, 0.0009813308715820312, 4.62890625, 7.75390625, 3.068359375, 1.59375, 4.30078125, 1.42578125, 0.075927734375, 1.005859375, 5.53515625, 1.0244140625, 10.3984375, 6.484375, 0.54833984375, 0.1400146484375, 0.184326171875, 2.9296875, 1.1494140625, 3.853515625, 6.2109375, 5.39453125, 1.1884765625, 0.04388427734375, 3.048828125, 5.1015625, 1.9423828125, 0.370361328125, 8.2734375, 1.189453125, 16.90625, 1.521484375, 5.62109375, 1.1396484375, 0.2454833984375, 7.98828125, 0.00444793701171875, 2.6875, 0.79736328125, 0.1680908203125, 2.95703125, 3.947265625, 3.5234375, 1.6689453125, 0.296875, 11.0859375, 1.64453125, 0.61083984375, 6.125, 7.89453125, 0.873046875, 0.6298828125, 2.703125, 2.482421875, 8.125, 5.734375, 7.97265625, 4.35546875, 5.98828125, 0.68701171875, 0.86962890625, 4.5, 7.484375, 1.345703125, 6.12890625, 5.73828125, 0.017486572265625, 1.140625, 3.20703125, 0.42822265625, 0.206298828125, 6.0390625, 2.744140625, 7.796875, 10.640625, 2.076171875, 6.48046875, 2.01171875, 5.96875, 2.28125, 3.564453125, 2.40234375, 2.5859375, 0.0170135498046875, 0.0011692047119140625, 3.1875, 0.172607421875, 3.5625, 5.41796875, 6.4296875, 5.58984375, 5.203125, 0.0111846923828125, 2.86328125, 10.6953125, 6.65625, 5.984375, 0.004749298095703125, 0.1463623046875, 0.0015354156494140625, 0.00323486328125, 0.002651214599609375, 0.422607421875, 7.5234375, 1.134765625, 0.1611328125, 4.34375, 0.73193359375, 4.5703125, 4.1171875, 4.91015625, 2.74609375, 0.00873565673828125, 0.428466796875, 9.6171875, 0.421875]",-0.9277139615514138
80,0,test,3.6371052472799033,1.5711298686228723,2.1902071684567184,6.638213948587364,2.8675266454646953,3.9974272910630813,37.98172972058817,30.088736919547355,33.73181856214044,69.3218455009642,54.91605536135965,61.56517704784102,4.298112538591702,1.8590612394248431,2.630851971178155,7.844642556773925,3.393040732065014,4.801664253407124,73.56081937878002,62.0986579578697,68.26318399279857,134.2585446585384,113.33853419633049,124.5896363584411,3.7031478993470053,1.6723675393687354,2.2664456245747093,6.758750810830053,3.0522992248587846,4.136572888568049,40.57482901513344,32.95479860914135,36.36802896840195,74.05460596204682,60.14700948335087,66.37662117730191,0.7889447236180904,0.0039447236180903955,-0.011055276381909618,0.6783919597989949,-0.006608040201005139,-0.006608040201005139,0.5376884422110553,-0.0023115577889447625,-0.0023115577889447625,0.4144144144144144,0.09657333495414455,0.16866016866016864,0.3614457831325302,0.4120603015075377,0.06619563985340238,0.13994010117364786,0.41414141414141414,0.40802675585284276,0.09083143031027185,0.16887213961257574,0.3657718120805369,28.0,5.0,6.0,42.0,11.0,12.0,49.0,7.0,9.0,-0.00126867142040439,-0.00038637121289906046,-0.0007559603956670073,-0.0003727715704986423,2.805402114880451e-05,-0.00018514738865160751,"[3.056640625, 9.4453125, 2.4296875, 1.0791015625, 10.8046875, 6.7578125, 10.34375, 0.11376953125, 7.1484375, 7.671875, 3.990234375, 9.2421875, 7.71875, 6.44921875, 6.375, 2.5, 11.7421875, 0.0249176025390625, 2.673828125, 3.6796875, 2.46875, 2.921875, 4.08984375, 0.007061004638671875, 0.002750396728515625, 0.73876953125, 9.296875, 5.171875, 4.75390625, 10.03125, 0.9423828125, 7.23828125, 5.4453125, 1.4501953125, 0.87451171875, 12.328125, 4.484375, 2.16015625, 8.2734375, 2.466796875, 0.01485443115234375, 10.328125, 3.47265625, 0.00032806396484375, 0.810546875, 10.390625, 1.93359375, 1.4091796875, 2.15625, 7.23828125, 2.072265625, 5.33203125, 0.736328125, 2.943359375, 1.7705078125, 2.009765625, 5.484375, 1.3408203125, 1.083984375, 4.4765625, 1.7216796875, 10.2421875, 1.669921875, 5.64453125, 2.26953125, 4.20703125, 4.984375, 0.01390838623046875, 11.546875, 0.732421875, 0.5078125, 2.6484375, 3.123046875, 3.396484375, 3.1015625, 3.3984375, 8.5234375, 1.048828125, 4.609375, 1.5576171875, 4.109375, 4.078125, 6.42578125, 2.61328125, 2.8515625, 0.0736083984375, 1.853515625, 9.125, 0.07720947265625, 0.8056640625, 2.033203125, 10.6953125, 8.203125, 3.08203125, 10.6484375, 3.48046875, 8.3984375, 4.10546875, 0.55078125, 7.03515625, 0.1187744140625, 1.51171875, 3.796875, 0.62548828125, 4.01171875, 4.08984375, 0.01190185546875, 11.0546875, 0.08050537109375, 0.0584716796875, 7.75390625, 9.8359375, 0.1192626953125, 6.9296875, 5.44140625, 5.63671875, 8.7890625, 6.1015625, 1.9443359375, 4.328125, 0.7314453125, 0.3623046875, 0.006145477294921875, 0.007625579833984375, 9.2109375, 11.359375, 8.8671875, 8.5, 6.453125, 0.0401611328125, 0.10125732421875, 4.73828125, 2.712890625, 3.29296875, 5.5234375, 4.8203125, 0.984375, 3.2109375, 0.0010890960693359375, 0.00254058837890625, 3.052734375, 8.390625, 1.935546875, 8.0390625, 0.1396484375, 0.042327880859375, 1.875, 2.87109375, 3.779296875, 3.087890625, 9.3671875, 0.182861328125, 3.697265625, 1.537109375, 2.7109375, 0.9697265625, 5.7421875, 7.01171875, 6.06640625, 2.306640625, 9.9296875, 12.375, 4.91015625, 7.2421875, 4.94140625, 9.421875, 2.5625, 2.5859375, 8.7734375, 0.06494140625, 8.03125, 4.67578125, 2.458984375, 2.12109375, 4.29296875, 0.1650390625, 8.6328125, 5.22265625, 2.287109375, 0.349609375, 5.58203125, 0.256103515625, 1.23046875, 0.1126708984375, 0.72509765625, 11.265625, 3.10546875, 2.81640625, 5.45703125, 2.09765625, 7.9609375, 1.8916015625, 10.59375, 3.51953125, 9.078125, 10.6171875, 10.5859375, 1.0107421875, 10.203125, 5.921875, 4.28515625, 2.53125, 3.6640625, 4.8828125, 0.01192474365234375, 0.13525390625, 0.00025773048400878906, 0.0027179718017578125, 0.00261688232421875, 0.50146484375, 3.671875, 9.265625, 1.36328125, 3.04296875, 7.23828125, 5.76171875, 2.84765625, 0.5595703125, 5.56640625, 0.35302734375, 5.97265625, 6.79296875, 3.259765625, 0.41259765625, 4.40625, 6.97265625, 2.146484375, 0.25390625, 3.068359375, 0.751953125, 0.4765625, 3.52734375, 3.751953125, 0.66064453125, 9.109375, 1.306640625, 5.85546875, 3.29296875, 0.48828125, 1.0673828125, 0.37548828125, 0.3388671875, 0.1756591796875, 1.04296875, 1.265625, 0.00911712646484375, 9.125, 9.6484375, 0.296142578125, 0.168212890625, 1.431640625, 0.0677490234375, 0.6220703125, 3.40234375, 0.07586669921875, 4.109375, 0.2139892578125, 9.734375, 0.3876953125, 2.171875, 0.43408203125, 0.37451171875, 0.019073486328125, 1.0302734375, 3.09765625, 0.0015087127685546875, 1.3642578125, 0.004146575927734375, 0.01180267333984375, 0.0021495819091796875, 0.0303192138671875, 7.18359375, 4.8515625, 8.4140625, 9.4140625, 0.1412353515625, 0.0011701583862304688, 0.006420135498046875, 0.0016393661499023438, 0.2208251953125, 0.0009160041809082031, 0.374267578125, 7.5546875, 1.771484375, 0.662109375, 3.267578125, 2.904296875, 5.20703125, 0.0750732421875, 0.0701904296875, 5.62109375, 0.0302276611328125, 0.01174163818359375, 1.283203125, 3.142578125, 4.15625, 0.024169921875, 0.0008368492126464844, 4.67578125, 4.046875, 6.09765625, 4.83984375, 0.454345703125, 0.004962921142578125, 0.0011205673217773438, 0.01140594482421875, 6.699562072753906e-05, 13.7421875, 3.11328125, 0.85546875, 4.38671875, 5.7109375, 2.578125, 0.4306640625, 5.8125, 0.00711822509765625, 0.0039215087890625, 0.7138671875, 6.203125, 0.0396728515625, 0.34765625, 0.494140625, 10.5078125, 7.3046875, 3.638671875, 2.892578125, 8.046875, 3.59375, 0.1256103515625, 7.0546875, 0.046783447265625, 0.0205078125, 7.02734375]",-1.0891029627115518
203,0,test,3.163062270781765,1.3773424037438533,1.926908464928471,5.616831789933679,2.4458262078602964,3.4217223043881324,23.642886105846813,17.67901450857692,20.200538074296606,41.984034115231005,31.393643945533555,35.87125851981155,3.6587880939694504,1.6344278573019988,2.254338092945405,6.497120675957872,2.902347649633246,4.003157946866688,38.81427510216886,31.24300952540809,34.74098928012737,68.924743060215,55.48001085420952,61.6915749034989,3.163062270781765,1.3773424037438533,1.926908464928471,5.616831789933679,2.4458262078602964,3.4217223043881324,23.642886105846813,17.67901450857692,20.200538074296606,41.984034115231005,31.393643945533555,35.87125851981155,0.7185929648241206,0.003592964824120526,-0.0014070351758793676,0.6331658291457287,0.0031658291457287158,0.0031658291457287158,0.5025125628140703,-0.0024874371859296973,-0.0024874371859296973,0.40068493150684936,0.09641142723334506,0.16036602490092677,0.3573883161512027,0.4321608040201005,0.09882747068676712,0.17506564542243774,0.40909090909090906,0.40068493150684936,0.09641142723334506,0.16036602490092677,0.3573883161512027,23.0,2.0,2.0,35.0,4.0,4.0,42.0,0.0,1.0,-0.0018951354968312017,-0.0002807012229147412,-0.00030527133778757875,0.008742671091808596,0.006161826204378329,0.00755783496443474,"[3.0625, 9.453125, 2.48046875, 1.494140625, 0.81689453125, 3.970703125, 2.501953125, 3.93359375, 0.3388671875, 2.494140625, 5.55078125, 5.4375, 5.734375, 0.44970703125, 9.609375, 2.466796875, 9.59375, 1.6923828125, 8.96875, 4.75390625, 7.85546875, 8.7265625, 7.02734375, 1.328125, 0.3212890625, 3.095703125, 5.21875, 5.48046875, 4.8515625, 3.65234375, 0.623046875, 6.18359375, 6.53125, 2.845703125, 5.765625, 0.004840850830078125, 2.59765625, 4.96875, 0.032989501953125, 2.19140625, 4.06640625, 6.39453125, 0.1259765625, 4.87109375, 10.2265625, 2.689453125, 1.84375, 0.89501953125, 6.07421875, 13.6953125, 8.375, 2.28125, 6.359375, 2.244140625, 10.5703125, 4.03125, 0.1407470703125, 0.007076263427734375, 0.01210784912109375, 0.0214996337890625, 1.486328125, 7.1015625, 4.671875, 0.29638671875, 0.69384765625, 6.4921875, 2.666015625, 0.80615234375, 3.599609375, 0.0439453125, 2.8359375, 9.3125, 3.5625, 3.6640625, 0.05828857421875, 2.6953125, 2.564453125, 0.05303955078125, 9.0546875, 0.82421875, 1.6162109375, 4.17578125, 1.0888671875, 2.98828125, 0.179443359375, 0.002471923828125, 7.70703125, 7.73828125, 4.20703125, 6.015625, 1.5537109375, 0.84716796875, 0.236083984375, 2.263671875, 7.4453125, 0.943359375, 0.8681640625, 5.83203125, 7.72265625, 2.49609375, 0.98291015625, 4.98828125, 4.1328125, 1.6650390625, 1.8173828125, 1.568359375, 4.9453125, 4.20703125, 5.70703125, 2.505859375, 0.46142578125, 2.75, 4.80859375, 0.061614990234375, 0.1090087890625, 0.0276641845703125, 0.09149169921875, 5.33203125, 9.3828125, 2.041015625, 7.38671875, 9.421875, 3.107421875, 8.171875, 3.923828125, 2.6484375, 9.8671875, 2.552734375, 9.6875, 4.19921875, 1.56640625, 9.1015625, 2.396484375, 9.0625, 7.078125, 2.107421875, 6.88671875, 6.70703125, 0.82177734375, 0.6162109375, 0.603515625, 5.6015625, 1.1728515625, 3.923828125, 0.449462890625, 12.0859375, 3.185546875, 4.2421875, 2.845703125, 6.43359375, 8.59375, 0.360595703125, 5.1875, 3.123046875, 3.82421875, 0.0986328125, 0.06561279296875, 0.0066986083984375, 0.051849365234375, 5.89453125, 2.05078125, 2.146484375, 1.3984375, 4.2890625, 0.75, 3.390625, 5.51953125, 3.283203125, 6.53125, 0.77783203125, 0.250732421875, 0.15869140625, 0.0390625, 6.765625, 1.501953125, 2.6796875, 7.66015625, 8.296875, 2.431640625, 3.16796875, 3.365234375, 7.7734375, 5.1953125, 0.5439453125, 6.76953125, 0.00319671630859375, 0.0970458984375, 0.0006923675537109375, 0.004184722900390625, 0.00421905517578125, 0.9326171875, 6.59375, 5.58203125, 0.433349609375, 8.265625, 0.94580078125, 0.0035190582275390625, 0.08648681640625, 6.3046875, 6.51171875, 1.7236328125, 0.064208984375, 0.05029296875, 11.3125, 8.65625, 2.900390625, 0.0272369384765625, 3.111328125, 0.006175994873046875, 0.0142669677734375, 0.005199432373046875, 0.0439453125, 5.50390625, 5.51953125, 2.65234375, 8.0703125, 2.119140625, 0.003856658935546875, 0.0090789794921875, 0.00023174285888671875, 1.4462890625, 0.061920166015625, 5.23046875, 0.470947265625, 0.0008440017700195312, 0.0072784423828125, 0.00017654895782470703, 0.43603515625, 0.0015592575073242188, 0.97314453125, 5.14453125, 9.2109375, 1.9111328125, 4.86328125, 0.1575927734375, 0.9189453125, 0.09906005859375, 3.361328125, 6.39453125, 4.44140625, 0.68408203125, 0.02880859375, 1.4091796875, 0.44482421875, 3.025390625, 6.65625, 0.1981201171875, 3.06640625, 1.6689453125, 4.10546875, 0.349365234375, 7.4140625, 0.0188446044921875, 1.32421875, 7.39453125, 0.195068359375, 0.025054931640625, 0.31005859375, 0.00787353515625, 0.0004184246063232422, 0.0265655517578125, 0.00022530555725097656, 0.5302734375, 0.1630859375, 0.0017309188842773438, 0.00024509429931640625, 0.0002636909484863281, 1.7236328125, 6.45703125, 0.090576171875, 4.49609375, 4.35546875, 0.00870513916015625, 0.49462890625, 3.099609375, 2.484375, 2.693359375, 1.03515625, 0.7451171875, 0.1510009765625, 1.8623046875, 5.72265625, 1.6220703125, 0.04461669921875, 0.87353515625, 6.5703125, 0.237548828125, 1.734375, 3.056640625, 5.4296875, 0.0038356781005859375, 0.052459716796875]",-1.3024957812812232
61,0,test,2.913793323807797,1.2893945232838422,1.7751083138793917,6.073822703148648,2.687751964028291,3.7002257810443657,18.426564086002763,13.351197274096922,15.303904687955406,38.410302601808574,27.830664740371045,31.901097096019715,3.3324537948148336,1.5152465079848971,2.0873393608703097,6.946523403275991,3.1585420166445743,4.351073597307124,28.00698083998157,21.852334574940286,24.53364859627645,58.38074879320102,45.55134531114314,51.14056327111148,2.913793323807797,1.2893945232838422,1.7751083138793917,6.073822703148648,2.687751964028291,3.7002257810443657,18.426564086002763,13.351197274096922,15.303904687955406,38.410302601808574,27.830664740371045,31.901097096019715,0.7236180904522613,0.0036180904522613577,0.0036180904522613577,0.5728643216080402,0.007864321608040292,0.007864321608040292,0.44221105527638194,-0.0027889447236180143,-0.012788944723618023,0.40338983050847455,0.10220539734434597,0.16550933445435956,0.34013605442176875,0.42713567839195976,0.103827407715268,0.178387765203312,0.38888888888888884,0.40338983050847455,0.10220539734434597,0.16550933445435956,0.34013605442176875,25.0,4.0,5.0,38.0,5.0,6.0,45.0,4.0,4.0,-0.0017991784867058352,-0.0005264789425368366,-0.00029400939122265954,0.00035656283511986686,-0.00011913993074319507,2.6287545484393604e-05,"[3.0625, 9.453125, 2.48046875, 1.494140625, 1.81640625, 5.23046875, 4.109375, 0.6259765625, 9.5546875, 12.2265625, 4.68359375, 7.84375, 8.78125, 3.138671875, 4.87109375, 2.212890625, 2.25390625, 5.5859375, 1.2197265625, 6.0, 2.076171875, 0.330810546875, 5.671875, 5.46484375, 3.103515625, 4.24609375, 2.892578125, 0.2493896484375, 2.6328125, 0.6376953125, 6.2109375, 0.1533203125, 6.18359375, 9.4140625, 0.1124267578125, 0.0016489028930664062, 1.7685546875, 0.96533203125, 2.73046875, 6.69921875, 5.9296875, 9.78125, 0.63427734375, 0.318359375, 0.73193359375, 0.006710052490234375, 6.18359375, 0.027099609375, 0.4033203125, 5.2734375, 0.003582000732421875, 0.26220703125, 4.2265625, 5.4609375, 7.59765625, 5.23828125, 1.0693359375, 3.69921875, 3.181640625, 0.91943359375, 1.376953125, 7.77734375, 7.4140625, 10.2890625, 10.0703125, 1.7734375, 7.22265625, 2.943359375, 1.908203125, 0.9365234375, 4.28125, 3.4609375, 3.85546875, 0.615234375, 0.468994140625, 8.484375, 1.087890625, 8.25, 0.0369873046875, 5.859375, 5.84375, 6.23828125, 5.1015625, 2.921875, 1.791015625, 3.662109375, 9.3125, 1.509765625, 2.306640625, 3.482421875, 1.6787109375, 4.75, 1.9072265625, 1.4345703125, 0.10736083984375, 0.1810302734375, 2.84375, 11.046875, 2.51953125, 0.484619140625, 0.8720703125, 4.109375, 1.71875, 2.138671875, 7.73046875, 4.859375, 8.421875, 0.7333984375, 0.0016393661499023438, 1.802734375, 0.01195526123046875, 0.0017271041870117188, 0.11041259765625, 5.45703125, 0.148681640625, 3.708984375, 6.48828125, 4.05078125, 0.2010498046875, 0.572265625, 7.10546875, 0.6845703125, 0.0284881591796875, 1.96484375, 2.59765625, 6.4609375, 0.81787109375, 1.7001953125, 4.01171875, 6.83984375, 2.427734375, 0.3037109375, 3.314453125, 7.01953125, 0.1380615234375, 2.625, 5.8671875, 6.0625, 1.73046875, 3.44921875, 3.373046875, 2.61328125, 2.017578125, 7.23046875, 0.0096588134765625, 1.7216796875, 1.9052734375, 2.34375, 0.83203125, 6.35546875, 0.459228515625, 4.97265625, 0.0080108642578125, 0.10992431640625, 4.6015625, 3.955078125, 6.21484375, 0.517578125, 1.3623046875, 0.444580078125, 8.5078125, 0.212158203125, 1.4208984375, 4.078125, 4.96484375, 1.853515625, 3.765625, 0.024993896484375, 1.0703125, 1.662109375, 4.84765625, 0.1485595703125, 2.015625, 8.25, 0.56689453125, 0.231201171875, 3.26171875, 3.890625, 4.44140625, 2.3203125, 9.703125, 0.85498046875, 7.921875, 4.14453125, 1.30859375, 0.3876953125, 6.19140625, 0.2215576171875, 7.32421875, 0.487060546875, 4.2421875, 0.40869140625, 0.69677734375, 0.09234619140625, 4.10546875, 2.650390625, 0.0662841796875, 2.779296875, 1.8271484375, 2.427734375, 0.767578125, 3.27734375, 2.533203125, 2.20703125, 0.11181640625, 6.26953125, 2.853515625, 1.9921875, 6.31640625, 0.0833740234375, 0.00406646728515625, 3.740234375, 0.003631591796875, 0.323486328125, 0.0005121231079101562, 0.001312255859375, 0.0010652542114257812, 9.6015625, 5.3125, 9.5234375, 1.294921875, 0.41650390625, 5.8515625, 5.37109375, 9.359375, 0.0186920166015625, 0.28857421875, 4.31640625, 8.6484375, 10.390625, 6.2109375, 0.215087890625, 0.45166015625, 5.828125, 6.1953125, 6.79296875, 0.2154541015625, 0.89404296875, 2.666015625, 5.2890625, 1.5693359375, 0.221923828125, 3.447265625, 0.0118408203125, 0.1903076171875, 0.00328826904296875, 1.1494140625, 1.521484375, 4.08984375, 1.0322265625, 0.96240234375, 0.80126953125, 0.002655029296875, 0.0238189697265625, 0.0011472702026367188, 0.5947265625, 0.62890625, 3.55078125, 1.8671875, 0.28271484375, 0.0010890960693359375, 6.28125, 0.5400390625, 0.552734375, 0.0006246566772460938, 0.89501953125, 0.396240234375, 4.66015625, 0.12139892578125, 0.00975799560546875, 4.0546875, 2.22265625, 0.4541015625, 0.2232666015625, 0.0015125274658203125, 2.255859375, 0.0002665519714355469, 0.3037109375, 4.5078125, 0.6005859375, 0.69580078125, 2.26953125, 0.1341552734375, 0.005535125732421875, 3.935546875, 0.007144927978515625, 3.357421875, 1.537109375, 0.0210723876953125, 0.0018444061279296875, 0.0107879638671875, 0.0007352828979492188, 0.489990234375, 0.3408203125, 0.00038552284240722656]",-1.5193374173115877
159,0,test,3.469730681888128,1.5353866689612485,2.136867002826918,5.802487468016304,2.567652282556664,3.573517699642755,32.12808860332664,25.208585141894115,28.336202002648303,53.728328963755274,42.15672995480597,47.38709487448529,3.452390773811532,1.447972175132159,2.0527278449039112,5.773489655639624,2.4214675923114073,3.4328104072969365,31.57579271848069,24.154015107652786,27.521959411974873,52.80471550661177,40.3931552082781,46.0254236494043,3.469730681888128,1.5353866689612485,2.136867002826918,5.802487468016304,2.567652282556664,3.573517699642755,32.12808860332664,25.208585141894115,28.336202002648303,53.728328963755274,42.15672995480597,47.38709487448529,0.6532663316582914,-0.0017336683417086274,-0.011733668341708636,0.5175879396984925,-0.002412060301507535,0.0025879396984924696,0.4623115577889447,0.0023115577889447625,0.007311557788944767,0.4067796610169492,0.11067136998480032,0.1655169778151453,0.40476190476190477,0.39698492462311563,0.11127063890882993,0.15491480776167987,0.398989898989899,0.4067796610169492,0.11067136998480032,0.1655169778151453,0.40476190476190477,23.0,13.0,13.0,34.0,16.0,16.0,43.0,16.0,18.0,-0.0001819844518357609,-0.00048254589316031716,9.047167080299638e-05,0.005032091876683076,0.005125353237687591,0.004214488031251129,"[3.0625, 9.453125, 2.48046875, 1.494140625, 0.81689453125, 4.97265625, 0.56884765625, 8.46875, 4.609375, 5.94140625, 0.1385498046875, 3.185546875, 0.429931640625, 0.353271484375, 7.515625, 3.12109375, 1.185546875, 9.7421875, 12.1171875, 1.578125, 4.609375, 3.08984375, 2.04296875, 6.37890625, 1.9326171875, 4.89453125, 4.06640625, 0.147705078125, 6.4765625, 0.560546875, 8.84375, 0.0100555419921875, 5.265625, 5.18359375, 0.60107421875, 4.28125, 0.84375, 1.4462890625, 6.04296875, 3.162109375, 4.0625, 6.515625, 1.4873046875, 0.477294921875, 3.208984375, 4.77734375, 0.63330078125, 4.78515625, 2.9921875, 6.88671875, 0.89453125, 0.7373046875, 12.15625, 7.55078125, 1.28515625, 1.4208984375, 0.53369140625, 0.55078125, 0.0810546875, 5.6015625, 5.0, 8.2890625, 4.765625, 6.31640625, 0.01140594482421875, 1.0234375, 6.171875, 6.953125, 11.734375, 0.381591796875, 8.609375, 0.265625, 1.3740234375, 1.9677734375, 2.451171875, 6.3828125, 4.37109375, 1.0185546875, 1.734375, 1.3056640625, 4.01171875, 1.3701171875, 5.78125, 7.0078125, 1.1767578125, 0.29541015625, 0.366455078125, 9.375, 0.85595703125, 1.6201171875, 5.95703125, 2.73828125, 6.46875, 8.4375, 3.22265625, 3.61328125, 1.58984375, 0.68017578125, 5.29296875, 2.56640625, 2.24609375, 1.6796875, 1.5673828125, 5.359375, 0.349365234375, 4.76171875, 5.05859375, 9.15625, 0.0303497314453125, 7.0703125, 1.7509765625, 1.291015625, 1.3681640625, 8.484375, 13.3828125, 0.1546630859375, 0.9541015625, 10.359375, 2.41796875, 7.03125, 0.5302734375, 4.296875, 7.1484375, 5.60546875, 7.046875, 0.87353515625, 1.1708984375, 0.7490234375, 10.875, 8.515625, 4.4296875, 6.5078125, 2.771484375, 4.328125, 6.94921875, 0.85205078125, 11.75, 0.048370361328125, 0.60986328125, 10.78125, 7.4140625, 11.015625, 5.2421875, 0.0013208389282226562, 6.4765625, 0.004482269287109375, 0.1387939453125, 0.0008330345153808594, 0.0022335052490234375, 0.0033397674560546875, 0.83642578125, 3.037109375, 0.08697509765625, 4.87890625, 0.0181732177734375, 9.109375, 0.95703125, 1.6123046875, 0.071533203125, 0.67578125, 0.086181640625, 1.4228515625, 0.7119140625, 0.0008063316345214844, 0.493896484375, 0.1890869140625, 3.169921875, 0.005229949951171875, 4.15234375, 0.07470703125, 7.3203125, 0.466552734375, 8.484375, 3.2421875, 2.42578125, 0.33056640625, 0.09930419921875, 0.000926971435546875, 0.39599609375, 0.027740478515625, 2.1875, 0.00765228271484375, 3.0390625, 0.0208587646484375, 7.80078125, 2.830078125, 1.6884765625, 2.150390625, 0.90380859375, 0.0277252197265625, 0.01192474365234375, 0.0008172988891601562, 0.369873046875, 14.0078125, 4.19140625, 8.9140625, 3.205078125, 0.301513671875, 0.66748046875, 0.0128936767578125, 3.07421875, 3.392578125, 0.005283355712890625, 0.0130615234375, 0.00618743896484375, 0.026763916015625, 7.703125, 0.330322265625, 0.003353118896484375, 0.00450897216796875, 0.00043654441833496094, 0.306640625, 0.0002446174621582031, 5.3046875, 0.34228515625, 7.125, 0.0131378173828125, 1.91796875, 0.85302734375, 0.93994140625, 0.055755615234375, 6.94921875, 6.8125, 7.07421875, 2.22265625, 0.025909423828125, 0.0230560302734375, 0.0013265609741210938, 9.6171875, 9.890625, 5.38671875, 6.109375, 5.34765625, 0.1744384765625, 4.19921875, 6.2578125, 3.525390625, 4.54296875, 2.78515625, 3.681640625, 3.1484375, 0.138427734375, 3.138671875, 1.1572265625, 1.3671875, 3.296875, 2.619140625, 0.345947265625, 6.19921875, 10.3984375, 3.84375, 5.0703125, 5.90625, 2.216796875, 0.65283203125, 5.546875, 6.12109375, 15.359375, 1.0126953125, 8.125, 11.046875, 2.90625, 2.62890625, 4.93359375, 8.3125, 1.3984375, 6.4375, 3.80078125, 0.4658203125, 4.3671875, 1.171875, 1.6923828125, 2.552734375, 4.19921875, 0.01096343994140625, 4.7578125, 1.103515625, 2.916015625, 4.140625, 2.548828125, 9.0859375, 0.2783203125, 0.494873046875, 10.0546875, 1.57421875, 1.4755859375, 1.4443359375, 4.4140625, 5.5546875, 6.39453125, 3.140625, 3.791015625, 11.15625, 3.173828125, 0.79052734375]",-1.1838414006314033
355,0,test,3.687490577480186,1.6718907724879442,2.3131366335059163,6.404588897728743,2.903810289058008,4.017553100299748,39.94448349636151,32.439255791906604,35.99196114936617,69.37726080946997,56.34186532278514,62.51235357521492,3.8446487637620477,1.6921507942876377,2.3738254978887166,6.677547852849872,2.9389987479732658,4.122960075280402,46.74226389042836,38.135933972595524,42.389446698210975,81.18393202021767,66.2360958471396,73.62377584426115,3.687490577480186,1.6718907724879442,2.3131366335059163,6.404588897728743,2.903810289058008,4.017553100299748,39.94448349636151,32.439255791906604,35.99196114936617,69.37726080946997,56.34186532278514,62.51235357521492,0.7839195979899498,-0.0010804020100502187,0.003919597989949786,0.6231155778894473,-0.0018844221105527303,0.003115577889447274,0.507537688442211,-0.007462311557788981,-0.0024623115577889765,0.4296577946768061,0.11846234875650252,0.18060596155417652,0.41984732824427484,0.4321608040201005,0.10133373635092757,0.16838784909522575,0.43434343434343436,0.4296577946768061,0.11846234875650252,0.18060596155417652,0.41984732824427484,26.0,6.0,6.0,40.0,12.0,12.0,48.0,11.0,12.0,-0.00026161629238278454,-0.00030475093695635875,-7.338762728643858e-05,0.00013480533558407615,0.00018378111340844328,-8.585827751517172e-05,"[3.0625, 9.453125, 2.48046875, 1.494140625, 0.81689453125, 4.97265625, 6.5703125, 4.390625, 4.1015625, 0.8251953125, 3.548828125, 0.033966064453125, 7.39453125, 6.6875, 0.8046875, 5.54296875, 0.791015625, 1.037109375, 9.2421875, 2.58203125, 5.875, 6.609375, 1.5283203125, 0.6162109375, 3.9765625, 4.75390625, 2.740234375, 4.140625, 8.953125, 6.9453125, 11.8984375, 0.54638671875, 1.876953125, 1.1240234375, 9.2421875, 0.51953125, 0.38720703125, 2.228515625, 4.3671875, 0.0159912109375, 9.0234375, 0.6083984375, 2.529296875, 11.0859375, 1.1201171875, 5.6484375, 0.361572265625, 2.40625, 2.23828125, 1.5556640625, 10.46875, 2.7734375, 2.107421875, 1.45703125, 5.1640625, 8.0234375, 5.24609375, 7.953125, 5.265625, 6.5625, 7.51171875, 3.630859375, 0.3720703125, 2.109375, 2.017578125, 0.2548828125, 5.48046875, 0.10589599609375, 4.28515625, 0.9658203125, 6.234375, 3.896484375, 4.70703125, 2.1875, 2.40234375, 0.004730224609375, 0.007129669189453125, 1.34765625, 9.5390625, 1.0224609375, 1.0390625, 11.234375, 0.9345703125, 5.69140625, 11.2890625, 8.6640625, 0.576171875, 4.03125, 0.2093505859375, 1.9560546875, 0.0341796875, 0.52099609375, 0.01224517822265625, 0.779296875, 2.599609375, 4.8671875, 2.30078125, 9.03125, 0.213623046875, 4.30859375, 9.25, 1.55078125, 2.52734375, 1.806640625, 2.84765625, 10.453125, 0.427978515625, 3.119140625, 3.828125, 1.787109375, 6.125, 5.15234375, 6.1015625, 11.15625, 1.1962890625, 3.23828125, 1.86328125, 4.62890625, 1.384765625, 5.33984375, 1.248046875, 6.55859375, 4.703125, 9.0859375, 10.8984375, 0.0038776397705078125, 0.055206298828125, 3.109375, 6.03125, 9.8984375, 8.578125, 0.77783203125, 0.7421875, 1.6083984375, 10.21875, 1.623046875, 6.27734375, 0.306884765625, 0.74951171875, 6.8125, 2.173828125, 4.15625, 6.22265625, 3.580078125, 0.97021484375, 1.6064453125, 2.064453125, 9.4140625, 4.22265625, 9.78125, 6.91015625, 1.3115234375, 0.9375, 3.263671875, 1.744140625, 2.796875, 4.52734375, 3.21875, 6.171875, 4.48828125, 0.60546875, 6.140625, 0.0027294158935546875, 0.01319122314453125, 2.154296875, 3.724609375, 4.3359375, 6.8125, 3.466796875, 0.349853515625, 3.244140625, 0.490234375, 1.75, 6.33203125, 8.9296875, 7.27734375, 0.003185272216796875, 0.03863525390625, 4.1484375, 1.9091796875, 9.2578125, 5.1953125, 1.3212890625, 1.025390625, 4.96484375, 7.9609375, 0.1685791015625, 6.4296875, 3.033203125, 0.62890625, 4.39453125, 2.111328125, 1.783203125, 9.015625, 5.27734375, 4.984375, 1.3427734375, 1.115234375, 5.45703125, 10.3984375, 1.5234375, 0.53515625, 5.33984375, 0.58740234375, 0.07952880859375, 2.41796875, 0.1048583984375, 1.6142578125, 2.11328125, 5.859375, 6.01171875, 0.4736328125, 4.52734375, 7.6328125, 1.3896484375, 6.84375, 2.205078125, 0.08807373046875, 1.9404296875, 12.2578125, 0.8125, 0.96728515625, 5.4375, 6.796875, 0.475341796875, 0.49169921875, 5.02734375, 0.0004715919494628906, 0.054962158203125, 4.12890625, 1.7734375, 5.10546875, 6.64453125, 1.0068359375, 0.6533203125, 3.318359375, 0.0015058517456054688, 0.02374267578125, 2.970703125, 0.98388671875, 5.80859375, 1.130859375, 1.2333984375, 3.982421875, 2.087890625, 10.390625, 1.41015625, 2.919921875, 0.98876953125, 9.2890625, 2.9765625, 8.25, 5.0546875, 2.0625, 3.33203125, 4.23828125, 4.90234375, 8.3046875, 0.403076171875, 0.04461669921875, 1.6640625, 1.2451171875, 3.490234375]",-0.8497666170388571
295,0,test,3.2317304452996196,1.3588378803879315,1.9228569183181405,6.0711699116900375,2.5527301221160568,3.6123034592681837,25.323439905605568,18.81634851806057,21.621438747508087,47.572936238854396,35.34863160907333,40.61830978578109,3.4981668294973707,1.434474929308609,2.0534384301394395,6.571700691252286,2.6948228440768665,3.857615547949815,33.054801297466746,25.17981141307836,28.814101087971867,62.097170067495334,47.30311392630328,54.130536725958706,3.2652502741702025,1.3792873023093455,1.920444252380117,6.134140688470034,2.591146666188077,3.6077709943557115,26.186664016369306,19.593964045568473,22.349221928117725,49.194600030751594,36.80947002780205,41.98553252392059,0.6884422110552764,-0.01155778894472359,0.003442211055276312,0.5829145728643217,-0.002085427135678275,0.0029145728643216184,0.4773869346733668,-0.0026130653266331905,-0.007613065326633195,0.42592592592592593,0.11775951606460078,0.1671990265419424,0.3777089783281734,0.44221105527638194,0.11389025327136937,0.1784381003515072,0.4191919191919192,0.4280936454849499,0.11256776902418197,0.16669208819907666,0.3959731543624161,21.0,2.0,2.0,31.0,2.0,1.0,41.0,-1.0,3.0,-0.00086924833103137,-0.00021556359811379086,-0.0005026900134105049,0.008942746173621785,0.007732974207049104,0.008504320669111998,"[3.056640625, 9.4453125, 2.4296875, 6.078125, 0.78955078125, 0.10418701171875, 2.328125, 0.515625, 0.9541015625, 0.75830078125, 5.28125, 8.765625, 2.107421875, 0.420166015625, 6.8515625, 3.814453125, 2.830078125, 5.3203125, 4.73828125, 5.921875, 4.88671875, 0.76953125, 6.9140625, 4.41015625, 0.33203125, 9.3125, 0.064208984375, 5.8671875, 0.0330810546875, 9.2265625, 2.076171875, 1.3037109375, 8.0703125, 9.3359375, 6.328125, 1.201171875, 7.02734375, 0.0103759765625, 1.5615234375, 2.72265625, 14.2265625, 0.00855255126953125, 0.666015625, 7.31640625, 3.990234375, 1.134765625, 9.1640625, 7.6640625, 0.1673583984375, 6.7578125, 7.81640625, 2.779296875, 4.50390625, 6.50390625, 2.490234375, 1.51171875, 9.5703125, 1.5087890625, 4.85546875, 3.3828125, 6.96875, 4.77734375, 2.091796875, 4.98046875, 0.214111328125, 8.140625, 0.80615234375, 3.767578125, 3.1875, 3.236328125, 1.271484375, 2.4609375, 3.646484375, 1.7763671875, 2.5859375, 5.265625, 1.640625, 2.166015625, 0.009429931640625, 5.078125, 1.4833984375, 0.2266845703125, 2.423828125, 4.54296875, 6.59375, 3.2890625, 5.640625, 1.4091796875, 5.65234375, 0.9697265625, 0.91162109375, 3.623046875, 0.349609375, 0.80908203125, 9.1484375, 1.4912109375, 0.6220703125, 4.125, 0.052490234375, 0.059600830078125, 0.0034999847412109375, 8.5546875, 0.6650390625, 10.4140625, 0.494384765625, 5.265625, 5.1484375, 0.400390625, 6.15234375, 9.015625, 5.625, 0.352783203125, 7.078125, 8.3046875, 2.7734375, 1.1064453125, 6.69140625, 0.59912109375, 6.90625, 0.673828125, 7.46875, 0.2210693359375, 9.3515625, 3.818359375, 0.544921875, 5.63671875, 5.7578125, 0.327392578125, 7.234375, 1.158203125, 5.23046875, 0.62548828125, 0.04107666015625, 0.002376556396484375, 0.004024505615234375, 0.003082275390625, 7.3203125, 5.328125, 3.875, 3.40625, 11.5078125, 2.08984375, 2.193359375, 0.0030193328857421875, 0.76611328125, 11.953125, 0.1304931640625, 3.796875, 3.255859375, 8.7109375, 0.00975799560546875, 1.85546875, 12.453125, 3.419921875, 1.2392578125, 1.576171875, 1.466796875, 0.1175537109375, 4.51171875, 4.68359375, 5.62890625, 4.4375, 4.83984375, 6.9609375, 0.94189453125, 4.6328125, 0.0173797607421875, 0.0653076171875, 0.01538848876953125, 3.9458274841308594e-05, 0.78173828125, 0.169921875, 0.005992889404296875, 0.0006160736083984375, 0.00037217140197753906, 5.0859375, 4.49609375, 5.36328125, 2.486328125, 0.72314453125, 0.88037109375, 2.7109375, 4.37890625, 2.169921875, 0.6982421875, 6.06640625, 0.1824951171875, 5.296875, 1.7646484375, 1.2890625, 5.796875, 0.341552734375, 5.3515625, 2.14453125, 3.390625, 1.5517578125, 0.10797119140625, 8.3828125, 0.67724609375, 6.40234375, 4.77734375, 10.1640625, 1.23046875, 6.17578125, 0.321533203125, 4.0625, 1.1796875, 0.3896484375, 5.91015625, 3.244140625, 0.93701171875, 2.955078125, 1.3544921875, 4.46484375, 6.125, 7.06640625, 3.00390625, 7.09765625, 0.44580078125, 1.4453125, 1.373046875, 4.21875, 9.4609375, 1.1201171875, 3.37890625, 1.5498046875, 1.125, 3.40234375, 0.0024356842041015625, 2.078125, 6.34375, 2.869140625, 11.8203125, 3.080078125, 0.61181640625, 7.15234375, 10.5859375, 3.37109375, 0.256591796875, 1.478515625, 4.22265625, 0.476806640625, 1.3505859375, 1.4853515625, 1.98046875, 4.71484375, 1.8369140625, 2.865234375, 0.1502685546875, 5.96875, 0.1849365234375, 2.27734375, 3.185546875, 4.49609375, 3.74609375, 3.927734375, 1.7861328125, 2.177734375, 4.30859375, 0.95751953125, 9.3046875, 7.72265625, 1.1171875, 0.002559661865234375, 5.58984375, 5.91015625, 1.865234375, 0.45556640625, 0.658203125, 0.175048828125, 0.061370849609375, 0.34228515625, 0.401123046875, 6.94140625, 1.6484375, 0.0027942657470703125, 0.001270294189453125, 0.00146484375, 0.0016422271728515625, 0.55078125, 4.5703125, 5.09375, 0.1199951171875, 3.71875, 0.6904296875, 2.32421875, 0.88671875, 0.12744140625, 0.0950927734375, 3.9765625, 1.3857421875, 2.677734375, 0.09710693359375, 0.07086181640625, 0.020843505859375, 0.00037670135498046875, 3.181640625, 4.99609375, 0.0268402099609375, 8.65625, 1.4375, 7.94140625, 5.6328125, 2.181640625, 11.828125, 0.1917724609375, 1.4296875, 0.48095703125, 4.42578125, 2.576171875, 2.59375, 0.96728515625, 2.26953125, 0.65771484375, 1.40234375, 0.450439453125, 0.88330078125, 0.0251312255859375, 0.048431396484375, 0.1619873046875, 2.068359375, 0.9814453125, 3.75390625, 4.453125]",-1.4412183919806538
81,0,test,3.6304329484234037,1.5315317849923762,2.1470716673029124,5.505869874386204,2.3227022331637928,3.2562224338243215,37.72914785671537,29.57194630199391,33.32141140637476,57.21956073056359,44.84844936795285,50.53484194331717,4.055202149266574,1.7733842980565746,2.464848672285285,6.1500696102621015,2.689492774303809,3.7381591238449814,57.69682518826701,47.9023560647069,52.79134259118426,87.50229412438598,72.64812294173558,80.06269966435526,3.6570485945928057,1.591133603885892,2.2093559680173316,5.546234835401411,2.4130936172677036,3.3506820368035357,38.74681638403283,30.854300210256145,34.49352712637388,58.76294427910192,46.793251503706,52.31245820113573,0.7688442211055276,-0.006155778894472386,-0.0011557788944723812,0.6532663316582914,0.003266331658291377,0.003266331658291377,0.5879396984924623,0.007939698492462233,0.012939698492462348,0.445141065830721,0.11963245863197292,0.1792390846002726,0.39937106918238996,0.4773869346733668,0.13904107001171262,0.19858893801226496,0.4494949494949495,0.4548494983277592,0.12930692737617322,0.19678498219872698,0.3959731543624161,28.0,4.0,4.0,40.0,4.0,5.0,48.0,3.0,3.0,-0.0018815697047149728,-0.0002729450525648989,-0.0005072210535574659,0.004247472499277372,0.0034701534490721997,0.004298597398502579,"[3.056640625, 9.4453125, 2.4296875, 1.0791015625, 3.802734375, 5.9140625, 3.5, 0.7294921875, 6.046875, 11.1484375, 3.51171875, 11.8046875, 0.0955810546875, 4.8515625, 5.828125, 8.7890625, 5.1953125, 0.458984375, 8.703125, 9.4609375, 4.8984375, 9.1171875, 0.833984375, 4.87109375, 4.45703125, 2.84765625, 0.1658935546875, 0.00015234947204589844, 0.332275390625, 3.322265625, 5.06640625, 2.619140625, 7.34375, 0.1484375, 5.625, 6.625, 5.33203125, 0.4931640625, 2.77734375, 3.390625, 4.16015625, 1.1884765625, 0.1412353515625, 0.376220703125, 0.8134765625, 4.171875, 4.6484375, 4.62890625, 10.4921875, 8.6875, 7.97265625, 12.8671875, 2.44921875, 9.1953125, 4.82421875, 8.28125, 0.78271484375, 4.234375, 1.8154296875, 5.4140625, 8.1875, 8.5546875, 6.4296875, 1.9990234375, 3.5859375, 12.140625, 6.88671875, 0.01053619384765625, 1.724609375, 7.1953125, 1.3740234375, 4.4453125, 1.44921875, 1.7568359375, 5.58984375, 6.23828125, 3.201171875, 2.451171875, 6.078125, 1.9091796875, 3.150390625, 2.443359375, 5.3046875, 0.393310546875, 5.01953125, 0.1888427734375, 7.57421875, 0.1756591796875, 0.04156494140625, 9.1015625, 1.3896484375, 8.734375, 4.90234375, 7.12890625, 7.68359375, 12.4296875, 0.2066650390625, 7.3046875, 0.89501953125, 6.20703125, 0.29052734375, 5.79296875, 1.7177734375, 2.255859375, 6.0703125, 1.5751953125, 1.7900390625, 0.75537109375, 5.25, 0.32763671875, 8.6328125, 4.55859375, 3.05078125, 5.95703125, 0.740234375, 8.7578125, 9.015625, 1.6845703125, 1.62109375, 4.00390625, 0.418701171875, 6.6328125, 2.59765625, 3.166015625, 5.13671875, 6.609375, 0.56494140625, 3.845703125, 7.65625, 0.09637451171875, 5.75, 5.81640625, 4.78125, 0.425048828125, 0.007175445556640625, 4.078125, 1.2373046875, 1.7724609375, 4.17578125, 4.125, 8.09375, 3.08203125, 2.55078125, 0.090576171875, 6.2890625, 7.40625, 1.2841796875, 1.6279296875, 4.6796875, 0.0684814453125, 7.47265625, 4.73828125, 1.92578125, 0.052581787109375, 0.00203704833984375, 0.1317138671875, 0.2880859375, 6.98828125, 2.515625, 4.3984375, 6.5703125, 6.7578125, 5.56640625, 0.469482421875, 0.01500701904296875, 7.640625, 1.083984375, 5.30859375, 8.265625, 3.357421875, 8.6796875, 1.3505859375, 2.37109375, 4.203125, 0.88916015625, 3.111328125, 4.453125, 0.2412109375, 11.1640625, 3.6796875, 5.12890625, 1.8798828125, 2.26171875, 3.93359375, 0.30712890625, 1.5146484375, 6.21484375, 7.4765625, 5.73046875, 1.966796875, 6.33984375, 0.004852294921875, 0.1441650390625, 0.0007467269897460938, 0.003131866455078125, 0.00440216064453125, 12.703125, 6.66796875, 0.1988525390625, 0.19677734375, 6.24609375, 0.01007843017578125, 0.12164306640625, 5.921875, 4.80078125, 6.83984375, 4.671875, 5.28125, 6.41015625, 3.72265625, 2.294921875, 0.0049896240234375, 0.006237030029296875, 3.318359375, 0.005908966064453125, 5.55859375, 0.059783935546875, 0.0293426513671875, 1.0458984375, 0.0002772808074951172, 0.005847930908203125, 8.03125, 1.8154296875, 0.051116943359375, 0.73046875, 0.00021922588348388672, 0.005462646484375, 4.23046875, 5.0078125, 8.625, 11.5234375, 8.21875, 10.71875, 8.515625, 1.0048828125, 0.6982421875, 1.9111328125, 0.0020599365234375, 0.1346435546875, 0.0157012939453125, 0.206787109375, 1.478515625, 1.701171875, 0.00180816650390625, 0.01371002197265625, 0.0059356689453125, 0.02130126953125, 7.0078125, 7.2890625, 0.2880859375, 0.0012388229370117188, 0.00745391845703125, 0.003681182861328125, 0.251953125, 0.0013933181762695312, 0.724609375, 7.15625, 1.0751953125, 1.900390625, 2.1640625, 4.546875, 1.0673828125, 13.578125, 7.234375, 4.6640625, 4.8203125, 3.1875, 9.640625, 4.01171875, 0.71435546875, 2.568359375, 1.841796875, 0.009124755859375, 0.001262664794921875, 0.0228424072265625, 0.0015583038330078125, 0.72607421875, 0.72998046875, 0.000835418701171875, 0.000652313232421875, 0.0002810955047607422, 1.984375, 2.05859375, 1.0732421875, 4.2109375, 0.5654296875, 3.59765625, 11.546875, 0.8232421875, 3.12109375, 2.9765625, 3.00390625, 5.3515625, 2.37109375, 3.08984375, 2.9765625, 5.109375, 2.7109375, 6.85546875, 5.8984375, 1.7392578125, 0.00023186206817626953, 8.46875, 3.146484375, 1.5146484375, 1.3271484375, 0.62158203125, 0.00020110607147216797, 6.91796875, 0.97412109375, 0.79052734375, 1.0625, 1.51171875, 5.72265625, 5.44140625, 6.12109375, 0.060516357421875, 8.4296875, 7.63671875]",-1.6209947020282565
440,0,test,4.137808199282046,1.9383064782504338,2.66145040201683,6.232254324844563,2.9194245721796657,4.008604309210535,62.665320921982826,53.64480327677707,58.288346137560076,94.38480435162846,80.79834567613337,87.79232381212753,4.118117442682161,1.9207670598772904,2.6459424618785583,6.202596642064489,2.8930071766053014,3.9852466709775816,61.44346247765925,52.44233015721683,57.084757539073536,92.54447434906703,78.98721332321549,85.9795113551478,4.162311569653421,1.9729607952526433,2.690585747669134,6.2691606357742895,2.9716199632200313,4.052487175501659,64.21979969762204,55.290385669350485,59.86305207019559,96.72611806308505,83.27687718099703,90.16410311807238,0.8592964824120604,0.014296482412060385,0.039296482412060296,0.6783919597989949,-0.0016080402010050232,-0.0016080402010050232,0.5979899497487438,-0.007010050251256228,0.01298994974874379,0.4444444444444444,0.1015286333561487,0.18179054567563457,0.4256198347107438,0.44723618090452266,0.10638405057870814,0.19181047138866292,0.4191919191919192,0.4609053497942387,0.11798953870594298,0.20235541819369152,0.4380165289256198,20.0,2.0,2.0,29.0,0.0,1.0,40.0,0.0,0.0,-0.00022440526990355467,0.00010446056798822355,4.223691790830461e-05,-3.793101625682027e-06,7.384872300431056e-05,9.33731963588258e-05,"[3.056640625, 9.4453125, 2.4296875, 6.078125, 0.78955078125, 0.10418701171875, 4.328125, 1.2412109375, 2.140625, 1.009765625, 8.59375, 4.9765625, 8.84375, 0.98583984375, 2.919921875, 5.1015625, 4.33203125, 7.76953125, 3.98828125, 4.48046875, 0.365478515625, 12.84375, 5.640625, 9.1796875, 11.640625, 1.8583984375, 8.3671875, 0.6416015625, 4.203125, 0.5859375, 2.90625, 1.1474609375, 5.1015625, 8.90625, 0.853515625, 3.90234375, 0.40966796875, 1.3994140625, 1.93359375, 3.220703125, 6.921875, 1.2705078125, 3.990234375, 3.375, 0.50146484375, 9.125, 4.546875, 2.201171875, 8.4296875, 3.494140625, 5.16796875, 6.203125, 2.640625, 6.33203125, 6.76171875, 6.9921875, 3.427734375, 4.80859375, 0.1002197265625, 9.5234375, 4.34375, 5.09765625, 3.791015625, 0.9853515625, 6.8203125, 2.896484375, 8.453125, 7.46875, 1.056640625, 10.21875, 1.01171875, 2.556640625, 0.822265625, 1.9287109375, 10.1875, 1.3681640625, 1.3310546875, 5.32421875, 1.0556640625, 3.095703125, 3.892578125, 3.73046875, 2.537109375, 2.75, 0.0126495361328125, 5.83984375, 5.953125, 1.02734375, 5.67578125, 2.779296875, 0.459716796875, 5.0625, 3.998046875, 0.56494140625, 2.95703125, 3.662109375, 6.3125, 0.8310546875, 7.21875, 0.322509765625, 6.69140625, 3.17578125, 7.25, 2.05078125, 0.74609375, 3.119140625, 4.65625, 8.875, 1.330078125, 5.55078125, 0.425537109375, 3.3984375, 7.5546875, 5.15234375, 6.4453125, 5.40625, 12.453125, 8.4609375, 1.0478515625, 10.2578125, 0.1417236328125, 4.80859375, 0.43115234375, 7.34765625, 3.6796875, 3.740234375, 0.97607421875, 3.05859375, 1.2109375, 3.4921875, 1.046875, 1.0224609375, 11.6796875, 1.0322265625, 1.3466796875, 9.625, 4.0859375, 7.2421875, 1.744140625, 1.6064453125, 0.415283203125, 6.94921875, 16.203125, 2.48828125, 14.5390625, 5.5546875, 5.11328125, 7.48828125, 1.009765625, 2.970703125, 4.2578125, 5.203125, 4.1953125, 5.29296875, 5.3671875, 5.4375, 4.21484375, 4.6328125, 3.826171875, 3.36328125, 0.004833221435546875, 1.7724609375, 1.9853515625, 0.73974609375, 5.7421875, 1.150390625, 4.72265625, 3.51953125, 1.3271484375, 7.62109375, 2.400390625, 5.04296875, 4.44921875, 0.78662109375, 0.53759765625, 3.650390625, 5.6484375, 3.189453125, 2.662109375, 4.40625, 0.2154541015625, 0.4287109375, 3.404296875, 6.8515625, 0.336181640625, 4.84765625, 5.2578125, 8.3046875, 3.40625, 1.734375, 3.126953125, 3.181640625, 8.4296875, 2.619140625, 0.417236328125, 7.38671875, 1.037109375, 1.2607421875, 0.3525390625, 5.50390625, 7.984375, 0.76513671875, 6.37890625, 3.107421875, 2.142578125, 2.728515625, 0.5302734375, 1.8310546875, 2.65625, 5.94921875, 1.0546875, 2.40625, 5.296875, 1.50390625, 11.9453125, 5.2421875, 7.25390625, 1.5126953125, 9.0234375, 5.51171875, 1.1787109375, 9.4375, 0.1322021484375, 6.2578125, 2.751953125, 1.8037109375, 7.19140625, 3.517578125, 4.5390625, 9.75, 1.9228515625, 5.890625, 0.300537109375, 6.578125, 9.8203125, 2.4765625, 0.416748046875, 8.0234375, 5.328125, 2.0390625, 1.6953125, 2.7109375, 6.61328125]",-0.5415035530372903
324,0,test,3.2915299945107264,1.486053741778173,1.9875594924749012,5.855284512848227,2.6435327868817753,3.5356585946538446,26.883964523977845,20.8010967828124,23.200069945129506,47.82373588687516,37.002956086008,41.27047618379822,4.1093873642197805,1.8208605764260546,2.521337648949994,7.310166467004032,3.2391188143458454,4.485193606674864,60.909390864757064,51.048990351516125,56.01519632317045,108.35137872424121,90.81076675596336,99.64512310754944,3.5634129557721193,1.597267154546352,2.218574575488929,6.338935609765478,2.8413697121075807,3.9466100488597027,35.28341261010996,28.140320142998377,31.44584634600597,62.765467658185564,50.05865995287148,55.93884224364881,0.7688442211055276,-0.01115577889447239,-0.016155778894472395,0.6532663316582914,-0.006733668341708521,-0.011733668341708636,0.5577889447236181,-0.012211055276381999,-0.012211055276381999,0.4249291784702549,0.13072832981396065,0.18641500447220993,0.3522727272727273,0.44723618090452266,0.11139658190702895,0.17511598057063282,0.40909090909090906,0.4280936454849499,0.12926225984221196,0.19227607040152384,0.36241610738255037,26.0,0.0,1.0,39.0,1.0,2.0,48.0,0.0,-2.0,-0.001073692462518871,-0.000775311342966358,-0.0009333665120751604,0.004373838148076459,0.00708935296630564,0.005442884579562879,"[3.056640625, 9.4453125, 2.4296875, 1.0791015625, 8.8046875, 10.984375, 4.36328125, 1.482421875, 3.45703125, 0.1187744140625, 1.1962890625, 8.5078125, 1.869140625, 7.0625, 9.1953125, 0.434814453125, 5.23828125, 5.19921875, 2.3515625, 0.238525390625, 5.15234375, 4.05859375, 0.34765625, 6.20703125, 7.390625, 5.88671875, 6.08203125, 1.4384765625, 6.953125, 2.9296875, 8.546875, 1.505859375, 3.6171875, 7.3359375, 1.5986328125, 6.28125, 1.5986328125, 5.45703125, 10.421875, 5.67578125, 2.009765625, 0.010589599609375, 2.615234375, 2.947265625, 6.03515625, 0.059112548828125, 11.1484375, 4.6953125, 0.34130859375, 3.099609375, 10.90625, 0.2021484375, 8.0, 8.1640625, 3.005859375, 12.8828125, 4.07421875, 5.03125, 0.740234375, 7.1875, 0.089599609375, 7.79296875, 0.57177734375, 0.2459716796875, 7.41015625, 4.79296875, 5.1796875, 7.57421875, 8.796875, 0.77587890625, 4.328125, 1.1328125, 8.765625, 1.6982421875, 2.1015625, 2.712890625, 0.49755859375, 1.54296875, 6.140625, 10.8125, 9.6875, 12.6171875, 8.46875, 2.994140625, 8.7578125, 2.203125, 7.8671875, 7.47265625, 9.015625, 0.158447265625, 1.041015625, 6.9609375, 9.9609375, 1.19921875, 4.4921875, 2.7734375, 2.318359375, 6.359375, 6.2109375, 4.90234375, 3.62109375, 2.802734375, 9.0, 4.8046875, 2.001953125, 7.47265625, 7.08203125, 1.755859375, 5.1484375, 5.6484375, 0.097900390625, 6.30859375, 2.490234375, 5.96484375, 4.98046875, 5.6875, 0.91259765625, 3.193359375, 4.2734375, 0.051055908203125, 4.2421875, 3.328125, 0.375732421875, 7.37890625, 0.1986083984375, 2.701171875, 8.9296875, 5.26953125, 5.02734375, 3.83203125, 2.529296875, 0.57568359375, 0.2403564453125, 4.55859375, 9.8203125, 0.449951171875, 1.857421875, 8.2421875, 2.095703125, 7.20703125, 0.63134765625, 4.71484375, 2.416015625, 0.057525634765625, 0.69287109375, 1.3017578125, 4.0390625, 4.34765625, 0.01255035400390625, 13.6875, 0.232666015625, 0.310791015625, 0.447998046875, 7.55859375, 6.93359375, 1.158203125, 3.462890625, 5.16796875, 1.9248046875, 3.751953125, 2.474609375, 6.3359375, 0.93994140625, 0.03564453125, 6.62890625, 3.283203125, 0.6962890625, 1.9375, 6.328125, 1.9521484375, 1.7724609375, 3.54296875, 6.02734375, 0.044921875, 1.53515625, 4.40234375, 4.109375, 9.953125, 0.0411376953125, 0.0285797119140625, 10.7890625, 1.5283203125, 3.958984375, 0.0533447265625, 4.01953125, 5.43359375, 2.87890625, 9.3203125, 2.990234375, 3.36328125, 4.53515625, 7.96484375, 0.7666015625, 3.291015625, 0.0057830810546875, 0.021575927734375, 0.002735137939453125, 0.01473236083984375, 0.005496978759765625, 1.6337890625, 0.015655517578125, 0.0235443115234375, 9.1796875, 7.4140625, 6.58203125, 4.23046875, 5.7578125, 1.3505859375, 4.25390625, 13.421875, 1.384765625, 0.005706787109375, 0.005504608154296875, 7.828125, 5.14453125, 10.703125, 1.59765625, 0.0007495880126953125, 0.0247344970703125, 5.1484375, 7.39453125, 6.796875, 3.67578125, 9.4453125, 12.640625, 0.833984375, 0.0007290840148925781, 0.052001953125, 6.8125, 1.4609375, 0.640625, 0.48828125, 3.990234375, 3.732421875, 0.12841796875, 0.0009307861328125, 0.0784912109375, 5.94921875, 1.91796875, 7.09765625, 6.1796875, 0.1068115234375, 4.77734375, 0.07781982421875, 0.283203125, 0.97998046875, 0.127197265625, 1.4375, 0.00467681884765625, 0.0828857421875, 6.53125, 0.4287109375, 2.4609375, 0.0745849609375, 6.734375, 0.081787109375, 0.0015239715576171875, 0.0068206787109375, 5.09765625, 0.008514404296875, 1.21484375, 0.1563720703125, 0.2154541015625, 0.0007352828979492188, 0.00213623046875, 4.39453125, 0.0574951171875, 2.205078125, 0.87060546875, 0.0005745887756347656, 0.004978179931640625, 1.6318359375, 0.0007958412170410156, 0.0872802734375, 0.432861328125, 3.86328125, 2.578125, 0.228759765625, 0.0005631446838378906, 0.042327880859375, 0.61962890625, 8.7421875, 3.501953125, 0.212646484375, 3.5078125, 0.0361328125, 0.026214599609375, 0.00301361083984375, 0.2205810546875, 0.2120361328125, 0.0029125213623046875, 3.056640625, 0.00537872314453125, 0.009490966796875, 0.011199951171875, 0.015838623046875, 9.0546875, 1.4697265625, 0.2086181640625, 0.0006690025329589844, 0.0020389556884765625, 0.0024547576904296875, 2.279296875, 0.042755126953125, 7.55078125, 6.4609375, 0.1436767578125, 0.007778167724609375, 0.005962371826171875, 0.0009946823120117188, 0.390380859375, 0.0031909942626953125, 1.11328125, 4.3203125, 0.5078125, 0.0204925537109375, 0.00412750244140625, 1.390625, 2.84375, 3.455078125, 0.19970703125, 4.25390625, 7.64453125, 4.6015625, 2.4765625, 1.3193359375, 6.875, 2.0859375, 4.3984375, 1.3994140625, 1.8447265625, 0.005519866943359375, 0.0010499954223632812, 0.057464599609375, 0.003406524658203125, 0.43212890625, 0.395751953125, 0.0026226043701171875, 0.0032558441162109375, 0.002048492431640625, 7.40625, 0.2010498046875, 5.671875, 0.271240234375, 0.1033935546875, 0.424560546875, 0.11639404296875, 0.046661376953125, 0.56103515625, 1.736328125, 4.83984375, 0.061859130859375, 4.0859375]",-1.8195868916281897
376,0,test,3.107909011018687,1.3735344166585588,1.9017050182581776,5.258148384921151,2.3238285770211666,3.217419536704243,22.374211224846043,16.70882769204253,19.033432293553577,37.854043409477896,28.269004990606835,32.20191161293076,3.335765052680394,1.3863287304896863,1.9855016051656356,5.64364901354648,2.3454747707703407,3.3591916692046504,28.099872885461014,21.075146103677277,24.24143099172133,47.54106400970439,35.656206489360976,41.013118712737835,3.107909011018687,1.3735344166585588,1.9017050182581776,5.258148384921151,2.3238285770211666,3.217419536704243,22.374211224846043,16.70882769204253,19.033432293553577,37.854043409477896,28.269004990606835,32.20191161293076,0.778894472361809,0.003894472361808954,-0.006105527638191055,0.5879396984924623,0.012939698492462348,0.012939698492462348,0.457286432160804,-0.03271356783919599,-0.027713567839195985,0.4137931034482759,0.10398243219182157,0.1637931034482759,0.37370242214532867,0.4321608040201005,0.11637133033588998,0.16171005276801365,0.3939393939393939,0.4137931034482759,0.10398243219182157,0.1637931034482759,0.37370242214532867,22.0,9.0,9.0,36.0,11.0,11.0,44.0,8.0,8.0,-0.0006254671544097447,-7.836843355224812e-05,-0.0001820948629768401,0.00032191322581809345,-0.00013850755599076336,8.764760639934366e-06,"[3.0625, 9.453125, 2.48046875, 1.494140625, 5.81640625, 8.515625, 5.04296875, 7.08203125, 4.28125, 4.25390625, 1.27734375, 5.1484375, 5.70703125, 1.0927734375, 9.1875, 4.5546875, 0.0673828125, 0.7158203125, 1.822265625, 2.046875, 4.11328125, 4.43359375, 2.51171875, 1.8544921875, 5.9921875, 1.2939453125, 6.57421875, 0.8935546875, 3.880859375, 0.35205078125, 2.69921875, 1.166015625, 9.7734375, 12.578125, 2.146484375, 4.4140625, 3.80078125, 1.6708984375, 4.09375, 0.291748046875, 0.2105712890625, 0.02496337890625, 0.630859375, 0.293212890625, 2.57421875, 6.2265625, 2.623046875, 1.1650390625, 1.951171875, 0.88525390625, 5.3515625, 4.73046875, 0.1768798828125, 7.9375, 0.2098388671875, 2.6640625, 7.73828125, 0.1669921875, 6.32421875, 5.87109375, 4.4609375, 0.447998046875, 6.14453125, 10.5078125, 5.5234375, 3.50390625, 1.294921875, 0.02813720703125, 3.015625, 0.77392578125, 2.79296875, 0.023406982421875, 1.5087890625, 3.337890625, 1.783203125, 6.37109375, 0.040496826171875, 0.10577392578125, 0.974609375, 1.138671875, 1.1064453125, 2.298828125, 3.857421875, 6.05078125, 2.146484375, 4.79296875, 0.03350830078125, 2.12109375, 4.9375, 2.708984375, 0.32421875, 1.1455078125, 2.482421875, 2.0234375, 1.0458984375, 1.490234375, 7.6171875, 0.107666015625, 0.337646484375, 0.35302734375, 11.453125, 4.0078125, 3.138671875, 4.265625, 3.572265625, 4.85546875, 5.234375, 0.65966796875, 1.7177734375, 0.0209808349609375, 8.546875, 0.21240234375, 6.3203125, 1.6572265625, 6.140625, 0.3564453125, 1.1513671875, 3.4609375, 1.4697265625, 2.724609375, 7.27734375, 1.228515625, 8.328125, 1.1259765625, 6.78125, 5.5390625, 3.603515625, 0.8056640625, 5.30859375, 3.88671875, 1.9248046875, 0.3369140625, 3.935546875, 0.86962890625, 2.54296875, 5.4375, 3.486328125, 10.0078125, 1.017578125, 2.02734375, 6.99609375, 6.5703125, 2.4453125, 3.595703125, 1.12109375, 7.0625, 0.06732177734375, 2.828125, 3.5703125, 1.6513671875, 6.08203125, 0.0067901611328125, 4.19140625, 1.7158203125, 8.21875, 5.5625, 0.7900390625, 5.9453125, 8.078125, 1.8271484375, 1.908203125, 1.1533203125, 6.95703125, 4.08203125, 5.95703125, 3.474609375, 5.93359375, 1.751953125, 0.005886077880859375, 1.3193359375, 1.90625, 5.9921875, 1.0458984375, 9.3125, 1.15234375, 4.15234375, 0.56103515625, 3.306640625, 0.052642822265625, 0.1834716796875, 4.0, 2.111328125, 1.9169921875, 3.23828125, 3.9140625, 6.65234375, 0.1063232421875, 9.9453125, 0.01195526123046875, 5.25, 8.3125, 4.58984375, 1.5859375, 4.875, 1.7177734375, 0.9599609375, 2.123046875, 1.9150390625, 0.939453125, 1.037109375, 2.232421875, 0.343505859375, 4.515625, 0.857421875, 4.53515625, 2.025390625, 9.234375, 0.04888916015625, 0.66796875, 3.826171875, 7.9609375, 6.43359375, 1.9658203125, 0.8349609375, 0.38134765625, 7.44921875, 8.984375, 1.951171875, 0.56982421875, 3.728515625, 0.0946044921875, 0.77294921875, 7.078125, 6.58984375, 0.0016536712646484375, 0.05511474609375, 0.00043082237243652344, 0.0072479248046875, 0.0020236968994140625, 1.6103515625, 0.0023174285888671875, 0.01242828369140625, 8.703125, 0.15234375, 3.49609375, 0.214599609375, 7.34375, 7.12109375, 5.90234375, 0.50341796875, 0.1964111328125, 2.322265625, 4.37109375, 0.00792694091796875, 0.56005859375, 2.005859375, 3.8984375, 7.7578125, 2.9375, 5.21484375, 8.7109375, 2.6796875, 0.10882568359375, 0.74951171875, 1.0283203125, 0.0079498291015625, 0.001953125, 2.2421875, 0.03240966796875, 0.0142974853515625, 4.03515625, 0.0024623870849609375, 4.3359375, 1.626953125, 15.328125, 1.23828125, 0.93359375, 3.935546875, 0.1480712890625, 0.6220703125, 2.53515625, 0.01107025146484375, 5.04296875, 0.1343994140625, 8.421875, 0.218505859375, 0.288818359375, 10.3671875, 0.1962890625, 0.38232421875, 0.84912109375, 0.970703125, 0.03961181640625, 1.2001953125, 1.8271484375, 2.333984375, 3.662109375, 0.51611328125, 0.50732421875, 0.1973876953125]",-1.450802517759389
205,0,test,3.5273475486840775,1.608422278884108,2.1952980447246393,6.729478656709339,3.0685503051051417,4.188192723623603,34.0335753854401,27.21994366836329,30.24477478797682,64.92930339491764,51.930247140352655,57.70102424089195,3.480706890623773,1.539221991473374,2.140842956640223,6.640497543104928,2.936529898626507,4.0843032293348935,32.482675660930724,25.513583971326952,28.664151762249606,61.970494700640884,48.67485168997837,54.68550939039109,3.5273475486840775,1.608422278884108,2.1952980447246393,6.729478656709339,3.0685503051051417,4.188192723623603,34.0335753854401,27.21994366836329,30.24477478797682,64.92930339491764,51.930247140352655,57.70102424089195,0.7236180904522613,0.0036180904522613577,0.0036180904522613577,0.592964824120603,-0.007035175879396949,-0.007035175879396949,0.4522613065326633,-0.0027386934673366836,0.002261306532663321,0.4104477611940298,0.09014980961116204,0.16230880337765263,0.41198501872659177,0.4120603015075377,0.08875203083084593,0.15329569382807195,0.41414141414141414,0.4104477611940298,0.09014980961116204,0.16230880337765263,0.41198501872659177,23.0,6.0,5.0,37.0,8.0,8.0,40.0,3.0,1.0,4.009388950530749e-05,-0.0001573702373592614,-7.556590023764551e-05,0.00016945494488584956,-0.00022372510708557058,-6.833549267337702e-05,"[3.0625, 6.44921875, 0.0345458984375, 0.00528717041015625, 0.01554107666015625, 2.646484375, 0.0124359130859375, 10.015625, 0.0012922286987304688, 3.125, 7.06640625, 4.34765625, 5.0859375, 0.0009813308715820312, 0.176513671875, 0.003574371337890625, 1.2109375, 12.3359375, 1.248046875, 3.337860107421875e-05, 0.013671875, 0.00902557373046875, 4.953125, 3.677734375, 2.1328125, 0.1385498046875, 0.019378662109375, 2.037109375, 5.265625, 2.5234375, 6.16015625, 5.703125, 5.765625, 2.099609375, 2.458984375, 10.25, 2.11328125, 11.0546875, 10.609375, 6.515625, 10.6953125, 6.8125, 1.74609375, 2.955078125, 6.94921875, 9.0546875, 5.72265625, 0.8056640625, 2.69921875, 4.03125, 2.806640625, 0.07568359375, 0.9375, 5.78125, 9.609375, 2.55859375, 2.60546875, 2.49609375, 2.150390625, 3.3515625, 1.189453125, 1.0673828125, 3.390625, 9.1953125, 0.10302734375, 7.16796875, 2.71875, 4.48046875, 10.296875, 0.99658203125, 0.509765625, 4.69140625, 0.2318115234375, 6.5390625, 11.796875, 0.413330078125, 2.037109375, 8.359375, 7.796875, 7.68359375, 0.75146484375, 7.58984375, 1.115234375, 1.5771484375, 8.8671875, 5.421875, 0.351806640625, 10.171875, 1.9111328125, 0.1787109375, 0.179931640625, 7.2421875, 4.68359375, 0.1414794921875, 3.2421875, 3.810546875, 0.0023860931396484375, 0.006961822509765625, 1.357421875, 0.92138671875, 2.220703125, 10.546875, 2.298828125, 2.27734375, 2.642578125, 0.05023193359375, 4.0546875, 4.234375, 0.31884765625, 4.6953125, 3.173828125, 7.6328125, 0.2432861328125, 3.974609375, 4.97265625, 0.461669921875, 0.3203125, 1.6259765625, 4.2578125, 8.1171875, 2.330078125, 1.826171875, 1.533203125, 4.78125, 0.58935546875, 6.65625, 0.29345703125, 4.4609375, 0.64892578125, 1.0107421875, 4.42578125, 0.9091796875, 2.814453125, 0.330322265625, 1.6328125, 9.4375, 4.52734375, 1.3828125, 4.40234375, 3.01953125, 7.625, 7.5625, 4.94140625, 5.8515625, 7.984375, 0.030487060546875, 5.09765625, 1.369140625, 0.1356201171875, 5.53515625, 2.70703125, 0.525390625, 6.07421875, 3.765625, 0.8232421875, 2.509765625, 4.11328125, 1.8310546875, 3.1796875, 6.07421875, 0.13720703125, 8.296875, 2.6953125, 1.6953125, 0.352783203125, 2.99609375, 1.2587890625, 2.6484375, 8.9609375, 13.4921875, 0.0804443359375, 1.7373046875, 0.341064453125, 6.05859375, 0.231689453125, 0.06640625, 2.078125, 0.70068359375, 5.44921875, 5.06640625, 5.44921875, 7.203125, 0.044769287109375, 3.564453125, 0.199951171875, 0.9287109375, 8.1484375, 7.4296875, 1.146484375, 0.286865234375, 2.21875, 3.396484375, 4.1640625, 1.7734375, 0.007198333740234375, 5.58203125, 1.40234375, 1.2666015625, 0.0002970695495605469, 7.015625, 1.83984375, 9.421875, 1.6943359375, 0.235595703125, 7.08984375, 7.78125, 1.7294921875, 11.8359375, 7.24609375, 1.83203125, 7.66015625, 4.26953125, 3.904296875, 0.57275390625, 0.736328125, 0.00986480712890625, 3.1796875, 0.9775390625, 2.431640625, 2.029296875, 1.4248046875, 6.6484375, 2.171875, 0.0977783203125, 0.33935546875, 2.744140625, 8.59375, 2.451171875, 1.3369140625, 1.9111328125, 0.81298828125, 1.8935546875, 2.099609375, 0.9306640625, 7.34765625, 2.7265625, 5.59765625, 4.47265625, 6.4140625, 1.994140625, 0.407470703125, 6.19921875, 4.94140625, 3.6484375, 0.49072265625, 0.0081024169921875, 4.83203125, 10.4453125, 8.828125, 0.00046372413635253906, 2.771484375, 1.453125, 0.18994140625, 0.006092071533203125, 0.0006012916564941406, 0.00020432472229003906, 5.6796875, 7.96484375, 2.44140625, 7.41015625, 7.734375, 0.420166015625, 5.203125, 5.30859375, 3.08203125, 7.625, 0.07098388671875, 6.859375]",-1.0873632591162155
402,0,test,3.4223474386302826,1.5734458043466955,2.1606040253349175,6.3113420296818195,2.9016792755484513,3.98449054022803,30.641259138613,24.288421188875343,27.109686023698302,56.50725711276683,44.791633880783095,49.99448591383323,3.532916380532423,1.5709211099156957,2.198141868450035,6.515248390072779,2.897023345558815,4.053716172985778,34.22363134764131,27.110125062806915,30.42449215779717,63.11370975798786,49.99529557037119,56.1075050182753,3.4223474386302826,1.5734458043466955,2.1606040253349175,6.3113420296818195,2.9016792755484513,3.98449054022803,30.641259138613,24.288421188875343,27.109686023698302,56.50725711276683,44.791633880783095,49.99448591383323,0.7336683417085428,0.013668341708542808,-0.001331658291457205,0.5778894472361809,0.0028894472361808976,0.007889447236180791,0.48743718592964824,-0.002562814070351749,-0.002562814070351749,0.4028268551236749,0.10829422725771365,0.17368466945975014,0.3829787234042553,0.40703517587939697,0.09876449918766761,0.1666345080997642,0.40909090909090906,0.4028268551236749,0.10829422725771365,0.17368466945975014,0.3829787234042553,25.0,4.0,5.0,35.0,3.0,5.0,42.0,3.0,3.0,-0.000439139071413387,1.109481227491622e-05,1.725680219704503e-05,0.0002734037727947225,-0.00016562223134020115,-1.5767138139999304e-05,"[3.0625, 9.453125, 2.48046875, 1.494140625, 1.81640625, 8.234375, 3.4296875, 0.01206207275390625, 5.6796875, 4.953125, 0.6494140625, 6.8359375, 0.0701904296875, 5.1171875, 0.60595703125, 1.0927734375, 11.8203125, 0.102783203125, 1.7060546875, 0.54541015625, 0.042633056640625, 4.72265625, 1.888671875, 3.4609375, 5.1328125, 0.031646728515625, 1.193359375, 5.35546875, 0.045654296875, 5.7734375, 5.4765625, 2.203125, 7.8828125, 1.1279296875, 1.0673828125, 0.491943359375, 2.001953125, 0.0192718505859375, 1.0185546875, 6.40234375, 1.1875, 4.2421875, 0.251220703125, 6.13671875, 5.0703125, 0.337158203125, 2.76953125, 3.7578125, 0.31591796875, 0.353515625, 0.56982421875, 9.84375, 0.08575439453125, 1.1494140625, 1.3984375, 4.453125, 4.57421875, 2.943359375, 9.2734375, 9.09375, 8.9921875, 7.046875, 1.5244140625, 3.1640625, 0.03936767578125, 6.82421875, 1.4970703125, 7.04296875, 5.1875, 0.904296875, 8.171875, 2.037109375, 0.1036376953125, 9.2109375, 9.53125, 1.328125, 0.481689453125, 2.033203125, 0.0172119140625, 6.01171875, 0.061187744140625, 5.1953125, 10.3515625, 0.384765625, 0.84375, 8.3515625, 3.263671875, 0.024169921875, 7.953125, 1.8720703125, 3.90625, 0.697265625, 9.8125, 10.5, 0.005527496337890625, 0.0084381103515625, 5.1640625, 7.70703125, 2.638671875, 4.2109375, 4.98046875, 3.431640625, 0.91650390625, 0.40478515625, 10.59375, 1.9365234375, 7.640625, 7.39453125, 2.455078125, 1.361328125, 0.1810302734375, 6.0703125, 0.01605224609375, 0.05352783203125, 7.26171875, 1.162109375, 1.3076171875, 2.517578125, 3.22265625, 3.79296875, 6.44921875, 1.0673828125, 2.560546875, 6.5234375, 0.6396484375, 9.484375, 6.79296875, 8.1640625, 1.5947265625, 2.30078125, 7.046875, 3.3984375, 3.50390625, 1.787109375, 3.505859375, 0.056732177734375, 4.0859375, 7.2578125, 1.154296875, 1.43359375, 3.029296875, 3.33203125, 3.0078125, 6.34375, 7.8125, 1.1494140625, 1.4404296875, 0.65673828125, 9.421875, 0.53955078125, 3.400390625, 4.48046875, 5.24609375, 3.115234375, 0.1787109375, 2.193359375, 2.00390625, 2.81640625, 0.07220458984375, 4.109375, 3.498046875, 7.07421875, 0.43701171875, 0.2265625, 0.01409149169921875, 0.0002562999725341797, 3.53515625, 2.548828125, 3.13671875, 2.12890625, 4.17578125, 1.94140625, 0.49169921875, 4.9140625, 5.734375, 1.8603515625, 5.6328125, 8.8359375, 7.5625, 3.267578125, 0.025054931640625, 4.6953125, 0.51416015625, 12.625, 5.45703125, 9.109375, 4.13671875, 1.056640625, 10.8984375, 0.85791015625, 0.0433349609375, 0.001117706298828125, 1.0615234375, 1.634765625, 6.40625, 0.1234130859375, 3.865234375, 1.4921875, 6.6953125, 7.84375, 0.15869140625, 0.6689453125, 3.34765625, 0.01158905029296875, 0.81591796875, 7.0703125, 1.244140625, 1.8798828125, 6.26953125, 0.220458984375, 6.14453125, 2.994140625, 7.6875, 3.15625, 1.2041015625, 2.75390625, 11.453125, 1.392578125, 3.0, 2.4765625, 1.658203125, 7.4765625, 5.71875, 4.9375, 1.67578125, 9.578125, 2.376953125, 2.82421875, 0.14794921875, 3.564453125, 0.0216217041015625, 3.7109375, 6.00390625, 0.00502777099609375, 0.00731658935546875, 8.3984375, 1.091796875, 5.8125, 0.28173828125, 6.1875, 5.73828125, 0.47509765625, 6.89453125, 3.46875, 10.7421875, 1.0654296875, 1.4189453125, 1.6806640625, 6.7578125, 8.234375, 0.29248046875, 0.873046875, 0.20703125, 11.25, 0.2998046875, 1.7021484375, 0.26171875, 9.4140625, 0.208984375, 0.673828125, 0.259521484375, 3.03125, 0.01248931884765625, 0.4306640625, 0.241943359375, 1.1064453125, 6.75390625, 8.4453125, 0.2318115234375, 2.779296875, 0.40576171875, 1.1845703125, 6.953125, 3.2265625, 5.11328125, 3.416015625, 0.0032749176025390625, 1.1142578125, 1.173828125, 0.0029850006103515625, 0.0028629302978515625, 2.037109375, 1.68359375]",-1.255580532255948
261,0,test,3.5221457345732325,1.4940034575565355,2.097355150270409,6.326817338029695,2.6836728774626653,3.7674712884486974,33.85699871044103,26.257044084400057,29.700011497219002,60.817201387273705,47.1654310404964,53.35002065241191,3.4449939739764037,1.3396702045814886,1.9582078622100152,6.188229916216873,2.406444626748229,3.517521530266138,31.34309457187283,23.13333392329373,26.92023649092681,56.30148469391971,41.554322047397996,48.356721104072236,3.5221457345732325,1.4940034575565355,2.097355150270409,6.326817338029695,2.6836728774626653,3.7674712884486974,33.85699871044103,26.257044084400057,29.700011497219002,60.817201387273705,47.1654310404964,53.35002065241191,0.7185929648241206,-0.011407035175879376,0.003592964824120526,0.5879396984924623,-0.002060301507537776,-0.002060301507537776,0.4824120603015075,0.002412060301507535,-0.012587939698492479,0.4379310344827586,0.12295685203869666,0.19022461246441003,0.4186851211072664,0.4321608040201005,0.10384000201508792,0.16337950184981664,0.4040404040404041,0.4379310344827586,0.12295685203869666,0.19022461246441003,0.4186851211072664,23.0,13.0,12.0,38.0,19.0,18.0,45.0,19.0,18.0,2.511733849826998e-05,-0.00010863393210432888,-0.00010610153027893841,0.00032191322581809345,-0.00013850755599076336,8.764760639934366e-06,"[3.0625, 9.453125, 2.48046875, 1.494140625, 0.81689453125, 2.970703125, 2.646484375, 5.01953125, 7.89453125, 6.78125, 0.05926513671875, 9.7890625, 3.41015625, 6.5, 3.82421875, 0.297119140625, 3.234375, 0.07904052734375, 3.615234375, 3.16015625, 3.95703125, 10.9609375, 0.92919921875, 11.2109375, 3.306640625, 9.3203125, 4.64453125, 1.0712890625, 1.052734375, 4.2421875, 1.349609375, 9.0390625, 3.939453125, 0.515625, 1.884765625, 0.0086669921875, 1.3193359375, 5.8203125, 2.076171875, 5.21484375, 4.515625, 5.51171875, 1.8857421875, 3.794921875, 2.240234375, 5.75390625, 0.0096893310546875, 6.078125, 0.033477783203125, 2.64453125, 3.1640625, 7.24609375, 2.521484375, 6.9296875, 3.060546875, 1.9970703125, 6.44921875, 0.2425537109375, 4.60546875, 0.1473388671875, 0.66357421875, 0.9873046875, 2.248046875, 1.4501953125, 0.88623046875, 7.57421875, 0.1129150390625, 9.21875, 0.0070648193359375, 1.08984375, 0.004550933837890625, 3.404296875, 6.9453125, 5.40625, 7.96875, 1.88671875, 11.5625, 7.81640625, 1.4443359375, 0.904296875, 4.62109375, 4.7421875, 2.009765625, 5.75, 6.234375, 9.375, 2.259765625, 5.84375, 0.2294921875, 0.5244140625, 4.10546875, 4.3671875, 13.0859375, 0.0008192062377929688, 2.5546875, 4.12109375, 10.7265625, 2.96875, 1.4462890625, 5.3203125, 1.22265625, 4.21484375, 0.0252685546875, 6.140625, 3.998046875, 0.047515869140625, 1.4267578125, 4.015625, 3.572265625, 9.28125, 6.109375, 3.19921875, 0.130859375, 4.4453125, 0.003570556640625, 4.15625, 0.006988525390625, 0.010162353515625, 0.0277099609375, 0.01068115234375, 3.478515625, 0.056732177734375, 0.0012187957763671875, 0.008514404296875, 0.001262664794921875, 1.498046875, 0.0714111328125, 0.09014892578125, 0.85498046875, 1.357421875, 0.2032470703125, 0.0273895263671875, 0.214111328125, 0.0196990966796875, 9.000301361083984e-05, 0.010589599609375, 0.003078460693359375, 0.0008883476257324219, 8.15625, 0.135498046875, 10.8203125, 2.9296875, 4.55859375, 9.75, 0.005462646484375, 3.25390625, 6.1796875, 7.671875, 5.78125, 0.634765625, 2.89453125, 6.47265625, 3.1328125, 0.80810546875, 6.42578125, 0.0714111328125, 1.84375, 5.21484375, 0.001522064208984375, 7.29296875, 4.12109375, 6.58984375, 2.974609375, 2.421875, 2.5390625, 1.3759765625, 4.78125, 0.79296875, 0.29296875, 1.8046875, 1.876953125, 5.16015625, 4.10546875, 0.60205078125, 3.7734375, 0.3505859375, 1.3212890625, 1.390625, 2.77734375, 1.849609375, 4.9765625, 10.7421875, 5.32421875, 8.359375, 0.046783447265625, 7.19921875, 4.3359375, 8.5703125, 1.7685546875, 2.607421875, 2.30859375, 6.32421875, 8.828125, 0.058197021484375, 4.7421875, 7.03515625, 4.6875, 0.63720703125, 6.828125, 3.119140625, 2.03125, 2.587890625, 3.8515625, 8.3125, 5.12109375, 0.84521484375, 8.703125, 9.6171875, 1.20703125, 0.007289886474609375, 0.84375, 4.8359375, 9.3125, 4.72265625, 1.31640625, 0.01190185546875, 0.73779296875, 10.84375, 0.193603515625, 0.1343994140625, 5.31640625, 8.4765625, 0.66455078125, 1.04296875, 9.4296875, 2.296875, 4.37109375, 10.1875, 0.0198211669921875, 3.693359375, 1.1708984375, 10.1015625, 0.388671875, 6.3671875, 0.2100830078125, 1.4072265625, 6.28515625, 11.7109375, 0.8779296875, 1.3564453125, 2.2890625, 0.006378173828125, 8.140625, 0.8681640625, 8.890625, 5.1953125, 1.2841796875, 0.135009765625, 4.61328125, 2.224609375, 5.3203125, 4.24609375, 0.873046875, 1.0, 0.78466796875, 3.03515625, 4.5234375, 0.10687255859375, 4.61328125, 6.265625, 1.3369140625, 4.3046875, 0.455078125, 5.9296875, 0.072998046875, 1.248046875, 7.171875, 0.73974609375, 0.00916290283203125, 10.8515625, 0.04229736328125, 2.169921875, 5.35546875, 1.20703125, 11.34375, 4.0390625, 0.66845703125, 1.2802734375, 6.1015625, 7.73046875, 1.5068359375, 6.23046875, 4.78515625, 3.578125, 1.12890625, 6.1328125, 0.427490234375, 0.55322265625, 4.5625, 2.900390625]",-1.335524095749033
46,0,test,3.4554900764522696,1.6306252219438213,2.1882712694106248,6.110038744455337,2.883290955357617,3.869327343924746,31.67380746646193,25.4718506704966,28.122844563278612,56.006003930763804,45.0396299935271,49.72714899599595,3.3285978786909403,1.5004215389248037,2.0992138146136043,5.88566644775153,2.653063250946507,3.7118548907406113,27.89919620877373,21.67666768161648,24.480073281820353,49.33169130955355,38.32894219199735,43.285957392357844,3.4554900764522696,1.6306252219438213,2.1882712694106248,6.110038744455337,2.883290955357617,3.869327343924746,31.67380746646193,25.4718506704966,28.122844563278612,56.006003930763804,45.0396299935271,49.72714899599595,0.7487437185929648,0.003743718592964851,0.008743718592964855,0.5979899497487438,-0.012010050251256232,0.007989949748743674,0.4522613065326633,-0.012738693467336692,0.002261306532663321,0.40601503759398494,0.07956100382287801,0.148515037593985,0.4037735849056604,0.39698492462311563,0.06866412261810306,0.14990646051627088,0.3737373737373737,0.40601503759398494,0.07956100382287801,0.148515037593985,0.4037735849056604,24.0,5.0,5.0,33.0,4.0,4.0,44.0,6.0,8.0,0.00018222060190876282,7.578171538991923e-05,-6.800822784404325e-05,0.00015559510116602837,-0.0002314721571865519,-7.534460660885145e-05,"[3.0625, 9.453125, 2.48046875, 5.4921875, 0.79443359375, 0.078125, 2.326171875, 7.50390625, 10.0390625, 0.73486328125, 0.2442626953125, 10.375, 4.09375, 5.58984375, 3.109375, 0.65380859375, 5.828125, 5.7265625, 1.3984375, 1.595703125, 0.001186370849609375, 2.314453125, 0.54248046875, 3.521484375, 8.2890625, 3.10546875, 6.53125, 3.166015625, 2.2734375, 1.814453125, 1.7470703125, 4.3671875, 3.765625, 0.7998046875, 9.1640625, 0.333251953125, 7.8671875, 2.55078125, 2.732421875, 2.88671875, 1.4580078125, 6.83984375, 2.171875, 0.59375, 2.177734375, 0.1612548828125, 7.64453125, 0.2022705078125, 5.640625, 2.466796875, 8.3828125, 7.57421875, 0.288818359375, 2.74609375, 2.2578125, 8.1640625, 1.298828125, 5.6875, 1.55078125, 4.10546875, 3.33203125, 2.421875, 4.8984375, 1.232421875, 1.57421875, 3.70703125, 4.83203125, 3.92578125, 0.55224609375, 0.392578125, 1.56640625, 5.2265625, 0.56591796875, 3.943359375, 0.0031871795654296875, 7.1484375, 3.00390625, 10.4140625, 0.393798828125, 0.70068359375, 2.05859375, 5.92578125, 3.685546875, 0.47998046875, 0.83154296875, 8.921875, 0.014129638671875, 1.69140625, 2.8515625, 7.4765625, 3.126953125, 2.55078125, 3.4296875, 0.45361328125, 4.3203125, 6.953125, 9.578125, 0.71044921875, 0.962890625, 0.00223541259765625, 0.007350921630859375, 1.7529296875, 3.42578125, 8.1328125, 0.0184478759765625, 0.82861328125, 8.0390625, 0.25732421875, 0.8408203125, 5.8984375, 7.2109375, 0.383544921875, 3.640625, 1.673828125, 3.162109375, 0.013763427734375, 2.548828125, 5.1640625, 0.1395263671875, 4.53515625, 1.3818359375, 2.53515625, 5.44140625, 4.62109375, 0.7666015625, 2.970703125, 0.75341796875, 2.99609375, 5.59765625, 12.9140625, 2.630859375, 6.82421875, 8.375, 4.5078125, 4.4296875, 3.5, 0.0202484130859375, 4.87109375, 6.0078125, 1.6416015625, 1.4921875, 0.00496673583984375, 0.9794921875, 5.25, 4.34765625, 0.029632568359375, 7.984375, 8.0703125, 0.022979736328125, 8.9765625, 8.421875, 0.402099609375, 4.3125, 0.6181640625, 6.31640625, 4.65625, 0.1424560546875, 3.609375, 3.64453125, 8.03125, 0.420166015625, 1.1259765625, 2.87890625, 2.765625, 0.46240234375, 6.703125, 2.34765625, 0.492919921875, 2.9140625, 2.98828125, 1.103515625, 2.54296875, 10.3359375, 4.09765625, 0.10906982421875, 0.5849609375, 2.38671875, 1.357421875, 1.03125, 2.984375, 6.3046875, 0.062225341796875, 6.97265625, 5.17578125, 4.58203125, 0.26513671875, 1.646484375, 5.2421875, 1.18359375, 3.380859375, 2.09765625, 2.1953125, 1.01953125, 0.145751953125, 1.7177734375, 1.119140625, 0.5693359375, 4.1796875, 1.5341796875, 6.58203125, 13.234375, 2.88671875, 11.1875, 0.0631103515625, 1.2998046875, 5.86328125, 4.8046875, 7.4140625, 0.09149169921875, 2.6875, 5.03125, 1.8427734375, 1.060546875, 1.67578125, 7.0078125, 0.0285186767578125, 2.689453125, 0.1412353515625, 2.232421875, 1.3427734375, 1.7822265625, 2.5234375, 0.27099609375, 1.779296875, 6.671875, 7.89453125, 3.9921875, 1.4384765625, 0.024078369140625, 4.78515625, 3.373046875, 8.6171875, 4.3828125, 2.478515625, 5.16796875, 2.505859375, 2.470703125, 1.01171875, 2.4921875, 3.947265625, 4.5234375, 6.81640625, 10.96875, 5.5078125, 10.5234375, 0.5380859375, 6.72265625, 5.27734375, 2.787109375, 3.11328125, 0.75048828125, 5.44921875, 6.6875, 2.720703125, 8.703125, 3.4609375, 2.69921875, 3.787109375, 0.10247802734375, 2.685546875, 3.275390625, 0.385009765625, 0.452392578125, 6.7890625, 4.16796875, 1.0625]",-1.1687221885623789
115,0,test,3.719508871598677,1.7310217168665112,2.365041161787514,6.1106217176263975,2.8438213919949824,3.8854247657937724,41.244132968518606,33.93965810952904,37.369435024597685,67.75821844828056,55.75800975136914,61.39264325469619,3.811613576496067,1.7677509017279585,2.4219466297139722,6.261936589957823,2.9041621956959314,3.9789123202443824,45.22335136238571,37.50297839453002,41.20983824547328,74.29550580963367,61.61203593387074,67.70187711756324,3.719508871598677,1.7310217168665112,2.365041161787514,6.1106217176263975,2.8438213919949824,3.8854247657937724,41.244132968518606,33.93965810952904,37.369435024597685,67.75821844828056,55.75800975136914,61.39264325469619,0.7939698492462312,0.013969849246231125,0.00896984924623112,0.6281407035175879,-0.016859296482412134,-0.0018592964824121205,0.48743718592964824,0.0024371859296482556,-0.002562814070351749,0.41454545454545455,0.0914964527305725,0.16907991645597453,0.3722627737226277,0.40703517587939697,0.0837269052027052,0.15661781360894622,0.3737373737373737,0.41454545454545455,0.0914964527305725,0.16907991645597453,0.3722627737226277,24.0,0.0,0.0,35.0,0.0,-1.0,42.0,0.0,0.0,-0.00028975766752279076,-0.0005986523648574978,-0.00015771705634147652,0.0002179643979092205,-0.00019661043173790915,-4.380359388900246e-05,"[3.0625, 9.453125, 2.48046875, 1.494140625, 0.81689453125, 2.970703125, 1.30078125, 10.28125, 6.58203125, 7.51953125, 4.2890625, 2.396484375, 7.10546875, 3.896484375, 1.115234375, 5.95703125, 6.90234375, 4.15234375, 4.82421875, 6.5546875, 12.65625, 8.8203125, 8.3125, 0.71630859375, 11.09375, 8.1015625, 0.6318359375, 4.00390625, 8.1171875, 0.10101318359375, 8.703125, 7.7578125, 1.7138671875, 5.98828125, 1.5068359375, 6.765625, 4.109375, 0.5517578125, 3.287109375, 4.86328125, 8.3046875, 2.869140625, 1.0732421875, 2.40625, 1.1064453125, 1.564453125, 1.0517578125, 1.7177734375, 3.291015625, 3.876953125, 4.3828125, 0.10345458984375, 6.21484375, 2.44140625, 2.40234375, 7.69140625, 6.546875, 9.265625, 2.642578125, 0.65234375, 8.4375, 0.818359375, 0.05126953125, 0.0199127197265625, 1.38671875, 0.65966796875, 14.4453125, 0.318115234375, 0.0256500244140625, 2.625, 1.255859375, 3.548828125, 0.59521484375, 7.55859375, 9.1015625, 2.361328125, 1.41796875, 3.3828125, 8.8359375, 3.775390625, 5.765625, 1.15625, 0.369873046875, 5.82421875, 1.728515625, 2.732421875, 4.82421875, 6.9453125, 6.171875, 6.37109375, 0.282470703125, 0.744140625, 5.90234375, 1.71875, 4.578125, 10.3984375, 2.587890625, 0.0670166015625, 2.931640625, 4.69140625, 1.076171875, 7.2421875, 2.046875, 7.2734375, 1.7802734375, 2.236328125, 9.7890625, 0.48095703125, 6.1953125, 0.433349609375, 0.354248046875, 1.5712890625, 0.69140625, 4.484375, 3.056640625, 3.65234375, 4.01953125, 2.513671875, 1.720703125, 4.421875, 12.2578125, 2.427734375, 11.0078125, 1.806640625, 4.1015625, 0.1011962890625, 2.646484375, 1.140625, 3.41796875, 0.0377197265625, 0.5595703125, 0.3671875, 4.4609375, 1.2529296875, 1.015625, 2.953125, 0.5517578125, 10.09375, 1.578125, 7.9375, 7.8515625, 0.9208984375, 0.890625, 7.65625, 5.98046875, 3.986328125, 1.4423828125, 0.5478515625, 7.83203125, 1.4375, 4.984375, 0.5478515625, 0.4970703125, 4.1484375, 1.3876953125, 4.109375, 11.0859375, 9.578125, 1.978515625, 1.7685546875, 6.63671875, 1.390625, 3.625, 0.005218505859375, 0.0016679763793945312, 7.31640625, 1.1484375, 0.826171875, 8.234375, 5.44140625, 3.744140625, 3.3046875, 3.6796875, 3.45703125, 7.3046875, 0.41552734375, 0.86572265625, 7.72265625, 4.2734375, 2.5234375, 3.98046875, 4.5546875, 4.32421875, 3.12890625, 2.91796875, 2.59765625, 3.080078125, 3.056640625, 3.58984375, 5.54296875, 0.39111328125, 2.783203125, 0.54931640625, 11.0, 3.451171875, 0.07177734375, 0.14990234375, 2.03125, 7.62109375, 1.04296875, 1.5849609375, 8.6171875, 8.1484375, 3.353515625, 3.119140625, 0.5390625, 7.12109375, 0.796875, 5.29296875, 1.080078125, 1.0029296875, 10.703125, 1.9765625, 9.5625, 5.140625, 7.8203125, 2.771484375, 0.86572265625, 6.8359375, 1.2607421875, 0.0298614501953125, 0.00786590576171875, 0.016387939453125, 0.7099609375, 4.6328125, 2.189453125, 0.141357421875, 0.62744140625, 5.66015625, 0.58251953125, 6.92578125, 1.8701171875, 2.064453125, 2.115234375, 6.5859375, 0.055023193359375, 0.63818359375, 4.609375, 0.030303955078125, 7.12890625, 1.1396484375, 1.1552734375, 2.8984375, 3.3125, 0.1046142578125, 0.80517578125, 6.2265625, 0.70947265625, 1.2802734375, 7.3125, 1.4365234375, 7.52734375, 3.078125, 8.9453125, 0.62646484375, 2.359375, 2.6484375, 7.01171875, 4.5625, 5.71484375, 0.0254058837890625, 9.0859375, 6.9375, 0.71484375, 6.94921875, 0.0015239715576171875, 0.317626953125, 1.3115234375, 2.0703125, 5.48828125, 0.15869140625, 6.140625, 4.36328125, 3.48046875, 4.60546875]",-1.3718197493119675
341,0,test,2.8442823372272232,1.2533938933838844,1.7211110622844232,5.219904516615871,2.300262656607925,3.158629960896982,17.189218179319663,12.281110609531005,14.114629052788018,31.546121999546884,22.538629129991563,25.903552182105283,3.0277774369896355,1.2920463993525895,1.822815531892311,5.556659728111661,2.371198789720946,3.3452807772796396,20.65128276792137,14.978209249377986,17.314650800945127,37.89979735249206,27.488418111074374,31.776319367643612,2.8953532486854985,1.2624924898196834,1.7412586173504023,5.3136312461671364,2.3169606489304417,3.1956053034328407,18.0898905427755,12.97139396455238,14.918739486122831,33.19906048475276,23.80545596903647,27.379277579645876,0.6582914572864322,-0.01670854271356781,0.008291457286432213,0.507537688442211,0.01753768844221104,0.01753768844221104,0.4170854271356784,-0.0029145728643216184,0.012085427135678395,0.4006211180124224,0.11690018777986422,0.1681831014834968,0.3551401869158879,0.4170854271356784,0.11132101610810952,0.17835420843784866,0.3434343434343434,0.4046822742474916,0.11252868493196566,0.1699770462163459,0.35906040268456374,20.0,9.0,9.0,31.0,15.0,15.0,40.0,15.0,14.0,-0.0010214121136817096,-0.0001188462006485443,-0.00031768457677619244,0.00658918594611535,0.006973688246304732,0.0084930895788764,"[3.056640625, 9.4453125, 2.4296875, 1.0791015625, 6.80078125, 5.12109375, 5.6875, 12.1640625, 3.912109375, 0.88818359375, 4.375, 2.107421875, 6.38671875, 5.6328125, 3.55859375, 2.29296875, 7.17578125, 0.095703125, 5.00390625, 1.458984375, 2.3125, 1.15234375, 2.7109375, 0.7275390625, 0.228759765625, 4.18359375, 8.1328125, 2.349609375, 4.6484375, 0.759765625, 7.2265625, 2.287109375, 5.77734375, 1.5703125, 3.453125, 0.71875, 8.9296875, 7.4296875, 0.48388671875, 1.6884765625, 4.3515625, 3.080078125, 3.5546875, 1.2919921875, 1.5810546875, 0.76806640625, 4.9765625, 0.5400390625, 4.65234375, 0.71484375, 0.62451171875, 7.58984375, 0.90478515625, 2.9296875, 3.3125, 0.771484375, 2.14453125, 6.4609375, 4.1796875, 6.59375, 0.021942138671875, 1.1591796875, 6.09765625, 1.8935546875, 1.14453125, 5.0234375, 1.7275390625, 6.7421875, 1.9658203125, 0.346923828125, 0.253173828125, 4.5859375, 1.8056640625, 7.6015625, 0.46728515625, 6.84375, 10.71875, 5.66796875, 7.69921875, 3.53515625, 7.1796875, 1.318359375, 2.60546875, 0.958984375, 4.390625, 0.83251953125, 2.67578125, 0.06988525390625, 2.80859375, 0.91357421875, 6.09375, 3.412109375, 0.08734130859375, 3.228515625, 0.9462890625, 1.369140625, 1.859375, 0.3291015625, 0.79736328125, 1.7041015625, 0.051849365234375, 5.734375, 1.3701171875, 9.53125, 7.375, 0.4892578125, 0.10089111328125, 0.92041015625, 3.9453125, 7.1640625, 7.18359375, 3.388671875, 1.4609375, 1.3251953125, 1.638671875, 3.568359375, 0.8037109375, 7.1484375, 1.8076171875, 5.4140625, 0.239501953125, 0.57177734375, 6.96875, 3.57421875, 1.9111328125, 6.17578125, 5.12109375, 3.53125, 0.057861328125, 0.9248046875, 0.96923828125, 1.365234375, 5.3515625, 3.58984375, 1.9384765625, 0.63037109375, 3.6328125, 1.36328125, 1.7802734375, 1.9091796875, 8.1328125, 1.732421875, 7.25390625, 5.98046875, 14.234375, 1.21484375, 2.009765625, 0.09375, 3.6328125, 3.21875, 0.53076171875, 6.55078125, 3.78125, 0.64404296875, 0.912109375, 5.7109375, 4.51953125, 0.309326171875, 10.2578125, 0.345458984375, 0.3642578125, 10.015625, 0.22119140625, 0.035247802734375, 0.59228515625, 0.02996826171875, 5.08203125, 1.169921875, 0.01421356201171875, 0.64306640625, 0.04998779296875, 0.344970703125, 0.38623046875, 0.09490966796875, 5.39453125, 0.11151123046875, 0.0252685546875, 9.0078125, 0.771484375, 0.01605224609375, 1.7705078125, 1.0166015625, 0.7509765625, 0.27783203125, 0.079345703125, 0.352294921875, 2.22265625, 3.908203125, 0.0274810791015625, 0.9326171875, 0.69140625, 0.36767578125, 0.48681640625, 5.0546875, 0.56640625, 7.375, 1.8759765625, 0.6171875, 3.1015625, 0.0181732177734375, 0.054962158203125, 0.55908203125, 0.931640625, 4.390625, 0.030853271484375, 4.8515625, 4.12890625, 0.1522216796875, 1.576171875, 1.7529296875, 7.8828125, 3.57421875, 3.390625, 0.54443359375, 7.2890625, 7.2578125, 3.849609375, 6.140625, 6.046875, 3.7421875, 0.59423828125, 7.13671875, 5.3984375, 2.96875, 0.046295166015625, 4.42578125, 2.685546875, 3.751953125, 0.13720703125, 4.69140625, 3.828125, 5.00390625, 0.55810546875, 1.13671875, 5.96484375, 1.2841796875, 0.169677734375, 5.26171875, 0.002696990966796875, 0.1304931640625, 0.0005483627319335938, 0.0023136138916015625, 0.003528594970703125, 0.66796875, 6.75390625, 3.462890625, 0.404052734375, 8.015625, 8.8515625, 2.068359375, 8.265625, 2.619140625, 4.80859375, 2.42578125, 0.09405517578125, 6.72265625, 4.51171875, 0.00412750244140625, 1.7529296875, 5.9723854064941406e-05, 0.86767578125, 0.0008873939514160156, 1.3505859375, 0.0028171539306640625, 0.41162109375, 0.0027484893798828125, 0.94384765625, 0.028228759765625, 0.032562255859375, 0.00447845458984375, 0.01488494873046875, 11.4609375, 9.2265625, 8.375, 1.033203125, 0.433349609375, 0.015167236328125, 0.0115509033203125, 0.0012083053588867188, 1.421875, 0.050384521484375, 9.234375, 11.1328125, 7.41796875, 0.45166015625, 0.0638427734375, 0.00762939453125, 0.0005984306335449219, 1.369140625, 0.0281219482421875, 7.87890625, 1.712890625, 0.41064453125, 0.0291748046875, 0.012359619140625, 0.0007252693176269531, 1.375, 0.035186767578125, 7.11328125, 6.02734375, 3.021484375, 0.603515625, 0.08978271484375, 0.005725860595703125, 0.0007367134094238281, 0.79248046875, 0.01229095458984375, 3.8046875, 6.85546875, 4.09765625, 0.375732421875, 1.4208984375, 0.004009246826171875, 0.0005278587341308594, 0.79248046875, 0.0045928955078125, 9.6953125, 1.705078125, 3.32421875, 0.1024169921875, 0.08990478515625, 0.0027313232421875]",-1.1869404830547592
222,0,test,3.6770969794484114,1.6829842059720515,2.30483303320618,5.505374248559633,2.5197752357570384,3.450811468710929,39.5314666747952,32.18578382357339,35.587196464064036,59.18677692092242,48.188771311271886,53.28138911938079,3.9394060834568347,1.7784479887524145,2.464309964190713,5.898105197577831,2.662704251316464,3.689581398900062,51.38807200941104,42.70862259878866,47.01661607553814,76.93856591353162,63.94363606969476,70.39359278348728,3.6770969794484114,1.6829842059720515,2.30483303320618,5.505374248559633,2.5197752357570384,3.450811468710929,39.5314666747952,32.18578382357339,35.587196464064036,59.18677692092242,48.188771311271886,53.28138911938079,0.8090452261306533,-0.0009547738693467256,-0.0009547738693467256,0.6934673366834171,-0.016532663316582874,-0.02153266331658299,0.542713567839196,-0.0022864321608039306,-0.0022864321608039306,0.45318352059925093,0.1092582869543911,0.19664553803387108,0.39097744360902253,0.4371859296482412,0.08129620533746429,0.16339628023254837,0.41414141414141414,0.45318352059925093,0.1092582869543911,0.19664553803387108,0.39097744360902253,24.0,4.0,5.0,36.0,5.0,7.0,44.0,4.0,5.0,-0.0005959590429951071,-0.0006675185673724103,-0.00010887092892307588,0.010250728115931196,0.011110216962976871,0.008992903360965698,"[3.0625, 9.453125, 2.48046875, 1.494140625, 11.8203125, 11.640625, 8.5390625, 3.068359375, 2.705078125, 3.931640625, 0.03936767578125, 8.0, 2.359375, 4.4765625, 0.1336669921875, 2.1328125, 3.21875, 6.703125, 0.1378173828125, 0.42333984375, 4.09375, 2.828125, 4.87109375, 6.99609375, 6.59765625, 3.939453125, 5.76953125, 5.87890625, 0.0218963623046875, 3.369140625, 0.91455078125, 5.2578125, 4.55078125, 1.3720703125, 2.71484375, 3.15234375, 2.345703125, 4.18359375, 8.1875, 0.04486083984375, 7.99609375, 0.974609375, 0.79833984375, 4.5078125, 2.091796875, 1.404296875, 0.010650634765625, 10.546875, 8.625, 2.57421875, 1.26171875, 8.4453125, 5.99609375, 3.197265625, 8.4765625, 5.8125, 3.697265625, 1.703125, 4.75, 5.26953125, 5.71484375, 3.857421875, 2.41015625, 2.0, 5.65234375, 5.03125, 3.578125, 2.2734375, 6.21484375, 1.515625, 9.3125, 2.314453125, 2.943359375, 0.58056640625, 5.5234375, 1.3291015625, 4.0546875, 6.62109375, 3.05078125, 5.4296875, 4.94921875, 5.33984375, 1.9609375, 2.498046875, 2.830078125, 3.904296875, 3.732421875, 0.68701171875, 4.453125, 13.7421875, 2.18359375, 5.1328125, 5.046875, 4.56640625, 0.708984375, 4.66796875, 7.08984375, 0.6982421875, 2.833984375, 5.5859375, 0.98779296875, 3.791015625, 3.2734375, 2.021484375, 2.736328125, 5.78515625, 2.2421875, 0.822265625, 8.53125, 5.0, 0.88232421875, 6.45703125, 7.4765625, 4.1328125, 3.708984375, 3.08984375, 2.328125, 8.9453125, 8.8125, 1.1005859375, 5.18359375, 4.421875, 1.51953125, 0.328369140625, 0.1617431640625, 0.326171875, 0.175537109375, 7.8046875, 2.078125, 2.640625, 9.515625, 0.31591796875, 3.90234375, 2.8046875, 2.94921875, 7.73046875, 3.9765625, 0.3876953125, 4.29296875, 10.375, 0.794921875, 2.126953125, 1.765625, 6.11328125, 1.8359375, 6.6875, 0.06280517578125, 0.76806640625, 5.0625, 9.53125, 0.125244140625, 4.1875, 1.2646484375, 2.216796875, 5.84765625, 0.81982421875, 4.08203125, 5.1171875, 1.6103515625, 0.112548828125, 1.087890625, 0.2152099609375, 5.515625, 6.95703125, 2.775390625, 2.126953125, 2.68359375, 2.791015625, 6.09375, 7.578125, 0.9873046875, 3.755859375, 3.84375, 8.6171875, 1.33203125, 2.30078125, 6.4609375, 0.46435546875, 0.8291015625, 2.634765625, 7.1171875, 6.8828125, 0.7998046875, 5.41015625, 8.09375, 6.05078125, 0.97802734375, 5.55859375, 1.4580078125, 7.58203125, 6.76953125, 1.3916015625, 9.328125, 2.33984375, 0.29833984375, 10.4765625, 0.85986328125, 8.6953125, 0.123046875, 1.4658203125, 8.7578125, 3.927734375, 2.203125, 3.818359375, 3.232421875, 0.01226806640625, 0.0665283203125, 0.001552581787109375, 0.02032470703125, 0.0042572021484375, 0.89306640625, 6.09375, 5.98828125, 5.8671875, 2.876953125, 6.69140625, 8.5859375, 2.85546875, 3.181640625, 0.184814453125, 9.8046875, 5.4140625, 3.130859375, 6.5390625, 1.93359375, 0.307373046875, 5.6484375, 4.734375, 6.82421875, 8.953125, 3.228515625, 11.8359375, 0.833984375, 6.66796875, 6.3125, 5.58203125, 5.4375, 3.28515625, 0.0029087066650390625, 1.9013671875, 0.216552734375, 0.0194549560546875, 0.78955078125, 0.07275390625, 0.00763702392578125, 0.78271484375, 0.0689697265625, 0.004016876220703125, 0.341796875, 0.0029296875, 0.7998046875, 0.01141357421875, 0.029022216796875, 0.002468109130859375, 0.0296783447265625, 3.125, 0.0958251953125, 0.0008902549743652344, 0.0036373138427734375, 0.0022678375244140625, 0.402099609375, 0.0005121231079101562, 9.2734375, 4.41796875, 6.49609375, 2.05859375, 2.142578125]",-1.043151719739821
109,0,test,3.7957909273140595,1.7288961489281651,2.3793101373570247,6.0821445268073235,2.7702780398030247,3.812461857519443,44.513429373288176,36.613176419826495,40.390842740079314,71.32561197825123,58.66672712884479,64.71982988761248,3.767454176092867,1.669226570010247,2.2941794040172074,6.036739440055237,2.6746671355719753,3.6760535479573972,43.26976728833807,35.11805822670405,38.90626604712099,69.33284349125516,56.27104066735035,62.341034484860536,3.7957909273140595,1.7288961489281651,2.3793101373570247,6.0821445268073235,2.7702780398030247,3.812461857519443,44.513429373288176,36.613176419826495,40.390842740079314,71.32561197825123,58.66672712884479,64.71982988761248,0.7939698492462312,-0.001030150753768888,0.00896984924623112,0.6582914572864322,0.003291457286432209,0.003291457286432209,0.5226130653266332,0.0026130653266331905,-0.002386934673366814,0.43956043956043955,0.09769572292424211,0.16915849071756506,0.4191176470588235,0.42211055276381915,0.07373962544552337,0.1449820051845203,0.38383838383838387,0.43956043956043955,0.09769572292424211,0.16915849071756506,0.4191176470588235,23.0,-2.0,-1.0,36.0,-1.0,2.0,42.0,-2.0,-2.0,7.121305113976954e-06,-0.0002685097167087268,-0.00011558628749180506,0.00020410455418851114,-0.00020435748183800229,-5.0812707827141423e-05,"[3.0625, 9.453125, 2.48046875, 5.4921875, 0.79443359375, 0.078125, 9.328125, 2.298828125, 11.5078125, 9.5546875, 10.109375, 2.48828125, 4.03515625, 1.64453125, 0.144775390625, 1.77734375, 3.232421875, 7.140625, 3.15625, 4.69140625, 3.8515625, 4.55078125, 7.83984375, 1.7158203125, 2.79296875, 8.8828125, 0.58203125, 9.09375, 7.9609375, 3.6796875, 4.0703125, 2.0859375, 1.560546875, 5.15625, 0.49951171875, 2.974609375, 2.541015625, 4.5546875, 0.0677490234375, 3.12890625, 8.8046875, 1.5, 5.16796875, 0.64697265625, 5.48046875, 3.0234375, 2.58984375, 7.25, 5.8515625, 2.361328125, 5.21484375, 8.484375, 2.763671875, 2.0625, 2.759765625, 0.360107421875, 7.44140625, 3.388671875, 1.6396484375, 6.30078125, 2.529296875, 13.625, 2.71875, 4.91015625, 5.6171875, 1.439453125, 8.921875, 0.07989501953125, 4.47265625, 1.73828125, 3.068359375, 0.0626220703125, 6.6328125, 5.81640625, 3.66796875, 2.14453125, 1.064453125, 4.9375, 6.671875, 1.4423828125, 2.291015625, 1.220703125, 2.74609375, 1.6171875, 1.7294921875, 1.3671875, 6.48046875, 9.2578125, 0.214111328125, 5.67578125, 3.640625, 2.736328125, 1.939453125, 6.5546875, 6.27734375, 0.5400390625, 6.5625, 2.904296875, 3.955078125, 0.375244140625, 5.421875, 0.0091552734375, 0.1656494140625, 1.30078125, 6.3125, 0.55810546875, 5.78125, 1.2490234375, 0.71923828125, 0.444091796875, 10.515625, 1.041015625, 11.9375, 0.04345703125, 6.59375, 0.76611328125, 8.703125, 6.93359375, 2.591796875, 1.9609375, 2.05859375, 1.4091796875, 7.9296875, 7.14453125, 2.4765625, 8.7421875, 0.01514434814453125, 0.64306640625, 7.95703125, 0.140625, 4.90625, 3.46875, 3.4765625, 5.8359375, 2.53515625, 5.9609375, 5.4453125, 6.53515625, 0.74267578125, 4.0703125, 0.9248046875, 0.73779296875, 3.830078125, 8.3828125, 0.984375, 6.66796875, 5.4296875, 3.185546875, 3.69140625, 5.40234375, 2.01171875, 7.74609375, 2.857421875, 5.17578125, 1.21484375, 8.328125, 1.0283203125, 0.05267333984375, 0.2208251953125, 4.97265625, 7.0625, 3.880859375, 1.77734375, 4.28125, 2.654296875, 4.68359375, 0.74365234375, 2.26171875, 2.724609375, 0.45556640625, 3.16796875, 4.72265625, 0.82958984375, 3.986328125, 6.34765625, 3.216796875, 0.2275390625, 0.79296875, 4.35546875, 4.1640625, 3.482421875, 10.15625, 0.7197265625, 8.640625, 0.437744140625, 6.63671875, 0.0111083984375, 0.947265625, 1.1728515625, 0.066650390625, 0.0888671875, 3.125, 3.787109375, 0.228271484375, 1.595703125, 8.734375, 0.02618408203125, 0.236083984375, 0.270751953125, 7.4296875, 10.734375, 1.9873046875, 4.37109375, 2.193359375, 11.1328125, 0.9072265625, 1.8583984375, 2.91796875, 4.109375, 6.12890625, 4.21875, 1.9140625, 9.3828125, 4.33984375, 2.85546875, 0.70263671875, 0.0214385986328125, 0.02349853515625, 0.0217132568359375, 1.513671875, 0.001987457275390625, 0.0156097412109375, 3.177734375, 4.39453125, 7.4296875, 6.5546875, 0.9873046875, 4.19140625, 5.2265625, 0.6640625, 4.03515625, 0.010650634765625, 0.85498046875, 2.845703125, 0.007259368896484375, 3.283203125, 6.44140625, 3.779296875, 0.11541748046875, 3.365234375, 6.7265625, 15.28125, 7.71875, 3.376953125, 7.41015625, 5.51953125, 4.1640625, 4.92578125, 5.06640625, 4.81640625, 0.0205078125, 1.5009765625, 11.4765625, 3.833984375, 6.40625, 8.8359375, 2.623046875, 0.026519775390625, 6.484375, 0.0216522216796875, 0.01094818115234375, 8.765625, 4.78515625, 0.56884765625, 10.578125, 1.9677734375, 4.875, 0.0092926025390625, 0.00930023193359375, 4.45703125, 4.41015625, 7.66796875, 2.876953125]",-1.0598285032279327
28,0,test,3.851487665465384,1.7299846945373285,2.3930642410376883,6.3790264459270425,2.865287150327451,3.963512649218672,47.063025215972516,38.719356856434004,42.76384900962011,77.94813551395448,64.12893479346883,70.8276249221833,3.9948552960726484,1.7278917475438291,2.4376521216392026,6.616479084120324,2.8618207068694668,4.0373613264649295,54.31798003006105,44.66792566974097,49.57244978288304,89.96415442478862,73.98125189050847,82.10436995290003,3.851487665465384,1.7299846945373285,2.3930642410376883,6.3790264459270425,2.865287150327451,3.963512649218672,47.063025215972516,38.719356856434004,42.76384900962011,77.94813551395448,64.12893479346883,70.8276249221833,0.7939698492462312,0.00896984924623112,0.013969849246231125,0.6532663316582914,0.008266331658291382,-0.006733668341708521,0.5226130653266332,-0.012386934673366712,0.007613065326633195,0.40909090909090906,0.07071661797559714,0.15216395694985108,0.4106463878326996,0.42713567839195976,0.09630861072278685,0.16169327438528192,0.4292929292929293,0.40909090909090906,0.07071661797559714,0.15216395694985108,0.4106463878326996,27.0,5.0,5.0,40.0,5.0,5.0,51.0,10.0,12.0,-0.00022866225329968895,-0.00012178207681739768,0.00010865990950982418,0.000141735257445319,0.00018927773293242467,-8.23537205478786e-05,"[3.0625, 9.453125, 2.48046875, 1.494140625, 2.81640625, 11.3515625, 5.3046875, 5.78515625, 0.51318359375, 7.859375, 0.045013427734375, 5.19140625, 0.626953125, 1.6806640625, 2.314453125, 6.80859375, 0.06298828125, 6.046875, 0.053558349609375, 3.474609375, 8.640625, 6.16796875, 1.2099609375, 2.26171875, 4.4140625, 0.0244140625, 6.44921875, 6.13671875, 2.99609375, 9.2578125, 0.208251953125, 4.6484375, 0.76611328125, 1.421875, 9.3125, 1.2705078125, 12.265625, 0.20361328125, 3.07421875, 1.6591796875, 7.265625, 1.19140625, 6.35546875, 7.10546875, 2.30078125, 2.986328125, 0.0297393798828125, 3.05078125, 7.5625, 7.64453125, 3.326171875, 11.2578125, 0.24267578125, 3.068359375, 5.90234375, 2.15234375, 8.59375, 0.73095703125, 0.48291015625, 8.3046875, 0.9326171875, 6.65625, 1.4296875, 2.775390625, 2.509765625, 3.015625, 0.00986480712890625, 5.625, 3.111328125, 0.8583984375, 8.9921875, 2.328125, 4.30859375, 7.28515625, 11.15625, 1.6669921875, 4.953125, 1.556640625, 3.603515625, 0.2305908203125, 5.234375, 0.01371002197265625, 0.58740234375, 1.615234375, 9.078125, 0.269287109375, 1.06640625, 6.48046875, 1.416015625, 3.767578125, 6.29296875, 0.266357421875, 1.716796875, 2.583984375, 2.005859375, 3.033203125, 6.25390625, 6.15625, 3.638671875, 2.15625, 2.291015625, 10.7734375, 5.3515625, 1.1083984375, 7.296875, 9.3125, 0.1988525390625, 8.6796875, 3.60546875, 4.51171875, 0.00943756103515625, 0.1895751953125, 0.736328125, 7.0546875, 3.94921875, 7.0859375, 0.042449951171875, 1.255859375, 5.25390625, 2.994140625, 2.634765625, 7.01953125, 0.181884765625, 1.2197265625, 8.015625, 1.4873046875, 0.6630859375, 6.92578125, 0.08111572265625, 5.46875, 0.54345703125, 2.6875, 8.65625, 8.34375, 2.794921875, 0.5732421875, 3.099609375, 4.453125, 0.908203125, 4.46484375, 0.923828125, 10.703125, 0.07281494140625, 6.3828125, 2.337890625, 6.1640625, 1.4892578125, 7.62109375, 1.1123046875, 6.6328125, 1.7333984375, 3.185546875, 10.9765625, 3.126953125, 6.66015625, 10.0078125, 9.515625, 3.51171875, 10.875, 4.1953125, 8.3984375, 8.03125, 1.7333984375, 0.1890869140625, 5.984375, 0.0190582275390625, 2.412109375, 4.35546875, 1.2705078125, 3.755859375, 4.82421875, 9.8359375, 2.283203125, 0.091552734375, 3.3203125, 2.029296875, 0.2216796875, 7.98828125, 2.896484375, 6.86328125, 4.7578125, 0.69677734375, 1.939453125, 1.3935546875, 1.4482421875, 0.10845947265625, 10.2265625, 0.404296875, 10.1171875, 9.1875, 0.5205078125, 3.04296875, 5.87109375, 5.8671875, 6.25, 4.15625, 1.783203125, 2.583984375, 4.6640625, 10.0234375, 9.796875, 0.6611328125, 4.06640625, 3.548828125, 3.603515625, 5.5703125, 5.37109375, 4.86328125, 3.19140625, 2.759765625, 0.95458984375, 3.349609375, 0.2130126953125, 0.240966796875, 3.716796875, 0.72412109375, 3.607421875, 4.63671875, 1.19140625, 9.9140625, 1.8447265625, 3.982421875, 5.56640625, 0.007129669189453125, 1.4736328125, 0.0638427734375, 0.0418701171875, 2.115234375, 6.9609375, 2.826171875, 3.66796875, 0.01381683349609375, 4.3984375, 0.66748046875, 2.412109375, 1.7373046875, 4.25, 0.1806640625, 3.0546875, 6.1171875, 0.091064453125, 7.875, 0.05133056640625, 4.046875, 2.525390625, 3.650390625, 0.0211944580078125, 4.8515625, 6.7890625, 8.921875, 1.1376953125, 1.1162109375, 1.107421875, 5.9453125, 9.9296875, 2.189453125, 9.484375, 0.476318359375, 2.041015625, 0.951171875, 0.2010498046875, 0.06195068359375, 12.4609375, 1.7978515625]",-0.5357708641977021
337,0,test,3.283958586779508,1.4216405913203023,1.9781516124405771,5.150251991288081,2.229567484748234,3.102347064319375,26.681183703989777,20.24253946885169,22.990517538767584,41.84426078166703,31.746496325466865,36.05616685041693,3.3046201473504455,1.3720550432554837,1.931636715773161,5.182655640926655,2.151802171662972,3.029397472278127,27.238193123652476,20.330987886087293,23.291084047208546,42.71782200266809,31.885210509874607,36.527547112288815,3.283958586779508,1.4216405913203023,1.9781516124405771,5.150251991288081,2.229567484748234,3.102347064319375,26.681183703989777,20.24253946885169,22.990517538767584,41.84426078166703,31.746496325466865,36.05616685041693,0.6984924623115578,0.0034924623115577536,0.0034924623115577536,0.5527638190954773,-0.012236180904522609,-0.0022361809045226,0.4773869346733668,-0.0126130653266332,-0.0026130653266331905,0.42307692307692313,0.09497919183783066,0.15447227191413238,0.368421052631579,0.457286432160804,0.12896563015579143,0.19017457907232316,0.38383838383838387,0.42307692307692313,0.09497919183783066,0.15447227191413238,0.368421052631579,27.0,11.0,11.0,38.0,9.0,9.0,46.0,10.0,10.0,-0.00045799836258382526,-0.0005101734791817757,-0.00016483192177800865,0.00029419353837489837,-0.00015400165618917327,-5.253467235455389e-06,"[3.0625, 9.453125, 2.48046875, 1.494140625, 0.81689453125, 11.96875, 3.701171875, 0.281494140625, 5.9296875, 5.16796875, 0.1260986328125, 8.9140625, 5.77734375, 5.45703125, 3.5234375, 4.84375, 8.9765625, 1.2060546875, 2.080078125, 7.7421875, 7.1796875, 4.4921875, 4.47265625, 4.93359375, 1.5361328125, 0.57958984375, 2.15625, 8.4765625, 3.84765625, 1.2177734375, 12.171875, 0.9609375, 1.646484375, 8.234375, 3.72265625, 6.44140625, 1.48046875, 5.015625, 3.708984375, 8.484375, 10.09375, 4.31640625, 5.96484375, 0.7333984375, 4.17578125, 6.09765625, 1.287109375, 1.869140625, 1.9814453125, 3.4375, 5.58984375, 0.07220458984375, 7.234375, 1.1015625, 4.484375, 6.3984375, 4.828125, 8.234375, 0.1890869140625, 4.234375, 5.0859375, 7.26953125, 3.3828125, 1.48828125, 5.234375, 0.005771636962890625, 5.203125, 0.0966796875, 1.2216796875, 1.625, 10.0703125, 4.41796875, 0.86962890625, 3.91796875, 1.560546875, 0.1683349609375, 7.0234375, 6.62890625, 2.177734375, 6.20703125, 2.876953125, 2.302734375, 7.90234375, 1.736328125, 4.484375, 0.00835418701171875, 4.390625, 2.638671875, 2.83203125, 0.006488800048828125, 4.84765625, 0.5703125, 0.5673828125, 7.2734375, 0.257080078125, 5.05859375, 0.0253143310546875, 0.050048828125, 0.83349609375, 6.203125, 1.9521484375, 4.18359375, 0.29296875, 1.5458984375, 7.04296875, 1.912109375, 4.328125, 0.01239013671875, 0.6416015625, 1.3837890625, 2.455078125, 0.19140625, 3.544921875, 5.59765625, 5.515625, 6.01171875, 2.693359375, 3.2734375, 3.396484375, 0.3251953125, 6.01171875, 0.07220458984375, 2.31640625, 3.66015625, 0.031768798828125, 1.7900390625, 2.619140625, 7.7109375, 0.83544921875, 7.25390625, 0.11981201171875, 0.387939453125, 2.662109375, 0.9931640625, 1.01953125, 7.7578125, 5.56640625, 6.640625, 0.0036220550537109375, 0.1368408203125, 0.0002605915069580078, 0.0017004013061523438, 0.0021152496337890625, 6.74609375, 7.58984375, 7.6953125, 2.177734375, 5.0390625, 5.8125, 6.53515625, 1.04296875, 3.267578125, 0.0007076263427734375, 0.00785064697265625, 0.0027008056640625, 0.01378631591796875, 3.08984375, 0.60595703125, 0.0015716552734375, 0.01108551025390625, 0.0004611015319824219, 0.1988525390625, 0.0004780292510986328, 5.57421875, 6.1171875, 1.7890625, 1.119140625, 0.006488800048828125, 1.8330078125, 0.0005106925964355469, 0.021636962890625, 0.0015211105346679688, 1.197265625, 0.163818359375, 0.0005350112915039062, 0.0004773139953613281, 0.0009555816650390625, 5.28515625, 0.53515625, 3.326171875, 7.171875, 0.355224609375, 0.2147216796875, 4.39453125, 10.7109375, 0.90966796875, 3.240234375, 1.2958984375, 3.19921875, 0.0750732421875, 3.1484375, 0.006191253662109375, 6.2265625, 9.90625, 9.53125, 3.486328125, 5.01953125, 1.0205078125, 2.107421875, 6.20703125, 2.26953125, 3.115234375, 3.23828125, 1.2529296875, 0.1103515625, 7.46484375, 2.220703125, 5.17578125, 6.2109375, 1.7666015625, 0.7041015625, 3.25390625, 0.0693359375, 9.4765625, 3.09375, 1.6279296875, 4.9609375, 0.05377197265625, 6.32421875, 4.51953125, 4.390625, 5.37109375, 7.609375, 2.705078125, 0.49658203125, 2.865234375, 1.6650390625, 6.28125, 0.10577392578125, 3.869140625, 2.345703125, 3.1484375, 1.4404296875, 2.666015625, 1.5400390625, 6.265625, 0.876953125, 3.48046875, 1.02734375, 4.00390625, 8.3671875, 1.5068359375, 3.6015625, 0.007610321044921875, 5.22265625, 5.21484375, 2.642578125, 3.216796875, 10.0859375, 1.107421875, 0.0002903938293457031, 9.203125, 4.62109375, 3.048828125, 4.76171875, 0.66748046875, 2.1171875, 1.255859375, 2.591796875, 0.050689697265625, 0.7783203125, 2.19140625, 0.233154296875, 4.58984375, 1.11328125, 3.099609375, 2.732421875, 4.890625, 0.45556640625, 1.900390625, 5.07421875, 5.375, 0.464111328125, 7.16796875, 1.9853515625, 3.109375, 1.0361328125, 2.39453125, 0.705078125, 3.0703125, 5.28515625, 0.75439453125, 1.4052734375, 8.0859375, 9.0703125, 0.350341796875]",-1.0644510659304531
235,0,test,4.177178035633198,1.965036100257045,2.6826942209004168,6.317981778895212,2.97211710163878,4.057575009111879,65.1816531307096,56.04639053637103,60.7246178277052,98.58725036019828,84.77016568626118,91.84598446440411,4.2652537373442145,1.9525748782955956,2.7082034556905956,6.451196277733124,2.953269503422088,4.0961577267320255,71.18297946227675,61.08153066284062,66.43817471694656,107.66425643669358,92.38581512754644,100.48773925938168,4.177178035633198,1.965036100257045,2.6826942209004168,6.317981778895212,2.97211710163878,4.057575009111879,65.1816531307096,56.04639053637103,60.7246178277052,98.58725036019828,84.77016568626118,91.84598446440411,0.8090452261306533,-0.010954773869346734,-0.005954773869346619,0.6884422110552764,-0.006557788944723697,-0.0015577889447235815,0.6231155778894473,0.003115577889447274,0.008115577889447279,0.46058091286307057,0.12517718615499607,0.21092574044927748,0.44999999999999996,0.457286432160804,0.11392803617082903,0.20019127356314126,0.4444444444444444,0.46058091286307057,0.12517718615499607,0.21092574044927748,0.44999999999999996,24.0,5.0,5.0,34.0,1.0,1.0,43.0,3.0,2.0,-0.00012065367789944288,-9.369029339703635e-05,-9.495256916521565e-07,-1.765294534639139e-05,6.285548396256502e-05,8.431204445269458e-05,"[3.0625, 9.453125, 2.48046875, 1.494140625, 6.81640625, 11.796875, 10.7734375, 2.2109375, 0.1630859375, 6.90625, 3.623046875, 2.177734375, 5.3046875, 0.7900390625, 6.859375, 2.359375, 8.828125, 2.103515625, 4.28515625, 0.033111572265625, 5.765625, 1.34375, 1.3212890625, 8.2890625, 4.125, 8.7265625, 4.7578125, 0.178466796875, 0.8955078125, 5.25390625, 6.6484375, 6.62890625, 5.63671875, 0.70556640625, 3.650390625, 8.9609375, 3.544921875, 3.314453125, 0.463623046875, 7.734375, 3.74609375, 0.88427734375, 4.34765625, 9.8671875, 4.25, 9.2109375, 6.5625, 0.6337890625, 3.69921875, 6.0234375, 6.69140625, 3.755859375, 1.173828125, 5.34765625, 10.8203125, 6.1953125, 5.6171875, 4.421875, 0.0073394775390625, 6.16015625, 5.1875, 0.28759765625, 0.292236328125, 3.546875, 1.716796875, 0.0310821533203125, 1.861328125, 5.51953125, 0.1485595703125, 8.1328125, 7.703125, 3.98828125, 0.1800537109375, 3.69140625, 1.091796875, 0.79443359375, 3.892578125, 4.15234375, 4.76953125, 6.5234375, 4.7265625, 3.306640625, 2.640625, 7.29296875, 6.1953125, 4.1640625, 0.406494140625, 10.0078125, 5.234375, 0.372314453125, 1.005859375, 7.33984375, 3.333984375, 2.26953125, 3.763671875, 3.3984375, 1.314453125, 2.1328125, 4.6328125, 2.71875, 1.4697265625, 6.703125, 3.09765625, 7.6875, 0.12432861328125, 4.8828125, 9.2578125, 0.1295166015625, 5.890625, 2.39453125, 9.359375, 1.29296875, 2.251953125, 6.2265625, 7.03125, 5.68359375, 6.9765625, 2.103515625, 3.205078125, 1.4716796875, 3.962890625, 0.427978515625, 5.93359375, 3.576171875, 1.787109375, 0.077392578125, 6.2265625, 1.3193359375, 0.0001633167266845703, 0.02996826171875, 5.796875, 5.4140625, 0.25, 9.0234375, 8.9453125, 0.7822265625, 9.6796875, 1.4375, 4.4140625, 5.203125, 0.7216796875, 6.36328125, 4.9140625, 0.81298828125, 6.30078125, 0.202880859375, 11.203125, 0.04644775390625, 11.8125, 8.15625, 1.2470703125, 0.276611328125, 1.2236328125, 7.51171875, 8.5703125, 6.75, 0.0819091796875, 1.0087890625, 1.1474609375, 7.06640625, 4.16015625, 3.384765625, 9.5, 4.76953125, 0.94580078125, 15.7265625, 0.60693359375, 5.125, 4.015625, 1.326171875, 8.0, 4.47265625, 1.041015625, 0.77880859375, 5.5234375, 6.7109375, 3.12890625, 1.498046875, 6.578125, 4.01953125, 1.572265625, 4.921875, 9.3828125, 5.4921875, 5.69921875, 3.875, 8.6171875, 0.02362060546875, 10.71875, 6.53515625, 3.146484375, 2.033203125, 6.01171875, 1.4130859375, 7.83984375, 5.9609375, 0.30224609375, 6.98828125, 1.2626953125, 6.640625, 1.4140625, 4.7109375, 0.0755615234375, 1.2919921875, 8.1171875, 0.273681640625, 0.57275390625, 2.51953125, 2.1171875, 0.72802734375, 3.962890625, 4.7578125, 1.2939453125, 5.4765625, 8.875, 6.1953125, 0.00479888916015625, 4.39453125, 0.4150390625, 8.7890625, 3.93359375, 0.28076171875, 3.431640625, 6.59375, 10.65625, 3.390625, 1.5947265625, 7.34765625, 5.8984375, 1.6328125, 0.0036602020263671875, 8.390625, 1.244140625, 7.52734375, 3.35546875, 1.84765625, 4.93359375, 3.568359375, 7.9765625, 1.234375, 0.52587890625]",-0.6877468720511279
199,0,test,3.4483009579733674,1.535265205384835,1.8732720805192977,5.75187905694738,2.560872699146016,3.124679249062927,31.446917259402127,24.673296605020948,26.616036139758435,52.454489035150274,41.15586769771937,44.39642093803969,3.71245605382488,1.6196372561445105,2.234786652186384,6.192498417650517,2.7016080461099006,3.7276974075404032,40.954268994885254,32.84653194043474,36.57154958467891,68.31306344638648,54.789092212118604,61.002543774443936,3.5788036222043247,1.5784676965957996,2.203473322833248,5.969561779660493,2.6329358709610267,3.6754657475128365,35.83064820236103,28.43910951330447,31.874264904317723,59.7666959768891,47.43736709801197,53.16731891826768,0.7537688442211055,-0.016231155778894557,-0.0012311557788945438,0.5879396984924623,-0.012060301507537674,-0.012060301507537674,0.4974874371859297,0.007487437185929702,0.007487437185929702,0.43103448275862066,0.11246129702676333,0.1543971416051505,0.40987654320987654,0.4522613065326633,0.13145930152013197,0.19349669885319754,0.41414141414141414,0.4347826086956522,0.12092618131668731,0.1856168689848624,0.42281879194630867,27.0,5.0,5.0,38.0,5.0,5.0,45.0,4.0,3.0,-0.00030956681957665394,-0.0005820383339284779,-0.00015818847387994502,0.008693542849064428,0.010123311493049236,0.009564833793728411,"[3.056640625, 9.4453125, 2.48046875, 1.80859375, 0.8740234375, 3.994140625, 0.56640625, 10.6640625, 8.7109375, 2.740234375, 1.2041015625, 8.875, 4.734375, 3.810546875, 11.3984375, 3.298828125, 8.8828125, 0.73876953125, 0.4091796875, 1.5615234375, 1.544921875, 7.16796875, 0.047943115234375, 11.3828125, 2.6796875, 1.8583984375, 0.79931640625, 8.265625, 5.6171875, 5.5859375, 1.4892578125, 5.48046875, 6.6640625, 8.0390625, 2.8046875, 0.6025390625, 1.53125, 5.54296875, 0.78125, 7.07421875, 1.052734375, 6.31640625, 6.00390625, 0.342041015625, 6.66796875, 9.0234375, 4.11328125, 0.0150909423828125, 0.0270538330078125, 1.865234375, 4.0859375, 1.935546875, 6.62890625, 4.2265625, 1.0302734375, 8.8984375, 0.9482421875, 1.9169921875, 7.51171875, 0.011993408203125, 0.00814056396484375, 2.18359375, 4.12109375, 10.2890625, 0.199462890625, 1.685546875, 4.87890625, 1.9619140625, 5.96875, 1.3896484375, 1.0361328125, 0.322998046875, 7.07421875, 1.0400390625, 3.974609375, 4.6796875, 3.490234375, 2.3125, 5.8984375, 2.68359375, 6.30078125, 5.33984375, 0.371826171875, 7.1796875, 7.125, 2.701171875, 1.3505859375, 1.650390625, 2.033203125, 4.38671875, 2.529296875, 5.66015625, 4.35546875, 4.91015625, 2.59375, 2.759765625, 2.294921875, 2.962890625, 1.3212890625, 12.8359375, 0.1552734375, 5.109375, 9.1015625, 3.888671875, 0.183349609375, 0.92529296875, 3.802734375, 8.9765625, 6.7421875, 11.0, 1.08984375, 1.615234375, 7.56640625, 3.611328125, 1.33984375, 2.37109375, 0.291015625, 0.7607421875, 1.203125, 11.25, 0.07952880859375, 7.66015625, 2.267578125, 0.623046875, 6.10546875, 1.53125, 2.75, 0.001560211181640625, 2.134765625, 0.0034503936767578125, 1.64453125, 4.01171875, 0.1578369140625, 0.050445556640625, 7.9609375, 7.0, 2.51171875, 4.1171875, 3.125, 0.357421875, 3.041015625, 0.04498291015625, 0.0494384765625, 1.6953125, 0.00539398193359375, 6.75, 0.09820556640625, 1.1376953125, 7.63671875, 0.90576171875, 10.8984375, 1.6123046875, 4.0, 4.33203125, 0.01461029052734375, 8.390625, 9.703125, 3.263671875, 3.2890625, 0.351806640625, 8.546875, 5.94140625, 1.11328125, 10.0078125, 9.6953125, 1.68359375, 5.71484375, 4.44140625, 4.23046875, 5.765625, 0.97314453125, 5.31640625, 3.828125, 5.59375, 1.4951171875, 0.88818359375, 0.2103271484375, 0.0175018310546875, 0.013397216796875, 0.0005435943603515625, 0.0157470703125, 0.017730712890625, 0.8857421875, 7.13671875, 2.205078125, 6.54296875, 5.25, 2.58984375, 5.41796875, 4.01171875, 5.87890625, 6.5390625, 1.2958984375, 6.81640625, 1.7783203125, 2.04296875, 7.640625, 7.796875, 0.5947265625, 6.22265625, 3.56640625, 0.50634765625, 0.0133514404296875, 8.5625, 4.8125, 0.876953125, 6.08984375, 2.248046875, 5.453125, 1.166015625, 7.7578125, 0.06109619140625, 0.59375, 4.87109375, 2.24609375, 8.6796875, 7.30078125, 2.4453125, 0.0032196044921875, 0.2489013671875, 0.00016045570373535156, 0.95849609375, 13.109375, 2.630859375, 0.470947265625, 2.44140625, 3.912109375, 5.515625, 1.546875, 0.39501953125, 0.405517578125, 1.50390625, 0.00977325439453125, 3.349781036376953e-05, 0.0016908645629882812, 0.0003647804260253906, 0.38427734375, 2.166015625, 0.65966796875, 0.11358642578125, 0.291748046875, 0.011627197265625, 6.330013275146484e-05, 0.0074615478515625, 0.0002639293670654297, 0.00015223026275634766, 1.2001953125, 4.64453125, 0.888671875, 2.935546875, 6.26953125, 3.080078125, 1.01953125, 1.2998046875, 0.3623046875, 0.65380859375, 5.8828125, 4.90625, 6.1953125, 4.953125, 3.208984375, 0.564453125, 3.244140625, 3.361328125, 5.34765625, 5.57421875, 7.2890625, 4.203125, 3.908203125, 8.1015625, 2.41796875, 0.12200927734375, 4.55859375, 8.1640625, 3.294921875, 6.0078125, 12.25, 1.505859375, 5.0078125, 5.35546875, 4.13671875, 7.98046875, 2.4375, 4.48046875, 6.46484375, 0.7880859375, 4.74609375, 3.05078125, 7.99609375, 6.30859375, 6.4296875, 4.64453125, 13.1015625, 1.076171875, 4.36328125, 1.6796875, 0.1009521484375, 4.48828125, 2.263671875, 2.3046875, 7.6328125, 0.9150390625, 0.4033203125, 3.2734375, 0.320068359375, 0.11163330078125, 5.43359375, 0.18017578125, 11.15625, 0.2578125, 2.099609375, 0.33056640625, 0.2264404296875, 4.6796875, 8.453125, 5.40625, 1.0341796875, 0.0147857666015625, 2.9375, 0.4853515625, 0.278076171875, 11.34375, 6.45703125, 1.189453125, 5.4375, 9.390625, 0.451171875, 5.00390625, 0.441650390625, 0.1085205078125, 3.77734375, 0.2308349609375, 0.06512451171875, 0.92626953125, 0.20849609375, 0.0968017578125, 2.5, 0.2203369140625, 0.07415771484375, 5.34765625, 6.93359375, 9.796875, 10.7578125, 0.472900390625, 6.20703125, 4.49609375, 0.90966796875, 4.390625, 3.869140625, 7.41015625, 4.15234375, 3.078125, 0.015228271484375, 3.650390625, 0.55126953125, 0.01045989990234375, 5.69921875, 9.6171875, 3.470703125, 0.463134765625, 0.012542724609375, 4.2890625, 0.273193359375, 0.037353515625, 9.625, 4.625, 0.284912109375, 0.00528717041015625, 2.140625, 0.276611328125, 0.017578125, 7.9375, 4.85546875, 1.0986328125, 0.1240234375, 0.0044403076171875, 1.576171875, 4.15234375, 5.5078125, 1.65625, 1.4814453125, 2.0, 2.560546875, 1.6171875, 4.44921875, 5.515625, 4.125, 3.1328125, 3.11328125, 4.31640625, 2.923828125, 1.6533203125, 2.494140625, 4.49609375, 2.35546875, 0.478515625, 0.00042557716369628906, 0.93896484375, 3.50390625, 2.169921875, 1.3759765625, 1.6123046875, 2.841796875, 8.1875, 5.47265625, 2.029296875]",-1.2148021456643279
120,0,test,2.9410629018203363,1.3102167282609443,1.8135373218909845,5.481071771574262,2.4417675390317592,3.3797740998877432,18.93596268870622,13.827767378604847,15.847956673996414,35.28974864713432,25.76993011467267,29.53482834699332,2.9027647900221933,1.2087798981856877,1.6888730655089437,5.4096980177686325,2.2527261738915083,3.1474452584484855,18.224462591446724,12.783342755732761,14.857901672360956,33.96377119315071,23.82350240841106,27.68972584394542,2.9410629018203363,1.3102167282609443,1.8135373218909845,5.481071771574262,2.4417675390317592,3.3797740998877432,18.93596268870622,13.827767378604847,15.847956673996414,35.28974864713432,25.76993011467267,29.53482834699332,0.6231155778894473,-0.006884422110552735,-0.0018844221105527303,0.49246231155778897,-0.007537688442211032,-0.007537688442211032,0.42713567839195976,0.0021356783919597166,0.0021356783919597166,0.4370629370629371,0.15085002257777125,0.19985363473735573,0.4385964912280702,0.44723618090452266,0.14648430120527456,0.2034966149612839,0.4292929292929293,0.4370629370629371,0.15085002257777125,0.19985363473735573,0.4385964912280702,26.0,11.0,6.0,37.0,10.0,6.0,44.0,8.0,4.0,0.0001569584664513824,-5.14257560107872e-05,3.088457157666251e-05,0.00029419353837489837,-0.00015400165618917327,-5.253467235455389e-06,"[3.0625, 9.453125, 2.48046875, 1.494140625, 0.81689453125, 2.970703125, 1.1455078125, 8.8359375, 5.8671875, 0.61328125, 0.80615234375, 6.60546875, 0.1534423828125, 8.765625, 0.2158203125, 4.33984375, 0.1903076171875, 6.76953125, 0.2252197265625, 0.1405029296875, 4.44140625, 4.83984375, 2.453125, 4.00390625, 0.1602783203125, 3.306640625, 3.64453125, 2.828125, 0.0257568359375, 3.51171875, 0.0892333984375, 0.01467132568359375, 0.0296783447265625, 1.4873046875, 0.006420135498046875, 0.0200347900390625, 1.09765625, 1.578125, 7.36328125, 1.0234375, 0.1080322265625, 6.2265625, 4.16796875, 1.578125, 0.188720703125, 4.859375, 10.296875, 0.06646728515625, 0.01366424560546875, 0.00997161865234375, 4.5546875, 6.015625, 2.115234375, 4.99609375, 1.01171875, 0.1895751953125, 0.1473388671875, 6.484375, 5.8125, 0.58740234375, 7.05859375, 0.00914764404296875, 7.22265625, 3.017578125, 2.921875, 4.7265625, 0.334716796875, 5.08203125, 7.92578125, 4.84375, 7.6875, 1.7109375, 6.375, 3.556640625, 3.84375, 2.923828125, 8.6015625, 5.6640625, 1.0390625, 2.392578125, 3.248046875, 1.12890625, 5.15234375, 1.9462890625, 5.01953125, 2.408203125, 1.859375, 6.59765625, 0.032012939453125, 6.90625, 0.927734375, 0.95361328125, 0.005237579345703125, 0.02105712890625, 4.125, 0.058563232421875, 1.751953125, 7.6328125, 3.375, 7.5390625, 1.64453125, 4.59765625, 0.00397491455078125, 0.139404296875, 0.0003440380096435547, 0.00446319580078125, 0.00151824951171875, 0.434814453125, 7.125, 3.388671875, 0.302734375, 7.27734375, 1.1533203125, 0.004520416259765625, 0.43505859375, 0.349853515625, 6.6015625, 1.439453125, 1.044921875, 3.794921875, 0.41064453125, 8.53125, 0.4697265625, 4.57421875, 7.6171875, 2.078125, 0.74462890625, 0.005245208740234375, 0.453857421875, 7.14453125, 11.1328125, 4.91015625, 4.05078125, 0.041351318359375, 0.452392578125, 5.828125, 4.80078125, 4.41015625, 0.034942626953125, 0.83154296875, 0.0007100105285644531, 0.378173828125, 5.60546875, 2.255859375, 6.55078125, 0.45654296875, 2.27734375, 0.0242919921875, 0.71533203125, 0.1802978515625, 0.45751953125, 0.0006060600280761719, 0.0193023681640625, 0.99267578125, 0.01078033447265625, 0.0001379251480102539, 0.01006317138671875, 0.0006742477416992188, 4.5625, 10.8828125, 1.359375, 0.143798828125, 5.80078125, 0.2423095703125, 4.46875, 0.036376953125, 6.47265625, 4.83203125, 2.96484375, 7.05859375, 8.4375, 1.576171875, 0.2259521484375, 3.138671875, 5.15625, 4.41015625, 4.84375, 3.126953125, 1.34375, 9.6328125, 4.2109375, 4.234375, 9.296875, 1.076171875, 2.1484375, 1.0244140625, 0.03778076171875, 1.544921875, 0.4462890625, 0.429443359375, 4.09765625, 0.52880859375, 0.0606689453125, 0.8408203125, 0.0211944580078125, 1.142578125, 1.3759765625, 3.87890625, 6.578125, 5.0078125, 0.8447265625, 7.39453125, 0.06988525390625, 8.5390625, 0.04461669921875, 0.056854248046875, 5.0625, 2.998046875, 3.91796875, 0.6689453125, 5.546875, 0.222900390625, 2.603515625, 3.060546875, 2.91796875, 0.17529296875, 5.9296875, 4.38671875, 0.70751953125, 7.46484375, 0.1588134765625, 1.5927734375, 4.62890625, 7.75, 5.5, 0.08258056640625, 0.8984375, 0.30615234375, 0.8720703125, 4.87109375, 1.353515625, 4.45703125, 6.53515625, 0.81787109375, 6.3046875, 6.625, 1.5625, 1.0595703125, 0.211181640625, 1.0859375, 0.123779296875, 3.13671875, 1.5634765625, 4.78125, 0.01313018798828125, 4.02734375, 1.037109375, 7.5546875, 0.5537109375, 3.55078125, 2.537109375, 0.012176513671875, 1.34375, 2.466796875, 6.59375, 0.46728515625, 5.5390625, 0.9111328125, 5.73046875, 4.65234375, 0.900390625, 0.5625, 1.4658203125, 1.482421875, 3.55078125, 6.28125, 0.00939178466796875, 0.029510498046875, 0.332763671875, 2.04296875, 4.58984375, 2.029296875, 4.0703125, 10.8046875, 4.11328125, 2.998046875, 7.765625, 0.51123046875, 0.73291015625, 0.53125, 14.6875, 3.384765625, 1.33984375, 6.34765625, 2.7578125, 1.1044921875]",-1.1565056101425544
52,0,test,3.7404865324497223,1.7017876233230806,2.3316815510603766,6.184020448120395,2.813508181272832,3.8548906045169047,42.11847718667656,34.437867662583336,38.027413602051865,69.63306027345018,56.934967140652844,62.86944258831689,3.6232545058331898,1.5700489726979834,2.224533555994714,5.990204685523214,2.5957091056162644,3.6777464317701556,37.459281105192325,29.66643978250926,33.409264626842685,61.93016825933807,49.04652607259069,55.23441237302133,3.8471900260568064,1.766223436012909,2.42431286617967,6.360429741571303,2.9200377409459652,4.008034839060862,46.86119930225636,38.848989607522796,42.71215856499031,77.47404306754946,64.22772653706029,70.61457370794881,0.7487437185929648,-0.006256281407035158,0.01374371859296486,0.5628140703517588,-0.012185929648241167,-0.017185929648241283,0.5025125628140703,0.007512562814070312,-0.007487437185929702,0.4237804878048781,0.13002097486728292,0.18747217137485783,0.39449541284403666,0.4371859296482412,0.1264089872923515,0.19344636370500246,0.3787878787878788,0.43143812709030105,0.13260674144756313,0.195620552006875,0.4161073825503355,19.0,2.0,2.0,32.0,3.0,4.0,41.0,3.0,4.0,-0.0006419008398766389,-0.00014159213108958367,-0.00017486897808877336,-0.00039251620327895864,8.686395899459853e-06,0.0001419379254530284,"[3.056640625, 9.4453125, 2.4296875, 6.078125, 0.78955078125, 0.10418701171875, 4.328125, 1.2412109375, 4.140625, 0.341552734375, 3.251953125, 11.265625, 8.5859375, 1.3232421875, 4.28125, 4.18359375, 11.015625, 9.328125, 0.24267578125, 3.96484375, 6.53125, 1.0263671875, 6.02734375, 3.412109375, 1.986328125, 1.330078125, 14.59375, 13.53125, 4.79296875, 3.056640625, 0.9560546875, 5.29296875, 2.650390625, 1.150390625, 7.3203125, 0.99951171875, 4.2578125, 1.197265625, 6.2421875, 6.984375, 1.9716796875, 0.01099395751953125, 12.1328125, 6.4453125, 0.180908203125, 3.53125, 5.36328125, 4.5, 0.373291015625, 0.93408203125, 2.6953125, 3.845703125, 1.0654296875, 5.58203125, 3.078125, 6.03515625, 4.4765625, 0.53125, 0.299072265625, 8.046875, 1.24609375, 0.480712890625, 0.7470703125, 1.92578125, 15.2578125, 13.109375, 6.8671875, 0.269287109375, 0.76611328125, 2.66015625, 0.26171875, 3.091796875, 0.8984375, 6.921875, 10.78125, 7.3046875, 11.2890625, 0.355712890625, 1.2158203125, 9.5390625, 0.6982421875, 9.1953125, 5.10546875, 0.07501220703125, 6.03125, 1.3408203125, 6.453125, 4.15234375, 3.337890625, 4.69921875, 8.734375, 7.109375, 5.1328125, 6.4296875, 1.65625, 7.65234375, 2.755859375, 0.96875, 6.47265625, 1.748046875, 3.56640625, 5.03515625, 4.65234375, 1.6962890625, 4.4609375, 2.662109375, 1.3125, 0.87939453125, 4.77734375, 0.238525390625, 3.76171875, 3.826171875, 13.671875, 0.2435302734375, 3.79296875, 1.0751953125, 0.8330078125, 5.3046875, 1.697265625, 1.6572265625, 0.341796875, 7.58203125, 4.05078125, 0.338623046875, 5.78125, 2.787109375, 1.1025390625, 0.69580078125, 5.90625, 0.724609375, 0.5498046875, 3.005859375, 2.935546875, 4.0078125, 0.4150390625, 1.86328125, 3.330078125, 0.919921875, 6.484375, 1.13671875, 2.927734375, 0.1798095703125, 4.12109375, 0.370361328125, 3.671875, 6.9453125, 2.521484375, 3.046875, 9.796875, 0.029541015625, 9.046875, 2.89453125, 1.9501953125, 0.7109375, 6.29296875, 1.373046875, 0.056243896484375, 3.703125, 4.625, 0.58544921875, 0.40380859375, 4.203125, 0.7236328125, 6.92578125, 0.053375244140625, 0.451416015625, 3.5390625, 2.365234375, 0.46826171875, 1.59765625, 5.58984375, 5.1953125, 1.865234375, 4.91796875, 4.13671875, 5.99609375, 4.39453125, 0.01447296142578125, 0.0164794921875, 1.09765625, 4.4140625, 1.6201171875, 0.00016558170318603516, 1.6083984375, 8.4375, 0.0948486328125, 1.3486328125, 1.806640625, 1.263671875, 0.01959228515625, 0.01136016845703125, 0.096435546875, 0.56396484375, 3.8984375, 0.10028076171875, 3.392578125, 8.3984375, 6.16796875, 1.763671875, 6.2578125, 7.74609375, 0.923828125, 4.55078125, 4.30078125, 0.144287109375, 8.0703125, 5.33984375, 0.33984375, 6.1171875, 1.7060546875, 8.1015625, 2.994140625, 0.0192413330078125, 3.751953125, 8.90625, 4.2734375, 1.0302734375, 7.0703125, 1.8505859375, 0.01108551025390625, 6.37109375, 5.765625, 3.380859375, 0.67236328125, 0.1510009765625, 0.0009036064147949219, 0.313720703125, 0.0003883838653564453, 11.640625, 0.05474853515625, 0.424072265625, 3.591796875, 3.56640625, 0.75, 7.3046875, 0.259033203125, 9.5078125, 0.017730712890625, 0.7734375, 12.3671875, 0.62109375, 0.033294677734375, 0.0012922286987304688, 9.381771087646484e-05, 6.73046875, 1.9189453125, 9.9609375, 1.6044921875, 0.287353515625, 7.9375, 6.08203125, 16.40625, 0.8193359375, 8.8203125, 5.3046875, 3.2734375, 4.05859375, 7.8046875, 2.279296875, 1.8583984375, 0.615234375, 9.7265625, 0.7900390625, 11.9609375, 5.86328125, 0.1829833984375, 2.572265625, 2.55078125, 6.54296875, 0.32568359375, 1.76953125, 11.578125, 16.375, 11.2890625, 4.19140625, 10.2265625, 0.34912109375, 10.03125, 5.68359375, 5.4296875, 2.712890625, 7.09375, 3.576171875, 0.0232086181640625, 4.140625, 0.25244140625, 6.3984375, 0.1741943359375, 9.1796875, 0.070556640625, 0.462158203125, 0.001983642578125, 0.1693115234375, 12.984375, 4.07421875, 6.078125, 8.3046875, 10.1796875, 0.53955078125, 8.4765625, 10.1171875, 11.5859375, 0.006908416748046875, 5.1015625, 0.061248779296875, 0.0015544891357421875, 0.00019025802612304688, 0.1787109375, 6.0546875, 0.2020263671875, 3.1484375, 0.06195068359375, 0.161376953125, 0.19384765625, 0.006603240966796875, 0.0002422332763671875, 0.000492095947265625, 7.37890625, 2.181640625, 2.84765625, 3.6640625, 1.693359375, 4.96484375, 0.63818359375, 0.35888671875, 0.88232421875, 1.595703125, 3.1328125]",-1.1323858201503754
331,0,test,3.2211590699982224,1.4586232365626295,2.017401696571213,5.830705658351214,2.640292694031089,3.65175243809726,25.057146342978882,19.229950871384908,21.72453103529674,45.35660667146811,34.808645248203064,39.32415111452448,3.5036406313354647,1.5469644556156514,2.1486338053916434,6.342033041531285,2.8002014829498503,3.889299166721583,33.236232836701376,26.160463514629225,29.359445417425384,60.16178855251009,47.3537504125567,53.14431259103582,3.2211590699982224,1.4586232365626295,2.017401696571213,5.830705658351214,2.640292694031089,3.65175243809726,25.057146342978882,19.229950871384908,21.72453103529674,45.35660667146811,34.808645248203064,39.32415111452448,0.728643216080402,0.0036432160804019675,0.0036432160804019675,0.6080402010050252,0.0030402010050252226,0.013040201005025231,0.44221105527638194,-0.007788944723618019,-0.012788944723618023,0.40701754385964917,0.09353243002427258,0.1689778705807694,0.36267605633802813,0.39698492462311563,0.07618291961058432,0.14489811327086188,0.3737373737373737,0.40701754385964917,0.09353243002427258,0.1689778705807694,0.36267605633802813,24.0,3.0,2.0,34.0,2.0,1.0,42.0,2.0,1.0,-0.0008703966879767247,-0.0006834354256991073,-0.00020364466211119183,0.0002872636165145437,-0.00015787518124010802,-8.758024202748516e-06,"[3.0625, 9.453125, 2.48046875, 1.494140625, 0.81689453125, 2.970703125, 0.646484375, 2.3984375, 1.1572265625, 4.51171875, 2.63671875, 4.98828125, 4.2109375, 7.76171875, 9.015625, 5.82421875, 6.21875, 1.1376953125, 7.37890625, 0.10223388671875, 5.34765625, 3.060546875, 8.9140625, 8.6640625, 7.9296875, 3.60546875, 2.484375, 4.87890625, 3.32421875, 3.208984375, 4.19921875, 1.7138671875, 8.6328125, 0.031982421875, 8.5703125, 7.55859375, 2.654296875, 10.921875, 13.796875, 8.03125, 3.029296875, 1.2021484375, 2.333984375, 3.892578125, 0.0261383056640625, 3.04296875, 2.265625, 7.91015625, 0.9697265625, 0.8681640625, 0.422607421875, 2.9375, 3.326171875, 4.04296875, 8.6015625, 6.515625, 2.529296875, 2.298828125, 2.763671875, 8.34375, 0.357421875, 6.3125, 2.3203125, 9.0390625, 6.98046875, 0.55908203125, 5.01953125, 0.09613037109375, 2.587890625, 7.8359375, 2.419921875, 1.7958984375, 0.705078125, 6.0, 0.68603515625, 0.93603515625, 5.640625, 0.025390625, 0.030731201171875, 1.017578125, 5.375, 1.140625, 2.52734375, 0.21826171875, 10.5546875, 7.06640625, 0.9267578125, 11.359375, 0.069580078125, 2.162109375, 0.021820068359375, 7.484375, 2.837890625, 1.1259765625, 2.01953125, 7.09375, 0.06512451171875, 2.080078125, 6.79296875, 0.374755859375, 2.779296875, 2.068359375, 0.0154571533203125, 0.005580902099609375, 1.755859375, 0.0899658203125, 4.5, 4.0625, 2.8359375, 6.078125, 4.05859375, 8.3203125, 2.2421875, 0.479248046875, 9.734375, 3.349609375, 0.400146484375, 2.576171875, 1.9541015625, 1.3369140625, 0.89599609375, 5.1640625, 3.896484375, 3.015625, 1.2216796875, 1.8271484375, 0.33447265625, 0.66650390625, 0.4521484375, 2.6875, 0.437744140625, 1.9189453125, 6.640625, 0.480712890625, 2.4765625, 5.51171875, 4.015625, 10.4609375, 5.4921875, 0.1253662109375, 6.6171875, 0.0037212371826171875, 2.73046875, 0.100341796875, 3.787109375, 4.15625, 1.6865234375, 0.326416015625, 1.583984375, 1.1572265625, 6.671875, 7.21484375, 6.8203125, 0.00626373291015625, 2.765625, 4.15234375, 1.306640625, 9.0, 0.65966796875, 7.57421875, 0.0087738037109375, 1.623046875, 4.14453125, 1.8603515625, 0.0304107666015625, 0.0093841552734375, 0.33056640625, 6.828125, 1.3486328125, 3.482421875, 8.609375, 9.625, 0.9375, 9.609375, 3.494140625, 1.314453125, 5.234375, 0.2216796875, 2.458984375, 0.0016717910766601562, 0.1356201171875, 0.000858306884765625, 0.004390716552734375, 0.003192901611328125, 6.48828125, 4.61328125, 2.396484375, 0.324951171875, 6.01171875, 7.2578125, 12.8046875, 0.10076904296875, 0.201904296875, 4.15625, 7.35546875, 0.1429443359375, 5.3984375, 2.26171875, 0.0148468017578125, 3.458984375, 0.01580810546875, 7.15625, 3.36328125, 2.625, 0.07220458984375, 0.093017578125, 0.00298309326171875, 1.001953125, 3.439453125, 5.53515625, 0.4140625, 1.296875, 0.826171875, 0.22216796875, 0.1331787109375, 0.04156494140625, 0.08526611328125, 0.313720703125, 0.353759765625, 5.22265625, 1.5888671875, 0.004451751708984375, 0.0006232261657714844, 0.00417327880859375, 0.00048828125, 7.48828125, 4.1953125, 7.9921875, 3.958984375, 0.057403564453125, 8.7890625, 0.104248046875, 6.20703125, 0.8857421875, 0.0204925537109375, 2.3125, 6.4453125, 5.32421875, 7.4453125, 2.75, 0.053131103515625, 0.33203125, 0.7666015625, 1.76171875, 4.625, 0.133056640625, 0.1268310546875, 1.5322265625, 4.515625, 3.560546875, 3.728515625, 5.06640625, 3.1640625, 3.1484375, 0.84765625, 3.66015625, 0.044830322265625, 3.091796875, 3.90625, 0.3759765625, 0.5595703125, 4.2109375, 0.08648681640625, 2.298828125, 0.35595703125, 6.10546875, 3.228515625, 2.328125, 0.09674072265625, 3.66015625, 4.98828125, 0.0855712890625, 1.994140625, 5.64453125, 0.1282958984375, 6.73046875, 0.00678253173828125, 2.064453125, 2.076171875, 1.703125, 5.42578125, 4.75390625, 3.919921875, 7.10546875, 2.470703125]",-1.2941745824981155
406,0,test,3.311476696621288,1.4363426857745245,2.017939822922753,6.268152318604581,2.718791512358921,3.819671807675211,27.42559486731679,20.90390182793876,23.779936855403097,51.91273314170678,39.56809988859837,45.012023333441576,3.390523078453601,1.4468082583996589,2.0474280111061716,6.417775827072887,2.738601346256497,3.87548873530811,29.68147394998121,22.696824397184763,25.85059193672392,56.18278997675015,42.96184618038544,48.93147759451313,3.3257583442962533,1.4583139640516576,2.0245483429224818,6.295185437417908,2.760380003383495,3.832180791960412,27.820087850161315,21.34835189921378,24.146348641335024,52.65945200209106,40.40938038065466,45.70558849966986,0.7135678391959799,-0.011432160804020097,-0.011432160804020097,0.592964824120603,-0.0020351758793969443,0.002964824120602949,0.4623115577889447,-0.017688442211055255,-0.007688442211055246,0.4204545454545454,0.10476456435813708,0.17360316006411725,0.40304182509505704,0.4170854271356784,0.10129595345146791,0.17167641211063667,0.40909090909090906,0.41666666666666663,0.1009766855702583,0.16981528127623846,0.3992395437262357,26.0,5.0,4.0,36.0,2.0,2.0,44.0,2.0,4.0,-0.0003242377782608471,-0.00016130529433244515,-0.00011504997842468858,0.000141735257445319,0.00018927773293242467,-8.23537205478786e-05,"[3.056640625, 9.4453125, 2.4296875, 1.0791015625, 1.802734375, 10.203125, 0.145751953125, 7.9375, 0.96728515625, 2.458984375, 9.796875, 1.107421875, 7.5234375, 2.548828125, 5.765625, 0.2139892578125, 0.4609375, 5.61328125, 3.009765625, 4.1796875, 3.572265625, 5.91796875, 3.52734375, 0.0285186767578125, 8.609375, 3.0625, 1.04296875, 2.861328125, 7.77734375, 1.13671875, 3.35546875, 0.83740234375, 6.75390625, 0.058685302734375, 3.23046875, 4.1171875, 0.19091796875, 8.5078125, 1.48828125, 0.88232421875, 10.21875, 1.5078125, 1.6904296875, 0.007801055908203125, 1.0771484375, 2.4375, 7.703125, 0.89794921875, 2.1484375, 0.004848480224609375, 8.4296875, 0.134521484375, 2.10546875, 5.984375, 3.798828125, 6.25, 0.83935546875, 7.5703125, 3.798828125, 3.037109375, 1.0673828125, 2.57421875, 0.01175689697265625, 7.5234375, 3.4609375, 2.37109375, 6.671875, 2.619140625, 0.13330078125, 0.325439453125, 0.51171875, 2.322265625, 0.27197265625, 1.22265625, 2.328125, 0.01629638671875, 2.59765625, 0.09808349609375, 0.828125, 4.02734375, 0.004833221435546875, 3.61328125, 8.828125, 12.5546875, 4.4765625, 5.55859375, 3.328125, 4.33984375, 0.3603515625, 4.89453125, 0.05072021484375, 0.6337890625, 1.927734375, 3.7109375, 5.5859375, 0.004383087158203125, 0.95703125, 0.97265625, 7.3828125, 2.322265625, 4.29296875, 0.08343505859375, 1.7099609375, 8.625, 1.4296875, 3.33203125, 7.90234375, 1.2841796875, 1.1337890625, 3.103515625, 11.6953125, 0.93603515625, 4.51953125, 0.16357421875, 5.171875, 6.953125, 8.203125, 0.890625, 1.9892578125, 2.203125, 7.25, 7.02734375, 11.1484375, 0.417236328125, 0.1329345703125, 6.70703125, 5.12890625, 1.2216796875, 2.060546875, 2.267578125, 0.2142333984375, 7.6640625, 4.31640625, 6.359375, 0.59375, 6.30859375, 7.03125, 6.52734375, 1.0810546875, 8.4375, 2.76171875, 6.26171875, 3.8046875, 2.724609375, 4.69140625, 1.64453125, 4.96484375, 6.28515625, 0.24072265625, 0.443603515625, 0.028350830078125, 0.78759765625, 1.9111328125, 1.150390625, 5.30078125, 1.0458984375, 5.484375, 0.01099395751953125, 7.55078125, 6.21484375, 2.05859375, 6.03515625, 0.6396484375, 8.34375, 1.6875, 4.2109375, 0.08245849609375, 4.74609375, 1.1572265625, 3.232421875, 4.14453125, 0.236083984375, 1.1923828125, 7.2578125, 6.203125, 6.46875, 3.71875, 0.0005092620849609375, 0.0335693359375, 0.41015625, 4.3125, 0.1253662109375, 1.076171875, 8.578125, 0.92626953125, 6.7890625, 0.0089263916015625, 0.83154296875, 4.23046875, 2.41015625, 2.802734375, 2.1796875, 3.20703125, 6.3828125, 6.22265625, 3.072265625, 0.143798828125, 5.11328125, 0.54833984375, 0.329833984375, 3.08203125, 0.07049560546875, 0.08502197265625, 5.70703125, 0.64306640625, 4.9140625, 0.11151123046875, 1.96875, 7.7421875, 1.603515625, 2.3125, 4.921875, 0.250732421875, 1.8681640625, 0.8857421875, 4.23828125, 5.28515625, 8.6875, 4.19921875, 9.1484375, 6.53515625, 2.43359375, 1.662109375, 2.662109375, 0.171630859375, 0.6005859375, 4.12890625, 5.31640625, 2.412109375, 0.52978515625, 4.71484375, 1.208984375, 1.9716796875, 0.1744384765625, 0.2398681640625, 7.18359375, 1.818359375, 2.306640625, 1.7666015625, 0.00586700439453125, 9.234375, 0.1680908203125, 0.7626953125, 5.94140625, 4.4765625, 7.4453125, 0.00289154052734375, 0.1322021484375, 0.00103759765625, 0.0031528472900390625, 0.0012636184692382812, 0.58984375, 3.5234375, 6.30078125, 0.00989532470703125, 4.25390625, 8.8671875, 2.328125, 6.2578125, 1.2978515625, 0.71875, 8.7265625, 0.7265625, 6.078125]",-0.969301711429249
326,0,test,3.2922150433966606,1.4582603882415437,2.0285996311109544,5.975595797945994,2.646842485506912,3.6820472756465956,26.902387663579635,20.643799321918163,23.364197255508905,48.82967623868907,37.469909728139136,42.407618306231925,3.601915273235072,1.5872143098514426,2.218172066508781,6.53772292744722,2.8809026856892626,4.026134230307035,36.668397231565706,29.169912507164177,32.67858884342484,66.55565250934872,52.9453891397158,59.31387701032591,3.279952910813418,1.4521144725936734,2.0159319476238347,5.953339187435314,2.6356872276529004,3.6590545624679187,26.574521297818723,20.354095017477036,23.034895682424768,48.23457632823261,36.944076572817906,41.80991339618194,0.7537688442211055,-0.0012311557788945438,0.008768844221105465,0.6180904522613065,0.013090452261306562,0.0030904522613065533,0.4974874371859297,-0.007512562814070312,0.0024874371859296973,0.43181818181818177,0.1199089190582574,0.187485688115411,0.376425855513308,0.44221105527638194,0.11890278459969017,0.1817769985151132,0.38888888888888884,0.428030303030303,0.11612104027037862,0.18117891763987481,0.36882129277566544,21.0,7.0,5.0,34.0,6.0,6.0,44.0,4.0,6.0,-0.0006655489527680044,-0.0009258699759305991,-0.00046936098495570586,0.000141735257445319,0.00018927773293242467,-8.23537205478786e-05,"[3.056640625, 9.4453125, 2.4296875, 1.0791015625, 6.80078125, 6.7265625, 9.3671875, 4.3671875, 7.25, 6.80078125, 6.4921875, 6.96484375, 2.4609375, 1.5703125, 6.3046875, 8.453125, 6.45703125, 4.48828125, 3.62890625, 0.986328125, 2.4140625, 0.058990478515625, 10.90625, 7.83984375, 1.515625, 7.75, 0.338623046875, 0.11956787109375, 1.5126953125, 3.91015625, 3.48828125, 0.66552734375, 1.6650390625, 7.00390625, 10.265625, 8.3984375, 2.20703125, 1.0390625, 1.939453125, 3.3671875, 7.08984375, 3.29296875, 0.69482421875, 6.96484375, 1.3095703125, 0.89208984375, 3.40234375, 0.60498046875, 0.2379150390625, 0.12115478515625, 7.328125, 4.30859375, 0.53271484375, 5.00390625, 6.86328125, 5.19921875, 0.393798828125, 1.076171875, 1.8359375, 7.76953125, 5.8984375, 1.1708984375, 4.5, 5.34765625, 1.2509765625, 12.3671875, 6.265625, 7.6953125, 1.5322265625, 4.6953125, 5.27734375, 7.41796875, 3.115234375, 1.958984375, 5.0390625, 1.6806640625, 3.251953125, 0.07000732421875, 1.8447265625, 6.59765625, 2.923828125, 3.4453125, 10.5625, 0.0701904296875, 1.2333984375, 6.453125, 0.923828125, 4.98828125, 11.2421875, 2.296875, 5.97265625, 4.28125, 0.181396484375, 0.150634765625, 4.109375, 0.372314453125, 2.59765625, 5.12890625, 5.42578125, 0.8984375, 4.171875, 3.89453125, 5.23828125, 7.04296875, 6.1953125, 2.0625, 0.95556640625, 5.44140625, 0.8779296875, 3.564453125, 0.123779296875, 5.39453125, 2.810546875, 0.376708984375, 2.369140625, 1.359375, 7.80078125, 1.0009765625, 10.078125, 0.362548828125, 2.345703125, 3.244140625, 5.87890625, 0.08319091796875, 0.435791015625, 2.736328125, 5.4296875, 2.04296875, 4.0703125, 0.040618896484375, 6.078125, 0.2108154296875, 2.89453125, 4.14453125, 11.9609375, 3.2421875, 2.16015625, 1.9267578125, 1.513671875, 4.51171875, 2.453125, 6.94921875, 4.3359375, 6.0234375, 6.5234375, 4.859375, 2.296875, 10.609375, 1.4794921875, 1.2880859375, 7.71875, 1.7236328125, 1.3623046875, 0.1131591796875, 5.375, 0.223388671875, 0.261962890625, 2.390625, 3.162109375, 1.19140625, 7.6015625, 2.02734375, 0.34619140625, 3.623046875, 7.12890625, 4.328125, 5.02734375, 0.0137481689453125, 4.6875, 0.6015625, 0.51611328125, 3.376953125, 7.625, 7.40234375, 0.0022678375244140625, 3.056640625, 0.01116943359375, 1.9365234375, 1.8408203125, 0.00203704833984375, 1.1748046875, 0.5859375, 2.177734375, 0.96484375, 0.10906982421875, 14.328125, 4.71484375, 2.158203125, 1.3740234375, 7.0078125, 0.231689453125, 0.0138092041015625, 5.515625, 0.0012826919555664062, 0.036956787109375, 0.04949951171875, 0.014434814453125, 5.921875, 0.334228515625, 0.42236328125, 0.00799560546875, 0.01373291015625, 0.0007023811340332031, 0.5693359375, 0.006740570068359375, 4.71484375, 0.0163726806640625, 0.098388671875, 6.62109375, 5.14453125, 5.12109375, 8.4609375, 4.08203125, 0.0576171875, 0.00875091552734375, 8.015625, 3.462890625, 3.8125, 0.315185546875, 4.3828125, 1.3076171875, 3.251953125, 0.414306640625, 0.404296875, 0.94580078125, 0.0149383544921875, 0.022674560546875, 0.0123748779296875, 8.625, 0.97119140625, 0.986328125, 5.8671875, 0.35595703125, 8.265625, 2.5859375, 0.04193115234375, 0.94091796875, 1.3564453125, 0.301513671875, 0.04351806640625, 0.1697998046875, 0.037261962890625, 0.00020825862884521484, 0.0019159317016601562, 0.0013017654418945312, 0.001384735107421875, 7.4921875, 4.98046875, 1.99609375, 0.2474365234375, 2.482421875, 4.1640625, 0.1646728515625, 0.0467529296875, 5.32421875, 4.16015625, 5.04296875, 5.79296875, 0.1275634765625, 0.6826171875, 9.0546875, 0.345947265625, 0.66845703125, 3.1328125]",-1.2216032206109078
431,0,test,3.402651525750945,1.5545240369095674,2.1046936094911795,5.768131196059088,2.6352091962584643,3.567849594698951,30.04365605606894,23.695734223734707,26.381844754039825,50.92962015921847,40.168704539700016,44.72216463652741,3.844840155174984,1.725914233873489,2.4056611787036672,6.517723685510535,2.9257476584914226,4.078045955342581,46.75121081451311,38.429016820267556,42.53397886593641,79.25205255722275,65.14437610708458,72.10305508289755,3.462189906416928,1.563964248687972,2.1546162406505784,5.869059894835114,2.6512121221074176,3.6524777983221033,31.886729063605706,25.21268716810812,28.189536867063573,54.05397386718187,42.74022370208702,47.78654110619868,0.7587939698492463,-0.01120603015075372,-0.02120603015075373,0.6432160804020101,0.00821608040201005,0.0032160804020100464,0.5175879396984925,0.007587939698492474,0.007587939698492474,0.42405063291139244,0.1175735397044414,0.18405063291139245,0.3936507936507937,0.44221105527638194,0.12642158159217143,0.1917936930059312,0.4545454545454546,0.4347826086956522,0.1259345285620963,0.18784156308942312,0.40268456375838924,26.0,11.0,11.0,35.0,8.0,8.0,45.0,10.0,11.0,-0.00103969156909155,-0.00011028452999772332,-0.0004865635775278949,0.0027802358083848233,0.00345853287392206,0.004288083727594483,"[3.0625, 9.453125, 2.48046875, 1.494140625, 0.81689453125, 2.970703125, 3.14453125, 6.94140625, 2.767578125, 0.029388427734375, 7.30859375, 0.978515625, 3.939453125, 1.9267578125, 1.6484375, 2.44921875, 8.3671875, 1.2138671875, 0.73974609375, 8.375, 6.30078125, 2.513671875, 3.73828125, 5.25, 0.08636474609375, 0.98583984375, 8.28125, 3.07421875, 2.828125, 1.7890625, 6.30078125, 1.4013671875, 5.03515625, 4.10546875, 2.623046875, 4.9765625, 2.982421875, 9.015625, 0.408447265625, 0.3369140625, 7.296875, 0.83935546875, 1.02734375, 6.60546875, 4.69921875, 1.95703125, 4.79296875, 0.72119140625, 9.25, 0.07452392578125, 2.505859375, 6.484375, 0.77783203125, 1.9873046875, 9.5234375, 3.875, 6.03515625, 0.32763671875, 2.3359375, 1.013671875, 0.67529296875, 0.587890625, 5.97265625, 2.1171875, 2.302734375, 3.740234375, 3.9921875, 3.154296875, 0.0767822265625, 6.81640625, 5.71484375, 5.65234375, 0.873046875, 0.0297088623046875, 2.80078125, 5.8203125, 10.671875, 0.02349853515625, 7.67578125, 9.75, 9.828125, 2.099609375, 0.98193359375, 1.4384765625, 5.1796875, 8.34375, 7.60546875, 0.09033203125, 2.7890625, 7.98828125, 1.904296875, 4.21484375, 1.2724609375, 7.96484375, 0.0284881591796875, 1.130859375, 1.537109375, 7.31640625, 7.77734375, 7.94140625, 3.61328125, 4.296875, 9.4140625, 1.125, 0.367431640625, 4.5078125, 3.798828125, 4.4375, 7.08984375, 5.7265625, 1.734375, 5.78515625, 1.1826171875, 5.1328125, 12.2578125, 6.22265625, 0.1197509765625, 0.7958984375, 3.765625, 8.046875, 1.8359375, 0.224609375, 7.953125, 0.1248779296875, 6.58203125, 0.8310546875, 1.0458984375, 0.95263671875, 5.7578125, 4.328125, 0.1619873046875, 8.875, 4.03125, 4.8125, 3.828125, 0.496826171875, 7.05859375, 8.8125, 1.591796875, 5.21875, 0.943359375, 1.5341796875, 7.81640625, 0.88037109375, 0.01190185546875, 0.7705078125, 0.07476806640625, 0.0029201507568359375, 0.11474609375, 10.3359375, 13.828125, 5.796875, 5.0703125, 7.3515625, 2.330078125, 5.609375, 10.75, 0.1375732421875, 1.451171875, 2.513671875, 4.12109375, 1.7197265625, 4.78515625, 0.389404296875, 0.8759765625, 5.27734375, 6.0390625, 4.93359375, 0.026763916015625, 0.0006036758422851562, 3.609375, 2.6640625, 8.40625, 9.0546875, 6.32421875, 0.7822265625, 1.6640625, 2.47265625, 2.896484375, 0.7646484375, 3.642578125, 2.30078125, 0.2646484375, 10.9609375, 5.4765625, 9.078125, 4.78125, 3.1796875, 2.640625, 0.5625, 6.66796875, 1.880859375, 5.33203125, 2.18359375, 2.009765625, 7.19921875, 4.3203125, 0.4765625, 5.46484375, 7.56640625, 7.0546875, 11.3828125, 1.62109375, 4.8828125, 3.26171875, 0.2413330078125, 0.0849609375, 0.71142578125, 3.1328125, 3.6484375, 1.953125, 4.71484375, 1.541015625, 3.466796875, 8.21875, 0.5166015625, 3.896484375, 1.25390625, 5.859375, 6.52734375, 3.853515625, 5.3984375, 0.0021495819091796875, 2.13671875, 0.00687408447265625, 1.1982421875, 5.125, 3.9765625, 1.8701171875, 2.630859375, 4.5625, 1.2265625, 7.5703125, 4.28515625, 0.368408203125, 0.393798828125, 3.3046875, 7.1484375, 0.1962890625, 3.11328125, 13.0, 9.8515625, 1.2099609375, 0.431884765625, 1.474609375, 0.004657745361328125, 0.0136871337890625, 0.0018978118896484375, 0.0280609130859375, 0.00946807861328125, 0.64697265625, 3.783203125, 0.7421875, 5.76171875, 0.626953125, 4.84375, 1.572265625, 0.0018568038940429688, 0.82568359375, 0.159912109375, 2.302734375, 0.0099945068359375, 4.8984375, 1.48828125, 0.00226593017578125, 0.51220703125, 0.0738525390625, 3.345703125, 8.015625, 7.15625, 1.630859375, 6.04296875, 0.11029052734375, 3.48828125, 0.06842041015625, 0.002044677734375, 2.833984375, 0.00274658203125, 0.003917694091796875, 0.0036182403564453125, 0.0307769775390625, 9.2109375, 0.55126953125, 0.607421875, 3.580078125, 5.578125, 1.515625, 2.40234375, 6.25390625, 7.0390625, 0.484130859375, 0.00890350341796875, 0.00412750244140625, 0.0006380081176757812, 0.185791015625, 0.0003192424774169922, 0.66796875, 3.380859375, 0.155029296875, 7.46875, 0.0882568359375, 0.0167388916015625, 2.103515625, 7.20703125, 2.49609375, 0.071044921875, 0.0039825439453125, 0.14599609375, 8.046875, 1.0234375, 10.0390625, 0.0248260498046875, 0.1573486328125, 1.140625, 0.00933074951171875, 0.00018477439880371094]",-1.6864946114866037
209,0,test,3.2846485061921937,1.4472609035075545,1.9947661554318392,6.110152597540317,2.6922165194280314,3.710694031072131,26.699597922013428,20.41948725359386,23.06723873569636,49.66699398396046,37.98463757926599,42.91002474489753,3.5204093396364144,1.526639926986213,2.1425762524587872,6.548718449001072,2.8398785738560735,3.985652598659895,33.79826060034114,26.45509953588565,29.83196291279013,62.872033159774375,49.2121744054647,55.49386649368486,3.2255155398295474,1.4191485294041009,1.9533410968614866,6.000152563338835,2.6399214579237573,3.633634513516528,25.16654516840068,19.078256652059775,21.597941310910187,46.81518617347653,35.489660223724094,40.17681555685443,0.7537688442211055,0.0037688442211054607,-0.0012311557788945438,0.5879396984924623,-0.002060301507537776,0.0029396984924623393,0.48743718592964824,0.0024371859296482556,0.012437185929648265,0.41159420289855075,0.09466222026468674,0.15841727230226532,0.38372093023255816,0.42713567839195976,0.11134620470774925,0.15501547805806992,0.38888888888888884,0.40802675585284276,0.08749253214666575,0.15329928088065148,0.3791946308724832,23.0,6.0,8.0,34.0,7.0,9.0,40.0,5.0,6.0,-0.0006037948188146112,0.00012013124660662121,-0.0003742676998688008,0.0020123800684572757,0.003570865100366305,0.004032689470869322,"[3.056640625, 9.4453125, 2.4296875, 1.0791015625, 1.802734375, 8.203125, 1.7041015625, 2.865234375, 2.791015625, 6.23828125, 3.935546875, 2.564453125, 8.0078125, 0.1458740234375, 2.60546875, 1.2412109375, 5.9375, 1.19140625, 2.947265625, 3.306640625, 8.0078125, 3.94921875, 4.859375, 10.4765625, 0.06573486328125, 2.783203125, 0.978515625, 6.640625, 3.623046875, 4.421875, 5.32421875, 2.65234375, 1.9296875, 5.66015625, 1.552734375, 1.76171875, 0.52392578125, 2.8515625, 1.369140625, 2.59375, 7.0625, 5.0078125, 12.1796875, 3.17578125, 9.515625, 4.32421875, 5.81640625, 3.154296875, 4.890625, 7.81640625, 2.197265625, 6.47265625, 5.62109375, 0.1463623046875, 2.712890625, 2.94921875, 6.421875, 1.34375, 9.203125, 0.70654296875, 8.9296875, 3.0390625, 2.1484375, 0.006378173828125, 0.0052337646484375, 1.7890625, 0.075927734375, 0.89697265625, 0.0941162109375, 3.84375, 3.876953125, 0.68603515625, 9.1328125, 2.345703125, 1.5263671875, 5.45703125, 1.8681640625, 3.1171875, 3.474609375, 2.01171875, 2.234375, 5.80078125, 2.021484375, 4.10546875, 10.890625, 0.005237579345703125, 6.37109375, 0.271728515625, 13.5234375, 5.98046875, 3.896484375, 0.56201171875, 7.21875, 8.4375, 0.466552734375, 8.5078125, 6.296875, 5.06640625, 0.1280517578125, 7.6484375, 3.77734375, 0.6396484375, 2.4296875, 0.18408203125, 2.126953125, 4.96875, 6.75, 0.1348876953125, 7.0, 3.888671875, 1.625, 0.8818359375, 1.78125, 1.6796875, 7.8828125, 1.8603515625, 0.0243072509765625, 7.51171875, 1.4716796875, 5.515625, 0.432373046875, 3.46484375, 1.3583984375, 1.7470703125, 6.515625, 0.331787109375, 0.324951171875, 3.775390625, 1.1240234375, 7.8046875, 3.296875, 4.0703125, 1.8359375, 0.3984375, 0.39404296875, 0.050201416015625, 3.75390625, 5.50390625, 2.2578125, 3.640625, 2.396484375, 7.36328125, 0.0253448486328125, 8.0859375, 0.70068359375, 6.46875, 1.5126953125, 1.6982421875, 6.78125, 4.3359375, 0.2479248046875, 0.135986328125, 0.0386962890625, 5.14453125, 11.0, 0.464599609375, 1.3974609375, 5.88671875, 0.50439453125, 0.7685546875, 3.138671875, 3.34765625, 0.55908203125, 4.21875, 0.28515625, 1.734375, 0.1807861328125, 7.19921875, 0.17919921875, 6.34765625, 1.349609375, 1.0712890625, 3.8984375, 0.07830810546875, 0.1773681640625, 0.0447998046875, 0.40966796875, 6.65234375, 2.171875, 0.9580078125, 6.515625, 1.423828125, 0.65185546875, 6.09375, 3.98046875, 5.15625, 9.234375, 7.54296875, 0.3984375, 0.443115234375, 4.8046875, 0.0192413330078125, 4.41796875, 6.82421875, 1.65625, 7.03125, 1.9716796875, 3.333984375, 5.578125, 2.267578125, 2.0546875, 2.197265625, 7.24609375, 3.220703125, 4.8046875, 8.40625, 0.419921875, 0.492919921875, 6.828125, 2.525390625, 1.0537109375, 1.8203125, 0.203369140625, 0.7861328125, 2.375, 0.0178680419921875, 0.160888671875, 0.0008401870727539062, 0.0022296905517578125, 0.005641937255859375, 0.50146484375, 2.822265625, 0.1497802734375, 5.77734375, 0.111572265625, 4.5703125, 0.221435546875, 4.6875, 10.7421875, 5.37109375, 11.8203125, 8.4375, 0.66650390625, 0.0003943443298339844, 1.39453125, 0.00012934207916259766, 0.47412109375, 6.75390625, 4.93359375, 5.31640625, 0.6748046875, 2.291015625, 0.85400390625, 9.140625, 3.30078125, 6.1328125, 1.830078125, 1.9287109375, 0.51708984375, 0.5888671875, 1.4873046875, 8.0078125, 1.4228515625, 5.12890625, 2.330078125, 0.4521484375, 0.489013671875, 0.03582763671875, 6.234375, 0.87353515625, 0.01253509521484375, 0.0024509429931640625, 0.00225830078125, 7.712841033935547e-05, 0.75048828125, 0.1781005859375, 0.004222869873046875, 0.0002601146697998047, 0.0003733634948730469, 1.33203125, 7.953125, 0.912109375, 0.02532958984375, 0.1676025390625, 1.1279296875, 3.103515625, 0.0158538818359375, 0.02783203125, 0.306640625, 10.2109375, 3.24609375, 2.5703125, 4.49609375, 3.041015625, 6.39453125, 4.5859375, 0.642578125, 4.953125, 5.20703125, 6.43359375, 0.052093505859375, 0.751953125, 4.98046875, 2.267578125, 0.01380157470703125, 9.140625, 3.24609375, 0.36865234375, 5.390625, 3.197265625, 0.6396484375, 10.9609375, 1.9892578125, 2.388671875, 5.91015625, 2.591796875, 7.1484375, 3.330078125, 5.4453125, 0.998046875, 0.9443359375, 0.5634765625, 4.94140625, 1.0458984375, 2.302734375, 5.0, 7.01171875, 0.90087890625, 5.5546875, 3.783203125, 3.29296875, 0.72265625, 6.71484375, 2.5546875, 0.6005859375, 4.56640625, 0.81005859375, 11.015625, 0.402099609375, 0.00731658935546875, 10.3359375, 4.8984375, 5.3203125, 2.306640625, 0.44287109375, 4.40625, 6.26953125, 0.50048828125, 5.1015625, 3.1640625, 0.81103515625, 9.1640625, 0.156005859375, 2.23828125, 3.220703125]",-1.2042960242948668
251,0,test,3.58715336168966,1.618208872333402,2.239521148341302,6.160008186625691,2.7788552359380487,3.845798385772304,36.131077287293316,28.967965531272917,32.28277451264547,62.04578099680025,49.74498908473763,55.43731623206015,3.675783484425377,1.6476403626414826,2.303099579820537,6.31220750084082,2.8293962089498566,3.954977899140095,39.47957637634938,31.879615330113317,35.533649388494474,67.7959621911103,54.744994601367004,61.01985308782844,3.58715336168966,1.618208872333402,2.239521148341302,6.160008186625691,2.7788552359380487,3.845798385772304,36.131077287293316,28.967965531272917,32.28277451264547,62.04578099680025,49.74498908473763,55.43731623206015,0.7487437185929648,-0.011256281407035162,-0.011256281407035162,0.6432160804020101,-0.001783919597989958,0.0032160804020100464,0.542713567839196,-0.01228643216080394,-0.01228643216080394,0.45967741935483875,0.12768546764457722,0.2049857303467959,0.42914979757085026,0.4623115577889447,0.12145942746313021,0.201877501027676,0.43939393939393945,0.45967741935483875,0.12768546764457722,0.2049857303467959,0.42914979757085026,22.0,0.0,-1.0,40.0,1.0,1.0,47.0,4.0,0.0,-0.00026904586679415927,-4.409709862121829e-05,-5.737641787293885e-05,3.085650767697956e-05,0.00010133182060556578,0.00011602607612637428,"[3.0625, 9.453125, 2.48046875, 1.494140625, 7.81640625, 10.3515625, 1.626953125, 8.6953125, 0.697265625, 7.8125, 3.416015625, 8.8359375, 0.88134765625, 5.8125, 5.87890625, 5.04296875, 3.625, 0.89990234375, 0.6796875, 3.763671875, 1.24609375, 1.7314453125, 10.390625, 9.9375, 0.6552734375, 3.826171875, 3.80859375, 9.6875, 6.20703125, 0.11212158203125, 2.466796875, 2.505859375, 6.66015625, 2.705078125, 0.54296875, 4.8828125, 0.79052734375, 0.039764404296875, 1.6484375, 2.2578125, 4.95703125, 0.92626953125, 3.884765625, 7.5, 7.3125, 6.0234375, 5.375, 0.7265625, 5.44140625, 4.59765625, 2.3671875, 2.755859375, 0.7197265625, 1.76953125, 0.15380859375, 4.5625, 4.71484375, 0.0478515625, 6.33203125, 0.020538330078125, 1.447265625, 4.20703125, 3.7421875, 5.1953125, 3.1875, 6.80078125, 5.31640625, 0.275390625, 4.125, 0.72412109375, 9.8515625, 0.06500244140625, 4.5390625, 4.69140625, 7.58203125, 4.828125, 0.7451171875, 4.84765625, 4.375, 4.08984375, 0.399658203125, 6.47265625, 0.6201171875, 3.7734375, 3.529296875, 4.16015625, 2.228515625, 0.92578125, 3.953125, 1.689453125, 1.0966796875, 1.8876953125, 6.4375, 1.0361328125, 4.87890625, 2.720703125, 3.28515625, 2.6328125, 1.13671875, 1.2060546875, 6.81640625, 0.88330078125, 4.58203125, 4.34765625, 0.028350830078125, 5.578125, 2.0703125, 3.216796875, 6.11328125, 3.533203125, 2.34765625, 5.515625, 1.9501953125, 0.122314453125, 6.69921875, 1.4140625, 3.15625, 5.98046875, 2.384765625, 4.03125, 0.000377655029296875, 0.00708770751953125, 0.365234375, 8.6015625, 6.73046875, 3.30078125, 0.60693359375, 4.69921875, 0.2445068359375, 0.375732421875, 5.1015625, 3.9609375, 5.5625, 1.1328125, 1.3408203125, 3.9453125, 5.25, 0.1466064453125, 3.341796875, 1.6884765625, 0.33544921875, 0.00440216064453125, 0.82421875, 5.39453125, 9.8984375, 0.7578125, 9.6171875, 1.8134765625, 0.1396484375, 4.1796875, 9.1015625, 3.076171875, 1.8935546875, 2.546875, 11.921875, 0.10443115234375, 0.51123046875, 11.203125, 7.82421875, 4.49609375, 4.44140625, 2.5, 3.703125, 1.658203125, 6.12109375, 3.572265625, 1.654296875, 0.23291015625, 0.85791015625, 0.60205078125, 4.71484375, 6.2109375, 5.1328125, 0.4013671875, 0.006626129150390625, 7.7890625, 4.8125, 4.81640625, 0.91748046875, 3.884765625, 2.6015625, 0.3818359375, 6.19140625, 6.7578125, 2.81640625, 0.1337890625, 10.2890625, 2.63671875, 6.68359375, 4.0859375, 0.57421875, 0.451171875, 12.7265625, 6.26953125, 6.13671875, 2.224609375, 4.06640625, 5.44140625, 1.8115234375, 7.54296875, 4.7890625, 1.96484375, 1.1494140625, 4.8359375, 0.5595703125, 6.8671875, 0.0171051025390625, 0.009552001953125, 2.078125, 0.0018663406372070312, 4.9765625, 6.58203125, 9.421875, 1.611328125, 8.1640625, 0.93359375, 0.92822265625, 4.5703125, 9.296875, 0.1788330078125, 4.9140625, 0.015716552734375, 5.04296875, 11.3671875, 0.74365234375, 3.16015625, 3.005859375, 2.759765625, 5.90625, 0.06982421875, 5.86328125, 3.556640625, 0.40234375, 3.0546875, 0.71630859375, 5.7265625, 2.474609375, 1.7294921875, 0.32275390625, 9.7265625, 0.96142578125, 2.578125, 1.7568359375, 2.15625, 0.56640625, 0.06304931640625, 4.75390625, 1.2880859375]",-0.8030992284897835
264,0,test,2.955305705651146,1.2625714542863273,1.7661215839458744,5.660867267162758,2.41844672933719,3.382993456572379,19.207593692329365,13.773274487834522,15.92319324941888,36.792010452912585,26.382610286556265,30.50076453409814,3.2035863746949778,1.2924624177422015,1.8795524777042478,6.1364471402608025,2.475702659337175,3.6002695347574325,24.620671001113735,17.859987754357675,20.862118549544686,47.160721917626304,34.21068076891047,39.961241165325035,2.961877672434733,1.2778171383737438,1.7628499764571184,5.673455823255263,2.447649729842664,3.376726715467156,19.33424106539995,13.946853778095718,16.01735073683273,37.034602604146386,26.715100194662224,30.68112253815847,0.7185929648241206,0.02859296482412066,0.023592964824120544,0.5628140703517588,-0.017185929648241283,-0.012185929648241167,0.457286432160804,-0.007713567839195967,-0.007713567839195967,0.4280442804428044,0.12049363587558526,0.18019151970660807,0.38148148148148153,0.4371859296482412,0.1063588619790683,0.16840462747795737,0.40909090909090906,0.42435424354243545,0.11864521960136731,0.18263645213139246,0.3851851851851852,24.0,10.0,10.0,37.0,10.0,13.0,46.0,13.0,12.0,-0.0006036909616148573,-0.000539742629407782,-9.277028117913284e-05,0.00019024471046957814,-0.00021210453193631906,-5.782182176528039e-05,"[3.056640625, 9.4453125, 2.4296875, 1.0791015625, 1.802734375, 7.20703125, 0.89697265625, 2.013671875, 2.6328125, 2.548828125, 6.40234375, 2.2578125, 3.017578125, 2.2734375, 1.10546875, 4.8046875, 5.90234375, 8.109375, 3.6015625, 1.578125, 9.71875, 0.9794921875, 1.0400390625, 4.265625, 0.1407470703125, 5.45703125, 0.06207275390625, 2.533203125, 2.59765625, 5.1171875, 4.57421875, 4.125, 5.21875, 3.84765625, 1.1123046875, 12.21875, 6.25, 2.3046875, 1.5, 4.25390625, 5.91796875, 2.45703125, 3.341796875, 0.35693359375, 6.7421875, 0.111083984375, 0.77685546875, 6.40625, 1.91015625, 0.93017578125, 7.2265625, 1.6796875, 0.9013671875, 7.125, 5.4921875, 0.0230560302734375, 0.41064453125, 7.71875, 3.296875, 0.5986328125, 0.143310546875, 6.5078125, 3.166015625, 7.23828125, 0.354248046875, 3.908203125, 3.388671875, 2.734375, 3.802734375, 0.84228515625, 2.38671875, 1.185546875, 0.1517333984375, 9.2578125, 6.2421875, 0.07916259765625, 4.55859375, 0.8916015625, 5.95703125, 2.8984375, 0.72265625, 4.49609375, 0.241455078125, 0.63232421875, 4.71875, 3.435546875, 7.3359375, 5.9765625, 3.955078125, 3.578125, 0.285888671875, 0.2099609375, 8.5, 0.001659393310546875, 0.010589599609375, 2.0078125, 0.5068359375, 1.4404296875, 5.44140625, 4.5234375, 3.220703125, 1.41015625, 5.59765625, 4.00390625, 0.054046630859375, 0.36572265625, 6.5, 4.00390625, 0.732421875, 5.203125, 4.44140625, 2.6796875, 1.9150390625, 1.7802734375, 1.123046875, 5.2890625, 0.251220703125, 4.16796875, 5.36328125, 0.76025390625, 5.26953125, 2.890625, 2.4375, 0.2354736328125, 6.8828125, 3.4453125, 3.109375, 0.281494140625, 4.99609375, 9.0078125, 0.185791015625, 0.023773193359375, 0.3193359375, 2.080078125, 0.2587890625, 4.20703125, 9.2734375, 0.0265960693359375, 1.3740234375, 0.263916015625, 5.73046875, 7.79296875, 1.896484375, 7.45703125, 6.5078125, 0.421142578125, 6.26953125, 0.1087646484375, 4.13671875, 2.548828125, 0.77685546875, 0.00478363037109375, 3.73046875, 0.1336669921875, 2.650390625, 9.2109375, 0.5751953125, 6.48046875, 3.89453125, 1.4921875, 0.0003325939178466797, 6.109375, 0.2398681640625, 6.38671875, 0.36572265625, 3.994140625, 4.734375, 6.73828125, 9.03125, 5.6015625, 7.69140625, 1.0126953125, 2.18359375, 7.9375, 3.1484375, 3.453125, 0.2127685546875, 2.87890625, 0.0016231536865234375, 0.0096588134765625, 0.98681640625, 0.345947265625, 2.119140625, 3.025390625, 0.49560546875, 0.360107421875, 11.4921875, 0.34423828125, 0.1380615234375, 2.076171875, 1.0927734375, 0.0019626617431640625, 3.017578125, 0.1282958984375, 6.19140625, 0.59814453125, 6.5546875, 1.353515625, 0.448486328125, 6.9296875, 1.76953125, 4.28515625, 0.135009765625, 6.6171875, 0.91064453125, 1.37890625, 6.1796875, 3.083984375, 1.2548828125, 0.453369140625, 8.28125, 7.31640625, 0.1922607421875, 0.1961669921875, 2.61328125, 2.6328125, 1.814453125, 6.6328125, 0.04742431640625, 0.1451416015625, 5.95703125, 0.75, 1.7392578125, 0.0867919921875, 3.421875, 2.373046875, 0.288818359375, 0.455810546875, 4.51953125, 6.48828125, 4.4140625, 4.68359375, 0.1505126953125, 2.77734375, 4.3203125, 0.5595703125, 3.1875, 0.1337890625, 2.142578125, 1.0380859375, 4.5078125, 1.06640625, 0.1767578125, 1.255859375, 9.4921875, 0.004024505615234375, 0.01251983642578125, 6.61328125, 4.63671875, 0.005260467529296875, 0.13525390625, 0.0008025169372558594, 0.003475189208984375, 0.002079010009765625, 0.40087890625, 3.896484375, 0.273681640625, 2.08203125, 3.70703125, 0.177734375, 0.0963134765625, 7.8046875, 0.93212890625, 0.05511474609375, 0.72021484375, 0.9423828125, 0.006313323974609375, 0.39697265625, 0.248779296875, 2.49609375, 0.00681304931640625]",-1.3884380954657973
386,0,test,2.5504148337212236,1.1059836584644342,1.4747072490725692,4.925404308509242,2.1358943668757595,2.84797960799729,12.812417703303822,8.572977744819156,9.880350851111391,24.74355799844389,16.556279771740698,19.081100850029934,3.2292738847397082,1.4090383682465253,1.9742336508999758,6.236428401745997,2.7211587534919666,3.8126734527962496,25.261307688914403,19.087995493388494,21.753328177925646,48.78506511351195,36.86306007982434,42.010395687528366,2.7751465497606973,1.2502656202977995,1.7296879889698513,5.359410003506109,2.4145341344375493,3.3404027300211414,16.04097762484166,11.446381169174625,13.196274931116417,30.97860758236617,22.10544511507269,25.48486957596557,0.6834170854271358,-0.011582914572864311,-0.011582914572864311,0.542713567839196,0.0027135678391959628,0.0027135678391959628,0.44221105527638194,-0.0027889447236180143,0.00221105527638199,0.3791208791208791,0.10614419873679126,0.1523369104014265,0.3278236914600551,0.42211055276381915,0.12386493872873139,0.1767015377387774,0.3787878787878788,0.3946488294314381,0.11418138368853326,0.1721794189753758,0.35906040268456374,24.0,13.0,11.0,32.0,8.0,7.0,44.0,13.0,14.0,-0.0012405975979357742,-0.0008058822144744902,-0.0005902396209131247,0.02203062375330056,0.03348580992800443,0.032382433726902526,"[3.056640625, 9.4453125, 2.4296875, 6.078125, 0.78955078125, 0.10418701171875, 4.328125, 1.2412109375, 4.140625, 0.341552734375, 3.251953125, 7.0390625, 4.57421875, 1.4931640625, 8.8046875, 7.5546875, 13.7265625, 2.13671875, 1.7353515625, 2.1796875, 1.9921875, 5.18359375, 4.21484375, 2.263671875, 4.33203125, 4.81640625, 0.035186767578125, 4.265625, 0.09124755859375, 0.29296875, 2.498046875, 2.568359375, 0.331787109375, 4.11328125, 4.00390625, 1.5166015625, 2.5703125, 2.265625, 2.166015625, 2.849609375, 3.14453125, 0.1297607421875, 9.9140625, 2.919921875, 1.087890625, 12.2734375, 0.04486083984375, 4.0859375, 7.08203125, 4.296875, 9.0078125, 2.685546875, 0.65966796875, 7.5625, 7.7109375, 7.84765625, 1.505859375, 3.865234375, 2.248046875, 2.13671875, 4.3359375, 6.01953125, 4.8828125, 2.576171875, 4.61328125, 3.279296875, 6.58203125, 5.81640625, 1.17578125, 5.64453125, 0.0092926025390625, 0.167236328125, 0.260009765625, 3.724609375, 8.46875, 0.288818359375, 8.8984375, 1.181640625, 3.955078125, 6.03515625, 7.05859375, 1.7353515625, 8.9453125, 0.1531982421875, 0.399658203125, 0.44091796875, 8.859375, 0.0806884765625, 6.67578125, 1.869140625, 0.71044921875, 0.82568359375, 3.06640625, 0.8876953125, 4.98046875, 2.400390625, 1.150390625, 7.07421875, 6.08203125, 0.99658203125, 9.9453125, 4.84765625, 4.11328125, 4.03515625, 4.4453125, 0.00933074951171875, 0.1807861328125, 0.30908203125, 7.35546875, 1.0791015625, 2.220703125, 0.0064697265625, 0.140869140625, 1.3271484375, 1.689453125, 0.814453125, 6.30859375, 4.1484375, 0.6298828125, 8.75, 9.3671875, 5.56640625, 1.28515625, 4.7109375, 6.265625, 3.5078125, 9.71875, 7.390625, 1.7275390625, 5.80078125, 1.375, 0.50390625, 5.1640625, 8.125, 0.8603515625, 0.4873046875, 3.837890625, 0.642578125, 8.4140625, 0.04461669921875, 1.728515625, 1.7314453125, 0.446533203125, 8.0546875, 4.79296875, 1.03125, 5.4375, 1.6025390625, 0.76220703125, 2.248046875, 0.88330078125, 4.58203125, 0.02215576171875, 0.170654296875, 2.501953125, 0.148681640625, 0.11688232421875, 2.1328125, 0.26220703125, 2.275390625, 4.90625, 0.02130126953125, 0.44873046875, 0.219970703125, 4.96484375, 1.3623046875, 13.0078125, 0.00731658935546875, 3.44921875, 0.52490234375, 0.0003235340118408203, 1.7890625, 0.150390625, 7.6328125, 1.416015625, 0.052642822265625, 4.96875, 1.728515625, 6.3515625, 0.039703369140625, 0.0220184326171875, 0.52392578125, 2.228515625, 0.1829833984375, 0.0049591064453125, 0.003997802734375, 0.00714874267578125, 1.07421875, 0.003673553466796875, 0.005428314208984375, 4.17578125, 4.85546875, 2.935546875, 7.15234375, 1.873046875, 1.3115234375, 0.099365234375, 0.365234375, 0.1795654296875, 2.58203125, 0.62744140625, 2.994140625, 0.264892578125, 2.09765625, 0.01406097412109375, 0.005565643310546875, 2.65234375, 0.0308837890625, 0.0162353515625, 4.19921875, 0.34619140625, 8.9140625, 0.1468505859375, 6.41796875, 2.05078125, 4.140625, 3.12890625, 4.30078125, 0.00682830810546875, 0.01334381103515625, 6.53515625, 7.4140625, 0.355712890625, 0.98876953125, 0.38671875, 4.80859375, 0.08050537109375, 0.0007777214050292969, 0.03948974609375, 2.423828125, 0.7490234375, 8.9296875, 4.42578125, 0.7021484375, 0.54736328125, 0.55615234375, 0.00021266937255859375, 0.0164642333984375, 0.3857421875, 0.00942230224609375, 0.006687164306640625, 6.23046875, 0.54638671875, 0.047943115234375, 0.08380126953125, 3.76953125, 2.291015625, 2.203125, 0.67138671875, 0.01605224609375, 1.154296875, 0.0031681060791015625, 0.0038471221923828125, 4.171875, 1.1982421875, 6.265625, 10.8046875, 3.716796875, 5.26953125, 0.018798828125, 0.11358642578125, 0.0301971435546875, 0.51025390625, 0.00016427040100097656, 0.1029052734375, 0.2254638671875, 0.0236053466796875, 0.0013608932495117188, 3.66796875, 0.05712890625, 3.61328125, 7.04296875, 4.8828125, 2.65234375, 2.5234375, 0.11260986328125, 1.111328125, 1.529296875, 0.0008764266967773438, 0.002773284912109375, 4.03125, 4.8046875, 0.01947021484375, 0.1416015625, 0.1964111328125, 3.86328125, 0.2093505859375, 4.0546875, 1.8095703125, 1.2197265625, 0.050140380859375, 0.01419830322265625, 0.16845703125, 0.0004177093505859375, 0.04095458984375, 0.07904052734375, 0.00603485107421875, 0.0039825439453125, 6.90625, 0.006572723388671875, 5.37109375, 0.40087890625, 5.0859375, 5.32421875, 0.0650634765625, 0.1212158203125, 0.25537109375, 4.234375, 4.83203125, 0.09075927734375, 0.17626953125, 1.232421875, 7.1328125, 1.962890625, 3.345703125, 3.142578125, 0.0494384765625, 0.148681640625, 2.16015625, 0.81982421875, 0.00304412841796875, 0.0157623291015625, 0.0036220550537109375, 0.031829833984375, 13.34375, 0.294189453125, 0.1708984375, 0.0004525184631347656, 0.0034008026123046875, 0.000762939453125, 0.48828125, 0.00025200843811035156, 0.75048828125, 1.87890625, 0.70849609375, 2.072265625, 2.583984375, 0.131591796875, 0.05084228515625, 2.7578125, 9.2734375, 0.03302001953125, 3.154296875, 1.525390625, 4.8046875, 1.75390625, 0.0046539306640625, 0.0011606216430664062, 0.0572509765625, 0.00039005279541015625, 1.4423828125, 1.3603515625, 0.32080078125, 0.10186767578125, 0.2744140625, 0.0267333984375, 9.906291961669922e-05, 0.0010251998901367188, 0.0005669593811035156, 0.0004515647888183594, 6.66796875, 0.040313720703125, 0.0187835693359375, 0.1646728515625]",-2.0516035226020186
17,0,test,3.748427816432157,1.6698171941699727,2.3110277514618396,6.455625683855381,2.8757962788482856,3.980103349739834,42.45428357710599,34.460928171503646,38.244547042129646,73.11571060501586,59.349376295367385,65.86560879477884,3.8547463345168222,1.6752541253261093,2.346476501510895,6.638729798334527,2.8851598825060774,4.041153974824319,47.21663819070051,38.37482286467027,42.697732625169294,81.31754355065087,66.08997271137657,73.53498396556934,3.7423372405896083,1.6674984133040471,2.302273383869254,6.445136358793214,2.871802822912525,3.9650263833303816,42.19649837019592,34.23323547529269,37.97553302480137,72.6717471931152,58.95723887411519,65.40230687604681,0.7889447236180904,-0.001055276381909609,-0.001055276381909609,0.6482412060301508,-0.006758793969849242,-0.011758793969849135,0.5276381909547738,0.022638190954773818,0.007638190954773805,0.4244604316546763,0.08514265786652553,0.1601063646690304,0.39350180505415167,0.42713567839195976,0.07625848540950364,0.14666823264905493,0.38888888888888884,0.42086330935251803,0.0833408677008125,0.1541168978692644,0.39350180505415167,25.0,0.0,2.0,35.0,0.0,-1.0,48.0,0.0,2.0,-0.0004979458400250997,-0.0005507819491725164,-0.00010503067406525042,0.00023875416349117273,-0.00018498985658865763,-3.328992298534672e-05,"[3.056640625, 9.4453125, 2.4296875, 1.0791015625, 0.80224609375, 3.9921875, 7.98046875, 8.421875, 9.421875, 2.080078125, 11.515625, 3.841796875, 12.0625, 3.486328125, 0.442138671875, 0.340576171875, 10.515625, 1.8447265625, 4.87109375, 7.4453125, 0.38623046875, 1.361328125, 5.8984375, 3.525390625, 1.107421875, 3.51171875, 2.482421875, 1.544921875, 10.5859375, 3.0546875, 2.3671875, 6.80078125, 2.171875, 6.2421875, 2.720703125, 4.5703125, 6.23046875, 4.4453125, 2.9765625, 1.982421875, 3.876953125, 5.51953125, 0.1014404296875, 0.00780487060546875, 5.2421875, 0.78857421875, 6.8046875, 5.2421875, 7.09375, 12.390625, 3.103515625, 12.8046875, 1.7802734375, 8.4140625, 4.91015625, 1.6640625, 3.494140625, 4.75390625, 3.03515625, 11.0390625, 0.12109375, 0.0187835693359375, 3.48828125, 2.349609375, 3.234375, 2.984375, 0.517578125, 2.986328125, 4.5234375, 6.2109375, 6.48046875, 2.234375, 2.814453125, 1.5859375, 7.05078125, 4.0078125, 0.109130859375, 6.625, 2.638671875, 2.51171875, 4.0703125, 10.6484375, 2.982421875, 4.9765625, 0.6806640625, 5.2265625, 3.4140625, 2.48828125, 1.7353515625, 3.5859375, 3.076171875, 5.5390625, 5.375, 2.23828125, 1.6572265625, 0.030120849609375, 5.12890625, 0.0278167724609375, 2.390625, 0.09552001953125, 0.0261077880859375, 8.2578125, 8.234375, 12.8125, 3.533203125, 7.5625, 0.56298828125, 5.140625, 4.953125, 8.8359375, 0.92724609375, 7.9765625, 0.99609375, 2.8828125, 1.8046875, 1.3369140625, 5.0078125, 0.236328125, 0.0243988037109375, 1.734375, 5.03515625, 2.37109375, 2.427734375, 6.95703125, 0.409912109375, 2.380859375, 7.1875, 4.90625, 3.251953125, 0.75927734375, 8.3671875, 1.775390625, 0.560546875, 3.548828125, 0.1519775390625, 2.916015625, 0.412109375, 0.703125, 8.421875, 9.078125, 0.3955078125, 6.4140625, 7.73828125, 3.419921875, 5.5703125, 0.97119140625, 2.18359375, 1.4619140625, 8.15625, 4.16796875, 8.171875, 0.2056884765625, 4.58984375, 4.3515625, 7.12890625, 1.0517578125, 1.904296875, 9.515625, 0.31494140625, 3.42578125, 3.71484375, 2.03125, 6.9921875, 4.65625, 0.54541015625, 0.137939453125, 0.64697265625, 5.421875, 1.0712890625, 3.8671875, 1.69921875, 3.947265625, 0.469970703125, 6.58984375, 10.703125, 0.0066986083984375, 0.274658203125, 1.5146484375, 4.08984375, 1.162109375, 4.26171875, 4.8359375, 1.42578125, 4.90625, 8.2421875, 2.384765625, 0.8896484375, 2.529296875, 4.87890625, 1.26171875, 0.93408203125, 0.2137451171875, 0.5107421875, 8.203125, 8.6328125, 0.032989501953125, 4.99609375, 1.2841796875, 0.548828125, 7.07421875, 3.22265625, 2.1875, 1.431640625, 7.12890625, 6.96484375, 0.0273590087890625, 1.2197265625, 3.82421875, 8.8828125, 2.083984375, 0.279296875, 8.1875, 0.63232421875, 7.76171875, 1.2685546875, 1.072265625, 1.380859375, 0.046905517578125, 2.0625, 0.1651611328125, 0.2156982421875, 2.33984375, 0.07037353515625, 4.5546875, 7.890625, 0.580078125, 3.767578125, 4.25390625, 1.3251953125, 2.822265625, 5.50390625, 0.8330078125, 10.59375, 1.71875, 0.8525390625, 1.978515625, 7.8125, 4.6640625, 0.2705078125, 5.7578125, 3.38671875, 2.162109375, 3.01953125, 4.52734375, 2.740234375, 6.05859375, 5.984375, 5.42578125, 0.01049041748046875, 0.379150390625, 0.0027294158935546875, 0.00585174560546875, 0.0041046142578125, 0.263916015625, 2.642578125, 4.26171875, 6.44921875, 0.96630859375, 5.859375, 3.35546875, 8.09375, 7.578125, 10.234375, 7.35546875, 3.89453125, 1.2607421875, 9.046875, 4.4765625, 7.62109375, 5.65234375, 1.078125, 2.912109375, 5.546875, 2.921875, 0.0426025390625, 3.333984375, 3.455078125, 0.25048828125]",-1.2594037570541712
365,0,test,3.7158574403235405,1.6749052819887398,2.2954570382160133,6.608739742857304,2.978858387429638,4.08252426259895,41.093807470118115,33.3958721063097,36.95503018644369,73.08630187638457,59.39534300786625,65.72538925776898,3.938856599318921,1.7475924841383343,2.4209018893870367,7.005348985365867,3.1081342838701924,4.30563087709775,51.35984283541585,42.413327439989786,46.79695961027865,91.34468692204833,75.43309913823687,83.22949192432108,3.7158574403235405,1.6749052819887398,2.2954570382160133,6.608739742857304,2.978858387429638,4.08252426259895,41.093807470118115,33.3958721063097,36.95503018644369,73.08630187638457,59.39534300786625,65.72538925776898,0.8090452261306533,0.00404522613065339,0.009045226130653283,0.6582914572864322,-0.0067085427135678,0.003291457286432209,0.5326633165829145,-0.012336683417085381,0.0076633165829145256,0.4545454545454546,0.13129403677607843,0.1950996107167392,0.41825095057034223,0.457286432160804,0.11643430183498948,0.18516623182691416,0.4242424242424242,0.4545454545454546,0.13129403677607843,0.1950996107167392,0.41825095057034223,24.0,3.0,2.0,36.0,4.0,5.0,44.0,2.0,2.0,-0.0007526912655605115,-0.0007011614076543028,-0.00019061496444943148,0.004817264299008528,0.005433770901363211,0.004105846765217969,"[3.0625, 9.453125, 2.48046875, 1.494140625, 0.81689453125, 3.970703125, 2.56640625, 4.80078125, 5.0546875, 2.525390625, 7.51953125, 5.375, 1.189453125, 0.921875, 1.296875, 10.203125, 3.8359375, 4.78515625, 10.515625, 8.3515625, 7.65625, 3.37109375, 4.53515625, 4.69921875, 0.60888671875, 2.92578125, 8.8203125, 6.3359375, 0.6611328125, 2.28125, 6.5703125, 4.3125, 1.095703125, 7.3203125, 1.52734375, 9.5546875, 6.87890625, 6.67578125, 7.01953125, 5.05078125, 4.35546875, 1.7451171875, 2.775390625, 3.708984375, 3.990234375, 6.38671875, 2.619140625, 7.9140625, 2.517578125, 3.958984375, 5.33203125, 1.4775390625, 5.09765625, 1.7958984375, 4.36328125, 1.359375, 1.8291015625, 3.009765625, 6.44140625, 1.5205078125, 0.54052734375, 1.169921875, 0.8681640625, 3.2109375, 7.05078125, 0.17333984375, 6.97265625, 0.0136260986328125, 2.30859375, 5.1796875, 2.015625, 3.66015625, 5.40625, 3.279296875, 5.9140625, 2.361328125, 0.021820068359375, 0.92822265625, 1.94921875, 4.71875, 7.01953125, 6.17578125, 7.99609375, 2.392578125, 6.8203125, 5.0234375, 6.79296875, 1.8505859375, 5.25390625, 1.71484375, 2.26171875, 10.359375, 6.47265625, 3.185546875, 13.9375, 0.0164337158203125, 6.4609375, 5.83984375, 10.1015625, 2.4296875, 4.1953125, 0.032928466796875, 0.078369140625, 1.4013671875, 10.203125, 4.38671875, 1.07421875, 2.791015625, 4.51171875, 1.076171875, 9.1171875, 1.8359375, 6.4921875, 2.130859375, 2.3046875, 9.3203125, 9.3359375, 0.055633544921875, 2.609375, 4.921875, 8.03125, 0.2078857421875, 6.35546875, 2.98046875, 1.3671875, 0.021209716796875, 0.081298828125, 4.5625, 6.76953125, 1.28515625, 7.0703125, 1.9599609375, 0.69873046875, 8.4375, 0.2049560546875, 0.484619140625, 8.3203125, 0.64892578125, 0.372314453125, 13.390625, 3.857421875, 8.515625, 3.60546875, 1.994140625, 0.2822265625, 5.83203125, 1.5498046875, 0.10009765625, 0.32861328125, 7.18359375, 0.62744140625, 0.9755859375, 4.9140625, 1.44921875, 2.1484375, 5.08203125, 0.09381103515625, 7.40234375, 2.46875, 5.48046875, 0.036102294921875, 4.33203125, 9.3515625, 2.98828125, 3.357421875, 5.453125, 0.491455078125, 6.703125, 3.87890625, 2.658203125, 0.849609375, 4.6015625, 1.359375, 0.025299072265625, 0.061431884765625, 1.7822265625, 2.654296875, 8.453125, 0.0321044921875, 0.07379150390625, 0.0004398822784423828, 0.004253387451171875, 0.0071563720703125, 0.6396484375, 8.46875, 10.640625, 6.30859375, 7.1015625, 4.9453125, 0.00780487060546875, 1.4111328125, 5.890625, 5.0859375, 2.26171875, 6.98046875, 3.666015625, 4.5546875, 1.5458984375, 6.5, 0.027496337890625, 3.546875, 0.01009368896484375, 0.224609375, 6.8359375, 7.15234375, 8.171875, 6.39453125, 3.43359375, 6.3828125, 0.30615234375, 5.046875, 5.84765625, 8.3828125, 3.3515625, 8.4296875, 3.693359375, 8.1328125, 6.3828125, 3.705078125, 0.004673004150390625, 0.09759521484375, 0.00128173828125, 0.4404296875, 10.2109375, 4.02734375, 7.27734375, 0.48193359375, 4.53125, 0.171630859375, 0.58740234375, 0.0103759765625, 0.024078369140625, 1.7509765625, 1.25, 0.233642578125, 5.44140625, 2.49609375, 2.0234375, 5.2734375, 3.923828125, 2.72265625, 4.64453125, 0.0033206939697265625, 0.0014848709106445312, 0.006237030029296875, 0.00021898746490478516, 0.7626953125, 0.35302734375, 0.0018625259399414062, 0.00034809112548828125, 0.0007266998291015625, 5.2265625, 0.673828125, 6.59375, 0.1563720703125, 3.748046875, 8.3203125, 2.2265625, 6.33203125, 0.407958984375, 5.92578125, 2.51171875, 4.08203125, 0.2196044921875]",-0.9988289534142525
291,0,test,3.4753027812049195,1.534860850729958,2.119940550732569,5.702568652032382,2.5185285782696,3.4785764837987463,32.30760919267597,25.345782258286103,28.42944370072289,53.0130382885346,41.58948801497775,46.64941866914198,3.4454362152808873,1.4476090594338875,2.024113231309863,5.653561082532726,2.3753585118887544,3.321334970712869,31.356958848354743,23.983940586594596,27.21436144190431,51.45313136995226,39.35486383546185,44.655609658815365,3.510039607415328,1.5718860920386373,2.1593631070198853,5.759567753604157,2.579282703510913,3.5432643247784865,33.44959260961532,26.503679009991256,29.589556646141595,54.88690058041851,43.48946224291383,48.55302941383455,0.6984924623115578,-0.0015075376884421399,-0.0015075376884421399,0.592964824120603,-0.007035175879396949,-0.0020351758793969443,0.49246231155778897,-0.002537688442211028,-0.002537688442211028,0.44594594594594594,0.12722756483296116,0.19987853021560886,0.4474576271186441,0.44723618090452266,0.11640911323534975,0.18513267506145092,0.4444444444444444,0.44256756756756754,0.1272218677362016,0.19987093835408443,0.45084745762711864,22.0,4.0,3.0,35.0,5.0,1.0,44.0,2.0,3.0,0.0001803697696100646,-0.00022392457034679908,-6.60672243015821e-05,0.00036349275698022154,-0.0001152664056931485,2.979210245257491e-05,"[3.056640625, 6.44140625, 0.03302001953125, 0.005214691162109375, 0.009490966796875, 12.625, 6.4453125, 5.7265625, 2.435546875, 1.986328125, 0.2978515625, 0.0738525390625, 4.74609375, 2.94140625, 11.46875, 8.75, 6.19921875, 1.1357421875, 0.2177734375, 5.640625, 6.3828125, 3.955078125, 12.0703125, 7.19140625, 0.397216796875, 0.92626953125, 2.869140625, 5.16796875, 5.734375, 2.361328125, 4.98828125, 3.076171875, 6.97265625, 0.47607421875, 6.1640625, 0.271240234375, 0.0024051666259765625, 0.9287109375, 7.84375, 0.84130859375, 2.05078125, 3.10546875, 4.05078125, 0.6484375, 0.65673828125, 1.93359375, 0.005626678466796875, 0.1666259765625, 0.5703125, 5.859375, 5.23828125, 4.453125, 1.587890625, 0.47216796875, 4.53515625, 3.53515625, 0.703125, 4.8515625, 0.10028076171875, 0.1307373046875, 0.0007815361022949219, 0.74951171875, 3.515625, 8.46875, 4.41015625, 4.35546875, 7.8125, 5.1484375, 0.08526611328125, 6.10546875, 7.66015625, 6.76953125, 5.0234375, 5.36328125, 4.05078125, 5.55859375, 0.7841796875, 2.931640625, 1.8896484375, 4.58203125, 0.08258056640625, 0.36767578125, 0.02301025390625, 0.0009059906005859375, 0.0085601806640625, 0.0002903938293457031, 3.34765625, 10.1171875, 1.923828125, 0.004520416259765625, 0.0004830360412597656, 4.71875, 0.34326171875, 0.2841796875, 2.931640625, 3.13671875, 0.8662109375, 7.65625, 9.328125, 4.51953125, 6.828125, 1.484375, 2.265625, 5.41796875, 0.1610107421875, 0.06109619140625, 0.1492919921875, 2.927734375, 1.353515625, 6.56640625, 5.3671875, 4.12890625, 4.76171875, 4.5390625, 0.0271759033203125, 1.294921875, 5.2578125, 0.61474609375, 0.86962890625, 0.03570556640625, 1.71875, 13.0859375, 9.5859375, 1.34375, 2.97265625, 9.3984375, 4.87109375, 2.623046875, 2.97265625, 4.51953125, 5.6875, 1.9599609375, 0.67822265625, 1.6728515625, 0.99951171875, 6.515625, 1.3388671875, 7.94921875, 2.88671875, 5.40625, 8.1328125, 0.403076171875, 0.86474609375, 3.509765625, 7.65625, 0.6689453125, 9.3125, 5.23046875, 8.6328125, 1.556640625, 3.09375, 4.8046875, 1.921875, 7.80859375, 0.8076171875, 0.74853515625, 1.4970703125, 1.6298828125, 4.859375, 2.0859375, 5.828125, 1.212890625, 0.5634765625, 5.82421875, 0.1478271484375, 0.8203125, 4.28125, 4.08984375, 3.154296875, 2.86328125, 8.671875, 2.90234375, 0.020782470703125, 0.1412353515625, 0.0097503662109375, 0.88916015625, 0.333740234375, 2.3984375, 1.98046875, 4.02734375, 0.052459716796875, 3.576171875, 5.640625, 3.365234375, 6.640625, 0.51318359375, 3.09765625, 2.3515625, 3.2578125, 6.8984375, 1.3564453125, 4.34765625, 5.1328125, 1.8154296875, 1.9404296875, 2.791015625, 8.8984375, 0.0771484375, 11.1015625, 3.48828125, 3.560546875, 6.854534149169922e-05, 1.150390625, 2.58984375, 1.3349609375, 1.466796875, 0.9365234375, 0.716796875, 5.66796875, 7.65234375, 5.015625, 4.734375, 2.64453125, 1.2021484375, 5.10546875, 6.3046875, 12.4296875, 0.407470703125, 6.37890625, 0.60205078125, 4.46484375, 12.59375, 1.0068359375, 5.83203125, 5.6015625, 2.76953125, 0.5517578125, 6.9921875, 3.615234375, 1.8837890625, 10.5, 1.701171875, 1.09375, 3.375, 6.609375, 12.28125, 5.94921875, 8.078125, 0.05389404296875, 0.023468017578125, 4.859375, 4.21875, 7.59765625, 0.06341552734375, 0.14990234375, 0.1083984375, 1.7001953125, 3.65625, 0.92138671875, 7.0, 5.4609375, 5.48046875, 3.703125, 0.89697265625, 2.64453125, 5.40625, 6.140625, 0.248779296875, 1.009765625, 0.385009765625, 8.9453125, 0.456298828125, 3.76953125, 2.67578125, 1.5068359375, 0.9677734375, 0.407470703125, 2.580078125, 6.1796875, 0.217529296875, 2.546875, 0.072265625, 0.29541015625, 0.0127105712890625, 8.375, 2.76171875, 0.71923828125, 0.2254638671875, 8.71875, 0.484130859375, 4.515625, 4.5625, 6.0, 0.06195068359375, 6.34765625, 7.359375, 4.16015625, 8.140625, 3.955078125, 5.98046875, 2.44921875, 8.0390625, 0.0165252685546875, 0.4208984375, 0.72021484375, 5.046875]",-1.4035076245262816
165,0,test,3.3715956480997913,1.483838430795867,2.0570925795200017,5.404718651979062,2.378615373989354,3.297550416416485,29.124963192253873,22.520423681228642,25.402062692979296,46.687755066979825,36.100578664884104,40.71988944251455,3.567946285458665,1.5011053855418468,2.1099826042774597,5.719471683725197,2.406294562753011,3.382333923439747,35.44372705650474,27.54389974511093,31.14652691310307,56.816828799120664,44.15328652608234,49.928352187336074,3.4744918944444945,1.5665100644748622,2.1550953866912135,5.569662886069315,2.5111392490828193,3.454650393741191,32.281421998979894,25.541948338421292,28.540259065951076,51.74760611896777,40.94412824098689,45.75046553788137,0.7688442211055276,0.003844221105527623,0.008844221105527628,0.6180904522613065,0.0030904522613065533,0.0030904522613065533,0.5226130653266332,0.0026130653266331905,-0.012386934673366712,0.44339622641509435,0.1294244838719233,0.19130417620588935,0.41009463722397477,0.4522613065326633,0.12143423886349036,0.18181055528057644,0.43434343434343436,0.4448160535117057,0.12762072796913482,0.19453796674863566,0.4295302013422819,22.0,4.0,4.0,36.0,9.0,8.0,46.0,8.0,7.0,-0.0006521394863203209,-2.7307046232392248e-05,-0.00030513918021833527,-0.0004320054688413677,-3.0048854599229458e-05,0.0001068923557658863,"[3.056640625, 9.4453125, 2.4296875, 1.0791015625, 9.8046875, 1.7138671875, 0.7412109375, 7.80078125, 3.703125, 7.703125, 1.9501953125, 6.08203125, 1.666015625, 7.2109375, 2.46484375, 5.77734375, 1.900390625, 8.234375, 3.072265625, 3.578125, 4.05859375, 0.470458984375, 2.173828125, 0.53076171875, 0.1600341796875, 2.6328125, 4.81640625, 0.669921875, 3.11328125, 6.02734375, 4.1640625, 3.228515625, 1.5751953125, 2.751953125, 2.861328125, 0.251708984375, 3.34375, 5.3671875, 0.15966796875, 5.87890625, 1.1513671875, 0.1640625, 2.142578125, 8.4453125, 3.966796875, 1.2177734375, 3.92578125, 0.70068359375, 1.99609375, 4.4140625, 0.0016527175903320312, 0.0028438568115234375, 0.7333984375, 1.47265625, 3.71484375, 0.1959228515625, 1.3310546875, 8.40625, 6.2890625, 6.21875, 8.3203125, 4.57421875, 6.58984375, 4.515625, 0.86669921875, 10.15625, 2.1640625, 1.3076171875, 9.2421875, 8.109375, 7.6875, 3.2890625, 4.140625, 2.076171875, 1.220703125, 2.96875, 3.154296875, 2.486328125, 3.619140625, 0.390625, 12.8359375, 8.8203125, 5.828125, 0.046051025390625, 5.41796875, 1.3857421875, 5.01171875, 5.4453125, 0.3642578125, 2.783203125, 3.33984375, 0.90576171875, 5.41796875, 4.62109375, 3.51953125, 1.6083984375, 10.671875, 0.47119140625, 1.498046875, 4.5703125, 0.0152130126953125, 1.978515625, 4.53515625, 0.51708984375, 1.791015625, 4.08984375, 2.34375, 0.93505859375, 3.400390625, 9.3828125, 0.06988525390625, 6.31640625, 1.978515625, 4.16796875, 5.140625, 2.46484375, 5.08203125, 2.46875, 3.455078125, 4.35546875, 1.3603515625, 0.9384765625, 3.5625, 7.63671875, 0.6484375, 0.20361328125, 0.90478515625, 3.09765625, 5.26171875, 4.85546875, 0.93994140625, 6.2890625, 0.46435546875, 3.673828125, 6.25, 6.9140625, 3.994140625, 8.203125, 0.1075439453125, 1.08203125, 6.0859375, 6.58984375, 1.5244140625, 4.8046875, 8.9140625, 0.81982421875, 0.39892578125, 4.921875, 5.1875, 3.953125, 5.671875, 6.265625, 2.52734375, 8.109375, 0.0582275390625, 9.8359375, 1.009765625, 4.4140625, 2.103515625, 0.955078125, 3.6640625, 0.4892578125, 7.296875, 7.1328125, 0.065673828125, 5.0234375, 0.252685546875, 4.2578125, 0.0545654296875, 0.09649658203125, 0.89208984375, 1.705078125, 6.9453125, 0.09814453125, 4.87109375, 7.03125, 6.14453125, 0.02099609375, 7.359375, 3.423828125, 1.2080078125, 4.25, 10.875, 5.03125, 6.1171875, 1.068359375, 0.5712890625, 3.576171875, 0.08477783203125, 0.46533203125, 7.60546875, 0.08587646484375, 5.3046875, 0.5478515625, 7.4921875, 3.212890625, 0.54443359375, 0.806640625, 2.0234375, 9.109375, 4.26171875, 0.0298309326171875, 8.4765625, 5.37109375, 4.26953125, 4.62890625, 2.57421875, 3.994140625, 5.890625, 5.609375, 0.1068115234375, 0.37646484375, 10.65625, 4.09375, 14.6875, 4.42578125, 1.392578125, 2.20703125, 2.2890625, 6.34765625, 3.3046875, 4.69921875, 0.640625, 0.30224609375, 5.56640625, 3.361328125, 0.0899658203125, 0.2734375, 3.099609375, 6.125, 0.0037631988525390625, 0.1346435546875, 0.0022792816162109375, 0.00835418701171875, 0.0022792816162109375, 2.365234375, 0.0034027099609375, 0.044769287109375, 3.310546875, 0.70166015625, 9.265625, 0.888671875, 0.23193359375, 0.7724609375, 0.1903076171875, 1.634765625, 0.51123046875, 0.0098114013671875, 1.392578125, 1.2109375, 1.826171875, 0.038055419921875, 9.1796875, 7.5078125, 0.74267578125, 0.7802734375, 6.04296875, 8.7578125, 6.02734375, 0.09344482421875, 0.09930419921875, 0.76171875, 1.0341796875, 0.6396484375, 0.007198333740234375, 3.283203125, 0.00376129150390625, 0.021514892578125, 1.3828125, 0.04840087890625, 0.407470703125, 8.8046875, 8.1328125, 3.71484375, 6.48046875, 6.16015625, 3.013671875, 6.11328125, 2.96484375, 7.19921875, 4.6015625, 0.072021484375, 0.4033203125, 0.140869140625, 5.40625, 4.73828125, 4.05859375, 1.8974609375, 0.0084075927734375, 2.220703125, 2.734375, 3.20703125, 8.375, 0.55615234375, 4.109375, 6.3046875, 5.78515625, 4.56640625, 9.5625, 0.484619140625, 6.26171875, 1.4013671875, 9.1171875, 3.958984375, 1.33984375, 0.0117950439453125, 0.12164306640625, 0.0019435882568359375, 0.202880859375, 5.23046875, 0.261474609375, 0.67236328125, 0.0002646446228027344, 6.09375, 0.004730224609375, 0.324462890625, 1.4013671875, 0.006671905517578125]",-1.1943261353474743
248,0,test,3.3801428831698046,1.526597461208006,2.087183348507038,5.492732185150932,2.4807208744630094,3.391672941323937,29.37496800199095,22.992560216780678,25.731414163289482,47.73432300323529,37.3629103522686,41.813548015345404,3.306422818246199,1.4032222029274037,1.9770945226626813,5.3729370796500735,2.280236079757031,3.212778599326857,27.287338905175634,20.580011205214866,23.50883440836167,44.3419257209104,33.442518208474155,38.20185591358771,3.3499980116095154,1.4803198948968839,2.05720259718826,5.443746768865462,2.405519829207436,3.3429542204309217,28.502676969259262,22.01646870806057,24.859721062426058,46.3168500750463,35.776761650598424,40.39704672644234,0.7487437185929648,-0.0012562814070351536,0.008743718592964855,0.6231155778894473,0.013115577889447283,0.008115577889447279,0.4773869346733668,-0.0026130653266331905,-0.007613065326633195,0.45493562231759654,0.11446453024050873,0.19958612160432976,0.4525862068965517,0.44723618090452266,0.10889031624286849,0.18513267506145092,0.4494949494949495,0.4377682403433476,0.09943847588938615,0.17813913905946743,0.43965517241379315,18.0,5.0,5.0,31.0,7.0,7.0,39.0,9.0,10.0,3.550886364444686e-05,3.7881968873923086e-05,1.7923358346942354e-05,-7.309232023011702e-05,1.888252780091193e-05,4.806743682639336e-05,"[3.056640625, 9.4453125, 2.48046875, 4.80859375, 4.125, 0.209228515625, 4.20703125, 0.12261962890625, 1.955078125, 0.37353515625, 4.98828125, 8.75, 6.49609375, 2.62890625, 2.427734375, 6.703125, 2.01953125, 0.03875732421875, 1.8720703125, 1.0947265625, 5.95703125, 1.04296875, 8.7890625, 3.966796875, 0.8779296875, 5.3359375, 2.765625, 4.42578125, 1.025390625, 6.390625, 0.09210205078125, 6.484375, 0.84912109375, 4.12890625, 8.2890625, 3.552734375, 0.1318359375, 0.87890625, 6.23828125, 2.23046875, 2.5390625, 0.07366943359375, 3.384765625, 7.94921875, 3.2734375, 4.2578125, 0.4970703125, 0.36767578125, 3.4453125, 0.6953125, 3.494140625, 0.0190277099609375, 3.76953125, 4.76953125, 1.794921875, 5.7578125, 0.1466064453125, 2.205078125, 0.2352294921875, 0.434814453125, 2.115234375, 0.012176513671875, 3.349609375, 3.828125, 5.20703125, 3.49609375, 6.0078125, 2.2421875, 6.5625, 0.233642578125, 1.326171875, 0.97412109375, 10.0703125, 5.6484375, 5.2578125, 2.02734375, 2.453125, 8.03125, 0.11749267578125, 1.630859375, 6.5, 3.265625, 5.54296875, 0.432373046875, 3.568359375, 10.21875, 0.046173095703125, 4.34765625, 5.625, 2.564453125, 0.70849609375, 4.33984375, 0.78125, 0.340576171875, 7.15625, 1.8955078125, 1.697265625, 2.6875, 1.005859375, 5.89453125, 0.0941162109375, 0.6259765625, 2.6953125, 3.365234375, 0.49072265625, 3.828125, 6.1171875, 0.06390380859375, 9.09375, 1.3330078125, 4.28515625, 0.61083984375, 0.61474609375, 0.001552581787109375, 5.8359375, 2.8203125, 7.44140625, 0.74560546875, 1.126953125, 9.09375, 3.642578125, 4.24609375, 2.494140625, 7.4296875, 1.0908203125, 5.53515625, 0.041900634765625, 6.390625, 1.3466796875, 2.380859375, 7.20703125, 0.1947021484375, 2.3671875, 4.8984375, 0.417724609375, 5.29296875, 0.035247802734375, 5.68359375, 0.89697265625, 8.5625, 5.94140625, 1.298828125, 3.919921875, 4.3984375, 0.0709228515625, 0.95751953125, 2.27734375, 1.0322265625, 0.4560546875, 0.89111328125, 5.69921875, 8.890625, 6.89453125, 0.051605224609375, 14.4765625, 4.01171875, 2.193359375, 2.0078125, 1.0146484375, 1.2822265625, 2.630859375, 1.986328125, 4.40625, 1.20703125, 5.828125, 0.34033203125, 4.5703125, 1.53125, 2.80078125, 1.115234375, 2.234375, 1.4443359375, 3.5625, 1.0107421875, 2.9375, 4.2578125, 3.62109375, 4.390625, 4.90625, 4.03125, 6.515625, 3.1953125, 7.859375, 1.2724609375, 7.671875, 3.693359375, 4.29296875, 1.986328125, 3.353515625, 0.1092529296875, 0.9091796875, 6.68359375, 0.1009521484375, 0.01178741455078125, 1.7060546875, 9.125, 0.0282440185546875, 6.51953125, 6.04296875, 7.1640625, 3.826171875, 0.140625, 2.509765625, 6.046875, 2.0234375, 0.2802734375, 7.09765625, 6.28515625, 3.79296875, 1.3525390625, 2.44921875, 4.15625, 6.82421875, 0.3544921875, 9.953125, 0.0273590087890625, 0.2353515625, 5.34375, 6.81640625, 3.888671875, 0.379638671875, 7.75, 6.578125, 4.2421875, 1.2861328125, 2.4765625, 7.3359375, 5.62890625, 0.149169921875, 6.9296875, 3.2578125, 2.0078125, 1.3125]",-0.5831888162015333
310,0,test,4.131504875151709,1.9001256643251563,2.6063104231438254,6.222760429240846,2.8619176672551734,3.9255539706610705,62.271563386893106,52.958861982152065,57.675526195812395,93.79173744692542,79.76519952867349,86.86931106035942,4.089700765945205,1.8535201345060148,2.567250563848721,6.159796215374259,2.7917216840707875,3.866723071475851,59.72201816843619,50.364495049368166,55.13857636166421,89.95168168579279,75.85763451880145,83.04822612497571,4.131504875151709,1.9001256643251563,2.6063104231438254,6.222760429240846,2.8619176672551734,3.9255539706610705,62.271563386893106,52.958861982152065,57.675526195812395,93.79173744692542,79.76519952867349,86.86931106035942,0.8040201005025126,-0.0009798994974873354,-0.0009798994974873354,0.6934673366834171,-0.0015326633165829717,0.008467336683417037,0.5829145728643217,-0.002085427135678275,-0.01708542713567829,0.4526748971193416,0.11591925030209316,0.19549295457488192,0.44628099173553715,0.4522613065326633,0.09637158222188635,0.18848835160778854,0.43939393939393945,0.4526748971193416,0.11591925030209316,0.19549295457488192,0.44628099173553715,28.0,9.0,10.0,41.0,14.0,11.0,49.0,10.0,10.0,0.0001251565106606838,-7.995108186421635e-05,-3.8810205886316726e-05,-3.793101625682027e-06,7.384872300431056e-05,9.33731963588258e-05,"[3.0625, 9.453125, 2.48046875, 1.494140625, 0.81689453125, 2.970703125, 5.14453125, 3.919921875, 3.431640625, 3.4140625, 7.734375, 0.04669189453125, 5.109375, 4.10546875, 5.90625, 1.1943359375, 7.3046875, 3.83984375, 6.46484375, 1.197265625, 0.007045745849609375, 11.2109375, 3.111328125, 6.984375, 9.625, 5.34375, 6.8046875, 5.12109375, 3.69140625, 7.67578125, 6.05078125, 4.234375, 0.476318359375, 7.21875, 0.10162353515625, 9.3203125, 3.509765625, 6.38671875, 0.85595703125, 0.365966796875, 0.73828125, 5.33984375, 2.966796875, 3.5546875, 3.93359375, 8.65625, 1.5419921875, 1.5244140625, 2.470703125, 0.23095703125, 11.5546875, 1.015625, 7.171875, 0.61962890625, 8.0390625, 0.1256103515625, 3.34765625, 6.5625, 0.27685546875, 0.93798828125, 6.40625, 5.31640625, 9.3984375, 4.6171875, 0.94140625, 7.8359375, 8.765625, 0.052337646484375, 5.765625, 3.16015625, 2.7265625, 4.02734375, 2.1953125, 10.2109375, 2.2734375, 9.515625, 0.83447265625, 5.20703125, 0.82763671875, 0.95556640625, 2.95703125, 3.392578125, 6.31640625, 3.279296875, 0.91650390625, 10.2421875, 3.025390625, 1.6044921875, 6.4453125, 1.712890625, 2.26171875, 0.03070068359375, 5.30078125, 4.1328125, 4.28515625, 2.345703125, 9.296875, 6.56640625, 7.6640625, 3.388671875, 1.1728515625, 7.0703125, 9.765625, 2.91015625, 4.3359375, 4.91015625, 2.275390625, 5.33203125, 9.359375, 7.09765625, 7.3359375, 0.78125, 4.953125, 5.21875, 0.245361328125, 6.0703125, 9.0625, 2.015625, 1.5498046875, 4.2109375, 0.787109375, 8.9296875, 13.2109375, 0.62744140625, 4.37109375, 7.52734375, 5.2109375, 6.07421875, 9.4921875, 5.4140625, 3.296875, 4.015625, 0.84033203125, 5.73828125, 3.833984375, 0.02203369140625, 0.412353515625, 6.92578125, 1.494140625, 3.755859375, 3.0078125, 0.52001953125, 11.9921875, 3.939453125, 4.55859375, 6.79296875, 1.1875, 1.7119140625, 4.01953125, 6.49609375, 0.5810546875, 2.416015625, 1.3291015625, 1.73046875, 0.7470703125, 0.21728515625, 3.947265625, 1.232421875, 2.98046875, 0.30419921875, 5.82421875, 0.04852294921875, 4.625, 2.01171875, 0.88427734375, 3.341796875, 0.0160980224609375, 5.0, 5.30859375, 2.650390625, 9.75, 1.5615234375, 1.240234375, 5.24609375, 6.109375, 0.07550048828125, 2.0078125, 2.63671875, 4.33203125, 4.52734375, 6.7734375, 1.1240234375, 9.34375, 1.4404296875, 1.359375, 3.669921875, 5.47265625, 3.318359375, 5.01953125, 0.0111236572265625, 11.15625, 6.01171875, 8.1171875, 3.359375, 0.0265655517578125, 0.9072265625, 0.13525390625, 0.533203125, 7.3828125, 7.484375, 0.356201171875, 0.78857421875, 0.1768798828125, 3.759765625, 7.44140625, 5.10546875, 1.875, 4.44140625, 1.80078125, 11.4921875, 0.1295166015625, 6.36328125, 9.3515625, 0.034515380859375, 7.6015625, 0.05450439453125, 9.7421875, 7.06640625, 6.8984375, 7.23046875, 10.140625, 8.4765625, 1.3232421875, 2.68359375, 5.69140625, 3.0625, 2.0546875, 8.203125, 9.171875, 1.4765625, 5.4296875, 0.341796875, 1.2978515625, 4.1953125, 0.810546875, 1.9169921875, 6.76953125, 7.92578125, 1.6484375, 0.18310546875, 0.93505859375, 0.0269317626953125, 7.27734375]",-0.7905746879891602
104,0,test,2.7875926962146513,1.3142796039569253,1.664373399834779,5.754068346197088,2.712898006028734,3.4355515098193834,16.2418735785207,11.878205123937802,13.167136802255643,33.526006424112246,24.518648009839524,27.179223559736247,3.614521950333562,1.6495558193001068,2.284015784179525,7.460991833308849,3.4049654879670648,4.7145994261673625,37.13358998156877,29.998919039433936,33.35063227336897,76.65008413307778,61.92290240225401,68.84141207230174,3.1087355306714675,1.4841467010243459,2.0056006771153614,6.416962111439499,3.0635327625422324,4.13990300196005,22.39271159454522,17.3163802234901,19.37911317318779,46.222388639007775,35.74397201212395,40.0018058013395,0.7587939698492463,-0.006206030150753716,0.0037939698492462925,0.6080402010050252,-0.006959798994974786,-0.001959798994974782,0.507537688442211,-0.0024623115577889765,-0.0024623115577889765,0.38961038961038963,0.12372193306045443,0.1716240748498813,0.32552083333333337,0.4522613065326633,0.13647183284845277,0.19683559701680353,0.4242424242424242,0.41137123745819393,0.1242259953880771,0.19446356226353323,0.35906040268456374,27.0,9.0,10.0,39.0,9.0,11.0,45.0,8.0,9.0,-0.0003693949703341069,-0.0013036280626887076,-0.00022938989508484702,0.031489386291622345,0.04775278174893405,0.03797965675699988,"[3.056640625, 9.4453125, 2.48046875, 1.80859375, 2.875, 1.4990234375, 2.623046875, 7.95703125, 1.9150390625, 2.265625, 8.171875, 8.0390625, 2.0703125, 9.015625, 0.197021484375, 10.0234375, 6.6953125, 1.2099609375, 1.953125, 8.7109375, 6.375, 11.453125, 0.252197265625, 6.109375, 2.69921875, 5.4609375, 1.279296875, 3.013671875, 6.12890625, 0.374755859375, 6.62109375, 10.21875, 3.291015625, 0.373779296875, 0.87060546875, 1.171875, 8.9453125, 6.7265625, 4.63671875, 4.765625, 1.240234375, 3.759765625, 3.115234375, 4.50390625, 5.79296875, 0.693359375, 2.306640625, 6.52734375, 1.9345703125, 0.5400390625, 4.73046875, 1.75390625, 5.609375, 6.0234375, 1.68359375, 0.03173828125, 0.00287628173828125, 0.0012006759643554688, 2.30859375, 2.994140625, 1.841796875, 0.51513671875, 8.1328125, 3.326171875, 7.203125, 3.017578125, 5.25, 5.6484375, 1.33984375, 8.8125, 0.505859375, 8.859375, 4.6796875, 4.42578125, 3.49609375, 1.69921875, 4.57421875, 1.4501953125, 2.8671875, 8.890625, 4.12109375, 0.2568359375, 0.339599609375, 3.796875, 1.90625, 3.912109375, 0.98583984375, 1.359375, 6.68359375, 1.82421875, 8.3125, 7.31640625, 1.13671875, 3.201171875, 5.390625, 8.8125, 0.6787109375, 6.359375, 1.4384765625, 3.798828125, 2.697265625, 6.40234375, 2.2109375, 4.609375, 3.724609375, 0.426513671875, 6.94921875, 8.921875, 1.0732421875, 6.04296875, 1.541015625, 5.62890625, 2.6171875, 0.466552734375, 5.87890625, 6.1796875, 3.005859375, 1.7822265625, 1.23828125, 4.10546875, 6.52734375, 2.537109375, 2.5859375, 0.12548828125, 0.0208282470703125, 1.5185546875, 8.0859375, 6.82421875, 2.673828125, 4.921875, 4.328125, 7.8515625, 1.3134765625, 4.24609375, 4.4453125, 0.7197265625, 4.46484375, 3.173828125, 0.4052734375, 3.787109375, 4.56640625, 2.89453125, 3.806640625, 0.7666015625, 0.05108642578125, 0.024810791015625, 0.0006566047668457031, 0.0004277229309082031, 0.0325927734375, 8.328125, 1.3369140625, 4.90625, 9.203125, 1.4931640625, 8.921875, 6.828125, 1.955078125, 5.4921875, 8.6875, 6.1640625, 4.359375, 3.939453125, 0.00567626953125, 0.0518798828125, 0.0016326904296875, 0.00368499755859375, 0.0029621124267578125, 2.3515625, 0.002147674560546875, 0.01058197021484375, 2.529296875, 6.5703125, 12.0625, 7.28515625, 5.1484375, 8.140625, 4.73046875, 6.859375, 2.34375, 0.005001068115234375, 0.00626373291015625, 4.484375, 1.4462890625, 0.7353515625, 8.6171875, 0.1483154296875, 4.1875, 0.323486328125, 2.5, 0.00018286705017089844, 0.00821685791015625, 3.607421875, 0.0281219482421875, 7.53125, 0.6240234375, 0.294189453125, 0.000209808349609375, 0.0037364959716796875, 3.32421875, 4.66015625, 0.79052734375, 0.43798828125, 0.0248870849609375, 2.55859375, 8.1484375, 7.02734375, 6.06640625, 16.265625, 5.56640625, 1.40625, 6.03515625, 2.923828125, 1.603515625, 0.00012004375457763672, 0.015380859375, 2.638671875, 1.1015625, 0.29248046875, 1.3369140625, 1.6279296875, 1.89453125, 3.564453125, 0.00440216064453125, 0.039398193359375, 0.0323486328125, 0.216064453125, 0.116455078125, 6.00390625, 0.31494140625, 3.833984375, 2.6328125, 0.744140625, 0.0018262863159179688, 0.09942626953125, 9.1875, 8.203125, 8.4140625, 10.09375, 7.5546875, 4.92578125, 0.00044083595275878906, 0.0182037353515625, 2.390625, 0.1512451171875, 0.06854248046875, 2.494140625, 0.0235443115234375, 0.062164306640625, 0.0071258544921875, 0.16162109375, 0.00010800361633300781, 0.0090789794921875, 0.383056640625, 0.0039825439453125, 0.339111328125, 0.0012826919555664062, 0.0660400390625, 0.0004467964172363281, 0.0037975311279296875, 0.08367919921875, 0.003650665283203125, 0.035614013671875, 0.005710601806640625, 0.0011548995971679688, 0.375244140625, 1.0400390625, 0.1885986328125, 0.002712249755859375, 0.0211334228515625, 0.8779296875, 0.216064453125, 0.465087890625, 0.164794921875, 0.099365234375, 0.0005602836608886719, 0.01294708251953125, 0.1236572265625, 5.359375, 0.204345703125, 0.4990234375, 10.390625, 3.955078125, 0.273193359375, 0.1751708984375, 2.46484375, 0.01397705078125, 0.003147125244140625, 0.405029296875, 0.0704345703125, 0.0006570816040039062, 0.081787109375, 6.609375, 5.31640625, 3.9609375, 5.8515625, 8.453125, 0.3466796875, 0.0012044906616210938, 0.0135650634765625, 0.86376953125, 0.13671875, 0.028411865234375, 1.45703125, 0.00504302978515625, 0.0061187744140625, 0.0069427490234375, 0.047760009765625, 0.00034236907958984375, 0.00640106201171875, 0.1209716796875, 0.00262451171875, 0.07147216796875, 0.0027179718017578125, 0.040985107421875, 0.0003094673156738281, 0.0017566680908203125, 0.0638427734375, 0.0011377334594726562, 0.0511474609375, 0.00865936279296875, 0.0012340545654296875, 0.228759765625, 0.5615234375, 0.1505126953125, 0.007465362548828125, 0.0222015380859375, 0.3896484375, 0.08892822265625, 0.06982421875, 0.060882568359375, 0.02947998046875, 0.0012187957763671875, 0.004398345947265625, 0.05926513671875, 4.68359375, 0.1236572265625, 0.81591796875, 1.2353515625, 0.1771240234375, 0.7138671875, 0.08233642578125, 0.24609375, 0.0009617805480957031, 0.003559112548828125, 0.0745849609375, 0.0380859375, 0.0034847259521484375, 0.1407470703125, 9.0078125, 5.21484375, 9.203125, 3.59765625, 0.11566162109375, 1.4228515625, 0.0011568069458007812, 0.0308074951171875, 6.9765625, 8.3125, 5.4921875, 4.09375, 2.82421875, 7.24609375, 0.60205078125, 0.419921875, 0.0008883476257324219, 0.00827789306640625, 8.6328125, 5.62890625, 1.6455078125, 1.767578125, 10.203125, 0.42236328125, 0.2286376953125, 0.0032062530517578125, 0.0033283233642578125, 11.5625, 6.4609375, 1.2880859375, 2.91015625, 3.15625, 6.6953125, 2.458984375, 3.103515625, 2.55859375, 1.9326171875]",-1.3372475633373506
297,0,test,3.6488578096568154,1.718274131243479,2.3434882997647852,5.918786795896811,2.7872004803309918,3.801356021130087,38.430745744462406,31.537213070685418,34.74169376137348,62.338244550610526,51.15629329489088,56.35425906641397,3.8518246214593477,1.7356431202883025,2.4107883535100827,6.248017845274174,2.815374596281607,3.9105229687750755,47.07888605646568,38.779500346873974,42.85381420068761,76.36633261484839,62.90395695801068,69.51287303483629,3.6488578096568154,1.718274131243479,2.3434882997647852,5.918786795896811,2.7872004803309918,3.801356021130087,38.430745744462406,31.537213070685418,34.74169376137348,62.338244550610526,51.15629329489088,56.35425906641397,0.8190954773869347,0.0040954773869347205,-0.0009045226130653949,0.6834170854271358,-0.02158291457286432,-0.011582914572864311,0.5477386934673367,-0.002261306532663321,-0.002261306532663321,0.47122302158273377,0.13370057993102824,0.20926129909469549,0.40072202166064985,0.4773869346733668,0.11397841337010861,0.19191114168505297,0.4040404040404041,0.47122302158273377,0.13370057993102824,0.20926129909469549,0.40072202166064985,26.0,9.0,9.0,39.0,9.0,10.0,46.0,8.0,9.0,-0.00042788544080099534,-0.0005664082059369252,-0.00018199901853924064,0.00023875416349117273,-0.00018498985658865763,-3.328992298534672e-05,"[3.0625, 9.453125, 2.48046875, 5.4921875, 0.79443359375, 0.078125, 2.326171875, 11.8125, 7.27734375, 2.115234375, 6.70703125, 1.6474609375, 10.7421875, 1.4150390625, 7.07421875, 4.78125, 2.486328125, 9.8203125, 2.8203125, 8.6171875, 11.5859375, 0.57177734375, 7.04296875, 2.947265625, 1.4638671875, 4.46875, 1.603515625, 4.35546875, 10.9296875, 3.0390625, 2.349609375, 2.130859375, 7.70703125, 9.8515625, 9.4921875, 6.83984375, 7.7734375, 1.064453125, 0.63671875, 5.01953125, 4.05859375, 3.669921875, 2.41015625, 3.16796875, 0.95947265625, 0.207763671875, 7.09765625, 2.400390625, 5.70703125, 3.025390625, 11.7578125, 2.435546875, 6.50390625, 1.109375, 1.5478515625, 1.5654296875, 7.0, 2.7578125, 0.282470703125, 0.1405029296875, 1.6591796875, 6.6640625, 4.609375, 2.802734375, 0.034637451171875, 5.08203125, 7.6328125, 1.4150390625, 9.3828125, 4.05859375, 7.8828125, 0.91748046875, 2.62890625, 5.69921875, 4.4140625, 1.708984375, 3.990234375, 0.007099151611328125, 7.68359375, 0.468505859375, 4.16796875, 5.8984375, 2.673828125, 7.63671875, 5.734375, 0.389404296875, 3.783203125, 8.546875, 1.6396484375, 5.44921875, 0.0025959014892578125, 1.990234375, 4.2109375, 6.2734375, 0.19580078125, 6.3359375, 1.1865234375, 2.04296875, 0.1868896484375, 5.9140625, 4.70703125, 0.13525390625, 5.0078125, 4.578125, 5.6640625, 8.53125, 0.6298828125, 0.0045928955078125, 0.0036487579345703125, 0.0038852691650390625, 4.859375, 2.083984375, 1.56640625, 4.31640625, 0.004955291748046875, 2.85546875, 4.19140625, 0.97705078125, 6.390625, 3.638671875, 5.87890625, 2.904296875, 0.50927734375, 0.5556640625, 2.806640625, 0.05767822265625, 3.921875, 3.658203125, 2.32421875, 5.5546875, 5.8828125, 4.890625, 4.87109375, 4.96875, 1.935546875, 3.9296875, 9.6953125, 2.642578125, 3.326171875, 3.748046875, 0.01800537109375, 4.171875, 8.4921875, 4.375, 1.791015625, 4.58203125, 2.0390625, 0.32275390625, 5.64453125, 5.12109375, 4.7265625, 0.77685546875, 3.994140625, 4.72265625, 1.1455078125, 1.3916015625, 8.2734375, 2.134765625, 10.9296875, 0.40576171875, 5.9375, 3.998046875, 7.59375, 1.873046875, 5.1328125, 2.529296875, 5.83203125, 2.23828125, 3.046875, 6.015625, 3.865234375, 4.66796875, 1.1328125, 1.7177734375, 1.6904296875, 0.01523590087890625, 5.64453125, 4.3203125, 1.396484375, 3.298828125, 3.6953125, 0.03460693359375, 3.884765625, 2.5, 1.529296875, 3.484375, 0.434814453125, 11.21875, 5.984375, 6.60546875, 5.8671875, 6.2890625, 4.54296875, 0.203125, 0.7001953125, 3.91796875, 2.05859375, 1.5068359375, 0.1365966796875, 0.52392578125, 5.58984375, 1.0400390625, 9.5234375, 8.6796875, 2.142578125, 3.76953125, 0.004177093505859375, 9.2578125, 0.0283966064453125, 4.8203125, 2.2265625, 5.01171875, 0.66015625, 4.05859375, 4.0625, 4.8828125, 0.66455078125, 0.07891845703125, 0.546875, 0.90234375, 1.078125, 0.1412353515625, 0.04241943359375, 0.1036376953125, 0.0599365234375, 1.53515625, 4.37109375, 4.8671875, 5.10546875, 1.5966796875, 7.3671875, 8.4453125, 5.8828125, 2.470703125, 2.8203125, 8.6015625, 6.5625, 0.415771484375, 4.5390625, 5.81640625, 0.2056884765625, 4.1875, 0.0174560546875, 0.6201171875, 0.9287109375, 3.4296875, 4.625, 3.380859375, 6.6796875, 7.4375, 7.99609375, 4.8359375, 3.37109375, 1.69140625, 3.537109375, 0.2415771484375, 0.84765625, 3.859375, 0.168212890625, 0.541015625, 0.00292205810546875, 0.6025390625, 8.0390625, 0.53759765625, 0.149658203125, 8.7890625, 5.0078125, 9.4609375, 3.451171875, 1.3994140625, 1.6552734375, 2.228515625, 1.4404296875, 0.11370849609375, 2.3359375, 0.92578125, 0.08453369140625, 0.76416015625]",-0.8936789258778526
157,0,test,3.5129591863449305,1.5547428014001778,2.1335448758570226,5.8816973805660835,2.603083661772869,3.5721637064349006,33.54739403542205,26.460718151128717,29.57481978449557,56.16792258502092,44.3028023901755,49.51669826775544,3.6237656908418665,1.5501014158135136,2.16714877889802,6.067219128095239,2.5953126561906252,3.628426241240685,37.47843462320766,29.524519505911076,33.18701792141112,62.74960768342768,49.43248122989683,55.564550005562616,3.5129591863449305,1.5547428014001778,2.1335448758570226,5.8816973805660835,2.603083661772869,3.5721637064349006,33.54739403542205,26.460718151128717,29.57481978449557,56.16792258502092,44.3028023901755,49.51669826775544,0.6984924623115578,0.0034924623115577536,0.008492462311557869,0.5879396984924623,-0.002060301507537776,0.007939698492462233,0.48743718592964824,0.00743718592964826,0.0024371859296482556,0.4178082191780822,0.10327830464816767,0.1660997909320685,0.4054982817869416,0.4371859296482412,0.11387765897154944,0.17174352564156337,0.41414141414141414,0.4178082191780822,0.10327830464816767,0.1660997909320685,0.4054982817869416,27.0,-1.0,-1.0,39.0,0.0,0.0,49.0,-1.0,1.0,-0.0008177667712651621,-0.00030068557566840663,-3.5045740941164916e-05,0.000335773069539691,-0.00013076050589333477,1.577387457896151e-05,"[3.0625, 9.453125, 2.48046875, 1.494140625, 2.81640625, 0.35400390625, 0.64501953125, 0.364013671875, 0.2044677734375, 4.890625, 0.65087890625, 9.890625, 4.7734375, 0.84716796875, 0.58349609375, 6.9609375, 11.546875, 6.29296875, 7.17578125, 0.4501953125, 4.28515625, 2.990234375, 7.265625, 1.228515625, 8.703125, 12.078125, 1.3427734375, 2.6328125, 0.88232421875, 2.421875, 0.40869140625, 4.1953125, 4.16015625, 5.9296875, 2.4296875, 2.248046875, 1.328125, 0.81298828125, 6.01953125, 9.65625, 9.0546875, 11.265625, 5.25390625, 4.17578125, 1.2978515625, 4.828125, 8.109375, 0.2408447265625, 1.7412109375, 5.98046875, 3.619140625, 0.74951171875, 3.28125, 5.5625, 8.984375, 3.80078125, 7.17578125, 0.400390625, 9.5859375, 2.529296875, 0.2086181640625, 5.92578125, 0.1376953125, 0.4189453125, 7.0, 4.59765625, 0.3974609375, 6.46875, 8.4921875, 7.32421875, 0.480224609375, 2.216796875, 7.0546875, 5.23046875, 0.306396484375, 2.380859375, 1.2607421875, 0.042144775390625, 0.20458984375, 4.33984375, 0.27294921875, 3.36328125, 5.0, 9.3359375, 2.287109375, 2.900390625, 0.00539398193359375, 8.8515625, 3.255859375, 3.443359375, 0.8671875, 0.09906005859375, 9.140625, 1.0966796875, 4.00390625, 9.859375, 0.353271484375, 9.0234375, 0.88818359375, 5.15234375, 0.802734375, 0.390869140625, 1.59375, 8.65625, 2.91796875, 8.796875, 5.91796875, 1.7998046875, 4.36328125, 3.18359375, 0.6181640625, 0.0560302734375, 0.0158233642578125, 8.3984375, 5.44140625, 0.32666015625, 0.6826171875, 4.109375, 0.045013427734375, 4.3671875, 5.77734375, 7.47265625, 1.115234375, 0.9150390625, 1.7900390625, 0.71337890625, 6.359375, 1.6123046875, 2.490234375, 2.0, 2.427734375, 0.030792236328125, 2.37890625, 4.171875, 9.4140625, 3.705078125, 0.78173828125, 5.796875, 4.375, 0.032989501953125, 2.609375, 1.51953125, 3.220703125, 7.7734375, 0.023284912109375, 4.05859375, 2.693359375, 0.05780029296875, 0.1884765625, 7.1015625, 1.927734375, 0.0513916015625, 0.81005859375, 9.1484375, 3.744140625, 2.48046875, 1.5205078125, 4.31640625, 0.73681640625, 1.701171875, 3.087890625, 4.75390625, 6.31640625, 5.08984375, 0.00205230712890625, 0.1439208984375, 0.00019347667694091797, 0.002506256103515625, 0.003997802734375, 11.890625, 6.0859375, 5.484375, 6.4921875, 6.6328125, 9.15625, 0.1400146484375, 1.798828125, 5.64453125, 4.5703125, 8.6484375, 4.1796875, 5.81640625, 6.15625, 0.89208984375, 2.265625, 0.000247955322265625, 0.35693359375, 2.70703125, 0.04656982421875, 0.384033203125, 0.285888671875, 12.3046875, 8.6015625, 0.70947265625, 5.69140625, 8.609375, 2.2265625, 0.2509765625, 0.0799560546875, 3.998046875, 4.42578125, 2.888671875, 0.51806640625, 0.087158203125, 1.1748046875, 0.01532745361328125, 0.006305694580078125, 0.00418853759765625, 3.254413604736328e-05, 7.671875, 3.29296875, 1.0673828125, 11.265625, 0.350830078125, 0.289794921875, 9.6171875, 7.4296875, 2.19140625, 1.0302734375, 11.3984375, 1.212890625, 0.1470947265625, 0.78955078125, 5.0390625, 0.09661865234375, 1.9599609375, 0.03826904296875, 13.234375, 7.33984375, 4.16015625, 1.50390625, 6.53515625, 4.28515625, 4.8515625, 0.39990234375, 4.328125, 3.091796875, 3.30859375, 2.462890625, 0.0197296142578125, 1.0380859375, 0.34814453125, 0.0035152435302734375, 0.0003247261047363281, 0.0006165504455566406, 1.61328125, 6.00390625, 8.515625, 3.859375, 0.8173828125, 0.8369140625, 1.783203125, 3.69140625, 2.302734375, 0.06591796875, 6.921875, 10.3671875, 1.873046875, 0.11175537109375, 0.1063232421875, 10.5, 0.505859375, 7.3046875, 0.54833984375, 7.24609375, 0.10418701171875, 3.439453125, 5.05859375, 1.5810546875, 5.9296875, 2.138671875, 3.697265625, 2.685546875, 5.69921875, 8.515625, 2.552734375, 3.96875, 0.693359375, 6.88671875, 2.30859375, 0.9521484375, 3.34765625, 4.75390625, 6.25390625, 2.607421875, 2.921875, 2.40234375, 2.19140625, 0.95654296875, 1.3583984375, 2.5625, 4.00390625]",-1.0947239954177648
302,0,test,3.3319000467603055,1.5367442811583623,2.102843575356914,6.041845418125353,2.78662962983383,3.8131563499805377,27.99147632202274,21.97106390008325,24.573473291246646,50.757877063934565,39.840862538817625,44.55989823479391,3.565560002422812,1.588765290793561,2.209259155461626,6.465548804393365,2.880961060638991,4.006123268570416,35.35924912611569,28.13968405502422,31.47744181521715,64.11810508202312,51.026627086443916,57.079094491593764,3.3319000467603055,1.5367442811583623,2.102843575356914,6.041845418125353,2.78662962983383,3.8131563499805377,27.99147632202274,21.97106390008325,24.573473291246646,50.757877063934565,39.840862538817625,44.55989823479391,0.7587939698492463,-0.006206030150753716,-0.006206030150753716,0.6331658291457287,0.013165829145728725,0.013165829145728725,0.4824120603015075,-0.007587939698492474,-0.007587939698492474,0.42435424354243545,0.11127873709676328,0.18386344599642312,0.4037037037037037,0.4321608040201005,0.10634626767924837,0.17506564542243774,0.4191919191919192,0.42435424354243545,0.11127873709676328,0.18386344599642312,0.4037037037037037,26.0,11.0,11.0,38.0,12.0,15.0,47.0,12.0,11.0,-0.000372021517443219,-0.0004738102970023357,-0.00018044393586652798,0.004857875898918174,0.005025766801685094,0.004126156687703997,"[3.0625, 9.453125, 2.48046875, 1.494140625, 3.81640625, 1.4990234375, 3.68359375, 0.673828125, 4.8515625, 0.958984375, 9.6328125, 1.509765625, 5.4609375, 2.943359375, 7.68359375, 7.109375, 7.0546875, 4.48046875, 6.69140625, 0.6240234375, 5.45703125, 1.4462890625, 1.2197265625, 5.83203125, 0.182373046875, 1.45703125, 6.0234375, 6.484375, 0.390869140625, 8.7109375, 6.765625, 5.9140625, 2.853515625, 8.5390625, 6.55859375, 1.017578125, 1.5439453125, 7.609375, 0.251708984375, 2.68359375, 4.70703125, 0.01511383056640625, 8.203125, 0.0060272216796875, 2.388671875, 2.9609375, 8.359375, 3.064453125, 0.439453125, 4.07421875, 3.67578125, 1.115234375, 2.908203125, 6.359375, 0.09222412109375, 3.171875, 0.96728515625, 8.9765625, 2.0703125, 0.15576171875, 2.466796875, 5.26953125, 1.3134765625, 2.86328125, 0.499267578125, 5.69140625, 2.880859375, 1.6943359375, 3.189453125, 6.6484375, 6.19921875, 0.315673828125, 3.486328125, 0.09912109375, 6.6953125, 3.044921875, 5.20703125, 4.30859375, 7.48046875, 5.5703125, 2.908203125, 5.66015625, 0.13818359375, 4.51953125, 0.0199737548828125, 1.6279296875, 0.7685546875, 1.099609375, 7.5625, 0.0028820037841796875, 0.29541015625, 0.00035881996154785156, 0.97607421875, 1.123046875, 5.34765625, 4.22265625, 1.9169921875, 4.69140625, 2.328125, 10.1015625, 6.09375, 4.58203125, 1.0185546875, 4.15625, 0.149658203125, 1.5517578125, 0.7978515625, 11.7578125, 4.578125, 0.2347412109375, 1.123046875, 1.80078125, 5.609375, 2.611328125, 7.48046875, 2.0, 1.9287109375, 1.974609375, 7.98046875, 5.6640625, 2.8125, 0.2193603515625, 7.58984375, 3.841796875, 0.10211181640625, 4.58984375, 0.7451171875, 3.853515625, 6.078125, 3.259765625, 0.52734375, 6.01171875, 4.0703125, 9.296875, 2.0546875, 3.029296875, 1.4306640625, 10.40625, 9.7890625, 0.833984375, 1.5703125, 6.91796875, 3.423828125, 3.546875, 2.244140625, 1.1455078125, 9.90625, 0.1121826171875, 5.7890625, 2.228515625, 5.9609375, 1.205078125, 7.8359375, 0.1510009765625, 0.0009403228759765625, 2.357421875, 6.0390625, 0.06353759765625, 1.8974609375, 4.22265625, 1.4892578125, 3.84375, 2.912109375, 0.97900390625, 0.69873046875, 3.853515625, 0.0014791488647460938, 0.6103515625, 0.0004019737243652344, 4.421875, 0.62109375, 2.953125, 8.25, 0.1983642578125, 1.017578125, 5.5625, 0.9638671875, 6.28125, 0.51904296875, 0.8486328125, 6.12109375, 8.1328125, 2.826171875, 2.169921875, 2.48828125, 3.017578125, 0.4970703125, 5.80859375, 0.01114654541015625, 0.9404296875, 8.7890625, 3.185546875, 3.916015625, 7.0625, 10.3828125, 7.7265625, 9.4765625, 2.380859375, 2.30859375, 4.86328125, 6.109375, 4.39453125, 6.44140625, 0.51953125, 0.85791015625, 7.50390625, 2.810546875, 1.4892578125, 0.330810546875, 4.5234375, 4.328125, 0.004253387451171875, 0.33056640625, 0.0007753372192382812, 0.0021724700927734375, 0.002513885498046875, 0.61328125, 7.28125, 4.671875, 0.14208984375, 7.1328125, 1.9072265625, 0.00908660888671875, 0.93310546875, 0.0013561248779296875, 2.265625, 0.00019371509552001953, 0.382080078125, 3.400390625, 4.25390625, 8.5390625, 1.0654296875, 0.2469482421875, 0.109619140625, 0.0223236083984375, 5.78515625, 8.1875, 0.0005311965942382812, 0.32080078125, 0.00045180320739746094, 0.0030994415283203125, 0.0271148681640625, 0.00040984153747558594, 6.8203125, 4.2265625, 0.67041015625, 1.759765625, 5.859375, 0.41162109375, 1.71484375, 6.03515625, 1.2958984375, 6.890625, 0.35693359375, 2.931640625, 4.36328125, 0.505859375, 8.7890625, 2.447265625, 0.267578125, 6.6171875, 8.3203125, 4.23828125, 0.28173828125, 3.42578125, 0.47509765625, 7.16015625, 0.00982666015625, 0.0001729726791381836, 1.46484375, 0.217529296875]",-1.1230388417894992
214,0,test,3.9683631010881557,1.8428031317275941,2.5230182215670305,5.987766809334199,2.780560938405541,3.806920985204691,52.89787146446847,44.520284097317,48.65455614141639,79.81631493159445,67.17557659654341,73.4136793849774,4.178725209068413,1.8993232434610356,2.6455880087956736,6.305177090606186,2.8658427638021546,3.9918635635674367,65.28257850729517,55.51174314095421,60.64989078951766,98.50329893112585,83.76032249078891,91.51314882442016,3.9683631010881557,1.8428031317275941,2.5230182215670305,5.987766809334199,2.780560938405541,3.806920985204691,52.89787146446847,44.520284097317,48.65455614141639,79.81631493159445,67.17557659654341,73.4136793849774,0.8442211055276382,-0.005778894472361795,-0.005778894472361795,0.7085427135678393,-0.0014572864321606982,0.00854271356783931,0.5879396984924623,-0.022060301507537683,-0.022060301507537683,0.4448818897637795,0.10303513141407417,0.18571958609885808,0.4268774703557312,0.4723618090452262,0.10644702207780765,0.19690271054773034,0.4545454545454546,0.4448818897637795,0.10303513141407417,0.18571958609885808,0.4268774703557312,26.0,9.0,8.0,39.0,8.0,7.0,47.0,5.0,7.0,-0.0002896660438560423,-0.00034401003762434316,-0.0002998462780490979,7.243603883999583e-05,0.00013431153772813786,-0.00011739929023413254,"[3.0625, 9.453125, 2.48046875, 1.494140625, 7.81640625, 7.94921875, 5.75, 3.3671875, 1.4755859375, 6.0, 5.25, 1.0146484375, 8.9921875, 0.05548095703125, 8.3671875, 2.673828125, 9.890625, 0.0806884765625, 8.8359375, 6.05078125, 3.9296875, 4.73828125, 5.375, 8.0390625, 12.359375, 0.377685546875, 7.58984375, 3.623046875, 2.15234375, 4.69140625, 1.177734375, 4.5859375, 2.662109375, 5.796875, 2.43359375, 0.5244140625, 6.2265625, 6.15234375, 2.544921875, 5.58203125, 1.404296875, 6.28515625, 1.443359375, 3.4140625, 5.2265625, 2.109375, 0.0277099609375, 9.5546875, 5.74609375, 8.4296875, 3.07421875, 3.826171875, 5.9296875, 1.9375, 7.55078125, 3.43359375, 1.853515625, 3.814453125, 3.23828125, 8.40625, 8.1796875, 9.0390625, 0.0771484375, 7.5390625, 6.94921875, 4.55078125, 0.93701171875, 4.8984375, 0.875, 3.4453125, 1.8779296875, 5.71484375, 5.28515625, 4.91015625, 0.0875244140625, 3.154296875, 3.265625, 5.52734375, 1.490234375, 6.02734375, 5.45703125, 4.81640625, 1.7626953125, 8.90625, 0.32861328125, 4.6953125, 1.5810546875, 2.275390625, 7.17578125, 11.453125, 6.09375, 0.92041015625, 1.3427734375, 2.724609375, 6.3984375, 1.0078125, 0.919921875, 0.0693359375, 1.2099609375, 11.0546875, 10.15625, 4.61328125, 8.6015625, 0.056427001953125, 2.703125, 5.9765625, 1.6591796875, 2.8125, 0.68017578125, 8.2421875, 0.326904296875, 0.2392578125, 0.42431640625, 1.1474609375, 0.68994140625, 4.7421875, 6.47265625, 7.67578125, 5.109375, 5.15625, 4.4140625, 1.3154296875, 2.6875, 0.0018320083618164062, 3.3203125, 3.916015625, 7.09375, 8.984375, 2.345703125, 2.759765625, 7.6015625, 6.22265625, 0.66162109375, 1.8359375, 3.94140625, 2.947265625, 1.5380859375, 8.8203125, 1.8896484375, 0.6796875, 4.8046875, 0.0775146484375, 2.568359375, 4.7421875, 2.515625, 10.09375, 4.5859375, 1.5458984375, 4.8046875, 0.05865478515625, 4.9921875, 7.86328125, 2.162109375, 3.080078125, 3.2890625, 0.806640625, 4.31640625, 2.5625, 7.01953125, 11.375, 7.4609375, 0.05047607421875, 0.056121826171875, 5.78125, 3.048828125, 6.35546875, 5.40625, 1.724609375, 7.91796875, 1.6337890625, 3.875, 3.169921875, 5.91015625, 11.7421875, 2.82421875, 0.583984375, 3.17578125, 4.1328125, 2.78515625, 3.869140625, 0.2281494140625, 1.2841796875, 7.13671875, 6.0859375, 0.313232421875, 4.2890625, 5.17578125, 4.58203125, 2.494140625, 1.8408203125, 4.31640625, 6.58203125, 6.19140625, 5.80078125, 4.44140625, 1.3681640625, 0.103759765625, 12.9921875, 2.322265625, 1.2958984375, 7.40234375, 1.048828125, 2.12890625, 8.3828125, 4.5703125, 0.0022563934326171875, 0.13330078125, 0.0004215240478515625, 0.00609588623046875, 0.0021419525146484375, 0.64892578125, 10.921875, 3.068359375, 5.86328125, 2.427734375, 2.642578125, 2.271484375, 7.08203125, 3.041015625, 7.42578125, 4.1171875, 6.3359375, 7.24609375, 3.646484375, 5.77734375, 5.92578125, 2.515625, 8.8984375, 10.078125, 1.3134765625, 0.0250396728515625, 0.0016508102416992188, 0.3505859375, 0.0018758773803710938, 0.509765625, 0.0019197463989257812, 0.7314453125, 3.017578125, 7.51953125, 9.3671875, 0.08544921875, 1.85546875, 3.771484375, 3.46484375, 0.464111328125, 1.33984375, 5.171875, 0.006748199462890625, 5.375, 1.5947265625, 0.751953125, 0.2822265625, 0.8017578125, 1.1201171875]",-0.7926709107526646
289,0,test,3.1521300258163807,1.392844456798923,1.9233181294912907,5.618304294719352,2.4825828660042983,3.428090344792767,23.385823976538223,17.57753768447966,19.968656801902057,41.68250491154999,31.32991172777721,35.591802797172576,3.4229040960570676,1.3871083470763472,2.007280048298484,6.100927507998089,2.472358919141261,3.5777426767599927,30.658320571324605,22.99997675060821,26.539264419479057,54.64488226184282,40.99477721351929,47.303144872024845,3.2154091034445873,1.3854955029862606,1.9461505316331278,5.731091873497088,2.469484212576547,3.4687864398020514,24.913482017929525,18.680133941088005,21.355268593552427,44.4053772754806,33.29516101416722,38.06327666415562,0.728643216080402,-0.011356783919598046,-0.001356783919598037,0.6180904522613065,-0.0019095477386934512,-0.006909547738693456,0.4773869346733668,-0.017613065326633204,-0.0126130653266332,0.4169096209912536,0.10977716102036572,0.17546289567356055,0.4005847953216374,0.42713567839195976,0.09380234505862639,0.16503217254888802,0.4545454545454546,0.42140468227424754,0.10420935673167664,0.17891302487713967,0.412751677852349,20.0,9.0,9.0,27.0,3.0,1.0,37.0,7.0,6.0,0.00021195135726758194,-0.0007689983530166999,-0.0002200002896223294,0.0043422467366260875,0.005311282440077392,0.004027750075243475,"[3.056640625, 9.4453125, 2.4296875, 1.0791015625, 8.8046875, 0.83544921875, 8.5859375, 4.72265625, 2.107421875, 6.8828125, 3.2421875, 1.3427734375, 4.9296875, 7.0078125, 4.98046875, 0.11285400390625, 0.33935546875, 3.07421875, 5.765625, 5.69140625, 4.734375, 1.0302734375, 0.169189453125, 4.92578125, 4.7890625, 0.92724609375, 0.75439453125, 3.267578125, 6.69140625, 6.58984375, 1.6005859375, 6.015625, 4.26953125, 6.421875, 2.375, 3.931640625, 8.5078125, 0.489501953125, 3.955078125, 3.19921875, 7.73046875, 2.9453125, 1.615234375, 1.2265625, 4.09765625, 3.6796875, 2.470703125, 0.80908203125, 0.375, 5.35546875, 2.810546875, 2.8671875, 9.859375, 4.14453125, 0.04583740234375, 4.375, 0.72314453125, 3.150390625, 2.431640625, 6.88671875, 0.6044921875, 0.1593017578125, 0.00789642333984375, 0.042724609375, 2.0078125, 2.81640625, 2.66015625, 0.040130615234375, 5.34375, 2.47265625, 1.802734375, 0.1290283203125, 0.12322998046875, 2.939453125, 1.16796875, 0.004894256591796875, 5.125, 4.70703125, 1.603515625, 1.177734375, 0.61865234375, 0.06158447265625, 1.462890625, 3.224609375, 1.8037109375, 0.2198486328125, 0.0024433135986328125, 0.0018415451049804688, 0.0019350051879882812, 0.10693359375, 0.3564453125, 2.5546875, 0.006072998046875, 4.9921875, 0.1900634765625, 0.03839111328125, 0.0013751983642578125, 0.002948760986328125, 0.042205810546875, 0.28662109375, 0.00798797607421875, 3.04296875, 0.12310791015625, 0.05987548828125, 0.0521240234375, 1.4775390625, 0.005077362060546875, 0.97216796875, 1.6611328125, 4.32421875, 6.84375, 4.3046875, 6.2734375, 1.310546875, 7.3515625, 0.0059356689453125, 0.57080078125, 3.939453125, 3.177734375, 6.3359375, 8.4375, 3.1953125, 6.375, 0.0170745849609375, 0.0024261474609375, 1.3388671875, 9.1171875, 8.515625, 4.28125, 0.796875, 8.640625, 1.833984375, 4.5859375, 4.55078125, 6.86328125, 2.982421875, 2.5625, 3.044921875, 5.64453125, 5.05078125, 4.2421875, 3.353515625, 1.21484375, 5.82421875, 7.5859375, 5.7421875, 3.171875, 2.439453125, 6.0625, 0.99853515625, 0.7568359375, 0.79443359375, 6.91015625, 1.9443359375, 7.6015625, 0.98681640625, 2.49609375, 7.1796875, 0.724609375, 3.419921875, 7.8828125, 4.01171875, 2.86328125, 1.77734375, 5.80859375, 6.5, 5.61328125, 4.2578125, 3.357421875, 6.69140625, 10.1328125, 0.2032470703125, 0.93798828125, 6.8671875, 6.69140625, 9.2109375, 3.50390625, 9.4375, 2.521484375, 4.57421875, 4.59375, 4.13671875, 4.234375, 15.0546875, 6.19140625, 5.27734375, 0.78173828125, 5.32421875, 9.203125, 2.20703125, 2.111328125, 4.09765625, 3.4375, 8.421875, 1.3447265625, 2.662109375, 6.76171875, 2.849609375, 0.67919921875, 5.4296875, 1.3740234375, 5.77734375, 1.814453125, 0.48876953125, 5.80859375, 1.2265625, 4.3828125, 2.1171875, 8.375, 2.8203125, 6.91015625, 1.9921875, 5.03515625, 1.0400390625, 6.10546875, 4.2578125, 2.93359375, 1.005859375, 3.33203125, 6.51171875, 0.327880859375, 0.278076171875, 0.72802734375, 5.70703125, 9.9765625, 0.378173828125, 3.1875, 4.4609375, 2.9140625, 6.2890625, 7.58203125, 11.109375, 1.8349609375, 5.86328125, 0.0033550262451171875, 0.1500244140625, 0.0012035369873046875, 0.00643157958984375, 0.004207611083984375, 1.5888671875, 0.0023345947265625, 0.02020263671875, 2.916015625, 0.51123046875, 4.80078125, 0.0849609375, 9.5390625, 1.9091796875, 0.2034912109375, 0.5146484375, 5.22265625, 1.4140625, 0.67431640625, 0.01090240478515625, 0.385009765625, 3.525390625, 0.011016845703125, 2.98828125, 0.08538818359375, 4.80078125, 5.31640625, 2.14453125, 0.58544921875, 3.123046875, 2.759765625, 0.004856109619140625, 3.484375, 0.0765380859375, 7.41015625, 8.3671875, 1.6845703125, 0.171142578125, 1.4111328125, 0.272705078125, 2.984375, 0.00687408447265625, 2.396484375, 17.03125, 5.1171875, 0.08685302734375, 0.966796875, 2.357421875, 1.8251953125, 0.59130859375, 2.662109375, 3.912109375, 0.033477783203125, 3.021484375, 0.04864501953125, 4.703125, 5.83984375, 5.02734375, 0.09100341796875, 2.529296875, 1.0224609375, 0.006961822509765625, 0.0030918121337890625, 0.1815185546875, 0.03424072265625, 0.2008056640625, 4.578125, 0.002899169921875, 1.3876953125, 2.24609375, 0.0160980224609375, 0.249267578125, 0.8447265625, 0.01165008544921875, 6.3359375, 0.1531982421875, 0.52880859375, 0.1817626953125, 8.046875, 0.041595458984375, 1.0244140625, 6.98046875, 3.716796875, 5.8359375, 4.88671875, 5.171875, 2.359375, 0.52099609375, 0.12939453125, 1.0791015625, 0.00024187564849853516, 0.006320953369140625, 0.011932373046875, 0.0156402587890625, 0.1683349609375, 3.9921875, 11.4609375, 0.477294921875, 2.046875, 0.240966796875, 1.9365234375, 0.01047515869140625, 5.265625, 0.6162109375, 0.91162109375, 0.1036376953125, 16.984375, 6.82421875, 10.6015625]",-1.2292691288467053
387,0,test,3.615803585469144,1.653695136019327,2.2763323693856705,6.058914116191538,2.7710567144107636,3.814394781132745,37.181212205838726,30.066900777102077,33.36418761542262,62.303652885459485,50.38237427514402,55.90755762584331,3.749402729111101,1.6566889678413546,2.324439752041994,6.282782951483466,2.7760734055719993,3.895007152070368,42.49569297843618,34.3888074868608,38.337989068914204,71.2089990449471,57.6244882212262,64.24203573709946,3.6586879268537795,1.6684472847941727,2.284041078327226,6.130774363917144,2.795776531276722,3.8273120771969733,38.81038738289908,31.493092983644672,34.85670715454923,65.03362210107413,52.77220986448567,58.40853631302843,0.6934673366834171,0.0034673366834171437,0.0034673366834171437,0.5678391959798995,-0.01716080402010045,-0.007160804020100442,0.5175879396984925,0.0025879396984924696,-0.002412060301507535,0.42071197411003236,0.12459546925566345,0.18662351672060407,0.38961038961038963,0.4321608040201005,0.12060301507537685,0.19262981574539362,0.398989898989899,0.4347826086956522,0.13545150501672243,0.2040133779264215,0.412751677852349,23.0,5.0,10.0,35.0,7.0,8.0,44.0,7.0,12.0,-0.0006533655931114624,-0.0002700406872239837,-0.0001808300418003005,-0.0004675458078473582,-6.49105800478722e-05,7.53513430460373e-05,"[7.390625, 7.5, 13.0078125, 0.6826171875, 8.703125, 0.1243896484375, 10.1875, 3.4921875, 10.2734375, 1.291015625, 7.2421875, 4.76171875, 7.17578125, 7.640625, 0.037994384765625, 11.15625, 9.9453125, 2.91015625, 0.78759765625, 3.310546875, 0.048675537109375, 9.1328125, 9.4296875, 3.697265625, 4.06640625, 1.7919921875, 3.498046875, 0.6171875, 0.00676727294921875, 0.72119140625, 5.7421875, 0.382568359375, 0.496826171875, 0.0082244873046875, 7.421875, 3.044921875, 0.986328125, 5.3203125, 7.90234375, 7.296875, 3.30859375, 4.17578125, 3.478515625, 0.428466796875, 4.94140625, 0.220458984375, 0.10302734375, 0.0005865097045898438, 3.255859375, 4.2578125, 4.8203125, 0.080322265625, 0.0130157470703125, 13.3359375, 3.93359375, 7.16015625, 1.03515625, 4.0703125, 2.009765625, 5.3125, 6.4140625, 1.8291015625, 0.059234619140625, 0.01291656494140625, 0.01497650146484375, 0.326416015625, 0.3076171875, 3.2421875, 0.3720703125, 4.64453125, 0.051971435546875, 7.1015625, 1.3681640625, 0.259521484375, 2.107421875, 2.056640625, 0.375732421875, 0.77734375, 6.45703125, 0.41064453125, 14.0078125, 5.8125, 0.07415771484375, 5.671875, 1.2265625, 7.3203125, 6.9296875, 3.203125, 10.09375, 0.79931640625, 10.65625, 3.544921875, 6.36328125, 5.9765625, 0.001354217529296875, 2.59375, 1.158203125, 0.412841796875, 0.007549285888671875, 0.0008301734924316406, 0.0004513263702392578, 1.7451171875, 7.3046875, 5.1953125, 4.25, 1.263671875, 3.921875, 0.230712890625, 0.9931640625, 8.9296875, 5.59375, 0.083251953125, 10.0625, 0.2000732421875, 3.189453125, 4.09375, 0.75146484375, 0.456787109375, 1.1689453125, 10.4765625, 10.1953125, 0.343017578125, 1.3681640625, 3.4609375, 0.1326904296875, 6.6328125, 3.515625, 0.360595703125, 4.30859375, 5.84375, 4.33984375, 0.1109619140625, 1.62890625, 2.103515625, 6.296875, 5.734375, 0.8017578125, 2.236328125, 8.6640625, 0.11920166015625, 0.81005859375, 1.6494140625, 0.79638671875, 9.3046875, 4.47265625, 1.115234375, 9.3359375, 0.80517578125, 3.416015625, 2.0234375, 5.07421875, 3.1875, 4.4375, 5.91015625, 1.3974609375, 0.238525390625, 1.044921875, 1.6953125, 9.9921875, 0.1258544921875, 8.5546875, 0.830078125, 4.109375, 3.26953125, 4.4765625, 1.3212890625, 6.0625, 5.93359375, 2.556640625, 0.381103515625, 0.207763671875, 6.71875, 11.8984375, 0.283203125, 6.4453125, 4.03515625, 4.890625, 3.60546875, 0.78564453125, 0.294677734375, 0.09698486328125, 13.453125, 6.24609375, 7.61328125, 1.611328125, 1.341796875, 7.61328125, 2.228515625, 4.01953125, 0.1025390625, 7.41796875, 5.9921875, 1.0966796875, 7.25390625, 3.4140625, 8.5546875, 0.0231170654296875, 2.0625, 3.845703125, 3.69921875, 4.7578125, 1.9814453125, 2.34765625, 5.5546875, 0.2137451171875, 8.640625, 8.640625, 1.1240234375, 4.359375, 6.765625, 1.9306640625, 0.04913330078125, 6.5234375, 2.3984375, 2.638671875, 0.2890625, 10.9140625, 0.5, 1.49609375, 10.953125, 1.96875, 7.6171875, 3.447265625, 3.24609375, 4.3046875, 8.46875, 0.458984375, 7.59375, 5.99609375, 0.5927734375, 0.2493896484375, 0.94140625, 3.228515625, 1.1416015625, 4.375, 6.6953125, 2.611328125, 6.1015625, 0.31298828125, 9.2734375, 1.0654296875, 1.5185546875, 2.673828125, 1.130859375, 0.310546875, 7.4375, 1.28125, 4.1953125, 5.69921875, 0.404541015625, 0.91357421875, 1.50390625, 7.16015625, 0.76318359375, 6.2890625, 1.9736328125, 1.3251953125, 0.71142578125, 0.6171875, 7.3359375, 6.1484375, 0.390869140625, 5.9375, 1.0791015625, 6.14453125, 1.505859375, 10.1328125, 0.7646484375, 1.861328125, 0.63916015625, 1.13671875, 0.0020732879638671875, 2.154296875, 5.546875, 0.78076171875, 5.1015625, 3.921985626220703e-05, 11.90625, 0.38525390625, 0.6845703125, 3.6328125, 5.3359375, 7.234375, 0.9482421875, 1.830078125, 0.3271484375, 3.892578125, 3.412109375, 5.1640625, 1.0029296875, 0.8486328125, 0.509765625, 5.90625, 2.435546875, 11.5234375, 0.198486328125, 0.1749267578125, 5.7109375, 7.02734375, 1.783203125, 0.263427734375, 0.357666015625, 0.40625, 0.2744140625, 3.2734375, 6.3515625, 1.064453125, 7.90234375, 2.66796875]",-1.1318665881758756
363,0,test,3.7135061771235662,1.687703893034362,2.314561932685357,6.816572982665176,3.097977009131568,4.248647931230654,40.997298616187095,33.415107039410266,36.946377690053616,75.25531526806945,61.33731977097226,67.81937822557786,3.8494543142654187,1.6762237047659965,2.353909163624807,7.066121617966659,3.076903786830733,4.3208743551469055,46.9674267827079,38.180802392694254,42.505658556927784,86.2141806696282,70.08530850165795,78.024085570251,3.7135061771235662,1.687703893034362,2.314561932685357,6.816572982665176,3.097977009131568,4.248647931230654,40.997298616187095,33.415107039410266,36.946377690053616,75.25531526806945,61.33731977097226,67.81937822557786,0.7989949748743719,0.008994974874371842,0.008994974874371842,0.6532663316582914,0.01826633165829139,0.003266331658291377,0.49246231155778897,-0.01753768844221104,-0.01753768844221104,0.41947565543071164,0.09424201057089854,0.1666736629026917,0.424812030075188,0.4120603015075377,0.08624576516668558,0.14995679566446596,0.43434343434343436,0.41947565543071164,0.09424201057089854,0.1666736629026917,0.424812030075188,24.0,8.0,7.0,36.0,10.0,9.0,43.0,7.0,7.0,-0.00023340123933934624,-2.5832415770368606e-05,0.00014758029123416083,0.00016252502302549487,-0.00022759863213561715,-7.184004964067014e-05,"[3.0625, 9.453125, 2.48046875, 1.494140625, 0.81689453125, 2.970703125, 1.1455078125, 6.83984375, 0.183837890625, 2.744140625, 0.049224853515625, 3.115234375, 0.6474609375, 0.69287109375, 9.375, 0.4248046875, 7.91015625, 1.1201171875, 0.95068359375, 0.78857421875, 5.4140625, 5.66796875, 8.921875, 1.904296875, 5.05859375, 8.8046875, 4.3125, 4.40625, 0.07659912109375, 0.6240234375, 7.0625, 0.88330078125, 0.60595703125, 5.30859375, 1.130859375, 6.50390625, 0.11920166015625, 6.65625, 3.728515625, 1.4267578125, 8.5, 0.044525146484375, 2.0390625, 6.02734375, 0.007663726806640625, 9.5234375, 0.0960693359375, 0.450439453125, 0.31396484375, 6.5, 3.390625, 4.56640625, 8.0234375, 10.78125, 5.578125, 3.3359375, 0.98388671875, 3.203125, 2.57421875, 6.64453125, 4.8515625, 1.984375, 0.44921875, 6.93359375, 1.087890625, 1.97265625, 5.6171875, 1.818359375, 5.5078125, 1.2392578125, 9.53125, 1.2236328125, 0.880859375, 5.66015625, 11.1640625, 2.732421875, 2.318359375, 4.953125, 3.236328125, 6.73828125, 7.26171875, 0.56396484375, 1.1865234375, 1.8046875, 6.296875, 8.0234375, 2.13671875, 0.482177734375, 7.13671875, 2.462890625, 2.599609375, 1.2353515625, 3.798828125, 0.285888671875, 3.640625, 4.953125, 6.70703125, 0.83984375, 2.35546875, 1.1884765625, 9.2890625, 2.50390625, 2.9921875, 9.4921875, 4.4921875, 1.029296875, 4.34765625, 2.162109375, 4.37109375, 11.5625, 1.63671875, 2.525390625, 6.7890625, 4.42578125, 9.4921875, 1.50390625, 1.0546875, 3.291015625, 1.6845703125, 0.8388671875, 2.91796875, 0.54052734375, 9.7734375, 7.23828125, 5.55859375, 2.701171875, 2.302734375, 6.9453125, 6.48046875, 0.91552734375, 1.947265625, 1.1630859375, 5.3515625, 0.42626953125, 8.1484375, 6.34375, 1.9326171875, 2.54296875, 2.27734375, 0.044769287109375, 3.0703125, 4.25390625, 2.302734375, 8.4375, 0.33740234375, 1.2421875, 1.3349609375, 3.111328125, 4.20703125, 0.1546630859375, 5.26953125, 0.23388671875, 5.3984375, 5.63671875, 0.748046875, 8.5, 0.1927490234375, 0.0283355712890625, 3.76953125, 5.9921875, 1.7734375, 5.26953125, 7.109375, 0.2254638671875, 2.041015625, 1.2119140625, 11.96875, 3.203125, 1.1640625, 5.7578125, 3.2578125, 6.0546875, 2.255859375, 0.9794921875, 13.2109375, 10.921875, 2.8046875, 1.955078125, 9.046875, 0.81494140625, 3.32421875, 10.2578125, 2.796875, 1.951171875, 1.07421875, 9.109375, 6.3671875, 1.8701171875, 3.658203125, 3.69921875, 2.302734375, 9.4296875, 5.890625, 0.246826171875, 3.490234375, 6.1171875, 3.875, 6.1875, 7.890625, 4.58984375, 1.2529296875, 0.316650390625, 4.73046875, 7.80859375, 0.335693359375, 9.4765625, 5.484375, 0.05279541015625, 1.5224609375, 0.263671875, 1.2900390625, 0.1121826171875, 0.031341552734375, 0.09735107421875, 0.007320404052734375, 1.43359375, 3.7265625, 5.79296875, 7.84375, 8.140625, 1.7333984375, 0.01678466796875, 5.42578125, 0.1820068359375, 2.765625, 6.1015625, 3.642578125, 7.859375, 0.2193603515625, 0.11065673828125, 1.931640625, 7.84375, 0.2020263671875, 5.38671875, 5.97265625, 7.26953125, 4.33984375, 9.671875, 1.2958984375, 2.302734375, 7.3984375, 9.515625, 6.11328125, 0.0499267578125, 5.625, 2.525390625, 2.142578125, 0.58984375, 4.7734375, 5.03125, 3.205078125, 0.384765625, 1.84375, 4.4921875, 7.44921875, 1.8583984375, 2.619140625, 2.607421875, 1.0, 9.6484375, 0.0804443359375, 3.796875, 0.211669921875, 0.75390625, 0.751953125, 0.230712890625, 0.073974609375]",-0.9095445125736994
367,0,test,3.9118843257427214,1.7575377368315248,2.3456819197823924,6.390001093181549,2.870910058806247,3.831634267155853,49.99306649650792,41.37081203523435,45.20463738502918,81.66288237664868,67.57856626569955,73.84105925789834,3.8452537982308086,1.7143889145067965,2.355932200203304,6.281161181725438,2.8004271408911925,3.8483779378886545,46.77055312834903,38.34840528739586,42.33646672288792,76.39895782504071,62.64151270927558,69.15594790480786,3.974081477193928,1.8105688848702934,2.4898146497453384,6.491599155054335,2.9575355992677643,4.067072798905281,53.20122791519532,44.49957852889699,48.78949824754812,86.90336324608828,72.68935678249689,79.69687270300845,0.7185929648241206,0.008592964824120641,-0.0014070351758793676,0.6180904522613065,-0.0019095477386934512,0.0030904522613065533,0.5276381909547738,0.0026381909547738003,-0.007361809045226098,0.4361111111111111,0.11156187394051476,0.17120397523623332,0.43454038997214484,0.4371859296482412,0.11889019029987025,0.18843801645959346,0.4191919191919192,0.43143812709030105,0.10088720889330605,0.18004769327495063,0.43288590604026844,20.0,0.0,0.0,36.0,4.0,4.0,43.0,3.0,1.0,-0.0009011958750251023,0.00039111469614093545,-8.110271365343005e-05,-0.0002661505534815589,0.00013263919748940367,-0.00011846554770578166,"[3.056640625, 6.44140625, 0.03302001953125, 0.005214691162109375, 0.009490966796875, 1.6259765625, 0.047332763671875, 0.003810882568359375, 10.4375, 3.271484375, 1.7294921875, 4.0078125, 1.455078125, 4.34765625, 5.875, 14.8203125, 1.5830078125, 5.54296875, 11.015625, 14.4375, 2.083984375, 11.8359375, 6.328125, 6.66796875, 15.3984375, 2.08203125, 0.00994110107421875, 1.00390625, 5.77734375, 5.5546875, 8.21875, 11.875, 2.462890625, 4.3359375, 5.72265625, 3.78515625, 4.51171875, 5.69921875, 0.00473785400390625, 0.0019292831420898438, 10.3125, 0.50341796875, 3.361328125, 7.34375, 12.8984375, 2.52734375, 0.38134765625, 7.9609375, 8.59375, 10.3671875, 3.138671875, 0.47705078125, 2.759765625, 7.59765625, 4.1640625, 8.8046875, 2.642578125, 0.07940673828125, 9.1171875, 0.1295166015625, 0.63134765625, 5.48046875, 6.22265625, 5.4296875, 8.7734375, 4.734375, 1.8173828125, 0.36767578125, 3.876953125, 6.3046875, 6.23828125, 5.8671875, 2.486328125, 0.0011548995971679688, 0.0936279296875, 0.00983428955078125, 0.025360107421875, 5.82421875, 7.51953125, 0.8173828125, 0.001514434814453125, 0.003826141357421875, 0.00356292724609375, 0.09466552734375, 0.0001723766326904297, 0.260009765625, 11.421875, 4.84375, 3.38671875, 0.6201171875, 3.060546875, 9.0625, 7.6796875, 1.92578125, 5.30078125, 2.099609375, 0.01276397705078125, 0.0001895427703857422, 0.0218658447265625, 0.0004875659942626953, 0.86572265625, 0.373779296875, 0.0008912086486816406, 0.0010805130004882812, 0.0005116462707519531, 4.9375, 0.179443359375, 0.03948974609375, 5.60546875, 1.4189453125, 0.08648681640625, 5.55078125, 1.53515625, 0.428466796875, 3.162109375, 3.5234375, 0.0977783203125, 4.56640625, 9.3359375, 1.681640625, 12.0078125, 4.73046875, 3.798828125, 7.6015625, 2.716796875, 2.498046875, 5.9765625, 4.7265625, 2.4375, 0.9833984375, 5.3828125, 2.369140625, 8.890625, 0.498291015625, 2.205078125, 2.369140625, 1.732421875, 9.171875, 0.07330322265625, 2.17578125, 3.560546875, 0.0247802734375, 1.5087890625, 3.91796875, 0.82275390625, 4.37890625, 3.7421875, 7.140625, 6.14453125, 2.3515625, 0.0760498046875, 6.71484375, 1.4580078125, 5.8828125, 7.68359375, 1.8720703125, 0.71435546875, 0.89306640625, 9.8828125, 1.5458984375, 6.55859375, 3.232421875, 0.30615234375, 0.84619140625, 1.80078125, 1.2900390625, 3.158203125, 5.984375, 4.6953125, 3.125, 4.71484375, 5.21875, 9.2109375, 3.517578125, 8.6171875, 3.669921875, 2.54296875, 3.67578125, 7.236003875732422e-05, 4.109375, 7.9609375, 1.609375, 2.7734375, 0.0002067089080810547, 3.875, 4.84375, 1.67578125, 0.0004444122314453125, 4.33203125, 6.3515625, 5.1640625, 7.00390625, 5.8515625, 6.0859375, 0.4951171875, 7.25390625, 1.71875, 6.77734375, 0.98828125, 7.88671875, 6.9140625, 4.58203125, 0.00951385498046875, 3.166015625, 0.37255859375, 0.9580078125, 4.078125, 1.4814453125, 5.05859375, 8.7890625, 0.6787109375, 3.509765625, 0.8076171875, 4.44921875, 0.0086669921875, 0.0035495758056640625, 2.501953125, 0.93603515625, 2.525390625, 4.9609375, 7.2109375, 0.85595703125, 0.005794525146484375, 1.697265625, 0.87744140625, 1.857421875, 4.0703125, 6.87890625, 10.4765625, 0.92431640625, 0.182373046875, 5.6796875, 4.484375, 0.350830078125, 0.1756591796875, 2.125, 7.21875, 1.02734375, 3.939453125, 6.140625, 1.96875, 0.00010395050048828125, 3.47265625, 4.49609375, 0.0268402099609375, 0.00428009033203125, 5.98046875, 12.84375, 7.6171875, 0.8974609375, 9.191036224365234e-05, 9.1640625, 10.359375, 4.21484375, 2.130859375, 2.9609375, 8.8203125, 2.8984375, 3.185546875, 3.49609375, 5.93359375, 5.10546875, 3.84375, 6.1640625, 2.705078125, 10.90625, 6.39453125, 1.966796875, 4.68359375, 9.4375, 2.7890625, 1.91796875, 5.94921875, 3.1953125, 0.55615234375, 9.171875, 2.349609375, 3.2265625, 9.9296875, 12.078125, 0.923828125, 7.90625, 4.01171875, 0.396240234375, 10.2421875, 6.8671875, 2.890625, 8.4375, 7.9296875, 0.65380859375, 0.70068359375, 5.890625, 0.0220794677734375, 3.525390625, 4.33203125, 0.88916015625, 10.484375, 8.984375, 9.5390625, 6.1640625, 1.8544921875, 3.373046875, 8.0703125, 1.458984375, 0.07403564453125, 1.912109375, 9.1328125, 1.8193359375, 0.63525390625, 1.90625, 9.140625, 4.578125, 5.0546875, 12.125, 8.0546875, 8.2265625, 3.169921875, 4.7578125, 7.17578125, 0.13232421875, 1.54296875, 8.28125, 0.0709228515625, 1.220703125, 1.392578125, 0.00072479248046875, 4.74609375, 9.0234375, 6.31640625, 5.46875, 6.05859375, 3.537109375, 1.44921875, 5.75, 0.6875, 5.81640625, 2.306640625, 0.0675048828125, 3.470703125, 1.48828125, 0.904296875, 0.9013671875, 0.005840301513671875, 0.056060791015625, 2.7890625, 7.83984375, 1.4033203125, 4.484375, 4.5625, 1.3037109375, 0.022979736328125, 0.01385498046875, 7.5546875, 8.7734375, 2.228515625, 0.890625, 4.3984375, 2.814453125, 3.41015625, 3.404296875]",-1.3127288639545442
426,0,test,3.5213018964676963,1.527037636017566,2.124367664380885,5.76403584243224,2.4996151780049436,3.4773875458615673,33.82844093555398,26.481645224777022,29.785654232833178,55.37393605522228,43.347931171510005,48.75627925017335,3.738254489611142,1.60624739416189,2.2533552565111297,6.119166575256333,2.6292740083007127,3.688527949646194,42.02457178073105,33.592798567702296,37.61005122791671,68.79022166488713,54.988211941179344,61.564071950458896,3.5213018964676963,1.527037636017566,2.124367664380885,5.76403584243224,2.4996151780049436,3.4773875458615673,33.82844093555398,26.481645224777022,29.785654232833178,55.37393605522228,43.347931171510005,48.75627925017335,0.8442211055276382,-0.0007788944723617908,0.004221105527638214,0.6934673366834171,0.013467336683417153,0.028467336683417055,0.542713567839196,0.0027135678391959628,0.007713567839196078,0.46715328467153283,0.1356414449629718,0.18802707107929983,0.3992673992673993,0.4371859296482412,0.09132126799410589,0.1366850949237003,0.398989898989899,0.46715328467153283,0.1356414449629718,0.18802707107929983,0.3992673992673993,29.0,14.0,16.0,40.0,12.0,14.0,49.0,13.0,14.0,-0.00038633398723084925,-0.0002461686766161638,-6.649842970457776e-05,0.000211034476049754,-0.00020048395678795572,-4.730815085896012e-05,"[3.0625, 9.453125, 2.48046875, 1.494140625, 1.81640625, 7.23046875, 6.0703125, 8.453125, 2.234375, 6.19140625, 1.2998046875, 4.5390625, 7.62109375, 4.4453125, 7.25, 5.93359375, 7.55859375, 4.921875, 0.05322265625, 5.90625, 6.69921875, 6.7578125, 1.525390625, 4.09765625, 9.9140625, 3.376953125, 1.0517578125, 2.5390625, 1.994140625, 7.03515625, 2.806640625, 2.53515625, 1.5302734375, 2.576171875, 0.61767578125, 2.623046875, 0.9052734375, 2.48828125, 7.30859375, 0.0147247314453125, 1.7822265625, 2.255859375, 8.3515625, 8.1875, 1.08984375, 3.673828125, 3.966796875, 6.98046875, 2.0625, 10.1640625, 6.671875, 1.6083984375, 3.908203125, 1.408203125, 5.3828125, 4.1953125, 2.158203125, 2.1015625, 2.11328125, 3.10546875, 3.7890625, 1.955078125, 6.578125, 7.83984375, 2.189453125, 1.623046875, 2.908203125, 5.0546875, 3.419921875, 1.7060546875, 0.97265625, 2.078125, 3.9921875, 1.3818359375, 6.95703125, 4.04296875, 0.74951171875, 1.85546875, 4.19921875, 1.3671875, 0.08935546875, 9.9609375, 4.1796875, 4.578125, 7.53515625, 0.052032470703125, 0.3359375, 2.49609375, 3.69921875, 4.00390625, 5.890625, 0.07257080078125, 1.681640625, 3.43359375, 4.20703125, 1.6279296875, 2.3359375, 5.9765625, 2.109375, 0.95458984375, 2.666015625, 3.490234375, 2.53125, 0.380126953125, 1.2431640625, 2.099609375, 3.595703125, 5.94140625, 2.955078125, 8.1171875, 0.0007257461547851562, 0.6572265625, 3.810546875, 4.19921875, 5.59375, 0.2374267578125, 5.84765625, 3.275390625, 4.109375, 2.720703125, 3.646484375, 0.345458984375, 1.4052734375, 4.9140625, 0.67919921875, 3.607421875, 3.5546875, 0.4306640625, 1.7392578125, 2.48046875, 3.0625, 0.80078125, 7.45703125, 5.2890625, 6.76953125, 1.5068359375, 6.515625, 2.34375, 0.837890625, 4.765625, 8.515625, 6.51171875, 6.30078125, 4.23828125, 5.98828125, 0.018280029296875, 7.22265625, 8.6171875, 5.47265625, 3.62109375, 6.984375, 0.638671875, 6.37890625, 7.6171875, 0.2183837890625, 0.60107421875, 9.015625, 6.859375, 2.130859375, 3.6875, 5.26171875, 6.1796875, 1.763671875, 3.576171875, 5.28125, 5.09765625, 1.0078125, 8.890625, 3.09375, 0.043212890625, 0.00782012939453125, 2.982421875, 7.80859375, 5.3671875, 6.01171875, 9.4609375, 1.30078125, 1.908203125, 2.4453125, 4.28125, 6.4296875, 4.21875, 1.8388671875, 6.6875, 6.91015625, 0.775390625, 2.560546875, 1.171875, 2.77734375, 5.87890625, 1.068359375, 0.61279296875, 0.5673828125, 0.01203155517578125, 1.55078125, 2.255859375, 3.775390625, 5.265625, 0.978515625, 3.654296875, 6.953125, 0.0182037353515625, 5.46484375, 7.3828125, 4.8359375, 0.92333984375, 3.35546875, 1.0576171875, 8.046875, 1.06640625, 1.4794921875, 1.0068359375, 5.6953125, 4.0, 1.552734375, 4.4765625, 0.0032825469970703125, 10.6484375, 6.25, 11.2265625, 3.10546875, 0.00196075439453125, 0.14501953125, 0.0005850791931152344, 0.0034961700439453125, 0.0014085769653320312, 7.37890625, 6.625, 7.44921875, 0.48583984375, 0.251953125, 0.1192626953125, 4.265625, 1.0732421875, 5.8828125, 9.828125, 8.515625, 4.40234375, 0.049835205078125, 0.406982421875, 3.578125, 4.7265625, 2.50390625, 3.73828125, 0.6220703125, 4.37890625, 6.625, 6.33203125, 2.212890625, 0.2392578125, 0.0015583038330078125, 1.4482421875, 0.00013709068298339844, 3.78125, 0.0178070068359375, 1.36328125, 1.365234375, 1.3310546875, 4.78125, 3.71875, 6.69140625, 0.488037109375, 0.0010042190551757812, 0.0057525634765625, 0.00024437904357910156, 6.328125, 1.365234375, 0.513671875, 0.10992431640625, 2.00390625, 0.00571441650390625, 5.8770179748535156e-05, 4.52734375, 0.11224365234375]",-1.2792280603499306
5,0,test,3.9059804805834815,1.863000616324641,2.5176401573460083,6.292968552051164,3.0015009929674767,4.0561980312796795,49.698784724658985,41.985224375626586,45.69059249855422,80.07026427861724,67.64286149406504,73.61262124767067,3.940764010252066,1.8322442825284257,2.522508468374192,6.349008683183884,2.9519491218513525,4.064041421269532,51.45790064970863,43.2218599756437,47.327990951564026,82.90439549119723,69.6352188496482,76.25065208863093,3.9059804805834815,1.863000616324641,2.5176401573460083,6.292968552051164,3.0015009929674767,4.0561980312796795,49.698784724658985,41.985224375626586,45.69059249855422,80.07026427861724,67.64286149406504,73.61262124767067,0.8140703517587939,0.004070351758793889,0.014070351758793898,0.6834170854271358,-0.016582914572864205,0.008417085427135707,0.5326633165829145,-0.012336683417085381,-0.017336683417085497,0.44636678200692037,0.10957921724008102,0.18744848511393997,0.40625,0.457286432160804,0.11142177050666868,0.19685237539953526,0.4040404040404041,0.44636678200692037,0.10957921724008102,0.18744848511393997,0.40625,25.0,9.0,9.0,36.0,8.0,9.0,45.0,9.0,8.0,-0.0004441243163959163,-0.00037963403946648184,-0.00011356950663591297,0.0003149833039568506,-0.00014238108104080993,5.260203672641239e-06,"[3.0625, 9.453125, 2.48046875, 5.4921875, 0.79443359375, 0.078125, 2.326171875, 7.8125, 10.4609375, 10.9375, 3.42578125, 9.875, 8.1640625, 5.34375, 2.814453125, 7.86328125, 6.1171875, 3.888671875, 0.97509765625, 2.19140625, 0.76220703125, 4.03515625, 0.08740234375, 12.40625, 0.82861328125, 8.609375, 2.556640625, 3.365234375, 0.96728515625, 4.98828125, 0.391357421875, 4.3125, 7.16015625, 4.33203125, 2.416015625, 3.849609375, 8.8984375, 2.296875, 4.34375, 0.68408203125, 13.703125, 1.2158203125, 0.08447265625, 7.2109375, 9.5390625, 8.6796875, 5.51171875, 5.26953125, 4.2734375, 1.4716796875, 1.3671875, 7.65234375, 6.2265625, 6.1640625, 3.0234375, 0.2388916015625, 5.0703125, 10.0859375, 0.08770751953125, 5.98046875, 2.814453125, 1.9072265625, 3.599609375, 1.791015625, 0.181396484375, 3.12109375, 5.859375, 7.6640625, 1.970703125, 9.5, 6.33984375, 2.919921875, 6.78515625, 0.0034847259521484375, 0.86474609375, 1.8173828125, 4.23046875, 8.7890625, 12.5234375, 1.7734375, 2.517578125, 5.5, 6.06640625, 10.53125, 1.8369140625, 2.626953125, 1.515625, 2.171875, 1.04296875, 2.724609375, 3.58203125, 3.5546875, 3.798828125, 0.369140625, 0.0004799365997314453, 3.71875, 3.73828125, 0.9072265625, 7.45703125, 2.048828125, 0.06707763671875, 3.568359375, 0.051025390625, 0.045745849609375, 2.3125, 5.3828125, 4.21484375, 6.9296875, 5.01953125, 3.501953125, 0.027587890625, 1.6103515625, 6.7734375, 0.0228729248046875, 2.02734375, 0.0267181396484375, 2.923828125, 5.7109375, 6.796875, 0.99951171875, 9.46875, 7.77734375, 6.20703125, 6.01953125, 6.6484375, 7.83203125, 0.00818634033203125, 1.6591796875, 2.24609375, 1.50390625, 4.10546875, 1.3203125, 6.44140625, 0.434814453125, 1.5810546875, 5.3125, 2.34375, 1.1630859375, 4.35546875, 4.0703125, 0.006526947021484375, 2.673828125, 1.21875, 4.83203125, 0.5546875, 6.6640625, 6.0703125, 5.48046875, 6.3984375, 0.167236328125, 2.708984375, 8.578125, 5.08984375, 0.763671875, 3.47265625, 3.46484375, 1.0771484375, 5.28125, 8.875, 4.47265625, 7.046875, 5.28515625, 4.23828125, 0.71142578125, 4.03515625, 5.0703125, 8.203125, 2.083984375, 2.337890625, 0.249267578125, 0.59423828125, 1.4970703125, 6.19921875, 5.4140625, 5.2421875, 5.7421875, 1.2451171875, 2.333984375, 3.384765625, 4.77734375, 2.96484375, 6.41796875, 1.291015625, 6.484375, 6.73828125, 1.3740234375, 1.3447265625, 6.5703125, 0.53173828125, 0.8408203125, 2.65625, 2.529296875, 0.859375, 5.73046875, 0.67041015625, 1.28125, 3.505859375, 0.01163482666015625, 4.90234375, 0.35009765625, 2.52734375, 5.4765625, 4.06640625, 6.109375, 2.455078125, 1.3916015625, 3.466796875, 6.64453125, 1.146484375, 9.2890625, 0.219482421875, 0.004062652587890625, 6.62109375, 0.02239990234375, 5.3046875, 8.9921875, 8.171875, 4.6484375, 6.6171875, 6.7578125, 0.276123046875, 4.99609375, 0.056304931640625, 7.15625, 0.298828125, 6.15234375, 2.494140625, 6.15234375, 3.892578125, 0.7578125, 1.9208984375, 10.8203125, 0.73583984375, 10.515625, 0.12310791015625, 5.84765625, 1.0283203125, 3.990234375, 3.94140625, 2.23828125, 8.7734375, 6.59765625, 9.9453125, 2.951171875, 3.94140625, 1.7470703125, 9.734375, 0.642578125, 3.1328125, 4.48046875, 2.92578125, 0.03753662109375, 12.90625, 5.359375, 0.11077880859375, 7.40625, 1.298828125, 6.29296875, 0.2354736328125, 0.01395416259765625, 8.4140625, 4.546875, 3.73046875, 1.263671875, 5.87890625, 2.171875, 0.71240234375, 1.8076171875, 2.279296875, 5.23046875, 0.126220703125, 1.9365234375, 6.27734375, 2.296875, 6.890625, 1.978515625, 3.515625, 2.658203125, 3.119140625, 3.552734375, 6.36328125, 0.84765625, 4.0390625, 4.65625, 3.51953125, 0.032318115234375, 0.485595703125, 2.833984375, 2.82421875]",-1.2457877269665674
416,0,test,4.015171123824957,1.8677274591833495,2.552675856433752,6.399939427672507,2.9770443743346724,4.068810607527738,55.43278046033141,46.869839813724866,51.11606299520475,88.35649249131612,74.70768406672508,81.47590647114453,4.138976178576598,1.8738219665355897,2.615200102302752,6.597277181609972,2.986758649690061,4.168470466094689,62.73855547920404,53.10594552818533,58.149032574802696,100.00145509715553,84.6476586297742,92.6860337404431,4.015171123824957,1.8677274591833495,2.552675856433752,6.399939427672507,2.9770443743346724,4.068810607527738,55.43278046033141,46.869839813724866,51.11606299520475,88.35649249131612,74.70768406672508,81.47590647114453,0.7939698492462312,-0.0060301507537688925,-0.0060301507537688925,0.6783919597989949,-0.006608040201005139,-0.0016080402010050232,0.5829145728643217,-0.002085427135678275,0.0029145728643216184,0.45038167938931295,0.11323882224645576,0.19149843065834848,0.4137931034482759,0.4522613065326633,0.0988778478860467,0.19349669885319754,0.4191919191919192,0.45038167938931295,0.11323882224645576,0.19149843065834848,0.4137931034482759,26.0,1.0,2.0,39.0,1.0,1.0,48.0,0.0,-1.0,-0.00034304331235616536,-0.0004341956413345468,-0.00019296133196890035,0.00012787541372372146,0.00017828449388890277,-8.936283448512938e-05,"[3.0625, 9.453125, 2.48046875, 5.4921875, 0.79443359375, 0.078125, 2.326171875, 8.8125, 4.1796875, 6.45703125, 1.720703125, 4.37109375, 0.861328125, 12.8984375, 9.484375, 2.474609375, 1.1328125, 3.955078125, 4.359375, 12.640625, 3.109375, 1.0732421875, 8.15625, 7.22265625, 4.47265625, 5.48828125, 1.7490234375, 3.658203125, 3.3984375, 0.4111328125, 7.53125, 0.748046875, 5.40625, 0.0523681640625, 3.814453125, 10.71875, 10.0390625, 3.017578125, 3.564453125, 4.27734375, 5.76171875, 3.794921875, 1.69140625, 8.265625, 1.2568359375, 7.16796875, 5.83203125, 4.30078125, 7.5234375, 9.796875, 3.75, 3.376953125, 4.36328125, 7.3671875, 5.4765625, 1.5400390625, 4.73046875, 5.421875, 5.68359375, 4.1484375, 0.5029296875, 5.73046875, 7.63671875, 0.08233642578125, 2.76953125, 5.265625, 0.80126953125, 1.3310546875, 8.7265625, 0.181396484375, 3.765625, 1.02734375, 5.22265625, 2.712890625, 5.54296875, 0.179931640625, 4.63671875, 0.7353515625, 0.904296875, 0.345703125, 4.85546875, 7.80078125, 7.07421875, 1.6494140625, 5.7890625, 4.59765625, 2.912109375, 3.1171875, 2.96875, 0.60400390625, 3.26953125, 0.01265716552734375, 5.33984375, 7.79296875, 4.93359375, 0.141845703125, 0.007598876953125, 0.322265625, 1.927734375, 12.0390625, 7.453125, 11.2109375, 9.78125, 0.6376953125, 10.1171875, 2.279296875, 3.125, 0.703125, 0.00377655029296875, 8.765625, 0.775390625, 1.1240234375, 6.15625, 4.19140625, 3.521484375, 0.2366943359375, 6.10546875, 2.091796875, 1.7998046875, 4.26171875, 0.022216796875, 9.390625, 5.74609375, 3.458984375, 12.78125, 1.837890625, 0.020721435546875, 2.595703125, 4.44140625, 5.046875, 5.1953125, 3.810546875, 1.4404296875, 0.00997161865234375, 7.04296875, 4.31640625, 2.72265625, 11.515625, 8.7890625, 2.703125, 1.6806640625, 6.44921875, 2.75, 10.328125, 1.3720703125, 5.7421875, 7.921875, 7.3046875, 4.87109375, 2.5546875, 7.3046875, 0.5029296875, 1.3896484375, 5.53125, 0.50341796875, 4.37109375, 6.33203125, 0.93701171875, 5.4921875, 5.26953125, 0.0256805419921875, 3.05859375, 0.06451416015625, 0.0042724609375, 0.5849609375, 0.261962890625, 0.79541015625, 1.720703125, 9.7265625, 6.8125, 3.517578125, 1.263671875, 5.65625, 8.0703125, 0.156982421875, 0.4365234375, 5.40234375, 7.33984375, 1.3037109375, 11.9609375, 1.5302734375, 1.33984375, 3.748046875, 5.09765625, 1.8125, 8.3828125, 2.970703125, 3.00390625, 2.564453125, 7.46484375, 0.0546875, 3.076171875, 7.95703125, 0.6904296875, 1.103515625, 0.001056671142578125, 4.03515625, 9.3515625, 5.28515625, 3.341796875, 1.005859375, 8.859375, 0.035888671875, 0.3759765625, 1.626953125, 10.4765625, 1.474609375, 1.9189453125, 5.96875, 0.0963134765625, 2.94140625, 10.453125, 6.765625, 0.9169921875, 2.046875, 8.65625, 3.068359375, 6.67578125, 3.984375, 0.192626953125, 10.5078125, 5.09375, 0.2841796875, 7.5625, 2.78515625, 2.740234375, 1.3349609375, 4.83203125, 4.3671875, 3.439453125, 6.46484375, 1.2646484375, 12.5546875, 0.11297607421875, 8.3515625, 6.328125, 3.18359375, 4.3828125, 0.5263671875, 10.1796875, 4.078125, 8.4375, 2.26953125, 3.103515625, 5.42578125, 1.8876953125, 0.05804443359375, 0.11627197265625, 0.042938232421875, 0.03466796875, 2.1171875, 1.080078125, 0.0594482421875, 0.1197509765625, 6.8359375, 0.9912109375, 6.078125, 1.1396484375, 4.57421875, 0.050018310546875, 0.02838134765625, 1.3466796875]",-0.8452958332673282
317,0,test,3.5312520570128503,1.6633855341682613,2.259520091986041,5.5810018142444475,2.6289139189440913,3.5710806051503527,34.166719526042876,27.692251002927563,30.599694347749267,53.99912568771144,43.76648865405218,48.361585894431315,3.96641863290988,1.833400470892402,2.5190610921742627,6.268765080748374,2.8976156867552336,3.9812747146432317,52.79511317419709,44.35481056599523,48.54324889478284,83.44055243048392,70.10099371062465,76.72065198888095,3.5312520570128503,1.6633855341682613,2.259520091986041,5.5810018142444475,2.6289139189440913,3.5710806051503527,34.166719526042876,27.692251002927563,30.599694347749267,53.99912568771144,43.76648865405218,48.361585894431315,0.7889447236180904,-0.006055276381909613,0.0039447236180903955,0.6683417085427136,0.008341708542713655,0.013341708542713548,0.5376884422110553,0.002688442211055353,0.002688442211055353,0.43065693430656937,0.1082525627218699,0.18429771100559855,0.39560439560439564,0.4623115577889447,0.12145942746313021,0.1885219083732519,0.45959595959595956,0.43065693430656937,0.1082525627218699,0.18429771100559855,0.39560439560439564,21.0,10.0,9.0,32.0,10.0,7.0,44.0,13.0,11.0,-0.0013748785806885896,-0.0005066870923688442,-5.183714480894613e-06,0.000211034476049754,-0.00020048395678795572,-4.730815085896012e-05,"[3.0625, 9.453125, 2.48046875, 5.4921875, 0.79443359375, 0.078125, 15.328125, 5.43359375, 5.73828125, 2.498046875, 3.966796875, 0.2379150390625, 0.08917236328125, 0.66748046875, 6.05078125, 5.9296875, 6.46484375, 6.0625, 1.5625, 6.76953125, 3.98828125, 4.55859375, 0.87353515625, 1.578125, 5.71875, 0.002101898193359375, 6.171875, 10.28125, 8.2109375, 0.140380859375, 4.3828125, 6.09375, 2.203125, 9.1796875, 8.671875, 2.5859375, 3.96484375, 0.8828125, 3.53125, 1.177734375, 3.923828125, 2.373046875, 0.02850341796875, 1.396484375, 5.4765625, 0.1688232421875, 4.98046875, 2.748046875, 1.5703125, 1.583984375, 3.4375, 0.0270538330078125, 4.078125, 2.44140625, 1.505859375, 8.59375, 1.994140625, 2.59765625, 8.1328125, 4.46875, 0.89208984375, 2.21875, 0.07037353515625, 7.4453125, 6.1640625, 5.9921875, 5.89453125, 5.98828125, 0.73681640625, 1.7978515625, 7.3125, 5.21484375, 1.7109375, 2.45703125, 1.4482421875, 2.0078125, 4.0859375, 0.005031585693359375, 7.40625, 1.001953125, 4.08984375, 4.5078125, 5.21875, 5.87890625, 8.4921875, 9.78125, 8.0546875, 4.77734375, 2.71875, 2.51953125, 1.4326171875, 5.49609375, 2.087890625, 6.5078125, 6.81640625, 7.8046875, 1.205078125, 0.0016775131225585938, 8.3984375, 1.91015625, 3.798828125, 7.78515625, 7.390625, 0.76220703125, 4.37890625, 5.01171875, 1.4853515625, 0.9951171875, 0.66015625, 5.890625, 0.0027751922607421875, 6.26953125, 3.26953125, 7.73828125, 1.1328125, 4.41015625, 7.84765625, 8.5546875, 1.87109375, 1.65234375, 4.17578125, 7.75, 0.8701171875, 2.837890625, 2.091796875, 0.1165771484375, 4.484375, 8.9921875, 6.19140625, 0.16064453125, 7.33984375, 3.326171875, 0.4775390625, 8.53125, 2.4765625, 0.347412109375, 3.98828125, 1.58203125, 2.3046875, 1.978515625, 2.505859375, 5.98828125, 0.5078125, 4.71484375, 2.337890625, 3.6328125, 9.53125, 9.140625, 5.82421875, 7.87109375, 2.796875, 0.45947265625, 8.265625, 5.8046875, 3.76953125, 5.9453125, 10.625, 3.30859375, 1.630859375, 5.65625, 1.8115234375, 10.75, 0.810546875, 1.6650390625, 6.15625, 0.01027679443359375, 5.38671875, 13.1484375, 6.15625, 1.6826171875, 6.30859375, 10.4765625, 3.146484375, 0.023956298828125, 0.1396484375, 0.0006856918334960938, 4.86328125, 4.22265625, 1.3212890625, 6.53515625, 5.50390625, 9.265625, 2.416015625, 0.6083984375, 0.94775390625, 3.8125, 0.1885986328125, 3.65625, 5.79296875, 1.48046875, 7.83984375, 0.391357421875, 2.607421875, 7.4375, 0.340576171875, 0.007724761962890625, 0.004398345947265625, 0.01702880859375, 0.00787353515625, 0.00836181640625, 3.111328125, 2.19921875, 7.3359375, 1.5185546875, 2.458984375, 0.1888427734375, 7.203125, 8.4453125, 2.166015625, 5.20703125, 8.0625, 3.28515625, 8.71875, 5.9140625, 0.77392578125, 2.27734375, 3.08984375, 0.005596160888671875, 2.322265625, 0.0009679794311523438, 0.0279998779296875, 2.072265625, 0.003692626953125, 2.93359375, 0.400390625, 0.26708984375, 0.06756591796875, 2.32421875, 0.013580322265625, 0.00106048583984375, 6.87109375, 1.306640625, 0.0055999755859375, 0.0143890380859375, 1.236328125, 8.1796875, 0.304443359375, 0.00012600421905517578, 0.0008063316345214844, 6.72265625, 3.26953125, 0.176025390625, 3.140625, 1.6767578125, 1.5126953125, 8.296875, 5.64453125, 6.13671875, 4.82421875, 3.96875, 4.484375, 1.9521484375, 0.70654296875, 0.001575469970703125, 0.01201629638671875, 0.0157470703125, 8.140625, 7.640625, 0.8681640625, 2.275390625, 0.08544921875, 2.791015625, 0.004245758056640625, 0.01053619384765625, 0.005939483642578125, 0.017364501953125, 2.751953125, 0.104248046875, 0.1483154296875, 0.00010001659393310547, 0.0018215179443359375, 0.000911712646484375, 0.224853515625, 0.0007243156433105469]",-1.6398399763733802
73,0,test,3.753109521680064,1.7121833488578813,2.3565842862156092,5.947235088200716,2.7131520758824887,3.7342797150801195,42.65350801047332,34.95577267886246,38.61237445576982,67.58940500121156,55.39145516804358,61.18576259914293,3.783486840712964,1.6940988693559675,2.3323564680589453,5.995371455283619,2.684495131440994,3.6958879416934054,43.96908796262418,35.889119484064835,39.701151814779,69.6740932330814,56.8704508747489,62.911055952649804,3.7029073198503477,1.7031576492086986,2.33430453998137,5.8676839068397815,2.6988498133614764,3.698974886432017,40.56506871730286,33.177862084546774,36.63521273349195,64.28003196741837,52.574150687820264,58.05272171614877,0.7738693467336684,-0.0011306532663316604,-0.01113065326633167,0.6130653266331658,-0.02193467336683419,-0.001934673366834172,0.5025125628140703,0.002512562814070307,-0.012487437185929706,0.41233766233766234,0.10763750026310803,0.1661173599618524,0.4136807817589576,0.40201005025125625,0.07619551391040413,0.1348981971627754,0.4040404040404041,0.40802675585284276,0.10251757388289284,0.16553509845573489,0.40604026845637586,21.0,4.0,4.0,31.0,3.0,4.0,39.0,5.0,4.0,-0.000700317543668664,7.40115666452833e-05,-0.00012060913146099157,0.0059608856741624194,0.004742797566580137,0.0058366353975563,"[3.0625, 9.453125, 2.48046875, 1.494140625, 2.81640625, 6.35546875, 7.44140625, 3.6796875, 0.33349609375, 2.6953125, 0.57666015625, 5.8671875, 0.06854248046875, 0.007198333740234375, 0.70703125, 10.5078125, 4.58203125, 2.072265625, 7.14453125, 7.06640625, 6.69921875, 7.30859375, 1.0244140625, 2.09375, 1.5537109375, 3.6328125, 1.0634765625, 1.5380859375, 3.041015625, 0.0469970703125, 8.8046875, 11.7578125, 1.4951171875, 7.9453125, 3.50390625, 6.28125, 0.76025390625, 0.54052734375, 0.8076171875, 4.70703125, 10.4453125, 2.22265625, 0.70068359375, 11.1171875, 2.794921875, 6.453125, 4.73046875, 1.9951171875, 3.373046875, 3.20703125, 0.38623046875, 1.6884765625, 1.0732421875, 2.9609375, 3.4453125, 0.400146484375, 9.7578125, 3.357421875, 7.53125, 6.609375, 5.91796875, 0.0201873779296875, 0.00429534912109375, 1.904296875, 2.095703125, 1.9150390625, 2.314453125, 0.14697265625, 0.1759033203125, 1.8583984375, 8.7421875, 7.171875, 7.3828125, 9.546875, 3.466796875, 1.9169921875, 1.119140625, 3.60546875, 1.4638671875, 2.515625, 3.375, 8.2734375, 5.1875, 2.7890625, 6.15625, 0.270751953125, 0.308837890625, 9.796875, 0.74609375, 1.2578125, 1.599609375, 1.828125, 2.482421875, 4.29296875, 8.4453125, 1.11328125, 0.225341796875, 5.08203125, 3.283203125, 1.9677734375, 1.3720703125, 6.2421875, 2.443359375, 3.138671875, 3.703125, 6.7109375, 8.765625, 3.513671875, 0.38232421875, 7.76171875, 3.0625, 0.7734375, 2.0390625, 2.828125, 0.406494140625, 1.4814453125, 2.65234375, 0.9873046875, 0.059814453125, 6.0859375, 5.1953125, 2.537109375, 4.08984375, 4.125, 2.291015625, 1.2294921875, 4.51953125, 10.4765625, 6.26953125, 1.0302734375, 0.039764404296875, 9.5625, 4.9375, 2.41796875, 3.490234375, 11.3515625, 5.0546875, 4.02734375, 1.2421875, 15.3125, 6.2734375, 5.04296875, 3.126953125, 0.449951171875, 5.78125, 0.12127685546875, 6.80078125, 3.1171875, 6.36328125, 1.1845703125, 6.03125, 0.06976318359375, 2.806640625, 1.154296875, 5.1328125, 8.4296875, 6.140625, 0.626953125, 1.703125, 6.5859375, 8.9453125, 8.5859375, 3.015625, 5.58203125, 6.1171875, 0.468505859375, 0.154541015625, 0.0095367431640625, 1.9287109375, 0.20654296875, 3.181640625, 11.8359375, 0.5888671875, 1.7666015625, 6.45703125, 6.2578125, 9.5, 4.75390625, 0.410400390625, 6.6015625, 11.953125, 1.1103515625, 7.2734375, 5.22265625, 2.15625, 1.6953125, 2.634765625, 0.00870513916015625, 0.052337646484375, 0.0017862319946289062, 0.00646209716796875, 0.0018033981323242188, 0.533203125, 6.25390625, 1.8837890625, 4.37109375, 0.31494140625, 4.04296875, 6.265625, 9.6875, 11.1875, 8.796875, 2.228515625, 11.546875, 8.5, 11.078125, 4.16015625, 10.1953125, 10.2578125, 10.515625, 5.87109375, 0.40283203125, 0.0037441253662109375, 1.23046875, 8.9453125, 8.375, 3.53515625, 1.466796875, 2.798828125, 0.64306640625, 5.17578125, 7.421875, 5.4375, 10.1875, 4.046875, 4.32421875, 6.11328125, 11.3046875, 7.1875, 0.414794921875, 0.63330078125, 7.65625, 6.4375, 6.51171875, 0.0198822021484375, 0.266845703125, 6.609375, 4.75, 4.99609375, 0.8759765625, 1.6015625, 0.0012416839599609375, 0.00994873046875, 0.0032711029052734375, 0.017120361328125, 2.42578125, 0.077880859375, 0.1375732421875, 0.0002894401550292969, 0.004947662353515625, 0.0011043548583984375, 0.295166015625, 0.000690460205078125, 1.228515625, 2.830078125, 1.7255859375, 4.08984375, 1.5556640625, 1.369140625, 0.00016069412231445312, 0.365234375, 2.828125, 8.828125, 1.4404296875, 6.0, 3.001953125, 5.4296875, 0.386962890625, 10.640625, 1.3193359375, 3.955078125, 0.1826171875, 0.0040283203125, 0.0028095245361328125, 0.0228729248046875, 0.00925445556640625, 0.62939453125, 0.34619140625, 0.0005645751953125, 0.0005779266357421875, 0.001495361328125, 5.20703125, 0.75341796875, 4.41015625, 0.0662841796875, 7.2734375, 1.9541015625, 0.353759765625, 4.703125, 0.05645751953125, 7.98828125, 4.32421875, 2.798828125, 4.95703125, 6.1875, 0.59619140625, 4.00390625, 2.974609375, 2.255859375, 6.7421875, 10.78125, 4.4453125, 0.70654296875, 8.4296875, 0.0006937980651855469, 0.057769775390625, 6.2421875, 11.3828125]",-1.5069455434749655
196,0,test,3.5149510362318583,1.6477298990252487,2.2381091529519264,5.548883377422204,2.6011915821690725,3.533194786401637,33.61428200171764,27.14399065950942,30.028982967163067,53.06524293529583,42.850906602933414,47.405304571757426,3.6447490855078004,1.6354238928220877,2.276315811216407,5.7537892866724265,2.581764684735992,3.593509791864103,38.27316835405213,30.814885608983495,34.343978446296184,60.420001727464324,48.64597110182226,54.217179457355215,3.5149510362318583,1.6477298990252487,2.2381091529519264,5.548883377422204,2.6011915821690725,3.533194786401637,33.61428200171764,27.14399065950942,30.028982967163067,53.06524293529583,42.850906602933414,47.405304571757426,0.778894472361809,-0.0011055276381910506,-0.01110552763819106,0.6381909547738693,0.00819095477386933,0.01819095477386934,0.507537688442211,-0.0024623115577889765,-0.012462311557788985,0.41428571428571426,0.09699516170104405,0.16606718696979972,0.37275985663082434,0.42211055276381915,0.08877721943048578,0.1600070469207474,0.38888888888888884,0.41428571428571426,0.09699516170104405,0.16606718696979972,0.37275985663082434,26.0,0.0,-2.0,39.0,-2.0,0.0,47.0,0.0,-2.0,-0.0010911457156518036,-0.00033203027230814075,-0.00020970625159806488,0.0002526140072118821,-0.00017724280649034085,-2.6280809047207754e-05,"[3.0625, 9.453125, 2.48046875, 1.494140625, 1.81640625, 6.23046875, 0.10455322265625, 10.984375, 7.48046875, 1.736328125, 7.6328125, 10.2578125, 8.2734375, 3.19140625, 5.48046875, 3.361328125, 4.2734375, 3.451171875, 0.8603515625, 4.4296875, 0.0218048095703125, 8.9765625, 3.654296875, 9.65625, 2.791015625, 0.28564453125, 4.90234375, 1.361328125, 2.734375, 4.5546875, 4.66796875, 0.63134765625, 1.7900390625, 0.175537109375, 8.1796875, 7.58203125, 5.02734375, 1.9765625, 6.828125, 0.95849609375, 0.40576171875, 6.76171875, 10.5, 0.2276611328125, 6.24609375, 6.625, 3.232421875, 2.10546875, 1.298828125, 6.8515625, 0.14404296875, 0.0726318359375, 2.72265625, 9.40625, 4.80859375, 3.0703125, 7.765625, 9.6875, 1.8369140625, 2.845703125, 2.896484375, 0.9306640625, 4.53125, 2.599609375, 8.2578125, 0.1279296875, 4.2578125, 0.008544921875, 2.400390625, 3.15234375, 0.038818359375, 2.2890625, 9.515625, 1.7021484375, 2.08984375, 7.00390625, 2.833984375, 7.34375, 9.046875, 3.380859375, 8.1328125, 6.71484375, 1.20703125, 4.56640625, 6.9921875, 5.24609375, 0.8955078125, 7.51171875, 2.76953125, 1.3134765625, 1.4482421875, 7.64453125, 4.07421875, 5.78515625, 7.2578125, 1.0693359375, 2.25390625, 1.037109375, 0.91845703125, 1.6884765625, 3.720703125, 0.2744140625, 3.998046875, 3.84375, 10.671875, 1.162109375, 1.876953125, 0.677734375, 4.296875, 6.2734375, 6.9921875, 3.392578125, 8.3828125, 0.685546875, 5.86328125, 5.07421875, 8.1484375, 2.25, 2.302734375, 7.1015625, 0.7802734375, 6.43359375, 1.0556640625, 0.1751708984375, 5.33203125, 3.326171875, 0.09429931640625, 8.015625, 4.07421875, 7.39453125, 12.21875, 6.8046875, 0.0556640625, 0.337158203125, 2.60546875, 3.171875, 1.2412109375, 1.955078125, 1.958984375, 3.248046875, 0.254150390625, 1.32421875, 9.1953125, 4.21875, 0.47900390625, 3.9921875, 0.1790771484375, 0.673828125, 5.37890625, 3.73046875, 1.451171875, 2.255859375, 2.716796875, 3.4921875, 2.478515625, 1.1240234375, 7.84375, 3.98828125, 2.509765625, 2.130859375, 1.4501953125, 4.69140625, 5.67578125, 2.107421875, 4.671875, 3.08203125, 8.1875, 3.849609375, 0.036773681640625, 2.857421875, 1.9853515625, 1.5263671875, 4.4609375, 5.25390625, 6.921875, 2.3125, 8.921875, 0.408203125, 2.546875, 5.51953125, 3.109375, 0.62548828125, 0.92041015625, 2.484375, 0.0038299560546875, 0.055877685546875, 0.0005235671997070312, 0.00397491455078125, 0.002620697021484375, 1.017578125, 0.00218963623046875, 0.01433563232421875, 4.51953125, 4.265625, 0.0290069580078125, 4.046875, 4.48828125, 0.58203125, 0.4345703125, 2.974609375, 10.203125, 11.0859375, 9.9375, 1.5546875, 0.370849609375, 8.9921875, 4.8828125, 8.515625, 5.234375, 7.78515625, 10.3671875, 0.0023479461669921875, 0.003459930419921875, 3.53515625, 3.234375, 1.458984375, 5.4453125, 4.05859375, 6.8125, 0.69677734375, 1.5634765625, 5.73828125, 6.16015625, 7.1953125, 7.140625, 0.248779296875, 2.48046875, 3.46875, 5.42578125, 1.7451171875, 5.96484375, 6.1875, 10.625, 5.30859375, 0.001277923583984375, 0.9951171875, 0.6923828125, 0.0186004638671875, 0.544921875, 1.421875, 0.80859375, 0.002796173095703125, 0.03082275390625, 0.00412750244140625, 0.03326416015625, 3.15625, 0.194580078125, 0.00022923946380615234, 0.00250244140625, 0.00173187255859375, 0.470458984375, 0.0006694793701171875, 2.52734375, 0.00666046142578125, 0.0062713623046875, 8.140625, 0.56591796875, 4.86328125, 2.16796875, 0.28515625, 1.3857421875, 6.73828125, 1.1611328125, 0.033843994140625, 5.4140625, 2.3125, 0.00067901611328125, 0.0024662017822265625, 8.25, 1.8505859375, 0.0231170654296875, 5.92578125, 2.662109375, 1.87890625, 0.331787109375, 0.80029296875, 3.779296875, 0.00048828125, 0.024688720703125, 6.14453125]",-1.3773476621934346
403,0,test,3.869110107421875,1.777983865828645,2.43962472761181,7.163899183273316,3.2920482515733513,4.5171176597187435,47.89974148463737,39.805715623136486,43.72319218245017,88.68936509264888,73.70277033346366,80.95622302531791,3.812447341842268,1.7067046118473819,2.3949319668609657,7.058984531379825,3.1600702578736684,4.434366219891007,45.261072748797936,37.047871813349886,41.134218742097396,83.80370501144618,68.59645015440566,76.16257688966472,3.869110107421875,1.777983865828645,2.43962472761181,7.163899183273316,3.2920482515733513,4.5171176597187435,47.89974148463737,39.805715623136486,43.72319218245017,88.68936509264888,73.70277033346366,80.95622302531791,0.7537688442211055,-0.0012311557788945438,0.008768844221105465,0.6030150753768844,-0.011984924623115623,-0.016984924623115627,0.5175879396984925,0.0025879396984924696,0.012587939698492479,0.44067796610169496,0.11298240584799513,0.18574838863690624,0.41276595744680855,0.44221105527638194,0.12391531592801097,0.1917936930059312,0.4040404040404041,0.44067796610169496,0.11298240584799513,0.18574838863690624,0.41276595744680855,24.0,9.0,7.0,38.0,7.0,9.0,45.0,8.0,10.0,-0.000414992017403363,7.348986896829737e-05,-2.3417077402673128e-05,-5.230255464905298e-05,3.5372386360421615e-05,6.165916468603427e-05,"[3.0625, 9.453125, 2.48046875, 5.4921875, 0.79443359375, 0.078125, 6.32421875, 0.03277587890625, 8.7890625, 12.78125, 8.3984375, 2.88671875, 6.66796875, 0.491943359375, 3.669921875, 0.14013671875, 0.646484375, 7.7265625, 6.6484375, 4.05859375, 4.3125, 0.007965087890625, 0.50927734375, 5.60546875, 7.76171875, 3.517578125, 9.6484375, 8.40625, 9.3984375, 5.08984375, 2.73046875, 0.787109375, 7.65625, 9.7109375, 0.7392578125, 4.515625, 1.6884765625, 4.58984375, 3.880859375, 2.39453125, 1.8984375, 9.4453125, 2.8203125, 0.71142578125, 1.447265625, 7.6953125, 1.6689453125, 2.728515625, 6.3203125, 0.096923828125, 0.92138671875, 4.31640625, 4.546875, 0.0166168212890625, 1.7646484375, 0.185546875, 0.3564453125, 8.5546875, 3.912109375, 2.53515625, 3.107421875, 7.19921875, 4.75390625, 6.03515625, 2.06640625, 5.984375, 2.001953125, 0.388427734375, 7.62890625, 6.078125, 3.109375, 13.0078125, 10.8046875, 4.71875, 1.2275390625, 0.83056640625, 3.021484375, 4.0390625, 7.390625, 7.00390625, 8.5, 1.12109375, 6.0234375, 2.638671875, 0.435546875, 5.22265625, 3.560546875, 2.1484375, 0.8876953125, 5.35546875, 0.6328125, 0.66748046875, 8.5390625, 0.87109375, 4.33203125, 2.03125, 5.6015625, 1.7763671875, 5.99609375, 0.00640869140625, 0.3203125, 0.66357421875, 3.2734375, 3.25390625, 1.3671875, 1.42578125, 5.44140625, 1.7998046875, 8.6953125, 0.58935546875, 8.203125, 0.73583984375, 4.328125, 8.828125, 0.525390625, 6.48046875, 1.33203125, 1.7451171875, 1.1796875, 0.2203369140625, 5.12890625, 2.470703125, 1.234375, 0.0751953125, 6.3515625, 0.339111328125, 0.5537109375, 2.796875, 5.9609375, 0.30908203125, 0.396240234375, 9.03125, 7.2109375, 7.95703125, 2.7109375, 4.99609375, 10.0859375, 1.64453125, 0.140869140625, 0.1689453125, 1.951171875, 8.375, 2.63671875, 5.0859375, 3.953125, 0.49853515625, 0.81201171875, 10.9609375, 1.1962890625, 8.5703125, 2.205078125, 0.0543212890625, 0.8642578125, 0.90185546875, 6.98046875, 3.2890625, 4.33203125, 1.623046875, 1.859375, 3.333984375, 3.451171875, 0.442626953125, 2.416015625, 1.0947265625, 0.218017578125, 5.74609375, 4.15234375, 3.103515625, 0.472900390625, 3.24609375, 1.1201171875, 1.4482421875, 7.4609375, 5.6875, 6.51953125, 6.8359375, 2.275390625, 5.7578125, 1.4697265625, 4.7421875, 8.84375, 5.22265625, 1.1328125, 9.734375, 0.0985107421875, 1.0654296875, 8.171875, 1.9306640625, 11.546875, 1.9296875, 5.828125, 7.76953125, 6.24609375, 0.0269317626953125, 0.299072265625, 2.943359375, 8.1640625, 0.0712890625, 0.56591796875, 5.7265625, 7.3359375, 0.05828857421875, 0.7197265625, 7.35546875, 2.970703125, 1.3564453125, 7.265625, 4.1796875, 7.9609375, 3.3828125, 2.376953125, 7.12109375, 3.283203125, 7.61328125, 2.669921875, 7.42578125, 4.953125, 0.45703125, 0.63427734375, 2.609375, 4.45703125, 4.4375, 1.0712890625, 6.5625, 1.1064453125, 12.1875, 1.623046875, 0.05950927734375, 2.49609375, 1.931640625, 1.5810546875, 7.28515625, 7.06640625, 2.892578125, 1.0126953125, 8.9140625]",-0.6419148445129395
210,0,test,3.4794972329899885,1.5103036871392264,2.071853195013346,5.788009820262192,2.5123320949527517,3.446448103243354,32.443406500260174,25.278510502556813,28.357089653075086,53.968358889855864,42.049829970599305,47.17092798059605,3.576674714160325,1.5329682806442264,2.1521408777287103,5.949660822593617,2.5500337745331842,3.5800035754525656,35.75444918630981,28.035282364965227,31.59852913370395,59.47615105030382,46.6356139340287,52.562937885872905,3.479864268398604,1.5197251782872647,2.076118873075543,5.788620369547678,2.5280043831124694,3.4535438946352786,32.455316564795865,25.355001984772123,28.38489979227331,53.98817082413158,42.17707060928439,47.21718907753156,0.6884422110552764,0.008442211055276427,0.008442211055276427,0.6281407035175879,0.003140703517587884,0.003140703517587884,0.5226130653266332,0.0026130653266331905,0.017613065326633204,0.4347826086956522,0.10048449002705595,0.17671809256661997,0.45058139534883723,0.4522613065326633,0.11642170753516956,0.19683559701680353,0.48484848484848486,0.4481605351170569,0.11760961692006189,0.19677010130170647,0.46308724832214765,15.0,0.0,0.0,29.0,0.0,0.0,36.0,0.0,0.0,0.0004084764785399223,-0.00023746126543254973,-0.00011354865477885645,0.004350144589738925,0.0053190294901757085,0.004032689470869322,"[3.056640625, 6.44140625, 0.03302001953125, 0.005214691162109375, 0.009490966796875, 0.62646484375, 3.7578125, 5.14453125, 5.3984375, 5.94140625, 9.578125, 1.365234375, 2.794921875, 3.9453125, 0.173095703125, 8.578125, 5.2265625, 3.990234375, 3.17578125, 0.06573486328125, 8.1015625, 6.5078125, 0.487060546875, 0.92529296875, 3.00390625, 0.10015869140625, 3.92578125, 4.45703125, 2.080078125, 6.18359375, 0.0078887939453125, 0.31494140625, 2.763671875, 0.03826904296875, 5.58984375, 6.48828125, 7.66796875, 0.60546875, 2.326171875, 0.01474761962890625, 4.8203125, 0.58837890625, 0.87744140625, 0.00771331787109375, 0.276611328125, 3.12890625, 0.00443267822265625, 3.978515625, 6.64453125, 6.1875, 6.2890625, 5.05078125, 2.517578125, 0.01503753662109375, 6.76171875, 2.56640625, 0.55029296875, 0.325927734375, 2.732421875, 3.177734375, 6.453125, 5.34765625, 0.01007843017578125, 1.517578125, 0.0006537437438964844, 0.308349609375, 6.4765625, 0.10101318359375, 3.396484375, 7.90625, 2.173828125, 0.11395263671875, 10.3515625, 2.41796875, 1.5234375, 2.93359375, 6.91015625, 3.798828125, 4.0390625, 12.34375, 8.9609375, 3.46875, 7.16796875, 7.52734375, 2.34765625, 0.02996826171875, 0.00032448768615722656, 0.0010271072387695312, 2.2292137145996094e-05, 0.6142578125, 0.1470947265625, 0.00518798828125, 0.0002493858337402344, 0.00019252300262451172, 2.685546875, 0.426025390625, 0.05328369140625, 2.58203125, 3.08203125, 6.04296875, 7.68359375, 7.6328125, 2.21875, 2.171875, 3.4765625, 1.5087890625, 3.9921875, 0.0005135536193847656, 1.4287109375, 5.86328125, 6.3671875, 0.99462890625, 9.375, 3.60546875, 4.63671875, 3.85546875, 1.4990234375, 0.08087158203125, 0.62353515625, 6.41015625, 4.25, 2.34765625, 5.71875, 2.8828125, 2.400390625, 7.43359375, 3.587890625, 0.01291656494140625, 4.2734375, 6.8984375, 0.359375, 3.09375, 3.974609375, 2.37109375, 2.326171875, 4.453125, 2.76953125, 0.697265625, 10.0, 13.21875, 4.6171875, 6.28515625, 3.98046875, 0.01122283935546875, 6.9921875, 0.01163482666015625, 6.03515625, 0.908203125, 1.99609375, 5.23046875, 14.0078125, 5.171875, 7.3984375, 4.5, 1.8642578125, 9.203125, 0.00862884521484375, 3.060546875, 0.027008056640625, 6.39453125, 4.96875, 0.29296875, 7.10546875, 5.85546875, 0.062042236328125, 4.19140625, 0.004940032958984375, 6.15234375, 0.04571533203125, 0.0755615234375, 7.46484375, 0.71435546875, 3.919921875, 0.673828125, 2.939453125, 0.105712890625, 13.1171875, 6.26171875, 0.162353515625, 7.05078125, 17.34375, 3.6953125, 6.1015625, 6.55078125, 0.9326171875, 1.341796875, 3.060546875, 0.0027713775634765625, 1.3251953125, 0.0195770263671875, 7.26953125, 2.67578125, 8.0390625, 6.35546875, 9.84375, 5.34765625, 1.6357421875, 0.0235137939453125, 3.673828125, 2.84765625, 3.39453125, 5.2265625, 0.552734375, 2.1171875, 2.140625, 6.2578125, 0.0096588134765625, 8.3671875, 3.736328125, 3.203125, 0.06622314453125, 0.7802734375, 0.255126953125, 11.3125, 8.0625, 10.2265625, 4.421875, 8.40625, 0.00376129150390625, 0.1414794921875, 0.0185699462890625, 1.767578125, 3.83984375, 7.46875, 1.1865234375, 2.447265625, 1.2802734375, 0.0078582763671875, 8.2265625, 7.5234375, 3.6171875, 4.6171875, 1.48828125, 0.00044536590576171875, 6.27734375, 1.98828125, 2.732421875, 4.78125, 0.86962890625, 1.841796875, 6.1640625, 5.68359375, 3.529296875, 0.0005588531494140625, 4.078125, 2.736328125, 0.1309814453125, 7.6953125, 5.9765625, 1.958984375, 0.2088623046875, 1.7919921875, 2.140625, 0.00811767578125, 5.765625, 4.71875, 8.65625, 4.15234375, 4.88671875, 2.408203125, 4.16796875, 2.638671875, 8.0390625, 4.62890625, 0.490966796875, 8.2109375, 5.28125, 4.22265625, 0.75439453125, 2.02734375, 1.2158203125, 0.8544921875, 2.072265625, 7.23046875, 0.96337890625, 2.048828125, 2.09765625, 3.103515625, 1.7744140625, 1.9443359375, 3.853515625, 1.5771484375, 0.2486572265625, 4.0703125, 5.578125, 0.379150390625, 0.051849365234375, 3.28125, 0.3408203125, 0.1697998046875, 1.0419921875, 7.59765625, 8.3984375, 1.248046875, 0.853515625, 0.0007348060607910156, 6.04296875, 0.68310546875, 0.0192413330078125, 0.0073699951171875, 0.00027441978454589844, 6.44140625, 2.50390625, 0.13818359375, 0.69775390625, 1.435546875, 0.12158203125, 0.51953125, 0.2496337890625, 3.908203125, 0.217041015625, 0.7919921875, 6.9140625, 7.39453125, 2.005859375, 1.03515625, 2.419921875, 2.8515625, 0.01551055908203125, 6.8984375, 6.65625, 2.28125, 7.98828125, 5.96875, 3.248046875, 2.419921875, 12.0859375, 6.48828125, 2.642578125, 7.00390625, 3.90625, 3.130859375, 1.09765625, 6.0078125, 2.61328125, 7.515625, 3.587890625, 1.7900390625, 5.1875, 9.2578125, 8.3828125, 0.254150390625, 2.107421875, 1.041015625, 4.5234375]",-1.1279780477717303
392,0,test,3.3082461106575143,1.364033594710337,1.9352323202000479,6.120255304716401,2.5234621502141232,3.580179792370088,27.337137087654792,20.349010438263655,23.389908179580377,50.57370361216136,37.64566931078775,43.271330132223696,3.4995673912853453,1.4642510506787323,2.068498314925576,6.474199673877888,2.708864443755654,3.826721882612315,33.101129023921835,25.446455797437775,28.91796009465837,61.23708869425539,47.07594322525988,53.49822617511798,3.3082461106575143,1.364033594710337,1.9352323202000479,6.120255304716401,2.5234621502141232,3.580179792370088,27.337137087654792,20.349010438263655,23.389908179580377,50.57370361216136,37.64566931078775,43.271330132223696,0.7135678391959799,-0.006432160804020093,0.023567839195979934,0.592964824120603,-0.007035175879396949,-0.0020351758793969443,0.49246231155778897,-0.012537688442211037,-0.022537688442211046,0.423728813559322,0.10393185924460124,0.17006477748265914,0.3605442176870748,0.42713567839195976,0.09630861072278685,0.17004051979429702,0.3737373737373737,0.423728813559322,0.10393185924460124,0.17006477748265914,0.3605442176870748,24.0,15.0,15.0,38.0,20.0,20.0,45.0,22.0,22.0,-0.000972876311208807,-0.0004795337929205991,-7.361519687283433e-06,0.005032091876683076,0.004124313201983476,0.004214488031250241,"[3.0625, 9.453125, 2.48046875, 1.494140625, 9.8203125, 1.41796875, 0.64208984375, 10.8828125, 0.022705078125, 8.2109375, 1.1943359375, 9.0625, 9.2890625, 4.04296875, 4.86328125, 4.6953125, 2.333984375, 6.8828125, 0.0413818359375, 0.9111328125, 6.97265625, 4.87109375, 5.80859375, 4.953125, 6.03515625, 0.4658203125, 8.453125, 4.96484375, 2.041015625, 0.259765625, 4.8828125, 1.537109375, 8.2890625, 3.1640625, 3.65234375, 4.5, 0.7646484375, 3.583984375, 3.822265625, 6.90234375, 4.16015625, 1.8916015625, 6.59375, 0.56494140625, 9.1796875, 4.36328125, 5.87890625, 2.50390625, 2.80859375, 0.484130859375, 1.2763671875, 3.4921875, 1.890625, 6.41796875, 4.03125, 2.91015625, 3.185546875, 4.078125, 3.33984375, 12.0546875, 3.38671875, 3.45703125, 8.03125, 0.8837890625, 6.77734375, 0.338134765625, 0.04205322265625, 0.08282470703125, 0.16455078125, 2.3828125, 8.1640625, 2.00390625, 5.5234375, 1.9599609375, 2.162109375, 6.1796875, 7.15625, 0.765625, 0.57666015625, 11.9296875, 0.41015625, 12.0, 0.07415771484375, 8.296875, 1.349609375, 8.8828125, 0.4228515625, 7.07421875, 3.462890625, 6.56640625, 2.203125, 0.912109375, 5.27734375, 2.48828125, 5.984375, 0.0279998779296875, 4.97265625, 3.19921875, 1.166015625, 3.291015625, 0.8076171875, 9.46875, 2.6328125, 5.8515625, 0.578125, 0.04083251953125, 0.55517578125, 2.0234375, 4.08203125, 0.10992431640625, 1.81640625, 2.623046875, 4.0625, 8.859375, 4.81640625, 8.9140625, 6.8828125, 0.010345458984375, 3.4609375, 1.2998046875, 4.15234375, 0.0164337158203125, 4.91796875, 5.0703125, 3.779296875, 0.2083740234375, 0.015380859375, 0.5888671875, 1.0068359375, 7.33203125, 0.57373046875, 2.701171875, 3.787109375, 9.4375, 4.98046875, 0.364990234375, 9.046875, 0.06317138671875, 4.85546875, 1.4462890625, 3.939453125, 4.11328125, 0.51708984375, 4.25390625, 1.9306640625, 0.0092315673828125, 0.375, 4.26953125, 0.1075439453125, 0.003360748291015625, 0.74755859375, 0.98583984375, 4.11328125, 0.259765625, 0.01335906982421875, 1.0634765625, 3.166015625, 8.4765625, 1.4951171875, 4.37109375, 0.222900390625, 0.1468505859375, 3.482421875, 6.6171875, 1.0576171875, 7.9765625, 5.50390625, 3.171875, 7.43359375, 4.75390625, 0.0478515625, 0.8857421875, 2.376953125, 7.28125, 5.140625, 8.1015625, 2.66015625, 1.0185546875, 8.7421875, 0.82373046875, 8.203125, 0.213134765625, 0.0338134765625, 0.022552490234375, 3.064453125, 4.984375, 0.0208892822265625, 0.263916015625, 1.5322265625, 2.021484375, 0.029541015625, 0.001338958740234375, 0.74072265625, 1.0986328125, 2.99609375, 4.8984375, 0.87060546875, 4.3046875, 0.225830078125, 0.0022983551025390625, 0.74560546875, 2.875, 0.003383636474609375, 0.3623046875, 0.0012798309326171875, 0.0024242401123046875, 0.0172271728515625, 8.3671875, 8.234375, 8.125, 0.93798828125, 5.87890625, 0.01206207275390625, 0.74365234375, 0.060791015625, 3.171875, 0.002017974853515625, 0.028045654296875, 0.00431060791015625, 0.0272369384765625, 6.265625, 1.0361328125, 0.00040602684020996094, 0.0054779052734375, 0.0004718303680419922, 0.221923828125, 0.0010747909545898438, 0.474853515625, 7.57421875, 5.19921875, 0.2142333984375, 0.0238800048828125, 0.11407470703125, 0.0411376953125, 2.6953125, 10.8203125, 8.8125, 3.689453125, 3.09765625, 0.00615692138671875, 0.88427734375, 0.004192352294921875, 0.0017652511596679688, 0.015960693359375, 0.000530242919921875, 3.77734375, 7.4375, 0.81005859375, 9.75, 2.771484375, 4.95703125, 7.7578125, 4.08203125, 7.359375, 0.751953125, 7.27734375, 2.42578125, 0.0062255859375, 1.732421875, 3.181640625, 1.4140625, 0.242431640625, 0.0014286041259765625, 0.9287109375, 0.390869140625, 0.001739501953125, 0.0004634857177734375, 0.00037407875061035156, 4.4375, 0.80029296875, 3.044921875, 0.1077880859375, 5.984375, 6.38671875, 1.8642578125, 1.0810546875, 1.8642578125, 11.7890625, 5.828125, 8.8671875, 5.27734375, 8.5390625, 2.759765625, 1.46484375, 2.94921875, 2.703125, 6.65234375, 0.481201171875, 0.71826171875, 1.68359375, 9.0625, 3.57421875, 6.94140625, 5.8046875, 9.1171875]",-1.1919603598319877
87,0,test,2.787628415449342,1.2390968513607563,1.7196606626167,5.321836065857834,2.3655485344159892,3.2829885377227908,16.242453736176195,11.53789696840155,13.33299299170569,31.008320769063644,22.026894212402958,25.45389571143814,3.319617743468165,1.402841031091195,1.9593641763775493,6.3374520557119505,2.6781510593559172,3.7406043367207755,27.649779229451426,20.850771275754603,23.752597855990263,52.78594216531636,39.80601789007697,45.34586863416323,2.9386424619617273,1.3204434478552698,1.820297510967518,5.610135609199661,2.5208465822691513,3.4751134300288977,18.890184753572044,13.846186791328543,15.830398838891165,36.063079984092084,26.433629328899947,30.22167051061041,0.7487437185929648,-0.0012562814070351536,0.018743718592964864,0.5527638190954773,-0.012236180904522609,-0.0022361809045226,0.4773869346733668,-0.0126130653266332,-0.0126130653266332,0.4149253731343283,0.13176590964699597,0.18553113281655276,0.3652694610778443,0.44723618090452266,0.13144670722031215,0.17511598057063282,0.43939393939393945,0.4247491638795987,0.12925667640046679,0.1833698535347711,0.3691275167785235,24.0,2.0,2.0,37.0,5.0,5.0,43.0,3.0,4.0,-0.0011162266541679174,-0.0003285774230299889,-0.0007579137020195657,0.001972890802895755,0.0035321298498676157,0.004007992492741863,"[3.056640625, 9.4453125, 2.4296875, 1.0791015625, 0.80224609375, 3.9921875, 0.60205078125, 5.3828125, 0.19775390625, 7.50390625, 1.4150390625, 3.60546875, 9.46875, 3.064453125, 1.3837890625, 6.94140625, 1.8447265625, 4.4296875, 3.365234375, 1.8642578125, 3.26953125, 1.3720703125, 0.07989501953125, 1.8857421875, 1.998046875, 5.84375, 0.521484375, 0.666015625, 0.72998046875, 3.634765625, 4.23046875, 2.7734375, 9.09375, 8.203125, 1.56640625, 2.591796875, 5.34765625, 2.23046875, 6.58984375, 10.609375, 5.24609375, 1.154296875, 1.43359375, 4.36328125, 0.382080078125, 6.65234375, 0.0285491943359375, 7.88671875, 0.7490234375, 8.453125, 0.1319580078125, 5.921875, 1.0478515625, 0.5478515625, 1.8505859375, 1.6328125, 0.315673828125, 5.0, 5.59765625, 2.21484375, 4.8671875, 0.2017822265625, 6.734375, 6.015625, 1.609375, 3.462890625, 5.140625, 0.90283203125, 0.392578125, 1.435546875, 3.91015625, 1.6513671875, 5.2734375, 7.33984375, 1.0537109375, 0.327392578125, 9.0, 4.59375, 3.7890625, 2.828125, 1.51953125, 1.154296875, 4.703125, 3.36328125, 4.23046875, 1.5712890625, 1.4814453125, 3.91796875, 5.0234375, 5.51953125, 3.1953125, 7.3671875, 3.822265625, 3.50390625, 1.171875, 8.5546875, 4.6484375, 0.6279296875, 1.70703125, 4.59375, 5.85546875, 1.546875, 0.94970703125, 4.234375, 2.466796875, 7.31640625, 2.572265625, 0.9912109375, 9.4296875, 2.318359375, 2.578125, 0.018280029296875, 3.255859375, 2.80078125, 4.3359375, 8.15625, 3.2421875, 6.66015625, 0.0908203125, 0.8662109375, 5.50390625, 8.9375, 4.9140625, 3.45703125, 0.671875, 2.66015625, 1.556640625, 5.04296875, 0.302490234375, 0.83984375, 7.82421875, 0.1837158203125, 0.0017518997192382812, 2.125, 1.474609375, 6.546875, 0.64013671875, 1.623046875, 3.677734375, 0.0036163330078125, 7.7578125, 3.8359375, 1.087890625, 1.2421875, 5.87890625, 8.9140625, 2.822265625, 5.80859375, 0.01271820068359375, 1.2822265625, 4.53515625, 0.6201171875, 0.328857421875, 5.11328125, 3.478515625, 1.6708984375, 5.11328125, 1.345703125, 0.1796875, 3.767578125, 3.734375, 0.5068359375, 0.15576171875, 3.765625, 8.9765625, 7.44921875, 9.3515625, 12.9296875, 6.71484375, 0.779296875, 1.2607421875, 4.75, 1.654296875, 0.56689453125, 0.1512451171875, 1.1396484375, 5.64453125, 0.215576171875, 0.056854248046875, 0.006008148193359375, 0.0056304931640625, 0.00833892822265625, 0.005992889404296875, 4.49609375, 11.078125, 3.607421875, 3.220703125, 0.01123809814453125, 4.7578125, 4.04296875, 6.5234375, 0.004108428955078125, 0.322021484375, 0.0008649826049804688, 0.00380706787109375, 0.0019102096557617188, 5.578125, 5.75, 0.955078125, 6.04296875, 5.2578125, 0.51416015625, 0.321044921875, 0.50048828125, 9.953125, 2.869140625, 1.08984375, 1.0146484375, 8.3515625, 4.69140625, 1.77734375, 0.49755859375, 2.2109375, 6.0625, 0.83740234375, 0.61279296875, 3.708984375, 3.0703125, 5.21484375, 8.09375, 1.3203125, 0.501953125, 0.177734375, 0.0029125213623046875, 0.595703125, 6.765625, 0.018951416015625, 0.2705078125, 2.587890625, 1.294921875, 0.004119873046875, 0.4072265625, 0.005184173583984375, 0.000946044921875, 2.765625, 0.0019626617431640625, 2.462890625, 0.00677490234375, 0.031280517578125, 4.19921875, 0.00732421875, 1.2568359375, 0.28125, 2.064453125, 0.0011844635009765625, 0.0069732666015625, 5.1484375, 6.66015625, 4.31640625, 4.671875, 3.546875, 7.84765625, 4.30859375, 1.1884765625, 0.0002130270004272461, 0.0076904296875, 4.73046875, 2.21875, 0.445068359375, 0.0190582275390625, 0.1912841796875, 0.061737060546875, 2.125, 0.1329345703125, 1.0654296875, 0.00017595291137695312, 0.016845703125, 4.58984375, 6.19140625, 5.58984375, 4.51171875, 1.162109375, 1.8369140625, 0.2227783203125, 3.462890625, 2.30859375, 0.004352569580078125, 1.349609375, 3.341796875, 1.697265625, 0.2425537109375, 0.1416015625, 2.41796875, 0.005535125732421875, 0.27880859375, 1.984375, 0.009979248046875, 0.10223388671875, 8.2578125, 0.043609619140625, 0.028106689453125, 0.00011992454528808594, 0.0560302734375, 0.0005269050598144531, 3.306640625, 0.0009379386901855469, 0.0200042724609375, 10.1875, 2.81640625, 1.4560546875, 0.0028629302978515625, 0.03363037109375, 3.001953125, 3.802734375, 8.6328125, 0.0172271728515625, 0.07928466796875, 0.79052734375, 0.00728607177734375, 0.052276611328125, 6.484375, 0.02447509765625, 0.006832122802734375, 7.06640625, 0.013336181640625, 0.0003616809844970703, 2.574920654296875e-05, 0.313720703125, 0.00665283203125, 0.04364013671875, 6.5859375, 0.01251220703125, 0.2080078125, 0.0036106109619140625, 0.019287109375, 8.296875, 2.01171875, 0.001399993896484375, 0.00872802734375, 1.185546875, 1.1455078125, 0.3095703125, 0.0162353515625, 7.01953125, 0.0085601806640625]",-1.5611889330308828
252,0,test,3.223127836495443,1.4367119307141218,1.9828407448152479,5.527934334101123,2.4640813560292485,3.400738037197101,25.106526606368988,19.1385024784132,21.64992092130833,43.05979702880044,32.82413553560253,37.13142861922713,3.2638151376091655,1.3587148362155754,1.9247527915662714,5.597716465061529,2.330309802894869,3.3011123296695266,26.149109531780407,19.429027904395316,22.33364528935197,44.847914113165274,33.322410986867936,38.304073205760076,3.2155876646073764,1.400019612138782,1.9514062881756218,5.515002307455109,2.4011509548972407,3.3468253098877985,24.917930995443253,18.773365373515947,21.37773753168428,42.73633975196133,32.19789480262232,36.66461129735795,0.6733668341708543,-0.001633165829145744,-0.0066331658291456375,0.5527638190954773,-0.0022361809045226,-0.017236180904522724,0.4371859296482412,-0.002814070351758735,-0.002814070351758735,0.4019607843137255,0.07243386751111536,0.14435208866155158,0.41639344262295086,0.3919597989949749,0.07366405964660394,0.14988968213353915,0.4191919191919192,0.4046822742474916,0.08080915237770858,0.15106714632758056,0.41946308724832215,21.0,2.0,2.0,31.0,3.0,3.0,37.0,2.0,1.0,1.0655905242831242e-05,0.00010957518244129644,-2.1287924672610156e-05,-0.00047939258751661384,-7.653115519623555e-05,6.483767214060521e-05,"[3.0625, 9.453125, 0.020538330078125, 0.97509765625, 0.0219268798828125, 0.06610107421875, 3.556640625, 0.00811004638671875, 1.8564453125, 0.62939453125, 0.023101806640625, 0.0006146430969238281, 9.765625, 1.5703125, 0.301025390625, 2.37109375, 2.203125, 0.0036411285400390625, 0.0009312629699707031, 11.1484375, 10.5078125, 13.8828125, 3.07421875, 7.31640625, 0.576171875, 0.0027599334716796875, 0.006561279296875, 5.90625, 0.179443359375, 0.1907958984375, 3.53125, 5.84375, 3.330078125, 1.5634765625, 1.265625, 0.0008897781372070312, 0.026611328125, 0.0038909912109375, 7.515625, 5.0078125, 8.21875, 0.1270751953125, 0.93603515625, 0.0004277229309082031, 0.73974609375, 12.984375, 3.259765625, 2.478515625, 0.1922607421875, 6.10546875, 0.3408203125, 9.171875, 1.88671875, 0.176513671875, 7.73046875, 3.75, 3.650390625, 2.021484375, 1.2080078125, 0.007232666015625, 0.001216888427734375, 0.01055145263671875, 0.001293182373046875, 14.375, 2.17578125, 1.005859375, 3.189453125, 0.0149078369140625, 0.007080078125, 10.9765625, 8.5078125, 3.68359375, 6.81640625, 0.5517578125, 0.2081298828125, 2.8671875, 4.5625, 2.287109375, 0.24658203125, 9.703125, 0.001682281494140625, 4.93359375, 1.1025390625, 3.205078125, 4.92578125, 0.765625, 3.501953125, 2.310546875, 5.75390625, 0.2174072265625, 8.7421875, 0.2021484375, 0.28271484375, 0.90771484375, 1.9130859375, 5.62109375, 0.71337890625, 1.97265625, 4.6328125, 1.240234375, 6.03515625, 0.212890625, 2.134765625, 3.986328125, 14.015625, 5.90625, 2.67578125, 0.0001442432403564453, 1.25, 2.87109375, 2.3671875, 3.685546875, 6.01171875, 10.046875, 0.74365234375, 5.953125, 0.1895751953125, 0.0147247314453125, 6.79296875, 1.0302734375, 3.390625, 1.3125, 7.421875, 4.20703125, 2.275390625, 3.974609375, 3.75390625, 0.01447296142578125, 3.138671875, 5.5625, 1.388671875, 2.35546875, 8.265625, 11.484375, 5.453125, 7.69140625, 0.4140625, 1.080078125, 1.8564453125, 3.931640625, 0.9052734375, 1.2919921875, 6.41015625, 1.9990234375, 0.8388671875, 5.29296875, 2.55859375, 3.6015625, 1.7373046875, 2.91796875, 8.15625, 1.3603515625, 0.361083984375, 1.119140625, 0.97119140625, 3.869140625, 0.265380859375, 0.0005726814270019531, 2.9453125, 1.0380859375, 0.1907958984375, 0.3115234375, 4.046875, 6.25, 2.822265625, 8.1953125, 2.08984375, 9.5234375, 1.4501953125, 0.64697265625, 0.0188140869140625, 2.88671875, 2.947265625, 2.513671875, 7.49609375, 10.3046875, 0.2384033203125, 4.1171875, 6.11328125, 4.3515625, 3.541015625, 2.26953125, 3.15625, 1.9912109375, 3.689453125, 1.9345703125, 5.98828125, 6.32421875, 5.65625, 3.884765625, 2.970703125, 4.28515625, 11.5390625, 0.0230560302734375, 0.362548828125, 0.00011539459228515625, 1.0048828125, 1.86328125, 1.2763671875, 3.90625, 3.744140625, 3.74609375, 7.59765625, 1.056640625, 8.453125, 0.5712890625, 1.46875, 4.703125, 5.7421875, 2.51953125, 2.435546875, 3.111328125, 5.359375, 0.5302734375, 9.5078125, 2.390625, 1.8076171875, 1.8427734375, 1.2890625, 0.86865234375, 5.69921875, 0.07745361328125, 4.27734375, 2.671875, 3.275390625, 6.49609375, 7.6953125, 0.27685546875, 0.52587890625, 5.37890625, 7.80078125, 1.31640625, 0.233154296875, 2.10546875, 5.8046875, 0.005329132080078125, 10.4921875, 0.77734375, 0.269287109375, 7.73828125, 2.185546875, 3.173828125, 0.0015821456909179688, 3.306640625, 1.1962890625, 6.265625, 0.105712890625, 0.2083740234375, 0.1744384765625, 3.865234375, 1.3466796875, 4.28515625, 4.78125, 2.58203125, 2.98046875, 1.029296875, 1.7421875, 0.0078582763671875, 5.5078125, 6.75, 8.90625, 5.72265625, 0.210205078125, 1.384765625, 5.34375, 0.357421875, 4.91015625, 0.0004940032958984375, 0.0433349609375, 0.00025844573974609375, 1.078125, 0.5751953125, 5.875, 4.12109375, 3.126953125, 4.91015625, 1.8212890625, 5.40234375, 3.029296875, 0.66845703125, 5.8984375, 3.228515625, 0.52001953125, 0.1788330078125, 0.321533203125, 0.016937255859375, 4.63671875, 9.5, 2.22265625, 4.25, 4.1328125, 3.43359375, 5.4765625, 1.794921875, 1.197265625, 1.814453125, 6.5234375, 3.314453125, 1.7412109375, 2.20703125, 2.052734375, 2.48046875, 2.62109375, 8.296875, 2.556640625, 4.6015625]",-1.6597614342870277
461,0,test,3.272996056776542,1.4765976647901466,2.046869231456259,5.779175894536865,2.607249590972316,3.6141862429713374,26.39028781780546,20.362389622498682,22.982283672471187,46.597708204010786,35.954162247726245,40.580146598820555,3.8444661878461215,1.7421342346062025,2.436971907551617,6.788228868825437,3.0761113056760943,4.302996111048284,46.73373065779119,38.54849539772856,42.64802572212525,82.51841584718558,68.0656290165607,75.30422827506686,3.2820130682310533,1.4772153344656407,2.040392607173418,5.795097360476545,2.608340219142188,3.60275037495192,26.629325428174834,20.5505836282234,23.16810773687318,47.01978032746299,36.286459092120175,40.90825880396464,0.7386934673366834,0.003693467336683409,-0.0013065326633165952,0.6331658291457287,-0.006834170854271293,0.013165829145728725,0.5276381909547738,0.0026381909547738003,0.007638190954773805,0.4155844155844156,0.11574649013871063,0.18772264452610032,0.3387622149837134,0.40703517587939697,0.07620810821022406,0.1649650590179612,0.38383838383838387,0.40802675585284276,0.10418702296469584,0.1822203042399395,0.3355704697986577,24.0,0.0,-1.0,36.0,0.0,1.0,43.0,-2.0,1.0,-0.002037167772260597,-0.00016460918038466727,-0.00021455402934785443,0.015534526862795772,0.011903955580121028,0.014416349140483398,"[3.056640625, 9.4453125, 2.4296875, 1.0791015625, 0.80224609375, 2.9921875, 0.638671875, 9.2109375, 5.5546875, 1.064453125, 9.4765625, 0.59130859375, 11.8359375, 9.1640625, 2.623046875, 0.1990966796875, 0.413818359375, 0.474609375, 0.198486328125, 6.30859375, 2.177734375, 8.4453125, 2.498046875, 10.6796875, 5.4140625, 5.96484375, 1.12109375, 8.828125, 0.8486328125, 6.98828125, 2.548828125, 0.1617431640625, 2.77734375, 3.53515625, 2.21484375, 3.86328125, 0.01849365234375, 7.6015625, 8.140625, 7.35546875, 0.79296875, 7.68359375, 4.32421875, 0.356689453125, 12.328125, 2.455078125, 0.01062774658203125, 0.00875091552734375, 11.2421875, 6.3984375, 4.8203125, 2.734375, 0.90625, 6.5234375, 3.498046875, 10.6484375, 10.6640625, 0.376220703125, 14.2734375, 3.95703125, 8.921875, 9.7421875, 4.375, 6.28515625, 0.82861328125, 6.953125, 0.276123046875, 0.027740478515625, 3.6796875, 6.328125, 3.91015625, 6.44140625, 0.254150390625, 5.234375, 2.828125, 3.341796875, 3.4765625, 3.8359375, 12.3359375, 0.0019388198852539062, 0.003131866455078125, 0.0162200927734375, 1.083984375, 0.9736328125, 2.54296875, 1.19140625, 1.5341796875, 6.36328125, 2.392578125, 2.96484375, 6.36328125, 0.98974609375, 3.578125, 0.5205078125, 5.0703125, 1.0361328125, 5.90625, 2.25390625, 8.8671875, 2.40234375, 3.359375, 6.40234375, 3.794921875, 1.578125, 3.037109375, 4.83984375, 0.6533203125, 4.5859375, 9.1171875, 0.1307373046875, 5.53515625, 3.26171875, 5.45703125, 1.1142578125, 0.00681304931640625, 3.091796875, 1.380859375, 0.0148468017578125, 0.2127685546875, 3.478515625, 9.453125, 0.12646484375, 9.0625, 5.19140625, 4.67578125, 2.212890625, 5.8359375, 0.01113128662109375, 5.37890625, 1.3525390625, 7.7578125, 6.9296875, 0.2308349609375, 7.5078125, 6.06640625, 3.34765625, 1.9072265625, 2.5, 3.404296875, 0.1507568359375, 5.796875, 6.8984375, 2.638671875, 1.3203125, 0.0015230178833007812, 3.162109375, 3.654296875, 9.0078125, 0.060150146484375, 9.2265625, 3.265625, 1.5205078125, 3.97265625, 3.376953125, 3.685546875, 0.5498046875, 13.0078125, 0.58544921875, 3.798828125, 5.7421875, 6.10546875, 3.71875, 1.2236328125, 0.0215606689453125, 3.244140625, 9.1640625, 0.7900390625, 5.69140625, 0.0684814453125, 10.7421875, 0.0007085800170898438, 0.0004210472106933594, 0.05792236328125, 6.70703125, 8.8515625, 1.8818359375, 0.75732421875, 0.141357421875, 4.5234375, 9.90625, 3.201171875, 0.84228515625, 0.007266998291015625, 1.9560546875, 7.12109375, 4.17578125, 0.0036182403564453125, 2.1328125, 0.005802154541015625, 1.9560546875, 0.0019350051879882812, 0.164306640625, 4.22265625, 5.43359375, 1.244140625, 6.19140625, 6.64453125, 4.578125, 0.485595703125, 0.34228515625, 0.0095062255859375, 0.0008554458618164062, 5.83203125, 6.3984375, 0.54052734375, 3.708984375, 0.98046875, 2.32421875, 1.9716796875, 0.0027217864990234375, 0.0177764892578125, 0.01186370849609375, 0.0174713134765625, 4.40234375, 0.48681640625, 0.00226593017578125, 0.015716552734375, 0.0005097389221191406, 0.27099609375, 0.002368927001953125, 2.4921875, 0.0021877288818359375, 0.158935546875, 3.134765625, 0.004802703857421875, 0.166015625, 0.048614501953125, 0.00688934326171875, 0.00013506412506103516, 0.001338958740234375, 0.2020263671875, 0.093017578125, 12.0234375, 0.154052734375, 3.1640625, 5.890625, 0.017242431640625, 0.0165863037109375, 2.966796875, 0.53125, 3.9609375, 0.006557464599609375, 7.7421875, 3.322265625, 2.96484375, 0.51806640625, 4.78515625, 1.615234375, 0.0209197998046875, 0.0236968994140625, 0.0027618408203125, 10.9375, 2.7890625, 0.322509765625, 1.4873046875, 2.04296875, 0.73779296875, 0.541015625, 9.390625, 3.03125, 6.18359375, 5.01953125, 1.123046875, 6.30078125, 2.353515625, 1.6416015625, 0.215087890625, 0.4814453125, 0.732421875, 0.323486328125, 0.04248046875, 0.31103515625, 0.0482177734375, 0.00010418891906738281, 0.00021839141845703125, 0.0014028549194335938, 0.0006818771362304688, 7.87109375, 3.78515625, 2.58984375, 5.0625, 2.67578125, 1.451171875, 0.423828125, 0.083251953125, 3.798828125, 1.892578125, 8.0, 7.00390625, 6.91015625, 4.09375, 7.4765625, 0.035614013671875, 1.8525390625, 4.80859375, 1.7216796875, 3.626953125, 3.736328125, 1.7255859375, 0.6103515625, 0.67919921875, 1.8212890625, 0.1260986328125, 0.1519775390625, 2.021484375, 4.33203125, 4.625, 6.3828125]",-1.6436461322493368
57,0,test,3.564180779457092,1.6722127521765209,2.277156910990259,6.191621738672256,2.9049336912810073,3.9558302748612837,35.310514453385764,28.67810584694255,31.688523475756202,61.340701390176555,49.81901720847072,55.0486529610893,3.986097958818752,1.8604851044587116,2.5447015966223283,6.92456760794796,3.231996559668659,4.420603414645198,53.844375942107554,45.46634551453702,49.617782388299474,93.53734538660993,78.98320278486881,86.19499376428948,3.564180779457092,1.6722127521765209,2.277156910990259,6.191621738672256,2.9049336912810073,3.9558302748612837,35.310514453385764,28.67810584694255,31.688523475756202,61.340701390176555,49.81901720847072,55.0486529610893,0.8341708542713568,-0.0008291457286431214,-0.005829145728643126,0.6834170854271358,-0.0015829145728643024,0.018417085427135715,0.542713567839196,0.0027135678391959628,-0.0022864321608039306,0.437037037037037,0.12095570616827545,0.19319467250501732,0.3420074349442379,0.42211055276381915,0.08376468810216497,0.1483209033481263,0.38383838383838387,0.437037037037037,0.12095570616827545,0.19319467250501732,0.3420074349442379,26.0,5.0,5.0,40.0,11.0,11.0,47.0,6.0,5.0,-0.0008714100787234169,-0.0009712090463800312,-0.0002819488440850172,0.0001833147886074471,-0.00021597805698636563,-6.13263787334617e-05,"[3.0625, 9.453125, 2.48046875, 1.494140625, 1.81640625, 10.234375, 0.0207977294921875, 8.15625, 3.935546875, 9.28125, 3.34765625, 1.330078125, 2.666015625, 1.212890625, 10.1875, 3.69140625, 7.3359375, 1.984375, 3.62109375, 4.36328125, 4.9921875, 2.85546875, 6.1640625, 4.16015625, 3.9296875, 9.7109375, 8.4765625, 2.953125, 1.8984375, 4.09765625, 0.634765625, 0.9677734375, 6.2109375, 4.7734375, 0.8662109375, 4.2265625, 1.47265625, 6.82421875, 3.126953125, 7.3828125, 9.125, 4.87109375, 0.92138671875, 12.4921875, 0.62255859375, 0.6689453125, 3.20703125, 10.96875, 3.158203125, 2.533203125, 4.54296875, 0.57177734375, 8.359375, 2.283203125, 10.4921875, 4.1015625, 9.2421875, 0.32080078125, 0.67822265625, 4.71875, 1.8076171875, 3.798828125, 6.69140625, 10.84375, 9.1953125, 1.5869140625, 9.203125, 2.287109375, 5.4921875, 0.63818359375, 3.3046875, 1.7255859375, 6.08984375, 4.1328125, 3.130859375, 0.325439453125, 1.7890625, 6.96875, 1.9697265625, 2.765625, 2.083984375, 6.9375, 11.0390625, 7.69140625, 0.7568359375, 3.439453125, 7.42578125, 2.6015625, 0.01332855224609375, 2.26171875, 0.305419921875, 3.126953125, 1.435546875, 10.015625, 4.9296875, 2.2890625, 1.96484375, 1.6875, 3.40234375, 0.1793212890625, 0.1805419921875, 3.86328125, 0.5732421875, 3.603515625, 7.4453125, 7.37109375, 2.689453125, 0.73974609375, 9.3515625, 0.1422119140625, 3.822265625, 2.615234375, 4.21484375, 1.8974609375, 6.7578125, 2.408203125, 4.04296875, 4.1328125, 2.1484375, 11.265625, 3.125, 3.904296875, 2.23828125, 9.0390625, 0.8740234375, 6.3359375, 2.482421875, 5.125, 2.619140625, 1.0673828125, 4.51953125, 3.943359375, 6.03515625, 1.490234375, 1.185546875, 5.484375, 2.12890625, 4.23046875, 1.9248046875, 8.90625, 0.00774383544921875, 1.70703125, 3.576171875, 1.1015625, 1.2587890625, 1.9970703125, 7.1875, 0.1455078125, 0.64990234375, 7.7578125, 4.51953125, 0.61669921875, 3.791015625, 3.732421875, 0.47119140625, 1.8681640625, 3.30859375, 5.453125, 2.115234375, 0.072265625, 7.5390625, 0.15869140625, 1.7080078125, 6.0546875, 1.0859375, 1.5654296875, 8.9375, 0.1744384765625, 5.7109375, 0.982421875, 6.2265625, 4.609375, 0.46142578125, 4.20703125, 6.47265625, 3.9140625, 1.810546875, 2.423828125, 6.578125, 0.429443359375, 1.6240234375, 7.19921875, 1.4560546875, 1.48046875, 1.7744140625, 6.9921875, 0.81982421875, 4.140625, 4.84765625, 8.6328125, 5.1015625, 2.99609375, 8.71875, 4.62890625, 7.8125, 0.89599609375, 7.33203125, 4.609375, 3.513671875, 3.748046875, 1.0322265625, 10.0859375, 3.9765625, 0.10888671875, 4.5078125, 1.091796875, 5.87890625, 2.49609375, 3.29296875, 0.5830078125, 0.85595703125, 3.78125, 6.140625, 4.81640625, 0.4697265625, 6.8359375, 0.398193359375, 9.140625, 0.0001895427703857422, 4.03515625, 5.30078125, 1.671875, 4.125, 1.2626953125, 0.689453125, 0.6376953125, 5.12109375, 0.1424560546875, 3.90625, 7.9765625, 0.318603515625, 2.998046875, 8.921875, 0.322509765625, 0.86865234375, 3.486328125, 0.04705810546875, 0.150634765625, 0.002166748046875, 0.007587432861328125, 0.0030574798583984375, 3.740234375, 0.0162506103515625, 1.1865234375, 0.99072265625, 0.0023746490478515625, 0.9150390625, 0.10467529296875, 0.002048492431640625, 1.6015625, 0.00499725341796875, 0.00457763671875, 0.0020122528076171875, 0.0343017578125, 9.8125, 7.59765625, 1.1162109375, 0.0005960464477539062, 0.0011606216430664062, 0.0009131431579589844, 0.2000732421875, 0.0007271766662597656, 0.351806640625, 3.4765625, 11.2421875, 0.18994140625, 2.892578125, 5.25, 0.09912109375, 0.75341796875]",-1.0995174169540407
36,0,test,4.3477111722602215,2.060735213420462,2.7989238303173174,6.828136135921502,3.236411072359059,4.395745759152198,77.30133085980358,67.45621028982463,72.59557061668875,121.40273115802486,105.94084308337843,114.01227436595349,4.315410575675006,1.9903250190782646,2.7440101611508325,6.7774076348742085,3.1258309594498384,4.309503137704833,74.84434640450667,64.6167913213412,70.03096219528226,117.54400557118035,101.48149919056792,109.98452396053946,4.3477111722602215,2.060735213420462,2.7989238303173174,6.828136135921502,3.236411072359059,4.395745759152198,77.30133085980358,67.45621028982463,72.59557061668875,121.40273115802486,105.94084308337843,114.01227436595349,0.8442211055276382,-0.02077889447236181,-0.015778894472361804,0.7437185929648241,-0.0012814070351758744,0.008718592964824134,0.5778894472361809,-0.002110552763819218,-0.002110552763819218,0.43442622950819676,0.0683730597740454,0.1551346763746818,0.4403292181069959,0.4371859296482412,0.08129620533746429,0.16172683115074538,0.4545454545454546,0.43442622950819676,0.0683730597740454,0.1551346763746818,0.4403292181069959,23.0,10.0,10.0,34.0,5.0,5.0,42.0,9.0,8.0,0.00024071563267346292,-8.572283064857556e-05,8.86016947418315e-06,3.136820234672655e-06,7.934534252473924e-05,9.790377231322367e-05,"[3.0625, 9.453125, 2.48046875, 1.494140625, 3.81640625, 4.5, 6.1875, 4.35546875, 4.10546875, 3.10546875, 2.439453125, 1.4619140625, 3.125, 0.08245849609375, 0.0941162109375, 2.923828125, 6.24609375, 6.81640625, 9.3515625, 3.05078125, 2.845703125, 8.0, 4.5390625, 3.857421875, 7.58203125, 6.2734375, 4.4375, 2.1953125, 8.7734375, 3.58984375, 2.3125, 9.140625, 10.421875, 2.388671875, 0.96630859375, 3.7890625, 7.0234375, 1.1201171875, 0.1728515625, 2.388671875, 0.85888671875, 2.310546875, 1.1064453125, 0.44287109375, 9.53125, 2.11328125, 7.3984375, 4.19921875, 2.095703125, 7.6328125, 5.99609375, 4.1796875, 0.8076171875, 2.98046875, 2.17578125, 7.95703125, 4.8984375, 1.94921875, 3.0078125, 7.33203125, 1.25, 0.14697265625, 4.29296875, 6.54296875, 5.75390625, 4.078125, 3.001953125, 3.623046875, 11.9140625, 1.2529296875, 1.2177734375, 9.9453125, 0.9541015625, 3.931640625, 4.53125, 3.21875, 0.85498046875, 2.974609375, 1.716796875, 2.056640625, 2.591796875, 8.78125, 0.053680419921875, 2.830078125, 14.953125, 2.185546875, 11.6015625, 2.765625, 4.921875, 7.859375, 0.1065673828125, 7.34765625, 9.3203125, 2.259765625, 5.96484375, 5.59765625, 3.962890625, 9.4453125, 3.873046875, 5.3515625, 7.53515625, 10.9609375, 0.007083892822265625, 2.82421875, 1.259765625, 9.671875, 1.3173828125, 7.7890625, 2.298828125, 9.046875, 0.264892578125, 4.61328125, 5.1171875, 1.193359375, 0.470703125, 5.24609375, 1.888671875, 0.02813720703125, 2.279296875, 5.10546875, 11.1015625, 7.296875, 4.65234375, 3.27734375, 11.0234375, 1.0107421875, 1.396484375, 6.16796875, 5.6796875, 0.31494140625, 6.453125, 0.51318359375, 5.44921875, 4.24609375, 3.103515625, 8.703125, 0.40283203125, 0.7763671875, 1.3408203125, 4.62109375, 2.42578125, 6.93359375, 3.853515625, 2.837890625, 7.60546875, 1.67578125, 9.125, 6.58984375, 1.8408203125, 8.1328125, 2.96484375, 0.4833984375, 5.5, 12.609375, 1.939453125, 4.1796875, 3.236328125, 0.521484375, 9.109375, 0.083740234375, 0.75537109375, 5.75390625, 3.001953125, 3.306640625, 3.65234375, 8.0078125, 6.5, 3.216796875, 4.9296875, 2.638671875, 1.4541015625, 7.8046875, 1.8798828125, 7.4609375, 3.51171875, 5.73828125, 6.30859375, 6.27734375, 9.2578125, 2.748046875, 5.08203125, 6.1484375, 2.833984375, 7.11328125, 0.39111328125, 0.6953125, 4.6953125, 2.939453125, 6.96875, 1.4296875, 9.046875, 8.6875, 0.85498046875, 5.7265625, 6.01953125, 0.27099609375, 1.5126953125, 4.1328125, 4.31640625, 0.57470703125, 5.73046875, 2.822265625, 1.6142578125, 9.2421875, 4.97265625, 5.69140625, 7.35546875, 2.416015625, 4.90234375, 2.375, 5.5234375, 1.9189453125, 10.15625, 2.62890625, 5.62890625, 1.6279296875, 1.6396484375, 3.755859375, 5.390625, 5.5859375, 4.30859375, 3.310546875, 4.30078125, 7.85546875, 2.58984375, 5.9453125, 5.55859375, 6.65625, 0.212890625, 1.4091796875, 4.4765625, 4.3125, 11.796875, 0.387939453125, 3.8515625, 5.875, 3.521484375, 3.197265625, 3.05859375, 2.068359375, 6.10546875, 1.916015625, 6.08984375, 5.33984375]",-0.6992572878227863
228,0,test,3.3405125179598407,1.5259491294851153,2.0939069848612633,5.600859311549434,2.5584775823702537,3.5107422500667886,28.233593221514152,22.09519772345553,24.755078031855838,47.33776108996385,37.04584049441646,41.50552005341099,3.588228326347006,1.5598172785477593,2.1787835575878405,6.016191205851268,2.6152625029543275,3.653050276195182,36.16993780150656,28.56794025518706,32.07625596859951,60.644207092346335,47.898342942828606,53.78054892938841,3.3405125179598407,1.5259491294851153,2.0939069848612633,5.600859311549434,2.5584775823702537,3.5107422500667886,28.233593221514152,22.09519772345553,24.755078031855838,47.33776108996385,37.04584049441646,41.50552005341099,0.7738693467336684,-0.0011306532663316604,0.008869346733668348,0.6080402010050252,-0.001959798994974782,-0.001959798994974782,0.4623115577889447,-0.007688442211055246,-0.02268844221105526,0.3978494623655914,0.079423702079366,0.1499352788137439,0.3776978417266187,0.4170854271356784,0.09878968778730746,0.14997357404719758,0.3939393939393939,0.3978494623655914,0.079423702079366,0.1499352788137439,0.3776978417266187,23.0,8.0,8.0,36.0,10.0,9.0,41.0,7.0,8.0,-0.0008163789793528575,-0.0002339701794672981,-0.00022394167802392855,0.0002456840853515274,-0.00018111633153772289,-2.978536601450088e-05,"[3.0625, 9.453125, 2.48046875, 1.494140625, 1.81640625, 8.234375, 4.98828125, 1.32421875, 12.2578125, 5.03125, 1.142578125, 4.19921875, 1.310546875, 8.828125, 8.84375, 2.45703125, 5.875, 1.8466796875, 7.203125, 1.0009765625, 0.77490234375, 5.7265625, 0.81982421875, 2.62890625, 4.16015625, 5.66015625, 0.26171875, 6.59375, 0.5283203125, 2.47265625, 7.01953125, 0.27734375, 9.9921875, 2.947265625, 2.236328125, 2.572265625, 6.5859375, 1.3974609375, 0.96728515625, 2.900390625, 0.3232421875, 2.80859375, 3.01171875, 3.15625, 0.2154541015625, 9.171875, 1.3486328125, 5.14453125, 6.30078125, 3.66015625, 12.7890625, 1.640625, 0.007801055908203125, 5.484375, 1.88671875, 1.1630859375, 4.3125, 4.65625, 0.33447265625, 1.109375, 2.32421875, 4.35546875, 0.00162506103515625, 2.126953125, 0.8828125, 10.203125, 0.01012420654296875, 2.80859375, 1.7626953125, 9.0, 3.8125, 4.140625, 4.5, 4.3671875, 6.984375, 8.03125, 1.943359375, 0.7158203125, 0.96435546875, 0.178466796875, 5.265625, 3.544921875, 4.4453125, 6.54296875, 1.5458984375, 2.04296875, 3.658203125, 9.1171875, 2.990234375, 0.461669921875, 1.94921875, 1.8955078125, 0.248291015625, 1.759765625, 9.4765625, 0.432861328125, 2.697265625, 3.787109375, 3.013671875, 0.51123046875, 6.1953125, 3.18359375, 2.091796875, 1.240234375, 7.515625, 8.34375, 1.34765625, 3.962890625, 0.42578125, 7.04296875, 5.0625, 3.201171875, 6.97265625, 3.921875, 8.8984375, 4.08984375, 4.67578125, 0.441650390625, 1.015625, 2.328125, 5.03515625, 0.2381591796875, 9.8203125, 6.8671875, 2.05078125, 0.429931640625, 2.36328125, 6.5078125, 2.275390625, 5.12890625, 0.94775390625, 7.45703125, 0.229248046875, 0.509765625, 5.05078125, 2.552734375, 8.703125, 0.8701171875, 3.423828125, 2.564453125, 2.15234375, 6.1015625, 1.833984375, 5.625, 0.65966796875, 2.03515625, 0.6865234375, 6.65234375, 1.603515625, 0.00885009765625, 0.06622314453125, 0.75341796875, 4.453125, 5.76953125, 1.6826171875, 0.023101806640625, 0.362548828125, 7.91796875, 4.9765625, 0.0024471282958984375, 6.15625, 2.201171875, 0.2421875, 0.234130859375, 11.7421875, 1.5341796875, 1.90234375, 12.7734375, 0.1533203125, 1.720703125, 5.80078125, 0.0018157958984375, 3.66796875, 1.125, 4.55859375, 2.185546875, 1.974609375, 4.01953125, 0.1331787109375, 0.92333984375, 5.40625, 1.138671875, 6.05859375, 3.330078125, 3.119140625, 13.2109375, 3.33984375, 2.4140625, 5.84765625, 2.26171875, 8.4765625, 0.04595947265625, 6.23046875, 10.9140625, 0.75439453125, 0.05389404296875, 6.1640625, 0.449462890625, 5.30859375, 0.6982421875, 6.21484375, 5.359375, 4.1953125, 6.37890625, 2.462890625, 4.33984375, 4.50390625, 4.5, 1.5849609375, 3.224609375, 4.9765625, 5.24609375, 10.25, 8.7734375, 1.11328125, 6.92578125, 4.33203125, 1.8076171875, 1.546875, 2.5, 0.007740020751953125, 0.140869140625, 0.0003314018249511719, 0.006832122802734375, 0.00138092041015625, 2.357421875, 0.003353118896484375, 0.0108642578125, 6.41015625, 8.75, 2.708984375, 0.0297393798828125, 0.78466796875, 0.436767578125, 0.003387451171875, 0.455078125, 5.77734375, 7.37109375, 8.6796875, 1.037109375, 0.72998046875, 3.26953125, 0.0139617919921875, 0.0030574798583984375, 2.38671875, 0.33935546875, 0.01190948486328125, 4.1484375, 0.001583099365234375, 0.1937255859375, 0.445068359375, 2.044921875, 0.00809478759765625, 3.330078125, 1.08203125, 3.123046875, 0.0252685546875, 0.2012939453125, 6.13671875, 4.81640625, 4.59375, 16.21875, 4.33203125, 1.140625, 2.716796875, 0.41162109375, 0.05682373046875, 4.71484375, 2.734375, 1.046875, 0.08489990234375, 0.2978515625, 0.00011861324310302734, 0.005779266357421875, 0.33447265625, 0.00711822509765625, 0.0031795501708984375, 6.203125, 0.55908203125]",-1.3754522761990948
112,0,test,3.8356379861461707,1.7612856271435344,2.408409293024345,6.338323764340835,2.910493270386124,3.979853654430301,46.32297165678703,38.36358169460492,42.155836890987985,76.54788933355587,63.39513854498543,69.66177301844114,3.8483105897903442,1.6782026010049615,2.3695735388088703,6.359265017171278,2.773200042795433,3.9156782591664316,46.91373969463593,38.15450980636996,42.52633857816523,77.52412304149057,63.04965095662552,70.27402048732267,3.8356379861461707,1.7612856271435344,2.408409293024345,6.338323764340835,2.910493270386124,3.979853654430301,46.32297165678703,38.36358169460492,42.155836890987985,76.54788933355587,63.39513854498543,69.66177301844114,0.7688442211055276,-0.0011557788944723812,-0.006155778894472386,0.6281407035175879,-0.006859296482412125,0.008140703517587888,0.5125628140703518,-0.012437185929648265,-0.0024371859296482556,0.4224137931034483,0.10413422321097521,0.1774281197510128,0.4112554112554112,0.4120603015075377,0.08373949950252513,0.15663459199167795,0.40909090909090906,0.4224137931034483,0.10413422321097521,0.1774281197510128,0.4112554112554112,29.0,7.0,9.0,36.0,3.0,5.0,46.0,6.0,6.0,-4.37119492664628e-05,-8.702926616452599e-05,-4.250057352455278e-05,-8.002224209047171e-05,1.3385908281371428e-05,4.3536860872883665e-05,"[3.0625, 9.453125, 2.48046875, 1.494140625, 9.8203125, 0.379150390625, 7.6484375, 1.318359375, 8.671875, 0.31982421875, 0.08544921875, 0.26513671875, 2.50390625, 0.2420654296875, 2.6171875, 9.2421875, 7.54296875, 11.046875, 0.325927734375, 2.06640625, 3.35546875, 7.81640625, 0.556640625, 3.9609375, 10.578125, 1.630859375, 5.28515625, 6.52734375, 5.03515625, 0.279541015625, 10.4375, 0.95166015625, 2.99609375, 1.2021484375, 2.234375, 0.04571533203125, 0.343505859375, 6.8828125, 1.7734375, 0.16943359375, 6.86328125, 5.1953125, 0.875, 0.97509765625, 7.4609375, 5.3671875, 2.71484375, 0.69384765625, 4.54296875, 12.171875, 0.47314453125, 2.5, 4.9921875, 0.87353515625, 8.171875, 4.7109375, 10.046875, 1.6884765625, 3.07421875, 10.703125, 2.71484375, 2.265625, 2.37890625, 1.4462890625, 7.6640625, 3.640625, 0.0242462158203125, 0.56298828125, 5.59765625, 1.33984375, 6.703125, 1.9287109375, 0.794921875, 1.1484375, 6.82421875, 1.21484375, 8.90625, 0.52392578125, 9.28640365600586e-05, 0.775390625, 1.91015625, 0.0153350830078125, 0.921875, 6.70703125, 5.7734375, 8.515625, 1.037109375, 4.015625, 4.95703125, 0.41943359375, 4.26953125, 6.66015625, 5.56640625, 0.384033203125, 5.65625, 0.94482421875, 6.796875, 2.236328125, 7.890625, 10.359375, 4.09375, 5.60546875, 4.5703125, 0.271728515625, 7.17578125, 6.58203125, 3.02734375, 9.21875, 9.8203125, 0.10015869140625, 2.615234375, 12.6328125, 1.5517578125, 8.4453125, 3.15625, 0.01904296875, 8.09375, 0.5888671875, 2.533203125, 2.474609375, 3.974609375, 1.861328125, 2.984375, 8.03125, 2.80078125, 1.302734375, 0.51318359375, 9.265625, 8.640625, 3.08984375, 0.07611083984375, 0.78955078125, 1.0, 3.26171875, 0.12274169921875, 4.5859375, 5.14453125, 6.58984375, 3.625, 1.134765625, 2.21484375, 0.35693359375, 4.31640625, 5.515625, 1.1728515625, 0.884765625, 3.05078125, 8.3125, 3.70703125, 4.47265625, 7.40234375, 1.541015625, 7.671875, 1.484375, 0.8876953125, 2.3984375, 7.6875, 0.73193359375, 4.71875, 4.24609375, 2.21875, 9.1015625, 1.4833984375, 9.140625, 0.474853515625, 3.234375, 1.0341796875, 3.388671875, 7.54296875, 6.63671875, 5.55859375, 3.033203125, 1.1396484375, 4.19140625, 0.4775390625, 1.587890625, 0.13330078125, 3.841796875, 2.236328125, 9.8203125, 1.0947265625, 1.0615234375, 2.419921875, 6.046875, 5.91015625, 2.677734375, 1.119140625, 2.478515625, 5.50390625, 3.06640625, 4.7421875, 1.7080078125, 4.015625, 6.8203125, 13.0546875, 4.49609375, 0.410888671875, 3.623046875, 1.509765625, 7.44921875, 3.689453125, 2.48046875, 5.66015625, 0.026275634765625, 5.1796875, 1.4130859375, 5.515625, 0.458740234375, 3.8203125, 3.369140625, 3.458984375, 3.76953125, 5.3515625, 7.34765625, 9.0703125, 0.143798828125, 1.1865234375, 0.55322265625, 0.703125, 7.74609375, 1.4609375, 8.1484375, 1.5224609375, 0.07611083984375, 1.556640625, 4.71484375, 1.166015625, 4.96875, 0.51708984375, 7.9453125, 8.5625, 0.41943359375]",-0.4860168104541711
410,0,test,3.6036168554372954,1.5830903590210799,2.193124063146422,6.606630901635042,2.9023323248719803,4.0207274491017735,36.73084463830952,29.188549758596277,32.632870281570156,67.33988183690079,53.51234122409318,59.82692884954529,3.7372275363260776,1.577558701441415,2.218604777137523,6.85158381659781,2.8921909526425944,4.067442091418792,41.981436661354664,33.313170105763184,37.415504187059724,76.96596721248356,61.074145193899184,68.5950910096095,3.634975102491546,1.6013180602504078,2.2260963637810915,6.664121021234502,2.9357497771257477,4.081176666932001,37.90090924718653,30.258926875606242,33.809543905543094,69.48500028650865,55.47469927194478,61.98416382682901,0.7889447236180904,0.0089447236180904,0.0089447236180904,0.6231155778894473,-0.0018844221105527303,0.003115577889447274,0.5276381909547738,0.007638190954773805,0.0026381909547738003,0.43157894736842106,0.10233201216702004,0.16786832893201498,0.4014084507042254,0.4321608040201005,0.09130867369428597,0.16004060368621065,0.3939393939393939,0.43157894736842106,0.10758595262236148,0.1760363569366824,0.4014084507042254,25.0,11.0,11.0,34.0,8.0,7.0,44.0,11.0,12.0,-0.00029407760297647226,-0.00046137203332672445,-0.00012618899667692505,0.0002872636165145437,-0.00015787518124010802,-8.758024202748516e-06,"[3.056640625, 9.4453125, 2.4296875, 1.0791015625, 7.80078125, 0.7587890625, 5.33203125, 7.0, 3.365234375, 8.21875, 1.0517578125, 8.1640625, 7.0390625, 7.0234375, 8.1875, 4.46875, 1.509765625, 9.9296875, 0.9873046875, 0.705078125, 7.421875, 1.6484375, 0.019805908203125, 8.34375, 7.140625, 1.640625, 1.96875, 1.1533203125, 3.037109375, 8.0703125, 1.6572265625, 0.047210693359375, 4.03125, 0.73681640625, 2.955078125, 8.234375, 1.3203125, 7.3671875, 0.72119140625, 1.013671875, 4.1796875, 1.7744140625, 3.962890625, 6.0625, 11.2734375, 4.0390625, 1.4140625, 2.689453125, 3.251953125, 6.3125, 1.962890625, 0.3427734375, 2.021484375, 1.107421875, 7.10546875, 12.2109375, 2.298828125, 6.36328125, 2.078125, 3.935546875, 4.2109375, 8.03125, 4.625, 4.734375, 0.865234375, 4.32421875, 7.7890625, 9.3984375, 0.5712890625, 0.958984375, 4.359375, 0.03887939453125, 0.1513671875, 2.828125, 1.6142578125, 2.84765625, 3.623046875, 1.4560546875, 7.7109375, 4.734375, 2.853515625, 5.67578125, 7.68359375, 0.007549285888671875, 0.006511688232421875, 5.35546875, 3.271484375, 2.83203125, 12.5625, 2.154296875, 0.86474609375, 7.97265625, 1.8837890625, 2.375, 1.7744140625, 13.4375, 1.1953125, 0.00998687744140625, 3.197265625, 0.33251953125, 3.05078125, 4.390625, 9.8671875, 2.556640625, 5.5703125, 1.1259765625, 3.80859375, 5.21484375, 0.7568359375, 1.4541015625, 1.8486328125, 2.556640625, 13.46875, 1.9580078125, 1.6171875, 4.18359375, 0.1168212890625, 0.14013671875, 3.6875, 2.869140625, 4.4609375, 4.58203125, 0.37890625, 1.86328125, 7.69140625, 0.57275390625, 0.05438232421875, 7.26953125, 0.7724609375, 5.515625, 0.004825592041015625, 0.00516510009765625, 5.26171875, 3.939453125, 4.00390625, 4.43359375, 4.25390625, 7.37109375, 2.9140625, 3.04296875, 2.76953125, 1.05078125, 5.53125, 0.9189453125, 2.32421875, 4.7421875, 3.609375, 3.1796875, 5.640625, 3.294921875, 2.32421875, 1.46484375, 5.36328125, 8.125, 1.4501953125, 3.1796875, 0.1004638671875, 0.092529296875, 6.36328125, 5.71484375, 8.921875, 5.49609375, 2.705078125, 6.43359375, 3.236328125, 0.0002865791320800781, 4.31640625, 3.2890625, 7.12890625, 1.5087890625, 0.5703125, 6.5625, 5.421875, 9.609375, 0.8984375, 2.994140625, 0.0022792816162109375, 0.1339111328125, 0.0004665851593017578, 0.005954742431640625, 0.0018749237060546875, 7.484375, 4.890625, 7.08984375, 4.36328125, 0.529296875, 0.146728515625, 7.6796875, 9.4609375, 0.062042236328125, 1.462890625, 0.0009918212890625, 1.234375, 9.1484375, 0.8076171875, 4.37890625, 1.4052734375, 2.658203125, 0.0972900390625, 0.06585693359375, 7.50390625, 8.5625, 3.380859375, 1.2783203125, 2.796875, 3.0234375, 5.12109375, 0.05963134765625, 3.748046875, 0.8623046875, 0.004535675048828125, 0.0006728172302246094, 0.0010843276977539062, 0.0007028579711914062, 5.53515625, 8.21875, 9.0625, 2.966796875, 2.771484375, 2.123046875, 4.484375, 0.1361083984375, 1.08984375, 0.775390625, 10.4765625, 1.4814453125, 0.6767578125, 0.1104736328125, 4.09375, 1.8994140625, 4.3046875, 0.1817626953125, 1.0810546875, 0.310791015625, 4.2890625, 0.1812744140625, 8.875, 0.232421875, 0.7001953125, 5.5625, 10.015625, 5.90234375, 5.84765625, 2.658203125, 5.030632019042969e-05, 4.765625, 5.2109375, 5.80859375, 1.2685546875, 5.245208740234375e-05, 9.203125, 0.379150390625, 1.5888671875, 0.00012123584747314453, 7.94921875, 4.2421875, 5.9921875, 6.77734375, 1.1064453125, 2.796875, 7.78125, 1.6748046875, 2.232421875, 1.3330078125, 6.7578125, 5.8984375, 2.900390625, 5.95703125, 0.7216796875, 2.07421875, 4.66015625, 0.75390625, 2.96875, 2.892578125, 1.96875, 3.869140625, 2.693359375, 4.9375, 3.37890625, 5.18359375, 1.5986328125, 1.3642578125, 4.99609375, 1.2939453125, 8.796875]",-1.0218828699045015
229,0,test,3.2759065131659764,1.4476441810607152,1.983041287990481,5.692558858944156,2.515578412990751,3.4459405988031313,26.467207480969062,20.24414384102102,22.823997247759085,45.992196606274106,35.178348313905374,39.66137226659775,3.5736259383771887,1.5416874578231194,2.177744439581869,6.209907368327574,2.6789978775287,3.784277222879969,35.64560788815518,28.016747456031155,31.60707492216875,61.94154813351557,48.68483984162791,54.923769536883405,3.284236718180985,1.45374161898752,1.9901376469138006,5.707034297166957,2.526173960863559,3.458271976604309,26.6886056110913,20.451631796148533,23.040897442864733,46.376921225830785,35.538901153963025,40.03828080235511,0.7889447236180904,0.01894472361809041,0.0089447236180904,0.6432160804020101,-0.0067839195979899625,-0.0067839195979899625,0.5175879396984925,0.0025879396984924696,0.007587939698492474,0.43533123028391163,0.11249658461462031,0.18244560593973536,0.430379746835443,0.46733668341708545,0.11896575609878968,0.19354703400139261,0.4797979797979798,0.4347826086956522,0.1125789359076722,0.18116748077574119,0.4295302013422819,25.0,11.0,12.0,37.0,14.0,14.0,47.0,15.0,16.0,-0.000713660390607934,-5.1085433020381714e-05,-0.0002420586415289709,0.004231676793053474,0.003457991842433117,0.004287366308266982,"[3.0625, 9.453125, 2.48046875, 5.4921875, 0.79443359375, 0.078125, 9.328125, 11.359375, 0.64501953125, 1.0126953125, 3.81640625, 0.05633544921875, 0.0007753372192382812, 7.78125, 3.033203125, 4.3359375, 1.8642578125, 4.30859375, 1.9287109375, 1.4091796875, 1.521484375, 2.0234375, 2.056640625, 0.69140625, 5.54296875, 0.703125, 0.179443359375, 5.86328125, 5.171875, 0.9990234375, 3.10546875, 4.77734375, 4.2734375, 0.23974609375, 1.2294921875, 3.755859375, 0.319580078125, 4.5546875, 6.35546875, 2.345703125, 9.34375, 6.54296875, 4.578125, 2.89453125, 2.33203125, 1.328125, 7.03515625, 0.0021038055419921875, 0.1339111328125, 4.55078125, 0.9033203125, 0.99462890625, 2.234375, 0.137939453125, 3.232421875, 7.7578125, 0.81884765625, 4.62890625, 2.857421875, 4.578125, 4.86328125, 10.96875, 6.62109375, 0.87548828125, 4.484375, 2.453125, 0.7470703125, 4.74609375, 7.40625, 0.0144500732421875, 1.3232421875, 4.01953125, 3.853515625, 0.85595703125, 8.4765625, 5.76171875, 0.6630859375, 5.625, 0.0052032470703125, 5.80859375, 0.8056640625, 3.015625, 0.703125, 1.828125, 4.34375, 1.8798828125, 12.0078125, 6.37109375, 5.640625, 1.130859375, 3.8828125, 11.203125, 6.0546875, 2.9140625, 2.50390625, 1.3232421875, 5.28515625, 0.317138671875, 7.609375, 4.25, 10.5234375, 2.2421875, 1.396484375, 7.8203125, 1.8056640625, 1.7119140625, 3.974609375, 4.7421875, 2.958984375, 0.0941162109375, 1.6650390625, 7.69921875, 0.287841796875, 0.5087890625, 4.67578125, 0.11529541015625, 6.51171875, 3.591796875, 4.88671875, 0.050445556640625, 0.43994140625, 5.9921875, 3.990234375, 5.8046875, 2.83203125, 0.4130859375, 2.5546875, 3.140625, 2.56640625, 4.52734375, 8.28125, 2.890625, 4.28125, 5.203125, 1.0986328125, 6.9296875, 0.14697265625, 0.0040740966796875, 2.322265625, 6.2578125, 1.69921875, 2.22265625, 4.1015625, 0.90234375, 3.916015625, 3.546875, 2.537109375, 3.1328125, 0.311279296875, 5.328125, 7.1328125, 3.3125, 7.38671875, 1.7177734375, 1.099609375, 4.24609375, 4.1015625, 0.34423828125, 6.14453125, 1.5185546875, 0.71337890625, 2.501953125, 4.62109375, 5.87890625, 5.23828125, 2.337890625, 1.541015625, 0.327880859375, 2.87890625, 3.537109375, 6.6171875, 4.7421875, 7.5078125, 4.58984375, 7.234375, 2.37109375, 0.796875, 0.431640625, 1.4638671875, 6.09375, 0.178955078125, 6.7890625, 11.1640625, 3.78515625, 0.91796875, 3.814453125, 6.78515625, 5.99609375, 5.8828125, 6.5546875, 2.767578125, 5.0546875, 1.994140625, 3.716796875, 0.0141754150390625, 0.63818359375, 1.4384765625, 3.9609375, 4.34765625, 0.5576171875, 0.5, 0.32470703125, 0.56298828125, 6.05078125, 0.94482421875, 1.31640625, 0.458740234375, 0.2291259765625, 1.0537109375, 0.57861328125, 3.9765625, 1.4951171875, 7.5078125, 8.4140625, 5.921875, 0.60009765625, 0.219970703125, 5.05078125, 0.2213134765625, 7.9140625, 2.927734375, 0.39111328125, 3.234375, 7.0078125, 2.681640625, 8.578125, 0.1131591796875, 9.3515625, 4.43359375, 1.2294921875, 2.9296875, 0.1844482421875, 0.0171051025390625, 0.00997161865234375, 0.007434844970703125, 1.203125, 8.53125, 4.2734375, 10.0234375, 4.42578125, 0.0113067626953125, 0.5888671875, 0.007114410400390625, 0.837890625, 0.287353515625, 4.375, 5.26953125, 1.302734375, 14.421875, 3.29296875, 0.56640625, 0.0026950836181640625, 0.021728515625, 0.0019779205322265625, 2.4609375, 0.0027103424072265625, 0.01812744140625, 0.00455474853515625, 0.0204010009765625, 2.380859375, 0.7880859375, 0.169921875, 0.0013580322265625, 0.01461029052734375, 0.0006213188171386719, 0.226806640625, 0.00043773651123046875, 7.76171875, 0.59130859375, 4.91015625, 2.732421875, 11.9453125, 4.109375, 5.47265625, 2.484375, 7.578125, 1.7294921875, 0.01004791259765625, 0.009246826171875, 0.0014581680297851562, 6.1015625, 5.70703125, 0.361083984375, 1.0107421875, 0.01438140869140625, 11.3046875, 9.0390625, 3.3359375, 0.462890625, 0.71337890625, 0.402587890625, 0.185791015625, 1.859375, 5.046875, 1.58203125, 4.828125, 4.1640625, 0.9404296875, 6.71484375, 4.63671875, 0.98486328125, 0.5361328125, 0.63037109375, 4.7109375, 0.66650390625, 0.60400390625, 5.51171875, 4.5390625, 1.279296875, 9.421875, 4.7265625, 4.3046875, 1.126953125, 2.9765625, 3.234375, 5.20703125, 1.3779296875]",-1.5354714890007717
383,0,test,3.115707590586277,1.3642570693847929,1.7551720301209988,5.775457972794075,2.528866762762055,3.2534896168096563,22.54938043908902,16.78642453309163,18.651099931333672,41.79885154562843,31.116299134511316,34.5727706044234,3.6245496931986594,1.5953199037492016,2.2388851413952744,6.718677480075564,2.957178358169252,4.150128554781484,37.50782932553347,29.899605158548983,33.510347769646465,69.52670801806204,55.42365834267616,62.116742207149535,3.128941720943387,1.4312630429195916,1.9466595249398368,5.799989531504814,2.6530729576070473,3.608442046229941,22.849785293341245,17.38852995911575,19.58797548912918,42.35569956814474,32.23239699738529,36.309417979849215,0.7738693467336684,-0.01113065326633167,0.013869346733668353,0.6080402010050252,0.0030402010050252226,0.008040201005025227,0.5125628140703518,0.007562814070351753,0.012562814070351758,0.395778364116095,0.11119338387894084,0.15139908747875386,0.35978835978835977,0.42713567839195976,0.11134620470774925,0.176718316121509,0.41414141414141414,0.39799331103678925,0.11251751804847543,0.1677374712147648,0.35906040268456374,26.0,6.0,6.0,37.0,7.0,7.0,49.0,13.0,12.0,-0.000639885189866365,-0.0005945710753805339,-0.0003324057603384997,0.016769266282592454,0.024262524417076214,0.020080272456937998,"[3.056640625, 9.4453125, 2.4296875, 6.078125, 0.78955078125, 0.10418701171875, 1.3271484375, 4.09375, 0.49853515625, 1.03125, 4.33984375, 3.408203125, 2.31640625, 2.115234375, 0.52685546875, 10.3984375, 3.962890625, 2.849609375, 5.59765625, 8.015625, 3.162109375, 3.302734375, 7.671875, 5.515625, 3.3828125, 7.59375, 1.2470703125, 5.15625, 0.2254638671875, 0.83056640625, 9.4609375, 7.84765625, 4.7265625, 8.765625, 4.12109375, 1.05859375, 6.96484375, 2.962890625, 1.0966796875, 5.6484375, 7.08984375, 0.5322265625, 3.4296875, 1.7119140625, 1.81640625, 10.5703125, 4.0546875, 0.95361328125, 1.6318359375, 6.47265625, 5.95703125, 0.7548828125, 3.349609375, 0.34716796875, 0.396728515625, 2.041015625, 4.43359375, 5.8203125, 3.0625, 5.72265625, 5.03515625, 3.28125, 1.8330078125, 0.7197265625, 0.489990234375, 8.4453125, 1.51171875, 1.966796875, 2.171875, 7.54296875, 2.056640625, 8.1328125, 0.9970703125, 8.9921875, 10.1875, 1.7841796875, 3.09765625, 5.03125, 2.513671875, 2.369140625, 5.3515625, 0.5283203125, 8.890625, 6.67578125, 0.00434112548828125, 2.74609375, 4.02734375, 0.529296875, 0.0197601318359375, 3.9140625, 0.68408203125, 3.07421875, 3.767578125, 2.779296875, 9.390625, 3.548828125, 1.58203125, 7.8828125, 6.2265625, 3.0859375, 2.02734375, 8.6640625, 5.9921875, 6.7734375, 5.94921875, 1.7041015625, 3.658203125, 1.1181640625, 0.1070556640625, 0.02880859375, 0.1654052734375, 0.09979248046875, 2.54296875, 4.19921875, 1.65234375, 0.869140625, 4.3671875, 7.01953125, 1.0126953125, 1.2529296875, 1.931640625, 2.251953125, 7.62890625, 7.83984375, 1.5283203125, 1.6748046875, 4.7421875, 0.09027099609375, 6.17578125, 3.15234375, 1.7822265625, 0.79541015625, 5.1640625, 4.03515625, 5.1484375, 2.2265625, 4.84375, 0.28466796875, 1.6787109375, 5.328125, 5.69140625, 6.9921875, 0.0982666015625, 9.234375, 8.2578125, 0.37451171875, 3.49609375, 8.703125, 0.0027942657470703125, 0.00482940673828125, 0.0867919921875, 10.734375, 0.9462890625, 7.78515625, 7.8828125, 1.310546875, 1.1455078125, 5.10546875, 2.943359375, 7.30078125, 0.1202392578125, 7.34375, 4.25390625, 0.01041412353515625, 0.818359375, 0.88134765625, 2.560546875, 6.390625, 0.365966796875, 0.7373046875, 7.98046875, 10.15625, 1.8271484375, 3.0546875, 4.55859375, 5.8828125, 4.79296875, 1.2900390625, 1.822265625, 0.0054168701171875, 6.0546875, 3.173828125, 1.66796875, 0.14111328125, 0.046630859375, 0.1707763671875, 0.927734375, 0.020233154296875, 2.00390625, 0.211669921875, 6.12109375, 1.4052734375, 2.150390625, 6.4296875, 2.18359375, 7.77734375, 2.259765625, 1.3134765625, 5.97265625, 4.57421875, 2.8203125, 2.19140625, 2.31640625, 2.587890625, 0.52490234375, 2.7109375, 9.7890625, 0.093994140625, 0.57275390625, 11.5390625, 1.09375, 4.55859375, 1.912109375, 1.30078125, 0.32568359375, 0.005218505859375, 0.003513336181640625, 0.0097198486328125, 1.31640625, 0.0007390975952148438, 0.002307891845703125, 9.546875, 11.3515625, 0.005641937255859375, 0.007320404052734375, 4.9375, 4.38671875, 0.62841796875, 0.1917724609375, 5.05078125, 0.45166015625, 0.321533203125, 0.1126708984375, 1.61328125, 0.085693359375, 0.0010852813720703125, 0.8779296875, 0.52880859375, 0.7548828125, 1.197265625, 3.423828125, 0.2578125, 2.294921875, 0.496337890625, 6.515625, 0.416015625, 10.1875, 1.318359375, 1.71875, 5.7734375, 0.48681640625, 0.8134765625, 3.98046875, 0.258056640625, 0.003143310546875, 0.0377197265625, 2.76953125, 1.8779296875, 0.376953125, 0.0234527587890625, 1.1416015625, 0.0369873046875, 0.0192108154296875, 0.08135986328125, 0.07061767578125, 0.0008177757263183594, 0.0035114288330078125, 6.35546875, 1.0302734375, 0.068115234375, 0.52001953125, 8.3828125, 4.515625, 2.45703125, 0.2470703125, 4.1875, 7.9765625, 0.398193359375, 7.6328125, 3.43359375, 1.5361328125, 0.89501953125, 0.03228759765625, 0.15771484375, 7.52734375, 0.08001708984375, 0.003353118896484375, 0.2783203125, 10.9921875, 5.67578125, 2.029296875, 0.67138671875, 0.00991058349609375, 0.0008792877197265625, 0.56201171875, 0.53466796875, 0.21533203125, 0.015380859375, 0.0010652542114257812, 0.10394287109375, 0.63134765625, 7.3359375, 1.3359375, 3.376953125, 0.08673095703125, 6.4140625, 9.4140625, 1.9033203125, 8.2578125, 6.421875, 0.8798828125, 4.8515625, 5.015625, 3.189453125, 0.003894805908203125, 0.01387786865234375, 2.953125, 7.62109375, 9.8671875, 2.880859375, 0.413818359375, 7.77734375, 6.09375, 4.5390625, 0.4912109375, 6.88671875, 5.234375, 0.415771484375, 11.7734375, 2.4453125, 2.908203125, 4.55078125, 0.79248046875, 1.94921875, 1.2392578125, 4.9921875, 12.2578125, 8.9609375, 5.28125, 0.295654296875, 8.0703125, 10.7734375, 0.06561279296875, 5.62890625, 8.0546875, 0.451416015625, 8.578125, 4.5, 0.107666015625, 0.11993408203125, 0.0041961669921875, 0.81982421875, 5.30078125, 7.73046875, 0.78173828125, 0.072021484375, 0.037322998046875, 0.01861572265625, 0.490966796875, 0.015960693359375, 0.216796875, 0.090576171875, 0.1046142578125, 0.00034880638122558594, 0.456787109375, 2.36328125, 1.7158203125, 3.373046875, 0.09124755859375, 0.11370849609375, 0.056365966796875, 1.3095703125, 0.06036376953125, 0.0008749961853027344, 0.002681732177734375, 0.9775390625, 0.00875091552734375, 4.19921875, 0.4912109375]",-1.2034776663717306
147,0,test,3.358615470078825,1.472874641163102,2.0369613495654537,6.204899766755796,2.721073489606409,3.763199781400585,28.74935896366631,22.158123351998828,24.99974039227518,53.11322249219708,40.93619398928597,46.18596106369482,3.819177713825475,1.6573227063526836,2.329319036553666,7.05576899672842,3.0618334744481785,4.303318220073722,45.56672402436782,36.8794864126002,41.13025552350115,84.18259184162869,68.13328845717665,75.98640427223093,3.5202020338945164,1.5670543660192424,2.1718071952261684,6.503424096516988,2.8950665406118206,4.012321767451735,33.79125475305379,26.74040834233833,29.94001604590507,62.427911323438366,49.40177134431997,55.312911000061916,0.7638190954773869,0.0038190954773869024,0.013819095477386911,0.6231155778894473,-0.0018844221105527303,-0.0018844221105527303,0.5376884422110553,0.007688442211055246,0.01268844221105525,0.45398773006134974,0.15077180356824105,0.20908977087767622,0.3846153846153846,0.4723618090452262,0.14654727270437407,0.21359720136576044,0.4191919191919192,0.46488294314381273,0.15102651576484782,0.22572832690354572,0.40268456375838924,28.0,14.0,15.0,39.0,14.0,14.0,49.0,15.0,15.0,-0.0011817486194193104,-0.00042478424341389954,-0.0008177694517482955,0.004271166057614906,0.006989182346502254,0.008507107806752678,"[3.056640625, 9.4453125, 2.4296875, 6.078125, 0.78955078125, 0.10418701171875, 6.328125, 8.7265625, 3.68359375, 0.56005859375, 8.4140625, 10.578125, 1.8505859375, 6.0546875, 3.072265625, 1.9462890625, 1.537109375, 6.37890625, 1.3154296875, 0.9033203125, 5.06640625, 0.68359375, 1.208984375, 2.203125, 0.74951171875, 8.0390625, 9.125, 0.03192138671875, 6.34765625, 6.8203125, 9.6953125, 9.1640625, 4.6953125, 3.296875, 0.214599609375, 9.90625, 5.16015625, 8.4140625, 6.16796875, 2.552734375, 5.5546875, 0.105712890625, 9.6875, 0.82080078125, 3.9609375, 1.3193359375, 6.36328125, 0.188720703125, 3.47265625, 2.76953125, 10.9765625, 11.1328125, 0.55810546875, 1.15625, 2.5703125, 0.47021484375, 10.0234375, 12.6015625, 7.984375, 1.3251953125, 1.685546875, 3.435546875, 2.32421875, 0.141357421875, 1.0615234375, 5.33203125, 5.85546875, 3.46484375, 4.0078125, 1.646484375, 6.25, 0.0191650390625, 0.2763671875, 0.313720703125, 10.1328125, 0.57080078125, 6.8046875, 5.51171875, 7.55859375, 7.5546875, 2.369140625, 6.625, 3.7734375, 5.46484375, 1.216796875, 0.03863525390625, 6.57421875, 4.23828125, 6.45703125, 3.849609375, 9.8984375, 0.1649169921875, 8.6640625, 5.81640625, 8.5234375, 0.07952880859375, 1.724609375, 0.1868896484375, 1.7255859375, 0.734375, 1.7626953125, 5.1015625, 4.1796875, 2.517578125, 1.6650390625, 5.40625, 5.90234375, 8.2734375, 9.828125, 5.484375, 8.21875, 3.890625, 1.755859375, 0.0145721435546875, 5.12109375, 6.109375, 4.21875, 3.6328125, 1.150390625, 4.265625, 9.6171875, 5.50390625, 5.8359375, 1.94921875, 6.08984375, 0.60888671875, 0.1163330078125, 11.0859375, 0.68310546875, 0.123046875, 9.015625, 4.4765625, 0.323974609375, 0.6181640625, 0.302734375, 1.5400390625, 1.4052734375, 4.8984375, 4.4765625, 0.415771484375, 0.083984375, 0.95556640625, 0.06903076171875, 4.03515625, 4.22265625, 4.53125, 0.98486328125, 3.37109375, 0.07232666015625, 0.59814453125, 3.744140625, 5.6328125, 0.1572265625, 4.73046875, 6.1796875, 4.15234375, 1.20703125, 0.8818359375, 2.47265625, 6.1171875, 5.41796875, 0.64208984375, 9.171875, 0.01367950439453125, 1.6435546875, 1.0078125, 5.59765625, 0.46044921875, 4.3984375, 4.3671875, 2.611328125, 2.24609375, 1.1201171875, 1.046875, 2.658203125, 4.28125, 5.453125, 0.139892578125, 3.787109375, 2.509765625, 1.1279296875, 0.2254638671875, 0.578125, 6.3671875, 4.3515625, 3.19140625, 2.4375, 3.49609375, 5.2109375, 3.958984375, 1.0673828125, 0.96875, 4.22265625, 7.09375, 0.237548828125, 0.32763671875, 3.009765625, 6.5546875, 6.34765625, 5.15625, 3.03515625, 1.2900390625, 9.5546875, 7.7734375, 1.27734375, 10.28125, 5.13671875, 7.109375, 1.203125, 3.546875, 1.533203125, 2.68359375, 0.89599609375, 0.9033203125, 4.1171875, 0.0888671875, 0.1480712890625, 3.740234375, 1.837890625, 3.916015625, 0.76123046875, 7.0078125, 0.1788330078125, 0.4931640625, 4.53125, 10.1875, 1.3564453125, 0.1898193359375, 3.806640625, 1.060546875, 3.99609375, 0.04840087890625, 6.8046875, 6.34765625, 5.28125, 4.61328125, 5.8828125, 6.65625, 7.49609375, 0.1636962890625, 0.01082611083984375, 2.041015625, 2.548828125, 4.2109375, 1.080078125, 7.4375, 1.4833984375, 1.5302734375, 4.13671875, 0.6015625, 6.05859375, 1.1669921875, 6.0078125, 0.163818359375, 7.828125, 0.1539306640625, 1.580078125, 7.3984375, 2.2421875, 0.37353515625, 0.11468505859375, 7.625, 0.053985595703125, 1.8056640625, 0.00533294677734375, 0.020538330078125, 0.00218963623046875, 6.6875, 4.57421875, 3.056640625, 5.65625, 2.837890625, 0.088134765625, 6.98046875, 8.6484375, 0.041717529296875, 0.48974609375, 2.6796875, 4.78125, 1.02734375, 3.357421875, 3.42578125, 0.263916015625, 0.0012073516845703125, 0.451904296875, 0.9052734375, 3.369140625, 0.06512451171875, 4.03125, 0.81884765625, 4.86328125, 0.07623291015625, 0.054779052734375, 0.206298828125, 0.75537109375, 3.205078125, 0.039947509765625, 3.14453125, 0.04248046875, 2.90234375, 0.0197296142578125, 0.0005488395690917969, 0.1932373046875, 0.275146484375, 3.638671875, 0.0218963623046875, 4.0390625, 0.8642578125, 2.736328125, 0.023284912109375, 0.0005350112915039062, 0.1932373046875, 0.2305908203125, 3.21875, 0.034820556640625, 3.173828125, 0.2437744140625, 5.73828125, 0.01552581787109375, 0.0005331039428710938, 2.193359375, 0.000827789306640625, 0.5693359375, 3.578125, 0.10748291015625, 5.44921875]",-1.3817133186784991
368,0,test,3.623451235085508,1.6329772079399696,2.249111212867628,6.599000593698773,2.9739651137979575,4.096063467143031,37.46665116648609,30.147648820552636,33.514183845160964,68.23396735618327,54.90465844802632,61.035765280922284,3.939110482757415,1.701585904610349,2.3935275580164754,7.173876707008537,3.098914726939377,4.359073367248548,51.372883904301055,42.00277631831101,46.68217874598872,93.55988790518404,76.49512243401011,85.0172129479927,3.623451235085508,1.6329772079399696,2.249111212867628,6.599000593698773,2.9739651137979575,4.096063467143031,37.46665116648609,30.147648820552636,33.514183845160964,68.23396735618327,54.90465844802632,61.035765280922284,0.7939698492462312,-0.001030150753768888,-0.0060301507537688925,0.6783919597989949,0.013391959798994879,0.028391959798994892,0.5326633165829145,-0.007336683417085488,-0.0023366834170853723,0.43795620437956206,0.1046228710462287,0.17582028204946498,0.38827838827838823,0.44221105527638194,0.08632133096560501,0.1684214058606891,0.40909090909090906,0.43795620437956206,0.1046228710462287,0.17582028204946498,0.38827838827838823,23.0,8.0,7.0,31.0,4.0,4.0,46.0,9.0,11.0,-0.0008690736016623734,-0.0007463723092539653,3.219923288640298e-05,0.000211034476049754,-0.00020048395678795572,-4.730815085896012e-05,"[3.0625, 9.453125, 2.48046875, 1.494140625, 8.8203125, 2.3359375, 8.046875, 4.17578125, 3.501953125, 6.14453125, 1.0185546875, 5.640625, 8.0703125, 4.65625, 1.1513671875, 2.1171875, 4.7421875, 3.36328125, 3.93359375, 6.82421875, 8.171875, 2.421875, 1.048828125, 4.0, 14.9453125, 0.01265716552734375, 1.9736328125, 0.002437591552734375, 5.37109375, 2.982421875, 1.2900390625, 7.3359375, 0.52783203125, 0.5068359375, 9.6953125, 0.4443359375, 7.171875, 3.919921875, 2.61328125, 1.9873046875, 3.34765625, 1.84765625, 2.91796875, 0.64404296875, 0.71142578125, 4.34765625, 7.765625, 12.6640625, 3.599609375, 1.1103515625, 9.265625, 0.1881103515625, 1.869140625, 7.27734375, 8.4296875, 3.8203125, 3.451171875, 4.71484375, 3.623046875, 6.421875, 5.6875, 1.5078125, 7.05078125, 4.63671875, 2.349609375, 6.390625, 0.46337890625, 5.34765625, 1.765625, 6.22265625, 0.8271484375, 1.8447265625, 1.66015625, 0.364013671875, 0.11602783203125, 0.1593017578125, 0.068115234375, 1.3896484375, 1.4697265625, 5.734375, 4.52734375, 8.1953125, 9.0078125, 1.6630859375, 7.109375, 7.0078125, 3.16015625, 1.001953125, 3.869140625, 2.951171875, 2.462890625, 10.4296875, 5.58984375, 0.267333984375, 6.62890625, 0.1031494140625, 2.63671875, 0.360107421875, 0.022186279296875, 5.11328125, 3.95703125, 1.5205078125, 2.26171875, 0.7421875, 1.513671875, 4.89453125, 4.12109375, 2.546875, 3.953125, 8.3359375, 9.2109375, 2.884765625, 4.49609375, 5.9296875, 4.71875, 3.27734375, 5.62109375, 4.06640625, 1.6875, 9.4765625, 0.78369140625, 5.703125, 1.951171875, 8.59375, 10.4296875, 10.4765625, 3.6640625, 8.15625, 2.642578125, 2.626953125, 0.271240234375, 5.203125, 5.1171875, 2.365234375, 0.485107421875, 9.75, 6.53125, 7.01953125, 5.890625, 11.640625, 5.44140625, 2.42578125, 2.478515625, 0.71337890625, 7.7421875, 5.01953125, 3.904296875, 3.658203125, 2.029296875, 7.80859375, 8.421875, 0.662109375, 2.923828125, 1.2587890625, 2.390625, 6.0234375, 1.09765625, 7.73046875, 5.0703125, 9.296875, 3.470703125, 2.33984375, 7.94140625, 1.474609375, 6.3515625, 0.587890625, 6.75390625, 6.640625, 3.669921875, 0.2078857421875, 0.036041259765625, 4.984375, 6.4140625, 3.201171875, 0.1395263671875, 2.134765625, 0.403564453125, 4.59375, 4.015625, 0.348876953125, 0.23681640625, 0.055877685546875, 0.084228515625, 0.0250091552734375, 0.96630859375, 7.66796875, 4.80859375, 4.515625, 5.1015625, 0.0040283203125, 0.72802734375, 6.9296875, 1.8671875, 0.038604736328125, 1.2294921875, 0.478271484375, 1.173828125, 2.818359375, 0.388427734375, 4.71875, 0.10931396484375, 4.55859375, 1.689453125, 11.203125, 0.00777435302734375, 9.5234375, 0.88818359375, 6.7734375, 4.03125, 0.282470703125, 3.015625, 4.3984375, 3.896484375, 1.8916015625, 2.888671875, 2.509765625, 0.10565185546875, 0.145263671875, 0.50244140625, 5.61328125, 1.5517578125, 2.203125, 12.234375, 6.878376007080078e-05, 0.028778076171875, 0.0006375312805175781, 0.771484375, 2.640625, 0.572265625, 0.021881103515625, 0.006298065185546875, 5.1328125, 3.07421875, 2.220703125, 4.27734375, 5.6875, 3.705078125, 1.224609375, 0.61767578125, 0.205810546875, 0.1080322265625, 0.0219268798828125, 0.043212890625, 0.020751953125, 0.6005859375, 2.8203125, 2.1015625, 9.2734375, 0.9775390625, 1.4951171875, 0.66650390625, 8.078125, 6.171875, 5.91015625, 0.90869140625, 2.93359375, 0.30419921875, 8.171875, 1.755859375, 0.005542755126953125, 3.578125, 6.33984375, 4.109375, 4.10546875, 4.05078125, 1.12890625, 5.57421875, 2.9453125, 2.12109375, 2.626953125, 3.505859375, 0.06695556640625, 1.462890625, 5.83203125]",-0.803487775534609
340,0,test,3.494346315478101,1.542813791416237,2.1502052997066228,6.526796278910247,2.881692426495845,4.016188059796853,32.92875589812984,25.889288426588667,29.09386488362929,61.50486015455287,48.356429532421366,54.34198900677885,3.6312994381890227,1.5939840946333717,2.2193100753004,6.78259952535306,2.977269142274976,4.145263071681781,37.761853944897766,30.091863699777914,33.65774208877074,70.53219846029755,56.20606725533231,62.8664722922442,3.464768428866281,1.5269115084918263,2.1266625234257353,6.471550226330698,2.8519898865508253,3.9722144834101383,31.96905580539424,25.025202023548857,28.15723908328775,59.712316877891546,46.74247504398494,52.5925442647616,0.7135678391959799,-0.011432160804020097,-0.0014321608040201994,0.5678391959798995,0.01783919597989947,0.03783919597989949,0.4623115577889447,-0.007688442211055246,-0.002688442211055242,0.404320987654321,0.11464456238467535,0.17228813344487537,0.3900928792569659,0.4170854271356784,0.11633354743643032,0.17000696302883367,0.3939393939393939,0.39799331103678925,0.12253421253929342,0.16551277711020418,0.37583892617449666,23.0,3.0,3.0,36.0,4.0,3.0,43.0,3.0,2.0,-0.0013117603835806739,0.0001792258930049389,-0.00024504536137836907,-0.0004083119095046328,-6.807704299838235e-06,0.00012791969757852684,"[3.056640625, 9.4453125, 2.4296875, 6.078125, 0.78955078125, 0.10418701171875, 1.3271484375, 1.0947265625, 8.765625, 0.166259765625, 7.12890625, 9.78125, 7.70703125, 4.4765625, 2.173828125, 6.73828125, 0.533203125, 1.146484375, 0.9248046875, 10.6328125, 0.2744140625, 0.0241241455078125, 0.12158203125, 3.404296875, 4.38671875, 0.9755859375, 2.748046875, 0.060760498046875, 4.3671875, 8.5703125, 5.1484375, 5.17578125, 8.1640625, 10.625, 6.07421875, 0.351806640625, 1.4326171875, 5.61328125, 1.126953125, 5.37109375, 1.7685546875, 0.5712890625, 3.029296875, 0.85888671875, 2.5390625, 1.8076171875, 8.4375, 2.431640625, 8.8046875, 5.453125, 1.046875, 8.15625, 2.580078125, 1.1796875, 0.43701171875, 0.99169921875, 6.23828125, 2.841796875, 8.21875, 1.6142578125, 13.703125, 1.171875, 6.5390625, 2.763671875, 0.143798828125, 6.5234375, 9.9609375, 0.9130859375, 1.845703125, 0.515625, 2.162109375, 1.1103515625, 1.9716796875, 6.44921875, 10.8984375, 2.99609375, 10.8671875, 2.7734375, 3.189453125, 0.01300811767578125, 3.072265625, 0.53369140625, 9.9140625, 0.55908203125, 3.330078125, 3.330078125, 1.48828125, 3.69140625, 6.33203125, 10.8359375, 0.630859375, 8.078125, 1.546875, 0.43798828125, 12.0, 6.1796875, 8.671875, 6.51953125, 6.25390625, 1.8701171875, 3.638671875, 2.310546875, 8.0546875, 0.67578125, 0.1600341796875, 0.09576416015625, 0.5224609375, 0.35888671875, 10.5, 0.1121826171875, 5.23828125, 6.265625, 0.83544921875, 5.421875, 5.4375, 1.421875, 6.3125, 4.90234375, 0.208984375, 0.55810546875, 7.39453125, 10.546875, 1.0703125, 6.41796875, 1.4794921875, 8.8046875, 6.35546875, 0.1336669921875, 0.1732177734375, 1.4765625, 4.16015625, 2.611328125, 4.05078125, 1.5498046875, 3.73828125, 9.875, 4.546875, 1.5341796875, 9.90625, 0.0213470458984375, 0.0006303787231445312, 0.031829833984375, 7.71484375, 0.6259765625, 4.61328125, 5.828125, 0.8076171875, 4.03125, 0.64404296875, 9.828125, 0.265380859375, 3.396484375, 3.759765625, 1.0380859375, 7.12109375, 0.455810546875, 0.6005859375, 6.28515625, 0.003173828125, 0.0006308555603027344, 0.00981903076171875, 0.233154296875, 1.4091796875, 4.56640625, 6.03515625, 1.162109375, 2.046875, 0.83349609375, 0.12359619140625, 10.9765625, 1.8779296875, 6.76953125, 3.912109375, 0.0985107421875, 4.19921875, 3.69921875, 1.44921875, 1.5390625, 7.5390625, 0.72607421875, 4.7109375, 5.234375, 1.0546875, 1.3916015625, 2.0546875, 2.16015625, 2.2265625, 0.01251983642578125, 0.31494140625, 0.01155853271484375, 0.736328125, 7.30078125, 5.08984375, 0.243896484375, 3.896484375, 0.25390625, 0.451171875, 3.27734375, 2.130859375, 0.005687713623046875, 0.05859375, 0.024993896484375, 6.015625, 3.38671875, 0.07232666015625, 5.3125, 0.1328125, 3.056640625, 11.2734375, 2.447265625, 6.12890625, 3.12109375, 0.0081634521484375, 0.71533203125, 10.015625, 0.75439453125, 8.484375, 3.1875, 1.46484375, 14.2578125, 6.36328125, 2.923828125, 0.83251953125, 0.0022411346435546875, 0.01198577880859375, 0.0019989013671875, 0.31494140625, 3.1796875, 0.28662109375, 4.1953125, 0.08978271484375, 4.4296875, 6.4375, 7.19140625, 6.8671875, 0.791015625, 0.0021305084228515625, 0.450439453125, 0.0975341796875, 3.23828125, 0.01172637939453125, 5.32421875, 0.330810546875, 9.625, 10.65625, 2.0234375, 0.1888427734375, 0.0025787353515625, 0.79345703125, 0.0289154052734375, 3.486328125, 0.080810546875, 2.80859375, 0.0335693359375, 5.35546875, 5.9375, 5.52734375, 0.0212249755859375, 0.0226593017578125, 1.4560546875, 0.000667572021484375, 0.92333984375, 5.45703125, 0.07537841796875, 0.1629638671875, 0.67333984375, 1.2470703125, 1.3984375, 4.69140625, 11.234375, 1.95703125, 0.473876953125, 5.140625, 1.27734375, 0.0008144378662109375, 0.0003209114074707031, 0.01031494140625, 0.0007109642028808594, 10.5234375, 1.7421875, 0.0007176399230957031, 0.83984375, 0.2464599609375, 0.005825042724609375, 0.00075531005859375, 0.0007724761962890625, 6.203125, 8.8828125, 8.0546875, 0.1766357421875, 4.76953125, 4.6875, 3.283203125, 1.0458984375, 18.078125, 9.21875, 6.3515625, 6.9609375, 6.97265625, 8.125, 1.802734375, 0.6884765625, 0.81689453125, 2.62109375, 6.04296875, 5.32421875, 1.4853515625, 5.3671875, 0.357177734375, 5.1953125, 3.505859375, 1.134765625, 1.8662109375, 6.27734375, 7.4765625, 3.05078125, 8.9296875, 6.34375, 1.3037109375, 5.6640625, 0.67236328125, 7.12109375, 6.12890625, 3.75]",-1.4062565020572992
86,0,test,3.273786462571499,1.3520996788399726,1.907420775210458,5.390965731779414,2.2265114471915712,3.140962354388478,26.41115509995122,19.57868143979303,22.49008074120278,43.49142306878195,32.24034368828194,37.034564094795,3.580846469006946,1.5107583432976415,2.127152324851918,5.896603466927606,2.4877757150110864,3.502795744516632,35.90391954305763,27.97839801377622,31.62502734374333,59.12322080443622,46.0722122981345,52.07714083550549,3.289358562361585,1.3756365996569002,1.924817265541546,5.416608411074466,2.2652698497344166,3.1696092696043423,26.82565115379034,20.047380777232405,22.911723844525476,44.17397645085235,33.0121539744845,37.72888657032638,0.7587939698492463,0.008793969849246297,-0.001206030150753712,0.6180904522613065,-0.0019095477386934512,0.008090452261306558,0.4824120603015075,-0.0025879396984924696,0.002412060301507535,0.4197080291970803,0.08819618948851926,0.14907696123591518,0.3846153846153846,0.4120603015075377,0.06870190551756272,0.12992340668282987,0.4040404040404041,0.42700729927007297,0.0973169531862843,0.15516263907589822,0.391941391941392,19.0,1.0,1.0,30.0,3.0,4.0,38.0,0.0,2.0,-0.0006976209180118024,-0.0006365543340635075,2.9602938565426715e-05,0.000211034476049754,-0.00020048395678795572,-4.730815085896012e-05,"[3.056640625, 9.4453125, 2.4296875, 1.0791015625, 0.80224609375, 5.9921875, 5.6484375, 1.849609375, 9.6015625, 1.740234375, 0.4609375, 1.775390625, 7.94140625, 5.94921875, 2.51953125, 6.70703125, 1.8095703125, 5.87890625, 1.2255859375, 1.205078125, 1.7138671875, 4.6953125, 4.75390625, 8.8671875, 3.4296875, 5.3828125, 2.30859375, 2.57421875, 3.51171875, 10.34375, 0.88916015625, 4.4609375, 1.1748046875, 0.8984375, 7.18359375, 0.87744140625, 0.3583984375, 4.21484375, 2.8203125, 1.8564453125, 3.509765625, 2.314453125, 6.26171875, 0.112548828125, 4.04296875, 5.4375, 0.576171875, 0.050201416015625, 2.267578125, 0.8125, 10.40625, 2.82421875, 3.78125, 0.01122283935546875, 0.0073089599609375, 0.421142578125, 0.00492095947265625, 0.0552978515625, 4.46875, 8.8828125, 15.8984375, 0.282470703125, 3.7265625, 2.78125, 10.03125, 5.8828125, 1.5693359375, 4.05859375, 4.8671875, 3.107421875, 6.74609375, 1.7314453125, 1.55859375, 2.765625, 0.01221466064453125, 2.46875, 3.1953125, 0.32568359375, 1.2099609375, 11.4609375, 5.50390625, 2.947265625, 3.861328125, 3.28515625, 7.25390625, 5.27734375, 0.494140625, 0.80712890625, 7.55859375, 2.724609375, 3.349609375, 2.0703125, 8.296875, 1.7509765625, 0.462158203125, 0.62451171875, 4.05859375, 10.6015625, 2.50390625, 1.509765625, 6.87890625, 0.458740234375, 4.91796875, 0.2100830078125, 3.4296875, 5.5703125, 0.274169921875, 0.497314453125, 2.6484375, 4.16015625, 0.047210693359375, 2.927734375, 11.84375, 0.162109375, 0.00974273681640625, 1.9072265625, 10.765625, 0.9521484375, 7.2734375, 2.72265625, 10.6015625, 0.2344970703125, 4.5546875, 1.103515625, 8.1015625, 1.283203125, 1.3291015625, 4.625, 4.765625, 10.0703125, 6.0234375, 0.0036869049072265625, 6.38671875, 2.212890625, 1.2451171875, 7.31640625, 0.0479736328125, 2.103515625, 1.9033203125, 4.41796875, 4.26171875, 0.85595703125, 8.359375, 3.361328125, 3.16015625, 1.7822265625, 10.9296875, 0.5791015625, 3.548828125, 1.84375, 4.0078125, 6.92578125, 5.04296875, 0.78662109375, 3.736328125, 0.37646484375, 3.96484375, 1.1083984375, 3.14453125, 3.845703125, 2.28125, 7.51171875, 3.041015625, 2.3046875, 5.3359375, 2.28515625, 1.8955078125, 3.228515625, 10.7109375, 0.96484375, 0.6005859375, 4.64453125, 3.36328125, 3.958984375, 0.0038242340087890625, 6.953125, 8.5859375, 1.5048828125, 0.439453125, 1.150390625, 2.396484375, 4.54296875, 2.818359375, 0.0034198760986328125, 0.134033203125, 0.00030612945556640625, 0.004077911376953125, 0.0080413818359375, 6.60546875, 6.984375, 8.859375, 2.921875, 0.72216796875, 0.1312255859375, 2.591796875, 4.62109375, 6.01171875, 4.56640625, 0.48046875, 5.2421875, 3.4765625, 4.9765625, 0.24462890625, 0.00289154052734375, 0.85107421875, 0.00021827220916748047, 2.484375, 0.0003933906555175781, 0.053466796875, 5.46875, 0.01375579833984375, 2.353515625, 0.74462890625, 5.2734375, 4.3046875, 1.419921875, 1.048828125, 0.3447265625, 6.93359375, 3.994140625, 0.343017578125, 0.7978515625, 0.00560760498046875, 0.0025272369384765625, 2.703125, 5.08984375, 0.162353515625, 0.015045166015625, 3.6640625, 5.88671875, 0.005252838134765625, 2.23828125, 6.0078125, 0.162841796875, 0.00015342235565185547, 0.0023479461669921875, 0.00024211406707763672, 0.6279296875, 4.171875, 6.85546875, 0.1888427734375, 1.853515625, 0.00037932395935058594, 0.0004649162292480469, 3.80859375, 6.42578125, 0.0321044921875, 1.5654296875, 0.1673583984375, 3.146484375, 8.2578125, 0.728515625, 7.76171875, 3.79296875, 4.40625, 3.31640625, 0.034332275390625, 4.703125, 5.84375, 4.53125, 0.0572509765625, 7.59765625, 0.341796875, 1.06640625, 1.8544921875, 11.484375, 4.90625, 2.326171875, 1.330078125, 2.689453125, 2.87109375, 2.447265625, 1.9638671875, 0.4609375]",-1.2104373800493504
253,0,test,3.4843012555271176,1.602377935296988,2.199052772681253,5.634612887509568,2.591274032508844,3.5561824838216847,32.59964033121934,26.033518851539903,28.984074079420253,52.71827550705757,42.099919057061676,46.871388368433905,3.854293228992865,1.7620871589939924,2.4483062257810806,6.2329427645998905,2.849546662830285,3.9592609251202626,47.19524891727852,39.09247817610137,43.11569763223555,76.32145967765612,63.218121850495365,69.72424245670092,3.4843012555271176,1.602377935296988,2.199052772681253,5.634612887509568,2.591274032508844,3.5561824838216847,32.59964033121934,26.033518851539903,28.984074079420253,52.71827550705757,42.099919057061676,46.871388368433905,0.7839195979899498,0.00891959798994979,0.013919597989949795,0.6381909547738693,-0.006809045226130683,0.0031909547738693256,0.542713567839196,-0.0022864321608039306,-0.0022864321608039306,0.43617021276595747,0.12289587648277167,0.19442492974708958,0.3879003558718861,0.4522613065326633,0.12143423886349036,0.19683559701680353,0.43939393939393945,0.43617021276595747,0.12289587648277167,0.19442492974708958,0.3879003558718861,24.0,7.0,7.0,36.0,7.0,8.0,44.0,8.0,8.0,-0.0007933303676305441,-0.0002842216336035858,-0.00023830990015439213,0.00026647385093347964,-0.00016949575638847136,-1.9271695109068787e-05,"[3.0625, 9.453125, 2.48046875, 1.494140625, 10.8203125, 1.1083984375, 4.15234375, 1.673828125, 2.93359375, 6.1328125, 0.01099395751953125, 6.5390625, 1.5908203125, 5.16015625, 7.609375, 0.238525390625, 9.953125, 6.2265625, 10.3046875, 1.7568359375, 1.212890625, 1.4052734375, 0.85107421875, 8.796875, 0.53515625, 11.5234375, 3.875, 6.1875, 4.93359375, 4.27734375, 2.55078125, 0.80615234375, 11.2109375, 0.0223388671875, 4.6484375, 1.396484375, 2.330078125, 8.1953125, 1.240234375, 4.390625, 7.625, 0.962890625, 7.1328125, 4.7265625, 2.2421875, 10.4453125, 4.61328125, 4.70703125, 6.35546875, 4.12109375, 0.1883544921875, 2.333984375, 2.599609375, 2.287109375, 3.80859375, 0.958984375, 0.69580078125, 11.5, 6.484375, 3.9375, 3.380859375, 1.5205078125, 3.78125, 4.09375, 0.1414794921875, 7.2421875, 1.3408203125, 3.611328125, 5.84765625, 3.55859375, 6.78125, 5.85546875, 1.880859375, 4.81640625, 2.263671875, 0.57080078125, 3.21875, 4.26953125, 0.03521728515625, 6.10546875, 4.71875, 1.228515625, 1.7373046875, 0.830078125, 0.6123046875, 0.966796875, 5.8203125, 0.058929443359375, 4.33203125, 2.13671875, 2.84765625, 3.068359375, 0.74609375, 8.0, 0.005916595458984375, 0.0154876708984375, 1.4013671875, 0.57421875, 2.63671875, 4.3828125, 6.625, 0.2392578125, 3.34765625, 9.3984375, 6.1875, 3.90625, 4.046875, 1.2880859375, 5.8125, 2.416015625, 3.45703125, 2.02734375, 7.32421875, 0.018768310546875, 0.92333984375, 0.11358642578125, 6.73046875, 3.810546875, 8.8046875, 5.54296875, 1.970703125, 0.65478515625, 3.45703125, 0.97802734375, 1.2783203125, 3.951171875, 6.5625, 0.42578125, 3.328125, 4.04296875, 5.08984375, 0.10540771484375, 3.1484375, 8.390625, 2.86328125, 7.65625, 0.433837890625, 3.513671875, 7.9375, 0.18603515625, 7.2421875, 5.79296875, 0.07318115234375, 3.9921875, 4.00390625, 1.0458984375, 1.0087890625, 5.6015625, 0.8017578125, 3.099609375, 3.560546875, 3.326171875, 8.515625, 3.78125, 0.9892578125, 2.255859375, 10.75, 7.34375, 7.07421875, 0.74267578125, 1.525390625, 2.935546875, 5.07421875, 2.388671875, 10.359375, 0.41015625, 0.1104736328125, 5.76171875, 8.2734375, 0.93603515625, 7.171875, 6.203125, 0.78955078125, 13.1171875, 6.60546875, 8.4140625, 1.142578125, 8.0703125, 0.055419921875, 0.59814453125, 5.88671875, 0.0064849853515625, 1.0791015625, 0.0521240234375, 1.4775390625, 4.89453125, 4.375, 7.859375, 1.2998046875, 5.01171875, 4.28515625, 2.689453125, 10.1328125, 1.328125, 5.0078125, 2.03515625, 3.42578125, 0.2086181640625, 4.2421875, 1.517578125, 3.751953125, 7.99609375, 5.20703125, 4.765625, 2.7109375, 4.9921875, 0.271728515625, 1.365234375, 4.765625, 1.9931640625, 1.1982421875, 1.271484375, 4.53515625, 2.08984375, 3.21484375, 0.2724609375, 9.1796875, 10.4296875, 0.421142578125, 3.740234375, 1.283203125, 7.6953125, 6.703125, 0.0020427703857421875, 0.053955078125, 0.0007867813110351562, 0.0021038055419921875, 0.00820159912109375, 1.7216796875, 0.002368927001953125, 0.0150604248046875, 9.8515625, 4.0234375, 0.2464599609375, 6.25, 1.111328125, 1.400390625, 0.001636505126953125, 0.00429534912109375, 2.19921875, 0.009185791015625, 2.990234375, 2.0078125, 0.55322265625, 2.8671875, 0.00714111328125, 0.0046234130859375, 5.2421875, 3.779296875, 0.1971435546875, 1.6142578125, 1.13671875, 7.65625, 0.34423828125, 0.806640625, 0.277099609375, 5.066394805908203e-05, 0.0184783935546875, 8.25, 2.95703125, 0.0009765625, 0.047760009765625, 7.9453125, 4.90234375, 1.6474609375, 4.6640625, 8.5, 13.1484375, 0.72021484375, 0.00027060508728027344, 0.0290374755859375, 3.63671875, 1.390625, 2.28515625, 2.181640625, 1.6669921875, 3.861328125, 0.0184783935546875, 0.96337890625, 2.826171875, 0.04266357421875, 1.619140625]",-1.2453301684230778
382,0,test,3.6648560547551443,1.6320453155230656,2.2382580539024346,5.619445950624555,2.5024694838020345,3.4319956826504,39.050514622622956,31.41499694778691,34.886007207892966,59.87745575468853,48.1696619866066,53.49187771876922,3.5741316900780453,1.6242298349965014,2.2339376285551555,5.48033525811967,2.490485746994636,3.425371030451239,35.66364027454336,28.635642490072975,31.84385556786139,54.68424842096648,43.90798515144522,48.82724520405413,3.619113268262168,1.60769471332407,2.2266402138526105,5.5493070113353244,2.4651318937635742,3.4141816612406695,37.3044740904519,29.830562104693364,33.27968280729559,57.20019360535957,45.74019522719649,51.028846971186574,0.7085427135678393,-0.011457286432160707,-0.011457286432160707,0.6130653266331658,0.0030653266331658324,0.013065326633165841,0.4824120603015075,-0.007587939698492474,-0.0025879396984924696,0.4331395348837209,0.11673895433219694,0.18094012139398485,0.42274052478134105,0.4120603015075377,0.09125829649500639,0.15496514290987495,0.38888888888888884,0.4280936454849499,0.10922887086057598,0.18226494693100104,0.412751677852349,24.0,-1.0,0.0,33.0,-1.0,-1.0,42.0,0.0,0.0,-0.0008597284973347681,0.0004304368505619481,-7.821694058218622e-05,-0.00032933337838070287,7.066279669576403e-05,-0.0001579807127098931,"[3.056640625, 9.4453125, 2.4296875, 1.0791015625, 1.802734375, 6.20703125, 7.87890625, 2.05859375, 3.81640625, 6.31640625, 7.35546875, 3.3046875, 5.69921875, 0.1707763671875, 2.361328125, 0.0550537109375, 8.5546875, 0.7333984375, 9.5, 0.705078125, 11.3125, 7.64453125, 7.24609375, 2.716796875, 1.0712890625, 6.48046875, 2.90234375, 3.79296875, 2.98828125, 2.3203125, 4.82421875, 1.46875, 1.0390625, 5.75390625, 0.454345703125, 0.06585693359375, 1.0498046875, 6.6796875, 0.1527099609375, 0.004909515380859375, 9.265625, 6.46484375, 1.3505859375, 8.5859375, 0.572265625, 2.513671875, 1.3994140625, 6.46484375, 7.07421875, 2.2578125, 1.4384765625, 5.6875, 5.67578125, 3.240234375, 1.779296875, 8.7734375, 1.1845703125, 1.416015625, 1.0283203125, 5.01171875, 4.3359375, 1.1005859375, 3.20703125, 8.4765625, 4.56640625, 4.0703125, 8.0078125, 0.30224609375, 4.4375, 6.25, 4.33203125, 3.4921875, 1.9990234375, 10.1875, 3.2734375, 2.63671875, 8.53125, 4.60546875, 2.1171875, 3.53515625, 0.72119140625, 8.8515625, 6.58984375, 13.859375, 1.8984375, 2.4921875, 4.15234375, 9.5546875, 3.529296875, 2.43359375, 5.33203125, 0.3447265625, 2.720703125, 3.14453125, 1.966796875, 2.796875, 6.2421875, 8.28125, 0.0333251953125, 5.3359375, 1.2822265625, 8.984375, 2.08203125, 7.4609375, 0.966796875, 5.8203125, 2.78125, 0.0821533203125, 14.1953125, 8.515625, 0.638671875, 5.859375, 2.5859375, 2.517578125, 2.033203125, 7.6015625, 6.01953125, 0.01082611083984375, 4.86328125, 3.130859375, 2.3125, 5.671875, 0.002490997314453125, 0.1484375, 0.0022182464599609375, 0.0065155029296875, 0.00290679931640625, 7.640625, 5.84765625, 6.29296875, 2.841796875, 0.06292724609375, 0.392333984375, 8.078125, 0.30712890625, 6.359375, 6.26171875, 3.080078125, 0.1722412109375, 0.45703125, 6.8046875, 3.599609375, 6.015625, 0.28955078125, 0.11773681640625, 0.9091796875, 7.28125, 0.01617431640625, 0.20849609375, 4.921875, 0.06427001953125, 0.1431884765625, 4.6796875, 3.142578125, 4.953125, 5.31640625, 1.6328125, 1.2841796875, 0.2430419921875, 5.72265625, 4.39453125, 10.0, 3.5234375, 7.49609375, 7.72265625, 0.363037109375, 1.591796875, 0.003925323486328125, 0.0180206298828125, 0.005275726318359375, 0.015380859375, 3.19140625, 0.6259765625, 0.13427734375, 0.0007233619689941406, 0.005023956298828125, 0.0023860931396484375, 0.1187744140625, 0.0009508132934570312, 2.541015625, 0.0025634765625, 0.06793212890625, 9.6484375, 0.08868408203125, 0.102783203125, 6.46484375, 5.109375, 0.7509765625, 4.296875, 0.0030517578125, 0.01081085205078125, 6.40625, 0.08343505859375, 7.77734375, 1.009765625, 8.625, 2.494140625, 0.0660400390625, 2.390625, 4.92578125, 0.21337890625, 0.357421875, 0.0792236328125, 0.0090484619140625, 0.0252532958984375, 0.007808685302734375, 1.0458984375, 2.1796875, 0.6494140625, 0.08148193359375, 2.28125, 0.08526611328125, 0.00038743019104003906, 0.00684356689453125, 0.00762939453125, 0.0006318092346191406, 8.125, 11.34375, 5.5390625, 6.2734375, 6.046875, 5.00390625, 3.751953125, 6.86328125, 0.17919921875, 0.43701171875, 1.1005859375, 1.44140625, 2.96875, 11.3046875, 5.375, 5.34375, 2.443359375, 5.265625, 5.05859375, 0.039764404296875, 0.11920166015625, 7.75390625, 6.09375, 1.0517578125, 0.170166015625, 0.432861328125, 4.7890625, 8.3203125, 1.01171875, 7.3125, 1.796875, 0.9541015625, 12.28125, 5.59765625, 5.578125, 0.045684814453125, 9.65625, 4.04296875, 0.78564453125, 6.0703125, 0.56298828125, 1.98046875, 2.46875, 5.78125, 12.796875, 2.798828125, 4.03515625, 6.875, 4.52734375, 0.084228515625, 4.9921875, 5.69140625, 1.7470703125, 10.5546875, 0.0170135498046875, 6.4296875, 3.322265625, 2.6640625, 4.4375, 11.1328125, 4.125, 4.46484375, 11.0390625, 1.494140625, 0.0274658203125, 5.234375, 1.2724609375, 1.2998046875, 6.75390625, 8.2734375, 10.578125, 2.650390625, 5.02734375, 0.0012750625610351562, 0.0020198822021484375, 1.3203125, 8.4765625, 2.640625, 6.3125, 0.0054779052734375, 3.185546875, 9.1015625, 0.324951171875, 3.9296875, 6.57421875, 1.5517578125, 4.55859375, 7.46484375, 2.83203125, 1.869140625, 8.7578125, 0.345703125, 0.32470703125, 7.0859375, 7.703125, 0.26611328125, 2.107421875, 1.0341796875, 5.98046875, 2.369140625, 10.578125, 9.09375, 2.05078125, 9.5234375, 0.417724609375, 8.9140625, 2.431640625, 3.68359375, 4.87890625, 6.7890625, 1.4365234375, 1.0869140625, 4.33984375, 0.25390625, 3.251953125, 4.546875, 7.82421875, 0.2159423828125, 0.10516357421875, 0.07415771484375, 0.5126953125, 1.1396484375, 9.203125, 9.0703125, 4.98046875, 0.2076416015625, 1.05078125, 0.75634765625]",-1.6962431884089182
143,0,test,3.807066111951261,1.77319095996002,2.4196759843406364,6.145101278530025,2.8621614951528587,3.9056726486367888,45.01816666413003,37.374517319899496,41.01378119588132,72.66519293068815,60.32734589135952,66.2015924737867,3.783311231651498,1.6962153379374345,2.3507388539084695,6.10675780326356,2.737912800909881,3.7943991283196494,43.961367270285145,35.899897498496244,39.77190504821121,70.9593808656233,57.94711715789882,64.19704238760178,3.807066111951261,1.77319095996002,2.4196759843406364,6.145101278530025,2.8621614951528587,3.9056726486367888,45.01816666413003,37.374517319899496,41.01378119588132,72.66519293068815,60.32734589135952,66.2015924737867,0.7537688442211055,0.0037688442211054607,0.008768844221105465,0.6281407035175879,0.003140703517587884,-0.0018592964824121205,0.507537688442211,-0.012462311557788985,-0.0024623115577889765,0.40878378378378377,0.08332004010756122,0.1627163680534467,0.4203389830508475,0.40703517587939697,0.0787143738743844,0.15327891544534022,0.4191919191919192,0.40878378378378377,0.08332004010756122,0.1627163680534467,0.4203389830508475,24.0,0.0,1.0,36.0,2.0,0.0,42.0,0.0,1.0,0.00040395153650677536,8.555576605420266e-05,4.589942906288208e-06,0.00036349275698022154,-0.0001152664056931485,2.979210245257491e-05,"[3.0625, 6.44921875, 0.0345458984375, 0.00528717041015625, 0.01554107666015625, 12.6484375, 5.9375, 5.44140625, 4.921875, 2.9375, 0.369384765625, 0.1429443359375, 6.5234375, 4.38671875, 6.69921875, 8.2265625, 0.38720703125, 0.49853515625, 3.29296875, 6.08203125, 5.05078125, 0.439208984375, 8.9921875, 0.63232421875, 0.0015201568603515625, 1.3876953125, 8.7890625, 10.109375, 4.890625, 1.20703125, 1.0146484375, 0.00049591064453125, 0.666015625, 4.01953125, 6.359375, 0.1136474609375, 0.75244140625, 12.734375, 5.30078125, 2.125, 1.1240234375, 8.890625, 4.60546875, 0.144287109375, 0.08148193359375, 1.4423828125, 2.888671875, 9.71875, 8.625, 4.12109375, 0.04150390625, 0.0005974769592285156, 0.006103515625, 0.0018138885498046875, 5.640625, 6.8359375, 1.2470703125, 4.9765625, 0.2366943359375, 6.671875, 5.79296875, 0.190673828125, 0.006969451904296875, 0.06329345703125, 0.021392822265625, 4.8203125, 2.244140625, 0.0002090930938720703, 6.0, 3.208984375, 0.826171875, 2.255859375, 8.0546875, 11.265625, 7.1484375, 0.08642578125, 1.548828125, 1.318359375, 0.00031113624572753906, 3.70703125, 2.0859375, 2.576171875, 0.0369873046875, 6.5625, 0.728515625, 0.0259552001953125, 0.0777587890625, 1.9697265625, 3.412109375, 1.2333984375, 5.56640625, 2.087890625, 0.27978515625, 5.015625, 1.48046875, 9.0703125, 3.24609375, 8.2109375, 7.00390625, 11.34375, 3.5, 7.0546875, 1.90234375, 6.84765625, 9.0078125, 4.1171875, 1.0, 2.9453125, 4.6015625, 5.13671875, 1.02734375, 7.42578125, 2.2578125, 4.9375, 2.255859375, 12.09375, 3.015625, 9.2109375, 6.82421875, 10.390625, 3.568359375, 1.974609375, 3.583984375, 1.2841796875, 6.4375, 0.33984375, 0.2437744140625, 3.53125, 4.73828125, 7.15234375, 1.00390625, 3.205078125, 1.109375, 12.6015625, 0.394775390625, 4.9375, 9.1171875, 2.740234375, 2.955078125, 13.3359375, 4.0625, 0.364013671875, 2.919921875, 1.095703125, 0.0218658447265625, 3.546875, 7.765625, 0.00742340087890625, 0.5888671875, 1.6083984375, 3.46875, 6.13671875, 1.796875, 2.2265625, 2.357421875, 8.59375, 0.00142669677734375, 3.130859375, 2.4296875, 3.927734375, 2.107421875, 5.5390625, 0.39697265625, 3.48046875, 0.724609375, 2.5234375, 8.1171875, 4.1875, 5.50390625, 1.2822265625, 4.08984375, 2.146484375, 7.2421875, 0.043670654296875, 2.919921875, 7.265625, 2.91796875, 1.1279296875, 4.4921875, 9.6640625, 3.177734375, 5.3125, 1.4921875, 14.171875, 3.037109375, 8.90625, 0.16015625, 1.794921875, 11.2578125, 3.689453125, 1.064453125, 1.0009765625, 8.2109375, 3.322265625, 2.775390625, 5.76953125, 4.2109375, 3.46875, 0.004909515380859375, 1.8349609375, 6.8984375, 1.109375, 3.09375, 4.99609375, 0.007282257080078125, 2.552734375, 3.7421875, 0.130126953125, 0.01081085205078125, 6.12890625, 3.138671875, 9.421875, 0.1370849609375, 0.0004940032958984375, 10.0, 9.4921875, 2.099609375, 3.54296875, 5.37890625, 4.7890625, 3.798828125, 0.0095672607421875, 0.93505859375, 6.1171875, 0.179931640625, 1.201171875, 5.5390625, 7.37890625, 0.159912109375, 0.07073974609375, 2.166015625, 12.0625, 0.410888671875, 0.56689453125, 10.9140625, 0.541015625, 8.3203125, 6.3984375, 1.19921875, 1.763671875, 0.0040130615234375, 10.5625, 3.12890625, 0.7734375, 5.35546875, 0.42578125, 8.921875, 0.0200958251953125, 2.4609375, 4.7265625, 2.203125, 0.251220703125, 9.953125, 3.205078125, 5.29296875, 0.047760009765625, 1.07421875, 7.5234375, 5.2578125, 2.06640625, 11.421875, 5.98828125, 0.00290679931640625, 5.27734375, 2.87109375, 4.5703125, 3.513671875, 0.6396484375, 2.990234375, 0.51123046875, 11.28125, 4.08203125, 0.01132965087890625, 3.103515625, 1.4443359375, 8.03125, 1.58203125, 3.49609375, 11.5546875, 1.04296875, 8.453125, 3.93359375, 3.123046875, 6.13671875, 0.7001953125, 1.9716796875, 0.0113525390625, 8.8984375, 4.7890625, 1.984375, 4.40234375, 0.06292724609375, 5.2109375, 0.8671875, 5.796875, 10.65625]",-0.940543980211825
262,0,test,3.508837106561816,1.5860821601865351,2.1576583645126286,7.664693821425811,3.4646333711876087,4.713182810424749,33.40939362045602,26.569617867952775,29.547418499214345,72.97938464610252,58.03859789595358,64.54329714721999,3.5544939472447687,1.567625140295832,2.1822242328287995,7.7644264946907,3.424315909298697,4.766844423484186,34.97011876424854,27.677455525721847,31.025825802215916,76.38862822261383,60.458555332782474,67.77272586583335,3.508434129797894,1.574182414572445,2.186440325846448,7.663813560125896,3.438639600626334,4.77605404511139,33.39593312344617,26.477068286805924,29.645040652378178,72.94998157462,57.8364328534484,64.75654270164878,0.7236180904522613,-0.006381909547738651,-0.0013819095477386467,0.5979899497487438,-0.0020100502512562235,0.007989949748743674,0.457286432160804,-0.0027135678391959628,0.007286432160804046,0.40065146579804556,0.09658642514763904,0.157964575223831,0.3594771241830066,0.39698492462311563,0.07618291961058432,0.14990646051627088,0.3484848484848485,0.39799331103678925,0.08914523090323334,0.1521646124828404,0.3657718120805369,28.0,16.0,18.0,39.0,17.0,16.0,49.0,17.0,17.0,-0.0008896593383562047,-0.0003631185441574312,-0.0001516148478161723,-0.0004754436609601953,-7.265763014618898e-05,6.834222911056287e-05,"[3.056640625, 9.4453125, 2.48046875, 1.80859375, 2.875, 2.357421875, 7.6796875, 6.51171875, 3.923828125, 6.31640625, 6.5078125, 9.8515625, 6.7578125, 1.9091796875, 9.1328125, 5.046875, 3.779296875, 4.95703125, 1.701171875, 5.7734375, 4.421875, 3.826171875, 3.138671875, 1.0927734375, 5.7890625, 3.013671875, 2.826171875, 9.1640625, 2.755859375, 1.6787109375, 4.62890625, 0.37548828125, 1.2958984375, 4.1796875, 4.1953125, 0.8701171875, 0.329345703125, 2.927734375, 2.091796875, 2.4921875, 7.0390625, 8.2109375, 0.282958984375, 0.323486328125, 1.75, 0.96044921875, 1.853515625, 2.07421875, 3.921875, 3.775390625, 5.1640625, 2.666015625, 4.32421875, 10.5078125, 0.50341796875, 0.0185699462890625, 0.9296875, 0.2529296875, 3.341796875, 3.810546875, 2.70703125, 6.828125, 3.568359375, 0.92626953125, 11.2421875, 0.6416015625, 9.46875, 9.0625, 1.14453125, 0.0204315185546875, 0.580078125, 0.17041015625, 0.46435546875, 6.2890625, 1.3779296875, 1.392578125, 6.73046875, 5.9765625, 2.20703125, 8.109375, 6.26953125, 7.35546875, 10.265625, 0.03265380859375, 2.314453125, 3.396484375, 0.477294921875, 0.395263671875, 7.1640625, 10.234375, 7.55859375, 8.1875, 1.3974609375, 6.69140625, 10.3984375, 2.703125, 0.06689453125, 2.60546875, 5.63671875, 3.19921875, 5.60546875, 6.55859375, 3.640625, 1.791015625, 2.02734375, 0.6728515625, 1.537109375, 2.88671875, 2.3125, 1.6494140625, 8.2734375, 0.876953125, 5.84375, 5.9765625, 0.393798828125, 0.0762939453125, 9.171875, 7.80859375, 1.671875, 0.57470703125, 0.75048828125, 5.18359375, 0.24658203125, 3.064453125, 5.234375, 8.7109375, 0.74169921875, 4.453125, 4.5703125, 5.32421875, 1.9921875, 2.89453125, 0.7431640625, 2.068359375, 2.4609375, 0.177734375, 2.935546875, 1.234375, 2.220703125, 5.296875, 10.5546875, 9.8125, 1.228515625, 4.49609375, 6.1484375, 0.163330078125, 5.85546875, 1.87109375, 0.284423828125, 4.0078125, 0.82373046875, 0.5361328125, 8.03125, 6.25390625, 3.078125, 9.875, 2.177734375, 0.08551025390625, 0.018768310546875, 4.15234375, 0.1748046875, 2.62890625, 11.1328125, 10.7421875, 1.2587890625, 3.11328125, 2.853515625, 0.0472412109375, 0.15478515625, 0.92529296875, 0.031402587890625, 0.325439453125, 0.52587890625, 0.35986328125, 3.3515625, 3.201171875, 0.07501220703125, 0.43310546875, 0.94970703125, 1.7001953125, 2.4140625, 1.369140625, 0.357177734375, 0.21044921875, 4.80859375, 0.84423828125, 6.07421875, 1.705078125, 7.71484375, 1.32421875, 4.56640625, 0.0528564453125, 2.67578125, 0.385009765625, 9.6171875, 6.43359375, 0.61962890625, 1.9736328125, 0.37841796875, 11.65625, 0.68603515625, 5.5234375, 6.96484375, 0.27685546875, 4.76953125, 0.296142578125, 7.4609375, 0.360595703125, 2.033203125, 4.62890625, 0.050872802734375, 0.004241943359375, 7.37890625, 2.123046875, 3.25, 3.51953125, 0.326171875, 2.4921875, 0.09735107421875, 2.20703125, 0.150634765625, 3.349609375, 4.33203125, 6.140625, 6.453125, 7.73828125, 0.01678466796875, 1.904296875, 4.52734375, 0.6025390625, 7.48046875, 0.077392578125, 5.05078125, 2.228515625, 1.3017578125, 3.7734375, 1.0927734375, 0.406982421875, 0.252685546875, 0.7294921875, 5.13671875, 3.43359375, 11.671875, 4.01953125, 5.578125, 10.53125, 0.6259765625, 0.748046875, 8.796875, 5.296875, 3.478515625, 0.01261138916015625, 0.00620269775390625, 5.296875, 11.390625, 0.50048828125, 3.783203125, 3.09375, 1.8447265625, 8.3125, 0.337158203125, 8.6796875, 0.25927734375, 3.0078125, 1.830078125, 6.41796875, 8.15625, 0.09765625, 2.41015625, 0.44775390625, 4.796875, 1.2255859375, 0.0024261474609375, 0.0203857421875, 1.392578125, 0.0104217529296875, 0.15380859375, 0.19384765625, 1.4453125, 6.609375, 1.3125, 6.57421875, 2.47265625, 7.171875, 6.734375, 5.8203125, 2.05859375, 0.95703125, 0.6181640625, 7.3671875, 1.029296875, 3.427734375, 2.58203125, 1.6201171875, 6.828125, 1.333984375, 9.7734375, 4.015625, 1.0087890625, 0.481689453125, 10.375, 10.625, 0.0034122467041015625, 1.005859375, 8.75, 1.658203125, 0.287109375]",-0.5423608991144535
482,0,test,3.667161705080143,1.671010428363891,2.3249155178229,6.275495030524469,2.8595460147353906,3.978552611485667,39.14065533089813,31.77998300853286,35.313023897238395,66.98013553104398,54.38405543009497,60.43003385231641,3.6804829889805473,1.674626005336822,2.3411808935530103,6.298291312128683,2.865733234484843,4.0063870220660665,39.66554746909547,32.233086803612686,35.84916836179802,67.87836644359295,55.159437276604805,61.34752050645718,3.6791256045507006,1.7005401199575156,2.3250464510391504,6.295968464125495,2.910079219363918,3.9787766732571375,39.61174259776813,32.379237341727425,35.7385498996871,67.78629191026518,55.409539958026514,61.15822271566173,0.7738693467336684,-0.01113065326633167,0.003869346733668344,0.6331658291457287,0.0031658291457287158,0.00816582914572872,0.4723618090452262,-0.01263819095477381,-0.007638190954773805,0.4173553719008265,0.09982959870495023,0.1591136136590683,0.41493775933609955,0.4170854271356784,0.08876462513066585,0.15999026853801568,0.4191919191919192,0.40909090909090906,0.08537956888472353,0.15084915084915085,0.4024896265560166,19.0,3.0,3.0,31.0,4.0,3.0,38.0,2.0,2.0,-0.00014535940917435723,2.2633970131632527e-05,0.00013596969929367394,-1.0723023486036709e-05,6.835210348388188e-05,8.884262040620428e-05,"[3.056640625, 9.4453125, 2.4296875, 1.0791015625, 0.80224609375, 4.9921875, 0.57177734375, 5.48828125, 0.380126953125, 12.65625, 4.53515625, 4.1328125, 2.603515625, 6.4453125, 0.55810546875, 4.59765625, 1.7919921875, 8.578125, 4.7265625, 6.44921875, 2.310546875, 0.35986328125, 4.9921875, 5.046875, 6.234375, 2.447265625, 2.455078125, 5.640625, 3.814453125, 12.2578125, 1.232421875, 0.0173492431640625, 7.63671875, 1.013671875, 0.9326171875, 5.16796875, 0.7509765625, 4.12109375, 4.53125, 2.3125, 9.2109375, 2.375, 1.708984375, 5.046875, 4.87109375, 0.57275390625, 8.734375, 1.7265625, 2.25, 2.185546875, 3.17578125, 3.005859375, 3.93359375, 2.232421875, 0.044219970703125, 0.56591796875, 3.525390625, 5.12109375, 4.73828125, 2.548828125, 0.08062744140625, 6.2421875, 7.4375, 1.9638671875, 1.6923828125, 3.232421875, 3.13671875, 1.2109375, 2.783203125, 0.6240234375, 9.6953125, 0.036895751953125, 1.8232421875, 1.412109375, 4.953125, 0.09613037109375, 0.71142578125, 5.51953125, 0.39990234375, 0.97705078125, 6.3984375, 3.78515625, 7.3515625, 5.52734375, 5.8984375, 6.46875, 1.7626953125, 9.0625, 0.955078125, 3.62109375, 5.015625, 0.615234375, 2.466796875, 3.0, 3.986328125, 5.16796875, 0.12078857421875, 8.25, 4.4453125, 0.318115234375, 0.5556640625, 2.9296875, 0.9208984375, 2.845703125, 1.478515625, 1.9541015625, 0.71826171875, 0.09429931640625, 3.71875, 2.01171875, 4.0390625, 0.00885009765625, 8.671875, 5.140625, 0.1322021484375, 11.03125, 1.8837890625, 0.69677734375, 1.6875, 3.142578125, 0.724609375, 7.53125, 2.201171875, 1.201171875, 5.6484375, 0.70263671875, 6.86328125, 4.12109375, 5.74609375, 2.490234375, 1.572265625, 7.4140625, 6.1953125, 8.0234375, 0.9619140625, 0.984375, 6.9140625, 0.01290130615234375, 0.01064300537109375, 10.5625, 5.13671875, 1.5859375, 1.0, 1.787109375, 6.56640625, 0.73291015625, 2.576171875, 2.375, 1.7314453125, 1.4384765625, 16.25, 2.8203125, 4.1640625, 0.2393798828125, 12.3125, 5.94140625, 3.798828125, 2.986328125, 0.00623321533203125, 9.1171875, 2.646484375, 15.6171875, 6.8515625, 10.9765625, 1.185546875, 2.30859375, 1.1455078125, 4.56640625, 1.5380859375, 0.78759765625, 1.7607421875, 4.6796875, 0.035980224609375, 7.765625, 7.671875, 3.421875, 4.3828125, 1.9892578125, 0.83203125, 0.76953125, 11.3046875, 3.607421875, 0.029388427734375, 4.0625, 1.373046875, 8.484375, 0.0645751953125, 2.650390625, 3.69140625, 3.716796875, 1.732421875, 0.1295166015625, 0.281005859375, 4.41796875, 2.671875, 4.46875, 6.1328125, 1.9580078125, 4.40625, 3.451171875, 2.037109375, 0.74169921875, 2.029296875, 1.119140625, 1.349609375, 0.341552734375, 0.5732421875, 3.876953125, 0.0733642578125, 9.2734375, 0.09033203125, 0.363037109375, 5.7890625, 2.037109375, 5.94140625, 2.361328125, 2.349609375, 6.48828125, 0.66845703125, 1.8369140625, 14.2109375, 2.5078125, 12.2890625, 2.794921875, 2.6484375, 1.419921875, 2.71484375, 0.09857177734375, 1.07421875, 7.84375, 10.5859375, 2.09375, 0.1722412109375, 4.76171875, 2.888671875, 10.3828125, 4.578125, 1.1962890625, 5.78515625, 4.26953125, 5.2421875, 8.4609375]",-0.70082115929974
243,0,test,3.159929677995585,1.4069912862003702,1.9382719474490013,5.501995204039371,2.4498201218547617,3.3748735084994372,23.56893845579624,17.797401635111044,20.17613102091359,41.037681075974625,30.988416964663926,35.13020460112013,3.3199779951392707,1.4418558921939,2.0312597723635486,5.780667568007201,2.510525553467026,3.536781721291826,27.659741903051703,21.11853230010993,24.03160878739284,48.16049178413708,36.77109153430905,41.84327177098989,3.159929677995585,1.4069912862003702,1.9382719474490013,5.501995204039371,2.4498201218547617,3.3748735084994372,23.56893845579624,17.797401635111044,20.17613102091359,41.037681075974625,30.988416964663926,35.13020460112013,0.7336683417085428,-0.01633165829145722,-0.0063316582914572095,0.6180904522613065,0.0030904522613065533,0.02309045226130657,0.46733668341708545,-0.002663316582914521,0.0023366834170854833,0.41355932203389834,0.0954544150965041,0.15651309880954656,0.3877551020408163,0.4321608040201005,0.09381493935844631,0.17673509450424074,0.4191919191919192,0.41355932203389834,0.0954544150965041,0.15651309880954656,0.3877551020408163,25.0,13.0,15.0,37.0,14.0,15.0,47.0,15.0,19.0,-0.0008948093616581526,-0.0002363325798700322,-0.00011651532258240787,0.005032091876683076,0.003377188847876411,0.004214488031251129,"[3.0625, 9.453125, 2.48046875, 1.494140625, 0.81689453125, 2.970703125, 1.1455078125, 4.83984375, 6.30859375, 0.30078125, 3.90625, 5.53515625, 7.3828125, 0.2626953125, 1.8369140625, 4.9140625, 0.1253662109375, 6.62890625, 8.890625, 2.048828125, 3.75, 8.71875, 7.7421875, 7.7421875, 1.8017578125, 2.443359375, 3.154296875, 8.125, 3.189453125, 0.149658203125, 4.14453125, 3.904296875, 7.90625, 1.2822265625, 2.287109375, 1.2236328125, 0.06500244140625, 6.87109375, 0.5576171875, 0.591796875, 5.85546875, 4.9765625, 0.73779296875, 0.791015625, 9.734375, 0.5908203125, 6.9609375, 0.02972412109375, 1.3427734375, 7.82421875, 0.270263671875, 2.49609375, 3.076171875, 4.96875, 2.142578125, 12.015625, 0.4658203125, 2.365234375, 6.109375, 4.99609375, 0.5703125, 0.020294189453125, 0.00980377197265625, 0.767578125, 0.39697265625, 6.44921875, 0.7333984375, 2.921875, 0.165771484375, 0.828125, 4.09375, 2.390625, 6.26953125, 5.796875, 1.2744140625, 9.9921875, 7.7421875, 2.66796875, 3.259765625, 0.1761474609375, 0.69970703125, 3.552734375, 7.73046875, 1.3818359375, 0.59423828125, 6.44921875, 0.038970947265625, 1.4365234375, 6.46875, 1.4130859375, 0.212890625, 6.75390625, 4.34375, 5.46484375, 4.65234375, 0.0311279296875, 0.031158447265625, 3.0625, 0.338623046875, 6.09765625, 3.650390625, 1.7431640625, 2.900390625, 4.50390625, 7.62890625, 2.27734375, 1.3681640625, 4.14453125, 0.73095703125, 5.7265625, 8.6484375, 3.923828125, 4.37890625, 1.1806640625, 1.1474609375, 0.4794921875, 5.32421875, 0.869140625, 6.296875, 0.7333984375, 0.29638671875, 1.6953125, 8.484375, 0.00804901123046875, 2.833984375, 1.8876953125, 4.5546875, 2.158203125, 0.53662109375, 2.71484375, 2.091796875, 1.03125, 3.841796875, 0.9365234375, 4.109375, 0.1815185546875, 7.75, 0.72705078125, 6.82421875, 3.568359375, 2.009765625, 0.615234375, 8.671875, 1.265625, 4.2265625, 5.17578125, 0.043060302734375, 3.779296875, 10.5, 1.365234375, 3.943359375, 0.244384765625, 1.5400390625, 0.658203125, 3.583984375, 2.599609375, 4.125, 2.310546875, 0.352783203125, 3.060546875, 3.2890625, 1.1943359375, 5.58203125, 7.734375, 2.869140625, 10.703125, 3.302734375, 2.494140625, 3.201171875, 1.9599609375, 3.626953125, 2.458984375, 1.943359375, 5.828125, 5.484375, 0.43603515625, 3.22265625, 0.060394287109375, 1.0908203125, 4.52734375, 2.130859375, 0.76123046875, 0.916015625, 3.0859375, 4.44140625, 1.501953125, 5.84765625, 2.1328125, 0.2091064453125, 3.814453125, 3.849609375, 4.36328125, 2.900390625, 7.55859375, 7.8828125, 3.142578125, 0.1475830078125, 4.75390625, 0.50244140625, 6.25390625, 1.8349609375, 1.9677734375, 3.46484375, 1.0517578125, 2.7109375, 2.32421875, 2.005859375, 7.4921875, 1.0087890625, 3.490234375, 0.08331298828125, 0.65380859375, 3.255859375, 5.3125, 9.3125, 1.3388671875, 3.966796875, 0.0897216796875, 1.0556640625, 11.0859375, 1.7265625, 2.708984375, 1.802734375, 5.86328125, 1.1806640625, 5.1796875, 0.055755615234375, 0.060882568359375, 2.701171875, 2.115234375, 10.6484375, 0.51416015625, 0.2210693359375, 6.4140625, 2.787109375, 1.8330078125, 6.95703125, 0.533203125, 11.7578125, 10.4921875, 2.826171875, 4.05859375, 4.15234375, 1.5166015625, 0.5810546875, 0.349365234375, 3.984375, 4.578125, 0.08721923828125, 6.12890625, 1.4228515625, 6.2109375, 0.66162109375, 7.94140625, 0.27880859375, 0.2266845703125, 5.9921875, 0.783203125, 2.912109375, 0.00400543212890625, 0.135498046875, 0.000774383544921875, 0.0062408447265625, 0.0027561187744140625, 0.77734375, 2.634765625, 0.386962890625, 9.65625, 3.26953125, 2.255859375, 0.00397491455078125, 8.9296875, 4.43359375, 4.54296875, 6.4921875, 0.5703125, 0.0007452964782714844, 0.460205078125, 0.322998046875, 3.64453125, 0.0310211181640625, 4.46875, 8.515625, 2.935546875, 2.150390625, 0.8857421875, 0.462890625, 0.03814697265625, 0.330322265625, 0.0204010009765625, 0.0010442733764648438, 0.4326171875, 0.0721435546875, 3.275390625, 0.0253448486328125]",-1.1810293941174521
320,0,test,3.2890312192726694,1.4447749169990294,1.9957871685279778,5.858586859329443,2.5735053209045216,3.554995893940461,26.816871399353857,20.493476052819155,23.172280763504183,47.76755218009906,36.50400421908412,41.27562510999182,3.7739210655940836,1.6335310309878,2.293712963819986,6.7222968980894615,2.9097271489470184,4.08567621680435,43.55049483078335,35.047741480507,39.15663487494706,77.57431891733285,62.4287895121531,69.74775587099946,3.238829900588479,1.4092086498675074,1.9774925861036992,5.7691657604232285,2.5101529075764977,3.5224086689972145,25.503862227271245,19.272336201751745,21.973722988830538,45.42875459232691,34.3288488593703,39.1406940738544,0.7336683417085428,-0.01633165829145722,-0.01633165829145722,0.5979899497487438,-0.0020100502512562235,0.002989949748743781,0.5175879396984925,-0.002412060301507535,-0.002412060301507535,0.4193548387096774,0.11481603929532891,0.17106549364613877,0.388235294117647,0.42713567839195976,0.103827407715268,0.17004051979429702,0.4242424242424242,0.41137123745819393,0.110870402733653,0.16887958006108605,0.3691275167785235,22.0,6.0,6.0,36.0,8.0,8.0,43.0,5.0,4.0,-0.0008949061273888413,-2.8364628130522867e-05,-0.0005793653911074585,0.00550323114290574,0.00879986416835088,0.010305111408517753,"[3.056640625, 9.4453125, 2.4296875, 1.0791015625, 3.802734375, 9.9140625, 4.25390625, 2.556640625, 1.576171875, 5.30859375, 1.75, 2.509765625, 1.0966796875, 5.23046875, 2.359375, 8.3671875, 0.87255859375, 8.3671875, 1.10546875, 10.796875, 1.783203125, 5.66796875, 11.140625, 0.0030422210693359375, 1.111328125, 1.5234375, 1.2509765625, 5.1328125, 5.5, 5.30859375, 2.1796875, 3.4765625, 2.18359375, 0.34716796875, 1.8759765625, 1.98046875, 9.3671875, 0.1556396484375, 4.68359375, 3.021484375, 1.7939453125, 9.625, 7.921875, 0.3408203125, 4.44140625, 0.437744140625, 2.818359375, 0.80908203125, 6.50390625, 1.28515625, 1.2060546875, 2.904296875, 3.7890625, 1.3642578125, 0.83984375, 6.28515625, 0.21923828125, 0.076416015625, 0.52099609375, 3.001953125, 4.2265625, 8.359375, 2.904296875, 8.4375, 0.195068359375, 6.3359375, 0.880859375, 2.451171875, 1.4765625, 1.9765625, 6.2578125, 0.01111602783203125, 0.08392333984375, 0.0146484375, 0.469970703125, 9.0234375, 3.30859375, 5.2734375, 3.02734375, 6.76953125, 1.91015625, 0.07025146484375, 6.26953125, 4.02734375, 7.078125, 6.45703125, 3.279296875, 0.7001953125, 8.8046875, 2.5390625, 5.0390625, 4.23046875, 14.4296875, 5.546875, 5.54296875, 10.9453125, 5.68359375, 0.8564453125, 0.669921875, 4.8125, 8.890625, 7.20703125, 0.90576171875, 11.5625, 0.059967041015625, 0.07421875, 12.828125, 3.4140625, 5.6484375, 0.0089263916015625, 0.1470947265625, 0.03228759765625, 8.3359375, 3.236328125, 8.6484375, 6.421875, 4.4609375, 7.94140625, 0.08709716796875, 4.07421875, 0.47412109375, 0.77392578125, 1.2529296875, 9.78125, 1.720703125, 9.2265625, 0.059478759765625, 0.810546875, 0.306884765625, 3.337890625, 9.6328125, 4.22265625, 8.96875, 4.078125, 3.322265625, 0.9345703125, 10.140625, 7.08203125, 6.33984375, 0.9130859375, 1.119140625, 4.66796875, 2.583984375, 1.03125, 5.85546875, 0.751953125, 5.0546875, 2.2734375, 1.84375, 3.3984375, 1.486328125, 6.5703125, 5.671875, 2.42578125, 0.247314453125, 2.201171875, 0.0093536376953125, 0.059295654296875, 0.046478271484375, 5.76171875, 1.935546875, 0.37451171875, 1.73046875, 6.82421875, 2.955078125, 9.390625, 4.01171875, 1.8671875, 6.4375, 1.0654296875, 1.2177734375, 2.4921875, 6.484375, 5.4921875, 4.9453125, 3.83203125, 3.1484375, 6.0546875, 7.140625, 0.181884765625, 0.525390625, 0.775390625, 0.32080078125, 8.5078125, 6.00390625, 2.36328125, 3.3359375, 5.0078125, 6.1328125, 6.86328125, 0.0087127685546875, 0.394775390625, 6.71484375, 4.01953125, 1.6630859375, 3.462890625, 7.12890625, 0.200439453125, 0.95947265625, 4.69921875, 4.203125, 0.11260986328125, 8.78125, 6.3125, 0.1739501953125, 1.724609375, 2.974609375, 1.6552734375, 6.87890625, 4.515625, 0.81396484375, 4.6328125, 1.9765625, 2.57421875, 0.0056304931640625, 0.342529296875, 0.0003643035888671875, 0.00862884521484375, 0.007080078125, 1.95703125, 0.00157928466796875, 0.0105438232421875, 7.7421875, 7.0390625, 4.390625, 1.494140625, 0.0014743804931640625, 0.00766754150390625, 6.4375, 1.3310546875, 0.419921875, 2.251953125, 1.607421875, 0.01519012451171875, 2.357421875, 0.329833984375, 2.46484375, 0.38232421875, 1.412109375, 0.5419921875, 4.59765625, 2.23828125, 2.755859375, 0.82373046875, 0.001209259033203125, 0.744140625, 5.140625, 0.06927490234375, 0.0672607421875, 0.7236328125, 3.44921875, 5.20703125, 5.3046875, 0.035980224609375, 5.375, 8.7421875, 0.0836181640625, 4.45703125, 2.46484375, 3.751953125, 9.203125, 1.404296875, 0.1640625, 6.66015625, 0.07440185546875, 0.31689453125, 0.01175689697265625, 0.291259765625, 0.00734710693359375, 0.0009069442749023438, 0.00220489501953125, 0.0004935264587402344, 0.60302734375, 2.181640625, 0.96533203125, 0.2137451171875, 0.41259765625, 0.00861358642578125, 8.285045623779297e-05, 0.00778961181640625, 0.0007109642028808594, 0.0003769397735595703, 1.2431640625, 8.1953125, 2.203125, 0.197021484375, 5.4921875, 3.423828125, 0.9638671875, 1.466796875, 0.6142578125, 0.050537109375, 7.5859375, 0.470458984375, 6.28515625, 0.0151519775390625, 0.71044921875, 0.01198577880859375, 1.2822265625, 6.265625, 8.2890625, 0.0614013671875, 0.050201416015625, 4.734375, 9.5234375, 0.2283935546875, 1.5458984375, 1.6328125, 8.359375, 3.03125, 8.1640625, 1.8046875, 8.59375, 0.02215576171875, 6.48828125, 0.2578125, 0.85009765625, 5.859375, 0.06842041015625, 3.42578125, 0.187744140625, 0.884765625, 6.73046875, 0.810546875, 8.3359375, 8.046875, 3.546875, 1.421875, 4.765625, 5.546875, 7.171875, 0.55126953125, 0.0401611328125, 3.783203125, 0.0011415481567382812, 7.921875, 1.603515625, 0.1951904296875, 5.7578125, 7.65234375, 1.455078125]",-1.3349922182273306
185,0,test,3.91798711527249,1.7306845421688362,2.4372466510205157,6.757108213296033,2.9848037756245147,4.203367412629585,50.29909652790389,41.387953019788796,45.90289682315206,86.74771720029801,71.37922332398358,79.16586553558109,3.8735173671089824,1.7351049799590093,2.4024109007615158,6.680414009941578,2.992427429204668,4.143288365081455,48.11131396928259,39.625359450982245,43.75726388260263,82.97458496151634,68.33938803865053,75.46542611637264,3.9642601817972047,1.8029459857125296,2.476643071828385,6.836912487447353,3.109428584054942,4.2713119644576505,52.68128039885745,43.998739673942126,48.25474540325342,90.85612126759473,75.88188436520453,83.22195221720517,0.7688442211055276,0.003844221105527623,0.013844221105527632,0.6180904522613065,0.0030904522613065533,0.008090452261306558,0.542713567839196,0.0027135678391959628,-0.01228643216080394,0.45991561181434604,0.1314945591827671,0.21026624295039087,0.4661016949152542,0.46733668341708545,0.14152214707623334,0.2219276683920437,0.46464646464646464,0.47679324894514763,0.14626693315567396,0.2341565028020901,0.48305084745762716,27.0,1.0,3.0,39.0,-1.0,0.0,47.0,0.0,3.0,0.00012573022110645596,-1.1234449565670218e-05,5.474320403519615e-05,-4.537263278781012e-05,4.0869005880850295e-05,6.618974063954397e-05,"[3.056640625, 9.4453125, 2.4296875, 1.0791015625, 0.80224609375, 3.9921875, 1.2783203125, 5.078125, 5.23828125, 1.087890625, 7.9140625, 0.146728515625, 1.392578125, 7.3984375, 7.46484375, 7.40234375, 5.11328125, 4.94140625, 8.3046875, 4.69921875, 4.54296875, 13.375, 0.164306640625, 0.335205078125, 0.92919921875, 7.671875, 5.8125, 5.453125, 0.64990234375, 0.81982421875, 9.703125, 6.99609375, 1.490234375, 5.4296875, 6.6640625, 4.71484375, 1.2802734375, 2.767578125, 0.423828125, 4.91796875, 0.66943359375, 5.29296875, 0.1385498046875, 3.732421875, 0.662109375, 10.3046875, 2.330078125, 3.3125, 7.78125, 6.09375, 0.302490234375, 1.2021484375, 6.30859375, 0.67578125, 5.55859375, 5.0234375, 3.08203125, 4.57421875, 0.004802703857421875, 1.4013671875, 5.453125, 1.4482421875, 0.124755859375, 0.277099609375, 0.759765625, 0.52734375, 5.7109375, 0.82275390625, 1.1083984375, 2.37109375, 1.21875, 2.59765625, 0.251220703125, 1.1064453125, 6.28125, 0.2666015625, 5.8125, 2.818359375, 3.65234375, 7.44140625, 1.03515625, 3.9140625, 6.61328125, 8.0234375, 4.33984375, 7.47265625, 11.09375, 11.4140625, 3.439453125, 5.38671875, 4.328125, 9.9765625, 1.3349609375, 5.9375, 0.052276611328125, 1.7685546875, 6.7265625, 13.359375, 7.4140625, 5.59765625, 6.45703125, 6.1640625, 0.6767578125, 5.921875, 0.10504150390625, 6.62890625, 2.5390625, 0.036590576171875, 1.2109375, 1.6875, 3.322265625, 0.2744140625, 6.56640625, 1.240234375, 8.8984375, 4.4609375, 4.1796875, 4.00390625, 3.046875, 6.625, 3.0546875, 0.1307373046875, 0.90771484375, 5.09765625, 0.04937744140625, 9.9609375, 0.474609375, 6.3125, 4.0234375, 3.720703125, 0.9677734375, 0.300537109375, 5.91796875, 0.88916015625, 6.71875, 4.44140625, 2.84765625, 0.6396484375, 3.927734375, 10.359375, 1.3125, 7.53125, 7.375, 1.14453125, 0.5078125, 7.87109375, 0.5615234375, 1.234375, 0.209716796875, 0.2332763671875, 5.2265625, 2.564453125, 2.63671875, 6.75390625, 2.255859375, 7.24609375, 3.443359375, 7.16796875, 0.36181640625, 10.859375, 0.248779296875, 0.98583984375, 9.4296875, 2.33984375, 3.837890625, 4.40625, 0.54833984375, 1.224609375, 3.701171875, 1.3681640625, 0.76123046875, 3.205078125, 0.00965118408203125, 8.7421875, 1.1162109375, 1.966796875, 5.265625, 6.16015625, 0.6435546875, 7.03125, 1.6806640625, 0.1318359375, 3.71484375, 2.875, 0.333984375, 6.375, 3.623046875, 0.06195068359375, 8.921875, 5.140625, 6.91796875, 2.392578125, 8.25, 0.2344970703125, 1.4892578125, 7.28125, 4.8515625, 1.359375, 3.103515625, 5.3828125, 5.6640625, 5.2109375, 12.5390625, 2.333984375, 2.443359375, 9.421875, 3.78515625, 4.109375, 0.9853515625, 8.375, 3.06640625, 0.607421875, 0.1982421875, 0.06298828125, 0.07940673828125, 2.501953125, 0.454345703125, 9.6953125, 10.59375, 5.5625, 2.556640625, 6.5703125, 5.90625, 10.3046875, 2.57421875, 9.2265625, 0.038299560546875, 2.046875, 4.734375, 7.3125, 5.8984375, 0.05572509765625, 4.7265625, 1.8857421875, 0.61669921875, 5.28515625, 2.59765625]",-0.723902933708223
160,0,test,3.492986466387193,1.5531531596346062,2.148633870986041,5.44437555375434,2.4208364890394143,3.348987988855337,32.88400819131683,25.926417100802016,29.048305706153286,51.25496248814188,40.410449000691415,45.27640945260764,3.520644652783571,1.5313028105815543,2.1454775701180115,5.487485240930818,2.3867792410740427,3.3440683914129905,33.80621471122815,26.495494140417154,29.85047710833696,52.692368181188016,41.29744617416976,46.52672130293862,3.492986466387193,1.5531531596346062,2.148633870986041,5.44437555375434,2.4208364890394143,3.348987988855337,32.88400819131683,25.926417100802016,29.048305706153286,51.25496248814188,40.410449000691415,45.27640945260764,0.7035175879396984,-0.001482412060301641,-0.0064824120603015345,0.592964824120603,-0.017035175879396958,-0.012035175879396953,0.5025125628140703,0.01751256281407032,0.012512562814070316,0.4316546762589928,0.10131356315306816,0.1840470207566004,0.4151624548736462,0.4170854271356784,0.09127089079482631,0.17000696302883367,0.3939393939393939,0.4316546762589928,0.10131356315306816,0.1840470207566004,0.4151624548736462,25.0,6.0,6.0,39.0,14.0,14.0,49.0,14.0,15.0,-0.0001249058583929415,-0.00026605449808889836,-0.0002034049171462196,0.00023875416349117273,-0.00018498985658865763,-3.328992298534672e-05,"[3.0625, 9.453125, 2.48046875, 1.494140625, 0.81689453125, 5.97265625, 6.80078125, 4.61328125, 1.736328125, 11.65625, 10.578125, 10.4453125, 1.185546875, 0.07904052734375, 0.004833221435546875, 1.7353515625, 3.1015625, 7.515625, 4.796875, 0.70458984375, 8.6796875, 5.48828125, 5.03125, 5.10546875, 5.609375, 0.32666015625, 2.169921875, 8.546875, 1.7314453125, 6.18359375, 5.81640625, 6.0546875, 7.77734375, 2.439453125, 1.2294921875, 1.78125, 3.923828125, 0.02484130859375, 7.87890625, 0.317138671875, 0.463134765625, 7.65625, 3.361328125, 3.81640625, 0.5615234375, 0.286376953125, 0.1419677734375, 0.0634765625, 1.07421875, 4.109375, 1.09375, 0.03729248046875, 2.16796875, 3.16015625, 0.712890625, 8.1015625, 11.90625, 1.4365234375, 5.2265625, 8.28125, 6.0546875, 2.568359375, 9.53125, 4.45703125, 0.5341796875, 6.47265625, 0.083251953125, 0.041107177734375, 2.984375, 9.484375, 5.58984375, 4.25390625, 0.0031566619873046875, 2.912109375, 4.25, 1.8095703125, 0.290283203125, 3.341796875, 8.0078125, 1.18359375, 6.14453125, 0.58251953125, 11.8984375, 0.83740234375, 0.76123046875, 2.697265625, 2.84375, 2.17578125, 5.0234375, 0.003955841064453125, 1.677734375, 2.70703125, 8.1640625, 0.42822265625, 5.77734375, 0.008880615234375, 9.109375, 4.39453125, 4.96875, 9.1953125, 0.317626953125, 10.8125, 0.626953125, 1.126953125, 5.6953125, 3.552734375, 4.52734375, 0.0191497802734375, 5.7578125, 0.2880859375, 0.314208984375, 3.447265625, 2.708984375, 4.9375, 3.46484375, 1.8134765625, 0.04473876953125, 5.87890625, 3.587890625, 3.5703125, 9.171875, 0.525390625, 6.28125, 4.3203125, 0.77294921875, 3.478515625, 0.6044921875, 2.9921875, 0.14111328125, 0.5517578125, 5.80078125, 4.140625, 0.330078125, 6.0234375, 0.0526123046875, 11.4375, 2.09765625, 1.0986328125, 4.734375, 1.470703125, 3.236328125, 7.1796875, 0.3203125, 0.60888671875, 5.47265625, 1.8623046875, 0.0034122467041015625, 1.3095703125, 5.9375, 9.671875, 0.94140625, 7.87890625, 4.51171875, 3.333984375, 0.190673828125, 0.59228515625, 9.3828125, 0.458984375, 6.27734375, 0.0101165771484375, 0.351318359375, 0.1011962890625, 0.054534912109375, 2.17578125, 0.11285400390625, 0.0156402587890625, 2.630859375, 0.5263671875, 0.43359375, 5.6953125, 9.7421875, 3.181640625, 2.078125, 5.58203125, 2.494140625, 3.439453125, 0.0123748779296875, 3.82421875, 3.8515625, 0.9052734375, 1.345703125, 6.51953125, 4.12890625, 3.224609375, 0.85498046875, 7.96875, 4.52734375, 0.08001708984375, 5.4765625, 1.341796875, 2.01953125, 5.44921875, 1.4794921875, 0.006206512451171875, 6.82421875, 2.169921875, 5.98046875, 3.16796875, 3.236328125, 7.30859375, 3.140625, 4.3046875, 0.472900390625, 1.140625, 9.234375, 0.432861328125, 4.5546875, 6.41015625, 4.94140625, 0.193359375, 5.2734375, 1.4716796875, 2.640625, 0.006023406982421875, 5.12890625, 0.41796875, 1.2451171875, 3.52734375, 1.111328125, 4.28125, 6.03515625, 0.5029296875, 4.0234375, 0.1033935546875, 6.6796875, 3.6328125, 2.513671875, 6.9921875, 5.38671875, 3.630859375, 5.7734375, 8.546875, 0.07684326171875, 0.86328125, 7.6640625, 2.6015625, 6.46875, 2.1484375, 0.267578125, 11.015625, 0.80322265625, 10.6171875, 2.228515625, 0.0184783935546875, 4.44921875, 5.5390625, 3.587890625, 0.1837158203125, 2.5625, 0.0244293212890625, 1.2314453125, 3.087890625, 0.81787109375, 6.98828125, 8.1640625, 3.9609375, 9.0078125, 3.44921875, 5.23046875, 2.08984375, 3.880859375, 2.14453125, 2.228515625, 3.490234375, 2.287109375, 0.38818359375, 1.8544921875, 4.34375, 0.00623321533203125, 8.609375, 1.7431640625, 3.994140625, 0.55029296875, 2.3828125, 4.61328125, 0.003612518310546875, 0.351318359375, 0.0010242462158203125]",-1.4074685316291644
345,0,test,3.6816256646396353,1.6041113224222627,2.233565858587259,6.241836615337312,2.719614023646939,3.7867926912829963,39.710898230363746,31.726300979211526,35.456046965429096,67.32594814917991,53.78884361418046,60.11226353334242,3.5014013896635428,1.486326845280372,2.0752378328847736,5.936283965234167,2.5199219503316646,3.5183629925345294,33.161892143568004,25.660605604428294,28.99919358145413,56.22274817444001,43.50504973164567,49.16529946281016,3.6816256646396353,1.6041113224222627,2.233565858587259,6.241836615337312,2.719614023646939,3.7867926912829963,39.710898230363746,31.726300979211526,35.456046965429096,67.32594814917991,53.78884361418046,60.11226353334242,0.728643216080402,-0.006356783919598041,-0.001356783919598037,0.5879396984924623,0.007939698492462233,0.0029396984924623393,0.4723618090452262,0.007361809045226209,0.007361809045226209,0.41156462585034015,0.08219280921197003,0.14007141318065686,0.39590443686006827,0.4170854271356784,0.09628342212314711,0.15498192129260668,0.398989898989899,0.41156462585034015,0.08219280921197003,0.14007141318065686,0.39590443686006827,25.0,6.0,6.0,36.0,3.0,4.0,44.0,4.0,3.0,0.00047058914419937763,-0.00012715950632351478,-0.00013562691459501034,0.008756530935529305,0.009315866610112522,0.01007886444199002,"[3.0625, 9.453125, 2.48046875, 1.494140625, 0.81689453125, 4.97265625, 1.1650390625, 6.97265625, 9.1484375, 0.97021484375, 1.1708984375, 8.1328125, 7.54296875, 3.13671875, 10.671875, 10.84375, 2.6328125, 0.5751953125, 7.08984375, 2.216796875, 7.875, 0.97900390625, 12.046875, 1.841796875, 0.0775146484375, 7.44140625, 0.451904296875, 2.05078125, 9.0390625, 0.97412109375, 10.4453125, 5.66015625, 10.234375, 9.9921875, 2.77734375, 6.5234375, 0.13720703125, 0.173583984375, 0.962890625, 1.2314453125, 3.8671875, 2.388671875, 2.03125, 4.375, 4.3984375, 4.2265625, 0.3232421875, 5.8125, 1.5546875, 2.966796875, 1.1650390625, 8.25, 0.229248046875, 5.359375, 2.07421875, 2.19921875, 1.2138671875, 0.024993896484375, 3.751953125, 2.826171875, 4.05078125, 6.20703125, 2.919921875, 4.703125, 3.39453125, 2.298828125, 1.28125, 7.390625, 2.396484375, 0.001346588134765625, 0.712890625, 0.0001131296157836914, 0.0020732879638671875, 0.0008668899536132812, 11.625, 2.3046875, 4.5703125, 7.83203125, 2.857421875, 0.221923828125, 3.103515625, 7.152557373046875e-05, 5.26953125, 6.21484375, 3.283203125, 0.04498291015625, 0.09881591796875, 10.15625, 0.1512451171875, 1.3134765625, 1.7109375, 0.76806640625, 0.07598876953125, 1.7890625, 0.6044921875, 0.7822265625, 0.0007953643798828125, 0.388916015625, 0.000957489013671875, 0.0017652511596679688, 0.000530242919921875, 0.3935546875, 0.16650390625, 0.006069183349609375, 0.0002758502960205078, 0.0004749298095703125, 1.6611328125, 4.18359375, 0.06146240234375, 0.0171966552734375, 1.4775390625, 9.3984375, 9.375, 4.15625, 9.6015625, 1.0234375, 0.53173828125, 6.7578125, 1.20703125, 5.33203125, 2.77734375, 1.2568359375, 1.0283203125, 1.7578125, 4.19921875, 2.263671875, 0.8828125, 1.232421875, 12.09375, 4.9765625, 6.96484375, 2.62890625, 5.671875, 7.6640625, 0.62451171875, 4.578125, 2.466796875, 5.359375, 3.4609375, 0.358642578125, 1.3310546875, 4.515625, 6.60546875, 4.30859375, 5.41796875, 5.359375, 2.154296875, 9.6328125, 3.16015625, 4.38671875, 4.140625, 5.83984375, 4.23828125, 0.04254150390625, 7.9375, 6.31640625, 4.15625, 4.99609375, 2.1953125, 7.46484375, 1.67578125, 5.24609375, 1.4501953125, 6.6796875, 0.441650390625, 1.9287109375, 0.130126953125, 4.1953125, 3.44140625, 2.142578125, 1.9287109375, 1.98046875, 0.045074462890625, 7.08203125, 0.76416015625, 1.279296875, 10.2734375, 5.55078125, 0.121337890625, 0.89208984375, 3.05078125, 4.2109375, 0.25341796875, 1.0771484375, 7.90234375, 6.35546875, 4.8046875, 3.166015625, 7.4609375, 6.1171875, 5.34375, 2.8671875, 0.225341796875, 5.6171875, 0.9365234375, 0.91064453125, 1.6650390625, 4.36328125, 1.1533203125, 4.16015625, 7.42578125, 2.677734375, 1.6728515625, 4.66796875, 0.8056640625, 4.3203125, 6.33203125, 5.68359375, 2.962890625, 1.9404296875, 9.90625, 0.16943359375, 2.25390625, 6.421875, 9.0078125, 0.2440185546875, 0.0080718994140625, 0.137939453125, 1.7412109375, 1.2900390625, 10.140625, 8.8984375, 3.103515625, 0.96923828125, 9.3046875, 0.3525390625, 1.5224609375, 2.865234375, 3.95703125, 9.4140625, 2.962890625, 8.0859375, 2.322265625, 0.493896484375, 4.625, 3.27734375, 6.91796875, 3.2109375, 1.0830078125, 3.3984375, 10.25, 4.953125, 5.65234375, 11.34375, 3.42578125, 2.36328125, 8.53125, 11.3671875, 5.44140625, 6.73046875, 5.6484375, 9.640625, 6.1484375, 3.5234375, 2.052734375, 0.0004482269287109375, 1.740234375, 5.34375, 2.7109375, 1.0546875, 7.6171875, 0.47216796875, 6.76171875, 0.5908203125, 3.16015625, 6.29296875, 1.1513671875, 2.322265625, 0.0034942626953125, 0.00018417835235595703, 1.0888671875, 2.31640625, 8.375, 2.197265625, 1.0068359375, 6.91796875, 2.412109375, 7.328125, 0.471435546875, 3.017578125, 2.669921875, 1.32421875, 2.923828125, 7.19921875, 2.115234375, 3.140625, 7.27734375, 2.728515625, 5.20703125, 8.3046875, 2.91796875, 1.556640625, 9.8125, 1.49609375]",-0.5080615874050425
43,0,test,3.1979981494855276,1.3735970104024608,1.9227648875238417,5.539701712496789,2.3794002857791265,3.330691089317256,24.48346886202645,18.28438734238844,20.903932579645474,42.411254804712485,31.672955123153756,36.21063731009626,3.2569923095367663,1.378766519606179,1.9091095841761698,5.641893782093743,2.3883551186620697,3.3070368206767533,25.97130590473167,19.429418028323038,22.122038963249395,44.98854629398874,33.65642357911696,38.32069044453584,3.151330042044853,1.3578623697238965,1.8941318367960553,5.458861329662396,2.352144104931558,3.2810917610073744,23.367123178038185,17.35686520062076,19.85156537363177,40.47747566906068,30.06626376282394,34.387684281099844,0.6733668341708543,-0.011633165829145753,-0.0066331658291456375,0.5577889447236181,-0.00221105527638199,-0.00221105527638199,0.4723618090452262,-0.0026381909547738003,-0.01263819095477381,0.4493670886075949,0.13183154358389826,0.1998934043970686,0.40634920634920635,0.44723618090452266,0.1339529728844725,0.18012432781604182,0.3737373737373737,0.4448160535117057,0.1376374224599528,0.19231327264407505,0.3959731543624161,26.0,2.0,2.0,35.0,1.0,0.0,46.0,-1.0,2.0,-0.001119200467577906,-0.0002295115158189345,6.758429828860593e-05,0.004235625719608116,0.0034585328739247245,0.004288083727594483,"[3.0625, 9.453125, 2.48046875, 1.494140625, 9.8203125, 8.4765625, 5.47265625, 4.16796875, 0.48974609375, 9.0390625, 6.5859375, 0.6240234375, 12.3515625, 4.5703125, 2.98046875, 6.0625, 1.6943359375, 3.515625, 10.171875, 5.4765625, 5.609375, 6.078125, 4.1171875, 1.166015625, 7.1484375, 0.037200927734375, 8.6796875, 1.412109375, 7.22265625, 0.4658203125, 8.1484375, 2.064453125, 5.20703125, 0.5703125, 0.650390625, 3.373046875, 1.0771484375, 5.93359375, 6.5625, 0.501953125, 4.859375, 0.0458984375, 2.853515625, 0.00858306884765625, 7.58203125, 2.982421875, 4.26171875, 3.564453125, 4.03125, 7.38671875, 0.300537109375, 0.005931854248046875, 0.09698486328125, 0.0026493072509765625, 9.234375, 3.5078125, 0.11285400390625, 0.004962921142578125, 4.1484375, 4.9375, 0.6865234375, 0.2122802734375, 0.0016622543334960938, 5.76171875, 2.455078125, 0.1539306640625, 0.04144287109375, 0.00733184814453125, 4.234375, 2.435546875, 7.16015625, 2.583984375, 7.69921875, 6.1484375, 0.06768798828125, 5.08984375, 2.306640625, 1.1845703125, 1.1982421875, 2.80078125, 1.9453125, 0.072998046875, 1.4130859375, 2.99609375, 0.4755859375, 6.26171875, 7.5625, 7.19140625, 4.6875, 8.53125, 0.003261566162109375, 1.1640625, 2.748046875, 3.951171875, 0.0267333984375, 0.020721435546875, 0.0009603500366210938, 6.39453125, 2.736328125, 4.26171875, 0.02923583984375, 0.7958984375, 1.44140625, 0.478271484375, 3.419921875, 0.0872802734375, 0.006595611572265625, 0.75390625, 7.891654968261719e-05, 5.94140625, 0.23583984375, 1.3603515625, 5.3984375, 6.71875, 3.84375, 7.8046875, 3.509765625, 3.3125, 7.640625, 5.12109375, 1.9560546875, 6.27734375, 0.1275634765625, 4.0, 1.80859375, 4.6796875, 3.3203125, 0.61376953125, 5.59375, 3.4921875, 4.19140625, 2.42578125, 0.5166015625, 2.72265625, 4.1953125, 4.96484375, 3.888671875, 0.98486328125, 0.348876953125, 7.3359375, 1.37890625, 3.345703125, 1.486328125, 6.609375, 0.45556640625, 1.095703125, 3.4765625, 5.19140625, 6.5390625, 0.69091796875, 6.78515625, 9.3828125, 4.48828125, 0.2271728515625, 0.014190673828125, 0.019256591796875, 6.28125, 0.4794921875, 2.396484375, 7.328125, 9.578125, 1.8740234375, 1.150390625, 1.5439453125, 0.06982421875, 0.0003285408020019531, 0.048431396484375, 0.0003654956817626953, 1.7001953125, 0.0625, 2.7421875, 10.25, 1.2099609375, 3.056640625, 0.056060791015625, 1.65234375, 4.671875, 0.0189056396484375, 0.427001953125, 0.59130859375, 0.1287841796875, 2.958984375, 1.6611328125, 0.354736328125, 6.234375, 2.53515625, 0.003490447998046875, 0.05419921875, 0.0002961158752441406, 0.003376007080078125, 0.0041961669921875, 12.7421875, 6.20703125, 6.125, 3.806640625, 5.1953125, 6.6328125, 2.900390625, 0.183349609375, 0.18212890625, 0.1669921875, 6.55859375, 4.515625, 9.4296875, 10.7109375, 2.162109375, 0.30517578125, 7.1953125, 5.78515625, 5.5390625, 5.5078125, 4.50390625, 4.52734375, 0.5615234375, 0.466552734375, 5.9609375, 7.375, 5.296875, 2.525390625, 0.198974609375, 1.4560546875, 0.0009560585021972656, 0.8046875, 4.69140625, 7.4765625, 0.01904296875, 3.45703125, 0.21044921875, 0.00492095947265625, 3.392578125, 2.677734375, 0.061492919921875, 3.234375, 6.26171875, 0.2154541015625, 4.84375, 2.216796875, 6.265625, 1.4267578125, 0.0080413818359375, 0.0005483627319335938, 0.00556182861328125, 0.002071380615234375, 0.385498046875, 0.385986328125, 0.0017652511596679688, 0.00016927719116210938, 0.0004901885986328125, 6.6171875, 3.09375, 0.0075836181640625, 3.646484375, 4.60546875, 0.01155853271484375, 0.0015001296997070312, 0.7177734375, 1.4716796875, 7.29296875, 0.048065185546875, 2.74609375, 0.1107177734375, 4.296875, 0.004711151123046875, 7.03125, 1.892578125, 3.515625, 2.296875, 0.57275390625, 1.0419921875, 1.001953125, 3.5078125, 3.208984375, 1.734375, 4.375, 4.7890625, 0.001430511474609375, 10.0546875, 2.888671875, 3.18359375, 5.21484375, 0.87744140625, 5.66015625, 2.767578125, 1.271484375, 7.59375, 0.01548004150390625, 8.65625, 5.453125, 0.92138671875, 3.076171875, 0.01081085205078125, 5.46875, 0.4775390625, 5.43359375, 6.78125, 4.0, 3.0859375, 1.2060546875, 3.455078125, 5.35546875, 2.076171875, 5.9921875, 1.857421875, 5.19921875, 0.98193359375, 9.0703125, 0.7763671875, 1.107421875, 10.0625, 7.51171875, 0.036529541015625, 4.80078125, 3.287109375, 6.05859375, 3.8515625, 0.29443359375]",-1.1051029132891306
273,0,test,3.4214550256729126,1.5693632720484192,2.124755334395629,5.800742715939708,2.66070209916255,3.6023150784293705,30.6139266796618,24.240790058333353,26.956719862747477,51.902921669541556,41.09789119085252,45.702484824773016,3.595869516607505,1.5901097225945606,2.207436603295373,6.096445444823069,2.695875679111468,3.74249309179388,36.44737781399453,29.01563947151789,32.438814451890806,61.79296813292176,49.19318186263091,54.99684059372292,3.4214550256729126,1.5693632720484192,2.124755334395629,5.800742715939708,2.66070209916255,3.6023150784293705,30.6139266796618,24.240790058333353,26.956719862747477,51.902921669541556,41.09789119085252,45.702484824773016,0.6834170854271358,-0.0015829145728643024,0.003417085427135813,0.5979899497487438,-0.007010050251256228,-0.0020100502512562235,0.5276381909547738,0.0026381909547738003,0.01263819095477381,0.45238095238095233,0.1416848573045516,0.20351217410040934,0.4505119453924915,0.4723618090452262,0.14153474137605326,0.22027499769297243,0.48484848484848486,0.45238095238095233,0.1416848573045516,0.20351217410040934,0.4505119453924915,22.0,4.0,4.0,35.0,5.0,6.0,44.0,4.0,5.0,-0.0006213698509494803,8.085152655593339e-05,-0.00011511611204623434,0.0003496329132595122,-0.00012301345579235345,2.278298851532412e-05,"[3.0625, 6.44921875, 0.0345458984375, 0.00528717041015625, 0.01554107666015625, 4.6484375, 4.48046875, 7.31640625, 5.1796875, 5.47265625, 4.703125, 0.0203704833984375, 0.068115234375, 1.6337890625, 8.1484375, 13.953125, 7.3671875, 0.1466064453125, 0.0159149169921875, 1.2197265625, 4.05859375, 0.0007495880126953125, 0.1898193359375, 0.0026454925537109375, 0.0152587890625, 6.84765625, 5.99609375, 6.88671875, 0.423583984375, 0.002086639404296875, 0.005367279052734375, 0.0015687942504882812, 0.1959228515625, 0.00016641616821289062, 4.5078125, 10.8359375, 6.11328125, 0.0472412109375, 4.65625, 9.4296875, 4.71484375, 1.2666015625, 0.00010573863983154297, 0.01055908203125, 0.00013911724090576172, 7.92578125, 9.390625, 0.5947265625, 6.5, 0.0462646484375, 1.7255859375, 5.52734375, 0.257568359375, 1.34765625, 1.8935546875, 5.22265625, 4.3359375, 5.3203125, 3.51953125, 2.42578125, 0.421875, 12.5, 0.1646728515625, 0.7568359375, 3.3515625, 3.322265625, 4.109375, 2.314453125, 5.7421875, 2.75390625, 3.96484375, 0.262451171875, 3.90234375, 6.5234375, 6.89453125, 0.56884765625, 1.2958984375, 6.4375, 4.109375, 5.94921875, 2.70703125, 4.14453125, 0.6767578125, 2.939453125, 3.833984375, 6.65234375, 0.2218017578125, 0.26025390625, 8.1953125, 2.009765625, 7.6171875, 0.367431640625, 2.701171875, 3.736328125, 11.6640625, 4.86328125, 4.93359375, 0.58154296875, 0.75341796875, 6.58203125, 6.6875, 4.59375, 0.55078125, 7.10546875, 12.375, 6.20703125, 5.51953125, 5.05859375, 5.3359375, 1.5859375, 3.53125, 0.3623046875, 2.90625, 0.615234375, 0.28076171875, 4.40625, 4.09375, 0.0638427734375, 0.041656494140625, 0.0165557861328125, 7.23046875, 5.5859375, 11.296875, 2.595703125, 3.470703125, 7.3515625, 8.28125, 1.5986328125, 10.609375, 6.0, 3.8203125, 11.609375, 0.07464599609375, 0.9306640625, 7.34765625, 9.515625, 0.01177978515625, 0.069580078125, 7.046875, 5.29296875, 4.92578125, 0.462890625, 1.3974609375, 0.0126190185546875, 2.171875, 7.60546875, 3.525390625, 1.2861328125, 4.26953125, 0.186767578125, 4.5, 4.47265625, 4.66796875, 1.4892578125, 8.515625, 2.853515625, 1.873046875, 3.2109375, 0.29931640625, 3.115234375, 0.416748046875, 4.34765625, 0.84130859375, 5.22265625, 5.91796875, 0.490234375, 3.123046875, 0.033966064453125, 4.22265625, 6.34375, 6.828125, 1.291015625, 8.015625, 3.1875, 0.374755859375, 4.203125, 0.31884765625, 6.64453125, 1.7646484375, 1.119140625, 5.12890625, 1.08984375, 5.421875, 0.11553955078125, 9.109375, 7.234375, 2.72265625, 2.8515625, 0.97607421875, 7.5078125, 0.490966796875, 4.82421875, 6.8359375, 0.787109375, 0.61083984375, 1.4384765625, 2.3671875, 2.18359375, 2.232421875, 4.05859375, 5.69921875, 1.74609375, 7.84375, 4.828125, 1.6474609375, 3.80859375, 3.716796875, 2.861328125, 5.8359375, 0.67041015625, 2.21875, 8.7578125, 9.9921875, 0.136962890625, 1.0615234375, 0.611328125, 5.71484375, 5.94140625, 7.10546875, 5.078125, 2.50390625, 0.99560546875, 3.92578125, 5.375, 10.1953125, 0.0017786026000976562, 1.580078125, 0.2047119140625, 3.853515625, 1.9248046875, 1.478515625, 0.2047119140625, 0.81103515625, 0.2265625, 5.5390625, 1.6142578125, 2.42578125, 2.759765625, 3.328125, 0.41357421875, 0.162353515625, 2.34375, 1.5576171875, 1.59765625, 1.5966796875, 2.31640625, 0.13623046875, 0.03643798828125, 1.5419921875, 4.44921875, 2.646484375, 0.4296875, 1.6455078125, 6.984375, 0.91162109375, 1.6650390625, 7.171875, 6.05859375, 4.640625, 1.2392578125, 1.05078125, 6.390625, 1.1259765625, 4.765625, 4.91796875, 1.5322265625, 5.59765625, 0.138916015625, 1.044921875, 0.9326171875, 1.0537109375, 0.7685546875, 7.81640625, 8.6171875, 7.13671875, 1.486328125, 2.4609375, 1.037109375, 8.5546875, 0.395751953125, 1.2431640625, 6.24609375, 0.009857177734375, 0.11932373046875, 0.7890625, 0.0008206367492675781, 3.330078125, 0.27978515625, 1.1484375, 3.67578125, 4.44140625, 5.0625, 6.12109375, 1.2626953125]",-1.1264632940292358
483,0,test,3.4293112806331965,1.5698970025499006,2.1584207085229554,5.490276680816694,2.5133819006340774,3.4555996565022693,30.85538472907899,24.43540937938291,27.291359558234127,49.39901496034814,39.120729301967714,43.693063332148235,3.0319239290515383,1.257096706574015,1.8060944113495088,4.854065403653941,2.012593249441157,2.8915304615201496,20.737090926466355,14.83782913804125,17.330099856122608,33.199776113800816,23.75514517174092,27.74523375980221,3.345426120486945,1.5302948793142437,2.107571810535044,5.355977779104715,2.449979486586843,3.374191322285169,28.37266326417024,22.23078107179611,24.924456525717808,45.42421458549423,35.591151962235145,39.90368655595216,0.6432160804020101,-0.0067839195979899625,-0.0067839195979899625,0.5326633165829145,-0.0023366834170853723,0.002663316582914521,0.42713567839195976,-0.007864321608040292,-0.007864321608040292,0.41975308641975306,0.10080085221328161,0.17642659771338753,0.4024767801857585,0.42211055276381915,0.11634614173625024,0.1767015377387774,0.3434343434343434,0.4280936454849499,0.11757611626959097,0.185601988087842,0.3959731543624161,23.0,11.0,11.0,33.0,10.0,11.0,44.0,14.0,15.0,0.00033192899608023706,-0.00013180091861099766,0.000461748084520778,0.004259319278945739,0.0034851065177816665,0.004311898207048692,"[3.056640625, 9.4453125, 2.4296875, 1.0791015625, 11.8046875, 3.974609375, 7.26171875, 0.382080078125, 0.49365234375, 8.890625, 0.48095703125, 6.79296875, 5.5859375, 4.2109375, 10.8125, 0.1328125, 2.783203125, 1.55859375, 4.69921875, 5.03125, 1.251953125, 7.1796875, 8.59375, 2.2265625, 0.60205078125, 8.078125, 3.775390625, 8.859375, 0.04296875, 4.9921875, 7.01171875, 2.21875, 12.5078125, 2.390625, 3.904296875, 1.7587890625, 2.154296875, 3.751953125, 4.1484375, 3.458984375, 2.6640625, 1.1181640625, 2.25, 1.3740234375, 1.4736328125, 0.342041015625, 0.246826171875, 2.97265625, 0.9384765625, 5.8671875, 1.4619140625, 8.25, 0.57177734375, 4.75, 7.4921875, 3.6015625, 1.666015625, 0.5048828125, 1.9423828125, 3.693359375, 5.19140625, 2.46484375, 10.1484375, 1.23046875, 6.78515625, 0.1866455078125, 1.3701171875, 5.73046875, 1.7197265625, 3.533203125, 4.2734375, 3.072265625, 0.039642333984375, 3.634765625, 4.30859375, 5.58984375, 8.3515625, 0.0290069580078125, 4.12109375, 6.5078125, 0.059112548828125, 0.2010498046875, 0.40185546875, 4.40625, 4.18359375, 0.0035266876220703125, 0.13916015625, 0.0008916854858398438, 0.001789093017578125, 0.002048492431640625, 1.7236328125, 0.0038547515869140625, 0.004360198974609375, 3.09765625, 7.03125, 1.3994140625, 3.41796875, 2.333984375, 2.896484375, 5.73046875, 6.98046875, 1.529296875, 3.275390625, 6.62890625, 0.059844970703125, 0.1844482421875, 5.35546875, 0.291748046875, 0.0072021484375, 9.21875, 0.99609375, 3.623046875, 1.763671875, 0.0009937286376953125, 0.0035610198974609375, 10.8984375, 0.79541015625, 2.60546875, 5.8359375, 1.56640625, 0.0013837814331054688, 0.00823974609375, 0.0037631988525390625, 0.0145263671875, 9.65625, 2.2890625, 8.578125, 0.4775390625, 0.0009431838989257812, 0.0029468536376953125, 0.0010118484497070312, 3.12890625, 0.0016803741455078125, 0.379638671875, 7.60546875, 0.59912109375, 2.64453125, 0.0062255859375, 3.017578125, 0.7724609375, 0.00470733642578125, 0.07049560546875, 0.0002868175506591797, 0.410888671875, 9.5078125, 0.17724609375, 2.669921875, 0.0633544921875, 0.5498046875, 2.255859375, 3.6484375, 7.70703125, 0.12548828125, 6.828125, 0.469970703125, 5.84765625, 0.435302734375, 1.5078125, 0.0140838623046875, 0.002254486083984375, 0.02154541015625, 0.0007200241088867188, 1.5302734375, 0.355712890625, 0.0018110275268554688, 0.0005402565002441406, 0.0005011558532714844, 6.19140625, 3.390625, 0.0711669921875, 7.65234375, 4.70703125, 0.0010700225830078125, 6.19921875, 5.3515625, 1.63671875, 6.46484375, 4.76171875, 3.0546875, 5.78125, 0.60693359375, 0.001956939697265625, 2.318359375, 8.28125, 6.03515625, 0.080810546875, 5.140625, 3.87890625, 0.0316162109375, 0.94921875, 4.171875, 9.0546875, 2.123046875, 5.03515625, 1.2568359375, 0.001583099365234375, 6.70703125, 0.6259765625, 0.1583251953125, 3.28125, 0.92919921875, 0.0003650188446044922, 6.4140625, 0.9111328125, 0.02850341796875, 2.71875, 0.4462890625, 0.00017845630645751953, 6.30859375, 9.8671875, 0.049224853515625, 4.6796875, 0.55615234375, 0.00014030933380126953, 3.578125, 10.765625, 2.208984375, 4.02734375, 0.04022216796875, 2.880859375, 7.5390625, 9.140625, 1.2587890625, 6.71875, 8.390625, 2.73046875, 4.2578125, 0.03607177734375, 11.5078125, 3.326171875, 14.4375, 3.15625, 6.88671875, 0.09442138671875, 0.004116058349609375, 0.329345703125, 4.0234375, 7.984375, 1.1005859375, 4.80859375, 0.09881591796875, 5.33203125, 5.75390625, 1.8857421875, 4.05078125, 6.265625, 7.546875, 8.3125, 4.78125, 8.6875, 13.6640625, 0.12176513671875, 2.734375, 2.6875, 4.73828125, 2.33984375, 7.73828125, 5.1953125, 3.701171875, 0.6337890625, 7.40234375, 0.0126190185546875, 3.779296875, 6.28515625, 0.0810546875, 2.853515625, 5.23828125, 2.482421875, 1.86328125, 0.76171875, 4.51953125, 9.5078125, 4.9375, 1.19140625, 6.12109375, 6.8359375, 1.484375, 1.041015625, 5.171875, 4.08203125, 0.447021484375, 5.6015625, 1.9765625, 7.00390625, 2.095703125, 2.919921875, 0.74951171875, 1.34375, 2.31640625, 1.138671875, 5.625, 1.759765625, 0.07464599609375, 4.84375, 2.169921875, 3.353515625, 1.6220703125, 2.79296875, 10.125, 11.0, 2.74609375, 4.79296875, 8.0, 9.25, 2.52734375, 3.970703125, 10.3203125, 1.220703125, 10.0, 0.2415771484375, 0.57568359375, 2.08984375, 6.1328125, 0.5966796875, 2.46484375, 1.4990234375, 4.4609375, 9.8125, 0.06048583984375, 2.783203125, 5.51953125, 2.47265625, 12.3984375, 3.79296875]",-1.345815176581159
76,0,test,3.1700744111806354,1.3848461424154144,1.91413940642012,5.821409373258985,2.5430810978901244,3.515056000880584,23.809255965360528,17.848315476543444,20.2981362116252,43.72245186366206,32.77599751147069,37.27475922498445,3.4379424857134797,1.5035268220205942,2.0818061511541233,6.313312564673844,2.7610219822560005,3.8229531139375723,31.122856523963375,24.20285725704525,27.241687765982608,57.1528819803691,44.44524696293764,50.02564480662261,3.1786854326924354,1.3834164176540837,1.9300088468860779,5.837222340035199,2.540455603328408,3.544198064281706,24.015163244334012,17.99406897547213,20.529436401093484,44.10057250323155,33.04365393677609,37.69951048200803,0.8040201005025126,0.004020100502512558,0.009020100502512562,0.6231155778894473,-0.006884422110552735,-0.006884422110552735,0.4773869346733668,-0.0026130653266331905,-0.0126130653266332,0.42384105960264906,0.11309725794975645,0.1694357732590367,0.3853820598006644,0.42713567839195976,0.07625848540950364,0.15334602897626692,0.41414141414141414,0.4247491638795987,0.1092232874188308,0.16890934185512707,0.38590604026845643,24.0,4.0,5.0,37.0,4.0,6.0,45.0,3.0,3.0,-0.001381391466343239,-0.0002667233732999906,-0.0002128463208659112,-0.0004951882937413998,-9.202525539642181e-05,5.081944426521545e-05,"[3.0625, 9.453125, 2.48046875, 1.494140625, 3.81640625, 7.921875, 6.1640625, 6.734375, 2.19921875, 3.423828125, 5.2578125, 2.447265625, 0.006313323974609375, 4.921875, 1.5947265625, 4.0, 2.4921875, 4.4921875, 3.373046875, 4.453125, 2.8515625, 5.59765625, 1.7041015625, 4.17578125, 0.142333984375, 2.658203125, 1.71484375, 1.6142578125, 8.9609375, 7.94140625, 2.3515625, 5.2421875, 2.265625, 1.3125, 6.2734375, 1.1240234375, 8.9140625, 0.9853515625, 5.0390625, 1.033203125, 1.318359375, 1.830078125, 4.796875, 7.2734375, 6.00390625, 5.0, 3.57421875, 6.52734375, 0.9482421875, 7.4921875, 0.0031871795654296875, 1.2900390625, 9.828125, 0.13720703125, 0.006832122802734375, 4.171875, 6.41015625, 10.984375, 0.9951171875, 4.8046875, 6.4921875, 0.11138916015625, 1.3486328125, 0.65966796875, 9.296875, 0.303955078125, 1.705078125, 1.083984375, 1.111328125, 5.03515625, 0.0721435546875, 0.6328125, 3.470703125, 0.00365447998046875, 1.4794921875, 5.94921875, 6.30078125, 4.390625, 2.625, 7.44140625, 9.3203125, 4.7734375, 1.6611328125, 5.5546875, 2.638671875, 7.18359375, 1.3828125, 0.6171875, 1.5, 3.1328125, 3.400390625, 6.40234375, 3.833984375, 0.9833984375, 2.875, 5.625, 2.16015625, 0.327880859375, 2.427734375, 4.2109375, 2.5390625, 4.2890625, 0.02655029296875, 4.70703125, 4.0078125, 3.755859375, 9.0546875, 1.9873046875, 5.23828125, 2.97265625, 11.1953125, 5.94921875, 5.89453125, 4.21484375, 1.56640625, 4.19140625, 0.06365966796875, 3.1875, 0.4833984375, 2.759765625, 3.46875, 2.4609375, 0.328857421875, 4.8203125, 1.3779296875, 7.28125, 1.1806640625, 4.07421875, 0.48046875, 2.052734375, 0.0074615478515625, 6.859375, 1.982421875, 3.435546875, 6.95703125, 3.712890625, 1.255859375, 0.2362060546875, 0.0015172958374023438, 2.103515625, 3.34765625, 8.4609375, 4.6171875, 0.1495361328125, 2.5625, 4.01171875, 4.51171875, 1.8095703125, 5.9140625, 4.63671875, 8.796875, 0.50341796875, 1.3525390625, 6.2734375, 1.603515625, 3.400390625, 2.072265625, 2.462890625, 7.77734375, 1.06640625, 0.1278076171875, 4.40625, 1.8642578125, 3.15234375, 6.78125, 0.65185546875, 1.375, 0.008087158203125, 0.732421875, 0.0595703125, 5.56640625, 0.1302490234375, 5.42578125, 6.0078125, 3.150390625, 5.93359375, 4.60546875, 4.61328125, 0.896484375, 4.5546875, 1.5068359375, 12.0859375, 5.94921875, 0.1876220703125, 1.53125, 7.9921875, 0.51904296875, 3.10546875, 2.82421875, 2.611328125, 0.006328582763671875, 2.130859375, 0.002483367919921875, 1.6220703125, 5.7109375, 0.8486328125, 1.3359375, 4.75390625, 0.5390625, 0.2314453125, 10.703125, 6.76171875, 11.984375, 4.21875, 0.140869140625, 6.47265625, 2.13671875, 6.6796875, 4.03515625, 2.814453125, 0.024505615234375, 0.07916259765625, 0.043853759765625, 0.0154571533203125, 0.02471923828125, 0.0012617111206054688, 0.0211181640625, 0.00988006591796875, 6.23828125, 4.15234375, 0.237548828125, 6.41796875, 8.1328125, 8.4765625, 0.68505859375, 1.6376953125, 4.16796875, 8.484375, 2.376953125, 1.662109375, 9.2421875, 0.07177734375, 2.017578125, 0.0009083747863769531, 0.017913818359375, 0.0013132095336914062, 0.03326416015625, 1.2109375, 0.96533203125, 0.1282958984375, 0.0013437271118164062, 0.0389404296875, 0.0012874603271484375, 0.1951904296875, 0.0004329681396484375, 0.51220703125, 7.35546875, 0.56396484375, 3.55859375, 0.020294189453125, 1.03125, 3.37890625, 5.9921875, 4.10546875, 0.0300140380859375, 0.78369140625, 11.8359375, 4.59375, 0.0011949539184570312, 0.0009946823120117188, 0.022064208984375, 0.001232147216796875, 5.0859375, 1.3525390625, 0.8212890625, 0.021881103515625, 10.421875, 0.0045013427734375, 2.248046875, 2.732421875, 5.3984375, 10.984375, 1.7919921875, 2.146484375, 2.439453125, 5.7578125, 0.01409912109375, 0.841796875, 8.8046875, 0.5693359375, 0.005626678466796875, 3.640625, 0.6513671875, 7.7578125, 0.2047119140625, 0.89013671875, 3.0625, 1.708984375, 0.06402587890625, 0.3359375, 0.353759765625, 0.0010499954223632812, 0.0002397298812866211, 0.0002639293670654297, 3.7578125, 4.46875, 0.89990234375, 6.04296875, 0.94921875, 4.65234375, 2.275390625, 0.007793426513671875]",-1.530868105146269
158,0,test,3.626256012147473,1.6781096710749912,2.3012094787533575,6.0195849801648045,2.785662053984485,3.8200077347305728,37.57188427898945,30.556213419874492,33.80952385266238,62.36932790312248,50.72331427699165,56.123809595419544,3.647498633993331,1.5993690625829822,2.2431234948110124,6.054847732428929,2.65495264388775,3.7235850013862803,38.378547091722005,30.625161710180812,34.305566191945374,63.70838817225852,50.83776843890014,56.94723987862932,3.626256012147473,1.6781096710749912,2.3012094787533575,6.0195849801648045,2.785662053984485,3.8200077347305728,37.57188427898945,30.556213419874492,33.80952385266238,62.36932790312248,50.72331427699165,56.123809595419544,0.6984924623115578,-0.006507537688442255,0.0034924623115577536,0.5678391959798995,-0.0021608040201005485,0.002839195979899567,0.4974874371859297,0.0024874371859296973,0.0024874371859296973,0.43145161290322576,0.13165282014668656,0.19954812764853402,0.43724696356275305,0.4321608040201005,0.12890265865669193,0.19009068715866473,0.43434343434343436,0.43145161290322576,0.13165282014668656,0.19954812764853402,0.43724696356275305,24.0,4.0,5.0,33.0,0.0,1.0,40.0,0.0,0.0,-0.00042104345235840243,-4.451931019407578e-06,-2.875001243836698e-05,3.085650767697956e-05,0.00010133182060556578,0.00011602607612637428,"[3.0625, 9.453125, 2.48046875, 1.494140625, 7.81640625, 0.8173828125, 0.056915283203125, 1.2099609375, 9.03125, 0.69140625, 3.41015625, 8.2109375, 5.3125, 2.1640625, 5.35546875, 0.67578125, 4.3828125, 0.030487060546875, 1.06640625, 12.5625, 0.58447265625, 7.21875, 3.47265625, 0.70068359375, 3.328125, 3.203125, 0.091552734375, 3.189453125, 3.994140625, 0.80078125, 1.4775390625, 2.296875, 0.52099609375, 5.171875, 0.2476806640625, 10.96875, 3.333984375, 5.9140625, 0.28125, 1.3115234375, 5.65625, 11.5859375, 9.0078125, 8.09375, 5.296875, 2.21875, 0.54736328125, 6.22265625, 0.159912109375, 0.2349853515625, 2.11328125, 2.2890625, 5.953125, 0.07489013671875, 6.546875, 1.4765625, 0.07952880859375, 3.251953125, 7.10546875, 8.6484375, 1.9130859375, 0.55712890625, 5.671875, 0.51318359375, 0.91455078125, 1.1201171875, 3.71875, 0.45166015625, 0.3369140625, 7.78515625, 2.26953125, 0.470703125, 0.71875, 1.568359375, 1.3447265625, 6.55859375, 0.69970703125, 2.87109375, 3.44921875, 7.1875, 5.66796875, 0.0194549560546875, 0.314208984375, 8.21875, 1.5166015625, 6.6875, 6.1171875, 4.8671875, 6.13671875, 0.1214599609375, 9.0859375, 3.904296875, 0.11083984375, 0.33642578125, 2.3671875, 2.76953125, 0.004436492919921875, 0.0307769775390625, 4.765625, 0.89404296875, 5.4375, 8.453125, 0.0038967132568359375, 0.232177734375, 8.40625, 5.83984375, 2.6328125, 13.0546875, 0.87841796875, 0.88134765625, 4.90234375, 0.541015625, 9.421875, 0.3603515625, 8.875, 2.63671875, 4.96484375, 0.200927734375, 3.25, 1.7333984375, 5.8203125, 7.37890625, 3.6875, 4.94140625, 1.4326171875, 4.35546875, 13.859375, 11.90625, 10.25, 0.225830078125, 5.2421875, 1.716796875, 1.70703125, 6.4921875, 3.73046875, 0.12939453125, 7.7890625, 0.63818359375, 3.748046875, 2.625, 4.39453125, 0.59228515625, 7.765625, 7.72265625, 4.828125, 3.814453125, 6.1484375, 1.7626953125, 0.63525390625, 6.0703125, 1.564453125, 10.2421875, 0.00925445556640625, 7.171875, 5.7578125, 0.058441162109375, 0.66650390625, 6.15234375, 3.541015625, 2.29296875, 1.6552734375, 0.06573486328125, 4.234375, 1.25, 4.89453125, 7.36328125, 0.45361328125, 0.381591796875, 1.32421875, 6.87890625, 2.291015625, 0.474609375, 1.13671875, 0.5498046875, 0.030914306640625, 0.296875, 6.2109375, 1.4609375, 4.0, 4.63671875, 7.15234375, 1.2783203125, 1.7314453125, 5.19921875, 0.09649658203125, 1.38671875, 10.2578125, 2.794921875, 4.8046875, 0.72021484375, 8.875, 0.028472900390625, 0.09820556640625, 7.2421875, 3.146484375, 5.70703125, 0.08392333984375, 9.0234375, 7.05859375, 6.46484375, 0.5146484375, 1.59375, 6.02734375, 4.67578125, 7.234375, 1.1142578125, 4.1328125, 2.927734375, 2.8671875, 3.474609375, 0.004978179931640625, 0.393798828125, 7.94140625, 8.6953125, 4.3125, 1.9970703125, 5.45703125, 1.904296875, 8.265625, 0.45458984375, 8.640625, 1.8798828125, 2.560546875, 0.01023101806640625, 6.15625, 0.0474853515625, 0.59326171875, 4.82421875, 2.19140625, 7.91015625, 7.625, 10.484375, 2.50390625, 6.68359375, 0.0264434814453125, 0.9580078125, 0.10406494140625, 0.01050567626953125, 4.875, 1.599609375, 8.109375, 7.6953125, 0.03216552734375, 0.5537109375, 5.5234375, 0.1373291015625, 0.0081329345703125, 1.2509765625]",-0.7139720686020388
180,0,test,3.502281244271975,1.5562252122404336,2.136525188413216,5.718010194729755,2.540775856719075,3.488204389246066,33.19108262700241,26.19006137167874,29.27239795021914,54.18952265633046,42.759283872128556,47.79167012280676,3.8975769167569414,1.7516479040759316,2.422409872938883,6.363390884501128,2.859833312777031,3.9549548945940947,49.282887770968344,40.732907181734795,44.911121782546914,80.46185758525444,66.50270560283232,73.32428046130107,3.5025154882450167,1.587435526609981,2.178933050249208,5.718392633869414,2.591731472016295,3.557441714692584,33.19885834873893,26.411376835318567,29.442002346514556,54.20221771222682,43.12061524133643,48.06857525961559,0.7839195979899498,-0.006080402010050223,-0.011080402010050228,0.6633165829145728,-0.0016834170854271857,0.013316582914572828,0.5477386934673367,-0.007261306532663214,-0.01226130653266333,0.42006269592476486,0.09768397917985094,0.16875925484030185,0.3679245283018868,0.44221105527638194,0.09384012795808616,0.1684214058606891,0.4191919191919192,0.42140468227424754,0.10420935673167664,0.1755759837202987,0.3657718120805369,26.0,6.0,6.0,41.0,13.0,12.0,48.0,7.0,7.0,-0.0020982374530936227,-0.00011153829395976387,-0.00032903276926313864,-0.0004280565422867255,-2.617532955007107e-05,0.00011039691273584396,"[3.0625, 9.453125, 2.48046875, 1.494140625, 0.81689453125, 2.970703125, 8.1484375, 2.671875, 5.16015625, 0.7880859375, 3.880859375, 0.5, 1.1123046875, 9.5390625, 4.98828125, 4.3359375, 5.34765625, 5.51171875, 7.42578125, 0.703125, 4.75, 0.666015625, 10.3671875, 5.140625, 8.7265625, 10.3203125, 2.322265625, 3.095703125, 9.3046875, 8.296875, 1.7919921875, 4.60546875, 3.626953125, 7.83984375, 1.6904296875, 6.3125, 0.81689453125, 2.310546875, 0.6396484375, 6.64453125, 8.8203125, 4.55078125, 0.38916015625, 0.69140625, 9.2890625, 4.3359375, 5.91015625, 10.3359375, 2.07421875, 6.8984375, 4.8828125, 1.6259765625, 1.1201171875, 5.98046875, 1.751953125, 6.87109375, 4.203125, 3.291015625, 1.5859375, 9.0625, 0.005756378173828125, 3.384765625, 2.7578125, 2.734375, 1.09765625, 4.96484375, 5.38671875, 2.69140625, 6.41015625, 4.4765625, 0.3115234375, 1.693359375, 3.220703125, 6.05859375, 5.99609375, 1.31640625, 7.70703125, 1.833984375, 9.3671875, 0.252197265625, 3.978515625, 0.258056640625, 3.310546875, 2.384765625, 5.25, 4.15234375, 3.337890625, 6.6328125, 3.390625, 1.2021484375, 2.78515625, 8.3984375, 1.841796875, 3.7109375, 9.2890625, 5.859375, 10.1953125, 3.33984375, 1.0615234375, 4.09375, 12.1796875, 3.34375, 1.025390625, 6.33984375, 2.12890625, 7.2734375, 3.583984375, 4.2890625, 3.67578125, 0.296630859375, 2.07421875, 3.98046875, 5.15234375, 0.96728515625, 6.87890625, 7.23828125, 6.81640625, 0.374755859375, 4.5703125, 0.33642578125, 0.186767578125, 6.859375, 1.2490234375, 3.61328125, 7.22265625, 2.0078125, 3.568359375, 1.693359375, 3.455078125, 3.810546875, 5.67578125, 12.1015625, 0.034149169921875, 1.7626953125, 2.923828125, 3.248046875, 3.021484375, 6.69921875, 0.03240966796875, 6.3984375, 0.045257568359375, 2.755859375, 9.96875, 0.336669921875, 0.31787109375, 5.8515625, 0.4052734375, 6.1484375, 5.4140625, 2.677734375, 0.08551025390625, 2.791015625, 0.5576171875, 7.1953125, 0.2939453125, 0.282470703125, 3.50390625, 0.9150390625, 4.125, 6.26953125, 2.609375, 10.3203125, 0.78662109375, 2.638671875, 1.337890625, 9.46875, 0.0198211669921875, 5.21875, 0.0272064208984375, 1.04296875, 1.3232421875, 6.34765625, 5.109375, 5.6484375, 0.38134765625, 7.72265625, 6.79296875, 0.004032135009765625, 0.1483154296875, 0.0009140968322753906, 0.00635528564453125, 0.01451873779296875, 8.453125, 0.6669921875, 6.3046875, 5.6171875, 1.017578125, 0.397216796875, 1.9140625, 5.79296875, 5.87109375, 3.283203125, 1.775390625, 7.09765625, 6.7734375, 0.004180908203125, 0.389404296875, 5.09765625, 1.634765625, 8.9921875, 0.255859375, 0.9326171875, 0.0004677772521972656, 6.36328125, 0.1566162109375, 5.59375, 3.46484375, 6.6328125, 0.00449371337890625, 8.171875, 9.4453125, 0.81591796875, 1.0166015625, 4.2421875, 4.34765625, 2.880859375, 1.875, 3.998046875, 0.283447265625, 0.8740234375, 0.177490234375, 0.0005598068237304688, 0.0010223388671875, 0.00104522705078125, 6.45703125, 0.0253448486328125, 3.296875, 2.328125, 1.865234375, 0.0029850006103515625, 1.3447265625, 0.92333984375, 1.7021484375, 0.395263671875, 1.3955078125, 0.198974609375, 0.036956787109375, 0.050872802734375, 0.07647705078125, 0.0545654296875, 5.5234375, 3.169921875, 0.004909515380859375, 1.958984375, 0.32470703125, 7.80859375, 2.666015625, 3.6484375, 2.380859375, 7.40234375, 7.48046875, 0.1993408203125, 2.4296875, 3.0234375, 0.054107666015625, 1.1142578125, 0.004848480224609375, 0.53759765625, 0.363037109375, 0.0018177032470703125, 0.0007958412170410156, 0.00029754638671875, 4.8515625, 0.050933837890625, 2.2578125, 0.317626953125, 2.806640625, 0.07073974609375, 0.0391845703125, 0.92041015625, 0.9208984375, 1.376953125, 0.044952392578125, 0.93310546875, 5.296875, 8.2578125, 10.515625, 2.765625, 2.173828125, 4.125, 0.10198974609375, 3.576171875, 1.5732421875, 9.109375, 2.76953125, 2.77734375, 5.73046875, 5.2265625, 7.2421875, 0.744140625, 5.54296875, 3.435546875, 10.03125, 0.336669921875, 11.140625, 2.365234375, 0.55712890625, 7.83984375, 2.083984375, 1.70703125, 8.2578125, 6.66015625, 4.80859375, 3.119140625, 4.6953125, 7.203125, 0.51708984375, 0.63330078125, 3.7109375, 2.28515625, 2.853515625, 5.77734375, 5.15234375, 1.728515625, 2.732421875, 1.0888671875, 2.7578125, 0.857421875, 3.4296875]",-1.4017838878691382
356,0,test,3.267680450975041,1.4456146258606064,1.9429188401654984,5.689990835031166,2.517239398264738,3.3831920102384303,26.250379628602037,20.065758019841947,22.48909103103037,45.709616268710015,34.94037466141633,39.16010876050065,3.7779761846341082,1.6583923320263048,2.3132118511065545,6.578565495631532,2.8877478418368487,4.02798083526017,43.727455828033456,35.399784600197776,39.40093232441889,76.14233601896373,61.64141597049364,68.60858862461001,3.425810319524146,1.5418473243022486,2.116549451267054,5.965341352405229,2.6848087736606314,3.685533870365517,30.747550099701154,24.16802219852324,27.044114726005255,53.54051012385773,42.08362074369718,47.091742060208155,0.8090452261306533,0.00404522613065339,-0.0009547738693467256,0.6633165829145728,-0.0016834170854271857,0.0033165829145729298,0.542713567839196,-0.0022864321608039306,0.007713567839196078,0.4269340974212035,0.10361507023951533,0.1669145470790725,0.3563218390804598,0.42713567839195976,0.07876475107366399,0.15668492713987292,0.3787878787878788,0.4280936454849499,0.09086493096074288,0.16780443525135702,0.36241610738255037,23.0,6.0,6.0,33.0,5.0,4.0,43.0,6.0,6.0,-0.0012618413158827877,-0.0005573944829485972,-0.0005535023958395272,0.0020242268481265313,0.003581944644024837,0.003239731460293882,"[3.056640625, 9.4453125, 2.4296875, 1.0791015625, 6.80078125, 0.306640625, 2.34765625, 9.2578125, 6.5859375, 8.140625, 3.359375, 0.435546875, 8.1875, 1.015625, 3.970703125, 0.421630859375, 1.431640625, 9.96875, 11.1328125, 3.625, 3.59375, 6.7890625, 2.40234375, 0.9228515625, 5.15234375, 3.869140625, 1.935546875, 4.3984375, 9.1875, 3.181640625, 7.1484375, 1.5849609375, 5.8125, 5.87109375, 6.8125, 4.171875, 1.2275390625, 3.171875, 0.5615234375, 1.47265625, 7.15234375, 5.0078125, 5.06640625, 0.0274658203125, 4.2734375, 2.09765625, 0.90478515625, 6.46875, 5.3359375, 2.1640625, 1.400390625, 2.421875, 9.1875, 6.91015625, 5.33984375, 8.5546875, 0.1236572265625, 0.341796875, 7.23828125, 3.482421875, 5.546875, 7.1640625, 9.46875, 2.341796875, 6.57421875, 0.368408203125, 3.966796875, 1.12890625, 5.8046875, 4.66015625, 11.4453125, 3.533203125, 1.0126953125, 4.30859375, 4.703125, 0.369384765625, 0.53955078125, 6.375, 1.3037109375, 7.765625, 14.8828125, 7.6015625, 2.35546875, 1.8203125, 3.78515625, 3.203125, 2.654296875, 2.18359375, 0.66259765625, 3.0390625, 2.19140625, 2.236328125, 5.53125, 5.87109375, 6.1015625, 1.4248046875, 2.189453125, 1.7041015625, 0.09356689453125, 0.369384765625, 4.51171875, 0.56494140625, 0.044830322265625, 0.03729248046875, 1.603515625, 1.2060546875, 3.611328125, 4.125, 0.1092529296875, 7.76953125, 5.859375, 9.5390625, 2.240234375, 10.0234375, 3.5234375, 2.412109375, 2.328125, 8.53125, 0.23193359375, 3.904296875, 8.0859375, 2.80859375, 2.689453125, 2.046875, 6.3203125, 2.166015625, 0.1380615234375, 3.892578125, 12.8671875, 7.26171875, 4.4609375, 7.76953125, 1.7451171875, 7.34375, 3.23828125, 1.669921875, 7.16015625, 0.03131103515625, 1.5458984375, 2.8828125, 7.75, 0.68310546875, 1.7607421875, 6.640625, 1.294921875, 0.98876953125, 5.34375, 4.078125, 4.62109375, 0.66552734375, 0.970703125, 6.2421875, 4.9140625, 0.05950927734375, 7.38671875, 0.2113037109375, 10.265625, 1.6728515625, 7.3984375, 3.408203125, 3.728515625, 4.6328125, 3.3359375, 2.263671875, 5.61328125, 1.482421875, 2.92578125, 3.599609375, 3.123046875, 0.2568359375, 4.08203125, 0.455078125, 0.83056640625, 3.998046875, 6.3359375, 2.396484375, 5.921875, 1.982421875, 0.336669921875, 6.046875, 5.3828125, 5.85546875, 1.42578125, 2.6953125, 3.796875, 1.0625, 3.462890625, 0.017578125, 6.1796875, 2.412109375, 2.96875, 4.359375, 0.07208251953125, 0.21728515625, 0.0236968994140625, 0.041778564453125, 0.1005859375, 3.58203125, 0.032958984375, 4.203125, 0.07257080078125, 0.0760498046875, 0.0909423828125, 0.0125732421875, 0.00439453125, 0.0168304443359375, 0.0291748046875, 0.08892822265625, 1.19140625, 4.22265625, 4.51171875, 0.6796875, 1.765625, 2.05078125, 9.7421875, 3.40625, 3.990234375, 9.6171875, 0.0021419525146484375, 0.2122802734375, 0.0004673004150390625, 0.002742767333984375, 0.0118865966796875, 0.556640625, 7.80078125, 0.2406005859375, 3.056640625, 0.17578125, 8.03125, 2.6953125, 2.1015625, 8.1875, 0.378662109375, 3.205078125, 3.048828125, 3.802734375, 0.59033203125, 9.1953125, 6.796875, 5.96484375, 2.1875, 0.76318359375, 5.1171875, 4.3671875, 3.251953125, 2.44921875, 5.34765625, 2.83203125, 0.89794921875, 0.357177734375, 5.546875, 1.7578125, 0.052978515625, 6.12109375, 6.37109375, 2.40625, 7.140625, 0.15673828125, 5.88671875, 4.8046875, 0.81298828125, 7.05078125, 0.52880859375, 6.72265625, 3.06640625, 4.08984375, 6.7421875, 0.63232421875, 12.453125, 2.517578125, 0.37158203125, 3.021484375, 7.6171875, 4.1640625, 0.08843994140625, 5.015625, 6.11328125, 0.194580078125, 0.0029735565185546875, 2.171875, 0.005161285400390625, 0.03485107421875, 0.006267547607421875, 0.032379150390625, 3.857421875, 1.6943359375, 2.87890625, 0.1087646484375, 0.00021719932556152344, 0.007526397705078125, 0.0030765533447265625, 0.280517578125, 0.0004649162292480469, 3.34375, 1.00390625, 1.99609375, 0.0205535888671875, 0.63525390625, 2.685546875, 8.9453125, 6.484375, 6.31640625, 7.17578125, 2.46875, 1.6025390625, 4.1328125, 1.634765625, 0.3359375, 0.1573486328125, 6.12890625, 0.324462890625, 0.00019288063049316406, 7.828125, 0.263916015625, 0.3583984375, 0.0012683868408203125, 0.0111846923828125, 0.0003249645233154297, 0.62890625, 2.1640625, 5.33984375, 0.59033203125, 0.163818359375, 0.018218994140625, 0.00019812583923339844, 0.006916046142578125, 0.0010547637939453125, 0.0005230903625488281, 5.42578125, 0.8076171875, 5.2109375, 0.19921875, 5.3046875, 6.67578125, 0.48388671875, 2.068359375, 1.4716796875, 5.15625, 5.125, 6.84375, 0.424560546875, 0.333251953125, 2.53125, 0.285400390625, 0.15625, 0.004119873046875, 0.01529693603515625, 0.08880615234375, 1.3623046875]",-1.5928117784866291
404,0,test,3.315187864479014,1.4522512431617316,2.0209141702995344,5.816119060489499,2.5478091985293543,3.5454634566658503,27.527564950480777,21.0849363712458,23.879219753212357,48.2939735973347,36.99111644078211,41.89336798809185,3.6789773696631043,1.5978832397230809,2.240749559535795,6.45434626256685,2.8033039293387385,3.9311395781329743,39.60587119074109,31.592639554447544,35.392648624161865,69.48398454515981,55.42568342885534,62.09236600730152,3.315187864479014,1.4522512431617316,2.0209141702995344,5.816119060489499,2.5478091985293543,3.5454634566658503,27.527564950480777,21.0849363712458,23.879219753212357,48.2939735973347,36.99111644078211,41.89336798809185,0.7939698492462312,0.00896984924623112,0.01896984924623113,0.6331658291457287,0.0031658291457287158,0.00816582914572872,0.507537688442211,-0.032462311557789,0.002537688442211028,0.41137123745819393,0.08916756467021392,0.16220549774740411,0.3657718120805369,0.4321608040201005,0.09381493935844631,0.16171005276801365,0.4191919191919192,0.41137123745819393,0.08916756467021392,0.16220549774740411,0.3657718120805369,25.0,0.0,0.0,34.0,-1.0,0.0,44.0,1.0,-1.0,-0.00118473002718415,-0.0001235955494520468,-0.00016580910676498414,-0.0005070350734097673,-0.00010364583054389698,4.030577335889518e-05,"[3.0625, 9.453125, 2.48046875, 1.494140625, 0.81689453125, 1.9716796875, 7.14453125, 7.328125, 2.533203125, 3.80859375, 8.640625, 0.62158203125, 1.587890625, 4.8203125, 2.095703125, 9.1328125, 1.3994140625, 5.29296875, 7.578125, 2.552734375, 6.40234375, 4.6484375, 3.830078125, 0.061248779296875, 1.5068359375, 1.3623046875, 4.32421875, 4.640625, 10.296875, 6.19921875, 1.78515625, 2.412109375, 0.88818359375, 5.484375, 3.447265625, 0.9541015625, 3.5390625, 4.703125, 12.921875, 6.54296875, 0.79248046875, 2.994140625, 0.71142578125, 5.4609375, 2.96484375, 9.0546875, 5.32421875, 0.6259765625, 1.3154296875, 1.3603515625, 8.953125, 6.859375, 1.2822265625, 8.0, 6.5546875, 8.15625, 4.921875, 4.30859375, 0.35205078125, 0.0210723876953125, 0.09771728515625, 0.099609375, 0.8056640625, 0.3671875, 1.9453125, 1.486328125, 3.37109375, 2.291015625, 5.78125, 2.4765625, 0.08514404296875, 0.01593017578125, 4.046875, 2.287109375, 3.208984375, 0.6982421875, 1.935546875, 3.001953125, 6.6328125, 5.8125, 9.5, 3.353515625, 7.90625, 3.001953125, 1.9443359375, 7.70703125, 7.69921875, 1.3427734375, 3.513671875, 0.6943359375, 8.8984375, 0.44091796875, 4.7421875, 1.220703125, 2.458984375, 6.84765625, 0.916015625, 3.7890625, 1.89453125, 0.669921875, 7.0390625, 3.287109375, 4.36328125, 0.468017578125, 0.0181427001953125, 6.40625, 3.330078125, 1.8310546875, 5.28125, 2.1953125, 1.2666015625, 0.49951171875, 0.65673828125, 0.2218017578125, 6.50390625, 0.5234375, 3.9140625, 0.276123046875, 1.595703125, 7.859375, 3.322265625, 4.0703125, 3.236328125, 1.220703125, 1.517578125, 3.849609375, 2.859375, 9.6875, 2.81640625, 4.84375, 0.99658203125, 2.19921875, 5.75, 1.958984375, 9.65625, 0.88671875, 6.80859375, 1.9619140625, 7.43359375, 2.259765625, 0.73046875, 3.330078125, 8.1796875, 1.271484375, 1.51171875, 3.1171875, 2.392578125, 4.08984375, 1.4990234375, 2.03515625, 4.3828125, 1.5654296875, 5.421875, 4.23828125, 3.4296875, 0.77294921875, 5.08984375, 0.1904296875, 1.5283203125, 4.41796875, 0.47509765625, 7.54296875, 12.078125, 3.94921875, 1.0166015625, 5.07421875, 0.08734130859375, 7.66796875, 7.81640625, 6.41796875, 2.091796875, 4.59765625, 0.86962890625, 3.3671875, 7.73046875, 2.984375, 3.65234375, 10.375, 9.6328125, 0.13330078125, 1.044921875, 7.66015625, 1.345703125, 4.953125, 5.76953125, 6.78125, 0.9169921875, 6.26171875, 3.251953125, 9.234375, 0.003936767578125, 1.3583984375, 0.005588531494140625, 0.955078125, 0.0006775856018066406, 0.1387939453125, 8.078125, 3.353515625, 0.312744140625, 3.0859375, 3.59375, 0.00113677978515625, 0.001117706298828125, 6.359375, 8.5546875, 2.951171875, 0.505859375, 0.1834716796875, 1.0009765625, 0.59716796875, 0.3896484375, 0.0006909370422363281, 0.0189208984375, 0.0291748046875, 0.84619140625, 3.23828125, 6.1640625, 3.2734375, 6.8125, 2.0, 0.625, 3.20703125, 8.0078125, 8.40625, 4.51171875, 5.390625, 0.416748046875, 6.00390625, 9.84375, 9.9609375, 0.50537109375, 2.5078125, 0.00450897216796875, 0.2822265625, 0.0003409385681152344, 1.8369140625, 3.28515625, 0.01435089111328125, 4.51171875, 1.24609375, 8.625, 4.93359375, 2.50390625, 2.916015625, 0.304443359375, 0.0004954338073730469, 0.00252532958984375, 0.00021731853485107422, 4.4921875, 2.5546875, 0.158203125, 1.552734375, 0.68505859375, 1.3779296875, 2.591796875, 0.006805419921875, 0.64404296875, 4.58984375, 2.8203125, 0.8349609375, 1.1083984375, 6.390625, 2.58203125, 4.82421875, 0.48876953125, 6.53515625, 4.18359375, 1.4248046875, 1.244140625, 5.53515625, 0.76318359375, 1.244140625, 1.5615234375, 0.0178680419921875, 0.1820068359375, 2.16796875, 1.0341796875, 0.0601806640625, 9.632110595703125e-05, 0.0026187896728515625, 0.000553131103515625, 0.00030875205993652344, 1.517578125, 1.1083984375, 3.279296875, 7.17578125, 0.033203125, 0.34033203125, 10.5234375, 3.513671875, 3.3125, 3.21875, 5.7890625, 0.007656097412109375, 7.29296875, 5.00390625, 4.6640625, 3.150390625, 0.365966796875]",-1.3324576090012106
66,0,test,3.453214504735933,1.5988153726066132,2.176006293844419,5.769142795337277,2.6710747841751203,3.635363808279,31.60181339095035,25.213954552842004,28.015200721768014,52.795843928593705,42.123912097262995,46.80383833157651,3.6003015796143805,1.5874460584935584,2.2198596665907644,6.0148750940863005,2.6520805408365438,3.708627826220499,36.609273389585375,29.1246139250182,32.63261481311312,61.1616004532594,48.657289132216036,54.517961274602165,3.453214504735933,1.5988153726066132,2.176006293844419,5.769142795337277,2.6710747841751203,3.635363808279,31.60181339095035,25.213954552842004,28.015200721768014,52.795843928593705,42.123912097262995,46.80383833157651,0.7688442211055276,-0.006155778894472386,0.003844221105527623,0.6432160804020101,-0.001783919597989958,0.0032160804020100464,0.5226130653266332,-0.012386934673366712,-0.017386934673366827,0.42086330935251803,0.09949885692881966,0.17325565385012565,0.4115523465703971,0.42211055276381915,0.08125842243800463,0.1566681487571413,0.41414141414141414,0.42086330935251803,0.09949885692881966,0.17325565385012565,0.4115523465703971,23.0,7.0,7.0,37.0,9.0,7.0,45.0,8.0,7.0,-0.0007501750808175022,-7.155473403718585e-05,2.6069182656783352e-05,0.00023875416349117273,-0.00018498985658865763,-3.328992298534672e-05,"[3.0625, 9.453125, 2.48046875, 1.494140625, 10.8203125, 4.7890625, 2.41015625, 0.011138916015625, 1.31640625, 4.28125, 0.2841796875, 0.07879638671875, 0.505859375, 2.671875, 4.671875, 2.322265625, 3.09765625, 4.296875, 3.642578125, 3.060546875, 3.78515625, 6.140625, 1.431640625, 0.9765625, 3.232421875, 6.1875, 0.007511138916015625, 4.15234375, 4.88671875, 8.203125, 1.15234375, 0.467041015625, 9.4921875, 2.236328125, 11.21875, 5.1875, 7.078125, 0.56787109375, 2.470703125, 4.36328125, 3.00390625, 0.943359375, 7.0078125, 0.94677734375, 4.83984375, 0.034027099609375, 0.095947265625, 0.884765625, 7.328125, 6.78515625, 3.568359375, 10.4375, 4.87890625, 0.035858154296875, 0.0017337799072265625, 2.26953125, 4.16796875, 4.9921875, 5.41796875, 0.58935546875, 7.03125, 2.162109375, 6.3125, 3.01171875, 4.69140625, 1.9677734375, 7.07421875, 1.7509765625, 0.55615234375, 3.212890625, 0.9765625, 5.17578125, 0.07073974609375, 1.900390625, 6.0234375, 1.7587890625, 5.79296875, 0.294677734375, 0.7890625, 7.83984375, 1.416015625, 3.146484375, 1.6337890625, 1.095703125, 7.37890625, 4.6640625, 9.734375, 3.208984375, 3.119140625, 6.28515625, 3.029296875, 3.056640625, 5.7265625, 8.75, 2.056640625, 2.486328125, 5.609375, 2.505859375, 5.52734375, 6.04296875, 0.88134765625, 3.68359375, 4.23828125, 4.33203125, 0.8115234375, 4.7578125, 1.5234375, 3.291015625, 4.49609375, 0.056976318359375, 1.4306640625, 4.28125, 7.09765625, 8.4453125, 9.1875, 0.051544189453125, 7.16796875, 5.484375, 6.875, 0.121337890625, 6.703125, 3.158203125, 1.166015625, 6.13671875, 3.888671875, 4.6875, 6.41015625, 0.052947998046875, 6.01171875, 2.951171875, 9.9140625, 0.336181640625, 2.771484375, 1.1162109375, 2.615234375, 9.171875, 1.9072265625, 2.876953125, 4.5390625, 1.1181640625, 8.5625, 0.398681640625, 4.7578125, 0.420654296875, 1.1650390625, 1.14453125, 3.6484375, 8.6171875, 1.6328125, 1.9169921875, 3.28125, 3.279296875, 0.984375, 12.984375, 6.640625, 3.19140625, 10.359375, 6.5, 4.55859375, 2.5390625, 3.06640625, 1.8740234375, 8.3671875, 0.638671875, 3.814453125, 0.548828125, 6.390625, 2.65625, 2.333984375, 0.290771484375, 2.765625, 0.5458984375, 8.5078125, 7.27734375, 4.50390625, 1.1416015625, 10.484375, 0.76806640625, 2.69921875, 1.8828125, 3.275390625, 0.030181884765625, 4.75, 0.12347412109375, 0.01239013671875, 0.01505279541015625, 2.212890625, 0.12152099609375, 6.07421875, 5.46484375, 0.322021484375, 0.2442626953125, 2.8515625, 0.6953125, 8.46875, 0.467529296875, 0.48388671875, 2.33984375, 0.344482421875, 1.8798828125, 7.83203125, 0.05767822265625, 0.01560211181640625, 0.0321044921875, 0.75732421875, 4.30078125, 1.240234375, 5.57421875, 4.25, 0.69873046875, 5.8359375, 4.8359375, 5.96875, 5.5078125, 0.7490234375, 5.40234375, 4.7109375, 12.203125, 5.80078125, 2.921875, 7.01171875, 8.6328125, 1.6376953125, 0.1513671875, 0.05584716796875, 0.1407470703125, 8.34375, 0.08697509765625, 7.625, 2.466796875, 2.84765625, 6.57421875, 11.546875, 2.93359375, 2.525390625, 2.873046875, 5.546875, 0.0147247314453125, 5.078125, 1.3564453125, 1.5205078125, 4.2734375, 5.6875, 0.060211181640625, 1.5498046875, 4.3984375, 3.853515625, 2.72265625, 0.003612518310546875, 0.1435546875, 0.0017576217651367188, 0.002429962158203125, 0.002445220947265625, 0.64306640625, 9.5234375, 4.921875, 6.24609375, 0.7294921875, 8.71875, 0.489013671875, 0.01409912109375, 1.3056640625, 0.2315673828125, 1.6142578125, 0.505859375, 0.0020809173583984375, 0.454833984375, 0.3251953125, 3.333984375, 5.36328125, 4.83203125, 3.994140625, 0.2401123046875, 0.346923828125, 0.93017578125, 0.1656494140625, 0.52880859375, 0.0179290771484375]",-0.9802452540226119
30,0,test,3.3011086028985703,1.4969584614913323,2.056629538925027,5.664197274918859,2.5685516770944177,3.528861613237478,27.142712737633495,21.06790621005534,23.671586644000293,46.57274207440938,36.14930355167965,40.616820798995036,3.7576545878271363,1.6886887614101647,2.3375588760299095,6.447560331025797,2.8975315359715395,4.0108933719857465,42.847812254117024,34.93118054258811,38.710295823682785,73.52028987864888,59.93656114957741,66.42094474664697,3.2815251131121532,1.5016462157716048,2.0636125594320642,5.630595002826317,2.5765951461873438,3.5408434079872575,26.61633468222755,20.687196341537412,23.23621014658751,45.66955787005164,35.496063667993155,39.86978134441791,0.7386934673366834,-0.0013065326633165952,-0.011306532663316604,0.6281407035175879,-0.006859296482412125,0.008140703517587888,0.5326633165829145,-0.0023366834170853723,-0.007336683417085488,0.43769968051118213,0.14742854813478656,0.2092193404474202,0.33653846153846156,0.4321608040201005,0.10885253334340872,0.17339619634063475,0.3535353535353535,0.4347826086956522,0.1442984684619294,0.20897615708274897,0.32885906040268453,26.0,15.0,15.0,38.0,14.0,16.0,48.0,19.0,19.0,-0.003191578789996892,-0.0005316050705940551,-0.00036388396994423665,0.008899307981502957,0.008691405467205371,0.008465770542456674,"[3.0625, 9.453125, 2.48046875, 1.494140625, 0.81689453125, 7.97265625, 4.55078125, 5.3515625, 1.994140625, 4.60546875, 9.7734375, 11.046875, 6.2890625, 12.3125, 3.7734375, 3.556640625, 5.9921875, 1.9931640625, 4.2109375, 11.3828125, 5.078125, 3.306640625, 6.88671875, 6.94921875, 10.0078125, 2.015625, 2.39453125, 8.15625, 0.68359375, 7.84375, 9.765625, 3.19140625, 8.765625, 3.14453125, 2.068359375, 7.171875, 10.921875, 0.57275390625, 6.31640625, 1.76953125, 2.67578125, 6.6015625, 0.5234375, 1.6298828125, 5.33203125, 3.56640625, 7.66015625, 2.123046875, 3.037109375, 4.99609375, 0.79443359375, 10.40625, 6.546875, 0.458740234375, 6.171875, 3.373046875, 0.27978515625, 2.228515625, 4.1953125, 8.296875, 4.23046875, 4.53125, 5.91015625, 7.6171875, 6.11328125, 10.6640625, 13.34375, 5.20703125, 1.6591796875, 1.259765625, 0.482177734375, 4.984375, 0.41552734375, 3.69921875, 2.125, 7.140625, 8.328125, 0.465087890625, 5.90625, 2.705078125, 0.638671875, 0.001613616943359375, 4.64453125, 7.37109375, 7.00390625, 6.09765625, 4.83984375, 7.85546875, 3.080078125, 3.75, 2.810546875, 7.828125, 6.37890625, 1.4521484375, 6.16015625, 4.92578125, 2.6171875, 0.90966796875, 4.8828125, 8.28125, 5.03125, 8.4375, 3.974609375, 1.1728515625, 2.203125, 3.69140625, 5.6484375, 0.25048828125, 0.054718017578125, 0.00154876708984375, 0.025970458984375, 2.576171875, 1.9638671875, 0.96142578125, 7.62890625, 0.267333984375, 0.481689453125, 0.27734375, 0.353271484375, 7.60546875, 8.3125, 0.9228515625, 2.599609375, 0.8642578125, 9.734375, 7.67578125, 6.73046875, 7.359375, 0.259521484375, 3.81640625, 4.91796875, 3.81640625, 7.65234375, 0.736328125, 2.986328125, 7.3671875, 0.86474609375, 4.48828125, 5.6953125, 6.828125, 0.98583984375, 0.0148773193359375, 0.41259765625, 3.69140625, 0.1370849609375, 6.08984375, 0.37353515625, 6.11328125, 1.76953125, 4.85546875, 0.9306640625, 3.564453125, 4.2890625, 3.0, 4.109375, 3.5546875, 3.935546875, 1.3115234375, 1.7001953125, 1.8798828125, 1.3505859375, 2.3984375, 1.07421875, 1.7763671875, 1.3134765625, 1.4150390625, 0.8203125, 0.00894927978515625, 0.06768798828125, 0.0005865097045898438, 0.003143310546875, 0.0024394989013671875, 1.5224609375, 0.00244903564453125, 0.0129241943359375, 5.20703125, 7.79296875, 3.18359375, 3.416015625, 1.5224609375, 0.00087738037109375, 0.0142059326171875, 7.6875, 3.484375, 0.388427734375, 0.51806640625, 0.67822265625, 0.0002872943878173828, 0.0034427642822265625, 3.861328125, 4.66796875, 1.2490234375, 0.0233917236328125, 4.33984375, 1.5009765625, 3.12890625, 2.12109375, 0.011749267578125, 0.35205078125, 2.50390625, 0.83984375, 0.01486968994140625, 0.12939453125, 5.6640625, 5.58203125, 7.09765625, 5.265625, 3.61328125, 1.1044921875, 0.00016236305236816406, 0.025726318359375, 4.53515625, 0.288818359375, 0.01226043701171875, 0.298095703125, 0.1922607421875, 0.00015652179718017578, 0.004734039306640625, 0.1790771484375, 2.94140625, 7.06640625, 0.88134765625, 0.364013671875, 0.0028629302978515625, 0.006435394287109375, 0.02984619140625, 1.1318359375, 0.40283203125, 0.004299163818359375, 3.080078125, 0.01324462890625, 0.00971221923828125, 0.004199981689453125, 0.033111572265625, 7.6640625, 3.99609375, 0.0224609375, 6.2109375, 0.330078125, 0.0003094673156738281, 0.01256561279296875, 0.0015783309936523438, 1.4453125, 0.0341796875, 5.12109375, 3.998046875, 3.078125, 7.3046875, 0.31787109375, 0.0019006729125976562, 0.028564453125, 0.001102447509765625, 0.74658203125, 0.0006489753723144531, 3.8046875, 6.69921875, 0.318603515625, 2.20703125, 1.0546875, 3.41015625, 0.136474609375, 0.3017578125, 0.72412109375, 3.46875, 9.421875, 1.3408203125, 0.43408203125, 0.0019464492797851562, 0.0528564453125, 0.002105712890625, 0.89208984375, 0.355224609375, 0.0012359619140625, 0.0012607574462890625, 0.00057220458984375, 4.25, 0.0033893585205078125, 8.40625, 6.58984375, 1.4716796875, 5.015625, 1.0869140625, 3.935546875, 6.09375, 0.0105133056640625, 10.34375, 0.486572265625, 1.703125, 4.4765625, 2.9765625, 8.125, 0.58251953125, 0.44091796875, 0.006622314453125, 0.042724609375, 10.9453125, 14.6484375, 6.03515625, 1.015625, 8.7265625, 2.685546875, 0.477783203125, 8.265625, 0.74951171875, 0.54248046875, 4.1328125, 0.05511474609375, 5.78515625, 7.01171875, 1.208984375, 2.90234375, 5.49609375, 4.03125]",-1.4190356689520156
